// Sample: .//bubblelabels.tif, Map: .//bubblelabels.tif, Thickness:(8.191250068658265):/afs/psi.ch/project/tipl/test/LabelValidation/Step4900//distmap.tif, Neighbors:(1.0):
//LACUNA_NUMBER, TRIANGLES, SCALE_X, SCALE_Y, SCALE_Z, POS_X, POS_Y, POS_Z , STD_X, STD_Y, STD_Z,PROJ_X, PROJ_Y, PROJ_Z, PCA1_X, PCA1_Y, PCA1_Z, PCA1_S, PCA2_X, PCA2_Y, PCA2_Z, PCA2_S, PCA3_X, PCA3_Y, PCA3_Z, PCA3_S,PROJ_PCA1, PROJ_PCA2, PROJ_PCA3,OBJ_RADIUS, OBJ_RADIUS_STD, VOLUME, VOLUME_BOX, Mask_Grad_X,Mask_Grad_Y,Mask_Grad_Z,Mask_Angle, Mask_Distance_Mean,Mask_Distance_COV, Mask_Distance_STD, SHAPET_XX, SHAPET_XY, SHAPET_XZ, SHAPET_YX, SHAPET_YY, SHAPET_YZ, SHAPET_ZX, SHAPET_ZY, SHAPET_ZZ, Thickness, Thickness_STD, Neighbors, Neighbors_STD
1, 0 ,1.0,1.0,1.0,90.21112672900243,277.6533948542443,16.32759885106643,18.622871429276135,14.432049726053728,10.460124822946774,92.0,67.0,46.0,-0.9937308907526377,0.11177498793243754,-0.0022953946660541668,18.670879058352707,0.1076540341289981,0.9622287694859919,0.2500528026422148,14.609337851964495,0.030158343782807753,0.2482380858091227,-0.968229480574776,10.123000226898546,95.92178620253283,76.92641703573815,49.83088766551614,24.266195855169208,8.69835326926107,98178.0,367698.1001378828, 0.0, 0.0,0.0,NaN, 94.3610546332426,94.3610546332426,1.9073486328125E-6, 346.81134027134937, -15.844471964582326, 3.548305435179846, -15.844471964582326, 208.28405929528748, 26.634142692893768, 3.548305435179846, 26.634142692893768, 109.41421131162728, 8.007267597715108, 6.445825528008404, 27.0, 0.0
2, 0 ,1.0,1.0,1.0,11.671764961374988,277.5312567865231,14.43207272050383,8.713763643279117,16.998928502010823,9.157263506303066,31.0,66.0,37.0,-0.20474289967579418,-0.9787743238313189,-0.009009330768278494,17.284546655536936,-0.31130695183025703,0.05638819921980043,0.9486349944688431,9.276254948337344,0.92799155533577,-0.19703094680098557,0.31624433469740715,7.996515679800334,70.79792005574521,45.373213749042606,43.51884689929152,19.250226946224387,8.841803237470364,32233.0,139796.8608901113, 0.0, 0.0,0.0,NaN, 29.143768492023398,29.143768492023398,0.0, 75.92967683093295, 46.6674742283193, -6.094737400089037, 46.6674742283193, 288.9635702164759, 3.2530073754876154, -6.094737400089037, 3.2530073754876154, 83.85547492386992, 7.430275627259778, 5.84296852867575, 6.0, 0.0
3, 0 ,1.0,1.0,1.0,28.67400715226802,167.25599227489587,17.595905040139446,15.719349894436867,17.313520777107545,10.638673149647616,64.0,83.0,46.0,0.407670883310646,-0.9129273629149387,-0.019185435671195482,17.685675996270113,0.9107718238539865,0.4080374626044032,-0.06324645432784012,15.317786311589105,0.06556779525346977,0.008310183664408975,0.9978135121720204,10.612238984095141,91.02409043246662,76.30629153557672,47.3677572805443,24.542956890720024,7.5947742723769425,122199.0,329002.7424295017, 0.0, 0.0,0.0,NaN, 136.94081256978296,136.94081256978296,0.0, 247.09796110373233, -29.151337504703378, -8.593986258652317, -29.151337504703378, 299.7580016993346, 0.3570151845297406, -8.593986258652317, 0.3570151845297406, 113.18136638503312, 8.284668450384103, 5.862629036717274, 23.0, 0.0
4, 0 ,1.0,1.0,1.0,68.0730223567599,248.59937269776432,204.92543856449907,17.088313114993813,14.29231029103572,14.031365881948034,90.0,78.0,73.0,-0.9909639208317206,-0.03215143886304441,-0.13021824983027372,17.13344964104158,0.10834837462927037,-0.7641625205085729,-0.6358586886763286,15.022560891843314,-0.07906413425200431,-0.6442219549417891,0.7607410436186286,13.188152817326701,88.86523848622441,84.13520733632896,64.19885581241161,25.158182299484842,7.760519987111183,137095.0,479995.28127305367, 0.0, 0.0,0.0,NaN, 127.73070536092766,127.73070536092766,NaN, 292.0104451160696, -0.4732289294089392, 11.87167609709216, -0.4732289294089392, 204.27013345524557, 25.64611975430825, 11.87167609709216, 25.64611975430825, 196.87922851309534, 6.6448643785118815, 5.151502304446588, 38.0, 0.0
5, 0 ,1.0,1.0,1.0,129.30071523073403,185.71076427228505,19.210968197598657,14.712021483789997,17.181172149044464,11.080017908166305,70.0,96.0,44.0,0.3158062885995613,0.9363387179000833,-0.15341510174099007,17.629193966572284,0.9480207057652429,-0.304736375455257,0.09161049565832281,14.357640602986528,-0.03902729200625633,0.17437186365816093,0.9839061559127668,10.838483556491175,96.95110213209449,67.92371387288199,50.54744215275193,23.6496111199238,8.665964647761365,100527.0,332869.00531296624, 0.0, 0.0,0.0,NaN, 173.63687874842063,173.63687874842063,NaN, 216.4435761394984, 31.547600107919543, -1.6652498195848984, 31.547600107919543, 295.1926764151012, -30.24489827296755, -1.6652498195848984, -30.24489827296755, 122.76679684528602, 7.1305039785487745, 5.3176555941974755, 27.0, 0.0
6, 0 ,1.0,1.0,1.0,137.39055060875887,205.6681446483736,190.6553661639106,13.927774996110584,15.977302213958469,15.308440155783588,76.0,84.0,78.0,-0.2821573543684761,0.8526023834852353,0.4398367913795732,16.37400266712545,-0.06935383876275382,-0.4753930360252766,0.8770356357341133,15.104285657631236,-0.9568580210379449,-0.216957684754346,-0.19326688956306423,13.68787908374767,81.36987769481212,88.07324984531837,74.49003829888727,25.056880394633637,7.467140501596351,137575.0,533833.5721969759, 0.0, 2.8421709430404007E-14,0.0,31.50414270350743, 199.32614299034273,199.32614299034273,0.0, 193.98291634228315, -18.08127502785484, -12.501884964469745, -18.08127502785484, 255.27418603616218, 13.278435342273864, -12.501884964469745, 13.278435342273864, 234.34834000320745, 6.598431903022042, 5.062695927782575, 38.0, 0.0
7, 0 ,1.0,1.0,1.0,206.20675963232983,50.58751179133182,100.67501992643672,15.147808139481166,16.81979730108835,12.946941184621643,92.0,85.0,74.0,-0.17700507632469847,0.9842004648659776,-0.004318322924624201,16.87340362810599,0.9696242538822635,0.17362766775718003,-0.1722853425932286,15.150790508480847,-0.16881353393182497,-0.03468253085915273,-0.9850376199996893,12.873490423712958,83.51914586806785,90.5998219998815,70.66352540800412,24.985167838890412,7.46500815677894,136753.0,534698.1596074369, 0.0, 0.0,0.0,NaN, 146.60057273112585,146.60057273112585,0.0, 229.45609143053187, -9.983919152778457, -10.570263090535624, -9.983919152778457, 282.90558124969897, -2.4147682388657583, -10.570263090535624, -2.4147682388657583, 167.62328603805207, 6.186958565786846, 4.862781835954217, 42.0, 0.0
8, 0 ,1.0,1.0,1.0,285.657804664491,77.0767014248189,30.437857199713445,8.601388342463535,13.059903651264584,13.811309113250202,38.0,62.0,58.0,0.14377861479432863,0.24272499581008347,-0.9593811996994825,13.921389639827808,-0.10869849684501957,-0.9597145727469654,-0.2590995477432221,13.086493287250697,0.9836220548114285,-0.14153626837706296,0.11160258967621978,8.380681843308878,65.98233802138782,63.21446156835705,43.89024860839169,19.92374202922558,6.192069748706151,62815.0,183067.8935041349, 0.0, 0.0,0.0,NaN, 84.10100843915443,84.10100843915443,0.0, 73.98388141786761, 14.850811066249825, -14.199844933410157, 14.850811066249825, 170.56108338031402, -3.655139632065908, -14.199844933410157, -3.655139632065908, 190.75225942174805, 6.926326233780062, 5.20642350459193, 17.0, 0.0
9, 0 ,1.0,1.0,1.0,144.89479932935976,59.069053482756686,171.91373127862855,16.001412413102347,13.417486953847384,14.851838462204558,81.0,68.0,75.0,0.8870381009661938,0.11111627748414174,0.4481256300551836,16.357904042851334,-0.4594697530711468,0.3076598230062233,0.8332064445985271,14.623102519565935,0.045287453527744735,0.9449860349157793,-0.32396055372085936,13.23763986159925,77.27486956810236,86.01974063277267,76.58500359365814,24.470987215858738,7.604080862223858,124657.0,509073.0970303206, 0.0, 7.105427357601002E-15,0.0,83.62033193577514, 202.21213659671267,202.21213659671267,0.0, 256.04519921418586, 3.6455038014140624, 21.930550807320834, 3.6455038014140624, 180.02895615666475, 14.493166056887869, 21.930550807320834, 14.493166056887869, 220.57710570741864, 6.339902239238166, 4.942968266682754, 32.0, 0.0
10, 0 ,1.0,1.0,1.0,136.91879810308637,99.08089092746637,283.8101013242116,12.895981242824877,17.333987651755773,8.872372750566745,63.0,92.0,36.0,0.12290342941422105,0.9898379980117917,0.07152261691404171,17.428776617835222,0.9923077398889011,-0.1214927815481415,-0.023766644447134156,12.81473986122374,0.01483564608652025,-0.07389344844913365,0.9971557861645747,8.804126660054107,89.01602112587084,64.58342445863167,40.02251446089048,21.989921220993953,7.869931578233325,77178.0,230087.8137629087, 0.0, 0.0,0.0,NaN, 169.78189844652613,169.78189844652613,0.0, 166.3063322152911, 17.071289012962687, -0.05601460262207761, 17.071289012962687, 300.4671279112216, 16.267881228237407, -0.05601460262207761, 16.267881228237407, 78.7189982249993, 6.53764418760472, 5.166054061536375, 21.0, 0.0
11, 0 ,1.0,1.0,1.0,54.39617330983113,12.352163529880025,165.7563162184189,14.589348933994076,7.6482215227439765,26.050761928049862,67.0,30.0,119.0,0.05852638086255432,-0.01759913874806609,0.9981307194242932,26.085360979542788,0.998212836303592,0.013125169367122396,-0.05829977159321813,14.534933836994645,0.012074608973721774,-0.9997589710747333,-0.01833585486747325,7.633887131197638,119.60306615307799,68.35820556678064,31.82187579085151,28.45725725150501,11.839387717815208,105522.0,260170.91444992443, 0.0, 0.0,2.8421709430404007E-14,3.5038261657318066, 145.37154553031078,145.37154553031078,0.0, 212.84910231783408, 1.3635621352264566, 27.4420518990259, 1.3635621352264566, 58.49529246096419, -11.046250705944681, 27.4420518990259, -11.046250705944681, 678.6421970319321, 7.025037536039282, 4.9548373491124185, 22.0, 0.0
12, 0 ,1.0,1.0,1.0,160.4124036136512,111.77637579452282,153.23887274245251,14.707869884350757,15.41914129182998,14.566428384914389,68.0,81.0,82.0,-0.42854605761035547,-0.8061364749019008,0.40803463129905787,16.078176833735718,-0.8016049737155748,0.13086540955662332,-0.5833555611254853,14.457676319514963,0.41686657652188225,-0.577077315802929,-0.7022848631179601,14.096808707949048,75.37626656909237,75.50572651330506,83.52022185983796,24.686353915387546,7.538973469212052,126963.0,475341.9601999511, 2.8421709430404007E-14, -1.4210854715202004E-14,0.0,82.31837076500733, 231.3384614035951,231.3384614035951,0.0, 216.32143653499196, 19.573718039104428, -5.636038663191699, 19.573718039104428, 237.7499181774163, -20.452729733042624, -5.636038663191699, -20.452729733042624, 212.18083589283958, 6.013555864696331, 4.499420287665938, 39.0, 0.0
13, 0 ,1.0,1.0,1.0,257.6171270551257,75.12134308510639,284.9518254352031,15.084458664362685,12.736763770254148,8.435033416496717,77.0,61.0,39.0,-0.9925493022746732,0.12183737005361282,0.0012400856736767846,15.117495519224043,0.12168709625288719,0.9907065901123008,0.060767614019294675,12.710732581632842,0.006175205227328475,0.06046575532048211,-0.998151170551798,8.415131593623464,78.6218491074622,61.283848593120496,39.96687760547013,20.434890072944267,6.58263632446942,66176.0,192570.3879117384, 0.0, 0.0,0.0,NaN, 87.5555347405532,87.5555347405532,0.0, 227.5408931968665, -8.13325873810231, 0.4769161184076134, -8.13325873810231, 162.22515133925864, 5.487137961728123, 0.4769161184076134, 5.487137961728123, 71.14978873741627, 6.171568273318971, 4.948103866402007, 23.0, 0.0
14, 0 ,1.0,1.0,1.0,130.24590672585805,17.775120530812927,162.3880734163922,14.379328301924492,10.485083232657159,13.02026846163275,69.0,41.0,64.0,-0.9961457463341467,-0.05170774025950273,0.07085168775436167,14.394108375901986,0.07371941119486149,-0.05583718503047086,0.9957146464630096,13.021159817450402,-0.04752999551303062,0.997100054340149,0.05943383852152351,10.463674531180075,70.29823889374333,63.1359820840737,43.70952115531566,21.156987088412293,6.213802456153747,83796.0,193998.08115743863, 0.0, 0.0,0.0,NaN, 190.3076285038992,190.3076285038992,0.0, 206.7650824145267, 4.785238750561701, -2.4868924628643105, 4.785238750561701, 109.9369703957483, -3.6972665108298726, -2.4868924628643105, -3.6972665108298726, 169.52739081298844, 6.9483533717506605, 5.001895049200484, 22.0, 0.0
15, 0 ,1.0,1.0,1.0,25.20402478140516,196.2628059229316,139.67900171360782,13.118377688547946,15.652235416589523,12.959444754831821,57.0,84.0,76.0,0.059585381723966595,-0.9923813604947668,0.1078369956339912,15.687374534142588,-0.8197793483337148,-0.1102871359271333,-0.5619595783457562,13.275223851110717,0.5695712442972868,-0.054917966017927755,-0.8201052460983869,12.755635107579145,82.2304961686562,67.07020619115491,64.48788349305744,23.238981939770888,6.706805012248814,113795.0,355664.62833652075, 0.0, 0.0,0.0,NaN, 175.80350343458772,175.80350343458772,0.0, 172.09183317939258, -3.707979833144701, 6.766699918407517, -3.707979833144701, 244.9924735363394, -8.085489039475622, 6.766699918407517, -8.085489039475622, 167.94720835353803, 6.1193663868670924, 4.73874270127952, 29.0, 0.0
16, 0 ,1.0,1.0,1.0,284.64587113639857,144.0871751499308,130.90755036137168,9.622500866928021,12.598246111095184,14.227359158333929,45.0,58.0,73.0,-0.04689675078548572,-0.17166234705213407,0.984038989761237,14.279571947711908,-0.11455633384154848,-0.9776989725331076,-0.17601581032534622,12.583815265419943,-0.9923091963408116,0.1209824686153215,-0.026185895921182603,9.563864019625482,76.79696077949244,61.88374214456658,50.45478045493195,20.26265877600828,6.56892197830333,65030.0,239785.50244380746, 0.0, 0.0,0.0,NaN, 195.278391168767,195.278391168767,0.0, 92.59252293403053, 8.396394841269396, -3.840197181731164, 8.396394841269396, 158.71580507572492, -7.483160126074427, -3.840197181731164, -7.483160126074427, 202.41774862022834, 6.348768674099554, 4.895765597393659, 22.0, 0.0
17, 0 ,1.0,1.0,1.0,25.28192636508141,135.2587017227306,86.5897151694806,12.745314507887215,17.41321980061787,14.68217617076224,57.0,87.0,76.0,-0.07961203069701064,0.9844095587955544,0.1568430588844814,17.49649589666883,-0.2016984040118563,-0.16999597906179487,0.9645823556969572,14.693422945087544,-0.9762067805477322,-0.04515736545420332,-0.21208756200651488,12.617666833987784,87.53289132935562,78.36567551066182,63.335267646930646,24.746778117244272,8.296175965751154,116385.0,434452.96526789916, 0.0, 0.0,0.0,NaN, 162.57881462718254,162.57881462718254,0.0, 162.44304190496035, -9.57056769279748, -12.864086730601029, -9.57056769279748, 303.2202238246303, 13.38847158965579, -12.864086730601029, 13.38847158965579, 215.56629710929855, 5.653685666503901, 4.39660143730596, 27.0, 0.0
18, 0 ,1.0,1.0,1.0,283.6257132793237,160.47477280732653,61.22083832335329,9.456448491929576,12.95810823163434,14.216707810912936,40.0,63.0,72.0,-0.0019264214196111303,-0.5042653303404269,0.8635466203495753,14.82614254273971,0.00847100999124066,-0.8635254677886773,-0.5042340810279224,12.256332807444688,-0.9999622647331458,-0.006343744714693232,-0.0059351506090778595,9.456192226242983,75.01863452373222,64.06421940407228,40.248563030963,20.468437188659482,6.363556164447575,70975.0,193435.00693833493, 0.0, 0.0,-7.105427357601002E-15,30.282839636216774, 153.24293567336872,153.24293567336872,0.0, 89.42441808051714, -0.318064957708657, -0.4766104958101573, -0.318064957708657, 167.91256894274963, -30.308680366054983, -0.4766104958101573, -30.308680366054983, 202.1147809808729, 6.340927126521835, 4.889097670184314, 20.0, 0.0
19, 0 ,1.0,1.0,1.0,117.88204180201744,108.4244315267567,90.18492477346555,14.026368895764342,13.691769086968208,11.51344004704287,65.0,77.0,60.0,-0.8114739545238419,-0.5842298042982467,0.013621927142276918,14.375905749040502,0.5842980876549596,-0.8107176262432533,0.036505825031919785,13.32707024737141,-0.010284254576499252,0.03758279218121502,0.9992405955722921,11.510230204652995,67.14940269918225,74.69550971882119,59.94021882983839,21.82862169228009,6.346191130360899,93584.0,300645.68378177367, 0.0, 0.0,0.0,NaN, 183.80792634625035,183.80792634625035,NaN, 196.7390244000654, 13.792457039919887, 0.14254984371557267, 13.792457039919887, 187.46454073085823, -1.925887031993681, 0.14254984371557267, -1.925887031993681, 132.55930171685054, 5.948379559182541, 4.597733272380691, 31.0, 0.0
20, 0 ,1.0,1.0,1.0,229.85867858660114,51.74309647389128,25.391630802194353,15.19902428199236,12.158565710373745,13.839824304109268,80.0,60.0,61.0,0.8715113907141606,-0.29482595769674125,0.39184888735795775,15.759559532826632,0.4441489492437156,0.1358917227409826,-0.8855874607153104,13.591054552450942,-0.2078451508724063,-0.9458388310693782,-0.24937782359331656,11.717564401797798,80.80392629959033,70.24821737864102,61.92307673637204,22.937794545821337,6.651268856420933,108278.0,351495.92837802833, 0.0, 0.0,0.0,NaN, 90.78484409370921,90.78484409370921,0.0, 231.01033912459337, -25.675022975641685, 19.277847157641844, -25.675022975641685, 147.8307201334762, -18.5368958234849, 19.277847157641844, -18.5368958234849, 191.54073676861356, 6.573407938924602, 4.660578999316076, 26.0, 0.0
21, 0 ,1.0,1.0,1.0,287.1412105965705,209.2561607967964,281.34636512989016,7.863209893892613,12.108564392240945,10.788422876472376,38.0,56.0,43.0,0.0895560677748695,0.9532649761885253,-0.288557786061981,12.233063778720895,0.2134824485441976,-0.3013608105079336,-0.9293045281572533,10.805016809585274,-0.9728334671917269,0.02162283659214017,-0.23049403039869065,7.644686518646462,59.0742605688836,52.127857735435384,39.73404879782237,17.16378088146548,5.499281361330652,38956.0,122357.61200205894, 0.0, 2.8421709430404007E-14,0.0,17.58591391506653, 93.52941201635987,93.52941201635987,0.0, 61.830069835410676, 4.0351642739713505, -13.924539341296029, 4.0351642739713505, 146.61733164104533, -8.759122539048514, -13.924539341296029, -8.759122539048514, 116.39006816159251, 6.860734580924488, 5.17851242565818, 11.0, 0.0
22, 0 ,1.0,1.0,1.0,193.3414250393347,61.76132678290467,281.963378608355,12.078616046387882,13.695820700902523,10.861307929144154,61.0,71.0,49.0,0.17852460154380456,0.9818055727464579,-0.06470536274240206,13.750313739793825,-0.9353721268079697,0.18975079087437838,0.29845204263546676,12.150742231790762,0.30529977241124895,0.0072425607728105815,0.9522287510252412,10.710967065248235,70.62545534649149,63.98058224891811,53.96420913607858,20.13210093220403,6.7922744537107445,62286.0,243845.79208702396, 0.0, 0.0,0.0,NaN, 124.56256584484017,124.56256584484017,0.0, 145.89296559605881, 7.18902521649727, -10.047686630788176, 7.18902521649727, 187.5755046712701, -2.8590118743894335, -10.047686630788176, -2.8590118743894335, 117.96800993168965, 5.535136972049625, 4.455470044656811, 27.0, 0.0
23, 0 ,1.0,1.0,1.0,127.77304012404039,135.85570850508643,14.20738947925727,13.925699238517346,10.627338462664696,8.763494628755662,68.0,53.0,34.0,0.9613786314219522,0.2509594643598727,0.11300652323410246,14.195909054374303,0.2490177577337355,-0.9679957951278675,0.031213730120422802,10.343423264875883,0.11722322030432578,-0.0018675821197046555,-0.9931038358391883,8.669141911023399,69.29195828347832,52.67372085092734,39.258213533758365,18.656344554681233,5.96699824425223,52886.0,143287.1900542339, 0.0, 0.0,-1.7763568394002505E-15,83.51134232051442, 187.04163502218955,187.04163502218955,0.0, 193.92509928164262, 22.815737041684375, 13.976502210783124, 22.815737041684375, 112.94032280003242, 2.6220472169612297, 13.976502210783124, 2.6220472169612297, 76.79883810822933, 7.657669044435711, 4.886522654895016, 17.0, 0.0
24, 0 ,1.0,1.0,1.0,72.17507899308592,216.27446453764267,129.8592115848753,12.74752386618014,12.723981998414494,12.799188227338114,59.0,64.0,65.0,0.5034552483480981,0.6149336492254415,0.6069509205537432,13.490934255652899,-0.8148290838314516,0.10426815541682972,0.5702470656727394,12.516533749278375,-0.2873784561395517,0.7816551405935065,-0.5535601720956759,12.22903829851169,72.41443364465238,63.338931541090176,72.27431958272858,21.217415768236375,6.167622719608095,85767.0,331497.2142721535, 0.0, 0.0,0.0,NaN, 170.5362781039919,170.5362781039919,NaN, 162.49936471883225, 9.443651293653225, 6.611984549319808, 9.443651293653225, 161.8997178959761, 12.536676802173714, 6.611984549319808, 12.536676802173714, 163.81921927883056, 5.941832878954915, 4.4710633681353755, 27.0, 0.0
25, 0 ,1.0,1.0,1.0,270.8448625675416,10.213847895265147,174.33558294000812,12.891077998738965,6.224662441174447,14.128026609509735,60.0,25.0,67.0,0.4839005099136746,0.015537396080334331,0.8749850774889412,14.63527877859088,0.8728609991306496,0.06327292286107054,-0.48384937059921973,12.332391105855981,0.06288062262676637,-0.9978753061157792,-0.017055812569631363,6.184512514360893,67.79053914590185,59.708072904590935,27.062425381983147,19.051316618503783,6.447851227864019,46823.0,109539.02187255089, 0.0, 0.0,0.0,NaN, 129.40591347601054,129.40591347601054,0.0, 166.1798919695718, 7.610029069286552, 26.417074396690126, 7.610029069286552, 38.74642250656782, -1.0932061589027056, 26.417074396690126, -1.0932061589027056, 199.60113587901515, 6.204627451894019, 4.559245084505987, 15.0, 0.0
26, 0 ,1.0,1.0,1.0,121.79164740877685,230.52842464535854,239.48990886573992,13.374684615440856,12.964060028144347,11.69686441431402,62.0,64.0,55.0,0.7458797666589008,0.6405169377850056,0.1827605704176436,14.187372174011296,-0.6462444955246839,0.629430722817013,0.4314916188967055,12.331433082063395,0.16134257247518569,-0.43994888064929955,0.8834101859965832,11.420153547188775,70.16287041463488,59.77284278033443,56.374487159895324,21.123710348397754,6.128175847645068,84381.0,236425.25351639817, 1.4210854715202004E-14, 0.0,0.0,41.765280030133006, 152.7120698893048,152.7120698893048,0.0, 178.8821885625103, 25.049859964803133, 3.624169988132242, 25.049859964803133, 168.06685241333003, 14.173622658957832, 3.624169988132242, 14.173622658957832, 136.81663712684565, 5.938136420331765, 4.403403268541465, 24.0, 0.0
27, 0 ,1.0,1.0,1.0,84.5566766084363,165.11013208351088,13.414265019173413,13.113199438800054,12.686680377232715,8.43630786132917,52.0,55.0,34.0,-0.8816020925584349,0.4638239635220961,-0.0874361553320014,13.3569454062168,-0.451928670276688,-0.8829526822804732,-0.1271024698251853,12.5202245408986,-0.1361551592064478,-0.07253889795393142,0.9880282794055518,8.301514061167188,60.442255289815044,61.814050732574856,38.52015733698252,19.224579850524865,5.873217041598921,58675.0,143918.2658948057, 0.0, 0.0,0.0,NaN, 159.76561122968917,159.76561122968917,0.0, 171.95599952174607, -9.721231261077385, 13.485826360098134, -9.721231261077385, 160.95185899406164, 5.417503526989376, 13.485826360098134, 5.417503526989376, 71.17129033112437, 6.941479566087609, 4.804719397140336, 9.0, 0.0
28, 0 ,1.0,1.0,1.0,271.8302792748653,218.27683597365126,196.0761500353857,15.344711140315356,12.31534110926815,12.520995229530854,69.0,70.0,60.0,-0.9294789250854876,0.20700842768278538,0.30531367262248055,15.801793589237585,0.0670239227760985,-0.7191348016725297,0.6916306317675032,12.21805225833341,-0.3627350570287215,-0.6633194161877919,-0.6545461255791355,12.038505992482891,81.43389612073118,73.01287729086616,59.16489308171617,22.231645821101665,7.046774598380952,91845.0,351778.06942120765, 0.0, 0.0,0.0,NaN, 135.1753501777497,135.1753501777497,0.0, 235.46015997971818, -20.368911544914972, -29.53031709127727, -20.368911544914972, 151.6676266376301, 4.455635137462992, -29.53031709127727, 4.455635137462992, 156.77532153793442, 5.443450671511306, 4.2669360834536825, 32.0, 0.0
29, 0 ,1.0,1.0,1.0,25.278735632183906,271.40604190524664,233.11190991220258,13.530906138294272,13.213418932730683,12.869323619468451,55.0,63.0,65.0,-0.7823606545271572,-0.2974666425957304,-0.5471977730132528,14.659192696046832,-0.034338242084075564,0.8978377433557534,-0.438985502877286,13.252923653072942,-0.6218783573806174,0.3246551757614105,0.7126474061363823,11.522475228169109,74.14975032342767,68.7348090754459,58.04599481306968,21.94335515894452,6.46440373169423,94308.0,295841.2183602026, 0.0, 0.0,0.0,NaN, 77.01068439041208,77.01068439041208,0.0, 183.08542092332962, 17.79075345078663, 35.80425016051537, 17.79075345078663, 174.59443989184564, -3.5300331495519472, 35.80425016051537, -3.5300331495519472, 165.61949042260858, 6.615135634999234, 4.712816385944006, 20.0, 0.0
30, 0 ,1.0,1.0,1.0,87.02099514406791,216.66628025297217,276.50707781083764,12.19751482066419,12.937571936486888,11.42872386173481,61.0,65.0,50.0,0.09460450364297912,0.962858251101418,0.2528912338860003,13.056513998649088,0.9843905890067595,-0.05260842927821852,-0.16795094951742187,12.20936945375544,0.14840874693019437,-0.26483266689514884,0.9528055952710457,11.2798317480655,65.60831445130896,62.99102139113164,55.55556322744053,20.34056631857102,5.747801871996409,77637.0,229596.40609689298, 0.0, 0.0,0.0,NaN, 122.75618043799712,122.75618043799712,1.3486991523486091E-6, 148.7793678003226, 2.8078488760211835, -2.5753640252929078, 2.8078488760211835, 167.3807676117731, 10.721291124090142, -2.5753640252929078, 10.721291124090142, 130.61572910778662, 5.821636063974933, 4.307866805067149, 19.0, 0.0
31, 0 ,1.0,1.0,1.0,259.88459310185004,255.93959290873278,221.12960745690265,12.206082297466436,12.043764564236616,12.298213180220968,57.0,56.0,58.0,-0.16151622268778262,0.6276510736923703,-0.7615554080311461,13.10325454588557,0.9412866392678849,0.32980257206434827,0.07217843303585222,12.285423795925855,-0.2964658033305717,0.7051839427784466,0.6440680354613195,11.075190283587636,67.53049265216974,61.47939661567153,56.559047149093374,20.31366200329304,5.713308443748258,77673.0,234818.11574295032, 0.0, 2.8421709430404007E-14,0.0,51.12296515475088, 98.84889561120345,98.84889561120345,0.0, 148.9884450525235, 3.805653326559854, 7.952336091610612, 3.805653326559854, 145.0522648787616, -22.765502578916834, 7.952336091610612, -22.765502578916834, 151.24604742616074, 6.034668106892453, 4.359095631225488, 20.0, 0.0
32, 0 ,1.0,1.0,1.0,120.65740113267825,274.56522580957454,232.88659906094196,13.717563328780836,12.24971978235418,11.694198374235945,72.0,50.0,55.0,-0.9984850652983946,0.05495575850232375,-0.0027274499986558115,13.721844871043787,0.051936311901044654,0.9576764336363482,0.28312270831510933,12.296226606565138,0.018171237772323157,0.2825521422056456,-0.9590798157884578,11.640242206084196,72.1852024025158,56.63780282016819,60.622111412041036,20.917443124476897,6.118989064832211,82636.0,247848.12291454952, 0.0, 0.0,0.0,NaN, 140.38997390061982,140.38997390061982,0.0, 188.17154367911277, -2.1159408987019654, 0.37466123740655494, -2.1159408987019654, 150.05563474619933, 4.249512694969755, 0.37466123740655494, 4.249512694969755, 136.75427561598264, 5.83946653017167, 4.384267361100469, 17.0, 0.0
33, 0 ,1.0,1.0,1.0,189.78663806091578,220.73975194957032,25.502910795858593,13.382749776275663,12.54913696056378,12.237125374049693,67.0,58.0,54.0,-0.8254753484566758,-0.5279180009149967,-0.19973240448220492,13.847858392626385,0.48951519375796443,-0.493411533459312,-0.7189714415256231,12.516267339796167,0.28100769414810023,-0.6912652479036128,0.66572294002109,11.743335866189122,67.76507462897729,63.653220609716385,62.721895673228104,21.16637801225094,6.189548391612671,82967.0,270548.7170864952, 0.0, 0.0,0.0,NaN, 138.12881860782255,138.12881860782255,0.0, 179.0979915744063, 18.941110188524263, 2.280298515172095, 18.941110188524263, 157.48083845498795, 12.330732097149161, 2.280298515172095, 12.330732097149161, 149.74723742021087, 5.772679688514421, 4.4032914830130965, 22.0, 0.0
34, 0 ,1.0,1.0,1.0,9.051211037816607,78.43939775416688,30.876202225691124,6.274243150762177,12.743916706478286,12.428876449451677,25.0,64.0,58.0,-0.027092812319541505,-0.9053570589085539,0.423786001898447,12.846599848691062,-0.08385366621825323,-0.4203891042623457,-0.903460881100704,12.359032371227265,0.9961097038892733,-0.06001330604086899,-0.06452798552309744,6.202394788051158,68.87220718634573,63.103239199521795,26.618351386707012,17.88362482817755,6.035434776152475,39718.0,115684.9353058669, 0.0, 0.0,0.0,NaN, 84.78209365879842,84.78209365879842,9.5367431640625E-7, 39.36612711488609, 7.132843168538808, 7.204209795884566, 7.132843168538808, 162.40741302165637, -5.157723985164453, 7.204209795884566, -5.157723985164453, 154.47696979573453, 6.012926715836915, 4.538350286181289, 15.0, 0.0
35, 0 ,1.0,1.0,1.0,55.71035015105338,237.7804202877334,59.676985320539266,12.298791746609924,11.655877879328377,12.64750450129376,59.0,56.0,60.0,-0.6447988671324564,0.16226811244806041,0.7469293678971554,13.327364475909304,-0.4602760959015136,0.6977330951056905,-0.5489211633157295,11.951480170597266,0.6102297407422563,0.6977374776209004,0.37520937599807086,11.252671484258036,69.60883005674239,77.81944794940088,57.7425194342934,20.299850959658666,5.915673139230741,75139.0,312786.65037703887, 0.0, -2.8421709430404007E-14,0.0,80.66142983149028, 102.64629457740757,102.64629457740757,0.0, 151.26027842648037, -10.543258931550382, -20.46379498640913, -10.543258931550382, 135.8594891378166, -0.02959074776646212, -20.46379498640913, -0.02959074776646212, 159.9593701102459, 5.674627490029219, 4.268771442987342, 23.0, 0.0
36, 0 ,1.0,1.0,1.0,11.241484494153534,110.22206144981946,162.68232242253595,6.937573952176737,12.866804348481226,22.289105430543664,29.0,65.0,94.0,0.01558816889747672,0.06755090589661342,0.9975940477483668,22.32557909272189,-0.03251497827076166,-0.9971533547095202,0.06802913625500695,12.812485477807488,-0.9993496811319227,0.0334971984514718,0.013347378672498859,6.920804970052207,96.4343104478253,65.76437678397544,30.01800888357869,24.856933091797682,9.624016035307251,76713.0,190372.48111684248, 0.0, -1.4210854715202004E-14,-2.8421709430404007E-14,41.88669077828187, 176.44097704090296,176.44097704090296,NaN, 48.12993234192115, 4.243913178236881, 6.748934041460334, 4.243913178236881, 165.5546541420954, 22.474047912767233, 6.748934041460334, 22.474047912767233, 496.804220893891, 6.516146587183803, 4.526861975535879, 24.0, 0.0
37, 0 ,1.0,1.0,1.0,87.718415201132,18.73001819284415,217.7375513779395,13.695826093754805,10.569806831125542,12.610643833262365,74.0,43.0,62.0,-0.8596367792070605,-0.028680239797288197,0.5101000408544201,14.233639102889175,-0.49552284224748855,0.2899588557096201,-0.8187679615168986,12.13935557065881,0.12442556266893684,0.9566092754310602,0.2634710107654745,10.409820889184429,79.49591186303066,65.19195990647049,50.66750591207834,20.471870180034053,6.263173162142916,74205.0,262584.06052898034, 0.0, 0.0,0.0,NaN, 121.70638602883417,121.70638602883417,0.0, 187.575652390375, -3.280254293652695, -25.498010429997233, -3.280254293652695, 111.72081644730815, -10.637448900941466, -25.498010429997233, -10.637448900941466, 159.0283378893981, 6.232083534469068, 4.579939956746528, 22.0, 0.0
38, 0 ,1.0,1.0,1.0,127.74101158420828,60.04633683313316,242.79250125915308,12.529102887663687,15.254621669536913,13.887269726462305,62.0,82.0,70.0,0.1972220778918358,0.865971495788841,0.4595615524315157,15.939662994334844,-0.24676370583640797,-0.4098258623091263,0.8781517158580654,13.305604775496366,-0.948794564420512,0.28659401784374194,-0.13286362731113235,12.305534815326178,82.93107268479426,73.35589604065969,69.50111961580349,23.033658996172566,7.210320045182903,103244.0,422808.8898390991, 0.0, 0.0,0.0,NaN, 152.30241797101883,152.30241797101883,0.0, 156.97841916966254, 20.121130531373957, 3.7532320635434964, 20.121130531373957, 232.70348228070517, 31.63218854341343, 3.7532320635434964, 31.63218854341343, 192.85626045551643, 5.809828517468884, 4.3897706919885415, 28.0, 0.0
39, 0 ,1.0,1.0,1.0,200.88126547941974,184.25576424106617,86.86845441679444,12.258647498709934,11.877686129666477,11.35299962931492,61.0,53.0,58.0,-0.7918731740432959,-0.35485057559164335,0.49700899914677144,12.97898035890303,-0.2896540581524682,0.9347286611983306,0.20587097058639248,11.710902970826965,-0.5376219887861752,0.01906302538046177,-0.8429704610702216,10.707253958266287,66.67429685830106,56.21717509269581,59.836036753053406,19.691839492187636,5.698765154807107,67832.0,224279.8635374279, 0.0, 0.0,0.0,NaN, 175.40632832695522,175.40632832695522,0.0, 150.2744384976273, 9.028230410389508, -22.519068701012724, 9.028230410389508, 141.07942779487144, -5.160157678926947, -22.519068701012724, -5.160157678926947, 128.8906005832247, 5.702246849490272, 4.264506268724033, 25.0, 0.0
40, 0 ,1.0,1.0,1.0,71.15358136464376,259.40265006837365,136.84610427374608,11.373975620980488,10.734076025894456,11.95102876948665,55.0,53.0,60.0,0.3467895035757381,-0.2041192554831635,0.9154629264752845,12.087295080386458,0.9181420594125935,-0.12561726244178767,-0.37581306804611325,11.298901302111783,-0.19170863034118898,-0.9708530439348843,-0.14384772551234634,10.660531187996225,63.538749415343744,55.54970419758078,49.29738822794798,18.954694431774247,5.304182991141336,63621.0,173998.02723789276, 0.0, 0.0,0.0,NaN, 159.4924236990174,159.4924236990174,0.0, 129.3673214266585, -3.9142153348435094, 5.466838231735326, -3.9142153348435094, 115.22038812968212, -5.403021850970074, 5.466838231735326, -5.403021850970074, 142.8270886490976, 6.197650845540496, 4.441472998201246, 25.0, 0.0
41, 0 ,1.0,1.0,1.0,190.78692067369806,243.60421413638392,86.56510300439267,11.668452500637452,13.213877143094287,13.063633906953088,58.0,66.0,65.0,0.2987601268387005,0.5489902960306599,-0.7806100444367162,13.77910322982643,-0.4420629242110726,0.8045307144527345,0.3966241300527843,13.109449201990493,-0.8457675553302331,-0.2265832835103713,-0.48304995392234534,10.940590457993299,69.04132056026825,68.49317925114676,60.87325571379529,21.0924296856282,6.043779754768022,85142.0,287861.07630951365, 0.0, 0.0,0.0,NaN, 150.33794736283008,150.33794736283008,0.0, 136.1527837596324, -7.0427092050659335, -25.509606319963197, -7.0427092050659335, 174.60654915278963, -13.425526285005832, -25.509606319963197, -13.425526285005832, 170.6585308548944, 6.099745602996723, 4.467839910964182, 26.0, 0.0
42, 0 ,1.0,1.0,1.0,69.32428138443488,44.329475459522875,168.37435226828313,12.255206445958205,11.31653329772678,14.432560073582376,57.0,53.0,81.0,-0.27338887128388767,-0.20357035254355854,0.9401157570338952,14.80013997308014,0.8966092480192714,-0.40787809588767154,0.17241611079410007,12.185835026523392,0.34835381643443797,0.8900531278863859,0.2940323929692497,10.909357573788183,86.62787148769297,63.308313960230095,55.70648560749473,21.092827770804174,6.453326105223404,81824.0,305509.1006486603, 0.0, 0.0,0.0,NaN, 155.2297314459404,155.2297314459404,0.0, 150.19008503305554, -5.2141706814991196, -21.152058846874322, -5.2141706814991196, 128.06392587855896, -21.216931008025828, -21.152058846874322, -21.216931008025828, 208.29879027756414, 5.588358311029205, 4.169965294914623, 23.0, 0.0
43, 0 ,1.0,1.0,1.0,107.72684133853207,165.243647971207,170.5104438921976,12.774110179569632,15.684602947000117,13.936940923530033,62.0,85.0,67.0,-0.29766304068406,0.9231762329470028,-0.24319201699994414,16.258501566597822,-0.4738341372361024,0.07828145130753913,0.8771278269276971,14.194111590841157,0.8287809871132653,0.3763212155897761,0.4141309190299547,11.730784532437731,86.24406109707213,66.32578085094259,63.83512037933829,23.281826845043813,7.834508379488972,93356.0,365149.9553648744, 0.0, 0.0,0.0,NaN, 215.71252142117515,215.71252142117515,NaN, 163.17789087978448, -37.192935998610686, -17.367958891823314, -37.192935998610686, 246.00676960504475, -24.0665790819221, -17.367958891823314, -24.0665790819221, 194.23832230596616, 5.272658107162768, 4.152677903330119, 30.0, 0.0
44, 0 ,1.0,1.0,1.0,217.80583865130012,190.68492237355937,232.87600009524718,13.849561665571896,12.230886226464364,12.514493712252198,78.0,60.0,61.0,-0.819658228178977,-0.2903786903274755,0.4938021923626904,14.564424929464332,-0.5318716287471188,0.7059350796966174,-0.4677266656794514,12.369274493238855,-0.21277443340868432,-0.6460153863937225,-0.7330696836114436,11.528055519995677,80.58915904555313,63.297820359352414,66.9603322047999,21.315382143364122,6.608477371493752,83992.0,341572.56340727373, 0.0, 0.0,0.0,NaN, 152.35254418454622,152.35254418454622,0.0, 191.81035832847857, 11.308811720973534, -27.06580615352261, 11.308811720973534, 149.59457788471568, -17.997910913889253, -27.06580615352261, -17.997910913889253, 156.61255287399982, 5.679841537153804, 4.251160836769609, 33.0, 0.0
45, 0 ,1.0,1.0,1.0,233.0658637806168,160.2333631703149,15.963349336805273,13.463491167684516,11.641289275943562,9.527100902288472,69.0,52.0,36.0,0.9890488587137043,-0.0044867640102412565,-0.1475202495450545,13.540199432814944,0.020508225424675144,-0.9856628556904797,0.16747581199092462,11.701756628449193,0.14615665488457735,0.16866713924414917,0.9747767069294101,9.342523918034496,68.16863922586441,54.01611438945844,43.47515553749636,19.28272464128312,5.977239533373197,61445.0,160084.43571320773, 0.0, 0.0,1.7763568394002505E-15,81.5167513760806, 155.78741888921874,155.78741888921874,0.0, 181.26559442231897, -1.4298546789855124, -13.844245663049088, -1.4298546789855124, 135.51961600619856, -8.132109466033809, -13.844245663049088, -8.132109466033809, 90.76565160238583, 6.028115473440892, 4.384934843260666, 18.0, 0.0
46, 0 ,1.0,1.0,1.0,23.239392667067623,60.26039739908991,103.26668406658875,11.195018359771584,12.926534961707443,14.623334055922586,49.0,64.0,75.0,0.10122682475044688,0.15519335757868558,0.9826841566415918,14.692660114724918,-0.07290287014019083,-0.9839451324156723,0.16290226493461596,12.89287486928005,-0.99218864208187,0.08813057448445209,0.08828760028891741,11.142942046929594,72.30457152991123,62.5652347605009,53.38163336152387,21.577192877317653,6.37890183637815,88123.0,241485.29694762925, 0.0, 0.0,0.0,NaN, 121.80062768450355,121.80062768450355,NaN, 125.32843607562286, 4.457867486000238, 8.623152104799436, 4.457867486000238, 167.09530611624484, 7.244356192185663, 8.623152104799436, 7.244356192185663, 213.84189891110532, 5.4170901879837166, 4.080626286816597, 25.0, 0.0
47, 0 ,1.0,1.0,1.0,111.73643111282864,212.5769358900897,151.14441053795824,11.714295089604919,12.423740467115639,12.007009501165616,64.0,56.0,56.0,-0.354952576644797,0.7156152527108811,0.6015841407656625,13.098258404762886,-0.6711553556626515,-0.6430134606318921,0.36889589047797444,11.752452962453907,0.6508142261033932,-0.2728158711177551,0.7085282941193677,11.227546033262877,63.92388496484057,61.49378609545954,53.48400054068341,20.087007547533947,5.679299392265882,75043.0,210241.4187784482, 1.4210854715202004E-14, 0.0,0.0,69.20946205851449, 205.63513486340148,205.63513486340148,0.0, 137.2247094463419, -6.353447823646652, -12.703672613964349, -6.353447823646652, 154.3493271942467, 16.729458387312643, -12.703672613964349, 16.729458387312643, 144.16827716108136, 6.420639040209427, 4.3920943791917875, 17.0, 0.0
48, 0 ,1.0,1.0,1.0,180.4194514249051,10.00395658450516,143.46369566379724,12.347302712484774,6.130108793825395,11.677900833387842,60.0,25.0,56.0,-0.9313235315735857,0.0043669135511292395,-0.36416673324638194,12.463610681999743,0.3639204837096215,0.0498280593075769,-0.9300962563316741,11.564135859851033,0.014084071636417865,-0.9987482638641619,-0.04799525345763566,6.11037286544439,58.06441229389344,56.06345845996688,26.382994051599937,17.194733844096703,5.545143280654072,37406.0,85884.34331551401, 0.0, 0.0,0.0,NaN, 187.03320218180497,187.03320218180497,0.0, 152.4558842737339, 1.268003025961452, 7.395140219083139, 1.268003025961452, 37.57823382413543, -4.654965164899853, 7.395140219083139, -4.654965164899853, 136.37336787444045, 5.73107738434051, 4.260800415884922, 16.0, 0.0
49, 0 ,1.0,1.0,1.0,284.4056913996627,283.9995784148398,251.75552276559864,10.31062467063507,10.228510553975548,13.99774174227911,45.0,53.0,69.0,0.3005003449108023,-0.3035615410306721,0.9041846788768167,14.650086489432383,0.6625119628209091,-0.6155391480971983,-0.4268365685821223,10.59441522783808,-0.6861322334854083,-0.7272977024347448,-0.016143426075860993,8.944356598847346,72.33087644944214,63.93535323226054,49.92847961670452,19.049693295427414,6.631543446678029,47440.0,230894.26074747057, 0.0, 0.0,0.0,NaN, 53.16695905584675,53.16695905584675,0.0, 106.30898109870856, -25.427990855227993, 27.461260726249787, -25.427990855227993, 104.62242815278918, -28.480288565444546, 27.461260726249787, -28.480288565444546, 195.93677388354303, 6.267242606817218, 4.577519921660953, 10.0, 0.0
