// Sample: .//bubblelabels.tif, Map: .//bubblelabels.tif, Thickness:(8.191250068658265):/afs/psi.ch/project/tipl/test/LabelValidation/Step3500//distmap.tif, Neighbors:(1.0):
//LACUNA_NUMBER, TRIANGLES, SCALE_X, SCALE_Y, SCALE_Z, POS_X, POS_Y, POS_Z , STD_X, STD_Y, STD_Z,PROJ_X, PROJ_Y, PROJ_Z, PCA1_X, PCA1_Y, PCA1_Z, PCA1_S, PCA2_X, PCA2_Y, PCA2_Z, PCA2_S, PCA3_X, PCA3_Y, PCA3_Z, PCA3_S,PROJ_PCA1, PROJ_PCA2, PROJ_PCA3,OBJ_RADIUS, OBJ_RADIUS_STD, VOLUME, VOLUME_BOX, Mask_Grad_X,Mask_Grad_Y,Mask_Grad_Z,Mask_Angle, Mask_Distance_Mean,Mask_Distance_COV, Mask_Distance_STD, SHAPET_XX, SHAPET_XY, SHAPET_XZ, SHAPET_YX, SHAPET_YY, SHAPET_YZ, SHAPET_ZX, SHAPET_ZY, SHAPET_ZZ, Thickness, Thickness_STD, Neighbors, Neighbors_STD
1, 0 ,1.0,1.0,1.0,163.09173790188404,165.87308983705952,212.0307050589339,23.39538161747789,29.81130719238425,32.262584961975236,110.0,154.0,146.0,0.25120203631229066,0.16984521274892195,0.9529166493764459,33.12577687301634,0.3386120496317221,-0.9376983292169285,0.07786991221251813,30.454696386099233,-0.9067741818097618,-0.3031079792583078,0.2930633653549733,21.263270693015308,148.91557865951825,152.3544944002884,97.91183122756226,47.702186022926846,14.192735980331125,898549.0,2221419.4847306455, 0.0, 0.0,0.0,NaN, 210.88503292792544,210.88503292792544,0.0, 547.3438810274224, -123.40762347780513, 166.97639299724068, -123.40762347780513, 888.7140365187007, 69.71278856401035, 166.97639299724068, 69.71278856401035, 1040.8743884286705, 4.727031739402294, 3.4153949349526407, 13.0, 0.0
2, 0 ,1.0,1.0,1.0,180.9585723919697,178.27633345437567,82.82292057892826,33.74450192663587,22.83539975374764,30.54705687042715,152.0,111.0,145.0,-0.9823869965225451,-0.13574795196981723,0.12840670776643254,34.0104670230177,-0.10628805023930779,-0.15923292486609045,-0.9815027896113778,30.633317576434262,0.15368356919248127,-0.977863676170963,0.14199996966784745,22.319443603567933,153.35937500989303,144.04336142676195,100.13198342677161,48.824481612734786,14.472027186388733,963850.0,2211955.554948513, 0.0, 0.0,0.0,NaN, 189.3334324874815,189.3334324874815,0.0, 1138.6914102767319, 95.27375213449334, -37.14639080903025, 95.27375213449334, 521.4554819134578, 57.32521350970149, -37.14639080903025, 57.32521350970149, 933.1226834451104, 4.641075877924675, 3.357846977374821, 9.0, 0.0
3, 0 ,1.0,1.0,1.0,56.09128688232889,214.05379545910128,203.71316359050846,36.01683813283849,30.94905692726843,25.721449293223277,142.0,151.0,124.0,-0.9549453678764943,0.24613348797746237,0.16582415525874153,36.51471839119187,0.2803951474760515,0.9313409275870104,0.23234164042041686,30.97322566516633,0.09725176421592632,-0.2683698617531698,0.9583943403732488,24.979678545267223,151.97684170491155,143.1862637443578,106.09418674566658,51.67293243453767,15.702157849582811,1132419.0,2308715.1881845943, 0.0, 0.0,0.0,NaN, 140.72717365473488,140.72717365473488,0.0, 1297.2126290870885, -79.15008235077623, -90.4785554517961, -79.15008235077623, 957.8441246873019, 101.51916100597936, -90.4785554517961, 101.51916100597936, 661.5929537438562, 5.013035456159086, 3.6457759373179988, 5.0, 0.0
4, 0 ,1.0,1.0,1.0,254.65313790008975,96.48878579392489,186.57199575775704,26.058885098447917,34.1833368936373,25.35380578735904,111.0,144.0,122.0,-0.2743923404196541,0.953792681154926,0.12242697780441703,34.99006117586797,0.6950545574549503,0.10873473360241441,0.7106869352039031,25.873284711176638,-0.6645359325725951,-0.28010048033466595,0.6927739279419813,24.42642501113388,159.45554560612527,133.81117993491932,122.12164081851807,47.83540530603418,14.218139149299349,919325.0,2605701.476178229, 0.0, 0.0,0.0,NaN, 155.66738846872354,155.66738846872354,0.0, 679.0654925741109, -158.7652957058918, 14.864390107129555, -158.7652957058918, 1168.5005211839052, 78.91505832025251, 14.864390107129555, 78.91505832025251, 642.8154679031207, 4.756073683753147, 3.517667308689975, 7.0, 0.0
5, 0 ,1.0,1.0,1.0,51.572762241048295,101.95466012378664,55.65758629485923,31.749470767147624,34.15371602848845,33.97381001107623,129.0,150.0,129.0,0.30360899537526426,-0.6816835913969196,-0.66567939666736,34.861328469143295,0.11708597301293569,0.7200563111500746,-0.6839662153180962,33.59467855561207,0.9455751968251054,0.1297165756298866,0.29843115982755364,31.38168780242534,176.92370532603314,168.75608356506106,149.17211250816118,55.4643879796649,15.887940246017733,1489660.0,4453824.543321436, 0.0, 0.0,0.0,NaN, 127.09157894328895,127.09157894328895,0.0, 1008.0288939939614, -35.58299146481574, -58.101154918628545, -35.58299146481574, 1166.4763185546287, 33.781003743095425, -58.101154918628545, 33.781003743095425, 1154.2197666687036, 5.150282365749819, 3.8878265392997564, 7.0, 0.0
6, 0 ,1.0,1.0,1.0,86.80967346104715,20.513929167853643,79.90966248883905,54.16109958452402,13.610026051476346,36.675058296412615,219.0,59.0,169.0,0.994404840623612,-0.02505718683336605,0.10262139315136448,54.336573227545614,-0.10175602671842537,0.03366559499091319,0.9942395781401918,36.45628334111816,0.028367657125822933,0.9991189944655772,-0.03092751084853354,13.497912179723896,231.1285351639923,180.03218137497524,64.54522367891497,61.976821988304266,24.95177257443336,993419.0,2685763.829705151, 0.0, 0.0,0.0,NaN, 119.75932053663932,119.75932053663932,0.0, 2933.4247082047273, -72.95556895581636, 166.6698991315977, -72.95556895581636, 185.23280912186482, 31.264068379331334, 166.6698991315977, 31.264068379331334, 1345.0599010452636, 4.548296408836179, 3.2613298055806412, 8.0, 0.0
7, 0 ,1.0,1.0,1.0,245.37343394676347,270.5359224093774,86.0449531204763,34.309479345067054,20.221465284741665,36.1507680244202,129.0,96.0,166.0,-0.6544999676207998,0.024329054631784926,0.7556704900186958,40.91980645545415,-0.7185332276695219,0.2909672831024968,-0.63170249397859,29.178012611746507,0.2352441138885121,0.9564236181027084,0.17295684321857172,19.160873665466607,204.56757927619972,144.70067067867967,105.43961184401007,50.594767966321214,18.25090448126805,808242.0,3121124.9008138296, 2.8421709430404007E-14, 0.0,0.0,49.11825428040097, 106.09395621118013,106.09395621118013,0.0, 1177.140372929583, -122.05163525430322, -426.78259231218743, -122.05163525430322, 408.9076582620124, -64.96722599035802, -426.78259231218743, -64.96722599035802, 1306.8780287554423, 4.963359831146237, 3.6590869478793486, 4.0, 0.0
8, 0 ,1.0,1.0,1.0,175.4486055883497,97.83145790389582,113.5372586907639,34.36669437959084,27.02309599176564,28.621611142778153,162.0,129.0,127.0,0.9677555925186069,0.06945286129724507,0.24212685354290167,34.781354383823526,0.17470828243235317,0.5073756177836717,-0.8438287732284169,28.768813357148932,0.181455584644004,-0.8589215811331461,-0.4788816015104772,26.327301214085573,161.59284007720078,130.38923915382676,137.05012339276658,50.21453455940006,14.457335264513356,1046427.0,2887641.64169609, 0.0, 0.0,0.0,NaN, 194.87111924680283,194.87111924680283,0.0, 1181.0696825802006, 46.647530331117245, 101.22208146485065, 46.647530331117245, 730.2477169801803, -48.90459563494192, 101.22208146485065, -48.90459563494192, 819.1966244084025, 4.564511639922551, 3.17741620320738, 9.0, 0.0
9, 0 ,1.0,1.0,1.0,193.23411963860292,232.2206280079921,210.97223674505227,19.553606433940086,25.032420939734386,22.613015405648284,96.0,127.0,98.0,-0.4200792967778347,0.9020293715415987,0.0993800648767552,26.849340152662162,-0.5039490420038576,-0.140803524904112,-0.8521794003834938,25.18593821904185,-0.7546977855287731,-0.408065411730577,0.5137254833732903,12.848950844594762,136.91370419223423,119.78359307354745,63.86627199465964,37.02338290766929,12.230421353742157,353849.0,1047407.8461150045, 0.0, 0.0,0.0,NaN, 154.65748965748202,154.65748965748202,0.0, 382.34352457342317, -177.3067226021342, 178.31280854631785, -177.3067226021342, 626.6220981040526, 106.12678698961669, 178.31280854631785, 106.12678698961669, 511.34846573608667, 4.994974158915534, 3.49012695270485, 5.0, 0.0
10, 0 ,1.0,1.0,1.0,233.0914354213426,17.298674277000398,224.59603437536916,41.31291803141412,11.429127487503871,43.01489458130094,172.0,53.0,173.0,0.5489184014031645,0.08284636429697895,0.8317602229752074,44.32740291708225,-0.8328537794434361,-0.03033242470805244,0.552661312268296,40.077130832791276,-0.07101528474757411,0.9961006093433046,-0.05234888153646067,10.796677362706125,193.39588120513145,192.70905157400273,55.657504704586245,57.134827673456606,20.573642700308135,744952.0,2074307.1593064584, -2.8421709430404007E-14, 0.0,0.0,56.707157611955324, 102.28273645947606,102.28273645947606,0.0, 1706.7571962703419, 121.68657551308485, 158.25267684162523, 121.68657551308485, 130.62495512561654, 102.39557118250154, 158.25267684162523, 102.39557118250154, 1850.2811558404335, 4.863006467763299, 3.5531953803993095, 5.0, 0.0
11, 0 ,1.0,1.0,1.0,193.95504521805057,94.12719873031213,20.793677387642205,48.726379513288805,49.97491577115864,14.286422825078931,221.0,201.0,62.0,0.6769687888284323,0.7358328512316747,-0.01622572033621874,56.30932554200425,0.7354897466605145,-0.6771543965502982,-0.022732263192511946,41.26219478096218,0.027714463902761024,-0.0034551817412940885,0.9996099090193721,14.231840457471286,264.3838014028886,241.011801315346,64.52907322996877,66.64817708520253,25.17686706417462,1200295.0,4111767.7809044546, 0.0, 0.0,0.0,NaN, 143.3102892147759,143.3102892147759,0.0, 2374.260060473051, 731.4924960249704, -57.68297290402738, 731.4924960249704, 2497.492206334401, -12.34828062171022, -57.68297290402738, -12.34828062171022, 204.10187713693628, 4.788628950870806, 3.467861689984846, 4.0, 0.0
12, 0 ,1.0,1.0,1.0,89.93819061621464,37.65649340734785,260.01190083421153,46.2371294424956,22.816650064547837,24.509635413772315,227.0,108.0,104.0,0.9852111464183351,0.14166013086353096,0.09639193066225347,46.762522974506005,-0.1031024906367668,0.04080326514665589,0.9938334719548677,24.210544129142615,-0.13685347418887403,0.9890740623821345,-0.054805343948708535,22.05243490854926,237.3215767769897,117.71475226333476,110.37818906618125,53.366072783286214,20.27945174444734,936573.0,3083552.7524086717, 1.4210854715202004E-14, 0.0,0.0,9.866010387896575, 105.38471284749569,105.38471284749569,0.0, 2137.8721390820933, 236.8998462980032, 151.25278854653286, 236.8998462980032, 520.5995201680307, 27.267803710424722, 151.25278854653286, 27.267803710424722, 600.7222281160421, 4.916750661670656, 3.8001472080514493, 3.0, 0.0
13, 0 ,1.0,1.0,1.0,147.20088904086168,229.1073687809882,73.25380406907163,5.11102508584193,7.037155286270694,7.711820209610674,21.0,31.0,33.0,0.00168888165020146,0.16006065001682424,0.9871057369881726,7.729131354324627,-0.11253561586092546,-0.9808062967748933,0.15923172852645331,7.0395249565309905,-0.9936462563918679,0.11135347557625483,-0.0163560580677182,5.081527308843871,33.8566634023945,31.763831921958598,22.20281309114432,11.184240267568153,3.166871095240361,11698.0,23877.290766762133, 0.0, 0.0,0.0,NaN, 179.05302763752647,179.05302763752647,0.0, 26.122577428105508, 2.628712888072977, -0.36873307935699406, 2.628712888072977, 49.52155452308757, 1.6523527174940933, -0.36873307935699406, 1.6523527174940933, 59.47217094535962, 2.390545061863494, 1.3522254799642572, 1.0, 0.0
14, 0 ,1.0,1.0,1.0,269.26245263734467,207.3890739789148,39.30398495688657,17.763317753878805,21.504563844742965,22.48966845356764,73.0,96.0,90.0,0.06301221583185562,-0.636087855592609,0.7690394662327518,24.642921059435167,-0.3360376920549718,-0.7390993164589803,-0.5837900906389523,19.212535606858715,-0.9397383306933522,0.22164034014020098,0.2603217805874269,17.532022933561315,112.71831964621174,85.05039443878889,81.68878698080519,34.415414984692156,9.96725249809208,354182.0,783128.9612677596, 0.0, 0.0,0.0,NaN, 105.19688051385155,105.19688051385155,0.0, 315.5354576252659, 3.316024640484281, 26.646678189030936, 3.316024640484281, 462.44626615262627, -120.06123981177393, 26.646678189030936, -120.06123981177393, 505.7851871513954, 5.419094904009957, 3.7416718900409984, 4.0, 0.0
15, 0 ,1.0,1.0,1.0,91.87133969180276,236.07509298257224,80.6598977993715,47.67267691236219,41.65067158529114,49.84004992350041,299.0,186.0,198.0,0.5091391297412705,0.2806341124132607,0.8136472463643706,51.69812892081437,-0.8303362002827109,-0.08866564335478802,0.5501637921460759,46.56848020381446,-0.22653728405357665,0.9557106772650927,-0.18787751407533163,40.62232466842659,272.1805392504065,311.6731015556466,221.75663144129624,76.77998286015189,24.419815229576674,3460057.0,1.8811915048903998E7, 0.0, 0.0,0.0,NaN, 137.9592545172612,137.9592545172612,0.0, 2272.684123990471, 184.269458073471, 186.7512919651304, 184.269458073471, 1734.778443505779, 208.18975305734764, 186.7512919651304, 208.18975305734764, 2484.0305763770134, 4.9267598397508925, 3.617809929193413, 6.0, 0.0
16, 0 ,1.0,1.0,1.0,13.049241749594401,223.27062560920717,120.10722693756213,8.769339199381758,35.49628637889851,24.254915545197406,35.0,158.0,110.0,-0.006410299714383404,0.9917026491507143,0.12839300496922418,35.658275037095905,0.03143910849849747,-0.12813230033799172,0.9912586423668217,24.027462766526213,-0.9994851127027313,-0.010390826605719782,0.030356880736636758,8.738251494050026,159.51366467513583,105.32732003972049,36.58560835295583,40.971875249693696,15.700128130536639,308803.0,614680.1770692228, 0.0, 0.0,0.0,NaN, 143.12031849906168,143.12031849906168,0.0, 76.90130999381348, -9.615794318751938, 14.628463801152098, -9.615794318751938, 1259.986346692776, 88.5480841987547, 14.628463801152098, 88.5480841987547, 588.3009281046589, 5.545885956280667, 4.084485791868393, 1.0, 0.0
17, 0 ,1.0,1.0,1.0,62.111475355048576,127.43101307421979,226.18120395594337,39.24606658078028,37.69360452595259,49.72331910354956,174.0,211.0,182.0,0.2005632968379472,0.4077092301051913,0.890812857814999,52.57489945851825,-0.8989052682077221,-0.2849680185522449,0.3328100767567141,39.500703412362995,-0.38954291515813255,0.867505857092296,-0.30933784954425547,33.30231829393561,242.61531563871532,196.75076471737574,181.46295743998775,69.98928171546228,23.12942869704903,2333906.0,8662088.70515754, 7.105427357601002E-15, 0.0,0.0,78.43009897662512, 159.8302634462473,159.8302634462473,0.0, 1540.2537420630388, 250.9327539479103, 160.70161207144048, 250.9327539479103, 1420.8078221589133, 558.3135567446691, 160.70161207144048, 558.3135567446691, 2472.4084626734166, 4.561691789434824, 3.254144460933353, 4.0, 0.0
18, 0 ,1.0,1.0,1.0,82.95902770604822,37.96599432561145,166.69283361207138,41.69321411259059,21.771333483838387,26.202052636512253,185.0,87.0,130.0,-0.9880866195834905,-0.00809350836737393,0.15368580715986097,41.999074728681265,0.1327402159572423,-0.5501480524787781,0.8244496075694574,28.364761068612633,0.07787725770528511,0.8350279129922038,0.5446682634927331,18.17637693613744,193.4651842357354,136.81281011017307,92.08289608699901,50.876109446825204,17.62055942993112,910054.0,2437297.5636319094, 0.0, 0.0,0.0,NaN, 161.53766623745722,161.53766623745722,0.0, 1738.324103038323, -23.163603445049464, -165.79728160428647, -23.163603445049464, 473.99096166450255, -216.85617653263193, -165.79728160428647, -216.85617653263193, 686.5475623665586, 4.6637240307962715, 3.297779793141495, 1.0, 0.0
19, 0 ,1.0,1.0,1.0,259.25129636725234,190.31922564635903,240.04127574944806,22.41756558188246,19.810079282791833,15.899982532176894,92.0,102.0,70.0,-0.947744005800677,0.1570103453909869,0.27772117475822633,22.917649615789657,0.2139928850914867,0.9584995331123767,0.18837645859708085,19.982567683848647,0.23661856351332217,-0.23796301490685262,0.9420112838694306,14.942364511024813,104.98014134375626,97.30818295839725,69.81342419811457,32.39481123852063,9.918272891627064,274035.0,713173.9246143892, 0.0, 0.0,-2.8421709430404007E-14,73.8757557324696, 131.47386707752054,131.47386707752054,0.0, 502.5472466180011, -8.825398780851778, -72.37842397215833, -8.825398780851778, 392.4392411904982, 44.94984669372042, -72.37842397215833, 44.94984669372042, 252.80944452353037, 5.075844324560921, 3.5981874518788337, 3.0, 0.0
20, 0 ,1.0,1.0,1.0,164.47551637219414,61.67541124610257,81.44414579077518,15.184604352106067,11.710382715270605,10.600274342892074,67.0,52.0,46.0,-0.998441284973832,0.055782386349783164,0.0018236866307450939,15.194266356710214,0.05525550330572376,0.9925582587356894,-0.1085123604480566,11.710468557593906,-0.00786319364093234,-0.10824245187864753,-0.9940934270968017,10.586325370761662,67.34729624393727,52.36861868506547,46.60996364876392,21.104873808583292,5.886882904934958,83709.0,164387.97588559033, -2.8421709430404007E-14, 0.0,0.0,3.199465409162022, 169.71709076739543,169.71709076739543,0.0, 230.57220932999851, -5.241703337169397, -0.36659407234355745, -5.241703337169397, 137.13306333810854, -2.687514063229045, -0.36659407234355745, -2.687514063229045, 112.36581614457602, 4.28457036412375, 2.9213625956110842, 1.0, 0.0
21, 0 ,1.0,1.0,1.0,213.77672661043408,245.04620732637082,32.19317040407585,19.016909194961134,21.449438895769628,21.676810184214343,96.0,103.0,91.0,-0.14518839364602384,-0.6833292723870307,0.7155287805878239,23.511457409724425,-0.2677574357253125,-0.6690690520293218,-0.6932911071334967,19.578789231701094,-0.9524842707175234,0.2922459736516414,0.08582543282798968,18.854382692799852,115.22213368863567,90.55012082031706,93.66541881643842,34.35448342048102,10.553427545008716,330532.0,977246.7319058139, 0.0, -2.8421709430404007E-14,0.0,46.89564486575674, 107.1950205181841,107.1950205181841,1.9073486328125E-6, 361.64283532939737, 24.562221069302872, -15.328616343801832, 24.562221069302872, 460.078428943355, -83.55421348487745, -15.328616343801832, -83.55421348487745, 469.8840997624586, 4.413554284449721, 3.1457593335426526, 0.0, 0.0
22, 0 ,1.0,1.0,1.0,258.59697438220417,61.870781187410856,75.71203396239129,27.38993282298476,39.469241685603734,33.6141186305597,128.0,163.0,153.0,0.2543711922431929,0.9618077393496994,-0.10109979764469607,40.30534056868921,-0.05872126415249394,-0.08898512320974211,-0.9943004882748878,33.54559850994427,-0.9653222828118648,0.25885810857373,0.033843314443497245,26.23186559978456,183.69584374036168,153.93613457534792,135.39461587788674,55.92394837287577,17.619603542111278,1335595.0,3828611.5187211502, 0.0, 0.0,0.0,NaN, 106.18152467247126,106.18152467247126,0.0, 750.208420047618, 231.382913403223, 1.4448713339329544, 231.382913403223, 1557.8210392365993, -52.37289622276145, 1.4448713339329544, -52.37289622276145, 1129.9089713093408, 4.4974294913754775, 3.103479102876404, 2.0, 0.0
23, 0 ,1.0,1.0,1.0,249.98790579772506,224.22839900679853,167.86891018664292,32.69201725476468,44.81317826210473,34.710423849863986,152.0,190.0,168.0,-0.20840760977193626,0.8345833533997057,0.5099381280285389,50.825279567722134,-0.9562094196175112,-0.06431873005815875,-0.28552871449023853,31.85276661651401,-0.2054989392281398,-0.5471139983511739,0.8114409767717559,26.15329190964291,229.33673534705505,159.1087084378226,141.93918562898062,61.777121019052046,21.572894580286032,1580344.0,5179285.905421349, 0.0, 0.0,0.0,NaN, 160.3158444410146,160.3158444410146,0.0, 1068.7679921858314, -310.00417416068814, -111.57572498116464, -310.00417416068814, 2008.220945951176, 814.350295718545, -111.57572498116464, 814.350295718545, 1204.8135238372067, 4.815028520193691, 3.5231765323872932, 2.0, 0.0
24, 0 ,1.0,1.0,1.0,261.6774497496714,120.73042784776476,258.29301295210524,21.6488494611459,23.34001786534647,16.822395146319554,88.0,104.0,75.0,-0.5804926779661581,0.8022872418123614,-0.139152551010724,25.68019002258551,-0.7625503701534007,-0.4756958965461453,0.43844081355192155,19.724764323068534,0.2855611734928094,0.36062251126943334,0.8879224180969509,15.744319871250957,122.6654477997957,94.08198622601604,68.24641062327873,34.45202592185677,10.463269340150555,338555.0,787605.1386303657, 0.0, 0.0,0.0,NaN, 133.35639030285182,133.35639030285182,0.0, 468.67268299135714, -140.47287604258216, -13.955167380830632, -140.47287604258216, 544.7564339546925, -75.39557877723198, -13.955167380830632, -75.39557877723198, 282.9929784589157, 4.810277122059933, 3.2802290811814947, 2.0, 0.0
25, 0 ,1.0,1.0,1.0,192.1632220393448,73.33014342816836,237.4860402461008,35.574748554169545,23.901546764938846,37.60484693722443,184.0,110.0,164.0,0.6345056380203208,0.06730156235449974,0.7699825290388536,42.96259527084766,-0.6672292109932338,0.5505372717257455,0.5017109650367629,32.45306232422842,0.390138149016182,0.8320932713016108,-0.3942245711987159,18.7612723181054,205.3530135469225,171.63602759060495,94.89985983808118,53.691672212033055,19.187900372352384,1020720.0,3344838.134707127, 0.0, 0.0,0.0,NaN, 144.6169968580579,144.6169968580579,0.0, 1265.562734692388, -193.79079298505428, 495.07157472258353, -193.79079298505428, 571.2839377565587, 271.0934705048326, 495.07157472258353, 271.0934705048326, 1414.1245131720777, 4.626312160519798, 3.322032921588436, 1.0, 0.0
26, 0 ,1.0,1.0,1.0,85.83182926335753,267.48125937195465,252.9104361055543,41.82612002816751,22.082675385822366,29.83265755515548,170.0,91.0,115.0,-0.9687172780721341,0.008105298302014051,0.2480345526412608,42.55391504826125,0.21784859718802807,-0.4509416466598941,0.8655597148729088,30.750385508113464,0.11886472928385161,0.8925166303476362,0.4350692366568546,19.25186824121819,183.54066857130067,154.31928227027205,105.29161056694579,52.83602406430225,18.31422634687202,914297.0,2982265.2834490547, 0.0, 0.0,0.0,NaN, 103.16006220673448,103.16006220673448,0.0, 1749.4243166106753, -67.78963019837506, -237.63140551185967, -67.78963019837506, 487.64455219560494, -221.51803695357648, -237.63140551185967, -221.51803695357648, 889.9874568031753, 4.642432145612077, 3.358028266728454, 1.0, 0.0
27, 0 ,1.0,1.0,1.0,224.56855830096717,228.488087682821,275.52635598370154,46.091241687096165,47.945722896091866,15.772330073336544,178.0,248.0,75.0,-0.5257467079305567,0.8417458690895893,-0.12269592890880393,49.81439237379641,0.8506239612192796,0.5193208919852164,-0.08212604792208503,44.58783005221367,0.005410702339193939,0.14754559640426926,0.9890404548257394,14.227193113674284,285.4433707309892,203.65239058648092,77.68975469000691,63.59334478558714,25.05689125194712,1038379.0,4516200.596594916, 0.0, 0.0,0.0,NaN, 1.0,1.0,0.0, 2124.402560258311, -219.77690199637803, 22.271890591680116, -219.77690199637803, 2298.7923440288278, -311.5366901098681, 22.271890591680116, -311.5366901098681, 248.76639594227638, 4.924744331328834, 3.630313740619108, 0.0, 0.0
