// Sample: .//bubblelabels.tif, Map: .//bubblelabels.tif, Thickness:(8.191250068658265):/gpfs/home/mader/Foam/NewValid/InSilicoTest/LatticeData_OldFoam/out_Step_07000.vtk/distmap.tif, Neighbors:(1.0):
//LACUNA_NUMBER, TRIANGLES, SCALE_X, SCALE_Y, SCALE_Z, POS_X, POS_Y, POS_Z , STD_X, STD_Y, STD_Z,PROJ_X, PROJ_Y, PROJ_Z, PCA1_X, PCA1_Y, PCA1_Z, PCA1_S, PCA2_X, PCA2_Y, PCA2_Z, PCA2_S, PCA3_X, PCA3_Y, PCA3_Z, PCA3_S,PROJ_PCA1, PROJ_PCA2, PROJ_PCA3,OBJ_RADIUS, OBJ_RADIUS_STD, VOLUME, VOLUME_BOX, Mask_Grad_X,Mask_Grad_Y,Mask_Grad_Z,Mask_Angle, Mask_Distance_Mean,Mask_Distance_COV, Mask_Distance_STD, SHAPET_XX, SHAPET_XY, SHAPET_XZ, SHAPET_YX, SHAPET_YY, SHAPET_YZ, SHAPET_ZX, SHAPET_ZY, SHAPET_ZZ, Thickness, Thickness_STD, Neighbors, Neighbors_STD
1, 0 ,1.0,1.0,1.0,78.92315542802862,135.77697135746837,39.44767448706827,18.00401950780094,17.34265988737886,19.072575745168113,97.0,91.0,87.0,0.3745979462758708,-0.3599137129234288,0.8544814204507736,19.487030413125368,0.8083160576514932,-0.32469145520829096,-0.491121787194858,18.023743097239805,-0.45420428178150063,-0.874664265969746,-0.1692952812306275,16.854555657280876,96.15497871324766,92.07328609049554,88.94710977075977,30.25170026105165,8.57381754396552,254761.0,787475.8795802466, 0.0, 0.0,0.0,NaN, 161.92704973586484,161.92704973586484,0.0, 324.14471843727677, -23.60093668864061, 14.433559781259216, -23.60093668864061, 300.76785196929984, -22.91900480575657, 14.433559781259216, -22.91900480575657, 363.763145555175, 7.903070539575549, 6.219714356545072, 41.0, 0.0
2, 0 ,1.0,1.0,1.0,57.009095098004465,262.407570977918,13.658717612448163,19.86450172049941,21.079991743848506,9.148926982696429,112.0,95.0,38.0,0.5489292263765712,0.8337689411645394,-0.05921196820730005,21.955611378961116,0.8327744340708952,-0.5516129545986236,-0.04700947007654006,18.9455003900087,0.07185712482085145,0.023505341272570472,0.9971379305513057,9.038057833814179,106.63417467903889,100.71485786732708,42.083801042834715,28.532279827067306,10.419997760513938,141065.0,451965.1148704039, -7.105427357601002E-15, 0.0,0.0,56.7064156024099, 69.64042080925555,69.64042080925555,0.0, 394.598428603724, 55.879878683127046, -23.86673614785267, 55.879878683127046, 444.3660519207212, -12.576268460710361, -23.86673614785267, -12.576268460710361, 83.70286493471079, 7.724633588961766, 5.957652068196067, 22.0, 0.0
3, 0 ,1.0,1.0,1.0,260.90664766526453,140.32148041407515,126.99690079360875,18.242124286333194,16.750209308870502,15.243665796828898,89.0,99.0,76.0,-0.9215681532977226,-0.326661027550754,0.20977300090076167,18.47717713032473,0.3831374219391309,-0.8524204932686604,0.35578788423082947,16.908347414831706,0.06259276904932294,0.40825467019386213,0.9107196437585162,14.77889272876588,107.00131616276474,86.90002881223865,79.41957100369578,27.821044123480494,8.467789627394511,188758.0,738476.3254872675, 0.0, 0.0,0.0,NaN, 193.25273833389048,193.25273833389048,0.0, 332.7750984780273, 14.98763393539038, -14.578410510367197, 14.98763393539038, 280.569511890972, -28.89222143674641, -14.578410510367197, -28.89222143674641, 232.36934692541118, 6.724247965541283, 5.579167003505166, 42.0, 0.0
4, 0 ,1.0,1.0,1.0,79.26633259238032,16.561260291372673,263.09149349794365,17.6397111034857,10.57444051269343,18.91884031687548,82.0,45.0,80.0,-0.14248262995539734,0.07274991428595838,0.9871201295345864,18.96248386757533,0.977229045424133,-0.1480842095404601,0.151968614076114,17.76075269546043,-0.15723260775179887,-0.9862953497082724,0.04999390166216365,10.289829355679439,91.56540857255578,84.84878751899836,47.51142503427764,26.364052415166785,9.264850735812125,129113.0,369126.42359806807, 0.0, 0.0,0.0,NaN, 88.99249787086993,88.99249787086993,0.0, 311.1594078144366, -32.95613189716807, -4.559666237433543, -32.95613189716807, 111.81879215649211, 13.50253523795624, -4.559666237433543, 13.50253523795624, 357.9225189354332, 7.360079459346345, 5.785866856873046, 19.0, 0.0
5, 0 ,1.0,1.0,1.0,188.20316697802687,113.15158200634582,236.22107167215253,15.993910842925334,14.973087723051215,16.28694474664944,81.0,88.0,82.0,0.16784320996091034,0.14258266421188914,-0.9754480205199341,16.29983483401031,0.9138581191049744,0.3485917497411369,0.20819973621100182,16.176391232586294,-0.36971880533174956,0.9263660053556866,0.07179156709121025,14.761533127298556,81.6815919459475,84.07496426843215,84.85430070510921,26.28343779248717,7.378618231218957,168615.0,582726.4665851446, 2.8421709430404007E-14, 0.0,-2.8421709430404007E-14,36.723383060480884, 171.37550607636567,171.37550607636567,0.0, 255.80518405144457, 15.087894049809075, 0.5054873393652228, 15.087894049809075, 224.19335596218704, -3.4686971554636115, 0.5054873393652228, -3.4686971554636115, 265.26456918041174, 7.001238508400245, 5.680015949909017, 39.0, 0.0
6, 0 ,1.0,1.0,1.0,274.9028982293138,205.78940272898112,208.43076581886942,15.242975547899663,16.324498562249786,17.351943460095498,61.0,98.0,86.0,-0.33086250318605137,0.3772287370413436,0.8650020138332932,17.923578818853574,-0.08110431258768627,-0.9246028457146952,0.3721984258107044,16.04749672438736,-0.9401872656365536,-0.052991109126723834,-0.33651128939216973,14.87113546136387,93.18253080668431,96.81961760864347,72.91664461182279,27.076148901471758,8.173717597912889,171346.0,657846.4573105713, 0.0, 0.0,-2.8421709430404007E-14,30.117064793120576, 133.75509636634047,133.75509636634047,0.0, 232.34830355386705, -9.766594594535105, -29.74738201245226, -9.766594594535105, 266.48925330889534, 20.147573824740142, -29.74738201245226, 20.147573824740142, 301.089941842351, 7.761155387445751, 5.9730523332145555, 33.0, 0.0
7, 0 ,1.0,1.0,1.0,261.9206857976042,277.52145631434064,25.253384365926316,19.49997269408823,13.453662644493368,16.275288288609584,81.0,59.0,68.0,0.9372910504757636,0.18570085432891295,0.2949587757629053,19.92912371915838,-0.33817892643486347,0.27964215175817664,0.8985740262635129,16.23727286990427,-0.08438305762060902,0.9419742351368051,-0.3249062017337129,12.857526201961424,93.65054050176153,89.43819022044732,61.000607071052485,27.31726891886861,8.938780750960088,159114.0,510937.1109818879, 0.0, 0.0,0.0,NaN, 50.92202390210044,50.92202390210044,0.0, 380.2489350701865, 31.056253872613446, 34.217540321392015, 31.056253872613446, 181.0010385518363, 37.4086406336002, 34.217540321392015, 37.4086406336002, 264.8850088773523, 7.276424683839027, 5.772189319386968, 19.0, 0.0
8, 0 ,1.0,1.0,1.0,155.61205043043228,176.18794287674328,14.726957860304022,17.24077472772426,17.471873297886706,9.664185893034986,82.0,81.0,41.0,-0.6419408636554303,-0.766749971678405,-0.0025315016265027137,18.01148188591805,-0.7606655290128079,0.6364246399905488,0.12787349445668608,16.76964540931013,-0.09643588824180029,0.08401284749408336,-0.9917872558744395,9.501193180013122,84.71495939627872,87.55829620461803,44.658991194103805,25.116720531085292,8.065823484805833,119531.0,331257.9558823037, 0.0, 0.0,0.0,NaN, 190.77261008283077,190.77261008283077,0.0, 297.2443132121355, 22.806721997476327, -18.192849638185717, 22.806721997476327, 305.26635653740647, 15.994201434508112, -18.192849638185717, 15.994201434508112, 93.39648897513642, 8.518462051793994, 5.8537622640212055, 18.0, 0.0
9, 0 ,1.0,1.0,1.0,43.963169031017074,257.666472709786,214.36013945660014,16.921447144464267,21.515227143289348,15.07746221270526,85.0,89.0,90.0,-0.1916856892467286,0.9607310945250126,0.2006299094122746,21.878014499801598,-0.9135344147402883,-0.24937673834692872,0.32135045582131516,17.028059716046464,0.3587638075713966,-0.12168404326048021,0.9254628701318363,14.421092299788329,97.6159701562658,90.9319288118003,86.81248947574284,29.74236191641186,9.589689614312233,207950.0,770583.1150737416, 0.0, 0.0,0.0,NaN, 105.16212948573289,105.16212948573289,0.0, 286.33537346289785, -31.170139386948094, -34.47822886223554, -31.170139386948094, 462.90499902733467, 45.60366045824151, -34.47822886223554, 45.60366045824151, 227.329866775555, 7.439672319533361, 5.423892437694547, 30.0, 0.0
10, 0 ,1.0,1.0,1.0,277.52472287796365,209.23654161962435,285.6540208354716,14.164371883736543,18.330603001299146,8.847179939706292,62.0,103.0,39.0,0.34248357659411066,0.9378194798505286,-0.05656520994560543,18.912126134840822,-0.9389294134676697,0.34378729669123115,0.014894668811125304,13.412366486925233,-0.033414911170967065,-0.04800955995028401,-0.9982877971130452,8.795052041792653,107.55488087561599,67.93210041895603,42.13565995302616,23.08576279403764,9.053208622085542,77944.0,307861.2064746442, 0.0, 0.0,0.0,NaN, 94.59889310698935,94.59889310698935,0.0, 200.6294308607863, 56.93528282226975, -6.864464206994339, 56.93528282226975, 336.01100639123723, -14.345109080155051, -6.864464206994339, -14.345109080155051, 78.27259288554141, 6.8991092801454235, 5.515688375422817, 12.0, 0.0
11, 0 ,1.0,1.0,1.0,14.42790776726531,168.38277340282892,12.767189772062018,9.084681296069796,17.39089080079401,8.348799406097115,35.0,82.0,34.0,0.047764624744534814,-0.9978780719265468,0.04424809816445116,17.418971755379964,0.971149114583059,0.03603219709945438,-0.235735186208437,9.10013603753212,0.23364061690458315,0.054231304062720295,0.9708094703864928,8.273083808546492,82.40826022727484,41.923995516923114,39.74112388561579,19.95928318083308,7.503598038730316,52953.0,137300.95446852967, 0.0, 0.0,0.0,NaN, 133.01977294503115,133.01977294503115,0.0, 82.53143425116039, -10.696962637333069, -2.792830492042969, -10.696962637333069, 302.4430828451418, -10.49725548108547, -2.792830492042969, -10.49725548108547, 69.70245152324755, 9.101727924737421, 5.724298550184825, 11.0, 0.0
12, 0 ,1.0,1.0,1.0,22.127809913805446,131.31235502992467,188.80621259414107,14.081040528610623,15.964216054993553,15.601799546347921,61.0,75.0,75.0,-0.46403027320091544,-0.667013943423819,-0.5828964786574803,16.378755928295707,-0.15047833458379237,0.7078228700300703,-0.690176104688711,15.854411057046732,0.8729445436990669,-0.23254931507231189,-0.4288223871084934,13.301204831849773,86.78189569141992,84.42894046508472,66.40368289793382,25.255906552452924,7.660759095349885,139684.0,486533.3769550439, 0.0, 0.0,0.0,NaN, 173.4838116734407,173.4838116734407,0.0, 198.27570236837497, 20.342777452326278, 32.43733488843977, 20.342777452326278, 254.8561942505139, -0.8521366920688334, 32.43733488843977, -0.8521366920688334, 243.41614908442222, 7.00148837427793, 5.185242876686666, 25.0, 0.0
13, 0 ,1.0,1.0,1.0,123.15686936859304,234.92890381022633,76.56180673804091,14.32871547736527,14.50409615462929,16.47978361830797,75.0,70.0,78.0,-0.1528062548813781,0.3812132609952232,0.911771187365841,16.897150388611653,0.8203845284367541,-0.4654812285466059,0.3321090955881028,14.40611015744432,-0.5510167637837639,-0.7987513226982046,0.24161301810361366,13.93608479726253,80.66764892403563,70.03069460099266,71.46485412700858,25.195879544232852,7.240981604233261,145057.0,403720.0747781273, 1.4210854715202004E-14, 0.0,0.0,81.21041167403965, 158.94518641029867,158.94518641029867,0.0, 205.31208723128705, -10.405490298308253, -9.090653414341427, -10.405490298308253, 210.36880526273214, 29.674334316092278, -9.090653414341427, 29.674334316092278, 271.5832681062517, 6.579838494315286, 5.137193158169667, 32.0, 0.0
14, 0 ,1.0,1.0,1.0,190.88816100330752,279.8330703868917,60.34233224150496,16.688421884393097,12.124513360218309,14.995398576668627,76.0,52.0,77.0,-0.9106017465922374,0.08579068471544538,0.40428259611220174,17.06049481980607,0.4127492211330636,0.23857213080941286,0.8790457433234664,14.756038817349795,0.021036624187731386,-0.9673279158677843,0.2526542373000553,11.89823779435402,80.31435545754914,72.35087024998049,59.12291330643902,24.4222490837123,7.343226632744864,124867.0,343552.22344600473, 0.0, 0.0,0.0,NaN, 126.30635581634195,126.30635581634195,0.0, 278.5034249914905, -4.177766519953668, -27.396840880676237, -4.177766519953668, 147.00382422211226, 21.159550347504936, -27.396840880676237, 21.159550347504936, 224.8619784731555, 7.06400094553515, 5.538179348650411, 26.0, 0.0
15, 0 ,1.0,1.0,1.0,173.78058103975536,100.94093712745556,11.270875447053335,14.379484489426329,18.399320559142634,7.512071195625964,80.0,86.0,30.0,-0.11818143818805624,-0.9922176542472536,-0.0392080893168713,18.46653916803794,0.9884280132456995,-0.11376517539319496,-0.10033716907963332,14.361763138151748,0.09509579538003791,-0.050612364772184226,0.9941806567386057,7.379869618552927,86.74833835328303,82.60399283931913,33.3224155458115,23.043288367774352,8.410864763359617,77172.0,238780.40310307432, 0.0, 0.0,0.0,NaN, 162.01063898452375,162.01063898452375,0.0, 206.76957418165236, 16.531953148540957, -13.726925128997966, 16.531953148540957, 338.53499703808876, 12.880418419733484, -13.726925128997966, 12.880418419733484, 56.4312136481533, 7.000570998006297, 5.1311352453791255, 22.0, 0.0
16, 0 ,1.0,1.0,1.0,217.71892396323307,28.30955206490312,263.1917371509947,16.32434015613438,17.190531103708885,16.800436273923825,85.0,71.0,74.0,-0.5618060359199682,-0.6198349376887617,0.5478855975696564,18.785633720351314,0.13678223761760838,-0.7227651428533975,-0.6774224440837696,16.304132174921243,-0.8158827106123838,0.3056389999598811,-0.4908362295382367,15.017601003570338,90.50422918229869,92.3793398950435,79.9458604301044,27.806217694429737,8.43014576890125,185384.0,668405.030129412, 0.0, 0.0,0.0,NaN, 94.47991546273285,94.47991546273285,0.0, 266.4840815331814, 40.37050570408344, -42.93953713520588, 40.37050570408344, 295.51435962758256, -23.52544463463382, -42.93953713520588, -23.52544463463382, 282.25465899417543, 7.508869603356151, 5.492121393272794, 34.0, 0.0
17, 0 ,1.0,1.0,1.0,156.55705400578853,257.8572880103455,280.4042351745797,17.548950899027147,17.438074109752254,10.956873241543677,84.0,83.0,48.0,-0.7152342617454227,0.6986832214851676,-0.016784124659592434,19.723233683020233,-0.6987743999264773,-0.7153418660613889,-5.938578966793021E-4,14.937268257593887,0.012421305602556124,-0.011303569122984771,-0.9998589603000066,10.953412602042688,91.66122231390624,69.88637632832115,48.683613138727395,25.69801137518885,8.468611982236347,129912.0,311860.9298725114, 0.0, 0.0,0.0,NaN, 150.7842197593449,150.7842197593449,0.0, 307.9656776564657, -82.8814137164602, 3.2723790634122407, -82.8814137164602, 304.08642865721185, -3.1110250004873414, 3.2723790634122407, -3.1110250004873414, 120.05307123125587, 7.5061602775583065, 5.449215150681923, 27.0, 0.0
18, 0 ,1.0,1.0,1.0,272.916728404208,65.62091353601207,239.0109780573553,15.943314272534938,16.177853391704154,14.181657127159001,72.0,82.0,70.0,-0.6523190455588924,0.719012757754774,-0.23979265415564915,17.01972576324986,0.7114367526652418,0.6899588067442523,0.1334713150949779,15.24300809466816,-0.26141463187486524,0.08353142631322835,0.9616053717922995,13.964642795225364,87.03458894551628,81.03558425965727,73.61533410189654,25.665726393559204,7.635581046623796,148478.0,519201.49904587166, 0.0, 0.0,0.0,NaN, 93.59096479443197,93.59096479443197,0.0, 254.18926999281624, -26.070057685588633, 18.352299550783066, -26.070057685588633, 261.7229403634736, -12.882225575935124, 18.352299550783066, -12.882225575935124, 201.1193988722997, 6.074340499284295, 4.873312401738261, 27.0, 0.0
19, 0 ,1.0,1.0,1.0,41.111169281964486,85.1041481396483,36.33156430190195,13.438518374614567,13.780670479334011,17.707226326843042,63.0,70.0,81.0,0.1507126586322061,0.039745053786239756,0.9877783279802919,17.801321102149934,-0.17096695206046586,-0.9830877008120822,0.06564201257707528,13.788582048138782,0.9736816706866611,-0.17877053227963324,-0.141368670352699,13.305430893991408,82.70633730875784,71.87982035269857,61.33922102644025,25.082039950130998,7.412003176931621,139436.0,364656.5574689227, 7.105427357601002E-15, 0.0,0.0,81.33177158362642, 101.25624343678162,101.25624343678162,0.0, 180.59377610485336, 3.0379213380138745, 20.6730358139664, 3.0379213380138745, 189.9068788599879, 4.64575879405439, 20.6730358139664, 4.64575879405439, 313.54586419004335, 6.773676970906979, 4.924999935811549, 20.0, 0.0
20, 0 ,1.0,1.0,1.0,69.87535814338469,63.68358429899401,159.59139819177383,14.575264237086056,14.282769166844245,14.064932142682942,71.0,65.0,70.0,-0.8486260184877856,0.4907907306985475,0.1973786700886263,14.623359258355817,-0.5035440724344077,-0.6351246574221492,-0.5857132717043131,14.519528068394983,-0.1621025843771184,-0.5964403810899997,0.786118072520582,13.769488280421376,79.32886258269681,78.04079388014074,80.30785549957116,23.85530208596337,6.7218078832942885,125648.0,497176.8918224711, 0.0, 7.105427357601002E-15,0.0,60.60743273278718, 169.27120264999112,169.27120264999112,0.0, 212.4383275808798, -3.311739035189201, 2.196985921633229, -3.311739035189201, 203.99749507335665, 10.241613220348315, 2.196985921633229, 10.241613220348315, 197.82231617827577, 7.010328928351414, 5.100012557003778, 29.0, 0.0
21, 0 ,1.0,1.0,1.0,65.60746514743335,42.07566724079554,34.59944942513507,14.58680142917038,13.40441775172405,16.616503623300158,77.0,69.0,76.0,-0.11461055882717729,-0.03371656775706409,0.9928381604591984,16.64111910798551,-0.9024146517624605,-0.4143264995229672,-0.11824275063394482,14.85185064085559,-0.4153458993294129,0.909503570554689,-0.017059866896119096,13.078878821806025,79.42681604491654,80.92069813219707,61.78324500938538,24.8127641128431,7.272421944596448,135858.0,397097.8075093498, 0.0, 0.0,0.0,NaN, 85.27498553123486,85.27498553123486,0.0, 212.77477593404706, 18.924503954749692, -6.762869772901992, 18.924503954749692, 179.67841526273486, -1.1179418222730315, -6.762869772901992, -1.1179418222730315, 276.1081926631473, 6.414318365798557, 4.934116332747838, 21.0, 0.0
22, 0 ,1.0,1.0,1.0,25.716832702542018,281.65587796000636,133.60356578355882,15.525924121985277,11.673158162203,19.7507388079934,63.0,47.0,107.0,0.13645104148358297,-0.07394806059917072,0.9878829878136717,19.8761135564023,0.9569051524704892,0.2678837136497712,-0.11211978030943877,15.689701335576927,-0.25634672311827,0.9606091818709778,0.10731429192654762,11.233076456448767,105.02122448864498,72.33979171988054,56.744065890104906,26.270521247031873,8.790241077011315,137922.0,431096.7837472395, 0.0, 0.0,0.0,NaN, 137.2871992858418,137.2871992858418,0.0, 241.0543198416443, 28.04374438978588, 23.37118996009986, 28.04374438978588, 136.2626214798065, -23.245824167143695, 23.37118996009986, -23.245824167143695, 390.0916834615765, 6.611192965520343, 4.878299262036153, 16.0, 0.0
23, 0 ,1.0,1.0,1.0,281.50643039304754,104.29853441765266,168.22800258310258,11.803508878468596,13.102866383724601,15.006378497882908,49.0,65.0,73.0,0.10935054571612868,-0.10684347224372384,0.9882443678516412,15.04123580565761,0.48115714682015004,-0.8642756417132272,-0.14668133898039504,13.653787644762604,-0.8697874787644838,-0.4915405248604571,0.04310051280935063,11.114613503216436,71.67435178863644,70.97948498596273,58.91061683800194,22.137552970913895,6.791765116345931,91363.0,299702.37735798984, 0.0, 0.0,0.0,NaN, 169.06819837484605,169.06819837484605,1.9073486328125E-6, 139.32282184408697, -27.353424131982962, 6.6600653271284775, -27.353424131982962, 171.6851074697402, -2.871345845190464, 6.6600653271284775, -2.871345845190464, 225.1913956217225, 6.8224835501321355, 5.218459974519575, 15.0, 0.0
24, 0 ,1.0,1.0,1.0,33.77793347592005,180.5570986060919,207.3580647540379,15.197098168242311,15.603292252884264,14.357773482903152,69.0,73.0,75.0,0.5917376995538949,-0.7680414864044379,0.24486479961057334,16.815320126175383,0.6336932015561364,0.2554294829033529,-0.7301977167625622,14.711837791367426,-0.4982764506056831,-0.5872546759502116,-0.6378499230590331,13.467257297059536,95.06795868806572,76.06594811779422,67.378649021956,24.964503277742057,7.571905793524964,135590.0,487244.28125438653, 0.0, 0.0,-2.8421709430404007E-14,75.82615605054971, 154.8873256577683,154.8873256577683,0.0, 230.95179273519383, -40.40196003370894, -1.5374855834199634, -40.40196003370894, 243.46272912891808, -25.60892497474535, -1.5374855834199634, -25.60892497474535, 206.1456593863569, 6.585004713458556, 4.931068496688011, 35.0, 0.0
25, 0 ,1.0,1.0,1.0,124.03058916338638,187.36232059053185,114.17719175380553,14.006940571054892,13.8772663438036,15.174436227305513,70.0,71.0,73.0,-0.11845394778493981,-0.3001699156304022,0.9465023423133192,15.293859449514624,-0.7774793696415321,-0.5648913293917951,-0.27644821533114633,14.36082231907702,0.6176524038939445,-0.7686324269300686,-0.16646230875373622,13.375390297590616,73.55348967392803,67.22109001987747,66.57149684321925,23.919152818029495,6.8491275810939145,124227.0,329152.49753099744, 0.0, 0.0,0.0,NaN, 202.74926630632265,202.74926630632265,0.0, 196.19438416106357, 13.959680115884213, -0.2919762101993756, 13.959680115884213, 192.57852117686414, -11.35816208102156, -0.2919762101993756, -11.35816208102156, 230.26351481656198, 6.332347648408112, 4.76635911710736, 31.0, 0.0
26, 0 ,1.0,1.0,1.0,276.39862151462506,206.4766170146108,11.794565805587993,15.346318627227197,17.840334514893858,7.543934343407618,63.0,84.0,31.0,0.5744038452351987,-0.8182686944200426,0.022283767884658724,19.957852097903892,0.8142218477646537,0.5739423135050024,0.08736706124872724,12.50630939373846,-0.08427932843664142,-0.032040045265962554,0.9959269201591169,7.4816001881697165,102.04878902779836,68.12915214964573,33.51216402110086,22.91495172703137,9.2521869705038,70222.0,232993.2357171079, 0.0, 0.0,0.0,NaN, 97.17386487108583,97.17386487108583,0.0, 235.50949540838042, -113.97203815717288, 11.526380820398003, -113.97203815717288, 318.2775356033131, -1.206193542582478, 11.526380820398003, -1.206193542582478, 56.910945377644936, 7.397440705983241, 5.433251936729852, 11.0, 0.0
27, 0 ,1.0,1.0,1.0,30.83571191503485,14.286671734312602,71.90243354067856,18.027365303975863,9.013159761805023,14.314478513632505,73.0,36.0,72.0,-0.9793595708721967,0.0334392466009259,0.19934053207461205,18.177874030553845,0.19982036116204321,0.011646162569193427,0.9797633337508007,14.133300535577725,-0.030440995484667815,-0.9993728952118794,0.01808762310885675,8.996774728335437,78.73379642649635,67.44816792709878,38.13342568158076,23.46249769879657,7.787069124301701,93403.0,202505.6627245041, 0.0, 0.0,0.0,NaN, 79.52930320091285,79.52930320091285,0.0, 324.9858998029928, -7.894179225902579, -25.44768537753861, -7.894179225902579, 81.23704889182116, 3.0187300141831357, -25.44768537753861, 3.0187300141831357, 204.90429511724665, 6.7167940147511205, 5.1751261851943315, 14.0, 0.0
28, 0 ,1.0,1.0,1.0,235.47135901852567,274.2485587232397,95.33230217597638,13.779734818596229,13.472071930255638,14.513422871251342,80.0,60.0,84.0,-0.48471744325290606,-0.48713095932827144,0.7264657105949897,15.321208260893195,-0.6806474039709951,-0.3115583871922032,-0.6630614472563897,13.613207360293849,-0.5493342440390102,0.815864449424113,0.18054663799688467,12.72628853973365,78.38225639241782,103.37751857079854,67.56171628448577,23.19081502629681,6.648560417162413,113788.0,547450.0984733278, 0.0, 0.0,0.0,NaN, 117.96325730039042,117.96325730039042,0.0, 189.88109167083326, 22.1390792779471, -15.085343157525362, 22.1390792779471, 181.49672209398187, -20.93005855136829, -15.085343157525362, -20.93005855136829, 210.63944343976155, 6.08681383759677, 4.705398245836117, 25.0, 0.0
29, 0 ,1.0,1.0,1.0,135.09347301790183,23.81325938267942,250.17130379872032,15.849470883893183,13.901557180156109,14.439921983458882,75.0,60.0,75.0,0.8902884648244201,-0.04661977262825628,0.4530044659831377,16.284989166948524,0.35677233412265347,0.689615357302624,-0.6301937484433247,14.516530449827135,-0.28301934740446955,0.7226736855403447,0.6305892428691471,13.305631805837622,80.74340749776354,76.08648224238732,69.13469514567012,24.513172006115717,7.21628466868888,131439.0,424727.74419448565, 0.0, 0.0,-2.8421709430404007E-14,63.063388610139185, 145.94593772895757,145.94593772895757,0.0, 251.20572729937774, 4.6297696667234725, 27.981081425824136, 4.6297696667234725, 193.25329203314988, -16.503171419901353, 27.981081425824136, -16.503171419901353, 208.51134688837908, 7.694669736342345, 5.2269085954922545, 19.0, 0.0
30, 0 ,1.0,1.0,1.0,19.413737301849544,253.08519092765337,82.83025358174686,11.746803868122036,15.582903067701414,16.271354203447785,49.0,81.0,89.0,-0.21192279934127056,0.4166028932842952,0.884042282035488,16.574843749410295,0.09480146885965005,-0.8915592482793407,0.4428710741396748,15.50230387663618,-0.9726774432572247,-0.17766298464995645,-0.14944716545942544,11.424726077531494,83.72955920067852,85.98873099088979,54.91404966039148,24.228578936877636,7.65161417264333,118029.0,395370.09468530514, 0.0, 0.0,0.0,NaN, 97.15319559714159,97.15319559714159,0.0, 137.98740111612685, -22.011345758839756, -22.40607624530804, -22.011345758839756, 242.82686801737816, 9.75556685421003, -22.40607624530804, 9.75556685421003, 264.75696761405794, 6.696746123579517, 5.238943656297336, 16.0, 0.0
31, 0 ,1.0,1.0,1.0,165.64769428517786,11.289438338556636,220.2939732239569,16.473452760905413,7.696620767234849,14.898841063747565,85.0,32.0,81.0,0.912074730854628,0.035715333884745966,0.40846554354309905,16.845518867191974,-0.4098031041116818,0.04670767838852856,0.9109773919477827,14.498154535749668,-0.013457384474263713,0.9982699072420516,-0.05723714788541573,7.656375859100988,83.41202752333004,76.07172266027146,34.56050778453297,22.074837262562653,8.080200614746847,69241.0,219296.6733787965, 0.0, 0.0,-2.8421709430404007E-14,65.8915209668364, 156.6238940050732,156.6238940050732,0.0, 271.3746458657822, 4.43300297267157, 27.29370146048158, 4.43300297267157, 59.23797123463076, 9.73413848180532, 27.29370146048158, 9.73413848180532, 221.97546504281067, 6.735500237125022, 4.793481451938799, 17.0, 0.0
32, 0 ,1.0,1.0,1.0,58.83538759384335,111.65076695312432,158.08199521694567,13.946479343354383,12.564170424317663,15.01161835889225,71.0,63.0,73.0,0.5163619246809835,0.14703917568762281,0.8436526794557431,15.614236308117706,-0.8007495733005453,-0.26634871757781875,0.5365244463243461,13.409425011103382,-0.3035959215779178,0.9525953188304863,0.019790779254466397,12.413472345189883,75.39432990154094,65.16146177458242,61.636873396210234,23.13468625085001,6.5190215794803255,114153.0,302809.92414330924, -7.105427357601002E-15, 0.0,0.0,58.91146855204015, 189.91634125620072,189.91634125620072,0.0, 194.50428607461052, 12.296457927659894, 28.03123677977477, 12.296457927659894, 157.85837845129868, 7.4533110940471134, 28.03123677977477, 7.4533110940471134, 225.34868575303082, 6.600461923273958, 4.936862897508967, 23.0, 0.0
33, 0 ,1.0,1.0,1.0,144.73784512410523,152.4240401598959,58.45147345914288,13.32164686838224,13.916822136740189,13.698553196821356,66.0,66.0,64.0,0.5313648515043637,0.6645059131192155,0.5254362815940133,14.774040610155316,0.03229384054286373,-0.6356832395239719,0.7712742228619469,13.384180709806394,-0.8465273193753037,0.3928596574069495,0.3592391781715302,12.703779128055269,75.22160050675555,65.72971254371106,64.71251587163226,22.741661802655543,6.450689250884663,107570.0,319957.71549288207, 0.0, 0.0,0.0,NaN, 214.81220282712613,214.81220282712613,0.0, 177.46627528587834, 19.72187350106044, 16.32466813747207, 19.72187350106044, 193.67793838566175, 11.159435619919863, 16.32466813747207, 11.159435619919863, 187.6503596861446, 6.231291341840628, 4.7431198086381325, 19.0, 0.0
34, 0 ,1.0,1.0,1.0,24.735601680725367,14.417137922682421,265.0446613801746,13.886813638811784,9.138274385158603,19.25053204826792,50.0,41.0,79.0,0.10261178303618043,0.06715390824784453,0.992452101911813,19.332168108592448,-0.9927653162210853,-0.05562676058243799,0.10640813134131964,13.832893608772942,-0.06235261735150557,0.9961907528752431,-0.060960109869262466,9.04726293131878,83.31027243012576,56.0010446597159,42.62419662143377,24.019931912988486,8.365255932388727,94959.0,198861.58184980295, 0.0, 0.0,0.0,NaN, 45.18384174033686,45.18384174033686,8.259061849445711E-7, 192.84359303908897, 8.058120681818302, 18.157271172527533, 8.058120681818302, 83.50805873844584, 18.804799103506664, 18.157271172527533, 18.804799103506664, 370.5829841413903, 6.282461058240886, 4.817323437595143, 10.0, 0.0
35, 0 ,1.0,1.0,1.0,53.907915265089684,19.1466898734748,163.45214497641743,14.948398056050031,11.90402638481362,15.514191641294804,85.0,47.0,79.0,-0.5305995969992603,0.19988627808807274,0.8237169073755378,16.044156385270725,0.8396092035812031,-0.00936877740718341,0.5431101281247046,14.544831484554404,-0.11627748245451841,-0.9797743116871317,0.16285528923571033,11.699722811510208,86.72230237613073,75.86503805262544,51.60761991392245,23.52740450267057,7.232691633342277,110887.0,339536.37658780976, 0.0, 0.0,0.0,NaN, 148.0472079199079,148.0472079199079,0.0, 223.45460444212034, -13.370865382794648, -18.63103111857846, -13.370865382794648, 141.7058441703388, 19.465531665691984, -18.63103111857846, 19.465531665691984, 240.6901422828216, 6.436271880601462, 4.762920134336544, 21.0, 0.0
36, 0 ,1.0,1.0,1.0,128.62189165980894,93.01719202833733,209.46934595155463,14.403516462008799,12.617084464937582,14.441793049852363,69.0,63.0,69.0,0.6631534447217361,0.08007649443990346,0.7441876536142689,15.36275483493351,-0.63676184059522,0.5829342233980921,0.50469995992971,14.286964110742954,0.3933978483869509,0.808563817041969,-0.4375644942806008,11.622646589377208,72.27260789871502,71.0031453854082,58.839340707035475,23.07342994163305,6.544793662913548,111796.0,301938.93026089645, 0.0, 0.0,0.0,NaN, 182.73365412376427,182.73365412376427,0.0, 207.46128647135848, -20.26419796567117, 27.62431323766668, -20.26419796567117, 159.19082039536926, 26.324035896464277, 27.62431323766668, 26.324035896464277, 208.56538649476403, 6.666805040278014, 4.831025203135781, 27.0, 0.0
37, 0 ,1.0,1.0,1.0,282.3425784322293,255.37908546709778,245.60612383116316,11.132707761182328,13.896551671377752,15.82803276325045,45.0,74.0,90.0,0.21072029333506737,0.336271941481494,0.9178878686141623,16.253651610720183,-0.13673565473236057,-0.9196008971174565,0.3682900361748617,13.68839435623395,-0.9679361129236246,0.20311418314099816,0.14779820670518753,10.771472548878648,93.85004444940262,78.19289713285846,54.87880378691045,22.594721204454252,7.55357698701716,91544.0,402722.9908121066, 0.0, 0.0,0.0,NaN, 72.53622760280062,72.53622760280062,0.0, 123.93718209588924, 19.469670329746794, 25.063142866063107, 19.469670329746794, 193.1141483552718, 21.56603037541658, 25.063142866063107, 21.56603037541658, 250.52662115452966, 6.414717823023795, 4.92129868742524, 16.0, 0.0
38, 0 ,1.0,1.0,1.0,133.69373687485415,278.60708174535273,54.54952555028389,13.651250079616815,12.415541301179903,14.827301620514445,62.0,52.0,72.0,-0.07545824857835857,-0.049652201136195215,0.9959119999497031,14.841004843616489,0.9790980551576275,-0.19286752822859315,0.06456868390748619,13.689711074910056,0.18887310848302005,0.9799677420595658,0.06316781945451086,12.356680533237443,72.06335630178911,67.32111292248936,57.535328202612504,22.69137512496925,6.741859003358299,102856.0,279126.04818656004, 0.0, 0.0,0.0,NaN, 145.97028111493734,145.97028111493734,0.0, 186.3566287362381, -6.303359239515877, -2.8827039321040546, -6.303359239515877, 154.14566580130395, -3.77356181857029, -2.8827039321040546, -3.77356181857029, 219.84887334571027, 6.250289481068319, 4.65286278528588, 15.0, 0.0
39, 0 ,1.0,1.0,1.0,199.96200089894373,175.02850400779084,190.4338059030639,14.413797703370697,12.34268042197004,14.163288933288598,75.0,65.0,66.0,0.9012266096424928,0.2925672654590603,0.31967951647564985,14.663708523699256,0.32604993447273894,0.028134070227535904,-0.9449338147842707,14.115427146249948,-0.2854505881980628,0.9558309836337383,-0.07003636500518909,12.100762226045603,75.10313799228214,68.25492393459109,62.28500205073526,22.764557536898042,6.517131101158594,106792.0,319282.8220156685, 0.0, 0.0,0.0,NaN, 193.98512046948642,193.98512046948642,0.0, 207.75756423369438, 18.571135190497518, 3.4900964899490576, 18.571135190497518, 152.34175999888254, 5.011494258287883, 3.4900964899490576, 5.011494258287883, 200.59875340781528, 6.7061127075004965, 4.827624421603007, 34.0, 0.0
40, 0 ,1.0,1.0,1.0,103.97760360480768,216.98744618087045,276.6150130311507,14.385225247460182,14.778568271993926,12.618043240998567,73.0,70.0,54.0,-0.6302668604318848,0.7712097538857058,0.08943824770691333,15.665265639912587,-0.7576670573064882,-0.5858427499327793,-0.287626324636194,13.522156850005508,-0.16942347804794197,-0.24904575455676206,0.9535574954995589,12.502260890602312,83.94164897405385,65.70250633067883,62.79914383859992,23.083623030785912,7.190420613180928,104749.0,346348.3763308497, 0.0, 0.0,0.0,NaN, 135.0899099063496,135.0899099063496,0.0, 206.93470542016584, -31.52436253577307, 0.7619816950145779, -31.52436253577307, 218.40608016998556, 10.617779092267615, 0.7619816950145779, 10.617779092267615, 159.21501523170963, 5.491688013957915, 4.394229396400313, 22.0, 0.0
41, 0 ,1.0,1.0,1.0,175.50867558102516,279.892261620503,173.07412050302452,13.015351686595643,11.530014047879169,16.360039287508464,70.0,50.0,76.0,0.2519433273141992,-0.07558723081437412,0.964785535940328,16.589264647280757,0.9166857575541667,-0.3009000881809673,-0.2629569524276382,12.88659558619549,-0.31018024069755823,-0.9506554094257822,0.006520031464952678,11.345635355466326,78.68268001325066,72.00137747122763,56.43019697954401,22.83164021618147,6.97908976856703,100512.0,319691.8135871366, 0.0, 0.0,0.0,NaN, 178.92062453615983,178.92062453615983,0.0, 169.39937952576807, -13.089298313963292, 26.60416036812899, -13.089298313963292, 132.94122394429098, -7.727588238944213, 26.60416036812899, -7.727588238944213, 267.65088548882045, 6.555442640333134, 4.931705257282042, 26.0, 0.0
42, 0 ,1.0,1.0,1.0,240.05835112330996,93.82649181661075,186.74830741079597,13.624637679641696,12.272588703657219,13.453647222832737,66.0,61.0,69.0,0.7792980315940015,-0.37385308690842034,0.5029199214216513,14.295749516714704,0.44593546497313363,-0.23300426837519245,-0.8642051677687054,13.15671195469358,-0.44026825803470065,-0.8977432151389323,0.014865417555640114,11.822871279162964,70.43650410926406,66.6208069351672,59.60844597184277,21.91060261256113,6.096991236793696,98370.0,279714.8228236924, 0.0, 0.0,0.0,NaN, 158.81548322184614,158.81548322184614,0.0, 185.63075190151224, -22.27929310793271, 12.473301976842823, -22.27929310793271, 150.61643348913475, -5.434562255896458, 12.473301976842823, -5.434562255896458, 181.00062359643505, 6.7722561770418235, 4.747982772372483, 19.0, 0.0
43, 0 ,1.0,1.0,1.0,118.51025514157416,169.72989348096007,271.8250137699898,14.476246500761286,12.115237516010533,14.424801233150474,69.0,58.0,63.0,-0.8167177721810548,-0.0067288920281217725,-0.5769980958510069,14.53158626511555,0.5732565963364262,0.10481562318461433,-0.812644177911339,14.392467785106085,0.06594660992340647,-0.9944689070798014,-0.08174740051595093,12.087408949408493,72.16709112403822,75.8906735688656,57.97095566825578,22.823015166027773,6.597390557431503,107117.0,317495.8607227249, -1.4210854715202004E-14, 0.0,0.0,35.24243288915941, 178.35024831848222,178.35024831848222,3.3036247397782844E-6, 209.56171275080337, 4.025077364108109, 2.225279109512566, 4.025077364108109, 146.77898006934907, -4.9464499247818345, 2.225279109512566, -4.9464499247818345, 208.07489061589945, 6.107229114436277, 4.553389378974983, 18.0, 0.0
44, 0 ,1.0,1.0,1.0,92.02735303076454,268.2679691919412,40.785144249597494,12.222038526641724,15.397268580240462,14.94440668783028,63.0,65.0,74.0,0.2804231040387872,0.6806517812833599,-0.6768131465604377,16.445249114515338,0.31222000509670106,-0.7314412375220463,-0.606227997101448,14.440149892599786,0.9076792115823008,0.04131426736620933,0.41762612486927375,11.437886577983889,83.95655375736308,69.28755398198285,57.66609339147031,23.66415697543454,7.056704002015946,114905.0,335451.98362701596, 0.0, 0.0,0.0,NaN, 105.54327774194356,105.54327774194356,0.0, 149.37822574671458, 8.906799293587973, -41.20462737371228, 8.906799293587973, 237.07587973206012, -29.86926048987667, -41.20462737371228, -29.86926048987667, 223.33529125126643, 6.7316777081803085, 4.622094589285605, 15.0, 0.0
45, 0 ,1.0,1.0,1.0,51.55599396256132,187.16142765737536,47.18591373681361,15.806530567679932,11.593638389692288,15.588317936456162,74.0,59.0,80.0,-0.9708114575804137,-0.20167161515570686,0.12982169876827657,15.996023783053484,-0.10786267917316034,-0.11634333015952728,-0.987334731471034,15.612728100732047,0.21422127875675773,-0.9725187860231176,0.09119459720805698,11.297099635330607,74.59567458563929,80.67017812952146,58.723298560771866,24.02710519362143,7.067724655125829,121906.0,353376.0436267912, 0.0, 0.0,0.0,NaN, 132.72932749384142,132.72932749384142,0.0, 249.84640858700007, 26.566474126054302, -3.79569543063907, 26.566474126054302, 134.4124511109468, 9.982440598274026, -3.79569543063907, 9.982440598274026, 242.99565608804093, 6.558683905648753, 4.7396293460135785, 27.0, 0.0
46, 0 ,1.0,1.0,1.0,279.9153225428542,234.9760447614317,50.818002043130676,12.276064840018329,13.404715440240297,16.53955706415322,50.0,60.0,80.0,0.32778577350752824,-0.023201716387621484,0.944467133913478,17.042105242034026,-0.0010085523008020784,0.9996892307746253,0.02490832582681339,13.402632260030343,-0.944751538505404,-0.009117139348859854,0.32766050763216126,11.570704787970438,91.87409249521097,60.78578562073443,62.055236883508314,23.40946036635785,7.479457014011945,106699.0,346556.0892596633, 0.0, 0.0,0.0,NaN, 84.93514205015818,84.93514205015818,0.0, 150.7017679563342, -1.236735448134063, 48.46471521251063, -1.236735448134063, 179.6863960338166, -2.291382175819284, 48.46471521251063, -2.291382175819284, 273.5569478783807, 6.184727903551684, 4.520274799507547, 14.0, 0.0
47, 0 ,1.0,1.0,1.0,187.38427575076372,66.99165369761945,61.808265606086806,11.894633456163412,12.753710989805779,13.470148144820774,58.0,63.0,73.0,0.10238673518297903,0.3704890301922962,0.9231764917748622,13.604765177305731,-0.21643951767510877,-0.8975220319665574,0.38419804440312766,12.6664680284412,-0.970912401634224,0.23914865803887173,0.01170588360910976,11.83449586024852,69.31205416745348,63.54403796155427,57.34100756872573,21.183912917749023,6.068457267263706,86745.0,252550.8874246328, -2.8421709430404007E-14, 0.0,0.0,84.12337404639653, 144.88079482993723,144.88079482993723,0.0, 141.48230505648195, 5.668098629817903, 2.5616378383388634, 5.668098629817903, 162.65714401149268, 8.373971805853774, 2.5616378383388634, 8.373971805853774, 181.44489104341852, 6.014894204427546, 4.541053459656205, 30.0, 0.0
48, 0 ,1.0,1.0,1.0,230.3488026277826,241.3381494551346,286.56481789733004,17.995938770612785,16.29525591431006,7.929811095973164,105.0,92.0,32.0,-0.9029907673232546,-0.4295366044682762,0.01029463699331479,18.46766127030001,-0.4285786527464443,0.9021584704884552,0.04929941719710526,15.773942843340528,-0.030463298229232265,0.040104856910294764,-0.9987309887618397,7.899322499227869,112.85456795660934,83.58572960045734,33.55743142804647,24.111392042324116,8.420917725977363,90114.0,316548.3044110086, 0.0, 0.0,0.0,NaN, 92.04893330649526,92.04893330649526,0.0, 323.85381223564434, 36.00358752609144, -6.529133721162935, 36.00358752609144, 265.5353653128571, 7.058912810801638, -6.529133721162935, 7.058912810801638, 62.88190401781911, 6.824031957782828, 5.127927266455304, 17.0, 0.0
49, 0 ,1.0,1.0,1.0,80.65724270969035,279.82281541236597,120.79091091291713,11.853291853389294,11.930492068485314,13.458342774706836,59.0,49.0,63.0,-0.31421378141960876,0.30226683556193984,0.8999469204821814,13.779686220851186,0.5694505587344018,-0.698478432128183,0.43342120507519355,11.999992680153616,-0.7596023701405018,-0.6486621924940027,-0.04734553100140973,11.40546282841969,67.57145033235639,65.07474376942298,56.775687332342784,20.68996614394581,5.990781248023415,79832.0,249653.7580413648, 0.0, 0.0,0.0,NaN, 146.63953675112873,146.63953675112873,0.0, 140.50052776162502, -11.213902969629027, -13.474174575230961, -11.213902969629027, 142.336640996191, 12.053091928840677, -13.474174575230961, 12.053091928840677, 181.12699024150368, 6.755044685820606, 4.80786288037517, 18.0, 0.0
