// Sample: .//bubblelabels.tif, Map: .//bubblelabels.tif, Thickness:(8.191250068658265):/gpfs/home/mader/Foam/NewValid/InSilicoTest/LatticeData_OldFoam/out_Step_03500.vtk/distmap.tif, Neighbors:(1.0):
//LACUNA_NUMBER, TRIANGLES, SCALE_X, SCALE_Y, SCALE_Z, POS_X, POS_Y, POS_Z , STD_X, STD_Y, STD_Z,PROJ_X, PROJ_Y, PROJ_Z, PCA1_X, PCA1_Y, PCA1_Z, PCA1_S, PCA2_X, PCA2_Y, PCA2_Z, PCA2_S, PCA3_X, PCA3_Y, PCA3_Z, PCA3_S,PROJ_PCA1, PROJ_PCA2, PROJ_PCA3,OBJ_RADIUS, OBJ_RADIUS_STD, VOLUME, VOLUME_BOX, Mask_Grad_X,Mask_Grad_Y,Mask_Grad_Z,Mask_Angle, Mask_Distance_Mean,Mask_Distance_COV, Mask_Distance_STD, SHAPET_XX, SHAPET_XY, SHAPET_XZ, SHAPET_YX, SHAPET_YY, SHAPET_YZ, SHAPET_ZX, SHAPET_ZY, SHAPET_ZZ, Thickness, Thickness_STD, Neighbors, Neighbors_STD
1, 0 ,1.0,1.0,1.0,79.56606945233752,138.2188974964855,39.75626476834265,15.455156560233675,15.552360580221668,16.17389411694938,86.0,82.0,80.0,0.050958736317572174,-0.4899608167722293,0.8702537590960503,16.45770492960202,0.9973514546328972,0.07024750356221539,-0.018851105668388216,15.452995636684395,-0.05189685091178804,0.8689094810572427,0.49224285733190015,15.253901439553843,90.64112169002723,85.20846849915445,92.05053008446342,26.22473776087156,7.388894653341314,167165.0,710942.250535022, 0.0, 0.0,0.0,NaN, 164.36478826551848,164.36478826551848,0.0, 238.86186430133398, -0.5248085029757094, 1.577985426172044, -0.5248085029757094, 241.87591961723288, -16.285348251148346, 1.577985426172044, -16.285348251148346, 261.59485090628976, 6.995173248503077, 5.5182123231888625, 53.0, 0.0
2, 0 ,1.0,1.0,1.0,58.625540365583376,261.4027012793224,12.844122358517478,15.013806183207114,18.61824813636032,8.134853434862665,85.0,90.0,33.0,-0.3326721579152603,-0.9430181251203494,-0.006786091843282317,19.077957131140078,-0.9378239505821366,0.33006667305836745,0.10743476648969393,14.483641207028512,-0.09907306931007295,0.04210471506472877,-0.9941889759531632,8.030259601602975,93.26986831083232,74.95221340374214,38.02938160152702,23.845308793984508,8.344496911152104,91142.0,265855.1572059878, 0.0, 0.0,0.0,NaN, 71.35598735110064,71.35598735110064,0.0, 225.41437610690815, 48.97873419457535, -13.962662088018183, 48.97873419457535, 346.6391636670846, 7.068620143022437, -13.962662088018183, 7.068620143022437, 66.1758404066969, 7.627316312933295, 5.5209988723656505, 21.0, 0.0
3, 0 ,1.0,1.0,1.0,77.6100405570696,14.710059869959872,258.99571897598764,15.58022173829482,9.137150604408202,16.47005892032467,69.0,39.0,82.0,-0.6175948501486431,0.1072970045236393,0.7791430894836514,17.798567894045146,0.7734192609769446,-0.09704599207226623,0.6264221597074826,14.18068172809847,-0.14282593538903338,-0.9894793723180711,0.023050465012315318,8.92260713404313,95.35659570722385,74.3127014620868,41.289818856850985,23.16951928105462,7.788905424119705,93202.0,292588.1715872715, 0.0, 0.0,0.0,NaN, 89.0003107800415,89.0003107800415,9.5367431640625E-7, 242.7433094144345, -24.834594472503813, -55.27299407542466, -24.834594472503813, 83.48752116763718, 12.442944506428146, -55.27299407542466, 12.442944506428146, 271.26284083896627, 7.028709200705759, 5.264459796621332, 30.0, 0.0
4, 0 ,1.0,1.0,1.0,154.3987605890045,177.25168002728978,14.109295582466315,15.849208010613749,14.992826497129784,8.817135469527896,76.0,65.0,38.0,-0.7972236835825959,-0.6022705405628459,0.04128673279801138,16.974073161994276,0.5974771804816802,-0.7969614835014815,-0.08873225241578825,13.751744901375043,0.0863447574474481,-0.04607157242003904,0.9951994740131681,8.74611178087258,79.81892201887902,65.91784786296348,40.782293702676775,22.426849557294965,7.124642991701003,87945.0,214575.69404173593, 0.0, 0.0,0.0,NaN, 190.9605802148032,190.9605802148032,0.0, 251.19739456370306, 47.98644417673545, -12.935970058349058, 47.98644417673545, 224.7848463730369, 2.7015617895013246, -12.935970058349058, 2.7015617895013246, 77.74187788800691, 8.23414617527459, 5.542986503261699, 23.0, 0.0
5, 0 ,1.0,1.0,1.0,17.349483541658294,163.995719625417,12.77245689481934,10.526850432845318,14.580472248163282,8.182610643618071,45.0,75.0,36.0,-0.06637608259058146,0.9974109565731378,0.027669466344450486,14.599739954024132,-0.9976425301938706,-0.066824686947924,0.01561547830469689,10.505949946494535,-0.01742405257971882,0.026567742135347752,-0.9994951512986587,8.175113268733949,75.13785533911874,49.052659927800164,36.667406783081525,18.70736106623713,6.355667541452334,49762.0,135145.4889296855, 0.0, 0.0,0.0,NaN, 137.70005270333223,137.70005270333223,0.0, 110.81458003549565, -6.7841437242399065, -0.9470639817087672, -6.7841437242399065, 212.59017097945966, 3.9926758031950946, -0.9470639817087672, 3.9926758031950946, 66.95511694505174, 7.469634445412817, 5.209135221083715, 17.0, 0.0
6, 0 ,1.0,1.0,1.0,172.07373914225977,98.77483893997858,10.939332642064288,13.355368808338342,15.589351692381593,7.0246352928681315,64.0,74.0,28.0,0.0740461725519976,0.9921550427220817,0.10072504917618402,15.668991217015007,0.9959448059280828,-0.06839541899145306,-0.05844664409405658,13.354430492451261,0.05109900072676117,-0.10464433984754493,0.9931960804708192,6.846982083860061,76.32252821558168,66.57949083647514,30.5688123768596,20.54302991054949,6.980199516316257,58829.0,155335.8807022243, 0.0, 0.0,0.0,NaN, 161.99156158058062,161.99156158058062,0.0, 178.3658760067367, 5.638082385870397, -6.170729147210993, 5.638082385870397, 243.02788618876082, 20.37618181809615, -6.170729147210993, 20.37618181809615, 49.345500997808536, 6.368655212418948, 4.792293925788741, 25.0, 0.0
7, 0 ,1.0,1.0,1.0,281.1229779301221,206.44493555435284,208.71092669432917,12.441077700292176,14.493895084739917,14.950893669529473,50.0,80.0,73.0,-0.3964622050962975,-0.09402518931708875,0.913223402954648,15.461437328565928,0.05200812215744463,0.9908436403229863,0.12459548812516688,14.508384875487582,0.9165767153707529,-0.09689243626505595,0.3879419810162141,11.782756665113775,81.3799302480909,76.70299409736782,60.09508843199103,23.117742574770933,7.345243960295845,99774.0,375118.60857715394, 0.0, 0.0,0.0,NaN, 132.0703863500974,132.0703863500974,0.0, 154.78041434470728, 7.4288155305801045, -35.82212871641331, 7.4288155305801045, 210.07299472744793, 0.24102302462267639, -35.82212871641331, 0.24102302462267639, 223.52922151757647, 7.094579700252198, 5.050227305367711, 32.0, 0.0
8, 0 ,1.0,1.0,1.0,189.94684768494292,113.98107448107449,234.47844835940074,13.2055168812454,13.252933666734819,13.637570820334018,64.0,69.0,71.0,0.6079646737784936,-0.19006045790599208,0.7708800021909857,14.193826446811887,0.14370371941732168,-0.928548456591017,-0.3422674462873547,13.29101520907136,0.7808509438190089,0.3188648398663675,-0.5372122647836309,12.56556685014144,67.93524888585921,66.4574917794799,63.453406727673496,22.29998580078032,6.222531481668455,103194.0,286479.8369205804, 0.0, 0.0,0.0,NaN, 171.4539454306407,171.4539454306407,0.0, 174.3856761008572, -7.537597209831065, 19.49784182463432, -7.537597209831065, 175.6402507748732, -0.42239461939738016, 19.49784182463432, -0.42239461939738016, 185.98333787962588, 6.416027319571199, 4.810668007630437, 37.0, 0.0
9, 0 ,1.0,1.0,1.0,121.95031972454501,186.64738950179185,114.96563839505305,12.492378447758155,12.886348750347457,14.631196438246818,64.0,68.0,78.0,0.030803784304534704,-0.27731504034867577,0.9602851114481221,14.780410364284675,0.3017985489876966,-0.9133192207402447,-0.2734330573565553,12.74234438586166,-0.9528739490097525,-0.2982354261700725,-0.05555958851282663,12.464411002033193,77.42887784039613,67.93646014166191,67.62110918448451,22.242003756898516,6.440705046052672,99617.0,355703.52528786846, 0.0, 0.0,1.4210854715202004E-14,16.201760777072117, 202.33089926963535,202.33089926963535,0.0, 156.05951928201242, -2.4700811041853297, 1.2883638778231759, -2.4700811041853297, 166.05798411558146, -15.053785857187068, 1.2883638778231759, -15.053785857187068, 214.07190921456638, 6.282004783995264, 4.664215721812288, 36.0, 0.0
10, 0 ,1.0,1.0,1.0,260.3077986672556,141.04605073646613,126.59382981583546,13.790042072616947,13.313116088276313,13.346563409890921,71.0,68.0,64.0,-0.7992085571939834,-0.3899514907087431,0.4573877097189428,14.060118788414682,-0.5960336774819937,0.6123268394625594,-0.5194224648405993,13.302926345748416,-0.0775212062290175,-0.6877453573582458,-0.721801070944742,13.072118630656906,74.5335310041628,68.08335004477541,66.30262884123275,22.459930420255652,6.409883050090922,104146.0,336452.19155384874, 0.0, 0.0,1.4210854715202004E-14,62.78133077543557, 193.63743703745305,193.63743703745305,2.6973983046972182E-6, 190.16526036454547, 6.132600364794103, -7.914454790164049, 6.132600364794103, 177.23905997992162, -6.717396806375215, -7.914454790164049, -6.717396806375215, 178.13075485423917, 6.213231065915746, 4.635261532223976, 37.0, 0.0
11, 0 ,1.0,1.0,1.0,23.03187372398452,133.03375283135773,191.6644625245046,13.195252799797847,13.309241283380073,13.290455729486624,59.0,65.0,65.0,0.480910237312218,-0.6395806580382795,0.5997182050860447,14.155056873698342,-0.8417062468384063,-0.14527869697376658,0.5200237439183016,12.91021510296558,-0.2454708489444504,-0.754871301659379,-0.6082050478659023,12.682567736257905,86.92595528619951,69.42728098437702,63.26150720209745,22.08438788087712,6.3377145260879875,98451.0,381785.2660387181, 0.0, 0.0,0.0,NaN, 173.1041168769155,173.1041168769155,0.0, 174.11469645057295, -11.442584802437667, 8.847303903445416, -11.442584802437667, 177.13590353922848, -15.59804378796609, 8.847303903445416, -15.59804378796609, 176.63621349744383, 6.326166228802587, 4.677227207166069, 36.0, 0.0
12, 0 ,1.0,1.0,1.0,47.02413815299451,248.74293096948017,213.85578717965222,13.367778840373488,14.422827817851152,13.154217485048376,62.0,70.0,65.0,-0.055254119464876426,0.8571232630540799,0.5121393308599594,14.997369372048047,-0.8337950600516043,-0.32178982523685334,0.44859459003378127,13.987281193347078,-0.5493020845725075,0.4022325450601449,-0.7324453560360229,11.79761788536419,69.88157884311454,66.7810765300202,63.67592154151686,22.769390241719357,6.426801619216325,108749.0,297160.6934682355, 0.0, 0.0,0.0,NaN, 110.72209398791534,110.72209398791534,0.0, 178.69751112513717, 11.088182936901681, -23.544340098268407, 11.088182936901681, 208.01796226338104, 29.48558962743879, -23.544340098268407, 29.48558962743879, 173.03343764395242, 7.011954805230464, 4.918130210713218, 42.0, 0.0
13, 0 ,1.0,1.0,1.0,263.9577380117428,280.8480151493898,26.065937919563954,15.612031395896656,11.119186564633148,13.998364253613317,74.0,51.0,63.0,-0.9936295727735219,0.016883831500613813,-0.11142355381052427,15.63224217791362,0.11203988595581549,0.041505387548840825,-0.9928365256976741,13.981460288410672,-0.012138206824559126,-0.998995615124651,-0.04313264305378014,11.112056903970313,74.05534445987271,66.78534078936977,52.356121870300484,22.701510691616086,6.925853612445674,99806.0,258943.50529737686, 0.0, 0.0,0.0,NaN, 48.42805274399059,48.42805274399059,6.743495761743046E-7, 243.7355243064629, -1.6932355980585552, 5.374628039844545, -1.6932355980585552, 123.6363098591183, -3.1945452948533934, 5.374628039844545, -3.1945452948533934, 195.95420177683914, 6.278581738945569, 4.733957830333498, 23.0, 0.0
14, 0 ,1.0,1.0,1.0,135.6761569540246,21.172935176511775,249.5256937939387,15.016070678030259,12.79398665180711,13.795133701384525,72.0,55.0,70.0,0.8704805389026846,0.13997439859412925,0.471880068587246,15.60699428235064,0.36327772804146335,0.4641620571176418,-0.8078260190420656,13.356655068541434,0.33210378453237294,-0.8746203476197721,-0.3531944561126979,12.549728353393737,81.84291993757034,72.54658547509712,61.783646299655736,23.023460013965202,7.028120365974253,105687.0,366835.7282439189, 0.0, 0.0,2.8421709430404007E-14,61.843594782964765, 146.30095125044514,146.30095125044514,0.0, 225.4823786076001, 14.013652382519075, 29.224733371098544, 14.013652382519075, 163.68609444661848, -2.152564700216957, 29.224733371098544, -2.152564700216957, 190.30571383907514, 6.837032328723008, 4.684392988651903, 30.0, 0.0
15, 0 ,1.0,1.0,1.0,237.86374133949192,241.43466868004975,10.009793036063243,13.86249978423064,11.740290639672065,6.842527855296144,67.0,54.0,28.0,-0.9930822950983037,0.06752646970164386,-0.09606107979779563,13.920341054518616,-0.06895193356493251,-0.9975526093994262,0.011594064776984936,11.730670580635877,0.09504307455013555,-0.018137457650639878,-0.9953079154764262,6.740844507682781,68.38258878676311,54.06749666361836,30.706846510953188,18.423304059666044,6.11599374978121,45032.0,113531.66794255351, 0.0, 0.0,0.0,NaN, 85.97097550665534,85.97097550665534,9.5367431640625E-7, 192.1689002677945, -3.6076539567244383, 14.077147141350316, -3.6076539567244383, 137.83442430397147, -2.0282174650892943, 14.077147141350316, -2.0282174650892943, 46.82018745050364, 6.083310914382558, 4.590826677446169, 15.0, 0.0
16, 0 ,1.0,1.0,1.0,144.34639423913168,151.88479422985495,58.75452531975834,12.350172613575502,11.848409387842167,13.837010468632242,62.0,65.0,69.0,0.33673633238377515,0.15355819327005688,0.9289932850846447,14.030583033415715,-0.730292076451096,-0.5801977790571391,0.36061616748269953,12.61020677785892,-0.5943754079077216,0.7998690008100073,0.08323134035764441,11.335777524198463,71.7138899427766,66.3697694207035,60.46224696240315,21.16004770169958,6.052008639936982,86237.0,287778.186901533, 0.0, 0.0,-7.105427357601002E-15,21.7215735554576, 215.00253476580536,215.00253476580536,3.814697265625E-6, 152.52676358511033, 16.465338854155103, 13.347029925068965, 16.465338854155103, 140.3848050219064, 3.3663648903812042, 13.347029925068965, 3.3663648903812042, 191.46285870903827, 5.606873749444954, 4.459656173470817, 33.0, 0.0
17, 0 ,1.0,1.0,1.0,34.20686473834378,10.65894995814184,71.98657121867045,15.20618138774427,7.315798162434939,13.753222938270026,75.0,31.0,65.0,0.9744288665233981,-2.897120314873658E-5,0.2246962021187623,15.28368381230992,0.22464419994711754,-0.021387864587680248,-0.9742061089310101,13.669276518362484,0.004833995867372933,0.999771253041939,-0.020834444434776327,7.311626695209724,78.69962798463021,68.08370100858049,31.589954041053723,20.541884516895593,7.2063150662986395,58531.0,169264.08946678092, 0.0, 0.0,0.0,NaN, 80.4101314839009,80.4101314839009,0.0, 231.22795239698024, -0.6459750575452593, 10.247588383665741, -0.6459750575452593, 53.52090275348643, 2.7781506324357697, 10.247588383665741, 2.7781506324357697, 189.1511411897568, 6.27848131223525, 4.5378800810784945, 27.0, 0.0
18, 0 ,1.0,1.0,1.0,218.64235063439335,29.760358268053796,269.7534194420384,12.548242663173514,13.989157723905908,14.24897091040232,68.0,65.0,64.0,-0.2934285341340156,-0.6234338742850978,0.7247274658448065,15.013580044937607,-0.08333628125317874,-0.738530965568057,-0.6690493831728744,13.414356392077137,-0.9523417241635763,0.2567142716932305,-0.16475139794903235,12.281512797057465,76.36849658112654,75.28003631092682,60.69224568048844,22.651116478647968,6.566203015012608,105061.0,348921.1282124941, 0.0, 0.0,0.0,NaN, 91.75838746397613,91.75838746397613,0.0, 157.45839393388792, 15.433286014050147, -14.235142102829974, 15.433286014050147, 195.6965338243163, -19.309754891994174, -14.235142102829974, -19.309754891994174, 203.03317200549154, 6.275316885095079, 4.6229261952782625, 36.0, 0.0
19, 0 ,1.0,1.0,1.0,161.5808949207888,256.74543993469223,281.533623306717,15.006004250993776,12.772163110607043,9.997438936419329,73.0,69.0,44.0,-0.9498050444409939,0.31273600797508233,0.008158852263099545,15.257147306056126,0.3088824243444717,0.9415997550792401,-0.1340952988206464,12.512941016178683,-0.04961880173405695,-0.12484426518877792,-0.9909348535418213,9.944991835047697,76.52869642761944,65.94510964834538,46.44853951516865,21.124961129708026,6.480209615480049,78398.0,234411.532105302, 0.0, 0.0,0.0,NaN, 146.1910143803348,146.1910143803348,0.0, 225.1801635808433, -22.99359779670163, -3.426168256986139, -22.99359779670163, 163.12815052395135, -6.940157652846315, -3.426168256986139, -6.940157652846315, 99.94878528743324, 6.665609089250485, 4.879156271844909, 31.0, 0.0
20, 0 ,1.0,1.0,1.0,40.992122390665926,85.67178942773236,38.14018969759505,12.40816961042174,12.310590304373497,15.677239127109763,58.0,59.0,78.0,0.06938336636506243,-0.011409855819298641,0.9975248185694601,15.691858830227035,0.9973273452280823,-0.022154002981903106,-0.06962303219612874,12.390212512516754,-0.022893556564170508,-0.9996894594533148,-0.009842241908350235,12.310050110320773,79.16037360826122,58.15830308822582,59.14150295636288,22.507034678937238,6.687490062266472,100792.0,272277.6030325269, 0.0, 0.0,0.0,NaN, 102.34590207726728,102.34590207726728,1.9073486328125E-6, 153.9626730809936, -0.11871576310004907, 6.416653212753906, -0.11871576310004907, 151.55063364213476, -1.0747518117891797, 6.416653212753906, -1.0747518117891797, 245.77582664858127, 5.97858576267261, 4.405443044302664, 34.0, 0.0
21, 0 ,1.0,1.0,1.0,190.78514818256917,282.1441165840562,60.01013269310202,14.065764647668374,10.06068812295167,13.179668970687839,66.0,43.0,69.0,0.9827580009484956,0.15922438246612186,-0.09399099744123918,14.164895014239761,-0.09593660771806431,0.0045595497338424135,-0.99537700285157,13.171675377952035,-0.15805973197265383,0.9872318909630637,0.019756381101459584,9.931242207358942,67.68387301419023,68.1785324094988,47.03535148485554,20.816959864266202,6.278617428811816,77472.0,217048.72761226053, 0.0, 0.0,0.0,NaN, 125.88857158579115,125.88857158579115,1.3486991523486091E-6, 197.8457351235974, 15.930411252343182, -2.27419379031545, 15.930411252343182, 101.21744550730077, -1.8664824906868922, -2.27419379031545, -1.8664824906868922, 173.70367417691185, 6.128190681169049, 4.671640430867828, 33.0, 0.0
22, 0 ,1.0,1.0,1.0,281.35950829678205,105.54633848599697,169.1258215162742,10.594431880716387,12.094080718627557,13.007351696040184,44.0,62.0,67.0,0.09634027159153578,-0.4366150431186432,0.8944751847827718,13.252143985505155,0.31534543400424797,-0.8389731265684114,-0.44348771138408755,12.001970021094477,-0.9440740486436123,-0.3247943919136046,-0.05685766139343133,10.39391018089376,68.76983839181972,58.93621379487858,51.62258755263292,19.865988414775508,5.748258671311676,70449.0,209228.09725843242, 0.0, 0.0,0.0,NaN, 169.16130790617723,169.16130790617723,0.0, 112.24198687513976, -12.37097921666523, 0.7875387650260531, -12.37097921666523, 146.26678842867884, -12.995255352664707, 0.7875387650260531, -12.995255352664707, 169.19119814447944, 6.220957189189186, 4.627688543851429, 21.0, 0.0
23, 0 ,1.0,1.0,1.0,278.2102006541147,207.00114912048087,11.387651374524882,12.621854193904845,12.382209035453906,7.213308381811488,48.0,67.0,28.0,-0.8153144794989887,0.5788002608044898,-0.015892061286917794,12.860243262774135,-0.5789718753596174,-0.8152897533174808,0.009704930607094925,12.135982028171421,0.007339418359841475,-0.017113626973114165,-0.9998266133235122,7.210700738149808,68.09100011746287,59.811514711437724,28.924360895710656,18.12037664605519,6.026115822489509,45252.0,117798.10003022586, 0.0, 0.0,0.0,NaN, 96.19386791408637,96.19386791408637,1.3486991523486091E-6, 159.3112032921933, -8.53128989733076, 0.9338075692901809, -8.53128989733076, 153.31910059767634, -1.7969627391381027, 0.9338075692901809, -1.7969627391381027, 52.031817811111864, 6.514293255186793, 4.682290194518063, 15.0, 0.0
24, 0 ,1.0,1.0,1.0,52.26976186397122,188.88708811604135,49.684723887841926,14.111620708131912,11.1207891784493,13.247075986573526,72.0,57.0,73.0,-0.8214186435871319,0.07098853842260207,0.565890483556756,14.818950167621734,0.5666505789961566,0.21404337074586405,0.7956711360625502,12.535816803635518,0.06464157555936338,-0.974241275481783,0.21604491166614365,11.024827715251545,75.7258577144477,64.98933324256066,58.65774710654526,21.414398985581375,6.302247951490297,87555.0,288676.65297316253, 0.0, -2.8421709430404007E-14,0.0,85.92923244107133, 132.46425548222322,132.46425548222322,0.0, 199.1378390101774, -1.3998530547973207, -29.528119393602843, -1.3998530547973207, 123.67195195151507, 10.001966539377912, -29.528119393602843, 10.001966539377912, 175.48502219405293, 6.0450561653522055, 4.303202431919811, 32.0, 0.0
25, 0 ,1.0,1.0,1.0,91.453364395752,268.269256600764,39.4949943332074,11.454601944843343,14.838112341783274,13.544699727087774,62.0,62.0,67.0,-0.02895426799352306,-0.871450657755229,0.48962781933110916,15.38163265155916,0.3001567466229842,-0.4748074922599313,-0.827323257711604,13.0798656196349,-0.9534503541462792,-0.12301055398547554,-0.2753194976504959,11.276474033311278,75.66744100700842,69.79167994782982,58.741744675961556,22.17640716582356,6.560742297542574,95292.0,310212.67621432437, 0.0, 0.0,0.0,NaN, 104.54861315842714,104.54861315842714,0.0, 131.2079057148089, -3.498598241890326, -12.45895505586253, -3.498598241890326, 220.16957786738115, -29.440557073012073, -12.45895505586253, -29.440557073012073, 183.45889069697165, 5.787007429113202, 4.255522294978972, 34.0, 0.0
26, 0 ,1.0,1.0,1.0,68.76728343815037,62.331259737748915,161.44857899944273,13.587438046864454,12.638860159968445,11.90389725194256,66.0,61.0,59.0,0.9599802068845872,-0.20576585182374324,0.1899958331466087,13.719622769261463,0.1308371668961113,0.9293034734282913,0.34536457553245337,12.681453210794258,0.24762802375422627,0.30668464013928376,-0.9190347617768407,11.70532887778132,65.58712722834235,61.983480569256784,64.91444357670949,21.219266173836363,5.98370885398551,87931.0,263897.88359575794, 0.0, 0.0,0.0,NaN, 166.76516864510793,166.76516864510793,0.0, 184.6184726773797, -7.221894803726158, 10.416556982925231, -7.221894803726158, 159.74078614323759, 5.637861401601699, 10.416556982925231, 5.637861401601699, 141.7027697848056, 6.306290323057769, 4.391190497832549, 36.0, 0.0
27, 0 ,1.0,1.0,1.0,123.97971088004059,169.03758317935342,274.6457737038513,13.072396541877787,11.687795167926897,12.937376600437313,66.0,57.0,60.0,-0.9291770224107717,0.3248347340023813,0.17638723482569313,13.227283922448821,-0.22475113245701359,-0.11764863860957803,-0.967287819778892,12.976816347343505,-0.2934569635962692,-0.9384248469743937,0.18232338604233683,11.467738140509747,67.72106131034823,63.141627318445956,63.51284965937404,20.923006743571776,6.090616499626935,82803.0,271582.0893190633, 0.0, 0.0,0.0,NaN, 182.11249303790103,182.11249303790103,0.0, 170.88755134809833, -12.139679241799072, 0.8980097318029262, -12.139679241799072, 136.60455588741533, 6.687600113928369, 0.8980097318029262, 6.687600113928369, 167.37571330154293, 5.683498287575099, 4.226846877861063, 29.0, 0.0
28, 0 ,1.0,1.0,1.0,277.5052411852793,207.77419793982847,287.7219675999456,12.908117114309562,12.677148617165345,7.0643631961365205,52.0,61.0,31.0,0.9336653808203793,0.3129418415345299,-0.174173363274966,13.052558835914033,0.32576065400603477,-0.9441341818051401,0.049906342770222004,12.68955959683657,0.14882524301709277,0.1033346532587953,0.9834495393647751,6.770568435419002,64.2896842043707,66.1282576546964,36.15857173391021,18.40421723036485,6.206416035272253,44074.0,153723.27914588034, 0.0, 0.0,0.0,NaN, 95.72023202746209,95.72023202746209,0.0, 166.6194874367314, 0.958868273265406, -18.378199721277568, 0.958868273265406, 160.7100970616972, -12.214865418281816, -18.378199721277568, -12.214865418281816, 49.905227366928194, 5.916079895339871, 4.421830700339356, 20.0, 0.0
29, 0 ,1.0,1.0,1.0,13.138985774859801,250.2976849952127,81.4798249213514,8.393288478866491,12.285579923444127,13.739000147065392,34.0,70.0,59.0,-0.08701951387952622,0.14201888001407828,0.986031562336479,13.791774764725414,-0.12327218655676457,0.9806441118581487,-0.15212197046928283,12.315586411933992,-0.9885502375831414,-0.13478784662383295,-0.06782819603103757,8.26172928357854,57.05007464199164,70.87241152956986,37.55016542367688,19.309473806806363,6.10631737549073,58488.0,151825.696465281, 0.0, 0.0,0.0,NaN, 96.34269527702216,96.34269527702216,0.0, 70.44729148947297, -11.59121326299561, -8.90010765944584, -11.59121326299561, 150.9354740553334, 4.634228701517411, -8.90010765944584, 4.634228701517411, 188.76012504106285, 7.686274553426329, 4.964132222168289, 24.0, 0.0
30, 0 ,1.0,1.0,1.0,32.78870529893337,288.9433768676656,207.04029241391103,13.062665462717646,6.767281674470332,13.517099927169248,77.0,27.0,87.0,0.5818182127084452,-0.054632363153376676,0.8114818989090444,14.048826289508359,0.8126746710198905,0.0787539921656106,-0.5773713603918127,12.535118910818996,0.0323642772739335,-0.9953959582067115,-0.09021884471815995,6.681511391326374,72.49750667234724,78.07788106968344,31.927946175798127,18.8728498181064,6.55414833801177,46783.0,180726.59733001783, 0.0, 0.0,0.0,NaN, 99.19100435403374,99.19100435403374,0.0, 170.6332289908764, 2.3447038526147197, 19.327304587382287, 2.3447038526147197, 45.79610126162197, -11.885669268656503, 19.327304587382287, -11.885669268656503, 182.71199044107888, 5.785907873654073, 4.4500983205844316, 23.0, 0.0
31, 0 ,1.0,1.0,1.0,60.29145290505193,44.2109858727792,34.986858399251936,11.957839454514493,12.05647820655725,13.980893883338295,63.0,60.0,67.0,-0.39253069177348693,-0.46166769612024633,0.7954763317502612,15.109193119523498,-0.6418220362290034,-0.48199555700895613,-0.5964434229954103,11.817327801747508,-0.658774718569773,0.744676588448066,0.1071104513605765,10.764619447304622,79.77706425197323,60.84592536569931,55.01244762086372,21.05073701589597,6.3781232372752505,79138.0,267036.4334675236, 0.0, 0.0,0.0,NaN, 82.545447033101,82.545447033101,9.5367431640625E-7, 142.9899244199435, 27.724981814606576, -25.999859599418066, 27.724981814606576, 145.35866674518994, -34.448236936646474, -25.999859599418066, -34.448236936646474, 195.46539377716616, 6.386624462897839, 4.351684571325706, 27.0, 0.0
32, 0 ,1.0,1.0,1.0,135.25734893106457,142.8748772905759,175.00084533158812,12.435352866425013,11.586783641272053,11.765914148934446,59.0,54.0,54.0,-0.8583874100291538,0.47858780899524356,0.18472889158053574,12.784528007904685,0.3081756908431208,0.19318884411053866,0.9315072807469615,11.789183020830103,-0.410120467517541,-0.8565230759252005,0.3133200002087761,11.175835500700705,66.16397476875918,55.71444841196427,60.623081674737705,19.90667797629064,5.572473756826188,73344.0,223474.22088643617, 0.0, 0.0,0.0,NaN, 233.09347839112624,233.09347839112624,0.0, 154.6380009125048, -14.996159315821632, -2.068512156873492, -14.996159315821632, 134.25355514964966, 5.9425005127617165, -2.068512156873492, 5.9425005127617165, 138.4367357600958, 5.573042248504523, 4.09765476147506, 31.0, 0.0
33, 0 ,1.0,1.0,1.0,238.94624838540534,95.47651324287341,185.2697811824588,13.297190629250636,11.368789928038595,12.044706518769722,67.0,54.0,59.0,0.9301116308252736,-0.3406956798046821,0.1371816604578549,13.592411944194518,0.15404125240096267,0.022798439764300696,-0.9878013584233705,12.018252260277887,-0.3334121274973239,-0.9398971671979539,-0.07368628319415618,11.04298729191699,72.53685422798418,60.6820926920505,55.742281873249254,20.423640327431844,5.832198038262512,78193.0,245360.13944900074, 0.0, 0.0,0.0,NaN, 161.26483893631024,161.26483893631024,0.0, 176.81527863063093, -19.82332452828517, 4.591445401888605, -19.82332452828517, 129.2493844278718, -3.4418815860552976, 4.591445401888605, -3.4418815860552976, 145.07495512329382, 5.780090791706908, 4.266655567035629, 32.0, 0.0
34, 0 ,1.0,1.0,1.0,273.9069957283117,65.61740433430994,239.67794601122716,13.668725140272654,13.239231689980713,12.079455954523967,58.0,72.0,58.0,-0.893218881507096,0.44383276028238056,-0.07192016837671798,13.858610157254668,-0.3849959831316792,-0.8376081572835071,-0.3875444075517013,13.251949082055042,-0.2322458238412136,-0.3184730063164701,0.9190412512809559,11.846912209282802,69.26843625691407,65.14821498394764,62.580246310113495,21.607058850455996,6.415572202971319,89426.0,282406.8147796945, 0.0, 0.0,0.0,NaN, 92.87216386473982,92.87216386473982,0.0, 186.8340469603217, -9.128542573206156, 8.583605181662856, -9.128542573206156, 175.27725574098957, 9.796661427639876, 8.583605181662856, 9.796661427639876, 145.91325615728454, 5.458528924790638, 4.187400383299215, 33.0, 0.0
35, 0 ,1.0,1.0,1.0,131.71144496792303,275.78553528468325,59.23867281475541,12.723592608550987,12.186271076945225,12.27868317646928,62.0,53.0,68.0,0.8084232590152648,0.049996841594718316,-0.5864743388364834,13.102450364939804,-0.40038638248437325,0.7770574549682018,-0.48566702214523294,12.740669114769362,-0.43144243996646264,-0.6274408557855414,-0.6482093747292547,11.276622593645914,63.81693242744351,66.73049527475357,61.5586651333106,20.63650375429416,5.941025582866344,79808.0,262149.7612828983, 0.0, 0.0,0.0,NaN, 146.43587468185922,146.43587468185922,0.0, 161.8898088683733, -9.14073661699357, -14.266509670070672, -9.14073661699357, 148.50520276079172, -14.575166350523988, -14.266509670070672, -14.575166350523988, 150.76606054810972, 6.250090964159793, 4.2874294120359, 25.0, 0.0
36, 0 ,1.0,1.0,1.0,35.86704167436703,176.55502679726484,209.3927185363149,12.45886899414676,13.158797207979028,12.801389477631377,66.0,63.0,66.0,0.2300528597614837,0.8312790079757681,0.5060147158081333,13.530861526109067,-0.6385613792171068,-0.2634321465166516,0.7230787433979619,12.696145410643732,-0.7343807232545727,0.4894677875820356,-0.47021935118797303,12.164563749066012,59.82350360266619,73.99067365801434,73.92827723174597,21.298673780889658,6.214453178440057,86576.0,327234.74625616067, 0.0, 0.0,0.0,NaN, 157.272965069443,157.272965069443,0.0, 155.22341661331149, 8.936990776465946, -2.0151129288541814, 8.936990776465946, 173.15394396071667, 12.250324442027468, -2.0151129288541814, 12.250324442027468, 163.87557255801133, 5.53591239470572, 4.206625947534227, 41.0, 0.0
37, 0 ,1.0,1.0,1.0,200.87709545983702,175.50953143189756,193.67865250291035,12.668212735632007,10.696655933077299,11.81868051056459,65.0,54.0,56.0,0.9555349969003154,0.2396233684701241,0.17185316692381808,12.81056076367238,-0.18599965786454686,0.037551639895773786,0.9818319620054188,11.795041465525431,-0.22881651376809772,0.9701394310222471,-0.08045177066320326,10.552241507066615,64.037534026358,57.66344690381297,51.25648630285269,19.579065533625343,5.589585307217206,68720.0,189270.97982167845, 0.0, 0.0,0.0,NaN, 191.3830083951573,191.3830083951573,0.0, 160.48361391522897, 11.886546892808733, 3.5919659348017303, 11.886546892808733, 114.41844815063777, 3.1966673837396473, 3.5919659348017303, 3.1966673837396473, 139.68120901079928, 5.867633913135172, 4.202659197164583, 34.0, 0.0
38, 0 ,1.0,1.0,1.0,163.93178878576776,9.522498808686379,223.56418343960607,13.632442717793683,6.585625497438301,13.278411980313743,66.0,27.0,76.0,0.812873543859113,-0.037052485167548194,0.581260453701123,13.987756716089352,0.5822639188146798,0.02714361660448452,-0.8125465850794038,12.915224746562512,-0.014329359388985208,-0.9989446117881295,-0.04363865303791981,6.562759645351292,70.21627672264805,68.13129995639167,28.082004802584194,18.903683635424127,6.941248257859103,44069.0,134342.2388384564, 0.0, 0.0,0.0,NaN, 156.3575074624066,156.3575074624066,1.9073486328125E-6, 185.843494453926, -2.640208958249294, 13.556035658159983, -2.640208958249294, 43.37046319250947, -6.015291653551865, 13.556035658159983, -6.015291653551865, 176.31622471893957, 6.41149294239362, 4.277184117506785, 16.0, 0.0
39, 0 ,1.0,1.0,1.0,103.78295000074337,229.53512436627466,156.849942760292,12.111088546594294,10.91243305479068,11.846134269719432,60.0,52.0,58.0,-0.8300867576120021,0.5341262182060068,0.1602034889200054,12.857694643627193,-0.19327528820677498,-0.006095015064496723,-0.9811256360731544,11.838428813223691,-0.5230684829023645,-0.8453827735507231,0.10829279005504516,10.031044301588572,60.431610791196476,58.97036491187254,54.056593587501794,19.393387409320514,5.476046282398443,67261.0,192640.08469503414, 0.0, 0.0,0.0,NaN, 190.33690734238814,190.33690734238814,0.0, 146.6784657834475, -28.63886530644424, -1.1084682898335496, -28.63886530644424, 119.08119517528827, 5.772542933182997, -1.1084682898335496, 5.772542933182997, 140.33089713622115, 5.983294314737915, 4.144322770229165, 23.0, 0.0
40, 0 ,1.0,1.0,1.0,51.71189459166321,20.620961154778325,165.6843641622367,12.517441734856238,11.68513160176085,12.283886995935617,63.0,50.0,60.0,-0.26093543822933635,0.6088970052382578,-0.7491042211120863,12.79915577863253,-0.9132433453157899,0.09581103585896808,0.39598843119977156,12.665883647260634,-0.3128886212576114,-0.7874418597074407,-0.5310706433874862,10.948951121146727,67.53773370234127,62.35056989419408,61.523282988074996,20.235596727033723,5.8858434370710615,74681.0,259075.54046038806, 0.0, 0.0,0.0,NaN, 145.39612825556534,145.39612825556534,0.0, 156.68634758552074, -10.528774384298378, -6.073836995826552, -10.528774384298378, 136.54230055047006, -18.50343064045189, -6.073836995826552, -18.50343064045189, 150.89387972891618, 5.5116536482204666, 4.05792194270513, 25.0, 0.0
41, 0 ,1.0,1.0,1.0,186.89222526252453,65.63548844605533,62.96457172327837,11.859428727780251,11.018991884081837,12.667626755458,58.0,58.0,62.0,-0.549883449981668,-0.13733912760821707,0.8238726573106261,13.144229454738454,0.6266536730760776,0.5842992573772035,0.5156544888282366,11.811725020676805,0.552207719482913,-0.7998326961660563,0.23523242269554984,10.499780168339706,65.9331999482839,57.08183071382447,54.532089072190104,19.754385122012277,5.683068533599239,69803.0,205236.30284309923, 0.0, 0.0,0.0,NaN, 145.1410463718366,145.1410463718366,0.0, 140.64604974929952, 15.439791693475538, -18.867434450178, 15.439791693475538, 121.41818214146137, 1.7446465470978774, -18.867434450178, 1.7446465470978774, 160.46876761559537, 5.313048356451514, 3.9309485593007247, 32.0, 0.0
42, 0 ,1.0,1.0,1.0,92.36467073818375,158.69892458842273,106.47688528943176,11.361160900887558,11.783452573522972,13.306607232280786,57.0,58.0,61.0,-0.14293126255876898,0.29182044982605715,0.9457333023885081,13.39770720907861,-0.6369138523067517,0.7042807618508711,-0.31357511576419694,12.658542020910136,0.7575694020504848,0.6471703280822396,-0.08520074839340669,10.259351005164211,64.7994227445997,58.77416156568491,53.735768416165655,20.27834257821385,5.8120865343718116,75320.0,204654.3796805208, 0.0, 0.0,0.0,NaN, 199.58595495169533,199.58595495169533,0.0, 129.07597701585618, -27.760891684416062, 0.9455442346677605, -27.760891684416062, 138.84975455246516, 8.34722952347903, 0.9455442346677605, 8.34722952347903, 177.06579603418731, 6.1037048675709435, 4.288582986765859, 27.0, 0.0
43, 0 ,1.0,1.0,1.0,84.67880614402756,207.88987096529107,190.98617213913968,14.071662995443038,12.351053414242951,10.541774429220672,65.0,62.0,54.0,-0.9544633284395796,0.2940380358744036,-0.05041218228922283,14.233907906036933,-0.29613080885799725,-0.9133355380562533,0.279508030239924,12.314732848180611,0.0361427545871534,0.2817087651859929,0.9588189990338299,10.364962547726595,64.32935371996939,59.73982471462898,56.42504160123377,20.647939663929144,5.945739285416419,78971.0,216842.80686176327, 0.0, 0.0,0.0,NaN, 165.94815680098955,165.94815680098955,0.0, 198.01169945732093, -14.74969828120955, 0.9191887694125732, -14.74969828120955, 152.54852044148245, -12.699475261879629, 0.9191887694125732, -12.699475261879629, 111.1290081165708, 5.613047772906043, 4.06956874653583, 22.0, 0.0
44, 0 ,1.0,1.0,1.0,24.849736607805312,11.786318444873126,265.5361886036504,12.994579580023581,7.534663414942708,14.037017679576056,50.0,34.0,71.0,-0.41437208494755523,0.06782789670258554,0.9075765266053981,14.369414770258786,-0.9027912791682988,-0.1568252180478818,-0.4004669240298139,12.759811268160254,-0.11516805752413434,0.9852944876599774,-0.12621842620227836,7.305836853911532,78.07899361804874,69.29886724538095,36.41875112251247,19.489770349666983,6.543467604566571,53912.0,197054.06191507546, 0.0, 0.0,0.0,NaN, 44.092867993865106,44.092867993865106,8.259061849445711E-7, 168.85909846156582, 11.191051449063659, -18.012971808165826, 11.191051449063659, 56.771152776476114, 16.298020713645435, -18.012971808165826, 16.298020713645435, 197.03786533673076, 5.804522786113112, 4.204765892471333, 22.0, 0.0
45, 0 ,1.0,1.0,1.0,287.3732450031995,78.8434147626755,285.25332179019085,8.059142861495737,10.378069068471728,8.348317239776252,37.0,52.0,35.0,0.06699004968561009,0.9801711183573,-0.18648568840884103,10.441966796748195,-0.6435677798823316,0.18527557807747985,0.7426260653016312,8.832192570082293,0.7624518646711059,0.07026762345672075,0.64321817072693,7.436814224417877,51.59534526949173,50.17294754436659,38.07200708342748,14.830714516745688,4.732695734008976,26567.0,98556.64502263533, 0.0, 0.0,0.0,NaN, 81.19842062141457,81.19842062141457,0.0, 64.9497836619977, 0.8210448757221255, -11.520907097961183, 0.8210448757221255, 107.70431758996965, -6.697413383250078, -11.520907097961183, -6.697413383250078, 69.69440073594538, 6.796989223808717, 4.465605627582891, 9.0, 0.0
46, 0 ,1.0,1.0,1.0,121.60075187969925,237.06874003189793,78.76814764183185,11.766408558349244,12.608210689477344,13.865651529262028,63.0,64.0,66.0,0.1611250031676863,0.4058763374900435,0.8996127678172882,14.240766973165506,0.12590512989737768,-0.9125282050763072,0.38915314878044843,12.262320437655296,-0.9788700790297646,-0.05056356005941005,0.19813302292747886,11.683650670207108,69.42575846155106,59.468417073015814,60.80641965655916,21.278792345579518,6.073272247878069,87780.0,251047.81400655844, 0.0, 2.8421709430404007E-14,-1.4210854715202004E-14,89.07450321623058, 157.96046157759366,157.96046157759366,1.9073486328125E-6, 138.44837036199436, 2.7432338022089056, 10.287930078100262, 2.7432338022089056, 158.96697679025078, 19.28447251229434, 10.287930078100262, 19.28447251229434, 192.2562923309264, 6.1068615147249385, 4.226234324671926, 38.0, 0.0
47, 0 ,1.0,1.0,1.0,23.871780068053116,188.81249769675827,121.55307283157468,12.552303702173656,12.19368425321038,12.552510585232715,53.0,60.0,64.0,-0.6105761690187987,-0.4255813340148048,0.667890163099073,13.73799430320164,0.634856819436018,-0.767190021486876,0.09152207245550388,11.948679073551332,0.47344858289143815,0.4798958210582232,0.7386111563528832,11.502537407609175,68.97741982238686,63.212134667044225,58.42168684293057,20.715230152841386,5.889908794350207,81407.0,254730.82031494833, 0.0, 0.0,-1.4210854715202004E-14,48.09556531322332, 166.45621666627227,166.45621666627227,1.9073486328125E-6, 157.56032823160248, 9.565944586568264, -22.401722527350753, 9.565944586568264, 148.6859356669908, -16.772708689656273, -22.401722527350753, -16.772708689656273, 157.56552199237936, 6.072049528987846, 4.289239283123218, 22.0, 0.0
48, 0 ,1.0,1.0,1.0,216.80703583921854,135.69850174905946,206.20728664774603,12.76652405156922,12.855109043703026,11.175255283068926,70.0,62.0,61.0,0.6065237404166478,0.7053985449770765,0.36679946163431343,14.338698917820892,-0.7948468970755317,0.5271579102884288,0.3005377643986467,11.755868991761579,0.018637664027403404,-0.473832702928534,0.8804176322149854,10.455886051367012,65.46819274743842,59.53463794519813,56.030233565175664,20.429779573382323,5.97899674774944,75755.0,218384.84762419845, 2.8421709430404007E-14, 0.0,0.0,52.66143102073899, 184.7490886060731,184.7490886060731,0.0, 162.9841363592954, 29.090551099831785, 14.520363226410682, 29.090551099831785, 165.25382852549532, 29.484264101835514, 14.520363226410682, 29.484264101835514, 124.88633064175995, 5.657503218723519, 3.8778931571761808, 30.0, 0.0
49, 0 ,1.0,1.0,1.0,125.37280979212335,91.98505288864696,213.08721109852442,12.715239186273546,10.448868953018094,12.174585973922818,62.0,52.0,65.0,0.7569454995361772,0.12754295563127743,0.6409105282336723,13.549773295493706,-0.6065133069930733,0.5022138492435917,0.6163788267520722,11.740427016626686,0.24325936605247764,0.8552859428850519,-0.45750501279327416,9.881433636164227,64.80611272779842,58.04521951404982,52.80039370639295,19.66938734089224,5.673791962347498,67973.0,198618.45106589852, 0.0, 0.0,0.0,NaN, 178.13877810496953,178.13877810496953,1.9073486328125E-6, 161.67730756414636, -3.9451138724376125, 26.672516786845577, -3.9451138724376125, 109.17886239734544, 19.468650883087587, 26.672516786845577, 19.468650883087587, 148.22054363643824, 6.141214505020602, 4.206121034759548, 37.0, 0.0
