// Sample: .//bubblelabels.tif, Map: .//bubblelabels.tif, Thickness:(8.191250068658265):/afs/psi.ch/project/tipl/test/LabelValidation/SmallStep0500//distmap.tif, Neighbors:(1.0):
//LACUNA_NUMBER, TRIANGLES, SCALE_X, SCALE_Y, SCALE_Z, POS_X, POS_Y, POS_Z , STD_X, STD_Y, STD_Z,PROJ_X, PROJ_Y, PROJ_Z, PCA1_X, PCA1_Y, PCA1_Z, PCA1_S, PCA2_X, PCA2_Y, PCA2_Z, PCA2_S, PCA3_X, PCA3_Y, PCA3_Z, PCA3_S,PROJ_PCA1, PROJ_PCA2, PROJ_PCA3,OBJ_RADIUS, OBJ_RADIUS_STD, VOLUME, VOLUME_BOX, Mask_Grad_X,Mask_Grad_Y,Mask_Grad_Z,Mask_Angle, Mask_Distance_Mean,Mask_Distance_COV, Mask_Distance_STD, SHAPET_XX, SHAPET_XY, SHAPET_XZ, SHAPET_YX, SHAPET_YY, SHAPET_YZ, SHAPET_ZX, SHAPET_ZY, SHAPET_ZZ, Thickness, Thickness_STD, Neighbors, Neighbors_STD
1, 0 ,0.3333333432674408,0.3333333432674408,0.3333333432674408,170.4995380503032,21.410031932833412,154.20474686950593,20.292755496957604,14.119465738089264,23.809955914396156,115.0,57.0,109.0,-0.5575627653558523,0.03405229980074991,0.8294360756363413,26.37807408428772,0.8295432971331228,0.06056628710332711,0.555148307254939,16.846270352209686,0.03133178689832357,-0.9975831623202133,0.06201736357634722,14.087924682434863,141.18079619154452,83.9428311979097,61.511603889817295,32.13154563729373,12.067850429649246,222968.0,728981.1372415337, 0.0, 0.0,0.0,NaN, 196.1759795386139,196.1759795386139,0.0, 411.79592565930307, -5.155474178854649, -190.70318122364486, -5.155474178854649, 199.35931272907663, 16.915760208650575, -190.70318122364486, 16.915760208650575, 566.9140006454885, 2.9842558332324374, 3.9203794484228744, 22.0, 0.0
2, 0 ,0.3333333432674408,0.3333333432674408,0.3333333432674408,20.43989829584337,283.93168351535854,72.1813983765168,13.432080103948987,11.056697326370312,34.908862057130314,57.0,56.0,147.0,0.021682478765015393,-0.019175088717768463,0.9995810052653414,34.922177422607106,0.8779728160573371,0.4786088671968409,-0.009863392160194879,14.298601675215737,-0.47821920118179484,0.8778188128613004,0.027212633239432023,9.86364516834862,146.93840777400519,76.67886941156797,50.926674680795855,35.51713425475302,16.119341057863114,179737.0,573794.4584673845, -3.552713678800501E-15, 0.0,0.0,88.75758811525272, 76.72114772723648,76.72114772723648,0.0, 180.42077591890225, 44.56200732834402, 23.395364092881916, 44.56200732834402, 122.2505557669644, -22.016416260064496, 23.395364092881916, -22.016416260064496, 1218.6286501237523, 4.661038175013932, 4.738964218756595, 13.0, 0.0
3, 0 ,0.3333333432674408,0.3333333432674408,0.3333333432674408,207.16445051017092,192.70908559173327,15.767901475271334,24.116993330139042,18.927604359432358,9.442323390830445,144.0,95.0,42.0,-0.9111931917487728,0.41174714791610617,-0.013829442998055528,25.28786395020296,-0.4069560867587774,-0.9048018141169077,-0.1253811015294389,17.434036207955927,-0.06413821607019324,-0.10861843008304416,0.9920122609552905,9.253073188184844,142.9663958085847,88.07039046610362,45.72176144172548,29.973564444977622,11.429194177758704,153870.0,575687.5586454452, 2.8421709430404007E-14, 0.0,1.7763568394002505E-15,40.67981778390432, 142.75295541800313,142.75295541800313,0.0, 581.6293672859711, -127.4057041776385, 18.11932164209871, -127.4057041776385, 358.2542067872028, 21.614243021626013, 18.11932164209871, 21.614243021626013, 89.15747101702377, 2.9648053166329715, 3.521216378952306, 21.0, 0.0
4, 0 ,0.3333333432674408,0.3333333432674408,0.3333333432674408,53.07649477542173,131.90292543289954,278.09341363933447,21.61414076435885,23.39128327099389,13.181675819011879,104.0,107.0,59.0,-0.571397518567823,0.8068328549521707,0.15008537551761394,24.86314906927652,0.7869699892558322,0.5905621386491389,-0.1786465684104515,20.368416371424296,0.2327726611636543,-0.016034480468165427,0.9723989837771873,12.451153533795518,123.78221005219807,104.03429534610626,67.40305633021029,32.65190797360954,11.042313938918793,241742.0,867989.2611262947, 0.0, 0.0,0.0,NaN, 143.85893980347458,143.85893980347458,0.0, 467.171080981519, -92.75775370893408, -76.24951148339473, -92.75775370893408, 547.1521330638785, 28.670252326341423, -76.24951148339473, 28.670252326341423, 173.75657739752248, 3.377680597945913, 3.4513971672978694, 17.0, 0.0
5, 0 ,0.3333333432674408,0.3333333432674408,0.3333333432674408,279.7055685423276,225.34767907831022,274.21849223576555,13.218461011757245,19.631141051604807,12.845470727626434,55.0,112.0,58.0,-0.2717574674753733,-0.949889855044637,0.1544575739633729,20.273391449919714,-0.6344097950627887,0.0561387787308085,-0.7709556728184866,12.882747768792017,-0.723651912731365,0.30750235902492307,0.6178755606061342,12.171275108453672,112.8429323128534,69.41479757573683,65.0350437083764,25.3429802384558,9.10213608746664,119780.0,509417.5010747269, 0.0, 0.0,0.0,NaN, 81.54458357108953,81.54458357108953,0.0, 174.72771151934637, 67.22244613503723, -2.315623929881857, 67.22244613503723, 385.3816989880035, -39.33923116679225, -2.315623929881857, -39.33923116679225, 165.00611821430758, 2.810785108559875, 3.5142899099490488, 13.0, 0.0
6, 0 ,0.3333333432674408,0.3333333432674408,0.3333333432674408,153.59544329466496,129.97638147496497,8.850783805008001,22.56973834384261,18.93686289263177,5.775154562415365,96.0,83.0,23.0,-0.9179210542057021,-0.3957863641019079,-0.027822513130275152,23.334237644281444,-0.3949759950866915,0.9181852224864722,-0.030493614294555126,18.004956215024695,-0.037615177138622426,0.017001505770357125,0.9991476603837743,5.717095468757078,100.38208358910344,82.64681662084556,23.71931039142681,28.176579396496923,10.364875727980333,100599.0,196781.55783075147, 0.0, 0.0,0.0,NaN, 195.9757391601682,195.9757391601682,0.0, 509.39308890951924, 80.22452284086421, 16.581647921909823, 80.22452284086421, 358.60477621433404, -2.5256169313740178, 16.581647921909823, -2.5256169313740178, 33.352410219787004, 3.1028944843411974, 3.393587136155494, 17.0, 0.0
7, 0 ,0.3333333432674408,0.3333333432674408,0.3333333432674408,22.306732917597625,97.2101521770545,152.84841764764732,14.290025659090901,20.43375787160594,15.566559542988879,57.0,99.0,75.0,0.1884148687741477,0.9797975428707579,-0.06705678346928348,20.644867208312874,0.24284053675134457,-0.11263987616780564,-0.9635044016543053,15.652677609648245,0.9515925130722397,-0.1652544501105099,0.2591575887052766,13.88683591383785,96.2495766444092,82.61415883723312,68.9787396379964,28.007248837259805,8.92496961711444,179922.0,548489.8156685164, 0.0, 0.0,-2.8421709430404007E-14,86.15504409382757, 177.76667912897614,177.76667912897614,0.0, 204.20483333747634, 41.65457321312973, -15.153246813276931, 41.65457321312973, 417.5384607554178, -9.67154944740215, -15.153246813276931, -9.67154944740215, 242.31777600541812, 2.931545503847727, 3.557231090841195, 18.0, 0.0
8, 0 ,0.3333333432674408,0.3333333432674408,0.3333333432674408,278.74231219452656,80.49037741396815,209.21792702479294,13.023546119003372,22.040902986680788,16.497855423679464,56.0,109.0,84.0,-0.10837623396209686,-0.9861434125595643,0.1256015994228179,22.208025857274905,-0.009175691453515981,-0.1253480978665436,-0.9920703911757417,16.39020387008497,-0.9940676026299935,0.10866933434330306,-0.004536207098524473,12.87471149899573,112.49934137977485,81.27969369362492,63.840666858519995,28.797618367512623,9.914159970559709,180253.0,583753.4402916246, 0.0, 0.0,2.8421709430404007E-14,82.78450129410213, 123.17457091767695,123.17457091767695,0.0, 169.61275351380777, 35.11312732937223, -3.520648797109677, 35.11312732937223, 485.80140446827414, -27.763260559188325, -3.520648797109677, -27.763260559188325, 272.17923358062995, 3.135970983971437, 3.401422410358316, 18.0, 0.0
9, 0 ,0.3333333432674408,0.3333333432674408,0.3333333432674408,95.82312632810448,181.4560919704892,283.55060525750304,14.537478081963792,15.870046232809123,9.65859133150594,73.0,83.0,38.0,-0.5330649164968346,-0.8455749775433983,0.02906462029176141,16.666183781398455,0.8315384944958999,-0.5299378161054724,-0.1664621375354043,13.722450746497831,0.15615865961167644,-0.0645667748446887,0.9856194015006199,9.508821514715208,84.07905540927743,67.03410126069161,44.13986706555926,22.340685329496207,7.574879664556296,83766.0,248779.52593287875, -1.4210854715202004E-14, 0.0,0.0,57.78722625098596, 153.31442286228477,153.31442286228477,0.0, 211.33826898357768, 41.3089494381343, -16.452202952329245, 41.3089494381343, 251.85836743149906, 4.030920971958805, -16.452202952329245, 4.030920971958805, 93.28838650904169, 2.813512955622385, 3.1486628361704523, 11.0, 0.0
10, 0 ,0.3333333432674408,0.3333333432674408,0.3333333432674408,243.4119823445411,226.59427063049029,286.6745423860833,10.63006891932149,14.595608951294604,7.67846711898992,56.0,68.0,33.0,0.03070703867163923,-0.9995072863076759,0.006500953305777383,14.598934999413673,-0.9843550730824268,-0.031369228824569315,-0.1733812607516817,10.706706654332631,0.17349976332234374,-0.0010752212875744871,-0.9848333239824258,7.564823374475379,68.15903638211483,56.38205525446489,38.2239166597698,18.52641699336887,6.4622671388487785,46218.0,146892.4688610805, 0.0, 0.0,0.0,NaN, 93.63852127764791,93.63852127764791,0.0, 112.99836522952474, -3.012300555523137, 9.828703934107734, -3.012300555523137, 213.03180065911116, -0.7007871646580985, 9.828703934107734, -0.7007871646580985, 58.95885729740935, 3.0734697506337905, 3.4138414526099043, 9.0, 0.0
11, 0 ,0.3333333432674408,0.3333333432674408,0.3333333432674408,127.03099840666336,183.15463795850582,158.4418263515963,17.129252270399945,12.594557913934993,13.169861174862962,80.0,57.0,66.0,-0.9804520035802968,-0.12878507019979593,0.148755754070274,17.31591701097873,-0.03671084163342946,-0.6230220947152245,-0.7813422960541813,13.930352572574016,0.19330334394921228,-0.7715295685780865,0.6061154527214798,11.470994334769111,82.12202498749994,69.10647966771523,55.05628273371197,23.946234661290383,7.215071815450979,118619.0,312453.4365008665, 0.0, 0.0,0.0,NaN, 223.22282525197366,223.22282525197366,2.6973983046972182E-6, 293.4112833430017, 22.674254514256393, -22.74806393153559, 22.674254514256393, 158.6228890474626, 27.187091268959204, -22.74806393153559, 27.187091268959204, 173.44524336516284, 3.423122984135589, 3.4066534683846563, 15.0, 0.0
12, 0 ,0.3333333432674408,0.3333333432674408,0.3333333432674408,226.39953794024026,280.2388643597905,175.1692678919807,18.611707951006096,12.722933193331048,11.248083483855687,85.0,52.0,53.0,-0.988633062164482,-0.09821436778672524,0.11383587464210719,18.778504494459764,0.010325741405440951,-0.7997130729084707,-0.6002935782462778,14.353859824588223,0.14999349139115234,-0.592294638655075,0.7916369202865332,8.724824413300366,83.10117386494082,68.69122248497195,42.55059543349705,23.86565953344046,8.07578968208047,97390.0,242892.4669523608, 0.0, 0.0,0.0,NaN, 146.25403302413568,146.25403302413568,0.0, 346.3956728535435, 25.775773168663946, -31.92417479150674, 25.775773168663946, 161.87302904196497, 59.273819909938595, -31.92417479150674, 59.273819909938595, 126.51938205978708, 3.1501047837638136, 3.2434130304248296, 9.0, 0.0
13, 0 ,0.3333333432674408,0.3333333432674408,0.3333333432674408,215.25234143151752,162.92465167748102,228.26231074895628,11.135410500247644,16.023773784665458,14.695716339829696,57.0,78.0,68.0,0.11585418891311555,0.8865322604222634,-0.44792673300649966,16.339099929144012,0.34279468230453286,-0.4589427211760975,-0.8196727300961119,14.869302121302644,-0.9322390319521161,-0.05858438281718624,-0.35706898128360426,10.424031848702576,86.35786765227125,74.68394202504436,57.16926825358905,23.263302287567846,7.4526195883809505,99405.0,368715.8243101461, 0.0, 0.0,0.0,NaN, 176.40326757081147,176.40326757081147,0.0, 123.9973670090255, -1.4293945241983226, -39.8072712924585, -1.4293945241983226, 256.76132630213203, -20.567066973395395, -39.8072712924585, -20.567066973395395, 215.96407874073753, 2.8386165877129312, 3.0341936222923316, 15.0, 0.0
14, 0 ,0.3333333432674408,0.3333333432674408,0.3333333432674408,18.448672473133385,216.2614666011098,155.10758937978505,12.365780756128249,14.85075879934373,16.05423385046297,51.0,71.0,81.0,-0.3088926809377124,0.3562725918634563,-0.8818475786381721,16.999128434421596,-0.36207072972966575,-0.9014248861370924,-0.237356190830904,14.729225185816682,0.8794828584663484,-0.24597360618494035,-0.4074394270615401,11.192656210471702,80.85369238589071,74.9713614489632,61.25561443051879,24.012344790464446,7.389404090597963,113896.0,371313.8560836459, 0.0, 0.0,0.0,NaN, 168.36361289528975,168.36361289528975,0.0, 152.91253370863174, 11.906076892516786, 52.46833925259911, 11.906076892516786, 220.54503691628523, -31.814760937433675, 52.46833925259911, -31.814760937433675, 257.7384245253511, 2.8553440547849473, 3.0177235524334733, 14.0, 0.0
15, 0 ,0.3333333432674408,0.3333333432674408,0.3333333432674408,213.07379060160625,261.24208937071444,290.06318018830336,18.014981690994635,12.279155722290325,5.699402214293558,78.0,67.0,24.0,-0.9547025739614854,-0.2961970756692391,0.028465551747777096,18.532518496648922,-0.29324597884157894,0.9527745373271219,0.07891436443597113,11.521525839589556,0.05049545687048082,-0.06699233826401388,0.9964749045758058,5.621442579841684,79.24452459628276,60.023696275976704,26.335160388842894,21.005036107599548,8.160200628530305,47689.0,125264.488078299, 0.0, 0.0,0.0,NaN, 95.69264289740987,95.69264289740987,1.3486991523486091E-6, 324.53956532687187, 59.92637898686187, -10.815603830708199, 59.92637898686187, 150.77766525225522, 4.9754783016217425, -10.815603830708199, 4.9754783016217425, 32.48318560029431, 3.818148531836941, 3.518919089850304, 11.0, 0.0
16, 0 ,0.3333333432674408,0.3333333432674408,0.3333333432674408,144.98562555456965,11.560603371783497,9.518443402205603,19.73167118504779,8.114512502985248,6.697619127385924,96.0,35.0,28.0,-0.9998638956331091,0.011656959276016853,-0.01167499506726938,19.733915558468322,0.014929761844573853,0.9404467557988025,-0.339613017593218,8.303701989410747,0.0070208561192911505,-0.33974109967436145,-0.9404927925143325,6.454717104085428,96.05692984380832,42.35015213634532,29.370929864002118,20.307926741156727,9.361109676063135,39445.0,119481.69436626385, 0.0, 0.0,0.0,NaN, 145.75692070214217,145.75692070214217,0.0, 389.33884775484523, -3.6701771552338354, 3.9212310155672734, -3.6701771552338354, 65.8453131611039, -8.762817567574741, 3.9212310155672734, -8.762817567574741, 44.85810197552578, 4.550967000954685, 4.280741966218826, 6.0, 0.0
17, 0 ,0.3333333432674408,0.3333333432674408,0.3333333432674408,140.689437999096,21.452433328310985,55.19407864999247,9.679200236703565,13.43105112894998,12.658151295822417,45.0,57.0,58.0,0.10980769070946181,-0.96624909899517,-0.23303422442224533,13.468180530561977,0.2962629469023933,0.2556126969889793,-0.9202664915288018,12.946546377262852,0.9487731748704562,0.032012932215628134,0.31433204548246846,9.236010825901788,62.08310116507827,61.438324808123156,45.651873483876784,19.92453251894405,6.109161135554174,66370.0,174129.10717414436, 0.0, 0.0,0.0,NaN, 152.64373940069947,152.64373940069947,0.0, 93.68691722220235, -3.9619322621192965, -24.899633130425524, -3.9619322621192965, 180.39313442846853, 2.2743137908396065, -24.899633130425524, 2.2743137908396065, 160.22879422793073, 2.2068514487093895, 2.582931172585334, 9.0, 0.0
18, 0 ,0.3333333432674408,0.3333333432674408,0.3333333432674408,245.46921293613076,65.62120088095514,73.39625594065144,15.592888370155014,13.916740710439552,11.923214103186202,74.0,66.0,59.0,-0.7846848814180745,0.4462700664176605,0.4302472134639338,18.22785776560718,-0.2820883228248208,-0.8751025744135008,0.39321961088015883,12.753481736914738,0.5519925860007385,0.18718576888866523,0.8125673343949887,9.169011895461553,88.00386497897759,64.94585419518924,51.1045013590811,22.801783058972223,7.684761779512915,86270.0,292087.0714344167, 0.0, 0.0,0.0,NaN, 112.54669754803706,112.54669754803706,0.0, 243.1381677241155, -67.51133175449402, -92.50539056707531, -67.51133175449402, 193.67567200160556, 20.612788314414423, -92.50539056707531, 20.612788314414423, 142.16303455041836, 2.9334298144908084, 3.346528381312197, 15.0, 0.0
19, 0 ,0.3333333432674408,0.3333333432674408,0.3333333432674408,120.14041435368755,90.27958961141951,118.97832821173672,13.454445945067427,12.539064325914865,11.837868245760541,68.0,61.0,57.0,-0.8499104972678547,-0.04471542941123686,0.5250263583921069,14.450390983531866,-0.19156649125840952,-0.9019917504921265,-0.3869278504722699,13.046833423355054,-0.4908710890456375,0.42943149909702494,-0.7580462792748419,9.967532919857561,71.50812329956877,60.3699862108393,49.96296216607374,20.964663392627568,6.234441698819792,80704.0,215687.33060749172, 0.0, 0.0,0.0,NaN, 191.6767227535514,191.6767227535514,0.0, 181.02211568874134, 16.405415970997417, -43.59184693813679, 16.405415970997417, 157.2281341694308, 22.163573084734193, -43.59184693813679, 22.163573084734193, 140.13512460398573, 2.5536880606318646, 2.5627318427801447, 15.0, 0.0
20, 0 ,0.3333333432674408,0.3333333432674408,0.3333333432674408,273.12295706664406,285.3546447624693,118.68694780816891,14.267656438231366,9.215415264016805,15.811836919505458,56.0,41.0,76.0,-0.5960108392136477,-0.01816055132964074,0.8027709971811678,17.51919561418418,-0.8009385652152352,-0.05773483230597465,-0.5959564614043226,12.121837857971897,-0.05717074680991913,0.9981667613750744,-0.019865099929063088,9.200158556987144,81.73685720559745,63.789853896255636,43.01497196635057,21.901855162118572,7.668952076665659,70854.0,224279.29726635705, 0.0, 0.0,0.0,NaN, 122.57019803726327,122.57019803726327,0.0, 203.56602023940496, 5.2866222772087905, -76.61637577701744, 5.2866222772087905, 84.92387848827393, -1.0971098953296152, -76.61637577701744, -1.0971098953296152, 250.01418676903586, 2.3994541573981096, 2.7191968251234715, 7.0, 0.0
21, 0 ,0.3333333432674408,0.3333333432674408,0.3333333432674408,216.5441586579715,183.80242835078084,126.92156126651794,13.791606395627122,11.609591494216952,13.737504024924315,69.0,52.0,62.0,-0.7024737656538683,0.062299739070140886,0.7089776802409692,15.169014267637472,0.6147937806260885,0.554973059179317,0.5603869296197322,12.695751979741491,0.35855155259955995,-0.8295321850880426,0.4281555068330929,11.064760561639375,73.38623186514354,55.288398803866926,55.69099898169437,21.767618374197255,6.3151269808766735,93232.0,225961.06325490453, 0.0, 0.0,0.0,NaN, 191.24810018824164,191.24810018824164,2.6973983046972182E-6, 190.20840697190292, 8.510290484810378, -40.27246618901575, 8.510290484810378, 134.7826146625946, 16.807921727832458, -40.27246618901575, 16.807921727832458, 188.71901683481173, 2.3814440859996022, 2.708375519984129, 14.0, 0.0
22, 0 ,0.3333333432674408,0.3333333432674408,0.3333333432674408,90.23720117127748,286.5829552904156,161.1642847777632,18.65035501197277,8.647261019528305,20.50257520275253,96.0,37.0,100.0,0.5238608434550144,0.03454161350513957,0.8511032214902388,21.519473631239006,0.8431345374199112,0.12116420643861475,-0.5238734454883289,17.580371596629252,0.1212186805088769,-0.992031305964969,-0.03434995605709701,8.414822892719437,107.24446667974323,86.03153930803722,41.976043356834424,27.056853246534043,10.530581539140746,114405.0,387288.041401132, 0.0, 0.0,0.0,NaN, 166.1268352351137,166.1268352351137,0.0, 347.8357420726178, 31.43840166324837, 69.66261792741399, 31.43840166324837, 74.7751231398537, -3.591107422606794, 69.66261792741399, -3.591107422606794, 420.35558994452305, 4.102458753690431, 4.1254958865609135, 13.0, 0.0
23, 0 ,0.3333333432674408,0.3333333432674408,0.3333333432674408,255.09849219233598,85.50923254808984,165.14067810467057,12.591230210315608,15.683804051634064,10.949475524572804,67.0,71.0,49.0,0.2015313265006371,0.9664433783599631,0.1592869136592039,15.848198734527148,-0.8419917139499978,0.2540234193483,-0.47594333282665374,13.201313075941306,-0.5004348889500401,-0.03820077023802877,0.8649309932444222,9.948453746404507,75.5880066100157,68.40833867292599,55.01221268287638,21.869535817625227,6.792290123658121,85621.0,284459.8975191241, 0.0, 0.0,0.0,NaN, 165.87649307974021,165.87649307974021,NaN, 158.53907820916444, 13.53633620165596, 35.06253911474209, 13.53633620165596, 245.9817095300531, 14.324783568963944, 35.06253911474209, 14.324783568963944, 119.8910142632189, 2.8638126232497747, 3.033818502057539, 16.0, 0.0
24, 0 ,0.3333333432674408,0.3333333432674408,0.3333333432674408,18.796417463574535,137.02957915521313,190.6988527107773,10.947632263661983,11.839637366801133,13.81296357051008,41.0,52.0,63.0,-0.008735363157341554,0.21871934364799034,0.9757487085027075,13.909649995036075,0.044647229057712304,-0.9747275163434383,0.21889014098497073,11.727641378824227,-0.9989646231814107,-0.045476560964352764,0.0012506138004908095,10.945761392577845,64.98914886035311,54.95142200390303,42.97102437087427,20.416844059664186,5.8290742319169375,77487.0,153460.1051182832, 0.0, 0.0,-2.8421709430404007E-14,12.644063789265454, 176.28712849116394,176.28712849116394,0.0, 119.85065218037279, -0.9122483620028116, -0.4546646339061177, -0.9122483620028116, 140.17701297735366, 11.939618640377047, -0.4546646339061177, 11.939618640377047, 190.79796260023858, 2.1124869705804965, 2.556913420561045, 5.0, 0.0
25, 0 ,0.3333333432674408,0.3333333432674408,0.3333333432674408,283.27809220004116,151.0510393084997,253.05433216711256,10.909545515442192,11.076287107509646,16.471908248018515,45.0,48.0,77.0,-0.05194083766807668,-0.06025092637734528,0.9968309662390159,16.504782844950633,-0.6750034467851928,0.737754437804807,0.009419996147695633,11.835601040563589,-0.7359840325784577,-0.6723750555828087,-0.07898916646963158,10.026802681925236,77.78025014881914,59.79417468816817,52.367466733363756,21.49625736133739,7.137016199207552,77744.0,243550.92140237716, 0.0, 0.0,0.0,NaN, 157.06467082009317,157.06467082009317,0.0, 119.01818335350482, -19.154860437458247, -9.1502837704898, -19.154860437458247, 122.68413608798441, -10.047754039399763, -9.1502837704898, -10.047754039399763, 271.3237613311404, 2.5936050777444106, 2.980686347557099, 6.0, 0.0
26, 0 ,0.3333333432674408,0.3333333432674408,0.3333333432674408,24.267305187341965,71.52989042985212,287.3534901540112,14.573176697384747,16.900914411851335,7.174022645181535,58.0,83.0,29.0,-0.5757969455773664,0.8153775079816751,-0.06014479978659115,18.910691221073304,0.8057951944571248,0.5784026080890985,0.12706111736299913,11.96002421319599,-0.1383906862963703,-0.024697012639641247,0.9900697326517448,6.9877440053629805,93.40775995084279,59.220330910194164,32.0133788613586,21.94755215699307,8.233464777335083,65255.0,177086.43754776477, 0.0, 0.0,0.0,NaN, 76.5856483764872,76.5856483764872,0.0, 212.37747905319782, -101.06184780887159, 20.339699199197067, -101.06184780887159, 285.64090795672416, -8.219078730294912, 20.339699199197067, -8.219078730294912, 51.466600913577466, 2.969881259838326, 3.697270146124046, 8.0, 0.0
27, 0 ,0.3333333432674408,0.3333333432674408,0.3333333432674408,263.30833088181214,14.73175148929911,58.352228432742514,21.57322934079996,10.182234766418082,30.67945866555011,89.0,47.0,128.0,-0.45692617832343335,-0.052636712764593696,0.8879458564755396,33.347955338359,-0.8635014510053709,-0.21335615125353785,-0.4569949636854838,17.527648155046236,-0.21350342309752612,0.9755554977506995,-0.052036132965695876,9.539745171864974,139.03739559651078,87.46354238018009,49.20285646902638,36.116710867170795,14.349024676814023,217552.0,598341.3312673806, 0.0, 0.0,0.0,NaN, 70.48606704653064,70.48606704653064,0.0, 465.40422419075225, 64.39148145547254, -328.95759532805573, 64.39148145547254, 103.67790483845309, -26.64254823270662, -328.95759532805573, -26.64254823270662, 941.2291840111977, 4.181374028388644, 3.8716215247160353, 12.0, 0.0
28, 0 ,0.3333333432674408,0.3333333432674408,0.3333333432674408,281.2163040997946,61.584249258385945,270.2244333307979,11.829533669176051,15.69373785563121,14.38891043902932,48.0,76.0,60.0,-0.3253885617480705,-0.93897730101519,0.11155228398267371,16.23827588306387,0.2846898116230186,0.015216485829465436,0.9584989148230957,14.596394190846954,-0.9017061578150458,0.3436423820445182,0.26236600050539516,10.795169813614065,77.71217811454221,65.74410171563562,51.37726670241159,23.294034957635034,7.117580609047918,105176.0,262492.48431985, 0.0, 0.0,0.0,NaN, 70.93681243798949,70.93681243798949,0.0, 139.9378668301698, 45.37597293462141, 20.99654048190025, 45.37597293462141, 246.29340788127212, -14.005079141098573, 20.99654048190025, -14.005079141098573, 207.04074362240698, 3.2032415445211395, 3.42172518276699, 8.0, 0.0
29, 0 ,0.3333333432674408,0.3333333432674408,0.3333333432674408,202.47361659941075,202.5887568594049,285.733415250569,18.421007457933612,11.789940450516724,8.490220251901011,81.0,63.0,33.0,-0.9905094337120132,0.11972077299630181,0.06751294868894164,18.53156654318593,0.12690888167239783,0.9852504528761258,0.11478536866713754,11.706738336793519,-0.05277497020528715,0.12226398333343061,-0.9910934975567514,8.363813154721202,83.70588676962214,64.37303548879692,37.64323704573934,22.12449979722482,7.80554676114478,71617.0,202836.89452312829, 0.0, 0.0,0.0,NaN, 138.57806893519466,138.57806893519466,0.0, 339.33351576524575, -24.0395163706125, -17.309866538448063, -24.0395163706125, 139.00269582673047, 9.798197997120145, -17.309866538448063, 9.798197997120145, 72.08383992579007, 2.734288160927555, 2.9222403577534344, 10.0, 0.0
30, 0 ,0.3333333432674408,0.3333333432674408,0.3333333432674408,180.89491752389068,229.96568263436606,248.06613914419623,8.584680698052736,14.101813321471765,15.7416917851822,46.0,65.0,80.0,-0.108608478779986,0.34271363367461594,0.933140698732318,16.071312285163295,-0.058735967000695,-0.9392658201944557,0.3381269069372182,13.82016505634246,-0.9923478646712507,0.018085472290713913,-0.12214184857955619,8.430581305523408,81.22403874602537,65.02977685803361,44.868223120239435,21.72031312154725,6.9704189115684985,82145.0,236993.10719199345, 0.0, -2.8421709430404007E-14,0.0,69.95771020144787, 147.60742591042336,147.60742591042336,0.0, 73.6967426875192, -0.35239183760609133, -21.355092664280317, -0.35239183760609133, 198.86113895363852, 21.784289320682834, -21.355092664280317, 21.784289320682834, 247.80086025967273, 2.6779606248132426, 2.71011545511351, 13.0, 0.0
31, 0 ,0.3333333432674408,0.3333333432674408,0.3333333432674408,62.9999616343756,111.08164204872435,95.03456742758489,9.15214243253344,7.474656369797319,9.157948278919465,41.0,36.0,42.0,-0.9156855341485778,0.3919620156472466,-0.08880191912780719,9.473791606656599,-0.1196908068060958,-0.05503378927443059,0.9912847183348504,9.173387284743022,0.3836588501743962,0.918333850148107,0.09730789461813957,7.04247498746376,42.730297774308966,44.173629217494444,33.943490720801265,14.34624993239085,4.2053927888688705,26065.0,64070.115006373875, 0.0, 0.0,0.0,NaN, 159.1844696329447,159.1844696329447,0.0, 83.7617111053791, -14.185034274235502, -0.8345277357595325, -14.185034274235502, 55.87048784655165, -3.282814482482325, -0.8345277357595325, -3.282814482482325, 83.86801667936399, 2.448833348047658, 2.440011616163627, 12.0, 0.0
32, 0 ,0.3333333432674408,0.3333333432674408,0.3333333432674408,155.45224283258082,16.822097037979283,96.3952808957352,13.334911649872856,10.46405667247606,12.15826124938065,62.0,42.0,52.0,-0.9766176657983724,0.20568048196561242,-0.06255776681541449,13.47126210199063,0.003074798522710441,-0.2775952221253472,-0.960693207151598,12.29969322432361,-0.21496157904282132,-0.9384223100457343,0.27047197182673915,10.118414467192755,66.64961574939475,57.07636299159368,47.143448250557576,20.02732622860398,5.834884017349054,71539.0,179339.22412634167, 0.0, 0.0,0.0,NaN, 174.55396652569675,174.55396652569675,0.0, 177.8198687099148, -15.9291617924452, 4.687715472403556, -15.9291617924452, 109.49648204479074, 12.023200491480896, 4.687715472403556, 12.023200491480896, 147.82331660819116, 2.2300746420549604, 2.655416109972064, 7.0, 0.0
33, 0 ,0.3333333432674408,0.3333333432674408,0.3333333432674408,84.96105136703767,267.3007048674936,252.84044231520747,13.534424574164108,10.900413517831463,13.73010871659459,62.0,62.0,79.0,-0.593076596869547,0.25309351890131215,-0.7643322712902997,15.50971357946474,0.7414109263113253,0.5418462047090936,-0.39586933297305865,12.801618227517265,-0.31395857782806336,0.8014651340716593,0.5090026034075636,9.27808731489588,73.95731473450962,60.79386193346096,46.38315797640223,20.989794727672944,7.067111579239227,69091.0,208545.67195803163, 0.0, 0.0,0.0,NaN, 102.52632848483576,102.52632848483576,0.0, 183.18064855373729, 8.06776854870282, 47.187645717534366, 8.06776854870282, 118.8190148597229, -46.569322046873566, 47.187645717534366, -46.569322046873566, 188.51588536950675, 3.3589628391373636, 3.3147368798881627, 12.0, 0.0
34, 0 ,0.3333333432674408,0.3333333432674408,0.3333333432674408,213.86618117528204,38.46240949654824,281.3413242970197,17.54773705788543,13.179487632106479,11.313363162900242,78.0,64.0,46.0,-0.9281156499619878,-0.2691552403401917,0.2572096360812533,18.112632080147637,-0.36140379088093044,0.8172392514336676,-0.44889565140802123,13.71836228925399,-0.08937919351017665,-0.5095836168025353,-0.8557662632132196,9.66194863281638,81.42316025989582,68.53472451516433,48.8532210234074,23.405628536994115,7.8607066438964095,95024.0,272616.3062636567, 0.0, 0.0,0.0,NaN, 96.15891985977427,96.15891985977427,0.0, 307.9230758526857, 30.621916559586055, -40.64486572064999, 30.621916559586055, 173.69889424484765, -51.041724086663244, -40.64486572064999, -51.041724086663244, 127.99218605566817, 3.1531683816087606, 3.2738763162445865, 10.0, 0.0
35, 0 ,0.3333333432674408,0.3333333432674408,0.3333333432674408,262.3299046282778,143.2763220265069,174.67037978043646,18.01537274426969,13.976485058844114,9.96423632413011,73.0,66.0,46.0,-0.9553770760645629,-0.2946176623521883,0.021332500098637807,18.398237833236564,0.28473013135773195,-0.9377235771197595,-0.19900564115303782,13.603396783864635,0.07863456509280871,-0.18405142200986901,0.9797661349673247,9.779275832626162,80.10084707426566,61.359273929249866,48.940653928089745,23.723931627487875,7.507120844406209,105482.0,240539.87928375727, 0.0, 0.0,0.0,NaN, 194.0480719902622,194.0480719902622,0.0, 324.5536551149752, 44.48381022164517, -10.0163397165338, 44.48381022164517, 195.34213460009278, 15.160164203746518, -10.0163397165338, 15.160164203746518, 99.28600552311394, 2.711618253075989, 2.7651251773125463, 14.0, 0.0
36, 0 ,0.3333333432674408,0.3333333432674408,0.3333333432674408,163.98385104593714,67.97976453274467,219.38736465888783,10.734693419789314,13.108482727729175,14.395767709802234,49.0,62.0,64.0,-0.3150751544580306,0.67766490397158,0.6644531021587889,15.345197219561635,-0.508380690696033,0.4706861546783396,-0.7211127631109732,13.920919816290068,-0.8014216869854922,-0.5649998422294542,0.19621023905499835,8.064552309695003,66.73923480523972,60.96953160759489,34.37117874237862,21.237745897361137,6.577403697033258,76104.0,139858.38465256267, 0.0, 0.0,0.0,NaN, 172.10473014667653,172.10473014667653,NaN, 115.23364281686801, -67.20064476754536, 11.519894764608654, -67.20064476754536, 171.8323194231741, 33.042527877308444, 11.519894764608654, 33.042527877308444, 207.23812795458466, 2.3924227657389263, 2.6708973531580154, 17.0, 0.0
37, 0 ,0.3333333432674408,0.3333333432674408,0.3333333432674408,271.8028351297244,96.27357384077168,43.726254271905525,13.984991277870861,18.44259770336684,10.545119107805776,63.0,90.0,42.0,-0.4691337111275893,0.8742904054629895,0.12461881077517198,20.235579978535878,-0.7569067700625637,-0.3253607809751015,-0.566773767597557,12.405370613552831,-0.4549787934806556,-0.36021750251568113,0.8143940375299002,9.139858366563697,93.8210753284903,66.71219968179034,48.57835967803899,24.035322507022602,8.319387000951311,98902.0,304052.4541490806, 0.0, 0.0,0.0,NaN, 109.43338813838928,109.43338813838928,0.0, 195.57998104212405, -116.3614821753349, 11.126963643830814, -116.3614821753349, 340.1294100482319, 48.486438476118174, 11.126963643830814, 48.486438476118174, 111.19953699781048, 2.878652907817111, 3.0207005439856958, 7.0, 0.0
38, 0 ,0.3333333432674408,0.3333333432674408,0.3333333432674408,225.67960387605154,27.900381216057927,168.08122670642103,20.02608994518983,16.21939246068673,19.179592965274168,90.0,75.0,89.0,-0.7658162319013939,0.2764299472052924,0.5806134542399349,22.486072568132247,0.398441789882365,-0.504721011090377,0.7658334290426633,17.554616419162574,-0.5047471040349681,-0.8178283348307184,-0.27638229993313007,14.770976251993885,110.14013476825943,87.54967989093745,73.08594282735794,30.658370776874467,9.593438273509072,234775.0,704748.272357793, 0.0, 0.0,0.0,NaN, 153.9627074953693,153.9627074953693,NaN, 401.04427849283326, -78.94556245148259, -100.35164751747706, -78.94556245148259, 263.06869179378157, 11.352834544605344, -100.35164751747706, 11.352834544605344, 367.8567863135944, 2.63404350492561, 2.981139589756403, 16.0, 0.0
39, 0 ,0.3333333432674408,0.3333333432674408,0.3333333432674408,16.872819218694115,275.268578865795,271.732215951993,10.433254970129704,14.635398674582724,16.07742334689255,40.0,59.0,64.0,0.020361578712741173,-0.393119580143146,0.919261878802989,16.402067920843955,-0.25204872831423003,-0.8917734069914183,-0.3757813581567059,14.51306019906354,-0.9675003073216593,0.22404728583715497,0.1172432046708891,10.093289686187504,75.7572637682593,72.46689545713724,43.63401535337516,23.049156917308217,7.089965480319044,100652.0,239546.10658819694, 3.552713678800501E-15, 0.0,0.0,88.83328684737407, 41.175269697828256,41.175269697828256,0.0, 108.85280927173619, 23.10678454537473, 13.429411202970938, 23.10678454537473, 214.19489436397774, -23.960954514865676, 13.429411202970938, -23.960954514865676, 258.48354147520564, 2.5923795193020416, 2.872868150577667, 6.0, 0.0
40, 0 ,0.3333333432674408,0.3333333432674408,0.3333333432674408,55.481952439369635,10.25695951684439,281.413631216382,14.442338315522603,6.940170850147471,10.630173336443658,62.0,28.0,41.0,-0.9923137329614935,0.07273624956779616,-0.1001144014357431,14.5120244938947,0.08655700827908014,-0.17021048072561323,-0.9815988368824258,10.669723070579579,0.08843833837087342,0.9827196091713887,-0.16260636536197448,6.730961840467433,63.84406262246658,46.742585938078236,31.045045220438524,18.187665447847102,6.2415156948686565,42388.0,92645.75969152396, 0.0, 0.0,0.0,NaN, 59.40459047561315,59.40459047561315,6.743495761743046E-7, 208.58113602001228, -12.94013461285301, 10.597808999729487, -12.94013461285301, 48.16597142923666, 10.247422119259333, 10.597808999729487, 10.247422119259333, 113.0005851628377, 3.2435376396599755, 3.4386965135507843, 5.0, 0.0
41, 0 ,0.3333333432674408,0.3333333432674408,0.3333333432674408,76.83172723833263,282.4499365722298,12.060378786192777,13.12908194027666,10.903201955574978,7.961630428794902,60.0,43.0,30.0,-0.9275032603254525,0.35788917798711034,0.10794923976280152,13.512389496165929,0.3691749948636661,0.9223244774444835,0.11413755505604929,10.522564922204003,0.0587156303982872,-0.1457151144750305,0.9875826953528806,7.831418908803958,61.50106600778119,50.24266578910698,34.651249998342614,17.897613301879748,5.857952087517036,44933.0,107071.58301857066, 0.0, 0.0,0.0,NaN, 79.72811156179952,79.72811156179952,0.0, 172.37279259449872, -23.43095341013234, -10.059031802853012, -23.43095341013234, 118.87981288405402, 9.884212540438925, -10.059031802853012, 9.884212540438925, 63.387559084712905, 3.141474336421543, 2.8730268457865398, 4.0, 0.0
42, 0 ,0.3333333432674408,0.3333333432674408,0.3333333432674408,18.07132944478646,251.8407400064693,24.099439673612487,10.771496185979817,14.777471282642349,15.212756124789673,43.0,70.0,66.0,0.07489793882285747,0.5283146260177338,0.8457387035579188,15.448260933931422,-0.12018271182976129,-0.8371563171385454,0.5335966795738813,14.604396865456428,-0.9899224285454553,0.14160846235578173,-7.930018279259705E-4,10.671905304098116,73.73601286119478,70.60965803136745,47.55071567388435,22.684156271210025,7.159314965101036,95837.0,247571.59587503484, 0.0, 0.0,0.0,NaN, 56.803787405494184,56.803787405494184,0.0, 116.02513008457777, 14.937369714366788, 1.5283995783588367, 14.937369714366788, 218.3736575093193, 11.342579042941072, 1.5283995783588367, 11.342579042941072, 231.42794891232572, 2.0720389113502633, 2.658185161432577, 7.0, 0.0
43, 0 ,0.3333333432674408,0.3333333432674408,0.3333333432674408,255.42847819347682,230.68759483757282,33.18757036336047,14.422712339965114,11.516911751134911,10.118188882866043,65.0,55.0,47.0,0.8856078733037832,-0.3697778613865052,0.2810036084657497,15.119187468284123,-0.4611033316744078,-0.7723850891061099,0.4368123071129147,11.574351107850966,0.05551947641243743,-0.5164161184112751,-0.8545361199995704,8.970852831544768,77.94239631173369,55.919074082680766,46.64769194896519,19.99325663512942,6.58037407114132,61289.0,203312.40889110067, 0.0, 0.0,0.0,NaN, 88.83830757152478,88.83830757152478,0.0, 208.01463124138198, -29.453767038612117, 26.085810091334256, -29.453767038612117, 132.6392562834294, -33.43697221773347, 26.085810091334256, -33.43697221773347, 102.37774626935398, 2.9751519057166376, 3.1205593474913416, 8.0, 0.0
44, 0 ,0.3333333432674408,0.3333333432674408,0.3333333432674408,8.270427404148334,27.26136601717997,26.467089182205463,5.4239569627363124,17.463059167366673,15.825378686520537,23.0,67.0,66.0,0.0019049567390535822,0.9789192224984744,-0.20423889679197962,17.533456213484737,-0.09978008360245995,0.20340608111184644,0.9739968691340889,15.817717910375395,0.9950076914557537,0.01852355229710367,0.09806412164593138,5.2151767473352555,74.58362414994016,68.45242355213821,23.50021711268379,22.775397165816923,8.130291454041203,57276.0,119978.7094671543, 0.0, 0.0,0.0,NaN, 38.88558674301778,38.88558674301778,0.0, 29.41930913361572, -4.003462152386661, -21.781596905216468, -4.003462152386661, 304.95843548294914, -11.84564782906652, -21.781596905216468, -11.84564782906652, 250.4426105717785, 3.3075928383527193, 3.2797394320708424, 8.0, 0.0
45, 0 ,0.3333333432674408,0.3333333432674408,0.3333333432674408,107.9150201915696,263.3972107265628,42.743124853986586,18.22592218702799,19.51062039958117,18.639960861396553,100.0,84.0,91.0,-0.4747752918994716,-0.6104355802598976,0.6340006502792664,22.51446513763186,-0.6553618009444747,0.7260320934988616,0.20827460016160115,17.86894026082336,-0.5874430458049407,-0.31661617388001817,-0.7447582603590186,15.300213148189558,113.02538117406556,88.35201010564066,77.42687892859152,31.01741105174743,9.910444011521376,239704.0,773186.3320718845, 0.0, 0.0,0.0,NaN, 121.70616454323918,121.70616454323918,0.0, 332.1842395675991, 38.52364241940023, -93.74606409039843, 38.52364241940023, 380.6643083765529, -92.69608828689844, -93.74606409039843, -92.69608828689844, 347.44814091439525, 3.658572435577334, 3.8379515978415775, 15.0, 0.0
47, 0 ,0.3333333432674408,0.3333333432674408,0.3333333432674408,26.27220424597955,210.76964229518515,48.95009239161133,12.738694842674823,16.370899683523625,15.673691360743234,57.0,72.0,79.0,-0.2694638923062609,0.7205034059277536,0.6389554388137462,18.33842655601412,-0.25108868299568976,-0.6931137350408835,0.6756832272368215,13.940244589468465,-0.9297008572732682,-0.02163775275261314,-0.3676793761433553,12.054749928973745,93.00877935743071,65.49377681933055,55.113342278484716,24.775877998088408,7.88042974960235,123929.0,335722.7171240022, 0.0, 0.0,-7.105427357601002E-15,50.28602676989426, 105.11135522491831,105.11135522491831,0.0, 162.27434629479012, -28.548920052496126, -41.19765685786708, -28.548920052496126, 268.00635644799394, 64.9675639890246, -41.19765685786708, 64.9675639890246, 245.6646008718371, 3.101447462673182, 3.195134068519636, 11.0, 0.0
