// Sample: .//bubblelabels.tif, Map: .//bubblelabels.tif, Thickness:(8.191250068658265):/gpfs/home/mader/Foam/NewValid/InSilicoTest/LatticeData_Phi_6.65/out_Step_03000.vtk/distmap.tif, Neighbors:(1.0):
//LACUNA_NUMBER, TRIANGLES, SCALE_X, SCALE_Y, SCALE_Z, POS_X, POS_Y, POS_Z , STD_X, STD_Y, STD_Z,PROJ_X, PROJ_Y, PROJ_Z, PCA1_X, PCA1_Y, PCA1_Z, PCA1_S, PCA2_X, PCA2_Y, PCA2_Z, PCA2_S, PCA3_X, PCA3_Y, PCA3_Z, PCA3_S,PROJ_PCA1, PROJ_PCA2, PROJ_PCA3,OBJ_RADIUS, OBJ_RADIUS_STD, VOLUME, VOLUME_BOX, Mask_Grad_X,Mask_Grad_Y,Mask_Grad_Z,Mask_Angle, Mask_Distance_Mean,Mask_Distance_COV, Mask_Distance_STD, SHAPET_XX, SHAPET_XY, SHAPET_XZ, SHAPET_YX, SHAPET_YY, SHAPET_YZ, SHAPET_ZX, SHAPET_ZY, SHAPET_ZZ, Thickness, Thickness_STD, Neighbors, Neighbors_STD
1, 0 ,1.0,1.0,1.0,155.46856558863286,182.70991988922955,182.62713875976658,16.611454995222598,11.564652708548115,9.901754125236732,73.0,53.0,42.0,-0.9758651534198111,-0.2154911318078545,-0.0353662897841743,16.85296472231847,0.15995058380585125,-0.8156064418764601,0.5560592978359307,12.19508109378652,-0.14867082121618777,0.5369820332951476,0.830389837869608,8.659326836916218,76.32117732853413,71.15152680348189,48.09585826641555,21.124936851479628,7.839860145769834,60666.0,261178.22382019128, 0.0, -2.8421709430404007E-14,0.0,77.55565748516938, 50.83120919910482,50.83120919910482,0.0, 275.94043705830575, 34.33939632131288, 13.772722012575505, 34.33939632131288, 133.74119226932925, -31.84807984877293, 13.772722012575505, -31.84807984877293, 98.04473475664264, 9.53372187024034, 6.33007418126627, 11.0, 0.0
2, 0 ,1.0,1.0,1.0,184.2296149354493,35.799820825801085,15.719640371786463,9.706236706408593,16.126814187939367,10.323334776203211,43.0,72.0,47.0,0.018395241279488786,0.9986008429943756,0.049577933288834114,16.139067560200246,-0.6060583712302462,0.05057484630177797,-0.7938107051327115,11.08914583716135,-0.7952074356795278,-0.015444782046835036,0.6061407369147164,8.798735741240417,72.54623787963835,64.07766095236292,42.92452706869972,20.32545635670295,6.908851687979169,62509.0,199538.66611369085, 0.0, 0.0,1.7763568394002505E-15,87.15822868832083, 42.15968820641306,42.15968820641306,0.0, 94.21103100083353, 1.9663595912152925, 22.08152428840265, 1.9663595912152925, 260.07413585232246, 7.23388408024705, 22.08152428840265, 7.23388408024705, 106.5712409015666, 8.310780959040635, 5.852880919079341, 12.0, 0.0
3, 0 ,1.0,1.0,1.0,170.8577457173377,186.9014361260204,79.13115035144865,16.304025955392852,7.643510931154728,15.68295547744508,65.0,33.0,75.0,-0.8685386518828508,-0.022014280606759716,0.4951322870050865,16.605184855659125,0.49422909742651083,0.03636054239935149,0.8685709586518547,15.374830182654255,0.037124243325580335,-0.9990962328053248,0.020700438442489196,7.621157850370428,73.78326566026298,88.29492467774641,33.9610658103972,22.72872400692665,7.321524379071173,75829.0,221245.7439610597, 0.0, 0.0,0.0,NaN, 85.33804729532804,85.33804729532804,0.0, 265.82126235412386, 7.365714851724061, -17.057765250219262, 7.365714851724061, 58.423259354681804, 3.258742931157344, -17.057765250219262, 3.258742931157344, 245.95509250752468, 8.346223977399893, 5.584356105357168, 12.0, 0.0
4, 0 ,1.0,1.0,1.0,55.70050146841076,80.23286785939251,28.7679501967425,13.207301059018716,14.238877593640467,15.789963311049837,68.0,69.0,66.0,0.06859210939981186,0.41176018083452615,0.9087071453483803,16.18361029153303,0.10483003001025049,-0.9087847118713187,0.40388242382779355,13.81158012695099,-0.9921218611320561,-0.06755664991754237,0.10550029249146363,13.184551190053147,76.49991224708316,79.0506868488278,67.75482947620591,24.023521705742386,7.026505718204298,122241.0,409738.5642571776, 0.0, 0.0,0.0,NaN, 101.82069488712708,101.82069488712708,0.0, 174.4328012635569, 0.8749644161959411, 6.2065299257445075, 0.8749644161959411, 202.74563512667652, 26.74261115091933, 6.2065299257445075, 26.74261115091933, 249.32294136429994, 8.147872992058549, 5.238100191995368, 24.0, 0.0
5, 0 ,1.0,1.0,1.0,14.016996635104467,107.37167227482588,138.6182643399327,8.157456972574211,14.814564209890554,12.60721208162312,33.0,73.0,64.0,-0.03950652315940224,0.9976502975630769,-0.05597426551692776,14.829196232080001,0.006978383583597938,-0.055741158107653524,-0.9984208658954286,12.599694132078891,-0.9991949443378983,-0.039834746956915475,-0.004759847104973858,8.142472618800424,73.00629122256856,63.74558279959055,33.81472269635085,20.112030657034612,6.361087667205878,63895.0,157367.92297733313, 0.0, 1.4210854715202004E-14,0.0,3.9285215436137046, 112.00089626638338,112.00089626638338,0.0, 66.54410425939962, -6.090110902112411, -0.30447507744211616, -6.090110902112411, 219.4713127289701, -3.4324679794147697, -0.30447507744211616, -3.4324679794147697, 158.94179647102393, 9.067073057669692, 5.4757145293651215, 18.0, 0.0
6, 0 ,1.0,1.0,1.0,51.725676606941484,185.22844881593784,121.46374201227917,14.439191862742765,8.66699341914502,12.270482814798825,65.0,34.0,55.0,-0.959019303677319,0.01664832087109748,0.2828512128070947,14.63108087575046,-0.28234122165092596,0.027625837082120477,-0.9589161838670655,12.044853046904846,0.023778345840996314,0.9994796879065053,0.021793203788815944,8.661684164790906,65.48371308095054,58.33196287154287,35.04033738178262,19.931196841207818,6.076115334809947,63848.0,133846.85367405927, 7.105427357601002E-15, 2.8421709430404007E-14,0.0,86.99654806203554, 95.19289975383198,95.19289975383198,0.0, 208.49026164909688, -2.766393919760169, -18.750525602288786, -2.766393919760169, 75.1167749275031, -1.2010265159613813, -18.750525602288786, -1.2010265159613813, 150.5647485082733, 9.22250232821833, 5.4710812909226005, 11.0, 0.0
7, 0 ,1.0,1.0,1.0,56.39560517606284,148.90260081532932,11.608883396542662,13.214075650244864,17.923386467732303,8.364287282697084,63.0,90.0,34.0,0.272612240150896,-0.9612139485054569,0.04183672690900914,18.278735855924655,0.9461200738034767,0.275722214639572,0.16980596662177003,12.847283846057266,-0.17475517865292037,-0.006708617800901369,0.984589062493174,8.164312144800814,99.13309186625035,59.761844560114255,35.84964639136202,22.11558753928554,8.759090552209695,70401.0,212386.79999276737, 7.105427357601002E-15, 0.0,0.0,74.18023032906648, 76.98165145231994,76.98165145231994,0.0, 174.6117952903942, -44.41548181570884, 18.858496165152197, -44.41548181570884, 321.2477824716895, -6.148632640870623, 18.858496165152197, -6.148632640870623, 69.96130174748816, 8.167739023986325, 5.269813564799562, 16.0, 0.0
8, 0 ,1.0,1.0,1.0,26.33862275757607,50.88594421374769,50.42298220486558,13.768737752377595,13.287555265812745,12.900161545484938,63.0,66.0,63.0,0.819938830523477,-0.24503166619853217,0.5173584799341392,14.872313271250713,-0.06467494483066029,0.8583218260846595,0.5090194440076394,13.690999810659862,0.5687859577300965,0.4508249387807492,-0.6879239847994766,11.132037292502927,75.83193609124643,67.46849764946279,61.38734269001347,22.167180832391498,6.4161924908367896,97049.0,314074.0234633997, 0.0, 0.0,0.0,NaN, 76.3254839599641,76.3254839599641,0.0, 189.57813929374802, -23.067479156883387, 39.16820921185718, -23.067479156883387, 176.559124942028, 15.422569939161333, 39.16820921185718, 15.422569939161333, 166.41416789960834, 7.934335680551488, 5.144202315755477, 21.0, 0.0
9, 0 ,1.0,1.0,1.0,88.74657086182155,178.3996053853296,81.56849835401367,12.89461847402056,12.153575019917678,15.30147277540464,62.0,56.0,73.0,0.4026383140074292,0.2880395152334933,0.8688588065717633,15.903697502296234,-0.6683163509210283,-0.5561073470427815,0.4940626211895009,13.284666963940337,-0.6254883237797936,0.7796010878834722,0.0314086068785398,10.895213162871919,76.69788123509608,75.53476806065133,59.13938971737134,22.371761214034724,6.900720298199516,94776.0,342615.5778691853, 0.0, 0.0,0.0,NaN, 122.45795527841598,122.45795527841598,1.3486991523486091E-6, 166.27118559055228, 37.039526058814594, 27.87834221706982, 37.039526058814594, 147.709385764767, 17.716882563501574, 27.87834221706982, 17.716882563501574, 234.13506909644937, 8.412467703824458, 5.029556836187335, 21.0, 0.0
10, 0 ,1.0,1.0,1.0,186.19264577201494,20.512150982419854,110.86359478164029,8.494682460758105,11.086864931737496,13.350088788721669,34.0,45.0,65.0,0.025705337527115308,-0.37517069403913766,0.9265992585561512,13.749076845246009,0.10773840076557221,-0.9204670008367986,-0.375676639373526,10.614163818321924,-0.9938469060288381,-0.10948721708355354,-0.016759375650805042,8.46200254855787,74.07294567162322,56.9689448479301,36.0118527965399,18.406920584078602,5.872678213718568,50284.0,151964.88915390213, 0.0, 0.0,0.0,NaN, 92.50237890970304,92.50237890970304,NaN, 72.15963010911138, -5.203905945563249, 1.1353583117940869, -5.203905945563249, 122.91857401459069, -26.626365372913554, 1.1353583117940869, -26.626365372913554, 178.224870666752, 8.666243996163269, 5.402796316680143, 10.0, 0.0
11, 0 ,1.0,1.0,1.0,77.37493920897226,101.04231055530742,159.65341670388565,11.72250188670787,15.013062854599378,13.940732254576211,58.0,80.0,76.0,0.17493621040756008,0.9070963360082991,0.38284926470944175,15.332523703834513,0.012164292944653675,-0.3908068867418001,0.920392311599971,13.701869929720548,-0.984504622775027,0.15635285246998235,0.07940046132801402,11.589892141610951,77.40334951529726,75.0753619558658,60.481214975451536,22.610193908936388,6.777333838174539,100755.0,351461.4497635312, 0.0, 0.0,0.0,NaN, 131.9369254662798,131.9369254662798,0.0, 137.41705048386956, 15.735175764499617, 7.346403425907414, 15.735175764499617, 225.3920562761516, 15.778914044874405, 7.346403425907414, 15.778914044874405, 194.34401579378152, 7.451020181068126, 4.819583851886642, 30.0, 0.0
12, 0 ,1.0,1.0,1.0,20.143469684262747,176.98940455238073,48.40945439941412,12.518768398326234,12.43541982168773,13.887706282580153,52.0,51.0,81.0,0.26906267860235805,-0.4944484413595886,0.8265143760518613,14.678544076049786,0.9040696772803775,-0.16620905825140883,-0.3937417523927761,12.431922232563668,-0.3320591718436315,-0.853167795801186,-0.4022951883906493,11.585131313659112,90.63553578143984,63.06100761717964,59.238139501131286,21.4478972927615,6.649459817377591,84659.0,338579.6270884907, 0.0, 0.0,0.0,NaN, 57.26012704337779,57.26012704337779,NaN, 156.7195622109316, -13.86455436153538, 10.82795410841927, -13.86455436153538, 154.63966614162413, -31.87109131225023, 10.82795410841927, -31.87109131225023, 192.86838579121624, 7.75640761386954, 4.848045967079892, 11.0, 0.0
13, 0 ,1.0,1.0,1.0,167.498361118517,187.25354829603376,25.37479415962235,15.347274433331272,7.38854248930956,14.387083707741303,74.0,31.0,52.0,0.7799084926205347,0.030499251472158657,0.6251500130352742,16.944921693061957,-0.6253299797553924,-0.004406639498452601,0.7803479979774737,12.474578859345119,-0.026554840566009687,0.9995250758174947,-0.01563532073687932,7.373742696883981,88.14741860022296,61.915930612722896,32.35074578590479,21.044957635182165,7.3639207216854095,63763.0,176561.61812625392, 0.0, 0.0,0.0,NaN, 43.15910957917315,43.15910957917315,0.0, 235.53883253198373, 5.815519906480732, 64.07951580053773, 5.815519906480732, 54.59056011633272, 4.089765268594339, 64.07951580053773, 4.089765268594339, 206.98817761355522, 8.525457150228439, 5.037479794919978, 12.0, 0.0
14, 0 ,1.0,1.0,1.0,175.40327395078526,61.188979949160945,109.65075045618032,13.270294670669704,13.046146281328909,13.044985499020989,55.0,65.0,64.0,-0.6818328166649864,-0.4983215218835443,0.5355181331629771,14.508978221244806,0.060069462354761335,-0.7677436726096837,-0.6379351948750007,12.643211090862161,-0.7290374954768106,0.40279686443102275,-0.5534067366715324,12.087723706192532,75.80192722079272,63.54684129898999,67.381635829228,21.846701364191652,6.260666067899513,94809.0,324575.52313044533, 0.0, 7.105427357601002E-15,0.0,60.11098522697738, 111.85739623596797,111.85739623596797,0.0, 176.10072064640474, 21.246870451368295, -24.040099494157808, 21.246870451368295, 170.20193279383213, -10.456765664898715, -24.040099494157808, -10.456765664898715, 170.1716466696679, 7.200393456694212, 4.5051306281683265, 18.0, 0.0
15, 0 ,1.0,1.0,1.0,189.6695989158603,24.426238082784526,175.80259622928602,6.333806259775568,13.111807940515236,12.811725839129089,27.0,56.0,54.0,-0.022195136226089623,0.7991170365578746,0.6007656263559571,13.498454211873591,0.01225779667932608,-0.600650970487434,0.7994173866467202,12.407204197534131,-0.9996785094961649,-0.02510724069792783,-0.003536115957189522,6.326922322344557,76.03475689020293,61.916446022185596,27.671333655207263,18.379731347421437,6.193739079017765,42061.0,130271.15773314482, 0.0, 0.0,0.0,NaN, 35.900872450109496,35.900872450109496,0.0, 40.11710173637218, -3.360418662503104, -0.7796134233996028, -3.360418662503104, 171.91950746895841, 13.561590423464992, -0.7796134233996028, 13.561590423464992, 164.14031897700798, 7.886056059145592, 4.936806652183564, 9.0, 0.0
17, 0 ,1.0,1.0,1.0,21.2219483145445,9.766196714954436,20.421876298368556,12.1325424122491,6.398165978748025,12.122297570508271,56.0,25.0,47.0,-0.7064737550936792,0.044764802320067756,0.7063221261132077,13.57576179766152,0.7077197557590144,0.0372779562909042,0.7055091078669183,10.499155440454098,-0.0052517304041233516,-0.9983017912675597,0.05801683272761201,6.368016827468336,72.84919981720694,56.007824570732815,27.794622258373348,17.28330137709148,6.030978790644154,36103.0,113405.53879760606, 0.0, 0.0,0.0,NaN, 31.029062507369645,31.029062507369645,NaN, 147.1985853850232, -2.707767617010497, -36.93907694038794, -2.707767617010497, 40.93652789160868, 6.377726444742201, -36.93907694038794, 6.377726444742201, 146.95009838795076, 7.963248038540071, 4.680364468655006, 4.0, 0.0
18, 0 ,1.0,1.0,1.0,25.100516357751147,39.09424492312435,144.7090670879735,14.652873085131839,13.333621815292698,15.652533027046445,58.0,67.0,84.0,-0.6391026099880411,-0.37071988649443144,0.6738802710155786,18.95205675444529,-0.2064541786020627,-0.7613235973436654,-0.6146243179906306,12.939812738331574,-0.7408944095107086,0.5319334036185884,-0.4100272284501635,10.529707574201998,91.76015634776765,63.74028209360549,62.0771695789454,23.943750027642764,8.011915197926072,103804.0,363078.0823764473, 0.0, 0.0,2.8421709430404007E-14,47.63274292857462, 72.21830218038349,72.21830218038349,0.0, 214.70668964898107, 67.72123086270416, -99.7624600785708, 67.72123086270416, 177.78547071324934, -35.56405151363762, -99.7624600785708, -35.56405151363762, 245.00179016277974, 8.435639851537427, 4.90472697265842, 21.0, 0.0
19, 0 ,1.0,1.0,1.0,121.86941303611465,78.9706114812007,179.45226381921705,11.474460952763529,11.190247856129727,11.678838845703991,55.0,55.0,48.0,-0.2988653205203144,0.6539069198485561,-0.6950433514281424,12.558557235542368,-0.8630180579833634,0.1256419577996374,0.48929942778926117,11.644681491289607,-0.4072828891383898,-0.7460695936804075,-0.5267834560809953,9.998210397369077,60.37263172396166,60.92062887681455,50.67315809771159,19.05636102535556,5.489561229583383,61997.0,186372.76879172196, 0.0, 1.4210854715202004E-14,0.0,49.163181294423175, 112.97325152084035,112.97325152084035,1.3486991523486091E-6, 131.6632541564949, -15.150586793686768, -3.050752006058659, -15.150586793686768, 125.22164708161594, -24.057760461335175, -3.050752006058659, -24.057760461335175, 136.39527678392454, 7.724642819217427, 4.8179875683598725, 17.0, 0.0
20, 0 ,1.0,1.0,1.0,15.625252020471816,101.59747376402268,22.259016732436113,9.80737199392668,11.804447361314548,12.600901346617013,41.0,51.0,54.0,-0.057609257713281535,-0.43251471063270697,0.8997845289356952,12.788974977972803,-0.3633736883551856,-0.8303759277287464,-0.42241612334257805,11.907703643652159,-0.9298606003250558,0.35129310231618444,0.10932712485105195,9.43191129242724,57.57057504305633,65.76553291961879,46.52361574900637,18.997387863874778,5.780267470456211,58031.0,176145.83198467924, 0.0, 0.0,0.0,NaN, 102.09147611931338,102.09147611931338,0.0, 96.18454542725736, 17.800214746363125, 4.2427122896432445, 17.800214746363125, 139.344977506046, -10.499157831969564, 4.2427122896432445, -10.499157831969564, 158.78271474717442, 7.834959397037672, 4.862110154711345, 8.0, 0.0
21, 0 ,1.0,1.0,1.0,80.43693882475458,23.003987757330997,42.46118286534334,11.885120709545054,11.684388973357075,13.92785878901682,62.0,49.0,70.0,-0.39100049455345853,-0.1227658065303407,0.9121661964828042,14.477257846688838,0.6159601533849978,-0.7713116567365631,0.16022302463824759,12.322669173778218,0.683894511383796,0.6245053121705642,0.37720208425970486,10.503671742874529,70.9175624097436,61.12449852342601,60.38472268524018,20.817736624328727,6.195815704808964,78741.0,261755.72239275582, 0.0, 0.0,0.0,NaN, 93.82023572002403,93.82023572002403,0.0, 141.25609428045672, -14.961725134186782, -31.305444387068547, -14.961725134186782, 136.52494568070838, -16.247098861072793, -31.305444387068547, -16.247098861072793, 193.9852504467931, 6.8002758081582515, 4.510226072511669, 20.0, 0.0
22, 0 ,1.0,1.0,1.0,171.45118462782165,91.26671226913749,11.326254586157578,13.655752187586385,16.571269201315186,7.890312437786309,59.0,80.0,33.0,0.3998667507937836,0.9111932099415837,0.09916408506095153,17.25078012186388,0.913912874003495,-0.40460295938228047,0.032553094933856226,12.882074307859929,-0.06978424134641073,-0.07761043367649853,0.9945384759999242,7.733453809973525,89.17853386951779,71.57921157911511,36.496810391240146,21.54523631460106,7.690666633335829,64324.0,232971.1534393394, 0.0, 1.4210854715202004E-14,0.0,24.3292313966373, 96.29606259096326,96.29606259096326,0.0, 186.47956780877035, 47.389519876330624, 12.586459787956757, 47.389519876330624, 274.60696294245724, 20.087522173992358, 12.586459787956757, 20.087522173992358, 62.25703036588533, 7.032001152156015, 4.737407627623541, 12.0, 0.0
23, 0 ,1.0,1.0,1.0,153.89854343648412,81.97273657932075,69.95281883654519,10.963071552888593,10.312868740698438,11.884019778493867,47.0,51.0,58.0,0.01881669978220667,-0.279825684500692,0.9598664063832144,12.021766298883858,0.9784279360989306,0.20269659783763982,0.03991068887193355,10.998715471462527,-0.20572969078500192,0.9384091194776213,0.2776033479818682,10.113333706799875,58.51461973592727,47.130386737761086,49.03622709425674,18.438419275862277,5.2724586522667485,55679.0,135232.9239244077, 0.0, 0.0,0.0,NaN, 117.21036943359134,117.21036943359134,0.0, 120.18893787375511, 3.4846888222953813, 1.4929052893845725, 3.4846888222953813, 106.35526166287497, -11.195147560231682, 1.4929052893845725, -11.195147560231682, 141.2299260956334, 6.794189260797011, 4.488730007920657, 16.0, 0.0
24, 0 ,1.0,1.0,1.0,136.1171384899532,116.99611502085789,122.14234308823998,10.115299706842507,11.953287375024155,12.609947915606305,49.0,60.0,64.0,0.19297149394520544,0.4990942999144987,0.8447880694691496,12.743331038854418,-0.3835256425787974,-0.7541095452245027,0.5331293232282527,12.289230124602495,-0.9031445532189607,0.426876649155409,-0.04589381654181134,9.528561834935838,59.13570757686213,61.57809104798636,47.09781299005213,19.323681902502038,5.550357771743127,62806.0,171504.98979226506, 0.0, 0.0,0.0,NaN, 130.50854246420732,130.50854246420732,0.0, 102.3192881592481, 24.315998181568077, -0.6434292599462144, 24.315998181568077, 142.88107906991186, 5.972784952289876, -0.6434292599462144, 5.972784952289876, 159.0107864343038, 7.321266083224915, 4.619198218545487, 23.0, 0.0
25, 0 ,1.0,1.0,1.0,118.59480904130943,56.80597038191738,14.496383476227592,14.400382600470083,11.75242394748292,9.413668658627676,71.0,58.0,39.0,-0.9183751317727679,0.3454480057375009,0.1930098253284886,14.944420975443974,0.36658659788813464,0.9263764958142165,0.08626038634144659,11.301005333352379,-0.14900128720972,0.14997420889924953,-0.9773977455851277,9.113682321650876,74.90533396563603,52.95694338082069,44.539188331491346,19.864543076104574,6.285505045206223,64150.0,176676.16068243576, 0.0, 0.0,0.0,NaN, 100.3188343230821,100.3188343230821,0.0, 207.3710190399215, -29.338634635429752, -23.452743636826302, -29.338634635429752, 138.11946864137005, 12.921161108785721, -23.452743636826302, 12.921161108785721, 88.61715761442899, 7.164718008898518, 4.663102589599343, 15.0, 0.0
26, 0 ,1.0,1.0,1.0,151.09993876493587,151.77771671717252,54.454034448648905,10.20697032624174,14.257146195665246,10.68141823606524,47.0,63.0,51.0,-0.04488948780948121,0.9907073792311695,-0.12838933998237478,14.323104503746956,-0.5905503852188625,0.07734256794693765,0.8032859825125958,11.054369333243269,0.8057513117594381,0.11187947050411298,0.581590756183129,9.705192035096095,64.93024745626863,57.18622357360119,51.71712116820777,19.655123616014755,5.9344142135728575,63689.0,192031.6518648808, 0.0, 0.0,0.0,NaN, 87.64614344930942,87.64614344930942,0.0, 104.1822432407794, -6.2139485139475195, -12.647112205649979, -6.2139485139475195, 203.266217644572, -12.37366318061947, -12.647112205649979, -12.37366318061947, 114.09269553374705, 6.703994840303513, 4.548231032724449, 19.0, 0.0
27, 0 ,1.0,1.0,1.0,52.25858892818244,67.94379378504485,97.0640858422192,12.434370234505005,10.551277932760193,13.554443175864686,60.0,52.0,63.0,-0.5421854904691957,0.01029363654894116,0.8401957718123055,14.295498572145265,-0.8120539093157654,0.25048014420226145,-0.5270940577595209,11.6452285814461,0.21587807273935994,0.968067011320504,0.1274477120364547,10.473458397802737,66.90914660600251,56.53610475072655,53.26188984306563,20.357671163473903,5.935586217954124,74369.0,201478.14594968423, 0.0, 0.0,0.0,NaN, 129.49423149721824,129.49423149721824,0.0, 154.61356312874406, -5.800159989783318, -32.03156469539352, -5.800159989783318, 111.32946601435223, -2.603115830245434, -32.03156469539352, -2.603115830245434, 183.72292980774475, 7.528871711946684, 4.551885805275731, 18.0, 0.0
28, 0 ,1.0,1.0,1.0,11.765935349863689,84.47277034921458,104.63751135921069,7.462937821245421,10.613759648823553,10.12269331962597,29.0,49.0,44.0,0.15489076502667887,-0.7545486005048161,0.6377031130437376,11.822327090101881,-0.018415321787503235,-0.6475861809780119,-0.7617696594967387,8.799331272394863,-0.9877599540540773,-0.10624757730196939,0.11420037427499594,7.322609246932938,58.093995398929366,43.89560709561417,31.917644395789498,15.688229997060706,4.969476271126948,30812.0,81392.2656384867, 0.0, 0.0,0.0,NaN, 127.93783804994122,127.93783804994122,0.0, 55.69544092377535, -9.784284702111687, 8.843071917519994, -9.784284702111687, 112.65189388299505, -29.707374658237807, 8.843071917519994, -29.707374658237807, 102.46892004320026, 8.560859375272644, 4.749365160492786, 9.0, 0.0
29, 0 ,1.0,1.0,1.0,99.179423377478,187.45138603273833,140.49214444353046,12.221247000184972,7.730654485008686,12.914229745380894,58.0,32.0,59.0,0.5994399066497914,0.004298967130863736,0.8004082190965416,13.745606121588409,0.7972215112619977,0.08609755081463882,-0.5975157518633779,11.300634096039845,0.07148188789355314,-0.9962774365734319,-0.048183078750169916,7.697610557839929,63.4079991848711,55.67748384276352,34.17622568526053,18.456561630967038,5.937555025839967,48628.0,120655.67368437849, 0.0, 0.0,0.0,NaN, 116.34092404187801,116.34092404187801,NaN, 149.35887823953018, 5.032607898008526, 29.61723779983132, 5.032607898008526, 59.76301876658491, -3.07519475478108, 29.61723779983132, -3.07519475478108, 166.77732991648068, 7.19829641233223, 4.6714279375073335, 11.0, 0.0
30, 0 ,1.0,1.0,1.0,49.7349799371001,122.4490971695044,143.16385153454073,12.86102589681997,10.541105844570161,13.545648024141633,58.0,53.0,61.0,-0.576209652353926,-0.014127412521594017,0.8171798166558035,14.138973760002122,-0.6928836640724065,-0.5218417636219606,-0.49758758204111014,13.102411187132105,-0.43346818175705226,0.8529253132340288,-0.29090160784854496,9.403282513905673,68.41327997340785,64.70155638746638,50.82695517267187,20.54365403607851,6.161473751056947,73768.0,224982.75675397596, 0.0, 0.0,0.0,NaN, 108.24998167000514,108.24998167000514,0.0, 165.40598711867395, 31.00925671922534, -23.79378189051834, 31.00925671922534, 111.11491242643122, 20.330139932125487, -23.79378189051834, 20.330139932125487, 183.4845803939321, 7.016570987449546, 4.340110478568034, 17.0, 0.0
31, 0 ,1.0,1.0,1.0,17.453420444412092,140.1285555697101,23.034431927787583,10.158757303632532,10.261784710053735,12.56613642207863,39.0,46.0,52.0,0.16785467090682504,-0.27036432360242485,0.9480126275413027,12.800735256810826,0.7098403909447639,-0.6341604405307166,-0.30654062544672955,10.282985145134864,-0.6840697543658439,-0.7243919299584246,-0.08546872511605143,9.839398018063251,59.87925751858096,55.69022500685256,50.3662902953906,18.373435001724552,5.3692873088795094,54949.0,167955.93056034183, 0.0, 0.0,-3.552713678800501E-15,18.55608032514244, 66.48155231050636,66.48155231050636,0.0, 103.20034995410732, -7.060710149762999, 8.726512375460402, -7.060710149762999, 105.30422543549261, -15.44905689162479, 8.726512375460402, -15.44905689162479, 157.9077845782911, 7.525504275327423, 4.629194030367425, 7.0, 0.0
32, 0 ,1.0,1.0,1.0,113.15864848751912,71.03037922185645,68.21135851110708,9.49856025020743,11.734738939113512,15.877475786451436,46.0,59.0,75.0,-0.001511350301629322,-0.20865438354096838,0.9779882739835911,16.048302529068632,-0.06238157846681124,-0.9760649556845096,-0.20834044483149355,11.50719508732275,-0.9980512283887311,0.06132332764726634,0.011541013734121456,9.489859287845302,74.99719671287428,61.296774523317204,46.69963701053864,20.919380135186437,6.511567929837878,77158.0,214682.25949822512, 0.0, 0.0,0.0,NaN, 131.29936989508283,131.29936989508283,0.0, 90.22264682682064, 2.6319387224300135, 0.30294668687028614, 2.6319387224300135, 137.70409796914691, -25.564703910806948, 0.30294668687028614, -25.564703910806948, 252.09423734935166, 7.3509042823179325, 4.455728592125406, 23.0, 0.0
33, 0 ,1.0,1.0,1.0,179.88220667971382,155.30427668516796,90.21659341011903,12.676817088004137,8.781353564406151,14.581572129005032,51.0,41.0,71.0,0.30863784544891637,0.044283637651171194,0.9501482199073101,14.794119402153267,-0.9483106524307167,-0.06320035224046482,0.3109865301956163,12.45193931864221,-0.07382131699637023,0.9970178909693951,-0.02248862476587795,8.747533708359345,74.95639917949538,57.89307069856983,40.235459229147565,20.154363211193186,6.65114660870878,62338.0,174600.00967258046, 0.0, 0.0,0.0,NaN, 102.6716466082068,102.6716466082068,0.0, 160.70169148271367, 6.652207380717833, 18.583535650975456, 6.652207380717833, 77.11217042310862, 4.44588623627472, 18.583535650975456, 4.44588623627472, 212.62224575337635, 7.550757093645312, 4.625971223594019, 14.0, 0.0
34, 0 ,1.0,1.0,1.0,122.17790660808913,152.04458233313707,163.28225916028805,11.67726267262025,11.6070211325347,11.46441352586484,63.0,58.0,60.0,0.21558068624715238,0.7583452102223227,-0.6151727479741506,12.295319166318002,-0.9095579300190155,-0.07326982240386998,-0.40906711559893083,11.799379961485606,0.35528768576567715,-0.6477222207534384,-0.6739633410546177,10.588387021231101,59.71940038127856,66.24674194603958,50.48251435914469,19.300043456898916,5.4792794371434415,66237.0,199719.716197669, 0.0, 0.0,0.0,NaN, 98.5098614143519,98.5098614143519,0.0, 136.3584635253702, 8.19265126419257, 4.907119254422246, 8.19265126419257, 134.7229395711071, -17.409854179692907, 4.907119254422246, -17.409854179692907, 131.4327774920327, 7.32537403784624, 4.426484956728958, 18.0, 0.0
35, 0 ,1.0,1.0,1.0,145.33288808456854,42.84345915201654,83.03816212800184,12.650617141211825,10.247917075993604,12.843958723787221,63.0,47.0,57.0,0.6544733028693506,-0.08502232869445041,-0.7512894911115535,13.11449721603338,0.7120478994555389,-0.2648536461842224,0.6502617434417295,12.551200701047199,0.2542685287491133,0.9605330549888933,0.1127996700414766,10.02509440758533,63.555052621857094,62.75216896656195,47.09000497917336,19.910761398295204,5.795409794703875,69624.0,187805.1772619574, 0.0, 0.0,0.0,NaN, 108.25613833349654,108.25613833349654,0.0, 160.03811405352243, -14.733135883693757, -8.744391066883567, -14.733135883693757, 105.01980439644129, -5.255602536006333, -8.744391066883567, -5.255602536006333, 164.96727569834985, 7.3349347585170355, 4.514946427850491, 18.0, 0.0
36, 0 ,1.0,1.0,1.0,84.25342247691817,33.565309252988335,106.995976961593,12.024536472365448,12.363626592949688,11.377708152112515,62.0,62.0,56.0,-0.5739540723524138,-0.8176183523062907,-0.04557359764190261,12.765421676288904,0.6407619943023233,-0.4137568739742795,-0.6467065145000019,12.16469343050325,0.5099027255151608,-0.4003816669266684,0.7613762087833007,10.768715144723231,64.25787028823075,62.60478622722409,56.536959516694594,19.803241598307192,5.8934374433656815,69102.0,227439.72075418243, 0.0, 0.0,0.0,NaN, 129.90387786995177,129.90387786995177,0.0, 144.5894773752469, 13.56392440684287, -12.037199336508737, 13.56392440684287, 152.8592625298927, 10.317388150449105, -12.037199336508737, 10.317388150449105, 129.4522427946476, 6.5367674515803245, 4.10672645405383, 15.0, 0.0
37, 0 ,1.0,1.0,1.0,15.789437134502924,71.36237207602339,171.6421235380117,10.432729627964205,12.068411479171044,11.264267029799191,41.0,68.0,56.0,-0.25288259371440713,-0.790908778218404,0.5572375600525732,12.84778587720061,0.42858155025955885,-0.6079400631884897,-0.6683761922356962,10.646233587100085,-0.8673916350607652,-0.06980103228066359,-0.4927063702847429,10.147128820603255,69.54223068742996,55.102604817517374,58.98293776606718,18.656834383164973,5.7701512665244765,54720.0,226020.1435214198, 1.7763568394002505E-15, 0.0,0.0,75.35184496736254, 78.39683431602715,78.39683431602715,0.0, 108.84184749020213, 9.716689529604654, -11.72389350502607, 9.716689529604654, 145.64655563058741, -23.15262550503783, -11.72389350502607, -23.15262550503783, 126.88371171862107, 7.373501026488253, 4.5148989875909695, 9.0, 0.0
38, 0 ,1.0,1.0,1.0,184.42915851623206,114.15684726235128,57.35062720959029,8.948385219351522,10.813252264934121,14.007924367226854,38.0,50.0,66.0,0.03329011049590096,0.1595362677218795,0.9866306035313027,14.089753185379262,0.09935627525440378,-0.9828159666752696,0.15556704733241505,10.728916696107305,-0.9944948964729493,-0.09284909762365735,0.04856898145659077,8.921388309004625,63.68179342356906,50.37959544281125,40.21206887149438,18.91912507269804,5.940427100854842,55723.0,129010.8923017774, 0.0, 0.0,0.0,NaN, 104.4059022171894,104.4059022171894,0.0, 80.07359803390878, -2.8367073817251462, 4.455253681780547, -2.8367073817251462, 116.9264245451029, 13.289423006445956, 4.455253681780547, 13.289423006445956, 196.22194507794785, 7.738576917065308, 4.588132007463807, 12.0, 0.0
39, 0 ,1.0,1.0,1.0,48.23314057132919,152.60147542646783,187.8678203400148,17.30679278386838,15.05862219004268,6.82226549925449,87.0,77.0,29.0,-0.9123692545073563,0.3924323146017534,0.1165299184158328,17.847046923070096,0.400904771469444,0.9141250016466617,0.06042222751209687,14.565137005562294,0.08281127726779257,-0.10184478298273808,0.9913475336815416,6.493857513331876,81.6727099061559,71.2939585394744,31.729286200896155,22.58474919844413,7.922094982509181,68997.0,184752.3610004763, 0.0, 0.0,0.0,NaN, 68.70404474573162,68.70404474573162,0.0, 299.5250764637587, -36.65290278867381, -25.26338475570608, -36.65290278867381, 226.7621022624458, 22.025572936350212, -25.26338475570608, 22.025572936350212, 46.54330654231811, 8.48156615283143, 5.242434826513707, 12.0, 0.0
40, 0 ,1.0,1.0,1.0,80.81632058399533,106.55283256142073,74.45117013771738,12.661792889091673,11.329250770044512,10.684656631700477,63.0,59.0,52.0,0.9034906286943235,-0.3519609754179852,0.2445979469340571,13.007132270836792,0.3887374376208963,0.9132650146507565,-0.12177938087744247,11.099084688877086,-0.1805211579108535,0.20511090852944322,0.9619467899778816,10.509978052890407,63.86389061899904,56.31358466831695,50.77644096560328,19.299569580414392,5.510120100767482,65206.0,182612.62645040394, 0.0, 0.0,0.0,NaN, 144.24502594510605,144.24502594510605,0.0, 160.32099916625248, -14.155012183109841, 12.375297744677438, -14.155012183109841, 128.35192301055417, -6.4714409889340425, 12.375297744677438, -6.4714409889340425, 114.16188733734099, 6.23588782693149, 3.9809863991943666, 21.0, 0.0
41, 0 ,1.0,1.0,1.0,48.35750571068153,184.33311172479628,166.7636630186492,11.732847830780132,9.87993937923924,13.016459044740083,54.0,42.0,57.0,-0.44780972692351034,0.25680185576011405,0.856457386768806,13.74784952071467,0.8934229006730716,0.09045684163853071,0.4400148637872323,11.172940441494157,-0.035524203377499404,-0.9622215787847119,0.2699401124239426,9.53221704891836,69.31760092824373,57.43045225479014,47.06949002402003,19.207598800306574,5.980741989712998,58662.0,187380.8707122888, 0.0, 0.0,0.0,NaN, 60.73346559125553,60.73346559125553,0.0, 137.65971822024207, -8.540520594122745, -24.28487847034034, -8.540520594122745, 97.61320213744223, 22.93708467069954, -24.28487847034034, 22.93708467069954, 169.4282060633959, 7.3012438440206235, 4.50182932993281, 9.0, 0.0
42, 0 ,1.0,1.0,1.0,172.5903305923381,103.4692120603791,123.98711860917011,12.023888710969993,11.730748678229343,14.127785886802043,52.0,58.0,66.0,-0.34721013359382263,-0.008965669201768972,0.9377444960678386,14.430658676810111,-0.6385810224057393,-0.7300412884610155,-0.2434214348931117,12.225136034222043,0.6867746362184628,-0.6833442279831929,0.24775242709013814,11.139157842811327,71.77257207616934,68.18836315709959,62.243236583947066,21.01316627556385,6.342360871500271,77709.0,304621.7740133924, 0.0, 0.0,0.0,NaN, 125.88662015725795,125.88662015725795,1.9073486328125E-6, 144.57389973379165, 12.090702054358777, -23.458918260138187, 12.090702054358777, 137.6104645517795, 3.801395993674329, -23.458918260138187, 3.801395993674329, 199.59433406332298, 7.558666342751064, 4.671959481334881, 16.0, 0.0
43, 0 ,1.0,1.0,1.0,114.79488816655058,152.642191006888,63.053072517607,9.624616590485436,12.294925657892414,10.670697093012242,45.0,55.0,49.0,0.03620131976784532,-0.88496897256886,0.46424065099631523,12.842979764432283,-0.5541887489151329,-0.40434860913618803,-0.7275830075431334,10.309605212811512,-0.8316034481788462,0.23093748045747495,0.5050778010336696,9.29688813658211,61.1274966438377,51.98193087402717,47.51682780264818,18.119256179902965,5.418004557474547,51684.0,150985.92275825207, -1.4210854715202004E-14, 0.0,0.0,87.9253638487176, 116.0963526950322,116.0963526950322,0.0, 92.63324451384752, 1.934174345329645, 9.325683417675648, 1.934174345329645, 151.16519693310119, -26.413407049219952, 9.325683417675648, -26.413407049219952, 113.8637764508199, 6.34529188766334, 3.9737728997087167, 15.0, 0.0
44, 0 ,1.0,1.0,1.0,98.75661519198664,159.23228297161936,16.194469949916527,11.680572603947956,10.934603619118683,10.59415879799997,51.0,55.0,45.0,-0.7858605619748015,-0.01515439309917356,0.618218021010747,13.283656067850801,-0.12610694249511506,-0.97476570322658,-0.18419789050834456,11.052555541094527,0.6054091312386876,-0.22271544217450684,0.764118849152297,8.344041633564293,62.647034925509615,53.032663528128325,50.28357106804707,18.24503111855451,5.946122499878187,47920.0,167059.07546584788, 0.0, 0.0,0.0,NaN, 108.06080072275513,108.06080072275513,0.0, 136.43577635609955, 7.730261191527321, -50.682426898458445, 7.730261191527321, 119.5655563072434, 8.43193562160849, -50.682426898458445, 8.43193562160849, 112.23620063724016, 7.246654735759946, 4.344563713541582, 12.0, 0.0
45, 0 ,1.0,1.0,1.0,117.6474427480916,113.01488549618321,54.607996183206104,10.286022956888024,10.688333146234633,11.039663786505159,49.0,47.0,53.0,0.07193662861504961,0.6382652818301133,0.7664480096352435,11.699128960074152,-0.84842435612154,-0.3648626387516162,0.38347277189255263,10.463971880211961,0.5244056000876142,-0.6778588974510356,0.515272822632065,9.775100219398594,58.44343218602096,51.47460393902318,49.689623646411576,17.806755368895672,4.983610484970159,52400.0,149483.90474373166, 0.0, 0.0,-7.105427357601002E-15,39.96401405954398, 131.64492803870576,131.64492803870576,0.0, 105.80226826962745, 6.212957913291883, -2.257993864722315, 6.212957913291883, 114.24046544489795, 18.261464942311434, -2.257993864722315, 18.261464942311434, 121.8741765190734, 6.582102658696302, 4.023354903848223, 12.0, 0.0
46, 0 ,1.0,1.0,1.0,108.75223146170278,53.19497635032042,129.44018919743667,10.800699082987613,10.931444829196058,11.107672423121345,51.0,52.0,49.0,-0.44469740864744933,-0.503122671506735,0.7410207771433737,12.29578746997564,0.7132532659422385,-0.6993427995070151,-0.04679131757518318,10.90744316590495,0.541769317482057,0.5077275117556833,0.6698498193187846,9.453743569090532,56.56606547584028,51.95747959327278,47.25083941243048,18.201144137100712,5.315103526257948,52432.0,138871.64366037247, 0.0, 0.0,0.0,NaN, 127.02183935301578,127.02183935301578,NaN, 116.65510068124945, -0.9343542537570031, -21.35711973863486, -0.9343542537570031, 119.49648605375725, -22.07686249171064, -21.35711973863486, -22.07686249171064, 123.38038665937043, 7.098941222588632, 4.159525855777704, 17.0, 0.0
47, 0 ,1.0,1.0,1.0,17.83612820618727,49.45981165585891,93.66034034116724,9.671839393221674,10.671296567544957,11.006385755389594,39.0,57.0,47.0,0.3782442247767609,-0.49488409205587713,0.7823177371458845,11.641150695958883,-0.14137799509157162,-0.8660723828712628,-0.4795110948993574,10.343922346576326,-0.9148461996023785,-0.07076978915980305,0.39755259779727553,9.276230702132695,57.903955220093316,59.19177517898625,46.17860097647861,17.427938360281395,4.982824458824608,48422.0,158274.28712629096, 0.0, 0.0,0.0,NaN, 107.40884410160955,107.40884410160955,0.0, 93.54447724827462, -6.694774988863729, 16.058048007251934, -6.694774988863729, 113.87657043249676, -10.452201018051655, 16.058048007251934, -10.452201018051655, 121.14052739644298, 7.211581585712383, 4.179959701500037, 9.0, 0.0
48, 0 ,1.0,1.0,1.0,126.42660357518402,9.383666316158429,49.63967753242201,11.161417709309287,6.2350680753925225,10.480877192149148,53.0,26.0,53.0,-0.9933988008351937,0.11470007856754869,0.001647566629091397,11.212970422776149,0.019669781643454454,0.156171727014112,0.9875340456771753,10.570181387247494,0.1130129293014652,0.9810475440354703,-0.15739693184009093,5.986874446821819,52.35647108123901,52.29877833146985,27.573535337157818,15.702177471869145,5.171433896444208,28530.0,75501.28852154707, 0.0, 0.0,0.0,NaN, 89.24794362078588,89.24794362078588,0.0, 124.57724528168299, -10.008994137187658, 1.3269360235854533, -10.008994137187658, 38.87607390477901, 11.720507876975473, 1.3269360235854533, 11.720507876975473, 109.8487867169122, 6.6223238157079045, 4.208186633779642, 12.0, 0.0
49, 0 ,1.0,1.0,1.0,149.0897883228658,52.23206242466536,159.35612933240287,10.520699716206025,9.1093267320946,11.058488190092568,49.0,44.0,51.0,0.5004650134793576,-0.08479713499827458,0.8615939972975621,11.291266147837343,-0.8221527813376162,0.26530243154831074,0.5036659845109415,10.378687736619964,0.2712924149730849,0.9604291049893471,-0.0630583845926389,8.985837007507117,50.908603584241206,48.20689606836632,42.29875148467454,17.142038988408636,4.701661025736554,47289.0,103807.30169278604, 0.0, 0.0,0.0,NaN, 83.49827675460801,83.49827675460801,0.0, 110.68512251857751, -7.866952928907987, 8.988578207503064, -7.866952928907987, 82.97983351205329, 0.18868736294303137, 8.988578207503064, 0.18868736294303137, 122.2901610504168, 6.588040042271781, 4.053089602128586, 14.0, 0.0
50, 0 ,1.0,1.0,1.0,134.4591431914833,116.89839312726546,184.9576733167794,9.995450578402723,10.238922048618031,8.016038788486275,50.0,47.0,33.0,-0.3420496394193717,0.9327922664977515,0.11358094794051468,10.304124268068769,-0.9391413769349061,-0.3434455651550133,-0.007656233026918515,9.955878685462396,-0.03186719789825794,0.109287379588595,-0.9934992452743846,7.981662578062045,48.885856749572994,53.23698705877027,34.78451512454768,15.75896909241885,4.544923320107169,35037.0,90527.9432235273, 0.0, 0.0,0.0,NaN, 106.90066682705837,106.90066682705837,0.0, 99.90903226529133, -2.1277920552078977, -1.3952704468713166, -2.1277920552078977, 104.83552471767646, 4.592496989118057, -1.3952704468713166, 4.592496989118057, 64.25687785851652, 6.990011037395477, 4.323854004394232, 13.0, 0.0
