// Sample: .//bubblelabels.tif, Map: .//bubblelabels.tif, Thickness:(8.191250068658265):/gpfs/home/mader/Foam/NewValid/InSilicoTest/LatticeData_Phi_6.65/out_Step_06000.vtk/distmap.tif, Neighbors:(1.0):
//LACUNA_NUMBER, TRIANGLES, SCALE_X, SCALE_Y, SCALE_Z, POS_X, POS_Y, POS_Z , STD_X, STD_Y, STD_Z,PROJ_X, PROJ_Y, PROJ_Z, PCA1_X, PCA1_Y, PCA1_Z, PCA1_S, PCA2_X, PCA2_Y, PCA2_Z, PCA2_S, PCA3_X, PCA3_Y, PCA3_Z, PCA3_S,PROJ_PCA1, PROJ_PCA2, PROJ_PCA3,OBJ_RADIUS, OBJ_RADIUS_STD, VOLUME, VOLUME_BOX, Mask_Grad_X,Mask_Grad_Y,Mask_Grad_Z,Mask_Angle, Mask_Distance_Mean,Mask_Distance_COV, Mask_Distance_STD, SHAPET_XX, SHAPET_XY, SHAPET_XZ, SHAPET_YX, SHAPET_YY, SHAPET_YZ, SHAPET_ZX, SHAPET_ZY, SHAPET_ZZ, Thickness, Thickness_STD, Neighbors, Neighbors_STD
1, 0 ,1.0,1.0,1.0,182.1880544978234,34.811809160231,20.190382049608992,11.716325005251818,18.376509664229758,13.297320248829518,50.0,82.0,56.0,0.1707096365189671,0.9792695613691256,0.10903827848734236,18.551906678537147,-0.5181918447780643,0.1833496814907875,-0.8353802166096187,14.307680458932545,-0.8380545519267042,0.0861047064517835,0.5387490580240338,10.144167947351763,92.57594980966608,71.4583312148678,56.23662306881104,24.175358447200473,8.206043432585254,102683.0,372023.4195076805, 0.0, 0.0,0.0,NaN, 44.00885123347376,44.00885123347376,0.0, 137.27227162868903, 30.660556909284388, 48.56128787259841, 30.660556909284388, 337.69610743952967, 10.168975806381209, 48.56128787259841, 10.168975806381209, 176.8187257999315, 10.203581331837503, 7.050176014002662, 7.0, 0.0
2, 0 ,1.0,1.0,1.0,60.49875003372211,82.90502504428838,32.83741895452461,16.520302479688755,17.96750962789416,17.461541090749627,79.0,85.0,70.0,-0.0877688515554824,0.7884412557600502,0.6088160764238635,18.597541944507213,-0.5504139384896417,-0.5477878822658631,0.6300578801657845,17.039319770587333,-0.830265695433066,0.2798013978846369,-0.48204777017309236,16.261925743613034,93.007772928391,89.42926783994585,79.39135509419292,28.883830356507886,8.14748779987629,222406.0,660346.8876751304, 0.0, 0.0,0.0,NaN, 107.7573107349652,107.7573107349652,0.0, 272.9203940204104, 2.1713537267982193, -13.328429527668524, 2.1713537267982193, 322.83140222846936, 30.147081466221163, -13.328429527668524, 30.147081466221163, 304.9054172639377, 10.609793961763684, 6.710117783634925, 20.0, 0.0
3, 0 ,1.0,1.0,1.0,53.10810535728566,150.0165247798998,14.52867663630217,19.31858735182943,19.811100831908256,9.472476691190755,96.0,90.0,41.0,0.1475576044935681,0.9870709590575412,0.06259133439498803,19.83651665869864,-0.9816443909954251,0.15389023480445305,-0.11265915523849214,19.419564367425203,-0.12083477555463967,-0.04481871726249815,0.9916603448760086,9.20915168384433,97.16644454605397,103.96023807007631,43.09234561580594,27.602144321911172,9.671451645941415,137551.0,435295.03273624607, 7.105427357601002E-15, 0.0,0.0,81.51458741331854, 74.36330475793257,74.36330475793257,0.0, 373.20781727026394, 0.8009267582415688, 35.177938207778574, 0.8009267582415688, 392.47971617203604, 14.002990294550106, 35.177938207778574, 14.002990294550106, 89.72781466515215, 9.979914717380078, 6.503232195693739, 11.0, 0.0
4, 0 ,1.0,1.0,1.0,167.30032765144128,184.9818719038889,82.84462885673051,17.77644547649594,8.569238558593504,17.576076696691104,73.0,35.0,80.0,-0.7357481586626892,-0.02453430802059918,0.676810693439763,18.942706253077027,0.6744396033814688,0.06448854044682728,0.7355082933194467,16.342464627749585,0.0616917207987398,-0.9976168081387704,0.03090041591794582,8.511760393789116,87.81384743150888,79.99500272697307,36.61458360582387,25.03056817707844,8.474844661320246,102548.0,257205.32911305857, 0.0, 0.0,0.0,NaN, 90.32189808470436,90.32189808470436,1.3486991523486091E-6, 316.00201377883303, 13.634388862815829, -46.059034593843826, 13.634388862815829, 73.43184947408567, 4.476178619228707, -46.059034593843826, 4.476178619228707, 308.918472047968, 10.69622553243298, 6.798825972405215, 12.0, 0.0
5, 0 ,1.0,1.0,1.0,14.240575596294105,113.89570668243643,142.50689532820817,9.115804796417365,18.275128761841994,19.699080203189375,37.0,93.0,103.0,-0.04308361869088859,0.24028434951871028,0.9697459632176196,19.795570683036804,0.05292074143241098,-0.9687356833905386,0.2423851704459471,18.205605198862873,-0.9976688814064224,-0.06176250563438308,-0.029020612864320578,9.04562379695337,95.01788726504117,95.91207764120256,39.03822351018362,26.79331445458243,9.340786355440668,126825.0,355769.5009687373, 0.0, 1.4210854715202004E-14,0.0,76.09667649715362, 104.50933166867159,104.50933166867159,0.0, 83.09789708638584, -16.00675660625121, -9.751641106713183, -16.00675660625121, 333.98033126190455, 13.631466229104394, -9.751641106713183, 13.631466229104394, 388.0537608516875, 11.222400379244355, 6.912909096780195, 16.0, 0.0
6, 0 ,1.0,1.0,1.0,57.861458062277734,148.81080319195073,184.79717090236215,18.630846680171633,22.225315094024374,8.742857599275816,92.0,94.0,39.0,0.10073169758362438,0.9936297979222152,0.0505267234538256,22.287856695964837,0.9931209837047135,-0.0973731907938456,-0.06503209546068238,18.615989292172763,0.05969787958799879,-0.05672994267301418,0.9966031691586243,8.614349924619358,97.83210870107159,91.27080702442285,43.07970075698768,28.38961825790785,10.561260020476254,138348.0,384667.9323398339, 7.105427357601002E-15, 0.0,0.0,84.21869357709322, 78.73632078982298,78.73632078982298,0.0, 347.1084480200624, 15.955219192038495, -15.438941114540508, 15.955219192038495, 493.96463102866767, 22.938249547293367, -15.438941114540508, 22.938249547293367, 76.43755900121486, 9.257991801291737, 6.414870076763502, 17.0, 0.0
7, 0 ,1.0,1.0,1.0,183.56706716128676,176.58565970876475,137.26706162449477,10.751239394929499,14.533714379163133,15.758616832787435,43.0,60.0,77.0,0.028722247412914903,0.46910591369827515,0.8826747273128751,16.265886869675764,-0.35682944537339845,0.8296703050229061,-0.4293249723434577,14.447382889076486,0.933727893670348,0.302633155315977,-0.19122079877835352,10.091880828870211,78.24228971772243,73.02246477952863,54.02641467041008,22.7968076660773,7.446983745159782,90305.0,308676.940402323, 0.0, 0.0,0.0,NaN, 68.94703887898565,68.94703887898565,0.0, 115.58914852708402, -29.44952159931478, 20.499363725942665, -29.44952159931478, 211.22885365509322, 29.311772823251303, 20.499363725942665, 29.311772823251303, 248.33400448261148, 10.579142015783978, 6.754388204342412, 7.0, 0.0
8, 0 ,1.0,1.0,1.0,81.40688422663477,21.924993712912876,43.021370745514766,17.34992108918868,13.649047464367968,19.699992728359195,94.0,56.0,86.0,-0.32997945893881075,0.06418678958425524,0.9418033832607079,20.044966336502103,0.9396638815445181,0.11771969972754341,0.32120688351395327,17.019744750654056,0.09025157283471064,-0.9909702963958724,0.09915909066715659,13.562211662340697,95.67959059489885,90.19592916748273,62.08572696038392,28.231957574259454,8.852262056003282,186891.0,535794.2096327619, 0.0, 0.0,0.0,NaN, 94.65001051042213,94.65001051042213,0.0, 301.0197618010741, 7.081933871020926, -35.79324363185586, 7.081933871020926, 186.29649668456963, 17.16856657148051, -35.79324363185586, 17.16856657148051, 388.0897134974051, 9.57088859765983, 6.1855132875464465, 14.0, 0.0
9, 0 ,1.0,1.0,1.0,51.8046759225955,183.23982447305949,121.80641680454643,14.675238023276885,9.684300457929757,12.597217283609908,62.0,36.0,58.0,-0.9707651210461017,0.02521681321246155,0.2387031463800926,14.804843712504985,-0.2344370524603927,0.11384428821092352,-0.96544225434535,12.480556167284645,0.05152036678859431,0.9931785289529557,0.10460430886351069,9.637971264396112,63.253609767119116,62.33736817574406,41.170397473914136,20.670695122300256,6.3687151648263685,69505.0,162337.49405059923, 0.0, 0.0,0.0,NaN, 95.28307501378889,95.28307501378889,0.0, 215.36261103983165, -4.769658915959221, -15.034617444234096, -4.769658915959221, 93.78567535945848, -6.150264897704991, -15.034617444234096, -6.150264897704991, 158.6898832904802, 10.911893020972581, 6.5633837360724065, 9.0, 0.0
10, 0 ,1.0,1.0,1.0,169.78450108069165,95.33083573487032,16.594245317002883,16.074640809256525,15.831730218844735,10.405927966327637,66.0,76.0,41.0,0.793649829277767,0.5956322165701758,0.1238636793861296,16.488097670947393,0.5985802551614321,-0.8009032280044478,0.015990544172442875,15.484311345091431,-0.10872730392245458,-0.061451460159665364,0.9921703943506875,10.281042411685128,80.1989974580948,71.85746952544535,44.4370945945817,23.763336180774278,7.25430556764757,111040.0,256086.3998306622, 0.0, 0.0,0.0,NaN, 101.37215394028294,101.37215394028294,0.0, 258.3940771466153, 14.275590492612539, 17.617225289900695, 14.275590492612539, 250.64368172228154, 10.541694921060937, 17.617225289900695, 10.541694921060937, 108.28333684039963, 9.629448956202028, 6.084001725428664, 13.0, 0.0
11, 0 ,1.0,1.0,1.0,88.0514313272934,179.4788659616246,79.30971786833855,16.304238918921836,11.808362027303577,18.862901490039164,83.0,53.0,88.0,0.5302879035805971,-0.11310718009329124,0.8402389571588781,20.50123977597194,0.8477997199336019,0.07718654701152047,-0.5246692975970139,14.331738648037378,0.005511279034928263,-0.9905801344524234,-0.1368233278049362,11.635080923162075,90.7691668859757,72.62109900766639,58.13254868212053,26.303214924376352,8.319588797416037,145145.0,383195.61466316564, 0.0, 0.0,0.0,NaN, 120.26721435770223,120.26721435770223,NaN, 265.8282067252855, -12.507408001677787, 95.80642086267501, -12.507408001677787, 139.43741376786505, -29.91427841426738, 95.80642086267501, -29.91427841426738, 355.8090526229217, 10.184945391124737, 6.233984406720133, 15.0, 0.0
12, 0 ,1.0,1.0,1.0,154.93995499682043,181.52619478550116,181.9600229907548,17.833250266954142,11.885762521447838,10.6671389320452,79.0,54.0,47.0,-0.9929258140912587,-0.11416218158424467,-0.03263930157244679,17.914302408471567,0.0726454021910002,-0.8015257886229363,0.5935310065303139,12.982510776789445,-0.09392003647635044,0.586961162657552,0.8041490037797572,9.144189518158743,80.45081329263684,70.96041368599032,49.62827263615233,22.633336553014736,7.798467495197383,81772.0,283319.02390927443, 0.0, 0.0,0.0,NaN, 51.93389938456295,51.93389938456295,0.0, 318.02481508382, 21.954527422551013, 11.352635533979836, 21.954527422551013, 141.27135071625406, -39.51924704356248, 11.352635533979836, -39.51924704356248, 113.78785299555442, 10.283225998231408, 6.646069471125668, 7.0, 0.0
13, 0 ,1.0,1.0,1.0,21.61806286165176,45.09424644923725,57.275815360336665,12.483676922851993,16.85858309034489,17.0584377610808,54.0,85.0,83.0,0.27737177130304597,-0.6617938153255162,-0.6964867884469216,17.31845576026535,0.08068661391334356,-0.7063246438526587,0.7032746034243048,16.979655195175667,-0.9573685658195644,-0.25126568305940794,-0.1425166155129965,11.950176220857728,82.39285474298813,78.81417066759965,63.721423222874776,25.916947129680004,7.704295143245566,152080.0,413789.368145227, 0.0, 0.0,7.105427357601002E-15,45.854186246988704, 76.0351940216256,76.0351940216256,0.0, 155.8421895141474, -37.13410504337232, -22.097286065194933, -37.13410504337232, 284.21182381406265, 0.1457570912696021, -22.097286065194933, 0.1457570912696021, 290.99029884866735, 10.98936168772846, 6.261951474684983, 13.0, 0.0
14, 0 ,1.0,1.0,1.0,133.3062265233723,117.28405415275459,117.05306369991652,13.142136493362715,17.15197690581302,17.574669880827223,68.0,87.0,87.0,0.3400230076697541,0.783683089636956,0.5198318663493893,18.02374473337697,0.17034522510865063,0.4922972614231935,-0.8535958708182151,17.412474437726317,-0.9248604535484789,0.37879311162202906,0.03389572317864735,12.154235662902394,87.23548493001135,86.30062576631722,64.73961564033064,26.691171376184123,7.95967683861647,153344.0,487390.70335481374, 0.0, 0.0,-1.4210854715202004E-14,58.679025898812675, 134.79681509414928,134.79681509414928,0.0, 172.71575161017606, 60.23755337734104, 8.702467881229847, 60.23755337734104, 294.1903117775431, 6.8282401095516505, 8.702467881229847, 6.8282401095516505, 308.8690214200555, 9.306549611732672, 6.194332169720042, 28.0, 0.0
15, 0 ,1.0,1.0,1.0,78.03666662964649,91.62880243444653,159.21757310558525,14.227191302907254,17.219671652244777,18.343575071843773,76.0,83.0,84.0,-0.06732845792434905,-0.036140329882311806,-0.9970761030681293,18.35854196528676,0.23007256416075847,0.9718486797837274,-0.05076178506632957,17.38449055164539,-0.9708416420683771,0.23281756840630455,0.05711817458001356,14.005721536770878,85.31285159366342,82.85855679272538,76.84137636837474,27.673839197321797,8.341189044600158,180082.0,543183.986885709, 0.0, 0.0,0.0,NaN, 127.07779159883012,127.07779159883012,0.0, 202.41297236951982, 24.057412831517457, 8.218552463787407, 24.057412831517457, 296.5170918111223, -0.15583516500259414, 8.218552463787407, -0.15583516500259414, 336.48674641636825, 9.952243843480602, 6.31680069181081, 22.0, 0.0
16, 0 ,1.0,1.0,1.0,119.36380919609445,50.32343756720719,14.210589702782915,16.919070215173882,18.392048476267462,9.29794382304911,79.0,93.0,39.0,-0.5710010257972299,0.8201968970934659,0.03514083858933759,19.71622636650797,-0.8196124895220339,-0.5671068430984266,-0.08139530410552435,15.400503921170944,-0.04683156582909952,-0.07527867233943086,0.9960622098708529,9.223287931889992,97.82382944609101,71.6274783255035,42.750854499422104,25.301136295485687,8.415856794955893,116245.0,299549.860418941, 0.0, 0.0,0.0,NaN, 96.10715111606056,96.10715111606056,0.0, 286.254936945984, -71.51404790016582, 4.054333097162123, -71.51404790016582, 338.2674471533723, 15.77343755305408, 4.054333097162123, 15.77343755305408, 86.45175933657708, 9.533800215075116, 5.886850484759353, 9.0, 0.0
17, 0 ,1.0,1.0,1.0,50.07492063492064,12.842716049382716,119.25960023515579,16.563097818820616,8.390198231743264,15.620602957625099,77.0,34.0,73.0,-0.8867618451840282,0.1277233273615029,0.44422987469723807,17.04913457146512,-0.4360185797146728,0.0878774575625062,-0.8956368407987411,15.252282337398539,0.1534315093760642,0.9879090565938025,0.022236632625614455,8.088866814819463,80.05779559291186,76.3466639439293,38.94283877427505,22.95899360368115,7.849807971507589,85050.0,238024.30129749648, 0.0, 0.0,0.0,NaN, 95.87202504539856,95.87202504539856,0.0, 274.33620935582024, -31.917645933764845, -23.434275987047943, -31.917645933764845, 70.3954263679478, -0.37990979017441284, -23.434275987047943, -0.37990979017441284, 244.00323675976597, 8.573469291542432, 5.652899203041427, 8.0, 0.0
18, 0 ,1.0,1.0,1.0,186.58583988294856,27.958099726793645,172.04549986404422,7.927467896197491,15.49047585151402,15.109199745296864,32.0,71.0,59.0,0.01031190204855568,0.7759837387199452,0.6306686149780697,16.217449653426492,-0.04644037528985677,-0.6296499397045755,0.775489680764974,14.337605327956455,-0.998867837213251,0.037285260790829944,-0.02954408754186784,7.906636863622323,80.76980806274082,73.63121278291254,33.60006044925859,21.89998058464934,7.1748419276834525,77231.0,199825.57134568653, 0.0, 0.0,0.0,NaN, 41.749839638379264,41.749839638379264,0.0, 62.84474724524188, 5.787310508231442, -3.848009754485686, 5.787310508231442, 239.954842106339, 28.267447495954173, -3.848009754485686, 28.267447495954173, 228.28791694327882, 8.824600579907063, 5.6443806240529275, 9.0, 0.0
19, 0 ,1.0,1.0,1.0,21.988000414672495,172.7720683518496,44.12955923769373,14.993552280504494,14.443826322446828,14.27050831028329,65.0,63.0,75.0,0.6657856309987572,0.5435197711428467,0.5111905241027224,17.1932444339554,0.10888501436066123,-0.7485503609153229,0.6540767621779723,13.158203915622671,-0.7381555034024107,0.3798139222703259,0.5575552324625468,12.974288103948057,85.77539079849105,63.72606179279397,74.02437144159902,24.077752036878287,7.5723175518330255,115754.0,404626.6786358757, 0.0, 0.0,-7.105427357601002E-15,59.25683746316797, 56.322734509122576,56.322734509122576,0.0, 224.80660998822148, 45.665155441200305, 43.6596571849016, 45.665155441200305, 208.62411883300786, 33.00934992248493, 43.6596571849016, 33.00934992248493, 203.64740743386443, 10.091495616971846, 5.9507011476313725, 9.0, 0.0
20, 0 ,1.0,1.0,1.0,109.91945350438502,71.2520765383779,63.18619265057621,12.910330148095735,14.467539207838998,16.92750572518121,62.0,72.0,80.0,-0.14414161469407216,0.2525670948163728,0.9567826595049702,17.181499228289734,-0.0463800420210246,-0.9675414473773777,0.24841988509179125,14.263949558581093,-0.9884695678752654,0.008567976593581779,-0.15117705897912623,12.800882492928542,76.82089466977122,70.58748824333051,61.26797725507929,24.75132779033516,7.0638897184694365,137970.0,332231.3658153748, 0.0, 0.0,0.0,NaN, 131.08721604205058,131.08721604205058,0.0, 166.67662453282963, -3.004607330788919, -18.569803878191767, -3.004607330788919, 209.30969073035865, 22.221311921472864, -18.569803878191767, 22.221311921472864, 286.54045007604265, 9.009949196444056, 5.6838022574061755, 11.0, 0.0
21, 0 ,1.0,1.0,1.0,140.99672571572495,40.61303913113165,86.53233451126155,15.294950758277533,12.848556009616562,16.66727664381749,73.0,66.0,86.0,-0.39459532809833486,0.04867523416391475,0.9175648470936837,17.003862131812184,0.8795268773161802,0.3090335268253629,0.3618435454396371,15.158378863304938,0.2659454814833601,-0.9498047172324241,0.16475436261786144,12.566274061581108,77.10036326948486,71.77281438222985,64.30908680030461,24.911306484215853,7.499722008265085,131021.0,355867.8406883643, 0.0, 0.0,0.0,NaN, 112.33276565499975,112.33276565499975,0.0, 233.93551869813447, 17.012852854025223, -24.63925346696098, 17.012852854025223, 165.08539153225385, 13.89673685684724, -24.63925346696098, 13.89673685684724, 277.7981107215441, 8.851010867518097, 5.677119947108916, 13.0, 0.0
22, 0 ,1.0,1.0,1.0,54.795518990375015,76.40387395662766,93.42423419465634,14.21296918452227,14.969316413657953,14.383359905176428,69.0,75.0,64.0,-0.17318093164384965,0.7883397320165655,0.5903633049563791,16.212429192196122,-0.856387738930624,0.17551214937702336,-0.4855878149525079,14.645023579892662,0.4864241004763868,0.5896744460675802,-0.6447291230669127,12.475992670991793,76.45808973878138,72.0752395178463,64.57249029863092,24.183231940805577,6.938390446733362,125195.0,355841.8907847998, 0.0, 0.0,0.0,NaN, 132.54504287925215,132.54504287925215,0.0, 202.00849304017967, -23.476471318425883, 13.503689407589798, -23.476471318425883, 224.08043389220938, 44.874543283801465, 13.503689407589798, 44.874543283801465, 206.88104216183686, 8.710890351932095, 5.612873981041249, 11.0, 0.0
23, 0 ,1.0,1.0,1.0,117.55606879534706,150.9883823399818,159.53532297388597,16.4581753800738,12.940237140423406,15.366976704536986,77.0,68.0,77.0,-0.9354991024670188,-0.3524161539417254,0.025382744617647085,16.968239453326614,-0.03994109355665404,0.03409928875536211,-0.9986200216057542,15.371811230324571,-0.3510642937253817,0.935221948495276,0.04597574060086762,12.257712530618463,84.5129062888719,78.74081249674697,63.997463386916536,24.909245150835783,7.348112216410795,136172.0,425878.4739061813, 0.0, 0.0,0.0,NaN, 104.09865774810487,104.09865774810487,0.0, 270.8715368412674, 45.2704278473864, 0.16279271138250273, 45.2704278473864, 167.44973725039333, -4.1613850061342665, 0.16279271138250273, -4.1613850061342665, 236.1439730377824, 9.158653273820235, 5.778104223597496, 15.0, 0.0
24, 0 ,1.0,1.0,1.0,183.7140386320364,20.306134906908127,115.0841097045187,10.214737762204617,11.45980646560524,15.30852248035188,41.0,44.0,70.0,-0.22389859779799556,-0.31023101483392473,0.9239189008453091,15.951145136721228,-0.2162831104079999,-0.9085324877954544,-0.3574777402474774,10.97282672302201,-0.9503110196437439,0.27986681842497013,-0.1363214212380152,9.755866688560499,78.90702265574528,53.52990731805062,46.80755446143317,20.602892315183148,6.748312423122839,68803.0,197709.75570578623, 0.0, 0.0,0.0,NaN, 88.8159899860975,88.8159899860975,NaN, 104.340867550609, 16.019304453198934, -30.995234823533032, 16.019304453198934, 131.32716422912767, -37.45612259212918, -30.995234823533032, -37.45612259212918, 234.35086053143885, 9.236012962102429, 5.824939609734376, 7.0, 0.0
25, 0 ,1.0,1.0,1.0,174.68515576911622,61.38618628755237,113.8938208605524,14.328984670547833,11.843302416135375,14.749897368172835,62.0,56.0,69.0,-0.6258399965519436,-0.021079723708589803,0.7796665594754164,15.533292166739004,-0.7429512050411362,0.3203492970076263,-0.5877072696799346,13.674527554774274,0.23737692736192184,0.9470649255225798,0.21614860906590133,11.613234553599128,78.82003425303846,73.50176270467509,59.297234781708724,22.74063422217778,6.782819572533774,100726.0,343533.27917732124, 0.0, 0.0,0.0,NaN, 108.73536357302822,108.73536357302822,0.0, 205.3198016887948, -11.00217296688898, -29.165332278153674, -11.00217296688898, 140.26381212003798, -11.562712086796378, -29.165332278153674, -11.562712086796378, 217.55947237163193, 9.618834962708249, 5.6352143197289495, 11.0, 0.0
26, 0 ,1.0,1.0,1.0,11.407525960657019,24.744676374675024,170.52290999804637,7.122577966355306,14.048860559491825,16.06055708332311,29.0,52.0,61.0,0.0324451408464946,-0.2924752241804557,0.9557225309032132,16.257341567553485,0.040128716017949345,-0.9550737339712396,-0.29363897702618386,13.837032670083088,-0.9986676118640285,-0.047879076002206034,0.019250846604060817,7.09073097617489,72.69384378194529,65.75447388626874,29.023817950455417,21.336298972150168,7.127793480775777,66543.0,138732.26663089107, 0.0, 0.0,0.0,NaN, 40.14136884080734,40.14136884080734,0.0, 50.73111688681008, -7.441986894616217, 4.972900630764731, -7.441986894616217, 197.37048302004493, -20.22983272670602, 4.972900630764731, -20.22983272670602, 257.94149382668013, 8.579367730289166, 5.2164272694567275, 5.0, 0.0
27, 0 ,1.0,1.0,1.0,98.38631560288523,184.755355268002,141.79627483330833,13.151040845626765,9.234522691238261,14.987825155092485,63.0,37.0,63.0,-0.31092195349028345,0.04933701307583149,0.9491540433346645,15.234234964830138,-0.9201284008925353,-0.26580350147156057,-0.2875973304403288,13.135440481646304,0.23809927490173455,-0.9627639158933066,0.12804053086837403,8.84530813072305,69.91375554400565,66.83482519800106,42.28470853925434,20.98498809162895,6.5185475630764,73339.0,197582.64257402899, 0.0, 0.0,0.0,NaN, 115.32536544141168,115.32536544141168,0.0, 172.94987532334355, 20.703408480439744, -20.446516295248976, 20.703408480439744, 85.27640933499433, 14.412928497242154, -20.446516295248976, 14.412928497242154, 224.6349028796231, 9.468618864339469, 5.603817341101777, 7.0, 0.0
28, 0 ,1.0,1.0,1.0,175.62754902289785,150.22005212702888,92.55837444209537,14.424258343039288,11.036559416439259,13.91110607589987,60.0,51.0,67.0,-0.7683319932641302,-0.11087054469033995,0.6303758168321786,15.281216184285734,-0.6385273363364983,0.20070302370897414,-0.7429677900320387,13.100774622203478,0.04414508894300285,0.9733581142591576,0.2250004278397533,10.873724338129232,75.62176847771767,65.93233525768186,52.480088036859456,21.897644301019625,6.623965490572555,89397.0,261661.5096315921, 0.0, 0.0,0.0,NaN, 107.88471743592834,107.88471743592834,1.9073486328125E-6, 208.0592287467385, 2.9775032229549376, -30.50371225629632, 2.9775032229549376, 121.80564375259407, -16.01842726293766, -30.50371225629632, -16.01842726293766, 193.51887225493826, 9.410216249528464, 5.542522141216248, 8.0, 0.0
29, 0 ,1.0,1.0,1.0,20.09154678511895,75.48811462378231,175.28563444880183,11.710899638618335,15.470154504857936,14.180500032038823,48.0,72.0,58.0,-0.00863923081917866,0.8253341395015645,0.5645785347177708,16.52058643765889,-0.0541570736710175,-0.5641571353286517,0.8238893967209198,12.945354035089665,-0.9984950551015487,0.02345815063003955,-0.04957156550658287,11.706641899821204,82.83082606317092,66.78504728302781,49.853527134480046,22.96077939156039,7.096480933590669,103783.0,275782.76427717286, 0.0, 0.0,0.0,NaN, 81.93244513787057,81.93244513787057,0.0, 137.14517034579106, -0.035897758212363844, -2.0253106279263178, -0.035897758212363844, 239.3256804041763, 49.12389630375359, -2.0253106279263178, 49.12389630375359, 201.08658115865308, 8.538865091184261, 5.146701446183132, 8.0, 0.0
30, 0 ,1.0,1.0,1.0,89.67332959461625,32.84098702131069,105.524307002083,13.20133646732293,16.038862311063163,14.0657015937621,67.0,69.0,60.0,-0.38253437167208143,0.8833132699834294,0.270970702402728,16.736803966061885,-0.13431403600478398,-0.34332560162144055,0.9295629462297762,13.925805458682717,-0.9141264651138546,-0.3191946088868944,-0.24997521364325473,12.462571380337689,80.1486756805176,68.78251132709876,65.68250928113567,24.08466012960759,7.020932738803815,124820.0,362096.3232594811, 0.0, 0.0,0.0,NaN, 134.33351419714754,134.33351419714754,0.0, 174.27528452347028, -40.39074470602488, -17.75761402010951, -40.39074470602488, 257.24510423324233, 17.54945077213085, -17.75761402010951, 17.54945077213085, 197.84396132476166, 8.167976314705442, 5.169985789070727, 8.0, 0.0
31, 0 ,1.0,1.0,1.0,104.75982911840633,162.11340323943983,18.30723276905855,11.341173305536554,17.95479558610595,11.102561395185989,54.0,83.0,44.0,-0.07990866595434469,0.9963136759715954,-0.03120359237914035,17.999310874349455,-0.7305384510882296,-0.037237279882374436,0.6818555246300879,12.453278201299872,0.6781800473229862,0.07728158939183591,0.7308210310014788,9.757276059869051,83.51062324638193,67.20738198243878,53.879734515868336,22.681296479898705,7.734504251072675,87546.0,302401.64554951916, 0.0, 0.0,0.0,NaN, 104.12127129128295,104.12127129128295,0.0, 128.62221194621492, -16.584453698484687, -29.256952045756393, -16.584453698484687, 322.3746845388497, -8.632526979316214, -29.256952045756393, -8.632526979316214, 123.26686953387423, 8.089263107077599, 5.253010980142183, 11.0, 0.0
32, 0 ,1.0,1.0,1.0,153.51296833248054,89.43445335152653,68.74116777531411,10.711389340962977,12.730987026128144,14.985511300790199,52.0,62.0,69.0,-0.09446155451539012,-0.2569207413448507,0.9618049424833225,15.204545283229773,0.2847970169328555,-0.9327215797660179,-0.22118117864079398,12.67693983177859,0.9539222577677293,0.25302606052657106,0.16127659107793973,10.463959119326185,69.34041071646413,65.56421003953405,48.21506162000978,21.510937096944723,6.217477497392692,87945.0,219197.68784640534, 0.0, 0.0,0.0,NaN, 122.0037446419462,122.0037446419462,0.0, 114.73386161369528, -10.650173336145691, -14.281236020782858, -10.650173336145691, 162.0780306594431, -19.504264464826967, -14.281236020782858, -19.504264464826967, 224.56554894611074, 8.054839292889234, 5.081037584647469, 9.0, 0.0
33, 0 ,1.0,1.0,1.0,152.95926032184866,49.60590490597533,157.53384105787538,12.287317815269926,11.454312664167931,12.563487703087018,55.0,56.0,57.0,0.6706275596073574,-0.1817305781496276,0.7191888995670626,12.916158486203006,0.547369361485981,-0.5331102100511536,-0.6451203655486663,12.354722452468039,-0.500645042321913,-0.8262974651447366,0.25804464864413096,10.979725135419121,59.5693601714583,59.829636078782485,56.33378444692829,20.214719571336197,5.602302528412278,76682.0,200774.3480231875, 0.0, 0.0,0.0,NaN, 80.47951072357523,80.47951072357523,0.0, 150.9781790934497, -15.00203637194839, 10.98797265935683, -15.00203637194839, 131.20127860851787, 4.986824505998677, 10.98797265935683, 4.986824505998677, 157.8412232656187, 8.205314593846825, 5.033567685941671, 13.0, 0.0
34, 0 ,1.0,1.0,1.0,120.5605650335472,79.20593845456122,178.7717589937174,12.585325506279988,11.993815582029638,12.68751393113104,60.0,55.0,52.0,0.48508722896036627,0.4053721368087995,-0.7748314726433242,13.907924072400759,0.7583567202219587,-0.6362006010034836,0.14192913787168757,12.653624154377036,0.43541413067762025,0.6564466665174522,0.6160294707433878,10.472367632178713,68.73398829310119,59.44695929207079,58.03862971430263,20.61888023575601,6.170641610956378,74969.0,237147.38507476315, 0.0, 0.0,0.0,NaN, 114.17023574679104,114.17023574679104,NaN, 158.39041809902164, -7.866819132613924, -26.052650718443388, -7.866819132613924, 143.85161221573694, -30.86339936645805, -26.052650718443388, -30.86339936645805, 160.9730097526442, 8.496540368712804, 5.080648402302806, 10.0, 0.0
35, 0 ,1.0,1.0,1.0,48.66721655963393,31.524342583318603,11.030794006166657,12.643936300512427,13.45385510825251,7.498014839691379,59.0,59.0,31.0,-0.5765356189401241,0.8138009936963292,0.07303850184795466,14.18730916964895,0.8075930888817447,0.5811425330645436,-0.10033324002427182,11.884902875921908,0.12409707040768449,-0.0011397026770231175,0.9922694282270506,7.386806558736876,70.57995866443973,58.9342047720972,33.859359927199606,18.926771642299425,6.234812281196281,50919.0,140840.50429587922, 0.0, 0.0,0.0,NaN, 59.02508415393598,59.02508415393598,6.743495761743046E-7, 159.8691251714159, -28.15237956216088, -13.202089506186343, -28.15237956216088, 181.00621727385214, 3.6660741732822335, -13.202089506186343, 3.6660741732822335, 56.22022653623214, 8.07776470698994, 4.877258496920252, 2.0, 0.0
36, 0 ,1.0,1.0,1.0,11.274801558666475,174.17604271900709,137.06713811516812,7.111651577430154,13.888237396588924,16.52120294726609,29.0,54.0,74.0,0.032359176833147735,0.1285086564678437,0.9911803109866086,16.56856506507758,-0.03018769598365807,-0.9911215509721794,0.129486579264804,13.844844881871614,-0.9990203134500717,0.034111529009000455,0.028192497278332784,7.086028143377216,77.39954192063746,59.72718376187811,30.85254794213341,21.56214579309717,7.175147508225669,69290.0,142626.90683651462, 0.0, 0.0,0.0,NaN, 68.9531944499541,68.9531944499541,0.0, 50.575588158764795, 5.165434703238357, 6.641342519109335, 5.165434703238357, 192.88313798401109, 10.415414190665029, 6.641342519109335, 10.415414190665029, 272.9501468247538, 9.971495809108513, 5.932453643382139, 8.0, 0.0
37, 0 ,1.0,1.0,1.0,46.31695854755784,22.764259318766065,166.82365306341046,11.975866348196512,13.199772381366289,11.51709866574724,52.0,52.0,55.0,0.33970467773504265,-0.9198095977330005,0.19634417700351267,13.392020631300095,0.7590226265365234,0.3913849163623838,0.5202907837446351,12.093250583487782,-0.5554146057951012,-0.027715540086125725,0.8311115836680453,11.167184117856557,63.82739999183186,65.35780679794482,61.15625917262574,20.385971966099643,5.891610508484901,74688.0,255120.60521620142, 0.0, 0.0,0.0,NaN, 61.35260505867028,61.35260505867028,NaN, 143.42137478986564, -10.673981240000295, 12.151144240438862, -10.673981240000295, 174.23399091988026, -5.481562506862263, 12.151144240438862, -5.481562506862263, 132.64356167655686, 8.035718771757121, 4.8845942516162815, 6.0, 0.0
38, 0 ,1.0,1.0,1.0,114.52999495883044,154.86698950520156,61.57835963398054,10.044734540955693,12.329102380900771,13.898201621585105,51.0,55.0,60.0,0.15116889418348042,-0.43224689590862075,0.8889941430677175,14.573255223110248,-0.3965887332880826,-0.8502973726306416,-0.3459938651571459,12.008415578331118,0.9054641583521116,-0.3002615511096763,-0.2999627624637985,9.459474262950161,62.43901940685789,55.69530043569981,47.93414047170062,20.242731720572866,6.024556275787843,65461.0,166693.84689162544, 0.0, 0.0,0.0,NaN, 114.603685687996,114.603685687996,0.0, 100.89669199826837, 10.422276868769748, 24.024646596579487, 10.422276868769748, 152.00676551873306, -31.12682700641439, 24.024646596579487, -31.12682700641439, 193.16000831423085, 8.02028810796648, 5.00722605844646, 9.0, 0.0
39, 0 ,1.0,1.0,1.0,35.002168677211166,54.32062015827173,128.07048200936285,14.277905776833647,13.055120494762415,12.331217492745711,70.0,63.0,60.0,-0.909921567275453,-0.25329241039715134,-0.3284595808348178,14.493702304272961,-0.3830170478745858,0.8170237550144642,0.43101058546107884,13.438438623129356,0.15918757000601585,0.5179914464325315,-0.8404428469433919,11.648804670256991,71.50237247887968,64.90491156412993,53.673970384941775,22.045112809355327,6.353478620496573,95911.0,249093.1225456993, 0.0, 0.0,0.0,NaN, 96.69403882790591,96.69403882790591,NaN, 203.85859337213964, 3.0913587701836427, 14.816176869619012, 3.0913587701836427, 170.43617113276565, 21.997827232852206, 14.816176869619012, 21.997827232852206, 152.05892485339783, 8.388854466055763, 4.9315256433556405, 6.0, 0.0
40, 0 ,1.0,1.0,1.0,58.848716119828815,144.2113266761769,86.651212553495,12.015559714046084,12.391949785860199,10.913158795986806,61.0,59.0,51.0,0.5805450346207278,-0.7821837495824329,0.22617702064176148,12.896367463617844,0.7897159447609325,0.608553966188131,0.07752932881846959,11.587777487697274,-0.1982831040899985,0.13360633265628125,0.9709959621474098,10.790655623383936,56.77812550833498,52.97567533222174,49.163387894038536,19.667432663736246,5.49756510291665,70100.0,147876.5654384613, 0.0, 0.0,0.0,NaN, 118.67594573954497,118.67594573954497,0.0, 144.37367524180723, -14.07643196289788, 7.641456620967709, -14.07643196289788, 153.56041949528063, -7.982397471718609, 7.641456620967709, -7.982397471718609, 119.09703490642418, 7.370693371093137, 4.689635070903783, 11.0, 0.0
41, 0 ,1.0,1.0,1.0,130.68213544614224,120.04597760285367,183.61806520210595,15.294128497291078,10.359759498441374,9.385295612421428,71.0,50.0,37.0,-0.983056158256061,-0.09082931269555333,0.15921879810526995,15.473624934155012,0.00496286490217101,-0.8814720546374026,-0.47221010881309805,10.716578137347708,0.18323744073413628,-0.46341887407459825,0.8669873052499871,8.662600158898695,71.59113366280556,54.6808468041377,43.6640021461145,19.670929559179896,6.509476735304985,58311.0,170929.88910378533, 0.0, 0.0,-2.8421709430404007E-14,80.8384446096916, 107.0793156100318,107.0793156100318,1.3486991523486091E-6, 233.91036649165108, 14.50452221482897, -25.824152586630085, 14.50452221482897, 107.32461686554628, 14.190786767387847, -25.824152586630085, 14.190786767387847, 88.08377373253693, 7.71465357392707, 4.95422068284125, 6.0, 0.0
42, 0 ,1.0,1.0,1.0,125.24268390248011,10.419849256810814,42.97477788538465,9.489721522491118,7.102453624688196,18.68776703688406,44.0,29.0,84.0,-0.142220569043505,0.013637817663996611,0.9897410366708582,18.83647333137366,0.9282564430557069,0.34901011952233174,0.12857648461742746,9.488472151545297,0.3436761348515622,-0.9370197150542625,0.062295809916231515,6.699885637525943,87.57436035602873,48.71371870811356,33.17075637352846,20.45231856534141,8.451920739803692,47498.0,141508.8600751723, 0.0, 0.0,0.0,NaN, 86.85655474941032,86.85655474941032,9.5367431640625E-7, 90.05481457443116, 14.023777793101324, -38.237552416624446, 14.023777793101324, 50.4448474908465, 6.209082054184801, -38.237552416624446, 6.209082054184801, 349.23263682485054, 8.335674060405474, 4.581936216951136, 4.0, 0.0
43, 0 ,1.0,1.0,1.0,170.88744149627178,103.72261669602976,121.07394159414874,8.177124072409397,12.735715475615907,16.802257931522934,43.0,54.0,72.0,-0.12108436075608695,0.006119373016195421,0.992623358003517,16.89976855305865,-0.17383968285757276,-0.9846576478559522,-0.015135428066681327,12.860291306559942,0.9773015615685199,-0.17438999338457395,0.12029043171865275,7.771126606375284,71.20353866224409,55.943001193022724,39.65154563880125,21.528052003499074,6.922619107209306,56193.0,157945.57386057818, -2.8421709430404007E-14, 0.0,0.0,83.04531176091206, 127.85225181425805,127.85225181425805,0.0, 66.86535809557724, 17.805679543758067, -26.792204000801075, 17.805679543758067, 162.19844867584249, 2.9327768161157532, -26.792204000801075, 2.9327768161157532, 282.3158715974253, 9.374582157430758, 5.470636769033905, 9.0, 0.0
44, 0 ,1.0,1.0,1.0,48.50700838134209,183.3486602415693,164.44812362030905,15.121223291698907,9.88995025726729,9.216753322826374,62.0,43.0,42.0,-0.9949412459084609,0.03314630188958762,0.09483269405202203,15.16416671508154,-0.08382179513356092,-0.7942199996573654,-0.6018209856799958,10.821608329501885,0.05536988216266547,-0.6067255679591049,0.7929806185109407,8.021963147667675,63.344575161376355,52.941111703938304,40.82036840214106,19.321734207809904,6.171032243086945,55719.0,136892.42105488578, 0.0, 0.0,0.0,NaN, 62.402987844935076,62.402987844935076,NaN, 228.65139383741754, -1.9491852298916519, -12.963576020275553, -1.9491852298916519, 97.81111609122135, 25.736432858240107, -12.963576020275553, 25.736432858240107, 84.94854181383101, 8.6135513362865, 5.1884144035902775, 5.0, 0.0
46, 0 ,1.0,1.0,1.0,118.38974221473168,116.04519860573792,51.28072930631631,12.417329755367582,8.816671620180095,11.01846532496777,58.0,39.0,55.0,-0.992495112763796,-0.07984845529106449,-0.09261574017201935,12.449735333026116,0.09020233922893306,0.03332747554348157,-0.9953656701793203,11.006618509977823,0.0825650600290987,-0.996249719478771,-0.025874839146589477,8.785715334709979,58.20350418262868,56.49807665481839,39.67392066083346,18.057241318137187,5.2217229730902615,52214.0,130463.16688843029, 0.0, 1.4210854715202004E-14,0.0,85.42014500261018, 127.82157897286211,127.82157897286211,0.0, 154.19007825353714, 6.298295636672755, 3.2054460224549493, 6.298295636672755, 77.7336984580891, -0.8827808856415824, 3.2054460224549493, -0.8827808856415824, 121.40657811751713, 6.8988362709992455, 4.303283775793431, 9.0, 0.0
47, 0 ,1.0,1.0,1.0,159.54586760223154,51.759116006211535,42.46040144935871,12.496811971873338,12.5477574321607,10.8434431954248,63.0,58.0,56.0,-0.7960183532646544,-0.4362803853814135,-0.4195404707501693,13.791867264528577,-0.2439909976605753,0.8656232568752974,-0.43722393600671133,12.444590554793185,0.5539162159807431,-0.24567417953063167,-0.7955004859744121,9.279727886650699,63.2160963501415,58.15189035082786,47.183580886303204,19.9309161708844,5.827123386216981,69548.0,173453.23687183516, 0.0, 0.0,0.0,NaN, 78.22038486891603,78.22038486891603,0.0, 156.17030946035678, 21.632137803246525, 42.10082704573287, 21.632137803246525, 157.4462165763441, -6.966999691132668, 42.10082704573287, -6.966999691132668, 117.5802603324044, 7.534719274005488, 4.396827699937762, 4.0, 0.0
48, 0 ,1.0,1.0,1.0,8.454117264901738,118.74305668344974,67.56962806561637,5.990299777877174,10.060272443753897,13.181097645438383,24.0,47.0,55.0,-0.05048717848892468,-0.1432016522129587,0.9884049431339897,13.256183030923257,0.0750523342304267,-0.9874126561721466,-0.1392242563551008,9.997362601530243,-0.9959006938117836,-0.06715305826651052,-0.060599297278622684,5.929625677406401,56.43984868745032,48.7899701230872,25.616442809860267,16.642671569380486,5.818555769579833,30785.0,70539.96094039518, 0.0, -1.4210854715202004E-14,0.0,81.76684531077058, 106.01800588958228,106.01800588958228,0.0, 35.88369142883532, -3.784925529791371, -7.69145364162145, -3.784925529791371, 101.20908164255401, -10.989515738215928, -7.69145364162145, -10.989515738215928, 173.74133513858126, 7.3229223567207695, 4.572339630488766, 8.0, 0.0
49, 0 ,1.0,1.0,1.0,50.029893839897184,140.10626573475818,49.5466805161881,11.036205973797168,13.517273679807074,9.224381527606493,53.0,58.0,40.0,-0.4383829398114542,-0.8961359687112923,0.06899799753717945,14.249586942490975,-0.8593934762151229,0.39545239820785755,-0.32412999520337715,10.216175500338135,0.26317912364234747,-0.20138948913368826,-0.9434929901940545,9.06547156591486,66.78835118599086,51.70853772386381,43.25711990250668,18.878551282325223,5.762295209233581,56801.0,149389.67377976823, 0.0, 0.0,0.0,NaN, 92.4398357421734,92.4398357421734,0.0, 121.79784229607631, 39.94266933297635, 2.524475563520198, 39.94266933297635, 182.71668773480508, -10.317402221716268, 2.524475563520198, -10.317402221716268, 85.08921456684789, 7.274587456268046, 4.326326397099516, 5.0, 0.0
50, 0 ,1.0,1.0,1.0,141.3706644219548,147.60360429301141,17.444950354881293,8.689338768321518,13.920781428929699,10.256106504041716,37.0,60.0,40.0,-0.03605173973945844,-0.979541517355653,0.1979865849959129,14.05781085324395,0.22846190272991296,-0.20094732054585446,-0.9525887535376795,10.150859608627423,-0.972885106815181,-0.01088991010188836,-0.2310324193596791,8.591768599379815,64.04602535674992,47.45102011623487,42.00928597664634,18.50662724384745,5.655548824140225,52271.0,127668.28851810435, 0.0, 0.0,0.0,NaN, 80.5425823169995,80.5425823169995,0.0, 75.50460823065531, 3.0304981122018693, -7.243154198806681, 3.0304981122018693, 193.788155592034, -18.416399698625682, -7.243154198806681, -18.416399698625682, 105.18772062224677, 7.8852926373181855, 4.454321371484487, 5.0, 0.0
