// Sample: .//bubblelabels.tif, Map: .//bubblelabels.tif, Thickness:(8.191250068658265):/afs/psi.ch/project/tipl/test/LabelValidation/Step4900//distmap.tif, Neighbors:(1.0):
//LACUNA_NUMBER, TRIANGLES, SCALE_X, SCALE_Y, SCALE_Z, POS_X, POS_Y, POS_Z , STD_X, STD_Y, STD_Z,PROJ_X, PROJ_Y, PROJ_Z, PCA1_X, PCA1_Y, PCA1_Z, PCA1_S, PCA2_X, PCA2_Y, PCA2_Z, PCA2_S, PCA3_X, PCA3_Y, PCA3_Z, PCA3_S,PROJ_PCA1, PROJ_PCA2, PROJ_PCA3,OBJ_RADIUS, OBJ_RADIUS_STD, VOLUME, VOLUME_BOX, Mask_Grad_X,Mask_Grad_Y,Mask_Grad_Z,Mask_Angle, Mask_Distance_Mean,Mask_Distance_COV, Mask_Distance_STD, SHAPET_XX, SHAPET_XY, SHAPET_XZ, SHAPET_YX, SHAPET_YY, SHAPET_YZ, SHAPET_ZX, SHAPET_ZY, SHAPET_ZZ, Thickness, Thickness_STD, Neighbors, Neighbors_STD
1, 0 ,1.0,1.0,1.0,94.35059953656835,279.8572248093406,16.70209894040629,16.987362477378678,12.708183487181152,10.925398762926115,75.0,53.0,51.0,-0.9416488155622244,0.2972371607829401,0.15794802436230956,17.463812803667587,-0.33652971593196246,-0.8407502160453085,-0.42413066915105246,12.654225732239277,0.006727439707113994,-0.4525363460203647,0.8917205824054549,10.213645925263588,84.25661519708146,69.71504394278352,50.8180063250758,22.647961154655917,7.5168214790470635,88902.0,298502.6127700434, 0.0, 0.0,0.0,NaN, 97.91183347433781,97.91183347433781,NaN, 288.57048393785306, -40.374084273495946, -21.879369664051794, -40.374084273495946, 161.4979275438637, 29.32236329723247, -21.879369664051794, 29.32236329723247, 119.36433812894747, 8.610083213856361, 6.470340272404541, 13.0, 0.0
2, 0 ,1.0,1.0,1.0,28.74939629525893,166.75558095699503,17.213011256538557,16.32154068008176,17.924110127910957,11.088105667047966,65.0,82.0,47.0,0.06152248608134666,0.9870811520269662,0.14793844334549297,18.056978290201446,-0.9981050309636251,0.061014215975237866,0.00797575162776456,16.31460109273032,0.0011536340283076066,0.14814879264457115,-0.9889644100605872,10.880800868729352,82.38093529559657,65.74788546203169,52.58196135392609,25.444383721923806,7.949581016893877,132101.0,284803.4788555887, 0.0, 0.0,0.0,NaN, 137.39319761169938,137.39319761169938,0.0, 266.39269017156374, 3.6116191972908718, 0.7136716425137175, 3.6116191972908718, 321.2737238774801, 30.39631575424268, 0.7136716425137175, 30.39631575424268, 122.9460872836212, 8.0865084479577, 5.726801259265065, 16.0, 0.0
3, 0 ,1.0,1.0,1.0,73.31069547723511,251.26484300437377,206.8875110717449,17.817463321938718,13.901726041682457,14.513290147221893,93.0,77.0,71.0,0.9398725849194712,0.22383568588558272,0.2579478820244943,18.22330600893303,-0.3313899341442094,0.4150760696354354,0.8472854111596018,14.43200097566199,-0.08258471810624518,0.8818216611878674,-0.46429551171121813,13.453030997041092,101.45684312299477,72.70676547365511,78.63688771573092,25.666549314168797,7.910993829307836,145641.0,580072.7793164166, 0.0, 0.0,0.0,NaN, 128.13863271144524,128.13863271144524,0.0, 317.46199922863144, 28.034007278527884, 28.968622324780753, 28.034007278527884, 193.25798693799217, 18.325072767563952, 28.968622324780753, 18.325072767563952, 210.63559089744805, 6.786342132129461, 4.975496657764113, 36.0, 0.0
4, 0 ,1.0,1.0,1.0,132.04922016219047,190.19226780193404,18.808087792253975,16.15980144937996,13.268646468321693,11.642669672661876,76.0,63.0,48.0,-0.9893264282870088,-0.07957450652871753,0.12207012821973069,16.220149242541957,0.12515491120461752,-0.893072107256967,0.4321555963318827,13.747101539390513,0.07462885832058985,0.4428206286413407,0.8934989783740399,10.985075188944387,77.50272424913425,76.4165563824019,54.039910104615544,22.88566832596221,6.999578870570465,101239.0,320050.89730544336, 0.0, 0.0,0.0,NaN, 172.7671229207859,172.7671229207859,0.0, 261.1391828833826, 3.576871853168852, -13.505138350524767, 3.576871853168852, 176.05697910130573, -27.74776942557986, -13.505138350524767, -27.74776942557986, 135.5517571067206, 7.322459465935038, 5.215172392776039, 19.0, 0.0
5, 0 ,1.0,1.0,1.0,206.62623266482134,51.184823621857724,102.82246086974989,15.283704667791111,15.758020581854637,14.328142450772418,92.0,77.0,83.0,-0.16776034453026423,0.934544170358812,-0.31382106438454205,15.982665537703646,-0.9617052704684192,-0.08515220646252739,0.26052269476540313,15.322755204099106,-0.21674740957241312,-0.3455087486344201,-0.9130412176132721,14.034603036252745,75.06746818779442,89.24325474125736,68.92973351772667,25.152289903521908,7.386800371556784,141259.0,461778.56405380036, 0.0, 0.0,1.4210854715202004E-14,71.71034280363045, 148.0236638341181,148.0236638341181,0.0, 233.59162837225983, -6.070895889204621, -6.396291287627335, -6.070895889204621, 248.31521265815437, -17.98860821885627, -6.396291287627335, -17.98860821885627, 205.29566608962665, 6.233923683959801, 4.804012517119051, 46.0, 0.0
6, 0 ,1.0,1.0,1.0,149.9313694629523,60.10998023888219,173.86231922074742,16.184379091165326,12.113389701784593,13.749652213743127,86.0,61.0,66.0,0.9410883739014688,0.01753694734417112,0.3377056824889634,16.51023621972343,-0.3275322201100922,0.295678384028241,0.8973833840718258,13.483407828727838,0.08411490532148891,0.955126561611756,-0.28400340492054166,11.972096137513889,84.23163475006652,69.03804946184906,60.461493753906694,23.42542446486026,6.997911207917896,114366.0,351594.9387995122, 0.0, 0.0,0.0,NaN, 204.9471634000425,204.9471634000425,0.0, 261.93412656654937, -1.592481726256165, 29.771692142451577, -1.592481726256165, 146.734210067301, 10.97332903871293, 29.771692142451577, 10.97332903871293, 189.0529359988913, 6.940455265399085, 4.902477221972382, 32.0, 0.0
7, 0 ,1.0,1.0,1.0,134.96465123305262,101.20083840024171,285.0106877147929,15.867398848577142,15.930533193766323,8.614078482428283,89.0,74.0,35.0,0.7007719794285512,0.7108404872218954,0.06020327710290574,18.738105303774557,0.7132725546872433,-0.6966612135474224,-0.07684670629615092,12.487605810577909,0.012684462058911772,-0.09679336374345193,0.9952236679046089,8.52652877220436,87.04099183662936,63.735622369339836,36.795427111772796,22.634764428127443,8.211334936662809,79437.0,204126.74512913407, 0.0, 0.0,0.0,NaN, 169.3568606763683,169.3568606763683,0.0, 251.7743462198272, 97.3267489233969, 7.183453694162137, 97.3267489233969, 253.78188783769065, 16.371017135569353, 7.183453694162137, 16.371017135569353, 74.20234810143394, 7.07711476543701, 5.082304293169727, 18.0, 0.0
8, 0 ,1.0,1.0,1.0,135.55474231733857,16.06206634072079,163.0876052736872,18.471685270353618,11.064139082643294,13.507326848585233,91.0,45.0,67.0,-0.9817660158632067,0.16030769922173127,0.10216130219569816,18.695587109788057,-0.060393399068320225,0.24654521834872334,-0.9672476894045057,13.588835971198337,0.1802446322226003,0.955780778672398,0.23236818989552818,10.577559667984763,91.38393348746578,67.2286338541998,49.74591184768088,23.977075684406348,8.4359973083109,102471.0,305619.8299360178, 0.0, 0.0,0.0,NaN, 193.33412003458537,193.33412003458537,0.0, 341.2031567269988, -38.48447034905775, -19.58396933554605, -38.48447034905775, 122.4151736400748, -13.461995779690252, -19.58396933554605, -13.461995779690252, 182.4478785945115, 6.605609157553701, 4.8762790604985415, 23.0, 0.0
9, 0 ,1.0,1.0,1.0,159.2016980328552,112.6704058425378,155.80790663537599,14.332262718286756,14.38713716726272,12.959455195410678,63.0,70.0,65.0,-0.6975073346115722,-0.7165165571834662,0.009356358533801458,15.452837096420918,-0.5791892031832394,0.5560390616497513,-0.5961211528167987,13.438635803788666,0.42192817526093784,-0.4212179782507122,-0.8028399776539273,12.6871526696138,77.02643191043796,67.8482729118677,65.4852120280263,23.127580149335113,6.742847016921581,110363.0,342232.94590274716, 0.0, 0.0,0.0,NaN, 230.8898914600332,230.8898914600332,0.0, 205.41375462599248, 32.57282572914038, 6.270751957599345, 32.57282572914038, 206.98971586963236, -7.029460925656111, 6.270751957599345, -7.029460925656111, 167.9474789618568, 6.382660651600849, 4.603379239351378, 32.0, 0.0
10, 0 ,1.0,1.0,1.0,287.30264741275573,138.94308847381365,131.5085282268613,8.566071901512196,17.483070784632098,13.914803930512383,39.0,97.0,74.0,-0.04716696860262636,0.984160340794616,0.17089090285870695,17.59213766640722,-0.09144247978229864,-0.17461715395509103,0.9803811108114477,13.83198836733056,-0.994692691218802,-0.03061491714261539,-0.0982302238837316,8.47643264818074,94.26731673706679,73.18966505845387,42.31521962729903,22.52986354019149,8.066124792447544,76452.0,291949.3443902707, 0.0, 0.0,0.0,NaN, 191.7313161530009,191.7313161530009,0.0, 73.37758782187676, -9.123216934901322, -12.626083374054955, -9.123216934901322, 305.65776406045643, 19.513231914339457, -12.626083374054955, 19.513231914339457, 193.62176842460283, 6.310186333360252, 4.724446935720969, 19.0, 0.0
11, 0 ,1.0,1.0,1.0,24.47436339900665,197.3725222453971,139.55037288237324,13.704828936449395,17.60406933346039,14.088940577669119,60.0,96.0,74.0,-0.19222867486913567,-0.9813399724857388,0.004471572401931584,17.743230593950447,-0.5819603538033271,0.11032540245395447,-0.8056987353685492,14.725157156667184,0.7901710467735215,-0.15748067810071992,-0.5923086635072755,12.828536731719137,100.34654023723746,79.90106400949676,72.78642281552192,25.150983933489172,7.978210767651836,133286.0,583586.6412744838, 0.0, 0.0,0.0,NaN, 174.94484909727282,174.94484909727282,0.0, 187.82233617734067, 24.988295158625448, 24.37424878936354, 24.988295158625448, 309.90325709728063, -5.30456397787882, 24.37424878936354, -5.30456397787882, 198.49824660109144, 5.947927426553911, 4.553871208334987, 29.0, 0.0
12, 0 ,1.0,1.0,1.0,22.183388393453892,141.94407737697404,89.97071629079382,14.143174856818176,12.908632691215603,14.48433337546435,58.0,70.0,74.0,-0.5026439380124559,-0.20760596160547237,0.8391953504906932,14.7883787735609,-0.8641430561812893,0.0930207602650026,-0.494574480349909,13.919157899837016,-0.024614021065070473,0.9737796993496978,0.22615757139972203,12.806990393060449,79.86118613191691,72.27209910610509,71.21722268289903,22.977765309374675,6.96278735177553,104734.0,411046.976561926, 0.0, 0.0,0.0,NaN, 169.513874396445,169.513874396445,NaN, 200.02939503053383, 3.3163548209793627, -10.36020344680095, 3.3163548209793627, 166.63279795672017, -10.89343016293486, -10.36020344680095, -10.89343016293486, 209.7959133315905, 6.255883065220732, 4.468539250974609, 22.0, 0.0
13, 0 ,1.0,1.0,1.0,121.2648313933429,107.26033703172384,91.84020047576676,15.531158555283957,13.642169696374145,12.554339036661663,82.0,66.0,65.0,-0.9986297576472623,-0.037267047069911935,0.03673927522500967,15.534353080163532,0.051324385535098126,-0.8345490675511357,0.5485377482899195,14.4161418138065,0.010218345796392433,0.549671739361066,0.8353182413649098,11.653147142575683,82.92056200813502,71.7472778667868,62.35567135035325,23.18874145983546,6.871635776909183,110138.0,370974.129717937, -1.4210854715202004E-14, 1.4210854715202004E-14,0.0,58.924491172004295, 186.13049630956206,186.13049630956206,0.0, 241.21688606937008, 0.8418301536135009, -1.843559602291789, 0.8418301536135009, 186.10879402466904, -33.11817055186792, -1.843559602291789, -33.11817055186792, 157.61142864744687, 6.121043543692039, 4.470161115415341, 33.0, 0.0
14, 0 ,1.0,1.0,1.0,262.8021352691689,75.625171180514,285.3293047744406,17.762663192846247,13.198476816457761,8.505299785304736,75.0,63.0,36.0,-0.9483338495753129,-0.31725171492626997,-0.0037761257935334416,18.257405277075165,-0.31688928698700786,0.9477023668874746,-0.03796582132317583,12.510170461188055,0.015623365275558363,-0.03480765967740976,-0.9992719035804257,8.49793539606053,85.46520519773071,66.13379396666517,37.34116841210766,22.34708148831983,7.915811226232056,75213.0,211057.4470982482, 0.0, 0.0,0.0,NaN, 85.54575942158972,85.54575942158972,0.0, 315.5122037024949, 53.246550430223905, 1.9491539182486048, 53.246550430223905, 174.199790274573, -2.7199452195628417, 1.9491539182486048, -2.7199452195628417, 72.34012443790478, 5.843506330944954, 4.767746618743928, 15.0, 0.0
15, 0 ,1.0,1.0,1.0,225.9187725631769,49.89664246703958,24.332156411578794,19.2445725652709,14.545397014356494,14.669372448372295,90.0,79.0,63.0,-0.9055292977563985,-0.39491256455633383,-0.15511530311462884,20.450339836283842,0.06978855662521452,-0.49924940009855784,0.863643209818383,15.122261761173943,-0.4185047768771261,0.77122895618407,0.4796453365500985,12.25615907865637,101.14272351126854,73.17875605374219,64.20277069162461,26.815126046400025,8.835250458809638,151242.0,475196.7231968214, 0.0, 0.0,0.0,NaN, 92.57298214742477,92.57298214742477,0.0, 370.35357321997736, 93.1051510341543, 42.37362334216869, 93.1051510341543, 211.5685743052508, -17.416846715688898, 42.37362334216869, -17.416846715688898, 215.1904880290642, 6.471599091804374, 4.54012048863148, 28.0, 0.0
16, 0 ,1.0,1.0,1.0,284.1703097840322,160.22704002666856,63.15864228397267,9.531667666677322,16.905517247397686,13.879347842741158,39.0,80.0,68.0,0.17774152108571392,-0.9016707300658893,0.39420533510416095,17.719714536808095,-0.0636164824169331,-0.4102738896624177,-0.9097407755103466,13.118509718655963,-0.982018785383983,-0.13662075246359087,0.13028382535545027,9.121508534524716,86.53827330214027,70.46201287733328,46.27418532900589,22.55742034403092,7.774849572342293,83994.0,282164.29184634384, 0.0, 0.0,0.0,NaN, 154.19492056223785,154.19492056223785,0.0, 90.85268850798191, -34.66668818703108, 21.31508943648071, -34.66668818703108, 285.7965134020606, -48.852671718872806, 21.31508943648071, -48.852671718872806, 192.63629653980362, 6.340140198204456, 4.685214435165273, 21.0, 0.0
17, 0 ,1.0,1.0,1.0,192.7604704847752,65.50340771682973,285.44617273093695,11.928873270295542,13.775903223439293,8.617379599718971,61.0,74.0,37.0,0.07179800836650874,0.9972068494709742,-0.020580217753379745,13.786636679586639,-0.997408623975455,0.07187694830829511,0.0031210769417072595,11.918553175503318,-0.004591602551629532,-0.020302799562140504,-0.9997833332857412,8.614493458919396,73.59849305350593,61.53875582834476,37.75961693622253,19.147054933108947,6.302622126901122,54582.0,171019.3350640197, 0.0, 0.0,0.0,NaN, 126.50228061715616,126.50228061715616,0.0, 142.29801749877146, 3.4317458592545544, -0.382392321932771, 3.4317458592545544, 189.7755096215651, -2.3625826852799334, -0.382392321932771, -2.3625826852799334, 74.2592311656527, 6.087954795103176, 4.506921808763755, 16.0, 0.0
18, 0 ,1.0,1.0,1.0,128.2553911148545,138.2825706226019,14.7872832524499,13.134094897246738,14.9408355541892,9.633802505849479,66.0,72.0,42.0,0.009574267850545517,0.9723916018883303,0.2331585425674424,15.204263597420217,0.9988685799641123,-0.020162270246184236,0.04307020802129662,13.141158739593376,-0.046582114116943456,-0.2324823766128685,0.9714844575230369,9.202362848197714,76.23899575011053,66.10309844477445,43.86237741708359,21.042502448308262,6.764337163516993,74799.0,221050.32159540665, 0.0, 0.0,0.0,NaN, 189.18292320927742,189.18292320927742,0.0, 172.50444876988283, -0.4086277437340547, 4.11317702146351, -0.4086277437340547, 223.22856705732406, 33.13512187564348, 4.11317702146351, 33.13512187564348, 92.8101507217117, 7.008703812927127, 4.648022846961073, 13.0, 0.0
19, 0 ,1.0,1.0,1.0,69.56610698229196,219.18184007707129,129.4862946141848,14.421821383053743,12.11003221072103,12.094876232586858,66.0,54.0,61.0,-0.9470408025874123,0.29598126555740245,-0.1245343674397878,14.72438256609573,-0.0896544901022736,-0.6161168548167583,-0.7825356820076679,12.442880113343818,-0.3083436242880509,-0.7299281551288065,0.6100238501166697,11.370801896225727,71.8046465704885,68.78719646746111,61.79679036212485,21.463574222130436,6.343723263358909,87192.0,305229.1992780649, 0.0, 0.0,0.0,NaN, 167.7430138840698,167.7430138840698,0.0, 207.9889320047062, -23.1200296610267, 12.112263715063825, -23.1200296610267, 146.6528801447009, 9.0832392753016, 12.112263715063825, 9.0832392753016, 146.28603108159447, 6.241624714644833, 4.408332387308888, 23.0, 0.0
20, 0 ,1.0,1.0,1.0,123.63926327812679,238.4966400152294,239.44602132114983,12.912892365909432,16.949789180520387,11.65983328483953,62.0,87.0,54.0,0.21838786338336427,0.9742023772642997,0.056889975034590284,17.137917480328483,-0.8618386962897743,0.2198885535015057,-0.45703729127562204,13.038658081592091,-0.45775626997823987,0.050781415612434384,0.8876262981255151,11.237216497722397,86.38371473182016,70.02587846351292,57.91514488175636,23.218139937991065,7.134972499440608,105060.0,350334.2428094718, 0.0, 0.0,0.0,NaN, 150.78499609448176,150.78499609448176,0.0, 166.7427892535621, 27.334572243833744, 19.305737312490468, 27.334572243833744, 287.2953532640859, 4.884636831585487, 19.305737312490468, 4.884636831585487, 135.9517122302518, 6.3872648926064235, 4.593221293157005, 27.0, 0.0
21, 0 ,1.0,1.0,1.0,86.11010331363809,165.19066376420994,13.86209875263467,12.260111894166146,12.816991899156772,8.772573169636352,51.0,57.0,37.0,-0.3651252289123281,0.929560164775471,0.05100458091505009,12.94736164531076,-0.9210871101057819,-0.35275385918043667,-0.16481277386867896,12.215465529761925,-0.13521132648080683,-0.10715696382367722,0.9850052194254566,8.642447184327027,61.88025622306992,55.85787076083598,39.59092040589535,18.955588665549577,5.677087577240694,57882.0,136845.99083715983, 0.0, 0.0,0.0,NaN, 160.56358494642402,160.56358494642402,0.0, 150.3103436574742, -7.330484436773297, 9.58264822655476, -7.330484436773297, 164.27528134305032, 8.739364192079096, 9.58264822655476, 8.739364192079096, 76.95804001662358, 6.949113614205615, 4.817157597472214, 10.0, 0.0
22, 0 ,1.0,1.0,1.0,86.96908186584218,216.51649170831857,276.71958596585563,12.5702658051105,13.038200011006865,11.851725644190298,60.0,66.0,54.0,0.4022754191820532,0.914334006707738,0.04655976051998484,13.152734174725252,0.9143864550800306,-0.3987295250214148,-0.07008692204949861,12.45614445100419,0.04551810505808654,-0.07076786031788602,0.9964537179708596,11.84566130817691,67.49055006375087,62.13981744830758,56.301005553841435,20.80415989283409,5.971312572350008,81829.0,236117.9980656263, 0.0, 2.8421709430404007E-14,0.0,23.88867646580977, 122.78067858940992,122.78067858940992,1.9073486328125E-6, 158.01158241113035, 6.609181635142213, -0.3387851190454289, 6.609181635142213, 169.9946595270194, 1.8055997108492035, -0.3387851190454289, 1.8055997108492035, 140.46340074515794, 5.704779675268101, 4.25283279995299, 17.0, 0.0
23, 0 ,1.0,1.0,1.0,25.72054881940013,273.46684292095904,234.52300118515817,13.76542769299956,14.028240114830043,13.586372590770312,59.0,57.0,68.0,-0.01336155290051426,0.7931989233211039,0.6088160123931762,14.66239295656601,-0.9051063404871109,0.24918358580738603,-0.3445142275352397,14.000369952160097,0.42497527141483954,0.5556464780833348,-0.7145998951017759,12.64404660129251,80.72363287994295,70.25655276506835,73.15449216817242,22.956744840854412,6.622379238425506,109690.0,414885.76596324745, 0.0, 0.0,0.0,NaN, 75.18505456505972,75.18505456505972,0.0, 189.4869995711992, -8.734696544296312, 10.820426249691861, -8.734696544296312, 196.79152071932683, 23.51276465776694, 10.820426249691861, 23.51276465776694, 184.58952017523478, 6.322652480940037, 4.542400664531954, 14.0, 0.0
24, 0 ,1.0,1.0,1.0,262.91353443188524,255.92038903263878,221.23464524036498,13.912350633364433,12.137050152061454,12.459416380816021,69.0,61.0,64.0,-0.9619459431315518,-0.2623630602043037,0.0763257959865618,14.012212112236856,0.22399761848369956,-0.5972284457447141,0.7701579386768557,13.280193179536207,-0.1564770571246159,0.7579471012106223,0.6332701811707493,11.108236760429623,70.72635668152083,71.49425920812457,51.80524109600367,21.385392343041225,6.226037056114115,88116.0,261954.6768823246, 0.0, -2.8421709430404007E-14,0.0,74.78967590325595, 97.58278096969788,97.58278096969788,0.0, 193.55350014567574, 11.324554496795876, 3.7821254038578704, 11.324554496795876, 147.30798639365497, -25.8251845707801, 3.7821254038578704, -25.8251845707801, 155.2370565505466, 5.845947356718655, 4.283915423228656, 20.0, 0.0
25, 0 ,1.0,1.0,1.0,189.5896338294354,219.25361682022208,28.56818332152138,14.254108464252653,13.379235484560454,14.66247720802779,70.0,59.0,65.0,-0.7961956212396448,-0.5936172350868474,-0.11700902070636453,15.636494022366612,0.0920419761709533,-0.3099751336065339,0.9462788654345807,14.940430471482774,-0.5979973305470196,0.7426533476349905,0.3014385474772269,11.377846024323638,76.505105860555,72.66723106308297,58.62254110414481,23.358870964474377,7.178783699426587,105825.0,325906.9877519507, 0.0, 0.0,0.0,NaN, 139.73749837758558,139.73749837758558,0.0, 203.17960811067914, 51.69906749493734, 18.884134156430893, 51.69906749493734, 179.00394215132158, -19.51144315772555, 18.884134156430893, -19.51144315772555, 214.9882378759344, 5.992971900406104, 4.2926688504612915, 24.0, 0.0
26, 0 ,1.0,1.0,1.0,285.86581883035893,76.97553242332755,33.310338396260505,8.637404631569852,12.910820439468939,19.540420907657918,37.0,72.0,77.0,0.1090809135669954,-0.021776429974073197,0.9937943154360334,19.640515455789657,-0.150311368764885,-0.9886252164163837,-0.00516467672615251,12.992548941342008,0.9826025883923859,-0.1488152161683851,-0.11111338677828325,8.28045391725769,80.97190826006079,74.65367109375045,40.417355013701666,23.563515922968698,8.239102486686388,85787.0,244316.85682419688, 0.0, 0.0,0.0,NaN, 85.05637138547807,85.05637138547807,0.0, 74.60475876946434, 14.142449948417918, 34.46182178278046, 14.142449948417918, 166.6892844202089, -6.352449668437577, 34.46182178278046, -6.352449668437577, 381.82804924843464, 6.604735601622566, 4.858958238588942, 18.0, 0.0
27, 0 ,1.0,1.0,1.0,56.80951659342325,237.60564272823706,58.83700009643334,11.74211172702583,11.647216389614751,12.495981188756938,62.0,60.0,61.0,-0.5412032451790868,0.2560543613488351,0.800958932431536,13.249693666054302,0.276608780076165,0.9537123621145028,-0.11798437665534942,11.540538734922965,-0.7940948496196165,0.15769874566468806,-0.5869791098696641,10.997543669824568,61.71036564760724,59.28092326769979,57.63084404972625,19.94427169328728,5.648929981030246,72589.0,210827.88833106682, 0.0, 0.0,0.0,NaN, 102.86967276745136,102.86967276745136,0.0, 137.8771878099575, -4.339029026390584, -24.07113749557941, -4.339029026390584, 135.65764962651048, 9.822520833191072, -24.07113749557941, 9.822520833191072, 156.14954586976725, 5.810499628327976, 4.274531649360973, 20.0, 0.0
28, 0 ,1.0,1.0,1.0,86.7062472578365,19.16337200799493,219.86509774289476,13.801793460481079,11.470402714258178,12.716747432900712,64.0,44.0,58.0,-0.8196150921461255,-0.04207911216946775,0.5713671753306514,14.754377160539018,-0.5496260057053415,0.339205918023962,-0.7634465266342577,11.625530631717252,0.16168597520715824,0.9397705536441064,0.30114606410305234,11.442495294331351,69.55769543106688,63.28225468002179,53.484768177000035,21.085163871194865,6.260285213159885,82052.0,235427.53020351843, 0.0, 0.0,0.0,NaN, 119.61108100844876,119.61108100844876,0.0, 190.4895027257783, 2.20508647575564, -38.858547617401534, 2.20508647575564, 131.57013842726136, -3.1793817974395524, -38.858547617401534, -3.1793817974395524, 161.71566527218687, 6.224272282332747, 4.437034307785513, 20.0, 0.0
29, 0 ,1.0,1.0,1.0,127.94796902301702,63.95616627478051,246.18270164160754,13.254996930126039,12.404234996044464,13.5839325782602,60.0,57.0,66.0,-0.5489024968270745,0.1521018819776965,0.8219313027716161,14.344722705590607,-0.6590122571131319,-0.6836397312098152,-0.31359139478950354,13.76227909883522,-0.5142070535802269,0.713793902614904,-0.47548855994453476,10.904669561749234,75.7160244365434,66.93337505570781,58.821388077896984,21.772196262804712,6.328876965102918,92714.0,298102.62206823216, -1.4210854715202004E-14, 7.105427357601002E-15,0.0,56.355374392089956, 152.83119964286917,152.83119964286917,0.0, 175.6949436176507, 24.505172316042195, -24.620236935963188, 24.505172316042195, 153.86504583709421, 25.970484495022227, -24.620236935963188, 25.970484495022227, 184.5232242907188, 6.353030378198203, 4.414580456272326, 22.0, 0.0
30, 0 ,1.0,1.0,1.0,70.69623183435503,260.1403952501393,136.578171217902,12.026588777876995,11.833302962878564,11.754828161878494,64.0,55.0,58.0,-0.7718491623813021,0.0560791163640043,-0.6333277218305823,12.420204690615941,-0.3853621651637553,-0.8335504722141299,0.3958403869388571,12.195773954381346,0.505712242477464,-0.5495896132383089,-0.6649860034835174,10.947305369612861,60.8217115114894,61.53219634448001,56.92827449311105,19.75811008606988,5.697277208055587,69981.0,213053.696956802, 0.0, 0.0,0.0,NaN, 158.87209364648828,158.87209364648828,0.0, 144.63883763215688, 7.791336537452396, 12.41720986768055, 7.791336537452396, 140.0270590112706, -10.75586991063071, 12.41720986768055, -10.75586991063071, 138.17598511529172, 6.038200551604123, 4.331374881278465, 21.0, 0.0
31, 0 ,1.0,1.0,1.0,138.82365437492936,207.66474066819842,189.07069192813287,13.472876712489718,14.264004959973724,16.84173563244129,68.0,77.0,87.0,-0.24814692423361512,0.28288116487677156,0.9264995145985544,17.28805497069074,0.17697117000256998,-0.9270809720818669,0.33045737424312727,14.025710591059687,-0.9524202375954206,-0.24596568411406824,-0.17999048101769305,13.15396903095627,84.75448700075941,79.15347509050123,67.29661270901838,24.772253057502613,7.413486492611708,132745.0,451466.8753978941, 0.0, 0.0,0.0,NaN, 200.25763036444854,200.25763036444854,0.0, 181.51840690994777, -12.721511813613748, -27.548270538659136, -12.721511813613748, 203.46183749815498, 25.725112611168804, -27.548270538659136, 25.725112611168804, 283.64405911304254, 7.0130883342977555, 5.0211265416058914, 33.0, 0.0
32, 0 ,1.0,1.0,1.0,191.65281941005256,243.71767887397368,84.74407011599114,12.54420165136804,13.313834925556254,13.827809950837208,62.0,67.0,67.0,-0.5051740140163726,-0.206864949309612,0.8378580478277436,14.506416551082115,-0.011833540693650835,0.9724161993945273,0.23295214630854078,13.274961597513363,-0.8629363724384536,0.10776654351994268,-0.49368733953842403,11.796728231279005,75.2779302667978,70.5837938497414,62.76093809851204,21.953972821507072,6.621676591627377,92076.0,333474.0884530666, 0.0, 0.0,0.0,NaN, 148.62156180362206,148.62156180362206,0.0, 157.35699507018464, 7.021786790958702, -30.269606744451462, 7.021786790958702, 177.2582004249615, -3.957859782514552, -30.269606744451462, -3.957859782514552, 191.2083280364725, 6.016811796828682, 4.335710067888038, 30.0, 0.0
33, 0 ,1.0,1.0,1.0,109.75719198917322,171.06355769111383,168.46710371115333,13.417111014930436,10.138404551281674,14.079638796674113,68.0,48.0,69.0,-0.27457950356362976,0.1321326757307776,0.9524426766094515,14.20155600166477,-0.9610736414488911,-0.006069808411601535,-0.27622565619075873,13.354067913633664,0.030717290487922412,0.9912134550287699,-0.1286558767993475,10.051219864616765,70.02094067574772,71.22446218031271,48.465479833031424,21.01197320151502,6.288030347897074,80541.0,241707.22717870385, 0.0, 0.0,0.0,NaN, 214.41117077884132,214.41117077884132,0.0, 180.01886798696762, -3.200979200563362, -5.801819195498956, -3.200979200563362, 102.78724684544895, 12.797195168951108, -5.801819195498956, 12.797195168951108, 198.23622864481084, 5.91880964760658, 4.256723098160234, 19.0, 0.0
34, 0 ,1.0,1.0,1.0,68.51327082894689,44.10002353203453,169.68712302299946,12.01095959729302,12.264640207213343,13.223057891491075,57.0,56.0,62.0,0.25023127311418253,-0.501568143274203,0.8281387007066656,13.645599485271376,0.6786154926339495,-0.5192140381016521,-0.519516886920299,12.38410148731779,-0.6905543592743716,-0.6919871243676758,-0.21044832286458642,11.400239247546459,64.36824975691894,60.06460069935852,61.78987167347472,20.798031038058074,6.08076597165113,80741.0,238895.29028177855, 0.0, 0.0,0.0,NaN, 153.6890570640262,153.6890570640262,0.0, 144.2631504478053, -15.303280554050284, 3.403862321260017, -15.303280554050284, 150.42139941239415, -17.04695514712163, 3.403862321260017, -17.04695514712163, 174.8492600017244, 5.73738239741274, 4.169371584616939, 23.0, 0.0
35, 0 ,1.0,1.0,1.0,113.19458065144123,212.4962220302481,151.52522905082313,12.544704523082427,13.09500137017283,11.685003723877557,69.0,61.0,56.0,-0.42735066970964863,0.8150071162704687,0.3913244249049747,13.60673996943038,0.8789744196865882,0.4758502345152388,-0.03115323174917658,12.350003010132632,0.21160192493297536,-0.33065080483840753,0.9197253234658558,11.30141750123965,68.87890511730717,59.44391463535874,56.23027124238371,20.75148365384262,5.896092828946976,82187.0,230231.00822163274, 0.0, 0.0,0.0,NaN, 206.1908869379193,206.1908869379193,NaN, 157.3696115714447, -9.626420026375515, -10.281838526540385, -9.626420026375515, 171.47906088482827, 17.945862285036643, -10.281838526540385, 17.945862285036643, 136.5393120270324, 6.185782431135785, 4.334405013768661, 17.0, 0.0
36, 0 ,1.0,1.0,1.0,220.8676007274404,191.55144591583206,233.09670602699725,11.821125514567004,12.231541703952855,12.43003872554522,58.0,61.0,62.0,-0.30904717880371735,-0.6904605921900141,0.6540290604446244,13.023559582245277,-0.6550308348030285,-0.3440459673387848,-0.6727309847295332,12.148809016631304,-0.6895102948692722,0.6363148143729912,0.3459465425159709,11.253835741220142,65.03192525773576,64.19115755447342,52.994668597919215,20.295867731672942,5.650950063812691,78082.0,221224.89589301604, 0.0, 0.0,0.0,NaN, 149.9969207751163,149.9969207751163,0.0, 139.73900843114703, 13.888051636457774, 0.5453080979880088, 13.888051636457774, 149.6106124555379, -14.554199022956068, 0.5453080979880088, -14.554199022956068, 154.50586271855383, 5.950847938391539, 4.266914562577803, 29.0, 0.0
37, 0 ,1.0,1.0,1.0,21.145031964459854,259.5286596597681,14.984234478275003,12.777559345661286,16.109488550502178,9.632536119759601,51.0,72.0,37.0,0.4435575946917095,-0.8883253463913083,0.11888960909207712,17.18328306020609,0.8937514699317967,0.4285240361221646,-0.13257247248325307,11.452896625231263,0.06682043239951466,0.16506128990266505,0.984017174844835,9.441045411061797,79.37359740445748,55.233401846557385,41.677035647374986,21.45343088351938,7.43758694841025,73832.0,182715.2001036404, 0.0, 0.0,0.0,NaN, 48.05797591048584,48.05797591048584,0.0, 163.2660228318961, -65.1214498813094, 5.889584695072843, -65.1214498813094, 259.5156213587607, -24.15819211393452, 5.889584695072843, -24.15819211393452, 92.78575209847335, 7.521861282163444, 5.001334588737214, 9.0, 0.0
38, 0 ,1.0,1.0,1.0,12.252661218322917,145.7523178353135,239.30808323604148,8.247943178548725,12.887398407832533,13.693066291376924,33.0,59.0,67.0,-0.0801403273533598,0.5489454432416156,0.8320074688823188,14.249568264730438,0.11344352393405348,-0.8242458925236675,0.5547515439683672,12.350222229586802,-0.9903070709679501,-0.13884382954286922,-0.0037810301176391123,8.126222000869962,72.01308408176965,61.39256210762932,36.95404381683018,19.556048725422972,6.2589637407280945,58244.0,163376.33087219295, 0.0, 0.0,2.8421709430404007E-14,33.694490772652486, 158.35837401849173,158.35837401849173,0.0, 68.02856667656845, -14.115155368183412, -3.692547780055989, -14.115155368183412, 166.0850377222045, 23.029434942021986, -3.692547780055989, 23.029434942021986, 187.500064460043, 6.1514532037095195, 4.182328319176481, 14.0, 0.0
39, 0 ,1.0,1.0,1.0,246.61086685319088,88.95494349769267,117.87535578891271,12.157491886421745,10.886908084010859,14.661876822525745,69.0,58.0,68.0,0.3208293086769812,0.02764980601789313,0.9467333536540388,14.94404146409343,0.8023361997826455,0.5232453117449851,-0.28717758661712434,12.341517160993375,0.5033141933347328,-0.8517334277601563,-0.14568799135049146,10.279230877910637,65.1449535921738,63.030416626105705,55.0652023347491,21.060290378613033,6.145256522353915,82563.0,226103.9743214154, 0.0, 0.0,0.0,NaN, 157.02859934804286,157.02859934804286,0.0, 147.80460896841055, 20.628494903211667, 24.98969793716534, 20.628494903211667, 118.524767629701, -3.9298678156706366, 24.98969793716534, -3.9298678156706366, 214.9706319589176, 6.424143711742114, 4.328197718514535, 18.0, 0.0
40, 0 ,1.0,1.0,1.0,143.24094011342882,151.59645054311255,93.6913390368163,12.781987386105605,11.764446999396426,13.762447773746624,65.0,54.0,68.0,-0.5314060490252251,0.34703767426639504,0.7727693470235287,15.020943385715952,0.8371537478953686,0.07563996699260725,0.5417122832076954,11.797554896487037,-0.12954232298417903,-0.9347959392472397,0.33071942568094465,11.241678777334137,73.66750773888839,58.97937977532058,57.38208910850341,21.22424439056923,6.381052696433408,83224.0,249317.36839414193, 0.0, 0.0,0.0,NaN, 226.53840165961574,226.53840165961574,0.0, 163.37920153856282, -17.49313931426624, -34.95092437717773, -17.49313931426624, 138.4022132016076, 27.14255048485364, -34.95092437717773, 27.14255048485364, 189.4049687251034, 5.57401509074426, 4.002006578880084, 23.0, 0.0
41, 0 ,1.0,1.0,1.0,177.0068575864746,126.24726127835763,9.185154834814112,14.278260047430486,14.038519317608666,6.210180251135176,64.0,68.0,25.0,0.7281933148335658,0.679849905679231,0.08682512297511841,16.034934161788208,0.6793447512391749,-0.7327379699060999,0.03982180836766723,12.069124719189187,-0.0906929170083707,-0.029986216930924,0.9954273562639742,6.060708564539691,80.10942609673447,59.039026608308184,27.72054215484938,19.668040739338043,7.258322591358776,46372.0,131106.59214445594, 0.0, 0.0,0.0,NaN, 176.49377079766626,176.49377079766626,0.0, 203.86870998204964, 54.881078472213595, 16.880965254087332, 54.881078472213595, 197.08002463087166, 9.830501480721503, 16.880965254087332, 9.830501480721503, 38.566338751589356, 6.605974342399271, 4.471486759679354, 15.0, 0.0
42, 0 ,1.0,1.0,1.0,169.66718740236206,285.4625382740736,68.23536211960257,13.463420695105894,8.443356933362022,13.603269050557028,64.0,35.0,61.0,-0.584114312371325,0.1511971684262918,-0.7974646615009633,13.860021551587534,-0.8064659237572978,0.0029833236037192738,0.5912730448773764,13.305630975938952,-0.09177790530003903,-0.9884991229334229,-0.12019276208902946,8.274230411407697,64.82638835051551,64.54460776261129,37.700599595128665,19.986268511419507,6.176728338600311,64012.0,157746.61541212793, 0.0, 0.0,0.0,NaN, 147.83113500422394,147.83113500422394,0.0, 181.26369681340566, -11.180436240222699, 5.817567871586794, -11.180436240222699, 71.29027630415253, -14.715968906411206, 5.817567871586794, -14.715968906411206, 185.0489288618427, 6.094000769516851, 4.10902542533925, 17.0, 0.0
43, 0 ,1.0,1.0,1.0,63.84889164855635,47.687103384042224,127.69783297112699,12.579056584600355,13.33187130097631,11.428120826712856,57.0,60.0,53.0,0.12778062124714976,0.9561400448854458,0.26356844917430855,13.451769102333328,0.9251209071019382,-0.21070006484032508,0.31584298301398067,12.772559255836832,0.3575240132866312,0.20347407019750802,-0.9114685308230229,11.067295995317405,58.89289152295326,56.48615985108968,53.886323985800054,20.758223890020854,5.972398471811069,80525.0,179260.03895904997, 0.0, -7.105427357601002E-15,0.0,17.03224857614073, 150.52400917937067,150.52400917937067,0.0, 158.23266455857757, -0.7812148528155831, 13.847627837226565, -0.7812148528155831, 177.7387923857958, 12.028284378025639, 13.847627837226565, 12.028284378025639, 130.60194562994815, 6.138684766859195, 4.204630124697477, 22.0, 0.0
44, 0 ,1.0,1.0,1.0,73.7282434285381,101.57153484844065,135.80338127607433,11.154541669305917,13.73768358791983,10.744001459028992,52.0,63.0,51.0,0.05609761008186984,0.9971009235816282,-0.051408232178969025,13.750311638338463,-0.8482751916178198,0.07475384085203243,0.5242528612831983,11.393755145774492,0.5265759749825791,0.014198995405778715,0.8500094888297498,10.473423083806557,62.5228020015245,56.47290472457135,56.57603581195934,19.84797688324711,5.885501780456838,68554.0,199761.1701995431, 0.0, 0.0,0.0,NaN, 184.91941200571827,184.91941200571827,0.0, 124.42379985228203, 3.1638663568347383, -9.178749698438146, 3.1638663568347383, 188.72395036180188, -3.28017740435103, -9.178749698438146, -3.28017740435103, 115.4335673516171, 6.208392350500289, 4.298211189987862, 22.0, 0.0
45, 0 ,1.0,1.0,1.0,56.9315858093735,10.956618403897618,180.6867769162149,12.859456471427375,7.40669250166637,19.20991686384573,65.0,31.0,88.0,-0.17119036031096735,0.03769719210766673,0.9845165220776126,19.386742473661847,0.9852167759818758,0.013104548331892441,0.17081034844790383,12.610136124705877,0.006462573827694332,-0.9992032788778337,0.039383278422533995,7.374571421238265,90.44133906177886,61.845972134079005,32.08449601487149,22.853286689080928,8.183697695865703,72865.0,179462.46389096658, 0.0, 0.0,0.0,NaN, 132.6533005705465,132.6533005705465,0.0, 165.3656207405354, -0.7236431380850926, -36.571144130552, -0.7236431380850926, 54.85909381424083, 12.164769118673167, -36.571144130552, 12.164769118673167, 369.02090591586455, 8.141963203870088, 5.2039874727054265, 12.0, 0.0
46, 0 ,1.0,1.0,1.0,198.40327347124347,229.18280669849207,166.83076961935794,11.31865397723184,13.284242655889406,12.761226782947302,58.0,57.0,59.0,0.3758441655144453,0.770521735396987,0.5148178498552334,13.867784993138656,0.1404795912914713,-0.5965029336723371,0.7902213199799637,12.590853916806452,-0.9159730605641911,0.2246786714423757,0.33243472580276195,10.797540313996855,73.26840583058964,73.98971723897223,54.99420173619895,20.734370716304124,6.125178430179778,79182.0,298129.54162962694, 0.0, 0.0,0.0,NaN, 181.85437478552612,181.85437478552612,0.0, 128.11192785630612, 18.41604931049696, 19.30888162100768, 18.41604931049696, 176.47110294055162, 10.269374476014645, 19.30888162100768, 10.269374476014645, 162.84890900581155, 6.382851973036743, 4.380828024852389, 24.0, 0.0
47, 0 ,1.0,1.0,1.0,234.48046307506053,158.69424939467314,16.439512711864406,12.309485688734458,12.937570469079471,10.32649381251428,57.0,59.0,42.0,0.5382715872388778,-0.8144958636595895,-0.2164721378209194,13.132458810411334,0.7373739384544467,0.5795328629226203,-0.3470177743011004,12.550012360362437,0.4080972595589407,0.027168895342490777,0.912534096823977,9.776316145207826,64.41275224169718,68.96997365239096,51.605807816259485,19.744550789064302,5.974391698031206,66080.0,229261.16605924847, -2.8421709430404007E-14, 0.0,0.0,57.43394436252378, 156.6217815349988,156.6217815349988,0.0, 151.52343792115846, -7.244790012582828, -24.804571566116625, -7.244790012582828, 167.3807296423972, 1.102132488355232, -24.804571566116625, 1.102132488355232, 106.6364744598957, 5.935405023208848, 4.293217735630197, 16.0, 0.0
48, 0 ,1.0,1.0,1.0,136.58862288287,93.25812906453227,53.0569141713714,12.890313833312323,11.43859234466064,11.722036989644767,61.0,56.0,62.0,0.8444901027542543,0.4837448338533896,0.22984212422936132,13.617758843477416,-0.2383516379282296,-0.044846192510152184,0.9701429357132239,11.612850157575936,-0.47960917740076575,0.8740593542417462,-0.0774292077672392,10.682045311352752,71.64174109091144,59.35274088905649,63.61383988482999,19.967261251865512,5.9763044463078545,69965.0,270494.55209413107, 0.0, 0.0,7.105427357601002E-15,76.71222287783246, 173.6910092061305,173.6910092061305,0.0, 166.16019072128304, 29.364360333529284, 9.047882565288655, 29.364360333529284, 130.84139482732897, 7.02875909476199, 9.047882565288655, 7.02875909476199, 137.40615118660017, 5.513813519457824, 4.075460941989159, 23.0, 0.0
49, 0 ,1.0,1.0,1.0,140.94094436579098,28.428320486602694,62.05124272455561,13.997765199489153,12.599145403552981,10.362215045922357,74.0,62.0,53.0,-0.9874473188491361,-0.15734773055341797,-0.01376532554433554,14.031771827077941,-0.15770996426395306,0.9774135180703394,0.14067829208952054,12.603249064402565,-0.008680994730744402,0.1410833313437515,-0.9899596627880521,10.311105108149025,72.92159004026126,61.90271570537783,53.01702087933212,20.597696570626592,6.147055565246809,76284.0,239321.18922946265, 0.0, -3.552713678800501E-15,0.0,80.94701759963912, 156.59781584706633,156.59781584706633,0.0, 195.9374305800296, 5.976057676474028, 0.06580473590960531, 5.976057676474028, 158.7384648998702, 7.418130869092783, 0.06580473590960531, 7.418130869092783, 107.37550065793968, 5.6107409539564665, 4.101882568379201, 20.0, 0.0
