// Sample: .//bubblelabels.tif, Map: .//bubblelabels.tif, Thickness:(8.191250068658265):/gpfs/home/mader/Foam/NewValid/InSilicoTest/LatticeData_OldFoam/out_Step_03500.vtk/distmap.tif, Neighbors:(1.0):
//LACUNA_NUMBER, TRIANGLES, SCALE_X, SCALE_Y, SCALE_Z, POS_X, POS_Y, POS_Z , STD_X, STD_Y, STD_Z,PROJ_X, PROJ_Y, PROJ_Z, PCA1_X, PCA1_Y, PCA1_Z, PCA1_S, PCA2_X, PCA2_Y, PCA2_Z, PCA2_S, PCA3_X, PCA3_Y, PCA3_Z, PCA3_S,PROJ_PCA1, PROJ_PCA2, PROJ_PCA3,OBJ_RADIUS, OBJ_RADIUS_STD, VOLUME, VOLUME_BOX, Mask_Grad_X,Mask_Grad_Y,Mask_Grad_Z,Mask_Angle, Mask_Distance_Mean,Mask_Distance_COV, Mask_Distance_STD, SHAPET_XX, SHAPET_XY, SHAPET_XZ, SHAPET_YX, SHAPET_YY, SHAPET_YZ, SHAPET_ZX, SHAPET_ZY, SHAPET_ZZ, Thickness, Thickness_STD, Neighbors, Neighbors_STD
1, 0 ,1.0,1.0,1.0,79.58216833437066,138.2199214822617,39.76261550246565,15.436944777655613,15.555168548503508,16.174255006973695,83.0,82.0,80.0,0.04419957134610059,-0.4913358112821529,0.8698479858254142,16.458624324819755,0.9985749186713143,0.047795270047420776,-0.023743292982902314,15.435038229144883,-0.02990868926246656,0.8696578250742086,0.4927481482398473,15.255895184178563,90.58120670794412,82.71458914659394,92.0676956873282,26.217715448096286,7.382442302792409,167096.0,689806.8336548437, 0.0, 0.0,0.0,NaN, 164.37497924854506,164.37497924854506,0.0, 238.29926406838894, -0.5659592207560604, 1.3361617821560723, -0.5659592207560604, 241.96326857235272, -16.30849687895002, 1.3361617821560723, -16.30849687895002, 261.6065250306136, 6.997204807417041, 5.518421864695982, 53.0, 0.0
2, 0 ,1.0,1.0,1.0,58.76498101952278,262.3411853759942,12.862922541576284,14.944085324303419,17.989718338882593,8.076432264647615,85.0,78.0,33.0,-0.3828316218984335,-0.9238181357969599,-3.531634477449057E-5,18.558739484281073,-0.9209774141811845,0.3816514263883521,0.07837596126284324,14.261231979361083,-0.07239165589177661,0.03003732192399182,-0.9969238724440703,8.023394630906914,87.09603904041558,73.81633357492632,36.710611528830896,23.415822166466423,7.9927268492167425,88512.0,236016.56962963613, 0.0, 0.0,0.0,NaN, 70.97157240346797,70.97157240346797,0.0, 223.3256861800608, 50.184871409429235, -10.030148288256221, 50.184871409429235, 323.62996591232866, 4.167181875530296, -10.030148288256221, 4.167181875530296, 65.228758125441, 7.747355360246182, 5.54273811523654, 23.0, 0.0
3, 0 ,1.0,1.0,1.0,77.89551736491842,14.620968179696236,258.68976560888495,15.462243099118584,9.12102053627121,16.318634215194884,74.0,38.0,81.0,-0.6091921288602685,0.10256610641572503,0.7863619675120432,17.452880842653077,0.7803827691840334,-0.09880254663624437,0.617446993950778,14.29546989229934,-0.14102369905570247,-0.9898071784913015,0.01985108842697809,8.922347828860229,94.97853354348362,90.62220120708349,40.294870307585406,23.01447024633866,7.675021772537564,92111.0,346824.54811565275, 0.0, 0.0,0.0,NaN, 89.3757226628622,89.3757226628622,0.0, 239.08096165624028, -23.677093965309506, -47.6715234421519, -23.677093965309506, 83.19301562308115, 10.536198572407388, -47.6715234421519, 10.536198572407388, 266.29782264932913, 7.0931172433695115, 5.261977945497448, 35.0, 0.0
4, 0 ,1.0,1.0,1.0,154.3994519488789,177.25120525765226,14.109405557829627,15.8497931885988,14.992803538264413,8.817165531545948,76.0,65.0,38.0,-0.7972952273861247,-0.6021741435508379,0.041311272385660104,16.974163885765243,0.597381520545102,-0.797035552093742,-0.08871103431842697,13.752286815188034,0.08634604390780731,-0.046050293565170014,0.9952003472487501,8.746135020740144,79.81875490408825,65.91582545365453,40.782151404430614,22.427202137005228,7.124823813605152,87948.0,214567.91278331899, 0.0, 0.0,0.0,NaN, 190.96036638182582,190.96036638182582,0.0, 251.21594412135292, 47.97728098528009, -12.939208698914573, 47.97728098528009, 224.78415793699392, 2.6990710762140284, -12.939208698914573, 2.6990710762140284, 77.74240801068193, 8.233981901004537, 5.542968552583196, 23.0, 0.0
5, 0 ,1.0,1.0,1.0,17.200077273466732,164.27808280462014,12.648385391247762,10.494708086953713,14.431416579157196,8.148213771417803,45.0,75.0,36.0,-0.034116800952893246,0.9981872392431822,0.04958103775453038,14.447271609881875,0.9980295697373577,0.03664141356893656,-0.05093510323475764,10.495083578869934,0.052659489388009975,-0.04774559899871028,0.9974704687125573,8.119583343934808,75.45901539629301,47.78082234760866,37.52524606861818,18.58567858931584,6.274601290195428,49176.0,135297.04238819925, 0.0, 0.0,0.0,NaN, 137.39091352199497,137.39091352199497,0.0, 110.13889783037168, -3.2458527882434254, -2.4894148337499202, -3.2458527882434254, 208.26578448117317, 6.984613018030899, -2.4894148337499202, 6.984613018030899, 66.39338766472272, 7.530287384719617, 5.2085215298300005, 17.0, 0.0
6, 0 ,1.0,1.0,1.0,280.41985148468376,207.78203358962082,208.40295340824815,12.422512234122749,15.033418541366489,14.62628495648502,50.0,80.0,73.0,0.23170205947521832,0.6854082808969439,-0.6903112661059787,15.15788737828048,-0.325999203529569,0.7232982687935132,0.6087397914202698,14.95925908381538,-0.9165362376540436,-0.08399465958144633,-0.39103225215929166,11.862112491701613,83.74505347420727,78.49143402610144,60.02606174592512,23.279006188759325,7.23453977380875,106521.0,394567.4712624154, 0.0, 0.0,2.8421709430404007E-14,46.34524667101732, 131.44411165616825,131.44411165616825,0.0, 154.31881020692938, -5.445028569283181, -30.728610182753396, -5.445028569283181, 226.00367303990174, -5.558802750323806, -30.728610182753396, -5.558802750323806, 213.9282116283, 6.942783102844014, 4.955938520607528, 31.0, 0.0
7, 0 ,1.0,1.0,1.0,189.80111302374712,114.07070341535933,234.71092680255077,13.17608943894296,13.278888462880449,13.483120270275128,64.0,69.0,71.0,0.6374495035776009,-0.22399048256781842,0.7372152969843385,14.24000595526731,-0.03838958803208931,-0.9648557508058926,-0.259960804098472,13.242531860292116,0.7695351648361477,0.13741049398002175,-0.6236457217240969,12.393156347696394,67.56710434263903,66.8225324775419,67.19837723764397,22.21468928286528,6.183876130800679,102244.0,303401.01085609285, 0.0, 0.0,0.0,NaN, 171.51846299294343,171.51846299294343,0.0, 173.60933290302418, -6.2165823524964585, 23.33232949150903, -6.2165823524964585, 176.3288788096195, -2.6607457636207807, 23.33232949150903, -2.6607457636207807, 181.79453222270405, 6.440673728995347, 4.823155567799952, 37.0, 0.0
8, 0 ,1.0,1.0,1.0,121.95500954677922,186.68226308913677,114.94748266505879,12.497680451148947,12.853250467359981,14.627952100665983,64.0,68.0,78.0,0.03253714495260326,-0.26609294107665105,0.9633980905666728,14.765774082009107,0.3459973071427597,-0.9013091752338093,-0.26062930397273015,12.728840975838603,-0.9376711564553387,-0.34181327848480214,-0.06274141378052456,12.462887709755655,77.57242467884294,67.96285604939368,67.62169376317004,22.227248223302535,6.42841219232924,99510.0,356504.5132169051, -1.4210854715202004E-14, 0.0,0.0,88.13542982529377, 202.30387446410566,202.30387446410566,0.0, 156.19201665903051, -2.632233023313559, 1.3613795587525517, -2.632233023313559, 165.20604757668957, -14.500678254408038, 1.3613795587525517, -14.500678254408038, 213.97698265937834, 6.2868617275122745, 4.664257697473206, 36.0, 0.0
9, 0 ,1.0,1.0,1.0,260.54319009746143,141.06293032747803,126.43781350727623,14.038640350804954,13.27268386167598,13.437159167555874,71.0,68.0,64.0,-0.8246001932725114,-0.28946922787385243,0.4860474126760195,14.396442023067946,-0.5338503722921378,0.6824546180023802,-0.4992589251788806,13.269578867298987,-0.18718520576819836,-0.6711655984042548,-0.7172854649720545,13.056245250700881,79.6274024650985,67.91975139882166,67.33032235227341,22.59398702133818,6.581531490845535,104862.0,364140.7900421556, 0.0, 0.0,0.0,NaN, 193.49964042540427,193.49964042540427,2.6973983046972182E-6, 197.08342289924903, 6.735981466564184, -13.249164209861572, 6.735981466564184, 176.16413689199396, -7.090033866742815, -13.249164209861572, -7.090033866742815, 180.55724649423087, 6.189238777772209, 4.6304084790268485, 36.0, 0.0
10, 0 ,1.0,1.0,1.0,22.381027002144894,132.2007384699764,191.0532599433905,13.405950323800214,13.798300256237626,13.468522510666135,59.0,65.0,65.0,-0.6946171800719367,-0.1284230008537834,-0.7078237817427593,14.145432409636959,-2.713044375495426E-4,0.9839831408415561,-0.17826133886372886,13.80928032968347,-0.7193795239946811,0.12363135278438137,0.6835264362597036,12.67770528867178,74.28441052473916,64.67032168353077,64.40478762980516,22.524344901855315,6.645869349307026,102103.0,309400.3888289914, 0.0, 0.0,0.0,NaN, 172.763820838277,172.763820838277,NaN, 179.71950408419906, 3.5039075302786986, 19.35789325644094, 3.5039075302786986, 190.39308996128733, -1.6785952988622108, 19.35789325644094, -1.6785952988622108, 181.4010986203204, 6.284975694178701, 4.637541863058435, 36.0, 0.0
11, 0 ,1.0,1.0,1.0,47.03453160644639,248.7581223783943,213.85503900213408,13.362518012445731,14.412536124809307,13.159247038299068,62.0,70.0,65.0,-0.065685726406334,0.8533979606241717,0.5171047342163642,14.991068156223319,-0.8327747405334179,-0.3323693110164612,0.4427379276998315,13.976599801393393,-0.5497013888248515,0.40155019847703644,-0.7325201848598318,11.805354773322575,69.81772550505212,66.76704466772513,63.689801187999024,22.763911719097475,6.4224754605930565,108712.0,296891.48567531956, 0.0, 0.0,0.0,NaN, 110.72005911734902,110.72005911734902,0.0, 178.55688763293662, 10.709075434096563, -23.53905563704108, 10.709075434096563, 207.7211975489333, 29.43412181324132, -23.53905563704108, 29.43412181324132, 173.1657826149828, 7.0136518055058135, 4.918099516611927, 42.0, 0.0
12, 0 ,1.0,1.0,1.0,264.2111223900798,281.57364503095084,25.44190999382974,15.823000407892126,11.195224426819886,14.111828430236589,74.0,51.0,63.0,-0.9442248662367416,-0.16025225312352562,0.2876779750850605,16.060066994558376,-0.3105545959864855,0.14278951542552223,-0.9397696511359659,14.024255887093087,-0.10952280535065678,0.9766935904639583,0.18459248482737337,10.965335766089625,84.2932457896203,71.25369635959956,55.217819372180145,22.894534102571026,7.119297840775181,100482.0,331649.56161271577, 0.0, 0.0,0.0,NaN, 47.62000737250449,47.62000737250449,0.0, 250.3673419081544, 17.44431534317991, -15.09099817488803, 17.44431534317991, 125.33304996686465, -16.60510473472208, -15.09099817488803, -16.60510473472208, 199.14370164443366, 6.301932886172573, 4.723216420013696, 24.0, 0.0
13, 0 ,1.0,1.0,1.0,135.6883041876935,21.185241291813025,249.54816841666747,15.013862520130902,12.78792623628093,13.770850101961843,72.0,55.0,68.0,0.8741374414814018,0.13639962901887887,0.46613182105908757,15.586550269932395,0.3565679880553834,0.47141130230740946,-0.806616794984439,13.357199804330333,0.32976204040866336,-0.8713016270272566,-0.3634425283936524,12.53906303512045,81.81567343157153,72.501887938461,61.542874607209285,23.00966606745051,7.009900512356095,105619.0,365059.45658487885, 0.0, 0.0,0.0,NaN, 146.30624611422894,146.30624611422894,0.0, 225.4160677733914, 13.780942146467682, 28.831093387033558, 13.780942146467682, 163.53105742456216, -2.606585132145731, 28.831093387033558, -2.606585132145731, 189.6363125307025, 6.836118340078308, 4.685687695355942, 31.0, 0.0
14, 0 ,1.0,1.0,1.0,144.34641341404023,151.88479556575987,58.75458614531877,12.350536067488301,11.84837005871987,13.836783382622698,62.0,65.0,69.0,0.33693843168913534,0.15367425027760073,0.9289008117406742,14.03057982727951,-0.7302609136368328,-0.5800890276749171,0.36085415057259457,12.610298398796369,-0.5942991597378925,0.7999255870221851,0.08323198881468595,11.335757256750577,71.71280030973789,66.3713480888058,60.46196092765135,21.160095596827663,6.051986691450085,86238.0,287779.29789223056, 0.0, 0.0,0.0,NaN, 215.00256334100163,215.00256334100163,2.6973983046972182E-6, 152.5357411543294, 16.468350579425454, 13.35215906554838, 16.468350579425454, 140.3838730483695, 3.3692202202479264, 13.35215906554838, 3.3692202202479264, 191.45657437762367, 5.606779004842746, 4.459677424503112, 32.0, 0.0
15, 0 ,1.0,1.0,1.0,31.956904300108803,10.850119053250706,72.71427219830645,16.57959209341832,7.275453018425919,13.569699897997124,75.0,31.0,65.0,-0.9937591002122319,0.026871654482536225,0.10826248163951657,16.61648492538911,-0.10915393343289714,-0.03427863476524174,-0.9934336384554121,13.536133368973884,-0.02298411541700294,-0.9990509943861737,0.03699785202542892,7.253783017904065,77.4250444108643,66.35392806929339,32.53796602149207,21.329800785732726,7.549267803573418,63417.0,167162.36315537617, -3.552713678800501E-15, 0.0,0.0,6.404531401161266, 80.16441977115177,80.16441977115177,0.0, 274.8828739841392, -5.479376580845281, -9.881670436665752, -5.479376580845281, 52.932216623322816, 5.09789421203779, -9.881670436665752, 5.09789421203779, 184.13675532170316, 6.139578288012332, 4.441481301889954, 27.0, 0.0
16, 0 ,1.0,1.0,1.0,218.52302281064055,29.489980857544296,269.835233434232,12.555738427649914,14.175627013453546,14.20131511260107,68.0,65.0,64.0,-0.3119538967438068,-0.6778895226205389,0.6656955470991617,15.17005119615367,-0.07385242148670458,-0.68123920325893,-0.7283261410821996,13.43487736610482,-0.947222564209122,0.27636740593716164,-0.16245144132527656,12.232985591396366,76.98243319181927,76.63710020228945,60.35875008498999,22.733686044324344,6.591800850571504,106047.0,356099.1484042903, 0.0, -3.552713678800501E-15,0.0,47.321057784583864, 91.75004046244887,91.75004046244887,0.0, 157.6465674635647, 18.57218225632316, -15.054543951546442, 18.57218225632316, 200.94840122455392, -21.013423901441215, -15.054543951546442, -21.013423901441215, 201.6773509273916, 6.241946940853292, 4.616096314386558, 35.0, 0.0
17, 0 ,1.0,1.0,1.0,161.9599518329547,256.243020123397,281.9021637927824,15.041317843496197,13.252762957953163,10.116552874981405,73.0,69.0,44.0,-0.9155160637377012,0.3989566004954835,-0.051613641213465865,15.421371039438412,-0.4015404628746089,-0.8984935032852536,0.17741105159667123,12.904392275961511,0.024404788724141695,0.1831476330048498,0.9827824534514497,9.993977477118015,76.11190174667524,63.349697005517754,47.540351989083604,21.439782414259238,6.675128507401391,80553.0,229223.6947331999, 0.0, 0.0,0.0,NaN, 145.93580733070587,145.93580733070587,0.0, 226.2412424690771, -26.338584746464154, 1.7705036484739025, -26.338584746464154, 175.63572601969545, -13.46357998345873, 1.7705036484739025, -13.46357998345873, 102.34464207229453, 6.571282803980481, 4.8549241620022086, 30.0, 0.0
18, 0 ,1.0,1.0,1.0,40.99270789927972,85.67131972141199,38.139720618290774,12.408690108819897,12.310752123441302,15.67682164896612,58.0,59.0,78.0,0.06931254005207398,-0.011397770874780873,0.9975298805602846,15.69140692051211,0.9971848471990987,-0.027878860061146548,-0.06960710939409259,12.390799950137193,-0.02860336183108196,-0.9995463270808297,-0.009433329803584316,12.310189703071876,79.15938817211932,58.212995707614425,59.21301038432284,22.507133907385317,6.687441091331153,100794.0,272859.7765524149, 0.0, 0.0,0.0,NaN, 102.34556860248195,102.34556860248195,0.0, 153.97559021672475, -0.13015239007041604, 6.408056974169549, -0.13015239007041604, 151.55461784481454, -1.0726054689429787, 6.408056974169549, -1.0726054689429787, 245.76273701349282, 5.978479244857645, 4.405463327086532, 34.0, 0.0
19, 0 ,1.0,1.0,1.0,190.7594513258334,282.1304134430337,60.02707205869057,14.082688904377173,10.068835719173382,13.168083082231709,66.0,43.0,69.0,0.9847096245213937,0.16055690813942525,-0.06759019620954165,14.179859691116611,-0.06939611805258208,0.00566068601172038,-0.9975731228502045,13.16405525353944,-0.15978464936960676,0.9870103524698134,0.016716158148535807,9.936861677598902,67.61879659390084,68.4572614563426,47.10638523214678,20.82228270004528,6.287649380899883,77423.0,218055.3459645235, 0.0, 0.0,0.0,NaN, 125.92088380522551,125.92088380522551,1.3486991523486091E-6, 198.32212677746793, 16.148842333196278, -1.6495590454896563, 16.148842333196278, 101.38145273970174, -1.5314486209085538, -1.6495590454896563, -1.5314486209085538, 173.39841206055692, 6.129729144088786, 4.672820922569474, 33.0, 0.0
20, 0 ,1.0,1.0,1.0,282.13865104201346,104.01434183367734,167.93067447899327,10.742616071419604,13.238870607833883,13.490261332783666,44.0,66.0,68.0,-0.3260569074759894,0.6780322446401088,0.6587557728896876,14.295800001068777,0.17767888677518728,-0.6404656147682584,0.7471505935846179,12.872358936936202,-0.9285026151183012,-0.3606606043468181,-0.08835622327071072,10.128727638939122,76.64038457251993,67.74073655265298,53.02822096300201,20.73664947166681,6.530697860482619,75095.0,275305.34743207146, 0.0, 0.0,0.0,NaN, 169.0571437037361,169.0571437037361,0.0, 115.40380005792277, -29.682300115484026, -13.483683103733997, -29.682300115484026, 175.2676949709679, 15.262276630749723, -13.483683103733997, 15.262276630749723, 181.9871508267981, 6.159999916666444, 4.541014766632668, 25.0, 0.0
21, 0 ,1.0,1.0,1.0,278.34248979770945,206.93887401816667,11.471762692527097,12.673710044255817,12.36208458403943,7.2568671730839664,48.0,67.0,28.0,-0.8285432900053521,0.5591181778931604,-0.030047957277309724,12.930531248638168,-0.5595385584330392,-0.8287718258002409,0.0073390998365909475,12.09768515921754,0.020799476286272895,-0.022893752623090242,-0.9995215144643207,7.249383293290492,67.75603477219222,60.33647013454356,29.64694510355678,18.160153402002383,6.026193751643771,45578.0,121201.45415971354, 0.0, 0.0,0.0,NaN, 96.2342052310021,96.2342052310021,0.0, 160.6229262858708, -9.611694752371434, 2.469015410277947, -9.611694752371434, 152.82113526294532, -2.4966139176493023, 2.469015410277947, -2.4966139176493023, 52.662121167783674, 6.482816848130197, 4.681035503340169, 15.0, 0.0
22, 0 ,1.0,1.0,1.0,53.170668698436884,188.81421207395326,48.775366373409206,13.667241895722702,11.283184867782825,12.712640877775929,72.0,57.0,65.0,-0.9313628850100182,0.04624634357029132,0.36114325707701345,13.820677395193135,0.36020732869176597,0.2615509803404272,0.8954561770626763,12.646814955194088,0.053045798915247765,-0.9640810963758908,0.260257147506275,11.16968879204508,67.95093840549744,65.70367312736133,58.76503308702192,20.966637677636882,6.009584376544378,83999.0,262363.9090492925, 0.0, 0.0,0.0,NaN, 132.5459762174434,132.5459762174434,0.0, 186.79350103619788, 0.4609037691854041, -10.935971289291682, 0.4609037691854041, 127.31026076056332, 9.345877541677925, -10.935971289291682, 9.345877541677925, 161.61123808729954, 6.134747757656756, 4.339811303854273, 31.0, 0.0
23, 0 ,1.0,1.0,1.0,91.51165152213056,268.20403249445167,39.49707926803735,11.501305781101939,14.877457305770923,13.526795901958533,62.0,62.0,67.0,-0.01449267659351891,-0.8780323768923608,0.47838175911494274,15.403185497320708,0.3203268819483602,-0.4572936078809261,-0.8296223507671955,13.098599701455878,-0.9471962051372446,-0.14121508885383705,-0.2878847819069389,11.303165057842715,75.24057868204537,70.14026250269754,58.537262582879265,22.208256730631355,6.586828593109235,95524.0,308924.1947964529, 0.0, 0.0,0.0,NaN, 104.62019491774701,104.62019491774701,NaN, 132.2800346704089, -5.024350824574244, -12.402137151137449, -5.024350824574244, 221.33873588503658, -29.37100702372268, -12.402137151137449, -29.37100702372268, 182.97420737324217, 5.7769769538747875, 4.25543778934766, 34.0, 0.0
24, 0 ,1.0,1.0,1.0,68.51876521503922,62.22917230186638,161.2894238571815,13.774561163712944,12.629328267765167,11.972537171690828,66.0,61.0,59.0,0.961720944847668,-0.06732252761694668,0.26563226746118956,13.930699165109932,-0.02926014945887809,0.9385821629458208,0.34381298267166843,12.741925478800063,0.2724640671629045,0.33842458639290723,-0.9006842573454016,11.66872186399484,67.71603162045525,63.0212913524104,65.70716912296103,21.342336137963517,6.089729242711253,88728.0,280408.74510269624, 0.0, 0.0,0.0,NaN, 166.75705384133437,166.75705384133437,0.0, 189.7385352528689, -4.468573301354763, 14.529180295710281, -4.468573301354763, 159.49993249497234, 7.418355595618999, 14.529180295710281, 7.418355595618999, 143.3416463275186, 6.277834978947164, 4.383649924741514, 37.0, 0.0
25, 0 ,1.0,1.0,1.0,123.97971088004059,169.03758317935342,274.6457737038513,13.072396541877787,11.687795167926897,12.937376600437313,66.0,57.0,60.0,-0.9291770224107717,0.3248347340023813,0.17638723482569313,13.227283922448821,-0.22475113245701359,-0.11764863860957803,-0.967287819778892,12.976816347343505,-0.2934569635962692,-0.9384248469743937,0.18232338604233683,11.467738140509747,67.72106131034823,63.141627318445956,63.51284965937404,20.923006743571776,6.090616499626935,82803.0,271582.0893190633, 0.0, 0.0,0.0,NaN, 182.11249303790103,182.11249303790103,0.0, 170.88755134809833, -12.139679241799072, 0.8980097318029262, -12.139679241799072, 136.60455588741533, 6.687600113928369, 0.8980097318029262, 6.687600113928369, 167.37571330154293, 5.683498287575099, 4.226846877861063, 29.0, 0.0
26, 0 ,1.0,1.0,1.0,277.5098047807892,207.58570145264127,287.84034092153985,13.21591344333921,13.22078596040146,7.064675017261508,56.0,64.0,31.0,0.9179006832520185,0.35703041690272963,-0.1731693306903425,13.3569264865547,0.3640835105960569,-0.9313155045715592,0.009727705622230657,13.229781860810633,0.15780219579438357,0.07197716548242948,0.9848440255449523,6.7767668840119315,70.92150188102067,66.59828710879583,35.95630659089028,18.869768014787695,6.57959251931161,45641.0,169830.6446821651, 0.0, 0.0,0.0,NaN, 95.88570678627207,95.88570678627207,0.0, 174.66036814183403, -0.3585614118897272, -20.60121497255504, -0.3585614118897272, 174.78918141074837, -9.360596689699127, -20.60121497255504, -9.360596689699127, 49.909633099518885, 5.834259911961895, 4.380879781162678, 16.0, 0.0
27, 0 ,1.0,1.0,1.0,13.139056542479524,250.29724554174433,81.4802263750919,8.393342783013754,12.285225254661666,13.738774552427358,34.0,70.0,59.0,-0.08705604969685665,0.14226191017000253,0.9859933027794664,13.791665639262774,-0.12323736820020378,0.9806105651533433,-0.15236623834933802,12.31509619183153,-0.9885513619889792,-0.13477562251543113,-0.06783609868876733,8.261794811909002,57.050168634585006,70.87383026896879,37.55002262863954,19.30920156033546,6.106031766683422,58487.0,151828.40851764288, -1.7763568394002505E-15, 0.0,0.0,85.0057337848447, 96.34327115943464,96.34327115943464,NaN, 70.44820307316905, -11.58959252468087, -8.901921471585645, -11.58959252468087, 150.92675955777682, 4.644626403628675, -8.901921471585645, 4.644626403628675, 188.75392620242556, 7.686372574708656, 4.964118057744248, 24.0, 0.0
28, 0 ,1.0,1.0,1.0,60.348804448101326,44.01760291220984,34.5846734983918,11.891746760447425,12.10397085518231,14.309722225406569,63.0,60.0,67.0,-0.3758505182141801,-0.4011404834897072,0.8353578277982298,15.191115447828686,-0.5452261999703554,-0.6331843637367136,-0.5493686852972424,12.031442687355892,-0.749309534721145,0.6619394791255303,-0.0192703697681955,10.824153544625123,80.05569551530189,61.351796656977406,56.10663556755544,21.227235074970643,6.4878650354296115,80214.0,275571.1492077357, 0.0, 0.0,0.0,NaN, 82.31419807932603,82.31419807932603,NaN, 141.41364101461184, 26.654505299813888, -27.404338143110905, 26.654505299813888, 146.50611046310277, -28.471084336646047, -27.404338143110905, -28.471084336646047, 204.7681501682947, 6.341942620859378, 4.343816688648889, 26.0, 0.0
29, 0 ,1.0,1.0,1.0,135.30862629408068,142.95247070392526,174.97892594717146,12.461979091733598,11.52980797234611,11.800996611704154,59.0,53.0,55.0,-0.8624290720648145,0.46988411844418565,0.18821533118041434,12.81820653042091,0.2999536913747066,0.1749019122198875,0.9377830794658826,11.823284974736845,-0.407730154254146,-0.8652272743827238,0.2917839697038426,11.108754635019668,66.25292850667424,55.30872307207636,59.035174522121935,19.907980515644052,5.58329898717516,73218.0,216326.41993726918, 0.0, 0.0,0.0,NaN, 233.18255120671154,233.18255120671154,NaN, 155.30092288280537, -15.715561480736968, -2.030167303507862, -15.715561480736968, 132.93647187917588, 6.304920406131873, -2.030167303507862, 6.304920406131873, 139.26352102945293, 5.579821646110552, 4.097777070187625, 31.0, 0.0
30, 0 ,1.0,1.0,1.0,239.050572764165,95.45185442030102,185.20227821441415,13.226406491949481,11.386261345441048,12.027666111565296,67.0,54.0,59.0,0.9204961743709139,-0.34406699861643514,0.1852152624153599,13.543841975506366,0.1975031396674393,6.800678416268857E-4,-0.980302018425564,11.974539211959426,-0.3371636142735696,-0.9389448535301791,-0.06858031232922861,11.064550755092716,74.01741827711078,60.80308645348636,55.76444198169452,20.38285957450596,5.812793112973774,77868.0,250967.17311095144, 0.0, 0.0,-2.8421709430404007E-14,79.32631707942313, 161.2588171847092,161.2588171847092,0.0, 174.9378286902834, -19.320239414228535, 6.342675147578434, -19.320239414228535, 129.646947426685, -3.902015705734877, 6.342675147578434, -3.902015705734877, 144.66475209129624, 5.792398817204588, 4.270486974955458, 32.0, 0.0
31, 0 ,1.0,1.0,1.0,275.8581504544264,65.31050117888883,239.84803417769984,14.301065512784584,13.381055749081375,12.941894566966896,58.0,72.0,63.0,0.909804996777019,-0.3466212368235947,0.22827305145910198,14.565725847622662,0.25090878883476764,0.8974738109259095,0.36274721003419796,13.2501097526703,-0.3306049720210484,-0.2727535093908164,0.9034964723727233,12.780453232086728,67.50183368551788,67.53029278301614,71.07680691441716,22.496354412161615,6.706698211927236,99246.0,323997.838111004, 0.0, 0.0,0.0,NaN, 92.01385469594196,92.01385469594196,0.0, 204.5204748009566, -12.642915224831164, 11.251925771856335, -12.642915224831164, 179.0526529600237, 0.11718335026089227, 11.251925771856335, 0.11718335026089227, 167.49263498248726, 5.420289662296758, 4.093229502389857, 30.0, 0.0
32, 0 ,1.0,1.0,1.0,131.7826141135715,275.91336963700485,59.074879437750006,12.722736324360183,12.259179297536276,12.372159541112692,62.0,53.0,67.0,0.660158859805558,0.28435035115572804,-0.6952230991687779,13.239023672395554,-0.6174724925213451,0.7324640286407486,-0.28674756795279405,12.789499664407156,-0.4276891403808416,-0.6185800874138929,-0.6591211380735092,11.242009556790158,70.51600669943699,68.16275625708073,61.24343521109276,20.713499209628772,6.014713528658172,80249.0,294370.57524661114, 0.0, 0.0,0.0,NaN, 146.41265152108525,146.41265152108525,0.0, 161.86801957919405, -7.64222939454016, -15.853415347337135, -7.64222939454016, 150.287477049142, -17.4755004816106, -15.853415347337135, -17.4755004816106, 153.07033171074585, 6.227677190525067, 4.287377276846926, 25.0, 0.0
33, 0 ,1.0,1.0,1.0,35.86770311164499,176.55492157360993,209.39220125205017,12.457933407177341,13.159403370325283,12.801210418384068,66.0,63.0,66.0,0.23059111237898858,0.8313516101361813,0.5056503131768039,13.53153623902613,-0.6373407210308039,-0.2636284324017692,0.7240834585497175,12.694995979221869,-0.7352717485445468,0.4892387453517608,-0.46906386115206045,12.16452194357845,59.81753653213494,73.96422026432282,73.94190775845566,21.298578651808096,6.213818264898466,86578.0,327145.43029063626, 0.0, 0.0,0.0,NaN, 157.2734965216698,157.2734965216698,0.0, 155.20010477766525, 8.949653164823953, -1.9900520554762269, 8.949653164823953, 173.1698970629284, 12.249082712075563, -1.9900520554762269, 12.249082712075563, 163.87098817574483, 5.535712598213582, 4.206657251812602, 41.0, 0.0
34, 0 ,1.0,1.0,1.0,200.82171824895892,175.51341429794397,193.61962593769496,12.691433447233534,10.700151225138068,11.858983611673887,65.0,54.0,56.0,0.9491840269469833,0.23191586830724106,0.21275505403164124,12.845050934300083,-0.2208444322840391,0.009181229993089651,0.975265831322391,11.814642813420475,-0.22422626901825918,0.9726925182415623,-0.05993200513113993,10.565041087230094,63.79827225926749,57.55013278369803,51.506198212283934,19.612295447354793,5.6177467701900285,68919.0,189110.1079046759, 0.0, 0.0,0.0,NaN, 191.441963990344,191.441963990344,0.0, 161.07248294555808, 11.692832476948784, 4.755486061847375, 11.692832476948784, 114.49323624082369, 2.884011024835004, 4.755486061847375, 2.884011024835004, 140.63549230194982, 5.856365146300743, 4.202222475492959, 33.0, 0.0
35, 0 ,1.0,1.0,1.0,163.7657884406678,9.632184173459256,224.23204100953657,13.734673930388134,6.581040180932437,12.608540667160966,69.0,27.0,67.0,0.8724408347315578,-0.04166819329826947,0.48694019300131774,14.20460969810134,0.48870963491367664,0.08079170247672249,-0.8686976421940222,12.116278853460562,0.0031436659242287416,-0.995859660031558,-0.09084962788248525,6.507803443741398,69.66580166677005,60.47678795650776,29.02490725101266,18.620186833436918,6.649458465204783,43307.0,122286.69187261385, 0.0, 0.0,0.0,NaN, 156.1836194379067,156.1836194379067,0.0, 188.6412679740834, -1.671202252028599, 23.38115297664881, -1.671202252028599, 43.310089863047246, -10.565470218650391, 23.38115297664881, -10.565470218650391, 158.97529775545192, 6.464695022173171, 4.288662523335226, 15.0, 0.0
36, 0 ,1.0,1.0,1.0,103.76468485642798,229.52807399022996,156.88925294888597,12.112211922639933,10.919175377695707,11.81796685539383,60.0,52.0,57.0,-0.8310522580634133,0.5364127072605884,0.14701548169178882,12.860169575341065,-0.18759657887058234,-0.021497921617854188,-0.9820108772117373,11.817669181111322,-0.5236025859024718,-0.8436819583560384,0.11849508504898154,10.027818446815242,60.194080766997544,58.24139215344374,53.993845075549416,19.381605962324407,5.472820068690208,67144.0,189290.9235618913, 1.4210854715202004E-14, 2.8421709430404007E-14,0.0,78.06217729420614, 190.2999950089549,190.2999950089549,0.0, 146.70567765894094, -28.741264013975393, -0.7172763524306028, -28.741264013975393, 119.2283909288762, 5.9377570325169975, -0.7172763524306028, 5.9377570325169975, 139.66434059518713, 5.991022131163536, 4.143708540679688, 23.0, 0.0
37, 0 ,1.0,1.0,1.0,51.75596273790722,20.59129480418663,165.62373852290065,12.455401322006692,11.718623955796195,12.446076391201323,63.0,50.0,60.0,0.05212100712938389,0.5481923725646194,-0.8347266158915695,13.020383995644401,0.9580231959754649,-0.2634088490827972,-0.113169493229545,12.576382358507036,0.2819130301862165,0.7937889523587801,0.5389101432747165,10.93947870896167,71.38820854947716,60.94865174682087,61.14894325844767,20.285783590497427,5.987902067062134,74714.0,266059.9731252479, 0.0, 0.0,0.0,NaN, 145.46360627044257,145.46360627044257,0.0, 155.13702209224604, -8.289262010269363, -6.3425646533707765, -8.289262010269363, 137.32614741736046, -21.66717777745428, -6.3425646533707765, -21.66717777745428, 154.90481753561897, 5.519877715707846, 4.0528695044767415, 28.0, 0.0
38, 0 ,1.0,1.0,1.0,186.98631067680478,65.55920957529851,62.9027147358987,11.830301222108996,10.85444422625148,12.701468026842283,58.0,58.0,62.0,-0.526642809922026,-0.12006211836402486,0.8415654689276263,13.140891062501758,0.6830524943201769,0.5295597212977095,0.5029968107076598,11.72949708444429,0.506050037803,-0.8397330464576439,0.19688009022383915,10.432552742881718,66.23640426169511,57.14938022906276,53.945104587189185,19.67702938284767,5.649494771225701,69178.0,204202.1509977888, 0.0, 0.0,7.105427357601002E-15,32.69419965479281, 145.00639798203198,145.00639798203198,0.0, 139.95602700583362, 14.433715508800631, -18.421017218553647, 14.433715508800631, 117.81895946080412, 1.2052745156229188, -18.421017218553647, 1.2052745156229188, 161.3272900368968, 5.343886060156259, 3.9339876657273183, 34.0, 0.0
39, 0 ,1.0,1.0,1.0,92.31135355472965,158.7366955734058,106.40199016904448,11.340956538138657,11.782141866900554,13.264106213501265,57.0,58.0,61.0,-0.18364855754158838,0.33398775082679893,0.9245135962280656,13.39049314547527,0.6234798217668601,-0.6875442339161699,0.3722308937449885,12.592489224939857,-0.7599645512538455,-0.6447752389059963,0.08196811655306596,10.27115301490135,65.5049452371839,58.70555545341179,53.7497890960224,20.244151317482963,5.791978353689668,75069.0,206695.03945418273, 0.0, 0.0,0.0,NaN, 199.4945881084506,199.4945881084506,0.0, 128.61729519994998, -27.27847427882655, -0.21427907952787026, -27.27847427882655, 138.8188669717709, 9.20735240487183, -0.21427907952787026, 9.20735240487183, 175.93651364304284, 6.118944912752278, 4.2874618770200605, 27.0, 0.0
40, 0 ,1.0,1.0,1.0,84.67893230683516,207.8906602172867,190.98647656190644,14.071445704409758,12.35152807507848,10.54184966381503,65.0,62.0,54.0,-0.9544454381620046,0.2940930369089462,-0.050430062595762645,14.233707037631833,-0.2961946773405968,-0.9133652691000772,0.2793431551279604,12.315040247751142,0.03609180913779624,0.28155491621248097,0.958866106643542,10.365220306352407,64.33038690270327,59.73889770486039,56.42334335040658,20.648124363873983,5.945703035811635,78974.0,216836.39821263522, 0.0, 0.0,-2.8421709430404007E-14,87.10934412020889, 165.94758312256516,165.94758312256516,0.0, 198.0055842121518, -14.747517151600151, 0.9213804505748667, -14.747517151600151, 152.56024578945193, -12.69435225375348, 0.9213804505748667, -12.69435225375348, 111.13059433447708, 5.612888653560109, 4.069575207997611, 22.0, 0.0
41, 0 ,1.0,1.0,1.0,288.04816466552313,76.9785934819897,284.4099142367067,8.039423395710108,11.703200134599452,8.56017532159145,37.0,61.0,35.0,0.19193098309365303,-0.9670551746672793,-0.1672327326749798,11.868396500731148,0.5616148978231016,0.24796858451211937,-0.7893670170701352,9.07414914570322,0.8048299225748572,0.05758359353403884,0.5907054473118185,7.188518988312483,60.82992571412881,49.647439739470116,37.64971596299739,15.69506645209706,5.342163655919082,29150.0,113704.02737654184, 0.0, 0.0,0.0,NaN, 79.4455851286572,79.4455851286572,NaN, 64.63232853549104, -12.2827082418085, -16.457136177987184, -12.2827082418085, 136.96489339048864, 8.420747392236871, -16.457136177987184, 8.420747392236871, 73.27660153638328, 6.685253499941597, 4.399460393562684, 9.0, 0.0
42, 0 ,1.0,1.0,1.0,120.99559935767783,236.04557545446744,76.82761494992585,11.837647729863091,12.323931572599292,13.028244763233092,63.0,62.0,68.0,-0.060515467189998035,-0.13669967170036193,0.988762397134817,13.049349909531504,0.3677228394897943,-0.9239618597017133,-0.10523495205545831,12.392223448806261,0.9279643266571936,0.35722217396679745,0.10618157504056841,11.742726247623226,68.37428710864009,61.123451311262926,60.025649527661386,20.680209085645348,5.83723453076392,81579.0,250863.5409048963, 0.0, 0.0,0.0,NaN, 156.94771709638843,156.94771709638843,0.0, 140.12990377633278, -5.057988433443082, -2.544905995819756, -5.057988433443082, 151.87928940610968, -2.854289368389343, -2.544905995819756, -2.854289368389343, 169.7351616107105, 6.21640782450171, 4.31501292814103, 36.0, 0.0
43, 0 ,1.0,1.0,1.0,24.812181261838845,11.616530671717907,264.7125528194667,12.986585910700041,7.541398731446283,14.894263728900711,50.0,34.0,79.0,-0.270378407733762,0.1015740299960794,0.9573809236984574,15.141039998738469,0.956234392380381,0.14386551146996937,0.2547910937187707,12.860512277904265,-0.11185393806334579,0.9843705760737871,-0.13602670877398115,7.260807956086921,82.28356518081415,64.04319255214804,36.491512889977955,19.909834752755074,7.1387450288305825,54904.0,192299.40607702272, 0.0, 0.0,0.0,NaN, 44.67428849278115,44.67428849278115,NaN, 168.65141361599282, 10.652223231216206, -18.24439303740451, 10.652223231216206, 56.872694826659604, 21.296956270236556, -18.24439303740451, 21.296956270236556, 221.83909202604733, 5.764832678092875, 4.183946454949114, 22.0, 0.0
44, 0 ,1.0,1.0,1.0,23.84064776725975,188.82374733607574,121.82828220250781,12.598222691477972,12.242415547513845,12.25385552822401,53.0,60.0,58.0,-0.6437955776809516,-0.4631872973102878,0.6090852007468585,13.642209139939073,0.6392832689278403,-0.7630227061043019,0.09546335442567834,11.996101938583749,0.42052842499334575,0.4508368635988627,0.787338533410474,11.346038814931644,69.20514184473626,63.197655383006236,58.21007410644174,20.614656066128354,5.812476580935579,80708.0,254587.73757226256, 0.0, 0.0,0.0,NaN, 166.64532992787153,166.64532992787153,0.0, 158.71521498407049, 9.70816046103575, -21.57310876980677, 9.70816046103575, 149.87673843800874, -17.2925817226214, -21.57310876980677, -17.2925817226214, 150.15697530658613, 6.099684761023181, 4.296077142584195, 22.0, 0.0
45, 0 ,1.0,1.0,1.0,216.8126426107721,135.9148845847705,206.07594852746087,12.802811357770818,12.610731036347179,11.364453872309685,70.0,59.0,61.0,0.6238052399594657,0.6673587482131447,0.4068160810274073,14.305257248423088,-0.7802816696846413,0.5017696537665144,0.37334666265172484,11.749997318870824,0.045028197313038,-0.5503267354421522,0.8337343376066032,10.458991625036187,66.41697866265486,58.96025998036379,54.61883818872511,20.403172588000338,5.983634020719856,75380.0,213885.31280409332, 0.0, 0.0,0.0,NaN, 184.9722133892299,184.9722133892299,0.0, 163.91197866266546, 28.42702195530243, 15.819363505615879, 28.42702195530243, 159.03053727109, 31.23083424982999, 15.819363505615879, 31.23083424982999, 129.1508118158546, 5.675323518785297, 3.8775987992971266, 30.0, 0.0
46, 0 ,1.0,1.0,1.0,125.37257613653082,91.98622921877299,213.0900691481536,12.715112074273131,10.451034169206194,12.170980783544625,62.0,52.0,65.0,0.7573357716087826,0.12773191984131943,0.6404116533101041,13.549205598903946,-0.6058778802329108,0.503308805476383,0.6161105749574596,11.738705573070087,0.24362783766680815,0.8546138326657178,-0.4585637073844897,9.881942248771622,64.8126512202993,58.05304860099632,52.79040122779554,19.66848578032978,5.67288556289125,67970.0,198627.68506663013, 0.0, 0.0,0.0,NaN, 178.13782667830992,178.13782667830992,0.0, 161.67407506132636, -3.9294434123320343, 26.690320566311026, -3.9294434123320343, 109.2241152059154, 19.477553401834257, 26.690320566311026, 19.477553401834257, 148.13277323341254, 6.141640025860898, 4.205912097052672, 37.0, 0.0
47, 0 ,1.0,1.0,1.0,107.53494340518328,210.98974914328946,279.3801866219644,11.894497037768044,12.227794775582945,11.424636217699797,61.0,58.0,46.0,0.5729930062981208,0.7831452513096961,0.24158338122585055,12.422035004218472,-0.6287165752228799,0.6091249224111069,-0.4834069682345049,11.943926759178686,-0.5257323299678787,0.12510133591906913,0.8414007208089433,11.160465827525778,62.78630772626741,66.71235300071781,58.26843690222947,19.6758338827241,5.863607983271348,67409.0,244064.47563093127, 0.0, 0.0,0.0,NaN, 141.1090553950225,141.1090553950225,0.0, 141.47905978147276, 6.4181139891257795, 9.619775852066688, 6.4181139891257795, 149.51896507377356, 0.2986798343808374, 9.619775852066688, 0.2986798343808374, 130.5223127067779, 5.2658433491167465, 3.9790185041239017, 27.0, 0.0
48, 0 ,1.0,1.0,1.0,279.487930110542,233.54930771052204,46.11273538465373,11.238994974737132,12.271511203354123,14.14231195462054,48.0,62.0,67.0,0.2687326149976285,0.03324827332974695,0.962640812534523,14.367423892799506,0.19733760410434406,-0.980105520842897,-0.021237655699970926,12.320600807474799,0.9427834595721825,0.1956724823112941,-0.26994745418922317,10.89448985063002,70.61403446645868,59.02058176111126,56.26402974666854,20.924302198644273,6.251684587198601,80241.0,234490.5499665753, 0.0, 0.0,0.0,NaN, 83.44353708679894,83.44353708679894,9.5367431640625E-7, 126.31500804216651, -5.619452592594202, 22.557148891713926, -5.619452592594202, 150.58998721404575, 3.497126935738799, 22.557148891713926, 3.497126935738799, 200.00498742180304, 5.771948139605203, 4.076394188365604, 20.0, 0.0
49, 0 ,1.0,1.0,1.0,225.1505199781062,232.5877913173739,166.7185636505056,13.64691796211591,10.75518364973452,11.269636013005293,70.0,56.0,58.0,-0.9896832441305405,0.12815978354851962,0.06404799893864793,13.696694779626727,-0.10516323077255288,-0.3462072250862759,-0.9322452746952055,11.350692613317056,0.09730247263418981,0.9293630222786232,-0.35611318655789137,10.60562918367411,70.75144135009654,54.777198419987286,54.3788136906702,19.86171751585852,5.8676416378392755,69426.0,210748.66739396375, 2.8421709430404007E-14, 0.0,0.0,8.237269804986324, 167.06523221305545,167.06523221305545,0.0, 186.23836986472188, -8.932452096715489, -3.157865787281093, -8.932452096715489, 115.67397533951674, 5.8964343984986725, -3.157865787281093, 5.8964343984986725, 127.00469586562582, 5.521631455553576, 3.9681633099575384, 34.0, 0.0
