// Sample: .//bubblelabels.tif, Map: .//bubblelabels.tif, Thickness:(8.191250068658265):/gpfs/home/mader/Foam/NewValid/InSilicoTest/LatticeData_OldFoam/out_Step_03500.vtk/distmap.tif, Neighbors:(1.0):
//LACUNA_NUMBER, TRIANGLES, SCALE_X, SCALE_Y, SCALE_Z, POS_X, POS_Y, POS_Z , STD_X, STD_Y, STD_Z,PROJ_X, PROJ_Y, PROJ_Z, PCA1_X, PCA1_Y, PCA1_Z, PCA1_S, PCA2_X, PCA2_Y, PCA2_Z, PCA2_S, PCA3_X, PCA3_Y, PCA3_Z, PCA3_S,PROJ_PCA1, PROJ_PCA2, PROJ_PCA3,OBJ_RADIUS, OBJ_RADIUS_STD, VOLUME, VOLUME_BOX, Mask_Grad_X,Mask_Grad_Y,Mask_Grad_Z,Mask_Angle, Mask_Distance_Mean,Mask_Distance_COV, Mask_Distance_STD, SHAPET_XX, SHAPET_XY, SHAPET_XZ, SHAPET_YX, SHAPET_YY, SHAPET_YZ, SHAPET_ZX, SHAPET_ZY, SHAPET_ZZ, Thickness, Thickness_STD, Neighbors, Neighbors_STD
1, 0 ,1.0,1.0,1.0,79.22529330489165,138.2140034905706,39.68000072720221,15.42320787002781,15.474884270980501,16.06304531593417,87.0,80.0,79.0,0.0928546240374958,-0.46919334306911237,0.8782002195481879,16.297697416649985,0.9929091196654349,-0.022118145866537573,-0.11680011861568158,15.416389992731945,0.07422599868015271,0.8828184379831769,0.463812577100791,15.234460526431407,90.09011869813062,84.7416823609903,89.13452699151895,26.103355352090794,7.3473565577476485,165016.0,680487.5830893714, 0.0, 0.0,0.0,NaN, 164.17752683558228,164.17752683558228,0.0, 237.87534100208777, -1.583088959670241, 2.0871952596403345, -1.583088959670241, 239.47204320023974, -13.799901498523559, 2.0871952596403345, -13.799901498523559, 258.02142482175464, 7.062765070999227, 5.520362136648217, 53.0, 0.0
2, 0 ,1.0,1.0,1.0,58.833595519407346,261.75443763876336,12.83617275273064,14.532580393972633,18.765033631196967,8.15088378246786,83.0,90.0,33.0,-0.2625420446747237,-0.9644983505538263,-0.028541313161172897,19.075719339669543,0.9604705982499302,-0.2583794754152425,-0.10361600543142373,14.18265270313708,0.09256297680733848,-0.054616650053743686,0.9942077835450047,8.045407416587711,93.73943973780774,75.18111284941827,37.61752597081347,23.679342523544996,8.309514075755539,89631.0,265107.0840881723, 7.105427357601002E-15, 0.0,0.0,74.77904829665978, 71.33640257965364,71.33640257965364,0.0, 211.19589290727777, 41.89775231094325, -11.33478911752652, 41.89775231094325, 352.1264871799533, 11.887384524188828, -11.33478911752652, 11.887384524188828, 66.43690643529756, 7.73142034525837, 5.515033183916725, 22.0, 0.0
3, 0 ,1.0,1.0,1.0,77.83169786959328,14.781052291801162,258.2991392296105,15.324023925004218,9.179286635245479,16.46170093610799,69.0,39.0,83.0,-0.5781286265874284,0.10489248299124464,0.809175418640523,17.525750674795685,0.8022985151770503,-0.10754148490718547,0.5871557898621612,14.23271693151103,-0.14860815477232295,-0.9886518072789272,0.0219822723865458,8.963840813420015,94.83782907856755,72.98652719287469,40.56580881694499,23.05114197624773,7.662732129379991,92940.0,280791.81451703445, 0.0, 0.0,0.0,NaN, 89.52773028010942,89.52773028010942,0.0, 234.82570925410167, -24.298717237482194, -48.52484252389239, -24.298717237482194, 84.25930313199625, 11.532700496915984, -48.52484252389239, 11.532700496915984, 270.98759770985873, 7.054044151278255, 5.261598316319879, 31.0, 0.0
4, 0 ,1.0,1.0,1.0,153.99519723646088,176.54809449520837,14.222353465567194,15.768734433214487,15.347882362920663,8.86307019944277,78.0,67.0,38.0,-0.752321094487467,-0.6575687223461597,0.04020380804374701,17.16401680188262,0.6522234999363967,-0.7520257722019241,-0.09519319342692263,13.819907650026721,0.09283036636734919,-0.04539397907363585,0.9946466255630521,8.78471239033868,81.73910345094959,68.16120314875243,40.990028574079176,22.606201330004826,7.191950600416239,89740.0,228373.3058984875, 0.0, 0.0,0.0,NaN, 191.72910770376913,191.72910770376913,NaN, 248.65298562524418, 51.73757776607283, -13.64318214459936, 51.73757776607283, 235.55749302605113, 2.3998141569267415, -13.64318214459936, 2.3998141569267415, 78.55401336025052, 8.118032625620446, 5.551794241594467, 23.0, 0.0
5, 0 ,1.0,1.0,1.0,17.54372028645363,163.96854626787828,12.844637018314577,10.57941220679984,14.432764169139254,8.219035274645329,45.0,73.0,35.0,-0.05608149275923828,0.9981394171358763,0.023928437674634,14.446089766850875,-0.998355812280006,-0.05634599608788724,0.010526196444765564,10.565267971828977,-0.01185488323964021,0.023298770021551257,-0.9996582561349943,8.213816906942276,73.15131870301457,48.31358250045422,35.900389963684866,18.659063456810806,6.294484566981283,49851.0,126879.23974572732, 0.0, 2.8421709430404007E-14,-1.7763568394002505E-15,16.099335776368438, 137.7582056579424,137.7582056579424,0.0, 111.92396264138547, -5.421204120094593, -0.6535653523784272, -5.421204120094593, 208.3046815619899, 3.346761165166591, -0.6535653523784272, 3.346761165166591, 67.5525408458642, 7.464191649307978, 5.206735785454792, 16.0, 0.0
6, 0 ,1.0,1.0,1.0,171.646978732205,98.87813243252559,10.867446830512565,13.205243041551785,15.622555456317816,6.992352827363489,63.0,74.0,28.0,0.12677406138848235,0.9873735924004923,0.09498276890686949,15.723609928719293,0.9907117271808282,-0.12128883608212324,-0.06147594544392068,13.171953908180715,0.04917937561060915,-0.10189409831776473,0.9935788754510434,6.8266684323144435,76.61336401382412,66.07346055252448,30.420890371331268,20.463559795778995,6.969820752287339,58022.0,153993.8959422883, 0.0, 0.0,0.0,NaN, 162.38683611219574,162.38683611219574,0.0, 174.37844378645184, 9.865116449198974, -5.31281387354125, 9.865116449198974, 244.06423898572558, 19.76182683358991, -5.31281387354125, 19.76182683358991, 48.89299806233819, 6.421635255414276, 4.801772221432529, 24.0, 0.0
7, 0 ,1.0,1.0,1.0,280.4545588148845,206.13339407834147,209.11480806536946,12.769645967251595,14.22481883772255,15.055924422593646,51.0,77.0,76.0,0.4277240034365788,0.10724129255148213,-0.8975251985632895,15.645908850592422,-0.08041273225799153,-0.9844858404301456,-0.15595327019127994,14.247697169234451,0.900325479687757,-0.13887741056211134,0.4124646596504634,12.012445667996394,84.15363267790036,73.85096483892954,61.439464210019594,23.210425649200364,7.30522624541447,102066.0,381835.6390696772, 0.0, 0.0,0.0,NaN, 132.11011350902467,132.11011350902467,0.0, 163.06385812894493, 9.25654166652317, -37.8434593321214, 9.25654166652317, 202.3454709660263, -0.6607500226322705, -37.8434593321214, -0.6607500226322705, 226.68086021885185, 7.017192901866479, 5.0283949561898895, 32.0, 0.0
8, 0 ,1.0,1.0,1.0,189.90175297554853,113.90912566913077,234.31583952626522,13.215306690865349,13.140977690824606,13.52399031289156,64.0,69.0,68.0,0.6285808189811565,-0.26536215427062654,0.7310739231362529,14.094953609720887,0.15046862036896483,-0.8807402431150944,-0.4490610408862302,13.15904833066011,0.7630500300067089,0.3922748414548358,-0.5136877460757112,12.585693042448343,67.6376770012628,67.89611710936575,61.85212471510863,22.186358256059698,6.163882455188251,101998.0,284045.71665747097, 0.0, 0.0,0.0,NaN, 171.49729398944552,171.49729398944552,0.0, 174.64433093363047, -8.672941152469901, 17.507353358818193, -8.672941152469901, 172.68529467075, -1.973955209230042, 17.507353358818193, -1.973955209230042, 182.89831398318472, 6.470056762381026, 4.812030477680966, 36.0, 0.0
9, 0 ,1.0,1.0,1.0,121.75394592195899,186.52979738384113,114.6708319465876,12.523625880494146,12.7019267429534,14.700846205478905,63.0,67.0,78.0,-0.007182122567264418,-0.21781252491967115,0.9759642007284623,14.798225038918847,-0.29819068884002164,-0.9311191784753555,-0.2099985441961264,12.595476553025337,-0.9544792979444565,0.29253167258178503,0.05826225477924057,12.516450512616794,77.40335431606903,65.97158623867517,66.04348765543536,22.20483149567018,6.42187555033742,99153.0,337245.9225753136, -1.4210854715202004E-14, 0.0,-1.4210854715202004E-14,57.88185620324864, 202.11113261926465,202.11113261926465,3.814697265625E-6, 156.84120519458276, 0.6484974410615145, -0.3126048934383556, 0.6484974410615145, 161.3389429833548, -12.861037719344782, -0.3126048934383556, -12.861037719344782, 216.11487915714352, 6.2962986187953005, 4.665765026203034, 35.0, 0.0
10, 0 ,1.0,1.0,1.0,260.1724866939896,141.07546872392115,126.26788197986018,14.335406503810132,13.306545534888867,13.439917093827713,74.0,68.0,64.0,-0.8973085291419103,-0.2809876084481068,0.3404164617461903,14.548166872277523,-0.44086142806424844,0.5322808794836017,-0.72271589617312,13.42125180137667,-0.021877037604157275,0.7985756252445836,0.6014967713885829,13.092755475106278,78.95285341648398,70.14338029199637,66.25293125246276,22.79862768755043,6.589535701016633,107846.0,366910.0598142368, 0.0, 0.0,0.0,NaN, 193.4737623335381,193.4737623335381,0.0, 205.50387962948182, 8.099170398509107, -9.51318677177997, 8.099170398509107, 177.06415407207086, -7.198545068283334, -9.51318677177997, -7.198545068283334, 180.63137148896234, 6.082600410844939, 4.617176997197901, 38.0, 0.0
11, 0 ,1.0,1.0,1.0,22.789003916013996,133.1091693051158,191.7070488251958,13.091734882319969,13.15677901707489,13.121049912791555,58.0,64.0,63.0,0.4708819585857031,-0.6399243215301968,0.6072619235491462,13.809791669711053,-0.8801343753992042,-0.29373370419498107,0.37293966302948744,12.880902133334539,-0.060279866615184995,-0.7100826527482644,-0.701533294966706,12.650230093468647,83.96028792598663,69.127180647049,67.19838233736309,21.860320896610173,6.227573961367539,96016.0,390015.24415723415, 0.0, 0.0,0.0,NaN, 173.1033013166722,173.1033013166722,0.0, 171.39352222895346, -7.722841391514604, 6.84039224868346, -7.722841391514604, 173.10083410414208, -12.56823118840292, 6.84039224868346, -12.56823118840292, 172.16195081396728, 6.431034267070683, 4.684609899417826, 35.0, 0.0
12, 0 ,1.0,1.0,1.0,47.16451119836715,248.57277794557785,213.65341351126244,13.295590248693047,14.55102579749085,13.254501255820214,63.0,71.0,65.0,0.04166106305652484,-0.8657904219724986,-0.4986695308976501,15.090805961435697,-0.8032211729488072,-0.3258580994698845,0.4986504249838925,14.040390654727148,-0.5942222674654174,0.3797676187230252,-0.7089967930940877,11.803469026429173,71.25716484045807,67.47159431209934,64.57617629408759,22.8494421249633,6.4876706096222145,109257.0,310471.5694236661, 0.0, -2.8421709430404007E-14,0.0,30.026915982800993, 111.01794126659338,111.01794126659338,0.0, 176.77272006114165, 11.942199485672985, -24.99145550812656, 11.942199485672985, 211.7323517592442, 28.777042958027412, -24.99145550812656, 28.777042958027412, 175.68180354053962, 6.99299754020331, 4.915959774752348, 42.0, 0.0
13, 0 ,1.0,1.0,1.0,263.44982806158805,281.1683653975237,26.40730299369043,15.28517179010246,11.059094523411469,13.880438585684233,74.0,51.0,63.0,0.938564062979518,0.016189254024259588,0.34472511909856224,15.497205786178855,0.34048626581261854,0.11943994751530568,-0.9326324043965664,13.678784651522095,0.05627257303837163,-0.9927094272704774,-0.10658982377301361,11.015175302270656,79.3365108718719,70.08105613246659,53.51206135496946,22.41489336455143,6.79552640473083,96837.0,297526.33720992634, 0.0, 0.0,0.0,NaN, 48.86605347200888,48.86605347200888,0.0, 233.63647665294403, 4.480487863976173, 17.56004297525583, 4.480487863976173, 122.30357167774956, -6.663751128278487, 17.56004297525583, -6.663751128278487, 192.6665753309517, 6.375797350853917, 4.760304095483005, 23.0, 0.0
14, 0 ,1.0,1.0,1.0,135.5856173235432,21.208770905331278,249.48858403775645,15.039049052548833,12.695767145539406,13.588207436974502,73.0,55.0,70.0,0.9095533450561823,0.17910716387737238,0.37501111496182765,15.454326842465175,0.28048815691731405,0.4012820689769503,-0.8719513145507072,13.361294800784568,0.30665796308955895,-0.8982724113348813,-0.31475000986239926,12.435210664148977,80.38470321208251,72.20920933603571,62.62364322336087,22.887830088188355,6.93845191834463,104459.0,363499.93040470756, 0.0, 0.0,-2.8421709430404007E-14,67.97500018895336, 146.23499831036318,146.23499831036318,0.0, 226.17299640496998, 16.406004819193996, 22.87783578876228, 16.406004819193996, 161.1825034137578, -2.7033864070622906, 22.87783578876228, -2.7033864070622906, 184.63938135024915, 6.866909876374644, 4.686515912757371, 30.0, 0.0
15, 0 ,1.0,1.0,1.0,237.05121835550236,241.5198166256408,9.804792123032453,14.125428828522761,11.577521228002828,6.692713059797506,68.0,54.0,28.0,-0.9949942049033149,0.020072190376359295,-0.09789606418194713,14.179497391120027,0.022438707650484564,0.9994805516832223,-0.023132903103118108,11.578849587728905,-0.09738088420114498,0.025213765694504203,0.9949277508501339,6.575046877039946,68.75899971750303,53.369575661594126,30.6237522614378,18.437507213546237,6.198183058424541,44281.0,112378.1045341757, 0.0, 2.8421709430404007E-14,0.0,88.8498709672442, 86.47898534673728,86.47898534673728,0.0, 199.5277395896619, -1.1148335427599296, 15.326138331676152, -1.1148335427599296, 134.03899778485612, -2.41039509243151, 15.326138331676152, -2.41039509243151, 44.792408100784094, 6.1594675050682905, 4.591991618506898, 15.0, 0.0
16, 0 ,1.0,1.0,1.0,144.40790170405313,151.83729662077596,58.68288485607009,12.281107987794934,11.701259319121302,13.459529450443066,61.0,59.0,67.0,0.35678025165207294,0.11684636919409673,0.9268520799120211,13.624796123239465,-0.7458408634387947,-0.5617919899791664,0.35792620247771856,12.514115118082772,-0.5625204515890566,0.8189851561544964,0.11328749067147259,11.254593262312007,69.72872216977336,65.48448858886783,60.1520795269832,20.83540509471961,5.898297265101756,83096.0,274663.40056279185, 0.0, 0.0,0.0,NaN, 215.05699180040202,215.05699180040202,0.0, 150.82561340788055, 15.002248375839969, 11.508166672324917, 15.002248375839969, 136.91946965332312, 0.3665471653758151, 11.508166672324917, 0.3665471653758151, 181.15893302734423, 5.723399843934888, 4.494283640721487, 31.0, 0.0
17, 0 ,1.0,1.0,1.0,34.229055930866565,10.959380679674908,72.12168649909125,15.155242429539511,7.484053406839547,13.35974007083169,75.0,31.0,63.0,0.9755933709163576,-3.664956771243233E-4,0.21958469961492666,15.245140103131488,0.21942802208935003,-0.036178993925498115,-0.9749576521677723,13.262989653088102,0.008301671278399586,0.9993452586966415,-0.035215567218603416,7.473546143076738,78.0018321929637,65.73618048196928,32.01809009720894,20.350565025193216,7.073159577574058,58322.0,164174.1183493612, 0.0, 0.0,0.0,NaN, 80.58085354644504,80.58085354644504,0.0, 229.68137309811465, -1.0161922859260182, 12.140416824844888, -1.0161922859260182, 56.011055396426634, 4.220418972537481, 12.140416824844888, 4.220418972537481, 178.4826547601859, 6.29197340698161, 4.536319279804705, 26.0, 0.0
18, 0 ,1.0,1.0,1.0,218.74644315171173,29.61384271612155,269.65710945381517,12.584615729710846,13.930767827417577,14.413554113857193,68.0,64.0,65.0,-0.2852721478959617,-0.558989641195125,0.778556602098634,15.069463852445661,-0.05178432931637985,-0.8021351143381048,-0.5948929664931746,13.449885174156623,-0.9570465949325967,0.21002342579422548,-0.19987990330591046,12.336986484584614,76.20610128965698,75.77235141874311,61.645934854740744,22.73065794477779,6.595951555039819,106063.0,355963.07635293936, 0.0, 0.0,0.0,NaN, 91.65048383729871,91.65048383729871,0.0, 158.37255306448563, 13.13393994290801, -15.748473600204585, 13.13393994290801, 194.06629226141266, -18.897096707618164, -15.748473600204585, -18.897096707618164, 207.75054219308961, 6.223899891932051, 4.6276549782733545, 36.0, 0.0
19, 0 ,1.0,1.0,1.0,161.60410088588338,256.5702890306416,281.5027164533984,14.950847751809293,12.687104169797108,10.068787010716765,72.0,67.0,43.0,-0.9567233354106105,0.2907828331729577,0.011216212047927802,15.164351216651342,0.2877625765532398,0.9511122079078148,-0.11215287559470898,12.459350498311103,-0.043280007119190604,-0.10407166713678201,-0.9936276611906163,10.033841234468602,75.57208531254199,64.45054495845483,45.25873274827603,21.08329102318001,6.43162282881528,78227.0,220439.99347821783, 0.0, 0.0,0.0,NaN, 146.22487539775895,146.22487539775895,0.0, 223.52784849778098, -21.033340773914794, -3.14802908763283, -21.033340773914794, 160.96261221528317, -5.3979979600267, -3.14802908763283, -5.3979979600267, 101.38047186717863, 6.6724063748511915, 4.8810728489357995, 31.0, 0.0
20, 0 ,1.0,1.0,1.0,40.70140146445162,85.50386780568459,38.1745531847886,12.416199106024143,12.422042742381457,15.672401369250768,59.0,60.0,78.0,0.09129446102798246,-0.01065070287135664,0.9957669827394138,15.697559531741868,0.6094057249858499,0.7914399990336916,-0.04740664809940673,12.475814878652866,-0.7875849057340296,0.6111540644206631,0.0787446874526958,12.330205946126107,79.54440552377648,61.613723283767115,63.25199870071622,22.566429572049522,6.696981945834904,101608.0,309999.75284879934, 0.0, 0.0,0.0,NaN, 102.10196864782141,102.10196864782141,0.0, 154.1620002404347, 1.6503164044609622, 8.475493500772489, 1.6503164044609622, 154.30714589355182, -1.1364715317851526, 8.475493500772489, -1.1364715317851526, 245.62416467889335, 5.950314317049051, 4.405493022027242, 34.0, 0.0
21, 0 ,1.0,1.0,1.0,190.72860790998536,281.8302632772902,59.85406323321624,14.156623664772301,10.280275305021675,12.786093706240017,67.0,44.0,68.0,0.9781825624340373,0.16079750035158502,-0.13154101425282566,14.271365007660513,-0.13442143649056765,0.007120064634428658,-0.9908986739780276,12.760338486760581,-0.15839744935380856,0.9869617361176085,0.02857935405015401,10.15283944122037,68.84172480202528,66.80070369673703,48.551698783810764,20.752983187040208,6.23633987497564,77143.0,223273.51547169813, 0.0, 0.0,0.0,NaN, 125.90824177705029,125.90824177705029,0.0, 200.40999358599115, 15.764818479621503, -4.9851876664037515, 15.764818479621503, 105.6840603470385, -2.5491865240435487, -4.9851876664037515, -2.5491865240435487, 163.4841922647506, 6.130192574230616, 4.68458953750224, 34.0, 0.0
22, 0 ,1.0,1.0,1.0,281.1078656756414,105.373284628295,169.03872896774467,10.751184065360816,12.111423937260666,12.909581225757783,45.0,63.0,66.0,0.12061303191622813,-0.45203331439910555,0.8838090173817724,13.148431584160546,0.31825162235165005,-0.8257082069811286,-0.4657487109961256,12.03101635016835,-0.9403022925647464,-0.3374490177750847,-0.04426916534240244,10.550129310979463,67.3628976621944,59.229195252296535,52.28275582685052,19.89729554129505,5.747126774496718,70903.0,208600.36475403016, 0.0, 0.0,0.0,NaN, 169.14874035318476,169.14874035318476,0.0, 115.58795880726832, -12.144688953037367, 1.607263456478396, -12.144688953037367, 146.68658978805064, -11.74015259705927, 1.607263456478396, -11.74015259705927, 166.6572874244378, 6.191163564022392, 4.627288578000588, 22.0, 0.0
23, 0 ,1.0,1.0,1.0,277.7715111915589,207.4098494547702,11.303253719482584,12.804245307776636,12.168548807832092,7.136623260262202,49.0,66.0,28.0,-0.9256057614653908,0.3774667148880968,-0.027800242690717465,12.92796210049234,0.3781933320797492,0.9252873157646173,-0.028516431325226438,12.04394809967833,-0.014959208284233633,0.03690883954688986,0.9992066651353017,7.124940676926084,64.06121660006468,61.59684869047828,29.918854024802673,18.109073978948842,5.9173566036010605,45302.0,118058.87246731795, 0.0, 0.0,0.0,NaN, 95.88954707027406,95.88954707027406,0.0, 163.94869790172, -7.660801913683034, 1.9774619056634135, -7.660801913683034, 148.07358008859183, -3.709096989308009, 1.9774619056634135, -3.709096989308009, 50.93139155891551, 6.499827344600931, 4.68834347126393, 14.0, 0.0
24, 0 ,1.0,1.0,1.0,51.972760916193415,188.8850868516687,49.33099209833187,14.446667303004514,10.970275186389825,13.530948766623583,74.0,55.0,74.0,-0.8267182818442401,0.06316480253534701,0.5590591115304158,15.131338154462131,0.5566047114922441,0.2366939444181292,0.7963461381964649,12.88481425674445,0.08202485970206316,-0.9695288466035749,0.23083703774394318,10.824226327009505,77.31281738832152,65.66864252974409,57.89371047936555,21.689860294491346,6.456753732278498,89981.0,293927.97569866915, 0.0, 0.0,7.105427357601002E-15,56.009246018064374, 132.21663504498477,132.21663504498477,0.0, 208.7061961636997, 0.59854133509786, -30.01443347336667, 0.59854133509786, 120.34693766512032, 13.156360323809917, -30.01443347336667, 13.156360323809917, 183.08657452499224, 5.957298770630874, 4.289237520450344, 32.0, 0.0
25, 0 ,1.0,1.0,1.0,91.0669024210986,268.33245635525066,39.337462586410744,11.326655193815743,14.714802521642962,13.566843751900254,61.0,61.0,67.0,-0.04784274349672819,-0.8548356544247392,0.5166885675326425,15.308506124257134,0.27787506091905173,-0.5082517784685024,-0.8151475818542538,13.038260399835734,-0.9594250999499333,-0.10457597050867931,-0.26185366901807633,11.15935421557517,75.96010238611998,69.42467182116792,58.66396743008352,22.055007108207192,6.515707327373049,93883.0,309364.7361018743, 0.0, 0.0,0.0,NaN, 104.13188752636373,104.13188752636373,0.0, 128.29311787959315, -1.929701419504415, -13.012958709300266, -1.929701419504415, 216.52541325095007, -29.66917207851319, -13.012958709300266, -29.66917207851319, 184.059249388475, 5.83526055958738, 4.259487592994913, 34.0, 0.0
26, 0 ,1.0,1.0,1.0,68.66363269515311,62.38103618347308,161.40085414518225,13.544628444996668,12.753737051605524,12.010277313234688,65.0,62.0,58.0,-0.9398352967996035,0.2308022856159183,-0.25187282474310213,13.755041939945103,0.11878809465400991,0.9120468643597974,0.3925046570168708,12.827972787973177,0.3203107919787767,0.33897023787632063,-0.8845903992108434,11.687748500745515,67.04124889976342,63.26913465850521,65.51450339346593,21.315542197869384,6.000765821658477,89212.0,277889.05638256343, 0.0, 0.0,0.0,NaN, 166.7807283888151,166.7807283888151,0.0, 183.45695971301285, -8.380810498658752, 13.754201578135534, -8.380810498658752, 162.6578087814956, 6.9491858162894165, 13.754201578135534, 6.9491858162894165, 144.24676114079986, 6.250382812153955, 4.387267964484464, 37.0, 0.0
27, 0 ,1.0,1.0,1.0,124.01779560953275,169.09129135641822,274.36686426178943,13.08148280451,11.55745440084824,13.181860424568889,68.0,57.0,61.0,-0.7366352831186174,0.3053410644586091,0.6034362385704376,13.310537900528972,0.6056542567045151,-0.09917120011964915,0.7895239036296052,13.140646882862155,0.3009175651244971,0.9470648908190566,-0.11187811035869345,11.340827533460665,76.09859500509,71.23029564093878,61.06006336230968,20.986839458590115,6.1655460735052685,82998.0,330977.6256066449, -1.4210854715202004E-14, 0.0,0.0,42.554423399092165, 182.138851633449,182.138851633449,0.0, 171.12519236469078, -13.56799967870833, -0.514155262953959, -13.56799967870833, 133.57475222768633, 5.496653768626013, -0.514155262953959, 5.496653768626013, 173.76144425281547, 5.68123131742852, 4.221302777512682, 30.0, 0.0
28, 0 ,1.0,1.0,1.0,276.92112991485493,208.01802201516975,287.0042678160191,13.363357981591236,12.40642107620385,7.644196201193694,55.0,61.0,35.0,0.9791430449011991,0.10872938497064082,-0.17162988803094464,13.50153031634829,0.1255113863929835,-0.9879889943266146,0.09013677925905704,12.442340305499176,0.15976792390001074,0.10979830569453669,0.9810293280831563,7.336838751496183,60.44400337587297,61.499999594037234,40.566301243223336,18.747942680245206,6.28068477833641,47331.0,150797.36243604586, 0.0, 0.0,0.0,NaN, 95.71942108792007,95.71942108792007,0.0, 178.5793365441582, 1.1540486400589143, -20.44565017098287, 1.1540486400589143, 153.91928392007512, -11.39018065215344, -20.44565017098287, -11.39018065215344, 58.433735562344104, 5.657069067704312, 4.383231553782173, 20.0, 0.0
29, 0 ,1.0,1.0,1.0,12.968971599929441,249.9990827306403,81.17433409772447,8.242886808825087,11.8628235395391,13.742600155166034,33.0,58.0,60.0,-0.06416912911795442,0.04511020691043699,0.9969189496146317,13.762733251669871,-0.10860309709334416,0.9927288672154589,-0.05191111151618743,11.898042140502955,-0.9920119405380042,-0.1115995762967309,-0.05880343867847429,8.158099715271414,59.02786617154595,58.31431173980721,36.18523587275607,19.044615953892624,5.9019850446119415,56690.0,124555.71126446781, 0.0, -2.8421709430404007E-14,0.0,87.41449813874533, 96.2162068902434,96.2162068902434,0.0, 67.94518294310264, -8.442593287648378, -7.436538125279651, -8.442593287648378, 140.726582330243, 1.659606021751303, -7.436538125279651, 1.659606021751303, 188.85905902476952, 7.816637155279047, 4.969728201433419, 25.0, 0.0
30, 0 ,1.0,1.0,1.0,32.57270296288373,288.8735479730452,207.1040966948337,13.180301109628191,6.808565421520755,13.35272925085219,77.0,27.0,86.0,0.6525662060882734,-0.049072236966697866,0.756141033293817,13.96950762623604,0.7570660822808436,0.0840425892443272,-0.647910325780539,12.570862476930477,0.03175364123202018,-0.9952531129075626,-0.09199427980214087,6.722986847584367,69.92771093171731,78.78783460793773,31.99176007619201,18.85228271637565,6.554671255522411,46745.0,176257.0960764818, 0.0, 0.0,0.0,NaN, 99.06779377728763,99.06779377728763,0.0, 173.7203373404661, 2.3769867839042935, 18.64606326628751, 2.3769867839042935, 46.356563099128095, -11.707641126042997, 18.64606326628751, -11.707641126042997, 178.29537844656372, 5.7896058761393885, 4.448233000661716, 23.0, 0.0
31, 0 ,1.0,1.0,1.0,60.32394574416971,44.397383301918175,34.645883381996036,11.9841242502267,12.025878312987729,14.391376519466831,62.0,60.0,68.0,-0.3734338351293232,-0.42788327094984735,0.8230814523617124,15.48126591726381,-0.6619567067830266,-0.49868635556869534,-0.5595759440099116,11.806824994481058,-0.64989267508226,0.7538088784372823,0.09701384263882709,10.783412749096867,81.12935344835954,59.82787270867431,54.26778851530895,21.287392905506564,6.496122278354534,81171.0,263404.80906989635, 0.0, 0.0,0.0,NaN, 82.52541008393622,82.52541008393622,NaN, 143.61923404487166, 27.347449287012186, -29.361539263155393, 27.347449287012186, 144.6217491987886, -37.00353099468608, -29.361539263155393, -37.00353099468608, 207.11171812506123, 6.28820358161157, 4.346045191076929, 27.0, 0.0
32, 0 ,1.0,1.0,1.0,135.43162222191566,142.7642335867121,174.92975292121346,12.342114666441867,11.423569842017368,11.854867933341902,58.0,52.0,55.0,-0.8721351061248359,0.4427477373786346,0.20821814933074728,12.625332017575833,-0.3027602866714081,-0.15406534447781572,-0.9405318061849789,11.876392427617612,-0.384339128217865,-0.8833109931824872,0.26841222744819165,11.086745710226598,66.19447566472864,54.461166224136065,59.1033448566516,19.817265973146835,5.535305361201661,72487.0,213069.23333274224, 0.0, 0.0,0.0,NaN, 233.1650003615673,233.1650003615673,0.0, 152.32779443959944, -13.241623687384827, -1.4617128539738662, -13.241623687384827, 130.4979479354487, 5.990804936382634, -1.4617128539738662, 5.990804936382634, 140.53789371697812, 5.607866481180274, 4.1047128255694245, 31.0, 0.0
33, 0 ,1.0,1.0,1.0,238.8645184723952,95.2368591739311,185.34840701535907,13.271668368571993,11.366931966687003,11.935133725054168,66.0,56.0,59.0,0.9111521056611632,-0.3769869712743057,0.1663810801703583,13.663524655029486,0.19507049505629764,0.038947868877624095,-0.9800155945026502,11.893458638789264,-0.362972922278949,-0.9253993121886995,-0.10902646785511505,10.938257460143332,72.78458442378044,59.96669552127564,56.146059283536715,20.34304904760775,5.8268427215873215,77088.0,245057.95451568667, 2.8421709430404007E-14, -1.4210854715202004E-14,2.8421709430404007E-14,37.551007795993314, 161.09808881809573,161.09808881809573,0.0, 176.13718128535436, -22.86424920593942, 5.9948858819584085, -22.86424920593942, 129.20714233529088, -5.037821239277721, 5.9948858819584085, -5.037821239277721, 142.44741703492537, 5.826253831379221, 4.273717988730369, 30.0, 0.0
34, 0 ,1.0,1.0,1.0,273.53243729859287,65.51114118281173,239.43872062753013,13.749837805190037,13.034298798757536,11.799922028697937,58.0,71.0,57.0,-0.954508852991573,0.29295322699497756,-0.05559906792331019,13.84412147529113,-0.25774087702342224,-0.9043437581818332,-0.34019407306529476,13.105132747911094,-0.14994162154621668,-0.31038810194784716,0.9387101449847571,11.609691682585176,64.41900313432373,62.94448495636581,58.99557934792426,21.40261594255741,6.333812086187739,87199.0,239216.51249510472, 0.0, 0.0,0.0,NaN, 93.05863771653631,93.05863771653631,0.0, 189.05803966903318, -7.288916877895379, 6.259017634434228, -7.288916877895379, 169.89294517529217, 10.444326000416925, 6.259017634434228, 10.444326000416925, 139.23815988335082, 5.5393612577881175, 4.204556176202721, 33.0, 0.0
35, 0 ,1.0,1.0,1.0,131.38718788272638,276.1532780124472,59.007073408483095,12.906682213583014,12.12711725827087,12.183641725786796,64.0,53.0,69.0,-0.8920034496498571,0.05365540895130349,0.44883286744959233,13.196277412530325,-0.25449020831455266,0.7610068628655164,-0.5967439053258947,12.75253107143867,-0.37358343068820693,-0.64652119204389,-0.6651659706820369,11.19472010298326,64.58878426878478,67.55513976087178,61.36926419900516,20.656151114961713,5.950963415820244,80018.0,267772.7773291926, 0.0, 0.0,7.105427357601002E-15,63.33117343520174, 145.9900476111868,145.9900476111868,0.0, 166.58244576242015, -9.561434419525888, -13.880203808413315, -9.561434419525888, 147.06697299585116, -15.765612179197914, -13.880203808413315, -15.765612179197914, 148.44112570233304, 6.2365091396893515, 4.290518472969047, 23.0, 0.0
36, 0 ,1.0,1.0,1.0,36.087473356287916,176.41882744243787,209.14372379546998,12.211679734357961,13.156446128469744,12.811229891645318,66.0,63.0,66.0,0.2481598528027408,0.8211795669608772,0.513887931618236,13.53995492451977,-0.35711882791765803,-0.4155681427716229,0.8365221225168302,12.564275646445353,-0.900490327656905,0.39111026261054693,-0.19013135532328404,12.047962737515212,59.960995357340465,63.74133656580676,73.7492977304766,21.180092100412843,6.143981333009278,85386.0,281869.37238971493, 0.0, 2.8421709430404007E-14,0.0,34.796952162980546, 157.57371249576047,157.57371249576047,0.0, 149.12512193452892, 9.665750566046368, 1.072324818724762, 9.665750566046368, 173.0920747313265, 11.69289051631864, 1.072324818724762, 11.69289051631864, 164.1276113365865, 5.577113490021271, 4.2167912609866445, 41.0, 0.0
37, 0 ,1.0,1.0,1.0,200.54438114354872,175.43554624081236,193.56584113115093,12.542963356954058,10.70026040179924,11.719849981523236,64.0,53.0,56.0,0.9218158672834501,0.277733353997278,0.2704065289557252,12.781442760391785,-0.27699357016229675,-0.016032507132565182,0.9607380084100916,11.636459004067905,-0.27116428399257486,0.9605244103053636,-0.06215133380972136,10.507327388022636,64.53664043474873,56.41083755390372,51.38797098035968,19.45998716700281,5.521348158708768,67754.0,187081.2968685481, 2.8421709430404007E-14, 0.0,0.0,22.80699016537909, 191.66625534131956,191.66625534131956,0.0, 157.32592977389223, 13.670149547685492, 6.54759151811882, 13.670149547685492, 114.49557266631281, 3.592319689165828, 6.54759151811882, 3.592319689165828, 137.3548835894102, 5.930303706557617, 4.199057625176435, 34.0, 0.0
38, 0 ,1.0,1.0,1.0,162.88784130688447,9.677036172695448,223.9855309218203,14.115163081911723,6.5330601734355405,12.256154626759804,71.0,27.0,66.0,0.9152055399508222,-0.01800317159835526,0.4025850288519486,14.520851517986483,0.40218085722347235,0.1039761523994884,-0.909637025310201,11.819981689241812,0.025482890854785667,-0.9944168369172951,-0.10240008168495052,6.447087276617018,74.16750220942748,61.776190756515604,29.381899674972715,18.618979771841566,6.742820073936788,42850.0,134621.56966252075, 0.0, 0.0,0.0,NaN, 157.07192174227478,157.07192174227478,0.0, 199.23782882896364, 1.3149086545152227, 26.468668882386723, 1.3149086545152227, 42.680875229729615, -10.509783840675075, 26.468668882386723, -10.509783840675075, 150.21332623504574, 6.535248571404776, 4.296660620013283, 17.0, 0.0
39, 0 ,1.0,1.0,1.0,104.01560018820209,229.44068693759925,156.83669058401458,12.083166714109987,10.923796056466449,11.998428558174595,59.0,52.0,59.0,-0.8268611600631635,0.5409618649246238,0.15382094355539824,12.851976568941264,-0.17515888335043497,0.012199004605192298,-0.9844646006180571,11.990287878645754,-0.5344342687014267,-0.8409586464172392,0.0846673930959006,10.017695386088194,58.65095476445383,59.63107055853115,54.04550193601034,19.46923504927558,5.499401111569611,68012.0,189019.77732739123, 0.0, 0.0,0.0,NaN, 190.5087790766792,190.5087790766792,0.0, 146.00291784097556, -29.086360772228243, -0.758244555514288, -29.086360772228243, 119.32932028327195, 4.872312383342862, -0.758244555514288, 4.872312383342862, 143.9622878656197, 5.9386616484989725, 4.1448980120637655, 23.0, 0.0
40, 0 ,1.0,1.0,1.0,51.94457720089068,20.388556997773314,165.51756910878183,12.450753348665554,11.467590190348321,12.255350538185915,61.0,49.0,59.0,0.6879714186054086,0.15744147308184672,-0.7084543102669926,12.701980684129095,-0.657230684561749,0.549184662226017,-0.5161821713757562,12.485619399643827,-0.3078037596465589,-0.820736492017696,-0.48129871827995746,10.93112507677697,65.00561578778746,60.7979727580765,59.10473779688495,20.08455039745757,5.773329703810686,73652.0,233594.3155418696, 0.0, 0.0,0.0,NaN, 145.60033164605778,145.60033164605778,0.0, 155.0212589493065, -8.60560351837134, -8.048800886574044, -8.60560351837134, 131.50562477377304, -14.98703080371363, -8.048800886574044, -14.98703080371363, 150.1936168138138, 5.556782966944284, 4.065318874789574, 23.0, 0.0
41, 0 ,1.0,1.0,1.0,186.78798991187384,65.7948167903525,62.97720025510204,11.701288972569348,11.104614477700187,12.565555796944766,57.0,57.0,61.0,-0.5406296408825093,-0.13476880455698026,0.8303956651606099,13.037866671564618,0.5773488323745649,0.6584961174238015,0.48275375616716454,11.745479110109555,0.6118724680478574,-0.7404189575207148,0.27819390753386786,10.496836282067969,66.54591079197527,57.418877691043434,54.53784617448363,19.65618057123179,5.635635204229059,68992.0,208388.6473483781, 0.0, 0.0,0.0,NaN, 145.29984479221324,145.29984479221324,0.0, 136.92016361957303, 14.915885685187973, -19.106744142344336, 14.915885685187973, 123.31246269834858, 2.136135302806528, -19.106744142344336, 2.136135302806528, 157.89319248613222, 5.340037035510887, 3.9357308496951364, 32.0, 0.0
42, 0 ,1.0,1.0,1.0,92.13947935710972,158.6454007149289,106.56050972794499,11.278653581541748,11.559852990862613,13.196077158048064,57.0,56.0,61.0,-0.05221211261557851,0.1582113513853868,0.9860238656285293,13.224876211468183,0.664299250368024,-0.731727043416288,0.1525845335993773,12.481442013872249,-0.7456409331955292,-0.6629816756336993,0.06689466733030885,10.212293307069935,61.0631181814137,58.067428506201935,53.38236259314888,20.05999520914418,5.7071247010251165,73294.0,189282.0201825031, 0.0, 0.0,0.0,NaN, 199.56439719730002,199.56439719730002,0.0, 127.20802661242449, -25.614455910561873, 1.584685090883535, -25.614455910561873, 133.6302011703553, 5.265132859842476, 1.584685090883535, 5.265132859842476, 174.1364523611579, 6.204367657544916, 4.29649262962021, 28.0, 0.0
43, 0 ,1.0,1.0,1.0,84.07159767931941,207.9320316361839,190.71111168925773,13.81811836014115,12.347649434843019,10.371811669407318,65.0,60.0,52.0,-0.973539793335399,0.22850191470482317,0.0026731570657929993,13.899612469062152,0.22112375682161603,0.9449275599155662,-0.2412803155690671,12.369931095196788,-0.057658953871566596,-0.23430489002204702,-0.970451783217586,10.235472475478526,65.38472062632862,59.23003163612293,54.80971816258926,20.415935039502624,5.845418321141021,76874.0,212263.73701062426, 0.0, 2.8421709430404007E-14,0.0,76.79111076129888, 165.7968800767731,165.7968800767731,0.0, 190.94039501486995, -9.591017796986707, -2.8044326916470452, -9.591017796986707, 152.46444656577913, -10.946684723360788, -2.8044326916470452, -10.946684723360788, 107.57447730565383, 5.6578832056686315, 4.104266516842536, 21.0, 0.0
44, 0 ,1.0,1.0,1.0,24.725343950949604,11.770375355166742,265.5224128906834,13.030752039082028,7.501255179928077,13.946492638889804,50.0,33.0,71.0,-0.4568138909106229,0.0615922696514699,0.8874274400706116,14.33282753359568,-0.8826097814577496,-0.15586329078662925,-0.4435161871457077,12.731959198674879,-0.11100019255028923,0.9858564940722067,-0.12556245597094456,7.282942726709128,76.25548341982179,70.69073693736736,35.40114061347894,19.440622100421223,6.529639902293284,53496.0,190831.8422147648, 0.0, 0.0,0.0,NaN, 44.02940361139122,44.02940361139122,NaN, 169.80049870404045, 10.715569857437266, -19.084402336570804, 10.715569857437266, 56.26882927439781, 15.868556900499906, -19.084402336570804, 15.868556900499906, 194.50465692660748, 5.838742982738218, 4.204133480639403, 23.0, 0.0
45, 0 ,1.0,1.0,1.0,287.32737590743267,78.7272358772156,284.861480635295,8.068687495008927,10.275278414706309,8.631786104412228,37.0,50.0,36.0,0.11026410540079093,0.9608645741300839,-0.2541281118687516,10.380986999095445,-0.563554310552657,0.27105485130083756,0.7803433902095929,8.960891600651761,0.8186869768829129,0.05717112704936183,0.5713869933015827,7.558460583356045,49.40311704026003,49.55162356798114,38.92271971954989,14.923664939822512,4.740993620337868,27137.0,95282.99920132659, 0.0, 0.0,0.0,NaN, 81.1649421783433,81.1649421783433,0.0, 65.10371789211344, 1.825781643763746, -11.607008658435387, 1.825781643763746, 105.5813464997294, -7.463843473396034, -11.607008658435387, -7.463843473396034, 74.50773135232403, 6.68174025033316, 4.488722169972192, 9.0, 0.0
46, 0 ,1.0,1.0,1.0,121.58332683806745,236.90572214366043,78.33001146878375,11.790748646740258,12.526414207359204,14.20318102757595,61.0,62.0,66.0,0.14031601761837917,0.3270075777646239,0.9345466597683778,14.477313581765955,0.12854942677604422,-0.9419123364510817,0.3102840558533638,12.275606465326486,-0.9817262653485791,-0.07659761436086912,0.17420202466950388,11.72092296752609,67.4727781243738,58.94394480037357,59.901092314773976,21.45131050811209,6.124086489559939,89809.0,238233.3356444053, 0.0, 2.8421709430404007E-14,0.0,70.91275206894883, 157.79411890157726,157.79411890157726,0.0, 139.02175365060722, 1.7017673990125433, 10.00028236784018, 1.7017673990125433, 156.91105289433054, 18.178314056566908, 10.00028236784018, 18.178314056566908, 201.7303513020934, 6.027049806584275, 4.220177329063791, 38.0, 0.0
47, 0 ,1.0,1.0,1.0,23.592987677837968,188.0547770700637,121.869313649622,12.576018017529895,12.615540647697356,12.506141574013707,53.0,61.0,63.0,-0.5679011874012001,-0.5330674507621326,0.6271581413696771,13.841339278075468,0.6250746507633977,-0.775035549625061,-0.09274469144051187,12.196361880221138,0.5355090310361936,0.339350835795848,0.7733505595286886,11.548928779592881,71.57780383658657,64.05223484359392,59.29883463485447,20.935441073668997,5.9513846398224945,83995.0,271868.4523742236, 0.0, 0.0,0.0,NaN, 167.15409541446985,167.15409541446985,0.0, 158.15622917723655, 10.172589602884631, -21.62172479624253, 10.172589602884631, 159.15186583370422, -18.353874779473912, -21.62172479624253, -18.353874779473912, 156.40357706927404, 5.949246981807944, 4.286143284935866, 21.0, 0.0
48, 0 ,1.0,1.0,1.0,216.72197785938152,135.6531885987921,206.25902909487107,12.568422722280662,12.858041565577388,11.07471563770376,69.0,61.0,59.0,0.5760981057661988,0.7281662708011629,0.3713284995797189,14.171220559998082,0.8168678096917704,-0.5289856851786934,-0.23000244860739583,11.692330764477488,0.028947435498970372,0.43583027309212513,-0.8995632379296504,10.411998761909157,63.422643776946586,59.87425778394791,54.997034458833525,20.275678070516967,5.902600093589693,74343.0,208844.843458467, 2.8421709430404007E-14, 0.0,0.0,54.82343046452213, 184.72787059593642,184.72787059593642,0.0, 157.96524972594085, 26.53800297470406, 14.452091957035886, 26.53800297470406, 165.3292329021158, 28.4309692526944, 14.452091957035886, 28.4309692526944, 122.64932645600017, 5.71327998569948, 3.8861860823313785, 30.0, 0.0
49, 0 ,1.0,1.0,1.0,125.56550124176495,91.8138542301801,213.15290810939428,12.699380993446521,10.318688672595073,12.183137106227186,62.0,51.0,65.0,0.7515925152753179,0.12666846593488634,0.6473513657356605,13.6082947131864,-0.6160261414247001,0.4856692163286137,0.6201912651691787,11.631489367996233,0.23583995434089983,0.8649164769204325,-0.44305643420226876,9.782699697375778,67.13634294826079,58.04301487314089,52.749798361135205,19.599910727206325,5.6587934025995965,67243.0,205555.19018699162, 0.0, 0.0,0.0,NaN, 178.15413635543732,178.15413635543732,0.0, 161.27427761671075, -3.3256342066360776, 28.412526452302355, -3.3256342066360776, 106.47533592194186, 19.262554478611808, 28.412526452302355, 19.262554478611808, 148.42882974912973, 6.182160238850708, 4.207839975744771, 37.0, 0.0
