// Sample: .//bubblelabels.tif, Map: .//bubblelabels.tif, Thickness:(8.191250068658265):/gpfs/home/mader/Foam/NewValid/InSilicoTest/LatticeData_OldFoam/out_Step_03500.vtk/distmap.tif, Neighbors:(1.0):
//LACUNA_NUMBER, TRIANGLES, SCALE_X, SCALE_Y, SCALE_Z, POS_X, POS_Y, POS_Z , STD_X, STD_Y, STD_Z,PROJ_X, PROJ_Y, PROJ_Z, PCA1_X, PCA1_Y, PCA1_Z, PCA1_S, PCA2_X, PCA2_Y, PCA2_Z, PCA2_S, PCA3_X, PCA3_Y, PCA3_Z, PCA3_S,PROJ_PCA1, PROJ_PCA2, PROJ_PCA3,OBJ_RADIUS, OBJ_RADIUS_STD, VOLUME, VOLUME_BOX, Mask_Grad_X,Mask_Grad_Y,Mask_Grad_Z,Mask_Angle, Mask_Distance_Mean,Mask_Distance_COV, Mask_Distance_STD, SHAPET_XX, SHAPET_XY, SHAPET_XZ, SHAPET_YX, SHAPET_YY, SHAPET_YZ, SHAPET_ZX, SHAPET_ZY, SHAPET_ZZ, Thickness, Thickness_STD, Neighbors, Neighbors_STD
1, 0 ,1.0,1.0,1.0,79.94253311621569,138.20794789176455,39.86482694106642,15.726799951469795,15.637263576966209,16.45775675880476,85.0,83.0,80.0,0.10269343325737551,-0.42748442610287624,0.898170988289706,16.702600477879326,0.9932973685399393,0.09222698523960812,-0.06967439160297792,15.71700630473732,-0.053050885171172915,0.8993059816509106,0.43409026129302575,15.385475504976794,90.86711608226607,84.15359537017602,92.55892435352975,26.572215769394433,7.525380756190132,173178.0,707779.0754534907, 0.0, 0.0,0.0,NaN, 164.56442473551542,164.56442473551542,1.9073486328125E-6, 247.33223671355037, -0.9107652391248156, 3.184646766433876, -0.9107652391248156, 244.52401217551403, -16.29369866727697, 3.184646766433876, -16.29369866727697, 270.85775753198374, 6.823448495788515, 5.501531007367121, 54.0, 0.0
2, 0 ,1.0,1.0,1.0,59.43519105149324,262.24122299172,12.705874642256353,15.266940723125387,18.4438808969571,8.09834332046229,89.0,89.0,33.0,-0.34404658212355244,-0.938701581571358,-0.021709216580359396,18.89956433090535,0.9355733664048045,-0.3407569531142909,-0.09266701127287118,14.748491332885745,0.0795891035449135,-0.052192333342133884,0.995460463774037,8.007987114525337,93.11591829273141,78.09485312935885,37.24718914852597,23.869100039047932,8.312968750485988,91546.0,270856.8649669418, 0.0, 0.0,0.0,NaN, 71.552123846279,71.552123846279,0.0, 233.0794790434243, 45.74637533054304, -11.109530135095895, 45.74637533054304, 340.1767425411391, 10.815821229491954, -11.109530135095895, 10.815821229491954, 65.58316453607618, 7.615287912265207, 5.517249567769374, 22.0, 0.0
3, 0 ,1.0,1.0,1.0,76.69864934141009,14.740612870489523,259.35829593128483,15.211889660940242,9.171977368996231,16.86504137974596,76.0,39.0,78.0,-0.19808243534828268,0.062030761921657816,0.9782205954598953,16.94791673284236,0.9772487469164226,-0.06469669329654536,0.20198817917584894,15.165840284180618,-0.07581711849427883,-0.995975161563737,0.04780420579105039,9.095151650517417,83.65631686693001,81.7379445051265,40.84076378263883,23.261445778256864,7.672125973922641,95583.0,279264.8702125586, 0.0, 0.0,0.0,NaN, 88.04383333432982,88.04383333432982,NaN, 231.40158705662066, -11.824659059439782, -10.555398386692886, -11.824659059439782, 84.12516885737904, 10.484963131773743, -10.555398386692886, 10.484963131773743, 284.42962074054356, 6.887752178278828, 5.2550990329629865, 34.0, 0.0
4, 0 ,1.0,1.0,1.0,155.1668816005019,177.55063724977634,13.860060646195672,15.971552947579593,14.797937507085134,8.660105414794542,76.0,65.0,38.0,-0.8254329040867677,-0.5626917740496996,0.04514962090302324,16.961735514571448,-0.5597527703257791,0.8262199737879615,0.06354046762839824,13.684343363644794,0.07305721705280321,-0.02717576734191407,0.9969574317421371,8.608435331457478,79.73051507182416,64.0234211301985,39.919748886283664,22.322147317616643,7.126613708271478,86073.0,203775.16226718688, 0.0, 0.0,0.0,NaN, 190.164612650133,190.164612650133,0.0, 255.09050355733837, 46.87509029015155, -11.98488389067402, 46.87509029015155, 218.97895446359698, 0.5140569711008388, -11.98488389067402, 0.5140569711008388, 74.99742579535375, 8.35483848117043, 5.537936505684422, 23.0, 0.0
5, 0 ,1.0,1.0,1.0,17.339550615135092,164.42895288579453,12.554749001147197,10.60418179388023,14.860982915662895,8.123047382900982,45.0,79.0,36.0,-0.03584291307839392,0.9982915610207379,0.04614374038625041,14.87653964219114,0.9976851927720279,0.038414791906785394,-0.05611202978149931,10.604983039829202,0.05778876798735361,-0.04402570791636817,0.9973576065469028,8.09347184596267,79.37261446488704,48.038956660644075,37.56143157029002,18.896167673307165,6.497401848782779,50558.0,143220.8966876353, 0.0, -2.8421709430404007E-14,1.7763568394002505E-15,18.617604119204547, 137.2508307940566,137.2508307940566,0.0, 112.44867151766094, -3.7752053916379835, -2.88669203889973, -3.7752053916379835, 220.84881321962445, 7.076014842598974, -2.88669203889973, 7.076014842598974, 65.98389878485447, 7.391027439966426, 5.212306884326815, 16.0, 0.0
6, 0 ,1.0,1.0,1.0,280.41821258574197,208.24981448971096,209.13389318227064,12.385488846506396,15.236785881938507,15.03955863248612,51.0,83.0,78.0,0.2791742344871855,0.4965812255441535,-0.8218691095518552,15.502056538429269,-0.2148155044168076,0.8665047968324732,0.45058155324920546,15.158899382317415,-0.9359038657151952,-0.05075946713058022,-0.3485791597843638,11.901357671924739,88.96620806933342,78.00442601284183,59.56371026527262,23.61002480033742,7.369873185236292,110506.0,413357.7345245394, 0.0, 0.0,0.0,NaN, 130.60701477225734,130.60701477225734,0.0, 153.40033396693434, -2.729020837257694, -31.171835677869836, -2.729020837257694, 232.15964401204062, -5.853793053678345, -31.171835677869836, -5.853793053678345, 226.18832385998775, 6.7763257577351625, 4.950788721348085, 32.0, 0.0
7, 0 ,1.0,1.0,1.0,189.75276007883207,114.1780226929185,234.8844211009701,13.161736467488288,13.43807994299246,13.672531153333098,64.0,71.0,73.0,0.5993217821650608,-0.2070027555897182,0.7732808419977565,14.354706089831668,-0.021181611541998494,-0.969749920856903,-0.2431798312576806,13.411925318350988,0.8002279305016665,0.1293636354478858,-0.5855769027794103,12.442430625173559,69.64808733172589,68.4171561539302,72.66172817060922,22.397673424731494,6.252650053523589,104526.0,346242.1496408503, 0.0, 0.0,0.0,NaN, 171.55498649603854,171.55498649603854,0.0, 173.23130683961108, -5.842463688909051, 23.87761030281825, -5.842463688909051, 180.58199255425623, -2.291538065618595, 23.87761030281825, -2.291538065618595, 186.93810813886412, 6.338858730154265, 4.820918988156297, 37.0, 0.0
8, 0 ,1.0,1.0,1.0,122.13314678001879,186.8732534833506,115.34716345362472,12.894107418723069,13.327025257588781,14.366266744097038,66.0,72.0,77.0,0.0015447073875940222,-0.43084681066557856,0.9024237583410499,14.65889609736087,0.4392183770617778,-0.8104281751314759,-0.38767691471673166,13.03893687088112,-0.8983790019420004,-0.39695994595470857,-0.18798396255353855,12.859242551117935,73.98254044997799,70.51264500884653,68.27614873919691,22.529264243121645,6.5337187855075785,103277.0,356176.49999018764, 0.0, 0.0,0.0,NaN, 202.5318109251707,202.5318109251707,NaN, 166.2580061255693, -1.6894866102767279, -0.7233831797088458, -1.6894866102767279, 177.60960221640931, -17.792767318880703, -0.7233831797088458, -17.792767318880703, 206.38962016254848, 6.121004142263002, 4.656811202579249, 38.0, 0.0
9, 0 ,1.0,1.0,1.0,261.1334177909296,141.29724977073545,126.88537717564974,13.99031594906616,13.394434015725267,13.445799489549152,69.0,69.0,64.0,-0.8170396976031794,-0.28686490020504574,0.5001546376580491,14.377315714731235,-0.32227475204188916,0.9465039350995296,0.01640990668605184,13.307168181047349,-0.47810575894549123,-0.1477796666373806,-0.8657806034970411,13.120266563974091,78.71001262159422,66.00427193271045,65.58072067183156,22.64442122981571,6.5695900965125595,105773.0,340704.7683354768, 0.0, 0.0,-1.4210854715202004E-14,59.98976872743408, 193.8438106992197,193.8438106992197,0.0, 195.72894035469494, 6.594870252667327, -14.151309338893132, 6.594870252667327, 179.4108626016181, -4.882674631329294, -14.151309338893132, -4.882674631329294, 180.78952391316022, 6.14692118561002, 4.632442776112612, 36.0, 0.0
10, 0 ,1.0,1.0,1.0,23.29790739662776,133.2300679775447,191.95252424598203,13.33458138701637,13.393241155816185,13.501041491674059,59.0,66.0,68.0,0.4885042016754417,-0.5972761045869247,0.6361013282763286,14.348667501012052,-0.8571976171933534,-0.19229734346766,0.47773839784270866,13.006868100270887,-0.1630211336713037,-0.7786417575398531,-0.6059217139134172,12.822059661079125,90.02027776947754,74.50102539590883,66.20650297698381,22.320129545059622,6.424944192475898,101357.0,444020.7315015408, 0.0, 0.0,0.0,NaN, 173.11065975028262,173.11065975028262,0.0, 177.8110607669634, -11.315586516786798, 10.934336359526991, -11.315586516786798, 179.37890865784846, -16.197577995521367, 10.934336359526991, -16.197577995521367, 182.27812135990447, 6.196794536294816, 4.673600663281601, 37.0, 0.0
11, 0 ,1.0,1.0,1.0,47.0001171002378,248.44529617352453,213.86193881962961,13.42992731437934,14.763870019861615,13.13573839538699,64.0,72.0,65.0,0.0436457332700449,-0.8867091248267829,-0.4602629443223088,15.272029602603066,-0.838067380490139,-0.28327304088539124,0.46626113934783464,14.032119542268886,-0.543818090656901,0.36538105076271277,-0.7554856530853636,11.863690900963999,72.71899012946238,66.70904003980806,64.2235806839768,22.979375533309536,6.544518998678315,111016.0,311549.4905823575, 0.0, -2.8421709430404007E-14,0.0,27.53741382350841, 110.84522577894323,110.84522577894323,0.0, 180.36294766951227, 9.751506189646015, -23.8002738812816, 9.751506189646015, 217.97185796336862, 30.32935842087277, -23.8002738812816, 30.32935842087277, 172.54762319204397, 6.911710720223928, 4.920398213029235, 42.0, 0.0
12, 0 ,1.0,1.0,1.0,263.7787749946631,279.6616025048032,24.72754927773429,16.697845259168133,13.079150799413139,14.326536623544603,74.0,59.0,66.0,0.9073559144235654,0.3918646109395205,0.15214260170574634,17.44138743754169,-0.2083336478606679,0.10484740725899232,0.9724217769878123,14.310151480790692,-0.3651059239859614,0.9140290738725355,-0.1767724989529547,12.089228362847011,88.19138192704861,73.03469789860264,62.606802523767016,24.295151183021385,8.054657196480862,112424.0,403252.35187855107, 0.0, 0.0,0.0,NaN, 48.343347493141685,48.343347493141685,0.0, 278.81803629912366, 54.91658112055216, 9.940812265054957, 54.91658112055216, 171.06418563378932, 15.400758598894903, 9.940812265054957, 15.400758598894903, 205.24965162576478, 6.237778320012812, 4.721305459824809, 26.0, 0.0
13, 0 ,1.0,1.0,1.0,137.28240588862462,22.677335356352007,251.46632289018288,14.61138996720909,12.566937339719347,12.940308521258679,71.0,56.0,66.0,-0.9516130573788115,0.2226532220481016,-0.2117973836895761,14.702291510201224,-0.30510724061152117,-0.6024056911341971,0.737575050429144,13.73744995734583,0.03663551217840614,0.766506964091475,0.6411902317149698,11.575720647896391,77.43194032904083,73.77702868687223,66.15378037957515,22.250410835907736,6.617509586910208,97544.0,377916.60081486864, 0.0, -3.552713678800501E-15,0.0,77.1350825508671, 147.36430476622726,147.36430476622726,0.0, 213.49271677385846, -7.350565458269411, 4.245081228411155, -7.350565458269411, 157.9279141004324, -28.187709683367654, 4.245081228411155, -28.187709683367654, 167.45158462535997, 6.774632750383188, 4.74333264203999, 30.0, 0.0
14, 0 ,1.0,1.0,1.0,144.4846897258976,152.15815228901695,58.929707616680226,12.44489530220348,12.05693344209873,14.147452934843502,63.0,67.0,69.0,0.29010598464407855,0.14589995875952233,0.9458074432502944,14.309218818921694,-0.7318668512679468,-0.602964572469368,0.31749745882758396,12.742896007895274,-0.6166112468069574,0.7843130283125497,0.06814428758426692,11.543844497298156,72.80346918501635,67.57311596477686,62.512595435484926,21.49426094726998,6.19614670454729,89711.0,307534.2930834798, 0.0, 0.0,-7.105427357601002E-15,18.949097358827608, 214.9552231037288,214.9552231037288,0.0, 154.87541908280625, 15.876884910088762, 12.849934271287944, 15.876884910088762, 145.36964402719875, 4.290681280272656, 12.849934271287944, 4.290681280272656, 200.15042454361202, 5.483375013647309, 4.425974050626171, 35.0, 0.0
15, 0 ,1.0,1.0,1.0,31.43321620715296,10.80175543470337,73.64986076078557,17.219843986294734,7.4128639132726395,14.24070193039074,75.0,31.0,69.0,-0.9587820349575746,0.006476092377087104,0.2840687763027389,17.48007163181402,-0.2840725477118106,3.4920275910553305E-4,-0.9588027251181309,13.92042534216142,-0.006308492619728295,-0.9999789689213251,0.0015048707287881663,7.4121537908509385,81.29587442456264,68.07068924031097,31.349095684605047,22.13991966976895,8.00594321710303,68587.0,173481.70114984966, -3.552713678800501E-15, 0.0,0.0,16.50760368075418, 80.80239471500748,80.80239471500748,0.0, 296.5230269123309, -1.5698683311901818, -30.441633440524253, -1.5698683311901818, 54.950551396699744, 0.41455606404103923, -30.441633440524253, 0.41455606404103923, 202.79759147023455, 5.904134320461834, 4.379534630346556, 26.0, 0.0
16, 0 ,1.0,1.0,1.0,218.8348656166462,29.183169568672785,269.25730619174914,13.015641387299796,14.184581145364104,14.651830127540626,70.0,65.0,64.0,-0.4080902603474059,-0.518802366376633,0.751203330697882,15.52744272860495,-0.004664910042585658,-0.8216425965591018,-0.569983931469923,13.751489877134922,-0.9129296676217068,0.23610918694879574,-0.3328841747732952,12.453129628630156,79.3307727899307,76.16880675479786,66.72810326896754,23.193724448555617,6.880155178708671,110728.0,403206.58602074336, 0.0, 0.0,0.0,NaN, 91.56718652513932,91.56718652513932,0.0, 169.40692072279137, 18.34262567339042, -26.280038980960864, 18.34262567339042, 201.20234226941886, -17.59086847212116, -26.280038980960864, -17.59086847212116, 214.67612608630714, 6.098291622806515, 4.587041366273641, 36.0, 0.0
17, 0 ,1.0,1.0,1.0,160.63122156958,259.5223137393455,282.76852669699247,15.450184586848051,16.399036846279305,9.814495318492643,75.0,81.0,43.0,-0.6381674559803917,0.7695607509573291,0.02277166470652152,18.318844692883516,-0.7697420155570204,-0.6383539273288535,0.0012218633494128536,13.121767639909105,-0.015476679673965259,0.0167485536635361,-0.999739945354015,9.808163677889207,91.6660880904752,72.84933543281198,43.76455280650268,23.208892241839916,8.081352146556988,90572.0,292251.5258905254, 0.0, 0.0,0.0,NaN, 146.1472653127514,146.1472653127514,0.0, 238.70820376767708, -80.22710328569643, -3.550163845269695, -80.22710328569643, 268.92840948562633, 4.135674463911374, -3.550163845269695, 4.135674463911374, 96.324318356714, 6.634899481337346, 4.796452753385451, 28.0, 0.0
18, 0 ,1.0,1.0,1.0,40.94380701359018,85.90199786398064,38.42132491989928,12.501298782494924,12.546144960288249,15.453913282478903,59.0,60.0,78.0,0.05432377155917631,-0.02479948293463942,0.9982153642825585,15.463453093174046,-0.1402762563375755,0.9895880461494894,0.0322191065355738,12.545241352090251,-0.9886210091594761,-0.14177617770348586,0.05027937633153767,12.490404245226173,78.92719916797834,59.818911198372646,60.29687959021861,22.54926263573337,6.636445957062637,102059.0,284682.01631261816, 0.0, 0.0,0.0,NaN, 102.62429916150427,102.62429916150427,0.0, 156.2824712492091, -0.30254110122646394, 4.500487937522572, -0.30254110122646394, 157.4057533645662, -2.0135892782720597, 4.500487937522572, -2.0135892782720597, 238.82343574237785, 5.904480114582559, 4.408185391882627, 35.0, 0.0
19, 0 ,1.0,1.0,1.0,190.6405525044977,283.15983334911465,60.1272843480731,14.115181218026857,9.948745180203098,15.043308995594744,67.0,42.0,74.0,0.23997646985123583,-0.002354123909799777,0.9707758505537498,15.102125368884954,0.9670185252080535,0.088509659980004,-0.2388330211563421,14.080122767022116,0.08536079792375804,-0.9960725366110852,-0.023516717181146146,9.909236561075803,76.39876716495137,70.65244883365642,44.22514887953079,21.835190994005288,6.90951888850088,84488.0,238716.73908864235, 0.0, 0.0,-7.105427357601002E-15,13.885833078032947, 125.93002141040536,125.93002141040536,0.0, 199.23834081773813, 8.490542786895977, 7.148831767430076, 8.490542786895977, 98.97753066061438, -2.4119265201730675, 7.148831767430076, -2.4119265201730675, 226.30114553694176, 6.0099600640558295, 4.565054380012305, 32.0, 0.0
20, 0 ,1.0,1.0,1.0,282.6073395474124,103.99361256684135,167.9333119974397,10.465378755805448,13.228880007930291,13.892734103769659,43.0,65.0,72.0,-0.2797990101303316,0.5841735325253141,0.7618751852022625,14.492967286137068,0.22202718924725576,-0.7326855808340389,0.6433317704519572,13.054770436405278,-0.9340323555236456,-0.3491605984855424,-0.07530229279489535,9.85202252029732,76.58491445367352,70.6529438430756,51.141670753334324,20.822956100840983,6.628723773630688,74991.0,276725.00598083297, 0.0, 0.0,0.0,NaN, 168.99345008693953,168.99345008693953,0.0, 109.52415250246398, -30.402009365881348, -13.605761957079755, -30.402009365881348, 175.00326626421776, 15.704205257254246, -13.605761957079755, 15.704205257254246, 193.00806087804452, 6.186427450938236, 4.526294860639945, 28.0, 0.0
21, 0 ,1.0,1.0,1.0,276.4066475734019,209.17178093401134,11.059189120735676,13.919069518687422,14.488699974087742,7.217743455578833,56.0,79.0,29.0,-0.6599568440523913,0.7485926869425445,-0.06376482607635708,16.33133047393264,-0.7495430768901395,-0.6618414866958959,-0.012289116088166407,11.740523345340048,0.051401749721870775,-0.0396841976648975,-0.9978892847311385,7.155871737563404,93.22956443977748,60.85432807607691,31.86978866713055,19.91041540854735,7.702863237447528,51327.0,180810.77612009336, 0.0, 0.0,0.0,NaN, 94.49189024161325,94.49189024161325,0.0, 193.7404962660533, -63.491289412097295, 9.866923932277425, -63.491289412097295, 209.92242693913016, -9.582303085657227, 9.866923932277425, -9.582303085657227, 52.09582059055107, 6.321574362484375, 4.637543876562999, 15.0, 0.0
22, 0 ,1.0,1.0,1.0,53.394735614489306,188.9604646280876,48.96676229794976,13.602408672717555,11.43941904390485,12.922255627826882,71.0,59.0,68.0,-0.9071725175787807,0.042249088602583015,0.41863234211181966,13.765140556979611,0.4119160604132516,0.29208421498600545,0.8631407593953808,12.8810861932335,-0.08580898859328748,0.9554589608498418,-0.2823738507871027,11.290218961635002,67.81047371550756,66.78594530307453,60.39525681244206,21.12117193874758,6.063548153223951,85746.0,273517.22906358406, 0.0, 0.0,7.105427357601002E-15,65.25172839635479, 132.58401116611049,132.58401116611049,0.0, 185.02552169962178, 2.2498093640884065, -9.87790688194076, 2.2498093640884065, 130.86030806205298, 10.791224362533256, -9.87790688194076, 10.791224362533256, 166.9846905109035, 6.046803783532999, 4.34135945084368, 31.0, 0.0
23, 0 ,1.0,1.0,1.0,91.65465807368102,268.2918934163385,39.89533827047014,11.700490282012117,14.824017210032002,13.409764951734292,63.0,62.0,66.0,-0.03708913449073076,-0.8786209212652962,0.47607738112375164,15.356137786859806,0.3504649161983705,-0.4575829789551367,-0.8171855113036526,12.973996186642669,-0.9358411930540341,-0.13653971614685734,-0.32489716418851355,11.503878057572768,75.39246449191944,73.23111066259627,58.503527669659434,22.208243309979153,6.577893601173756,95737.0,323002.3002794373, 0.0, 0.0,0.0,NaN, 104.86953030046173,104.86953030046173,0.0, 136.90147283945998, -2.3989932823152342, -12.133055413285604, -2.3989932823152342, 219.751486243325, -29.825346814380058, -12.133055413285604, -29.825346814380058, 179.8217960607614, 5.757584974143427, 4.258887708117195, 32.0, 0.0
24, 0 ,1.0,1.0,1.0,69.14463226239785,62.502563528489866,161.7391245942013,13.43445404895675,12.893571836558348,11.97896424809185,64.0,62.0,59.0,-0.9056166984587223,0.40380679746547976,-0.12960889550257051,13.642422394441752,-0.32950305310244726,-0.8623574525648915,-0.3844052054823876,12.858166098056579,-0.26699463191024864,-0.30541724628197364,0.9140208817114887,11.78033151322604,70.4528367165051,63.408469210406935,64.9300142123026,21.313130916001413,5.997898407975392,89330.0,290062.2763358536, 0.0, 0.0,0.0,NaN, 166.74417616910324,166.74417616910324,NaN, 180.48455559353044, -9.765835898221043, 8.920200495275074, -9.765835898221043, 166.2441947044906, 6.325643574028049, 8.920200495275074, 6.325643574028049, 143.49558445706276, 6.240550671462969, 4.389983443502615, 39.0, 0.0
25, 0 ,1.0,1.0,1.0,124.21327272516437,169.17443788629012,274.5871493674409,13.351373096476948,11.82655876702184,13.106390690828265,68.0,58.0,61.0,-0.9320514949066953,0.3087666318535265,0.18958686108489728,13.513999783531393,-0.22463553946053258,-0.08188637712598401,-0.9709961357556769,13.122109087218737,-0.2842866251751403,-0.9476063466941378,0.14568227912659532,11.62265872017347,69.5005577495489,64.31328732101889,63.997593031674484,21.243457016771632,6.21447236283241,86237.0,286057.0390396382, 0.0, -2.8421709430404007E-14,0.0,72.01508228198557, 182.18144197677486,182.18144197677486,0.0, 178.25916356132842, -12.999434831970577, -0.30785916910333394, -12.999434831970577, 139.86749226982116, 5.733171516467259, -0.30785916910333394, 5.733171516467259, 171.7774769406298, 5.552436308974919, 4.203815099497501, 29.0, 0.0
26, 0 ,1.0,1.0,1.0,277.099032917984,207.57408871117724,289.0187372140599,13.460701692141814,13.778139481208585,6.323115932432024,57.0,76.0,28.0,0.545912753141381,0.831748007263345,-0.10086881763485325,13.97704490712065,0.828865059338405,-0.5537117784626121,-0.07991232570582261,13.348209160393264,0.12231917006561283,0.039981480778311033,0.9916851828222675,6.121841273519773,84.43299701276504,63.116788720724045,32.709043422705804,19.032944598707207,6.98258065517419,43016.0,174311.05967821355, 0.0, 0.0,0.0,NaN, 95.8519248801754,95.8519248801754,0.0, 181.19049004482952, 7.1141059626740795, -18.013130475448687, 7.1141059626740795, 189.8371275636388, -7.020148677264474, -18.013130475448687, -7.020148677264474, 39.9817950949757, 6.096936726912521, 4.378639940221998, 15.0, 0.0
27, 0 ,1.0,1.0,1.0,12.675867682971953,250.70274920446977,82.4407237475024,8.248146303641406,11.972106348204518,13.269854759685787,33.0,65.0,57.0,-0.09454110775430552,0.1844087978002169,0.9782920700069422,13.338741566395464,-0.12708743300333536,0.9724176326782332,-0.195583056600218,11.990012922283555,-0.9873756951217767,-0.14281926673365897,-0.068497399457559,8.109861697374079,55.003122943805195,67.79302860213176,37.02758263322951,18.775828300156327,5.909362473665515,54052.0,138069.4975196447, 0.0, 0.0,0.0,NaN, 96.88843836870127,96.88843836870127,0.0, 68.03191744627338, -11.593517981530537, -8.434276621471227, -11.593517981530537, 143.33133041271893, 5.399987205859533, -8.434276621471227, 5.399987205859533, 176.08904534315553, 8.081298994769782, 4.927833667035238, 24.0, 0.0
28, 0 ,1.0,1.0,1.0,60.40788164186713,43.526349005995584,34.632667427239845,11.812469000424118,12.723326656030407,14.440742458409277,60.0,69.0,68.0,-0.35685673930305,-0.43366140396776687,0.8274001778599646,15.321773620167331,-0.32641757756522793,-0.7719987532084984,-0.5454076366360977,12.386328062616647,-0.8752741471507334,0.4647103525350287,-0.13393825284931044,11.035154647295107,80.13236572193152,68.93070732381427,60.89752930442474,21.561596774206606,6.711933579728013,82394.0,336372.4144221991, 0.0, -7.105427357601002E-15,0.0,64.29985252006544, 82.11624002215007,82.11624002215007,9.5367431640625E-7, 139.53442388598074, 25.45926874475673, -27.725429694240415, 25.45926874475673, 161.88304119605388, -27.21440300245817, -27.725429694240415, -27.21440300245817, 208.5350427501044, 6.237115889068242, 4.341496373429819, 26.0, 0.0
29, 0 ,1.0,1.0,1.0,134.32747297677153,143.13220300002556,175.1133442363223,13.6039525299541,11.571566274052255,11.668764433972497,68.0,55.0,54.0,-0.9659614237075254,0.2574926141226858,0.024820990737602935,13.744883694572035,-0.1584956283278382,-0.5132774021359952,-0.8434603987488019,11.842310013722674,-0.20444476933855354,-0.8186842261389853,0.5366176237893386,11.223484291838298,69.38027466603307,57.93167263232709,61.78377165293763,20.49986603769561,5.906287016738429,78266.0,248328.46234738184, 0.0, 0.0,0.0,NaN, 232.65290524685295,232.65290524685295,0.0, 185.06752443724457, -14.497525910237536, 0.3987553627763831, -14.497525910237536, 133.9011460347836, 6.581864758474528, 0.3987553627763831, 6.581864758474528, 136.16006341554146, 5.4448786804535505, 4.043070682193101, 33.0, 0.0
30, 0 ,1.0,1.0,1.0,239.27911275415897,95.51197680601625,185.29069708555946,13.365243748734509,11.401492843898943,12.054997821605486,67.0,54.0,58.0,0.9376293143106996,-0.30711679847769296,0.16288198500159487,13.610839621104038,0.19311475617351936,0.07055240865735861,-0.978636320897956,12.023525314902317,-0.289063937379414,-0.9490530173417385,-0.12546079220717896,11.141213390917814,74.35467839886886,60.32606710166071,56.7849741494413,20.488068075166154,5.846863993533413,78986.0,254710.43925272193, 0.0, 0.0,0.0,NaN, 161.14523895055666,161.14523895055666,0.0, 178.62974046308685, -17.324146566042497, 5.4730368932690645, -17.324146566042497, 129.99403906947882, -4.469051470424328, 5.4730368932690645, -4.469051470424328, 145.32297247891302, 5.723435694940728, 4.2757634027728235, 32.0, 0.0
31, 0 ,1.0,1.0,1.0,275.9702356915622,65.07495247756843,239.89889787355585,14.185375137676536,13.860097754135202,12.929992803437147,57.0,73.0,65.0,-0.8747574553058568,0.39092151165401867,-0.2863210891865251,14.45243871870084,0.34873050361751806,0.918145295954681,0.18813891506799785,13.755346185548246,-0.33643191024855756,-0.06472702096055342,0.9394806983243872,12.74477766952613,68.86128325017489,74.00280693218227,72.58476784129094,22.68872552716569,6.76266407569178,101531.0,369886.7689232938, 0.0, 0.0,-2.8421709430404007E-14,73.3621673748651, 91.78410259674673,91.78410259674673,0.0, 201.2248677966116, -7.307310019725734, 13.389383236389719, -7.307310019725734, 192.10230975418366, -0.5724124929111225, 13.389383236389719, -0.5724124929111225, 167.18471389693642, 5.390364665963433, 4.065811952473916, 29.0, 0.0
32, 0 ,1.0,1.0,1.0,132.2635249417821,275.81836009314867,59.51842137516852,12.588490527631482,12.313741914563748,12.703989321583135,62.0,54.0,69.0,0.5496970077421494,0.30682621731741455,-0.7769754642496849,13.450939460540905,0.6516978244600964,-0.7393928620822373,0.1690802800323394,12.697686586106126,0.5226118495339579,0.5992961437123745,0.6064000221455899,11.372363930842782,72.28726744692871,69.42269693317749,63.046979211769894,20.84566188394033,6.078491507440713,81590.0,316393.5141846752, 0.0, 0.0,0.0,NaN, 147.04024694484895,147.04024694484895,0.0, 158.47009376426755, -6.669194268449481, -18.522080867600444, -6.669194268449481, 151.62823993848409, -16.288675024145245, -18.522080867600444, -16.288675024145245, 161.39134468289834, 6.167479285191622, 4.282021865408112, 25.0, 0.0
33, 0 ,1.0,1.0,1.0,35.95238578794751,177.00141037357974,209.80040393099324,12.808489268088426,13.102755917587364,12.97006828906206,67.0,62.0,67.0,0.18454392282037457,0.7769671133532007,0.6018850765035325,13.573021635504697,-0.8076707156878589,-0.22905515078602687,0.5433247214315324,13.03026240211723,-0.5600103173784653,0.5863922259597123,-0.5852628484396433,12.24531040046074,61.81073452488067,77.44428748621746,74.6782511266489,21.525943191087077,6.371503050580972,88629.0,357476.44615539256, 0.0, 0.0,0.0,NaN, 156.70735217259568,156.70735217259568,0.0, 164.0573973307364, 8.585564000231379, -4.8988400569927695, 8.585564000231379, 171.68221263587068, 13.561407095968798, -4.8988400569927695, 13.561407095968798, 168.22267142293327, 5.466790288460786, 4.191696253390923, 44.0, 0.0
34, 0 ,1.0,1.0,1.0,164.54686788673405,9.61032960029136,224.91352544842027,13.056053816862484,6.5651232241908986,13.302776560780071,60.0,27.0,70.0,0.6526160074232287,-0.07224389777640651,0.7542368103513883,14.11748091272431,0.7575042259068681,0.04023836597717789,-0.651588997479794,12.211258414377246,-0.016724072117782946,-0.9965749811918614,-0.08098525961087222,6.489002162106698,70.8665833265913,55.749782789138095,28.984963299783452,18.643788114339774,6.552435668609784,43932.0,114513.69525200503, 2.8421709430404007E-14, 0.0,0.0,49.26087076507491, 155.17051296849266,155.17051296849266,0.0, 170.46054126880944, -4.149735241896546, 24.559172154732558, -4.149735241896546, 43.1008429488107, -11.371081622700737, 24.559172154732558, -11.371081622700737, 176.96386422603965, 6.325000451697435, 4.314488134892562, 17.0, 0.0
35, 0 ,1.0,1.0,1.0,52.038109776157704,20.383479622586886,166.4464476056375,12.683495011389432,11.709731715582462,12.421377177030758,67.0,51.0,60.0,0.5504656128231241,0.3500381367143513,-0.7579319969131851,13.076300296175965,-0.7922432195285258,0.5053640216209483,-0.3419910624010201,12.665041096212954,-0.26332164781942874,-0.7887208051627947,-0.5555008562486774,10.994843251469497,75.51022693223973,63.186069436691824,61.77772544200356,20.397736680182152,6.017625100892374,75991.0,294753.5402757556, 7.105427357601002E-15, 0.0,0.0,56.601038180872635, 144.7756970895101,144.7756970895101,0.0, 160.8710457039406, -6.167290297364465, -10.197114293349546, -6.167290297364465, 137.1178168509178, -20.122263553261348, -10.197114293349546, -20.122263553261348, 154.2906109740606, 5.46791276447998, 4.0454697233971295, 25.0, 0.0
36, 0 ,1.0,1.0,1.0,104.0975261516944,229.57252542323494,157.07038375244034,12.173692903761896,11.029069813978976,11.948605775952066,60.0,53.0,58.0,-0.8349025928332797,0.54425634541795,0.08199201761491053,12.899945019544708,-0.1784089214950974,-0.1266847262865222,-0.9757669992660469,12.015489450639267,-0.5206802446907534,-0.829298505122255,0.2028695940518712,10.090975751637721,60.24277406982995,57.900324126574816,53.7681385763463,19.54324992183514,5.538026937329771,68638.0,187547.3615252919, 1.4210854715202004E-14, 0.0,0.0,33.39430314343906, 190.32918674454075,190.32918674454075,0.0, 148.19879891510277, -28.384007185278758, 2.9854286424599614, -28.384007185278758, 121.64038096162226, 8.14098793205443, 2.9854286424599614, 8.14098793205443, 142.7691799891151, 5.905634639179805, 4.141754019625343, 23.0, 0.0
37, 0 ,1.0,1.0,1.0,187.31312748892253,65.71313590218183,63.16585338493466,12.113817778079985,10.986260811229371,12.723548899268557,61.0,58.0,62.0,-0.6005824545573477,-0.1662526136602936,0.7820874527372195,13.286580653777529,0.6255707417764598,0.5114718217367136,0.5891161367698037,11.923802105880482,0.4979577916963666,-0.8430638433834354,0.20317823128580856,10.517648132326164,65.8880685556834,57.65256573459649,54.452254636559694,19.9086412561664,5.742578488647299,71316.0,206843.21678129362, 0.0, 0.0,0.0,NaN, 144.9360979889879,144.9360979889879,0.0, 146.7445811605267, 16.677995992040714, -19.33003354000475, 16.677995992040714, 120.69792661235425, 0.938190988683769, -19.33003354000475, 0.938190988683769, 161.88869659207813, 5.238187034336017, 3.9179020655966066, 32.0, 0.0
38, 0 ,1.0,1.0,1.0,92.30478261453173,159.15467321709016,106.48164404891341,11.42426248906993,11.652885975038782,13.214995694260356,57.0,56.0,62.0,-0.19383507182697507,0.30600097437874607,0.9320897857015111,13.314472202575631,0.6526457903337927,-0.6691382013689735,0.35539772062897945,12.617716979629419,-0.7324489315231544,-0.6772130175564799,0.0700077964417995,10.220454214689186,64.51550395331196,58.253122888783444,52.611324108000105,20.18877263373824,5.775213910233295,74499.0,197725.43450691976, 0.0, 0.0,0.0,NaN, 199.2383484409066,199.2383484409066,0.0, 130.51377341917026, -28.22856696153283, -0.4570693536104514, -28.22856696153283, 135.78975154725552, 7.749137782042246, -0.4570693536104514, 7.749137782042246, 174.63611119931974, 6.159673860402192, 4.281493015602517, 28.0, 0.0
39, 0 ,1.0,1.0,1.0,85.25512906618681,208.13246233193516,191.1516987061701,13.754819849148998,12.27551966497465,10.789490288724894,64.0,61.0,57.0,-0.9561564586660607,0.2912645593317254,-0.030492343768128146,13.890654463962061,-0.2843930674550507,-0.8986273436640223,0.3340501166035563,12.305052471940913,0.06989570612480311,0.32807598768675283,0.9420619600475739,10.579789933822077,63.739021261909784,58.61538679153931,59.89123054816005,20.54633424852336,5.8433467949595235,78913.0,223758.8709219689, 0.0, 0.0,0.0,NaN, 166.00010302357603,166.00010302357603,0.0, 189.19506908254326, -12.472911486432507, -1.388759140462567, -12.472911486432507, 150.68838304517936, -12.571625797720994, -1.388759140462567, -12.571625797720994, 116.41310069048879, 5.609322065067617, 4.074191277615252, 20.0, 0.0
40, 0 ,1.0,1.0,1.0,288.6018933187693,77.18882213726562,284.93755689058804,7.604388773594391,12.087692763480522,8.152157391026268,34.0,63.0,34.0,0.14927657146380321,-0.9803067552144079,-0.1292871644557632,12.212160037661805,0.5474883420133311,0.1908238410095192,-0.8147654736559893,8.558955513507723,0.8233911710551107,0.05084218114295712,0.5651920488162592,6.92850220644143,63.37073977300098,46.72326059579112,35.73347249644786,15.52237812444311,5.427015059325243,27465.0,105802.79521095369, 0.0, 0.0,0.0,NaN, 79.46639724612798,79.46639724612798,NaN, 57.82672861996841, -12.16131144187648, -13.215902164875775, -12.16131144187648, 146.1123163442994, 8.891637719476062, -13.215902164875775, 8.891637719476062, 66.45767012806422, 6.916670852262596, 4.380007680833597, 9.0, 0.0
41, 0 ,1.0,1.0,1.0,120.959371166796,236.35822464765815,77.22514832152602,11.980248281959092,12.07131495266751,12.823841970046702,63.0,60.0,66.0,-0.07325557884691314,-0.08493134547047479,0.9936902368064094,12.836765110071976,-0.6446745859557372,0.7642499685269897,0.01779505069659708,12.280467634710192,-0.7609390898032528,-0.6393032552420415,-0.11073865380402176,11.751659144064876,66.55922968748001,59.34619431625019,60.368082519848116,20.507751339079455,5.755523561856695,79894.0,238456.15827895346, 1.4210854715202004E-14, 0.0,0.0,85.79900141849375, 156.98779753963797,156.98779753963797,0.0, 143.52634889738377, -6.095328845641756, -2.0879936985045173, -6.095328845641756, 145.71664468649422, -2.0789263894919268, -2.0879936985045173, -2.0789263894919268, 164.4509228727313, 6.297179357731486, 4.3194924315972285, 36.0, 0.0
42, 0 ,1.0,1.0,1.0,24.049823207971713,189.15558934797122,121.83361768414807,12.645304714850052,12.25479872676901,12.222311466906229,53.0,59.0,57.0,-0.6625228322258815,-0.4479444818894057,0.6003409347397767,13.662766761159633,0.6069432943606757,-0.7907279136597587,0.07980729283652493,12.024413449686964,0.43895709837067987,0.41724705835286235,0.7957521964065676,11.323029911655032,69.68222449378851,62.999325155623296,58.22212719323235,20.63046852134169,5.818289211532425,80886.0,255591.24439225593, 0.0, 0.0,0.0,NaN, 166.45812616732607,166.45812616732607,1.9073486328125E-6, 159.90373133140898, 9.490381214643783, -22.45872560476598, 9.490381214643783, 150.18009183361937, -16.7544702242044, -22.45872560476598, -16.7544702242044, 149.38489759406747, 6.078206473174881, 4.305224356735644, 22.0, 0.0
43, 0 ,1.0,1.0,1.0,216.14308989066623,135.52243227231108,205.93149135563095,12.018522391843591,12.526119437902597,11.83618131306975,62.0,59.0,61.0,0.45075665036593987,0.6989810872184908,0.5551971558480235,14.007056893262819,0.8899290746420246,-0.4003849334839534,-0.21844483776422863,11.461001964659706,0.06960376611698366,0.5925515545080503,-0.8025197636148445,10.67199737100199,70.1890063161901,58.78993207027557,54.14235965933631,20.188153282742647,5.820842186840617,74268.0,223413.40720655964, 0.0, 0.0,-2.8421709430404007E-14,56.275704540975035, 185.05997768470567,185.05997768470567,0.0, 144.44488048324578, 19.709890023188567, 17.20300858194252, 19.709890023188567, 156.90366817260127, 33.46807690259051, 17.20300858194252, 33.46807690259051, 140.09518807586153, 5.66196709500308, 3.9129753922619144, 30.0, 0.0
44, 0 ,1.0,1.0,1.0,125.4826971309277,91.98270437972077,212.95340475810778,12.665307533509608,10.576988584149824,12.312024710048943,61.0,53.0,65.0,0.7201120556192707,0.15431067510333807,0.6764812213956425,13.587695802568803,-0.6452501921257439,0.5074184108296511,0.5711206054002975,11.82275538101574,0.25512902013193123,0.8477704712363267,-0.4649671076390862,9.973245854083018,64.14182085187133,58.61812263460651,53.37498853586298,19.77818017488872,5.717713166828954,68977.0,200683.1847137662, 0.0, 0.0,0.0,NaN, 178.28021462704447,178.28021462704447,0.0, 160.41001491837525, -3.7355515943401896, 26.62938934106734, -3.7355515943401896, 111.87268750923567, 20.571964740079228, 26.62938934106734, 20.571964740079228, 151.58595246085576, 6.075605787835317, 4.21084687649677, 37.0, 0.0
45, 0 ,1.0,1.0,1.0,107.76143186736024,211.22608658269206,279.3124686528238,12.226807018930817,12.283347104151106,11.520123010778681,62.0,60.0,47.0,-0.7349189709475807,-0.6205175784423079,-0.2735910104251286,12.663198373629632,-0.48880660273695103,0.7643420938927925,-0.42053450348852667,12.078933464210362,0.4700661775347266,-0.17532569220646282,-0.8650425945525549,11.261946255420893,64.2867450236763,66.6742396077371,58.764357581374725,19.93691878746551,5.9672380046971165,69783.0,251879.89364500873, 0.0, 0.0,0.0,NaN, 141.142863279614,141.142863279614,0.0, 149.4948098781759, 8.163935190929875, 10.660676355734275, 8.163935190929875, 150.88061608105735, -0.43795505976535865, 10.660676355734275, -0.43795505976535865, 132.71323418347248, 5.150174037827029, 3.963683753858635, 27.0, 0.0
46, 0 ,1.0,1.0,1.0,279.6715636264708,233.71195220929968,47.54669115146569,11.94251948363618,12.16688603916689,15.77941566500263,53.0,63.0,73.0,0.4027028777655601,0.010983330404746416,0.9152648571274639,16.57133576518608,0.16788300807399098,-0.9838515625864549,-0.06205963580475527,12.209617180693858,0.8998031383804822,0.17864901133062766,-0.3980437700947279,10.768608336010931,87.12153139784876,61.60707071410661,59.43796166114947,22.103334421469377,7.147688695566424,88218.0,319021.51103851106, 0.0, 0.0,0.0,NaN, 84.07162687106548,84.07162687106548,0.0, 142.62377161702977, -4.767449915978141, 58.12881531459066, -4.767449915978141, 148.03311589007416, 3.616540488901197, 58.12881531459066, 3.616540488901197, 248.98995872893036, 5.612795304751687, 4.002980877984708, 19.0, 0.0
47, 0 ,1.0,1.0,1.0,225.57208445554642,232.8894207287291,166.95443698628225,13.669995861813991,11.094160240198308,11.35316845074557,71.0,57.0,60.0,-0.9800789579474851,0.17195208927907668,0.0993866951917204,13.757102486821575,-0.1730972537496662,-0.4941880967922821,-0.8519480416863141,11.502191668470997,-0.09737852398190865,-0.8521799129182656,0.5141077893649564,10.829835186052337,71.58436420075876,57.89344660230705,55.74281511044944,20.087475080989286,5.944489636530032,71659.0,231013.0292373697, 0.0, 0.0,0.0,NaN, 166.56670225484743,166.56670225484743,0.0, 186.86878686201166, -10.84485972137841, -4.796343016964263, -10.84485972137841, 123.08039143519696, 7.551681696358072, -4.796343016964263, 7.551681696358072, 128.8944338710046, 5.407481285915997, 3.9633119823906684, 35.0, 0.0
48, 0 ,1.0,1.0,1.0,201.1865488184389,175.70397737768747,193.80884714308044,12.789708418355756,10.736772894884522,11.965223109003247,66.0,55.0,59.0,0.9786102894574746,0.1789154324151062,0.10154392848257349,12.862997337916033,0.10344357643517749,-0.001295896367497218,-0.9946344791665451,11.95599936883801,-0.17782386752699425,0.9838636026890724,-0.01977582972776818,10.659215555012599,64.2297815632825,58.27484355055546,53.53947488586245,19.749978610586673,5.653303684795707,70373.0,200397.2089728483, 0.0, 0.0,-2.8421709430404007E-14,84.1719163193812, 191.02397838810407,191.02397838810407,0.0, 163.57664142656012, 9.072274664796314, 2.1338077772103174, 9.072274664796314, 115.27829219632696, 0.9795788680978417, 2.1338077772103174, 0.9795788680978417, 143.16656404822535, 5.764592364031287, 4.206377434160165, 32.0, 0.0
49, 0 ,1.0,1.0,1.0,237.8871003683362,274.13671695788383,96.86673045917497,12.147169676389055,11.772937325612864,12.779633698087329,61.0,56.0,64.0,0.2635820533560167,0.5294570206897061,0.8063496539287442,13.267441651645047,-0.8477655698424286,-0.27167652144341387,0.455505659993538,12.357251227607351,-0.46023693869393856,0.8036585910315317,-0.3772463774814081,10.988546582468238,71.99620543293753,61.072343439078026,57.44569465045879,20.36791226482968,5.884128809711787,76289.0,252587.3972373011, 0.0, 0.0,0.0,NaN, 117.94102416131638,117.94102416131638,NaN, 147.5537311469858, 15.073648142697634, -0.5907254067444457, 15.073648142697634, 138.60205327280855, 19.64495538427304, -0.5907254067444457, 19.64495538427304, 163.3190374572892, 5.743517242683091, 4.098366443637514, 25.0, 0.0
