// Sample: .//bubblelabels.tif, Map: .//bubblelabels.tif, Thickness:(8.191250068658265):/gpfs/home/mader/Foam/NewValid/InSilicoTest/LatticeDataPhi_16.0/out_Step_02000.vtk/distmap.tif, Neighbors:(1.0):
//LACUNA_NUMBER, TRIANGLES, SCALE_X, SCALE_Y, SCALE_Z, POS_X, POS_Y, POS_Z , STD_X, STD_Y, STD_Z,PROJ_X, PROJ_Y, PROJ_Z, PCA1_X, PCA1_Y, PCA1_Z, PCA1_S, PCA2_X, PCA2_Y, PCA2_Z, PCA2_S, PCA3_X, PCA3_Y, PCA3_Z, PCA3_S,PROJ_PCA1, PROJ_PCA2, PROJ_PCA3,OBJ_RADIUS, OBJ_RADIUS_STD, VOLUME, VOLUME_BOX, Mask_Grad_X,Mask_Grad_Y,Mask_Grad_Z,Mask_Angle, Mask_Distance_Mean,Mask_Distance_COV, Mask_Distance_STD, SHAPET_XX, SHAPET_XY, SHAPET_XZ, SHAPET_YX, SHAPET_YY, SHAPET_YZ, SHAPET_ZX, SHAPET_ZY, SHAPET_ZZ, Thickness, Thickness_STD, Neighbors, Neighbors_STD
1, 0 ,1.0,1.0,1.0,168.11489121595832,63.55615115256319,167.3491378595018,12.107576897410398,11.129937299890912,10.696049605718645,59.0,57.0,59.0,-0.8630694767654129,-0.5012162500646048,-0.062396706219573966,12.548457046073649,0.3823173341858976,-0.5675543788053722,-0.7291882356976398,11.026089307092887,0.3300674692496447,-0.6531954514309044,0.6814625213268237,10.28766154911112,67.88136705169072,56.50063575042191,55.46438566638673,18.85346117202403,5.424149853127213,60257.0,212724.7987762555, 0.0, 7.105427357601002E-15,0.0,59.919500868016705, 78.24399855589851,78.24399855589851,0.0, 146.593418326706, 18.918312653646957, -1.607349874725426, 18.918312653646957, 123.87550429950299, 8.128129380028508, -1.607349874725426, 8.128129380028508, 114.40547716799401, 6.289168975128678, 4.381888094095963, 31.0, 0.0
2, 0 ,1.0,1.0,1.0,39.00840704089675,9.607379513676037,26.008436232010975,11.171836212510938,6.176546660779947,12.510987740976512,52.0,25.0,58.0,0.4231527064180169,0.07327474958341754,0.9030905813508385,12.903413373725089,-0.9059163310976321,0.05186455770123415,0.42026856735313967,10.758336325621558,0.01604331953532839,0.9959622878040822,-0.08832742026315803,6.102834593728668,63.014850337299976,49.87068077689328,26.633875612569966,16.963184178899397,5.633369309709391,34257.0,83699.4439903556, 0.0, 0.0,0.0,NaN, 47.85808517087438,47.85808517087438,0.0, 124.80992435917074, 0.31949892576878514, 19.50750417039375, 0.31949892576878514, 38.149728652791914, 10.264193225342122, 19.50750417039375, 10.264193225342122, 156.52481425486457, 6.130691654048235, 4.32829312951053, 14.0, 0.0
3, 0 ,1.0,1.0,1.0,172.28507648207807,42.20078130945435,13.022830471068719,11.177032813644878,10.721286703709715,8.49706615503766,56.0,52.0,31.0,0.9431803682756185,0.23446394145570543,-0.23545159387127534,11.325683631982487,0.2635874078555305,-0.9593828996249693,0.10052925110229438,10.74218546154333,0.20231774840451058,0.15687929138111664,0.9666728591495097,8.270823787360884,57.49419723372776,53.15939819181368,38.15807755496837,16.825391403208396,5.383157853190498,39421.0,116624.70455945375, 0.0, 0.0,0.0,NaN, 52.1403590533365,52.1403590533365,0.0, 124.92606251729434, 1.3561710673080685, -12.049226778465064, 1.3561710673080685, 114.94598858314272, -7.836627766381036, -12.049226778465064, -7.836627766381036, 72.20013324308648, 6.270496810253847, 4.323454491669812, 17.0, 0.0
4, 0 ,1.0,1.0,1.0,9.569530974491595,30.918968692449354,134.60914540966263,6.249500955070399,9.864920574378504,10.042838039138044,24.0,42.0,53.0,0.069038123673232,-0.6412083542788258,0.7642549207448514,10.46436158838295,0.005771780250789251,-0.7658132277533486,-0.6430371581415293,9.434587901895112,-0.9975973255940576,-0.04880519030838224,0.04916939461236507,6.222314977206636,56.42695105033506,44.63925517888339,26.73333676943474,14.709359565944677,4.567959847273274,25521.0,67337.45424356897, 0.0, -3.552713678800501E-15,0.0,50.1180174418127, 72.96247262895538,72.96247262895538,0.0, 39.05626218742583, -3.355832841375765, 3.5481788123727025, -3.355832841375765, 97.3166579387963, -9.921056670695458, 3.5481788123727025, -9.921056670695458, 100.85859588035807, 6.3776037311319005, 4.1209626903566505, 13.0, 0.0
5, 0 ,1.0,1.0,1.0,59.91012994757373,73.68867244763585,141.32134072104753,9.406311316019126,10.003210985669067,9.905919532950554,45.0,50.0,51.0,-0.5529966837798459,0.8285174004822662,0.08805444240128267,10.358577385208234,-0.3098045288837607,-0.30257725831415644,0.901370155171669,10.13965128149372,0.7734441295992903,0.4711750416238067,0.4240026633633329,8.749714900231115,50.08672480304116,48.23449749912309,47.282801465576526,16.312124501667483,4.537042939304104,40247.0,114230.89842955788, 7.105427357601002E-15, 0.0,0.0,56.42715810619168, 111.63525058065456,111.63525058065456,0.0, 88.47869257386947, -11.624122835413948, -8.828650846323209, -11.624122835413948, 100.06423002381031, -4.917822465408112, -8.828650846323209, -4.917822465408112, 98.1272417932913, 6.063227912658554, 3.9087827795747483, 19.0, 0.0
6, 0 ,1.0,1.0,1.0,30.569034356977376,107.79804801104156,176.756297136097,10.19409909218214,9.333905000341302,9.894606868647067,50.0,47.0,45.0,-0.8567714154115769,0.4569818905773814,0.23897760024313136,10.449540866123215,-0.3545902097487253,-0.18556084681319424,-0.9164240040943525,9.96362372382949,-0.3744442880910305,-0.8699050085005217,0.3210245338003137,8.97095211885928,55.47574576354753,48.4565482665885,47.711873404427386,16.370930877681225,4.575730120961898,40574.0,128257.30000899217, 0.0, 0.0,0.0,NaN, 99.87960520004908,99.87960520004908,0.0, 103.91965630122873, -10.005997251415353, 0.22843721895282196, -10.005997251415353, 87.12178255539635, 6.332185604899154, 0.22843721895282196, 6.332185604899154, 97.90324508507773, 6.045955277484676, 4.0010836293191865, 18.0, 0.0
7, 0 ,1.0,1.0,1.0,136.6503202298894,16.803429558815242,180.37122250812314,13.026778876707647,9.81272405803837,9.755314381910758,65.0,41.0,39.0,-0.9816743888508285,-0.18973335438393277,0.017794620214357126,13.136289653765116,-0.09990775938733987,0.4328962770813106,-0.8958902013658496,9.782254261413993,-0.16227702822196846,0.8812502865380317,0.44391902255713706,9.63836478502385,63.70723080101283,47.612959324360304,51.21513729478886,18.20722113181655,5.445161034245693,53243.0,155350.35298808143, 0.0, 0.0,0.0,NaN, 68.41656289042324,68.41656289042324,0.0, 169.69696790263654, 14.717075512762623, -1.1414942686130232, 14.717075512762623, 96.28955343920502, -1.3527183898350033, -1.1414942686130232, -1.3527183898350033, 95.16615868991485, 6.164790715749309, 3.9754346425007903, 16.0, 0.0
8, 0 ,1.0,1.0,1.0,185.14969207679968,155.1800703824458,91.08332039538374,8.39311429849394,10.7489547015092,10.254932064092614,32.0,54.0,52.0,0.19709058162110368,0.819334001062476,0.5383744954390112,11.333675095719792,-0.20349497167480496,-0.5029969145663025,0.8399904168738176,9.790046426162998,-0.9590334191983746,0.2751107025176131,-0.06759439489291996,8.176235456496405,54.54347337356461,48.36096316718392,38.33877405878606,16.36511322238131,4.830227288697154,38646.0,101129.05617086147, 0.0, 0.0,0.0,NaN, 102.59400075337985,102.59400075337985,0.0, 70.4443676275834, 12.91534163529351, 1.5803444473607813, 12.91534163529351, 115.54002717509672, 14.92248029210041, 1.5803444473607813, 14.92248029210041, 105.1636316391548, 6.160616791891316, 4.0684415446271585, 17.0, 0.0
9, 0 ,1.0,1.0,1.0,79.31824614882152,146.67233683522943,44.88397474280115,9.6345980173263,8.895433810073648,10.379881534790703,45.0,40.0,48.0,-0.588590642720254,-0.10219746701040337,0.8019455923183418,11.213682025017834,0.1298029812183413,-0.9910542249900103,-0.031027555435146632,8.869150560023606,0.7979425050522059,0.08583239986221813,0.5965907791484065,8.676846551978615,54.05111239182661,40.82178134952099,42.72095174021665,16.073665416679347,4.618813957480828,36742.0,94262.18617116197, 0.0, 0.0,0.0,NaN, 105.59258979423072,105.59258979423072,0.0, 92.82547895546789, 2.6011748240613684, -23.831128318207465, 2.6011748240613684, 79.12874266940136, -4.031702903255546, -23.831128318207465, -4.031702903255546, 107.74194067628899, 5.991293079483931, 3.942687478789599, 15.0, 0.0
10, 0 ,1.0,1.0,1.0,40.2939139268563,173.05097894347986,190.33067048393056,9.895557837615984,10.262143372242718,4.997446099997253,48.0,49.0,20.0,-0.4239875048574667,0.9056149310371567,0.009807772800488411,10.363529909050591,0.905651603982074,0.4238897105282925,0.010615343279277968,9.79013881012993,-0.005455999398472773,-0.013383198078440637,0.9998955555855613,4.995853173888086,48.94212316172863,45.10172192728943,20.430185452009283,14.389798342424669,4.598023781668883,21656.0,45097.06078200743, 0.0, 0.0,0.0,NaN, 49.43020502425619,49.43020502425619,0.0, 97.92206491760312, -4.442301485742905, 0.3386720710095761, -4.442301485742905, 105.31158659246515, 1.0512532224668174, 0.3386720710095761, 1.0512532224668174, 24.974467522377758, 6.152983681248218, 4.035457264453341, 11.0, 0.0
11, 0 ,1.0,1.0,1.0,153.69463253509497,10.724236168455821,87.30999174236169,8.893190183293637,6.882993958799906,9.635252552076143,46.0,26.0,45.0,-0.30437568719847224,-0.015237215213038743,0.9524301907830354,9.713507430921226,0.9367769281899487,0.17642759430502075,0.30219578219880233,8.865042549556913,0.17263958947315833,-0.9841956773123391,0.03942639859592441,6.808914979596948,43.6016040666999,42.963021269856256,29.287996199576533,14.167484659761058,4.311021645832548,24220.0,54863.933438598615, 0.0, 0.0,0.0,NaN, 99.40941079952124,99.40941079952124,NaN, 79.08883163623031, 5.548945115685367, -4.789071060012098, 5.548945115685367, 47.375605836876005, 1.021776831017194, -4.789071060012098, 1.021776831017194, 92.83809174228982, 6.405643921754608, 4.059700609293313, 16.0, 0.0
12, 0 ,1.0,1.0,1.0,100.00109892918296,91.78995118709908,13.909146668711186,10.736407108401451,10.177253724023775,8.189661891400663,52.0,46.0,33.0,0.8462144249592007,0.5220275288753471,-0.10681014037659277,11.075752401790186,0.5298405161741332,-0.8456164363274231,0.06482183299812987,9.846143995803535,0.05648162897170196,0.1114455100450793,0.9921641617592802,8.142398295593882,48.592447818315506,47.256802611607284,34.8175778789243,16.26897017146622,4.608481573781442,39129.0,79952.42978101336, 0.0, 0.0,1.7763568394002505E-15,83.86853346361669, 136.45013636985786,136.45013636985786,0.0, 115.27043759733321, 11.171357103400414, -4.04268172728041, 11.171357103400414, 103.57649336315579, -4.823218674892364, -4.04268172728041, -4.823218674892364, 67.07056189546027, 6.255652147327084, 3.919013706341941, 14.0, 0.0
13, 0 ,1.0,1.0,1.0,154.52028110915896,9.89084103582614,40.20617217935987,10.188058172333768,6.260928185436677,9.563926177410817,46.0,24.0,46.0,-0.9712724187504443,0.010046657906667542,0.23775818227679849,10.226434547770422,-0.2379631270592052,-0.033218491711937984,-0.9707059709142558,9.526216919506446,-0.001854382610328043,-0.9993976168038875,0.03465493892426034,6.255850272800083,51.426180287430824,44.89039226578798,24.94533312818259,14.652462970895412,4.446320262819391,26182.0,57587.334408729665, 0.0, 0.0,0.0,NaN, 61.5042262621215,61.5042262621215,9.5367431640625E-7, 103.7965293228569, -0.2306178515783214, -3.1906835775433535, -0.2306178515783214, 39.19922174319541, 1.8206111102517386, -3.1906835775433535, 1.8206111102517386, 91.46868392696389, 5.852534888651854, 3.873887553870995, 14.0, 0.0
14, 0 ,1.0,1.0,1.0,188.7906000073038,58.48314647774166,93.74611985538473,6.965163655316938,9.755001885893897,10.13188967797465,28.0,46.0,54.0,0.18762333048244548,-0.6120622635356456,0.7682299599822288,10.783835186654523,0.05858313140786227,-0.7737542736802124,-0.630771226892965,9.172411541596635,-0.9804924796106927,-0.163352715059252,0.10931782978840472,6.775287459912488,48.85134353445146,45.20445351127242,30.18099055831229,14.974495163871245,4.70034568654164,27383.0,66648.62977301217, 0.0, 0.0,0.0,NaN, 111.05973193769832,111.05973193769832,NaN, 48.513504745348015, -9.815857944587163, 8.73272655482512, -9.815857944587163, 95.16006179379347, -14.438161110423994, 8.73272655482512, -14.438161110423994, 102.65518844664925, 6.015011061966404, 3.9064152877591773, 12.0, 0.0
15, 0 ,1.0,1.0,1.0,73.49119234622968,186.75603607097838,29.661656808558778,9.080222796617415,7.610569320724791,10.946514573482526,45.0,29.0,55.0,-0.2180367050542439,0.03785748005349826,0.9752060328223408,11.048850051505724,0.9084440621233743,0.3730260237473936,0.18862919074202691,9.199522670942503,-0.35663620293216414,0.9270482170907878,-0.11572476807892242,7.313623445009332,56.301162700186424,46.465328806384676,39.257902383956264,15.408094679957747,4.773678986138765,30939.0,102700.71550169877, 0.0, 0.0,3.552713678800501E-15,12.785333819464283, 80.35030689208645,80.35030689208645,0.0, 82.45044603621058, 9.987088135665037, -9.24742876368556, 9.987088135665037, 57.920765385557395, 4.723461831054766, -9.24742876368556, 4.723461831054766, 119.82618130746532, 5.756691245471673, 3.830264563285912, 16.0, 0.0
16, 0 ,1.0,1.0,1.0,185.5603401342908,148.69989370803412,34.0220361392684,8.426724804599196,11.929762699097346,9.199941597395558,36.0,57.0,48.0,-0.1938994324624321,0.978682994880977,0.06769494531757314,12.06321215861992,0.030672846725146544,-0.06292276300926747,0.9975469424388286,9.184978763288234,-0.9805417821615369,-0.1955001826753164,0.017818305458026488,8.251238205189544,58.53047566496764,47.19010284396183,40.47160043466371,16.492880080137724,5.094385247206355,38573.0,111784.95494874967, 0.0, 0.0,0.0,NaN, 63.227396163894454,63.227396163894454,0.0, 71.00969093244737, -14.726557504094837, -0.5182974908394619, -14.726557504094837, 142.3192380567744, 4.108497922074321, -0.5182974908394619, 4.108497922074321, 84.63892539548912, 5.916244327798716, 3.909456222598217, 16.0, 0.0
17, 0 ,1.0,1.0,1.0,152.5907727407157,109.81984874730661,10.292745785626769,10.258788039760153,9.67412723727424,5.873583977308337,54.0,51.0,24.0,-0.8847748639546774,-0.4643425267920058,-0.03948997247906554,10.48478569314457,-0.46267702423610063,0.885400613341329,-0.04467353958245809,9.440773539771078,-0.05570827010425814,0.02125492195266371,0.9982208257368594,5.854188460049764,53.60015346138184,41.677382784431266,25.193165620868704,14.584986765093818,4.539671755559597,23669.0,56279.36823448381, 0.0, 0.0,0.0,NaN, 102.40134337541018,102.40134337541018,0.0, 105.24273204472597, 8.611434997947212, 3.7773685275922326, 8.611434997947212, 93.58873780297131, -0.7824467434233299, 3.7773685275922326, -0.7824467434233299, 34.49898873849323, 6.033984201574382, 3.9480114750024993, 18.0, 0.0
18, 0 ,1.0,1.0,1.0,11.338973318531563,47.33311641082571,15.15687325345481,6.87372331748359,9.964145847235901,9.49144224646909,27.0,51.0,38.0,0.07759901451268802,-0.7749064510577718,0.6272944962740451,10.801246919411081,-0.054051779229977,-0.6315362896847326,-0.7734599666261431,8.55587767460733,-0.9955183564900917,-0.02611334755042113,0.09089166612499443,6.837380553357599,55.27086607897233,41.937177175748424,30.515672370835212,14.660728442866363,4.656478514166319,26123.0,70732.40220670238, 0.0, 0.0,0.0,NaN, 50.977711128496566,50.977711128496566,0.0, 47.2480722453176, -3.3012573524428017, 4.509316975104606, -3.3012573524428017, 99.28420246498847, -21.064774759850092, 4.509316975104606, -21.064774759850092, 90.08747591805819, 6.942320883579825, 4.117382248235536, 10.0, 0.0
19, 0 ,1.0,1.0,1.0,62.89553622361666,11.52157016543069,107.08571021106674,9.38514030628797,7.025488774072275,9.762689667801244,45.0,27.0,47.0,-0.5002407516988091,0.05527580173573275,0.8641202324227123,9.97469498443105,0.8630211822809358,0.11294574391720599,0.49237962779282907,9.192806139653577,0.07038202380030177,-0.9920624197465909,0.104204251603823,6.9818504624084685,47.47991190230345,48.77342762599963,29.8401919073165,14.66034950589664,4.221683668641494,28048.0,69102.66452909057, 7.105427357601002E-15, 0.0,1.4210854715202004E-14,58.64322204737766, 112.79033780832064,112.79033780832064,0.0, 88.08085856871107, 2.0825798839387315, -6.74061854968531, 2.0825798839387315, 49.35749251461556, 4.412761883995492, -6.74061854968531, 4.412761883995492, 95.31010954979314, 5.78896419920295, 3.8420916212979783, 16.0, 0.0
20, 0 ,1.0,1.0,1.0,191.64823652021283,134.5545499424058,118.57956228402172,4.87578772626815,9.664487014735052,9.692158009322704,19.0,45.0,46.0,0.025085548197283293,0.7021727372786579,0.7115645875774305,10.735309995210333,0.014883677865665896,-0.7119720205279436,0.7020500823435243,8.494804040924578,-0.9995745051794952,0.007020613075417266,0.02831112126377929,4.868774558378767,49.03888096495601,44.755024076128564,19.939766488341718,13.814983604589196,4.5010854348950495,18231.0,43762.5292906525, 0.0, 0.0,0.0,NaN, 104.79573733852376,104.79573733852376,0.0, 23.773305951627137, 1.0989703680899774, 2.140350662466739, 1.0989703680899774, 93.40230925798242, 21.51750454218303, 2.140350662466739, 21.51750454218303, 93.93792687767822, 6.163946646482029, 3.847479478587799, 10.0, 0.0
21, 0 ,1.0,1.0,1.0,11.585663391989636,153.32127820360574,188.06768865378388,7.2767338602522305,9.954375441011155,6.086892482214832,29.0,56.0,23.0,0.08605520657863243,0.9959956768645193,0.024230416585292958,9.973433895930734,0.9944318631569578,-0.08735409903571008,0.05894515179250711,7.256881201876143,-0.060825742567528145,-0.019022961095669144,0.9979671116786673,6.079391230127186,56.58784913702881,31.059294483912133,24.189020045748634,13.086944284603701,4.221681593307299,18526.0,42514.10569411183, 0.0, 0.0,0.0,NaN, 49.55311008242267,49.55311008242267,0.0, 52.95085567294133, 3.9936916490811796, 1.0508246845754696, 3.9936916490811796, 99.08959042060604, 1.4277295224375663, 1.0508246845754696, 1.4277295224375663, 37.050260090043444, 6.194426317878319, 4.074164001605562, 8.0, 0.0
22, 0 ,1.0,1.0,1.0,9.010903566002323,20.054070962552508,54.16627938153544,5.559545071640772,10.607611918218472,10.053161655591389,22.0,42.0,45.0,0.06375600190926205,0.9062153087076852,-0.41798204086345914,10.76361905030654,0.021400071115300245,-0.41997931533582655,-0.907281329933726,9.905037801763653,-0.9977360418351172,0.04889978480409581,-0.04616927408251972,5.52546490081152,49.843615634167264,52.02933347664465,23.2150007167652,14.843394040342742,4.91626734908765,22378.0,60204.16011897491, 0.0, 0.0,0.0,NaN, 58.458087270158245,58.458087270158245,NaN, 30.908541403605202, 4.322406233136894, -3.5859134940161517, 4.322406233136894, 112.52143060753056, -6.569183932954569, -3.5859134940161517, -6.569183932954569, 101.06605927345299, 5.317293104180191, 3.7330283532541197, 10.0, 0.0
23, 0 ,1.0,1.0,1.0,100.36677585726234,21.074121828826318,102.95466267075551,8.78250004752019,8.835235106454597,8.802640485333164,44.0,41.0,45.0,-0.6481705278032919,0.7354907790495959,0.1973025109323765,8.998406376614195,0.05627315264717958,-0.21212742878524538,0.9756204621921928,8.796280139690712,-0.7594131281314208,-0.6434712642301745,-0.09610636259723683,8.621734417762944,52.740287454449465,44.979336289858296,43.97301912011845,14.666904763646102,4.190712426209521,28696.0,104313.81285204932, 0.0, 0.0,0.0,NaN, 140.6722981303713,140.6722981303713,0.0, 77.13230708469212, -3.2003112715499373, -0.6818659259026315, -3.2003112715499373, 78.06137938632777, 0.3339292061368322, -0.6818659259026315, 0.3339292061368322, 77.4864795140265, 5.5807568201681494, 3.62640837284577, 16.0, 0.0
24, 0 ,1.0,1.0,1.0,123.27115514523756,10.705021391578473,145.59828867372212,8.849295856052818,6.5047949338887046,9.15030175955447,42.0,26.0,44.0,-0.6432773036408754,-0.04157830326135749,0.7645034697883535,9.807152760157237,0.7547833991819913,0.1330678335609978,0.6423355602725582,8.147854591375959,0.12843804319516855,-0.9902344148580624,0.05421690410662435,6.4639490149240295,42.06009250255825,43.30179922697192,28.006379492180546,13.710081725015963,4.047724751536258,22205.0,51007.39389510667, 0.0, 0.0,0.0,NaN, 94.66498460871384,94.66498460871384,0.0, 78.31003714795357, 3.9261907769107585, -14.82302616998342, 3.9261907769107585, 42.312357131944154, 0.3739604058941857, -14.82302616998342, 0.3739604058941857, 83.72802229090561, 5.90633044681606, 3.7918160853625915, 10.0, 0.0
25, 0 ,1.0,1.0,1.0,139.75901161968844,36.63721692912273,37.67501625625513,8.894768037964353,8.957901924445093,10.144726526148789,39.0,43.0,44.0,0.40577848246112325,0.27019050654931487,0.8731213623215118,10.46801536575964,-0.47552934595263996,-0.7534085586248414,0.4541446740067452,9.132638146754763,-0.7805226866077642,0.5994769669982852,0.17723346673000226,8.324179023193569,49.05110690993864,45.529036070560764,43.53822796757994,15.596908428692668,4.36037029327529,35371.0,97231.73088136436, 0.0, 0.0,0.0,NaN, 79.94166119901136,79.94166119901136,0.0, 79.1168984491922, 9.47328707426541, 11.225717072413046, 9.47328707426541, 80.2440068879771, 4.675265290782449, 11.225717072413046, 4.675265290782449, 102.91547629034686, 5.4665005580149, 3.569751413339158, 16.0, 0.0
26, 0 ,1.0,1.0,1.0,70.76422888150474,63.55058988507149,45.82013840197543,9.187171818912914,9.318029859292546,8.674182136649852,43.0,39.0,43.0,-0.6500821295512812,-0.7594749465968921,0.0243111153532526,9.655514062589642,0.6863327053390481,-0.6006041471448881,-0.41014884616971004,8.872264152319554,0.32609912974439864,-0.2499449217807984,0.9116945177283541,8.632799037813259,50.19121707319597,43.93953633493855,40.93791164467463,15.140641038590921,4.151172264457651,32803.0,90283.60271463027, 0.0, 7.105427357601002E-15,0.0,40.58206781894579, 105.57338039065873,105.57338039065873,0.0, 84.40412603022762, 7.506486058322186, -1.475598256230281, 7.506486058322186, 86.82568045866746, 0.6872688571753274, -1.475598256230281, 0.6872688571753274, 75.24143573977538, 5.720978294152645, 3.6383793244389073, 21.0, 0.0
27, 0 ,1.0,1.0,1.0,67.7133542423242,190.3709557609772,72.97573456586332,10.273731593343717,5.59244496480809,10.10140425585008,50.0,23.0,46.0,-0.7918581488764982,0.04840540121758791,0.608783696554737,10.500395138688724,0.6106128747944014,0.04543437540484892,0.7906248381292406,9.88196044632387,-0.010610805492617116,-0.9977938838580516,0.06553454159649136,5.563445797819464,46.380729903162226,49.53652170013103,23.946627675456767,14.723317631911254,4.699711415228699,24232.0,55018.33574727268, 0.0, 0.0,0.0,NaN, 100.01637201543996,100.01637201543996,0.0, 105.54956085206884, -1.1893504986898467, -6.030189324261901, -1.1893504986898467, 31.275440684407357, 4.733043990898565, -6.030189324261901, 4.733043990898565, 102.03836794010611, 5.349962273228282, 3.661951545817806, 16.0, 0.0
28, 0 ,1.0,1.0,1.0,92.17666029622552,126.70661132345914,77.17107620640229,8.970842636504237,8.18271191323813,10.291549781580837,43.0,39.0,48.0,-0.1047173232798002,-0.10397358218266699,0.9890519583991619,10.325031756386814,0.9881941551301264,0.10095629618666578,0.11523948119861387,8.964548610868702,-0.11183288412523978,0.9894429344173287,0.09217421309594306,8.147353938776929,46.84395884018958,42.665694892944884,39.01594730774748,15.339560908667469,4.248136050081939,33488.0,77978.44493124235, 0.0, 1.4210854715202004E-14,0.0,84.03196652982345, 140.79713253440426,140.79713253440426,0.0, 80.4760176089223, 1.833065199785429, -2.573879802827144, 1.833065199785429, 66.95677425504921, -3.974055669854348, -2.573879802827144, -3.974055669854348, 105.91599690675656, 5.758040768396495, 3.624997489627634, 19.0, 0.0
29, 0 ,1.0,1.0,1.0,125.85818760874052,74.70369496623515,165.66639143640705,9.017430792606993,8.987533472859223,9.393624657045839,43.0,42.0,44.0,-0.48842053655642864,-0.3301905090502788,0.8077249576452669,9.754734846777762,0.5303958121803979,-0.8473613880756035,-0.02567022438708353,8.939959350707046,0.6929110057514071,0.41587607015997546,0.5890003670430679,8.674806920009608,47.93312205591515,42.32944806913633,44.76446237908203,15.27101031621751,4.138386659636437,33911.0,90826.3153038946, 0.0, 0.0,0.0,NaN, 110.70883913792542,110.70883913792542,0.0, 81.31405809945677, 1.1105856239162681, -7.915346748321129, 1.1105856239162681, 80.77575792576495, -5.20648458750799, -7.915346748321129, -5.20648458750799, 88.24018419745954, 5.619103716960621, 3.6353177548074713, 17.0, 0.0
30, 0 ,1.0,1.0,1.0,45.796626605154124,53.534042490670274,171.30771943228234,9.133904484021022,10.334109289594297,8.492387286841451,44.0,45.0,40.0,-0.2912660492777301,0.9163126850499376,0.2748365910040302,10.604920820173708,0.9391320697218992,0.3285963279444037,-0.10027666169810338,9.01055050100974,-0.1821950717171156,0.22890066945735993,-0.9562475826709145,8.287840601073603,52.415032346023445,45.33861635002789,43.872620956612195,15.552363916201271,4.524007557486889,34031.0,104259.99512187118, 0.0, 0.0,0.0,NaN, 76.06886142161869,76.06886142161869,0.0, 83.42821112321934, -7.825450087334204, -4.681621868566207, -7.825450087334204, 106.79381480927914, 10.612456496655872, -4.681621868566207, 10.612456496655872, 72.12064182970632, 5.547821781087666, 3.5803999919088834, 19.0, 0.0
31, 0 ,1.0,1.0,1.0,188.924149537204,182.15248226950354,187.47776175021036,6.548506337447466,9.337310532581856,6.996724766752497,26.0,47.0,28.0,0.0080687304771484,-0.9898696597801157,0.14174961105867262,9.38084840821744,0.5141400100772485,-0.1174753669312542,-0.849623203662738,7.147994863630288,-0.8576683191224064,-0.0797345270956378,-0.5079837197810386,6.318885444973728,48.9578235890943,37.96417727295848,32.06962445797717,12.713178246080298,4.17103818953198,16638.0,59605.99884212445, 0.0, 0.0,0.0,NaN, 24.454341197404986,24.454341197404986,0.0, 42.88293525158963, -1.058334377682801, -4.822398405531601, -1.058334377682801, 87.18536798186408, -5.630729748784988, -4.822398405531601, -5.630729748784988, 48.95415746168779, 6.292193495287949, 3.964106061453145, 7.0, 0.0
32, 0 ,1.0,1.0,1.0,89.52505646527386,75.88008187464709,100.36624788255223,10.494258146634046,8.944734559188946,7.3938351809307425,48.0,43.0,37.0,-0.9733029043197853,-0.21650605299177533,0.07620095445985857,10.593522231930978,0.19702245277131492,-0.9584006054241427,-0.2065198117048626,8.90918366892158,0.11774383018505051,-0.18599303358072145,0.9754706463614343,7.294536458221216,48.6880234800671,41.534089837606274,36.540627482593294,15.024450077990418,4.367199207648134,28336.0,73892.92246808008, 0.0, 0.0,0.0,NaN, 153.94611759123595,153.94611759123595,0.0, 110.12945404819504, 7.495134876799838, -5.4413126763344675, 7.495134876799838, 80.00827633434908, 4.204881080777531, -5.4413126763344675, 4.204881080777531, 54.66879868276915, 5.877373196191997, 3.679477987706068, 19.0, 0.0
33, 0 ,1.0,1.0,1.0,143.11008575689783,71.43095948297291,115.90200099428287,9.543679048791075,9.772986555723019,8.045740075107998,47.0,43.0,36.0,-0.6155452503231582,-0.7761484739116203,0.13673913576318647,10.400269315277846,0.7584612225055778,-0.536273823050062,0.37033358025787444,9.068206660918056,-0.21410422405909033,0.33166840843820716,0.9187793250199534,7.805705316334134,51.010858125921416,43.007619773644834,40.90995263504041,15.247003771336674,4.342336393892312,32184.0,89750.52829984971, 0.0, 0.0,0.0,NaN, 124.14232860717264,124.14232860717264,0.0, 91.08180978633372, 13.902501570712966, 2.0078986601185616, 13.902501570712966, 95.5112662183429, -9.244057724046208, 2.0078986601185616, -9.244057724046208, 64.73393335619885, 5.535570848242408, 3.5656734484384303, 20.0, 0.0
34, 0 ,1.0,1.0,1.0,146.49347487615003,105.02782731776362,83.59912243453645,9.354467648952417,9.360835497438014,9.58047698268338,43.0,47.0,45.0,-0.4980187991281474,-0.7204208835650681,-0.48267072237529035,9.84003341190767,-0.5888419806815528,-0.12765691444194507,0.7981032727549663,9.639897556574915,-0.6365865200441996,0.6816872176581337,-0.360638516772027,8.784245156665458,49.11318010273507,48.1875640965303,43.127042890150186,15.714431749080026,4.469169970433542,35325.0,102066.37946899442, 0.0, 0.0,0.0,NaN, 137.37348756815607,137.37348756815607,0.0, 87.50606499529736, 8.239884336779749, -2.6820637587781717, 8.239884336779749, 87.6252412100956, 5.231282735933488, -2.6820637587781717, 5.231282735933488, 91.78553921572606, 5.301108268436943, 3.411938820557471, 20.0, 0.0
35, 0 ,1.0,1.0,1.0,9.801034037052995,97.41413183972426,110.5101249461439,5.924591384689429,9.90145186425212,9.605649907862901,25.0,49.0,48.0,0.04353208602945328,-0.8567091855781047,0.5139594622458318,10.032659946585515,-0.16163673495026892,-0.5137089813786646,-0.8426011205579487,9.554641765640923,0.9858897115806313,-0.04639454490556998,-0.16083849913022782,5.784686454295808,45.57872444324189,44.849705761317665,25.405040740261352,14.309845372347619,4.54272689775159,23210.0,51932.79070132473, 0.0, -1.4210854715202004E-14,0.0,31.050925685961257, 132.64241813024003,132.64241813024003,0.0, 35.10078307553621, 2.2958837068438775, 9.379308789373166, 2.2958837068438775, 98.0387490201018, -4.554214605012372, 9.379308789373166, -4.554214605012372, 92.26851015242657, 5.427124412735954, 3.590932503474171, 16.0, 0.0
36, 0 ,1.0,1.0,1.0,101.46985012199373,97.0991286162426,171.73680724991286,9.268912387895657,8.407970786737192,8.767313959171938,41.0,41.0,46.0,-0.8826125725293694,-0.3274628939421149,0.33728785911168435,9.516705458238537,-0.23786434475100657,-0.30777114738074024,-0.9212477811838229,8.685918760018556,-0.40548193586060366,0.8933336296876982,-0.19375093744222138,8.213381531336122,44.692293824199574,46.19891204033647,40.125808898159924,14.687342898192338,4.213604425517397,28690.0,82849.17613013726, 0.0, 0.0,0.0,NaN, 141.19220685804362,141.19220685804362,0.0, 85.91273685448556, 7.263358182399884, -5.12924927601343, 7.263358182399884, 70.69397275062603, -0.2880961944493589, -5.12924927601343, -0.2880961944493589, 76.86579405869111, 5.35223712555807, 3.5268325243305605, 15.0, 0.0
37, 0 ,1.0,1.0,1.0,116.78928637172486,38.35218138307664,158.04025280726515,9.214669352490263,8.41530378837515,9.668946750972935,45.0,39.0,47.0,-0.6087854381250797,-0.1322910447417259,0.7822271855464997,10.153143401856514,0.5977123659072486,0.5718514863064695,0.5618948346894115,9.028106205933634,0.5216514334001339,-0.8096202548665786,0.26906286429264337,8.038841819269406,51.04364246804863,45.013916784230986,41.052214019519575,15.19110406536569,4.294922313003719,32594.0,94324.61606066622, 0.0, 0.0,0.0,NaN, 100.77466479153105,100.77466479153105,0.0, 84.91013127572332, 8.868619431152082, -12.646147871378279, 8.868619431152082, 70.81733785064115, 1.444834571559281, -12.646147871378279, 1.444834571559281, 93.48853127315009, 5.2987388641761335, 3.4061070971996634, 14.0, 0.0
38, 0 ,1.0,1.0,1.0,181.85004632966127,160.52645938433028,8.343199835272316,9.43602763731871,9.367226074023316,5.400480085018086,39.0,48.0,21.0,-0.7307262084727737,0.6812991813540532,0.04325082354478063,9.88658754136139,-0.6819641831283972,-0.7313850688849135,-8.567042830602301E-4,8.89761164373739,-0.031049334630917164,0.030121528820889754,-0.9990638779980336,5.388563896532013,54.46801646540783,49.410092596161746,21.344583201239466,13.66123272983453,4.395389327929344,19426.0,57444.03082019, 0.0, 2.8421709430404007E-14,0.0,47.05475073753913, 44.24014252309386,44.24014252309386,0.0, 89.03861757224254, -9.201607320778647, -2.142193909186218, -9.201607320778647, 87.74492432186226, 2.05601231775304, -2.142193909186218, 2.05601231775304, 29.165185148676954, 5.892515105020738, 3.6301957363527073, 11.0, 0.0
39, 0 ,1.0,1.0,1.0,53.31706603255899,83.72943113224804,72.06109383574173,7.7020731738927495,8.676982565209618,9.16808465448243,34.0,42.0,45.0,0.04173602316736548,0.3843501894379759,0.922243479916863,9.265933020470008,-0.13689542164556734,-0.9121426876124139,0.3863358137264579,8.591314142350038,-0.9897058895968315,0.1423750305151647,-0.014546572900530672,7.680985640679591,43.57004258551106,39.5048230307516,35.07065985295377,14.267492523040382,3.886436793473262,27335.0,60364.560396529654, 0.0, 0.0,0.0,NaN, 122.66266103771635,122.66266103771635,0.0, 59.32193117599833, 2.2805568091021007, 0.25042984180085764, 2.2805568091021007, 75.29002643695169, 4.300854216541295, 0.25042984180085764, 4.300854216541295, 84.05377623175622, 5.202739219822961, 3.4403171608886045, 16.0, 0.0
40, 0 ,1.0,1.0,1.0,155.23332148741642,178.468613704649,135.58485445675703,9.366360882949152,9.59504039195369,8.38462026579341,44.0,45.0,39.0,0.6278286325462832,0.7605561088307652,0.1654859917795766,9.871087233835446,-0.6927267603423422,0.6429329386582924,-0.3267520036569265,9.2211440132006,-0.35490962745559296,0.09050768867018061,0.9305092770257126,8.223594908812208,48.433407232724846,49.94022551712823,41.186368426057896,15.16597280645599,4.482035491633031,30953.0,99620.56981225031, 0.0, 0.0,0.0,NaN, 81.34474215464586,81.34474215464586,0.0, 87.72871618964002, 6.484207405583452, 7.0361897429425735, 6.484207405583452, 92.06480012322281, 0.09623254950215925, 7.0361897429425735, 0.09623254950215925, 70.30185700155357, 5.5071163313681835, 3.573337485789715, 17.0, 0.0
41, 0 ,1.0,1.0,1.0,133.57957267112064,137.25910752552628,18.480776503214422,9.15845785476437,8.269135160596107,9.582839367255591,47.0,39.0,38.0,0.4487950896465378,0.054714416110807185,0.8919581269200979,9.70862550293941,0.8433887253573268,0.304039307371647,-0.44300740119450893,9.112303645957399,0.2954292224024222,-0.9510869740684194,-0.09030582654556554,8.172837330319965,46.13801688877491,47.46183565643726,40.84266605335428,15.045058467753309,4.2110536237696365,31732.0,89437.06489287168, 0.0, 0.0,0.0,NaN, 93.21819487206443,93.21819487206443,0.0, 83.87735027749518, 4.838357289110238, 4.926006533763492, 4.838357289110238, 68.37859630420681, -0.8469981220669425, 4.926006533763492, -0.8469981220669425, 91.83081033862354, 5.387282339212919, 3.4067562634151205, 14.0, 0.0
42, 0 ,1.0,1.0,1.0,117.81717272987683,89.43311372099684,63.212188484674876,8.337736437169958,8.731035954790313,8.684742683568773,39.0,42.0,39.0,-0.4089035093020939,-0.7142847804111985,0.5679746231596604,9.3048960417848,-0.5166640915694072,-0.3318283510883765,-0.7892706518658402,8.405431880562203,-0.7522340969161074,0.6161876320463556,0.2333595199470409,7.996325266780997,50.472294034138024,41.472958458125376,40.481047843967,14.340115984307715,3.9414041629769363,27928.0,84736.36050440754, 0.0, 0.0,0.0,NaN, 136.92362725609382,136.92362725609382,0.0, 69.51784889571158, 7.762907428365753, -2.521754712018399, 7.762907428365753, 76.23098884384119, -7.427514749019946, -2.521754712018399, -7.427514749019946, 75.42475547980133, 5.2926136976824525, 3.386509542710634, 15.0, 0.0
43, 0 ,1.0,1.0,1.0,15.913464944768284,152.73817268364948,56.98827735016586,9.317995774736808,8.351014295147278,9.181928314532374,35.0,41.0,44.0,-0.8953701568937446,0.10888015018904466,0.43180712712839997,9.420192755891087,-0.36186849252209075,0.38724491575077047,-0.8479932602002024,9.245386324874131,-0.2595447480953151,-0.9155252525845414,-0.3073272451575841,8.164257022820019,45.59501763377381,43.69280554709192,39.26026717322071,14.950980444766063,4.164189756626498,31051.0,78213.29289400837, 0.0, 0.0,0.0,NaN, 75.72702584393721,75.72702584393721,NaN, 86.82504525801299, -4.790587420663884, -2.7628578390423626, -4.790587420663884, 69.7394397577542, -5.142485109759839, -2.7628578390423626, -5.142485109759839, 84.30780757321132, 5.673295943251417, 3.669136966124487, 19.0, 0.0
44, 0 ,1.0,1.0,1.0,184.49525948103792,11.914795409181636,94.38481370592149,8.450566253759677,6.7692961660395135,10.381585505758203,33.0,27.0,48.0,-0.29456856628922035,0.05816646339991518,0.9538584917532892,10.560916501878618,0.9080757724086777,-0.29391152650938845,0.2983528215876376,8.379473169380576,-0.29770413386229094,-0.9540611495708581,-0.03375754079958766,6.577555035884292,49.29880638753487,44.466180357756855,32.54023623620907,14.32610020648784,4.446977746710642,24048.0,71332.41557317383, 0.0, 0.0,0.0,NaN, 96.38906777484937,96.38906777484937,0.0, 71.41207000918185, -8.362866488828717, -11.88007864427489, -8.362866488828717, 45.82337058355726, 1.4243797107215428, -11.88007864427489, 1.4243797107215428, 107.77731761336878, 5.780158440210049, 3.68260939545891, 10.0, 0.0
45, 0 ,1.0,1.0,1.0,186.3413181084771,24.146621985023376,177.18435315046958,8.088992745247053,8.797987901137715,8.419031090117242,33.0,44.0,43.0,-0.6046658490420757,0.7166474070116288,0.34755676518481743,9.309589644960448,0.22062672901198652,0.5699968753099073,-0.7914716726342217,8.702229336779475,-0.7653123920646369,-0.4018955786774101,-0.5027692178244928,7.163743745425679,48.59796954930391,45.152795248382574,39.14246445982633,14.003017168183181,4.1990462518471405,24171.0,85891.64720532767, 2.8421709430404007E-14, -3.552713678800501E-15,0.0,49.09571494185739, 35.918973892135575,35.918973892135575,0.0, 65.43180363265944, -12.248298844749685, -11.691237991451532, -12.248298844749685, 77.4045911085656, -2.2074116737108653, -11.691237991451532, -2.2074116737108653, 70.88008449636071, 5.678751422569713, 3.621570594134134, 12.0, 0.0
46, 0 ,1.0,1.0,1.0,182.04652669777087,94.18474598237428,79.9556765163297,9.43561437732019,8.496516413301428,9.507751342158503,38.0,43.0,43.0,0.6671326461963759,-0.23401380952280385,0.7072280886189726,10.619891857682092,0.5881486153593888,0.7481115796040062,-0.30726254362227834,8.467732850306726,-0.4571818441603455,0.6209400948682757,0.6367245557971843,8.193554950708688,54.52712276075087,50.70696340980194,47.53429792250883,15.204902085948856,4.519944466474388,30864.0,131427.8093780958, 0.0, 0.0,-1.4210854715202004E-14,44.990169801209916, 124.84391769951061,124.84391769951061,0.0, 89.03081867749148, -5.1164559107921646, 20.711756367371525, -5.1164559107921646, 72.19079116150057, -8.604823337743445, 20.711756367371525, -8.604823337743445, 90.39733558431683, 5.505533373304882, 3.3846964184011044, 14.0, 0.0
47, 0 ,1.0,1.0,1.0,29.49028586821105,152.377386443988,128.98148085794134,9.505912230537874,8.967991486386389,8.313128885774388,50.0,44.0,40.0,-0.6767807372039019,0.5814828299932991,-0.4514925826331227,9.683892231022076,-0.7333947296573352,-0.5858782238538666,0.3447881629706605,9.364688955193207,0.06403127564391847,-0.5644682676969737,-0.8229675391548503,7.643309658552206,47.523007812589974,51.793113134222374,36.111304027399825,14.87819832835849,4.3051788590172935,29699.0,88883.08250816417, 0.0, 0.0,0.0,NaN, 90.45009863800603,90.45009863800603,0.0, 90.36236733468954, -1.3346619081756896, 3.400709021432256, -1.3346619081756896, 80.42487129989874, -15.196721689477858, 3.400709021432256, -15.196721689477858, 69.10811187149652, 5.326820768687118, 3.4320549766356017, 21.0, 0.0
48, 0 ,1.0,1.0,1.0,178.65148738623176,81.73190397654389,18.538452140981004,10.229051862340333,8.88046411387595,9.185458255077082,49.0,42.0,42.0,-0.8030416932728056,0.4887558320610261,0.34094248120743087,10.914964677986708,0.5001230384037121,0.24164919450111427,0.8315543357200431,9.164388760797422,-0.3240385553038165,-0.8382859914273272,0.43849243009807914,8.046509364645194,57.45459251141993,45.99155108624052,43.50405986728863,15.633847569367932,4.842685041774061,32742.0,114956.25135649859, 0.0, 0.0,0.0,NaN, 86.4843183833616,86.4843183833616,0.0, 104.63350200244821, -19.02245567539118, -6.890132631459953, -19.02245567539118, 78.86264287783855, 12.929556315849181, -6.890132631459953, 12.929556315849181, 84.3726433557637, 4.630233700056714, 3.2285420202998516, 19.0, 0.0
49, 0 ,1.0,1.0,1.0,16.96370459229184,134.53575712835655,12.36845990587801,9.855679647616366,10.365680446989813,7.971013469342536,41.0,49.0,31.0,-0.30511476778445723,0.9012509147057429,-0.3076552733529833,10.824478619120073,-0.9347148261224361,-0.22159316469975204,0.27785727124776316,9.829909383961086,-0.18224481421083327,-0.3723483021317683,-0.9100239390218524,7.3703698890430625,55.85636779040978,49.870395265853034,36.78621212851513,15.645427383267153,4.831087886688291,32511.0,102470.9051382808, 0.0, 0.0,0.0,NaN, 68.74818665750665,68.74818665750665,0.0, 97.13442131643946, -8.51954128106003, -5.087823115593624, -8.51954128106003, 107.44733112910694, -20.030630698550567, -5.087823115593624, -20.030630698550567, 63.53705572844013, 5.693437367675855, 3.4978109794338486, 15.0, 0.0
