// Sample: .//bubblelabels.tif, Map: .//bubblelabels.tif, Thickness:(8.191250068658265):/gpfs/home/mader/Foam/NewValid/InSilicoTest/LatticeDataPhi_16.0/out_Step_05000.vtk/distmap.tif, Neighbors:(1.0):
//LACUNA_NUMBER, TRIANGLES, SCALE_X, SCALE_Y, SCALE_Z, POS_X, POS_Y, POS_Z , STD_X, STD_Y, STD_Z,PROJ_X, PROJ_Y, PROJ_Z, PCA1_X, PCA1_Y, PCA1_Z, PCA1_S, PCA2_X, PCA2_Y, PCA2_Z, PCA2_S, PCA3_X, PCA3_Y, PCA3_Z, PCA3_S,PROJ_PCA1, PROJ_PCA2, PROJ_PCA3,OBJ_RADIUS, OBJ_RADIUS_STD, VOLUME, VOLUME_BOX, Mask_Grad_X,Mask_Grad_Y,Mask_Grad_Z,Mask_Angle, Mask_Distance_Mean,Mask_Distance_COV, Mask_Distance_STD, SHAPET_XX, SHAPET_XY, SHAPET_XZ, SHAPET_YX, SHAPET_YY, SHAPET_YZ, SHAPET_ZX, SHAPET_ZY, SHAPET_ZZ, Thickness, Thickness_STD, Neighbors, Neighbors_STD
1, 0 ,1.0,1.0,1.0,128.89266913750865,15.041371945473962,183.03302971292166,22.441874742860044,9.442691854095123,9.683465815834813,90.0,39.0,41.0,-0.9923051679551012,-0.03932937181745105,0.11740380812410968,22.588245916641423,0.05397487635122191,0.7159682221271659,0.6960432584451444,10.043897008151692,0.11143233988599714,-0.6970241785020866,0.7083361689275947,8.686941978108795,90.95287135168138,55.86681061934695,46.50865956905808,24.339887512272963,9.702657240264402,79595.0,236321.97942559904, 0.0, 0.0,0.0,NaN, 74.63493453546072,74.63493453546072,0.0, 503.6377419742195, 17.949713430871153, -49.69551890398323, 17.949713430871153, 89.16442945139441, 10.65888853766373, -49.69551890398323, 10.65888853766373, 93.76951020644138, 11.712560419287392, 6.446557584545277, 10.0, 0.0
2, 0 ,1.0,1.0,1.0,180.94282137260222,165.50559004036035,92.03333887813974,11.196723965460244,16.31080964509911,15.52044594561807,48.0,72.0,80.0,0.16277596112165316,0.9413283821508963,0.29564313527984687,16.537108813309697,0.04843813922171959,0.2916541398990912,-0.9552966080482326,15.419571424432934,-0.9854733548653963,0.1698197268779372,0.0018780877092024718,11.00246474076552,78.44244463866207,83.61971964692205,54.81610694577071,23.995122854811232,7.518474603980355,114221.0,359557.2214117332, 0.0, 0.0,0.0,NaN, 100.11581214153308,100.11581214153308,0.0, 125.36662755871176, 25.003685911991575, 1.9346331779016963, 25.003685911991575, 266.04251127865814, 9.901547991405225, 1.9346331779016963, 9.901547991405225, 240.8842423508524, 7.869344245693596, 5.534062740884899, 17.0, 0.0
3, 0 ,1.0,1.0,1.0,169.62172462734418,62.149537827537266,169.47151677581573,15.091977821067616,15.20693923910991,14.450168979347357,61.0,78.0,69.0,-0.6931827002312148,-0.7121297587267815,-0.11121578501228115,16.278317513287227,0.21619689481958929,-0.3526320393385357,0.9104446976628029,14.535099572773143,-0.6875730119562062,0.6070600065625154,0.3983986717620794,13.841005687862662,79.85261486393338,75.14023675328005,74.02713506107703,24.826926001099082,7.172860269179169,138801.0,444173.4988664806, 0.0, 0.0,0.0,NaN, 75.61344427258088,75.61344427258088,0.0, 227.7677945515968, 34.73635264612526, 9.536206427289562, 34.73635264612526, 231.25100102198073, -0.5092456264638172, 9.536206427289562, -0.5092456264638172, 208.8073835316926, 8.09737634319267, 5.516177113486434, 17.0, 0.0
4, 0 ,1.0,1.0,1.0,16.229336483559756,44.49328607993699,15.67995668438669,10.082681118037849,12.168851436175066,10.43311014410857,45.0,61.0,41.0,-0.15384740662369606,-0.9255308988526161,0.3460108824072337,12.404448605636642,0.6476930252515603,-0.3589162537739089,-0.6720661186352017,10.785933361038026,-0.7462068885474354,-0.12071320576462423,-0.6546782426798551,9.401302431270055,58.81924074487954,61.9819093889996,48.29982260655036,18.116291960013033,5.512817492209215,50790.0,176088.05673522255, 0.0, 0.0,-1.7763568394002505E-15,69.75648400096114, 49.88892573018547,49.88892573018547,0.0, 101.66045852803695, 2.8266628025377805, -15.653241493595933, 2.8266628025377805, 148.08094527569997, -14.229014269947175, -15.653241493595933, -14.229014269947175, 108.84978727910114, 9.472381762850704, 5.909456839829766, 7.0, 0.0
5, 0 ,1.0,1.0,1.0,30.18321554234409,108.62248999029362,173.9585203834021,16.001006704331843,14.512093788860243,13.563234663055887,75.0,70.0,63.0,-0.9754231023614447,0.1883984299476871,0.11426199268707249,16.11259470809878,-0.11631238967159045,-0.8806931394433791,0.4591851719581642,14.743315760746686,0.18713951851081106,0.43460973957173477,0.8809615059018926,13.176241814923364,77.43240642318223,77.6502135915773,69.60752087834649,24.470459572491414,7.1965981216827775,131872.0,418525.1660336008, 0.0, 0.0,2.8421709430404007E-14,83.43894024094416, 99.6947064626366,99.6947064626366,0.0, 256.03221555207256, -11.322737053017208, -11.9220366035507, -11.322737053017208, 210.60086613667605, -15.842013314070394, -11.9220366035507, -15.842013314070394, 183.96133452512072, 7.677856553809207, 5.190822749581085, 18.0, 0.0
6, 0 ,1.0,1.0,1.0,49.04354584340288,12.63725790530651,24.438669344316235,20.165598978912115,8.193696336844605,14.1533794312845,86.0,34.0,62.0,-0.9828604339038738,-0.02129746495649363,0.1831168628300394,20.351332881304607,-0.18397409093080358,0.049811914637152815,-0.9816681246869359,13.901961334457171,-0.01178564094451414,0.9985315173526611,0.052876341788356325,8.16485836828886,86.61611458855245,69.56659354341903,35.53260368886625,24.372301571105115,8.949698726315821,88137.0,214104.8317427909, 0.0, 0.0,0.0,NaN, 56.23360414894295,56.23360414894295,6.743495761743046E-7, 406.65138217830133, 6.114097418330902, -39.68051570785821, 6.114097418330902, 67.13665966042069, -7.545835487852587, -39.68051570785821, -7.545835487852587, 200.3181493259072, 7.655125843660249, 5.0752725334726465, 10.0, 0.0
7, 0 ,1.0,1.0,1.0,161.59922508979645,176.0819558999601,138.55154982040708,15.466929882156084,14.121557209302447,15.019732373625988,74.0,59.0,80.0,-0.8052504831968741,0.4067732864083619,-0.43140138244532955,16.718748619108307,-0.16090894290248656,0.5503496501543796,0.8192823534465734,14.98484884345086,0.5706837753127426,0.7291438514034748,-0.37771586219710473,12.656002857161361,89.86159639227202,83.01332983417521,73.60087769011392,24.544107372877008,7.862789062358327,120272.0,549041.2283922771, 0.0, 0.0,0.0,NaN, 76.30599174867912,76.30599174867912,0.0, 239.22591997953282, -44.79151890473352, 32.97175406115622, -44.79151890473352, 199.4183780156019, 8.082017206167505, 32.97175406115622, 8.082017206167505, 225.59236057534858, 7.589928708848881, 5.038164675645382, 19.0, 0.0
8, 0 ,1.0,1.0,1.0,89.25770042648516,123.75529875500797,79.51894412613622,13.511581270051314,12.440368746759209,12.679268799582099,70.0,61.0,65.0,-0.7540719454427025,-0.4679174329418806,-0.46089996424966045,13.831258211536072,-0.6518519806740075,0.44727703175668443,0.6123987689033202,13.09909103091704,-0.08040209193565931,0.7622312856423639,-0.6422919669436624,11.627535023132186,67.38242038625381,68.72373542772223,57.74239365347534,21.49677932296833,5.998161301950316,92852.0,267391.8384425801, 0.0, 0.0,0.0,NaN, 141.7866496828874,141.7866496828874,0.0, 182.5628284172015, 9.187149564793172, 4.973793832656421, 9.187149564793172, 154.7627745553433, 22.066319836835888, 4.973793832656421, 22.066319836835888, 160.7638572920561, 7.387737891682246, 4.9717798054966655, 22.0, 0.0
9, 0 ,1.0,1.0,1.0,171.232721615299,38.709123532217404,16.218605918826228,15.796976931767741,14.005860774181132,11.141651952545947,72.0,69.0,52.0,0.8560865832112453,0.3895606479196935,0.3396443193078379,16.84253541046672,0.42024952250747816,-0.9072156897373657,-0.018709118808566155,13.523039196536002,-0.3008423189611664,-0.15875198860721515,0.9403678563388489,10.163731415004266,88.76856676446387,75.61696888089102,56.21051706987988,22.570348468735972,7.773312964239972,88058.0,377308.03410990577, 0.0, 0.0,0.0,NaN, 50.88217495592673,50.88217495592673,0.0, 249.54448018280218, 29.815768373734187, 51.81951791893437, 29.815768373734187, 196.1641360257457, 25.215646187794764, 51.81951791893437, 25.215646187794764, 124.13640823167094, 7.529561361688228, 5.024596499409446, 13.0, 0.0
10, 0 ,1.0,1.0,1.0,76.13879942935735,54.358061181777025,43.69556897685822,12.790046238171563,14.354937489262884,16.693340006761158,64.0,68.0,81.0,-0.23615391896384783,0.5200015628623741,0.8208713061002342,18.337366219390937,0.36314719460111594,-0.73632692282622,0.570917487711323,12.63706961682416,-0.9013076287324745,-0.4329215140668774,0.014950620277664447,12.34352402322869,88.55542079571678,60.5797359720841,63.82668884408521,24.268858658915022,7.703220954246613,117061.0,342408.74056409596, 0.0, 0.0,0.0,NaN, 103.25317594242365,103.25317594242365,0.0, 163.58528277456656, -24.543347298259157, -34.128365593460025, -24.543347298259157, 206.06423032064498, 75.41435000841501, -34.128365593460025, 75.41435000841501, 278.6676005813326, 7.490821093812965, 4.796341037288832, 18.0, 0.0
11, 0 ,1.0,1.0,1.0,60.27965741422395,74.08504505251807,139.00167974865983,12.200776888714827,14.983687704262254,12.14504199334837,63.0,65.0,61.0,-0.010208224563859235,0.9582331451976216,0.2858059334512272,15.23540284145281,0.8237439528355203,-0.15397313145196173,0.5456538966760791,12.525896378787921,0.566870084162294,0.2410010668763738,-0.7877669664604398,11.482870681749064,68.44395440248937,64.88025588016642,54.145522803815254,21.95116387706929,6.246463268866625,96443.0,240441.9263340775, 0.0, 0.0,0.0,NaN, 113.32707563462004,113.32707563462004,0.0, 148.85895668819785, -4.156898376361829, 10.96322901090682, -4.156898376361829, 224.51089721885987, 25.35449148928878, 10.96322901090682, 25.35449148928878, 147.50204502019534, 8.16350759455311, 5.137817958749854, 21.0, 0.0
12, 0 ,1.0,1.0,1.0,41.436580945608036,55.30820582230277,176.69343442453717,13.422892257920267,12.183893225480839,12.580732122625115,67.0,61.0,52.0,0.81956047016487,0.27098463322944166,0.5048643028543834,13.920145399303191,-0.5567629551597539,0.584836216974834,0.5898996618716975,12.372840600915504,-0.13540918545252117,-0.7645481854455423,0.6301828501530446,11.83378548755639,70.4382089044211,70.83313951316094,64.0231838923946,21.213832853562163,6.07201837118799,87182.0,319434.6793898431, 0.0, 0.0,0.0,NaN, 72.93273524740096,72.93273524740096,0.0, 180.17403656773587, 7.684385194094146, 17.946864019330405, 7.684385194094146, 148.4472541299179, 11.852829907695446, 17.946864019330405, 11.852829907695446, 158.2748207412514, 7.390870326439314, 4.890326679872643, 11.0, 0.0
13, 0 ,1.0,1.0,1.0,78.45474034067304,186.40691316992107,27.4839551308683,12.264181389935176,7.916884738674763,14.925322074606564,59.0,31.0,59.0,-0.21964378665623158,0.009351794854024988,0.9755353150533914,15.055016816658494,0.9752715664773919,0.027253054743646157,0.21932314658483773,12.107790394485408,0.02453525227190956,-0.9995848212833909,0.015106503758504176,7.912036942201954,60.6186912220832,60.075581285741556,31.972393074615127,19.8632825653072,6.426698521967392,60175.0,116433.96335623547, 0.0, 0.0,0.0,NaN, 84.23352112507276,84.23352112507276,0.0, 150.4101451652323, 1.895624894362783, -17.1845275978574, 1.895624894362783, 62.677063965461365, 1.9987349342013894, -17.1845275978574, 1.9987349342013894, 222.765239030738, 7.444264405822179, 4.898735769641111, 10.0, 0.0
14, 0 ,1.0,1.0,1.0,183.8825729910754,19.47419705363664,176.6922706949071,9.52327320006364,11.858090001841356,12.542688726695403,40.0,49.0,54.0,0.17850075073964078,0.6058635676236072,0.7752849923813684,13.495198138307442,-0.18418243655789185,-0.7534374871633853,0.6311963109845629,10.954234327526223,-0.9665476253392706,0.2554628942984035,0.02289972898747972,9.301099340135103,75.47972091842274,59.58649114030649,42.677046259946735,18.81475646229636,5.8848118656491115,56137.0,191943.0764277652, -2.8421709430404007E-14, 3.552713678800501E-15,0.0,82.72142428707652, 34.38409588212795,34.38409588212795,0.0, 90.69273244305037, 14.986620356939916, 9.338572571046607, 14.986620356939916, 140.61429849176992, 28.9853350571207, 9.338572571046607, 28.9853350571207, 157.31904049477194, 7.908347783460282, 5.18397057460478, 3.0, 0.0
15, 0 ,1.0,1.0,1.0,184.88652553678858,14.56699473909432,97.16170362725602,8.366980028630541,8.62707052818655,14.150704400010149,33.0,35.0,72.0,-0.20359459482267445,-0.1374536989822999,0.9693584071926515,14.466283726808928,0.5103951166718109,-0.8598139837489904,-0.01472203203567066,8.7088271122392,0.8354915115287286,0.491758471188625,0.24520917637328835,7.717389531367747,76.11673226524847,43.33919440518707,42.989616622865384,17.54855305974682,6.059985249446349,39727.0,141815.77477906417, 0.0, 0.0,0.0,NaN, 99.40327508603366,99.40327508603366,0.0, 70.00635479950235, -2.95708177602544, -29.669595993866448, -2.95708177602544, 74.42634589830497, -19.742199869205837, -29.669595993866448, -19.742199869205837, 200.24243501646657, 7.795889622504614, 5.349265091636833, 8.0, 0.0
16, 0 ,1.0,1.0,1.0,101.55942446043166,84.65635683453237,13.573248920863309,14.52146611351699,17.469706360156337,9.320645687636077,73.0,84.0,37.0,-0.1555060536087833,0.9784565977938644,0.1357959996637519,17.671755397325985,0.9864089660785162,0.1464236534282165,0.07454840948434759,14.447336307525255,-0.05305863672329518,-0.14554312058764257,0.9879281254821507,9.051054591863895,87.53451582126688,71.5872957222304,42.271893236110046,23.132512717072633,8.235588007241132,86875.0,264890.87004051835, 1.4210854715202004E-14, 0.0,1.7763568394002505E-15,85.17357655358362, 130.54301494651048,130.54301494651048,0.0, 210.87297808602221, -16.737311564411783, 4.459822761968839, -16.737311564411783, 305.19064031008674, 31.99343623923391, 4.459822761968839, 31.99343623923391, 86.874436034449, 7.671453177500114, 4.860142363833025, 16.0, 0.0
17, 0 ,1.0,1.0,1.0,77.12620514755199,124.07566230717639,126.56785504694835,11.197393168045345,13.984935679259102,14.62015160602276,59.0,63.0,71.0,0.019358601077095163,-0.6038172503892513,0.7968876788460859,15.389317747373944,0.357149110112011,-0.7402736564080444,-0.5695958451169245,13.439652384133606,-0.9338467527975544,-0.29563430409989505,-0.2013221312445164,10.82836625534554,72.40655089722802,63.31608856048848,60.53350494237691,22.17115705457999,6.568764538093728,95424.0,277515.8285271439, 0.0, -1.4210854715202004E-14,0.0,52.85621994163706, 130.7869889819403,130.7869889819403,0.0, 125.38161375978856, -18.1522174837076, -11.046871629049283, -18.1522174837076, 195.57842595301423, -30.81698433768198, -11.046871629049283, -30.81698433768198, 213.74883298308993, 7.095752388985652, 4.588038244050267, 21.0, 0.0
18, 0 ,1.0,1.0,1.0,182.3023521485691,149.06918773250536,36.15205483464659,10.546319217271773,13.845231297168855,11.298489640964247,45.0,68.0,52.0,-0.050961672908615925,0.9981366462382806,0.033558059099905196,13.857088610635813,-0.48537739393212376,0.004612512725490556,-0.8742925769935469,11.616166367258716,-0.8728182476060039,-0.0608437356065083,0.48423790277448325,10.179239708191922,69.2914746060217,58.13725678853838,50.47169851070768,19.9005490484505,5.877014075351213,68278.0,203321.0105681188, 0.0, 0.0,0.0,NaN, 64.91629569274062,64.91629569274062,0.0, 111.22484903259588, -4.566834288494687, 13.139151410316776, -4.566834288494687, 191.69042967210396, 2.834773909035516, 13.139151410316776, 2.834773909035516, 127.65586816697642, 7.897804041778763, 5.223584717985515, 14.0, 0.0
19, 0 ,1.0,1.0,1.0,188.4552971144611,55.816427945045305,93.91201403098509,7.209211266661516,13.305124974088763,14.393535627379135,28.0,59.0,76.0,-0.06751742861485734,0.606458019171497,0.7922436921906179,15.899654512721405,-0.09864793617762588,-0.7942225672677389,0.5995657581371187,11.538249461648842,-0.992829281156198,0.03767206690941109,-0.11344969745944745,7.088210723234057,88.3424761615091,55.93107259178473,31.844436423810635,19.506094225982764,7.462253920044548,47894.0,157346.20876340938, 0.0, 0.0,0.0,NaN, 109.85545126490422,109.85545126490422,0.0, 51.97272708735934, -1.7997876095054897, -15.737302751068166, -1.7997876095054897, 177.0263505761205, 57.8501571670867, -15.737302751068166, 57.8501571670867, 207.17386785663246, 8.36925776703734, 5.085481298432457, 12.0, 0.0
20, 0 ,1.0,1.0,1.0,151.755156458317,187.49443180926986,10.113363657752334,13.51084112455373,7.408042664735203,6.578970358571815,68.0,28.0,25.0,0.9986293054217202,0.04304884186206391,0.02977091814620909,13.524484098347125,-0.035163479646226535,0.9731164963906677,-0.2276132995927995,7.436262214140196,-0.03876906050064544,0.22625446220281975,0.9732963979596403,6.518827283380233,68.19485673799555,33.065413158058846,29.81054567421225,15.64491322561004,5.995120112021719,25502.0,67219.53452329931, 0.0, 0.0,0.0,NaN, 50.8550320873797,50.8550320873797,0.0, 182.5428278929323, 5.59839354627399, 4.27707013877366, 5.59839354627399, 54.87909612253705, -2.6558074802210796, 4.27707013877366, -2.6558074802210796, 43.28285097896656, 7.956666509777076, 5.092192561257673, 5.0, 0.0
21, 0 ,1.0,1.0,1.0,18.913271063615724,84.69959619855611,25.8310288099414,11.308841506079748,11.421393411546514,13.635479822495745,45.0,54.0,58.0,-0.10458083083386735,-0.3984930164898388,0.9111894235727976,14.14768089990097,-0.9635807827817634,0.2673426374151036,0.0063237072687208585,11.304594689545187,-0.24611973686761107,-0.877343279468627,-0.4119391279005341,10.784882832943651,66.10920058002858,51.324500982213976,50.41623480426483,20.240075985416347,5.8824958788924375,73551.0,171063.38024084867, 0.0, 0.0,0.0,NaN, 90.54819417251946,90.54819417251946,0.0, 127.88989620963207, 0.5367802497666817, -8.059616690750492, 0.5367802497666817, 130.4482274613181, -30.42426912542821, -8.059616690750492, -30.42426912542821, 185.92630998968858, 8.030065879266452, 4.918568305902634, 10.0, 0.0
22, 0 ,1.0,1.0,1.0,40.92258656071257,174.59487840020958,187.10614330000436,12.05136394436035,13.073375123140883,7.095296233716166,68.0,60.0,30.0,-0.12040100325727485,-0.9895675327579361,0.07911824395178621,13.126167882516448,0.98658164950165,-0.11042227445890995,0.12026458402175266,12.084918517102432,-0.11027351124021409,0.09253658419616505,0.9895841213884045,6.939034502649706,62.9619511405801,68.04198339799103,33.90335789377613,18.208996761443135,5.909667978453289,45806.0,145243.88496489674, 0.0, 0.0,0.0,NaN, 49.863110963107516,49.863110963107516,0.0, 145.23537291942864, 4.126630546373004, 10.432724624323845, 4.126630546373004, 170.9131371103589, -11.019785591010537, 10.432724624323845, -11.019785591010537, 50.34322864418681, 7.514109479301893, 4.877697963946143, 9.0, 0.0
23, 0 ,1.0,1.0,1.0,67.86874764949229,188.837062805566,74.38781026701767,13.466863388555254,6.697200485570713,11.739991094500475,66.0,27.0,51.0,0.9839810540556793,0.06199994192689466,0.16714452566726806,13.529592041089073,0.1711377508037923,-0.06591246474321083,-0.9830398858852545,11.707839802186268,-0.04993150818164261,0.9958973612740102,-0.07546714714476686,6.626682513666333,66.70312968283147,50.500143742530135,29.40107443302992,18.102020334193032,6.029357726105411,42544.0,99038.03777616388, 0.0, 0.0,0.0,NaN, 101.31300208087391,101.31300208087391,0.0, 181.35640952600988, 7.437433215172084, 7.21054749273757, 7.437433215172084, 44.8524943439286, 7.478170853021992, 7.21054749273757, 7.478170853021992, 137.82739089895045, 6.921332276185632, 4.726435975247304, 11.0, 0.0
24, 0 ,1.0,1.0,1.0,113.71619259494676,83.65070857951837,64.46348756916053,11.236180034072236,12.270415647618295,11.408363222201322,54.0,55.0,57.0,-0.3920567515209,0.9060517125773143,-0.15925387820268175,12.555749761597324,-0.3985830413912693,-0.011281204913418053,0.917062862366036,11.455991478534823,0.82910980135454,0.4230165818870658,0.3655597198084305,10.866416175582513,60.443770600978596,55.36391311623754,46.02091869434676,19.45238903365519,5.345105631922344,69223.0,154004.57093804458, 0.0, 0.0,0.0,NaN, 136.37403600299854,136.37403600299854,0.0, 126.25174175808355, -13.996261058416748, -2.3401083919543586, -13.996261058416748, 150.5631001653159, -5.845489708121142, -2.3401083919543586, -5.845489708121142, 130.1507514096757, 6.926434498039784, 4.506673417557652, 14.0, 0.0
25, 0 ,1.0,1.0,1.0,50.48995365267393,85.14906840546607,77.32947769617934,12.939452533984204,11.948423324909792,11.75475687613834,65.0,65.0,57.0,-0.846470255436309,-0.057108414180227635,0.5293644639484306,13.64149983681892,0.10077891245191492,-0.9934436713216609,0.05397483409839535,11.952138249824495,0.5228113593511519,0.09903686657381486,0.8466758420981679,10.928148722759573,65.17386491782699,66.25122636886613,57.09742777288352,20.334328322631595,5.906238457344401,75301.0,246538.04160713745, 0.0, 0.0,0.0,NaN, 125.61627040686966,125.61627040686966,NaN, 167.42943187923024, 0.87699061431762, -29.745046548157724, 0.87699061431762, 142.76481995124834, -3.2716881202055594, -29.745046548157724, -3.2716881202055594, 138.17430921712156, 6.912012921894068, 4.444657891571108, 15.0, 0.0
26, 0 ,1.0,1.0,1.0,102.70249246781704,21.060750479320735,103.68867433579841,11.511734659565525,12.537909925647764,11.687847287751689,55.0,51.0,59.0,0.0049332264191770826,-0.9665202365641626,0.2565429702584985,12.599255597947025,0.6396702906755392,0.2002424036159018,0.7421084146007231,11.865833309095425,-0.7686335814314708,0.16044192751921799,0.6192421217825459,11.259917968443002,58.815127177731206,59.91981083542359,59.43958607793024,19.874168881085694,5.598428858509175,73020.0,209476.47181944657, 0.0, 0.0,0.0,NaN, 138.51437338385972,138.51437338385972,0.0, 132.52003487224218, 1.6424506082273886, 6.69212217571781, 1.6424506082273886, 157.19918530365672, -5.8412484162367315, 6.69212217571781, -5.8412484162367315, 136.60577422180452, 7.390599638290991, 4.798013928692073, 14.0, 0.0
27, 0 ,1.0,1.0,1.0,143.6164662407616,72.79783602655644,113.13353375923838,12.925642844956275,9.915750308147826,11.563247006113127,58.0,46.0,58.0,-0.8649516237713045,0.27428659764007574,0.42026842718721447,13.402074964406602,0.49084814678907207,0.28793884799849323,0.822289071195181,11.476898617780819,-0.1045312648403191,-0.9175282459784718,0.3836862422638468,9.368469096863892,61.44996438808222,58.793664116591174,43.680553018295726,19.216485394748887,5.4616588621679405,63864.0,157812.09695444355, 0.0, 0.0,0.0,NaN, 126.58756165787361,126.58756165787361,1.3486991523486091E-6, 167.07224295536935, -15.578523179968768, -15.648162096036021, -15.578523179968768, 98.32210417353373, 20.993847149654574, -15.648162096036021, 20.993847149654574, 133.70868132438417, 6.713441957955401, 4.54482377091233, 15.0, 0.0
28, 0 ,1.0,1.0,1.0,136.9880731677172,140.94753429736744,18.241611049314052,10.339944594430154,13.71720075769953,10.876105947596729,46.0,68.0,44.0,-0.11694522048366934,-0.9884233229845466,0.09665997096116,13.790952319196913,0.46613823246136726,0.03131250507262987,0.8841576077057012,11.045621463386613,-0.876948666481578,0.14845491438905895,0.4570800528899931,10.058310595894172,68.42757494348228,51.35351124072138,54.325910296989434,19.476789441158363,5.832701303088055,64728.0,190901.04446579659, 0.0, 0.0,0.0,NaN, 88.26354288352589,88.26354288352589,0.0, 106.91445421588536, 10.594155488777158, 7.581116730473174, 10.594155488777158, 188.16159662703254, -7.928276617174072, 7.581116730473174, -7.928276617174072, 118.28968058334895, 7.494905239811158, 4.684881775538204, 8.0, 0.0
29, 0 ,1.0,1.0,1.0,182.56266064066517,94.29176657294164,80.13850028462507,10.073469682850316,9.738777387287419,14.589748374840784,37.0,51.0,75.0,0.10052866347934547,-0.0474104739710665,0.9938039216952685,14.643672736460214,0.7646149215020049,0.6427946974804079,-0.04667974622417676,10.660819582368045,-0.6365987823076157,0.7645699600748838,0.10087004766307549,9.00494912319133,74.81975697097153,56.64659484331588,48.90438007317028,19.265989666444817,6.164493187928558,57971.0,207270.67406119686, 0.0, 0.0,0.0,NaN, 124.96870518352814,124.96870518352814,0.0, 101.47479145130444, 15.369325316516695, 12.159966150594364, 15.369325316516695, 94.84378499914075, -7.260019558298776, 12.159966150594364, -7.260019558298776, 212.86075764116933, 7.361332009059856, 4.588459089974635, 13.0, 0.0
30, 0 ,1.0,1.0,1.0,60.114317217664315,10.57807097871386,108.75114466725223,12.12837088331784,6.976056674974095,15.675014279672501,60.0,28.0,75.0,0.14197936597421976,0.019857277299010663,0.9896704240179296,15.744432616067813,-0.9885775116176663,0.05391210951788741,0.14074085395205602,12.053084370844982,0.05056049012204346,0.998348222308029,-0.027284864907440278,6.950166791602334,75.80691210436017,57.46127885801033,29.497849793193556,19.82675292426945,6.954760108276423,53509.0,128491.5161965129, -7.105427357601002E-15, 0.0,1.4210854715202004E-14,45.81701551219145, 109.78151173906018,109.78151173906018,1.9073486328125E-6, 147.09738028331196, -4.605562805823189, 14.55183703807616, -4.605562805823189, 48.66536673245063, 4.658012542797467, 14.55183703807616, 4.658012542797467, 245.7060726679368, 6.715453785010919, 4.478435605021027, 13.0, 0.0
31, 0 ,1.0,1.0,1.0,56.460464701422644,148.3859727363273,21.435891718324935,11.309198180595253,12.185007297024868,12.385489877170823,55.0,63.0,51.0,-0.47121987271932037,0.4251749546594296,0.7727729870309518,13.934921809348571,-0.5160229315767754,-0.8434454518826804,0.14939914251873032,12.072534567102757,-0.7153126348956086,0.32836873728900146,-0.6168482850182275,9.47863856824807,65.60432887348654,60.66011855990996,51.95977308582104,19.84063619900591,6.010148170611738,67269.0,206777.36543573366, 0.0, 0.0,0.0,NaN, 79.44362364869501,79.44362364869501,0.0, 127.89796348797898, 3.426310700207531, -42.30370223988854, 3.426310700207531, 148.47440282854927, 27.237353125889054, -42.30370223988854, 27.237353125889054, 153.40035949750092, 7.179924680688212, 4.549409215912872, 12.0, 0.0
32, 0 ,1.0,1.0,1.0,90.9793885992747,74.77164551223935,100.5393245693563,11.557655475033194,12.749784968353351,10.62377455134758,56.0,56.0,53.0,0.1615957742513552,0.9742130506312617,0.15746662415837573,12.816485737956503,-0.9303760594690137,0.20360218104186528,-0.30487134965736906,11.650203184172069,-0.3290701957197205,-0.09723725548741949,0.9392857512143251,10.440855407146422,59.30832435572263,54.32492131122838,50.58256325523107,19.51337033170169,5.31313286437287,70592.0,162972.97492086462, 0.0, 0.0,-1.4210854715202004E-14,80.94011950473937, 154.14432873001093,154.14432873001093,0.0, 133.57940007956478, 3.637391548905099, 8.983705196742116, 3.637391548905099, 162.55701673924906, 6.817499320858184, 8.983705196742116, 6.817499320858184, 112.86458571786046, 6.864935811630138, 4.439665161539749, 7.0, 0.0
33, 0 ,1.0,1.0,1.0,12.58875502008032,101.66375691445026,107.23790255361067,8.708101349667446,16.50820943126327,12.534658721075965,35.0,80.0,62.0,0.021512578472202035,0.9359248450593894,0.3515421644241766,17.077108956998277,-0.04337438192882488,-0.35041875681246537,0.935588241624647,11.757073102996827,-0.9988272483066177,0.03537483956943972,-0.033056750682222566,8.69558846300659,77.57218605214666,54.56433304836474,37.072775215610314,21.165536519491646,7.582198944787773,65985.0,156916.9938227069, 0.0, 0.0,0.0,NaN, 135.7692902676793,135.7692902676793,0.0, 75.83102911608, 5.300973064037639, -0.9073467652530114, 5.300973064037639, 272.5209786264496, 50.54406825728517, -0.9073467652530114, 50.54406825728517, 157.11766925384575, 7.239901270885905, 4.5097788332632485, 20.0, 0.0
34, 0 ,1.0,1.0,1.0,27.70245655757641,42.20692916790531,102.3439315731157,13.114376355428462,12.080139781308073,11.63610092852987,53.0,56.0,53.0,0.7656508485122205,-0.48265100325894467,0.4252373304704687,14.40331090954388,0.38757267887528674,0.8737416497352086,0.293875735826267,11.28209408392801,-0.5133869853842719,-0.060195835164319346,0.8560433777951438,10.889190836380243,70.22939999932481,55.61901035539688,59.12987457676438,20.406368608822188,6.074175610530877,74006.0,230966.59557307366, 0.0, 0.0,0.0,NaN, 109.93433799184535,109.93433799184535,0.0, 171.98686719182112, -29.895297945068332, 29.930321504202666, -29.895297945068332, 145.92977713594186, -16.005242387248188, 29.930321504202666, -16.005242387248188, 135.39884481893372, 7.025340465283669, 4.4624716794920625, 11.0, 0.0
35, 0 ,1.0,1.0,1.0,22.278347638914724,178.12177460072812,100.72605033084425,12.885544424907271,12.289156636441724,11.450768962211876,51.0,55.0,62.0,0.7492455457381157,0.6240129197355646,0.22189859890204122,13.774782365910191,0.589320489583388,-0.4752733884961912,-0.6533119980105556,11.845631849946404,-0.30221262837411217,0.6202604954294964,-0.7238400687035548,10.868169700301811,73.41982781370814,61.50974579399649,65.43333414838682,20.310187340928696,5.973024858779935,75262.0,295499.22358591453, 0.0, 0.0,0.0,NaN, 104.0687205795082,104.0687205795082,0.0, 166.03725512625886, 27.270162152073485, 3.3605932823887836, 27.270162152073485, 151.0233708349997, 16.811814045837373, 3.3605932823887836, 16.811814045837373, 131.12010982595484, 7.239645402585002, 4.625637862452697, 11.0, 0.0
36, 0 ,1.0,1.0,1.0,133.1115087356447,42.7015185326294,32.75453110542644,11.672589661140119,11.03900159821802,15.158657534088189,63.0,51.0,65.0,0.4782964591146962,0.004975342924339343,0.8781843446345013,16.410590489095135,0.2768252518578453,-0.9498577317824356,-0.14538937136863722,11.176254975052382,0.8334268277012591,0.31264282389959386,-0.4556908903323649,9.678721426429277,77.26874362935207,52.9103546292014,51.31103765197523,20.969694239355043,6.9401532711137195,73492.0,209775.76839052502, 0.0, -7.105427357601002E-15,0.0,89.71493267270229, 85.85073824115071,85.85073824115071,0.0, 136.24934939735522, -7.794085674289647, 72.51326154671172, -7.794085674289647, 121.85955628545999, 5.080354247110543, 72.51326154671172, 5.080354247110543, 229.78489823576862, 6.527113719658665, 4.256301484374658, 11.0, 0.0
37, 0 ,1.0,1.0,1.0,18.919017617739467,130.9485614646905,16.637989176029347,11.183562577019963,13.517775045068895,9.733287684099933,53.0,63.0,41.0,-0.22874034052119918,0.9577694685721444,0.17422830335304007,13.729051264186896,0.9377860569812971,0.2648181838687832,-0.224563222331509,11.136326034717715,-0.26121862098578913,0.11202220567134191,-0.9587574549836941,9.488656230386727,67.53840007261327,56.56032257456584,47.408331635116994,19.172752133223707,5.911410902872968,60791.0,181099.52790234386, 0.0, 0.0,0.0,NaN, 73.50410243814716,73.50410243814716,0.0, 125.07207191412141, -13.129496667423258, -11.080212190726503, -13.129496667423258, 182.73024216908738, 14.40785629704179, -11.080212190726503, 14.40785629704179, 94.73688914145143, 6.935261164383709, 4.461055021112359, 8.0, 0.0
38, 0 ,1.0,1.0,1.0,98.44306467526282,134.7866498826251,16.339689722042664,10.872486722652571,13.175399953347505,10.828988773455182,51.0,61.0,44.0,-0.05257504982144665,-0.937825980492976,0.34310099744632133,13.546658038548816,-0.7798138817542506,-0.17606329553971584,-0.6007428949118433,11.691577634002902,0.6237997867582514,-0.2991390082822416,-0.7220731817234851,9.42678087871189,68.2641161294791,64.13268883272782,45.86760224527076,19.261796872214962,6.168655491600824,58786.0,200806.58838714412, 1.4210854715202004E-14, 0.0,0.0,86.98628206100769, 119.20907463948338,119.20907463948338,0.0, 118.21096753425645, 11.233455536303664, 20.69893242438123, 11.233455536303664, 173.59116393066944, -25.39592099319818, 20.69893242438123, -25.39592099319818, 117.26699785561834, 7.016034724718517, 4.510045808290758, 7.0, 0.0
39, 0 ,1.0,1.0,1.0,145.80878540251388,102.94826228216994,82.74669357749991,9.714724819333345,12.717899532180482,11.06407768041883,46.0,63.0,52.0,-0.06525399258618217,0.9557902299565418,0.28671754876739514,12.886038284806821,0.10238909909166098,-0.279400153320176,0.9546999668544358,10.893903623744487,-0.9926018279444989,-0.09165473607121064,0.07963052503252888,9.685429412442671,65.0585992252397,49.82918146408737,47.066038807392914,18.740190895362005,5.2287576870406856,60942.0,152579.4728016402, 0.0, 0.0,0.0,NaN, 138.57396159311438,138.57396159311438,0.0, 94.37587831537128, -5.217155650058671, 1.079406981369188, -5.217155650058671, 161.74496851063654, 13.16365273292492, 1.079406981369188, 13.16365273292492, 122.4138149183421, 7.505926161350152, 4.499155896412893, 12.0, 0.0
40, 0 ,1.0,1.0,1.0,28.731674037254972,146.7845717139968,126.8598491770525,15.423373552695352,11.262765679001136,11.37944332477729,65.0,65.0,59.0,-0.9731817378470731,-0.22492221248745586,0.04824213356287538,15.630889650719135,-0.1237778258792459,0.33523454018761834,-0.9339683361259113,11.430620760926057,-0.19389779509204771,0.9148922348533426,0.35408451485979797,10.919627769059456,70.21373632426186,57.43529259921319,65.95101841577028,21.275484575620666,6.447932144533066,82083.0,265963.73804579675, 0.0, 0.0,0.0,NaN, 94.90454448049013,94.90454448049013,0.0, 237.88045174598247, 26.90629231388665, -4.552304641343723, 26.90629231388665, 126.84989074008593, -4.9331199761482365, -4.552304641343723, -4.9331199761482365, 129.49173038181843, 7.061077694944483, 4.456599107493523, 13.0, 0.0
41, 0 ,1.0,1.0,1.0,125.24620739038484,73.51616126292652,166.18740737040181,10.620474177795609,9.759306343536016,13.328137726527425,48.0,44.0,64.0,-0.08617975871420365,-0.02390489905953929,0.9959927735625973,13.346295017934152,-0.8803982396133607,-0.46611830806107896,-0.08736511074778755,10.906778130378653,-0.46633892060781046,0.884399388676423,-0.019124132270823147,9.412565401337154,64.21280626217238,53.32929702983728,47.53809950367736,18.86296896736777,5.4649967119457665,60051.0,162790.6002159095, 0.0, 0.0,0.0,NaN, 110.16372768154285,110.16372768154285,0.0, 112.7944717612233, 12.643845326932565, -5.349233451089733, 12.643845326932565, 95.24406030698232, -0.8951704193598532, -5.349233451089733, -0.8951704193598532, 177.63925525728362, 7.27838729620893, 4.544165296619173, 14.0, 0.0
42, 0 ,1.0,1.0,1.0,179.6043352211435,83.20607470334411,20.390540722761596,11.410352000269132,10.901427864961475,11.107942217945116,50.0,54.0,45.0,0.8590018487896138,0.4955905231913802,0.12847512249038429,11.66397462776778,0.11706399269311135,0.05416503864432076,-0.9916461920480539,11.098433015257903,-0.49840931511236025,0.86686572311492,-0.011487937050418583,10.639554646263848,64.62760033741105,47.335779851130425,56.35420887359027,18.56395320526756,5.272881942045642,59328.0,172398.67529394352, 0.0, 0.0,0.0,NaN, 88.06252415344775,88.06252415344775,0.0, 130.19613277004578, 9.790021534289, 1.363564470841862, 9.790021534289, 118.84112949495851, 0.9189800620873466, 1.363564470841862, 0.9189800620873466, 123.38638031720745, 7.029478357134823, 4.408153536026075, 8.0, 0.0
43, 0 ,1.0,1.0,1.0,149.10596667629125,114.01579564176164,129.88819063471306,11.948236802420976,10.70214871222917,10.471071602543645,58.0,55.0,50.0,-0.9903609248073263,-0.10228688674913275,0.0933950288502963,11.975791786737211,0.0529689379441664,-0.9027115183441325,-0.42697330860593385,10.75074239833117,0.12798253876152263,-0.41791064529155164,0.8994282418982377,10.38949658147273,59.39775279481921,51.60253478962292,54.38034739870692,18.463040454938177,5.104490906085985,58877.0,166679.82182394637, 0.0, 0.0,0.0,NaN, 122.06208190731638,122.06208190731638,0.0, 142.760362686727, 3.2287896970132155, -3.4542422570777984, 3.2287896970132155, 114.53598705866847, 2.604565156338072, -3.4542422570777984, 2.604565156338072, 109.64334050559594, 6.595168495182981, 4.379813257588555, 15.0, 0.0
44, 0 ,1.0,1.0,1.0,9.678571428571429,169.1772664835165,161.85194597069597,6.376304619177485,14.924060233280018,11.222872803362769,26.0,64.0,65.0,0.049622751117105963,0.9928113102108653,0.10891870770879769,14.97900603167295,0.011370277970774783,0.10848443933262997,-0.9940331197709421,11.170240988770512,-0.9987033089714069,0.05056509408742044,-0.005905244236544773,6.339779409369889,66.74818912816764,64.98308721499224,27.41679909697004,18.633884179409726,6.489689421837534,43680.0,118920.45917845314, 0.0, 0.0,0.0,NaN, 49.98989570452028,49.98989570452028,0.0, 40.65726059654413, 9.178040783621022, 0.039476223181603896, 9.178040783621022, 222.72757384657004, 10.79517816732833, 0.039476223181603896, 10.79517816732833, 125.95287396045968, 8.159258141226712, 4.7891316848782015, 6.0, 0.0
45, 0 ,1.0,1.0,1.0,118.54765753543285,178.93646624137634,31.651444736310367,11.315009727056209,10.68780476745635,13.769818146489678,59.0,45.0,61.0,0.22560247261955504,0.1889909091734163,0.9557122791916763,13.989213832068414,-0.8969578281606226,-0.34257714900531083,0.27947728258442095,11.276878797450324,-0.3802238536037975,0.9202843762822438,-0.09223062355573307,10.440326077585738,65.56301644490885,57.271049994951966,51.15614739453119,19.898586876775703,5.992724586149638,69286.0,192084.31446634012, 0.0, -2.8421709430404007E-14,3.552713678800501E-15,82.97977742093339, 89.88865613224795,89.88865613224795,0.0, 128.02944512337663, 9.278999920200045, 14.138742739957653, 9.278999920200045, 114.22917074726271, 13.92000778987453, 14.138742739957653, 13.92000778987453, 189.60789178739643, 6.139798838726623, 4.159163666583972, 8.0, 0.0
46, 0 ,1.0,1.0,1.0,15.87602159343506,150.21767252185248,60.80652817007337,10.279504625014418,10.310219232002641,13.710916923909592,41.0,52.0,68.0,-0.10115213395658236,0.060875631728717114,0.9930067488479927,13.749453780851724,0.67766666584887,-0.7265463529767126,0.1135706254870297,10.698799718740235,-0.7283791154291194,-0.6844154837800414,-0.03223832763692337,9.82070690676117,67.56197015356986,56.416676275735824,52.507856183810006,19.111363366961196,5.891847681156972,59833.0,200140.08923347088, 0.0, 0.0,0.0,NaN, 80.17332510800999,80.17332510800999,0.0, 105.66821533569282, -9.441500597210615, -7.9145818199720175, -9.441500597210615, 106.30062061195714, 4.110988536643013, -7.9145818199720175, 4.110988536643013, 187.98924289435044, 6.946384250781993, 4.397327290636633, 10.0, 0.0
47, 0 ,1.0,1.0,1.0,121.76618347554916,152.87385627634418,110.47625167060758,11.52228955116684,12.360816447459221,9.318376679616332,61.0,56.0,43.0,-0.24161835049371447,-0.9681851673281194,0.06510034155453664,12.435573038019497,0.9620308884628673,-0.23022482935377186,0.1466052440821008,11.498061110451903,-0.12695330774754315,0.0980510566737926,0.9870505802323963,9.24857813981806,57.66270308813469,60.90617338840518,44.4437898993436,18.57351290924544,5.235427575856297,58362.0,156087.23866494597, 1.4210854715202004E-14, 0.0,-1.4210854715202004E-14,80.34128414754024, 127.89020676028518,127.89020676028518,0.0, 132.76315650092857, 5.829900324646049, 5.495149760068383, 5.829900324646049, 152.7897832477784, -5.930962530430426, 5.495149760068383, -5.930962530430426, 86.8321439432175, 6.7929849304974494, 4.420427229631088, 15.0, 0.0
48, 0 ,1.0,1.0,1.0,112.74510918094,30.01278512866304,65.18406526503775,9.38469072846035,12.957726249718485,9.850807413087805,44.0,56.0,53.0,0.24580153726396745,-0.9691261147157895,0.019395310117338554,13.168407506343929,-0.07715080033863767,-0.03950579750402289,-0.9962364407963996,9.854646512476076,-0.9662449784013255,-0.24338008492777016,0.08447944113672542,9.082537210617225,58.2620729506597,54.462064761494005,43.04177217344349,18.00084049621385,5.383608246441434,49276.0,136574.67612458195, 0.0, 0.0,0.0,NaN, 112.97409263854293,112.97409263854293,0.0, 88.07242006884967, -21.612416161701262, 1.5572461183721114, -21.612416161701262, 167.90266956264347, -1.1334110138195985, 1.5572461183721114, -1.1334110138195985, 97.03840668974566, 6.4929186753799835, 4.188234504623198, 8.0, 0.0
49, 0 ,1.0,1.0,1.0,142.09251605912854,37.32297809767046,127.90288677346955,12.61469631571692,9.907449390477598,12.236705698789079,60.0,46.0,65.0,-0.9569549154955745,0.12173692459527774,-0.2634718408083503,12.700048049503796,0.2500481969962134,-0.11507749908040858,-0.9613704116438895,12.216173515217,-0.14735395782875974,-0.9858687997880254,0.07968387990502152,9.823388779225816,56.78501831998568,62.39389245660781,45.51890004912866,19.380584635297186,5.605178151995871,64605.0,161275.2074406979, 0.0, 0.0,-1.4210854715202004E-14,74.72383091340664, 99.72098638722255,99.72098638722255,0.0, 159.130563137762, -9.065559013849942, 3.65898066333834, -9.065559013849942, 98.15755342487493, 3.7561235908178725, 3.65898066333834, 3.7561235908178725, 149.7369663587771, 6.770525398548059, 4.53684697841298, 11.0, 0.0
