// Sample: .//bubblelabels.tif, Map: .//bubblelabels.tif, Thickness:(8.191250068658265):/gpfs/home/mader/Foam/NewValid/InSilicoTest/LatticeDataPhi_16.0/out_Step_02000.vtk/distmap.tif, Neighbors:(1.0):
//LACUNA_NUMBER, TRIANGLES, SCALE_X, SCALE_Y, SCALE_Z, POS_X, POS_Y, POS_Z , STD_X, STD_Y, STD_Z,PROJ_X, PROJ_Y, PROJ_Z, PCA1_X, PCA1_Y, PCA1_Z, PCA1_S, PCA2_X, PCA2_Y, PCA2_Z, PCA2_S, PCA3_X, PCA3_Y, PCA3_Z, PCA3_S,PROJ_PCA1, PROJ_PCA2, PROJ_PCA3,OBJ_RADIUS, OBJ_RADIUS_STD, VOLUME, VOLUME_BOX, Mask_Grad_X,Mask_Grad_Y,Mask_Grad_Z,Mask_Angle, Mask_Distance_Mean,Mask_Distance_COV, Mask_Distance_STD, SHAPET_XX, SHAPET_XY, SHAPET_XZ, SHAPET_YX, SHAPET_YY, SHAPET_YZ, SHAPET_ZX, SHAPET_ZY, SHAPET_ZZ, Thickness, Thickness_STD, Neighbors, Neighbors_STD
1, 0 ,1.0,1.0,1.0,169.23196523088154,64.75370733710531,165.8665244570177,13.521583735577787,13.27011919021932,13.296057606212505,63.0,65.0,64.0,-0.5101909722214134,-0.6553264545930736,0.5570030608302269,15.139255747191596,0.800329700557018,-0.12460308332437517,0.5864694723788896,13.09109132774958,-0.31492466126056734,0.7449975231747631,0.5880485933946156,11.62500327648282,74.16204793187062,62.147791393733485,67.15699498308798,22.038723020451187,7.071713055293436,87664.0,309527.09249356587, 0.0, 0.0,0.0,NaN, 79.40282570599449,79.40282570599449,0.0, 182.83322671824172, 27.833379281118297, -9.7207037647547, 27.833379281118297, 176.09606332262706, -36.98032111754511, -9.7207037647547, -36.98032111754511, 176.78514786772143, 5.881743339653756, 4.047114246908064, 34.0, 0.0
2, 0 ,1.0,1.0,1.0,41.808566503116296,8.9613579100915,26.20851345975335,13.99438407548853,5.918965444128766,12.072932533770087,72.0,23.0,55.0,0.8694918109561388,-0.024900288340023627,0.49331933503644215,14.836388974951202,-0.48850790965792645,0.10445978419704749,0.8662841194938008,11.070789514908142,0.07310275563791682,0.9942173450136998,-0.07866293912671372,5.826818964631385,77.94611035165174,54.07159080040692,25.34671201942151,18.224721343920915,6.670245084139384,37705.0,106828.03139593531, -7.105427357601002E-15, 0.0,0.0,29.600361740357876, 50.15125468428811,50.15125468428811,0.0, 195.84278565228695, -8.55236490133822, 42.35496751498466, -8.55236490133822, 35.034151928790436, 5.731701474893947, 42.35496751498466, 5.731701474893947, 145.75569996496424, 6.239719077709609, 4.247546440795761, 17.0, 0.0
3, 0 ,1.0,1.0,1.0,170.08542643391522,40.06236408977556,12.076827930174563,14.68128719139443,11.08774619603814,8.24109178012882,65.0,60.0,31.0,0.9394130410326815,0.33405133412143223,0.0768950226569991,15.155287933262507,0.3398882773533458,-0.9368423270648163,-0.08247674301010531,10.490696799310802,0.04448704592916858,0.103615444753528,-0.9936220319382136,8.164339003085635,73.54654712361452,63.30895975102777,35.03868980830207,19.033258131296783,6.642965297212289,50125.0,163145.58446818782, 0.0, 0.0,0.0,NaN, 51.43660662366329,51.43660662366329,0.0, 215.54019359620216, 37.34068742079918, 10.559820903800446, 37.34068742079918, 122.93811570775823, 7.540924406788536, 10.559820903800446, 7.540924406788536, 67.91559372850678, 6.190609187259341, 4.076148839639117, 15.0, 0.0
4, 0 ,1.0,1.0,1.0,9.53233122165161,30.138583798777972,135.0977246317052,6.229980839120818,10.456170839700295,10.442484310390164,24.0,53.0,55.0,0.04883479934012465,-0.7082306103951332,0.704290114138163,11.471869524565715,-0.008107942513279794,-0.7053892890995846,-0.7087737382915535,9.327282972667202,-0.9987739602340517,-0.028902479528914574,0.040189837465080196,6.211895879414661,63.600445914567544,43.93571647608857,26.166650406586324,15.21104113303081,5.080735783998954,26677.0,73118.28656969644, 0.0, 0.0,0.0,NaN, 72.19075370085287,72.19075370085287,0.0, 38.81266125581253, -2.940211737693371, 3.477385482068866, -2.940211737693371, 109.33150862899878, -22.193023502020978, 3.477385482068866, -22.193023502020978, 109.04547857274474, 6.213278247948176, 4.115591645349867, 12.0, 0.0
5, 0 ,1.0,1.0,1.0,59.15763535182041,74.14351065836635,142.30689964157705,9.773639720299657,9.966107668934242,10.547402791638534,49.0,56.0,55.0,-0.5958477547136304,0.3903573204174322,0.7018451507271725,11.439458603439254,0.17420220454064073,-0.7902931048510357,0.5874439550783467,10.018040573498459,-0.7839764314926223,-0.4722901341563595,-0.40289326631585953,8.652900729120358,56.06238251010245,54.143460229046354,48.39995651129682,16.796263285273454,4.896997115766923,42408.0,146913.77867851127, 0.0, 0.0,0.0,NaN, 111.01972717554885,111.01972717554885,0.0, 95.52403338221917, -16.531582926598222, -20.80566459403755, -16.531582926598222, 99.32330206878991, 3.5061122613979334, -20.80566459403755, 3.5061122613979334, 111.24770564906434, 5.960923452401128, 3.862886022705397, 21.0, 0.0
6, 0 ,1.0,1.0,1.0,28.75052847193773,107.01637034002458,174.17548545678,12.424412045388843,12.106476032179584,10.136034765023409,58.0,57.0,51.0,-0.81162322655751,0.5841682420805454,-0.0038991097576885677,12.756573363489531,0.5836435755048571,0.8105718490390094,-0.04830584144167084,11.759535300304124,-0.025058229871306743,-0.0414818332527276,-0.9988249809780037,10.131887429887668,66.13970926726212,56.42738347448757,51.68149500033081,19.227684524764637,5.828218009413657,61025.0,192880.02880199451, 0.0, 1.4210854715202004E-14,0.0,54.25574816074877, 100.6948550004028,100.6948550004028,0.0, 154.3660146736034, -11.626297057656144, -0.8144598018186162, -11.626297057656144, 146.56676191773872, -1.5320001633973364, -0.8144598018186162, -1.5320001633973364, 102.73920075776314, 5.985941948740758, 3.739718726335749, 23.0, 0.0
7, 0 ,1.0,1.0,1.0,136.09113620985792,16.61770676104721,179.91707003938305,14.325745574587158,10.468183804311664,9.600256039575163,75.0,46.0,39.0,0.9728864747119661,0.2273342725889051,0.042556266624280775,14.524928345261836,0.2263051399694516,-0.9736631874617089,0.027676361851074475,10.201037861214601,0.047727255797188846,-0.017295256239159437,-0.998710660384524,9.5885378224801,75.66009087958506,52.62126319145534,40.17399035404219,19.155320525022592,6.328386053150356,57639.0,159945.89514944205, 0.0, 0.0,0.0,NaN, 69.02039644008237,69.02039644008237,0.0, 205.2269862678035, 23.655861246451504, 5.004192145649976, 23.655861246451504, 109.58287216085301, 0.824955990176734, 5.004192145649976, 0.824955990176734, 92.16491602539939, 5.995211594080652, 3.919811102602521, 13.0, 0.0
8, 0 ,1.0,1.0,1.0,184.63181028060592,154.60295505338962,91.94226471318599,8.623101563928945,10.988797881311006,10.761814749553498,34.0,55.0,52.0,-0.3558465935981457,-0.9338209982010104,0.0367633668679225,11.329326996674611,0.15251783521187753,-0.09684015366309287,-0.9835447598258004,10.836897211415069,0.9220149194925638,-0.34438398330552183,0.17688459592554512,8.07070162956669,55.470071340055824,54.635339355191206,38.91398200343512,16.826471581404018,5.272387531474112,40270.0,117933.73230547553, 0.0, 0.0,0.0,NaN, 103.68439123477275,103.68439123477275,0.0, 74.35788058183381, 20.234467707390298, -8.672759898127453, 20.234467707390298, 120.75367887630524, 2.8113203501150483, -8.672759898127453, 2.8113203501150483, 115.81665670370721, 6.069899483893537, 4.037344667189545, 21.0, 0.0
9, 0 ,1.0,1.0,1.0,79.30733284429593,146.66433015459015,44.86665579916863,9.63547221743847,8.898606850282428,10.396731957288756,45.0,40.0,48.0,-0.5874349347686887,-0.09973214318102197,0.8031025445295431,11.233455101636059,0.11626054692674498,-0.9924834701135659,-0.03821055848360616,8.87304440986785,0.8008768211414292,0.07092292413497307,0.5946143760375664,8.671685735811177,54.042455330586435,40.67252035286796,42.54833012744891,16.085376696755695,4.623875067958385,36807.0,93523.05342674228, -1.4210854715202004E-14, 0.0,0.0,54.02480610423907, 105.58107559281433,105.58107559281433,0.0, 92.84232485302863, 2.5798108319416486, -24.07239412068864, 2.5798108319416486, 79.18520387589336, -3.950266731906219, -24.07239412068864, -3.950266731906219, 108.09203539170929, 5.984981367727116, 3.9426459898230712, 14.0, 0.0
10, 0 ,1.0,1.0,1.0,153.209182023925,10.739573229873908,87.33923375363725,9.457246510060845,6.825168240564845,9.59663460423083,47.0,26.0,46.0,-0.6048336872283148,-0.040483849432945,0.7953221163333084,9.762010849186026,0.7906728258611297,0.08853005834137112,0.6058043506073967,9.307823236927161,0.09493520547498363,-0.995250464307937,0.021536481984266186,6.795984076032464,47.82446275485977,49.13619365221135,27.908393000320054,14.402351894931883,4.548635914837646,24744.0,65582.26937697652, 0.0, 0.0,0.0,NaN, 99.66373880555804,99.66373880555804,0.0, 89.43951155205802, 4.033986783146328, -4.249105799742303, 4.033986783146328, 46.58292151201502, 0.588143481588977, -4.249105799742303, 0.588143481588977, 92.09539572712065, 6.329415019028277, 4.057770966247089, 15.0, 0.0
11, 0 ,1.0,1.0,1.0,98.96596038691847,90.84375863657301,12.931598341777983,11.21754819899478,11.361545179131515,8.35904181590413,59.0,54.0,33.0,0.5942351530881663,0.7982527679340897,0.09837225889368938,11.522991941164346,0.7977539248946419,-0.6005426346156155,0.05419611908733709,11.086616006524103,-0.10233893760185808,-0.04627161651054431,0.9936728230942135,8.31259759533664,57.741504281894976,59.091766463998354,36.23863302043661,17.225156156054656,5.29959167613787,43420.0,123647.93670453543, 0.0, 0.0,0.0,NaN, 134.95953480283683,134.95953480283683,0.0, 125.83338759677106, 4.425243557458679, 6.0491456091466596, 4.425243557458679, 129.08470885744654, 3.2490548860114865, 6.0491456091466596, 3.2490548860114865, 69.87358008003382, 6.128130826064377, 3.848789238187473, 13.0, 0.0
12, 0 ,1.0,1.0,1.0,154.63598963888467,9.847744933719335,39.890446442175836,10.222847434419696,6.25095585102817,9.695031494721922,47.0,24.0,48.0,-0.9756491120842766,0.010678131331757918,0.2190771270589973,10.250498714729783,-0.21907523347310903,0.0013610853353164401,-0.9757070203321346,9.66618582108797,-0.010716910369367996,-0.9999420608005104,0.001011372415688972,6.250345764363402,52.96207951583473,49.47236737496697,24.294034273679323,14.721009893333457,4.567993227115649,26252.0,63654.24359619144, 0.0, 0.0,0.0,NaN, 61.205549043196015,61.205549043196015,9.5367431640625E-7, 104.50660966742139, -0.7038682543569262, -2.4868540986807726, -0.7038682543569262, 39.07444905150331, 0.08220761958618357, -2.4868540986807726, 0.08220761958618357, 93.99363568365, 5.841472728509111, 3.874988396631432, 13.0, 0.0
13, 0 ,1.0,1.0,1.0,188.56993664810904,59.11088500671914,92.91683624496065,6.973244703368016,9.499443283443256,9.614201011958823,28.0,46.0,54.0,0.16130845416737058,-0.6299949894540395,0.7596616983084894,9.836757826002891,0.0514681427982697,-0.7633246445652665,-0.6439615805901834,9.343738135080883,-0.9855610650238931,-0.14297482387509627,0.09070604636326575,6.872494352297525,51.96837757378299,45.19966852966425,29.866418236880378,14.544759101158709,4.443918110859205,26045.0,70154.82586873374, 0.0, 0.0,0.0,NaN, 110.71712393427968,110.71712393427968,0.0, 48.62614169305009, -6.6078701109517555, 4.741274055665351, -6.6078701109517555, 90.23942269535517, -4.005944445208118, 4.741274055665351, -4.005944445208118, 92.43286109835005, 6.14434326348984, 3.943703912898001, 11.0, 0.0
14, 0 ,1.0,1.0,1.0,73.15097732001131,186.67898697762823,25.56232501990599,9.903949569401828,7.409148843547247,13.398495741671624,48.0,29.0,55.0,-0.21745039786576031,0.06364483027251731,0.9739941786518057,13.584753865717138,0.9619549132578609,0.18307082415573195,0.2027999462573966,9.747038687175582,0.16540274884984377,-0.9810374146394845,0.10103228073438712,7.276887455311546,57.79139812261948,47.590103114418,33.029098155763336,17.314424470565847,5.7196238557937535,38933.0,90839.8822777366, 0.0, 0.0,0.0,NaN, 78.62536061118142,78.62536061118142,0.0, 98.08821707325464, 5.584360684907443, -19.667052281278096, 5.584360684907443, 54.89548658583752, 9.718617576318026, -19.667052281278096, 9.718617576318026, 179.51968813959263, 5.361921317894331, 3.6550324489676647, 12.0, 0.0
15, 0 ,1.0,1.0,1.0,184.40485074626866,149.4523383084577,34.77509950248756,9.48269181888485,11.504343415332087,9.225882468816973,42.0,59.0,48.0,0.393147516788789,-0.9100611330477556,-0.1312393392190187,11.912404641282677,0.5546899411149259,0.34857985507269623,-0.7555204523131183,9.55409722686378,0.7333171887176311,0.22423384836668586,0.6418450607256683,8.614064703741516,63.206161653709984,46.918942059731734,46.27882978987756,16.73941720794805,5.213461462070824,40200.0,137242.93508720593, 0.0, 0.0,0.0,NaN, 63.30546839046908,63.30546839046908,0.0, 89.92144413194566, -20.92121407885947, -10.650565781169037, -20.92121407885947, 132.34991741789477, 3.5883729016608763, -10.650565781169037, 3.5883729016608763, 85.11690732842438, 5.885269163889968, 3.8666976558128234, 18.0, 0.0
16, 0 ,1.0,1.0,1.0,152.55758793110817,110.01927432796273,10.186973802299244,10.227231845392614,9.508904343716361,5.818298728551387,52.0,49.0,24.0,0.9139973184964325,0.4024640031972036,0.05129939484840142,10.403672822558748,-0.40243701133621307,0.915377794468744,-0.011311290833261324,9.32642662139687,0.05151071430399311,0.010306285655812866,-0.9986192601727012,5.800818167196384,46.53522112566398,42.875260744787184,24.5754021270268,14.468170801034043,4.420426088525238,23399.0,49033.08167791857, 0.0, 0.0,0.0,NaN, 102.23056240982775,102.23056240982775,1.9073486328125E-6, 104.59627121941283, 7.79005632048694, 3.7399697765460687, 7.79005632048694, 90.41926181794787, 0.9877206211873464, 3.7399697765460687, 0.9877206211873464, 33.852600094662684, 6.084180546363982, 3.9416289740421897, 16.0, 0.0
17, 0 ,1.0,1.0,1.0,11.424786181452289,46.699480127452624,14.439166526915981,7.0416398444688015,9.290199651083904,8.793198462524863,27.0,46.0,38.0,-0.18011540945784246,-0.8591854189827393,0.4789142460642501,9.563294770241948,0.04061388595226182,-0.4929575289796041,-0.8691049343377244,8.580146790008033,-0.9828066704818862,0.13708862253950344,-0.12368410579589888,6.938105984844689,48.80045666101634,40.95392185445945,29.84228285083308,13.986947202000973,4.192630251524039,23852.0,59641.893879938434, 0.0, 0.0,0.0,NaN, 50.19817440363998,50.19817440363998,0.0, 49.5846916992106, 6.193605037256866, -4.63615777505923, 6.193605037256866, 86.3078095569995, -6.907724900849683, -4.63615777505923, -6.907724900849683, 77.32033920134963, 7.2435391774773095, 4.148743784686736, 10.0, 0.0
18, 0 ,1.0,1.0,1.0,62.15546253201509,12.056677040015423,104.90793423480488,10.550251035934126,7.33455087560351,11.928351395826322,50.0,28.0,56.0,0.34206736950365757,0.15039353357739904,0.9275622349896273,12.277805640983456,-0.9316996116187134,0.18262067425342,0.3139833165070487,10.346647943617711,-0.12217098031196921,-0.9716128212376216,0.20259017048288036,7.042113707078525,60.362206725262396,51.047975030783945,34.90666986311406,16.668321026436484,5.436549884808607,36311.0,107560.31022340288, 0.0, 0.0,0.0,NaN, 114.24169972172227,114.24169972172227,0.0, 111.30779692122908, -4.573185588138223, 15.285002099763911, -4.573185588138223, 53.79563654681622, 17.405647636935683, 15.285002099763911, 17.405647636935683, 142.28556702231177, 5.5937972646653416, 3.694528966659121, 17.0, 0.0
19, 0 ,1.0,1.0,1.0,189.85395585259096,134.73633924789382,118.52689791499976,6.41751052460317,9.217098783550362,9.162918248357968,27.0,47.0,46.0,0.06205842655855052,0.7131579790997717,0.6982509925087156,10.218788547727842,0.054756945558072215,-0.700978569434168,0.7110771562265075,8.050272492955788,-0.9965693295532564,0.005894237894476039,0.08255197970621911,6.392800290263673,48.71526868660578,44.11079719202213,28.517119177617445,13.81844938514299,4.375943182381602,21247.0,61279.56298576745, 0.0, 0.0,0.0,NaN, 104.88161893277606,104.88161893277606,NaN, 41.18444133339245, 1.8939549435785936, 3.6861187099470003, 1.8939549435785936, 84.95490998572556, 19.716039069978454, 3.6861187099470003, 19.716039069978454, 83.95907082609146, 5.99101387132991, 3.71813909506706, 8.0, 0.0
20, 0 ,1.0,1.0,1.0,11.641576101504363,153.39723753948283,188.08721023609402,7.311912840201706,10.018411493099512,6.082119715238797,29.0,56.0,23.0,0.09601103999649804,0.9949748066766192,0.02840799671950822,10.042692897632122,0.993452267472012,-0.09756151591485775,0.05945033950376325,7.286003680562601,-0.061923117278675756,-0.022514099831431766,0.9978269603770342,6.073161301081093,56.67869957385565,31.258287954108276,24.38545277954364,13.140094658501289,4.261775548277422,18679.0,43203.19732969068, 0.0, 0.0,0.0,NaN, 49.48998204725406,49.48998204725406,0.0, 53.46406938270658, 4.540794760256838, 1.131424194584792, 4.540794760256838, 100.36856884506838, 1.714219179194956, 1.131424194584792, 1.714219179194956, 36.992180230496466, 6.172013658954612, 4.0688574034119815, 8.0, 0.0
21, 0 ,1.0,1.0,1.0,8.502983063895304,19.154878752886837,55.21218244803695,5.359927328841333,10.353658813776317,9.615961647624882,21.0,42.0,45.0,0.005415490822487521,0.9462539915863122,0.32337912094958016,10.446682725121528,-0.05931548321941543,0.32311842696352805,-0.944497832505222,9.526445010089722,-0.998224596926763,-0.014066469478402774,0.05787735763504036,5.339237372652102,45.19125432222761,44.219713541619896,21.851146240699073,14.36080039914608,4.707568598229972,20784.0,43666.113991222584, 0.0, 0.0,0.0,NaN, 59.055865006771384,59.055865006771384,NaN, 28.728820970460184, -0.7798355697978577, 3.6284086166388234, -0.7798355697978577, 107.19825083208802, 5.674941527125132, 3.6284086166388234, 5.674941527125132, 92.46671840859263, 5.513808307696056, 3.7769364948721735, 11.0, 0.0
22, 0 ,1.0,1.0,1.0,120.4943851107272,10.001806188157689,146.60283493010837,11.11034188310595,6.501784549569151,9.429609262078872,52.0,26.0,46.0,-0.8571339125904756,-0.17067115156184434,0.4859967221205279,11.991752913054428,-0.4754747776504832,-0.10071413671218712,-0.873945306346194,8.482138400095865,-0.19810399214949537,0.9801673432077164,-0.005175674213069122,6.235512822364154,57.74058839935452,39.64143036708032,28.643665987593657,15.091279563565122,5.184950439330524,25468.0,65563.04604259369, -1.4210854715202004E-14, 0.0,0.0,31.003714084049843, 96.29348972515267,96.29348972515267,0.0, 123.43969675949823, 16.93200323091361, -29.9663222320166, 16.93200323091361, 42.27320232901613, -5.792356306218959, -29.9663222320166, -5.792356306218959, 88.91753083548363, 5.645636091886715, 3.7222737381916704, 9.0, 0.0
23, 0 ,1.0,1.0,1.0,57.08787160061713,151.82722730098786,19.354502958988647,8.6280897701901,11.436735535739455,11.686332584911092,40.0,52.0,46.0,0.17769671524815342,0.5867480300074901,-0.7900320415479029,12.40206666929758,0.25546272517051777,-0.802790298206991,-0.5387638936985143,10.935969566324847,0.9503487114940861,0.106087164101324,0.29254544975861374,8.270824267071232,61.08334270621096,57.75813495828645,43.303955604929605,17.628397030554506,5.572507533884521,43427.0,152778.95152118517, 0.0, 0.0,0.0,NaN, 77.1637084268812,77.1637084268812,0.0, 74.44393308245905, -1.5934027075453054, -19.034973249165386, -1.5934027075453054, 130.79891971444565, -17.44940162338419, -19.034973249165386, -17.44940162338419, 136.57036928515478, 5.377795403989632, 3.6114838681152923, 12.0, 0.0
24, 0 ,1.0,1.0,1.0,139.6709862228891,36.37320965761833,35.425780930296,8.74452900083181,8.976631162177796,11.075391543042208,39.0,44.0,56.0,0.22326849451676484,0.4136966676349111,0.882613305215816,11.68829486423268,-0.8184193972969395,-0.41227712468020455,0.40027148611103697,8.709199973121308,-0.5294722556322778,0.811715861402987,-0.24652888443846627,8.200279952220948,57.57407261161812,41.69987814995068,41.46268980986545,16.025016004333278,4.786423963749877,36655.0,99544.94472738139, 0.0, 0.0,0.0,NaN, 78.85167238960263,78.85167238960263,0.0, 76.46678744638855, 9.311196520825996, 10.851259528560004, 9.311196520825996, 80.57990702178148, 23.909843592239767, 10.851259528560004, 23.909843592239767, 122.66429783169087, 5.487618689065642, 3.5284717757929727, 16.0, 0.0
25, 0 ,1.0,1.0,1.0,71.08652722598738,63.865505959336296,46.78119887824258,9.091369871753663,9.252585001374634,9.581014536758348,42.0,39.0,51.0,0.465253809860006,0.5792120182098931,0.6693671118093352,10.015384154636484,-0.47916348071307513,-0.47102465441193225,0.7406336028611242,9.216761803833842,-0.7442722963819626,0.6653188806109002,-0.05839123171315353,8.648847148187654,54.111106189389645,48.07052863536715,44.4835653240288,15.504827961752847,4.433901756096753,34232.0,115708.40279194656, 0.0, 0.0,0.0,NaN, 106.39820380522761,106.39820380522761,0.0, 82.65300614503023, 9.16316228524327, 4.342313885330843, 9.16316228524327, 85.61032920766282, 6.349019620104845, 4.342313885330843, 6.349019620104845, 91.79583955357478, 5.6352846415421345, 3.6119684297393366, 23.0, 0.0
26, 0 ,1.0,1.0,1.0,92.15694369652367,126.69813917309878,77.16747442110932,8.970924855951983,8.178303455356895,10.277046132186808,43.0,39.0,46.0,-0.10065332877178196,-0.1046927075487954,0.9893979706838206,10.30947748541633,0.9881844255440048,0.10501267759966207,0.11164174244257809,8.966819040589316,-0.11558740640495858,0.9889447783013228,0.09288582750410888,8.141906880648666,45.62911749533559,44.172133139986784,39.448142447189554,15.328571477856253,4.244374374438115,33426.0,79509.12965983193, 0.0, 0.0,0.0,NaN, 140.7866619417592,140.7866619417592,0.0, 80.47749277113711, 1.8860037664668807, -2.4259130860150444, 1.8860037664668807, 66.88464740790253, -3.977298602614954, -2.4259130860150444, -3.977298602614954, 105.61767720309582, 5.764783863088554, 3.624697059169348, 19.0, 0.0
27, 0 ,1.0,1.0,1.0,66.24754785635184,190.67252017085903,72.75921531403259,11.334911060406027,5.631201311980298,10.011641109910475,61.0,23.0,46.0,-0.9246434254457683,0.091154931389735,0.3697638628412031,11.605038023666646,0.3719567096679284,0.0077443696960864256,0.9282177712536097,9.741810563918753,-0.08174803919926037,-0.9958066093480918,0.04106646887343936,5.55372074225786,60.181286700743584,47.81299113942109,24.048024563795764,15.260166194651482,5.24889725453172,25284.0,69196.92401952071, 0.0, 0.0,0.0,NaN, 98.84150388402846,98.84150388402846,0.0, 128.48020874731486, -8.56712955819518, -13.38367855760681, -8.56712955819518, 31.710428216048637, 3.9602635184381403, -13.38367855760681, 3.9602635184381403, 100.23295771364945, 5.314228820056548, 3.631776885805771, 15.0, 0.0
28, 0 ,1.0,1.0,1.0,101.0308170625544,18.895311528416865,101.70023628901878,9.892000837976227,9.916400169413196,10.753339266423822,45.0,41.0,52.0,-0.5189002033062766,0.4221594332484982,0.7433195759079753,12.511643328294733,0.5700312379390265,0.8188751993968352,-0.06714011905332593,9.508569026699806,-0.6370298005450028,0.38887635661235703,-0.6655585717917644,8.05399742781781,62.78084608408697,47.49548627247786,43.669030079142885,16.844415445883325,5.29968362864828,40205.0,130212.61142286773, 0.0, 0.0,0.0,NaN, 140.76496550880918,140.76496550880918,0.0, 97.85168057852238, -8.157574704233516, -36.33728622713822, -8.157574704233516, 98.33499231993807, 27.362847768697396, -36.33728622713822, 27.362847768697396, 115.63430537881241, 5.347627698411515, 3.390188454284378, 17.0, 0.0
29, 0 ,1.0,1.0,1.0,126.2496062339385,74.14310978474121,166.55439498190057,8.921375112587365,9.307180579279105,9.907277124827962,41.0,46.0,48.0,-0.09221174062155094,-0.5249919070448466,0.8460972121623846,10.32350393299804,-0.7345259376948103,0.609561230706756,0.2981723543067405,9.172497384019422,-0.6722861308588057,-0.5939853563486903,-0.44182887490318723,8.58249628887037,47.164197327628585,42.133459074031535,42.75532089621652,15.674650229674427,4.321345211888788,36189.0,84962.97938954266, 0.0, 0.0,0.0,NaN, 109.79494434730604,109.79494434730604,0.0, 79.59093389949321, -3.0968170075317683, -4.862357342604344, -3.0968170075317683, 86.62361033531015, -12.716908773695401, -4.862357342604344, -12.716908773695401, 98.15414002813941, 5.461349403433414, 3.597848414926499, 15.0, 0.0
30, 0 ,1.0,1.0,1.0,44.51422120653102,56.65337702029241,171.58944354194773,9.044877426999875,11.457579104111366,8.023464296211106,44.0,53.0,40.0,0.23530520715540607,-0.9684094102813171,0.0825510361179227,11.607025411799874,0.9471375876318673,0.24753485975352993,0.204100179572892,8.917966861187969,-0.21808679368645384,0.030161354170385624,0.9754631941463349,7.950392069676863,50.71566735189872,45.85513437135481,37.6264802557173,15.982173033870128,4.693831167015198,36319.0,87503.15445475493, 0.0, -7.105427357601002E-15,0.0,14.439976226043436, 77.44856832558978,77.44856832558978,0.0, 81.80980766945189, -12.469546772515143, 4.544248256025294, -12.469546772515143, 131.27611892696942, -4.8924941559630835, 4.544248256025294, -4.8924941559630835, 64.37597931257437, 5.475723999600509, 3.5286634541347275, 20.0, 0.0
31, 0 ,1.0,1.0,1.0,188.6966772064126,179.95889499084706,188.24241415654296,6.543441932754075,11.192760651746232,7.008536150468567,26.0,48.0,28.0,-0.040593691265116354,-0.9733543316030594,0.22568450850475774,11.386306039929801,0.6258768465895911,-0.20083833738809784,-0.7536193569291164,6.995599928458543,-0.7788647669092126,-0.1106585170004833,-0.6173527091401736,6.2151201688331605,51.76725448658178,39.513276213337804,32.96760177049549,13.78073866381253,5.225451577302233,18027.0,67435.02585763382, 0.0, 0.0,0.0,NaN, 25.83895936430469,25.83895936430469,0.0, 42.816632327324385, 2.300340478723719, -5.697147578189603, 2.300340478723719, 125.27789100727875, -18.43392528485073, -5.697147578189603, -18.43392528485073, 49.11957897242476, 6.122514973980169, 3.8984345876507382, 8.0, 0.0
32, 0 ,1.0,1.0,1.0,87.8242237844171,75.73265963678969,97.4918863503222,10.510017213667377,8.61606887042354,9.332968367601136,48.0,43.0,45.0,0.8680160200558691,0.2116608656658698,0.44916351907957075,10.997900206438516,-0.4782391170769579,0.1130765416816445,0.8709196533657805,8.88228509670449,-0.13354975036974548,0.9707797760907947,-0.19937675518797277,8.482488176955535,50.06571391715602,47.78134996525331,42.65872357718537,15.822828440255638,4.6302811267073585,34140.0,102048.51412784481, 0.0, 0.0,0.0,NaN, 151.50312842691187,151.50312842691187,0.0, 110.46046183158457, 8.627319580561629, 16.21308758020749, 8.627319580561629, 74.23664277988156, 5.342250929097589, 16.21308758020749, 5.342250929097589, 87.1042985506434, 5.851794131357696, 3.592512683934581, 22.0, 0.0
33, 0 ,1.0,1.0,1.0,143.10463149158926,71.38140381116537,115.87082256056689,9.189204346536583,9.635025674278847,8.239888259395466,42.0,42.0,39.0,-0.4653472358122328,-0.8612970454442194,0.20400820971464179,10.008036621281791,0.8311358892543298,-0.34592941568248287,0.43536877811688596,9.080136724715393,-0.30440940148971823,0.37215620225200496,0.876832183151392,7.909568562273163,46.39516817836139,44.67200076809539,40.63437006413771,15.067735276626367,4.2584396704972765,31329.0,84217.3727246711, 0.0, 0.0,0.0,NaN, 124.13744908123466,124.13744908123466,0.0, 84.44147652240682, 9.351998413833838, 3.626845531183943, 9.351998413833838, 92.83371974401255, -9.601885115267233, 3.626845531183943, -9.601885115267233, 67.89575852732324, 5.605628588100569, 3.5791772695994872, 19.0, 0.0
34, 0 ,1.0,1.0,1.0,146.46494444444446,106.95722222222223,84.75516666666667,9.306457972661349,9.686502812078018,9.890045555169573,43.0,50.0,45.0,0.3102567449894989,0.684769526909491,0.6594175059889386,10.590620227779521,-0.7062401073023861,-0.298303631161009,0.6420590739750279,9.548379585847538,-0.6363691248214632,0.6649102485691638,-0.39106099053940074,8.65555938597581,53.11713648343118,49.16484286335331,43.3923441509225,15.989478135166916,4.752692581438567,36000.0,113318.9187987636, 0.0, 0.0,0.0,NaN, 136.7713381766655,136.7713381766655,0.0, 86.61015999691199, 11.336389290123364, 0.2495838981481667, 11.336389290123364, 93.82833672839534, 13.703943240740843, 0.2495838981481667, 13.703943240740843, 97.81300108332943, 5.231347769705786, 3.4137194519706746, 23.0, 0.0
35, 0 ,1.0,1.0,1.0,9.024966315288896,98.52520408972022,112.86981849885076,6.049209941952952,9.686650545328192,10.804221861147624,25.0,50.0,58.0,0.015621809070746687,-0.010957903746879768,0.999817925137788,10.805218146765162,0.04013267932145425,-0.9991272851880583,-0.011577393628178915,9.69132475237667,0.9990722331902927,0.04030623200219266,-0.015168405649472416,6.039936678378155,57.956565946751056,49.549636967751454,26.150028444388724,14.92309131268183,4.945371109169722,25234.0,75095.73757143292, 0.0, 0.0,0.0,NaN, 131.8344961925229,131.8344961925229,0.0, 36.592940921822446, -2.3169881341255447, 1.227075150421027, -2.3169881341255447, 93.83119878730696, -0.21501563625540435, 1.227075150421027, -0.21501563625540435, 116.73121002490024, 5.546018715838325, 3.524363412649892, 16.0, 0.0
36, 0 ,1.0,1.0,1.0,117.2757705045201,38.53539994629591,158.37891219381208,9.51482897585023,8.397107806701685,9.764561146742619,45.0,38.0,47.0,-0.684022693593549,-0.1914518912574998,0.7038885763975382,10.018985015630188,-0.5805884228984842,-0.4412979305615396,-0.6842318464368301,9.617295343180894,0.44162205316908426,-0.8766996691091142,0.1907030475338392,7.969793842009591,50.96411828179511,50.645244469283824,40.61050994775985,15.392892010015002,4.410092959739455,33517.0,104819.39044292219, 0.0, 0.0,0.0,NaN, 100.30249321334048,100.30249321334048,0.0, 90.53197043967916, 12.251105358367091, -6.237947471653166, 12.251105358367091, 70.5114195173704, 3.781317560701587, -6.237947471653166, 3.781317560701587, 95.34665438847553, 5.248404002648981, 3.386770987136981, 12.0, 0.0
37, 0 ,1.0,1.0,1.0,180.9456607495069,160.22633136094674,8.09758382642998,10.231159907101032,9.318903872308347,5.418218780542557,44.0,48.0,21.0,-0.9840728476894979,0.17467312980669011,-0.03301406009290744,10.265825137717675,-0.1721403484883733,-0.9827047238341948,-0.06825779205527213,9.299595501520088,-0.04436587497823471,-0.06148758799542003,0.9971213294579157,5.3857269639047205,46.598789105980714,44.558080225738735,22.55071794597932,14.084028705365922,4.7450851000004555,20280.0,46823.24146480703, 0.0, 0.0,0.0,NaN, 44.83952971551051,44.83952971551051,NaN, 104.67663304467159, -3.406340376737508, 3.156831231593945, -3.406340376737508, 86.84196938132351, 3.414895968278431, 3.156831231593945, 3.414895968278431, 29.35709475382408, 5.812234647527954, 3.6005637903477115, 12.0, 0.0
38, 0 ,1.0,1.0,1.0,55.4603013029316,82.39858655188459,71.89396230805026,10.359021403214767,8.667908087998814,9.178094474144741,52.0,42.0,46.0,0.8707146407709616,-0.1535314654344159,0.46720884352573566,10.92399952854461,-0.2265927113492492,0.7179242780720255,0.6582100531883093,8.984559868424551,0.43647652572674545,0.6789792486345382,-0.5903180688520282,8.16230920154556,53.526774590896345,40.690524127200064,42.1843887381663,15.665684276464203,4.611475835425826,34384.0,91878.97021031337, 0.0, 0.0,0.0,NaN, 122.61367746997772,122.61367746997772,1.9073486328125E-6, 107.30932443226163, -9.340025283756322, 19.34010756603334, -9.340025283756322, 75.13263062199525, 2.881434579111575, 19.34010756603334, 2.881434579111575, 84.23741817632622, 5.228019731505846, 3.338640789025158, 21.0, 0.0
39, 0 ,1.0,1.0,1.0,154.51909633418586,179.52676896845693,136.79889173060528,9.405325602055633,11.095557820261583,8.710623259381222,47.0,48.0,43.0,0.06827109703756667,0.969092643262707,0.23706224094820916,11.237989524256177,-0.997654552805849,0.06749263406719432,0.0114077873592242,9.39592297602624,-0.004944752273737044,-0.2372850461381235,0.9714274838114165,8.53643564209412,52.651589388794406,47.45156653904279,40.334779701024175,16.165409182247103,5.111365430178315,35190.0,100772.42962878579, 0.0, 0.0,0.0,NaN, 80.51115372176552,80.51115372176552,0.0, 88.46014968068314, 2.4966328858538622, 0.6891913826948964, 2.4966328858538622, 123.11140334276794, 12.284709974133795, 0.6891913826948964, 12.284709974133795, 75.87495756687316, 5.274655770073224, 3.4834639442908824, 16.0, 0.0
40, 0 ,1.0,1.0,1.0,133.78874291762654,137.377218105971,18.270531100180563,9.281578512833958,8.291597171617422,9.659828198651123,48.0,39.0,38.0,-0.2179025120958581,0.045600365311843805,-0.9749046629828692,9.689814138091213,0.9211203409767392,0.3397669558173459,-0.18998877117742904,9.38970913930151,-0.3225768321829856,0.9394035460961601,0.1160394972444714,8.133352840145061,43.122245795647935,49.847120384596906,40.71419761888458,15.15522538840885,4.304614686618571,32122.0,87515.97300397932, 0.0, 0.0,0.0,NaN, 92.94813437212143,92.94813437212143,0.0, 86.14769968990103, 6.61437027791293, 2.040434096439361, 6.61437027791293, 68.75058365637403, -2.6543809644755294, 2.040434096439361, -2.6543809644755294, 93.31228082745541, 5.368153585449123, 3.396113736954383, 13.0, 0.0
41, 0 ,1.0,1.0,1.0,15.528995933687833,152.7493274945261,56.71645292461683,9.485246302963695,8.251173337745257,9.684656716672649,35.0,39.0,50.0,-0.2885170258614947,0.1824492880489589,-0.9399309459095735,9.732210243266543,-0.9399955525092317,0.13274549411519415,0.31430398510832924,9.507627415820965,-0.18211613616289346,-0.9742129598206652,-0.1332021841658667,8.169053757932103,50.98409121126309,45.52854924635628,37.132152939854194,15.238762338299313,4.42994999904325,31970.0,86192.33077145828, 0.0, 0.0,-7.105427357601002E-15,19.96003708735464, 75.43561360046273,75.43561360046273,0.0, 89.96989742788644, -4.425480969265843, 0.5977900575189442, -4.425480969265843, 68.0818614495182, -3.811490342887718, 0.5977900575189442, -3.811490342887718, 93.79257571979264, 5.610868260427531, 3.6456756441072202, 16.0, 0.0
42, 0 ,1.0,1.0,1.0,117.81825342833613,89.42318020695335,63.21321923448745,8.340431671844549,8.73150784394674,8.682951746054867,39.0,41.0,39.0,-0.4121921921502906,-0.7155327410047998,0.5640128485065709,9.304383423283188,-0.5151880406425936,-0.3275278752115597,-0.7920270031622952,8.409843883391273,-0.751451182385911,0.6170400209950397,0.2336294779801075,7.993663471490893,49.92744830169122,41.48123872686651,40.45370466098728,14.340772995387688,3.9418156502686643,27929.0,83781.74220897755, 0.0, 0.0,0.0,NaN, 136.91696649386375,136.91696649386375,0.0, 69.56280047270766, 7.839022619159116, -2.4853986596635314, 7.839022619159116, 76.23922922890345, -7.3791413273802196, -2.4853986596635314, -7.3791413273802196, 75.39365102431725, 5.29247664888596, 3.3864781445881897, 15.0, 0.0
43, 0 ,1.0,1.0,1.0,184.22709867452136,11.627466863033874,96.13560382916053,8.67769569805066,7.050143121308649,11.34724631511278,33.0,28.0,51.0,-0.29651372113761126,-0.07455722923035242,0.9521138759342919,11.622242584937673,-0.9527118953735798,0.09249065797254445,-0.2894572897708524,8.345071501435799,0.06648050534411014,0.9929182734532075,0.0984563083397567,7.003583263410846,55.54386782133495,41.10081784665033,32.60926835845915,15.162180272546077,4.886226455819122,27160.0,74443.64635927316, 0.0, 0.0,0.0,NaN, 98.11236785172163,98.11236785172163,1.3486991523486091E-6, 75.30240262796694, 0.08747365201794242, -18.608409588301377, 0.08747365201794242, 49.70451803093566, -6.6579882347774, -18.608409588301377, -6.6579882347774, 128.75999893584057, 5.6027806780969005, 3.608012397743826, 8.0, 0.0
45, 0 ,1.0,1.0,1.0,186.1501523422623,22.542465405611274,176.61854132283864,8.184869301271016,10.983044888310392,9.29363201574909,33.0,48.0,50.0,0.11549360839062071,0.986219974836334,-0.11845415845268915,11.034108167343279,0.197341645633961,-0.13965652647319668,-0.9703361940646763,9.31844233582226,0.9735078332090572,-0.08869168984331152,0.21075170896897555,8.08740044309727,51.2860653278596,54.82262982066314,38.81361825761624,15.752987925934708,5.082748070388298,31508.0,109129.80420443176, 0.0, 0.0,0.0,NaN, 35.3082658392837,35.3082658392837,0.0, 66.9920854788887, 5.827332619209539, -4.873915164350262, 5.827332619209539, 120.62727501864104, -3.678688215372383, -4.873915164350262, -3.678688215372383, 86.37159604415648, 5.4605118638303916, 3.4304016568876112, 7.0, 0.0
46, 0 ,1.0,1.0,1.0,182.0700064850843,94.17217898832685,79.99312581063553,9.427537581510801,8.493416481426959,9.501465076924765,38.0,43.0,44.0,0.6674105042530439,-0.23034146053410895,0.7081709047763196,10.599791071588735,0.5868318183490073,0.7481342319427924,-0.309715333764033,8.47052150485172,-0.45846661360004787,0.6222844868341021,0.6344843431163002,8.196897075131961,54.359387630528374,50.70556435760389,47.50551934558056,15.196392505550154,4.512657953254959,30840.0,130940.57592866603, 0.0, 0.0,0.0,NaN, 124.85505252015456,124.85505252015456,0.0, 88.87846485079854, -4.941301375998627, 20.51860704846989, -4.941301375998627, 72.1381235269751, -8.424335215774141, 20.51860704846989, -8.424335215774141, 90.27783860802094, 5.501706778988648, 3.3842581231869993, 13.0, 0.0
47, 0 ,1.0,1.0,1.0,28.288825978351372,152.0634804329725,129.43527060782682,10.584684552752925,8.382406948759604,8.251804129283316,58.0,41.0,41.0,-0.9689609803286846,0.24576740264636812,-0.02670210472850947,10.715178077748575,-0.1897084232280365,-0.6699613989644416,0.7177481717524197,8.74569373623162,0.15850972448656425,0.7005355863152612,0.695790600359855,7.687025728988563,56.55231268062411,45.24388708239066,38.87262231202021,15.131172370873934,4.630354997930286,30025.0,99461.29704858507, 0.0, 0.0,0.0,NaN, 89.87518354709539,89.87518354709539,9.5367431640625E-7, 112.0355470812864, -11.059134132047925, -0.927016376721862, -11.059134132047925, 70.26474625461329, -8.73117821077501, -0.927016376721862, -8.73117821077501, 68.09227138805718, 5.332808097658507, 3.421416840151266, 20.0, 0.0
48, 0 ,1.0,1.0,1.0,17.21932106890324,134.6268327772506,12.201077474057975,9.791448573475567,10.647778118764142,7.999571681257036,41.0,52.0,32.0,-0.4474039365713987,0.8712131714454907,-0.20203298602036646,11.181840363767687,-0.87125591215619,-0.3736066703725971,0.3183256059225938,9.49820701172937,-0.20184858947562795,-0.31844256272205773,-0.9262027214242614,7.615201951266257,56.042763299038356,48.24651383481783,37.0390630833116,15.766749994877896,4.9649154792433645,32669.0,100148.7357485774, 0.0, 0.0,0.0,NaN, 68.69514031090915,68.69514031090915,0.0, 95.87246516701671, -15.642666039640039, -2.8773063179658256, -15.642666039640039, 113.37517886643246, -15.632791469397914, -2.8773063179658256, -15.632791469397914, 63.99314708356952, 5.681380017305151, 3.5011008135937183, 11.0, 0.0
49, 0 ,1.0,1.0,1.0,181.0610904619512,84.19098454573401,18.1582874549367,10.57965694658924,9.834176666205089,8.813597308858078,45.0,47.0,42.0,-0.8414921108251421,-0.5233025187149217,0.13433354504987163,11.08674853802571,0.4949016199523381,-0.8463564545881725,-0.1968581680944186,9.32584727408512,0.21671043811408475,-0.09917270634382122,0.9711855437190384,8.742553906461254,54.13926204444246,50.65322618238374,46.0606335856402,16.18289773545206,4.943024399723552,35783.0,126313.37833845, 0.0, 0.0,0.0,NaN, 88.18462210933679,88.18462210933679,0.0, 111.92914110751397, 16.054872642959683, -6.281335169675299, 16.054872642959683, 96.71103070213265, -1.5117160793403972, -6.281335169675299, -1.5117160793403972, 77.67949752271035, 4.698262563496815, 3.2178719491669767, 16.0, 0.0
50, 0 ,1.0,1.0,1.0,150.28224129456692,112.75106809331166,35.84441755831978,9.598602217672353,8.799210435516027,7.3601002431329885,44.0,42.0,35.0,-0.9828460999001575,0.18441542929615154,-0.0021197520057406904,9.626543892110785,0.18435047693766152,0.9827025262823543,0.017625166414413175,8.769045344393728,0.005333438281863581,0.016932048777249367,-0.9998424176640529,7.359608743119178,45.326076880293215,41.861832037943415,35.31805701287291,14.37739739002625,4.125625855531106,26449.0,67013.63335594769, 0.0, 0.0,0.0,NaN, 106.62576574001609,106.62576574001609,0.0, 92.13316453310459, -2.86115631277445, 0.15408608745672572, -2.86115631277445, 77.42610428849416, 0.3786776514793373, 0.15408608745672572, 0.3786776514793373, 54.17107558896628, 5.721407179957712, 3.6329367522248903, 11.0, 0.0
