// Sample: .//bubblelabels.tif, Map: .//bubblelabels.tif, Thickness:(8.191250068658265):/gpfs/home/mader/Foam/NewValid/InSilicoTest/LatticeData_OldFoam/out_Step_07000.vtk/distmap.tif, Neighbors:(1.0):
//LACUNA_NUMBER, TRIANGLES, SCALE_X, SCALE_Y, SCALE_Z, POS_X, POS_Y, POS_Z , STD_X, STD_Y, STD_Z,PROJ_X, PROJ_Y, PROJ_Z, PCA1_X, PCA1_Y, PCA1_Z, PCA1_S, PCA2_X, PCA2_Y, PCA2_Z, PCA2_S, PCA3_X, PCA3_Y, PCA3_Z, PCA3_S,PROJ_PCA1, PROJ_PCA2, PROJ_PCA3,OBJ_RADIUS, OBJ_RADIUS_STD, VOLUME, VOLUME_BOX, Mask_Grad_X,Mask_Grad_Y,Mask_Grad_Z,Mask_Angle, Mask_Distance_Mean,Mask_Distance_COV, Mask_Distance_STD, SHAPET_XX, SHAPET_XY, SHAPET_XZ, SHAPET_YX, SHAPET_YY, SHAPET_YZ, SHAPET_ZX, SHAPET_ZY, SHAPET_ZZ, Thickness, Thickness_STD, Neighbors, Neighbors_STD
1, 0 ,1.0,1.0,1.0,78.9243927646548,135.76262707634996,39.43432505609633,17.979079415692073,17.340535115078904,19.07572702482199,97.0,91.0,87.0,0.36489748762010493,-0.3593609604920493,0.8589001825606793,19.479285947047234,0.8094042554876724,-0.33346482707012604,-0.48339007054917804,18.015827353736988,-0.460124520892968,-0.8715852850876522,-0.1691878130708401,16.846726684791957,96.27989293351584,92.09053251189624,87.43754664112299,30.239033574106156,8.568877682828958,254473.0,775262.0877919425, 0.0, 0.0,0.0,NaN, 161.91237345110915,161.91237345110915,0.0, 323.24729663576244, -23.540863097660548, 14.024739025669481, -23.540863097660548, 300.6941580772845, -22.94691222639085, 14.024739025669481, -22.94691222639085, 363.883361525524, 7.909486123115629, 6.22014556489947, 42.0, 0.0
2, 0 ,1.0,1.0,1.0,56.79757817508369,262.4030771422466,13.697549683025857,19.674860776310407,21.087671350190643,9.147385862533158,110.0,95.0,38.0,0.5208274838159962,0.8518137069726078,-0.05614392857186608,21.88539631056485,0.850955544005538,-0.5232851033321647,-0.04524779283991923,18.831612818846807,0.06792197161550284,0.024209693187437806,0.9973968600951345,9.047899459514342,105.51906255673234,98.87189170621804,41.860057622554905,28.431549904672597,10.3494766861469,140390.0,436720.51115707564, 0.0, 0.0,0.0,NaN, 69.4774521859111,69.4774521859111,0.0, 387.1001465671977, 54.71507690169045, -22.114410094078355, 54.71507690169045, 444.6898829736512, -12.532872294772092, -22.114410094078355, -12.532872294772092, 83.67466811807148, 7.748567459669512, 5.959857914475031, 23.0, 0.0
3, 0 ,1.0,1.0,1.0,260.9100938344908,140.322684620686,127.00236971849652,18.240815824203764,16.747245974994318,15.235670069893436,89.0,99.0,76.0,-0.9223604197651197,-0.32615659583246387,0.20705827934591597,18.47251075554628,0.38164329972258726,-0.8524829065369728,0.3572412152021814,16.9077573377835,0.05999706515795481,0.40852756217574204,0.9107719709758187,14.772181299692592,106.94957331115577,87.37014974662078,79.41691424721819,27.814580416113994,8.465953486384706,188630.0,742087.5488141505, 0.0, 0.0,-1.4210854715202004E-14,78.04998463273682, 193.2565095858313,193.2565095858313,0.0, 332.7273619325224, 14.996333608027113, -14.269961363218862, 14.996333608027113, 280.47024774696337, -28.91147876809288, -14.269961363218862, -28.91147876809288, 232.12564247864663, 6.727452411787897, 5.579662507842223, 41.0, 0.0
4, 0 ,1.0,1.0,1.0,78.11500891666533,16.598846456629662,261.9556335652202,16.895750980066417,10.672069802741303,18.4074202839261,81.0,45.0,81.0,-0.492138511575226,0.12019197169850965,0.8621795493768954,19.081157807490932,0.8532084010685727,-0.1299218067077359,0.505129437360176,16.327927846728,-0.1727284278007862,-0.9842124842131509,0.03860927541985516,10.368258557817901,108.85353423433773,90.88754962947672,47.541568258917984,25.710055721505466,8.785535348578984,124486.0,470349.22496688756, 0.0, 0.0,0.0,NaN, 88.4581829971952,88.4581829971952,0.0, 285.46640118041523, -32.81391228507228, -40.304851997439386, -32.81391228507228, 113.89307387458278, 16.148309279596933, -40.304851997439386, 16.148309279596933, 338.83312150909404, 7.470832805429823, 5.834917002333093, 20.0, 0.0
5, 0 ,1.0,1.0,1.0,188.1923658150657,113.18350015704542,236.2024167214844,15.989811732589782,14.982930830359606,16.29598092426184,81.0,88.0,82.0,0.08645214972646209,0.11580029055593156,-0.9895030664504454,16.30649224541831,0.9255689849650566,0.3581173483519393,0.12277629608409815,16.171268557276154,-0.3685757451032662,0.9264676235662731,0.07622114276914693,14.77530621318815,81.83564546503408,83.5422892295845,84.53139148706865,26.29137837734831,7.381376078602361,168741.0,577918.9055968877, 0.0, 0.0,-2.8421709430404007E-14,8.309013873492045, 171.41056969163577,171.41056969163577,0.0, 255.67407924366586, 14.795708126076697, 0.8379442650014465, 14.795708126076697, 224.4882162673404, -3.5538762444458625, 0.8379442650014465, -3.5538762444458625, 265.55899428390575, 6.996376721288976, 5.68045457315954, 39.0, 0.0
6, 0 ,1.0,1.0,1.0,274.8521515007917,206.29816460743635,208.3025854994741,15.325531386402735,16.399624166499304,17.45338573824361,62.0,90.0,88.0,-0.35041888469102656,0.25114055840700006,0.9022943118378377,17.942472964757865,0.2113451362654858,0.95973434140453,-0.18504925643118933,16.314262319409657,-0.9124362107176699,0.12585076023541944,-0.38938637305296986,14.844284007266651,93.38699809207478,92.98699153985336,75.36749206694248,27.204771091066824,8.266842727955126,173042.0,654474.4189056685, 0.0, -2.8421709430404007E-14,0.0,75.45498518547055, 133.4948091356195,133.4948091356195,0.0, 234.87191227561533, 0.3508873182039679, -33.908823595320364, 0.3508873182039679, 268.947672802428, 14.883786023940306, -33.908823595320364, 14.883786023940306, 304.6206737279255, 7.722451709543871, 5.965167355986865, 34.0, 0.0
7, 0 ,1.0,1.0,1.0,264.079723854331,280.0751904391344,27.097943185955693,18.592039115382708,11.670767941976548,16.058257936658073,80.0,50.0,68.0,0.9835906832587032,-0.10040168381043145,-0.14989619639839952,18.71173294387671,-0.14528505654968726,0.051804973469313474,-0.9880326396770494,15.997260812681093,0.10696550916081114,0.9935973765121737,0.03636802494079866,11.562745673572822,84.43170840957205,74.32313568833445,55.573664657761185,25.903444450858327,8.291559344590667,140071.0,348737.4899092687, 0.0, 0.0,0.0,NaN, 49.20937714833587,49.20937714833587,0.0, 345.66391846792055, -22.29339871660693, -14.366397980720963, -22.29339871660693, 136.20682435546752, -2.998326117715326, -14.366397980720963, -2.998326117715326, 257.86764796024204, 7.075751411820868, 5.717215245609861, 17.0, 0.0
8, 0 ,1.0,1.0,1.0,278.2549883899406,209.54887375864195,285.4398310309995,13.460313460189633,18.400779103344924,8.842044838370732,53.0,103.0,39.0,0.2692151344271301,0.9621564063972023,-0.042169432343863056,18.77570146981102,0.9628357967591812,-0.2679026136318755,0.03428437090457694,12.955182024401935,-0.021689625964843084,0.049832110511510985,0.9985220683026858,8.808334690028849,107.71699416058001,62.391432467093864,41.04355292201319,22.779432185500735,8.890890635160577,76227.0,275838.02276861924, 0.0, 0.0,0.0,NaN, 94.16076830961796,94.16076830961796,0.0, 181.1800384465622, 47.9373127730759, -0.14212806157314287, 47.9373127730759, 338.5886716100953, -11.9842456151489, -0.14212806157314287, -11.9842456151489, 78.1817569237585, 6.9171774581690295, 5.559780994912429, 12.0, 0.0
9, 0 ,1.0,1.0,1.0,155.59942775393418,176.17778949041656,14.724794819667194,17.237092969337446,17.479681009062524,9.663389078660977,82.0,81.0,41.0,-0.6387141563466001,-0.7694383593009501,-0.002972830084930403,18.01637935892757,-0.7633750369014157,0.6331871978491378,0.12779876961739298,16.76863374735528,-0.09645091766392822,0.083896267594092,-0.9917956628084067,9.50056354854879,84.62870821606111,87.45278110863745,44.564728429798585,25.118439111124985,8.068564142302739,119529.0,329824.26347091026, 0.0, 0.0,-1.7763568394002505E-15,89.82966913203397, 190.78858630157143,190.78858630157143,0.0, 297.11737403358245, 22.87533201818094, -18.181527696494975, 22.87533201818094, 305.5392481785811, 15.985872761314726, -18.181527696494975, 15.985872761314726, 93.38108848558423, 8.519204120729375, 5.853562858240755, 18.0, 0.0
10, 0 ,1.0,1.0,1.0,44.05459859955237,256.50695509337146,213.42335998253162,17.139965176162697,20.845286323037417,14.343007410324935,85.0,89.0,78.0,0.2028616957760904,-0.9753940383559679,-0.08633424770324766,21.01112809505103,0.9232121502334539,0.21990385371800508,-0.3151533290023966,17.29734386415978,0.3263839120547636,-0.015772287709996682,0.945105696148437,13.905416970392814,94.50158724636344,89.80910007372538,80.14225742035615,29.15928530814958,9.152175152377849,201507.0,680175.5537995844, 0.0, 0.0,2.8421709430404007E-14,85.04724629290827, 106.43292352337221,106.43292352337221,NaN, 293.7784062400699, -27.606026192327345, -35.13909594469616, -27.606026192327345, 434.52596188941084, 13.55815758750061, -35.13909594469616, 13.55815758750061, 205.72186157263602, 7.513678887720713, 5.463918906362322, 33.0, 0.0
11, 0 ,1.0,1.0,1.0,14.486479902557857,168.47860957556452,12.79364752178394,9.115153356424216,17.432011568321514,8.36433968276503,36.0,82.0,34.0,0.047269541499404814,-0.997859900039674,0.045179755856439664,17.460416585476093,0.9725136675482725,0.03565069125999049,-0.23010040122627634,9.12975951189857,0.22799727383950133,0.05481467053167692,0.9721175829169327,8.288822007645797,82.3687586591735,41.835515866404904,39.694900776169455,20.009033439605453,7.520758417251889,53365.0,136786.2269214757, 0.0, 0.0,1.7763568394002505E-15,87.41050921073982, 132.93386196171255,132.93386196171255,0.0, 83.08602071113164, -10.63150347964453, -2.7735010458733953, -10.63150347964453, 303.87502731809514, -10.767048652747642, -2.7735010458733953, -10.767048652747642, 69.96217832867781, 9.06109555852086, 5.723573959980997, 11.0, 0.0
12, 0 ,1.0,1.0,1.0,22.126383598395993,131.3230679837304,188.789965638697,14.068427122497766,15.956238061063289,15.565948264541882,61.0,75.0,75.0,-0.4570613103830552,-0.6907232963153972,-0.5603537155030895,16.363842428549866,-0.1651994905839787,0.6849747243130058,-0.7095905547307665,15.814386348719477,0.8739588587924028,-0.2317562404327329,-0.4271825817595642,13.302284222034064,86.16860827198767,84.65428143195246,65.95919705598597,25.22805285065856,7.639782032305156,139401.0,481142.1078337943, 0.0, 0.0,0.0,NaN, 173.50215208591806,173.50215208591806,0.0, 197.9206417010308, 20.396784730831463, 31.835864774122435, 20.396784730831463, 254.60153306132474, -0.39818862493376006, 31.835864774122435, -0.39818862493376006, 242.29874537439446, 7.011124612685157, 5.185549322424256, 25.0, 0.0
13, 0 ,1.0,1.0,1.0,123.18455113095976,234.94794552647176,76.52782257508719,14.335370966762538,14.480640183130847,16.49953921413598,75.0,70.0,78.0,-0.15248480560964858,0.3753794985225346,0.9142420993080324,16.908224687974663,0.8300553132481466,-0.4534579292843863,0.32462914736301485,14.409516935972364,-0.5364294557597566,-0.8083725245566478,0.24244030303397124,13.9249543884245,80.62871469482013,69.99627808960204,71.05372015590729,25.19874178682686,7.242237741736778,145098.0,401006.5864184386, 0.0, 0.0,0.0,NaN, 158.94247719425712,158.94247719425712,0.0, 205.50286075469828, -10.432956245488304, -9.123627017021086, -10.432956245488304, 209.68894011330377, 29.546572963856626, -9.123627017021086, 29.546572963856626, 272.23479427881085, 6.578630467283433, 5.137135973178376, 32.0, 0.0
14, 0 ,1.0,1.0,1.0,190.9139479331147,279.6197578849346,59.95287258593466,16.768763732016275,12.104278749148698,14.681736012838895,76.0,53.0,77.0,-0.9384157578010711,0.060644570277919044,0.3401442364739514,17.057507646738927,0.34511775825791,0.2113121602773422,0.9144620844266629,14.46685719547461,0.016419453269692786,-0.975535446313833,0.2192281791640732,11.958672554056966,80.46657059259375,72.13916929214261,59.14071729294196,24.291062315886066,7.2940157014984495,123495.0,343299.53649608017, 0.0, 0.0,7.105427357601002E-15,70.11433802386668, 126.1327394276094,126.1327394276094,0.0, 281.19143710018443, -3.5860871529761904, -26.30693407044239, -3.5860871529761904, 146.51356403709275, 15.859637968260236, -26.30693407044239, 15.859637968260236, 215.55337235069055, 7.106172696556551, 5.551566618505317, 27.0, 0.0
15, 0 ,1.0,1.0,1.0,173.17901918160317,102.65738348167288,11.670768221155818,14.077331157460211,17.19047035117748,7.481755075117069,69.0,84.0,30.0,-0.2796499444799102,-0.9600790478543829,0.006643073340292509,17.450179522411478,-0.9577230224199333,0.27943711524572734,0.06842156787134528,13.777348079299548,-0.06754643498520235,0.012771863378827889,-0.9976343812372456,7.438823626957698,84.38173539811139,69.06657614013409,32.28946954350838,22.136360352521056,7.7228060158781675,73143.0,188181.65789909914, 0.0, 0.0,0.0,NaN, 163.579663741907,163.579663741907,0.0, 198.17125251680002, 30.909604756312646, -9.275173825079774, 30.909604756312646, 295.51227089471206, 0.981986678454099, -9.275173825079774, 0.981986678454099, 55.97665900404001, 7.161100853115401, 5.191190002751509, 22.0, 0.0
16, 0 ,1.0,1.0,1.0,219.51546709602275,29.492840258983932,262.7348212348555,14.86518664120847,16.865843902458032,17.024975385489356,84.0,71.0,74.0,0.3182143402718499,0.48692281385601993,-0.8134161339633519,17.638712266290185,-0.1937884083038987,0.8733092280103185,0.44696425481134655,16.618972755663894,-0.9280009086484732,-0.015400182419576757,-0.3722595169086361,14.421020263146685,89.22706030274533,92.0684065114983,76.45027870482511,27.047445367752537,7.982227156309645,175146.0,628038.5242683741, 0.0, 0.0,0.0,NaN, 93.46807589605939,93.46807589605939,0.0, 220.9737738779628, 4.4378426897469785, -32.61093676547122, 4.4378426897469785, 284.4566905420808, -14.227427598526539, -32.61093676547122, -14.227427598526539, 289.8497868765184, 7.618264475240077, 5.553516563744089, 34.0, 0.0
17, 0 ,1.0,1.0,1.0,158.65193166562838,254.3370916652774,279.55152716966893,17.210315531992045,14.86403133396077,10.982312974929911,82.0,82.0,48.0,-0.8926294332760765,0.4292668581855882,-0.13763233381987433,17.902883092176292,0.44687987859808775,0.8827649882100361,-0.14499775755056935,14.22517682259282,-0.059254273714132444,0.19093438677726354,0.9798127326140447,10.718055226618509,86.27849292852369,74.01972267031243,51.55414663112879,24.055143447414263,7.687370175253556,113969.0,329240.76830585115, 0.0, 0.0,0.0,NaN, 149.94171421101018,149.94171421101018,0.0, 296.19496071072666, -44.2854628076946, 19.595069986519114, -44.2854628076946, 220.93942749696762, -23.346423771414198, 19.595069986519114, -23.346423771414198, 120.61119827931387, 7.596755175855608, 5.530865742355775, 29.0, 0.0
18, 0 ,1.0,1.0,1.0,235.02122265316746,243.14016353531792,10.737705468527007,14.916446088715642,13.667988666321365,7.184246589837998,67.0,65.0,30.0,-0.9934723452503647,0.047913526550215045,-0.103522911455688,14.979390333331605,0.053587418506765676,0.9971694785257055,-0.05273916641883665,13.681787118541324,-0.100702968181286,0.057942428929885735,0.9932278626423969,7.025257550329158,67.9673318431341,64.853486733007,33.3146132652906,20.368976131203375,6.7847246466114965,59559.0,146848.09859883433, 0.0, 0.0,0.0,NaN, 87.00908473836776,87.00908473836776,0.0, 222.50036391756015, -0.9660364799382167, 17.61157071622858, -0.9660364799382167, 186.81391418268927, -8.11699936619591, 17.61157071622858, -8.11699936619591, 51.613399063598905, 7.1284569713959245, 5.1290743933980565, 11.0, 0.0
19, 0 ,1.0,1.0,1.0,272.31821752034864,65.9987835987405,238.2553400015292,15.781412398433496,16.22681314684101,13.702443709777292,72.0,82.0,70.0,-0.5644456884317234,0.8240327744137513,-0.04869344414614096,16.610437548040643,0.8235632738695243,0.566168409568477,0.03459575031722397,15.38584998450804,-0.056076721945459596,0.02057471017236118,0.9982144471791493,13.692640013101693,88.15617345366758,80.36950358039655,70.06946358712085,25.362172572087108,7.541857081323811,143867.0,496446.90709249285, 0.0, 0.0,0.0,NaN, 94.52260870337251,94.52260870337251,0.0, 249.05297728943046, -18.167712623005446, 3.83297962277659, -18.167712623005446, 263.30946490249227, -2.5833951879145727, 3.83297962277659, -2.5833951879145727, 187.75696361961525, 6.07583055262043, 4.914136631205378, 28.0, 0.0
20, 0 ,1.0,1.0,1.0,277.63506242307017,207.30348162475823,12.364902409002989,13.215308676972427,13.690410759615167,7.748540019386438,55.0,72.0,31.0,0.3962739393974742,-0.9173642737213603,0.037546694316377284,13.794205474549418,0.9155584207021403,0.39789244439211735,0.05860359184442104,13.128738203573949,-0.06870038745020735,0.011153115947857988,0.9975749920526497,7.711532346726644,66.26080369252261,63.03794247983711,32.37334093074517,19.542361097622276,6.340956186313434,56870.0,135221.6558526398, 0.0, 0.0,1.7763568394002505E-15,87.84822710041404, 96.15469704229571,96.15469704229571,0.0, 174.64438342766272, -6.426578905570045, 8.003766214110273, -6.426578905570045, 187.42734676698672, -1.873199414049258, 8.003766214110273, -1.873199414049258, 60.03987243203319, 7.547115392593858, 5.56406588722874, 12.0, 0.0
21, 0 ,1.0,1.0,1.0,40.78234374314984,85.18785894869134,36.98276315597188,13.31172117509292,13.866245545971235,17.317078500968147,62.0,70.0,81.0,0.2404476581884099,0.024990612701741445,0.9703403490263102,17.54775138853657,-0.16398916116823462,-0.9842527811779817,0.06598498134233345,13.890652344611793,0.9567091923312167,-0.17499123412388617,-0.23256308668563616,12.980065201705319,83.01613010050046,71.85144616786212,61.17426665953598,24.833802470282723,7.255215286969821,136858.0,364894.04000685393, 0.0, 0.0,0.0,NaN, 101.42926423915968,101.42926423915968,0.0, 177.20192064341722, 4.7872169866841725, 32.269173514811676, 4.7872169866841725, 192.2727655411671, 1.7922676004324245, 32.269173514811676, 1.7922676004324245, 299.8812078086932, 6.8359978015341225, 4.939659770012264, 22.0, 0.0
22, 0 ,1.0,1.0,1.0,69.8686193466338,63.678960337016136,159.59329941975994,14.585514526307643,14.299042343413172,14.062646507596721,71.0,65.0,70.0,-0.8277049387727723,0.5194821888763658,0.2122328668500271,14.645220656246494,-0.5357294489387436,-0.6189270773024214,-0.5743894415130496,14.519447945963039,-0.16702841635767104,-0.5891243743235406,0.7905909054036391,13.77174702090469,79.02588259117503,77.99449086859613,80.45520850231904,23.868100313595306,6.7284218174594095,125810.0,495892.39385521464, 0.0, 0.0,0.0,NaN, 169.26510427975776,169.26510427975776,0.0, 212.73723399713126, -3.6587112677010243, 2.1489599086655553, -3.6587112677010243, 204.46261193872286, 10.25672334126138, 2.1489599086655553, 10.25672334126138, 197.75802679762225, 7.003877382240162, 5.100160496690808, 28.0, 0.0
23, 0 ,1.0,1.0,1.0,65.59388198115715,41.98954487728521,34.75259901355622,14.61657011331839,13.329692394727285,16.53222626464949,77.0,69.0,76.0,-0.12511316607498857,-0.019962437109834537,0.9919416297239105,16.559650062961712,0.9096707839477861,0.3967851958803997,0.1227215268890191,14.861130458279028,0.39603757461446976,-0.917694398716037,0.031483806293069766,13.021678761796915,79.30460514500743,80.64071397042014,62.00378142459975,24.751790634713444,7.210283410274196,135436.0,396525.34165310685, 0.0, 0.0,0.0,NaN, 85.28436181713826,85.28436181713826,0.0, 213.6441218775524, 18.77387058747556, -7.262845893686711, 18.77387058747556, 177.68069933805043, 0.42508402642725407, -7.262845893686711, 0.42508402642725407, 273.3145052655665, 6.428709536181977, 4.934671635925052, 23.0, 0.0
24, 0 ,1.0,1.0,1.0,27.665781535795656,283.49156852677856,133.2871032955749,14.9874036909161,10.585367841626265,20.19776296883269,64.0,47.0,107.0,0.16171462640361345,-0.07426574218049029,0.9840391146420553,20.363031136544894,0.9862226199527493,-0.02303483717016573,-0.16381190484845348,14.820777081270819,-0.034832793466423935,-0.9969724147713045,-0.06951748473873712,10.50302053323477,104.80704138748906,65.90305005939966,50.61149956794901,25.81084522862143,8.85562980629972,124652.0,349578.87568221864, 0.0, 0.0,0.0,NaN, 137.125401303397,137.125401303397,0.0, 224.62226939448553, -6.139049221880854, 30.76588430508119, -6.139049221880854, 112.05001234253551, -21.828669050125896, 30.76588430508119, -21.828669050125896, 407.9496289451492, 6.737834161274608, 4.960995379363057, 19.0, 0.0
25, 0 ,1.0,1.0,1.0,281.4972283085013,104.32714723926381,168.2161152497809,11.811506787054896,13.085726048545085,15.000844153316425,49.0,65.0,73.0,0.11290161643335497,-0.10711373128554774,0.9878157083063742,15.037552226993855,0.4829743550938768,-0.8629039506164854,-0.148770105639936,13.637127491770334,-0.86832539829743,-0.4938860400745813,0.045690065561992836,11.120882199894798,71.58948561885822,70.83444902058206,59.08507720273872,22.128856196674715,6.788738287561185,91280.0,299620.53104487393, 0.0, 0.0,0.0,NaN, 169.09612204663296,169.09612204663296,NaN, 139.51169258064385, -27.202029269812343, 6.950089583240429, -27.202029269812343, 171.23622621757136, -2.8431489218770407, 6.950089583240429, -2.8431489218770407, 225.0253253120876, 6.8256953144307255, 5.218775289725949, 15.0, 0.0
26, 0 ,1.0,1.0,1.0,33.774202827996724,180.5252594543161,207.393964875012,15.194318365027991,15.61964622837024,14.34075038364341,69.0,74.0,75.0,0.5868032613339046,-0.7695499902119769,0.25190225297253643,16.836111009457348,0.6451557391245899,0.2563432852854993,-0.7197653731346356,14.698870696591474,-0.4893219847528799,-0.5848768525542648,-0.6469026685551071,13.453116619034775,94.98113203121855,76.75706014563679,67.12740161015137,24.963536363083115,7.570973034706735,135573.0,489390.47302008147, 0.0, 0.0,0.0,NaN, 154.88959986614873,154.88959986614873,0.0, 230.86731057782686, -40.47206123331708, -1.1387809316467368, -40.47206123331708, 243.97334829944063, -26.334363278193436, -1.1387809316467368, -26.334363278193436, 205.65712156596862, 6.585402701060457, 4.931030623434828, 35.0, 0.0
27, 0 ,1.0,1.0,1.0,123.9821409946808,187.34815432876294,114.11803310254086,14.009571572606898,13.914660582289704,15.20140995557224,70.0,71.0,73.0,-0.1648561099630915,-0.3108269663565846,0.9360603933472456,15.329226208282263,-0.7468052954926552,-0.5806022557160999,-0.32431908867888937,14.42090628093969,-0.6442858943295016,0.7525208419990373,0.13641139514386227,13.342451997191505,74.65404054013366,67.89096219425579,66.14941138125572,23.954366873810383,6.867098883856255,124643.0,335267.3533810912, 0.0, 0.0,1.4210854715202004E-14,20.599860342020268, 202.69419108093288,202.69419108093288,0.0, 196.26809564799532, 15.901486577953259, -1.5385080454880342, 15.901486577953259, 193.61777912032684, -10.935881248723382, -1.5385080454880342, -10.935881248723382, 231.0828646373708, 6.319827491387535, 4.764342511143221, 31.0, 0.0
28, 0 ,1.0,1.0,1.0,31.822408367681604,14.02661436865665,71.38165359216416,17.569618759688257,8.974643865230641,14.195382154318239,73.0,36.0,72.0,0.9955765625051004,-0.0029378194726823598,-0.0939078133451843,17.59705706158945,-0.09386975197136263,0.011154246998150947,-0.9955219999772676,14.16195157611431,0.003972134862125339,0.9999334737824566,0.010829134498514623,8.973701616535207,76.21620777526252,68.86149143922239,36.62536147797307,23.07902445595742,7.622548165603915,90252.0,192223.1458670568, 0.0, 0.0,0.0,NaN, 79.40246881878561,79.40246881878561,NaN, 308.6915033607895, -0.7958430272921749, -10.204769492363553, -0.7958430272921749, 80.54423250772197, -1.2696752640207944, -10.204769492363553, -1.2696752640207944, 201.5088745071367, 6.838251485293287, 5.209602577305132, 16.0, 0.0
29, 0 ,1.0,1.0,1.0,235.4777425881939,274.2715756136184,95.31711973255916,13.778047823217094,13.460355122794184,14.503929866404006,72.0,60.0,71.0,-0.48574457002998817,-0.4865637077539484,0.7261597420561894,15.31434235501446,-0.6837483147079418,-0.3060434343259451,-0.6624391733887945,13.604273941244472,-0.5445552816936317,0.8182867312884344,0.18402817875765276,12.719056261576243,78.12297761195259,71.63467071058022,67.3955510619974,23.180136640273385,6.637846695902054,113670.0,377166.6508603027, 2.8421709430404007E-14, 0.0,0.0,60.938733867116305, 117.94247257469272,117.94247257469272,NaN, 189.8346018188573, 22.07133004576812, -15.108236008415757, 22.07133004576812, 181.18116003173162, -20.9817936671426, -15.108236008415757, -20.9817936671426, 210.36398156956614, 6.090865302458963, 4.704954088297883, 23.0, 0.0
30, 0 ,1.0,1.0,1.0,134.26619841138898,24.290059003307643,249.66470250862267,15.171193763505283,13.830730383561214,14.350204705271304,75.0,60.0,71.0,-0.8960996690023143,-0.24731393427316148,-0.36856641345661584,15.578754553452411,0.15979225117677623,0.5949452261183862,-0.787722422165829,14.499730693403114,0.4140915595346043,-0.7647718586828833,-0.4936113698942992,13.207680137626175,80.20225389480268,78.79593153942625,63.84834547335944,24.07861885106878,6.899471897231741,127281.0,403496.72599961737, 0.0, 0.0,0.0,NaN, 145.43404407419914,145.43404407419914,0.0, 230.1651202098216, 18.52984515245698, 18.03652194438165, 18.52984515245698, 191.28910294276332, -10.555905059795652, 18.03652194438165, -10.555905059795652, 205.9283750831907, 7.83616961797277, 5.231761015578578, 21.0, 0.0
31, 0 ,1.0,1.0,1.0,19.917375250741127,252.9819998934905,81.46308558038805,11.65406412249343,15.805365363685928,15.228853488176844,49.0,81.0,81.0,-0.1841514484310211,0.9220501973599233,0.3404580408644853,16.03497416845313,-0.01464957406681687,0.34376866333865475,-0.9389400918514532,15.129004661257024,-0.9827887026316581,-0.1778947431906886,-0.04979785461946203,11.468983598900621,83.87211332060107,78.77350182745442,53.52887757120109,23.714064221779942,7.4288573482308635,112666.0,353659.94507565233, 0.0, 0.0,0.0,NaN, 96.14379066363148,96.14379066363148,0.0, 135.81721057118855, -21.813826380554172, -6.534474786822791, -21.813826380554172, 249.80957427960277, 8.000684656924788, -6.534474786822791, 8.000684656924788, 231.91797856435602, 6.826981339986091, 5.284401812182592, 17.0, 0.0
32, 0 ,1.0,1.0,1.0,165.40222582612964,11.445805002157385,219.26875065093512,16.63314558333674,7.72773919616019,13.917762188762033,85.0,32.0,73.0,0.974999466151293,0.041107140244026265,0.21837180226772096,16.767609178566293,-0.2215291475661303,0.10310515161796005,0.9696876633681906,13.820450203942832,-0.017345828989077768,0.9938206733263282,-0.10963389752209972,7.610915057893832,83.98080907092123,73.97226704039798,35.37437065951838,21.6659036171322,7.789236796787543,67211.0,219754.46366234135, 0.0, 0.0,-2.8421709430404007E-14,77.38658090863225, 157.36931685105742,157.36931685105742,0.0, 276.66153199647454, 5.907174533509115, 18.940524540664644, 5.907174533509115, 59.71795308387053, 15.30901822984478, 18.940524540664644, 15.30901822984478, 193.70410434293413, 6.830443925843515, 4.814399193798025, 18.0, 0.0
33, 0 ,1.0,1.0,1.0,58.840436257791886,111.64799537089803,158.0871726532294,13.93256970337218,12.558010336981306,15.018379846563883,71.0,63.0,73.0,0.5118250554909276,0.14863822510212757,0.8461334354640514,15.61276388245144,-0.8041504556556461,-0.26366982374313114,0.5327478472186283,13.404668608765922,-0.30228654822953277,0.9530922841392409,0.015425325724888816,12.406785192736887,74.77910883282127,64.991588583885,61.55650666826398,23.12793013926209,6.51695502915653,114061.0,299165.4273164756, 7.105427357601002E-15, -1.4210854715202004E-14,0.0,87.10935621499503, 189.91240711154617,189.91240711154617,0.0, 194.1164985393243, 12.29520621202993, 27.868452339439422, 12.29520621202993, 157.70362362372933, 7.679680013564402, 27.868452339439422, 7.679680013564402, 225.5517332156762, 6.603102477061803, 4.9379740537998185, 24.0, 0.0
34, 0 ,1.0,1.0,1.0,144.75941667751715,152.40475437584865,58.414008295976636,13.319011722887387,13.922198063019156,13.690179185322622,65.0,66.0,64.0,0.5335491100322104,0.661971897640207,0.5264205105412022,14.792861293057891,0.050786127014159015,-0.6463690613456808,0.7613329139331924,13.378116575189143,-0.8442429250439346,0.37947363975608006,0.3784886263067025,12.682347179114203,75.1865610115484,66.16658464371919,64.36462827253035,22.738614825337212,6.4498119454408105,107522.0,320203.59557641816, 0.0, 0.0,0.0,NaN, 214.82979684594739,214.82979684594739,0.0, 177.39607327441166, 19.885411229278194, 16.98790542028911, 19.885411229278194, 193.82759890593434, 11.284159139144661, 16.98790542028911, 11.284159139144661, 187.42100612624077, 6.232614115522774, 4.743678035409685, 19.0, 0.0
35, 0 ,1.0,1.0,1.0,24.72335622435309,14.394084200976824,265.0523961728747,13.88785578624929,9.121517547530111,19.246030873976714,50.0,41.0,79.0,0.10205546222382587,0.06747072974432367,0.9924879763795882,19.327460998686792,-0.992892575548878,-0.05450007290028095,0.10580205798461513,13.834270465006597,-0.0612292091260132,0.9962316210006749,-0.061429156498933435,9.030312129539574,83.29671864465769,55.960638798332155,42.62534242051338,24.011349221854985,8.36297995081987,94797.0,198691.11070505343, 0.0, 0.0,0.0,NaN, 45.16380205694348,45.16380205694348,0.0, 192.8725383396579, 7.954437990343829, 18.038008477416405, 7.954437990343829, 83.20208236989973, 18.92037283641691, 18.038008477416405, 18.92037283641691, 370.40970440206485, 6.2890994053978515, 4.818170123865935, 10.0, 0.0
36, 0 ,1.0,1.0,1.0,53.90730326952885,19.14584009228218,163.41924407916082,14.94137472414815,11.907709455683197,15.534308637266683,85.0,47.0,79.0,-0.5251311883687771,0.2012514828766653,0.8268827460059492,16.062090921354766,0.8425777189330094,-0.013578933317828355,0.5384035662285278,14.542623371756758,-0.11958270175925355,-0.9794454825103301,0.16243929398413468,11.69932941102204,86.65462350820273,75.91875922523687,51.53616858736186,23.536379272761558,7.238219304152193,110964.0,339041.58484198817, 0.0, 0.0,0.0,NaN, 148.0772211602448,148.0772211602448,0.0, 223.2446786474132, -13.653679470916652, -18.74320189792844, -13.653679470916652, 141.793544480967, 19.60966054816824, -18.74320189792844, 19.60966054816824, 241.31474483785829, 6.434463690027021, 4.762411599647589, 21.0, 0.0
37, 0 ,1.0,1.0,1.0,128.53275486908754,92.99884961118642,209.3925947064279,14.477629249719854,12.609886143034764,14.429738282039368,70.0,63.0,69.0,0.6853779244335869,0.06869888654532416,0.724939696586234,15.39823415674315,-0.618554660257754,0.5802501395609353,0.5298112001580658,14.302446609486076,0.3842489205873231,0.8115357284352599,-0.4401846527317018,11.62595071199364,72.76768682616779,71.04694039008902,59.00269240072207,23.104178828308424,6.559363139081564,112136.0,305039.288487943, 0.0, 0.0,0.0,NaN, 182.69963600750455,182.69963600750455,0.0, 209.60174869234385, -20.107862547459245, 27.908432614355004, -20.107862547459245, 159.00922854030014, 26.411327715605633, 27.908432614355004, 26.411327715605633, 208.21734688815246, 6.65108409953474, 4.832297177673532, 27.0, 0.0
38, 0 ,1.0,1.0,1.0,282.3000920225236,255.32719484673868,245.5708682982406,11.167876384100547,13.817394326116762,15.787822559594705,45.0,73.0,90.0,0.2102703896605799,0.3252279348467306,0.9219615792576821,16.193013945086125,-0.14325190553172254,-0.9226167092506293,0.35813028268085834,13.630921428771176,-0.9670911305526065,0.20737694714425647,0.14740945356255059,10.81117340736496,94.04811530052359,77.80841925614268,54.95970765746597,22.548610129925375,7.513812033573288,91282.0,402180.58651275566, 0.0, -2.8421709430404007E-14,0.0,71.02061507968847, 72.6049353727407,72.6049353727407,0.0, 124.72146293055069, 19.047656181539597, 24.638463275413528, 19.047656181539597, 190.92038596340367, 20.805009492960625, 24.638463275413528, 20.805009492960625, 249.25534117324753, 6.422110591444124, 4.9238531042831175, 16.0, 0.0
39, 0 ,1.0,1.0,1.0,133.70071534383283,278.62786527366285,54.570413612973645,13.638690577439805,12.403199334479554,14.80984690640185,62.0,52.0,72.0,-0.06725232755753544,-0.05307383336338439,0.9963233875856824,14.822838465342004,0.9803435519575768,-0.1891549512301824,0.056097455916553324,13.676921906637238,0.18548219476083502,0.9805118931645979,0.06475170105472665,12.345447208552788,72.25146166615009,67.39384151999565,57.45955903756061,22.66864741054387,6.731806916827095,102608.0,279788.03521194286, 0.0, 0.0,0.0,NaN, 145.98143535430916,145.98143535430916,0.0, 186.01388066714532, -6.184799287688387, -2.604408704576631, -6.184799287688387, 153.83935373083406, -3.9267340422013706, -2.604408704576631, -3.9267340422013706, 219.33156539106042, 6.258953528041036, 4.654515198174427, 15.0, 0.0
40, 0 ,1.0,1.0,1.0,199.985656160351,175.03198769992312,190.42661204132526,14.409085177116811,12.336130741411539,14.155179131171115,75.0,65.0,66.0,0.8975393760961394,0.29124361358352996,0.3310592483283917,14.662454010866862,0.33748156883103375,0.02946339206707256,-0.9408709259123941,14.102284149452787,-0.28377677680933727,0.9561950983322961,-0.07184479709063284,12.095824804181621,75.11369544810216,67.44452524571302,62.28556375112092,22.754166551984653,6.512976130056139,106666.0,315539.1349079695, 0.0, 0.0,0.0,NaN, 193.97474170790883,193.97474170790883,0.0, 207.62173564140738, 18.47543679505074, 3.7161393173388784, 18.47543679505074, 152.1801216691988, 5.164732901908736, 3.7161393173388784, 5.164732901908736, 200.36909623554223, 6.711809403615022, 4.827521865653519, 34.0, 0.0
41, 0 ,1.0,1.0,1.0,104.80659197215273,216.06877762724602,276.0873292920503,13.84069364402512,14.160975893294449,12.493773572635952,71.0,67.0,54.0,-0.5986400968162626,0.7768330732395036,-0.19534689863185295,14.47368183136704,-0.7374397479417856,-0.6297028754319575,-0.24424763423271914,13.67137291059081,0.3127501441076744,0.002159859715934853,-0.9498329760366482,12.320653954496073,71.0471063644869,63.8975797581862,57.196325953168014,22.474495725817047,6.564256146190359,101123.0,259656.3427128, -1.4210854715202004E-14, 0.0,0.0,53.22743628571253, 136.3843379211441,136.3843379211441,0.0, 191.56480054775733, -10.52487413512576, 13.069855386943768, -10.52487413512576, 200.53323825046652, -3.3546905770815387, 13.069855386943768, -3.3546905770815387, 156.09437808429652, 5.512536409591187, 4.409424382646813, 21.0, 0.0
42, 0 ,1.0,1.0,1.0,175.45306585153546,279.63788740662767,173.54770339480555,13.088062235795254,11.45455881952996,16.096948467757947,70.0,50.0,75.0,0.2942074809602667,-0.035400470383738995,0.9550857369072288,16.375686441439015,0.8919925562142016,-0.3486835692697658,-0.28769610386612876,12.940928158389362,-0.3432072811078874,-0.9365717138681405,0.07100835849831603,11.224317920606675,78.80795258687118,71.87435550460185,55.716471468060945,22.666343023806217,6.917581567198364,98798.0,315593.1824611795, 0.0, 0.0,0.0,NaN, 178.65256155951195,178.65256155951195,1.9073486328125E-6, 171.29737308804985, -14.382751838048245, 29.305711660577213, -14.382751838048245, 131.20691775007163, -0.6458062242903586, 29.305711660577213, -0.6458062242903586, 259.111749973655, 6.610189042918322, 4.950473128956596, 27.0, 0.0
43, 0 ,1.0,1.0,1.0,240.04391359593393,93.8278627700127,186.70401016518426,13.62774145489738,12.261343487704895,13.465899656172473,66.0,61.0,69.0,0.7773047193843636,-0.3719015104064567,0.5074314138681129,14.300306638738245,0.4526772459888585,-0.22950113665197974,-0.8616336456054814,13.164375771893424,-0.43689894047335315,-0.8994545540675449,0.01004096511376795,11.814684735936131,70.44931191066343,67.2500796258029,59.604578568405515,21.912900668879544,6.10009172971347,98375.0,282389.91338378884, 0.0, 0.0,0.0,NaN, 158.85333311432544,158.85333311432544,0.0, 185.71533716152857, -22.267358243115204, 12.453282603165526, -22.267358243115204, 150.34054412348323, -5.583027109151305, 12.453282603165526, -5.583027109151305, 181.33045355010594, 6.771789113781503, 4.748238141002211, 19.0, 0.0
44, 0 ,1.0,1.0,1.0,118.49947675287785,169.7386100313948,271.83265435790105,14.478382533853955,12.09969759074402,14.422513108279594,69.0,57.0,63.0,-0.8246634135978739,-0.004682276066385531,-0.5656043940458206,14.530423233457348,0.5623889765032989,0.10000425110065753,-0.8208031364885059,14.39145548963731,0.060406070726987976,-0.9949759927016508,-0.0798365866422868,12.074267534262761,72.14210238051425,75.77159139803118,58.006027996079126,22.81550799154778,6.5945221229406545,107024.0,317079.6214089385, 0.0, 0.0,0.0,NaN, 178.33551263778156,178.33551263778156,0.0, 209.62356079660725, 3.7013741045163036, 2.1704442801992996, 3.7013741045163036, 146.40268178745666, -4.860820884452895, 2.1704442801992996, -4.860820884452895, 208.0088843584967, 6.110884353564711, 4.5536205253793485, 18.0, 0.0
45, 0 ,1.0,1.0,1.0,91.96072381151613,268.2892631138539,40.90179209595035,12.203299355233748,15.432878544399243,14.807453445510406,63.0,65.0,73.0,0.26212949571288924,0.7178619873179485,-0.6449513893629752,16.39406139178134,0.3245528595668614,-0.6949693052262846,-0.6416253627626238,14.349448029630974,0.9088198769966905,0.04113188492180786,0.4151561142732929,11.475322443748983,84.12167566196621,66.7489943405503,57.64496755978557,23.61114382534428,6.990623728918537,114726.0,323678.64027762174, -1.4210854715202004E-14, 0.0,0.0,74.80354351575757, 105.52394114351813,105.52394114351813,1.9073486328125E-6, 148.9205151534484, 9.053688088062206, -38.63165738207229, 9.053688088062206, 238.1737401661785, -30.370106797902693, -38.63165738207229, -30.370106797902693, 219.260677540958, 6.741775308224718, 4.620979185567976, 16.0, 0.0
46, 0 ,1.0,1.0,1.0,51.567798279598136,187.1456513887977,47.195227854750804,15.78965905272742,11.594751513404768,15.586685213294386,74.0,59.0,80.0,-0.9641640970632854,-0.1966358905899508,0.17810648631096085,15.98473451651675,-0.1554646463872082,-0.12524517792034595,-0.9798695776129601,15.604679289850829,0.21498450562270735,-0.9724443284525842,0.09018697468350043,11.299495488502462,75.99171152939059,80.87263324717925,58.71969883086652,24.01752438682295,7.060798391511613,121832.0,360870.70633556345, 0.0, 0.0,0.0,NaN, 132.7506359763521,132.7506359763521,0.0, 249.31333300137692, 26.491089529257675, -4.307424010770898, 26.491089529257675, 134.43826265760217, 9.737808471644867, -4.307424010770898, 9.737808471644867, 242.94475593832988, 6.559131382802186, 4.741325416844566, 27.0, 0.0
47, 0 ,1.0,1.0,1.0,279.36424275560415,234.82819225607633,49.53208409960734,11.921138879169455,13.575140663199004,15.191816344558287,50.0,59.0,76.0,0.219921518190492,-0.09072923809064797,0.971289210890494,15.360933996420556,-0.0060124737392854895,0.9955205467874645,0.09435407295671931,13.560557826679032,-0.9754990394645823,-0.026590341845828508,0.2183908828779224,11.719311337948927,81.20578102819542,62.02375840647139,58.815264437502265,22.587619057212567,6.854833723379377,100595.0,296234.1215349368, 0.0, 0.0,0.0,NaN, 84.41934823789603,84.41934823789603,9.5367431640625E-7, 142.11355217644558, -2.24632230682329, 21.038708748012226, -2.24632230682329, 184.28444402563912, -4.318296043605341, 21.038708748012226, -4.318296043605341, 230.7912838467883, 6.263554019601559, 4.5826563756868035, 13.0, 0.0
48, 0 ,1.0,1.0,1.0,187.40669239186778,66.97211311409319,61.808973103726316,11.897976672269003,12.744485189051913,13.489835042878227,58.0,63.0,73.0,0.09962469235263023,0.35959025629975727,0.9277767879441254,13.618724508991823,-0.2230766233144577,-0.90060921959151,0.37301454893528097,12.66442437881081,-0.9696967262006526,0.24412677272484176,0.00950673627961632,11.83647325065428,69.49761612950189,63.77682257189994,57.35073276840785,21.191464542567466,6.07299198525038,86815.0,254197.78245768696, 0.0, 0.0,0.0,NaN, 144.85463751376255,144.85463751376255,0.0, 141.56184889385736, 5.700715340444739, 2.5053226588346527, 5.700715340444739, 162.42190273396358, 8.320768575524086, 2.5053226588346527, 8.320768575524086, 181.9756494840654, 6.011001961143213, 4.541119899116183, 30.0, 0.0
49, 0 ,1.0,1.0,1.0,230.4097486148633,242.5174115115161,286.2507669765099,18.28198573848687,15.228663151612283,7.94663353872552,105.0,77.0,32.0,-0.9616848492478123,-0.27413776811347307,0.0032764036650306896,18.52890636234272,-0.27210215300996243,0.9558680844396295,0.11079992543795023,14.994516197721948,-0.033506253961842765,0.10566309310007935,-0.9938373316101425,7.818969339887304,112.49069543178615,79.62942111257257,35.93394390485676,23.712922141119137,8.184710871834012,87356.0,321880.7804528909, 0.0, 0.0,0.0,NaN, 91.30220411313812,91.30220411313812,0.0, 334.2310025422373, 31.816209216960413, -5.824476317106913, 31.816209216960413, 231.91218138527375, 17.083950540646104, -5.824476317106913, 17.083950540646104, 63.14898459879727, 6.808466271022799, 5.179122012293818, 18.0, 0.0
