// Sample: .//bubblelabels.tif, Map: .//bubblelabels.tif, Thickness:(8.191250068658265):/gpfs/home/mader/Foam/NewValid/InSilicoTest/LatticeData_OldFoam/out_Step_03500.vtk/distmap.tif, Neighbors:(1.0):
//LACUNA_NUMBER, TRIANGLES, SCALE_X, SCALE_Y, SCALE_Z, POS_X, POS_Y, POS_Z , STD_X, STD_Y, STD_Z,PROJ_X, PROJ_Y, PROJ_Z, PCA1_X, PCA1_Y, PCA1_Z, PCA1_S, PCA2_X, PCA2_Y, PCA2_Z, PCA2_S, PCA3_X, PCA3_Y, PCA3_Z, PCA3_S,PROJ_PCA1, PROJ_PCA2, PROJ_PCA3,OBJ_RADIUS, OBJ_RADIUS_STD, VOLUME, VOLUME_BOX, Mask_Grad_X,Mask_Grad_Y,Mask_Grad_Z,Mask_Angle, Mask_Distance_Mean,Mask_Distance_COV, Mask_Distance_STD, SHAPET_XX, SHAPET_XY, SHAPET_XZ, SHAPET_YX, SHAPET_YY, SHAPET_YZ, SHAPET_ZX, SHAPET_ZY, SHAPET_ZZ, Thickness, Thickness_STD, Neighbors, Neighbors_STD
1, 0 ,1.0,1.0,1.0,79.91349532882855,138.20747041206715,39.85507539080307,15.757746815404845,15.632022796002216,16.456295025747238,88.0,83.0,80.0,0.11695838617935433,-0.4248749789990037,0.8976647414947948,16.70257110558521,0.9910436953415347,0.10858276923271175,-0.07773143604456931,15.745763134364449,-0.06444478121707238,0.8987163259039815,0.43376933470167295,15.380878685787978,90.93385732261105,85.6584226753121,92.54224392816545,26.583609529097536,7.535786075265642,173297.0,720834.7462590666, 1.4210854715202004E-14, 0.0,0.0,83.28340531017054, 164.54755740447717,164.54755740447717,1.9073486328125E-6, 248.30658469840154, -0.8849940336687813, 3.5770811680728336, -0.8849940336687813, 244.36013669473294, -16.268720062095497, 3.5770811680728336, -16.268720062095497, 270.80964597443324, 6.819961246965512, 5.501276406785664, 54.0, 0.0
2, 0 ,1.0,1.0,1.0,59.437030968376206,262.24266754055384,12.705095854497788,15.269271791451619,18.443083769011462,8.09771113254487,89.0,89.0,33.0,-0.3443778079234756,-0.938580945600078,-0.021673346910096713,18.899472399553574,0.9354506330940934,-0.3410890233706313,-0.09268436318996076,14.750043265648866,0.07959923651443665,-0.05219278391245988,0.9954596299467829,8.007314919380581,93.11365848217204,78.07947413603642,37.24767188526535,23.869633215890342,8.313334810831906,91545.0,270800.4634593902, 0.0, 0.0,0.0,NaN, 71.55275162745899,71.55275162745899,0.0, 233.15066104122013, 45.76840195573272, -11.116636353124147, 45.76840195573272, 340.147338910774, 10.812751057865784, -11.116636353124147, 10.812751057865784, 65.57292558614112, 7.61512172131635, 5.5173675961369915, 22.0, 0.0
3, 0 ,1.0,1.0,1.0,78.26173789377833,14.557546117721687,258.7495881889522,15.851020612932194,9.168775999464915,17.033637178721268,72.0,39.0,83.0,-0.5875939509694575,0.1067886955443414,0.8020782525963662,18.26953329470958,0.796761531768249,-0.09647300577116875,0.596543393770972,14.551464253243074,-0.14108299074805464,-0.9895903868072962,0.028398170014462328,8.941204874980091,99.6877059687238,76.4192197059973,41.221437006965694,23.682773866447565,8.036935070473724,97739.0,314027.244556361, 0.0, 0.0,0.0,NaN, 89.6572263774933,89.6572263774933,1.6518123698891422E-6, 251.25485447160133, -26.058401915137136, -56.98458102752944, -26.058401915137136, 84.06645332836385, 14.156201119627458, -56.98458102752944, 14.156201119627458, 290.1447955363154, 6.858816531192878, 5.252472014251268, 32.0, 0.0
4, 0 ,1.0,1.0,1.0,155.16652724526548,177.5514464970373,13.85999767630998,15.971257792101357,14.797480189135218,8.66015004575033,76.0,65.0,38.0,-0.8254343016079158,-0.5626913958638368,0.045128779618547825,16.96153185666894,-0.5597520337378217,0.8262194998786765,0.06355311752071613,13.68374556741922,0.07304707013580179,-0.027197997004129996,0.9969575690587534,8.608498042391396,79.73077177792362,64.0234651218399,39.91960143278413,22.32172810362523,7.12636995197045,86070.0,203775.20567729906, 0.0, 0.0,0.0,NaN, 190.1643568620357,190.1643568620357,0.0, 255.08107546175827, 46.879645838945144, -11.98110080974262, 46.879645838945144, 218.96541994784923, 0.5170318379144301, -11.98110080974262, 0.5170318379144301, 74.99819881490944, 8.355026148961676, 5.537940338290138, 23.0, 0.0
5, 0 ,1.0,1.0,1.0,17.481524226834374,164.16320103284366,12.673617495745388,10.634803955673425,14.994666875183338,8.15911878936474,45.0,79.0,36.0,-0.06366036603832695,0.9976092781847464,0.026890256145581326,15.01359435036743,0.997639735951758,0.06431093869148626,-0.024063674173466918,10.614744809040777,0.0257354822370421,-0.025294885734642947,0.9993487147686229,8.1504286153459,79.10692579419633,49.130006564951564,36.79392081222218,19.009492877377344,6.56882712797661,51121.0,143000.4483286702, 0.0, 0.0,0.0,NaN, 137.5422125144332,137.5422125144332,0.0, 113.09905517560712, -7.129503660422829, -1.382304107417082, -7.129503660422829, 224.84003469772043, 4.19318888975168, -1.382304107417082, 4.19318888975168, 66.57121941896474, 7.336913329443087, 5.210365497805888, 16.0, 0.0
6, 0 ,1.0,1.0,1.0,172.29515092758433,98.5376702762213,11.002448362554842,13.536839037422784,15.870996306692854,7.080747650131581,65.0,75.0,29.0,-0.002208989086801167,0.9942747808170869,0.10683061639038019,15.94496370577752,0.9986851533434113,0.007664935007115617,-0.0506874073393333,13.550013573762918,0.05121606055390437,-0.10657818258194718,0.9929843937035809,6.886710880331324,76.81184251639269,65.68720880971549,31.314053054338835,20.84691979680246,7.118810094577956,60857.0,157996.7938191125, 0.0, 0.0,0.0,NaN, 161.67638915452207,161.67638915452207,0.0, 183.24601112509342, 0.5881717222096516, -6.942142686760983, 0.5881717222096516, 251.88852376705822, 21.914781982826078, -6.942142686760983, 21.914781982826078, 50.136987284843904, 6.225042555517373, 4.779431362944344, 25.0, 0.0
7, 0 ,1.0,1.0,1.0,281.339710918213,206.61896750816277,209.27125308592818,12.153429621669746,14.538701368902522,15.138519718031429,50.0,76.0,75.0,-0.29712427178921147,0.27690620402736144,0.9138052972514927,15.58457562201087,0.17915689352473346,0.9561961785779958,-0.2314987593388046,14.473272492203412,0.9378805758817583,-0.09493061805337492,0.33371874855888173,11.657609290265592,80.40443068630054,70.51296643299938,58.367017584679616,23.14146633082433,7.261336266526089,100456.0,330915.01183245535, 0.0, 0.0,0.0,NaN, 131.5291949890028,131.5291949890028,0.0, 147.7058515688796, 3.8024320579799538, -32.097831715482826, 3.8024320579799538, 211.37383749412805, 10.783226032991193, -32.097831715482826, 10.783226032991193, 229.17477925322638, 7.0352495856822825, 5.06742695932911, 34.0, 0.0
8, 0 ,1.0,1.0,1.0,189.91339954366,114.11042102572357,234.6303835338894,13.193177001353085,13.418206921236278,13.826823612867473,64.0,71.0,70.0,0.558559965146754,-0.17622483208611017,0.8105279599689814,14.311867720516474,0.13238156679476942,-0.9457056250193353,-0.29684337887133355,13.44976292438813,0.8188320255755865,0.27310378862807877,-0.5049043815701849,12.63184733994548,70.24340936883647,68.7788040110177,69.62592322140887,22.48863146924943,6.288934904406987,105623.0,336380.77671140287, 0.0, 0.0,0.0,NaN, 171.50345344519488,171.50345344519488,3.3036247397782844E-6, 174.059919389032, -7.1263359199957215, 19.654905827183008, -7.1263359199957215, 180.04827698111316, -0.476962055194232, 19.654905827183008, -0.476962055194232, 191.18105122134955, 6.3105806832908415, 4.807500387682741, 38.0, 0.0
9, 0 ,1.0,1.0,1.0,121.9549474140308,186.89236617166267,114.82628904557451,12.93396836858914,13.473987068149897,13.924071197845018,66.0,72.0,67.0,-0.11384028229390161,-0.5586968704764357,0.8215218786174117,14.360151239142139,0.5747406056592739,-0.7115196154134829,-0.4042438287571753,13.141903477649922,-0.8103786931636688,-0.4261427504976314,-0.4021053715938866,12.798126947647054,75.14666284708349,69.68021765819603,67.94754450402445,22.37841740627012,6.4747245799106095,101548.0,355789.36664892064, 0.0, 0.0,0.0,NaN, 202.11734879762815,202.11734879762815,0.0, 167.28753775966442, -0.9486196159909507, -6.039259538508669, -0.9486196159909507, 181.54832751267065, -16.905932768068798, -6.039259538508669, -16.905932768068798, 193.87975872265721, 6.145605783980435, 4.6836663196505794, 38.0, 0.0
10, 0 ,1.0,1.0,1.0,260.91388183366155,141.2808804923756,127.04273089618827,13.762304985681286,13.431589384983177,13.367103358332711,69.0,69.0,64.0,-0.7881671063869645,-0.39058148792649544,0.4756455757165459,14.075918511095049,0.42568135163418175,-0.9041143423177113,-0.03704919548801432,13.318125992556505,0.44450871676548215,0.17327249436808465,0.8788564407313441,13.152342841997884,74.24027807868944,67.22466261041086,65.83557156020498,22.523577417179702,6.416895234496098,105123.0,328570.69885055034, 0.0, 0.0,0.0,NaN, 193.97903829943894,193.97903829943894,0.0, 189.401038518908, 6.052527145320065, -9.496657793221376, 6.052527145320065, 180.40759340679273, -4.524839618083035, -9.496657793221376, -4.524839618083035, 178.67945219234963, 6.168087562390475, 4.6368618292903045, 37.0, 0.0
11, 0 ,1.0,1.0,1.0,23.240725343469137,133.246149582294,191.8715009700281,13.310620611078008,13.405952794888528,13.446509791947314,59.0,66.0,66.0,0.4776985295295564,-0.6224967015248799,0.6199209396979134,14.284891529437516,-0.8524213478178522,-0.1576957440367479,0.49850767105140187,13.020831277663044,-0.21256048708472516,-0.7665702243782633,-0.6059605023654293,12.810177352660078,90.14427412082914,69.88364273637026,65.26800445530662,22.286276212077777,6.404897311802688,101028.0,411162.98969330994, 0.0, 0.0,0.0,NaN, 173.16593197125198,173.16593197125198,0.0, 177.17262105205467, -11.150536067638557, 9.520559611285197, -11.150536067638557, 179.7195703387795, -15.847304570244635, 9.520559611285197, -15.847304570244635, 180.808625584935, 6.212614659353759, 4.672879947365482, 39.0, 0.0
12, 0 ,1.0,1.0,1.0,46.98629865687228,248.4278383925678,213.86030391415505,13.438118490993086,14.772486459753097,13.131065738840217,62.0,72.0,65.0,0.033735071477314846,-0.8891545985505737,-0.45636174777120375,15.279216171563052,-0.8394947062468318,-0.2729858342375283,0.4698163178191941,14.0423028467594,-0.542319631892453,0.3672639843246379,-0.7556497751485313,11.857215362885213,72.79120951772614,66.65584662061063,64.1871762681627,22.98601785556826,6.548072644921634,111084.0,311433.5923136558, 0.0, 0.0,0.0,NaN, 110.84875892899132,110.84875892899132,0.0, 180.58302857797028, 10.183934410297468, -23.7502666220396, 10.183934410297468, 218.22635620358858, 30.422537864822313, -23.7502666220396, 30.422537864822313, 172.4248874377434, 6.90878863174741, 4.92033699280078, 42.0, 0.0
13, 0 ,1.0,1.0,1.0,263.26599519402833,281.14745130119127,26.724423539035737,15.245716762937448,11.089065244034966,14.017472175694301,74.0,50.0,66.0,0.947348611114996,0.00771130445527541,0.32011114445155775,15.398766448011322,0.3168371498541932,0.12201718418630703,-0.9405987599585258,13.887501385741503,0.04631230388092955,-0.9924980315077923,-0.11314958224579325,11.041017658674791,78.86570136508712,72.58639615030685,52.91150181543068,22.484209724373837,6.808016368146096,97795.0,302895.968548134, 0.0, 0.0,0.0,NaN, 49.18333574514718,49.18333574514718,NaN, 232.4318796157119, 3.584931226566902, 13.79377852118282, 3.584931226566902, 122.96736798646425, -7.859452808762024, 13.79377852118282, -7.859452808762024, 196.48952619636393, 6.3271117239567305, 4.760989343985487, 25.0, 0.0
14, 0 ,1.0,1.0,1.0,135.97893018488287,21.533464940586917,249.87564063627045,14.89244599311024,12.81780355102652,13.80785986431427,71.0,56.0,68.0,0.8633991843371012,0.1109037778890779,0.4921810647881109,15.472959289132701,0.38124315884942295,0.4955347099690546,-0.7804479515293757,13.38687628466578,0.33044742746243655,-0.8614787886337163,-0.3855629577872369,12.574462363809007,80.85096316655626,72.84856245971159,62.61936417123819,22.978202474944332,6.981421100576017,105364.0,368820.3177303955, 0.0, 0.0,0.0,NaN, 146.51420056839896,146.51420056839896,0.0, 221.78494765770523, 11.768937133822817, 28.270831804150813, 11.768937133822817, 164.29608787270809, -3.719363434223145, 28.270831804150813, -3.719363434223145, 190.6569940325409, 6.796917337916463, 4.695855818938821, 30.0, 0.0
15, 0 ,1.0,1.0,1.0,238.78590211213844,241.55441513275088,10.206633302230893,13.906427281401209,11.979698532037997,7.008980469121951,67.0,55.0,30.0,-0.9933487893582106,0.07309929762938386,-0.08896446125655424,13.957224306067456,0.07468090618377653,0.9971009385575793,-0.014576713592750373,11.9699791189348,-0.08764100029180488,0.021123707384970908,0.9959281319724661,6.924102355564288,68.43226121650846,55.25519854672089,32.319207284336834,18.65663648377551,6.160975489335723,47156.0,122206.62054765008, 0.0, 0.0,0.0,NaN, 85.24803536777681,85.24803536777681,9.5367431640625E-7, 193.3887197328998, -3.5647982190972054, 12.87471731740009, -3.5647982190972054, 143.51317691851335, -2.3407460567801723, 12.87471731740009, -2.3407460567801723, 49.12580721653296, 5.905789083151283, 4.567935842737202, 13.0, 0.0
16, 0 ,1.0,1.0,1.0,144.4835185659982,152.1602773473642,58.926415998751494,12.445019434504646,12.055515482869032,14.146287965685016,63.0,67.0,69.0,0.2902565740864263,0.14724489088697873,0.945552781872748,14.308507657348967,-0.7321807320873107,-0.6020483516393025,0.31851084416152664,12.743339726746195,-0.6161675882093285,0.784765394494482,0.06693861997545981,11.541461203820605,72.78981287546668,67.5700164848582,62.50253831560444,21.49320624285113,6.1946356545893435,89707.0,307413.0379692622, 0.0, 0.0,7.105427357601002E-15,18.99397922007497, 214.95207194553237,214.95207194553237,3.814697265625E-6, 154.87850872519834, 15.923060296945518, 12.824369403214439, 15.923060296945518, 145.33545355769496, 4.3617553899914, 12.824369403214439, 4.3617553899914, 200.1174632080847, 5.483578688448645, 4.425990163509358, 35.0, 0.0
17, 0 ,1.0,1.0,1.0,34.239267324784365,10.82981863500705,72.13864746974517,15.315450242925602,7.481377246634132,14.005856906109525,76.0,31.0,67.0,0.9876258916096061,0.0012149311658145355,0.15682353829892084,15.347817298910535,0.15681928084885946,-0.018341686753974303,-0.98745698421808,13.972067646802902,0.0016767159501009576,0.9998310389607243,-0.018305249365721872,7.478227006237952,78.98015621980308,69.80314477564308,31.532737181444958,20.815803038184125,7.307557266278432,60982.0,173841.97544181798, 0.0, 0.0,0.0,NaN, 80.5828570936112,80.5828570936112,0.0, 234.56301614352986, -0.1851182923385442, 6.25176272947672, -0.1851182923385442, 55.9710055064549, 2.5570805063954527, 6.25176272947672, 2.5570805063954527, 196.16402767441585, 6.129895267926682, 4.514637453926777, 27.0, 0.0
18, 0 ,1.0,1.0,1.0,218.4641258329517,29.55857531378798,269.87900821503007,12.820957734636622,14.131134287262626,14.212691327655074,69.0,65.0,64.0,-0.32914344791240707,-0.6697096331193938,0.6656978278494071,15.123794286401703,-0.14573145693673117,-0.6605065102850957,-0.7365415754253812,13.467917493051372,-0.932966737432493,0.33944094799845803,-0.11980362960477534,12.48809645366954,77.26930784826871,74.24771747333219,62.02806351805512,22.830281970132887,6.69662104478132,106999.0,355859.3261458367, 0.0, -3.552713678800501E-15,0.0,47.955341896567205, 91.81003374836453,91.81003374836453,0.0, 164.37695723333863, 18.490206369610696, -13.216258347896655, 18.490206369610696, 199.68895624464938, -20.07302576648149, -13.216258347896655, -20.07302576648149, 202.00059477520176, 6.212158620031356, 4.615159623231347, 36.0, 0.0
19, 0 ,1.0,1.0,1.0,162.05582026002992,256.500912385635,281.8646247814076,15.103703792730599,13.022968919208644,9.85338755712723,75.0,70.0,43.0,-0.9363521055510602,0.3510420421050237,-0.0037708228321372715,15.416561541637309,0.3490945999021807,0.9299145152364912,-0.11572361328448905,12.685331932523304,-0.037117310641169465,-0.10967442284879486,-0.9932742955616796,9.809221073805126,78.65895857251436,65.68086248890461,45.413860460656224,21.249334805356522,6.5783435916676245,78914.0,234625.6346860443, 0.0, 0.0,0.0,NaN, 145.7726283694388,145.7726283694388,0.0, 228.12186825854465, -25.491909155013367, -2.114221458323008, -25.491909155013367, 169.59771947067438, -7.149463377654946, -2.114221458323008, -7.149463377654946, 97.08924635094971, 6.630630315265566, 4.881890760923557, 30.0, 0.0
20, 0 ,1.0,1.0,1.0,40.94415920359012,85.90208508887103,38.42210311783496,12.501466634177383,12.546330114597174,15.453134353309775,59.0,60.0,78.0,0.054291218476689156,-0.024742537172004662,0.9982185484404748,15.462654794334554,-0.13679195160262755,0.9900834276022956,0.03198074989792699,12.54538102680682,-0.9891109268292718,-0.13828453724687123,0.05036825573074642,12.490642509287456,78.92693475485149,59.83311941496746,60.231996034181165,22.54901216129958,6.636149428765727,102058.0,284442.271179543, 0.0, 0.0,0.0,NaN, 102.62480403636401,102.62480403636401,0.0, 156.2866680054504, -0.2972037182633874, 4.496350758084121, -0.2972037182633874, 157.4103993444479, -2.008494420265825, 4.496350758084121, -2.008494420265825, 238.7993613414427, 5.904479355084866, 4.408209366813816, 35.0, 0.0
21, 0 ,1.0,1.0,1.0,191.2047807455536,282.4847868131312,60.49588542390878,14.322764088945961,9.822390265516997,13.6036965888165,67.0,42.0,72.0,0.9854889232486486,0.1342114617532845,-0.10391759085095048,14.401786124890446,-0.10438921462431511,-0.003537483231367773,-0.9945302298484979,13.595097704146612,-0.13384496264087628,0.9909464010462093,0.010524078545315903,9.718197229112057,68.7468731125426,70.78167528179145,45.367407797885306,21.095050249027963,6.456031098703079,79109.0,220758.66148795918, 0.0, 0.0,-7.105427357601002E-15,84.03519206961637, 125.70972348560484,125.70972348560484,NaN, 205.14157114760002, 14.974976976415967, -2.1855837372226365, 14.974976976415967, 96.47935052812308, -1.25757754354531, -2.1855837372226365, -1.25757754354531, 185.0605608805777, 6.070626970353656, 4.648043071615455, 34.0, 0.0
22, 0 ,1.0,1.0,1.0,281.81356584725944,105.59551987680373,169.1896994239434,10.317568705773311,12.027090369649427,13.417624831467759,43.0,62.0,72.0,0.06752637784119896,-0.34130481845108673,0.9375239779321476,13.606111468024997,0.3004149089909173,-0.8891051216384221,-0.345315747008887,11.985977040254244,-0.9514152987794693,-0.3049641021143269,-0.04249500758884349,10.116613464310268,71.64295774353215,60.54237415695247,49.63233154869283,19.921388525783353,5.854405356722585,70132.0,215276.99975254724, 0.0, 1.4210854715202004E-14,0.0,70.04360939218421, 169.0931546279822,169.0931546279822,0.0, 106.45222399835275, -12.94384271959721, 0.9544048361385147, -12.94384271959721, 144.650902759714, -13.802726236824878, 0.9544048361385147, -13.802726236824878, 180.03265611802018, 6.255341132405119, 4.616520540055613, 24.0, 0.0
23, 0 ,1.0,1.0,1.0,278.6574323736627,206.84017569800818,11.39288510046099,12.331557253177463,12.90063565014829,7.26745745752605,48.0,68.0,29.0,-0.4133373976060124,0.9105710626554565,-0.003540564192672983,13.044440753676481,0.9105618882006998,0.41330389248138516,-0.0075458741118771345,12.17962153178535,-0.005407725646304303,-0.006342894784641973,-0.9999652614911605,7.266981982192922,74.73229158635743,58.57646591283708,29.13272196449203,18.26114981564579,6.151426645402104,45988.0,127530.04989446062, 0.0, 0.0,0.0,NaN, 96.24996565077348,96.24996565077348,0.0, 152.0673042883937, -8.213574672818567, -0.48468052812336265, -8.213574672818567, 166.42640017787699, -0.6762697771507616, -0.48468052812336265, -0.6762697771507616, 52.815937896951, 6.455458220617091, 4.6741112146296135, 14.0, 0.0
24, 0 ,1.0,1.0,1.0,91.66682667724127,268.3212247070241,39.96514552266063,11.701461653161093,14.840197418226403,13.356359073311172,63.0,62.0,66.0,-0.03479406005245536,-0.8904322018844343,0.45378394333901123,15.313533725623657,0.3300236966434884,-0.4388245118287282,-0.835773538389464,12.963930848675114,-0.943331189476333,-0.12067949977322383,-0.3091322132933605,11.531702984057095,74.76840659120555,70.8215629615817,58.81777076953544,22.19585759404518,6.549190605898201,95827.0,311452.7664510282, 0.0, 0.0,0.0,NaN, 104.89787783261248,104.89787783261248,0.0, 136.92420482039955, -1.9354593045681119, -11.279825089985302, -1.9354593045681119, 220.23145941193357, -28.15514530850922, -11.279825089985302, -28.15514530850922, 178.39232769522167, 5.748607807185386, 4.260523495791683, 32.0, 0.0
25, 0 ,1.0,1.0,1.0,52.42009162960238,189.03611677758084,49.98825090013265,14.077293756219278,11.256898057050782,13.543412505691995,71.0,59.0,75.0,-0.7772773267860444,0.07168986888058565,0.6250604130515907,14.923320754405424,0.6210504145299267,0.2464062467414889,0.7440298005987253,12.715733704772342,0.1006793915185568,-0.9665115230904688,0.23604901155649072,11.131782861496513,76.62186508169246,67.21065304497554,60.04044620316955,21.61905378174101,6.39753774879373,89709.0,309196.6254630368, 7.105427357601002E-15, 0.0,7.105427357601002E-15,80.77781688245766, 132.51292244271573,132.51292244271573,0.0, 198.1701994988903, 0.275668027958071, -30.541843331465, 0.275668027958071, 126.71775386683368, 11.35189409182535, -30.541843331465, 11.35189409182535, 183.42402229933433, 5.959961949834818, 4.298120316456553, 33.0, 0.0
26, 0 ,1.0,1.0,1.0,69.22081717529366,62.484055527454615,161.81666947676052,13.401720189870298,12.907868905019152,11.93673062018156,64.0,62.0,59.0,-0.8968000551946345,0.43259875899622624,-0.09277917178885464,13.601652022656749,-0.37191915716469,-0.8506837179274248,-0.3715014839634961,12.858427437942964,-0.2396368117314348,-0.298656199949203,0.9237849710268585,11.762679443614479,71.45005025617094,63.66433218189171,64.36622626732945,21.28036816787784,5.987541419904535,88965.0,292790.360242899, 0.0, 0.0,0.0,NaN, 166.70456370498172,166.70456370498172,0.0, 179.6061040475772, -9.56025707679251, 7.608593583195691, -9.56025707679251, 166.6130796691603, 6.653908229672146, 7.608593583195691, 6.653908229672146, 142.48553789878005, 6.257132892454749, 4.390830570431054, 39.0, 0.0
27, 0 ,1.0,1.0,1.0,33.04715450580477,289.1339626219422,207.15056572765008,13.511857334225752,6.659353213533134,13.662455587504564,78.0,27.0,88.0,0.6473434461420036,-0.03942773853511195,0.7611779792998491,14.145791212145994,0.761313885368536,0.08154649103956503,-0.6432350563706847,13.046748576608946,0.036710089649288034,-0.9958893629480844,-0.0828054713458009,6.577150529273644,72.0197547363025,81.3379330335768,31.51673390291586,19.1533913979515,6.835756321027015,47461.0,184623.07278240952, 0.0, 0.0,0.0,NaN, 99.15242122070097,99.15242122070097,NaN, 182.57028862047025, 3.878725514677202, 15.111945258244065, 3.878725514677202, 44.34698522259407, -11.366580916887568, 15.111945258244065, -11.366580916887568, 186.6626926805347, 5.7412999167243095, 4.442915843422546, 23.0, 0.0
28, 0 ,1.0,1.0,1.0,124.22469527737869,169.1765073921305,274.5591718033091,13.352077561589711,11.822085403028723,13.137320943623342,68.0,58.0,61.0,-0.922050841582555,0.30850778357653563,0.23376311302169892,13.520012937881665,-0.2644692855443752,-0.06115939184902221,-0.9624528693875382,13.143757158562863,-0.28262739170248513,-0.9492536416898022,0.13798290183243345,11.622382629186522,69.5247448717263,65.11638304014969,63.88286579420421,21.256427103860933,6.2284176835864855,86308.0,289210.50477465027, 0.0, 0.0,0.0,NaN, 182.19164874991503,182.19164874991503,0.0, 178.27797521070744, -12.96241377225274, -0.6930182460673779, -12.96241377225274, 139.7617032765048, 5.658682587342867, -0.6930182460673779, 5.658682587342867, 172.58920157576452, 5.548991781513146, 4.203826749636909, 29.0, 0.0
29, 0 ,1.0,1.0,1.0,277.1125211505922,207.33779845835684,288.68861628125586,13.308732988967671,13.240581299941564,6.302251344477232,53.0,62.0,27.0,-0.7937734288784699,0.6066793616042028,0.04317285964624224,13.527662025070748,-0.5960150086755026,-0.7900362366503557,0.14355784274251493,13.13432653003876,0.12120170394865666,0.08822072875952092,0.988699777473972,6.053558100715852,63.05140512923405,68.10176373285444,31.323631904992908,18.700885813785654,6.513878162872252,42552.0,134500.9156356975, 0.0, 0.0,0.0,NaN, 96.11486713437652,96.11486713437652,0.0, 177.12237377163638, -6.502969990097122, -16.640371657141024, -6.502969990097122, 175.31299316036223, -11.575981632514385, -16.640371657141024, -11.575981632514385, 39.71837200896507, 6.10216653666456, 4.39649127365723, 18.0, 0.0
30, 0 ,1.0,1.0,1.0,12.67606519768367,250.70315072801614,82.44034337940094,8.248094775638469,11.971853150874693,13.269682849902097,33.0,65.0,57.0,-0.0945350066486293,0.18462798653497886,0.9782513169456932,13.338661754091213,-0.12713471660129444,0.9723671219744064,-0.195803329741651,11.989687910008561,-0.9873701921532023,-0.14287997302368494,-0.06845010559596687,8.109766005351055,55.00376367626552,67.79366419027804,37.02795784924919,18.775586783225865,5.9091589229398975,54051.0,138073.79951412778, 0.0, 0.0,0.0,NaN, 96.88793626429535,96.88793626429535,1.9073486328125E-6, 68.03106742791459, -11.598019165291031, -8.43037182975459, -11.598019165291031, 143.32526786610833, 5.408342297505883, -8.43037182975459, 5.408342297505883, 176.0844829369858, 8.081398817275389, 4.927824603007732, 24.0, 0.0
31, 0 ,1.0,1.0,1.0,60.23785638530164,44.14000873416932,35.08061638280616,11.913804821321449,12.233596738625414,14.092195796835092,58.0,60.0,68.0,-0.3892915627389065,-0.47122239343694156,0.7914553272951421,15.231764135524411,-0.5689476944342806,-0.5527221091968209,-0.6089308589675309,11.948487756276426,-0.7243967146379235,0.6873483293997146,0.05293084066217649,10.743212672103711,79.79824260274118,61.2032218294258,55.380925235831214,21.180169248931083,6.449034613565773,80145.0,270475.4292934442, 0.0, 7.105427357601002E-15,0.0,61.88632596882593, 82.50811692643566,82.50811692643566,0.0, 141.9387453205422, 29.988283904180104, -26.446874915532785, 29.988283904180104, 149.66088916330634, -34.27732979513961, -26.446874915532785, -34.27732979513961, 198.58998237633665, 6.326861519981691, 4.357426043177561, 28.0, 0.0
32, 0 ,1.0,1.0,1.0,135.39922639784876,143.13594998079242,175.22107271065425,12.5533502001701,11.79637958630673,11.812839241322438,60.0,56.0,54.0,-0.8411684708548978,0.5116441732131812,0.17508810255592086,12.959117702471083,0.3265471104983455,0.22250225901195209,0.9186183806999288,11.840928726732875,-0.431048243546838,-0.8298873325648357,0.35423781134092364,11.319806482250701,67.02067036517823,57.33547858670349,62.92752140682913,20.11078690869053,5.6427469770419485,75491.0,241809.20851606457, 0.0, 0.0,0.0,NaN, 233.21799111886642,233.21799111886642,NaN, 157.58660124811067, -16.252444139316278, -2.2412564326038864, -16.252444139316278, 139.15457134423414, 6.032416192268785, -2.2412564326038864, 6.032416192268785, 139.54317094132728, 5.460204575114336, 4.096875248255427, 32.0, 0.0
33, 0 ,1.0,1.0,1.0,239.3054022581135,95.4748493747152,185.3821958381854,13.308316049222011,11.364421733372735,12.104785377268728,67.0,54.0,58.0,0.9499430589792861,-0.29032937379754037,0.115399477500572,13.503155154041158,0.1437797393181422,0.07832616792513078,-0.9865051434127303,12.097380480644736,-0.2773726216818882,-0.9537158204247705,-0.11614888123793381,11.140259100311857,72.31833484628697,60.000603751111555,56.530486988744514,20.47047695804556,5.809196118207467,79004.0,245293.9094742133, 0.0, 0.0,-2.8421709430404007E-14,83.3733331721641, 161.04819803105548,161.04819803105548,0.0, 177.11127606598015, -15.809100371033475, 3.2286387881152354, -15.809100371033475, 129.15008133395457, -3.6694860623452765, 3.2286387881152354, -3.6694860623452765, 146.52582902973882, 5.719300776085931, 4.2761243355167515, 32.0, 0.0
34, 0 ,1.0,1.0,1.0,274.4165718263483,65.79178590764947,239.6850380650365,13.546669603072854,13.473448336624948,12.160957064424895,57.0,73.0,60.0,-0.7718747900697183,0.6314510748711438,-0.07401924411195718,13.91301968000336,-0.5417491278443534,-0.7141806398341628,-0.4432311994500703,13.401178124776203,-0.33274192842909184,-0.3020191280865212,0.8933461005316734,11.822489263651887,74.757333578441,68.50868627548385,64.68284858233595,21.708532300010464,6.455584366790508,90503.0,331274.9368820062, 0.0, 0.0,0.0,NaN, 92.84915467170649,92.84915467170649,0.0, 183.512257334818, -10.815852739735528, 12.63549694385881, -10.815852739735528, 181.5338100797016, 10.090382167414893, 12.63549694385881, 10.090382167414893, 147.88887672278577, 5.410982104446601, 4.182209394566998, 32.0, 0.0
35, 0 ,1.0,1.0,1.0,132.10540060074786,275.77788267026295,59.637479310978975,12.622141987429506,12.281830603219793,12.62270667924843,62.0,54.0,69.0,0.611688409560333,0.20334553354324325,-0.7645180727736682,13.259918071946318,-0.6002515078599108,0.7487871084017057,-0.28109783635473934,12.810325293769338,-0.515301287521634,-0.6308474144192284,-0.5800828585634299,11.382648805108802,64.20447905051006,68.74567385503602,63.79577821457795,20.813824658663922,6.023226569351661,81565.0,281580.5412495124, 0.0, 0.0,0.0,NaN, 146.95297470411091,146.95297470411091,0.0, 159.3184683508309, -9.770152115689061, -15.805816338337328, -9.770152115689061, 150.84336296618628, -14.461764081689338, -15.805816338337328, -14.461764081689338, 159.33272391034296, 6.169219968490742, 4.28112912412922, 25.0, 0.0
36, 0 ,1.0,1.0,1.0,35.952648565689394,176.99838625950753,209.79502110276027,12.808868600627324,13.102580726673112,12.963482325647524,67.0,62.0,67.0,0.18756852974661858,0.7793453661866584,0.5978618961366209,13.568211650360855,-0.8073230757581712,-0.22438695090092317,0.5457837920035303,13.030020323920443,-0.5595064771716751,0.5850395682932656,-0.5870955676328782,12.244133840485826,60.80468042647374,77.50096452837994,72.28135430471032,21.523052099156295,6.3682681218494865,88614.0,340620.1994653194, 0.0, 0.0,0.0,NaN, 156.71288440809434,156.71288440809434,0.0, 164.06711482813657, 8.594265338940707, -4.919268867817907, 8.594265338940707, 171.67762169898572, 13.492209899312702, -4.919268867817907, 13.492209899312702, 168.05187400737574, 5.4674621784608615, 4.191700494574971, 41.0, 0.0
37, 0 ,1.0,1.0,1.0,201.20949044404568,175.68492409353726,193.83924349881798,12.756843383612294,10.747666571488363,11.927409027614,66.0,55.0,59.0,-0.9792118220445541,-0.19415570222572623,-0.05871772186843685,12.834030707414176,0.06730101994558177,-0.03790595853340517,-0.9970123926120216,11.92719539657825,-0.19134988968501784,0.9802380841412444,-0.05018483950988312,10.655615502208297,64.1783638445005,58.70615091846054,53.430025169378624,19.71989636809336,5.6247811681702915,70218.0,201306.42047502962, 0.0, 0.0,-2.8421709430404007E-14,86.63378613903733, 191.00761528498793,191.00761528498793,0.0, 162.73705311401278, 9.655199045601668, 1.0153055930444654, 9.655199045601668, 115.51233673188842, 1.6686095184688314, 1.0153055930444654, 1.6686095184688314, 142.26308611200798, 5.773539197353155, 4.206515972479683, 34.0, 0.0
38, 0 ,1.0,1.0,1.0,163.56713903923463,9.567565746625643,224.86837199901183,13.68091060798696,6.545343584324405,13.228230710433753,69.0,27.0,70.0,0.7684441602626527,-0.03716121929988526,0.6388369246829527,14.587747942024361,0.6393738475884194,0.08570477755649857,-0.7641045570626915,12.263143114161357,0.026356319511781662,-0.9956273072209987,-0.08961924758474568,6.465899502049989,74.95659563117613,55.65455506556434,29.517763277262333,18.915441794128597,6.870297458042842,44527.0,123138.54401999971, 0.0, 0.0,0.0,NaN, 156.0455875388164,156.0455875388164,0.0, 187.16731506373011, 1.0667519078416041, 30.897972059850225, 1.0667519078416041, 42.841522636856645, -11.169818248681153, 30.897972059850225, -11.169818248681153, 174.98608772846265, 6.37400153269131, 4.2885036321887435, 18.0, 0.0
39, 0 ,1.0,1.0,1.0,104.11133090909091,229.57828363636364,157.03322181818183,12.170797761689833,11.022370757995796,11.976616077776038,60.0,53.0,58.0,-0.8337933169082125,0.5438880915763729,0.09473356596588392,12.895936605588979,-0.18382051903200813,-0.11169984985853043,-0.9765926276213562,12.035287548331983,-0.5205753753895825,-0.8316903795181189,0.19311237960059038,10.09489874395548,60.10593616982615,58.138440350586535,53.87501871952094,19.55403109321581,5.540773949797911,68750.0,188264.38801680962, 0.0, 0.0,0.0,NaN, 190.36251475264734,190.36251475264734,0.0, 148.12831815595428, -28.322257206585313, 2.6220032029619595, -28.322257206585313, 121.49265712672084, 8.002330184357051, 2.6220032029619595, 8.002330184357051, 143.4393326744435, 5.898460780436342, 4.142251620905075, 23.0, 0.0
40, 0 ,1.0,1.0,1.0,51.71415222788798,20.76133966948768,166.35000133486398,12.5125138823086,11.536744942176714,12.452719651812838,63.0,51.0,59.0,0.29111158795377173,0.4539452829406529,-0.842132841928733,12.941185944521042,0.945260643637367,-0.27213514749233736,0.18006881209580683,12.505866103262715,0.1474325572907986,0.8484551500198787,0.5083183052531561,10.99357692468865,64.73144075934192,62.67212002508674,61.725947640359806,20.251629029950426,5.8822815195905,74914.0,250413.31959859692, 0.0, 0.0,0.0,NaN, 144.80230974922975,144.80230974922975,0.0, 156.56300365496543, -2.981547805718443, -5.379035579667664, -2.981547805718443, 133.09648386084, -19.561768509677393, -5.379035579667664, -19.561768509677393, 155.07022672664567, 5.488445668406923, 4.067170063733514, 27.0, 0.0
41, 0 ,1.0,1.0,1.0,187.19143137770277,66.12844633198223,63.11365805746538,12.084893095076024,11.318173301372605,12.598317915771142,59.0,58.0,62.0,-0.5954434804734073,-0.12241906819175123,0.7940155120051362,13.087195418563063,0.6030153567996928,0.5849596362736241,0.5423971823252485,11.906719266117268,0.5308667827482282,-0.8017704133189832,0.27448982367449015,10.946170777964953,66.38941978561017,57.04681730841179,59.8209740515553,19.99499529753105,5.750083943546826,72287.0,226560.28021538464, 0.0, 0.0,0.0,NaN, 145.19668867535535,145.19668867535535,0.0, 146.04464111941616, 11.493913977036447, -17.148267326064268, 11.493913977036447, 128.10104687990366, 1.9630595395636747, -17.148267326064268, 1.9630595395636747, 158.71761430684012, 5.204481099586339, 3.908603367031157, 32.0, 0.0
42, 0 ,1.0,1.0,1.0,92.34798789793568,159.12324292484405,106.54123269699322,11.440818084239586,11.655249212588709,13.24987970540602,57.0,56.0,62.0,-0.15463739409286711,0.26737053203206096,0.9511047654959256,13.321434262072758,-0.6647155422781813,0.684053808552925,-0.3003724935110758,12.672316068674187,0.7309175905681778,0.678662939613716,-0.07194504981497209,10.210203695756501,63.57926333918792,58.33584707880947,52.62012092852885,20.217207681169022,5.793183790317113,74698.0,195165.4071756706, 0.0, 0.0,0.0,NaN, 199.3124326714333,199.3124326714333,0.0, 130.89231843666354, -28.644563128710427, 0.481032922894265, -28.644563128710427, 135.84483420754972, 7.0416130524439655, 0.481032922894265, 7.0416130524439655, 175.55931220773033, 6.147441473806245, 4.28246090835169, 29.0, 0.0
43, 0 ,1.0,1.0,1.0,85.25429313731702,208.13270388441796,191.15167606615552,13.754077047366135,12.275468350307483,10.789119710300188,64.0,61.0,57.0,-0.9561478099731234,0.2912943560144286,-0.03047890479888147,13.889880790549578,-0.2844164023413237,-0.8986186035848487,0.3340537611978571,12.305090791318449,0.06991906437316112,0.32807347263281733,0.9420611025787159,10.579357967722068,63.7395798189999,58.615208683339176,59.89152766146225,20.54566893629077,5.843145619252845,78905.0,223761.2618931598, -1.4210854715202004E-14, -2.8421709430404007E-14,0.0,82.45459381018833, 165.99955487030306,165.99955487030306,0.0, 189.17463542488395, -12.46826821419255, -1.3914882487473483, -12.46826821419255, 150.68712321940072, -12.574313415990103, -1.3914882487473483, -12.574313415990103, 116.40510412318801, 5.609640135854062, 4.074226025972935, 20.0, 0.0
44, 0 ,1.0,1.0,1.0,24.74512012012012,11.818693693693694,265.59663234663236,12.980190846908597,7.581897118553194,14.531433114509545,50.0,34.0,72.0,-0.34031491608805675,0.07708580683842825,0.9371464860266226,14.819580969840016,-0.9338791700648333,-0.14408177576331302,-0.3272768516285685,12.777878448087467,-0.1097973296897359,0.9865587768992576,-0.12102200674275959,7.3647069829163545,77.44062025207774,66.0868240943245,36.566099142303244,19.80083055629538,6.712687686823264,55944.0,187138.15216266902, 0.0, 0.0,0.0,NaN, 43.99538835238656,43.99538835238656,0.0, 168.4853544221697, 10.332721174359586, -19.418929990157316, 10.332721174359586, 57.48516391632522, 17.08876093757855, -19.418929990157316, 17.08876093757855, 211.16254836146456, 5.668147662450755, 4.1963666332154075, 23.0, 0.0
45, 0 ,1.0,1.0,1.0,287.9534120472283,79.13135881528918,285.76045627376425,7.621861093252053,10.716416386219475,7.9435806482999824,34.0,53.0,34.0,0.02999424991413048,0.9925968973390676,-0.11769343382255937,10.750396151524608,-0.6103674589424979,0.11143250778683711,0.7842412647090274,8.297564862047567,0.7915503205963389,0.04831351364983661,0.6091911804701711,7.184303734469136,53.226096977997514,46.58346412963573,35.78864841309144,14.612773859495215,4.743591501695961,24985.0,88736.37830015976, 0.0, 0.0,0.0,NaN, 81.29979603165857,81.29979603165857,0.0, 58.092766524829386, 0.7318751915547718, -8.47591870711786, 0.7318751915547718, 114.84158016283325, -5.965371922773502, -8.47591870711786, -5.965371922773502, 63.10047351604597, 7.080916886970666, 4.43570304490935, 9.0, 0.0
46, 0 ,1.0,1.0,1.0,121.51132693630566,237.29734519465075,78.8082057619886,11.886078755884498,12.311396018038055,13.711886135388806,63.0,61.0,65.0,0.16622948188367279,0.35882204438073767,0.9184848936259727,14.018737580937406,0.37605249142256875,-0.8841200000896988,0.2773379691572559,12.068171179241622,-0.9115658413123898,-0.29929678566235973,0.281902733304619,11.777071050106429,66.74235590007365,59.55561438789853,57.42720633780527,21.092037010580757,5.99926130770711,85769.0,228266.3694327723, 0.0, 0.0,0.0,NaN, 157.82065387294682,157.82065387294682,0.0, 141.27886819108875, 1.1412821548975267, 9.55270934839195, 1.1412821548975267, 151.57047191296326, 17.355715100467574, 9.55270934839195, 17.355715100467574, 188.01582138986777, 6.174962785732631, 4.234626661117618, 37.0, 0.0
47, 0 ,1.0,1.0,1.0,24.088187435003366,189.1417752492812,121.50538936807978,12.591311242208487,12.19765197694514,12.57504706157163,53.0,59.0,63.0,-0.6233687876475168,-0.40491789401280504,0.6689191682820126,13.774263639785516,0.5949993135767973,-0.800689575577045,0.06979985963733733,11.969857258410107,0.5073333927803346,0.4415174998462533,0.7400507590020486,11.508597635878592,69.2629071460149,63.01923278229292,58.48636972908122,20.749823330353948,5.907662220261676,81735.0,255286.87850882026, 0.0, 0.0,1.4210854715202004E-14,48.01629959305722, 166.23280787580234,166.23280787580234,NaN, 158.54111879816583, 9.299505523988296, -23.436090372118713, 9.299505523988296, 148.78271375067368, -16.120639285462964, -23.436090372118713, -16.120639285462964, 158.13180860074127, 6.045693074739139, 4.296427986311861, 22.0, 0.0
48, 0 ,1.0,1.0,1.0,218.9920033356663,137.47302428782035,208.36089229073906,12.33837520078852,12.653736087328285,10.555682591234316,69.0,61.0,62.0,-0.5519144603709943,-0.8304223002353515,-0.07608700089516664,13.001406181737455,0.8001129043264187,-0.501633921831602,-0.32891146042391006,12.172942690419802,0.23496759087954525,-0.24240918245741658,0.9412906137302071,10.322687541687413,65.33572445129923,59.12333030807228,57.288282469271024,19.743537018711685,5.82818329506753,67153.0,221296.93664484614, 0.0, 0.0,2.8421709430404007E-14,85.63631865230309, 184.00775525003795,184.00775525003795,0.0, 152.23550259543313, 11.929534258224667, -8.329980802642687, 11.929534258224667, 160.11703696775416, 10.815127490725295, -8.329980802642687, 10.815127490725295, 111.42243496688721, 5.498835437837798, 4.013901727487576, 29.0, 0.0
49, 0 ,1.0,1.0,1.0,125.4813101057426,91.98378323494002,212.96515861388724,12.671600545322393,10.576121090784987,12.302600288029206,61.0,53.0,65.0,0.7232647739300113,0.15212859795449105,0.6736059356006083,13.587149174676822,-0.641568456217548,0.5089131908702147,0.573931424601345,11.819780458496203,0.2554955631289955,0.8472687022678803,-0.46567989368094925,9.972960381562153,64.21573097860318,58.58335778889404,53.365039011488705,19.775730181402036,5.718239881868356,68941.0,200757.84356811337, 0.0, 1.4210854715202004E-14,0.0,81.24969787144487, 178.27405638278324,178.27405638278324,1.9073486328125E-6, 160.56946038021476, -3.7717743476563825, 26.665324072382234, -3.7717743476563825, 111.85433732694703, 20.48126727680662, 26.665324072382234, 20.48126727680662, 151.35397384701628, 6.077627354695691, 4.210988131530252, 37.0, 0.0
