// Sample: .//bubblelabels.tif, Map: .//bubblelabels.tif, Thickness:(8.191250068658265):/gpfs/home/mader/Foam/NewValid/InSilicoTest/LatticeDataPhi_16.0/out_Step_02000.vtk/distmap.tif, Neighbors:(1.0):
//LACUNA_NUMBER, TRIANGLES, SCALE_X, SCALE_Y, SCALE_Z, POS_X, POS_Y, POS_Z , STD_X, STD_Y, STD_Z,PROJ_X, PROJ_Y, PROJ_Z, PCA1_X, PCA1_Y, PCA1_Z, PCA1_S, PCA2_X, PCA2_Y, PCA2_Z, PCA2_S, PCA3_X, PCA3_Y, PCA3_Z, PCA3_S,PROJ_PCA1, PROJ_PCA2, PROJ_PCA3,OBJ_RADIUS, OBJ_RADIUS_STD, VOLUME, VOLUME_BOX, Mask_Grad_X,Mask_Grad_Y,Mask_Grad_Z,Mask_Angle, Mask_Distance_Mean,Mask_Distance_COV, Mask_Distance_STD, SHAPET_XX, SHAPET_XY, SHAPET_XZ, SHAPET_YX, SHAPET_YY, SHAPET_YZ, SHAPET_ZX, SHAPET_ZY, SHAPET_ZZ, Thickness, Thickness_STD, Neighbors, Neighbors_STD
1, 0 ,1.0,1.0,1.0,169.36120820577105,64.60230696911988,165.4352987970976,12.545269526203462,12.916861054511743,13.38875673946951,59.0,61.0,64.0,-0.1730187658544449,-0.6407292501717481,0.7480177368462283,14.662002426856459,0.9848643974395446,-0.1045871501728125,0.13821594218747657,12.474336887799867,-0.010325953624099765,0.7606099894118387,0.6491269665394235,11.528421316896448,77.48792883017047,60.63591674858,62.93570186899743,21.413212569122418,6.705387497001098,82966.0,295706.642812265, 0.0, 0.0,0.0,NaN, 79.4160701469698,79.4160701469698,0.0, 157.38378748508924, 6.759444407943243, -7.530928746129991, 6.759444407943243, 166.8452995015622, -39.662371527971544, -7.530928746129991, -39.662371527971544, 179.25880702869026, 5.994291426905113, 4.09290599055785, 35.0, 0.0
2, 0 ,1.0,1.0,1.0,41.84792102268216,8.96932482862663,26.221263531217744,14.016394371477306,5.927375110905234,12.073604029882679,72.0,23.0,55.0,0.8711240033214307,-0.025117140564456894,0.49042033000999186,14.84859636482095,-0.48553399789230844,0.10538917161670942,0.8678420705385603,11.08397973463047,0.07348270359721297,0.9941138022157269,-0.07961181141159339,5.833487840862105,77.94907561001722,54.05282646731635,25.477351822999157,18.241889424164732,6.678208696142242,37783.0,107345.4552585172, 0.0, 0.0,0.0,NaN, 50.192150212713855,50.192150212713855,0.0, 196.4593111767807, -8.624758741622117, 42.22720218750179, -8.624758741622117, 35.13377570537884, 5.827341514244139, 42.22720218750179, 5.827341514244139, 145.77191427039926, 6.234463121975389, 4.248129372323257, 17.0, 0.0
3, 0 ,1.0,1.0,1.0,170.18894894894896,40.05463463463463,12.098958958958958,14.654547750311703,11.052552508746283,8.245878451006465,65.0,60.0,31.0,0.9396810547930723,0.33276689650838087,0.07915622433618236,15.126240019402655,0.3391385501397706,-0.9365263240890361,-0.08890156408844437,10.462604474872492,0.0445483902298795,0.11038404267129465,-0.9928901268778274,8.163330731468145,73.56454440871377,63.02419679747727,35.209338957875914,19.000207156707464,6.625807585171009,49950.0,163242.68925244917, 0.0, 0.0,0.0,NaN, 51.37564917714438,51.37564917714438,0.0, 214.7557697661658, 37.105472639005114, 10.770751258164323, 37.105472639005114, 122.15891695859375, 7.837115935956775, 10.770751258164323, 7.837115935956775, 67.99451142877278, 6.196900343035792, 4.07710369182758, 15.0, 0.0
4, 0 ,1.0,1.0,1.0,9.540225577996777,30.133810469516995,135.13070034099,6.23332734878213,10.471249339032052,10.430861287983001,24.0,53.0,55.0,0.04839680629598456,-0.7125780478212774,0.6999216205430191,11.486033695913235,-0.008227915466777638,-0.7010034017777287,-0.7131104627637458,9.313578280295932,-0.9987942984155549,-0.028753373006819006,0.039789357789617875,6.2155119917463315,63.57291260085455,43.99633046688882,26.151366803434566,15.214050794116933,5.083006807041683,26687.0,73144.71580536605, 0.0, 0.0,0.0,NaN, 72.16015850690928,72.16015850690928,0.0, 38.85436983707526, -2.939976225841313, 3.4426010111269028, -2.939976225841313, 109.64706272017918, -22.48153523879333, 3.4426010111269028, -22.48153523879333, 108.80286720914239, 6.21264720847975, 4.115311571936364, 12.0, 0.0
5, 0 ,1.0,1.0,1.0,59.187955215085445,74.13110194460813,142.2657159693577,9.76224522451522,9.984155757939885,10.535312099516947,49.0,56.0,55.0,-0.5954780975509205,0.40005125799704666,0.696681294647787,11.421834473477812,0.16880722936085127,-0.7855291886482041,0.5953553670684485,10.033636945001982,-0.7854361556820829,-0.47212592044567353,-0.40023388236214613,8.651325099253157,55.75094583825232,54.1176104246836,47.22619906917413,16.794393467581177,4.891415655275179,42425.0,142486.54149494975, 7.105427357601002E-15, 0.0,0.0,53.453277902591495, 111.04900661687938,111.04900661687938,0.0, 95.30143182357024, -16.67312685695472, -20.47570581354491, -16.67312685695472, 99.68336619880415, 3.4206031297214, -20.47570581354491, 3.4206031297214, 110.99280103422818, 5.957093198438497, 3.864206268091719, 21.0, 0.0
6, 0 ,1.0,1.0,1.0,28.702182074528256,107.0345918651737,174.20384609079136,12.432421611628735,12.08702006647319,10.136636710563465,58.0,57.0,51.0,-0.8171312572918166,0.5764370483668956,-0.004103367733526023,12.76475891052804,0.5760870836612015,0.8163406601966727,-0.041371470222755925,11.738107619325234,-0.020498302257187975,-0.03616981862992798,-0.9991354081528948,10.133623463095297,66.10833089128307,55.956174320241075,51.5780639868365,19.22187083565298,5.825139191130079,60997.0,190795.99020225537, 3.552713678800501E-15, 1.4210854715202004E-14,0.0,68.38914517242313, 100.65696161727602,100.65696161727602,0.0, 154.5651071292932, -11.87506933418444, -0.6343743448806795, -11.87506933418444, 146.09605408732557, -1.3277065306746092, -0.6343743448806795, -1.3277065306746092, 102.75140380194291, 5.986538187483091, 3.7398152560632028, 23.0, 0.0
7, 0 ,1.0,1.0,1.0,136.24648290674781,16.17957759083587,180.09953463397173,14.143282669636067,9.939585985984666,9.663340989626171,71.0,41.0,39.0,0.984366481609506,0.17330912239980592,0.031409838852359616,14.26026888012482,-0.16482916759775176,0.8435735453714542,0.5110919868854017,9.841089444785077,0.062080394592451134,-0.5082790785016088,0.8589519212184121,9.591958263779267,69.09411274577958,53.74355478972427,48.65330469674794,18.85048546043684,6.071834256107005,55870.0,180667.3928735126, 0.0, 0.0,0.0,NaN, 68.71912539142191,68.71912539142191,0.0, 200.0324446732279, 18.32303628059034, 3.034943772249426, 18.32303628059034, 98.79536957278275, 2.69347358183932, 3.034943772249426, 2.69347358183932, 93.38015908178932, 6.054529480880161, 3.9448852254325497, 13.0, 0.0
8, 0 ,1.0,1.0,1.0,185.14613951562822,155.18629683295384,91.08543779755745,8.396379436561856,10.744895076403944,10.257000633986863,32.0,54.0,52.0,0.19848552922600787,0.8179559015426535,0.5399552183463137,11.335034684870282,-0.20413560609757986,-0.5043332551351709,0.8390331471926098,9.78823099885936,-0.9586094872319203,0.27676002402136396,-0.06687107067072236,8.177135345401332,54.55449642093188,48.370167487552465,38.38574041736433,16.365354278095253,4.830445031637884,38648.0,101292.68062555953, 0.0, 0.0,0.0,NaN, 102.59367495906369,102.59367495906369,0.0, 70.49918764271881, 12.98359023720438, 1.646332211741778, 12.98359023720438, 115.45277020292971, 14.966255636969287, 1.646332211741778, 14.966255636969287, 105.2060620056069, 6.160500148900009, 4.068411902381847, 17.0, 0.0
9, 0 ,1.0,1.0,1.0,79.33628583072952,146.67428338540958,44.85170493139519,9.631141456579181,8.906648510970676,10.393168371489924,45.0,40.0,48.0,-0.5867579557442439,-0.10237621081772044,0.8032647215142973,11.22709687329621,0.1147087258703912,-0.9924809998013888,-0.042700974724558347,8.87975839858441,0.8015965379042173,0.0670863361038711,0.5940895672608055,8.672220524937364,54.033631300609734,41.099729657414386,42.56590217622559,16.085134013451054,4.623168396466004,36805.0,94528.9780719897, 0.0, 0.0,0.0,NaN, 105.591447272626,105.591447272626,0.0, 92.75888575663814, 2.639271689683079, -23.97999054302082, 2.639271689683079, 79.32838769797615, -4.026484479892294, -23.97999054302082, -4.026484479892294, 108.01794879813853, 5.984202039568114, 3.9434625874795772, 15.0, 0.0
10, 0 ,1.0,1.0,1.0,153.18937225335645,10.751118816272225,87.34612748457847,9.493905336622204,6.822983564639164,9.590716172162308,48.0,26.0,46.0,-0.6364055185153638,-0.044180359471488295,0.7700883792397867,9.759688679534388,0.7656224811935525,0.08530585371459282,0.6376089143142943,9.341278037441763,0.09386283766336782,-0.9953748073760932,0.02046363962704727,6.793981267624441,48.407308771169205,49.49489976855989,27.876230664124755,14.418337685812805,4.55858731811689,24803.0,66789.07628399924, 0.0, 0.0,0.0,NaN, 99.68032610494748,99.68032610494748,0.0, 90.13423854074355, 4.0647500270116455, -3.9957569969384825, 4.0647500270116455, 46.55310472333615, 0.5652802065194544, -3.9957569969384825, 0.5652802065194544, 91.98183669497563, 6.320708396195385, 4.0578099879406295, 15.0, 0.0
11, 0 ,1.0,1.0,1.0,98.90313102561748,90.89773666329997,12.95225415480672,11.292965183768839,11.32641810767295,8.375581729677346,60.0,54.0,33.0,0.6935106594784428,0.7124950828171323,0.10674137975117012,11.523550236316533,0.7124327309038583,-0.7002645938043734,0.045487389470780015,11.1293627993237,-0.10715675026169007,-0.04450006320673851,0.9932457778656554,8.325518166111992,57.47195475691028,57.833385396234235,36.31968725088512,17.252641744372617,5.321234061987876,43564.0,120719.29327359436, 0.0, 0.0,0.0,NaN, 134.951801562157,134.951801562157,0.0, 127.53106264181517, 4.152154272314898, 6.46677331129517, 4.152154272314898, 128.28774714982168, 3.0901269915453864, 6.46677331129517, 3.0901269915453864, 70.15036931050498, 6.116881148915144, 3.849329690061266, 13.0, 0.0
12, 0 ,1.0,1.0,1.0,154.6169905312393,9.85169410959425,39.868578164809676,10.239543258158662,6.257257586483822,9.696794754082044,47.0,24.0,48.0,-0.9747254752478489,0.009503579451964478,0.22320378554239745,10.269012679121584,-0.22322855320669105,-0.0016168790465316669,-0.9747647914935156,9.665897978190088,-0.008902861118986014,-0.9999535327602727,0.003697483488395735,6.256767696931523,52.81694690353089,49.375900777223094,24.281297745239527,14.733721179309414,4.5767682214050405,26297.0,63322.81589373059, 0.0, 0.0,0.0,NaN, 61.20602053845827,61.20602053845827,NaN, 104.84824613570251, -0.5946205623518537, -2.613974245124422, -0.5946205623518537, 39.153272503609344, 0.22620279281882996, -2.613974245124422, 0.22620279281882996, 94.02782850279304, 5.835371655989823, 3.874868185517798, 13.0, 0.0
13, 0 ,1.0,1.0,1.0,188.5288030355295,59.13203786746388,92.89770418918401,6.995607683985099,9.506258172710812,9.589125255030785,28.0,46.0,54.0,0.1672629457817556,-0.6550282437816197,0.7368589463505054,9.829827812340321,0.04666208352879088,-0.7412908211616077,-0.6695599811983255,9.335746760820722,-0.984807472011236,-0.14637594853635263,0.09342550380341187,6.890363710915254,51.555537569039714,44.90696439919353,29.907197909316807,14.54607823699811,4.435132736938375,26091.0,69241.22505581916, -2.8421709430404007E-14, 0.0,0.0,80.37128109937159, 110.71661892316797,110.71661892316797,0.0, 48.93852686823137, -6.75730046596164, 4.81780595997954, -6.75730046596164, 90.36894444623111, -4.027886663283863, 4.81780595997954, -4.027886663283863, 91.95132315666923, 6.1376560690004025, 3.943767841042966, 11.0, 0.0
14, 0 ,1.0,1.0,1.0,73.1690195170871,186.6628095348299,25.553729846486153,9.88618929556193,7.42331417846644,13.376105872910701,48.0,29.0,55.0,-0.21939430800282583,0.06415252599511503,0.9735248281499587,13.565721398037256,0.9609727227393744,0.18655951511478577,0.20427181271778178,9.72681171934856,0.1685157671164149,-0.9803468777573489,0.1025789232960854,7.288544246308584,57.80344665631401,47.63045230696744,33.01962766395536,17.297609326911946,5.705720995348499,38889.0,90909.78117066302, 0.0, -2.8421709430404007E-14,0.0,86.32180510343575, 78.64209544298329,78.64209544298329,0.0, 97.73673878768331, 5.595447374002098, -19.815569088455696, 5.595447374002098, 55.10559339222088, 9.756667938927992, -19.815569088455696, 9.756667938927992, 178.92020832331613, 5.365696294146654, 3.655159390008381, 12.0, 0.0
15, 0 ,1.0,1.0,1.0,185.52183044973614,149.00506707973432,34.200714116936645,8.471455110020644,11.679524837481804,9.120087541224196,36.0,59.0,49.0,-0.2034300824623161,0.9790856497519511,-0.0027371516533579304,11.80374674493131,4.3279764749344467E-4,-0.002705684959800926,-0.9999962459705006,9.120064489480773,-0.9790893801056018,-0.20343050341258206,1.2667174858211518E-4,8.297519831809813,61.273378106397544,49.03628834997443,40.5370441312717,16.33553788196881,4.950055653908813,38089.0,121798.37450062213, 0.0, 0.0,0.0,NaN, 63.08557222675414,63.08557222675414,6.743495761743046E-7, 71.76555168109488, -14.03782491734631, 0.033043823985105754, -14.03782491734631, 136.41130042935436, -0.15011519925880926, 0.033043823985105754, -0.15011519925880926, 83.1759967595928, 5.963861317904868, 3.909913198259245, 16.0, 0.0
16, 0 ,1.0,1.0,1.0,152.55883733834136,109.98262836655427,10.197404925519654,10.218819238239178,9.52722517512561,5.821611514201397,51.0,49.0,24.0,0.9096798904946063,0.4123570862372517,0.04943814579497059,10.401019749809947,0.412176403045089,-0.9109922868493141,0.014271162316693732,9.338309150101182,-0.05092258440548077,-0.007395047733508969,0.998675224317939,5.805016551641914,48.26391141171564,42.62055352734103,25.366143055508125,14.475050546755153,4.4222571671621465,23429.0,52179.03443501241, 0.0, 0.0,0.0,NaN, 102.26327873532536,102.26327873532536,0.0, 104.42426662380713, 7.848668180319484, 3.664449072097436, 7.848668180319484, 90.7680195375472, 0.8227984038877574, 3.664449072097436, 0.8227984038877574, 33.89116062228228, 6.080683586614386, 3.9403739857708566, 17.0, 0.0
17, 0 ,1.0,1.0,1.0,11.453644461171747,46.70020490946347,14.43524442771714,7.058942197476618,9.289612476877384,8.79327147410693,27.0,46.0,38.0,-0.1814458706324368,-0.8596464808978075,0.4775827927286028,9.561187311834455,0.0404681483761572,-0.49175973784401117,-0.8697900259272894,8.58258894579595,-0.9825679238594359,0.13849291720374643,-0.12401607511509936,6.954858180490209,48.79891642381278,40.96064493911733,30.69560797210172,13.99536604507838,4.19248344057381,23913.0,61355.458294343145, 0.0, 0.0,0.0,NaN, 50.204296546378835,50.204296546378835,0.0, 49.82866494731603, 6.211022336893775, -4.620396083798566, 6.211022336893775, 86.29689997055597, -6.855172194944101, -4.620396083798566, -6.855172194944101, 77.32162321734268, 7.232162916050378, 4.150001698780599, 10.0, 0.0
18, 0 ,1.0,1.0,1.0,62.151224354731966,12.058653209794837,104.90296161482462,10.55018665695299,7.335722450074617,11.90495154211154,50.0,28.0,56.0,0.34625761822153334,0.15009903182413908,0.9260539630437351,12.257774907794367,-0.9302576334122776,0.182622458292084,0.318229120612091,10.342149711322133,-0.12135236834005171,-0.9716580254250013,0.2028651875641762,7.0451421021543545,60.28898403786667,51.059544382119725,34.913468118346465,16.655044403318637,5.427396199335049,36264.0,107475.10844914979, 0.0, 0.0,0.0,NaN, 114.24374169142851,114.24374169142851,0.0, 111.3064384965489, -4.509421304944715, 15.293297995375632, -4.509421304944715, 53.81282386452874, 17.317571162731088, 15.293297995375632, 17.317571162731088, 141.72787122002393, 5.594475772445489, 3.6932880458740236, 18.0, 0.0
19, 0 ,1.0,1.0,1.0,191.68630660120022,134.67790507364975,118.65657392253136,4.885599395040687,9.74647068203949,9.722284268291668,19.0,47.0,46.0,0.03373765706961003,0.7100331877801305,0.703359540168639,10.85626803157634,0.011297482165107824,-0.7039861482903248,0.7101238412503001,8.471787615813447,-0.9993668682681963,0.016011722772343237,0.03177243052835529,4.873996575426825,49.129826518192544,45.280522593021104,20.13403713126354,13.876969280726804,4.562379552373231,18330.0,44790.66664150554, 0.0, 0.0,-1.4210854715202004E-14,45.30283430382235, 104.65584813815693,104.65584813815693,0.0, 23.869081448821927, 1.8723379254493338, 2.618237864405636, 1.8723379254493338, 94.99369075585534, 22.992002860808817, 2.618237864405636, 22.992002860808817, 94.52281139347167, 6.14058564163529, 3.8505180386865243, 7.0, 0.0
20, 0 ,1.0,1.0,1.0,11.657760609474757,153.37657599656634,188.09319169483342,7.311674609568891,9.983155008837345,6.081484028327686,29.0,56.0,23.0,0.10329947964933,0.9942083337239445,0.029648046445504117,10.010854201786668,0.992661720655407,-0.10493105489495803,0.06010143146446533,7.281537471928761,-0.06286434481981143,-0.023222034202206643,0.9977518786140609,6.072102412588307,56.6790134385887,31.337064633225168,24.286032961858098,13.119444143863786,4.241297309731112,18639.0,43135.732342209994, 0.0, 0.0,0.0,NaN, 49.51180800826969,49.51180800826969,0.0, 53.4605855962144, 4.823551600520257, 1.1575443865734474, 4.823551600520257, 99.66338393047417, 1.7653783729794692, 1.1575443865734474, 1.7653783729794692, 36.98444798680474, 6.181021321564313, 4.068383784364488, 8.0, 0.0
21, 0 ,1.0,1.0,1.0,8.5133185883258,19.16237138186364,55.21146264063852,5.3641140129306075,10.35381543114808,9.614559439317143,21.0,42.0,45.0,0.004674789727504576,0.9486335570735468,0.316342410585419,10.442097241495965,-0.05867966254661376,0.3160609785676928,-0.946922465162934,9.529952757659869,-0.998265918252456,-0.014136202489448038,0.05714301562534288,5.343928515060293,44.642711315017195,44.33387371600239,21.82456009270919,14.362263781139893,4.705352847461347,20798.0,43194.82725253206, 0.0, 0.0,-7.105427357601002E-15,71.55812707262946, 59.059111721066564,59.059111721066564,9.5367431640625E-7, 28.77371914371851, -0.7978400265783469, 3.5786337555795016, -0.7978400265783469, 107.20149398228011, 5.517207936463292, 3.5786337555795016, 5.517207936463292, 92.43975321216237, 5.510953734227185, 3.77713842224952, 11.0, 0.0
22, 0 ,1.0,1.0,1.0,123.09700928765054,10.606496911522909,145.84873128027374,8.920245428585467,6.520657680605043,9.3325232822416,42.0,26.0,45.0,-0.6331757293214244,-0.07274405025104687,0.7705821169423509,10.096184910381847,-0.7600924415397725,-0.1294961620886098,-0.6367811431869095,8.09002458608092,-0.14610946619705834,0.9889080074291005,-0.02670162411197077,6.4656243595958385,47.70078858429882,42.757016902798995,27.713891969204948,13.84399223328361,4.18683949444,22503.0,56523.686113022304, 0.0, 0.0,0.0,NaN, 94.65161203695297,94.65161203695297,NaN, 79.57077850619991, 5.096787861269418, -17.8935155483643, 5.096787861269418, 42.51897658763354, -1.4208098703806316, -17.8935155483643, -1.4208098703806316, 87.09599081358154, 5.858300180991257, 3.792048912099145, 9.0, 0.0
23, 0 ,1.0,1.0,1.0,57.06194771511855,151.82372787991463,19.342078083040693,8.645660965834391,11.453713235556375,11.714938026450204,41.0,52.0,46.0,0.17632629450410212,0.5836914206785452,-0.7925991189073539,12.423914583178878,0.2578360166043714,-0.804488652043754,-0.5350874669382694,10.961835978027775,0.9499629605453271,0.1100106093023951,0.2923491738193776,8.286089053514434,61.06363149185034,57.97782221005636,43.339893629169126,17.6610395192467,5.591283974340233,43569.0,153437.8016931252, 0.0, 0.0,0.0,NaN, 77.14360023360254,77.14360023360254,0.0, 74.74745353615248, -1.863302842568996, -19.081853353213262, -1.863302842568996, 131.1875468823593, -17.474668693847928, -19.081853353213262, -17.474668693847928, 137.23977296356898, 5.372252370603412, 3.612992132827602, 12.0, 0.0
24, 0 ,1.0,1.0,1.0,139.66563861158457,36.32700267835403,35.26307388469551,8.741008694995777,8.987232718498227,11.217661990042044,39.0,45.0,57.0,0.21395119663255066,0.407004036664564,0.8880161032313831,11.827641531550395,-0.8224049407187374,-0.4155134527751753,0.38858549129408143,8.7103803542984,-0.5271385007196023,0.8134471615917058,-0.24582253020723593,8.200469215225894,58.4882101839451,41.756405809202036,41.48662404325332,16.106594532069387,4.856865042882704,36963.0,101321.01620915573, 0.0, 0.0,0.0,NaN, 78.7614795921112,78.7614795921112,0.0, 76.40523300599179, 9.272554340875393, 11.046352572598277, 9.272554340875393, 80.77035193644504, 24.863653544238126, 11.046352572598277, 24.863653544238126, 125.83594052283404, 5.473764288896471, 3.526303150775012, 16.0, 0.0
25, 0 ,1.0,1.0,1.0,71.0798342622042,63.873595751510024,46.78045577893846,9.095343065857797,9.25625639334847,9.582684756290671,42.0,39.0,51.0,0.4640928723816326,0.5803743720049427,0.6691661932019835,10.019429063673423,-0.48276629469115995,-0.4676618427359019,0.7404249493088604,9.217295150396701,-0.7426671599813294,0.6666768251324844,-0.06314665720794314,8.65354877446169,54.10037972452437,48.092796849071256,44.47418251130192,15.510174730874358,4.434622290705392,34271.0,115714.6434960226, 0.0, 0.0,0.0,NaN, 106.39826180842879,106.39826180842879,0.0, 82.72526548564751, 9.14428648197801, 4.319531761221576, 9.14428648197801, 85.67828241940445, 6.416793628267715, 4.319531761221576, 6.416793628267715, 91.82784713844562, 5.631144461464532, 3.6120996881603022, 23.0, 0.0
26, 0 ,1.0,1.0,1.0,92.17835820895522,126.70788059701492,77.17307462686567,8.968301241331417,8.185311415628528,10.294418881069364,43.0,39.0,48.0,-0.10447291056296232,-0.10381320752625783,0.9890946511338604,10.327796558989787,0.9879033919939312,0.10376460747301408,0.11523798992891332,8.962456664669324,-0.11459624359196222,0.9891692090734931,0.09171682929283095,8.149588885032534,46.84772668193741,42.66442830577327,39.44861027400364,15.341294877625186,4.2484681595542,33500.0,78847.17905133635, 0.0, 0.0,0.0,NaN, 140.79867874395578,140.79867874395578,0.0, 80.43042715526666, 1.8624004009801225, -2.5753767431499064, 1.8624004009801225, 66.99932297081868, -3.9663370657162265, -2.5753767431499064, -3.9663370657162265, 105.97506009891742, 5.756688810217736, 3.625109485502737, 19.0, 0.0
27, 0 ,1.0,1.0,1.0,67.53392085134686,190.3594113734619,72.62874127036913,10.125095344128344,5.604972676923186,10.189763524748665,51.0,23.0,46.0,-0.6848172290362116,0.04109963287919665,0.7275549346904053,10.723583428433919,0.728587265876202,0.019933506418673204,0.6846628742124821,9.566556463125035,-0.01363667181556013,-0.9989561929829814,0.04359547777858088,5.590197762002815,46.3377366482841,48.03427524770976,23.646246739434787,14.684937891121173,4.70288786395668,24056.0,52631.80645183606, 0.0, 0.0,0.0,NaN, 99.64288972696615,99.64288972696615,1.9073486328125E-6, 102.51755572768947, -1.4817625407692558, -11.661022317784463, -1.4817625407692558, 31.41571870905546, 3.326692009327743, -11.661022317784463, 3.326692009327743, 103.83128069029833, 5.371884906668827, 3.6631624113605445, 15.0, 0.0
28, 0 ,1.0,1.0,1.0,100.75732012486134,19.412713154296622,102.30237597709156,9.92165750938423,9.654645088580034,10.404088111556193,45.0,41.0,51.0,-0.582716736170575,0.3369922497256735,0.7395116151971803,11.94718679697652,-0.499733041087808,-0.8661789711155257,9.368256938359866E-4,9.51539661009015,0.6408651129776406,-0.3690124843715709,0.6731431447664588,8.16201347363644,59.60323840168874,47.50786762753778,43.29366999646655,16.540244507591254,5.129992259456617,38763.0,122591.34133285099, 0.0, 0.0,0.0,NaN, 140.60863657873875,140.60863657873875,0.0, 98.43928773352049, -4.591301172704156, -32.8118966329618, -4.591301172704156, 93.21217178644257, 18.94963210067575, -32.8118966329618, 18.94963210067575, 108.24504943302492, 5.408024433201146, 3.4115150882712215, 19.0, 0.0
29, 0 ,1.0,1.0,1.0,125.96577612246693,74.80031672483064,165.65893427959764,9.01732508549877,9.048392592280893,9.369613322963046,44.0,43.0,44.0,-0.4905940571382489,-0.3537980981911378,0.7963318258219789,9.752410688481149,0.5004278059381004,-0.8625312548684387,-0.07491225146166659,8.991845728353999,0.7133649011162602,0.36175508302083453,0.600203113757316,8.660970510522262,48.16885458911035,43.42253830424613,44.986694220666635,15.29261629035297,4.1365566621880046,34099.0,94094.79645257947, 0.0, 0.0,0.0,NaN, 110.70439233425502,110.70439233425502,0.0, 81.3121516975654, 0.9671535710102176, -8.07041331698025, 0.9671535710102176, 81.87340850404374, -5.284768365354336, -8.07041331698025, -5.284768365354336, 87.7896538218466, 5.598892849141361, 3.636843328885854, 18.0, 0.0
30, 0 ,1.0,1.0,1.0,44.538389744434376,56.685250761755746,171.59768316451178,9.049086028103178,11.485632941550566,8.025590511755148,44.0,53.0,40.0,0.23387611173235157,-0.9687430433193793,0.08269752342884532,11.634715702232796,0.9477161858368192,0.24613769260746055,0.20310161836082888,8.92230099393133,-0.2171082574750878,0.030873164693357658,0.9756591885684001,7.952468835294327,50.68841008058203,45.847292466095,37.601221443733635,16.003108734897978,4.702800856239327,36429.0,87382.46974166998, 0.0, 0.0,0.0,NaN, 77.48275560777202,77.48275560777202,0.0, 81.88595794401213, -12.523424282585692, 4.545077825205976, -12.523424282585692, 131.91976406803153, -4.959975976164839, 4.545077825205976, -4.959975976164839, 64.41010306237426, 5.469722530386248, 3.527810165277793, 21.0, 0.0
31, 0 ,1.0,1.0,1.0,188.71748213304014,180.1197910940077,188.12990654205606,6.517988559272487,11.19966713753323,7.05624942169087,26.0,48.0,28.0,-0.04246636541714227,-0.970521618226957,0.23724332732952944,11.414343794755244,0.6056387956842605,-0.2138616981471453,-0.7664625386982313,6.995222088967058,-0.7946057242245215,-0.11113488480107335,-0.5968674730707614,6.20378903675982,52.363810261636914,39.66787734723138,32.96712172015765,13.799235924236285,5.223836009937715,18190.0,68478.02620813984, 0.0, 0.0,0.0,NaN, 25.756883240494915,25.756883240494915,0.0, 42.48417485880703, 2.430489633430704, -5.773964281493923, 2.430489633430704, 125.43254399154179, -19.424687540139534, -5.773964281493923, -19.424687540139534, 49.790655901112736, 6.098584442872015, 3.8932071510031334, 8.0, 0.0
32, 0 ,1.0,1.0,1.0,87.8322688386265,75.72307512012188,97.51031290284777,10.514042134598768,8.619970642850836,9.323218348970943,48.0,43.0,45.0,0.8692529784968849,0.21302411807790592,0.44611655931093164,10.999774333084243,-0.47445267849398237,0.10592731436582475,0.8738844660143179,8.875331732852764,-0.13890253865275284,0.9712878714306967,-0.19314749692254993,8.48556583424787,50.25796514288757,47.758972006461015,42.535507769807936,15.821909333239287,4.630179405278451,34132.0,102096.65008060158, 0.0, 0.0,0.0,NaN, 151.5148595927134,151.5148595927134,0.0, 110.54508200811821, 8.731530676863299, 16.192240166670693, 8.731530676863299, 74.30389388361026, 5.282095322797271, 16.192240166670693, 5.282095322797271, 86.92240038258849, 5.851720693872316, 3.592268548630517, 22.0, 0.0
33, 0 ,1.0,1.0,1.0,143.19497732821765,71.26305609284333,115.9110568538542,9.231606937525651,9.649558702430499,8.260375608667939,42.0,42.0,39.0,-0.4781462380400114,-0.8539678238760591,0.20521971355738106,10.044605749588154,0.8240784308791093,-0.35540524730329526,0.4411143275264465,9.111073153333034,-0.3037612793099382,0.3800342957861466,0.8736721462987805,7.916097291396489,46.183133460232256,45.06024367731047,41.480311843768746,15.108770355608964,4.277313799381965,31537.0,86321.49326042472, 0.0, 0.0,0.0,NaN, 124.00074243273377,124.00074243273377,0.0, 85.22256664897174, 9.650647432701458, 3.645144161006216, 9.650647432701458, 93.11398315165216, -9.889657470893477, 3.645144161006216, -9.889657470893477, 68.23380519627624, 5.589452382665796, 3.5765335355090535, 19.0, 0.0
34, 0 ,1.0,1.0,1.0,146.47346101610356,106.95260400787161,84.73979323151973,9.314799849820448,9.695618364085853,9.905749442968883,43.0,50.0,45.0,0.30050691609072705,0.6849912090679384,0.6636886595997292,10.59054752462161,-0.7090486681096155,-0.30496831651030026,0.635802101425321,9.575886874045475,-0.6379228633883733,0.6616504888719705,-0.3940470161565256,8.66239444006719,53.364284392446706,49.824025362417224,43.44125031916298,16.006165921411977,4.764140659900735,36079.0,115502.615437599, 0.0, 0.0,0.0,NaN, 136.761620469455,136.761620469455,0.0, 86.76549624221504, 11.244120356371763, -0.10696382884281296, 11.244120356371763, 94.00501546199882, 13.646249796998253, -0.10696382884281296, 13.646249796998253, 98.12387202687835, 5.230490837633691, 3.4141949452786062, 23.0, 0.0
35, 0 ,1.0,1.0,1.0,9.191866325502055,98.1104520431108,112.75533069706134,6.094648567626475,10.05534487416828,10.757512674136546,25.0,49.0,58.0,-0.0056807760011963965,0.15883877608340682,0.9872881909535584,10.775234723657677,0.07692456403172272,-0.9843091486389056,0.15880211382183235,10.055431489139602,-0.9970207320976598,-0.076848832899909,0.006626963812202548,6.06311758527276,57.89807017964003,50.588415061841914,27.509196032943077,15.105379745980768,5.079988520190379,25794.0,80573.65407137403, 0.0, 1.4210854715202004E-14,0.0,80.86049893230708, 131.61224687858106,131.61224687858106,0.0, 37.14474116287145, -4.944042302913684, 0.34108197178589406, -4.944042302913684, 101.10996053846233, 2.3841227744464177, 0.34108197178589406, 2.3841227744464177, 115.72407893420844, 5.479226772727371, 3.522729690471566, 15.0, 0.0
36, 0 ,1.0,1.0,1.0,116.79912369396698,38.35039985292766,158.03299935655852,9.2188000808919,8.417064701717935,9.660916973987755,45.0,39.0,47.0,-0.6094908575372043,-0.1344602446364153,0.7813074536895693,10.125038683213083,0.6009300535420544,0.5644605025461199,0.5659217364753943,9.057902744801297,0.5171111730841903,-0.8144352544418112,0.2632323137340769,8.03769615199549,50.43782641059752,43.924590620415074,41.06750561596344,15.191896517582874,4.286356273304436,32637.0,90983.45200276723, 0.0, 0.0,0.0,NaN, 100.76888473123964,100.76888473123964,0.0, 84.98627493145248, 9.022986838122222, -12.122273990207457, 9.022986838122222, 70.84697819290602, 1.5885534625852928, -12.122273990207457, 1.5885534625852928, 93.33331677828473, 5.2934296952617785, 3.406671204188055, 14.0, 0.0
37, 0 ,1.0,1.0,1.0,180.95386509108815,160.26932545544068,8.110241260462827,10.216971070852942,9.3255756333898,5.433172041739826,44.0,48.0,21.0,-0.9813367618323612,0.18988971870308052,-0.03033240193654961,10.255857430633926,-0.1874285429952828,-0.9797865170895105,-0.06992082808628512,9.301643454807499,-0.0429965248251622,-0.06293072111831749,0.99709128127393,5.4008364716968105,46.67993435600522,44.2911645077491,22.583334649685288,14.085705934437229,4.739736861939877,20310.0,46691.2397741038, 0.0, 0.0,0.0,NaN, 44.80019830354636,44.80019830354636,0.0, 104.38649786264591, -3.63277410380365, 3.0142440207313417, -3.63277410380365, 86.96636089407356, 3.491185637876345, 3.0142440207313417, 3.491185637876345, 29.519358435143303, 5.8064203947811865, 3.6002843115226053, 12.0, 0.0
38, 0 ,1.0,1.0,1.0,55.444308516835605,82.38917045322148,71.90064662705348,10.349882994491484,8.663662601859285,9.175664885957737,52.0,42.0,46.0,0.8700959337940012,-0.15921494544531456,0.4664586446213542,10.916750852642823,-0.2250296707421107,0.7136734195468227,0.6633490012942227,8.974337376203009,0.4385142110363616,0.6821443039263692,-0.5851362536537684,8.164421183239197,53.49321540674171,40.68254365673346,42.158960946448325,15.656902757016445,4.607965910817056,34332.0,91748.02016860491, 0.0, 0.0,0.0,NaN, 122.60403639468174,122.60403639468174,1.9073486328125E-6, 107.12007799966399, -9.50464307623909, 19.242966805048628, -9.50464307623909, 75.05904967885519, 2.671107433762666, 19.242966805048628, 2.671107433762666, 84.19282609939779, 5.232937017124314, 3.33849288674139, 22.0, 0.0
39, 0 ,1.0,1.0,1.0,154.5184418677175,179.53794687154482,136.7855867093811,9.415010616133813,11.110881599029012,8.714053040293114,47.0,49.0,43.0,0.0690484088152406,0.9683298239204737,0.2399368028173814,11.257552582316627,-0.9974625435442145,0.0711927050147108,-2.7014624695087427E-4,9.40556635147969,-0.01734334069289338,-0.23930932045959236,0.9707884721579558,8.534147096393681,53.6571919250554,47.52282462294522,40.509938951882646,16.18116524843262,5.118469146290353,35273.0,103297.96726947096, 0.0, 0.0,0.0,NaN, 80.51912689572018,80.51912689572018,0.0, 88.6424249019124, 2.493764793469777, 0.8972011409731879, 2.493764793469777, 123.45168990764151, 12.522906817948419, 0.8972011409731879, 12.522906817948419, 75.93472038904167, 5.268667813661813, 3.4821727631823087, 17.0, 0.0
40, 0 ,1.0,1.0,1.0,133.77352318045862,137.37126121635094,18.30795114656032,9.250839908242813,8.291058536134308,9.677704799128088,47.0,39.0,38.0,-0.2035883705278885,0.04909668805728193,-0.9778247750019455,9.707402529170988,0.9228064570267416,0.3432771249178592,-0.1748972795039432,9.359375887182917,-0.3270780002622485,0.9379500683564852,0.11519397125941296,8.13302403633938,42.84341258825729,49.630366184423735,40.716872698052754,15.149024292101839,4.299386448544384,32096.0,86577.6811884139, 0.0, 0.0,0.0,NaN, 92.9703513424825,92.9703513424825,0.0, 85.5780390079379, 6.514727622808188, 2.129252769327861, 6.514727622808188, 68.74165164960559, -2.636357984247536, 2.129252769327861, -2.636357984247536, 93.65797017906685, 5.366157700311382, 3.3991186001071956, 13.0, 0.0
41, 0 ,1.0,1.0,1.0,15.495409979391745,152.74511334540685,56.709111347030536,9.490235354238553,8.26570473306586,9.694316323424278,35.0,40.0,50.0,-0.29279954957999493,0.1775753690247026,-0.9395400002562388,9.740390469101364,-0.9384695794771974,0.13484038564001669,0.3179511264272288,9.511786454941772,-0.18314822456590746,-0.974825655548823,-0.127167877713531,8.186386427276853,49.99904412173554,45.67937936482794,37.452188726146545,15.25294303200061,4.440038249185248,32026.0,85538.00153364682, 0.0, 0.0,-7.105427357601002E-15,20.02555159043151, 75.42582682965953,75.42582682965953,0.0, 90.06456707883936, -4.416816597084405, 0.664405151065236, -4.416816597084405, 68.32187473422735, -3.6421821043587435, 0.664405151065236, -3.6421821043587435, 93.97976897861041, 5.605947943403735, 3.645171148966159, 16.0, 0.0
42, 0 ,1.0,1.0,1.0,117.8230427619798,89.44144402263449,63.20363870782895,8.336476232912327,8.728445390490917,8.682214613494187,39.0,42.0,39.0,-0.4087448667036308,-0.7154391095110171,0.5666343746416329,9.295667487380276,-0.5156459985172862,-0.33123493988841163,-0.790185180075045,8.408833176205052,-0.7530184846048217,0.6151668840072616,0.2335227326498524,7.996595281135644,49.489231152508914,41.48111549867551,40.46542595534578,14.337300509834911,3.9376718504919554,27922.0,83070.19882415305, 0.0, 0.0,0.0,NaN, 136.92159857255257,136.92159857255257,0.0, 69.49683598191211, 7.724273867052379, -2.4472394937547417, 7.724273867052379, 76.18575893478214, -7.3365822904053895, -2.4472394937547417, -7.3365822904053895, 75.38085059477203, 5.293252562825057, 3.3864560906355328, 15.0, 0.0
43, 0 ,1.0,1.0,1.0,185.99232752657065,22.424438714546255,176.718759826426,8.270230264753883,11.034846735229449,9.168078474290207,33.0,48.0,49.0,0.09978929898666375,0.9935344012495592,-0.05414322987623265,11.062535167103677,0.22625162223299905,-0.07564654767015937,-0.9711270788431978,9.214935233632213,0.9689439092355588,-0.08465809683229741,0.23233748598977055,8.18067835386263,50.80861101086282,54.223546497298784,39.22277380066677,15.770485840706037,5.050741565442709,31802.0,108059.64714563188, 0.0, 0.0,0.0,NaN, 35.22905737888748,35.22905737888748,0.0, 68.39670863205107, 5.190225867755141, -4.25270808761555, 5.190225867755141, 121.76784247000404, -1.661462176501402, -4.25270808761555, -1.661462176501402, 84.05366291074345, 5.43745160294954, 3.426685772662189, 7.0, 0.0
44, 0 ,1.0,1.0,1.0,182.04271731380047,94.17868023594995,79.9542360796007,9.436474478295132,8.491230163458713,9.505542117990933,38.0,43.0,43.0,0.6678530138374448,-0.23300858139622777,0.706880013088473,10.616889544055358,0.5914944409008375,0.7426383743428109,-0.31404230819568385,8.465025343030035,-0.4517816710443751,0.6278497001266979,0.633796557074246,8.193190683514771,54.52421298310625,50.65221719236368,47.33712530096267,15.201874425809821,4.517342710838358,30854.0,130734.36038886046, -2.8421709430404007E-14, 0.0,1.4210854715202004E-14,68.81066372206524, 124.83896699160049,124.83896699160049,0.0, 89.04705057951539, -5.105383436539266, 20.681510236828, -5.105383436539266, 72.10098968883109, -8.565168325236268, 20.681510236828, -8.565168325236268, 90.35533095689954, 5.505058452836653, 3.3843766268810684, 13.0, 0.0
45, 0 ,1.0,1.0,1.0,28.26907018357744,152.0870833057194,129.45354231559415,10.66811946646662,8.386077874066093,8.248697004018645,58.0,41.0,41.0,-0.9701772871928546,0.240896671435227,-0.026922576149806032,10.797170972362983,-0.18702707817055503,-0.6732783719240123,0.7153440472460346,8.738945365811245,0.1541976116744318,0.6990457979208378,0.698253584998402,7.6959736363724325,56.83284372850544,45.20272409334534,38.936062663279074,15.177394922276251,4.671483779066542,30178.0,100026.7198487294, 3.552713678800501E-15, 0.0,0.0,14.028023137005828, 89.84203140521014,89.84203140521014,NaN, 113.80877295080407, -11.245182465453054, -0.7953066340587475, -11.245182465453054, 70.32630210990087, -8.627573371508491, -0.7953066340587475, -8.627573371508491, 68.04100226410615, 5.320395245299803, 3.420498981302342, 20.0, 0.0
46, 0 ,1.0,1.0,1.0,17.19105628845153,134.65783110403723,12.219521900156101,9.78079576516483,10.648139486988084,8.010731662368146,41.0,52.0,32.0,-0.4459999499932882,0.8714858239029832,-0.20395220847571705,11.185243354351003,-0.8714817475738028,-0.37090960353200175,0.3208514136690748,9.48733759558997,-0.20396962580662636,-0.3208403415156376,-0.9249096534280709,7.6222974588991415,56.074590043661175,48.114313752284986,37.09489393668534,15.765851186372952,4.965541105441678,32671.0,100081.66843097232, 0.0, 0.0,0.0,NaN, 68.66183923992736,68.66183923992736,0.0, 95.66396579986628, -15.731051444749244, -2.827163407938994, -15.731051444749244, 113.38287453435484, -15.708027445690549, -2.827163407938994, -15.708027445690549, 64.17182176646753, 5.683442390662704, 3.5003805104401877, 11.0, 0.0
47, 0 ,1.0,1.0,1.0,181.08044695850865,84.2281327500209,18.16685707916516,10.58491762946112,9.860476879752879,8.81566908380785,45.0,47.0,42.0,-0.8385273490908245,-0.5276809213270852,0.135737725390228,11.1027943881042,0.49470999901895085,-0.8417420201689287,-0.21617675257205635,9.347636893888406,0.2283284951498259,-0.11411930927467513,0.9668727328626486,8.73699880904889,53.80980346762556,50.991069248903464,46.430357332048224,16.201272746095736,4.950178615003437,35887.0,127396.51588784184, 0.0, 0.0,0.0,NaN, 88.21769964117044,88.21769964117044,0.0, 112.04048122247684, 16.169821404706045, -6.523357103896895, 16.169821404706045, 97.22900429614108, -1.3524412435458149, -6.523357103896895, -1.3524412435458149, 77.71602139520553, 4.693263903910887, 3.2183620278139498, 16.0, 0.0
48, 0 ,1.0,1.0,1.0,150.29411987572934,112.72868833825869,35.880389482458135,9.607650812435569,8.778180758094155,7.374509973396942,44.0,42.0,35.0,-0.9836977450287612,0.1797368968612292,-0.005778782919110937,9.63511624993752,0.17967082764125095,0.9836714926640292,0.010430158907173288,8.748236421121824,0.007559108415568088,0.009221845087442226,-0.9999289061994082,7.374259506794352,45.24062310755944,41.736607343633665,35.192078625543644,14.375681096019512,4.133594311098865,26394.0,66449.33525527173, 0.0, 0.0,0.0,NaN, 106.65063857053103,106.65063857053103,0.0, 92.30695413369386, -2.8841709316474273, 0.26011731634756136, -2.8841709316474273, 77.05645742177448, 0.18733307129963, 0.26011731634756136, 0.18733307129963, 54.38339734773098, 5.725350759083948, 3.6338028968051552, 11.0, 0.0
49, 0 ,1.0,1.0,1.0,32.284336560157215,180.75904359851518,43.530060411965934,9.894665919402268,8.079833187209339,8.375083814474461,43.0,38.0,38.0,0.8918139991553846,0.09604171157404705,0.4420902402772614,10.294277315634236,0.35991895239826105,-0.7426703954613362,-0.5647114585430696,8.63078729701276,0.2740914785523579,0.6627342403582527,-0.6968910876469522,7.271004887340112,46.174512463508385,43.318986318681056,35.42856758722655,14.674603248873876,4.241010065694731,27478.0,70865.39264102421, 0.0, -2.8421709430404007E-14,7.105427357601002E-15,89.19505453255258, 57.50964223365285,57.50964223365285,0.0, 97.90441365658074, -1.2313635503020164, 16.542275202027596, -1.2313635503020164, 65.28370433312942, 11.323332483718872, 16.542275202027596, 11.323332483718872, 70.1420288994721, 5.173304145262963, 3.4305413859421083, 14.0, 0.0
