// Sample: .//bubblelabels.tif, Map: .//bubblelabels.tif, Thickness:(8.191250068658265):/gpfs/home/mader/Foam/NewValid/InSilicoTest/LatticeData_Phi_6.65/out_Step_06000.vtk/distmap.tif, Neighbors:(1.0):
//LACUNA_NUMBER, TRIANGLES, SCALE_X, SCALE_Y, SCALE_Z, POS_X, POS_Y, POS_Z , STD_X, STD_Y, STD_Z,PROJ_X, PROJ_Y, PROJ_Z, PCA1_X, PCA1_Y, PCA1_Z, PCA1_S, PCA2_X, PCA2_Y, PCA2_Z, PCA2_S, PCA3_X, PCA3_Y, PCA3_Z, PCA3_S,PROJ_PCA1, PROJ_PCA2, PROJ_PCA3,OBJ_RADIUS, OBJ_RADIUS_STD, VOLUME, VOLUME_BOX, Mask_Grad_X,Mask_Grad_Y,Mask_Grad_Z,Mask_Angle, Mask_Distance_Mean,Mask_Distance_COV, Mask_Distance_STD, SHAPET_XX, SHAPET_XY, SHAPET_XZ, SHAPET_YX, SHAPET_YY, SHAPET_YZ, SHAPET_ZX, SHAPET_ZY, SHAPET_ZZ, Thickness, Thickness_STD, Neighbors, Neighbors_STD
1, 0 ,1.0,1.0,1.0,182.34666014707435,34.796742121360296,20.812504194590655,11.793922298690179,18.11090392866704,13.947938670795104,50.0,81.0,65.0,0.17648386892496962,0.9760092798006034,0.12751207688835547,18.280980225156316,-0.4836965323984274,0.1988199690017294,-0.8523545532651824,14.949684403443468,-0.8572579008414044,0.08874967982623443,0.5071808215772058,10.196035293686121,92.14798063304335,77.90531998198983,56.70108305928214,24.357072001179166,8.26918865395193,104301.0,407046.7509742586, 0.0, 0.0,0.0,NaN, 44.22232469096573,44.22232469096573,0.0, 139.09660318754143, 28.162569823088695, 54.46273080637896, 28.162569823088695, 328.00484111340717, 8.396612582097232, 54.46273080637896, 8.396612582097232, 194.54499316426148, 10.109368123526924, 7.033986063653941, 8.0, 0.0
2, 0 ,1.0,1.0,1.0,60.57457909408589,82.76395693528364,32.94922622229487,16.580302932056295,18.159405577181968,17.55721948683989,80.0,86.0,72.0,-0.04337283353468931,0.7974249486751076,0.6018573323817483,18.88951942114691,-0.5892899614445708,-0.5068874300596875,0.6291283450840074,16.997625542873106,-0.8067565547622333,0.3273814052110893,-0.4918996613844982,16.346045218547328,95.5628471650585,88.86995837506396,81.5181524785336,29.07556908753075,8.218132061524587,226357.0,692306.4622973416, 0.0, 0.0,0.0,NaN, 107.72559449201994,107.72559449201994,1.3486991523486091E-6, 274.90644531875455, 3.389984674637935, -10.394188659823351, 3.389984674637935, 329.7640109165876, 36.08384170605354, -10.394188659823351, 36.08384170605354, 308.25595610907044, 10.492847214758214, 6.718043404898847, 21.0, 0.0
3, 0 ,1.0,1.0,1.0,56.479328266809034,151.7674606663945,14.365229406776999,15.789666192950845,21.71949511661729,9.60140899422949,81.0,89.0,41.0,0.19401071887448262,-0.9807682040677572,0.021297202903511923,21.925644380530112,0.9653714806558003,0.19473466710545037,0.173598138710522,15.66066567090635,-0.17440683845031663,-0.013120187385710136,0.9845862660959317,9.34059690398166,95.96060767741963,72.76660722214712,44.321482062234104,26.895854546385298,9.478928710551742,127372.0,309484.84704558505, 0.0, 0.0,0.0,NaN, 75.64821338238667,75.64821338238667,0.0, 249.31355848481485, -45.168104262046484, 28.106166575291606, -45.168104262046484, 471.7364681207622, -2.8774006076741734, 28.106166575291606, -2.8774006076741734, 92.18705467447091, 9.986638016192712, 6.651494729933178, 12.0, 0.0
5, 0 ,1.0,1.0,1.0,167.42379283755162,184.94262623107633,82.61293691618432,17.808504343081896,8.599487429423693,17.4213448202371,73.0,35.0,80.0,-0.762050336965967,-0.020927007093867106,0.6471795301955634,18.81602460787107,0.645191811431567,0.0600996592189613,0.7616531739731798,16.353230161772487,0.05483439059304406,-0.9979729912857656,0.032297031944615855,8.551394480672133,87.02855027268716,79.11276850953934,36.60105305775366,24.973592009072604,8.42122131857104,102451.0,252000.7959587226, 0.0, 0.0,0.0,NaN, 90.07125581352396,90.07125581352396,9.5367431640625E-7, 317.1428269375668, 12.014104833521612, -43.061009604854334, 12.014104833521612, 73.9511840488161, 5.0895827585219005, -43.061009604854334, 5.0895827585219005, 303.503255345602, 10.689708267077652, 6.805785379220887, 12.0, 0.0
6, 0 ,1.0,1.0,1.0,14.429519983420217,113.20181102236677,142.30187957338944,9.232314267249356,17.888807287030147,19.688015575810443,37.0,91.0,103.0,-0.04678272337728126,0.21640434349624268,0.9751823095756834,19.786688139135563,0.05461687525072835,-0.9742366982955057,0.21881465360463623,17.818096623920688,-0.9974108349778695,-0.06349815595929377,-0.033758116927904445,9.157806253701338,97.12947946626798,93.71939073027288,39.428845911351814,26.597038703132455,9.244487136626411,125454.0,358917.4580160942, -1.7763568394002505E-15, 0.0,0.0,87.31856868200165, 105.21981637273707,105.21981637273707,0.0, 85.23562672925601, -15.545439658681502, -11.243426122818631, -15.545439658681502, 320.00942615250284, 15.12171802382537, -11.243426122818631, 15.12171802382537, 387.61795731335457, 11.306771464624601, 6.896747219216479, 16.0, 0.0
7, 0 ,1.0,1.0,1.0,57.86256338394418,148.7746420883836,184.70050996085004,18.51732093464464,22.225090616519925,8.796987911563896,92.0,94.0,39.0,0.09188215529259353,0.9945059353622243,0.050155897640203666,22.281917582462665,0.993717410455929,-0.08834406453164718,-0.06870978401065336,18.511768173809845,0.0639013121582824,-0.056153991766703215,0.9963751058276771,8.66391434357553,97.40077204167935,91.26492751777751,43.227103990928356,28.3395667367966,10.540482958381222,138442.0,384257.5889168801, 0.0, 0.0,0.0,NaN, 78.77936233552673,78.77936233552673,0.0, 342.8911745966287, 15.013992249575141, -16.33064674719322, 15.013992249575141, 493.954652912522, 22.645087547627348, -16.33064674719322, 22.645087547627348, 77.38699631620132, 9.273367774858356, 6.403719575772739, 18.0, 0.0
8, 0 ,1.0,1.0,1.0,183.22321369772803,176.27487652288443,136.79108769619143,11.018640726209831,14.63879971738213,15.331931080941802,45.0,61.0,75.0,0.0024039801514203415,0.5534680861566196,0.8328669152304946,15.865347181118668,-0.37565171418241006,0.7723701839539724,-0.512181694880561,14.582313981572328,0.9267577949557524,0.311636609763738,-0.20976799790176603,10.316001602126503,79.03656218335064,74.2453746214295,56.417359947860575,22.73981212594626,7.326251139997351,91110.0,331062.66297603137, 2.8421709430404007E-14, 0.0,0.0,89.86226195062271, 69.56801446977659,69.56801446977659,0.0, 121.41044345328993, -30.62674968549984, 20.728598941088134, -30.62674968549984, 214.2944571656271, 24.95178355544476, 20.728598941088134, 24.95178355544476, 235.06811067074926, 10.52241800629946, 6.758404123388742, 7.0, 0.0
9, 0 ,1.0,1.0,1.0,81.14320124152647,21.734467447650044,43.11483042170947,17.235752329524733,13.53631121007676,19.79250109867174,92.0,55.0,86.0,-0.3065044017180595,0.06850037496392974,0.9494012588770128,20.10770416702737,0.9489572802851379,0.09994755701768158,0.2991497384923361,16.92912574711285,0.07439846719718245,-0.9926319481439224,0.09563829569116897,13.45848854260537,95.15303019715398,89.09797844227026,60.90712093340581,28.176201249736728,8.840116651720562,185578.0,516367.0772281728, 0.0, 0.0,0.0,NaN, 94.42189780579812,94.42189780579812,0.0, 297.0711583647173, 5.316872299403654, -35.0077251530741, 5.316872299403654, 183.2317211760498, 17.668250001026472, -35.0077251530741, 17.668250001026472, 391.74309974092205, 9.609281049268288, 6.177344736396785, 13.0, 0.0
10, 0 ,1.0,1.0,1.0,51.78744120212173,183.21576140571608,121.74230444790759,14.651327871869091,9.711448871055744,12.70139297322917,61.0,37.0,60.0,-0.9637309947455519,0.024729971065222386,0.2657273006257767,14.806654904941027,-0.26117938063313706,0.11722320822742867,-0.9581461530397957,12.558309739970193,0.05484433333389668,0.9927976369754224,0.1065126805463946,9.661824778243965,62.712173361349656,63.74700518187697,41.32701411134869,20.723678612338762,6.389692936051,69943.0,165213.55149222325, 0.0, 0.0,0.0,NaN, 95.33056511201981,95.33056511201981,0.0, 214.6614084090081, -4.970722948418269, -16.13210985764061, -4.970722948418269, 94.31223917512987, -6.401500027499109, -16.13210985764061, -6.401500027499109, 161.32538346039536, 10.864463524976467, 6.572252114049139, 9.0, 0.0
11, 0 ,1.0,1.0,1.0,169.71135217177803,95.19207178250971,16.606437212624435,16.158745003677208,15.889352511452806,10.426581239617118,68.0,78.0,41.0,0.7923708453990631,0.5969228001384778,0.1258237419424989,16.61893940788092,0.5997934643015617,-0.7999546093841292,0.017900366091676632,15.495972117588671,-0.11133841898780869,-0.061284529858062604,0.9918911043342268,10.294457769183722,81.18426031785609,71.9292970349765,44.47647079304079,23.852330421300824,7.30455290531519,112005.0,259721.54205204063, 0.0, -1.4210854715202004E-14,0.0,53.3501741176911, 101.26552460934262,101.26552460934262,0.0, 261.10504009386307, 16.142356865572864, 18.41040234886026, 16.142356865572864, 252.4715232332116, 10.863271427568824, 18.41040234886026, 10.863271427568824, 108.71359634633562, 9.574509810505475, 6.090025804391656, 12.0, 0.0
12, 0 ,1.0,1.0,1.0,88.50837497820908,178.65046632575977,81.18695159509559,16.39609427008166,11.82044722696954,17.50781107893753,82.0,54.0,83.0,0.6238322697518603,-0.04546113334287807,0.7802349547228848,19.339184215057116,0.7813941179219727,0.015820545555240848,-0.6238372727044098,14.207470324156887,-0.01601660679368803,-0.9988408260045821,-0.04539242903063003,11.799240213633729,87.37395279109882,70.77626965552528,56.033356255016656,25.54724541601199,7.900416469320443,137672.0,346510.4120048017, 0.0, 0.0,0.0,NaN, 121.98711464206036,121.98711464206036,1.9073486328125E-6, 268.8319073134047, -5.884206575582884, 83.74691618347104, -5.884206575582884, 139.7229726455719, -8.945927293076318, 83.74691618347104, -8.945927293076318, 306.5234487757677, 10.344673417977484, 6.323783140627678, 15.0, 0.0
13, 0 ,1.0,1.0,1.0,155.51164414902584,181.8667244659586,181.444536762758,18.096799127785985,11.599394350996636,10.895345222055948,79.0,53.0,48.0,-0.9943449839731988,-0.10025182451438794,-0.03503747320904668,18.166188593604147,0.05457956155720166,-0.7654384599778101,0.6411903270067489,12.82670817748586,-0.0910995296780501,0.6356520555054739,0.7665815938464111,9.285137844984819,79.5644798618323,71.07247626736188,51.031303775194374,22.7778596225745,7.868783038270524,83046.0,288574.09292628587, 0.0, 0.0,0.0,NaN, 51.50082236105566,51.50082236105566,NaN, 327.4941386714356, 21.031234224904537, 11.234263335385323, 21.031234224904537, 134.54594930993267, -37.57787090419806, 11.234263335385323, -37.57787090419806, 118.70854750777737, 10.19443198885988, 6.651458089362983, 8.0, 0.0
14, 0 ,1.0,1.0,1.0,21.511445145220478,44.98295049650019,57.20418778429714,12.405671573316841,16.824787320999658,16.967571057385413,53.0,85.0,82.0,0.28040482524898935,-0.7374425928533079,-0.614452240798969,17.30251412844967,0.06496836032826508,-0.6240845198453506,0.7786511569667479,16.87211737644914,-0.9576806597887111,-0.25825749618392185,-0.12708587463393117,11.86706717093224,85.87203023313538,80.70549487845756,62.43629047413909,25.80714316485828,7.672286806286521,150151.0,432705.01453679474, 0.0, 0.0,7.105427357601002E-15,52.087870093807474, 75.88496035228289,75.88496035228289,0.0, 153.90068718500154, -38.61744311012316, -20.0407949111711, -38.61744311012316, 283.07346839687085, 1.9438413379051986, -20.0407949111711, 1.9438413379051986, 287.8984675874231, 11.042763377015442, 6.264474560681527, 13.0, 0.0
15, 0 ,1.0,1.0,1.0,133.28958757884521,117.92219957949216,116.35840853954392,13.105094103137457,16.33140219146402,18.289304956134984,68.0,82.0,87.0,0.09826779664680568,0.08089466621117389,0.9918666710403999,18.323677101487377,-0.3845556296074188,-0.9161813886132621,0.11282123424212506,16.961395362287945,-0.9178564200785566,0.39251460627250223,0.058922627091116286,12.227460472826392,86.95149968213815,80.77580142728415,66.12963528114838,26.667917070364194,7.859965896768641,154575.0,464466.59014892357, 0.0, -1.4210854715202004E-14,1.4210854715202004E-14,53.17742977956385, 134.84420739989955,134.84420739989955,0.0, 171.74349145208816, 50.16383360972459, 12.15815984825746, 50.16383360972459, 266.7146975393557, 0.6610526999617999, 12.15815984825746, 0.6610526999617999, 334.49867577850375, 9.252372575354734, 6.196511141007874, 26.0, 0.0
16, 0 ,1.0,1.0,1.0,78.15676349150478,91.6548834246828,159.5081544057257,14.12577929226086,17.211239020622152,18.31809348261504,75.0,83.0,83.0,-0.06070719783972439,0.04631468369968672,-0.9970805314538271,18.3379895111317,0.23136802926928715,0.9723697171709698,0.0310800283284085,17.373564276798,-0.9709703760478461,0.22880577615664838,0.0697455778874817,13.899436790246876,85.76684535888947,81.86151693074196,76.19083293687127,27.60642040263901,8.318803437348164,178983.0,534936.1476468843, 0.0, 0.0,0.0,NaN, 127.07748382262595,127.07748382262595,0.0, 199.53764061366576, 24.040441164078544, 9.442350411403009, 24.040441164078544, 296.2267486249866, -3.3242727094659172, 9.442350411403009, -3.3242727094659172, 335.5525488378236, 9.99567823879094, 6.307831913026904, 22.0, 0.0
17, 0 ,1.0,1.0,1.0,119.21963148509808,50.8015453850726,14.4101978432538,16.65144908593119,18.630104647428848,9.453743139061505,77.0,94.0,39.0,-0.5178953549838247,0.8546362362561338,0.037165911318403556,19.718263874560336,-0.8542143825502633,-0.5143340152997719,-0.07601519157304196,15.388838069407246,-0.04584964482360384,-0.07111557061265195,0.996413762292546,9.386082666460602,97.97691883003166,72.31785936586795,42.938990180119504,25.357639506708036,8.409217194403162,117770.0,304243.40067136823, 0.0, 7.105427357601002E-15,-1.7763568394002505E-15,61.736035942953684, 96.50864600022459,96.50864600022459,0.0, 277.2707566613587, -67.75912178763906, 3.868623780134209, -67.75912178763906, 347.08079917415, 15.366045206695693, 3.868623780134209, 15.366045206695693, 89.37325933935246, 9.472784395083321, 5.8923739650011795, 9.0, 0.0
18, 0 ,1.0,1.0,1.0,49.05490080894861,12.989279289202187,119.078924502209,15.741929533854773,8.237432993939754,15.675530780506117,69.0,33.0,72.0,-0.7286626149651616,0.08372524880698495,0.679735887138778,16.75952549083109,0.6729217387984143,-0.09707992197790777,0.73331563613582,14.682734304329301,-0.1273857409785402,-0.9917487441186765,-0.014397969800509945,8.057389881329167,82.24258565285967,77.85909809716655,37.217201416992296,22.46755834438759,7.522947233003354,81711.0,238314.1542513482, 0.0, 0.0,0.0,NaN, 95.51609879778316,95.51609879778316,0.0, 247.80834544884914, -23.01745061119519, -32.61880353094289, -23.01745061119519, 67.85530232964724, 1.5649195073361193, -32.61880353094289, 1.5649195073361193, 245.7222652505947, 8.687217474675654, 5.6914458889533055, 9.0, 0.0
19, 0 ,1.0,1.0,1.0,15.406763340567109,97.94406519020997,23.127276124229315,9.402420880808172,13.220008839008322,14.568062209383841,38.0,61.0,58.0,-0.0650252444981751,0.23016653188191016,0.9709763566531402,14.700281626612334,0.3314466657954744,0.9227749411314456,-0.1965439283033707,13.537801220618647,0.9412304846906605,-0.30904655898636235,0.13629159573382824,8.719647175722962,63.98230583475994,66.40258161859492,44.32023384164812,20.83660262575035,6.421727156797612,69581.0,188298.51494355898, 0.0, 0.0,0.0,NaN, 101.81001504539076,101.81001504539076,0.0, 88.40551841985753, 30.703052886872552, -15.829497939725808, 30.703052886872552, 174.76863370345816, 11.853197836700883, -15.829497939725808, 11.853197836700883, 212.22843653647763, 11.053540891534329, 6.519231159601813, 5.0, 0.0
20, 0 ,1.0,1.0,1.0,186.41076382230744,27.996522850751038,171.9750974752317,8.033457789982176,15.473229721725101,15.10390114666715,32.0,72.0,59.0,0.01015435574206711,0.776159749396012,0.630454544338435,16.17518494626557,-0.04279703278666567,-0.629571994962658,0.7757625391467391,14.359400418339723,-0.9990321831873691,0.03485895259841964,-0.026824436240497625,8.015991736078838,80.76644569416722,73.12336537673448,33.747092734799764,21.929316489656788,7.154732016607196,78225.0,199307.43819609933, -2.8421709430404007E-14, 0.0,2.8421709430404007E-14,79.7906751868917, 41.879204781711145,41.879204781711145,0.0, 64.53644406342531, 5.37993899341219, -3.4487290773301, 5.37993899341219, 239.42083802127706, 27.263435302183037, -3.4487290773301, 27.263435302183037, 228.12782984829323, 8.758064330233747, 5.646570183292616, 9.0, 0.0
21, 0 ,1.0,1.0,1.0,22.763930174395593,178.3275959344185,41.313811019511085,14.715176100106925,12.663438444624125,17.292391375374088,65.0,53.0,74.0,0.3415798564424389,-0.3046649304516817,0.889102064909105,18.407227273903402,-0.9043037114634263,-0.36425723429040596,0.22260158287976384,14.35033779227788,0.25604296339918214,-0.8800545138910292,-0.3999325611572393,11.452845485356137,86.60052629313454,75.77841073153002,66.0498505660706,24.69573339881475,8.126907915790724,118753.0,433448.8584263386, 3.552713678800501E-15, -2.8421709430404007E-14,0.0,70.5941183096084, 51.91069828005079,51.91069828005079,0.0, 216.53640765715807, 3.0169075680234534, 48.015649104620486, 3.0169075680234534, 160.3626732407843, -62.312347394104066, 48.015649104620486, -62.312347394104066, 299.0267994791121, 9.984440586642675, 5.964929082187903, 8.0, 0.0
22, 0 ,1.0,1.0,1.0,110.37126890460745,70.22952049708859,61.42732424088476,13.027333677918286,14.456442735851025,15.692163125057034,61.0,68.0,68.0,-0.22890827615692705,0.2173862712649782,0.948864695397807,15.92787749714626,0.153439314687151,0.9706185494181149,-0.18535373811663955,14.396333796609625,-0.9612790322352824,0.10316414392114905,-0.2555382194385314,12.80595308935109,69.23739526636533,68.41125940396284,58.85126888738847,24.058698958101015,6.7914024558695125,127945.0,278755.94469618937, 0.0, 0.0,0.0,NaN, 129.3785575372363,129.3785575372363,0.0, 169.71142275582397, 1.9792044812010485, -20.714555129864927, 1.9792044812010485, 208.98873657493988, 10.720264147423975, -20.714555129864927, 10.720264147423975, 246.24398354339974, 9.24725219295226, 5.7530051862283855, 10.0, 0.0
23, 0 ,1.0,1.0,1.0,141.35008005172574,40.18425752024385,86.22224360355922,15.210417224770847,12.623303376534256,16.8036961945205,88.0,65.0,88.0,-0.34860784931531663,-3.7450203159675177E-4,0.937268599252091,17.045378900607663,0.8819891706584582,0.3382180482384114,0.32818234974934973,15.25265436122553,0.3171240612709076,-0.9410676976679353,0.11757515965975877,12.242564239450681,79.68515640918753,78.71694692135719,63.84364412975266,24.84363988286662,7.474111549604114,129916.0,400463.8690695346, 0.0, 7.105427357601002E-15,1.4210854715202004E-14,45.923298813562155, 111.75358139417172,111.75358139417172,0.0, 231.35679215160565, 24.706978229946852, -22.004578815030182, 24.706978229946852, 159.34778813602117, 9.13709575893667, -22.004578815030182, 9.13709575893667, 282.36420579774284, 8.892864373947646, 5.683864377812631, 15.0, 0.0
24, 0 ,1.0,1.0,1.0,55.54412386068691,77.23451741413653,92.70162069173658,14.251479418919171,15.459759713903525,14.246628068731262,70.0,76.0,63.0,-0.12955961403214927,0.8518793788096337,0.5074601761426731,16.241572173379677,-0.8789150344537295,0.1382629764606162,-0.4564994102421721,14.513445015576831,-0.45904538841278014,-0.5051582655952125,0.7308162957117176,13.063173216527419,78.65592398203167,71.60992641091664,63.77942037910553,24.43195650986762,6.9393622523146,132536.0,359240.45077578095, 0.0, 0.0,0.0,NaN, 132.8303837776602,132.8303837776602,0.0, 203.10466562787673, -15.140101239194678, 9.922639299471305, -15.140101239194678, 239.00417041163442, 37.74060802845529, 9.922639299471305, 37.74060802845529, 202.96641132876144, 8.567035470351017, 5.556627322050012, 11.0, 0.0
25, 0 ,1.0,1.0,1.0,117.75502113569642,150.9648464189448,159.2886167568907,16.42528312284425,12.861664615605676,15.044421192667842,77.0,66.0,76.0,-0.9359204622759755,-0.35043818106357877,-0.03529829381110285,16.942508797561565,0.00905802536954825,0.0762374724504361,-0.997048544440427,15.05408193555636,-0.35209493104776324,0.9334778674651154,0.06817793252403187,12.160302796164787,84.74970194411372,76.53126785971986,63.12386917894537,24.677017132436998,7.252018809796787,133187.0,409421.5506123162, 0.0, 0.0,0.0,NaN, 104.04854425062724,104.04854425062724,0.0, 269.7899256655921, 45.70152499085715, 3.8866254780409184, 45.70152499085715, 165.4224166843231, -4.2645805997900235, 3.8866254780409184, -4.2645805997900235, 226.3346090223933, 9.284498525563615, 5.769545470648707, 16.0, 0.0
26, 0 ,1.0,1.0,1.0,174.97095768202138,60.96400606335628,113.77488341556197,14.273194626824248,12.197357439719596,15.04465823462857,61.0,56.0,79.0,-0.5902991034802407,0.0016588848787448228,0.8071828891468048,15.882521285311086,-0.7311374098967859,0.4226332880603566,-0.5355550314138701,13.63380582458189,0.34203078264952075,0.9062992617917393,0.24826717824937242,11.861964893031091,85.8373690959542,72.96198952050784,61.07104840378942,23.022887134341353,6.984842357844196,103573.0,382479.74526861066, 0.0, -7.105427357601002E-15,0.0,89.90495285415648, 108.52572839952762,108.52572839952762,0.0, 203.72408485520458, -14.068273292860177, -35.46174341465336, -14.068273292860177, 148.77552851228296, -10.075572153232853, -35.46174341465336, -10.075572153232853, 226.34174139677728, 9.45958678528967, 5.658008489867461, 11.0, 0.0
27, 0 ,1.0,1.0,1.0,183.69588814819184,19.855229779953984,114.76119402985074,10.350169016348515,11.211242097842048,15.856634394203644,42.0,43.0,81.0,-0.2337935755456686,-0.3030306442429273,0.923857669061251,16.59338162547541,-0.3236149591425718,-0.8717618917224113,-0.36783768480093865,10.654518367774578,-0.9168499998651487,0.3849722493768604,-0.10574708013461633,9.766868839957763,91.17329795662187,53.95517581097596,47.490113132224195,20.769103318400223,7.272905176368577,67804.0,233616.75153941207, 0.0, 0.0,0.0,NaN, 89.02644694756607,89.02644694756607,9.5367431640625E-7, 107.12599866698078, 17.862660581420702, -36.7096510398284, 17.862660581420702, 125.69194937642575, -44.56516015873634, -36.7096510398284, -44.56516015873634, 251.43285431144193, 9.286163954914644, 5.839094378765985, 7.0, 0.0
28, 0 ,1.0,1.0,1.0,11.386411697178419,24.69447465409945,170.59020602984714,7.107908797226096,14.043846003849636,15.972046892633355,28.0,52.0,60.0,0.031956528968726305,-0.2921139896837356,0.9558494637166048,16.160518687173706,0.03986199171204455,-0.9552045344344656,-0.29324958484639574,13.84247012604941,-0.9986940481814337,-0.04747330225384444,0.018880775939968394,7.0768578169230745,71.97510814925622,65.11324492536055,28.938651770004515,21.27376069766379,7.091217509608748,66204.0,135621.94202321902, 0.0, 0.0,0.0,NaN, 40.05500506985914,40.05500506985914,0.0, 50.52236746968412, -7.359450344407766, 4.793144664135985, -7.359450344407766, 197.22961057984335, -19.292231627005737, 4.793144664135985, -19.292231627005737, 255.10628194047882, 8.586195173239098, 5.214101343095747, 6.0, 0.0
29, 0 ,1.0,1.0,1.0,98.20405897564343,184.58604676351524,141.8345270169643,13.07306298750271,9.338535626724337,15.047793321594511,62.0,38.0,63.0,-0.3305155187410168,0.03141490578282026,0.9432775813969148,15.328724149221946,0.9077414235689377,0.28420461762414817,0.3085988387180846,13.030530852703654,0.2583892408913253,-0.9582488398196832,0.12245064791921896,8.93223314910865,70.23793701306789,65.82314106201994,42.644022436555005,21.028116044793563,6.509043169538378,73861.0,197155.32581253338, 0.0, 0.0,0.0,NaN, 115.17312794661977,115.17312794661977,0.0, 170.90497587521324, 21.609849625381365, -23.16739539404653, 21.609849625381365, 87.2082476515997, 12.492934885037164, -23.16739539404653, 12.492934885037164, 226.4360838494244, 9.406580244587309, 5.624436046600609, 7.0, 0.0
30, 0 ,1.0,1.0,1.0,175.329126703685,150.01500925458524,92.51514947557351,14.585820892147353,10.960387845218492,13.824901099478366,62.0,51.0,65.0,-0.8000385033551127,-0.09400183875616935,0.5925386463850024,15.383143113796024,-0.5977782546595598,0.20883302176434157,-0.773983156972389,13.063093592063812,0.05098579611502334,0.9734230443806197,0.2232667132899217,10.803640912730529,74.94364243569034,66.15788447477871,52.41876262474628,21.90717331981343,6.639271071545531,89145.0,259898.13994172332, 0.0, 0.0,0.0,NaN, 108.01020401568427,108.01020401568427,0.0, 212.7461710978022, 2.2869104096748805, -31.899831573429335, 2.2869104096748805, 120.13010171761323, -15.395841269822451, -31.899831573429335, -15.395841269822451, 191.12789041035813, 9.412497132841072, 5.547741220803834, 8.0, 0.0
31, 0 ,1.0,1.0,1.0,20.192400026780675,75.44907367555211,175.17458131282697,11.778953845925903,15.455310838728964,14.278563873019465,49.0,73.0,59.0,-0.01184633096468465,0.8150766726703859,0.5792319760780188,16.568593785792537,-0.06556707316984571,-0.5786591318506233,0.8129296205956711,12.975854608229621,-0.9977778426877473,0.028348312021249905,-0.06029717942765317,11.772708704863343,84.22389704310517,67.21514126314318,51.115364950812456,23.034432994072425,7.134610693211402,104553.0,289370.27297329105, 0.0, 0.0,0.0,NaN, 81.95484824178412,81.95484824178412,NaN, 138.74375370445262, -0.18267831680974128, -2.5197734898933817, -0.18267831680974128, 238.866633121733, 50.164146970437116, -2.5197734898933817, 50.164146970437116, 203.8773862758966, 8.501620663615592, 5.154472775173414, 8.0, 0.0
32, 0 ,1.0,1.0,1.0,88.90209651043064,33.77313905496958,104.70590016699403,13.241173562175073,14.88899478370322,13.910851967737903,67.0,68.0,61.0,-0.41300230914729513,0.7310050674529185,0.543194885834869,16.577955439085194,-0.20981188142142018,-0.6567657238554206,0.7243188237116783,12.695720027875026,-0.8862325129746741,-0.1851766057762683,-0.42461930905197237,12.430315035212168,82.87438993976049,62.716559518960686,63.569505362323454,23.347726280600472,6.738421400249491,115573.0,330408.64552320103, 0.0, 0.0,0.0,NaN, 134.62976323443172,134.62976323443172,0.0, 175.3286773036441, -35.40526707442936, -28.005180618401027, -35.40526707442936, 221.68216566914168, 44.602519589164366, -28.005180618401027, 44.602519589164366, 193.51180246831748, 8.304205235539069, 5.218435923324065, 10.0, 0.0
33, 0 ,1.0,1.0,1.0,105.32028178243775,161.39924639580602,18.053208668788617,11.127101750569329,17.583574380434296,11.084491648853593,53.0,83.0,44.0,-0.011947471105523556,0.9961266193201134,-0.08711495977192524,17.62663976265107,-0.7235452304528677,0.05152074485103335,0.6883515906416584,12.17015568071056,0.6901735705046153,0.07125567438370214,0.7201271217257649,9.851361218546895,84.2585261505696,65.31523264630695,53.37040287426498,22.35146888616844,7.5014848599447905,85456.0,293716.81991411786, 0.0, 0.0,0.0,NaN, 103.82767243759011,103.82767243759011,0.0, 123.81239336752304, -4.446198907662586, -25.209924654380625, -4.446198907662586, 309.1820879922653, -16.729011109363153, -25.209924654380625, -16.729011109363153, 122.86595511350504, 8.186715523595682, 5.2660216889844005, 12.0, 0.0
34, 0 ,1.0,1.0,1.0,153.6259228688036,89.28635300591553,68.71592837162379,10.663030027775447,12.66632702344299,15.002104676913506,52.0,62.0,69.0,-0.0884007531568303,-0.26370819308990556,0.9605432295001423,15.230224879354413,0.2786177394125345,-0.9323728272047525,-0.23033251263090374,12.583268998545826,0.9563249772571845,0.24726281561826763,0.15589624077113695,10.4355539292192,69.06941122431482,64.84699282761288,48.120559632389586,21.463260536723627,6.207063839512443,87228.0,215529.27328061833, 0.0, 0.0,0.0,NaN, 121.83795252236162,121.83795252236162,0.0, 113.70020937324084, -9.974002630084128, -13.621936273145257, -9.974002630084128, 160.43584026480218, -20.554150718421134, -13.621936273145257, -20.554150718421134, 225.06314473707008, 8.080429111938313, 5.087503203386102, 8.0, 0.0
35, 0 ,1.0,1.0,1.0,152.78572567147526,49.683031800430385,157.7386227783534,12.243516758768207,11.484746332705427,12.376777081898949,55.0,56.0,56.0,-0.7180772399612281,0.19544481385781468,-0.6679568864722849,12.803291141568122,0.48188902130341554,-0.5528468715007789,-0.6798112295476129,12.20608302519631,-0.502143454200989,-0.8100380617032047,0.30280404553970863,11.048754907685549,59.36748393127539,59.4631143809971,55.9139799088874,20.097533155326616,5.574663483509244,75282.0,197386.16128389668, 0.0, 7.105427357601002E-15,0.0,78.72929045488452, 80.52090010625861,80.52090010625861,0.0, 149.90370262223794, -13.043357164093166, 11.256100050976585, -13.043357164093166, 131.89939832659076, 4.651563677068408, 11.256100050976585, 4.651563677068408, 153.18461093501907, 8.268876197395285, 5.038998081856295, 13.0, 0.0
36, 0 ,1.0,1.0,1.0,120.85703744449066,79.27558125494721,178.53625716087313,12.360659347287624,11.981885857695849,12.817784063510304,59.0,55.0,52.0,0.3828266302488624,0.45185388274603644,-0.8057740625135759,13.917955645472631,0.8035260590852886,-0.5932422972733605,0.049086139557832545,12.546810471437574,0.45583949318062167,0.666251938363527,0.5901853192715633,10.46494788089269,67.3187566666795,59.780461689655525,58.01191405327131,20.564776545936517,6.143048275975869,74537.0,233460.0348034879, 0.0, 0.0,0.0,NaN, 114.05664628611814,114.05664628611814,NaN, 152.78589949968892, -8.272648565776542, -24.08202159590168, -8.272648565776542, 143.5655887068518, -32.04956274523362, -24.08202159590168, -32.04956274523362, 164.2955882987787, 8.506732843752808, 5.089482702976796, 10.0, 0.0
37, 0 ,1.0,1.0,1.0,48.55475863168171,31.26529595760365,11.024326101249178,12.63924514830046,13.268856203796043,7.498696979803918,59.0,59.0,30.0,-0.6037072870946576,0.793591992684325,0.07582387919469005,14.039319581506078,0.7881075524698722,0.60844027756269,-0.09320361784493157,11.843694821217678,0.12009994691404469,-0.003489668574327604,0.9927556723406242,7.393775621492405,70.48280632271877,59.14664915776628,33.018389399749275,18.811138438924463,6.179368082775806,50193.0,137647.7820992935, 0.0, 0.0,0.0,NaN, 58.79301899957256,58.79301899957256,9.5367431640625E-7, 159.75051791883675, -27.190926343105147, -12.808087986159174, -27.190926343105147, 176.0625449570167, 3.716177029381813, -12.808087986159174, 3.716177029381813, 56.230456394920395, 8.131075144352028, 4.881320313066958, 2.0, 0.0
38, 0 ,1.0,1.0,1.0,46.396001388963086,22.80824296169667,166.97368983385866,12.031205065627088,13.230826400787787,11.497495394862915,52.0,52.0,54.0,0.3458935900429954,-0.9280251268418768,0.1383003554488775,13.403935648257963,0.7689144537246396,0.36483462748731815,0.5250392913292575,12.138908482038248,-0.5377064135943584,-0.07526658313161001,0.8397658925219489,11.179377126472968,63.337467993695704,64.7835533609258,61.91633033192912,20.421999267988266,5.910922840987413,74876.0,254056.71114864928, 0.0, 0.0,0.0,NaN, 61.34771434270898,61.34771434270898,0.0, 144.74989533117088, -11.277742027582462, 11.648941219299312, -11.277742027582462, 175.0547672477831, -2.7329553043093124, 11.648941219299312, -2.7329553043093124, 132.19240035489395, 7.998170112805226, 4.89689201238308, 6.0, 0.0
39, 0 ,1.0,1.0,1.0,114.58664066161685,154.6535583072527,61.658426694486025,10.06975621643914,12.500621919517206,13.954899728722825,51.0,55.0,60.0,0.15338419844552706,-0.46983849364862607,0.869324494969061,14.775633419009472,-0.40589928670888836,-0.8320486644184582,-0.37807511037977015,12.03761756229075,0.9009545253321272,-0.2948674446687012,-0.3183302268998525,9.443579065323538,62.805942111329095,56.27782551995912,48.08993508053294,20.377822441474247,6.095007597672388,66141.0,169977.81178787365, 0.0, 0.0,0.0,NaN, 114.68872355249579,114.68872355249579,0.0, 101.39999025851472, 9.512787591967008, 25.770647341697764, 9.512787591967008, 156.26554837471406, -35.21627750899697, 25.770647341697764, -35.21627750899697, 194.73922643870839, 7.952977435012553, 5.016511322864647, 8.0, 0.0
40, 0 ,1.0,1.0,1.0,35.119067580002046,53.99968305899192,127.91107248747572,14.3638698820898,13.3320552377739,12.35118326017258,71.0,64.0,60.0,-0.8837753760065754,-0.3262700860969946,-0.33539367269329373,14.613080151838128,-0.4421637073182686,0.8168337992541849,0.3705047912329062,13.628632471660902,0.1530762577769684,0.4757419209132561,-0.8661623889264445,11.718978121294235,71.11464634060661,64.01661063050824,53.84430351217237,22.249390782035974,6.448317036828958,97810.0,245127.19458462836, 0.0, 0.0,0.0,NaN, 96.67537508624578,96.67537508624578,NaN, 206.32075798960642, 4.491735927767868, 14.658998566718637, 4.491735927767868, 177.7436968630545, 22.988705073583386, 14.658998566718637, 22.988705073583386, 152.55172792636736, 8.311064588796286, 4.944810087788991, 6.0, 0.0
41, 0 ,1.0,1.0,1.0,58.980560104127306,143.51396061636646,86.43551524821206,11.93640573825457,12.750709989249456,10.903738577913044,62.0,57.0,51.0,0.5127405196882922,-0.8439587251412088,0.15757801156191195,13.211137883531848,0.8065331625577487,0.5364080093506565,0.24853713042332884,11.53214377448525,-0.2942811872416865,-3.4316540050433053E-4,0.9557188211357621,10.790060145363535,58.37920823095124,54.24747501010859,52.94583104332966,19.825348521241633,5.559267772367939,71451.0,167675.4568961963, 0.0, 0.0,0.0,NaN, 118.91373937300044,118.91373937300044,NaN, 142.4777819482366, -17.979008113306353, 8.015492164977033, -17.979008113306353, 162.5806052299459, -5.5194528622425905, 8.015492164977033, -5.5194528622425905, 118.89151497546918, 7.324728693446192, 4.6669809865079595, 11.0, 0.0
42, 0 ,1.0,1.0,1.0,130.64868128266608,119.9270867472789,183.5167233022269,15.409160190795065,10.193943892608141,9.41526503699853,70.0,50.0,38.0,-0.9830616986256664,-0.07668494383776889,0.16646055413766034,15.590953525598506,-0.015616190499659887,-0.86990527806475,-0.49297154257560144,10.578088437296795,0.18260840968996217,-0.48722092174257814,0.85397303360634,8.662109371481556,70.77518451380041,55.014524018330945,43.96013369668901,19.68083603481087,6.532275144164252,57973.0,171165.94993312578, 0.0, 1.4210854715202004E-14,2.8421709430404007E-14,82.07516750612893, 107.20529490331332,107.20529490331332,0.0, 237.4422177855834, 13.169078291305103, -27.215374338115115, 13.169078291305103, 103.91649208564283, 13.66351904159716, -27.215374338115115, 13.66351904159716, 88.64721571692694, 7.723401454846913, 4.9631303948881555, 8.0, 0.0
43, 0 ,1.0,1.0,1.0,125.22607267674428,10.512653164343762,43.04995999831572,9.43047277849382,7.118438977006781,18.63921462405086,45.0,29.0,83.0,-0.13140328082133013,0.014023352829098138,0.9912298035091665,18.765869691645204,0.9306241299354121,0.3462709090893687,0.11847019161113254,9.46379073372145,0.3415726958809016,-0.9380297453140025,0.05855160403268434,6.730907201947862,86.16690895205397,49.27624286679104,33.59511448440824,20.40777200266084,8.399354379005505,47498.0,142644.23568645012, 0.0, 0.0,0.0,NaN, 86.91924493317863,86.91924493317863,0.0, 88.93381682591296, 13.696684709277829, -35.08830835955155, 13.696684709277829, 50.67217346936935, 6.080960757105934, -35.08830835955155, 6.080960757105934, 347.42032180143144, 8.306982417500839, 4.596390187626073, 4.0, 0.0
44, 0 ,1.0,1.0,1.0,171.1800071466857,103.97468286582098,120.77523673396462,8.27516700270032,12.612749763433014,16.853699198340045,43.0,53.0,73.0,-0.13642892571627802,-0.012807306068882585,0.9905670704900101,16.975528415652455,0.18535206294061587,0.981928486996693,0.03822380394522459,12.755224347590087,-0.9731555687512456,0.1888184825054024,-0.1315895880105899,7.793760904576732,71.35194222471537,55.15894964211029,40.19162065104649,21.519050848561424,6.966884006690779,55970.0,158182.0885707082, 0.0, 0.0,0.0,NaN, 127.78112784501509,127.78112784501509,0.0, 68.47838892258018, 18.95308326115507, -30.012462213590595, 18.95308326115507, 159.08145659497953, 0.9413705637309707, -30.012462213590595, 0.9413705637309707, 284.0471766681279, 9.349018701481802, 5.501623666032885, 9.0, 0.0
45, 0 ,1.0,1.0,1.0,48.541968478142174,183.34393768427182,164.48008954245987,15.086341804292521,9.917262524438788,9.141367717998252,62.0,43.0,41.0,-0.9940019687465972,0.03442882948574676,0.10380145388254802,15.137900027947401,-0.08903396660026727,-0.8059295121788106,-0.5852782023881005,10.809839032195814,0.06350621165926887,-0.591009540616279,0.8041608570312424,7.969050860179571,63.11113655730267,52.53535861133906,41.12520720821446,19.272694370754525,6.170709883130127,54946.0,136353.3466341669, 0.0, 0.0,2.8421709430404007E-14,84.04188240926962, 62.41322900243216,62.41322900243216,NaN, 227.59770903594412, -1.8410279237784513, -14.311716712497525, -1.8410279237784513, 98.352095978638, 25.75532828279647, -14.311716712497525, 25.75532828279647, 83.56460375566057, 8.647015868464335, 5.205854447637577, 6.0, 0.0
47, 0 ,1.0,1.0,1.0,159.79212550253453,51.564353551243954,42.49305191400105,12.508873750016061,12.570179782700126,10.831600499926706,64.0,58.0,55.0,-0.804667183670298,-0.3898281043822667,-0.4478222555410116,13.846315422627319,-0.20258852444840614,0.8892641346199762,-0.4100819291805022,12.528020056677473,0.5580937316311017,-0.23925582106254673,-0.7945363671989838,9.11773954058002,65.0491691724124,57.186180824404246,47.15858971567804,19.92361102918538,5.90378143319965,68652.0,175425.87691859304, 0.0, 7.105427357601002E-15,0.0,67.05619602133984, 77.982146608872,77.982146608872,0.0, 156.47192249384088, 20.763180818181514, 45.26184734406405, 20.763180818181514, 158.009419769403, -7.962853279672249, 45.26184734406405, -7.962853279672249, 117.32356939001248, 7.567889293308359, 4.403325941233914, 3.0, 0.0
48, 0 ,1.0,1.0,1.0,8.486005347412597,118.07310386841304,68.39675770805835,6.024467443756652,9.709061989398682,12.749102258582205,24.0,47.0,56.0,-0.06955764787863855,0.025116821223508484,0.9972616902865654,12.774561250316207,-0.050660824027066495,0.9983041287854404,-0.028676599499267794,9.715184700374813,-0.9962907279155467,-0.05251677581086942,-0.06816724820572528,5.960324839652512,56.306495811918666,47.25581377232204,25.563687502789435,16.208307048747173,5.512756452827202,29547.0,68020.09694509023, 0.0, 0.0,0.0,NaN, 107.0614078997983,107.0614078997983,0.0, 36.29420798088381, -3.1998433529769983, -8.770177706288901, -3.1998433529769983, 94.26588471398631, 1.5127086794122757, -8.770177706288901, 1.5127086794122757, 162.5396083997859, 7.47805411674958, 4.58310276389284, 8.0, 0.0
49, 0 ,1.0,1.0,1.0,50.66751904243743,140.00090678273486,49.774664490388105,10.540936682671253,13.746267970236689,9.131777379676002,50.0,59.0,40.0,-0.3698670413438912,-0.9236854761974101,0.10001756240520551,14.330236542089088,0.9153203620549875,-0.3438082191667592,0.2097249227939009,9.829570011676411,-0.15933300516541557,0.1691184481224463,0.9726314533108689,9.026874398313533,66.83995202440411,49.421276462632406,41.196768819661216,18.721217626429656,5.742525398589346,55140.0,136085.93519828617, 0.0, 0.0,0.0,NaN, 92.97637279406275,92.97637279406275,1.3486991523486091E-6, 111.11134614808445, 37.55624998273281, -1.6768058740971188, 37.55624998273281, 188.9598831095551, -12.535196467619265, -1.6768058740971188, -12.535196467619265, 83.38935811196231, 7.341817758185603, 4.355377357960744, 5.0, 0.0
50, 0 ,1.0,1.0,1.0,141.5152079930829,147.44647900855028,17.425401095206073,8.672113754852749,13.937472163761864,10.237081650060777,37.0,61.0,40.0,-0.03062468293297642,-0.9800146406807334,0.19655389298273346,14.072423321412789,0.23237392166350415,-0.19823881836831792,-0.9522099198300014,10.134660780364941,-0.9721442739254181,-0.016512872050197712,-0.23380084630016945,8.57391863342803,65.19252803624234,47.300217117657844,41.15858022537043,18.497184559798615,5.6666296299929,52045.0,126917.45122350326, 0.0, 0.0,0.0,NaN, 80.5356322879501,80.5356322879501,0.0, 75.20555697710626, 2.3921243513254367, -7.210427610084672, 2.3921243513254367, 194.25313031563684, -18.474148241891914, -7.210427610084672, -18.474148241891914, 104.79784071001109, 7.890644170131289, 4.459874439070552, 6.0, 0.0
51, 0 ,1.0,1.0,1.0,8.952308129246498,22.667970200773382,112.97540034518165,5.808775771812141,12.839202580897439,14.70166200550501,24.0,53.0,63.0,0.006080052055390645,-0.2527240166345236,0.9675193043981686,14.828803187126995,0.019280153548310905,-0.9673277096364343,-0.25279513019178823,12.694284032747504,-0.9997956334402333,-0.020190928300666985,0.0010088449831518352,5.8041031639701846,64.31290541575032,57.35473188888224,24.724967099063804,19.28848285686162,6.533015665460524,45773.0,91201.73621990821, 0.0, 0.0,0.0,NaN, 90.37290323401994,90.37290323401994,0.0, 33.74187596719174, -2.6632255052478717, 0.47415067733235733, -2.6632255052478717, 164.84512291332345, -14.362328568237363, 0.47415067733235733, -14.362328568237363, 216.13886572410962, 7.426343385144084, 4.5015372163530385, 2.0, 0.0
