// Sample: .//bubblelabels.tif, Map: .//bubblelabels.tif, Thickness:(8.191250068658265):/gpfs/home/mader/Foam/NewValid/InSilicoTest/LatticeData_OldFoam/out_Step_03500.vtk/distmap.tif, Neighbors:(1.0):
//LACUNA_NUMBER, TRIANGLES, SCALE_X, SCALE_Y, SCALE_Z, POS_X, POS_Y, POS_Z , STD_X, STD_Y, STD_Z,PROJ_X, PROJ_Y, PROJ_Z, PCA1_X, PCA1_Y, PCA1_Z, PCA1_S, PCA2_X, PCA2_Y, PCA2_Z, PCA2_S, PCA3_X, PCA3_Y, PCA3_Z, PCA3_S,PROJ_PCA1, PROJ_PCA2, PROJ_PCA3,OBJ_RADIUS, OBJ_RADIUS_STD, VOLUME, VOLUME_BOX, Mask_Grad_X,Mask_Grad_Y,Mask_Grad_Z,Mask_Angle, Mask_Distance_Mean,Mask_Distance_COV, Mask_Distance_STD, SHAPET_XX, SHAPET_XY, SHAPET_XZ, SHAPET_YX, SHAPET_YY, SHAPET_YZ, SHAPET_ZX, SHAPET_ZY, SHAPET_ZZ, Thickness, Thickness_STD, Neighbors, Neighbors_STD
1, 0 ,1.0,1.0,1.0,79.21006206130905,138.2049661180439,39.68257126737322,15.40814864921017,15.475449140687509,16.059796470315064,86.0,80.0,80.0,0.08785881499550889,-0.4709222444589693,0.8777887378528573,16.29452145786331,0.9906733896008014,-0.05082456674194035,-0.1264242799162936,15.402895961520745,0.10414923794461599,0.8807094317022061,0.4620647499499771,15.233417214397674,90.09176259953006,83.68209442055051,88.8005770931327,26.093523076715815,7.344772768098534,164837.0,669473.5344758659, 0.0, 0.0,0.0,NaN, 164.16319031328626,164.16319031328626,0.0, 237.41104479615723, -1.645596296968458, 1.9297565916385149, -1.645596296968458, 239.48952610600574, -13.795703348394943, 1.9297565916385149, -13.795703348394943, 257.9170626679442, 7.068069879721423, 5.520857940567246, 53.0, 0.0
2, 0 ,1.0,1.0,1.0,58.81791198000357,261.72038475272274,12.838410551687199,14.509613587045603,18.79132160449084,8.149115649480237,83.0,90.0,33.0,-0.2584751472009374,-0.9655897806223279,-0.028757152800275874,19.094476318787795,0.9615500851825703,-0.2543059273403657,-0.1036818643975335,14.168776923234017,0.09280103428758557,-0.05445062788693357,0.9941946978121907,8.043474036028796,93.96851991683715,75.27489445155204,37.627928847328654,23.682704395200002,8.317466710902687,89616.0,266160.0416113212, 0.0, 0.0,-1.7763568394002505E-15,88.35210933341281, 71.34213690842672,71.34213690842672,0.0, 210.5288864453784, 41.58004417062723, -11.335049730154912, 41.58004417062723, 353.1137676434041, 11.914947013973078, -11.335049730154912, 11.914947013973078, 66.40808586860369, 7.732079617392788, 5.5152751512375575, 22.0, 0.0
3, 0 ,1.0,1.0,1.0,77.83468656909031,14.785690472861798,258.31257057438137,15.323433211426547,9.180702615982932,16.468612679589945,69.0,39.0,82.0,-0.5770690205923935,0.1049759951322093,0.8099206047005708,17.528009929972264,0.8030086991002748,-0.10786420108263521,0.5861248529913138,14.23781287923998,-0.148890478680875,-0.988607786015671,0.022051548412134886,8.96446662155974,94.83751466045103,73.62503743742425,40.568375243107084,23.055792886933986,7.664106200550911,92987.0,283265.2548394853, 0.0, 0.0,0.0,NaN, 89.52483928041278,89.52483928041278,0.0, 234.80760538505012, -24.341159151829423, -48.44689220138949, -24.341159151829423, 84.28530052311586, 11.553517227207179, -48.44689220138949, 11.553517227207179, 271.21520359035077, 7.051202106960042, 5.261814656998015, 32.0, 0.0
4, 0 ,1.0,1.0,1.0,153.96671707848677,176.52351933812247,14.237895603051397,15.766267771195537,15.366186765493557,8.873548989279227,78.0,67.0,38.0,-0.7502508314900992,-0.6599524629629822,0.03983009512301863,17.171799221469026,0.6546061604209263,-0.7499293128402634,-0.09537714863583283,13.827686241265091,0.09281414001857197,-0.04548375943150879,0.9946440383577381,8.795406273782389,81.72409709988258,68.28934691915546,40.99025149303478,22.620011299570244,7.195127213439528,89926.0,228761.88866042907, 0.0, 0.0,0.0,NaN, 191.7677727583056,191.7677727583056,0.0, 248.5751994330391, 51.80863035583669, -13.60769942463883, 51.80863035583669, 236.11969571202934, 2.425442595017337, -13.60769942463883, 2.425442595017337, 78.7398716651384, 8.106119327123361, 5.552711891048068, 23.0, 0.0
5, 0 ,1.0,1.0,1.0,17.56033792440743,163.985265855221,12.858604260089686,10.590797950629625,14.438166966485568,8.224413765144673,45.0,73.0,35.0,-0.05613822177332627,0.99814203159085,0.02368511827750061,14.451443368362156,-0.9983493659349815,-0.056406401381126486,0.010810246086548122,10.576667218345424,-0.012126153279144333,0.023039154822206892,-0.9996610194219483,8.219278769264093,73.14858972546207,48.318560625079925,35.897581083458995,18.670663263066988,6.298649194920851,49952.0,126877.65146343135, 0.0, 2.8421709430404007E-14,0.0,3.4932048784598413, 137.745116341785,137.745116341785,0.0, 112.16500123106067, -5.421696654541117, -0.6660660882428495, -5.421696654541117, 208.4606653521151, 3.3131793068429793, -0.6660660882428495, 3.3131793068429793, 67.64098178030117, 7.453728384221382, 5.207170684118914, 16.0, 0.0
6, 0 ,1.0,1.0,1.0,171.6444946221732,98.90764616657474,10.869604936569223,13.201119589828869,15.626322982137667,6.994209252512575,63.0,74.0,28.0,0.1295048195396936,0.9869772935182408,0.0954165802960887,15.729922807516134,0.9903629768085928,-0.12398204080147322,-0.06172218179491704,13.165568112397258,0.04908844958658134,-0.10249036851387741,0.9935220422713708,6.826993202163892,76.62821398028761,66.10587663644587,30.43546567285501,20.463476894022175,6.972560852565878,58016.0,154173.14194666545, 0.0, 0.0,0.0,NaN, 162.406916547562,162.406916547562,0.0, 174.26955842496352, 10.108680401709991, -5.264778650428419, 10.108680401709991, 244.1819699420838, 19.8820212225944, -5.264778650428419, 19.8820212225944, 48.91896306793251, 6.42212051611858, 4.801778995595842, 24.0, 0.0
7, 0 ,1.0,1.0,1.0,280.25139770023793,205.7807890563045,209.44438937351308,12.736109233952513,13.972444548939295,14.877065635497265,51.0,74.0,76.0,-0.4000489966764608,0.1217207204034133,0.9083748491028529,15.398450562604086,0.1790152548879984,0.9824281858339742,-0.05280528568572666,13.98593588870484,-0.8988405524761005,0.1414882535882056,-0.41480927583772453,12.084952817587812,79.05221931506807,70.24797531885045,61.46517665651339,22.98832127792634,7.092379843050704,100880.0,341332.0055846944, 0.0, 0.0,0.0,NaN, 132.1649939264655,132.1649939264655,0.0, 162.2084784191705, 4.281754646541039, -33.56144090901706, 4.281754646541039, 195.22920667318343, 7.497950303388963, -33.56144090901706, 7.497950303388963, 221.32708192289365, 7.066385865190807, 5.033859941721267, 34.0, 0.0
8, 0 ,1.0,1.0,1.0,189.89551170837376,113.90859724958587,234.31008321816097,13.234236686721724,13.135618854784406,13.505644813360584,64.0,69.0,64.0,0.6367121629633248,-0.27223293045003777,0.721447748013083,14.092734109475636,0.141519450964917,-0.8784597025461053,-0.4563779091949963,13.145850689831656,0.7580038697349454,0.3926802548909132,-0.5207997224323899,12.596563029781851,67.4639031704325,68.03994552340862,63.66456400507697,22.18447191181605,6.1596388852647,102021.0,292235.6471560189, 0.0, 0.0,0.0,NaN, 171.5031545952848,171.5031545952848,0.0, 175.1450206801712, -8.679402802554527, 17.429582998653235, -8.679402802554527, 172.54448269816757, -2.1738119993985503, 17.429582998653235, -2.1738119993985503, 182.40244182465364, 6.469231146104117, 4.812056223199381, 37.0, 0.0
9, 0 ,1.0,1.0,1.0,121.57234729996708,186.6054185874218,114.00384837010208,12.55445306319908,12.792863278645147,14.219633636095471,63.0,67.0,68.0,-0.13248416003393493,-0.2455708324698817,0.9602827258574175,14.345335244578933,0.10687338788695026,-0.9667137224110648,-0.2324707677616873,12.687672455094553,-0.9854065284448184,-0.07182997384234696,-0.15431924233918343,12.518144739530317,72.54566891151912,64.55299979105772,65.68833945627354,21.996771495091554,6.293780034269558,97184.0,307621.1573416375, 1.4210854715202004E-14, 0.0,-1.4210854715202004E-14,43.33064867363048, 201.5813586742357,201.5813586742357,0.0, 157.61429171606875, 1.1554556502288407, -6.350829950302264, 1.1554556502288407, 163.65735086610744, -10.61472491924266, -6.350829950302264, -10.61472491924266, 202.1979807447777, 6.334943145292433, 4.69395122344444, 35.0, 0.0
10, 0 ,1.0,1.0,1.0,260.16852851964194,141.07113264777686,126.24794702966635,14.358322783687981,13.308271542068072,13.463417578650581,74.0,68.0,65.0,-0.8983493206477238,-0.2770437652285137,0.3409035790950005,14.570424593222125,-0.43816464586846576,0.5098140129295169,-0.7403387166234547,13.43670852219244,-0.031308803917350456,0.8144546791373415,0.5793818554533396,13.10315720572636,78.96115803103916,70.30629962019336,66.81091645985143,22.824302935557412,6.601994622916715,108136.0,370898.5869353164, 0.0, 0.0,0.0,NaN, 193.45840564840464,193.45840564840464,0.0, 206.1614331605734, 8.128270683462633, -9.56352728664502, 8.128270683462633, 177.1100914374189, -7.1761134918268885, -9.56352728664502, -7.1761134918268885, 181.26361289711747, 6.0724657266067625, 4.615825159143203, 38.0, 0.0
11, 0 ,1.0,1.0,1.0,22.77243436007591,133.10985172363453,191.7241871910909,13.088065794505933,13.145575426067474,13.116233962927092,58.0,64.0,62.0,0.47033001010754527,-0.6371828487148377,0.6105634274142863,13.802524540651364,-0.8812158600125288,-0.30192707383043477,0.3637288140229901,12.878584050582273,-0.0474161328517618,-0.7091107525569158,-0.7035009957018888,12.640079194799062,82.75526488477759,69.1450305929617,67.37554704191325,21.849877224847333,6.2227066581244745,95902.0,385530.6500692356, 0.0, 0.0,0.0,NaN, 173.09092417571136,173.09092417571136,0.0, 171.29746624131624, -7.592433901101261, 6.876130437929261, -7.592433901101261, 172.80615328242905, -12.626757649038236, 6.876130437929261, -12.626757649038236, 172.03559337024214, 6.436484303779976, 4.6846338829743095, 35.0, 0.0
12, 0 ,1.0,1.0,1.0,47.18099167518621,248.57577223601578,213.6496732145465,13.309476112300967,14.562210429861548,13.273842741547206,64.0,71.0,65.0,0.041938236166196005,-0.864998788759361,-0.5000182794579693,15.103890564200897,-0.8026269088925337,-0.3272055018551995,0.4987249789987507,14.056826906281392,-0.595005234824775,0.38041248007988226,-0.7079937256293928,11.81833893854338,71.2364981497534,67.65267829116914,64.58579595718234,22.873198578372612,6.49706202134079,109552.0,311260.9029075141, 0.0, 0.0,0.0,NaN, 111.0264658202301,111.0264658202301,0.0, 177.14215438391005, 12.00268902534206, -25.040179280141267, 12.00268902534206, 212.05797260356843, 28.80595117064082, -25.040179280141267, 28.80595117064082, 176.19490112732547, 6.980952300575831, 4.91554114333785, 42.0, 0.0
13, 0 ,1.0,1.0,1.0,263.47331482418025,281.170958519543,26.411027051574482,15.289849331127758,11.054707991879155,13.887611239637843,74.0,51.0,63.0,0.9378782830964814,0.015960890681609594,0.34659713799257846,15.50441461409217,0.34243669527657405,0.1182733222251335,-0.9320668060701921,13.682520644465475,0.0558698113837483,-0.9928527943348295,-0.10546038572594404,11.011519585675781,79.44170866984035,70.08253608354319,53.48920216271836,22.419746786823307,6.797555539481684,96889.0,297799.8714656021, 0.0, 0.0,0.0,NaN, 48.849502381551645,48.849502381551645,6.743495761743046E-7, 233.77949256858798, 4.454716358433575, 17.674170550235317, 4.454716358433575, 122.20656878571688, -6.612053505374679, 17.674170550235317, -6.612053505374679, 192.86574594331535, 6.37374385700143, 4.759964056222612, 23.0, 0.0
14, 0 ,1.0,1.0,1.0,135.59277442817495,21.22054742080582,249.46744186046513,15.04708377284194,12.696399847773433,13.57604589974903,73.0,55.0,69.0,0.9124347289987007,0.1799895668999727,0.36751411010222135,15.449520035787602,0.2741774828692817,0.39781967466823576,-0.8755376715677768,13.361364101922867,0.30379199002694646,-0.8996350717118689,-0.31363540065089646,12.438191244437483,80.23115947571475,72.14382005445356,62.59220156843124,22.88792882396773,6.93289518040792,104490.0,362295.0752378824, 0.0, 0.0,0.0,NaN, 146.25064629632948,146.25064629632948,0.0, 226.41473006692325, 16.389621143675985, 22.443478979850152, 16.389621143675985, 161.19856909454126, -2.7406564998988987, 22.443478979850152, -2.7406564998988987, 184.30902227209242, 6.86595684177842, 4.686532643558179, 31.0, 0.0
15, 0 ,1.0,1.0,1.0,237.0332370594341,241.51942777201137,9.800803285346811,14.134597962312386,11.588222409500075,6.689326500092966,68.0,54.0,28.0,-0.9950083078308394,0.01824396493868159,-0.09811027005837036,14.188832165331446,0.02063585185414522,0.9995127075042692,-0.023420272324183075,11.589783013624748,-0.09763518303287996,0.025327954532517516,0.9948999275069504,6.570754802474536,68.75113142271286,53.40702003519459,30.631017590036528,18.44817639873767,6.203679130494711,44318.0,112470.75760368207, 0.0, 0.0,0.0,NaN, 86.49188579493733,86.49188579493733,0.0, 199.78685955620546, -0.9908415792267884, 15.394454099026914, -0.9908415792267884, 134.28689861203972, -2.4167492131566526, 15.394454099026914, -2.4167492131566526, 44.747089024846005, 6.155597776062916, 4.592101182693512, 15.0, 0.0
16, 0 ,1.0,1.0,1.0,144.41017411344524,151.82469201346575,58.65710631417643,12.272243793435713,11.703468441002224,13.430529095421594,61.0,59.0,67.0,0.3600427088832904,0.11781699125741177,0.9254665873768938,13.595665482302007,-0.7413639699110958,-0.5660666717216539,0.36048299167038383,12.513343085668122,-0.5663468123841104,0.8158968560651653,0.1164629055336368,11.248661163521907,69.71522804496291,65.5413910052061,60.20043907231636,20.81480124261847,5.890866004950647,82877.0,275069.83404651005, 0.0, 0.0,0.0,NaN, 215.0601692678876,215.0601692678876,NaN, 150.60796772552138, 15.084853695165565, 11.398039600321946, 15.084853695165565, 136.97117354953502, 0.22563675855390838, 11.398039600321946, 0.22563675855390838, 180.379111782966, 5.732578550678095, 4.4962769382954155, 31.0, 0.0
17, 0 ,1.0,1.0,1.0,34.24036086717892,10.971665751920966,72.11786498353457,15.15126210562552,7.489882024150598,13.342463677652331,75.0,31.0,63.0,0.9759697742635887,-2.5546492477617616E-4,0.21790579262964016,15.240253089238642,0.21775004734620945,-0.03667637371101982,-0.9753152108380825,13.246794998683672,0.008241153111250782,0.9993271628196053,-0.03573940467208573,7.479139065248838,77.99242690239555,65.72881467722125,32.0263510575266,20.3410624040645,7.065521452269635,58304.0,164178.27750881563, 0.0, 0.0,0.0,NaN, 80.5839078940072,80.5839078940072,NaN, 229.56074339336385, -0.9986437268012579, 12.112226264420293, -0.9986437268012579, 56.09833273569425, 4.266254681544831, 12.112226264420293, 4.266254681544831, 178.02133698947176, 6.292971567829414, 4.536321460532069, 26.0, 0.0
18, 0 ,1.0,1.0,1.0,218.77048008651903,29.627582639770537,269.6088399868341,12.586868171219018,13.929990028198477,14.457571604199146,68.0,64.0,65.0,-0.28583377654791986,-0.5471569629170131,0.7867136137857185,15.096873656892308,-0.056180124449790106,-0.8099848038072109,-0.5837537248002799,13.469716218370394,-0.9566309872679016,0.21105420046240495,-0.20078166914839396,12.334763881822047,76.8719680586813,75.30639933462001,61.63423569178258,22.755681146837833,6.608647726997941,106335.0,356797.57800117164, 0.0, -3.552713678800501E-15,0.0,56.82781347195285, 91.64961083058066,91.64961083058066,0.0, 158.4292503596464, 13.182694144977992, -16.077694562292038, 13.182694144977992, 194.04462218570902, -18.7675396405828, -16.077694562292038, -18.7675396405828, 209.02137669054548, 6.211500617509031, 4.628121500086256, 35.0, 0.0
19, 0 ,1.0,1.0,1.0,161.600283731452,256.56701557966846,281.49221016576564,14.947434991853111,12.68361196270211,10.075848237938727,72.0,67.0,43.0,-0.9569451856313821,0.29001296646258223,0.012181583661119834,15.15986183022511,0.28678666801771835,0.9511136574757872,-0.11461333958281172,12.458430287341034,-0.04482542519836949,-0.10618516773355471,-0.9933354878434486,10.039354911247788,75.57035159409891,64.52488187547192,45.294938637547205,21.082806926780123,6.429447492448842,78243.0,220865.7307946604, 0.0, 0.0,0.0,NaN, 146.2307897927777,146.2307897927777,0.0, 223.42581283567483, -20.96500118535605, -3.293037422717704, -20.96500118535605, 160.87401242040008, -5.476910445715228, -3.293037422717704, -5.476910445715228, 101.52271771397295, 6.671339941589189, 4.88115844721938, 31.0, 0.0
20, 0 ,1.0,1.0,1.0,40.69167712582366,85.52481761844996,38.129647787888295,12.413985159055356,12.430234865364543,15.732177535076909,58.0,60.0,78.0,0.09331487792803703,-0.00851294493463773,0.9956002527750865,15.758764354021736,0.5720671745904642,0.8188809803142789,-0.046616390203542135,12.477527488620675,-0.8148812682307525,0.5739002263878851,0.08128375507182063,12.332551647476642,79.58238037320696,61.58402232861606,63.280955586551045,22.60492260914269,6.718381513968778,101984.0,310140.15885948593, 0.0, 0.0,0.0,NaN, 102.09885923167714,102.09885923167714,0.0, 154.10702752924664, 1.6085107977185675, 8.845825276929395, 1.6085107977185675, 154.51073880812427, -0.9530430121502994, 8.845825276929395, -0.9530430121502994, 247.50140999517856, 5.939561760217853, 4.403468386049834, 34.0, 0.0
21, 0 ,1.0,1.0,1.0,190.7489044811936,281.833168136053,59.98231519641087,14.193550155169643,10.314196410404932,12.668754465511794,67.0,44.0,68.0,0.9778087707283933,0.16096028088645417,-0.13409621867741822,14.31170126865795,-0.1380991860378626,0.013893493114087538,-0.9903209508360251,12.639573018192129,-0.157539273523487,0.9868630902136539,0.03581366319785437,10.18593412611897,68.83940132063208,66.70606695401375,48.501703434332455,20.722366951551177,6.238618535574362,76676.0,222720.09928825015, 0.0, 0.0,0.0,NaN, 125.9512357555648,125.9512357555648,NaN, 201.4568660073162, 15.80002851118244, -5.593086305017227, 15.80002851118244, 106.38264759241, -2.9521261412633395, -5.593086305017227, -2.9521261412633395, 160.49733970742503, 6.15447785217925, 4.687821562443477, 35.0, 0.0
22, 0 ,1.0,1.0,1.0,281.087399032972,105.3905468078208,169.02612103356404,10.763665648960574,12.096366902082467,12.913563655073057,45.0,63.0,68.0,0.11857578642316685,-0.44355793504128754,0.8883671206973142,13.144178741249249,0.32078271993765634,-0.8295921998228788,-0.45702869557877457,12.023491335204751,-0.9397011383751362,-0.33916535827667593,-0.04391617334795165,10.564323832426822,67.41055308861773,59.220910226404555,52.58796302566407,19.898143300369895,5.744789805030599,70939.0,209937.1598743471, 0.0, 0.0,0.0,NaN, 169.1715425339147,169.1715425339147,0.0, 115.85649820261384, -11.988079761604885, 1.610919939552332, -11.988079761604885, 146.3220922297962, -11.604923712413378, 1.610919939552332, -11.604923712413378, 166.76012627362383, 6.188395126275478, 4.627643610958974, 22.0, 0.0
23, 0 ,1.0,1.0,1.0,277.7596393377571,207.39787482639272,11.310531072948127,12.813155107143718,12.177313660781811,7.1395402801309835,49.0,67.0,28.0,-0.9239090519930785,0.3816538023422552,-0.027063606613871756,12.940629129643563,0.3823476699979761,0.9235874062576122,-0.028223434402216065,12.048428280126075,-0.014224025181719198,0.03642359345309596,0.9992352070196453,7.128284570082623,64.60056943404649,61.56103052982655,29.911170847762705,18.119815419930536,5.925304747610744,45361.0,118953.0661470322, 0.0, 0.0,0.0,NaN, 95.90472012475296,95.90472012475296,1.3486991523486091E-6, 164.17694379972315, -7.812723942766678, 1.8985189984426243, -7.812723942766678, 148.2869679930633, -3.664303362019498, 1.8985189984426243, -3.664303362019498, 50.9730354116128, 6.495044146188339, 4.687734525113464, 14.0, 0.0
24, 0 ,1.0,1.0,1.0,91.06511870764247,268.35599505562425,39.31559822684455,11.316904293423883,14.712280767260175,13.573397369226488,61.0,61.0,67.0,-0.04897245747946666,-0.8533638319559772,0.5190104707208063,15.312700686174217,0.27490114736678206,-0.5110807696080072,-0.814386766907048,13.035176721508863,-0.960224482912641,-0.10279405258232746,-0.2596195777842131,11.15195094316717,76.01928367949719,69.36586223082521,58.69544097320127,22.052626547761843,6.514776024474559,93844.0,309509.4630087303, 0.0, 0.0,0.0,NaN, 104.11491323576732,104.11491323576732,NaN, 128.0723227865159, -1.7978398809185225, -12.996266365076387, -1.7978398809185225, 216.45120537469364, -29.810851046017447, -12.996266365076387, -29.810851046017447, 184.23711614292452, 5.837424115943262, 4.259433554672575, 34.0, 0.0
25, 0 ,1.0,1.0,1.0,52.01052771707177,188.8749764263448,49.266654094050566,14.43957268109226,10.965836491281456,13.568755590285376,73.0,55.0,74.0,-0.8208968466561135,0.06327161144479208,0.5675606314176735,15.145852879295422,0.5650732039883659,0.23372032874216167,0.7912440091823627,12.897870554844003,0.08258717384904166,-0.9702430165261875,0.2276133730644864,10.821738914989266,77.63397601129523,65.79998306809725,57.85715368832115,21.704814259713245,6.462429526605391,90143.0,295552.5259513743, 0.0, 0.0,-7.105427357601002E-15,55.41970425971984, 132.2159939768126,132.2159939768126,0.0, 208.50125921254593, 0.6716289381471756, -30.297428028080496, 0.6716289381471756, 120.24956995352, 13.139147705755432, -30.297428028080496, 13.139147705755432, 184.11112826890064, 5.951697034820303, 4.287629248282352, 32.0, 0.0
26, 0 ,1.0,1.0,1.0,68.69142600292167,62.35932127205304,161.42295763568941,13.528389097968082,12.74252195844228,12.00331138412152,64.0,62.0,58.0,-0.9439113895530132,0.22610773037137927,-0.2406378668007269,13.721094543766014,-0.11620114438529568,-0.9096098353029952,-0.3988824909213334,12.827631428847994,-0.3090769850953782,-0.3485473307692422,0.8848650606154527,11.689828830151987,66.118942423627,63.260159384768116,65.4355311918436,21.296188458066027,5.995082884341639,88990.0,273696.8584116838, 0.0, 0.0,0.0,NaN, 166.7656847983599,166.7656847983599,0.0, 183.01731158602166, -8.067704661978034, 13.017175150871415, -8.067704661978034, 162.3718658613837, 7.312995916857951, 13.017175150871415, 7.312995916857951, 144.0794841841813, 6.260418016951209, 4.387714046110709, 37.0, 0.0
27, 0 ,1.0,1.0,1.0,32.547217880922304,288.8757841101287,207.11096362585369,13.176515776387422,6.807025403254095,13.340510146807105,76.0,27.0,86.0,0.6552908778174864,-0.048074660998316865,0.7538452708739939,13.964435759569348,0.7546795756613418,0.0845298775938371,-0.6506254205559359,12.55925055838483,0.03244385194155795,-0.9952605321039654,-0.09167262245254278,6.721988779488389,69.87069630391267,78.04645436761162,31.973257372207854,18.843573375750275,6.545618095772187,46709.0,174355.29171179837, 0.0, 0.0,0.0,NaN, 99.05272661300228,99.05272661300228,0.0, 173.62056800538664, 2.4601031523927492, 18.74601832030616, 2.4601031523927492, 46.33559484054658, -11.619542037782661, 18.74601832030616, -11.619542037782661, 177.96921097706334, 5.791485798660329, 4.4491589543384515, 23.0, 0.0
28, 0 ,1.0,1.0,1.0,124.00387830318213,169.07219425240285,274.35250403488067,13.088961783479014,11.556773809364731,13.176742917114915,68.0,56.0,61.0,-0.7501685921287136,0.30705643034437424,0.5856307983429447,13.322542325259219,0.5890065657154946,-0.09222590664041404,0.8028484587320279,13.131735301482669,0.3005301131794667,0.9472120832889135,-0.11167327497576529,11.339042698455692,75.74532387280189,70.77261464253644,60.109181654311044,20.98808730124657,6.164956349326418,83026.0,322226.9665520221, 0.0, 0.0,0.0,NaN, 182.14512401212323,182.14512401212323,0.0, 171.32092056937415, -13.650582306136325, -0.7452666188812073, -13.650582306136325, 133.5590208808186, 5.548022195636676, -0.7452666188812073, 5.548022195636676, 173.62655390373806, 5.677071526180695, 4.22206102863101, 31.0, 0.0
29, 0 ,1.0,1.0,1.0,276.84347468939313,207.94523051648014,286.87310812198376,13.556025500720548,12.658907123333988,7.594731415484814,55.0,61.0,35.0,-0.9591714218200502,0.257752539581042,0.11642083964319527,13.72827144109623,-0.2395254603876399,-0.9591972673949928,0.15022701504079575,12.64032854735998,0.15039194589402807,0.11620770439821018,0.9817729024823948,7.310975287956576,62.233316982181975,65.64186245312771,40.43234934228798,18.993705488860268,6.397878867964739,48695.0,165170.62831582222, 0.0, 0.0,0.0,NaN, 95.82599093931607,95.82599093931607,NaN, 183.76582737618577, -8.950640784544253, -18.90280665148861, -8.950640784544253, 160.24792955719596, -11.270015825827604, -18.90280665148861, -11.270015825827604, 57.67994527335197, 5.591808509573895, 4.3463326458892295, 18.0, 0.0
30, 0 ,1.0,1.0,1.0,12.988822980655836,250.00123211236865,81.1914702620879,8.24893006248057,11.868431273050042,13.752901317885188,33.0,57.0,60.0,-0.06328119133390486,0.04344021515816263,0.9970498676246708,13.772365624350225,-0.1092172315889026,0.9927502651083375,-0.05018473325007427,11.904277595772344,-0.9920015560206632,-0.11207077600488775,-0.05807799943390471,8.164369096893214,59.04419292778875,57.421120437288124,36.18484918830286,19.057193399394503,5.905098005652303,56813.0,122680.52335367084, 0.0, 0.0,0.0,NaN, 96.23222514326245,96.23222514326245,0.0, 68.0448471756957, -8.476039244691309, -7.350578501110183, -8.476039244691309, 140.85966088311224, 1.5889954250198208, -7.350578501110183, 1.5889954250198208, 189.14229465948816, 7.80662264477992, 4.969992774436843, 25.0, 0.0
31, 0 ,1.0,1.0,1.0,60.33660525149022,44.389994581013845,34.658197448150155,11.990320558940288,12.01766768401162,14.397665949369443,62.0,60.0,68.0,-0.37340249086999233,-0.42673201603701233,0.8236931262922326,15.485644762542654,-0.6663173232674926,-0.4944056929664327,-0.5581973087323375,11.806886755567453,-0.6454392337979843,0.7572732645824544,0.09972661742435218,10.783187835174566,81.13537526769193,59.94636330083756,54.22347919780748,21.29023790217772,6.4969745672740205,81196.0,263730.56841714034, 0.0, 0.0,0.0,NaN, 82.53586010051362,82.53586010051362,0.0, 143.76778710614616, 27.301542663509206, -29.392213833875985, 27.301542663509206, 144.42433656333722, -37.037581659110316, -29.392213833875985, -37.037581659110316, 207.29278478963232, 6.287258296268647, 4.345830687006352, 27.0, 0.0
32, 0 ,1.0,1.0,1.0,135.43468714181157,142.76154834076755,174.91170093767693,12.336335152538018,11.412716085741252,11.858749262455985,58.0,52.0,55.0,-0.8747535368374406,0.4397588620188586,0.203515092969214,12.613071353671856,-0.29662779934765343,-0.15385606882814373,-0.9425180415986312,11.881892919200114,-0.38316862925421946,-0.8848392245829909,0.26503084385560555,11.081346452626024,66.12311526572526,54.34771692368386,59.060074056307485,19.81035603828299,5.53308062075136,72413.0,212240.66523662079, 0.0, 0.0,0.0,NaN, 233.1748200989096,233.1748200989096,0.0, 152.1851649957452, -13.122371081468028, -1.321635761745203, -13.122371081468028, 130.25008845373713, 5.913942801580894, -1.321635761745203, 5.913942801580894, 140.62993406980038, 5.610142828658425, 4.105704877113697, 31.0, 0.0
33, 0 ,1.0,1.0,1.0,239.0903256228224,95.07878605296938,185.3615906530794,13.058908018988047,11.309876388833365,11.971537517546787,67.0,56.0,59.0,0.9138376879320835,-0.35988369440349754,0.18810743371125424,13.388404360009389,0.214731002699627,0.03509023465122271,-0.9760426588585844,11.927811811012866,-0.3446611039768727,-0.9323370645504832,-0.1093449654571768,10.965583760432207,72.53490561732048,59.94855790235239,56.13435447803383,20.222924767466637,5.727076650672443,76346.0,244092.5494428643, 2.8421709430404007E-14, 0.0,-2.8421709430404007E-14,65.51205483981533, 160.90969171442802,160.90969171442802,0.0, 170.53507864839034, -19.23941409662959, 5.5260848093725965, -19.23941409662959, 127.91330393069043, -4.7489451677660375, 5.5260848093725965, -4.7489451677660375, 143.3177105340303, 5.848505379186082, 4.284133078957366, 30.0, 0.0
34, 0 ,1.0,1.0,1.0,273.53199513939836,65.50291177549524,239.45705704328688,13.764479429165936,13.049662489174226,11.780357172433582,58.0,71.0,57.0,-0.953840279286768,0.29582486901744426,-0.05173363007708399,13.85874284874058,-0.2626302085502494,-0.9052275406433394,-0.3340486090641086,13.116466410495192,-0.14565059274508038,-0.30504220450886,0.9411350372297179,11.59417766390673,65.11520879486335,63.61059591767034,58.87624489710879,21.408874635849973,6.339675620556008,87232.0,243866.42108087937, 0.0, 0.0,0.0,NaN, 93.04103758142942,93.04103758142942,0.0, 189.46089395593222, -7.321196656793634, 6.144434998534789, -7.321196656793634, 170.29369108136086, 10.492799746778777, 6.144434998534789, 10.492799746778777, 138.77681511010735, 5.538305539982182, 4.204536843990909, 33.0, 0.0
35, 0 ,1.0,1.0,1.0,131.38075324285072,276.1658110882957,59.005433966043974,12.894309810750945,12.112526221969535,12.179802709851664,64.0,53.0,69.0,-0.8849687956716611,0.023573714833690727,0.4650532342177509,13.180922977246347,-0.2860543299056409,0.7605295473206366,-0.5828959838551845,12.737380929561,-0.3674277494007295,-0.6488752481187801,-0.6663015543649188,11.195825451818758,64.60296229951332,67.26496867442663,61.314699807064784,20.640011870662843,5.94256013880833,79868.0,266444.02347732976, 0.0, 0.0,7.105427357601002E-15,62.28633266962759, 145.98154719435882,145.98154719435882,0.0, 166.26322549562806, -9.035988320667647, -13.763600527212445, -9.035988320667647, 146.71329147789956, -15.82512347889433, -13.763600527212445, -15.82512347889433, 148.34759405090995, 6.243766224283335, 4.29081889257539, 23.0, 0.0
36, 0 ,1.0,1.0,1.0,36.119483592825596,176.3970875947469,209.13501798287234,12.16554835848935,13.153310154195623,12.835357854316042,66.0,63.0,67.0,0.25108104790749725,0.815489291310746,0.5214743743839865,13.554942540164484,-0.34328297364744903,-0.42869755877809596,0.8356884605530136,12.579486096427607,-0.9050497817166956,0.38883880831933176,-0.1723057566054135,11.99068840418201,60.238539039495095,63.147096036666525,73.34758795941066,21.170664905087122,6.128580063935118,85359.0,279006.06906722597, 0.0, 0.0,0.0,NaN, 157.60311547379388,157.60311547379388,0.0, 148.00056686274291, 10.310946749858577, 1.0818185732340244, 10.310946749858577, 173.00956801246568, 11.810337111148513, 1.0818185732340244, 11.810337111148513, 164.74641124835253, 5.5742351239787755, 4.218776859568542, 40.0, 0.0
37, 0 ,1.0,1.0,1.0,200.49380549246334,175.4349429220377,193.5225952036813,12.536639848723523,10.701708076467908,11.736590533898005,64.0,53.0,56.0,0.9183269551425888,0.28334573949414993,0.2763888481271547,12.783544332627251,-0.2853843210427645,-0.009897693825681439,0.9583620531719177,11.651891783055557,-0.27428341685472396,0.9589667499801267,-0.07177311245202637,10.500279233555712,64.59618534849335,56.519223065181535,51.37380458265616,19.46610931157272,5.523770458737492,67802.0,187561.96960025223, 0.0, 2.8421709430404007E-14,-2.8421709430404007E-14,88.51644031346527, 191.71691089303218,191.71691089303218,0.0, 157.16733869660254, 13.90532249826342, 6.516400548444732, 13.90532249826342, 114.52655575393842, 3.921413342429986, 6.516400548444732, 3.921413342429986, 137.74755736038426, 5.927407189318854, 4.199122156909603, 34.0, 0.0
38, 0 ,1.0,1.0,1.0,162.91857500409347,9.677972445089004,223.97419943393137,14.073530789974104,6.531827577789493,12.247220042675984,70.0,27.0,66.0,0.9140632649638909,-0.018839738488158855,0.4051338197401567,14.479827487145785,0.4048079350886534,0.10365319929846595,-0.9085078700619238,11.811237637141064,0.02487736587367434,-0.9944350549577835,-0.1023720574097104,6.4461384252531095,73.20785595990381,61.600360888652006,29.37272017756919,18.590622593269252,6.716560933297737,42751.0,132460.11028713197, 0.0, 0.0,0.0,NaN, 157.05063699733248,157.05063699733248,0.0, 198.06426889634912, 1.2150364221033216, 26.230993151727763, 1.2150364221033216, 42.664771505971366, -10.50731436441428, 26.230993151727763, -10.50731436441428, 149.99439877372433, 6.5392569017333315, 4.297605692402619, 18.0, 0.0
39, 0 ,1.0,1.0,1.0,104.03233816226381,229.43837971261496,156.84621374629015,12.074432592022474,10.925749402561493,12.015378883673604,59.0,52.0,59.0,-0.8257284917945011,0.5423876593238456,0.15488087309922577,12.847237996247403,-0.17460853761665013,0.015309903037445893,-0.9845189005094614,12.006812289281559,-0.5363621131569172,-0.8399888296175037,0.08206369287122417,10.015896697891373,58.6695498890669,59.667202267440786,54.054488113237596,19.474721923764847,5.501677756572504,68062.0,189225.73030840524, 0.0, -2.8421709430404007E-14,0.0,57.15367444819356, 190.511616863281,190.511616863281,0.0, 145.79192241929456, -29.109001700617902, -0.7414639072548765, -29.109001700617902, 119.37200000757284, 4.77707855267145, -0.7414639072548765, 4.77707855267145, 144.36932971822952, 5.9355993816928825, 4.145024785836034, 23.0, 0.0
40, 0 ,1.0,1.0,1.0,51.60782280476171,20.726782529345886,165.56395260414507,12.320803082021863,11.315144304283885,12.337315504934248,61.0,49.0,59.0,0.43098472269367083,0.35419400085067876,-0.8299390209925362,12.75873687880406,-0.8855434391836879,0.342750605059063,-0.31358386446112335,12.2664665078947,-0.17339257805161581,-0.87009690982846,-0.4613744481260085,10.899195646888868,64.1537712541141,60.749118204253506,59.389765334655465,19.97353580426564,5.753425115243104,72327.0,231458.8435619235, 0.0, 0.0,0.0,NaN, 145.48545538330296,145.48545538330296,0.0, 151.8021885859594, -2.898016142728172, -6.940319443408818, -2.898016142728172, 128.03249062676804, -16.336454333644284, -6.940319443408818, -16.336454333644284, 152.209353868291, 5.603146526750777, 4.08197291919434, 24.0, 0.0
41, 0 ,1.0,1.0,1.0,186.53773450215584,66.11010536535221,62.973273178949775,11.77866825641243,11.325416255473025,12.483188184756573,57.0,57.0,61.0,-0.5553836842658176,-0.09590462048905504,0.8260455598937487,12.9675526914675,0.5296284535760256,0.7250235786216265,0.44026640980815035,11.681759380384758,0.6411260908854002,-0.6820140132076032,0.35187245043405263,10.872494722151083,66.96545294118482,58.54863356043876,59.9579054664036,19.766005075024704,5.668960211938045,70042.0,235079.1043843323, 0.0, 0.0,0.0,NaN, 145.63606990780778,145.63606990780778,0.0, 138.73702589461786, 9.669112696944303, -18.657924688215047, 9.669112696944303, 128.26505335973263, 1.8693943240332402, -18.657924688215047, 1.8693943240332402, 155.82998725604608, 5.3084880330709066, 3.9226264628960563, 32.0, 0.0
42, 0 ,1.0,1.0,1.0,92.14681776650438,158.63820589398463,106.56069222272225,11.28372103165759,11.55642815424192,13.203732739964506,57.0,56.0,61.0,-0.049653160210116565,0.1556845474904807,0.9865581003437317,13.232026471593949,0.665929909553348,-0.7310089249669298,0.14887346029754103,12.483643126367063,-0.7443600736494522,-0.6643705843062121,0.06737809336278167,10.211957697786604,61.280488431930536,58.083938532232665,52.63760442170155,20.065161844093783,5.709748719790379,73329.0,187358.92732036096, 0.0, 0.0,0.0,NaN, 199.5729790937405,199.5729790937405,0.0, 127.32236032027184, -25.645432566305743, 1.643041464225243, -25.645432566305743, 133.5510316841553, 5.263813288996453, 1.643041464225243, 5.263813288996453, 174.3385582684106, 6.201905760866892, 4.29665534459876, 28.0, 0.0
43, 0 ,1.0,1.0,1.0,84.02837406321277,207.95181492342783,190.68831541218637,13.786278769216944,12.340521463349958,10.372790919514937,65.0,60.0,52.0,-0.9749910688661211,0.22223400540542868,0.002112456569586805,13.86157366248123,0.21528582984061284,0.9467823382101418,-0.2392806208684135,12.367798093704772,-0.055176327361806124,-0.2328416863338577,-0.9709481561875835,10.239096135054773,65.41254974319929,59.37871747316035,55.05801093003282,20.39437528137612,5.832169461889069,76725.0,213851.5530975155, 0.0, 0.0,2.8421709430404007E-14,89.87896506413868, 165.77901076741816,165.77901076741816,0.0, 190.06148230256184, -9.107801904050893, -2.6588264926989864, -9.107801904050893, 152.288469987401, -10.861196453843506, -2.6588264926989864, -10.861196453843506, 107.59479145997155, 5.660789334286537, 4.106988843547884, 21.0, 0.0
44, 0 ,1.0,1.0,1.0,24.72378798639405,11.77107240309498,265.5288005083542,13.03201081364648,7.501622528321657,13.94903853207654,50.0,33.0,71.0,-0.457635330770766,0.06165541328049956,0.8869997260673439,14.338112360248902,-0.8821691963654872,-0.156157555319131,-0.44428856264889866,12.730519539129562,-0.1111189138454981,0.9858059788467322,-0.1258537208660649,7.282563324990448,76.25062864080053,70.71916829298775,35.404738532522046,19.442754170549527,6.531663849080789,53506.0,190915.84076396486, 0.0, 0.0,0.0,NaN, 44.0237144310644,44.0237144310644,0.0, 169.8333058469988, 10.715558611096737, -19.188611693773304, 10.715558611096737, 56.274340557423, 15.906894132000708, -19.188611693773304, 15.906894132000708, 194.57567596935607, 5.838365904953161, 4.203992014286315, 23.0, 0.0
45, 0 ,1.0,1.0,1.0,287.331013916501,78.73823724320742,284.84389956556953,8.0654692938204,10.27493145644751,8.643420366842431,37.0,50.0,36.0,0.11146050973625386,0.9603240701663519,-0.25564474379197927,10.381467254364287,-0.5591592099244117,0.2732670783624782,0.7827298907285598,8.967085013184683,0.8215336467400727,0.05570264035364432,0.5674325361940311,7.559844642258298,49.38940585659853,49.48784367887407,38.87024085683976,14.928219063138842,4.741624469013279,27162.0,95005.67858130734, 0.0, 0.0,0.0,NaN, 81.17832588154336,81.17832588154336,NaN, 65.05179492955973, 1.8649403190605285, -11.621548523453164, 1.8649403190605285, 105.57421643469455, -7.453570211648643, -11.621548523453164, -7.453570211648643, 74.70871563794654, 6.6781837196112575, 4.488492908738517, 9.0, 0.0
46, 0 ,1.0,1.0,1.0,121.56945896061731,236.87471369165425,78.33910026907425,11.77998783856636,12.552332700144968,14.204431078385484,61.0,62.0,66.0,0.1390006144897239,0.3296427198841521,0.933817169685189,14.479476482150506,0.12592188148954753,-0.9412003560992469,0.3135052941192267,12.300290473117533,-0.9822537904908342,-0.07401058644564892,0.1723366593628866,11.71079190457621,67.49549052886499,58.92086193122074,59.92162335136574,21.460766753709215,6.126215985042821,89938.0,238301.85320143803, 1.4210854715202004E-14, 0.0,0.0,82.00997974808598, 157.8003477640525,157.8003477640525,NaN, 138.76811347677133, 1.645007266875254, 9.970998250117763, 1.645007266875254, 157.56105621512864, 18.1446772424548, 9.970998250117763, 18.1446772424548, 201.7658622606034, 6.020970558524184, 4.220613667795991, 38.0, 0.0
47, 0 ,1.0,1.0,1.0,23.57186689254025,187.99559309585015,121.91363889448307,12.57557597780685,12.666744045262229,12.531752488657594,53.0,61.0,64.0,-0.5593667116131648,-0.5419632566107563,0.6272038826593292,13.874249009485409,0.6198690176020403,-0.7758463373466072,-0.11757917265798273,12.224754184513062,0.5503374264541309,0.3230143794163316,0.7699288458904016,11.562739116220602,72.25745923290222,63.65506414141244,59.44080669519565,20.976409465575912,5.968800738103069,84413.0,273401.15277421055, 0.0, 0.0,0.0,NaN, 167.22307084623347,167.22307084623347,1.9073486328125E-6, 158.14511117359268, 10.251510247047625, -21.77620852657037, 10.251510247047625, 160.44640470818615, -18.55009449173991, -21.77620852657037, -18.55009449173991, 157.04482043697578, 5.929552254349905, 4.285713353277677, 21.0, 0.0
48, 0 ,1.0,1.0,1.0,218.6622728118603,137.46926369331928,208.61208982073072,12.316135488468301,12.785730708684904,9.911841425287504,68.0,61.0,58.0,-0.46742345574814986,-0.8836216170017444,-0.026984272895150017,12.98194433841292,0.8674963564673364,-0.4525894394457071,-0.2064288517095351,12.204220689608489,0.17019219879992675,-0.11989844565065622,0.9780894530656198,9.794530214310575,64.94574186986478,59.02908480544873,55.743050708341514,19.49577543773681,5.772472922999857,64484.0,213701.4481168517, 2.8421709430404007E-14, 0.0,-2.8421709430404007E-14,75.22697971080459, 184.02547228970718,184.02547228970718,0.0, 151.6871933703083, 9.172005841962381, -8.577180508097609, 9.172005841962381, 163.47490975500816, 6.683629458853522, -8.577180508097609, 6.683629458853522, 98.24460044004543, 5.626418573436263, 4.030494526200423, 29.0, 0.0
49, 0 ,1.0,1.0,1.0,125.62055488683815,91.8058639085789,213.18003358447388,12.70581719858024,10.30210435923386,12.2026817450709,63.0,51.0,65.0,0.7511241120300834,0.12083674079576733,0.6490077429437,13.616768545169514,-0.6154829252032439,0.4837004490531535,0.6222657345290965,11.647371119465108,0.23873277343146096,0.8668519814014585,-0.4376920209806074,9.767238457030809,67.65449768849265,58.086089606241956,52.70184929289225,19.606432583830433,5.6625425401857195,67293.0,207106.94815431733, 0.0, 0.0,2.8421709430404007E-14,49.53316834408261, 178.17560727122753,178.17560727122753,0.0, 161.43779068373743, -3.8161780713944093, 28.461964506647593, -3.8161780713944093, 106.13335422854531, 19.178086260792817, 28.461964506647593, 19.178086260792817, 148.90544177148655, 6.179999587133038, 4.207142529067115, 37.0, 0.0
