// Sample: .//bubblelabels.tif, Map: .//bubblelabels.tif, Thickness:(8.191250068658265):/afs/psi.ch/project/tipl/test/LabelValidation/SmallStep0500//distmap.tif, Neighbors:(1.0):
//LACUNA_NUMBER, TRIANGLES, SCALE_X, SCALE_Y, SCALE_Z, POS_X, POS_Y, POS_Z , STD_X, STD_Y, STD_Z,PROJ_X, PROJ_Y, PROJ_Z, PCA1_X, PCA1_Y, PCA1_Z, PCA1_S, PCA2_X, PCA2_Y, PCA2_Z, PCA2_S, PCA3_X, PCA3_Y, PCA3_Z, PCA3_S,PROJ_PCA1, PROJ_PCA2, PROJ_PCA3,OBJ_RADIUS, OBJ_RADIUS_STD, VOLUME, VOLUME_BOX, Mask_Grad_X,Mask_Grad_Y,Mask_Grad_Z,Mask_Angle, Mask_Distance_Mean,Mask_Distance_COV, Mask_Distance_STD, SHAPET_XX, SHAPET_XY, SHAPET_XZ, SHAPET_YX, SHAPET_YY, SHAPET_YZ, SHAPET_ZX, SHAPET_ZY, SHAPET_ZZ, Thickness, Thickness_STD, Neighbors, Neighbors_STD
1, 0 ,0.3333333432674408,0.3333333432674408,0.3333333432674408,164.08517931592658,16.762152199196088,157.0830437118703,17.570829733980847,11.781845845913114,19.914612911546627,115.0,47.0,90.0,-0.44614243912225826,-0.022335831688749787,0.8946832035065896,20.646883318454208,-0.8902740721476071,0.11326348481841707,-0.4411161519016339,16.763844819826655,0.09148224131359768,0.9933138948134976,0.07041665921272226,11.696900127172736,121.54980443800629,93.56234208710302,50.915929299094294,27.376948867111935,9.728331163238392,147031.0,579040.6108227543, 0.0, 0.0,0.0,NaN, 197.9370218594693,197.9370218594693,0.0, 308.7340575405455, -11.65677438188386, -58.91331106669674, -11.65677438188386, 138.8118915368601, -12.98977003728563, -58.91331106669674, -12.98977003728563, 396.59180741673964, 3.2116811467350423, 4.300834813091976, 22.0, 0.0
2, 0 ,0.3333333432674408,0.3333333432674408,0.3333333432674408,17.53425768152586,283.2253270488649,76.44383828945199,11.772604649951301,10.838081956622444,33.23426648497194,54.0,47.0,147.0,0.11549846239390112,0.021225049591190967,0.9930808640057952,33.438323818955546,-0.7763961334184606,-0.6216746148842159,0.10358434834195336,11.824288562475624,-0.6195717466101159,0.7829879759475327,0.05532341569423182,10.131110980866183,146.4286130502669,69.3831641823418,52.51038380333932,33.37919353031341,15.69726564732194,145544.0,533488.7223879165, 0.0, 0.0,0.0,NaN, 80.20286938435294,80.20286938435294,0.0, 138.594220244055, 20.432219942659426, 113.48544098203206, 20.432219942659426, 117.464020498465, 19.010651921737765, 113.48544098203206, 19.010651921737765, 1104.516468794129, 5.163766633009081, 4.940613529823995, 14.0, 0.0
3, 0 ,0.3333333432674408,0.3333333432674408,0.3333333432674408,225.2714254254135,92.845279829537,137.3487884866052,14.80151276940915,18.071416782385917,16.74617511391788,75.0,103.0,89.0,-0.24284443639113562,0.933679869500432,0.2631890594297685,18.399000061352208,0.0483703273777155,-0.25931842746808864,0.964579838377752,16.6172575389785,-0.968858550637421,-0.24697338817194894,-0.017811636410605035,14.540935814358955,109.71115424754957,86.91605962314657,73.59187696650085,27.361396821444607,8.80052439978404,168013.0,701747.2075837943, 0.0, 0.0,0.0,NaN, 181.84965092986232,181.84965092986232,0.0, 219.08478026298212, -29.626465190588494, -5.104020530284173, -29.626465190588494, 326.5761045226993, 15.046762790434485, -5.104020530284173, 15.046762790434485, 280.4343809460024, 3.339157192382724, 3.6356660516245793, 29.0, 0.0
4, 0 ,0.3333333432674408,0.3333333432674408,0.3333333432674408,203.4611557944044,190.2090451896367,13.938542820312643,20.205576045807,16.39071924495108,8.865721001030574,108.0,90.0,41.0,-0.9622773450768352,0.23529657974948073,0.13659367009519086,20.562340448557208,0.24565656905098127,0.9672094535432745,0.06448816215881145,16.169771252428202,0.11694084501994163,-0.09561062982073171,0.9885258955795265,8.441009566372308,108.42652702687516,90.24238621655746,41.56144978589228,25.81884221984466,9.429176846605731,110158.0,406665.0097013673, 0.0, 0.0,0.0,NaN, 146.86076799021987,146.86076799021987,0.0, 408.2653033428897, -34.405876065592615, -43.19598191027336, -34.405876065592615, 268.6556773668097, 23.163249477421726, -43.19598191027336, 23.163249477421726, 78.60100886811455, 3.291967817923901, 3.818011235200367, 22.0, 0.0
5, 0 ,0.3333333432674408,0.3333333432674408,0.3333333432674408,265.1091398754418,12.430185715087246,24.463861302810976,21.781154712686,8.344492153211513,13.307775130506243,84.0,36.0,49.0,-0.9896665731916539,-0.14177120531334983,-0.021470893113436,21.975627912373763,0.042177721241668464,-0.1447142323488434,-0.988574140257849,13.403450591936375,-0.13704420359120884,0.979264375079419,-0.14919842479854253,7.652804644279905,87.95221312875282,53.589180964251824,39.096114418049815,25.127449012976125,9.474040053612061,89115.0,184271.21040037234, 0.0, 0.0,0.0,NaN, 44.38876149416894,44.38876149416894,0.0, 474.4187006179635, 58.801660929529895, 3.9684731523184826, 58.801660929529895, 69.6305492950085, 18.614547641760616, 3.9684731523184826, 18.614547641760616, 177.09687892412046, 4.330922139668808, 4.042511989461245, 8.0, 0.0
6, 0 ,0.3333333432674408,0.3333333432674408,0.3333333432674408,179.17262605716732,18.64625486207758,10.645826642400886,21.739905770003546,11.744943622274471,6.809052472176391,95.0,48.0,28.0,-0.9374669748061704,0.3480708910132738,0.001525115403128341,22.938112302298048,0.33122476895433023,0.8934245536846726,-0.3034513458604104,9.418382524847983,-0.1069851558811677,-0.28397045920758995,-0.9528457140159223,6.485944323742815,102.60629355979154,52.046884851133704,32.38745435467257,23.409765335753384,10.436152838708015,56046.0,172959.95146162418, 0.0, 0.0,0.0,NaN, 122.72029473238209,122.72029473238209,0.0, 472.6235028886334, -144.15936045017534, -5.3797839768266495, -144.15936045017534, 137.9437006904058, -12.387214805474372, -5.3797839768266495, -12.387214805474372, 46.363195568851424, 3.7576532257834554, 3.978466228080696, 10.0, 0.0
7, 0 ,0.3333333432674408,0.3333333432674408,0.3333333432674408,30.033611396398726,172.02258000162553,229.82688172837499,15.952166294992823,14.997230441966815,15.918289779744473,77.0,81.0,84.0,-0.7046971081094708,0.09628436038796283,0.7029447401942984,18.397077956331543,0.11336827342075077,0.9933003981754641,-0.0224043202544107,14.969180936160518,-0.700392475975968,0.0639033718135841,-0.7108915097728402,13.048050609712813,106.87047716737712,79.3025918698994,72.6289732791544,25.784438890393236,8.242765983095557,135341.0,615538.2351371372, 0.0, 0.0,0.0,NaN, 149.0117591699182,149.0117591699182,0.0, 254.47160950310504, -5.351510011211656, -83.4572116726075, -5.351510011211656, 224.91692092945615, 10.186440542321957, -83.4572116726075, 10.186440542321957, 253.39194951191737, 2.5864008898130937, 3.2163349810495445, 23.0, 0.0
8, 0 ,0.3333333432674408,0.3333333432674408,0.3333333432674408,61.64354521245803,133.85402338775037,283.2427231677666,16.288583242157763,15.525880095027372,10.090842190604592,85.0,81.0,43.0,-0.9657007803113722,-0.23565379885547444,-0.10903802085048525,16.49001289591711,0.18970100687193853,-0.9270411914306451,0.3234318434888911,15.96429722262988,-0.17730067934945976,0.291653761292107,0.9399481648614388,9.023119291995128,84.31448853701639,83.74523561372034,47.973099730223396,23.209290305540208,8.338155454941644,86370.0,338735.02089044685, 0.0, 0.0,0.0,NaN, 148.31598892324755,148.31598892324755,0.0, 265.31794403670267, 12.851520412628089, 30.701293483456404, 12.851520412628089, 241.05295272516716, -47.108912195215964, 30.701293483456404, -47.108912195215964, 101.8250961156857, 3.7398943798960502, 3.702054534523574, 16.0, 0.0
9, 0 ,0.3333333432674408,0.3333333432674408,0.3333333432674408,133.70531731078984,169.39355128417887,131.7736701842072,15.150645636896034,13.539295310243562,14.788410777563643,81.0,68.0,71.0,0.7063248550358342,0.5031828954514527,0.4979077955642991,17.363460362230203,-0.42793708130680014,-0.2567788888890281,0.8665647446460841,13.837887525917525,-0.5638927678213518,0.8251494264349993,-0.03396130817219406,11.771779266876255,81.26951556223361,71.20863665122673,64.68574224031718,23.872374289536403,7.852478578071749,102439.0,374342.30291214463, 0.0, 0.0,0.0,NaN, 228.6907441877647,228.6907441877647,0.0, 229.54206321479683, 63.715988369814426, 37.67293493543162, 63.715988369814426, 183.31251749798332, 29.042683807179653, 37.67293493543162, 29.042683807179653, 218.6970933259605, 2.8232751938267513, 3.254793008467717, 25.0, 0.0
10, 0 ,0.3333333432674408,0.3333333432674408,0.3333333432674408,255.0759537976899,50.43623431171559,10.581654082704135,17.823426719800743,17.502229516327752,7.265119375627719,78.0,69.0,32.0,-0.7273669808130425,0.6834243905887276,0.06219628261676508,20.093327222221067,-0.684951517774148,-0.7285741610733306,-0.004594574537821706,14.887152307113132,-0.0421745601258641,0.04594337998795891,-0.9980533614559252,7.170455700024125,90.31442282242291,89.69344664186616,33.99502608891361,24.417581160356995,8.9758714283223,79996.0,275380.5116669146, 0.0, 0.0,0.0,NaN, 68.36632988437788,68.36632988437788,0.0, 317.6745400361071, -90.19936696432289, -15.403409298046101, -90.19936696432289, 306.32803804221436, 15.545927514824204, -15.403409298046101, 15.545927514824204, 52.781959542121285, 2.9221512715349114, 3.2209509940023695, 11.0, 0.0
11, 0 ,0.3333333432674408,0.3333333432674408,0.3333333432674408,280.37649320823914,226.03424364885794,274.24574068469497,12.84439053541152,17.99088298005592,12.900681944720414,55.0,106.0,58.0,-0.1994636383904057,-0.9738570695021923,0.1087044853750936,18.25073838409522,-0.5895621863927143,0.030657862819701228,-0.8071409566012436,13.107064514397495,-0.7827072794703674,0.22508332596603173,0.5802644319930054,12.255335226659657,104.42459870635841,68.39664428871811,62.87109589042839,24.282174920701056,8.090353168269603,112342.0,449043.7335531211, 0.0, 0.0,0.0,NaN, 80.74216373297641,80.74216373297641,1.3486991523486091E-6, 164.97836822616904, 35.13697130750662, 6.313810970074635, 35.13697130750662, 323.6718704020657, -19.896417763735194, 6.313810970074635, -19.896417763735194, 166.42759463883527, 2.8105746695764156, 3.5112289064910205, 13.0, 0.0
12, 0 ,0.3333333432674408,0.3333333432674408,0.3333333432674408,81.0776427873202,209.33811349940382,68.24081295049037,11.780282741744584,13.847765939802896,14.361280285100284,52.0,67.0,67.0,-0.25053043684005977,-0.5615801672132417,0.7885824091428089,15.049482182536408,-0.016191549561743884,-0.8120152322731838,-0.5834116010837602,13.319402838604498,-0.9679733126174079,0.1589307344382283,-0.19434167775185773,11.527733883409791,71.94909724493655,67.36960818264001,59.717771726941194,22.178448288397103,6.700633249561805,93093.0,289462.9374856716, 0.0, 0.0,0.0,NaN, 139.46315060236913,139.46315060236913,0.0, 138.77506147544528, 13.753924737910465, -18.071107344334756, 13.753924737910465, 191.76062152356516, -20.360358227037935, -18.071107344334756, -20.360358227037935, 206.2463714272101, 3.4924081514581573, 3.658080701298468, 22.0, 0.0
13, 0 ,0.3333333432674408,0.3333333432674408,0.3333333432674408,226.6343648969371,203.18849395451403,247.60611836818597,12.943178394449712,15.263353942381949,12.923973114510712,60.0,69.0,60.0,-0.03799251542529283,-0.9043834258999012,0.4250261024092715,15.903329226827335,0.8297703963293744,0.20844902765669582,0.5177162275265965,13.562673003659082,-0.5568102532704042,0.3723434192066991,0.7425110908440447,11.430789215296059,70.04721773303034,59.80495966466407,54.581076221435794,22.871404943864896,6.665114963698428,107022.0,228649.46335560083, 0.0, 0.0,0.0,NaN, 132.2879546645101,132.2879546645101,0.0, 167.5258669505498, 13.416698967820507, 20.91555958462267, 13.416698967820507, 232.96997357042656, -41.24220464802944, 20.91555958462267, -41.24220464802944, 167.02908106459572, 2.942200144442193, 3.311910627858529, 22.0, 0.0
14, 0 ,0.3333333432674408,0.3333333432674408,0.3333333432674408,158.72382625942777,216.70112132784703,166.51834227901838,13.348398946729432,13.066503774069037,16.30765964179741,74.0,71.0,80.0,0.2704939877531212,-0.17906295467128422,0.945922544849103,16.54881031026527,0.6822430092781212,-0.6575844739846045,-0.3195733653881745,14.153709171617187,-0.6792477301254289,-0.7317917175254037,0.05570819760746553,11.860119405455123,80.39628398907243,65.7456215215325,61.13552298501628,23.783206006551886,7.015137230405004,114953.0,323144.2575296385, 0.0, 0.0,0.0,NaN, 211.45924761701886,211.45924761701886,NaN, 178.1797544410474, -33.219311381215114, 21.073002116795532, -33.219311381215114, 170.7335208777604, -10.02309043104343, 21.073002116795532, -10.02309043104343, 265.93976299270804, 3.23226174154235, 3.4371632219017414, 25.0, 0.0
15, 0 ,0.3333333432674408,0.3333333432674408,0.3333333432674408,80.3435877053524,44.18590355060943,93.28505564387918,16.426428907017065,13.485725932993768,12.771417240864183,79.0,66.0,59.0,-0.880709982853243,-0.4688270353048093,0.06746211581282899,17.468741994545365,-0.09080013596026051,0.027324450072798188,-0.9954942037690713,12.748663038650447,-0.46487123100084243,0.8828672524199329,0.06663447450261092,12.129143117809457,76.8966223891452,58.82995363582366,59.09827907270703,23.718620586072472,7.226929251894513,113220.0,267350.25636393036, 0.0, 0.0,0.0,NaN, 130.8036229025521,130.8036229025521,0.0, 269.8275666372858, 65.21692427113341, -7.996793407540986, 65.21692427113341, 181.86480393982063, -5.417760565203653, -7.996793407540986, -5.417760565203653, 163.1090983402429, 3.4233797248798385, 3.578185220153593, 24.0, 0.0
16, 0 ,0.3333333432674408,0.3333333432674408,0.3333333432674408,143.71102948183702,189.33873357186792,74.74885425420396,16.137327480088253,13.317140968159846,13.123574239486986,76.0,66.0,70.0,-0.9590238713861419,-0.07479426888744095,-0.2732746447315049,16.46866148051601,-0.12570349467111103,-0.7520734822858446,0.6469807637557029,14.946731538915081,-0.25391306689299575,0.6548215746171132,0.7118545215681056,10.740865324942348,79.91907374304583,77.83413315637429,52.62675996958761,23.680622846947646,7.015403350158857,115427.0,327361.1726904115, 0.0, 0.0,0.0,NaN, 196.17891602953586,196.17891602953586,0.0, 260.41333819961153, 21.392866992035394, 32.05831420420685, 21.392866992035394, 177.34624356584135, -49.38361434053663, 32.05831420420685, -49.38361434053663, 172.22820081932642, 3.2986444176031897, 3.364554063734086, 20.0, 0.0
17, 0 ,0.3333333432674408,0.3333333432674408,0.3333333432674408,158.18489404574743,131.28148180952593,9.225714665308562,20.4312781767568,18.36955384528737,5.906051069954802,91.0,79.0,23.0,-0.9487511307186186,-0.31597506120325897,-0.005572491161006599,20.67568279564478,-0.315431263157916,0.9479034795792926,-0.04452091221070263,18.110442717488475,0.01934968172204468,-0.040481527874675856,-0.9989929107447098,5.855517155836209,89.84943411253951,79.48969233497374,23.91478661895381,26.428408949798648,9.555013136259035,90322.0,170801.890158961, 0.0, 0.0,0.0,NaN, 193.47213120758883,193.47213120758883,0.0, 417.43712793601856, 30.05705424792317, 6.203323277710268, 30.05705424792317, 337.44050847491206, -11.702304750235895, 6.203323277710268, -11.702304750235895, 34.88143924091426, 3.1378167488969555, 3.4083065486520137, 20.0, 0.0
18, 0 ,0.3333333432674408,0.3333333432674408,0.3333333432674408,109.3266392866624,289.5317394631229,23.057295001327358,19.065998339325805,6.466922277350176,14.18898652625836,83.0,26.0,65.0,-0.9103334850143777,0.03475997045094015,0.41241325210985663,20.132919584702833,0.4137083150087124,0.10474685599781533,0.904363602900529,12.699473557200793,0.011763339416613982,-0.993891261966229,0.10973505926980143,6.328478128638112,89.57972982792846,67.88521711872605,26.903401711426,22.99545231779093,8.824391636766391,64037.0,163603.33637828453, 0.0, 0.0,0.0,NaN, 112.22093115440705,112.22093115440705,0.0, 363.5122926751744, -6.305438954825179, -91.78399112298807, -6.305438954825179, 41.821083741287985, 16.720271841432254, -91.78399112298807, 16.720271841432254, 201.3273386423413, 4.6046951892345716, 4.054091155376559, 11.0, 0.0
19, 0 ,0.3333333432674408,0.3333333432674408,0.3333333432674408,7.9877744351276965,96.35343190595063,37.76598604621392,5.473722466869376,14.851677586546955,14.986156701390746,23.0,66.0,74.0,0.03438622208233649,-0.6816953327590519,0.7308276548033952,15.788034442795716,0.02976576550519348,-0.7302371410388742,-0.682545029321335,14.010807006647301,-0.9989652581220201,-0.045223789557026585,0.004818913083642428,5.436369460703515,70.59665717819834,65.71788254306233,23.959632909089514,20.46282618588509,7.50943419599226,46869.0,111159.8261672651, -8.881784197001252E-16, 0.0,0.0,88.02942613265056, 103.79816030414011,103.79816030414011,0.0, 29.96163764431056, -8.774616132579983, 2.133604514806675, -8.774616132579983, 220.5723271347412, -26.348088477576493, 2.133604514806675, -26.348088477576493, 224.58489267863877, 3.0938588904962874, 3.2378254194567653, 10.0, 0.0
20, 0 ,0.3333333432674408,0.3333333432674408,0.3333333432674408,148.26858470106637,96.54185327293493,94.32353356346324,12.381387671149064,12.95499853071095,11.66787791120921,60.0,70.0,57.0,-0.37705817039807277,-0.8319175556353442,0.407112167297627,13.665716111931163,-0.8961768726510817,0.21671441823522916,-0.3871716335868275,12.230316040507985,0.23386780253250808,-0.5108307366972736,-0.8272592153514735,10.997167600900088,69.78318229399186,64.01208885431078,54.62513897571914,20.539909106189995,5.948298618456784,77927.0,244008.7076800873, 0.0, 0.0,0.0,NaN, 200.5014504349731,200.5014504349731,0.0, 153.29876066328205, 15.081781808583498, -0.16443026785687054, 15.081781808583498, 167.83198693072288, -24.693472156213282, -0.16443026785687054, -24.693472156213282, 136.1393749508838, 2.636210994246954, 3.0269067265813008, 15.0, 0.0
21, 0 ,0.3333333432674408,0.3333333432674408,0.3333333432674408,261.2908531974762,225.9987480321793,158.8047054156905,15.352796041568002,10.274543053962685,12.708213639622054,80.0,47.0,57.0,0.9136729076940384,0.06349945979321009,0.40145938319074165,15.915079069872467,-0.40384001805102215,0.2535862064586712,0.8789808164655526,12.14279189517416,0.04598975501642083,0.9652263229418635,-0.25733846959531514,10.101293895447,82.01201271644283,58.75984680240162,46.909302008081966,21.35449394159453,6.838045310641918,80673.0,226056.55041959105, 0.0, 0.0,0.0,NaN, 164.04479434512442,164.04479434512442,0.0, 235.7083462939861, 4.124903947701738, 39.360683154540816, 4.124903947701738, 105.56623496773285, 13.977877049905054, 39.360683154540816, 13.977877049905054, 161.498693910276, 2.6694265336960834, 2.961403361894779, 20.0, 0.0
22, 0 ,0.3333333432674408,0.3333333432674408,0.3333333432674408,16.466811160211687,97.65143102220247,152.52331681613833,10.336061078940878,20.33349379271458,15.544464465509785,43.0,99.0,73.0,0.020163176745730357,0.9913277636593021,0.12985650273192695,20.412188901689287,-0.11175390553789355,-0.1268342968117217,0.9856085053150179,15.49965642972846,-0.9935313336279576,0.03438496983454656,-0.10822736691303773,10.247863131774576,100.08929614324984,72.0194267283022,46.291105990069944,26.18240533304301,8.740546604267085,130571.0,333683.59234573133, 0.0, 1.4210854715202004E-14,0.0,7.551227273026659, 177.64101422076814,177.64101422076814,0.0, 106.83415862759645, 8.145782572965857, -14.077989803074725, 8.145782572965857, 413.4509698183624, 23.21357512964539, -14.077989803074725, 23.21357512964539, 241.6303755194964, 2.9188500089220337, 3.6478259827443438, 20.0, 0.0
23, 0 ,0.3333333432674408,0.3333333432674408,0.3333333432674408,258.41997594722966,177.15879687556944,170.99097413719798,13.41003226184854,12.014664751422018,13.514654312679955,73.0,63.0,65.0,0.6981701069675761,0.01827878174267067,0.7156985314187021,15.405272750933076,-0.02560185738324187,-0.9983971919620823,0.05047367611693954,12.015670434123141,0.7154740013693103,-0.0535624235843878,-0.6965831035449795,11.186073977585625,78.08009223078295,62.38625590729683,62.9342205669425,21.452933543142105,6.826320966500038,82319.0,306560.43094048405, 0.0, 0.0,0.0,NaN, 182.926729428358,182.926729428358,0.0, 179.8289652638187, 1.923785206547917, 56.03623758948451, 1.923785206547917, 144.3521690890627, 0.4977706978770712, 56.03623758948451, 0.4977706978770712, 182.6458811912389, 3.049906096178336, 3.2585333977535993, 17.0, 0.0
24, 0 ,0.3333333432674408,0.3333333432674408,0.3333333432674408,279.46069705647136,78.44097034113287,204.87450231750208,12.798325336608261,19.71325391340959,12.172971794448848,56.0,102.0,62.0,-0.036195339723992276,0.9979832776957335,0.05214666645093573,19.7405273742079,-0.7880787043077246,0.0035820618456963126,-0.6155640703042954,13.7285544791188,-0.6145094410982819,-0.06337622797716785,0.7863597144618126,11.06476951801032,101.28634015047545,71.96532689321668,60.97863558613665,25.01576040867965,8.648842972349197,116289.0,444479.6518566231, 0.0, 0.0,0.0,NaN, 124.99483630457479,124.99483630457479,0.0, 163.79713142166898, -9.840471111247401, 31.53439631299757, -9.840471111247401, 388.6123798545586, 13.762948526158079, 31.53439631299757, 13.762948526158079, 148.18124230844722, 3.102891111001478, 3.477926927015833, 22.0, 0.0
25, 0 ,0.3333333432674408,0.3333333432674408,0.3333333432674408,21.594449240170658,88.94258584177416,222.06535091260255,12.949381272492571,18.619748118704102,17.010812391705358,53.0,91.0,84.0,0.08371959176400065,0.9439390830188499,-0.31932747690169305,18.81112417507057,0.19521982665453813,-0.32977923446818413,-0.9236530061633267,16.981999204969018,-0.9771797425427118,0.014988797920806325,-0.21188460704130493,12.708365112895907,93.8756783362652,89.59109231128949,58.21918673585439,27.025297537972154,8.566360169543632,161023.0,489648.0781965839, 0.0, 0.0,2.8421709430404007E-14,71.37774157782478, 120.21195174600341,120.21195174600341,0.0, 167.68647534038132, 7.032316397193954, -28.021887490323405, 7.032316397193954, 346.6950200039849, -19.331392601137775, -28.021887490323405, -19.331392601137775, 289.36773822579653, 3.352210147540717, 3.889662689278267, 16.0, 0.0
26, 0 ,0.3333333432674408,0.3333333432674408,0.3333333432674408,219.94264487369986,101.62784006483858,245.06112386870188,13.06423539758404,13.610396629609376,10.084664167151079,62.0,66.0,53.0,-0.2876496546808152,0.9058020039338824,-0.3110954931068107,14.143931489356177,0.9562430104408006,0.25349944086861803,-0.14607305864673564,12.9719034488531,0.053450735683641164,0.339500755740926,0.9390858617326838,9.449683446604066,68.90783144695226,61.744455863465134,47.95812954824376,20.48565820024994,6.160795598425211,74030.0,204046.32952678905, 0.0, 0.0,0.0,NaN, 140.55489353499246,140.55489353499246,0.0, 170.67424652348785, -9.713632190796915, -1.120146806071747, -9.713632190796915, 185.24289641528227, -34.13390485334838, -1.120146806071747, -34.13390485334838, 101.70045136422095, 2.617087070108684, 3.025978449030374, 18.0, 0.0
27, 0 ,0.3333333432674408,0.3333333432674408,0.3333333432674408,98.52948049780218,179.20067882115103,287.20019659847543,12.476062649245044,16.722668918313666,6.988151774318993,54.0,77.0,29.0,0.4226345108783985,0.90594688226544,0.025304480395894613,17.732949667355744,0.9049114352540503,-0.42027728000566406,-0.06709919714493971,11.015506785538896,0.05015341026322896,-0.0512567500390918,0.997425376163249,6.9523497145291,79.7697135747863,57.120396768585586,31.189962749010647,20.63934914545795,7.6257017416229935,53917.0,142116.3694024595, 0.0, 0.0,0.0,NaN, 156.4108995292693,156.4108995292693,0.0, 155.6521392278873, 74.12882803222949, -1.5867947492122392, 74.12882803222949, 279.647655751534, 8.159520611393376, -1.5867947492122392, 8.159520611393376, 48.834265220917686, 3.3062760920039462, 3.4354328132318686, 15.0, 0.0
28, 0 ,0.3333333432674408,0.3333333432674408,0.3333333432674408,243.10948289988062,228.7822046396217,286.5715489594794,10.819118448940433,12.708558946334286,7.757706152128125,56.0,60.0,33.0,0.1961233368486469,0.9789008503031981,0.05734772897881295,12.787506426295154,-0.9697592311666489,0.20229128964919307,-0.13654767555376593,10.79170127334096,-0.1452675817600832,-0.028833303795115985,0.9889721787198245,7.665615583360165,61.37426970526968,53.44286341575045,37.5164120072223,17.52228578760218,5.631367509317229,42719.0,123054.45839924061, 0.0, 0.0,0.0,NaN, 92.13483928058568,92.13483928058568,0.0, 117.05332401220322, 8.793057630105777, 8.81867238269889, 8.793057630105777, 161.50747049245322, 4.287124968257494, 8.81867238269889, 4.287124968257494, 60.182004742766566, 3.1918340736214437, 3.489360089437683, 7.0, 0.0
29, 0 ,0.3333333432674408,0.3333333432674408,0.3333333432674408,201.89481946624804,237.81796616082332,82.54855514855515,13.887216773751824,15.223101002853056,11.24421203537543,62.0,78.0,48.0,0.6304607649796587,0.7091021232316645,0.3157426208949448,16.26775018560476,0.5596854326676823,-0.6971270567303045,0.4480692839663655,14.180162936842708,0.5378396046042464,-0.1057735581461075,-0.836385386120692,9.236513473387564,85.66685439688246,68.11985077712681,47.240618381841735,22.30062475589988,7.328849408827008,85995.0,275677.9827273481, 0.0, 0.0,0.0,NaN, 142.4973534387591,142.4973534387591,0.0, 192.854789721174, 35.00211063346305, 64.72834096538959, 35.00211063346305, 231.74280414306574, 3.989953861218479, 64.72834096538959, 3.989953861218479, 126.43230429648165, 2.961430442439615, 3.0278681964967826, 19.0, 0.0
30, 0 ,0.3333333432674408,0.3333333432674408,0.3333333432674408,25.440817960436334,272.957133802582,233.41005437502085,15.018227191812569,14.973544090009,17.02841876752498,63.0,66.0,83.0,0.28692077496018015,0.33879623585595736,0.8960432910669459,17.602906987667176,0.8278468465739063,-0.5583519521268031,-0.05396940034711656,14.869975801893759,0.4820228910683482,0.7572715550752066,-0.4406741702892157,14.44793070156314,91.05071311130399,74.04083312610351,72.08729488911057,25.986462334056124,8.026518029812499,149885.0,485974.38312836125, 0.0, 0.0,0.0,NaN, 76.24154175385748,76.24154175385748,0.0, 225.54714798489846, 4.110212865835514, 25.444366596614678, 4.110212865835514, 224.20702261544344, 31.070364608596407, 25.444366596614678, 31.070364608596407, 289.9670457221969, 2.110650753831356, 2.70587464042055, 16.0, 0.0
31, 0 ,0.3333333432674408,0.3333333432674408,0.3333333432674408,259.1010987114588,261.84001092959045,151.88477910722503,12.624519735924219,11.52840007574221,14.29519623260014,70.0,53.0,66.0,0.6184570927969409,-0.15152917496078197,0.7710705113703031,16.734899829158344,0.12122358645117916,-0.9510894839435392,-0.28413664955426965,11.538235339681394,0.7764120468263414,0.26919825903544964,-0.5698391271887299,9.134954578530849,90.87713364251132,59.05306572208684,51.21291936401104,21.01653054826461,7.41219170768885,69536.0,274837.88801059994, 0.0, 0.0,0.0,NaN, 158.32568822708188,158.32568822708188,0.0, 159.3784985627401, -24.15334901108809, 92.04665213524603, -24.15334901108809, 132.90400830637302, -9.545355390475724, 92.04665213524603, -9.545355390475724, 204.35263532854526, 2.778688161104602, 3.048183904091885, 16.0, 0.0
32, 0 ,0.3333333432674408,0.3333333432674408,0.3333333432674408,122.16613299788439,185.911415747041,164.79874492538167,15.979107701328953,10.648938000790226,10.083427175294883,77.0,48.0,48.0,-0.9982505969223919,-0.030395941481893247,0.05071323777395234,15.995638828800411,-0.031382022322336896,0.9993313457189636,-0.018762466215440636,10.642983478073612,-0.05010902532526895,-0.02032112705915997,-0.998536998501306,10.063483900660076,77.3517910326469,47.31021706930039,47.759127725027724,20.615466147544126,6.738681072309468,69956.0,174775.96185145754, 0.0, 0.0,0.0,NaN, 214.98871710453392,214.98871710453392,0.0, 255.33188293067025, 4.314276490763196, -7.818814876819533, 4.314276490763196, 113.39988054467412, -0.46327945705030166, -7.818814876819533, -0.46327945705030166, 101.67550359947535, 3.587095682869812, 3.318744862921721, 14.0, 0.0
33, 0 ,0.3333333432674408,0.3333333432674408,0.3333333432674408,226.01886497398425,284.6413522504336,178.17025390236273,18.361914496749886,9.80526901054979,10.36606230827037,83.0,44.0,48.0,-0.9717953689860835,-0.23581630733124678,0.0021047598099097624,18.768428643555147,-0.08262028371524402,0.34880919713432923,0.9335448745043361,10.58395765129245,0.22087926461308,-0.9070406899313609,0.3584543726512836,8.74553479334294,87.37631720269937,53.75089666578725,46.459949376212066,21.85496024220309,7.9447570728027825,70342.0,218201.725987165, 0.0, 0.0,0.0,NaN, 143.3582346244805,143.3582346244805,0.0, 337.1599039859536, 62.17268382422551, -3.3049234728673142, 62.17268382422551, 96.14330036924805, 11.434607566585811, -3.3049234728673142, 11.434607566585811, 107.45524777894366, 3.3603996164586865, 3.4090442426004515, 12.0, 0.0
34, 0 ,0.3333333432674408,0.3333333432674408,0.3333333432674408,216.61377700509405,161.8509963162438,229.55356035646116,10.73367047464992,13.201304618001938,14.28073945591849,57.0,67.0,67.0,0.32443399748333696,0.17735570402997797,-0.9291326791825871,14.689564938631026,-0.112688632424878,-0.9680227485839947,-0.22412770990240846,13.239987268869177,0.9391718976839076,-0.1774173398287731,0.29407351823802313,10.116573724211275,72.69365379489308,66.76948224150854,54.73259199214226,21.262470965890202,6.429072507612284,82253.0,265656.54647595953, 0.0, 0.0,0.0,NaN, 176.0713215223349,176.0713215223349,NaN, 115.21168185837143, 14.48526437910392, -32.35255242478638, 14.48526437910392, 174.2744436172793, -2.86538563056918, -32.35255242478638, -2.86538563056918, 203.9395194078271, 2.8601543724206455, 3.101227814013388, 19.0, 0.0
35, 0 ,0.3333333432674408,0.3333333432674408,0.3333333432674408,28.407175029355578,216.59030126710948,44.331586603340405,11.806877540390003,11.814033256063668,10.151864249286612,57.0,52.0,55.0,0.09650765125250817,0.893738206228118,0.4380847999849688,12.371472626881106,-0.9606337172261785,-0.03156542062903564,0.2760189949056526,11.966990716834944,-0.2605170523745786,0.44747697476926995,-0.8555087506702681,9.261311191759265,63.16606257956852,59.06230369937782,49.04424705733989,18.724123979934298,5.607251372030179,57059.0,182970.99937141288, 0.0, 0.0,0.0,NaN, 98.6378984297084,98.6378984297084,0.0, 139.4023572537659, 7.544848852262511, -12.385035692097855, 7.544848852262511, 139.5713817753783, 25.84248760101475, -12.385035692097855, 25.84248760101475, 103.06034773594362, 3.0778917231172453, 3.1577702585312704, 11.0, 0.0
36, 0 ,0.3333333432674408,0.3333333432674408,0.3333333432674408,93.2723796752682,175.64540446506234,86.20475137721078,14.802592757333764,11.800622795639484,8.284674264618621,67.0,57.0,41.0,-0.9196869092147202,0.3924540165912595,0.01248334412176798,15.393318166670145,-0.3915678404687493,-0.9190442047624916,0.04508188109561623,11.025029418820644,0.029165310382630934,0.036573139786823854,0.9989052958696426,8.276579034182683,70.30100748219022,50.001145644484495,41.69953155626362,19.649317219721734,6.396218505808169,55184.0,146579.31247570092, 0.0, 0.0,0.0,NaN, 177.74999690844453,177.74999690844453,NaN, 219.11675233947, -41.70953672286092, -2.870426535786725, -41.70953672286092, 139.25469836496623, -1.3726881895248466, -2.870426535786725, -1.3726881895248466, 68.6358276708341, 2.271648373527176, 2.660706922484146, 12.0, 0.0
37, 0 ,0.3333333432674408,0.3333333432674408,0.3333333432674408,16.799320550915127,215.9083421248754,152.43355046022512,11.504514198479063,15.533107921763639,15.020208076823518,51.0,71.0,76.0,0.13934714885558083,-0.7284907548221069,0.6707336224199122,17.085631315002587,-0.3706297750093344,-0.6664783669615836,-0.6468695048066115,13.698450217802359,-0.9182679031646214,0.15845443039226492,0.36287222476611797,10.93945170113341,75.9169197675888,70.25339527896827,56.0024550621667,23.38480765838799,7.238004566396592,103319.0,298684.690757503, 0.0, 0.0,0.0,NaN, 170.67360992530254,170.67360992530254,NaN, 132.35384694300635, -0.6941553284762034, 32.39622175245845, -0.6941553284762034, 241.27744170915634, -54.8578894215194, 32.39622175245845, -54.8578894215194, 225.60665067107445, 2.8998923317027874, 3.082568567917031, 20.0, 0.0
38, 0 ,0.3333333432674408,0.3333333432674408,0.3333333432674408,88.24127821753152,11.498998338708102,63.73675852633636,10.212672001529311,7.480165242455508,13.04195375443726,52.0,32.0,61.0,-0.14680497852724556,0.10536708099378497,0.9835375318321437,13.150367279004152,0.9891639617470631,0.017365787503405086,0.14578438258346146,10.138395612243245,-0.0017190289321200617,0.9942817546687842,-0.10677470333508216,7.390864227888653,64.4484660437521,51.88073724115388,34.57081105999567,17.294536106434773,5.5895545494545145,40932.0,115592.13693118245, 0.0, 0.0,0.0,NaN, 109.45832326370584,109.45832326370584,NaN, 104.29866941082072, -1.002714443298186, -10.13696440941308, -1.002714443298186, 55.95287205443947, 12.382407580856059, -10.13696440941308, 12.382407580856059, 170.09255773288015, 4.175922397619135, 3.470912710034365, 9.0, 0.0
39, 0 ,0.3333333432674408,0.3333333432674408,0.3333333432674408,228.22630742683364,101.69206061745058,62.14503425535187,9.587658299772356,10.515166149423372,15.103722306222949,51.0,50.0,67.0,0.010984268209882278,0.019671479086792693,0.9997461571631228,15.105267858931045,-0.6103263859414542,-0.7918364894924769,0.022286240864564065,11.737452400430268,-0.7920738907927318,0.6104162570072719,-0.0033082783582080865,8.042228073379171,67.44412375980238,56.816838255501125,40.6351061160387,19.733182190787907,6.4199578621560764,58531.0,155712.17725845176, 2.8421709430404007E-14, 0.0,0.0,89.37063513418774, 139.12132626168247,139.12132626168247,0.0, 91.92319167319374, 35.35833942801715, 0.8012143352002608, 35.35833942801715, 110.56871914997916, 1.9254770535009145, 0.8012143352002608, 1.9254770535009145, 228.12242750349668, 2.6829394275225082, 3.088627782100408, 13.0, 0.0
40, 0 ,0.3333333432674408,0.3333333432674408,0.3333333432674408,251.59651647662275,233.1536957083287,110.37088699460004,11.213090955597888,13.232313431571479,13.319223416887604,52.0,71.0,60.0,-0.46311406611082445,0.7269275248219069,0.507052004656914,14.250039990297966,0.09494095710123335,-0.5281201638786751,0.8438455469868068,13.088933801521938,-0.8811989425975276,-0.4389367450567992,-0.1755646815391457,10.190456916797727,72.58305774324256,61.138331381987896,49.418070492931065,20.967976021691154,6.210734377879303,81297.0,219297.9773755951, 0.0, 0.0,1.4210854715202004E-14,59.53233600920688, 137.8153050666991,137.8153050666991,0.0, 125.73340877851118, -36.78505324151451, -17.892937805861436, -36.78505324151451, 175.09411875134697, 6.5005937119754496, -17.892937805861436, 6.5005937119754496, 177.4017124289671, 2.5038530788824933, 2.906193458753805, 15.0, 0.0
41, 0 ,0.3333333432674408,0.3333333432674408,0.3333333432674408,198.14577023584337,225.59054877048732,195.84764757978985,11.471509020512048,11.886720298103397,15.526524145738742,61.0,56.0,72.0,0.016839772874185716,-0.18542151935283427,0.98251477455071,15.645929780062774,-0.12544904595368767,-0.9752808187693527,-0.18190618848706336,11.734660008988337,-0.9919571356257563,0.12019228220425816,0.039684460178722056,11.46582864393305,70.6592251163992,52.401731360750716,60.15222513156266,21.74975222268311,6.396160485258853,91459.0,222723.58274079574, 0.0, 0.0,0.0,NaN, 163.58105962424406,163.58105962424406,1.9073486328125E-6, 131.59551920768928, 0.40921947311760626, 2.017408483213752, 0.40921947311760626, 141.2941194453433, -19.539862598891624, 2.017408483213752, -19.539862598891624, 241.07295204820815, 2.676651882873615, 3.122420004918067, 18.0, 0.0
42, 0 ,0.3333333432674408,0.3333333432674408,0.3333333432674408,168.53808792895515,16.677381866023463,274.31266308518803,14.623514960830038,11.118719585196185,14.848521209491738,68.0,48.0,63.0,0.6813646215502399,5.439548189490294E-4,0.7319439572896639,16.235476073156228,-0.7266316385451652,0.12076699859313043,0.6763296488517824,13.093618543182393,0.08802678208856037,0.992680732241722,-0.08268161507355412,11.086846587563706,84.06765868274249,61.30120653446298,53.99695684469093,22.475320159414743,7.267164568411049,91210.0,278270.5582746912, 0.0, 0.0,0.0,NaN, 134.9822531633524,134.9822531633524,0.0, 213.84718980961992, -4.206054430463418, 46.309207416314635, -4.206054430463418, 123.62592521422522, 4.019421378628703, 46.309207416314635, 4.019421378628703, 220.478582108726, 2.7373812411038867, 3.1559052007534314, 10.0, 0.0
43, 0 ,0.3333333432674408,0.3333333432674408,0.3333333432674408,83.28193808589492,255.6716263352954,151.6131821815275,12.913677054279818,11.119943514968051,8.944054445854315,57.0,51.0,42.0,-0.9523757392108054,0.20330898434613465,-0.22725736125990637,13.175856972679101,0.22291799091167164,0.9727366401516877,-0.0639609117689092,11.050577206948518,-0.20805773403211,0.1115745750184583,0.9717320070466314,8.642560106675157,62.657260277999015,53.624591411955976,43.76714849354752,18.456043212785886,5.457726421916314,55044.0,147056.305109808, 0.0, -2.8421709430404007E-14,0.0,78.26947351767811, 175.83951099054235,175.83951099054235,0.0, 166.7630550622331, -8.868595470849737, 20.73125182989737, -8.868595470849737, 123.65314377608003, -7.52037882546501, 20.73125182989737, -7.52037882546501, 79.99610993040635, 2.782384032947593, 3.0202307725439628, 16.0, 0.0
44, 0 ,0.3333333432674408,0.3333333432674408,0.3333333432674408,217.31382488479264,262.187071172555,290.98922171018944,16.493604661821276,13.11317477038574,5.4534582064159185,75.0,67.0,22.0,-0.9193832583974012,-0.3821569958995524,0.09322260811416061,17.215845538643855,-0.37392543576887693,0.9226319272964174,0.09449918104594118,12.291084927040673,0.12212367773545152,-0.05202266062330462,0.9911505688431199,5.126250814590402,79.78714484920616,56.955308463864554,26.51390087676475,20.13857542606663,8.256653893489647,39060.0,120487.15810233325, 0.0, 0.0,0.0,NaN, 91.36747379171801,91.36747379171801,0.0, 272.03899474045255, 51.84892169909956, -27.55975114499485, 51.84892169909956, 171.95535255868108, 1.257648667784063, -27.55975114499485, 1.257648667784063, 29.74020640912513, 3.855058985070363, 3.5371878004054, 12.0, 0.0
45, 0 ,0.3333333432674408,0.3333333432674408,0.3333333432674408,132.20595606047948,247.2226631024977,13.450895219001476,14.386943121296543,15.020606025249503,8.610503761792929,67.0,73.0,35.0,-0.533759884071076,-0.8392075255541441,0.10407264390665956,15.82027439443156,0.8140957890639292,-0.47664728721193056,0.3317460019682019,14.152154669763659,-0.22879779803313244,0.2617978087127519,0.937610513469421,7.495261774015225,77.04692147686887,70.63042272021859,36.47284527221107,21.407586680535225,6.961231592786687,71826.0,198479.99497635887, 0.0, 0.0,0.0,NaN, 142.98527438184132,142.98527438184132,0.0, 206.98413237542192, 31.027373718775344, 28.136411703635247, 31.027373718775344, 225.61860536576168, -39.73924717007044, 28.136411703635247, -39.73924717007044, 74.14077503185018, 3.0579045177380704, 3.17928623985936, 12.0, 0.0
46, 0 ,0.3333333432674408,0.3333333432674408,0.3333333432674408,179.27837355935708,17.356801385084502,45.64005891777353,14.84688221967321,11.552763909243259,12.622076773462235,67.0,53.0,56.0,0.8037616319192648,-0.3564368918455712,0.47636118774092884,16.617129033368183,0.4280938710463807,-0.2095380994692187,-0.8791071734682593,11.181837528513295,-0.4131620464503057,-0.9105199212550468,0.01583023596472975,10.58539653659989,83.4430658495796,61.17956918158349,58.933675643575405,21.481176604900323,7.195285910360226,77396.0,300857.0518150308, 0.0, 0.0,0.0,NaN, 130.22282681163563,130.22282681163563,0.0, 220.42991164484852, -48.17144666186426, 57.936481609082584, -48.17144666186426, 133.4663539427136, -25.46777904561366, 57.936481609082584, -25.46777904561366, 159.31682207517483, 2.7581557908352785, 3.0779048207869013, 16.0, 0.0
