// Sample: .//bubblelabels.tif, Map: .//bubblelabels.tif, Thickness:(8.191250068658265):/gpfs/home/mader/Foam/NewValid/InSilicoTest/LatticeData_OldFoam/out_Step_07000.vtk/distmap.tif, Neighbors:(1.0):
//LACUNA_NUMBER, TRIANGLES, SCALE_X, SCALE_Y, SCALE_Z, POS_X, POS_Y, POS_Z , STD_X, STD_Y, STD_Z,PROJ_X, PROJ_Y, PROJ_Z, PCA1_X, PCA1_Y, PCA1_Z, PCA1_S, PCA2_X, PCA2_Y, PCA2_Z, PCA2_S, PCA3_X, PCA3_Y, PCA3_Z, PCA3_S,PROJ_PCA1, PROJ_PCA2, PROJ_PCA3,OBJ_RADIUS, OBJ_RADIUS_STD, VOLUME, VOLUME_BOX, Mask_Grad_X,Mask_Grad_Y,Mask_Grad_Z,Mask_Angle, Mask_Distance_Mean,Mask_Distance_COV, Mask_Distance_STD, SHAPET_XX, SHAPET_XY, SHAPET_XZ, SHAPET_YX, SHAPET_YY, SHAPET_YZ, SHAPET_ZX, SHAPET_ZY, SHAPET_ZZ, Thickness, Thickness_STD, Neighbors, Neighbors_STD
1, 0 ,1.0,1.0,1.0,78.93055162659122,135.9279231494578,39.68315260097438,18.078419642213266,17.271359800624214,18.98988023824386,98.0,91.0,87.0,0.41099916210868476,-0.38340231960336263,0.8270927094762232,19.54361149328893,0.8388763267548472,-0.19611558904280982,-0.5077648906183712,17.935807382111033,-0.35688401078817433,-0.9025194386034865,-0.24102378676511083,16.795795335042076,95.59000933373665,90.99185605998439,90.0641664373866,30.215016917879257,8.532141011366473,254520.0,783370.2273556017, 0.0, 0.0,0.0,NaN, 162.11472749924698,162.11472749924698,0.0, 326.82925675996245, -22.248746779860976, 17.07848265509516, -22.248746779860976, 298.2998693626181, -27.721792258114196, 17.07848265509516, -27.721792258114196, 360.6155514628446, 7.904088068794463, 6.222687701810734, 42.0, 0.0
2, 0 ,1.0,1.0,1.0,54.81427406575486,259.653133125125,13.76761950183849,18.99335416727265,19.8753676578192,9.214827868349007,110.0,95.0,38.0,-0.2402020481420973,0.9705713468450049,-0.017153330633295272,19.93819653819461,-0.9686667718889024,-0.2385063161519708,0.06927786222127193,18.964807201106954,0.06314793034355855,0.033256545808152696,0.9974499190707447,9.137570865903403,106.11884341188386,112.99301544388246,41.56231172334195,27.27207707855568,9.845029533812518,129998.0,498360.7171101737, 0.0, 0.0,0.0,NaN, 69.44077803943425,69.44077803943425,0.0, 360.7475025234533, -9.408212078854932, -17.238985174753573, -9.408212078854932, 395.0302395334854, -9.791439110009991, -17.238985174753573, -9.791439110009991, 84.91305264330151, 8.010595886406968, 6.047584548314014, 25.0, 0.0
3, 0 ,1.0,1.0,1.0,259.7303024665689,140.40500864502857,126.67647348493139,17.41893233428506,16.85395821084592,15.254845478351871,89.0,89.0,75.0,0.7789606358596652,0.5164771351852346,-0.3556285936366169,18.104761757257187,0.5791411359103591,-0.8099988784804754,0.09218113449524802,16.552893710489066,0.24044931373901768,0.2777646228215974,0.9300703961696722,14.77852269781874,98.80943381875622,95.8498511803036,76.21950514369149,27.43288188632833,8.223284807069044,182764.0,721864.9886084258, 0.0, 0.0,0.0,NaN, 193.34462476785617,193.34462476785617,0.0, 303.4192036664016, 17.925172797280442, -27.331963326771984, 17.925172797280442, 284.0559073729407, -24.24082009492034, -27.331963326771984, -24.24082009492034, 232.71031056839254, 6.781081479123567, 5.642527273716682, 43.0, 0.0
4, 0 ,1.0,1.0,1.0,77.7260631938514,17.432160546541418,262.002877882152,16.685294909787103,10.561105221328946,17.088021990877028,81.0,45.0,78.0,-0.5735442241829016,0.1763447710492,0.7999684647722299,17.460122436236045,-0.8004586928882721,0.08690852563440285,-0.5930537826805031,16.524715214945328,0.17410601335402648,0.9804842833496412,-0.09131082202186085,10.198745847399419,95.07503216746565,91.71312297440775,49.01792658197931,24.792455703278378,8.201868414222819,117100.0,427418.09085982497, 0.0, 0.0,0.0,NaN, 88.25532510944386,88.25532510944386,0.0, 278.3990662265674, -32.07378440638847, -11.89810147990035, -32.07378440638847, 111.5369434959815, 19.61958464471186, -11.89810147990035, 19.61958464471186, 292.00049556069695, 7.676460010331223, 5.908556476355744, 22.0, 0.0
5, 0 ,1.0,1.0,1.0,188.26588378069675,113.19087307252998,236.30603940605369,15.946284708112742,14.990372814319757,16.2596561004503,81.0,89.0,83.0,0.26706971357538395,0.17737987556704415,-0.9472117755996184,16.28106827818042,-0.8847694157350829,-0.3444025744750124,-0.31395851266494285,16.12473911661575,0.38191209599927817,-0.9219128193266449,-0.06496079194894903,14.774684218341415,82.9613312410568,83.85372308341556,84.68837994233589,26.251060259867938,7.365699209314869,168096.0,589144.5809703302, -2.8421709430404007E-14, 0.0,0.0,74.5100281337834, 171.32894411153518,171.32894411153518,0.0, 254.28399599219028, 14.927732479632796, -0.24660387644063045, 14.927732479632796, 224.7112771122968, -3.349456705354207, -0.24660387644063045, -3.349456705354207, 264.37641650491065, 7.0154536612764105, 5.682409058426259, 39.0, 0.0
6, 0 ,1.0,1.0,1.0,274.86550806050496,205.97282541911702,208.42881301383892,15.177642591935426,16.187999524356005,17.37924885913857,61.0,88.0,86.0,-0.31270807395250666,0.36331299306934156,0.8776202650075434,17.945723480119526,-0.16567132842131377,-0.9306567056542999,0.3262378076799241,15.905986075108968,-0.9352896190079473,0.04337931866318767,-0.3512144121306623,14.812193284941905,93.09312764111264,85.7247795743574,73.53199558958977,27.003633173220148,8.078010250276208,170895.0,586813.843963077, 0.0, 2.8421709430404007E-14,2.8421709430404007E-14,27.69660718796157, 133.63433140766958,133.63433140766958,0.0, 230.3608346485323, -6.481474475947329, -29.986571647443462, -6.481474475947329, 262.0513286005502, 22.528104436269167, -29.986571647443462, 22.528104436269167, 302.03829090786934, 7.770050436091774, 5.977198291736736, 34.0, 0.0
7, 0 ,1.0,1.0,1.0,263.4547902648637,279.8292794460292,27.50752346318838,18.22594531758003,11.664527793095642,16.054103512011466,80.0,51.0,69.0,-0.9866996718511258,0.14876806192220107,0.06551199371713155,18.360071780247505,-0.06460539176987382,0.010923689315831328,-0.9978510992958783,16.043452042201185,-0.1491640067950117,-0.9888117802512487,-0.001167181740005772,11.467167990547939,83.0677497194036,71.21934122414416,57.58110284679418,25.67565237624346,8.169541357021767,137769.0,340651.5555974438, 0.0, 0.0,0.0,NaN, 49.99074083597224,49.99074083597224,0.0, 332.18508271941744, -30.26820498784543, -5.17377196691228, -30.26820498784543, 136.0612086359007, 0.6314624614693339, -5.17377196691228, 0.6314624614693339, 257.73423957437893, 7.130789226215299, 5.742925976512122, 18.0, 0.0
8, 0 ,1.0,1.0,1.0,277.0739282033908,206.7175143635568,285.1094453620181,13.11821329766641,16.012136563904683,8.876199513364515,53.0,83.0,39.0,0.04336069636437175,0.9875323749071726,-0.15132633122162234,16.147971842237006,0.997706776289335,-0.05068184384085853,-0.044861333587326226,13.121940726266505,0.05197151678697949,0.14903408742663615,0.9874653422919564,8.620941492895472,82.57223686639651,55.47146870284371,44.31659077275151,21.346652277961933,7.182157878315513,70839.0,202987.85653995612, 0.0, 0.0,0.0,NaN, 97.20573806089452,97.20573806089452,0.0, 172.0875201230718, 3.034633143862276, -5.603596399736007, 3.034633143862276, 256.38851734113325, -27.638474411844044, -5.603596399736007, -27.638474411844044, 78.78691780105245, 6.967508105886947, 5.680105401635957, 12.0, 0.0
9, 0 ,1.0,1.0,1.0,154.38082583071193,178.19721951043135,15.22860397006183,16.868104146048914,16.480629199578125,9.573125127848456,82.0,78.0,41.0,-0.7438895872416907,-0.6681964430254816,0.011907792468847257,18.413659860879253,0.6674539726107268,-0.7437247197882743,-0.03713132938654089,14.740754330526642,0.03366714183808451,-0.01967370590273297,0.9992394452064565,9.562222194881656,87.57086851029138,74.39088451369638,41.89182351902834,24.248303764680994,7.733599779222131,110628.0,272903.2104644472, 0.0, 0.0,0.0,NaN, 190.45411940835643,190.45411940835643,0.0, 284.5329374819526, 60.612395975932294, -5.312588903882442, 60.612395975932294, 271.6111388139871, 1.5052095182158687, -5.312588903882442, 1.5052095182158687, 91.64472471344351, 8.679645327907007, 5.944624308525389, 17.0, 0.0
10, 0 ,1.0,1.0,1.0,44.143060315453674,256.4022133114735,213.52154052799477,17.03260190117397,20.830464076375296,14.56719689411743,84.0,89.0,82.0,0.19405903781999673,-0.9759198292082798,-0.09960711218813428,20.996998841747686,0.9190957248169852,0.2163709396319915,-0.32931241262046296,17.20547072545744,0.34293459793890435,-0.027642421038171255,0.9389524791466447,14.118031139932173,94.27188027559487,89.89595276732,82.31100840726108,29.19401160867704,9.161368495237129,202502.0,697557.8513794962, 0.0, 0.0,2.8421709430404007E-14,84.28345329317212, 106.43261121857009,106.43261121857009,0.0, 290.10952752387504, -26.51500291174101, -33.940183450514674, -26.51500291174101, 433.9082336371618, 16.590330196913413, -33.940183450514674, 16.590330196913413, 212.20322535198449, 7.466812303030733, 5.473365416959708, 32.0, 0.0
11, 0 ,1.0,1.0,1.0,14.344523541424127,168.3041204649121,12.726243868923794,9.042602694620623,17.3375571970857,8.323748669719459,35.0,81.0,33.0,0.04853526444876374,-0.9979170990738793,0.0424946053148126,17.365029252386726,0.9670783343064973,0.03630969625960902,-0.25187517001980525,9.062903390392504,0.2498075727832514,0.05332044010984938,0.9668263066583535,8.244021237951774,81.34726094789593,42.243705222887485,39.17740387234822,19.893167463395752,7.477047093933987,52397.0,134629.61116463106, 0.0, 0.0,0.0,NaN, 133.08466224611377,133.08466224611377,0.0, 81.76866349276014, -10.815618883382536, -2.9703829288282106, -10.815618883382536, 300.59088956221814, -10.034843522554688, -2.9703829288282106, -10.034843522554688, 69.28479191665645, 9.157260284682373, 5.725558046335267, 11.0, 0.0
12, 0 ,1.0,1.0,1.0,22.21240119594628,131.33012804579252,188.84912896192714,14.126470028751717,15.954188716109423,15.718086663988075,61.0,75.0,76.0,-0.4767388365234458,-0.5724051477737537,-0.6671374884927228,16.4288671214361,0.08745866712213994,-0.7860550102893861,0.6119383158000252,15.909785868718966,0.8746834074655181,-0.2333878051678352,-0.4248047423269315,13.346257159098938,86.76288145988633,84.49659765133921,66.34857441788195,25.335216690298463,7.699242605261031,140809.0,486412.5645795451, 0.0, 0.0,0.0,NaN, 173.4805736442448,173.4805736442448,0.0, 199.55715547322052, 19.891068968648607, 33.206160479847554, 19.891068968648607, 254.53613758923322, -1.025422805326197, 33.206160479847554, -1.025422805326197, 247.05824837663974, 6.961794650343683, 5.18492808569956, 25.0, 0.0
13, 0 ,1.0,1.0,1.0,123.11539754522938,234.93390368901666,76.67733968179915,14.332369078445275,14.556306721016654,16.51034316808711,75.0,70.0,79.0,-0.14338237129573692,0.3904704296983647,0.9093812946903987,16.945864051037937,0.8210816354183648,-0.4660533649134066,0.3295742845423385,14.407125482733933,-0.5525092248825486,-0.7939314230990387,0.2537842623876035,13.970208558700485,81.38103514823479,70.05782779897578,72.39872732932324,25.242426294448194,7.26045556797309,145757.0,412772.55079056846, 1.4210854715202004E-14, 0.0,0.0,81.75638290272474, 158.96670224467778,158.96670224467778,0.0, 205.41680340077426, -9.895039415254592, -8.640098612401959, -9.895039415254592, 211.8860653563146, 30.761983921831984, -8.640098612401959, 30.761983921831984, 272.5914315280007, 6.565577237186951, 5.131572506461326, 32.0, 0.0
14, 0 ,1.0,1.0,1.0,191.22272512273491,279.4844318311559,59.76758656684771,16.657850293492704,12.032503084099556,14.582837280019694,76.0,52.0,78.0,-0.9629397339562423,0.018359058971497692,0.2690910881503923,16.81932373778459,0.26792006375044686,0.18007005659096578,0.9464637415977873,14.473085422646653,0.03107906382498754,-0.9834824450253331,0.17831537263723193,11.940033390120027,79.02998748409706,75.16377216337963,57.413204247445435,24.158622292102077,7.161369907531709,122622.0,341045.45503379765, 0.0, 0.0,0.0,NaN, 125.79963621187547,125.79963621187547,0.0, 277.4839764004149, 0.7470656347090107, -19.395121240292703, 0.7470656347090107, 144.7811304688653, 12.095984592944973, -19.395121240292703, 12.095984592944973, 212.6591431355322, 7.13411494920009, 5.559683324007857, 28.0, 0.0
15, 0 ,1.0,1.0,1.0,172.6264047001597,100.19839420977833,12.036848197148844,14.28029247973553,15.499721760414875,7.547741502023265,70.0,77.0,30.0,-0.30695518642040504,-0.9501612147319417,-0.054517699407941496,15.66818243829661,0.9498341481105739,-0.30223452649908483,-0.08043246903417631,14.148397665145367,0.059946681415023614,-0.07647193610072944,0.9952680233868318,7.44764609306837,80.10012916623594,68.46836995377787,33.423387768997934,21.220655080046633,7.128837753249107,68253.0,183304.73038780477, 0.0, 0.0,0.0,NaN, 162.5073435151373,162.5073435151373,0.0, 203.92675330679117, 13.879754061435257, -7.875498627472827, 13.879754061435257, 240.24137465027837, 13.361200805274647, -7.875498627472827, 13.361200805274647, 56.96840178136441, 7.341908412942617, 5.272933788034088, 23.0, 0.0
16, 0 ,1.0,1.0,1.0,219.5728995151848,29.54111210208562,262.70696121478227,14.85095455001537,16.87561818108483,16.996548503100584,84.0,71.0,74.0,0.31685472916588464,0.4913844644336158,-0.8112609868091167,17.61378022126218,-0.2070551945695523,0.8705387402777112,0.4464195874706437,16.635712961091553,-0.9255977673951997,-0.02652564398809141,-0.3775780226708623,14.395409047744261,88.9066616951899,92.43602105802299,76.41824194804326,27.030128100793462,7.974470259108357,174912.0,628018.7187998964, 0.0, 0.0,0.0,NaN, 93.44499204589995,93.44499204589995,0.0, 220.55085104662223, 3.5087631471042235, -32.90672716823162, 3.5087631471042235, 284.78648899376077, -14.05006950978451, -32.90672716823162, -14.05006950978451, 288.88266101825076, 7.624291583992462, 5.55392575951087, 34.0, 0.0
17, 0 ,1.0,1.0,1.0,158.5668133825653,254.40264434509655,279.4767344326937,17.35676091035146,14.951206254039954,11.044279070523404,82.0,83.0,49.0,-0.8920455840340078,0.4289914707813799,-0.14220054149775335,18.066496440805615,0.44813053145212367,0.8803872265268174,-0.15523323789979843,14.311233829415531,-0.05859780529902825,0.20219952859798368,0.9775897134528833,10.749981887040532,86.85320368011692,74.97127107747372,52.37342790793588,24.213561826892416,7.776582899499661,115643.0,341029.3179907095, 0.0, 0.0,0.0,NaN, 150.01223133140857,150.01223133140857,1.9073486328125E-6, 301.25714929910447, -45.47139499608621, 20.535830196430283, -45.47139499608621, 223.53856845084343, -25.058889732967202, 20.535830196430283, -25.058889732967202, 121.97610018760128, 7.527802812304021, 5.525623292752115, 29.0, 0.0
18, 0 ,1.0,1.0,1.0,234.9231180907464,243.16210927700567,10.732744635659692,14.974001504341652,13.697352841623681,7.176741277276093,67.0,66.0,30.0,-0.9938671142249662,0.041517799735188377,-0.10249112921266493,15.035764959271564,0.04716493006892019,0.99746387060914,-0.05330381038000281,13.711879064036719,-0.10001814152308681,0.05781089114156822,0.9933047227470964,7.018116264617875,67.93567672124743,65.85492432597596,33.29798401065677,20.41850945960666,6.813830253892195,59793.0,148971.81235633686, -2.8421709430404007E-14, 0.0,0.0,6.348809189847659, 87.06743471748932,87.06743471748932,0.0, 224.22072105202608, -0.7680796021876187, 17.6625094424117, -0.7680796021876187, 187.61747486793632, -8.13017399617749, 17.6625094424117, -8.13017399617749, 51.50561536095849, 7.106627781559851, 5.130903472643013, 11.0, 0.0
19, 0 ,1.0,1.0,1.0,272.274645257655,65.93403037092358,238.2497994633917,15.752811139409165,16.159395593708663,13.879174491049872,72.0,82.0,72.0,-0.5921424476344632,0.8034298084677175,-0.062192158468681424,16.631372491453394,0.8032659737133306,0.5946511114623312,0.033968089598757634,15.26590550144635,-0.06427361187798696,0.02984289701320402,0.9974859920389946,13.865719872127489,88.33592472011479,79.58023930564096,72.00263662673842,25.39776970658627,7.540683207251921,144612.0,506163.70499575214, 0.0, 0.0,0.0,NaN, 94.49380362147609,94.49380362147609,0.0, 248.15105879389347, -20.642677538806893, 4.219080814264865, -20.642677538806893, 261.1260659539709, -3.390520241191748, 4.219080814264865, -3.390520241191748, 192.63148455300947, 6.055982862186895, 4.910533474298343, 29.0, 0.0
20, 0 ,1.0,1.0,1.0,277.6806790339517,207.2888869443472,12.425848792439622,13.220015418270433,13.704836632865645,7.799561592256485,55.0,72.0,31.0,0.39391470357554254,-0.918222347269187,0.041218045592401054,13.808345030293943,0.9159858121947766,0.39588102180869944,0.06517828188572784,13.138516032983285,-0.07616559699016304,0.012080461380457182,0.9970219978957172,7.754580568905352,66.3418367501344,62.98800641774909,32.508191446818856,19.573118997639742,6.349608533481947,57140.0,135843.2811937378, 0.0, 0.0,0.0,NaN, 96.16602461688893,96.16602461688893,0.0, 174.76880765930798, -6.42513071077076, 8.835194908415332, -6.42513071077076, 187.82254713353612, -2.0379854045641976, 8.835194908415332, -2.0379854045641976, 60.833161031402526, 7.519826561598499, 5.565302586604645, 11.0, 0.0
21, 0 ,1.0,1.0,1.0,40.696383589249336,85.25311954672566,36.880825648551756,13.32485503160368,13.859136807383694,17.344146961379018,62.0,71.0,80.0,0.25056290517357216,0.023583741181177988,0.9678130179445193,17.597972882520512,-0.1530460831315379,-0.986166854054472,0.06365400539165188,13.880649516179858,0.9559263188076128,-0.16406932411698777,-0.24348743272440349,12.964790315002901,82.7557396497061,72.41510782327563,61.20231763171914,24.85148646376967,7.269834180899776,136959.0,366771.15657950373, -7.105427357601002E-15, 0.0,0.0,75.48917549572681, 101.41245155408922,101.41245155408922,0.0, 177.5517616132539, 4.547597968088981, 34.09889363199027, 4.547597968088981, 192.07567304577748, 1.688647093229865, 34.09889363199027, 1.688647093229865, 300.81943381791297, 6.836435882500403, 4.936773292524832, 22.0, 0.0
22, 0 ,1.0,1.0,1.0,69.91970361409345,63.66973345961304,159.6086098354915,14.571250866043203,14.269525626986983,14.077946892636005,71.0,65.0,70.0,-0.8679560351402882,0.46027272546094367,0.18655117062164453,14.613632635736556,-0.4720265306413625,-0.6477420338257023,-0.5980143911194965,14.509399767445887,-0.15441267899440778,-0.6071073017285311,0.7794725452212363,13.785802904019027,79.44155303309721,78.428731409493,80.07839678033375,23.853141029328548,6.719893240763209,125647.0,498928.46920441656, 0.0, 0.0,0.0,NaN, 169.2700278981016,169.2700278981016,0.0, 212.32135180116478, -3.1320688844617735, 1.9727829922740956, -3.1320688844617735, 203.61936161923825, 9.949576848976877, 1.9727829922740956, 9.949576848976877, 198.18858871187976, 7.011291246254574, 5.099285278606775, 29.0, 0.0
23, 0 ,1.0,1.0,1.0,65.7127078725171,42.06374144810811,34.716764280097884,14.691300130674634,13.302514025841313,16.540331736386065,77.0,69.0,76.0,-0.12588785099175423,-0.011248246132209743,0.9919807084473099,16.56768971964937,0.9217404081762627,0.36839786004260144,0.12115129653077733,14.900337023797356,0.3668063097981471,-0.929600179472326,0.03600885192955409,13.033240840928391,79.20784806920211,80.54591150182858,62.77390037065438,24.785044092544823,7.216324702888265,136081.0,400489.2183498169, 0.0, 0.0,0.0,NaN, 85.39772855663047,85.39772855663047,0.0, 215.8342995295605, 17.858165151004417, -7.241026303962727, 17.858165151004417, 176.9568794077049, 1.160373502799364, -7.241026303962727, 1.160373502799364, 273.5825739497, 6.4125871801893455, 4.930439672549408, 23.0, 0.0
24, 0 ,1.0,1.0,1.0,28.486388252825936,282.9430269327227,137.79017191872933,15.376712486651435,10.824249808521879,16.906951423926532,64.0,47.0,105.0,0.1459692226908364,0.010089624632821863,0.9892376789739674,16.940095897542804,-0.9892135985437033,0.013844985228697152,0.14582445899174162,15.341492706623855,0.012224666999554538,0.9998532471611952,-0.012001735622987939,10.822404066569502,103.96759693185223,65.94835555387706,47.87346501320914,24.05290927531294,7.804500794991444,110052.0,328244.03219931637, 0.0, 0.0,0.0,NaN, 141.73406832269208,141.73406832269208,0.0, 236.44328689714214, -1.369192251433598, 7.469084410408475, -1.369192251433598, 117.16438391728592, 1.9339164933889543, 7.469084410408475, 1.9339164933889543, 285.84500645101144, 6.951093782263881, 5.127136169833678, 19.0, 0.0
25, 0 ,1.0,1.0,1.0,281.4961440155121,104.07477304777014,168.43764322228097,11.722471723971404,13.067160277596868,14.997453020085361,49.0,65.0,73.0,0.1021697720127972,-0.0502280855450718,0.993498101210732,15.022789651488015,0.4976543045896897,-0.8621829114046525,-0.0947671905521611,13.717751781814464,0.8613370599307831,0.5041009489222117,-0.06309280850873894,10.919235104578194,72.17547839049058,71.76450438991958,57.895096642557974,22.075895376412173,6.763539122315404,90768.0,299875.6099189889, 0.0, 0.0,0.0,NaN, 168.76790213825424,168.76790213825424,NaN, 137.4163433193091, -30.129333349123794, 7.554084866118125, -30.129333349123794, 170.75067772040546, 0.3211893558341294, 7.554084866118125, 0.3211893558341294, 224.9235970896675, 6.855386396868047, 5.221396807596268, 16.0, 0.0
26, 0 ,1.0,1.0,1.0,33.755253207939326,180.69360033608737,207.33706026724843,15.249022796262613,15.54782309922335,14.362165063658189,69.0,73.0,74.0,-0.6093477709479523,0.7582802132424847,-0.23174643955343485,16.77409417420439,-0.6217886921171957,-0.27561807632711355,0.7330849189261287,14.745798978465784,0.4920102807827791,0.5908009768159439,0.639437322493282,13.480744111622462,95.24258597458552,76.70846195481593,67.6060893499536,24.965759623728896,7.566381637991148,135679.0,493924.1585678008, 0.0, 0.0,2.8421709430404007E-14,76.60008622501, 154.78971063934742,154.78971063934742,0.0, 232.53269624093684, -39.919667845719694, -2.2060690284088937, -39.919667845719694, 241.7348031247432, -24.72445058240355, -2.2060690284088937, -24.72445058240355, 206.27178531576382, 6.586650766631126, 4.928581201798696, 35.0, 0.0
27, 0 ,1.0,1.0,1.0,124.0654100209441,187.39363621717416,114.2867971644917,14.008225296287728,13.965768229304727,15.08112004244827,70.0,72.0,73.0,-0.2139972814840044,-0.34994571937045044,0.9119995378352742,15.226716908748248,-0.7153166958211494,-0.5796642716103252,-0.39027087631283114,14.438805901203702,-0.6652271703688667,0.7358854025680701,0.12627543739881059,13.355943105941755,76.01007949992002,68.35444073327139,65.83267230773475,23.91281515995716,6.8476646418127896,124140.0,342041.97511654475, -1.4210854715202004E-14, 0.0,0.0,77.64329332917387, 202.81491842113775,202.81491842113775,0.0, 196.2303759515554, 16.484257080043093, -2.0334766632485928, 16.484257080043093, 195.0426822346573, -10.256578300628565, -2.0334766632485928, -10.256578300628565, 227.4401817347349, 6.3361325053207365, 4.765668137869322, 31.0, 0.0
28, 0 ,1.0,1.0,1.0,31.894645634303487,14.020673183736948,71.40395467673851,17.529555078707403,8.977373200696855,14.173181643346958,73.0,36.0,72.0,0.9947900805670431,-0.0015091855954479684,-0.10193339965023501,17.5617592370769,-0.10190444603035292,0.013330130941497022,-0.9947048765781388,14.13402601463022,0.0028599798361029867,0.9999100109349442,0.01310688931119994,8.976164540271874,76.47654402655314,68.45971328668504,36.72979827489024,23.04356652953981,7.599450660147672,90020.0,192301.14629770897, 0.0, 0.0,0.0,NaN, 79.45044015070452,79.45044015070452,0.0, 307.2853012574365, -0.5039872864412298, -11.021294088489322, -0.5039872864412298, 80.59322958459009, -1.5454761125684335, -11.021294088489322, -1.5454761125684335, 200.87907789530718, 6.848418896107826, 5.211616476761779, 16.0, 0.0
29, 0 ,1.0,1.0,1.0,234.95223880597015,273.8276389138644,95.41565365941378,13.400036599635596,13.278839689897316,14.616523520254619,68.0,60.0,70.0,-0.35918521105967155,-0.41057247397243896,0.8381027549007163,15.20086147600684,-0.8168474635716572,-0.2960359777070401,-0.49509890038212256,13.20245941485027,-0.4513825488569195,0.8624343125822327,0.22904333884276765,12.812501706778617,76.39113482868636,69.7338696832258,64.19548467134629,22.956395684227235,6.521903202971754,111220.0,341972.5207394686, 0.0, 0.0,0.0,NaN, 118.40756177048746,118.40756177048746,0.0, 179.56098087157352, 12.319892266772664, -16.038248945883762, 12.319892266772664, 176.32758350999225, -21.535595390658898, -16.038248945883762, -21.535595390658898, 213.6427598181565, 6.13448063423765, 4.73163816211521, 24.0, 0.0
30, 0 ,1.0,1.0,1.0,135.1683134807624,25.363248392395764,250.8368209471451,15.02307262165366,13.54029026375953,13.80421205626425,75.0,60.0,68.0,-0.9837474684066282,-0.14273545561947587,0.10893809302833671,15.032174409014043,0.17626986833639108,-0.6521224481861349,0.7373365894138121,14.828398413839942,-0.03420309810852307,0.7445555065143378,0.6666837674632226,12.399224771495366,71.33946537445621,74.0350166180823,67.43372223610135,23.575417515292322,6.617260074702376,121143.0,356159.19519105507, 0.0, 0.0,-2.8421709430404007E-14,83.74589508482984, 146.05062654035788,146.05062654035788,0.0, 225.69271099547973, 2.53875473844176, 0.8560810025152951, 2.53875473844176, 183.3394604268611, -32.92570190418845, 0.8560810025152951, -32.92570190418845, 190.5562704943113, 7.846323773926035, 5.284935036028285, 21.0, 0.0
31, 0 ,1.0,1.0,1.0,20.083139804923363,251.31490942870414,80.86429168601951,11.857538752009434,14.529775495304607,15.445653623566352,49.0,81.0,81.0,0.018013780639836576,-0.3180811674633932,0.9478923328164356,15.549626676228305,0.2809697534288086,-0.9082325710817631,-0.31011222885330353,14.636984102108215,-0.959547550340896,-0.27191536869278593,-0.07301048488711552,11.586700293142494,78.88079039397758,85.33579274277082,55.25579731091021,23.201132808893373,7.210496060788663,107650.0,371946.37537617376, 0.0, 0.0,0.0,NaN, 96.50183531022104,96.50183531022104,0.0, 140.60122525540544, -21.028420245117758, -5.133426944634234, -21.028420245117758, 211.11437594395426, -9.894393758997312, -5.133426944634234, -9.894393758997312, 238.5682158591884, 6.967577822592942, 5.340117198228419, 18.0, 0.0
32, 0 ,1.0,1.0,1.0,166.79581816773793,11.655587392550144,219.47708510803068,15.24401550913086,7.739613887115794,14.096777686249688,72.0,32.0,73.0,-0.9501763398502525,-0.013448586483572226,-0.31142263679824395,15.37271039575701,-0.31106421105305637,0.10532920292399979,0.9445341791662885,14.0122147722405,0.0200992485112414,0.994346466043395,-0.10426469045796186,7.637956884180111,72.09958297945855,72.7133059980894,34.85029983247304,20.970255089123526,7.158852882732873,64565.0,182706.1484287074, 0.0, 0.0,0.0,NaN, 156.08698407544122,156.08698407544122,0.0, 232.38000884262217, -2.24722979019608, 12.11897178005206, -2.24722979019608, 59.90162312163564, 14.475008774835848, 12.11897178005206, 14.475008774835848, 198.71914113554712, 6.838959031349959, 4.869958905601443, 18.0, 0.0
33, 0 ,1.0,1.0,1.0,58.91973117474522,111.71680862495705,158.19405272568727,13.84462160562234,12.629463318144529,14.939121490051098,71.0,63.0,73.0,0.5072202586836404,0.1526651285131184,0.8481868707525329,15.512104918787154,-0.7876029752615448,-0.31743454668017995,0.5281258012378409,13.36332025144866,-0.34987020813447894,0.9359106085038369,0.04076972344662684,12.455942952963913,74.32844478947138,65.29980403173963,62.591344717885065,23.072251709285624,6.482703376299305,113531.0,303795.4086470546, 7.105427357601002E-15, 0.0,0.0,59.52115069034629, 189.89762171605705,189.89762171605705,NaN, 191.6735474028649, 12.475978164547403, 27.02791662620072, 12.475978164547403, 159.5033437043582, 7.14045493463061, 27.02791662620072, 7.14045493463061, 223.17735089450653, 6.624572695451635, 4.938539181642214, 23.0, 0.0
34, 0 ,1.0,1.0,1.0,144.78880223511237,152.5169899993524,58.360004810672294,13.281043179892363,13.920936586350946,13.767365975904402,65.0,66.0,64.0,0.5187782287798554,0.6531345098378449,0.5516198522559839,14.75093943214889,0.02770074702917094,-0.6577415042681162,0.7527342042030113,13.451249288131892,-0.8544599569073216,0.37522183521484065,0.35931428641225077,12.696165868460692,74.65377869922847,66.90722103059281,64.5037834942442,22.76419379136928,6.442858863181179,108093.0,322188.45634468296, 0.0, 0.0,0.0,NaN, 214.7578302484715,214.7578302484715,0.0, 176.38610794616545, 18.74958012725339, 16.550882571700516, 18.74958012725339, 193.79247544120435, 10.543946889856036, 16.550882571700516, 10.543946889856036, 189.5403659144902, 6.21719289643662, 4.736728120044839, 19.0, 0.0
35, 0 ,1.0,1.0,1.0,24.661058301647657,14.436417405999155,264.90089776087876,13.855211226698609,9.11773970694356,19.230594090890946,50.0,41.0,79.0,0.09016608002937429,0.069169101487226,0.9935218736452589,19.30287287054041,0.993723929699597,0.06006482880690524,-0.09436613737346998,13.819215362807135,-0.06620294218936099,0.9957950852157527,-0.06331918118252235,9.019101412487322,82.9520755814001,55.562810677637,42.42499682844311,23.984909196407273,8.345054549164335,94680.0,195538.95160779142, 0.0, 0.0,0.0,NaN, 45.26063324866087,45.26063324866087,0.0, 191.96687813643518, 8.359854995520935, 15.811245353235764, 8.359854995520935, 83.13317736357523, 19.39408433164935, 15.811245353235764, 19.39408433164935, 369.8157490886097, 6.292421346822266, 4.819971795321034, 11.0, 0.0
36, 0 ,1.0,1.0,1.0,53.43474500533341,20.09556894513795,164.9151651435216,14.543156739928348,11.611398688147668,14.754645749485059,85.0,47.0,76.0,-0.6309956784388029,0.02526935865085378,0.7753746922004415,15.139715443462116,-0.7713028183734905,0.08686444567507358,-0.6305129106106176,14.161666654991018,0.08328514970068553,0.9958996071848492,0.03532076228505951,11.58722453799652,78.14513262382866,73.5146036310922,49.729685176129195,22.76917410793633,6.752204757896739,104061.0,285687.51564251556, 0.0, 0.0,0.0,NaN, 146.65270700950543,146.65270700950543,0.0, 211.50340796212333, -5.9552045346291145, -14.216248845320784, -5.9552045346291145, 134.82457949511738, -1.7702724109159595, -14.216248845320784, -1.7702724109159595, 217.69957119279752, 6.571242208616803, 4.834336929691411, 23.0, 0.0
37, 0 ,1.0,1.0,1.0,128.7176577353676,93.01298362894676,209.52585943536937,14.347573551384462,12.595969131369234,14.448769266503941,69.0,63.0,68.0,0.643480400787154,0.09269871130870004,0.7598288772641579,15.333665751953447,-0.6546123115892223,0.5811492666799145,0.48347518173450543,14.277814184495245,0.39675646852775975,0.8085001414712952,-0.43463988073148196,11.588828897168979,71.68322130772938,70.37661252115288,58.75985756818683,23.03525138341826,6.531112630337419,111294.0,296433.0392314411, 0.0, 0.0,0.0,NaN, 182.77095132254058,182.77095132254058,0.0, 205.85286681238696, -20.446726826492036, 27.281210856269283, -20.446726826492036, 158.6584383584066, 26.644258748143443, 27.281210856269283, 26.644258748143443, 208.76693331666883, 6.689910676512351, 4.829304017210996, 27.0, 0.0
38, 0 ,1.0,1.0,1.0,281.30814929460087,254.5376391451872,242.87586165843206,10.968420417943966,14.03020550505187,13.241581021113412,44.0,74.0,70.0,0.153818128442957,0.9544751887292431,-0.25557209836478895,14.147819399710448,0.056234119269607724,-0.2666871543330789,-0.9621411983402934,13.19627633297405,-0.9864976975098713,0.13362288656513827,-0.09469539056217384,10.871516825835961,79.02485078908293,69.88980374659715,49.631506766321365,21.270746513113984,6.3283270848083575,83995.0,274116.3659695117, 0.0, 0.0,0.0,NaN, 75.36165283851422,75.36165283851422,0.0, 120.30624646477007, 11.195503137152372, -6.249692568667126, 11.195503137152372, 196.8466665139878, -5.6390384741131125, -6.249692568667126, -5.6390384741131125, 175.3394679387109, 6.577511357600451, 5.037869142945178, 16.0, 0.0
39, 0 ,1.0,1.0,1.0,133.81120053326538,278.37814788311294,54.36590434552459,13.445472148752646,12.368562223238973,14.796190830046449,59.0,52.0,72.0,-0.10319516464503517,-0.06805532503012457,0.9923302024673684,14.823174626222796,0.9808592257058257,-0.17258398203708963,0.09016622700318279,13.459985084833352,0.16512400595204849,0.9826409526776635,0.08456252585561949,12.320373832345194,71.93086781142917,63.61286191841514,57.22668539789646,22.558138739447237,6.61964443637348,102013.0,261853.76742468405, 0.0, 0.0,0.0,NaN, 146.0431218251138,146.0431218251138,0.0, 180.78072130288308, -4.496288431584861, -4.35844139771601, -4.496288431584861, 152.9813314701342, -5.045054316929003, -4.35844139771601, -5.045054316929003, 218.92726307915063, 6.274499999195267, 4.660218000115907, 17.0, 0.0
40, 0 ,1.0,1.0,1.0,200.03735050425524,175.0864450942901,190.46695159899525,14.387187783929534,12.354258052146408,14.160873373996818,75.0,65.0,66.0,0.9082029538866464,0.29711644176313123,0.2947697653857756,14.630465017121496,0.2998440835614381,0.0294614230466001,-0.9535331929750899,14.123335860746604,-0.2919947261591735,0.9543866326526607,-0.06233165575487515,12.109090659945554,75.50750554596067,68.96906968894312,62.0595251329305,22.75399750550064,6.511896542719886,106692.0,323186.2975341689, 0.0, 0.0,0.0,NaN, 193.8902168377966,193.8902168377966,NaN, 206.9911723300512, 18.65963255257429, 2.942040620458313, 18.65963255257429, 152.62769201902435, 4.4203811476341555, 2.942040620458313, 4.4203811476341555, 200.53033471437203, 6.710287068508873, 4.827853759457129, 35.0, 0.0
41, 0 ,1.0,1.0,1.0,104.78695051038919,216.13926123493593,276.1074709994999,13.95413696285462,14.1770267720092,12.489153615041113,72.0,68.0,54.0,-0.6389098225935415,0.7453422910461152,-0.19041824432448276,14.532366907753019,0.7151958509367591,0.6666786303363897,0.20984398646528024,13.719967389866053,-0.28335337195158816,0.0021149541186785623,0.9590132395190073,12.33927839753698,72.99883888776989,64.43429489462639,57.41662123637306,22.5442071725057,6.5911840708333935,101981.0,270066.46818538837, 0.0, -2.8421709430404007E-14,0.0,41.81149243546525, 136.32234389684183,136.32234389684183,0.0, 194.71793837810554, -10.908416971284327, 12.569478848080907, -10.908416971284327, 200.98808809426558, -3.330505713171025, 12.569478848080907, -3.330505713171025, 155.9789580200945, 5.488529022090044, 4.402154765790132, 22.0, 0.0
42, 0 ,1.0,1.0,1.0,175.4310428455942,279.74434114793854,173.5722210994341,13.078526370535556,11.447128924795338,16.126750071348887,70.0,50.0,75.0,0.2915807511584633,-0.056729392968932826,0.9548625249360468,16.406580510697378,0.89515548531011,-0.33567392478398916,-0.29329110681937437,12.924191564761681,-0.33716067782748205,-0.9402684681480544,0.047094427838372074,11.222569618976726,78.36231894763918,71.36123030532038,56.32763846897484,22.67829296049106,6.91749296404961,98960.0,314985.9280578996, 0.0, 0.0,0.0,NaN, 178.63846192742946,178.63846192742946,1.9073486328125E-6, 171.04785202479397, -14.715527647599684, 29.09051472092356, -14.715527647599684, 131.03676062088607, -3.7133973947485055, 29.09051472092356, -3.7133973947485055, 260.07206786375133, 6.6061209693773915, 4.947481785006764, 27.0, 0.0
43, 0 ,1.0,1.0,1.0,240.0784876643402,93.84675783152086,186.74071782178217,13.611462426912768,12.293918454875035,13.472303524289618,66.0,62.0,68.0,0.7773120775069581,-0.36992448101789394,0.508863255212497,14.263531453788293,0.4487150957980834,-0.24093546167820512,-0.8605840261757286,13.185412784562972,-0.4409543025810432,-0.8972769815667583,0.021291345324183197,11.857987299387567,70.11019514453682,67.15806544119084,60.082176665386044,21.92510220387826,6.099606214697867,98576.0,282894.83037552383, 0.0, 0.0,0.0,NaN, 158.82527064546724,158.82527064546724,0.0, 185.27190939925802, -21.662396174956445, 12.017570871336538, -21.662396174956445, 151.14043097511697, -4.935569678057085, 12.017570871336538, -4.935569678057085, 181.50296225058648, 6.7614315157326, 4.749125700253708, 19.0, 0.0
44, 0 ,1.0,1.0,1.0,118.55214280348558,169.69504957932693,271.91159292367786,14.445087568650704,12.14976685858896,14.312225315748137,69.0,58.0,62.0,-0.9331122144250485,-0.04203949767281009,-0.3571194140987013,14.479364357482654,0.35138223877433994,0.10431992222697692,-0.9304019970424023,14.303402735890666,0.076368302093962,-0.9936548870015062,-0.08257026082864256,12.119317680916367,72.19108714220371,70.72577048941457,57.71938931299195,22.760454503627823,6.563451368084077,106496.0,294701.9414143155, 1.4210854715202004E-14, 0.0,0.0,21.074730691685833, 178.38987998066844,178.38987998066844,0.0, 208.6605548659871, 4.577884518533962, 2.0516115581323047, 4.577884518533962, 147.61683471806663, -4.658814492662861, 2.0516115581323047, -4.658814492662861, 204.83979348874183, 6.128185558351945, 4.556284770355101, 17.0, 0.0
45, 0 ,1.0,1.0,1.0,91.94262067113578,266.00964793662666,41.9984463561297,12.383210369917956,13.975839545963971,14.466656537631314,63.0,65.0,71.0,0.44826710409608905,0.312529532301819,-0.8374854594704986,15.2796328115215,-0.0696368878373246,0.9462518407494187,0.31584514834119043,13.843663839072933,-0.8911830941157031,0.08326310898316787,-0.44593715638508885,11.52553400558017,79.06032253954699,67.93020710036524,56.04762021407858,22.677826169461827,6.608202606277457,104271.0,301008.4570416385, 0.0, 0.0,0.0,NaN, 106.64266981652858,106.64266981652858,0.0, 153.3438990656436, 10.222657532821547, -39.07142249955674, 10.222657532821547, 195.3240910145304, -8.762373402329043, -39.07142249955674, -8.762373402329043, 209.28415137779086, 6.983463659157573, 4.695652189456665, 18.0, 0.0
46, 0 ,1.0,1.0,1.0,51.54614142771682,187.17572340547585,47.20361067632573,15.820939329177344,11.601710858591293,15.583608499089564,74.0,60.0,81.0,-0.9770858728849825,-0.20854016679300366,0.042593377918857644,16.001627565202938,-0.02212613078231307,-0.09951247693934659,-0.9947902800439901,15.614776445049037,0.21169230346235163,-0.9729379557645706,0.09261804838940052,11.308286421577822,75.35169706234733,80.60035926066976,59.34827575629316,24.035723631048864,7.07351818325545,122027.0,360444.26626575156, -7.105427357601002E-15, 0.0,0.0,12.289156788243131, 132.71964039299536,132.71964039299536,0.0, 250.30212125751046, 26.372385532427288, -2.7822730208318753, 26.372385532427288, 134.5996948463551, 10.339252593832313, -2.7822730208318753, 10.339252593832313, 242.84885385289653, 6.556671425203551, 4.737442289550293, 27.0, 0.0
47, 0 ,1.0,1.0,1.0,278.91674329181643,235.48997952018723,48.199291565660786,11.826228387217508,13.49894283740718,14.041663352488213,50.0,60.0,66.0,0.11486290638998597,0.5511639096254006,0.8264531792316422,14.47914528224269,-0.04840639845120382,-0.8278657934012791,0.5588336502977023,13.067245352727525,-0.9922012564619279,0.1041948791568701,0.06841121130967213,11.783501011420867,66.21865570743921,64.42576538059532,55.032418963253605,21.911052403522913,6.257413832317814,95704.0,234778.62208169754, 0.0, 0.0,0.0,NaN, 83.24192551329294,83.24192551329294,0.0, 139.85967786662923, 5.760335584895672, 5.8574767532724294, 5.760335584895672, 182.2214577275866, 17.488679894377395, 5.8574767532724294, 17.488679894377395, 197.16830970461052, 6.322420216870417, 4.587248821025267, 12.0, 0.0
48, 0 ,1.0,1.0,1.0,187.40046948897046,67.05797268218589,61.85554008492227,11.915419668742128,12.78188618878146,13.450596512534744,58.0,63.0,72.0,0.09801866243683878,0.38291390112051704,0.9185691515301175,13.585595156209399,-0.22585428227901283,-0.8903705710075298,0.3952595216562879,12.696714535987773,-0.9692173053502116,0.24620558607065052,7.901881310511911E-4,11.85316123282888,68.73063935999771,63.555495368338875,57.271328467897035,21.19859410530218,6.073878079683002,86903.0,250173.180076952, 0.0, 0.0,-7.105427357601002E-15,23.282210010636877, 144.91905951511862,144.91905951511862,0.0, 141.97722588224678, 5.818584337877477, 2.1192881024192385, 5.818584337877477, 163.37661454296224, 8.213097235447844, 2.1192881024192385, 8.213097235447844, 180.91854654301184, 6.0108124385214445, 4.538666966559852, 29.0, 0.0
49, 0 ,1.0,1.0,1.0,230.61327512348134,242.36367892506848,286.28118635735854,17.92525505752906,15.06973566720483,7.847616730949981,90.0,69.0,32.0,-0.9571959959722285,-0.28929574392477203,0.009154116109505048,18.19075875947392,-0.2870386019394605,0.9528438152444109,0.09847590947594781,14.801118735351976,-0.03721110440948394,0.09163316156003704,-0.9950973306220546,7.7472556592265756,95.40510344309334,73.24624885541687,35.2479633114408,23.411779669645647,7.866725050030694,85438.0,246315.0921836845, 0.0, 0.0,0.0,NaN, 91.23962376020526,91.23962376020526,0.0, 321.3147688774711, 31.509648111650357, -6.869417841786017, 31.509648111650357, 227.0969330794254, 14.206933419604436, -6.869417841786017, 14.206933419604436, 61.58508835588607, 6.903296789995193, 5.190714903047967, 20.0, 0.0
