// Sample: .//bubblelabels.tif, Map: .//bubblelabels.tif, Thickness:(8.191250068658265):/gpfs/home/mader/Foam/NewValid/InSilicoTest/LatticeDataPhi_16.0/out_Step_02000.vtk/distmap.tif, Neighbors:(1.0):
//LACUNA_NUMBER, TRIANGLES, SCALE_X, SCALE_Y, SCALE_Z, POS_X, POS_Y, POS_Z , STD_X, STD_Y, STD_Z,PROJ_X, PROJ_Y, PROJ_Z, PCA1_X, PCA1_Y, PCA1_Z, PCA1_S, PCA2_X, PCA2_Y, PCA2_Z, PCA2_S, PCA3_X, PCA3_Y, PCA3_Z, PCA3_S,PROJ_PCA1, PROJ_PCA2, PROJ_PCA3,OBJ_RADIUS, OBJ_RADIUS_STD, VOLUME, VOLUME_BOX, Mask_Grad_X,Mask_Grad_Y,Mask_Grad_Z,Mask_Angle, Mask_Distance_Mean,Mask_Distance_COV, Mask_Distance_STD, SHAPET_XX, SHAPET_XY, SHAPET_XZ, SHAPET_YX, SHAPET_YY, SHAPET_YZ, SHAPET_ZX, SHAPET_ZY, SHAPET_ZZ, Thickness, Thickness_STD, Neighbors, Neighbors_STD
1, 0 ,1.0,1.0,1.0,169.2260395971775,64.77853896919459,165.9089082231509,13.53546831279908,13.253864134705058,13.287233023259764,63.0,65.0,64.0,-0.5225301982907293,-0.6522663271940782,0.5491000184693117,15.120893195868929,-0.7886705862573633,0.1250492582690093,-0.6019646080782796,13.089043083616556,-0.3239766939869556,0.7476037195032663,0.5797652803835052,11.638724950645074,73.77066605678702,62.072726744636384,67.15160673266574,22.031801900181907,7.072770559947083,87582.0,307497.03794963757, 0.0, 0.0,0.0,NaN, 79.40716773941442,79.40716773941442,0.0, 183.208902446788, 28.222023521121475, -9.70967386100147, 28.222023521121475, 175.66491450122106, -36.07343764819029, -9.70967386100147, -36.07343764819029, 176.5505614144048, 5.885499460825432, 4.047572004089529, 34.0, 0.0
2, 0 ,1.0,1.0,1.0,41.84792102268216,8.96932482862663,26.221263531217744,14.016394371477306,5.927375110905234,12.073604029882679,72.0,23.0,55.0,0.8711240033214307,-0.025117140564456894,0.49042033000999186,14.84859636482095,-0.48553399789230844,0.10538917161670942,0.8678420705385603,11.08397973463047,0.07348270359721297,0.9941138022157269,-0.07961181141159339,5.833487840862105,77.94907561001722,54.05282646731635,25.477351822999157,18.241889424164732,6.678208696142242,37783.0,107345.4552585172, 0.0, 0.0,0.0,NaN, 50.192150212713855,50.192150212713855,0.0, 196.4593111767807, -8.624758741622117, 42.22720218750179, -8.624758741622117, 35.13377570537884, 5.827341514244139, 42.22720218750179, 5.827341514244139, 145.77191427039926, 6.234463121975389, 4.248129372323257, 17.0, 0.0
3, 0 ,1.0,1.0,1.0,170.17964995193847,40.047841236783086,12.093399551425826,14.644718705788016,11.06378667484409,8.249096229481392,65.0,60.0,31.0,0.9393790409435333,0.33366744115652236,0.0789497064469834,15.116714425486853,0.3401071044431343,-0.9359708202493842,-0.09102626625871092,10.474992433323772,0.04352212016105489,0.11235952275509764,-0.9927140387356937,8.165918727335372,73.57070764198758,63.04303159983519,35.23727866413615,18.99992785203166,6.627630932616192,49936.0,163434.74265805667, 0.0, 0.0,0.0,NaN, 51.37444089648017,51.37444089648017,NaN, 214.46778597165743, 37.02294569578714, 10.669559288372307, 37.02294569578714, 122.40737558645765, 7.9303482151482445, 10.669559288372307, 7.9303482151482445, 68.04758860324412, 6.198620585633996, 4.076934432494381, 15.0, 0.0
4, 0 ,1.0,1.0,1.0,9.539084163981114,30.13014314621899,135.1322041519898,6.2332161968859,10.47126275373905,10.431181499177383,24.0,53.0,55.0,0.0486934810017805,-0.7125339987439467,0.6999458875812403,11.487742326906712,-0.007491487995264925,-0.7010180002402029,-0.7131042286698648,9.311964263002638,-0.9987856739639117,-0.029479890996875528,0.03947294657441088,6.215221080452543,63.57252403214708,43.989816087177104,26.175849150207856,15.214134278255534,5.083305366289909,26686.0,73201.90447234528, 0.0, 3.552713678800501E-15,0.0,44.55853577181818, 72.15712432517174,72.15712432517174,0.0, 38.85298415712072, -2.9859566552314165, 3.4381365161310393, -2.9859566552314165, 109.64734365784268, -22.514582366029327, 3.4381365161310393, -22.514582366029327, 108.8095474687805, 6.213127049879005, 4.1149770418916845, 12.0, 0.0
5, 0 ,1.0,1.0,1.0,59.18934911242604,74.13126193451048,142.26818171102573,9.762138622149546,9.984394732889436,10.533962192913467,49.0,56.0,55.0,-0.59573549967644,0.4000913027370746,0.6964381981909187,11.422121190886035,0.16800646194170318,-0.7858438846052572,0.5951665462493254,10.033176943643863,-0.7854126578882549,-0.47156795745965346,-0.4009371750364849,8.64999167977576,55.75284523029018,54.126016133667534,47.226754680886785,16.793655194489943,4.891318160835889,42419.0,142515.2047497938, 7.105427357601002E-15, 0.0,0.0,53.43491801980454, 111.04857444968303,111.04857444968303,0.0, 95.29935047806384, -16.674185998208138, -20.501662828047795, -16.674185998208138, 99.68813818215031, 3.4175196075580634, -20.501662828047795, 3.4175196075580634, 110.9643594817303, 5.957789028214864, 3.8640362294936255, 21.0, 0.0
6, 0 ,1.0,1.0,1.0,28.702131147540985,107.03483606557377,174.20332786885245,12.432949166082647,12.086923548809672,10.136819047447668,58.0,57.0,51.0,-0.8172366005398104,0.5762882138829344,-0.0040290542006394215,12.765375084282773,0.5759334846558577,0.8164435594989716,-0.041479337082578734,11.737908142125029,-0.020614557727383135,-0.036218899655653114,-0.9991312382852606,10.133792855908911,66.1080037804679,55.95793909101016,51.580287489230756,19.222204721805625,5.825280411693902,61000.0,190809.28883377695, 0.0, 1.4210854715202004E-14,0.0,54.81010339711662, 100.65685436574753,100.65685436574753,0.0, 154.57822496639517, -11.883328339156156, -0.6397300429991633, -11.883328339156156, 146.0937208747698, -1.3280831429724362, -0.6397300429991633, -1.3280831429724362, 102.75510040069786, 5.986341833030103, 3.739837398702526, 23.0, 0.0
7, 0 ,1.0,1.0,1.0,136.0069549230796,16.580952876493747,179.8974972683282,14.367775679432766,10.448330084177801,9.608564350947216,76.0,46.0,39.0,0.9726703577225038,0.22661299904836021,0.050585807004374955,14.571283032467036,-0.2270911150753501,0.9738659563088634,0.0038372641890533064,10.177736195492145,-0.04839422136794913,-0.015219980451052245,0.998712346741172,9.592522355013589,76.12159788621926,52.49974558182436,40.64512785116102,19.171035996675357,6.355821522264433,57657.0,162432.74694907098, 0.0, 0.0,0.0,NaN, 69.09521280512959,69.09521280512959,0.0, 206.43297797449966, 23.959034252501993, 5.909362325396665, 23.959034252501993, 109.16760154793488, 1.4223499575086744, 5.909362325396665, 1.4223499575086744, 92.3245088862937, 5.995387444203988, 3.91819088870946, 13.0, 0.0
8, 0 ,1.0,1.0,1.0,184.60705164761598,154.54665145917534,91.89945699337979,8.641962036218693,10.9937476458022,10.766200275027705,34.0,54.0,52.0,-0.3602232873124701,-0.9318509972782268,0.04350749532405254,11.342202209867029,0.14728049681098843,-0.10286360775045457,-0.9837314336035369,10.83853276446117,0.9211664553906133,-0.34795516531894705,0.17429734476164105,8.08317512127644,55.30673015458558,54.6116351221836,38.9948150766774,16.839097893177417,5.282219764552414,40331.0,117779.58721756039, 0.0, 0.0,0.0,NaN, 103.67477971151379,103.67477971151379,0.0, 74.68350783544516, 20.46096879137635, -8.545892875676696, 20.46096879137635, 120.8624872995814, 2.708999818178519, -8.545892875676696, 2.708999818178519, 115.91106836200662, 6.0684437324815965, 4.035051616255144, 20.0, 0.0
9, 0 ,1.0,1.0,1.0,79.33576047383579,146.67410204857904,44.85203499429441,9.631537972759403,8.90659545770437,10.393220078437201,45.0,40.0,48.0,-0.5868338277437974,-0.1024314053036242,0.8032022571078146,11.227518729830294,0.11453439174579903,-0.992492958736314,-0.04289055800822234,8.879660892990653,0.8015659247516594,0.06682465163666378,0.5941603606861161,8.67222206608773,54.03429910268356,41.09783162392755,42.56431103155032,16.08533986401995,4.623292271283988,36806.0,94522.24740079007, 0.0, 0.0,0.0,NaN, 105.59128432506452,105.59128432506452,0.0, 92.7665237207063, 2.6427062675558455, -23.985721036230366, 2.6427062675558455, 79.3274426472001, -4.028577955861215, -23.985721036230366, -4.028577955861215, 108.01902359883019, 5.984112423492056, 3.9434464940554426, 15.0, 0.0
10, 0 ,1.0,1.0,1.0,153.18573329569742,10.751239969353604,87.34368321303279,9.49155949774661,6.825057546671888,9.589017864116553,48.0,26.0,46.0,-0.6365072885585144,-0.04376418785023305,0.7700280303168826,9.760009189610152,0.7655706285537935,0.08530619729698113,0.6376711263641142,9.33667047282483,0.09359532203928682,-0.9953931628078114,0.020793439538089913,6.796262275221546,48.40380305143344,49.49509436908835,27.87683962278161,14.41696909535309,4.557562716696457,24799.0,66785.9608236658, 0.0, 0.0,0.0,NaN, 99.67990632599343,99.67990632599343,0.0, 90.08970169926388, 4.043460974279502, -4.04213899267026, 4.043460974279502, 46.5814105153829, 0.5758369991209364, -4.04213899267026, 0.5758369991209364, 91.94926359834638, 6.321432536051126, 4.057735406242473, 15.0, 0.0
11, 0 ,1.0,1.0,1.0,98.90313102561748,90.89773666329997,12.95225415480672,11.292965183768839,11.32641810767295,8.375581729677346,60.0,54.0,33.0,0.6935106594784428,0.7124950828171323,0.10674137975117012,11.523550236316533,0.7124327309038583,-0.7002645938043734,0.045487389470780015,11.1293627993237,-0.10715675026169007,-0.04450006320673851,0.9932457778656554,8.325518166111992,57.47195475691028,57.833385396234235,36.31968725088512,17.252641744372617,5.321234061987876,43564.0,120719.29327359436, 0.0, 0.0,0.0,NaN, 134.951801562157,134.951801562157,0.0, 127.53106264181517, 4.152154272314898, 6.46677331129517, 4.152154272314898, 128.28774714982168, 3.0901269915453864, 6.46677331129517, 3.0901269915453864, 70.15036931050498, 6.116881148915144, 3.849329690061266, 13.0, 0.0
12, 0 ,1.0,1.0,1.0,154.61306761998935,9.854947896858599,39.878641515174564,10.234408170200643,6.255946501862212,9.693774335151767,47.0,24.0,48.0,-0.97824561056197,0.008228512791090225,0.20728679888860518,10.259328966586796,-0.20730361005636488,-0.0012362268826737505,-0.9782758736679,9.667631593415026,-0.0077935020264818175,-0.999965381060935,0.002915133928622283,6.25558203676009,52.6847778759678,49.2884064619971,24.24064883898244,14.72977306757358,4.569794685437815,26294.0,62946.874482386374, 0.0, 0.0,0.0,NaN, 61.216008347598596,61.216008347598596,0.0, 104.74311059426968, -0.5183220543607083, -2.3896592844228337, -0.5183220543607083, 39.13686663416205, 0.17848705936216114, -2.3896592844228337, 0.17848705936216114, 93.96926086084709, 5.835628860827098, 3.8750191849366566, 13.0, 0.0
13, 0 ,1.0,1.0,1.0,188.52590236799756,59.128860449076555,92.90026055636447,6.996788809441735,9.506828362428726,9.589284582893033,28.0,46.0,54.0,0.16643913963092744,-0.6554650904789274,0.7366569947827605,9.83140954644392,0.04629591574488119,-0.7410590039400325,-0.6698419521534538,9.33402136720735,-0.9849643145740155,-0.14559212836846164,0.09299586642900774,6.892651841992765,51.54375317081333,44.910258303590126,29.900087836657804,14.54707892269403,4.435280462973088,26098.0,69214.01706634388, 0.0, 7.105427357601002E-15,-1.4210854715202004E-14,12.097858435942479, 110.71736749903107,110.71736749903107,0.0, 48.9550536439291, -6.720921513662813, 4.7974528264195895, -6.720921513662813, 90.37978551267923, -4.066502270329279, 4.7974528264195895, -4.066502270329279, 91.95437881170999, 6.13666004380309, 3.9439018448699956, 11.0, 0.0
14, 0 ,1.0,1.0,1.0,73.1690195170871,186.6628095348299,25.553729846486153,9.88618929556193,7.42331417846644,13.376105872910701,48.0,29.0,55.0,-0.21939430800282583,0.06415252599511503,0.9735248281499587,13.565721398037256,0.9609727227393744,0.18655951511478577,0.20427181271778178,9.72681171934856,0.1685157671164149,-0.9803468777573489,0.1025789232960854,7.288544246308584,57.80344665631401,47.63045230696744,33.01962766395536,17.297609326911946,5.705720995348499,38889.0,90909.78117066302, 0.0, -2.8421709430404007E-14,0.0,86.32180510343575, 78.64209544298329,78.64209544298329,0.0, 97.73673878768331, 5.595447374002098, -19.815569088455696, 5.595447374002098, 55.10559339222088, 9.756667938927992, -19.815569088455696, 9.756667938927992, 178.92020832331613, 5.365696294146654, 3.655159390008381, 12.0, 0.0
15, 0 ,1.0,1.0,1.0,184.43848353014295,149.3955251709136,34.764126786824114,9.465880015206032,11.533692309291808,9.227025502616703,42.0,59.0,49.0,0.38942709280264337,-0.9117044657739196,-0.1309255761078549,11.940667419211971,0.5485211913578271,0.343753165776927,-0.7622061818495904,9.542563086524904,0.7399128611010029,0.22500828452799834,0.6339560157227749,8.609697654220794,63.1309652094006,46.675198639276914,46.12996417137185,16.747794097462382,5.222866573313917,40225.0,135928.87467609803, 0.0, 0.0,0.0,NaN, 63.33654694423792,63.33654694423792,6.743495761743046E-7, 89.60288446227695, -21.11065936518522, -10.569836377029375, -21.11065936518522, 133.026058285417, 3.7340893181262613, -10.569836377029375, 3.7340893181262613, 85.13799962593902, 5.882880060920217, 3.867137112836766, 18.0, 0.0
16, 0 ,1.0,1.0,1.0,152.55964320771628,109.98228842132218,10.198156288677394,10.218153921658153,9.526920966933227,5.82193105038017,51.0,49.0,24.0,0.9097103095022802,0.41227872334497756,0.049531879252667846,10.400223139686307,0.41209316623039227,-0.9110282632968768,0.014377963015915117,9.338201145442222,-0.05105267016989137,-0.007331967765352895,0.998669047841782,5.805267594544259,48.264603587849905,42.62305295944275,25.368746250273475,14.474893327952543,4.420999544973629,23431.0,52188.19803423503, 0.0, 0.0,0.0,NaN, 102.26327905034876,102.26327905034876,0.0, 104.41066956669789, 7.842100291545479, 3.672296384557743, 7.842100291545479, 90.76222311019193, 0.819821384482141, 3.672296384557743, 0.819821384482141, 33.894881155380745, 6.080294814049666, 3.9404293977670855, 17.0, 0.0
17, 0 ,1.0,1.0,1.0,11.450895097875188,46.698803747699515,14.43500083654007,7.057115841987495,9.290039762553732,8.7938199608551,27.0,46.0,38.0,-0.18103302202692506,-0.8596117724190881,0.4778018895466106,9.561431410986303,0.04083648953282674,-0.4919804650427504,-0.8696479765623294,8.583062109143269,-0.982628834330865,0.13792324943544415,-0.12416823751158795,6.953349301206389,48.79868326727157,40.95914703958535,30.693894348076135,13.994996628324316,4.192739161238243,23908.0,61349.496322066865, 0.0, 0.0,0.0,NaN, 50.20229595506174,50.20229595506174,0.0, 49.80288400723088, 6.1940729295549355, -4.624824703777072, 6.1940729295549355, 86.3048387898294, -6.857560606327441, -4.624824703777072, -6.857560606327441, 77.3312695039336, 7.232878831325366, 4.150113673779234, 10.0, 0.0
18, 0 ,1.0,1.0,1.0,62.15124452162408,12.06199178588164,104.91344855150362,10.548505059631609,7.3363238988992165,11.913689702516432,50.0,28.0,56.0,0.3443586465927605,0.1508112613806744,0.9266461492703526,12.265770076835853,-0.9309864330992357,0.18223809959159312,0.3163124032383297,10.341904637313663,-0.12116676071417147,-0.9716199043340017,0.20315850363698812,7.044466095126573,60.372121114323335,51.050536639995805,34.92173875221749,16.659362575553978,5.430860727979086,36279.0,107629.81788493031, 0.0, 0.0,0.0,NaN, 114.23537590342552,114.23537590342552,0.0, 111.27095899307363, -4.490618510133458, 15.290165324234406, -4.490618510133458, 53.82164834955981, 17.394874561251935, 15.290165324234406, 17.394874561251935, 141.93600232784607, 5.5933438081088624, 3.6934373086803167, 17.0, 0.0
19, 0 ,1.0,1.0,1.0,189.84618281088206,134.6778687752989,118.50178857196649,6.422835498765835,9.205993789686973,9.161282079276585,27.0,47.0,46.0,0.06042545850216681,0.7118867259670923,0.699689969455513,10.210844787131048,0.04902551126345779,-0.7022414688572617,0.7102488427745247,8.044018516057214,-0.9969680351998048,0.008614453496814403,0.0773338734371409,6.4003626211710385,48.682681200915624,44.01729373682802,28.447781720178114,13.81421113233153,4.37033152374064,21246.0,60960.17903092552, 0.0, 0.0,0.0,NaN, 104.93826421861357,104.93826421861357,0.0, 41.252815844206566, 1.9054069075438569, 3.502816768012122, 1.9054069075438569, 84.75032165575513, 19.686587639392847, 3.502816768012122, 19.686587639392847, 83.92908933607431, 5.9912096630811, 3.71844967536934, 8.0, 0.0
20, 0 ,1.0,1.0,1.0,11.657760609474757,153.37657599656634,188.09319169483342,7.311674609568891,9.983155008837345,6.081484028327686,29.0,56.0,23.0,0.10329947964933,0.9942083337239445,0.029648046445504117,10.010854201786668,0.992661720655407,-0.10493105489495803,0.06010143146446533,7.281537471928761,-0.06286434481981143,-0.023222034202206643,0.9977518786140609,6.072102412588307,56.6790134385887,31.337064633225168,24.286032961858098,13.119444143863786,4.241297309731112,18639.0,43135.732342209994, 0.0, 0.0,0.0,NaN, 49.51180800826969,49.51180800826969,0.0, 53.4605855962144, 4.823551600520257, 1.1575443865734474, 4.823551600520257, 99.66338393047417, 1.7653783729794692, 1.1575443865734474, 1.7653783729794692, 36.98444798680474, 6.181021321564313, 4.068383784364488, 8.0, 0.0
21, 0 ,1.0,1.0,1.0,8.513199019089292,19.16194643458191,55.21243448574314,5.364215259500157,10.3538829883713,9.6137690172296,21.0,42.0,45.0,0.004677049355857266,0.9485971555795875,0.3164515154579597,10.44233907410852,-0.058742337170337444,0.31616912732788105,-0.9468824746231671,9.52898438547641,-0.9982622215796253,-0.014160485551087062,0.05720155256518998,5.343993286529833,44.64611732627513,44.336493289484835,21.826253526224125,14.361893258947799,4.7051328379087956,20797.0,43204.027333362195, 0.0, 0.0,0.0,NaN, 59.05986514159076,59.05986514159076,0.0, 28.77480535025434, -0.7989351491221289, 3.5812226154572078, -0.7989351491221289, 107.2028929368846, 5.526062444199486, 3.5812226154572078, 5.526062444199486, 92.42455471664381, 5.511171760953504, 3.777098359307693, 11.0, 0.0
22, 0 ,1.0,1.0,1.0,120.57145678622216,10.014931268762838,146.51662979933639,11.079582083640219,6.500672558944405,9.34668301823976,52.0,26.0,45.0,-0.8645732663873611,-0.16976221337254674,0.4729628505064044,11.90492396884272,-0.4617476668961831,-0.10293423117172072,-0.8810185220351605,8.467547991741897,-0.19824772171256072,0.9800945540936039,-0.010606878515300844,6.240976094635166,57.673462873120165,39.69482589978199,28.613068791681265,15.032099798026602,5.139293917684786,25316.0,65504.98762097678, 0.0, 0.0,0.0,NaN, 96.27909021902032,96.27909021902032,NaN, 122.75713914812131, 16.641412124143173, -28.704024463066833, 16.641412124143173, 42.258743718612806, -5.282164878501682, -28.704024463066833, -5.282164878501682, 87.36048344345153, 5.65758678837869, 3.7278680834764066, 9.0, 0.0
23, 0 ,1.0,1.0,1.0,57.062270473742196,151.82347135512302,19.342499081894967,8.645497699232015,11.453719523558801,11.714742882608997,41.0,52.0,46.0,0.1764180060092894,0.5836728701958246,-0.792592371747971,12.42373823139899,0.2578090995857426,-0.8045114593018453,-0.5350661454650294,10.96195355676046,0.9499532384946613,0.10994222323285513,0.2924064845794669,8.285760361880978,61.06300730692976,57.97749509788366,43.340076310133924,17.660849621216524,5.591235360293018,43568.0,153436.0143219494, 7.105427357601002E-15, 0.0,0.0,79.8388121393268, 77.14410473018836,77.14410473018836,0.0, 74.74463046742608, -1.8597382892593046, -19.088211531609964, -1.8597382892593046, 131.18769092435207, -17.470364477624376, -19.088211531609964, -17.470364477624376, 137.23520080563816, 5.372173927370028, 3.612996495145839, 12.0, 0.0
24, 0 ,1.0,1.0,1.0,139.66600838631138,36.32679561747599,35.26205870417963,8.740936121379164,8.987504000565343,11.218256310458521,39.0,45.0,57.0,0.21381306227675886,0.4070224707148128,0.8880409240192952,11.82817544991322,-0.8223674982130794,-0.4156564083446433,0.388511837766613,8.710636731540804,-0.527252949050638,0.8133648987602302,-0.24584928143512008,8.200459764095777,58.487810304059956,41.757824042400614,41.485448098254246,16.10702972321366,4.857165900078554,36965.0,101320.89273465585, 0.0, 0.0,0.0,NaN, 78.76064631484135,78.76064631484135,0.0, 76.40396427803104, 9.272328383426458, 11.039425855858191, 9.272328383426458, 80.77522816017805, 24.869236598228134, 11.039425855858191, 24.869236598228134, 125.84927464714242, 5.4736861027651225, 3.5262952354985453, 16.0, 0.0
25, 0 ,1.0,1.0,1.0,71.07918769877163,63.873252997986754,46.77953491086278,9.095724902145545,9.256107668106308,9.583336873462121,42.0,39.0,51.0,0.4641226028282254,0.5800843803317289,0.6693969832910122,10.020187864704305,-0.48304063399637087,-0.46770674292160497,0.7402176359247651,9.217384119366494,-0.7424701714226217,0.666897679048906,-0.0631310559617434,8.653539821450446,54.103886099717855,48.09331949270767,44.47193503508034,15.510623293149315,4.434935326177219,34273.0,115717.55282512479, 0.0, 0.0,0.0,NaN, 106.3972192255919,106.3972192255919,0.0, 82.73221149551057, 9.147346055596648, 4.325864156972501, 9.147346055596648, 85.67552916357639, 6.421244117900011, 4.325864156972501, 6.421244117900011, 91.84034563025875, 5.630872848675777, 3.6121692831850587, 23.0, 0.0
26, 0 ,1.0,1.0,1.0,92.17835820895522,126.70788059701492,77.17307462686567,8.968301241331417,8.185311415628528,10.294418881069364,43.0,39.0,48.0,-0.10447291056296232,-0.10381320752625783,0.9890946511338604,10.327796558989787,0.9879033919939312,0.10376460747301408,0.11523798992891332,8.962456664669324,-0.11459624359196222,0.9891692090734931,0.09171682929283095,8.149588885032534,46.84772668193741,42.66442830577327,39.44861027400364,15.341294877625186,4.2484681595542,33500.0,78847.17905133635, 0.0, 0.0,0.0,NaN, 140.79867874395578,140.79867874395578,0.0, 80.43042715526666, 1.8624004009801225, -2.5753767431499064, 1.8624004009801225, 66.99932297081868, -3.9663370657162265, -2.5753767431499064, -3.9663370657162265, 105.97506009891742, 5.756688810217736, 3.625109485502737, 19.0, 0.0
27, 0 ,1.0,1.0,1.0,66.25737180752378,190.665021908183,72.75450992776221,11.332519714153763,5.63811968951689,10.030727466939075,61.0,23.0,46.0,-0.9204881406326786,0.09303612583294918,0.3795337432226414,11.618755588465921,0.38158986681873797,0.0047123534638892906,0.924319732163113,9.74415629240049,-0.08420662976186698,-0.9956515821384644,0.03983930834390584,5.557501861967441,60.8391315781642,47.87028144407762,24.078879205850853,15.270860137896529,5.256493210287683,25333.0,70126.9991575738, 0.0, 0.0,0.0,NaN, 98.84533296845127,98.84533296845127,0.0, 128.4260030716837, -8.800613541284187, -13.775723551454627, -8.800613541284187, 31.788393633318034, 3.955187749062233, -13.775723551454627, 3.955187749062233, 100.615493516006, 5.312286837768579, 3.6314902759618146, 15.0, 0.0
28, 0 ,1.0,1.0,1.0,101.00610667996013,18.884421734795612,101.71552841475574,9.881611652460352,9.914865753045166,10.717239871047733,45.0,41.0,52.0,-0.5188017974298081,0.4258085240207074,0.7413041183312736,12.47159055412524,0.5724009774747447,0.8170871549840436,-0.06874374259551175,9.502827403639502,-0.6349817445955094,0.3886588247182713,-0.6676395000290614,8.0601329140043,62.28882831401911,47.52745666398234,43.61973762751609,16.820489086809047,5.280264111297427,40120.0,129133.16190833476, 1.4210854715202004E-14, 0.0,0.0,58.7480872926213, 140.77020158296196,140.77020158296196,0.0, 97.64624885004022, -8.15829220650612, -35.831189044407346, -8.15829220650612, 98.30456290090788, 27.167046492004484, -35.831189044407346, 27.167046492004484, 114.85923045357524, 5.346189374113427, 3.390482286704838, 17.0, 0.0
29, 0 ,1.0,1.0,1.0,126.24081373873253,74.12804256140254,166.59456404884637,8.929611840121995,9.306371286672947,9.92553087141273,44.0,45.0,48.0,-0.08867288120169091,-0.5196441451991993,0.8497688406264287,10.332047960615759,-0.7349677502198205,0.6099440583377805,0.29629487311672037,9.182633359249062,-0.6722793513683178,-0.5982793729175626,-0.4360071853366204,8.590151730276173,47.23872037161047,42.261686052454344,42.78803141142228,15.688854535358937,4.326952806349837,36277.0,85421.51116395553, 0.0, 0.0,0.0,NaN, 109.77844689644722,109.77844689644722,0.0, 79.73796761524692, -3.2017415942997847, -4.776721105127834, -3.2017415942997847, 86.60854652541067, -12.651590539649916, -4.776721105127834, -12.651590539649916, 98.51616307936715, 5.455508308756406, 3.5968522019106284, 16.0, 0.0
30, 0 ,1.0,1.0,1.0,44.53861146951437,56.68622175858567,171.5984022840201,9.04928420650333,11.485198250992317,8.025223137906174,44.0,53.0,40.0,0.23399755264039876,-0.968699016299284,0.08286954313317899,11.634493861706712,0.9477768492894523,0.2462794490979289,0.2026461864999663,8.922184114401704,-0.21671222694915526,0.031123122799918995,0.9757392899324691,7.952151478592367,50.68857014601559,45.84530711942959,37.60365611175388,16.002763151889337,4.7026696069764595,36427.0,87384.61946704608, 0.0, 0.0,0.0,NaN, 77.48332983110795,77.48332983110795,0.0, 81.88954465007062, -12.528005899564912, 4.542409399278632, -12.528005899564912, 131.90977886459697, -4.972939355248827, 4.542409399278632, -4.972939355248827, 64.40420641318461, 5.469969219414903, 3.527749908785974, 21.0, 0.0
31, 0 ,1.0,1.0,1.0,188.69021347380095,179.98214582755753,188.22694760188523,6.544773277942378,11.17183438888981,7.012682492829154,26.0,48.0,28.0,-0.03869038460949085,-0.9734587709291751,0.22556833873535878,11.363826544176574,0.622680893772121,-0.20003767025048091,-0.7564743452437188,6.995469250816353,-0.7815187513232955,-0.1111888114057333,-0.6138937119308664,6.224830347281193,51.76590522599727,39.503695628592496,32.977773220777465,13.771047895520983,5.213434230616052,18035.0,67437.7180802039, 0.0, 0.0,-2.8421709430404007E-14,76.96369923414004, 25.83080563408973,25.83080563408973,0.0, 42.83405725966861, 2.1353062788225317, -5.587859370572134, 2.1353062788225317, 124.80988361278094, -18.305845460060617, -5.587859370572134, -18.305845460060617, 49.177715745232526, 6.118343771330234, 3.899670035823952, 8.0, 0.0
32, 0 ,1.0,1.0,1.0,87.8299929676512,75.72377519924989,97.51139826535396,10.512530223584625,8.620061977455562,9.323749295649218,48.0,43.0,45.0,0.8689187934711976,0.21322394267006797,0.4466717817646306,10.999760202497784,-0.4747071652554462,0.10353486198375378,0.8740329739827577,8.87414302477952,-0.1401186554592099,0.9715019725282279,-0.19118232074662803,8.485630335359742,50.26051897479587,47.765072554959445,42.55170957996395,15.821283732839108,4.63012334285732,34128.0,102153.77580878252, 0.0, 0.0,0.0,NaN, 151.51458869293302,151.51458869293302,0.0, 110.51329170178019, 8.744882316750113, 16.215252365669905, 8.744882316750113, 74.30546849517508, 5.27607687082434, 16.215252365669905, 5.27607687082434, 86.93230092811929, 5.852166879498625, 3.5922159494378265, 22.0, 0.0
33, 0 ,1.0,1.0,1.0,143.10409501974272,71.39281620175774,115.85906253980384,9.199487992992852,9.653667410036634,8.236583078875347,42.0,42.0,39.0,-0.4713099017416466,-0.8593479590770361,0.19846425811821217,10.03324439030927,0.8283740242137312,-0.35407133867595825,0.43408520262289885,9.076342992560061,-0.3027597273882835,0.36899129035567724,0.8787388549014001,7.913228133813168,46.46507338585019,44.53436377981416,40.633430498806234,15.082501974048906,4.264189115747391,31404.0,84082.45221740448, 0.0, 0.0,0.0,NaN, 124.15222738807819,124.15222738807819,0.0, 84.63057933321966, 9.613771616241694, 3.5468642388670593, 9.613771616241694, 93.19329446360344, -9.526060230894867, 3.5468642388670593, -9.526060230894867, 67.84130081521567, 5.596175152937017, 3.5802587217220134, 19.0, 0.0
34, 0 ,1.0,1.0,1.0,146.46187345704695,106.94846190119553,84.75764888629996,9.309627957208441,9.70023113059267,9.890232172040601,43.0,50.0,45.0,0.30571044376360307,0.6878823602385647,0.6583000706717889,10.592939984118313,-0.7077482331239863,-0.2983127583312848,0.6403920180066706,9.554200680393397,-0.6368936827161473,0.6616852398908422,-0.3956501993262002,8.665288278935728,53.47953766965759,49.180266911114956,43.437987679406,15.998369835260046,4.7573639465191535,36051.0,114247.8992971922, 0.0, 0.0,0.0,NaN, 136.78003794785195,136.78003794785195,0.0, 86.66917270163701, 11.226100826140527, 0.13060354481766212, 11.226100826140527, 94.09448398691916, 13.716643411576488, 0.13060354481766212, 13.716643411576488, 97.81669241686694, 5.228163189992789, 3.413552524377375, 23.0, 0.0
35, 0 ,1.0,1.0,1.0,9.065040650406504,98.51018233483306,112.87062909464046,6.070314477432512,9.684721082144211,10.815923925526683,25.0,49.0,58.0,0.01507819322881157,-0.009443366039225503,0.9998417229375878,10.816832806629556,0.03903337051581664,-0.9991876093310997,-0.01002583389931932,9.689141391651312,0.9991241384708557,0.03917836388940916,-0.014697337439803032,6.061634910042644,57.962489832262406,49.045075536910446,26.119102447293862,14.938111014056986,4.947685316221111,25338.0,74250.72341833638, 0.0, 0.0,0.0,NaN, 131.82548410682696,131.82548410682696,0.0, 36.848717854926754, -2.2398287350147643, 1.1876313541726877, -2.2398287350147643, 93.79382243892854, -0.18543777355820315, 1.1876313541726877, -0.18543777355820315, 116.98421036278052, 5.535083523933019, 3.5242582549270143, 16.0, 0.0
36, 0 ,1.0,1.0,1.0,117.27264614011602,38.55629927115871,158.40359958351925,9.536917469889474,8.40166576421281,9.774560387735193,45.0,39.0,48.0,-0.6868055340826607,-0.18233089472660582,0.7036004570646803,10.02620920722345,-0.5819029200493182,-0.4421185775946595,-0.6825834417737889,9.639499707199471,0.43553088293656966,-0.8782292457974,0.19755060575614936,7.977342135222712,50.999860000901364,50.648336463549526,40.69330179925305,15.412505695679897,4.42012232807407,33615.0,105113.16156354, 0.0, 0.0,0.0,NaN, 100.30286046645836,100.30286046645836,0.0, 90.95279482748305, 12.152566329907229, -6.194377217996551, 12.152566329907229, 70.58798761354561, 4.1046463718040185, -6.194377217996551, 4.1046463718040185, 95.54203077348197, 5.240337447021292, 3.3870156007996255, 13.0, 0.0
37, 0 ,1.0,1.0,1.0,180.95426123775295,160.26857367928707,8.110580473634975,10.216875537467436,9.325961489660681,5.433253357699045,44.0,48.0,21.0,-0.9812638047222978,0.19026208157426355,-0.030359279585464107,10.2558957568629,-0.18780171725471656,-0.9797201675952416,-0.06984918183723979,9.301859592437905,-0.04303324921615418,-0.06283894908558334,0.9970954848657776,5.400958789938596,46.683296310812764,44.28400316465434,22.58380880383273,14.085927153886688,4.7397259118111945,20311.0,46688.03282321302, 0.0, 0.0,0.0,NaN, 44.80075800806621,44.80075800806621,0.0, 104.3845457481005, -3.6386438408715307, 3.0168248367882935, -3.6386438408715307, 86.97355770663407, 3.4858344501167893, 3.0168248367882935, 3.4858344501167893, 29.520242048947953, 5.806200635831716, 3.6003319008355636, 12.0, 0.0
38, 0 ,1.0,1.0,1.0,55.444308516835605,82.38917045322148,71.90064662705348,10.349882994491484,8.663662601859285,9.175664885957737,52.0,42.0,46.0,0.8700959337940012,-0.15921494544531456,0.4664586446213542,10.916750852642823,-0.2250296707421107,0.7136734195468227,0.6633490012942227,8.974337376203009,0.4385142110363616,0.6821443039263692,-0.5851362536537684,8.164421183239197,53.49321540674171,40.68254365673346,42.158960946448325,15.656902757016445,4.607965910817056,34332.0,91748.02016860491, 0.0, 0.0,0.0,NaN, 122.60403639468174,122.60403639468174,1.9073486328125E-6, 107.12007799966399, -9.50464307623909, 19.242966805048628, -9.50464307623909, 75.05904967885519, 2.671107433762666, 19.242966805048628, 2.671107433762666, 84.19282609939779, 5.232937017124314, 3.33849288674139, 22.0, 0.0
39, 0 ,1.0,1.0,1.0,154.51736160322005,179.53589954363787,136.78763570395986,9.41472009405121,11.114842968344222,8.715181649697449,47.0,49.0,43.0,0.06890888375775911,0.9684281774116015,0.23957969641541704,11.261202466158785,-0.9974863011289797,0.07085795178990471,4.792996616804397E-4,9.40526869015329,-0.01651195928064845,-0.2390104932076902,0.9708765829585811,8.535649930128772,53.65240254830064,47.51766052052446,40.49188634376405,16.183499887067526,5.121075204758093,35279.0,103231.4990886505, 0.0, 0.0,0.0,NaN, 80.51864878967861,80.51864878967861,0.0, 88.63695444933163, 2.498023229953297, 0.8833320993034339, 2.498023229953297, 123.539734210951, 12.519486362451781, 0.8833320993034339, 12.519486362451781, 75.95439118722315, 5.268356573679181, 3.482030170952565, 17.0, 0.0
40, 0 ,1.0,1.0,1.0,133.77193693132244,137.37037267854916,18.30580830113424,9.250293166676169,8.291078578462026,9.6764026480947,47.0,39.0,38.0,-0.19998611384614212,0.05081915404605114,-0.9784799271578146,9.70567566234133,0.9237118792793702,0.34281120326841624,-0.17098784457333469,9.359114647067301,-0.32674442358958805,0.9380287269032352,0.11549973661183617,8.13323483198581,42.78842942436506,49.55536189447605,40.715298119279,15.148049715667517,4.298751642442561,32092.0,86332.55954687411, 0.0, 0.0,0.0,NaN, 92.97165790610829,92.97165790610829,0.0, 85.56792366945584, 6.505196236890871, 2.1021504099464585, 6.505196236890871, 68.74198399423187, -2.6517773110831464, 2.1021504099464585, -2.6517773110831464, 93.63276820805412, 5.366693403250066, 3.398991251067843, 13.0, 0.0
41, 0 ,1.0,1.0,1.0,15.494208373661369,152.74676074807206,56.709201036560614,9.49062051974796,8.26707888106522,9.693887130673074,35.0,40.0,50.0,-0.29457220261534944,0.17813733736155601,-0.9388792821678813,9.740141438448049,-0.9377356462030645,0.13535034720480096,0.319893953290244,9.51241603696895,-0.18406269390200278,-0.9746524367944068,-0.12717528126276142,8.187277000107413,50.02444954963174,45.72739723704757,37.447667799299154,15.253574294964295,4.440314178731629,32029.0,85661.0860798907, 0.0, 0.0,7.105427357601002E-15,20.13580973151755, 75.42461531311531,75.42461531311531,0.0, 90.07187784986105, -4.437743166543815, 0.663525454815397, -4.437743166543815, 68.34459322575456, -3.640502993925969, 0.663525454815397, -3.640502993925969, 93.97144770222904, 5.605544832591586, 3.645241107112413, 16.0, 0.0
42, 0 ,1.0,1.0,1.0,117.8230427619798,89.44144402263449,63.20363870782895,8.336476232912327,8.728445390490917,8.682214613494187,39.0,42.0,39.0,-0.4087448667036308,-0.7154391095110171,0.5666343746416329,9.295667487380276,-0.5156459985172862,-0.33123493988841163,-0.790185180075045,8.408833176205052,-0.7530184846048217,0.6151668840072616,0.2335227326498524,7.996595281135644,49.489231152508914,41.48111549867551,40.46542595534578,14.337300509834911,3.9376718504919554,27922.0,83070.19882415305, 0.0, 0.0,0.0,NaN, 136.92159857255257,136.92159857255257,0.0, 69.49683598191211, 7.724273867052379, -2.4472394937547417, 7.724273867052379, 76.18575893478214, -7.3365822904053895, -2.4472394937547417, -7.3365822904053895, 75.38085059477203, 5.293252562825057, 3.3864560906355328, 15.0, 0.0
43, 0 ,1.0,1.0,1.0,184.2669935122383,11.613130345030964,96.1397080507225,8.652284703785506,7.049632368808779,11.37487301721502,33.0,28.0,51.0,-0.29376417024503415,-0.07422241169536388,0.9529919442903857,11.647874758789149,-0.9541562080174615,0.08258093514177291,-0.2876913621450041,8.31810842925428,0.057345819219749655,0.9938165941224937,0.09507909478314125,7.005938127846612,55.51950930558554,40.5702992400214,32.339282612798144,15.16536690408458,4.894765566701862,27128.0,72842.39418022247, 0.0, 0.0,0.0,NaN, 98.10828585615381,98.10828585615381,0.0, 74.86203059536064, 0.3036013311316936, -18.72161255571301, 0.3036013311316936, 49.69731653535647, -6.602505308451358, -18.72161255571301, -6.602505308451358, 129.3877361577663, 5.602184855287158, 3.610278746170778, 8.0, 0.0
45, 0 ,1.0,1.0,1.0,185.99669447505116,22.52296552809696,176.68213442468127,8.275590464851831,10.990716997447144,9.251869451370501,33.0,48.0,50.0,0.11162050485774849,0.9887227889354958,-0.09984042034625173,11.033453471499001,0.21551918805037962,-0.12216221365914123,-0.9688280926645365,9.286387917703498,0.970099140540495,-0.08662355449595238,0.22672454064145836,8.179501814861332,51.18311052699828,55.237720419860196,39.15398558030401,15.782983370771367,5.076985515351624,31765.0,110697.64956876314, 0.0, 0.0,0.0,NaN, 35.314294510772,35.314294510772,0.0, 68.48539754194655, 5.542449594851252, -4.6477687985332725, 5.542449594851252, 120.79586011797356, -3.124684938227705, -4.6477687985332725, -3.124684938227705, 85.5970883452027, 5.439661339209171, 3.4285026539560044, 7.0, 0.0
46, 0 ,1.0,1.0,1.0,182.04736893298318,94.17264857504134,79.96076905618779,9.434910374108837,8.487404909338766,9.501497757520884,38.0,43.0,43.0,0.6686333010226121,-0.23083457479202313,0.7068556485196893,10.608057636274216,0.5921115220354556,0.7403165823029777,-0.3183320647375862,8.465095936119566,-0.44981491108728366,0.6313847931711883,0.6316801316455303,8.194101505136786,54.52285106907743,50.62651287123552,47.23760460019421,15.19752032098946,4.513026876915413,30843.0,130390.04601767505, -2.8421709430404007E-14, 0.0,0.0,48.0383302405562, 124.83793209567216,124.83793209567216,0.0, 89.01753376746655, -5.026334648644274, 20.600470654894643, -5.026334648644274, 72.03604209506778, -8.469672056031767, 20.600470654894643, -8.469672056031767, 90.27845963617438, 5.503360507313783, 3.3840402196236905, 13.0, 0.0
47, 0 ,1.0,1.0,1.0,28.264996354477365,152.08517266520846,129.45346987472658,10.663103022189544,8.385218813678453,8.249321677343511,58.0,41.0,41.0,-0.9698072437975409,0.24235545660150987,-0.02716141626076717,10.793684706850152,-0.187956811066925,-0.6718305020737606,0.716460755140762,8.738168443512933,0.15539030552569633,0.6999340034166024,0.6970984462827603,7.694527370364491,56.815015302242685,45.21974509184841,38.98161727185331,15.174967934618818,4.667474363579392,30174.0,100150.03168570963, 0.0, 0.0,0.0,NaN, 89.84182550548277,89.84182550548277,0.0, 113.7017660618278, -11.301585491847485, -0.8001572585110969, -11.301585491847485, 70.31189455326708, -8.632081181747484, -0.8001572585110969, -8.632081181747484, 68.05130813628955, 5.320914428454709, 3.4204225796561705, 20.0, 0.0
48, 0 ,1.0,1.0,1.0,17.19105628845153,134.65783110403723,12.219521900156101,9.78079576516483,10.648139486988084,8.010731662368146,41.0,52.0,32.0,-0.4459999499932882,0.8714858239029832,-0.20395220847571705,11.185243354351003,-0.8714817475738028,-0.37090960353200175,0.3208514136690748,9.48733759558997,-0.20396962580662636,-0.3208403415156376,-0.9249096534280709,7.6222974588991415,56.074590043661175,48.114313752284986,37.09489393668534,15.765851186372952,4.965541105441678,32671.0,100081.66843097232, 0.0, 0.0,0.0,NaN, 68.66183923992736,68.66183923992736,0.0, 95.66396579986628, -15.731051444749244, -2.827163407938994, -15.731051444749244, 113.38287453435484, -15.708027445690549, -2.827163407938994, -15.708027445690549, 64.17182176646753, 5.683442390662704, 3.5003805104401877, 11.0, 0.0
49, 0 ,1.0,1.0,1.0,181.079490325099,84.21605420175096,18.165114593208052,10.589060855951905,9.851482863208991,8.817989221096894,45.0,47.0,42.0,-0.8401063167418038,-0.5249895394246396,0.136408797609337,11.103910645010927,0.49215309759918485,-0.8434827585183726,-0.21522584558032007,9.341310611294826,0.22804978643718882,-0.11367858011490754,0.966990421529092,8.739561932354393,53.763727929915945,50.955229221676554,46.42367256181487,16.199450564189004,4.951228103909006,35866.0,127179.65093722261, 0.0, 0.0,0.0,NaN, 88.20601373973692,88.20601373973692,9.5367431640625E-7, 112.1282098110529, 16.175961341404314, -6.529045382959757, 16.175961341404314, 97.05171460410041, -1.3846950589072793, -6.529045382959757, -1.3846950589072793, 77.75693390338101, 4.695497892569732, 3.218030647295208, 16.0, 0.0
50, 0 ,1.0,1.0,1.0,150.2870352825255,112.74396483116686,35.862962822602036,9.605639684282925,8.791216643164624,7.349491501931897,44.0,42.0,35.0,-0.9839351557898389,0.17852605981218383,-2.3488031472855274E-4,9.632153379763079,0.1785086030448445,0.9838557205533878,0.012751461616330229,8.762370070889034,0.002507556540500803,0.012504683215147108,-0.9999186692215948,7.349239495199592,45.25167545746764,41.72789898219867,35.244706431030906,14.371150942959007,4.1278141579997,26387.0,66551.07569434913, 0.0, 1.4210854715202004E-14,0.0,79.7160812793161, 106.63557866303744,106.63557866303744,0.0, 92.26831374427098, -2.8111111392449866, 0.060784461348818666, -2.8111111392449866, 77.28549006705467, 0.2840101879524081, 0.060784461348818666, 0.2840101879524081, 54.01502533696918, 5.7249125503346665, 3.6348071946028746, 11.0, 0.0
