// Sample: .//bubblelabels.tif, Map: .//bubblelabels.tif, Thickness:(8.191250068658265):/gpfs/home/mader/Foam/NewValid/InSilicoTest/LatticeData_Phi_6.65/out_Step_06000.vtk/distmap.tif, Neighbors:(1.0):
//LACUNA_NUMBER, TRIANGLES, SCALE_X, SCALE_Y, SCALE_Z, POS_X, POS_Y, POS_Z , STD_X, STD_Y, STD_Z,PROJ_X, PROJ_Y, PROJ_Z, PCA1_X, PCA1_Y, PCA1_Z, PCA1_S, PCA2_X, PCA2_Y, PCA2_Z, PCA2_S, PCA3_X, PCA3_Y, PCA3_Z, PCA3_S,PROJ_PCA1, PROJ_PCA2, PROJ_PCA3,OBJ_RADIUS, OBJ_RADIUS_STD, VOLUME, VOLUME_BOX, Mask_Grad_X,Mask_Grad_Y,Mask_Grad_Z,Mask_Angle, Mask_Distance_Mean,Mask_Distance_COV, Mask_Distance_STD, SHAPET_XX, SHAPET_XY, SHAPET_XZ, SHAPET_YX, SHAPET_YY, SHAPET_YZ, SHAPET_ZX, SHAPET_ZY, SHAPET_ZZ, Thickness, Thickness_STD, Neighbors, Neighbors_STD
1, 0 ,1.0,1.0,1.0,181.7970761883652,35.59718500010075,19.62749108348278,11.792213494778867,17.96459746781868,13.127813790204552,50.0,81.0,64.0,0.23218877931461612,0.9487074566502426,0.21457523728663822,18.394393163668923,-0.48480405720161773,0.30412660840331923,-0.8200439208859152,13.711377118579676,-0.843239821688492,0.08637805136331014,0.5305520100437262,10.381088278689603,95.89442209132088,76.79822724840965,56.58153039704925,23.84254583299954,8.102812129059034,99254.0,416695.9038804916, 0.0, 0.0,0.0,NaN, 44.53924585638799,44.53924585638799,0.0, 139.0562991064448, 38.9634866412138, 43.38650631624354, 38.9634866412138, 322.7267621807573, 26.92998489742327, 43.38650631624354, 26.92998489742327, 172.33949491028483, 10.360925563632653, 7.090109071975249, 9.0, 0.0
2, 0 ,1.0,1.0,1.0,60.811684228285706,87.70755302995445,31.702322888387858,16.170848219445592,21.71761560076099,18.630879468035694,80.0,116.0,76.0,-0.0045613471703455435,-0.9705409380752228,0.24089309170679477,21.905697891803907,-0.12454157135633973,-0.2384686857584078,-0.9631313944196565,18.443120778233148,-0.9922039060173493,0.03439438083065806,0.11978495502854408,16.132344067238346,120.55958892607214,92.29175911771063,79.9920586584347,31.372456967243558,9.799478205997367,260796.0,890044.1626595532, 0.0, 0.0,0.0,NaN, 111.3360367253236,111.3360367253236,0.0, 261.4963321363467, 3.3450526250674204, 9.342234856724874, 3.3450526250674204, 471.6548273824172, -32.99310010746151, 9.342234856724874, -32.99310010746151, 347.10966975247396, 10.470912443022922, 6.75442891994612, 22.0, 0.0
3, 0 ,1.0,1.0,1.0,166.34178133207888,185.07268023050688,79.7765494531342,19.192255479978513,8.631648793044414,16.28301605532031,76.0,35.0,69.0,-0.9930487882883445,-0.006379492667973195,-0.11753044776716337,19.231053246004915,0.11715040458403914,0.043113906664152504,-0.9921778942094761,16.248410392811667,0.011396788356663988,-0.9990497951180682,-0.04206685262411945,8.610481630497969,82.43152229884873,75.85205289918736,35.80455958081225,25.129128508860653,8.747087717534331,102036.0,223871.5960368797, 0.0, 0.0,0.0,NaN, 87.86352145257246,87.86352145257246,0.0, 368.3426704087653, 2.832258709095735, 12.441948080788972, 2.832258709095735, 74.5053608864651, -7.90031842432541, 12.441948080788972, -7.90031842432541, 265.136611857819, 10.78196722837264, 6.796398360686051, 11.0, 0.0
4, 0 ,1.0,1.0,1.0,14.459037514812664,113.05571152484949,142.1364992007126,9.281159475320614,17.940590490313784,19.689108888057575,37.0,92.0,106.0,-0.044217998106236125,0.21420532100919465,0.9757872970554725,19.7815850772562,0.058272088044504546,-0.9745266285568478,0.21656918984139273,17.877685193642755,-0.9973209776187453,-0.06643741931300132,-0.0306094252905542,9.205595097631685,102.02917419106227,95.82877591489796,39.45992212560846,26.63100527636181,9.29813288374105,125737.0,385812.71473982127, 0.0, 0.0,0.0,NaN, 105.43508803550213,105.43508803550213,0.0, 86.13992120633363, -16.241381278313458, -10.263577633207957, -16.241381278313458, 321.86478714113736, 14.508910051131766, -10.263577633207957, 14.508910051131766, 387.6610088057878, 11.289166129190889, 6.899126803753974, 15.0, 0.0
5, 0 ,1.0,1.0,1.0,58.16055265091264,148.52983302067804,184.8830645448904,18.894818890513676,22.239121017472847,8.73816869850293,94.0,96.0,38.0,0.11169478404163143,0.9925743528557814,0.04817083423420253,22.304009357073628,0.9928598602965047,-0.10942171216544005,-0.047499333877313976,18.861037774740613,0.041875685426011604,-0.05313231558768435,0.9977090678200695,8.645270232791523,100.30016152796972,92.22018670180623,41.26569283268563,28.548063747854062,10.62809169075298,140197.0,381695.26340970653, 7.105427357601002E-15, 0.0,0.0,83.58697832586103, 79.12237174840511,79.12237174840511,0.0, 357.01418090531246, 16.338166926093677, -10.977459573606646, 16.338166926093677, 494.5785036298026, 21.672432951781538, -10.977459573606646, 21.672432951781538, 76.35559220349639, 9.201786058996353, 6.3979980689241955, 15.0, 0.0
6, 0 ,1.0,1.0,1.0,185.48714841430458,174.62591645560417,137.09399047492093,9.315623426126757,15.02887077872079,15.806764868384613,39.0,60.0,75.0,0.04755679831978107,0.5539650321027114,0.8311805424461122,16.478670190927026,0.1504818474602918,-0.8265982939323193,0.5423010916945643,14.401527876972999,-0.9874682600056112,-0.0992874799540229,0.12267204981523033,9.14062557228497,79.04934332309071,75.56389153494408,45.60821789232574,22.524656776999283,7.425728878964295,82519.0,272430.4735567601, 0.0, 0.0,0.0,NaN, 69.36593552483625,69.36593552483625,0.0, 86.78083981740164, -10.453122500258592, 17.538344828447396, -10.453122500258592, 225.86695688348766, 31.042625237464485, 17.538344828447396, 31.042625237464485, 249.85381560439805, 10.904726746965508, 6.885791974079633, 7.0, 0.0
7, 0 ,1.0,1.0,1.0,81.09150418655437,21.712633177835315,43.14230501035152,17.2039327595408,13.515868359799143,19.781479407837885,92.0,55.0,86.0,-0.30428632710980963,0.06905442681385339,0.9500743745999217,20.093922319670916,0.949850823049757,0.0974475797851544,0.29713192885604894,16.899032417281052,0.07206417338540766,-0.992842109970879,0.09524337028293259,13.439416529286161,95.4105921766016,88.93555288296322,60.76088305376524,28.142754141065435,8.828721132324649,184997.0,515580.0182881829, 0.0, 0.0,0.0,NaN, 94.38500395910043,94.38500395910043,0.0, 295.975302394801, 5.026257428853544, -34.88804109912715, 5.026257428853544, 182.67869751941956, 17.67909868246663, -34.88804109912715, 17.67909868246663, 391.3069275627143, 9.621937928084707, 6.175883106260254, 13.0, 0.0
8, 0 ,1.0,1.0,1.0,51.77768740100176,183.19293063344605,121.75508369365127,14.649989606514033,9.723827150079716,12.72093616878459,61.0,37.0,61.0,-0.9629014280889321,0.02342716272541543,0.268834536157339,14.807526866027237,-0.26429521361629754,0.11928066621334224,-0.9570371793860553,12.576555225429988,0.054487428309751854,0.9925841479261787,0.10866383686328913,9.672881354564401,61.986428710038346,64.61383384522345,41.3882141385767,20.739322821160897,6.393568318680057,70077.0,165767.2808346823, 0.0, -2.8421709430404007E-14,0.0,88.65759963873224, 95.3187988860305,95.3187988860305,0.0, 214.62219547096922, -4.872202486715242, -16.19714815326862, -4.872202486715242, 94.5528144446274, -6.5834115549776255, -16.19714815326862, -6.5834115549776255, 161.82221701029198, 10.850052599347118, 6.5747101552018234, 9.0, 0.0
9, 0 ,1.0,1.0,1.0,169.6960507191454,95.11988729078799,16.60735463275879,16.16814526022847,15.904400635210402,10.423374823102321,68.0,78.0,41.0,0.7902732005413297,0.5998427422433665,0.12512774705923754,16.63297789120088,0.6027162542858222,-0.7977584782457955,0.01773491490311749,15.505426566901766,-0.11045988106924091,-0.06140109905295266,0.9919821166277434,10.292298910994198,81.21946429112415,71.77876432467764,44.464550661462404,23.865197416755702,7.311496131663859,112147.0,259220.89525780219, 0.0, 0.0,0.0,NaN, 101.20240376654615,101.20240376654615,0.0, 261.40892115584836, 16.265968756017543, 18.319659887173184, 16.265968756017543, 252.94995956528103, 10.911322790289278, 18.319659887173184, 10.911322790289278, 108.64674270288336, 9.566859605351741, 6.090638438931937, 12.0, 0.0
10, 0 ,1.0,1.0,1.0,89.11736040343864,180.0042852290246,78.01239188942019,16.64833648208062,12.074712435103423,19.34631544850011,82.0,54.0,88.0,0.4251842446298149,-0.15138606409296806,0.8923567771452252,20.339633855910183,0.8950844341805875,0.21664114351359487,-0.3897312800183469,15.798224312489268,0.1343213080869562,-0.9644422608614589,-0.22761571048204776,11.57415710208208,94.48448869542815,83.84862611518007,62.072492165706166,26.92910445538806,8.48934877799354,153084.0,491762.77465071896, 0.0, 0.0,0.0,NaN, 120.11521894742168,120.11521894742168,1.9073486328125E-6, 277.1671076205765, 4.41466783971769, 65.80356122987945, 4.41466783971769, 145.79868039044126, -47.55237078387964, 65.80356122987945, -47.55237078387964, 374.27992143287406, 10.033546606740314, 6.199590760954088, 15.0, 0.0
11, 0 ,1.0,1.0,1.0,158.18473136452587,181.5493017256716,182.0007338551859,19.89227930931455,11.478721426606134,11.047259406615165,79.0,52.0,47.0,-0.9909382984319768,-0.005546116946872461,-0.13420331325101487,20.022064874501133,-0.0811804483917,-0.7712789985403001,0.6312990109366519,12.787584479985284,-0.10700945518813255,0.636473052844725,0.7638396621692641,9.224985823022456,82.16492942651183,69.18255157957549,53.00614548499519,24.01946790809073,8.518856937339065,89936.0,301307.0450770653, 0.0, 0.0,0.0,NaN, 49.12146719733666,49.12146719733666,6.743495761743046E-7, 395.7027761197838, 6.645713631134204, 37.976003021369976, 6.645713631134204, 131.76104558962675, -37.949211149194525, 37.976003021369976, -37.949211149194525, 122.04194039704724, 9.861678722972476, 6.560465300141962, 8.0, 0.0
12, 0 ,1.0,1.0,1.0,21.501779883303893,45.01529629034848,57.17786788715807,12.38940138930834,16.78561264531686,16.924545276874763,53.0,85.0,82.0,0.28222466984321254,-0.7510082139936459,-0.5969387726106961,17.251998324353565,0.06299448302837721,-0.6063833008646643,0.7926733170357521,16.84212574262922,-0.9572778754572139,-0.2613158145741438,-0.12382695269437267,11.849288830093073,83.59103070236097,81.23278435645793,62.3865135516114,25.75406308389261,7.64346296935749,149448.0,423625.15001719794, 0.0, 0.0,-7.105427357601002E-15,53.34903344271797, 75.8815657085383,75.8815657085383,0.0, 153.4972667853954, -38.79652500410376, -19.33483427585506, -38.79652500410376, 281.75679187862124, 1.6294121969511748, -19.33483427585506, 1.6294121969511748, 286.4402328289838, 11.063581786235755, 6.263515424932911, 13.0, 0.0
13, 0 ,1.0,1.0,1.0,139.16781778796346,115.5122385123327,118.23881057775824,16.744466941663642,15.747786635071144,16.904655156322214,84.0,81.0,87.0,0.6686677315933487,0.01935383559752251,0.7433094199412983,17.542616103134122,0.6850657287299382,0.3726133403990517,-0.6259746367676396,16.13796292640928,0.28908201612262835,-0.9277848498463015,-0.23589586759871806,15.683114992317748,91.31996565568932,78.40062258581365,72.70213379970355,27.467429060769103,7.725131960684917,191118.0,520513.99220061116, 0.0, 0.0,1.4210854715202004E-14,41.985904311288174, 132.37684211981744,132.37684211981744,0.0, 280.37717316046655, 4.494191934794028, 24.5011282471543, 4.494191934794028, 247.99278390372535, -2.4871444758807084, 24.5011282471543, -2.4871444758807084, 285.76736595417117, 9.885676882761947, 6.1540909951827, 27.0, 0.0
14, 0 ,1.0,1.0,1.0,78.13002054817593,91.65138840543909,159.63957601140817,14.089177509111892,17.1962824699901,18.2568258316217,75.0,83.0,83.0,0.06968332801596361,-0.03681438809277124,0.9968896301125688,18.279673942013726,-0.2225267606588736,-0.9747122766793666,-0.020440608630706455,17.347559001513083,0.9724330694640568,-0.22041025048731303,-0.07611338182495803,13.87243527214343,85.30042457955588,82.11311301131428,76.10616805110016,27.54677948497029,8.288768492582891,178118.0,533069.16977777, 0.0, 0.0,0.0,NaN, 127.01669548544378,127.01669548544378,NaN, 198.50492288326436, 23.16864379747372, 10.337046559874906, 23.16864379747372, 295.7121307876888, -3.038857202234459, 10.337046559874906, -3.038857202234459, 333.31168944616945, 10.029267263172342, 6.302729981698388, 21.0, 0.0
15, 0 ,1.0,1.0,1.0,119.1865051141367,50.79133644923119,14.476452956716114,16.610492490563463,18.632947008282198,9.498750579910656,77.0,94.0,39.0,-0.5123265209729826,0.8579178213324951,0.03871108042699779,19.696860913453563,0.8574956684232468,0.5085593682024506,0.07790088349238192,15.377668722669325,-0.047145673641272576,-0.07310527240650826,0.9962092674751029,9.42774694101265,98.10770484572988,72.41091465042794,43.04512155746522,25.353976736471235,8.396267100221598,118104.0,305795.49825321435, 0.0, 0.0,1.7763568394002505E-15,87.78146413871053, 96.54091621781134,96.54091621781134,0.0, 275.90846077906514, -67.0952954003862, 3.9273366754929127, -67.0952954003862, 347.1867142134525, 15.779971098906776, 3.9273366754929127, 15.779971098906776, 90.22626257935302, 9.468614148017803, 5.891683816579863, 8.0, 0.0
16, 0 ,1.0,1.0,1.0,15.122646750998152,99.75904797591514,25.623932396986806,9.545170463953541,13.73237031536219,16.625397113731047,38.0,61.0,70.0,-0.1110041955608817,0.36334311447515566,0.9250188375008238,17.285985197129314,-0.3599894139358793,-0.8822624011165474,0.3033491015812744,13.529344328358475,0.9263291479932949,-0.29932396619642426,0.2287345029471025,8.616476116300026,83.82652052548585,70.9167285208486,44.707195393827234,22.340755487053958,7.5486917489555045,77393.0,265770.9806495943, 0.0, 0.0,0.0,NaN, 104.10162347101875,104.10162347101875,0.0, 91.11027918593105, 25.498121491771137, -34.939379095167766, 25.498121491771137, 188.5779944782406, 46.356596737935874, -34.939379095167766, 46.356596737935874, 276.40382918925667, 10.732666917730858, 6.441615752644054, 7.0, 0.0
17, 0 ,1.0,1.0,1.0,186.37118983020622,28.0124065369967,171.95033563886022,8.061792572755774,15.501251190311937,15.096553796264681,32.0,73.0,59.0,0.011402118352206492,0.7837148829476656,0.621016081871806,16.171375849856577,-0.043997044555691395,-0.6200617739889247,0.7833183621670519,14.38688134160171,-0.9989665919175912,0.03625436089680002,-0.02741112089130607,8.043100948026762,79.95648040862508,73.65595573712508,33.803505272337674,21.95013631566685,7.167896497473458,78507.0,199078.00268600296, 0.0, 0.0,0.0,NaN, 41.919244475668265,41.919244475668265,4.76837158203125E-7, 64.99249948614018, 5.640623907490762, -3.510193114652404, 5.640623907490762, 240.28878846514726, 26.68163823719871, -3.510193114652404, 26.68163823719871, 227.90593652351353, 8.74208390803086, 5.645630230065123, 9.0, 0.0
18, 0 ,1.0,1.0,1.0,27.088716439364124,175.18613425965538,42.55031742500727,16.536119278982216,12.093241639239347,16.103879249248088,68.0,54.0,75.0,-0.7377372005166657,0.09107391389137082,0.6689165607027086,18.167116021866658,0.6731532936555802,0.17420293150876545,0.718691854618095,14.36011007926793,0.05107314572725476,-0.9804891028778746,0.18982268811515404,11.948547819189848,89.85870095267322,82.66271007874505,59.20970323530787,24.71869339638917,8.246869575992367,116878.0,439807.52897836105, 0.0, 0.0,0.0,NaN, 56.21437542373838,56.21437542373838,0.0, 273.44324080872735, -5.142944148071944, -61.72395353599443, -5.142944148071944, 146.24649334503238, 19.352229199840153, -61.72395353599443, 19.352229199840153, 259.3349268743632, 10.212195154632818, 6.102759738355019, 8.0, 0.0
19, 0 ,1.0,1.0,1.0,109.00238088489556,72.78330404466993,62.93393753011536,13.264887929370348,16.032085023866937,15.770674495939012,61.0,78.0,68.0,-0.3182524090959293,0.6897477561462239,0.6503563922926308,17.638212759102515,-0.09745019302154827,-0.706193922460034,0.7012799753027132,14.505070669987994,-0.9429840210654153,-0.15980668562910785,-0.2919639690844391,12.656838134834548,91.54836508535774,71.04631993062101,61.99827107122559,25.06927376414984,7.29593647081488,141124.0,403247.5697144021, 0.0, 0.0,0.0,NaN, 132.43359288836407,132.43359288836407,0.0, 175.95725177875516, -29.672254118073493, -34.665944864163336, -29.672254118073493, 257.0277502124986, 42.834151126729815, -34.665944864163336, 42.834151126729815, 248.7141740568612, 9.189142419677262, 5.66652159763407, 12.0, 0.0
20, 0 ,1.0,1.0,1.0,141.30106161035283,40.201798347921816,86.17464606572901,15.209952631668878,12.63870251082402,16.784267422326405,87.0,65.0,88.0,-0.35629840335491764,-0.0044578992843917024,0.9343615868071133,17.034611813202677,0.8765179841114686,0.3448140456539969,0.3358861376253735,15.255460986705494,0.3236783454232061,-0.9386604290443342,0.11894926502674187,12.242712263852743,79.30656392292076,78.5620422008628,63.81192051308388,24.840185533493205,7.467012507054681,129897.0,397579.25325097615, 0.0, 7.105427357601002E-15,-1.4210854715202004E-14,45.83718572748787, 111.74891311790118,111.74891311790118,0.0, 231.34265905761103, 25.261578573853598, -22.31504872085106, 25.261578573853598, 159.73680115710937, 9.010608425745321, -22.31504872085106, 9.010608425745321, 281.7116329041675, 8.894063628913973, 5.683940329253228, 16.0, 0.0
21, 0 ,1.0,1.0,1.0,57.62388519539484,79.75014864061401,91.91537619588131,14.997689685930633,16.631371300306718,13.973856607846015,71.0,76.0,63.0,0.3939446821666242,0.9056337443310385,0.1569557533879566,17.112966826735356,-0.8626361987160153,0.3053517829093763,0.4032605576284998,14.687813593379051,0.3172796496112238,-0.29425806667449017,0.9015241617059252,13.71919727877628,85.48997517154454,70.61636329204669,74.58353889147568,25.376446061509498,7.268965609223496,148008.0,450260.16381643066, -7.105427357601002E-15, 0.0,0.0,66.7998271669249, 134.6441039720732,134.6441039720732,0.0, 224.9306959154701, 30.083605443799378, -3.101817725580222, 30.083605443799378, 276.60251132866597, 18.261760254335176, -3.101817725580222, 18.261760254335176, 195.26866849664174, 8.750469966535697, 5.509238252951355, 12.0, 0.0
22, 0 ,1.0,1.0,1.0,117.6052128150814,150.8624233140076,159.97509400218422,16.319114161189457,12.719630799903785,15.7914571348604,77.0,65.0,76.0,0.9330368498985827,0.3455696199637925,-0.10011930128306895,16.822759544079585,-0.10422326094496409,-0.006735596455142004,-0.9945311174711385,15.783605935240008,-0.34435410351748064,0.9383689410346413,0.029731832977444667,12.055917971563353,84.21072161513158,79.6153941223844,62.368966594294065,24.956210225332182,7.393252621324304,136433.0,418150.85240981303, 0.0, 0.0,0.0,NaN, 103.9490043143935,103.9490043143935,0.0, 266.31348700593423, 44.45848031296731, -2.102684005001433, 44.45848031296731, 161.789007685861, -4.067611835692178, -2.102684005001433, -4.067611835692178, 249.37011844213342, 9.146419950579643, 5.77721161318993, 15.0, 0.0
23, 0 ,1.0,1.0,1.0,174.38832935847503,63.867920319818815,114.40858397817546,13.849388117091223,14.263337941541648,14.651252817600126,61.0,69.0,76.0,0.6136675887923477,-0.28791558710293286,-0.7351984121099275,15.574672713341887,-0.1406164741444178,0.8764056612773162,-0.46058671722083094,14.412609378684426,-0.7769421456356823,-0.3860281486941631,-0.49733607425037957,12.633836723158414,89.77666100662688,69.9910689063251,62.8216934383272,23.679734968071745,7.012682897394693,116566.0,394744.16062665486, 0.0, 0.0,0.0,NaN, 109.82239942584445,109.82239942584445,0.0, 191.80555121782757, -20.586013770712725, -34.31145413204637, -20.586013770712725, 203.44280923462156, -1.8600658946179898, -34.31145413204637, -1.8600658946179898, 214.65920912523563, 9.430453027833376, 5.539953632333728, 11.0, 0.0
24, 0 ,1.0,1.0,1.0,183.63976470588236,19.835632352941175,114.7561911764706,10.393493210711442,11.226042374507228,15.845387570444124,42.0,43.0,80.0,-0.23600312628865505,-0.30688409013165857,0.9220220602599731,16.596281964386964,-0.35422645854408674,-0.8563713133359581,-0.37570172978382926,10.675250550819685,-0.9048901261751593,0.41527139188645185,-0.09339984278034573,9.78404243698431,91.22919720441459,54.75485911790881,47.55598205396862,20.791262239447967,7.2696939594063545,68000.0,237553.63131575673, 0.0, 0.0,-1.4210854715202004E-14,22.776493224877505, 89.03716388375344,89.03716388375344,0.0, 108.02470112110485, 18.54665661937703, -36.678137366781854, 18.54665661937703, 126.02402739423191, -44.98294192971457, -36.678137366781854, -44.98294192971457, 251.07630725758517, 9.265205800204592, 5.843879189444534, 8.0, 0.0
25, 0 ,1.0,1.0,1.0,98.08923639317628,184.52962361223936,141.80885458976442,13.018943499040143,9.357767171624666,15.043230154397733,60.0,38.0,63.0,-0.3466047803998783,0.024555798549239182,0.9376897882357264,15.358562225671253,0.9002937760705045,0.2893317501542648,0.32520494326098814,12.93415672144933,0.26331776045809147,-0.9569138681774237,0.12239120032525258,8.954419356546145,70.60781400553316,64.18133947493482,42.708249350777905,21.007767929799762,6.483298262104422,73860.0,193541.14784420194, 0.0, 0.0,0.0,NaN, 115.09578726404621,115.09578726404621,0.0, 169.4928898311996, 21.3657087838035, -25.10065205254712, 21.3657087838035, 87.56780643833629, 11.78163046517192, -25.10065205254712, 11.78163046517192, 226.29877347818123, 9.399271308276232, 5.630606892707274, 7.0, 0.0
26, 0 ,1.0,1.0,1.0,175.3220819203998,149.7846577726218,92.72221354631448,14.595484890006471,11.178534793486369,13.75418311425804,64.0,55.0,65.0,-0.8124617892941274,-0.08998988020868083,0.5760274840639211,15.30118707889326,-0.5744819711887301,0.29198579883219894,-0.7646664358133113,13.17692232643254,0.09937960412526672,0.952179665157973,0.28892486833700437,10.927385983116322,74.5029992834582,67.35542451201229,52.9782687003011,21.96652216134453,6.681113423623836,89648.0,265854.54904185317, 0.0, 0.0,0.0,NaN, 108.29584073584965,108.29584073584965,0.0, 213.0281791744072, -0.7080270449614486, -29.86863280760578, -0.7080270449614486, 124.95964012918535, -18.053204393721696, -29.86863280760578, -18.053204393721696, 189.17755314054102, 9.368114640818906, 5.5578279532100145, 8.0, 0.0
27, 0 ,1.0,1.0,1.0,20.354315282295484,75.26079172095726,175.4380618490987,11.804751789902191,15.833722555642517,14.275666696184944,49.0,75.0,59.0,-0.005609639239102088,0.8516085404804323,0.5241482860111207,16.713166009203878,0.026030646729431145,-0.5238545567225764,0.8514098947227717,13.23632226788269,-0.9996454058207115,-0.018420021220988955,0.019229285992039193,11.803535452582437,83.62209482566472,68.48993429898741,49.74998472684117,23.260966591261838,7.2650552407457,106679.0,284931.6836090036, 0.0, 0.0,0.0,NaN, 81.74211721508746,81.74211721508746,0.0, 139.35216482119898, -1.1580667747986806, 0.3834694572301092, -1.1580667747986806, 250.7067699690626, 46.49299001018313, 0.3834694572301092, 46.49299001018313, 203.79465962056395, 8.397425513218225, 5.165238083428373, 7.0, 0.0
28, 0 ,1.0,1.0,1.0,88.77057024893327,33.640281928585004,104.75505726674383,13.296893061870781,14.847951652013526,13.887067961669675,67.0,68.0,61.0,-0.41406869173954086,0.7258253140544605,0.5492947587578537,16.548378229361358,-0.46088698271343154,-0.6875637177631843,0.5611054474704176,12.689651051231376,0.784939684107266,-0.02082660542220398,0.6192220480733657,12.459679935992432,82.84279617481158,59.150540728076976,61.74524870500869,23.34351937227756,6.7230791492829525,115774.0,302563.83240338875, 0.0, 0.0,0.0,NaN, 134.47483715110693,134.47483715110693,0.0, 176.80736509882732, -33.81302219334995, -28.47192952546126, -33.81302219334995, 220.4616682605312, 45.055652520693585, -28.47192952546126, 45.055652520693585, 192.85065657203236, 8.301889187965358, 5.216221564880286, 11.0, 0.0
29, 0 ,1.0,1.0,1.0,48.791209470146306,12.906175860023724,119.27909994068801,15.671386095720617,8.209161320929127,15.72403390703905,69.0,33.0,73.0,-0.7107256675083253,0.08613350113659153,0.6981762281306905,16.70245622801169,0.6904332779786401,-0.10476989433541209,0.7157689277278083,14.735645093706651,-0.134799533398729,-0.9907594507361005,-0.014993217552798664,8.007286287349197,82.95811470660125,79.2124095040855,37.17152869642129,22.438344263972713,7.533168042419163,80928.0,244265.71829909243, 0.0, 0.0,0.0,NaN, 95.19986976501065,95.19986976501065,0.0, 245.5923421611455, -24.22200408379256, -30.99143742959258, -24.22200408379256, 67.39032959303886, 1.4452995977863115, -30.99143742959258, 1.4452995977863115, 247.24524230971377, 8.720917249337418, 5.700980781613441, 8.0, 0.0
30, 0 ,1.0,1.0,1.0,96.03087001390945,161.793467043568,17.677517536381448,17.563914646642782,18.153515532212815,10.963587036810871,79.0,84.0,45.0,0.583156685448774,0.8026179483842226,0.1254300966590567,18.954946671940057,0.8111749938978912,-0.5836589478137792,-0.03656995914227908,16.816637747761867,-0.04385669266093482,-0.1230717740524308,0.9914282268225125,10.777390970500775,85.40406499665355,84.00416065377192,50.62369500869423,26.17897689243328,8.538303899016674,133722.0,363189.41292604874, 0.0, 0.0,0.0,NaN, 104.85304851280372,104.85304851280372,0.0, 308.4910977145529, 34.90214450908662, 12.840887868935656, 34.90214450908662, 329.550126178292, 28.034262719072366, 12.840887868935656, 28.034262719072366, 120.2002407137274, 8.974695698649672, 6.0655666277505516, 14.0, 0.0
31, 0 ,1.0,1.0,1.0,153.86050855900734,89.32828774567521,69.1027080880355,10.748079831560633,12.536713425000173,15.261752592815453,51.0,61.0,68.0,-0.04255452640827763,-0.21617925842662017,0.9754258764807727,15.40311457241866,0.24363873730403818,-0.9490813856909694,-0.19971151448978272,12.474111110530925,-0.9689320295908591,-0.22915289996206747,-0.09305735044537622,10.61847961063927,68.30324397231125,64.3474486701515,48.1013013282531,21.59087549618689,6.280572512015663,88328.0,211411.9287723705, 0.0, 0.0,0.0,NaN, 121.99827837763871,121.99827837763871,NaN, 115.52122006560042, -8.763281934217162, -7.253040187112978, -8.763281934217162, 157.16918350057958, -18.131580319136923, -7.253040187112978, -18.131580319136923, 232.92109220430922, 8.03182526448479, 5.079207863497277, 8.0, 0.0
32, 0 ,1.0,1.0,1.0,152.80009581985865,49.71328568957028,157.8415512170453,12.23836786010792,11.487344222809211,12.363545680683158,55.0,56.0,56.0,-0.7130391570445613,0.16460675846411849,-0.6815275310573424,12.795488461826396,0.49423479025638983,-0.5714582276914708,-0.655108743724235,12.194295202248066,-0.4972998417669198,-0.8039528027637308,0.3261177062150074,11.052991744983217,59.68412545475519,58.985937133342134,55.673111859698146,20.087620176132543,5.575078710703967,75141.0,195998.5304614689, 0.0, 0.0,0.0,NaN, 80.47718019695007,80.47718019695007,0.0, 149.77764787932247, -12.371072193036692, 11.60379740529451, -12.371072193036692, 131.95907729330816, 5.270882466563226, 11.60379740529451, 5.270882466563226, 152.85726179833918, 8.273983069114324, 5.041050889527938, 13.0, 0.0
33, 0 ,1.0,1.0,1.0,120.91661744966443,79.306322147651,178.46538255033556,12.317394274469962,11.973273605652562,12.85933381095943,58.0,55.0,53.0,0.3644211060497021,0.45534914497504814,-0.8123142333087641,13.930949567041461,0.8088649553162292,-0.5870213637257456,0.03381423651127564,12.524303074085228,0.4614485253273508,0.6693751374976957,0.5822389404472662,10.464722895483323,67.29696177583759,59.87299870877139,57.909410180214934,20.560082696450788,6.1419010188497,74500.0,233332.70159432452, 0.0, 0.0,0.0,NaN, 114.05004987676732,114.05004987676732,0.0, 151.7182017127454, -8.449760091527388, -23.737087833521016, -8.449760091527388, 143.3592808358163, -32.21779188162717, -23.737087833521016, -32.21779188162717, 165.3624660616844, 8.508861795317806, 5.089648443384015, 10.0, 0.0
34, 0 ,1.0,1.0,1.0,48.497103884550754,30.976040328160522,11.017159236927943,12.63259599136523,13.343192349185477,7.489835761269726,59.0,59.0,30.0,-0.5835912900926485,0.8085959824870768,0.07479133127412874,14.039524804601921,0.8034688347227062,0.5883240136595619,-0.0911739358634929,11.91802792185547,0.11772441444889203,-0.006884188932783862,0.993022441934422,7.38737145363994,70.55612327315329,59.561417302476045,32.94857988135439,18.855599327378904,6.179585526923607,50585.0,138463.86007615743, 0.0, 0.0,0.0,NaN, 58.590630285503515,58.590630285503515,0.0, 159.58248148105687, -25.915538402528835, -12.628674234887654, -25.915538402528835, 178.04078206736185, 3.9282751209876143, -12.628674234887654, 3.9282751209876143, 56.097639730794846, 8.10860732714449, 4.873353897965439, 2.0, 0.0
35, 0 ,1.0,1.0,1.0,46.14424242424242,24.090292011019283,171.39509641873278,11.745716230627465,12.962334138028995,14.176279733566597,52.0,52.0,58.0,0.040898374495064255,0.4608090823910835,0.8865564350618345,14.620815294481236,0.3678315266292941,-0.8319282129238067,0.41544604530427726,12.593800713960476,-0.9289926215967621,-0.3091123390084713,0.20352461986572395,11.600810612296904,67.12516646655973,64.04092998761509,56.15953122046615,21.62964727222519,6.253736646184747,90750.0,241416.23894511274, 0.0, 0.0,0.0,NaN, 59.39590715678167,59.39590715678167,NaN, 137.9618497704255, -5.85944818098332, 6.542668736956434, -5.85944818098332, 168.02210630591188, 24.047962313442355, 6.542668736956434, 24.047962313442355, 200.966907084331, 7.9062016649843905, 4.750755114283413, 7.0, 0.0
36, 0 ,1.0,1.0,1.0,114.85715090169357,156.97571551250826,60.54649247532837,9.90501928513955,14.215614479603751,14.025739368706324,51.0,69.0,61.0,0.016176754287309063,-0.7206657881193409,0.6930938857435235,16.023077797073622,-0.4342627958245548,-0.6294561127276981,-0.6443607889314623,12.467867691569356,-0.9006409588639468,0.29056122243696647,0.3231408968740521,9.204766159171667,75.92859719711726,62.033653971629775,49.06806993111938,21.2578162847364,6.709673145166705,71033.0,231116.90603943574, 0.0, 0.0,0.0,NaN, 112.98792660856556,112.98792660856556,0.0, 98.10940703898642, 17.32595533492072, 21.717599695172066, 17.32595533492072, 202.08369503271982, -57.233951831965854, 21.717599695172066, -57.233951831965854, 196.72136483887846, 7.82565490791064, 4.95969603543926, 8.0, 0.0
37, 0 ,1.0,1.0,1.0,19.29564349376114,143.88024242424243,19.995636363636365,12.436511549608198,11.531837523193666,14.30055215753527,52.0,53.0,58.0,-0.38504375609488606,-0.4036761754345842,0.8299318353207381,15.94438643012129,0.8411372640486224,-0.5235489130615993,0.13558996519217578,12.11385258949599,0.3797754717213049,0.7502946627949074,0.5411363137512915,9.549188709109666,81.13185663746268,59.893028777280655,50.961510219470426,21.015452957724925,7.10680133230996,70125.0,247633.83304417672, 0.0, 0.0,0.0,NaN, 62.62247617099554,62.62247617099554,NaN, 154.6668195235381, 0.8746212343758597, -45.76351562339968, 0.8746212343758597, 132.9832766613374, -58.56505733787143, -45.76351562339968, -58.56505733787143, 204.50579201038664, 9.87800536462755, 5.548297551440257, 3.0, 0.0
38, 0 ,1.0,1.0,1.0,35.1593880446209,53.951194619364976,127.9215051897817,14.34341731109089,13.33614997287199,12.398715425215112,71.0,64.0,60.0,-0.8674244168856314,-0.3519406492063904,-0.35172810582437997,14.62459176329618,-0.4734889873398775,0.801099845448637,0.3661245914849568,13.618554620253308,0.15291520479821247,0.4841247949220875,-0.8615335879019268,11.746103450362137,70.3818240481634,63.70473234129899,54.22130811633575,22.263804371561612,6.452726195905525,97981.0,243109.6534852378, 0.0, 0.0,0.0,NaN, 96.65517773319489,96.65517773319489,0.0, 205.73362016010185, 5.15818570569167, 14.9258820939895, 5.15818570569167, 177.85289609893357, 23.326549410779, 14.9258820939895, 23.326549410779, 153.72814419546714, 8.311128956365884, 4.946783528196997, 7.0, 0.0
39, 0 ,1.0,1.0,1.0,59.82035164314927,141.95163262890733,86.13149139302763,12.106973813922384,13.741705738713762,10.777551917657588,62.0,57.0,50.0,-0.5012139667771891,0.8652351048184657,-0.012360133383310705,14.494600573590324,0.7995046555693168,0.4685072844774575,0.3758899175484051,11.275864233598993,0.3310239647373929,0.1785192924625721,-0.9265818889813247,10.692537438593511,64.86462770739513,56.33844789198527,56.88348813636532,20.418726801544487,5.88595894328757,76043.0,207873.45179884156, 0.0, 0.0,0.0,NaN, 119.86125827283207,119.86125827283207,2.3360154559928683E-6, 146.5788149310023, -36.729307716114505, 4.444423601385445, -36.729307716114505, 188.83447660939873, 1.2326397609714956, 4.444423601385445, 1.2326397609714956, 116.15562533780475, 7.319316864999336, 4.590289130424278, 10.0, 0.0
40, 0 ,1.0,1.0,1.0,169.92684627398484,150.7733712628291,167.719224118697,12.210803565778255,11.203014848301352,13.511585411769017,53.0,57.0,62.0,0.5204876998116167,-0.13103937858155693,0.843754250718639,14.338900622516633,0.7437180480809606,0.5550399369197415,-0.37257768771462324,11.41401167777743,0.419494957423159,-0.8214373680841944,-0.38634781093135856,11.013195363288771,68.4405426096865,55.732039034779234,55.92632300496568,20.4386955633417,6.279644052162837,71712.0,213321.5071223553, 0.0, 0.0,0.0,NaN, 66.10373698479316,66.10373698479316,0.0, 149.10372372202292, -2.03988027603758, 34.53663333509998, -2.03988027603758, 125.50754169126056, -11.181059928923114, 34.53663333509998, -11.181059928923114, 182.56294033952932, 7.460680103234096, 4.769819256026392, 9.0, 0.0
41, 0 ,1.0,1.0,1.0,130.71408045977012,119.98154419813902,183.53316570881225,15.549471570071642,10.205321584300439,9.480197228926528,72.0,50.0,38.0,-0.9840564545680744,-0.07700484784050801,0.16032201231263252,15.723003695395683,-0.017257096055913478,-0.8558198790683182,-0.5169860029316127,10.644047481251336,0.17701719368080773,-0.5115101054725593,0.8408461958888931,8.677568914058922,72.23815199003049,55.228017612445086,44.62151531362066,19.795351380813106,6.629695163199991,58464.0,178020.65574392068, 0.0, 0.0,0.0,NaN, 107.11978597356804,107.11978597356804,0.0, 241.78606610846626, 13.588199452929869, -26.782970751427705, 13.588199452929869, 104.1485886389884, 14.68865089285385, -26.782970751427705, 14.68865089285385, 89.87413949934623, 7.675798407989769, 4.9686632213483115, 4.0, 0.0
42, 0 ,1.0,1.0,1.0,125.17664135305131,10.519216610219408,43.11115552096262,9.416202321430534,7.1157693392024415,18.656033816159283,44.0,29.0,83.0,-0.1279570492252279,0.014684840753604126,0.9916709882847305,18.776550608979715,0.9324635216191924,0.34238844999560375,0.1152472566230637,9.4537335781144,0.33784430497361767,-0.9394437209123543,0.057504094073759664,6.739043393463338,86.10755549968586,48.777596575885596,33.56226203174737,20.41493547371989,8.40101462922193,47537.0,140965.51472417408, 0.0, 0.0,0.0,NaN, 86.99287699378182,86.99287699378182,0.0, 88.66486615811377, 13.457225700485804, -34.24998154930939, 13.457225700485804, 50.63417328873356, 6.207363936125518, -34.24998154930939, 6.207363936125518, 348.04759774967874, 8.301389689187777, 4.601146578411792, 4.0, 0.0
43, 0 ,1.0,1.0,1.0,48.54438701901127,183.3770842084117,164.56984495133042,15.082113798931085,9.911674106074384,9.13248435752653,62.0,43.0,41.0,-0.9939569411032088,0.035039783763277994,0.10402794233558202,15.134009615779128,-0.08961131939441679,-0.8063534003341187,-0.58460585457725,10.80131934584877,0.06339882230092506,-0.5903951281332087,0.8046205204985939,7.962848994417623,63.126584005448635,52.57864319174769,41.12638211091877,19.26131119898795,6.173783415792635,54757.0,136502.99173519327, -7.105427357601002E-15, 0.0,0.0,6.302095673891958, 62.35523015143599,62.35523015143599,NaN, 227.47015664390744, -1.9200194161211235, -14.33592980174581, -1.9200194161211235, 98.24128358502546, 25.71117558385104, -14.33592980174581, 25.71117558385104, 83.40227054046677, 8.657277975688796, 5.208009440944462, 6.0, 0.0
44, 0 ,1.0,1.0,1.0,117.02484789797745,115.92231377779402,52.2216944073959,13.124295437897617,8.561587561857802,11.573287584459374,60.0,38.0,58.0,-0.9364520054352321,-0.08301618733060197,0.3408312693363427,13.373700343817623,-0.34145631671837867,-0.006988979747946548,-0.9398716603532641,11.316690593607346,-0.08040662466146885,0.9965236910395925,0.0218015574529995,8.518541597921047,66.76196652127014,59.3698781765002,38.504353651645744,18.64171082909133,5.654689664137542,54733.0,152617.7743894271, 0.0, 0.0,0.0,NaN, 129.15509495801143,129.15509495801143,0.0, 172.2471307412202, 8.395532005594566, -16.1129392577432, 8.395532005594566, 73.30078157935822, -2.6428545005710067, -16.1129392577432, -2.6428545005710067, 133.9409855126015, 6.990337890112043, 4.272368407823254, 8.0, 0.0
45, 0 ,1.0,1.0,1.0,159.73382746370774,51.513705539230735,42.496527930061546,12.476015494853305,12.563798799019123,10.847948906970668,64.0,58.0,56.0,-0.80158747154144,-0.393717076246955,-0.44993820613429814,13.832414153131406,-0.20257258863717606,0.8868973426084741,-0.4151836340787781,12.522145301742619,0.5625138858736152,-0.24166085232320225,-0.7906820857043554,9.112529512522602,64.92611696223608,57.19464920175249,47.09020938762553,19.910057653370654,5.896405906802545,68403.0,174866.03066237693, 0.0, 0.0,0.0,NaN, 77.98064756858287,77.98064756858287,0.0, 155.65096262781978, 20.925676311752103, 45.263165124667346, 20.925676311752103, 157.84904026223438, -7.977756749476276, 45.263165124667346, -7.977756749476276, 117.6779954882461, 7.579935616218819, 4.405038122212322, 4.0, 0.0
46, 0 ,1.0,1.0,1.0,51.56132787238629,141.30042394194152,44.60689803837034,10.162383903850966,13.259231085885611,12.889422034645246,49.0,58.0,60.0,-0.32630236144351416,-0.7519303624855865,0.5728241430741899,14.73082998585906,-0.21487850916362816,-0.5311237089704373,-0.8195943094416299,11.887362465464717,-0.9205183296469455,0.390523156473185,-0.011733245169922099,9.322645414673826,69.30368718116753,56.02058993880458,48.314596559267784,20.19022638080914,6.129699395322536,69585.0,187578.20536159116, 0.0, 0.0,-7.105427357601002E-15,55.05260242718015, 89.96658331828036,89.96658331828036,NaN, 103.27404660924921, 38.12562248800402, -14.734661742886528, 38.12562248800402, 175.8072089889153, -32.35135738294346, -14.734661742886528, -32.35135738294346, 166.13720038719842, 7.636634387403005, 4.558060814983798, 3.0, 0.0
47, 0 ,1.0,1.0,1.0,141.57302437044623,147.28125543551783,17.448833658659144,8.663514725424282,13.870147665515482,10.238457452117299,37.0,61.0,40.0,-0.036671889801227486,-0.9795136906837075,0.1980103589754544,14.006103346052567,0.23323385591113044,-0.20106069328520812,-0.9514076760634728,10.139392198819502,-0.9717289441789991,-0.01129280208155053,-0.23582903058341692,8.560682774047718,65.14793762381399,47.56816342734315,41.15314077625675,18.451046483184292,5.641132717373987,51743.0,127532.25582348848, 0.0, 0.0,0.0,NaN, 80.60669516683551,80.60669516683551,0.0, 75.05648739764335, 3.029719504800765, -7.443266103226303, 3.029719504800765, 192.38099626320457, -18.186863464322865, -7.443266103226303, -18.186863464322865, 104.82601099881624, 7.90734750824554, 4.459852051235686, 6.0, 0.0
48, 0 ,1.0,1.0,1.0,44.20776052709573,148.99961242961038,123.14743633586394,11.575202399435288,8.291858571755759,10.788023439136857,52.0,37.0,52.0,0.8287149768197456,-0.010089845525654988,0.5595799158403715,12.202493110934125,-0.5490573858851471,0.17913621371067343,0.8163615644690609,10.12899016701427,0.10847798947075647,0.983772540760654,-0.14291295898451656,8.223405557273193,59.51722383030622,47.311076919807505,38.025555224953706,17.146250918308013,5.012759552549318,43863.0,107073.26929277478, 0.0, 0.0,1.4210854715202004E-14,55.97324889837987, 102.28236487733888,102.28236487733888,NaN, 133.98531058789246, -4.119313956433436, 22.015010662090095, -4.119313956433436, 68.75491857399945, 4.655415872551124, 22.015010662090095, 4.655415872551124, 116.38144972336625, 6.861490093631408, 4.292171073177191, 9.0, 0.0
49, 0 ,1.0,1.0,1.0,188.24892205898493,108.73637090578404,135.79681399833802,7.031762324644623,15.083252216001611,14.5619059776701,27.0,66.0,71.0,0.018136120605510335,-0.8225626589636494,0.5683852155079628,15.538820756926823,-0.03292966289632829,-0.5686617207536498,-0.8219120905857463,14.082739916458937,-0.9992931093682756,0.003810436739943846,0.037400028622105654,7.015751594361615,78.52276673478018,68.10093608669226,28.761577918622066,20.95229319078348,7.071116923926855,63779.0,153801.78778208588, 0.0, 0.0,0.0,NaN, 112.20154598304978,112.20154598304978,0.0, 49.44568139029155, -0.07569301024204465, 6.0171181887829155, -0.07569301024204465, 227.5044974115175, -20.186571903478598, 6.0171181887829155, -20.186571903478598, 212.0491057025042, 9.115836355442045, 5.244665835209835, 8.0, 0.0
