// Sample: .//bubblelabels.tif, Map: .//bubblelabels.tif, Thickness:(8.191250068658265):/afs/psi.ch/project/tipl/test/LabelValidation/SmallStep0500//distmap.tif, Neighbors:(1.0):
//LACUNA_NUMBER, TRIANGLES, SCALE_X, SCALE_Y, SCALE_Z, POS_X, POS_Y, POS_Z , STD_X, STD_Y, STD_Z,PROJ_X, PROJ_Y, PROJ_Z, PCA1_X, PCA1_Y, PCA1_Z, PCA1_S, PCA2_X, PCA2_Y, PCA2_Z, PCA2_S, PCA3_X, PCA3_Y, PCA3_Z, PCA3_S,PROJ_PCA1, PROJ_PCA2, PROJ_PCA3,OBJ_RADIUS, OBJ_RADIUS_STD, VOLUME, VOLUME_BOX, Mask_Grad_X,Mask_Grad_Y,Mask_Grad_Z,Mask_Angle, Mask_Distance_Mean,Mask_Distance_COV, Mask_Distance_STD, SHAPET_XX, SHAPET_XY, SHAPET_XZ, SHAPET_YX, SHAPET_YY, SHAPET_YZ, SHAPET_ZX, SHAPET_ZY, SHAPET_ZZ, Thickness, Thickness_STD, Neighbors, Neighbors_STD
1, 0 ,0.3333333432674408,0.3333333432674408,0.3333333432674408,170.27750624765022,21.52107393237057,154.36848530419974,20.288266595563236,14.196082424040299,23.92758284244882,115.0,58.0,109.0,-0.5521466215940978,0.03300660767772066,0.833093435403157,26.45101325444009,0.8323370915157771,0.0799078390967093,0.5484794465957243,16.898944921234843,0.04846725027564162,-0.9962556404359794,0.0715934672314091,14.157729220731332,141.32372683179204,82.78858678193495,61.93687151278407,32.25051109761218,12.06549925478264,226085.0,724660.8778643286, 0.0, 0.0,0.0,NaN, 196.21320057815703,196.21320057815703,0.0, 411.613761452647, -3.4357130217262895, -190.7687629342295, -3.4357130217262895, 201.52875619014588, 17.45839773433889, -190.7687629342295, 17.45839773433889, 572.5292206822512, 2.9681301814002787, 3.904914334361465, 22.0, 0.0
2, 0 ,0.3333333432674408,0.3333333432674408,0.3333333432674408,20.70393345779509,283.71052419202977,72.3641044402718,13.572901231731231,11.12197111353346,35.192518030003704,57.0,55.0,147.0,0.021502047926760547,-0.019454684946652492,0.9995795001742394,35.205990670008084,0.8817442196428658,0.47162625517906154,-0.009788082149665265,14.419566057906325,-0.4712375123664808,0.8815839101636335,0.02729498633906269,9.952364052511294,146.95968857353995,76.09119565084544,50.53423903442956,35.8407565328567,16.182564251093833,185867.0,565090.9624798751, 0.0, 0.0,0.0,NaN, 77.01015189029184,77.01015189029184,0.0, 184.22364784633118, 44.798745531821595, 23.571238053251715, 44.798745531821595, 123.69824145027272, -22.679629652896768, 23.571238053251715, -22.679629652896768, 1238.513325292136, 4.579871597638886, 4.701987067671096, 13.0, 0.0
3, 0 ,0.3333333432674408,0.3333333432674408,0.3333333432674408,206.69285592520228,192.99377122700272,15.735670543804666,23.78648638128856,18.972895353422352,9.416439238635723,124.0,96.0,42.0,-0.9050578440240418,0.42525186501608864,-0.005581242773068289,24.986335452748815,0.4210711885721417,0.8978493906141835,0.12870713239049278,17.46750490242259,0.05974406351259886,0.11413729922369077,-0.9916669419724164,9.21988793427613,127.2423840108749,88.72270558601446,45.71160579582449,29.802628911103625,11.235672226488171,152518.0,516051.509040138, -2.8421709430404007E-14, 0.0,0.0,25.168925196798607, 142.8431568507125,142.8431568507125,0.0, 565.7969343672262, -124.3550714464592, 14.652935959195245, -124.3550714464592, 359.97075809191546, 24.155508772843834, 14.652935959195245, 24.155508772843834, 88.66932793491853, 2.9551919891803653, 3.5233588898489914, 21.0, 0.0
4, 0 ,0.3333333432674408,0.3333333432674408,0.3333333432674408,52.96934040017244,131.54254896491094,278.1898663555905,21.27955785638237,23.344693647790677,13.143496076888662,103.0,108.0,59.0,-0.5528675808141027,0.8205911972544995,0.14480167496679464,24.79820482310599,0.7997317870498423,0.5713472363297032,-0.18436757936382484,20.02146310182573,0.234022449493265,-0.013871644705575212,0.9721322289721366,12.43928639468616,122.53564594019674,101.83726174161667,66.24332053933665,32.40177811609246,10.985015617228402,236598.0,826630.1694991715, 0.0, 0.0,0.0,NaN, 143.47430132327648,143.47430132327648,0.0, 452.81958256312475, -96.32989437699605, -73.13258231031934, -96.32989437699605, 544.9747215091984, 28.758035213309455, -73.13258231031934, 28.758035213309455, 172.75148912318764, 3.4006524630997683, 3.4636265816911025, 17.0, 0.0
5, 0 ,0.3333333432674408,0.3333333432674408,0.3333333432674408,279.78394583010197,225.62970838649423,274.1617174926409,13.180694038008314,19.726862243636294,12.936622003694824,54.0,113.0,58.0,-0.2770585864382861,-0.9471105624824209,0.16192628605341022,20.417946955525053,-0.5512666880402071,0.018653712291180537,-0.8341205414536557,12.880819857673867,-0.7869838488418935,0.32036482555360213,0.5272786741468026,12.141989132139425,114.5766143530787,67.9254136569723,62.28639375148761,25.40961278076763,9.197149368185546,119919.0,484754.0696897399, 0.0, 0.0,0.0,NaN, 81.28496763736968,81.28496763736968,1.3486991523486091E-6, 173.7306953235879, 70.51879280669141, -3.5879807326876794, 70.51879280669141, 389.1490939794031, -41.61332178169706, -3.5879807326876794, -41.61332178169706, 167.35618886648106, 2.8240100541324975, 3.520188614698334, 13.0, 0.0
6, 0 ,0.3333333432674408,0.3333333432674408,0.3333333432674408,153.40553840023907,129.94874987548562,8.862824982567984,22.640855212204716,18.838596327907148,5.772231532655141,96.0,83.0,22.0,-0.9183162494765823,-0.3948428010337238,-0.02818560659461325,23.431527975958435,-0.394074391977316,0.9186142500903557,-0.02921015437551757,17.86390682485287,-0.03742511903750931,0.01571693363147323,0.9991758296027042,5.715244778422423,100.56760042136503,81.67807981548887,23.130064437873152,28.162494789297025,10.377551756326218,100390.0,189994.24657135058, 0.0, 0.0,0.0,NaN, 196.09988126614695,196.09988126614695,0.0, 512.6083247400175, 83.53435098186307, 16.662801766208663, 83.53435098186307, 354.8927116058366, -1.9397625805826881, 16.662801766208663, -1.9397625805826881, 33.31865686657832, 3.099782636072047, 3.389062106593636, 17.0, 0.0
7, 0 ,0.3333333432674408,0.3333333432674408,0.3333333432674408,22.236141214089884,97.27584149163152,152.88286391451942,14.240620069101517,20.308742032623186,15.49908542753333,57.0,99.0,75.0,0.18989490225843625,0.9798663283664707,-0.0616595866826091,20.51845764931701,0.2357374140737513,-0.10647008484307408,-0.9659668693279957,15.58099697194211,0.9530833109975639,-0.168896712718513,0.25120928074177606,13.845119755481475,96.33342719698248,82.28034369063722,68.66964946982448,27.869000033233792,8.875852023192834,177631.0,544299.5043093249, 0.0, 0.0,0.0,NaN, 177.76525825928917,177.76525825928917,0.0, 202.79525995249688, 41.387840820532794, -14.316755576213698, 41.387840820532794, 412.4450029476357, -8.601660555216453, -14.316755576213698, -8.601660555216453, 240.22164908997607, 2.9455513834497626, 3.567501578518475, 18.0, 0.0
8, 0 ,0.3333333432674408,0.3333333432674408,0.3333333432674408,278.0807521352857,80.29250062999641,209.12677136223988,13.496981943526938,22.12504255617549,16.525394029456876,58.0,109.0,85.0,-0.10599411106397313,-0.9877256396982792,0.11473146518014499,22.272249349645815,-0.0039148105211931974,-0.11496603201381483,-0.9933617094198776,16.435357225348394,-0.9943590511874175,0.10573964330194786,-0.008318963639513488,13.364154268327924,112.78361561297793,80.94051980939389,65.36926892300559,29.070042274483793,9.985355260850453,186509.0,596740.6598158987, 0.0, 0.0,0.0,NaN, 123.22857934514778,123.22857934514778,0.0, 182.1685215838922, 33.27627432462601, -3.5045885372109535, 33.27627432462601, 489.5175081125765, -25.52284814617848, -3.5045885372109535, -25.52284814617848, 273.088647828809, 3.095388119380294, 3.3818661444202625, 17.0, 0.0
9, 0 ,0.3333333432674408,0.3333333432674408,0.3333333432674408,95.93279752838362,180.95506152034653,282.043879832777,14.882071976026516,15.57618945206102,10.346381208450351,74.0,82.0,41.0,-0.614084134917974,-0.7867999544864237,0.06202021333569337,16.49470363782667,0.7679426707111344,-0.6137974544606265,-0.18307577501871947,13.991672910690244,0.1821118605228488,-0.06479596065972121,0.9811405372010119,10.16362087630337,81.02108876731623,68.19872685223204,47.76358858203804,22.718450282572938,7.4170995014849925,92571.0,263919.38531291793, 0.0, 2.8421709430404007E-14,0.0,38.112540140236455, 153.9390180256652,153.9390180256652,1.9073486328125E-6, 221.4760662996338, 37.96037028570602, -19.428136495882125, 37.96037028570602, 242.61767784649697, 2.154881551504875, -19.428136495882125, 2.154881551504875, 107.04760411057457, 2.799564551764209, 3.122900595960803, 12.0, 0.0
10, 0 ,0.3333333432674408,0.3333333432674408,0.3333333432674408,243.37047413332192,226.68523706666096,286.3463932077247,10.593051260872501,14.382213976098399,7.876897865914033,56.0,68.0,34.0,0.016311113569443293,-0.9998378557977832,0.007629527365196563,14.383297244172246,-0.9822484496916531,-0.017449371748383027,-0.1867712571675072,10.680395352365007,0.18687410375027652,-0.004447644239177479,-0.9823738024847023,7.756045987664114,68.09999581271819,56.06708690287354,39.56755470823896,18.4580694396152,6.356571908044311,46759.0,151075.5863921635, 0.0, 0.0,0.0,NaN, 93.63962111357847,93.63962111357847,0.0, 112.21273501547249, -1.4687517206474432, 9.909203157950019, -1.4687517206474432, 206.8480788542801, -0.9435356780235942, 9.909203157950019, -0.9435356780235942, 62.04551999004105, 3.0369464031648166, 3.407319978061685, 9.0, 0.0
11, 0 ,0.3333333432674408,0.3333333432674408,0.3333333432674408,126.98340405232368,183.0601571719099,158.5662959150368,17.189558313025557,12.631187311008985,13.178045701948417,80.0,57.0,67.0,-0.9804533462813105,-0.12822081059330218,0.14923357362395795,17.37702437720023,-0.0364317110562724,-0.6270587052384826,-0.7781195991710725,13.938497444791711,0.1933493371990012,-0.7683467992485135,0.6101305023429597,11.508518982956312,82.23872226183323,69.58861182379741,55.31039798445782,24.006136061758816,7.238378809494032,119487.0,316534.68857802683, 0.0, 0.0,0.0,NaN, 223.16631555090711,223.16631555090711,0.0, 295.48091499690605, 22.7231187633124, -23.049913674294977, 22.7231187633124, 159.5468928857944, 26.92764455516248, -23.049913674294977, 26.92764455516248, 173.66088852264116, 3.422825234594846, 3.4048464393612705, 16.0, 0.0
12, 0 ,0.3333333432674408,0.3333333432674408,0.3333333432674408,226.23845242408515,279.98931659501966,175.41167830318935,19.109378939703824,13.026843254596592,11.19451382551111,86.0,54.0,53.0,-0.9882017097552223,-0.10451343029365565,0.11195679401049732,19.285787219975926,0.022493759333390265,-0.8220997901821386,-0.5688989064618908,14.415054015752933,0.1514972330701365,-0.5596685428633066,0.8147513181955315,8.969324247641108,84.51971248066215,69.69486566615939,45.16739125449108,24.32308330752704,8.280807137332966,102121.0,266062.5835877424, 0.0, 0.0,0.0,NaN, 146.16238659229768,146.16238659229768,1.9073486328125E-6, 365.168363461196, 27.750601263154824, -33.879160783393345, 27.750601263154824, 169.69864517982873, 56.14744412048845, -33.879160783393345, 56.14744412048845, 125.31713978955939, 3.0984939490181898, 3.2199393372312315, 9.0, 0.0
13, 0 ,0.3333333432674408,0.3333333432674408,0.3333333432674408,215.5679871965414,163.02711381775856,227.9910936980379,10.95579025730832,15.797467763457732,14.564226731117387,57.0,77.0,68.0,0.10178050293145838,0.888826353492625,-0.4467979885362313,16.098226871501016,0.32166244459129334,-0.4544079881966008,-0.8306904670228684,14.67208621116086,-0.9413681537860588,-0.05917003971708162,-0.33215193125632525,10.357751009797369,85.02078151697384,74.33361659714944,56.712977039407974,22.97240552029923,7.346741644150954,96224.0,358420.467002918, 0.0, 0.0,0.0,NaN, 176.28278112720318,176.28278112720318,NaN, 120.02934016213192, -2.0451018311000695, -35.76069623973773, -2.0451018311000695, 249.55998773748624, -19.549309563707215, -35.76069623973773, -19.549309563707215, 212.11670027539424, 2.829025093985441, 3.020300175473787, 15.0, 0.0
14, 0 ,0.3333333432674408,0.3333333432674408,0.3333333432674408,18.279327887899164,216.23774777312255,154.9951325564201,12.252847090221307,14.95986991733943,15.993859590264945,51.0,71.0,81.0,-0.2886386314686102,0.3922984565601517,-0.873378303717496,16.94451433822999,-0.36335507329580147,-0.8888430880224579,-0.2791613432853914,14.783075142717108,0.885810832590193,-0.23676968947739932,-0.39909808695437937,11.139014207705722,79.72115066150383,75.0552733771217,60.951600809436,23.987017618577305,7.372686085758437,113612.0,364703.46196093387, 0.0, 0.0,0.0,NaN, 168.4537334358682,168.4537334358682,0.0, 150.13226181634477, 12.046571439812162, 50.68229120446736, 12.046571439812162, 223.79770794371728, -32.42237198078917, 50.68229120446736, -32.42237198078917, 255.80354459310993, 2.8711715264253934, 3.0326305211918108, 14.0, 0.0
15, 0 ,0.3333333432674408,0.3333333432674408,0.3333333432674408,213.36856871638014,261.01018879864995,289.91161269908235,17.755899956915393,12.14723866606862,5.8023771487280245,78.0,66.0,24.0,-0.9552159797112203,-0.29441960853503746,0.029656807218735676,18.256413036800886,-0.29139795567379917,0.9533504616538266,0.07880436976187799,11.419334675015948,0.051474882549302714,-0.06663326027226599,0.9964488672741938,5.726879575842936,78.63309066484712,59.36937015467879,26.434201189078237,20.782398661485306,8.036596104171242,47405.0,123405.34727546551, 0.0, 0.0,0.0,NaN, 95.53525957518923,95.53525957518923,1.3486991523486091E-6, 315.2719832799881, 57.395928305241775, -10.7540701841234, 57.395928305241775, 147.55540721043255, 4.708990424350696, -10.7540701841234, 4.708990424350696, 33.66758057608116, 3.764925628834517, 3.4630053506670913, 11.0, 0.0
16, 0 ,0.3333333432674408,0.3333333432674408,0.3333333432674408,144.40707537586346,11.68272551808208,9.52565014221861,19.510594484936398,8.18010963671428,6.6528310397204775,93.0,35.0,28.0,-0.9997226836409233,0.012384549957506914,-0.02002944672577931,19.515178532100677,-0.018177903918583486,-0.9465522817649134,0.3220377954445147,8.357516239747326,-0.014970625334887156,0.32231258245372046,0.9465149124916608,6.414622423023909,93.16395390551637,41.96460909503254,29.499004481155584,20.185289291069306,9.186498130582882,39376.0,115328.9806986512, 0.0, 0.0,0.0,NaN, 145.19169227188277,145.19169227188277,0.0, 380.6632971556306, -3.711966866348452, 6.63399923482266, -3.711966866348452, 66.91419366866582, -8.832970661653315, 6.63399923482266, -8.832970661653315, 44.26016084306825, 4.453921858418077, 4.230707164200721, 5.0, 0.0
17, 0 ,0.3333333432674408,0.3333333432674408,0.3333333432674408,140.6413603161298,21.467713447491317,55.14412944557538,9.726224041082357,13.463433647920247,12.68706109556992,44.0,57.0,58.0,0.10394973176998988,-0.9744944867345133,-0.19888425927906983,13.491220740718708,0.3078141540558048,0.2216713553634953,-0.9252633445534416,13.006446166812186,0.9457509713597215,0.03496148645793205,0.3230058739973553,9.254421644112684,61.509827438478396,61.577965654783036,45.740405291881956,19.979794676273688,6.134558144312311,66808.0,173248.64799919922, 0.0, 0.0,0.0,NaN, 152.58351799767047,152.58351799767047,0.0, 94.59943409732841, -4.062905427465424, -25.780530153334443, -4.062905427465424, 181.26404559195112, 1.5463774879371088, -25.780530153334443, 1.5463774879371088, 160.96151924272382, 2.208487528557282, 2.5897902959413024, 9.0, 0.0
18, 0 ,0.3333333432674408,0.3333333432674408,0.3333333432674408,245.59137551076626,65.33246866535053,73.1641224002571,15.810591054425487,13.899906555033478,11.962891127439509,75.0,66.0,60.0,-0.7904128372140149,0.4357477466143035,0.4305478464559401,18.443203419927524,-0.27556912309212966,-0.8806474390022178,0.38538519247250463,12.731808206048893,0.5470915875477568,0.18596771090539316,0.816153665270874,9.167456750455534,89.30172661313269,64.89391138493968,51.39576759012408,22.933897126113195,7.767195019107105,87124.0,297845.5829337194, 2.8421709430404007E-14, 0.0,0.0,37.775891477851935, 112.16781484596756,112.16781484596756,NaN, 249.97478949027925, -69.26665193339227, -95.44639913718846, -69.26665193339227, 193.20740223866264, 21.557229128072034, -95.44639913718846, 21.557229128072034, 143.11076412697093, 2.950937863673467, 3.351727942686779, 15.0, 0.0
19, 0 ,0.3333333432674408,0.3333333432674408,0.3333333432674408,119.9641304347826,90.35188321536906,118.89352881698686,13.388730963467468,12.379148975819604,11.799898398233793,68.0,60.0,57.0,-0.8505033892128472,-0.05194842166934452,0.5233978853831224,14.37513083387665,-0.1959161249940786,-0.8922109778783605,-0.40691085377591557,12.923127446689262,-0.48811971575092583,0.4486211457782659,-0.7486509271054378,9.903910282905636,71.6639000107199,59.17508033579119,49.87441757709547,20.81927769436912,6.188434751300926,79120.0,211503.29249474817, 0.0, -1.4210854715202004E-14,0.0,87.02223434164691, 191.547713601841,191.547713601841,0.0, 179.25811681211252, 16.84337265628404, -42.829994504772834, 16.84337265628404, 153.24332936553554, 22.069720225069375, -42.829994504772834, 22.069720225069375, 139.23760220864045, 2.5643145654697057, 2.5684834408451787, 15.0, 0.0
20, 0 ,0.3333333432674408,0.3333333432674408,0.3333333432674408,273.11948416035887,285.0311606391926,118.52782450238296,14.17356542245646,9.426254373571206,15.666485529003342,56.0,42.0,75.0,-0.6020679660331261,-0.021414922977674746,0.7981576068362654,17.43912410959075,-0.7963401785116868,-0.05642854285512723,-0.6022110424421172,11.936336321429977,-0.05793517381270916,0.9981769485542668,-0.016920254436144002,9.411897929875611,80.6490946571614,63.22870905831434,44.00192368603243,21.852997329520324,7.5914099379709645,71340.0,224380.6877688991, 0.0, 0.0,0.0,NaN, 122.45600624257902,122.45600624257902,NaN, 200.88995678465332, 5.200720307142252, -77.73147148946319, 5.200720307142252, 88.85427151527028, -1.852738349716812, -77.73147148946319, -1.852738349716812, 245.43876883047113, 2.4079743618699627, 2.7151169091449727, 7.0, 0.0
21, 0 ,0.3333333432674408,0.3333333432674408,0.3333333432674408,216.21024659863946,183.77079081632652,126.67231079931973,13.526250508930008,11.671720236802287,14.0898728941063,68.0,52.0,63.0,-0.6087698745835233,0.11195061797524532,0.7854083644414047,15.203894954808773,0.7006739204360142,0.5401970470216036,0.4660935610046178,12.785055473813397,0.37209581698856475,-0.8340588765333654,0.4072965669576809,11.094906895654203,69.76883667641815,52.721198154845126,56.380304299550744,21.84972506944664,6.3484280478107475,94080.0,207383.48518935955, 0.0, 0.0,-1.4210854715202004E-14,38.241537232804916, 191.2480749334811,191.2480749334811,0.0, 182.95945283032933, 7.911976590700072, -38.48676985130266, 7.911976590700072, 136.22905328618003, 19.66362361901081, -38.48676985130266, 19.66362361901081, 198.52451817207145, 2.377390353283116, 2.7047552478364865, 15.0, 0.0
22, 0 ,0.3333333432674408,0.3333333432674408,0.3333333432674408,90.17045047197992,286.16954577266443,161.52259187818993,18.390800876577067,8.9599347628536,20.635520946741693,94.0,38.0,100.0,0.4841121127283509,0.03184806107633249,0.8744261908905576,21.525853596784025,0.8646787190910122,0.13567117086798186,-0.4836569508922998,17.472954349269134,0.13403796126776182,-0.9902419070111044,-0.03814171650821229,8.69828752215587,108.2443179964772,86.07057642269278,43.41568933361296,27.09908540730004,10.486480947765969,117166.0,404488.81869186525, 0.0, 0.0,0.0,NaN, 165.82516142789837,165.82516142789837,0.0, 338.2215568819079, 32.91758702502555, 68.08330332690964, 32.91758702502555, 80.28043095459239, -4.271813390062037, 68.08330332690964, -4.271813390062037, 425.82472474341523, 4.069899407164878, 4.118838632520231, 13.0, 0.0
23, 0 ,0.3333333432674408,0.3333333432674408,0.3333333432674408,255.26294586275574,84.96710347637153,164.78296442151006,12.472895741078103,16.46202173567148,10.817419861235175,65.0,75.0,47.0,0.18673689239476715,0.9731888641266542,0.13428614134979794,16.634115943736795,-0.8472944649168397,0.22872369858835095,-0.47935118590168485,13.032374530146885,-0.4972136590441092,-0.024267353459697227,0.8672886905846464,9.851459847356123,78.04652454510648,66.30603740519669,54.32001486993801,22.233736327420072,7.017751005170858,88368.0,281103.6746945436, 0.0, 1.4210854715202004E-14,0.0,13.297511343559737, 165.84468455961368,165.84468455961368,NaN, 155.5731281678043, 18.539758550867194, 34.06914311404309, 18.539758550867194, 270.9981596257203, 15.495938321262953, 34.06914311404309, 15.495938321262953, 117.01657245424524, 2.8344793984622285, 3.018167425808556, 15.0, 0.0
24, 0 ,0.3333333432674408,0.3333333432674408,0.3333333432674408,18.632731021902636,136.8768191611701,190.33965606122692,10.904998444306774,11.640558905463816,13.786290695314074,41.0,51.0,62.0,-0.020276114263663218,0.18466730665155248,0.9825919117540244,13.859474864155738,0.03892686538715085,-0.981902937822453,0.18534109055135875,11.555591840987955,-0.9990363248358378,-0.042007220209123404,-0.012720656775681963,10.902599118189082,63.4249363648166,53.74319085473556,42.694321096489645,20.269708188891194,5.798477711849378,75653.0,145530.358799668, 0.0, 0.0,0.0,NaN, 176.3741288335232,176.3741288335232,NaN, 118.91899107033313, -0.8346870528186761, -1.3529358563283629, -0.8346870528186761, 135.50261163157296, 10.61681962162194, -1.3529358563283629, 10.61681962162194, 190.0618111357034, 2.110685059857643, 2.555423745829142, 5.0, 0.0
25, 0 ,0.3333333432674408,0.3333333432674408,0.3333333432674408,283.14184387933057,151.0358546552487,252.96953330383403,10.97524897220162,10.980602228252293,16.22392518550325,45.0,46.0,75.0,-0.05037236306676332,-0.05859970044558673,0.9970098796635656,16.254025456295764,-0.7073580756357908,0.7068315507252698,0.005806180512284029,11.823605682173705,-0.7050582797697654,-0.7049505188358957,-0.07705574684020064,10.012715358996159,76.35793288679827,59.262948680292546,52.917985422263314,21.33163468897086,7.014757673505153,76838.0,239464.26961391224, 0.0, 0.0,0.0,NaN, 157.11899574443643,157.11899574443643,0.0, 120.45609000181271, -19.287003564480557, -8.395701911534092, -19.287003564480557, 120.57362529509923, -9.415758664359148, -8.395701911534092, -9.415758664359148, 263.2157484248067, 2.579095766732547, 2.96168205035161, 6.0, 0.0
26, 0 ,0.3333333432674408,0.3333333432674408,0.3333333432674408,24.239474290984553,71.23223426331566,287.46245484589963,14.511673737386921,17.126337466390225,7.084604659386142,58.0,84.0,29.0,-0.5613440038396156,0.8256060663373906,-0.05716233532852383,19.072960023781373,0.8166581434704595,0.5637969406821567,0.12329836325281537,11.941418414685181,-0.13402382645146485,-0.022530710249378416,0.9907219494080901,6.907709825224126,93.57868395161688,59.563274212805055,31.704312295105808,22.024619394495172,8.307097771202402,65055.0,176715.170260274, 0.0, 0.0,0.0,NaN, 76.28088456840474,76.28088456840474,0.0, 210.5886746603653, -102.7923138511765, 19.695510198382276, -102.7923138511765, 293.31143501268156, -8.320386869753417, 19.695510198382276, -8.320386869753417, 50.191623179795826, 2.9355141771086153, 3.674463782954215, 8.0, 0.0
27, 0 ,0.3333333432674408,0.3333333432674408,0.3333333432674408,263.70928567443417,14.82577969537483,57.97891521452084,21.389458766885117,10.22877856997707,30.496585083465956,88.0,47.0,128.0,-0.4575389868078127,-0.053937682689099826,0.8875521404047256,33.17517333513238,-0.861722405702779,-0.21927841822621455,-0.45754941898118967,17.317789109468514,-0.2193001848168286,0.9741702631913681,-0.05384911561915772,9.57499940840075,138.5905348882685,86.47375115480651,49.301809774600336,35.89517731638521,14.272869527714343,215084.0,590854.7500598574, 0.0, 0.0,0.0,NaN, 69.98838688874186,69.98838688874186,0.0, 457.50894634027856, 64.24415276260528, -327.6094241759955, 64.24415276260528, 104.62791103362217, -27.40773878615532, -327.6094241759955, -27.40773878615532, 930.0417017530782, 4.192494248064425, 3.875497204253363, 12.0, 0.0
28, 0 ,0.3333333432674408,0.3333333432674408,0.3333333432674408,281.2834814269813,61.65896013734035,270.17648612447414,11.794460645144381,15.826354326645781,14.413942176254935,48.0,77.0,60.0,-0.3208962664927431,-0.9440421722236518,0.07622311469801805,16.33163666726226,0.2591730782748749,-0.010119330798673012,0.965777880592485,14.60677575798558,-0.9109637213679499,0.32966949541538665,0.2479175712692027,10.828862727326445,78.83037171677199,64.72973795021375,51.70049728299989,23.36992784745768,7.154788232187843,106014.0,263810.5404742942, 0.0, 0.0,0.0,NaN, 71.00406616945232,71.00406616945232,0.0, 139.10930190985962, 45.0247540041176, 20.39688213350291, 45.0247540041176, 250.4734912725396, -11.69380595175769, 20.39688213350291, -11.69380595175769, 207.76172906042086, 3.201293211977013, 3.4198562191077206, 8.0, 0.0
29, 0 ,0.3333333432674408,0.3333333432674408,0.3333333432674408,202.56736290958224,202.469288368427,285.81809480914313,18.36636089408436,11.774072019393254,8.423997243201306,81.0,62.0,33.0,-0.9913157605374526,0.11380380898182037,0.06589200233169867,18.467312789934585,0.12051191541585989,0.9867265554015094,0.10884660356792142,11.700266944020594,-0.0526302304085014,0.11584212500943189,-0.9918723007123683,8.305289020886077,83.5131210114954,64.40753752742592,37.50164210561877,22.055880952301713,7.7752060667844916,71048.0,201716.6255142622, 0.0, 0.0,0.0,NaN, 138.58746305707655,138.58746305707655,0.0, 337.32321249175124, -22.616681878888745, -16.88024155157856, -22.616681878888745, 138.62877191785913, 9.334704465622554, -16.88024155157856, 9.334704465622554, 70.96372955346321, 2.7317348221150617, 2.920458314780099, 10.0, 0.0
30, 0 ,0.3333333432674408,0.3333333432674408,0.3333333432674408,180.79477698174256,230.01684648413269,247.99736051476043,8.65329356862582,14.021903134088989,15.72489536977334,46.0,65.0,80.0,-0.11022818133013434,0.3211041416499664,0.9406071859474013,16.024987759399327,-0.06043749484694386,-0.946788293146499,0.3161316769597202,13.775271219294936,-0.992067062882987,0.02200132214157874,-0.1237694815645029,8.497485605923726,80.77191656652744,64.96467695716306,45.18400961064256,21.691239566533852,6.946633540363138,82213.0,237095.02359304304, 2.8421709430404007E-14, 0.0,0.0,83.6715306144707, 147.68819006369378,147.68819006369378,0.0, 74.87948958482097, 0.1928190660878854, -21.38481181072301, 0.1928190660878854, 196.61376750177462, 20.5690299063051, -21.38481181072301, 20.5690299063051, 247.272334390319, 2.6767598455456088, 2.7090030945621817, 13.0, 0.0
31, 0 ,0.3333333432674408,0.3333333432674408,0.3333333432674408,63.110515896122045,111.09285353829432,94.95695042894297,9.114053238355122,7.439540334406857,9.101204671855829,41.0,36.0,42.0,-0.9180693394606338,0.38994285810823126,-0.07136704668612413,9.432250441423566,-0.10164177690029348,-0.05753560142332231,0.9931558808955456,9.115472419394987,0.3831678967905146,0.9190398369925213,0.0924561565818795,7.0132351649836036,42.647833966863026,43.68402903655755,33.1728843231995,14.276484936052558,4.1745216694264835,25761.0,61802.05271804934, 0.0, 0.0,0.0,NaN, 159.18976650124316,159.18976650124316,0.0, 83.0659664315715, -14.043412678992432, -0.8162120209309568, -14.043412678992432, 55.34676038726649, -3.0445644744393667, -0.8162120209309568, -3.0445644744393667, 82.83192647901036, 2.4532640228408553, 2.4405095700957173, 12.0, 0.0
32, 0 ,0.3333333432674408,0.3333333432674408,0.3333333432674408,155.28777867156975,16.6143415306826,96.21997816593887,13.20065988170811,10.362544264035508,12.036712958136224,60.0,41.0,52.0,-0.9749808055727447,0.20067836582083295,-0.09560660153044806,13.34115865005995,0.03993050743303423,-0.26499202015852596,-0.9634234706651297,12.1457152711668,-0.21867323416655796,-0.9431370116498364,0.2503489443064506,10.050735803854057,64.26077499267814,56.95367864269068,46.57049369988815,19.832332915176274,5.76201136017983,69616.0,170442.76907728263, 0.0, 0.0,0.0,NaN, 174.57361640454292,174.57361640454292,0.0, 174.257421312538, -15.551650744451107, 5.38575840932499, -15.551650744451107, 107.38232362409519, 10.394966297964976, 5.38575840932499, 10.394966297964976, 144.8824588365645, 2.251286040246658, 2.6673736809883595, 7.0, 0.0
33, 0 ,0.3333333432674408,0.3333333432674408,0.3333333432674408,84.53789330082434,267.30268199233717,252.7068820387786,13.708622055291398,10.84289109258026,13.579852129025397,63.0,61.0,79.0,0.6367305143939664,-0.24520740716704592,0.7310592175125145,15.55861503687151,0.7168086276717348,0.5376456281983548,-0.443984875614655,12.69291436744623,-0.28418241207886086,0.8067282726851779,0.51810216243076,9.312701688644731,75.10037157075107,60.015179363605824,45.72484761677168,20.974772382817026,7.068657102701356,68904.0,206089.3079840226, 0.0, 0.0,0.0,NaN, 102.23702370046672,102.23702370046672,0.0, 187.92631865482176, 4.412613162051649, 48.63800114647543, 4.412613162051649, 117.56828724555633, -45.60302350808027, 48.63800114647543, -45.60302350808027, 184.41238384619564, 3.368996571023681, 3.308619581412701, 12.0, 0.0
34, 0 ,0.3333333432674408,0.3333333432674408,0.3333333432674408,214.06530810593816,38.80625191476774,281.2159752374312,17.52779130647099,12.991166785019859,11.40763286766776,78.0,64.0,46.0,-0.9358857366367596,-0.23603634649972388,0.2615429813451945,18.036275555740932,-0.33726233659283456,0.8148592609329757,-0.47144299887442,13.692146558070991,-0.10184303744396045,-0.529425375291766,-0.8422213294148762,9.66156596378578,81.90912345184076,69.36415371820186,48.610520555020685,23.343282964617412,7.824264220789255,94659.0,276183.4447931191, 0.0, 0.0,0.0,NaN, 96.1433099330398,96.1433099330398,1.9073486328125E-6, 307.22346808320003, 25.3723127295123, -41.81168361083271, 25.3723127295123, 168.77041443620323, -50.48039820984289, -41.81168361083271, -50.48039820984289, 130.13408764349376, 3.188064198163616, 3.29600540771749, 10.0, 0.0
35, 0 ,0.3333333432674408,0.3333333432674408,0.3333333432674408,262.44044797401295,143.43199652499078,174.70740044759629,18.099827259568052,13.879462093745946,10.020394650778705,73.0,66.0,47.0,-0.9559814593910453,-0.2923441628732516,0.02518610201092543,18.492007184498355,0.2821930768183587,-0.9395113634758829,-0.19412744601286025,13.477058246633375,0.0804146547362792,-0.17847489552770646,0.9806529431812356,9.852212700738882,80.17969790943351,60.50282811458075,49.085543569990875,23.750343947609775,7.521481646954686,105899.0,238118.80584621275, 0.0, 0.0,0.0,NaN, 194.11772994277672,194.11772994277672,0.0, 327.6037468262028, 46.020107707200914, -10.528874484907561, 46.020107707200914, 192.6394680117306, 13.620268787461384, -10.528874484907561, 13.620268787461384, 100.40830895735449, 2.703876883840661, 2.7640847067644905, 14.0, 0.0
36, 0 ,0.3333333432674408,0.3333333432674408,0.3333333432674408,163.6929919383197,68.19501712618678,219.3592201398747,10.801639162903609,12.911243342484378,14.557882329868573,49.0,61.0,64.0,-0.2715990259347804,0.6125840162174815,0.7422767625260387,15.290008079558568,0.5424941456550068,-0.5396140964851979,0.6438297358809293,13.963889449932232,-0.7949428099186268,-0.5775443272592354,0.18576457953375924,8.156776050733813,65.09470891668118,60.2694218415007,35.11870819941737,21.263094249507333,6.571786219992961,76783.0,137778.43493529168, 0.0, 0.0,0.0,NaN, 172.43287442949236,172.43287442949236,0.0, 116.67540860557295, -65.43105715177103, 11.148599251882183, -65.43105715177103, 166.70020464884718, 31.421786562461993, 11.148599251882183, 31.421786562461993, 211.9319379302996, 2.41436999483649, 2.6896403764492502, 18.0, 0.0
37, 0 ,0.3333333432674408,0.3333333432674408,0.3333333432674408,271.9727814495579,96.44372024081463,43.68275820059087,14.108670006659247,18.15436302638881,10.627707192363298,63.0,89.0,42.0,-0.49194696266604426,0.8614051625416737,0.12636982183340142,20.109935733473108,0.7385174295642366,0.3360127843163108,0.5845403450625398,12.350053819752144,0.4610641952629658,0.3808891633041719,-0.80146319511501,9.200558779885979,93.17135140910437,66.15954919324352,49.2590723917034,23.946767717827736,8.25444984754613,98499.0,303641.52319892973, 0.0, 0.0,0.0,NaN, 109.52214167726109,109.52214167726109,NaN, 199.05456935680624, -118.6600715340719, 9.42199895162158, -118.6600715340719, 329.5808968939131, 48.13883765403638, 9.42199895162158, 48.13883765403638, 112.94816016661056, 2.8493563321893265, 3.0108513045141856, 7.0, 0.0
38, 0 ,0.3333333432674408,0.3333333432674408,0.3333333432674408,225.85787469712704,27.542172897196263,167.75329698857738,19.769849998641057,16.04341350561617,19.20594754530701,89.0,73.0,88.0,-0.7533379901116778,0.26418525352671784,0.6022358545233927,22.210958523252785,0.43558678652915156,-0.4856303874610514,0.7579098087342823,17.519375527204513,-0.49269262634598543,-0.8332882326022927,-0.25076821439497166,14.725872117099595,109.71124926483725,87.31000995582644,71.6186012754927,30.446936691227165,9.491604348827549,231120.0,686026.7225922077, 0.0, 0.0,0.0,NaN, 154.09353162841518,154.09353162841518,0.0, 390.84696896876784, -74.07875434697492, -95.69563733350141, -74.07875434697492, 257.3911169121873, 10.833556655643742, -95.69563733350141, 10.833556655643742, 368.8684211130843, 2.6419929993703484, 2.986822195475716, 15.0, 0.0
39, 0 ,0.3333333432674408,0.3333333432674408,0.3333333432674408,16.868423658000516,275.2256796625943,271.68244460725106,10.452770625145503,14.668776563903618,16.06846066370697,40.0,59.0,64.0,0.017379574669904592,-0.3882119328136696,0.9214062326712186,16.37142229366099,-0.2588892945969701,-0.8918647543577024,-0.37088218220555974,14.589029560327276,-0.9657506321651446,0.2320964350341249,0.11600414353407308,10.087893550947475,75.27490006913212,72.73052191593644,43.8586477162972,23.072923716126596,7.090066213691378,101006.0,240116.56879750642, 0.0, 0.0,0.0,NaN, 41.23341616101666,41.23341616101666,0.0, 109.2604137419047, 24.52465479987213, 13.327452714000689, 24.52465479987213, 215.17300588172805, -22.729831146884745, 13.327452714000689, -22.729831146884745, 258.19542810109823, 2.594268491883619, 2.875868930056226, 7.0, 0.0
40, 0 ,0.3333333432674408,0.3333333432674408,0.3333333432674408,55.3671876864336,10.1735353776399,281.43278845006563,14.414081101311844,6.880222014961233,10.602562932566025,62.0,28.0,41.0,-0.9922598478019669,0.07178769836208806,-0.10132581509117472,14.483882265573811,0.08794492590218037,-0.16982502639958108,-0.9815422305822821,10.641011804883231,0.08767031680150955,0.9828560356289493,-0.16219719103507169,6.671098260009935,63.791528077360795,46.49946075880371,30.697190278402,18.132668759349635,6.222849296994266,41905.0,91056.20545938602, -7.105427357601002E-15, 0.0,0.0,7.133339667879812, 59.27704141676499,59.27704141676499,0.0, 207.76573399519526, -12.799646554247598, 10.684755616724434, -12.799646554247598, 47.337454975157215, 10.253997432075524, 10.684755616724434, 10.253997432075524, 112.41434073902306, 3.2368389544894085, 3.432754666278001, 5.0, 0.0
41, 0 ,0.3333333432674408,0.3333333432674408,0.3333333432674408,76.47541472592525,282.42583117270493,12.055847463460523,12.73855126261104,10.895380362681378,7.933343309055177,58.0,43.0,30.0,-0.9110506498568831,0.39591179310411745,0.11506765608299058,13.162836114146987,0.4074776120003714,0.9071657788973766,0.10493924583296324,10.475927045119489,0.0628387548716994,-0.14249246183078942,0.9877991644092312,7.804654736402173,59.845135280034754,50.33712112542764,34.54510918104928,17.643710080718897,5.711167320657039,43583.0,104064.78623839407, 0.0, 0.0,0.0,NaN, 79.38944467329874,79.38944467329874,9.5367431640625E-7, 162.27068827016933, -22.472414058197828, -9.689584458227346, -22.472414058197828, 118.709313247503, 9.76689367243283, -9.689584458227346, 9.76689367243283, 62.937936059330546, 3.1156563902346814, 2.84336221891522, 4.0, 0.0
42, 0 ,0.3333333432674408,0.3333333432674408,0.3333333432674408,18.083259155645983,251.49082316039335,23.78176924381146,10.780781728206746,14.705906692274015,15.030431348449708,42.0,70.0,65.0,0.08609549780507396,0.5903216297015481,0.8025633549846418,15.327467094197967,-0.1233149094366017,-0.7930458890822232,0.5965497891378624,14.477545829953053,-0.9886258131205857,0.15032827849840255,-0.004517777702312078,10.671093292228926,72.91325305532978,72.03440233109086,46.95093167349424,22.539642611995312,7.0969939944382,94368.0,246598.62273880627, 0.0, 0.0,0.0,NaN, 56.97119489454633,56.97119489454633,0.0, 116.22525467123643, 15.514280290233872, 1.3228068736369225, 15.514280290233872, 216.26369164186966, 12.066526917653462, 1.3228068736369225, 12.066526917653462, 225.91386652045972, 2.075209362554263, 2.6686288118288406, 7.0, 0.0
43, 0 ,0.3333333432674408,0.3333333432674408,0.3333333432674408,254.53781403781403,230.88443732193733,32.640410515410515,13.992748234245562,11.547592755210443,10.455657468694032,64.0,56.0,48.0,0.8640878512834395,-0.37982958730622607,0.33027514267826885,14.659430888242026,0.4983947852746931,0.737410094712028,-0.45588264962355207,11.858777257698286,-0.0703905055768281,0.5585300679673203,0.826492189860896,9.10687447343938,78.12511248131999,58.10183980994904,47.717656396092536,19.921247444436723,6.45047090896038,61776.0,216600.59529261492, 2.8421709430404007E-14, 2.8421709430404007E-14,0.0,76.85021632112125, 88.93350187291688,88.93350187291688,0.0, 195.79700314698232, -22.10700831365004, 24.55175150602179, -22.10700831365004, 133.34689844018874, -35.95024134502879, 24.55175150602179, -35.95024134502879, 109.3207731026573, 2.905205841330829, 3.0635110549763063, 8.0, 0.0
44, 0 ,0.3333333432674408,0.3333333432674408,0.3333333432674408,8.13489966935498,27.384702856842953,26.795175031927364,5.3089316384378415,17.529285257630757,15.94692452370442,22.0,68.0,66.0,0.006396399960343772,0.9677070156994103,-0.2519964639309215,17.637118323659532,-0.09052083195628578,0.2515273322698793,0.9636077937123276,15.886354329914928,0.9958740206720373,0.016647308711580742,0.08920651356920167,5.130380287205718,76.69749261623262,68.65040221065765,22.96806874822723,22.86559188066017,8.181057785935934,57161.0,120934.08742507714, 0.0, 0.0,0.0,NaN, 39.1673326661349,39.1673326661349,0.0, 28.184755141606303, -3.3843957196185515, -20.17701920314883, -3.3843957196185515, 307.275841643391, -14.648184932945185, -20.17701920314883, -14.648184932945185, 254.3044017647254, 3.3218846908189965, 3.280276618498545, 8.0, 0.0
45, 0 ,0.3333333432674408,0.3333333432674408,0.3333333432674408,107.11626826307196,263.3537949512287,42.44122744589107,17.815389465827206,19.46323556236213,18.97243566755317,97.0,84.0,91.0,-0.43706378590538986,-0.610684978264491,0.6603325710368568,22.49223385810251,-0.6169286342839942,0.737789051743011,0.27398243616814993,17.70062836776731,-0.6545030994965061,-0.2876302703997733,-0.6992099257728112,15.393054504976156,112.70295886427579,88.84772617626281,75.35047910748676,30.961224625735902,9.877323787807923,238870.0,754514.6101977219, 0.0, 0.0,0.0,NaN, 120.90532270415909,120.90532270415909,1.3486991523486091E-6, 317.38810181910696, 37.027127947500325, -90.53024326978992, 37.027127947500325, 378.8175385559979, -93.02053657922548, -90.53024326978992, -93.02053657922548, 359.9533151594438, 3.646381431888375, 3.8267549434156005, 15.0, 0.0
47, 0 ,0.3333333432674408,0.3333333432674408,0.3333333432674408,26.357490671717624,210.27742596310958,48.518896376805706,12.722420773109134,16.34407294443296,15.455206742553216,57.0,71.0,78.0,-0.2510167783693623,0.7427601473508887,0.620723723152541,18.01548447590245,-0.2775969994300777,-0.6695572976135815,0.6889360863823403,14.016275109099075,-0.9273243676753482,-6.234738838799839E-4,-0.37425810398150666,12.117692740807318,90.52593441661762,65.21673268233349,55.32366593427629,24.6502877522143,7.7598608189218545,123013.0,326620.172388249, 0.0, 0.0,0.0,NaN, 105.35151119911937,105.35151119911937,0.0, 161.8599903280388, -23.912644063259197, -37.179972743258354, -23.912644063259197, 267.1287204129454, 59.04956893457372, -37.179972743258354, 59.04956893457372, 238.8634154550624, 3.1131350180410986, 3.209620169843348, 11.0, 0.0
