// Sample: .//bubblelabels.tif, Map: .//bubblelabels.tif, Thickness:(8.191250068658265):/gpfs/home/mader/Foam/NewValid/InSilicoTest/LatticeDataPhi_16.0/out_Step_05000.vtk/distmap.tif, Neighbors:(1.0):
//LACUNA_NUMBER, TRIANGLES, SCALE_X, SCALE_Y, SCALE_Z, POS_X, POS_Y, POS_Z , STD_X, STD_Y, STD_Z,PROJ_X, PROJ_Y, PROJ_Z, PCA1_X, PCA1_Y, PCA1_Z, PCA1_S, PCA2_X, PCA2_Y, PCA2_Z, PCA2_S, PCA3_X, PCA3_Y, PCA3_Z, PCA3_S,PROJ_PCA1, PROJ_PCA2, PROJ_PCA3,OBJ_RADIUS, OBJ_RADIUS_STD, VOLUME, VOLUME_BOX, Mask_Grad_X,Mask_Grad_Y,Mask_Grad_Z,Mask_Angle, Mask_Distance_Mean,Mask_Distance_COV, Mask_Distance_STD, SHAPET_XX, SHAPET_XY, SHAPET_XZ, SHAPET_YX, SHAPET_YY, SHAPET_YZ, SHAPET_ZX, SHAPET_ZY, SHAPET_ZZ, Thickness, Thickness_STD, Neighbors, Neighbors_STD
1, 0 ,1.0,1.0,1.0,130.01878656873507,14.96144226525277,180.5336969930173,21.688484036263866,9.377344100615753,11.350338511504523,88.0,38.0,47.0,-0.9845275407996865,-0.04402070706922041,0.16961043233258954,21.950412081979763,0.14293604353863593,0.358167676529922,0.9226511816210279,11.114272155058934,0.10136473185700838,-0.9326189429977727,0.346333796065694,9.044748221643706,88.98443095743896,55.06693522365754,45.85483623886219,24.46233841231627,9.42067438666801,88361.0,224693.27825980252, 0.0, 0.0,0.0,NaN, 74.1630092480639,74.1630092480639,0.0, 470.39033979127254, 19.472244608364353, -61.2946654860003, 19.472244608364353, 87.93458238135307, 10.800164163547187, -61.2946654860003, 10.800164163547187, 128.8301843257427, 11.101424140965644, 6.471243675060574, 11.0, 0.0
2, 0 ,1.0,1.0,1.0,180.2924352260317,165.4850501767149,91.9661188934465,11.963018541153737,16.206529640451436,15.399969084054298,58.0,67.0,79.0,0.2238190927015709,0.892593978797843,0.3913834472177914,16.648706433954395,-0.059183007920858316,-0.3883828778619356,0.9195956240419594,15.167377353904888,-0.9728321465266684,0.22898630788218952,0.03410110682658027,11.648849800426907,80.15573583478061,85.2058421944867,64.29744406000209,24.179501482485815,7.633883117449605,116289.0,439134.63132099976, 0.0, 0.0,0.0,NaN, 100.18700961176346,100.18700961176346,0.0, 143.11381261598808, 30.434339435721736, 7.25870198205338, 30.434339435721736, 262.651602986831, 15.727954472875453, 7.25870198205338, 15.727954472875453, 237.1590477898282, 7.789993433185178, 5.522921176267471, 18.0, 0.0
3, 0 ,1.0,1.0,1.0,170.84208181699805,63.25649197113309,168.2171392150009,15.782674849836283,15.077808485850897,15.480004445882875,63.0,76.0,71.0,-0.6813815491584245,-0.5642746528093359,0.466168746982645,17.31363992617771,-0.46627648090949053,-0.15629228062246595,-0.8707232432687724,14.964075178097096,-0.5641856324093403,0.8106582752397783,0.15661332308632248,13.870039595009425,99.24022642803658,75.56501972447464,72.86932510231667,25.57426586597626,7.875315689709475,145911.0,546453.6029521835, 0.0, 0.0,0.0,NaN, 76.56185870875454,76.56185870875454,0.0, 249.09282541565474, 43.58662532639, -21.30194213053117, 43.58662532639, 227.3403087359973, -23.95414626122409, -21.30194213053117, -23.95414626122409, 239.63053764455358, 7.900848765277225, 5.481629957036354, 17.0, 0.0
4, 0 ,1.0,1.0,1.0,15.469962251266194,43.08340762941746,15.809833640002276,10.16109938007013,13.081431682349596,10.21677201360726,45.0,64.0,41.0,-0.26775042541814903,-0.9412051301705991,0.20601604944505073,13.377492642266537,0.6022061261451949,-0.330391781548534,-0.7267661606860786,10.55074447270553,-0.7521020484758686,0.07052782164317146,-0.6552620354123007,9.406312110888525,67.36190452392958,60.96373419587486,46.895686238564274,18.547958944244385,5.892999648085637,52717.0,192583.38402891904, 0.0, 0.0,0.0,NaN, 48.429852206492384,48.429852206492384,0.0, 103.24794061166158, 18.25710066925622, -14.986885225469587, 18.25710066925622, 171.1238548599798, -12.05993964973566, -14.986885225469587, -12.05993964973566, 104.38243037802856, 9.359085968024909, 5.853118797259348, 6.0, 0.0
5, 0 ,1.0,1.0,1.0,29.7810517267754,108.48112238579826,173.2823447140495,16.37125330579371,14.402580530067516,14.070046805600969,74.0,71.0,64.0,-0.9932980298656809,0.07437697316847774,-0.08847084111306056,16.393524482787544,-0.1114849690685517,-0.8185120884283139,0.5635681527273385,14.698022576268167,-0.030497959550450888,0.5696543047840648,0.8213183594101884,13.734590100148598,76.36721649501305,78.58354000336536,71.72894257473163,24.879037745800034,7.379157044157118,137279.0,430460.1757870369, 0.0, 0.0,0.0,NaN, 99.88217611613689,99.88217611613689,0.0, 268.0179348024615, -3.4186576566704328, 5.318704500106578, -3.4186576566704328, 207.43432592507986, -13.163129857251006, 5.318704500106578, -13.163129857251006, 197.96621711180202, 7.531421773379837, 5.165638675158166, 18.0, 0.0
6, 0 ,1.0,1.0,1.0,37.70273370014953,13.193406019076377,24.554971617717513,15.587018398923377,8.281972549347014,14.223083573118043,89.0,34.0,61.0,-0.9625704588520845,-0.20044687959475146,-0.18242576628868634,15.900878328832487,0.17417862332920667,0.05819045314931477,-0.9829932239529526,14.1640669289099,0.20765336241060356,-0.9779749074608226,-0.0210988496502976,7.770688168331023,90.56960151463988,72.09964899385642,38.513108710536045,21.368216147907177,7.565821624951245,68881.0,251492.0047886702, 0.0, 0.0,0.0,NaN, 46.8882578264058,46.8882578264058,0.0, 242.95514256837586, 38.554335471996836, 9.783621010792395, 38.554335471996836, 68.59106930813746, -0.9842675322836811, 9.783621010792395, -0.9842675322836811, 202.29610632790033, 7.624620881438752, 5.2026732442131856, 9.0, 0.0
7, 0 ,1.0,1.0,1.0,161.48484567380672,176.0415921740597,138.56276775172879,15.425482814201882,14.111314708230946,14.822320870315972,74.0,59.0,79.0,0.8064541924813337,-0.42634243743659095,0.4097118029419055,16.71983005459234,-0.12218443454651767,0.5577939866001765,0.8209365581256752,14.808566529716956,0.5785348730922172,0.7121081340311373,-0.3977428893932155,12.567002789411426,89.88099367543072,83.07379990642377,73.41011602318736,24.409548796127446,7.807038260319143,118580.0,548135.4010780057, 0.0, 0.0,0.0,NaN, 76.36724379374039,76.36724379374039,0.0, 237.9455200512376, -45.999352832376694, 34.0308044666036, -45.999352832376694, 199.12920279473502, 6.85460810801561, 34.0308044666036, 6.85460810801561, 219.70119598260445, 7.644489949588269, 5.040030328689501, 20.0, 0.0
8, 0 ,1.0,1.0,1.0,89.76329704831348,124.34699357610559,79.37331914981513,14.271106135792614,12.814375763095576,12.546273852948664,74.0,63.0,64.0,-0.8746845877857673,-0.46425571836949514,-0.1392605466428516,14.7186992283283,0.4048057414907649,-0.5416998317955756,-0.7366774082926366,13.124758828172908,0.2665692847012835,-0.700733844047701,0.6617498743936241,11.67828253033627,73.59931091611307,71.04186761359557,58.145697169701585,22.0077225826151,6.398580378229091,96826.0,304022.482105185, 1.4210854715202004E-14, -1.4210854715202004E-14,0.0,81.85587706864057, 141.70727105838986,141.70727105838986,0.0, 203.6644703390576, 24.723656308953625, -0.9227986119985437, 24.723656308953625, 164.20822619781134, 19.505878825982123, -0.9227986119985437, 19.505878825982123, 157.4089875931833, 7.263287487050935, 4.939925553581641, 23.0, 0.0
9, 0 ,1.0,1.0,1.0,171.49474751197937,38.53439458164394,16.23345927018061,15.510272539178352,14.052699383184224,11.073634066855016,70.0,69.0,51.0,0.8227857927435622,0.4612649596876061,0.3320514662273602,16.707191507091235,-0.49309834389048385,0.8698692257768961,0.013474171542845331,13.353887739940335,0.2826261886517424,0.17482038499756117,-0.9431650282307409,10.15951375877794,88.81889273697833,75.11035866926295,55.99746949121449,22.405566939378073,7.659168085728534,86816.0,373571.3762665378, 0.0, 0.0,0.0,NaN, 50.60606865837584,50.60606865837584,NaN, 240.56855423959007, 34.546209038993, 47.562079080206566, 34.546209038993, 197.47835995414627, 27.82407494723629, 47.562079080206566, 27.82407494723629, 122.62537144661196, 7.6139244257647185, 5.021534036941829, 11.0, 0.0
10, 0 ,1.0,1.0,1.0,76.14881680150533,54.58695143206472,43.19140154175663,12.718370319882863,14.385785776139365,16.46726766271574,63.0,66.0,80.0,-0.20976784264671308,0.5530930164870245,0.8062788396731172,18.23866504993764,0.7061690082125682,-0.48464641615922005,0.5161813471485606,12.64917346025436,-0.6762564484213236,-0.6776473761605731,0.2889139137377589,12.133762328097353,88.82045238960262,64.73100732055252,63.119664496388694,24.118261910236843,7.62811396712179,115323.0,362902.5568177741, 0.0, 0.0,0.0,NaN, 103.16915592393431,103.16915592393431,0.0, 161.75694359367733, -25.884318483538426, -26.704411377258932, -25.884318483538426, 206.95083239697365, 79.49238418216655, -26.704411377258932, 79.49238418216655, 271.1709042755235, 7.574896836432415, 4.789952407076605, 19.0, 0.0
11, 0 ,1.0,1.0,1.0,60.16711937242819,73.91447915188616,139.06986195852676,12.287821108380571,15.310903857550485,12.101240611601531,63.0,67.0,61.0,-0.0030638322234145064,0.9701194232244889,0.2426085687165486,15.50214730389434,0.8237918136392531,-0.13508368230769044,0.5505628452367134,12.664186886346517,0.5668841686915037,0.2015457850136798,-0.7987625653660559,11.45234248276928,67.8771762843903,65.19849056666722,54.451294267025816,22.16876422619627,6.356118434228005,98666.0,240973.62764617443, 0.0, 0.0,0.0,NaN, 113.11902670914219,113.11902670914219,0.0, 150.99054759156314, -3.5766915323966844, 13.174052319601294, -3.5766915323966844, 234.42377693515434, 23.518359872763142, 13.174052319601294, 23.518359872763142, 146.44002433987418, 8.036757044986045, 5.154071681264408, 21.0, 0.0
12, 0 ,1.0,1.0,1.0,41.29692753353421,55.08396058494363,176.78863850529916,13.354248938439838,12.20974325157173,12.459466015182832,69.0,60.0,51.0,0.8099962231932832,0.2653606118443938,0.5229625838376831,13.927273652040165,-0.5184861923076102,0.7407190808211755,0.42720874487045485,12.318431976223,-0.2740039904800161,-0.6171863486735614,0.7375654711359699,11.702109665824084,71.86590637518208,67.02918033242705,62.61775021369331,21.122173884143148,6.042007842648289,85957.0,301636.7659473323, 0.0, 0.0,-2.8421709430404007E-14,58.468813604614354, 72.65291625166384,72.65291625166384,0.0, 178.33596470982155, 6.572333538751722, 20.878399425634075, 6.572333538751722, 149.07783026930142, 12.59893197653717, 20.878399425634075, 12.59893197653717, 155.23829338349597, 7.436344387935006, 4.899055013941801, 11.0, 0.0
13, 0 ,1.0,1.0,1.0,78.4907222195118,186.09978696069342,27.639394382917825,12.242526422473894,8.079343518906567,14.95745264362065,59.0,32.0,60.0,-0.22115589281057274,0.012047085317436578,0.9751640573824042,15.09175506132542,0.975134927375201,0.017302059609104744,0.22093553844106736,12.078555719046864,0.014210717368233422,-0.999777728532016,0.015573986106414686,8.07638875974048,63.06523314606417,59.94726760772795,32.64406098325222,19.941505394974886,6.420046500600521,61491.0,123413.75854825323, 0.0, 0.0,0.0,NaN, 84.3679175927268,84.3679175927268,0.0, 149.87945320497144, 0.927906985755236, -17.674110447131184, 0.927906985755236, 65.27579169649756, 2.217766438445679, -17.674110447131184, 2.217766438445679, 223.7253895861544, 7.342398151450238, 4.902155379191316, 10.0, 0.0
14, 0 ,1.0,1.0,1.0,183.94152375088285,19.379488944022892,176.92900994223004,9.35176156267734,11.635369424333238,12.485455214582952,36.0,46.0,53.0,0.0994129237011016,0.5644082821108397,0.8194878654903254,13.180452039618967,-0.17477940062499528,-0.8008587332587164,0.5727804557423477,10.929372949448975,-0.9795760469296737,0.200171377694052,-0.01903123311030617,9.249235041039436,71.6821350932112,58.242529934049,40.84981817171973,18.60387838386906,5.711354214144914,55219.0,170545.90339640487, 0.0, 0.0,0.0,NaN, 34.142493075648204,34.142493075648204,0.0, 87.45544432516931, 9.693010916536839, 3.789470528322932, 9.693010916536839, 135.38182164070878, 25.231869404743925, 3.789470528322932, 25.231869404743925, 155.88659191535663, 7.987952801054715, 5.185137824371922, 2.0, 0.0
15, 0 ,1.0,1.0,1.0,185.62004007093014,14.363586117955922,94.01747921608364,8.475372164882312,8.569158610603946,16.053631452714047,35.0,32.0,74.0,-0.2370464532826668,-0.06596345946603349,0.9692563133667903,16.451671272128383,0.41529947556205393,-0.9088172851369484,0.03971760106287456,8.71102246132424,0.8782569809480548,0.41194655509128797,0.24282650424619825,7.5127954503400085,78.85292948587613,40.06162089748971,41.31574007290129,18.829340232907573,6.959701275194616,43423.0,130515.43824199523, 0.0, 0.0,0.0,NaN, 96.18930424884209,96.18930424884209,0.0, 71.83193333326189, -3.98763771825635, -48.89721139520144, -3.98763771825635, 73.43047929368775, -14.39766855960033, -48.89721139520144, -14.39766855960033, 257.7190828195697, 7.881617775417287, 5.195679493503182, 7.0, 0.0
16, 0 ,1.0,1.0,1.0,101.27637043189368,84.90681524547804,13.710386674049465,14.4469970722181,17.349643879244468,9.368613222441288,73.0,84.0,38.0,-0.12341843827543533,0.9828273381135878,0.13717985475357253,17.522282874924333,0.9905658762643603,0.1137166772452651,0.07647066167436928,14.409879697428718,-0.0595578195896408,-0.14532357266753015,0.9875899581065379,9.100645625984466,86.97347165652857,72.32120211996119,42.38233916709569,23.039700389314397,8.165107888057776,86688.0,266586.01626590086, -1.4210854715202004E-14, 0.0,1.7763568394002505E-15,80.31727895623163, 130.93317766319723,130.93317766319723,0.0, 208.71572440467833, -13.13575673277926, 5.659267211876367, -13.13575673277926, 301.0101427366051, 31.314190009608645, 5.659267211876367, 31.314190009608645, 87.77091371170174, 7.679716793549701, 4.8628313897195135, 15.0, 0.0
17, 0 ,1.0,1.0,1.0,77.18550076213661,123.79536357754603,126.29727714357776,11.102357418273474,13.871265890710813,14.10090657235882,57.0,62.0,67.0,0.05478133634092239,-0.6824111145589725,0.7289129412454438,15.011080107248599,0.39962934578089304,-0.6540065478310303,-0.6423175393719792,13.2823214416334,-0.9150384643169043,-0.3264820150031532,-0.23688415459891504,10.618725674541768,70.5662027902208,62.53277070585091,58.77819680892571,21.76409148732222,6.390167881040983,91191.0,259370.55956026213, 0.0, 0.0,0.0,NaN, 131.13672062634012,131.13672062634012,0.0, 123.26234024309204, -20.847346451708674, -11.846297772376138, -20.847346451708674, 192.41201741079723, -29.25352843179321, -11.846297772376138, -29.25352843179321, 198.83556616239215, 7.242539085739386, 4.598617485517395, 19.0, 0.0
18, 0 ,1.0,1.0,1.0,182.9494170354437,150.3236515091315,35.49306059817233,10.587023708604908,15.224244783807599,11.46942735465997,44.0,77.0,52.0,-0.11095381038325025,-0.9772231813165037,0.1808980537736361,15.400735728152005,-0.326659518994788,-0.13604841678933352,-0.93529908956398,11.404783745761465,-0.9386068456023169,0.16286706906789752,0.30412416412002047,10.39993802057085,76.51247133778625,53.969220317547624,51.68594655054683,20.776163749447708,6.615246325247867,72989.0,213427.73128426002, 0.0, 0.0,0.0,NaN, 63.38942600657433,63.38942600657433,9.5367431640625E-7, 112.08507100656244, 14.963363265310667, 4.104472999060937, 14.963363265310667, 231.77762923729287, -20.020558858329725, 4.104472999060937, -20.020558858329725, 131.5477638438224, 7.801373239301048, 5.168530260552085, 13.0, 0.0
19, 0 ,1.0,1.0,1.0,187.67705579250054,56.20979601289152,94.80469730011386,7.962564450654795,13.535990575001174,14.51072163783998,33.0,62.0,77.0,-0.05669874344434658,0.6205791855776001,0.7820912522971183,16.124222499684706,-0.1297944480456952,-0.7812851959718846,0.6105299696261336,11.648219925136504,-0.9899185086401535,0.06689482030035421,-0.12484562174396759,7.843145879335919,95.73008299022037,56.99013213329355,36.31895256057348,19.94709022648166,7.7006562983177735,51817.0,198144.22277603683, -2.8421709430404007E-14, 0.0,0.0,86.74965820337782, 110.90232978579951,110.90232978579951,1.3486991523486091E-6, 63.40243263083149, 0.5373473277060725, -14.678294678963475, 0.5373473277060725, 183.2230408465206, 60.95297172067989, -14.678294678963475, 60.95297172067989, 210.5610424508774, 7.997462484157883, 5.093292587288795, 10.0, 0.0
20, 0 ,1.0,1.0,1.0,156.12139680448033,187.56468456596937,10.249382309339483,17.636246249552244,7.57872804779446,6.490209485866084,82.0,29.0,25.0,-0.9939845134758696,-0.10947790657919763,-0.0030618525723971083,17.724450181062714,-0.10546895266021221,0.9643714653514633,-0.24261899521807617,7.425275916585261,0.029514182944756082,-0.24083659353783304,-0.9701168219437266,6.426994873912913,82.32206509223403,36.85865369053968,30.385121671025615,18.34051664133498,8.615252120316258,30355.0,92196.98182176561, 0.0, 0.0,0.0,NaN, 46.74418387411113,46.74418387411113,0.0, 311.03718177484564, 28.284834042971443, 1.184253868887573, 28.284834042971443, 57.43711882242643, -3.1440508042953477, 1.184253868887573, -3.1440508042953477, 42.1228191704261, 7.44059625071133, 4.989229359400022, 4.0, 0.0
21, 0 ,1.0,1.0,1.0,19.03950994570111,84.86861851619416,25.563712516030453,11.357351567409093,11.255748375286734,13.78763863021446,44.0,52.0,58.0,-0.1243681650936348,-0.3515893121672539,0.9278564086543776,14.22255205539983,0.9565534864300893,-0.29100409913247655,0.017945525529686587,11.350749432591416,0.26370056334729985,0.8897761346866142,0.37250562818897626,10.707930960780862,66.7386992256001,50.36208685734108,51.14674686763037,20.264492109199153,5.927110988255553,73298.0,171909.33944574787, 0.0, 0.0,0.0,NaN, 90.65698398591252,90.65698398591252,0.0, 128.98943462572979, -0.11571283285900007, -9.86771141704315, -0.11571283285900007, 126.69187148776993, -28.658223259442746, -9.86771141704315, -28.658223259442746, 190.09897899738206, 8.03762147765556, 4.92626438769562, 10.0, 0.0
22, 0 ,1.0,1.0,1.0,66.41980556183586,188.9300926972643,74.4832466651594,14.444823606222101,6.7399884247711395,11.286779340296201,71.0,26.0,51.0,0.9958053214896603,0.007843380642999626,0.09116053462416596,14.468618569786866,0.09149193694561852,-0.07453894144710668,-0.9930121709636207,11.276979539199676,-9.935626873614006E-4,0.9971872580353373,-0.07494388063846483,6.705264350638827,71.07466334490555,50.775745606540355,28.126073877305657,18.496011821892317,6.2744965966926936,44230.0,101503.31681267888, 0.0, 0.0,0.0,NaN, 100.40860248179047,100.40860248179047,1.9073486328125E-6, 208.65292901487126, 0.723243020510874, 7.453178293495883, 0.723243020510874, 45.42744396604895, 6.2025367101214, 7.453178293495883, 6.2025367101214, 127.39138787653715, 6.824714019591388, 4.688752940122408, 9.0, 0.0
23, 0 ,1.0,1.0,1.0,113.7693598762369,83.65093843953413,64.70126098251555,11.300298847899386,12.258894251150238,11.199951909726662,54.0,54.0,56.0,0.3934556336131931,-0.9069360732463696,0.15053113771740342,12.524505709488515,0.5723773113990426,0.11352473044180111,-0.812093805526012,11.286198912629876,-0.7194281602589966,-0.40568349069511234,-0.5637765759623082,10.916713604856193,59.980932318733636,51.65940023565582,50.87487560378244,19.371827454760933,5.305512807999349,68518.0,157639.82062207226, 0.0, 0.0,0.0,NaN, 136.45312737601972,136.45312737601972,0.0, 127.69675405183621, -12.91570419218367, -1.5810585932646322, -12.91570419218367, 150.28048826088434, -5.901645422825656, -1.5810585932646322, -5.901645422825656, 125.43892278018993, 6.9704399778780015, 4.505455651237345, 14.0, 0.0
24, 0 ,1.0,1.0,1.0,50.03986630039108,85.28652042708093,77.23976616100789,12.960848980224926,11.707292573110118,11.733187855093599,63.0,62.0,56.0,-0.8475110599782305,-0.0699960866919256,0.5261421395995505,13.678103620313037,-0.09027826435590598,0.9958325322605016,-0.012938418625248522,11.69942971486263,-0.5230438205346293,-0.05846465205107666,-0.850298210195156,10.897010077194635,64.59299062528513,63.17254947917868,55.16135798404514,20.20838128520743,5.8594648864160055,73897.0,225086.1361782099, 0.0, 0.0,0.0,NaN, 125.47414180829088,125.47414180829088,NaN, 167.9836062881975, 2.424346195675301, -30.454935262734896, 2.424346195675301, 137.06069939239933, -2.7506471024130494, -30.454935262734896, -2.7506471024130494, 137.66769724291592, 7.004996384825276, 4.448298452126745, 14.0, 0.0
25, 0 ,1.0,1.0,1.0,102.53366287157462,20.924773442459113,103.6826978917656,11.607795019775812,12.595092150765408,11.775878023286896,56.0,51.0,60.0,-0.05497367042301406,-0.9457879889767308,0.3200983840439886,12.711286158383372,-0.6745120096963895,-0.20119884271357727,-0.7103186429103876,11.909526640913754,-0.7362142652350329,0.2549590272927558,0.6268847183225734,11.341734175856569,62.487708918387554,60.74545687103651,57.55712025033821,19.99617800204798,5.67462950660309,74043.0,218477.8741405474, 0.0, 0.0,0.0,NaN, 138.61657802102533,138.61657802102533,0.0, 134.74090522113215, 3.504402876634804, 5.745592095198566, 3.504402876634804, 158.6363462862724, -8.086238709167088, 5.745592095198566, -8.086238709167088, 138.67130321933132, 7.3355949071588755, 4.793433692427555, 14.0, 0.0
26, 0 ,1.0,1.0,1.0,143.32139773637036,72.77749870492755,113.20231386276942,12.823985535189832,9.9542603902799,11.549193416032235,60.0,47.0,58.0,-0.8619259080532523,0.2694780332078989,0.4294942591525284,13.272384393448766,0.4991588596760174,0.30226362565964676,0.8120819745629275,11.48782986950338,-0.08901776133735746,-0.9143403579748014,0.39504119778195007,9.423340749811574,60.50627974293906,57.880945642833524,44.47989034569241,19.17431290174938,5.41031406029057,63703.0,155775.72341309307, 0.0, 0.0,0.0,NaN, 126.6604381449932,126.6604381449932,0.0, 164.45460500675804, -13.776863075281966, -14.83916258302345, -13.776863075281966, 99.08729991749537, 20.707464274695134, -14.83916258302345, 20.707464274695134, 133.3838685609223, 6.711225868550477, 4.555683427500405, 16.0, 0.0
27, 0 ,1.0,1.0,1.0,41.0776828847481,174.29617408557627,187.0164768806073,11.748682240257025,13.298657388245742,7.121719474800426,56.0,60.0,30.0,-0.19295003598078972,-0.9791205690788463,0.06397808079122237,13.389399573598457,0.9732268187724016,-0.18267338225279325,0.13949908472271924,11.74248226185452,-0.12489933081151204,0.08918153745614095,0.9881532323176377,6.960086233573483,63.922049576219564,56.14476229152964,31.999260628608766,18.217592010554604,5.807241369808069,46368.0,114841.7713952955, 0.0, 0.0,0.0,NaN, 50.166069911950764,50.166069911950764,9.5367431640625E-7, 138.03153438253082, 8.815760458586864, 10.528093734386733, 8.815760458586864, 176.85428832994305, -10.47494558750399, 10.528093734386733, -10.47494558750399, 50.71888827775165, 7.449303524378427, 4.885915360316784, 9.0, 0.0
28, 0 ,1.0,1.0,1.0,137.10989418398086,141.0465590484282,18.259952112458485,10.498256824392172,13.471642717355609,10.877677460383557,47.0,66.0,44.0,-0.14153206868405696,-0.9812410556930793,0.13089944291838143,13.582669969751107,0.5344445347298366,0.03556480173628014,0.8444549627865703,11.06929779419878,-0.833269291904736,0.18947594966061063,0.5193853595056273,10.149095704705962,66.85630076243733,52.70916384236584,56.72679839677126,19.419225859675848,5.737254378012547,64735.0,199901.81753589542, 0.0, 0.0,0.0,NaN, 88.1141274752796,88.1141274752796,0.0, 110.2133963508968, 11.68749175761925, 7.3023820293804755, 11.68749175761925, 181.4851575040804, -9.879825375252155, 7.3023820293804755, -9.879825375252155, 118.32386693213648, 7.486977536500886, 4.690856302285939, 8.0, 0.0
29, 0 ,1.0,1.0,1.0,182.49152395928735,94.50142563375901,79.78665606801569,10.1213763447037,9.648380322533107,14.631180341179395,37.0,50.0,80.0,0.10861606565243388,-0.021944472361713457,0.9938415318424524,14.68170369187671,0.7899074133808498,0.608879469253576,-0.07288395027342394,10.606436141259453,-0.6035303045980056,0.7929591616560397,0.08346819380811416,9.030837681013047,80.51245914202097,55.93039516453601,48.9670785557009,19.268711802715913,6.190451162831894,57869.0,220503.34077165526, -2.8421709430404007E-14, 1.4210854715202004E-14,0.0,83.65578315255948, 124.91187560275011,124.91187560275011,0.0, 102.44225911112763, 14.561690184267269, 12.68323895006591, 14.561690184267269, 93.09124284824408, -4.295432772738619, 12.68323895006591, -4.295432772738619, 214.07143817611438, 7.3490275522656425, 4.599855235565877, 11.0, 0.0
30, 0 ,1.0,1.0,1.0,59.89002421030558,10.726290104275883,108.90535104943096,11.96543349136949,7.03985542950751,15.408601396827397,59.0,29.0,72.0,0.15959091068630554,0.01498128183691946,0.9870695529803554,15.492429365774411,-0.9865309995799962,0.03876131424858811,0.15891553538095735,11.86428715702633,0.035879354704477485,0.9991361877703386,-0.02096545238589604,7.027053629592909,73.3182618460308,56.70661045949895,29.976760574881236,19.585205479428375,6.824652843892438,52457.0,124632.28248840492, 0.0, 0.0,0.0,NaN, 109.54498330247479,109.54498330247479,1.3486991523486091E-6, 143.17159863638665, -3.0385846005000636, 15.703966490728897, -3.0385846005000636, 49.55956446836637, 3.381932446913523, 15.703966490728897, 3.381932446913523, 237.4249970063112, 6.746325866068251, 4.482323967983744, 13.0, 0.0
31, 0 ,1.0,1.0,1.0,56.45597767374865,148.10675489136958,21.070609770735807,11.40456665273909,12.09974936459125,12.273367248172134,54.0,63.0,50.0,-0.5025370274035383,0.40610427391311293,0.7632403650213463,13.927312670462781,-0.5158126029921206,-0.8493122043769878,0.1122770595036906,12.027659313914139,-0.6938255506126219,0.3372656196617218,-0.6362845331385057,9.405795662185136,65.05740314867589,61.337237126120954,52.81954287344179,19.776309539139675,6.000099986110982,66648.0,210773.28869601944, 0.0, 0.0,0.0,NaN, 79.52456789642952,79.52456789642952,0.0, 130.0641405367685, 3.087590308055421, -43.72012409873694, 3.087590308055421, 146.40393468592637, 27.341879898589653, -43.72012409873694, 27.341879898589653, 150.63554360850443, 7.239605542545097, 4.541699360711713, 11.0, 0.0
32, 0 ,1.0,1.0,1.0,12.465041155458922,103.44500698866284,109.67583475694984,8.679804679923018,14.52265944522962,13.578844152738084,35.0,73.0,66.0,-0.09765426160204893,0.8401280356622007,0.5335246281900498,15.102995067692978,-0.10927364202907358,-0.541897014179335,0.8333108046708764,13.032039462309964,-0.9892031724315588,-0.023076172080609463,-0.14472240301157804,8.526261936283532,70.87628026803739,65.19013032327942,40.79275664991327,20.57358398077254,6.88180916286797,64390.0,188480.23763747315, 0.0, 0.0,0.0,NaN, 132.80323321847433,132.80323321847433,0.0, 75.33900928161354, -6.997643877442464, -16.941841838206262, -6.997643877442464, 210.9076373621171, 25.79229120786612, -16.941841838206262, 25.79229120786612, 184.38500852434925, 7.098368323481977, 4.500833971390557, 16.0, 0.0
33, 0 ,1.0,1.0,1.0,31.793098909055008,40.01805077912889,104.04620472907376,10.081218256748876,11.70314230033005,11.632937328723703,45.0,55.0,53.0,-0.1863684702382848,-0.8207589609459822,0.5400199267878113,11.894618890573453,-0.12674952846890064,-0.5249708839714258,-0.841629448163009,11.523560917463188,-0.9742696497037938,0.2253004638457971,0.006192790721133361,9.982250115355896,58.68894998738415,58.8353539580781,47.01482339283813,18.64630642284536,5.122010242210831,60773.0,162341.48681425984, 0.0, 0.0,0.0,NaN, 108.7169552245496,108.7169552245496,0.0, 101.63096154020685, 8.60508730022813, -0.6745433290544481, 8.60508730022813, 136.96353970177452, -3.8976632153718778, -0.6745433290544481, -3.8976632153718778, 135.32523089401337, 6.961222142022808, 4.477715257630059, 11.0, 0.0
34, 0 ,1.0,1.0,1.0,90.71580594238033,74.8058578113548,100.45264137114506,11.689782855863951,12.702902407300082,10.60275916594763,56.0,56.0,53.0,0.15056445473278668,0.9769068994189606,0.1516022916668892,12.757758531929523,-0.9415789355174305,0.18843845962356867,-0.2791416398973101,11.782622117477862,-0.3012630962479166,-0.10071671560535815,0.9482070923784467,10.432768951502206,59.02454347010884,54.78137387280793,50.61608610654887,19.54866029438413,5.31818911026553,70948.0,163664.3600756728, 0.0, 0.0,-1.4210854715202004E-14,81.28020686930357, 154.06151505372813,154.06151505372813,0.0, 136.65102321725075, 2.609946877295326, 9.112457123053417, 2.609946877295326, 161.36372956939022, 6.4079139968167755, 9.112457123053417, 6.4079139968167755, 112.41850193108647, 6.840133838260608, 4.444223094390366, 8.0, 0.0
35, 0 ,1.0,1.0,1.0,132.75327304629505,42.36774193548387,32.339573491699284,11.78204219017009,11.035220429797127,15.490159307425667,64.0,51.0,65.0,0.47627797204026734,0.039882865875187454,0.8783898054729417,16.819562555236665,0.2958862889064359,-0.9479822993223652,-0.11739192565359162,11.166476364859276,0.8280160610678922,0.31581468803882934,-0.4633038802260881,9.641045820765804,77.92863635320661,51.91629762900908,52.217054556213114,21.19944160720989,7.149917413307332,74090.0,211257.99849843935, 0.0, 0.0,0.0,NaN, 85.8079008968459,85.8079008968459,9.5367431640625E-7, 138.816518170948, -5.294907240104684, 78.36368475405916, -5.294907240104684, 121.77608993421188, 10.18663761162313, 78.36368475405916, 10.18663761162313, 239.94503536942602, 6.5119162270765845, 4.250001849213525, 11.0, 0.0
36, 0 ,1.0,1.0,1.0,18.329774061268793,131.57814585510977,16.36714641794645,11.056726060491345,13.874210910693002,9.88069596597751,52.0,60.0,41.0,-0.26055827624462,0.9633577442092787,0.06364936254544645,14.080886002952408,0.9374347281110526,0.26821356971948274,-0.22198561113209217,10.861066069262911,-0.2309231803258143,0.0018269346845458112,-0.972970270408027,9.805047962870466,64.8742466659385,55.32287246036758,45.03237989848704,19.394977691427545,6.017301113658271,62185.0,161622.54775831598, 0.0, 0.0,0.0,NaN, 72.70085435280862,72.70085435280862,0.0, 122.25119117674843, -20.149120158410167, -6.235266890613905, -20.149120158410167, 192.49372839439275, 4.963083572919394, -6.235266890613905, 4.963083572919394, 97.62815277208426, 6.916286869896679, 4.423718994323168, 7.0, 0.0
37, 0 ,1.0,1.0,1.0,98.36478858425076,134.64029521071453,16.387367646027627,10.65503324443382,12.941052250365404,10.798351680232576,50.0,59.0,44.0,-0.04805118565799497,-0.9364807797303623,0.34741161862043907,13.29075918836102,-0.7510585813749171,-0.19541954645722076,-0.6306522085948411,11.518633567907688,0.6584846929883467,-0.29123006379504607,-0.6939617850011452,9.39583773390785,66.45458685224693,63.36834772682673,46.479090562356596,19.009066689154064,6.021656699277497,57044.0,195728.9055018454, 0.0, 0.0,0.0,NaN, 119.23115558331627,119.23115558331627,0.0, 113.5297334399899, 10.49246365893414, 19.553927961815603, 10.49246365893414, 167.4708333466875, -23.276656673289338, 19.553927961815603, -23.276656673289338, 116.60439900998172, 7.084614938939636, 4.5163049286387835, 7.0, 0.0
38, 0 ,1.0,1.0,1.0,145.70649191335508,103.84795170610452,82.84139845691965,9.544851374827463,13.383406324838388,10.995388267245318,46.0,71.0,50.0,-0.12291372586338331,0.9740019962045166,0.19029536879282688,13.525400772498584,0.06977016524847085,-0.182793995988618,0.9806724626865557,10.891742126248007,-0.9899617871592732,-0.13381504556711854,0.04548838911511221,9.4631814507255,70.60912303793386,50.34947694002681,47.23764965614046,19.004378442450292,5.47283434674293,61954.0,167936.09936651864, 0.0, 0.0,0.0,NaN, 138.04238012206366,138.04238012206366,0.0, 91.1041877675457, -11.550696422768537, -0.19467686444378512, -11.550696422768537, 179.1155648557242, 12.09607085037569, -0.19467686444378512, 12.09607085037569, 120.89856314747597, 7.418321425621157, 4.510478526824718, 11.0, 0.0
39, 0 ,1.0,1.0,1.0,22.042805276533947,178.57752632215903,100.7323248214934,12.82878321516725,13.020601474828771,12.616985702416482,51.0,58.0,64.0,-0.6459578425288707,-0.7564474136282232,-0.10259520500792568,13.96279947130346,0.4483762515015699,-0.2671978874242138,-0.8529736373683762,13.024906955682773,0.6178164798423943,-0.5969862639719685,0.5117716266694976,11.344342179387326,76.47173336581282,70.26029875238734,72.00008058315643,21.225946068310037,6.539211211470481,82630.0,386851.1648998374, 0.0, 0.0,0.0,NaN, 103.91765479591268,103.91765479591268,0.0, 164.577678781757, 27.473088338358238, -11.271453865346988, 27.473088338358238, 169.53606276631317, 14.476700074954799, -11.271453865346988, 14.476700074954799, 159.1883282149819, 7.011945233782311, 4.557581894043056, 10.0, 0.0
40, 0 ,1.0,1.0,1.0,29.37964525443432,146.51918101023736,126.93941325733428,15.434747804427088,11.292989686706154,10.99374849263863,66.0,65.0,57.0,-0.9719439572383851,-0.23408012853738355,0.02305292631555674,15.655459316945175,-0.18008512467602084,0.6775164373492377,-0.7131204842044706,11.06750070330706,-0.15130859809743322,0.6972646345151303,0.7006623563431043,10.910663752837623,71.09799538952645,50.59439567070491,64.40281196045504,21.108514492079777,6.407509477735056,80001.0,231667.2261644587, 0.0, 0.0,0.0,NaN, 95.19039284651967,95.19039284651967,0.0, 238.23143978626683, 28.257602209436023, -2.3816434726035265, 28.257602209436023, 127.53161606405156, -2.3456148003572346, -2.3816434726035265, -2.3456148003572346, 120.86250591939417, 7.18958044995989, 4.470851035798355, 11.0, 0.0
41, 0 ,1.0,1.0,1.0,124.87618794444076,73.79376287632086,166.24051305908154,10.493352331554874,9.861900296950955,13.370651169736307,49.0,45.0,64.0,-0.08081575301927552,0.0021416771236574096,0.9967267565802702,13.387781083957263,0.8677894845885179,0.4920755634100298,0.06930404268363886,10.745811087692685,0.4903164534272957,-0.8705498567651365,0.04162598208665951,9.56225365902711,64.44346347666247,52.94243951091923,48.27142713000065,18.872704434971183,5.473834180369234,60188.0,164692.17351429045, 0.0, 0.0,2.8421709430404007E-14,4.637087765072211, 110.58394791161916,110.58394791161916,0.0, 110.1104431541481, 10.248506694928272, -5.62653181171875, 10.248506694928272, 97.25707746700132, 1.0071025553661634, -5.62653181171875, 1.0071025553661634, 178.77431270277089, 7.248536649453404, 4.546841083305982, 14.0, 0.0
42, 0 ,1.0,1.0,1.0,179.47732325849645,83.24410304418329,20.476888613985523,11.45016902502417,10.890008272157342,11.14934117026185,50.0,53.0,45.0,0.8807355789673291,0.4716370404113643,0.04316644591685634,11.66885302094558,0.036554767175237035,0.02317652756395301,-0.9990628596674195,11.148353544794151,-0.47219549864208593,0.8814881455142131,0.0031718102190351188,10.656385025702615,63.39326966117093,45.87075629739162,56.382674989984494,18.606752979376104,5.27211560615193,59819.0,163955.0240581419, 0.0, 0.0,0.0,NaN, 88.14796605467664,88.14796605467664,0.0, 131.10637070162295, 9.398337079848114, 0.4675838680833288, 9.398337079848114, 118.59228016765532, 0.2117967946401743, 0.4675838680833288, 0.2117967946401743, 124.3078085308959, 6.995888272860131, 4.407814219775757, 8.0, 0.0
43, 0 ,1.0,1.0,1.0,149.08521256931607,113.98440598218787,129.85572172744077,11.931524006435154,10.691462434701643,10.607858162387734,57.0,54.0,52.0,-0.992915442178912,-0.08527283320706072,0.08274943262340885,11.950455461197583,0.02253187620187997,-0.8188931613622701,-0.573503535149462,10.759962447682861,0.11666721577837699,-0.5675760162224508,0.8150130223325106,10.516896466947765,57.60683719976444,50.1935544930771,54.3616879076433,18.52321265586557,5.107433974872991,59510.0,157186.3814599443, 0.0, 0.0,0.0,NaN, 122.11149727903198,122.11149727903198,0.0, 142.3612651161384, 2.6316094314287275, -2.7131635839327344, 2.6316094314287275, 114.3073689926364, 2.2015478031098126, -2.7131635839327344, 2.2015478031098126, 112.52665479333606, 6.551465839698443, 4.379283717238427, 15.0, 0.0
44, 0 ,1.0,1.0,1.0,9.979559682366288,168.3976303516659,160.08211839838663,6.484844978389757,16.114067088025354,11.58282892700661,27.0,67.0,60.0,-0.03420153495819285,-0.9927984357739054,0.11481080494182566,16.177244474325125,-0.11037603848152554,-0.1104230397288074,-0.9877367475325471,11.55472030320168,-0.9933012559821056,0.04645447472457996,0.10580452089790425,6.376793739499963,69.28274365027917,60.380200459316086,29.20369555568162,19.58141295804658,7.242000071103139,47602.0,122167.99337934914, 0.0, 0.0,0.0,NaN, 51.88196845151775,51.88196845151775,0.0, 42.05321439374684, 8.637092860219564, 9.254567060241358, 8.637092860219564, 259.66315811738195, -15.068155477598896, 9.254567060241358, -15.068155477598896, 134.1619259523011, 7.7595837258685565, 4.82320658032267, 6.0, 0.0
45, 0 ,1.0,1.0,1.0,117.93868483412322,178.4569164691943,31.47652547393365,10.666235257749307,10.816766560902996,13.933727701767216,58.0,46.0,61.0,0.1475763144407439,0.13609798097254588,0.9796420626898803,14.053027042280991,-0.25421607698949117,-0.9519905870000549,0.17055236281964495,10.761194526924536,-0.9558218545399347,0.2742102511549981,0.10589296740271745,10.565458076975528,64.74951980683994,52.13722730093971,57.901732861683705,19.733014920903052,5.960528768922128,67520.0,195468.1689001751, -1.4210854715202004E-14, 0.0,0.0,81.51350354620659, 90.49273755766163,90.49273755766163,0.0, 113.76857457365442, 2.734710221896673, 12.23176563184361, 2.734710221896673, 117.00243883306925, 10.769530696144388, 12.23176563184361, 10.769530696144388, 194.14876766699513, 6.227242562343847, 4.178044350551176, 9.0, 0.0
46, 0 ,1.0,1.0,1.0,16.00020402611534,150.0502754352557,60.70247891730141,10.279066510973948,10.256633127645003,13.460894196962055,40.0,48.0,66.0,-0.10380335772078846,0.06937133266180984,0.9921756301837968,13.501308455601945,0.7007040456176957,-0.7028650594533676,0.12245223009242168,10.62999559399224,-0.7058602576862393,-0.7079324306770652,-0.024350979749860047,9.83723882460595,65.48105517941133,53.07245832106934,52.55798361292251,18.938296790430478,5.77878176708269,58816.0,182651.63702514936, 0.0, 0.0,7.105427357601002E-15,7.172092716633144, 80.2232663239073,80.2232663239073,0.0, 105.65920833702612, -8.606868935412622, -7.414996425241622, -8.606868935412622, 105.1985231151049, 4.489318720102303, -7.414996425241622, 4.489318720102303, 181.19567258180672, 6.98043294553721, 4.396378273196611, 10.0, 0.0
47, 0 ,1.0,1.0,1.0,122.7936872799874,152.57431828928702,105.2764277833237,11.846022604157456,11.631694108004618,13.149349626242415,64.0,56.0,62.0,-0.4932986719116985,-0.0016672421265296576,0.8698584026115088,13.724116843577304,0.06259503480493134,-0.9974737319103069,0.03358594596992065,11.633968200370465,0.8676049111824596,0.07101671952868939,0.4921568282970985,11.172705837448998,61.485150201820375,56.528766941291806,60.514341956768845,20.349601102361703,5.867170521498312,76132.0,210328.4714779702, -1.4210854715202004E-14, 0.0,0.0,60.44237471930321, 131.0822838641215,131.0822838641215,0.0, 140.3282515382094, -0.6045839151759071, -27.235185583030923, -0.6045839151759071, 135.29630782218936, -0.4445506278311069, -27.235185583030923, -0.4445506278311069, 172.90539559316156, 6.9072125661116655, 4.386758102473347, 18.0, 0.0
48, 0 ,1.0,1.0,1.0,112.54975027233675,30.036606170225884,65.03812714529423,9.423432369386779,12.989688066390551,9.714621853138569,44.0,56.0,52.0,-0.25100251829484044,0.9679861251755092,7.728372094046839E-4,13.209633739426794,0.1033185720207992,0.02599704943091207,0.9943085165563401,9.72139247840158,-0.9624567566832453,-0.2496537900545288,0.10653626906447453,9.10533119568352,58.22635465138359,53.848405449638406,43.19996459818789,17.96459363328565,5.4018818038655825,48653.0,135449.01145616398, 1.4210854715202004E-14, 0.0,0.0,75.46315602528742, 113.04734349034202,113.04734349034202,0.0, 88.80107762040652, -22.221550680020314, 1.1737449539557698, -22.221550680020314, 168.7319960621291, 0.3683245751388867, 1.1737449539557698, 0.3683245751388867, 94.37387774947746, 6.52481179638536, 4.197678647993727, 8.0, 0.0
49, 0 ,1.0,1.0,1.0,79.45551225986489,158.48578332113868,174.29073150810802,9.351431248509835,12.471695990145813,11.98868240757231,42.0,63.0,52.0,0.13947610803228241,0.8895020663518968,-0.4351235333142443,12.636553716453363,0.09983807091538591,-0.44981160026530803,-0.8875257088460348,11.899287926439602,-0.9851795647921555,0.08034673747245678,-0.15154414173260117,9.24366973397127,56.428359195799985,58.143883329772535,41.97628092936648,18.8544691953518,5.5883776265906295,58769.0,137722.66379469945, 0.0, 0.0,0.0,NaN, 93.26079080366613,93.26079080366613,0.0, 87.4492663956062, 6.688672267575048, -9.480574494581306, 6.688672267575048, 155.54320087061916, -6.317737137350935, -9.480574494581306, -6.317737137350935, 143.7285058696338, 6.460705088490267, 4.234345625862482, 12.0, 0.0
