// Sample: .//bubblelabels.tif, Map: .//bubblelabels.tif, Thickness:(8.191250068658265):/gpfs/home/mader/Foam/NewValid/InSilicoTest/LatticeData_OldFoam/out_Step_03500.vtk/distmap.tif, Neighbors:(1.0):
//LACUNA_NUMBER, TRIANGLES, SCALE_X, SCALE_Y, SCALE_Z, POS_X, POS_Y, POS_Z , STD_X, STD_Y, STD_Z,PROJ_X, PROJ_Y, PROJ_Z, PCA1_X, PCA1_Y, PCA1_Z, PCA1_S, PCA2_X, PCA2_Y, PCA2_Z, PCA2_S, PCA3_X, PCA3_Y, PCA3_Z, PCA3_S,PROJ_PCA1, PROJ_PCA2, PROJ_PCA3,OBJ_RADIUS, OBJ_RADIUS_STD, VOLUME, VOLUME_BOX, Mask_Grad_X,Mask_Grad_Y,Mask_Grad_Z,Mask_Angle, Mask_Distance_Mean,Mask_Distance_COV, Mask_Distance_STD, SHAPET_XX, SHAPET_XY, SHAPET_XZ, SHAPET_YX, SHAPET_YY, SHAPET_YZ, SHAPET_ZX, SHAPET_ZY, SHAPET_ZZ, Thickness, Thickness_STD, Neighbors, Neighbors_STD
1, 0 ,1.0,1.0,1.0,79.56565825760794,138.21919586506422,39.75685117940189,15.455062021374914,15.552439596363358,16.173594027324892,86.0,82.0,80.0,0.05091202027377289,-0.49011836023485955,0.8701677764387366,16.4575608466203,0.9974029835208715,0.06939750908966325,-0.01926847673829844,15.452886635518343,-0.050943641951740906,0.8688889334620634,0.4923786821663285,15.25383390670702,90.64225049278579,85.21003939536183,92.05272316204628,26.22454826196051,7.388878920367756,167161.0,710981.1498365806, 1.4210854715202004E-14, 0.0,0.0,87.0816944602676, 164.36498196164703,164.36498196164703,0.0, 238.85894208454522, -0.5294254294781887, 1.5736217172694118, -0.5294254294781887, 241.8783773985309, -16.28790677289874, 1.5736217172694118, -16.28790677289874, 261.58514376071946, 6.995295356176009, 5.5182156570500895, 53.0, 0.0
2, 0 ,1.0,1.0,1.0,58.9172914792229,261.66580025992204,12.71720706010419,14.871575695762417,18.57749044388529,8.095846480226625,85.0,90.0,33.0,-0.2985311979684269,-0.9541742952746738,-0.020749411476351617,18.944537500131762,0.9507153291389343,-0.295399878725797,-0.09422990283891819,14.450013853817023,0.08378237750137983,-0.047857349340129494,0.9953342088637129,8.0081985258506,93.5879594616475,76.237098397874,37.32229186361229,23.726911211157187,8.29839318643994,90027.0,266289.8675413258, -7.105427357601002E-15, 0.0,0.0,72.63059518622707, 71.43168386906099,71.43168386906099,0.0, 221.16376367479143, 43.33407254196374, -11.134656005758988, 43.33407254196374, 345.12315119264923, 9.862914556936794, -11.134656005758988, 9.862914556936794, 65.54273023139781, 7.6886467640266085, 5.525133380789875, 22.0, 0.0
3, 0 ,1.0,1.0,1.0,77.89627096564078,14.620876078814526,258.6895511045975,15.462637351813596,9.121309886079509,16.319095613644535,74.0,38.0,81.0,-0.6092080477911691,0.1026024665447541,0.7863448914855391,17.45366303935805,0.7803630689084307,-0.09882452684098884,0.6174683745573283,14.295554603469787,-0.14106394007784945,-0.9898012157769795,0.0198624785997541,8.922504953578073,94.97842147180361,90.62248977407745,40.29598377521509,23.01504165198944,7.675427500540997,92115.0,346834.8270782624, 0.0, 0.0,0.0,NaN, 89.37646354384493,89.37646354384493,0.0, 239.09315387370097, -23.685844097778784, -47.683356013630444, -23.685844097778784, 83.19829403789178, 10.54228077105622, -47.683356013630444, 10.54228077105622, 266.31288164727226, 7.093051764819855, 5.261980709313029, 35.0, 0.0
4, 0 ,1.0,1.0,1.0,154.3990471533992,177.2513218188227,14.109418172308322,15.849428679405085,14.992848926595844,8.81721486552093,76.0,65.0,38.0,-0.7972498695492068,-0.6022344539867572,0.041307480376379914,16.974094485009267,0.5974410872951599,-0.7969897491704108,-0.08872140062501006,13.752004327576751,0.08635272268637599,-0.046054339085024334,0.9951995805546199,8.746180867803176,79.81884498770393,65.91704159158583,40.782356409830705,22.427032574436744,7.12470324218512,87947.0,214573.19231807187, 0.0, 0.0,0.0,NaN, 190.96060103127388,190.96060103127388,0.0, 251.2043894635484, 47.98197619894268, -12.938906736524983, 47.98197619894268, 224.78551893572617, 2.698972450879106, -12.938906736524983, 2.698972450879106, 77.74327798476327, 8.234044986603328, 5.542968492835445, 23.0, 0.0
5, 0 ,1.0,1.0,1.0,17.349062481159187,163.9950159770092,12.771739785767398,10.526653264109942,14.580530445886678,8.182227192356724,45.0,75.0,36.0,-0.06644986182145887,0.9974072128545645,0.02762729826816998,14.599822059714137,-0.9976368934391902,-0.0668988735012173,0.01565789172493902,10.50570587982582,-0.017465529276572675,0.026521547276837476,-0.999495654226236,8.174746396362673,75.13706854331039,49.05704825356396,36.66752474099853,18.707120868793936,6.355687819102105,49759.0,135156.5987602732, 0.0, 0.0,0.0,NaN, 137.7006281221132,137.7006281221132,0.0, 110.81042894279649, -6.792166894525028, -0.9488202805320635, -6.792166894525028, 212.59186808342835, 3.986563063302546, -0.9488202805320635, 3.986563063302546, 66.94884182734178, 7.469895878092969, 5.209167199980842, 17.0, 0.0
6, 0 ,1.0,1.0,1.0,281.1231571034828,206.44524179403658,208.7110699072914,12.441144083397283,14.49414524349919,14.950887182535213,50.0,80.0,73.0,-0.3964549725825754,-0.09399032099241494,0.9132301321541535,15.461362940018507,0.05210250184392198,0.9908385205046191,0.12459677197191658,14.508687994383028,0.916574483616118,-0.0969785844604904,0.38792572760760036,11.782850618889519,81.37915845450291,76.7026519308032,60.094487214406286,23.117896222818718,7.345353239931722,99775.0,375109.62485538033, 0.0, 0.0,0.0,NaN, 132.07004481784472,132.07004481784472,0.0, 154.78206610385124, 7.434215673614531, -35.8192094915634, 7.434215673614531, 210.0802463396502, 0.24539644638934305, -35.8192094915634, 0.24539644638934305, 223.5290275448957, 7.094545301504525, 5.050213685848896, 32.0, 0.0
7, 0 ,1.0,1.0,1.0,189.94738219134277,113.98139480798861,234.47855073306394,13.205731027470879,13.253051867408574,13.637416364211688,64.0,69.0,71.0,0.6080517913153398,-0.18993538889477102,0.7708421155616753,14.19376712114185,0.1436399828282476,-0.9286142094364217,-0.3421157777213296,13.291130824217325,0.7807948350311418,0.3187478597232639,-0.5373632174893725,12.565693661128718,67.93182605897141,66.45715270541062,63.45718478734226,22.30010271062371,6.22248020945606,103197.0,286480.99769638595, 0.0, 0.0,0.0,NaN, 171.4537761700005,171.4537761700005,0.0, 174.3913319699071, -7.5334944445344325, 19.498304509632003, -7.5334944445344325, 175.6433838002219, -0.41942287656150584, 19.498304509632003, -0.41942287656150584, 185.97912509086876, 6.415891670492653, 4.8106648394809675, 37.0, 0.0
8, 0 ,1.0,1.0,1.0,121.9554923576288,186.6819346604898,114.94821678005447,12.497722305835184,12.853054582025559,14.628963522970517,64.0,68.0,78.0,0.0327320569571056,-0.26603628662826073,0.9634071344163914,14.766830003438944,0.3457525119718032,-0.9013944945965411,-0.26065909839526785,12.728517425799541,-0.9377546656309127,-0.3416323452310856,-0.062478218439416415,12.46299420160955,77.57281512108997,67.9624891425667,67.62392966693571,22.22763302412189,6.429072936558667,99511.0,356516.17072644684, 0.0, 0.0,0.0,NaN, 202.30476660077878,202.30476660077878,NaN, 156.1930628337703, -2.630942422329734, 1.3754122872733108, -2.630942422329734, 165.20101208852822, -14.506948887002386, 1.3754122872733108, -14.506948887002386, 214.00657375640196, 6.286902829147109, 4.664223414918786, 36.0, 0.0
9, 0 ,1.0,1.0,1.0,260.30771003360536,141.04591454632742,126.59396063370139,13.789875887522125,13.313421999793649,13.346851125321084,71.0,68.0,64.0,-0.7990133285340881,-0.39017037505107166,0.4575421065403539,14.05997030838403,-0.5963115699057776,0.6120760906393788,-0.5193990478082545,13.30339261092698,-0.07739646258960996,-0.6878444138757843,-0.7217200633753328,13.072233828471381,74.52942474189169,68.08330059154227,66.30085357916346,22.460176880096885,6.409896396514724,104150.0,336424.4030302708, 0.0, 0.0,0.0,NaN, 193.63744152904258,193.63744152904258,0.0, 190.16067699326413, 6.129453006426256, -7.909037449725073, 6.129453006426256, 177.24720534458953, -6.722518672591078, -7.909037449725073, -6.722518672591078, 178.13843496148468, 6.213068630701924, 4.6352500010840245, 37.0, 0.0
10, 0 ,1.0,1.0,1.0,23.032158782719986,133.03314406443945,191.66427287224857,13.195474664002566,13.308929241195347,13.29029024962029,59.0,65.0,65.0,0.4809680155579656,-0.6395627973087544,0.599690917313939,14.154828984381387,-0.8416773124023975,-0.14532830853271647,0.5200567127978414,12.910541286265742,-0.24545685934051525,-0.754876884688901,-0.6082037645107683,12.68222000255375,86.92618151339153,69.42792234724142,63.26178199511597,22.084239056188547,6.337692749239668,98449.0,381791.4449563867, 0.0, 0.0,0.0,NaN, 173.10380564898318,173.10380564898318,NaN, 174.12055160833364, -11.442106411522811, 8.841216387027318, -11.442106411522811, 177.12759754714457, -15.599320687687465, 8.841216387027318, -15.599320687687465, 176.63181491915213, 6.326267464363268, 4.677220494075177, 36.0, 0.0
11, 0 ,1.0,1.0,1.0,47.02419265852582,248.7431495512726,213.8559566720612,13.367747755434285,14.422811549024656,13.154755782149332,62.0,70.0,65.0,-0.05535694603338315,0.8570272329872435,0.5122889130598927,14.997664216243637,-0.8337482635997286,-0.3219741328984855,0.4485493180116392,13.987404788499534,-0.5493627594497966,0.4022896713345961,-0.7323684720598009,11.797641631235194,69.8788698516181,66.78176614662483,63.67666348507579,22.769643724055076,6.426904184688777,108752.0,297155.70479581156, 0.0, 0.0,2.8421709430404007E-14,59.183586280471076, 110.72188407896225,110.72188407896225,0.0, 178.6966800529184, 11.08929282708006, -23.547567143631156, 11.08929282708006, 208.017492978679, 29.491737510305235, -23.547567143631156, 29.491737510305235, 173.04759968799127, 7.011834342455788, 4.918124111631755, 42.0, 0.0
12, 0 ,1.0,1.0,1.0,265.14257850218223,281.7001660808775,25.653759993820245,16.47346942546241,11.092650896691369,13.99060739161241,74.0,51.0,63.0,-0.9807286624297639,-0.14651618697406435,0.12924510684473703,16.60052688968968,0.15179850225786,-0.15497083617893698,0.9761871002252954,14.02930450111548,-0.12299798941851421,0.976993882728332,0.1742252786205863,10.851742542717435,79.889654857815,68.22335700555305,55.52200696653637,23.196242398044543,7.217584957927214,103564.0,302613.84012481174, 0.0, 0.0,0.0,NaN, 46.98977715167977,46.98977715167977,0.0, 271.3751949116448, 20.817304735716597, -8.288453710447087, 20.817304735716597, 123.04690391586782, -14.948905456257966, -8.288453710447087, -14.948905456257966, 195.73709518623983, 6.20642393408881, 4.695210548553097, 23.0, 0.0
13, 0 ,1.0,1.0,1.0,135.68828291435875,21.185475547980875,249.54868153197935,15.0135212299971,12.78770599456487,13.770609557362647,72.0,55.0,68.0,0.8741500246790511,0.1363996487281459,0.46610821724193335,15.586090251671912,0.35655144071991196,0.4713974543506306,-0.8066322025262196,13.357122461061524,0.3297465761371453,-0.8713091161342134,-0.363438605086535,12.538819806316502,81.81539610578824,72.50197942970529,61.542687095852855,23.009244337750477,7.009679515787337,105615.0,365057.56756107387, 0.0, 0.0,0.0,NaN, 146.30608336498793,146.30608336498793,NaN, 225.40581972357361, 13.78051627127399, 28.82547643228463, 13.78051627127399, 163.5254246034303, -2.6088351326035504, 28.82547643228463, -2.6088351326035504, 189.6296875813275, 6.836162247823641, 4.685739869401578, 31.0, 0.0
14, 0 ,1.0,1.0,1.0,237.86374133949192,241.43466868004975,10.009793036063243,13.86249978423064,11.740290639672065,6.842527855296144,67.0,54.0,28.0,-0.9930822950983037,0.06752646970164386,-0.09606107979779563,13.920341054518616,-0.06895193356493251,-0.9975526093994262,0.011594064776984936,11.730670580635877,0.09504307455013555,-0.018137457650639878,-0.9953079154764262,6.740844507682781,68.38258878676311,54.06749666361836,30.706846510953188,18.423304059666044,6.11599374978121,45032.0,113531.66794255351, 0.0, 0.0,0.0,NaN, 85.97097550665534,85.97097550665534,9.5367431640625E-7, 192.1689002677945, -3.6076539567244383, 14.077147141350316, -3.6076539567244383, 137.83442430397147, -2.0282174650892943, 14.077147141350316, -2.0282174650892943, 46.82018745050364, 6.083310914382558, 4.590826677446169, 15.0, 0.0
15, 0 ,1.0,1.0,1.0,144.34674258413156,151.88481341466243,58.75431964190459,12.350033702148101,11.848451265224995,13.836735101097368,62.0,65.0,69.0,0.3369225609650156,0.15375287255469863,0.9288935580000294,14.030607520914797,-0.730143367013986,-0.5802249670485476,0.3608734559634337,12.609840656943513,-0.5944525645652945,0.7998118790032386,0.0832292417786785,11.335710797611652,71.71216202482648,66.37246556545833,60.462524030752974,21.15981626766132,6.051986748608663,86234.0,287784.2619211648, 0.0, 0.0,0.0,NaN, 215.00269921199128,215.00269921199128,0.0, 152.52333244419393, 16.46659315453596, 13.355185754892673, 16.46659315453596, 140.38579738441177, 3.374755398138004, 13.355185754892673, 3.374755398138004, 191.45523825793998, 5.6069031704054675, 4.459734715890998, 33.0, 0.0
16, 0 ,1.0,1.0,1.0,34.20718935265073,10.65876202354308,71.98686166305035,15.20678536063988,7.315879309430317,13.752853643979906,75.0,31.0,65.0,0.9744483173609185,-6.170525604162064E-5,0.22461182734873086,15.284274036797294,0.22455901789128369,-0.021417582932751374,-0.9742250944340437,13.668922951945666,0.004870757248812172,0.9997706153582329,-0.020856471179062072,7.311696583509908,78.69904289629923,68.08320567979531,31.591609960076322,20.542018016690076,7.206586586552097,58531.0,169270.4721969247, 0.0, 0.0,0.0,NaN, 80.4105046830187,80.4105046830187,0.0, 231.24632100457137, -0.6523176959133212, 10.250129480312724, -0.6523176959133212, 53.522090070150604, 2.780519519504427, 10.250129480312724, 2.780519519504427, 189.14098335273138, 6.278627315279551, 4.537846972000252, 27.0, 0.0
17, 0 ,1.0,1.0,1.0,218.64219904058479,29.75988921038605,269.7526460062438,12.548123896910134,13.989234979800267,14.249504141359937,68.0,65.0,64.0,-0.29340321242715894,-0.6233248927487629,0.7248314514541757,15.01342674124067,-0.08352786338763864,-0.7385862087281018,-0.6689645045251248,13.415169000258247,-0.9523327417322792,0.2568199570835425,-0.16463856980758795,12.281397929666557,76.36835938750013,75.27202778836252,60.68955585717208,22.65139856310371,6.566324699737547,105064.0,348867.9199631355, 0.0, 0.0,0.0,NaN, 91.758624697572,91.758624697572,1.9073486328125E-6, 157.45541333220717, 15.435170516988148, -14.230769162922366, 15.435170516988148, 195.69869532006737, -19.29647642580235, -14.230769162922366, -19.29647642580235, 203.048368274634, 6.2751690728047675, 4.6229430407621575, 36.0, 0.0
18, 0 ,1.0,1.0,1.0,161.9599518329547,256.243020123397,281.9021637927824,15.041317843496197,13.252762957953163,10.116552874981405,73.0,69.0,44.0,-0.9155160637377012,0.3989566004954835,-0.051613641213465865,15.421371039438412,-0.4015404628746089,-0.8984935032852536,0.17741105159667123,12.904392275961511,0.024404788724141695,0.1831476330048498,0.9827824534514497,9.993977477118015,76.11190174667524,63.349697005517754,47.540351989083604,21.439782414259238,6.675128507401391,80553.0,229223.6947331999, 0.0, 0.0,0.0,NaN, 145.93580733070587,145.93580733070587,0.0, 226.2412424690771, -26.338584746464154, 1.7705036484739025, -26.338584746464154, 175.63572601969545, -13.46357998345873, 1.7705036484739025, -13.46357998345873, 102.34464207229453, 6.571282803980481, 4.8549241620022086, 30.0, 0.0
19, 0 ,1.0,1.0,1.0,40.99188387391231,85.67162431662814,38.14059352892734,12.408055834568325,12.310469556201598,15.676911145787018,58.0,59.0,78.0,0.0693492983310879,-0.011404537100920147,0.997527248427079,15.691515394427434,0.99730469240323,-0.023222501152895775,-0.0695993243552134,12.390121918717794,-0.02395882575345077,-0.9996652699647604,-0.009763334204988186,12.309925947242263,79.15989773263115,58.1687189964244,59.155028983845895,22.50668821209788,6.687453856613491,100787.0,272387.01205887785, 0.0, 0.0,0.0,NaN, 102.3458188267632,102.3458188267632,0.0, 153.95984959376506, -0.12076568713213753, 6.412910449826472, -0.12076568713213753, 151.54766069416635, -1.074016654594494, 6.412910449826472, -1.074016654594494, 245.76554307290124, 5.978790300318311, 4.40545226121128, 34.0, 0.0
20, 0 ,1.0,1.0,1.0,190.78524408188554,282.14412577122647,60.01004207863283,14.065647374237274,10.060651121021147,13.180251542982692,66.0,43.0,69.0,0.98273945540142,0.159203354266884,-0.09422024616553229,14.16479451212436,-0.09614778691989126,0.0044309536292060706,-0.9953572070972025,13.172209112225577,-0.15804672052190055,0.9872358677844462,0.01966152313945924,9.931247217982378,67.68420963128747,68.17675358696148,47.035619246898335,20.817195045766915,6.278738583352739,77474.0,217045.37969002943, 0.0, 0.0,-7.105427357601002E-15,84.59355809678867, 125.88844388984393,125.88844388984393,NaN, 197.84243605638792, 15.928388421685442, -2.2797960592676465, 15.928388421685442, 101.21670097890406, -1.8604322721172604, -2.2797960592676465, -1.8604322721172604, 173.71903073629764, 6.128067148259709, 4.671643398910918, 33.0, 0.0
21, 0 ,1.0,1.0,1.0,281.3596877217885,105.54652945351313,169.12550745209367,10.594463726324914,12.094101100364433,13.007526490284377,44.0,62.0,67.0,0.0962586455329262,-0.43661697633697544,0.8944830289807199,13.252370025630244,0.3153621495501451,-0.838980340001118,-0.4434621784580052,12.0018885689532,-0.9440767912576168,-0.32477315939893303,-0.05693335703045196,10.393990954003565,68.77022345428652,58.936078216146285,51.624684626283056,19.866115411007762,5.74831687941885,70450.0,209237.2870088234, 0.0, 1.4210854715202004E-14,0.0,64.1117706961819, 169.16165026737752,169.16165026737752,0.0, 112.24266164841437, -12.368389728204745, 0.7835577170185776, -12.368389728204745, 146.26728142583622, -12.999296145180553, 0.7835577170185776, -12.999296145180553, 169.1957453954498, 6.220887947729753, 4.627692193370742, 21.0, 0.0
22, 0 ,1.0,1.0,1.0,278.34248979770945,206.93887401816667,11.471762692527097,12.673710044255817,12.36208458403943,7.2568671730839664,48.0,67.0,28.0,-0.8285432900053521,0.5591181778931604,-0.030047957277309724,12.930531248638168,-0.5595385584330392,-0.8287718258002409,0.0073390998365909475,12.09768515921754,0.020799476286272895,-0.022893752623090242,-0.9995215144643207,7.249383293290492,67.75603477219222,60.33647013454356,29.64694510355678,18.160153402002383,6.026193751643771,45578.0,121201.45415971354, 0.0, 0.0,0.0,NaN, 96.2342052310021,96.2342052310021,0.0, 160.6229262858708, -9.611694752371434, 2.469015410277947, -9.611694752371434, 152.82113526294532, -2.4966139176493023, 2.469015410277947, -2.4966139176493023, 52.662121167783674, 6.482816848130197, 4.681035503340169, 14.0, 0.0
23, 0 ,1.0,1.0,1.0,52.26913456156983,188.88747130244087,49.68516636017864,14.111541564652182,11.120364115246794,13.246900414446484,72.0,57.0,73.0,-0.821443757723545,0.07100125926987118,0.5658524313627309,14.81865100484922,0.5666105697347306,0.21413201806556653,0.7956757763712877,12.535986596335976,0.06467314096211514,-0.9742208681922495,0.21612747353549017,11.024295733959747,75.72551338108877,64.99016853081245,58.65866686217976,21.414046079266406,6.3021507830210055,87551.0,288683.5770853833, 7.105427357601002E-15, 0.0,7.105427357601002E-15,78.82057911630471, 132.46385249425606,132.46385249425606,0.0, 199.13560533090615, -1.3977965562862746, -29.521611117461614, -1.3977965562862746, 123.6624980556686, 10.007792703458195, -29.521611117461614, 10.007792703458195, 175.48037059026242, 6.04519012056514, 4.303248707347562, 32.0, 0.0
24, 0 ,1.0,1.0,1.0,91.45328618051693,268.2689599445919,39.49494716296055,11.454567289342691,14.838317073718551,13.544636485202243,62.0,62.0,67.0,-0.028962517858811793,-0.8714794889683605,0.4895760133694482,15.381726955957673,0.30011818200600593,-0.4747655453589756,-0.827361319962085,13.079886092603866,-0.9534622432947656,-0.12296819608109474,-0.27529724547091555,11.276479882455856,75.66621633839586,69.7919571571118,58.74207465727653,22.176482866627033,6.5607583821384114,95293.0,310210.6301851241, 0.0, 0.0,0.0,NaN, 104.54861695698555,104.54861695698555,0.0, 131.20711178607957, -3.4963504644271604, -12.458472738858697, -3.4963504644271604, 220.1756535802075, -29.43891467145254, -12.458472738858697, -29.43891467145254, 183.45717751627177, 5.786974885120622, 4.255511824450101, 34.0, 0.0
25, 0 ,1.0,1.0,1.0,68.76728343815037,62.33137346328371,161.44853350922884,13.587438046864454,12.638794191987442,11.903933359124121,66.0,61.0,59.0,0.9599565493940493,-0.20586449674196608,0.19000850574815784,13.719699162156388,0.13091056684860425,0.9292683121543747,0.3454313644027363,12.681350367813112,0.2476809374232254,0.30672497943098126,-0.9190070403594397,11.70531624826749,65.58819099807393,61.98391525919942,64.91590547916353,21.21925491339346,5.983681278585698,87931.0,263909.9577863291, 0.0, -7.105427357601002E-15,0.0,78.11988945946752, 166.76524894601255,166.76524894601255,NaN, 184.6184726773797, -7.225735006093664, 10.418093063872297, -7.225735006093664, 159.7391186274155, 5.6371203626489965, 10.418093063872297, 5.6371203626489965, 141.7036294184681, 6.306283381166492, 4.391194773892581, 37.0, 0.0
26, 0 ,1.0,1.0,1.0,123.97980847029841,169.03808856739164,274.645042085814,13.07254008811855,11.68785530702057,12.937683246384436,66.0,57.0,60.0,-0.9292965122671684,0.3247484191172308,0.17591604977640893,13.227358671478987,-0.2242500818867865,-0.11767072915047658,-0.9674014163081243,12.977098497836547,-0.29346191075137196,-0.9384519507050179,0.1821758577751161,11.467903512438093,67.7204592163452,63.139623014803874,63.51064788586373,20.92330958204211,6.090651028509663,82807.0,271561.63954885735, 0.0, 0.0,0.0,NaN, 182.11229789677682,182.11229789677682,0.0, 170.8913043554666, -12.139231175085698, 0.9002440659301998, -12.139231175085698, 136.6059616778489, 6.681869132577507, 0.9002440659301998, 6.681869132577507, 167.38364778377652, 5.683321048755702, 4.2268401707946595, 29.0, 0.0
27, 0 ,1.0,1.0,1.0,277.7623029625489,207.40789267747346,287.677182783678,12.99246205571969,12.94652700602645,7.033194734461753,52.0,61.0,31.0,-0.8270398120995018,0.55700444266596,0.07583666694154864,13.19859931178212,-0.540486553410571,-0.8249934423787209,0.1651063463785396,12.893705843287803,0.15452972136382823,0.09556082294795969,0.9833558330191197,6.74031051167075,61.842236838800076,70.08595453416982,36.185306467583416,18.5921648781674,6.341440301936675,44725.0,156836.96784832943, 0.0, 0.0,0.0,NaN, 96.01908837362815,96.01908837362815,1.3486991523486091E-6, 168.80407026931593, -5.448847243058247, -18.85786181837283, -5.448847243058247, 167.6125615177722, -11.01705635601207, -18.85786181837283, -11.01705635601207, 49.46582817286052, 5.877637482842232, 4.405736321339654, 19.0, 0.0
28, 0 ,1.0,1.0,1.0,13.138985774859801,250.2976849952127,81.4798249213514,8.393288478866491,12.285579923444127,13.739000147065392,34.0,70.0,59.0,-0.08701951387952622,0.14201888001407828,0.986031562336479,13.791774764725414,-0.12327218655676457,0.9806441118581487,-0.15212197046928283,12.315586411933992,-0.9885502375831414,-0.13478784662383295,-0.06782819603103757,8.26172928357854,57.05007464199164,70.87241152956986,37.55016542367688,19.309473806806363,6.10631737549073,58488.0,151825.696465281, 0.0, 0.0,0.0,NaN, 96.34269527702216,96.34269527702216,0.0, 70.44729148947297, -11.59121326299561, -8.90010765944584, -11.59121326299561, 150.9354740553334, 4.634228701517411, -8.90010765944584, 4.634228701517411, 188.76012504106285, 7.686274553426329, 4.964132222168289, 24.0, 0.0
29, 0 ,1.0,1.0,1.0,60.34908565088942,44.01776342852869,34.58523329302801,11.891931518703124,12.105458416467988,14.309469027366559,63.0,60.0,67.0,-0.3758542453405241,-0.40135706518319175,0.8352521131293472,15.191222691519748,-0.5449540824065313,-0.6332800516277914,-0.5495283653086138,12.032226884720949,-0.7495055932599575,0.6617166179248005,-0.01929982471948699,10.824663130775813,80.05544220590144,61.359382276408496,56.106558701434516,21.227943073610373,6.488104147364558,80221.0,275603.97156034433, 0.0, 0.0,0.0,NaN, 82.3147252809695,82.3147252809695,NaN, 141.4180352455248, 26.662140249404576, -27.397113887110894, 26.662140249404576, 146.54212347283564, -28.477243582634706, -27.397113887110894, -28.477243582634706, 204.76090384516283, 6.341501843903137, 4.343884368996445, 26.0, 0.0
30, 0 ,1.0,1.0,1.0,135.25839191324724,142.8666830145496,174.9787477521661,12.429774442423174,11.585260582511593,11.785507688158853,59.0,54.0,55.0,-0.8555784838047642,0.4802198705629811,0.19332442672051225,12.781990954607911,0.3156442152562683,0.18793739744684113,0.930079708420823,11.808049769846297,-0.410309867570347,-0.8567779237103292,0.31237381775210066,11.171679139279782,66.29141554644161,55.7900332330598,60.61923417350454,19.91322555167103,5.574871751903991,73404.0,224194.19242260038, 0.0, 0.0,0.0,NaN, 233.1009120791978,233.1009120791978,0.0, 154.49929268951632, -14.980782746675283, -2.086996738806229, -14.980782746675283, 134.21826276469685, 6.137199955080509, -2.086996738806229, 6.137199955080509, 138.89819146765146, 5.5699471176108295, 4.097457825747602, 31.0, 0.0
31, 0 ,1.0,1.0,1.0,238.9461723405888,95.47676292298642,185.2695859017316,13.297122604823976,11.368931614698292,12.044753283413531,67.0,54.0,59.0,0.9300866580663507,-0.34073883855206516,0.13724376994660464,13.592420929146723,0.1541450373332855,0.02289492016270714,-0.9877829367306681,12.01828902658433,-0.33343382544739975,-0.9398791765609728,-0.0738174607703366,11.04305118362153,72.53770058409728,60.682948507759534,55.741587755014365,20.423705883343686,5.832186148988283,78194.0,245363.40734693315, 0.0, 0.0,0.0,NaN, 161.2651544794392,161.2651544794392,0.0, 176.81346956772077, -19.82455565461746, 4.59254785610637, -19.82455565461746, 129.25260605968631, -3.445650080780543, 4.59254785610637, -3.445650080780543, 145.07608165830104, 5.780034045736378, 4.26665779121564, 32.0, 0.0
32, 0 ,1.0,1.0,1.0,274.23870932217386,65.99205990859534,239.75270084246463,13.830874798838218,13.489022093285566,12.018255413817846,58.0,72.0,58.0,-0.9591762753360307,-0.1587055015196532,-0.23407997910947884,13.914153620954073,0.21137718693664298,-0.9521926956507079,-0.2205646281528155,13.595593293297615,-0.1878844263776277,-0.26103952600484415,0.9468673656790143,11.800061438050983,63.97996317931137,75.61600822670573,61.35390080016067,21.791595870197813,6.543059479761543,90805.0,296824.61476436944, 0.0, 0.0,0.0,NaN, 92.99641457682468,92.99641457682468,0.0, 191.29309770113815, -0.9023609997112125, 10.079703282184202, -0.9023609997112125, 181.95371703314612, 11.59618630369928, 10.079703282184202, 11.59618630369928, 144.43846319176197, 5.419173136162316, 4.172537766304357, 32.0, 0.0
33, 0 ,1.0,1.0,1.0,131.71155773857257,275.78553528468325,59.238597634322375,12.723599597101751,12.186271076945225,12.278507073924825,62.0,53.0,68.0,0.8085607347311873,0.049787175516663944,-0.5863026312451923,13.102277800719705,-0.40014407272616376,0.7770705467798295,-0.4858457434097947,12.740683923304179,-0.43140961893898655,-0.6274413139739605,-0.6482307754230342,11.27662250107751,63.81882724130663,66.72652443593873,61.55818512390735,20.636436256585508,5.940911046333309,79808.0,262139.90095476471, 0.0, 0.0,7.105427357601002E-15,54.10493166238319, 146.4359456999947,146.4359456999947,0.0, 161.88998670736783, -9.141840138164012, -14.263325511952447, -9.141840138164012, 148.50520276079172, -14.574430669744077, -14.263325511952447, -14.574430669744077, 150.76173596442197, 6.250090964159793, 4.2874294120359, 25.0, 0.0
34, 0 ,1.0,1.0,1.0,36.44090660093125,176.78214872637633,209.32270839039532,12.58636920066962,13.221454593070309,12.606490504313166,66.0,63.0,66.0,0.45008073778423985,0.8063927171585225,0.38361193306424746,13.761317776115167,-0.5580380388853539,-0.08138731636843936,0.8258145384354354,12.457759145995048,-0.6971519752769709,0.5857532675521646,-0.4133669470571877,12.148149001912849,60.90607340400527,64.59142349398364,74.30291095900833,21.32439837686933,6.116959041232455,87624.0,292308.3932999081, 0.0, 0.0,0.0,NaN, 157.26712866978883,157.26712866978883,0.0, 158.41668965556485, 15.515640305226542, 3.7056455314235373, 15.515640305226542, 174.80686155661996, 12.417330645305704, 3.7056455314235373, 12.417330645305704, 158.92360283533802, 5.50402016234815, 4.191500891077427, 40.0, 0.0
35, 0 ,1.0,1.0,1.0,200.87690270380395,175.50980820163568,193.67852673244275,12.667815696748214,10.6965783664339,11.818706375787992,65.0,54.0,56.0,0.9555728935577164,0.23960536449234465,0.1716674529554847,12.810043756913794,-0.18582065631204603,0.037608272290315214,0.981863687862576,11.795157606752104,-0.2288036904979759,0.9701416840656971,-0.08046107166001751,10.552213021492967,64.03842347424032,57.66329295839304,51.25658711216191,19.578821369196884,5.589446973199127,68718.0,189273.47564375165, 0.0, 0.0,0.0,NaN, 191.38299806766685,191.38299806766685,0.0, 160.47355452678042, 11.883094204977413, 3.5849800289550933, 11.883094204977413, 114.41678874926173, 3.1953370729987913, 3.5849800289550933, 3.1953370729987913, 139.6818203970917, 5.867746061025244, 4.2026686186904305, 34.0, 0.0
36, 0 ,1.0,1.0,1.0,32.78811457887986,288.9435228730227,207.04020949123557,13.061692823049691,6.767289840677799,13.517203079502533,77.0,27.0,87.0,0.5815926252686868,-0.05461546995380692,0.8116447305778566,14.04880029502573,0.8128325494661536,0.0788211951454029,-0.5771399013447287,12.534276912798308,0.03245404075657924,-0.9953915659867605,-0.09023505749427534,6.681461129703427,72.50520729871297,78.07414989353084,31.928735501321967,18.872315841176697,6.5539686507357,46780.0,180741.62470496056, 0.0, 0.0,0.0,NaN, 99.19087052511685,99.19087052511685,1.3486991523486091E-6, 170.6078194037078, 2.354322332565205, 19.334278676295984, 2.354322332565205, 45.79621178774096, -11.88631394878484, 19.334278676295984, -11.88631394878484, 182.71477909251277, 5.786179755378376, 4.450110254822344, 23.0, 0.0
37, 0 ,1.0,1.0,1.0,163.76412458728728,9.632171965551477,224.23261988871187,13.736509811552034,6.58127143123311,12.609022478695119,69.0,27.0,67.0,0.8725253681064724,-0.04161573017579229,0.4867931932685594,14.206454528828756,0.48855837149959125,0.08083218910767653,-0.8687789562608712,12.116703528031316,0.003193688828455305,-0.9958585683750465,-0.09085984891947889,6.508028015980242,69.66731605237192,60.482187075053915,29.025863203701096,18.62143445734544,6.650899343205967,43311.0,122304.29564588876, -2.8421709430404007E-14, 0.0,0.0,29.246556937294223, 156.18478919270774,156.18478919270774,0.0, 188.6917018028653, -1.6651827757365534, 23.394736782412988, -1.6651827757365534, 43.31313365156511, -10.566302614876925, 23.394736782412988, -10.566302614876925, 158.9874478682388, 6.464619436184852, 4.288556133590571, 15.0, 0.0
38, 0 ,1.0,1.0,1.0,103.78400118950263,229.53439892944763,156.84921567169727,12.110410204345788,10.912230295667715,11.84586403667892,60.0,52.0,58.0,-0.8301060273588967,0.5341918895271884,0.15988435979107804,12.857031338992691,-0.19294768560353656,-0.006159111552194563,-0.9811897145634612,11.838241925256549,-0.5231588419998936,-0.845340813227576,0.10818380437510344,10.030756371577969,60.426001465097286,58.96983687079771,54.05728382646538,19.392758803597314,5.475783606407417,67255.0,192622.93836886928, 0.0, -2.8421709430404007E-14,0.0,57.710876063500706, 190.33829591268582,190.33829591268582,0.0, 146.6620353175226, -28.637644587791865, -1.1019915833359157, -28.637644587791865, 119.07677002568832, 5.763740086886292, -1.1019915833359157, 5.763740086886292, 140.324494775483, 5.983655656266325, 4.144328027408276, 23.0, 0.0
39, 0 ,1.0,1.0,1.0,51.86705717216434,20.45848404686066,165.7756168007342,12.441749234872594,11.582624938504246,12.285930083996666,63.0,50.0,60.0,0.4697161089227657,0.3525611278311257,-0.8093623589968221,12.760706606290865,0.8326479283431042,-0.48158294354331743,0.2734507193519341,12.509481419126635,0.2933670132179024,0.8023580993737133,0.5197665590676344,10.980694151603423,65.09549805007421,61.9281572164367,60.74682062301224,20.148658731186387,5.82494239048687,74092.0,244885.27057246992, 7.105427357601002E-15, 0.0,0.0,61.984129869446086, 145.34416477595363,145.34416477595363,0.0, 154.7971240234528, -7.401702371894536, -7.889383125206045, -7.401702371894536, 134.1572004660605, -16.78802978352525, -7.889383125206045, -16.78802978352525, 150.94407802885434, 5.5373887319934525, 4.062464019602679, 26.0, 0.0
40, 0 ,1.0,1.0,1.0,186.89714647700768,65.49959687868927,62.93031760200409,11.887115303664615,10.8738274478393,12.688757233294659,58.0,58.0,62.0,-0.5516608185252714,-0.14377232873225315,0.8215837503230773,13.174734944742202,0.6584224653522545,0.5296100772966169,0.5347831552557831,11.768785262052917,0.5120060531121554,-0.835968111543004,0.19750219760735904,10.414905007966373,65.84505098859836,57.41873965386435,54.00696542925119,19.71026290004759,5.661601376329702,69458.0,204186.28584720075, 0.0, 0.0,-7.105427357601002E-15,34.75635107936837, 145.06094422622294,145.06094422622294,0.0, 141.3035102426175, 15.636674250645775, -18.9317833950178, 15.636674250645775, 118.24012336538334, 0.8163645496970421, -18.9317833950178, 0.8163645496970421, 161.00456012548753, 5.329991166249985, 3.932792549588924, 33.0, 0.0
41, 0 ,1.0,1.0,1.0,92.31224938386731,158.7377073203224,106.40271764470792,11.34005490389661,11.781965745910098,13.264290735672525,57.0,58.0,61.0,-0.1837909706076538,0.3339836665306406,0.924486770924196,13.39064999153892,0.6233430671132083,-0.6876132426736623,0.3723324444387162,12.592824145871564,-0.760042301326048,-0.644703760645586,0.08180929778725587,10.269578551084223,65.50571877239784,58.70740695136114,53.63459629847944,20.243718510180457,5.791790022280614,75065.0,206261.00566118487, 0.0, 0.0,0.0,NaN, 199.4946742186559,199.4946742186559,0.0, 128.59684522338952, -27.29894254154433, -0.21972022746032757, -27.29894254154433, 138.81471683779887, 9.20218620804177, -0.21972022746032757, 9.20218620804177, 175.94140872044795, 6.119201041116376, 4.287420428937169, 27.0, 0.0
42, 0 ,1.0,1.0,1.0,84.65622272537536,207.87615264935425,191.00580593748813,14.081179145318481,12.351823552410458,10.553008134448913,65.0,62.0,54.0,-0.9565957250167744,0.2877444086915581,-0.04612780231462586,14.235451407942017,-0.28861318288043963,-0.9135348479005648,0.28662957338508066,12.331358186672206,0.04033670223572454,0.28750171640885386,0.9569303598040504,10.368348969932134,64.21590372252702,59.82635368769229,56.523975394639535,20.658993222304012,5.951397392125651,79057.0,217153.99907093318, 1.4210854715202004E-14, -2.8421709430404007E-14,0.0,48.78892365593376, 165.93135217959846,165.93135217959846,0.0, 198.27960612255214, -14.440719016606334, 0.5121468531446206, -14.440719016606334, 152.56754506988173, -12.930659575572532, 0.5121468531446206, -12.930659575572532, 111.36598068574493, 5.6084242243318005, 4.069804805053444, 21.0, 0.0
43, 0 ,1.0,1.0,1.0,24.803551175978434,11.766737938086827,265.4897648043135,12.974875301176452,7.5315153839231375,14.02079665962074,50.0,34.0,71.0,-0.42731439246653996,0.06504857356221092,0.9017599974873987,14.377799361165739,-0.8969364124851459,-0.1558367821994024,-0.41378734788779137,12.707519396804821,-0.11361109958638604,0.9856386662419738,-0.12493573411764375,7.311066156154857,78.03318328072925,69.59439327674791,36.39692592573799,19.46782847962658,6.531271416624273,53785.0,197659.76818071096, 0.0, 0.0,0.0,NaN, 44.09794332964512,44.09794332964512,0.0, 168.34738908107872, 10.839571498630178, -18.96595974858454, 10.839571498630178, 56.72372397827089, 15.956597364225797, -18.96595974858454, 15.956597364225797, 196.58273897043208, 5.8135801721064695, 4.205378978463059, 23.0, 0.0
44, 0 ,1.0,1.0,1.0,287.3732450031995,78.8434147626755,285.25332179019085,8.059142861495737,10.378069068471728,8.348317239776252,37.0,52.0,35.0,0.06699004968561009,0.9801711183573,-0.18648568840884103,10.441966796748195,-0.6435677798823316,0.18527557807747985,0.7426260653016312,8.832192570082293,0.7624518646711059,0.07026762345672075,0.64321817072693,7.436814224417877,51.59534526949173,50.17294754436659,38.07200708342748,14.830714516745688,4.732695734008976,26567.0,98556.64502263533, 0.0, 0.0,0.0,NaN, 81.19842062141457,81.19842062141457,0.0, 64.9497836619977, 0.8210448757221255, -11.520907097961183, 0.8210448757221255, 107.70431758996965, -6.697413383250078, -11.520907097961183, -6.697413383250078, 69.69440073594538, 6.796989223808717, 4.465605627582891, 9.0, 0.0
45, 0 ,1.0,1.0,1.0,121.60125306145697,237.06856524463177,78.76847980862334,11.766297256192349,12.608621885596984,13.86611075794993,63.0,64.0,66.0,0.16109608996894795,0.4058075958164161,0.8996489565238303,14.241074859069059,0.1259074629802913,-0.9125571713001546,0.38908446367662547,12.262902989988698,-0.9788745377026535,-0.05059253192281229,0.1981035970169548,11.683540629590286,69.42434125254118,59.46897988229958,60.80616023482578,21.279232955346185,6.073414966797517,87785.0,251043.9941131685, -1.4210854715202004E-14, 0.0,0.0,80.72947708216797, 157.96108266863445,157.96108266863445,0.0, 138.4457511210796, 2.740446065080502, 10.288954459429881, 2.740446065080502, 158.97734585395523, 19.28021324863996, 10.288954459429881, 19.28021324863996, 192.26902755173478, 6.106601297446289, 4.226258650147035, 38.0, 0.0
46, 0 ,1.0,1.0,1.0,23.872303837272145,188.8127180268265,121.55316169606446,12.55266235389264,12.194235315485397,12.552278002278948,53.0,60.0,64.0,-0.6105547261909141,-0.4256528989937796,0.6678641597691327,13.737693157430446,0.6350994646007281,-0.7669567215226417,0.09179355846196055,11.949791658514075,0.4731507121307195,0.4802051612482232,0.738600979366235,11.502463048284781,68.97714223391841,63.21175348174637,58.418534321771006,20.715618051197932,5.889954066342483,81412.0,254714.51359039513, 0.0, 0.0,0.0,NaN, 166.45620950084927,166.45620950084927,1.9073486328125E-6, 157.5693321708335, 9.552007279109834, -22.39365610730329, 9.552007279109834, 148.69937492943123, -16.776862669142286, -22.39365610730329, -16.776862669142286, 157.559683046496, 6.071777077900487, 4.289249630112605, 22.0, 0.0
47, 0 ,1.0,1.0,1.0,216.80729984819484,135.69854135040592,206.20679823113986,12.766776194230115,12.855123835090467,11.175067656988885,70.0,62.0,61.0,0.6065722301175961,0.7053925978658616,0.3667307084581504,14.338706617565132,-0.7948077745840187,0.5271686832161786,0.3006223226856586,11.756036640837179,0.01872781650288654,-0.47382957095581474,0.8804174047443991,10.455812516588018,65.46971126674629,59.5338243573006,56.03062774158221,20.42983434672455,5.979029094489452,75755.0,218388.46490498082, 0.0, 0.0,0.0,NaN, 184.74924676769348,184.74924676769348,0.0, 162.99057439356076, 29.092301585812212, 14.515541424040409, 29.092301585812212, 165.25420881551102, 29.482088986925373, 14.515541424040409, 29.482088986925373, 124.88213713827905, 5.657508053314834, 3.87788754982485, 30.0, 0.0
48, 0 ,1.0,1.0,1.0,125.37275468922398,91.98559764619345,213.086811327694,12.715091184401349,10.449240449278248,12.17469791151261,62.0,52.0,65.0,0.7569246021319,0.12750873306613997,0.6409420174082313,13.549740976229833,-0.6065147751285005,0.5022464258865699,0.616350837782339,11.74028016069632,0.24332072299393204,0.855271916220821,-0.4574986066488903,9.881992727001052,64.80582382825449,58.044738356245574,52.7994223179777,19.669555278544014,5.673802444159246,67975.0,198612.26522008018, 0.0, -1.4210854715202004E-14,0.0,82.67434486272244, 178.13921566538792,178.13921566538792,1.9073486328125E-6, 161.67354382764088, -3.94512796115117, 26.673694366736083, -3.94512796115117, 109.1866259668327, 19.461890228610756, 26.673694366736083, 19.461890228610756, 148.2232692365895, 6.141087693923008, 4.206126680995451, 37.0, 0.0
49, 0 ,1.0,1.0,1.0,107.53453800961367,210.98985223428878,279.3808824402113,11.894207693615453,12.227309895371121,11.424348342338735,61.0,58.0,46.0,0.5730152729642919,0.7831061930781422,0.24165716896528822,12.421542494573714,-0.6287769911814046,0.609206826810594,-0.483225141655757,11.9434397151973,-0.5256357981630607,0.12494691884967188,0.8414839720157811,11.160400925071942,62.78756267899553,66.71006404205633,58.26351696172247,19.67526257157995,5.863366074427126,67404.0,244040.37220539546, 0.0, 0.0,0.0,NaN, 141.10857975034395,141.10857975034395,0.0, 141.47217665886103, 6.415429707414619, 9.615064472126246, 6.415429707414619, 149.50710727744055, 0.30236371119087563, 9.615064472126246, 0.30236371119087563, 130.51573504709782, 5.266116239746404, 3.9790345910779132, 27.0, 0.0
