// Sample: .//bubblelabels.tif, Map: .//bubblelabels.tif, Thickness:(8.191250068658265):/gpfs/home/mader/Foam/NewValid/InSilicoTest/LatticeData_Phi_6.65/out_Step_03000.vtk/distmap.tif, Neighbors:(1.0):
//LACUNA_NUMBER, TRIANGLES, SCALE_X, SCALE_Y, SCALE_Z, POS_X, POS_Y, POS_Z , STD_X, STD_Y, STD_Z,PROJ_X, PROJ_Y, PROJ_Z, PCA1_X, PCA1_Y, PCA1_Z, PCA1_S, PCA2_X, PCA2_Y, PCA2_Z, PCA2_S, PCA3_X, PCA3_Y, PCA3_Z, PCA3_S,PROJ_PCA1, PROJ_PCA2, PROJ_PCA3,OBJ_RADIUS, OBJ_RADIUS_STD, VOLUME, VOLUME_BOX, Mask_Grad_X,Mask_Grad_Y,Mask_Grad_Z,Mask_Angle, Mask_Distance_Mean,Mask_Distance_COV, Mask_Distance_STD, SHAPET_XX, SHAPET_XY, SHAPET_XZ, SHAPET_YX, SHAPET_YY, SHAPET_YZ, SHAPET_ZX, SHAPET_ZY, SHAPET_ZZ, Thickness, Thickness_STD, Neighbors, Neighbors_STD
1, 0 ,1.0,1.0,1.0,156.0299328039096,182.0886639322803,183.56181167641157,15.757499756956499,11.548612209670459,9.350696907897484,73.0,53.0,41.0,-0.9545144762719734,-0.2979574889612601,0.011110776711876833,16.141275195812746,-0.2688683064369561,0.8440224584139929,-0.46404301900418976,11.572052722038809,0.1288873476372434,-0.44592311497017106,-0.8857429803020377,8.640116091499696,79.24939779485857,66.49944927756682,45.83123678575973,20.407687768107834,7.254726403016378,57295.0,241532.5111006228, 0.0, 0.0,0.0,NaN, 50.24337572577365,50.24337572577365,6.743495761743046E-7, 248.29879859048413, 39.419651651211, 5.422331668993118, 39.419651651211, 133.37044396934962, -23.825639293414493, 5.422331668993118, -23.825639293414493, 87.43553266336357, 9.708598813132909, 6.4153702642046415, 12.0, 0.0
2, 0 ,1.0,1.0,1.0,184.6909005863584,35.7314612184895,15.93180869013214,9.161071024950875,16.05427048253744,10.201754897802047,43.0,72.0,47.0,0.04226254567596792,-0.9990643691683702,0.009179514758039986,16.064051010665384,0.4430641028423907,0.026975872480404554,0.896083982155907,10.521654341128892,0.8954932037740171,0.03380367675456797,-0.4437896274502352,8.77392050898795,72.14376341955757,60.84399311378557,42.9432882592568,19.986377375123954,6.803333408310564,59861.0,188500.19270567305, 0.0, 0.0,0.0,NaN, 42.01105061533395,42.01105061533395,0.0, 83.92522232419448, -7.2423409744957645, 13.459251535950367, -7.2423409744957645, 257.7396007264729, -0.8454114583139026, 13.459251535950367, -0.8454114583139026, 104.07580299482807, 8.4767780393485, 5.905418122764965, 13.0, 0.0
3, 0 ,1.0,1.0,1.0,170.8191805814461,186.8997210433771,79.00720527770066,16.305250941838548,7.650320579201794,15.611456283816306,65.0,33.0,64.0,-0.8693198095238196,-0.02113639200981317,0.4937978551009289,16.635501777518378,0.49286866980396804,0.037571009958331465,0.8692921796130333,15.270347858385273,0.03692618441076586,-0.9990704039973956,0.022243757806262403,7.627760971378445,73.7518176716724,77.97384324615422,33.97477211380456,22.690639232110982,7.296647982507784,75639.0,195379.15246370988, -2.8421709430404007E-14, 0.0,0.0,29.62030705981797, 85.23658848447843,85.23658848447843,0.0, 265.86120827632686, 7.256421749497813, -18.841119705666618, 7.256421749497813, 58.52740496455847, 3.4344538139234766, -18.841119705666618, 3.4344538139234766, 243.71756730150761, 8.36462447278831, 5.581087377740066, 12.0, 0.0
4, 0 ,1.0,1.0,1.0,55.838937952361526,80.28053766398847,32.451825572240296,13.727512879843534,13.777819757782666,13.698355433318552,68.0,69.0,66.0,-0.0767147413452406,0.7237890587275155,0.6857435722824312,14.8165557783785,-0.9717658379069514,0.09963723854239935,-0.2138774812191447,13.781787871235714,0.2231277767050383,0.682789732759641,-0.6957098361390937,12.507992111454314,73.99393742672447,68.75883132462556,71.3028359669456,22.850114783523217,6.617410603978376,105419.0,362770.052694176, 0.0, 0.0,0.0,NaN, 103.0343277856359,103.0343277856359,0.0, 188.4446098662701, -6.744986681747485, 3.6416162778156873, -6.744986681747485, 189.82831727794638, 30.595326369312286, 3.6416162778156873, 30.595326369312286, 187.6449415775279, 8.411159659829636, 5.429164516648647, 24.0, 0.0
5, 0 ,1.0,1.0,1.0,13.728429367594487,106.9554615420641,138.53113633170457,8.090340403097517,15.308288370441446,12.403158219003503,33.0,76.0,62.0,0.0077420145901324604,0.998537049513608,-0.053514689186649395,15.316214164989349,-0.009404964375635198,-0.053441214812272486,-0.9985267063050852,12.394093295224094,-0.9999258011748569,0.008233912074224477,0.00897746271363635,8.089231701322426,75.91340063269315,61.965085577169106,33.50497007473316,20.25257849942612,6.593079599157306,64057.0,157606.7214170339, 0.0, 0.0,0.0,NaN, 112.35736340099315,112.35736340099315,0.0, 65.4536078379921, 1.351971041193717, 0.7580068942712298, 1.351971041193717, 234.3436928325928, -4.3334166140411225, 0.7580068942712298, -4.3334166140411225, 153.83833380563414, 9.0518324589878, 5.476568060307572, 16.0, 0.0
6, 0 ,1.0,1.0,1.0,51.728356848820034,185.23556861389562,121.50677183169405,14.424884054273788,8.653036755358661,12.261384691668484,65.0,34.0,55.0,-0.956392230544018,0.01475630920189989,0.2917124486438244,14.630418432134285,-0.2912381467328707,0.027838814371984027,-0.9562454404084576,12.018901920531993,0.022231582099366366,0.999503502621727,0.022327225628344136,8.648163547899065,65.5882779836708,58.334745714006615,35.03087275367827,19.911058122736108,6.06989654433668,63646.0,134030.7646169171, 0.0, -2.8421709430404007E-14,0.0,89.15449507505353, 95.15775430681195,95.15775430681195,0.0, 208.0772799792422, -2.5301394311402565, -19.45103261480552, -2.5301394311402565, 74.87504508958794, -1.25503613852544, -19.45103261480552, -1.25503613852544, 150.34155455708225, 9.236024881886667, 5.472783797387143, 11.0, 0.0
7, 0 ,1.0,1.0,1.0,56.635202175667196,149.61960192462868,11.94592211828696,12.943610814506348,17.042486864883543,8.26481053716092,60.0,87.0,32.0,-0.24475485923347712,0.9671646175326869,-0.0684664989206635,17.30589789805477,0.9592314937994709,0.25182873693476093,0.1282857301381534,12.6947833188216,-0.14131525106950443,0.034276666213260476,0.9893710678852846,8.101782958248908,94.0100465087369,58.59703078298797,36.623629636793225,21.386786507970424,8.300353940332764,66922.0,201748.93977087445, 0.0, 0.0,0.0,NaN, 76.73614331570067,76.73614331570067,0.0, 167.53706091740568, -32.28411670622572, 15.672944572394089, -32.28411670622572, 290.4463585397281, -12.39968411934436, 15.672944572394089, -12.39968411934436, 68.30709321516618, 8.358811258620424, 5.311065153256774, 18.0, 0.0
8, 0 ,1.0,1.0,1.0,26.32516963309753,50.91695712252769,50.4133788438138,13.757142534457687,13.281159578187353,12.901315134963161,63.0,66.0,63.0,0.8202083717796576,-0.23389819336096634,0.5220630824000475,14.847822744934444,-0.07524346589417287,0.8605565775261458,0.5037666103630918,13.697101187183096,0.5670949194824402,0.4524754269780439,-0.6882363985421299,11.136592004260867,75.20647996172556,67.46699347396422,60.97230538400567,22.158331974542573,6.410961454586764,96974.0,309370.7394215642, 0.0, 0.0,0.0,NaN, 76.33518091469081,76.33518091469081,9.5367431640625E-7, 189.25897071338488, -22.61776774129827, 38.8828853601786, -22.61776774129827, 176.38919974127768, 15.790633982605412, 38.8828853601786, 15.790633982605412, 166.44393221162954, 7.9383621887034845, 5.143954235336425, 21.0, 0.0
9, 0 ,1.0,1.0,1.0,90.59816572601333,179.8225756798358,86.20233453052847,13.110482265136055,12.198740076378206,12.27684876449913,62.0,56.0,60.0,-0.8050382787541602,-0.5390457807876734,0.24767522273240433,13.927137567407316,-0.18044964425801577,-0.17520677839178242,-0.9678535584956685,12.162751631137025,-0.5651117549898377,0.8238520686510292,-0.043777543920662125,11.380568184394486,78.71078239250758,58.00560817253452,59.72544441655731,20.76588398589333,6.339801459534649,77960.0,272686.4788320639, 0.0, 0.0,0.0,NaN, 126.67280119910224,126.67280119910224,NaN, 171.88474522444702, 28.54951036842254, -9.633933634711799, 28.54951036842254, 148.80925945103576, -5.4815714311667945, -9.633933634711799, -5.4815714311667945, 150.7210155863838, 8.381176047722855, 5.219493662894365, 18.0, 0.0
10, 0 ,1.0,1.0,1.0,186.18263090676885,20.45609833971903,110.90866459131546,8.483913203490214,11.040548284598719,13.327136489381402,34.0,44.0,65.0,0.031204003584350704,-0.3640964768539687,0.9308383671201113,13.69870031148353,0.11497231321084718,-0.9238026497026097,-0.3651986193804462,10.607056208156303,-0.9928784806587636,-0.11841629932135442,-0.013034672983267548,8.445059209306134,74.03340168782493,56.1574518093323,36.01749997507113,18.36796874883031,5.839587375620111,50112.0,149743.73537447886, 0.0, 0.0,0.0,NaN, 92.44802698189706,92.44802698189706,NaN, 71.9767832443556, -5.696643758084065, 1.6495630120585927, -5.696643758084065, 121.8937064245557, -25.531258738408113, 1.6495630120585927, -25.531258738408113, 177.61256700660124, 8.684641553524948, 5.402120991878655, 10.0, 0.0
11, 0 ,1.0,1.0,1.0,77.25655926058316,100.38010519327989,160.19154368584998,11.853573941421288,14.634324740237547,13.715914834543469,58.0,80.0,76.0,0.16569099285492428,0.8243549158939694,0.5412813201360223,15.365586600170895,0.040894630150029025,-0.5541392121931932,0.8314188852406462,12.99771628711116,-0.9853294495302788,0.1156231211797751,0.12552756564597803,11.736912510892036,73.40894915051882,68.52021070523355,60.6507452539627,22.326387108001505,6.658035313786021,97915.0,305073.04626278346, 0.0, 0.0,0.0,NaN, 132.2021655806045,132.2021655806045,0.0, 140.50721518474182, 12.726215364751361, 9.880541603102438, 12.726215364751361, 214.16346060272878, 29.5149785742745, 9.880541603102438, 29.5149785742745, 188.1263197484496, 7.537273563011269, 4.842988646660266, 30.0, 0.0
12, 0 ,1.0,1.0,1.0,21.149012339994474,177.68835758357122,47.7186435215029,12.978668219467393,12.696211177290795,13.621688054409177,53.0,51.0,79.0,0.17061962781482254,-0.5674021147886772,0.8055704703734297,14.575087508485353,0.9800242453776448,0.18250482089119305,-0.07902195152900184,12.941139675999608,-0.10218327199845295,0.8029612882853138,0.5872067339863193,11.63115301538387,90.37148965347738,61.64977982614047,62.31557331255814,21.68170745449541,6.7151734392100595,86872.0,347183.89087325067, 0.0, 0.0,0.0,NaN, 56.76406477524396,56.76406477524396,9.5367431640625E-7, 168.4458287510129, -1.7114696210440612, 8.111038765242087, -1.7114696210440612, 161.19377825836372, -35.727888893341465, 8.111038765242087, -35.727888893341465, 185.55038545163367, 7.71452503698071, 4.818587254219445, 13.0, 0.0
13, 0 ,1.0,1.0,1.0,175.10525361159122,61.24644175575614,109.79735612316753,13.082240033765785,13.089749632607816,13.075287754820737,54.0,65.0,65.0,-0.6418685123699597,-0.570807769442774,0.5120383805651102,14.37862470358931,-0.07962565222445839,-0.6145229656758525,-0.7848702314171332,12.675214903646966,-0.7626693702619797,0.5445548778596333,-0.348992000858866,12.084857400750868,76.53390842227944,65.85945534867167,67.44156529388927,21.774601557784415,6.270281223090763,93726.0,339937.963840225, 0.0, -7.105427357601002E-15,0.0,55.193426799519315, 111.83645196381671,111.83645196381671,0.0, 171.14500430106423, 22.955122933651914, -19.036573823219612, 22.955122933651914, 171.34154544435646, -10.691209821532121, -19.036573823219612, -10.691209821532121, 170.96314987136512, 7.239816769018886, 4.510385640760158, 19.0, 0.0
14, 0 ,1.0,1.0,1.0,169.89592198334194,186.70933493310267,23.326059963447133,16.25347237286063,7.55467192179626,14.821806012080579,74.0,34.0,52.0,0.9371554230259156,0.008451622349757756,0.3488098094560611,16.469557038263485,0.34821238613354655,-0.08593962198651506,-0.9334680045486274,14.62178506633645,0.022087264119815264,0.9962644987414093,-0.08348174238256857,7.476058983068186,86.21914649305504,66.64588645821362,34.30987092550754,21.99633916356143,7.556151724432183,71677.0,197149.71448901328, 0.0, 0.0,0.0,NaN, 40.336117371058556,40.336117371058556,0.0, 264.17536417534376, -3.019634769857154, 19.070837330347516, -3.019634769857154, 57.07306784597679, 13.302316409426044, 19.070837330347516, 13.302316409426044, 219.68593345974801, 8.390612647978708, 4.987796082311765, 10.0, 0.0
15, 0 ,1.0,1.0,1.0,164.51635104948582,10.400374313255922,79.9960153750176,13.028953400349975,7.010322734530824,13.923712847437036,69.0,28.0,67.0,-0.5631517304148241,-0.03492238323637799,0.8256152588705469,14.668582316274849,-0.8263017266241628,0.012612533042866029,-0.5630864770070134,12.193223937402207,-0.009251222012061602,0.9993104378316754,0.03595919537405402,6.994713278733072,74.69313330555124,57.461780598475116,28.96800159306211,19.177901944428374,6.706422892915332,49691.0,124330.6755316713, 0.0, 0.0,0.0,NaN, 88.12842676786653,88.12842676786653,0.0, 169.75362670849117, 2.229844355526765, -30.882328037113663, 2.229844355526765, 49.144624842279725, -5.501554122194692, -30.882328037113663, -5.501554122194692, 193.8697794578832, 7.583088050927311, 5.033052519077359, 13.0, 0.0
16, 0 ,1.0,1.0,1.0,189.66729198328267,24.463217135258358,175.839570668693,6.332808989644203,13.138330022870603,12.830834830986335,27.0,56.0,54.0,-0.022795441965010908,0.796353868196739,0.6044012611119461,13.551846286351337,0.012196061255000631,-0.6042918551595323,0.7966696993595999,12.396977384971537,-0.9996657560982489,-0.025531752700155355,-0.004062719357033768,6.325576803489426,76.11586396469862,61.97160911689622,27.696024588110276,18.402995904073723,6.2193447969923765,42112.0,130642.77305965387, 0.0, 3.552713678800501E-15,0.0,37.21668043825513, 35.90181322772727,35.90181322772727,0.0, 40.10446969931843, -3.4452855413633836, -0.8745434878643096, -3.4452855413633836, 172.61571578986306, 14.41207957270623, -0.8745434878643096, 14.41207957270623, 164.63032246005216, 7.882294847929318, 4.935160335735035, 10.0, 0.0
17, 0 ,1.0,1.0,1.0,188.75346351490236,177.4354367934224,138.51523124357658,6.759192349750193,12.930033639840222,14.740394969509989,28.0,52.0,70.0,0.015230918158315896,0.5166301403293687,0.8560731961902042,15.683411120822363,-0.018870989825903947,-0.8558714876161411,0.5168441568100813,11.771797521704844,-0.9997059091928212,0.02402695962851255,0.003286386460006677,6.7533024313091286,74.92671362904514,66.05156143726072,28.81116584005457,19.53305349795476,6.972195927501995,48650.0,142587.22118008148, -2.8421709430404007E-14, 0.0,0.0,89.1272989275426, 66.45314804164758,66.45314804164758,0.0, 45.686681220921535, 3.0781424234390267, 1.7057283357751447, 3.0781424234390267, 167.18576992739978, 47.490222843496056, 1.7057283357751447, 47.490222843496056, 217.27924385715536, 7.494443300326584, 4.8679186515643575, 9.0, 0.0
18, 0 ,1.0,1.0,1.0,21.2193155050575,9.761784675072745,20.4189275322156,12.132980253855852,6.395704662822057,12.120107063036583,56.0,25.0,47.0,-0.7067785100017642,0.04486634476696642,0.7060107286061147,13.576744949655161,0.707413620284977,0.03708273116142223,0.7058263532094219,10.49587800071864,-0.0054870424627241655,-0.9983045037246209,0.057948340857619685,6.36551527843682,72.85183349412011,56.00759897529809,27.796412505140854,17.28115305684576,6.031002588282309,36085.0,113416.48654530715, 0.0, 0.0,0.0,NaN, 31.02393257005841,31.02393257005841,0.0, 147.20920984045603, -2.7332898411674673, -36.98546189524596, -2.7332898411674673, 40.90503813404381, 6.378137759925829, -36.98546189524596, 6.378137759925829, 146.89699521946926, 7.966049708755323, 4.679687364811473, 4.0, 0.0
19, 0 ,1.0,1.0,1.0,22.294878560313915,39.38714565996888,144.9121033759556,14.082468842962117,13.19309733576991,11.254534314498152,59.0,64.0,59.0,0.8583182968392665,0.33209713202977803,0.39115367339261486,14.55005564447519,-0.4394422790043276,0.8693218393736276,0.22620791986916802,13.434246012312903,0.26491542940044654,0.3660478581902227,-0.892092361126317,10.337079059562454,73.32692526519895,63.829473166007475,50.048449079128375,21.32408715188746,6.657446642598459,73905.0,234247.7124189423, 0.0, 0.0,0.0,NaN, 71.2957586937691,71.2957586937691,0.0, 198.31592871299878, 1.7611519468548142, 27.882789136429224, 1.7611519468548142, 174.0578173110991, 28.097908101037483, 27.882789136429224, 28.097908101037483, 126.66454263621637, 7.6695752056354225, 4.789640877046541, 18.0, 0.0
20, 0 ,1.0,1.0,1.0,121.85875350817768,78.95620826478273,179.46785380173554,11.474900696149975,11.197088370827363,11.677443211916858,55.0,55.0,48.0,-0.300025695677557,0.6549004761765923,-0.6936064793792444,12.563415651964918,-0.8630390073107667,0.1234030905272645,0.48983196007239654,11.641441496524473,-0.40638436706306036,-0.7455716220136008,-0.5281805587625918,10.002411758027385,60.37307892268893,60.89809554242565,50.57710408297936,19.058811705007574,5.492950967486171,61998.0,185952.0604831739, 0.0, 0.0,0.0,NaN, 112.9677221791888,112.9677221791888,0.0, 131.67334598650316, -15.13335082140215, -2.970482987486724, -15.13335082140215, 125.37478798411735, -24.10690307636213, -2.970482987486724, -24.10690307636213, 136.3626799675431, 7.72466984640839, 4.817815898699794, 16.0, 0.0
21, 0 ,1.0,1.0,1.0,170.65660240660242,93.64497889497889,9.420903420903421,13.081978351875883,19.87846129719934,6.5950109159580315,58.0,105.0,26.0,0.22106754508564108,0.9747531688859508,-0.03139108562323811,20.18963001036179,0.9748453221467658,-0.2217962267849075,-0.021977981539395442,12.612909103538891,0.028385531497158806,0.025742834552070548,0.999265514300803,6.563452911034846,111.98055151420034,66.05628845472403,27.660841281393267,22.90632807400503,9.22419016991914,63492.0,204607.78544678818, 0.0, 0.0,0.0,NaN, 98.58585332506506,98.58585332506506,0.0, 171.13815759894925, 53.47126370010768, -5.015215187961381, 53.47126370010768, 395.1532235442521, -10.588978390811626, -5.015215187961381, -10.588978390811626, 43.4941689816056, 7.16970514104541, 4.776543862413871, 14.0, 0.0
22, 0 ,1.0,1.0,1.0,15.609822505600551,101.57890746165776,22.264966396691367,9.793272106325936,11.819524428848753,12.590743775666473,39.0,52.0,54.0,-0.052209355502658886,-0.4321414148795112,0.9002932748521069,12.77390283441654,-0.36095859592543056,-0.8324055076561578,-0.42048776777837016,11.925931425116069,-0.9311192593999651,0.34692199176418437,0.11252580328454573,9.419964496615263,57.44754308175986,65.73084077701262,46.956097878361795,18.994144136425327,5.7756950769478,58030.0,177309.76172741555, 0.0, 1.4210854715202004E-14,0.0,64.39646333617777, 102.10830888690242,102.10830888690242,0.0, 95.90817854854163, 17.751880454021403, 4.620151114145832, 17.751880454021403, 139.70115772415244, -10.23684785680612, 4.620151114145832, -10.23684785680612, 158.52682882448406, 7.834942941622099, 4.862242447551128, 9.0, 0.0
23, 0 ,1.0,1.0,1.0,80.58916040990916,23.205070881201298,41.90596125764057,11.926536925299406,11.665688902131038,13.420765018970393,61.0,49.0,64.0,-0.45424779063516163,-0.027504874673888985,0.8904506873332451,13.93710626002927,-0.5753405621924177,0.7721872717087821,-0.2696480204026351,12.348263643112697,-0.6801780518358319,-0.634799416571976,-0.3665890321882145,10.570003234771836,63.20082846451512,61.18018537069519,60.309500845137535,20.566874686379197,5.954089344390557,77383.0,233195.03191539593, 0.0, 0.0,0.0,NaN, 93.7507209524413,93.7507209524413,0.0, 142.2422830305302, -17.07511193084851, -27.05464610698742, -17.07511193084851, 136.08829756130325, -10.506890391913982, -27.05464610698742, -10.506890391913982, 180.11693369441937, 6.860308208512855, 4.519281903978343, 19.0, 0.0
24, 0 ,1.0,1.0,1.0,152.83624786741407,85.41044662442116,71.28997075310748,10.620115732012172,12.479617500907056,11.549236884078478,47.0,60.0,58.0,-0.28179933490726644,0.8954073675345895,0.3447242100732115,12.825374619967354,0.07179486022256136,-0.3385992360735762,0.938187644011588,11.367192937377363,-0.9567834827647503,-0.2891300805782197,-0.031131392731244812,10.402368687792805,64.09673927129427,55.58008598532454,47.951339513003205,19.288785575729793,5.4640035457840925,65648.0,170826.75634784249, 0.0, 0.0,0.0,NaN, 120.83717903768698,120.83717903768698,0.0, 112.78685816133242, -14.711700261812405, -4.0525501828551125, -14.711700261812405, 155.74085296894566, 10.699895473701707, -4.0525501828551125, 10.699895473701707, 133.38487260455878, 6.954717282555378, 4.372738241745343, 18.0, 0.0
25, 0 ,1.0,1.0,1.0,136.90224599238843,117.67451850997578,121.8953119594049,10.194739260947108,12.147687129751029,14.613970229591867,49.0,60.0,74.0,0.20597577014497276,0.39432503110124467,0.8955901696424479,15.14997284878579,-0.42490058412595455,-0.7883957482399154,0.44485012955673975,12.203412636198085,-0.8814950230844235,0.472165134253079,-0.005158514627665399,9.307103726946808,77.18784470313182,60.90163160562179,48.25400775662415,20.55190830813078,6.53346783619815,69368.0,226835.60910823374, 0.0, 0.0,0.0,NaN, 129.84280402582218,129.84280402582218,0.0, 103.93270859869638, 32.476731490256796, 14.584680405903624, 32.476731490256796, 147.56630260231879, 28.615360878494926, 14.584680405903624, 28.615360878494926, 213.56812587139737, 7.080682327743375, 4.538595366718563, 24.0, 0.0
26, 0 ,1.0,1.0,1.0,118.61755764463776,56.783343466941055,14.491074630123318,14.405352076406325,11.752134124199074,9.412635430883961,71.0,58.0,39.0,-0.9179544024249487,0.346377598827595,0.19334496140082158,14.953663330690091,0.3676332341468264,0.9259267475760473,0.0866340768634793,11.29626733073972,-0.1490151677494619,0.15060616572262958,-0.9772984511534476,9.110808309802016,74.90692623962877,52.938863872189344,44.54456577983566,19.86647565165423,6.28869428859108,64143.0,176640.92196817356, -1.4210854715202004E-14, 7.105427357601002E-15,-1.7763568394002505E-15,32.79165725905438, 100.2867950576957,100.2867950576957,0.0, 207.51416844522404, -29.52516722654812, -23.53442227910216, -29.52516722654812, 138.11265647316435, 12.993958251638025, -23.53442227910216, 12.993958251638025, 88.5977057547321, 7.168170191587925, 4.661892107615446, 16.0, 0.0
27, 0 ,1.0,1.0,1.0,150.87638250279608,151.52278799552627,54.913275133590155,10.110519393074915,14.422495138017542,10.813011862354166,47.0,65.0,49.0,-0.019218203483075885,-0.971971339495818,0.23431256017035976,14.6134426225468,0.5645665657063067,-0.20396741501364096,-0.7997886511443131,10.933758336357908,-0.825163773769468,-0.11691453635608634,-0.5526624083897617,9.698062553879103,67.86438827063536,57.351711098295716,52.439975608184795,19.771774754950385,6.01906279904445,64376.0,204103.6632091748, 0.0, 0.0,7.105427357601002E-15,76.44889597594951, 88.19658533999863,88.19658533999863,0.0, 102.22260239774396, -0.703579798862955, -12.04981913270291, -0.703579798862955, 208.00836600613965, -23.056640279312234, -12.04981913270291, -23.056640279312234, 116.92122553541192, 6.680857110953733, 4.530568560907806, 19.0, 0.0
28, 0 ,1.0,1.0,1.0,10.842380803988782,83.46500467435338,105.50523527578684,7.102878340069214,11.367521375953423,10.728737835067625,28.0,54.0,47.0,-0.04478008373271806,-0.7579769090139,0.6507424601965243,12.988552620275152,0.04284165233123256,-0.6522536952327563,-0.7567890788593246,8.712565832350075,-0.9980778210773049,0.006010196082416635,-0.061680958298573396,7.082791534946063,62.903982200882346,43.79105069499029,29.70171780546227,16.264173997042768,5.500352959048665,32090.0,81817.28668321716, 0.0, 0.0,0.0,NaN, 126.54337117001798,126.54337117001798,0.0, 50.45088071382439, 3.3040509081607867, -4.288828917889333, 3.3040509081607867, 129.220542232758, -45.7607391955528, -4.288828917889333, -45.7607391955528, 115.10581553361153, 8.511670499612848, 4.701018126030354, 10.0, 0.0
29, 0 ,1.0,1.0,1.0,57.034505161336895,69.78043745037176,93.6388219158305,14.26689706543101,10.347702979128314,11.08072751722324,64.0,47.0,52.0,-0.9913501066631426,-0.04822294670592901,-0.12206356307257848,14.309711837768667,0.12755746002177226,-0.5729052039277317,-0.8096349311296537,11.668610743820192,-0.030887868359117443,-0.8182017934003338,0.5741008316181992,9.616522321506908,63.52024744280779,58.59857528015027,53.00692805280503,19.96551750319575,5.897452158384098,69265.0,197302.1756547804, 0.0, 0.0,0.0,NaN, 129.96335329449002,129.96335329449002,0.0, 203.54435187560395, 2.176146026039289, 9.07705501510391, 2.176146026039289, 107.074956944261, 20.921204124680344, 9.07705501510391, 20.921204124680344, 122.78252231094832, 7.463894582602347, 4.565980123793664, 16.0, 0.0
30, 0 ,1.0,1.0,1.0,97.2669598556608,186.9643211547136,139.01314839873703,10.952502320743761,7.802731840728207,12.50767859283922,53.0,32.0,59.0,0.07013747065024586,-0.11712320241054958,0.9906376182378112,12.566607348496339,0.9955174068695185,-0.05494777472441782,-0.07697944318208841,10.95513956424442,0.06344941158573227,0.9915961362923578,0.11274428881097404,7.703716760280335,58.23788931806054,53.34455362475588,34.88108517391893,17.55177756295393,5.40528069822177,44340.0,108364.16771685636, 0.0, 0.0,0.0,NaN, 115.54300701796993,115.54300701796993,0.0, 119.95730708589747, -4.128364219854419, 2.199647325307844, -4.128364219854419, 60.88262417831379, -11.18040593669803, 2.199647325307844, -11.18040593669803, 156.44202378176848, 7.261499989967681, 4.749482422952349, 11.0, 0.0
31, 0 ,1.0,1.0,1.0,46.79209853590518,121.64192423890309,144.8024479045627,10.92243880902065,10.721013089591954,13.407629789599996,51.0,54.0,61.0,0.17565516346020704,0.3756236336221377,0.9099737080895633,13.887930037685265,-0.8241849076071343,-0.44940779292032595,0.34460393749216023,11.246052773011794,-0.5383906589293573,0.8105180574959341,-0.23064253044620694,9.72913275035163,63.279245074902235,55.49979441623623,50.68903544618969,19.507632511623637,5.784168183102691,64545.0,178019.13683878793, 0.0, -1.4210854715202004E-14,0.0,67.93713755786992, 106.65954378162405,106.65954378162405,0.0, 119.29966953680042, 18.265597356291593, 6.6626392196347615, 18.265597356291593, 114.94012166720204, 28.644328390584345, 6.6626392196347615, 28.644328390584345, 179.76453657496924, 7.052555565766079, 4.445867645275613, 14.0, 0.0
32, 0 ,1.0,1.0,1.0,17.405544845313504,139.95582484164143,23.203102910125768,10.187638583289543,10.138533415159845,12.482072538982578,39.0,44.0,52.0,0.1928593497575105,-0.2263390543899393,0.954764842078393,12.672913027903453,0.7352537002368359,-0.6110135998654311,-0.29336730742795425,10.325599359402911,-0.6497747821354342,-0.7585730111448438,-0.04857694168526652,9.754960165923725,59.993813073232964,55.202883972532966,49.54007162428687,18.28342539538062,5.300597173339492,54465.0,164068.3698241554, 0.0, 0.0,0.0,NaN, 66.68313089880941,66.68313089880941,0.0, 103.78797990372975, -8.00455814012989, 9.578809564328335, -8.00455814012989, 102.78985981031276, -12.088374816822409, 9.578809564328335, -12.088374816822409, 155.802134868423, 7.549901186796102, 4.63767063898823, 8.0, 0.0
33, 0 ,1.0,1.0,1.0,112.94976571707822,71.53988558944434,65.17513726392043,9.9948799891716,12.00443978477812,13.475198619793321,48.0,59.0,61.0,-0.05975155039678889,-0.3080558170983197,0.949490055649382,13.650528848376231,0.021526380803340083,-0.9513660180272012,-0.3073098024348991,11.818586333143049,-0.9979811456909843,-0.0020768473592769608,-0.06347692139948717,9.978439639186035,61.985558711423096,62.07711321388466,47.13721824165485,19.815699509926414,5.737876899993671,69574.0,181378.57360193995, 0.0, 0.0,0.0,NaN, 130.1671887851667,130.1671887851667,0.0, 99.89762599794291, 0.7756906334996975, -5.187971013059431, 0.7756906334996975, 144.10657454636376, -13.652549887995137, -5.187971013059431, -13.652549887995137, 181.58097784287983, 7.295826208398445, 4.5125654243762146, 19.0, 0.0
34, 0 ,1.0,1.0,1.0,188.6388328912467,10.314058355437666,46.90275862068965,7.096631899306406,6.743094609232624,10.316644007798594,31.0,29.0,48.0,-0.07012185808720993,0.059481352562833885,0.9957634727763883,10.34279286438939,0.8455431593423293,0.5331883618879967,0.027693617253569194,7.295372812731432,-0.5292822410659456,0.8439029206280134,-0.08768220941399552,6.486048419072815,48.40210072441935,40.856450892275404,31.15911196759488,13.482695641738388,4.525656973214568,18850.0,61618.32956157731, 2.8421709430404007E-14, 0.0,0.0,85.97901362892178, 49.34900894712141,49.34900894712141,0.0, 50.36218431425324, 4.757724630441372, -4.270770255190746, 4.757724630441372, 45.469324909062074, 4.008947955730337, -4.270770255190746, 4.008947955730337, 106.43314358364663, 8.39048259276452, 4.690676964748864, 5.0, 0.0
35, 0 ,1.0,1.0,1.0,172.59520230165109,103.40661206293254,124.29771130867526,12.03432509454485,11.68638953669533,14.07637773533183,52.0,57.0,65.0,-0.3662596921160922,0.051655173568278964,0.9290778121205224,14.45181896535731,0.6480802257359717,0.7306338480001098,0.21486321501495884,12.248530529258348,-0.667716900296104,0.680812693183803,-0.30107842476467706,10.984512711025674,73.00118247597969,65.54017247092295,61.06303573172124,20.962643977516315,6.333138914014259,77162.0,292156.7105879331, 0.0, 0.0,0.0,NaN, 125.7463400785602,125.7463400785602,NaN, 144.8249804811919, 12.236949894840697, -25.922202473672808, 12.236949894840697, 136.5717004033821, 8.842867054901388, -25.922202473672808, 8.842867054901388, 198.14441014774567, 7.586773887445818, 4.673016754877073, 17.0, 0.0
36, 0 ,1.0,1.0,1.0,124.10862365320924,151.34610601042496,162.6430078676337,13.120078360582003,11.316863325406452,11.397510455411304,69.0,53.0,60.0,-0.9768579086987756,0.0902074832839444,0.19393616519935422,13.21894098927942,0.07510547538284487,-0.7043091090562883,0.7059092338734869,11.864962044035838,0.20026930313997504,0.7041386858140328,0.6812348474350934,10.704829335888023,67.75050443471984,57.44822505765816,53.56509877948889,19.916677096094634,5.782479549885518,71559.0,208483.1970885972, 0.0, 0.0,0.0,NaN, 97.58200277375289,97.58200277375289,0.0, 172.13645618781214, -6.685214746139992, -10.006527482987664, -6.685214746139992, 128.07139552592957, -11.965851616954904, -10.006527482987664, -11.965851616954904, 129.90324458120998, 7.261989843139614, 4.366251577100214, 22.0, 0.0
37, 0 ,1.0,1.0,1.0,145.58524835906914,42.72382879015005,82.854768523235,12.491586671182613,10.203686940766659,12.780696943553638,63.0,48.0,57.0,0.37703692120245763,0.04318960064408115,-0.9251906930175946,12.86451756537429,-0.9010454262529258,0.2483185170136722,-0.35560519391146916,12.551074292670943,-0.2143835345329833,-0.9677151298312615,-0.13254104125443467,10.023766808033365,56.810207470499684,59.72834379481051,47.81484584979134,19.773973141983674,5.700102217673185,68711.0,162244.35965104934, 0.0, 0.0,0.0,NaN, 107.94074026832081,107.94074026832081,0.0, 156.0397375636671, -11.706732941425713, -4.400064132742433, -11.706732941425713, 104.11522718517206, -7.6361268574619885, -4.400064132742433, -7.6361268574619885, 163.3462143629613, 7.392620355770437, 4.51207256151468, 16.0, 0.0
38, 0 ,1.0,1.0,1.0,85.0231734143843,34.60705949522258,108.34637537572837,11.34750626724362,11.153183306972355,11.014940610142686,59.0,61.0,55.0,0.6915020966258004,0.2120564082124021,-0.690548282235339,11.984834649366416,0.5069680683725795,-0.8234436167635761,0.25480185961231944,11.602636278564866,0.5145952079185129,0.5262819489089242,0.6769188151026139,9.809734085269959,59.37023504003165,55.380264854929905,48.28587846874433,18.617658432286795,5.279309377914726,59551.0,158761.03943292086, 0.0, 0.0,-1.4210854715202004E-14,46.326474159371266, 129.71883244589134,129.71883244589134,0.0, 128.76589848513325, -9.074990211808577, -17.677687998832745, -9.074990211808577, 124.3934978789268, -14.996672032509258, -17.677687998832745, -14.996672032509258, 121.32891664497053, 6.5465021932717224, 4.24685563661729, 16.0, 0.0
39, 0 ,1.0,1.0,1.0,16.75938641930691,72.16459864273381,170.13944103120107,10.17226092465006,11.243689972408038,10.433139084593206,40.0,56.0,56.0,0.007230161622080476,-0.8427771855023883,0.5382140283935293,11.7665609801044,-0.8910652315109427,-0.24969371981507454,-0.37901952387345555,10.286051910592088,0.45381767038676296,-0.47684343539738794,-0.7527747738621081,9.720649487937894,54.637916014952715,52.65369839323476,50.467788889714,17.690052528109643,5.080146575245391,49806.0,145190.19394170924, 0.0, 0.0,0.0,NaN, 79.87652541484029,79.87652541484029,0.0, 103.47489231916248, 2.2489368777762713, 3.9914279668697428, 2.2489368777762713, 126.42056419562905, -18.86989795554315, 3.9914279668697428, -18.86989795554315, 108.85039115846637, 7.62283029479396, 4.570800760194549, 12.0, 0.0
40, 0 ,1.0,1.0,1.0,185.8240607622406,115.96164383561644,65.34184185541842,9.19973648792585,11.50367382378391,9.721043531639983,39.0,50.0,54.0,-0.01705638665412281,-0.9312258861486044,0.3640431686504393,11.78858275235343,0.6616620292072726,-0.28348162014547035,-0.6941480606794296,9.968642519184709,-0.7496081901764543,-0.22903388397013716,-0.620991981601964,8.55124746753028,54.52800808869487,47.9881306739394,46.6405105619487,16.832975726799496,5.3027613953779005,36865.0,122044.09234693812, 0.0, 0.0,0.0,NaN, 107.3916144638069,107.3916144638069,0.0, 84.63515144727427, -3.877818475035721, -12.465260103777323, -3.877818475035721, 132.33451144401113, -17.15707678330234, -12.465260103777323, -17.15707678330234, 94.49868734403955, 7.494356224426304, 4.8573002115628165, 9.0, 0.0
41, 0 ,1.0,1.0,1.0,50.50673237984796,150.9479126401237,187.28403234119315,15.819545118649849,13.936776008469112,6.854672616866582,72.0,63.0,29.0,-0.9125601274231305,0.398267342520077,0.09282853935872509,16.272113402182715,0.40309364979523815,0.9142815197179608,0.04006010730102187,13.484244016586901,0.06891678556224665,-0.07397585135847426,0.9948758968251045,6.6986385693889225,69.48949931863068,60.86205247110948,31.19142278683313,21.037960260133,6.991601965838302,62088.0,131917.0594953035, 0.0, 0.0,0.0,NaN, 71.54532216399855,71.54532216399855,0.0, 250.25800776099828, -29.451862316124892, -16.4174111828149, -29.451862316124892, 194.23372551024022, 13.14626917587002, -16.4174111828149, 13.14626917587002, 46.98653668442055, 8.825834090054043, 5.33434444920465, 14.0, 0.0
42, 0 ,1.0,1.0,1.0,81.39012508598785,104.95932950541197,76.24160828852607,12.236300683962464,11.952112275681845,11.782805061293173,62.0,63.0,62.0,0.5621421719555644,-0.6018976660838696,0.5671995927994582,13.800702943330203,-0.826939908927129,-0.41976421073311354,0.3741235015488837,11.44176282576897,0.01290602699020984,-0.679350577353399,-0.7337003663055727,10.49005238786199,62.00727942979652,52.37057085380522,52.55597491608971,19.94245384143225,5.8062959082022,71231.0,170667.99310793183, 0.0, -1.4210854715202004E-14,0.0,52.99407079227076, 146.52598521762155,146.52598521762155,0.0, 149.72705442834024, -19.96432462868353, 19.183528902724913, -19.96432462868353, 142.85298785050463, -30.732392649100362, 19.183528902724913, -30.732392649100362, 138.834495112436, 6.311969950277835, 3.9442202868331973, 22.0, 0.0
43, 0 ,1.0,1.0,1.0,49.24824559629502,182.97387101340829,163.06518090076244,11.75120074966381,9.947808308972137,10.381932150470446,53.0,42.0,44.0,-0.9487259362491327,0.053726828945072684,0.3115004425995464,11.922855036161751,-0.22567364903114762,0.5749034469726327,-0.7864842215785082,10.429510612111207,0.2213379814247271,0.816455421018498,0.5333010814430577,9.690457190786116,55.87545045206808,50.87051940918488,52.73903821479999,17.795812922126856,5.305013367431529,49447.0,149906.13767661827, -7.105427357601002E-15, 0.0,0.0,18.427221850805218, 63.87064759711188,63.87064759711188,0.0, 138.09071905889925, -4.388583062462662, -11.61989798282724, -4.388583062462662, 98.95889015205509, -5.915885418250154, -11.61989798282724, -5.915885418250154, 107.78451517697191, 7.293652321428424, 4.488343593419706, 10.0, 0.0
44, 0 ,1.0,1.0,1.0,178.54325678356477,154.61270636495075,88.30669782455196,12.637974076616672,8.869434740106529,12.84156343731319,51.0,41.0,56.0,-0.5670223149641497,-0.09897042417889264,0.817735011767594,13.031122685670201,-0.8189637040647497,-0.03859772067057037,-0.5725457775441036,12.483317129927926,-0.08822780603212482,0.9943415263866268,0.05916741625143893,8.811790276070012,64.4860058464377,60.8714942552694,40.71302171236054,19.2427301209253,5.745289407680469,59482.0,159813.24795393576, 0.0, 0.0,0.0,NaN, 101.57987563315359,101.57987563315359,0.0, 159.71838876123502, 7.64347208437808, -6.072604039920851, 7.64347208437808, 78.66687260900856, -5.731037998315395, -6.072604039920851, -5.731037998315395, 164.905751514539, 7.701635952497942, 4.6074587557009945, 11.0, 0.0
45, 0 ,1.0,1.0,1.0,115.23592906707788,152.41539647707728,63.27657513393828,9.268496951157646,12.326191292541079,10.661213880433232,45.0,54.0,49.0,-0.04266302631155099,-0.900096345063096,0.4335970892314633,12.808157670850528,-0.37103736212803307,-0.3886801813877017,-0.8433617210316671,10.23345163091993,-0.9276373979583893,0.1968610835093645,0.3173871007279726,9.095552413929099,60.50946469344157,52.792233773871345,47.181121450912364,17.96820081950005,5.352127448818528,50583.0,150716.7806257482, 0.0, 0.0,0.0,NaN, 115.98778890140177,115.98778890140177,0.0, 85.90503573361858, 6.294677232322313, 5.378177497411832, 6.294677232322313, 151.9349917803155, -24.527695010464164, 5.378177497411832, -24.527695010464164, 113.6614814043422, 6.40102280208647, 3.9888677825823162, 14.0, 0.0
46, 0 ,1.0,1.0,1.0,99.48635779775879,158.60913761792975,15.074234840767152,11.322889395152359,10.836445371862409,9.64682530862384,49.0,55.0,41.0,0.8091141683106713,0.3435065908996437,-0.4767992078930452,12.487629492617813,-0.21919033874125615,0.9292222957298388,0.29749205118971145,10.639259994055685,-0.5452429348844637,0.13619525368775987,-0.827140251004328,8.340435691335633,63.702047646197656,50.69028225552917,49.140139472564776,17.58375022812221,5.432249902417319,45154.0,158677.18483250792, 0.0, 0.0,0.0,NaN, 108.80244221813109,108.80244221813109,0.0, 128.20782425485373, 15.12095780601177, -36.16840747969372, 15.12095780601177, 117.42854829735823, -2.0861236943637635, -36.16840747969372, -2.0861236943637635, 93.06123853510542, 7.493676679618002, 4.332232825597376, 12.0, 0.0
47, 0 ,1.0,1.0,1.0,95.92299060176742,8.44666152335531,133.20360499368775,11.285713698521679,5.661619039699368,10.810381689498602,57.0,23.0,54.0,-0.8213940370906267,0.006248152704798584,0.5703269206514276,11.707029262300123,0.5691464598495333,0.07420404900950164,0.8188809842408965,10.373021056743823,0.03720407333486361,-0.9972235053880211,0.06450687737692067,5.6241902631695195,67.1438992101115,51.426730292706,24.652924512895645,15.777696493025202,5.229714091832283,28516.0,85126.33128583804, 0.0, 0.0,0.0,NaN, 117.1935348162013,117.1935348162013,0.0, 127.36733368499989, 2.6673049763391883, -13.980883834824674, 2.6673049763391883, 32.0539301506864, 4.99181803883441, -13.980883834824674, 4.99181803883441, 116.86435227264663, 6.574612162455442, 4.16413573711494, 9.0, 0.0
48, 0 ,1.0,1.0,1.0,118.8639373129072,113.21461524916359,56.02560309913717,10.883478680151912,10.420400931788219,11.783753841892729,53.0,47.0,54.0,0.4352764388330156,0.41016875903701844,0.8014337220924015,12.611344538185188,-0.900277741188159,0.1925044159759229,0.39043826471148396,10.438444711899711,0.005866047902468449,-0.891461518485123,0.4530584405374264,9.893663593566096,64.73433118235121,50.24562387317222,48.715050358688615,18.396095641503134,5.241696625666819,56790.0,158451.39395070192, 0.0, 0.0,0.0,NaN, 131.35308095867646,131.35308095867646,0.0, 118.4501081813212, 8.999917802963376, 17.44243414592423, 8.999917802963376, 108.58475557921278, 20.937699408834717, 17.44243414592423, 20.937699408834717, 138.85685460632163, 6.481692948721206, 3.9509948002209296, 13.0, 0.0
49, 0 ,1.0,1.0,1.0,108.27741935483871,51.14129489819263,132.8537634408602,11.360986771750497,10.632908175938711,8.87928043513565,52.0,51.0,40.0,-0.9108630573269707,0.2840277792587702,0.2994273057125801,11.650819875234042,0.31996396202742017,0.9442417812353824,0.07765643291542487,10.594962219910952,0.2606751883104321,-0.16654032298144336,0.950953609289411,8.542689830792625,52.246589306855945,52.27581800062046,42.12704511187704,17.198932677184658,5.016880755743622,43710.0,115058.78396451462, 0.0, 0.0,0.0,NaN, 124.64782761094548,124.64782761094548,0.0, 129.07202042788978, -4.371616150434302, -16.14220396897461, -4.371616150434302, 113.05873627794429, 8.217756966123336, -16.14220396897461, 8.217756966123336, 78.84162104578274, 7.0123456098911445, 4.246021385891382, 14.0, 0.0
