// Sample: .//bubblelabels.tif, Map: .//bubblelabels.tif, Thickness:(8.191250068658265):/gpfs/home/mader/Foam/NewValid/InSilicoTest/LatticeData_Phi_6.65/out_Step_06000.vtk/distmap.tif, Neighbors:(1.0):
//LACUNA_NUMBER, TRIANGLES, SCALE_X, SCALE_Y, SCALE_Z, POS_X, POS_Y, POS_Z , STD_X, STD_Y, STD_Z,PROJ_X, PROJ_Y, PROJ_Z, PCA1_X, PCA1_Y, PCA1_Z, PCA1_S, PCA2_X, PCA2_Y, PCA2_Z, PCA2_S, PCA3_X, PCA3_Y, PCA3_Z, PCA3_S,PROJ_PCA1, PROJ_PCA2, PROJ_PCA3,OBJ_RADIUS, OBJ_RADIUS_STD, VOLUME, VOLUME_BOX, Mask_Grad_X,Mask_Grad_Y,Mask_Grad_Z,Mask_Angle, Mask_Distance_Mean,Mask_Distance_COV, Mask_Distance_STD, SHAPET_XX, SHAPET_XY, SHAPET_XZ, SHAPET_YX, SHAPET_YY, SHAPET_YZ, SHAPET_ZX, SHAPET_ZY, SHAPET_ZZ, Thickness, Thickness_STD, Neighbors, Neighbors_STD
1, 0 ,1.0,1.0,1.0,182.38243819103195,34.8737523034398,20.714027948402947,11.745882486564975,18.258349200070835,13.89633820036182,50.0,81.0,64.0,0.188729367649293,0.9704767272467435,0.15018704224781812,18.47446673818892,-0.47824053540566147,0.22440328688285419,-0.8490754708099145,14.8577453999429,-0.8577104500247181,0.08841994519689153,0.5064728000690404,10.118436966685284,93.48637687641572,77.16830973818807,56.34800627139772,24.393202155896926,8.33144494432118,104192.0,406504.9803397515, 0.0, 0.0,0.0,NaN, 44.222483395459605,44.222483395459605,0.0, 137.9657553881938, 31.057255758261956, 54.83773349527748, 31.057255758261956, 333.36731551172727, 12.270139009072684, 54.83773349527748, 12.270139009072684, 193.10821537883515, 10.124865123072206, 7.034380004129287, 8.0, 0.0
2, 0 ,1.0,1.0,1.0,60.512573665032164,82.90043186828018,32.842381573620045,16.51179348559722,17.970231113025545,17.456677805251957,79.0,85.0,70.0,-0.08715476104471823,0.7897496650463187,0.6072063192906232,18.59667799544335,-0.5489925381250791,-0.5466929720820559,0.6322451955998339,17.040061227365968,-0.8312708588121094,0.27824855944877225,-0.48121356844384783,16.2512772194788,92.96454036068666,89.39934035790023,79.3177483229438,28.878162385298616,8.145911097667403,222290.0,659207.3145386388, 0.0, 0.0,0.0,NaN, 107.7630511953915,107.7630511953915,0.0, 272.63932411101075, 2.2556470958125074, -13.440033094148458, 2.2556470958125074, 322.9292062555513, 30.117546589447187, -13.440033094148458, 30.117546589447187, 304.73559999637627, 10.613623674452999, 6.709589772325728, 20.0, 0.0
3, 0 ,1.0,1.0,1.0,56.62133483139054,152.20979823041992,14.41000733423841,15.828873633360583,22.067609386700013,9.586483003279872,82.0,89.0,41.0,-0.14896890975252064,0.9888205301522738,-0.006497928633184575,22.1906933764585,0.9715197584601284,0.14758076183004465,0.18538952952968463,15.835983698002979,0.18427594213222598,0.021304410037367244,-0.9826436278042209,9.285904840435713,93.77623128823952,75.99767008484248,44.39890894879005,27.115127422762054,9.705830503589617,128166.0,316421.03819702985, 0.0, 0.0,0.0,NaN, 75.48196642005573,75.48196642005573,0.0, 250.55324050089786, -36.24167932432367, 30.030292557661813, -36.24167932432367, 486.9793840439706, 1.8921423215959965, 30.030292557661813, 1.8921423215959965, 91.90065637217387, 9.953439977193433, 6.646062250365382, 11.0, 0.0
4, 0 ,1.0,1.0,1.0,167.29984396333137,184.9823385995709,82.84456797347377,17.775859143800524,8.56913679859352,17.575026478731235,73.0,35.0,80.0,-0.7358166754896047,-0.024555474351084877,0.6767354348272439,18.941634624957956,0.6743624214799462,0.06450943412681283,0.735577227355729,16.341962164247263,0.06171826769384377,-0.9976149365301382,0.03090782821292077,8.511614409632006,87.8130747800965,79.99306546592419,36.61508988801751,25.029567113333957,8.474290508383287,102540.0,257200.39361944413, 0.0, 0.0,0.0,NaN, 90.32193975702653,90.32193975702653,NaN, 315.98116830023673, 13.639809024942451, -46.04639249963369, 13.639809024942451, 73.43010547300962, 4.476433709771381, -46.04639249963369, 4.476433709771381, 308.88155572810405, 10.69677429630123, 6.79876200189091, 12.0, 0.0
5, 0 ,1.0,1.0,1.0,14.240575596294105,113.89570668243643,142.50689532820817,9.115804796417365,18.275128761841994,19.699080203189375,37.0,93.0,103.0,-0.04308361869088859,0.24028434951871028,0.9697459632176196,19.795570683036804,0.05292074143241098,-0.9687356833905386,0.2423851704459471,18.205605198862873,-0.9976688814064224,-0.06176250563438308,-0.029020612864320578,9.04562379695337,95.01788726504117,95.91207764120256,39.03822351018362,26.79331445458243,9.340786355440668,126825.0,355769.5009687373, 0.0, 1.4210854715202004E-14,0.0,76.09667649715362, 104.50933166867159,104.50933166867159,0.0, 83.09789708638584, -16.00675660625121, -9.751641106713183, -16.00675660625121, 333.98033126190455, 13.631466229104394, -9.751641106713183, 13.631466229104394, 388.0537608516875, 11.222400379244355, 6.912909096780195, 16.0, 0.0
6, 0 ,1.0,1.0,1.0,57.861250659592464,148.81173604736054,184.7974165660713,18.630635943717575,22.22510608435214,8.742865524682967,92.0,94.0,39.0,0.10081904166294443,0.9936217180294412,0.05051140760647454,22.28769627627371,0.9931117296996799,-0.09746083638507871,-0.0650421225363288,18.615711135315404,0.05970438150651382,-0.05672095583946801,0.9966032911833984,8.614379103209192,97.83566423373699,91.26943238050194,43.07972448027721,28.389331136882568,10.561226790064271,138343.0,384676.3304868048, 7.105427357601002E-15, 0.0,0.0,84.21366352300353, 78.73551446102857,78.73551446102857,0.0, 347.1005956673412, 15.968370451914007, -15.439614501740175, 15.968370451914007, 493.9553404607066, 22.933012255505243, -15.439614501740175, 22.933012255505243, 76.43769758268998, 9.258032546565289, 6.414897985925945, 17.0, 0.0
7, 0 ,1.0,1.0,1.0,183.5670782348707,176.58564863518077,137.26617573777753,10.75108482742184,14.533547582139915,15.758585442780868,43.0,60.0,77.0,0.028670991328977907,0.46901284635155766,0.8827258488417705,16.2654620930332,-0.35678890988427864,0.8297206260906059,-0.42926140802942064,14.447559624246251,0.9337449587761112,0.30263944322745356,-0.19112749504761284,10.091858562728651,78.24309858774387,73.02189226472262,54.024226644630346,22.79668455799145,7.446745504553107,90305.0,308665.21018234646, 0.0, 0.0,0.0,NaN, 68.94784604422016,68.94784604422016,0.0, 115.58582496642008, -29.45401768016871, 20.488468417788408, -29.45401768016871, 211.22400532232496, 29.298120411451855, 20.488468417788408, 29.298120411451855, 248.33301515742508, 10.579046032331519, 6.754451930842152, 7.0, 0.0
8, 0 ,1.0,1.0,1.0,81.40755900119314,21.924854068688035,43.02090389132331,17.350627891142455,13.649004630052017,19.70065670724215,94.0,56.0,86.0,-0.3300683557405662,0.06411210514558024,0.9417773189626734,20.045766076893624,0.939635041402792,0.11767793051872402,0.3213065415406346,17.02020948875259,0.09022676712978378,-0.9909800919507074,0.09908374160615527,13.562271994548485,95.68104458637293,90.19365544656917,62.08201101235986,28.232742293873244,8.852556290307465,186903.0,535756.7769623607, 0.0, 0.0,0.0,NaN, 94.65034632843393,94.65034632843393,0.0, 301.04428821689044, 7.082476825796004, -35.80586364594316, 7.082476825796004, 186.29532739118142, 17.15507292634949, -35.80586364594316, 17.15507292634949, 388.1158746966051, 9.570753539096255, 6.185454878104098, 14.0, 0.0
9, 0 ,1.0,1.0,1.0,51.8046759225955,183.23982447305949,121.80641680454643,14.675238023276885,9.684300457929757,12.597217283609908,62.0,36.0,58.0,-0.9707651210461017,0.02521681321246155,0.2387031463800926,14.804843712504985,-0.2344370524603927,0.11384428821092352,-0.96544225434535,12.480556167284645,0.05152036678859431,0.9931785289529557,0.10460430886351069,9.637971264396112,63.253609767119116,62.33736817574406,41.170397473914136,20.670695122300256,6.3687151648263685,69505.0,162337.49405059923, 0.0, 0.0,0.0,NaN, 95.28307501378889,95.28307501378889,0.0, 215.36261103983165, -4.769658915959221, -15.034617444234096, -4.769658915959221, 93.78567535945848, -6.150264897704991, -15.034617444234096, -6.150264897704991, 158.6898832904802, 10.911893020972581, 6.5633837360724065, 9.0, 0.0
10, 0 ,1.0,1.0,1.0,169.76505430310266,95.21266379099862,16.578163008780734,16.09456077993851,15.764117474239423,10.417052415974526,66.0,76.0,41.0,0.8209545785338114,0.5575594319466428,0.1231302555495999,16.463662269351747,-0.5605555621272159,0.8280290214366667,-0.0120582514021645,15.460010403811149,0.1086786168140425,0.05912207291675501,-0.9923172571014839,10.2952984644784,79.32750970981877,71.03635442770094,44.38618824425785,23.737423042544314,7.252035216213313,110583.0,250122.25590810456, 0.0, 0.0,0.0,NaN, 101.26420283702319,101.26420283702319,0.0, 259.034886699135, 13.811130263728847, 17.58399802077371, 13.811130263728847, 248.50739974162076, 10.003566013967053, 17.58399802077371, 10.003566013967053, 108.5149810371607, 9.648130396458587, 6.085444797571406, 13.0, 0.0
11, 0 ,1.0,1.0,1.0,88.0555478989512,179.47725988505906,79.3157292685952,16.30218293200038,11.808355563291405,18.858742591658427,83.0,53.0,88.0,0.5302956543529432,-0.11300499007815265,0.840247815344866,20.495832007893096,0.8477928544297404,0.07747714837751644,-0.5246375581838962,14.33143673907376,0.005813342606160934,-0.9905691110148372,-0.1368906181994167,11.63535100003876,90.76614590687487,72.62318091840996,58.135931600387096,26.299822319144077,8.316847213773194,145118.0,383216.1455532825, 0.0, 0.0,0.0,NaN, 120.27446647987671,120.27446647987671,0.0, 265.7611683484045, -12.462321641240036, 95.71680912337452, -12.462321641240036, 139.4372611091151, -29.87834791971159, 95.71680912337452, -29.87834791971159, 355.65217213843164, 10.185855244503905, 6.2339729075661126, 15.0, 0.0
12, 0 ,1.0,1.0,1.0,154.94050676254065,181.5263164330961,181.95969379020227,17.833669359579897,11.885735479577646,10.667299002835847,79.0,54.0,47.0,-0.9929228062478551,-0.11419527039153897,-0.032615043355593655,17.914751747180382,0.07268375318251882,-0.8015054926655184,0.5935537189255139,12.982453749195122,-0.09392216381763498,0.5869824404930771,0.8041332238482658,9.144359092911834,80.45197578208266,70.9602701338896,49.62810262654148,22.633625704462236,7.798764402358922,81774.0,283321.57405556634, 0.0, 0.0,0.0,NaN, 51.93349173211837,51.93349173211837,0.0, 318.03976282681884, 21.96149790210844, 11.349193023324917, 21.96149790210844, 141.27070789049083, -39.51794287960227, 11.349193023324917, -39.51794287960227, 113.79126801590266, 10.28314319387048, 6.646033152982189, 7.0, 0.0
13, 0 ,1.0,1.0,1.0,21.624986840720076,45.06918491420149,57.27994394146752,12.483165775098083,16.8355174515472,17.064995653296723,54.0,85.0,83.0,0.27300629865391135,-0.6293325538513511,-0.7276043550984477,17.31545391866888,0.09283154319002754,-0.7355721802494966,0.6710557892097805,16.963772647802806,-0.957522775438919,-0.2507470923180149,-0.14239392616896063,11.953393887138432,80.6609766483561,77.83962166301319,63.71093587451966,25.90790155080762,7.697973078092999,151984.0,400016.7501655972, 0.0, 0.0,0.0,NaN, 76.02541326838984,76.02541326838984,0.0, 155.82942776858013, -36.857799088260926, -22.149221728025275, -36.857799088260926, 283.4346478613504, 0.34707857047761825, -22.149221728025275, 0.34707857047761825, 291.214076647036, 10.993992914446189, 6.260848890496461, 13.0, 0.0
14, 0 ,1.0,1.0,1.0,133.30627111348784,117.28367397513989,117.052452751438,13.141830232969207,17.151875904024347,17.57434019812396,68.0,87.0,87.0,0.34004146015558195,0.783790383427176,0.5196580031350818,18.023597260976388,0.1703080126566986,0.4921238660983484,-0.8537032747045903,17.412212883096082,-0.9248605225655304,0.37879642984523476,0.03385673546457832,12.153878664298785,87.23887688294272,86.30448304547933,64.73865705294546,26.690794998692922,7.959487711905775,153338.0,487424.2223099116, 0.0, -1.4210854715202004E-14,-1.4210854715202004E-14,22.82747906084878, 134.7974022687046,134.7974022687046,0.0, 172.70770187218346, 60.23999803770401, 8.696446160998148, 60.23999803770401, 294.18684702705104, 6.830325230654332, 8.696446160998148, 6.830325230654332, 308.8574333993957, 9.306774442089175, 6.194324265220892, 28.0, 0.0
15, 0 ,1.0,1.0,1.0,78.03695023132077,91.63685692546083,159.21744153110473,14.228401849996109,17.213679382640308,18.344190868515625,76.0,83.0,84.0,-0.06728382886495748,-0.03643669592124134,-0.9970683294356582,18.359145161349065,0.2303496623716453,0.9717675997976113,-0.05105648860682193,17.378563912141324,-0.9707790270800764,0.2331096290888314,0.05699106427789674,14.00695616506217,85.31244686244435,82.41774832580583,76.84396200537262,27.671517097262107,8.339943480001878,180053.0,540309.8589667791, 0.0, 0.0,0.0,NaN, 127.08381574320106,127.08381574320106,0.0, 202.4474192049727, 24.03268476990032, 8.20551371814732, 24.03268476990032, 296.31075788833596, -0.13269751400271387, 8.20551371814732, -0.13269751400271387, 336.509338620532, 9.95392001589764, 6.316157404067697, 22.0, 0.0
16, 0 ,1.0,1.0,1.0,119.36408218046665,50.32343932824007,14.209950788079015,16.919259109381137,18.391021829260392,9.29802926566924,79.0,93.0,39.0,-0.571216716303447,0.8200463567005822,0.0351487677964515,19.71696900072972,-0.819463361435476,-0.5673216706818914,-0.08139976191351861,15.398531267199095,-0.04681092052478302,-0.07530003211691762,0.9960615658094701,9.223379488956612,97.81832662411713,71.62637587851461,42.75183543398957,25.300513534992042,8.415959590305691,116232.0,299535.27259130107, 0.0, 0.0,0.0,NaN, 96.10682852857659,96.10682852857659,0.0, 286.26132881037665, -71.56969944156924, 4.044646074661647, -71.56969944156924, 338.2296839243322, 15.774761770191668, 4.044646074661647, 15.774761770191668, 86.45334822524164, 9.534327708358049, 5.886752671334153, 9.0, 0.0
17, 0 ,1.0,1.0,1.0,49.12179053237271,13.084933030317682,118.97216043711619,15.764096702409805,8.369782106404406,15.713079320324354,69.0,34.0,73.0,-0.7264828853414387,0.09063739956677834,0.6811809444675843,16.83096448440648,0.6736221682373889,-0.102037008526628,0.7319983766034567,14.678343405696639,-0.13585209518125627,-0.9906428774743746,-0.013072778746461912,8.16858179046458,82.9134592406773,77.92699569947713,38.15426848471073,22.541299401341806,7.5730231993221935,82724.0,246522.23674065436, 0.0, 0.0,0.0,NaN, 95.65394169475003,95.65394169475003,0.0, 248.5067448429277, -24.482166001166178, -33.82972917658665, -24.482166001166178, 70.05325250868736, 2.2616121170251495, -33.82972917658665, 2.2616121170251495, 246.90086172680486, 8.636705985910732, 5.6886369720898555, 9.0, 0.0
18, 0 ,1.0,1.0,1.0,186.58583988294856,27.958099726793645,172.04549986404422,7.927467896197491,15.49047585151402,15.109199745296864,32.0,71.0,59.0,0.01031190204855568,0.7759837387199452,0.6306686149780697,16.217449653426492,-0.04644037528985677,-0.6296499397045755,0.775489680764974,14.337605327956455,-0.998867837213251,0.037285260790829944,-0.02954408754186784,7.906636863622323,80.76980806274082,73.63121278291254,33.60006044925859,21.89998058464934,7.1748419276834525,77231.0,199825.57134568653, 0.0, 0.0,0.0,NaN, 41.749839638379264,41.749839638379264,0.0, 62.84474724524188, 5.787310508231442, -3.848009754485686, 5.787310508231442, 239.954842106339, 28.267447495954173, -3.848009754485686, 28.267447495954173, 228.28791694327882, 8.824600579907063, 5.6443806240529275, 9.0, 0.0
19, 0 ,1.0,1.0,1.0,22.736343046447164,178.336260225813,41.31990737610709,14.692201923570028,12.643426876067458,17.262604591790826,65.0,54.0,74.0,0.33727911709388686,-0.30747426933410743,0.8897765848064475,18.362838443648478,-0.9093864552913791,-0.3508153489756838,0.2234834800508751,14.325875015505394,0.24343186337237968,-0.8845270852950328,-0.397935627048553,11.458186032637165,86.56692989466035,76.05062963135819,65.78941707569098,24.65599823367693,8.111492398247067,118328.0,433122.6223026001, -3.552713678800501E-15, 0.0,0.0,70.28881038359262, 51.899842598022275,51.899842598022275,0.0, 215.86079736295483, 2.235866798432168, 46.7651905746726, 2.235866798432168, 159.85624317046492, -62.12891956753954, 46.7651905746726, -62.12891956753954, 297.99751729251767, 9.999991352896256, 5.967072698118843, 7.0, 0.0
20, 0 ,1.0,1.0,1.0,109.91924448438813,71.25184820108427,63.18603049894181,12.910545437792889,14.46760386559489,16.927546225136112,62.0,72.0,80.0,-0.14415346598326495,0.25260608578407895,0.956770580478862,17.18161681878858,-0.046435799837490084,-0.9675308651954613,0.24845068200263448,14.263943435165928,-0.9884652218153476,0.008613380228929867,-0.15120289330091422,12.801075247334456,76.82173272210659,70.58758512557942,61.26761699209372,24.75148291368494,7.063969131509173,137972.0,332233.492597375, 0.0, 0.0,0.0,NaN, 131.0871574050906,131.0871574050906,0.0, 166.6821835013148, -3.0038189440141623, -18.571487317577272, -3.0038189440141623, 209.31156161177623, 22.22574734165487, -18.571487317577272, 22.22574734165487, 286.5418212041198, 9.009842481326446, 5.6838307463842845, 11.0, 0.0
21, 0 ,1.0,1.0,1.0,141.01279086628355,40.61620532545734,86.5195030183697,15.318792015700497,12.84658990857754,16.663919894094587,87.0,66.0,86.0,-0.4016663939519808,0.04789724593415616,0.9145326466570426,17.01058230870725,0.876876873804295,0.30811136658633015,0.3689909673250964,15.17087704922821,0.26410425243986274,-0.9501437994389202,0.16575796883092636,12.564675340499402,77.21541900374308,76.53300087653216,64.30281631277893,24.918128460852927,7.514876003280603,131031.0,379999.27613644995, 0.0, 0.0,0.0,NaN, 112.31558831689479,112.31558831689479,0.0, 234.66538882028928, 16.999826299688934, -24.912392388509566, 16.999826299688934, 165.03487227916628, 13.977725021489562, -24.912392388509566, 13.977725021489562, 277.68622623680136, 8.850052141101143, 5.677619819113558, 13.0, 0.0
22, 0 ,1.0,1.0,1.0,54.795448554608555,76.40437411635021,93.4243036640014,14.212869313870543,14.969098529377066,14.38302276629944,69.0,75.0,64.0,-0.17320000297873672,0.7883665645041897,0.590321877402512,16.21199725907338,-0.8563627881007888,0.17550130547361217,-0.4856357348191142,14.645063672247105,0.48646123599358737,0.5896417995265588,-0.644730962593447,12.475743012697674,76.45827960200413,72.0759746201253,64.57235224491403,24.18288568903013,6.938223732524972,125191.0,355845.64291045297, 0.0, 0.0,0.0,NaN, 132.54535103697717,132.54535103697717,0.0, 202.00565413316292, -23.477828179569876, 13.508827058077191, -23.477828179569876, 224.07391078219862, 44.86830563949217, 13.508827058077191, 44.86830563949217, 206.871343895888, 8.711069208635804, 5.612846005459669, 11.0, 0.0
23, 0 ,1.0,1.0,1.0,117.55608265895104,150.9883678235199,159.53491121653178,16.458207626269363,12.940151747250766,15.367245305105913,77.0,68.0,77.0,-0.9355055755041446,-0.352399614762778,0.025373799788471294,16.968223672122697,-0.03993034818025651,0.034098411844834864,-0.998620481265963,15.372080005096983,-0.35104826661708977,0.9352282126971498,0.04597069371274537,12.257687200621506,84.51264075120666,78.74045053410643,63.997363697372606,24.909377497885092,7.348147143765124,136174.0,425874.5147059359, 0.0, 0.0,0.0,NaN, 104.09881365987923,104.09881365987923,0.0, 270.872598269391, 45.26866240935644, 0.16335264469977123, 45.26866240935644, 167.44752724187705, -4.161122539052999, 0.16335264469977123, -4.161122539052999, 236.1522282672997, 9.15858061910017, 5.778092935129573, 15.0, 0.0
24, 0 ,1.0,1.0,1.0,183.88271560685354,20.54366621263173,114.49606423399527,10.254117696072813,11.571205597323354,16.02678200195556,41.0,44.0,81.0,-0.2299520968660603,-0.3205332271225564,0.9189017811808294,16.81744228683364,-0.21492863756036099,-0.9041645269287053,-0.36917772007562377,10.9117545217077,-0.949172120272898,0.28239149872860597,-0.13902275908088862,9.695603035688857,92.03348416466704,53.84955209425743,46.914621688196235,20.997250614568483,7.417070625769595,69745.0,232507.0776368582, 2.8421709430404007E-14, 0.0,0.0,76.70574849309725, 89.40208112310727,89.40208112310727,NaN, 105.1469297249136, 18.787786789294223, -37.91008953424517, 18.787786789294223, 133.8927989755273, -47.24973494335985, -37.91008953424517, -47.24973494335985, 256.8577413382067, 9.162504080258627, 5.8246840950266074, 8.0, 0.0
25, 0 ,1.0,1.0,1.0,174.72817352186362,61.35603095490532,113.81898712854608,14.347977839792016,11.851759749138832,14.83286835976269,62.0,56.0,75.0,-0.6211373214230239,-0.008529719388602489,0.7836553271831836,15.636475210745814,-0.7442823689926117,0.3195597810884559,-0.5864514485594219,13.661610490171226,0.24542245851220923,0.9475277252924319,0.2048390262132027,11.627712707970321,83.45607081630945,73.50281754768329,59.67319448440247,22.788136742852682,6.858825322862328,100921.0,366050.67197935225, 0.0, 0.0,1.4210854715202004E-14,38.403517056199334, 108.76761801027934,108.76761801027934,0.0, 205.86446809116273, -11.654591242794702, -30.749464691220343, -11.654591242794702, 140.46420915130736, -10.36998272426721, -30.749464691220343, -10.36998272426721, 220.0139837780491, 9.605510278799022, 5.6382007397746, 10.0, 0.0
26, 0 ,1.0,1.0,1.0,11.407568266181753,24.74412768067808,170.52376730136308,7.122469830120651,14.0487109089334,16.060013753069246,29.0,52.0,61.0,0.03243239682251621,-0.2923563651059766,0.9557593292342833,16.25657084275668,0.040131042557858675,-0.9551103205908946,-0.29351963294467526,13.837149540598027,-0.9986679323276412,-0.04787516352743257,0.01924395119655577,7.090634207043653,72.69025138601917,65.74969143340533,29.02360506238174,21.335874050300447,7.127438175275262,66541.0,138714.303495261, 0.0, 0.0,0.0,NaN, 40.1404130836927,40.1404130836927,0.0, 50.7295764809789, -7.440837118468155, 4.970340553749317, -7.440837118468155, 197.3662782027843, -20.21448938138907, 4.970340553749317, -20.21448938138907, 257.9240417487733, 8.579302693597612, 5.21639732533138, 5.0, 0.0
27, 0 ,1.0,1.0,1.0,98.38597782959054,184.7555255586916,141.7969348659004,13.15110457391957,9.234467643702054,14.988176462542574,63.0,37.0,63.0,-0.31095112457545704,0.04935770629144781,0.9491434111634058,15.234690038208033,-0.9201218586316001,-0.2658004832079098,-0.28762104998551785,13.135384183181772,0.23808646201241435,-0.9627636885321808,0.1280660636168789,8.845240508262433,69.91429194122145,66.83457829842004,42.28518459790334,20.985234442963357,6.518612829650691,73341.0,197585.65304639476, 0.0, 0.0,0.0,NaN, 115.32472165793693,115.32472165793693,0.0, 172.95155151416824, 20.701470971006092, -20.452906725895236, 20.701470971006092, 85.27539266258016, 14.417066063260613, -20.452906725895236, 14.417066063260613, 224.64543367231525, 9.468512132466616, 5.60382136764717, 7.0, 0.0
28, 0 ,1.0,1.0,1.0,175.6271084067827,150.2208290456803,92.55887879736925,14.42465274828811,11.036742547328553,13.91233854759999,60.0,51.0,67.0,-0.7681926518463044,-0.11074974614678794,0.6305668429102224,15.282740190838997,-0.6386891535513384,0.20061298907481095,-0.7428530095182663,13.100542473444527,0.04422911693916085,0.9733904264697142,0.22484408569471037,10.874148058056553,75.62394197139116,65.93048792647693,52.480775277299074,21.89856628087842,6.624669929114515,89404.0,261665.12514297297, 0.0, 0.0,0.0,NaN, 107.88489120233751,107.88489120233751,0.0, 208.07060690869577, 2.9715001423302603, -30.533355315794132, 2.9715001423302603, 121.80968605601234, -16.00761648356286, -30.533355315794132, -16.00761648356286, 193.55316386303662, 9.409785337484802, 5.542575151745836, 8.0, 0.0
29, 0 ,1.0,1.0,1.0,20.091326048833132,75.4879555221522,175.2856275654738,11.71074015780966,15.470144128394207,14.180568177184686,48.0,72.0,58.0,-0.008661972101159347,0.8253275429245098,0.5645878294202867,16.520610227818793,-0.05408624452315412,-0.56416920225788,0.8238857866094607,12.945379433916816,-0.9984986972413635,0.02339995969866957,-0.049525685188600066,11.706489535177537,82.83134180173727,66.78429186411233,49.85239382498975,22.96072892842457,7.096494578327258,103782.0,275775.09268209885, 0.0, 0.0,0.0,NaN, 81.93224649762399,81.93224649762399,9.5367431640625E-7, 137.1414350437358, -0.03954291147795497, -2.0254878308912896, -0.03954291147795497, 239.32535935328974, 49.12425598328285, -2.0254878308912896, 49.12425598328285, 201.088513827783, 8.538928546901795, 5.146685643505598, 8.0, 0.0
30, 0 ,1.0,1.0,1.0,89.1448154478837,34.23904618456904,104.62088544399127,13.286229132099269,15.272554945628306,13.838084836502256,67.0,69.0,61.0,-0.3700697562060705,0.7757644472209567,0.511114368776248,16.55876244283209,-0.5448146871838757,-0.6268620275413901,0.5569748244359284,13.099029245074513,0.7524794563111439,-0.072343077448093,0.6546305423481433,12.469572176247608,82.48101574870537,62.572621384108814,63.54224443482529,23.55224423290333,6.823430416861485,118178.0,327944.9147663103, 0.0, 0.0,0.0,NaN, 134.96772169061214,134.96772169061214,0.0, 176.5238845506433, -28.58130985803375, -27.33611021923195, -28.58130985803375, 233.25093456723565, 41.44673277773606, -27.33611021923195, 41.44673277773606, 191.49259194223367, 8.213305934908309, 5.210686270472996, 9.0, 0.0
31, 0 ,1.0,1.0,1.0,104.76480535655115,162.1046629874656,18.305156594568036,11.334466183716968,17.954093412161242,11.102424533173513,54.0,83.0,44.0,-0.07906963456085014,0.996367243521869,-0.031627660789988896,17.998043098418766,-0.7299940470232475,-0.03626652854922181,0.6824906081534089,12.44681296473951,0.6788642605123905,0.07705228707586514,0.7302097375791041,9.758622653095143,83.50499187090452,67.19076773653161,53.88989651557975,22.67785905597527,7.732925259858845,87519.0,302363.5190132878, 0.0, 0.0,0.0,NaN, 104.11953526606239,104.11953526606239,0.0, 128.47012366982347, -16.437123562495053, -29.16768537868813, -16.437123562495053, 322.3494702526117, -8.684414063303372, -29.16768537868813, -8.684414063303372, 123.2638305148131, 8.090718074725382, 5.2530551383147035, 11.0, 0.0
32, 0 ,1.0,1.0,1.0,153.51300333185503,89.43475591034695,68.74279898566051,10.711557514505447,12.731273063610587,14.98366221832251,52.0,62.0,69.0,-0.09443372316728363,-0.2571265789806548,0.9617526679507937,15.202842603634243,0.28486896048642785,-0.9326534390023529,-0.22137578473822728,12.677129552525162,0.9539035314328941,0.25306814319228127,0.16132131793741383,10.464075437284306,69.34298640515976,65.5632142844718,48.21588462249625,21.510082249789267,6.2168539702006465,87939.0,219206.24254090438, 0.0, 0.0,0.0,NaN, 122.00487218283699,122.00487218283699,NaN, 114.73746438655813, -10.65306796055776, -14.276258436417287, -10.65306796055776, 162.0853138202165, -19.504300604052382, -14.276258436417287, -19.504300604052382, 224.5101334727854, 8.055298631055614, 5.080902575199177, 9.0, 0.0
33, 0 ,1.0,1.0,1.0,152.95912831414077,49.606528514978024,157.53490525437212,12.28792814757941,11.454007942246506,12.562475142850916,55.0,56.0,57.0,0.6714175843068888,-0.18241960828815892,0.7182767669885307,12.915930131382312,0.5465776260487222,-0.5326266759683624,-0.6461901598986446,12.354113296450564,-0.5004511226747765,-0.8264574463085724,0.2579084396732065,10.979885760588834,59.54262968204844,59.85014412148844,56.33032307778177,20.2143473791711,5.6020904892616015,76679.0,200740.70906987746, 0.0, 0.0,0.0,NaN, 80.47941073360288,80.47941073360288,0.0, 150.9931781600744, -15.00150157975531, 10.985568318147177, -15.00150157975531, 131.19429794104605, 4.974707891725989, 10.985568318147177, 4.974707891725989, 157.81578171474715, 8.205535316730721, 5.033541026630766, 13.0, 0.0
34, 0 ,1.0,1.0,1.0,120.56060666693345,79.20622407192498,178.7716461909907,12.584659822965484,11.993801103119681,12.687512979128192,60.0,55.0,52.0,0.48484225722220764,0.40548842503521176,-0.7749239464451577,13.90741804206382,0.7584642178537792,-0.6361274127903711,0.14168254985030476,12.653502099463953,0.4354997311676891,0.6564457722151099,0.6159699118412992,10.472369425237153,68.73147715533905,59.4507613868995,58.038090577082755,20.61855004838443,6.1703571419177345,74967.0,237151.68497075685, 0.0, 0.0,0.0,NaN, 114.17042590048496,114.17042590048496,0.0, 158.37366285976168, -7.872330212904211, -26.044205776792182, -7.872330212904211, 143.8512649011949, -30.860934145860487, -26.044205776792182, -30.860934145860487, 160.97298559554633, 8.49664165069198, 5.080641931993645, 10.0, 0.0
35, 0 ,1.0,1.0,1.0,48.66715110569936,31.524804587768568,11.030558937900153,12.644051833184893,13.45358329838652,7.497900841777243,59.0,59.0,31.0,-0.5765964709415736,0.8137541892494019,0.07307960848808862,14.187166314967016,0.8075509123296981,0.5812079761808279,-0.10029363100046931,11.884896986393493,0.1240888137311148,-0.0011865508144660933,0.9922704058894278,7.3866773947624775,70.57987953788731,58.93262305526753,33.85904327340673,18.92662137056116,6.23477913445541,50918.0,140835.24932254947, -7.105427357601002E-15, 0.0,0.0,54.788489137961186, 59.025233006947616,59.025233006947616,NaN, 159.87204676026624, -28.151392667553726, -13.203132234582315, -28.151392667553726, 180.9989035666247, 3.6716761078880418, -13.203132234582315, 3.6716761078880418, 56.21851703312389, 8.077844228487068, 4.877273380339458, 2.0, 0.0
36, 0 ,1.0,1.0,1.0,11.274801558666475,174.17604271900709,137.06713811516812,7.111651577430154,13.888237396588924,16.52120294726609,29.0,54.0,74.0,0.032359176833147735,0.1285086564678437,0.9911803109866086,16.56856506507758,-0.03018769598365807,-0.9911215509721794,0.129486579264804,13.844844881871614,-0.9990203134500717,0.034111529009000455,0.028192497278332784,7.086028143377216,77.39954192063746,59.72718376187811,30.85254794213341,21.56214579309717,7.175147508225669,69290.0,142626.90683651462, 0.0, 0.0,0.0,NaN, 68.9531944499541,68.9531944499541,0.0, 50.575588158764795, 5.165434703238357, 6.641342519109335, 5.165434703238357, 192.88313798401109, 10.415414190665029, 6.641342519109335, 10.415414190665029, 272.9501468247538, 9.971495809108513, 5.932453643382139, 8.0, 0.0
37, 0 ,1.0,1.0,1.0,46.335362671769005,22.741025195017194,166.8162623600091,11.993067288150074,13.204210896228753,11.515071801077342,52.0,52.0,55.0,0.3507119629472427,-0.9163197486357872,0.19328537788912012,13.408450025983221,0.758583133543402,0.39899825712069326,0.5151233059356972,12.084860928205678,-0.5491381871161071,-0.034036878157331946,0.8350381682151647,11.17816314073053,64.03238877445109,65.50136245495503,61.33022737987852,20.39498909977198,5.901368195116054,74737.0,257231.77361592356, 0.0, 0.0,0.0,NaN, 61.36188152757802,61.36188152757802,0.0, 143.8336629780954, -11.237928408792225, 11.959340088694123, -11.237928408792225, 174.35118539208614, -5.376710893158448, 11.959340088694123, -5.376710893158448, 132.5968785839666, 8.03125886725102, 4.886110330864913, 6.0, 0.0
38, 0 ,1.0,1.0,1.0,114.5306886227545,154.86765245020163,61.577645728950266,10.045027511164884,12.329303369191031,13.898647049754858,51.0,55.0,60.0,0.15102820981740453,-0.4322810902199492,0.8890014279390122,14.573585512831633,-0.3966814116761492,-0.8502351613932105,-0.34604050046386037,12.008684495313702,0.905447037363295,-0.30038846410758363,-0.29988736745838324,9.459851535592955,62.4395491267478,55.69545816920717,47.93134472702238,20.2432304894034,6.024807750968364,65464.0,166686.01070265353, 0.0, 0.0,0.0,NaN, 114.6025236902593,114.6025236902593,0.0, 100.9025777000594, 10.431685907178538, 24.0124191881113, 10.431685907178538, 152.01172156954533, -31.131114466032614, 24.0124191881113, -31.131114466032614, 193.17238981365944, 8.019965321265346, 5.007338345526628, 9.0, 0.0
39, 0 ,1.0,1.0,1.0,35.000740292780584,54.32069274721608,128.07020269424865,14.276850860280433,13.055331800531814,12.331337120737064,70.0,63.0,60.0,-0.9097770243081085,-0.2537393073126325,-0.32851503765518625,14.492649411916316,-0.38343652073286955,0.8168617637332135,0.43094465250068414,13.438451161101112,0.1590037754562918,0.5180282066404964,-0.8404549818494007,11.649170678976123,71.49397687494951,64.90011834884235,53.67490870905417,22.044709732415217,6.35317297949654,95908.0,249049.83521817395, 0.0, 0.0,0.0,NaN, 96.6937703372177,96.6937703372177,0.0, 203.82847048669015, 3.09982723875962, 14.799099299419316, 3.09982723875962, 170.44168842197723, 21.998100009727633, 14.799099299419316, 21.998100009727633, 152.06187518526787, 8.389247978137137, 4.931439659674943, 6.0, 0.0
40, 0 ,1.0,1.0,1.0,58.848373751783164,144.2117689015692,86.65072753209701,12.015298952179391,12.392174196717267,10.913454385841751,61.0,59.0,51.0,0.5803552589963902,-0.7822998296664163,0.22626256840036196,12.896423872797595,0.7898771730844941,0.6083616474890224,0.07739610652022752,11.5877421119132,-0.19819642982475966,0.13380240045805575,0.9709866594533527,10.790892498065514,56.78022910403101,52.97040023439894,49.15823475149028,19.66753393705245,5.497725502314113,70100.0,147851.8197372304, 0.0, 0.0,0.0,NaN, 118.67521394193145,118.67521394193145,0.0, 144.36740891024317, -14.07453792218578, 7.639295049053634, -14.07453792218578, 153.56598132178524, -7.988388733437599, 7.639295049053634, -7.988388733437599, 119.10348663184857, 7.370646349692481, 4.689669191736708, 11.0, 0.0
41, 0 ,1.0,1.0,1.0,130.68213544614224,120.04597760285367,183.61806520210595,15.294128497291078,10.359759498441374,9.385295612421428,71.0,50.0,37.0,-0.983056158256061,-0.09082931269555333,0.15921879810526995,15.473624934155012,0.00496286490217101,-0.8814720546374026,-0.47221010881309805,10.716578137347708,0.18323744073413628,-0.46341887407459825,0.8669873052499871,8.662600158898695,71.59113366280556,54.6808468041377,43.6640021461145,19.670929559179896,6.509476735304985,58311.0,170929.88910378533, 0.0, 0.0,-2.8421709430404007E-14,80.8384446096916, 107.0793156100318,107.0793156100318,1.3486991523486091E-6, 233.91036649165108, 14.50452221482897, -25.824152586630085, 14.50452221482897, 107.32461686554628, 14.190786767387847, -25.824152586630085, 14.190786767387847, 88.08377373253693, 7.71465357392707, 4.95422068284125, 6.0, 0.0
42, 0 ,1.0,1.0,1.0,125.243409971366,10.420182752231767,42.97328196058616,9.489259437024264,7.102416475498341,18.686715725172117,44.0,29.0,84.0,-0.14214952112201468,0.013684778632472543,0.9897505950887643,18.83527677275512,0.9282851299099001,0.348963157197928,0.12849681905251217,9.488217982558476,0.3436280419769923,-0.9370365210343907,0.06230832219554477,6.699983392303647,87.5730546995036,48.7133941159931,33.170574359193566,20.451477551912138,8.451081291267533,47496.0,141505.03093703376, 0.0, 0.0,0.0,NaN, 86.8552296857432,86.8552296857432,9.5367431640625E-7, 90.04604466315406, 14.018596665012897, -38.21355719947672, 14.018596665012897, 50.444319791430274, 6.221096764202991, -38.21355719947672, 6.221096764202991, 349.19334459339484, 8.335536698634593, 4.581976939455596, 4.0, 0.0
43, 0 ,1.0,1.0,1.0,170.88744149627178,103.72261669602976,121.07394159414874,8.177124072409397,12.735715475615907,16.802257931522934,43.0,54.0,72.0,-0.12108436075608695,0.006119373016195421,0.992623358003517,16.89976855305865,-0.17383968285757276,-0.9846576478559522,-0.015135428066681327,12.860291306559942,0.9773015615685199,-0.17438999338457395,0.12029043171865275,7.771126606375284,71.20353866224409,55.943001193022724,39.65154563880125,21.528052003499074,6.922619107209306,56193.0,157945.57386057818, -2.8421709430404007E-14, 0.0,0.0,83.04531176091206, 127.85225181425805,127.85225181425805,0.0, 66.86535809557724, 17.805679543758067, -26.792204000801075, 17.805679543758067, 162.19844867584249, 2.9327768161157532, -26.792204000801075, 2.9327768161157532, 282.3158715974253, 9.374582157430758, 5.470636769033905, 9.0, 0.0
44, 0 ,1.0,1.0,1.0,48.506497002763915,183.34857676154923,164.44818550558168,15.120877176809232,9.89001937598649,9.216824455191118,62.0,43.0,42.0,-0.9949404027672322,0.03316820402390601,0.0948338820422648,15.163821384353376,-0.08384018420480324,-0.7942161054187071,-0.601823563352289,10.821692120975717,0.055357189721681924,-0.6067294686558178,0.7929785201446174,8.022017424163758,63.345188266581445,52.94102129194002,40.8203353096316,19.321556567673767,6.170957356316014,55718.0,136893.40125896686, 0.0, 0.0,0.0,NaN, 62.40257736015954,62.40257736015954,0.0, 228.64092659615034, -1.951598851137571, -12.962045356133054, -1.951598851137571, 97.81248325738821, 25.73718261801205, -12.962045356133054, 25.73718261801205, 84.94985303780905, 8.613530643373378, 5.1884586637634635, 5.0, 0.0
45, 0 ,1.0,1.0,1.0,118.38943679503629,116.04586453206687,51.27995557172677,12.417871611799386,8.816701110567603,11.019504798366176,58.0,39.0,55.0,-0.9925484679761398,-0.07990578207648974,-0.09199241658399104,12.450144644116309,0.089564645751612,0.03346099081089734,-0.9954187743484355,11.007862174133273,0.0826178730639221,-0.9962406476774063,-0.02605492210113353,8.785676327824754,58.20705739922802,56.4930341651689,39.67473781914774,18.05810795988781,5.222257821139091,52219.0,130462.1738480559, 0.0, 0.0,0.0,NaN, 127.82102617424768,127.82102617424768,1.3486991523486091E-6, 154.2035353671331, 6.3035925405674, 3.1838760507356554, 6.3035925405674, 77.734218473084, -0.8930177443896979, 3.1838760507356554, -0.8930177443896979, 121.4294860012152, 6.898381436353267, 4.303340014761057, 9.0, 0.0
47, 0 ,1.0,1.0,1.0,159.6419652201339,51.73532321190486,42.512092669849324,12.602863612064057,12.536272855200437,10.870998222409794,65.0,58.0,56.0,-0.8108850705557371,-0.3874360864247994,-0.4385871421800378,13.870711802257762,-0.20314325372997016,0.8892111681609858,-0.40992233030389696,12.481894555600517,0.5488152884293757,-0.24330387862426592,-0.7997530880419099,9.272247466366402,65.93993702180953,57.602489165114065,47.2575459731912,19.984291675339048,5.898897940370969,69753.0,179498.5498997631, 0.0, 0.0,0.0,NaN, 78.18307145605755,78.18307145605755,0.0, 158.83217122428832, 20.821555515807592, 43.66272421740737, 20.821555515807592, 157.15813710003533, -7.367335385277609, 43.66272421740737, -7.367335385277609, 118.17860235163691, 7.5185048406682755, 4.400887192931346, 3.0, 0.0
48, 0 ,1.0,1.0,1.0,8.496150989263286,118.14352758457694,68.38544128570464,6.032773562052295,9.735746231504084,12.757356515322616,24.0,47.0,55.0,-0.07162817666239123,0.026012388997155002,0.9970921521738508,12.784348350021848,-0.054219069311984044,0.9980803081991486,-0.029933107223194665,9.742993562687406,-0.9959566741736129,-0.0562054624013863,-0.07008030511693542,5.963536743997893,55.6536142741644,47.53272259191266,25.628630305737374,16.22886942830238,5.527481693628408,29618.0,67797.15358754393, 0.0, -1.4210854715202004E-14,0.0,88.50943176573554, 107.00109923626876,107.00109923626876,0.0, 36.394356850997134, -3.4506427799094537, -9.036533854190784, -3.4506427799094537, 94.78475468424598, 1.543199712825676, -9.036533854190784, 1.543199712825676, 162.75014525904442, 7.455956463007918, 4.59223369788253, 9.0, 0.0
49, 0 ,1.0,1.0,1.0,50.55506568292244,140.22267410473276,49.773942774878535,10.584651100724338,13.675122413285393,9.183922652728516,50.0,58.0,40.0,-0.38696973751226604,-0.91747883218639,0.09212499519449649,14.299423697310528,0.9134780433172908,-0.3678118506176824,0.17398938738443212,9.797854078524951,-0.12574691497966137,0.1514827879169571,0.9804288236980819,9.105865396239468,66.72454468602994,48.0040099435263,41.21746183280038,18.729548066222033,5.708964570635481,55570.0,132021.41415990077, 0.0, 0.0,0.0,NaN, 92.77170224131102,92.77170224131102,0.0, 112.03483892406496, 38.76196899837161, -2.2543866275171616, 38.76196899837161, 187.00897301834053, -11.11144084751382, -2.2543866275171616, -11.11144084751382, 84.34443529129997, 7.321462145121123, 4.349780308845877, 6.0, 0.0
50, 0 ,1.0,1.0,1.0,141.39967529366822,147.65348104288034,17.37293477222806,8.712206722422012,13.917698421407446,10.265183576567017,38.0,60.0,40.0,-0.043672757057077675,-0.978783738789007,0.2001876194304882,14.058952840433937,0.2543287143094045,-0.20466946550826073,-0.94521284109257,10.177897665226332,-0.9661312516261744,-0.009633409094150462,-0.2578712897173045,8.586915239521037,64.08841729490653,47.83688909592709,42.56503079553217,18.518628263790603,5.660324762026453,52355.0,130495.46749080328, 0.0, 0.0,0.0,NaN, 80.47344260820272,80.47344260820272,0.0, 75.90254597421529, 3.7430409545932353, -8.260255183055667, 3.7430409545932353, 193.7023293492473, -18.50520900319419, -8.260255183055667, -18.50520900319419, 105.37399386062121, 7.8803408369756385, 4.454518977566872, 5.0, 0.0
