// Sample: .//bubblelabels.tif, Map: .//bubblelabels.tif, Thickness:(8.191250068658265):/gpfs/home/mader/Foam/NewValid/InSilicoTest/LatticeData_Phi_6.65/out_Step_03000.vtk/distmap.tif, Neighbors:(1.0):
//LACUNA_NUMBER, TRIANGLES, SCALE_X, SCALE_Y, SCALE_Z, POS_X, POS_Y, POS_Z , STD_X, STD_Y, STD_Z,PROJ_X, PROJ_Y, PROJ_Z, PCA1_X, PCA1_Y, PCA1_Z, PCA1_S, PCA2_X, PCA2_Y, PCA2_Z, PCA2_S, PCA3_X, PCA3_Y, PCA3_Z, PCA3_S,PROJ_PCA1, PROJ_PCA2, PROJ_PCA3,OBJ_RADIUS, OBJ_RADIUS_STD, VOLUME, VOLUME_BOX, Mask_Grad_X,Mask_Grad_Y,Mask_Grad_Z,Mask_Angle, Mask_Distance_Mean,Mask_Distance_COV, Mask_Distance_STD, SHAPET_XX, SHAPET_XY, SHAPET_XZ, SHAPET_YX, SHAPET_YY, SHAPET_YZ, SHAPET_ZX, SHAPET_ZY, SHAPET_ZZ, Thickness, Thickness_STD, Neighbors, Neighbors_STD
1, 0 ,1.0,1.0,1.0,155.32032633338298,182.65145873669925,182.72048188783532,16.55989019134955,11.589033522742008,9.853790275950628,74.0,54.0,41.0,-0.9764367786084625,-0.20939269234803265,-0.05221032246568328,16.801286900845348,0.14779160513070796,-0.8251356495893925,0.5452603059361468,12.207923769111817,-0.15725412183347498,0.5246959692697608,0.8366392777048237,8.620684408227088,75.08942758651736,71.58634960943455,47.7715736440297,21.08346639979352,7.817946566202121,60429.0,256790.26671670543, 0.0, -2.8421709430404007E-14,-2.8421709430404007E-14,81.29716515946728, 50.94925778761126,50.94925778761126,0.0, 274.22996314955503, 33.40905381908885, 16.62325426694418, 33.40905381908885, 134.30569799123805, -31.34270318023494, 16.62325426694418, -31.34270318023494, 97.09718280241914, 9.553168895733675, 6.32929656965952, 11.0, 0.0
2, 0 ,1.0,1.0,1.0,184.05477370229067,35.97805885798414,15.641279741645427,9.827031121386092,16.169871086471648,10.296390762267272,43.0,72.0,47.0,0.014176960801731722,0.9985362960170125,0.05219462921652891,16.183034804158584,-0.632773600642604,0.0493770508842213,-0.7727609443908063,11.131246393737102,-0.7742070679813122,-0.02207198184581079,0.6325474239179051,8.84622363454667,72.74262970383003,64.12155382461053,43.33753358410141,20.39693578347012,6.92935386511567,63169.0,202142.31084778815, 0.0, 0.0,0.0,NaN, 42.34761614105497,42.34761614105497,0.0, 96.5705406606908, 1.1732957044020487, 22.4574422912164, 1.1732957044020487, 261.46473095311177, 7.828916299481077, 22.4574422912164, 7.828916299481077, 106.01566272930282, 8.270545896480579, 5.839696995605601, 12.0, 0.0
3, 0 ,1.0,1.0,1.0,170.9532361238031,186.96682426794868,79.01987895162038,16.262329050195113,7.597939589987151,15.714299636812767,64.0,32.0,66.0,-0.864389392313051,-0.02033544671154219,0.5024116320943572,16.54456868813796,-0.5015708837816665,-0.035599108892847287,-0.8643837990085843,15.427187562830886,0.035463037083019636,-0.9991592330820334,0.020571824123571204,7.57696351120743,73.78309136107822,78.17604577786716,33.00935476572968,22.70480006528269,7.3227931297413775,75507.0,190400.2797665444, 2.8421709430404007E-14, 0.0,0.0,30.186945190801808, 85.19224982867166,85.19224982867166,0.0, 264.46334613681995, 7.026763829712604, -15.646215680954395, 7.026763829712604, 57.72868601309411, 3.346905542185619, -15.646215680954395, 3.346905542185619, 246.93921307553387, 8.379126099376313, 5.580290868749361, 12.0, 0.0
4, 0 ,1.0,1.0,1.0,55.79851430667645,80.45647969052224,28.967476489028215,13.1242001008418,14.034961617406864,15.752616777906828,67.0,68.0,66.0,0.05714562477672654,0.39297668039060735,0.9177710532796594,16.125892652652162,0.15007310841699747,-0.9122093335023997,0.3812508281973523,13.626654464128162,-0.9870220056811992,-0.11594593800683832,0.11110400425176736,13.101129169312346,76.42930538026931,78.0911200439792,67.2124628206276,23.8508417244045,6.964701018550646,119944.0,401154.2278438181, 0.0, 0.0,0.0,NaN, 102.10697340126285,102.10697340126285,0.0, 172.24462828693595, 0.06241033049461255, 5.4401887906885, 0.06241033049461255, 196.9801476020839, 26.999347422735337, 5.4401887906885, 26.999347422735337, 248.1449353515917, 8.237993572603491, 5.2371633712107695, 24.0, 0.0
5, 0 ,1.0,1.0,1.0,13.753397024174546,106.9567182003034,138.5551108672498,8.026071294005392,14.810787338608014,12.422147123326784,32.0,72.0,63.0,-0.048098768047021775,0.9982771609219437,-0.03360384641647737,14.825620194293544,0.01875967994254508,-0.03273399928380594,-0.9992880263964643,12.420236851230747,-0.998666402218885,-0.04869492039742132,-0.017152894994045074,8.001605062322804,71.89967851432127,62.77711958475436,33.177461645524566,19.947037360949274,6.340558467545811,61966.0,149751.60622783142, 0.0, 0.0,0.0,NaN, 112.34626214653645,112.34626214653645,0.0, 64.41782041645739, -7.535009346757378, -1.4398274995571627, -7.535009346757378, 219.35942158947145, -2.2738629676609636, -1.4398274995571627, -2.2738629676609636, 154.30973915357592, 9.243195608531906, 5.451916016980631, 18.0, 0.0
6, 0 ,1.0,1.0,1.0,51.74449748077433,186.04620790241316,121.10322195704057,14.594666679919623,8.205956876635641,12.02074712335477,65.0,33.0,54.0,-0.965663448036593,0.023775515753262016,0.2587060686894387,14.777822370902417,0.25884244561689224,0.0027963536637320378,0.9659155080819719,11.798500618776703,-0.022241705715713916,-0.9997134115619601,0.008854449164226523,8.200715474004909,65.41916624249384,57.344675409755524,34.10262786733037,19.6837574068953,6.114742799930652,60336.0,127933.9914018266, 0.0, 0.0,0.0,NaN, 95.37768564502151,95.37768564502151,0.0, 213.00429549795606, -3.4177880366016864, -19.76666882640994, -3.4177880366016864, 67.33772826120376, 1.123942872974208, -19.76666882640994, 1.123942872974208, 144.49836140364198, 9.552376694941225, 5.420732413859385, 11.0, 0.0
7, 0 ,1.0,1.0,1.0,56.36759840273816,148.9876640045636,11.535881346263547,13.249271462588593,17.893877415588364,8.34893249094377,62.0,91.0,34.0,0.2830492600843582,-0.9579996758061419,0.04604060730511948,18.27838757015268,0.9431362905148707,0.2867389266609834,0.16815090083361794,12.844892570083694,-0.17429014280660654,-0.004172420476671641,0.9846855015830277,8.145428146518814,99.44116989659655,59.71862007435729,35.784851727978364,22.105231985312777,8.763414623726469,70120.0,212507.96427049232, 0.0, 0.0,0.0,NaN, 76.89370020904661,76.89370020904661,0.0, 175.5431942893645, -45.927296454386216, 19.133030838829516, -45.927296454386216, 320.19084896410334, -7.053557653101246, 19.133030838829516, -7.053557653101246, 69.70467373833655, 8.194195854871259, 5.265185383093356, 16.0, 0.0
8, 0 ,1.0,1.0,1.0,26.57419922995003,51.11071516343082,50.43620463668387,13.748682828387153,13.177600139850849,12.993560010000103,64.0,66.0,63.0,0.8130260549214138,-0.2109606874031287,0.5426640050614397,14.808936916141478,-0.10924672643812398,0.8602188626810013,0.4980849938016188,13.571908730323859,0.5718861659294411,0.4642403436348507,-0.6763335837885913,11.314004928598887,75.81960213993598,67.39688533018642,61.160964491796,22.15599030130985,6.373391598135618,97656.0,312532.83626646595, 0.0, 0.0,-7.105427357601002E-15,57.13482598714728, 76.56568426771804,76.56568426771804,NaN, 189.0262795155878, -20.939617044261187, 37.223102125855796, -20.939617044261187, 173.64914544579713, 13.623430771977072, 37.223102125855796, 13.623430771977072, 168.83260173347387, 7.935883049281932, 5.129160248932815, 21.0, 0.0
9, 0 ,1.0,1.0,1.0,88.66259312576838,178.30324587304423,81.30986581483077,12.921815629704492,12.227245763948885,15.363442412155592,65.0,57.0,74.0,0.40913733630026206,0.28514944053598895,0.8667735786277396,15.963339333172948,-0.6500531606288703,-0.5755330696071453,0.49617796620264465,13.412380515217947,-0.6403417278309622,0.7664538357595906,0.050109771979806976,10.85329752382555,76.68106171190516,76.79523662552438,59.28585275872243,22.451312761526488,6.960802839893014,95167.0,349118.9891069821, 0.0, 0.0,0.0,NaN, 122.24196839979678,122.24196839979678,NaN, 166.97331916807528, 39.21962681374264, 28.56715869276292, 39.21962681374264, 149.50553897200595, 16.13626133480932, 28.56715869276292, 16.13626133480932, 236.03536275162125, 8.425499453373583, 5.016913256502957, 21.0, 0.0
10, 0 ,1.0,1.0,1.0,186.52111441731546,20.31722577752415,111.00383157379856,8.297526794913983,11.031514740312106,13.401432900097774,33.0,44.0,66.0,0.021415739757567068,-0.3570829294908106,0.9338271507923168,13.766082244592965,0.07852253025475472,-0.9305552860630572,-0.35763259334475206,10.58829240702647,-0.9966822855519344,-0.08098543724869617,-0.008110525298043817,8.277965673537773,74.33914798781194,56.2643890617348,34.69676625004277,18.315732878200667,5.888599263682622,49066.0,145124.31641444092, 0.0, 0.0,0.0,NaN, 92.2756089895418,92.2756089895418,0.0, 68.84895091231552, -4.110058816808303, 1.1954108851245648, -4.110058816808303, 121.69431746572327, -25.835642572171032, 1.1954108851245648, -25.835642572171032, 179.59840377582304, 8.811317138476804, 5.38035355621077, 10.0, 0.0
11, 0 ,1.0,1.0,1.0,77.29948665707894,101.05537911473314,159.76941514860977,11.78261602889302,14.979639533025354,13.820217964491484,59.0,80.0,76.0,0.1787799777738485,0.9164207847502267,0.3580651684050827,15.281581124492902,6.738001369581692E-4,-0.364042343443702,0.9313821547428278,13.601028767856084,-0.9838888481635303,0.1662712165643706,0.06570096651988083,11.649178529031536,76.49423878104625,74.42139210250727,62.027838437605176,22.55357083276858,6.749407996339401,100128.0,353112.5586232478, 0.0, 0.0,0.0,NaN, 131.84744440853612,131.84744440853612,0.0, 138.83004048432673, 16.015064182711292, 6.293080336555595, 16.015064182711292, 224.38960053937606, 15.389027974202545, 6.293080336555595, 15.389027974202545, 190.99842458605315, 7.463713589824733, 4.826878978361218, 30.0, 0.0
12, 0 ,1.0,1.0,1.0,20.328439528507488,177.04515735945446,48.359184964731796,12.622781800669888,12.414271895344571,14.005232418745363,53.0,51.0,81.0,0.2784987129833341,-0.4868839552701506,0.8278783008191003,14.846059516766537,0.9213349556817179,-0.10801582052203988,-0.37346282540022313,12.490905467480237,-0.2712570115325937,-0.8667621338161037,-0.4185009403537368,11.539805007409756,92.24174660841014,62.29504968387054,58.87176206644091,21.547752879728105,6.729758392104497,85346.0,338289.16573511186, 0.0, 0.0,0.0,NaN, 57.26064114878155,57.26064114878155,NaN, 159.33462038732293, -14.103787007509085, 12.249685823044974, -14.103787007509085, 154.1141466915421, -34.242112094932935, 12.249685823044974, -34.242112094932935, 196.1465351030761, 7.732118450946224, 4.849813815156051, 11.0, 0.0
13, 0 ,1.0,1.0,1.0,167.50136796754614,187.2602912041259,25.242774930029245,15.393902107586358,7.356859831147993,14.371926611366328,74.0,31.0,51.0,0.7825585793200457,0.0318761450253629,0.6217603889851084,17.0082428344109,-0.6220934905961357,6.85826287338594E-4,0.7829426662280061,12.429135247156783,-0.024530774356036376,0.9994915912705946,-0.020366641570656686,7.340582803102585,88.20009957132365,60.91766217711571,32.31586734311645,21.048663058668133,7.389294055474046,63598.0,173631.34133439127, 0.0, 0.0,3.552713678800501E-15,51.55519832826458, 43.077360067123664,43.077360067123664,NaN, 236.97222209795171, 5.829025357169084, 65.53705900470209, 5.829025357169084, 54.123386575158875, 4.7194110476476645, 65.53705900470209, 4.7194110476476645, 206.55227452249963, 8.543727017922455, 5.033208684162692, 12.0, 0.0
14, 0 ,1.0,1.0,1.0,175.49456703793652,61.09431789632359,109.53307930659074,13.19226021696332,13.212416139575415,13.064457369793278,54.0,67.0,64.0,-0.6666264554224335,-0.53495433830584,0.5190693834726562,14.494903777819797,0.09757995067494799,-0.753009338711306,-0.6507342691451226,12.818985290875998,-0.7389772135574935,0.383145914425983,-0.5541767643103419,12.035576298149673,76.41829663831182,64.54818992028041,66.19043958451678,21.905331849787295,6.280139552234848,95528.0,326495.11407628027, 0.0, 0.0,0.0,NaN, 111.88072069674396,111.88072069674396,0.0, 174.03572963207307, 21.83736654162337, -23.8135659894468, 21.83736654162337, 174.5679402453129, -8.576616746423921, -23.8135659894468, -8.576616746423921, 170.68004636714588, 7.180244054998767, 4.502662625890159, 19.0, 0.0
15, 0 ,1.0,1.0,1.0,189.7160107120654,24.39493567978576,175.85254172445124,6.302016689658354,13.103914980252894,12.801101295081903,27.0,55.0,54.0,-0.02270239450197773,0.8021970207103074,0.5966276403648952,13.475407785737733,0.010438795219027599,-0.5965587103426317,0.8025015493248041,12.412888583937228,-0.9996877676746132,-0.024446780521000834,-0.005169340761280545,6.295218705034479,74.63965537568447,61.82683481949769,27.698587220513446,18.358328920783503,6.18610990604763,41822.0,127821.60233490994, 0.0, 3.552713678800501E-15,0.0,36.659582482317376, 35.83256987245829,35.83256987245829,0.0, 39.71541435673244, -3.2980093953226786, -0.9640228094948207, -3.2980093953226786, 171.71258780969617, 13.150652009402345, -0.9640228094948207, 13.150652009402345, 163.8681943669476, 7.915085079781289, 4.934506861001704, 9.0, 0.0
17, 0 ,1.0,1.0,1.0,21.060364778487987,9.732752920432004,20.321881199030194,12.308373289343347,6.357480515135958,12.098354898886242,57.0,25.0,47.0,-0.7281933396403859,0.05276811221481471,0.6833373884375609,13.733397351927218,0.6849019075813307,0.0191143225857842,0.7283845273367225,10.473746476433876,-0.025373945196515996,-0.9984238423662425,0.05005990311409818,6.322834389024144,73.7821819527118,55.262479169072215,27.019931959623428,17.35038990803774,6.103095348151862,36296.0,110170.70021564704, 0.0, 0.0,0.0,NaN, 30.842248612587447,30.842248612587447,NaN, 151.49605302982079, -4.798337603280446, -39.1756182969772, -4.798337603280446, 40.417558500333364, 6.329988087684291, -39.1756182969772, 6.329988087684291, 146.37019125940472, 7.970620189966453, 4.663807913082313, 4.0, 0.0
18, 0 ,1.0,1.0,1.0,25.18896089994356,39.30568692707421,144.6653140265857,14.546798861899198,13.362286270943237,15.57237624082663,58.0,67.0,82.0,-0.6339855311703401,-0.38465650712170735,0.6708962049345564,18.925827353452874,-0.18975133518152476,-0.7636325132712406,-0.6171384086830747,12.832637470876211,-0.7497044598129923,0.5185602724891074,-0.41114287873260325,10.478331347567247,90.72495962746486,62.1027978380415,59.86416989777451,23.853268338265345,7.980008952610639,102762.0,337291.1256067009, 0.0, 0.0,0.0,NaN, 72.39715635164431,72.39715635164431,NaN, 211.6093571285518, 68.52670414404284, -99.22373122134942, 68.52670414404284, 178.55069438663813, -38.237378695598785, -99.22373122134942, -38.237378695598785, 242.4989017858617, 8.480323669516872, 4.893802909046681, 20.0, 0.0
19, 0 ,1.0,1.0,1.0,121.85561914672216,78.95465335587929,179.59163631633714,11.467349122467114,11.183171354470936,11.600654058531989,55.0,55.0,47.0,-0.34539071372775765,0.6623432213082225,-0.6648358534688673,12.519386909979575,-0.8464641405792297,0.08602416771660944,0.5254505697800035,11.599633205095444,-0.40522057398914924,-0.7442454566577562,-0.5309378369076669,9.992599908493316,59.999962529960044,60.74336830388104,49.918026672012104,19.00401639568561,5.475943102178058,61504.0,181931.23113221338, 0.0, 0.0,0.0,NaN, 112.94637158286159,112.94637158286159,0.0, 131.5000958965473, -15.53965072515335, -2.3715086744102223, -15.53965072515335, 125.06332154345932, -23.479935066235253, -2.3715086744102223, -23.479935066235253, 134.57517458573471, 7.760425889464803, 4.81717489415985, 16.0, 0.0
20, 0 ,1.0,1.0,1.0,15.61304072444665,101.37216906037627,22.29190133009227,9.813600580211432,11.869427067493874,12.664373994345606,41.0,52.0,54.0,0.03923971218016774,0.4067076654449255,-0.9127152457674603,12.82691683859173,-0.3567398295847261,-0.8475212590526349,-0.3929941595516358,11.991575891691216,0.9333793114141099,-0.3410228589437583,-0.11183233298982574,9.447154914406855,57.03308492676542,65.81006398567797,47.158525046242005,19.067068140331067,5.832952636456681,58417.0,177002.49564737594, 0.0, 1.4210854715202004E-14,0.0,66.00181740734638, 102.31395281890345,102.31395281890345,0.0, 96.30675634792617, 17.694059633493755, 4.9514427232952185, 17.694059633493755, 140.88329891055622, -9.776216286655595, 4.9514427232952185, -9.776216286655595, 160.3863686686573, 7.800402519629631, 4.866586885778787, 8.0, 0.0
21, 0 ,1.0,1.0,1.0,80.50450005696274,22.99078469347713,42.26399068342637,11.909760911540827,11.663335022891724,14.00328422882351,63.0,49.0,73.0,-0.3807355287542711,-0.12296589583062076,0.916471410141516,14.52839139655619,0.6322535535070296,-0.7578533425282299,0.16097749934858394,12.332757238297953,0.6747561790913364,0.6407321590815952,0.3662873176847624,10.526001156620556,72.32822926512526,61.68260525525909,62.021555146676235,20.859669867631776,6.2323295029169,78999.0,276702.5700972437, 0.0, 0.0,0.0,NaN, 93.78590309173381,93.78590309173381,0.0, 141.8424049700658, -15.094478714395542, -30.78665994111274, -15.094478714395542, 136.0333838562127, -16.339255114400068, -30.78665994111274, -16.339255114400068, 196.09196919321727, 6.7757752701038605, 4.51639647635628, 20.0, 0.0
22, 0 ,1.0,1.0,1.0,171.5595982355368,91.33031322395354,11.185839865443814,13.629152383445618,16.45125975914914,7.7607747851447755,58.0,79.0,32.0,0.4089925340786614,0.9079464958702227,0.09142356208822647,17.14237097558002,0.9100307408449787,-0.41323802509055324,0.032838777937051776,12.830505165128738,-0.06759554560068876,-0.06976743693331436,0.9952704893438274,7.62526210455198,87.81466598500468,70.46616780218253,35.34598198528799,21.40771104440069,7.637884226624992,63022.0,218719.6283274691, 0.0, 0.0,0.0,NaN, 96.30786873150551,96.30786873150551,0.0, 185.75379469118135, 47.48990580322498, 11.995794888537109, 47.48990580322498, 270.6439476629997, 18.12134447527925, 11.995794888537109, 18.12134447527925, 60.22962526573894, 7.079934041408862, 4.746291022639425, 11.0, 0.0
23, 0 ,1.0,1.0,1.0,153.93852253157291,81.96697402411021,69.98102037887486,10.912827730176623,10.332817501657788,11.925727742845833,47.0,51.0,59.0,0.03303473557798133,-0.2731478235836009,0.9614046872762972,12.060120468112977,0.9713475172027561,0.23529449298902913,0.033473906152061125,10.95568566326259,-0.23535655306222966,0.9327522543744279,0.27309435162611495,10.129479489586085,57.27518512966704,47.44653067775806,49.81532588361733,18.446126106025122,5.274499072727107,55744.0,135373.5878748172, 0.0, 0.0,0.0,NaN, 117.2074560363464,117.2074560363464,0.0, 119.08980906851187, 3.594984571983107, 1.927022761882961, 3.594984571983107, 106.7671175225655, -11.112854145423725, 1.927022761882961, -11.112854145423725, 142.22298219648275, 6.790887912463751, 4.487308154795063, 16.0, 0.0
24, 0 ,1.0,1.0,1.0,136.16955752212388,117.17885760257441,122.41172968624296,10.126640747113484,12.017194585684694,12.42118790920576,51.0,60.0,62.0,0.2921972859792959,0.700080383257552,0.6515429402919604,12.619916462228861,-0.30572303611019597,-0.5771497208623262,0.7572526823327224,12.281234706638028,-0.9061755741896255,0.4204588644403857,-0.04538911825100846,9.54760232592154,58.533651525371084,62.84097628911486,46.75332058120156,19.252042327188605,5.532322644172517,62150.0,171973.29113933092, 0.0, 0.0,0.0,NaN, 130.20601639408497,130.20601639408497,0.0, 102.54885282109916, 24.460791610363277, -0.8487660085861211, 24.460791610363277, 144.4129657102095, 4.985618870599098, -0.8487660085861211, 4.985618870599098, 154.28590907579934, 7.375866917478204, 4.61024033620363, 23.0, 0.0
25, 0 ,1.0,1.0,1.0,118.88488125595256,56.565808473378596,14.401932471043658,14.703165205837761,11.833355595775169,9.395136315734058,71.0,59.0,40.0,-0.9166862675562911,0.35195577076316303,0.18924434549075356,15.299265791864118,0.3729507242730234,0.9235856668990792,0.08886660319158578,11.310685865484222,-0.1435062512155586,0.1520416105054516,-0.9779004573763964,9.081894604083372,76.6486907666403,53.67302151327711,45.25424051687793,20.07145267508574,6.45110421782234,65098.0,186174.44433460044, 0.0, 0.0,1.7763568394002505E-15,79.09131164136741, 99.93382228259043,99.93382228259043,0.0, 216.1830670701582, -33.251264728570646, -24.790545301882254, -33.251264728570646, 140.0283046560635, 13.826947391534118, -24.790545301882254, 13.826947391534118, 88.26858639122494, 7.145772815790351, 4.647733690772974, 15.0, 0.0
26, 0 ,1.0,1.0,1.0,151.0440585780598,151.59851835643843,54.48825469265274,10.179598477696445,14.342739823195402,10.706761673465735,47.0,63.0,50.0,-0.034052976451004635,0.9906588959691116,-0.13204297267211423,14.408485022279478,-0.5768319226793395,0.0884103997230977,0.8120643657979696,11.054820954796769,0.8161527600718408,0.10381981052796936,0.5684330384214596,9.703589508811884,64.80495968667971,57.13476765844817,51.97179622282658,19.706887320921478,5.967557997702578,63983.0,192431.62060480268, 0.0, 0.0,7.105427357601002E-15,82.41233611747774, 87.79725237871547,87.79725237871547,0.0, 103.62422516711979, -5.257509389164142, -12.62893878027621, -5.257509389164142, 205.71418563587528, -12.825855515607824, -12.62893878027621, -12.825855515607824, 114.63474553239477, 6.682686447208045, 4.548860075377616, 20.0, 0.0
27, 0 ,1.0,1.0,1.0,52.328854371019325,67.8362312219505,97.01078982021446,12.450940850416263,10.55732045607904,13.54445209785721,60.0,52.0,63.0,-0.5420631483266932,-0.007748117424884343,0.8403020349270396,14.276582498136749,-0.817253350315357,0.23762996282788873,-0.5250037734766683,11.667926943164543,0.1956131504385069,0.971324851655092,0.13514262071136401,10.486839320163552,65.85038403787671,56.591939911411515,53.08321088879615,20.364089379509704,5.9362437321415715,74422.0,197819.94554004192, 0.0, 0.0,0.0,NaN, 129.42625934377887,129.42625934377887,0.0, 155.02592806056447, -4.6875241585286265, -31.519887534061592, -4.6875241585286265, 111.45701521234497, -3.8754870021126346, -31.519887534061592, -3.8754870021126346, 183.45218263114856, 7.517944127485428, 4.548399957720571, 18.0, 0.0
28, 0 ,1.0,1.0,1.0,11.590137614678898,84.62142857142857,104.6862385321101,7.422332740454664,10.641593488889342,10.041616255254802,29.0,50.0,44.0,0.15607566986627266,-0.7680406677544119,0.6210909095705329,11.769564764425603,-0.01398169615940183,-0.6304516181559092,-0.7761026152108381,8.811524124470711,-0.9876461397931451,-0.11244683116901585,0.10913666987656535,7.2803145653506425,58.950595899750546,44.16379287772517,31.736385008123683,15.638595156320799,4.960134458591702,30520.0,82625.10417286959, 0.0, 0.0,0.0,NaN, 127.9837122002421,127.9837122002421,0.0, 55.09102331002524, -10.034257863695933, 8.55741015066068, -10.034257863695933, 113.24351198277203, -28.738636959369344, 8.55741015066068, -28.738636959369344, 100.83405701779745, 8.641085348813398, 4.725395308733127, 9.0, 0.0
29, 0 ,1.0,1.0,1.0,99.20457811537672,187.58025046191747,140.48443851365224,12.273624046727686,7.635791582854218,13.03242620204787,59.0,32.0,59.0,0.5939437041266789,0.008429039508547871,0.8044624463710186,13.882412894521075,0.8018948543946691,0.07430535298990897,-0.5928265825790858,11.320868523567874,0.06477282473100081,-0.9971999126604497,-0.03737399318187302,7.609720175351292,63.399888493936345,55.3790198352186,33.89600924694449,18.519740461495157,5.984188022437319,48710.0,119009.69120678147, 1.4210854715202004E-14, 0.0,0.0,53.562632259834515, 116.35248410186104,116.35248410186104,0.0, 150.64184724041212, 4.861030674337723, 31.01686656151628, 4.861030674337723, 58.30531309678733, -2.180561900017739, 31.01686656151628, -2.180561900017739, 169.84413271182385, 7.205183778797129, 4.66374993545748, 11.0, 0.0
30, 0 ,1.0,1.0,1.0,49.61369921293342,122.32271059349074,143.15327855775368,13.089655154492556,10.551640018269504,13.527812084419972,59.0,55.0,62.0,-0.6534049064404265,-0.06678999767044956,0.7540564464619065,14.204453662302813,0.6333138459373211,0.4974476681266486,0.5928401049350818,13.181917495679418,0.4146994101559057,-0.86491902146186,0.28273571675648407,9.494652506682499,72.34964360876523,66.41080937621277,51.63255503355542,20.66836829642959,6.204549209507296,75216.0,248084.01730397175, 0.0, 0.0,0.0,NaN, 108.29048978495929,108.29048978495929,0.0, 171.33907206353354, 31.213075396251565, -23.601299433975182, 31.213075396251565, 111.33710707514648, 19.037032939370437, -23.601299433975182, 19.037032939370437, 183.00169979137905, 6.972699075704688, 4.328388754826217, 19.0, 0.0
31, 0 ,1.0,1.0,1.0,17.49704387324705,140.0442157251523,23.14014564331807,10.148338317048093,10.325289511551349,12.566295136313927,39.0,46.0,52.0,0.16388788845097602,-0.26483053216629837,0.9502660413019061,12.781572047482804,0.6473283837558665,-0.6980147816730868,-0.30617205644847745,10.366861277679932,-0.7443834519943988,-0.6653120724880822,-0.057036151680444756,9.832179351085522,59.50119095508306,56.54641296465154,50.23604260759666,18.40584647796455,5.360686800884666,55478.0,169023.12976244694, 0.0, 0.0,0.0,NaN, 66.6056225307472,66.6056225307472,0.0, 102.98877059726652, -7.774762042991592, 8.246665054354848, -7.774762042991592, 106.61160349735229, -14.47677957502178, 8.246665054354848, -14.47677957502178, 157.91177345294707, 7.496991236786319, 4.623555263458914, 7.0, 0.0
32, 0 ,1.0,1.0,1.0,113.22378520008469,70.95979779800975,68.5652127884819,9.522785567081836,11.622591674130438,15.61864506862473,47.0,58.0,74.0,-0.0027705166198804727,-0.19812470726754997,0.9801729054650544,15.766339978153141,-0.06237610429769312,-0.9782337301443013,-0.19790904683871566,11.428315302491365,-0.9980488694699785,0.06168767768455247,0.009648034596978163,9.514530414055939,74.07623491325622,59.98803866997789,47.594758978505,20.707944560876847,6.394621804567262,75568.0,211496.261453774, -1.4210854715202004E-14, 0.0,0.0,89.8412608875356, 131.40240775292236,131.40240775292236,0.0, 90.68344495662214, 2.53237957121873, 0.06557916755737112, 2.53237957121873, 135.08463722356618, -22.933422659704988, 0.06557916755737112, -22.933422659704988, 243.94207377967558, 7.435185584483584, 4.443306384678431, 23.0, 0.0
33, 0 ,1.0,1.0,1.0,179.7317213863385,155.4794340559855,90.350766716339,12.684167156228927,8.793386884266424,14.48240461236078,50.0,40.0,71.0,0.3432418771139166,0.03184047581292521,0.9387071949736624,14.74139613446284,-0.9371669380927606,-0.05486784034769546,0.34453976583468454,12.397286349524125,-0.06247514658769812,0.9979858236445976,-0.01100690071088605,8.772133370761129,74.85667578380867,57.86592243788189,40.07871233517254,20.110617720274195,6.596578477414174,62409.0,173606.978128015, 0.0, 0.0,1.4210854715202004E-14,20.164432118069243, 102.74310174491843,102.74310174491843,0.0, 160.8880964471566, 5.480093646739495, 20.44454945811771, 5.480093646739495, 77.32365289638877, 2.74440720217313, 20.44454945811771, 2.74440720217313, 209.7400433561288, 7.554917124851591, 4.6157658431490365, 14.0, 0.0
34, 0 ,1.0,1.0,1.0,122.01422132894817,152.01810402582373,163.38322979474998,11.660790492847015,11.592264129458844,11.40773907885652,63.0,58.0,60.0,0.17060614700910862,0.7663309631777897,-0.6193790418457095,12.238978094133289,-0.9236313962316498,-0.0945785929513914,-0.3714295810116756,11.782670508852334,0.34321798685074806,-0.6354460989181835,-0.6916716481624663,10.576730324047537,59.611880671569835,66.94146988414693,50.34020988938005,19.249568474356444,5.4722250508861165,65676.0,200882.95565168752, 0.0, 0.0,0.0,NaN, 98.61456219276664,98.61456219276664,0.0, 135.97403491807134, 7.313860327058297, 5.242844621653322, 7.313860327058297, 134.38058764713819, -17.054017604999782, 5.242844621653322, -17.054017604999782, 130.1365108912702, 7.361177669632623, 4.425421657945011, 18.0, 0.0
35, 0 ,1.0,1.0,1.0,145.2029084563368,42.87429651712354,83.06965752926634,12.613848194198352,10.193180540412989,12.786622483726838,63.0,48.0,57.0,0.6804319191045447,-0.11767031897126703,-0.7233022186450878,13.010132036865269,0.6818154572481455,-0.26010645591187387,0.6837194701414218,12.583261901793714,0.2685890647833764,0.958383184131569,0.09675529263366842,9.945139246450132,64.64938717227525,63.31093423814406,46.46540684036502,19.82736987751086,5.777820876210702,68765.0,190183.51888516138, 0.0, 0.0,-1.4210854715202004E-14,43.672204924888455, 108.35817710497179,108.35817710497179,0.0, 159.10916626628105, -16.173373944643448, -6.9213543445922046, -16.173373944643448, 103.90092952945403, -4.581267800727373, -6.9213543445922046, -4.581267800727373, 163.49771454134867, 7.389165609771621, 4.512378851002373, 17.0, 0.0
36, 0 ,1.0,1.0,1.0,84.27268549105219,33.56519116422026,107.10457300433745,11.998452820904255,12.521194852377368,11.43180540254565,62.0,62.0,57.0,-0.49452915167140926,-0.8625687610116112,-0.10684592024990963,12.896033483518455,0.691246329589241,-0.31579580633979304,-0.6499627070283355,12.177422193068466,0.5268960333657469,-0.3952823563291104,0.7524177222782222,10.808888680714269,66.3095761050829,62.62896808404744,56.83696326413141,19.89585661901013,5.9652539580575334,69626.0,236038.24324299567, 0.0, 0.0,0.0,NaN, 129.83862266086666,129.83862266086666,0.0, 143.96287009546526, 14.23763077810165, -11.519165585562156, 14.23763077810165, 156.78032053120148, 11.016600740144684, -11.519165585562156, 11.016600740144684, 130.68617476167194, 6.519881941017926, 4.105743085147732, 14.0, 0.0
37, 0 ,1.0,1.0,1.0,15.589908519153802,71.05526372212692,171.61987206975414,10.34384342722673,12.435532779473483,11.366204509769853,41.0,72.0,56.0,-0.23873120434689551,-0.8183658675974815,0.5227664094244212,13.180336356481032,0.3396264427799119,-0.5746975417615303,-0.7445647150234275,10.768253916372002,-0.9097589194043356,2.0553509410300457E-4,-0.41513692478455966,10.057416091462906,73.86795347331417,56.599122407291304,56.4946385565817,18.864455996385665,5.912738559640882,55968.0,236196.25029307228, -1.7763568394002505E-15, 0.0,0.0,76.1883328815593, 78.08538539056916,78.08538539056916,0.0, 106.99509684698161, 11.288475788848222, -12.800201834173297, 11.288475788848222, 154.6424755093595, -24.711840057028056, -12.800201834173297, -24.711840057028056, 129.19060495791254, 7.327903821567055, 4.505504915398915, 9.0, 0.0
38, 0 ,1.0,1.0,1.0,184.5136816812509,114.16851958112179,57.173504518720414,8.910454814869961,10.793066556871494,14.133590380056214,38.0,50.0,67.0,0.028203414812028756,0.15993989818076895,0.9867237690270089,14.217457622226513,0.09976657805685117,-0.9826380465454895,0.1564260188846189,10.703509060659112,-0.9946110784099316,-0.09403030602518625,0.04367040477306055,8.88502449567227,64.5110935430019,50.593471550037734,40.06570467245831,18.96568291602626,5.995643357377307,55768.0,130768.05658289677, 0.0, 1.4210854715202004E-14,0.0,80.79659228461949, 104.28652216330758,104.28652216330758,0.0, 79.39620500783927, -2.9364255565986985, 3.9842313881117604, -2.9364255565986985, 116.4902857010579, 13.96642168507099, 3.9842313881117604, 13.96642168507099, 199.75837703121755, 7.758106960868403, 4.575951764428464, 12.0, 0.0
39, 0 ,1.0,1.0,1.0,48.040407519012774,152.67718467498923,187.91532501076193,17.493701472940494,15.166316031466785,6.769347715061252,88.0,78.0,29.0,-0.9173338227915544,0.38183959968937303,0.1126817539430942,18.006366287840027,0.3903380396098649,0.918312264179797,0.06586957029237855,14.702571828332651,0.07832542624308075,-0.10440835965589321,0.9914454206045863,6.440182949183135,81.87374212472079,72.15429550613231,31.493000612022257,22.752015979098683,8.013524228762229,69690.0,186046.22959925237, 0.0, 0.0,0.0,NaN, 68.50816721000065,68.50816721000065,0.0, 306.0295912243604, -36.42333121028514, -24.735780674849877, -36.42333121028514, 230.01714196632642, 22.732616828341108, -24.735780674849877, 22.732616828341108, 45.824068487404986, 8.455843171341328, 5.2377155611860005, 12.0, 0.0
40, 0 ,1.0,1.0,1.0,80.78244608656311,106.89235409440506,74.50897300557985,12.712496370734822,11.485005353261773,10.71604837016477,63.0,61.0,52.0,0.8925560992140111,-0.3798105798616344,0.24307927345012015,13.089120612188319,0.4132511369811245,0.9046757053250735,-0.10385261661792207,11.220735241014602,-0.18046359062059292,0.19314707251146856,0.9644309725639117,10.541187165720405,63.493016556146536,56.70425969019534,51.36292178010406,19.42900628464824,5.555206513106309,66310.0,184923.18564123704, 0.0, 0.0,0.0,NaN, 144.0361912165007,144.0361912165007,0.0, 161.60756397594602, -14.882082639633845, 12.428267901952808, -14.882082639633845, 131.90534796445158, -6.948091550085493, 12.428267901952808, -6.948091550085493, 114.83369267171105, 6.207564761242775, 3.9719967746960445, 21.0, 0.0
41, 0 ,1.0,1.0,1.0,48.35105758424611,184.2625928845799,166.3084019658822,11.744858011757547,9.86165785387748,13.251844450559013,54.0,42.0,59.0,-0.40439677788891876,0.261331625815821,0.8764525243169308,13.914777387364719,0.9132868900070958,0.06437453201460024,0.40219768294840785,11.276571808739694,-0.04868575329834595,-0.9631000472310035,0.26470360112664065,9.488059084318627,72.75267622743479,57.13886075887291,47.14388868382993,19.34282547674037,6.054788952678622,59617.0,195977.3827127725, 0.0, 0.0,0.0,NaN, 60.996840330660795,60.996840330660795,0.0, 137.94168971634542, -8.764963122622406, -23.07710124199401, -8.764963122622406, 97.25229562694338, 24.690071074091726, -23.07710124199401, 24.690071074091726, 175.6113813418117, 7.226226031857727, 4.508383007995625, 9.0, 0.0
42, 0 ,1.0,1.0,1.0,172.55781815382247,103.82560884851284,123.91328560063644,11.971143358112041,11.97703813449636,13.88968577230664,52.0,60.0,66.0,-0.35328329784470314,-0.03244758646120196,0.9349535098585459,14.174050792961879,-0.5379510510376482,-0.8105932293690447,-0.23140285907601374,12.331557223466616,0.7653754491433998,-0.5847099884848097,0.2689138360416454,11.256556631224866,69.99651543790323,68.50908298282909,60.916487766830585,20.98009796226086,6.286221132205236,77934.0,292118.74784382276, 0.0, 0.0,0.0,NaN, 125.6653292118723,125.6653292118723,0.0, 143.30827330047003, 11.907759213290726, -21.34986353730695, 11.907759213290726, 143.44944247518004, 2.5055362819596376, -21.34986353730695, 2.5055362819596376, 192.92337085341748, 7.540844803938482, 4.668362754794337, 17.0, 0.0
43, 0 ,1.0,1.0,1.0,114.91927464734448,152.73173128805982,63.03031295768134,9.699313142260188,12.195424027478245,10.645374862751831,45.0,54.0,49.0,0.037126622884485004,-0.8830853443004958,0.4677412624035519,12.734048153445926,-0.5790377346570933,-0.40049054908897186,-0.7101567587044392,10.301964017704577,-0.8144549807794008,0.24447411881851372,0.5262085988574647,9.372438509468275,60.88120707037183,51.59814947152077,47.63241108629138,18.089241037979622,5.376653911122996,51892.0,149630.43764033832, 0.0, 0.0,0.0,NaN, 115.95619606170872,115.95619606170872,1.3486991523486091E-6, 94.07667543162118, 1.8045020882926703, 8.810606278033612, 1.8045020882926703, 148.72836720999368, -25.494276831036004, 8.810606278033612, -25.494276831036004, 113.32400596850859, 6.333001911614898, 3.964445681014665, 16.0, 0.0
44, 0 ,1.0,1.0,1.0,98.78474477475227,159.22098009825964,16.167207927387793,11.766875933878802,10.890232434013866,10.615191966302461,51.0,55.0,45.0,-0.7894869422705939,-0.01169520192424249,0.613655921698943,13.353357210196073,-0.12614848596093783,-0.9753809194447902,-0.18088289436206606,11.002108763515032,0.6006637391036613,-0.22021644860224823,0.7685751676257973,8.389295927805051,63.183913239811844,53.08921568360199,49.82810629762411,18.276699956724197,5.975037312307435,48036.0,167142.6223328019, 0.0, 0.0,0.0,NaN, 108.08669148663435,108.08669148663435,0.0, 138.45936924329615, 7.2306589686070115, -51.13400512180047, 7.2306589686070115, 118.59716246684756, 8.164399364034816, -51.13400512180047, 8.164399364034816, 112.68230048145233, 7.235902683180142, 4.345311524786618, 12.0, 0.0
45, 0 ,1.0,1.0,1.0,117.66861156743896,112.76825468758851,54.616061481523445,10.22906709201399,10.863339150484968,11.058674084838337,50.0,48.0,53.0,0.09957928870263726,0.6752617375761294,0.730825253413662,11.884911923053187,-0.8413205724485876,-0.33502641716065457,0.4241898091412333,10.367290774718406,0.5312849138045025,-0.6570988400310578,0.5347498992927258,9.808586756498867,59.16504924446335,50.66942915624405,49.03412003933784,17.881611808243502,5.018782992452183,52959.0,146997.39136594656, 0.0, 0.0,0.0,NaN, 131.79813763189608,131.79813763189608,0.0, 104.63381357292354, 6.206043727547356, -0.7448803980299341, 6.206043727547356, 118.01213749845947, 20.626558706976024, -0.7448803980299341, 20.626558706976024, 122.29427251467503, 6.558861906908009, 4.014906842582842, 12.0, 0.0
46, 0 ,1.0,1.0,1.0,108.86317238215392,52.98067438926483,129.41824368237948,10.715654846149532,11.048663814594727,11.056432164543317,51.0,52.0,49.0,-0.402077271450297,-0.5758526180367926,0.711848038617271,12.394502016105163,0.7504975695538738,-0.6526321423258715,-0.10404174593340777,10.774727359426814,0.524487622234131,0.4924074015521244,0.6945845413049963,9.456452462825329,58.00598479939917,51.71058356412629,47.65877673207709,18.187383190809705,5.325600036571778,52314.0,142953.61241017026, 0.0, 7.105427357601002E-15,0.0,54.84063655362369, 126.8647213841037,126.8647213841037,0.0, 114.82525878180795, 1.8014425828336054, -20.457453295896396, 1.8014425828336054, 122.0729720879349, -24.505565539570938, -20.457453295896396, -24.505565539570938, 122.24469220914803, 7.123452746175287, 4.1510660441024285, 16.0, 0.0
47, 0 ,1.0,1.0,1.0,17.51507404981725,49.72275156867302,93.96530961485644,9.512671302862824,10.648727822553411,10.932606172621798,38.0,56.0,47.0,-0.3894307492358297,0.45431338510352315,-0.8012134794581272,11.530062005104005,0.16027823787830045,0.8900403224067355,0.42677758956245815,10.409554756810191,-0.9070030749739759,-0.03778323180847887,0.4194256184138725,9.061293351625284,57.29380726554626,58.138644642143674,46.481931412729594,17.291595056197355,4.940540222811697,47333.0,154830.58380699297, 0.0, 0.0,0.0,NaN, 107.74325618592741,107.74325618592741,0.0, 90.49091531630988, -5.249037315282124, 17.657189520837484, -5.249037315282124, 113.39540423882312, -8.532424353500263, 17.657189520837484, -8.532424353500263, 119.52187772564824, 7.325041475321433, 4.155324837121673, 9.0, 0.0
48, 0 ,1.0,1.0,1.0,126.6959201540886,9.299492208019611,49.48632463666608,11.115774866093476,6.2100362808033935,10.692933843039595,53.0,26.0,53.0,-0.9915759915307862,0.11887406291763165,0.0514393836004402,11.165950750712712,-0.06829862469297704,-0.14241605736927335,-0.987447702143481,10.775431931440385,-0.11005612606659457,-0.9826426734926831,0.149335278304783,5.97289261394716,52.1083359870388,53.16594932588686,27.49784945941991,15.775626956013042,5.2529448692053835,28555.0,76179.74380564687, 0.0, 0.0,0.0,NaN, 88.93179973118882,88.93179973118882,0.0, 123.56045087367544, -9.708650294441096, 0.8849153150121387, -9.708650294441096, 38.56455060889444, 11.855610285667348, 0.8849153150121387, 11.855610285667348, 114.33883417162154, 6.624140276411665, 4.204077776936736, 12.0, 0.0
49, 0 ,1.0,1.0,1.0,149.1752844285957,52.2955085753099,159.63015792154866,10.489335588502433,9.094663019181349,11.046008492163645,48.0,44.0,51.0,0.478232256056184,-0.08668311760785113,0.8739450476941875,11.247457152819207,-0.8336397730860666,0.26826081677203223,0.4827844890982034,10.385492121526838,0.27629447695606135,0.9594384666598406,-0.05602848112336172,8.966025937885743,50.918209680790625,47.787485959422014,42.26800734598417,17.11188502645224,4.683668537709885,47112.0,102848.76540872011, 0.0, 0.0,0.0,NaN, 83.35284086042634,83.35284086042634,0.0, 110.02616108822367, -8.054642337725205, 8.218652485223506, -8.054642337725205, 82.7128954324648, 0.06399519052892036, 8.218652485223506, 0.06399519052892036, 122.01430360895138, 6.607290001680651, 4.048124018266264, 14.0, 0.0
50, 0 ,1.0,1.0,1.0,134.46318799142244,116.89909935668335,185.00271622587562,9.96936889024262,10.277303003019114,7.967666506750288,50.0,47.0,33.0,-0.2794422650715102,0.9539801201224165,0.10878396436481036,10.331421006439202,-0.9598126701634871,-0.28059989761832177,-0.004830698730490973,9.939409508179285,-0.025916378708091953,0.10576212870308471,-0.9940536773468781,7.935040092199627,48.78120227645866,51.653043374481,34.733406047810576,15.745914344493885,4.534441983777691,34975.0,87517.67836652904, 0.0, 0.0,0.0,NaN, 106.8913089852474,106.8913089852474,0.0, 99.38831606973736, -2.020168965783263, -1.1645461861096458, -2.020168965783263, 105.62295701586571, 4.591267635771799, -1.1645461861096458, 4.591267635771799, 63.48370956279034, 7.007829976601632, 4.316122228666081, 13.0, 0.0
