// Sample: .//bubblelabels.tif, Map: .//bubblelabels.tif, Thickness:(8.191250068658265):/gpfs/home/mader/Foam/NewValid/InSilicoTest/LatticeData_Phi_6.65/out_Step_06000.vtk/distmap.tif, Neighbors:(1.0):
//LACUNA_NUMBER, TRIANGLES, SCALE_X, SCALE_Y, SCALE_Z, POS_X, POS_Y, POS_Z , STD_X, STD_Y, STD_Z,PROJ_X, PROJ_Y, PROJ_Z, PCA1_X, PCA1_Y, PCA1_Z, PCA1_S, PCA2_X, PCA2_Y, PCA2_Z, PCA2_S, PCA3_X, PCA3_Y, PCA3_Z, PCA3_S,PROJ_PCA1, PROJ_PCA2, PROJ_PCA3,OBJ_RADIUS, OBJ_RADIUS_STD, VOLUME, VOLUME_BOX, Mask_Grad_X,Mask_Grad_Y,Mask_Grad_Z,Mask_Angle, Mask_Distance_Mean,Mask_Distance_COV, Mask_Distance_STD, SHAPET_XX, SHAPET_XY, SHAPET_XZ, SHAPET_YX, SHAPET_YY, SHAPET_YZ, SHAPET_ZX, SHAPET_ZY, SHAPET_ZZ, Thickness, Thickness_STD, Neighbors, Neighbors_STD
1, 0 ,1.0,1.0,1.0,182.75514282694544,35.27952381409918,20.785197498006283,11.469457279231484,18.662687813386793,14.008329908774938,49.0,84.0,65.0,0.18490264912927643,0.9694510004774051,0.1611699972647954,18.904796584968974,-0.45313975830029946,0.22962652054599586,-0.8613570807217447,14.886510318990865,-0.8720523893623149,0.0862346724658813,0.48175534399960773,9.852824475075888,96.7560110888991,77.37960758523985,54.58779363057589,24.564162302728928,8.525233363253744,104077.0,408695.65407665947, 0.0, 0.0,0.0,NaN, 44.4303312445425,44.4303312445425,NaN, 131.5484502801161, 33.704482113036384, 56.36349023356989, 33.704482113036384, 348.29591641993596, 16.042151814407127, 56.36349023356989, 16.042151814407127, 196.23330683307844, 10.13907071276764, 7.032151047361142, 8.0, 0.0
2, 0 ,1.0,1.0,1.0,60.85699602391063,83.76198912661275,33.32527296169069,16.3642877860129,17.832377128426316,17.715493828481076,79.0,84.0,72.0,-0.0411279231600712,0.7217628403913469,0.6909174307880454,18.812173302145816,-0.5241626526547851,-0.6042930083524736,0.6000695573166629,16.866214032048465,-0.8506244808953232,0.3374734986432732,-0.4031744414208697,16.163392906688482,93.78184554354459,89.73331376435218,77.36595238971601,28.863533806929883,8.15590133320163,221826.0,651062.0139649477, 0.0, 0.0,0.0,NaN, 108.76680838138196,108.76680838138196,0.0, 267.7899147434509, 4.6028951478834434, -9.934095602450656, 4.6028951478834434, 317.993674050422, 37.78109615896421, -9.934095602450656, 37.78109615896421, 313.83872158695107, 10.63122359575242, 6.704630446461364, 21.0, 0.0
3, 0 ,1.0,1.0,1.0,56.49179554731587,151.34348115984454,14.050901757980842,15.492978688933144,21.696836196896935,9.348665619696778,80.0,89.0,40.0,0.18269694811365372,-0.9829234225140687,0.021985691328360077,21.885912982740276,0.9697280892631442,0.18383922382274023,0.1607189244560316,15.359901622076123,-0.1620162277181147,-0.008042714559245979,0.986755317542556,9.124849234462893,94.8875461610579,70.36911085625748,43.06906444280414,26.63414792044918,9.42363003473918,122982.0,287578.70075147477, 0.0, 0.0,0.0,NaN, 75.86967529925622,75.86967529925622,0.0, 240.03238865573655, -43.848127591917745, 25.3827337323654, -43.848127591917745, 470.7527009549771, -4.04116205672932, 25.3827337323654, -4.04116205672932, 87.39754886890053, 10.203840250473153, 6.6434720896398325, 11.0, 0.0
5, 0 ,1.0,1.0,1.0,167.37445136766203,185.26326514617134,83.55310956971549,17.635050174398163,8.35150667820323,18.05048395828968,72.0,35.0,84.0,-0.6525888098058394,-0.018084676323509012,0.7574963958980082,19.154692978321506,0.7549700374630243,0.06945665486640656,0.6520705603137199,16.461659678810495,0.06440565075579763,-0.9974210332537822,0.03167324697089696,8.286985405040388,89.31936210191495,82.10371368121409,36.634919695706856,25.15099623212801,8.601745061877809,102072.0,268660.40064767934, 0.0, 0.0,0.0,NaN, 90.89950437973785,90.89950437973785,0.0, 310.99499465354063, 14.128426432795454, -47.827223928835856, 14.128426432795454, 69.74766379607313, 5.077394776653875, -47.827223928835856, 5.077394776653875, 325.81997112847307, 10.780415446697868, 6.7571694333008265, 12.0, 0.0
6, 0 ,1.0,1.0,1.0,13.827822988784972,115.96009555042714,143.58403983966963,8.785551227011585,17.45647844291997,20.621818137966724,35.0,86.0,103.0,-0.010814503799744687,0.061898619969670096,0.9980238510944592,20.63359217346492,0.06642508879109521,-0.9958331393857576,0.062482526198935684,17.472690423107935,-0.9977328069611927,-0.06696954044157633,-0.006657819942267366,8.72547401023618,102.13421244783362,85.83687212536637,37.551020896334606,26.781261729480903,9.483562278115695,123495.0,329205.3441503084, 0.0, 0.0,0.0,NaN, 102.16004497510016,102.16004497510016,0.0, 77.18591036244477, -15.392643332210037, -2.822288844804155, -15.392643332210037, 304.72863962812966, 7.33879224527242, -2.822288844804155, 7.33879224527242, 425.2593833153734, 11.3664948663418, 6.927141551806982, 17.0, 0.0
7, 0 ,1.0,1.0,1.0,58.1322960543282,150.4301008885381,185.29235794721913,18.109170504923952,21.73872313703864,8.38872723623401,89.0,90.0,36.0,0.04913699709951338,0.9973457471679597,0.05373096055373608,21.77536989090361,0.9975021398822251,-0.04626931044036869,-0.05337257574592415,18.11791275333421,0.050744816941477186,-0.0562193162299002,0.9971280519753812,8.274018867881482,92.16883010299253,89.09792590399357,39.506017902498456,27.676695344584466,10.24135828159429,127963.0,324425.45733519294, -7.105427357601002E-15, 0.0,0.0,87.18352330085176, 77.80008661448457,77.80008661448457,0.0, 327.94205637640766, 7.89161571749587, -12.760386421766137, 7.89161571749587, 472.5720836288191, 22.382762952254534, -12.760386421766137, 22.382762952254534, 70.37074464393427, 9.651318099060799, 6.447758098848785, 18.0, 0.0
8, 0 ,1.0,1.0,1.0,184.52696753537208,177.55608917767262,138.68823127810344,10.056065446334573,14.127119396721378,16.480678412876514,42.0,58.0,77.0,0.007311310966869013,0.39483349152289576,0.9187236029969978,16.976164196290018,0.3271486668390114,-0.8691337626391886,0.3709181209190289,13.93415676849135,-0.9449445986497852,-0.29784730418871497,0.13552375758556753,9.484821558181642,79.37942204495687,69.54896239817685,48.41613736571017,22.67337935507889,7.630896689083705,84954.0,267293.7021129487, 0.0, 0.0,0.0,NaN, 67.09900782023045,67.09900782023045,0.0, 101.12445226096415, -29.05525343487082, 13.975566331683678, -29.05525343487082, 199.5755024492214, 38.314529956916225, 13.975566331683678, 38.314529956916225, 271.612760948654, 10.959331977224132, 6.739197250496716, 7.0, 0.0
9, 0 ,1.0,1.0,1.0,81.6356932305942,22.27842995293996,43.30183585871645,17.809873717327562,13.872091192667131,19.67924134565033,97.0,57.0,86.0,-0.3379738495345157,0.057832298634174155,0.9393769755883462,19.97921188357366,0.9345369245438907,0.13878448922116418,0.3276882698780457,17.55806624700322,0.11141998786064751,-0.9886325357716628,0.10095194658264327,13.763882373890617,95.39649208053662,92.51979846824602,63.59664750149588,28.573574641279002,8.969386157619558,193370.0,561308.0951437594, 0.0, 0.0,0.0,NaN, 95.05663490331939,95.05663490331939,0.0, 317.19160182715507, 11.314383184903697, -30.19077866833882, 11.314383184903697, 192.434914057673, 16.798227012289335, -30.19077866833882, 16.798227012289335, 387.27253994035334, 9.399078222387653, 6.171274876944558, 14.0, 0.0
10, 0 ,1.0,1.0,1.0,51.77301690979026,183.33964728935337,121.84011902169969,14.939592148974182,9.535411713344946,12.3361027548511,64.0,35.0,56.0,-0.9835049513154606,0.0347537545577103,0.17751109058905534,15.027215338161952,-0.17370349193600282,0.09224268617775057,-0.9804684511680892,12.256741751460597,0.05044905972575055,0.9951298726251039,0.08468429005389487,9.500000111444448,63.10744006862721,59.448882054185816,38.75328046411241,20.63001661975125,6.379446337081103,68895.0,145389.39421170243, -7.105427357601002E-15, 0.0,0.0,10.421091769438759, 95.22068906979537,95.22068906979537,0.0, 223.191413577691, -5.594768788578134, -13.452880742269597, -5.594768788578134, 90.92407654299598, -4.5881092257460825, -13.452880742269597, -4.5881092257460825, 152.17943117824487, 10.988326269709603, 6.540054025671896, 9.0, 0.0
11, 0 ,1.0,1.0,1.0,169.8565060689417,96.01265535492188,16.64829189022342,16.107395607367806,15.62808211896357,10.510576565336791,68.0,75.0,41.0,0.854961703041854,0.4956041408681762,0.15302621306851075,16.449356098175976,-0.5030140563460522,0.8642020806293638,0.011472704745164538,15.393523836384201,0.12655965174597772,0.08678305935028903,-0.9881555318671957,10.325476819943951,79.56194335404538,70.46009855555025,45.254922917627496,23.699230336052548,7.245953711129122,110151.0,253696.48983488276, 0.0, 0.0,0.0,NaN, 102.00110704074166,102.00110704074166,0.0, 259.4481932522517, 12.814255254513458, 20.69969316317483, 12.814255254513458, 244.2369507170689, 13.727576518642904, 20.69969316317483, 13.727576518642904, 110.47221973580695, 9.67944134565347, 6.078547431702752, 11.0, 0.0
12, 0 ,1.0,1.0,1.0,89.01404527852249,179.35273309502531,81.17456061960084,16.45811464331445,11.309796499032329,17.78111007019101,81.0,50.0,85.0,0.6077132343098518,-0.03818807356242159,0.7932378558050859,19.508746918829445,0.7928686700964224,-0.027686500479988267,-0.6087632788454821,14.38319099337125,-0.0452094771501447,-0.9988869449185742,-0.013452674345566622,11.290771465914997,89.74807740711461,68.9960587670081,51.7430234237076,25.5049154455385,8.027963496814595,134280.0,320406.44169103773, 0.0, 0.0,0.0,NaN, 122.22568952260963,122.22568952260963,0.0, 270.8695376124815, -7.6168696352190866, 83.69297571247954, -7.6168696352190866, 127.91149684952393, -6.3290963937100635, 83.69297571247954, -6.3290963937100635, 316.1678753282481, 10.513717237313989, 6.292762633218547, 15.0, 0.0
13, 0 ,1.0,1.0,1.0,154.9879982219588,181.1108177642479,183.8974662913024,17.708030716097287,12.308496855658161,9.48897070881509,78.0,54.0,42.0,-0.9871595232817458,-0.15970589127357698,-0.003178661144118318,17.83183311103894,-0.1408771823776192,0.8798125687755483,-0.45396416522663374,12.926992507232848,0.07529737764025864,-0.4476872481064027,-0.891014271941486,8.368548525206974,82.070571177658,66.56058774530698,42.75311478266872,22.222544248854458,7.827677746847687,74239.0,233545.96318178973, 0.0, 0.0,0.0,NaN, 51.402072929421614,51.402072929421614,0.0, 313.574351842245, 27.057338307735016, 6.98622883478438, 27.057338307735016, 151.49909484574684, -38.64602776409311, 6.98622883478438, -38.64602776409311, 90.04056511275077, 10.909920354779468, 6.600713865204008, 8.0, 0.0
14, 0 ,1.0,1.0,1.0,21.694236755021134,45.955519150748664,57.31074997542675,12.585788905651974,16.430254175718765,17.248901420307707,55.0,85.0,84.0,0.1633857507134595,-0.06491124889798856,-0.9844245152525932,17.347116187703385,0.2279023957785407,-0.9683605996033241,0.10167717115602981,16.655102617875936,0.9598779060183651,0.24096530642894326,0.14342289439069603,12.147635639176478,86.87699280780677,89.95348529933081,64.8010800211238,25.852089031686404,7.586133900844005,152605.0,506413.2017855242, 0.0, -7.105427357601002E-15,0.0,86.27824268269262, 76.59681267222295,76.59681267222295,0.0, 158.4020823776323, -30.27827083586256, -21.65772481502324, -30.27827083586256, 269.9532522787239, -2.9832549992910224, -21.65772481502324, -2.9832549992910224, 297.5246002074933, 11.011438257473527, 6.237629638226646, 13.0, 0.0
15, 0 ,1.0,1.0,1.0,133.33698555319475,117.93104964132759,117.80277346690023,13.060740838762934,16.625305474633183,17.685153880332805,67.0,85.0,85.0,-0.15323494831988058,-0.1909154589422432,-0.9695722449360209,17.733183647213327,0.3604142707516546,0.9027768703516862,-0.23472425481097475,17.270887260182874,-0.9201198856953131,0.38541563265504314,0.06952831116283814,12.124316563563784,84.60453559427445,84.0193682874623,65.96317325950582,26.433579288157283,7.8111642646852495,150137.0,468893.91597719624, 0.0, 0.0,0.0,NaN, 133.92406116095393,133.92406116095393,0.0, 170.58295125732988, 54.12321729118569, 12.082567782862537, 54.12321729118569, 276.40078212486804, -1.0585777594506145, 12.082567782862537, -1.0585777594506145, 312.7646677710504, 9.436482645186288, 6.184388112170981, 26.0, 0.0
16, 0 ,1.0,1.0,1.0,77.59574121139876,92.10860641910888,159.14277119273072,14.335310178525436,17.23296347637922,17.98304331031627,77.0,82.0,83.0,0.11674503864062541,0.4704860822192989,0.8746504686963444,18.249679305040885,-0.17883431127790908,-0.8563190889860889,0.4844955179852457,17.089042232570478,-0.9769282906449964,0.21297996214660825,0.01583195065285605,14.169680152708137,90.53291622440858,94.02865277978566,77.89679465248153,27.527629473591695,8.252006444383039,177844.0,663111.1203565933, 0.0, 0.0,0.0,NaN, 127.17864434104584,127.17864434104584,NaN, 205.50111791453497, 21.24003766504278, 5.599550926100302, 21.24003766504278, 296.97503017822015, 16.570592060527126, 5.599550926100302, 16.570592060527126, 323.38984670071073, 10.060478009436707, 6.305424890505278, 21.0, 0.0
17, 0 ,1.0,1.0,1.0,119.67396830777052,50.08567917973053,13.804414880094907,17.138035261113234,18.943987899889844,9.18872391749892,80.0,95.0,39.0,-0.5515633824035248,0.8333722506681946,0.03561638678771526,20.270023989024825,0.8335977010160398,0.5491772797619141,0.059322746514959564,15.578471093436306,-0.02987822036796499,-0.06240999286599549,0.9976032702122171,9.135477177995568,102.4611738409896,72.46873236005146,42.181725387676195,25.7032447113385,8.738580474159582,118010.0,313209.07119584584, 0.0, 0.0,-1.7763568394002505E-15,87.95889966854175, 95.66299439437243,95.66299439437243,0.0, 293.7122526111606, -77.60448685331637, 1.4422155962346506, -77.60448685331637, 358.87467755117285, 14.905860191062956, 1.4422155962346506, 14.905860191062956, 84.43264723201672, 9.505092336655512, 5.896742969340337, 8.0, 0.0
18, 0 ,1.0,1.0,1.0,49.75842602157254,12.854073077569847,118.5595166598602,16.06923854501696,8.284805428178194,15.768567206979112,72.0,33.0,73.0,-0.760031821630466,0.08919738831717369,0.6437355482078573,17.100572411174287,0.6362558440372768,-0.09967497776178683,0.7650120258771099,14.756695279581534,-0.13240140119155816,-0.9910139881583827,-0.01900379532960297,8.081862891450681,84.40428128905066,78.8622827367768,38.1147907610979,22.717151522901545,7.709550366004113,83254.0,253704.0266020932, 0.0, 0.0,0.0,NaN, 96.29995057892502,96.29995057892502,0.0, 258.2204274166589, -25.064427922549278, -36.91634036727142, -25.064427922549278, 68.63800098277088, 1.4165153374100798, -36.91634036727142, 1.4165153374100798, 248.64771176101704, 8.61669427670921, 5.687094692019555, 9.0, 0.0
19, 0 ,1.0,1.0,1.0,15.791749509892524,97.69737079932706,23.41430418642159,9.477226208740866,13.222906291487634,14.608130427090833,38.0,59.0,58.0,-0.025781783677955417,0.3086052117977784,0.9508407452784258,14.78429788363195,-0.3127757039713711,-0.9058921741451178,0.2855358608438613,13.397519170643948,-0.9494770448176181,0.2900382596725471,-0.11987972843864678,8.943799983243629,65.79525493700321,65.40741010630504,42.34276234690424,20.914317603405657,6.375881206854138,71923.0,182221.96016191845, 0.0, -1.4210854715202004E-14,0.0,72.02480582881732, 101.69751842704264,101.69751842704264,0.0, 89.81781661164477, 27.0903635809453, -12.283686051690726, 27.0903635809453, 174.84525079346324, 14.92764129585322, -12.283686051690726, 14.92764129585322, 213.397474574897, 10.894311807374576, 6.507657428111052, 5.0, 0.0
20, 0 ,1.0,1.0,1.0,186.96819914719518,28.116536709129793,172.35129714004862,7.722944121201598,15.670344963055172,15.031464365584906,32.0,73.0,58.0,0.013859167997628857,0.8117392369936671,0.58385557682303,16.339387609224346,-0.058431375238179005,-0.5822563291649134,0.8109027941345223,14.320171716859592,-0.9981952203102301,0.04535392234790686,-0.03936145166875084,7.688016173850079,80.65446738020111,73.58956415963556,33.90268559366879,21.87606868844107,7.251628566939051,75281.0,201223.52863592625, 0.0, 3.552713678800501E-15,0.0,35.733790702525944, 41.530931121525455,41.530931121525455,0.0, 59.643865899202325, 7.304459144826063, -5.233950062388908, 7.304459144826063, 245.55971126114858, 29.601281467971646, -5.233950062388908, 29.601281467971646, 225.94492097384884, 8.964124496333067, 5.633003277979089, 9.0, 0.0
21, 0 ,1.0,1.0,1.0,23.01769755409219,178.37347970702862,41.0678924203736,14.822394572292296,12.628874767758127,17.223928795970277,66.0,55.0,75.0,0.3235609620830249,-0.32137698730986886,0.8899579404913129,18.301662796652423,-0.9258723671934933,-0.30148082852231356,0.2277491376515321,14.475915385999578,0.19511192552846296,-0.8976781951574471,-0.39510149892836866,11.460915955546557,86.48987284833146,75.82429965010172,64.75605426387617,24.698907242954814,8.112925670112793,119056.0,424672.40787049267, 3.552713678800501E-15, 0.0,0.0,71.12158591099593, 51.80822877232288,51.80822877232288,0.0, 219.70338085672012, 0.6568764132617493, 42.137598698680904, 0.6568764132617493, 159.48847789971788, -63.60088392413543, 42.137598698680904, -63.60088392413543, 296.66372316865414, 9.974290163414807, 5.964249526986992, 8.0, 0.0
22, 0 ,1.0,1.0,1.0,110.34661447075588,70.90905743151288,61.0523640264502,13.070205824658506,13.96965107407242,15.767718386121985,62.0,65.0,70.0,-0.20410928558455185,0.18778600860911154,0.9607683459132186,15.960899252410144,0.15887136164559057,0.9747730085929965,-0.15677203885717153,13.90606119583624,-0.9659706465452457,0.1206399464904439,-0.22879404127674102,12.902462230380298,70.7450367703279,64.81084836124765,59.94012349262181,23.860925094305877,6.72745332040887,124914.0,274828.21449426387, 0.0, 0.0,0.0,NaN, 129.58863806637933,129.58863806637933,0.0, 170.83028029893717, 0.7830550649869003, -17.98134080449929, 0.7830550649869003, 195.15115113133274, 11.815247733164208, -17.98134080449929, 11.815247733164208, 248.6209431040493, 9.414411600646533, 5.722107134716286, 10.0, 0.0
23, 0 ,1.0,1.0,1.0,141.46869667731826,40.31805137591909,86.80981447584773,15.450261024426217,12.554261796064276,16.381322581116272,89.0,66.0,82.0,-0.4636133189000229,-0.048118001043444956,0.8847300992472725,16.682630584317984,0.8460855511103756,0.2724174786742686,0.45817895795748453,15.339280425600238,0.2630625985212601,-0.9609752209543894,0.08558442598338112,12.290813532292663,80.65579822925466,74.12937894294905,61.32877099541877,24.70408055765297,7.374021174015452,128932.0,366682.5281055903, 0.0, 0.0,0.0,NaN, 112.19359440152601,112.19359440152601,0.0, 238.71056572290385, 22.25253742556705, -19.54059573089226, 22.25253742556705, 157.60948924411903, 5.096127709094042, -19.54059573089226, 5.096127709094042, 268.3477295065899, 8.901519855175842, 5.692808595806133, 15.0, 0.0
24, 0 ,1.0,1.0,1.0,55.59549360263275,78.3731935627198,93.18060983967045,14.116277108658648,15.581361129868801,14.29004405644987,71.0,74.0,62.0,-0.13943177877783913,0.8631248722590389,0.48535990146968677,16.28736865335299,-0.8446471365933677,0.15216389265010657,-0.5132420134967435,14.38424122304782,-0.5168461992812485,-0.48152009787898,0.7078194696581495,13.193509009738497,78.6240841219693,72.0144684898193,63.592948325705905,24.45281148897451,6.950788695380134,132789.0,360067.8284903461, 0.0, 0.0,0.0,NaN, 133.850074442388,133.850074442388,0.0, 199.26927940844016, -15.197277492654266, 8.062846146353001, -15.197277492654266, 242.77881465938637, 35.645608437333514, 8.062846146353001, 35.645608437333514, 204.20535913527826, 8.571717603591054, 5.541769404708246, 11.0, 0.0
25, 0 ,1.0,1.0,1.0,116.96590637817661,151.49977213047157,158.89725616151972,16.828338242240694,13.593031737718826,14.681840024126158,77.0,73.0,78.0,-0.9142071369916199,-0.4046458281532464,0.022069536283265103,17.522772079681197,-0.07074513542643489,0.10573566730330769,-0.9918745356512686,14.71041747266991,-0.3990243557567388,0.9083400918257969,0.12529102559569882,12.65211376550328,88.88610482716689,80.68741478747795,67.28990007976202,25.066621098940452,7.428621204106326,138237.0,482602.4910808727, 0.0, 0.0,0.0,NaN, 104.57709289345178,104.57709289345178,0.0, 283.1929679952606, 53.947911384440566, 0.9867023176807941, 53.947911384440566, 184.7705118226313, -7.219194111785677, 0.9867023176807941, -7.219194111785677, 215.5564264940328, 9.079229707263202, 5.781000931301727, 16.0, 0.0
26, 0 ,1.0,1.0,1.0,175.20723214105996,61.24112839918681,113.69674523459673,14.044373903684365,11.900400440842397,14.623759915050025,60.0,57.0,74.0,-0.5933421648829547,0.02135477002511126,0.8046670424276012,15.250038309779038,-0.7484302175739912,0.3533395200568461,-0.561251630722037,13.591793453142062,0.2963060660772184,0.935251387255412,0.19366868059309666,11.63691562783337,81.57168534039856,71.92743061377661,60.748528830737314,22.532185724342295,6.709614708429779,99362.0,356426.3038395471, 0.0, 0.0,0.0,NaN, 108.68950698579452,108.68950698579452,NaN, 197.2444383464904, -14.273324559365287, -25.664757967086068, -14.273324559365287, 141.61953065240192, -8.111273113219546, -25.664757967086068, -8.111273113219546, 213.8543540530239, 9.75481982919471, 5.596164587473926, 11.0, 0.0
27, 0 ,1.0,1.0,1.0,184.15059908102134,20.497193625312626,114.79408771011458,10.054203159993087,11.571274012961931,16.104713309706543,40.0,44.0,81.0,-0.22656247159925144,-0.31941447408626633,0.920132512308435,16.90224553232757,-0.16808452213255,-0.9177024597818491,-0.3599580374568901,10.881013074779176,-0.9593836770981206,0.23621301626823493,-0.15422830824187853,9.50056970316515,92.32979774556777,55.80361298512031,46.121096522429866,20.945993167301914,7.457113683502521,68772.0,237631.39982621867, 2.8421709430404007E-14, 0.0,0.0,76.90522586257399, 89.05832889267418,89.05832889267418,0.0, 101.08700118241495, 18.482355691598688, -39.03747697338587, 18.482355691598688, 133.8943822830481, -48.141979891118, -39.03747697338587, -48.141979891118, 259.3617907878391, 9.239803447899952, 5.82047302904374, 7.0, 0.0
28, 0 ,1.0,1.0,1.0,11.373209593389735,24.70059389097316,170.91178212859032,7.104086701459524,14.034523378112068,15.97476138666749,29.0,51.0,60.0,0.03857506358197276,-0.2780727905782026,0.9597851257493513,16.146485335273663,0.03825831219972184,-0.9593847778575305,-0.27949445354583546,13.855445340452738,-0.9985230423066239,-0.04750127530190729,0.02636973316924231,7.06728670771959,71.77520554601381,65.23070437669611,29.1502402192168,21.266739434196317,7.09610382615663,65837.0,136479.88599778543, 0.0, 0.0,0.0,NaN, 39.81951348216789,39.81951348216789,0.0, 50.46804786185405, -7.473795775857068, 6.284529995571067, -7.473795775857068, 196.96784645077418, -18.166957040588613, 6.284529995571067, -18.166957040588613, 255.19300136096263, 8.590444714106622, 5.225775382539133, 5.0, 0.0
29, 0 ,1.0,1.0,1.0,98.80351296283285,185.65060071664442,142.29092952996558,13.535935461569268,8.661797114131959,15.100305668880864,67.0,35.0,65.0,-0.2435613086828874,0.07080519056362239,0.9672975312187706,15.253827460605857,0.9543122044347133,0.19550122014785679,0.2259811704272222,13.554706849002441,0.17310720776338945,-0.9781441089685861,0.11518679052050379,8.358120566219519,70.96003588590656,69.88605895778605,38.33038829504841,21.004799371046673,6.713114980534564,71165.0,190084.88985331607, 0.0, 0.0,0.0,NaN, 115.31858587454688,115.31858587454688,0.0, 183.22154881976843, 18.437073699442845, -13.802809420115066, 18.437073699442845, 75.02672924638472, 16.1823784551758, -13.802809420115066, 16.1823784551758, 228.01923129363556, 9.696989317614289, 5.539690206269453, 7.0, 0.0
30, 0 ,1.0,1.0,1.0,175.89981310834315,150.70568345090584,92.9421392072769,14.144808540920645,11.437925671092138,14.138538826153182,60.0,53.0,70.0,-0.692803373622428,-0.1356785077895891,0.7082477165662964,15.21781274367424,-0.7211245311724203,0.12803145984151587,-0.6808724960168444,13.07654091278375,-0.001701775173135542,0.9824455648100006,0.18654172762794746,11.323527962173701,77.018931543331,64.93324615245646,54.00678410893872,22.068395732450004,6.6170946986851265,92567.0,270092.7469105429, 0.0, 0.0,0.0,NaN, 107.93048639138028,107.93048639138028,0.0, 200.0756086593016, 5.76649895020559, -29.714494376956747, 5.76649895020559, 130.82614365742856, -13.660941366112773, -29.714494376956747, -13.660941366112773, 199.898280138641, 9.264035319374265, 5.534968272962425, 8.0, 0.0
31, 0 ,1.0,1.0,1.0,19.862543019953737,75.88872171966976,174.83196359054406,11.610843909552143,15.547304707345718,14.521881655704359,47.0,73.0,60.0,0.034462994461931525,0.8093417356118551,0.5863260671414047,16.60630788354624,0.03858089708941425,-0.587314647341815,0.8084386305697765,13.306584683753808,-0.9986610117514816,0.00524023039091414,0.051465751650561144,11.600895194263234,85.09837505984555,67.27261582670938,48.04161891532081,23.15747611058512,7.151693992683463,106346.0,275028.1936205831, 0.0, 0.0,0.0,NaN, 82.3835466350696,82.3835466350696,9.5367431640625E-7, 134.81169629198408, 2.9754229975567394, 4.178038137462566, 2.9754229975567394, 241.71868366305435, 46.82748252995375, 4.178038137462566, 46.82748252995375, 210.8850468222828, 8.461829269498201, 5.130676371037803, 8.0, 0.0
32, 0 ,1.0,1.0,1.0,89.22022899785688,34.24627088687574,104.91782716724016,13.080806334965565,15.216251216553395,13.87709386504129,67.0,69.0,61.0,-0.41144915525701065,0.7767050056154948,0.47690557439615594,16.564613627736072,-0.09462757091321648,-0.556823813857708,0.82522291724359,13.076581207639139,-0.9065071513569853,-0.2944088561385203,-0.30260239583627124,12.240593485658454,82.86700122377331,64.86515232179562,63.74561601988523,23.44366834544985,6.753513463821565,117119.0,342644.2021878303, 0.0, 0.0,0.0,NaN, 134.80977680675133,134.80977680675133,0.0, 171.10749437287527, -38.68919701316763, -26.093080679690086, -38.68919701316763, 231.53430108526268, 36.41144571773468, -26.093080679690086, 36.41144571773468, 192.57373413916665, 8.20530114861323, 5.223844848607126, 10.0, 0.0
33, 0 ,1.0,1.0,1.0,104.65661364731805,161.17531960797814,17.92665656774312,11.394220602600328,17.541628921959077,11.00457499925586,55.0,84.0,45.0,-0.02050978950809113,0.9973969640507618,-0.06912774144044499,17.57156994355082,-0.7678411368271829,0.028568066282240245,0.6400030110748178,12.318088601887359,0.6403119061287819,0.06620545061561582,0.7652564937186158,9.906679676139428,85.04615411570008,67.51713423938313,53.62580451422757,22.418248892246943,7.487308988943637,87138.0,307923.2629671571, 0.0, 0.0,0.0,NaN, 104.49441202493668,104.49441202493668,0.0, 129.82826314072176, -5.484083714224278, -26.038095689366138, -5.484083714224278, 307.70874523571115, -13.541755977707135, -26.038095689366138, -13.541755977707135, 121.10067091424713, 8.138835942053111, 5.248619940013771, 12.0, 0.0
34, 0 ,1.0,1.0,1.0,153.2884300229433,90.06583633781274,69.35467059980334,10.851819916130346,13.261964545154878,14.855429657990182,53.0,65.0,67.0,-0.1345572530353371,-0.2582147179135566,0.9566710537632079,15.081884732861349,0.2537342459852696,-0.9422414834010758,-0.21863192669970763,13.240188691913396,0.9578691341043779,0.21332169700000458,0.19230334245448566,10.562179970052345,69.72154066719182,68.75739856670909,49.16644941872238,21.786266504188017,6.299530238133733,91530.0,235697.65342455517, 0.0, 0.0,0.0,NaN, 122.89790876560252,122.89790876560252,0.0, 117.76199549212323, -11.212565053187612, -18.456028666391028, -11.212565053187612, 175.87970359694503, -15.499958975575762, -18.456028666391028, -15.499958975575762, 220.6837903234943, 7.8917272707210735, 5.070982164670607, 8.0, 0.0
35, 0 ,1.0,1.0,1.0,153.23443877232617,49.538424094159936,156.9874311960958,12.378193726584426,11.415793522985936,13.077237695643253,56.0,58.0,59.0,0.5221603998988322,-0.12840989318472074,0.8431247927263084,13.337563820683444,-0.678338772317909,0.5366671357932356,0.5018415041920272,12.633016378046307,0.5169187815776511,0.8339659973234963,-0.19312091694195965,10.81991016422338,65.46491922738386,58.360830465596514,57.39343037139457,20.53979560645164,5.715851982501884,80119.0,219276.59697397906, 0.0, 7.105427357601002E-15,0.0,82.62228422062572, 80.56769981687914,80.56769981687914,0.0, 153.21967993285404, -19.55806013256036, 12.300354221142666, -19.55806013256036, 130.32034175944767, 4.867549433502921, 12.300354221142666, 4.867549433502921, 171.0141457483529, 8.049169780328494, 5.018458647263681, 13.0, 0.0
36, 0 ,1.0,1.0,1.0,119.68352280151575,79.2391088462041,179.34197046909708,13.271975763998405,12.004208693562218,12.396991374938564,62.0,57.0,50.0,0.7555946699279235,0.19281672047504833,-0.6260178967743333,14.14720677531343,-0.5216040681179371,0.7552176757362608,-0.3969577538962286,12.813627549985808,-0.3962396886978019,-0.6264726447026774,-0.6712124362226176,10.468966121629558,68.95304624160516,62.55492677842354,56.39884060973242,20.839404538920625,6.296902464885418,76530.0,243268.09473670833, 0.0, 0.0,0.0,NaN, 114.70103340604598,114.70103340604598,1.9073486328125E-6, 176.14534068016107, -8.312763409707731, -31.525760815868974, -8.312763409707731, 144.10102635859474, -27.294743468104095, -31.525760815868974, -27.294743468104095, 153.68539515030113, 8.434508416612335, 5.0559288687684845, 9.0, 0.0
37, 0 ,1.0,1.0,1.0,48.8553677354321,32.0662195169232,11.0246966231148,12.66446788938067,13.600417082749985,7.450968634772809,58.0,59.0,31.0,-0.5359348192976608,0.8411418064843227,0.07248676326526682,14.18109426551489,0.835142752081677,0.5407734424049241,-0.1005020777644487,12.08144615273418,0.12373541574596529,-0.006674232077118652,0.992292800294527,7.335683310602028,70.71775734853881,60.54087123304177,33.372869003949845,19.018692554878452,6.258303192182558,51586.0,142879.75269638578, 0.0, 0.0,0.0,NaN, 59.46960001802202,59.46960001802202,0.0, 160.38874692115408, -24.781800026833483, -13.456397830708806, -24.781800026833483, 184.9713448247576, 3.972388561536836, -13.456397830708806, 3.972388561536836, 55.51693359636818, 8.038481231652483, 4.870139347908243, 2.0, 0.0
38, 0 ,1.0,1.0,1.0,46.12984434561626,22.70636118170267,166.62105569673867,12.017141630436138,13.216293256385963,11.590503738116224,52.0,53.0,58.0,0.3746623587198761,-0.8902276745623608,0.25908069090874036,13.489057818394976,0.7268479679567477,0.4554958213741895,0.5140190543042145,12.118201393310644,-0.5756041595016538,-0.004271317588729118,0.8177173150976143,11.163171210332749,64.52820467406531,66.59238270507754,62.35790269031409,20.455038994213357,5.9172001025257925,75552.0,267957.32681982487, 0.0, 0.0,0.0,NaN, 61.30004323216208,61.30004323216208,0.0, 144.4116929659613, -11.763029478934811, 13.872782237598228, -11.763029478934811, 174.6704074387931, -8.018727225855322, 13.872782237598228, -8.018727225855322, 134.33977690328615, 8.007120125045805, 4.874844571027363, 6.0, 0.0
39, 0 ,1.0,1.0,1.0,114.4754820853765,154.91283354893054,61.94863271261394,9.850852597078488,12.376196492460217,14.107293407144203,46.0,55.0,62.0,0.12704770412974908,-0.42538260841690984,0.8960516264879973,14.732764512519244,-0.3380405391220533,-0.8678604055176962,-0.36406992521318166,11.977450044017566,-0.9325167423619969,0.2566475267581715,0.25405623830853374,9.418683774621808,63.52360374924996,56.339986819071385,48.84575311942453,20.313706546853595,6.048023653470018,66482.0,174814.99380743675, 0.0, 0.0,0.0,NaN, 114.82564538498158,114.82564538498158,0.0, 97.03929688936798, 9.125303370607918, 21.348526989584546, 9.125303370607918, 153.17023961998456, -31.62154678605345, 21.348526989584546, -31.62154678605345, 199.0157272752543, 8.002233876175465, 4.982253147865706, 8.0, 0.0
40, 0 ,1.0,1.0,1.0,34.79905325681665,54.5993929587232,127.89184815927798,14.335487041381933,13.31995036147972,12.51384349985413,71.0,64.0,61.0,-0.9253341746257256,-0.20270245465943484,-0.32041906957103267,14.485519940164414,-0.3364853868729533,0.8285105990069455,0.4476022472621325,13.811533503239215,0.17474052103243093,0.5219979906170065,-0.8348555851769346,11.78706069538774,72.95064838364867,65.67830033012777,53.40762871746524,22.320115059294867,6.429308611713327,99499.0,255890.6145901, 0.0, 0.0,0.0,NaN, 96.91054318760398,96.91054318760398,0.0, 205.5061887136293, -1.1497978591070748, 13.214892733561705, -1.1497978591070748, 177.42107763228373, 23.823094379127557, 13.214892733561705, 23.823094379127557, 156.59627913884145, 8.28579315242393, 4.92448212439158, 6.0, 0.0
41, 0 ,1.0,1.0,1.0,59.36091290591615,143.79834257800607,86.62756986457326,12.038316041603991,13.335475562980621,10.907207473801089,62.0,60.0,52.0,0.36287755074682077,-0.9233324672025225,0.12560668045009177,13.585062181703279,0.9160543510395014,0.3781793350066379,0.1335096120716987,11.817544464110652,-0.1707756103944203,0.06661490511619866,0.9830555148671785,10.840427336731642,59.66191503354543,56.01031042458726,51.43620656480516,20.227709622116713,5.706391147501383,75539.0,171883.46525159338, 0.0, 0.0,0.0,NaN, 119.10785086905248,119.10785086905248,1.9073486328125E-6, 144.92105311754, -14.792030788125013, 5.76333500287454, -14.792030788125013, 177.8349084908533, -6.657133775307465, 5.76333500287454, -6.657133775307465, 118.96717487654234, 7.157769265346044, 4.644992034121908, 12.0, 0.0
42, 0 ,1.0,1.0,1.0,130.79771623348955,120.35393268001704,183.6891691521091,14.909153154630886,10.722185609884528,9.228830788140995,69.0,51.0,37.0,-0.9803142117046001,-0.10252659313968956,0.16873750036419488,15.1079903143799,0.030726985252909216,-0.9234181089922969,-0.382563521996489,10.960607280309405,0.19503819807221273,-0.3698476628076203,0.9083902287059704,8.604251650470577,70.2945311000376,55.250936744302294,43.09212569705724,19.546440745155852,6.352643855383527,58675.0,167362.86507167033, 0.0, 0.0,0.0,NaN, 106.76373598272215,106.76373598272215,0.0, 222.28284778824008, 14.192123169648381, -26.052053708284937, 14.192123169648381, 114.96526425281485, 13.618202372699745, -26.052053708284937, 13.618202372699745, 85.17131771613911, 7.77406387326308, 4.912172595353455, 8.0, 0.0
43, 0 ,1.0,1.0,1.0,125.39036118598382,10.404614555256064,43.12038814016172,9.580578165369575,7.124894003066948,18.130115449454674,44.0,29.0,84.0,-0.1631547143529231,0.010932808279464948,0.9865399195610591,18.315455304597712,0.9196944207247476,0.3636447313902829,0.1480698545277212,9.552013237900432,0.35713122472305275,-0.9314735546622963,0.06938519505340429,6.6750145195729065,86.99195233506991,48.65103818577927,32.91687722582369,20.100932533979098,8.197877165013042,46375.0,139312.41397115905, 0.0, 0.0,0.0,NaN, 86.79989678196395,86.79989678196395,0.0, 91.78747798275624, 15.094582484230703, -40.46534526148389, 15.094582484230703, 50.764114554939354, 5.6512999878815, -40.46534526148389, 5.6512999878815, 328.7010862105551, 8.355386055865377, 4.540122530492165, 4.0, 0.0
44, 0 ,1.0,1.0,1.0,170.33318653895554,103.5626261514184,120.89614297772395,7.829629216633621,12.81087338756727,16.302439569971828,41.0,54.0,69.0,-0.08080002642486367,0.04462347956545076,0.9957309379552359,16.353766470620823,0.1493622770234902,0.9882591276291395,-0.032168414012052365,12.893357248926085,-0.9854756546623061,0.1461254314935103,-0.086516428143654,7.583321675281133,67.81663442823778,55.69599442652179,37.73092416568224,21.11850647144641,6.723078979924286,54498.0,142514.03559815683, 0.0, 0.0,0.0,NaN, 128.20962168084029,128.20962168084029,0.0, 61.303093669962806, 15.292815045369473, -17.413082391821835, 15.292815045369473, 164.1184769522793, 5.871545084535669, -17.413082391821835, 5.871545084535669, 265.7695359325832, 9.627737564863343, 5.397844809744545, 9.0, 0.0
45, 0 ,1.0,1.0,1.0,48.65549857944703,183.2742879911302,164.2110560598711,15.03389516012536,9.92304618798536,9.556008471152898,62.0,42.0,43.0,-0.9941020901681317,0.050490364777163524,0.09597790051892668,15.07819905269995,-0.10085994736212772,-0.7556716845838674,-0.6471379884818138,11.009427468323501,0.03985354866835358,-0.6530015529712377,0.756307256659415,8.200156546198357,63.719905107817226,53.257115523446885,41.954659849785884,19.442474018380103,6.147548395897755,57724.0,142374.74705531233, 0.0, 0.0,0.0,NaN, 62.67340339065616,62.67340339065616,0.0, 226.0180036856407, -3.923264309617934, -11.7540353959082, -3.923264309617934, 98.46684564889077, 27.16602018924691, -11.7540353959082, 27.16602018924691, 91.31729790074594, 8.519603991104642, 5.162549414920311, 6.0, 0.0
47, 0 ,1.0,1.0,1.0,159.68221429720597,52.031318710784575,42.28166729232584,12.770075097928839,12.82688676042931,11.07290413258074,66.0,60.0,57.0,-0.7939681090602854,-0.45640951719676914,-0.40162793031292937,14.039866799073103,-0.26545580457335183,0.8545724001478806,-0.44636221695368145,12.702462977358252,0.5469441083086547,-0.2477828999703224,-0.7996597882029257,9.57823691887345,66.16764536439626,60.26924377561301,48.575027438056786,20.354957141131635,5.990723469132497,74588.0,193711.08646911904, 0.0, -7.105427357601002E-15,0.0,62.84433822339039, 78.23376099727406,78.23376099727406,0.0, 163.07481800674225, 22.394210159834216, 41.850074540543, 22.394210159834216, 164.52902396487676, -7.236632900666198, 41.850074540543, -7.236632900666198, 122.60920592932364, 7.339002948875462, 4.392846011646637, 4.0, 0.0
48, 0 ,1.0,1.0,1.0,8.532586036020643,118.29315471104884,68.77427292300331,6.014933568220104,9.655933406994743,12.634996843402737,24.0,46.0,54.0,-0.07121103496098807,0.032141443967276834,0.9969432862903903,12.6620379466872,-0.06656429828353061,0.9970995441554018,-0.03690112788399334,9.666682466777544,-0.995237751843149,-0.06898859778824407,-0.06886501783493439,5.940342258352149,54.732968326068175,46.61978884425896,26.298947587337707,16.10910452187502,5.436577280468055,29261.0,67105.43153091364, 0.0, 0.0,0.0,NaN, 107.13876146205182,107.13876146205182,0.0, 36.17942583010103, -4.1461509523592825, -8.734126285228967, -4.1461509523592825, 93.2370499603171, 1.8668291195269597, -8.734126285228967, 1.8668291195269597, 159.64314523279714, 7.495664035926445, 4.588380477771374, 8.0, 0.0
49, 0 ,1.0,1.0,1.0,50.74959733893557,140.11806722689076,49.904201680672266,10.52619572336061,13.659421386828086,9.542391956456905,49.0,58.0,40.0,-0.3710144809970928,-0.9211300161322665,0.11776140399395668,14.256461252646504,-0.8604873112851997,0.29333469850945065,-0.41655292793057846,9.86932641109723,0.34915589928801977,-0.2558793622599127,-0.9014521118516694,9.369500628266843,66.98535546832845,50.977614976009136,46.53068986749436,18.857405451632626,5.730278606909229,57120.0,158890.84353179755, 0.0, 0.0,0.0,NaN, 93.01503560227498,93.01503560227498,0.0, 110.8007964064952, 37.031262527069885, -1.5977801708918924, 37.031262527069885, 186.57979262293654, -13.699246080785397, -1.5977801708918924, -13.699246080785397, 91.05724425065343, 7.237393294359331, 4.340381571039766, 5.0, 0.0
50, 0 ,1.0,1.0,1.0,141.1964261799537,147.85201553502077,17.67682565191605,8.738369954453,13.679426757451218,10.325179296092589,38.0,56.0,40.0,-0.06418067722355948,-0.9723087684634463,0.22471426176418346,13.854594419650358,0.22144404834610273,-0.23344063213007082,-0.946819943137449,10.183584925968786,-0.9730587721834761,0.0110059093131669,-0.23029436779256268,8.627859809500436,60.452559207325834,48.098522251820285,40.811805329814206,18.414678172837576,5.567295677491655,52269.0,118667.61968669752, 0.0, 0.0,0.0,NaN, 80.5589395591674,80.5589395591674,0.0, 76.35910946088694, 5.820167910270734, -7.8307786444780145, 5.820167910270734, 187.12671641247232, -19.206484791796946, -7.8307786444780145, -19.206484791796946, 106.60932749645906, 7.900761993356281, 4.442026204226589, 6.0, 0.0
51, 0 ,1.0,1.0,1.0,9.006090003846317,22.583315526304542,113.29026881490663,5.874452661787038,12.9810361907169,14.854728386421872,24.0,53.0,63.0,0.015514946791508064,-0.13650410325102963,0.9905180039866455,14.889850906552182,0.017361860208838207,-0.9904511091671373,-0.13676683135788398,12.944025872731425,-0.9997288893675852,-0.019319165230914315,0.012996831099741089,5.867195606194934,64.66427463713268,56.59691372659479,25.22220553106174,19.47787600954969,6.655208204953048,46798.0,92308.18676177946, 0.0, 0.0,0.0,NaN, 90.05383545140742,90.05383545140742,NaN, 34.509194075576815, -2.685846508931946, 2.5620384073626292, -2.685846508931946, 168.50730058470194, -7.289515750872291, 2.5620384073626292, -7.289515750872291, 220.66295543436777, 7.325439735905722, 4.476616164480781, 2.0, 0.0
