// Sample: .//bubblelabels.tif, Map: .//bubblelabels.tif, Thickness:(8.191250068658265):/gpfs/home/mader/Foam/NewValid/InSilicoTest/LatticeData_OldFoam/out_Step_03500.vtk/distmap.tif, Neighbors:(1.0):
//LACUNA_NUMBER, TRIANGLES, SCALE_X, SCALE_Y, SCALE_Z, POS_X, POS_Y, POS_Z , STD_X, STD_Y, STD_Z,PROJ_X, PROJ_Y, PROJ_Z, PCA1_X, PCA1_Y, PCA1_Z, PCA1_S, PCA2_X, PCA2_Y, PCA2_Z, PCA2_S, PCA3_X, PCA3_Y, PCA3_Z, PCA3_S,PROJ_PCA1, PROJ_PCA2, PROJ_PCA3,OBJ_RADIUS, OBJ_RADIUS_STD, VOLUME, VOLUME_BOX, Mask_Grad_X,Mask_Grad_Y,Mask_Grad_Z,Mask_Angle, Mask_Distance_Mean,Mask_Distance_COV, Mask_Distance_STD, SHAPET_XX, SHAPET_XY, SHAPET_XZ, SHAPET_YX, SHAPET_YY, SHAPET_YZ, SHAPET_ZX, SHAPET_ZY, SHAPET_ZZ, Thickness, Thickness_STD, Neighbors, Neighbors_STD
1, 0 ,1.0,1.0,1.0,79.91378385084566,138.20788588377178,39.85534083105882,15.758157067210277,15.63161638250906,16.456352413589165,88.0,83.0,80.0,0.1170926363870288,-0.4248035118833132,0.8976810629591886,16.70270058733169,0.9910008402081376,0.10901075953034224,-0.07767875522550143,15.746169424263048,-0.06485868647066884,0.8986982978721065,0.43374499442769104,15.38039080119195,90.93355960737505,85.6531963227329,92.54131331375268,26.583638898598544,7.535822619559833,173297.0,720781.1571610972, 0.0, 0.0,0.0,NaN, 164.54811078399297,164.54811078399297,0.0, 248.3195141548692, -0.8802516893573653, 3.5827951283437307, -0.8802516893573653, 244.34743072992563, -16.27421426094949, 3.5827951283437307, -16.27421426094949, 270.8115347602419, 6.819954202326056, 5.501285781006809, 54.0, 0.0
2, 0 ,1.0,1.0,1.0,59.437030968376206,262.24266754055384,12.705095854497788,15.269271791451619,18.443083769011462,8.09771113254487,89.0,89.0,33.0,-0.3443778079234756,-0.938580945600078,-0.021673346910096713,18.899472399553574,0.9354506330940934,-0.3410890233706313,-0.09268436318996076,14.750043265648866,0.07959923651443665,-0.05219278391245988,0.9954596299467829,8.007314919380581,93.11365848217204,78.07947413603642,37.24767188526535,23.869633215890342,8.313334810831906,91545.0,270800.4634593902, 0.0, 0.0,0.0,NaN, 71.55275162745899,71.55275162745899,0.0, 233.15066104122013, 45.76840195573272, -11.116636353124147, 45.76840195573272, 340.147338910774, 10.812751057865784, -11.116636353124147, 10.812751057865784, 65.57292558614112, 7.61512172131635, 5.5173675961369915, 22.0, 0.0
3, 0 ,1.0,1.0,1.0,78.27192309658946,14.551853556271412,258.7318504883162,15.855120626404549,9.171203371382028,17.053641537607803,72.0,39.0,85.0,-0.586602842534294,0.10742262954983037,0.8027188074234253,18.29393108248826,0.7974365716428647,-0.09643117389156265,0.5956474988685583,14.550198157164722,-0.14139313751791627,-0.9895258497697239,0.02909593271136879,8.941271172865779,99.90129859889565,76.38867564699089,41.23613199259262,23.69500697604091,8.054139026346895,97785.0,314686.44437281793, 0.0, 0.0,0.0,NaN, 89.67335474532149,89.67335474532149,1.6518123698891422E-6, 251.38485007783896, -26.183328588855687, -57.35682266691269, -26.183328588855687, 84.11097127924907, 14.396412047850099, -57.35682266691269, 14.396412047850099, 290.82668969322225, 6.859119428438771, 5.251723103088182, 31.0, 0.0
4, 0 ,1.0,1.0,1.0,155.1665717837599,177.5511263956501,13.860010921216205,15.971207457569324,14.79769065155448,8.660114025089108,76.0,65.0,38.0,-0.8254183287294596,-0.5627147528166799,0.04512969709547278,16.961500292015874,-0.5597754246022686,0.8262036909891185,0.06355261605400583,13.68395483099864,0.07304831694718371,-0.0271949987758925,0.9969575594942662,8.608459747626197,79.73092507693067,64.02395087107759,39.91961849528836,22.32181746395823,7.126370486096694,86071.0,203777.2306319965, 0.0, 0.0,0.0,NaN, 190.1645300222391,190.1645300222391,0.0, 255.07946765271802, 46.87751392298877, -11.981456896951029, 46.87751392298877, 218.97164861910287, 0.5168816667773548, -11.981456896951029, 0.5168816667773548, 74.99757492754507, 8.35497872097715, 5.537924146712013, 23.0, 0.0
5, 0 ,1.0,1.0,1.0,17.481524226834374,164.16320103284366,12.673617495745388,10.634803955673425,14.994666875183338,8.15911878936474,45.0,79.0,36.0,-0.06366036603832695,0.9976092781847464,0.026890256145581326,15.01359435036743,0.997639735951758,0.06431093869148626,-0.024063674173466918,10.614744809040777,0.0257354822370421,-0.025294885734642947,0.9993487147686229,8.1504286153459,79.10692579419633,49.130006564951564,36.79392081222218,19.009492877377344,6.56882712797661,51121.0,143000.4483286702, 0.0, 0.0,0.0,NaN, 137.5422125144332,137.5422125144332,0.0, 113.09905517560712, -7.129503660422829, -1.382304107417082, -7.129503660422829, 224.84003469772043, 4.19318888975168, -1.382304107417082, 4.19318888975168, 66.57121941896474, 7.336913329443087, 5.210365497805888, 16.0, 0.0
6, 0 ,1.0,1.0,1.0,172.29524091237758,98.53738578847039,11.00274436337343,13.535873552719634,15.870805526989233,7.080910793674832,65.0,75.0,29.0,-0.0021443515459864714,0.9942742207930995,0.10683714533214314,15.944782409628383,0.998684803399225,0.007602104449103428,-0.050703761866313576,13.549051971680928,0.05122563045876682,-0.10658790679162042,0.9929828563021029,6.886852921110048,76.81200225991151,65.68776188856512,31.31462231240398,20.84624625189039,7.11868357101518,60852.0,158001.32497198184, 0.0, 0.0,0.0,NaN, 161.67616483322232,161.67616483322232,0.0, 183.21987283521486, 0.5927221278568182, -6.941518852829246, 0.5927221278568182, 251.882468075512, 21.91571775082753, -6.941518852829246, 21.91571775082753, 50.13929766798074, 6.225369475188829, 4.779485245362847, 25.0, 0.0
7, 0 ,1.0,1.0,1.0,281.5407830662897,207.02105914231856,208.90968622368834,12.192838782544804,14.848249908027798,15.357153111827905,50.0,84.0,76.0,-0.3502000422991709,-0.1019324595846728,0.9311120792131734,15.801866887623406,0.06292098500707115,0.9892556588552774,0.13196283972600603,14.8704057521501,0.9345591902171845,-0.10479988123004086,0.340023682814551,11.582315409310604,84.18215795358665,80.25721385487822,58.459788443006914,23.413909506521918,7.534376963558877,101856.0,394967.51069341187, 0.0, 2.8421709430404007E-14,0.0,84.14953901570463, 131.46585639126576,131.46585639126576,0.0, 148.66531757712866, 9.538721531601597, -36.955479663183525, 9.538721531601597, 220.47052533124753, 0.3878487575620316, -36.955479663183525, 0.3878487575620316, 235.84215170012553, 6.981260643809966, 5.060106554103064, 33.0, 0.0
8, 0 ,1.0,1.0,1.0,189.89691591531803,114.09175460052903,234.65426585890762,13.192763093626413,13.411596110684675,13.82492805589545,64.0,71.0,73.0,0.5620378347163498,-0.1626713025230032,0.8109571626681815,14.319256125586488,0.1424641735490553,-0.9467759027479282,-0.28865091240256124,13.450517834805607,0.8147499196700435,0.2777650757588434,-0.5089490456679748,12.61312879569533,70.01898684174745,68.98857762039594,69.5746364461605,22.482496506297654,6.291732263511647,105477.0,336080.99857259763, 0.0, 0.0,0.0,NaN, 171.49251459823026,171.49251459823026,NaN, 174.04899804455115, -7.1449448906250534, 20.046008444342267, -7.1449448906250534, 179.8709102361323, -0.09709211470277473, 20.046008444342267, -0.09709211470277473, 191.12863575068516, 6.316143217493899, 4.807966056999717, 37.0, 0.0
9, 0 ,1.0,1.0,1.0,122.12528398928816,186.8250239276081,115.37293231628914,12.887587973237274,13.373278322950817,14.371526870606777,66.0,72.0,77.0,-0.0029342062874750554,-0.4483029236166576,0.8938768814049391,14.692014574161293,0.37625385737798195,-0.8286896917367754,-0.4143747453904465,13.046456671983995,-0.9265119671335346,-0.3351087636663137,-0.171107250788454,12.861180253860267,73.80289975984026,70.6920999215761,68.90703156051265,22.5508920269106,6.552293510992293,103437.0,359507.412975815, -1.4210854715202004E-14, 0.0,-1.4210854715202004E-14,58.010740048454615, 202.56868886802272,202.56868886802272,0.0, 166.08992376793, -1.4302955913056175, -0.8806890173419538, -1.4302955913056175, 178.84457310310623, -18.56655063475813, -0.8806890173419538, -18.56655063475813, 206.54078459257263, 6.113951928296367, 4.656720237109078, 38.0, 0.0
10, 0 ,1.0,1.0,1.0,260.9140617568159,141.28066437092141,127.04254104754476,13.762246806652241,13.431470487049141,13.367025212428343,69.0,69.0,64.0,-0.788112389552561,-0.39078338547284225,0.4755704018041239,14.07590404057295,0.42621552396262397,-0.9038883419755395,-0.0364169242794641,13.317882159182842,0.4440936709378077,0.1739948587720172,0.8789235464782402,13.152343512700629,74.23662024868341,67.20838562381947,65.83885270940743,22.523453858999705,6.416792493397742,105122.0,328491.32852347434, 0.0, 0.0,-1.4210854715202004E-14,61.60350467035806, 193.97872030007835,193.97872030007835,2.6973983046972182E-6, 189.3994371672098, 6.05667245606921, -9.493157323647507, 6.05667245606921, 180.40439944447212, -4.529195896831743, -9.493157323647507, -4.529195896831743, 178.677363029695, 6.168133463259849, 4.636860001149237, 37.0, 0.0
11, 0 ,1.0,1.0,1.0,23.240334554092843,133.2460358309413,191.87113728595466,13.310778827219014,13.405979041113916,13.44670629147692,59.0,66.0,66.0,0.47774906909744086,-0.6223859409157272,0.619993199581232,14.28511522378489,-0.8525611881081219,-0.1582585553676214,0.49809000209261484,13.02079498111234,-0.2118849865096537,-0.7665441736804199,-0.6062299747524907,12.810362923438243,90.14592384465527,69.88264639290611,65.28891475270734,22.28647393085952,6.405005609395748,101030.0,411296.37948299444, 0.0, 0.0,0.0,NaN, 173.16601908769377,173.16601908769377,NaN, 177.17683298714198, -11.148203464427317, 9.527654316140602, -11.148203464427317, 179.72027405078558, -15.84770721089388, 9.527654316140602, -15.84770721089388, 180.81391008924496, 6.21255450898334, 4.672863479100307, 39.0, 0.0
12, 0 ,1.0,1.0,1.0,46.98621738895591,248.42754001548406,213.8602383824562,13.437886672038323,14.772430141841735,13.131049920691884,62.0,72.0,65.0,0.03365235197356786,-0.889174542406288,-0.4563289957291946,15.279109774895375,-0.8394816407699796,-0.27291647329910035,0.46987995638473934,14.042044440033107,-0.5423449953828193,0.3672672483880774,-0.7556299850089727,11.857308082219745,72.79177502802816,66.65602527450996,64.18764011834423,22.98585429867456,6.54801226983677,111082.0,311439.0971517813, 0.0, 0.0,-2.8421709430404007E-14,62.849523197099, 110.84891422519209,110.84891422519209,0.0, 180.57679821054518, 10.185201596691691, -23.745521101856973, 10.185201596691691, 218.22469229559422, 30.420541210460378, -23.745521101856973, 30.420541210460378, 172.42447201970234, 6.90885917048756, 4.920352378989023, 42.0, 0.0
13, 0 ,1.0,1.0,1.0,263.26609810718776,281.14706874865783,26.72379871358305,15.245791769954707,11.088984542998164,14.01680485742806,74.0,50.0,66.0,0.9473279294457122,0.007720417889946367,0.32017212439515175,15.399006079701158,0.31688691475820613,0.12222588684722924,-0.9405548978339509,13.886767114341199,0.04639479870767292,-0.9924722805862203,-0.11334149690586245,11.040782316859083,78.86689928158017,72.588184145068,52.91580843930768,22.483844911594836,6.807883760044533,97791.0,302932.6851558164, 0.0, 0.0,0.0,NaN, 49.18306601588287,49.18306601588287,NaN, 232.43416669281868, 3.5905346813350856, 13.805680582826167, 3.5905346813350856, 122.9655781948522, -7.870833441715714, 13.805680582826167, -7.870833441715714, 196.47081841121883, 6.327303112187997, 4.760991496036809, 25.0, 0.0
14, 0 ,1.0,1.0,1.0,135.9622584254746,21.515618184231986,249.84384660610314,14.895472145993294,12.82583251842344,13.841966282066563,71.0,56.0,71.0,0.8580368495410058,0.1165623505270275,0.500185948692443,15.502217487644149,0.38974367360067863,0.48647515189331747,-0.7819474377978491,13.38490578627141,0.3344736667033634,-0.8658840251615618,-0.3719841680125907,12.589783590475092,80.9240277026314,72.71939597139401,62.25916131567268,22.99720316715838,7.007549306671996,105454.0,366379.37629775837, 0.0, 0.0,0.0,NaN, 146.5069870868871,146.5069870868871,0.0, 221.87509045206204, 12.098651168975428, 28.819461656193816, 12.098651168975428, 164.50197979064816, -3.086268091871617, 28.819461656193816, -3.086268091871617, 191.60003055386764, 6.798492039701114, 4.694163825258198, 29.0, 0.0
15, 0 ,1.0,1.0,1.0,238.786003605132,241.5544268900435,10.206277171031704,13.906557270427081,11.979825283990738,7.008628128394783,67.0,55.0,30.0,-0.993347976997755,0.07310065543035524,-0.08897241578219661,13.95736442398922,0.07468204070286703,0.9971009196473682,-0.014572193892070309,11.970104858206652,-0.08764924067510768,0.02111990089998546,0.9959274875185701,6.923726251971274,68.4323488042987,55.25512414934229,32.31932481615946,18.65666819421395,6.161018510257927,47155.0,122207.05683494097, 0.0, 0.0,0.0,NaN, 85.2479117895219,85.2479117895219,0.0, 193.3923351156683, -3.564930087001914, 12.87669479234148, -3.564930087001914, 143.51621383494376, -2.3405982474701386, 12.87669479234148, -2.3405982474701386, 49.120868242126555, 5.905885846860563, 4.56793594860125, 13.0, 0.0
16, 0 ,1.0,1.0,1.0,144.48259100284298,152.16092312837952,58.92486760689002,12.443773567322557,12.056601019149468,14.14335225813705,63.0,67.0,69.0,0.2898339396475503,0.1475637053642353,0.9456327195521304,14.304933451823079,-0.7319138547478593,-0.6024618131785701,0.3183423831187423,12.743605463405201,-0.6166833844498412,0.7843881159991956,0.06660996038673661,11.541791046431399,72.78434007993329,67.56981348705011,62.50060108614604,21.491541642167377,6.1933173397217836,89695.0,307379.4739049579, 0.0, 0.0,0.0,NaN, 214.95057984484998,214.95057984484998,0.0, 154.84750059479558, 15.924291002452144, 12.77360143562329, 15.924291002452144, 145.361628134956, 4.368108154993648, 12.77360143562329, 4.368108154993648, 200.03441309775036, 5.484011521218938, 4.426105887726202, 35.0, 0.0
17, 0 ,1.0,1.0,1.0,34.23978027383783,10.829990981388866,72.13882102156268,15.316254896868584,7.481453493271389,14.005577978046214,76.0,31.0,67.0,0.9876373167043508,0.0011895941553113128,0.1567517640053076,15.348616794381657,0.15674706015010284,-0.018338704070309523,-0.9874685063673281,13.971790803911214,0.0016999374488640149,0.9998311241398558,-0.018298453866452437,7.4783052336698645,78.97923016966337,69.80224971820397,31.533422334471258,20.81616286585889,7.3077622073398825,60985.0,173841.48524766776, 0.0, 0.0,0.0,NaN, 80.58325357193462,80.58325357193462,NaN, 234.58766406585087, -0.18930815972531898, 6.254030010686144, -0.18930815972531898, 55.972146371982674, 2.555813664861348, 6.254030010686144, 2.555813664861348, 196.15621449913309, 6.129733851486281, 4.514616266381685, 27.0, 0.0
18, 0 ,1.0,1.0,1.0,218.46460011588135,29.558006093116273,269.8789974393959,12.821690526251295,14.131168346862074,14.21279837783921,69.0,65.0,64.0,-0.32928548258835516,-0.6696720025287589,0.6656654414836897,15.123516752641951,-0.1457383868407935,-0.6604884365926119,-0.7365564117761041,13.468542852228689,-0.932915533988794,0.3395503411227395,-0.11989233622644137,12.488670825899181,77.27162317717679,74.24763042882199,62.02819351509336,22.830752109848234,6.696720288776336,107006.0,355870.317877561, 0.0, -3.552713678800501E-15,0.0,47.958245152449834, 91.80943281449763,91.80943281449763,0.0, 164.3957479509622, 18.491502598739654, -13.21692575836475, 18.491502598739654, 199.6899188473566, -20.058360625631302, -13.21692575836475, -20.058360625631302, 202.00363772910887, 6.2118629057165675, 4.615158233267747, 36.0, 0.0
19, 0 ,1.0,1.0,1.0,162.05583363957777,256.50136225970374,281.86444565534197,15.10379902323,13.022438231827747,9.853321502793076,75.0,70.0,43.0,-0.9363749764007941,0.3509812252303907,-0.0037527464856854753,15.416604623942922,0.3490347832294301,0.929945505909475,-0.11565498750488686,12.684799821494167,-0.037102879489289926,-0.10960627525166881,-0.9932823570158985,9.809217218052627,78.65917812856031,65.68197963255733,45.41249299026987,21.24911813401897,6.578112616839324,78913.0,234623.21523921494, 0.0, 0.0,0.0,NaN, 145.77250374992335,145.77250374992335,0.0, 228.12474493412347, -25.492707185333753, -2.11405912279897, -25.492707185333753, 169.58389750176897, -7.143194757618519, -2.11405912279897, -7.143194757618519, 97.0879446374044, 6.630701963516276, 4.88188020266087, 30.0, 0.0
20, 0 ,1.0,1.0,1.0,40.94397248596373,85.90226050148446,38.422136649127445,12.501385574235242,12.546266434259266,15.453206348699064,59.0,60.0,78.0,0.054295609696652654,-0.024746718412152462,0.9982182059527357,15.46272935861367,-0.13439713273493079,0.9904151300426209,0.03186347274368499,12.54527963931246,-0.9894389306472118,-0.13588771140352549,0.05044930533926162,12.49059601157247,78.92698771270662,59.841985684282434,60.1874330416028,22.548975536136354,6.636168430749565,102057.0,284274.1340619433, 0.0, 0.0,0.0,NaN, 102.62488892505792,102.62488892505792,0.0, 156.284641275697, -0.2938639628101118, 4.4970337885662595, -0.2938639628101118, 157.40880143942073, -2.0091143863228713, 4.4970337885662595, -2.0091143863228713, 238.80158645547309, 5.904527640135848, 4.408203975018835, 35.0, 0.0
21, 0 ,1.0,1.0,1.0,191.18643107939744,282.4734146310769,60.384477919985905,14.295928425593933,9.804099888779655,13.67671383836939,67.0,42.0,72.0,0.986491726150584,0.13453188338747354,-0.09346254109888538,14.37282196884683,-0.09367058606308891,-0.0047964185849441714,-0.9955916912446365,13.670634110527397,-0.13438711077718354,0.9908976570367787,0.007870053111873465,9.699597788745539,68.59578654871561,70.94762633686395,45.38054069730583,21.11658289356926,6.452625240514313,79461.0,220853.8509996892, 0.0, 0.0,0.0,NaN, 125.67362153452147,125.67362153452147,0.0, 204.37356954970463, 14.971531136724014, -1.7174293792762747, 14.971531136724014, 96.12037462916923, -0.9713229180860189, -1.7174293792762747, -0.9713229180860189, 187.05250141664476, 6.053239011398921, 4.645402385624674, 33.0, 0.0
22, 0 ,1.0,1.0,1.0,281.8133350444169,105.59584206698892,169.18948824343016,10.317461217542698,12.026873458329693,13.417603940994923,43.0,62.0,72.0,0.0674458920277833,-0.34117806900483905,0.9375759045958394,13.605938738049462,0.3003658155235696,-0.8891770293522898,-0.34517327146970406,11.985828360873333,-0.9514365078729308,-0.30489627039760003,-0.04250689102011548,10.116626722169048,71.64329336353342,60.54611495760369,49.63200773174219,19.921220801319905,5.854293164904953,70131.0,215289.90524270534, 0.0, 0.0,0.0,NaN, 169.09354402241027,169.09354402241027,0.0, 106.45000597549765, -12.938812101653275, 0.9510001368117499, -12.938812101653275, 144.64568518267524, -13.798151248780302, 0.9510001368117499, -13.798151248780302, 180.0320955174025, 6.255397252991641, 4.616529530586177, 24.0, 0.0
23, 0 ,1.0,1.0,1.0,278.65776598751876,206.8393963773946,11.392724347126487,12.33163071408517,12.90157787744035,7.267460206624598,48.0,68.0,29.0,-0.413309330621757,0.9105840115790625,-0.00348641328261097,13.045563364856655,0.9105745018644734,0.41327612839721434,-0.007544418551195448,12.179489663893492,-0.005428975525948965,-0.006292817619432127,-0.9999654627391624,7.26698793667091,74.73230203665072,58.57590501122945,29.132503277467368,18.261624494888384,6.152144053805418,45989.0,127527.8892527264, 0.0, 0.0,0.0,NaN, 96.25062694871819,96.25062694871819,1.3486991523486091E-6, 152.06911606856872, -8.225352593363308, -0.4871363043461729, -8.225352593363308, 166.45071172765822, -0.6704937696433707, -0.4871363043461729, -0.6704937696433707, 52.81597785487205, 6.455402797568259, 4.674075507892531, 14.0, 0.0
24, 0 ,1.0,1.0,1.0,52.42009162960238,189.03611677758084,49.98825090013265,14.077293756219278,11.256898057050782,13.543412505691995,71.0,59.0,75.0,-0.7772773267860444,0.07168986888058565,0.6250604130515907,14.923320754405424,0.6210504145299267,0.2464062467414889,0.7440298005987253,12.715733704772342,0.1006793915185568,-0.9665115230904688,0.23604901155649072,11.131782861496513,76.62186508169246,67.21065304497554,60.04044620316955,21.61905378174101,6.39753774879373,89709.0,309196.6254630368, 7.105427357601002E-15, 0.0,7.105427357601002E-15,80.77781688245766, 132.51292244271573,132.51292244271573,0.0, 198.1701994988903, 0.275668027958071, -30.541843331465, 0.275668027958071, 126.71775386683368, 11.35189409182535, -30.541843331465, 11.35189409182535, 183.42402229933433, 5.959961949834818, 4.298120316456553, 33.0, 0.0
25, 0 ,1.0,1.0,1.0,91.666433602922,268.3212314114271,39.9648525958779,11.701217270484092,14.840148987254857,13.356306264122747,63.0,62.0,66.0,-0.03484202415266703,-0.8904153000345362,0.4538134273215716,15.313575727397398,0.3300632311438015,-0.4388618825333816,-0.835738303242211,12.963842298859836,-0.9433155870650388,-0.12066831201132665,-0.3091841873001897,11.531375281708552,74.76965569758684,70.8213053401675,58.81678149435818,22.195679866918912,6.549138862578669,95825.0,311451.59822958795, 0.0, 0.0,0.0,NaN, 104.89742071079495,104.89742071079495,NaN, 136.91848561107517, -1.9327123314901915, -11.284481624059483, -1.9327123314901915, 220.23002196392136, -28.15812254219989, -11.284481624059483, -28.15812254219989, 178.39091702104454, 5.7486933904405735, 4.260525667674766, 32.0, 0.0
26, 0 ,1.0,1.0,1.0,69.14473934604234,62.5022779935746,161.73858484546585,13.434954695941089,12.893577975048599,11.979228293733476,64.0,62.0,59.0,-0.9055149452275575,0.4041067679473235,-0.12938471342744495,13.64319001777014,-0.3298122538034455,-0.8621663139938512,-0.3845687510125425,12.857813881909758,-0.2669579764881085,-0.3055600875661338,0.91398384650712,11.780673134894215,70.46185458163798,63.234223602644775,64.93105780540759,21.313516376266954,5.998190633238765,89333.0,289306.86453641753, 0.0, 0.0,0.0,NaN, 166.74456109316628,166.74456109316628,0.0, 180.49800768198952, -9.78092591155469, 8.913896297539893, -9.78092591155469, 166.24435299865831, 6.323538871233858, 8.913896297539893, 6.323538871233858, 143.50191051338464, 6.240436761174179, 4.3899558773199345, 39.0, 0.0
27, 0 ,1.0,1.0,1.0,124.22451509744398,169.17649989571987,274.5600074154752,13.352148564297527,11.822216152912278,13.136324323280002,68.0,58.0,61.0,-0.9223330092878383,0.30848959642832113,0.23267141825658746,13.51993383075406,-0.26347340168286215,-0.0616510069016948,-0.9626946140670304,13.142963118029954,-0.2826368457644926,-0.9492277504600772,0.13814156207600858,11.622460688932726,69.52628328796162,65.09834122070578,63.88520236972255,21.256051039666986,6.227999435997404,86306.0,289147.34632796666, 0.0, 0.0,0.0,NaN, 182.19141459857636,182.19141459857636,0.0, 178.2798712830725, -12.962424842761312, -0.6867455760862141, -12.962424842761312, 139.76479476618, 5.659170938753641, -0.6867455760862141, 5.659170938753641, 172.5630167263978, 5.549066618569722, 4.2038440828294155, 29.0, 0.0
28, 0 ,1.0,1.0,1.0,277.1399835597892,207.45179149944394,288.8178279580291,13.12851111697265,12.979811937044248,6.325289870881577,53.0,62.0,27.0,0.8443476465938888,0.5134559046698963,-0.15310155339178855,13.331686076507136,-0.5202831924778564,0.8539769834205122,-0.0053583031877234314,12.899962978320719,-0.12799395031176597,-0.08418043565828949,-0.9881959334747181,6.058029014094306,68.4637689873104,66.52949589818695,31.443646911762812,18.44124273530473,6.3846049523635795,41362.0,143221.4107678638, 0.0, 0.0,0.0,NaN, 95.98329135784698,95.98329135784698,0.0, 172.35780414847446, 3.5121398195981954, -17.87000686323176, 3.5121398195981954, 168.47551792103636, -11.680352764656377, -17.87000686323176, -11.680352764656377, 40.00929195067708, 6.18899309998955, 4.421596589551597, 20.0, 0.0
29, 0 ,1.0,1.0,1.0,12.675867682971953,250.70274920446977,82.4407237475024,8.248146303641406,11.972106348204518,13.269854759685787,33.0,65.0,57.0,-0.09454110775430552,0.1844087978002169,0.9782920700069422,13.338741566395464,-0.12708743300333536,0.9724176326782332,-0.195583056600218,11.990012922283555,-0.9873756951217767,-0.14281926673365897,-0.068497399457559,8.109861697374079,55.003122943805195,67.79302860213176,37.02758263322951,18.775828300156327,5.909362473665515,54052.0,138069.4975196447, 0.0, 0.0,0.0,NaN, 96.88843836870127,96.88843836870127,0.0, 68.03191744627338, -11.593517981530537, -8.434276621471227, -11.593517981530537, 143.33133041271893, 5.399987205859533, -8.434276621471227, 5.399987205859533, 176.08904534315553, 8.081298994769782, 4.927833667035238, 24.0, 0.0
30, 0 ,1.0,1.0,1.0,33.04715450580477,289.1339626219422,207.15056572765008,13.511857334225752,6.659353213533134,13.662455587504564,78.0,27.0,88.0,0.6473434461420036,-0.03942773853511195,0.7611779792998491,14.145791212145994,0.761313885368536,0.08154649103956503,-0.6432350563706847,13.046748576608946,0.036710089649288034,-0.9958893629480844,-0.0828054713458009,6.577150529273644,72.0197547363025,81.3379330335768,31.51673390291586,19.1533913979515,6.835756321027015,47461.0,184623.07278240952, 0.0, 0.0,0.0,NaN, 99.15242122070097,99.15242122070097,NaN, 182.57028862047025, 3.878725514677202, 15.111945258244065, 3.878725514677202, 44.34698522259407, -11.366580916887568, 15.111945258244065, -11.366580916887568, 186.6626926805347, 5.7412999167243095, 4.442915843422546, 23.0, 0.0
31, 0 ,1.0,1.0,1.0,60.23756051305086,44.14007835504317,35.0809003343814,11.913841626304297,12.233747373167754,14.092260223303672,58.0,60.0,68.0,-0.3892779123831236,-0.47124388988913046,0.7914492423224613,15.231861625605374,-0.5689595356576145,-0.5527042997563824,-0.6089359603563244,11.948589985316614,-0.7243947499222433,0.6873479128308807,0.05296312879846682,10.743257609759647,79.798134501107,61.20314969424434,55.38095687383979,21.180328100125124,6.449007432109873,80148.0,270474.8986140908, 0.0, 0.0,0.0,NaN, 82.50805889138113,82.50805889138113,0.0, 141.939622296661, 29.98924375056114, -26.445168218378743, 29.98924375056114, 149.66457479048893, -34.27944887026548, -26.445168218378743, -34.27944887026548, 198.59179820130686, 6.326670396810696, 4.357456979501498, 28.0, 0.0
32, 0 ,1.0,1.0,1.0,135.3988475294741,143.1361107431448,175.22127434097231,12.553001740309584,11.796375022250752,11.81278757828366,60.0,56.0,54.0,-0.8411700531292404,0.5116880495530937,0.1749522268023515,12.958649236587695,0.3264764815280448,0.22261256983938577,0.9186167594587924,11.840976977844784,-0.43109865312665824,-0.8298306958012913,0.3543091412570748,11.319847211896654,67.01809098954536,57.33543108406565,62.927913774034124,20.11059507684696,5.642537760846709,75490.0,241801.2095248323, 0.0, 0.0,0.0,NaN, 233.21776194808677,233.21776194808677,3.814697265625E-6, 157.57785269221546, -16.248061443440797, -2.235519262582119, -16.248061443440797, 139.1544636655814, 6.0300490945354195, -2.235519262582119, 6.0300490945354195, 139.5419503696527, 5.460254264659148, 4.096879635510062, 31.0, 0.0
33, 0 ,1.0,1.0,1.0,239.1624258005974,95.54136892384085,185.36322734318878,13.446375126743762,11.384845940307875,12.073587507562687,67.0,54.0,58.0,0.9460338448408563,-0.30399867643674916,0.11227096303288725,13.675127924253879,0.14387247386229357,0.0835598648276346,-0.9860620975652252,12.065682578756224,-0.2903802260491765,-0.9490008186059126,-0.12278750182708739,11.117617397645157,73.30788692341613,60.01816768533854,56.7405007248326,20.535230934231684,5.873289275553288,79347.0,249647.1416302033, 2.8421709430404007E-14, 0.0,0.0,18.90910988014986, 161.15505966453148,161.15505966453148,0.0, 180.8050040491133, -17.971380930475824, 3.6165289929170066, -17.971380930475824, 129.6147170845447, -3.9751067306137613, 3.6165289929170066, -3.9751067306137613, 145.77151530277376, 5.711297188904677, 4.270748560602209, 32.0, 0.0
34, 0 ,1.0,1.0,1.0,274.41696222391636,65.79144154595777,239.68631155601224,13.546194419379884,13.47407020609387,12.161635964055577,57.0,73.0,60.0,-0.7712922591607178,0.6322142905253296,-0.07357541582831997,13.912831351162504,-0.542535571103617,-0.7134858593863121,-0.4433881849384896,13.401546328167338,-0.33281136556017504,-0.3020645946007743,0.8933048615353226,11.82315610557053,74.77219693870006,68.51978984943361,64.684612322309,21.708930290186526,6.45582575232844,90507.0,331403.5399404783, 0.0, 0.0,0.0,NaN, 92.84797583289644,92.84797583289644,0.0, 183.4993832476387, -10.812416951852843, 12.629420647013118, -10.812416951852843, 181.5505679187465, 10.093747632020571, 12.629420647013118, 10.093747632020571, 147.90538932221003, 5.410800964596448, 4.182205629328832, 32.0, 0.0
35, 0 ,1.0,1.0,1.0,132.104870842375,275.7776919587578,59.63734108156485,12.622495256567419,12.282028896871811,12.622630384717336,62.0,54.0,69.0,0.6119636267549593,0.20309107333314041,-0.7643654462763935,13.259896126658253,-0.600008285756092,0.7488672919614201,-0.2814033334102586,12.810464059212398,-0.515257776800072,-0.6308342056061658,-0.580135870709858,11.383039288903085,64.18921881433856,68.74381548751799,63.79502431686936,20.814072392012957,6.023355262217954,81567.0,281502.6780044323, 0.0, 0.0,-7.105427357601002E-15,40.14942770130869, 146.95247380838578,146.95247380838578,0.0, 159.327386502067, -9.768918521157042, -15.80372964080698, -9.768918521157042, 150.8482338235942, -14.457416530802771, -15.80372964080698, -14.457416530802771, 159.33079782918932, 6.169109111897377, 4.281136463207103, 25.0, 0.0
36, 0 ,1.0,1.0,1.0,35.952649634377536,176.9983298727092,209.7950031597003,12.808978668301144,13.102913867508185,12.9633792414011,67.0,62.0,67.0,0.18739268211308696,0.7794441872792329,0.5977882079859717,13.568162993146068,-0.8074185708380133,-0.22436473368479146,0.5456516450487917,13.029891875984601,-0.5594275950973133,0.5849164258209611,-0.5872934025242137,12.244686945458954,60.80376976927391,77.50049657872833,72.27578793564433,21.52324074909956,6.368327516468714,88616.0,340586.81092363934, 0.0, 0.0,0.0,NaN, 156.7129392385761,156.7129392385761,0.0, 164.06993452499376, 8.585052272116652, -4.916472947796041, 8.585052272116652, 171.6863518193383, 13.48823756959967, -4.916472947796041, 13.48823756959967, 168.04920135638895, 5.46738424405578, 4.191686506844071, 41.0, 0.0
37, 0 ,1.0,1.0,1.0,201.22643147974148,175.6861849036189,193.8508442242533,12.770385151915214,10.737728716921305,11.933069264238604,66.0,55.0,59.0,0.9800411624579057,0.18783596838081162,0.06509200312326235,12.844017232970835,0.071981090362005,-0.0300837790170713,-0.9969521998924263,11.931294089955133,-0.18530526845843567,0.9817395862562003,-0.04300397957227126,10.65153226769365,64.19934090577652,58.65259054827342,53.35375347957114,19.72533205393664,5.629473541417655,70242.0,200901.29949547496, 0.0, 0.0,2.8421709430404007E-14,86.26786427975883, 190.99158550561114,190.99158550561114,0.0, 163.08273692825654, 9.420407008740412, 1.2122422854311499, 9.420407008740412, 115.29881799819644, 1.4966282172378262, 1.2122422854311499, 1.4966282172378262, 142.39814206511605, 5.772461594576676, 4.206207163171092, 34.0, 0.0
38, 0 ,1.0,1.0,1.0,163.5644031258421,9.566648702056948,224.86899308362527,13.68456994869011,6.545577733217124,13.229565986351766,70.0,27.0,70.0,0.7687148976206694,-0.03700670621839813,0.6385200935529824,14.5913788028175,0.6390407860476948,0.08586248198846817,-0.7643654282830462,12.264401225061187,0.026538273183997492,-0.9956194744387262,-0.0896525636820631,6.466033247116942,76.28808583773099,55.66712152153518,29.521113999657146,18.917845154261858,6.873761230124512,44532.0,125368.44090447818, 0.0, 0.0,0.0,NaN, 156.04762433970163,156.04762433970163,NaN, 187.2674546805924, 1.0918182772501293, 30.93235713276188, 1.0918182772501293, 42.844587861587826, -11.170824833203126, 30.93235713276188, -11.170824833203126, 175.02141618723556, 6.374058951447646, 4.288368111160519, 17.0, 0.0
39, 0 ,1.0,1.0,1.0,104.11248818095862,229.5772638010037,157.03296239726527,12.17017498623245,11.021974271529563,11.976463272493618,60.0,53.0,58.0,-0.8338179447142797,0.5438631817718991,0.09465978335809166,12.894982179898914,-0.18380097606727402,-0.11181751967826878,-0.9765828400549119,12.035214608000752,-0.5205428284677178,-0.8316908571133549,0.19319803809791078,10.094839893461465,60.105705738108995,58.1366772546333,53.874064281245865,19.55341662807441,5.540455461793384,68745.0,188254.62186849618, -1.4210854715202004E-14, 0.0,0.0,33.507045595282996, 190.36371978369576,190.36371978369576,0.0, 148.11315919551802, -28.310335020338403, 2.626665237936615, -28.310335020338403, 121.48391684225966, 8.003213618835904, 2.626665237936615, 8.003213618835904, 143.43567251738855, 5.898783239009329, 4.14222617496498, 23.0, 0.0
40, 0 ,1.0,1.0,1.0,52.02370700971384,20.460015752165923,166.28409031241796,12.643994039086188,11.675440004165955,12.372547778577811,63.0,51.0,59.0,0.39641693693762364,0.4022550097025732,-0.8252542149411743,12.846916496170259,0.8776005499429279,-0.4299809746528212,0.21197555561073578,12.743848659565106,0.2695753824978502,0.808274253335953,0.5234709586456017,11.037095676265821,64.91849704147725,63.552557389732385,61.561666640507156,20.35771604545643,5.901679464110484,76180.0,253987.21560646535, 0.0, 0.0,0.0,NaN, 144.93109686740462,144.93109686740462,0.0, 159.87058526044706, -8.423205414130054, -6.590470820480779, -8.423205414130054, 136.3158992908787, -18.04877475595134, -6.590470820480779, -18.04877475595134, 153.07993853319073, 5.449781421964158, 4.049310915918283, 26.0, 0.0
41, 0 ,1.0,1.0,1.0,187.39953215391296,65.87043184715161,63.12462355198834,12.013433218572724,11.1444131762644,12.668280484085464,59.0,58.0,62.0,-0.5794764808458481,-0.15250994140889831,0.8005921095776338,13.143094266670015,0.609672734721154,0.5707716901807922,0.550017121756943,11.975921495703519,0.5408383905420742,-0.8068211669630492,0.23776761734147622,10.622722371879771,65.61050873892154,57.19857151263324,54.96938422817856,19.905456125536695,5.725265897593711,71391.0,206290.6099779584, 0.0, 0.0,-7.105427357601002E-15,36.81331808878011, 144.92238353500872,144.92238353500872,0.0, 144.3225776971066, 15.935113283518845, -17.53389975729951, 15.935113283518845, 124.19794504329558, 2.2867275686834567, -17.53389975729951, 2.2867275686834567, 160.48533042346065, 5.231297200678497, 3.9194364251594327, 32.0, 0.0
42, 0 ,1.0,1.0,1.0,92.34780513273626,159.12319102507465,106.54093203207626,11.440785619911713,11.655318597690783,13.249713575769436,57.0,56.0,62.0,-0.1548081098716993,0.26748786595326657,0.9510440003941558,13.321316680323742,-0.6646575921618029,0.6840204674806658,-0.3005765879924888,12.67230926345899,0.7309341518219178,0.6786503088007098,-0.07189592523275935,10.210192793878287,63.58302630758226,58.33729366811082,52.619757134347225,20.217121859782058,5.793178813147335,74697.0,195180.44864476647, 0.0, 0.0,0.0,NaN, 199.31222395541857,199.31222395541857,0.0, 130.89157560077862, -28.6456551512302, 0.47693462664703157, -28.6456551512302, 135.84645161367663, 7.0405417010165925, 0.47693462664703157, 7.0405417010165925, 175.55490983992888, 6.147487816346503, 4.282470843566402, 29.0, 0.0
43, 0 ,1.0,1.0,1.0,85.25495811737274,208.13285853683263,191.15168987847068,13.754421560030329,12.275364873263198,10.789626581608026,64.0,61.0,57.0,-0.9561297924355631,0.2913497580790819,-0.030514561841645606,13.890327121195687,-0.28447597898848753,-0.8985788931834103,0.33410984736134075,12.304859751260043,0.06992308199492296,0.3281330388615833,0.9420400582840379,10.579885441785743,63.74050990915941,58.61468601483793,59.891689415629,20.546085308779944,5.8432110588102875,78911.0,223763.13606421137, 0.0, 0.0,0.0,NaN, 165.99980174843947,165.99980174843947,NaN, 189.18411245102712, -12.47511729546622, -1.388549741670394, -12.47511729546622, 150.684582771744, -12.571711379730013, -1.388549741670394, -12.571711379730013, 116.4160417705425, 5.609413179804648, 4.0742013056465565, 20.0, 0.0
44, 0 ,1.0,1.0,1.0,24.74533462033462,11.818264693264693,265.59698984698986,12.980095905545058,7.58183026521055,14.53183665794635,50.0,34.0,72.0,-0.3402348081225994,0.07704611148534685,0.9371788367471625,14.819850109872773,-0.9339064165855142,-0.14407443480528964,-0.3272023262385823,12.777881898846308,-0.10981384431018373,0.9865629498113757,-0.12097299557047797,7.364719508635985,77.44015665609464,66.08351980990582,36.56568751455596,19.801004551149916,6.712788936516145,55944.0,187125.56866240388, 0.0, 0.0,0.0,NaN, 43.99511419942579,43.99511419942579,0.0, 168.4828897171476, 10.335439315832454, -19.417465423457966, 10.335439315832454, 57.48415017046267, 17.082146356613002, -19.417465423457966, 17.082146356613002, 211.17427665323336, 5.668184760000131, 4.196334331855034, 23.0, 0.0
45, 0 ,1.0,1.0,1.0,287.9534120472283,79.13135881528918,285.76045627376425,7.621861093252053,10.716416386219475,7.9435806482999824,34.0,53.0,34.0,0.02999424991413048,0.9925968973390676,-0.11769343382255937,10.750396151524608,-0.6103674589424979,0.11143250778683711,0.7842412647090274,8.297564862047567,0.7915503205963389,0.04831351364983661,0.6091911804701711,7.184303734469136,53.226096977997514,46.58346412963573,35.78864841309144,14.612773859495215,4.743591501695961,24985.0,88736.37830015976, 0.0, 0.0,0.0,NaN, 81.29979603165857,81.29979603165857,0.0, 58.092766524829386, 0.7318751915547718, -8.47591870711786, 0.7318751915547718, 114.84158016283325, -5.965371922773502, -8.47591870711786, -5.965371922773502, 63.10047351604597, 7.080916886970666, 4.43570304490935, 9.0, 0.0
46, 0 ,1.0,1.0,1.0,121.51150209287954,237.2973054904567,78.80774656919328,11.88609921578243,12.311229972103357,13.711680347825034,63.0,61.0,65.0,0.16627380949463108,0.3587751630564397,0.9184951837924727,14.018490359350393,0.3764521267546493,-0.8840072366511881,0.2771551944493033,12.068191598941915,-0.9113927893822971,-0.29968581535026756,0.28204892401815757,11.776951877731305,66.7417301602749,59.55386421413857,57.42474299512983,21.09184269137792,5.9991739295171564,85767.0,228247.73016485645, 1.4210854715202004E-14, 0.0,0.0,80.42875935635952, 157.82057520785804,157.82057520785804,0.0, 141.2793545674237, 1.1382490717136404, 9.555168747997392, 1.1382490717136404, 151.56638342601602, 17.352609631117915, 9.555168747997392, 17.352609631117915, 188.01017796093123, 6.175011411262854, 4.2346373786286, 37.0, 0.0
47, 0 ,1.0,1.0,1.0,24.088187435003366,189.1417752492812,121.50538936807978,12.591311242208487,12.19765197694514,12.57504706157163,53.0,59.0,63.0,-0.6233687876475168,-0.40491789401280504,0.6689191682820126,13.774263639785516,0.5949993135767973,-0.800689575577045,0.06979985963733733,11.969857258410107,0.5073333927803346,0.4415174998462533,0.7400507590020486,11.508597635878592,69.2629071460149,63.01923278229292,58.48636972908122,20.749823330353948,5.907662220261676,81735.0,255286.87850882026, 0.0, 0.0,1.4210854715202004E-14,48.01629959305722, 166.23280787580234,166.23280787580234,NaN, 158.54111879816583, 9.299505523988296, -23.436090372118713, 9.299505523988296, 148.78271375067368, -16.120639285462964, -23.436090372118713, -16.120639285462964, 158.13180860074127, 6.045693074739139, 4.296427986311861, 22.0, 0.0
48, 0 ,1.0,1.0,1.0,216.96442857142858,135.70837662337664,206.0664025974026,12.726142216415276,12.756968351475342,11.476204338530255,69.0,61.0,61.0,0.5986638956382224,0.6904534073427355,0.4060488053769827,14.363279514062594,-0.7977475033335663,0.4683072600017752,0.3798515909597996,11.720974516951104,0.07211422178966373,-0.5513278539294353,0.8311661305041458,10.616645478990248,66.01642116853941,59.178778216932784,55.303053359897405,20.509458483087272,5.979992975177727,77000.0,216056.3732079253, 0.0, 0.0,-2.8421709430404007E-14,66.04313260720248, 184.75711171485355,184.75711171485355,0.0, 161.9546957124271, 29.46987329313534, 15.275582814471367, 29.46987329313534, 162.7402415205435, 30.627000913307597, 15.275582814471367, 30.627000913307597, 131.70326601970066, 5.60349275200785, 3.8775641738472846, 30.0, 0.0
49, 0 ,1.0,1.0,1.0,125.48062948727247,91.98414678366814,212.96447893248242,12.671984526086513,10.57649437501392,12.302780834346663,61.0,53.0,65.0,0.7233110315115385,0.15204587680622222,0.6735749424080003,13.587365716800464,-0.6414736511401296,0.5090263509637706,0.57393704264271,11.820366194039302,0.25560263415439544,0.8472155719595427,-0.4657177987178492,9.973077622718725,64.21693127965284,58.58433024743516,53.36281080254746,19.776226353836364,5.718453685562682,68945.0,200756.5458712111, 0.0, 0.0,0.0,NaN, 178.27409672618134,178.27409672618134,NaN, 160.57919182937604, -3.780617477270455, 26.66560391057132, -3.780617477270455, 111.86223326470109, 20.482575610605224, 26.66560391057132, 20.482575610605224, 151.35841625796758, 6.077400467702516, 4.2109835606367145, 37.0, 0.0
