// Sample: .//bubblelabels.tif, Map: .//bubblelabels.tif, Thickness:(8.191250068658265):/gpfs/home/mader/Foam/NewValid/InSilicoTest/LatticeData_OldFoam/out_Step_03500.vtk/distmap.tif, Neighbors:(1.0):
//LACUNA_NUMBER, TRIANGLES, SCALE_X, SCALE_Y, SCALE_Z, POS_X, POS_Y, POS_Z , STD_X, STD_Y, STD_Z,PROJ_X, PROJ_Y, PROJ_Z, PCA1_X, PCA1_Y, PCA1_Z, PCA1_S, PCA2_X, PCA2_Y, PCA2_Z, PCA2_S, PCA3_X, PCA3_Y, PCA3_Z, PCA3_S,PROJ_PCA1, PROJ_PCA2, PROJ_PCA3,OBJ_RADIUS, OBJ_RADIUS_STD, VOLUME, VOLUME_BOX, Mask_Grad_X,Mask_Grad_Y,Mask_Grad_Z,Mask_Angle, Mask_Distance_Mean,Mask_Distance_COV, Mask_Distance_STD, SHAPET_XX, SHAPET_XY, SHAPET_XZ, SHAPET_YX, SHAPET_YY, SHAPET_YZ, SHAPET_ZX, SHAPET_ZY, SHAPET_ZZ, Thickness, Thickness_STD, Neighbors, Neighbors_STD
1, 0 ,1.0,1.0,1.0,79.30085239097781,138.26126115256773,39.69616755846992,15.431307329964831,15.512337914599394,16.09509095562767,84.0,81.0,79.0,0.09897166334224554,-0.469549908267591,0.8773411500101691,16.331237636612244,0.9946960899262559,0.02186964417895579,-0.10050575778981048,15.422260563299393,0.028005330576292002,0.8826350334704502,0.4692239328400992,15.27266783285329,90.21868071237385,83.51073226544759,90.42963569239683,26.14614226881755,7.361322626866781,165769.0,681317.501430423, 0.0, 0.0,7.105427357601002E-15,28.6767274227904, 164.25768549527388,164.25768549527388,NaN, 238.12524591182634, -1.4548354408898365, 2.4459080499007477, -1.4548354408898365, 240.63262757671785, -13.792037840548458, 2.4459080499007477, -13.792037840548458, 259.05195286992756, 7.039574666231917, 5.519174201581955, 53.0, 0.0
2, 0 ,1.0,1.0,1.0,58.761502528402005,262.53366289485024,13.00252840200458,14.670064010993267,18.08353242410804,8.140693793632982,83.0,79.0,34.0,-0.35482357641690854,-0.9349087949291974,-0.006765706374834391,18.598660250030445,-0.93157187118592,0.3529255133848095,0.08727789420714131,14.047552492117106,-0.07920908050140715,0.03727099631221346,-0.9961610283483371,8.077866323928191,87.46290711266968,73.79141370301134,37.62957274372181,23.346652655242938,7.964271985404223,88198.0,242861.69757686974, 0.0, 0.0,-1.7763568394002505E-15,89.6123506218312, 70.89221635918187,70.89221635918187,0.0, 215.21077808663986, 49.676847536147854, -10.06523747776406, 49.676847536147854, 327.0141449337668, 5.843715199601557, -10.06523747776406, 5.843715199601557, 66.27089544169456, 7.789147216555088, 5.530600397049553, 22.0, 0.0
3, 0 ,1.0,1.0,1.0,77.867296697167,14.760885189277325,258.27808588009395,15.37698692200745,9.175674860598598,16.512618263547758,73.0,39.0,82.0,-0.5788780246732179,0.10446241482592128,0.8086951443153164,17.583009990827623,0.8019288798265599,-0.10668846403661017,0.5878159944588341,14.277960131266473,-0.1476831210753363,-0.9887897529456128,0.022011819988395912,8.960408027376943,95.6477495174031,88.9956887692889,40.413832515435,23.102983471906782,7.71773623295617,93223.0,344012.134494858, 0.0, 0.0,0.0,NaN, 89.56515921006604,89.56515921006604,NaN, 236.45172679958816, -24.41252790967314, -48.89398323994449, -24.41252790967314, 84.19300914742108, 11.58527200747829, -48.89398323994449, 11.58527200747829, 272.666561917651, 7.04820461217721, 5.257907345747948, 35.0, 0.0
4, 0 ,1.0,1.0,1.0,154.0887794356363,176.61101598808122,14.22050877231994,15.835381669729196,15.32172125651401,8.859168365560421,78.0,67.0,38.0,-0.7620758201829454,-0.6461175019279131,0.042102470176035904,17.1688381811509,0.6408846494078501,-0.7619705071028968,-0.09310108731228914,13.861035943403566,0.0922350825113075,-0.04396726063546352,0.9947660878550019,8.780774288340679,81.07872758810419,67.43295652916578,40.963869159548466,22.63002058791086,7.202880479944543,89942.0,223964.96985492567, 0.0, 0.0,0.0,NaN, 191.61719268327562,191.61719268327562,0.0, 250.75931262599542, 51.00577080046234, -13.847187771530333, 51.00577080046234, 234.75514226231329, 2.2387729860174823, -13.847187771530333, 2.2387729860174823, 78.48486412934652, 8.108464276572127, 5.549950235132735, 23.0, 0.0
5, 0 ,1.0,1.0,1.0,16.971317089369474,163.80548752646217,12.945228508571665,10.310748498653808,14.120129119351295,8.126726109945723,41.0,73.0,35.0,-0.10816792111255025,0.9906130612112207,0.08357908709672623,14.195341573622247,0.992161825272285,0.10228010084453812,0.07178922930077015,10.263761533817773,0.06256687074288261,0.0906892713002157,-0.993911888829427,8.054857851063048,73.31770251357983,47.05435513426069,38.342763898623005,18.304374440675446,6.056660346367739,48182.0,132279.361118088, 0.0, 0.0,0.0,NaN, 137.85699029353466,137.85699029353466,0.0, 106.31153460249176, -10.533701719281673, 1.6469284338309718, -10.533701719281673, 199.3780463471524, 11.60907977216264, 1.6469284338309718, 11.60907977216264, 66.04367726607356, 7.59292280537346, 5.231541246767854, 17.0, 0.0
6, 0 ,1.0,1.0,1.0,280.5140401089768,206.16701582524368,209.09315157416424,12.736951568586449,14.236269077121435,15.01683729135585,51.0,77.0,75.0,0.4250645551921054,0.10400226773090179,-0.8991683114001334,15.593001729462143,-0.0792472062472602,-0.9852868213904381,-0.15142575704394012,14.259501121017431,0.9016873095598835,-0.13562229868703754,0.4105686153099165,11.997150477362101,83.30962804270021,73.824809179397,60.74104507951796,23.178431252987693,7.291571804640913,101673.0,373576.706025133, 0.0, 0.0,0.0,NaN, 132.0923413477576,132.0923413477576,0.0, 162.22993526051678, 9.024009175587103, -37.205722993047516, 9.024009175587103, 202.67135723620396, -0.41507388275035173, -37.205722993047516, -0.41507388275035173, 225.5054022350557, 7.031753485282025, 5.030799275097485, 32.0, 0.0
7, 0 ,1.0,1.0,1.0,189.92578827947736,113.95187191925514,234.309140521086,13.188766342570021,13.157089020315096,13.577000560737607,64.0,69.0,69.0,0.6092216223219872,-0.2507481420445825,0.7523126904130729,14.10440638695342,0.17704584924769454,-0.8817374128830063,-0.43725724920982817,13.19234942608414,0.7729836881587664,0.3995804099096612,-0.492779579383012,12.586307260091752,67.99947158240434,67.4567276115535,61.7866805090578,22.209213852803074,6.1756225106743985,102248.0,283416.8524381578, 0.0, 0.0,0.0,NaN, 171.51282814668758,171.51282814668758,3.3036247397782844E-6, 173.94355763890783, -8.628620568389486, 17.36150103937493, -8.628620568389486, 173.10899148849606, -1.6202049868529613, 17.36150103937493, -1.6202049868529613, 184.33494422626933, 6.460055480226227, 4.8109279759409365, 36.0, 0.0
8, 0 ,1.0,1.0,1.0,121.75818104547386,186.55968065084087,114.74946876328092,12.551448373751777,12.684763653415425,14.617595385172672,63.0,67.0,76.0,-0.01199573557223006,-0.2188746896886066,0.9756792365023446,14.713191800329659,-0.25819543155893826,-0.9419815700850839,-0.2144897217633834,12.57585846545314,-0.9660182303922502,0.2544888835170528,0.045212683132823735,12.549340658783205,76.14548565252011,65.61942457334209,66.62377845785156,22.164370274063298,6.391937923725623,98826.0,332893.9006165179, 0.0, 0.0,1.4210854715202004E-14,12.662235351666343, 202.14153775757416,202.14153775757416,0.0, 157.53885627895613, 0.3169332786290502, -0.6535445681815161, 0.3169332786290502, 160.90322894300905, -12.463226952075699, -0.6535445681815161, -12.463226952075699, 213.6740948446214, 6.309844962353131, 4.666319560827345, 35.0, 0.0
9, 0 ,1.0,1.0,1.0,260.25230567767284,141.12288841081283,126.31336638293892,14.253050093638024,13.265647949077604,13.409050450569218,74.0,67.0,64.0,-0.8922487663487606,-0.2838845851250612,0.35114339133392203,14.46567556274229,-0.4511257410843697,0.52696419474941,-0.720273769606519,13.391174521437064,-0.019434625805352875,0.801073205007182,0.5982507965221009,13.051825999316257,78.7942270451968,70.22396231066513,66.26182782100099,22.716129654283662,6.550338922255037,106910.0,366642.78371444484, 0.0, 0.0,0.0,NaN, 193.52161472130823,193.52161472130823,0.0, 203.14943697175485, 7.721403124187037, -9.273648347333125, 7.721403124187037, 175.9774155088668, -7.284201735469953, -9.273648347333125, -7.284201735469953, 179.80263398591055, 6.116564618898345, 4.620967299945953, 38.0, 0.0
10, 0 ,1.0,1.0,1.0,22.195585010962727,132.22915088698426,191.08132350009967,13.33166655407436,13.71879888441215,13.351702996039858,58.0,65.0,63.0,0.6542112179683071,0.4655950695765635,0.5960108333498808,14.090983091267324,-0.2331511232610056,0.8738235578719487,-0.4267000626085502,13.638253912349361,0.71947775226657,-0.14019137239503965,-0.6802191875413687,12.635227523805757,77.17734325388571,73.26194066179835,64.03621266757432,22.378129675200164,6.589845299734716,100340.0,362071.1165685042, 0.0, 0.0,0.0,NaN, 172.74394469492023,172.74394469492023,0.0, 177.7333331090249, 6.481950506706497, 17.79217686177525, 6.481950506706497, 188.20544283094807, 0.9706411078554384, 17.79217686177525, 0.9706411078554384, 178.26797289445972, 6.358307840565072, 4.643296554755, 35.0, 0.0
11, 0 ,1.0,1.0,1.0,47.16425607533136,248.55208800872026,213.69362742852957,13.286008360509435,14.555480744022397,13.223922104418858,62.0,71.0,65.0,0.050965928890716654,-0.8676955493445405,-0.494476397556023,15.082699057494336,-0.8062397867368334,-0.3279452693815745,0.4923711065576368,13.996620267637415,-0.5893894131852484,0.3735723945073054,-0.7162847099353901,11.826198201175721,71.30723113037112,67.74124740553363,64.52965140615078,22.83230431783707,6.475958091793837,109171.0,311706.66004611674, -7.105427357601002E-15, 0.0,2.8421709430404007E-14,60.63527221300455, 110.99614698649393,110.99614698649393,NaN, 176.5180181555266, 10.943611012334939, -24.457073096775282, 10.943611012334939, 211.8620196896068, 28.54773417508019, -24.457073096775282, 28.54773417508019, 174.87211582373766, 6.9957889387589365, 4.916628747918857, 42.0, 0.0
12, 0 ,1.0,1.0,1.0,264.30062684660226,281.59229018605765,25.34293899225425,15.790337591250228,11.128395170906705,14.12746083961526,74.0,51.0,63.0,-0.9463574974799518,-0.14977949073216373,0.2863103056466822,16.01110068007308,-0.30623924237001043,0.1330905979043527,-0.9426051236769848,14.036096655105466,-0.10307770562117237,0.9797208770386977,0.17181964293525762,10.92674406222974,84.27568266002424,71.63758352619831,54.639230856532606,22.857864858292373,7.090775995645736,100184.0,329873.770261418, 0.0, 0.0,0.0,NaN, 47.49266870691693,47.49266870691693,NaN, 249.33476124565007, 16.2500838874104, -14.704510067163538, 16.2500838874104, 123.84117907985969, -15.610739378766755, -14.704510067163538, -15.610739378766755, 199.58514977486269, 6.315719782522273, 4.723586927709948, 23.0, 0.0
13, 0 ,1.0,1.0,1.0,135.61688701065074,21.24055090755071,249.49235220772297,15.050836735105008,12.71541082666701,13.650428407955369,73.0,55.0,69.0,0.902548448510205,0.1705895415500678,0.3953549119532472,15.49552395275493,0.29978397151730624,0.4101447890630076,-0.8613424536302461,13.389649731912614,0.30908877125048245,-0.8959243608241704,-0.31903553276816693,12.455905110617717,80.85752380900675,72.37884209218956,62.00816003570527,22.9383067496707,6.955403517873746,105063.0,362894.94034010265, 0.0, 0.0,0.0,NaN, 146.2673016460773,146.2673016460773,0.0, 226.52768642678637, 16.04844155011585, 24.085041058346714, 16.04844155011585, 161.68167249092062, -2.7955342732053476, 24.085041058346714, -2.7955342732053476, 186.33419572071494, 6.845888267572922, 4.688124852045287, 31.0, 0.0
14, 0 ,1.0,1.0,1.0,144.4186807653575,151.8731357598427,58.79387857862178,12.274036071642737,11.703044341295325,13.51864956955072,61.0,59.0,67.0,0.3563245572413312,0.12184696343548214,0.9263833587712599,13.696805761043004,-0.7442243320742545,-0.5624573177193714,0.3602386837814052,12.484935583156348,-0.5649450888851046,0.8177989259258552,0.10973587972545397,11.26459009264523,69.8241543491957,65.50931813534791,60.15064068988803,20.866406854281543,5.912711689072171,83412.0,275137.01495929837, 0.0, 0.0,0.0,NaN, 215.06985707426773,215.06985707426773,0.0, 150.65196148798708, 14.767880878758623, 12.270253421555628, 14.767880878758623, 136.96124685432451, 0.9805042813860727, 12.270253421555628, 0.9805042813860727, 182.75388618431387, 5.709759641421036, 4.491634649355464, 31.0, 0.0
15, 0 ,1.0,1.0,1.0,34.21112274857918,10.948077814597964,72.15434144331313,15.108269840154964,7.488327583945978,13.394452972119995,75.0,31.0,63.0,0.9750194873027024,0.0010166403707022806,0.22211700930440104,15.196437635804013,0.22201187550958695,-0.035562550230898646,-0.9743952135318554,13.300099366863703,0.006908437789428734,0.9993669353462876,-0.03489988572872579,7.478093206321213,78.0140523927702,65.78293683834355,31.961976356457594,20.340915522458463,7.070600660336764,58241.0,164028.65430303276, 0.0, 0.0,0.0,NaN, 80.60093248015843,80.60093248015843,0.0, 228.2598175629361, -0.7816240244552127, 11.732322893031009, -0.7816240244552127, 56.07505000448621, 4.2313958985003, 11.732322893031009, 4.2313958985003, 179.41137042233416, 6.2968567280083985, 4.537256323941669, 26.0, 0.0
16, 0 ,1.0,1.0,1.0,218.70058000421125,29.649863134319787,269.7560536743171,12.530419693964792,13.913083675129311,14.233687064086428,68.0,65.0,64.0,-0.295084963647355,-0.5962779636345829,0.7465771589815975,14.949097071024829,-0.035084171848570364,-0.7740819152648313,-0.6321125606611768,13.381851832892064,-0.9548266675763405,0.21271995332766802,-0.2075000152803265,12.273292173658707,76.11014523612386,75.88978125985099,60.749241119730584,22.593737170635357,6.534998329044799,104482.0,350886.5398437305, 0.0, 0.0,0.0,NaN, 91.67009525950292,91.67009525950292,0.0, 157.01141770690072, 13.589090161885027, -15.416594407195998, 13.589090161885027, 193.57389735114975, -18.510789307559712, -15.416594407195998, -18.510789307559712, 202.59784743834135, 6.2902497983332974, 4.628723606865803, 35.0, 0.0
17, 0 ,1.0,1.0,1.0,162.04501623782164,256.0433674743942,281.95480889333,14.970966056002784,13.188071274210415,10.133388725244297,71.0,67.0,43.0,-0.9247655456429699,0.3773877668660705,-0.0488585612917582,15.296193447276002,-0.38016954923888524,-0.910581307220323,0.16221219674374127,12.888859948439125,0.01672720607760672,0.16858278785441888,0.9855455566416342,10.032166809497445,75.19076503488616,63.54793697994822,46.661248183339524,21.37550440840094,6.620304141578332,80060.0,222957.6158746267, 0.0, 0.0,0.0,NaN, 145.908848291974,145.908848291974,0.0, 224.12982464998754, -23.864255513086228, 1.9862461747244173, -23.864255513086228, 173.9252239336539, -12.130041175089172, 1.9862461747244173, -12.130041175089172, 102.68556705690823, 6.596624275635488, 4.857181830985844, 30.0, 0.0
18, 0 ,1.0,1.0,1.0,40.72509712662946,85.53153410771688,38.175251937602305,12.429452243968898,12.399629433361618,15.640386560175292,59.0,60.0,78.0,0.09188365508414635,-0.01086852562637443,0.9957104343528225,15.665564224597293,0.7019907141033271,0.7098989739748057,-0.05703055376041179,12.463966316266035,-0.7062339776880455,0.7042196545824515,0.07285771653499934,12.333021775441182,79.55149653378174,61.084803320257365,62.51120638085102,22.543235143793797,6.68328767696919,101414.0,303766.17612213443, 0.0, 0.0,0.0,NaN, 102.13484578385746,102.13484578385746,1.9073486328125E-6, 154.49128308510348, 1.524953550683716, 8.40656959363051, 1.524953550683716, 153.75081008468774, -1.1412128078612227, 8.40656959363051, -1.1412128078612227, 244.62169175171192, 5.9568408740670105, 4.406253473622542, 34.0, 0.0
19, 0 ,1.0,1.0,1.0,190.73750679330246,281.8954607800005,59.93832975337077,14.202905005038057,10.239136511879785,12.843191568872554,67.0,44.0,68.0,0.977852564153736,0.15988008109498286,-0.13506562274326295,14.319941605615547,-0.13716831390127465,0.002137537548348112,-0.9905454480207919,12.815562947113603,-0.15807977871772544,0.9871341299956612,0.024020677722824995,10.10992658361739,68.99484799667113,66.93489783596829,47.88415620162829,20.789681711871914,6.268901904230575,77282.0,221136.8433343163, 0.0, 0.0,0.0,NaN, 125.9312119203811,125.9312119203811,2.3360154559928683E-6, 201.7225105821351, 16.061312043983264, -5.156013594667822, 16.061312043983264, 104.83991650890972, -2.352310161777771, -5.156013594667822, -2.352310161777771, 164.94756967475902, 6.125395474528594, 4.682071017021621, 34.0, 0.0
20, 0 ,1.0,1.0,1.0,281.21299910576147,105.42551560659182,168.98181714950817,10.688818328258693,12.111705767715186,12.88868958527784,45.0,62.0,66.0,0.12402127043195624,-0.4630207410771365,0.877627778624186,13.139356789623877,0.31300039919011263,-0.8210473403226959,-0.47740131446808703,12.021953593185184,-0.9416206638489161,-0.33390576257592003,-0.043098342558846,10.482962751156784,67.28654609507808,59.23256366634054,52.15981752336114,19.854096303160595,5.733884640338812,70451.0,207885.80199363557, 0.0, 0.0,0.0,NaN, 169.213637101035,169.213637101035,0.0, 114.25083725451896, -12.504141704056956, 1.6546372919402208, -12.504141704056956, 146.69341660370532, -11.923363962299275, 1.6546372919402208, -11.923363962299275, 166.11831922564946, 6.219572784258484, 4.628029513179004, 22.0, 0.0
21, 0 ,1.0,1.0,1.0,277.9337961543515,207.27867811309184,11.386054049318908,12.839269839968004,12.199305947096963,7.189347112893,49.0,66.0,28.0,-0.9131281718296503,0.405738734491869,-0.039661330587591324,12.994805041602328,0.4068735135888698,0.9131035881560557,-0.026377665483970945,12.043870310103703,-0.025512462658256938,0.040223334390295476,0.9988649546458409,7.171949345066503,64.86657706914204,61.3225691722692,30.42595568353824,18.16556526803149,5.947172943252848,45662.0,121027.91497521779, 0.0, 0.0,0.0,NaN, 95.98855719004928,95.98855719004928,NaN, 164.84685002351202, -8.725385573652572, 3.2480189521064484, -8.725385573652572, 148.82306559087536, -4.1445082952471965, 3.2480189521064484, -4.1445082952471965, 51.686711909662925, 6.469359064676133, 4.684157018864368, 14.0, 0.0
22, 0 ,1.0,1.0,1.0,52.038068637051545,188.88156547672037,49.32003917030179,14.356987267737212,11.00271007571142,13.563453847082327,73.0,56.0,75.0,-0.8120097201584325,0.07106192133813663,0.5793016638194268,15.080255060643559,0.5784585561963689,0.2300024553273629,0.7826139337544387,12.874639357248832,0.07762675525510714,-0.9705921253951717,0.22787060580392274,10.861839687860252,77.69438239968756,66.0223358629627,58.02057847184679,21.670676051256137,6.444516441099209,89864.0,297620.3059494446, 7.105427357601002E-15, -2.8421709430404007E-14,0.0,79.0275602069298, 132.24119381697585,132.24119381697585,0.0, 206.1230834059684, 0.04185396270071111, -29.848836619798604, 0.04185396270071111, 121.0596290101616, 13.104982828379763, -29.848836619798604, 13.104982828379763, 183.96728026193236, 5.961699450323384, 4.2899811625881785, 32.0, 0.0
23, 0 ,1.0,1.0,1.0,91.1789761208681,268.3294850728751,39.37874778600542,11.339962848971613,14.673433652709804,13.556939960421753,62.0,61.0,66.0,-0.05367297842253675,-0.8519504944105225,0.5208642495515705,15.268519079907769,0.2844414684418213,-0.5130504985932653,-0.8098593933047032,13.03662143801878,-0.9571897734607877,-0.10468782625916413,-0.26986699801053254,11.163057836242496,76.09521368056306,68.88150410716119,58.53875601573111,22.03250279596719,6.50106562131885,93722.0,306833.97896162316, 0.0, 0.0,0.0,NaN, 104.24640511496263,104.24640511496263,NaN, 128.59475741605638, -1.6545611768038044, -13.477978653490608, -1.6545611768038044, 215.30965516047655, -29.314501735257966, -13.477978653490608, -29.314501735257966, 183.79062109048016, 5.834949879292027, 4.261853831240469, 34.0, 0.0
24, 0 ,1.0,1.0,1.0,68.71106290184794,62.32065779416393,161.4239917269907,13.520655427703018,12.749551846589165,11.99927263883562,65.0,62.0,58.0,-0.9390138015076188,0.23905078315648076,-0.24719992647750355,13.729650920379171,-0.128025317619975,-0.9102023288119099,-0.3938797261521347,12.820333007804667,-0.3191592057680848,-0.33821064988797933,0.8852971013596715,11.682357917739685,67.15337524679342,63.26905103970182,65.17135560067338,21.2936880261503,5.993378812457418,88964.0,276895.51492565253, 0.0, 0.0,0.0,NaN, 166.7584619198682,166.7584619198682,0.0, 182.8081231946751, -8.429111678892736, 13.4825177301191, -8.429111678892736, 162.55107228886519, 6.9221234207560505, 13.4825177301191, 6.9221234207560505, 143.98254386110915, 6.260271592837935, 4.388758118074761, 37.0, 0.0
25, 0 ,1.0,1.0,1.0,124.03756376937145,169.08392289922034,274.40299836365386,13.065271808753566,11.614408094257044,13.151445197787597,68.0,57.0,61.0,-0.7624019640116798,0.32083189835417286,0.56196987309783,13.294060979264392,0.5677614835698862,-0.08500999446508915,0.8187919141122287,13.117595385603474,0.3104676199632666,0.9433134123076501,-0.11734420784530206,11.390915133831827,75.12630349360604,70.17045911533552,61.230229236854456,20.99072522677041,6.160013641310975,83112.0,322784.16698846075, 0.0, 0.0,0.0,NaN, 182.15252664201307,182.15252664201307,0.0, 170.70132743661068, -13.533737694813864, -0.4551588325552351, -13.533737694813864, 134.89447537994354, 5.524642487408773, -0.4551588325552351, 5.524642487408773, 172.96051079041044, 5.675615574762946, 4.220822847451976, 30.0, 0.0
26, 0 ,1.0,1.0,1.0,276.68176165803106,207.4984663212435,287.2276062176166,13.888750023218304,12.710056714636778,7.522975418028963,59.0,61.0,34.0,0.9793214620655007,0.09814414182475908,-0.1769101505379823,14.050394663659384,0.11490905624753976,-0.989547282328815,0.08713257041977485,12.745629290200807,0.16650940733240768,0.10565937469594888,0.9803625420265052,7.15356008076994,66.77673842485467,61.24676455139024,39.851649236676224,19.149683888026466,6.657903951368923,48250.0,162987.63330205472, 0.0, 0.0,0.0,NaN, 96.24660001905136,96.24660001905136,0.0, 192.89737720744643, 1.402672546377068, -24.222240549813083, 1.402672546377068, 161.54554168928343, -12.133682013262172, -24.222240549813083, -12.133682013262172, 56.59515914026806, 5.6639383930925264, 4.348179003951792, 17.0, 0.0
27, 0 ,1.0,1.0,1.0,13.001729279525684,250.03237987683295,81.28829560092464,8.275944270027729,11.896296251241106,13.674774218281676,33.0,57.0,59.0,-0.06587919876882409,0.03812768277785537,0.9970988972893152,13.694613335468866,-0.11226774074443509,0.9926414639900532,-0.045374864802262965,11.935357475341839,-0.9914917475994026,-0.11493130023485586,-0.06111391550708689,8.186414081066225,58.343551230744374,58.525134534800884,36.45540152453022,19.032342284626115,5.897670314596227,56671.0,124479.30839608824, 1.7763568394002505E-15, -2.8421709430404007E-14,0.0,87.18762276358639, 96.29950688728634,96.29950688728634,0.0, 68.4912535606048, -8.709378222158204, -7.532781369110988, -8.709378222158204, 141.5218644972932, 1.1843266851177094, -7.532781369110988, 1.1843266851177094, 186.99944992098122, 7.829910417899159, 4.961315847041044, 26.0, 0.0
28, 0 ,1.0,1.0,1.0,60.30294001285792,44.387678650907475,34.71838682557737,11.972249235375644,12.029822864661453,14.333710686466747,62.0,60.0,68.0,-0.3752991295816973,-0.4300121995709543,0.8211212282941966,15.418859665385943,-0.6546975599723048,-0.5041194675964445,-0.563235889620492,11.799372869731116,-0.6561415002128204,0.7489680037294159,0.09233234042329336,10.79537949553432,80.91032086771608,59.65638477405855,54.33662062544414,21.24998849342328,6.476468249117083,80884.0,262272.93686553073, 7.105427357601002E-15, 0.0,0.0,67.957197925817, 82.53530743858045,82.53530743858045,9.5367431640625E-7, 143.33475175395267, 27.046890732615076, -28.98497394277154, 27.046890732615076, 144.7166381551315, -36.35399406173767, -28.98497394277154, -36.35399406173767, 205.455262043331, 6.302597960474247, 4.346122088405756, 27.0, 0.0
29, 0 ,1.0,1.0,1.0,135.41920655954945,142.825465186903,174.93064988128762,12.356512389496961,11.414345039341871,11.863780606511623,58.0,52.0,55.0,-0.8652649923207514,0.4515789899860415,0.21769912463617652,12.666341798412557,-0.31438505205669953,-0.15053988497817566,-0.9372831920364644,11.885599888769248,-0.3904849960081399,-0.8794396845912429,0.2722265766940812,11.046097144161692,66.32936178706343,54.448814417860206,58.70221321209931,19.82351748584448,5.545098364934433,72444.0,212006.27811788456, 0.0, 0.0,0.0,NaN, 233.19480558149277,233.19480558149277,0.0, 152.68339843179191, -14.100926954075701, -1.5643518613663336, -14.100926954075701, 130.2872726771484, 6.493320869899276, -1.5643518613663336, 6.493320869899276, 140.7492902794413, 5.612998244352484, 4.103061186142548, 31.0, 0.0
30, 0 ,1.0,1.0,1.0,238.88075300310956,95.2830213024012,185.3808626762835,13.318804435156398,11.376809821186503,11.944551290458831,67.0,56.0,59.0,0.9172622150260451,-0.3677470625532768,0.15294484910891834,13.685317285289464,0.18340235337481697,0.04912426727406616,-0.9818097489541264,11.911468336243106,-0.3535443475182321,-0.9286274303229591,-0.11250551093028845,10.969214725559187,72.7050031356701,60.02677589515861,56.202390728839504,20.381489883229765,5.838623892627944,77503.0,245281.1111791075, 0.0, -1.4210854715202004E-14,0.0,68.42326027187349, 161.09613012985048,161.09613012985048,0.0, 177.39055158194176, -22.394169478900185, 5.512327688659981, -22.394169478900185, 129.4318017074457, -4.806229730517229, 5.512327688659981, -4.806229730517229, 142.67230553040173, 5.805474656690018, 4.272556532282993, 31.0, 0.0
31, 0 ,1.0,1.0,1.0,275.0119919841379,65.06248343282475,240.5487048445071,14.232042423137791,13.429784453346876,12.25546558038283,58.0,71.0,60.0,-0.8801194958989217,0.3335396974939495,-0.3378475146190554,14.754519895864275,-0.26274847707872867,-0.9349186177749534,-0.2385171187369578,13.27779027949393,0.3954148590170036,0.12115464635504423,-0.9104771501444432,11.794532908327538,69.75326804177683,68.37155116997039,65.64689372095121,22.121971790054044,6.612483853239793,94313.0,313079.1699483131, 0.0, 0.0,0.0,NaN, 91.60777145369772,91.60777145369772,0.0, 202.5510315339938, -13.933611153950487, 25.6975222378765, -13.933611153950487, 180.35911046335744, -0.5625154289300869, 25.6975222378765, -0.5625154289300869, 150.19643659194827, 5.499682188553551, 4.145635321905312, 31.0, 0.0
32, 0 ,1.0,1.0,1.0,131.5552826778034,276.2716823536745,58.84208689147915,12.829337152710536,12.212041406987032,12.30389610797878,63.0,53.0,67.0,0.7147310921705184,0.2583626101293451,-0.6499294019906238,13.248618816062617,-0.58886987936957,0.7236706246750801,-0.3599070604387295,12.839418912662781,-0.3773482887943258,-0.6399606149362091,-0.6693718550062161,11.168488169472575,69.67648161080024,68.81859548173753,60.72423647529001,20.710206646308304,6.01656440229445,80215.0,291174.9972860274, 0.0, 0.0,0.0,NaN, 146.05552590883394,146.05552590883394,0.0, 164.5918917779189, -7.71614131268921, -15.091544403419158, -7.71614131268921, 149.13395532596581, -18.9769195241043, -15.091544403419158, -18.9769195241043, 151.38585943593537, 6.228032444659993, 4.289239082427913, 22.0, 0.0
33, 0 ,1.0,1.0,1.0,36.17602860157074,176.44003047708358,209.0913609190013,12.147290673750927,13.174925965600467,12.773418293416226,66.0,63.0,67.0,0.2710586840121537,0.8227901128136029,0.4995434116048159,13.564497954244493,-0.22322662695236584,-0.4510909321813861,0.8641104350273743,12.501747838502176,-0.9363210255254706,0.3457360281485099,-0.06139654712623495,12.000260665586937,59.740719678539676,60.62356400084008,71.39817998676313,21.147733240261328,6.0884266119373995,85310.0,258582.45594875322, 0.0, 0.0,-2.8421709430404007E-14,60.03020305038019, 157.6075879310542,157.6075879310542,0.0, 147.55667071259626, 10.15589101307749, 3.04462587128543, 10.15589101307749, 173.57867419905338, 11.6468456507045, 3.04462587128543, 11.6468456507045, 163.16021489858028, 5.577080502369006, 4.217787769795139, 41.0, 0.0
34, 0 ,1.0,1.0,1.0,200.62172561787776,175.4602486310493,193.59735089536775,12.481218275127425,10.689253528975032,11.744453614498772,63.0,53.0,56.0,0.9203152154921743,0.2762879612420651,0.2769203253759037,12.7109917745279,-0.2823395518381134,-0.02081086393224038,0.9590887786906109,11.664714046905514,-0.2707476345260406,0.9608495565982725,-0.058854464430972545,10.504202761419002,64.2671339369796,56.50786894540295,50.970711450557005,19.433839315724843,5.504455539997186,67570.0,185105.17362189863, 2.8421709430404007E-14, 0.0,0.0,23.027792130560037, 191.5925750823657,191.5925750823657,0.0, 155.7808096313748, 13.177785333870352, 6.089777843504445, 13.177785333870352, 114.26014100670518, 3.4061711485123687, 6.089777843504445, 3.4061711485123687, 137.93219070311326, 5.9415616804067595, 4.198791758267623, 34.0, 0.0
35, 0 ,1.0,1.0,1.0,32.61050449795936,288.89271138272187,207.0604072736597,13.157186937570623,6.80291318863798,13.413730493178925,77.0,27.0,86.0,0.6292097643157932,-0.05239816737138647,0.7754672814153956,13.993862679866291,0.776573217197412,0.08356298098249948,-0.624460780626758,12.586377234213696,0.03207975718931774,-0.9951239421627031,-0.09326965698036967,6.713737939559034,70.39382823300647,78.61001631472416,32.059367472104384,18.872128592319,6.569788740969271,46799.0,177405.6389521262, 0.0, 0.0,0.0,NaN, 99.11904337803584,99.11904337803584,0.0, 173.11156811017904, 2.3848446138647046, 18.593284125393158, 2.3848446138647046, 46.27962785214457, -12.040015707150916, 18.593284125393158, -12.040015707150916, 179.92816574363812, 5.789911342250753, 4.4461104147377695, 23.0, 0.0
36, 0 ,1.0,1.0,1.0,163.2551534479571,9.576978184507302,223.9679238306526,14.2252466136058,6.533181773067829,12.270672731271913,72.0,27.0,66.0,0.9297001179027051,-0.0257704663342126,0.367414716412684,14.55475983193596,0.3682114816779935,0.08894986502891028,-0.9254772964648212,11.916034172362014,0.008831507922918494,-0.9957026687602356,-0.09218568159726091,6.463482839274283,73.0804151948538,62.71983520188566,29.035698162586957,18.705162392612884,6.762130909840027,43272.0,133087.78212577172, 2.8421709430404007E-14, 0.0,2.8421709430404007E-14,28.29439875131243, 156.7537820159684,156.7537820159684,0.0, 202.35764121790328, -0.7922540241992597, 23.941050863971252, -0.7922540241992597, 42.6824640799457, -9.860074743018652, 23.941050863971252, -9.860074743018652, 150.56940927798013, 6.496141860710949, 4.291117334399127, 16.0, 0.0
37, 0 ,1.0,1.0,1.0,104.00431313666608,229.41467938526762,156.82398575045633,12.089302527119585,10.932924129972871,11.969358215430697,59.0,52.0,59.0,-0.8262206105660302,0.5421668283978136,0.1530184069350895,12.85626389596296,-0.1832344244969834,-0.0017791834766894832,-0.9830676376452522,11.965869576978724,-0.5327144153814087,-0.8402689835351612,0.10081362484124723,10.023973544326397,59.64000198894993,59.63408779025255,53.99516397020702,19.46083118522934,5.497422240767112,67932.0,192037.964465787, 0.0, 0.0,0.0,NaN, 190.52179847382237,190.52179847382237,0.0, 146.15123559222, -29.014757420064896, -0.500918975223485, -29.014757420064896, 119.52883003174306, 5.450882079280245, -0.500918975223485, 5.450882079280245, 143.26553608929834, 5.944979588383746, 4.143994280216812, 23.0, 0.0
38, 0 ,1.0,1.0,1.0,51.927054691966354,20.305447417853156,165.65057305420194,12.412179777059634,11.491017040541896,12.278190661823654,61.0,49.0,59.0,0.5568305297079004,0.27982511553835354,-0.7820726730292822,12.748767196018731,-0.7776982815346916,0.5063578028201667,-0.37254148550345495,12.431621940468325,-0.29176213613696766,-0.8156590465611723,-0.499574995050506,10.944558295479506,70.98724705738994,61.69255673037766,60.09612372741246,20.080681430607694,5.798782514857827,73466.0,263184.0487607843, 0.0, 0.0,0.0,NaN, 145.45961200445296,145.45961200445296,0.0, 154.06220681804817, -7.028259430045493, -8.544477431771654, -7.028259430045493, 132.04347262602425, -15.912515440289386, -8.544477431771654, -15.912515440289386, 150.75396592809358, 5.570138650843509, 4.063084572090326, 24.0, 0.0
39, 0 ,1.0,1.0,1.0,186.9156762130316,65.70151893922781,62.9431311492186,11.699793173632637,10.931446685880735,12.586139194242149,58.0,57.0,61.0,-0.5289796808976479,-0.1267471658971425,0.839115995041487,13.039147265862875,0.635426986046742,0.5962457307167798,0.4906358874007964,11.652469556832651,0.5625060378351296,-0.7927333628270322,0.23486330675515954,10.439979816795681,66.1825024178448,56.52083713823686,55.057443339305316,19.581030139803413,5.601414592132709,68403.0,205952.85198101174, 0.0, 0.0,0.0,NaN, 145.14334857700285,145.14334857700285,0.0, 136.88516030578086, 14.240360236268359, -18.73685393230284, 14.240360236268359, 119.49652664625289, 1.345743734538168, -18.73685393230284, 1.345743734538168, 158.41089981683842, 5.371224971081104, 3.937714352734569, 33.0, 0.0
40, 0 ,1.0,1.0,1.0,92.14186969147501,158.65819574908997,106.43515249014983,11.284250166369794,11.569724897681912,13.179719660585768,57.0,56.0,61.0,-0.11043451886737522,0.21709619255541732,0.9698832198880811,13.231850463201427,0.6576613304537742,-0.7156938082280099,0.23508285196896025,12.464330396668313,-0.7451750072756756,-0.6638159504275482,0.0637384694644247,10.22039370274233,62.703732911140435,57.42198952715169,53.35718411498411,20.059186514447084,5.703234410013783,73349.0,192116.44152465934, 0.0, 0.0,0.0,NaN, 199.48952720567758,199.48952720567758,0.0, 127.33430181721675, -25.652513121719945, 0.30527755235248133, -25.652513121719945, 133.85853420804074, 6.3064350990543065, 0.30527755235248133, 6.3064350990543065, 173.70501033163103, 6.205239492726554, 4.293689850746037, 28.0, 0.0
41, 0 ,1.0,1.0,1.0,84.22524254191721,207.98732418146162,190.71879423873656,13.865368127002775,12.312695610323749,10.387726928753443,64.0,60.0,52.0,-0.9717896623533644,0.2358456203306833,-0.0013021190305455902,13.956538230803778,0.22894475520386767,0.9420001484949941,-0.24539767582446867,12.324133129777579,-0.05664937076239761,-0.23877303785445533,-0.9694216240552814,10.251173613190385,64.53216068943343,59.047878197472954,55.12235351610684,20.43196800708969,5.855805716845361,76997.0,210043.02053413895, 0.0, 0.0,0.0,NaN, 165.83909649165307,165.83909649165307,0.0, 192.24843329730442, -10.465513763901038, -2.515709033889727, -10.465513763901038, 151.6024731924857, -10.84551939456077, -2.515709033889727, -10.84551939456077, 107.90487074634943, 5.6588052711471395, 4.099988829775114, 21.0, 0.0
42, 0 ,1.0,1.0,1.0,24.578837676829156,11.706966192663089,265.1228351684834,13.04855163602635,7.525173426551226,14.532825207043258,50.0,33.0,79.0,-0.26271376587657713,0.09650038746596218,0.9600360162191135,14.729206880640085,0.9584066616694359,0.14110582706603378,0.24808429300473256,12.974878283208897,0.11152644568260207,-0.9852800722570859,0.12955705741670703,7.266288020675304,81.97059194447567,63.681162903166914,35.44330564514375,19.728977074293446,6.990236548084775,54219.0,185013.43942348525, 0.0, 0.0,0.0,NaN, 44.24464877999205,44.24464877999205,0.0, 170.26469979804594, 11.464866061887312, -13.927720152117812, 11.464866061887312, 56.628235099672715, 19.25245034317971, -13.927720152117812, 19.25245034317971, 211.2030084984719, 5.807752278444897, 4.192444419214139, 22.0, 0.0
43, 0 ,1.0,1.0,1.0,288.07639332146334,76.76762858198677,284.070816676185,8.012454363038476,11.742714578900035,8.76421855081357,36.0,61.0,36.0,0.19132716784133394,-0.964639771201593,-0.18128438063427324,11.91710028961332,0.5150247408556012,0.2558932654741948,-0.8180881083303768,9.190527579683673,0.8355497777825298,0.0631565396541908,0.5457726819349553,7.240111939886168,60.86728259189537,49.52742216354039,38.302841619368564,15.813291928312273,5.370483758255002,29767.0,115467.73105817717, 0.0, 0.0,0.0,NaN, 79.30435092534344,79.30435092534344,9.5367431640625E-7, 64.1994249197743, -12.312916565170914, -16.610039208574516, -12.312916565170914, 137.89134568151144, 8.959647896972188, -16.610039208574516, 8.959647896972188, 76.81152680642471, 6.615560051029608, 4.409709631326279, 9.0, 0.0
44, 0 ,1.0,1.0,1.0,120.95493689232441,235.94320913098616,76.4793163838396,11.879276222464185,12.293829537322146,13.126150655088118,61.0,61.0,67.0,-0.08097829393932064,-0.1185565284354421,0.9896397655086488,13.15050975993129,0.4342974576364371,-0.8978851421106071,-0.07202770208428041,12.39790906062816,0.8971221958023357,0.4239653537051714,0.12419800584729587,11.743390620291642,67.51471687322221,61.16829462594265,58.79585384818748,20.75397474196672,5.815824248738105,82795.0,242812.77087305937, 1.4210854715202004E-14, 2.8421709430404007E-14,0.0,81.8216584654749, 156.7879301783214,156.7879301783214,0.0, 141.11720356960294, -5.825265858231664, -3.3014514230559464, -5.825265858231664, 151.13824469273445, -3.0879673212535277, -3.3014514230559464, -3.0879673212535277, 172.29583102007024, 6.161479775211907, 4.310592752161625, 36.0, 0.0
45, 0 ,1.0,1.0,1.0,23.628249940148432,188.19677998563563,121.77869284175246,12.568268415405273,12.560829312267225,12.474880901171835,52.0,61.0,63.0,-0.5781619272669668,-0.5212891880472043,0.6276833344004229,13.802382742258041,0.6204464332568896,-0.7804893446420376,-0.07669815094933188,12.167853429917637,0.529882071142014,0.3450999352728555,0.7746812411288403,11.523716024627909,70.96509778015245,63.79221284937405,58.972324944548774,20.886222125685688,5.926565851197194,83540.0,266968.93117886386, 0.0, 0.0,-1.4210854715202004E-14,51.120590786506625, 166.99791684646962,166.99791684646962,0.0, 157.96137096167377, 10.003126636747673, -21.669223307475725, 10.003126636747673, 157.77443301191155, -17.969355178663918, -21.669223307475725, -17.969355178663918, 155.6226534984218, 5.970499383297682, 4.2867434060678455, 22.0, 0.0
46, 0 ,1.0,1.0,1.0,216.71555746809568,135.6646181568791,206.21914123959496,12.589826767510221,12.822698695255106,11.097940059076475,69.0,61.0,59.0,0.5838511792764286,0.7203440459651519,0.37446262283447984,14.184075776343866,-0.8116028518532918,0.5294961441203305,0.24684943634796136,11.681013991921875,-0.02045999318493491,-0.44803826712040645,0.8937802301878329,10.414197996558766,63.80693123697267,58.688291843524354,54.882406471024396,20.278266604645843,5.906057647109743,74363.0,205519.234297582, 0.0, 0.0,-2.8421709430404007E-14,68.00889645343453, 184.75940153978883,184.75940153978883,0.0, 158.50373803591685, 26.97216361973494, 14.66641038554005, 26.97216361973494, 164.421601829297, 28.67236908833026, 14.66641038554005, 28.67236908833026, 123.16427355485435, 5.7132389792337905, 3.885545747671026, 30.0, 0.0
47, 0 ,1.0,1.0,1.0,125.54449786404298,91.82715865620767,213.1286039623119,12.689471233917269,10.364519348994286,12.133700680147367,62.0,51.0,65.0,0.7563528033005017,0.12847218834828958,0.6414244567838631,13.58609421933341,-0.607467720279886,0.5017518838755183,0.6158149201223745,11.612097336216978,0.2427208391494857,0.8554179936430901,-0.4575441513058598,9.81070196495222,67.21762389730233,57.90363549126259,52.8089734838903,19.589167193670583,5.6512974073175215,67183.0,205540.17115517202, -1.4210854715202004E-14, 0.0,0.0,40.856284462559145, 178.1580406839497,178.1580406839497,0.0, 161.02268019641386, -3.1791865621173847, 28.417315964673488, -3.1791865621173847, 107.42326133567694, 19.203092288381892, 28.417315964673488, 19.203092288381892, 147.22669219540867, 6.185780684164181, 4.207878649287466, 37.0, 0.0
48, 0 ,1.0,1.0,1.0,107.61687432286024,211.03674611773204,279.56673588539786,11.852824143975564,12.155374691584175,11.29516603004339,61.0,58.0,46.0,0.5432141840132049,0.8061911946354943,0.23446557951874683,12.282937076060591,-0.6971347050532847,0.5887257131129771,-0.40915185167598334,11.92293215532945,-0.4678905355926073,0.05880299662271222,0.881828018545029,11.081358009378102,61.60477591955362,64.95354711033833,55.289791472576724,19.552021570988536,5.791528486909456,66456.0,221239.2650357257, 0.0, 0.0,0.0,NaN, 141.11474218776806,141.11474218776806,0.0, 140.48944018801006, 4.3489164695975635, 9.097728758548499, 4.3489164695975635, 147.7531338928051, 0.6433133346553052, 9.097728758548499, 0.6433133346553052, 127.58077564624614, 5.304973040236199, 3.9889608907330545, 26.0, 0.0
49, 0 ,1.0,1.0,1.0,279.6230480871875,233.50347558402225,46.28357041781485,11.102268014221014,12.32167632832395,14.319634097275202,48.0,62.0,68.0,0.24147151645020715,0.0010409304956289292,0.9704073491101256,14.507038721774839,0.1706455714058904,-0.9844620768640772,-0.041406619954126644,12.366880775406928,0.9552861328956866,0.17559423589677312,-0.2378971807673096,10.80472446160551,71.28862286594119,59.94627325923642,55.13005956056145,20.984390166131114,6.308038731250666,80562.0,235597.60753875828, 0.0, 2.8421709430404007E-14,-7.105427357601002E-15,78.61033799587857, 83.54146766296738,83.54146766296738,NaN, 123.26035505959503, -6.057439654730677, 21.70338951922988, -6.057439654730677, 151.82370753997876, 1.5701956292422439, 21.70338951922988, 1.5701956292422439, 205.0519206798466, 5.762901801513021, 4.074448893298498, 20.0, 0.0
