// Sample: .//bubblelabels.tif, Map: .//bubblelabels.tif, Thickness:(8.191250068658265):/afs/psi.ch/project/tipl/test/LabelValidation/Step3500//distmap.tif, Neighbors:(1.0):
//LACUNA_NUMBER, TRIANGLES, SCALE_X, SCALE_Y, SCALE_Z, POS_X, POS_Y, POS_Z , STD_X, STD_Y, STD_Z,PROJ_X, PROJ_Y, PROJ_Z, PCA1_X, PCA1_Y, PCA1_Z, PCA1_S, PCA2_X, PCA2_Y, PCA2_Z, PCA2_S, PCA3_X, PCA3_Y, PCA3_Z, PCA3_S,PROJ_PCA1, PROJ_PCA2, PROJ_PCA3,OBJ_RADIUS, OBJ_RADIUS_STD, VOLUME, VOLUME_BOX, Mask_Grad_X,Mask_Grad_Y,Mask_Grad_Z,Mask_Angle, Mask_Distance_Mean,Mask_Distance_COV, Mask_Distance_STD, SHAPET_XX, SHAPET_XY, SHAPET_XZ, SHAPET_YX, SHAPET_YY, SHAPET_YZ, SHAPET_ZX, SHAPET_ZY, SHAPET_ZZ, Thickness, Thickness_STD, Neighbors, Neighbors_STD
1, 0 ,1.0,1.0,1.0,79.5820850862652,138.22017821557023,39.76253283942047,15.436889342012828,15.55564195266584,16.174341609127744,83.0,82.0,80.0,0.044208136830109934,-0.491408809663977,0.8698063131655482,16.458687225674975,0.9986076053617928,0.046821614749357386,-0.02430199386569913,15.434969475764234,-0.02878352222359172,0.8696695453888772,0.4927944710236793,15.256415296375406,90.58204732922903,82.71966440691506,92.06750418716346,26.217995045340306,7.382520667653231,167101.0,689854.1264272123, 0.0, 0.0,0.0,NaN, 164.37513483014254,164.37513483014254,1.9073486328125E-6, 238.2975525575492, -0.5721214983386529, 1.3332099646819973, -0.5721214983386529, 241.97799655953747, -16.30423581084472, 1.3332099646819973, -16.30423581084472, 261.60932648876104, 6.997071417735073, 5.518395513344648, 53.0, 0.0
2, 0 ,1.0,1.0,1.0,60.02467603342929,262.6416410739318,12.437769526275803,15.67623992400187,18.943159910096096,8.099121918271138,88.0,90.0,33.0,-0.4320952018151608,-0.9016402809917426,0.01839946361846446,19.805591337479175,0.8943726738699425,-0.431051908387085,-0.11954820162002364,14.649223111955333,0.11572059800677344,-0.03520022683142485,0.9926578903267587,7.957537016582803,92.19810590026637,71.12915636564507,38.800261786454186,24.373313952716483,8.724972684410071,93451.0,254451.08824704532, 7.105427357601002E-15, 0.0,0.0,64.39939942383647, 71.78653651873613,71.78653651873613,0.0, 245.74449815487014, 69.83222625422422, -18.789841698083322, 69.83222625422422, 358.84330737947187, 2.338546015189219, -18.789841698083322, 2.338546015189219, 65.59577584701995, 7.531048698742786, 5.497066810505719, 22.0, 0.0
3, 0 ,1.0,1.0,1.0,76.57820577480771,15.00290001260875,259.938196108099,14.901850717908863,9.470102401049079,16.61519764842182,76.0,39.0,77.0,-0.08765232284362968,-2.810743895084759E-4,0.9961510885891278,16.627895888920705,-0.9896717210482722,0.11389544151259967,-0.08705006008040339,14.9465864402364,0.1134326005056214,0.993492702237836,0.010261371384687577,9.37685551200794,79.86305248518659,79.19329790023198,41.025128768772724,23.06064433332914,7.484615563474134,95172.0,259468.28864996106, 0.0, 0.0,0.0,NaN, 87.71691250580051,87.71691250580051,0.0, 222.06515481884088, -15.265977228532, -4.792932728455652, -15.265977228532, 89.68283948635553, -1.3959772004989748, -4.792932728455652, -1.3959772004989748, 276.06479289612196, 6.9409557718210415, 5.2392261829267515, 33.0, 0.0
4, 0 ,1.0,1.0,1.0,156.50045351473923,174.5743661100804,13.317676767676767,16.61673131008313,16.709555961977443,8.830600669683403,76.0,85.0,38.0,-0.671366778612474,0.7223543099591048,0.16574347486104754,17.14215005825925,0.7294363177289511,0.6836044949749625,-0.024648586735467222,16.361291864655698,0.13110799729054726,-0.10435106771630268,0.985860815588554,8.471088948006605,86.71712694391661,79.86704366229884,42.48226884507028,23.83584146941379,8.072000341326056,97020.0,294225.42081364617, 0.0, 0.0,0.0,NaN, 191.05253202366094,191.05253202366094,NaN, 276.115759431497, -10.006769450719897, -28.236213953594678, -10.006769450719897, 279.20926044645597, 23.28887303773679, -28.236213953594678, 23.28887303773679, 77.97950818741296, 8.13118581629566, 5.405352898176882, 24.0, 0.0
5, 0 ,1.0,1.0,1.0,16.593233040448133,166.1456057852633,12.675328324933961,10.405622441483327,15.802815919498583,8.77906952626733,45.0,78.0,44.0,0.11500761509711455,-0.9924484914348902,0.04265255347905633,15.874712314491862,0.987832980556298,0.1097367172995008,-0.11019916243597229,10.328938213313695,0.10468644131373608,0.05480734188901398,0.9929939094879315,8.739826968822852,77.21588478412882,52.042815424157816,46.661781639186124,19.61359056178611,7.098246008833775,53377.0,187511.86454344937, 0.0, 0.0,0.0,NaN, 135.47323787919746,135.47323787919746,0.0, 108.27697839470144, -16.760507469328758, -2.4371783991051044, -16.760507469328758, 249.72899098555783, -7.800600478509264, -2.4371783991051044, -7.800600478509264, 77.07206174703568, 7.210497229996565, 5.1573848194925525, 16.0, 0.0
6, 0 ,1.0,1.0,1.0,189.75831474694675,114.15237234345678,234.80830639535455,13.189291381141386,13.246444746951822,13.433621533518101,64.0,69.0,71.0,0.6427555732847752,-0.24525201042835404,0.7257525228286916,14.266575192900884,-0.12035560826200437,-0.9679330380319214,-0.22049979919758994,13.180991658959629,0.7565578633331642,0.05437908850969349,-0.6516618096540661,12.353711354416578,67.44209801863545,66.7310205306647,68.00640427142287,22.176824689353527,6.170602869564592,101777.0,306061.4641664904, 0.0, 0.0,0.0,NaN, 171.56325420705454,171.56325420705454,2.6973983046972182E-6, 173.95740713665043, -5.566129332714216, 24.314302059531013, -5.566129332714216, 175.4682984340475, -4.554989983779873, 24.314302059531013, -4.554989983779873, 180.46218750580124, 6.45667217474291, 4.82743071565828, 38.0, 0.0
7, 0 ,1.0,1.0,1.0,121.95413019226324,186.6810822219319,114.94616026291722,12.497402679010062,12.853102514738532,14.627493403075098,64.0,68.0,78.0,0.03251443621717742,-0.26663810032530644,0.9632481169939505,14.765933501556827,0.3476275653238025,-0.9005680146872735,-0.2610216978514787,12.72827438298981,-0.9370687740313006,-0.3433385710594354,-0.0634092923658706,12.462307984143164,77.56561046467309,67.97121982694685,67.61555150290678,22.226654985644164,6.428583777321282,99499.0,356484.68229672563, 0.0, 0.0,-1.4210854715202004E-14,15.581762367263536, 202.30325443880608,202.30325443880608,NaN, 156.18507372132785, -2.6412581105247877, 1.3565390148635452, -2.6412581105247877, 165.20224425437797, -14.534944497302524, 1.3565390148635452, -14.534944497302524, 213.96356325700552, 6.287400940267976, 4.664226457999486, 37.0, 0.0
8, 0 ,1.0,1.0,1.0,260.52408118172553,141.02360974866428,126.41925161192012,14.04481335126226,13.313828017176105,13.421113874391096,71.0,72.0,64.0,-0.8275772684360421,-0.3055600898154757,0.4709022151996066,14.39517200657318,-0.521004339297828,0.7303831328677617,-0.441695548602323,13.278743767433953,-0.20897450370983592,-0.6108792930966241,-0.7636466107205582,13.08033191597663,78.92941249745803,67.919532241332,67.2952672776153,22.60944463459872,6.591973110302224,104999.0,360759.75127706875, 0.0, 0.0,0.0,NaN, 193.46274538320944,193.46274538320944,0.0, 197.25678207179465, 7.145151884784509, -12.875004311471585, 7.145151884784509, 177.2580164709434, -6.885335334107932, -12.875004311471585, -6.885335334107932, 180.1262976293732, 6.181735262307525, 4.631452164945042, 34.0, 0.0
9, 0 ,1.0,1.0,1.0,23.04104966816745,133.03822426392122,191.67338123647008,13.191736201166668,13.31214439231241,13.283394637578324,59.0,65.0,65.0,0.47875680354960665,-0.6438525757110135,0.5968632873659241,14.151651421853904,-0.8401701787217353,-0.13871532371894946,0.5242824904116433,12.912205859426166,-0.25476654772880053,-0.7524705440851763,-0.6073566385926047,12.676330987266448,86.32921930868335,69.36100395174591,63.03260787221896,22.080091858309633,6.336655975293283,98393.0,377431.7753311034, 0.0, 0.0,0.0,NaN, 173.1031929741549,173.1031929741549,0.0, 174.0219040011712, -11.497021005579425, 8.651400131979958, -11.497021005579425, 177.21318832177474, -15.649178161356675, 8.651400131979958, -15.649178161356675, 176.44857309764458, 6.329029285751636, 4.677085464194824, 35.0, 0.0
10, 0 ,1.0,1.0,1.0,47.025222060797766,248.74255659561948,213.8563547087923,13.368269508061557,14.422788491924148,13.154705215872813,63.0,70.0,65.0,-0.055649131485018516,0.8569038877932499,0.5124635608994815,14.998080836901813,-0.8338030857261785,-0.3222292088387119,0.44826415337910025,13.987961723651313,-0.5492500235762094,0.40234818758879876,-0.7324208814237495,11.796958288765959,69.876481659089,66.77933783320618,63.67388196700361,22.769858970631567,6.427071595768359,108754.0,297121.7649545886, 0.0, 2.8421709430404007E-14,0.0,31.029291098206844, 110.72228609579022,110.72228609579022,0.0, 178.7106296401684, 11.088568395261051, -23.561864216176666, 11.088568395261051, 208.01682788277967, 29.505868465866037, -23.561864216176666, 29.505868465866037, 173.0462693165114, 7.011787339862469, 4.918074111362989, 41.0, 0.0
11, 0 ,1.0,1.0,1.0,263.8436199192657,280.16721358638483,25.11921351446116,16.53639429848759,12.829276698207401,14.499290659693868,74.0,58.0,67.0,0.9138718198955198,0.36929259377018625,0.168704703512788,17.183727612895517,-0.22075903236541083,0.10324459580803433,0.9698484433485068,14.486634410581212,-0.34073999828305596,0.9235602490487147,-0.17587700232588493,11.963654768024798,87.1742330207187,75.6971494050097,62.51384645113464,24.172540109307246,7.997525323025162,111229.0,412518.9293559177, 0.0, 0.0,-3.552713678800501E-15,80.28748367611213, 48.28662470141901,48.28662470141901,0.0, 273.4523363950529, 49.82799911103904, 9.170032993829233, 49.82799911103904, 164.5903405991674, 16.161385500584768, 9.170032993829233, 16.161385500584768, 210.22942963428582, 6.236811105551854, 4.708505521219682, 23.0, 0.0
12, 0 ,1.0,1.0,1.0,137.0990493398764,22.36350943473708,251.1986119951543,14.66194719126266,12.544081915736676,12.889800167730519,71.0,55.0,66.0,-0.9704947081761741,0.17938555052810803,-0.1611236967791216,14.720520876940908,-0.23875056585655632,-0.6214118559122039,0.7462207934887134,13.717135665187204,0.03373705240854532,0.7626717049907372,0.6459053194558051,11.559415606617346,76.7035462480384,73.42799628092294,65.96483357568022,22.239462946062982,6.624192236247808,97406.0,371526.32486707077, 0.0, 0.0,0.0,NaN, 147.2340020353143,147.2340020353143,0.0, 214.972695439375, -6.370871804882044, 3.2733691094055652, -6.370871804882044, 157.35399110871194, -27.691738224796527, 3.2733691094055652, -27.691738224796527, 166.1469483640257, 6.7919537106001595, 4.734546111764454, 31.0, 0.0
13, 0 ,1.0,1.0,1.0,144.34647139312136,151.88489992810594,58.754597741135,12.350433509841995,11.848463558316972,13.836773112749531,62.0,65.0,69.0,0.3369002242055817,0.15364561932352896,0.9289194058651793,14.030523304816173,-0.7302440865772881,-0.580142772430716,0.3608017982428916,12.610256340947554,-0.5943414952273909,0.7998921097617424,0.08325142516364387,11.33584745645882,71.71306183773676,66.37120513801241,60.46228239480839,21.160084510590647,6.051975731289471,86238.0,287781.2576483237, 0.0, 0.0,0.0,NaN, 215.0025335401306,215.0025335401306,0.0, 152.53320788102806, 16.46668609021692, 13.351195228236167, 16.46668609021692, 140.3860886927653, 3.368064393637327, 13.351195228236167, 3.368064393637327, 191.45629017370834, 5.606743613980141, 4.459702057707958, 32.0, 0.0
14, 0 ,1.0,1.0,1.0,31.326440312010583,10.641431112868156,73.39626256329161,17.123213593327602,7.254103497638929,13.954782758071717,75.0,31.0,69.0,-0.9683302721537201,0.006698391236028376,0.2495828831982495,17.326873146571742,-0.24961304101425463,-0.004111257324950245,-0.9683369389416188,13.701578976432407,-0.005460200208598191,-0.9999691140820586,0.005653060730691323,7.253180244372037,80.86770394830728,67.07950170800385,31.40245866482381,21.857333960924713,7.925867476980517,65767.0,170344.6871407078, 0.0, 0.0,0.0,NaN, 80.50836774529417,80.50836774529417,0.0, 293.2044437627192, -1.4674059112041915, -27.181601121706965, -1.4674059112041915, 52.62201755445734, 0.9519008585996795, -27.181601121706965, 0.9519008585996795, 194.73596182497567, 6.0448333307671795, 4.406813537902346, 25.0, 0.0
15, 0 ,1.0,1.0,1.0,219.00112982933146,29.349457130784636,269.1228482721878,12.751665452381262,14.066614057443322,14.691289556163444,69.0,65.0,64.0,-0.38185147739975794,-0.4696637957285391,0.7959933216990471,15.454133590491699,0.013621912406017851,-0.8640225685589299,-0.5032687597330386,13.707420891647544,-0.9241233103379791,0.18133096812924496,-0.3363260133966533,12.23049300478168,77.98020156270772,76.46930220693021,64.80298769649124,23.03220639958601,6.769494814284793,108866.0,386426.1515525993, 0.0, 0.0,0.0,NaN, 91.51833751559803,91.51833751559803,0.0, 162.60497180945382, 15.554535086922536, -27.388836830024434, 15.554535086922536, 197.8696310410621, -16.70641559042409, -27.388836830024434, -16.70641559042409, 215.83398882303706, 6.154070570488701, 4.595586585000563, 35.0, 0.0
16, 0 ,1.0,1.0,1.0,159.57021921515562,260.3877131258457,282.6983058186739,15.651217498349268,16.481213828151056,9.971252364658582,72.0,80.0,44.0,-0.6530095637091807,0.7551437620179567,0.057761651549385506,18.733875177428832,0.7553983417818083,0.6549013320904412,-0.021853843127916262,12.903779549406197,-0.05433097585760149,0.02936228723265516,-0.9980911787761814,9.927300052200671,92.11595609305006,69.31485751984772,45.45763939063826,23.433442140983242,8.17867236015684,92375.0,290247.22624522046, -2.8421709430404007E-14, 0.0,0.0,49.231103714316106, 146.93197481904298,146.93197481904298,0.0, 244.96060918063432, -90.84712748244421, -10.642355190179508, -90.84712748244421, 271.6304092492375, 10.036970794091413, -10.642355190179508, 10.036970794091413, 99.42587371970937, 6.557806542100377, 4.77804139722015, 28.0, 0.0
17, 0 ,1.0,1.0,1.0,41.089499891323676,85.65746211148215,38.018346539153114,12.472786960241093,12.290249664037727,15.756040431467618,58.0,59.0,78.0,0.03863274937105888,-0.006921055902947488,0.9992295080016509,15.760583699630002,0.9948410991684165,-0.0936028036319255,-0.039111412114889985,12.46880135536864,-0.09380137569039443,-0.9955855634436607,-0.003269217208753717,12.288468401118843,78.6917934438411,58.82401739535127,59.91319708622855,22.570063458110184,6.742825589828807,101218.0,277336.2377243482, 0.0, 0.0,0.0,NaN, 102.32762330021266,102.32762330021266,0.0, 155.57041455556026, -0.4417786289782473, 3.585812787269203, -0.4417786289782473, 151.05023680437947, -0.6571746837620555, 3.585812787269203, -0.6571746837620555, 248.25281007804224, 5.963244934212314, 4.403769926607297, 33.0, 0.0
18, 0 ,1.0,1.0,1.0,190.29689915874312,282.82019503524515,59.74781772361485,13.881199309750313,10.19972302699591,14.489090725846697,66.0,43.0,73.0,0.3024365323280522,-0.005136307467954734,0.9531556862648293,14.556986657725886,0.9464606279832588,0.12005423347956855,-0.2996652477368179,13.856585791258945,0.11289120245137853,-0.992754047772774,-0.04117009885649859,10.136319046997842,75.33769318236327,69.68537320036108,45.77765661927299,21.487559744135673,6.703772848807543,82139.0,240329.73385597306, 0.0, 0.0,0.0,NaN, 126.09408295216828,126.09408295216828,0.0, 192.68769427701258, 9.97274015602187, 6.151669355290511, 9.97274015602187, 104.0343498274306, -3.7456443350896773, 6.151669355290511, -3.7456443350896773, 209.9337500618168, 6.079796047581663, 4.599372020522461, 32.0, 0.0
19, 0 ,1.0,1.0,1.0,280.4376749253339,207.74801359956422,208.49088979469167,12.429907888971854,15.049285451097097,14.634653120342856,50.0,80.0,73.0,0.22121696517890466,0.7035603252608262,-0.6753265306767648,15.178083332641986,-0.3337759065479122,0.7052836321076481,0.625434762776393,14.963654807602028,-0.9163278335427523,-0.0870509448537119,-0.39085219006028515,11.86892985133844,83.70109914700151,79.13180909842549,60.00867580252378,23.293561652541477,7.250286905285056,106474.0,397462.6274204727, 0.0, 0.0,0.0,NaN, 131.4040745476348,131.4040745476348,0.0, 154.50261012832473, -5.617889642103194, -30.706049883749447, -5.617889642103194, 226.48099258860276, -5.896241587696896, -30.706049883749447, -5.896241587696896, 214.1730719527609, 6.941344016489719, 4.95839578254134, 31.0, 0.0
20, 0 ,1.0,1.0,1.0,282.15403979215466,104.08124007215356,167.59903615755323,10.793735652001265,13.290911998897826,13.181422441125912,44.0,66.0,62.0,-0.3421379415614247,0.7423264160628852,0.576101658528548,14.286006467983814,0.14624795367797266,-0.5635629035228791,0.8130242246193331,12.620223798206181,-0.9281988822386701,-0.3624201233211182,-0.0842525324413973,10.175605099406232,76.35176673394872,65.68904230863077,52.9249014922616,20.620359649992217,6.457843027211104,74286.0,265443.4904265354, 0.0, -1.4210854715202004E-14,0.0,42.07003059121329, 169.3558326633782,169.3558326633782,0.0, 116.50472932528317, -30.12976375286945, -13.1923211742574, -30.12976375286945, 176.6483417624462, 17.465872664958976, -13.1923211742574, 17.465872664958976, 173.7498975714178, 6.193531163260884, 4.552039275807656, 26.0, 0.0
21, 0 ,1.0,1.0,1.0,275.62013720660383,208.84101133888402,11.007124972009038,14.029080223512429,13.854317398953611,7.185624286718014,57.0,82.0,28.0,-0.7168269690861608,0.6939749251870253,-0.0675122181713142,16.30558313967838,0.6967280499740107,0.716673366724244,-0.030810871580497053,11.132657611946351,-0.027002236391834966,0.06912371980587051,0.9972425936501303,7.112122880601623,97.07110617806022,61.312697082633974,31.852073836939944,19.566683215401774,7.585203151309019,49123.0,189573.71165233798, 0.0, 0.0,0.0,NaN, 95.002609036235,95.002609036235,0.0, 196.81509191774754, -70.47054797989584, 8.844186063100526, -70.47054797989584, 191.94211059094874, -11.70645835898888, 8.844186063100526, -11.70645835898888, 51.63319638987176, 6.484772926292578, 4.683884023155912, 15.0, 0.0
22, 0 ,1.0,1.0,1.0,52.85247605437517,188.6873545842142,48.742958037580756,14.072504656376557,11.332157837803116,12.670957869337187,82.0,57.0,65.0,-0.9738023252285654,-0.04512636659467189,0.22287360188546956,14.159417434639591,-0.19887792205454502,-0.306210508162237,-0.9309579457796637,12.716706957461739,0.11025698843477387,-0.9508936511140399,0.2892138668395869,11.171509475483116,81.01680150694017,65.8677000151686,59.58533103402027,21.146649503970387,6.310750878247001,84671.0,317970.5871908094, 0.0, 0.0,0.0,NaN, 132.51326429000275,132.51326429000275,0.0, 198.03538730373987, 5.573865268054221, -9.592454454920665, 5.573865268054221, 128.4178012608826, 9.761259287959815, -9.592454454920665, 9.761259287959815, 160.553173326518, 6.135197837519083, 4.329027331907054, 32.0, 0.0
23, 0 ,1.0,1.0,1.0,91.46722991342172,268.30557530637,39.30406959722281,11.436734078723724,14.826480390111415,13.699185915975313,62.0,62.0,69.0,-0.040165779604452445,-0.8447124990262891,0.5337110680298179,15.498492658915309,0.3155182043354808,-0.5175349638017214,-0.7953652142102182,13.116960292217202,-0.948069076007482,-0.13644909391972385,-0.2873093661661693,11.2264500132589,77.28237612019007,73.01676186049818,58.55035604413902,22.238414290856173,6.613927103810335,95636.0,330394.3224783934, 0.0, 0.0,0.0,NaN, 104.47775165841897,104.47775165841897,0.0, 130.7988863874406, -3.6412995837324407, -13.996644003119469, -3.6412995837324407, 219.82452075835835, -32.5277942397144, -13.996644003119469, -32.5277942397144, 187.66769476045638, 5.778785895471606, 4.252262813369094, 31.0, 0.0
24, 0 ,1.0,1.0,1.0,68.76235280732692,62.34328460094431,161.4532112179305,13.587874026422645,12.629033011816068,11.904290242856595,66.0,62.0,59.0,0.9606435524366002,-0.20000396816678398,0.19277545974405014,13.71891733997942,0.12521376794780084,0.9312475252114712,0.3421981284341356,12.671540708627552,0.24796265339422427,0.30459228405370153,-0.9196401812756148,11.707189442648,65.51988199181999,62.42078793100333,64.89386285655817,21.214735758345917,5.980794952278609,87895.0,265403.0928684493, 0.0, 0.0,0.0,NaN, 166.76378197995217,166.76378197995217,0.0, 184.63032055793113, -7.0863128875986074, 10.479807451164916, -7.0863128875986074, 159.49247481354004, 5.519702576044055, 10.479807451164916, 5.519702576044055, 141.71212618617074, 6.30823572437147, 4.3910108584139556, 37.0, 0.0
25, 0 ,1.0,1.0,1.0,123.97415699114403,169.03646292694125,274.6598364121833,13.072326293423957,11.689748446393128,12.921416867359168,66.0,57.0,60.0,-0.9353186075686726,0.32267647646707315,0.14511717290036616,13.225380830193734,-0.19627408211350555,-0.1319545541940781,-0.9716298062111638,12.965189019188234,-0.29437321044263054,-0.9372661773275699,0.18675257912934476,11.467001478801372,67.60234410707605,63.01831283845962,63.57845695300182,20.91636106133412,6.083156029042393,82769.0,270856.0312034653, 0.0, 0.0,0.0,NaN, 182.1075603455512,182.1075603455512,0.0, 170.88571472174334, -12.155940095920883, 1.0873562576043663, -12.155940095920883, 136.65021873995056, 6.7261488444710364, 1.0873562576043663, 6.7261488444710364, 166.963013860074, 5.6853196770303835, 4.2267615353092935, 29.0, 0.0
26, 0 ,1.0,1.0,1.0,276.8970088078835,207.29414842591785,288.1246402720851,13.569472376275362,13.638241922814618,7.021678474273021,61.0,78.0,31.0,0.6986110213437946,0.6986424778067122,-0.15440637636146512,14.2189738384869,0.7010890527607495,-0.711505078941135,-0.047272219537532675,13.113993006411514,0.14288730159120341,0.07522772657117555,0.9868758828742938,6.7290535976467325,93.61633046417606,64.79182710217118,37.30976312177023,19.195955546918956,7.138030719499025,45868.0,226305.0954608291, 0.0, 0.0,0.0,NaN, 96.27641085315834,96.27641085315834,0.0, 184.13058057050011, 13.379296179559539, -21.12368534391437, 13.379296179559539, 186.00164274521816, -12.66409362847696, -21.12368534391437, -12.66409362847696, 49.303968596069105, 5.829116926662766, 4.372909228627558, 15.0, 0.0
27, 0 ,1.0,1.0,1.0,13.059771220500842,250.31412524475283,81.45565250249047,8.32931280216174,12.305645428231383,13.758271872230468,33.0,70.0,59.0,-0.08906637756138863,0.14309663090987146,0.9856929210511439,13.813518589661172,-0.11766186046796526,0.9811850124749631,-0.15307402746946774,12.331285709871917,-0.9890514986487355,-0.12961221206641865,-0.07055357895911751,8.19893303951248,57.05610764663412,70.85244350136199,37.408193602465694,19.305483483968672,6.115121709501822,58222.0,151225.04083231508, 0.0, 0.0,0.0,NaN, 96.30299631440556,96.30299631440556,0.0, 69.37745175625545, -11.36957088131194, -9.32227801704966, -11.36957088131194, 151.42890940535193, 4.690230005529642, -9.32227801704966, 4.690230005529642, 189.29004491020805, 7.688992906529841, 4.975146130361413, 24.0, 0.0
28, 0 ,1.0,1.0,1.0,60.40533560695927,43.73160092922104,34.613804863582445,11.855748726996548,12.430452583900333,14.268487387252723,63.0,66.0,67.0,-0.36413880024056106,-0.4332177857794711,0.8244545374025769,15.194705504322847,-0.4243122207754065,-0.7108543682449688,-0.5609324437467395,12.087275980627817,-0.8290730205838368,0.5540834027755916,-0.07503005603499319,11.03101743464779,79.95650817259366,64.8148197074766,60.135085643511076,21.34388498937023,6.565305415513438,80928.0,311642.06303416105, -7.105427357601002E-15, 0.0,0.0,68.64540738872412, 82.21540595749796,82.21540595749796,NaN, 140.55877787768028, 24.591109315919777, -26.97033957270788, 24.591109315919777, 154.51615144059448, -29.264439310968296, -26.97033957270788, -29.264439310968296, 203.58973232019002, 6.305940009308511, 4.343345375020242, 25.0, 0.0
29, 0 ,1.0,1.0,1.0,135.2636056052491,142.95359094831718,175.02261550895167,12.425322138456576,11.547676466538734,11.778746500038288,59.0,53.0,54.0,-0.8589882777995247,0.4819930269705916,0.1726900708052809,12.785290722644483,-0.2961881214366418,-0.19268306501516802,-0.9354922945573594,11.8133743474062,-0.4176263106209184,-0.8547256626591282,0.30827310338249336,11.1111142014625,65.95247726752724,55.47108451970331,59.244724282127294,19.8847961912124,5.5741556819276585,73003.0,216744.1838881003, 0.0, 0.0,0.0,NaN, 233.13369297588562,233.13369297588562,0.0, 154.3886302444191, -15.645095464698967, -1.4738327583012052, -15.645095464698967, 133.3488317758525, 6.231875694756704, -1.4738327583012052, 6.231875694756704, 138.73886911216422, 5.592696079307276, 4.09740385048044, 31.0, 0.0
30, 0 ,1.0,1.0,1.0,239.0820361205733,95.43898708143197,185.19375281187737,13.205563980853753,11.385602526133887,12.027324207404625,66.0,54.0,59.0,0.9190453024552432,-0.3423570578904442,0.1953135349829834,13.522645842101959,0.20772396862763362,-4.2499392559168514E-4,-0.9781873911668195,11.968661399441736,-0.3349723643713555,-0.939569829386173,-0.0707251780817966,11.070889135934184,73.08316945727543,60.8272156325545,55.75597833806981,20.371467590189194,5.803335312339467,77795.0,247860.17458092945, 0.0, -1.4210854715202004E-14,0.0,69.97945600262251, 161.24538124165042,161.24538124165042,0.0, 174.38692005242206, -18.97388798192307, 6.620598618864973, -18.97388798192307, 129.63194488310634, -4.023302940785794, 6.620598618864973, -4.023302940785794, 144.6565275900213, 5.796009130755338, 4.270722980201309, 35.0, 0.0
31, 0 ,1.0,1.0,1.0,275.618311074095,64.91204378476456,239.90762168218367,14.333603170511926,13.644586831354959,12.855396318426802,58.0,72.0,63.0,-0.9344622043497661,0.27704604081882894,-0.2236646594980728,14.48787189706985,0.26698386705543803,0.9608039837452954,0.07466806245841798,13.572207505513767,-0.23558438694850098,-0.01005962652298599,0.9718018319288749,12.758718410298329,65.86358004563891,71.32518867279852,68.56459624058189,22.618539503559784,6.729770789401613,100857.0,322098.1165734729, 0.0, 0.0,0.0,NaN, 91.75583967838969,91.75583967838969,0.0, 205.45217984970955, -6.702558696587006, 10.274029609024128, -6.702558696587006, 186.17474979838516, -1.382715012912831, 10.274029609024128, -1.382715012912831, 165.26121450382138, 5.413650747883586, 4.068126718010235, 30.0, 0.0
32, 0 ,1.0,1.0,1.0,131.89338963089182,275.81337860525724,59.13036560002005,12.672967398891805,12.21447463307882,12.390802787128226,62.0,53.0,67.0,0.6537201797967234,0.29040618285633985,-0.698794802131033,13.288892464957188,-0.615356349044547,0.7414624400928851,-0.26752572515941464,12.64169557907646,-0.44043897445288044,-0.6048947833221199,-0.6634122480724786,11.265982287655513,70.62687671034553,68.1120094273953,61.030030894529034,20.670759115665753,6.004098978793031,79814.0,293587.3128057657, 0.0, 0.0,0.0,NaN, 146.55121636755834,146.55121636755834,0.0, 160.6041026933745, -5.5765525026670195, -17.276627146984385, -5.5765525026670195, 149.19339056212598, -16.604307569946524, -17.276627146984385, -16.604307569946524, 153.53199370950463, 6.247640315486311, 4.289272694462261, 25.0, 0.0
33, 0 ,1.0,1.0,1.0,35.86755739295118,176.5581897547231,209.400711349254,12.457678374017355,13.158851113393412,12.810810147046846,66.0,63.0,67.0,0.22758756745582967,0.8285445736210343,0.5115836086727931,13.536562283247713,-0.6372396560033546,-0.2705263678711403,0.7216239360658532,12.698346548068457,-0.7362944519390758,0.4902339990347343,-0.46641302108126015,12.164680275926145,59.86963581571345,73.87004948278428,73.97476370088725,21.302448814428907,6.218652927055454,86596.0,327158.78968243184, 0.0, 2.8421709430404007E-14,0.0,34.05048047931869, 157.2659953517886,157.2659953517886,0.0, 155.19375047045972, 8.936046448991917, -1.996295920543767, 8.936046448991917, 173.15536262445502, 12.354991171776089, -1.996295920543767, 12.354991171776089, 164.11685662367844, 5.535014475101651, 4.206636775381672, 40.0, 0.0
34, 0 ,1.0,1.0,1.0,51.971055341752944,20.404330858041085,165.85900319800533,12.428749819669651,11.594855261873196,12.318287289597869,67.0,50.0,60.0,0.5276847281725136,0.32212397317049446,-0.7859929856953906,12.888516018885552,-0.7874833254482552,0.5324188767579565,-0.3104837384030817,12.447993647313105,-0.3184632471643432,-0.7827938972556246,-0.5346165678548431,10.935643618926981,73.84009616755029,62.53243851717704,60.65963384510225,20.151387449556335,5.8801595412591725,73796.0,280089.8705785373, 0.0, 0.0,0.0,NaN, 145.29671136723192,145.29671136723192,0.0, 154.4738220799384, -6.918794369440463, -10.650186584219574, -6.918794369440463, 134.44066854378855, -17.62564281833811, -10.650186584219574, -17.62564281833811, 151.74020174906843, 5.557622615754995, 4.060197841575229, 26.0, 0.0
35, 0 ,1.0,1.0,1.0,103.76571786049422,229.52711619524257,156.88910734766225,12.111778365810714,10.91903378470506,11.817329454023389,60.0,52.0,57.0,-0.8311085804401525,0.5364884871246406,0.1464193658689622,12.859769933146126,-0.18713221078266573,-0.02186438072195518,-0.9820913829900133,11.817249419234631,-0.5236793515180318,-0.8436243548157916,0.11856595107910889,10.027396612737002,60.18305774713764,58.237012524829765,53.9934215155493,19.380929818743514,5.47259616269036,67137.0,189240.54353297176, 0.0, 2.8421709430404007E-14,0.0,57.55508664058748, 190.3010224633895,190.3010224633895,0.0, 146.69517518252047, -28.744209442856057, -0.7029839064691507, -28.744209442856057, 119.22529879153052, 5.931712469630817, -0.7029839064691507, 5.931712469630817, 139.64927542492873, 5.991454031861375, 4.143705099995393, 23.0, 0.0
36, 0 ,1.0,1.0,1.0,188.00696123577336,65.72175078159893,60.70668863870878,11.585366155650735,11.388920181860923,11.5974688708915,57.0,64.0,58.0,0.25487929608875126,0.666558057002195,0.7005261601616042,12.536347578673796,-0.949251495403473,0.034414681092753543,0.31262953827102397,11.557085906224312,-0.18427735319233435,0.744658301753726,-0.641502822074607,10.378017673111996,63.875484593730874,62.201288551951805,52.791686179384016,19.198077185994183,5.46473498363126,64931.0,209748.62533459903, 0.0, 0.0,7.105427357601002E-15,45.53076683844359, 143.34256626320496,143.34256626320496,0.0, 134.2207089604975, 7.557403530620471, 1.1552814023396576, 7.557403530620471, 129.70750290879903, 23.37166751837413, 1.1552814023396576, 23.37166751837413, 134.5012842112974, 5.352787522467459, 4.007290719188022, 30.0, 0.0
37, 0 ,1.0,1.0,1.0,92.31122448979592,158.73687856343582,106.40232855544306,11.340976944805899,11.782113668673167,13.263870533738023,57.0,58.0,61.0,-0.18357400608225066,0.33391023712910906,0.9245564005680217,13.390139076836086,0.6235003904875157,-0.6875834487653697,0.3721239901509111,12.592553855695781,-0.7599656882733781,-0.6447735684132078,0.08197071503206954,10.271221202676266,65.50386981251965,58.70540878924469,53.74981801143383,20.244014516061377,5.791899375285977,75068.0,206691.2408613452, 0.0, 0.0,0.0,NaN, 199.494579291838,199.494579291838,0.0, 128.61775806261895, -27.27706471302759, -0.21100338414310024, -27.27706471302759, 138.8182025015351, 9.202826685499854, -0.21100338414310024, 9.202826685499854, 175.93026153576378, 6.118969505026214, 4.287485139610312, 27.0, 0.0
38, 0 ,1.0,1.0,1.0,84.7427308882015,207.88027271005618,191.03427813900637,14.104058627203765,12.33759065822553,10.566991456343985,66.0,62.0,54.0,-0.9545441261187745,0.2919740250958053,-0.05997232663069888,14.268942558078257,-0.29681526848868134,-0.9126491872783841,0.28101985223840764,12.300870014939537,0.027316802231175177,0.28604655150771974,0.9578262695741875,10.386905053855358,64.25750999119616,59.734903015307054,56.30564603968105,20.672553781198502,5.953775408195105,79205.0,216124.49981840275, 0.0, 0.0,-2.8421709430404007E-14,86.56177566017752, 165.95452128535453,165.95452128535453,0.0, 198.92446975960092, -14.913006539829349, 1.8573131196080417, -14.913006539829349, 152.21614324993388, -12.812965600760878, 1.8573131196080417, -12.812965600760878, 111.66130843844678, 5.611309418454178, 4.064651170235741, 22.0, 0.0
39, 0 ,1.0,1.0,1.0,22.940797196372976,11.81146969258774,264.0298565863119,13.71129305507033,7.534985804716195,15.159961850257432,50.0,34.0,85.0,0.22991392781180206,0.13635146468947767,0.963611884461365,15.34788548583488,0.9718922851614321,0.019357976315869496,-0.23462875952585943,13.627317304827136,0.05064555105671968,-0.9904713760780712,0.12806826823289547,7.303331144608812,86.01352303987636,59.080815237045556,36.234483370130135,20.485188491209882,7.413303184151669,58781.0,184134.55190018224, 0.0, 0.0,0.0,NaN, 44.26784622618682,44.26784622618682,0.0, 187.99955724201988, 8.202700099185257, 10.186470133552785, 8.202700099185257, 56.77601107727456, 23.34053300708583, 10.186470133552785, 23.34053300708583, 229.82444330126074, 5.641931778102679, 4.110102476133613, 18.0, 0.0
40, 0 ,1.0,1.0,1.0,288.04816466552313,76.9785934819897,284.4099142367067,8.039423395710108,11.703200134599452,8.56017532159145,37.0,61.0,35.0,0.19193098309365303,-0.9670551746672793,-0.1672327326749798,11.868396500731148,0.5616148978231016,0.24796858451211937,-0.7893670170701352,9.07414914570322,0.8048299225748572,0.05758359353403884,0.5907054473118185,7.188518988312483,60.82992571412881,49.647439739470116,37.64971596299739,15.69506645209706,5.342163655919082,29150.0,113704.02737654184, 0.0, 0.0,0.0,NaN, 79.4455851286572,79.4455851286572,NaN, 64.63232853549104, -12.2827082418085, -16.457136177987184, -12.2827082418085, 136.96489339048864, 8.420747392236871, -16.457136177987184, 8.420747392236871, 73.27660153638328, 6.685253499941597, 4.399460393562684, 9.0, 0.0
41, 0 ,1.0,1.0,1.0,120.99797915075042,236.02926534736426,76.99291470537497,11.866647835830015,12.351273331693898,12.852323067089664,63.0,62.0,66.0,-0.07489031139156982,-0.14620438463323648,0.9864155915098314,12.873589084384474,0.368360405761865,-0.9232852118464515,-0.1088808020387786,12.42175821652998,0.9266617790362502,0.3552023303691442,0.12300102346607505,11.769626964825784,65.78459431847281,61.099546407770646,60.07410492775065,20.617262440188167,5.786361677866886,81154.0,241462.3904128431, 0.0, 0.0,0.0,NaN, 157.03717637996587,157.03717637996587,0.0, 140.81733085960917, -5.067553053244828, -2.642459545904239, -5.067553053244828, 152.55395291421289, -2.337557882855632, -2.642459545904239, -2.337557882855632, 165.18220822084507, 6.238173909855694, 4.315293404534248, 37.0, 0.0
42, 0 ,1.0,1.0,1.0,23.839778937063976,188.82311247692098,121.82865144174174,12.597816354850146,12.24171473146769,12.253909390019132,53.0,60.0,58.0,-0.6438777185320034,-0.4630535237588086,0.6091000884194425,13.641976405111327,0.6390568515195665,-0.7632305864220605,0.09531743007307876,11.995058793892584,0.42074674580312704,0.450622354177406,0.7873446956776244,11.346272344228648,69.20638116952634,63.19878945800893,58.21370098786724,20.614059950367142,5.812347561755135,80701.0,254612.72846420354, -3.552713678800501E-15, 0.0,0.0,49.918417276820584, 166.645899113062,166.645899113062,1.9073486328125E-6, 158.7049769105298, 9.717324993823944, -21.57555094556797, 9.717324993823944, 149.85957956663307, -17.281421552014482, -21.57555094556797, -17.281421552014482, 150.15829533879906, 6.1000716475973285, 4.296060120587665, 22.0, 0.0
43, 0 ,1.0,1.0,1.0,215.9504998409911,135.61417529693182,206.24780498596573,12.04063906914129,12.57182340992242,11.40118114019999,63.0,59.0,61.0,0.46639108417269937,0.7335779363034389,0.49431039638369145,13.777655649934239,0.8739304229628762,-0.4685651327793396,-0.12919880867642988,11.535107736522725,0.1368392210740141,0.49225006623896767,-0.8596306764323791,10.494387010869463,66.38875332007865,60.26663557937526,54.62030114433675,19.999218697748418,5.74855772476716,72323.0,218537.28886151907, 2.8421709430404007E-14, 0.0,2.8421709430404007E-14,47.18731667542743, 185.0540382925909,185.0540382925909,0.0, 144.97698919333163, 17.876965108790237, 15.783611601423504, 17.876965108790237, 158.05074385027336, 30.285327631990025, 15.783611601423504, 30.285327631990025, 129.98693139165195, 5.749507562720274, 3.9181119010016143, 31.0, 0.0
44, 0 ,1.0,1.0,1.0,125.36955786563938,91.98389966328976,213.07337048418637,12.709852933746683,10.449576574573857,12.186591135489905,62.0,52.0,65.0,0.7539720446758418,0.1286559580501191,0.6441846011086703,13.55394541479275,-0.6098300912063271,0.5016264404073277,0.61357817280568,11.74306683155627,0.2441995407584005,0.8554639435665773,-0.4566705875693187,9.88119227479025,64.74912221530957,58.133996554281495,52.78822161090639,19.673253099083436,5.675396742813712,68011.0,198701.4777498339, 0.0, 0.0,0.0,NaN, 178.1426472119228,178.1426472119228,0.0, 161.54036159746917, -3.967127878389096, 26.739628975466502, -3.967127878389096, 109.1936505878827, 19.525464126099948, 26.739628975466502, 19.525464126099948, 148.51300350360114, 6.138860220299479, 4.206083882959642, 36.0, 0.0
45, 0 ,1.0,1.0,1.0,107.20342548076923,210.87506009615385,279.2903695913462,11.598406836746562,12.256108048298708,11.455984843984721,58.0,58.0,46.0,-0.231317130667175,-0.970954784264049,-0.0611489327352371,12.288395772371073,0.7373873983914633,-0.21597943048905105,0.6400099298441343,11.828416987941978,-0.6346276150258305,0.10295480814599375,0.76592956446807,11.182964512543522,60.61745276807477,63.64505119245905,58.178887759818394,19.55517824057897,5.79394670040074,66560.0,224454.20044129406, 0.0, 0.0,0.0,NaN, 140.94225107943348,140.94225107943348,0.0, 134.5230411506894, 3.4619694455840806, 7.3765383974333405, 3.4619694455840806, 150.21218449157237, -0.5125944482927759, 7.3765383974333405, -0.5125944482927759, 131.23958874560765, 5.306373871168874, 3.985618093476444, 28.0, 0.0
46, 0 ,1.0,1.0,1.0,279.6866327338002,233.70781912443758,47.89911073845318,11.67629892690072,12.108114943143505,15.495395046685992,51.0,62.0,72.0,0.4189587892096735,-0.02053419124977983,0.907773033270807,16.374501589335736,-0.10742770640382304,0.9916015952259217,0.07201086197387938,12.132561431129393,-0.9016278727062391,-0.12768955844204571,0.4132342626454117,10.379129182175719,87.1783088526866,61.73781137304266,57.9509486848298,21.767829435186318,7.015074728058,84677.0,311903.4794007387, 0.0, 0.0,0.0,NaN, 84.2710563863086,84.2710563863086,9.5367431640625E-7, 136.33595663034293, -5.58475169801791, 60.69711850260056, -5.58475169801791, 146.60644747637505, -0.17128737697301835, 60.69711850260056, -0.17128737697301835, 240.10726765286077, 5.693519781087868, 4.03602373399377, 19.0, 0.0
47, 0 ,1.0,1.0,1.0,225.15462332212354,232.63959069874392,166.7182604696617,13.634913246536605,10.801336719700023,11.258223198237904,70.0,56.0,58.0,-0.9894569036999823,0.12976883420039395,0.06430462962115847,13.685055931324925,-0.10851021560118367,-0.3701881749090567,-0.9225975548784453,11.346265691689064,0.09591959565505036,0.9198482292355473,-0.3803664895092618,10.644661702673774,70.75026633995003,55.20451558373841,54.384322158228144,19.872218629124287,5.867047853096727,69582.0,212410.70594853914, 0.0, 0.0,0.0,NaN, 167.0427407686994,167.0427407686994,0.0, 185.9108592405794, -8.878278237587155, -3.161978160919353, -8.878278237587155, 116.66887493234006, 5.8867887680459745, -3.161978160919353, 5.8867887680459745, 126.74758958134207, 5.513091025406256, 3.968049025851253, 34.0, 0.0
48, 0 ,1.0,1.0,1.0,200.83848432916025,175.52875649925932,193.63047898451796,12.686891865403776,10.693533128493875,11.858352326284574,65.0,54.0,56.0,0.951518342648229,0.22806996836076246,0.2063902447691942,12.833451062771772,-0.21397923407159358,0.008784326144280666,0.976798711608653,11.817150204038196,-0.22096545202836881,0.9736051176663518,-0.05716068459865595,10.56346963566353,63.81655903580284,57.54394817602525,51.57803937721786,19.605799528222697,5.616228336532874,68854.0,189407.8040763146, 0.0, 0.0,0.0,NaN, 191.41727103326375,191.41727103326375,0.0, 160.9572252044485, 11.47293259691895, 4.565509001464296, 11.47293259691895, 114.35165077019603, 2.740743480562577, 4.565509001464296, 2.740743480562577, 140.62051989429878, 5.859347612347872, 4.202858088025696, 32.0, 0.0
49, 0 ,1.0,1.0,1.0,238.03677135758426,274.5066955469198,96.08221953239473,12.434840747600164,12.125799865573423,12.820974106701714,61.0,55.0,65.0,-0.7614916817088969,-0.6464067980866157,0.04784004677637031,13.363228007028939,0.16497623169487016,-0.26466612330075084,-0.9501235109988133,13.007397748613831,0.6268279362503847,-0.7156186795803762,0.3081828090139397,10.87517378639748,65.26642825193483,72.9137392727248,56.83208876827465,20.705816115899633,6.107932777744586,78485.0,270453.642755211, 0.0, 0.0,0.0,NaN, 117.13728350103148,117.13728350103148,0.0, 154.6252644181774, 27.461370665115613, -10.179018736962254, 27.461370665115613, 147.03502237994047, 10.940450960511296, -10.179018736962254, 10.940450960511296, 164.3773770447158, 5.692795829060366, 4.069065767155655, 24.0, 0.0
