// Sample: .//bubblelabels.tif, Map: .//bubblelabels.tif, Thickness:(8.191250068658265):/gpfs/home/mader/Foam/NewValid/InSilicoTest/LatticeData_OldFoam/out_Step_03500.vtk/distmap.tif, Neighbors:(1.0):
//LACUNA_NUMBER, TRIANGLES, SCALE_X, SCALE_Y, SCALE_Z, POS_X, POS_Y, POS_Z , STD_X, STD_Y, STD_Z,PROJ_X, PROJ_Y, PROJ_Z, PCA1_X, PCA1_Y, PCA1_Z, PCA1_S, PCA2_X, PCA2_Y, PCA2_Z, PCA2_S, PCA3_X, PCA3_Y, PCA3_Z, PCA3_S,PROJ_PCA1, PROJ_PCA2, PROJ_PCA3,OBJ_RADIUS, OBJ_RADIUS_STD, VOLUME, VOLUME_BOX, Mask_Grad_X,Mask_Grad_Y,Mask_Grad_Z,Mask_Angle, Mask_Distance_Mean,Mask_Distance_COV, Mask_Distance_STD, SHAPET_XX, SHAPET_XY, SHAPET_XZ, SHAPET_YX, SHAPET_YY, SHAPET_YZ, SHAPET_ZX, SHAPET_ZY, SHAPET_ZZ, Thickness, Thickness_STD, Neighbors, Neighbors_STD
1, 0 ,1.0,1.0,1.0,79.58022415970032,138.2232860399849,39.76260973114001,15.436944740546853,15.555748771873485,16.171215105534646,83.0,82.0,80.0,0.045658018928248514,-0.4933489727349215,0.8686323367276545,16.458647204789017,0.9985385739704297,0.047708141954594205,-0.02538994849031523,15.434890776187963,-0.028914729821464223,0.868522149569392,0.4948062389528994,15.253388465559082,90.61780978398608,82.71018726519156,80.37619646355371,26.216920909629643,7.379826473856306,167113.0,602420.8798633964, 0.0, 0.0,0.0,NaN, 164.3768658103402,164.3768658103402,0.0, 238.29926292269715, -0.5955998892669121, 1.374639152187239, -0.5955998892669121, 241.98131985364344, -16.386020354537237, 1.374639152187239, -16.386020354537237, 261.5081979894719, 6.996474735436193, 5.518553671680303, 54.0, 0.0
2, 0 ,1.0,1.0,1.0,57.750018785222295,259.1841828428303,12.89800876643707,14.652391020480477,15.705210229085178,8.148383894527855,82.0,72.0,33.0,-0.3276307920521994,-0.9447906856535419,0.005350177712846772,15.841948349955544,-0.9400860829236293,0.3265542037369918,0.09798218570233704,14.553132305484409,-0.09431977943441375,0.02707235349964695,-0.9951737872770937,8.061101886580182,70.8799360242038,73.31974558638574,36.574218000714225,21.906655013134536,6.916705659844604,79850.0,190072.51243582397, 7.105427357601002E-15, 0.0,0.0,70.87496285679474, 71.88431143191207,71.88431143191207,0.0, 214.69256261705695, 12.500794912031768, -13.849140225587405, 12.500794912031768, 246.65362833976172, 3.757357358447262, -13.849140225587405, 3.757357358447262, 66.39616009260094, 8.177042553246805, 5.606165340251779, 26.0, 0.0
3, 0 ,1.0,1.0,1.0,76.76418908055217,15.492282426441877,259.82482715850887,15.094097781587443,9.146536646209292,14.909248055117514,69.0,39.0,71.0,-0.7828803092303056,0.13517317376027704,0.6073109866576066,15.606537582361897,0.604832395363647,-0.06349429782736694,0.7938175153409525,14.49355287935334,-0.1458636175958038,-0.9887854606733373,0.03204867895688465,8.952625740714968,73.27480843946385,78.23787892906284,40.62568163894932,22.074056026837923,6.82001822238249,87074.0,232901.57238848312, 0.0, 0.0,0.0,NaN, 88.01588522999181,88.01588522999181,9.5367431640625E-7, 227.83178784012296, -22.282368616784268, -15.320771113700225, -22.282368616784268, 83.65913262044951, 6.867030156539398, -15.320771113700225, 6.867030156539398, 222.28567756902538, 7.221348429936032, 5.33587939074171, 30.0, 0.0
4, 0 ,1.0,1.0,1.0,154.3987605890045,177.25168002728978,14.109295582466315,15.849208010613749,14.992826497129784,8.817135469527896,76.0,65.0,38.0,-0.7972236835825959,-0.6022705405628459,0.04128673279801138,16.974073161994276,0.5974771804816802,-0.7969614835014815,-0.08873225241578825,13.751744901375043,0.0863447574474481,-0.04607157242003904,0.9951994740131681,8.74611178087258,79.81892201887902,65.91784786296348,40.782293702676775,22.426849557294965,7.124642991701003,87945.0,214575.69404173593, 0.0, 0.0,0.0,NaN, 190.9605802148032,190.9605802148032,0.0, 251.19739456370306, 47.98644417673545, -12.935970058349058, 47.98644417673545, 224.7848463730369, 2.7015617895013246, -12.935970058349058, 2.7015617895013246, 77.74187788800691, 8.23414617527459, 5.542986503261699, 23.0, 0.0
5, 0 ,1.0,1.0,1.0,281.6852409342227,287.6457509395353,149.08559116935245,10.100852826106655,7.357957942676159,16.88533704534181,42.0,31.0,81.0,-0.0645059591146335,-1.7874458645505793E-4,0.9979173058370486,16.908077847348867,-0.973647648283936,0.21921248253307732,-0.06289788941487279,10.186450373526917,0.21874468731802724,0.9756771266930767,0.014314545681941444,7.185715853783415,80.89419903063747,47.062348567595166,34.50085213335939,19.71573237287801,7.250605287610916,50823.0,131347.19335192538, 0.0, 0.0,0.0,NaN, 150.71354074468812,150.71354074468812,0.0, 102.0272278146668, -11.123544895426418, -11.886543455991799, -11.123544895426418, 54.139545086191184, -0.7605418134894595, -11.886543455991799, -0.7605418134894595, 285.11460713479244, 7.1492964250148265, 5.422275413876149, 16.0, 0.0
6, 0 ,1.0,1.0,1.0,16.863106634479315,163.7789478065429,12.853658536585366,10.2558337513466,14.191006527723177,8.107828789547709,41.0,74.0,36.0,-0.09541805545308638,0.9921392879538572,0.08096312736033406,14.25572757866639,0.9942074637666128,0.09094268561916048,0.057279550654088573,10.21661698153296,0.04946628836198941,0.08595964885217067,-0.9950698593992788,8.04354701243572,73.80290157609818,46.397951757816834,37.765471490945615,18.319438694236517,6.058204834263986,48052.0,129320.4349561136, 0.0, 0.0,0.0,NaN, 137.86136501512496,137.86136501512496,0.0, 105.18212593526007, -9.52632733972694, 1.1895522736547748, -9.52632733972694, 201.38466626988182, 11.334128880704544, 1.1895522736547748, 11.334128880704544, 65.73688768061865, 7.606340841486557, 5.23204068393909, 18.0, 0.0
7, 0 ,1.0,1.0,1.0,171.65001431946732,99.5117956612014,11.055129949165892,13.493003345897044,14.357285734416516,6.916904177093058,64.0,68.0,28.0,-0.22366184913680362,-0.9738533353506851,-0.039812792756257764,14.418676417552197,0.9730549526433029,-0.2207574017491393,-0.06655996326103351,13.458971710644022,0.0560306735373281,-0.053626959631478475,0.9969878197970311,6.855232104397652,71.60596538394871,68.5088615241681,29.930359487754835,19.856494864111045,6.461885797405727,55868.0,146827.663500772, 0.0, 0.0,0.0,NaN, 162.78369758087752,162.78369758087752,1.9073486328125E-6, 182.06113929238882, 6.230545939777174, -7.255621180352943, 6.230545939777174, 206.13165365967998, 8.209684781332848, -7.255621180352943, 8.209684781332848, 47.84356339508739, 6.527214346403804, 4.8462899739841845, 26.0, 0.0
8, 0 ,1.0,1.0,1.0,279.7912015044623,205.9332449208092,209.97796571478264,12.166554107278477,13.190024596302559,14.23417680574554,50.0,69.0,68.0,-0.24767365801678,0.30428206334450986,0.9198207352801927,14.545636781717965,-0.24290331809327734,-0.938579974745141,0.2450828616339507,13.076109344490982,0.9378996413176962,-0.16272693979245556,0.3063726585090766,11.918615358290346,79.3332316621686,63.871728385082264,58.460344194201355,21.967618147082344,6.483620129037996,91993.0,296227.3696001321, 0.0, 0.0,0.0,NaN, 131.7608310713414,131.7608310713414,0.0, 148.0250388453348, 1.356491998727118, -17.56053432924688, 1.356491998727118, 173.97674885106647, 12.8031555385134, -17.56053432924688, 12.8031555385134, 202.61178933722428, 7.376772574560839, 5.125153450302307, 38.0, 0.0
9, 0 ,1.0,1.0,1.0,189.78761912231852,114.1505549237225,234.76536334758225,13.191562021806194,13.249709688946455,13.451196613578768,64.0,69.0,67.0,0.63894572329292,-0.2476162197690933,0.7283093919433911,14.253552683525026,-0.11016031309127756,-0.966471101187828,-0.2319446399217271,13.185280777864957,0.7613232349700878,0.06796924507490179,-0.6448000570864034,12.389165123627793,67.56684709680968,66.91404639054193,67.92118010571406,22.19069108022661,6.170902295097602,101996.0,307083.27936331317, 0.0, 0.0,0.0,NaN, 171.5595404146732,171.5595404146732,0.0, 174.0173085751595, -5.691141605968113, 23.63526315576414, -5.691141605968113, 175.55480684136154, -4.393867598390906, 23.63526315576414, -4.393867598390906, 180.93469033715292, 6.4470458880509245, 4.827037810295667, 39.0, 0.0
10, 0 ,1.0,1.0,1.0,121.74618502745139,186.72410077479603,114.29886602698959,12.538874394210609,13.002341326726862,14.079600831492623,64.0,68.0,67.0,-0.08654982231456401,-0.34795332894162373,0.9335082266031507,14.267509180177138,0.3808353597571596,-0.8774136193625494,-0.291735786827305,12.867505752217825,-0.92058327000655,-0.3302632608019766,-0.20845292405839164,12.465347493546664,73.60628558603544,68.28774016129411,66.9114294660099,22.016602164328752,6.307823694606311,97445.0,336324.0710470235, -1.4210854715202004E-14, 0.0,0.0,85.03484837059668, 201.78650522042525,201.78650522042525,0.0, 157.22337107379045, -1.9533974604851023, -5.024353702647482, -1.9533974604851023, 169.06087997670926, -13.040894728969137, -5.024353702647482, -13.040894728969137, 198.23515957416777, 6.3229491317248945, 4.69373215284015, 36.0, 0.0
11, 0 ,1.0,1.0,1.0,259.8858318080731,141.05903249296412,126.56611757296649,13.193714871407208,13.425976413390506,13.185728184744574,71.0,68.0,64.0,-0.2261807980965893,-0.9008215076813456,0.37062495581260807,13.51653428446105,-0.777943030432972,-0.06192894750896627,-0.6252754967701809,13.261602469942666,0.5862140291507486,-0.4297504121686673,-0.6867806747919645,13.024115455149998,66.39970888916761,64.57686188998991,72.55147261295542,22.147430759179688,6.1388674273200765,101622.0,311092.35884544643, 0.0, 0.0,0.0,NaN, 193.715717625275,193.715717625275,0.0, 174.0741121079917, 2.963560006527814, 1.9409782929046069, 2.963560006527814, 180.25684265291818, -4.121618737283453, 1.9409782929046069, -4.121618737283453, 173.86342776196747, 6.275579796556363, 4.664556544091486, 38.0, 0.0
12, 0 ,1.0,1.0,1.0,23.62843304070065,132.523450629978,192.35555393175153,13.007207186530579,13.321043408147906,12.893021840807553,62.0,65.0,63.0,0.08944588647132778,0.8925394841760964,-0.4420098444379113,13.441984648762338,-0.883827797854451,0.2757283213917057,0.37791839929046095,13.088780559625999,-0.4591817256088381,-0.35685734120118684,-0.8135139709296388,12.683237781695507,64.56288329163641,64.38049393342091,63.83684667471715,21.795816832371322,6.148985044081917,95797.0,265343.6186972999, 0.0, 0.0,0.0,NaN, 172.36036256684756,172.36036256684756,1.9073486328125E-6, 169.18743879333272, -0.9645268100873093, -4.274706491845299, -0.9645268100873093, 177.45019748176077, -6.731079803205569, -4.274706491845299, -6.731079803205569, 166.23001218754058, 6.368621054550341, 4.7202279159506135, 37.0, 0.0
13, 0 ,1.0,1.0,1.0,46.8993761563421,249.09649587668164,213.86514378155246,13.3945481887021,14.104764081019113,13.22340499463605,62.0,69.0,65.0,-0.03190511564249758,0.8215320671859621,0.56926894011618,14.793604504204975,-0.836007784028369,-0.33409214639043405,0.4352854497501717,14.061211824556848,-0.5477892374260517,0.46202543253092965,-0.697466451562218,11.689667164249975,68.7030577208692,66.72155614494085,63.00173167821258,22.646864796303074,6.351082231463913,107559.0,288798.35812178266, 0.0, 0.0,0.0,NaN, 110.49855959088059,110.49855959088059,0.0, 179.41392117946268, 14.9022803751737, -23.716272453743702, 14.9022803751737, 198.94436978120692, 29.562785751924686, -23.716272453743702, 29.562785751924686, 174.85843965216563, 7.061875933086716, 4.91972906542055, 41.0, 0.0
14, 0 ,1.0,1.0,1.0,260.96013457411823,280.17569039326264,26.219653428512892,14.57105787033532,10.840243538636974,13.852004856172256,74.0,51.0,63.0,0.84744606015007,-0.038496032876362475,0.5294839285463778,15.020839723484174,0.5294143367046886,-0.012817469610865863,-0.8482665692836827,13.369319347070808,-0.03944154190264905,-0.9991765449236469,-0.009518237588179802,10.832373708955911,78.95926059581072,68.52072250522609,52.440421188068854,21.9079896690919,6.461008793681415,92737.0,283720.8012243657, 0.0, 0.0,0.0,NaN, 51.03513074114796,51.03513074114796,6.743495761743046E-7, 212.31572746066087, -3.949259439232572, 21.015539199296537, -3.949259439232572, 117.51087997696068, -1.5396207911703024, 21.015539199296537, -1.5396207911703024, 191.87803853541976, 6.539892049280689, 4.795918529129599, 31.0, 0.0
15, 0 ,1.0,1.0,1.0,136.32423935519265,22.870025741655063,250.84259610921214,14.080663495717394,12.330535329077655,12.861998250965202,67.0,55.0,66.0,-0.9070535460029473,-0.273162942404381,0.3203683373563313,14.245694308418523,-0.41945998980994126,0.520993592375902,-0.7433834768488575,13.299198630020683,0.036154966908062997,-0.8086703182386705,-0.5871500104467711,11.658889074840735,66.60775998036097,68.31925572270984,66.16526292274935,21.836490745670268,6.237455964039756,94788.0,301091.1549874052, 0.0, 3.552713678800501E-15,0.0,74.14743260642598, 146.70987243698994,146.70987243698994,0.0, 198.26508447962837, 7.656682584883863, -6.706970806647774, 7.656682584883863, 152.0421015016322, -21.719829682391204, -6.706970806647774, -21.719829682391204, 165.4309990078319, 6.859367657681555, 4.753043066886328, 29.0, 0.0
16, 0 ,1.0,1.0,1.0,237.6750295159386,243.09107775341542,9.774814471243042,13.441574836051547,13.287582341998068,6.794929108581039,62.0,64.0,28.0,-0.752006551572121,0.6492341480791617,-0.11393492599081431,14.008641467496721,0.6519455736393599,0.7580814013943503,0.01671998421123774,12.76718916854478,-0.09722713306815807,0.06170583301360624,0.9933475095692563,6.64557635791802,67.25990740336579,61.52722774691955,31.390634888942596,19.010681530784524,6.480804571524241,47432.0,129904.3553432003, 0.0, 0.0,0.0,NaN, 84.96219379850167,84.96219379850167,0.0, 180.67593407317418, -15.516194288852525, 14.325434100601713, -15.516194288852525, 176.55984449537885, -9.743025774071716, 14.325434100601713, -9.743025774071716, 46.17106159064192, 5.972109456667713, 4.527470808023989, 15.0, 0.0
17, 0 ,1.0,1.0,1.0,144.34743030752819,151.88483927825965,58.7549283361937,12.35004475543502,11.848358149155503,13.837466180067885,62.0,65.0,69.0,0.3368550558189199,0.1535639272585007,0.9289492944257928,14.031310554801275,-0.7301850449217966,-0.5802775526316555,0.3607045357136092,12.609794789906912,-0.5944396281724379,0.7998100287923143,0.0833393442585867,11.335698745449664,71.71376514238348,66.37117719665699,60.463378670360726,21.160151082444322,6.052327878145276,86236.0,287789.17679716507, 0.0, 0.0,0.0,NaN, 215.00330945314528,215.00330945314528,NaN, 152.52360546124805, 16.464102351501236, 13.36197866458673, 16.464102351501236, 140.38359083065964, 3.368792537997372, 13.36197866458673, 3.368792537997372, 191.47547028452252, 5.606853827190295, 4.459702917743073, 33.0, 0.0
18, 0 ,1.0,1.0,1.0,32.94461739498059,11.508109458472655,73.50822475883008,13.38866817268214,7.2615032871844285,13.094827185424682,66.0,31.0,64.0,-0.8882391582849034,-0.028618156969333803,-0.45848903888861436,13.514459557467939,0.45414507560910616,0.09555920992829385,-0.8857881731530854,13.010484311523314,0.06916247529785295,-0.9950122805722345,-0.0718826371324467,7.179627099877014,67.47840849557994,71.01876017633063,32.7061687776791,19.09207380482035,6.241240443648311,52038.0,156735.5783773261, 0.0, 0.0,0.0,NaN, 81.37102374804267,81.37102374804267,0.0, 179.25643543819172, 8.441396123204498, 6.029338248106118, 8.441396123204498, 52.729429989790255, -8.244820532077082, 6.029338248106118, -8.244820532077082, 171.47449901613732, 6.51610823932107, 4.67199903627226, 28.0, 0.0
19, 0 ,1.0,1.0,1.0,219.02070560343572,30.009648364247614,269.35578464617805,12.325058281181208,13.854233008002772,14.083868075305702,57.0,65.0,63.0,-0.18095687935035545,-0.6308961950808326,0.7544697468078552,14.625015619742413,-0.05017895474660243,-0.7602125838720787,-0.6477336642657047,13.36329001868185,-0.9822100998851108,0.15507036581844452,-0.10590798519759696,12.236566995528223,67.15657095460568,64.33183349802417,54.67916637852463,22.400694084061133,6.356970850133406,102919.0,236230.69454383026, 0.0, 0.0,0.0,NaN, 91.63674508930701,91.63674508930701,0.0, 151.90706163451347, 8.42484321977256, -7.821696451393802, 8.42484321977256, 191.93977224003356, -16.335266512049717, -7.821696451393802, -16.335266512049717, 198.35533996261512, 6.343734618055379, 4.637202356474823, 37.0, 0.0
20, 0 ,1.0,1.0,1.0,161.58054269202802,256.750009567913,281.53193769375025,15.006338676148275,12.766702765290104,9.996689460554718,73.0,68.0,44.0,-0.9499589444113439,0.3122650970900229,0.008277262364072635,15.257160516100125,0.30844033486101097,0.9418569444215708,-0.13330437380554638,12.50717328763478,-0.049422300267314784,-0.12408064065042501,-0.9910405798210624,9.944967042194031,76.52910017509863,64.3859510037509,46.43545398693493,21.122463575416173,6.477208707189585,78387.0,228806.0046285255, 0.0, 0.0,0.0,NaN, 146.1902088347801,146.1902088347801,0.0, 225.19020046326355, -23.001628910495587, -3.4180015644110746, -23.001628910495587, 162.98869949726597, -6.87669063688185, -3.4180015644110746, -6.87669063688185, 99.93380017076578, 6.666376268747567, 4.879067160463409, 32.0, 0.0
21, 0 ,1.0,1.0,1.0,41.381674480355144,85.6932435796374,39.58870265112227,12.499795933476134,12.5221302167485,14.415092970680075,58.0,59.0,70.0,-0.11454638757126699,-0.031581661835425656,0.9929157686984764,14.441020630215888,0.13356253976679977,-0.9909094455373612,-0.016109584596814792,12.520919471791903,0.9843983812793557,0.13077105712103373,0.11772322436134756,12.471048377569698,69.86378525619625,59.13615584853059,57.07829646380926,21.94484908307225,6.266350422557133,96412.0,235817.5944425676, 0.0, 0.0,0.0,NaN, 103.06813453049452,103.06813453049452,0.0, 156.2448983785465, 0.026832995441435303, -6.0324552976393155, 0.026832995441435303, 156.80374516520587, -1.6425768482455512, -6.0324552976393155, -1.6425768482455512, 207.79490535335012, 6.016424741896288, 4.450950209512126, 35.0, 0.0
22, 0 ,1.0,1.0,1.0,190.7028498114381,282.10107175718935,60.044062568847764,13.996441052415976,10.058451014313578,13.171135865780593,66.0,43.0,69.0,0.9826438394303383,0.15246559910246846,-0.10566610582362154,14.088009515175981,-0.10730160190326582,0.0025156498116811962,-0.9942233339320788,13.161431644436066,-0.15131903733039176,0.9883055765280037,0.018831790808448608,9.942651754190178,67.78901012693188,68.0523237827387,46.84332881321953,20.772488824299142,6.24942613208295,77163.0,216097.62883871974, 0.0, 0.0,-7.105427357601002E-15,83.93445488685761, 125.98225320002038,125.98225320002038,0.0, 195.90036213375524, 14.904286695963124, -2.4097130666107542, 14.904286695963124, 101.17243680734585, -1.7908536989807398, -2.4097130666107542, -1.7908536989807398, 173.4788199948519, 6.146576616535979, 4.67184084136809, 34.0, 0.0
23, 0 ,1.0,1.0,1.0,32.80632772902851,288.6110031928908,207.86556366802867,12.978089096111242,6.708949293059627,12.536349505334346,64.0,27.0,66.0,0.7823385884061387,-0.014435913275651868,0.6226860665685306,13.694452878147573,0.6220532812274793,0.06876581623562072,-0.7799493431188823,11.769752643415705,0.03156023454946704,-0.997528379007508,-0.06277805882500603,6.6735102610506445,64.58336206648909,67.45402203051675,29.256396820001896,18.286263811692884,6.017758048679881,44787.0,127452.78733821472, 0.0, 0.0,0.0,NaN, 98.46176286024361,98.46176286024361,0.0, 168.4307965866015, 2.405538252062761, 24.061980022249266, 2.405538252062761, 45.01000061684527, -6.326571321490901, 24.061980022249266, -6.326571321490901, 157.1600589198967, 5.861653243465716, 4.505467527025895, 21.0, 0.0
24, 0 ,1.0,1.0,1.0,281.3724828358852,105.63201286949527,168.787682054523,10.644690405890081,12.130458786043615,12.693026318641875,44.0,62.0,61.0,0.13336598539319744,-0.5153536823356777,0.8465365296566703,12.948438260304801,0.29931970034727434,-0.793334342896392,-0.530121059160233,12.035256227074017,-0.9447863414148828,-0.32408517782244595,-0.048451693382937366,10.443224381896481,64.98686587022192,60.01379303342888,51.347555234888375,19.73766534219087,5.656407708305958,69622.0,200261.02729219318, 0.0, 0.0,0.0,NaN, 169.4750097187947,169.4750097187947,0.0, 113.30943383724835, -12.52556648393642, 0.9375777955251948, -12.52556648393642, 147.14803035990272, -10.515190396183922, 0.9375777955251948, -10.515190396183922, 161.11291712573532, 6.258660353066756, 4.639701968403622, 23.0, 0.0
25, 0 ,1.0,1.0,1.0,277.6627244553824,206.78003372527573,11.334768936286574,12.417162382229277,11.893767680317163,7.224278783150335,48.0,63.0,28.0,-0.8492442422202731,0.5272510016037102,-0.028117581041030442,12.727271732944859,-0.5279575460184895,-0.8472937675241003,0.05791460193207702,11.577002217843223,0.006711680702248871,0.06402853131769394,0.99792549848145,7.199125577493355,59.498684493113274,60.979534322790016,30.146265874383843,17.769761252731858,5.66334002313054,43884.0,109376.74434493878, 0.0, 0.0,0.0,NaN, 96.52664387543943,96.52664387543943,1.9073486328125E-6, 154.18592162664987, -12.553247671866526, 0.11701109803066126, -12.553247671866526, 141.4617096333571, -5.666654713745936, 0.11701109803066126, -5.666654713745936, 52.19020393667608, 6.607909539325492, 4.7092726011619455, 16.0, 0.0
26, 0 ,1.0,1.0,1.0,91.79927625051072,265.4287982256464,40.30789704079846,11.747658878094368,12.781743840339466,13.477140018264555,62.0,62.0,67.0,-0.3141183705202737,-0.3964110845424582,0.8626632606953654,13.91817985190328,-0.10935137419978527,0.9177154152185212,0.3818909446830545,12.559310957354855,-0.9430651760415645,0.025625548231583382,-0.3316193676725234,11.47003686456905,71.44044807570552,64.22576383520305,58.16826900703832,21.127718257682698,6.052544011566918,85665.0,266894.4776945522, 0.0, 0.0,0.0,NaN, 106.0518820016517,106.0518820016517,1.9073486328125E-6, 138.00748911606945, 5.112708638183499, -17.935442834102652, 5.112708638183499, 163.37297560005587, -12.081433280798777, -17.935442834102652, -12.081433280798777, 181.6333030719079, 5.87633575924271, 4.349870832806886, 36.0, 0.0
27, 0 ,1.0,1.0,1.0,53.170992166480154,188.8147693992714,48.774685111550276,13.667421568728885,11.282327931712516,12.712961575273514,72.0,57.0,65.0,-0.9313014749993912,0.046131704897700423,0.36131624439981924,13.821048947216712,0.36035719820454715,0.26130969171529356,0.8954663224922683,12.646761782313725,0.05310604830080201,-0.9641520164470381,0.25998199325142346,11.169008475710175,67.9519623312728,65.70191244323911,58.76460950087616,20.96651151431069,6.009502710763416,83998.0,262358.9406128429, 0.0, 0.0,-7.105427357601002E-15,68.8189468806191, 132.54538777126865,132.54538777126865,0.0, 186.79841233735556, 0.4666952441518342, -10.94442489413087, 0.4666952441518342, 127.29092355870043, 9.339821491590486, -10.94442489413087, 9.339821491590486, 161.61939201438085, 6.1347888176226295, 4.339819103641221, 31.0, 0.0
28, 0 ,1.0,1.0,1.0,68.79120192635334,62.30134481270303,161.43449717180437,13.596304046042468,12.654964799681071,11.897013619735732,66.0,60.0,59.0,-0.9579071606011846,0.2245568047655563,-0.17885221022525824,13.732817400923356,-0.14896516983039723,-0.9213762366936442,-0.3589919339395502,12.697875847511556,-0.24540425800376195,-0.317238194248015,0.9160440372950867,11.692742452301534,65.78907442352345,62.83393036850005,65.00437202290533,21.229706579357938,5.9871620502693155,88042.0,268714.1708944313, 0.0, 0.0,0.0,NaN, 166.77555456953016,166.77555456953016,NaN, 184.85948371243077, -7.792614641967166, 10.1976143375807, -7.792614641967166, 160.14813408116697, 6.025787187193198, 10.1976143375807, 6.025787187193198, 141.5389330681775, 6.30144841205016, 4.3906668717784925, 36.0, 0.0
29, 0 ,1.0,1.0,1.0,124.09122498994111,168.70348830120585,274.0545862443152,13.111787115770568,11.6466870415398,12.766242647382672,66.0,57.0,60.0,0.8110981280437844,-0.05145731095976999,0.5826422331351018,13.505625646598082,-0.5487769579199988,0.27773755830664654,0.7884831635247096,12.417021582331204,0.20239485452930928,0.9592778501845288,-0.19703382705872638,11.573974367631177,74.73643107931929,63.63760528311275,63.444824345572584,20.834824507355226,6.037492815103475,82017.0,301746.598298815, 0.0, -2.8421709430404007E-14,0.0,87.05041059825967, 182.51183687292573,182.51183687292573,0.0, 171.91896136928705, -5.104642933411578, 14.1425385678583, -5.104642933411578, 135.64531904357108, 2.9767789955192976, 14.1425385678583, 2.9767789955192976, 162.97695133185212, 5.697036395141817, 4.235331256459043, 30.0, 0.0
30, 0 ,1.0,1.0,1.0,276.81926165249206,208.44585926735402,287.820211906685,12.719552779741068,12.265802074815975,6.764157119362401,52.0,60.0,31.0,-0.8317210976344358,0.5547952975375091,0.021028399369318797,13.091433423155763,-0.5508673447603449,-0.8293669699181023,0.09325018866228296,11.905872531617577,0.06917502603147985,0.06597429074367543,0.9954206190020444,6.697411080302137,61.05233479460004,68.20086727926008,33.781353543812145,17.961183185001218,5.948667378949666,42094.0,140659.54923774445, 0.0, 0.0,0.0,NaN, 95.22528316380492,95.22528316380492,0.0, 161.78702291661875, -14.117211543069603, -7.19030806798958, -14.117211543069603, 150.44990053855986, -6.017525943475398, -7.19030806798958, -6.017525943475398, 45.753821535421054, 6.053207615092089, 4.462731844579606, 20.0, 0.0
31, 0 ,1.0,1.0,1.0,13.21091120337622,250.21677174637347,81.45534539614195,8.434029488915016,12.183876659736946,13.716717007978872,34.0,61.0,59.0,-0.07994232983172322,0.10433985393957255,0.9913235691644503,13.75429439785192,-0.12616914395607678,0.9854486493134895,-0.11389603452100633,12.22544609232461,-0.9887823678719534,-0.13417956046316473,-0.06561459090358718,8.311791793436097,56.9883773433796,61.83179780230296,37.75456385275659,19.268433761732187,6.037838166621556,58527.0,133035.52351266542, 0.0, 0.0,0.0,NaN, 96.37360262945946,96.37360262945946,0.0, 71.13285341988808, -10.99509338317762, -8.36234188613758, -10.99509338317762, 148.4468504596827, 3.4006874256182016, -8.36234188613758, 3.4006874256182016, 188.14832547697685, 7.693549239943741, 4.957418982748895, 25.0, 0.0
32, 0 ,1.0,1.0,1.0,59.88236890744355,43.993511613178406,35.61966679160904,11.768723071481682,12.087654771843201,13.475248324284351,63.0,60.0,67.0,-0.35337335776454226,-0.5118371006091295,0.7830389852761181,14.399120267008877,-0.6422431711102448,-0.47587219282515114,-0.6008904769240725,11.937685552860703,-0.6801845184833817,0.7152401264860793,0.1605633279416813,10.786730607318065,71.97363332625446,60.853929085251906,55.1192109695093,20.72005430557613,6.072553630196351,77369.0,241415.44036223675, 0.0, 0.0,0.0,NaN, 82.40198925008595,82.40198925008595,0.0, 138.50284273322526, 24.44928781800901, -15.081342818565366, 24.44928781800901, 146.11139788326372, -28.98529032649534, -15.081342818565366, -28.98529032649534, 181.58231740112822, 6.481048686562005, 4.352013923967421, 28.0, 0.0
33, 0 ,1.0,1.0,1.0,135.26128755130705,142.87135396069982,175.00208637311988,12.430733162539301,11.59246570466788,11.764971594623864,59.0,54.0,54.0,-0.8569599901023848,0.48071586766948404,0.1858274197595618,12.78179384850655,0.3101919628051153,0.19313902273584183,0.9308481423453315,11.787826009886723,-0.4115829461661786,-0.8553417869293063,0.3146266135560526,11.180154232808226,66.17225562607733,55.75290349875701,60.640306269381256,19.906341677637347,5.57319528705303,73333.0,223720.00189577826, 0.0, 0.0,0.0,NaN, 233.0929387683675,233.0929387683675,0.0, 154.52312695825432, -14.973981880476307, -2.0816682393376396, -14.973981880476307, 134.38526111390098, 5.937581755062653, -2.0816682393376396, 5.937581755062653, 138.41455662230638, 5.573746692985892, 4.097762601018959, 31.0, 0.0
34, 0 ,1.0,1.0,1.0,239.53527417956332,95.15441814025591,184.9778501799837,12.934895697033275,11.331291087868426,11.988318722757644,66.0,55.0,59.0,0.892883489516741,-0.29826763346687396,0.3373358756113539,13.24641491015696,0.37579905271812114,0.08089574784038626,-0.92316355536682,11.843960038425433,-0.24806077103115462,-0.9510479992131917,-0.18431917173211745,11.121266692500036,72.95457516085432,60.51609122936243,57.403944904363215,20.17519901015481,5.691292920787099,76118.0,253434.1531340907, 0.0, 0.0,0.0,NaN, 161.06036542045197,161.06036542045197,0.0, 167.31152669312993, -13.286720784920611, 9.83987325293291, -13.286720784920611, 128.39815771800642, -6.449862726497385, 9.83987325293291, -6.449862726497385, 143.71978579842147, 5.858902623176829, 4.289206406110575, 35.0, 0.0
35, 0 ,1.0,1.0,1.0,273.29073886337886,65.97915200667899,239.0953306696881,13.038726639343942,12.842781369624813,11.863290396723086,58.0,70.0,58.0,0.9022185104068776,0.29042103964987415,0.3188375435984315,13.220167291263781,0.29010015790685817,-0.9557084785668055,0.04963065965649157,12.810108411512878,-0.3191295314783817,-0.04771712191874919,0.9465090693776684,11.696639859241115,66.81064648553013,69.6097562401511,62.747126817474,20.96274547786952,6.020497217886805,83845.0,291816.35697869805, 0.0, 0.0,0.0,NaN, 93.68037081597886,93.68037081597886,0.0, 170.00839237553734, 2.3812894213511417, 11.312912210209468, 2.3812894213511417, 164.9370333079822, 2.2208078956480946, 11.312912210209468, 2.2208078956480946, 140.7376590369822, 5.605984275651978, 4.253593081518728, 35.0, 0.0
36, 0 ,1.0,1.0,1.0,131.77189171542653,275.7406393611411,59.24980537907135,12.673825890215136,12.161279575321151,12.285215104251948,61.0,53.0,68.0,0.7624502775141533,0.1293736963044909,-0.6339810888528961,13.092530894121401,-0.4794003428603729,0.7709974497171874,-0.41921145475159594,12.674957215049961,-0.4345628672401117,-0.6235586413755374,-0.6498690138650611,11.286283185596607,62.856141195424016,67.69764038681382,61.49335456873288,20.60475439974185,5.907045783525922,79642.0,261667.28750734715, 0.0, 0.0,0.0,NaN, 146.50217562318363,146.50217562318363,0.0, 160.62586269548748, -7.955171953569087, -14.598048588413066, -7.955171953569087, 147.8967209091234, -14.366339620927366, -14.598048588413066, -14.366339620927366, 150.9265101577402, 6.253654209568605, 4.290754047308344, 26.0, 0.0
37, 0 ,1.0,1.0,1.0,35.93161294844686,176.34955199121507,209.21282461653485,12.271704531017173,13.091285056642654,12.726676850400382,66.0,63.0,66.0,0.20765585615014923,0.8261534434220226,0.5237838612715017,13.42068239684852,-0.35586199788931167,-0.4349651571258582,0.8271442138736785,12.47075608002186,-0.9111757700162887,0.3581561112258355,-0.20367355284084096,12.178271920962258,60.073647432053406,62.21885453855057,72.87539815926294,21.144578023722055,6.070551901119323,85601.0,272387.3617896503, 0.0, 0.0,2.8421709430404007E-14,58.41359058116123, 157.55261126353406,157.55261126353406,0.0, 150.59473209658742, 6.5721577710140195, 1.337167501608596, 6.5721577710140195, 171.38174443427525, 11.168781460777822, 1.337167501608596, 11.168781460777822, 161.968303654517, 5.570885468370924, 4.212541707303306, 40.0, 0.0
38, 0 ,1.0,1.0,1.0,200.86543781485688,175.51062869456334,193.67035031012492,12.658937072745328,10.703952584428219,11.810541144006443,65.0,54.0,56.0,0.9552692844278537,0.24553407586572584,0.1648442046826637,12.803848692978793,-0.181304027695102,0.04585193256119875,0.9823575977320769,11.791008810053722,-0.2336438395726059,0.9683029576889496,-0.08831725969822136,10.552049125370074,64.03674918625643,57.68994136096103,51.377066077690486,19.573276860618115,5.58560684198801,68682.0,189801.07785700724, 0.0, 0.0,0.0,NaN, 191.3929449870983,191.3929449870983,0.0, 160.24868781172603, 12.105576867230884, 3.3514804106779073, 12.105576867230884, 114.57460092968753, 3.3755735749339877, 3.3514804106779073, 3.3755735749339877, 139.48888211426902, 5.86984582691851, 4.202752480524919, 34.0, 0.0
39, 0 ,1.0,1.0,1.0,163.86840165143025,9.980413840558342,223.49496215472328,12.937714488238553,6.592824467527064,11.77717943114658,57.0,27.0,58.0,0.9218525258115617,-0.030303003915979645,0.3863543045036667,13.169421849108721,0.3875325018731982,0.06553213694780315,-0.9195238436380831,11.539493908896494,-0.002545711441494124,-0.9973902280355076,-0.0721543648889944,6.554247056602451,61.31527316473077,58.671177008107264,28.555992300666148,17.748814169007357,5.8763374295796735,40692.0,102728.44738657105, 0.0, 0.0,0.0,NaN, 156.47505087096906,156.47505087096906,0.0, 167.3844561791778, -1.3540716574218392, 14.32739905481528, -1.3540716574218392, 43.46533445962352, -6.962978353550739, 14.32739905481528, -6.962978353550739, 138.70195535342208, 6.5916713392535025, 4.337599442010122, 17.0, 0.0
40, 0 ,1.0,1.0,1.0,103.78400118950263,229.53439892944763,156.84921567169727,12.110410204345788,10.912230295667715,11.84586403667892,60.0,52.0,58.0,-0.8301060273588967,0.5341918895271884,0.15988435979107804,12.857031338992691,-0.19294768560353656,-0.006159111552194563,-0.9811897145634612,11.838241925256549,-0.5231588419998936,-0.845340813227576,0.10818380437510344,10.030756371577969,60.426001465097286,58.96983687079771,54.05728382646538,19.392758803597314,5.475783606407417,67255.0,192622.93836886928, 0.0, -2.8421709430404007E-14,0.0,57.710876063500706, 190.33829591268582,190.33829591268582,0.0, 146.6620353175226, -28.637644587791865, -1.1019915833359157, -28.637644587791865, 119.07677002568832, 5.763740086886292, -1.1019915833359157, 5.763740086886292, 140.324494775483, 5.983655656266325, 4.144328027408276, 23.0, 0.0
41, 0 ,1.0,1.0,1.0,51.95099257375676,21.6626260583119,165.2358193429075,12.073229765601953,10.982755984656354,12.160312075320393,59.0,50.0,59.0,-0.6162754392454081,0.3684743365188277,-0.6960109527226486,12.33168857064426,0.7239306518899453,-0.08288321619770947,-0.684875743275321,12.114263163496567,-0.3100467613716979,-0.9259357622425723,-0.21567097617247452,10.743885738544353,59.99666484032801,60.0784509969046,53.77191910232861,19.583725037024003,5.5438893779517455,69214.0,193821.24206252166, 0.0, 0.0,0.0,NaN, 146.04642886876164,146.04642886876164,0.0, 145.76287697301697, -10.199661519493246, 0.18526453045832766, -10.199661519493246, 120.62092901850497, -7.618522011786376, 0.18526453045832766, -7.618522011786376, 147.87318976918294, 5.723781075244517, 4.118767842803193, 28.0, 0.0
42, 0 ,1.0,1.0,1.0,187.72593755342461,66.5494459381751,61.04895637443079,11.802523191503662,11.132290567835526,11.431595521972229,57.0,58.0,58.0,0.4540392090614035,0.5790861399915934,0.6771319214928005,12.057756302114653,-0.8889708490892813,0.24340244121429383,0.38792535503677084,11.740551320268734,-0.05982663373763882,0.7780838605706708,-0.6253049494567138,10.520398794990028,58.37317467580556,60.78880040385184,51.334546663116654,19.101717591649656,5.388247228882444,64343.0,182157.31565660215, 0.0, 0.0,0.0,NaN, 144.0877126174982,144.0877126174982,0.0, 139.29955368598178, 3.2492101654224994, 1.3047619275867153, 3.2492101654224994, 123.92789328671981, 16.175345341291806, 1.3047619275867153, 16.175345341291806, 130.68137617797552, 5.347221557632754, 4.019770454446228, 31.0, 0.0
43, 0 ,1.0,1.0,1.0,92.3647986617278,158.69874271451522,106.47654704531273,11.361139727442385,11.783480069834637,13.30684269503945,57.0,58.0,61.0,-0.14303448321157533,0.2919298566102613,0.945683929985019,13.39804856724199,-0.636892083065068,0.7042338283381603,-0.3137247034474933,12.658489841765304,0.7575682221037497,0.6471720589176356,-0.08519809278893795,10.259283137185273,64.80153606544043,58.77508584390276,53.73573870156673,20.278478797979144,5.812164709736741,75321.0,204664.15943882347, 0.0, 0.0,0.0,NaN, 199.5859624647309,199.5859624647309,0.0, 129.07549590646963, -27.762275508380508, 0.9422726309516606, -27.762275508380508, 138.8504025561901, 8.35175222056519, 0.9422726309516606, 8.35175222056519, 177.07206251052474, 6.103680560236009, 4.288559706487927, 27.0, 0.0
44, 0 ,1.0,1.0,1.0,85.1439078617409,207.85823789457356,190.6420852614979,13.845501043536025,12.44496703514956,10.369192883033477,65.0,62.0,55.0,-0.9257566230391879,0.3501163041056152,-0.142804931632291,14.090158952879126,0.37345224256018483,0.9057722345910709,-0.20027501484375654,12.325314532283343,-0.0592291940334122,0.2387367433876123,0.9692763640628146,10.180830371878018,65.27088567925426,59.616807051841334,55.33150283712598,20.480943903983317,5.8844032407659554,77362.0,215308.25656622107, -1.4210854715202004E-14, 0.0,0.0,22.21727478259997, 166.4293930945346,166.4293930945346,0.0, 191.69789914655718, -14.427868494613556, 8.933994270879131, -14.427868494613556, 154.87720450595924, -13.499279374074629, 8.933994270879131, -13.499279374074629, 107.52016104555211, 5.670590609335557, 4.084260965145206, 22.0, 0.0
45, 0 ,1.0,1.0,1.0,26.209575357185496,11.7423289688383,264.08695825207946,12.213480909953303,7.610334357703436,13.332091245985906,50.0,34.0,66.0,0.31289638173714973,0.14207079512968254,0.9391015618488872,13.536462624546532,-0.943522086359358,-0.06688543484332422,0.32448792143607325,12.111088792084296,-0.10891247333470894,0.9875941614737493,-0.11311872247809912,7.4105782398969415,64.93471714641618,58.42935237649268,36.250988338147955,18.69543152111512,5.942373448748653,50254.0,137539.63812088684, 0.0, 0.0,0.0,NaN, 45.98446147998569,45.98446147998569,9.5367431640625E-7, 149.16911593779375, 11.49512061328843, 9.611556407233214, 11.49512061328843, 57.917189036041364, 15.128646921760817, 9.611556407233214, 15.128646921760817, 177.744656991294, 6.015874223569601, 4.24916438434531, 25.0, 0.0
46, 0 ,1.0,1.0,1.0,287.8024176418337,78.83045610782837,285.0336384350983,7.581555367894836,10.477318988993895,8.256451517147328,31.0,52.0,35.0,-0.045997129553142654,-0.9847153735832166,0.16798778854946023,10.537380809532092,0.4348801299349226,-0.17113313895880855,-0.8840773276913565,8.364617827757936,-0.8993128135752636,-0.032389531935054214,-0.43610478277630915,7.37698860776201,51.7551599215288,43.1978693943168,36.35455698539761,14.634396744010377,4.610598506429555,25893.0,81278.34252921688, 0.0, 0.0,0.0,NaN, 81.16042018153844,81.16042018153844,0.0, 57.47998179645501, 1.4073538580948453, -6.41474165859657, 1.4073538580948453, 109.77421319713207, -7.013336703739145, -6.41474165859657, -7.013336703739145, 68.1689916550044, 6.904758870640787, 4.4642997505625335, 12.0, 0.0
47, 0 ,1.0,1.0,1.0,121.60096372915338,237.068577417297,78.76851134603116,11.76624078458057,12.608593803475106,13.86618658793654,63.0,64.0,66.0,0.16115515617946416,0.40585999112820265,0.899614741563403,14.24135715390928,0.12589251292755343,-0.9125366012278052,0.38913754201874656,12.262691251159701,-0.978866738032077,-0.0505432391227643,0.19815471267022824,11.683421591586823,69.42572322460205,59.468423060825444,60.806601399230786,21.279212506215906,6.073492035767533,87784.0,251048.46221505004, 0.0, 0.0,0.0,NaN, 157.96087081239915,157.96087081239915,0.0, 138.4444222007272, 2.7438052304576677, 10.293574956029842, 2.7438052304576677, 158.97663770103085, 19.28666455956557, 10.293574956029842, 19.28666455956557, 192.27113049147115, 6.1066472194365735, 4.226257928060017, 38.0, 0.0
48, 0 ,1.0,1.0,1.0,24.13148045815332,188.96666834120364,121.59915352155129,12.431261079352998,12.174206848516363,12.164654340276122,53.0,60.0,58.0,-0.6162065615417889,-0.48410285306393647,0.621235785485835,13.300956709365732,0.6876587245566363,-0.7152386256413403,0.12473646993492855,12.016579246397301,0.3839465484334843,0.5040616391335928,0.7736322846805,11.375972638088161,62.162933574574154,62.75730153205113,57.8251226705535,20.454866504372262,5.685491704345729,79624.0,225586.09447000263, 0.0, 0.0,0.0,NaN, 166.42440694054554,166.42440694054554,NaN, 154.53625202303667, 6.799971731336493, -16.89909497409198, 6.799971731336493, 148.2113123904627, -15.623001187503982, -16.89909497409198, -15.623001187503982, 147.9788152183987, 6.145951386442316, 4.302614777993626, 25.0, 0.0
49, 0 ,1.0,1.0,1.0,217.78212807401997,137.84364905445986,208.75852609366123,11.779336105151987,12.141228582898552,10.384859270706967,62.0,58.0,60.0,-0.053170961220087715,-0.9854912116650695,-0.16118287940673173,12.191895522757035,0.9797893685539966,-0.020316096399313165,-0.19899761178379677,11.832903406749361,0.19283579063932296,-0.16850616593468296,0.9666540383666228,10.263896588598046,58.452646432373314,61.038238185884495,56.682073177085755,19.06578015459208,5.522999162546787,61605.0,202232.93954541953, 2.8421709430404007E-14, 0.0,2.8421709430404007E-14,81.14594225767223, 184.62301213360985,184.62301213360985,0.0, 138.7527590781372, 1.5784994336329636, -6.388768164448885, 1.5784994336329636, 147.40943150219277, 7.0172895598432765, -6.388768164448885, 7.0172895598432765, 107.84530207238844, 5.699674657967539, 4.086010626872377, 30.0, 0.0
