// Sample: .//bubblelabels.tif, Map: .//bubblelabels.tif, Thickness:(8.191250068658265):/gpfs/home/mader/Foam/NewValid/InSilicoTest/LatticeData_OldFoam/out_Step_07000.vtk/distmap.tif, Neighbors:(1.0):
//LACUNA_NUMBER, TRIANGLES, SCALE_X, SCALE_Y, SCALE_Z, POS_X, POS_Y, POS_Z , STD_X, STD_Y, STD_Z,PROJ_X, PROJ_Y, PROJ_Z, PCA1_X, PCA1_Y, PCA1_Z, PCA1_S, PCA2_X, PCA2_Y, PCA2_Z, PCA2_S, PCA3_X, PCA3_Y, PCA3_Z, PCA3_S,PROJ_PCA1, PROJ_PCA2, PROJ_PCA3,OBJ_RADIUS, OBJ_RADIUS_STD, VOLUME, VOLUME_BOX, Mask_Grad_X,Mask_Grad_Y,Mask_Grad_Z,Mask_Angle, Mask_Distance_Mean,Mask_Distance_COV, Mask_Distance_STD, SHAPET_XX, SHAPET_XY, SHAPET_XZ, SHAPET_YX, SHAPET_YY, SHAPET_YZ, SHAPET_ZX, SHAPET_ZY, SHAPET_ZZ, Thickness, Thickness_STD, Neighbors, Neighbors_STD
1, 0 ,1.0,1.0,1.0,78.89146443127085,135.87783669877732,39.507796097319996,18.148577190252084,17.55327070959489,19.104475433312892,98.0,93.0,87.0,0.4014998862134849,-0.40038833315461975,0.8237032378497878,19.640663282341798,0.8094107410213723,-0.2657107493358947,-0.5236907961828146,18.068301967981835,-0.42854648953152275,-0.8769760432081497,-0.21739578181093136,17.03672380595549,96.8264170529265,92.26244846428185,90.99125004311352,30.452370102901853,8.667312347723309,259104.0,812865.0832776396, 0.0, 0.0,0.0,NaN, 162.0108503110748,162.0108503110748,0.0, 329.3708540305383, -23.14152416156044, 16.235088002689594, -23.14152416156044, 308.11731260432197, -26.458760691194488, 16.235088002689594, -26.458760691194488, 364.9809815820558, 7.807550875205955, 6.213519915296601, 43.0, 0.0
2, 0 ,1.0,1.0,1.0,57.6097037709382,262.06120554501194,13.579585774403828,20.477064047532007,21.325170120437303,9.000461413240089,110.0,96.0,38.0,0.6024129339897519,0.7965271356827288,-0.0514118574156542,22.398363991917105,0.7963261883819174,-0.604155111927501,-0.029346250680386966,19.33274845323973,0.054435821468831226,0.023262047479471852,0.9982462714621462,8.924094690941615,108.19490812800015,105.36761453842973,41.12972146125301,29.001801576809903,10.675993800250222,145428.0,468888.6700710434, 0.0, 0.0,-1.7763568394002505E-15,87.0530183462061, 70.30387786656917,70.30387786656917,0.0, 419.3101520067279, 61.014013991355604, -19.944541019919555, 61.014013991355604, 454.76288066559187, -12.068651793175555, -19.944541019919555, -12.068651793175555, 81.0083056512238, 7.626820794712787, 5.913192410722127, 23.0, 0.0
3, 0 ,1.0,1.0,1.0,260.655643983795,140.3376776276554,127.11932157032102,18.372508052577267,16.87073537803265,15.38351176327299,92.0,92.0,77.0,-0.9515890732507004,-0.25046804038128284,0.1781684495566867,18.513868408821597,0.29897986317111563,-0.8887765697361026,0.34740070596691075,17.06283265504754,0.07133916938158547,0.38385149450755957,0.9206349727640477,14.997320321812765,102.36514238232704,87.27682499778749,79.60816659745143,28.069816709826377,8.420723744725718,194508.0,711227.6887950466, 0.0, 0.0,1.4210854715202004E-14,79.73690468678858, 193.39587386692688,193.39587386692688,2.6973983046972182E-6, 337.54905214201654, 10.490615540236758, -13.101532282579107, 10.490615540236758, 284.6217121956024, -25.70522631490874, -13.101532282579107, -25.70522631490874, 236.65243417075845, 6.585179972650336, 5.556384477577061, 42.0, 0.0
4, 0 ,1.0,1.0,1.0,78.14424037132609,16.718677350546844,261.9812100053526,17.11212903691088,10.609699574930401,18.28244861379472,83.0,45.0,80.0,-0.5368052872344435,0.1340946094281868,0.8329818241231007,19.071100655603683,0.8298501896339028,-0.09427732998950437,0.5499640422924262,16.41460885126077,-0.15227851575886267,-0.9864737304015511,0.06066986785815265,10.31951300237349,109.176416585102,91.5813048092744,47.674736885771814,25.741442200859954,8.775919665881412,125173.0,476676.7475674604, 0.0, 0.0,0.0,NaN, 88.49556411606393,88.49556411606393,0.0, 292.8249601758884, -31.26332930874983, -40.646199632881206, -31.26332930874983, 112.56572507027833, 20.28178064860932, -40.646199632881206, 20.28178064860932, 334.24792731604447, 7.432282741166143, 5.836677351257038, 20.0, 0.0
5, 0 ,1.0,1.0,1.0,188.44739348754072,113.25451274151251,236.32355327680892,15.851269829564727,15.186074796504675,16.402320287452373,79.0,91.0,83.0,-0.19421916007002138,-0.14628644790341117,0.9699892746940546,16.422330517790716,-0.8571503086055753,-0.4555600532848936,-0.2403297449514563,16.1074925536861,-0.47704535037987983,0.8781032473524217,0.03691098305477607,14.891993746448515,83.24006907742177,84.68672741085732,84.2811220904922,26.37700010200691,7.427624072725413,170074.0,594125.3614443118, 0.0, 0.0,0.0,NaN, 171.246192784927,171.246192784927,1.9073486328125E-6, 251.26275520966894, 16.074879908147864, -1.265949932572861, 16.074879908147864, 230.6168677250345, -2.674514194644455, -1.265949932572861, -2.674514194644455, 269.0361108121717, 6.954243202048723, 5.678112830514055, 39.0, 0.0
6, 0 ,1.0,1.0,1.0,276.3636572007624,206.2430754940044,207.92304026829444,14.491697056838492,16.868913462242638,17.165514234840245,58.0,91.0,84.0,-0.2607996718168749,0.5012005706936639,0.8250948546176712,17.756389720788604,-0.1846831962194174,-0.8647897920264102,0.4669376110800011,16.56336106549326,-0.9475630048785098,0.03060397920636696,-0.31810021729377314,14.127635974496577,91.42661385404045,99.50700844139482,68.68778054680064,26.870912181277408,8.19624807314277,165788.0,624893.1855094304, 0.0, 0.0,0.0,NaN, 133.51855341929135,133.51855341929135,0.0, 210.00928358718141, -3.1841389095322765, -31.343209989718893, -3.1841389095322765, 284.5602413966309, 17.659833041161114, -31.343209989718893, 17.659833041161114, 294.6548789465031, 7.9662420023132485, 5.972556313534535, 33.0, 0.0
7, 0 ,1.0,1.0,1.0,264.04670778860793,279.85213644625026,27.471800593671713,18.469888192490643,11.844907251663674,16.268363109352006,79.0,52.0,70.0,-0.9726755468527294,0.10270493080459007,0.20821618031067712,18.63892935028202,-0.2018970329634513,0.06861383330297116,-0.9770003735721022,16.16116058051319,0.11462926605059968,0.992342601659274,0.04600317702946617,11.726271243127853,86.2175688611066,78.18914223505041,57.610812357081215,26.023723832047253,8.298435624565839,142503.0,388370.48778112885, 0.0, 0.0,0.0,NaN, 49.53055071848812,49.53055071848812,0.0, 341.13676984310524, -22.682433493935164, -18.115382165648985, -22.682433493935164, 140.30182780051467, -3.802058129939, -18.115382165648985, -3.802058129939, 264.6596382577253, 6.984996749608064, 5.711190921910737, 17.0, 0.0
8, 0 ,1.0,1.0,1.0,278.0703687456455,208.42324465202694,285.1368926276675,13.314780779529896,17.92867131032145,8.989758096940411,53.0,92.0,40.0,0.21787465679340182,0.9733527495802183,-0.07151963934323685,18.17688896748608,0.9759395521776152,-0.2166407317330934,0.024673545539826425,13.025349576418995,-0.008521996392476971,0.07517458505890923,0.9971339716099876,8.915008058198966,92.84158989847782,61.52839746260781,42.68233912189072,22.60051511803057,8.291749465687722,77506.0,243818.34833459955, 0.0, 0.0,0.0,NaN, 95.33164641280439,95.33164641280439,0.0, 177.28338720693876, 34.14563548199953, -1.7383636414122718, 34.14563548199953, 321.43725495354346, -17.94968938866685, -1.7383636414122718, -17.94968938866685, 80.8157506415057, 6.779389531712278, 5.5511705340320034, 13.0, 0.0
9, 0 ,1.0,1.0,1.0,155.8483696471337,176.62708713637355,14.571929795180118,17.32051974567319,17.45830478338428,9.59768043355101,81.0,81.0,41.0,-0.6575369197595357,-0.753336118246771,-0.011397021454289093,17.948047853383986,-0.7487007960443454,0.6516506566823607,0.12164924844820359,16.89962601951454,-0.08421589609869623,0.08852183115105496,-0.992507716974512,9.443436796397092,85.81516233369044,88.0655742565898,44.45981718187606,25.13362664680725,8.07521463821886,119422.0,335998.91292763787, 0.0, 0.0,0.0,NaN, 190.29689776714972,190.29689776714972,0.0, 300.0004042602549, 19.561800119453775, -16.143863737576748, 19.561800119453775, 304.79240590953833, 17.570768547658872, -16.143863737576748, 17.570768547658872, 92.11546970456793, 8.521946638862984, 5.855716541178176, 18.0, 0.0
10, 0 ,1.0,1.0,1.0,44.132894017009,256.65812900979756,213.7407470035311,17.092162237166473,20.621349727772536,14.520070752809236,84.0,88.0,81.0,0.21258567224917765,-0.9714321933175695,-0.10548377003397891,20.812489657581374,0.9279026999764867,0.2345295450304278,-0.28981454739913587,17.168141752376926,0.3062742420294447,-0.03626825463179152,0.9512521760160408,14.153081368616203,94.52335128080796,89.84845447853996,80.82194041918578,29.079889103624033,9.087055569557037,201070.0,686402.718684761, 0.0, 0.0,0.0,NaN, 106.14560208862507,106.14560208862507,0.0, 292.1420099416196, -27.53537009634217, -30.617041332278447, -27.53537009634217, 425.2400645951045, 17.441438051537908, -30.617041332278447, 17.441438051537908, 210.8324546665862, 7.49091636205147, 5.468748353675299, 32.0, 0.0
11, 0 ,1.0,1.0,1.0,14.207993304038501,168.5009225969678,12.517434229298637,9.065238138631669,17.830525563370415,8.158743227501379,35.0,86.0,33.0,0.035925924193977374,-0.9986987371469525,0.03619613780351559,17.848539956866368,0.9870781715814835,0.029801618216461132,-0.15744378914087406,9.070538814564665,0.15616020990689125,0.041384731154893245,0.9868643741006529,8.113336086347468,86.25032298628261,40.088623593521916,37.38650252081,20.157833811485578,7.76743274556966,52569.0,129269.69216502731, 0.0, 0.0,0.0,NaN, 132.85541235215476,132.85541235215476,0.0, 82.17854251010215, -8.58439551209355, -2.2275794834056555, -8.58439551209355, 317.9276418660059, -9.213635328047115, -2.2275794834056555, -9.213635328047115, 66.56509105229962, 9.133938216662951, 5.737278670368385, 11.0, 0.0
12, 0 ,1.0,1.0,1.0,22.48787162582411,131.41773437823943,188.84969800002764,14.353824874536423,16.12807799014189,15.870628560952897,63.0,75.0,76.0,-0.5195966532749381,-0.28700436493402104,-0.8047656878957397,16.574243516602074,-0.03347426845399277,-0.9343333441087813,0.35482485177615647,16.211407645585425,0.8537556976424544,-0.21130474816085115,-0.4758692174828349,13.435354595459044,87.43584795108453,80.59973455310664,67.77597916460792,25.622027900148115,7.844471007585033,144702.0,477638.07379156817, -3.552713678800501E-15, 0.0,-2.8421709430404007E-14,27.86028997750448, 173.58201206937918,173.58201206937918,0.0, 206.0322885288606, 16.621294963675798, 38.41119486938829, 16.621294963675798, 260.1148996560993, -5.528055555608846, 38.41119486938829, -5.528055555608846, 251.87685091973378, 6.832230232957832, 5.177141747397434, 26.0, 0.0
13, 0 ,1.0,1.0,1.0,123.29449297992919,235.1403946854766,77.35947070146862,14.387338963868062,14.931685023828974,16.477300840145368,76.0,72.0,79.0,-0.13780416457410682,0.47620267535588673,0.8684705085435706,17.120991245537986,0.7881971638433822,-0.47826372517590376,0.387310005151062,14.440816740287413,-0.5997960012664977,-0.7378989234066975,0.3094348650361753,14.134590681458597,81.99139612309487,69.92131886480676,74.97285021680676,25.442388118717446,7.357789743192151,148574.0,429815.3431810612, 0.0, 2.8421709430404007E-14,0.0,61.56231498044382, 159.35114718113874,159.35114718113874,0.0, 206.99552246123613, -9.423989588140204, -8.499692281772589, -9.423989588140204, 222.95521765083845, 36.982216273628545, -8.499692281772589, 36.982216273628545, 271.50144297665526, 6.501317889070788, 5.113334258125378, 32.0, 0.0
14, 0 ,1.0,1.0,1.0,191.3579114181227,279.4238195855343,59.67021535960991,16.527533139339297,12.061288155125355,14.7083717462352,75.0,53.0,79.0,-0.9679732761616419,0.008753996982230478,0.25090058623632766,16.64931004199163,0.2482349595971049,0.1827006152484661,0.9513148217186864,14.652544477573999,0.03751188439310161,-0.9831296215274294,0.17902236118600243,11.961339327881655,77.58099144892077,76.39504571376175,58.371652582463895,24.165245918655636,7.142206434231773,123050.0,345957.30830403947, 0.0, 0.0,0.0,NaN, 125.64639753269228,125.64639753269228,0.0, 273.15935167195875, 2.1117802652050344, -15.660649773690407, 2.1117802652050344, 145.47467196096719, 12.743158055920285, -15.660649773690407, 12.743158055920285, 216.3361994254499, 7.109587361649351, 5.563578126658889, 27.0, 0.0
15, 0 ,1.0,1.0,1.0,173.59481848230084,102.21799953369084,11.427139193285148,14.245308542492094,17.217703133301917,7.372306292620744,69.0,83.0,30.0,-0.22793192460679104,-0.9736742961491287,0.002324384551534821,17.374157325052924,-0.971351105632768,0.22755169067589043,0.06853654249043459,14.078245349996033,-0.06726118740435141,0.013363872531690808,-0.997645898893948,7.32602769849754,84.04087929314576,69.41681910555194,31.797117217879098,22.211805420563632,7.769473385534785,72913.0,185499.62866860794, 0.0, -1.4210854715202004E-14,-1.7763568394002505E-15,43.24467150403506, 162.96431773040015,162.96431773040015,0.0, 202.9288154707982, 23.13629065082805, -9.7530485210187, 23.13629065082805, 296.4493011865146, 1.69227192027038, -9.7530485210187, 1.69227192027038, 54.35090007221542, 7.160073516464118, 5.198849761455038, 23.0, 0.0
16, 0 ,1.0,1.0,1.0,220.0097400719516,29.71601675014749,262.35166055502214,14.545682224106582,16.736960768422563,17.238227049689623,79.0,72.0,79.0,0.3101342216312499,0.4206328893906832,-0.8525753555762818,17.845353788131657,-0.14412926985543656,0.9072308782305022,0.39516944107059976,16.488966880076845,-0.9397039523935808,-3.254964770623703E-4,-0.34198885348491376,14.089589005687891,95.27582554041324,88.42808816439953,73.22360426217594,26.938452481845808,7.948520417555105,172894.0,616913.1934841519, 0.0, 0.0,0.0,NaN, 93.26779078447214,93.26779078447214,0.0, 211.57687136469016, 6.052819807470156, -35.892501743117684, 6.052819807470156, 280.12585576371595, -16.709381577203132, -35.892501743117684, -16.709381577203132, 297.156471816651, 7.679272599010918, 5.559314684016673, 34.0, 0.0
17, 0 ,1.0,1.0,1.0,158.33625838310365,254.65602582496413,279.23620332988554,17.60541133928105,15.384592963476216,11.155889729901396,84.0,84.0,50.0,-0.8735435180668819,0.4613951577737216,-0.15503622294902053,18.423219164932053,0.4844188140872033,0.8551978805772472,-0.18432307944078088,14.697223502316444,-0.04754087295878648,0.2361166945371445,0.9705610603971135,10.754845497108937,90.49585917476776,75.93225319510677,53.212372059180495,24.631642265603453,8.023234013923988,119884.0,365651.7142514912, 0.0, -2.8421709430404007E-14,0.0,62.522828815562704, 150.1859744951004,150.1859744951004,0.0, 309.9505084252858, -48.612531389141814, 21.342966295466084, -48.612531389141814, 236.6857006518419, -31.822509119527695, 21.342966295466084, -31.822509119527695, 124.45387566571947, 7.36041273023686, 5.509054880970226, 29.0, 0.0
18, 0 ,1.0,1.0,1.0,234.7977319758298,243.344094031951,10.742852412879728,14.993737450114237,13.881943977857194,7.172592583761747,67.0,68.0,30.0,-0.979578080014442,0.17317535825541303,-0.10216203036514314,15.082679702373186,0.17805211696608877,0.9831809288278639,-0.040653472583191685,13.86104241466767,-0.09340358022642106,0.058013416399030196,0.9939367257117525,7.025018994590792,68.32498544044503,64.76827186908696,33.23282293602304,20.534115103848098,6.878715912281566,60405.0,147064.91996861694, 2.8421709430404007E-14, 0.0,0.0,11.599193464905516, 87.0438758013512,87.0438758013512,0.0, 224.8121627229582, -5.2245486154726, 16.793629182692868, -5.2245486154726, 192.7083686043656, -8.858359198770106, 16.793629182692868, -8.858359198770106, 51.44608437263401, 7.050254963866903, 5.135691843353413, 12.0, 0.0
19, 0 ,1.0,1.0,1.0,272.52490712368143,66.46082246386636,238.40473059088322,15.583985392752346,16.257475808171325,14.19984079528136,71.0,83.0,75.0,-0.5283893675049198,0.842810816582092,-0.10234551167480926,16.675412046184785,0.8301111039905916,0.5381529737074207,0.1459689416327383,15.184208061332843,-0.1781017443465179,0.007829708940172597,0.9839809268063281,14.148217471690238,88.90080018005031,79.23285089134833,73.65961631082891,25.532729885234335,7.541969477116024,147508.0,518848.30815276585, 0.0, 0.0,0.0,NaN, 94.68843046918441,94.68843046918441,0.0, 242.8606007215185, -21.115000960844643, 7.894693981405078, -21.115000960844643, 264.3055196532759, -4.332162065211579, 7.894693981405078, -4.332162065211579, 201.63547861133677, 5.985470615547783, 4.890950426078004, 29.0, 0.0
20, 0 ,1.0,1.0,1.0,277.88493804626347,207.06704342026748,12.392063603496085,13.194416477000532,13.750300443865905,7.799794307419819,55.0,72.0,31.0,0.37162981144511165,-0.9278095650209353,0.03256830208858668,13.849996990224009,0.9250239397027687,0.37303869133317846,0.07192249818519021,13.117153922312363,-0.07887961854649034,0.003397914668190737,0.9968783576514582,7.753582143263323,66.5225750694084,62.22509634483936,32.39102051439585,19.58137226215359,6.369461518380925,56978.0,134078.53658070846, 0.0, 2.8421709430404007E-14,0.0,21.904099394330146, 96.32846736152894,96.32846736152894,1.3486991523486091E-6, 174.09262616854312, -6.78420554137957, 9.04154882559078, -6.78420554137957, 189.07076229657892, -0.9763537324117676, 9.04154882559078, -0.9763537324117676, 60.83679123805861, 7.5407891438714225, 5.55996391431455, 12.0, 0.0
21, 0 ,1.0,1.0,1.0,40.54519715692925,85.33230601350753,36.500361282331085,13.329064033733454,13.703438463936573,17.354260443711194,61.0,70.0,80.0,0.2409490318262624,0.03562533177488873,0.9698837042645454,17.590181909586537,-0.08791943752005604,-0.9944160643012064,0.0583683438676845,13.70443885267524,0.9665473276400613,-0.09933542568302803,-0.2364714287947444,13.015082997021654,82.9150252191973,70.39966559532792,61.44934365060661,24.777084199979733,7.260483995272891,135628.0,358691.4972294095, 0.0, 0.0,0.0,NaN, 101.28075748047034,101.28075748047034,0.0, 177.6639480153667, 2.812302504919339, 32.62760112468852, 2.812302504919339, 187.78422573489635, 3.769005787929738, 32.62760112468852, 3.769005787929738, 301.1703555481591, 6.894037817135512, 4.930657553229398, 22.0, 0.0
22, 0 ,1.0,1.0,1.0,69.97395734447187,63.58516074931966,159.6570153787735,14.60581361549652,14.296794159643786,14.173978973711483,72.0,66.0,71.0,-0.8210615972727626,0.49388015339698677,0.28625206997412045,14.680495381530209,-0.5574036848415608,-0.5854904910131848,-0.5886442194213669,14.47579186194573,-0.12312183238138592,-0.642871121620585,0.7560143751128952,13.912738762859004,78.01288492959603,78.6422953303902,79.91838397866941,23.93149359998878,6.775943375999523,126408.0,490308.2634374254, 0.0, -7.105427357601002E-15,0.0,60.40406653767784, 169.22050911859534,169.22050911859534,0.0, 213.32979137062355, -3.6853968958707717, 0.08508871769923977, -3.6853968958707717, 204.3983232432247, 8.612439319089683, 0.08508871769923977, 8.612439319089683, 200.90167994721523, 6.9834430016314135, 5.097750547484574, 30.0, 0.0
23, 0 ,1.0,1.0,1.0,65.97680166054415,42.023138607651646,34.92204999552011,14.73097280958246,13.285985343418371,16.197815245324527,76.0,69.0,73.0,-0.1656920075043913,0.024589720486305505,0.9858709369362556,16.24482384719806,0.9198660512089722,0.36424191980012455,0.1455138195963953,14.919447136349806,-0.35551737859403887,0.9309796826498011,-0.08297122399300647,13.015528437332922,77.28359470828667,81.21164824309494,63.637617137454015,24.600927898864057,7.119166503156413,133932.0,399410.5651921187, 0.0, 0.0,0.0,NaN, 85.66464913651541,85.66464913651541,0.0, 217.00155991665773, 17.435160317578738, -8.315975201325458, 17.435160317578738, 176.51740654552776, 5.109634494100533, -8.315975201325458, 5.109634494100533, 262.3692187216677, 6.484061847252175, 4.93366578981158, 23.0, 0.0
24, 0 ,1.0,1.0,1.0,27.92952430322126,283.4787665740598,134.0361733664882,15.018364545061775,10.644824925843917,19.85133520114116,64.0,48.0,106.0,0.1499467259199359,-0.06666796811170464,0.9864437953648191,19.982176611310216,0.9881715184513401,-0.022328710208209333,-0.15171841952120196,14.888621761337241,-0.03214077639798466,-0.9975253434015072,-0.06253127029127262,10.582090554353853,103.51341522723129,65.88917644337081,51.24501741015479,25.627124663283343,8.728663246503638,123461.0,349512.21778440825, 0.0, 0.0,0.0,NaN, 137.90832191151452,137.90832191151452,0.0, 225.55127360836858, -5.292377771434031, 26.05148787440378, -5.292377771434031, 113.31229770186795, -18.522903358307854, 26.05148787440378, -18.522903358307854, 394.07550926806624, 6.737678737434852, 4.978445189597573, 19.0, 0.0
25, 0 ,1.0,1.0,1.0,282.13635960929366,104.05806330151277,168.58745487164722,11.260463867626864,13.207756984451589,15.251264701122228,46.0,66.0,74.0,0.028439901339933273,-0.055201822450666016,0.9980701031540322,15.257128892356752,0.4115413464860657,-0.9092785727479209,-0.06201771741963495,13.658999587326981,-0.9109472499240622,-0.412510891904239,0.003141960559634377,10.700267019732317,74.0361311800275,69.84895287608887,55.91637597901246,22.086654622278868,6.78407352954886,90298.0,289162.94055728, 0.0, 0.0,0.0,NaN, 168.5717864981607,168.5717864981607,0.0, 126.79804651413015, -27.155661625191154, 1.5180033684624563, -27.155661625191154, 174.44484456032973, -2.4526348965870133, 1.5180033684624563, -2.4526348965870133, 232.60107498369686, 6.890883378447054, 5.217064883843442, 14.0, 0.0
26, 0 ,1.0,1.0,1.0,33.64598018108355,181.03727106497183,207.30203202878462,15.311024901884648,15.494903058201658,14.338017351003252,69.0,73.0,74.0,-0.633438275376803,0.7458228436897096,-0.20616555754600932,16.758207927397592,-0.5999200272718592,-0.3050719450721582,0.7396127832913804,14.76189837628243,0.48872478161619104,0.5921818928002488,0.6406783074786605,13.466516597743015,95.7649546354319,77.37057111434176,67.38213551519846,24.959180982174185,7.5589371333455695,135628.0,499260.469374934, 0.0, 0.0,0.0,NaN, 154.52215415275356,154.52215415275356,0.0, 234.4274835461318, -40.310182483083466, -3.2321270839200125, -40.310182483083466, 240.09202078306706, -23.548653463188852, -3.2321270839200125, -23.548653463188852, 205.57874155767033, 6.592587597008304, 4.928382877814792, 34.0, 0.0
27, 0 ,1.0,1.0,1.0,124.33095915254935,187.47835620955442,114.76798977783274,13.92134214874104,13.882656798950663,14.873978486300143,70.0,71.0,72.0,-0.2821035044869518,-0.40177703135460585,0.8712019454937303,15.076087604473123,-0.6946849002885543,-0.540761132623682,-0.4743314102551448,14.28290692269525,-0.6616876166797001,0.7390213897577212,0.12655782636133175,13.284476482366943,77.02711178548894,68.67019586143806,65.21770467884909,23.704371277710944,6.772735441394586,121305.0,344966.8871242811, 0.0, 0.0,1.4210854715202004E-14,29.401384865630874, 203.20186810839493,203.20186810839493,0.0, 193.8037672223138, 16.098738166234067, -3.4183049800968144, 16.098738166234067, 192.72815979745104, -10.725420574900646, -3.4183049800968144, -10.725420574900646, 221.23523601091946, 6.429429812382396, 4.775688702381359, 30.0, 0.0
28, 0 ,1.0,1.0,1.0,31.9676805043286,13.951745121430681,71.2917729207937,17.60896924028341,8.96582266353244,14.448779377131507,72.0,37.0,77.0,0.9907190220755739,0.005953544624900099,-0.13579534087743617,17.66408300031248,-0.1358846496701449,0.018803433879733916,-0.990546209350353,14.383189797913415,-0.0033438423470283384,0.9998054741702157,0.019437914950642805,8.962869084364186,77.11852353104224,72.05963398020268,37.97891694703915,23.235884252064075,7.702121931831606,91369.0,211053.87667167292, 0.0, 0.0,0.0,NaN, 79.36687391443743,79.36687391443743,0.0, 310.0757977052473, 1.0432258571679995, -14.137282826395033, 1.0432258571679995, 80.38597603391196, -2.5442608892771994, -14.137282826395033, -2.5442608892771994, 208.76722548902075, 6.792019218273924, 5.198518264473798, 16.0, 0.0
29, 0 ,1.0,1.0,1.0,235.41539910441395,274.13166358660885,95.65208970076054,13.646937306415467,13.513521749473071,14.45894336211909,69.0,60.0,69.0,-0.47160157602450536,-0.5177835720266861,0.7137871713826803,15.362738845679765,-0.6512258550391252,-0.3412653646893362,-0.6778221275467592,13.510445611906103,-0.5945560017523693,0.7844986446149799,0.17625276558822262,12.624156431019568,78.84605549805539,71.65730993355095,65.99005446309033,23.10841440178827,6.626944612931741,112552.0,372836.9603153499, -2.8421709430404007E-14, 0.0,0.0,61.86169138533004, 118.27790903529218,118.27790903529218,0.0, 186.23889784523425, 23.863336063967648, -15.575865394389876, 23.863336063967648, 182.61527007348172, -22.968843887941453, -15.575865394389876, -22.968843887941453, 209.06104314896768, 6.111029306093939, 4.720514469814853, 22.0, 0.0
30, 0 ,1.0,1.0,1.0,134.25189038492988,24.363460085816858,249.52743102333875,15.088590081062598,13.8785484205651,14.524651960845649,75.0,60.0,73.0,-0.8505771800511287,-0.16362960450805455,-0.4997437476395348,15.598466742135225,0.2913728875125777,0.6444667132670143,-0.7069402350364524,14.584992605173241,0.4377445615868373,-0.7469190103480763,-0.5004914492594237,13.23672910811244,81.83728688124356,77.6791782677301,63.25375746386867,24.152570514373142,6.920874874472081,128413.0,402107.501082362, 0.0, 0.0,0.0,NaN, 145.48068077371732,145.48068077371732,0.0, 227.6655506343406, 16.52211629713611, 21.221166985578755, 16.52211629713611, 192.61410626197002, -11.521168325265313, 21.221166985578755, -11.521168325265313, 210.96551458369737, 7.781263375922508, 5.246357316639623, 21.0, 0.0
31, 0 ,1.0,1.0,1.0,20.363893373035456,253.91238488754317,81.89868430957618,11.91449207677814,16.613675473317965,15.206542069496688,50.0,81.0,81.0,-0.17286187933346212,0.9666564250460872,0.18892889294764476,16.798967995846624,-0.014190279659821545,0.18935237172680092,-0.981806658810487,15.14552048161252,-0.9848438488595438,-0.17239789801083547,-0.01901468182657583,11.730990559508815,86.02143748512722,79.32187300550125,53.76003563176875,24.296071322823924,7.67523121267482,119557.0,366825.23471664614, 0.0, 2.8421709430404007E-14,0.0,14.837403260917231, 96.15690776903102,96.15690776903102,0.0, 141.9551214476091, -24.40715488777288, -3.4435219984812826, -24.40715488777288, 276.01421273272695, 9.345381016107401, -3.4435219984812826, 9.345381016107401, 231.2389217113726, 6.624630857060084, 5.234170454134309, 17.0, 0.0
32, 0 ,1.0,1.0,1.0,165.28088900797903,11.302548529236633,219.08264856496368,16.658913391898306,7.628131212030699,14.06836369164253,84.0,31.0,72.0,0.9671964525005028,0.045732892706087366,0.2498790203181871,16.83292724786539,-0.25326169266593407,0.09717278669932222,0.9625050465078477,13.92347992631823,-0.01973669927899622,0.9942162501437107,-0.10556756439242566,7.511052200360192,84.44588377670448,73.1344831697476,34.83135569665387,21.733954196299653,7.826996431596115,67176.0,215115.1809277633, 0.0, 0.0,-2.8421709430404007E-14,75.52964665031111, 157.55825663226094,157.55825663226094,0.0, 277.5193953987687, 6.655192506279473, 21.34033738578806, 6.655192506279473, 58.18838578795695, 15.448660988532827, 21.34033738578806, 15.448660988532827, 197.91885696032583, 6.836165351777864, 4.812805922116507, 20.0, 0.0
33, 0 ,1.0,1.0,1.0,59.01048173822891,111.90379293075726,158.3712099247037,13.922232984031846,12.86723878837817,14.679221840793195,71.0,66.0,71.0,0.5679558185794401,0.15794299611085155,0.8077624639219662,15.36071561734141,-0.7211422642355975,-0.377544981507119,0.5808731545457624,13.32331802183376,-0.3967115108928832,0.9124219401780718,0.10052949918690167,12.704785388280722,75.21261344602084,65.94310163647341,64.72985136799596,23.083316777911858,6.483397695686368,113817.0,321044.075341533, 7.105427357601002E-15, 0.0,0.0,55.392198568894386, 189.90368612920605,189.90368612920605,NaN, 193.82857126166425, 11.069820633416866, 27.453132190796058, 11.069820633416866, 165.56583403714373, 5.9791924640037175, 27.453132190796058, 5.9791924640037175, 215.47955385121995, 6.61892070554593, 4.933150519500568, 25.0, 0.0
34, 0 ,1.0,1.0,1.0,144.75163089894787,152.60190619832457,58.35221057222293,13.382738721312249,13.97105862793417,13.900011287675941,67.0,67.0,64.0,0.5249275576327863,0.6198749759811429,0.5832718691914226,14.953234062716625,0.01924719030094147,-0.6937472534724016,0.7199613142141871,13.481023323003365,-0.8509292596351343,0.3667011895970308,0.3760979030052217,12.734256550574633,75.63646317750712,67.76909535424687,64.56246802385196,22.917658889423702,6.502261121602829,110062.0,330935.246718097, 0.0, 0.0,0.0,NaN, 214.67233911926752,214.67233911926752,0.0, 179.0976956829102, 19.729849610559313, 19.08206309355196, 19.729849610559313, 195.1904791851738, 12.435228382385844, 19.08206309355196, 12.435228382385844, 193.21031379751855, 6.147817086998865, 4.727981051946956, 19.0, 0.0
35, 0 ,1.0,1.0,1.0,24.683015402596318,14.42169303335142,264.43529031180867,13.829808769199216,9.144268251958316,19.440299336527584,50.0,41.0,78.0,0.08608948425078211,0.05653652587454047,0.9946819702515332,19.499491351687475,-0.9946847344406117,-0.051729526889082056,0.08902996753139776,13.791274900840106,-0.056487872789160086,0.9970595154201526,-0.05178265093529402,9.076181156472702,81.64810544339286,55.42969919398924,42.15045508579651,24.128847166530736,8.40269154286023,95828.0,190761.57591250844, 0.0, 0.0,0.0,NaN, 45.62987020054248,45.62987020054248,0.0, 191.26361059261953, 6.997655670379053, 15.95727113694861, 6.997655670379053, 83.61764186377279, 16.253453254788052, 15.95727113694861, 16.253453254788052, 377.9252382937948, 6.2476234859169795, 4.812953274852749, 10.0, 0.0
36, 0 ,1.0,1.0,1.0,53.10147032292982,19.34792531120332,164.3115911961032,15.105468876281744,11.931600107224318,15.135884514881164,87.0,48.0,77.0,-0.6832525643574991,0.12835922794785662,0.7188114091328347,15.644193324995683,0.7270356753713987,0.028301486621407815,0.6860161460142702,14.639142083254717,-0.06771307138326778,-0.9913238292584557,0.11265880129042764,11.85698129438064,78.7230380042678,74.31466874308302,51.07462677919831,23.439672376313364,7.086256418597434,110860.0,298800.68837054906, 0.0, 0.0,0.0,NaN, 146.98793368177647,146.98793368177647,0.0, 228.17518997231645, -7.617579035050841, -14.385829779585636, -7.617579035050841, 142.36308111871537, 11.040994190645868, -14.385829779585636, 11.040994190645868, 229.09500004781944, 6.413382394452689, 4.771829093469241, 21.0, 0.0
37, 0 ,1.0,1.0,1.0,128.8793350401948,92.98028754050812,209.56460709362076,14.379246826825819,12.632600922438689,14.425551056710113,69.0,64.0,69.0,0.6524473985270152,0.08412762103346079,0.7531500086533762,15.254383449519047,-0.6472267932874517,0.5788361435944351,0.49603043950907455,14.394511820296955,0.3942205857209551,0.8110926348130485,-0.43210978644998743,11.599296689562696,72.05638090408854,71.28268911910466,59.271443020374164,23.059938425225962,6.533078025476091,111706.0,304440.21583505097, 0.0, 0.0,0.0,NaN, 182.84905567612194,182.84905567612194,0.0, 206.7627393067804, -21.83309494782263, 24.904726147340877, -21.83309494782263, 159.5826060655988, 27.080687383132275, 24.904726147340877, 27.080687383132275, 208.09652328975025, 6.6775511883222824, 4.8248955416206245, 27.0, 0.0
38, 0 ,1.0,1.0,1.0,281.40955314079844,254.25407635539543,243.8545179847754,11.021245494744646,14.162921992951397,13.514671515403021,44.0,75.0,73.0,0.14436810577621065,0.9728773895995771,-0.1807413478994273,14.25584603092582,-0.07376892391778604,-0.17156498391364117,-0.9824070450473796,13.49423827692475,-0.9867704879548239,0.15516133893668566,0.04699960638956708,10.926067228020193,79.286127082865,73.16875314641993,50.098863138460985,21.514685030065063,6.466906977854318,86045.0,290636.88449173904, 0.0, 2.8421709430404007E-14,0.0,13.37487989708464, 74.77037779257704,74.77037779257704,0.0, 121.46785225542914, 12.570705435944893, 2.3571362219362806, 12.570705435944893, 200.58835937842636, -4.173658808567145, 2.3571362219362806, -4.173658808567145, 182.64634616924582, 6.520116269662937, 5.008066341319959, 15.0, 0.0
39, 0 ,1.0,1.0,1.0,133.8572968291392,278.21063369099744,54.4416590482606,13.522609997161897,12.395386675435727,14.99403113306222,59.0,53.0,76.0,-0.12383157634363866,-0.050932684460534824,0.990995258492135,15.02463822100047,0.9789937082797227,-0.16929053444374093,0.11363113172220861,13.527889029630643,0.161978578364446,0.9842492451617104,0.07082629137288544,12.352490692900853,74.84859452157961,63.734108623813015,57.643937864383645,22.724947709482443,6.701068063332898,103915.0,274985.128485786, 0.0, 0.0,0.0,NaN, 146.13845023976143,146.13845023976143,0.0, 182.86098113534288, -4.580200288660918, -5.593394966783855, -4.580200288660918, 153.64561083356955, -4.277640699113374, -5.593394966783855, -4.277640699113374, 224.82096961923912, 6.205953690931198, 4.648809304834143, 16.0, 0.0
40, 0 ,1.0,1.0,1.0,199.8250902261177,175.04254437651912,190.52052183840317,14.45532896682385,12.41600430377525,14.250291949994313,76.0,65.0,67.0,-0.9596854770162884,-0.2696112913897839,-0.07945776714174867,14.613979749163477,0.09201948038464444,-0.0342565378838723,-0.9951677772325385,14.254266816212157,0.2655865215589062,-0.9623597254495558,0.05768499283953142,12.22423791055326,77.04461326413505,67.8039812438127,63.09656330490098,22.87910516097971,6.536900343698932,108616.0,329612.12539143016, 0.0, 0.0,0.0,NaN, 193.99776906612922,193.99776906612922,0.0, 208.95653553909665, 16.42534486691757, -0.03165395626811053, 16.42534486691757, 154.1571628713655, 3.2064398300869894, -0.03165395626811053, 3.2064398300869894, 203.0708206600727, 6.617837012701195, 4.834609256628433, 33.0, 0.0
41, 0 ,1.0,1.0,1.0,104.92880179086356,216.1425861283958,275.94038359386855,14.104431304245205,14.362031635489377,12.61358483141429,73.0,69.0,54.0,0.5716934276165616,-0.8103662738884777,0.12834768001071203,14.53208734212305,0.7795236423673824,0.5852769598474423,0.2231451797866702,14.03420665475083,-0.2559482678400401,-0.02752058167700187,0.9662986607534144,12.49659707548055,70.57092217917932,64.48863263117514,57.33152011366764,22.800916417363478,6.665108246887595,105424.0,260917.02508867596, 0.0, 0.0,0.0,NaN, 136.45872800268234,136.45872800268234,0.0, 198.9349824161721, -6.876410955003235, 11.132868409997403, -6.876410955003235, 206.26795269879767, -0.3944343430627395, 11.132868409997403, -0.3944343430627395, 159.10252229928466, 5.385879898439012, 4.37600681034204, 22.0, 0.0
42, 0 ,1.0,1.0,1.0,175.57256214932218,279.9507003317361,173.81798541999427,13.34917305851826,11.311411235739774,15.78685839192941,71.0,49.0,76.0,0.3302604022025143,-0.0655003715723817,0.9416144476700182,16.09450728335959,0.8974895353026937,-0.2871403085198681,-0.3347580876472904,13.156091683515552,-0.2923022421384916,-0.9556464537406058,0.036045175735675054,11.102136294332727,78.06973847012958,71.45002589616897,54.798808795006494,22.547349285230908,6.854953215516137,97668.0,305672.40433729463, 0.0, 0.0,0.0,NaN, 178.34254262721757,178.34254262721757,0.0, 178.2004213462698, -15.777379625373802, 27.253649479138645, -15.777379625373802, 127.94802414402001, -3.5847810972142904, 27.253649479138645, -3.5847810972142904, 249.22489788683205, 6.676106714246209, 4.945470746233502, 30.0, 0.0
43, 0 ,1.0,1.0,1.0,240.57033188507074,94.01068473450208,186.5687924730856,13.419821854739832,12.266258257580333,13.71634264857288,65.0,61.0,71.0,0.6289835244991266,-0.3283118769808086,0.7046921578547584,14.105473898823025,0.6600502577125728,-0.2533973706965619,-0.7071940538619059,13.33008078067169,-0.41074734716395117,-0.9099456489029486,-0.05731956769174598,11.917857121901546,64.94681132232319,65.13260362671686,60.208598706370424,21.940319607762724,6.108448364100042,98739.0,254691.69996434482, 0.0, 0.0,0.0,NaN, 158.86010555679013,158.86010555679013,0.0, 180.09161861295283, -17.719611299878935, 8.589716532177306, -17.719611299878935, 150.4610916416577, -6.781495417809786, 8.589716532177306, -6.781495417809786, 188.1380556530593, 6.749634118330489, 4.751894009083492, 19.0, 0.0
44, 0 ,1.0,1.0,1.0,118.3714073544377,169.5102633919158,271.79749168018924,14.425332774969494,12.418069739135776,14.473580323694673,69.0,60.0,63.0,-0.7551454317160957,-0.0809326675783308,-0.6505422970698888,14.54489120693572,0.6211859341453115,0.22876650524553313,-0.7495291330547212,14.473920847126085,0.20948367998087208,-0.9701112252707936,-0.12247774665330315,12.277416837047737,71.1815546734226,75.13452626245615,57.05319450685431,22.969317380442867,6.6478318403461065,109077.0,305131.460630421, 0.0, 0.0,0.0,NaN, 178.42293270386074,178.42293270386074,0.0, 208.0902256686091, 12.06710130886179, 2.5193213697862156, 12.06710130886179, 154.2084560460397, -6.873188590958911, 2.5193213697862156, -6.873188590958911, 209.48452738644158, 6.069566534669604, 4.535451580931658, 17.0, 0.0
45, 0 ,1.0,1.0,1.0,91.85342419841359,267.8428387889621,41.89038468699959,12.182634598830758,15.316885157583114,14.003307762258274,61.0,64.0,65.0,-0.20478485534612356,-0.8102147395168047,0.5491950827261504,16.10040939367307,0.46730705984302473,-0.5739403302206385,-0.6724705266159189,13.78586014506075,-0.860050739690243,-0.11893095987143132,-0.4961533552666201,11.394870003676678,82.28172537455347,66.11572057194563,58.57230538250204,23.07387448618834,6.834654430140369,107412.0,318640.11007457145, 0.0, 0.0,0.0,NaN, 105.95253127392097,105.95253127392097,0.0, 148.41658576862827, 5.31884383396102, -33.47099750016618, 5.31884383396102, 234.6069709305899, -34.332424832409146, -33.47099750016618, -34.332424832409146, 196.09262828452282, 6.9462698395115146, 4.671100731852701, 17.0, 0.0
46, 0 ,1.0,1.0,1.0,50.84789776010333,187.03560382040038,47.80405152782026,15.777615619408211,11.58771110291749,14.963806824075057,75.0,60.0,73.0,-0.981455098171614,-0.19122997972114078,0.01330357578999015,15.92208042335272,-0.005428740300245177,0.09710077039640086,0.9952597495966458,14.99337639107886,-0.19161528919086918,0.9767305335886031,-0.09633818403946626,11.349437752348503,74.55328063770084,72.46457236505458,59.85092301338895,23.656570147347242,6.891328374872307,117684.0,323342.91180302034, 0.0, 0.0,-7.105427357601002E-15,89.2377387688565, 132.78437729385922,132.78437729385922,0.0, 248.93315463379395, 23.354094935464506, -2.1468719422522837, 23.354094935464506, 134.27504860467727, 8.959425445246984, -2.1468719422522837, 8.959425445246984, 223.91551466823526, 6.714356339002175, 4.74420013777438, 26.0, 0.0
47, 0 ,1.0,1.0,1.0,279.0110034747815,235.54892071180373,48.23611666842161,11.747364102223878,13.50674848168413,14.028593868541613,49.0,61.0,66.0,0.11216188700592902,0.5871056230200913,0.801702375274927,14.618292197932716,-0.06526660622968283,-0.8006985286493018,0.5955015838183,12.908595818567616,-0.9915442406743782,0.1191169745965499,0.05148946638329165,11.700767113095461,66.91628875744382,64.26986925230065,54.009722479846175,21.865339972015605,6.256290573041155,94970.0,232279.67446171993, 0.0, 0.0,0.0,NaN, 83.1937650776702,83.1937650776702,0.0, 138.00056335021821, 6.609796544763234, 5.749418322433367, 6.609796544763234, 182.43225454747656, 21.9693166469252, 5.749418322433367, 21.9693166469252, 196.80144592848333, 6.352102816319848, 4.591039397027911, 12.0, 0.0
48, 0 ,1.0,1.0,1.0,187.32543445709877,67.15475974409003,61.81912745587368,11.987124149091537,12.926865704594823,13.50672209190672,59.0,64.0,73.0,0.06292657700375179,0.37223834670896405,0.9260015438140305,13.610782958457284,-0.21804669025396006,-0.9002973802154615,0.3767230654558744,12.866672461477483,-0.9739075350236719,0.22561746478620534,-0.024512707063091454,11.934063474156241,69.72938803181758,65.1511157469672,57.83213665139516,21.33938415329622,6.152822761660102,88156.0,262728.3566080753, 0.0, 0.0,7.105427357601002E-15,22.180132935060673, 145.00663431710134,145.00663431710134,0.0, 143.69114536573352, 5.543730406345562, 0.5958760880535126, 5.543730406345562, 167.10385694462983, 6.9191166128174615, 0.5958760880535126, 6.9191166128174615, 182.43154166800105, 5.95593172583552, 4.53278923247532, 29.0, 0.0
49, 0 ,1.0,1.0,1.0,230.95152182405795,242.45769554048135,286.29743935788616,17.854537564150668,14.933615608046896,7.913127244858614,91.0,75.0,33.0,-0.958965347407654,-0.28346780632028734,0.005609389564108767,18.111438520140602,-0.2811442648942939,0.9532901817031654,0.1104342871819864,14.685753110186155,-0.0366519411268354,0.10432560686768312,-0.9938675983063963,7.792266670854998,96.33681641634573,77.72255585834657,35.72022383262416,23.293873297968126,7.8619613538914415,84471.0,267456.7331747432, 0.0, 0.0,0.0,NaN, 90.9206759162969,90.9206759162969,0.0, 318.78451162966724, 31.134025443504477, -6.248830791981342, 31.134025443504477, 223.01287512890184, 15.887670319344613, -6.248830791981342, 15.887670319344613, 62.61758279332368, 6.955848283530949, 5.194649798582989, 19.0, 0.0
