// Sample: .//bubblelabels.tif, Map: .//bubblelabels.tif, Thickness:(8.191250068658265):/afs/psi.ch/project/tipl/test/LabelValidation/Step4900//distmap.tif, Neighbors:(1.0):
//LACUNA_NUMBER, TRIANGLES, SCALE_X, SCALE_Y, SCALE_Z, POS_X, POS_Y, POS_Z , STD_X, STD_Y, STD_Z,PROJ_X, PROJ_Y, PROJ_Z, PCA1_X, PCA1_Y, PCA1_Z, PCA1_S, PCA2_X, PCA2_Y, PCA2_Z, PCA2_S, PCA3_X, PCA3_Y, PCA3_Z, PCA3_S,PROJ_PCA1, PROJ_PCA2, PROJ_PCA3,OBJ_RADIUS, OBJ_RADIUS_STD, VOLUME, VOLUME_BOX, Mask_Grad_X,Mask_Grad_Y,Mask_Grad_Z,Mask_Angle, Mask_Distance_Mean,Mask_Distance_COV, Mask_Distance_STD, SHAPET_XX, SHAPET_XY, SHAPET_XZ, SHAPET_YX, SHAPET_YY, SHAPET_YZ, SHAPET_ZX, SHAPET_ZY, SHAPET_ZZ, Thickness, Thickness_STD, Neighbors, Neighbors_STD
1, 0 ,1.0,1.0,1.0,87.70105467641977,275.85152872209665,16.394897669741017,20.032308285054377,14.541894071605878,10.238109171440517,87.0,60.0,48.0,-0.9734786999862887,-0.22873360821528274,0.0044896710150416855,20.308783805972904,-0.22132816905537447,0.9465659105876052,0.23457795824854055,14.360537524207736,-0.05790563233055432,0.22736295517580696,-0.9720869427978769,9.94520991038768,90.11921955783372,68.62556652235506,48.52167263716865,25.394667799855355,8.525830467387447,116339.0,300081.43513560575, 0.0, 0.0,0.0,NaN, 92.43060275697314,92.43060275697314,1.3486991523486091E-6, 401.29337522745817, 47.33172295984825, -6.942159155090573, 47.33172295984825, 211.46668318980616, 23.50724234735879, -6.942159155090573, 23.50724234735879, 104.81887940633443, 8.10878217947311, 6.097794334621469, 16.0, 0.0
2, 0 ,1.0,1.0,1.0,27.97833964445301,165.95389300984831,17.521219441706744,15.951745282474908,18.618673588758135,11.175544499537681,65.0,84.0,49.0,-0.0196268853513521,0.9897213477847923,0.1416560592084193,18.743325228210054,0.9995346270043076,0.022732813414110205,-0.020340811528534043,15.952871671609094,0.02335197616402029,-0.14119090952796337,0.9897069325188652,10.963558885760769,85.55035942048809,66.0453689913999,53.62953259893448,25.69404559725715,8.113075832809301,134947.0,303017.85620242887, 0.0, 0.0,0.0,NaN, 138.05122027421564,138.05122027421564,0.0, 254.4581775569605, -1.4379257836943777, -3.372942529822003, -1.4379257836943777, 346.65500620471977, 32.33989660656668, -3.372942529822003, 32.33989660656668, 124.89279486114692, 7.9484903417902615, 5.739495627196316, 16.0, 0.0
3, 0 ,1.0,1.0,1.0,132.15426335301387,185.38389914870245,19.3101572154332,15.967361070064507,16.69002366522095,11.397747257250051,74.0,93.0,49.0,-0.44975393571975375,0.8813745801999676,-0.14456917611275677,17.150467648158614,0.8900679309078608,0.4288495071147308,-0.15449005992895198,15.680100279814454,0.07416519179500948,0.19815889993836236,0.9773600026096975,11.10936842003292,88.57439824947963,86.14757837681205,56.357023647056366,24.46967822615977,8.040957625542909,116528.0,430030.573458998, 0.0, 0.0,0.0,NaN, 175.99568764153656,175.99568764153656,0.0, 254.95661954181156, -20.9350454062291, -5.737002146304899, -20.9350454062291, 278.55688994563525, -29.865645021217276, -5.737002146304899, -29.865645021217276, 129.90864254015105, 6.717081099832242, 5.136116740363009, 19.0, 0.0
4, 0 ,1.0,1.0,1.0,206.28366224402572,52.39658824841119,103.68474746348534,14.990067591012094,19.02748454675174,14.44180357856685,92.0,93.0,87.0,0.28045898325265567,-0.9559118883228711,0.0870357425193173,19.416763604141856,0.7402751131983913,0.1576867010348733,-0.6535500448288922,14.919494186636928,0.6110118783558918,0.24772437522323235,0.7518624331806076,13.989673674452623,100.88361615050201,82.5139227169622,72.48282180462152,26.88132382588622,8.526864284698911,161442.0,603368.9642159231, 0.0, -7.105427357601002E-15,0.0,17.07682143587325, 149.260447805278,149.260447805278,0.0, 224.70212638311114, -45.467602970949116, -8.579372220923263, -45.467602970949116, 362.04516817687625, -17.854050625593732, -8.579372220923263, -17.854050625593732, 208.56569060190625, 6.211599926627689, 4.721990529567278, 41.0, 0.0
5, 0 ,1.0,1.0,1.0,143.3372109557504,63.189362494498425,174.55149134983242,17.812399502541695,15.158159826099771,14.582791806343925,91.0,91.0,76.0,-0.9221134483656065,0.1931927883127327,0.3352362374315191,18.403685945234894,-0.09578741853885288,-0.953436586641802,0.2859780510852052,15.080873666861335,0.37487539102074025,0.23159279305881086,0.8976821371790051,13.913331566962535,96.35027829162556,94.96197463702009,76.30249413161187,26.271791863106486,8.336795218819876,147685.0,698138.2680815869, 0.0, 0.0,-2.8421709430404007E-14,70.41309594342984, 200.6882654755519,200.6882654755519,0.0, 317.2815760381476, -22.759978613864206, -45.78606372152289, -22.759978613864206, 229.76980931358506, 0.1682567147008485, -45.78606372152289, 0.1682567147008485, 212.65781686717153, 6.583653754372851, 4.790769276846201, 40.0, 0.0
6, 0 ,1.0,1.0,1.0,134.37296739130434,98.42827173913044,284.4905652173913,15.518286327504287,18.454587230257623,8.853262608268317,84.0,90.0,36.0,0.5095750791627296,0.8564257173249874,0.08287478145176957,19.96951129325244,0.8600438960198798,-0.5041095758073647,-0.07872758410026767,13.62021023440848,0.025646356763555478,-0.11139356482176022,0.9934453875785303,8.687793222201693,84.60208679388171,77.40735705288957,40.483492138022484,24.129353271027547,8.805882687983548,92000.0,265119.2624831645, 0.0, 0.0,0.0,NaN, 167.2864657118819,167.2864657118819,1.9073486328125E-6, 240.81721054240649, 93.3887359979919, 6.203209083648959, 93.3887359979919, 340.57178983918766, 27.313719998581902, 6.203209083648959, 27.313719998581902, 78.38025881096192, 6.550755987794179, 5.0188894880098704, 17.0, 0.0
7, 0 ,1.0,1.0,1.0,134.6095721522383,16.237095958814365,162.7921115891341,18.013526876355773,10.663722823190614,13.315285269933772,92.0,42.0,66.0,-0.9781510341701898,0.19286282475472794,0.0776175571595426,18.28015425493547,-0.058977486420186576,0.10058561252834353,-0.9931788311516988,13.300300796207386,0.1993544843923619,0.9760565892303195,0.0870133562893105,10.219438142134491,96.9147315591876,67.35710502538205,46.72219547502577,23.392245139148503,8.264491765666886,96927.0,304997.62137202447, 0.0, 0.0,0.0,NaN, 192.8973427560707,192.8973427560707,0.0, 324.48715052519174, -43.76764552323481, -13.196850424880708, -43.76764552323481, 113.71498444983642, -3.7999166014619497, -13.196850424880708, -3.7999166014619497, 177.29682181971532, 6.7357866400354025, 4.9475892279210045, 22.0, 0.0
8, 0 ,1.0,1.0,1.0,26.91806783944018,134.8081969541781,84.44933723094866,14.416786217986962,16.361861813765973,15.108272689472273,60.0,84.0,82.0,-0.46142121060059726,0.7588549238484246,0.45959729215790773,17.37357210033689,-0.30926476186142043,-0.6231298193853618,0.7183763186962424,15.017249250373647,-0.8315321842711068,-0.1893368235282514,-0.5222124029334744,13.283650400169135,85.6288774600222,85.73699941600341,71.19303287196328,25.33359953702813,7.875460940454071,133757.0,522668.13718541857, -3.552713678800501E-15, 0.0,0.0,62.52114628933247, 161.33667562272277,161.33667562272277,0.0, 207.84372485513882, -34.449082811210864, -37.490394620739394, -34.449082811210864, 267.7105220127731, 21.768077533587174, -37.490394620739394, 21.768077533587174, 228.25990365945373, 5.988538893634448, 4.352372066792029, 27.0, 0.0
9, 0 ,1.0,1.0,1.0,119.34169151262175,109.27425959053866,89.57536275094415,15.78226780861226,13.298705605611067,11.511477219470633,80.0,71.0,60.0,-0.9594187921875281,-0.22618278276539894,0.1683951601974527,16.018973154584902,0.24353695962046895,-0.96566110629105,0.09048965187005661,13.165382734676268,0.1421454554188894,0.1278279178319291,0.9815572794934133,11.33643913510931,82.833096695385,75.13432892909599,61.67907572763474,22.620665823776452,6.837772548898112,100620.0,383866.4590336548, 1.4210854715202004E-14, 0.0,0.0,16.37871583760247, 184.95147675570863,184.95147675570863,2.6973983046972182E-6, 249.07997718275885, 17.25788790516292, -19.707280329360028, 17.25788790516292, 176.85557078471123, -8.79462045791136, -19.707280329360028, -8.79462045791136, 132.51410777439133, 5.819659250805236, 4.505689466072054, 27.0, 0.0
10, 0 ,1.0,1.0,1.0,25.659551753343344,194.8127228600101,141.04546522138318,13.455178757471208,18.935333959091764,13.842528907596055,67.0,94.0,73.0,0.0231541509823777,-0.9573844274203751,0.2878870324020273,19.36474753761889,-0.7644788902098374,-0.20252137351736058,-0.6120107186088957,13.95769465559581,0.6442328086304054,-0.20591297045500132,-0.736589395038089,12.704079140217367,101.1422307676337,75.67152623422234,76.38582773530256,25.76282575197986,8.214689487044557,140503.0,584625.5757651379, 0.0, 0.0,0.0,NaN, 177.8105709113605,177.8105709113605,NaN, 181.04183539550442, 0.43979691028467804, 17.061691091290662, 0.43979691028467804, 358.5468721423338, -54.729377120984495, 17.061691091290662, -54.729377120984495, 191.61560655763245, 5.765071356273334, 4.481683286611278, 23.0, 0.0
11, 0 ,1.0,1.0,1.0,263.70824793184346,74.82228670206199,284.9871959501173,18.656006101373542,13.425066612078147,8.411456948911567,76.0,60.0,37.0,-0.9980020446924222,-0.06061981153500316,0.017808908984136188,18.675264297157224,-0.05988639328757603,0.997436209367723,0.03917433013024929,13.40781222520805,0.0201379911796173,-0.03802955024199812,0.9990736782738502,8.39622891311933,76.7112189272793,60.9335111368388,38.84497898068656,23.0501776224786,8.229270731293946,80990.0,181572.4603434816, 0.0, 0.0,0.0,NaN, 84.50355105522064,84.50355105522064,NaN, 348.0465636544868, 10.307727033992139, -5.202118124393591, 10.307727033992139, 180.23241353873544, 3.9693012879371747, -5.202118124393591, 3.9693012879371747, 70.75260800339268, 5.677227852450931, 4.712060410996506, 13.0, 0.0
12, 0 ,1.0,1.0,1.0,225.8947352346513,52.801369486473114,24.829791522866515,18.13579352248873,16.459359794517752,14.35961595204454,84.0,83.0,61.0,0.8431279342580142,0.4936688260421777,0.2131346444573292,19.015346244869967,0.5353347738859471,-0.8078818854684564,-0.24646204373171524,15.781088922619436,0.050516990629844494,0.32189742050235537,-0.9454258745833193,13.978195213618658,96.5138724658876,80.50369086256715,67.43599154355607,27.075533732983175,8.539998530453131,163711.0,523958.9713504408, 0.0, 0.0,0.0,NaN, 94.31910428252856,94.31910428252856,0.0, 328.90700669034413, 45.96986763479804, 22.785987485957307, 45.96986763479804, 270.91052484538744, 28.169464243334755, 22.785987485957307, 28.169464243334755, 206.19857029021205, 6.677158904135077, 4.483459633985166, 26.0, 0.0
13, 0 ,1.0,1.0,1.0,284.40774005261426,162.00737832949687,62.39158582703058,9.712334015828235,17.85572958197327,14.56834034863975,40.0,77.0,79.0,-0.009967930025003423,-0.9571926148564898,0.2892800346294437,18.156742929335028,-0.14043328742573444,-0.28508721534342835,-0.9481580941122272,14.269516587595126,-0.9900399649275872,0.050075719784394276,0.13157997619036543,9.59722011875129,78.17482937780947,82.69162985066073,45.44810879301869,23.717953330717336,7.927909009016908,97312.0,293794.93875314586, 0.0, 0.0,0.0,NaN, 152.24254394806064,152.24254394806064,0.0, 94.32943203501421, 6.731104515807106, 14.16320348523387, 6.731104515807106, 318.8270789045553, -35.63708647056805, 14.16320348523387, -35.63708647056805, 212.23654051380493, 5.8360325877084, 4.532408707700506, 18.0, 0.0
14, 0 ,1.0,1.0,1.0,195.9089673522909,51.94122263804209,282.32560610266177,11.383650883052331,24.269829965672603,10.201184635924163,61.0,108.0,46.0,0.09658501888861848,-0.9949606830144112,-0.02691790076847138,24.365300670206206,0.8802125980799886,0.09800855012713118,-0.46434912111821003,11.553989431449494,0.4646473031316998,0.021155693263840227,0.8852430854488301,9.773114827653236,110.55915807356686,63.78348936489235,55.38877950394351,26.550527004381152,10.8510754193203,104479.0,390593.30288541026, 0.0, 0.0,0.0,NaN, 117.66570395165861,117.66570395165861,0.0, 129.58750742721813, -44.59521082217095, -16.818912512156434, -44.59521082217095, 589.0246465626598, 11.613171518453058, -16.818912512156434, 11.613171518453058, 104.06416797621519, 6.014428731011245, 4.304342081809383, 21.0, 0.0
15, 0 ,1.0,1.0,1.0,123.66307599436583,131.12387148702126,13.979663290629821,16.526098042667623,13.642284804224987,8.99358262315953,71.0,66.0,35.0,-0.8515181847302185,-0.5195787348553885,-0.07038976743694304,17.98601307281675,0.5174091490381872,-0.810947422596506,-0.27322527385961604,11.915929454369829,0.08487964164233991,-0.2690765988899017,0.9593712682608911,8.63842222735115,81.48860795697126,71.09428775274934,42.079617103905505,21.99397813045038,7.5082158727827855,74545.0,243782.98249481033, 0.0, 0.0,0.0,NaN, 180.78013448344527,180.78013448344527,NaN, 273.1119165158627, 81.84300967560603, 5.393443198168327, 81.84300967560603, 186.11193467958802, 24.0286912492368, 5.393443198168327, 24.0286912492368, 80.88452839959703, 7.240890621993054, 4.703480395798595, 19.0, 0.0
16, 0 ,1.0,1.0,1.0,118.54900341325693,237.2046100037925,237.72734398044753,15.822491702848366,17.29372418044018,12.041907437034283,80.0,90.0,57.0,-0.2632490410911137,-0.9532184032003479,0.14857529459768054,17.614617895105145,0.92575141849778,-0.20626606869301176,0.316920526402562,16.000399811114182,-0.2714484361972943,0.22097281440509367,0.9367426336939805,11.320075827126194,90.41475179448261,89.49360766256447,61.47819647048544,25.025603140289903,8.255353529842209,118655.0,497453.42874434014, 0.0, 0.0,0.0,NaN, 147.90203143561519,147.90203143561519,0.0, 250.35124368670535, 21.28607555630139, 30.391794348536912, 21.28607555630139, 299.0728960291413, -34.152968329674025, 30.391794348536912, -34.152968329674025, 145.00753472210158, 6.3576259046741495, 4.554691419532288, 30.0, 0.0
17, 0 ,1.0,1.0,1.0,84.57700250524748,165.17330218701335,13.45497325479044,13.122402702944735,12.755459050867861,8.46142788662727,53.0,57.0,34.0,-0.843344129576494,0.5332770043081633,-0.06622926683103658,13.445703995603955,-0.5202954859481206,-0.8411408765210893,-0.14756230259569106,12.51009693718478,-0.13439972623065208,-0.0899870130710244,0.9868328384623614,8.318982441503977,61.51961883544628,62.80255820777961,38.892023951049126,19.278327218719387,5.902630754606403,59076.0,150262.8131477022, 0.0, 0.0,0.0,NaN, 159.7264665019989,159.7264665019989,0.0, 172.19745269825125, -11.977374088440776, 12.934598257565762, -11.977374088440776, 162.70173559836684, 6.894474639742897, 12.934598257565762, 6.894474639742897, 71.59576188059361, 6.912718589636894, 4.800722654339012, 7.0, 0.0
18, 0 ,1.0,1.0,1.0,31.932066802031883,268.5616204481104,228.0679331979681,18.549648366979834,15.338085774518332,15.312252346973553,85.0,68.0,75.0,-0.7468282147717635,0.48255104361205414,0.4575938241822524,21.571019951826678,-0.658228061313025,-0.4383128888808913,-0.6120601528779538,13.85382525748993,-0.09478099451323241,-0.7583048870670722,0.64497307023571,12.512954314441734,102.2524339879233,76.05203940095728,71.29929984733656,26.920357176868546,9.439585328394314,142331.0,554459.442933089, 0.0, 0.0,-2.8421709430404007E-14,62.768049963437235, 84.74816123969934,84.74816123969934,0.0, 344.0894545385977, -101.06261244484388, -91.26485554031055, -101.06261244484388, 235.25687522648158, 77.65715614930626, -91.26485554031055, 77.65715614930626, 234.46507193739706, 6.938734363740628, 5.177698304495431, 20.0, 0.0
19, 0 ,1.0,1.0,1.0,262.44114411441143,255.61372667879033,221.24639096562717,14.34909244648408,12.034543098908088,12.275672575658481,70.0,57.0,63.0,-0.9901279088547223,-0.11937226723375097,0.07346418122083581,14.377683402527586,0.13353381345387438,-0.6440109831819506,0.7532719125292562,12.995944979066913,-0.04260803646543355,0.7556454958222749,0.6535934821217764,11.216347573954044,71.61378689688271,70.53126495454605,54.79646114325311,21.49320020854823,6.2818121284623,89082.0,276777.52679135115, 0.0, 0.0,0.0,NaN, 97.89249128875204,97.89249128875204,NaN, 205.89645403774648, 5.857757672446725, -1.5512861427361004, 5.857757672446725, 144.83022759947627, -21.612275059751436, -1.5512861427361004, -21.612275059751436, 150.6921371847737, 5.816242388268723, 4.303506632556715, 19.0, 0.0
20, 0 ,1.0,1.0,1.0,189.4847040003324,221.12360414264492,25.695170723093064,14.058968242295498,13.397180164202096,13.427385381576014,69.0,60.0,54.0,0.7296021928169827,0.5551393676871935,0.39937566610963426,15.601110662901423,-0.16016238374839034,-0.4290430682418367,0.8889713473592186,13.032815252133208,-0.6648523528338334,0.7125604030799735,0.22411831896081522,12.007696501119288,79.11929135699282,66.59597667133,61.90760537716274,22.579183462793495,6.900302654870295,96267.0,326192.8121361979, 0.0, 0.0,0.0,NaN, 138.18595540730334,138.18595540730334,0.0, 197.65458803787334, 41.94698606064437, 25.253489138435494, 41.94698606064437, 179.48443635209009, 12.205212207359864, 25.253489138435494, 12.205212207359864, 180.29467818536125, 5.615208230982573, 4.217543540932032, 18.0, 0.0
21, 0 ,1.0,1.0,1.0,285.5536554881966,76.90747684292906,33.771536367990095,8.703620071105869,12.5802662325236,19.418093256665728,37.0,60.0,76.0,0.07451861266840148,-0.1036464026618858,0.9918187332276132,19.530404714476553,0.18515515843923955,0.9787281657505859,0.08836710287111546,12.594252799264579,-0.9798798618551754,0.177055360782283,0.09212413119774163,8.427724168769757,79.91026599659357,63.81124632576572,42.03393393273973,23.350612050067458,8.113406401451313,85611.0,214338.32904983588, 0.0, 0.0,0.0,NaN, 85.22894773933243,85.22894773933243,0.0, 75.75300234215693, 13.475038314258914, 24.375184820801437, 13.475038314258914, 158.26309848117353, -24.334368952928212, 24.375184820801437, -24.334368952928212, 377.062345724567, 6.518904210195923, 4.876915507421254, 13.0, 0.0
22, 0 ,1.0,1.0,1.0,56.93915280888169,237.22998761137848,60.07165149854672,12.939158509908232,11.737491113371988,14.23100870663298,66.0,56.0,67.0,0.29821192381995915,-0.2924549223115975,0.9085921895478282,14.511083475380206,0.8674927489509302,-0.3140284388166249,-0.3858010758563953,13.07760402124642,-0.398153210471996,-0.9032476172291358,-0.1600554996266344,11.230176259672318,74.6910142378158,66.94788317439152,63.57603872993539,21.506958014157004,6.720333798746032,83948.0,317905.9607238239, 0.0, 0.0,0.0,NaN, 103.87851024934719,103.87851024934719,0.0, 167.42182294453062, -19.599004422750752, 7.853838040865706, -19.599004422750752, 137.76869763648637, -17.000909795140345, 7.853838040865706, -17.000909795140345, 202.52160880826372, 5.75955792214783, 4.225609588845255, 23.0, 0.0
23, 0 ,1.0,1.0,1.0,124.86357144116661,61.069598490592654,244.1661935074324,14.628233443122015,14.35487528971217,14.227939605553482,73.0,80.0,70.0,-0.37887096981208856,0.6032517531757091,0.7018148691243873,15.981246002200562,0.8585462155921149,0.5122107827178214,0.023205813066021985,14.701228766309773,0.34547819602126206,-0.6113325088346198,0.7119813057348232,12.286397871089575,84.60367762825207,70.36059856901633,72.1154799881694,23.82348848916155,7.411026911012159,113422.0,429286.5340104608, 0.0, 0.0,0.0,NaN, 149.79259421044486,149.79259421044486,0.0, 213.98521366647338, 4.7878803675073645, -26.47313855923886, 4.7878803675073645, 206.0624445831891, 44.99347629606497, -26.47313855923886, 44.99347629606497, 202.43426541927735, 5.701155564395904, 4.2779349526655785, 25.0, 0.0
24, 0 ,1.0,1.0,1.0,67.08465709696748,241.6184136990026,132.432746094163,15.173371619174263,25.756947250933763,13.651633984279368,73.0,123.0,77.0,0.16125803455841123,-0.9841256547862202,0.07411168519168579,26.027173138635927,-0.8627841397648859,-0.17703772641776505,-0.47356221512594765,15.278970093403192,0.4791652892901614,0.012423325497703084,-0.8776367622901025,13.006074723683486,130.0436435459089,81.36961399180768,74.7281244603075,30.944348761479304,11.066432494235226,198613.0,790743.202302679, 0.0, -2.8421709430404007E-14,0.0,10.222608566627045, 159.52176364019914,159.52176364019914,0.0, 230.231206293563, -70.83942142727278, 32.34152249436252, -70.83942142727278, 663.4203316873843, -31.679860024346777, 32.34152249436252, -31.679860024346777, 186.36711044073135, 6.187037682018945, 4.271563266238623, 39.0, 0.0
25, 0 ,1.0,1.0,1.0,139.1044039365214,204.657114507342,190.60039440100348,14.4639285058939,15.836722420687742,17.013211311508083,77.0,81.0,85.0,-0.043402705766650854,0.41433865073164766,-0.9090872827413283,17.26333614838474,-0.5313308254063293,0.7610134400531524,0.3722178099332378,16.251791869784647,-0.8460518654935776,-0.499181356390987,-0.1871208548678972,13.686228480944814,86.96202373005873,80.74141583528794,75.06953308502506,26.269538417810164,7.705044795377948,160243.0,527095.9911603609, 0.0, 0.0,0.0,NaN, 201.01884168857654,201.01884168857654,0.0, 209.20522782361013, -33.048205074217684, -10.822092686286936, -33.048205074217684, 250.80177702991384, -19.94429291536506, -10.822092686286936, -19.94429291536506, 289.4493591300266, 6.603992715700471, 4.867119641450482, 33.0, 0.0
26, 0 ,1.0,1.0,1.0,104.85105190672935,168.29577812603884,169.23626347532888,14.227174078920816,14.788766169599365,14.338469834893955,66.0,81.0,68.0,0.6181118498260959,-0.7408027077925097,0.262962144104141,16.496147874959096,0.28818433528111476,-0.09768089046350412,-0.952579777518313,14.208734302470667,-0.7313600549682375,-0.664582419091524,-0.15311002002257765,12.357215669658059,88.26640663479611,68.11652265971756,64.53740308334534,23.824174449623953,7.688986675178671,105285.0,388024.7266762203, 0.0, 0.0,0.0,NaN, 213.1640212026102,213.1640212026102,NaN, 202.4124822719164, -56.06788818376212, 5.908031379779714, -56.06788818376212, 218.70760481908664, -18.68696852244098, 5.908031379779714, -18.68696852244098, 205.59171720616385, 5.548610313775029, 4.075065781430161, 23.0, 0.0
27, 0 ,1.0,1.0,1.0,70.76540030049367,45.371270658939686,171.04205838162696,12.996586658137346,11.685667640263107,15.560772087491934,60.0,56.0,80.0,0.25909881200601936,-0.05188919426514134,0.9644559695162784,15.76298357159941,0.912060668461809,0.3417322114579191,-0.22663722707683967,12.920942684002526,0.31782564821308573,-0.9383637925509463,-0.13586850322034605,11.497013090287528,76.63966857456899,60.791778216381395,60.622839690684415,22.33780897293652,6.973235347282636,93180.0,282445.5526433647, 0.0, 0.0,0.0,NaN, 153.93649595642867,153.93649595642867,0.0, 168.91126476247365, 9.273502646538093, 21.872637864588572, 9.273502646538093, 136.55482819869232, -8.512599374462733, 21.872637864588572, -8.512599374462733, 242.13762795886805, 5.551632755720058, 4.113586512606166, 23.0, 0.0
28, 0 ,1.0,1.0,1.0,220.02517227274157,190.86559055200698,232.2436046694566,12.99216784821381,12.487524602399786,14.970182838805592,77.0,62.0,73.0,-0.36964150587100236,-0.26347802403765785,0.8910356266651905,15.677822707290849,0.7717037459877258,-0.6211702819368988,0.13645808611784618,12.842404927795005,0.5175311445371471,0.7380561033469238,0.4329372965527751,11.752428734022262,72.21342610219727,75.94882840245026,62.84994489149619,22.381462942339244,6.921790727811362,95343.0,344702.1007554135, 0.0, 0.0,0.0,NaN, 151.3182788157324,151.3182788157324,0.0, 168.79642539616069, -2.3638800680156726, -32.64109217463979, -2.3638800680156726, 155.93827069553993, -27.550897351257404, -32.64109217463979, -27.550897351257404, 224.10637422726944, 5.527425914849346, 4.095922041966226, 31.0, 0.0
29, 0 ,1.0,1.0,1.0,188.63434168040504,241.5081600998917,86.56579293929433,13.474311796782908,13.93833453158111,14.140756677074757,62.0,69.0,74.0,-0.607486543650187,-0.4742672912271026,0.6372053324918561,16.22698719556347,0.07285091757648796,-0.8320767475336369,-0.5498554628464729,13.383842272442505,-0.790982201501534,0.2876088014751145,-0.5400262347533079,11.547852609590418,82.58174360182596,71.5615159400403,64.01894014731036,22.948937741483398,7.010100131166738,102511.0,378331.1148221088, 0.0, 0.0,0.0,NaN, 152.69984183051875,152.69984183051875,1.9073486328125E-6, 181.55707839692306, 34.66881479240601, -52.141153802650436, 34.66881479240601, 194.27716951426638, -18.33255246552805, -52.141153802650436, -18.33255246552805, 199.96099940023433, 5.899650954493796, 4.341418816956293, 29.0, 0.0
30, 0 ,1.0,1.0,1.0,24.922633546705942,254.98311901659775,15.312383164334674,14.911589348539634,12.51688367377858,9.545703397496728,58.0,69.0,35.0,-0.9197071565714822,0.39179367143839594,-0.02522826137532036,15.393544786822911,0.3925083041904626,0.9190068002921791,-0.03692874433633549,11.926001008098947,-0.008716495438325117,0.043865932539427076,0.9989994007354157,9.537169706273765,72.56613324300268,55.77769274664149,37.09527599720802,20.644781294620863,6.6288258728553515,70612.0,150145.7813114755, 0.0, 2.8421709430404007E-14,0.0,66.93384699521194, 53.68543857088805,53.68543857088805,0.0, 222.35549689948064, -34.11559254535162, 2.644487469930837, -34.11559254535162, 156.67237690290474, -3.183193214582718, 2.644487469930837, -3.183193214582718, 91.12045335298059, 6.891815716715492, 4.270401636123195, 9.0, 0.0
31, 0 ,1.0,1.0,1.0,241.90307776861775,94.11267518549052,114.0490656773839,16.448866662781885,13.664811052623158,16.581511830240483,92.0,71.0,83.0,0.7297003663418745,-0.21240502468956685,0.6499395978451835,17.579601306086992,-0.5660305096827493,0.3456083419117055,0.7484412709821187,15.88945779649219,0.38359723339568225,0.9140235114523403,-0.1319628093195668,13.066046036303119,92.6904269817324,85.5251308326477,65.01682439192325,25.868071536464672,7.942397947380054,145560.0,515411.8311721386, 0.0, 0.0,-1.4210854715202004E-14,49.46295203508403, 158.86987563793565,158.86987563793565,0.0, 270.5652144899772, -37.431604688672174, 30.96617352690626, -37.431604688672174, 186.727061103892, 2.0516781658781573, 30.96617352690626, 2.0516781658781573, 274.9465345764051, 5.95164616943106, 4.183147673991778, 33.0, 0.0
32, 0 ,1.0,1.0,1.0,111.26339427843726,211.12862145813435,150.75227407104197,14.11982917803793,12.530480885501229,11.893906946775614,77.0,59.0,58.0,-0.9605092052073618,-0.17308578616778225,0.2178609128288116,14.337637674757053,0.027071381237379073,-0.8373898473982335,-0.5459353293131562,12.92935531102854,0.27692816221869315,-0.5184781134252869,0.8090063280773105,11.185323725579218,80.14886461349565,62.834241529332104,58.177204366806336,21.40980239953667,6.282349155391328,87948.0,292985.81850276643, 0.0, 0.0,0.0,NaN, 206.28269080379943,206.28269080379943,3.814697265625E-6, 199.36957601697128, 12.422516531613148, -17.45766167343969, 12.422516531613148, 157.01295122191164, 16.192798877839333, -17.45766167343969, 16.192798877839333, 141.4650224585572, 6.184777739284246, 4.275365965500887, 13.0, 0.0
33, 0 ,1.0,1.0,1.0,142.81292993550178,150.90866749971602,92.03118886238278,12.676797932977394,11.359844701517018,13.087202434510912,66.0,52.0,66.0,-0.5054467054989243,0.15933040581754213,0.8480197224606871,13.389787079562211,0.8627363797701398,0.10980856170931504,0.4935868908271819,12.423020930420272,0.014476426402826701,-0.9810993331754682,0.19296251325388217,11.28735123774932,63.41453790604907,65.13822518025543,54.31315276585383,20.62969133059634,5.952980819915841,79227.0,224351.907692912, 0.0, 0.0,0.0,NaN, 226.03870931080883,226.03870931080883,3.814697265625E-6, 160.70120583353992, -1.6272563518334038, -10.771627726288, -1.6272563518334038, 129.04607164258425, 8.469520272232902, -10.771627726288, 8.469520272232902, 171.27486756186835, 5.498984648902644, 3.957394675587175, 21.0, 0.0
34, 0 ,1.0,1.0,1.0,176.5863099407013,126.49376663398235,8.584325535789326,14.553047110053784,13.568436221441694,5.770019901802134,65.0,64.0,22.0,0.7947421479589956,0.6004613460899484,0.08849344670295854,15.83060819599269,-0.6022764321970355,0.7982522192715933,-0.007516225647644306,12.12465688163909,0.07515329319152936,0.047324056037323044,-0.9960484005522242,5.618835377323255,79.3160732587859,62.24808577375963,24.338047771733486,19.41283750754789,7.233844845967227,42834.0,120163.60393817216, 0.0, 1.4210854715202004E-14,0.0,53.09705372400194, 176.93304534826,176.93304534826,0.0, 211.79118018744478, 49.029008375453444, 15.927306543731147, 49.029008375453444, 184.10246149533094, 10.94633970486193, 15.927306543731147, 10.94633970486193, 33.29312966719271, 6.770178653735009, 4.529492107215216, 12.0, 0.0
35, 0 ,1.0,1.0,1.0,165.38102158637884,284.6671244383408,67.46872708363888,16.051916139873537,9.468479481326717,14.874513167711756,81.0,37.0,70.0,-0.8739598450254589,0.06329188376107361,0.4818592395430958,16.566237580468435,0.48218283213741564,-0.011069158810756135,0.8760006792892132,14.325936303683134,-0.060777509615127276,-0.9979336707282691,0.020844259444415973,9.42839216815662,82.51593784236223,75.19638853665569,40.207286604881006,22.50181341179209,7.888957510797691,75001.0,249482.21366135732, 0.0, 0.0,0.0,NaN, 151.35850011282113,151.35850011282113,0.0, 257.6640117615326, -10.884313743476492, -28.997784214465433, -10.884313743476492, 89.65210368830508, 4.530649462942259, -28.997784214465433, 4.530649462942259, 221.2511419764304, 5.1064654688345055, 3.919881831596782, 19.0, 0.0
36, 0 ,1.0,1.0,1.0,61.314941364012704,47.43168196927944,123.63996638780075,12.4857881244039,13.900537948255087,11.838657782141983,56.0,65.0,57.0,0.09841566230932508,0.8887522525754786,0.4476983258336241,14.4790785300559,-0.9154462144296052,0.25726461524827504,-0.30947236747028384,12.738789113836068,0.39022120124196513,0.3793868095798403,-0.8389237526844188,10.832968903063561,67.48034736909094,56.38271753557578,57.49212311793427,21.177507462967473,6.386458805713915,80923.0,218741.73910956242, 0.0, 0.0,0.0,NaN, 145.93192857385145,145.93192857385145,0.0, 155.89490508750546, -2.5076411733259336, 16.793443355294595, -2.5076411733259336, 193.22495525087976, 33.145089210421624, 16.793443355294595, 33.145089210421624, 140.15381808267094, 5.9250156350563925, 4.294283883036381, 22.0, 0.0
37, 0 ,1.0,1.0,1.0,53.9458625925223,11.761150123363066,168.53170430821788,14.645630662270175,7.617320608025455,26.10494773815859,69.0,30.0,131.0,0.054078932011224025,-0.02730304624732092,0.9981633196917937,26.140400549247477,0.9982866347037089,0.023846909747023592,-0.05343332169593782,14.601279312657613,0.022344218144067615,-0.9993427182709315,-0.02854588156628482,7.580796047363881,131.8462451246836,70.28915156619543,32.79154920992133,28.541839707310853,11.80464964644664,105380.0,303891.11466976843, 0.0, 0.0,0.0,NaN, 142.59170212595623,142.59170212595623,0.0, 214.49449749562834, 2.7832070739588652, 25.47639374718524, 2.7832070739588652, 58.023573245449285, -17.25471628925978, 25.47639374718524, -17.25471628925978, 681.4682964119913, 7.09310940606988, 4.9211127249528115, 16.0, 0.0
38, 0 ,1.0,1.0,1.0,197.08569817537864,223.87365091671586,167.75965392985208,13.219422753075502,18.47481511628034,14.394527763432622,66.0,92.0,70.0,0.14102577416815526,0.9823970198679609,0.12250643401398066,18.591144293513384,-0.5232628708888372,0.17901179721241242,-0.8331570946754008,15.118237848543734,-0.8404211438138887,0.05339355591578021,0.5392971622558607,12.209938544076604,88.83837946113243,80.73854701956216,68.89719958434085,25.33346837005491,9.027166852398052,113503.0,494177.6810734264, 0.0, -2.8421709430404007E-14,0.0,10.766384079024103, 184.04913385710836,184.04913385710836,0.0, 174.75313792453028, 19.785644410571756, 38.04514282639654, 19.785644410571756, 341.31879358074053, 11.800729469775735, 38.04514282639654, 11.800729469775735, 207.20242953223257, 5.374322837886403, 4.144949376977151, 30.0, 0.0
39, 0 ,1.0,1.0,1.0,86.87932412375842,19.266114853293754,218.409921223884,14.95409975206715,11.489011080199976,12.837947151703869,74.0,47.0,62.0,-0.8803585094094537,-0.008972003662432908,0.47422399566096085,15.734204921210353,-0.4120343917034243,0.5097078916730265,-0.7552652019124332,12.070329346953205,0.23493947085144049,0.8603007429477902,0.45242245381891216,11.277291652658192,80.78694954944885,66.59114481444428,59.676055290274604,21.812138329075232,6.683261447745665,87590.0,321039.0035107853, 0.0, 0.0,0.0,NaN, 120.73169052255581,120.73169052255581,0.0, 223.62509939477476, -2.9376888457670662, -44.49844882593416, -2.9376888457670662, 131.9973756009578, -7.640048564990518, -44.49844882593416, -7.640048564990518, 164.8128870699415, 6.003243945737192, 4.3992425749816055, 14.0, 0.0
40, 0 ,1.0,1.0,1.0,233.29945617845974,158.80699727318944,15.928471291460616,13.074983855765458,12.619956415585097,9.763057632180216,68.0,55.0,39.0,0.9051031360463251,-0.36487494371502494,-0.2182993095913619,13.419838240139454,-0.32945885230123473,-0.9263823702593375,0.18240769916054955,12.519821733526905,0.26878463080961545,0.09317714055308605,0.9586828686895837,9.41795107538075,73.81174317092905,62.803873969758115,46.38920803353339,19.70056775624796,6.117469016720991,64911.0,215044.7545594849, 2.8421709430404007E-14, 0.0,1.7763568394002505E-15,31.64730500895551, 156.96541900299326,156.96541900299326,0.0, 170.95520282852735, -9.414281292789411, -22.147396049412446, -9.414281292789411, 159.26329993126745, -4.218993878704368, -22.147396049412446, -4.218993878704368, 95.31729432927236, 5.922815070772691, 4.3340931693196225, 17.0, 0.0
41, 0 ,1.0,1.0,1.0,136.48061572711163,93.23047292646133,52.83667999472736,12.398808209830724,11.547323289918673,11.519179831921635,58.0,55.0,55.0,0.84764494117838,0.523017842426674,0.08916496059578352,12.919088777713855,-0.011103758537589964,0.18550755409517483,-0.9825801005108769,11.521997245702998,0.5304476979316997,-0.8318889853081196,-0.16305200361230665,10.959167341079091,65.8887446132637,55.37519907033606,64.81027291311642,19.665969376120767,5.745630747249519,68277.0,236466.91401955215, 0.0, 0.0,0.0,NaN, 173.52404531997394,173.52404531997394,0.0, 153.73044502416576, 20.721722262521443, 3.675166541778608, 20.721722262521443, 133.3406751618982, -0.12386303436048687, 3.675166541778608, -0.12386303436048687, 132.69150400015016, 5.5854484679621175, 4.098409815380953, 20.0, 0.0
42, 0 ,1.0,1.0,1.0,85.11341784262139,60.00865821573786,93.26046400382684,11.949341141226093,14.754960869609397,11.60563676665567,62.0,68.0,57.0,-0.007091011794161326,0.9995065505733205,0.030600210992039543,14.757890579932605,-0.8205434286690493,0.01167422568926256,-0.5714649544133017,12.267304743006623,-0.5715401991284392,-0.029161066777099207,0.8200557499125569,11.265182142584141,68.5340499445942,67.15692618198648,64.35037235443991,21.319035629890458,6.378491086783042,83620.0,296174.9139385706, 0.0, 7.105427357601002E-15,0.0,1.8000178620656948, 139.7957334968238,139.7957334968238,0.0, 142.78675370939848, -0.870092256853121, 11.038361150295362, -0.870092256853121, 217.70887026370445, 2.622583401832446, 11.038361150295362, 2.622583401832446, 134.69080475954985, 6.035364527523489, 4.335609035181109, 23.0, 0.0
43, 0 ,1.0,1.0,1.0,75.9524774459187,85.23483190877049,43.73719779686776,12.073398959143818,15.888678966113456,12.320506822065852,69.0,77.0,64.0,-0.05487165441171943,-0.9366010388740658,0.3460745519713087,16.38304328689827,-0.8775829138253157,0.21056192567254892,0.43071092953271556,12.216036063384701,-0.4762744281440992,-0.2800752924431022,-0.8334989500046902,11.505491107516644,78.20479261089504,70.53838059251893,60.088774417714916,22.38966812712601,6.9795939154500255,92777.0,331476.08421862434, 0.0, 0.0,0.0,NaN, 122.25668845429881,122.25668845429881,2.3360154559928683E-6, 145.76696242665503, 3.8762556871395892, -8.954134051689687, 3.8762556871395892, 252.45011928821617, -42.56257831575031, -8.954134051689687, -42.56257831575031, 151.7948883525712, 5.686561439146141, 4.106144093843412, 22.0, 0.0
44, 0 ,1.0,1.0,1.0,141.51386673077343,26.482472627139018,61.135880848831874,13.507200540990029,12.902474770928217,13.727605732285756,71.0,62.0,77.0,0.13664849836358417,0.11666212000745957,-0.983726149723765,13.743155070336828,0.9904886128929794,5.771650204589744E-5,0.13759471064742115,13.502829046582898,-0.016108867878274286,0.9931716600991849,0.11554461455000753,12.890491738544252,75.26655246561894,72.93881786819641,64.74467412263449,22.132550104304553,6.893163764960828,91514.0,355438.76689446985, 0.0, 0.0,0.0,NaN, 156.4132083959179,156.4132083959179,0.0, 182.44446645452135, 0.36295257814279586, -0.8501205585720868, 0.36295257814279586, 166.47385521443914, -2.606099035322295, -0.8501205585720868, -2.606099035322295, 188.44715914108477, 5.383182122478194, 4.0211269643410885, 25.0, 0.0
45, 0 ,1.0,1.0,1.0,73.71144803649113,98.82497860015712,133.1709876760357,12.416149888539977,14.553524901961019,12.10070133037199,61.0,63.0,55.0,-0.03332351658310678,0.9990285941184662,-0.028834204969393967,14.558724194363586,-0.7816211952149634,-0.008070278345811418,0.6237011927182389,12.945754063032291,0.6228626256513292,0.04332134278970087,0.7811308538430868,11.52579018486336,63.516178169890736,65.33318472548919,67.27231667696154,21.661705676539086,6.569881657726242,85281.0,279160.8878775209, 0.0, 0.0,0.0,NaN, 181.47800397174504,181.47800397174504,0.0, 154.16077805469126, -2.4145580681199044, -16.863912656607212, -2.4145580681199044, 211.80508707199948, -2.453838931854505, -16.863912656607212, -2.453838931854505, 146.42697268686643, 5.55542276529878, 4.144418958781916, 24.0, 0.0
46, 0 ,1.0,1.0,1.0,67.59622345366604,106.24483487619719,173.79523687498,12.027592606664177,12.664618145064912,10.185076708420747,57.0,56.0,49.0,-0.3561165479141759,0.8849307150125703,-0.3001310279345198,13.090947349008971,0.9342190610796546,0.3441760908199492,-0.09368865685528231,11.866116956098477,-0.020389953828763616,0.31375220817587757,0.9492859430369869,9.829226323484072,74.52931001489779,60.64475103336132,48.56484898754283,19.34401966617596,5.882195796059846,62438.0,219503.96054772355, 0.0, -1.4210854715202004E-14,0.0,27.75700372778004, 178.2830799557568,178.2830799557568,0.0, 144.66298391188278, -9.350499182167846, 4.122533022440253, -9.350499182167846, 160.3925527603074, -21.28064297555673, 4.122533022440253, -21.28064297555673, 103.7357875564148, 6.1493539455586586, 4.305152101251194, 15.0, 0.0
47, 0 ,1.0,1.0,1.0,158.55933084556997,25.258996961539793,216.66053583187957,11.389990453613144,14.13123354731824,13.500258989491158,64.0,56.0,65.0,-0.23703670038814936,-0.9497908565823963,0.20423254251361755,14.374898868853748,0.2308759282660267,0.14912845265971775,0.961486874769811,13.5415760605746,-0.9436683254281656,0.27506005409691164,0.18393492931959562,11.0303507283988,62.13583780785143,69.3770210181967,71.93677885876238,21.657568803073122,6.5291921725244375,86557.0,310105.01778864756, 0.0, 0.0,0.0,NaN, 166.09920561575674,166.09920561575674,0.0, 129.73188253339856, 21.254074437699938, 9.584271846706566, 21.254074437699938, 199.69176156885246, -7.634482390552771, 9.584271846706566, -7.634482390552771, 182.2569927833368, 5.754369916856479, 4.01012584284214, 16.0, 0.0
48, 0 ,1.0,1.0,1.0,106.9259304256267,10.529036569068158,80.44893289596241,14.89687349290001,7.367879270943295,12.03952415662808,75.0,30.0,63.0,0.914611790614352,0.04211742295251126,0.40213355387613137,15.52066532706648,0.3994941549915698,0.059277959168413386,-0.9148172187297305,11.250068077384572,0.06236740011239814,-0.9973526188067425,-0.03739065608615101,7.327860724120167,77.16991344171299,59.218538118332866,31.89150754367921,19.318655579201916,6.924028693243383,49386.0,145740.6642108591, 0.0, 1.7763568394002505E-15,0.0,87.58613541190732, 134.22386528690717,134.22386528690717,0.0, 221.91683986346695, 8.936464094473234, 42.218952669449465, 8.936464094473234, 54.2856449511959, -0.7809757780101232, 42.218952669449465, -0.7809757780101232, 144.95014191803108, 5.740517001945005, 4.083617886352503, 13.0, 0.0
49, 0 ,1.0,1.0,1.0,266.2953737440654,214.06963674505906,108.43660152368334,15.987611882463714,14.317737702154252,9.726780112813033,67.0,76.0,52.0,0.8788890074657429,-0.4695004761142245,-0.08440032869839899,16.69605872363815,-0.45624107069923947,-0.8789901820489627,0.13863745983226575,13.600516193705824,0.13927741368611335,0.08334004313682654,0.9867402085893018,9.564474911701705,78.05040250238177,71.33945762120868,49.8560511242097,22.430519233081142,7.21688332380316,90570.0,277602.1511782427, 0.0, 0.0,1.4210854715202004E-14,85.15845767917058, 142.4026885637502,142.4026885637502,0.0, 255.6037337042949, -39.784287536754874, -19.805840388225402, -39.784287536754874, 204.99761290768933, -3.972249594897573, -19.805840388225402, -3.972249594897573, 94.61025136301511, 5.4506681969725985, 4.06706198841009, 22.0, 0.0
