// Sample: .//bubblelabels.tif, Map: .//bubblelabels.tif, Thickness:(8.191250068658265):/gpfs/home/mader/Foam/NewValid/InSilicoTest/LatticeData_OldFoam/out_Step_03500.vtk/distmap.tif, Neighbors:(1.0):
//LACUNA_NUMBER, TRIANGLES, SCALE_X, SCALE_Y, SCALE_Z, POS_X, POS_Y, POS_Z , STD_X, STD_Y, STD_Z,PROJ_X, PROJ_Y, PROJ_Z, PCA1_X, PCA1_Y, PCA1_Z, PCA1_S, PCA2_X, PCA2_Y, PCA2_Z, PCA2_S, PCA3_X, PCA3_Y, PCA3_Z, PCA3_S,PROJ_PCA1, PROJ_PCA2, PROJ_PCA3,OBJ_RADIUS, OBJ_RADIUS_STD, VOLUME, VOLUME_BOX, Mask_Grad_X,Mask_Grad_Y,Mask_Grad_Z,Mask_Angle, Mask_Distance_Mean,Mask_Distance_COV, Mask_Distance_STD, SHAPET_XX, SHAPET_XY, SHAPET_XZ, SHAPET_YX, SHAPET_YY, SHAPET_YZ, SHAPET_ZX, SHAPET_ZY, SHAPET_ZZ, Thickness, Thickness_STD, Neighbors, Neighbors_STD
1, 0 ,1.0,1.0,1.0,79.21676624912803,138.21063358709168,39.67609717630645,15.39477276835493,15.476637579083564,16.065535154446486,84.0,80.0,80.0,0.08591338768257935,-0.47194523059802534,0.8774318145204671,16.303333168567285,0.9886005390122574,-0.06891372268470845,-0.1338651302259456,15.390263951132562,0.12364410249412254,0.8789303716117176,0.4606446979798108,15.230491201911489,90.09658033388041,82.43711385709253,83.04513923686983,26.091318579561623,7.3396085673346425,164855.0,616801.3329894482, 0.0, 0.0,0.0,NaN, 164.16963171871348,164.16963171871348,0.0, 236.99902858928252, -1.705025575413036, 1.9028216760465575, -1.705025575413036, 239.52631075430156, -13.964197618210628, 1.9028216760465575, -13.964197618210628, 258.1014197987559, 7.067173728874428, 5.521120663070186, 54.0, 0.0
2, 0 ,1.0,1.0,1.0,57.54745077289391,259.19962961563175,12.995716643360167,14.332656473755637,15.837159944965025,8.196878350331806,80.0,73.0,33.0,-0.21828899637339438,-0.9758312863883642,-0.010159457068473222,15.915216284659007,-0.9708789659844945,0.21610461546544216,0.10340613416723374,14.298591236698305,-0.0987114353617394,0.032436024419821144,-0.9945873299256642,8.104669682693512,72.31588870093904,74.45051634825985,36.69935380476775,21.82144507295325,6.874156408995681,79377.0,197587.67873441725, 0.0, 0.0,0.0,NaN, 71.73052324523216,71.73052324523216,0.0, 205.4250415946894, 10.848798708098444, -13.515134947619751, 10.848798708098444, 250.81563512240461, 4.960830896472659, -13.515134947619751, 4.960830896472659, 67.18881469013826, 8.219083105267384, 5.597805547320078, 27.0, 0.0
3, 0 ,1.0,1.0,1.0,76.69949280049018,15.67906865915512,259.52819098841496,14.957902130112707,9.21017125963495,15.098084983623844,69.0,39.0,77.0,-0.6861325283342521,0.13414606706665472,0.7150013889861999,15.635894586000658,0.711167907992146,-0.08325902559320136,0.6980745957985757,14.527685006976597,-0.15317428049030016,-0.9874577293979827,0.03827365214425752,8.999079384698547,74.03607653750358,78.23360307377723,40.425808804346524,22.136497804357514,6.818630793363068,88131.0,234150.6920175631, 0.0, 0.0,0.0,NaN, 88.12838767696344,88.12838767696344,9.5367431640625E-7, 223.73883613403024, -22.75026432958822, -15.636545481871575, -22.75026432958822, 84.82725463180566, 8.122015566785018, -15.636545481871575, 8.122015566785018, 227.9521701727278, 7.154898334167452, 5.3400111142337146, 30.0, 0.0
4, 0 ,1.0,1.0,1.0,153.96671707848677,176.52351933812247,14.237895603051397,15.766267771195537,15.366186765493557,8.873548989279227,78.0,67.0,38.0,-0.7502508314900992,-0.6599524629629822,0.03983009512301863,17.171799221469026,0.6546061604209263,-0.7499293128402634,-0.09537714863583283,13.827686241265091,0.09281414001857197,-0.04548375943150879,0.9946440383577381,8.795406273782389,81.72409709988258,68.28934691915546,40.99025149303478,22.620011299570244,7.195127213439528,89926.0,228761.88866042907, 0.0, 0.0,0.0,NaN, 191.7677727583056,191.7677727583056,0.0, 248.5751994330391, 51.80863035583669, -13.60769942463883, 51.80863035583669, 236.11969571202934, 2.425442595017337, -13.60769942463883, 2.425442595017337, 78.7398716651384, 8.106119327123361, 5.552711891048068, 23.0, 0.0
5, 0 ,1.0,1.0,1.0,281.6170022282349,287.68681362406494,149.10864634728634,10.12863892898289,7.340106604836059,16.68563175980515,42.0,31.0,80.0,-0.08440426008009987,0.005796380045453404,0.9964147343645118,16.723572489248372,0.9735230390819681,-0.21271289357120407,0.08370255244122062,10.182852898168266,-0.2124354331483816,-0.9770975523902073,-0.012310964873850631,7.176937285430677,80.16577063685074,47.29277486525166,33.52427479175168,19.584433958568393,7.1642686486723095,50264.0,127099.30046731587, 0.0, 0.0,0.0,NaN, 150.741293550657,150.741293550657,0.0, 102.58932655370764, -10.917538415627986, -14.937300039160915, -10.917538415627986, 53.87716497035793, 0.38873370203285124, -14.937300039160915, 0.38873370203285124, 278.4103072238184, 7.207296246767386, 5.422851130236526, 16.0, 0.0
6, 0 ,1.0,1.0,1.0,17.03617935990363,163.78109618060603,12.946540945814036,10.307896768499871,14.028912116177052,8.14499283948112,41.0,72.0,35.0,-0.0919972245820899,0.992309376420565,0.08281673826601532,14.090813611308494,0.9939370863202569,0.08648153629394847,0.06789707149381533,10.276795406863986,0.060212781918711586,0.08856096966535332,-0.9942491516443662,8.077157126457971,71.87891212766425,46.2790601759165,38.26314734377788,18.263954324002693,5.985982940120476,48149.0,127281.91960276543, 0.0, -2.8421709430404007E-14,0.0,7.110450772571665, 137.88920946688233,137.88920946688233,0.0, 106.2527357900501, -8.69961306666008, 1.708843915188083, -8.69961306666008, 196.81037516341928, 11.192497073020869, 1.708843915188083, 11.192497073020869, 66.3409083551987, 7.597893520355021, 5.230722569521956, 18.0, 0.0
7, 0 ,1.0,1.0,1.0,171.23692742388292,99.57128108529098,10.963503649635037,13.32328186174934,14.465844552738364,6.889494395993843,63.0,67.0,28.0,-0.26643887810847383,-0.9631063037654816,-0.037902135553166565,14.57132321863603,0.9623281346926502,-0.26360169097799835,-0.06662364214380188,13.238423113960987,0.05417458270501917,-0.05422541987604181,0.9970580316250427,6.830543487733753,74.2325044416155,67.32615065488952,29.976462376976016,19.805747390635887,6.478271491869589,55211.0,149816.0272575799, 0.0, 0.0,0.0,NaN, 163.1397170785949,163.1397170785949,NaN, 177.50983956761894, 9.889660975590196, -6.571998175017216, 9.889660975590196, 209.26065862399022, 8.30595590347685, -6.571998175017216, 8.30595590347685, 47.46513303243057, 6.57575239380038, 4.852536386288025, 25.0, 0.0
8, 0 ,1.0,1.0,1.0,279.10166656078604,205.58972322808802,210.36614573407027,12.4769103808051,12.968487241137879,14.391056470813382,51.0,68.0,71.0,-0.2951780930546598,0.19833459768487308,0.9346300234540906,14.682353413738891,0.3430670058027219,0.9349834481572142,-0.09006098601281631,12.966027191481155,-0.8917258115083185,0.2940566935698373,-0.34402868783955365,12.135406767973585,79.37910100826255,64.23896777627525,61.5609554433706,22.111712878829607,6.483025056605873,94446.0,313913.56389208767, 0.0, 0.0,0.0,NaN, 131.84941612025258,131.84941612025258,0.0, 155.67329265064205, 2.6890548838903148, -19.487895001784675, 2.6890548838903148, 168.18166132355594, 10.905700411340693, -19.487895001784675, 10.905700411340693, 207.1025063461397, 7.283410860812755, 5.100874845456574, 38.0, 0.0
9, 0 ,1.0,1.0,1.0,189.7300237204363,114.07033754478597,234.60834482963963,13.223602501685557,13.122574304170735,13.32087165620801,64.0,69.0,64.0,0.6578294394456581,-0.3018755919334024,0.6900228659932002,14.168850789038261,-0.16745117175728963,-0.9518520202763796,-0.2567836376658089,13.014837468231542,0.7343163716517034,0.05337469897463158,-0.6767057025278018,12.424528730125688,66.95745395931439,66.46104219308663,70.059937924267,22.07212340504483,6.110041699048238,100757.0,311771.0795807081, 0.0, 0.0,0.0,NaN, 171.60296658914802,171.60296658914802,3.3036247397782844E-6, 174.8636631225845, -6.818183134737292, 21.701769564952652, -6.818183134737292, 172.20195636848203, -5.992073402419913, 21.701769564952652, -5.992073402419913, 177.4456216811659, 6.504509018723505, 4.828120327705007, 38.0, 0.0
10, 0 ,1.0,1.0,1.0,121.57228116028523,186.60514699072883,114.0038689894323,12.55450072359125,12.792648909567246,14.21970534211102,63.0,67.0,68.0,-0.13247454900971745,-0.24551966798508362,0.9602971344834714,14.345378317520662,0.10732501424797306,-0.966692909700604,-0.2323492191750422,12.687497065217322,-0.9853587342594289,-0.07228354561775224,-0.15441260910813578,12.518183322905752,72.54508777272534,64.56004459821042,65.6948932160856,21.996717953081074,6.293788513380751,97183.0,307682.9588061483, 0.0, 0.0,-1.4210854715202004E-14,16.199291711247238, 201.5814832271786,201.5814832271786,3.814697265625E-6, 157.6154884186532, 1.1537217925319083, -6.350762764231046, 1.1537217925319083, 163.65186612345207, -10.614289899143927, -6.350762764231046, -10.614289899143927, 202.20002001646068, 6.334998281388647, 4.693943903394418, 35.0, 0.0
11, 0 ,1.0,1.0,1.0,259.6075853013378,141.0702677500999,126.25144151173191,13.632749277774067,13.438797829783297,13.294349287881229,74.0,68.0,65.0,-0.8587750172966806,-0.5103676224414704,0.04505951209819063,13.72407491229675,0.41222508017177373,-0.6360423158672169,0.6523194429906582,13.498565983819832,-0.30426296676470654,0.5787703019244415,0.756603584888302,13.138924885650075,74.752952033984,69.7423986291095,70.10760631308315,22.446237390104567,6.273698271009991,105098.0,365502.51271423104, 0.0, 0.0,0.0,NaN, 193.57632626967546,193.57632626967546,0.0, 185.85185287064934, 4.377656877862754, 1.9678105275729676, 4.377656877862754, 180.60128710978827, -4.336228049669317, 1.9678105275729676, -4.336228049669317, 176.73972298818813, 6.138702777313012, 4.652829370431943, 39.0, 0.0
12, 0 ,1.0,1.0,1.0,23.301668146848282,132.6101308623217,192.38077404581787,12.903974477855625,13.197883741356053,12.727553743581957,61.0,64.0,61.0,0.37877498605745835,0.8406220888328769,-0.3871485679986733,13.316051406358376,-0.7784321180348234,0.5156318694689966,0.3580044871223352,12.94403460276671,-0.5005726196557211,-0.16576573516308624,-0.8496756872459343,12.56272502353156,68.45061656291558,67.73797032792154,66.04703520707542,21.586671674444514,6.058293727695331,93457.0,306240.67344103724, 0.0, 0.0,2.8421709430404007E-14,67.22280907915118, 172.36679593449907,172.36679593449907,0.0, 166.51255732514934, 2.303536178120012, -5.569268890224843, 2.303536178120012, 174.18413525035044, -4.549216397557942, -5.569268890224843, -4.549216397557942, 161.9906242957671, 6.479222523028889, 4.723825172820049, 36.0, 0.0
13, 0 ,1.0,1.0,1.0,47.03505963561667,249.0224662959296,213.65051400442294,13.34740749175669,14.14930395070736,13.359620930713309,64.0,70.0,65.0,-0.02930988024665646,0.8125590778688911,0.5821414569439148,14.850351536376593,-0.8097275928899904,-0.3607720935571926,0.4628009527031485,14.143784630981447,-0.5860735075334051,0.4578113601509008,-0.668525693062184,11.672873511321418,69.02430979411923,67.39904365640187,63.62620915633704,22.714906433688604,6.392854304739491,108073.0,296000.0985545629, 0.0, 0.0,0.0,NaN, 110.75757088874785,110.75757088874785,1.9073486328125E-6, 178.15328675100258, 16.627842987653892, -25.343062537014216, 16.627842987653892, 200.2028022895029, 29.214202918372465, -25.343062537014216, 29.214202918372465, 178.47947141235315, 7.03863666151908, 4.92022329608793, 41.0, 0.0
14, 0 ,1.0,1.0,1.0,260.9419567028378,280.2398870508812,26.036740920254026,14.647292924991982,10.788908028524299,13.90039060976042,74.0,51.0,63.0,0.834436779469153,-0.055405846700530635,0.5483114564009629,15.211949705740627,0.5469364768960898,-0.038864716484922956,-0.8362715013995392,13.296877759785781,-0.06764429990502409,-0.9977072345953718,0.0021266702648277368,10.768203823002413,78.07796942406912,68.94860404899426,53.335277123063406,21.937605323214644,6.55027161767055,92431.0,287123.37073453196, 0.0, 0.0,0.0,NaN, 50.930390610257064,50.930390610257064,6.743495761743046E-7, 214.54319003052015, -6.6310437620714415, 24.988338490735277, -6.6310437620714415, 116.40053644795606, -1.5295047811319018, 24.988338490735277, -1.5295047811319018, 193.22085910391564, 6.559310742703167, 4.794780864071116, 29.0, 0.0
15, 0 ,1.0,1.0,1.0,136.24530138841857,22.786435404673213,250.72003047748052,14.167913981677124,12.258899445396402,12.788621480940588,67.0,55.0,68.0,-0.8954341681013415,-0.2830521954377498,0.34362640360503244,14.415647612730458,-0.44405155416439923,0.5125924394795911,-0.7348926508222431,13.125439301264798,0.031872681732801764,-0.810635828005542,-0.5846825519142228,11.59617129235806,67.59448999055894,66.31592677188445,66.15447959766547,21.811784648255433,6.229389379818513,94496.0,296543.4912867388, 0.0, 0.0,0.0,NaN, 146.66464872290393,146.66464872290393,0.0, 200.72978659220212, 9.982987928797883, -10.22901822794612, 9.982987928797883, 150.2806156123402, -21.374852532741464, -10.22901822794612, -21.374852532741464, 163.54883938277504, 6.879837577673709, 4.747555455727471, 29.0, 0.0
16, 0 ,1.0,1.0,1.0,236.98958759116235,243.12260396273908,9.598111137405073,13.592896624254184,13.094147953408243,6.642925735167805,64.0,63.0,28.0,-0.8557099494568648,0.5040348139410527,-0.11708709893040177,13.920062012992956,-0.5081024206803008,-0.8612773909030568,0.00576073068642624,12.827296210806326,0.09794086225548715,-0.06442175296148735,-0.9931049417085893,6.484162016870404,64.5034672186262,58.874576212895306,31.252688862317477,18.941415136158284,6.447852683340744,46483.0,118685.65803569769, 0.0, 0.0,0.0,NaN, 85.42525381476607,85.42525381476607,NaN, 184.76683863766078, -11.833630782910628, 14.843049841673366, -11.833630782910628, 171.45671062574527, -9.561896507800125, 14.843049841673366, -9.561896507800125, 44.128462322954725, 6.043457832876885, 4.5377930062115075, 15.0, 0.0
17, 0 ,1.0,1.0,1.0,144.41065460030165,151.82430165912518,58.65732730015083,12.271999885938772,11.703339898664797,13.430615590854508,61.0,59.0,67.0,0.3599465372871935,0.1179100740247021,0.9254921419106964,13.595661186886403,-0.7413491331896147,-0.5661057470375919,0.36045214091473676,12.513488123319805,-0.5664273589913945,0.8158562971593094,0.11635527221202488,11.248208435674965,69.71498194578551,65.54146044222205,60.20046363937762,20.81464490888483,5.890852098855415,82875.0,275069.2667032012, 0.0, 0.0,0.0,NaN, 215.06082113414004,215.06082113414004,0.0, 150.60198120048122, 15.092989944313846, 11.393896591180122, 15.092989944313846, 136.96816478367936, 0.22921680624427054, 11.393896591180122, 0.22921680624427054, 180.3814351493042, 5.7326889049323615, 4.4962749844149865, 31.0, 0.0
18, 0 ,1.0,1.0,1.0,33.011829668117414,11.817991832352321,73.50213777632916,13.39790425521594,7.417509357527878,12.749141852429897,66.0,31.0,60.0,-0.9293155679504357,-0.04136225188121591,-0.36696285818087143,13.535101823511127,0.362759578649974,0.08375441807367712,-0.9281113540684831,12.641528494171453,0.06912353624238882,-0.9956276219412831,-0.06282973153605349,7.35232462780063,68.08179109451278,67.16090056098884,32.88770361427346,18.96485057247471,6.115418566054758,52157.0,150376.86739923139, 0.0, 0.0,0.0,NaN, 81.43715421524021,81.43715421524021,1.3486991523486091E-6, 179.50383843193336, 8.177067297571568, 8.436090668405072, 8.177067297571568, 55.01944506901364, -6.26025664990908, 8.436090668405072, -6.26025664990908, 162.54061797337963, 6.517157709966292, 4.662428085538602, 28.0, 0.0
19, 0 ,1.0,1.0,1.0,219.13332885867428,29.83750275670959,269.23166907978634,12.36269113866081,13.805837055808919,14.292391184997836,58.0,64.0,63.0,-0.1787850672624765,-0.5477318865865742,0.8173283796248996,14.750451562481317,0.0016293839195985205,-0.8308763835225418,-0.5564546526111043,13.395354227404217,-0.9838868048876326,0.09815404077680197,-0.1494407556431364,12.27592679237415,69.5099567497299,66.85216054136953,56.42347602435771,22.511873137088664,6.397287131757366,104291.0,262193.7309564353, 0.0, 3.552713678800501E-15,0.0,56.78845036676881, 91.52259425874985,91.52259425874985,0.0, 152.83613218992255, 6.510154511587335, -9.798595838129991, 6.510154511587335, 190.6011368115467, -16.653008448522424, -9.798595838129991, -16.653008448522424, 204.27244578500387, 6.273720290390505, 4.643080780346837, 38.0, 0.0
20, 0 ,1.0,1.0,1.0,161.60110456271335,256.57147057695505,281.49153040743533,14.948699542523517,12.674860834849932,10.074385920252634,72.0,65.0,43.0,-0.9572059355923123,0.28914008347337444,0.01244222632234038,15.16048554121081,0.2859788626380758,0.9515890101501787,-0.11266963160335472,12.449232404541146,-0.04441719251684871,-0.10428982639938186,-0.9935546009749581,10.039186100381885,75.56904928253408,62.25875382478188,45.256714558239764,21.078998995109096,6.4253224222500505,78221.0,212925.3672189631, 0.0, 0.0,0.0,NaN, 146.2287758027406,146.2287758027406,0.0, 223.46361801264283, -20.968959423400662, -3.283341663072665, -20.968959423400662, 160.65209718281272, -5.346580850957749, -3.283341663072665, -5.346580850957749, 101.49325167018453, 6.6727933287277645, 4.881034012860554, 32.0, 0.0
21, 0 ,1.0,1.0,1.0,41.07982559630675,85.56087201846627,39.61066940241088,12.507885946240668,12.645375846483434,14.432169228204383,58.0,60.0,72.0,-0.06821994541261266,-0.0411885783726705,0.9968197129168036,14.443184733776265,-0.339911851909939,-0.9384088901087692,-0.062037794093477344,12.66411484247632,-0.9379797289808859,0.3430630495644603,-0.05001771730573854,12.476171679529918,71.75686211867713,62.6074809748831,60.33199318601052,22.026113133511608,6.28415388130288,97475.0,271042.46762091486, 0.0, 0.0,0.0,NaN, 102.84561255634794,102.84561255634794,0.0, 156.44721084416483, 1.655930800967561, -3.5011707475779414, 1.655930800967561, 159.90553029882665, -1.8989577522359071, -3.5011707475779414, -1.8989577522359071, 208.2875086315295, 5.967071372313388, 4.451815403319714, 35.0, 0.0
22, 0 ,1.0,1.0,1.0,190.63866859397586,281.77403601984605,59.8743732989543,14.08118372482774,10.28169799735633,12.763919759648843,66.0,44.0,68.0,0.978074683936332,0.15257411862503703,-0.14174290447369015,14.187932222354563,-0.14450172335534112,0.007090518470955168,-0.9894791440425359,12.735034639856739,-0.14996387761784857,0.9882665950408351,0.02898227969316427,10.170160687396782,68.71762944029166,66.66403179064534,48.2265892048251,20.700067344582404,6.198218160224451,76791.0,220925.72705279518, 0.0, 0.0,7.105427357601002E-15,81.85128681291269, 126.0040759175934,126.0040759175934,0.0, 198.27973509235363, 14.544128575519075, -5.167555625970772, 14.544128575519075, 105.71331370884118, -2.528641045389532, -5.167555625970772, -2.528641045389532, 162.91764763075417, 6.149235555138277, 4.686293570307108, 35.0, 0.0
23, 0 ,1.0,1.0,1.0,32.57176990755214,288.54981912375507,207.83962306283775,13.007391693054464,6.745897367464935,12.462937930790519,63.0,27.0,66.0,0.7996392794317342,-0.014437473802832172,0.6003070732051132,13.667046964826554,0.5995794888966147,0.07394657320410755,-0.7968916744488197,11.758768179705644,0.032885548260155543,-0.9971576924747468,-0.06778699767703893,6.705772884076598,64.30580449693969,65.75751028958351,29.53204915680584,18.27318542423073,6.009566229550241,44782.0,124878.91595736636, 0.0, 0.0,0.0,NaN, 98.41525244701185,98.41525244701185,0.0, 169.1922386565423, 2.4993944293745596, 23.498781909607406, 2.4993944293745596, 45.507131292370346, -6.727149279915687, 23.498781909607406, -6.727149279915687, 155.32482186673707, 5.867424652064918, 4.501994930725469, 21.0, 0.0
24, 0 ,1.0,1.0,1.0,281.0988583401035,105.47231367853936,168.7099243169282,10.812859099323468,12.131177559621408,12.62010887934053,45.0,63.0,62.0,0.1634161994595532,-0.5293628610723191,0.8325083225238793,12.865796468560053,0.2987470563751968,-0.7776792653849857,-0.5531411723036204,12.051168255125003,-0.9402368542347989,-0.33910163890432143,-0.031060206551995956,10.610898356291473,65.59712611149504,59.98630008808078,52.345914857477396,19.78072855639777,5.663330891746452,70161.0,205977.45274247514, 0.0, 0.0,0.0,NaN, 169.46606173986103,169.46606173986103,0.0, 116.91792190182231, -12.162554234893255, 1.8082547987882802, -12.162554234893255, 147.165468983062, -9.289113211247999, 1.8082547987882802, -9.289113211247999, 159.26714812640967, 6.223236154667459, 4.639140101143424, 24.0, 0.0
25, 0 ,1.0,1.0,1.0,277.24121275341287,207.08413079958274,11.239897501020454,12.612072959053693,11.810016145359153,7.15910157560159,49.0,61.0,28.0,-0.8874522240584992,0.4597773465544454,-0.032145631258021376,12.888811443737485,-0.4608947107135362,-0.884956398469442,0.06654501066406394,11.528326202807381,0.00214840636493527,0.07387126913318992,0.9972654711493542,7.125295472986705,60.390659074249456,60.53824429024712,30.398533434506472,17.824488864287215,5.664026639665832,44098.0,111135.35026332394, 0.0, 0.0,0.0,NaN, 96.32059199380947,96.32059199380947,0.0, 159.06438432449337, -13.56746109381738, 0.7716950945994271, -13.56746109381738, 139.4764813536439, -6.541612311868634, 0.7716950945994271, -6.541612311868634, 51.25273536978117, 6.582885335620106, 4.711346602158713, 15.0, 0.0
26, 0 ,1.0,1.0,1.0,91.3851655378203,265.55345048074645,40.10035286316487,11.607324954696345,12.665346400233695,13.543494243271091,61.0,61.0,67.0,-0.2965995299518988,-0.3858550720323303,0.8735814685644602,13.975597353546346,0.0537039842566188,-0.9200345888566569,-0.3881394561009327,12.427592303367875,-0.9534907450559116,0.06820717480066263,-0.29360378130813347,11.349222727225253,70.2741399375216,62.76197309192389,57.84697053544822,21.029772671825732,6.0262666494804495,84452.0,255136.59029167125, 0.0, 0.0,0.0,NaN, 105.57391512067525,105.57391512067525,0.0, 134.72999260391651, 6.345111575359766, -17.76809640900175, 6.345111575359766, 160.4109994379126, -13.263587515089256, -17.76809640900175, -13.263587515089256, 183.4262363175172, 5.933207749603361, 4.3532327540511835, 36.0, 0.0
27, 0 ,1.0,1.0,1.0,52.91989317548585,188.79720683954358,48.33127160479554,14.001844674001575,11.122104693747408,13.011551846096873,73.0,55.0,68.0,-0.939016821855151,0.021626763529147018,0.3431904593258759,14.14146236132919,0.3360927436624394,0.26879419456049847,0.9026579355592164,12.99746219265434,-0.07272603337529883,0.9629548089447533,-0.2596708686003645,10.960764908109388,70.28725555922533,67.06359748169322,58.13416124949205,21.242533532714827,6.148830591964545,86497.0,274027.9385223181, 0.0, 0.0,7.105427357601002E-15,69.92862624648873, 132.29696941097558,132.29696941097558,0.0, 196.05165427486625, 2.7867538318230354, -10.926732939297102, 2.7867538318230354, 123.70121281867812, 12.431851222813851, -10.926732939297102, 12.431851222813851, 169.30048144366697, 6.026350272237997, 4.330371159688749, 32.0, 0.0
28, 0 ,1.0,1.0,1.0,68.67554357551897,62.32583214030065,161.3594309234073,13.57007072804296,12.763140211361138,12.018064263657719,65.0,61.0,58.0,-0.93821213817966,0.24961007836873553,-0.23969312161408715,13.786196757849304,-0.13348772371761053,-0.9000658498932176,-0.4148041627957607,12.844243568492374,-0.3192788928022692,-0.3571782113074013,0.8777725867092241,11.680951261411316,68.27351890767926,63.227020990645784,65.66077351255993,21.33810694030614,6.013620246435222,89408.0,283439.91049671546, 0.0, -7.105427357601002E-15,0.0,75.54556016016441, 166.79942155551802,166.79942155551802,0.0, 184.14681956408842, -9.128041511296875, 13.636752098885417, -9.128041511296875, 162.89774805486365, 7.443943029027636, 13.636752098885417, 7.443943029027636, 144.43386864540673, 6.240699235618224, 4.38736695681771, 37.0, 0.0
29, 0 ,1.0,1.0,1.0,124.0994969256568,168.72877731061803,273.7274649427662,13.141938278131091,11.510200039750389,12.989132708516872,67.0,56.0,61.0,0.7640442520637813,-0.07158425480166367,0.6411802206500037,13.588963421829613,-0.6184911924436773,0.20153535504009124,0.7595078311238552,12.575386744534,0.1835892855204116,0.9768619120087316,-0.1097076984935421,11.450438267870592,74.53537013784916,65.99514544387495,59.700823175159314,20.897706471396997,6.099072012695905,82294.0,293666.71297578426, 0.0, 0.0,0.0,NaN, 182.54606306874985,182.54606306874985,0.0, 172.71054170620718, -6.2976550978119885, 13.536047792653692, -6.2976550978119885, 132.48470495506987, 1.6793450011245166, 13.536047792653692, 1.6793450011245166, 168.71756851946282, 5.686348753211712, 4.230656796779042, 30.0, 0.0
30, 0 ,1.0,1.0,1.0,276.06904767157135,208.58520659151574,287.1570889678145,13.165280462884326,12.054329850203342,7.338120674463843,55.0,60.0,35.0,-0.9327888807885204,0.35737754697447033,0.046756740645706195,13.369979669602595,-0.3522525038432832,-0.9314050604001254,0.09166671695428907,11.869723815883999,0.07630909128955388,0.06903551534934843,0.9946914195905245,7.268616994033355,61.59050020252798,64.54922155310427,38.05542248736543,18.33031240531132,6.039796350918284,45331.0,151293.85472440437, 0.0, 0.0,0.0,NaN, 95.36401468605446,95.36401468605446,1.9073486328125E-6, 173.32460966640375, -13.086821306202152, -8.335414803760322, -13.086821306202152, 145.30686813750333, -5.414093140195184, -8.335414803760322, -5.414093140195184, 53.848015032993686, 5.772121356476944, 4.429341518334395, 21.0, 0.0
31, 0 ,1.0,1.0,1.0,13.045557526475703,249.97311157554577,81.19582360069548,8.29124379800505,11.83951490732914,13.735665795534945,33.0,57.0,60.0,-0.060391874879126756,0.03518560463935638,0.9975544068745055,13.752612877665936,-0.11261244150480956,0.9927579546981595,-0.04183397425362374,11.878016833426601,-0.9918020263474507,-0.11486346943084177,-0.055992177341128185,8.20766147860316,59.1329789782333,57.656744964151954,36.267201503833284,19.049543773264805,5.89086019490553,56939.0,123649.94400375173, 0.0, 0.0,0.0,NaN, 96.25818358355114,96.25818358355114,0.0, 68.74472371795721, -8.500592764659793, -6.988548559339035, -8.500592764659793, 140.17411324086893, 1.2122939625329499, -6.988548559339035, 1.2122939625329499, 188.66851484662865, 7.809139369097338, 4.961602569301451, 25.0, 0.0
32, 0 ,1.0,1.0,1.0,59.898485287997076,44.168901108602704,35.3337663484216,11.780572904967675,12.052327021916001,13.87177721025189,62.0,60.0,68.0,-0.3263868786726204,-0.46716230040479484,0.8217244005813896,14.740058278771457,-0.6638174089320028,-0.5055972620167914,-0.5511060299433549,11.934790007563219,-0.6729175677816314,0.7253487393810127,0.14509015559034127,10.805468846705313,74.87760350218419,59.71616330976784,54.42762567471506,20.936623439832307,6.174502937238208,79289.0,243367.85955483277, 0.0, -7.105427357601002E-15,0.0,62.14974758335236, 82.38443669348464,82.38443669348464,NaN, 138.78189796925855, 23.944689490636758, -17.56210211582417, 23.944689490636758, 145.25858664320663, -31.428379711412354, -17.56210211582417, -31.428379711412354, 192.4262029708637, 6.382772927127789, 4.348962933955888, 29.0, 0.0
33, 0 ,1.0,1.0,1.0,135.43867305647245,142.75818636319693,174.91296421616696,12.332084812462986,11.417769014409483,11.858350880082588,59.0,52.0,55.0,-0.8732942272120268,0.4415654410055213,0.20585712042032464,12.61035017959339,-0.2991797389176435,-0.1525731746227193,-0.9419198003050555,11.880578090472637,-0.384510957632314,-0.884161403644801,0.2653487059805194,11.085900201046174,66.15901421658515,54.37483270048688,59.07477268617524,19.810224427316772,5.533647876646186,72407.0,212514.72061400686, 0.0, 0.0,0.0,NaN, 233.1743992255437,233.1743992255437,NaN, 152.08031582178023, -13.096817620592283, -1.3509257723439116, -13.096817620592283, 130.3654492664093, 5.906502002028429, -1.3509257723439116, 5.906502002028429, 140.6204855951555, 5.6104542825445165, 4.105918735472725, 31.0, 0.0
34, 0 ,1.0,1.0,1.0,239.4495204509631,94.87479629184367,185.04102214741792,12.902234055958695,11.315468446130575,11.859094446426358,67.0,56.0,59.0,0.87266664308936,-0.3447427062352433,0.3458401314722575,13.31706140058428,0.40362395874296486,0.11061078658070059,-0.9082141563643771,11.688721500416031,-0.27484655713289463,-0.9321575619977557,-0.23567275965328544,11.007963309266515,72.95147977431623,58.952002023439775,57.006560055375985,20.072903070214128,5.676632206967357,74862.0,245164.4520551899, 0.0, 1.4210854715202004E-14,0.0,69.83390960518742, 160.88242332196398,160.88242332196398,0.0, 166.46764363474037, -16.208338607212262, 11.287976846665723, -16.208338607212262, 128.0398261553767, -8.248958075021415, 11.287976846665723, -8.248958075021415, 140.6381210892605, 5.914836859368902, 4.296495871479332, 33.0, 0.0
35, 0 ,1.0,1.0,1.0,272.9014676076286,65.82626797880394,238.9129691582623,13.125808199973036,12.674882462688679,11.563285666153323,58.0,70.0,57.0,0.9376384962552866,0.2724133397052465,0.2159282813592493,13.243160206416631,-0.27986339296107926,0.9600310760471086,0.0041005248619618,12.633156830668643,0.20618082263013143,0.0642752314228813,-0.9764006160409248,11.474803614068191,65.63491397133953,68.8813556810641,59.149698385842896,20.771470303647668,5.932544409194199,81902.0,267417.07908095454, 0.0, 0.0,0.0,NaN, 93.80326940409445,93.80326940409445,0.0, 172.28684090247938, 3.6617174499883087, 8.81763157318745, 3.6617174499883087, 160.65264544297304, 2.6810412218616184, 8.81763157318745, 2.6810412218616184, 133.70957539706689, 5.686974342821375, 4.2674327705311175, 35.0, 0.0
36, 0 ,1.0,1.0,1.0,131.47452261306532,276.09836683417086,59.025201005025124,12.810805510873129,12.075805261333977,12.18966190555272,62.0,53.0,69.0,0.8279734055339023,0.09988369493545288,-0.5518000427823779,13.142378935562123,-0.42383049068293294,0.7557911798374812,-0.49914667949144215,12.653790510570035,-0.36718899070649835,-0.647149858970787,-0.6681087524782426,11.211116338146827,63.800320284288205,66.19486760509326,61.299809266442196,20.58822643107703,5.886815806651341,79600.0,258884.64962734145, 0.0, 0.0,0.0,NaN, 146.08494966289615,146.08494966289615,0.0, 164.11673783741733, -7.1389637193505475, -14.204596637711171, -7.1389637193505475, 145.82507270966136, -15.580732711926336, -14.204596637711171, -15.580732711926336, 148.58785737168316, 6.250401965328422, 4.295505056606373, 24.0, 0.0
37, 0 ,1.0,1.0,1.0,36.072721250975846,176.18272574578316,209.0248515530742,12.055858392467135,13.041786074432435,12.819489847341734,66.0,63.0,67.0,0.20187651425584424,0.789408648060447,0.5797239509967543,13.41260363453916,-0.19064425342811833,-0.5489165308920938,0.8138460608421132,12.50977920641559,-0.9606771786748896,0.27481744573583083,-0.03968286648527776,11.974085079289232,60.762345076380086,58.833523549337244,70.55705067007742,21.05461284926118,6.039412496619561,84542.0,252231.77994906937, 0.0, -2.8421709430404007E-14,0.0,37.86971696725515, 157.82406742044998,157.82406742044998,0.0, 145.34372157922027, 7.192361218269303, 2.2389488378759137, 7.192361218269303, 170.08818401125978, 10.853328442763486, 2.2389488378759137, 10.853328442763486, 164.3393199460978, 5.608636599595187, 4.221753705672343, 41.0, 0.0
38, 0 ,1.0,1.0,1.0,200.496799221193,175.4336244026196,193.52618148563337,12.535979433699344,10.702609400630726,11.733643760211343,64.0,53.0,56.0,0.918747666728532,0.2838481390836168,0.2744685024181198,12.78199352969431,-0.28387099327489174,-0.008320743314668186,0.9588263786566457,11.650365697587302,-0.27444486524255474,0.9588331445926654,-0.07293158967509751,10.500697346151947,64.56716638657508,56.49073170433769,51.36704639389637,19.464776134500745,5.522455456570107,67796.0,187358.5522108582, 0.0, -2.8421709430404007E-14,0.0,73.50999137651395, 191.7142220173702,191.7142220173702,0.0, 157.15078036213293, 13.911662878272258, 6.462279210903014, 13.911662878272258, 114.54584798246918, 3.9348533347890298, 6.462279210903014, 3.9348533347890298, 137.6783958915466, 5.927814722895935, 4.199081645388764, 34.0, 0.0
39, 0 ,1.0,1.0,1.0,163.53806680811172,9.9433068535057,223.3249370898505,13.210683116018577,6.557543337825249,11.545915611426828,59.0,27.0,57.0,0.9514894680558229,-0.024118785958745587,0.30673453725122607,13.389166041439797,0.30768130828302714,0.07436375110716673,-0.9485790663168339,11.363074585864336,-6.864468131991242E-5,-0.9969394749357395,-0.07817722560157882,6.514787716905579,62.01668996991293,58.47928484905975,28.558195180040954,17.771997373713106,5.915048577504718,40534.0,103571.76880233416, 0.0, 0.0,0.0,NaN, 156.84321417876433,156.84321417876433,0.0, 174.5221483918583, -1.1568195212650825, 14.636135640952192, -1.1568195212650825, 43.0013746274563, -7.126444332351129, 14.636135640952192, -7.126444332351129, 133.30816730618974, 6.607811902496448, 4.33926581407548, 18.0, 0.0
40, 0 ,1.0,1.0,1.0,104.03244148631374,229.4382098411719,156.84647595539295,12.074491205689553,10.925739786706613,12.015272422435675,59.0,52.0,59.0,-0.8257151775119455,0.5423726078360029,0.15500451572644408,12.847282786700903,-0.1747364162887895,0.0153377590864332,-0.984495778542883,12.006680189243804,-0.5363409647313613,-0.8399980401259157,0.08210762531977844,10.015930060668381,58.6715619016267,59.66719537337758,54.05435599824659,19.474678976320998,5.50170681858809,68061.0,189231.73524429923, 0.0, 0.0,0.0,NaN, 190.5115391739085,190.5115391739085,0.0, 145.79333787627436, -29.108234779525528, -0.7433187715356677, -29.108234779525528, 119.37178988682386, 4.7801803474884945, -0.7433187715356677, 4.7801803474884945, 144.36677138534327, 5.935672242031031, 4.145011652335641, 23.0, 0.0
41, 0 ,1.0,1.0,1.0,51.94703475889282,21.57671328265537,165.01616085417513,12.128080823198268,10.869787736799209,12.143302121329794,59.0,49.0,58.0,-0.790083781960775,0.34365482316164253,-0.507611051889435,12.286750383785128,0.5434289203877909,0.009500632275971458,-0.8394014215335337,12.16484144292837,-0.2836417211355173,-0.939047975613652,-0.19425826501640664,10.665590184418354,61.040671657811984,62.47742058720638,52.177517754591264,19.549915369361496,5.522972511049554,68932.0,198987.50625636234, 0.0, 0.0,0.0,NaN, 146.23503618103788,146.23503618103788,0.0, 147.09034445402958, -9.926237738713864, -0.6904920315877517, -9.926237738713864, 118.15228544307045, -6.763889900146177, -0.6904920315877517, -6.763889900146177, 147.45978640989267, 5.735888891062581, 4.121174175464848, 27.0, 0.0
42, 0 ,1.0,1.0,1.0,187.52734222027289,66.71539341155093,61.116339541659485,11.67440643460087,11.238465463919834,11.339135550040728,56.0,57.0,56.0,0.20629720483718483,0.6754983517248876,0.7079148537029898,11.999198205660885,0.9758378352747874,-0.0888058375686448,-0.1996347726723697,11.665555669413944,0.0719859883767797,-0.7319941939870098,0.6774972453425372,10.540631857305112,56.94209731156781,59.85944596240478,51.968173540079974,19.038509267979517,5.357800991008958,63839.0,177134.68344295004, 0.0, 0.0,0.0,NaN, 144.3476685820212,144.3476685820212,0.0, 136.2917656002502, 2.416567941229331, -0.06521986042964958, 2.416567941229331, 126.30310598371885, 16.163940117050462, -0.06521986042964958, 16.163940117050462, 128.57599502219745, 5.377909576761298, 4.022059878676289, 31.0, 0.0
43, 0 ,1.0,1.0,1.0,92.14681776650438,158.63820589398463,106.56069222272225,11.28372103165759,11.55642815424192,13.203732739964506,57.0,56.0,61.0,-0.049653160210116565,0.1556845474904807,0.9865581003437317,13.232026471593949,0.665929909553348,-0.7310089249669298,0.14887346029754103,12.483643126367063,-0.7443600736494522,-0.6643705843062121,0.06737809336278167,10.211957697786604,61.280488431930536,58.083938532232665,52.63760442170155,20.065161844093783,5.709748719790379,73329.0,187358.92732036096, 0.0, 0.0,0.0,NaN, 199.5729790937405,199.5729790937405,0.0, 127.32236032027184, -25.645432566305743, 1.643041464225243, -25.645432566305743, 133.5510316841553, 5.263813288996453, 1.643041464225243, 5.263813288996453, 174.3385582684106, 6.201905760866892, 4.29665534459876, 28.0, 0.0
44, 0 ,1.0,1.0,1.0,84.43842063281042,207.93556235043872,190.34965434724808,13.596241173735633,12.43090698330122,10.188492565796219,65.0,60.0,52.0,-0.9543170439428392,0.2855487122375773,-0.08798245609019288,13.709070234911115,-0.2973560748595466,-0.9364845831311246,0.18594620270886944,12.407118430649604,-0.029297514985491574,0.2036137483010064,0.9786128433239005,10.065555562772724,63.15198775709882,58.88184119860128,53.5127697357712,20.243297385258195,5.779231282541058,75220.0,198987.51865551836, 0.0, 0.0,0.0,NaN, 166.21945090891546,166.21945090891546,0.0, 184.8577740543841, -8.951781111310328, 4.363614715985797, -8.951781111310328, 154.52744842748706, -11.339487176002589, 4.363614715985797, -11.339487176002589, 103.8053807632848, 5.721733114803227, 4.1189627706867915, 21.0, 0.0
45, 0 ,1.0,1.0,1.0,26.22426995196656,11.730148521816027,264.0562332938079,12.228594549742212,7.583257363053612,13.215816665728779,50.0,33.0,64.0,0.36470115269767944,0.14611221866272037,0.9195891956620851,13.464444986297424,-0.924642891005586,-0.05949779442547241,0.37615892462008216,12.080406013004097,-0.10967494396541175,0.9874772058209549,-0.11340271006559885,7.380693653742238,66.97622821687781,56.59226939787618,35.27113517266401,18.620833355796062,5.913264087974334,49757.0,133689.47987691392, 0.0, 0.0,0.0,NaN, 46.01372712448581,46.01372712448581,9.5367431640625E-7, 149.53852466198495, 11.789401946360318, 10.719667437232838, 11.789401946360318, 57.50579223430682, 14.992524558071528, 10.719667437232838, 14.992524558071528, 174.65781014215455, 6.057471613108011, 4.2488750871207825, 25.0, 0.0
46, 0 ,1.0,1.0,1.0,287.72485050336843,78.74339565513587,284.67848762394976,7.601381655440033,10.388444169160529,8.496143720354889,31.0,50.0,36.0,-0.06399813696240897,-0.9755265884213261,0.2103618638165906,10.474603879053987,0.3420428840125407,-0.21946803995707212,-0.9136960353059348,8.520665672859275,-0.9375024821096336,-0.013477934576560675,-0.34771747341458914,7.454271494426284,49.828138740149264,42.56715121926638,36.057895504517774,14.717922020689569,4.611724713949887,26422.0,76480.30779402691, 0.0, 0.0,0.0,NaN, 81.1538686444176,81.1538686444176,0.0, 57.78100307166025, 2.1019410496116127, -6.053038943830367, 2.1019410496116127, 107.9197722557654, -7.696459537870811, -6.053038943830367, -7.696459537870811, 72.18445811692581, 6.787757552022668, 4.492334020006556, 12.0, 0.0
47, 0 ,1.0,1.0,1.0,121.56942236059376,236.87478734641687,78.33895591260355,11.77994254348576,12.55184078853914,14.204613642575206,61.0,62.0,66.0,0.1389643982859823,0.32957820861476184,0.9338453300281043,14.479600114056964,0.12596227594437578,-0.9412180500816305,0.31343593801516473,12.299825942742913,-0.9822537355734151,-0.07407284662288713,0.1723102212442851,11.710775574603256,67.49508396954434,58.92129718613131,59.92087641651419,21.460579766857453,6.126199336762135,89935.0,238299.20765724662, 0.0, 0.0,0.0,NaN, 157.8002184381421,157.8002184381421,0.0, 138.76704632782574, 1.644412800385251, 9.968963459828316, 1.644412800385251, 157.54870718083487, 18.146305470971605, 9.968963459828316, 18.146305470971605, 201.77104873483367, 6.0210913135568385, 4.2206247226665585, 38.0, 0.0
48, 0 ,1.0,1.0,1.0,23.897100150201076,188.17625611705992,121.82915838945685,12.410532024192708,12.607607611057292,12.221424858303028,53.0,61.0,59.0,-0.5106526889159217,-0.6225065377572893,0.5930593914207675,13.430981969113265,0.7278651666718012,-0.6801534961550552,-0.08719816978518785,12.231869686692633,0.4576528492741736,0.3871392929134003,0.8004230365461396,11.503320723955055,63.753892019758425,62.78731826137775,58.55566058813665,20.714479645523436,5.765989366995102,82556.0,234394.5564227444, 3.552713678800501E-15, 0.0,0.0,59.292685192708525, 167.08669882869037,167.08669882869037,1.9073486328125E-6, 154.02130512351278, 6.718388678162967, -15.653838600241828, 6.718388678162967, 158.95176967438974, -16.71918556767498, -15.653838600241828, -16.71918556767498, 149.36322556714717, 5.9945920662865735, 4.304211087442325, 25.0, 0.0
49, 0 ,1.0,1.0,1.0,217.6878955565128,137.83790052685643,208.8277610258789,11.630605860625812,12.196305157067943,10.15966296240873,61.0,58.0,58.0,0.06340317510385109,-0.9902901150261633,-0.12371550213380318,12.224105275581593,0.981461977021574,0.08433851740880625,-0.17210288243428104,11.67734776996654,0.18086576527262932,-0.11051019212160092,0.9772794239057696,10.07225907877875,56.30793291194372,59.95778784301757,55.9892844394347,18.910022796291216,5.445240263112055,60358.0,189025.37254880718, 0.0, 0.0,0.0,NaN, 184.62650546203096,184.62650546203096,0.0, 135.27099268522346, -0.12276135516550057, -6.273081245145486, -0.12276135516550057, 148.7498594843221, 5.371314720123252, -6.273081245145486, 5.371314720123252, 103.21875150973973, 5.767993332538004, 4.092937535152466, 30.0, 0.0
