// Sample: .//bubblelabels.tif, Map: .//bubblelabels.tif, Thickness:(8.191250068658265):/gpfs/home/mader/Foam/NewValid/InSilicoTest/LatticeDataPhi_16.0/out_Step_02000.vtk/distmap.tif, Neighbors:(1.0):
//LACUNA_NUMBER, TRIANGLES, SCALE_X, SCALE_Y, SCALE_Z, POS_X, POS_Y, POS_Z , STD_X, STD_Y, STD_Z,PROJ_X, PROJ_Y, PROJ_Z, PCA1_X, PCA1_Y, PCA1_Z, PCA1_S, PCA2_X, PCA2_Y, PCA2_Z, PCA2_S, PCA3_X, PCA3_Y, PCA3_Z, PCA3_S,PROJ_PCA1, PROJ_PCA2, PROJ_PCA3,OBJ_RADIUS, OBJ_RADIUS_STD, VOLUME, VOLUME_BOX, Mask_Grad_X,Mask_Grad_Y,Mask_Grad_Z,Mask_Angle, Mask_Distance_Mean,Mask_Distance_COV, Mask_Distance_STD, SHAPET_XX, SHAPET_XY, SHAPET_XZ, SHAPET_YX, SHAPET_YY, SHAPET_YZ, SHAPET_ZX, SHAPET_ZY, SHAPET_ZZ, Thickness, Thickness_STD, Neighbors, Neighbors_STD
1, 0 ,1.0,1.0,1.0,169.87292965790547,65.12754822542107,165.63216970685937,13.01946910966646,13.287002237543975,13.373320969564983,59.0,65.0,64.0,-0.3203167322548582,-0.6906509436077151,0.6483814194834259,14.822670661535835,-0.8786097908085782,-0.039302722320883575,-0.47592029953919207,12.96543680530119,0.35417795884678704,-0.722119498498649,-0.594223361502376,11.708227919734492,76.01817806509706,62.80797701039123,67.83606868775516,21.822258997981297,6.97751605788686,85795.0,323886.5647435581, 0.0, 0.0,0.0,NaN, 79.56372077970067,79.56372077970067,0.0, 169.50657589755915, 19.350935727647833, -4.1900586963792, 19.350935727647833, 176.54442846049858, -36.421456181620776, -4.1900586963792, -36.421456181620776, 178.8457137550065, 5.921581838749125, 4.068329959396451, 36.0, 0.0
2, 0 ,1.0,1.0,1.0,169.93141728395062,40.09858765432099,11.997333333333334,14.736417227648094,11.20484811209653,8.22465866603787,65.0,60.0,31.0,0.9406123286354868,0.33132786107535617,0.073961447350331,15.193811138152673,0.336175163825714,-0.9394114056360584,-0.06702589191975677,10.628553232973761,0.04727268181181077,0.08790938195729742,-0.9950061477791005,8.157057273753766,73.47888827644965,64.09566418739547,34.792014357121545,19.125107681107725,6.677265928610772,50625.0,163859.1897367392, 0.0, 0.0,0.0,NaN, 51.53593314896197,51.53593314896197,0.0, 217.16199270732352, 36.546277458484916, 10.385041804115854, 36.546277458484916, 125.54862121515316, 6.949971542386769, 10.385041804115854, 6.949971542386769, 67.64501017283185, 6.161887388464845, 4.075349201825444, 15.0, 0.0
3, 0 ,1.0,1.0,1.0,9.195139770061907,30.306878917214597,134.92586611296957,6.053353057109048,10.457037291771954,10.521041597403515,23.0,49.0,54.0,0.04547505168547284,-0.6951721137461676,0.7174034791830108,11.500402534485158,-0.009478130121392864,-0.7184143478438041,-0.6955508535409637,9.380056984751397,-0.9989205097121618,-0.024830567489413525,0.039258861350632175,6.036580236975216,62.400908071124476,44.577526409077024,24.436476079910435,15.176221376517738,5.134913161947876,26007.0,67974.41102444238, 0.0, 0.0,0.0,NaN, 72.37195870114918,72.37195870114918,9.5367431640625E-7, 36.64308323401145, -2.6781409045589144, 3.4658064935086084, -2.6781409045589144, 109.34962892150934, -22.02992799813947, 3.4658064935086084, -22.02992799813947, 110.6923162942951, 6.307548260007638, 4.116705094091662, 11.0, 0.0
4, 0 ,1.0,1.0,1.0,59.11455763130067,74.17668899071789,142.431418164728,9.842658948633769,9.912229640759785,10.604956680249519,50.0,56.0,56.0,-0.5992111144035905,0.36175098932313327,0.7142004355213886,11.521318478178678,0.19715338247333714,-0.7979420412522414,0.5695779512775474,9.976739017541822,-0.7759359407544733,-0.48210447055170547,-0.4068153086101,8.678665618658393,55.13382972413524,53.876976047074706,48.41644327335845,16.832691034893337,4.925022877515864,42555.0,143818.33455712057, 0.0, 0.0,0.0,NaN, 110.9542866593917,110.9542866593917,0.0, 96.8779351791204, -16.256594027252973, -21.854615522337, -16.256594027252973, 98.25229645115685, 3.829612661717958, -21.854615522337, 3.829612661717958, 112.4651061899689, 5.952051337079595, 3.8625144554474886, 21.0, 0.0
5, 0 ,1.0,1.0,1.0,28.783633569817244,106.98437244581031,174.13510641775918,12.437517143929787,12.164225001892381,10.108747911782476,59.0,58.0,51.0,-0.7998743848201799,0.6001664306295824,0.001106369687665896,12.781304346156945,0.599112699971234,0.79857654959536,-0.057788123083802885,11.807764559302184,-0.03556601245174206,-0.045560399270825815,-0.9983282570259971,10.102571072215953,66.80488357584248,57.34524159522273,51.87385212735299,19.254270024663143,5.841238975040882,61174.0,198725.72858936552, 0.0, 1.4210854715202004E-14,0.0,53.11818170819492, 100.74421695959468,100.74421695959468,0.0, 154.69183270554737, -11.55237267968835, -1.3477577312998341, -11.55237267968835, 147.9683698966637, -1.6834576497306823, -1.3477577312998341, -1.6834576497306823, 102.18678434396658, 5.97728919871786, 3.7406243404567157, 23.0, 0.0
6, 0 ,1.0,1.0,1.0,136.39680031601816,16.264880685184853,180.12998042842008,14.142103952132421,10.066284617950753,9.617473197468158,75.0,41.0,39.0,0.9777552107594795,0.20698498338149154,0.03394060234069468,14.308747790424675,0.2089568141201297,-0.9471716139043798,-0.24331663249054422,9.849417182479828,-0.018215314036573144,0.24499622541650853,-0.9693529036765772,9.595504090042278,75.55560552201176,50.278311608828076,42.83462980502111,18.863187314175857,6.164831324281317,55693.0,162720.5462982059, 0.0, 0.0,-2.8421709430404007E-14,88.05497317615118, 68.59104191888862,68.59104191888862,0.0, 199.99910419291945, 21.82434779484138, 3.487881107362572, 21.82434779484138, 101.33008600959194, 1.929372250012488, 3.487881107362572, 1.929372250012488, 92.49579070401839, 6.081292508634391, 3.9414197121460206, 14.0, 0.0
7, 0 ,1.0,1.0,1.0,185.1791191455246,155.33656606408564,91.21372229549745,8.345169271926537,10.8114199284851,10.28698775266894,32.0,56.0,50.0,0.1906705899439843,0.8179603402951735,0.5427574115888393,11.427930838623418,-0.20295900471350226,-0.508106684485068,0.8370395687106412,9.781423624148765,-0.960443839345184,0.26975633242946373,-0.06913141527617626,8.128770922058061,55.371336294451964,47.20041935975141,38.21147942311947,16.391596408105908,4.864805778700563,38667.0,99867.62326548826, 0.0, 0.0,0.0,NaN, 102.6373420118159,102.6373420118159,0.0, 69.64185017710689, 13.115135475732334, 1.6486347371501366, 13.115135475732334, 116.88680087004475, 16.055463781684537, 1.6486347371501366, 16.055463781684537, 105.82211702356079, 6.1509438341928915, 4.074557032329947, 19.0, 0.0
8, 0 ,1.0,1.0,1.0,79.33606245239909,146.63371776738114,44.833451202263085,9.626679942610483,8.891834880650556,10.422240085214682,45.0,40.0,48.0,-0.5849052334569731,-0.08647088086923495,0.806479171855258,11.258252882916278,0.10356015294272793,-0.9941248148517036,-0.031482490666159976,8.872534194312129,0.8044632761022239,0.06510483282955803,0.5904237445641161,8.653939082934311,54.609875330653956,40.65229435110885,42.06593443728346,16.08867451879168,4.638462556111608,36764.0,93387.0780632186, 0.0, 0.0,0.0,NaN, 105.60402090587368,105.60402090587368,0.0, 92.67296671745898, 2.228386926993977, -24.474439386463597, 2.228386926993977, 79.0647275447539, -3.4964842266979703, -24.474439386463597, -3.4964842266979703, 108.62308839385572, 5.9898928284666155, 3.942533409976353, 14.0, 0.0
9, 0 ,1.0,1.0,1.0,153.07623409256706,10.673543000729513,87.29841128313204,9.55091050803303,6.800028694323033,9.577217818754269,48.0,26.0,46.0,-0.6997035156154827,-0.05260597822459347,0.7124939307042324,9.800311931282979,0.7083588411556084,0.07868944455253937,0.7014525810578333,9.34304287484851,0.0929663508588851,-0.9955102120877749,0.017795371222211184,6.770880209561504,49.364402863615865,50.28107453236868,27.61587283038744,14.423512195400617,4.598443092293338,24674.0,68545.22593825175, 0.0, 0.0,0.0,NaN, 99.68338346827349,99.68338346827349,1.3486991523486091E-6, 91.21989153245578, 4.158144833250697, -4.43257321972809, 4.158144833250697, 46.24039024361661, 0.4061645005118306, -4.43257321972809, 0.4061645005118306, 91.72310114786428, 6.346624419473603, 4.05289169500439, 15.0, 0.0
10, 0 ,1.0,1.0,1.0,99.05484317343173,90.87622232472324,12.878321033210332,11.20423819279707,11.402040146088162,8.329495148686869,60.0,55.0,33.0,0.5666965933139788,0.8187825737889045,0.09192425134831607,11.574696337861345,0.8183192339573998,-0.5723201371085813,0.052946123516169646,11.057570156874377,-0.09596146341998651,-0.045218995119666955,0.9943574005450265,8.287249804249726,58.451831586696386,60.11839744727681,36.077515183939866,17.226892243634683,5.306236522445952,43360.0,126777.48665875872, 0.0, 0.0,0.0,NaN, 135.04147841593007,135.04147841593007,0.0, 125.53495348093251, 5.198001460143155, 5.723370677652767, 5.198001460143155, 130.00651949300615, 3.290566166633779, 5.723370677652767, 3.290566166633779, 69.38048943199807, 6.137365274598678, 3.845678505384041, 13.0, 0.0
11, 0 ,1.0,1.0,1.0,154.75988808830292,9.795301241759926,39.90115744289437,10.18242448117996,6.226115496679727,9.733345121042328,46.0,24.0,48.0,0.9594995082960431,-0.012317687230459996,-0.2814408786245232,10.224271812127741,-0.2814034106327255,0.004711805754536985,-0.9595779902492558,9.689955962251156,0.013145876308588923,0.9999130329522782,0.0010547361069060902,6.225215586597002,52.99713917851325,49.7415468989624,24.362344076148737,14.705490473733576,4.575242033509299,26092.0,64223.02926027712, 0.0, 0.0,0.0,NaN, 61.11233932261426,61.11233932261426,0.0, 103.68176831493295, -0.8505839997077271, -2.8741471953191255, -0.8505839997077271, 38.764514177995444, -0.021267748639485395, -2.8741471953191255, -0.021267748639485395, 94.7380072453185, 5.8632895973527175, 3.875342635093315, 14.0, 0.0
12, 0 ,1.0,1.0,1.0,188.66460730558344,59.00297320256391,92.96702448065487,6.933420054759495,9.438320262427236,9.716174166009012,28.0,46.0,55.0,-0.1442901947956592,0.46936184599188985,-0.8711370714261424,9.843788224741282,0.07924055901974751,-0.872041753407701,-0.48297423753225144,9.37483995846355,0.9863575789195665,0.1387178353374468,-0.08863457941020746,6.838892643969977,53.93421309572978,45.57758750423473,29.829921168852877,14.54223317583219,4.481260728392133,25898.0,73327.65319937539, 0.0, 0.0,0.0,NaN, 110.69195822220233,110.69195822220233,1.3486991523486091E-6, 48.07231365574115, -6.236241206368421, 4.727530104215245, -6.236241206368421, 89.08188937614455, -3.179491114565199, 4.727530104215245, -3.179491114565199, 94.40404042422091, 6.1649030356556676, 3.94409916808496, 11.0, 0.0
13, 0 ,1.0,1.0,1.0,71.76218460865975,187.4252895893538,26.038514776949416,11.160120562541444,7.354482749245011,12.802835585627069,55.0,29.0,55.0,-0.40712065023326005,0.04821752452121885,0.9121007874586521,13.180244261097181,0.9086450874860821,-0.08010845656016163,0.40981305515437083,10.743355753982843,-0.09282715734664224,-0.9956192573050175,0.01119880986298935,7.308267569895081,60.956384140740845,52.371624246604114,31.089611428301936,17.59940221811682,5.728031780372185,41179.0,99250.00438087486, 0.0, -2.8421709430404007E-14,0.0,87.2362677262172, 77.36884859882812,77.36884859882812,0.0, 124.54829097046034, -6.875328178232982, -21.584055581469503, -6.875328178232982, 54.08841650894246, 3.2553362323340647, -21.584055581469503, 3.2553362323340647, 163.91259903259882, 5.596009798518207, 3.7139763853295196, 12.0, 0.0
14, 0 ,1.0,1.0,1.0,185.45358854180304,149.11246105103297,34.08132806158519,8.48401838012953,11.652737197649158,9.130005774771233,36.0,59.0,47.0,-0.19983741325988352,0.9797962219683278,-0.008023196257754384,11.771169527083137,0.02292451083919511,-0.0035107946636291354,-0.9997310343905574,9.130178320527131,-0.9795608582749631,-0.19996759171781275,-0.021759760986649102,8.318730030434565,61.25669675091143,47.12820778500379,40.576276830333,16.334245192390686,4.9309523942226505,38191.0,117140.39745419536, 0.0, 0.0,0.0,NaN, 62.94979451146123,62.94979451146123,NaN, 71.97856787437571, -13.581659626274467, -0.21329229427981436, -13.581659626274467, 135.78628419747633, -0.4955435580243534, -0.21329229427981436, -0.4955435580243534, 83.35700544735604, 5.948594815683572, 3.9126494173430117, 17.0, 0.0
15, 0 ,1.0,1.0,1.0,152.59126073280626,109.97424126498342,10.135892204369634,10.231448841946776,9.637487709633549,5.775896971848303,52.0,50.0,24.0,0.8853130793218442,0.46238796225731854,0.049174423648870334,10.457641281502305,0.4621086975285173,-0.8866488641793402,0.017588158459127833,9.402276857413671,-0.05173299962471949,-0.007152902139043985,0.998635335215422,5.758439833156218,46.322848150910005,42.388048323935934,24.511787111905832,14.523516194186668,4.47126133717413,23526.0,48129.754993376715, 0.0, 0.0,0.0,NaN, 102.2495090721651,102.2495090721651,0.0, 104.68254540537401, 8.559479044634886, 3.7664600627908933, 8.559479044634886, 92.88116935333771, 0.8711787246385894, 3.7664600627908933, 0.8711787246385894, 33.36098582940639, 6.069457160663181, 3.9383060577015114, 16.0, 0.0
16, 0 ,1.0,1.0,1.0,11.384823390231537,46.766731451749195,14.400540814601994,7.035332461661712,9.255356063772412,8.76438163112093,27.0,45.0,38.0,-0.18359511564604475,-0.852703029520751,0.489070932439302,9.540936050018248,0.052484137918227126,-0.5053214050843999,-0.8613336710186759,8.542048638242985,-0.9815998414720206,0.132468188670566,-0.13752792520954946,6.926460022305988,48.25947700860654,40.78480588170356,29.97533647017571,13.947462628401068,4.176145390022952,23668.0,58999.057975980824, 0.0, 0.0,-1.7763568394002505E-15,60.720465063936274, 50.24059066193199,50.24059066193199,0.0, 49.49590284611104, 6.077345358182669, -4.995568942850912, 6.077345358182669, 85.66161586720875, -7.077514541261748, -4.995568942850912, -7.077514541261748, 76.81438537592999, 7.280689696294191, 4.141886358004696, 11.0, 0.0
17, 0 ,1.0,1.0,1.0,62.08633014707896,12.052888170688286,104.80531894497548,10.584738928450951,7.337564514307963,11.986211079156048,50.0,28.0,57.0,0.34570236081234273,0.14543083208975588,0.9270057986908466,12.339540380890398,-0.9296473703843596,0.18727464251138573,0.31730738253258084,10.375303473459129,-0.12745840288587446,-0.9714824143286966,0.19994067666152465,7.0451847556456455,60.80756289555801,51.21164072340679,35.23660465210929,16.722150739525013,5.46950471832588,36511.0,109728.72716469628, 0.0, 0.0,0.0,NaN, 114.28915874025431,114.28915874025431,0.0, 112.03669818346498, -4.940119512311666, 15.776824373077664, -4.940119512311666, 53.839853001631454, 17.283337326210102, 15.776824373077664, 17.283337326210102, 143.6692560340832, 5.5958100378705975, 3.6938997113828016, 18.0, 0.0
18, 0 ,1.0,1.0,1.0,191.7321515958893,134.86085585340655,118.63199391006471,4.835281331859336,9.80798448904315,9.750549019209119,19.0,47.0,46.0,0.03407721554324242,0.7148122713195098,0.6984856191446335,10.894929971373035,0.018641597410365446,-0.6992245609585881,0.7146590125355301,8.526329164768045,-0.9992453323517748,0.011332701501069955,0.03715286866284209,4.822024819973632,49.17444322242579,45.91323128720667,20.184599458258305,13.912699858293232,4.592003280117686,18391.0,45571.93252890331, 0.0, 0.0,0.0,NaN, 104.55724667585592,104.55724667585592,0.0, 23.37994555822739, 1.6804728363808845, 2.930629220867753, 1.6804728363808845, 96.19655973731102, 22.946945376317327, 2.930629220867753, 22.946945376317327, 95.07320617599993, 6.137484028189199, 3.843666005759082, 7.0, 0.0
19, 0 ,1.0,1.0,1.0,11.539442908781629,153.4577397405911,188.0552838613651,7.293334980316621,10.173054497052885,6.098771086007822,29.0,56.0,23.0,0.07365150792405867,0.9968968410229868,0.027787474496638098,10.18897439544653,0.9958495232648018,-0.0750109485814832,0.05154691655349732,7.277515378008097,-0.05347132309733358,-0.02387563509720919,0.9982839133507686,6.091087947685007,56.590525651024464,30.89532431184389,24.763385680639374,13.22443632308164,4.358103444320991,18812.0,43295.873705105674, 0.0, 0.0,0.0,NaN, 49.416768169642054,49.416768169642054,0.0, 53.19273513511005, 3.7135263189709065, 0.950721846420747, 3.7135263189709065, 103.49103780000793, 1.7867292509985833, 0.950721846420747, 1.7867292509985833, 37.19500875952504, 6.142434171774642, 4.071437680704557, 8.0, 0.0
20, 0 ,1.0,1.0,1.0,120.43773497151273,9.958141157319483,146.8039610867796,11.115173430651959,6.477069990317321,9.650772748435541,52.0,26.0,48.0,-0.8377623496123865,-0.17154893428919568,0.5183871224443904,12.1116858215204,-0.5105334861173136,-0.09064400506429982,-0.8550667949925354,8.571090092699695,-0.19367448237916443,0.9809967520283364,0.011643340801428152,6.2032581663585,58.3649034300514,40.04460866352525,28.64931863534692,15.200992685263774,5.250404944138693,25801.0,66959.17942227065, 0.0, 0.0,0.0,NaN, 96.22441035324253,96.22441035324253,0.0, 123.54708039347122, 17.170914064153873, -31.723535386771157, 17.170914064153873, 41.952435659469224, -6.911775591111883, -31.723535386771157, -6.911775591111883, 93.1374146419461, 5.612497816539394, 3.7151186829693836, 10.0, 0.0
21, 0 ,1.0,1.0,1.0,57.79885300491569,150.0249484645066,21.391749035361276,8.484789358790307,10.255345629313645,11.108808519627111,40.0,48.0,46.0,-0.42086816241672,0.15884809763551833,0.8931054090876116,11.836576366681776,0.17425173444327327,0.9803700612588184,-0.09225440927615142,10.24499775915234,0.890228242029809,-0.11679822286729154,0.44028610269636953,7.450159192670822,53.11139711883595,45.05311112196915,39.35123626958401,16.572864092940673,5.090144096425995,37838.0,94160.9633474568, 0.0, 0.0,0.0,NaN, 79.34620414015376,79.34620414015376,0.0, 71.99165046304122, 2.7926392188635605, -32.594307259682985, 2.7926392188635605, 105.17211397668248, 7.529102725054751, -32.594307259682985, 7.529102725054751, 123.40562672573988, 5.557104955028168, 3.6572351574993376, 13.0, 0.0
22, 0 ,1.0,1.0,1.0,139.70896135927651,36.377829542340365,35.601288024116194,8.77581876847701,8.984627814871716,10.931190824589887,40.0,44.0,55.0,0.2386056731834325,0.4210987916661375,0.8750675061856662,11.553464571116729,-0.8199595227324795,-0.395442702186944,0.41387371306645365,8.714476435341068,-0.5203207797167108,0.8162725506498474,-0.2509290920769983,8.23436832637172,56.662373669396615,42.08280586771576,41.56492603772912,15.964956984520281,4.727537768747539,36490.0,99112.05124675279, 0.0, 0.0,0.0,NaN, 78.90378654769911,78.90378654769911,0.0, 77.01499505715334, 9.237559598236663, 10.951786210362021, 9.237559598236663, 80.7235369717665, 22.869801096506237, 10.951786210362021, 22.869801096506237, 119.49093284359813, 5.485697721954763, 3.5316265872045784, 16.0, 0.0
23, 0 ,1.0,1.0,1.0,71.02098294766084,63.81390194166149,46.741614209297516,9.063796673906676,9.225440956372484,9.493752342522882,42.0,39.0,49.0,0.4897225804279332,0.5964811318362278,0.6359104131734117,9.925199876127001,-0.4414224807162511,-0.4593460774357756,0.7708095579730944,9.190642764823291,-0.7518763114617439,0.6581879978454018,-0.03834803456428751,8.62641278370825,53.71714232714184,47.98955125037272,44.521203922093065,15.429817597457781,4.39468240442433,33837.0,114769.49996114454, 0.0, 0.0,0.0,NaN, 106.3060327486767,106.3060327486767,0.0, 82.15241014592173, 9.076665473340439, 4.082999494972926, 9.076665473340439, 85.10876083951486, 5.579866556608049, 4.082999494972926, 5.579866556608049, 90.1313335411587, 5.669131380270449, 3.6110115946559636, 23.0, 0.0
24, 0 ,1.0,1.0,1.0,8.464584736791455,19.195265133288423,55.164757963622364,5.3352862432836075,10.368946067035802,9.6224860078386,21.0,42.0,45.0,0.008294659450558975,0.9442192901757678,0.3292128956838838,10.467192428932783,-0.057536178125795576,0.32912945130748605,-0.9425303138301224,9.526682178925086,-0.9983089636136078,-0.011123683832327601,0.057056785983110196,5.315333303506146,45.406632344163484,44.35498034230003,21.82824420887161,14.365043009521102,4.71360776311925,20782.0,43962.30834093218, 0.0, 0.0,0.0,NaN, 59.019131809004094,59.019131809004094,NaN, 28.46527929777131, -0.5468330700558017, 3.6116476691957553, -0.5468330700558017, 107.51504254109724, 5.885016465384485, 3.6116476691957553, 5.885016465384485, 92.59223697104962, 5.512512006749662, 3.7781186578661803, 12.0, 0.0
25, 0 ,1.0,1.0,1.0,92.11666166316421,126.72641849294506,77.1370159111378,8.993557607432425,8.150483225892529,10.260326105231904,44.0,39.0,46.0,-0.08636204549212828,-0.10461247220931988,0.9907561898654331,10.289046089113416,0.9880775083701421,0.11823047684331936,0.09861233086411227,8.996919472973811,-0.1274536564852785,0.9874602700887043,0.09315460506532675,8.110469629583053,45.73414848617083,44.834800051500395,39.52083723614717,15.315321283474391,4.246137188483819,33310.0,81036.74177988007, 0.0, 0.0,0.0,NaN, 140.72887524069827,140.72887524069827,0.0, 80.88407843820566, 2.133717734506615, -1.952189847813905, 2.133717734506615, 66.43037681555549, -3.977795677027916, -1.952189847813905, -3.977795677027916, 105.27429178570331, 5.775817783722216, 3.6258000806662722, 19.0, 0.0
26, 0 ,1.0,1.0,1.0,66.30354024448324,191.26607397999683,73.0881886013653,11.933316940037434,5.453261701600623,9.95129838837833,67.0,21.0,46.0,-0.9903133069366817,0.00443542611564807,0.13877997369687872,11.96955301595423,-0.13880546982629954,-0.05717106735944641,-0.9886680487419841,9.919151380980882,0.0035490351412695094,-0.9983545442637872,0.05723293018369552,5.4323744782107735,66.78063776419526,46.278314363168406,22.06351820845353,15.503786569037258,5.5500502712862305,25196.0,68187.20037986246, 0.0, 0.0,0.0,NaN, 99.06727121357207,99.06727121357207,NaN, 142.40405319138438, 0.04691483572727058, -6.182190285094534, 0.04691483572727058, 29.738063186144128, 3.9632792354519233, -6.182190285094534, 3.9632792354519233, 99.02833961454114, 5.340125133342725, 3.634559884436856, 17.0, 0.0
27, 0 ,1.0,1.0,1.0,101.0925724727147,18.92695935601758,101.69104647143068,9.92964030444359,9.941601849057307,10.821047807143902,45.0,41.0,53.0,-0.518837611059561,0.41769970614889124,0.7458783338005852,12.602410409915558,0.5708642777009753,0.818744723778296,-0.061408905951381966,9.547805187588729,-0.6363344323505927,0.39393404621628136,-0.6632453975993479,8.034111494447277,63.49372791903897,48.40427042832011,43.796007096615085,16.910858831316233,5.343326036523489,40498.0,134601.22819945586, 0.0, 0.0,0.0,NaN, 140.7322257139847,140.7322257139847,0.0, 98.59775657563058, -7.991855662642877, -37.415964571618154, -7.991855662642877, 98.83544732517967, 28.03321436768451, -37.415964571618154, 28.03321436768451, 117.09507564449386, 5.337732579178078, 3.3905214020174577, 17.0, 0.0
28, 0 ,1.0,1.0,1.0,126.08823863313845,74.61775557699949,166.26854742578192,8.916798736825047,8.987547489720136,9.900760634488325,42.0,43.0,47.0,-0.2544161731546495,-0.38550998979756856,0.8869354309100645,10.214495913388795,0.7964010144151248,-0.6038122462622639,-0.034002874911977336,8.901879677714755,0.5486509227877995,0.6977053955861293,0.4606401479399063,8.644708333616913,48.615915389260536,40.58013861784059,42.654339001953076,15.501832719966341,4.2430593981981675,35234.0,84150.21113198271, 0.0, 0.0,0.0,NaN, 110.31123609346172,110.31123609346172,0.0, 79.50929971304475, 0.7337060200689245, -6.802574613917149, 0.7337060200689245, 80.77600987997471, -10.0299484381441, -6.802574613917149, -10.0299484381441, 98.02506114143365, 5.531098046647458, 3.610228779879718, 16.0, 0.0
29, 0 ,1.0,1.0,1.0,45.02893668938811,55.595602471951835,170.98631408641222,9.213743555939296,11.848164094553928,8.268263837318079,43.0,53.0,40.0,-0.32522152065634014,0.9425070824913823,0.07688538193675763,12.18097666754892,0.945571396200566,0.32315805341916987,0.03825711956806289,8.796912311149768,0.011211475785546874,0.08514265654721054,-0.9963056914656235,8.238591555852377,54.188366761408396,43.76607978241945,40.750613303550466,16.375661911685913,5.047172135339469,37703.0,96644.65912386616, 0.0, 7.105427357601002E-15,0.0,19.523057262753177, 77.20278572621937,77.20278572621937,0.0, 84.89307031461288, -21.76934998002551, -1.6688610632648737, -21.76934998002551, 140.3789924114769, 5.951153247103086, -1.6688610632648737, 5.951153247103086, 68.36418688350189, 5.418866444561389, 3.5034745188287566, 22.0, 0.0
30, 0 ,1.0,1.0,1.0,188.97436363636365,177.8339090909091,186.28422727272726,6.438109339532089,11.568250248413339,7.89579786648271,26.0,49.0,30.0,-0.02037083577981724,0.9997777068723411,-0.005437452594270302,11.57006085833559,-0.27029217004267114,-2.7107626124972355E-4,0.9627783074681748,8.008224389918603,-0.9625628145026459,-0.02108229965501436,-0.27023760800081215,6.294388253131683,49.51744883821749,35.9095902638484,30.67582514711495,14.536570085690927,5.128880947129562,22000.0,54546.25832377478, 0.0, 0.0,0.0,NaN, 28.30234380611298,28.30234380611298,3.371747880871523E-7, 41.449251867770315, -1.9176670578512478, -6.368440719008241, -1.9176670578512478, 133.82441380991526, -0.5187469793388525, -6.368440719008241, -0.5187469793388525, 62.34362394835292, 5.850966198200529, 3.7329620225927993, 8.0, 0.0
31, 0 ,1.0,1.0,1.0,87.74271701235006,75.8489038586539,97.36592211782781,10.472170682053054,8.563262903674248,9.325150452879159,48.0,42.0,46.0,0.8647959300969983,0.2257098425118411,0.44853435351258003,10.967614159298533,-0.4777654234342603,0.09503451796041844,0.8733319188983723,8.884540082554782,-0.1544933638003592,0.9695480944178639,-0.19002182283184982,8.41015151436401,50.01182550649648,47.804679175047205,42.783022206363746,15.769179757047064,4.613808742270608,33846.0,102285.61840040276, 0.0, 0.0,0.0,NaN, 151.4330327079385,151.4330327079385,0.0, 109.66635879405153, 9.300840713855653, 15.799782834073266, 9.300840713855653, 73.32947155744351, 5.69811279650687, 15.799782834073266, 5.69811279650687, 86.95843096883239, 5.886364955828628, 3.590563094540761, 21.0, 0.0
32, 0 ,1.0,1.0,1.0,143.17997120460726,71.43554631258999,115.88987362022077,9.184614746382948,9.593017090633921,8.279625467880074,42.0,42.0,40.0,-0.4703411543905022,-0.8593368931132644,0.20079666984552144,9.955623381654872,0.8227284331188922,-0.34468646892945537,0.4520057117721815,9.095960795888114,-0.3192132889219097,0.3777980178235256,0.8691211272913995,7.942567790793552,46.45193947271122,44.82054429966736,40.69865486967567,15.058646873015746,4.262918857174224,31255.0,84734.64872238015, 0.0, 0.0,0.0,NaN, 124.12117590850437,124.12117590850437,0.0, 84.35714803947509, 8.989667316963084, 3.9054058834189096, 8.989667316963084, 92.02597690119451, -9.278862568935141, 3.9054058834189096, -9.278862568935141, 68.55219788836833, 5.613115832741175, 3.579646056702972, 18.0, 0.0
33, 0 ,1.0,1.0,1.0,146.3886041865717,106.19380989605952,84.03949158921799,9.442489371770497,9.064196823108812,9.586539424411647,43.0,49.0,45.0,-0.8179392078002734,-0.5407979471398329,0.19624737631979622,9.807655876129871,-0.06265746657171167,-0.2553498408600276,-0.9648163040991656,9.606698720172432,0.5718824129363272,-0.8014574468692031,0.17497561725001257,8.645416915054247,48.134091348662565,43.083212020653605,41.750300304786265,15.60063661166092,4.4544522705665495,34539.0,86580.5729935163, 0.0, 0.0,0.0,NaN, 136.88104035787768,136.88104035787768,0.0, 89.1606055359988, 9.767528983904857, -2.3819466721817775, 9.767528983904857, 82.15966404805587, 2.046429928538083, -2.3819466721817775, 2.046429928538083, 91.90173813579881, 5.345493084163111, 3.4335647065934274, 21.0, 0.0
34, 0 ,1.0,1.0,1.0,8.94510692423881,98.5929326655537,112.87188965736544,6.013767734420555,9.698856649767635,10.851988073038143,24.0,50.0,59.0,0.01927569595027845,-0.024132815018708828,0.9995229135867296,10.853920582359967,-0.04106826945733369,0.9988458167556882,0.02490846429312951,9.703312643904765,-0.9989703923487481,-0.04152880432826194,0.01826235531503778,6.003082503191368,58.87532064154222,49.56526526663313,25.191386948763633,14.941247735859015,4.975739533913087,25158.0,73512.77195310307, 0.0, 0.0,0.0,NaN, 131.8783110346761,131.8783110346761,0.0, 36.16540236355773, -2.422058986758507, 1.5159821773123647, -2.422058986758507, 94.06782031274187, -0.5264718188616753, 1.5159821773123647, -0.5264718188616753, 117.7656451373621, 5.558254965012759, 3.5256721893604337, 15.0, 0.0
35, 0 ,1.0,1.0,1.0,116.77436022869722,38.12810713302963,158.0587947534167,9.193427955547651,8.431301123270167,9.711939254221491,45.0,39.0,47.0,-0.5947926016930565,-0.17113723521909596,0.7854513401177494,10.189192045665202,0.598662563740642,0.5577817471499273,0.5748762104330432,9.015821790787365,0.5364931460388724,-0.8121524298233298,0.22931100057645473,8.051275872562488,50.31147145323524,43.446536299453186,41.58922483860041,15.21182950785619,4.304412074455329,32707.0,90908.18851874869, 0.0, 0.0,0.0,NaN, 100.69421217938232,100.69421217938232,0.0, 84.51911757384507, 9.466549382143292, -12.552942633680358, 9.466549382143292, 71.08683863125677, 0.03670926661518607, -12.552942633680358, 0.03670926661518607, 94.32176407768829, 5.288147398887685, 3.4060158650453474, 13.0, 0.0
36, 0 ,1.0,1.0,1.0,180.85727029438002,160.27639012786202,7.991773218356626,10.28913682129342,9.343049539525852,5.3589031448386555,44.0,49.0,20.0,-0.9920311369345415,0.12163827491420061,-0.0328382921032475,10.308449663466217,-0.1193802640132401,-0.9908048822747262,-0.06367132655045171,9.339015611653332,-0.040281210464556905,-0.05924369448694546,0.9974305032166639,5.328734097529214,46.01276532759047,46.54383412434865,21.80637077520661,14.10459107449593,4.789286456492566,20178.0,46700.75299000093, 0.0, 0.0,0.0,NaN, 44.81381172172131,44.81381172172131,NaN, 105.86633652729607, -2.438744991166495, 2.9838094394324144, -2.438744991166495, 87.29257469803423, 3.399785943167086, 2.9838094394324144, 3.399785943167086, 28.71784291576163, 5.833798660367317, 3.5982190868284047, 12.0, 0.0
37, 0 ,1.0,1.0,1.0,55.55565817195301,82.43424052642212,71.8947444370689,10.388870226551397,8.706326533469293,9.198029365307123,52.0,42.0,46.0,0.8744804074951217,-0.14438989974029337,0.46307188832853424,10.933790502520141,-0.22724521594974956,0.7214679729660806,0.6540975277526794,9.051439328662605,0.4285366130625457,0.6772263438741907,-0.5980976930466111,8.176561736029997,53.489593191071705,40.695781854099835,43.15968242905627,15.712689842185762,4.630752467998814,34649.0,93950.03192850662, 0.0, 0.0,0.0,NaN, 122.68125139465424,122.68125139465424,0.0, 107.92862458412607, -9.124287363421868, 19.096957642445915, -9.124287363421868, 75.80012170739143, 3.589704614847796, 19.096957642445915, 3.589704614847796, 84.60374420505215, 5.205031935928835, 3.3399851942804784, 23.0, 0.0
38, 0 ,1.0,1.0,1.0,154.43263904915761,179.46367989845373,136.8193226402031,9.285986118901429,11.06514378153596,8.690871926207462,45.0,48.0,43.0,0.046751654154952096,0.9684406750980338,0.24482022312186694,11.213004807148582,0.9987931167976396,-0.04162726815691531,-0.02606684452420952,9.281494957328546,-0.015052995430571148,0.24574342180709008,-0.9692180239590625,8.504150427654876,52.58353407805808,46.00233079885848,39.59705153802378,16.07495437081356,5.078783507939066,34664.0,95783.88689087694, 0.0, 0.0,0.0,NaN, 80.56005721807973,80.56005721807973,0.0, 86.22953820043003, 1.8434165867438363, 0.2513737123492149, 1.8434165867438363, 122.43740690606394, 12.678399123125306, 0.2513737123492149, 12.678399123125306, 75.53125483774102, 5.322205597122526, 3.484638686074052, 15.0, 0.0
39, 0 ,1.0,1.0,1.0,133.81800482106433,137.39081525434204,18.233574386550465,9.376984892609471,8.318821192211368,9.606785858548426,48.0,39.0,38.0,-0.22083679935984746,0.057611434463269495,-0.9736077396300746,9.633189259889239,0.9281036028968671,0.31922277840603247,-0.19162598998201508,9.479448455337256,-0.2997579195590216,0.9459269212607382,0.12396551655936311,8.170843769279644,43.06147932684431,49.92492805789712,40.66403736687671,15.191307793915117,4.318001128617707,32358.0,87421.22522617926, 0.0, 0.0,0.0,NaN, 92.91086984465521,92.91086984465521,0.0, 87.92784567622626, 6.511821219878235, 1.490064885419233, 6.511821219878235, 69.20278602798498, -2.8732548888162683, 1.490064885419233, -2.8732548888162683, 92.290334532006, 5.353147629562102, 3.391447334128606, 14.0, 0.0
40, 0 ,1.0,1.0,1.0,15.596175442974793,152.76341402545546,56.68757798852009,9.506610291187672,8.253860203539801,9.71394598590148,37.0,41.0,50.0,-0.33298542630195277,0.1806582298751578,-0.925463834976214,9.76812494480842,-0.9250638153653474,0.1275748237454752,0.35774516327690237,9.520603947830466,-0.18269549357390655,-0.9752370318669641,-0.12463983433517997,8.173397680051508,53.046211820693166,46.45419144538398,37.6870309937195,15.264731100313584,4.455398808213303,32056.0,92869.09328215876, 1.7763568394002505E-15, 0.0,0.0,70.54992076740893, 75.41894484267952,75.41894484267952,0.0, 90.37563922851535, -4.534365031210385, 0.9284906744881266, -4.534365031210385, 68.1262082595781, -3.6957639298434684, 0.9284906744881266, -3.6957639298434684, 94.36074661701149, 5.599688518827719, 3.6478620311425, 17.0, 0.0
41, 0 ,1.0,1.0,1.0,117.78480014339488,89.3814662125829,63.26994084961463,8.337591884901506,8.750399203311154,8.675073734461785,40.0,42.0,39.0,-0.4044736563295149,-0.7245970715669781,0.5579965458781919,9.303229070865969,-0.5153900940905509,-0.32342543249302896,-0.7935798891920279,8.409459936611047,-0.7554959379432609,0.6085680516534345,0.24263308566223243,8.004545045432673,49.81614853672161,42.268114231351746,40.54804337191824,14.34276113240643,3.9531041035578265,27895.0,85379.36539404963, 0.0, 0.0,0.0,NaN, 136.93601062133493,136.93601062133493,0.0, 69.51543843917545, 7.695534743650658, -2.3546709116244244, 7.695534743650658, 76.5694862173085, -7.382234829924727, -2.3546709116244244, -7.382234829924727, 75.25690429834873, 5.294931705605067, 3.387988245058477, 16.0, 0.0
42, 0 ,1.0,1.0,1.0,184.1635629017447,11.644995408631772,96.06475665748393,8.721847333824247,7.051936101366351,11.304050378883439,34.0,28.0,49.0,-0.29720513494941175,-0.07236710310804155,0.9520672823637268,11.5720339935442,-0.9521567152189014,0.09679796984015364,-0.28987539167438303,8.401542558840521,0.07118073772625709,0.9926697111439308,0.09767367687443237,7.006003892724793,54.644888589387755,41.57095845359578,32.66343829630851,15.161334761119509,4.869898040196139,27225.0,74199.58581634978, 0.0, 0.0,0.0,NaN, 98.05527078997667,98.05527078997667,0.0, 76.07062091453712, -0.1572879542566374, -18.068185909854, -0.1572879542566374, 49.72980277775406, -6.447828352816077, -18.068185909854, -6.447828352816077, 127.78155496833482, 5.597627940010433, 3.6066419346016816, 8.0, 0.0
44, 0 ,1.0,1.0,1.0,186.4395502008032,22.634409638554217,176.48877108433734,8.043091802376882,10.97768594320012,9.435718390349267,32.0,49.0,52.0,-0.12143799149017097,-0.9794332406364734,0.16113144124958645,11.04771549374051,0.17963634326334607,-0.1813381763155958,-0.9668749919144187,9.445007462751803,-0.9762087883244068,0.08847029414933408,-0.19796314973076148,7.9355851925928915,51.75444888517057,56.217411738605904,37.49379182045794,15.74372275966162,5.13506471408901,31125.0,109088.23087999175, 0.0, 0.0,0.0,NaN, 35.34091373418497,35.34091373418497,0.0, 64.69132574146221, 6.172229453331419, -5.712606496540592, 6.172229453331419, 120.50958866753352, -4.723864219480381, -5.712606496540592, -4.723864219480381, 89.03278154197535, 5.493717966548889, 3.4321258924064058, 7.0, 0.0
45, 0 ,1.0,1.0,1.0,182.11823329558325,94.1689370651998,80.03572237502023,9.39314771146471,8.563443634721551,9.507113052468007,38.0,43.0,44.0,0.6578402585067095,-0.2418100980192328,0.7132840042954522,10.602923397950534,0.5337899482047974,0.8178149272612476,-0.21505124027589342,8.513324133097708,-0.5313327445992251,0.5222131952034618,0.6670673828572683,8.188425796749005,54.798041695618195,51.410144168593206,49.28483410105021,15.21344806003758,4.5276911921400895,30905.0,138844.01353503892, 0.0, 0.0,0.0,NaN, 124.87298805006654,124.87298805006654,0.0, 88.23122392939472, -4.848545414536163, 20.66670346033568, -4.848545414536163, 73.33256688505305, -8.780019625302758, 20.66670346033568, -8.780019625302758, 90.38519859240753, 5.495349769573192, 3.3834224346145363, 13.0, 0.0
46, 0 ,1.0,1.0,1.0,28.42877401492386,151.98004524428538,129.38869568153424,10.347326095894923,8.405235239342554,8.242356032798101,58.0,41.0,41.0,-0.9648799095585983,0.2597483936406523,-0.03921137757453172,10.477389009698483,-0.21116826519125037,-0.6781567225195091,0.7039257229834093,8.762856850826083,0.15625211648585585,0.6874839865063755,0.7091904147624896,7.686886826684588,56.119880264696825,45.25159980306799,38.88047756617715,15.007020893684492,4.52116065091694,29617.0,98737.53120926993, 0.0, 0.0,0.0,NaN, 90.00037524525922,90.00037524525922,0.0, 107.06715733478805, -10.16894332839838, -0.7132405868185036, -10.16894332839838, 70.64797942868587, -8.965468509714492, -0.7132405868185036, -8.965468509714492, 67.93643297140325, 5.350662179578786, 3.4279196223963844, 20.0, 0.0
47, 0 ,1.0,1.0,1.0,16.204285623044004,135.20106022865173,12.041962061697642,9.796714136428468,10.213221691704046,8.002073208583193,41.0,51.0,31.0,-0.4464152650208771,0.8906111828964426,-0.08674751902008276,10.441970098878281,-0.8423800583018881,-0.38557037399462907,0.37647220889854455,9.857442850752317,0.3018430859430898,0.24113732103812024,0.9223576008636297,7.623303859128289,53.973329930875636,51.277304045882204,36.6232294603191,15.520356841255563,4.841198648105106,31314.0,101358.70069545577, 0.0, 0.0,0.0,NaN, 67.87113022736085,67.87113022736085,0.0, 95.97560787089738, -7.560138669051636, -10.413534882438482, -7.560138669051636, 104.30989732389405, -9.602995246230085, -10.413534882438482, -9.602995246230085, 64.03317563552491, 5.745989771889012, 3.5349167040746727, 12.0, 0.0
48, 0 ,1.0,1.0,1.0,181.0690166456847,84.19423695621765,18.172107987131067,10.598414405588404,9.849402333853128,8.79024496455869,45.0,47.0,41.0,-0.8407114162534783,-0.5261959442131291,0.12775814210736255,11.110012661488023,0.504363933978193,-0.8468236067237097,-0.1688395723682358,9.326496492741827,0.1970313088905218,-0.07750875685431674,0.9773285301922721,8.728665569037164,53.83558300241083,50.16924292771819,45.17372726850834,16.188185731379203,4.954610328775815,35745.0,122009.28820014258, 0.0, 0.0,0.0,NaN, 88.18887217839358,88.18887217839358,0.0, 112.32638791258381, 16.289042311624293, -5.9934141951112885, 16.289042311624293, 97.01072633411142, -1.632646405221715, -5.9934141951112885, -1.632646405221715, 77.2684065369494, 4.703165005159338, 3.2173597063578243, 16.0, 0.0
49, 0 ,1.0,1.0,1.0,150.3780213181204,112.70417354751538,35.74759795826453,9.581817985051492,8.773737390298857,7.468699626648365,44.0,42.0,37.0,0.9798888953253855,-0.19853260681470397,0.020063819410935255,9.615869730836643,-0.19807029675141213,-0.979920483121639,-0.022891140283123956,8.73786713409126,-0.024205585363798687,-0.018456727500078082,0.9995366120594004,7.466987683947881,45.422731856534995,41.844916777334305,36.9208273636058,14.4051977286059,4.1305515618927755,26644.0,70175.80181431917, 0.0, 0.0,0.0,NaN, 106.5870200545683,106.5870200545683,0.0, 91.81123589865625, -3.144138866933462, 0.8150875756027507, -3.144138866933462, 76.9784677939282, 0.31573964521247816, 0.8150875756027507, 0.31573964521247816, 55.781474113097424, 5.713169895992804, 3.622952412042126, 11.0, 0.0
50, 0 ,1.0,1.0,1.0,33.36762658051579,183.5759204589762,40.28981228763995,9.381899257350655,8.79445806418526,10.423810698622711,42.0,37.0,52.0,0.05521135214686358,-0.37496281849275537,0.925394289663646,10.73756386816045,0.9339220977852138,0.347230154382349,0.08497490897950624,9.528837418047054,-0.3531872334365731,0.8595545966578148,0.3693571083678242,8.241622136212797,50.7878155426557,47.85143293339419,46.67227364558872,15.888866333489068,4.643520478582387,35906.0,113426.21477066501, 0.0, 0.0,0.0,NaN, 54.83081128854362,54.83081128854362,0.0, 88.02003367507679, 6.437165096126367, 4.23560067406985, 6.437165096126367, 77.34249264271317, -15.762241082162047, 4.23560067406985, -15.762241082162047, 108.6558294807213, 5.890950318518232, 3.7817049260755975, 13.0, 0.0
