// Sample: .//bubblelabels.tif, Map: .//bubblelabels.tif, Thickness:(8.191250068658265):/gpfs/home/mader/Foam/NewValid/InSilicoTest/LatticeData_Phi_6.65/out_Step_06000.vtk/distmap.tif, Neighbors:(1.0):
//LACUNA_NUMBER, TRIANGLES, SCALE_X, SCALE_Y, SCALE_Z, POS_X, POS_Y, POS_Z , STD_X, STD_Y, STD_Z,PROJ_X, PROJ_Y, PROJ_Z, PCA1_X, PCA1_Y, PCA1_Z, PCA1_S, PCA2_X, PCA2_Y, PCA2_Z, PCA2_S, PCA3_X, PCA3_Y, PCA3_Z, PCA3_S,PROJ_PCA1, PROJ_PCA2, PROJ_PCA3,OBJ_RADIUS, OBJ_RADIUS_STD, VOLUME, VOLUME_BOX, Mask_Grad_X,Mask_Grad_Y,Mask_Grad_Z,Mask_Angle, Mask_Distance_Mean,Mask_Distance_COV, Mask_Distance_STD, SHAPET_XX, SHAPET_XY, SHAPET_XZ, SHAPET_YX, SHAPET_YY, SHAPET_YZ, SHAPET_ZX, SHAPET_ZY, SHAPET_ZZ, Thickness, Thickness_STD, Neighbors, Neighbors_STD
1, 0 ,1.0,1.0,1.0,184.25201623757687,35.5605948035447,21.023473420120382,9.798781270892924,18.29293718304249,13.155174536734636,41.0,81.0,56.0,-0.036460265201836074,-0.9989085832442878,0.029194029908572925,18.307099053389305,0.3166217144330629,0.016161559828072977,0.948414199563351,13.511102827004203,-0.9478509054755819,0.043822897038129534,0.315686893431301,9.2739693183126,81.42216804434855,65.88919467166667,45.66579330092486,23.29160189582354,7.823526276297979,92871.0,244989.72389101097, 0.0, 0.0,0.0,NaN, 44.21019486509804,44.21019486509804,4.76837158203125E-7, 96.01611439480193, 9.567941323158378, 28.72567975581245, 9.567941323158378, 334.6315507827385, -5.785757628018685, 28.72567975581245, -5.785757628018685, 173.05861709195133, 10.688698269371708, 7.145181589119063, 9.0, 0.0
2, 0 ,1.0,1.0,1.0,60.409193370560324,82.55568202614816,32.74975784601238,16.57254322189052,18.110843863694235,17.423359748960213,80.0,86.0,70.0,-0.05988822087568925,0.8148157505920193,0.5766183257472046,18.741525722753092,-0.5799404052491689,-0.4985642330031624,0.6442847444487554,16.94351855844145,-0.8124546309547221,0.2958191984255473,-0.5024027015085532,16.36758111882639,97.13146700918824,87.97833928156888,80.81505966220274,28.97047901354093,8.18148305408167,224031.0,690602.2767022975, 0.0, 0.0,0.0,NaN, 107.41162840892359,107.41162840892359,0.0, 274.64918884142946, 1.4799760626829144, -10.046648906890765, 1.4799760626829144, 328.0026654551112, 32.99700776120127, -10.046648906890765, 32.99700776120127, 303.5734649416869, 10.552398182079946, 6.721894455824163, 19.0, 0.0
3, 0 ,1.0,1.0,1.0,56.44460983468759,148.02867574950966,14.176038456150183,15.982710126618828,19.49166414113531,8.971132872596996,81.0,89.0,36.0,-0.2861897218328605,0.9581727515440063,6.490884517089246E-4,19.802126252050975,0.9540350975155266,0.28489085632313005,0.09302812849892858,15.642293767584407,0.08895209848997095,0.02724294738206228,-0.9956632693798485,8.890875130523309,92.55653633168109,74.68338800256805,39.03892998696971,25.36307804105361,8.518655485674696,114208.0,269854.0939185915, 0.0, 0.0,0.0,NaN, 78.02546116525018,78.02546116525018,1.6518123698891422E-6, 255.44702299152405, -40.83304231935243, 14.642180226191673, -40.83304231935243, 379.92497099082004, 4.5844815954761495, 14.642180226191673, 4.5844815954761495, 80.48122501779044, 10.443309817343646, 6.7719734809614245, 13.0, 0.0
4, 0 ,1.0,1.0,1.0,167.75468126047465,184.8510583269537,81.05749932755374,17.943012720744086,8.612622361252768,15.77748245525967,73.0,35.0,69.0,0.9720040765513565,0.06782349158614491,-0.22496232830545212,18.09061248226005,-0.22529419738756892,-0.0028150894840714563,-0.9742867133932848,15.645490734524206,-0.0667128157930466,0.9976933643461108,0.01254396064654873,8.54437134919687,78.08628526163903,68.9947723790616,36.95530168781278,24.14441852361334,7.880671051184234,96662.0,199098.36847979203, 0.0, 0.0,0.0,NaN, 88.54134182213029,88.54134182213029,0.0, 321.95170549678403, 16.871222880832754, -17.89362436578713, 16.871222880832754, 74.1772639375512, -3.4083629780185114, -17.89362436578713, -3.4083629780185114, 248.92895262602673, 10.955723004171638, 6.873161384751834, 15.0, 0.0
5, 0 ,1.0,1.0,1.0,14.5353839742254,112.87894914004521,142.52062929777037,9.236665499367652,17.851202319999135,19.463263736949084,37.0,92.0,100.0,-0.05969985323880213,0.3200134295137462,0.9455301859031874,19.68003069279917,0.03624625537696615,-0.9459000638021892,0.32242716738848376,17.651082923262972,-0.9975580867771127,-0.053520783158172644,-0.04487080649735028,9.161643557646485,94.96175207834736,91.62231196669322,39.476480518457585,26.458691811066608,9.096025327460818,124774.0,343469.6693557913, 1.7763568394002505E-15, 1.4210854715202004E-14,0.0,77.06752800289594, 105.38136906752224,105.38136906752224,0.0, 85.31598954720867, -13.599969227990387, -14.464312103079594, -13.599969227990387, 318.66542426954254, 22.37181291706267, -14.464312103079594, 22.37181291706267, 378.8186352940373, 11.350356478496114, 6.889638945528652, 16.0, 0.0
6, 0 ,1.0,1.0,1.0,58.48972314126974,145.30738498033585,184.11366190149198,18.743724518496467,19.19936195532591,8.838509611009142,92.0,94.0,39.0,0.6407901180453285,0.7673430110203774,-0.023931737371833097,20.184090842213916,-0.7663370638653396,0.6411958081473189,0.03994296133935029,17.694911981833997,0.04599488190770949,-0.007255277560995274,0.9989153276358358,8.80650482820548,107.25152720151188,98.44741511820739,41.26702599522159,26.677268823918517,9.294368647584452,128152.0,435723.4906239648, 0.0, 0.0,0.0,NaN, 81.6376481104869,81.6376481104869,0.0, 351.3272088252856, 46.4403741339898, -12.268511667986054, 46.4403741339898, 368.6154994916159, -0.024317760343696516, -12.268511667986054, -0.024317760343696516, 78.11925214390098, 9.490774490594552, 6.499976449158217, 22.0, 0.0
7, 0 ,1.0,1.0,1.0,185.2194584855613,174.27203343176018,136.02803913718031,9.298655842512476,15.112703836192162,14.80742462031622,39.0,60.0,70.0,-0.036432814862068105,0.7852527753687683,0.6181025228688787,15.676690750242383,0.12705619893063375,-0.6098539554851958,0.7822626638747114,14.284328310538521,-0.9912261963419479,-0.10703378791161063,0.07755253658499445,9.18248187813667,74.25508105022936,75.17787620291315,44.3985877506625,22.01162494848493,7.043224313590556,79924.0,247847.98084907042, 0.0, 0.0,0.0,NaN, 70.518114324127,70.518114324127,0.0, 86.46500047749142, -13.895556608691635, 8.26401573412066, -13.895556608691635, 228.39381724045728, 21.241646727884287, 8.26401573412066, 21.241646727884287, 219.25982388634696, 11.092235990025998, 6.895339650360261, 8.0, 0.0
8, 0 ,1.0,1.0,1.0,77.80512153659643,23.745318352059925,45.81468462794021,16.645473091353786,13.595923798551993,14.934829042707952,82.0,56.0,77.0,-0.957229107561795,-0.268835240228472,0.10695816587689455,16.909889256544062,0.0803364154467694,0.10817912455209376,0.9908800822321066,14.920974277101404,0.27795412569273675,-0.9570918924651084,0.08195494730609043,13.281197568721819,84.49554207599384,72.78992406360217,60.91449928881413,25.191853965761272,7.095106107287594,147651.0,374650.0039429826, 0.0, 0.0,0.0,NaN, 93.36199659670329,93.36199659670329,0.0, 277.07177443498296, 28.594230924695257, -7.535236906730397, 28.594230924695257, 184.84914393603248, 1.8070138417556645, -7.535236906730397, 1.8070138417556645, 223.0491185349129, 9.617077126365237, 6.286887411205036, 18.0, 0.0
9, 0 ,1.0,1.0,1.0,51.78203920897183,183.19283451759267,121.75381673943441,14.653393728537653,9.722644611660204,12.720147892253532,61.0,37.0,61.0,-0.9634021645107744,0.023840764365607014,0.2669979164158752,14.808942514895458,-0.2624570273820848,0.1186940446017522,-0.9576158063408504,12.577824780608822,0.054521355391393904,0.9926446200582265,0.10809292333795248,9.67199430251167,62.70070591520045,64.5971301921939,41.37028514734223,20.74047978800774,6.394249492492587,70086.0,167561.47281256967, -7.105427357601002E-15, 0.0,1.4210854715202004E-14,47.959422465009375, 95.32221981803893,95.32221981803893,0.0, 214.7219477635466, -4.902537738054006, -16.09836052119401, -4.902537738054006, 94.52981824464521, -6.548309694282111, -16.09836052119401, -6.548309694282111, 161.80216240080196, 10.848911877126127, 6.5750803739763315, 9.0, 0.0
10, 0 ,1.0,1.0,1.0,169.87358330780734,95.43198976558136,16.71242725094146,16.12018538828053,15.641378305021963,10.394118552322057,66.0,74.0,41.0,0.8713672893437296,0.4776991311957304,0.11190436594076361,16.38966020578218,-0.4798979548975456,0.8772864922278012,-0.008146375868655261,15.425220162200155,0.10206370533599923,0.046604190900433676,-0.9936855888275736,10.295261725654395,78.73678858233717,69.86141213577518,44.00294753559692,23.69388584736322,7.151962399593051,110998.0,242045.3958462133, 0.0, 0.0,0.0,NaN, 101.46019356352353,101.46019356352353,0.0, 259.8603769525331, 12.144459182963816, 16.373707446847718, 12.144459182963816, 244.65271528081172, 7.75060013078941, 16.373707446847718, 7.75060013078941, 108.03770047972557, 9.634409121229691, 6.082696104252481, 14.0, 0.0
11, 0 ,1.0,1.0,1.0,90.30849508444669,179.31436013780353,85.67101083942526,16.691572831081476,12.226213179182775,14.330240848213467,83.0,55.0,70.0,0.873661286373749,-0.18582801815541555,0.44964864545575634,17.46241086917892,0.48561035404322234,0.38999365840015593,-0.7823602306186569,13.926330975816452,0.029975669096486274,-0.9018718834047842,-0.43096237096308665,11.600267550100845,92.40152896338745,72.24841329198055,66.99132677126903,24.078375486152208,7.326426754808609,119010.0,447224.9768807908, 0.0, 0.0,0.0,NaN, 126.18653683802779,126.18653683802779,0.0, 278.60860357529725, -16.414615730605174, 44.369645475517636, -16.414615730605174, 149.48028870282258, -32.35231373434665, 44.369645475517636, -32.35231373434665, 205.35580276780584, 10.604543194616756, 6.563533220590535, 15.0, 0.0
12, 0 ,1.0,1.0,1.0,152.9215303786933,181.72985590928008,181.18180399500625,15.764737618277456,11.448928609375749,11.314973045238256,70.0,52.0,47.0,-0.9922368652119529,0.0013943017530706494,-0.12435457063163678,15.825190809976476,-0.08600822338917449,-0.7299351883909888,0.6780834803016877,12.899040487254823,-0.0898253239559714,0.6835149425369081,0.7243885245536208,9.529513304790546,71.49087135104116,68.73839338688661,51.68852378455534,21.476894043985265,6.810033459064429,76896.0,254006.0708638565, 0.0, 0.0,0.0,NaN, 53.89160387168236,53.89160387168236,0.0, 248.52695217313234, 4.523706701994809, 15.288493618730426, 4.523706701994809, 131.07796630258252, -37.43336955903695, 15.288493618730426, -37.43336955903695, 128.0286150144683, 10.491268361218683, 6.746974153071181, 10.0, 0.0
13, 0 ,1.0,1.0,1.0,21.365953357426132,45.41167553227488,57.20115455935897,12.376774062785417,16.361830714204928,16.99009248953179,53.0,85.0,82.0,0.19922347801824714,-0.26908341402166525,-0.942286645402957,17.106908461782734,-0.21806210490601052,0.9252803052097325,-0.310330912406329,16.6192448318691,-0.9553841762402564,-0.26730221302755724,-0.12566066488880834,11.86219488218604,81.62476181618861,84.48087865949731,62.5179465766135,25.570218908707638,7.4646626370519416,147762.0,431106.97968817793, 0.0, 0.0,0.0,NaN, 76.09662489522118,76.09662489522118,0.0, 153.18453620123785, -35.48201799334203, -19.353387417893707, -35.48201799334203, 267.7095043202997, -0.3807422195544595, -19.353387417893707, -0.3807422195544595, 288.6632428028446, 11.143336054537958, 6.248456178116889, 16.0, 0.0
14, 0 ,1.0,1.0,1.0,139.87528750194917,114.55710568376735,119.55591181974115,16.835006076660783,15.877862449219249,18.549927737268884,85.0,82.0,91.0,0.48841261720587476,-0.26528157944318115,0.8313114933418396,19.750726143878985,-0.7917599227991258,-0.5352156435673716,0.29438145242166175,15.90155236104812,0.36683693925670896,-0.8019787394244913,-0.4714453961042299,15.384187138544878,101.83087805315543,77.45036145276143,72.3911938144195,28.456075752641187,8.359157695326044,205216.0,570937.6408464514, 0.0, 0.0,-1.4210854715202004E-14,33.76630328639816, 131.85871440773806,131.85871440773806,0.0, 283.4174296012055, -13.018804548550591, 58.518568002508104, -13.018804548550591, 252.10651595632666, -36.38376506030516, 58.518568002508104, -36.38376506030516, 344.09981905789755, 9.707950104412685, 6.081295367702384, 27.0, 0.0
15, 0 ,1.0,1.0,1.0,77.93089008743425,92.40355431978828,157.32904536978103,13.970627536467079,17.90647872009367,18.124546940942455,75.0,83.0,84.0,-0.12395937168652019,-0.68339290588292,0.7194499359649575,19.224120600796482,-0.15123558795305184,-0.7035598926705666,-0.6943567342237528,16.86666479918247,-0.9806945860498963,0.19487845856912625,0.016140485684868987,13.793781983500297,103.23918602661867,84.52997340745026,74.79457221002637,27.76861314924825,8.557087091864096,179106.0,652717.6953096733, 0.0, 0.0,0.0,NaN, 128.18912141755254,128.18912141755254,0.0, 195.1784337626922, 25.21378510697831, -6.096535439420263, 25.21378510697831, 320.6419801531674, -42.12857229954615, -6.096535439420263, -42.12857229954615, 328.4992018144265, 10.009729147455584, 6.29858861596589, 23.0, 0.0
16, 0 ,1.0,1.0,1.0,115.82848424638092,58.940036900369,15.455258302583026,15.455325039622474,13.504500528494507,9.402558836097233,75.0,67.0,37.0,-0.9830039863248937,0.17823285362683464,-0.04400241763134106,15.525926998795356,0.17920239926477233,0.9836260301506385,-0.01913982517801026,13.435559334162285,-0.039870577712350974,0.026699863260532516,0.9988480636887432,9.384990968404942,74.25555116904458,66.75898427325059,38.141041842116,21.615285709026402,6.513535367829328,84552.0,189073.73273258127, 0.0, 0.0,0.0,NaN, 103.91167895515,103.91167895515,1.3486991523486091E-6, 238.86707208038146, -10.50845142481372, 6.299876477245463, -10.50845142481372, 182.3715345241084, -2.9399877046777227, 6.299876477245463, -2.9399877046777227, 88.40811266627016, 9.860699353088425, 6.068569834169883, 9.0, 0.0
17, 0 ,1.0,1.0,1.0,48.37215720217263,13.225517128915316,119.81626713832335,15.412433476261963,8.212534552009016,15.244009724192535,67.0,33.0,72.0,-0.7749978727011824,0.060966151477449014,0.6290162364221377,15.888283270522171,-0.6228231727321868,0.09499187353220273,-0.7765744262275538,14.817971473422826,0.10709618488281557,0.9936094163889905,0.03564736801890096,8.084481308525085,76.80218581459312,78.05196778330668,36.720693182448315,22.046368639746436,7.164236993553001,79719.0,220124.46215663163, 0.0, 0.0,0.0,NaN, 94.57383840868286,94.57383840868286,0.0, 237.54310566020044, -17.962965443378067, -16.61010566439326, -17.962965443378067, 67.44572376794194, -4.201832067797879, -16.61010566439326, -4.201832067797879, 232.3798324712766, 8.719975705865329, 5.734494475488103, 10.0, 0.0
18, 0 ,1.0,1.0,1.0,100.613647012054,23.117501739241547,186.8313716581716,16.82460545092573,14.354334952045912,7.478467759730077,79.0,59.0,33.0,-0.9948789696769841,0.10002273914498645,0.014535726620868876,16.846970084951387,-0.10101686637487094,-0.9791760366881676,-0.17609622904381872,14.501187264556489,-0.0033805919990605882,-0.17666278846883846,0.9842656301873749,7.137011097314242,78.26629893380505,63.9893623369962,36.336049809988594,22.088781867596996,7.55827203360031,70433.0,181978.58841252403, 0.0, 0.0,0.0,NaN, 102.88575615367583,102.88575615367583,0.0, 283.06734857931986, -7.412768768499962, -0.5332119097274695, -7.412768768499962, 206.0469319155269, 27.814753995385054, -0.5332119097274695, 27.814753995385054, 55.927480033322205, 8.862700410490946, 6.184354368627658, 15.0, 0.0
19, 0 ,1.0,1.0,1.0,169.46213897510268,11.876258758792677,74.03724435167993,17.239746780375874,7.979060124127057,14.72542456895244,74.0,33.0,67.0,-0.8543923411505406,-0.134297902226126,0.50197390454182,18.529385721815427,-0.511576784027274,0.04799703682833309,-0.857895960183991,13.271103689114192,-0.09112036779782223,0.9897779336363091,0.10971198958649904,7.632304363479304,82.05327629420849,62.78795713616377,36.329221339778634,22.660635749442203,8.012988561264166,73783.0,187166.60779618914, 0.0, 0.0,0.0,NaN, 80.96369574860145,80.96369574860145,0.0, 297.2088690514803, 29.81745563127962, -70.53767070874841, 29.81745563127962, 63.66540046443448, -24.07227896763706, -70.53767070874841, -24.07227896763706, 216.83812873590813, 10.120160432485399, 6.247963289176546, 10.0, 0.0
20, 0 ,1.0,1.0,1.0,185.93416350440262,27.823502683319212,171.4755308305395,8.280895857346287,15.71856062584136,15.255835078360365,34.0,70.0,59.0,0.04920682386606823,0.7721880037284047,0.6334858920157221,16.669210572049746,-0.023479473041726123,-0.6331846316798292,0.7736445802499763,14.23142322688807,-0.9985125952288716,0.05294250751919583,0.013026437229085253,8.24565947201626,81.71427934709575,73.48250833497977,34.847777348402246,22.259949250397327,7.2719699983126755,81429.0,209245.92586278432, 0.0, 0.0,2.8421709430404007E-14,50.69222384430317, 42.25683849140933,42.25683849140933,0.0, 68.5732362002149, 9.974699405436464, 4.098150791272338, 9.974699405436464, 247.0731481482503, 36.756000062588285, 4.098150791272338, 36.756000062588285, 232.7405039381306, 8.559680086865225, 5.638733425877216, 8.0, 0.0
21, 0 ,1.0,1.0,1.0,22.28555626061157,178.23964568076968,41.48381038947675,14.294778748601175,12.698819160812697,17.23941253676006,59.0,53.0,74.0,0.3280376201598867,-0.3022380739013033,0.895010316389855,18.313273973209096,-0.8927392859811377,-0.4089722976056514,0.18909845863211847,13.97472165407869,0.30888167156004326,-0.8610422791452138,-0.4039781015088427,11.494746766949236,86.37635908648951,74.98044195914947,66.98046457004276,24.46620399627032,8.012672099608643,116618.0,433801.49585527857, 0.0, 2.8421709430404007E-14,0.0,72.40792326630194, 51.87548132184788,51.87548132184788,0.0, 204.34069947145977, 2.9104045617717333, 49.00965228541007, 2.9104045617717333, 161.2600080790237, -59.86434383160868, 49.00965228541007, -59.86434383160868, 297.1973446126, 10.062060370237832, 5.954209717446775, 10.0, 0.0
22, 0 ,1.0,1.0,1.0,109.90308336389195,71.35636688668868,62.17342775944261,13.004905058581368,14.598900108577942,15.728008886720753,61.0,74.0,68.0,-0.22528141722190353,0.3572874569081091,0.9064182015993645,16.125436159759584,-0.1621747501860225,-0.9311061679541268,0.3267118828568732,14.371254907048163,0.9607016360226478,-0.07339602941520774,0.2677039211694332,12.769614111549393,74.53042471031337,68.53697276819337,58.980697785335124,24.171168893730364,6.736490021850118,130896.0,301278.6941938852, 0.0, 0.0,0.0,NaN, 130.6702743624584,130.6702743624584,0.0, 169.12755558271525, -1.2408257675976997, -22.103738047333053, -1.2408257675976997, 213.12788438023705, 18.179127821363927, -22.103738047333053, 18.179127821363927, 247.37026354076698, 9.178778068440838, 5.74035742923705, 12.0, 0.0
23, 0 ,1.0,1.0,1.0,141.6847570261664,40.93267421879454,87.38862783102996,15.05502885042267,12.499550013568554,15.957348590683388,71.0,61.0,78.0,-0.5666635083253833,-0.1134282278877716,0.8161044696916001,16.648096285987023,-0.7683522035053897,-0.28492539457085664,-0.5731076782743827,14.516617618783933,-0.29753547637345706,0.9518148751973154,-0.07430399486123493,12.232674328856413,78.22804910193851,68.00442358551038,62.165717622473636,24.22948796686849,7.103628026344541,122791.0,330712.5034738402, 0.0, 0.0,0.0,NaN, 112.75160156729252,112.75160156729252,0.0, 226.6538936870589, 21.57133573580608, -32.07023808983259, 21.57133573580608, 156.23875054170162, -1.8283116329442457, -32.07023808983259, -1.8283116329442457, 254.63697404458512, 9.081612600310187, 5.732226813683654, 16.0, 0.0
24, 0 ,1.0,1.0,1.0,54.959662363141575,75.9621938484906,93.0760157584963,14.374372396242313,14.872532979791782,14.445021616069884,70.0,75.0,63.0,-0.16239453513929883,0.7700104689544612,0.617018551307351,16.23315177217125,-0.8810410703168563,0.16840690677106895,-0.4420472216480143,14.757002468150276,0.4442911740872411,0.6154047379183327,-0.6510624863834875,12.457492934223707,76.02077278684628,71.60660911358295,64.7186479520927,24.25124735596246,6.9534502363630315,126408.0,352301.7693675593, 0.0, 0.0,0.0,NaN, 132.1134515892384,132.1134515892384,0.0, 206.622581785853, -22.83089498739432, 13.51819192102238, -22.83089498739432, 221.19223723499422, 46.8081947290508, 13.51819192102238, 46.8081947290508, 208.6586494887262, 8.66959649952419, 5.611978533240666, 10.0, 0.0
25, 0 ,1.0,1.0,1.0,117.54264252985803,150.83025614061444,158.91310748892062,16.464536026903016,12.879973947899371,14.95699105326375,77.0,65.0,76.0,-0.9336366819728399,-0.3557803813371464,-0.041747650596658664,17.003958371426627,0.030169946758461574,0.03803093848910593,-0.9988210160134947,14.95472901938408,0.3569486242967433,-0.9337954636713722,-0.024773204060635167,12.161732463212129,83.8981860201117,75.72533860523652,62.50697848081282,24.66282010431892,7.240964117374934,133130.0,397120.49485984404, 0.0, 0.0,0.0,NaN, 104.42706664640808,104.42706664640808,0.0, 271.0809465811874, 46.99817198144482, 3.2223562591857067, 46.99817198144482, 165.8937288985665, -0.779280379819576, 3.2223562591857067, -0.779280379819576, 223.71158136741184, 9.285824470099433, 5.772085917102866, 17.0, 0.0
26, 0 ,1.0,1.0,1.0,15.404110376544985,97.99170738718023,23.139307272204658,9.394399713004333,13.239511088179132,14.573767267350414,38.0,61.0,58.0,-0.06224272640108154,0.23880525365175256,0.969070634081171,14.710503770711924,0.33222690599288657,0.9205390450350004,-0.2055070546245148,13.555050301328775,0.9411435203753752,-0.30916001907486607,0.13663439047719472,8.70607732132706,64.19082429611277,66.44332314149683,44.31919115600378,20.846686121409302,6.430378677811427,69580.0,189023.64075933944, 0.0, 1.4210854715202004E-14,0.0,76.18396380015685, 101.85818020259853,101.85818020259853,0.0, 88.2547459676959, 30.922250239828397, -15.850690455301022, 30.922250239828397, 175.28465385401816, 12.117783562749363, -15.850690455301022, 12.117783562749363, 212.39469236289438, 11.048548397872855, 6.522505090795528, 5.0, 0.0
27, 0 ,1.0,1.0,1.0,174.163936938164,64.38971840098066,114.9798249795696,13.764458639165323,14.291239396110932,14.962088368196051,61.0,69.0,77.0,-0.5477680982321399,0.3395436114695272,0.7646307909503612,15.874662306517227,0.11621027222244064,-0.8742019767924393,0.4714510328784716,14.272976779080743,-0.8285199352997671,-0.34710378805542025,-0.4394014987781075,12.721680862284538,89.61622108855775,70.28397780624593,63.66592772711766,23.81088078874876,7.113781660128043,117472.0,401005.2251824659, 0.0, 0.0,0.0,NaN, 109.73590183161285,109.73590183161285,NaN, 189.4603216292929, -21.023964833884452, -35.46989469368364, -21.023964833884452, 204.23952347695314, 6.149598479725689, -35.46989469368364, 6.149598479725689, 223.86408833770756, 9.401986231255918, 5.5318296435588215, 11.0, 0.0
28, 0 ,1.0,1.0,1.0,183.76493903817462,20.10751586213133,116.067653308818,10.100435125196574,10.986928483376492,15.982166500480371,39.0,44.0,77.0,-0.23803487445291655,-0.2865768279314664,0.928015689650193,16.75264896042432,0.11415262941441497,-0.9571118688675623,-0.2662818951236049,10.31661081297771,-0.9645250518996173,-0.04255105363656969,-0.2605395019809056,9.543444211004577,87.55480176416785,52.62616589614257,44.27476412533272,20.66690851649485,7.144223235388838,66353.0,204003.65838164708, 0.0, 0.0,0.0,NaN, 87.82100101723289,87.82100101723289,0.0, 102.01878971830472, 11.254184813070385, -42.34364401522772, 11.254184813070385, 120.71259749882964, -46.50333276121788, -42.34364401522772, -46.50333276121788, 255.429646049077, 9.296956201781864, 5.883357121702728, 6.0, 0.0
29, 0 ,1.0,1.0,1.0,11.433846803123021,173.3810367869452,137.5474150664697,7.117028514812837,14.387729349058086,16.221727803903953,29.0,54.0,72.0,0.023212235535852083,0.11112085572967473,0.993535780706127,16.2467867252406,-0.01524155627864586,-0.9936487149370845,0.1114895791815846,14.364690929967168,-0.9996143691862545,0.017730953888236714,0.02137115323468121,7.10639706443582,74.24767346951025,59.510656263928496,30.17597067463071,21.68793392874671,7.101888871887591,71085.0,133333.36454052044, 0.0, 0.0,0.0,NaN, 68.84495203088652,68.84495203088652,0.0, 50.652094880659014, 2.9107944783092172, 4.657968901317342, 2.9107944783092172, 207.00675582174742, 6.301648948577079, 4.657968901317342, 6.301648948577079, 263.14445294395057, 9.795450415990771, 5.97230501760898, 8.0, 0.0
30, 0 ,1.0,1.0,1.0,11.280131950117923,25.09211844681146,170.06745487336798,7.100317223861218,13.897448666378093,15.708906133110135,28.0,52.0,60.0,0.01431241267365665,-0.17002458888428656,0.9853358787835692,15.76169421746731,0.03495864000409514,-0.9847492650678458,-0.1704311545387242,13.845263791762784,-0.9992862694606199,-0.03688528328571941,0.008150309467081052,7.085265128737223,67.51205595943802,59.5113773021651,28.43942220656364,21.030493546821635,6.931208927021245,64873.0,114262.0743401975, 0.0, 0.0,0.0,NaN, 40.65480343967672,40.65480343967672,0.0, 50.41450467946027, -5.35326050180978, 1.952540233784071, -5.35326050180978, 193.13907943461422, -9.463137365672246, 1.952540233784071, -9.463137365672246, 246.76973189886522, 8.677505448159906, 5.222294325696496, 7.0, 0.0
31, 0 ,1.0,1.0,1.0,98.11399062051018,184.54112337011034,141.79466778714522,13.015725499899046,9.35221807474657,15.035016742917346,60.0,38.0,63.0,-0.3428692999492042,0.02665515269221342,0.9390048700551544,15.34311199585891,0.9022060278963869,0.28777418753614137,0.3212635992691005,12.937787401026725,0.26165803327963405,-0.9573272793683818,0.12271737365738132,8.951390568761258,70.2393927076677,64.21269470205365,42.69082954852615,20.998469674369904,6.479899150503955,73778.0,192546.76990909132, 0.0, 0.0,0.0,NaN, 115.12251178700237,115.12251178700237,1.3486991523486091E-6, 169.40911028872227, 21.236007379671104, -24.702853914309113, 21.236007379671104, 87.46398291761646, 11.953854508577106, -24.702853914309113, 11.953854508577106, 226.0517284598049, 9.406880222786283, 5.628747529909979, 7.0, 0.0
32, 0 ,1.0,1.0,1.0,175.34552940782646,149.7730838326694,92.71768263426283,14.556811512313452,11.172927251173265,13.769389641536373,64.0,55.0,64.0,-0.8074763376432229,-0.08819833604309082,0.5832692497170732,15.267861491774346,-0.581386162408675,0.28636738614457374,-0.7615667077232549,13.18024553628069,0.09986037405297926,0.9540517667673775,0.28251218030740644,10.931820019412498,72.90203979245248,67.72370447995554,53.013805402708044,21.954242916869287,6.659006968953205,89619.0,261739.55852294495, 0.0, 0.0,0.0,NaN, 108.29198816592245,108.29198816592245,0.0, 211.90076140502146, -0.9355417262238616, -29.500147964746244, -0.9355417262238616, 124.83430336001015, -17.667572790921735, -29.500147964746244, -17.667572790921735, 189.59609110044917, 9.369067329125288, 5.558350352500261, 9.0, 0.0
33, 0 ,1.0,1.0,1.0,20.200461668135322,75.45665874870694,175.21438833761158,11.78403608909311,15.456272919458817,14.250843895027842,49.0,73.0,59.0,-0.011993319884765674,0.8170195752313693,0.576485189720338,16.56359053483394,-0.07013043244073922,-0.5757942352155098,0.814581316467706,12.953493269109133,-0.9974657300999451,0.030659621350218127,-0.06420362057426864,11.777135116478917,84.18796921501834,67.01774858676772,51.21311051643547,23.022193307667845,7.129168684695836,104404.0,288948.88421947614, 0.0, 0.0,0.0,NaN, 81.95176963680129,81.95176963680129,NaN, 138.86350654904885, -0.15446161978217987, -2.5998327029410135, -0.15446161978217987, 238.89637256079598, 50.2467779704576, -2.5998327029410135, 50.2467779704576, 203.0865517204523, 8.506122767804802, 5.154629727535478, 8.0, 0.0
34, 0 ,1.0,1.0,1.0,104.15690872751499,15.592458361092605,9.922425049966689,16.40446805567149,9.663407169679576,6.734107165442585,75.0,39.0,26.0,0.9807354066369357,-0.12037011853329235,0.15384764129802522,16.653183455118533,0.1286528758348328,0.9906668173988032,-0.045029928318317654,9.533616953001944,-0.14699149535980569,0.06395538655349402,0.9870679859172222,6.294270270319374,73.5487579200567,41.45996067332205,30.604236309322715,18.915210716727238,7.0746740683953755,37525.0,93322.37339390191, 0.0, 0.0,0.0,NaN, 97.60879786822757,97.60879786822757,0.0, 269.10657218954634, -21.52731232058924, 35.569667190028184, -21.52731232058924, 93.38143812701465, -6.689309892361393, 35.569667190028184, -6.689309892361393, 45.34819931566516, 10.654647664218485, 6.0741084050656395, 5.0, 0.0
35, 0 ,1.0,1.0,1.0,87.8928259713681,37.15572989295639,106.68693506154757,13.543655816132517,12.463056535889864,13.493885193116531,67.0,57.0,61.0,-0.7116778912330864,0.36860970103346086,0.5980313264654701,14.38696457242432,0.5454601649193765,-0.24651792730944871,0.8010631186124972,12.970920149581616,-0.44270507972707246,-0.8963011769595508,0.025620549657853944,12.067054717396527,69.14221136470756,67.9135778847694,57.95669618024451,21.996383635867993,6.0829627346672215,99679.0,272146.9659572216, 0.0, 0.0,0.0,NaN, 133.46544575027414,133.46544575027414,0.0, 183.43061286586016, -19.142611157350508, -16.231267094749082, -19.142611157350508, 155.32777821678707, 9.059538187979408, -16.231267094749082, 9.059538187979408, 182.08493760500957, 8.431830947424361, 5.339140244270028, 10.0, 0.0
36, 0 ,1.0,1.0,1.0,106.01714034384176,159.18986326533252,17.71332289820576,10.718223076919216,16.45473233054665,10.44546524503252,50.0,83.0,40.0,0.003734934695093727,-0.9983578322983806,0.057163703092982146,16.471053567273792,-0.8247326615517162,0.029251816207973066,0.5647657640282006,10.976050670534104,-0.5655104660681761,-0.04925413624269744,-0.8232690585891955,10.147757005545046,83.22649665546551,57.01613224680939,51.43557483813235,21.205092757051954,6.714931671026379,77303.0,244074.81270820694, 0.0, 0.0,0.0,NaN, 103.98080100454838,103.98080100454838,0.0, 114.88030592660361, -1.0497337597061556, -8.113697435288783, -1.0497337597061556, 270.7582160699372, -9.316862737241225, -8.113697435288783, -9.316862737241225, 109.10774418518227, 8.52872083051799, 5.358239708212172, 15.0, 0.0
37, 0 ,1.0,1.0,1.0,170.4329796085186,87.88181114890014,186.58065363674845,14.164071921370443,15.672912735746696,7.865312212869076,61.0,77.0,35.0,-0.4102951935314439,0.9116714516725174,0.02264990883689514,16.037214261988243,-0.9119422519795293,-0.4102831797293798,-0.005389015276872912,13.754012024371903,-0.004379865237629814,0.022866495937817678,-0.9997289333334439,7.858700603185433,74.68919694584496,68.74866594615514,35.93583156084665,21.357152618698898,7.210845667714296,68509.0,184522.68443411172, 0.0, 0.0,0.0,NaN, 93.68831454593544,93.68831454593544,0.0, 200.62093339375457, -25.430194049100553, -1.1900177907555138, -25.430194049100553, 245.64019362233097, 4.317265651180947, -1.1900177907555138, 4.317265651180947, 61.86313620590744, 8.073031121790718, 5.168837899593291, 11.0, 0.0
38, 0 ,1.0,1.0,1.0,153.8467833212604,89.35515890981529,69.1083846432452,10.73931695123534,12.542877596185347,15.267477452534466,51.0,61.0,68.0,-0.0420624915118091,-0.21558745987544656,0.9755781844384754,15.40767151000243,0.23743075039902087,-0.9506271188080634,-0.19983673273860303,12.476646638967884,-0.9704933722456724,-0.2232266295295768,-0.09117283749060572,10.615532112043109,68.29465270989489,64.17241628489094,48.05185819603588,21.593610383231944,6.282401240993654,88352.0,210593.65385434648, 0.0, 0.0,0.0,NaN, 122.02636051932288,122.02636051932288,NaN, 115.3329285790907, -8.569440576759249, -7.156530662399979, -8.569440576759249, 157.32377839288833, -18.064254365723645, -7.156530662399979, -18.064254365723645, 233.09586776364833, 8.03212513938028, 5.078167238872252, 7.0, 0.0
39, 0 ,1.0,1.0,1.0,153.71584255786297,52.9107698289269,157.74010840728204,11.89414859827284,14.96860707910865,11.709028367022293,55.0,77.0,56.0,0.07462686588516834,0.9913082975250772,0.10834523591782952,15.013933479366973,-0.7840721509457299,0.12546174068851593,-0.6078570668625508,12.195603928249492,-0.616166935983661,-0.03958801436471184,0.7866200455869186,11.334917748650819,78.29533340759158,59.092839268709554,57.409458637219856,21.478618005412883,6.4265295956551025,87448.0,265615.9721319145, 0.0, -7.105427357601002E-15,0.0,7.559709755586903, 82.02238250286617,82.02238250286617,0.0, 141.47077087779576, 5.179040338018125, 10.436155816171608, 5.179040338018125, 224.05919788874164, 8.866961690398988, 10.436155816171608, 8.866961690398988, 137.10134529973277, 8.237215567243188, 4.928138783561309, 10.0, 0.0
40, 0 ,1.0,1.0,1.0,122.77417179787288,79.75846012925551,177.19683476667853,13.30779962879001,11.880037344798506,12.987990058613585,68.0,55.0,53.0,-0.6124844640653966,-0.39612953600735623,0.6840644501661528,15.194481962420605,-0.738565216501621,0.5952180220905194,-0.31660215910913186,12.269185610765414,-0.2817520226235087,-0.6991401124819309,-0.657129287786137,10.272074103059117,77.58328001433156,59.30799395470339,57.484716759729,21.08758005857029,6.498820763025111,78604.0,264504.9274629172, 1.4210854715202004E-14, 0.0,0.0,52.23063649590121, 113.3367762394566,113.3367762394566,0.0, 177.09753096002353, 10.62447745349366, -41.99535629302458, 10.62447745349366, 141.13528731380714, -42.452354779908774, -41.99535629302458, -42.452354779908774, 168.68788576264532, 8.511268396942278, 5.01245739893344, 8.0, 0.0
41, 0 ,1.0,1.0,1.0,187.43239095791773,107.83208404650888,137.00982706722542,7.512629999204405,15.01070026797884,15.002065339708238,29.0,66.0,68.0,-0.06700875941817218,-0.7073080871179266,0.7037223145949101,16.170532709492225,-0.005563664115126283,-0.7050317235362289,-0.7091539427015469,13.777735028709973,-0.9977368750341201,0.05143480052566149,-0.043308076521981806,7.450542655862157,76.09277520784484,66.43374855985292,30.577505181814104,21.34897932245364,7.144492871184356,67772.0,154573.2116466979, 0.0, 0.0,0.0,NaN, 112.34158363822935,112.34158363822935,0.0, 56.439609504945984, 10.289243479624401, -9.182951253880294, 10.289243479624401, 225.32112253510005, -35.36953561905993, -9.182951253880294, -35.36953561905993, 225.06196445687524, 8.909549245088968, 5.226993537266879, 7.0, 0.0
42, 0 ,1.0,1.0,1.0,47.57954070061871,33.62835502124755,11.578527864015676,12.608858323234806,11.288097357842933,7.580265581118989,59.0,56.0,31.0,-0.9729304477285668,0.22370708627710156,0.057978301390260216,12.702675873662052,-0.21458789341126044,-0.9676528283772974,0.1326651413700454,11.25375315354808,0.08578099955122934,0.11663251383223278,0.9894637319443125,7.473950900530194,57.24298064808309,54.87917705708393,34.68026355925627,17.71682162762752,5.475318061143688,45417.0,108946.23316227627, 0.0, 0.0,0.0,NaN, 59.403209191210244,59.403209191210244,0.0, 158.98330821540765, -8.263115849004949, -7.96621159276827, -8.263115849004949, 127.42114196014059, -7.718872408641747, -7.96621159276827, -7.718872408641747, 57.460426280297206, 8.37590240204059, 4.960475480679424, 3.0, 0.0
43, 0 ,1.0,1.0,1.0,9.776885830784913,42.12570081549439,12.91434123343527,6.543007635301081,15.2525795187477,7.992220876134489,25.0,67.0,32.0,-0.036346528477550155,-0.9952087780929543,0.09076573072674701,15.305775874618572,0.2834530767547602,-0.09736233028735315,-0.9540308852019812,8.025934822476113,-0.9582970745785936,0.00894788509906566,-0.2856337728742232,6.375368265877633,67.9679822171083,37.93330397851636,28.608098196344002,17.28469752498732,6.369219488597673,31392.0,73758.83290087046, 0.0, 0.0,-1.7763568394002505E-15,84.79233946249465, 45.13249799466404,45.13249799466404,0.0, 42.81094891560825, 6.347744919461095, -7.066798993406565, 6.347744919461095, 232.6411819757218, -15.282046078846047, -7.066798993406565, -15.282046078846047, 63.87559453291994, 9.657434406419732, 5.789259114790244, 2.0, 0.0
44, 0 ,1.0,1.0,1.0,46.428754813863925,22.796320068463842,167.0201379974326,12.035760085205837,13.234555120247673,11.48431731462163,52.0,52.0,54.0,0.34781906281049824,-0.928651201211511,0.12895288300012814,13.408538149902244,0.7729079863499085,0.361863207840496,0.5212180574845003,12.131766191834238,-0.5306930790788182,-0.0816208631405229,0.8436248517664943,11.177381982902354,63.3123272117993,64.70123120334151,61.516874470047625,20.418698500570862,5.914327162512207,74784.0,251996.83387333938, 0.0, 0.0,0.0,NaN, 61.343074425220394,61.343074425220394,0.0, 144.85952082863403, -11.49643248121537, 11.422206558225417, -11.49643248121537, 175.15344923087392, -2.3732249949601423, 11.422206558225417, -2.3732249949601423, 131.8895441829182, 7.998138085770021, 4.8982698163515455, 7.0, 0.0
45, 0 ,1.0,1.0,1.0,35.11933903274084,53.957254443692726,127.95814625745741,14.338507823313298,13.306261758853339,12.360019304192585,71.0,64.0,60.0,-0.8761050260714967,-0.3368459295875634,-0.34492724307098876,14.60422419983425,-0.4570241053513074,0.8080681423796325,0.3716918675448351,13.603796996022163,0.1535218239212244,0.4832811779817426,-0.8618992705580392,11.707810581246461,70.81047530088412,63.758994261998836,54.11614047053013,22.22495363567435,6.439792053044746,97554.0,244323.80471438018, 0.0, 0.0,-1.4210854715202004E-14,69.82264552191081, 96.61667543369464,96.61667543369464,NaN, 205.59280659921666, 4.767478973353544, 14.878008705646698, 4.767478973353544, 177.05660199512275, 23.268748281911407, 14.878008705646698, 23.268748281911407, 152.77007720001336, 8.327071525192089, 4.943145745647063, 6.0, 0.0
46, 0 ,1.0,1.0,1.0,58.97176453819841,144.01029076396807,86.9358181299886,11.9826729390088,12.239775111673056,11.260244283588765,62.0,57.0,55.0,0.6056985696673928,-0.7007524993551413,0.3769286104163444,13.142637122562277,0.7185781925255162,0.6851712449971018,0.11910393048041439,11.332703942799247,-0.34172302224116574,0.19871159925037968,0.9185527074663269,10.9101126338452,63.09858429821803,52.236246343687355,50.14857263800288,19.724783101824553,5.578761373250004,70160.0,165291.36001346153, 0.0, 0.0,0.0,NaN, 119.03929194604011,119.03929194604011,0.0, 143.58445076325378, -18.164090849438047, 13.064080041555167, -18.164090849438047, 149.81209478433118, -13.41647178862378, 13.064080041555167, -13.41647178862378, 126.79310132609348, 7.380287083685653, 4.679236200881288, 12.0, 0.0
47, 0 ,1.0,1.0,1.0,131.09796704918318,119.5507196055624,182.89871703616257,15.287497424572562,10.054170108384382,9.553008047958013,70.0,49.0,38.0,-0.9789114741777423,-0.002158655076506767,0.20427350765926475,15.498697460261305,-0.10723537481626111,-0.8456676894679743,-0.5228257198894426,10.577962216306062,0.1738761056360967,-0.5337054423538872,0.8276023203753519,8.599474938895076,68.98344089218509,55.202195252723925,44.59349387658327,19.596436488282755,6.483328913427904,57601.0,169813.69128962085, 0.0, 1.4210854715202004E-14,0.0,89.87631807863622, 107.2941318980098,107.2941318980098,0.0, 233.70757750631273, 3.7921440472528634, -31.11877328926738, 3.7921440472528634, 101.08633656833, 16.702381871475257, -31.11877328926738, 16.702381871475257, 91.25996276435058, 7.7529809559942295, 4.952109365779093, 8.0, 0.0
48, 0 ,1.0,1.0,1.0,124.07125680293633,9.620649284900646,49.70038602708518,8.974622015802801,6.388571948920339,13.294608416119328,43.0,26.0,58.0,-0.09964533720310244,0.05625066099916147,0.9934317640939601,13.347237562452872,0.9945329538644371,-0.025700778488291165,0.10121103528160283,8.922087070740067,-0.031225157347210784,-0.9980858345464352,0.0533821733014751,6.35231584263527,58.454772969460166,43.28854959153038,27.413707393301408,16.371475449628303,5.484441303653473,31604.0,69368.25757048663, 0.0, 0.0,0.0,NaN, 91.2571055172691,91.2571055172691,0.0, 80.54384032653233, -1.7756518855080365, -9.689636417320258, -1.7756518855080365, 40.81385154653182, 7.59814985693981, -9.689636417320258, 7.59814985693981, 176.74661293795086, 8.779020281950592, 4.746826360229014, 4.0, 0.0
49, 0 ,1.0,1.0,1.0,48.68302083527287,183.14370566220418,164.1777049546614,15.166579432153844,9.87504827666538,8.837341728161945,62.0,43.0,39.0,-0.9966606787822011,0.016240226391981732,0.08002341167520445,15.198303533880187,-0.05675927441731503,-0.8423267709570499,-0.5359701444079594,10.561246695327046,0.05870158547281324,-0.5387224387157138,0.8404357547648549,7.944303423907275,62.631565255455996,51.63616888098949,41.141536508884926,19.16884552591825,6.180265379586888,53707.0,133053.9540374121, 0.0, 2.8421709430404007E-14,0.0,89.06946266225762, 62.748768902388115,62.748768902388115,0.0, 230.025131671832, -0.40191324793111544, -11.915946726718026, -0.40191324793111544, 97.5165784664719, 22.08156242500828, -11.915946726718026, 22.08156242500828, 78.09860882031235, 8.70378933669242, 5.2192031345401615, 7.0, 0.0
