// Sample: .//bubblelabels.tif, Map: .//bubblelabels.tif, Thickness:(8.191250068658265):/gpfs/home/mader/Foam/NewValid/InSilicoTest/LatticeData_Phi_6.65/out_Step_06000.vtk/distmap.tif, Neighbors:(1.0):
//LACUNA_NUMBER, TRIANGLES, SCALE_X, SCALE_Y, SCALE_Z, POS_X, POS_Y, POS_Z , STD_X, STD_Y, STD_Z,PROJ_X, PROJ_Y, PROJ_Z, PCA1_X, PCA1_Y, PCA1_Z, PCA1_S, PCA2_X, PCA2_Y, PCA2_Z, PCA2_S, PCA3_X, PCA3_Y, PCA3_Z, PCA3_S,PROJ_PCA1, PROJ_PCA2, PROJ_PCA3,OBJ_RADIUS, OBJ_RADIUS_STD, VOLUME, VOLUME_BOX, Mask_Grad_X,Mask_Grad_Y,Mask_Grad_Z,Mask_Angle, Mask_Distance_Mean,Mask_Distance_COV, Mask_Distance_STD, SHAPET_XX, SHAPET_XY, SHAPET_XZ, SHAPET_YX, SHAPET_YY, SHAPET_YZ, SHAPET_ZX, SHAPET_ZY, SHAPET_ZZ, Thickness, Thickness_STD, Neighbors, Neighbors_STD
1, 0 ,1.0,1.0,1.0,182.1421339563863,34.73301207165109,20.265868380062305,11.763620082269757,18.230653995237937,13.327666898981983,50.0,81.0,56.0,0.15762202926260205,0.9837783851671377,0.08564686082442113,18.36677276038511,-0.5246334910641139,0.1569035446089326,-0.8367442726084431,14.369784768868769,-0.8366092253525649,0.08695611862940432,0.5408545437434077,10.224341131292896,90.27689011677028,71.29828950538095,56.53432419630417,24.12850163417664,8.135208441941495,102720.0,363888.14407108474, 0.0, 0.0,0.0,NaN, 43.999896913505616,43.999896913505616,0.0, 138.3827574399803, 27.7068538138029, 47.89876676062284, 27.7068538138029, 332.3567450940849, 6.229959504704028, 47.89876676062284, 6.229959504704028, 177.62670497022, 10.19301631141924, 7.0495149884082675, 7.0, 0.0
2, 0 ,1.0,1.0,1.0,60.51216570459613,82.59532064320015,32.7166705980266,16.622742806159152,18.105007510321123,17.42664842620714,80.0,86.0,70.0,-0.06234543937637582,0.8172790228196016,0.5728595334355566,18.694543179635225,-0.6005566611752962,-0.48915562381086586,0.6325017568451355,17.0435079827486,-0.7971478801997453,0.3046010087856559,-0.521318983483062,16.365446577037453,93.37508840474767,88.24944922756416,81.61403498700561,28.995640089541045,8.188272498936794,224689.0,672524.1425659509, 0.0, 0.0,0.0,NaN, 107.48995174170153,107.48995174170153,0.0, 276.3155783997159, 2.4939925453484313, -11.521369622365544, 2.4939925453484313, 327.7912969487843, 31.2224350434011, -11.521369622365544, 31.2224350434011, 303.68807537062776, 10.540126536527335, 6.7165265732632955, 20.0, 0.0
3, 0 ,1.0,1.0,1.0,53.15383504886746,150.05081638250877,14.639369703619224,19.401608741853448,19.791705080162664,9.538962798454369,96.0,89.0,41.0,0.32343641960645036,0.9424340371559778,0.08489386363009405,19.849747286938285,-0.9382782890775746,0.33103922577558453,-0.10023414210517839,19.47539752797061,-0.12256726609425363,-0.047234697075206514,0.9913355378853286,9.264029727640109,101.11559375550746,108.4308915981196,43.22763068809027,27.662463044176985,9.690921594558231,138538.0,473950.07652441756, -7.105427357601002E-15, 0.0,-1.7763568394002505E-15,74.65921988281282, 74.39463871661256,74.39463871661256,0.0, 376.42242177196414, 2.7883107974414356, 36.06223384830502, 2.7883107974414356, 391.71158998013664, 14.919616547709262, 36.06223384830502, 14.919616547709262, 90.9918112702964, 9.946928928574495, 6.504500500432086, 11.0, 0.0
4, 0 ,1.0,1.0,1.0,167.42447194783898,184.9423925350408,82.61184749931675,17.808910927859724,8.59954604925674,17.421384549778562,73.0,35.0,80.0,-0.7620768296257441,-0.020903193118768485,0.6471491035804764,18.81668551667851,0.6451621468433955,0.06010010250424004,0.761678266697561,16.352945704523464,0.0548152353638614,-0.9979734636734681,0.03231494662822673,8.551470825087389,87.02738402508169,79.1118337119633,36.601303029255774,24.97383139562525,8.421513269241034,102452.0,251996.16238251142, 0.0, 0.0,0.0,NaN, 90.07005005936377,90.07005005936377,NaN, 317.15730843644155, 12.008835683404493, -43.077392574573935, 12.008835683404493, 73.95219225328718, 5.093645062477783, -43.077392574573935, 5.093645062477783, 303.50463963126316, 10.689619419139902, 6.805759191060864, 12.0, 0.0
5, 0 ,1.0,1.0,1.0,14.427339184783042,113.20421878363189,142.3064517414839,9.230377992955361,17.88802051572758,19.68797462679766,37.0,91.0,102.0,-0.04661500680731156,0.2162847151045329,0.9752168800592539,19.78650275321358,0.05445775432649098,-0.9742760378038177,0.2186791145834702,17.81721916562359,-0.9974273879005277,-0.06330184968423917,-0.03363750425468773,9.15633719183391,97.13186225834593,93.71765496039387,39.421263395906486,26.595945236256078,9.244089882706975,125439.0,358850.5919623902, 0.0, 0.0,0.0,NaN, 105.21502394415991,105.21502394415991,0.0, 85.19987789283465, -15.496808392099751, -11.204404894827494, -15.496808392099751, 319.9812779710907, 15.12202445601796, -11.204404894827494, 15.12202445601796, 387.61634490542855, 11.307596035972207, 6.896752206747913, 16.0, 0.0
6, 0 ,1.0,1.0,1.0,57.86554057469687,148.77141392184757,184.70345121431615,18.526242580482158,22.22260392744105,8.795553228344575,92.0,94.0,39.0,0.09177333933506737,0.9945204055082892,0.050068125738015765,22.279170009948608,0.9937455105116916,-0.0882576064647566,-0.06841385268327801,18.520656318780595,0.06362007957514426,-0.05603354288940985,0.9963998833531207,8.663222220908947,97.39772006062324,91.2658369368238,43.149025000034925,28.34284470814028,10.540906028881688,138473.0,383555.3266026089, 0.0, 0.0,0.0,NaN, 78.78307700465481,78.78307700465481,0.0, 343.2216641508702, 14.951275380838483, -16.281855970771304, 14.951275380838483, 493.84412531591835, 22.596588080613923, -16.281855970771304, 22.596588080613923, 77.36175659264266, 9.271759004829656, 6.403860135444853, 17.0, 0.0
7, 0 ,1.0,1.0,1.0,183.2228259079983,176.27599416071212,136.7912783869516,11.018625853606178,14.638079152935205,15.331916974497162,45.0,61.0,75.0,0.0025182508140763407,0.5532437658419338,0.8330156024768525,15.865074372600152,-0.37566540090101813,0.7725271072003739,-0.5119349325905587,14.581844125425079,0.926751943606656,0.3116459597005189,-0.20977995810760233,10.316025986585188,79.03442031065478,74.24559964330251,56.41772507236337,22.739401796196656,7.326033104833525,91107.0,331056.8371420975, 0.0, 0.0,0.0,NaN, 69.56755358305875,69.56755358305875,0.0, 121.41011570175849, -30.620917793985477, 20.730627256594442, -30.620917793985477, 214.27336128759626, 24.949699857968746, 20.730627256594442, 24.949699857968746, 235.0676781128742, 10.522655953476526, 6.758422262252188, 7.0, 0.0
8, 0 ,1.0,1.0,1.0,81.14493026965275,21.733160175026406,43.10980643631582,17.239112371185623,13.535512938161974,19.790637237860295,92.0,55.0,86.0,-0.3075943583249624,0.06802246133874873,0.9490830603693615,20.10732210035142,0.9486003667639111,0.09996702582475332,0.3002731055607988,16.930417993814327,0.07445169509170446,-0.992662852383009,0.09527542493634096,13.458193513007059,95.17394884698635,89.07616121704673,60.8909094894059,28.17643047949578,8.840542605525139,185572.0,516216.69078498794, 0.0, 0.0,0.0,NaN, 94.4207888689603,94.4207888689603,0.0, 297.1869953463652, 5.336261165976781, -35.098820102735864, 5.336261165976781, 183.21011049915018, 17.575681649783117, -35.098820102735864, 17.575681649783117, 391.66932228058255, 9.609497008313674, 6.1775036308566715, 13.0, 0.0
9, 0 ,1.0,1.0,1.0,51.78911700789203,183.21608715543863,121.74222234930802,14.65157471780635,9.71127868513131,12.701561619593331,61.0,37.0,60.0,-0.9637881747521471,0.024833411558280796,0.26551018036659657,14.806661215600938,-0.26095192342703183,0.11723336701712439,-0.9582068833595181,12.558801895022421,0.05492219831414455,0.9927938554041346,0.10650780630609434,9.661600364125734,62.713464724735175,64.21514529411184,41.329033577298645,20.723825812081728,6.389858112553005,69944.0,166438.3931859835, 0.0, 0.0,0.0,NaN, 95.33148553157088,95.33148553157088,0.0, 214.66864171146221, -4.982524797799357, -16.11766871136496, -4.982524797799357, 94.3089337002857, -6.4016491562885465, -16.11766871136496, -6.4016491562885465, 161.3296675763264, 10.864355320365078, 6.572264579197014, 9.0, 0.0
10, 0 ,1.0,1.0,1.0,169.75946719113176,95.20059896298945,16.628043983550867,16.115457125962077,15.899060219331622,10.41907463600095,66.0,78.0,41.0,0.778829061786945,0.6151525635983595,0.12252598097723526,16.58396237113292,0.6179120613084281,-0.7860272160446551,0.018598390431938196,15.493372775098441,-0.10774960327368656,-0.061225314498626955,0.9922910278032888,10.2943082638854,81.4113974545169,72.31305377213471,44.4160813566493,23.831318130730907,7.287898644953685,111860.0,261482.21288708303, 0.0, 0.0,0.0,NaN, 101.26270643329204,101.26270643329204,0.0, 259.7079583787219, 15.875937025730357, 17.67315529609713, 15.875937025730357, 252.78011585793328, 10.782069739433428, 17.67315529609713, 10.782069739433428, 108.55711627055834, 9.583822474344544, 6.088307307053991, 13.0, 0.0
11, 0 ,1.0,1.0,1.0,88.02969363815866,179.34848057460906,79.30472442570054,16.18103252782825,11.925978134948682,18.85320945418804,82.0,54.0,88.0,0.5211745016718764,-0.11833688068798696,0.8452062005665294,20.45551093780218,0.8529901336661506,0.1047367764382211,-0.5113101206993003,14.265257155320818,0.028017328125181436,-0.987434347351948,-0.15552632894258991,11.729142570171906,90.5379289555566,73.54908173931848,59.810103556152086,26.28490174676712,8.282645412426188,145351.0,398274.37532207574, 0.0, 0.0,0.0,NaN, 120.27032690086808,120.27032690086808,0.0, 261.82581366663595, -11.431823944520561, 94.96407186313414, -11.431823944520561, 142.22895447527404, -31.621336637591607, 94.96407186313414, -31.621336637591607, 355.44350672348526, 10.17281035500244, 6.238130411055513, 14.0, 0.0
12, 0 ,1.0,1.0,1.0,155.51343736454268,181.8642055579637,181.44614217598613,18.095800680336232,11.60201735487514,10.896199338286772,79.0,53.0,48.0,-0.9943672127045414,-0.09998451168553232,-0.035170210707453596,18.16494023363028,0.054311126275489535,-0.7656132250576293,0.641004439282244,12.83046852661946,-0.09101729429558354,0.6354836638654544,0.7667309600500356,9.284718233798465,79.56941979373812,71.07415838222464,51.03201804756793,22.778753154385893,7.868949975472706,83052.0,288602.8793952728, 0.0, 0.0,0.0,NaN, 51.49958189457448,51.49958189457448,0.0, 327.4580022624573, 20.974251632679657, 11.25467906048731, 20.974251632679657, 134.60680670282397, -37.6258537848484, 11.25467906048731, -37.6258537848484, 118.7271600196811, 10.193738131652703, 6.65164298748147, 7.0, 0.0
13, 0 ,1.0,1.0,1.0,21.48762379536942,44.99364861442491,57.164076349919355,12.404345098831339,16.851253280638105,16.946127134343612,53.0,85.0,82.0,0.2869878260711295,-0.7762312717912095,-0.561340360548187,17.30313755134865,0.04486182966108135,-0.5744567356587198,0.8173046403243944,16.88539658114448,-0.9568831715138622,-0.2597392376013472,-0.13003893464591176,11.852786697188009,87.51555613507166,82.17820204903768,62.53886945567933,25.807599377025962,7.679293828684025,150046.0,449771.48501956806, 0.0, 0.0,7.105427357601002E-15,55.85145662347007, 75.85432101699334,75.85432101699334,0.0, 153.86777733090105, -39.127449545625865, -20.297160938766933, -39.127449545625865, 283.96473712821654, 1.3380854188813749, -20.297160938766933, 1.3380854188813749, 287.1712248533368, 11.04368006933269, 6.266470546981374, 13.0, 0.0
14, 0 ,1.0,1.0,1.0,133.25841870273226,117.28602111346862,116.95861265506424,13.19195896364976,17.01363025686753,17.669023564488437,68.0,86.0,87.0,0.29896954891657185,0.6687146698995423,0.6807627333232682,17.988827254224415,-0.24192130177667098,-0.6369719897002951,0.7319431453903559,17.394806542018536,-0.9230879116136783,0.38351971865654133,0.028658904973934345,12.227370482727963,82.32655357132128,86.68531153401355,65.22294587535737,26.69324996595797,7.947087252154794,153646.0,465463.7452461641, 0.0, 0.0,0.0,NaN, 134.87739984694625,134.87739984694625,0.0, 174.02778129861926, 58.39261374646764, 8.327299666315701, 58.39261374646764, 289.46361451739824, 7.8859899265879765, 8.327299666315701, 7.8859899265879765, 312.1943937224477, 9.290107594391984, 6.1971054804076795, 28.0, 0.0
15, 0 ,1.0,1.0,1.0,78.16088514743153,91.6532874831132,159.48459253966305,14.121029372206053,17.212676464861865,18.33945467550843,75.0,83.0,84.0,-0.057610216604938924,0.054607154011474625,-0.996844582506972,18.359466657806397,0.23165193479251228,0.971981876252722,0.039857412649646116,17.37401595448868,-0.971091367508546,0.2286247820491163,0.06864593930726492,13.895641513216006,86.88959558554822,82.94366512314606,76.17415269803226,27.617334412973214,8.324550398173555,179134.0,548982.6637490139, 0.0, 0.0,0.0,NaN, 127.08637737841654,127.08637737841654,0.0, 199.40347053070604, 24.037314271644007, 9.272868595614733, 24.037314271644007, 296.27623108400957, -3.623862173269515, 9.272868595614733, -3.623862173269515, 336.33559779502804, 9.989525271457321, 6.3089761881916795, 22.0, 0.0
16, 0 ,1.0,1.0,1.0,119.19014156575132,50.60733412928535,14.50709534368071,16.682662499474056,18.46916060184057,9.457617108820678,77.0,94.0,39.0,-0.5376548135485198,0.8420309619033808,0.043716823582846495,19.65111392188054,-0.8414764943785406,-0.5325766620911313,-0.09099125454828388,15.331198455565975,-0.05333489361110762,-0.08570856545256224,0.9948916679375475,9.362463261894256,97.65304143093184,72.5463279131411,43.41762513393091,25.27765343474701,8.36109320710203,117260.0,307586.5020992004, 0.0, -7.105427357601002E-15,0.0,32.64479030225357, 96.44579463692071,96.44579463692071,1.9073486328125E-6, 278.3112280713579, -69.08939213496957, 4.268845319949539, -69.08939213496957, 341.10989333657994, 18.130937216479786, 4.268845319949539, 18.130937216479786, 89.44652137705759, 9.499437963955693, 5.891569832406941, 9.0, 0.0
17, 0 ,1.0,1.0,1.0,50.03734839476813,12.745017835909632,119.36140309155768,16.557470155167394,8.261245830328404,15.570169317815216,77.0,33.0,72.0,-0.8950942389319578,0.12196822418777353,0.4288706748185281,17.002277743656485,-0.42130690603127263,0.08352971807250595,-0.9030632741558499,15.232508478059229,0.1459684704351428,0.9890129111832711,0.02338091425963123,7.9825691470371,79.3827048187859,76.14820239686166,37.85754412069875,22.89094078267847,7.799551479266581,84100.0,228843.18592641223, 0.0, 0.0,0.0,NaN, 95.75361625222989,95.75361625222989,0.0, 274.149817939259, -30.525839488972625, -22.474032902621964, -30.525839488972625, 68.24818266911845, -0.9078486576057184, -22.474032902621964, -0.9078486576057184, 242.43017258543432, 8.613014489580632, 5.657234105948968, 8.0, 0.0
18, 0 ,1.0,1.0,1.0,186.406113927445,27.981816556638105,171.9435087405667,8.032133147920261,15.474877664589696,15.124778675044734,32.0,72.0,59.0,0.010502627546884413,0.7721098677685776,0.6354022717216241,16.19547523078676,-0.04233542514640349,-0.6345242134804664,0.7717426606613558,14.360141258342436,-0.9990482503824751,0.03500535103929332,-0.026023428028051007,8.014914640746229,81.36824065872594,73.64313515440918,33.73131902318664,21.941844598338164,7.162498672348051,78313.0,202125.22623375183, 0.0, 0.0,0.0,NaN, 41.89203382689372,41.89203382689372,NaN, 64.51516290591945, 5.419908651599135, -3.3169122876788295, 5.419908651599135, 239.47183873401707, 27.642084410590613, -3.3169122876788295, 27.642084410590613, 228.75892996908794, 8.750115423485465, 5.648533902797738, 9.0, 0.0
19, 0 ,1.0,1.0,1.0,22.04929936636094,172.82819996369327,44.16415833196463,15.034266938222503,14.408515724629318,14.27516245974566,65.0,63.0,74.0,0.670784243315742,0.5358481046915092,0.5127526768509787,17.23418993629351,0.10728723267175622,-0.7542015909009325,0.6478189638997448,13.135292633696267,-0.7338514486086157,0.3795349377607018,0.5633962037447685,12.956139690342809,85.73390372153334,63.61869284846392,72.98902973534388,24.08074180895389,7.585027682170487,115681.0,398102.5239089757, 0.0, 0.0,0.0,NaN, 56.34670532454657,56.34670532454657,0.0, 226.02918236973022, 46.045312329657, 44.74753680408048, 46.045312329657, 207.6053253868903, 33.20269087135711, 44.74753680408048, 33.20269087135711, 203.78026325213176, 10.099150257875392, 5.9486610474423, 9.0, 0.0
20, 0 ,1.0,1.0,1.0,110.08329831171655,71.08439968118252,63.46285776393015,12.807140833677508,14.586042411607615,16.938471559537327,61.0,72.0,80.0,-0.14546269742341153,0.2546851269902044,0.9560209672116445,17.192836545897947,-0.04461243371784168,-0.9670043840329704,0.2508231488893858,14.387784289334572,-0.988357392048077,0.00616501021891261,-0.15202518946847093,12.691940083759222,77.4252742001688,71.36642057096452,60.31446095580837,24.76854588531907,7.085650504150127,138010.0,333271.4552345811, 0.0, 0.0,-7.105427357601002E-15,17.055525792673397, 131.01732494635465,131.01732494635465,0.0, 164.02285633364983, -3.0020162215409814, -19.219317533903954, -3.0020162215409814, 212.75263323321607, 21.612170370014724, -19.219317533903954, 21.612170370014724, 286.9118187732549, 9.006277189543002, 5.6853143407500575, 11.0, 0.0
21, 0 ,1.0,1.0,1.0,141.05023298878314,40.53731615135923,86.48241579770199,15.229004521680665,12.890078425894146,16.84691417892316,73.0,66.0,88.0,-0.3592711375143499,0.05783450330587125,0.9314394344113351,17.160272426121885,0.8883833898241136,0.32688615041795815,0.32236686763615335,15.143840347325487,0.28583072339019505,-0.9432924333907761,0.16881997119401054,12.57316060881557,80.0756876842825,72.33386579899005,65.5513051075841,24.996777601213548,7.553563890964628,131766.0,379685.2236856095, 0.0, 7.105427357601002E-15,0.0,86.68447698565855, 112.23884030779459,112.23884030779459,0.0, 231.92257872137012, 17.857501209675544, -25.23625298001681, 17.857501209675544, 166.1541218257017, 14.85556184085819, -25.23625298001681, 14.85556184085819, 283.81851735200223, 8.824680482722806, 5.678547223407524, 13.0, 0.0
22, 0 ,1.0,1.0,1.0,54.913614473100566,76.01629332741905,93.07487643368607,14.344350500769286,14.897114966273604,14.425121475909084,70.0,75.0,63.0,-0.1682895273709506,0.7747331771390964,0.6094810409005551,16.228522122614088,-0.8771296639060628,0.16444358436001758,-0.45122262826554654,14.725506791202381,0.44980238735838196,0.6105299434121078,-0.6518673181897595,12.472492720386905,76.28332711320927,71.72191743291555,63.91567084496789,24.238709667289594,6.9464745638947365,126248.0,349694.5547445707, 0.0, 0.0,0.0,NaN, 132.12461742191147,132.12461742191147,0.0, 205.76039128892006, -22.893711622926222, 13.195287072949617, -22.893711622926222, 221.924034318373, 46.35560942887003, 13.195287072949617, 46.35560942887003, 208.08412959473347, 8.678016506877169, 5.610018345651984, 11.0, 0.0
23, 0 ,1.0,1.0,1.0,117.69903918752868,150.97198247146432,159.78808829407672,16.3249774716374,12.784585934205438,15.516834062967778,77.0,66.0,76.0,-0.93630471919408,-0.3510585749485091,-0.009557707361986944,16.834584660216027,0.007290010275461251,-0.04663815408371952,0.9988852478307241,15.523223277202868,0.3511129854691778,-0.9351912956923758,-0.04622674438175062,12.097477617270282,85.0081689921431,76.81308569084567,63.06331492842372,24.83953095022491,7.329418017077285,135094.0,411787.03546668217, 1.4210854715202004E-14, 0.0,-2.8421709430404007E-14,66.31895225776073, 103.89510333254071,103.89510333254071,0.0, 266.5048894494686, 45.017268445118184, 1.9155113762311358, 45.017268445118184, 163.44563750908355, -3.948192264696546, 1.9155113762311358, -3.948192264696546, 240.77213933767712, 9.200804835290167, 5.775272847578043, 15.0, 0.0
24, 0 ,1.0,1.0,1.0,183.65338622347048,20.27125980832151,115.01540376986999,10.251135691782567,11.447782253295399,15.281543626877877,42.0,44.0,70.0,-0.22391349998050478,-0.3060738627244002,0.925300780872601,15.90475543311974,-0.2318861014217128,-0.9054120562568847,-0.35560911736360135,10.992491986056447,-0.946621138837455,0.29419007281287624,-0.1317597076667791,9.79116702234766,77.64799289878816,53.67335109903297,47.60129745100056,20.605983541819132,6.712415316759131,69074.0,198384.49937871238, 0.0, 0.0,1.4210854715202004E-14,22.286246043315266, 88.88485446111572,88.88485446111572,0.0, 105.08578297133845, 16.008389586977007, -30.489072631406682, 16.008389586977007, 131.05171851886507, -36.45174190630477, -30.489072631406682, -36.45174190630477, 233.52557562017188, 9.220837404044373, 5.820124638989616, 7.0, 0.0
25, 0 ,1.0,1.0,1.0,174.7576346281557,61.55540247202371,113.92941747861511,14.312172597839297,11.850922135377976,14.964798397240163,61.0,55.0,70.0,-0.5907603951072324,-0.03567575479049758,0.8060579359406341,15.75330541827113,-0.7653576415823516,0.3410108613880157,-0.5458381379923026,13.670891948313635,0.2554013234974464,0.9393821548951905,0.22876042275756708,11.583087357668436,78.36577256993291,73.4089600326227,59.11260592217759,22.846982748789994,6.873369644916786,100889.0,340060.0358279721, 0.0, 7.105427357601002E-15,1.4210854715202004E-14,52.56741143311739, 108.78598144351612,108.78598144351612,0.0, 204.83828447034202, -11.358456310936461, -32.258094379097685, -11.358456310936461, 140.44435545879168, -13.092358720936618, -32.258094379097685, -13.092358720936618, 223.94519107004172, 9.569653609368235, 5.662767016990544, 11.0, 0.0
26, 0 ,1.0,1.0,1.0,11.386411697178419,24.69447465409945,170.59020602984714,7.107908797226096,14.043846003849636,15.972046892633355,28.0,52.0,60.0,0.031956528968726305,-0.2921139896837356,0.9558494637166048,16.160518687173706,0.03986199171204455,-0.9552045344344656,-0.29324958484639574,13.84247012604941,-0.9986940481814337,-0.04747330225384444,0.018880775939968394,7.0768578169230745,71.97510814925622,65.11324492536055,28.938651770004515,21.27376069766379,7.091217509608748,66204.0,135621.94202321902, 0.0, 0.0,0.0,NaN, 40.05500506985914,40.05500506985914,0.0, 50.52236746968412, -7.359450344407766, 4.793144664135985, -7.359450344407766, 197.22961057984335, -19.292231627005737, 4.793144664135985, -19.292231627005737, 255.10628194047882, 8.586195173239098, 5.214101343095747, 6.0, 0.0
27, 0 ,1.0,1.0,1.0,98.20407251458822,184.5860196856257,141.83502795792097,13.073043616869555,9.338572120942096,15.047948626024619,62.0,38.0,63.0,-0.33060968758917414,0.03135483124920145,0.9432465791242095,15.329034670517474,0.907702943099005,0.28421339217439007,0.3087039274096331,13.030297296428916,0.258403950359886,-0.9582482049375627,0.12242457340070727,8.932312408040678,70.23782176257522,65.82197646443453,42.64386855724237,21.028202714346552,6.509135666310358,73861.0,197150.80266519944, 0.0, 0.0,0.0,NaN, 115.17289012713995,115.17289012713995,1.3486991523486091E-6, 170.90446940857382, 21.610185690398982, -23.176701864444436, 21.610185690398982, 87.20892925803696, 12.48650370113274, -23.176701864444436, 12.48650370113274, 226.4407578514762, 9.406598425987127, 5.624410966662241, 7.0, 0.0
28, 0 ,1.0,1.0,1.0,175.3293697978597,150.01509882664394,92.51537926547462,14.585919669676555,10.96035899849435,13.824993800435756,62.0,51.0,65.0,-0.8000552958187348,-0.09400339416245809,0.5925157259671127,15.383069742948937,-0.5977601601876449,0.2087616834789277,-0.7740163760564017,13.063336627879625,0.05093441395400573,0.9734381959821492,0.22321237438408398,10.803674236040626,74.94326746406506,66.15798039784138,52.41827557385645,21.907272836567287,6.639305116681074,89146.0,259894.80155487816, 0.0, 0.0,0.0,NaN, 108.01030386271275,108.01030386271275,0.0, 212.7490526102574, 2.2888258390963747, -31.894494043398648, 2.2888258390963747, 120.12946937587607, -15.393833716502122, -31.894494043398648, -15.393833716502122, 191.13045358208709, 9.41250384301218, 5.54771046643524, 8.0, 0.0
29, 0 ,1.0,1.0,1.0,20.19195416590946,75.44884314831995,175.1744890053658,11.778625168669771,15.455356256372841,14.278660729994142,49.0,73.0,59.0,-0.01188720182092333,0.8150717668387385,0.5792380420304303,16.56866431713373,-0.06550357496193498,-0.5786694464938043,0.8129273973497021,12.975922369692668,-0.9977815272393423,0.028278730468890918,-0.06026887507655191,11.77238300088601,84.22344328472397,67.2144835437154,51.11523296692392,23.034344931746315,7.134644608034901,104551.0,289365.1352623346, 0.0, 0.0,0.0,NaN, 81.95455412362804,81.95455412362804,0.0, 138.73601086402098, -0.1880119094378385, -2.5220305864954287, -0.1880119094378385, 238.86803701140312, 50.16451066412551, -2.5220305864954287, 50.16451066412551, 203.88015224227684, 8.501751767489694, 5.154434742000024, 8.0, 0.0
30, 0 ,1.0,1.0,1.0,89.65902442562313,32.73426759394315,105.63334971915772,13.19532054196186,15.979626081911546,14.031821259023118,67.0,69.0,60.0,-0.38503398367940433,0.8741758862407807,0.2959144324413965,16.73233585685169,-0.11934602621447626,-0.36510458983030636,0.9232849855335334,13.831106045872001,-0.915153187962967,-0.32017988443996476,-0.244907092917353,12.453368383267232,80.57765407316361,69.27829256839563,66.02471430246291,24.029278295825765,6.99647956830654,124091.0,368568.5935745012, 0.0, 0.0,0.0,NaN, 134.2212264177807,134.2212264177807,0.0, 174.11648420512066, -40.45667026267081, -18.219336669726285, -40.45667026267081, 255.34844971770772, 20.098046651160978, -18.219336669726285, 20.098046651160978, 196.89200784517314, 8.187073396608122, 5.168902177371487, 8.0, 0.0
31, 0 ,1.0,1.0,1.0,104.92776417835327,162.07884742970876,18.299009402667522,11.319057140462313,17.976722149245123,11.102801255529693,53.0,83.0,44.0,-0.07540218770873723,0.996518358881378,-0.03557626316943919,18.019462682218478,-0.72929958222966,-0.030781516696505196,0.6835017319579414,12.432297266229408,0.6800269328845581,0.07748327975910399,0.7290814165162851,9.761799978909803,83.43371906244215,66.42388837024072,53.593455393162444,22.683755536017227,7.746161906530985,87422.0,297014.5032556205, 0.0, 0.0,0.0,NaN, 103.9788323722912,103.9788323722912,NaN, 128.12105454905088, -15.907129538118587, -28.92900820871384, -15.907129538118587, 323.1625392311602, -9.380053897332564, -28.92900820871384, -9.380053897332564, 123.27219571979172, 8.088619877120419, 5.256777949998858, 11.0, 0.0
32, 0 ,1.0,1.0,1.0,153.61517559247412,89.31079237322143,68.69989337185704,10.661881167762552,12.6759151152033,14.99335345737922,51.0,62.0,69.0,-0.0889668660420536,-0.26180486767682537,0.9610115025364552,15.217791419880365,0.2778695290554786,-0.9330553988962295,-0.22846476186292977,12.598408872738473,0.9564901575913586,0.24671001976271373,0.15575860996920715,10.433316832031636,69.03784071102886,64.85722706679398,48.121489732260954,21.462320238992646,6.206769844304531,87219.0,215468.92251627703, 0.0, 0.0,0.0,NaN, 121.85091267181467,121.85091267181467,0.0, 113.67571003548976, -10.070037088079468, -13.658592495522733, -10.070037088079468, 160.67882400783947, -20.247916275478197, -13.658592495522733, -20.247916275478197, 224.8006478979054, 8.08047768102339, 5.087694314742498, 8.0, 0.0
33, 0 ,1.0,1.0,1.0,152.78962601064748,49.67357911925972,157.72499767667247,12.243524252191222,11.485030070503605,12.388893975779526,55.0,56.0,57.0,-0.7136258221760403,0.18943566449234425,-0.6744273978286429,12.803300259699387,0.4893251669251459,-0.5541421003359256,-0.6734147411877522,12.22207386320996,-0.5012973837326993,-0.8105804473669677,0.30275447380529075,11.044949466597586,59.46257278280757,59.506638855692906,55.8997438018944,20.103807660194082,5.579553148717712,75323.0,197796.6509445954, 0.0, 0.0,0.0,NaN, 80.51993353306518,80.51993353306518,0.0, 149.90388611399462, -13.095302434531394, 11.157246965529138, -13.095302434531394, 131.90591572037204, 4.8629172746218785, 11.157246965529138, 4.8629172746218785, 153.48469394310624, 8.26577398957524, 5.03949616252547, 13.0, 0.0
34, 0 ,1.0,1.0,1.0,120.85695886661837,79.27572513348896,178.53591456706647,12.360595048586177,11.981869871911512,12.81803934146305,59.0,55.0,52.0,0.38272394578421004,0.4518904436978181,-0.8058023381809919,13.918121267360016,0.8035831392422819,-0.5931702283477666,0.049022632807485644,12.54680746691859,0.45582509765137347,0.6662913079850643,0.5901519916552583,10.464949637575193,67.31706208102305,59.78058138919173,58.01099165929088,20.564878724991573,6.143078313698085,74538.0,233450.91351879068, 0.0, 0.0,0.0,NaN, 114.05686528549214,114.05686528549214,0.0, 152.7843099551331, -8.273380270824768, -24.079691954255487, -8.273380270824768, 143.5652056274208, -32.052806839203704, -24.079691954255487, -32.052806839203704, 164.30213255929453, 8.506676042111351, 5.089472188769171, 10.0, 0.0
35, 0 ,1.0,1.0,1.0,48.554767502091885,31.264872295493486,11.02454476630673,12.639119399966802,13.269063510152325,7.498782306545501,59.0,59.0,30.0,-0.6036489638943059,0.7936394356209449,0.07579165268417765,14.039368548484996,0.7881503462269092,0.6083786274399795,-0.09324418167719589,11.84373263835859,0.12011228135263423,-0.00344846364553255,0.9927543240735599,7.39386567871792,70.48289669010286,59.14809717370812,33.018764391436854,18.8112397115271,6.1793512798268635,50194.0,137652.89176265468, 0.0, 0.0,0.0,NaN, 58.792842031492356,58.792842031492356,6.743495761743046E-7, 159.74733920661717, -27.19057325457844, -12.807735457675662, -27.19057325457844, 176.06804643645592, 3.711453108577812, -12.807735457675662, 3.711453108577812, 56.23173608095987, 8.130939905503316, 4.881365720988722, 2.0, 0.0
36, 0 ,1.0,1.0,1.0,11.347392283903108,173.30210884258545,137.2724563048376,7.1384650327405454,14.383921561319951,16.427254178218416,29.0,54.0,74.0,0.03187165188651646,0.1630710156285686,0.9860994075994022,16.48678785339872,-0.021005212132612177,-0.9862734493455257,0.16377870490189858,14.32586984750813,-0.9992712238773258,0.02593312510952635,0.028008822766495817,7.117923976198443,79.23718481565697,61.84253754811394,30.62098135617567,21.804032792681824,7.231439436050945,71461.0,150049.80790249456, 0.0, 0.0,0.0,NaN, 69.11067531088412,69.11067531088412,0.0, 50.95768302365948, 4.351508486906437, 6.418679730655918, 4.351508486906437, 206.897199482205, 10.59465919641275, 6.418679730655918, 10.59465919641275, 269.85467983579434, 9.771184615140362, 5.967044843409168, 8.0, 0.0
37, 0 ,1.0,1.0,1.0,46.38199649924507,22.83032027899146,166.9799708715811,12.017323193403843,13.225624655029108,11.499347424927,52.0,52.0,54.0,0.3352811037702247,-0.9315825539159449,0.14050098467294025,13.386914130667153,0.7702627831228639,0.35692750090795283,0.5284865220906056,12.14694055970245,-0.542477489293741,-0.0689688649685436,0.8372344171583669,11.17186468530704,63.149988532318844,64.61048813710164,61.78245655669002,20.414268584614295,5.901341678365659,74841.0,252081.78804036908, 0.0, 0.0,0.0,NaN, 61.34195503029671,61.34195503029671,NaN, 144.41605673472193, -10.739862193932296, 11.81846331225346, -10.739862193932296, 174.91714751571382, -2.83115337718364, 11.81846331225346, -2.83115337718364, 132.23499119917525, 8.001390165438913, 4.895777515375918, 6.0, 0.0
38, 0 ,1.0,1.0,1.0,114.53719675728392,154.84845483359746,61.52209557478971,10.100786751901094,12.35963978147625,13.928589559483859,51.0,55.0,60.0,0.15774514349303198,-0.4354421291096782,0.8862881144982107,14.63890528166456,-0.4121978085548845,-0.8446277426740793,-0.34160934256521663,12.041924066782697,0.8973346289578453,-0.3114388037828923,-0.3127242158378009,9.459741675970164,62.60482147696879,55.81870708134369,47.73092569337505,20.299924414658268,6.058486973736705,65624.0,166796.68361370816, 0.0, 0.0,0.0,NaN, 114.57539444806834,114.57539444806834,0.0, 102.02589300738066, 10.756802720821454, 25.2674869666879, 10.756802720821454, 152.7606955278503, -32.14820430800809, 25.2674869666879, -32.14820430800809, 194.00560711656274, 7.989206890571387, 5.017959716957907, 9.0, 0.0
39, 0 ,1.0,1.0,1.0,35.11052367339829,53.97479482371745,127.95058351007695,14.367042770231945,13.318250363175075,12.326895914027142,71.0,64.0,60.0,-0.888979170397879,-0.31619110086473334,-0.3312691086301996,14.607431973274716,-0.43138856603585274,0.8209666419806531,0.3740557148989177,13.626597234368358,0.1536877994254255,0.475433444857382,-0.8662234699076287,11.69097312166965,71.36909279847347,64.20192038873233,53.84221164907761,22.230970767588012,6.443912810073989,97599.0,246706.7805578334, 0.0, 0.0,-1.4210854715202004E-14,70.65417667500608, 96.6289075040231,96.6289075040231,0.0, 206.41191796167402, 4.203392332263208, 14.679300563292161, 4.203392332263208, 177.37579273621301, 23.08260776682994, 14.679300563292161, 23.08260776682994, 151.95236287525907, 8.320727962672471, 4.943465947530727, 6.0, 0.0
40, 0 ,1.0,1.0,1.0,58.83060653277931,144.25346260387812,86.54097414589104,12.03525723746751,12.203192018625051,10.936958424413147,62.0,57.0,51.0,0.6439973651513364,-0.7244724106610737,0.24577859929023346,12.861963566894513,0.7367441954982199,0.6738595411318464,0.055868678391905575,11.45990466653388,-0.2060955702527768,0.14509667472588772,0.9677146123241462,10.799205990748717,57.104100332114996,51.6127487185865,49.175741572189324,19.584293082899666,5.462402057326197,69312.0,144935.64254299825, -7.105427357601002E-15, 0.0,0.0,49.909457084814356, 118.5666770336071,118.5666770336071,0.0, 144.84741677201407, -15.470179702906691, 8.3305860088717, -15.470179702906691, 148.91789544343413, -8.136943585456942, 8.3305860088717, -8.136943585456942, 119.6170595773417, 7.423291434529594, 4.686743948614401, 11.0, 0.0
41, 0 ,1.0,1.0,1.0,130.7427486425184,119.97963777579216,183.56534813389237,15.487367163307491,10.211794940509098,9.430350766861993,72.0,50.0,38.0,-0.9842415020905788,-0.08366224452349388,0.15578605330315157,15.658070411092138,-0.007102142011775803,-0.8615820647083962,-0.5075686213229319,10.621292371738907,0.1766867995672737,-0.5006765169389398,0.8474106444012641,8.665090449584385,72.28764630742106,55.05600164628231,44.04779356588753,19.738326338886218,6.593124182343565,58196.0,175304.4381811979, 0.0, -1.4210854715202004E-14,2.8421709430404007E-14,80.030853740036, 107.09772648402473,107.09772648402473,0.0, 239.8585416510951, 14.236840283548455, -25.944294678113433, 14.236840283548455, 104.28075590700719, 14.282062986092978, -25.944294678113433, 14.282062986092978, 88.93151558605459, 7.70306165489952, 4.965117901937181, 6.0, 0.0
42, 0 ,1.0,1.0,1.0,125.2252821290214,10.512990567626748,43.0436668351019,9.430268401681083,7.118481026482148,18.639377186631425,45.0,29.0,83.0,-0.13143296158807685,0.014050343356849135,0.991225486183513,18.766102913074135,0.9306044498056931,0.34631843519032884,0.11848586181129582,9.463502755489056,0.34161489225446645,-0.9380117959273634,0.05859296963879501,6.730870167400993,86.16757329942692,49.27651653650551,33.59572494660742,20.407796418530157,8.39946197666657,47496.0,142648.71974163374, 0.0, 0.0,0.0,NaN, 86.9168491028679,86.9168491028679,9.5367431640625E-7, 88.92996212774469, 13.695511220447958, -35.098371128844335, 13.695511220447958, 50.67277212438634, 6.089566649038577, -35.098371128844335, 6.089566649038577, 347.42638190551605, 8.308108461258692, 4.596328061559246, 4.0, 0.0
43, 0 ,1.0,1.0,1.0,171.17988028231932,103.97696774769946,120.77230411864558,8.275241614977158,12.611030917524932,16.85320790943936,43.0,53.0,73.0,-0.13643657211466145,-0.012286295852179739,0.9905726165828697,16.975073323824613,0.18563067796437854,0.9818943184025815,0.0377465082784477,12.753873368344756,-0.9731013889559944,0.18903067058803538,-0.13168558155299914,7.793198392368385,71.35803232348754,55.17082039014544,40.18847614631758,21.51782880539754,6.966447080789039,55965.0,158217.2555827379, 0.0, 0.0,0.0,NaN, 127.78125769507898,127.78125769507898,0.0, 68.47962378624977, 18.959490139978502, -30.021581087508515, 18.959490139978502, 159.03810080276975, 1.0099437149813406, -30.021581087508515, 1.0099437149813406, 284.03061683878934, 9.34967726474365, 5.5014236304392785, 9.0, 0.0
44, 0 ,1.0,1.0,1.0,48.537987007078776,183.34231070187252,164.48783505905047,15.086990762523218,9.918327695302931,9.144017349901857,62.0,43.0,41.0,-0.9938986192154172,0.03419154741388868,0.10486406823660574,15.139545430871694,-0.08946758458351176,-0.8059475413407398,-0.5851872451750888,10.811144621266243,0.06450648053087292,-0.590998729856724,0.8040891836589142,7.9697480487038135,63.10339806012777,52.582345192589344,41.12552247270034,19.27448971564177,6.172326468747595,54953.0,136459.6102565473, 0.0, 0.0,0.0,NaN, 62.40615878457433,62.40615878457433,0.0, 227.61729026846092, -1.7827247573409581, -14.47492139984642, -1.7827247573409581, 98.37322427141315, 25.76213008760574, -14.47492139984642, 25.76213008760574, 83.61305329530617, 8.646534213671625, 5.205823098367386, 5.0, 0.0
46, 0 ,1.0,1.0,1.0,118.35078645179968,116.08437711087522,51.254598089356364,12.393892487123805,8.745469709371763,11.06753050318273,57.0,38.0,55.0,-0.989394153099552,-0.07466785248218018,-0.12459503047120146,12.432786949595432,0.12266524455763844,0.029914357670898273,-0.991997161781601,11.04553421942675,0.07779747804418202,-0.9967596716414829,-0.020437940187995177,8.718028752662226,56.9928095465319,56.728880500732515,38.49529306402201,18.0363388314248,5.2223102566618165,51815.0,124460.60568849715, -1.4210854715202004E-14, 0.0,0.0,8.35208477761117, 127.81024866265956,127.81024866265956,1.9073486328125E-6, 153.60857098238392, 5.973238668970938, 4.088206602872921, 5.973238668970938, 76.48324043753904, -0.6340847794396571, 4.088206602872921, -0.6340847794396571, 122.49023143888019, 6.911664138924002, 4.31175792260784, 9.0, 0.0
47, 0 ,1.0,1.0,1.0,159.6770694965478,51.59061117841972,42.44218838950764,12.421183229321658,12.577660011434164,10.801045602949356,62.0,58.0,55.0,-0.7914865104921687,-0.43622367797294487,-0.4280864474433716,13.775391345153318,-0.2421913524803767,0.8669332516598632,-0.43562608502037875,12.489683362165948,0.5611527889021458,-0.24111333422731457,-0.7918155767381261,9.13193917507741,62.788745361017476,58.05418969701956,47.110655584762014,19.87686688546697,5.835758143906268,68507.0,171725.39367460296, 0.0, 0.0,0.0,NaN, 78.03120684341347,78.03120684341347,0.0, 154.28579281638162, 21.482200229176392, 43.700111430090246, 21.482200229176392, 158.19753136323004, -7.554459900854967, 43.700111430090246, -7.554459900854967, 116.66258611699163, 7.579908402123888, 4.4000229881911315, 4.0, 0.0
48, 0 ,1.0,1.0,1.0,8.430788631293044,118.68464448540111,67.40330455588968,5.974205455649366,10.013541027111401,13.302386624378407,24.0,47.0,55.0,-0.04523418606923689,-0.14377308763639857,0.9885763337659617,13.377839812880529,0.07281558373542389,-0.9874314560036627,-0.14027476772304845,9.944385273587468,-0.9963191050943081,-0.06563854786619018,-0.05513457951317583,5.920998910974457,57.966025548037855,49.27121680673612,25.526339789355312,16.692270512292634,5.855230975532122,30927.0,72904.6715407078, 0.0, -1.4210854715202004E-14,0.0,81.73376213243716, 105.95504095825345,105.95504095825345,NaN, 35.69113082631065, -3.6536850803181338, -7.087212681414973, -3.6536850803181338, 100.27100390164327, -11.612234315207145, -7.087212681414973, -11.612234315207145, 176.95348990444157, 7.329677508203019, 4.556167779765296, 8.0, 0.0
49, 0 ,1.0,1.0,1.0,50.05203792986888,139.96240815527761,49.46665124802078,11.00527756270425,13.541695969380118,9.133364369678283,53.0,59.0,40.0,-0.43484837866606313,-0.8978953158859249,0.06849006702881383,14.269193948535916,-0.8648999398854785,0.3952706063918637,-0.30936910270533485,10.181576700551682,0.2507089578726531,-0.193765707576763,-0.948472387057043,8.979844576519413,66.79104926655023,50.458713472195036,42.66474417285279,18.831736564949203,5.7686832654361195,56209.0,143788.31197422402, 0.0, 0.0,0.0,NaN, 92.50226224876786,92.50226224876786,0.0, 121.1161342321616, 40.142129483637994, 2.498924462266551, 40.142129483637994, 183.37752972712573, -10.378248428417699, 2.498924462266551, -10.378248428417699, 83.41834470930877, 7.310671909614183, 4.327053275110329, 5.0, 0.0
50, 0 ,1.0,1.0,1.0,141.51546649246848,147.4474715647095,17.42368582846603,8.67228071295195,13.939919822191671,10.236249127012155,37.0,61.0,40.0,-0.03052275469724464,-0.9800427733821993,0.19642943717024564,14.074784788929799,0.23205544052305677,-0.19809949696558635,-0.9523165764731978,10.133574036340836,-0.9722235514372927,-0.016515194316426177,-0.23347079986017266,8.574480975484004,65.1910651529893,47.294285264394794,41.152864619689126,18.49824705685918,5.667933435304104,52048.0,126881.06493293209, 0.0, 0.0,0.0,NaN, 80.5344257593278,80.5344257593278,0.0, 75.20845276423839, 2.3857359627729853, -7.192669595218191, 2.3857359627729853, 194.32136464913228, -18.47981945406129, -7.192669595218191, -18.47981945406129, 104.7807961902571, 7.890656126088778, 4.459984023131573, 5.0, 0.0
