// Sample: .//bubblelabels.tif, Map: .//bubblelabels.tif, Thickness:(8.191250068658265):/gpfs/home/mader/Foam/NewValid/InSilicoTest/LatticeData_OldFoam/out_Step_07000.vtk/distmap.tif, Neighbors:(1.0):
//LACUNA_NUMBER, TRIANGLES, SCALE_X, SCALE_Y, SCALE_Z, POS_X, POS_Y, POS_Z , STD_X, STD_Y, STD_Z,PROJ_X, PROJ_Y, PROJ_Z, PCA1_X, PCA1_Y, PCA1_Z, PCA1_S, PCA2_X, PCA2_Y, PCA2_Z, PCA2_S, PCA3_X, PCA3_Y, PCA3_Z, PCA3_S,PROJ_PCA1, PROJ_PCA2, PROJ_PCA3,OBJ_RADIUS, OBJ_RADIUS_STD, VOLUME, VOLUME_BOX, Mask_Grad_X,Mask_Grad_Y,Mask_Grad_Z,Mask_Angle, Mask_Distance_Mean,Mask_Distance_COV, Mask_Distance_STD, SHAPET_XX, SHAPET_XY, SHAPET_XZ, SHAPET_YX, SHAPET_YY, SHAPET_YZ, SHAPET_ZX, SHAPET_ZY, SHAPET_ZZ, Thickness, Thickness_STD, Neighbors, Neighbors_STD
1, 0 ,1.0,1.0,1.0,79.00260634374231,136.12825934822493,39.86007452100395,18.43320868647036,17.544014230448436,19.156512966007504,99.0,93.0,88.0,0.4447210921773203,-0.41107893515904476,0.7957620619513834,19.827932750031774,0.8403340682995504,-0.11594172996345768,-0.5295244743240931,18.211055010630183,-0.30993838714773225,-0.9041966734740771,-0.2938819011961703,17.02228436708704,99.8531289736703,93.37648086379504,93.64822239918134,30.641198610628777,8.698537493046736,264355.0,873169.8249014857, 0.0, 0.0,0.0,NaN, 162.36114172763718,162.36114172763718,0.0, 339.7831824789663, -22.981847783060292, 17.950874425129346, -22.981847783060292, 307.79243531817724, -31.249186460288033, 17.950874425129346, -31.249186460288033, 366.9719890168136, 7.685745381270774, 6.210898642428034, 46.0, 0.0
2, 0 ,1.0,1.0,1.0,58.20343675729535,258.3008714401222,14.419598010470349,18.92152149216749,18.18073459024685,9.147283494396765,112.0,95.0,38.0,0.813019764832687,0.5706976985635885,-0.11533862685859064,19.850623720463748,0.5661226146987461,-0.8211350659444121,-0.07240434105163131,17.31697435296252,0.13602958177564592,0.006429644678285394,0.9906839115233746,8.84935129338971,106.33116153220317,103.12456241381221,45.517422490372496,26.226517595530712,9.187255082868715,122441.0,499114.6737134942, 0.0, 0.0,0.0,NaN, 73.03685494185287,73.03685494185287,0.0, 358.0239755785562, 43.49985375240281, -38.68935868575717, 43.49985375240281, 330.5391102409983, -7.609898409092028, -38.68935868575717, -7.609898409092028, 83.67279532686348, 8.045234992495192, 6.198957681085207, 28.0, 0.0
3, 0 ,1.0,1.0,1.0,258.5641893640589,140.54115034628404,127.49912523163245,17.008787504851234,17.44466009698431,15.514807027459014,92.0,88.0,79.0,0.32377001240774334,0.9099844861994948,-0.2590390201142132,17.638886710183307,0.9380455193817121,-0.3444636310164203,-0.037621941402294426,16.95962585721094,0.12346490446027182,0.2308095357285425,0.965133864074508,15.34812763149083,92.8152698611263,96.76706402867993,80.56647534796042,27.741218392447102,8.046679904550356,193194.0,723604.6692559137, 0.0, 0.0,1.4210854715202004E-14,74.98695135371325, 194.22864947928224,194.22864947928224,NaN, 289.29885238518347, 5.440462408541234, -8.174982929063383, 5.440462408541234, 304.3161658993166, -17.137649438343953, -8.174982929063383, -17.137649438343953, 240.7092370992916, 6.450473074658333, 5.624263736516937, 48.0, 0.0
4, 0 ,1.0,1.0,1.0,78.82751044637527,17.09099124494263,261.87592027591694,16.72713994110084,10.414628433153911,16.90898286481449,79.0,46.0,78.0,0.5725099085268336,-0.02301432745137832,0.8195747344632809,17.044677012850432,-0.8119584426159226,0.1228577004767531,0.5706395297368465,16.6699037158106,0.11382395223906883,0.9921574099736019,-0.05165057338648899,10.284390753254701,92.34370426632105,85.07192978698984,47.83153745983834,24.771887556718482,7.780037558375574,120616.0,375757.7243829927, 0.0, 0.0,0.0,NaN, 89.21504267620091,89.21504267620091,0.0, 279.79721060917103, -19.603874503788422, 6.940567763318758, -19.603874503788422, 108.4644854006579, 8.581894400177214, 6.940567763318758, 8.581894400177214, 285.91370152259003, 7.449452582505343, 5.9234817927474355, 23.0, 0.0
5, 0 ,1.0,1.0,1.0,188.62828979565987,113.32719180566671,236.66090706525182,15.686395720411797,15.435332519637738,16.754352912113767,77.0,92.0,85.0,-0.19211551062571636,-0.13209894261201752,0.9724410007490465,16.794660633371322,-0.7608322913489803,-0.6058283768839532,-0.23260739928647023,16.04152788671231,-0.619859544588676,0.7845520040908326,-0.015883886784330843,15.02097198794118,85.85217580556443,85.65814533389215,79.23420874040455,26.609643395458267,7.54637135047638,173681.0,582683.4706300107, 0.0, 0.0,0.0,NaN, 171.05131081109715,171.05131081109715,0.0, 246.06301069735352, 16.044191222885928, -4.932206175542454, 16.044191222885928, 238.24948999178628, -2.7817283744159216, -4.932206175542454, -2.7817283744159216, 280.7083415036551, 6.847535014939621, 5.6679955992189095, 39.0, 0.0
6, 0 ,1.0,1.0,1.0,276.94409326158046,206.23570306666323,208.7240453691068,13.630831088295457,16.550895329667107,16.892737174040704,56.0,89.0,82.0,-0.14756817710443404,0.6097942108891201,0.7787006186412012,17.61311437747613,-0.09397272531940525,-0.7924029797335006,0.6027160563694262,15.88953534969693,-0.9845774525156051,-0.015765090408389124,-0.1742374871326413,13.505448156174978,87.63907570035389,85.31107708300937,61.16330736954217,26.160369706325728,7.793030118688991,155348.0,457292.6017527717, 0.0, 0.0,-2.8421709430404007E-14,38.858241250430986, 132.87068190054012,132.87068190054012,0.0, 185.7995561576419, -6.283987684849706, -18.657779089330276, -6.283987684849706, 273.93213621359644, 27.22729198164594, -18.657779089330276, 27.22729198164594, 285.36456923121676, 8.247668277015194, 6.0353747888352, 35.0, 0.0
7, 0 ,1.0,1.0,1.0,263.68656738114447,279.3919088840918,28.64758727459061,17.193773904571806,11.758497895511537,16.487828566851757,77.0,52.0,72.0,-0.8739921813721383,0.091938918930937,0.4771633913935385,17.567337662297255,-0.4711388699016316,0.08018325519855043,-0.8784069733634738,16.159410397404375,0.11902030149594824,0.9925310477620212,0.026763539755400544,11.661849242605925,88.84792001459559,84.85107633755688,57.41967697197782,25.394681217203495,7.800435280594229,137583.0,432877.8519179239, 0.0, 0.0,0.0,NaN, 50.636380840864035,50.636380840864035,0.0, 295.6258610815344, -18.59710656978945, -20.201508136599706, -18.59710656978945, 138.26227275874925, -1.2406976577477422, -20.201508136599706, -1.2406976577477422, 271.8484908498928, 7.076899272319723, 5.775827025255198, 24.0, 0.0
8, 0 ,1.0,1.0,1.0,276.3845550325039,206.68849473212285,285.03760367630576,13.404597611680149,16.002262501797734,8.579043804456491,54.0,95.0,38.0,0.16110188559437272,0.9770676775828594,-0.1392297952335489,16.180989463830954,0.9860121984979696,-0.16544944120493477,-0.020160030212665412,13.330295340180559,0.04273320572035741,0.13403445761375377,0.9900548658034304,8.356700366845676,94.59355011190974,59.98359654836372,43.93201779549963,21.40198988112092,7.163132278182205,71376.0,249272.96402479892, 0.0, -2.8421709430404007E-14,0.0,12.294053812874848, 97.4094428693502,97.4094428693502,0.0, 179.68323713106116, 12.62451239341924, -6.4504615796238784, 12.62451239341924, 256.07240517644186, -25.757956734210747, -6.4504615796238784, -25.757956734210747, 73.5999925987833, 6.920285703262786, 5.6824603833674665, 22.0, 0.0
9, 0 ,1.0,1.0,1.0,155.25681037983094,179.49493374183308,14.955723302941937,17.050992745949184,16.16636892006062,9.457468169967624,82.0,77.0,40.0,-0.789688046583141,-0.6135065877097905,-0.001567137643155667,18.315199572376383,-0.6131266709762884,0.7891037618204343,0.03729528681178663,14.724786116373355,-0.021644269940052613,0.0304124960752674,-0.9993030599679127,9.448051667880877,89.13418475964613,73.43387671623432,41.24012641694655,24.121650520588116,7.725122525273921,108364.0,269935.95808305143, 0.0, 0.0,0.0,NaN, 188.93315112711053,188.93315112711053,0.0, 290.73635362241174, 57.556333181670745, -2.6120743401644537, 57.556333181670745, 261.35148405950196, 3.9905752103403245, -2.6120743401644537, 3.9905752103403245, 89.44370418595076, 8.790196126148086, 5.95246547183943, 18.0, 0.0
10, 0 ,1.0,1.0,1.0,47.97843593069701,249.73702495472702,213.68120753650737,15.43959768369479,16.341194118626287,14.62167993993556,84.0,73.0,75.0,-0.3821286414119261,-0.8634957351723764,-0.3291698904088782,17.266588512839416,-0.7876153628854486,0.1180102448321832,0.6047607975567454,15.794416667395316,-0.4833629501311599,0.4903556846349042,-0.7251976013382394,13.10002478577353,80.6886266572651,75.77875387326166,73.4251837028393,25.778225772094107,7.395431168353141,155722.0,448957.0800971879, 0.0, 0.0,0.0,NaN, 110.81169120229708,110.81169120229708,0.0, 238.38117663435355, 34.5126438768951, -21.16792428232632, 34.5126438768951, 267.03462522262635, 41.51910539183603, -21.16792428232632, 41.51910539183603, 213.793524265914, 7.555836100607383, 5.513557978194412, 33.0, 0.0
11, 0 ,1.0,1.0,1.0,14.061137247320143,165.1596958174905,13.439861657107258,8.90732649951927,15.466816701578223,8.082185354663949,35.0,77.0,33.0,-0.035512109940499775,0.9938209903011971,0.10516049298249483,15.537013176668388,0.9991400277737499,0.03305324722789971,0.025033732201997685,8.896239719601022,0.021403152754766088,0.10595905852940957,-0.9941401224011214,7.958815537240939,76.22550325647192,36.791730318112904,35.36787448096434,18.504767302924094,6.438803570622167,46551.0,99188.07783954668, -1.7763568394002505E-15, 0.0,-1.7763568394002505E-15,86.8648922736231, 136.2360198115089,136.2360198115089,0.0, 79.3404653690382, -5.762271364666213, -0.26974385676207063, -5.762271364666213, 239.22241888021907, 18.62183558765762, -0.26974385676207063, 18.62183558765762, 65.32172010714443, 9.78565568586983, 5.7228078482106195, 12.0, 0.0
12, 0 ,1.0,1.0,1.0,24.98926742373636,132.5191048764195,191.01556446225786,13.973684187751074,15.337406476916453,15.00674787266956,65.0,75.0,77.0,0.049424886679481424,-0.8469364821336043,0.5293918924651905,15.520536163736457,-0.30657528637663595,-0.517316872834552,-0.7989961494674203,14.916729416994455,0.9505623463822898,-0.12280817689321562,-0.28521812237016175,13.867462263202901,78.56965693697477,82.70786942320305,67.72132105848891,24.59507690129501,7.126328728758164,134730.0,440075.4195798563, 3.552713678800501E-15, 0.0,0.0,87.16700837654018, 173.3879575780935,173.3879575780935,0.0, 195.2638497790044, 2.7564137582669272, 8.669245945316003, 2.7564137582669272, 235.23603743815875, -9.297985325657603, 8.669245945316003, -9.297985325657603, 225.20248171387237, 6.83072431432301, 5.303958704460988, 30.0, 0.0
13, 0 ,1.0,1.0,1.0,123.23724346196383,234.84739836160026,78.0086754392355,14.567230935418955,15.22266584525747,16.35063505904014,78.0,77.0,78.0,-0.13820881006100216,0.534756730277096,0.8336267535563328,17.12880244534057,0.9296140810927549,-0.2203000173969559,0.2954413013933127,14.530952163865784,0.34163721263292607,0.8157837591900503,-0.4666699831638576,14.378198614431753,82.18203890441475,71.56510437014933,72.93307566831001,25.611422725855718,7.438552638353108,151001.0,428946.12548107305, 0.0, 2.8421709430404007E-14,0.0,57.672585034806005, 159.74239612619857,159.74239612619857,0.0, 212.20421712582703, -7.309482711412274, -8.772039846988594, -7.309482711412274, 231.72955543636832, 38.345990477853114, -8.772039846988594, 38.345990477853114, 267.3432668339126, 6.443286502115815, 5.0981942845574375, 33.0, 0.0
14, 0 ,1.0,1.0,1.0,191.2640201893973,278.99008382494947,59.918187498478495,16.033842066996232,12.19432242708804,14.989005453070716,71.0,55.0,83.0,-0.9036073777329727,0.07130983457654749,0.4223844391063733,16.30111752980316,0.428304928115176,0.16645124880641735,0.8881716446290309,14.786710493731047,0.006971044311577869,-0.9834677876084451,0.18094893002655868,12.086464967535886,76.38232586042415,74.80514825134998,59.62142201181217,24.098868680676595,7.049851322464342,123233.0,340664.35700519633, 0.0, 0.0,0.0,NaN, 125.91711192747898,125.91711192747898,0.0, 257.084091429378, -2.5361418396740882, -18.060398987693972, -2.5361418396740882, 148.7014994557823, 14.331380597106001, -18.060398987693972, 14.331380597106001, 224.67028447218365, 7.0890854793008815, 5.570424459419139, 32.0, 0.0
15, 0 ,1.0,1.0,1.0,281.20945865047463,287.19308988283586,149.14275207389036,10.626326867907318,7.665033888975264,17.32281208534541,46.0,32.0,76.0,-0.003464627562892713,0.0014900251716792124,0.9999928880651295,17.322888830083958,0.9784203276535757,-0.20659135833955708,0.0036977146573662504,10.744495884336166,-0.2065953987631887,-0.9784261803960506,7.42108802327775E-4,7.498314246480535,76.02866653862466,49.724279032798364,35.36334680487454,20.468479815343933,7.26585988138382,58465.0,133690.093955171, 0.0, 0.0,0.0,NaN, 150.86637096162704,150.86637096162704,3.3036247397782844E-6, 112.91882270360897, -11.971480008641233, -0.6306190352666059, -11.971480008641233, 58.75274451913926, 0.3181129194878875, -0.6306190352666059, 0.3181129194878875, 300.07981854418904, 8.403610228857554, 5.865990240661407, 18.0, 0.0
16, 0 ,1.0,1.0,1.0,173.49440960299668,99.85379834842078,11.934192230199494,14.597017523815529,15.82967868393298,7.524562523480877,70.0,77.0,30.0,0.12240150138242796,0.9902869121846833,0.06595228589709566,15.880769867277102,0.9905553727567935,-0.11775689576736265,-0.07023793136108279,14.597624692854613,0.06178936770980284,-0.07392661939355266,0.9953476422753327,7.414930259015087,77.7742158088681,69.23048928504478,33.55896645651973,21.60302221505258,7.319844272450555,70478.0,180693.1208400887, 0.0, -1.4210854715202004E-14,0.0,7.992238655878064, 161.60714832732126,161.60714832732126,0.0, 213.07292059057764, 5.462632261830252, -9.408324984552658, 5.462632261830252, 250.57872723656217, 14.18834128011516, -9.408324984552658, 14.18834128011516, 56.619041169772906, 7.173622096388557, 5.274634382506596, 23.0, 0.0
17, 0 ,1.0,1.0,1.0,219.94663192734663,31.634115175805476,261.7447968934072,14.220392047474387,16.055612075839456,16.30883076780964,74.0,72.0,79.0,0.33200727003948693,0.40545117993571955,-0.8516927341064152,16.589392293894903,0.0784799475711726,0.8879049601356409,0.4532832222747188,16.063841249717328,-0.940006420440921,0.21733412630155158,-0.2629711145251283,13.882552277946198,85.27650443339667,83.84899337300104,70.27518518996882,25.93885426556784,7.290818165081673,160433.0,502492.1040206734, 0.0, 0.0,0.0,NaN, 94.19511424409713,94.19511424409713,0.0, 202.2195499838728, 15.655016699402616, -20.999744747020845, 15.655016699402616, 257.7826791298417, -2.1927061287701677, -20.999744747020845, -2.1927061287701677, 265.9779610130543, 8.004896273209791, 5.601568089040953, 39.0, 0.0
18, 0 ,1.0,1.0,1.0,158.26708630814076,254.33614126990832,279.629572050188,18.082775265675817,14.588759206809359,10.765946473145105,87.0,81.0,47.0,-0.9562647362129646,0.2784175479854406,-0.08967398312400571,18.404219639476988,0.2881330183799172,0.9494130794760065,-0.12487661205832237,14.295141051689427,-0.0503698123366344,0.14525313591678984,0.9881115364732418,10.614042667147174,86.514100115834,78.34369365226686,50.427496196019945,24.418770187399517,7.710247888414448,118355.0,341789.2061227989, 0.0, 2.8421709430404007E-14,0.0,73.83421828916822, 150.29424856781537,150.29424856781537,0.0, 326.9867613089371, -35.10239332248831, 16.085671056748765, -35.10239332248831, 212.8318951942648, -16.515025934219846, 16.085671056748765, -16.515025934219846, 115.90560346262552, 7.3963300008686375, 5.523245803043762, 30.0, 0.0
19, 0 ,1.0,1.0,1.0,234.4233932427283,243.27541915407087,10.724596722977264,15.266342974339606,14.375839486934606,7.1528853930068195,70.0,71.0,30.0,-0.9747697282725025,0.1995486290111272,-0.10002160518273481,15.357196839220993,0.20391677432981195,0.9783467672872925,-0.03543377040943885,14.350877407934085,-0.09078505378351596,0.05493584984583225,0.9943541252548008,7.00703796718946,70.95496482902041,68.0403160131392,33.25157886111579,20.980019817328962,7.122396132925626,62984.0,160531.9135593516, 0.0, -2.8421709430404007E-14,0.0,78.48943466591689, 87.3669640128046,87.3669640128046,0.0, 233.06122781016828, -5.032890933913543, 17.073942258166458, -5.032890933913543, 206.6647609541082, -9.164685941723059, 17.073942258166458, -9.164685941723059, 51.16376944549032, 6.837854252352877, 5.139587463393945, 12.0, 0.0
20, 0 ,1.0,1.0,1.0,271.9764441673633,68.18365756549584,238.98806976777138,14.811482070043498,15.234672611992155,14.736203292315833,68.0,81.0,77.0,-0.3628482994398959,0.6919117342212802,-0.6241788715107845,15.706503171738163,-0.7408252155241358,-0.6205099716765381,-0.25718743183445,15.071137758360361,0.5652602158627418,-0.3690874247341444,-0.7377366476364884,13.956987603453955,76.33656871573783,77.2921367500254,82.74361394893998,24.878059883322308,7.050749933170865,141154.0,488205.2369700374, 0.0, 0.0,0.0,NaN, 95.69109922650088,95.69109922650088,0.0, 219.38000111122003, 1.8379901483860515, 17.915782280189465, 1.8379901483860515, 232.09524959458386, -17.25166641157664, 17.915782280189465, -17.25166641157664, 217.15568747246002, 6.005266892314945, 4.937734579138216, 33.0, 0.0
21, 0 ,1.0,1.0,1.0,69.89803997371168,63.736490509142925,159.8201724204585,14.6641610396991,14.39815893015089,14.336203457660487,72.0,68.0,71.0,-0.6985783967278141,0.5779832059824045,0.4218099539217848,14.83206540293299,0.7010411586857406,0.43481377706644514,0.5652240910486444,14.521464960742385,0.14328125297383162,0.6905594781592052,-0.7089415276810461,14.035961685349488,78.31029440300614,76.8259259008471,79.43081638254696,24.110453163675867,6.823296666401187,129335.0,477876.5128778911, 0.0, 0.0,0.0,NaN, 169.1107928986753,169.1107928986753,NaN, 215.03761899822896, -5.053062973332311, -1.2781952780872559, -5.053062973332311, 207.30698057788385, 9.010471227909385, -1.2781952780872559, 9.010471227909385, 205.52672957943648, 6.867498336347977, 5.099623013934252, 31.0, 0.0
22, 0 ,1.0,1.0,1.0,277.8486420185737,206.79076572630103,12.372630103381812,12.937939077066885,13.998747430473559,7.843530332584696,54.0,75.0,32.0,0.25268315994454044,-0.9670285685376809,0.031732764020886615,14.072331237324496,0.963005416571135,0.25453597298190206,0.08849862209554842,12.89539671743616,-0.09365782580807681,0.00819671215304655,0.9955707034534433,7.781670920131385,70.29662613678951,58.067316273188,33.30881617842505,19.596975981996017,6.390203253677032,57070.0,135964.46995982956, 0.0, 0.0,0.0,NaN, 96.60085915759605,96.60085915759605,0.0, 167.39026756189432, -7.67437122229212, 10.113716117627702, -7.67437122229212, 195.96492962219006, -1.836821866751669, 10.113716117627702, -1.836821866751669, 61.520968078176196, 7.527717416549556, 5.562371488191568, 14.0, 0.0
23, 0 ,1.0,1.0,1.0,41.25212896762147,85.48409156458249,38.358000516113364,13.455524411131625,14.085991667413852,16.223391886723498,63.0,71.0,81.0,0.1904143004549906,0.050420184578673664,0.9804081798767741,16.325539358382485,-0.14765819182334602,-0.9858479533883279,0.0793780271076683,14.099327213613277,0.9705356523949528,-0.15988001059262583,-0.18027459511313632,13.317300008807557,78.02438784911523,72.22117543031345,60.73579244242983,24.368881391610362,6.987300084075364,131754.0,342246.980142002, 0.0, 0.0,0.0,NaN, 102.37482238606009,102.37482238606009,0.0, 181.0511371785591, 3.977192057289667, 16.395802638669444, 3.977192057289667, 198.41516125445247, 2.7301969509979203, 16.395802638669444, 2.7301969509979203, 263.1984443102058, 6.799208937350493, 5.013108501164199, 23.0, 0.0
24, 0 ,1.0,1.0,1.0,66.00634409907722,42.82870932491501,35.797497268091306,14.918970445544618,13.196001962162606,15.728339719721763,77.0,68.0,75.0,-0.2927905702501218,-0.18868504673118547,0.9373748637085693,15.833391371572475,-0.8978944529127674,-0.2827741017228404,-0.33737865792507116,15.070951749818128,-0.3287236428994576,0.9404449800678878,0.0866256663121214,12.894221508438516,83.1142713899068,83.81884509880656,61.92684916560557,24.39331426651039,7.00407284190349,131776.0,431416.0104484712, 0.0, 0.0,0.0,NaN, 86.44418207388426,86.44418207388426,0.0, 222.57567915503375, 20.120288967675236, -4.733484911638803, 20.120288967675236, 174.13446778539935, -9.126592791289767, -4.733484911638803, -9.126592791289767, 247.3806703389773, 6.482295795095494, 4.969501266815317, 24.0, 0.0
25, 0 ,1.0,1.0,1.0,30.062307247966007,282.1232438148014,137.46667776265676,14.79581092998686,10.751233277864717,15.621450563751685,64.0,48.0,72.0,0.4142872008328049,0.006618660816184643,0.9101221393610421,15.828380982611526,0.9067694196833178,0.0830574834931137,-0.4133650613718708,14.597649602972865,0.07832837770117879,-0.9965227783471842,-0.028408053117206507,10.719409373881106,84.8218358682124,68.98114530493595,50.68049808450908,23.009851081999585,7.00581965018433,102139.0,296537.0366206174, 0.0, 0.0,0.0,NaN, 141.8464247835604,141.8464247835604,0.0, 218.91602107591862, 7.766657950073927, 14.33766791057726, 7.766657950073927, 115.58901699506572, -2.553995434421464, 14.33766791057726, -2.553995434421464, 244.02971771573783, 7.148654689281841, 5.226626551947536, 25.0, 0.0
26, 0 ,1.0,1.0,1.0,281.68170873512724,104.87700113931336,169.94909500933767,10.891693648522631,12.475122335738115,15.053634434064943,46.0,61.0,74.0,0.08788835888110078,-0.1431894316514101,0.9857851809783573,15.121839701897054,0.2953187804884837,-0.9413795329920217,-0.16306867496401073,12.583160571545323,-0.951347704188107,-0.3054527156976503,0.040449773904792326,10.670689366681202,73.98598348782605,65.1919457812398,53.29378265154901,21.442904872787896,6.4086978486966775,85139.0,257051.38086906256, 0.0, 0.0,0.0,NaN, 168.07136297338263,168.07136297338263,0.0, 118.62899053326824, -13.808420889671533, 7.805054389387261, -13.808420889671533, 155.62867729163202, -9.378464359015268, 7.805054389387261, -9.378464359015268, 226.61190967446575, 7.0225999992209145, 5.280613543403224, 18.0, 0.0
27, 0 ,1.0,1.0,1.0,35.6404685271632,180.12964766944364,207.5804686830272,13.946404157174205,14.574920510015763,14.80050515148169,69.0,69.0,75.0,-0.28980466860595694,-0.5977452292873048,0.7474716683048656,15.46681180712645,0.3921632808920604,-0.7865786147256227,-0.4769717433730169,14.066541431954962,-0.873052813507961,-0.15490230379367548,-0.46236788502797804,13.74392935785064,77.25660289536532,71.37742693157011,74.82997775845324,24.07830298777124,6.798586232192714,128317.0,412640.7477828246, 0.0, 0.0,0.0,NaN, 155.50084930165605,155.50084930165605,0.0, 194.50218891524597, 5.950491093012735, -12.580021803636388, 5.950491093012735, 212.4283078732782, -19.11976337516345, -12.580021803636388, -19.11976337516345, 219.05495273903608, 6.528739933038401, 5.027111437145916, 32.0, 0.0
28, 0 ,1.0,1.0,1.0,124.27737118598228,187.50201201471927,115.72975077243335,14.124218028401536,14.13853688671095,14.56906591263455,70.0,72.0,70.0,-0.5208040267297229,-0.6008709510626795,0.6063969540747524,15.051906802752633,-0.5198343957428382,-0.34023158637333406,-0.7835908809044188,14.305200924048798,-0.6771523955098916,0.7233232802854589,0.1351594075612185,13.433196563038962,77.29597247776552,68.6921987169934,65.90727921205573,23.77277914491242,6.819414454674098,122017.0,349943.2867915061, 0.0, 0.0,0.0,NaN, 203.7008529768207,203.7008529768207,0.0, 199.49353491382297, 18.707195762671034, -4.709226461412805, 18.707195762671034, 199.89822529688618, -10.35203417404617, -4.709226461412805, -10.35203417404617, 212.25768156669, 6.383038778782343, 4.7860811408305155, 33.0, 0.0
29, 0 ,1.0,1.0,1.0,33.72596828757508,14.27351391158263,71.43144316848088,16.449100449811528,8.90158643291789,14.149311799474793,71.0,37.0,72.0,0.9884983100246071,-0.003873316937393312,-0.1511823021864624,16.500351719668334,-0.15117361140995697,0.002447733921784459,-0.988504197164544,14.089639232839714,0.004198844098997191,0.9999895029521816,0.00183403753551274,8.90138362532008,74.72272239427838,69.18892504697128,37.25275090742854,22.370049718905953,7.042375068338574,86906.0,192596.15740406467, 0.0, 0.0,0.0,NaN, 80.27219449753804,80.27219449753804,0.0, 270.5729056079898, -0.7831940970204114, -11.021427530235302, -0.7831940970204114, 79.23824102270785, -0.17558516229965856, -11.021427530235302, -0.17558516229965856, 200.20302439875658, 6.979585494254987, 5.238004639360456, 21.0, 0.0
30, 0 ,1.0,1.0,1.0,235.09972583355443,272.95679667462633,96.75613336870965,13.836548365739485,13.390656587326294,14.316087582917964,74.0,61.0,69.0,-0.543975209217161,-0.405798261671955,0.7344513207702505,15.06495871594632,-0.7036128915960037,-0.2563064663042354,-0.6627487413119297,13.40418708794517,-0.4571869098487585,0.877288302757227,0.14610052466807824,13.003265189833211,75.80271067506266,72.7188760579823,70.10862535034644,23.081155791337814,6.555178528082306,113070.0,386458.9287775135, 0.0, 0.0,-1.4210854715202004E-14,42.73912625890881, 119.60405418480107,119.60405418480107,1.9073486328125E-6, 191.45007067744802, 14.68336570882558, -18.182578578452496, 14.68336570882558, 179.3096838397051, -15.448512324167746, -18.182578578452496, -15.448512324167746, 204.9503636817779, 6.010686992568363, 4.753199749469364, 25.0, 0.0
31, 0 ,1.0,1.0,1.0,135.55796961192297,25.852971063582697,250.29838059292234,14.344423262882973,13.58655137145357,14.840070924541168,73.0,61.0,76.0,-0.06044058344042573,0.5222548136620273,-0.850644958534536,15.556818085344515,0.9979912237306594,0.04782670176476576,-0.041546647938011085,14.34032834177543,-0.018985605862384968,0.8514473067695653,0.5240963943444877,12.764206049295321,80.20501883787128,71.44222589857398,69.15981811339307,23.783535656547823,6.7028347460665385,123996.0,396287.4919040301, 0.0, 0.0,0.0,NaN, 146.6785267508761,146.6785267508761,0.0, 205.76247874473822, -0.4574394013115826, 2.2949630657285245, -0.4574394013115826, 184.59437816914686, -35.22072666384731, 2.2949630657285245, -35.22072666384731, 220.22770504541214, 7.6819950824486805, 5.32522465976173, 22.0, 0.0
32, 0 ,1.0,1.0,1.0,20.959450102946267,250.5814186542281,81.6470947287867,12.303320871453902,13.691364222413542,15.351775416569756,51.0,71.0,78.0,-0.0037344761158613626,-0.1748122579369317,0.9845947024858157,15.403728909828294,0.41354330685208873,-0.8967331057141591,-0.15764412603734482,13.957817454442957,0.9104767910528964,0.40658383095154016,0.0756412675911107,11.93342510591582,77.83461605889258,75.97176725752522,57.99554205855948,23.0230157635652,6.666551756951689,109766.0,342941.1726287561, 0.0, 0.0,0.0,NaN, 97.71255194957318,97.71255194957318,0.0, 151.3717044659532, -19.375180889984488, -3.76583624585161, -19.375180889984488, 187.45345427078558, -8.919151518604822, -3.76583624585161, -8.919151518604822, 235.6770084407955, 6.816735088883871, 5.352199333326443, 22.0, 0.0
33, 0 ,1.0,1.0,1.0,167.09590931973563,11.818866821481349,221.07195634875526,14.657502871162054,7.571532821468956,13.56443020289531,69.0,31.0,71.0,0.8645543021535975,0.038296501792969374,0.5010780743338578,15.183528736063142,-0.5020452547505239,0.021612503935967222,0.8645712589810626,12.984730166930127,-0.022280502915950746,0.9990326709492732,-0.03791176025685723,7.551258439961083,71.98975055513085,67.58992265292603,32.74218541373908,20.2996462825002,6.639926748037258,61579.0,159316.32568165872, 0.0, 0.0,0.0,NaN, 155.02522055170454,155.02522055170454,3.3036247397782844E-6, 214.84239041812387, 4.534366789852495, 26.737134831748484, 4.534366789852495, 57.32810926658165, 5.414696586726185, 26.737134831748484, 5.414696586726185, 183.9937667292185, 6.906264723721732, 4.939439792574371, 19.0, 0.0
34, 0 ,1.0,1.0,1.0,59.5878762856989,112.59493080112729,158.88914717550128,13.845321342462428,12.846970321394203,14.496806131185197,71.0,65.0,70.0,0.5893121003032469,0.172792838290016,0.7892109245771094,15.21777446836312,-0.6626330215635526,-0.45548164691262616,0.59451993075028,13.25896278549895,-0.46219987794214307,0.8733150086660839,0.15392260545100603,12.629893253816013,75.28092123044524,65.580844303937,64.97787434930457,22.92036211934889,6.4460808122420845,111418.0,320794.8802915952, 0.0, 0.0,0.0,NaN, 190.10682846023113,190.10682846023113,0.0, 191.69292307604562, 12.2538102687731, 27.101696853333102, 12.2538102687731, 165.04464643878345, 5.417598505849375, 27.101696853333102, 5.417598505849375, 210.15738800516874, 6.720389912826106, 4.934831371830549, 25.0, 0.0
35, 0 ,1.0,1.0,1.0,144.94992892965377,153.19710176022028,58.27997246582812,13.22503371004016,14.116709459176604,14.142287277925416,65.0,68.0,67.0,0.44276155865935285,0.6195510737339475,0.648165618656724,14.909409394855556,0.011184106030429908,-0.7266430728038996,0.6869241301034684,13.73151543250087,-0.896569639205924,0.29689444552099564,0.3286587444035834,12.780543316364108,76.3456680557342,70.60227260003523,63.938769556588866,23.049795924003707,6.549366373901201,111861.0,344641.3277771054, 0.0, 0.0,-7.105427357601002E-15,49.596560262225, 214.3784691122886,214.3784691122886,2.6973983046972182E-6, 174.9015166316986, 15.96538531712568, 17.110817226567796, 15.96538531712568, 199.28148595480624, 11.087279454621964, 17.110817226567796, 11.087279454621964, 200.00428945137108, 6.115320963253489, 4.701535865101869, 19.0, 0.0
36, 0 ,1.0,1.0,1.0,27.144903502128436,13.63482280431433,261.90295369669116,12.400984929681618,8.694725617602751,17.069746925824127,50.0,39.0,75.0,-0.008918641126743837,0.04840302605802684,0.9987880680649317,17.085097421362164,-0.9969326610768956,-0.0780966181247559,-0.005117373898389389,12.419944882901635,0.07775427395707724,-0.995770086569135,0.04895107328247009,8.637323434462767,75.07458766275386,51.235684048746315,40.60025290948318,21.665529194785147,7.16685325740717,76582.0,156168.78567108203, 0.0, 0.0,0.0,NaN, 48.7251384408641,48.7251384408641,0.0, 153.7844272261906, 6.107641108100137, -1.5292898745421137, 6.107641108100137, 75.59825356539756, 10.536927777828367, -1.5292898745421137, 10.536927777828367, 291.37626011168226, 6.802721611591356, 5.076618721851153, 18.0, 0.0
37, 0 ,1.0,1.0,1.0,31.29033021659368,288.2339921884247,206.92960705408925,14.838088637708015,6.849461712269461,16.35106076932405,68.0,29.0,78.0,0.00971808330718325,-0.06780556962085582,0.9976512234168944,16.38268669565778,-0.9994040865607569,-0.033705388388515764,0.007444364260211818,14.844391149705507,0.03312145260241552,-0.9971290545972322,-0.06809271514292364,6.759646179861424,79.29946291545772,68.01551636730062,32.28640707792539,21.869454549989207,7.494541089111284,67592.0,174139.76884454882, 0.0, 0.0,-2.8421709430404007E-14,3.9277471859061563, 98.8919700885353,98.8919700885353,0.0, 220.16887442047968, 5.736834792495486, 0.8596489402673257, 5.736834792495486, 46.915125747845295, -15.108632163088439, 0.8596489402673257, -15.108632163088439, 267.357188282128, 5.910704074303368, 4.82649066089918, 19.0, 0.0
38, 0 ,1.0,1.0,1.0,53.1477654768782,20.055922267574555,165.7768223272376,14.715480675923503,11.670079633761576,14.7262869992641,78.0,48.0,77.0,-0.704312913534945,0.0015936551700870792,0.7098878644484042,15.368769197038997,-0.7087484009847751,0.05510203933837946,-0.7033060993353296,14.049786113829837,0.04023709643403359,0.9984794567360666,0.03767957731461087,11.662079681184188,78.54509219186082,66.02438565287183,49.85447061409194,22.888233718212792,6.762278922586226,105593.0,258539.87330151862, 0.0, 0.0,0.0,NaN, 145.74905288804516,145.74905288804516,0.0, 216.54537152347805, -2.51004853674923, -19.49371415502807, -2.51004853674923, 136.1907586583367, -2.265823831526077, -19.49371415502807, -2.265823831526077, 216.86352878469486, 6.506154950570454, 4.828717442726364, 22.0, 0.0
39, 0 ,1.0,1.0,1.0,129.3966902430178,93.11018317011244,209.80350018135655,13.939237730025692,12.87720814857183,14.432351874853104,66.0,67.0,69.0,0.45732532162202993,0.20485004242160126,0.8653843136567563,15.05655911698322,-0.7500104011671405,0.6117248645744797,0.25154937527737836,14.354904848310321,0.4778472018798602,0.764087135202002,-0.43339693293144754,11.647074876901014,69.58915888208946,71.16541076249746,58.335944385787954,22.941183152348042,6.489971833978098,110280.0,288899.49361585855, 0.0, 0.0,0.0,NaN, 183.16227295858153,183.16227295858153,0.0, 194.30234849417178, -23.774185556245957, 22.748733021093408, -23.774185556245957, 165.82248970164474, 26.97448013507772, 22.748733021093408, 26.97448013507772, 208.29278063957594, 6.737399261308335, 4.825079443716955, 27.0, 0.0
40, 0 ,1.0,1.0,1.0,281.2177753336102,254.8516514966162,243.81813896589264,10.877462551656272,14.416497943415433,13.74809694559978,44.0,70.0,76.0,0.1233399163444607,0.988118474254732,-0.09170139515101233,14.470161628215706,0.01203056517832235,-0.09388904772189949,-0.9955099759517051,13.743265729158313,-0.9922915552082624,0.12168289754265214,-0.02346789100010616,10.812115597414431,72.95376374645741,77.04067728409672,48.66460823432814,21.75094265658996,6.4854658807564265,89101.0,273514.9227516666, 0.0, 0.0,0.0,NaN, 74.48185581238891,74.48185581238891,0.0, 118.3191915626846, 11.19010509825536, -1.908050061101177, 11.19010509825536, 207.83541295250137, -1.6527518114142734, -1.908050061101177, -1.6527518114142734, 189.01016962561, 6.335759464459816, 5.000685858101424, 18.0, 0.0
41, 0 ,1.0,1.0,1.0,134.06940512661419,277.81467406057317,54.76554077636018,13.449630604274107,12.381492103108464,14.838989213083616,60.0,54.0,73.0,-0.25077224724566305,0.008313259191202644,0.9680104181944427,14.933564869373221,-0.9582162796744454,0.14000912514602967,-0.2494373794015414,13.363657253897056,0.13760392937058546,0.9901153137879763,0.02714450265360556,12.360858224628354,73.64908771756866,65.1550120680771,57.14173201110441,22.602066351012052,6.598189723044272,103148.0,274200.7265941603, 0.0, 0.0,0.0,NaN, 146.51299783490194,146.51299783490194,1.9073486328125E-6, 180.89256339142668, -3.6072270097303867, -10.880293427094907, -3.6072270097303867, 153.30134669933724, -0.33581768448360966, -10.880293427094907, -0.33581768448360966, 220.19560086601194, 6.218843894708396, 4.663129151588351, 21.0, 0.0
42, 0 ,1.0,1.0,1.0,200.19543233933305,175.12638179584977,190.74119667907243,14.264803912126464,12.492312852976399,14.305063734896265,73.0,66.0,67.0,0.8602045410492272,0.2900678717498529,-0.41941480343068416,14.526157650566761,-0.39593763372043833,-0.1384195758825536,-0.9077848925909452,14.257465925209262,-0.32137445101026396,0.9469427917202841,-0.004220360985320389,12.243070237072056,74.30847256610487,66.4900198565629,64.37642486251492,22.841170813888223,6.51600148696036,108283.0,318069.2256033127, 0.0, 0.0,0.0,NaN, 193.62814452565942,193.62814452565942,0.0, 203.48463065141848, 18.175304604016556, -2.8626673080955394, 18.175304604016556, 156.05788041663934, -0.7275590494634941, -2.8626673080955394, -0.7275590494634941, 204.63484845944427, 6.625258188094413, 4.841072765881712, 33.0, 0.0
43, 0 ,1.0,1.0,1.0,104.78295384138785,216.70693928128873,275.0507376858736,14.208815210589854,14.011658737060435,12.234562876118774,74.0,67.0,56.0,0.8366964670727536,-0.535600895136376,0.11432717575924481,14.415143948487632,-0.523865774277973,-0.8435737536495875,-0.11810153552636388,13.84937185967393,-0.1596986929442833,-0.03892304308064526,0.9863981570285045,12.177851331786234,76.03173829192282,68.66791209969335,57.165558507656414,22.502458316898206,6.44522371360698,103296.0,298457.99229801534, 0.0, -2.8421709430404007E-14,0.0,57.61532817843005, 136.16044605404474,136.16044605404474,0.0, 201.8904296886896, -7.436681200758099, 8.382875802716342, -7.436681200758099, 196.32658056384201, 0.6911103162440696, 8.382875802716342, 0.6911103162440696, 149.6845287697037, 5.375303622249218, 4.424842509124689, 27.0, 0.0
44, 0 ,1.0,1.0,1.0,176.49012201903204,279.89309957718257,174.31026197895355,12.848530298557192,10.889648807051431,16.147128315691184,70.0,48.0,77.0,0.20053794010194434,-0.0012816576198367638,0.9796850983522278,16.27608036118846,-0.9759206721272364,0.08732799754732722,0.1998816213639893,12.697703303894208,0.08581011766914283,0.9961787882695154,-0.016261780575580555,10.87457924241965,78.68780550382797,70.04935588111377,49.9590766424634,22.329947609664906,6.765528402631508,95313.0,275375.93378389906, 0.0, 0.0,0.0,NaN, 177.3608966127708,177.3608966127708,0.0, 165.08473083294217, -3.700262784175085, 20.42918711669122, -3.700262784175085, 118.58445114091666, 0.5660010628514243, 20.42918711669122, 0.5660010628514243, 260.729752843396, 6.701132860034118, 4.989240536087146, 28.0, 0.0
45, 0 ,1.0,1.0,1.0,241.01450669067398,94.14191594712935,187.0716127184188,13.396460333273364,12.47162402737682,13.3884422468744,63.0,63.0,69.0,0.7332822456270612,-0.4032713084032737,0.5474206792466346,14.000083432484425,0.5007541075194644,-0.22431554331573944,-0.8360190553027786,13.119999280424487,-0.45993746536949975,-0.8871610839332826,-0.0374531587960683,12.08801985042367,65.24691214617667,66.69943559169222,61.846638777648536,21.85078606675307,6.0663077241508825,97748.0,269152.3796395759, 0.0, 0.0,0.0,NaN, 158.41341298374863,158.41341298374863,0.0, 179.46514946096667, -17.67281414262209, 9.132805307170397, -17.67281414262209, 155.5414058802428, -6.133439166324803, 9.132805307170397, -6.133439166324803, 179.2503857978912, 6.80284194080257, 4.746274517823647, 19.0, 0.0
46, 0 ,1.0,1.0,1.0,118.95286833577693,168.91222696413064,271.3587871090649,14.275120983473185,12.621330516441652,14.040135390526281,70.0,62.0,63.0,-0.8662580277079385,-0.1725344680902206,-0.4688591331651508,14.644251607324094,0.34570828859184105,0.47049460208976396,-0.8118624320679547,14.1759452032632,0.3606699441739671,-0.8653708376905355,-0.34792313036693673,12.032910592945964,72.17266305156687,73.5220684097797,61.40502822565185,22.753950229665403,6.5161502306386305,107083.0,325832.48626052815, 1.4210854715202004E-14, 0.0,0.0,29.97333251187381, 179.3156663559438,179.3156663559438,0.0, 203.77907909279645, 19.547509964120902, 12.52979276392572, 19.547509964120902, 159.29798400526133, -15.818941941875904, 12.52979276392572, -15.818941941875904, 197.12540178430856, 6.108023600727906, 4.5575675722910844, 19.0, 0.0
47, 0 ,1.0,1.0,1.0,91.92033307742278,266.045758774779,43.20188389535227,12.506567567750833,14.006118112741007,13.868264775502558,62.0,64.0,64.0,0.4791654810596225,0.36761405542377956,-0.7970322126588001,14.732885413788367,-0.2136217976490624,0.9296049582044779,0.3003337297920992,13.890799070223308,-0.8513319971257296,-0.026353897938120683,-0.523964982354149,11.614737766005696,74.80259573403931,69.31694254348423,58.01289099301877,22.427122099356332,6.475997154011115,101598.0,300801.90029808454, 0.0, 0.0,0.0,NaN, 107.09174058886306,107.09174058886306,0.0, 156.41423232671698, 2.943348998238758, -35.10064127001516, 2.943348998238758, 196.17134458805168, -7.863979194762585, -35.10064127001516, -7.863979194762585, 192.328767883445, 7.020000403960328, 4.743096079932145, 20.0, 0.0
48, 0 ,1.0,1.0,1.0,51.312317542044205,187.38362652801965,47.993177018920946,15.800395492357353,11.657715241084535,15.05983552564618,74.0,62.0,74.0,-0.978617065804292,-0.20551669959106858,-0.008457228020628925,15.964474333859313,-0.029878431322043764,0.10135264016599593,0.9944017908637918,15.095928165126724,-0.20350901173739794,0.9733912515122461,-0.10532593992502987,11.384286560585037,74.9007777206517,73.33615785878915,60.913898232446485,23.752920152667283,6.939182418525793,118863.0,334596.0993439069, 0.0, 0.0,0.0,NaN, 132.7356265133277,132.7356265133277,0.0, 249.6524977149066, 24.89542273373811, -1.8834432117092907, 24.89542273373811, 135.90232464221467, 10.123403591649234, -1.8834432117092907, 10.123403591649234, 226.79864605951477, 6.6703154826120015, 4.742267152853224, 29.0, 0.0
49, 0 ,1.0,1.0,1.0,278.94961382475924,235.54303469813357,48.9522756568123,11.647538427189856,13.622448366737688,14.096479598434536,49.0,62.0,65.0,0.13893312573307273,0.6043440473349483,0.784516321707109,14.833009194410742,0.027610505966066252,-0.7942551913005833,0.6069566302894889,12.882111213950209,-0.9899167876818413,0.0626654892495613,0.1270346012816079,11.574974595925655,68.49354553583944,63.60758298577346,54.261294424377326,21.916784025619744,6.292977511536334,95423.0,236400.66334909422, 0.0, 0.0,0.0,NaN, 83.63100158453992,83.63100158453992,0.0, 135.66515141286433, 6.522986186020345, 9.91349613151913, 6.522986186020345, 185.5710995044343, 25.380757050347924, 9.91349613151913, 25.380757050347924, 198.71073706908112, 6.326073559476144, 4.59382839123648, 16.0, 0.0
