// Sample: .//bubblelabels.tif, Map: .//bubblelabels.tif, Thickness:(8.191250068658265):/gpfs/home/mader/Foam/NewValid/InSilicoTest/LatticeData_OldFoam/out_Step_07000.vtk/distmap.tif, Neighbors:(1.0):
//LACUNA_NUMBER, TRIANGLES, SCALE_X, SCALE_Y, SCALE_Z, POS_X, POS_Y, POS_Z , STD_X, STD_Y, STD_Z,PROJ_X, PROJ_Y, PROJ_Z, PCA1_X, PCA1_Y, PCA1_Z, PCA1_S, PCA2_X, PCA2_Y, PCA2_Z, PCA2_S, PCA3_X, PCA3_Y, PCA3_Z, PCA3_S,PROJ_PCA1, PROJ_PCA2, PROJ_PCA3,OBJ_RADIUS, OBJ_RADIUS_STD, VOLUME, VOLUME_BOX, Mask_Grad_X,Mask_Grad_Y,Mask_Grad_Z,Mask_Angle, Mask_Distance_Mean,Mask_Distance_COV, Mask_Distance_STD, SHAPET_XX, SHAPET_XY, SHAPET_XZ, SHAPET_YX, SHAPET_YY, SHAPET_YZ, SHAPET_ZX, SHAPET_ZY, SHAPET_ZZ, Thickness, Thickness_STD, Neighbors, Neighbors_STD
1, 0 ,1.0,1.0,1.0,79.06300917693322,135.94585947750505,39.64591173451933,18.398630172673286,17.645934053733882,19.291320098266073,99.0,93.0,88.0,0.4199034873135245,-0.3819094535794032,0.823302028789327,19.79103709207279,0.8044823713983802,-0.2632855711931311,-0.5324366836636495,18.33265113497586,-0.42010614783787603,-0.8859039887415499,-0.19668489337168898,17.15436869070851,98.01431053949611,93.31464800662883,90.92947426949065,30.742833181413612,8.770508535669169,265993.0,831656.5103888878, 0.0, 0.0,0.0,NaN, 162.18518565655333,162.18518565655333,0.0, 338.5095922308039, -24.47812011911212, 15.765995794361453, -24.47812011911212, 311.3789886287251, -24.76762255063597, 15.765995794361453, -24.76762255063597, 372.1550311337645, 7.659630865860392, 6.203224469402788, 45.0, 0.0
2, 0 ,1.0,1.0,1.0,57.571098350608864,262.14585387300485,13.541028271470063,21.26961528711814,21.311185201225218,9.03714578335028,113.0,95.0,38.0,0.7035556176598126,0.7091810667714894,-0.04551601248100357,22.828713509497575,0.7088799491894779,-0.7048771970371566,-0.02524588548982368,19.66013128222116,0.04998710330118205,0.01450350405567962,0.9986445503149073,8.975646523764603,114.40799569607438,109.90205999321013,40.89773200673622,29.467417686408453,10.950088947002014,150116.0,514234.76622488396, -7.105427357601002E-15, 0.0,0.0,45.28702760045182, 70.21913692824863,70.21913692824863,0.0, 452.3965344620097, 66.95129634158505, -19.5844939562829, 66.95129634158505, 454.1666146809207, -8.777171081056549, -19.5844939562829, -8.777171081056549, 81.67000390952573, 7.498133015270235, 5.883068287762499, 24.0, 0.0
3, 0 ,1.0,1.0,1.0,260.81123858444715,140.88203564614093,127.04660895571664,18.66401304049247,17.476702287868328,15.858564938100484,92.0,103.0,81.0,0.8653500369275446,0.4073796697003401,-0.29190943510674483,19.09102551029638,-0.482810822217056,0.8338424527622462,-0.26758264876768684,17.472808537784246,-0.13439874828132736,-0.37248968936909177,-0.9182529105720986,15.346279493660727,113.2261139995027,92.31876840908217,83.13687485128517,28.739635894692505,8.905499209526626,205969.0,869021.0563858269, 0.0, 0.0,0.0,NaN, 193.71202295219683,193.71202295219683,0.0, 348.34538277567304, 17.364460981440406, -23.559137008048506, 17.364460981440406, 305.435122858782, -30.90737218806295, -23.559137008048506, -30.90737218806295, 251.49408189595, 6.35913391894891, 5.494837430859881, 47.0, 0.0
4, 0 ,1.0,1.0,1.0,78.3300651618463,16.85102731959542,262.5080280604146,17.559192177241503,10.887807856153193,18.495011255695612,83.0,46.0,81.0,-0.5911686430695019,0.14380537944689853,0.7936243748105881,19.51709608398919,0.787620698986529,-0.10898669149529518,0.6064449980046667,16.64415610618423,-0.17370454795236284,-0.9835862513877683,0.04883457895408118,10.53518196992448,110.98617841405803,92.4381111377356,49.1202348359289,26.250769943223304,8.934881564187453,132286.0,503941.81364259013, 0.0, 0.0,0.0,NaN, 88.46018420681419,88.46018420681419,0.0, 308.3252299172992, -37.20008470930881, -47.33275652149009, -37.20008470930881, 118.54435991251118, 19.83189989104353, -47.33275652149009, 19.83189989104353, 342.06544134830733, 7.180590876708517, 5.80014920774797, 19.0, 0.0
5, 0 ,1.0,1.0,1.0,188.62922448039612,113.3279636133341,236.65534573089988,15.685171576493792,15.434322395036968,16.75875380597673,77.0,92.0,85.0,-0.19108327121172852,-0.13146229504176837,0.9727306145307525,16.798906669516708,-0.7610217015966033,-0.6060521594760474,-0.2314017063321488,16.04064036230564,-0.619946088915831,0.784486102475226,-0.015760769689134077,15.01976483781841,86.4833919962675,85.66214759677064,79.22877984185651,26.610790098318848,7.547489294502896,173690.0,586954.7759467514, 0.0, 0.0,0.0,NaN, 171.05327299135496,171.05327299135496,NaN, 246.02460738404872, 16.04675488916304, -4.938256289538989, 16.04675488916304, 238.2183077939397, -2.7922397041567537, -4.938256289538989, -2.7922397041567537, 280.8558291293396, 6.84780083415257, 5.6676683171872595, 39.0, 0.0
6, 0 ,1.0,1.0,1.0,277.4510533769473,206.43290596683838,208.08831823137947,13.800882053861201,17.007450026968172,17.153842416547526,56.0,90.0,84.0,-0.19808916270635155,0.5902142405970047,0.7825649070938443,17.81096420395745,0.17496079277876053,0.8068548655832443,-0.5642463530009494,16.564627238682867,0.9644425356694528,-0.02514708891990565,0.2630935561930966,13.503876854629006,91.1659912590465,98.40869095578972,64.50807866740905,26.59967196512322,8.150427159602442,159582.0,578735.8959106584, 0.0, 0.0,2.8421709430404007E-14,38.503980501464795, 133.0827311305113,133.0827311305113,0.0, 190.46434546458815, -2.7770085065547825, -29.993628017537418, -2.7770085065547825, 289.2533564198197, 20.397517409879494, -29.993628017537418, 20.397517409879494, 294.2543096517451, 8.138321421811597, 6.00608351331682, 32.0, 0.0
7, 0 ,1.0,1.0,1.0,264.09336475205924,279.75394576814637,28.152364696777045,18.14349074703024,11.958835633232951,16.731071857010996,77.0,52.0,72.0,-0.9247641795168718,0.10287349615481106,0.36637174573289993,18.483288073671222,-0.35805790856572633,0.09079742088529777,-0.9292741051348175,16.452909665438092,0.1288632856791434,0.9905417064159713,0.0471315335472045,11.823645681486589,88.87359293499819,84.01320851354737,58.27171616375824,26.135285942872674,8.311173223984323,144712.0,435089.0141563986, 0.0, 0.0,0.0,NaN, 49.917379787085764,49.917379787085764,0.0, 329.1862564875719, -23.45680082697649, -24.82788987380578, -23.45680082697649, 143.01374970268216, -3.437660665610767, -24.82788987380578, -3.437660665610767, 279.9287654844653, 6.911301900509063, 5.69946163125314, 17.0, 0.0
8, 0 ,1.0,1.0,1.0,277.7315183350593,209.46885098631265,285.8200182165271,13.766437509248426,19.659501543258532,8.603580350879913,54.0,106.0,38.0,0.2536759396026216,0.9670645134200871,-0.020850528777419164,20.03082953687614,0.966903152426225,-0.2529067729513801,0.03371139308227446,13.230046317836884,-0.027327852000396065,0.028712211320099573,0.9992140898857235,8.588605240199067,110.37279255021045,63.644070778617305,39.13246746165851,23.633208648564292,9.565764290060077,80147.0,274888.9064861841, 0.0, 0.0,0.0,NaN, 94.30188810824463,94.30188810824463,0.0, 189.514801696042, 55.571072348602875, 1.5688815798873224, 55.571072348602875, 386.49600092938454, -7.466453198777933, 1.5688815798873224, -7.466453198777933, 74.02159485404692, 6.745238712348603, 5.495348216655762, 16.0, 0.0
9, 0 ,1.0,1.0,1.0,156.46381180057514,177.80798080587604,14.38312891937775,17.300241002741416,17.096767244636432,9.484882609508949,82.0,81.0,40.0,-0.7515677926651876,-0.659594936178275,-0.008965109946624484,17.922936187298628,-0.6554933747046816,0.7452320119217661,0.12230161129479965,16.52776957680008,-0.07398843657387076,0.09779452221373967,-0.9924524888770954,9.33605796514765,88.72127500539034,88.31165108200963,44.683963819516165,24.853931251488394,7.990174493255597,115452.0,350104.320562645, 0.0, 0.0,-1.7763568394002505E-15,89.48633015614976, 189.05131915717837,189.05131915717837,0.0, 299.29833875293525, 25.172887813176523, -13.334509470384491, 25.172887813176523, 292.29945021727326, 18.33721880100492, -13.334509470384491, 18.33721880100492, 89.9629981161653, 8.657256923166775, 5.879505540268105, 17.0, 0.0
10, 0 ,1.0,1.0,1.0,44.61268313994839,256.38209445042776,213.89386519274146,16.914062108770516,20.42649894594132,14.428300951975762,84.0,88.0,80.0,0.24547711554782267,-0.961269216275758,-0.12530953508376813,20.688841983621113,0.9107671884261893,0.2729687535421994,-0.3098244471888437,16.964329847240972,0.3320302911310586,-0.03807300132912034,0.9425000436823429,13.988801048675985,95.06817505731678,89.68455167355704,80.61308387931405,28.822372209209103,8.987440392147027,196844.0,687318.9757440515, 0.0, 0.0,0.0,NaN, 106.33475270541905,106.33475270541905,NaN, 286.0854970193465, -31.928007645673425, -33.136106885860556, -31.928007645673425, 417.24185918854187, 20.197708425236975, -33.136106885860556, 20.197708425236975, 208.17586836078468, 7.5373498169389865, 5.489881280935226, 34.0, 0.0
11, 0 ,1.0,1.0,1.0,14.27753129306927,168.87900013215776,12.44850567334378,9.131397121432792,17.875488701076353,8.167793197643826,35.0,87.0,33.0,0.030803881842954312,-0.9987019399011251,0.0405654545288774,17.893696602897478,0.9810530792234221,0.02244316978437718,-0.19243481981250432,9.155553492132787,0.1912746104678996,0.045724603527627486,0.9804709501166234,8.10060599876618,87.36409265305849,40.55543000959185,38.05574230783929,20.2152126573096,7.808555092391273,52967.0,134834.85702904483, 1.7763568394002505E-15, -2.8421709430404007E-14,0.0,18.269113458132693, 132.4821867258634,132.4821867258634,0.0, 83.38241338931108, -7.430575678115055, -3.118678297773184, -7.430575678115055, 319.53309630230837, -10.391744428409158, -3.118678297773184, -10.391744428409158, 66.71284571947675, 9.110509984389772, 5.7233311257849095, 11.0, 0.0
12, 0 ,1.0,1.0,1.0,22.80061966445829,131.54147466956724,188.97549029302218,14.61071614990919,16.45429508783317,16.2184303269381,65.0,76.0,77.0,-0.4983292447690387,-0.023365396848199067,-0.8666729614093464,16.932002373089464,0.1923652574129764,0.9717405205238125,-0.1368063175169528,16.605902219377224,-0.8453777685439564,0.23489235620223214,0.47975202912484377,13.59432391252426,88.94013619325841,79.54689582186627,68.36933221727124,26.113587625987567,8.082999246587796,151695.0,483706.99171698705, 0.0, 0.0,0.0,NaN, 173.6360261322589,173.6360261322589,0.0, 213.47302641321727, 18.1876060607208, 41.610327986500735, 18.1876060607208, 270.7438268374908, -10.027731943561015, 41.610327986500735, -10.027731943561015, 263.0374822697455, 6.624226302606916, 5.154926025482115, 26.0, 0.0
13, 0 ,1.0,1.0,1.0,123.23724346196383,234.84739836160026,78.0086754392355,14.567230935418955,15.22266584525747,16.35063505904014,78.0,77.0,78.0,-0.13820881006100216,0.534756730277096,0.8336267535563328,17.12880244534057,0.9296140810927549,-0.2203000173969559,0.2954413013933127,14.530952163865784,0.34163721263292607,0.8157837591900503,-0.4666699831638576,14.378198614431753,82.18203890441475,71.56510437014933,72.93307566831001,25.611422725855718,7.438552638353108,151001.0,428946.12548107305, 0.0, 2.8421709430404007E-14,0.0,57.672585034806005, 159.74239612619857,159.74239612619857,0.0, 212.20421712582703, -7.309482711412274, -8.772039846988594, -7.309482711412274, 231.72955543636832, 38.345990477853114, -8.772039846988594, 38.345990477853114, 267.3432668339126, 6.443286502115815, 5.0981942845574375, 33.0, 0.0
14, 0 ,1.0,1.0,1.0,191.3158570715039,279.37833873768164,60.15164152125138,16.536904100539523,12.321044011244766,15.043752783558551,76.0,55.0,83.0,-0.9256013013917096,0.06475734367655772,0.37291918333860175,16.79782236489518,0.37776876659988445,0.2192673737859975,0.8995624368405974,14.890983149892275,0.02351573608406553,-0.973513382154014,0.22741746837803972,12.152514357010599,79.77024216344114,75.43369628014244,60.75675149792613,24.451290930503095,7.329815304780538,126133.0,365595.5025597378, 0.0, 0.0,0.0,NaN, 125.91948147534876,125.91948147534876,1.9073486328125E-6, 273.4691972304409, -1.9264745570884276, -21.253378562363878, -1.9264745570884276, 151.80812552703048, 17.855172833155798, -21.253378562363878, 17.855172833155798, 226.31449781282564, 6.991866317696028, 5.5493032238065005, 29.0, 0.0
15, 0 ,1.0,1.0,1.0,173.9794102159031,102.32959452343339,11.548880989994734,14.37514466240444,17.668385811430916,7.475706226299218,70.0,86.0,30.0,-0.18053033091741943,-0.9835592836476013,0.004464881797422229,17.771833498751942,-0.9809554646523395,0.18037942792454403,0.07203914456965173,14.274284221004782,-0.07166014225188236,0.008625400409958947,-0.9973918119175672,7.423581945339416,86.81497070986667,69.394372122304,32.41857699696073,22.60914487240375,7.97053279067094,75960.0,195304.75698456733, 0.0, 0.0,0.0,NaN, 162.7449280837439,162.7449280837439,0.0, 206.64478406505486, 19.993568797191237, -10.71452804280727, 19.993568797191237, 312.1718571815733, 0.7865747174104112, -10.71452804280727, 0.7865747174104112, 55.8861835819289, 7.00482397623215, 5.183353728848843, 23.0, 0.0
16, 0 ,1.0,1.0,1.0,220.2914470993749,30.034246655371852,262.36732488169656,14.278053927886994,16.78110715411607,17.27497213638054,75.0,72.0,79.0,0.2738496832429167,0.42092990262689667,-0.8647683898375718,17.775850626206246,-0.11164380287242512,0.9069745421221546,0.40611924507771363,16.559722043811284,-0.9552706487001144,0.01466959497805398,-0.2953689061415278,13.917175860957286,94.65248986293724,87.40161378718177,71.33079519766744,26.851292753676148,7.931022699166242,171170.0,590104.0017881226, 0.0, 0.0,0.0,NaN, 93.12211130675271,93.12211130675271,0.0, 203.8628239676492, 5.941926372048078, -32.61261165141754, 5.941926372048078, 281.60555731792556, -14.8506821198602, -32.61261165141754, -14.8506821198602, 298.424662312724, 7.733478220518647, 5.559274524149438, 34.0, 0.0
17, 0 ,1.0,1.0,1.0,158.3322192513369,254.65653123777227,279.54715012390767,18.23689738545108,15.503354054859557,11.036602017448615,87.0,84.0,49.0,-0.8861395664443205,0.43632512197745255,-0.1561315365748825,19.09319278456644,0.4592758338116841,0.8718219370018375,-0.1702710152637471,14.75033483329833,-0.06182537713960817,0.22259132528857978,0.9729494974806345,10.61237998218683,92.72029457097909,75.37431342656669,52.80633119292844,25.01699258206244,8.300305984627403,122672.0,369049.11411175533, 0.0, 2.8421709430404007E-14,0.0,64.13035653923748, 150.14695910905544,150.14695910905544,0.0, 332.5844262474724, -55.38386326190295, 26.648032508235456, -55.38386326190295, 240.35398695033027, -32.74170451838324, 26.648032508235456, -32.74170451838324, 121.80658409155083, 7.266415143421971, 5.4855606860895945, 29.0, 0.0
18, 0 ,1.0,1.0,1.0,234.42381035550403,243.2761150188152,10.724567726774742,15.265495549656299,14.375743976941605,7.152962766115636,70.0,71.0,30.0,-0.9746821548904635,0.19997138511168097,-0.10003070565880698,15.356487248099251,0.20433838933231654,0.9782600631940868,-0.03539874863009009,14.35062943516158,-0.09077730764435424,0.05494264187329769,0.9943544571835664,7.007137776169718,70.95330453475847,68.03094655745414,33.25148059952167,20.97947683786464,7.122064111623715,62981.0,160505.5774744215, 0.0, 2.8421709430404007E-14,0.0,78.46471428246385, 87.36619557114616,87.36619557114616,0.0, 233.03535437657624, -5.041839000368588, 17.070542516583306, -5.041839000368588, 206.6620148905728, -9.166307819320096, 17.070542516583306, -9.166307819320096, 51.16487633343665, 6.8381218111103745, 5.1395631048324075, 12.0, 0.0
19, 0 ,1.0,1.0,1.0,272.8219101810231,67.00545921208088,238.59286092589323,15.102724845519845,16.18920125633721,14.583251650065137,68.0,83.0,78.0,0.438028092765798,-0.8826459596146176,0.1704919350701051,16.54359262797839,-0.7473132866301567,-0.46293962880637884,-0.47666524071579375,14.886463017775881,0.49965412194236025,0.08138187793731334,-0.8623936156821931,14.406822187654376,86.59837306417037,78.69762190330738,73.69189740029073,25.444893946637283,7.44386564972974,147274.0,502216.6198223123, 0.0, 0.0,0.0,NaN, 94.86420220344922,94.86420220344922,0.0, 228.0922977594824, -20.70810744452876, 9.943856732107047, -20.70810744452876, 262.09023731819025, -6.85166872757183, 9.943856732107047, -6.85166872757183, 212.67122868912753, 5.9824248085464395, 4.8895053134277076, 30.0, 0.0
20, 0 ,1.0,1.0,1.0,278.0143631248046,207.01313001493625,12.407794643787557,13.002594964139295,14.14225847695779,7.823583879655744,54.0,75.0,32.0,0.11385404768602743,-0.9933729464150501,0.015730389575271855,14.156672372207142,0.9887105382807173,0.11484368611096173,0.0962413593685205,13.027239836643929,-0.09741009864568255,0.004595333625420782,0.995233719078443,7.7562274938979705,72.4933066501878,56.317268200160015,33.28934106318189,19.705662535751173,6.478138573666704,57578.0,135907.89583620182, 0.0, 0.0,0.0,NaN, 96.35289090810666,96.35289090810666,0.0, 169.06747580146055, -3.4233884213128656, 10.675392577539803, -3.4233884213128656, 200.00347482908447, -0.980778991119983, 10.675392577539803, -0.980778991119983, 61.20846472200922, 7.488350177318258, 5.555597807769388, 12.0, 0.0
21, 0 ,1.0,1.0,1.0,40.569384701701885,85.45887701227144,36.621779286731595,13.519039437846553,13.819034717828956,17.45453358690022,63.0,71.0,81.0,0.26870431585844123,0.03263625228829923,0.9626696555286349,17.749527929277857,-0.11259129692083829,-0.991510400551961,0.06504095213765927,13.82510392137828,0.9566196686754512,-0.12586500956923705,-0.2627485658750685,13.122943665264907,83.5159756797101,72.10359850035628,62.07925636958436,24.994006934885167,7.327380700480381,139022.0,373829.013678967, 0.0, 0.0,0.0,NaN, 101.44086628868715,101.44086628868715,0.0, 182.76442732205044, 3.3649326893558777, 36.80882750212281, 3.3649326893558777, 190.965720532562, 3.2673045430380707, 36.80882750212281, 3.2673045430380707, 304.6607427362278, 6.7761908730073195, 4.929955229504018, 22.0, 0.0
22, 0 ,1.0,1.0,1.0,69.89829591142451,63.7362605925651,159.82016607904993,14.66439321434497,14.398340688470794,14.336148216624379,72.0,68.0,71.0,-0.6987854289241392,0.5779798514210867,0.4214714885666226,14.832438977657349,0.7007931409700556,0.43495166422428516,0.5654255241478295,14.521434421980903,0.14348483506151338,0.6904754457182258,-0.7089822007410251,14.035971107030747,78.31515149390489,76.83267384020502,79.43543511067936,24.110611394491468,6.823503997136057,129336.0,477975.9206421699, 0.0, 0.0,0.0,NaN, 169.11081728780562,169.11081728780562,0.0, 215.04442834492684, -5.060634534588084, -1.2783953067682488, -5.060634534588084, 207.31221458127362, 9.010590130531925, -1.2783953067682488, 9.010590130531925, 205.52514568902237, 6.867458452962847, 5.099623470516692, 31.0, 0.0
23, 0 ,1.0,1.0,1.0,66.12672463088134,42.259937246162195,34.75322933008812,14.734326837646233,13.355620410541107,16.442170582977344,77.0,68.0,75.0,-0.12521829952995417,0.06049650796504527,0.99028306558623,16.487674586192988,0.9210106029258023,0.37818540202508855,0.09335561575702021,14.95259363755409,-0.36886291052513925,0.9237510347594518,-0.10307365822442566,13.05352395480824,78.93522652434154,79.84012162110469,63.73434685270401,24.779508883915142,7.196797680964991,136406.0,401666.47874074394, 0.0, 0.0,0.0,NaN, 85.82792643031563,85.82792643031563,0.0, 217.10038735858203, 17.75670956382302, -8.006849568200042, 17.75670956382302, 178.3725965504622, 7.955425330579661, -8.006849568200042, 7.955425330579661, 270.34497347972547, 6.409585119740553, 4.926748068912571, 23.0, 0.0
24, 0 ,1.0,1.0,1.0,28.05272383709243,283.51327141880756,133.84231093957303,15.01442324827116,10.605489849702602,20.046204129529272,64.0,47.0,109.0,0.13058555701437874,-0.07120346855143375,0.9888768772529215,20.15921856162728,0.9902387696778978,-0.03965661597894234,-0.13362085105215646,14.918562468471237,-0.04872977863738269,-0.9966731755572356,-0.06532985380825512,10.52625390592449,106.61230960743907,65.97873965821898,50.478017861154854,25.739869528589118,8.78741925051303,124365.0,355069.7383374372, 0.0, 0.0,0.0,NaN, 137.7408136016171,137.7408136016171,NaN, 225.4329054782255, -7.137277535425087, 23.382808404046063, -7.137277535425087, 112.47641495214494, -20.220851800792524, 23.382808404046063, -20.220851800792524, 401.85030000275646, 6.719243789399264, 4.977998416564907, 19.0, 0.0
25, 0 ,1.0,1.0,1.0,282.5148095909732,103.7417908145275,169.21611644922427,11.065035506205675,13.413582416029938,15.460181601024939,46.0,68.0,76.0,0.007209129127481338,-0.06997801126483585,0.997522484155942,15.468919183010708,0.3745170511685313,-0.9247539925283554,-0.0675798171564122,13.813694362225736,-0.9271920010662574,-0.3740763708686838,-0.01954128748225376,10.548497831368508,76.59886774712726,71.21107523821074,55.05397615016119,22.220973514028287,6.899619932338573,90752.0,300302.24843086296, 5.6843418860808015E-14, 0.0,0.0,89.58694374911603, 167.84670161092822,167.84670161092822,0.0, 122.43501075359227, -27.614702341047213, -1.0927247940294558, -27.614702341047213, 179.92419323162753, -3.9648684684121305, -1.0927247940294558, -3.9648684684121305, 239.01721513667005, 6.880880306554992, 5.2092121879231765, 14.0, 0.0
26, 0 ,1.0,1.0,1.0,33.507300169636515,181.7040495280625,207.39600701744212,15.566055057839778,15.322989777806919,14.486506849265416,69.0,73.0,75.0,-0.7082376548829048,0.6909614878828123,-0.14481590544112782,16.70664695464105,-0.5157656051422694,-0.3663470065408019,0.7744518780084545,14.95644139679471,0.48206354846450694,0.6231870450044379,0.6158349147137114,13.570105923150217,95.23566052315489,78.67142249690222,67.3842064093096,25.09362097236498,7.567374246300787,137942.0,504864.3665895908, 0.0, 0.0,0.0,NaN, 153.922612305765,153.922612305765,0.0, 242.30207006369935, -38.99974610977678, -6.056703390312933, -38.99974610977678, 234.79401573077536, -20.722640019137216, -6.056703390312933, -20.722640019137216, 209.8588806938138, 6.517291343062751, 4.925901239652654, 34.0, 0.0
27, 0 ,1.0,1.0,1.0,124.33974731160812,187.54758146951792,115.78956535961075,14.167305868533111,14.129223996465134,14.588560095627637,70.0,72.0,70.0,-0.5420344522973123,-0.6101466186038043,0.5778579032332223,15.043392215095302,-0.5151225165879914,-0.3020608273209358,-0.8021272028190082,14.387232176343622,-0.6639634368147144,0.7324481963965339,0.15057288656546866,13.411842265154725,76.65973848336024,72.29094631149815,66.165198288921,23.79975522752108,6.837050759556012,122285.0,366674.62928093853, 0.0, 0.0,0.0,NaN, 203.74774266488657,203.74774266488657,0.0, 200.71255557257274, 19.573113466634464, -3.3378197034010797, 19.573113466634464, 199.63497074228616, -9.7991256985311, -3.3378197034010797, -9.7991256985311, 212.82608566373906, 6.375056687134258, 4.7842419686684865, 32.0, 0.0
28, 0 ,1.0,1.0,1.0,31.851008,14.028938666666667,71.67140266666667,17.42491178506399,9.064172101571035,14.936886683391272,71.0,37.0,82.0,-0.960270229761192,-0.013270275729749953,0.2787561400515576,17.636720210312898,-0.2789850462544725,0.02073949206441785,-0.9600714647542127,14.689522701201476,-0.006959152303046185,0.9996968406726945,0.02361772529810285,9.05877328508994,81.34250694607783,74.1281024887762,38.20002928473472,23.412555019046415,7.79420412080834,93750.0,230337.22599893546, 0.0, 0.0,0.0,NaN, 79.67488808236027,79.67488808236027,NaN, 303.6275507172619, 2.1443542964907203, -25.480499707221206, 2.1443542964907203, 82.15921588689869, -3.5096481646365523, -25.480499707221206, -3.5096481646365523, 223.1105837924715, 6.701931232293447, 5.171251849728901, 17.0, 0.0
29, 0 ,1.0,1.0,1.0,235.60648360809134,273.7931404072883,96.27695265315845,14.087786026235824,13.798852836910134,14.458035815257842,74.0,61.0,70.0,-0.5355616407279349,-0.5419624955750532,0.6476498918172252,15.643179400757589,-0.6929634550070591,-0.15629981606682278,-0.7038266956589224,13.639130644676227,-0.48267523139838286,0.8257402865838254,0.2918520174797146,12.929574929755187,78.5999466774422,72.1002078492526,67.70577627309282,23.493146030334472,6.780925008308352,117558.0,383693.542292733, 0.0, 0.0,0.0,NaN, 118.7542675241847,118.7542675241847,0.0, 198.46571512100536, 24.54677238794114, -17.698964709438865, 24.54677238794114, 190.40833961470287, -25.141122385380246, -17.698964709438865, -25.141122385380246, 209.03479963527852, 5.930041990746167, 4.702811882193937, 24.0, 0.0
30, 0 ,1.0,1.0,1.0,134.55798356180955,24.641316265037467,248.82420814650706,14.514024150148755,14.012720402774821,15.593201119239433,73.0,61.0,77.0,0.47382335797378594,0.04997350556159352,0.8792008156162796,15.974371550223802,-0.6272906954161198,-0.6815616679809706,0.3768024365411645,14.702430789270773,0.6180597130397731,-0.7300522868129949,-0.2915919231328449,13.372327161889073,83.11252767514534,69.24553553946238,67.30833736576713,24.483107740422604,7.1231023180463255,132253.0,387371.02417298313, 0.0, 0.0,0.0,NaN, 146.05480847724886,146.05480847724886,0.0, 210.6568970311013, 17.773374261616507, 22.9846775485515, 17.773374261616507, 196.35633308634175, -6.234966603057219, 22.9846775485515, -6.234966603057219, 243.14792114504993, 7.65550524319946, 5.25737980111522, 24.0, 0.0
31, 0 ,1.0,1.0,1.0,20.743746521297844,254.15683626362832,82.06893559899159,12.132173677964875,16.96573982963322,14.938043757397757,51.0,82.0,78.0,0.17898959089530952,-0.9834926882163152,-0.026549172796441367,17.10776698338255,0.02901209358977308,0.03224939550122209,-0.9990586944295834,14.939590631720202,-0.983423115844176,-0.17805085991045194,-0.034305488022774056,11.929126456532384,85.16139861627659,78.01037714436536,54.93585844644886,24.46187786158573,7.732247338384169,122172.0,364964.8826629366, 0.0, 0.0,0.0,NaN, 96.26634339919154,96.26634339919154,0.0, 147.18963815230376, -26.39498352400381, -3.0590710899581453, -26.39498352400381, 287.83632796680297, 1.3202298807232153, -3.0590710899581453, 1.3202298807232153, 223.1451512979301, 6.566289730546411, 5.209440867965952, 18.0, 0.0
32, 0 ,1.0,1.0,1.0,166.73560240963855,11.272575301204819,219.40588855421686,15.612227905692361,7.604189614490039,14.685842650697477,78.0,31.0,74.0,0.8887624080933816,0.06931249840232385,0.4530972958706335,15.91700250879571,-0.4577297062259412,0.0820518937085864,0.8852971268320866,14.423526260226554,-0.024184664528705775,0.9942148984520713,-0.1046510281725472,7.473302856768787,79.14590952915032,71.50549018568803,34.54808946158175,21.45224334901978,7.552522064046309,66400.0,195520.31938372157, 0.0, 0.0,2.8421709430404007E-14,63.05742242697507, 156.14698658244603,156.14698658244603,0.0, 243.74166017927928, 6.450697770902921, 17.862120172557738, 6.450697770902921, 57.823699693118165, 17.2575425159228, 17.862120172557738, 17.2575425159228, 215.67397436104508, 6.793996622583952, 4.831860828475257, 17.0, 0.0
33, 0 ,1.0,1.0,1.0,59.587682531704644,112.59476390920759,158.8891571455497,13.845410261414179,12.847033449690716,14.496741457667868,71.0,65.0,70.0,0.589344446670657,0.17282867722629888,0.7891789223659392,15.217773050801725,-0.6625632112369042,-0.4555405026568882,0.5945526398516382,13.259089157752086,-0.46225870926776413,0.8732772175931982,0.15396034209751372,12.62984975112076,75.28150556441253,65.58051530600007,64.97783250985485,22.920412358729212,6.446073530505381,111419.0,320795.5544179206, 0.0, 1.4210854715202004E-14,0.0,80.0476747645226, 190.1066614833967,190.1066614833967,0.0, 191.69538530687305, 12.257303099013644, 27.101238381842954, 12.257303099013644, 165.04626845747217, 5.417364491502483, 27.101238381842954, 5.417364491502483, 210.1555128904663, 6.720341649122961, 4.93483552273323, 25.0, 0.0
34, 0 ,1.0,1.0,1.0,144.94938632483218,153.1969928575898,58.28371190789062,13.224564425798837,14.11548405905392,14.144683863279145,65.0,68.0,67.0,0.4423927638274964,0.6188224153274865,0.6491128259411644,14.90920454449417,0.009422371553859107,-0.7269599636254612,0.6866151980548997,13.732089853894571,-0.896771911595903,0.29763741292707785,0.3274326022232762,12.780978216107682,76.33538873337895,70.58934853145618,63.94559957938307,23.05023709923893,6.549400410306175,111867.0,344568.64829532395, 0.0, 0.0,0.0,NaN, 214.3791934301507,214.3791934301507,0.0, 174.88910425210415, 15.960366985435021, 17.085926831169935, 15.960366985435021, 199.2468902214053, 11.08492084963245, 17.085926831169935, 11.08492084963245, 200.07208159210944, 6.114939493126377, 4.701605056638282, 19.0, 0.0
35, 0 ,1.0,1.0,1.0,24.51180388355586,14.42870245875155,264.03317594821925,13.775693137514805,9.10974199284711,19.568482885895687,50.0,41.0,79.0,0.08073573487460627,0.0468621790895733,0.9956333046283825,19.617189403053423,-0.9956877902052801,-0.04199698051023252,0.08271685477669607,13.737315958419966,-0.04568988455208838,0.9980181309971277,-0.0432694424578932,9.062818172846434,82.25146158416709,54.71434356006192,42.10396141190471,24.172636820042268,8.447856072234423,95943.0,189481.9197045086, 0.0, 0.0,0.0,NaN, 45.85442635821368,45.85442635821368,0.0, 189.7697214189725, 5.601951100814749, 15.554067813583451, 5.601951100814749, 82.98739917624204, 13.752972494854145, 15.554067813583451, 13.752972494854145, 382.92552245559244, 6.239281101589021, 4.813873369985552, 10.0, 0.0
36, 0 ,1.0,1.0,1.0,53.76504777420633,18.952111311699177,164.33951829509928,15.439928199531993,11.992428438263367,15.528147648545831,88.0,48.0,81.0,-0.668652721714815,0.18142451484651695,0.721102408230673,16.442556709000478,0.7381590926111115,0.0451240707384457,0.6731158683581399,14.615752653062508,-0.08958064377370309,-0.9823690567463422,0.16409248797062959,11.804880147820654,89.41097951971402,74.55707600695455,52.77858727725968,23.829877823098347,7.447819478532921,113555.0,351833.7371977263, 0.0, 0.0,0.0,NaN, 147.15172164041923,147.15172164041923,NaN, 238.39138280670323, -13.41823495402156, -26.265269269400115, -13.41823495402156, 143.81833984686793, 19.39419048468821, -26.265269269400115, 19.39419048468821, 241.12336939503942, 6.351628219242545, 4.7451499353123285, 20.0, 0.0
37, 0 ,1.0,1.0,1.0,129.39651248197754,93.1104199348924,209.8036978935246,13.939175932384993,12.877026494388577,14.43226796325687,66.0,67.0,69.0,0.4575061543181275,0.20470054874554638,0.8653241035036009,15.056557372939395,-0.749902128333053,0.6117704312004144,0.2517612707117929,14.354556907588474,0.47784402966092987,0.7640907176848384,-0.43339411447927306,11.647127183842604,69.58837891597477,71.16505481196828,58.33607758796322,22.941033772979964,6.489820105474553,110279.0,288895.47025479114, 0.0, 0.0,0.0,NaN, 183.16217037541665,183.16217037541665,0.0, 194.30062567398102, -23.769759723002906, 22.75281515256648, -23.769759723002906, 165.81781133718536, 26.969562389490026, 22.75281515256648, 26.969562389490026, 208.29035856325058, 6.737451499244427, 4.8250701362211466, 27.0, 0.0
38, 0 ,1.0,1.0,1.0,282.3761255779995,256.15378843189745,246.86333860631134,11.016963121213557,14.629437423450483,16.5210057808543,44.0,78.0,92.0,0.21377525233930258,0.3972672005725559,0.8924566728063118,17.129786407636953,-0.10556645683734815,-0.898831250005914,0.4253917103136995,14.241975300697122,-0.9711621206977114,0.18515170904436914,0.15020978649832828,10.586505793458189,97.47292513329529,80.29948325020429,53.32293347788146,23.36286568542878,7.90658299877413,98616.0,417359.961084088, 0.0, 0.0,-2.8421709430404007E-14,26.816406680681617, 71.10974618563039,71.10974618563039,0.0, 121.37347641417956, 24.013645650645255, 30.524175026514023, 24.013645650645255, 214.0204393266535, 29.595974351997473, 30.524175026514023, 29.595974351997473, 272.9436320110212, 6.247561267257001, 4.8555274626787295, 15.0, 0.0
39, 0 ,1.0,1.0,1.0,133.76529265896224,278.2565011930941,54.41558976278482,13.877099587214058,12.641193238319138,14.990833558938963,63.0,54.0,75.0,-0.18425013473061427,0.014102808669761338,0.9827782041943006,15.028617494500013,-0.9486947664411456,0.25886061066183014,-0.18157484510516372,13.924928660914023,0.256963281382633,0.9658117285658776,0.0343158416137679,12.543355540933058,73.91150209694203,68.70032344183474,60.246211043672076,23.019349684324762,6.870828941581056,106865.0,305914.842682299, 0.0, 0.0,0.0,NaN, 146.03763100562617,146.03763100562617,0.0, 192.57389295345658, -9.158381482008283, -6.108896061103477, -9.158381482008283, 159.79976648852548, -0.769051897138388, -6.108896061103477, -0.769051897138388, 224.72509079181063, 6.109631002640929, 4.629088779368175, 15.0, 0.0
40, 0 ,1.0,1.0,1.0,200.19508320865887,175.12773129421325,190.74140669732733,14.26529796833247,12.49164636493728,14.305104880612674,73.0,66.0,67.0,0.8605601464843876,0.29011515488678724,-0.4186519212756398,14.526622521010363,-0.395179628832686,-0.13828023029886943,-0.9081363547750699,14.257628140212333,-0.32135540331295154,0.9469486653528306,-0.0043508560149921605,12.242273425503523,74.31174124324725,66.48353452403416,64.37396230203674,22.841139907308136,6.516004021798952,108282.0,318040.0251782959, 0.0, 0.0,0.0,NaN, 193.62733566812193,193.62733566812193,0.0, 203.49872612531053, 18.18511667812784, -2.8642108113476334, 18.18511667812784, 156.04122890665076, -0.7203819289515938, -2.8642108113476334, -0.7203819289515938, 204.63602564532857, 6.625329520278741, 4.841054135346009, 33.0, 0.0
41, 0 ,1.0,1.0,1.0,104.91385454950439,216.58171845417084,275.88560344507556,14.298320859955131,14.414340312329545,12.646671498734088,74.0,68.0,56.0,-0.6785948024202582,0.7198324467135586,-0.1461175649488527,14.737870685133347,0.6959561580721273,0.6937278073991582,0.18543666110734705,14.059857388537056,-0.23484914342976615,-0.024144935276954545,0.9717319084658981,12.540696309737214,75.16812115448488,64.5812155276272,57.37344599756938,22.960750952183336,6.705028095588309,107748.0,278516.4464982527, 0.0, 0.0,0.0,NaN, 136.18748361616034,136.18748361616034,0.0, 204.44197941422806, -9.7667287495674, 11.158120532884094, -9.7667287495674, 207.7732066396486, -1.105540133774165, 11.158120532884094, -1.105540133774165, 159.9382999968931, 5.317104975578315, 4.358530551202805, 23.0, 0.0
42, 0 ,1.0,1.0,1.0,175.47924528301886,280.40954018918507,173.940836663463,13.659035158302785,11.048730418587258,16.001559819763926,71.0,48.0,77.0,0.36041096538972384,-0.07419262872123229,0.9298383676049727,16.375110436795612,0.8968022734523429,-0.2466684107792653,-0.36728786728442386,13.38092302949448,-0.25661180478995177,-0.966255736835267,0.022365881949497284,10.83975364320342,78.96017741306329,69.97780734154907,53.20755179101951,22.721774503216427,6.958057588794024,98845.0,293996.2035176556, 0.0, 0.0,0.0,NaN, 178.26978749073956,178.26978749073956,3.3036247397782844E-6, 186.5692414557516, -17.643586709513826, 30.211165222470203, -17.643586709513826, 122.07444386261535, -4.8162781018122445, 30.211165222470203, -4.8162781018122445, 256.0499166654833, 6.628215223561349, 4.938426617084334, 29.0, 0.0
43, 0 ,1.0,1.0,1.0,241.0322795307029,94.12779745695039,187.0729949425664,13.38477134967968,12.465485717079027,13.392889723195964,63.0,63.0,69.0,0.7280886536262113,-0.39884296356398485,0.5575044420238009,13.986736085964033,0.5106434729167386,-0.22699857166666543,-0.8292857722334481,13.11839385595482,-0.45730750707625967,-0.8884795658183658,-0.03839147164286199,12.090859757901162,65.11504803441017,66.56508307722572,61.857930122004916,21.84384802612646,6.062692206858199,97678.0,268116.3060262331, 0.0, 0.0,0.0,NaN, 158.3974203788795,158.3974203788795,0.0, 179.152104083206, -17.359599350741792, 9.098997184075097, -17.359599350741792, 155.3883341627012, -6.117070331784367, 9.098997184075097, -6.117070331784367, 179.36949513768806, 6.806384806844594, 4.746109943726999, 19.0, 0.0
44, 0 ,1.0,1.0,1.0,118.51772153049995,169.23974315831597,271.94098280142975,14.464575282884923,12.654592830493133,14.315613199226053,70.0,62.0,63.0,-0.9603075861002882,-0.2530091168374681,-0.11745521221028085,14.614744108449063,-0.0681846842045244,-0.19538594386692468,0.9783533011030114,14.364743376507292,-0.2704814021668902,0.947528743488215,0.17037925738034462,12.42428434403013,76.7272853123425,68.34756474516965,57.30805044587248,23.020779096959767,6.659066665727352,109951.0,300530.4711939187, 0.0, 0.0,0.0,NaN, 178.69528122542567,178.69528122542567,NaN, 209.22393811424544, 15.08293567549247, 3.212781102594976, 15.08293567549247, 160.1387197055682, -8.17679972574783, 3.212781102594976, -8.17679972574783, 204.93678126985517, 6.058056944528783, 4.529704924705733, 18.0, 0.0
45, 0 ,1.0,1.0,1.0,91.9292852280463,268.1671341048332,42.32856818697527,12.349971934097498,15.383505998206571,14.082550821380865,62.0,64.0,64.0,0.19194559411088552,0.829575348211782,-0.5243678389649002,15.954749171716077,0.4751948690900253,-0.5460540663491715,-0.6899382530444647,14.144927184232943,-0.8586889572435017,-0.11674629871149889,-0.4990226211758665,11.52646151370841,81.56965909856811,69.28267340237394,59.06691715116338,23.251150524428486,6.846626943025798,110175.0,333808.65218374674, 0.0, 0.0,0.0,NaN, 106.0944509312272,106.0944509312272,0.0, 152.5218067729959, 1.9355583554413924, -34.28689017703892, 1.9355583554413924, 236.65225679685756, -27.61294535597921, -34.28689017703892, -27.61294535597921, 198.31823763677485, 6.8128118924213315, 4.675028901915476, 16.0, 0.0
46, 0 ,1.0,1.0,1.0,51.29310359312124,187.38030630161384,47.94247813631514,15.797752508021308,11.649924488374367,15.108739222345566,74.0,62.0,75.0,-0.9775762527573176,-0.20751885035838086,-0.03578542707440858,15.962836571861773,0.05626617313931741,-0.09364568701617065,-0.9940143877547881,15.14283048842284,0.20292557208301334,-0.9737383694038173,0.10322209136408916,11.377445194650932,74.90243976249087,73.67038464942911,60.925260240223196,23.773825921149292,6.954777268123948,119033.0,336191.1636207271, 0.0, 0.0,0.0,NaN, 132.71269379672782,132.71269379672782,0.0, 249.56898430469352, 24.906248632253007, -1.1993826896566275, 24.906248632253007, 135.72074058482477, 10.226382240614809, -1.1993826896566275, 10.226382240614809, 228.2740008888433, 6.662840323157882, 4.7430615368127755, 27.0, 0.0
47, 0 ,1.0,1.0,1.0,279.66779426310586,234.90685459940653,50.125697329376855,11.765278821094247,13.66335314217193,15.41773826468018,49.0,62.0,75.0,0.19526743472486455,0.044066790458082955,0.9797595352507135,15.554605376800541,0.03396741635687118,-0.9986945942934361,0.03814868221981323,13.660699408299399,0.980161641547969,0.025830704748278553,-0.1965093665202694,11.586854675539348,78.48029653232695,61.29665942254056,56.93263961022518,22.687740262694533,6.934125741321795,101100.0,273879.0179071794, 0.0, 0.0,0.0,NaN, 84.63510915114655,84.63510915114655,NaN, 138.42178573808883, -0.8495388864919277, 20.670679233476054, -0.8495388864919277, 186.68721908769956, 2.6546853783456474, 20.670679233476054, 2.6546853783456474, 237.7066531981834, 6.266243555292885, 4.5842664279267895, 14.0, 0.0
48, 0 ,1.0,1.0,1.0,187.21839156374523,67.12171146775863,61.887358827025956,12.280203328132451,13.04385549838277,13.515230402027802,62.0,66.0,73.0,0.05287613358294286,0.36417533908123934,0.9298281760101608,13.590615231583206,-0.31526265460654007,-0.8774227411830273,0.3615781960590257,13.05260528364794,-0.9475302491782289,0.31225895609241716,-0.06841616206948277,12.187357621699904,70.66638171057983,67.01107250493922,59.78090963341967,21.562216808087953,6.219149393930585,90846.0,283088.31460730964, 0.0, 0.0,0.0,NaN, 145.10361999073214,145.10361999073214,0.0, 150.80339378027534, 6.737580570192299, -0.7109746067872582, 6.737580570192299, 170.1421662626904, 5.320448599274048, -0.7109746067872582, 5.320448599274048, 182.6614528198966, 5.833677212271941, 4.5238641476482, 32.0, 0.0
49, 0 ,1.0,1.0,1.0,232.35724684341668,243.9944567317114,288.1023684873597,16.95351350583275,15.588039613339138,6.623155061854509,85.0,75.0,27.0,-0.8749120263561577,-0.48427144605037864,-0.00318004365347709,17.521044952467776,-0.4832957804527619,0.8726928510385078,0.0695152957473284,14.976662704427797,-0.030889071431798615,0.06235666994442372,-0.9975758171585377,6.556473149815979,89.39265724244905,75.74351709866929,28.775515144343103,22.663818773355935,7.7862764375028455,71438.0,194836.54589698237, 0.0, 0.0,0.0,NaN, 88.62119705233721,88.62119705233721,0.0, 287.4216201924534, 35.38312200439501, -5.356960527533101, 35.38312200439501, 242.9869789870302, 11.406009937582013, -5.356960527533101, 11.406009937582013, 43.86618297336901, 7.761706840874246, 5.22714673990749, 17.0, 0.0
