// Sample: .//bubblelabels.tif, Map: .//bubblelabels.tif, Thickness:(8.191250068658265):/gpfs/home/mader/Foam/NewValid/InSilicoTest/LatticeDataPhi_16.0/out_Step_02000.vtk/distmap.tif, Neighbors:(1.0):
//LACUNA_NUMBER, TRIANGLES, SCALE_X, SCALE_Y, SCALE_Z, POS_X, POS_Y, POS_Z , STD_X, STD_Y, STD_Z,PROJ_X, PROJ_Y, PROJ_Z, PCA1_X, PCA1_Y, PCA1_Z, PCA1_S, PCA2_X, PCA2_Y, PCA2_Z, PCA2_S, PCA3_X, PCA3_Y, PCA3_Z, PCA3_S,PROJ_PCA1, PROJ_PCA2, PROJ_PCA3,OBJ_RADIUS, OBJ_RADIUS_STD, VOLUME, VOLUME_BOX, Mask_Grad_X,Mask_Grad_Y,Mask_Grad_Z,Mask_Angle, Mask_Distance_Mean,Mask_Distance_COV, Mask_Distance_STD, SHAPET_XX, SHAPET_XY, SHAPET_XZ, SHAPET_YX, SHAPET_YY, SHAPET_YZ, SHAPET_ZX, SHAPET_ZY, SHAPET_ZZ, Thickness, Thickness_STD, Neighbors, Neighbors_STD
1, 0 ,1.0,1.0,1.0,170.27451314612009,61.84247382849676,167.68553003508472,12.899111564201835,12.425525094700864,11.00549309421106,60.0,62.0,60.0,-0.8077702599469785,-0.5894222933570241,0.009411016891722315,13.415176506110623,-0.5847166942122243,0.7990882189443745,-0.13987282028269615,11.883611551137585,0.07492392578287985,-0.11848788308537381,-0.990124753203973,10.98701265508786,68.89672544333729,61.07441393777385,58.938785657882846,20.126477316854814,6.068487627539493,70401.0,248004.2212229036, 0.0, 0.0,0.0,NaN, 75.84405782289015,75.84405782289015,0.0, 166.3870791457255, 18.630052851386715, 1.2266508507259049, 18.630052851386715, 154.3936738790409, -2.6206228876139703, 1.2266508507259049, -2.6206228876139703, 121.12087824672732, 5.896819758424704, 4.241453651498121, 28.0, 0.0
2, 0 ,1.0,1.0,1.0,41.617263671047056,8.883928571428571,26.23956125476897,14.156580800631444,5.8747987326544635,12.113641075426404,74.0,22.0,55.0,0.8643832194114387,-0.02086586654078389,0.5024005031978157,15.106395187864749,-0.4978543437475934,0.10474628701715745,0.8609118815347899,10.953526700113635,0.07058825972900276,0.9942800566086104,-0.0801527704998983,5.786140118958187,80.06204020531736,54.05394038637196,25.85216063819354,18.317011619011886,6.793336850711651,37744.0,111879.58767432452, 0.0, 0.0,0.0,NaN, 49.99435365289235,49.99435365289235,0.0, 200.4087799648068, -8.022911399352028, 47.48722186006784, -8.022911399352028, 34.51326014919849, 5.759074763065498, 47.48722186006784, 5.759074763065498, 146.74030010425776, 6.235545546613118, 4.244311341080563, 17.0, 0.0
3, 0 ,1.0,1.0,1.0,169.83326339881748,40.399008201411405,11.867785618920465,15.005752847256483,11.607007186986761,8.216609632271885,65.0,62.0,31.0,0.9287958729591455,0.36611420453318205,0.05743357566001328,15.567268256936028,0.36764587452742736,-0.9297821869213818,-0.018482311182747464,10.869753868095634,-0.046634078923275535,-0.038281511500045245,0.9981782348660232,8.180251711558961,74.03282446139224,65.43132087289358,33.76592622527887,19.49248699784257,6.888458379039889,52430.0,163564.35804882218, 0.0, 0.0,0.0,NaN, 51.797260509794214,51.797260509794214,NaN, 225.17261851294606, 42.13818671937296, 9.009654432206855, 42.13818671937296, 134.72261583876235, 4.569119299107067, 9.009654432206855, 4.569119299107067, 67.51267384914311, 6.0705677884158895, 4.056212000107639, 14.0, 0.0
4, 0 ,1.0,1.0,1.0,9.39628471583594,29.770682361596467,135.1250689718595,6.162258903165058,10.68930256846112,10.73794522036092,24.0,53.0,57.0,0.030173155366113678,-0.6988171475224859,0.7146636796590325,11.83018446837493,-0.026244623807603375,-0.7152966074203879,-0.6983279910859082,9.473125064586469,-0.9992000802724392,-0.002314679549932271,0.03992294881557951,6.151806945942192,67.25614846433226,47.57644874720076,25.18428763672226,15.460346226264202,5.340017444659889,27185.0,80584.90269203606, 0.0, 0.0,0.0,NaN, 71.99541909484319,71.99541909484319,0.0, 37.97343478963702, -1.178795699153172, 3.152938457463928, -1.178795699153172, 114.26118940010947, -25.07262534594189, 3.152938457463928, -25.07262534594189, 115.30346755547193, 6.1415184299494605, 4.11655514050564, 13.0, 0.0
5, 0 ,1.0,1.0,1.0,59.08441391556272,74.2789888086727,142.6392374009953,9.94493144615611,9.834092051544722,10.694821532179974,52.0,56.0,57.0,-0.603822429334325,0.322390614611423,0.7290149281347146,11.621427568913075,0.24116365767381223,-0.7978165819266124,0.5525656448064112,9.943059214428093,-0.759762175980209,-0.5094634365814741,-0.40399064684273533,8.721710283600565,55.04796612739946,52.90306635511789,48.82212657292057,16.891094637575364,4.968013435632024,42801.0,142180.09993485146, -7.105427357601002E-15, 0.0,0.0,52.85584768728391, 110.89902268335747,110.89902268335747,1.3486991523486091E-6, 98.90166146874465, -15.869348533112147, -22.92905690824522, -15.869348533112147, 96.70936647825508, 3.8145105533682795, -22.92905690824522, 3.8145105533682795, 114.37920760518041, 5.930331989603007, 3.8648070022557497, 21.0, 0.0
6, 0 ,1.0,1.0,1.0,29.212279502701296,106.69156414762742,173.97710408123413,12.347515433222537,12.375464323048915,9.946524977751135,60.0,59.0,50.0,-0.6985361969431463,0.715204486546947,0.023015733386625787,12.740304521934275,-0.7086030519153302,-0.6958514698377559,0.11692923817811869,11.998183091359024,0.09964384765998446,0.06537028642856978,0.9928735212884672,9.913367586867736,65.85440778994806,60.89977143046323,49.75285042018609,19.256937149793515,5.806632873416394,61452.0,199534.72117184664, 0.0, 0.0,2.8421709430404007E-14,88.6811791618964, 101.17812306501438,101.17812306501438,0.0, 152.46113737366872, -9.46962595693863, -4.814608519489863, -9.46962595693863, 153.15211721105655, -2.6627281332469357, -4.814608519489863, -2.6627281332469357, 98.93335913302722, 5.946009365784398, 3.7514254280629027, 27.0, 0.0
7, 0 ,1.0,1.0,1.0,136.41442522164533,16.58763659537778,180.48587655339168,13.338138026203874,9.98927467901134,9.561675377921684,67.0,42.0,39.0,-0.9575735689027737,-0.2879935196202494,-0.010610975240088479,13.62692401219476,-0.22280855736251806,0.7631828648536227,-0.6065544176410311,9.63518351507929,0.18278185606027297,-0.5784562623488124,-0.7949711602596684,9.517738767594482,71.18069206214811,53.88573873673673,50.90352437133518,18.35778064734381,5.666485714758031,53351.0,195246.78869995294, 0.0, 0.0,0.0,NaN, 68.54980686773318,68.54980686773318,0.0, 177.90592600606578, 25.845276656036404, 1.270346748973964, 25.845276656036404, 99.78560861273711, -0.750646020231691, 1.270346748973964, -0.750646020231691, 91.42563603275377, 6.1870928511532695, 3.9608864033027027, 14.0, 0.0
8, 0 ,1.0,1.0,1.0,185.29116090880797,155.70746446726838,91.46392260607946,8.270894981684686,10.769182673691416,10.444788142656419,32.0,57.0,53.0,0.1662447752957528,0.78469248313071,0.5971770102783802,11.494201537930362,-0.2539765258830765,-0.5510993071323035,0.7948493429440944,9.844658681931103,-0.9528161412293705,0.28380849281946285,-0.10767609027224753,8.027616398663193,55.652341587764994,47.56810854276013,38.18218235974301,16.411759689177455,4.912305213131167,38556.0,101078.7988641023, 0.0, 0.0,0.0,NaN, 102.68314267599996,102.68314267599996,0.0, 68.40770379805691, 13.37350876362796, 0.16275041041995864, 13.37350876362796, 115.97529545933538, 17.486839482154917, 0.16275041041995864, 17.486839482154917, 109.09359934497611, 6.1591561067826595, 4.074593868905379, 19.0, 0.0
9, 0 ,1.0,1.0,1.0,79.37092924360064,146.573541112239,44.81854097506105,9.586142448555487,8.813035601087458,10.45915069695316,45.0,40.0,50.0,-0.5743244458279878,-0.07701687396663753,0.8149968294716129,11.271518373641017,0.16715920456090352,-0.9856215848267833,0.024655462966787146,8.800150549851226,0.8013795800087127,0.1503944568391657,0.5789406498917757,8.629471635287658,55.54726644566621,41.02791808598661,41.69737249585663,16.045785451666106,4.635765965911782,36449.0,95027.84063906145, 0.0, 0.0,0.0,NaN, 105.65430674331975,105.65430674331975,0.0, 91.89412704399739, 1.8355983473491364, -24.598690608324656, 1.8355983473491364, 77.66959650603498, -3.372619251108424, -24.598690608324656, -3.372619251108424, 109.39383330157577, 6.025313788649804, 3.939870745299983, 14.0, 0.0
10, 0 ,1.0,1.0,1.0,152.83414634146342,10.601330376940133,87.1614996976416,9.670223902187175,6.7841918653721,9.623128241179929,48.0,26.0,47.0,-0.7536414098765309,-0.0542166829657879,0.6550459347309179,9.885609645254473,0.6510485586214521,0.07539321515490562,0.7552824884938985,9.422899869871937,0.09033493032179911,-0.9956788711210022,0.02152175566635528,6.754758819885946,50.99927443041355,52.29246483878103,27.44939634532384,14.49988798989261,4.679351986266044,24805.0,73204.18477480164, 0.0, 0.0,0.0,NaN, 99.67012083187969,99.67012083187969,1.9073486328125E-6, 93.51323031843215, 4.247444997812209, -4.49448055810931, 4.247444997812209, 46.025259266180974, 0.6076625885901239, -4.49448055810931, 0.6076625885901239, 92.60459714619472, 6.329707389089567, 4.050723669066722, 15.0, 0.0
11, 0 ,1.0,1.0,1.0,98.98724503241448,88.48371369841354,13.24355663311021,11.30353391417567,9.923759911454807,8.469061651684028,58.0,50.0,33.0,-0.9950696332798145,0.03938083656153945,-0.09102513189273183,11.329552132319419,-0.009939278228691959,-0.9527646603973383,-0.30354688706398836,10.072704250636415,-0.09867945922363254,-0.3011455654823068,0.9484585983150099,8.2557720747008,59.55457620761128,55.1022653175191,40.13872746965872,16.49707256388209,5.081583592853034,37946.0,131718.9293253744, 0.0, 0.0,0.0,NaN, 133.42876024779846,133.42876024779846,0.0, 127.76987894891953, -2.0437169285291557, 5.553256770421806, -2.0437169285291557, 98.48101078019752, 9.41531434141311, 5.553256770421806, 9.41531434141311, 71.72500526002499, 6.28994417629662, 3.9658828900881398, 12.0, 0.0
12, 0 ,1.0,1.0,1.0,154.96353830377151,9.770367275627635,39.9202020585666,10.273725325432222,6.221894962824729,9.832999835924033,47.0,24.0,49.0,0.9423969394150494,-0.01920359360161867,-0.33394495141255215,10.337219114543595,-0.33375504980861587,0.012459076235428697,-0.9425774971569223,9.767966474166663,0.02226152080151805,0.9997379623742134,0.005332098973194123,6.219166077666994,56.54694466059637,51.32606521749992,24.64276104938086,14.802468047266167,4.672925686741364,26329.0,71521.47813892279, 0.0, 0.0,0.0,NaN, 60.970201666168826,60.970201666168826,0.0, 105.54943206242743, -1.469803160598472, -3.6085535350289017, -1.469803160598472, 38.71197692842374, -0.22904243814448969, -3.6085535350289017, -0.22904243814448969, 96.68788577328206, 5.823035218740434, 3.881306068474556, 15.0, 0.0
13, 0 ,1.0,1.0,1.0,189.00128971743464,58.993043342322274,93.17168874819244,6.718705786296588,9.486504972547348,9.919275481646705,27.0,47.0,57.0,-0.11034639083122241,0.31628914143544906,-0.9422233562380792,9.99195791525448,0.07737310582735261,-0.942401946271393,-0.3254104702656639,9.460199123571691,0.9908769229955621,0.10881061838771845,-0.07951838027104016,6.647722894340218,54.50055014051557,48.491391494296586,29.013624904785274,14.579040722515291,4.580216340852583,25587.0,76677.42589276766, 0.0, 7.105427357601002E-15,0.0,71.56134436535253, 110.82470110430695,110.82470110430695,NaN, 45.141007442815244, -5.245506328616007, 4.645028110810771, -5.245506328616007, 89.99377659416557, -2.6906413179669944, 4.645028110810771, -2.6906413179669944, 98.39202608079748, 6.204356152338472, 3.9470628486911963, 13.0, 0.0
14, 0 ,1.0,1.0,1.0,69.06990364632533,187.62491340764532,23.57866784222348,12.941023970682478,7.181520557694001,13.766013461011061,66.0,28.0,56.0,0.5408559366182292,-0.02739499041422953,0.840669001643942,14.302202408717791,-0.8351539297056454,0.10129298670756684,0.5406085871876978,12.3933341948754,0.09996384107284059,0.9944793840719202,-0.031905879299886634,7.099277381064702,71.74472112485182,63.87735727889883,31.129427153812372,19.14084410850972,6.494270732949407,47637.0,142661.905647419, 0.0, 0.0,0.0,NaN, 74.02531955415556,74.02531955415556,0.0, 167.4701014097785, -11.013853971648913, 23.498877680907484, -11.013853971648913, 51.574237520581555, 2.100775384781792, 23.498877680907484, 2.100775384781792, 189.50312660873774, 5.453636898214457, 3.6432120168196582, 14.0, 0.0
15, 0 ,1.0,1.0,1.0,185.45864286651792,149.63089644310276,34.02819267620423,8.49226169971119,11.430431258618782,9.278587352292812,37.0,55.0,51.0,0.18302197279076013,-0.9822685410748402,0.04063829093950261,11.525101617356064,-0.029368314669316227,-0.04678078962398097,-0.9984733645999979,9.275632244330495,-0.9826700664868459,-0.1815490868521849,0.0374094840097466,8.36660803229554,57.39409094695412,51.483511070087665,42.02422363644081,16.28646695440508,4.8596753936436,38095.0,124175.24849383881, 0.0, 0.0,0.0,NaN, 62.501324443709095,62.501324443709095,0.0, 72.11850877638159, -11.272949800600843, 0.9375618207470807, -11.272949800600843, 130.65475875800936, -1.7588550408162094, 0.9375618207470807, -1.7588550408162094, 86.09218325412813, 5.945181011105322, 3.9152506095203874, 17.0, 0.0
16, 0 ,1.0,1.0,1.0,152.55520636915986,109.94833438089252,9.922354913052587,10.595603521224888,9.725180977046815,5.6843543611013265,57.0,52.0,22.0,0.92033560370153,0.38676028768430537,0.05829971208928125,10.79166504156268,0.3854860876712156,-0.9221526989671365,0.032169488643216525,9.525436194066316,-0.06620311753444508,0.0071329978255688965,0.9977806710749314,5.6536602711308594,54.552205667468655,45.350046198522236,23.469112558882475,14.7279101562205,4.716620182734123,23865.0,58061.29477842331, 0.0, 0.0,0.0,NaN, 102.26809888948328,102.26809888948328,0.0, 112.26681397899326, 9.184939009142013, 5.262467940584673, 9.184939009142013, 94.57914503631324, 0.16179608664546738, 5.262467940584673, 0.16179608664546738, 32.311884502571665, 6.014947003003763, 3.9399023627582395, 17.0, 0.0
17, 0 ,1.0,1.0,1.0,11.28844509066028,46.87016763599042,14.462538487854944,7.003461334073556,9.172851266003645,8.793257726532476,27.0,45.0,38.0,-0.1786130051543871,-0.824386923231063,0.5371066888387632,9.50299467722375,0.021933295305526866,-0.5490852168897273,-0.8354785186647239,8.51631671330985,-0.983674908161614,0.13744680934376774,-0.11615528250776429,6.904816743011177,49.46709544983163,41.37984281678537,29.536165380054967,13.895724840230772,4.17371340845465,23384.0,60458.777098340106, 0.0, 0.0,1.7763568394002505E-15,57.51310502789902, 50.332957655033354,50.332957655033354,9.5367431640625E-7, 49.04847065786335, 5.977878861411381, -4.545108711109383, 5.977878861411381, 84.14120034822469, -7.475612946924046, -4.545108711109383, -7.475612946924046, 77.32138144522307, 7.339340275560713, 4.129245190119363, 10.0, 0.0
18, 0 ,1.0,1.0,1.0,62.0293983285411,12.033052965361566,104.84408674387983,10.709277565279084,7.363445898292131,12.131249323518153,52.0,29.0,58.0,0.3180188912125482,0.13794085305398174,0.9379958986534438,12.427826283673685,-0.9399307893414705,0.1753464494126697,0.2928886032714325,10.547870514747151,-0.12407294660747709,-0.9747953342815661,0.18541833831373894,7.097022832398241,60.91512375954895,55.953556209433586,36.06354571931722,16.884363355198328,5.567265550182911,37213.0,122919.63120715915, 0.0, 0.0,0.0,NaN, 114.22385236137976,114.22385236137976,0.0, 114.68862597018989, -5.469571384841424, 14.285372560723278, -5.469571384841424, 54.22033549707521, 16.594221731788128, 14.285372560723278, 16.594221731788128, 147.16721014935965, 5.5426334210894, 3.699762187749483, 18.0, 0.0
19, 0 ,1.0,1.0,1.0,191.78867388214715,135.18754782988958,118.55395211544769,4.71332436246132,9.792427299437263,9.755074952688705,18.0,48.0,47.0,0.01913709169300133,0.7127154676024,0.7011921519539608,10.796525548763391,0.022677073749345137,-0.7014495819730948,0.7123582204733356,8.634215443757363,-0.9995596640759872,-0.002268521558860542,0.02958600618935519,4.706793604864295,48.965422133800274,44.613590098053905,18.932020586750582,13.879867728115398,4.540684765883478,18294.0,41357.43955879125, 0.0, 0.0,0.0,NaN, 104.4104331421404,104.4104331421404,0.0, 22.215426545771404, 0.4542505690583295, 2.1132928215983586, 0.4542505690583295, 95.89163241476415, 21.0006772871925, 2.1132928215983586, 21.0006772871925, 95.16148733257454, 6.180590562945157, 3.8234088947814473, 8.0, 0.0
20, 0 ,1.0,1.0,1.0,40.20109722926559,173.15550228205245,190.33414780323636,10.022262835029638,10.239289285820893,4.983241921392048,51.0,49.0,20.0,-0.5116695009161445,0.8590183288431404,0.016787868946387022,10.360197080115766,-0.8591230403394152,-0.5113069048056886,-0.021745129477334587,9.900152139743996,-0.010095711474836993,-0.02554916455706441,0.9996225871799082,4.977429209074206,47.05530147942565,45.22509872227597,20.465930843487712,14.44112158251663,4.6449440146512035,21691.0,43553.15151077681, 0.0, 0.0,0.0,NaN, 49.29689619900463,49.29689619900463,0.0, 100.44575233441631, -4.115637866134024, 0.6590497110452744, -4.115637866134024, 104.84304507872653, 2.004883106342876, 0.6590497110452744, 2.004883106342876, 24.832700047119108, 6.145222256886921, 4.0385414279012535, 11.0, 0.0
21, 0 ,1.0,1.0,1.0,11.463424880533529,153.43832379351994,188.04726146090428,7.308971307062746,10.419909100401835,6.072058781517142,29.0,58.0,24.0,0.032642764391372855,0.9992926554492074,0.018671869166219712,10.423913011816184,0.999151674160175,-0.03309607036137602,0.024506777624855702,7.305653787232108,-0.0251074083849489,-0.017856060369128346,0.9995252768951296,6.069178308263264,58.24805792163532,30.06252447023166,24.72623696231824,13.363410960877943,4.503855300183474,19043.0,43297.70968150904, 0.0, 0.0,0.0,NaN, 49.419305536730384,49.419305536730384,0.0, 53.4210615674665, 1.7959771318692739, 0.4487169882644417, 1.7959771318692739, 108.57450566063699, 1.3267084275498313, 0.4487169882644417, 1.3267084275498313, 36.869897846199436, 6.087085711713762, 4.0775301713182595, 9.0, 0.0
22, 0 ,1.0,1.0,1.0,8.388997173764741,19.242179124841634,55.094142871065195,5.269788170315368,10.397752754340871,9.512542092897363,21.0,42.0,45.0,0.009513921334833933,0.9509365670820158,0.309239600774391,10.496759786879776,-0.054599585562268016,0.30928626558870115,-0.9494002797422295,9.413243922326808,-0.9984630041004339,-0.007851834464985899,0.05486326765943941,5.251786325133974,44.725779153679504,42.53419539084277,22.072840273762885,14.29867852734044,4.681899095592739,20522.0,41990.82016761696, 0.0, 0.0,0.0,NaN, 58.95762299950082,58.95762299950082,0.0, 27.770667359995798, -0.28327238834473406, 3.4065128866721732, -0.28327238834473406, 108.11326234040317, 6.370144719364925, 3.4065128866721732, 6.370144719364925, 90.48845706914412, 5.559276407313166, 3.7757398865602525, 11.0, 0.0
23, 0 ,1.0,1.0,1.0,101.35862101624284,18.806932802954965,103.14320215939765,9.895844767796685,10.079216626599655,10.934863687479048,46.0,42.0,53.0,-0.5609088730135993,0.26701631008746457,0.7836348169408306,11.988022317522416,-0.06703811796364285,-0.9580997991962337,0.27847920123418535,9.930236764857835,0.8251588495038438,0.10366805162349718,0.5553069494955751,8.761695843068866,60.476079629398015,48.80709599759191,45.39608701547357,17.070424343578477,5.262148617068887,42234.0,133993.89700391918, 0.0, 0.0,0.0,NaN, 139.5172450172644,139.5172450172644,0.0, 97.92774366832903, -8.623616144186085, -29.83345029848557, -8.623616144186085, 101.59060780592293, 8.180107742759922, -29.83345029848557, 8.180107742759922, 119.5712438637479, 5.334909589175345, 3.3777142410279244, 19.0, 0.0
24, 0 ,1.0,1.0,1.0,121.92288138907357,10.025380313636541,144.89503734699466,9.326093742008998,6.482075737076261,10.726761071411515,42.0,26.0,51.0,-0.11704823354334631,0.04312605049913426,0.9921894248543108,10.756967893690918,0.9676220594297347,0.2299106410065849,0.1041568397029242,9.439552806378401,-0.22362303353935098,0.9722557487206169,-0.06864035220168224,6.26412148499517,52.12948132495043,45.07376147227079,29.849730236944765,14.854525215874242,4.837335427695484,25571.0,70137.06958173779, 0.0, 0.0,0.0,NaN, 96.08902960279514,96.08902960279514,0.0, 86.97602448473941, 10.70748308546784, -3.8554216241729384, 10.70748308546784, 42.01730586119276, 4.466353320628861, -3.8554216241729384, 4.466353320628861, 115.0634030831495, 5.7727390239795, 3.716027675324746, 8.0, 0.0
25, 0 ,1.0,1.0,1.0,57.22065705506972,151.95665327345782,19.826589458756796,8.430361705233707,11.217491176656432,11.666933647859008,41.0,50.0,46.0,0.1975466123116539,0.5462529496021274,-0.8139920460392501,12.367599957748938,0.21490703949541468,-0.8342885498727678,-0.5077180122139757,10.709212254513352,0.9564467054360664,0.07463464746463264,0.28220448093239864,8.08552358823163,60.04813389136427,55.88843205147302,41.7832016115449,17.41007738403985,5.46897184164451,42310.0,140224.2595983449, 0.0, 0.0,0.0,NaN, 77.30110224354331,77.30110224354331,0.0, 71.07099848107099, 0.6097065714724287, -19.46376835705404, 0.6097065714724287, 125.83210829836491, -18.05533053492413, -19.46376835705404, -18.05533053492413, 136.1173407435447, 5.434048737202714, 3.598669669325433, 11.0, 0.0
26, 0 ,1.0,1.0,1.0,139.85978806155234,36.54438870413167,36.234005974860494,8.744195245934193,9.037796783218079,10.512052247006853,40.0,44.0,52.0,0.2683960069706831,0.45898220434005566,0.8469350149458557,11.168389666987405,-0.747199927310709,-0.45571185827783034,0.48375507320527183,8.699476216133066,-0.6079932993619783,0.7626677116045429,-0.22064022662883895,8.260275385774442,54.565501872472,42.51021046841332,40.36160217821523,15.740254521779438,4.57059637543761,35482.0,93622.40790346287, 0.0, 0.0,0.0,NaN, 79.15327300084499,79.15327300084499,0.0, 76.46095049901814, 9.496627411167763, 10.15098302589854, 9.496627411167763, 81.68177069474706, 20.321344360227464, 10.15098302589854, 20.321344360227464, 110.50324244380184, 5.532911141516357, 3.545009479815543, 15.0, 0.0
27, 0 ,1.0,1.0,1.0,70.93242160847251,63.790886706814206,46.84446290308226,9.056613656593594,9.263842143505792,9.429116067795233,42.0,40.0,49.0,0.51140370818939,0.6337321684179683,0.5803876169960915,9.885358786028132,-0.3743885654864904,-0.4436114257178527,0.8142739741668907,9.188781113462507,-0.773498189579723,0.6337132172243485,-0.010397549329353984,8.63685332311004,52.973398114250145,47.54580572152737,44.79561161891336,15.410896076504518,4.387884925989431,33709.0,112825.04485007424, 0.0, 0.0,7.105427357601002E-15,54.522189827241775, 106.27835794159577,106.27835794159577,0.0, 82.0222509247976, 9.128678985378475, 3.8645075942099103, 9.128678985378475, 85.81877125979399, 4.951781987119978, 3.8645075942099103, 4.951781987119978, 88.90822981995424, 5.680097567240845, 3.6110108300401387, 24.0, 0.0
28, 0 ,1.0,1.0,1.0,92.08122180849453,126.7190688099779,77.13053613053613,9.027006644830676,8.081620829995007,10.247544756167223,44.0,38.0,47.0,-0.06819308969214725,-0.10575202029084693,0.9920515171716855,10.273464249650411,0.9868470017358101,0.13893414509222224,0.08264561992347798,9.04136156494415,-0.14656977070078733,0.9846389254604441,0.09488671553395112,8.03251710850231,46.41491726648753,45.295749596407774,38.026948930145636,15.287542734677952,4.254721479800574,33033.0,79947.79925105792, 0.0, -1.4210854715202004E-14,0.0,83.92950461460823, 140.7059554162718,140.7059554162718,0.0, 81.48684896581717, 2.657486101257225, -1.3703941040241083, 2.657486101257225, 65.3125952398092, -4.105973563061931, -1.3703941040241083, -4.105973563061931, 105.01217352965034, 5.804822692199353, 3.625048543460842, 18.0, 0.0
29, 0 ,1.0,1.0,1.0,67.62072012370223,190.96673293571902,72.65085045283853,10.191397599680196,5.241320046045289,10.240155090688946,50.0,21.0,47.0,-0.6849640078295545,0.043447149095672905,0.7272803126811092,10.682331791171412,0.7284949193983089,0.02586692173972139,0.6845626740997219,9.73767404119973,-0.01092979363598052,-0.9987208056284649,0.049368937763591546,5.221330186061747,46.22209776844793,48.39266608700578,21.724600778287623,14.612736677888435,4.760748252523671,22635.0,48593.81606658619, 0.0, 0.0,0.0,NaN, 99.66096415058104,99.66096415058104,0.0, 103.86458503476725, -1.311535133503529, -9.573026236464791, -1.311535133503529, 27.471435825076195, 3.940626922508838, -9.573026236464791, 3.940626922508838, 104.86077628136272, 5.541830780143003, 3.685382580940762, 15.0, 0.0
30, 0 ,1.0,1.0,1.0,125.93769173492181,74.97274758004468,165.58290394638868,8.981651936854137,8.951408603131636,9.399439134841622,44.0,42.0,45.0,-0.49401006849140217,-0.3440580557939238,0.7984848818058012,9.83857176182172,0.5279907230015156,-0.8483592744737577,-0.03888878808469862,8.881713072342336,0.6907820558276373,0.40238115718515494,0.6007574849212268,8.571168072828495,49.273173692770754,42.26555618272047,42.9977886334772,15.230443424173307,4.144977279511959,33575.0,89545.39261430387, 0.0, 0.0,0.0,NaN, 110.86331623226897,110.86331623226897,0.0, 80.67007151479568, 1.5380785685019513, -9.31504288739102, 1.5380785685019513, 80.12771598021907, -6.231232848519895, -9.31504288739102, -6.231232848519895, 88.34945604959222, 5.658225187239856, 3.631115325901694, 18.0, 0.0
31, 0 ,1.0,1.0,1.0,44.495294183949504,56.32774458972047,171.53736474301172,9.104482587903556,11.216847005647725,7.959961048297939,44.0,53.0,40.0,0.25986874291815726,-0.9627161473725069,0.07513891163953912,11.375592807015975,0.9404036311620271,0.26998330799423187,0.20676078908188913,8.970249852515412,-0.21933820221614495,0.01693023900390861,0.9755019836247693,7.886744937195665,50.667210694468416,45.42464246280048,37.75408594387099,15.83079038317757,4.63209625071069,35488.0,86892.5363349536, 0.0, 7.105427357601002E-15,0.0,15.694832619198781, 77.21895894696682,77.21895894696682,0.0, 82.89160319343902, -12.17565843816255, 4.863580362716475, -12.17565843816255, 125.81765674810835, -3.8417518407903666, 4.863580362716475, -3.8417518407903666, 63.36097989042042, 5.514300564586162, 3.538047010134824, 19.0, 0.0
32, 0 ,1.0,1.0,1.0,188.38795116772823,183.53662420382165,186.19729299363058,6.620031145153037,10.092267355069723,7.684467686673741,26.0,48.0,29.0,0.13444774662283002,-0.9057094013887318,0.402012790423524,10.66984217860142,0.21386123168364723,-0.3696137783459699,-0.9042394751610711,6.974735452929354,-0.9675676601720403,-0.20754791035537135,-0.1440023885090873,6.499019126139237,56.916998169454146,36.72554972499216,30.616550355559013,13.494321392118938,4.757415950149408,18840.0,63998.021563365975, 0.0, 0.0,0.0,NaN, 24.421243649596036,24.421243649596036,0.0, 43.82481236279624, -9.226443009858412, 2.63089095061324, -9.226443009858412, 101.85386036620602, -23.930819117069763, 2.63089095061324, -23.930819117069763, 59.05104362753287, 6.162652797253521, 3.8366890692091014, 7.0, 0.0
33, 0 ,1.0,1.0,1.0,87.72824951499776,76.00907327264588,97.42277272048948,10.526116371048657,8.560521725389787,9.150750304868149,48.0,44.0,44.0,0.8809576096892918,0.2450655937661633,0.40479197704817105,10.981076006585395,-0.45758398999076333,0.2232740726423612,0.8606773963511687,8.796131857042921,-0.12054286388941647,0.9434466297770805,-0.3088330855455843,8.358344531118751,50.25338865468942,46.22033389323116,43.65848932257198,15.70820131731117,4.590239708838352,33505.0,101406.8131766357, 0.0, 0.0,0.0,NaN, 151.5414848392357,151.5414848392357,0.0, 110.79912585685854, 10.1832446544527, 15.13005060797058, 10.1832446544527, 73.28253221087053, 6.474838892492764, 15.13005060797058, 6.474838892492764, 83.73623114204452, 5.8921543634741935, 3.5878818156572647, 22.0, 0.0
34, 0 ,1.0,1.0,1.0,143.32115795609093,71.26549446279387,115.81960365261317,9.21506306683105,9.529206874505686,8.126863915567602,45.0,43.0,37.0,0.4533692936929148,0.8513944792975258,-0.26378727065209584,9.914673529476799,-0.8703377166976767,0.35902297214253825,-0.3370678928159916,9.080325279084862,0.19227205316910162,-0.3824002433258026,-0.9037707184206094,7.811275805837309,46.49581614566766,42.30679059937599,40.585445740095395,14.972407358361266,4.194771266737904,30882.0,79835.17403029604, 0.0, 1.4210854715202004E-14,0.0,31.636333894228333, 124.00645533869613,124.00645533869613,0.0, 84.91738732567366, 7.693537527297771, 1.8296150175954198, 7.693537527297771, 90.80578365712643, -10.967778328727062, 1.8296150175954198, -10.967778328727062, 66.04591710215477, 5.658458406138811, 3.5753457984167323, 18.0, 0.0
35, 0 ,1.0,1.0,1.0,146.5271407501663,106.26015789930304,83.96471847074814,9.470386962844097,9.071179081651927,9.58929437155175,44.0,48.0,45.0,-0.8178642859168905,-0.49721434506123413,0.2896133713884469,9.836643644944386,-0.11761007893244269,-0.3482415288801847,-0.9299976918770798,9.61837684920305,0.563263596511579,-0.7946733496402906,0.22633689097520399,8.640390864467363,50.64758411958695,42.68457748990552,40.25102212004648,15.618501400612294,4.471185491650363,34579.0,87017.50653482799, 0.0, 0.0,0.0,NaN, 136.73543293999592,136.73543293999592,0.0, 89.68822922600744, 9.719709702753233, -3.282335761149764, 9.719709702753233, 82.28628993139951, 2.600317899220625, -3.282335761149764, 2.600317899220625, 91.95456654427407, 5.359278132165056, 3.4363863839335687, 20.0, 0.0
36, 0 ,1.0,1.0,1.0,8.840082252451756,98.82976115153433,112.80030053780449,5.9897006820766805,9.808668912420616,10.928551134536896,24.0,50.0,60.0,0.03616376864662596,-0.0726162416920583,0.9967041001620257,10.938620051339282,-0.041966128093772516,0.9963663551273475,0.07411430673670553,9.808480338709535,-0.9984643338297519,-0.044508064581218906,0.032984939853570094,5.971602365540663,59.51178104295332,49.68529575292561,25.113583869286217,15.03195968792298,5.055681747816824,25288.0,74257.36269749282, 0.0, 0.0,0.0,NaN, 132.09563327300663,132.09563327300663,0.0, 35.87651426086985, -2.7522321220814288, 2.8391891559191316, -2.7522321220814288, 96.20998583348664, -1.6081424464074583, 2.8391891559191316, -1.6081424464074583, 119.43322990018767, 5.521030068911355, 3.532191815262922, 16.0, 0.0
37, 0 ,1.0,1.0,1.0,101.42911212194868,96.97492968505851,171.84537657557553,9.294848906886358,8.4446178018622,8.750640920192513,42.0,40.0,46.0,-0.8719999059086635,-0.3367117801697563,0.3553045752452331,9.562994185404245,-0.2807947692375639,-0.25047855764459,-0.9265067672333048,8.633296983108046,-0.4009619204664019,0.9076814800662177,-0.12387037208588422,8.264068486339179,44.91420473591738,46.22984595377707,40.071648915277066,14.711101950766482,4.226462105553595,28799.0,83203.8407861106, 0.0, 1.4210854715202004E-14,0.0,70.32333592296152, 141.11357037741112,141.11357037741112,0.0, 86.39421620184652, 7.2377103007759604, -5.551205379386876, 7.2377103007759604, 71.31156981952799, -1.3223944620450034, -5.551205379386876, -1.3223944620450034, 76.57371651414766, 5.339771134688244, 3.5233248983991436, 17.0, 0.0
38, 0 ,1.0,1.0,1.0,116.76852566004153,37.95312963512311,158.33645802432514,9.236265318048742,8.57162736898309,9.93182918115489,45.0,41.0,48.0,-0.566938232356943,-0.22960126249615825,0.7911158581093893,10.46506047401372,-0.5784808375450675,-0.5727553280514137,-0.5807850331937583,9.05753486827117,-0.5864647996982788,0.7869146042925419,-0.1918969626283068,8.115799100952259,51.54613291040046,46.20906352702215,41.018037999062265,15.418871817809833,4.43632905989621,33710.0,97700.8044228446, 1.4210854715202004E-14, 0.0,0.0,55.46300583561736, 100.51750643476214,100.51750643476214,0.0, 85.30859702539003, 11.040559790651642, -14.144604510121141, 11.040559790651642, 73.47279575269998, -2.5490476511885016, -14.144604510121141, -2.5490476511885016, 98.64123088363982, 5.219496073142176, 3.4018642601163442, 13.0, 0.0
39, 0 ,1.0,1.0,1.0,180.6102800923602,160.29981929525147,7.820098383696416,10.376174837020692,9.342591537273687,5.250378164165032,44.0,48.0,20.0,-0.9994723447838991,0.014993010432214631,-0.02881391417969257,10.379743480918538,-0.013386593738513489,-0.9983879124450546,-0.055157731930230755,9.351988752636295,-0.029594444077481453,-0.05474290750212955,0.9980618131949334,5.226540288603321,44.51980348963613,47.43103428091905,21.39052526009922,14.11056272617719,4.838130971575739,19922.0,45168.66791227633, 0.0, 0.0,0.0,NaN, 44.86891490572401,44.86891490572401,0.0, 107.66500424842137, -0.4013253183248413, 2.3604680178204664, -0.4013253183248413, 87.28401663233792, 3.277258927526398, 2.3604680178204664, 3.277258927526398, 27.56647086674098, 5.872528939270887, 3.605067786178684, 11.0, 0.0
40, 0 ,1.0,1.0,1.0,56.68944099378882,82.72411012900143,72.8386287625418,9.968204029071378,8.899767771376515,8.818862447120297,47.0,43.0,47.0,0.8918098132327542,-0.4058880834938043,0.19982522538329947,10.331039833353293,0.07182704361161818,0.563116346709845,0.8232501781804685,8.892884683718208,0.44667228795591846,0.7198297324686478,-0.5313464250621635,8.398184969064047,47.950631495539966,42.892902616054386,43.131937372479605,15.404879093571408,4.3626818498838285,33488.0,88711.25709063216, 0.0, 0.0,0.0,NaN, 123.94529824414802,123.94529824414802,0.0, 99.36509156519487, -12.757831302507864, 6.957021593718199, -12.757831302507864, 79.20586638443211, 1.0293266584186362, 6.957021593718199, 1.0293266584186362, 77.77233486122859, 5.211911300829991, 3.384722761303983, 21.0, 0.0
41, 0 ,1.0,1.0,1.0,154.5451679110027,180.15717302715726,136.8462774026592,9.362743741010256,10.463924871646046,8.719305110791003,46.0,48.0,44.0,-0.08812325404099036,0.9151807769889122,0.3932917969233505,10.831613419895623,0.9960619371202907,0.0770983231772704,0.043777459764438566,9.350434858337671,0.00974215157965385,0.3956008013050835,-0.918370892662314,8.272030849571731,53.38920660914383,45.575146467291944,44.25403979889981,15.798508921179309,4.856757309334456,33619.0,107679.85503421185, 0.0, 0.0,0.0,NaN, 80.30113461474244,80.30113461474244,0.0, 87.66097035982673, -2.4840913543454066, -0.8660154149718433, -2.4840913543454066, 109.49372371945273, 17.663918326075745, -0.8660154149718433, 17.663918326075745, 76.02628161506613, 5.419802211082976, 3.489150130431634, 16.0, 0.0
42, 0 ,1.0,1.0,1.0,133.94962036623494,137.3321423254429,18.060443650439183,9.597920407818831,8.544454947952635,9.684791444962942,50.0,40.0,38.0,0.7587546777668135,0.2585980686681876,0.5978447773862902,9.862844553046552,0.5422515785113263,0.25777196387539625,-0.7996979681365939,9.589865758490658,0.3609079724375101,-0.9309568483667244,-0.05536047245228987,8.347559158305694,48.7781328951191,50.658792450465,42.55560336563976,15.453887697784344,4.483338808199714,33585.0,105156.65390783531, 0.0, 0.0,0.0,NaN, 92.82291021150823,92.82291021150823,0.0, 92.1200761548252, 8.529045252780984, 2.8540202666828116, 8.529045252780984, 73.00771035759227, -0.3275048063316919, 2.8540202666828116, -0.3275048063316919, 93.7951853324274, 5.253800570419081, 3.380642277303128, 14.0, 0.0
43, 0 ,1.0,1.0,1.0,16.257183307056213,152.79889957849352,56.91145146240226,9.405551973308556,8.252118833700957,9.356034828018899,39.0,40.0,46.0,-0.7162264384586644,0.3590951523884333,-0.5983898063837191,9.572074472888925,0.6549202977687166,0.049703951146463456,-0.7540616160573124,9.376802055316631,-0.24103753322533078,-0.9319764958257039,-0.2707779880364905,8.03419158174058,57.01555598706789,48.857462738715164,37.13142931629366,15.02289990682335,4.290657206162286,31079.0,103434.62403646602, 0.0, 0.0,0.0,NaN, 75.70438030680744,75.70438030680744,1.3486991523486091E-6, 88.46440792260847, -6.202921726274902, 0.06012962003339937, -6.202921726274902, 68.09746524552203, -6.694276790115088, 0.06012962003339937, -6.694276790115088, 87.53538770310264, 5.669673452105676, 3.6706356774529816, 19.0, 0.0
44, 0 ,1.0,1.0,1.0,117.9129926697121,89.28772265306846,63.31127164559651,8.362356533820822,8.85412079143521,8.666072655121923,41.0,42.0,39.0,-0.37211369673634015,-0.7624778269532059,0.5293004440825003,9.299545799160551,-0.4854234434394383,-0.3261865644906191,-0.8111512841050096,8.433749230328852,-0.79113556187332,0.5587753471212956,0.2487461239675145,8.112681363221155,49.8538133548203,43.32408547943186,40.68840402184217,14.40811119318917,3.9788954367505265,28239.0,87881.6986448301, 1.4210854715202004E-14, 0.0,0.0,68.15396637301242, 136.81699933267257,136.81699933267257,0.0, 69.92900679873581, 6.704696857487457, -1.9785475961177612, 6.704696857487457, 78.39545498932527, -6.934738557331117, -1.9785475961177612, -6.934738557331117, 75.10081526385194, 5.258777160915801, 3.3872632955163864, 16.0, 0.0
45, 0 ,1.0,1.0,1.0,187.61018930537747,25.14065917490007,176.87310506071347,7.796040403832765,9.317325544042948,9.814583161424391,31.0,49.0,52.0,0.11068526290338909,0.5231359144983327,-0.8450311163134769,10.255873915264482,-0.4176372614553738,0.796023619402926,0.43809304399490434,9.137643700125539,-0.9018469329215817,-0.30442603751101593,-0.30658913429095624,7.432184184217781,52.94561385767585,53.45589469716635,36.85389739999016,14.845761897587728,4.849762631770982,26518.0,104305.93324752295, 0.0, 0.0,0.0,NaN, 36.33749334131162,36.33749334131162,NaN, 60.77824597819294, -6.502715367262157, -9.841945583656475, -6.502715367262157, 86.8125552936752, -12.22436389910484, -9.841945583656475, -12.22436389910484, 96.32604263251521, 5.545744274995276, 3.5337039307491884, 8.0, 0.0
46, 0 ,1.0,1.0,1.0,182.29576032027302,94.22599593095754,80.21615147338714,9.291211790353646,8.562512267403124,9.46232414398489,38.0,45.0,44.0,0.6461518681331501,-0.2402677626757821,0.724402626670289,10.508506957520595,0.5130067560984731,0.8394805855560215,-0.17915472271710067,8.528717965365091,-0.5650768368154562,0.4873846003858694,0.6656909341438748,8.124719223423968,54.15059959530393,52.72719451303513,49.32794357752068,15.130990811052284,4.497991567839835,30474.0,140841.59821401036, 0.0, 0.0,0.0,NaN, 125.0064373103219,125.0064373103219,0.0, 86.3266165332066, -3.998356019089066, 20.172403582410055, -3.998356019089066, 73.31661632942897, -8.742785167592501, 20.172403582410055, -8.742785167592501, 89.5355782058394, 5.513320838406759, 3.3765712211057584, 14.0, 0.0
47, 0 ,1.0,1.0,1.0,29.56606693751209,149.98004587789845,125.65765691070392,9.643603212050788,8.792930923412962,10.789730009071036,54.0,40.0,50.0,-0.41711633830002287,0.38088583584312097,0.825190850880733,11.492924328637594,0.8516810928422198,-0.15313239696093478,0.5011883728660125,9.336178586556404,-0.31725900525952516,-0.9118533045699212,0.260519240223541,8.21470940326997,53.89163394663902,49.60069186223518,41.49961232274207,16.18777766995436,4.968787066495134,36183.0,110931.05038211991, 0.0, 0.0,0.0,NaN, 94.35535014262412,94.35535014262412,0.0, 92.9990829114763, -12.831199725592445, -13.835727519692595, -12.831199725592445, 77.31563422391193, 18.795230585896213, -13.835727519692595, 18.795230585896213, 116.41827366864807, 5.496453901748866, 3.3465789273025996, 22.0, 0.0
48, 0 ,1.0,1.0,1.0,17.22116295594505,134.30237446707721,12.293670061582189,9.88148613016616,10.810741125589187,8.08642198205809,43.0,53.0,32.0,-0.2830116317606763,0.9179284274603247,-0.2780500284991434,11.234401489626833,-0.9353981259330467,-0.20008743351563776,0.2915396455888442,9.855898755910413,-0.21197821182636473,-0.3425965863947571,-0.9152556018411231,7.520345416282276,56.792464416884116,51.18645356082757,37.91137542445228,15.956208635067622,5.030459053731343,33776.0,110208.55194395213, 0.0, 0.0,0.0,NaN, 69.0208720446388,69.0208720446388,0.0, 97.6437681406662, -10.499992221372228, -5.58591056845159, -10.499992221372228, 116.87212368450538, -20.14570263912058, -5.58591056845159, -20.14570263912058, 65.39022047191227, 5.595464200709652, 3.4931396726731285, 11.0, 0.0
49, 0 ,1.0,1.0,1.0,179.53733627126942,81.71860080793243,17.946382666177012,9.951162188119996,8.833437040071002,9.298921941418392,46.0,43.0,41.0,-0.7781213881416427,0.489697316231854,0.3933492643845189,10.595081045947556,0.5157232571991177,0.1406206558470937,0.8451362926375048,9.192253363054757,-0.35854794282000235,-0.8604779890412377,0.36196823489788693,8.171408926676675,53.226751462957196,44.7220549228478,42.66271508931737,15.546286123895362,4.673133409366461,32676.0,101554.74092469376, 0.0, 0.0,0.0,NaN, 86.13200900758196,86.13200900758196,0.0, 99.02562889426913, -16.045849950595994, -6.195574331397161, -16.045849950595994, 78.02960994089834, 10.867761923598135, -6.195574331397161, 10.867761923598135, 86.4699492725924, 4.634362892842282, 3.231384947185035, 15.0, 0.0
