// Sample: .//bubblelabels.tif, Map: .//bubblelabels.tif, Thickness:(8.191250068658265):/afs/psi.ch/project/tipl/test/LabelValidation/Step3500//distmap.tif, Neighbors:(1.0):
//LACUNA_NUMBER, TRIANGLES, SCALE_X, SCALE_Y, SCALE_Z, POS_X, POS_Y, POS_Z , STD_X, STD_Y, STD_Z,PROJ_X, PROJ_Y, PROJ_Z, PCA1_X, PCA1_Y, PCA1_Z, PCA1_S, PCA2_X, PCA2_Y, PCA2_Z, PCA2_S, PCA3_X, PCA3_Y, PCA3_Z, PCA3_S,PROJ_PCA1, PROJ_PCA2, PROJ_PCA3,OBJ_RADIUS, OBJ_RADIUS_STD, VOLUME, VOLUME_BOX, Mask_Grad_X,Mask_Grad_Y,Mask_Grad_Z,Mask_Angle, Mask_Distance_Mean,Mask_Distance_COV, Mask_Distance_STD, SHAPET_XX, SHAPET_XY, SHAPET_XZ, SHAPET_YX, SHAPET_YY, SHAPET_YZ, SHAPET_ZX, SHAPET_ZY, SHAPET_ZZ, Thickness, Thickness_STD, Neighbors, Neighbors_STD
1, 0 ,1.0,1.0,1.0,78.7553134619993,138.1515911199592,38.323741758680654,15.149225282673672,15.374651916980902,16.036651610623203,84.0,81.0,78.0,-0.01862365239230475,-0.4847904701594956,0.8744320211509331,16.324196874483224,0.8612868013343901,-0.45195003355851904,-0.2322201821841254,15.190920838983917,0.5077777126053739,0.7488119705299778,0.42596059368475153,15.026964549797265,87.40551986436385,81.84109562180305,76.01324289289083,25.902894404189283,7.217562233848029,162747.0,543750.3579178135, 0.0, 0.0,0.0,NaN, 163.57558103170595,163.57558103170595,1.9073486328125E-6, 229.4990266651992, -1.5613580491252228, -1.6532345031602818, -1.5613580491252228, 236.3799215683245, -16.72059105807576, -1.6532345031602818, -16.72059105807576, 257.17419488050376, 7.14383780494072, 5.518303953088459, 47.0, 0.0
2, 0 ,1.0,1.0,1.0,58.229082683866345,261.48966451670697,13.098483830511512,14.179834093259643,18.576506889579303,8.279162483533037,78.0,84.0,34.0,-0.21176094996029293,-0.9772771644942365,-0.0093082667569797,18.7681490330985,-0.9751028540603076,0.21062925071000058,0.0693523088929728,13.947924453366596,-0.06581583453362143,0.02376262829420115,-0.9975488025260693,8.240802137794514,87.08279113444334,73.89621353936991,37.17086985667699,23.45212164667408,8.043433646722548,89304.0,239197.8382378824, 0.0, 0.0,0.0,NaN, 71.02986898410057,71.02986898410057,0.0, 201.06769491236855, 32.83368542637755, -8.00323369843016, 32.83368542637755, 345.08660821858734, 4.436323127470129, -8.00323369843016, 4.436323127470129, 68.54453142874094, 7.6959703290641635, 5.548961857218159, 22.0, 0.0
3, 0 ,1.0,1.0,1.0,76.0924138370931,15.285661131545936,257.8152467416495,16.05453812216187,9.138076585674067,15.704163021903168,73.0,37.0,80.0,-0.7699365611823241,0.120918118465543,0.6265592552835598,17.009201705671092,0.6212873985606522,-0.08199030685151398,0.779281436948251,14.800740776829345,-0.14560103071226307,-0.9892706395163798,0.011997568352767773,8.916193358883644,86.64441283387274,90.77229661786009,39.68463044376911,23.058051782267423,7.496640729433338,94066.0,312116.13976636186, 0.0, 0.0,0.0,NaN, 88.3360644768138,88.3360644768138,0.0, 257.7481943159488, -26.6428704549625, -33.64605638514668, -26.6428704549625, 83.50444368564463, 6.978839376662499, -33.64605638514668, 6.978839376662499, 246.62073621851084, 6.966038563240255, 5.248602686179676, 33.0, 0.0
4, 0 ,1.0,1.0,1.0,153.15307763588143,174.19822765665108,14.452022111687453,15.008200870515909,17.057839460081897,9.004097749359454,74.0,90.0,38.0,-0.5114495472176243,-0.8593040645320895,-0.00398564041503124,18.086167051232664,-0.8552500497143736,0.5085751709894617,0.09949194900393547,13.791356842209424,-0.08346683841172411,0.05429383143296087,-0.9950303848395183,8.94308641026412,90.07681742203138,70.11869167200985,40.641730494158,23.194730597690636,7.700274618244661,93887.0,256695.95732031736, 0.0, 0.0,0.0,NaN, 193.90452670233864,193.90452670233864,0.0, 225.2460933697545, 60.66925210219307, -8.875142051499948, 60.66925210219307, 290.96988704592707, 6.423566803491373, -8.875142051499948, 6.423566803491373, 81.07377628001998, 7.8230884516132, 5.599961365200996, 26.0, 0.0
5, 0 ,1.0,1.0,1.0,17.126295281322257,162.33756529930633,12.634623619080243,10.101204911919796,14.250732684022726,7.983243464639619,41.0,73.0,34.0,0.01782655699703317,0.996886806292858,0.07680435732989294,14.280759856314383,0.9972871244345147,-0.023215480050013757,0.06985293782787064,10.109573161823798,0.07141852212674575,0.0753507592879708,-0.9945962285128361,7.918732684703338,72.15696983176774,41.14476187539874,37.191965241974906,18.22221570700606,6.066362472446736,46708.0,110418.53165609384, 0.0, 0.0,0.0,NaN, 139.29784503638814,139.29784503638814,0.0, 102.03434067259262, 1.595416252020869, 2.9448778639858686, 1.595416252020869, 203.08338203147355, 10.749548030272491, 2.9448778639858686, 10.749548030272491, 63.732176215711185, 7.777454381285592, 5.210712376421383, 15.0, 0.0
6, 0 ,1.0,1.0,1.0,275.95554750057664,203.30382739644776,210.04350512406498,15.851536127465641,15.267362074948508,14.251517598453251,68.0,87.0,72.0,0.8035903169275116,0.3194214561978518,-0.5022076620888861,17.00356436409251,0.2617974381378407,-0.947474962132757,-0.18372070519131442,15.057961675018694,0.5345135208063538,-0.01615950036276942,0.8450054240200003,13.099842949317312,95.7415283623946,81.75436179673443,73.42806621755506,24.90182951012633,8.207812329456578,121388.0,574742.5884306337, 0.0, -2.8421709430404007E-14,0.0,71.37205937587912, 134.24029373678053,134.24029373678053,0.0, 251.2711976003484, 16.487926752489667, -50.07748909571393, 16.487926752489667, 233.092344727576, -9.253703104760284, -50.07748909571393, -9.253703104760284, 203.10575385902274, 6.224618171754701, 4.983761771198109, 39.0, 0.0
7, 0 ,1.0,1.0,1.0,189.3676219322771,113.80665579372476,234.23415657036347,13.330519502278827,13.01469158603938,13.592952198947163,66.0,64.0,66.0,0.5547937517596699,-0.30687620730121046,0.773324567307191,14.002850447672392,0.8227557917274978,0.3404474645590302,-0.4551575892525437,13.023329827127956,0.1235993535067594,-0.8887758532204576,-0.4413623030402108,12.89055298725324,68.07588856139986,72.30067697482245,63.94220223497865,22.2239893153688,6.160161984357887,103008.0,314719.2243166328, 0.0, 0.0,0.0,NaN, 171.80402830516636,171.80402830516636,NaN, 177.70275020063616, -4.129081640229558, 11.545432966308045, -4.129081640229558, 169.38219707972422, -7.632082340639979, 11.545432966308045, -7.632082340639979, 184.76834948286253, 6.418906420882434, 4.8181789150107655, 33.0, 0.0
8, 0 ,1.0,1.0,1.0,118.64217556426428,183.67418442293217,113.12577751247913,14.15730663170295,14.283974662408673,15.103577553220099,78.0,78.0,78.0,0.44344206607816816,0.4450564801555682,0.7779999122775414,15.53434446750634,-0.4832808953313209,-0.6122972349044224,0.6257249174646599,14.424996944772785,-0.7548501243558767,0.6534652443702992,0.05643105669737731,13.534508607063586,88.4342493997579,78.67718593206726,73.89789247955186,23.996394056865256,7.533418241006294,115593.0,514163.64392098953, 0.0, 0.0,0.0,NaN, 201.01020553716828,201.01020553716828,NaN, 200.42933106406034, 18.840419541852235, 12.526679033083106, 18.840419541852235, 204.03193215633297, 10.589741876021682, 12.526679033083106, 10.589741876021682, 228.11805490613403, 5.735557156956742, 4.570868835384399, 46.0, 0.0
9, 0 ,1.0,1.0,1.0,259.9144709784121,140.5885348757843,125.10327537474733,15.510850075434806,13.49665431825132,13.267561462434676,79.0,69.0,65.0,-0.9779799981248927,-0.19592970417759903,0.07187958186100737,15.594937025860416,0.2012013363378987,-0.7936735032914507,0.5741083455489211,13.565797485585604,-0.05543595875854075,0.5759287466292631,0.8156181295695722,13.097381904334803,82.7279032373105,71.14495615239065,65.14709254659638,23.448485763075258,6.995916696712429,114277.0,383434.4867829712, 0.0, 0.0,0.0,NaN, 192.41313698640755,192.41313698640755,0.0, 240.58647006261592, 11.736861659615814, -3.5948404883503478, 11.736861659615814, 182.15967778637201, -6.700096157616689, -3.5948404883503478, -6.700096157616689, 176.02818715948175, 5.859908236919536, 4.592537950156256, 40.0, 0.0
10, 0 ,1.0,1.0,1.0,22.762689732259446,131.88524658664744,191.85274791856008,12.73389897110648,13.507838959245612,12.852456807944764,54.0,65.0,60.0,0.29851085034173896,-0.9427159032957138,0.1489227917465904,13.605574355777671,-0.07666088417380756,-0.1792165637048102,-0.9808182972047016,12.8379750506267,-0.9513224380124449,-0.2813683510403864,0.12576752349820638,12.644140358452107,68.25206071334111,63.00671919919347,61.36437438455069,21.742894812436525,6.086548080052485,95727.0,263887.5770386917, 0.0, 0.0,0.0,NaN, 172.06884216450817,172.06884216450817,NaN, 162.1521830063467, -7.034210340772397, 1.4933182327444066, -7.034210340772397, 182.4617133489136, -2.674893855595775, 1.4933182327444066, -2.674893855595775, 165.18564600008568, 6.442367940030006, 4.687783219864591, 31.0, 0.0
11, 0 ,1.0,1.0,1.0,47.02268159632501,248.67569670195326,212.9741509451437,13.311568971171333,14.097031407247243,13.553309198353448,61.0,70.0,71.0,-0.1868749597354493,0.7032280651993106,0.6859650411937243,14.853152303171907,-0.7498951488376845,-0.553189702832062,0.36282009099591195,14.371678227781743,-0.6346140678976327,0.4465998667673432,-0.6307246180622809,11.50891327507607,73.25567100778278,72.0515783934804,62.385568533252396,22.759871212296183,6.450163997683176,107973.0,329282.6795006067, 0.0, 0.0,0.0,NaN, 111.4397375143081,111.4397375143081,0.0, 177.1978684742514, 19.149344917497068, -31.459537992504192, 19.149344917497068, 198.7262944969152, 27.657505760654836, -31.459537992504192, 27.657505760654836, 183.69219022617216, 7.007766657061513, 4.94615596676652, 38.0, 0.0
12, 0 ,1.0,1.0,1.0,262.75534887941205,281.128191634153,23.672888122674895,18.036655876108313,10.86421831196084,13.90351481644403,81.0,48.0,62.0,0.9902423847462674,0.09857243408249472,0.0985063180261962,18.13656048589116,0.08370331201250752,0.1444365048304462,-0.9859674698642452,13.90792317825981,0.111417121710098,-0.9845920837135639,-0.1347763097818773,10.690873003801492,82.65349166279802,66.89577312057773,53.29308104654274,24.00922096844044,7.759975996272766,110210.0,294666.4636758374, 0.0, 0.0,0.0,NaN, 47.99702928474061,47.99702928474061,6.743495761743046E-7, 325.32095519315254, 21.907879784335904, 14.406134492801757, 21.907879784335904, 118.03123952994525, -9.185514593930769, 14.406134492801757, -9.185514593930769, 193.30772425107867, 6.060431477247928, 4.622765399524469, 22.0, 0.0
13, 0 ,1.0,1.0,1.0,135.2606551394218,21.485613958947752,249.12358087647831,14.779238452128395,12.54440158263898,13.086474642966873,65.0,53.0,64.0,-0.951519231056398,-0.30727144396876493,-0.013979007518110854,15.021949831171948,-0.10980936708411547,0.3817936197137713,-0.9177012230821326,13.270460932748176,0.28732047582869413,-0.8716753361585996,-0.3970252542375184,12.053199109554209,71.3866636265315,65.75825988037295,59.32746961701341,22.453038387221458,6.550174505643997,101383.0,278498.73238034366, 0.0, 0.0,0.0,NaN, 146.10094612551543,146.10094612551543,0.0, 218.42588922487053, 22.208547444057736, 4.175505279565423, 22.208547444057736, 157.36201106651535, -10.455157741353602, 4.175505279565423, -10.455157741353602, 171.25581858101495, 6.842781637891072, 4.707905780157472, 26.0, 0.0
14, 0 ,1.0,1.0,1.0,234.65811731358295,240.93551410414668,9.272344900105152,13.847378546848429,12.30579776567342,6.285135833676842,65.0,64.0,25.0,-0.9914906941339982,0.10352703816390589,-0.0789199329364395,13.897013196640062,0.10509963225139127,0.9943325089772537,-0.016029001579090707,12.290138020800182,-0.07681321986679866,0.024187061830851894,0.9967520831649591,6.205724402455655,65.61539826099434,61.56517487472249,27.327125846785226,18.54384164294991,6.229881286054496,43746.0,110391.29889494028, 0.0, 0.0,0.0,NaN, 88.56721462874087,88.56721462874087,0.0, 191.7498926197181, -4.11021467239024, 11.908864589356142, -4.11021467239024, 151.43265864965292, -3.0568901165091105, 11.908864589356142, -3.0568901165091105, 39.50293244776869, 6.207801544253584, 4.5992169517348716, 16.0, 0.0
15, 0 ,1.0,1.0,1.0,144.86700462752702,151.54687058881294,58.48447875879169,11.983152523856722,11.945199819552995,13.163095326035023,55.0,58.0,63.0,0.1471722128924101,-0.20579366072196753,0.9674654045282458,13.270155527961943,0.7379573193409605,0.6741286539363003,0.03113764238241976,12.323747418586885,-0.6586040802966946,0.7093655807471092,0.25107994397773337,11.470790885022788,62.845155740655656,62.70783840906904,64.16375642855388,20.63927192481654,5.794072498236121,81469.0,252861.91281063692, 0.0, 0.0,0.0,NaN, 215.51151922209203,215.51151922209203,0.0, 143.59594441001374, 8.748350204737868, 6.805009603057674, 8.748350204737868, 142.68779872904892, -8.437429968950633, 6.805009603057674, -8.437429968950633, 173.2670785622851, 5.799057261160746, 4.504667057880615, 28.0, 0.0
16, 0 ,1.0,1.0,1.0,31.644787847959165,11.226850958586938,71.87553279191735,14.5987461858983,7.291160672516332,13.582419930918633,72.0,30.0,59.0,0.8943222046287269,0.04455866954888172,0.445199190560862,14.921239658895878,-0.4467643665559714,0.03494303109434782,0.8939690069313256,13.245735553272516,-0.024277460407848388,0.9983954675107322,-0.05115755438029032,7.257660919821884,75.56573716683876,66.62440706508386,30.89177219744585,20.095523547604742,6.8510202656397015,57011.0,155525.32012862238, -3.552713678800501E-15, 0.0,0.0,26.57849858705775, 79.33175275077852,79.33175275077852,0.0, 213.12339020028014, 4.856570815497788, 18.637831551264107, 4.856570815497788, 53.161023952448815, 7.2070431039993395, 18.637831551264107, 7.2070431039993395, 184.4821311798157, 6.281628025563786, 4.586543046964031, 23.0, 0.0
17, 0 ,1.0,1.0,1.0,218.0522260436658,28.826315389438882,269.126104471089,12.450093397138795,13.369087235389053,14.873174810089134,60.0,62.0,63.0,-0.1935114879732129,-0.3027393038371837,0.9332214195648161,15.153102369889902,0.16076238194039094,-0.9481286793865791,-0.27423979265874887,13.184439303568322,-0.9678371560212208,-0.09695834794817282,-0.23214288313001563,12.308643176831124,71.76426078885328,63.6347844915815,64.71343935420504,22.647072152677065,6.485273390372967,105254.0,295527.0750792007, 0.0, 0.0,0.0,NaN, 92.19322936344057,92.19322936344057,0.0, 155.00482559747903, 1.1730646275130003, -15.09082976682667, 1.1730646275130003, 178.73249350744248, -16.263654437494708, -15.09082976682667, -16.263654437494708, 221.21132893146995, 6.225186251374991, 4.651291896839465, 30.0, 0.0
18, 0 ,1.0,1.0,1.0,161.4334883948085,257.19299659353135,280.77419630538566,14.528303483720107,12.902721817784627,11.08540126573418,66.0,62.0,47.0,-0.9315119968194236,0.3635443774487199,-0.010994789989483231,14.794269092495481,0.33237655637935326,0.838597421750746,-0.4316018871626997,13.012656479336993,-0.14768623683638477,-0.40569674617677653,-0.901997187130139,10.594259153624288,71.69201872861456,74.41059051910176,56.669739460461585,21.39776496747671,6.524845441936717,81903.0,302312.9677145878, 0.0, 0.0,0.0,NaN, 146.29678467682373,146.29678467682373,0.0, 211.0716021150738, -20.197564815168466, -7.097836045400209, -20.197564815168466, 166.48023030713543, -21.089712476944694, -7.097836045400209, -21.089712476944694, 122.88612122234099, 6.474318061139344, 4.87029084270125, 27.0, 0.0
19, 0 ,1.0,1.0,1.0,39.88743871414229,84.00153031883266,38.05987737954831,12.455567865908407,12.484859392563797,15.811414554219098,62.0,62.0,76.0,0.08584775546408496,-0.030424037753222374,0.9958436327097592,15.838243081324336,0.6803208250710792,0.7320157442996253,-0.0362839506127893,12.83500823639187,-0.7278693137207973,0.680608057566362,0.08354001507876027,12.059284173960934,77.21852696870405,70.63136471848843,68.07448603274423,22.693788482176757,6.782748664505749,102593.0,371281.6465543861, 0.0, 0.0,0.0,NaN, 100.47795344863704,100.47795344863704,0.0, 155.1411708622501, 9.341686782937282, 8.53607423487984, 9.341686782937282, 155.87171405208846, -3.7069917123841787, 8.53607423487984, -3.7069917123841787, 250.0008302053715, 5.895592369632375, 4.4293162245924735, 34.0, 0.0
20, 0 ,1.0,1.0,1.0,188.48919349868018,281.15600755718134,59.7725610001206,13.80420041376865,10.77482643602168,11.975318560200739,66.0,49.0,61.0,-0.9678186776097206,-0.06778716494994072,0.24234666809721378,13.934259783036758,0.234780405946641,0.10342206241131865,0.9665309296603598,11.85028294313333,0.09058238379123171,-0.9923249353284634,0.0841787055736734,10.745617100692645,70.47308554184312,62.40460701719425,52.623284963089446,20.35368404311952,5.982360260044185,74631.0,231429.06163191775, 0.0, 0.0,-7.105427357601002E-15,75.97491589434722, 127.91604694592831,127.91604694592831,NaN, 190.55594906349054, 5.768947489580168, -12.79360359037682, 5.768947489580168, 116.09688472639165, 1.202302960908967, -12.79360359037682, 1.202302960908967, 143.40825461828828, 6.240940279252846, 4.719829374610943, 32.0, 0.0
21, 0 ,1.0,1.0,1.0,281.2996364555114,104.54816613562033,167.51466108951055,10.843184411609316,12.924324264128023,12.176363230418875,44.0,68.0,59.0,-0.29695966564855336,0.9476907189279264,-0.11703528628481755,13.153829338492038,-0.11728265149587969,0.08543761751190612,0.9894165923270063,12.17343383845957,0.9476601377265983,0.3075430291386215,0.0857761539837591,10.56697258925498,77.35718728985844,61.019487348170685,51.67654689568667,19.973111632585635,5.826786344115596,71243.0,243928.59301269613, 0.0, 0.0,0.0,NaN, 169.80102374616166,169.80102374616166,0.0, 117.57464818416727, -17.63500557945463, -2.1065433835994063, -17.63500557945463, 167.03815768432835, -3.717755562352029, -2.1065433835994063, -3.717755562352029, 148.26382151909678, 6.158947085622416, 4.634741783113617, 21.0, 0.0
22, 0 ,1.0,1.0,1.0,275.93639813613873,207.1279483114762,10.015299995196234,13.743915738489584,11.455616233123717,6.326790360227165,56.0,50.0,24.0,-0.9993553594181446,-3.8086532381331924E-4,-0.03589875407081616,13.750914400374409,6.926977316184034E-4,0.9995530103248287,-0.029888120055066924,11.459186494111107,-0.035894091046917945,0.02989371994547684,0.9989083940661111,6.305080286271544,56.17776919054572,50.236945828494356,25.977545778427444,18.030845383874297,5.919734294069282,41634.0,73313.81794340514, 0.0, 0.0,0.0,NaN, 96.46025685997338,96.46025685997338,0.0, 188.89521982670166, 0.12023363426019373, 5.3555390879398415, 0.12023363426019373, 131.23114328060763, -2.733258948801783, 5.3555390879398415, -2.733258948801783, 40.02827626226339, 6.80563392715953, 4.74829311359144, 11.0, 0.0
23, 0 ,1.0,1.0,1.0,51.52035180192461,187.31841911282098,46.50773984429433,14.107753181738792,11.692425005836405,14.905052704997134,71.0,58.0,82.0,-0.47880153876576376,0.15513186947968488,0.8641083204941813,15.498902863392585,-0.8463887260165383,-0.342996932308232,-0.4074054846209648,13.833547115775408,-0.23318492864599585,0.9264379134614905,-0.2955293243545922,11.2391762473704,86.81454310602044,72.31768416069914,61.76669419926377,22.58920455553944,6.9014444894465194,99033.0,387785.3092420657, 0.0, 2.8421709430404007E-14,0.0,81.0755556721969, 132.3421897448146,132.3421897448146,0.0, 199.028699836861, 10.424022560945383, -24.693242148133717, 10.424022560945383, 136.71280251710846, 24.357688162025696, -24.693242148133717, 24.357688162025696, 222.16059613874236, 5.584017854954791, 4.255490633839024, 35.0, 0.0
24, 0 ,1.0,1.0,1.0,90.20165301822448,268.1561461433195,38.46263874709473,11.347772135978644,14.291303309818565,13.715752194408603,58.0,60.0,68.0,-0.15466144349756228,-0.757345307637891,0.6344351211070506,15.29490416193027,0.3017352222816666,-0.6476890265371478,-0.69961044913437,12.84515324652647,-0.940763356817156,-0.08322866034143234,-0.32869027452586264,11.054550454557937,76.42518595717405,65.2624365190826,54.78765012285764,21.894977949566265,6.461043382441468,92074.0,273264.02540877165, 0.0, 0.0,0.0,NaN, 103.10064895554879,103.10064895554879,NaN, 128.77193245009332, 4.723861617362014, -19.99721760342006, 4.723861617362014, 204.24135029323105, -34.29359381874374, -19.99721760342006, -34.29359381874374, 188.1218582584244, 5.9004947790757845, 4.276410234686688, 32.0, 0.0
25, 0 ,1.0,1.0,1.0,69.41241780391897,60.852349954289615,160.92800889975658,12.775982562281524,13.58378692465771,12.62837153463912,59.0,64.0,62.0,-0.5925414404061862,0.7924431205942422,-0.14466700392356954,14.253877565595937,-0.39448304294844283,-0.44203891041385096,-0.8055958853583309,13.116200715847473,-0.7023373621184478,-0.4202802663735178,0.5745317462677806,11.48969183179906,72.50172303550353,71.4543294457886,62.50808382835026,21.625752761891146,6.288686885565585,90789.0,323827.0039718784, 0.0, 0.0,2.8421709430404007E-14,81.68200339574956, 166.91947444480923,166.91947444480923,1.9073486328125E-6, 163.22573043172156, -26.434706179586446, 18.818574527381365, -26.434706179586446, 184.51926721450178, 6.094107868808357, 18.818574527381365, 6.094107868808357, 159.4757676168836, 6.134797500044711, 4.41192016573328, 37.0, 0.0
26, 0 ,1.0,1.0,1.0,123.38395312538711,168.58579639769096,272.243329286723,12.273976591191818,11.730565416026066,13.316540244009525,64.0,58.0,62.0,-0.48749418202283035,0.07609029049865546,0.8698043976583025,13.738797071977288,-0.6296823229329371,0.659472380149748,-0.4106048611565708,12.135493517646669,0.6048550195540018,0.7478679345388839,0.2735762376539149,11.38253761290955,74.51714424018624,63.54385627254027,59.728873115500306,20.718844984728243,6.026306738785822,80726.0,282822.5874780358, 0.0, 0.0,0.0,NaN, 182.38345749097462,182.38345749097462,0.0, 150.65050136112473, -9.549064233907613, -20.520600441517946, -9.549064233907613, 137.60616497966677, -0.8774595376934883, -20.520600441517946, -0.8774595376934883, 177.33024407032528, 5.701274770010369, 4.262436326303025, 28.0, 0.0
27, 0 ,1.0,1.0,1.0,275.33795766061996,207.16784276055714,286.58176007684636,14.967381231071087,12.904889350489013,7.642726534846488,66.0,59.0,33.0,0.9584706360341396,-0.26063346552396754,-0.11577666651479769,15.222833322065846,-0.2491434838220571,-0.9627776996788495,0.10481710485465477,12.742689906486312,0.13878603794806,0.07161911511649689,0.9877292837719299,7.4066955214025025,75.39197046443954,62.3590081969983,38.62964888051425,20.022181656142443,6.934131573563305,54134.0,181612.21457437568, 0.0, 0.0,0.0,NaN, 96.9849210584477,96.9849210584477,0.0, 224.02250091621903, -18.39510627894469, -22.435369649497527, -18.39510627894469, 166.53616914836473, -5.512873093771406, -22.435369649497527, -5.512873093771406, 58.4112688864466, 5.30020477989372, 4.249996884803109, 16.0, 0.0
28, 0 ,1.0,1.0,1.0,12.44143495439607,248.9637568775156,80.47601639525867,7.644153626525499,11.912935029828441,13.694373361786164,30.0,54.0,60.0,-0.04446337526044918,0.15495618451426132,0.986920254702086,13.744745673504918,0.0247308367636268,-0.9874237894180942,0.15614943421025082,11.867814519830318,-0.998704858290686,-0.03135029460775149,-0.04007199838525485,7.623904010177945,59.72587846872301,51.95397420266988,31.77286818487824,18.83109609435057,5.768603587367284,54162.0,98591.10669030485, 0.0, 2.8421709430404007E-14,0.0,81.08574489176677, 96.10346835901265,96.10346835901265,0.0, 58.43308466592294, -2.9211894535747867, -5.420037590824484, -2.9211894535747867, 141.91802102491354, 7.247856803365527, -5.420037590824484, 7.247856803365527, 187.5358617719985, 7.838883879303047, 5.0655380220552635, 25.0, 0.0
29, 0 ,1.0,1.0,1.0,63.07832696199685,38.90013941983359,30.984348999325388,12.491005598323415,14.646433841265683,15.692631970249256,62.0,73.0,68.0,-0.4128356484875694,0.3005657433041975,0.8597830896742751,16.495315931061334,0.0826868864210442,-0.9277147942678428,0.36401667449523095,14.601405823738055,-0.9070444344969222,-0.22137184655815856,-0.35814089322442594,11.46758229020359,81.91223662577283,78.6104110875984,63.21075484850789,23.726432104503612,7.338825714527337,111175.0,407023.8224891995, 0.0, 0.0,-3.552713678800501E-15,30.707763069173357, 80.32512721508175,80.32512721508175,0.0, 156.0252208573469, -23.711863405153625, -47.44330749795242, -23.711863405153625, 214.5180242665726, 8.742552215791227, -47.44330749795242, 8.742552215791227, 246.258698153689, 5.772040222725601, 4.088163898681415, 30.0, 0.0
30, 0 ,1.0,1.0,1.0,133.9977005558015,141.18710343809946,174.34031774138015,12.641941422213458,12.13633807254457,12.867902694511425,61.0,61.0,62.0,-0.39450957592785096,0.5273628023944519,0.7524962917861442,13.617869993614406,-0.9143400354370803,-0.14388252441363378,-0.3785236039737538,12.462991229539135,-0.09134820248995786,-0.8373686725803818,0.5389519571193923,11.485633240646019,75.97627965264596,62.88830789901945,64.30652721000702,20.863114465458963,6.1174144285272645,81324.0,307257.85177846154, 0.0, 0.0,0.0,NaN, 231.6884495973421,231.6884495973421,0.0, 159.81868292267643, -8.056908313131101, -7.7893532116268425, -8.056908313131101, 147.29070181109486, 22.51620339933057, -7.7893532116268425, 22.51620339933057, 165.5829197554144, 5.221942442148963, 4.049418517664337, 31.0, 0.0
31, 0 ,1.0,1.0,1.0,239.24666200589093,92.69934558124076,181.02723115537574,13.04258531388903,12.289456818220321,14.078758681457712,66.0,67.0,69.0,-0.08781917306482706,0.28012373929939394,0.9559385354316119,14.205195535739712,0.8605651114637777,-0.4619992893808017,0.21443960814870583,13.463809778445041,-0.5017125489496412,-0.8414792613561901,0.20049232138387355,11.674308228282518,75.23964374224693,71.92988029258083,61.32497594589975,21.733773441966356,6.855240224896303,87253.0,331889.455480018, 0.0, 0.0,2.8421709430404007E-14,17.07162145803798, 162.59968165766242,162.59968165766242,0.0, 170.1090316700738, -19.49630746907783, 2.8028942394415695, -19.49630746907783, 151.03074888690196, 13.082476876427949, 2.8028942394415695, 13.082476876427949, 198.2114460107209, 5.434997120406057, 4.202478565928035, 37.0, 0.0
32, 0 ,1.0,1.0,1.0,272.61308798578926,64.45657644526935,237.95363295794854,14.2376314877747,12.71935382212379,11.714474908939634,62.0,63.0,56.0,0.971742525337147,0.1917327392377291,0.13767723543048271,14.334442475024435,0.21137101793859417,-0.9664412050025889,-0.14599208899370691,12.684211695018856,-0.10506549018105915,-0.17096769863790273,0.9796587614039252,11.634241145531877,68.62096317303889,66.16012106628646,55.47593018493765,21.476480610147025,6.362532123944999,87821.0,251859.12706442212, 0.0, 0.0,0.0,NaN, 93.56519042804295,93.56519042804295,0.0, 202.71015038167357, 7.84856709709304, 8.593291972058337, 7.84856709709304, 161.78196165237506, 5.453606532436836, 8.593291972058337, 5.453606532436836, 137.22892239217623, 5.501216703559063, 4.211069401788768, 31.0, 0.0
33, 0 ,1.0,1.0,1.0,129.9532683383099,276.40302910386015,58.30674773057044,13.499924113063635,12.327654730602509,12.297649695875831,66.0,54.0,62.0,-0.895020414245503,0.024427544919576504,0.4453557601884254,13.898158091372876,-0.25251450356472543,0.7953180495619164,-0.5510949333195589,12.960199239680907,-0.3676613707928377,-0.6057000042019407,-0.7056575807971598,11.150141146769373,70.33752887505796,66.420298865231,67.48850969455316,21.125270568670082,6.258925918906612,83391.0,315295.4981642846, 0.0, 0.0,0.0,NaN, 144.37571062404658,144.37571062404658,0.0, 182.24795105847699, -10.26932637313677, -21.363991367101516, -10.26932637313677, 151.9710711569464, -18.378883626251643, -21.363991367101516, -18.378883626251643, 151.23218804247492, 6.0589169604223265, 4.300626036907031, 25.0, 0.0
34, 0 ,1.0,1.0,1.0,35.813765026692785,174.84195567845757,208.3756705201572,11.289549543452187,13.087808317923072,12.550626606546908,58.0,71.0,64.0,0.12908614588068912,0.9657348694280327,-0.22515090253536846,13.154452632590937,-0.09508504765270202,-0.21394989050803465,-0.9722058825498248,12.522839062836429,-0.9870641319866471,0.14690679467751536,0.0642089793021628,11.2428537934521,72.68684627264444,64.98123792008604,54.78484510538113,20.520198046517184,5.93164022926449,78111.0,258764.23174180905, 0.0, 0.0,2.8421709430404007E-14,76.98824806967521, 159.1922723514277,159.1922723514277,0.0, 127.4539288940615, 6.432857462515174, 1.456592273261479, 6.432857462515174, 171.29072656669635, -3.813346998869009, 1.456592273261479, -3.813346998869009, 157.51822821696314, 5.883198996394858, 4.261579773759497, 41.0, 0.0
35, 0 ,1.0,1.0,1.0,198.8149809374299,175.19848901098902,191.7372448979592,12.785184638384848,10.572165873560136,12.44758487680347,66.0,50.0,58.0,0.7675565649874128,0.18431296369167166,0.6139101326415093,13.616198925982747,-0.5871296693323358,-0.182099370787988,0.7887449337703039,11.686107442962442,-0.2571685652143851,0.965851205193539,0.0315559581024433,10.402308705306341,70.91750193623,61.93313028253331,50.46640195247127,19.923683687509158,5.763751823329909,71344.0,221655.64835431997, -2.8421709430404007E-14, 0.0,0.0,39.86502529216254, 193.73861094298516,193.73861094298516,0.0, 163.4609462375919, 13.952344344936476, 23.24206145790949, 13.952344344936476, 111.77069125806958, 4.661567545974299, 23.24206145790949, 4.661567545974299, 154.94236926522646, 5.704847212229613, 4.210060175248677, 33.0, 0.0
36, 0 ,1.0,1.0,1.0,32.24103598079361,288.23951859319465,206.11611133052028,12.912417569334165,7.193461622121123,13.09603251048203,75.0,30.0,78.0,0.6402453552298908,-0.06091887071795199,0.7657511190308512,13.684674468276958,0.7663153006571914,0.11988964372529494,-0.6311793194537514,12.367703418603382,0.05335489748120668,-0.990916426606135,-0.12344185026521035,7.053515574246395,68.2154322748712,74.42812222292685,36.35672987032706,18.746846973005756,6.207915405354709,48109.0,184588.44493395992, 0.0, 0.0,0.0,NaN, 99.95988133115158,99.95988133115158,0.0, 166.73052748484963, 4.118429865374782, 17.50097846580243, 4.118429865374782, 51.74589010892946, -14.224988065883778, 17.50097846580243, -14.224988065883778, 171.50606751560224, 5.654467194395888, 4.444246768746878, 22.0, 0.0
37, 0 ,1.0,1.0,1.0,159.45944230226652,9.679676478886485,221.90219129126305,16.49150797745162,6.544140598789169,10.610138009699709,76.0,27.0,53.0,0.9891170329037737,0.044793635619306674,0.14014644279338645,16.606043933249865,0.13708635838261948,0.06533483473520352,-0.9884020890890083,10.466187417983354,0.05343056770264712,-0.9968575071584345,-0.05848320149277417,6.48605164569076,76.66949382503657,53.61267125824881,29.512284149734306,19.250402626231065,7.536089095806288,42532.0,121308.95631685223, 0.0, 0.0,0.0,NaN, 161.07331318325927,161.07331318325927,0.0, 271.9698353703504, 10.958300618971068, 23.25240477704844, 10.958300618971068, 42.82577617672066, -2.8901191067392213, 23.25240477704844, -2.8901191067392213, 112.5750285848745, 6.839304527680002, 4.268027910961643, 16.0, 0.0
38, 0 ,1.0,1.0,1.0,103.39745833551017,228.02448931612767,155.19266234783973,12.126712418679766,11.971491637127547,13.156790321821369,57.0,72.0,71.0,-0.5775004460008646,0.5166605177139375,0.6321037448903211,13.58467661621049,0.43699521813270664,-0.4583732880321581,0.7739051028050765,12.869308351877292,-0.689585682999546,-0.7231568559131236,-0.03893260263449493,10.644827920301703,69.90082097453411,76.35099631554334,60.371206905909276,20.607636070732564,6.22898332409065,76564.0,322200.96974454715, 0.0, 0.0,0.0,NaN, 191.9392444664575,191.9392444664575,0.0, 147.05715408536204, -31.730738132530696, -8.312443288061145, -31.730738132530696, 143.3166120178148, 4.707705424191535, -8.312443288061145, 4.707705424191535, 173.10113157237245, 5.5282963816905415, 4.102945650766004, 27.0, 0.0
39, 0 ,1.0,1.0,1.0,51.66500265244773,20.522436987363466,164.34888529183726,12.128658876289728,11.228484732132355,12.755859444853545,59.0,44.0,60.0,-0.5140147150114023,-0.07706580065958471,0.8543124341366243,13.172850866265554,-0.7443894808098788,0.5349662573541444,-0.3996190740594081,11.995509076695006,-0.4262313615999488,-0.8413512737621527,-0.3323474996557931,10.88480352326329,64.8307035742414,60.603334698684804,57.81372559948036,20.06878614147273,5.756649068842051,73517.0,227147.63191503356, 0.0, 0.0,0.0,NaN, 146.600367804944,146.600367804944,0.0, 147.1043661374016, -7.9396659531157425, -16.612139410381104, -7.9396659531157425, 126.07886937972938, -9.056993434020944, -16.612139410381104, -9.056993434020944, 162.7119501768594, 5.565952396236589, 4.0657734003641215, 20.0, 0.0
40, 0 ,1.0,1.0,1.0,185.84986439364587,65.39762465353321,61.763910827645816,11.939937248895339,10.73012276481102,12.22191746747833,59.0,54.0,59.0,-0.6524906344733622,-0.13841066837898056,0.7450492995791841,12.86407968443664,-0.6549840901854246,-0.39146281450541176,-0.6463379197165158,11.421687608395061,-0.38111915922519635,0.909724876948182,-0.1647690345092013,10.541983147682657,64.92131437189514,58.20563623027661,54.45185117177553,19.408544186728705,5.511924817075434,67106.0,205761.91509409467, 0.0, 0.0,0.0,NaN, 145.33369688409786,145.33369688409786,0.0, 142.5621015075584, 9.86262135106209, -18.242535666132195, 9.86262135106209, 115.1355345479157, -0.7161570144856207, -18.242535666132195, -0.7161570144856207, 149.37526658185192, 5.356309383979243, 3.959874077355344, 33.0, 0.0
41, 0 ,1.0,1.0,1.0,90.12381150669721,155.0728190714137,106.16026441807203,10.925806482584889,11.158607831545583,12.187745123494839,53.0,62.0,57.0,-0.5278081430831316,0.6501472258253436,0.5465593735787049,13.233434726599434,0.48348953571186415,-0.2990838654164525,0.8226704749197455,11.805169902831768,-0.6983240171670043,-0.6984679135072439,0.15648048072706874,8.828537598634535,72.8528901241749,58.286783501987124,48.03147411230222,18.949882908700115,5.77328718971703,57636.0,203958.9608712436, 0.0, 0.0,0.0,NaN, 200.9880367427794,200.9880367427794,2.6973983046972182E-6, 119.373247294894, -42.229277480977565, -3.6049976904601704, -42.229277480977565, 124.5145287382304, 19.420611601037127, -3.6049976904601704, 19.420611601037127, 148.54113119527224, 6.847005810732605, 4.49320837880666, 21.0, 0.0
42, 0 ,1.0,1.0,1.0,81.58028203522719,207.2281055181989,189.66407589905535,13.267691858260488,12.405883073093493,10.24341186228503,66.0,62.0,49.0,-0.9356184570922408,-0.3529927559553055,0.0037705425886252948,13.405058809239627,-0.35255184732657496,0.9337974969857641,-0.06106905574627272,12.264310866177427,0.01803601105992847,-0.0584666474684511,-0.9981264215713589,10.235044990033527,65.57648240284041,62.2915124874834,49.28574778144454,20.058542442332246,5.702626038811662,73466.0,201325.29454048374, 0.0, 0.0,0.0,NaN, 165.63810844699677,165.63810844699677,0.0, 176.03164724575163, 9.719103172265529, 0.7186287581651538, 9.719103172265529, 153.90593482326764, -2.703394548721493, 0.7186287581651538, -2.703394548721493, 104.92748658040165, 5.76189529133788, 4.158724904600961, 23.0, 0.0
43, 0 ,1.0,1.0,1.0,23.937692324480043,11.375177320442592,264.63809170467687,12.261372891118876,7.286064501638848,12.91271501285696,48.0,32.0,68.0,-0.3769716593689905,0.07093415287051211,0.9235045825490701,13.099925611311404,-0.9196608587884672,-0.14715794024312598,-0.36409949936227554,12.17375607471856,-0.11007394262516819,0.9865662099321781,-0.1207097368691017,7.096324549492406,73.54401963926361,58.0201633016503,34.559670757011276,18.27003170142288,6.030932907053317,45821.0,147467.3602819444, 0.0, 0.0,0.0,NaN, 44.191315110322584,44.191315110322584,NaN, 150.34126517506488, 9.999304494661018, -9.449078985250177, 9.999304494661018, 53.086735922041754, 13.185276740029781, -9.449078985250177, 13.185276740029781, 166.73820900326152, 6.372469322497518, 4.276293560376893, 18.0, 0.0
44, 0 ,1.0,1.0,1.0,285.18752235028745,78.72626743322422,283.29015487029955,10.087282636347275,10.790693134517792,10.310137836973112,43.0,54.0,46.0,0.5977952122591421,0.34160501278990973,-0.7252219656331793,11.772712033027227,0.4014105744648119,-0.9106336631642606,-0.09806060483124412,10.787937498993815,0.6939095293392911,0.23249160575996097,0.6814963083856567,8.337561240044126,65.89761328305315,58.84645323790933,47.06205205479375,17.042922058748896,5.833530596960223,36353.0,182499.1464628521, 0.0, 0.0,0.0,NaN, 81.83186177980645,81.83186177980645,0.0, 101.75327098555323, -3.023628451360014, -31.79404686685589, -3.023628451360014, 116.43905832332942, -12.929405245389471, -31.79404686685589, -12.929405245389471, 106.29894221738459, 5.570862453629796, 4.397298798644536, 13.0, 0.0
45, 0 ,1.0,1.0,1.0,120.3784015648056,234.6336547590451,74.53776466147353,11.480951997240476,12.703702332355327,14.06877869451182,57.0,63.0,71.0,-0.14724040223503557,0.11411171897334238,0.9824961982331603,14.12756239611298,-0.2784924405053246,0.9483532033856752,-0.15188206678049965,12.811769506930172,-0.9490849406302118,-0.29598094063820546,-0.1078566560202474,11.287045163035742,69.26765451539931,66.49849093625448,56.717121202033724,21.306843463180552,6.0946917315663365,87423.0,261250.09150795138, 1.4210854715202004E-14, 0.0,0.0,81.53296247278102, 155.94741746558842,155.94741746558842,0.0, 131.81225876294008, -10.917377956418347, -8.889122916923554, -10.917377956418347, 161.38405294909018, 2.8010705284994746, -8.889122916923554, 2.8010705284994746, 197.93053395514974, 5.941049136903972, 4.304132840842036, 37.0, 0.0
46, 0 ,1.0,1.0,1.0,22.61414809999409,187.10849240588618,121.83762188995922,12.378339747178371,13.095452305503109,12.35278621765858,50.0,62.0,60.0,-0.38381535233411335,-0.738745855948724,0.5540219631307288,13.673069723472329,-0.7138969179911633,0.6179379098848419,0.329399347312455,12.511443547530943,-0.5856935767065901,-0.2690860454310844,-0.7645624463435944,11.567905515497134,71.15583791661155,67.09260518703027,62.19077716236188,21.01164354489396,5.984674499393362,84605.0,296900.6694851429, 0.0, 0.0,1.4210854715202004E-14,56.356623576053735, 167.63143586141888,167.63143586141888,NaN, 153.2232948965759, 5.043705863603541, -16.64175679217842, 5.043705863603541, 171.4908710857067, -17.12316684980737, -16.64175679217842, -17.12316684980737, 152.59132733917576, 5.934474869851884, 4.278616990374414, 22.0, 0.0
47, 0 ,1.0,1.0,1.0,213.51056629912676,132.69651272384542,201.68726934126704,12.883760244597262,13.752733333937059,13.693164653433577,74.0,66.0,66.0,0.45981215167193135,0.5842959961885656,0.6687084372227107,16.163295564397302,0.6231333830403445,-0.7488085814574754,0.22581075102027032,12.50742568415333,0.6326749340028601,0.31286402345692443,-0.7084056258322775,11.177830275773887,78.04887765788482,66.66800351320357,56.88029153518755,22.28197835710847,6.793022222399368,88063.0,295968.7958655319, 0.0, 0.0,0.0,NaN, 186.42472915507744,186.42472915507744,0.0, 165.99127804026492, 21.927124841425634, 46.343310991879825, 21.927124841425634, 189.13767415438352, 47.933933211617735, 46.343310991879825, 47.933933211617735, 187.5027582260427, 5.194469388285985, 3.8221654185571063, 32.0, 0.0
48, 0 ,1.0,1.0,1.0,122.54974142103788,89.53180648612845,212.7723358724174,14.224563947481501,12.589221022980185,11.840685956622178,70.0,71.0,64.0,0.8932207203302951,0.1767826248525008,0.4134061541908732,14.846215123461057,0.21175530897415887,-0.9765059178142309,-0.03994848676789961,12.530544791178059,0.39663135767849556,0.12322376403943579,-0.9096699786637275,11.11772877565301,72.76079290053036,65.60832459058209,60.61260571938554,21.331871290697137,6.780841881501478,78506.0,289347.22741157573, 0.0, 0.0,0.0,NaN, 175.0515606448202,175.0515606448202,0.0, 202.33821949599053, 8.37760547820129, 35.46431519142723, 8.37760547820129, 158.48848596544624, 8.378238317154892, 35.46431519142723, 8.378238317154892, 140.20184392334966, 5.588390306131817, 4.178991440619167, 42.0, 0.0
49, 0 ,1.0,1.0,1.0,106.9000335560233,211.0939111070437,279.6081419114731,11.54470332209778,12.278667231203126,11.321252854861692,56.0,64.0,45.0,0.3898321705063152,-0.8944999242315647,0.21886243256452276,12.437668806454715,0.683638557267689,0.4403409088810996,0.582012205183637,11.637510155408947,-0.6169839559139996,-0.07726428356939688,0.7831736899495665,11.04940550515221,65.68169365684707,65.2064430116477,54.53340515567437,19.463237297355832,5.779187129726305,65562.0,233559.4639079319, 0.0, 0.0,0.0,NaN, 140.52664406732188,140.52664406732188,0.0, 133.2801747952555, -7.353474674421744, 8.090658645065655, -7.353474674421744, 150.76566897462146, -2.9639933154714906, 8.090658645065655, -2.9639933154714906, 128.170766203714, 5.343376884748263, 4.00122769104246, 27.0, 0.0
