// Sample: .//bubblelabels.tif, Map: .//bubblelabels.tif, Thickness:(8.191250068658265):/gpfs/home/mader/Foam/NewValid/InSilicoTest/LatticeDataPhi_16.0/out_Step_05000.vtk/distmap.tif, Neighbors:(1.0):
//LACUNA_NUMBER, TRIANGLES, SCALE_X, SCALE_Y, SCALE_Z, POS_X, POS_Y, POS_Z , STD_X, STD_Y, STD_Z,PROJ_X, PROJ_Y, PROJ_Z, PCA1_X, PCA1_Y, PCA1_Z, PCA1_S, PCA2_X, PCA2_Y, PCA2_Z, PCA2_S, PCA3_X, PCA3_Y, PCA3_Z, PCA3_S,PROJ_PCA1, PROJ_PCA2, PROJ_PCA3,OBJ_RADIUS, OBJ_RADIUS_STD, VOLUME, VOLUME_BOX, Mask_Grad_X,Mask_Grad_Y,Mask_Grad_Z,Mask_Angle, Mask_Distance_Mean,Mask_Distance_COV, Mask_Distance_STD, SHAPET_XX, SHAPET_XY, SHAPET_XZ, SHAPET_YX, SHAPET_YY, SHAPET_YZ, SHAPET_ZX, SHAPET_ZY, SHAPET_ZZ, Thickness, Thickness_STD, Neighbors, Neighbors_STD
1, 0 ,1.0,1.0,1.0,130.54082799634034,15.380786825251601,180.5969922232388,20.992732329531187,9.462795716176585,11.420213000190728,86.0,38.0,47.0,-0.978422303218314,-0.02816150305751476,0.20468689823853062,21.33822590536147,0.18377663391904178,0.3341234317807495,0.9244391170652835,10.952034509605102,0.09442428390173488,-0.9421085192697262,0.3217383914441176,9.240867584125342,87.98230742515338,55.40480096660528,45.80552114497396,24.023517399038667,9.13953993225379,87440.0,223285.52780793334, 0.0, 0.0,-2.8421709430404007E-14,78.1888290120185, 73.74023250290757,73.74023250290757,0.0, 440.6948106593439, 12.314611059399034, -68.21492180051405, 12.314611059399034, 89.54450276608993, 8.540388231187634, -68.21492180051405, 8.540388231187634, 130.42126496972529, 11.219259461623166, 6.420403524769014, 12.0, 0.0
2, 0 ,1.0,1.0,1.0,180.7591891444935,165.71711448242246,92.20454169604234,11.33362893679565,16.214315058853266,15.454117704643217,49.0,67.0,79.0,0.15254927767175186,0.8997037164558082,0.4089766991864371,16.55477677825879,0.07482437755081936,0.4021181130560262,-0.9125252520760144,15.223598908414738,-0.9854592992132954,0.16980649501084308,-0.005976942878540061,11.151964572730277,81.54693736023387,84.73207451361341,54.841730608790954,23.975629500611102,7.440033721908073,114891.0,378936.6798001502, 0.0, 0.0,0.0,NaN, 100.23573490111157,100.23573490111157,0.0, 128.4511448769717, 23.776644005058333, 2.006685076327965, 23.776644005058333, 262.90401282775576, 15.674594264676571, 2.006685076327965, 15.674594264676571, 238.8297540289669, 7.841460898336596, 5.532451446167599, 16.0, 0.0
3, 0 ,1.0,1.0,1.0,169.65638681517558,64.10523374186594,167.91653026734267,15.068017014875975,15.497505789327176,15.613278148753102,66.0,78.0,67.0,0.22710855112951822,0.7220631798859561,-0.6534879266343275,16.824358282907326,0.8078328767018819,0.23508376075140056,0.5405013124410898,15.512456815254989,-0.5439004957925788,0.6506615016150559,0.5299168434694513,13.685646821556118,90.10064063985446,78.85654466562525,75.60274608258158,25.588526355465383,7.49797278982727,150294.0,537159.415578095, 0.0, 0.0,0.0,NaN, 77.84320705299761,77.84320705299761,0.0, 227.0451367605919, 25.833310618728714, 9.077517216897478, 25.833310618728714, 240.17268569022937, -38.40879770788084, 9.077517216897478, -38.40879770788084, 243.77445455033106, 7.864150368315221, 5.434590585158975, 20.0, 0.0
4, 0 ,1.0,1.0,1.0,16.01671181579157,44.43211696279181,15.880706716596286,10.04414899656224,11.949450717609738,10.449691438591286,44.0,57.0,41.0,0.16817129377727777,0.9220150846428946,-0.34872137823803134,12.151912689635488,0.6181375269076554,-0.3742019487196963,-0.69128785567437,10.817113412404213,-0.7678700500590993,-0.09930299726260731,-0.6328621500428818,9.391029128170944,56.06958982248237,60.91050979506731,48.108241023927654,17.990606887462338,5.404481149961294,50204.0,164300.57810411768, 0.0, 0.0,0.0,NaN, 49.82915733788678,49.82915733788678,0.0, 100.88492906514227, 2.55641888830008, -15.80252396094381, 2.55641888830008, 142.78937245258388, -11.668792357378427, -15.80252396094381, -11.668792357378427, 109.196051161768, 9.558048708783318, 5.887625202869075, 7.0, 0.0
5, 0 ,1.0,1.0,1.0,30.704385984451918,108.62637827723698,173.95672673542273,16.139679369088654,14.56091501691848,13.641140854800051,75.0,70.0,64.0,-0.9860848525858933,-0.0031075614278432253,0.1662137375869692,16.20641715036695,0.07233102284012352,-0.9082483135050577,0.41213253226373653,14.818553437499794,0.14968261968431473,0.41842005697288265,0.895834677430635,13.279786792552736,79.15249566912786,76.00590522348209,71.80126731856316,24.626447071512757,7.219994786794693,134679.0,431960.5228941599, 0.0, 0.0,2.8421709430404007E-14,80.43224979366792, 99.85063919550161,99.85063919550161,0.0, 260.48925013698596, -2.575984389907574, -12.854972478876316, -2.575984389907574, 212.0202461299221, -16.228910724020025, -12.854972478876316, -16.228910724020025, 186.08072382049508, 7.598022826507255, 5.178542101898873, 19.0, 0.0
6, 0 ,1.0,1.0,1.0,48.72096753864311,12.906775291327214,24.18305776127783,19.864234171548418,8.321585699696998,13.965798365662769,85.0,35.0,61.0,-0.9823364539942345,-0.026265093693091553,0.18527071006321075,20.05300817763838,-0.18629608458488586,0.04428464170075504,-0.9814951041028053,13.71028380203251,-0.01757441385577718,0.9986736280500895,0.04839550201100303,8.293677885302495,87.13829434608884,68.17130788258939,35.67898260065725,24.111621820365567,8.803965297601703,87273.0,211944.98395344336, 0.0, 0.0,0.0,NaN, 55.90293202514185,55.90293202514185,NaN, 394.5877992221119, 7.617210270007909, -38.87376596882978, 7.617210270007909, 69.24878855740158, -6.802546515580451, -38.87376596882978, -6.802546515580451, 195.0435239903489, 7.640898409233016, 5.081956852768826, 10.0, 0.0
7, 0 ,1.0,1.0,1.0,161.4941653724402,175.95801614176236,138.5526983561202,15.364373977942835,14.138174784365765,14.71220939357214,73.0,59.0,79.0,0.804704970162001,-0.4336777862851128,0.4054300046609984,16.666791831635187,-0.09910799554061035,0.5751995190644911,0.8119871418242409,14.725804173460709,0.5853439298536335,0.6935914438275762,-0.4198849757167819,12.56064571164639,89.4882295445235,83.15808189943988,73.76214691447203,24.333824492697513,7.7631221017154495,117831.0,548913.5205337846, 0.0, 0.0,0.0,NaN, 76.39690548391798,76.39690548391798,0.0, 236.0639877340869, -45.2500900773358, 34.39975456475706, -45.2500900773358, 199.8879862332759, 6.492096296966569, 34.39975456475706, 6.492096296966569, 216.44910524031232, 7.668440665892368, 5.037788305644486, 20.0, 0.0
8, 0 ,1.0,1.0,1.0,88.71613313546746,123.67793088827645,79.44551621793512,13.746670745932116,12.428734415804763,12.743610450229585,74.0,60.0,63.0,-0.908048732833177,-0.34146549182835284,-0.24258775049553377,13.84469404451287,0.40150786743608496,-0.5445913859170374,-0.7363502256208583,13.415505692183071,0.1193269927006857,-0.7660427796640229,0.6316165993208447,11.584155425395066,71.32717572420648,71.71759532461257,57.91098542899306,21.65195959845848,6.085774283489673,94340.0,296238.6380653149, 0.0, 1.4210854715202004E-14,0.0,70.03381507757754, 141.44681176731729,141.44681176731729,0.0, 188.97095659706582, 7.812730434471481, -0.8733843087099706, 7.812730434471481, 154.47343917860977, 23.121110502074764, -0.8733843087099706, 23.121110502074764, 162.3996073072007, 7.333018578382046, 4.966682725213359, 22.0, 0.0
9, 0 ,1.0,1.0,1.0,172.3836866760033,39.511590283479016,16.772818370599314,15.09994889162389,13.016335877580163,10.972228452308128,68.0,69.0,51.0,0.9063400743608512,0.2923994616368529,0.30504134874151934,15.7184500734999,0.32389324493862537,-0.9443675859319725,-0.05712292468131284,12.789197219755447,0.2713684496965229,0.15057362808771577,-0.9506243985054285,10.353261089065828,83.9909088408605,75.86809480019642,55.71273766337356,21.644730390140005,7.023453549031421,82828.0,355014.39137378667, 0.0, 0.0,0.0,NaN, 51.04070889429128,51.04070889429128,6.743495761743046E-7, 228.00845652965356, 19.826757386282885, 37.629688416747314, 19.826757386282885, 169.42499967798054, 15.517489186798274, 37.629688416747314, 15.517489186798274, 120.38979720964004, 7.737809729284233, 5.0673778452584735, 11.0, 0.0
10, 0 ,1.0,1.0,1.0,75.97795628778769,54.6612431459831,43.50570919354976,12.787633990683108,14.34339039345905,16.799013934638847,64.0,69.0,81.0,-0.22825644191241712,0.5204166983880943,0.822839873100665,18.450109909421077,0.5699480630739735,-0.6137758008177387,0.5462952239666475,12.689290188618562,-0.7893403588590346,-0.593671395950132,0.15651220881104505,12.24902686234087,89.14566529516368,63.879223037528014,63.48107693725782,24.317594959358704,7.753571798062224,117267.0,361496.5371625023, 0.0, 0.0,0.0,NaN, 103.21457298447241,103.21457298447241,0.0, 163.52358307967398, -26.45433656926181, -32.33605994640131, -26.45433656926181, 205.73284797917333, 77.83783415379986, -32.33605994640131, 77.83783415379986, 282.20686917619014, 7.494847904976389, 4.790710714872986, 18.0, 0.0
11, 0 ,1.0,1.0,1.0,60.66736188629732,72.94283532107397,138.81376926541722,12.596925765158979,15.98601675374917,11.949086728897058,63.0,79.0,60.0,-0.14871897835911493,0.9637396853493363,0.22155921185674654,16.282879651043576,-0.8973946179371988,-0.03740979004150787,-0.4396400883750242,12.724425303456092,-0.41541011684017737,-0.26420886906349633,0.8704183524805862,11.40056029347576,80.64998956562467,63.20808399414531,53.86359467574036,22.623100453656033,6.7239326218034865,102126.0,274582.1332949558, -7.105427357601002E-15, 0.0,0.0,81.44730321863705, 112.89349341049679,112.89349341049679,0.0, 158.6825387329261, -18.29969783706203, 8.147098248394087, -18.29969783706203, 255.5527316511492, 29.385247488117468, 8.147098248394087, 29.385247488117468, 142.7806736547038, 7.91231397091216, 5.131882697241545, 22.0, 0.0
12, 0 ,1.0,1.0,1.0,42.17775499870324,55.15619172296254,175.80651097306443,13.090686628342542,12.401607741073953,12.089866376237618,70.0,60.0,49.0,0.7537493545794015,0.28545569517165137,0.5919264790201608,14.342680829460864,0.37396686195350803,-0.9269833239647477,-0.029166817651466413,12.313406894751289,0.5403801408562139,0.24334535784628636,-0.8054640526943962,10.677000385347922,71.4533034940391,53.32424303417706,55.85201682505367,20.844008630658315,6.0710892074860014,80971.0,212806.98147739613, 0.0, 0.0,0.0,NaN, 73.52886109146047,73.52886109146047,0.0, 171.36607640146622, 6.691444252033459, 40.509217961550185, 6.691444252033459, 153.7998745634654, 16.514011877384277, 40.509217961550185, 16.514011877384277, 146.16486899528093, 7.532064924600547, 4.976114850684396, 11.0, 0.0
13, 0 ,1.0,1.0,1.0,77.84971391657439,185.8293189368771,26.770241171403963,12.84136114626999,8.075474303459579,15.270580469835462,60.0,33.0,60.0,-0.007848473143886528,0.03362570807716693,0.9994036788133304,15.276991359738922,-0.9996912692224827,-0.023825964603248487,-0.007049088669184895,12.84336052239313,0.023574726077962658,-0.999150456721626,0.03380232422948348,8.060154755759028,60.99538436390746,60.342531328111285,33.5244113697583,20.45780428168428,6.691988730773796,65016.0,123390.48125242491, 0.0, 0.0,0.0,NaN, 83.53461540619169,83.53461540619169,0.0, 164.90055608893255, 2.337075109699552, -0.616463232346055, 2.337075109699552, 65.21328522583596, 5.6766698394098505, -0.616463232346055, 5.6766698394098505, 233.19062788572026, 7.186210695085757, 4.868936054637667, 9.0, 0.0
14, 0 ,1.0,1.0,1.0,187.1404729060211,56.096465833802874,94.55445025160776,8.210528614977038,13.281016450216072,13.62614026640493,34.0,60.0,72.0,-0.119158280612092,0.6516587296659415,0.7490942558929029,15.07850688382989,-0.16304677813656573,-0.7570701983963404,0.632661412478596,11.791891393556837,-0.9793962692908605,0.04675055882337896,-0.19646203946016216,7.941020347843431,88.24556078105843,57.81458245245591,38.56011159050021,19.49617192526923,7.026318873230581,51469.0,196729.0717551884, 0.0, 0.0,-1.4210854715202004E-14,41.488019657824076, 110.69202761946119,110.69202761946119,0.0, 67.41278013735675, -3.378197516532115, -22.504200107231814, -3.378197516532115, 176.3853979509099, 43.8081010802769, -22.504200107231814, 43.8081010802769, 185.6716985597418, 7.99226604966479, 5.1129313802168515, 12.0, 0.0
15, 0 ,1.0,1.0,1.0,183.64605089912163,19.205851054235882,176.92747506448063,9.522258880556972,11.490680641590393,12.416686898857803,37.0,45.0,53.0,0.10702072311038079,0.5391036700925783,0.8354123519063169,13.019510019215748,-0.19550322904135894,-0.8124239650700779,0.5493139251959802,10.898755891991273,-0.9748461685103621,0.22211378586779643,-0.018450308077144102,9.412372081784675,70.99799643673958,58.06974997026643,41.96153912019756,18.57283054835279,5.650949899069696,55443.0,173000.53996574436, 0.0, 0.0,0.0,NaN, 34.185636937342224,34.185636937342224,0.0, 90.67341418834611, 9.46355033256361, 3.9921138947274364, 9.46355033256361, 132.03574160702019, 22.968827932995087, 3.9921138947274364, 22.968827932995087, 154.17411354426702, 7.958938843933937, 5.193628607818524, 3.0, 0.0
16, 0 ,1.0,1.0,1.0,185.60818808081743,14.411045355772343,94.055411715752,8.479149553772917,8.596276966286045,15.893910745089535,35.0,31.0,74.0,-0.2380398984406836,-0.06538160613963151,0.9690522443753746,16.287741583423248,0.40941051951099827,-0.9115133820221732,0.039068925096986694,8.734994689705506,0.8807496995537852,0.4060401457652945,0.24374447021997206,7.537751355123219,78.84281042752208,39.9751705961331,41.25696093913916,18.73874345008769,6.875161635992804,43258.0,130031.82455447385, 0.0, 0.0,0.0,NaN, 96.23524796862567,96.23524796862567,0.0, 71.89597715524745, -4.025964960585632, -47.777447566455436, -4.025964960585632, 73.8959776811, -13.90226722728247, -47.777447566455436, -13.90226722728247, 252.61639877287257, 7.874986942303076, 5.196395477198268, 6.0, 0.0
17, 0 ,1.0,1.0,1.0,101.1173141950176,85.10102822441516,13.849228256619051,14.448821648390611,17.193155285990137,9.432072082739772,74.0,83.0,38.0,-0.14651822694262345,0.97983728749597,0.1358355594317305,17.3796634057184,0.9868396462647424,0.13528643834481469,0.0885725248598756,14.39832651839989,-0.06840995346927559,-0.14702540471808273,0.9867642112651914,9.163651720937791,86.51568969201281,72.63785660938142,42.58328783717624,22.977114725165727,8.086360021401523,86946.0,267606.76309122564, 1.4210854715202004E-14, 0.0,0.0,81.57479375459083, 131.19364191973446,131.19364191973446,0.0, 208.76844702700117, -14.841930484312465, 6.440386812302707, -14.841930484312465, 295.6045886881706, 30.503696305682475, 6.440386812302707, 30.503696305682475, 88.96398377399898, 7.670132538769769, 4.863871680478836, 15.0, 0.0
18, 0 ,1.0,1.0,1.0,77.27045123402551,123.54802077656296,126.41897919006996,11.065722186944777,13.732429041655719,14.038559374688017,57.0,62.0,66.0,0.048611790117473686,-0.6655770707819465,0.7447442894785414,14.852369438530985,0.4089925325336867,-0.6669855318834703,-0.6227803855210959,13.272854418750784,-0.9112420107706054,-0.33486932243406053,-0.23979269108815054,10.552223550485957,69.97826995105652,62.23168042088298,56.04574974040747,21.632945519837396,6.334558576186006,89909.0,244071.69255047248, 0.0, 0.0,0.0,NaN, 131.26231136362836,131.26231136362836,0.0, 122.4502075186419, -21.21673773707756, -12.555293663434623, -21.21673773707756, 188.57960738410938, -27.22533831599923, -12.555293663434623, -27.22533831599923, 197.0811493166408, 7.263033178809617, 4.597441714706824, 18.0, 0.0
19, 0 ,1.0,1.0,1.0,182.38215358713478,148.4288160931218,36.28589674741288,10.509230402703944,13.899236604589928,11.329917735412192,43.0,67.0,52.0,0.01727039184376397,-0.9997890948792942,0.01111302506089024,13.90025921321412,-0.43165258649280414,-0.01748100598206493,-0.9018705333937501,11.562665796067671,0.9018745911376123,0.010778691492762053,-0.4318634525750805,10.251209257087664,67.18065050121353,57.93821822857923,49.57053759025962,19.93759273500879,5.8730003977080765,68899.0,192944.75125957013, 0.0, 0.0,0.0,NaN, 65.47245088239991,65.47245088239991,0.0, 110.4439236571169, -1.3058495439977413, 11.153838787799874, -1.3058495439977413, 193.18877819037255, -0.5281617933832851, 11.153838787799874, -0.5281617933832851, 128.36703589120773, 7.859909887924103, 5.217260995918514, 14.0, 0.0
20, 0 ,1.0,1.0,1.0,151.8161507600574,186.85244212153557,10.461113769369502,13.230681326974667,7.7226468383512294,6.721414598947794,65.0,30.0,25.0,-0.9980537035569381,-0.059790425170296146,-0.017717501918574546,13.248160088116755,0.0552082020595134,-0.9792885056550039,0.19479752851960416,7.732772806600797,-0.02899757303009058,0.1934402433568188,0.9806834417937419,6.675185074432497,65.17244285705246,35.01209528360556,29.291157525548,15.712498088377925,5.743258709088983,27169.0,66837.25976139893, 0.0, 0.0,0.0,NaN, 51.02917309775635,51.02917309775635,6.743495761743046E-7, 175.05092837595615, 6.99083324366264, 2.479563593728089, 6.99083324366264, 59.639274189896234, -2.7680589973351326, 2.479563593728089, -2.7680589973351326, 45.17741421094853, 7.68886459472011, 5.0770344270402745, 5.0, 0.0
21, 0 ,1.0,1.0,1.0,19.163255592574963,84.98893044128646,25.441708030189705,11.418753841927265,11.236814906318038,13.876340424378109,45.0,51.0,58.0,-0.13760283600126028,-0.3476005559854009,0.9274908694984824,14.329461283861004,0.9547718256968365,-0.29573840972344734,0.03081483197708593,11.406021309135385,0.26358342205066676,0.8897823590591614,0.3725736613438656,10.666582832589262,66.35173760251129,51.49192628443085,51.616301773316415,20.33140145964706,5.986725883273632,73535.0,176351.1614167896, 0.0, 0.0,0.0,NaN, 90.76138589705207,90.76138589705207,0.0, 130.38793930252868, -0.22926647103620557, -11.204864416976934, -0.22926647103620557, 126.26600923885125, -29.666532258971227, -11.204864416976934, -29.666532258971227, 192.55282357323003, 8.025472853496137, 4.925616947594983, 10.0, 0.0
22, 0 ,1.0,1.0,1.0,67.72259923327857,188.63849798795152,74.63795032978545,13.359850777882501,6.782062591115526,11.433143325920804,64.0,26.0,51.0,0.990095534381791,0.056746088798253824,0.12841617578536146,13.4035105728474,0.13193311291896198,-0.06331083585129574,-0.9892347505922559,11.415878071201533,-0.0480050675736288,0.9963792548371885,-0.07017046399547595,6.724759051086626,65.31630502567842,50.38235000313738,29.735482703551867,17.91053156873355,5.866141068328431,41997.0,97853.19762768288, 0.0, 0.0,0.0,NaN, 101.4211901148501,101.4211901148501,NaN, 178.48561280728765, 6.8420959011271245, 5.98559709841175, 6.8420959011271245, 45.99637298980864, 6.309364047594002, 5.98559709841175, 6.309364047594002, 130.71676631104742, 6.944921316256235, 4.746518939362191, 10.0, 0.0
23, 0 ,1.0,1.0,1.0,113.93574273749945,83.67973503363147,64.77235653734479,11.336525741834947,12.233638376737145,11.189646937639433,54.0,54.0,55.0,0.4073302227887855,-0.8985830575184177,0.16318878130462955,12.517901101661051,0.6090287022320271,0.13410723845009861,-0.781728398136374,11.281164406364645,-0.6805630973395571,-0.4178082542699941,-0.6018888046835964,10.928147329840057,59.522281552367176,52.203811895330375,51.256051468506456,19.372421326231095,5.300586229472407,68537.0,159267.41564172265, 0.0, 0.0,0.0,NaN, 136.39945969411156,136.39945969411156,0.0, 128.5168158952864, -13.00247234212016, -1.255081807046427, -13.00247234212016, 149.66190793277588, -6.287666136616171, -1.255081807046427, -6.287666136616171, 125.20819858902354, 6.962025648453583, 4.510432274103011, 14.0, 0.0
24, 0 ,1.0,1.0,1.0,49.89218059142475,85.05541057641602,77.29775410035562,12.900803856088517,11.89393096885262,11.716889769086162,62.0,65.0,57.0,-0.8446688043872229,-0.0809409304871084,0.5291343654185958,13.60844744328924,0.11797123785959651,-0.9923451503983763,0.03652245225471936,11.890187907279719,0.5221277601630983,0.09327201216176702,0.8477516934895272,10.89107109511408,65.05962060991024,66.57808379614407,54.26740305173786,20.253737679259487,5.913370435357407,73957.0,235061.6914441477, 0.0, 0.0,0.0,NaN, 125.29403553820542,125.29403553820542,1.9073486328125E-6, 166.43074013326836, 1.8869727535776522, -29.65691832826848, 1.8869727535776522, 141.46559389183145, -3.6762199156704503, -29.65691832826848, -3.6762199156704503, 137.28550586091598, 7.003738906658677, 4.4506983425387485, 14.0, 0.0
25, 0 ,1.0,1.0,1.0,101.52240347406274,22.03852327447833,105.16876329836873,11.785915454900094,12.606769603623507,12.569004262357817,56.0,51.0,61.0,-0.3314871886568827,0.665567850826525,0.6686820467924318,13.310773360479484,-0.14446749410903803,-0.736204969380806,0.6611591232107906,12.029581474436295,-0.9323333024740732,-0.12256295935218946,-0.34019543514371603,11.57284723790633,69.02875969942679,63.250989199240934,56.381717941197365,20.550998750378472,5.785737762652302,80367.0,246170.32366857494, 0.0, 0.0,0.0,NaN, 138.47922941728783,138.47922941728783,0.0, 138.90780311005287, -8.394681413461962, -10.615530731751964, -8.394681413461962, 158.9306398388456, 13.999558386255664, -10.615530731751964, 13.999558386255664, 157.979868147169, 7.224508961653264, 4.697491926912, 16.0, 0.0
26, 0 ,1.0,1.0,1.0,143.58071911011277,73.02960136621691,113.71318676246597,12.86940475697514,9.991433664133808,11.76908254808524,59.0,47.0,59.0,-0.914253115171565,0.22721185227342383,0.33543407040068196,13.029276919849044,0.39909944347625914,0.3626031365657672,0.8421630480908131,12.093978618125083,0.06971998003463645,0.9038217410192944,-0.42219117096976605,9.377379890860107,59.254369918692724,63.574342019131564,44.28401090172049,19.335966330528084,5.48470924953957,64997.0,166820.41891086206, 0.0, 0.0,0.0,NaN, 126.34030263747837,126.34030263747837,0.0, 165.62157879885436, -8.556738058185102, -5.489164643741724, -8.556738058185102, 99.82874666478632, 24.04839959796608, -5.489164643741724, 24.04839959796608, 138.51130402364456, 6.6548601442376185, 4.535495912292291, 15.0, 0.0
27, 0 ,1.0,1.0,1.0,41.14294626339113,174.3491588865465,187.0462504840167,11.757735996557566,13.335579001307059,7.111333611116275,63.0,60.0,30.0,-0.18449113544115628,-0.980859669815128,0.06226820275060714,13.418422165330261,0.9769161311787556,-0.1760696567441329,0.1209725118228735,11.740558293438115,-0.1076935169189169,0.08314916778994812,0.9907009247545268,6.9827162583621,63.30252743397256,62.93271707425397,33.244857343508215,18.238937980077413,5.830457113496839,46486.0,132440.86431697148, 0.0, 0.0,0.0,NaN, 50.18473177753135,50.18473177753135,0.0, 138.24435576474553, 8.436622621840579, 9.019439520150176, 8.436622621840579, 177.83766730010177, -9.916484352408682, 9.019439520150176, -9.916484352408682, 50.571065728592046, 7.427844183048031, 4.893938260357519, 9.0, 0.0
28, 0 ,1.0,1.0,1.0,137.1362239619524,141.18562097558717,18.33940180046633,10.541452566171252,13.31254129810426,10.92499881118979,47.0,65.0,44.0,-0.15850350258792928,-0.9745960165179817,0.1582379355737411,13.455415006887838,-0.5309912936785249,-0.05097538974794812,-0.8458426305629496,11.082897903157479,-0.8324210987865244,0.2180919857017352,0.509422221803986,10.1893453226237,66.19728948101033,52.50285168501564,58.090631616275566,19.379308515661684,5.669565988492089,64761.0,201896.6897453082, 0.0, 0.0,0.0,NaN, 88.01885693525023,88.01885693525023,0.0, 111.12222220483845, 12.444039649686806, 6.600188343544582, 12.444039649686806, 177.22375581373146, -11.089991646877058, 6.600188343544582, -11.089991646877058, 119.3555990244983, 7.485947286564407, 4.689228683996561, 8.0, 0.0
29, 0 ,1.0,1.0,1.0,182.40790699278986,94.57675854693483,79.56188981267465,10.166648648295801,9.600799610779902,14.671082098310015,38.0,50.0,77.0,0.10464775081853284,-0.01085402560840439,0.9944501185965612,14.715348497756022,0.809976045172301,0.5811323404654611,-0.07889238944393534,10.601588025649487,-0.5770508248808421,0.8137366852939757,0.06960569309411466,9.046634609820046,76.82477776436491,55.56789127620851,49.068787104725715,19.295148124837972,6.2027418679287845,57974.0,209474.20553230916, 0.0, 0.0,0.0,NaN, 124.837251268136,124.837251268136,0.0, 103.36074473789483, 14.227961049471928, 12.06550228912732, 14.227961049471928, 92.17535316635153, -2.8546401777762016, 12.06550228912732, -2.8546401777762016, 215.2406499353526, 7.321433689006119, 4.611559683709656, 12.0, 0.0
30, 0 ,1.0,1.0,1.0,59.08741420606646,11.462290924461083,107.53040275345691,11.70085108314528,7.305629468290768,14.0116697437947,57.0,29.0,68.0,-0.05666906562809651,0.12733128532794158,0.9902400520972543,14.108580911738033,0.993948652882452,0.10067636065096698,0.04393570119203159,11.725452747860759,-0.09409937531140981,0.9867375609465829,-0.1322659948104261,7.076067376848392,70.08163920354102,58.48381018519113,32.583346524537866,18.71838297964507,6.019232977246894,49683.0,133547.44925742835, 0.0, 0.0,1.4210854715202004E-14,8.01152584418453, 110.33282850418608,110.33282850418608,0.0, 136.90991606994206, 7.672408480064937, -4.542812212593098, 7.672408480064937, 53.37222192795845, 19.171501510749824, -4.542812212593098, 19.171501510749824, 196.32688900917185, 6.802130486492474, 4.515767221826525, 12.0, 0.0
31, 0 ,1.0,1.0,1.0,54.42568322665854,151.01782992989942,18.925619729757187,12.204509600349741,13.571508943679277,12.427139760857663,58.0,69.0,49.0,-0.512644344086938,0.8584987863343236,-0.013251805090891532,14.288693279889863,0.4016681466176283,0.22615403645118742,-0.8874215750079526,12.799121353981395,-0.7588533958996515,-0.4602544792387458,-0.4607682040595232,10.935513209199321,72.81342426875887,64.16583638361794,55.02148447753672,21.071601086247938,6.599798473533812,78744.0,257067.76311254036, 0.0, 0.0,0.0,NaN, 75.62795158947658,75.62795158947658,0.0, 148.950054585029, -33.2066272890668, -15.19187205808003, -33.2066272890668, 184.18585500836662, -9.83936007950539, -15.19187205808003, -9.83936007950539, 154.43380263588946, 7.46851458269007, 4.555554825533264, 12.0, 0.0
32, 0 ,1.0,1.0,1.0,90.64246318382888,74.74533848479759,100.53653620023518,11.723059984339626,12.789631933749192,10.608839617485852,56.0,56.0,53.0,0.13857248311609727,0.9837969307226316,0.11375968540642624,12.82714179386392,-0.9495800900990394,0.16460808747912511,-0.2668367104128765,11.801792846100138,-0.28123890095529025,-0.07104770676942931,0.9570041295377286,10.475419678685364,58.412986549195395,54.8536421775749,50.40954794913161,19.616700345269646,5.360724390473268,71436.0,161520.51236475806, 0.0, 0.0,-1.4210854715202004E-14,83.46790922052391, 153.93473418395817,153.93473418395817,0.0, 137.430135396425, 2.852297024472456, 8.350812910720192, 2.852297024472456, 163.5746850007771, 4.835302460309762, 8.350812910720192, 4.835302460309762, 112.54747802953736, 6.806092536607464, 4.448107526123966, 7.0, 0.0
33, 0 ,1.0,1.0,1.0,12.947579298831386,103.46966611018364,108.2049081803005,8.689691664188828,14.626122880182779,12.132072972399326,35.0,71.0,60.0,-0.061674905312772255,0.9482769521714292,0.31139529224945783,14.914244549935484,-0.03957285963068151,-0.31406716198418816,0.9485756725448145,11.804166834543514,-0.9973114833567849,-0.04618051259635793,-0.056896093196516354,8.651494736719417,67.39967789147104,55.15404217128396,38.108674087471,19.844804669540352,6.542563256115105,59900.0,141663.83893081517, 0.0, 0.0,0.0,NaN, 133.83603420890063,133.83603420890063,0.0, 75.51074121867282, -7.830054230618125, -5.255251891717146, -7.830054230618125, 213.92347050620617, 24.367985278190456, -5.255251891717146, 24.367985278190456, 147.18719460762225, 7.217865210144667, 4.538763064874214, 17.0, 0.0
34, 0 ,1.0,1.0,1.0,31.802607744904453,39.950211328513845,104.03502015372314,10.15290526849916,11.745541799442789,11.654124333939627,45.0,57.0,54.0,-0.22831348540702706,-0.8063445045916391,0.5456019540802237,12.015651777731762,-0.12628733771837247,-0.5311409804784466,-0.83781905396595,11.498206111994737,-0.9653623468487369,0.26018800658611735,-0.01943554772682181,10.013651686916118,59.74851654483327,57.99342148275022,48.187848497278466,18.714083630339136,5.161484807802616,61279.0,166971.90231143066, 3.552713678800501E-15, 0.0,0.0,76.80220010528649, 108.7046576806417,108.7046576806417,1.9073486328125E-6, 103.08148539111798, 10.26139062696363, -2.1148255719017475, 10.26139062696363, 137.95775216245775, -5.1913568026729, -2.1148255719017475, -5.1913568026729, 135.81861399092378, 6.9258787306569864, 4.478674006804084, 10.0, 0.0
35, 0 ,1.0,1.0,1.0,22.195784144041745,177.2613081553047,100.81042856035752,12.970856298624623,12.91332459277215,11.235251360631766,52.0,59.0,58.0,0.6908789875661109,0.7035395296492701,0.1664883021731851,14.226414299747459,-0.6840894372993032,0.5616521466057486,0.4653692168468791,11.793329361393013,0.23389712763338633,-0.4354067023301763,0.869317627366898,10.94323795958439,77.06397667744179,61.33968207167315,64.54506525426847,20.575054861433834,6.155896014672833,77422.0,305109.67599738785, 0.0, 0.0,0.0,NaN, 104.15503839448597,104.15503839448597,0.0, 168.24311311957007, 32.74003630727567, 3.351909326575199, 32.74003630727567, 166.75395203829405, 14.7312032729124, 3.351909326575199, 14.7312032729124, 126.23087313657794, 7.181183139610418, 4.6105223986478014, 10.0, 0.0
36, 0 ,1.0,1.0,1.0,132.6470429235593,42.179911341766676,32.31534490215159,11.753050924576167,11.055539653283265,15.630868476240561,63.0,51.0,65.0,0.47137174161686896,0.05954983084832469,0.8799218708788957,16.988315752982203,0.3132323764614403,-0.9439743392972317,-0.10391306503358301,11.192785347183143,0.8244356612504089,0.3246017011574204,-0.46361576339066657,9.529002908562331,77.9435769249467,50.726395453068136,51.092989434900275,21.271490303468337,7.225435118522748,73992.0,202011.29333360842, 0.0, 0.0,0.0,NaN, 85.78955218373142,85.78955218373142,0.0, 138.13420603568068, -4.641845542740031, 80.9197960247674, -4.641845542740031, 122.22495702531867, 13.746460815528273, 80.9197960247674, 13.746460815528273, 244.32404932153094, 6.515649011394265, 4.251065264373537, 12.0, 0.0
37, 0 ,1.0,1.0,1.0,18.79528900280648,131.65055237415442,16.62490469315251,10.939784685092043,14.157382427354351,9.77658466676682,51.0,66.0,42.0,0.10201968382932317,-0.9925819482619948,-0.06612911685322335,14.19864976408323,0.9201443749362175,0.1194199161714927,-0.37292521085980657,11.117508388106415,0.3780559659423488,-0.02280262278809207,0.9255018784472461,9.512692889727866,67.67740847848559,58.59070289481839,47.2663066353355,19.42759130606818,6.185520991912443,61643.0,187423.52273924352, 0.0, 0.0,0.0,NaN, 72.81000848450459,72.81000848450459,0.0, 119.6788889561744, -7.613365338976806, -12.110334144624675, -7.613365338976806, 200.4314771943618, 5.8186829322908595, -12.110334144624675, 5.8186829322908595, 95.5816077464601, 6.936562709481198, 4.42922959877004, 8.0, 0.0
38, 0 ,1.0,1.0,1.0,98.28741572631843,134.52867540549724,16.51259858008906,10.474675138848445,12.823152095073572,10.812929884078528,49.0,58.0,44.0,-0.0629595468063091,-0.9364995364657248,0.34497059826226817,13.165225842891726,-0.7151500056881366,-0.19876579023433755,-0.6701138933023081,11.437808895619302,0.6961297040280656,-0.28889579234042606,-0.6572234447566484,9.323350136552094,65.64065712920545,62.29150789944292,47.02080111919905,18.862221137147916,5.94038006941536,55919.0,192261.26183905534, 0.0, 0.0,0.0,NaN, 119.24586511147481,119.24586511147481,1.3486991523486091E-6, 109.7188192644097, 11.334253632626666, 19.161117252111154, 11.334253632626666, 164.43322965338973, -22.065146941525768, 19.161117252111154, -22.065146941525768, 116.9194526779985, 7.11600876857354, 4.528793139141527, 7.0, 0.0
39, 0 ,1.0,1.0,1.0,145.82312238242645,103.46191792613683,82.95047095631446,9.501561866690333,12.871360216539822,11.117851040029056,45.0,62.0,49.0,-0.11865664105387418,0.957850251693134,0.26161708060677497,13.049861181948977,0.04253394925579121,-0.2583333727504736,0.9651190246203163,10.9626377453984,-0.9920239234486828,-0.12564538930961483,0.010088183717472983,9.438214888090357,64.77772433189958,49.47394501181672,46.17908577805855,18.755285326086685,5.272331155741872,60409.0,147995.17610866012, 0.0, 0.0,0.0,NaN, 138.33118227920937,138.33118227920937,0.0, 90.27967790654387, -9.572686304345822, -1.2446029206207012, -9.572686304345822, 165.67191382392403, 12.598852131883897, -1.2446029206207012, 12.598852131883897, 123.60661174827516, 7.534409744378919, 4.497971621063717, 12.0, 0.0
40, 0 ,1.0,1.0,1.0,29.666541122117184,146.42096342887274,126.98513552534116,15.536473035568198,11.330926134964983,10.825222717415645,67.0,65.0,56.0,-0.972106672029551,-0.23332157202159703,0.023867597805434553,15.759154920254984,0.2326565601785955,-0.9464297924160424,0.22392314090596085,11.033594730003104,-0.029657093611725464,0.22323013250163637,0.9743145101771845,10.810464924140541,71.80735662941723,62.95754296447754,56.80422304136755,21.10821489582127,6.434329200034089,79653.0,256801.3688288698, 0.0, 0.0,1.4210854715202004E-14,88.63235750862447, 95.29946094440021,95.29946094440021,0.0, 241.38199438493768, 28.74929016652588, -2.796766164631753, 28.74929016652588, 128.3898870760325, -1.7651636385346359, -2.796766164631753, -1.7651636385346359, 117.18544688165177, 7.234107930080716, 4.482451458239588, 12.0, 0.0
41, 0 ,1.0,1.0,1.0,124.57087598391946,73.85762305327523,166.21326982196547,10.257530745828785,9.881382321098839,13.551948314490227,48.0,45.0,64.0,-0.08970013693520379,0.009506707556864561,0.9959234448215551,13.576604151464352,0.8011557275454247,0.5947518997968846,0.06648065815827034,10.626774831080239,-0.5916953486845796,0.803853096155899,-0.060965680063534526,9.447826898283147,64.66462196060216,51.58561181604891,47.17662676277253,18.86224463294051,5.543436127807915,59202.0,157370.09728649035, 0.0, 0.0,0.0,NaN, 110.84243036417173,110.84243036417173,0.0, 105.21693700162282, 11.19595475944154, -7.231848251291984, 11.19595475944154, 97.64171657572466, 1.8358273593687329, -7.231848251291984, 1.8358273593687329, 183.65530311861448, 7.26818725357742, 4.560301892911254, 14.0, 0.0
42, 0 ,1.0,1.0,1.0,179.35298211888704,83.16603417132062,20.581890194388745,11.487639149112034,10.880779130382175,11.208696273028032,50.0,53.0,45.0,0.8772584294681458,0.4762073597156221,-0.06036719705070187,11.732116458587157,-0.06834245547168527,-5.712821263459955E-4,-0.9976617575194673,11.207328216540228,-0.47512835813828536,0.8793328290183466,0.03204401821571222,10.618159797924207,64.52093953233117,47.558992287519054,55.76922590220773,18.658432263938217,5.2777822328520365,60343.0,171130.7064161519, 0.0, 0.0,0.0,NaN, 88.1277640198714,88.1277640198714,0.0, 131.96585322021147, 10.401495983807088, -0.44174570605507035, 10.401495983807088, 118.39135448416029, -0.708399613170929, -0.44174570605507035, -0.708399613170929, 125.6348721409925, 6.960724610603498, 4.407343630646895, 8.0, 0.0
43, 0 ,1.0,1.0,1.0,150.02568598644615,112.93207272957048,130.29737927112458,12.20757874541232,11.32603919761655,10.549820823897852,60.0,56.0,52.0,0.9001528574497144,-0.4224170612314845,0.10624810400976703,12.447553236777066,0.43527881472245505,0.8633897617254468,-0.2551283457428654,11.12543172717885,0.01603704084077817,0.2759020582167383,0.9610519588413724,10.482654694743161,63.781605277596626,61.444283147314266,49.396479964387936,18.983366009392856,5.313631253790532,63303.0,193585.5466323695, 0.0, 0.0,0.0,NaN, 122.21583922212187,122.21583922212187,0.0, 149.02497882544262, -11.91214555800366, 2.7666692148105425, -11.91214555800366, 128.27916390594655, -5.081580164197699, 2.7666692148105425, -5.081580164197699, 111.29871941634875, 6.408756473159126, 4.323888886844035, 16.0, 0.0
44, 0 ,1.0,1.0,1.0,10.147897100857493,167.51578195181708,161.71359738668843,6.720161326973295,15.895585443689061,11.55613206590595,27.0,69.0,66.0,0.04505712943055815,0.9819068753241182,0.18392591790910034,16.04466283193291,0.001338588153125552,-0.18417207767161026,0.982893104049407,11.367259477468483,-0.9989835150137533,0.04404014075079132,0.009612634051925934,6.687944360139397,74.23403865361323,65.41542957135695,28.252175441618878,19.545483255719056,7.024847150166102,48980.0,137194.01970403083, 0.0, 0.0,0.0,NaN, 51.22550988365148,51.22550988365148,0.0, 45.16056826054748, 9.389540129461741, 1.8738607703313068, 9.389540129461741, 252.6696365976196, 23.119914030626507, 1.8738607703313068, 23.119914030626507, 133.54418832465976, 7.7070307811032315, 4.774562858599664, 6.0, 0.0
45, 0 ,1.0,1.0,1.0,118.04716882652072,178.36528624901203,31.49046333716092,10.436399743738251,10.885216252013628,14.061844865737225,57.0,46.0,61.0,0.12590225968751187,0.12993636451994187,0.9834963966283349,14.163185687069085,-0.07248786036170361,-0.9875301398925734,0.13974882076045034,10.823878696953104,-0.9893907878617831,0.08888624178743934,0.1149134670747707,10.362898949594552,64.64275058321932,50.234653501386504,56.614297276345766,19.72819648466295,5.995007669292767,67057.0,183843.95724772164, 0.0, 2.8421709430404007E-14,0.0,82.53408491771134, 90.42110736783233,90.42110736783233,0.0, 108.91843961109983, 2.223922925188649, 11.442260531556094, 2.223922925188649, 118.48793285310161, 10.563134356685305, 11.442260531556094, 10.563134356685305, 197.73548102806035, 6.258798600243582, 4.180060619626939, 9.0, 0.0
46, 0 ,1.0,1.0,1.0,16.037309137691707,150.0006601889156,60.83388631208315,10.27886369913522,10.266182579762537,13.508481626128928,40.0,49.0,66.0,-0.10557814775532746,0.06201177867926878,0.9924755886275429,13.548450711369053,0.6933299785419684,-0.7108649644869058,0.11817166800897916,10.604272258325873,-0.7128441593865715,-0.7005894243921073,-0.032057181073637406,9.87509558145065,65.62899364678208,52.47683460907303,53.26163718387703,18.97086475144175,5.79956120171622,59074.0,183433.17673762614, 0.0, 0.0,0.0,NaN, 80.36100416093392,80.36100416093392,0.0, 105.65503894539977, -7.923307293502572, -7.792410966445979, -7.923307293502572, 105.39450476101979, 4.041092162945184, -7.792410966445979, 4.041092162945184, 182.47907584346282, 6.959041621610807, 4.399070700517293, 10.0, 0.0
47, 0 ,1.0,1.0,1.0,120.69971796805824,152.84158659364445,110.45262847210836,12.290400552629864,12.370571240994861,9.291597046826555,66.0,59.0,45.0,-0.6067301461203279,-0.7947917695935037,0.01358575633641625,12.494021003058084,0.7920524970614843,-0.6030150955984549,0.09500334930439668,12.188695821298145,-0.06731546395496985,0.06840202823610451,0.9953842428156646,9.260339497244258,58.17031175576744,60.141040994631055,44.93996062598846,18.97440400485999,5.512780325168179,60986.0,157218.99654564343, 0.0, 0.0,0.0,NaN, 128.573645950111,128.573645950111,0.0, 151.05394574408447, 3.923375451569389, 4.146475997929369, 3.923375451569389, 153.03103282852913, -4.357904376922046, 4.146475997929369, -4.357904376922046, 86.33377568059593, 6.625079680355752, 4.417628365075847, 14.0, 0.0
48, 0 ,1.0,1.0,1.0,112.6033090204805,30.06572711913298,65.03723163143363,9.420180525917488,13.020508950317653,9.668575260051274,44.0,57.0,52.0,-0.26117622121759815,0.9652725655741218,0.005987956283192102,13.263668662288783,0.14965678278728928,0.034363195384322885,0.9881406874371363,9.68262854188249,-0.953619331198909,-0.2589749890490048,0.15343443619609512,9.059613687260287,58.706943116187276,54.479540988629836,42.75243073685145,17.959691688454797,5.404098119122123,48534.0,136736.26695767668, 0.0, 0.0,0.0,NaN, 113.01314542854092,113.01314542854092,1.9073486328125E-6, 88.73980114087509, -23.59969414792392, 1.5800020727736719, -23.59969414792392, 169.53365332530214, 0.9389341718326633, 1.5800020727736719, 0.9389341718326633, 93.48134755927556, 6.534332807866276, 4.197557509751785, 8.0, 0.0
49, 0 ,1.0,1.0,1.0,142.12744306762252,37.31269683014449,127.58671604234914,12.655060000755824,9.740053331379665,11.960430316621714,59.0,45.0,63.0,-0.9880452413984988,0.14210677059713114,-0.05976844234407175,12.71836828403088,0.03328098932145054,-0.1819346741338254,-0.9827472462935746,12.025453858610678,-0.15052898956535835,-0.9729878930892576,0.17503023510856378,9.576149725531488,57.64391852950807,62.558723506861014,44.63862663532233,19.194240247522913,5.445384945067102,63189.0,160972.68893375635, 0.0, 0.0,0.0,NaN, 99.92574184943999,99.92574184943999,0.0, 160.15054362273, -10.156532744198412, 2.4064975820312022, -10.156532744198412, 94.86863889812011, 8.864882775787535, 2.4064975820312022, 8.864882775787535, 143.0518933587638, 6.838872095207073, 4.551969465028089, 11.0, 0.0
