// Sample: .//bubblelabels.tif, Map: .//bubblelabels.tif, Thickness:(8.191250068658265):/gpfs/home/mader/Foam/NewValid/InSilicoTest/LatticeDataPhi_16.0/out_Step_02000.vtk/distmap.tif, Neighbors:(1.0):
//LACUNA_NUMBER, TRIANGLES, SCALE_X, SCALE_Y, SCALE_Z, POS_X, POS_Y, POS_Z , STD_X, STD_Y, STD_Z,PROJ_X, PROJ_Y, PROJ_Z, PCA1_X, PCA1_Y, PCA1_Z, PCA1_S, PCA2_X, PCA2_Y, PCA2_Z, PCA2_S, PCA3_X, PCA3_Y, PCA3_Z, PCA3_S,PROJ_PCA1, PROJ_PCA2, PROJ_PCA3,OBJ_RADIUS, OBJ_RADIUS_STD, VOLUME, VOLUME_BOX, Mask_Grad_X,Mask_Grad_Y,Mask_Grad_Z,Mask_Angle, Mask_Distance_Mean,Mask_Distance_COV, Mask_Distance_STD, SHAPET_XX, SHAPET_XY, SHAPET_XZ, SHAPET_YX, SHAPET_YY, SHAPET_YZ, SHAPET_ZX, SHAPET_ZY, SHAPET_ZZ, Thickness, Thickness_STD, Neighbors, Neighbors_STD
1, 0 ,1.0,1.0,1.0,169.389970607642,64.62654909723472,165.36745246235978,12.527469961416912,13.01778605778078,13.394802058807773,59.0,61.0,64.0,-0.15514403794202047,-0.6564231497254088,0.7382675504149012,14.759824931897375,0.9876553504825287,-0.08671195554663705,0.1304528475293311,12.467803126009764,-0.021615646052750504,0.7493928777816423,0.6617726789282484,11.511838813404113,77.39165158909124,60.22768856299041,63.315063971534954,21.460756243789625,6.727326446635522,83355.0,295119.1292949884, 0.0, 0.0,-2.8421709430404007E-14,42.415954186977636, 79.45425159527474,79.45425159527474,0.0, 156.93750363420304, 6.726799772602507, -6.819967725289127, 6.726799772602507, 169.46275384615168, -41.61158385578906, -6.819967725289127, -41.61158385578906, 179.42072219464094, 5.980932561898659, 4.091010044949437, 36.0, 0.0
2, 0 ,1.0,1.0,1.0,41.763139714088325,8.936945315406282,26.20547908805867,14.042032790765232,5.901706268285187,12.062511038849841,73.0,23.0,54.0,0.8686244402074936,-0.023540479950986216,0.4949115352039153,14.91562255661016,-0.4903358856006232,0.10259648603502401,0.8654736739760017,11.010534451203107,0.07114985008045938,0.9944444714799024,-0.07757507316519809,5.814235047194829,78.7518417264684,54.06992582233799,25.279175937953756,18.236215489107806,6.704732580144147,37634.0,107641.41681667087, 0.0, 0.0,0.0,NaN, 50.107444203268884,50.107444203268884,0.0, 197.178684896926, -8.256046911262914, 44.00652709228214, -8.256046911262914, 34.830136877116665, 5.564904125948932, 44.00652709228214, 5.564904125948932, 145.50417256237426, 6.250582585117101, 4.245427863843967, 17.0, 0.0
3, 0 ,1.0,1.0,1.0,169.9185412136786,40.11518086578375,12.005673057916585,14.735011486840857,11.192083654566945,8.222142340387723,65.0,60.0,31.0,0.9401099856989966,0.3325937936986754,0.07466313134442998,15.198817499845706,0.33729468107946076,-0.9393031320460445,-0.06278474531282438,10.605539900185853,0.04924949649019095,0.08420804309336787,-0.995230371609432,8.155083981523614,73.5013437580352,63.71835420884431,34.77957396736365,19.116811644333495,6.673412715308196,50590.0,162886.12307489774, 0.0, 0.0,0.0,NaN, 51.55829791780641,51.55829791780641,NaN, 217.12056351733202, 36.86961178786025, 10.57286773417035, 36.86961178786025, 125.26273653082457, 6.79606529139217, 10.57286773417035, 6.79606529139217, 67.6036246655965, 6.163281165276929, 4.075946993336571, 15.0, 0.0
4, 0 ,1.0,1.0,1.0,9.492935694315005,30.07731593662628,135.03396085740914,6.212067477227442,10.49034108928404,10.555208007977932,24.0,50.0,56.0,0.044787318627709564,-0.6952617706642498,0.7173598583298009,11.558793867250694,-0.012125309292659488,-0.7184058525651971,-0.6955185172765922,9.383615958789289,-0.9989229564709671,-0.022452199288351692,0.04060573583151495,6.196086706558594,63.095465840613365,45.22814563283552,25.91939073296629,15.28004530389461,5.154577588293676,26825.0,73965.92992985687, 0.0, 0.0,0.0,NaN, 72.21735943611259,72.21735943611259,9.5367431640625E-7, 38.58978234162691, -2.532277674930452, 3.477909993755092, -2.532277674930452, 110.04725616952108, -22.674648082694137, 3.477909993755092, -22.674648082694137, 111.41241609168146, 6.188673590486114, 4.117918888149611, 12.0, 0.0
5, 0 ,1.0,1.0,1.0,59.11365665679778,74.17714648244748,142.43025988063349,9.842950286875295,9.912035563040165,10.60554218584971,50.0,56.0,56.0,-0.5991795521883099,0.3616881300309309,0.7142587492177779,11.520998465433081,0.19771551952383032,-0.7976583489232455,0.5697804241393903,9.977439816662882,-0.7758172707402424,-0.4826208190575395,-0.4064292157724288,8.679109025301392,55.1331715423686,53.869387719603154,48.4167229902185,16.83309369726893,4.925099084045886,42558.0,143797.19250788243, 0.0, 0.0,0.0,NaN, 110.95471346917915,110.95471346917915,NaN, 96.88367034989845, -16.261005158503664, -21.839446568039538, -16.261005158503664, 98.24844900297298, 3.821497033692956, -21.839446568039538, 3.821497033692956, 112.47752505583787, 5.951700611051813, 3.8626041896221377, 21.0, 0.0
6, 0 ,1.0,1.0,1.0,28.784218527781864,106.98414333120822,174.13460186683668,12.437514648313568,12.164191087616047,10.108467765367717,59.0,58.0,51.0,-0.799950337235451,0.6000649730895437,0.001219027454012456,12.780966373103443,0.5989944450531853,0.7986412770571215,-0.05811854588680545,11.8081564387868,-0.03584846931620952,-0.045761759708463245,-0.9983089444636214,10.102216395092087,66.80502251582033,57.3507484762999,51.879360933295715,19.254122051996177,5.841165980636812,61173.0,198766.3316164489, 0.0, -1.4210854715202004E-14,0.0,53.125448857653055, 100.74472516549623,100.74472516549623,NaN, 154.6917706270146, -11.543708957024359, -1.3609967691261657, -11.543708957024359, 147.96754481603767, -1.6900828174058335, -1.3609967691261657, -1.6900828174058335, 102.18112056347822, 5.97731506561367, 3.740653742026226, 23.0, 0.0
7, 0 ,1.0,1.0,1.0,136.62146943800695,16.312427578215527,180.20028244495944,13.895553907942103,10.02059975378341,9.623014757033829,69.0,41.0,39.0,0.981191616022344,0.19246754372573965,0.01480733803358541,14.028959552811921,0.19078141609382554,-0.9551827665830602,-0.22633677053445228,9.846105415094021,-0.029418768170931708,0.22490470656460515,-0.9739365528844235,9.609565696146907,69.22577561790739,49.73266951337492,42.77077262401261,18.719842784177903,5.97233095062582,55232.0,147250.47266011676, 0.0, 0.0,0.0,NaN, 68.37369556307011,68.37369556307011,0.0, 193.08641840852505, 18.889881289429123, 1.3190778004918908, 18.889881289429123, 100.41241942552415, 1.29265509360154, 1.3190778004918908, 1.29265509360154, 92.60241301409086, 6.086827137009462, 3.948603009667517, 13.0, 0.0
8, 0 ,1.0,1.0,1.0,185.1954718151508,155.33196350572484,91.20038251789822,8.346884611239258,10.809439190841024,10.302972145195197,32.0,56.0,52.0,0.1846201783225836,0.8158982844821019,0.5479282609386931,11.428637623614433,-0.21211568787139395,-0.5112936874849331,0.832817927338806,9.7938492248223,-0.9596469792142227,0.2699791742287226,-0.07866969408733168,8.13218622438351,55.380700983578265,47.30527932836178,38.144750917051425,16.399037329992908,4.872090722470769,38691.0,99931.60050266438, 0.0, 0.0,0.0,NaN, 102.62513001424577,102.62513001424577,0.0, 69.67048271334272, 12.943406994034866, 1.2608489575647108, 12.943406994034866, 116.84397562048986, 16.142857174539692, 1.2608489575647108, 16.142857174539692, 106.15123502466811, 6.148652415177165, 4.074318453600004, 18.0, 0.0
9, 0 ,1.0,1.0,1.0,79.33615319750837,146.63387101161493,44.8340995022169,9.626795146856017,8.891907267110659,10.42164053464455,45.0,40.0,48.0,-0.5850205688028829,-0.08653744124686129,0.8063883712827197,11.258065788090272,0.10417978722126553,-0.9940721705722019,-0.03109809686143355,8.872599685927895,0.8042993882952312,0.0658163426233737,0.5905681188750367,8.653595819315568,54.611098428325946,40.6600797074305,42.08137562028428,16.088438351339995,4.638312461973801,36763.0,93441.3417127619, 0.0, 0.0,0.0,NaN, 105.60428687112166,105.60428687112166,0.0, 92.67518479953057, 2.2279362956902973, -24.47726795006928, 2.2279362956902973, 79.06601484689534, -3.5002317737988147, -24.47726795006928, -3.5002317737988147, 108.61059143334636, 5.990029194947085, 3.9425003280757522, 14.0, 0.0
10, 0 ,1.0,1.0,1.0,153.08489610757826,10.67775122524201,87.30365749929118,9.55436225693589,6.80153310333152,9.578462886226365,48.0,26.0,46.0,-0.701716659185815,-0.05355604369040796,0.7104403426082511,9.798881837299538,0.7062046758466611,0.07952186496909351,0.7035277029400825,9.349943713867924,0.0941737013895614,-0.9953934012118368,0.01798028894432363,6.771566232522161,49.40053795568079,50.273234446508184,27.634459442293323,14.426879579942987,4.59986820910361,24689.0,68630.86608989642, 0.0, 0.0,0.0,NaN, 99.68435161658235,99.68435161658235,0.0, 91.2858381367611, 4.219589024743518, -4.356047880372323, 4.219589024743518, 46.2608525557145, 0.41686172240106667, -4.356047880372323, 0.41686172240106667, 91.7469512628159, 6.343777210487235, 4.053344728319166, 15.0, 0.0
11, 0 ,1.0,1.0,1.0,99.05463182897863,90.87514701473607,12.878444757050943,11.204033795698003,11.402712967334505,8.329808160727726,60.0,55.0,33.0,0.5662622629056319,0.8190736804535484,0.09200736708150728,11.575463780447677,0.8186098983734446,-0.5718974459843498,0.0530202372834807,11.057321872692432,-0.09604625913595956,-0.045294781872263566,0.9943457642294917,8.28747317198126,58.45909918666078,60.123347689294775,36.08062424893666,17.227312399889804,5.306378028531952,43363.0,126814.61747893422, 1.4210854715202004E-14, 0.0,0.0,55.510008914473595, 135.04061156216974,135.04061156216974,0.0, 125.53037329514301, 5.20599997052995, 5.728246762690117, 5.20599997052995, 130.0218630154185, 3.2970251116087677, 5.728246762690117, 3.2970251116087677, 69.38570399452622, 6.137194051162329, 3.8457134473881442, 13.0, 0.0
12, 0 ,1.0,1.0,1.0,154.76777777777778,9.79191570881226,39.89095785440613,10.190619044869967,6.227244842014608,9.736072016795422,46.0,24.0,48.0,-0.955295436006985,0.013573836155184734,0.29534112635435195,10.238184757277455,-0.29530672879584885,0.004517896474195959,-0.9553918172872028,9.686727120538578,-0.014302652625301957,-0.9998976645554688,-3.0748072995302235E-4,6.226177296252079,52.95313604465889,49.720384186502756,24.38648289678398,14.711038507698511,4.582983654924719,26100.0,64205.95803087717, 0.0, 0.0,0.0,NaN, 61.0992967140456,61.0992967140456,9.5367431640625E-7, 103.84871651766647, -0.9300076202639386, -3.100302852277568, -0.9300076202639386, 38.77857832239754, 0.027118471543280804, -3.100302852277568, 0.027118471543280804, 94.79109831622688, 5.861941455824165, 3.8755493139581207, 14.0, 0.0
13, 0 ,1.0,1.0,1.0,188.66648642385385,59.006372870881776,92.9656637441582,6.93261460027976,9.437601544382732,9.715628487711394,28.0,46.0,55.0,-0.14486520349262413,0.4676545086540722,-0.8719594791918714,9.842089688440922,0.07994729537531897,-0.8728418289836436,-0.4814099827991314,9.376030966460405,0.9862162555845508,0.1394503571598383,-0.08905669603562306,6.837120658467059,53.94141791339106,45.604402324241484,29.83700140098503,14.541101878128895,4.480988862699581,25891.0,73398.01270195832, 0.0, 0.0,0.0,NaN, 110.69243517399964,110.69243517399964,1.3486991523486091E-6, 48.0611451960121, -6.267968416049423, 4.74676553361426, -6.267968416049423, 89.06832291053533, -3.141143042670654, 4.74676553361426, -3.141143042670654, 94.39343691122919, 6.16607470785723, 3.9438981152263133, 11.0, 0.0
14, 0 ,1.0,1.0,1.0,73.08428327340422,186.6841353632724,25.586438171014713,9.960363704319121,7.398152306662677,13.470751831969352,49.0,29.0,55.0,-0.21225052508436307,0.06406969925050476,0.975112705403515,13.649903165420403,0.9636349135225929,0.17950022533479537,0.19795813331374637,9.813280514802145,0.1623498322811498,-0.9816693652868603,0.09983881617675051,7.265144644523759,57.96032042546394,49.38444693891438,33.109261458305355,17.383507249512498,5.763361284836578,39213.0,94769.90942857349, 0.0, 0.0,0.0,NaN, 78.57029038313404,78.57029038313404,0.0, 99.20884512231771, 5.711497019467561, -19.336525594961046, 5.711497019467561, 54.732657552578296, 9.889134296947198, -19.336525594961046, 9.889134296947198, 181.46115491850566, 5.343562754103029, 3.651611233659926, 13.0, 0.0
15, 0 ,1.0,1.0,1.0,185.47319981174502,149.11065209433667,34.11632589028918,8.490281055413249,11.643948801830234,9.166847899121423,36.0,59.0,49.0,-0.20170530131897046,0.9793813767211915,-0.011273435657660785,11.76437580841706,-0.004537090008885129,-0.012444183736008751,-0.9999122747048339,9.166509866017824,-0.9794357489054988,-0.20163645806958758,0.006953599289350155,8.322984754263887,61.286730221477086,49.15747584910498,40.731685725634236,16.34861077759423,4.941704376824848,38246.0,122712.38871788769, 0.0, 0.0,0.0,NaN, 62.965683878010424,62.965683878010424,0.0, 72.0848723999091, -13.655247126583273, 0.22412105939305232, -13.655247126583273, 135.58154369964376, -0.5796760750850465, 0.22412105939305232, -0.5796760750850465, 84.03110040562686, 5.944186802781077, 3.9118155143177678, 16.0, 0.0
16, 0 ,1.0,1.0,1.0,152.58885298869143,109.97470453192756,10.134554884788708,10.231024931681615,9.638284092343891,5.775440696289864,52.0,50.0,24.0,0.8849461540296365,0.4631115237081408,0.04896959339100371,10.457845658932811,0.46283981677221964,-0.8862704710435042,0.017434338719421766,9.402308353595572,-0.051474347770648986,-0.007236626634700002,0.9986480975581628,5.758139320269041,47.759827827771744,42.37572019301816,24.50508208899476,14.523218516746411,4.472385330963102,23522.0,49594.78438405866, 0.0, 0.0,0.0,NaN, 102.25008502565879,102.25008502565879,0.0, 104.67387115269078, 8.570715395301052, 3.7484176639228073, 8.570715395301052, 92.89652024472932, 0.8746730786688792, 3.7484176639228073, 0.8746730786688792, 33.35571523636115, 6.070146747025317, 3.9382746577528263, 17.0, 0.0
17, 0 ,1.0,1.0,1.0,11.384898166145526,46.769162511620046,14.40129299416885,7.0358397337550915,9.254662397077176,8.764045771554867,27.0,45.0,38.0,-0.18384025802313037,-0.852704586930335,0.4889761210508696,9.540459814715515,0.051675930820410644,-0.50515091545034,-0.8614825307535416,8.541556325072028,-0.9815968407161023,0.13310687453189304,-0.13693137788147,6.926886544349509,48.261356437036895,40.78528257864629,29.967457589616856,13.947051579161059,4.176130670500564,23666.0,58986.53684434498, 0.0, 0.0,0.0,NaN, 50.24308617308183,50.24308617308183,0.0, 49.503040759086915, 6.0948068402625415, -4.9807900736873005, 6.0948068402625415, 85.64877608387427, -7.075836067474679, -4.9807900736873005, -7.075836067474679, 76.80849828590875, 7.280593107685951, 4.142173016867934, 10.0, 0.0
18, 0 ,1.0,1.0,1.0,62.085102885168645,12.052305668959093,104.80075074663671,10.586287174139061,7.337288245058761,11.978745481068884,50.0,28.0,57.0,0.34677855654505196,0.14500098069074757,0.9266711111927747,12.332095045668291,-0.9292157607946846,0.18760356091349145,0.31837552327924645,10.376690323398838,-0.12768203715200582,-0.9714832059955028,0.19979408864482057,7.045519706986232,60.714277474791416,51.21479746546627,35.23232123349247,16.718483131518813,5.466986373295712,36497.0,109553.82561679654, 0.0, 0.0,0.0,NaN, 114.29223565318858,114.29223565318858,0.0, 112.0694761333412, -4.96606464662269, 15.75000323810031, -4.96606464662269, 53.835798791077465, 17.23126193453341, 15.75000323810031, 17.23126193453341, 143.4903433002282, 5.5969129207420245, 3.6938601594656566, 19.0, 0.0
19, 0 ,1.0,1.0,1.0,191.7321515958893,134.86085585340655,118.63199391006471,4.835281331859336,9.80798448904315,9.750549019209119,19.0,47.0,46.0,0.03407721554324242,0.7148122713195098,0.6984856191446335,10.894929971373035,0.018641597410365446,-0.6992245609585881,0.7146590125355301,8.526329164768045,-0.9992453323517748,0.011332701501069955,0.03715286866284209,4.822024819973632,49.17444322242579,45.91323128720667,20.184599458258305,13.912699858293232,4.592003280117686,18391.0,45571.93252890331, 0.0, 0.0,0.0,NaN, 104.55724667585592,104.55724667585592,0.0, 23.37994555822739, 1.6804728363808845, 2.930629220867753, 1.6804728363808845, 96.19655973731102, 22.946945376317327, 2.930629220867753, 22.946945376317327, 95.07320617599993, 6.137484028189199, 3.843666005759082, 7.0, 0.0
20, 0 ,1.0,1.0,1.0,11.53984370846845,153.4583488384456,188.0558715645101,7.29332166535834,10.17298187198414,6.098400486194045,29.0,56.0,23.0,0.07356461139618475,0.9969062065237728,0.02768146210929512,10.188851563285073,0.9958697153735808,-0.0749125718367744,0.05129928442525583,7.277518527701245,-0.05321426455257537,-0.023793317868261832,0.998299614380847,6.090781351552807,56.59007514140245,30.891466026821888,24.755858844307,13.224200558055111,4.358108439730903,18811.0,43276.96413715005, 0.0, 0.0,0.0,NaN, 49.41614604300071,49.41614604300071,0.0, 53.19254091438535, 3.709131228833388, 0.9463411972994382, 3.709131228833388, 103.48956016771793, 1.7800901265639366, 0.9463411972994382, 1.7800901265639366, 37.19048849001176, 6.142708786748051, 4.071371676717661, 8.0, 0.0
21, 0 ,1.0,1.0,1.0,8.464851080209787,19.19554443535582,55.162440456142036,5.3352689911849565,10.369155297410114,9.622218833051901,21.0,42.0,45.0,0.008236312544432252,0.9444566431407959,0.32853281781717025,10.466959997507495,-0.05703221180964119,0.3284528416745405,-0.9427969333912892,9.526701331022748,-0.9983383644695673,-0.010971783042824344,0.056569691576767,5.315663855184417,45.38457982777334,44.33565573006442,21.815045098064296,14.365007746107125,4.713610560443881,20783.0,43895.254396912555, 0.0, 0.0,-7.105427357601002E-15,70.82025231906292, 59.01709470193585,59.01709470193585,NaN, 28.465095208299743, -0.5383801563764817, 3.5806987804076384, -0.5383801563764817, 107.51938158180822, 5.871906942512595, 3.5806987804076384, 5.871906942512595, 92.58709527113871, 5.512358373312348, 3.7780881241119, 11.0, 0.0
22, 0 ,1.0,1.0,1.0,123.03346913742497,10.577167389494896,146.00814824549875,8.947588196911077,6.496433977858577,9.53323515844743,42.0,26.0,48.0,-0.6047239864124911,-0.08177351697395283,0.7922259729263459,10.276304200724613,-0.784358268447433,-0.11142078158529177,-0.610219236134905,8.128578296231176,-0.13817021015953238,0.990403201404677,-0.003239085030906718,6.439669899353938,49.89316065957688,43.627417991453484,27.533739628471896,13.95832130503767,4.279115317652313,22827.0,59932.96019187783, 0.0, 0.0,0.0,NaN, 94.6088970387307,94.6088970387307,0.0, 80.05933454150242, 5.321682398669383, -18.94831669775077, 5.321682398669383, 42.203654428675414, -2.4818571487468986, -18.94831669775077, -2.4818571487468986, 90.88257258625819, 5.811837209579473, 3.7898233004215762, 9.0, 0.0
23, 0 ,1.0,1.0,1.0,57.08153399186519,151.76618245206276,19.48137129575828,8.575150210533854,11.320822315867751,11.711066712089401,40.0,51.0,46.0,0.18787647161038473,0.5511855748512997,-0.8129556528440375,12.374195043695014,0.23179928870885486,-0.8291966813601537,-0.5086275192863401,10.857688798081256,0.9544482810342849,0.09288339839363026,0.2835509709620987,8.236090915008836,60.32131561652714,56.71312912591506,42.939947541366024,17.554189002565128,5.540194133591608,43025.0,146898.01405378556, 0.0, 0.0,0.0,NaN, 77.22905221272208,77.22905221272208,0.0, 73.53320113321881, -0.7892334234011761, -18.92801047078513, -0.7892334234011761, 128.1610179074493, -17.105111092729373, -18.92801047078513, -17.105111092729373, 137.14908353500846, 5.397085693688118, 3.6073756722085006, 12.0, 0.0
24, 0 ,1.0,1.0,1.0,139.70896135927651,36.377829542340365,35.601288024116194,8.77581876847701,8.984627814871716,10.931190824589887,40.0,44.0,55.0,0.2386056731834325,0.4210987916661375,0.8750675061856662,11.553464571116729,-0.8199595227324795,-0.395442702186944,0.41387371306645365,8.714476435341068,-0.5203207797167108,0.8162725506498474,-0.2509290920769983,8.23436832637172,56.662373669396615,42.08280586771576,41.56492603772912,15.964956984520281,4.727537768747539,36490.0,99112.05124675279, 0.0, 0.0,0.0,NaN, 78.90378654769911,78.90378654769911,0.0, 77.01499505715334, 9.237559598236663, 10.951786210362021, 9.237559598236663, 80.7235369717665, 22.869801096506237, 10.951786210362021, 22.869801096506237, 119.49093284359813, 5.485697721954763, 3.5316265872045784, 16.0, 0.0
25, 0 ,1.0,1.0,1.0,71.02098294766084,63.81390194166149,46.741614209297516,9.063796673906676,9.225440956372484,9.493752342522882,42.0,39.0,49.0,0.4897225804279332,0.5964811318362278,0.6359104131734117,9.925199876127001,-0.4414224807162511,-0.4593460774357756,0.7708095579730944,9.190642764823291,-0.7518763114617439,0.6581879978454018,-0.03834803456428751,8.62641278370825,53.71714232714184,47.98955125037272,44.521203922093065,15.429817597457781,4.39468240442433,33837.0,114769.49996114454, 0.0, 0.0,0.0,NaN, 106.3060327486767,106.3060327486767,0.0, 82.15241014592173, 9.076665473340439, 4.082999494972926, 9.076665473340439, 85.10876083951486, 5.579866556608049, 4.082999494972926, 5.579866556608049, 90.1313335411587, 5.669131380270449, 3.6110115946559636, 23.0, 0.0
26, 0 ,1.0,1.0,1.0,92.11710846266999,126.7262465852121,77.13746209960674,8.993792301225591,8.150421274644463,10.260495257662825,44.0,39.0,46.0,-0.08609482705905326,-0.10464552232898794,0.9907759562131916,10.289179271419902,0.9881241846977001,0.11807122058301317,0.09833505217135376,8.997184887156989,-0.12727244937211338,0.98747582326178,0.09323745011685032,8.11041823034916,45.735991593945606,44.835456058346935,39.520869154537394,15.315515845489342,4.246222348260599,33311.0,81041.25879905662, 0.0, 1.4210854715202004E-14,0.0,83.99325602412362, 140.7295017762186,140.7295017762186,0.0, 80.8882999575847, 2.1310951959138587, -1.945490668264483, 2.1310951959138587, 66.42936695417708, -3.9802312483472155, -1.945490668264483, -3.9802312483472155, 105.27776293252133, 5.775673712218006, 3.6258410017598255, 19.0, 0.0
27, 0 ,1.0,1.0,1.0,67.60068201911338,190.48722266661053,72.6002189197154,10.278252035616058,5.513234545170155,10.113446668357904,52.0,22.0,46.0,-0.7556044327399987,0.04300687445840815,0.6536148330423529,10.737431181643224,0.6548573566329021,0.02680890124220121,0.7552768533974499,9.635053694049288,-0.014959401305935703,-0.9987150201952026,0.04842029274037235,5.494846267520653,46.25631793788561,48.56071233802777,22.76141452944637,14.694468172422695,4.7320850268236,23753.0,51127.59406401572, 0.0, 0.0,0.0,NaN, 99.65508983104942,99.65508983104942,0.0, 105.64246490764563, -1.665671410230236, -11.046138321327854, -1.665671410230236, 30.395755150057564, 3.6604919985742193, -11.046138321327854, 3.6604919985742193, 102.2818035137196, 5.407650229779363, 3.6684005789416174, 15.0, 0.0
28, 0 ,1.0,1.0,1.0,100.84822296087957,19.453515724878546,102.28033750958834,9.971061492362717,9.68488291539148,10.485921427597784,45.0,41.0,52.0,-0.5824513267920663,0.3311110468763996,0.7423718250005021,12.066523477305115,-0.4997666800336136,-0.8661406927211112,-0.005793612066169309,9.559535474108852,0.6410801178061456,-0.3743871993658543,0.6699630642838834,8.135592495078246,60.42601955073244,48.07545874719993,43.45217315000866,16.62185730276802,5.1853092831073795,39110.0,126228.93713131784, 0.0, 0.0,0.0,NaN, 140.565453086146,140.565453086146,0.0, 99.42206728447859, -4.408384828870348, -34.26491732403693, -4.408384828870348, 93.79695708484178, 19.646782244756864, -34.26491732403693, 19.646782244756864, 109.95454818575436, 5.394569021913743, 3.4135171230379067, 19.0, 0.0
29, 0 ,1.0,1.0,1.0,126.00848006595606,74.85357163889053,165.5621871503445,9.003025026274596,9.05268721121394,9.35970102725117,42.0,43.0,44.0,-0.491844779020536,-0.3788118292412184,0.7839581056262904,9.783979487768727,0.4925615833669933,-0.8635214051993526,-0.10823063038500755,8.967273008572644,0.7179636480639117,0.332914975315707,0.61130664912898,8.629679534025298,49.24625105464071,43.104122123683744,42.79393243510387,15.279107582892008,4.142279584692246,33962.0,90839.38303894084, 0.0, 0.0,0.0,NaN, 110.74188531498113,110.74188531498113,0.0, 81.0544596237267, 1.4333717498380445, -8.51227577584654, 1.4333717498380445, 81.9511457440764, -5.756911939854528, -8.51227577584654, -5.756911939854528, 87.6040033195266, 5.612286817534506, 3.637202649198376, 17.0, 0.0
30, 0 ,1.0,1.0,1.0,44.49171670002224,56.48323882588392,171.54486324216145,9.038381350408606,11.377373456966646,8.017332358990972,43.0,54.0,40.0,0.24486128937743634,-0.9662577987534182,0.07993006513583134,11.533197539167919,0.9420521373476395,0.25660217901165705,0.21608584462017238,8.906640193649134,-0.22930486144685894,0.022387230169638173,0.9730971649543371,7.941769157601594,50.996221932882825,45.197929717791325,37.648832894700604,15.923601040978854,4.674774032718201,35976.0,86777.68551443183, 0.0, 0.0,0.0,NaN, 77.32764014945867,77.32764014945867,0.0, 81.69233743541412, -12.618703992380704, 4.678156805818846, -12.618703992380704, 129.4446267792892, -4.500512771430202, 4.678156805818846, -4.500512771430202, 64.27761815452375, 5.494369413539658, 3.531821451756795, 20.0, 0.0
31, 0 ,1.0,1.0,1.0,188.7416057591911,180.03797329230093,188.16024619442766,6.501191043603098,11.317182784252086,7.056577120389076,26.0,49.0,28.0,-0.047489285364208,-0.9693536954076463,0.24103564254096693,11.546345995393091,0.6070082356143218,-0.21964594968779186,-0.7637386062535629,6.969829136453015,-0.7932753429118946,-0.11004121948291891,-0.5988365055194343,6.184073720203873,53.67027921031138,39.73878938798501,32.94744988286192,13.86003205782003,5.295177350172993,18197.0,70270.05495845743, 0.0, 0.0,0.0,NaN, 25.795614381846672,25.795614381846672,0.0, 42.26548498542514, 2.998656395032075, -5.87989901598083, 2.998656395032075, 128.0786261721718, -20.480394027606174, -5.87989901598083, -20.480394027606174, 49.79528065599859, 6.105241763655312, 3.8889997314790206, 8.0, 0.0
32, 0 ,1.0,1.0,1.0,87.74283519470544,75.8491697689535,97.3650357501625,10.472388004758283,8.56304504611601,9.32491904561666,48.0,42.0,46.0,0.8648976951862005,0.22585872053954903,0.4482631093652883,10.967266802132709,-0.47762403063796577,0.0956811556886192,0.8733386524156787,8.885239196416068,-0.15436081827569406,0.969449820672699,-0.1906299634866721,8.40965810866475,50.00981819446005,47.80263317800062,42.78575900337652,15.76909698620339,4.613712868292512,33846.0,102283.67802169615, 0.0, 0.0,0.0,NaN, 151.43266447261368,151.43266447261368,0.0, 109.67091052220519, 9.30512242713967, 15.783025207392694, 9.30512242713967, 73.32574046181192, 5.704825016385359, 15.783025207392694, 5.704825016385359, 86.95411520730431, 5.88641545340108, 3.5905678729923, 21.0, 0.0
33, 0 ,1.0,1.0,1.0,143.32829718593285,71.27479477433162,115.96176573929154,9.21678756818456,9.579004996117012,8.30120446940321,43.0,42.0,40.0,-0.49313786166727297,-0.8486676816714084,0.1912543214589083,9.962134687326946,0.8041171028026667,-0.3607731751355656,0.47248111187945757,9.126995946924755,-0.3319800210411399,0.38678919606043816,0.8603391095611334,7.941682623467922,46.10816438289818,45.589786914803994,41.58931867566658,15.076359548801364,4.28017385053114,31307.0,87423.30099329454, 0.0, 0.0,0.0,NaN, 123.91207805386345,123.91207805386345,0.0, 84.94917307704146, 9.269800980912237, 4.274921638341623, 9.269800980912237, 91.75733671563468, -9.32009041604517, 4.274921638341623, -9.32009041604517, 68.90999564283983, 5.613794818091698, 3.575749441914601, 18.0, 0.0
34, 0 ,1.0,1.0,1.0,146.5266502039344,106.98901251352626,84.71143974917454,9.328675416413416,9.681231660695904,9.893760136958297,43.0,50.0,45.0,0.318038942022686,0.684043624519023,0.6564568158774553,10.593772946237195,-0.708717222516815,-0.28838276886217973,0.6438596719250501,9.569085101011165,-0.6297389378664316,0.6700147001210194,-0.39307654694295713,8.651098556466737,53.195365535059295,49.837352940920184,43.30268776660464,15.999727069223148,4.758745092027937,36041.0,114800.45734436027, 0.0, 0.0,0.0,NaN, 136.6984672774329,136.6984672774329,0.0, 87.02418502479603, 11.551997821391344, 0.17325163344303557, 11.551997821391344, 93.72624646806078, 13.682603982705077, 0.17325163344303557, 13.682603982705077, 97.88648964766506, 5.235988694085738, 3.4151340501017735, 23.0, 0.0
35, 0 ,1.0,1.0,1.0,9.05955267068116,98.22773128959099,112.76523031203565,6.037461263086395,10.034993307264273,10.799042465266368,24.0,50.0,59.0,0.0028117497586297247,0.11102098758374226,0.9938140844137926,10.80852645421724,0.07608848892615051,-0.9909607325387777,0.11048696040322219,10.043502445467736,-0.9970971045571388,-0.07530715027232557,0.011233752784863313,6.006260222726242,59.19013591833247,50.22896339239245,26.46164787461724,15.093473477267786,5.0949392280724775,25574.0,78672.04487309823, 0.0, 0.0,-1.4210854715202004E-14,6.376226779434564, 131.68396915116557,131.68396915116557,0.0, 36.450938503268766, -4.8605159440856545, 0.7703743737690858, -4.8605159440856545, 100.70109067683875, 1.81490180115364, 0.7703743737690858, 1.81490180115364, 116.61931816662631, 5.5041785680484185, 3.5260969397554147, 14.0, 0.0
36, 0 ,1.0,1.0,1.0,116.80288916715023,38.13831964083926,158.06312799682374,9.203614942598776,8.434390746609228,9.702451846313103,45.0,39.0,47.0,-0.5985931786316984,-0.17619405695601215,0.7814357688185135,10.16984423021897,0.5981038269795252,0.5506244079710811,0.5823096886528185,9.042189462818627,0.5328771140216532,-0.8159463313477657,0.22421767484316713,8.049604037448871,50.32245586149881,43.98499890146539,41.59346283407659,15.214433319455486,4.301635256037826,32743.0,92064.3501168768, 0.0, 0.0,0.0,NaN, 100.67269694098349,100.67269694098349,0.0, 84.70652801162748, 9.661323487828698, -12.160845735225834, 9.661323487828698, 71.13894726648736, 0.12088364848631068, -12.160845735225834, 0.12088364848631068, 94.13757183002456, 5.285696316095962, 3.4053789846433817, 13.0, 0.0
37, 0 ,1.0,1.0,1.0,180.85728444003965,160.27799801783945,7.991526263627354,10.289859960047503,9.343983694042217,5.358974720879059,44.0,49.0,20.0,-0.992027197346833,0.12170222302874498,-0.03272015638791219,10.309149348028427,-0.11945520792635997,-0.9908023339888901,-0.06357034105177568,9.339905676478383,-0.04015585914232146,-0.05915491418327432,0.9974408268686981,5.3289268155481775,46.01261588224054,46.54371880087331,21.802038618599205,14.105518733595186,4.790010499689131,20180.0,46691.20785919459, 0.0, 0.0,0.0,NaN, 44.81233638745653,44.81233638745653,0.0, 105.8812179973888, -2.4390666852637413, 2.974756969239194, -2.4390666852637413, 87.31003127452684, 3.395715444056068, 2.974756969239194, 3.395715444056068, 28.718610059020786, 5.833565312870608, 3.5981491881356913, 12.0, 0.0
38, 0 ,1.0,1.0,1.0,55.55565817195301,82.43424052642212,71.8947444370689,10.388870226551397,8.706326533469293,9.198029365307123,52.0,42.0,46.0,0.8744804074951217,-0.14438989974029337,0.46307188832853424,10.933790502520141,-0.22724521594974956,0.7214679729660806,0.6540975277526794,9.051439328662605,0.4285366130625457,0.6772263438741907,-0.5980976930466111,8.176561736029997,53.489593191071705,40.695781854099835,43.15968242905627,15.712689842185762,4.630752467998814,34649.0,93950.03192850662, 0.0, 0.0,0.0,NaN, 122.68125139465424,122.68125139465424,0.0, 107.92862458412607, -9.124287363421868, 19.096957642445915, -9.124287363421868, 75.80012170739143, 3.589704614847796, 19.096957642445915, 3.589704614847796, 84.60374420505215, 5.205031935928835, 3.3399851942804784, 23.0, 0.0
39, 0 ,1.0,1.0,1.0,154.4312882373312,179.4714879372042,136.82431028512062,9.28702317289952,11.059096433940178,8.68799147788921,45.0,48.0,43.0,0.04791019624773339,0.968729994420345,0.24344775826830461,11.205147408340663,0.9987575700847807,-0.0431159885812005,-0.02498655092265488,9.282293669346071,-0.013708730570272044,0.24434240204889704,-0.9695921107698473,8.503958199709768,52.57744013482488,46.0244322704789,39.54742918634264,16.071038987453175,5.074969471120237,34652.0,95698.72124773252, 0.0, 0.0,0.0,NaN, 80.5549195901297,80.5549195901297,0.0, 86.24879941397266, 1.8747435293340016, 0.2754727804707487, 1.8747435293340016, 122.30361393518837, 12.570311051647604, 0.2754727804707487, 12.570311051647604, 75.48119591987553, 5.323488510389134, 3.484545652689784, 16.0, 0.0
40, 0 ,1.0,1.0,1.0,133.81899375733977,137.39096977563509,18.234099758946783,9.376793104062266,8.318971816729222,9.607183219594285,48.0,39.0,38.0,-0.22234849303088078,0.05684729269107779,-0.973308549721306,9.633654227067826,0.9276228923767784,0.31964527727391345,-0.1932425063360105,9.479403218323831,-0.30012816793069663,0.9458304721408474,0.12380549577617961,8.17074851384552,43.08584285718572,49.9584232247642,40.66524910081593,15.191462810197983,4.31821353167727,32358.0,87531.98010157996, 0.0, 0.0,0.0,NaN, 92.91016438983247,92.91016438983247,0.0, 87.92424891638966, 6.519559613569905, 1.4962952681918322, 6.519559613569905, 69.2052920875351, -2.867871810693963, 1.4962952681918322, -2.867871810693963, 92.29796941485402, 5.353136311048439, 3.391461328918584, 13.0, 0.0
41, 0 ,1.0,1.0,1.0,15.589640188814904,152.7467566976148,56.69380099409172,9.513089164209742,8.216728623913767,9.732615499228814,37.0,40.0,50.0,-0.3096049634791315,0.16756257545879902,-0.935984802170794,9.779630240129444,-0.9333370469309659,0.13457918260566476,0.33282187493519094,9.531663842228413,-0.18173256014063693,-0.9766325956647188,-0.11472597643918424,8.139011976043454,52.795097155729934,46.00142812946527,37.55069213879227,15.259378873580944,4.4596698951353195,31989.0,91197.4834835602, 1.7763568394002505E-15, 0.0,-7.105427357601002E-15,43.15547236260496, 75.43270481010738,75.43270481010738,0.0, 90.49886544620479, -4.61619071650915, 0.8745670589716655, -4.61619071650915, 67.51462927904382, -3.508347186434855, 0.8745670589716655, -3.508347186434855, 94.72380445582894, 5.606402203376849, 3.6481985609308096, 17.0, 0.0
42, 0 ,1.0,1.0,1.0,117.78480014339488,89.3814662125829,63.26994084961463,8.337591884901506,8.750399203311154,8.675073734461785,40.0,42.0,39.0,-0.4044736563295149,-0.7245970715669781,0.5579965458781919,9.303229070865969,-0.5153900940905509,-0.32342543249302896,-0.7935798891920279,8.409459936611047,-0.7554959379432609,0.6085680516534345,0.24263308566223243,8.004545045432673,49.81614853672161,42.268114231351746,40.54804337191824,14.34276113240643,3.9531041035578265,27895.0,85379.36539404963, 0.0, 0.0,0.0,NaN, 136.93601062133493,136.93601062133493,0.0, 69.51543843917545, 7.695534743650658, -2.3546709116244244, 7.695534743650658, 76.5694862173085, -7.382234829924727, -2.3546709116244244, -7.382234829924727, 75.25690429834873, 5.294931705605067, 3.387988245058477, 16.0, 0.0
43, 0 ,1.0,1.0,1.0,186.4342950777535,22.519309857344815,176.55262819688986,8.043530827378877,11.032588619894282,9.30489075702645,32.0,49.0,50.0,0.10685570320420898,0.9897384109368157,-0.09486694160244184,11.073197303620748,-0.1966469949582345,0.11456592302114633,0.9737579825892102,9.343423159679151,0.9746341970537613,-0.08539629499328345,0.2068711065731268,7.9424263900440915,51.66688694722494,54.60268245952261,37.604937878361255,15.717227503667397,5.095699306763565,31124.0,106089.19387270026, 0.0, 0.0,0.0,NaN, 35.22679251595091,35.22679251595091,0.0, 64.69838817099433, 5.750626161748751, -5.240806944395342, 5.750626161748751, 121.7180116558208, -2.888129081940956, -5.240806944395342, -2.888129081940956, 86.58099200019626, 5.490717314717059, 3.4322737261193663, 7.0, 0.0
44, 0 ,1.0,1.0,1.0,182.12264120407832,94.16407185628742,80.0412688137239,9.391405051025478,8.560528317834565,9.503635784811857,38.0,43.0,44.0,0.6584224551466967,-0.24004998925009868,0.7133413441120765,10.595211318002628,0.5336568905899575,0.8172383566515966,-0.21755870826803575,8.513183000662284,-0.5307449422127872,0.5239250624644956,0.6661924160759564,8.189471250778928,54.80211870916128,51.40947428230592,49.252443127345444,15.209667811623483,4.523961991805281,30895.0,138761.2776756443, 0.0, 0.0,0.0,NaN, 124.87224311024843,124.87224311024843,0.0, 88.19848883242686, -4.784582238662344, 20.597592894151344, -4.784582238662344, 73.28264508044748, -8.699731076768582, 20.597592894151344, -8.699731076768582, 90.31909313035648, 5.494050271863362, 3.3830819020376452, 13.0, 0.0
45, 0 ,1.0,1.0,1.0,28.429753182293954,151.98034912381402,129.38947226255192,10.348657523887002,8.40539864490602,8.2416127029661,58.0,41.0,41.0,-0.9649691826893119,0.2594220261791292,-0.039175104250486356,10.478423704151194,-0.21100542311018272,-0.6786379289242476,0.7035106771353945,8.762680104360342,0.1559204536871736,0.6871322825763053,0.7096041420140267,7.686851952334783,56.12491301298204,45.24640852352296,38.866530772030416,15.007386249872818,4.521943920406992,29617.0,98699.64042869782, 0.0, 0.0,0.0,NaN, 89.99991313127956,89.99991313127956,0.0, 107.09471254670308, -10.160241876216542, -0.710038253630034, -10.160241876216542, 70.65072637978797, -8.964355847762983, -0.710038253630034, -8.964355847762983, 67.92417994569219, 5.350649813557072, 3.4279347407268803, 20.0, 0.0
46, 0 ,1.0,1.0,1.0,17.235498415793323,134.59142700463076,12.123720448452351,9.765635951705823,10.782160497670878,7.963699040939423,41.0,52.0,32.0,-0.4169109478029821,0.886788883675152,-0.1994761574529566,11.274344176925467,-0.8872501625030992,-0.3493739136997528,0.3012059387932814,9.498588217660897,-0.19741431239969248,-0.30256130654182356,-0.9324613906449217,7.5966517759459915,56.037498478174626,48.17276685468393,36.93672759414061,15.813924856239097,4.996289983044148,32824.0,99710.00724488273, 0.0, 0.0,0.0,NaN, 68.71919982394718,68.71919982394718,0.0, 95.36764554124929, -15.57987237222141, -2.9175103298359875, -15.57987237222141, 116.25498499753432, -15.698263010778966, -2.9175103298359875, -15.698263010778966, 63.42050241465948, 5.669268834841141, 3.50143621317634, 11.0, 0.0
47, 0 ,1.0,1.0,1.0,181.0680477508457,84.20674326931142,18.1743409097263,10.594733686536342,9.857918957633812,8.78786751763337,45.0,47.0,41.0,-0.8394280620540774,-0.5284049290129075,0.1270777700111254,11.108088840482713,0.5062669288185173,-0.8453127820097067,-0.17070470806535024,9.333816103068362,0.19762167244713452,-0.07895904993016567,0.9770932110158801,8.726041647701718,53.8738915806253,50.20490635315929,45.19764084954626,16.190076598654535,4.953280054780126,35769.0,122247.58153849444, 2.8421709430404007E-14, 0.0,0.0,32.92022642134693, 88.2014801207493,88.2014801207493,0.0, 112.24838188862796, 16.258905389652895, -5.988435398648971, 16.258905389652895, 97.1785661752761, -1.5886172671146472, -5.988435398648971, -1.5886172671146472, 77.22661550747569, 4.700674858107659, 3.217704710176757, 16.0, 0.0
48, 0 ,1.0,1.0,1.0,150.37494838782328,112.71341165872153,35.7372846364626,9.580957100260088,8.781468047816537,7.453330027079996,44.0,42.0,36.0,0.9801968202259365,-0.19732087208872742,0.01669332372858781,9.61397910470414,-0.196898892449844,-0.980130233070511,-0.02399067262858192,8.746581006105279,-0.021095491721889202,-0.020228684072151778,0.9995727990345278,7.45183031223671,45.4258590167984,41.837476224796646,36.164078498943155,14.402397594848518,4.126983407322746,26641.0,68729.9504059693, 0.0, 0.0,0.0,NaN, 106.57742615093761,106.57742615093761,0.0, 91.79473895702418, -3.0892334769328977, 0.702836371246396, -3.0892334769328977, 77.11418107482278, 0.3716139859386402, 0.702836371246396, 0.3716139859386402, 55.5521284925723, 5.713469561848446, 3.6231482396102823, 11.0, 0.0
49, 0 ,1.0,1.0,1.0,32.31920831344325,180.78746373884624,43.63026475232255,9.833188287478867,8.073665355319582,8.321020591323832,42.0,37.0,39.0,0.8937611941326803,0.09056947527560198,0.439304106526251,10.223789690912035,0.3496448829909808,-0.7541613845835415,-0.5558678456263313,8.59883951655947,0.2809615341301171,0.650413542410779,-0.7057073332394337,7.255972103887286,46.15484689216973,42.29036107394302,34.834294923672715,14.608416611395366,4.208231452266279,27233.0,67993.23932311383, 0.0, 0.0,-7.105427357601002E-15,63.94051117339206, 57.59559686253496,57.59559686253496,0.0, 96.69159189701156, -1.414879825277808, 16.23049640172058, -1.414879825277808, 65.18407226968768, 10.989497021497483, 16.23049640172058, 10.989497021497483, 69.23938368123521, 5.205329983629815, 3.4278505697982538, 14.0, 0.0
