// Sample: .//bubblelabels.tif, Map: .//bubblelabels.tif, Thickness:(8.191250068658265):/gpfs/home/mader/Foam/NewValid/InSilicoTest/LatticeDataPhi_16.0/out_Step_05000.vtk/distmap.tif, Neighbors:(1.0):
//LACUNA_NUMBER, TRIANGLES, SCALE_X, SCALE_Y, SCALE_Z, POS_X, POS_Y, POS_Z , STD_X, STD_Y, STD_Z,PROJ_X, PROJ_Y, PROJ_Z, PCA1_X, PCA1_Y, PCA1_Z, PCA1_S, PCA2_X, PCA2_Y, PCA2_Z, PCA2_S, PCA3_X, PCA3_Y, PCA3_Z, PCA3_S,PROJ_PCA1, PROJ_PCA2, PROJ_PCA3,OBJ_RADIUS, OBJ_RADIUS_STD, VOLUME, VOLUME_BOX, Mask_Grad_X,Mask_Grad_Y,Mask_Grad_Z,Mask_Angle, Mask_Distance_Mean,Mask_Distance_COV, Mask_Distance_STD, SHAPET_XX, SHAPET_XY, SHAPET_XZ, SHAPET_YX, SHAPET_YY, SHAPET_YZ, SHAPET_ZX, SHAPET_ZY, SHAPET_ZZ, Thickness, Thickness_STD, Neighbors, Neighbors_STD
1, 0 ,1.0,1.0,1.0,129.7319137502519,15.17064105147668,180.38093638745215,21.469123143398797,9.4807517779098,11.426039523616783,86.0,38.0,47.0,-0.9844078228354812,-0.04497066185215086,0.17005551420900078,21.72735656031791,0.14371646641240227,0.3518103631019946,0.9249729972793673,11.193637623300267,0.10142394008438568,-0.9349904320294529,0.33986184897857635,9.164427733091767,87.29314660255497,55.8295181002934,46.15073923726385,24.393017074269626,9.292093414857586,89322.0,224917.2110252389, 0.0, 1.7763568394002505E-15,0.0,87.42250160384255, 74.5161724201397,74.5161724201397,0.0, 460.92324854642186, 19.269308463969313, -59.47642347088179, 19.269308463969313, 89.88465427433984, 10.475221866756668, -59.47642347088179, 10.475221866756668, 130.55437919525286, 11.051653548135901, 6.461669343693876, 11.0, 0.0
2, 0 ,1.0,1.0,1.0,180.7588037669504,165.7174352011419,92.20447542952634,11.333829420410249,16.21434240395485,15.45432763379438,49.0,67.0,79.0,0.15252251066020397,0.899668342708356,0.4090644898671961,16.5548580479512,0.07483883493271384,0.4022048283778823,-0.912485849104211,15.223717649142396,-0.9854623445509335,0.16978854248128825,-0.005984840370287833,11.152216259007956,81.54913243455405,84.73494761580687,54.840934663807886,23.97585948974598,7.440093632759869,114894.0,378954.2293225725, 0.0, 0.0,0.0,NaN, 100.23563822763215,100.23563822763215,0.0, 128.45568933095691, 23.773091408550634, 2.0059047739919307, 23.773091408550634, 262.90489959268825, 15.677113642309928, 2.0059047739919307, 15.677113642309928, 238.83624261266058, 7.8413262785613025, 5.532447169991429, 16.0, 0.0
3, 0 ,1.0,1.0,1.0,169.58980627240905,62.699637203633635,169.63591400592378,15.431593823868043,14.915082803469424,14.522151343716475,66.0,73.0,63.0,-0.8105677842852399,-0.5632126383784425,-0.16053470356813923,16.07255632571252,0.23329140973804477,-0.5619501767730805,0.7935912782831851,14.731648250840252,-0.5371731426843234,0.6058081567588023,0.5868913800552453,14.004932545332446,78.22372277526065,75.40767372032313,74.38886193551363,24.91560940170004,7.120327996021217,141126.0,438795.2711830971, 0.0, 0.0,0.0,NaN, 76.01317061057607,76.01317061057607,0.0, 238.13408794484235, 25.652851339095104, 11.95858612792073, 25.652851339095104, 222.45969503434932, -3.6902784830780546, 11.95858612792073, -3.6902784830780546, 210.89287964980622, 8.000441300354016, 5.527065635833808, 16.0, 0.0
4, 0 ,1.0,1.0,1.0,16.017030515496774,44.431997450402356,15.880049398454306,10.04465612661976,11.949535050502115,10.4495266549128,44.0,57.0,41.0,0.1681694872204155,0.9220480290269168,-0.34863513267540863,12.151827469071655,0.6183377532555973,-0.37411027449820156,-0.6911583938676429,10.817835772922582,-0.767709219995984,-0.09934251195967193,-0.6330510396885073,9.390773678933153,56.06848357268833,60.91156155777619,48.10923569765664,17.99077869539736,5.40471959218813,50204.0,164303.57047021564, 0.0, 0.0,1.7763568394002505E-15,69.59614356213797, 49.82894372615443,49.82894372615443,0.0, 100.89511670203989, 2.551821412236192, -15.812195088751539, 2.551821412236192, 142.7913879231786, -11.663562890480383, -15.812195088751539, -11.663562890480383, 109.19260731173308, 9.55805600390851, 5.8876169146157835, 7.0, 0.0
5, 0 ,1.0,1.0,1.0,30.706771382335912,108.61889632851819,173.95709428864112,16.139679838261923,14.566495910311449,13.640385352757331,75.0,71.0,64.0,-0.986104690234637,-0.001988729998181319,0.16611316880441707,16.20653751805784,0.0710853064250968,-0.9088115725095216,0.41110631822342636,14.823457781317368,0.1501479906881891,0.4172020740909199,0.8963247236724725,13.27951136298774,79.13520222050923,76.55258160708851,71.79952651873865,24.628973074427357,7.221209473322776,134714.0,434961.8207139036, 0.0, 0.0,-2.8421709430404007E-14,80.43809319410727, 99.85812362965709,99.85812362965709,0.0, 260.48926528159836, -2.6338417479317577, -12.86942605378876, -2.6338417479317577, 212.18280310512017, -16.239609685861684, -12.86942605378876, -16.239609685861684, 186.06011257171676, 7.596539961829265, 5.17874344737902, 18.0, 0.0
6, 0 ,1.0,1.0,1.0,48.721176982835665,12.906982606503655,24.183067121937807,19.8642167316693,8.321763397884368,13.965718627990936,85.0,35.0,61.0,-0.9823368780858169,-0.026276108273080655,0.18526689959793324,20.052988760570372,-0.18629270981721271,0.044278912706334106,-0.9814960031291536,13.710210101768435,-0.01758647837314796,0.9986735923331336,0.048391856286617414,8.293848922129957,87.13840163868423,68.17111096029747,35.679221249875255,24.111643357803803,8.80390843860708,87274.0,211946.0503392255, 0.0, 0.0,0.0,NaN, 55.903166475804696,55.903166475804696,NaN, 394.5871063627305, 7.620912468165339, -38.87314944490689, 7.620912468165339, 69.25174605036798, -6.802299208287832, -38.87314944490689, -6.802299208287832, 195.04129679621303, 7.640911574307992, 5.081929225955291, 10.0, 0.0
7, 0 ,1.0,1.0,1.0,161.4945005516422,175.9579648646355,138.55302554527708,15.364099520388903,14.138205813215912,14.712358834428365,73.0,59.0,79.0,0.8046463380812241,-0.43371616477869046,0.40550531318607885,16.667076224159985,-0.09914927365012303,0.575212872370179,0.8119726430085565,14.725742884522274,0.5854175365900218,0.6935563710826339,-0.41984028866172296,12.560214440813958,89.4885974710904,83.15772258519564,73.76201985514838,24.33375514319062,7.763136015397128,117830.0,548912.4600451173, 0.0, 0.0,0.0,NaN, 76.39648951919817,76.39648951919817,0.0, 236.0555540724145, -45.25982974427337, 34.40818009465758, -45.25982974427337, 199.8888636168522, 6.4871012095875615, 34.40818009465758, 6.4871012095875615, 216.45350247298236, 7.668432184648132, 5.037822098442424, 20.0, 0.0
8, 0 ,1.0,1.0,1.0,88.71613313546746,123.67793088827645,79.44551621793512,13.746670745932116,12.428734415804763,12.743610450229585,74.0,60.0,63.0,-0.908048732833177,-0.34146549182835284,-0.24258775049553377,13.84469404451287,0.40150786743608496,-0.5445913859170374,-0.7363502256208583,13.415505692183071,0.1193269927006857,-0.7660427796640229,0.6316165993208447,11.584155425395066,71.32717572420648,71.71759532461257,57.91098542899306,21.65195959845848,6.085774283489673,94340.0,296238.6380653149, 0.0, 1.4210854715202004E-14,0.0,70.03381507757754, 141.44681176731729,141.44681176731729,0.0, 188.97095659706582, 7.812730434471481, -0.8733843087099706, 7.812730434471481, 154.47343917860977, 23.121110502074764, -0.8733843087099706, 23.121110502074764, 162.3996073072007, 7.333018578382046, 4.966682725213359, 22.0, 0.0
9, 0 ,1.0,1.0,1.0,171.7123987071994,38.549147501053916,16.235994660171436,15.264751978361376,13.910672176839318,10.936312015801994,69.0,69.0,50.0,0.8109237968520076,0.49178214834632505,0.3171007951219885,16.466542473199297,0.5294991764576615,-0.847370157708918,-0.039930413909972234,13.13156834287094,-0.24906468603513882,-0.2002851327289097,0.9475508681743585,10.126068620851216,88.37358354417444,74.74241651911689,56.125808936971744,22.15209686455231,7.443586392515086,85396.0,370725.29080450657, 0.0, 0.0,0.0,NaN, 50.49586797514803,50.49586797514803,0.0, 233.01265296088755, 35.877980966624605, 41.87916329633525, 35.877980966624605, 193.50680041149153, 28.65891880663321, 41.87916329633525, 28.65891880663321, 119.60292050697507, 7.664001529699642, 5.031661142074584, 11.0, 0.0
10, 0 ,1.0,1.0,1.0,75.97820321494052,54.66153583763271,43.50558990321068,12.787583080895756,14.34331249064251,16.79880226958563,64.0,69.0,81.0,-0.2282576219151209,0.5204331720343603,0.8228291265408075,18.449963844536672,0.5701513678922044,-0.6136113325519822,0.5462678374702562,12.689342267498903,-0.7891931802342836,-0.5938269495484654,0.15666422138338554,12.24875825956344,89.14573528521322,63.88075000885506,63.479635169626114,24.31740574846935,7.753478549133454,117265.0,361497.2517851725, 0.0, 0.0,0.0,NaN, 103.21485947636586,103.21485947636586,0.0, 163.5222810508114, -26.458415677302817, -32.33249232258116, -26.458415677302817, 205.73061320422147, 77.83838198318723, -32.33249232258116, 77.83838198318723, 282.1997576926353, 7.494866419789258, 4.790739382853124, 18.0, 0.0
11, 0 ,1.0,1.0,1.0,60.12731201033842,73.82105645747517,139.0927631047573,12.354883598458034,15.393836440403193,12.008784482165357,63.0,70.0,60.0,-0.010965757794532377,0.9751311084490798,0.22135734343107016,15.559401195256537,-0.8457695694729712,0.10904915261738933,-0.5222854752593977,12.71115549275193,-0.5334356451433455,-0.19294456107467364,0.8235404111773782,11.408585114226913,69.3750874243607,65.62123605362352,54.174142070227525,22.207544445461103,6.375674358625159,99048.0,246626.64347385365, 0.0, 0.0,0.0,NaN, 113.0244820041195,113.0244820041195,2.3360154559928683E-6, 152.64314873144733, -4.094636155487851, 13.606506514508519, -4.094636155487851, 236.97020035388525, 22.372951834148207, 13.606506514508519, 22.372951834148207, 144.2109047390955, 8.014900904984081, 5.15602061528426, 21.0, 0.0
12, 0 ,1.0,1.0,1.0,41.14039517780674,55.02165565071681,176.8134541984733,13.408046342180326,12.22492470182173,12.435169098544199,70.0,60.0,49.0,0.8156137604395169,0.2592253799014994,0.5172778713579715,13.982565705110511,-0.5035993975749413,0.7582477248713306,0.4140628388174997,12.35251785368342,-0.284889172387907,-0.598216173420925,0.7489830233815442,11.651655683436344,73.80534229325805,67.97628612787733,61.97376478711907,21.142997268878087,6.068903333954856,85936.0,310923.1876547314, 0.0, 7.105427357601002E-15,0.0,74.9758960974444, 72.50883126998019,72.50883126998019,0.0, 179.77570671405522, 6.208884804669654, 21.70082008815186, 6.208884804669654, 149.44878396521108, 13.294092833464852, 21.70082008815186, 13.294092833464852, 154.63343050938852, 7.426236996606126, 4.904524297854159, 11.0, 0.0
13, 0 ,1.0,1.0,1.0,78.66479305058763,185.9539314001022,27.54115035769034,12.351618897639723,8.160923094391272,15.004893999958686,59.0,33.0,60.0,-0.22133285264469058,0.020848494723918302,0.974975440002419,15.138199857504864,0.9751982872717142,0.004462823620008993,0.22128801076346513,12.190839388648197,-2.623785022967519E-4,-0.9997726859006918,0.021319185829625192,8.156490616038196,63.10101541319733,60.92869473608094,33.01959014760297,20.062318374461675,6.4663266648770374,62624.0,126949.18019233471, 0.0, 0.0,0.0,NaN, 84.52193012366509,84.52193012366509,0.0, 152.56248939253072, -0.3932210023162465, -17.38143797412116, -0.3932210023162465, 66.60066575256882, 3.3869477960833683, -17.38143797412116, 3.3869477960833683, 225.14684394999617, 7.2595714951932475, 4.902245058603691, 10.0, 0.0
14, 0 ,1.0,1.0,1.0,183.64508324004188,19.18182803076812,176.91647105557763,9.520613503000469,11.473377190839257,12.413000551848441,37.0,45.0,53.0,0.10672434564176375,0.5351647486253878,0.8379788815215229,13.004053415604869,-0.1960306313116196,-0.8149247272119359,0.5454078112441364,10.894515961218186,-0.9747727456360817,0.22247782093340598,-0.01793637526977228,9.411012967360762,70.84323001290198,58.03910294795874,41.97069491656478,18.561493083626534,5.6421647302680755,55382.0,172569.96278238005, -2.8421709430404007E-14, 0.0,0.0,83.87347739915721, 34.180040043205125,34.180040043205125,0.0, 90.64208147351486, 9.412155786587263, 3.9820727866174015, 9.412155786587263, 131.6383841632705, 22.72912022805842, 3.9820727866174015, 22.72912022805842, 154.0825827001897, 7.963571982476866, 5.19399480633265, 3.0, 0.0
15, 0 ,1.0,1.0,1.0,184.76271273985694,14.454637018672038,97.25673407195062,8.448645340222214,8.633582134592901,13.524663621931431,35.0,31.0,68.0,-0.2187663851175317,-0.117612974223222,0.9686632320042792,13.81915161176976,0.5271259364792804,-0.8496386634539618,0.015886744632147103,8.803081054738943,0.821145246490199,0.5140829989977626,0.24786922823944363,7.769921963612845,70.218083573333,41.04588672026448,42.64774968634919,17.208896432504517,5.717408348310833,38721.0,122917.78767649904, 0.0, 0.0,0.0,NaN, 99.49866218563847,99.49866218563847,0.0, 71.37960808485852, -4.3083803381224595, -27.531601129798428, -4.3083803381224595, 74.53874047476171, -15.109722026874808, -27.531601129798428, -15.109722026874808, 182.91652608639544, 7.890690228329387, 5.361924155991729, 8.0, 0.0
16, 0 ,1.0,1.0,1.0,101.11702531427191,85.10167113298907,13.849264494462144,14.449403553838229,17.19300579457252,9.431950731470653,74.0,83.0,38.0,-0.14662720084570213,0.9798265613547597,0.1357953373126665,17.379532683064912,0.9868213568523804,0.13539287187104607,0.08861365530513698,14.3988401314708,-0.068440292461249,-0.1469989112552104,0.9867660545730185,9.163604776581735,86.51752891462604,72.63571234106882,42.5831150285934,22.977245224607763,8.086569594275497,86947.0,267603.46620917466, 1.4210854715202004E-14, 0.0,0.0,81.5684818405528, 131.19428051315094,131.19428051315094,0.0, 208.78526306167285, -14.849603825067593, 6.44469313223965, -14.849603825067593, 295.59944825220424, 30.49633111975015, 6.44469313223965, 30.49633111975015, 88.9616946008898, 7.670156649855039, 4.863856518466355, 15.0, 0.0
17, 0 ,1.0,1.0,1.0,77.27846258155587,123.55244584245685,126.43204881681469,11.067576220397745,13.72957728747982,14.044613683551292,57.0,62.0,66.0,0.048552882888080365,-0.6636598553530599,0.7464571079144549,14.851498579070263,0.40739379219577443,-0.6691900410570104,-0.6214619755306541,13.273170779780758,-0.911961027480672,-0.3342757624220953,-0.2378797995070715,10.559338843603797,69.97353844347214,62.2428914048936,56.06183516273143,21.63613458726642,6.334144735411004,89969.0,244169.2139620803, 0.0, 0.0,0.0,NaN, 131.25712459493755,131.25712459493755,0.0, 122.49124339431364, -21.147044267370664, -12.42212449852321, -21.147044267370664, 188.50129249288176, -27.133480669366502, -12.42212449852321, -27.133480669366502, 197.2511735201962, 7.260211311576948, 4.597485134349514, 18.0, 0.0
18, 0 ,1.0,1.0,1.0,182.38232220609578,148.428824383164,36.2855587808418,10.50924734023218,13.899135909267835,11.330182811400094,43.0,67.0,52.0,0.01726953020793853,-0.999789074965291,0.011116155200616725,13.900158546840185,-0.4315023788124842,-0.017481662359504227,-0.9019423975844111,11.562742106449388,0.9019464842248482,0.010779474068589789,-0.4317132642544589,10.251433488769754,67.18059523421792,57.93730126943804,49.56876530156805,19.937682606113714,5.87299868210971,68900.0,192934.6406812043, 0.0, 0.0,0.0,NaN, 65.47221167327625,65.47221167327625,0.0, 110.44427965817717, -1.3057342801350689, 11.149750516619298, -1.3057342801350689, 193.1859790242986, -0.5283471660196318, 11.149750516619298, -0.5283471660196318, 128.37304253974614, 7.859815301370897, 5.217282209143367, 14.0, 0.0
19, 0 ,1.0,1.0,1.0,187.1123764210362,56.18842501413724,94.68391084764932,8.210518843100084,13.216772572012161,13.479091349567987,34.0,60.0,70.0,-0.11586302697114456,0.6585833584513872,0.7435346118049755,14.868627518990861,-0.16368431650117524,-0.7510015303790842,0.6396906642274975,11.809029409917414,-0.9796852573722987,0.04758845804568421,-0.19481307745684645,7.9531340112188715,85.47305566816094,57.80728766956258,38.516043513859245,19.401156464553623,6.883075500187357,51283.0,190306.4428534779, 0.0, 0.0,0.0,NaN, 110.85248269880107,110.85248269880107,0.0, 67.41261967290154, -2.675660420733478, -21.575012737456618, -2.675660420733478, 174.68307722029294, 40.67551370783946, -21.575012737456618, 40.67551370783946, 181.68590360999855, 7.97790849930659, 5.115258180789613, 11.0, 0.0
20, 0 ,1.0,1.0,1.0,151.8161507600574,186.85244212153557,10.461113769369502,13.230681326974667,7.7226468383512294,6.721414598947794,65.0,30.0,25.0,-0.9980537035569381,-0.059790425170296146,-0.017717501918574546,13.248160088116755,0.0552082020595134,-0.9792885056550039,0.19479752851960416,7.732772806600797,-0.02899757303009058,0.1934402433568188,0.9806834417937419,6.675185074432497,65.17244285705246,35.01209528360556,29.291157525548,15.712498088377925,5.743258709088983,27169.0,66837.25976139893, 0.0, 0.0,0.0,NaN, 51.02917309775635,51.02917309775635,6.743495761743046E-7, 175.05092837595615, 6.99083324366264, 2.479563593728089, 6.99083324366264, 59.639274189896234, -2.7680589973351326, 2.479563593728089, -2.7680589973351326, 45.17741421094853, 7.68886459472011, 5.0770344270402745, 5.0, 0.0
21, 0 ,1.0,1.0,1.0,19.163255592574963,84.98893044128646,25.441708030189705,11.418753841927265,11.236814906318038,13.876340424378109,45.0,51.0,58.0,-0.13760283600126028,-0.3476005559854009,0.9274908694984824,14.329461283861004,0.9547718256968365,-0.29573840972344734,0.03081483197708593,11.406021309135385,0.26358342205066676,0.8897823590591614,0.3725736613438656,10.666582832589262,66.35173760251129,51.49192628443085,51.616301773316415,20.33140145964706,5.986725883273632,73535.0,176351.1614167896, 0.0, 0.0,0.0,NaN, 90.76138589705207,90.76138589705207,0.0, 130.38793930252868, -0.22926647103620557, -11.204864416976934, -0.22926647103620557, 126.26600923885125, -29.666532258971227, -11.204864416976934, -29.666532258971227, 192.55282357323003, 8.025472853496137, 4.925616947594983, 10.0, 0.0
22, 0 ,1.0,1.0,1.0,41.14294626339113,174.3491588865465,187.0462504840167,11.757735996557566,13.335579001307059,7.111333611116275,63.0,60.0,30.0,-0.18449113544115628,-0.980859669815128,0.06226820275060714,13.418422165330261,0.9769161311787556,-0.1760696567441329,0.1209725118228735,11.740558293438115,-0.1076935169189169,0.08314916778994812,0.9907009247545268,6.9827162583621,63.30252743397256,62.93271707425397,33.244857343508215,18.238937980077413,5.830457113496839,46486.0,132440.86431697148, 0.0, 0.0,0.0,NaN, 50.18473177753135,50.18473177753135,0.0, 138.24435576474553, 8.436622621840579, 9.019439520150176, 8.436622621840579, 177.83766730010177, -9.916484352408682, 9.019439520150176, -9.916484352408682, 50.571065728592046, 7.427844183048031, 4.893938260357519, 9.0, 0.0
23, 0 ,1.0,1.0,1.0,67.7234432670556,188.63805214906537,74.63914751756161,13.35960726685673,6.781912857664743,11.432098821903061,64.0,26.0,51.0,0.9901477934577171,0.056804596737352595,0.1279866590716422,13.403100660826695,0.13151629178703828,-0.06348089546266161,-0.9892793543311438,11.415144779168747,-0.04807090705822705,0.9963651006035716,-0.07032619848842911,6.724410320149286,65.31660306726161,50.385211674563955,29.720015608813867,17.909854039833334,5.865446281335791,41995.0,97808.30006669335, 0.0, 0.0,0.0,NaN, 101.42268468671976,101.42268468671976,0.0, 178.47910632465113, 6.850371178931971, 5.964687683508739, 6.850371178931971, 45.994342008958355, 6.320848726442243, 5.964687683508739, 6.320848726442243, 130.69288347375735, 6.945173575869202, 4.746490738020487, 10.0, 0.0
24, 0 ,1.0,1.0,1.0,113.93568343644216,83.68010972335706,64.77252830629159,11.336597816339156,12.233334359741544,11.189638212695654,54.0,54.0,55.0,0.40736495988300514,-0.8985393876572455,0.16334245708957332,12.51768923392978,0.6092235393834708,0.13411993232977867,-0.781574387254938,11.281202866856352,-0.6803678920412058,-0.4178980887493946,-0.6020471068770357,10.928075816778904,59.52279852519059,52.202653132592516,51.25761124147209,19.372287277433504,5.3005102186752975,68536.0,159270.11026557922, 0.0, 0.0,0.0,NaN, 136.3998085484533,136.3998085484533,0.0, 128.5184500494257, -13.001139201871123, -1.25440199640872, -13.001139201871123, 149.65446955723306, -6.2921689245481245, -1.25440199640872, -6.2921689245481245, 125.20800333101879, 6.962079136043498, 4.510443443490766, 14.0, 0.0
25, 0 ,1.0,1.0,1.0,49.876702886798576,85.04942426208238,77.30087036436372,12.91738982509397,11.894336636368585,11.715081507039784,66.0,65.0,57.0,-0.8457944417873807,-0.08427440380136225,0.526810769731882,13.623276389642529,0.11937493038145877,-0.9923034399258007,0.032916699528430494,11.888984983573929,0.5199821037670382,0.09072876046407785,0.8493449851424669,10.89200234580624,67.14457784568913,66.64451343837496,54.2880939847814,20.261093431270147,5.921607180371864,73992.0,242929.32497804027, 0.0, 0.0,0.0,NaN, 125.28573189816083,125.28573189816083,NaN, 166.8589598934412, 2.0822777806110704, -29.7454476114439, 2.0822777806110704, 141.47524401925995, -3.7145675603100585, -29.7454476114439, -3.7145675603100585, 137.24313471658553, 7.0011189391403335, 4.451298339663916, 14.0, 0.0
26, 0 ,1.0,1.0,1.0,102.42698106121573,20.885414990074576,103.71980792960996,11.634151123093755,12.61722016127783,11.833053242407212,56.0,51.0,61.0,-0.0753054596833313,-0.9333920411783208,0.3508680452917446,12.764876396983105,-0.6714855652509515,-0.2126609365305562,-0.7098467875066816,11.935059420613108,-0.7371812690251235,0.2890581663591501,0.6107447527892428,11.365788718208744,64.08398538540808,60.876707301615056,58.278948810631405,20.0506374219299,5.704454835044591,74556.0,227359.11846242592, 0.0, 0.0,0.0,NaN, 138.65990757694593,138.65990757694593,0.0, 135.35347235498367, 4.267191094022824, 5.430503706862158, 4.267191094022824, 159.19424459815573, -9.054250239515785, 5.430503706862158, -9.054250239515785, 140.02114903764382, 7.310764685607345, 4.789411417843645, 13.0, 0.0
27, 0 ,1.0,1.0,1.0,143.15856902277415,72.82056124777688,113.29381305381116,12.687224454950991,9.992352096006215,11.561944766623887,59.0,47.0,58.0,-0.8518631472600452,0.27664183417004784,0.4447454034919778,13.114452634569703,0.5166190491396855,0.30401753552704586,0.8004236978988494,11.531883902563608,0.0862202783932973,0.9116153978949089,-0.4018997759575007,9.461401445914332,60.686650652475834,58.18471105372993,44.46841091782918,19.125798369858515,5.356787123158724,63537.0,157019.52570784226, 0.0, 0.0,0.0,NaN, 126.69548244009098,126.69548244009098,0.0, 160.96566437030648, -12.608277925796873, -13.271151715018487, -12.608277925796873, 99.84710041055979, 20.723999600650163, -13.271151715018487, 20.723999600650163, 133.6785667864615, 6.721145357285631, 4.557234352551282, 16.0, 0.0
28, 0 ,1.0,1.0,1.0,137.13619518221125,141.18608709079678,18.339391599752933,10.541531410252036,13.312115618608436,10.925082852357788,47.0,65.0,44.0,-0.15854148558799444,-0.974586078302133,0.15826109227229565,13.455028699981707,-0.5309912306793069,-0.05097532993019509,-0.8458426737166809,11.082983471769236,-0.832413905631824,0.21813640621908165,0.5094149565850979,10.189377905179953,66.19707514385567,52.50285175167167,58.090912089856154,19.379141745777194,5.669445056131323,64760.0,201897.01108544497, 0.0, 0.0,0.0,NaN, 88.01856390619805,88.01856390619805,9.5367431640625E-7, 111.12388447333029, 12.44510055372413, 6.600271249076266, 12.44510055372413, 177.21242224319866, -11.089854974808814, 6.600271249076266, -11.089854974808814, 119.35743533088218, 7.4860270641896, 4.689220940129555, 8.0, 0.0
29, 0 ,1.0,1.0,1.0,182.40790699278986,94.57675854693483,79.56188981267465,10.166648648295801,9.600799610779902,14.671082098310015,38.0,50.0,77.0,0.10464775081853284,-0.01085402560840439,0.9944501185965612,14.715348497756022,0.809976045172301,0.5811323404654611,-0.07889238944393534,10.601588025649487,-0.5770508248808421,0.8137366852939757,0.06960569309411466,9.046634609820046,76.82477776436491,55.56789127620851,49.068787104725715,19.295148124837972,6.2027418679287845,57974.0,209474.20553230916, 0.0, 0.0,0.0,NaN, 124.837251268136,124.837251268136,0.0, 103.36074473789483, 14.227961049471928, 12.06550228912732, 14.227961049471928, 92.17535316635153, -2.8546401777762016, 12.06550228912732, -2.8546401777762016, 215.2406499353526, 7.321433689006119, 4.611559683709656, 12.0, 0.0
30, 0 ,1.0,1.0,1.0,59.84709398107352,10.784548484732385,109.16121987663308,11.910816238561546,7.067967653603088,15.377967401869915,59.0,29.0,72.0,0.17674239669618597,0.010372285214945244,0.9842024897903416,15.481130434145111,-0.9838695817376262,0.02992031362112909,0.17636728994981507,11.78066451318605,0.027618315327276842,0.9994984694996952,-0.015493163855391437,7.06088774467344,73.33697281865118,56.32028350324133,29.789754772365697,19.540573650361036,6.817006164652402,52202.0,123042.38472319975, 7.105427357601002E-15, 0.0,0.0,79.8199292002798, 109.3145238214044,109.3145238214044,0.0, 141.8675434687814, -2.2698696217552268, 17.58639241897409, -2.2698696217552268, 49.956166752379545, 2.4069238717385106, 17.58639241897409, 2.4069238717385106, 236.48188141297373, 6.7553425125738045, 4.485287369334467, 13.0, 0.0
31, 0 ,1.0,1.0,1.0,56.597744360902254,147.93591049336487,20.940868106521282,11.440234902846832,12.135012410826883,12.269341810140647,54.0,62.0,49.0,-0.5117266953200795,0.4043228884962689,0.7580625245550823,13.998882557078588,-0.5094988675322427,-0.8532606035015092,0.11116315259834329,12.051040748388045,-0.6917706941466608,0.329346845058936,-0.6426382826828578,9.352964948673474,65.01839950228796,61.87053748258103,52.32074133471741,19.806548836920886,6.031158468156003,66766.0,210471.86646808084, 0.0, 0.0,0.0,NaN, 79.70253471472333,79.70253471472333,0.0, 130.87897463231488, 2.658759669896368, -45.35662021482707, 2.658759669896368, 147.2585262109225, 27.775019839855823, -45.35662021482707, 27.775019839855823, 150.53674845406536, 7.248330096698659, 4.538433441134832, 11.0, 0.0
32, 0 ,1.0,1.0,1.0,90.64907577650213,74.80784291709357,100.48233659419782,11.737714063931445,12.747748990136898,10.572015883137793,56.0,56.0,53.0,0.1472516741508203,0.9791835193192486,0.13970175358008668,12.797969851893109,-0.9511962468608902,0.17891434945936363,-0.2514266404247736,11.811424435883003,-0.27118747098185864,-0.09586078995659927,0.9577411260520039,10.428268123755215,58.84280390528126,55.05190494935175,50.88979704200267,19.58557370531388,5.334028330369698,71249.0,164852.8384318101, 0.0, 0.0,0.0,NaN, 154.00400524269853,154.00400524269853,0.0, 137.77393144661406, 2.700929086107737, 8.488903168672083, 2.700929086107737, 162.5051043155363, 6.145274604712159, 8.488903168672083, 6.145274604712159, 111.76751983331775, 6.817677719991857, 4.4481043062726595, 8.0, 0.0
33, 0 ,1.0,1.0,1.0,12.52571633909321,101.41328937912071,107.364715807893,8.633702064835415,16.21030903243961,12.326518932623918,35.0,76.0,60.0,0.024957251430073428,0.938629400712597,0.3440232313652195,16.73745629483724,-0.03240585512661402,-0.34318996869848634,0.9387068264044132,11.608891957039743,-0.9991631479165801,0.034575909281512184,-0.021852010039985808,8.622597263937582,75.70090832016628,54.931151718721125,36.63063110197447,20.84569884928719,7.3969479349739755,64006.0,152322.54821236825, 0.0, 0.0,0.0,NaN, 135.85848872339503,135.85848872339503,0.0, 74.54081134434331, 5.492754205573887, -0.07095150798039176, 5.492754205573887, 262.77411892719323, 46.98908184754238, -0.07095150798039176, 46.98908184754238, 151.94306899633588, 7.25296906536966, 4.487288129565076, 19.0, 0.0
34, 0 ,1.0,1.0,1.0,27.577988446156127,42.080459460551296,102.33658313246522,13.127750371458017,12.155880280251022,11.618629639521286,54.0,57.0,54.0,0.7553662581282452,-0.4940510395145739,0.43050596562173415,14.482136420800847,0.4619915471626997,0.8674101050000919,0.18483376340361837,11.305033487444003,-0.4647425377900629,0.059272928882404395,0.8834597293992258,10.842497518586644,72.28826118745258,57.39093444568664,58.78812578293579,20.441635490650683,6.10207738158382,74261.0,243893.76005351168, 0.0, 0.0,0.0,NaN, 109.86106457425807,109.86106457425807,0.0, 172.3378298153161, -30.292663456804632, 30.848307709138457, -30.292663456804632, 147.76542538779566, -17.961959631791654, 30.848307709138457, -17.961959631791654, 134.99255470036255, 7.0459205826349365, 4.463075819777426, 12.0, 0.0
35, 0 ,1.0,1.0,1.0,22.195784144041745,177.2613081553047,100.81042856035752,12.970856298624623,12.91332459277215,11.235251360631766,52.0,59.0,58.0,0.6908789875661109,0.7035395296492701,0.1664883021731851,14.226414299747459,-0.6840894372993032,0.5616521466057486,0.4653692168468791,11.793329361393013,0.23389712763338633,-0.4354067023301763,0.869317627366898,10.94323795958439,77.06397667744179,61.33968207167315,64.54506525426847,20.575054861433834,6.155896014672833,77422.0,305109.67599738785, 0.0, 0.0,0.0,NaN, 104.15503839448597,104.15503839448597,0.0, 168.24311311957007, 32.74003630727567, 3.351909326575199, 32.74003630727567, 166.75395203829405, 14.7312032729124, 3.351909326575199, 14.7312032729124, 126.23087313657794, 7.181183139610418, 4.6105223986478014, 10.0, 0.0
36, 0 ,1.0,1.0,1.0,132.6440334499669,42.17016792531849,32.29998243741641,11.749662727369799,11.065868538862926,15.640858881244531,63.0,52.0,65.0,0.47035975775537303,0.06172576341768453,0.8803133694400027,16.995534963009778,0.3155156771072643,-0.9433752330309876,-0.10243547824496314,11.203689750375425,0.8241429219400307,0.3259341955582965,-0.46320119212056754,9.527518804378724,77.93832508707575,52.3789715841029,51.119675819830306,21.279896465788774,7.232599371915983,74021.0,208687.35117506998, 0.0, 0.0,0.0,NaN, 85.78133921894752,85.78133921894752,0.0, 138.0545742069431, -4.59228118149963, 80.89246615478814, -4.59228118149963, 122.45344651939631, 14.120957852748605, 80.89246615478814, 14.120957852748605, 244.63646654300595, 6.514770326823211, 4.250712961429366, 11.0, 0.0
37, 0 ,1.0,1.0,1.0,18.573424932975872,130.68969504021447,16.93138404825737,11.037260385716866,13.321792240516661,9.746256256638372,51.0,55.0,42.0,-0.2502807664845949,0.9494506429417973,0.18948090812874177,13.575031623962435,0.9334435168052286,0.28858484154226044,-0.21307742763210477,10.941737298103199,-0.25698781850930275,0.12354054334281239,-0.9584857825176085,9.501456606720087,66.76738427861508,54.51304926930253,48.123957921291165,18.997347253432608,5.777678917538653,59680.0,175156.4668868795, 0.0, 0.0,0.0,NaN, 73.72626569377391,73.72626569377391,0.0, 121.82111682211485, -14.406513801377676, -10.314256449387754, -14.406513801377676, 177.4701484994899, 15.101010408674114, -10.314256449387754, 15.101010408674114, 94.98951102006262, 7.010238994307437, 4.462301744429643, 8.0, 0.0
38, 0 ,1.0,1.0,1.0,98.29711596951373,134.52740902422443,16.51280996171324,10.466932456421892,12.825842178907221,10.815190187201056,49.0,58.0,44.0,-0.06314077140184446,-0.9364486758057203,0.34507552878825387,13.16846528451624,-0.7135538230886815,-0.1993800369400002,-0.6716312548008254,11.435321337741941,0.6977493708648593,-0.2886372783469199,-0.6556175234129853,9.319452204069622,65.64277230318609,62.291141715022874,47.02973484431832,18.86064581458108,5.941656409435585,55894.0,192302.8565940529, 0.0, 0.0,0.0,NaN, 119.25458511032981,119.25458511032981,0.0, 109.55667504729804, 11.365536879355771, 19.15983406028957, 11.365536879355771, 164.50222759823555, -22.089707747903777, 19.15983406028957, -22.089707747903777, 116.96833878532999, 7.1179007437334345, 4.5288089386383925, 7.0, 0.0
39, 0 ,1.0,1.0,1.0,145.82334536304342,103.46144422739464,82.94937588981227,9.501741056797872,12.87148373706207,11.117039647792295,45.0,62.0,49.0,-0.11863874732489665,0.957926465648417,0.2613460044529319,13.04971729968216,0.042607445061863924,-0.2580511158793157,0.9651912904801517,10.96211830666044,-0.9920229096439658,-0.12564437115833155,0.010199938124706645,9.438410240270006,64.77632023914244,49.47220034404143,46.179363202252546,18.75499096706442,5.272291822329865,60406.0,147987.6384286713, 0.0, 0.0,0.0,NaN, 138.33076887960203,138.33076887960203,0.0, 90.28308311043835, -9.571233464382333, -1.239698206797677, -9.571233464382333, 165.67509359345334, 12.589164924798448, -1.239698206797677, 12.589164924798448, 123.58857053058584, 7.534642461742213, 4.497959383708518, 12.0, 0.0
40, 0 ,1.0,1.0,1.0,29.666348616481695,146.42069251242907,126.9850097925978,15.536475566487791,11.330739286210518,10.825232509619317,67.0,65.0,56.0,-0.9721141008975687,-0.23328862382242602,0.023887085028322066,15.759099237695331,0.232613026013774,-0.9463176646092861,0.224441657847072,11.033542557972943,-0.029754914969242048,0.22373934755305244,0.9741947184170662,10.810416945027416,71.80704873733495,62.94718319651976,56.80923495536142,21.108126403178236,6.434313050738471,79652.0,256780.66492826882, 0.0, 0.0,0.0,NaN, 95.29964966393811,95.29964966393811,0.0, 241.38207302807214, 28.745496964424095, -2.798729219001662, 28.745496964424095, 128.38565277207445, -1.7678990250108244, -2.798729219001662, -1.7678990250108244, 117.18565888731895, 7.234165032415698, 4.4824506249071545, 12.0, 0.0
41, 0 ,1.0,1.0,1.0,124.5794146440266,73.87334166019647,166.21945785369476,10.260159265073955,9.887750275273241,13.55308945670645,48.0,45.0,64.0,-0.08904261839203341,0.011688802124531342,0.9959592280885721,13.577706116248395,0.7993084951253682,0.5974547701568443,0.06444941611257357,10.638455801060626,-0.5942872552312646,0.8018174165742014,-0.06254189594155324,9.444250222331418,64.66688318796255,51.549745695688415,47.10599801333531,18.867654985524126,5.54403308247096,59246.0,157030.73589775432, 0.0, 0.0,-2.8421709430404007E-14,5.152478015487181, 110.8452088778766,110.8452088778766,0.0, 105.27086814468292, 11.353997358282001, -7.203601073517729, 11.353997358282001, 97.76760550616605, 2.031290074167467, -7.203601073517729, 2.031290074167467, 183.68623382148755, 7.263432319661447, 4.561816664261749, 14.0, 0.0
42, 0 ,1.0,1.0,1.0,179.3533515618527,83.165548098434,20.58245090728312,11.48768896862511,10.880929820752321,11.208937001937826,50.0,53.0,45.0,0.8772974469248103,0.47614422003520085,-0.060298186923649466,11.731962918892618,-0.06865505887373541,1.575107130682707E-4,-0.9976404452914981,11.207604155960224,-0.4750112340884718,0.8793671911763855,0.032827893205343614,10.618500622519687,64.51996836852513,47.57215488775844,55.76015520318465,18.65867023623671,5.277871288008437,60345.0,171147.6514311673, 0.0, 0.0,0.0,NaN, 88.12734971387776,88.12734971387776,0.0, 131.96699783987103, 10.395410023980292, -0.4358041378075512, 10.395410023980292, 118.39463376413715, -0.7165247255573641, -0.4358041378075512, -0.7165247255573641, 125.64026871341095, 6.960526281903403, 4.407405230421351, 8.0, 0.0
43, 0 ,1.0,1.0,1.0,149.2096801149848,113.97491392853561,129.88862519637664,11.941608831339394,10.691103071790407,10.64712148645123,57.0,55.0,52.0,-0.9925332013545397,-0.09212413510726002,0.07994365478040291,11.96127579754153,-0.020579466004370744,0.772492843015271,0.6346899188337243,10.763076011397496,-0.1202261609961988,0.628305619281671,-0.7686206600080385,10.552107769903023,57.539036042081165,49.869439739213135,54.00513725890302,18.551655421262122,5.108716419061351,59834.0,154964.47354343042, 0.0, 0.0,0.0,NaN, 122.04743710737715,122.04743710737715,0.0, 142.602021480723, 2.8293400048900526, -2.5760218556962142, 2.8293400048900526, 114.29968489164625, 1.9711171979102158, -2.5760218556962142, 1.9711171979102158, 113.36119594725145, 6.53139227322536, 4.377922353861931, 15.0, 0.0
44, 0 ,1.0,1.0,1.0,10.147897100857493,167.51578195181708,161.71359738668843,6.720161326973295,15.895585443689061,11.55613206590595,27.0,69.0,66.0,0.04505712943055815,0.9819068753241182,0.18392591790910034,16.04466283193291,0.001338588153125552,-0.18417207767161026,0.982893104049407,11.367259477468483,-0.9989835150137533,0.04404014075079132,0.009612634051925934,6.687944360139397,74.23403865361323,65.41542957135695,28.252175441618878,19.545483255719056,7.024847150166102,48980.0,137194.01970403083, 0.0, 0.0,0.0,NaN, 51.22550988365148,51.22550988365148,0.0, 45.16056826054748, 9.389540129461741, 1.8738607703313068, 9.389540129461741, 252.6696365976196, 23.119914030626507, 1.8738607703313068, 23.119914030626507, 133.54418832465976, 7.7070307811032315, 4.774562858599664, 6.0, 0.0
45, 0 ,1.0,1.0,1.0,118.04716882652072,178.36528624901203,31.49046333716092,10.436399743738251,10.885216252013628,14.061844865737225,57.0,46.0,61.0,0.12590225968751187,0.12993636451994187,0.9834963966283349,14.163185687069085,-0.07248786036170361,-0.9875301398925734,0.13974882076045034,10.823878696953104,-0.9893907878617831,0.08888624178743934,0.1149134670747707,10.362898949594552,64.64275058321932,50.234653501386504,56.614297276345766,19.72819648466295,5.995007669292767,67057.0,183843.95724772164, 0.0, 2.8421709430404007E-14,0.0,82.53408491771134, 90.42110736783233,90.42110736783233,0.0, 108.91843961109983, 2.223922925188649, 11.442260531556094, 2.223922925188649, 118.48793285310161, 10.563134356685305, 11.442260531556094, 10.563134356685305, 197.73548102806035, 6.258798600243582, 4.180060619626939, 9.0, 0.0
46, 0 ,1.0,1.0,1.0,16.035568572347593,150.00098190252078,60.83537896358496,10.277538411770262,10.266525526136208,13.508057206397774,40.0,49.0,66.0,-0.10518038664699372,0.06191813998226778,0.9925236673278506,13.54776835063571,0.69268244113426,-0.7115583038978187,0.11779565313857215,10.603811631116018,-0.7135321450425842,-0.6998935091106334,-0.03195236917244153,9.87492295083139,65.62959381037406,52.475148996899094,53.256936763467735,18.970149653295998,5.7991700964078134,59069.0,183412.77418740146, 0.0, 0.0,-7.105427357601002E-15,7.0105628686227535, 80.3615866181941,80.3615866181941,0.0, 105.62779580541321, -7.917402748941299, -7.762855833050828, -7.917402748941299, 105.40154637880634, 4.035730214158266, -7.762855833050828, 4.035730214158266, 182.46760949131485, 6.9595314774855686, 4.398933179082871, 10.0, 0.0
47, 0 ,1.0,1.0,1.0,120.69958510306827,152.84274914314764,110.44995818232506,12.290502720915926,12.372041151143323,9.288960509285927,66.0,59.0,45.0,-0.6054024770380658,-0.7958045532826457,0.013526040469515723,12.49528653074708,0.7930777034302446,-0.6017190070530132,0.09466780272586993,12.188843389093698,-0.06719819281783469,0.0680393233780607,0.9954170248475123,9.257891664530128,58.18328217292736,60.13997432923598,44.938256070496436,18.974086869904202,5.512955121785969,60979.0,157245.29861100338, -1.4210854715202004E-14, 0.0,0.0,52.74219061800325, 128.5751612899978,128.5751612899978,0.0, 151.05645713284179, 3.931735868960157, 4.142734120631904, 3.931735868960157, 153.0674022455838, -4.338728922902718, 4.142734120631904, -4.338728922902718, 86.28478734307348, 6.625658012934521, 4.417530531213343, 14.0, 0.0
48, 0 ,1.0,1.0,1.0,112.60662560003297,30.064381219225776,65.03518819918004,9.422544056493956,13.020184430091156,9.667828133187706,44.0,57.0,52.0,-0.2618300304977005,0.9650923195590562,0.006469146596992972,13.264627253534226,0.14915219481315717,0.03384079008793972,0.9882350042923198,9.681702260967233,-0.9535190915298918,-0.25971448872626246,0.1528061727603457,9.060394310282105,58.70822837481897,54.472786489727596,42.745958246933554,17.960320375350737,5.404010725172704,48539.0,136701.6082195621, -1.4210854715202004E-14, 0.0,0.0,74.82132257133175, 113.00904659013152,113.00904659013152,1.3486991523486091E-6, 88.78433649656958, -23.6586189455923, 1.557405044915336, -23.6586189455923, 169.52520259358815, 0.9754225854995714, 1.557405044915336, 0.9754225854995714, 93.4669008128557, 6.533644615835754, 4.197838833633841, 8.0, 0.0
49, 0 ,1.0,1.0,1.0,142.11621031996964,37.30433476666245,127.59663905400278,12.662571714644201,9.745472572834455,11.961465656025796,60.0,45.0,63.0,-0.988475399647589,0.13853087300953254,-0.061037541847262955,12.723171947874183,0.035234389816470195,-0.18159041497004774,-0.982742824428277,12.025808790161594,-0.14722405396469906,-0.9735677266704267,0.17461660722845557,9.586054311548635,58.221518399506834,62.563272353341006,44.639106917429885,19.20173017408427,5.448410507510086,63256.0,162599.22864501557, 0.0, 0.0,1.4210854715202004E-14,86.50063129836994, 99.92193541150795,99.92193541150795,0.0, 160.34072242850738, -9.920942912446806, 2.3968177930001846, -9.920942912446806, 94.97423566786863, 8.81782125919124, 2.3968177930001846, 8.81782125919124, 143.07666064028462, 6.8350695604812985, 4.551552102450199, 11.0, 0.0
