// Sample: .//bubblelabels.tif, Map: .//bubblelabels.tif, Thickness:(8.191250068658265):/afs/psi.ch/project/tipl/test/LabelValidation/Step4900//distmap.tif, Neighbors:(1.0):
//LACUNA_NUMBER, TRIANGLES, SCALE_X, SCALE_Y, SCALE_Z, POS_X, POS_Y, POS_Z , STD_X, STD_Y, STD_Z,PROJ_X, PROJ_Y, PROJ_Z, PCA1_X, PCA1_Y, PCA1_Z, PCA1_S, PCA2_X, PCA2_Y, PCA2_Z, PCA2_S, PCA3_X, PCA3_Y, PCA3_Z, PCA3_S,PROJ_PCA1, PROJ_PCA2, PROJ_PCA3,OBJ_RADIUS, OBJ_RADIUS_STD, VOLUME, VOLUME_BOX, Mask_Grad_X,Mask_Grad_Y,Mask_Grad_Z,Mask_Angle, Mask_Distance_Mean,Mask_Distance_COV, Mask_Distance_STD, SHAPET_XX, SHAPET_XY, SHAPET_XZ, SHAPET_YX, SHAPET_YY, SHAPET_YZ, SHAPET_ZX, SHAPET_ZY, SHAPET_ZZ, Thickness, Thickness_STD, Neighbors, Neighbors_STD
1, 0 ,1.0,1.0,1.0,95.0600893647515,279.49670151329934,16.86653247902879,17.759218650998477,13.011437923444591,11.113081289528155,82.0,54.0,54.0,-0.9512529154766332,0.27726208584363166,0.1350689696075455,18.185953702336413,-0.308368290817608,-0.8476915741784957,-0.4316572625185536,13.018547462463713,-0.005185365506158321,-0.452266216757811,0.8918679168823964,10.391171713591369,88.64797875104475,72.91029598193586,52.11016545240523,23.35410840117478,7.922976742583845,94892.0,336806.2571022774, 0.0, 0.0,0.0,NaN, 98.6979521405354,98.6979521405354,0.0, 315.3898470939722, -42.67237693408072, -20.433250096904025, -42.67237693408072, 169.2975168356521, 30.84781356348133, -20.433250096904025, 30.84781356348133, 123.50057574766078, 8.22345779045329, 6.454690307631945, 14.0, 0.0
2, 0 ,1.0,1.0,1.0,29.841200262431236,166.92978522454453,17.39937131857278,16.597930266621162,18.231620803777627,11.210263545564539,66.0,85.0,48.0,0.13631360141977358,0.9822949525715374,0.1285115878839462,18.35668243696227,0.9900925983943388,-0.13949558182187427,0.016050833527369485,16.568151823103886,-0.03369345148122505,-0.1250504250478938,0.9915781071214832,11.04906557607791,82.94981656290157,71.79627215901945,53.01633425124886,25.856459685963777,8.062058517371224,138703.0,315738.1215218711, 3.552713678800501E-15, 0.0,0.0,82.16541404959924, 137.48060741708247,137.48060741708247,0.0, 275.49128913561884, 7.721746821307518, 6.186604130140531, 7.721746821307518, 332.39199713273723, 26.785127050399836, 6.186604130140531, 26.785127050399836, 125.67000876101321, 7.852028759945431, 5.713968124671342, 17.0, 0.0
3, 0 ,1.0,1.0,1.0,73.56341528821564,251.29280065930183,206.63087599500292,17.39886206398421,14.573479666217738,15.08502361189463,91.0,84.0,75.0,0.9045970807417918,0.29446184832167066,0.30821476505257495,17.92811953284208,-0.3957551523487096,0.3115183199880764,0.86390635817851,14.883885154096086,-0.15837291720138957,0.9034647509420559,-0.39833335650222657,14.132131502729296,101.84740181184031,76.7902415749468,87.35631676860027,26.06023650063355,7.970490675362357,152889.0,683203.8462722849, 0.0, 0.0,0.0,NaN, 128.45917894001,128.45917894001,0.0, 302.7204011215489, 29.728032436654846, 26.473561484413107, 29.728032436654846, 212.38630958166186, 16.91556099659024, 26.473561484413107, 16.91556099659024, 227.55793737141855, 6.634593779840597, 4.951469847434049, 40.0, 0.0
4, 0 ,1.0,1.0,1.0,132.5799380955498,190.3740356651923,18.96041668614818,16.932811516318697,13.39715217761226,11.70371577651153,79.0,66.0,48.0,-0.9983342163980574,-0.010895083337452665,0.05665765198052411,16.946392577832093,0.03537396590473876,-0.8913676605755825,0.45189863489081666,13.944059463523425,0.045579325412368775,0.45315007540447716,0.8902682372498021,11.025594749053722,79.75095312516676,78.37599171787858,54.55187400615539,23.45502351839335,7.283036938408848,106939.0,340979.76385896327, 0.0, 0.0,0.0,NaN, 173.07451991170944,173.07451991170944,0.0, 286.7201058471751, -0.4963759141557546, -8.202901860327213, -0.4963759141557546, 179.48368647010088, -29.4560703487887, -8.202901860327213, -29.4560703487887, 136.97696297736488, 7.077487608275861, 5.20069319271408, 19.0, 0.0
5, 0 ,1.0,1.0,1.0,208.01654296519504,51.68322311431095,102.09258397880559,14.925140297083964,16.307058363442408,15.018671335454075,77.0,81.0,87.0,-0.06723384863221545,-0.8939118146756411,0.44317183708060925,16.701951206258936,-0.9347732168998979,0.21172728298411905,0.28525530776267677,14.969227939923963,-0.348824658768151,-0.3950863516036269,-0.8498400627246392,14.53297955771946,80.25426822108875,73.22133102514218,71.70057733485339,25.63131933830002,7.56808582250755,148341.0,421335.8477559479, -2.8421709430404007E-14, 0.0,-1.4210854715202004E-14,84.2678313371149, 146.81623760002478,146.81623760002478,0.0, 222.75981288763958, 1.5244630309724543, -5.450470207723988, 1.5244630309724543, 265.920152468717, -26.061367971443836, -5.450470207723988, -26.061367971443836, 225.56048868238986, 6.075108859025136, 4.763132053827728, 40.0, 0.0
6, 0 ,1.0,1.0,1.0,150.61477774153119,60.16241436739179,174.06740724207202,16.323258427846987,12.31803191923581,13.769094256703417,86.0,63.0,67.0,0.9379503364374686,-0.008519120768888855,0.34666495490338295,16.693925084000437,-0.3269809919366087,0.31115035253490075,0.8923389989401775,13.432675170089526,0.11546686662844374,0.9503225150961814,-0.2890579872833082,12.192076762398365,87.46522040881393,71.73707144053179,62.12700301957266,23.606820144786546,7.105538358727062,116486.0,389815.8037212582, 0.0, 0.0,0.0,NaN, 204.43697965500277,204.43697965500277,0.0, 266.4487657022777, -4.273414660062412, 33.00759546360526, -4.273414660062412, 151.73391036331228, 8.442505729334398, 33.00759546360526, 8.442505729334398, 189.58795664998303, 6.868355512203783, 4.91791202414025, 33.0, 0.0
7, 0 ,1.0,1.0,1.0,136.28260552952884,101.75425395053038,285.36982061800614,16.299642098129443,16.378625252813812,8.554792915704155,93.0,76.0,36.0,0.697785327538365,0.7121061534633026,0.07746265469163638,18.956019305620355,0.7162817142634653,-0.6945763437336069,-0.06711340058025525,13.29714223742299,-0.006011861938568341,-0.10231582930003105,0.9947337978528117,8.424815720981423,90.63732219745214,69.82662118559014,38.37421014079621,23.13090950255659,8.490182866959017,82394.0,242866.46036717403, 0.0, 0.0,0.0,NaN, 170.70711442612904,170.70711442612904,0.0, 265.6783325271135, 90.62692910602627, 10.498370353541919, 90.62692910602627, 268.25936517211034, 20.83963793326419, 10.498370353541919, 20.83963793326419, 73.184481830582, 6.891453641973387, 5.050425747839963, 18.0, 0.0
8, 0 ,1.0,1.0,1.0,136.35043060954968,16.16016257138074,162.7789475642194,19.222517805915373,11.162045254265559,13.736132300304664,93.0,46.0,67.0,-0.9834529388221387,0.15820742948801136,0.08826509149655118,19.44435344666031,-0.043229298377934336,0.2682026223638266,-0.9623921140153417,13.875966036656925,0.17593051152045858,0.950282990804299,0.2569254609885662,10.590205910149818,93.54283999936594,67.62485673962126,51.96572587743018,24.594731771282554,8.824791483494737,107522.0,328725.88803708454, 0.0, 0.0,0.0,NaN, 194.11905628589463,194.11905628589463,0.0, 369.5051907987336, -42.30805570513054, -19.73946694883109, -42.30805570513054, 124.5912542582723, -17.03644143527273, -19.73946694883109, -17.03644143527273, 188.68133057147313, 6.536547313343235, 4.893626092957557, 28.0, 0.0
9, 0 ,1.0,1.0,1.0,159.16060682271365,113.1404692187472,156.0470386404872,14.458611948486618,14.543425329304306,12.725694937589788,66.0,71.0,63.0,-0.6769317682539456,-0.7330626509943027,0.06620068614290599,15.25951272503225,0.7188930833723144,-0.6391733218338966,0.27322188663294916,13.79673570912406,-0.15797504805517015,0.23254379022675767,0.9596703964481451,12.621542956300074,76.69429883877609,75.07355347744169,64.40364184637602,23.176242411772535,6.735560785957214,111334.0,370817.7210247402, 0.0, 0.0,0.0,NaN, 230.99557469734765,230.99557469734765,0.0, 209.05145947692003, 22.231845347329465, 2.8020901258326734, 22.231845347329465, 211.51122030905003, -8.991149489810718, 2.8020901258326734, -8.991149489810718, 161.94331164459837, 6.300472385195876, 4.6172057505480435, 34.0, 0.0
10, 0 ,1.0,1.0,1.0,287.58670287024347,139.68374809482947,131.85124940763606,8.319380357862752,18.492721572424642,13.80433011163772,38.0,103.0,78.0,-0.02798687680495887,0.9928712190073905,0.11585973068103417,18.552662907772376,-0.10595823528078438,-0.11819874842216976,0.9873205701531871,13.781464634956567,-0.9939766531980951,-0.015355726560810117,-0.10851089603769588,8.223278061155908,101.25098485843688,77.70677515314658,41.14724389492096,22.99618937817489,8.539768416551746,78077.0,323741.8864940219, 0.0, 0.0,0.0,NaN, 192.484782249938,192.484782249938,0.0, 69.21208953879257, -6.153619282604936, -13.69188151267337, -6.153619282604936, 341.9807511552197, 17.54275971634859, -13.69188151267337, 17.54275971634859, 190.55952983106786, 6.270394947228148, 4.6959975162063525, 21.0, 0.0
11, 0 ,1.0,1.0,1.0,25.488603502736048,197.85481144246882,139.8658742752065,13.85946510195242,17.325069234659214,14.449919652117257,60.0,94.0,75.0,-0.1911089185661568,-0.9811869994474157,-0.027376145818054535,17.441395094859292,0.5475390836656395,-0.12971076983624216,0.8266656325547119,15.04821996645814,-0.8146645525018665,0.1429936652578243,0.5620271155318639,13.053420541632967,98.53869636290045,80.30670571401697,72.59536268301085,25.24783908499864,7.974308521033954,134866.0,574470.1967883336, -3.552713678800501E-15, -2.8421709430404007E-14,0.0,5.8760975767226515, 175.05933634268456,175.05933634268456,0.0, 192.084772912237, 21.11000804640958, 26.073312389786576, 21.11000804640958, 300.1580239857352, -2.4165639658416183, 26.073312389786576, -2.4165639658416183, 208.80017795264453, 5.903717067140223, 4.55029100560397, 30.0, 0.0
12, 0 ,1.0,1.0,1.0,22.780972260264267,142.39097254361192,90.35284339374935,14.243830777359376,12.750288485046157,14.64086428074654,58.0,69.0,71.0,0.23036820969263413,0.21540574957613035,-0.948963039855903,14.762083761663428,0.9729158833984015,-0.03183388060303445,0.22895695638451385,14.21479962516887,-0.019109468703210206,0.9760056183728133,0.216905189220046,12.642461515983454,74.38312818919223,64.81238169347513,69.72348556537136,23.05354370121984,6.95310012649539,105877.0,336133.2770762179, 0.0, 0.0,0.0,NaN, 170.1699094093135,170.1699094093135,0.0, 202.8867152140502, 1.5745502166320346, -3.2918250583125706, 1.5745502166320346, 162.56985645190062, -12.181530948971336, -3.2918250583125706, -12.181530948971336, 214.35490688723988, 6.147758875682955, 4.480382214277571, 23.0, 0.0
13, 0 ,1.0,1.0,1.0,122.3920509755699,107.57878081708817,92.17167278637211,15.149085731363483,14.083509717888079,13.097760169778022,76.0,67.0,68.0,-0.9973121819283574,0.002653053734715421,-0.07322139771391968,15.159136050448184,-0.03953270890974773,-0.8608842975987577,0.5072626450608717,14.590792529917522,-0.061689356485186655,0.5087938555581971,0.8586752796270942,12.51801635595583,74.38329484011297,71.0579130297154,64.4876006424762,23.5088296403156,6.835663455563126,116291.0,340850.61229379766, 0.0, 0.0,0.0,NaN, 187.21278131670297,187.21278131670297,0.0, 229.4947984962007, 1.7189225734346938, 4.211186543444743, 1.7189225734346938, 198.34524597384794, -24.5522764464352, 4.211186543444743, -24.5522764464352, 171.5513214650236, 5.939573940737007, 4.447523620908347, 34.0, 0.0
14, 0 ,1.0,1.0,1.0,263.35448800973353,76.35779792508863,285.787903763884,17.930055268022485,13.750723700927042,8.193767102254169,74.0,67.0,34.0,-0.918884212885373,-0.39449774894958334,0.004830050076339765,18.745747280524334,-0.39451027091456764,0.9186618492530749,-0.020543925375528654,12.617914058189983,0.0036673495801190325,-0.020782993062416225,-0.9997772840720199,8.190989394109035,87.01974352131137,70.63525282827655,34.778510008915134,22.625163696976003,8.112279040110863,76437.0,213771.73144419392, 0.0, 0.0,0.0,NaN, 85.88009392415717,85.88009392415717,0.0, 321.4868819143409, 69.67593060195736, -0.515235296861472, 69.67593060195736, 189.0824022992367, -2.2803011635524224, -0.515235296861472, -2.2803011635524224, 67.13781932598269, 5.825023258959933, 4.739563554893249, 16.0, 0.0
15, 0 ,1.0,1.0,1.0,228.07751666563686,50.34674822702339,24.953192044432544,17.930198475712253,14.602928141889697,14.872221567983274,82.0,76.0,63.0,-0.8680070646586325,-0.46046555057302807,-0.18583652073309628,19.457125795985316,0.053001914663644956,-0.45803361272917187,0.8873533719168767,15.20739805138289,-0.4937150319209375,0.7603793042592236,0.4219819675170575,12.086182289243096,97.15861250756089,72.9936735693427,62.7745788748785,26.192751147841776,8.358246788063237,145659.0,445195.0563725793, 0.0, 0.0,0.0,NaN, 91.27047967017242,91.27047967017242,0.0, 321.49201737843396, 90.86077664798565, 41.511176848847796, 90.86077664798565, 213.2455103171941, -14.728412735142465, 41.511176848847796, -14.728412735142465, 221.18297436718686, 6.415762348719507, 4.535139094092731, 26.0, 0.0
16, 0 ,1.0,1.0,1.0,285.42208325842984,160.00948920105807,64.1588638639924,8.9146336953028,16.88396003207967,13.82215189097842,35.0,85.0,69.0,0.14134766458975892,-0.9291240749556334,0.341685953841916,17.412112358305475,-0.09116173727443465,-0.3559010278294049,-0.9300666621522786,13.35604581607793,-0.9857537092865176,-0.10031406545351552,0.1350063439252387,8.603782108127984,83.70585730283379,71.28291687695571,42.20133154754518,22.221822648407503,7.860106956413295,77878.0,251806.80667418728, 0.0, 0.0,0.0,NaN, 154.6810220505125,154.6810220505125,0.0, 79.47069392142808, -26.70914660787342, 19.915688460498483, -26.70914660787342, 285.0681063648637, -38.20601967687252, 19.915688460498483, -38.20601967687252, 191.05188289727832, 6.557986867390246, 4.693206848565673, 19.0, 0.0
17, 0 ,1.0,1.0,1.0,193.0052023897429,65.94181714439149,285.6794153185205,13.163574502553807,14.13096312891697,8.442400737226002,64.0,76.0,36.0,0.11569950901782054,0.9932527662563222,-0.007909863285787182,14.144117477952662,-0.9932808028025967,0.11567442339974775,-0.0035601341218094943,13.149794665685135,0.0026211441899765355,-0.008268621124496424,-0.9999623790462498,8.44184718312305,75.25581121744484,65.47947443121296,36.29934233889145,19.98208170431509,6.704800787873713,59588.0,178872.66731693037, 0.0, 0.0,0.0,NaN, 126.49620195714837,126.49620195714837,0.0, 173.27969368428472, 3.1209813500241395, 0.24159866502074354, 3.1209813500241395, 199.6841189508109, -1.0537099263389473, 0.24159866502074354, -1.0537099263389473, 71.27413020791415, 5.8003396582666875, 4.439958802765806, 17.0, 0.0
18, 0 ,1.0,1.0,1.0,128.95808526155275,139.21913412451104,14.706795730292383,13.561419290934875,14.549686748015992,9.610640931285204,67.0,71.0,42.0,0.06360531324079911,0.9672603655905003,0.2456862822488696,14.831880651538436,-0.9976710473497813,0.06770582070054837,-0.008270618069754633,13.558255499341788,0.024634232432336547,0.24458803527768203,-0.9693141119324904,9.17381713972517,74.38789058386664,66.42483200173479,42.89151518949734,21.05792095027821,6.673369614510488,75415.0,211935.68931910585, 0.0, 0.0,-1.7763568394002505E-15,75.77760550707914, 190.33771276695813,190.33771276695813,0.0, 183.9120931845406, 1.6240493664069735, 2.944933783775819, 1.6240493664069735, 211.69338446539217, 32.2221772029597, 2.944933783775819, 32.2221772029597, 92.36441911009452, 6.925357538256588, 4.65289986182272, 14.0, 0.0
19, 0 ,1.0,1.0,1.0,70.22856195626079,218.931944714369,129.03174693905547,14.340494474404675,12.119785889459315,12.181415017167806,67.0,54.0,63.0,-0.9347507196179285,0.3315930757176262,-0.12762101829201233,14.71482840301425,-0.08688604338651094,-0.5616121070458848,-0.8228260184778549,12.475424868436601,-0.34451691923387856,-0.7580487275601793,0.5537781315707497,11.347398953905172,72.7584783928973,67.87616505686933,62.858191892184394,21.465995253681573,6.335369868143742,87473.0,310429.36001794465, 0.0, 0.0,0.0,NaN, 167.7893686154845,167.7893686154845,0.0, 205.64978177043102, -25.891365000335956, 12.390740953751745, -25.891365000335956, 146.88921000633712, 8.704182885326551, 12.390740953751745, 8.704182885326551, 148.38687182048133, 6.178481978260407, 4.4170656212651584, 25.0, 0.0
20, 0 ,1.0,1.0,1.0,123.31936163697605,238.54549957670622,239.67699083163717,13.211192778993833,17.447549315229466,11.815273308722569,65.0,90.0,55.0,0.22949124618838304,0.9707988738711023,0.06988071560525508,17.667322333692855,-0.842361869853178,0.23407164232909755,-0.48542450131283665,13.441347619676677,-0.48760665309279794,0.05253582347273637,0.8714813475408874,11.213793775316402,88.15681561094257,71.63027596065925,58.58480197597564,23.754766750214824,7.3664327699251215,111034.0,369945.2750422826, 0.0, 0.0,0.0,NaN, 150.41005954374955,150.41005954374955,0.0, 174.53561464373882, 30.69583717609, 25.446285868383693, 30.69583717609, 304.4169771073642, 6.40407751065951, 25.446285868383693, 6.40407751065951, 139.60068335981194, 6.276607400830924, 4.597022721689575, 29.0, 0.0
21, 0 ,1.0,1.0,1.0,86.31800564704231,164.79793409445642,13.804668455481314,12.006667184714892,12.818239023178624,8.794192963211207,51.0,58.0,37.0,-0.30654482300529656,0.9501331545039204,0.05724735977387336,12.934508229178785,-0.9457801790882877,-0.297251978264256,-0.13092407823510777,11.94189789103087,-0.10737841651085166,-0.09427751656897825,0.989738160089429,8.71175700094654,60.92457457592364,53.95487753587358,39.13703185381168,18.821015669770258,5.619119821831611,57021.0,128650.38853628798, 0.0, 0.0,0.0,NaN, 160.9998931526836,160.9998931526836,0.0, 144.16005688450943, -7.867293434607917, 6.656827254814224, -7.867293434607917, 164.3072516553393, 7.5682010126805235, 6.656827254814224, 7.5682010126805235, 77.33782987419353, 7.005551824544239, 4.81594810460646, 10.0, 0.0
22, 0 ,1.0,1.0,1.0,87.36053453620059,216.01361668254677,276.6848624461785,12.895981531881034,12.90160768239016,11.825530440567617,62.0,64.0,52.0,0.7347677436387144,0.6558576513717181,0.1731100922686123,13.217624580276134,0.6173381437772388,-0.7523230656333895,0.23000787193844566,12.663954631411318,-0.2810871379941571,0.062134902053142343,0.9576686665027214,11.726877001578591,62.83124475505076,66.23019887793264,57.08040903122807,20.894444336647744,6.001931899346924,82913.0,237530.18082396625, 0.0, -2.8421709430404007E-14,0.0,49.0152863436012, 123.40652825661411,123.40652825661411,1.9073486328125E-6, 166.30633967061672, 7.3047888329770005, 7.975292256900374, 7.3047888329770005, 166.4514807903088, 0.26690374607442374, 7.975292256900374, 0.26690374607442374, 139.84317020079132, 5.653079813054333, 4.2506287202939745, 18.0, 0.0
23, 0 ,1.0,1.0,1.0,25.991365319608704,272.78134442780674,234.11755897675002,13.83245568968223,14.110968808708114,13.820373149803547,60.0,59.0,68.0,-0.3038704448780618,0.7397032155869724,0.6004181089706591,15.094354618847287,-0.9184530627412382,-0.05995907792008744,-0.3909589243337613,13.762345186636395,-0.25319305731170366,-0.670256713375753,0.6976024755574526,12.814729756476183,77.75233705598811,66.1820300452254,73.05632618107202,23.151273595002387,6.743701954897739,111527.0,375933.79170559865, 0.0, 0.0,0.0,NaN, 75.87425332428028,75.87425332428028,0.0, 191.33683040702232, -12.913703097151556, -2.5645250989031885, -12.913703097151556, 199.1194407203333, 28.84699483718758, -2.5645250989031885, 28.84699483718758, 191.00271399981082, 6.241742431370848, 4.5346288672906025, 14.0, 0.0
24, 0 ,1.0,1.0,1.0,263.00403466339844,255.84236613485754,221.6421296949057,13.5065630675859,12.817816815138764,12.956070383388669,68.0,64.0,69.0,0.39387556689036274,0.6882676654166703,-0.6092205335908181,14.364370415080895,-0.8806794208957774,0.0928055822796746,-0.46453297138998456,13.517661728062164,0.26318395737102374,-0.719496174166073,-0.6426970203314394,11.20362073476618,72.01328227416718,65.04647006805328,50.63606715726161,21.766211533610832,6.388698541845845,92201.0,237189.9625152755, 0.0, -2.8421709430404007E-14,0.0,46.50686446782168, 97.25509713380055,97.25509713380055,0.0, 182.42724589867544, 17.23245561108703, 4.011367856677088, 17.23245561108703, 164.29642790645406, -36.35209256964917, 4.011367856677088, -36.35209256964917, 167.85975977932102, 5.661805259363779, 4.2445742382018805, 21.0, 0.0
25, 0 ,1.0,1.0,1.0,190.7364036866881,220.1221097516108,29.39048894842599,14.806453494382952,12.740634903184615,15.024630806492752,73.0,56.0,67.0,-0.8536581114309432,-0.4656455095503636,-0.2333282842343325,15.927676864208351,-0.08729238885867953,-0.31373922101137935,0.9454880961950383,15.16343722248778,-0.5134665204621429,0.8274913658974059,0.22717872200042122,11.120865748583437,78.17456980506535,76.18071396090943,56.50712059088738,23.527457482391373,7.331651799095728,106003.0,336522.1975136327, 0.0, -2.8421709430404007E-14,3.552713678800501E-15,63.6844864399695, 138.5020276764194,138.5020276764194,0.0, 219.23106508132514, 54.59216239804085, 17.12743075381691, 54.59216239804085, 162.32377773624606, -17.39333310329334, 17.12743075381691, -17.39333310329334, 225.73953087141103, 5.9849527466424, 4.288376085773999, 24.0, 0.0
26, 0 ,1.0,1.0,1.0,286.0391488886407,76.89672735395956,33.76803306154362,8.595976100966277,13.910526562947817,19.4350834175736,36.0,78.0,79.0,0.11279401410835141,0.014601632930827037,0.9935110984267256,19.53609920160094,-0.1609151480982222,-0.9864241914975288,0.0327662866521808,14.034010216521756,0.980501823299606,-0.1635668265394885,-0.10891312024705146,8.1549621128902,82.47495311895784,79.96570846402132,40.693515711823665,23.973204681937112,8.390558927323587,89530.0,268380.57493721147, 0.0, 0.0,0.0,NaN, 85.13690209508587,85.13690209508587,0.0, 73.8908051283834, 21.225465996027747, 34.629208579462734, 21.225465996027747, 193.50274925847683, 0.355592915079069, 34.629208579462734, 0.355592915079069, 377.7224674480444, 6.481042091794937, 4.827926107267145, 18.0, 0.0
27, 0 ,1.0,1.0,1.0,57.0205812445981,237.61454732065687,58.74128943388072,11.758840066690967,11.865882303275283,12.519185191616879,63.0,62.0,62.0,-0.5275696668793854,0.330718691546574,0.7824930630047122,13.259682613450813,-0.138378947834631,-0.9422623524433721,0.30494741508014633,11.684997014911632,0.8381655644232562,0.05260043944307309,0.5428735399569967,11.110406930587834,60.799440403335694,58.97378164282762,59.15252065458478,20.0821161770307,5.701586644392964,74048.0,212095.67634797204, 0.0, 0.0,0.0,NaN, 102.92633519091855,102.92633519091855,0.0, 138.2703197140168, -7.430930884246463, -22.17539602821459, -7.430930884246463, 140.79916283518153, 9.791066376158879, -22.17539602821459, 9.791066376158879, 156.72999786199935, 5.7357658055355785, 4.271297265340358, 22.0, 0.0
28, 0 ,1.0,1.0,1.0,86.91173833560391,19.27710436534274,219.54556886855067,14.164567872623778,11.557216718554898,12.822508146940406,66.0,44.0,58.0,-0.8468760116482592,-0.06383154883877305,0.5279455978295314,14.967351453828826,-0.5293455221258434,0.006097289192863166,-0.8483844301198703,11.891192020336682,-0.05093465519718534,0.9979420606615106,0.03895259250167958,11.541182750013665,70.45714503952156,55.83771633210023,46.558096294325246,21.40684709816765,6.353570161086273,85881.0,183167.28311072834, 0.0, 0.0,0.0,NaN, 119.99238518303535,119.99238518303535,0.0, 200.6349830181657, 4.88316916534859, -36.92401797809166, 4.88316916534859, 133.56925827964486, -3.1031130044335624, -36.92401797809166, -3.1031130044335624, 164.4167151783531, 6.062733797862635, 4.426172073338952, 19.0, 0.0
29, 0 ,1.0,1.0,1.0,127.5770090598894,63.12115150802055,248.58920657332234,13.30371835015582,13.0031353799393,14.191143351388364,60.0,60.0,64.0,-0.6291193092740831,-0.2671883951748563,0.7299446939202898,14.862702490876703,0.3925968737685706,0.7012649491244662,0.5950589599666617,13.928959305804465,0.6708774771935976,-0.6609370867286422,0.336281991758419,11.512739404411388,68.84342499844574,70.30261690972836,61.28370801630193,22.482149867213902,6.481661717258575,101988.0,296605.3597489577, 0.0, 0.0,0.0,NaN, 151.33817327140602,151.33817327140602,0.0, 176.98892194027272, 31.77651759085391, -26.214237247782098, 31.77651759085391, 169.08152970902916, 8.419743142134578, -26.214237247782098, 8.419743142134578, 201.38854961965419, 6.067396585023447, 4.357334800352718, 26.0, 0.0
30, 0 ,1.0,1.0,1.0,69.99313713777495,259.8392072531294,136.48381187527377,12.65117651809048,12.081361332421565,12.022840923395988,69.0,57.0,61.0,-0.8772470623353265,-0.4518766429752645,-0.16200336773488566,12.996733111184241,0.17386667497515268,-0.613657750742925,0.7701912387752916,12.445029090278446,-0.44744605368370816,0.6474810147691895,0.6168957485315786,11.259060448566336,69.14220974128273,68.22789400884082,58.58771629545001,20.367411242610174,5.977359122561004,75333.0,276383.29568114656, 0.0, 0.0,0.0,NaN, 158.55522515656676,158.55522515656676,0.0, 160.05226729188396, 13.708598756851144, 9.754571445973406, 13.708598756851144, 145.959291644531, -10.201313989285133, 9.754571445973406, -10.201313989285133, 144.54870386928528, 5.84011146536615, 4.301175015789071, 22.0, 0.0
31, 0 ,1.0,1.0,1.0,138.86357043572852,208.11010303982596,190.05082492294676,13.745644382313737,14.265268545943838,16.37730986005361,70.0,80.0,85.0,-0.2520016047020031,0.27077801424074815,0.9290718261961517,16.700462533106457,0.3915668441377083,-0.849423327325028,0.3537731159487865,14.241502443195735,-0.8849692637598502,-0.45294511588040665,-0.10802834905909678,13.376511644143047,82.96557808282745,84.7615077866993,64.95868045555625,24.64924248473861,7.285035988496982,132376.0,456808.1161096175, 0.0, 0.0,0.0,NaN, 199.5386314918353,199.5386314918353,0.0, 188.9427394850332, -14.767635667346733, -20.097473121197474, -14.767635667346733, 203.49788668789463, 17.9719603761108, -20.097473121197474, 17.9719603761108, 268.2162782522092, 6.945759400539854, 5.040976170198734, 33.0, 0.0
32, 0 ,1.0,1.0,1.0,191.2794429544511,244.91933836813934,85.65337268412016,12.540207376486185,13.152638953473295,13.164344563274582,60.0,64.0,64.0,0.583204070137896,0.13991895664172282,-0.8001847899997127,13.808415785037173,0.016329792422085206,-0.9868744790514389,-0.160661446764316,13.147494614185435,0.8121615297796637,-0.08063155814718706,0.5778340604158887,11.832992822773948,71.22933652493498,66.01000063270561,62.39949653601633,21.530077410881766,6.324906872660026,89113.0,293392.98225107597, 0.0, -2.8421709430404007E-14,-1.4210854715202004E-14,76.54355054971853, 148.96489204595412,148.96489204595412,0.0, 157.2568010452785, 3.604138969135172, -23.72426342486462, 3.604138969135172, 172.99191144042308, -0.4647420370377486, -23.72426342486462, -0.4647420370377486, 173.29996778061707, 6.081064524604743, 4.371759467672742, 29.0, 0.0
33, 0 ,1.0,1.0,1.0,110.23563572696784,171.42630449792858,169.72441556520025,13.470772086334147,10.462577113257364,13.643786407364177,65.0,50.0,65.0,-0.5666849866163685,0.10361625519277853,0.8173932943225259,13.831965532322597,0.8216276698893537,-0.0031191338014500414,0.5700160024740709,13.310912893842316,-0.061612482629720765,-0.9946124585305344,0.08336641602017388,10.420002659681685,70.74277413484079,76.32442830805061,50.1097316735582,20.95087254966833,6.175845479785864,81104.0,270562.5750332972, 0.0, 0.0,0.0,NaN, 213.66988196518656,213.66988196518656,3.814697265625E-6, 181.46170060195925, -5.034524872508306, -6.198662283815485, -5.034524872508306, 109.4655198508568, 6.886285902463803, -6.198662283815485, 6.886285902463803, 186.15290752977546, 5.7999469486555215, 4.250458778435496, 19.0, 0.0
34, 0 ,1.0,1.0,1.0,67.73291137807267,44.4751412493348,170.983842661262,12.195114848572791,12.913012829912835,13.77408778977189,59.0,59.0,64.0,0.14203116979437352,-0.44102214793888606,0.8861865558866333,13.978087092665318,0.5310736110623759,-0.7215544010441598,-0.4442072331322088,13.104814127188266,-0.8353370376321225,-0.5337215672625341,-0.13173200901380902,11.750282927548056,64.28406738429985,66.50265084269776,63.12988928246139,21.549604036553035,6.38801900619371,88319.0,269884.1205356344, 0.0, 0.0,0.0,NaN, 152.35141721478053,152.35141721478053,0.0, 148.72082616988055, -16.49146721622129, -0.727908326220657, -16.49146721622129, 166.74590034549348, -11.610445922589813, -0.727908326220657, -11.610445922589813, 189.72549444034308, 5.541538058849973, 4.1097174642289716, 25.0, 0.0
35, 0 ,1.0,1.0,1.0,113.60465854045414,212.7659382359042,151.2068523738058,12.674977129104546,13.18460847430732,11.525495717037533,69.0,66.0,56.0,-0.4009931717958575,0.8443353343968512,0.35539037587145617,13.660816394557404,0.9131338290620464,0.399493077375484,0.08119046342736826,12.485187905562826,0.07342401783873567,-0.35707579618061863,0.9311851531174634,11.172653031600403,69.86355673367865,62.481323958705644,56.21391575325602,20.78011283607722,5.959270751315791,81957.0,245383.15928470853, 0.0, 0.0,0.0,NaN, 206.5313553784647,206.5313553784647,0.0, 160.65504522332333, -9.592930868851653, -6.503493005311519, -9.592930868851653, 173.83390062077638, 19.548324720117982, -6.503493005311519, 19.548324720117982, 132.83705152345053, 6.257426654812369, 4.3305667026887, 14.0, 0.0
36, 0 ,1.0,1.0,1.0,221.57527904693805,191.79071176663072,233.36070679771672,12.212641102371677,12.82663611527378,12.355764028382156,62.0,63.0,62.0,-0.4370379173147986,-0.8205571985542539,0.3683527422592887,13.544840467345029,-0.6281980368998987,-0.014625590786279539,-0.777916009945332,12.546239520257709,0.643711958304533,-0.5713772624063257,-0.5090804835591286,11.201128160526617,68.08114170806752,68.42103326841618,53.263038831558546,20.778236670704548,5.88225996622318,82513.0,248108.9320399627, 0.0, 0.0,-2.8421709430404007E-14,68.38593755040891, 149.33346013214154,149.33346013214154,0.0, 149.14860269533807, 21.092209638015465, 6.273338379721775, 21.092209638015465, 164.52259403364565, -17.166555019333288, 6.273338379721775, -17.166555019333288, 152.66490472506246, 5.736786875986087, 4.256019365827063, 28.0, 0.0
37, 0 ,1.0,1.0,1.0,21.453450499195704,259.2782201778759,14.80997327873865,12.945024515556831,16.166802048298685,9.711398778896381,53.0,74.0,37.0,0.4594609529929994,-0.8829312991279598,0.09658133202113993,17.304312517332868,0.874394324998687,0.4305421249810891,-0.2237588948552855,11.559711359239051,0.15598139980412817,0.18725864369096853,0.9698474123686487,9.496539159796521,80.95561498483954,60.125855434074566,46.11176540500825,21.61169708552176,7.495662979593407,75221.0,224450.19871555752, 0.0, 0.0,0.0,NaN, 48.351310206859424,48.351310206859424,0.0, 167.5736597083674, -68.53439614000311, 0.7860520524255248, -68.53439614000311, 261.3654884688745, -22.02931522816015, 0.7860520524255248, -22.02931522816015, 94.31126624275014, 7.443218482078953, 4.995977896123791, 9.0, 0.0
38, 0 ,1.0,1.0,1.0,11.80161510501472,146.5526882781533,240.41035509284387,8.018068403338965,14.148824385019005,13.667056561885452,32.0,64.0,70.0,-0.10574305616061765,0.7763114582544969,0.6214168696266531,15.075146015303963,0.028191122771306896,-0.6223289462889884,0.7822480062024642,12.713784070049188,-0.9939937960926646,-0.10023573411520446,-0.0439218730893897,7.897262481514453,71.92411860424824,62.0572302598859,34.876833438103525,20.164053881304568,6.684161767669863,60801.0,155669.6625714081, 0.0, 0.0,-2.8421709430404007E-14,51.58032421654367, 158.64392311337187,158.64392311337187,0.0, 64.28942092062267, -15.277684149749554, -8.645997547246047, -15.277684149749554, 200.1892314781084, 31.21875343267518, -8.645997547246047, 31.21875343267518, 186.78843506577618, 6.160134601030508, 4.170109952099126, 16.0, 0.0
39, 0 ,1.0,1.0,1.0,248.0384303112314,89.64554417166055,119.38659707455378,11.529507218759177,11.4662258520799,13.809874522655454,67.0,66.0,66.0,0.3228046484329915,-0.006758409718492474,0.9464414841120024,14.085541051007674,0.6006137070218301,0.7742954058382551,-0.19932335396352055,11.999875346377326,-0.7314781841501139,0.6327882334524315,0.25400534977949446,10.616827741919753,63.86112715496449,59.659847669186234,50.51912008932044,20.50365993346373,5.8920654835764354,77595.0,192475.07495237258, 0.0, 0.0,0.0,NaN, 158.0806372564197,158.0806372564197,0.0, 132.92953670741997, 14.359894159161161, 22.433522359994033, 14.359894159161161, 131.4743352909054, -5.3756818617368465, 22.433522359994033, -5.3756818617368465, 190.71263433148818, 6.711844982062889, 4.298617588209901, 20.0, 0.0
40, 0 ,1.0,1.0,1.0,143.3986935353289,151.89675823749266,94.13362982022248,13.269756729749153,11.81636731676627,14.520430102143408,67.0,56.0,72.0,-0.5338894124854299,0.22010324408965531,0.8164047140831389,15.61418476380377,0.8429241924977806,0.21463790849917758,0.493365355428472,12.21419766069285,0.06664008506842166,-0.9515698241202841,0.3001232561561422,11.557096532002364,72.63936332391049,64.16243449306234,58.878577718291055,21.951446731650297,6.685047267610534,90167.0,274416.47000097705, 0.0, 0.0,0.0,NaN, 226.62501139841902,226.62501139841902,0.0, 176.08644366672294, -10.127902246715754, -41.552728364115275, -10.127902246715754, 139.62653656474208, 21.46281854776603, -41.552728364115275, 21.46281854776603, 210.84289035123243, 5.459712652321451, 3.985807829224481, 27.0, 0.0
41, 0 ,1.0,1.0,1.0,177.87371060953004,126.93579762294188,9.185519572565696,13.79122780656539,14.165864040995382,6.253345038772429,64.0,71.0,25.0,0.6683831707417413,0.7400031614939323,0.07522804030546576,15.608452980039688,0.7381028280078339,-0.6723599501770707,0.05600279175831415,12.196742640501354,-0.09202256438534043,-0.018094705769140088,0.9955925016125192,6.131040461924421,80.35324897773887,59.90173009879331,27.512983282711737,19.470538570050945,7.13246944659838,45855.0,132428.20481963144, 0.0, 0.0,0.0,NaN, 176.38565998480505,176.38565998480505,0.0, 190.1979644125824, 46.73479891035779, 14.954974241516648, 46.73479891035779, 200.67170402796603, 7.283680506414011, 14.954974241516648, 7.283680506414011, 39.10432417393975, 6.61166504654262, 4.4894969080204685, 15.0, 0.0
42, 0 ,1.0,1.0,1.0,169.4784944613806,285.62864084995925,67.98278047749841,13.791316080871413,8.338474231335175,13.867357468490582,67.0,34.0,62.0,-0.5537140911543555,0.11794001409603164,-0.824312354834097,14.000940678753576,-0.8304860385991968,-0.005966314127296249,0.557007488986951,13.721019501562285,-0.06077536465476464,-0.9930027976651232,-0.10125116730348398,8.230518747674134,65.6966787983718,67.45372102059255,36.21254601926722,20.303052498716447,6.310325993367147,66262.0,160475.37056170194, 0.0, 0.0,0.0,NaN, 147.8649986079838,147.8649986079838,0.0, 190.2003992425024, -7.78045767994942, 2.8002469315811234, -7.78045767994942, 69.53015250664075, -12.872320799076624, 2.8002469315811234, -12.872320799076624, 192.3036031589015, 6.032662772514527, 4.096444010103291, 18.0, 0.0
43, 0 ,1.0,1.0,1.0,63.719361151442456,49.06441512530775,128.0333943564169,12.312809465571647,13.133088639826402,11.622019176475114,55.0,57.0,55.0,0.2696590247543944,0.8535830993236113,0.44573523858632436,13.611725118988268,0.9057864024797109,-0.38195631771308547,0.1834676114248064,12.351749429660067,-0.32685624279088227,-0.354267221046711,0.8761619328871055,11.014075050014839,64.26363491456088,57.76562763518441,56.89394922795283,20.596245900918603,5.911791495330029,79205.0,211203.37990940185, -7.105427357601002E-15, 7.105427357601002E-15,0.0,67.33889600231497, 151.19531701597853,151.19531701597853,0.0, 151.60527693547073, 3.9105841727838087, 12.88305397076523, 3.9105841727838087, 172.4780172215373, 22.1481929422835, 12.88305397076523, 22.1481929422835, 135.07132973835527, 6.15971046935262, 4.226125439731462, 21.0, 0.0
44, 0 ,1.0,1.0,1.0,73.89069473807847,102.08813424947147,136.26708949964765,11.180428672180218,13.631113586446332,10.836751444704172,53.0,63.0,52.0,-0.0251493737819546,0.9989867406579813,-0.03732292844778985,13.636507026696666,-0.8617055193193373,-0.002736423357811022,0.5074013302720035,11.357884938409802,0.5067850698007662,0.044922199153092854,0.8609012074856689,10.643709438504295,63.44236119489307,56.97752209857482,57.60179934550655,19.82991611218187,5.9176728330006245,68112.0,208218.32398285557, 0.0, 0.0,0.0,NaN, 185.60857093388492,185.60857093388492,0.0, 125.00198529370951, -1.7885958496694494, -6.801995517311516, -1.7885958496694494, 185.8072576066018, -2.7311683442917074, -6.801995517311516, -2.7311683442917074, 117.43518187429795, 6.241023565273026, 4.291630414546948, 25.0, 0.0
45, 0 ,1.0,1.0,1.0,57.15322605085311,10.52632057459769,181.27535836591204,13.058742434869291,7.130769719622075,17.649189676289414,66.0,30.0,77.0,-0.20336097636051859,0.03908655977494139,0.9783233382367287,17.841406283997127,0.9789774278986614,0.024172646799660004,0.20253117985046223,12.813458870701753,0.01573241744354629,-0.9989434037980625,0.04318063280827622,7.097324889164799,79.63995909136486,62.384206911228006,31.04781793414878,21.800273286511842,7.590824173798563,65994.0,154254.11895668387, 0.0, 0.0,0.0,NaN, 132.18485239996951,132.18485239996951,0.0, 170.53075398025595, 0.5635185978978273, -30.742119341093073, 0.5635185978978273, 50.84787679427908, 10.803174569178944, -30.742119341093073, 10.803174569178944, 311.49389622964077, 8.326855072403408, 5.265051751204922, 10.0, 0.0
46, 0 ,1.0,1.0,1.0,198.65393300715093,228.5637310249655,166.6194705808556,11.654356325101167,13.277294928271454,12.685564438440398,60.0,56.0,56.0,0.4271170047518229,0.7598095790126864,0.49016371539761644,14.10052365396023,0.07632612516602238,-0.5704608857883741,0.8177705670924363,12.35575883216752,-0.9009691375785142,0.3118714180974401,0.3016468658960671,11.024726003487546,76.95788744238683,72.83482256075654,58.11410115043209,20.831420048216245,6.2518849846375115,79710.0,325741.97781253, 0.0, 2.8421709430404007E-14,0.0,40.55258632956052, 182.11131609025227,182.11131609025227,0.0, 135.82402135242558, 23.724545481415895, 18.121604516031752, 23.724545481415895, 176.28656061230288, 14.263782329058484, 18.121604516031752, 14.263782329058484, 160.92354512182365, 6.337207024200784, 4.3907511115672895, 25.0, 0.0
47, 0 ,1.0,1.0,1.0,235.31166671325153,158.80342119238617,16.29170975766554,12.930203299732437,13.460691620066207,10.44554191890758,62.0,63.0,42.0,0.6119536016662667,-0.7658238979370366,-0.19755137751027707,13.854307161311365,0.7039261135906419,0.64126976341363,-0.3053868319633345,12.896207708019181,0.3605562591508556,0.04782099831612635,0.9315107815303001,9.96171280825998,67.19369624800946,69.6999860406078,51.880731268296444,20.440526761822944,6.2987767020125665,71554.0,242978.20076501407, 0.0, 0.0,0.0,NaN, 156.16169228469627,156.16169228469627,0.0, 167.1901573724116, -13.167846605520266, -25.626861102184215, -13.167846605520266, 181.1902188905206, 0.8895266435323788, -25.626861102184215, 0.8895266435323788, 109.10934597965546, 5.692472092678802, 4.24770634383322, 16.0, 0.0
48, 0 ,1.0,1.0,1.0,136.66272556702168,93.26458252855802,52.373158214226585,13.11232669940787,11.35001929409164,12.116547697842982,61.0,56.0,73.0,0.8360898736195548,0.43209863191409814,0.33800073302997624,13.921897218957584,-0.29635655583963744,-0.16273083544945136,0.9411118249202863,11.86379332876782,-0.46165627369473133,0.8870227998715071,0.008002341307854948,10.630050011144169,71.92492636706788,69.82967817041927,63.298773856696364,20.25849230822791,6.095922158276827,72484.0,317917.7410607801, 0.0, 0.0,0.0,NaN, 173.54518320877045,173.54518320877045,NaN, 171.93311147200447, 30.53692192864161, 15.099947558953634, 30.53692192864161, 128.82293797625246, 7.5538128658401735, 15.099947558953634, 7.5538128658401735, 146.81072811410405, 5.379994970017922, 4.062374217390509, 24.0, 0.0
49, 0 ,1.0,1.0,1.0,141.73689774559293,29.051272563892486,62.58943626608875,13.808421759381474,12.45130009667612,10.608111741463542,71.0,62.0,56.0,-0.9800610663507334,-0.19693909350793287,-0.026368535638842158,13.861828142223287,0.19858609862367016,-0.9664292150449577,-0.1630280152029603,12.440580593135548,0.006623266331137285,-0.16501383504379366,0.9862690132956864,10.55088126001751,69.78292465197678,61.92526800054419,55.38888749003645,20.51583356039629,6.110645925261102,75674.0,239353.45684413763, 0.0, 0.0,0.0,NaN, 157.64124508590075,157.64124508590075,0.0, 190.67251148495976, 7.262716874317473, 0.6822511834688977, 7.262716874317473, 155.03487409748675, 7.265031414852853, 0.6822511834688977, 7.265031414852853, 112.53203471937668, 5.61052797061966, 4.118776576761869, 20.0, 0.0
