// Sample: .//bubblelabels.tif, Map: .//bubblelabels.tif, Thickness:(8.191250068658265):/afs/psi.ch/project/tipl/test/LabelValidation/SmallStep0500//distmap.tif, Neighbors:(1.0):
//LACUNA_NUMBER, TRIANGLES, SCALE_X, SCALE_Y, SCALE_Z, POS_X, POS_Y, POS_Z , STD_X, STD_Y, STD_Z,PROJ_X, PROJ_Y, PROJ_Z, PCA1_X, PCA1_Y, PCA1_Z, PCA1_S, PCA2_X, PCA2_Y, PCA2_Z, PCA2_S, PCA3_X, PCA3_Y, PCA3_Z, PCA3_S,PROJ_PCA1, PROJ_PCA2, PROJ_PCA3,OBJ_RADIUS, OBJ_RADIUS_STD, VOLUME, VOLUME_BOX, Mask_Grad_X,Mask_Grad_Y,Mask_Grad_Z,Mask_Angle, Mask_Distance_Mean,Mask_Distance_COV, Mask_Distance_STD, SHAPET_XX, SHAPET_XY, SHAPET_XZ, SHAPET_YX, SHAPET_YY, SHAPET_YZ, SHAPET_ZX, SHAPET_ZY, SHAPET_ZZ, Thickness, Thickness_STD, Neighbors, Neighbors_STD
1, 0 ,0.3333333432674408,0.3333333432674408,0.3333333432674408,170.29795276008258,21.5130079971,154.35951142095513,20.303071701291156,14.195918331775852,23.933186315489575,115.0,58.0,108.0,-0.5529580010512838,0.033116252384118576,0.8325507569520311,26.468976327846516,0.8319597983992472,0.07664243460939077,0.5495169069870639,16.8953562778092,0.04561077636757104,-0.9965085303424034,0.06993143809454234,14.15897077488159,141.34057584858874,82.83588479101752,61.86643152822376,32.26090935245196,12.073522798055912,226207.0,724336.6135132549, 0.0, 0.0,0.0,NaN, 196.20545987523374,196.20545987523374,0.0, 412.21472050776975, -3.7399338923933607, -191.39350113065174, -3.7399338923933607, 201.52409728244967, 17.36797330605961, -191.39350113065174, 17.36797330605961, 572.7974072119375, 2.967906129954936, 3.904236437395945, 22.0, 0.0
2, 0 ,0.3333333432674408,0.3333333432674408,0.3333333432674408,20.713630905153003,283.6576351510733,72.39565329273262,13.578503354208259,11.167348322720681,35.18366498159249,57.0,55.0,147.0,0.022318453632767056,-0.01896673678307854,0.9995709827337146,35.197375203346496,0.8796688641728483,0.47546810546591634,-0.010619326226416967,14.435418929857212,-0.4750627074737535,0.8795284779815,0.02729616066873673,9.986949611994865,146.98157136912158,76.17505846998718,50.671656855744715,35.85004268060979,16.17869411407604,186532.0,567336.5813173547, 0.0, 0.0,0.0,NaN, 77.05360478142403,77.05360478142403,0.0, 184.37575334024496, 44.95787262702868, 24.397522204972322, 44.95787262702868, 124.7096685609724, -22.144596044752006, 24.397522204972322, -22.144596044752006, 1237.890281536938, 4.570938342450417, 4.697739865394764, 13.0, 0.0
3, 0 ,0.3333333432674408,0.3333333432674408,0.3333333432674408,206.69655312832504,193.0048471632929,15.73868010035861,23.77021571344693,18.956327139252487,9.416658254675033,124.0,96.0,42.0,-0.9054583217285762,0.42439159362342616,-0.006082998786709107,24.96305033820527,0.42014480751930366,0.8982461423821735,0.12896591956836015,17.461065951227216,0.06019608232300386,0.1142175247381679,-0.9916303689962549,9.219340541417397,127.23453296595974,88.74987248934906,45.72718901343611,29.782034759179204,11.2280609173,152254.0,516353.6396280463, -2.8421709430404007E-14, 0.0,-1.7763568394002505E-15,36.051488920008836, 142.83277628047145,142.83277628047145,0.0, 565.0231550637994, -123.81122371963099, 14.878858744707301, -123.81122371963099, 359.3423386103604, 24.08375381984, 14.878858744707301, 24.08375381984, 88.67345268533944, 2.9560135204277898, 3.5248353569024675, 21.0, 0.0
4, 0 ,0.3333333432674408,0.3333333432674408,0.3333333432674408,52.97478369088539,131.5262195431687,278.2122030511861,21.244078479145003,23.360878691281766,13.128805178355163,103.0,108.0,59.0,-0.5486886273144893,0.8235594289605866,0.1438424736503551,24.799256894558113,0.8028884920365439,0.5670429425580439,-0.183935778603294,19.99664260153316,0.23304690431547492,-0.014565996884076587,0.9723564018011843,12.431339075591197,122.33826226688869,101.84095784798305,66.18374294085405,32.38521712215459,10.982019897038887,236236.0,824586.2852248651, 0.0, 0.0,0.0,NaN, 143.45794585974195,143.45794585974195,0.0, 451.3108704280719, -96.38302506891914, -72.57202080302703, -96.38302506891914, 545.7306532287824, 28.960444700642032, -72.57202080302703, 28.960444700642032, 172.36552541120534, 3.4039938055146255, 3.4649409574002332, 17.0, 0.0
5, 0 ,0.3333333432674408,0.3333333432674408,0.3333333432674408,279.78968693984746,225.66374588352994,274.16264954770935,13.15773871706763,19.73233752031896,12.958677875346657,54.0,112.0,58.0,-0.2779583598562787,-0.9466885625527943,0.1628493651130764,20.43070029352972,-0.5221135454967031,0.006591037254220635,-0.8528505167007733,12.878857470041455,-0.8063104834955761,0.3220827902258021,0.49611095578055153,12.130131088398386,114.34627920299434,67.194808053972,61.56869842818472,25.412589086210424,9.198852122677717,119945.0,473061.6341315805, 0.0, 0.0,0.0,NaN, 81.25210217866531,81.25210217866531,0.0, 173.12608814662053, 71.05531413279336, -3.896110738334149, 71.05531413279336, 389.36514401578745, -41.772670961206444, -3.896110738334149, -41.772670961206444, 167.92733227699895, 2.826859484125761, 3.5208924531539942, 13.0, 0.0
6, 0 ,0.3333333432674408,0.3333333432674408,0.3333333432674408,153.4454770694236,129.91474542035243,8.863650384580941,22.6346422115762,18.869847914006375,5.772616713813118,96.0,83.0,23.0,-0.9164475338823633,-0.39916166020402205,-0.028175994465202893,23.4431561321994,-0.39836082914976423,0.9167343919482662,-0.030111532979156065,17.8742014067058,-0.03784927264884361,0.016371427622887635,0.9991493426498073,5.714249443472886,100.42014931821731,81.82967473918083,23.635137526195727,28.176323601975586,10.383452236379117,100499.0,194218.15376697457, 0.0, 0.0,0.0,NaN, 196.04752884743007,196.04752884743007,NaN, 512.3270280460671, 84.34876812237779, 16.788698119208295, 84.34876812237779, 356.0711602977308, -2.1040731102292307, 16.788698119208295, -2.1040731102292307, 33.32310372459456, 3.0961740543998797, 3.3876599786623283, 17.0, 0.0
7, 0 ,0.3333333432674408,0.3333333432674408,0.3333333432674408,22.26714848143982,97.28279527559054,152.8794263217098,14.253842004572627,20.296404809827944,15.500570246318064,57.0,99.0,75.0,0.19141350525907666,0.9795600005200041,-0.061831022841952896,20.50896236338237,0.23284369937509133,-0.10651640877948682,-0.966663367632209,15.579330427634034,0.9534907874047631,-0.17063545950935852,0.24847305345303455,13.858234528998583,96.30221923695214,82.26195218163394,68.79922032554623,27.86942202958065,8.870121408075724,177800.0,545028.0119175585, 0.0, -1.4210854715202004E-14,0.0,11.604344318602998, 177.77578957089787,177.77578957089787,0.0, 203.17201189131902, 41.599946609700204, -14.108880038557096, 41.599946609700204, 411.9440482044069, -8.626920331169627, -14.108880038557096, -8.626920331169627, 240.26767796104087, 2.9460281814177205, 3.5675203380846465, 18.0, 0.0
8, 0 ,0.3333333432674408,0.3333333432674408,0.3333333432674408,278.0264871184332,80.24605830491022,209.07021043825213,13.536402251704418,22.140916401107287,16.462137380060888,58.0,110.0,84.0,-0.1039030433456983,-0.9881894307107362,0.11263128612909479,22.283070134328753,-0.004909504189957434,-0.11273325951535923,-0.9936131586123702,16.374014332985322,-0.9945753135645942,0.10379239485932844,-0.006861808599380224,13.40942847896753,112.74447111203582,79.9030970012326,65.30338386307366,29.064757204548577,9.984799485294342,186468.0,588294.1804571953, 0.0, 0.0,0.0,NaN, 123.24971306893653,123.24971306893653,0.0, 183.23418591994843, 32.56862688521359, -3.2757994366567367, 32.56862688521359, 490.2201790808216, -25.361265178626464, -3.2757994366567367, -25.361265178626464, 271.0019671199979, 3.0910530304132067, 3.3794875451883843, 17.0, 0.0
9, 0 ,0.3333333432674408,0.3333333432674408,0.3333333432674408,95.94712302982443,180.93263811512207,282.03739682608364,14.889391646187843,15.549091645791215,10.341305962329118,74.0,82.0,41.0,-0.6190767866977054,-0.782805710719783,0.06292178824969308,16.478892172360748,0.7640871027414876,-0.6189035858816625,-0.1820144247221585,13.987241713773553,0.18142445148370337,-0.06460317830660388,0.9812805907366773,10.159430378789292,80.86930261046965,68.27896212487643,47.7425394705262,22.705084353028973,7.4087777757950235,92441.0,263618.6457906854, 0.0, 0.0,0.0,NaN, 153.96604234930615,153.96604234930615,NaN, 221.6939835935683, 37.871050022248845, -19.411951453513137, 37.871050022248845, 241.77425100921417, 2.120388897091526, -19.411951453513137, 2.120388897091526, 106.94260900650377, 2.7994023126260137, 3.1238301695413297, 12.0, 0.0
10, 0 ,0.3333333432674408,0.3333333432674408,0.3333333432674408,243.3613019891501,226.72951813636848,286.2111477502393,10.555875520073483,14.338084377723597,7.970645216217891,55.0,68.0,35.0,0.015033837381431244,-0.9998603283538949,0.0073011997391207745,14.339014248281764,-0.980313313565394,-0.016176892886022764,-0.1967844388740938,10.64976315479952,0.1968750643937076,-0.004199038056030993,-0.9804195923681743,7.8430588366448175,68.09444487602525,55.20851540530157,40.614687793484734,18.45071149920629,6.333214188221247,47005.0,152686.58147459305, 0.0, 0.0,0.0,NaN, 93.63032666427442,93.63032666427442,0.0, 111.42650799528661, -1.3428657910848907, 10.028615631479372, -1.3428657910848907, 205.58066362272146, -0.8866815765016015, 10.028615631479372, -0.8866815765016015, 63.531185162817145, 3.0208214362965355, 3.4047606957743612, 8.0, 0.0
11, 0 ,0.3333333432674408,0.3333333432674408,0.3333333432674408,126.97490528715593,183.05257820095886,158.56611459415964,17.156071269173058,12.647372172633078,13.166368120046378,80.0,57.0,67.0,-0.980661809603198,-0.12807157113728126,0.1479867826942989,17.341001084192847,-0.034265906887290386,-0.6321141731150483,-0.7741172519536499,13.953168839208969,0.1926869554769417,-0.7642181264622735,0.6155017403513332,11.499513662810383,82.1385248178848,69.59590766954025,55.16327984917095,23.987798085962307,7.226727940485746,119308.0,315341.17551867635, 0.0, 0.0,0.0,NaN, 223.16556629354235,223.16556629354235,0.0, 294.3307813929453, 22.51187195438438, -22.792830764953507, 22.51187195438438, 159.95602287309353, 27.366695973034616, -22.792830764953507, 27.366695973034616, 173.3532494725736, 3.421726945208023, 3.4045580813184357, 16.0, 0.0
12, 0 ,0.3333333432674408,0.3333333432674408,0.3333333432674408,226.15709255728902,279.90594483134265,175.41367739174416,19.148632180000938,13.073497521931014,11.203654483151405,87.0,54.0,53.0,-0.988109956682606,-0.10686875863910121,0.11053407588447879,19.326328344243507,0.025596200461938612,-0.8232358257621833,-0.5671222176070763,14.45228304627012,0.15160325862794116,-0.5575498575092572,0.8161829503026858,8.985147359933807,84.63055886985615,69.71526657141254,45.146309454864195,24.37790187993705,8.296157274973703,102812.0,266365.1206510392, 0.0, 0.0,0.0,NaN, 146.2131930222517,146.2131930222517,NaN, 366.67011436496745, 28.216347167928145, -33.83677297936027, 28.216347167928145, 170.91633745593634, 56.36492102457108, -33.83677297936027, 56.36492102457108, 125.5218737778386, 3.091617630350343, 3.215974019352199, 9.0, 0.0
13, 0 ,0.3333333432674408,0.3333333432674408,0.3333333432674408,215.59955031384345,163.02997907710244,228.01711305651264,10.960742192461943,15.734850329881386,14.583767333804815,57.0,77.0,69.0,0.10947789452596952,0.8783878520016005,-0.4652411977309997,16.048626562796205,0.3190396983240532,-0.47434198870027156,-0.8204957944128468,14.680861725292608,-0.9413969733876658,-0.05860425933228845,-0.33217055752227076,10.359707448122597,85.01152077417409,73.68614790729191,56.39753692662043,22.94869342226826,7.3326069150508175,96067.0,353283.84312440315, 0.0, 0.0,0.0,NaN, 176.25481142812333,176.25481142812333,1.9073486328125E-6, 120.13786940961543, -1.9277660893321649, -35.976689817690094, -1.9277660893321649, 247.58551490376834, -19.28273273447424, -35.976689817690094, -19.28273273447424, 212.68626964655238, 2.826363032787791, 3.017572587556912, 15.0, 0.0
14, 0 ,0.3333333432674408,0.3333333432674408,0.3333333432674408,18.267817337597688,216.24711230935955,154.9942995092468,12.251167434254821,14.958990051789169,15.9785055578674,51.0,71.0,81.0,-0.2894922529919254,0.39185704356167944,-0.8732939326874767,16.927493914441506,-0.3628361564467571,-0.889195392002078,-0.2787139724111712,14.785765058041651,0.8857449740374501,-0.23617707817095757,-0.39959508094322904,11.136257367689238,79.15598719833325,75.36755785660301,60.80236943458996,23.977191079081997,7.366779126023813,113499.0,362734.37700525287, 0.0, 0.0,0.0,NaN, 168.44854562036116,168.44854562036116,0.0, 150.09110350214584, 12.085221254217522, 50.65487165364751, 12.085221254217522, 223.7713833695273, -32.171209599519116, 50.65487165364751, -32.171209599519116, 255.3126398627994, 2.873967689000928, 3.033706852011309, 14.0, 0.0
15, 0 ,0.3333333432674408,0.3333333432674408,0.3333333432674408,213.36993147074327,260.95411702688455,289.8700474433316,17.723321913141632,12.114188876607662,5.831277529458532,78.0,66.0,24.0,-0.9557150412707109,-0.29275020417810427,0.030101126932414624,18.21731514906603,-0.2897000665620233,0.9538644683959534,0.0788444504430423,11.396104461760745,0.051794124405017794,-0.0666325287332263,0.9964323734161457,5.756017829783468,78.63985285479819,59.214631784036754,26.445290727900442,20.750193364565714,8.018914186701487,47425.0,123145.93232028787, 0.0, 0.0,0.0,NaN, 95.56131900164573,95.56131900164573,0.0, 314.1161396368463, 56.8504158330063, -10.803797835441642, 56.8504158330063, 146.75357213812478, 4.64295673667235, -10.803797835441642, 4.64295673667235, 34.003797625568005, 3.759579556391751, 3.456316661411729, 11.0, 0.0
16, 0 ,0.3333333432674408,0.3333333432674408,0.3333333432674408,144.41918024038827,11.705410006860976,9.509160673900338,19.49802237006882,8.192094132562277,6.638708119455258,93.0,35.0,27.0,-0.999726164373243,0.012543081046920375,-0.019755186291547447,19.502541888872678,-0.018160277801417855,-0.948274994317757,0.3169301807367577,8.365014837994218,-0.014758068225167113,0.31720215363315085,0.9482431086766476,6.405709542953822,93.1504488338932,41.801220514418205,29.41590910872879,20.1768421332727,9.1788218004705,39353.0,114539.73903663321, 0.0, 0.0,0.0,NaN, 145.20447782853162,145.20447782853162,0.0, 380.17287634370416, -3.7565228438284337, 6.534848309489486, -3.7565228438284337, 67.11040627676127, -8.78172694095692, 6.534848309489486, -8.78172694095692, 44.07244549532117, 4.453841552349996, 4.2311378703123745, 5.0, 0.0
17, 0 ,0.3333333432674408,0.3333333432674408,0.3333333432674408,140.62403562598672,21.50056596467189,55.06758809686932,9.739518410530449,13.492334672349916,12.72028283424352,45.0,58.0,58.0,0.09882562806221298,-0.9783136777061315,-0.18203253349666032,13.516205855557466,0.30887750635719136,0.20405022304772732,-0.9289554308688523,13.04402617337234,0.9459535830603275,0.03557884887508741,0.3223444806539291,9.26673996729589,61.51621922604033,61.648772105100036,46.149455720376466,20.021098250233457,6.153253937342055,67142.0,175017.16725361082, 0.0, 0.0,-7.105427357601002E-15,79.51182843035627, 152.54452789709126,152.54452789709126,0.0, 94.85821886906157, -4.048839971311377, -25.922729046956295, -4.048839971311377, 182.0430949106957, 1.2668885593564876, -25.922729046956295, 1.2668885593564876, 161.80559538315035, 2.2110237234051597, 2.592947091223454, 9.0, 0.0
18, 0 ,0.3333333432674408,0.3333333432674408,0.3333333432674408,245.65534796984224,65.32952738339034,73.0941686592607,15.927176461433678,13.840711457802298,12.004273256932617,75.0,66.0,61.0,-0.794239712245671,0.4258423757226656,0.4334069110325646,18.552923572937235,-0.26711276586664234,-0.8853905041743609,0.3804397789781499,12.689211165452452,0.5457417427712363,0.1863918618307865,0.8169602340629973,9.171464823800012,89.47897062045347,64.86279077849274,51.44401300776775,22.985416630854765,7.81111019157536,87407.0,298573.63072029623, -2.8421709430404007E-14, 0.0,0.0,37.416496573748276, 112.08945465298923,112.08945465298923,0.0, 253.674950033647, -69.78278613355194, -97.34694211149888, -69.78278613355194, 191.5652936581398, 22.101029209414758, -97.34694211149888, 22.101029209414758, 144.1025764271076, 2.9411391098450035, 3.3426969814428116, 15.0, 0.0
19, 0 ,0.3333333432674408,0.3333333432674408,0.3333333432674408,119.97193532482966,90.39296866111273,118.86283706054132,13.420645338632841,12.355765875518548,11.80196255463013,68.0,59.0,57.0,-0.8527177670087622,-0.058577178591633014,0.519077184988739,14.404780207526436,-0.1918857333924272,-0.8890971894455942,-0.41555511432347375,12.911875109900224,-0.48585211242521115,0.45395473548382426,-0.7469088451636992,9.891955324205696,71.92808784036187,59.149744170722144,50.25344988084015,20.8245542878101,6.197009805625126,79103.0,213804.70933555532, 0.0, 0.0,1.4210854715202004E-14,58.72962877319855, 191.55293806944027,191.55293806944027,0.0, 180.1137213053674, 17.225685377642694, -43.041319567218714, 17.225685377642694, 152.66495037062865, 22.109815177339364, -43.041319567218714, 22.109815177339364, 139.28632014089175, 2.5654119978616037, 2.5693067380626706, 15.0, 0.0
20, 0 ,0.3333333432674408,0.3333333432674408,0.3333333432674408,273.0404233123782,284.70616575616987,118.47637741235897,14.212003988390336,9.656459960210908,15.653520598698268,56.0,43.0,75.0,-0.6070431588590276,-0.02386655794871291,0.7943103868728735,17.47425689731305,-0.7922398572555985,-0.05991648790619297,-0.6072610831039773,11.9147406036443,-0.06208552051873134,0.9979180336523976,-0.017463855623843325,9.641072849928436,80.56458790924734,63.339403660442144,45.13586023208023,21.966022997948723,7.599659013179335,72854.0,230324.365882704, 0.0, 0.0,0.0,NaN, 122.46375849944029,122.46375849944029,NaN, 201.9810573660228, 5.403702498806902, -78.83597237597826, 5.403702498806902, 93.24721896315646, -2.2432973993690304, -78.83597237597826, -2.2432973993690304, 245.032707133871, 2.4164842048613746, 2.719104483078263, 7.0, 0.0
21, 0 ,0.3333333432674408,0.3333333432674408,0.3333333432674408,216.19708838309194,183.75327266585026,126.62401292175161,13.528911824055443,11.675069044286458,14.190732424605006,68.0,52.0,63.0,-0.5939992957129185,0.11773353053859031,0.7958037776232751,15.267815538214139,0.7161119732629792,0.5281048231275636,0.4563868288401922,12.813960403205563,0.3665357805753193,-0.8409780684276631,0.3980042838735753,11.10908666609482,69.61338983345884,52.707806648379346,56.15478490046902,21.91048758285688,6.375430413724731,94724.0,206041.40109552024, 0.0, 0.0,0.0,NaN, 191.23250314676997,191.23250314676997,0.0, 183.03145514306718, 7.753126479046639, -38.5235177699015, 7.753126479046639, 136.3072371888559, 20.107763671237205, -38.5235177699015, 20.107763671237205, 201.3768867467359, 2.3770422108512608, 2.704821701192204, 15.0, 0.0
22, 0 ,0.3333333432674408,0.3333333432674408,0.3333333432674408,90.13288081385458,286.0574325473784,161.56575142050286,18.311466540914704,9.036743812058173,20.601709326763558,94.0,39.0,100.0,0.4800876346297077,0.03212096994542736,0.8766322526381386,21.481247240685672,0.8664915430195804,0.1384534115440546,-0.479607192093029,17.40767274487472,0.13677817425013084,-0.9898479156524894,-0.03863722204329973,8.771084276196822,108.24462100136796,85.70761052261228,44.417543141707625,27.062001209169907,10.442751713183776,117564.0,412078.7736462812, 0.0, 0.0,0.0,NaN, 165.7780822990344,165.7780822990344,NaN, 335.3098068790387, 33.05385822824026, 67.86624163271873, 33.05385822824026, 81.66273872477169, -4.186255601980476, 67.86624163271873, -4.186255601980476, 424.43042718445656, 4.063492994673753, 4.117857824382317, 14.0, 0.0
23, 0 ,0.3333333432674408,0.3333333432674408,0.3333333432674408,255.2474643199639,84.98280588932137,164.7418626953235,12.494598423421602,16.463971409024794,10.825006837908754,64.0,75.0,47.0,0.19236076677580685,0.9716743221215923,0.13728199858308754,16.64587066631362,-0.8469846903795653,0.23504516841622874,-0.4768340414303683,13.03965019434937,-0.49559486444883066,-0.02455158923023168,0.8682067436954257,9.861066368800637,78.22302099080696,66.20083608954303,54.3058733163147,22.24999175566629,7.021109900386633,88635.0,281219.13048736926, 2.8421709430404007E-14, 0.0,0.0,78.90941198980664, 165.89041700395384,165.89041700395384,0.0, 156.1149897625696, 19.12369984344376, 34.14779696102783, 19.12369984344376, 271.06235455718587, 15.831721089272452, 34.14779696102783, 15.831721089272452, 117.1807730407713, 2.8336623716039653, 3.0172553087105367, 15.0, 0.0
24, 0 ,0.3333333432674408,0.3333333432674408,0.3333333432674408,18.61987561201535,136.86012968109037,190.3140134974196,10.903760883917608,11.5899948928421,13.834068589812349,41.0,50.0,63.0,-0.02013291133907899,0.1730275654533503,0.9847111898797023,13.900549656473213,0.03988944057889781,-0.9839875969666311,0.1737159795359559,11.512432330931514,-0.9990012504553313,-0.042776986910260856,-0.012908562257819813,10.90137871331124,64.2056316679585,53.07000863375747,42.669376083231604,20.2703068659293,5.806556323539182,75570.0,145391.35159824905, 0.0, 0.0,0.0,NaN, 176.37576505624588,176.37576505624588,0.0, 118.89200141365168, -0.7967039140001598, -1.379788914557682, -0.7967039140001598, 134.32798161610597, 10.332792413229146, -1.379788914557682, 10.332792413229146, 191.38145374763263, 2.1066786794553156, 2.5536048289763413, 5.0, 0.0
25, 0 ,0.3333333432674408,0.3333333432674408,0.3333333432674408,283.09152290999924,151.0438815601176,252.92190305206464,11.014963422603918,10.972615475307203,16.191520282741504,45.0,46.0,75.0,-0.04752426872393636,-0.06150853156352671,0.996974495374457,16.221753279864743,-0.717463169356741,0.6965411959204878,0.008772855990914893,11.844992370436954,-0.6949734127999687,-0.7148755576536068,-0.07723271697026429,10.022171167375399,76.43381750529952,59.90185049012726,52.897176866642496,21.325635281605713,7.007875460695623,76866.0,242191.1582519148, 0.0, 0.0,0.0,NaN, 157.13105686152105,157.13105686152105,0.0, 121.32941920130222, -19.44410671526333, -7.959755782417242, -19.44410671526333, 120.39829036895111, -9.733673912972945, -7.959755782417242, -9.733673912972945, 262.16532906642954, 2.5738537425155292, 2.9570042759509114, 6.0, 0.0
26, 0 ,0.3333333432674408,0.3333333432674408,0.3333333432674408,24.277223473876195,71.15295722408693,287.46483363219767,14.528598206951708,17.172383674386335,7.077104974503031,58.0,84.0,29.0,-0.5603636198411877,0.8263261214750657,-0.056371575518668005,19.1207839507693,0.8174162461864122,0.5627243908588921,0.12317443080040559,11.950782997020655,-0.13350391016369634,-0.0229434282631098,0.990782672976541,6.901503358372853,93.85780255080256,59.58853478552315,31.70104028701411,22.061723936242313,8.32686487824402,65247.0,177299.12931857904, 0.0, 0.0,0.0,NaN, 76.21848396026881,76.21848396026881,0.0, 211.08016585904036, -103.4497783847418, 19.628566666065552, -103.4497783847418, 294.89076106033036, -8.21366560377218, 19.628566666065552, -8.21366560377218, 50.085414820135554, 2.9383549392762336, 3.6783354543791704, 8.0, 0.0
27, 0 ,0.3333333432674408,0.3333333432674408,0.3333333432674408,263.78001889927987,14.873374824855812,57.890156081983775,21.378191576812675,10.26154562939694,30.411487806768925,88.0,47.0,127.0,-0.4595468669258657,-0.054460798393530255,0.8864822042979543,33.110225739621654,-0.8602114691312824,-0.22110039923332112,-0.4595115252459579,17.282027722277675,-0.22102693381943592,0.9737292410609867,-0.05475819234756954,9.603616698831564,138.60332341592118,86.61985672820984,49.33253349017504,35.83772620985147,14.242273853857503,214823.0,592276.5313824777, 0.0, 0.0,0.0,NaN, 69.88830002807066,69.88830002807066,0.0, 457.0270750949044, 64.3921185073224, -327.4324857861392, 64.3921185073224, 105.29931870419543, -27.50059339203821, -327.4324857861392, -27.50059339203821, 924.8585906212551, 4.197743645598946, 3.8770955713122497, 12.0, 0.0
28, 0 ,0.3333333432674408,0.3333333432674408,0.3333333432674408,281.2337554008079,61.645266502338394,270.11179320880626,11.823742380165426,15.863928681753366,14.438872858566501,48.0,77.0,61.0,-0.32124672231019386,-0.943853716769634,0.07707596736405246,16.372504265866272,0.26034253279791075,-0.009768345983405237,0.9654669051982658,14.633154819787162,-0.9105066221732416,0.3302192313553164,0.24886331634408954,10.851638152945203,78.87443806017306,64.74467761956492,51.794653330775304,23.420543378298344,7.171074841578819,106697.0,264499.7595117715, 0.0, 0.0,0.0,NaN, 71.03249765912915,71.03249765912915,0.0, 139.80088387251996, 45.32762315871264, 20.50158641366825, 45.32762315871264, 251.66423321975708, -11.843029690055912, 20.50158641366825, -11.843029690055912, 208.48104942584837, 3.209375724388744, 3.4282924967795174, 8.0, 0.0
29, 0 ,0.3333333432674408,0.3333333432674408,0.3333333432674408,202.54824757852305,202.42946923464532,285.8207967079111,18.413037691745664,11.815724873409156,8.425143613365933,81.0,62.0,33.0,-0.9911018970416535,0.11569501123286328,0.06581560647948975,18.51653481693116,0.12236612417427893,0.9865386784868577,0.10848026320012831,11.73819433756149,-0.05237901617060414,0.11556859532429972,-0.9919175058641557,8.305846633221845,83.53050857747013,64.44151169694237,37.49900039452817,22.10775416804702,7.8026637677627155,71444.0,201850.8284994304, 0.0, 0.0,0.0,NaN, 138.62864902266142,138.62864902266142,0.0, 339.03995703764656, -23.0987889879041, -16.951609459887088, -23.0987889879041, 139.6113542840998, 9.448204112467998, -16.951609459887088, 9.448204112467998, 70.98304490584076, 2.7274440553830424, 2.920356879030156, 10.0, 0.0
30, 0 ,0.3333333432674408,0.3333333432674408,0.3333333432674408,180.79262533301042,230.0430612739162,247.99063937999514,8.652807582550285,13.964192727950497,15.879591190419264,46.0,65.0,81.0,-0.1103524394670869,0.30188595606618174,0.9469356940329532,16.17000821645202,-0.05909569604527768,-0.9530619465111495,0.29695222649662534,13.725969122646589,0.9921340825778476,-0.023190421349910034,0.12301287146078071,8.494691277665888,82.34433684129533,64.90758425055725,45.19249715543771,21.750738539129017,6.995466173270585,82580.0,241543.59255154047, 0.0, 0.0,0.0,NaN, 147.6798735204726,147.6798735204726,0.0, 74.87107906063972, 0.2403660004336967, -21.82209131287936, 0.2403660004336967, 194.99867854334556, 21.219003225535594, -21.82209131287936, 21.219003225535594, 252.1614163748411, 2.67640527199749, 2.709348620573774, 13.0, 0.0
31, 0 ,0.3333333432674408,0.3333333432674408,0.3333333432674408,63.126605362200756,111.08838707174175,94.97718542660924,9.107884038077788,7.418488770843491,9.132454333435156,41.0,36.0,42.0,-0.9238935821832875,0.3820680820262988,-0.02108623952435205,9.415541736822146,0.052714312993991305,0.07250295725427669,-0.9959741574935347,9.146696127502151,-0.37900112137842606,-0.9212856787588363,-0.08712547335748377,7.005338906846625,42.59026581816834,43.109361366157984,33.114464798290015,14.280446822772564,4.178287686177384,25773.0,60799.454126676006, 0.0, 0.0,0.0,NaN, 159.20509978740213,159.20509978740213,0.0, 82.95355165107217, -13.838334963531352, -1.0448747156724363, -13.838334963531352, 55.03397564313098, -2.816436906910939, -1.0448747156724363, -2.816436906910939, 83.40172215227857, 2.455612794371343, 2.441248885248947, 12.0, 0.0
32, 0 ,0.3333333432674408,0.3333333432674408,0.3333333432674408,155.2735611329503,16.579449076273992,96.18251328351117,13.176975459864908,10.343643591334958,12.044478914378256,60.0,41.0,52.0,-0.9749352505883372,0.19583659512596643,-0.10559017553600498,13.31506772640455,0.051776754433668956,-0.2618519235659629,-0.9637181838198972,12.1467474633382,-0.21638027835403936,-0.9450299456283235,0.24514888742385732,10.042838982901992,63.81257449950715,56.78917360986611,46.31133449328462,19.814256618271177,5.7522475606196615,69447.0,167825.94876684615, 0.0, 0.0,0.0,NaN, 174.56143932823034,174.56143932823034,0.0, 173.632682269882, -15.22603386108915, 5.538736196521813, -15.22603386108915, 106.99096274456474, 10.200490776537746, 5.538736196521813, 10.200490776537746, 145.06947231890243, 2.2518037498758576, 2.6683837795681575, 7.0, 0.0
33, 0 ,0.3333333432674408,0.3333333432674408,0.3333333432674408,84.52068523482112,267.29083148817153,252.72047255564618,13.711236227191831,10.821703239466009,13.572124270634378,63.0,61.0,79.0,0.6381940290920547,-0.2465370277073345,0.729333857160411,15.583390979576283,0.7163209101497812,0.5373061205153498,-0.4451814085728799,12.65911363002968,-0.28212184409123436,0.8065492091781988,0.519505185980452,9.285180923284535,75.4914024494777,59.923630064069116,45.620577511789634,20.958560975212574,7.074499201128207,68648.0,206374.66750550238, 0.0, 0.0,0.0,NaN, 102.22029961147788,102.22029961147788,0.0, 187.9979988778577, 3.85270538525217, 49.29292082756934, 3.85270538525217, 117.10926100306912, -45.87277465582944, 49.29292082756934, -45.87277465582944, 184.20255721754273, 3.373406306165295, 3.3135365851758465, 12.0, 0.0
34, 0 ,0.3333333432674408,0.3333333432674408,0.3333333432674408,214.1009844160503,38.87348196292349,281.1631724996571,17.56292573832556,12.932556591664053,11.444197689401713,78.0,64.0,46.0,-0.9381002367659387,-0.22827191490830204,0.26049928722318466,18.058370534910868,0.33113248928316424,-0.8116484614600897,0.48122557034160696,13.676202573614283,0.10158356324142981,0.5376975989099886,0.8369958612834402,9.671286265537194,82.1365377490542,69.485155791958,48.6814924278431,23.35383098601223,7.827874521057109,94777.0,277838.42721344053, 0.0, 0.0,0.0,NaN, 96.14891860281658,96.14891860281658,0.0, 308.45636048993845, 24.672567227627543, -41.934474861983105, 24.672567227627543, 167.25101999659336, -50.35139747572227, -41.934474861983105, -50.35139747572227, 130.96966075410754, 3.1910622588240596, 3.298254133091769, 10.0, 0.0
35, 0 ,0.3333333432674408,0.3333333432674408,0.3333333432674408,262.41823296736493,143.42680474657553,174.71176920390073,18.077417980898282,13.893847728990975,10.027836407685243,73.0,66.0,47.0,-0.9555964911833172,-0.2935416158598591,0.02585857297909252,18.470943814707827,0.28313975997089286,-0.9389518870389172,-0.19545134982824347,13.493080425522212,0.08165306094542565,-0.17945103394642253,0.9803724313003724,9.856498557605832,80.17855453626191,60.50367285837706,48.96379432640532,23.746543423636627,7.516064397087049,105929.0,237528.117426271, 0.0, 0.0,0.0,NaN, 194.1153737062683,194.1153737062683,0.0, 326.7930408561045, 45.876438645814304, -10.729021429829931, 45.876438645814304, 193.0390047163877, 13.730831052142756, -10.729021429829931, 13.730831052142756, 100.55750301929768, 2.704241709653957, 2.7640893578005454, 14.0, 0.0
36, 0 ,0.3333333432674408,0.3333333432674408,0.3333333432674408,163.7199782648071,68.2218024684969,219.32063290811706,10.815267004678113,12.9187744017127,14.614188909651116,50.0,61.0,65.0,-0.2630924083462629,0.6012436187134949,0.7545120911071364,15.308430863010505,0.5453426518214419,-0.5524576176657188,0.6303903336723015,14.003785203415442,-0.7958541177721706,-0.5773185356797575,0.18253638427902438,8.184448325991573,65.02177246663393,60.642722902818974,35.2960661972176,21.309149717782606,6.584784599128027,77294.0,139175.82439390177, 0.0, 0.0,0.0,NaN, 172.4401894296746,172.4401894296746,1.9073486328125E-6, 116.97000038247907, -65.37524655693663, 11.166387800647975, -65.37524655693663, 166.89473204234733, 30.955301438963186, 11.166387800647975, 30.955301438963186, 213.57451748696968, 2.4170441534248246, 2.693487151762711, 18.0, 0.0
37, 0 ,0.3333333432674408,0.3333333432674408,0.3333333432674408,272.01630318851767,96.47785102644062,43.712362997348826,14.133678021050526,18.096553271931732,10.637557893955252,63.0,89.0,42.0,-0.49635772891980773,0.8590520060100233,0.12513455123076592,20.077233324866253,0.7350238433407098,0.33917224118218814,0.5871133966552825,12.344718473190703,0.46191877496181255,0.3833951509625634,-0.7997744704328656,9.215007352703742,92.98598689368067,66.32322912836901,50.00914335877542,23.927369410171547,8.239218760478773,98447.0,308412.9340144211, 0.0, 0.0,0.0,NaN, 109.55288086001676,109.55288086001676,NaN, 199.76085440272672, -118.84890297213181, 9.356056125516137, -118.84890297213181, 327.4852403238631, 47.63992104904844, 9.356056125516137, 47.63992104904844, 113.15763794724968, 2.843778072493239, 3.0095998460261333, 7.0, 0.0
38, 0 ,0.3333333432674408,0.3333333432674408,0.3333333432674408,225.84807407760965,27.511804600344526,167.75345069230804,19.74981630625858,16.034314343548072,19.17919322764549,89.0,73.0,88.0,-0.7543779881811239,0.2643310086772286,0.6008685120718835,22.17087968308806,0.4338941836610917,-0.4860921762311293,0.7585843615524644,17.51931917202662,-0.49259485211771664,-0.8329726970666949,-0.2520055507495046,14.714668983321548,109.53575341673486,87.27709713207028,71.82926304177246,30.416474460629278,9.478080757619567,230461.0,686685.0675744028, 0.0, 0.0,0.0,NaN, 154.09269065779537,154.09269065779537,NaN, 390.05524413095736, -73.90934338360155, -94.90811647485306, -73.90934338360155, 257.0992364677115, 10.345810082363913, -94.90811647485306, 10.345810082363913, 367.84145286336275, 2.6427873612450066, 2.98734937417791, 15.0, 0.0
39, 0 ,0.3333333432674408,0.3333333432674408,0.3333333432674408,16.870407951136936,275.23262421176634,271.68654780878467,10.4588542813494,14.675382271839212,16.06145849639893,40.0,59.0,64.0,0.014874958738813171,-0.3926676749169211,0.9195601299957812,16.368929943146266,-0.2609662505449483,-0.8893111269796247,-0.3755294069799886,14.594775059505265,-0.9652333146338405,0.23438817484158606,0.11570147715306085,10.08838937657897,75.34389066624068,72.78633425151054,43.90211486369076,23.074523812233625,7.0916343372530095,101017.0,240759.44419641938, 0.0, 0.0,-5.6843418860808015E-14,23.138139571620062, 41.227237875676366,41.227237875676366,0.0, 109.38763287850067, 24.8441478519084, 13.173669752267392, 24.8441478519084, 215.3668448246126, -22.852303938531403, 13.173669752267392, -22.852303938531403, 257.9704490315454, 2.594773953112987, 2.8759798168349677, 7.0, 0.0
40, 0 ,0.3333333432674408,0.3333333432674408,0.3333333432674408,55.343130504973765,10.151017307281403,281.3212886683602,14.427544009099583,6.86651873445351,10.663598303473215,62.0,28.0,41.0,-0.9922389283837252,0.07134157973561689,-0.10184443038646501,14.497084047686903,0.08873867315344505,-0.16748124640737477,-0.9818734541623975,10.701092026911661,0.0871054354611866,0.9832906035870874,-0.1598506553332148,6.658574771586843,63.902074187764434,46.64231740987978,30.732739624767017,18.1705291216611,6.2327606950536865,42121.0,91600.18518994495, 0.0, 0.0,0.0,NaN, 59.285744521545936,59.285744521545936,0.0, 208.15402613450524, -12.781644622448145, 10.643156973390774, -12.781644622448145, 47.14907953060103, 10.335373870054513, 10.643156973390774, 10.335373870054513, 113.71232877783685, 3.240456180272682, 3.4440069623117786, 5.0, 0.0
41, 0 ,0.3333333432674408,0.3333333432674408,0.3333333432674408,76.52969864274212,282.3956291695422,12.04476650563607,12.684342720171074,10.919510157643117,7.92888637301385,58.0,43.0,30.0,-0.9078656602588365,0.4031129092265499,0.11523855838083855,13.112205629357565,0.4146638564412879,0.9039190859951584,0.10480540126785683,10.498366242774727,0.06191792215526554,-0.1429344898496681,0.9877934513487063,7.800632103092973,59.750201217417015,50.51843820356339,34.53116278304046,17.621614468661793,5.698613424302062,43470.0,104231.8607016634, 0.0, 0.0,0.0,NaN, 79.44674346290407,79.44674346290407,0.0, 160.89255024275693, -22.148809690772445, -9.475932679060904, -22.148809690772445, 119.2357020828712, 9.83683242779103, -9.475932679060904, 9.83683242779103, 62.867239116164725, 3.106733760169821, 2.836901481644633, 4.0, 0.0
42, 0 ,0.3333333432674408,0.3333333432674408,0.3333333432674408,18.10521509201542,251.47680234472065,23.741337382790515,10.790009081909897,14.686270383056582,15.00391461199406,43.0,70.0,65.0,0.08983606184065983,0.5925841092457782,0.8004833261613564,15.301005606478093,-0.12163727553116266,-0.7911883055399743,0.5993541844169775,14.45883691355352,-0.988500811934071,0.15121223047813231,-0.0010030750276213336,10.67939839006579,72.89445984690771,71.88993975125632,47.53566152004828,22.51725367574524,7.085306933234078,94169.0,249104.85036999642, 0.0, 0.0,0.0,NaN, 56.973244816711436,56.973244816711436,6.743495761743046E-7, 116.42429598769806, 15.535461164167765, 1.7081186931079877, 15.535461164167765, 215.68653776424495, 11.903046135274908, 1.7081186931079877, 11.903046135274908, 225.11745368400886, 2.0741135256049077, 2.6689811848662743, 7.0, 0.0
43, 0 ,0.3333333432674408,0.3333333432674408,0.3333333432674408,254.47000838926175,230.92707795560145,32.57061499741869,13.999703979000978,11.537281878083,10.484349060169512,64.0,56.0,48.0,0.8668626063365444,-0.3743116550418094,0.3293023028089446,14.640271886067717,0.49384591703198066,0.7352032081153353,-0.46431934377943046,11.900636192421045,-0.0683039674268982,0.5651256742325375,0.8221724517137294,9.113696130941007,76.7336205385389,58.0961522009097,47.73546746826629,19.936271827699148,6.4472649597784075,61984.0,212801.28168524237, -2.8421709430404007E-14, 2.8421709430404007E-14,0.0,34.301683878302654, 88.90946888344081,88.90946888344081,0.0, 195.99171149965582, -21.332836894691123, 24.04538708828406, -21.332836894691123, 133.1088731343424, -36.17407428064747, 24.04538708828406, -36.17407428064747, 109.92157521547732, 2.8972944321551264, 3.0589744995248376, 8.0, 0.0
44, 0 ,0.3333333432674408,0.3333333432674408,0.3333333432674408,8.119285614427513,27.411418286033832,26.864846917377324,5.295295432612773,17.540856711936083,15.97734634910318,22.0,68.0,66.0,0.007284643409800024,0.9656538444203832,-0.25972983410945844,17.65498388192426,-0.08921958230605763,0.2593284791542919,0.9616592983134175,15.908481537973922,0.9959853413095617,0.016167642241735898,0.08804434814807013,5.1204651694412835,76.89840607798098,68.61994086757407,22.914785368101,22.888956806226762,8.191035379559606,57224.0,120915.91628276577, 0.0, 0.0,0.0,NaN, 39.23045565927928,39.23045565927928,4.76837158203125E-7, 28.040153718649695, -3.2407266395300143, -20.004516375262323, -3.2407266395300143, 307.6816541886731, -15.025026055078545, -20.004516375262323, -15.025026055078545, 255.27559635920073, 3.3225476343117526, 3.2802809232293315, 8.0, 0.0
45, 0 ,0.3333333432674408,0.3333333432674408,0.3333333432674408,107.03079618797902,263.3213787481511,42.42809180449106,17.78499605962261,19.44711229476347,18.968620302613257,98.0,84.0,91.0,-0.43467464767709035,-0.6114598136756578,0.6611919894603433,22.47880718163743,-0.6178333075106742,0.7366319285406107,0.27505527805326896,17.674669933844335,-0.6552403794007343,-0.28894687766831784,-0.697975463099178,15.382265374484632,111.61895408680107,88.3266634223747,75.88172002976458,30.931788888619785,9.875690040722889,237984.0,748112.5500558426, 0.0, 0.0,0.0,NaN, 120.83482761083249,120.83482761083249,0.0, 316.30608484079175, 36.923505845580706, -90.09821872407687, 36.923505845580706, 378.1901766051406, -93.27224832544744, -90.09821872407687, -93.27224832544744, 359.8085561847119, 3.6478667310291906, 3.826386376671197, 15.0, 0.0
47, 0 ,0.3333333432674408,0.3333333432674408,0.3333333432674408,26.324382332138242,210.2802370673886,48.53037730787054,12.740628366437743,16.35033681753087,15.419829892592348,57.0,71.0,78.0,-0.25174940071760127,0.7454825339300793,0.617153166437244,18.006161497628174,-0.28739014238747657,-0.6665119780212746,0.687872582105635,14.006094422484763,-0.9241369732333161,0.004192226062119036,-0.3820383226115012,12.125829715307816,90.51568637208717,65.13628299392579,55.76715690341848,24.643942418324713,7.752701543149244,123003.0,328795.0911039159, 0.0, 0.0,7.105427357601002E-15,51.89145966459441, 105.34612706453358,105.34612706453358,0.0, 162.3236111716781, -23.84161735070519, -37.24241729538407, -23.84161735070519, 267.3335140467055, 58.992080633787076, -37.24241729538407, 58.992080633787076, 237.77115391648454, 3.1104502879499836, 3.2084678467923315, 11.0, 0.0
