// Sample: .//bubblelabels.tif, Map: .//bubblelabels.tif, Thickness:(8.191250068658265):/afs/psi.ch/project/tipl/test/LabelValidation/Step3500//distmap.tif, Neighbors:(1.0):
//LACUNA_NUMBER, TRIANGLES, SCALE_X, SCALE_Y, SCALE_Z, POS_X, POS_Y, POS_Z , STD_X, STD_Y, STD_Z,PROJ_X, PROJ_Y, PROJ_Z, PCA1_X, PCA1_Y, PCA1_Z, PCA1_S, PCA2_X, PCA2_Y, PCA2_Z, PCA2_S, PCA3_X, PCA3_Y, PCA3_Z, PCA3_S,PROJ_PCA1, PROJ_PCA2, PROJ_PCA3,OBJ_RADIUS, OBJ_RADIUS_STD, VOLUME, VOLUME_BOX, Mask_Grad_X,Mask_Grad_Y,Mask_Grad_Z,Mask_Angle, Mask_Distance_Mean,Mask_Distance_COV, Mask_Distance_STD, SHAPET_XX, SHAPET_XY, SHAPET_XZ, SHAPET_YX, SHAPET_YY, SHAPET_YZ, SHAPET_ZX, SHAPET_ZY, SHAPET_ZZ, Thickness, Thickness_STD, Neighbors, Neighbors_STD
1, 0 ,1.0,1.0,1.0,148.65874509151325,244.72015921882925,274.96863936613084,27.534709587907873,29.752250436484587,16.34173682116772,199.0,132.0,73.0,-0.6443637130017985,-0.7644486358647473,-0.020339333594351295,34.50001832552745,0.729964178588374,-0.6227881790355564,0.28157979691621116,21.704833787711205,-0.22792038817169297,0.16659281850698665,0.959322224008994,15.781569194605861,163.84924935628365,164.2594509068224,100.8398102785514,40.97281148827579,15.219649115721644,372569.0,2713981.248646859, 0.0, 0.0,0.0,NaN, 160.56728279496392,160.56728279496392,NaN, 758.1602320904257, 362.6726613412143, 57.97440414432325, 362.6726613412143, 885.1964060352974, -24.304251453254004, 57.97440414432325, -24.304251453254004, 267.0523623323089, 5.194702676275266, 3.9143070198244527, 13.0, 0.0
2, 0 ,1.0,1.0,1.0,266.93946629271755,175.7526490368459,196.80373893814487,25.253906211951275,31.80594960521397,41.58480173429361,113.0,159.0,186.0,0.05550635308248812,0.2297942256321588,0.9716551130074903,42.15155944676636,0.14778011643109484,-0.9643279428487341,0.21961934302046623,31.230104573406088,-0.9874614331481988,-0.1314010369336774,0.08748534470218493,25.0319905135767,194.97509300858704,156.7616814025846,122.61252409391611,54.53034303471918,20.127484518634482,964124.0,3747605.6244825823, 0.0, 0.0,0.0,NaN, 164.86318997131562,164.86318997131562,0.0, 637.7597789620312, -35.02515122215714, 73.34906175129123, -35.02515122215714, 1011.6184302894109, 182.95364626412842, 73.34906175129123, 182.95364626412842, 1729.2957352805092, 5.040843806695083, 3.7162960783674412, 28.0, 0.0
3, 0 ,1.0,1.0,1.0,260.1100601946113,60.82572060960897,233.1246433762179,25.740419764293588,33.600229742555626,42.31849082424429,106.0,136.0,170.0,-0.1990554892375728,0.30718212187782173,0.9305998367735883,43.85446976970684,0.008928596554207186,-0.948995195513297,0.31516408275095414,32.38307384987149,-0.9799475457227098,-0.07104409117806469,-0.18615999769209313,24.70872969798006,212.22414695741915,145.10739785589485,115.13580272018407,56.711579260276594,19.136250725689873,1263236.0,3545640.8632825017, 0.0, 0.0,0.0,NaN, 98.80935638346087,98.80935638346087,0.0, 662.569209642036, -83.97877956913567, -241.93168767979495, -83.97877956913567, 1128.9754387525197, 244.2076603161582, -241.93168767979495, 244.2076603161582, 1790.8546656416486, 5.0186879418461725, 3.597218980865668, 17.0, 0.0
4, 0 ,1.0,1.0,1.0,20.76688346748698,254.2166966233065,65.47594114763533,13.300719209376716,29.706498447026878,45.65643120124802,50.0,127.0,206.0,-0.053176207891589285,0.36221983270121816,0.9305745986820039,48.030719053108506,-0.07214457574815479,-0.9308514081855824,0.3582049916863769,25.85900333267772,-0.9959756277662566,0.04808792651820276,-0.07563134415565213,12.971386409559644,229.48808704133734,127.90980671153633,58.99780974027561,50.81397251856456,23.70306073878899,563036.0,1731808.542112197, 0.0, 2.8421709430404007E-14,0.0,68.76341371718065, 82.5498224480413,82.5498224480413,0.0, 176.90913148668278, -7.5874915957437885, -118.76442233986637, -7.5874915957437885, 882.4760499832104, 554.0332099056939, -118.76442233986637, 554.0332099056939, 2084.5097100342937, 4.956721872499818, 3.6762820556917304, 13.0, 0.0
5, 0 ,1.0,1.0,1.0,35.56471471803752,170.12015147910662,128.9044707913096,23.225013684842917,34.986215588279684,27.598169085337727,110.0,183.0,160.0,-0.18989442871788226,0.9800527839385327,0.05862291903549005,35.38755487842532,-0.014704264521767776,-0.06254159461121855,0.9979340326636625,27.570611608776638,-0.9816943977362728,-0.1886401061222626,-0.026287255760129823,22.64238975810732,190.13911651606966,156.11213332843528,114.24705314038751,47.79399341657672,15.518687831481866,723004.0,3391197.9184450135, 0.0, 0.0,0.0,NaN, 186.41348281380613,186.41348281380613,0.0, 539.4012606611408, -137.41707067672704, -11.864575139081639, -137.41707067672704, 1224.0352811895843, 27.048100179749063, -11.864575139081639, 27.048100179749063, 761.6589368628911, 4.862350282900202, 3.4086720387484135, 22.0, 0.0
6, 0 ,1.0,1.0,1.0,124.98099398565036,176.0815161963423,196.08123835347416,30.73700066865656,27.149281656729475,36.43482035259149,166.0,182.0,183.0,0.02618178685171708,0.3155587612547383,0.9485447708108596,37.45294032553006,0.9710657338832734,-0.23334153761303586,0.0508238851537776,31.022381434845276,0.23737281755708986,0.9197686638605166,-0.3125375984825655,25.38172472056004,183.5657315338556,177.61222596395464,147.6011218451864,51.6708409372692,18.424631218845306,896190.0,4812315.860712178, 0.0, 0.0,0.0,NaN, 204.38969765618322,204.38969765618322,2.6973983046972182E-6, 944.7632101049938, -65.82443514726279, 34.538882081785516, -65.82443514726279, 737.0834944764275, 223.25956907945658, 34.538882081785516, 223.25956907945658, 1327.496134125615, 4.916561371651758, 3.501046115538195, 29.0, 0.0
7, 0 ,1.0,1.0,1.0,113.86765950059174,215.82318492581254,57.805399741786566,27.645131769679242,34.95190097698015,36.64239782752665,144.0,171.0,156.0,0.04519290762824424,0.6524384546905354,0.7564930032334278,42.39692788480866,0.702780344779552,-0.5589508249113551,0.44008381283847564,33.14300962048123,0.7099699909796465,0.5117597465334132,-0.4837815351338013,20.798928584071554,220.8862401434352,158.47955844654803,135.6021481774304,54.16218666898384,19.8748973897436,817928.0,4746882.534937524, 0.0, 0.0,0.0,NaN, 152.9478483519281,152.9478483519281,0.0, 764.2533105629286, -221.319328043187, 252.60331409983328, -221.319328043187, 1221.6353819046258, 509.8764347490946, 252.60331409983328, 509.8764347490946, 1342.6653185507298, 5.006578065312639, 3.627068573592055, 21.0, 0.0
8, 0 ,1.0,1.0,1.0,170.84008376564657,17.434893410810787,26.509936353684868,31.436438124333463,12.589542226666453,16.86086255646048,142.0,58.0,69.0,0.9929471119962,-0.09506222981473678,0.0708463495252637,31.604713319293456,0.09725514586838482,0.3113519851387032,-0.9453049126881274,17.23996527248438,-0.06780464129043731,-0.9455279550668182,-0.31840134548496524,11.617254192739466,142.18296762048735,78.7641708799362,58.240529539785406,35.124682073169915,14.046053211797853,231121.0,652231.2382863051, 2.8421709430404007E-14, 0.0,0.0,6.8088961014322615, 133.0001360728174,133.0001360728174,0.0, 988.2496419450465, -76.6315927135, 45.85519380598077, -76.6315927135, 158.4965734770177, -53.57373078481886, 45.85519380598077, -53.57373078481886, 284.288686147851, 4.734335764740006, 3.361318321615935, 4.0, 0.0
9, 0 ,1.0,1.0,1.0,185.73153149834704,97.11320987540634,133.073341743943,37.06862933670315,18.83564493654428,24.88506507037205,193.0,95.0,121.0,0.9382613038680903,-0.14434113396619214,0.3143745579863382,38.66302301024948,0.3106006442326611,-0.04857108181890584,-0.9492987358114394,22.87451434954014,-0.1522923683774325,-0.9883352098636854,7.399173585181693E-4,18.16751247737864,179.55413083036012,113.78426062349394,92.99214915659735,45.435645177438076,16.84438814395848,542965.0,1899869.967575549, -2.8421709430404007E-14, -1.4210854715202004E-14,0.0,73.33570417495972, 200.4913282636389,200.4913282636389,0.0, 1374.0832809018893, -160.65899369143898, 286.60608501961696, -160.65899369143898, 354.7815201755662, -43.94655685662495, 286.60608501961696, -43.94655685662495, 619.2664635566512, 4.8060199161917465, 3.3542583780431547, 22.0, 0.0
10, 0 ,1.0,1.0,1.0,134.688646740023,257.29380522253246,177.64482837904418,27.59603562093837,24.398592517919788,24.315438790693726,135.0,97.0,107.0,-0.780105237627339,0.4823974189575936,0.39840751550321474,31.592757795621225,0.024966452662042615,-0.6122818708854333,0.7902452700437425,23.589617059100313,-0.6251499775796736,-0.6264212965473674,-0.46560054205729673,19.836851673180952,162.51064929340862,124.26168432243419,102.47862789913779,42.13940840393917,13.127959544218042,608900.0,2069437.732722051, 0.0, 0.0,0.0,NaN, 186.9107772586248,186.9107772586248,0.0, 761.5411819920993, -230.01538433978936, -184.69474544492536, -230.01538433978936, 595.2913168554915, 37.34566676407415, -184.69474544492536, 37.34566676407415, 591.2405635839731, 4.434217996834133, 3.109338721140639, 16.0, 0.0
11, 0 ,1.0,1.0,1.0,187.6103259671829,194.76746739326427,257.87820006811853,16.17487547519641,26.543716328279945,22.12900277914613,83.0,121.0,99.0,-0.11879046951284501,-0.7936753281732357,0.5966307885133187,31.651231761137215,0.941526713572165,0.10077364549951276,0.32151534956007444,16.03410565226897,-0.31530346015056065,0.5999367848547419,0.7352955747148477,14.03549860490955,137.82099887066352,83.60093360004248,77.5256476587792,35.58069596938461,13.780504761718372,249565.0,893247.7349896687, 0.0, 0.0,0.0,NaN, 159.62321503319006,159.62321503319006,0.0, 261.62659663811024, 81.57999493730095, -38.84743021487594, 81.57999493730095, 704.5688765161954, -379.153175700302, -38.84743021487594, -379.153175700302, 489.6927639994571, 4.8477579944073526, 3.434540026997294, 11.0, 0.0
12, 0 ,1.0,1.0,1.0,222.42975783776458,145.4232718611808,41.20956818353568,24.892674520842448,23.361743986773803,20.912567658015764,127.0,95.0,94.0,0.6941988619528243,-0.6447856531754808,0.31990530086647895,30.83082637126922,0.45325976114609645,0.04634309116504195,-0.8901729645563565,19.87403694211498,-0.559145355868389,-0.7629572591963046,-0.32442671229489634,16.038535277367043,136.35321783946935,102.10784480376451,86.59650654116015,37.900847024758335,12.89486749682902,383751.0,1205660.0571135888, 0.0, 0.0,0.0,NaN, 169.89202152482682,169.89202152482682,NaN, 619.6452448005988, -307.43663989239053, 98.3913892476417, -307.43663989239053, 545.7710821035619, -148.69066496144234, 98.3913892476417, -148.69066496144234, 437.33548605108695, 4.8436374746623745, 3.466192547588385, 15.0, 0.0
13, 0 ,1.0,1.0,1.0,208.55826732338548,264.4601807883746,163.1285802703504,19.158374858519284,21.755404182152947,24.65241987495574,92.0,93.0,113.0,-0.27916105338950115,0.3906214215894473,0.8772023775993217,26.023583421432846,-0.29600385431691945,-0.9040400541827031,0.30837201342350035,20.987936654039736,-0.9134827992359744,0.17356982868221954,-0.36799822020117573,18.175873155181183,124.18993657987215,111.23969609818201,97.28713292872524,36.39076377625394,11.126322654901967,384538.0,1344007.2265200943, 0.0, 0.0,0.0,NaN, 168.39968753921832,168.39968753921832,0.0, 367.04332721954376, -8.35327408668128, -94.99313453947352, -8.35327408668128, 473.29761112883796, 88.15210673873182, -94.99313453947352, 88.15210673873182, 607.7418056911127, 4.816420731103281, 3.4535564524631144, 13.0, 0.0
14, 0 ,1.0,1.0,1.0,158.93847528261415,110.40940149124056,194.701877058555,27.696902003497122,19.303305956579024,24.36391220039751,124.0,94.0,126.0,0.8366482210800857,0.3174724112872659,0.44635302422519474,30.754964519301293,-0.31469244840422883,-0.3883793285929634,0.8661005484578743,22.85179443667182,-0.4483173174001646,0.8650854091898258,0.22503070396279684,16.286923208326193,135.8235458734458,114.98988476363508,87.28699962318841,39.4454508654085,13.318882279634208,407446.0,1363277.5042120346, 0.0, 0.0,0.0,NaN, 207.78903818113042,207.78903818113042,0.0, 767.1183805913229, 212.18037451977125, 184.13452986188008, 212.18037451977125, 372.6176208532992, 10.016280905295572, 184.13452986188008, 10.016280905295572, 593.6002177086787, 4.963307664976174, 3.655768041336947, 18.0, 0.0
15, 0 ,1.0,1.0,1.0,175.31680684412845,270.52317697043264,235.63447498482614,18.365836530573482,18.349593459111382,14.451638433514221,96.0,75.0,72.0,-0.7873631263056925,0.5361170400166848,-0.30436462793477603,20.17246109371009,0.39537377262757567,0.817931154616293,0.41793325570753087,17.837994350529137,0.47301045152550736,0.20872744360003717,-0.8559754476828346,12.559424985590677,112.36413263217548,101.47945734186993,55.60289756091291,28.267500166716616,9.15477030404271,172995.0,634020.4468301233, 2.8421709430404007E-14, 0.0,0.0,38.060230131341896, 143.37957512121375,143.37957512121375,0.0, 337.30395146774737, -53.298102471408264, 86.2305671492333, -53.298102471408264, 336.7075801146632, 14.188563672640456, 86.2305671492333, 14.188563672640456, 208.8498534130254, 4.816621580759829, 3.3037088677404647, 5.0, 0.0
16, 0 ,1.0,1.0,1.0,273.1866932744565,164.77179266599717,58.41214445002363,16.42285568854476,26.323202453589598,34.04026711907909,76.0,118.0,124.0,0.07338806118415789,-0.19367132307434048,0.9783177454663002,34.348571942430574,0.21193041324857004,-0.9555295574826888,-0.20505795453292408,26.404646997462716,-0.9745253677641852,-0.22238408979864308,0.029079618094268584,15.631096710491677,137.7983050601798,135.59005507726854,80.67393351430434,43.6401557243685,14.727449550746105,541696.0,1507318.2093558568, 0.0, 0.0,0.0,NaN, 149.7250817183833,149.7250817183833,0.0, 269.71018896676696, -105.00595751880212, 47.48444407864408, -105.00595751880212, 692.9109874126655, -88.51416683016298, 47.48444407864408, -88.51416683016298, 1158.739785538257, 4.542793677956929, 3.1154805063030007, 10.0, 0.0
17, 0 ,1.0,1.0,1.0,160.1122760870137,36.38124260199385,217.79731172896336,26.753509856222205,16.744973152975014,22.187733062836976,118.0,81.0,119.0,0.9403852873882806,0.12107359620013444,0.3178312375567075,27.460226018605663,0.3014134021671503,0.1362443820081883,-0.9437093987903431,21.556961918999125,0.15756101122322488,-0.983249028819441,-0.09162900778651455,16.421732363500993,123.04898395204123,106.91056426958288,89.51136306248948,36.7365539619441,11.784121392360039,380170.0,1177543.1332587076, 2.8421709430404007E-14, 0.0,0.0,19.88363862857469, 166.28124390263093,166.28124390263093,0.0, 715.7502896269788, 63.15975758417841, 89.30111146634736, 63.15975758417841, 280.394125893854, -6.4360890392742505, 89.30111146634736, -6.4360890392742505, 492.29549846770914, 4.760749346706983, 3.2829947713622065, 12.0, 0.0
18, 0 ,1.0,1.0,1.0,278.6455470111039,248.24004434511764,272.68743730972955,12.81100061221852,16.660287550141604,13.413641538423175,55.0,78.0,55.0,0.1766797702916622,0.9406095067022717,0.2898931090436509,16.95687100677587,0.6258456918666898,-0.33467809244011376,0.7044911244384492,14.24976813422419,0.7596719217804413,0.05695902335850934,-0.6478072559924407,11.446454955198623,79.14935162138835,73.55680156519708,57.9152084052447,23.881789082422873,7.160506091313369,113654.0,337180.7883831362, 0.0, 0.0,0.0,NaN, 62.29832864981465,62.29832864981465,0.0, 164.1217366862633, 10.922432879116016, 39.77661509513304, 10.922432879116016, 277.56518125340335, 25.693537713727153, 39.77661509513304, 25.693537713727153, 179.9257793213116, 4.116021839509361, 2.8457917445205934, 4.0, 0.0
19, 0 ,1.0,1.0,1.0,45.071395909983046,140.05226836251592,14.809048124881288,17.506583440313737,23.07994592845141,9.624340469428724,89.0,106.0,38.0,0.26075755171160503,-0.9647042307620064,0.03675930324769424,23.45549286128768,0.9410580464546591,0.2624945153524423,0.21332225062760762,17.30696809633199,-0.21544199318682308,-0.021032749695954783,0.9762901059684645,9.060960613037734,107.66240338083229,92.0389275985446,44.87741390372325,28.731261144468004,10.310525220996778,142151.0,444696.22491567675, 0.0, 0.0,1.7763568394002505E-15,87.89337245549717, 147.869457661566,147.869457661566,0.0, 306.48046375266716, -64.03195525610928, 48.13527144079567, -64.03195525610928, 532.6839040602408, -4.4230447029419615, 48.13527144079567, -4.4230447029419615, 92.6279294714835, 5.865923150609785, 4.470172602948069, 5.0, 0.0
20, 0 ,1.0,1.0,1.0,276.4840926608675,275.7506730101113,181.56736745782533,14.642031279285394,13.585658196903115,34.569821077809564,59.0,52.0,148.0,0.04831990444733072,-0.0533141092602988,0.9974080371583051,34.64428595217102,0.9608395097731917,-0.2703087071575789,-0.06099704331860508,14.654180048935892,-0.27286008006488316,-0.9612964207717508,-0.03816501170452414,13.381336851600231,148.992567930571,72.40476582673287,64.67298211331558,37.06792013252976,14.832431190702987,263369.0,697677.3850123684, 0.0, 0.0,0.0,NaN, 123.15565845025141,123.15565845025141,0.0, 214.38907998357186, -11.898837962798108, 47.12333830467685, -11.898837962798108, 184.5701086430808, -53.71309005950488, 47.12333830467685, -53.71309005950488, 1195.0725293517664, 5.431825470945357, 3.977873197381212, 5.0, 0.0
21, 0 ,1.0,1.0,1.0,28.53766161780477,98.26290231235465,205.32448155779682,20.238211792997788,23.119236836423536,37.68455866323774,90.0,131.0,164.0,-0.27556576359449514,-0.3450649168763251,0.8972144186735506,41.21639099849071,0.5455196444561522,-0.8246374614061437,-0.1496040599651754,20.3563374334022,0.7914997330681899,0.4482223336545881,0.41548154250967473,15.844208073516512,182.5849356044643,119.00299275450777,92.3590156705346,44.306713853235486,20.028115179608648,414945.0,2006790.894426263, -3.552713678800501E-15, 0.0,-2.8421709430404007E-14,43.35244309205137, 139.40390917675026,139.40390917675026,0.0, 409.5852165782347, 64.18378699373052, -371.2750987131925, 64.18378699373052, 534.4991118986429, -428.0686782420348, -371.2750987131925, -428.0686782420348, 1420.1259616430066, 5.177659083025221, 3.822360802345711, 12.0, 0.0
22, 0 ,1.0,1.0,1.0,175.29447304810535,53.681565249033,145.11894607258216,56.57816381970348,16.255646708387875,15.014344113165228,212.0,101.0,79.0,-0.9888922724595753,0.14408425526570479,0.036493846800032405,57.17637429715814,0.05126301611972458,0.5610860795691299,-0.8261685751056217,15.47860090351526,0.1395140732974484,0.8151209350141065,0.5622398817708355,13.492232453031438,212.38755492541344,79.49554007979869,70.83207361883689,55.555205896186195,24.584228645562632,423217.0,1195919.0542583796, 0.0, 7.105427357601002E-15,0.0,81.71574595722568, 198.7276714731819,198.7276714731819,0.0, 3201.0886212092037, -438.20617969203875, -113.84587758346522, -438.20617969203875, 264.24604990792153, -10.443351743044829, -113.84587758346522, -10.443351743044829, 225.43052914853934, 4.106705919116805, 2.800024853407026, 12.0, 0.0
23, 0 ,1.0,1.0,1.0,275.67788359314676,239.14659967099004,159.97196700947862,12.141676904695329,10.849545481894424,16.96621881586837,54.0,48.0,74.0,-0.11267255974018063,-0.06664179911985768,0.991394858213247,17.05413164787319,0.8627674397676294,-0.5014900122442553,0.06434370595533508,12.634524600249344,0.4928866392573504,0.862592973672592,0.11400053777184302,10.12476755250893,73.67786460582886,59.40711722300016,49.478087638735985,22.500693361952127,6.834056947458555,89359.0,216565.07202321538, 0.0, 0.0,0.0,NaN, 154.60450090895094,154.60450090895094,0.0, 147.42031805801196, -23.300062389577324, -17.866347000291782, -23.300062389577324, 117.71263716369569, -14.285956286727865, -17.866347000291782, -14.285956286727865, 287.85258090792587, 3.617551605010996, 2.378997005433932, 3.0, 0.0
24, 0 ,1.0,1.0,1.0,172.0130037164748,164.08746735262324,234.70106444256822,12.675767325395569,17.133120207378482,15.768748694272384,56.0,79.0,68.0,0.1322539073659333,0.7570458634745798,-0.6398362795141204,18.717626923686485,-0.6091610228913238,0.5712974351734974,0.5500382611729661,15.93038784489637,-0.7819410157911143,-0.31701861327091246,-0.5367191506396514,9.937077345378222,89.60252121680148,80.99124452272514,47.46882652515217,25.284515648682124,7.972803090672402,126733.0,344482.2095005586, 0.0, 0.0,0.0,NaN, 197.77977331678022,197.77977331678022,0.0, 160.67507728756593, -28.76176012717091, -73.23617648285281, -28.76176012717091, 293.54380804048094, -73.15685969199741, -73.23617648285281, -73.15685969199741, 248.653435383117, 4.785977158271792, 3.528182005188431, 2.0, 0.0
25, 0 ,1.0,1.0,1.0,28.97371587228135,191.66002454580206,263.17575196668207,14.53114202443243,30.01820228658529,20.7549100333122,63.0,135.0,98.0,-0.18411831611894722,-0.9821821546490125,0.03766511328201605,30.467212771075825,0.31361082434601495,-0.022385326206693368,0.9492877056107032,21.443045662981433,-0.9315302982311078,0.1865934410949209,0.3121445037443719,12.448196102277283,131.8696326912647,109.13713885233835,68.82856634179768,36.74818567242564,13.877452840073287,248515.0,990572.0828478223, 0.0, 0.0,0.0,NaN, 118.03834858249763,118.03834858249763,0.0, 211.15408853422622, 137.70052222333928, 85.39227817977196, 137.70052222333928, 901.0924685183543, -35.085245929166945, 85.39227817977196, -35.085245929166945, 430.7662904908834, 4.836613957519476, 3.298509883049168, 12.0, 0.0
26, 0 ,1.0,1.0,1.0,208.84023437241086,89.70526476261176,57.39441642197639,14.957438852585286,15.226835952325136,17.12984548041305,71.0,71.0,71.0,0.5436631722358147,0.2651668177628505,0.7963145822550372,18.691984696198432,0.1512261030319498,0.9023037357432762,-0.40370612359177704,15.186380408007633,-0.8255670904997738,0.3399037028648737,0.4504491667907564,12.999872097487811,95.62388082044694,68.57675310534081,66.32221520115574,26.224274498723048,7.829466351302151,150871.0,434912.917989317, -2.8421709430404007E-14, 0.0,0.0,57.066643237931785, 140.18293916103516,140.18293916103516,0.0, 223.72497702882782, 34.41526006878745, 74.3347165024121, 34.41526006878745, 231.8565331190213, 15.641737080260818, 74.3347165024121, 15.641737080260818, 293.4316061828274, 4.609542951371923, 3.2726565735914828, 9.0, 0.0
27, 0 ,1.0,1.0,1.0,76.3236140169029,42.10866550618928,55.49767034377551,32.50236718293446,23.58613811817807,35.24675257057706,157.0,116.0,141.0,-0.6425119444497484,-0.2983695722479202,0.705800254743505,41.160774175570715,-0.5744767884089723,-0.4219905278445276,-0.7013561249385433,28.32998690999835,-0.5071043490433859,0.8560955511892873,-0.0997275609608192,18.92738390646052,201.1686999777846,175.41689284374746,102.32642631878629,50.24893361977276,18.168324652295507,785309.0,3610934.6640115366, 0.0, 0.0,0.0,NaN, 103.33646588160293,103.33646588160293,1.9073486328125E-6, 1056.4038724942945, 363.83136329043583, -426.8083142408491, 363.83136329043583, 556.3059113297725, -149.82958580183066, -426.8083142408491, -149.82958580183066, 1242.3335667714807, 5.231049432832264, 3.684862394185732, 12.0, 0.0
28, 0 ,1.0,1.0,1.0,260.9679922157069,38.70509701805633,81.93345532402711,22.32647957240449,22.79213425978366,29.31484241553193,101.0,105.0,140.0,0.43691893855331687,0.23125880152043196,0.8692647513000721,31.902443191490395,0.28235735276979457,-0.9528003112516787,0.11156115908118579,22.289176643725366,0.8540352255441671,0.19670011082365257,-0.4815941236473779,19.045728734259672,145.70036494377672,109.21464360908523,87.79586790898875,41.066331922396635,13.815550749035815,507689.0,1397061.7068791108, 0.0, 0.0,0.0,NaN, 98.66444784310414,98.66444784310414,0.0, 498.471690096995, 30.116488296069804, 253.0008994660432, 30.116488296069804, 519.481384116004, 117.42591822485682, 253.0008994660432, 117.42591822485682, 859.3599858474699, 4.464831256494273, 3.060332366286514, 5.0, 0.0
29, 0 ,1.0,1.0,1.0,59.60199067923494,113.75388540941776,277.49080224654335,22.964676171463797,13.177040410252378,13.342603880196606,109.0,66.0,55.0,-0.9805579904326894,-0.04352260394197259,0.1913421290377943,23.25624026372414,0.16214842924640943,-0.7288831567662143,0.6651595527957485,15.121670572457505,0.11051657926088691,0.6832533400786476,0.7217693253248185,10.465093971459009,113.15237525300282,79.47446054157203,47.66088503697898,27.898800938369956,10.03457672942402,142263.0,428601.1838863442, 0.0, 0.0,0.0,NaN, 130.38024283675335,130.38024283675335,0.0, 527.3763516601971, 4.326195143164777, -68.07734825777848, 4.326195143164777, 173.63439397342415, -61.35717327022346, -68.07734825777848, -61.35717327022346, 178.02507830383752, 4.610884366507445, 3.291341245250193, 5.0, 0.0
30, 0 ,1.0,1.0,1.0,33.43319484317327,10.220038872345357,21.906831190599313,16.112584433411232,6.829007532813537,13.242504426471573,66.0,27.0,52.0,0.9722458907370434,0.06508525556835337,0.22472613878348935,16.301684865024555,0.21688543468541582,0.10949677293039291,-0.9700366822647217,13.10351373361647,0.08774187236577703,-0.9918540044913026,-0.09234174358498788,6.645874125087179,69.95216765285873,57.82933842000311,30.769496899497263,20.75253637826163,7.137708200894082,56081.0,124471.46353992114, 0.0, 0.0,0.0,NaN, 41.25696262192908,41.25696262192908,0.0, 259.615377123806, 17.049880987058685, 21.58065018554566, 17.049880987058685, 46.63534388322404, -10.305313687202558, 21.58065018554566, -10.305313687202558, 175.36392348511922, 4.176196538245223, 2.757522887515728, 1.0, 0.0
31, 0 ,1.0,1.0,1.0,92.28511287459845,128.17649215965264,9.533994396608628,14.149670740584549,18.649769215988727,6.370243470808106,62.0,84.0,25.0,0.06316243212561763,0.9979287229259812,0.012197177021642962,18.66686752879252,-0.9979815871081582,0.06323688724932722,-0.005817893441582934,14.128918066350694,0.00657715448035602,0.01180508578268035,-0.9999086863252088,6.366223895750837,84.02769719918092,61.83489308722282,25.577684546069392,22.87210289840777,8.091599641520068,68173.0,132897.65041041997, 0.0, 0.0,0.0,NaN, 158.22974514858274,158.22974514858274,0.0, 200.2131820669545, 9.368364629586951, 1.1609691654044512, 9.368364629586951, 347.8138918096408, 3.689480871019307, 1.1609691654044512, 3.689480871019307, 40.5800018773733, 3.7835465937224666, 2.535556831352556, 2.0, 0.0
32, 0 ,1.0,1.0,1.0,175.18159139856476,196.90709219268413,67.94062814425531,13.391187250694388,13.101355766557191,17.332857824380394,63.0,61.0,83.0,0.15826040584162618,0.4241097861581171,0.8916751276265138,18.304518601729686,-0.8346529063730549,-0.4250261407389635,0.35029602562911755,14.076396734523385,-0.5275492108096236,0.7996772279948076,-0.2867196561114787,10.871845887266664,86.55947672081817,63.23907439566071,50.48370736727654,24.41579109448961,7.434145848412449,120259.0,276344.84508053685, 0.0, 0.0,0.0,NaN, 175.56682977885816,175.56682977885816,NaN, 179.32389598315993, 42.916953580990686, 7.227555214875853, 42.916953580990686, 171.64552292190135, 70.10588511675468, 7.227555214875853, 70.10588511675468, 300.4279603601846, 4.622167838413393, 3.2996786502419573, 5.0, 0.0
33, 0 ,1.0,1.0,1.0,173.2595587428195,73.78806117595404,206.5036405546815,13.172531786199192,7.958482891976856,14.344085393143214,62.0,36.0,60.0,-0.3383762442219317,0.26837942536039694,0.9019279358072257,15.198648767727382,-0.9311161798701337,-0.2341195945931399,-0.27966171531261225,12.989031481532047,-0.13610355223251352,0.9344305749871242,-0.3291129344145023,6.549195841714402,67.35355237509376,60.87247293511621,32.004893595124386,19.968054529230006,6.624396401469471,54662.0,131219.33703807465, 0.0, 0.0,0.0,NaN, 173.9235080479328,173.9235080479328,0.0, 173.5155936584281, 10.345870770106556, -24.644554758146857, 10.345870770106556, 63.3374499418883, 53.771133069152306, -24.644554758146857, 53.771133069152306, 205.75278576578452, 3.3451739315228832, 2.1476839274958355, 2.0, 0.0
34, 0 ,1.0,1.0,1.0,50.84534629162797,151.83534562823405,104.26179182698687,11.38942639776216,10.473813286024773,11.507882035604439,52.0,46.0,52.0,0.6145889194203152,0.0027313217705225486,0.7888428233857206,11.688255609081052,0.7883911444544622,0.03188504773749833,-0.614347415618037,11.204971913718554,0.026830271551978695,-0.9994878106371103,-0.017442847138118608,10.473033590870495,51.40573754792641,54.59811190279424,46.295738544551625,18.655325767354068,4.88159480906081,60296.0,129936.22213294219, 7.105427357601002E-15, 0.0,-1.4210854715202004E-14,64.48737619356993, 188.17155810481663,188.17155810481663,0.0, 129.71903367004154, 0.4440692248786471, 5.371371380964781, 0.4440692248786471, 109.70076475050908, -0.2527851058391287, 5.371371380964781, -0.2527851058391287, 132.43134894538738, 3.6416205814059075, 2.2986595981476885, 2.0, 0.0
35, 0 ,1.0,1.0,1.0,116.38071895424837,118.41910792094616,221.88904450669156,13.439785401327455,12.370468460383744,15.684650755846228,62.0,59.0,74.0,0.5193022199504642,0.23538361942437266,0.8215349999003093,17.37078305973474,0.4892011792376129,-0.8701096081311189,-0.05992892515672016,12.158322134571584,0.700719209517656,0.43301711460933323,-0.5669997952983394,11.405949748248512,87.29364143960606,57.63418100127548,56.59755798576785,23.052780830827764,6.945062048811813,102816.0,284747.8342422995, 0.0, 0.0,0.0,NaN, 183.49081239445763,183.49081239445763,0.0, 180.6278316337346, 13.434936581295544, 72.70972651951335, 13.434936581295544, 153.02848992934898, 34.11714308242098, 72.70972651951335, 34.11714308242098, 246.00826933286766, 5.017931982811101, 3.4677104452134655, 6.0, 0.0
36, 0 ,1.0,1.0,1.0,152.47164314113218,208.19491133222542,12.228127563792414,16.373763557999002,17.02506140251232,8.25851529521753,72.0,75.0,33.0,0.04804649221330841,0.9988168930294328,0.007506582779597,17.02665178553919,0.9969986068742459,-0.04841307260579631,0.060414835029807976,16.394919509091853,0.06070677455448861,0.004581331672816424,-0.9981451291887841,8.2131398964286,75.0148665444137,72.0259650579747,34.82069927441902,23.8379694623634,7.609673817279844,95074.0,188136.8704036824, 0.0, 0.0,0.0,NaN, 174.19046324782474,174.19046324782474,0.0, 268.1001330532561, 0.9572331126457255, 12.207507119843338, 0.9572331126457255, 289.8527157593148, 1.078986559052517, 12.207507119843338, 1.078986559052517, 68.20307488134188, 6.97802399256201, 5.253973495589404, 4.0, 0.0
37, 0 ,1.0,1.0,1.0,75.5751812833493,171.06326446846353,53.106252565330415,17.42932959822908,15.095867073362328,20.925082780649433,75.0,65.0,99.0,0.4156083216079064,-0.3760911118451426,0.8281456385209935,22.366085423405412,0.7537913649229259,-0.36710304842561525,-0.5450081926028757,17.603761373940205,-0.5089875255621612,-0.8507589714059475,-0.13092315071981495,12.625039827250587,104.80847501991587,80.20827854206097,58.42592366626576,29.8032474543739,9.016222240545922,219270.0,491157.95719642594, 0.0, 0.0,0.0,NaN, 158.6082086686346,158.6082086686346,3.3036247397782844E-6, 303.7815302437043, -94.92356872696932, 55.4861377592034, -94.92356872696932, 227.88520269662487, -76.04925861078274, 55.4861377592034, -76.04925861078274, 437.85908937703135, 5.6767413276030005, 4.230473939942309, 4.0, 0.0
38, 0 ,1.0,1.0,1.0,10.883631513686426,128.58030029904867,256.5573871273614,7.533233407778518,17.370636246638462,22.942976347878904,34.0,78.0,99.0,-0.011760525052766587,-0.5231896112053458,0.8521351540555537,25.738481644300204,0.03437939174441545,-0.8519018138343339,-0.5225718677933741,12.878771438241413,-0.9993396557095929,-0.023150168737408654,-0.02800575322433297,7.519081178973223,124.17083280331718,59.79540759381774,34.782259476052396,27.35589710214061,11.684334239726162,95971.0,258252.90479364543, 0.0, 0.0,0.0,NaN, 136.15655574786396,136.15655574786396,0.0, 56.74960557607034, 0.5263651909409464, -8.036512077208329, 0.5263651909409464, 301.7390036130299, -221.47217392646652, -8.036512077208329, -221.47217392646652, 526.3801636993309, 4.604561226298155, 3.0794450694546907, 2.0, 0.0
39, 0 ,1.0,1.0,1.0,123.94590688954851,256.8041907514451,256.16514997656617,8.075353697006852,10.336064881836714,14.747314678977826,35.0,47.0,63.0,0.08225491472864833,-0.0356565660215784,0.995973261841166,14.79189297708586,-0.3878257588358386,-0.9217321962291173,-9.691326297840704E-4,10.759814930226636,0.9180551779639331,-0.3861843701319319,-0.08964553797827465,7.413174059456943,63.593579426616,47.68122270642414,34.33769260548681,18.825339826820407,5.927515939983751,51208.0,104119.42533854471, 0.0, 0.0,0.0,NaN, 138.3833799554235,138.3833799554235,0.0, 65.21133733176222, 21.26032276951858, 13.445642583875326, 21.26032276951858, 106.83423724153822, -5.764295445730624, 13.445642583875326, -5.764295445730624, 217.48329024079487, 3.955864104029234, 2.500173176564235, 1.0, 0.0
40, 0 ,1.0,1.0,1.0,10.88002742032054,227.63789557717172,268.2322136702446,7.265895619111913,21.280225831519616,20.168943767656927,30.0,94.0,84.0,-0.0055057799404852475,-0.9393018071553629,0.34304781220977953,21.450774560400813,-0.11331700984219414,-0.3402572535002006,-0.9334796498697351,20.101758433773863,0.99354362846715,-0.04401268584362264,-0.104565490565289,6.943422925349873,104.10720664562623,98.00603203917416,31.803419835855568,28.3908995357116,10.314279754031881,115243.0,324494.5615589204, 0.0, 0.0,0.0,NaN, 79.77368865396801,79.77368865396801,0.0, 52.793239147829695, 15.851544512464717, 36.86555006555516, 15.851544512464717, 452.84801144047475, -19.70014424772635, 36.86555006555516, -19.70014424772635, 406.7862927029072, 4.641005488285397, 3.2561671197623294, 4.0, 0.0
41, 0 ,1.0,1.0,1.0,5.289355322338831,55.48140563864409,142.93063224485317,3.507006455962288,17.38350923137559,10.393549340654536,13.0,74.0,44.0,0.0024597398665570937,-0.9999964283156733,0.001045483469440284,17.383565718921783,0.004575511489380764,0.0010567302842115285,0.9999889739470719,10.39363565461823,0.9999865070961705,0.002454929123709106,-0.004578094428706368,3.506470611751587,74.01092807590956,44.026270741902366,13.184806369918018,19.104679929601666,7.584362871301207,27347.0,42961.70477025855, 0.0, 0.0,0.0,NaN, 153.41228531404903,153.41228531404903,0.0, 12.299094282161168, -0.7125960002410022, 0.4387650216285646, -0.7125960002410022, 302.18639319732034, -0.20191514621318132, 0.4387650216285646, -0.20191514621318132, 108.02586789662033, 5.55140647172043, 3.7999172151583203, 1.0, 0.0
42, 0 ,1.0,1.0,1.0,62.03893495280352,224.24660373802956,218.42515803539308,19.14654270323112,19.641047644158895,14.912203318924506,94.0,91.0,68.0,-0.4853210347990069,0.8630422391662474,-0.1400770737720165,19.90094938203887,0.8655340188739389,0.496905136960634,0.06273872037316076,18.983131284325193,-0.12375118324100641,0.09079305192052675,0.9881509329902022,14.775912770699371,97.88194576648633,101.32535110822676,68.401308440518,29.978653988222206,8.718656027516044,233492.0,678398.8775127636, 0.0, 2.8421709430404007E-14,0.0,30.34009917388901, 127.44356137856435,127.44356137856435,1.3486991523486091E-6, 366.59009748665284, -13.352392692608083, 19.79451068259417, -13.352392692608083, 385.7707525601197, -17.05716084353158, 19.79451068259417, -17.05716084353158, 222.37380782494304, 5.6360586059472455, 4.313440134940846, 7.0, 0.0
43, 0 ,1.0,1.0,1.0,62.42427254288785,53.22472990553764,250.57067707449517,13.922619935757462,13.49571323896842,16.580817272800605,62.0,61.0,77.0,-0.5202895932552486,0.08230128422334551,0.8500148456147554,18.139831899438157,-0.42807152461365316,-0.8864027285103581,-0.17619583622871257,13.987125044098391,0.7389543348308004,-0.4555400108712527,0.49641695129214564,11.234053355708388,80.01327541020854,65.26100674555012,50.91861389026384,24.46127529342298,7.24866430160802,123753.0,265884.1145535092, 0.0, 7.105427357601002E-15,0.0,85.27914404760871, 95.7753603015933,95.7753603015933,0.0, 193.8393458755511, 17.66082887937879, -84.47385032925561, 17.66082887937879, 182.13427582846748, 25.03531146623679, -84.47385032925561, 25.03531146623679, 274.92350143400284, 4.532783176436666, 3.3662350493620417, 4.0, 0.0
44, 0 ,1.0,1.0,1.0,243.31470967970145,119.70311809129659,199.98345448435649,14.277513920827056,14.389002536736852,14.288138427753184,65.0,62.0,68.0,-0.5509185720947634,0.4474049230114441,0.704498092109688,16.375501794381055,0.6113942662614651,0.7909559979863905,-0.024200422144215587,14.348499186288842,0.5680543795304034,-0.417393632096223,0.7092931536267997,11.874561447714973,70.04607850269362,63.72731493413039,57.45203399828375,23.88226654453655,6.684238340152902,113082.0,256457.17605187892, 2.8421709430404007E-14, 1.4210854715202004E-14,0.0,74.44707591464915, 165.96797280306288,165.96797280306288,0.0, 203.84740375941038, 0.031405823799871134, -50.31019241072225, 0.031405823799871134, 207.04339400221957, 38.835955624669126, -50.31019241072225, 38.835955624669126, 204.1508997306372, 5.284349724291433, 4.008293981770028, 4.0, 0.0
45, 0 ,1.0,1.0,1.0,280.0927794062287,252.95712309820195,85.07485375664598,12.136538969495215,25.348006209789453,19.330093186082788,51.0,100.0,80.0,-0.037394310182691126,-0.9479261427391459,0.3162873590228434,26.007257839685824,0.10257744007362286,-0.3184779667936468,-0.9423638646801601,18.510140478141683,-0.9940218983271458,0.002795099044599344,-0.10914510097767964,12.019431712514788,112.6349581216326,86.37042799461742,54.09538553926009,32.36646699042453,10.76481835006978,236421.0,526257.73712583, 0.0, 0.0,0.0,NaN, 99.23235581543702,99.23235581543702,0.0, 147.29557815807595, 12.381089263817312, -25.446144450586363, 12.381089263817312, 642.5214188115247, -100.00413756590719, -25.446144450586363, -100.00413756590719, 373.6525025826443, 4.666909455961106, 3.2329964765688834, 4.0, 0.0
46, 0 ,1.0,1.0,1.0,219.78028383172833,14.97856671120736,178.19475802116452,18.573195458094407,9.95833877259554,18.462539431311946,87.0,43.0,79.0,-0.723129221073455,0.08658136947666896,0.6852647634960103,20.002510268803956,0.6834189192473368,-0.054111454655086655,0.7280182218117295,16.987307009194133,-0.10011348782507182,-0.994774153732723,0.020041771898815064,9.814705620082705,100.09871382284256,77.93764863988687,46.76035858162518,26.579807588509876,8.860659763519095,130218.0,364798.9916464689, 0.0, 0.0,0.0,NaN, 146.61540606758493,146.61540606758493,0.0, 344.96358952457865, -26.128209831403446, -54.882195842790296, -26.128209831403446, 99.16851110977967, 10.450011285974698, -54.882195842790296, 10.450011285974698, 340.8653622527484, 4.095800278010902, 2.823484032280705, 3.0, 0.0
47, 0 ,1.0,1.0,1.0,6.604864566058596,199.18996683250415,184.57269209508016,4.568026282684915,14.160847851873685,14.117723297519367,18.0,65.0,62.0,0.01834704736975158,-0.7160913995739182,0.6977653569138264,14.953869041095222,9.53682481381295E-4,-0.6978699740885667,-0.7162238405382415,13.277422080691041,-0.9998312239285873,-0.013806039326704002,0.01212092964968878,4.560531844148092,63.88018165331874,62.444188970901195,18.694654759578995,19.34879095596216,6.806678753327795,36180.0,74571.97084193853, 0.0, 0.0,0.0,NaN, 153.39410169020437,153.39410169020437,0.0, 20.86686411930016, -2.7681656761337963, 2.4902765669227596, -2.7681656761337963, 200.52961188391558, -23.622197699543616, 2.4902765669227596, -23.622197699543616, 199.3101111053211, 3.4234038330182113, 2.1698086806763643, 2.0, 0.0
48, 0 ,1.0,1.0,1.0,51.50999813119043,119.22986357690151,41.74210427957391,8.662219838600235,7.697372027137471,7.408856946969023,37.0,35.0,34.0,-0.9899344143015252,-0.04368243170428987,-0.13461686574087411,8.680472625778139,0.11524028204470543,-0.8009457306141378,-0.5875420104173337,8.061764986117927,-0.08215554014035337,-0.5971413415359761,0.7979177184728145,6.987996151885635,37.704508255083425,42.08717591503657,30.258469058938132,13.257910559631187,3.660950356107425,21404.0,48016.44656825248, 7.105427357601002E-15, -1.4210854715202004E-14,0.0,68.50628473615869, 136.42376459300854,136.42376459300854,0.0, 75.03405253223947, -0.3448510000680655, 2.439739753512012, -0.3448510000680655, 59.24953612415842, 7.7606450637497595, 2.439739753512012, 7.7606450637497595, 54.89116126065115, 4.152772595005612, 2.818769588771025, 1.0, 0.0
49, 0 ,1.0,1.0,1.0,248.95690249537333,217.86217991363566,147.98867828674415,11.302341895323604,13.539436428591502,12.730741122822518,54.0,63.0,59.0,0.06089481575656532,0.8110090489935452,-0.5818557758281334,14.184471430169848,0.5919173571908617,-0.4987164879870078,-0.6331790480315104,12.829889324418183,-0.8036950066226359,-0.3058532116236312,-0.5104195815888637,10.359814227526376,64.99930182835135,56.01430551110711,47.77948325972437,20.96581546990904,5.793584584757929,82673.0,173959.87866982608, 0.0, 0.0,0.0,NaN, 176.7842419234934,176.7842419234934,0.0, 127.74293231878715, -12.273028110359093, -24.794193258552536, -12.273028110359093, 183.3163388038706, -26.210189537099044, -24.794193258552536, -26.210189537099044, 162.07176953632435, 4.749688006657317, 3.005900144042243, 2.0, 0.0
