// Sample: .//bubblelabels.tif, Map: .//bubblelabels.tif, Thickness:(8.191250068658265):/gpfs/home/mader/Foam/NewValid/InSilicoTest/LatticeData_OldFoam/out_Step_03500.vtk/distmap.tif, Neighbors:(1.0):
//LACUNA_NUMBER, TRIANGLES, SCALE_X, SCALE_Y, SCALE_Z, POS_X, POS_Y, POS_Z , STD_X, STD_Y, STD_Z,PROJ_X, PROJ_Y, PROJ_Z, PCA1_X, PCA1_Y, PCA1_Z, PCA1_S, PCA2_X, PCA2_Y, PCA2_Z, PCA2_S, PCA3_X, PCA3_Y, PCA3_Z, PCA3_S,PROJ_PCA1, PROJ_PCA2, PROJ_PCA3,OBJ_RADIUS, OBJ_RADIUS_STD, VOLUME, VOLUME_BOX, Mask_Grad_X,Mask_Grad_Y,Mask_Grad_Z,Mask_Angle, Mask_Distance_Mean,Mask_Distance_COV, Mask_Distance_STD, SHAPET_XX, SHAPET_XY, SHAPET_XZ, SHAPET_YX, SHAPET_YY, SHAPET_YZ, SHAPET_ZX, SHAPET_ZY, SHAPET_ZZ, Thickness, Thickness_STD, Neighbors, Neighbors_STD
1, 0 ,1.0,1.0,1.0,79.23653789031479,138.21296290683367,39.68339567054431,15.411244621746373,15.476547608630208,16.06294683420135,84.0,80.0,79.0,0.08640127606568908,-0.47058857462155307,0.8781123008646878,16.297814535936748,0.9919974160111068,-0.040813933364720986,-0.11947949393342563,15.40583831677773,0.09206490168086841,0.881408314164869,0.4632962741049584,15.234488333429363,90.0802077308528,82.37956176844732,88.94905832852542,26.098421058725442,7.343069243409478,164963.0,660070.3289547499, 0.0, 0.0,0.0,NaN, 164.182897843454,164.182897843454,0.0, 237.50646079130652, -1.575843144369644, 1.9215818149243251, -1.575843144369644, 239.52352588219742, -13.82962466311777, 1.9215818149243251, -13.82962466311777, 258.0182609983792, 7.064363736883691, 5.520511042313201, 53.0, 0.0
2, 0 ,1.0,1.0,1.0,58.67222701671512,262.4654682957849,12.990552325581396,14.603140899109707,18.146770765376143,8.129906934209457,83.0,79.0,33.0,-0.34359686787677135,-0.9390902719959954,-0.007117122154353899,18.636693274828954,-0.9356597369750242,0.34167232037318135,0.08832260239958367,14.009587310354208,-0.08051117306996171,0.037006574190184244,-0.9960664960119909,8.06582464865036,87.26883918203376,73.19788569086016,37.000274719774744,23.347330439306536,7.972111479847192,88064.0,236353.85192930314, 0.0, 0.0,0.0,NaN, 70.85214000352674,70.85214000352674,0.0, 213.2517241192507, 49.13252568992606, -10.152999036179319, 49.13252568992606, 329.3052892111102, 5.846183112532997, -10.152999036179319, 5.846183112532997, 66.09538675890701, 7.792039806803968, 5.533585993014802, 23.0, 0.0
3, 0 ,1.0,1.0,1.0,76.49676611725432,14.93393874839404,258.80793262103725,14.742020705174152,9.186987767373907,16.25623659838063,73.0,39.0,77.0,-0.24033312740818824,0.059639516192455166,0.9688566023816579,16.360824035435858,0.9665961522758744,-0.07687298481989654,0.24450444292559387,14.674986326825207,-0.08906102557052979,-0.9952555814026914,0.039172202020253934,9.108312700011382,82.59614122932703,80.31051032604867,40.5143983007726,22.65106923062208,7.274765271938707,91067.0,268745.7080494249, 0.0, 0.0,0.0,NaN, 88.15647547339731,88.15647547339731,0.0, 217.32717447178342, -12.48513133230032, -11.721052234542746, -12.48513133230032, 84.40074423787779, 8.184792764098443, -11.721052234542746, 8.184792764098443, 264.26522834252984, 7.118949935358741, 5.266340852936465, 33.0, 0.0
4, 0 ,1.0,1.0,1.0,153.99504150649062,176.548086244359,14.222809070143184,15.768736764579625,15.347951886063475,8.863530814744056,78.0,67.0,38.0,-0.752328069389227,-0.6575587217876419,0.04023684145258744,17.16368830600585,0.6522084400494805,-0.7520340105013673,-0.09523128570722869,13.820447905910209,0.09287963575133601,-0.0454023617252629,0.9946416434135801,8.785094658894819,81.73902375822925,68.16152133302101,40.99139277778349,22.60644556303918,7.19190404251654,89745.0,228381.7499154279, 0.0, 0.0,0.0,NaN, 191.7292654042866,191.7292654042866,0.0, 248.6530591506051, 51.724685479734, -13.651276950959005, 51.724685479734, 235.5596270969194, 2.3995929294978495, -13.651276950959005, 2.3995929294978495, 78.56217850391744, 8.117761264261318, 5.551783191069362, 23.0, 0.0
5, 0 ,1.0,1.0,1.0,17.38549858765673,164.27543741998414,12.710743969599058,10.551196462489818,14.267087012221477,8.184187983702346,45.0,73.0,35.0,-0.01925567018298555,0.9986608433569452,0.048018112326485174,14.279234537844413,0.9986345603693935,0.02154345331754044,-0.04759090727212027,10.554581251971436,0.04856165155379984,-0.047036151678786664,0.9977120658955753,8.15859835791041,73.47845891297482,47.098759847582684,37.205116584677135,18.528758189355347,6.20834692308079,49209.0,128757.3947908387, 0.0, 0.0,1.7763568394002505E-15,87.24770645323402, 137.42261626434984,137.42261626434984,0.0, 111.32774679005765, -1.6763000235139491, -2.2578758581416976, -1.6763000235139491, 203.54977181429877, 6.539709732692266, -2.2578758581416976, 6.539709732692266, 66.98093295257787, 7.5319234701402475, 5.20473192194326, 17.0, 0.0
6, 0 ,1.0,1.0,1.0,279.8288005001747,207.45935161177619,208.77541788492303,12.695159819927788,14.805707593363863,14.755165323017962,51.0,77.0,76.0,0.3716840439839932,0.33726255273756345,-0.8649305995099528,15.316133142303338,-0.2079878554556295,0.9382452758606469,0.27647215828749583,14.755289828157162,-0.9047607548024358,-0.07713477066874858,-0.4188773134501396,12.074288863432592,87.00312346440313,78.2924691606479,61.92612415022518,23.372055677119832,7.199859535356702,108762.0,421821.521024518, 0.0, 0.0,0.0,NaN, 131.5012291784569,131.5012291784569,0.0, 161.16708285350893, -2.9057379690399907, -32.682239375726, -2.9057379690399907, 219.20897734019235, -7.243834036986501, -32.682239375726, -7.243834036986501, 217.71490370959177, 6.877635448777308, 4.933685976546096, 31.0, 0.0
7, 0 ,1.0,1.0,1.0,189.75155193410097,114.00113858004218,234.55893389305268,13.187140353961158,13.167163157225458,13.360802879786975,64.0,69.0,68.0,0.6518382900498639,-0.28946920943305654,0.7009382429394695,14.148301948940315,-0.08250780565890313,-0.9458674835567636,-0.31389037187423846,13.089068153405844,0.7538562897729394,0.14677288693827698,-0.6404361123715475,12.421262285037656,66.81975877235718,67.86494601901313,67.27965788393033,22.097144796697894,6.123895961746602,101003.0,305094.36458982993, 0.0, 0.0,0.0,NaN, 171.56198014624064,171.56198014624064,0.0, 173.90067071507082, -7.328717250699698, 21.406759077574613, -7.328717250699698, 173.37418560899548, -4.25246059421695, 21.406759077574613, -4.25246059421695, 178.51105359252392, 6.4975664207835315, 4.824510275226184, 36.0, 0.0
8, 0 ,1.0,1.0,1.0,121.75821136570102,186.55467851014436,114.65695972544665,12.527119343152702,12.677772042912084,14.698474330205096,63.0,67.0,78.0,-0.005521610474927979,-0.21021528571249512,0.9776395273671054,14.789441387157119,-0.33411357532715247,-0.9210817971734139,-0.1999410955704231,12.578001389608431,-0.942516647386066,0.3277466347174415,0.06514992579828242,12.52062598851129,77.49508840700949,66.1980351140165,66.38140087896117,22.193902763061022,6.4133026428769755,99070.0,340538.08563549723, 0.0, 0.0,-1.4210854715202004E-14,12.139217988655478, 202.0918638055331,202.0918638055331,NaN, 156.92871903759058, 0.5150880088018476, -0.23827785138437774, 0.5150880088018476, 160.72590397204323, -12.46880237037203, -0.23827785138437774, -12.46880237037203, 216.04514763569816, 6.300018472908917, 4.665863261933296, 35.0, 0.0
9, 0 ,1.0,1.0,1.0,260.4370755498298,141.09534370111345,126.08341768657404,14.601265566027882,13.261768091182596,13.55593330158743,74.0,68.0,64.0,-0.8847936424378331,-0.2312701950348786,0.404542095696011,14.923792684795743,-0.4648754645628173,0.4979058950242054,-0.7321069062286257,13.375400127141583,0.03210938724261439,0.8358252308878181,0.5480558098061089,13.084871418977162,81.12033247450486,70.47435960510477,65.83687204648913,22.95237128299082,6.784056986702382,108670.0,376383.0430527452, 0.0, 0.0,1.4210854715202004E-14,66.13756431385465, 193.31360329969615,193.31360329969615,0.0, 213.19695612967152, 8.760057607695016, -15.819426611385026, 8.760057607695016, 175.87449290430885, -7.62103883915164, -15.819426611385026, -7.62103883915164, 183.76332767708706, 6.055839479880071, 4.6115866674839205, 37.0, 0.0
10, 0 ,1.0,1.0,1.0,22.7908490605341,133.11038203557888,191.70645335999666,13.090787399688395,13.156579874747525,13.121110026388367,58.0,64.0,63.0,0.4717917303848322,-0.6393592330800519,0.6071509978710186,13.81035558892159,-0.8797390783316522,-0.2953312856364804,0.37261050143612146,12.878365799724193,-0.05892127965905235,-0.7099290125073009,-0.7018041607198893,12.65107149237083,83.97004100148779,69.13657400999573,67.21869841154597,21.859793292572594,6.22714013613043,96012.0,390231.495906654, 0.0, 0.0,0.0,NaN, 173.1048492978414,173.1048492978414,0.0, 171.36871474384043, -7.74571322692514, 6.885069469671367, -7.74571322692514, 173.09559400061158, -12.54671283495031, 6.885069469671367, -12.54671283495031, 172.16352832458932, 6.431276762876425, 4.684572466553097, 35.0, 0.0
11, 0 ,1.0,1.0,1.0,47.17700930471097,248.58798263609054,213.65478240164114,13.287900838935526,14.539359204148438,13.259022236171667,63.0,71.0,65.0,-0.05289456570827654,0.8618780309008899,0.5043495065616079,15.082618134600938,-0.8016703918105845,-0.3377927039511013,0.4931740788521503,14.029134654505631,-0.5954214875303009,0.3782358378152556,-0.7088094971001697,11.809358851499523,71.1471134993078,67.48292634257486,64.60959896499601,22.841624759849473,6.482524489900706,109192.0,310204.6028152875, 0.0, -2.8421709430404007E-14,-2.8421709430404007E-14,19.7806010812204, 111.01514463563812,111.01514463563812,0.0, 176.56830870538346, 11.518906802784787, -25.024568047649442, 11.518906802784787, 211.39296606725588, 28.70822043251763, -25.024568047649442, 28.70822043251763, 175.8016706592947, 6.995943911556209, 4.91592249933355, 42.0, 0.0
12, 0 ,1.0,1.0,1.0,264.77813879468766,282.02566167137144,25.965860220146638,16.745593296156645,11.086546786174795,14.173600771636512,74.0,51.0,63.0,-0.9735091247406318,-0.08210088890634121,0.2133996909264786,16.892262721217516,-0.21880722279898307,0.06364965645637735,-0.9736899509001724,14.048811837364259,-0.06635799347270874,0.9945894455873607,0.07992778883781428,11.022691115683276,82.33237140954154,68.61672296085449,54.367636487353366,23.444806725688444,7.386366556779283,105566.0,307143.3033718916, 0.0, 0.0,0.0,NaN, 47.30626007295953,47.30626007295953,0.0, 280.4148948402864, 12.039141598669902, -17.875022145235867, 12.039141598669902, 122.91151964204269, -7.572689268669417, -17.875022145235867, -7.572689268669417, 200.8909588337351, 6.168671237382477, 4.667056081820074, 21.0, 0.0
13, 0 ,1.0,1.0,1.0,136.93721579164944,22.333257544439853,251.02257131045886,14.69860338828486,12.447212133023658,12.780684410798028,73.0,55.0,68.0,-0.9989657506942087,0.04337804536470882,0.013629898029489664,14.70391839239627,0.017714645069653215,0.6473745821536601,-0.7619661027443616,13.621546219449671,-0.04187624971285315,-0.7609365910256334,-0.6474734621189312,11.514173351142203,74.01890433989992,70.65003329157295,65.93365935394888,22.161418068590258,6.572630725073152,96760.0,344795.98738499166, 0.0, 0.0,0.0,NaN, 147.1372284038072,147.1372284038072,0.0, 216.0489415660992, -3.0164475032815656, -1.853667623904465, -3.0164475032815656, 154.93308988449135, -26.079628301747093, -1.853667623904465, -26.079628301747093, 163.3458940084157, 6.822528267366278, 4.73211251130413, 31.0, 0.0
14, 0 ,1.0,1.0,1.0,144.4078754182011,151.83749729222328,58.68302163814475,12.281166178443774,11.701167945410335,13.459229791183535,61.0,59.0,67.0,0.35698709767913966,0.11699709334113666,0.9267534150141284,13.624716598463083,-0.7457735724687218,-0.5617153838985913,0.3581865520910842,12.51379769056919,-0.5624784357625322,0.8190161827713688,0.11327180435020588,11.254652617126915,69.7274199175761,65.4860043666387,60.151648871652824,20.835211864079497,5.898235934590649,83094.0,274662.66205907124, 0.0, 0.0,0.0,NaN, 215.05687322197724,215.05687322197724,0.0, 150.82704270255124, 14.999970416299512, 11.513623494355727, 14.999970416299512, 136.9173312866983, 0.37203457746495955, 11.513623494355727, 0.37203457746495955, 181.15086657188237, 5.723481771668897, 4.4943018727552175, 31.0, 0.0
15, 0 ,1.0,1.0,1.0,34.0950519948345,10.896842928022837,72.26252293889758,15.32201882400417,7.48613291693534,13.518260116064651,74.0,31.0,66.0,0.9944958386383775,0.0031572813709508127,0.10472849901194634,15.341039008462833,0.10477344176971551,-0.022873884314832407,-0.99423302666733,13.499184618550222,-7.435258426151106E-4,0.9997333729503565,-0.02307878200046639,7.4816001118653865,76.1093333168976,68.98172587647915,31.512166666554567,20.51480459938109,7.258966572998037,58852.0,165443.70163944556, 0.0, 0.0,0.0,NaN, 80.64171363396966,80.64171363396966,0.0, 234.76426084313812, 0.2606378824957388, 5.530337910008191, 0.2606378824957388, 56.04218605002282, 2.930567810136816, 5.530337910008191, 2.930567810136816, 182.7433565655843, 6.265102415856118, 4.5297252935610866, 26.0, 0.0
16, 0 ,1.0,1.0,1.0,219.12559771640517,29.193778294940092,268.9959000745441,12.801878046096826,13.999527734993356,14.874390638683623,68.0,64.0,65.0,-0.3814339614676543,-0.3976131962609067,0.8345129592752157,15.568494200502625,0.018125865603535105,-0.9058090837821107,-0.42329818890935084,13.71986758639687,-0.9242183649090812,0.14633403533354591,-0.35271343051801407,12.268234466409412,78.34546943371059,75.1574710368786,65.05638071565829,23.12528557819781,6.80760766414779,110002.0,383068.06133881625, -2.8421709430404007E-14, 0.0,0.0,67.57746614977944, 91.40131206963332,91.40131206963332,0.0, 163.8880815071359, 13.313664834067596, -29.53223900865321, 13.313664834067596, 195.9867768028482, -16.018305176169356, -29.53223900865321, -16.018305176169356, 221.24749687215902, 6.103367468597566, 4.596743843579344, 35.0, 0.0
17, 0 ,1.0,1.0,1.0,161.98129516086908,256.0602186376808,281.87741117066923,14.982707485555856,13.175617860565293,10.188287120370225,72.0,67.0,43.0,-0.9239737023441891,0.37928421354211295,-0.04915366450340208,15.31679762489769,-0.3820293653433115,-0.9092199178970718,0.16544698520864293,12.866303663598554,0.01805993886365028,0.17164680671944682,0.9849930011686672,10.086305795804494,75.24964348025023,63.537644060357934,46.745276269503734,21.400524583220893,6.625494065761222,80407.0,223497.81667102754, 0.0, 0.0,0.0,NaN, 145.97361233290263,145.97361233290263,0.0, 224.48152359773147, -24.400666996268075, 2.0015126344806937, -24.400666996268075, 173.59690600764714, -12.075657901530821, 2.0015126344806937, -12.075657901530821, 103.80119444710182, 6.576169806148703, 4.856874558613571, 30.0, 0.0
18, 0 ,1.0,1.0,1.0,40.70116820360401,85.50381363855564,38.174659725024355,12.41636064178732,12.421993615467883,15.672361043150667,59.0,60.0,78.0,0.09127188060589794,-0.010656148326101463,0.9957689944527872,15.697505875933832,0.6100765174953945,0.7909201114840753,-0.04745545332951332,12.475900707106424,-0.7870680317554224,0.6118266288360374,0.07868983184488036,12.330249326674664,79.54406646673685,61.61478317356746,63.25019387752921,22.566469605450187,6.696961040861257,101609.0,309994.91852310696, 0.0, 0.0,0.0,NaN, 102.10187013466656,102.10187013466656,0.0, 154.1660115869252, 1.651583986862393, 8.472884959901506, 1.651583986862393, 154.30592538272484, -1.1370467246350204, 8.472884959901506, -1.1370467246350204, 245.62290066686668, 5.950274979879085, 4.40548918808495, 34.0, 0.0
19, 0 ,1.0,1.0,1.0,190.4771937717128,282.265064607233,58.92438329459399,14.215258641645805,10.38113903767668,13.507456048973403,69.0,44.0,71.0,-0.9871701978075769,-0.11870826524903727,-0.1067864613240559,14.284964945175254,-0.08413676642159437,-0.18167993076221428,0.9797517069616952,13.584855720735911,-0.1357055824079023,0.976166353917098,0.169361283602631,10.182556969902581,69.3495135169131,72.01805507962231,48.31950887114198,21.197914020698573,6.552971543852472,80022.0,241327.78060647778, 0.0, 0.0,0.0,NaN, 125.62585706833126,125.62585706833126,1.3486991523486091E-6, 202.07357824888575, 12.998640910102335, 3.915392011103719, 12.998640910102335, 107.76804771957472, -13.121455275569344, 3.915392011103719, -13.121455275569344, 182.45136891494815, 6.1232557755876735, 4.640750324637439, 33.0, 0.0
20, 0 ,1.0,1.0,1.0,281.8968526144353,103.86198906293447,167.84735775856362,10.90749186250155,13.231065244711589,13.411705494177504,45.0,67.0,68.0,-0.33770386703725613,0.6932761032184367,0.6366508799132715,14.300584510470122,0.18547842335288767,-0.6141103203642004,0.7671155511998866,12.79412891766108,-0.9227967558778096,-0.37714288953716024,-0.07879967140128916,10.281627225302135,76.74071561431342,67.79930128837847,53.76344732190665,20.765347030995123,6.53518731064658,75523.0,279729.43679311837, 0.0, 0.0,0.0,NaN, 169.0543036091234,169.0543036091234,0.0, 118.97337873053753, -29.733976473389067, -12.99155334217111, -29.733976473389067, 175.06108750981494, 16.292560013738093, -12.99155334217111, 16.292560013738093, 179.87384426255105, 6.137252689386932, 4.5401909088900805, 26.0, 0.0
21, 0 ,1.0,1.0,1.0,277.8989892345809,207.34815496941394,11.381152842640708,12.855496016792184,12.153033140019586,7.176479189633681,49.0,66.0,28.0,-0.9215397303901519,0.38608764815675134,-0.04124140217347655,13.00347318379644,0.38736359054242553,0.921463800997407,-0.029221775673133023,12.00622780352183,-0.026720292560630333,0.04290444490026259,0.9987218003895154,7.156956405319632,64.21238078391414,61.514867284196384,30.5565098492991,18.14922031084612,5.921794323329594,45609.0,120698.7053122238, 0.0, 0.0,0.0,NaN, 95.92887836544558,95.92887836544558,1.9073486328125E-6, 165.2637778377597, -8.767283870637643, 3.427765816966961, -8.767283870637643, 147.6962145024143, -4.379033216871525, 3.427765816966961, -4.379033216871525, 51.5018535592453, 6.469791574284106, 4.687499855282325, 14.0, 0.0
22, 0 ,1.0,1.0,1.0,52.88639681178897,188.80695799253922,48.39208508074793,14.009482480744573,11.12753599358294,12.97034148543818,74.0,55.0,68.0,-0.9457781499447834,0.019340421388932178,0.32423701082313505,14.136390425163828,0.3169120987532252,0.2737796744665919,0.9080811701124486,12.972798513928861,-0.07120683078784928,0.9615979606620775,-0.26506404754263635,10.962954865363322,70.07181870550598,67.12004469454304,58.17648214471785,21.226474077739322,6.144445714851633,86318.0,273617.00398241106, 0.0, 0.0,0.0,NaN, 132.2976094155495,132.2976094155495,0.0, 196.26559937828912, 2.7170118639778202, -10.581167470263335, 2.7170118639778202, 123.82205728848389, 12.459594913001855, -10.581167470263335, 12.459594913001855, 168.22975824887868, 6.0327458925941055, 4.332170069519033, 32.0, 0.0
23, 0 ,1.0,1.0,1.0,91.0534261618671,268.30639813205676,39.29787937266107,11.324629748286728,14.699069190366744,13.594080354944138,61.0,61.0,66.0,-0.048352503488387585,-0.8470796260217773,0.5292618846896222,15.332158699626378,0.28973717430592316,-0.518993583926001,-0.8041753724585599,13.034010304811941,-0.9558840961286176,-0.11446295043572056,-0.2705250963329008,11.142189178037455,76.23066062749922,71.64223406335672,58.53927446753575,22.05671374352324,6.5276545199591665,93793.0,319702.5786590981, 0.0, 0.0,0.0,NaN, 104.11308341590166,104.11308341590166,1.9073486328125E-6, 128.24723893578073, -2.334175909073531, -13.49544927165577, -2.334175909073531, 216.06263506318885, -30.64253683549436, -13.49544927165577, -30.64253683549436, 184.79902069667813, 5.841742330076418, 4.259334558696204, 33.0, 0.0
24, 0 ,1.0,1.0,1.0,68.71864707799872,62.367366208423725,161.4520193788429,13.517765566406673,12.76287572137456,11.98457541282476,64.0,62.0,58.0,-0.9421004282468767,0.24056752131919362,-0.23361089611443844,13.711602650524098,-0.13518660154002174,-0.9100084755491555,-0.3919300411971021,12.836404489035074,-0.3068735339860883,-0.3376563965261759,0.889840880171195,11.682024780032204,66.29955815982211,63.26830538290166,65.30074700953095,21.2918785361004,5.992239883151712,88963.0,273914.47666569834, 0.0, 0.0,-2.8421709430404007E-14,76.49024600262332, 166.7557607946625,166.7557607946625,0.0, 182.72998590832995, -8.198653640312877, 12.842440621971376, -8.198653640312877, 162.8909966792522, 7.198330796630636, 12.842440621971376, 7.198330796630636, 143.63004782568376, 6.262503291586595, 4.387166268470386, 37.0, 0.0
25, 0 ,1.0,1.0,1.0,124.02044282754301,169.09179395750013,274.360971907676,13.081831738962052,11.556530459289384,13.18850048485841,68.0,57.0,61.0,-0.723825804272352,0.30193265476350645,0.6204134726591168,13.31570182851312,0.621116104739194,-0.10645742474964136,0.7764545068123995,13.141599238613567,0.300484591124228,0.947366607340124,-0.11047860333010029,11.34084287907704,76.41887695766758,71.63918831744635,61.03321174674147,20.989731538711176,6.16890856432172,83012.0,334131.5859343518, 0.0, 0.0,0.0,NaN, 182.14112223746852,182.14112223746852,0.0, 171.13432164651488, -13.556868577384884, -0.6049916798455367, -13.556868577384884, 133.5533962564833, 5.477164675751623, -0.6049916798455367, 5.477164675751623, 173.93654503911054, 5.680427594085328, 4.221398195486072, 30.0, 0.0
26, 0 ,1.0,1.0,1.0,276.6864351378958,207.71654749744638,287.1235546475996,13.718170210752803,12.814837621248843,7.705470433162759,59.0,63.0,35.0,0.984364438238152,0.05343648115687936,-0.16784276932193803,13.854871540457664,0.06618142527036833,-0.9952584774959314,0.07127820088682695,12.840120517839546,0.16323808281546764,0.081271799869639,0.9832335545864367,7.4132564687374645,64.40349700952325,62.63256555853292,40.284884010348776,19.176759215303992,6.635844918679815,48950.0,162499.40260279394, 0.0, 0.0,0.0,NaN, 96.04978270295028,96.04978270295028,NaN, 188.1881939311856, -0.03327298185289585, -22.11662021887618, -0.03327298185289585, 164.22006325897473, -9.025958718377133, -22.11662021887618, -9.025958718377133, 59.37427459634547, 5.608094367250968, 4.341240515546148, 16.0, 0.0
27, 0 ,1.0,1.0,1.0,12.97019032332034,249.99802444746265,81.17393681759653,8.24317714924366,11.863428430764595,13.74211444815939,33.0,58.0,60.0,-0.06419759844213868,0.045317294294329416,0.9969077245122054,13.762279571315696,-0.10887727801760533,0.992687007829502,-0.05213677030644558,11.898823138787092,-0.9919800434916718,-0.11188765492381708,-0.05879409825747722,8.158080783174986,59.025239091846004,58.31449276089927,36.19066897233512,19.044796352333133,5.901893344525554,56693.0,124569.25532587187, 1.7763568394002505E-15, 0.0,0.0,86.31921730811273, 96.21658596441077,96.21658596441077,0.0, 67.94996951381283, -8.46646567801646, -7.436139325459276, -8.46646567801646, 140.74093413187367, 1.6667398254382002, -7.436139325459276, 1.6667398254382002, 188.84570950631107, 7.816337654589682, 4.969797416645818, 25.0, 0.0
28, 0 ,1.0,1.0,1.0,60.44490989852299,43.90260373406522,34.240908598461594,11.88185621939488,12.40051085322822,14.695567988860876,62.0,66.0,68.0,-0.34940866553365846,-0.3903349308155031,0.8517935349808925,15.575809773306489,-0.427340891185771,-0.7426450506463603,-0.5156142855575437,12.094406097690413,-0.8338425194067158,0.5441663077917646,-0.09268053891588764,11.046736450398152,81.16249426577652,65.91704760681436,60.521411518207614,21.592063284319448,6.685334567587917,83073.0,323789.06735458627, 0.0, 0.0,0.0,NaN, 82.17947170017048,82.17947170017048,9.5367431640625E-7, 141.17850721837277, 24.139079676777897, -30.54409954857978, 24.139079676777897, 153.77266942103086, -30.805927419617298, -30.54409954857978, -30.805927419617298, 215.95971851523248, 6.212785770033665, 4.3328946853583865, 26.0, 0.0
29, 0 ,1.0,1.0,1.0,135.44968557805265,142.8250017275931,174.90798148020178,12.344474994474007,11.388918846320424,11.885407141485606,58.0,53.0,55.0,-0.8689665666201164,0.4417896377326622,0.22297762687877476,12.637102424093833,-0.3128446874838299,-0.1412958157101914,-0.9392356967108612,11.90443987226141,-0.3834387925205167,-0.8859217846146659,0.2609928810055428,11.042843471987554,65.5418436226314,54.445908600384655,58.51939501202317,19.81510492143725,5.542387143512185,72355.0,208825.59661553137, 0.0, 0.0,0.0,NaN, 233.224380241513,233.224380241513,0.0, 152.38606288919405, -13.61903228817285, -1.5053278062515358, -13.61903228817285, 129.70747248807254, 6.342766381070061, -1.5053278062515358, 6.342766381070061, 141.26290291887705, 5.615331712554414, 4.104533739992412, 31.0, 0.0
30, 0 ,1.0,1.0,1.0,238.97507361947203,95.20940505042608,185.2753628853621,13.196091546109749,11.3851907591238,11.917870904193425,67.0,56.0,59.0,0.899951517490597,-0.3810678794520813,0.21183610980252165,13.617530906362516,0.2353641592179233,0.015634804264212307,-0.9717814905889388,11.841577267708441,-0.367002695796655,-0.9244148550004563,-0.10376028687544235,10.960608898739153,74.71590686560333,59.92505845095573,56.05104355096654,20.29963748036192,5.806872288059153,76746.0,250960.42492623144, 0.0, 0.0,-2.8421709430404007E-14,77.77002529296823, 161.09194520797837,161.09194520797837,0.0, 174.13683209330915, -22.32098621607038, 7.854777697856681, -22.32098621607038, 129.62256862163798, -5.576660111675599, 7.854777697856681, -5.576660111675599, 142.0356468890202, 5.84051100618195, 4.2770375458486285, 30.0, 0.0
31, 0 ,1.0,1.0,1.0,275.37033928300553,64.70708398644891,239.70921777822724,14.464962490812713,13.455865238832288,12.597923602799119,58.0,71.0,63.0,-0.9606404208253267,0.22267695906486168,-0.16608718727874597,14.572840686896432,-0.22487086967782158,-0.9743717812434051,-0.0057204796035201745,13.395921445654373,0.16310448751300308,-0.03185284631206655,-0.9860944794161159,12.537333497374556,63.56051061235581,69.79176769607162,66.72087307289848,22.46031905091016,6.673619439219642,98885.0,295973.8190593375, 0.0, 0.0,0.0,NaN, 91.80743611482046,91.80743611482046,1.9073486328125E-6, 209.23513986061872, -6.925672474771086, 8.833086269338558, -6.925672474771086, 181.06030932561512, -1.9167670228411406, 8.833086269338558, -1.9167670228411406, 158.70767910196312, 5.467742021699137, 4.079898050381562, 30.0, 0.0
32, 0 ,1.0,1.0,1.0,131.58545204795206,276.1887987012987,58.894143356643355,12.85542409711722,12.158180807378223,12.312495608824374,64.0,53.0,67.0,0.7358475560703187,0.23627487646705492,-0.6345884942037776,13.352842747086825,-0.5602256163581282,0.7388327425440966,-0.3745309564253991,12.699828781237438,-0.3803625020970063,-0.6311104192573962,-0.6760355062445009,11.18466704367126,69.3991908766146,68.18834348391374,61.328007473117964,20.69871520974282,6.02030115898688,80080.0,290217.36993314506, 0.0, 0.0,0.0,NaN, 146.11716059266968,146.11716059266968,0.0, 165.26192871674212, -5.7292888300822336, -17.2498391981708, -5.7292888300822336, 147.8213605449002, -17.990940976637077, -17.2498391981708, -17.990940976637077, 151.59754811731952, 6.2310998413161, 4.292414910254186, 22.0, 0.0
33, 0 ,1.0,1.0,1.0,36.08768313677726,176.4184360616956,209.14313654303348,12.21139956436968,13.156561721385891,12.811185206079232,66.0,63.0,66.0,0.24825034668893575,0.8211612610759732,0.5138734753584203,13.540224575498629,-0.3567658178525971,-0.4156872658795743,0.8366135596543559,12.564035340341649,-0.9006053056588059,0.3910220969378618,-0.1897677610278594,12.047705028157724,59.960225857089966,63.730956647874734,73.74501842275478,21.18005403772156,6.1437100349030125,85387.0,281803.50219526957, 0.0, 0.0,0.0,NaN, 157.57440609710548,157.57440609710548,0.0, 149.11827932068803, 9.66986976010502, 1.0789738098575377, 9.66986976010502, 173.0951163286365, 11.695970984505216, 1.0789738098575377, 11.695970984505216, 164.12646638446338, 5.577016719948143, 4.2168166749136295, 41.0, 0.0
34, 0 ,1.0,1.0,1.0,200.49315733710048,175.43553181470364,193.5016775560657,12.563275493987184,10.702770898983115,11.765503914348798,64.0,53.0,56.0,0.9133668722577687,0.26842411010830075,0.306119998978551,12.820925290131292,-0.3067457749710639,-0.04069862041447821,0.9509209493084902,11.653352378034231,-0.2677087712411803,0.9624407095551004,-0.045165190042910745,10.518342619953557,65.0411451184358,56.91121519621436,51.49960995885975,19.493919401457163,5.549719342633765,67956.0,190629.4424670205, 0.0, -2.8421709430404007E-14,0.0,74.42948627964412, 191.72848289807374,191.72848289807374,0.0, 157.83589113781892, 13.489728976011481, 7.685432928123581, 13.489728976011481, 114.54930491611984, 3.4419455143492943, 7.685432928123581, 3.4419455143492943, 138.4270823585569, 5.918164051460914, 4.199006439358822, 33.0, 0.0
35, 0 ,1.0,1.0,1.0,164.10914433307266,9.707471386933959,224.0348569939101,13.373097102066858,6.564110820984213,12.338760528623528,62.0,27.0,66.0,0.8775165625327656,-0.06264947997723357,0.4754363523535626,13.776242575708148,0.4790816560488541,0.07089597030213984,-0.8749025821383802,11.932495836092013,-0.021105670284692887,-0.9955143414604836,-0.09222660477505137,6.480969986898702,62.82904224759804,59.33979746595004,28.871159006926938,18.28275037291713,6.317699514522371,42201.0,107639.2635553842, 2.8421709430404007E-14, 0.0,0.0,28.655776295781454, 155.9848153076238,155.9848153076238,0.0, 178.83972610130897, -4.714997587929616, 19.580210153457266, -4.714997587929616, 43.08755087016205, -10.628176830174233, 19.580210153457266, -10.628176830174233, 152.24501138271796, 6.46367688234707, 4.32535068549606, 16.0, 0.0
36, 0 ,1.0,1.0,1.0,103.99787914046276,229.4338925136604,156.87629792185223,12.084412112581134,10.930320169241691,11.969481216179577,59.0,52.0,59.0,-0.8280065278699439,0.5432974137119221,0.13868348877460912,12.85503023153323,-0.16738780283972882,-0.0034460075062815454,-0.9858851091748748,11.967556187607562,-0.5351509256884905,-0.8395332306026987,0.09379467708003547,10.01494844400748,58.50522892289841,59.47186378897263,54.021112501936216,19.45704254025078,5.495169813590202,67897.0,187961.86945008428, 0.0, 0.0,0.0,NaN, 190.47185746992213,190.47185746992213,0.0, 146.03301610669763, -29.19441977521883, -0.3751537343219093, -29.19441977521883, 119.47189900213172, 5.039769993110535, -0.3751537343219093, 5.039769993110535, 143.26848058447575, 5.9462532989037395, 4.144229999902222, 23.0, 0.0
37, 0 ,1.0,1.0,1.0,52.02596215500893,20.362337821798388,165.60073125144953,12.420847826521362,11.47002453830529,12.26857892774341,61.0,49.0,59.0,0.6238819610775822,0.22019192079912656,-0.7498578643028169,12.778108312429689,-0.7155686983094406,0.5467168327004477,-0.4348127675698173,12.420728531076714,-0.3142176580679757,-0.8078466580092919,-0.498649215883766,10.899651520039884,69.78298784446679,61.44827828767693,58.5632777416931,20.068685683153326,5.796965369574893,73299.0,251121.9384930304, -7.105427357601002E-15, 0.0,0.0,51.3998266603535, 145.54892297735685,145.54892297735685,0.0, 154.27746072960042, -7.7670981715287075, -9.770927182792546, -7.7670981715287075, 131.5614629093255, -15.77622916147892, -9.770927182792546, -15.77622916147892, 150.51802890626968, 5.5758807371640255, 4.06560454114372, 23.0, 0.0
38, 0 ,1.0,1.0,1.0,186.69321199982585,65.61636260721906,63.022612153669755,11.812397599414636,10.927741888232113,12.629407516914963,60.0,57.0,61.0,-0.564814116102048,-0.15320924589584037,0.8108711002520008,13.19368607476322,0.6072365865640698,0.5882088279101524,0.5341105716109555,11.671051807143781,0.5587922173669553,-0.7940637894656781,0.23919438971164894,10.400164014396728,66.18618089460436,56.436025476264064,54.26899937683469,19.659044217900707,5.654396032240431,68901.0,202710.17885672158, 0.0, 0.0,7.105427357601002E-15,35.818872219471075, 145.3127141422606,145.3127141422606,0.0, 139.53273704665665, 15.722466623001003, -21.088678310848564, 15.722466623001003, 119.41554277582273, 0.6242537417150714, -21.088678310848564, 0.6242537417150714, 159.5019342283082, 5.349214247377017, 3.9332725679527596, 33.0, 0.0
39, 0 ,1.0,1.0,1.0,92.09150630936414,158.68004270111953,106.4924725590562,11.261466623385074,11.558379924278578,13.15708006808929,57.0,56.0,61.0,-0.09641732606826109,0.2035753174081554,0.9743001536364528,13.202635609390661,0.6569190268870797,-0.7223744345275523,0.2159457535001129,12.438064595191571,-0.7477707478549687,-0.660857220951068,0.06408308801277496,10.223037464138832,62.20000467770657,57.696216093140954,53.39129085316955,20.028963632782805,5.689125477460099,73066.0,191605.58768295657, 0.0, 0.0,1.4210854715202004E-14,13.0177946326217, 199.4813840362714,199.4813840362714,0.0, 126.82063050961601, -25.189619871071006, 0.5637140184237402, -25.189619871071006, 133.59614647396606, 6.014097165379375, 0.5637140184237402, 6.014097165379375, 173.10875591811245, 6.218257853162493, 4.295808022990181, 28.0, 0.0
40, 0 ,1.0,1.0,1.0,84.07159767931941,207.9320316361839,190.71111168925773,13.81811836014115,12.347649434843019,10.371811669407318,65.0,60.0,52.0,-0.973539793335399,0.22850191470482317,0.0026731570657929993,13.899612469062152,0.22112375682161603,0.9449275599155662,-0.2412803155690671,12.369931095196788,-0.057658953871566596,-0.23430489002204702,-0.970451783217586,10.235472475478526,65.38472062632862,59.23003163612293,54.80971816258926,20.415935039502624,5.845418321141021,76874.0,212263.73701062426, 0.0, 2.8421709430404007E-14,0.0,76.79111076129888, 165.7968800767731,165.7968800767731,0.0, 190.94039501486995, -9.591017796986707, -2.8044326916470452, -9.591017796986707, 152.46444656577913, -10.946684723360788, -2.8044326916470452, -10.946684723360788, 107.57447730565383, 5.6578832056686315, 4.104266516842536, 21.0, 0.0
41, 0 ,1.0,1.0,1.0,288.03079546594444,76.7939612799679,283.9732504096031,8.04671849779782,11.644048104847588,8.845800664612526,37.0,61.0,36.0,0.19365385889520148,-0.9639750679117594,-0.1823465145801156,11.811887852161053,0.5060259388936326,0.2573775561971266,-0.8232220494695296,9.272202457386026,0.8404974313475413,0.06714806036300677,0.5376385457606909,7.286102607435636,60.84221283594385,49.90321885715022,38.38500098937163,15.813388933272357,5.340267286748943,29907.0,116545.39456557675, 0.0, 0.0,0.0,NaN, 79.35635480968462,79.35635480968462,NaN, 64.7496785828016, -11.852049297450431, -16.751709085740476, -11.852049297450431, 135.58385626800472, 8.2251034548424, -16.751709085740476, 8.2251034548424, 78.24818939805941, 6.584146492686192, 4.413500587851445, 9.0, 0.0
42, 0 ,1.0,1.0,1.0,120.96188324554197,235.91776204513604,76.4128207606437,11.899890262815097,12.321587733012798,13.071262286966158,61.0,61.0,65.0,-0.10911557519842252,-0.11757898054229075,0.9870506443864738,13.101573464430112,0.4171306522203099,-0.906736182990563,-0.06189921997862933,12.415630836524363,0.9022725808908172,0.4049749100751053,0.14798483700124232,11.768079452116343,65.69437334324257,60.92273599928751,58.59705879625383,20.749195616251075,5.810136967631028,82772.0,234521.89295661528, 1.4210854715202004E-14, 2.8421709430404007E-14,0.0,81.14329464718726, 156.77126521212423,156.77126521212423,0.0, 141.60738826704156, -5.497637615952212, -3.9761459249523456, -5.497637615952212, 151.82152426233148, -2.9698923438155274, -3.9761459249523456, -2.9698923438155274, 170.85789777466374, 6.161644692738713, 4.311917740343865, 36.0, 0.0
43, 0 ,1.0,1.0,1.0,23.5717947182466,188.05820707826817,122.05862626504582,12.608090832759565,12.650563546837411,12.302242992189287,53.0,61.0,58.0,-0.5829795752873206,-0.5619478802795281,0.5868129128156268,13.7871705306492,0.6559208144753395,-0.7517379989015885,-0.06824856148991795,12.222645813301073,0.4794816992710179,0.34511528632730915,0.8068412106526267,11.439700748706228,72.04682242910394,64.18043646137419,59.037772909524705,20.868414896745822,5.903825440833578,83495.0,272990.45584192866, 0.0, 0.0,1.4210854715202004E-14,54.06883249603216, 167.28688757485205,167.28688757485205,1.9073486328125E-6, 158.96395444711578, 10.265525811956646, -21.08826798186513, 10.265525811956646, 160.0367580525715, -18.577566604564627, -21.08826798186513, -18.577566604564627, 151.34518263887043, 5.967916895817965, 4.29122504492772, 22.0, 0.0
44, 0 ,1.0,1.0,1.0,216.76098782138024,135.87939106901217,206.12089309878215,12.571106188274586,12.60986898585023,11.29052073518544,68.0,58.0,59.0,0.5891204279340673,0.6909427394104257,0.41896927363089254,14.113869860193969,-0.8080449381173063,0.5041979163938798,0.3047094338662137,11.668329985992886,-7.066638380317652E-4,-0.5180565528589385,0.8553460753789274,10.448259090217995,65.0865034442283,58.97684293782754,53.95529638031795,20.240352852992093,5.903006140536005,73900.0,207112.61135649504, 0.0, 0.0,0.0,NaN, 184.94655654628514,184.94655654628514,0.0, 158.0327107968756, 25.655097218565157, 15.578867859320418, 25.655097218565157, 159.0087958403075, 30.20935751271254, 15.578867859320418, 30.20935751271254, 127.47585847165239, 5.73534372014388, 3.885216768519182, 29.0, 0.0
45, 0 ,1.0,1.0,1.0,125.5645784996133,91.81338866083645,213.15494675471473,12.699480114223524,10.318754904117577,12.181245334081545,62.0,51.0,65.0,0.7517661948021539,0.12682361174105203,0.6471192779215004,13.608206551081624,-0.6157432801694235,0.48624471583860013,0.6200212006417505,11.631026926028072,0.23602500138520968,0.8645703255513655,-0.4436331264650079,9.781214798837714,67.13937930796482,58.04559943638179,52.746699109486485,19.598981015343558,5.658284103159843,67236.0,205561.562008925, 1.4210854715202004E-14, 0.0,0.0,41.25639638134711, 178.1522522572976,178.1522522572976,0.0, 161.27679517155872, -3.3247550949692566, 28.424046956853783, -3.3247550949692566, 106.47670277125056, 19.287466787605034, 28.424046956853783, 19.287466787605034, 148.38273788908342, 6.182607771733805, 4.207830880723854, 35.0, 0.0
46, 0 ,1.0,1.0,1.0,107.58509178117318,211.03060377984585,279.5244272160968,11.814206674140541,12.15613400363829,11.31123731098845,61.0,58.0,46.0,0.4970464191321716,0.8417478380969915,0.21072596965472976,12.255235899913876,-0.7171801944634991,0.5352205117506362,-0.44630883082310213,11.925699990378346,-0.48846435478669564,0.07070771429220074,0.8697143170273727,11.085036559983335,60.496478963597156,65.16618648989068,55.92340726828826,19.53835510458571,5.791704633895624,66299.0,220468.23705888295, 0.0, 0.0,0.0,NaN, 141.10051211165447,141.10051211165447,0.0, 139.57547933930692, 4.002033948868002, 9.052548965450336, 4.002033948868002, 147.77159391441108, 0.22384858261109242, 9.052548965450336, 0.22384858261109242, 127.9440895054972, 5.313705468651493, 3.9894507640959826, 26.0, 0.0
47, 0 ,1.0,1.0,1.0,279.6409248210764,233.50753525756318,46.24120266431823,11.10340028910108,12.31256247316706,14.334756380319275,48.0,62.0,68.0,0.23904596166693715,-0.007586923918801296,0.970978612944785,14.517827866966392,0.17047177514316503,-0.9841104847485479,-0.04965810797358053,12.358149674968866,0.9559269857527122,0.17739501794985044,-0.2339542808249182,10.811047301485496,71.37659992394362,60.08316457933316,55.241032970844,20.989431612262724,6.3098093246061735,80621.0,236902.9376274961, 0.0, 0.0,0.0,NaN, 83.51041033013679,83.51041033013679,0.0, 123.28549798000995, -6.183765542833781, 21.488899615848982, -6.183765542833781, 151.59919465564178, 1.0600646156884126, 21.488899615848982, 1.0600646156884126, 205.48524048310415, 5.7617856119581194, 4.07397595157415, 20.0, 0.0
48, 0 ,1.0,1.0,1.0,224.78676301574532,232.52009826456728,166.70622629582806,14.003211456372538,10.544119442211652,11.202381773292442,72.0,54.0,59.0,-0.9950206498019294,0.09035024342836466,0.0420801613611574,14.031574091470786,-0.06598017854065985,-0.28066821486965243,-0.9575343175059704,11.261144581695415,0.07470289490701468,0.9555428753720665,-0.28523199473094474,10.443337326919083,72.56230969855949,54.993728127124086,54.68932348701921,19.93388861140377,5.94994353975257,69608.0,218236.2103462004, 0.0, 0.0,0.0,NaN, 167.26565177636533,167.26565177636533,0.0, 196.0899310918831, -7.56650358376951, -2.555733293457895, -7.56650358376951, 111.17845481162576, 5.104219190497271, -2.555733293457895, 5.104219190497271, 125.49335739459472, 5.514560505752505, 3.9649962193212027, 34.0, 0.0
