// Sample: .//bubblelabels.tif, Map: .//bubblelabels.tif, Thickness:(8.191250068658265):/gpfs/home/mader/Foam/NewValid/InSilicoTest/LatticeData_OldFoam/out_Step_03500.vtk/distmap.tif, Neighbors:(1.0):
//LACUNA_NUMBER, TRIANGLES, SCALE_X, SCALE_Y, SCALE_Z, POS_X, POS_Y, POS_Z , STD_X, STD_Y, STD_Z,PROJ_X, PROJ_Y, PROJ_Z, PCA1_X, PCA1_Y, PCA1_Z, PCA1_S, PCA2_X, PCA2_Y, PCA2_Z, PCA2_S, PCA3_X, PCA3_Y, PCA3_Z, PCA3_S,PROJ_PCA1, PROJ_PCA2, PROJ_PCA3,OBJ_RADIUS, OBJ_RADIUS_STD, VOLUME, VOLUME_BOX, Mask_Grad_X,Mask_Grad_Y,Mask_Grad_Z,Mask_Angle, Mask_Distance_Mean,Mask_Distance_COV, Mask_Distance_STD, SHAPET_XX, SHAPET_XY, SHAPET_XZ, SHAPET_YX, SHAPET_YY, SHAPET_YZ, SHAPET_ZX, SHAPET_ZY, SHAPET_ZZ, Thickness, Thickness_STD, Neighbors, Neighbors_STD
1, 0 ,1.0,1.0,1.0,79.28903295841751,138.26074842444893,39.69165636402014,15.444055235660525,15.510371195994455,16.09506424731499,87.0,81.0,79.0,0.10520771682532132,-0.46817323123848326,0.8773512192230206,16.331569525000354,0.9944400648695978,0.04553323328279161,-0.0949509454874748,15.433836195841101,0.0045048532221965785,0.8824627755427046,0.4703606659563634,15.27147952933474,90.22752057764929,84.9554217614945,90.5179359762493,26.151134301554034,7.366120052429585,165815.0,693848.679342539, 1.4210854715202004E-14, 0.0,0.0,83.96086585697925, 164.25045779932924,164.25045779932924,0.0, 238.51884212213326, -1.4244286041078298, 2.6216607490152923, -1.4244286041078298, 240.57161463753448, -13.782609863732484, 2.6216607490152923, -13.782609863732484, 259.05109312519727, 7.03820119396886, 5.519036995382215, 53.0, 0.0
2, 0 ,1.0,1.0,1.0,58.91182143534055,261.8640919581238,12.855061153044273,14.602145561838906,18.664994735754142,8.16164458835827,83.0,89.0,34.0,-0.27677667049796795,-0.9605447410112292,-0.027358274502053817,19.00212322392671,0.9566420389547842,-0.2727407509342165,-0.10221786577831185,14.218980432215536,0.09072311707879456,-0.054463596057458756,0.9943857565009655,8.059592690236661,93.04033295147323,75.81812712990765,38.127565819793624,23.658391085268427,8.276331139944322,89693.0,268957.33172886074, 0.0, 0.0,0.0,NaN, 71.34565708055672,71.34565708055672,0.0, 213.22265500913164, 42.92294943080111, -11.176126580007036, 42.92294943080111, 348.3820284857299, 11.607407439327389, -11.176126580007036, 11.607407439327389, 66.61244238667784, 7.730364863876887, 5.513449600223059, 21.0, 0.0
3, 0 ,1.0,1.0,1.0,77.86713721788381,14.760823393117652,258.27757873508966,15.376928527380112,9.175476700701163,16.512947786404794,73.0,39.0,82.0,-0.5788028921727545,0.10444251468116827,0.8087514903476395,17.582875228678127,0.8019871415851688,-0.10667844914519019,0.5877383203603688,14.278407007595591,-0.14766122288707062,-0.9887929356619873,0.022015758911376998,8.960264518192497,95.64787291938555,88.99343780166592,40.413804621181626,23.103091394819426,7.7177662714245905,93224.0,344003.6397837825, 0.0, 0.0,0.0,NaN, 89.56524661920045,89.56524661920045,0.0, 236.44993093615633, -24.409051761916135, -48.882765272753474, -24.409051761916135, 84.1893726851099, 11.583542575477358, -48.882765272753474, 11.583542575477358, 272.67744459653096, 7.048149959933172, 5.257901732053162, 35.0, 0.0
4, 0 ,1.0,1.0,1.0,154.08886936992027,176.61083376880399,14.219944185632803,15.835446731987702,15.321980371508868,8.858922315880646,78.0,67.0,38.0,-0.7620679539213346,-0.6461291497775917,0.042066083889954704,17.16870021564283,0.6408913807195231,-0.7619562454161276,-0.09317144514700652,13.861604570127845,0.0922533019765346,-0.04404318198137679,0.9947610398459431,8.780467638578694,81.07880653984503,67.43407273722589,40.964907211274266,22.63011526228117,7.202974630053885,89941.0,223974.57072909424, 0.0, 0.0,0.0,NaN, 191.6171996393341,191.6171996393341,3.814697265625E-6, 250.76137320161996, 50.99704923990147, -13.847622484470547, 50.99704923990147, 234.76308250490302, 2.2512812442104266, -13.847622484470547, 2.2512812442104266, 78.4805045988081, 8.108558501772443, 5.549939751113917, 23.0, 0.0
5, 0 ,1.0,1.0,1.0,17.54354961373734,163.9723211784013,12.84223271824841,10.586229788663381,14.46031821744593,8.215446551014358,45.0,73.0,35.0,-0.059899719394111026,0.9978941119082907,0.024887045531179722,14.475417624738924,-0.998067230483409,-0.06028617799512997,0.015079130542494927,10.57021604836633,-0.016547720437717753,0.023935708920016424,-0.9995765377332602,8.209472784595423,73.14491471567936,48.56038465672105,36.00110905614352,18.67958658215216,6.303623659499918,49966.0,127873.9663005912, 0.0, 0.0,0.0,NaN, 137.7542321666791,137.7542321666791,0.0, 112.06826113838392, -5.8287889942000355, -0.8791217707022655, -5.8287889942000355, 209.10080294979863, 3.489749186433319, -0.8791217707022655, 3.489749186433319, 67.49356203257369, 7.451981980886971, 5.207426292615866, 16.0, 0.0
6, 0 ,1.0,1.0,1.0,280.5134069090337,206.1664109222537,209.09511724897703,12.737155286301618,14.236384392848107,15.015089925872264,51.0,77.0,75.0,0.42513498741185063,0.10357961807283146,-0.8991837994527103,15.590999140574397,-0.07941081537148142,-0.985331518364432,-0.1510487382260423,14.259761982078992,0.9016397090192746,-0.1356210221076709,0.4106735607293323,11.997609131130424,83.30022312349371,73.82156824105078,60.74290919322539,23.177532285796087,7.291411933991771,101664.0,373529.597303037, 0.0, 0.0,0.0,NaN, 132.09151167838712,132.09151167838712,0.0, 162.23512478736126, 9.013182462946318, -37.184929225786824, 9.013182462946318, 202.67464058092915, -0.39288434075156664, -37.184929225786824, -0.39288434075156664, 225.45292548203076, 7.0322414914068085, 5.030769772682115, 32.0, 0.0
7, 0 ,1.0,1.0,1.0,189.92567706346645,113.95148812143618,234.30866660798293,13.188519041797807,13.156804589588843,13.576765025621857,64.0,69.0,69.0,0.6092514077300442,-0.25084274774659066,0.7522570292671911,14.104149599306774,0.177325547568556,-0.8815287816835731,-0.43756446067178206,13.192281937088731,0.7728960941539756,0.3999811532640206,-0.4925918235975027,12.585855213618784,67.99955529391713,67.45878167221247,61.78191550218746,22.20879780697222,6.175466788387013,102243.0,283403.9735263084, 0.0, 0.0,0.0,NaN, 171.51282604472246,171.51282604472246,NaN, 173.93703451586333, -8.636665999288049, 17.35942370190683, -8.636665999288049, 173.10150700862604, -1.6167954150837036, 17.35942370190683, -1.6167954150837036, 184.32854856094886, 6.460281844532569, 4.810929859374438, 36.0, 0.0
8, 0 ,1.0,1.0,1.0,121.75809030377852,186.55992592742507,114.74947886098238,12.551549977616821,12.684327968800577,14.61744081869086,63.0,67.0,76.0,-0.012013455631097717,-0.21901421027648318,0.9756477092581974,14.713186210472804,-0.25598944097454457,-0.9425283721570411,-0.21473163201666223,12.575158568484097,-0.9666049260133841,0.2523351806149264,0.0447423024741989,12.549529770556072,76.14438070737354,65.60145196466968,66.59381684196867,22.16408569543549,6.3919061502826695,98822.0,332648.2307621063, 0.0, 0.0,-1.4210854715202004E-14,12.670473372349282, 202.14135118496017,202.14135118496017,2.6973983046972182E-6, 157.54140684061284, 0.31056434013702616, -0.6559871116689983, 0.31056434013702616, 160.89217602009657, -12.474093965055841, -0.6559871116689983, -12.474093965055841, 213.6695760879297, 6.310036125681683, 4.666315415274526, 35.0, 0.0
9, 0 ,1.0,1.0,1.0,260.2523173047244,141.12258565375586,126.31332952961753,14.252919414121171,13.266116810583076,13.409212198397261,74.0,67.0,64.0,-0.8921573863540755,-0.284025792070545,0.3512613662396768,14.465574176427182,-0.45131968248476023,0.5275279110880395,-0.7197394300890737,13.391794666874633,-0.019124386937104068,0.8006520170846939,0.5988243526798918,13.051802104907356,78.7926253305751,70.21953569681345,66.26220089602805,22.716387680309115,6.550440412440171,106913.0,366614.28370944073, 0.0, 0.0,-1.4210854715202004E-14,69.4355146731317, 193.5213674975033,193.5213674975033,0.0, 203.1457118254322, 7.717406951486412, -9.271083753995853, 7.717406951486412, 175.9898552320349, -7.294861212529437, -9.271083753995853, -7.294861212529437, 179.80697178164593, 6.116447796973838, 4.620960883314084, 38.0, 0.0
10, 0 ,1.0,1.0,1.0,22.845658332816345,133.07949211075956,191.69983663171826,13.124764245609274,13.197648083321248,13.163520289357919,58.0,65.0,63.0,0.47360516492370325,-0.6412702833198846,0.6037139815247173,13.89067536524959,-0.873906951996774,-0.2569578335823477,0.41262490352907,12.898393410589176,-0.10947505199496194,-0.7230111309596153,-0.6821071158543934,12.664762262485313,83.93982183455046,69.2380574890338,66.20173929516574,21.92254162677133,6.254421353317131,96714.0,384753.2683769387, 0.0, 0.0,0.0,NaN, 173.09246289400937,173.09246289400937,0.0, 172.25943650282358, -8.546005968760689, 7.154491194673653, -8.546005968760689, 174.177914931193, -13.236567032949635, 7.154491194673653, -13.236567032949635, 173.2782664083376, 6.39924037869771, 4.6836582687310715, 35.0, 0.0
11, 0 ,1.0,1.0,1.0,47.15075528700906,248.53421221276207,213.6926576947725,13.295109718979743,14.565499101174058,13.21901690249489,62.0,71.0,65.0,0.0398252866201849,-0.8712122614663792,-0.4892884037214228,15.090224861363687,-0.8081119453637797,-0.3160853335496866,0.4970363625280853,14.008193223425248,-0.5876810617213959,0.3756051881769226,-0.7166252244434266,11.81997253055698,71.394993299509,67.70216824695447,64.48289682172657,22.839728921937365,6.4809642142865425,109230.0,311684.26236730756, 0.0, 0.0,0.0,NaN, 110.99945212697284,110.99945212697284,NaN, 176.75994243970962, 11.383073583195527, -24.415801467177793, 11.383073583195527, 212.15376406630233, 28.63418509745165, -24.415801467177793, 28.63418509745165, 174.74240786844558, 6.99307532629927, 4.916696010173459, 42.0, 0.0
12, 0 ,1.0,1.0,1.0,265.2827394187823,281.72863937817823,25.565681857731203,16.47503673524198,11.026447913742556,14.000723415864389,74.0,51.0,63.0,-0.9832742802558699,-0.138226501123767,0.11859647623088472,16.587399243621995,0.13840610614317356,-0.1438318525557888,0.979875577801924,14.0351492512998,-0.11838682177331267,0.9799009299809094,0.16055755308599695,10.812142110424324,79.50103320545475,68.50550972634734,54.74292178861788,23.1783571880699,7.196763387235794,103438.0,298144.11972117116, 0.0, 0.0,0.0,NaN, 46.826647222362176,46.826647222362176,0.0, 271.4268354275727, 19.912809728975596, -7.591832127566263, 19.912809728975596, 121.58255359447759, -13.880729286484117, -7.591832127566263, -13.880729286484117, 196.0202561675334, 6.2127826268374475, 4.6950321950160765, 22.0, 0.0
13, 0 ,1.0,1.0,1.0,135.6167691458377,21.24029620604976,249.49221412118558,15.050859876202495,12.71520332794498,13.650419991886253,73.0,55.0,69.0,0.9025646637360825,0.17053311497290416,0.3953422371472727,15.495456041047122,0.299797234898477,0.41012686315017705,-0.8613463728778471,13.389711747705045,0.3090285516294562,-0.8959433089321186,-0.3190406580007732,12.455729847435636,80.85804694371154,72.37891084433349,62.00712524630213,22.93821413115504,6.955363190529969,105062.0,362891.5769039512, 0.0, 0.0,0.0,NaN, 146.26720305952506,146.26720305952506,0.0, 226.5283830130822, 16.045440274735004, 24.08356034685466, 16.045440274735004, 161.67639567098308, -2.7992560364685177, 24.08356034685466, -2.7992560364685177, 186.33396595488787, 6.845940646091277, 4.688116421626175, 31.0, 0.0
14, 0 ,1.0,1.0,1.0,237.1123625817765,241.53573435849015,9.824464378049054,14.124941027647576,11.607612231896033,6.70958524482621,68.0,54.0,28.0,-0.9950508558394291,0.022586519100827485,-0.09676592090260268,14.177897154425418,0.024874112858047467,0.999437364592134,-0.022499617033533866,11.608573134092762,-0.09620328893933887,0.024795229622621495,0.9950528246204903,6.595257158529089,68.8634024416148,53.378517125644095,30.66328498681914,18.45998122984899,6.204695634101772,44481.0,112712.9096000917, 0.0, 0.0,1.7763568394002505E-15,84.44703202705557, 86.42595326267758,86.42595326267758,9.5367431640625E-7, 199.51395903452178, -1.271342827808148, 15.115607271385732, -1.271342827808148, 134.73666172606238, -2.396461098646171, 15.115607271385732, -2.396461098646171, 45.018534157589585, 6.139567276340512, 4.591449733185518, 15.0, 0.0
15, 0 ,1.0,1.0,1.0,144.4187326172437,151.87340558166298,58.79340893833317,12.274346205105381,11.70288853301155,13.519317587154871,61.0,59.0,67.0,0.35629114869963696,0.12171931987020242,0.9264129881044568,13.697471920901174,-0.744310952731112,-0.5624003480713933,0.36014865560443143,12.485242289575467,-0.5648520363801453,0.8178571120064376,0.10978124310505913,11.264417905420292,69.82483091446659,65.50809625089346,60.15017437637606,20.866868003028337,5.912947027112598,83416.0,275132.41603001347, 0.0, 0.0,0.0,NaN, 215.06957767042627,215.06957767042627,0.0, 150.65957476278487, 14.770845118899189, 12.274264160268052, 14.770845118899189, 136.9576000160932, 0.9757648219621953, 12.274264160268052, 0.9757648219621953, 182.771948022355, 5.709680493528398, 4.491544973307025, 31.0, 0.0
16, 0 ,1.0,1.0,1.0,34.21177157377837,10.947958517908038,72.15418426565022,15.108951530667172,7.488318641651813,13.394391692384616,75.0,31.0,63.0,0.9750624094796667,9.880246598080317E-4,0.2219286403936604,15.196991549474005,0.22182251735799435,-0.035578586193780654,-0.9744377532697582,13.300184065740929,0.006933138731435739,0.9993663932771221,-0.034910508097238176,7.478075481473082,78.01309882429534,65.78209921676557,31.963071855964476,20.341251117832996,7.070966285114543,58242.0,164030.18276122518, 0.0, 0.0,0.0,NaN, 80.60105096689266,80.60105096689266,1.3486991523486091E-6, 228.28041635604987, -0.7861186147432574, 11.726181986667262, -0.7861186147432574, 56.07491607891005, 4.232415310414943, 11.726181986667262, 4.232415310414943, 179.40972880902203, 6.296878571275302, 4.537220434294299, 26.0, 0.0
17, 0 ,1.0,1.0,1.0,218.70010236393728,29.658908054224188,269.7444536922768,12.527828300338989,13.916604045818522,14.241069530437228,68.0,65.0,64.0,-0.29316689748458974,-0.5965023634368174,0.7471533314076513,14.96015853657344,-0.03519983963286702,-0.7742268403282532,-0.6319286122697335,13.379042161883623,-0.9554130737587176,0.21156022813757133,-0.20598089319472862,12.272786922811934,76.07149828394728,75.88169701060343,60.75392825557654,22.598409284183187,6.53745434297005,104529.0,350698.06442101026, 0.0, 3.552713678800501E-15,0.0,53.38019355557065, 91.67727234697804,91.67727234697804,0.0, 156.9464819227745, 13.571577740950442, -15.399275470486744, 13.571577740950442, 193.67186816809243, -18.733167332085536, -15.399275470486744, -18.733167332085536, 202.8080613707476, 6.287864117264608, 4.629049823113338, 35.0, 0.0
18, 0 ,1.0,1.0,1.0,162.0442526510373,256.0437155739855,281.9544858423991,14.971233053030607,13.188024768545716,10.133854376005992,71.0,67.0,43.0,-0.9247537260419186,0.37741350725017175,-0.04888344010718362,15.296582286246535,-0.38019899688217684,-0.9105680832889536,0.16221741110395096,12.888663386192567,0.01671134169881654,0.16859659024015353,0.9855434647026073,10.03263412148251,75.19061911044489,63.547851545391694,46.66161227826319,21.375836949818908,6.620454337335502,80063.0,222958.62314874455, 0.0, 0.0,0.0,NaN, 145.90950533931533,145.90950533931533,0.0, 224.13781912815617, -23.871287414643845, 1.9897987417456204, -23.871287414643845, 173.9239972957753, -12.12954423951558, 1.9897987417456204, -12.12954423951558, 102.69500451409579, 6.596418266959309, 4.857207532630018, 30.0, 0.0
19, 0 ,1.0,1.0,1.0,40.72517872109648,85.53174579697283,38.175427698072276,12.429418124249345,12.399751555071061,15.640409602083235,59.0,60.0,78.0,0.0918973727495256,-0.010825688828297604,0.9957096350558874,15.665592105915682,0.7015330378156944,0.7103518145709893,-0.05702364762786182,12.464063655010381,-0.7066868257826935,0.7037635284647081,0.07287404385709514,12.333005604100094,79.55189360678605,61.07982664055581,62.517522931254135,22.543298965616643,6.683289444786544,101415.0,303773.6361029623, 0.0, 0.0,0.0,NaN, 102.13512128975994,102.13512128975994,0.0, 154.4904349074181, 1.526690204678107, 8.407941087343742, 1.526690204678107, 153.7538386274872, -1.137428284513418, 8.407941087343742, -1.137428284513418, 244.62241252093747, 5.9567917670417465, 4.406259501194784, 34.0, 0.0
20, 0 ,1.0,1.0,1.0,190.72930183265697,281.8993331093132,59.90862563651873,14.19657733430768,10.231557246475772,12.864506017446324,67.0,44.0,68.0,0.978206853886794,0.15954614144932727,-0.13287731092075789,14.311682672559204,-0.13527446861898473,0.004209918911784974,-0.9907992201867173,12.838646048838775,-0.15751878982760056,0.9871814956386633,0.025700691038582798,10.102870556550117,68.99606981952115,66.9474739722809,47.87221261431259,20.795217293670042,6.267537353602939,77374.0,221127.13992286773, 0.0, 0.0,-7.105427357601002E-15,82.36410707740072, 125.92363974060922,125.92363974060922,NaN, 201.54280800897854, 16.001338071892018, -4.9443202631777075, 16.001338071892018, 104.68476368791087, -2.440234638472399, -4.9443202631777075, -2.440234638472399, 165.49551507291267, 6.120788162261172, 4.68129398379468, 34.0, 0.0
21, 0 ,1.0,1.0,1.0,281.21299910576147,105.42551560659182,168.98181714950817,10.688818328258693,12.111705767715186,12.88868958527784,45.0,62.0,66.0,0.12402127043195624,-0.4630207410771365,0.877627778624186,13.139356789623877,0.31300039919011263,-0.8210473403226959,-0.47740131446808703,12.021953593185184,-0.9416206638489161,-0.33390576257592003,-0.043098342558846,10.482962751156784,67.28654609507808,59.23256366634054,52.15981752336114,19.854096303160595,5.733884640338812,70451.0,207885.80199363557, 0.0, 0.0,0.0,NaN, 169.213637101035,169.213637101035,0.0, 114.25083725451896, -12.504141704056956, 1.6546372919402208, -12.504141704056956, 146.69341660370532, -11.923363962299275, 1.6546372919402208, -11.923363962299275, 166.11831922564946, 6.219572784258484, 4.628029513179004, 22.0, 0.0
22, 0 ,1.0,1.0,1.0,277.9335537986465,207.2786842162896,11.385712095661505,12.839305987481717,12.19943946227402,7.189054493678614,49.0,66.0,28.0,-0.9131134002928601,0.4057748965449955,-0.039631446346417326,12.994848374839053,0.4069087827048445,0.9130875190674992,-0.026389867010299033,12.043988811756813,-0.025478633465566603,0.04022332478870354,0.9988658185060039,7.1716703189823665,64.86780567354057,61.3221815343378,30.424694007041673,18.165547639570136,5.94722497484886,45661.0,121024.42349378196, 0.0, 0.0,0.0,NaN, 95.98856644697359,95.98856644697359,NaN, 164.84777824018386, -8.725509123492134, 3.244305873682935, -8.725509123492134, 148.8263231936886, -4.144503765079499, 3.244305873682935, -4.144503765079499, 51.68250451308067, 6.469420537583287, 4.684189892718885, 13.0, 0.0
23, 0 ,1.0,1.0,1.0,52.03714129938914,188.87983042738085,49.319806838538824,14.356919898804838,11.003910464716725,13.563573918611043,73.0,56.0,76.0,-0.8119820941853256,0.07094942027725129,0.5793541736146682,15.080390835357322,0.5784639364981636,0.23024916511632057,0.7825374087762743,12.874619803303235,0.07787523928349435,-0.9705418598522989,0.2279998802214142,10.862951215718933,77.69465518019521,66.02759164212885,58.025927785400654,21.67128487071309,6.444621322792944,89873.0,297672.48527565674, 0.0, 0.0,7.105427357601002E-15,54.59486853727209, 132.24220017472112,132.24220017472112,0.0, 206.12114898069834, 0.056814905849394956, -29.855390553637147, 0.056814905849394956, 121.08604551550225, 13.101375428172961, -29.855390553637147, 13.101375428172961, 183.97053744562572, 5.961386338888544, 4.289895712168461, 31.0, 0.0
24, 0 ,1.0,1.0,1.0,91.17975502016603,268.3280339728132,39.37807558524146,11.339900190315296,14.6734305341583,13.55790195665496,62.0,61.0,67.0,-0.05356206018111482,-0.8519809021188397,0.5208259288225993,15.267766993434757,0.28456872553388607,-0.512970413597916,-0.8098654179684445,13.03877501033168,-0.9571581615162537,-0.10483271053421984,-0.26992287165943163,11.162671844029312,76.0935583637714,68.8834655982421,58.53807424690841,22.03289147430505,6.501638156255878,93722.0,306832.4680892996, 0.0, 0.0,0.0,NaN, 104.24727331859455,104.24727331859455,0.0, 128.59333632631288, -1.676675576065246, -13.490764595128159, -1.676675576065246, 215.3095636407691, -29.282202212849466, -13.490764595128159, -29.282202212849466, 183.81670546626842, 5.8348977756286935, 4.261840316948132, 34.0, 0.0
25, 0 ,1.0,1.0,1.0,68.7101426467778,62.32083722080462,161.42385989366127,13.51995134647404,12.749617408255162,11.999434436875093,65.0,62.0,58.0,-0.9389951648996896,0.2390719747821983,-0.24725021975469283,13.728925084686985,-0.12801775334472534,-0.9101920129711966,-0.3939060222337426,12.820446064966083,-0.31921706584011583,-0.3382234326553687,0.8852713564095737,11.68250974693025,67.15332398541953,63.269023312697016,65.17226483077764,21.293404616384873,5.993260808251058,88961.0,276899.04528048396, 0.0, 0.0,0.0,NaN, 166.75825934931737,166.75825934931737,0.0, 182.7890844110252, -8.42494903861613, 13.47926227468157, -8.42494903861613, 162.55274405688309, 6.922934667046559, 13.47926227468157, 6.922934667046559, 143.9864268048639, 6.260430558207259, 4.388745509889423, 37.0, 0.0
26, 0 ,1.0,1.0,1.0,124.03680885626616,169.08384573732025,274.4035858251609,13.06475723525496,11.614017701487565,13.150954078788102,68.0,57.0,61.0,-0.7625023683059371,0.32098788063069766,0.5617445316298596,13.293194962561882,0.5676457804568986,-0.08468961029958623,0.8189053289830168,13.117511557591188,0.3104326114590991,0.9432891658423292,-0.11763138759347663,11.39046707526903,75.11990034902696,70.16331649521464,61.23513359567764,20.98997615712367,6.1596901620451625,83105.0,322749.65149318764, 0.0, 0.0,0.0,NaN, 182.15198548680596,182.15198548680596,0.0, 170.68788161614683, -13.529973937915331, -0.44180938618815047, -13.529973937915331, 134.88540717046652, 5.533190710189319, -0.44180938618815047, 5.533190710189319, 172.94759318239343, 5.6758615338973035, 4.220896917116538, 30.0, 0.0
27, 0 ,1.0,1.0,1.0,277.0653958390192,207.6480381248294,287.12978397329584,13.502711077102365,12.676963392704257,7.501432239228247,55.0,61.0,34.0,0.9840670824945068,-0.09356657654736052,-0.15118621929249118,13.635452920248698,-0.07630791127318416,-0.9902915509207649,0.11618841100587299,12.71435023168254,0.16058978743330513,0.1028004860307224,0.9816531873548693,7.191648960926485,59.349666342298576,62.670953797398255,39.678119982122894,18.9200367861743,6.429020216270022,47633.0,147582.7750991898, 0.0, 0.0,0.0,NaN, 96.02355643688621,96.02355643688621,0.0, 182.3232064317029, -4.049642868575211, -20.94147496644785, -4.049642868575211, 160.70540085996382, -10.750680656009918, -20.94147496644785, -10.750680656009918, 56.271485639732916, 5.654228751131782, 4.369150877733649, 19.0, 0.0
28, 0 ,1.0,1.0,1.0,13.00127053591911,250.0326104219238,81.28767050768498,8.275730041231741,11.896442505914628,13.67461069911705,33.0,57.0,59.0,-0.06595546016539156,0.038232833937438634,0.9970898292949756,13.694501870410205,-0.11220663787422755,0.992643351710736,-0.045484576742431455,11.935454580742926,-0.9914935943773581,-0.11488005359325203,-0.06118027128967446,8.186181787417038,58.341783294926344,58.5216300362614,36.455294241325646,19.03221107373712,5.897708998331523,56669.0,124467.71648760514, 0.0, 0.0,0.0,NaN, 96.29879767349824,96.29879767349824,1.3486991523486091E-6, 68.48770771534552, -8.70668880605587, -7.5411726389485505, -8.70668880605587, 141.5253442965323, 1.188451973773874, -7.5411726389485505, 1.188451973773874, 186.9949777724065, 7.830012258769436, 4.961373658972095, 26.0, 0.0
29, 0 ,1.0,1.0,1.0,60.37280765857936,44.1600165643574,34.27490743447335,11.902765329872945,12.100559176259512,14.683157836155111,62.0,60.0,68.0,-0.3600311975439317,-0.3643430017996338,0.8588548852016357,15.520080139464532,-0.5367352146475671,-0.6720874466332605,-0.5101115303884186,12.031098736896002,-0.7630811530579906,0.6446337263265215,-0.04641672898935069,10.866197797080861,80.86635598187316,60.15009416405008,56.93932113502828,21.450083470858033,6.602151013938221,82104.0,276959.62962417747, 7.105427357601002E-15, 0.0,0.0,68.89788801608225, 82.27850416230145,82.27850416230145,0.0, 141.6758224980254, 25.72995290097406, -30.668172581869733, 25.72995290097406, 146.42353237815828, -29.281286342615218, -30.668172581869733, -29.281286342615218, 215.59512404144323, 6.260192827775771, 4.33368853632029, 26.0, 0.0
30, 0 ,1.0,1.0,1.0,135.39583849393114,142.7603005532161,174.933531500289,12.343083902361869,11.461305757655946,11.847105398654655,58.0,52.0,55.0,-0.8624481703015907,0.4570995476208978,0.21735491047641198,12.645165080018685,-0.3229811665851774,-0.16638045906305848,-0.9316655563415679,11.872861488058687,-0.38970029455302746,-0.8737147969484873,0.29112906762902807,11.099644877314917,66.31937419331217,54.83245120161979,59.742701916266384,19.83382828776366,5.539531719340869,72666.0,217251.57834362626, 0.0, 0.0,0.0,NaN, 233.13978218765772,233.13978218765772,0.0, 152.35172022074468, -13.512760921376039, -1.5343365545689818, -13.512760921376039, 131.36152967047735, 6.399475018193523, -1.5343365545689818, 6.399475018193523, 140.3539063268323, 5.600619741823636, 4.103120706831912, 31.0, 0.0
31, 0 ,1.0,1.0,1.0,238.88148692936957,95.28332172072979,185.3814611235839,13.318706554247749,11.377188235226349,11.944192356271781,67.0,56.0,59.0,0.9172925913678911,-0.36773954193388686,0.15278066343563834,13.68502290613727,0.1833055829917136,0.04933425411579767,-0.9818172918699822,11.911229430430952,-0.35351572110112317,-0.9286192764901512,-0.11266265692437892,10.969724197795019,72.70392292590134,60.02629501867375,56.205182012715085,20.381418819162803,5.838651760417304,77502.0,245287.6835788574, 0.0, 1.4210854715202004E-14,0.0,68.42372364113939, 161.09560357832683,161.09560357832683,0.0, 177.38794427816194, -22.387392454325024, 5.504912394778461, -22.387392454325024, 129.44041213977283, -4.80466469706139, 5.504912394778461, -4.80466469706139, 142.66373104362123, 5.805522785633198, 4.272562817008621, 31.0, 0.0
32, 0 ,1.0,1.0,1.0,273.90576328366603,65.85071689626089,239.55139724486926,13.870677167553584,13.283383591460371,11.84284798988599,58.0,71.0,57.0,-0.9753486433136086,-0.13412828184199732,-0.17522736086700913,13.923798803875014,0.17593061430316898,-0.9519790356132949,-0.25056802410461637,13.398007735489065,-0.13320451545354178,-0.27521903960826516,0.9521087318683155,11.649816686321794,62.95422361677032,73.9933210789601,59.367790922069844,21.615765321475294,6.469598349423491,88925.0,276546.573560567, 0.0, 0.0,0.0,NaN, 93.11959879964674,93.11959879964674,0.0, 192.3956850864923, 0.2740287612107433, 8.0086557088782, 0.2740287612107433, 176.44827963787864, 11.811872908919248, 8.0086557088782, 11.811872908919248, 140.25304851154664, 5.484714563019597, 4.188094541527228, 32.0, 0.0
33, 0 ,1.0,1.0,1.0,131.47269898624913,276.13139867509784,59.01853106494028,12.82976766290331,12.135754362483851,12.189062366042743,63.0,53.0,69.0,-0.8802140920029944,0.033231289893490515,0.4734119069176003,13.117856117376538,-0.2838298447988314,0.7626149735391181,-0.5812564161670831,12.759545641262802,-0.38034690933516885,-0.645998516643765,-0.6618324146286885,11.205737793926962,63.594187371421384,67.83289757353839,60.794829367144956,20.621530083944293,5.933397895882594,79704.0,262255.3973306255, 0.0, 0.0,0.0,NaN, 146.07521253449988,146.07521253449988,0.0, 164.60293828407944, -9.420588383054678, -13.237367966509677, -9.420588383054678, 147.27653394654584, -15.774729948849664, -13.237367966509677, -15.774729948849664, 148.57324136327952, 6.254129085452723, 4.289166797964564, 23.0, 0.0
34, 0 ,1.0,1.0,1.0,36.17612097766837,176.4400093781138,209.09144833245415,12.14718266739107,13.174435002068304,12.773265709335462,66.0,63.0,67.0,0.2707121166804358,0.8226733188109417,0.49992355455508297,13.564106406474139,-0.2233200674420989,-0.4514795354853537,0.8638833118631163,12.501124027263117,-0.9363990054245331,0.34550664183850427,-0.061498480350534866,12.000542350610893,59.74480252673291,60.6217279919468,71.39518680680976,21.147300715626727,6.0883309455740156,85305.0,258581.45559162492, 0.0, 2.8421709430404007E-14,2.8421709430404007E-14,18.71096353556136, 157.6075752550059,157.6075752550059,0.0, 147.554046754966, 10.138682364494716, 3.0434098851556874, 10.138682364494716, 173.56573762372244, 11.655723425840682, 3.0434098851556874, 11.655723425840682, 163.15631688128514, 5.577301490263883, 4.217808526603246, 41.0, 0.0
35, 0 ,1.0,1.0,1.0,200.62175161309418,175.46013141537915,193.59756999940805,12.481634735450498,10.689145086419051,11.744530309928166,63.0,53.0,56.0,0.9204250677312005,0.2762803651202547,0.2765625689442327,12.71121140222092,-0.2819916179677639,-0.020720798812180558,0.9591930858239686,11.665011288419564,-0.27073681332234356,0.9608536872727311,-0.0588368045228394,10.504077154973455,64.2617311108462,56.502286025480075,50.97079241960142,19.434064047125304,5.5045594883490505,67572.0,185071.61948007921, 0.0, 0.0,0.0,NaN, 191.59251611050743,191.59251611050743,0.0, 155.79120566920443, 13.180289155947225, 6.081798549914968, 13.180289155947225, 114.25782267851656, 3.4036043565146095, 6.081798549914968, 3.4036043565146095, 137.93399220082136, 5.941414728717497, 4.19881649994189, 34.0, 0.0
36, 0 ,1.0,1.0,1.0,32.60998333262105,288.89258087952476,207.06023761699217,13.156844454583878,6.802927291807667,13.413823597068061,77.0,27.0,86.0,0.6290741465222063,-0.05243085401227799,0.775575092254065,13.993669633582616,0.7766840800313807,0.08353737514499453,-0.6243263143418616,12.586333368125581,0.032055545591459844,-0.9951243703685625,-0.09327341258582854,6.713751690787535,70.39625273949298,78.6089398505911,32.05961355916611,18.87196694246204,6.569771910471673,46798.0,177410.68152507712, 0.0, 0.0,0.0,NaN, 99.11904561829517,99.11904561829517,0.0, 173.1025560021145, 2.381712599109083, 18.58954350581955, 2.381712599109083, 46.27981973762161, -12.041309147813335, 18.58954350581955, -12.041309147813335, 179.93066349325994, 5.790006367999079, 4.446110394391389, 23.0, 0.0
37, 0 ,1.0,1.0,1.0,163.25541355642346,9.576714196575074,223.96826974185944,14.225308084827388,6.5330264708778625,12.270603541381172,72.0,27.0,66.0,0.929721160554658,-0.02574313181885235,0.36736338247171196,14.554718179597419,0.3681580694513026,0.08892649452214109,-0.9255007911773461,11.91606032714371,0.008843048953275586,-0.9957054633455424,-0.09215438540324149,6.463375375109407,73.08053104494377,62.721085393191615,29.035246674546816,18.70509505388074,6.762170899387876,43271.0,133088.5764569401, 0.0, 0.0,0.0,NaN, 156.75337119971076,156.75337119971076,0.0, 202.35939010825544, -0.7893010399701379, 23.93771077194815, -0.7893010399701379, 42.680434869190854, -9.856351168406261, 23.93771077194815, -9.856351168406261, 150.56771126975616, 6.4962609530704665, 4.291095407308263, 16.0, 0.0
38, 0 ,1.0,1.0,1.0,104.02080914661924,229.42201713521536,156.7855011977016,12.087823909137208,10.92684923124751,11.99811706995818,59.0,52.0,59.0,-0.8248611728508023,0.5398257704445073,0.1679052801051619,12.853432973465091,-0.19087412990517055,0.013629792927787543,-0.9815198904136839,11.988014798117387,-0.5321382452484908,-0.8416664222295787,0.09179608725385524,10.02711804068867,59.91938644830567,59.777468425759565,54.02272853229343,19.473013649540103,5.501642810104834,68047.0,193500.1882225996, 0.0, 2.8421709430404007E-14,0.0,57.32822092604395, 190.55700739666528,190.55700739666528,0.0, 146.11548685830914, -28.907601749724034, -0.8687270518310206, -28.907601749724034, 119.3960341224143, 5.283932606957307, -0.8687270518310206, 5.283932606957307, 143.95481322442186, 5.937467552443939, 4.144599842309028, 23.0, 0.0
39, 0 ,1.0,1.0,1.0,51.92892924232937,20.371484577060247,165.6049658326754,12.409597924800662,11.485127144091054,12.244750977416224,61.0,49.0,59.0,0.5918491838648272,0.2360739396494368,-0.7707033401879941,12.664026825295899,-0.7446115761199876,0.5262603268526469,-0.41061377118778275,12.485249635167364,-0.3086553810751483,-0.8168960542194695,-0.4872501332313985,10.935317040937981,64.55935028466034,61.781362873748876,59.700624127607554,20.064706543033733,5.7660856750514355,73462.0,238119.7987890654, 0.0, 0.0,0.0,NaN, 145.51163625279113,145.51163625279113,0.0, 153.9981206552169, -8.524536209512021, -7.5101477415208615, -8.524536209512021, 131.90814551593712, -15.266743589524873, -7.5101477415208615, -15.266743589524873, 149.93392649893556, 5.56761516853816, 4.064967036825168, 24.0, 0.0
40, 0 ,1.0,1.0,1.0,186.82958864215507,65.64359665089188,62.96902803057881,11.756161541742165,10.950149258782812,12.573226142037116,58.0,57.0,61.0,-0.5533025448661869,-0.15146855091375921,0.8190931399594842,13.072631885030072,0.612298097745132,0.592732061626688,0.5232205487339631,11.691755271699225,0.5647542238374975,-0.7910284326140637,0.23521625252912146,10.421529296084781,65.88700434503875,56.270138839422856,55.06773141680911,19.6134976754758,5.6133615185620345,68675.0,204162.01077712484, 0.0, 0.0,0.0,NaN, 145.1954623233269,145.1954623233269,0.0, 138.20733419553753, 15.414270281840423, -19.22940611515286, 15.414270281840423, 119.90576878962175, 0.983632036060503, -19.22940611515286, 0.983632036060503, 158.08601561880556, 5.357248579637762, 3.936741184255951, 33.0, 0.0
41, 0 ,1.0,1.0,1.0,92.1444324795878,158.65708872319834,106.43947221351362,11.284891093862905,11.569203399825811,13.184043737044664,57.0,56.0,61.0,-0.10805765893660847,0.21464977138597613,0.9706951210287849,13.235138989919154,0.6582314458312717,-0.7162836199026261,0.23166600868073778,12.465765731727629,-0.7450200709135382,-0.6639753395293669,0.06388929826542573,10.220079461843776,62.63540012111358,57.455938252026826,53.35619172184968,20.061516936292765,5.705241605929694,73363.0,192016.96523936704, 0.0, 0.0,0.0,NaN, 199.4938000296713,199.4938000296713,0.0, 127.34876700034633, -25.65999907461542, 0.3508628658262185, -25.65999907461542, 133.84646730654111, 6.281160836871116, 0.3508628658262185, 6.281160836871116, 173.81900926030664, 6.204359860752313, 4.293761057300192, 27.0, 0.0
42, 0 ,1.0,1.0,1.0,84.22492661765853,207.98716783125957,190.71912097046524,13.865496854569155,12.311792891308247,10.387566943465243,64.0,60.0,52.0,-0.9718761276265641,0.23549035784712316,-0.0010411102867566645,13.956467652164998,0.2285537979284975,0.9421650028490399,-0.24512908611368162,12.32313211969109,-0.056744638531360865,-0.23847305669090402,-0.9694898902156959,10.251400863404825,64.53831798198323,59.05619318671933,55.12135975132037,20.431529990138433,5.855456983846295,76994.0,210088.85463192372, 0.0, 2.8421709430404007E-14,0.0,76.37947055556006, 165.83880748766427,165.83880748766427,0.0, 192.25200302406714, -10.456643017660516, -2.5294534245073295, -10.456643017660516, 151.5802441984683, -10.823239583359761, -2.5294534245073295, -10.823239583359761, 107.90154700497187, 5.659028932455685, 4.099989166814322, 21.0, 0.0
43, 0 ,1.0,1.0,1.0,24.70160794470012,11.787389838087607,265.53967692049713,13.00614371706879,7.513178853565935,14.004091302040054,50.0,33.0,71.0,-0.44042858930509654,0.06487143947559479,0.8954408713382961,14.378935571991208,-0.8908935874455329,-0.15494514572926762,-0.4269667641203057,12.71902269089865,-0.11104626770473397,0.9857908998135967,-0.12603582139038205,7.293481862287958,77.24325962050108,70.08529464762586,35.40606387036138,19.46576824225996,6.542634852202249,53671.0,191674.85546493361, 0.0, 0.0,0.0,NaN, 44.0071114820371,44.0071114820371,0.0, 169.15977438904795, 10.600790897448821, -19.258856256045892, 10.600790897448821, 56.44785648567034, 16.103188935175325, -19.258856256045892, 16.103188935175325, 196.1145731958739, 5.826510823680748, 4.2038074357811865, 23.0, 0.0
44, 0 ,1.0,1.0,1.0,287.367891984124,78.7539226232427,284.97351533810604,8.035898275184527,10.326804175517829,8.54074723256729,36.0,51.0,36.0,0.0929742030319551,0.9702527048585398,-0.22352960941508457,10.412740191603342,-0.5797183579710026,0.2352754137229484,0.7801103159995387,8.904152781557302,0.8094951655210656,0.05705408322094866,0.5843478489614211,7.513575301017867,49.743998760551776,49.511090354446935,38.41564252304431,14.891766334089807,4.732674118305635,26959.0,94613.10295261454, 0.0, 0.0,0.0,NaN, 81.1636970742868,81.1636970742868,9.5367431640625E-7, 64.57566108911365, 1.574375734362512, -11.404886127947456, 1.574375734362512, 106.64288447949248, -7.081297497941496, -11.404886127947456, -7.081297497941496, 72.94436329060582, 6.714142229417837, 4.484084093503647, 9.0, 0.0
45, 0 ,1.0,1.0,1.0,121.54293378038558,236.9297680916457,78.29190276613579,11.773435283403,12.518063913518084,14.179140507156141,61.0,62.0,66.0,0.13727900612809044,0.32808960655186625,0.93461847004493,14.451278969826609,0.1409826090502131,-0.9404173460363197,0.3094173867438613,12.269217611102187,-0.980448049833278,-0.08928843904250436,0.17535448734342235,11.70429679155248,67.4872783056415,59.2288059915457,59.76566712871629,21.423212970508352,6.116344828195894,89475.0,238894.78159586983, 0.0, 0.0,0.0,NaN, 157.73446339864617,157.73446339864617,0.0, 138.6137783724787, 1.4404782998149361, 9.80925013158841, 1.4404782998149361, 156.7019241429237, 18.09084455973636, 9.80925013158841, 18.09084455973636, 201.0480255216761, 6.039145759286812, 4.220698017437843, 38.0, 0.0
46, 0 ,1.0,1.0,1.0,23.628433942615004,188.19652625656863,121.77874337151817,12.568305714903206,12.560968219047409,12.474814786914989,52.0,61.0,63.0,-0.5781380689860713,-0.5213150586902319,0.6276838238889519,13.802310175937976,0.6205105160791866,-0.7804425442728954,-0.07665594904500692,12.168106933527637,0.5298330610901868,0.34516669113871584,0.7746850216082356,11.523655781584946,70.96527802236666,63.792372428182006,58.97187266802331,20.886289446962767,5.926562937212022,83541.0,266968.22960541287, 3.552713678800501E-15, 0.0,0.0,54.68030938924367, 166.99814959700825,166.99814959700825,0.0, 157.9623085432686, 9.999106684503952, -21.668187201550083, 9.999106684503952, 157.777922599919, -17.97021113792683, -21.668187201550083, -17.97021113792683, 155.62100396783285, 5.970439606092761, 4.286752567884386, 22.0, 0.0
47, 0 ,1.0,1.0,1.0,216.71528655568406,135.66459134550735,206.2194685743485,12.590289122055218,12.823026961892237,11.09797682475087,69.0,61.0,59.0,0.5838688856362512,0.7203395471956396,0.3744436688366671,14.184609851154255,-0.8115919684851408,0.5294758243422574,0.24692879161309156,11.68134249130414,-0.02038629628689282,-0.44806951266859074,0.8937662506162536,10.414104436602061,63.807576552067246,58.68752494480144,54.882488741872095,20.278698686696284,5.906341491935173,74366.0,205518.935295746, 0.0, 0.0,0.0,NaN, 184.75933782335045,184.75933782335045,0.0, 158.51538017694196, 26.976782300492836, 14.666081382953058, 26.976782300492836, 164.43002046541525, 28.67785284471398, 14.666081382953058, 28.67785284471398, 123.1650896027074, 5.7130528253899415, 3.885578063288735, 30.0, 0.0
48, 0 ,1.0,1.0,1.0,125.54464804036856,91.8276000654947,213.12787841800508,12.689716776507591,10.36402037313364,12.134195047819107,62.0,51.0,65.0,0.7563358831493007,0.1285302057071619,0.6414327853186507,13.585954874662772,-0.6076096861651227,0.5013641890697079,0.6159905999256773,11.612557230410882,0.24241802973188445,0.8556365677899407,-0.4572959246719377,9.810752485680391,67.2173401487623,57.90316572210325,52.81479859748784,19.589274863954007,5.651621884527567,67181.0,205560.30787625036, 0.0, -1.4210854715202004E-14,0.0,82.61533322063147, 178.15872780620478,178.15872780620478,0.0, 161.02891186797822, -3.1725768654299866, 28.403476112073196, -3.1725768654299866, 107.41291829472915, 19.203258180695993, 28.403476112073196, 19.203258180695993, 147.23868945851774, 6.185777664978193, 4.208001019378443, 37.0, 0.0
49, 0 ,1.0,1.0,1.0,107.61762448647917,211.03598031691573,279.56691195280877,11.852503612158396,12.15508002446204,11.295145008099688,61.0,58.0,46.0,0.543501878438004,0.8059575694497793,0.23460201273852135,12.283113564945308,-0.6968201557788305,0.5890305975983061,-0.4092488553354167,11.92216421470885,-0.4680249765073735,0.058952110560918335,0.8817467153472621,11.081301124844297,61.60876549009265,64.95859953801595,55.29605488739904,19.551667711216663,5.791407664930568,66453.0,221295.869224205, 0.0, 0.0,0.0,NaN, 141.11577156869927,141.11577156869927,0.0, 140.4818418762278, 4.360785214404609, 9.096372364240503, 4.360785214404609, 147.74597040107608, 0.6465097666144733, 9.096372364240503, 0.6465097666144733, 127.5803007539993, 5.305157418284888, 3.9889563688629197, 26.0, 0.0
