// Sample: .//bubblelabels.tif, Map: .//bubblelabels.tif, Thickness:(8.191250068658265):/gpfs/home/mader/Foam/NewValid/InSilicoTest/LatticeData_Phi_6.65/out_Step_03000.vtk/distmap.tif, Neighbors:(1.0):
//LACUNA_NUMBER, TRIANGLES, SCALE_X, SCALE_Y, SCALE_Z, POS_X, POS_Y, POS_Z , STD_X, STD_Y, STD_Z,PROJ_X, PROJ_Y, PROJ_Z, PCA1_X, PCA1_Y, PCA1_Z, PCA1_S, PCA2_X, PCA2_Y, PCA2_Z, PCA2_S, PCA3_X, PCA3_Y, PCA3_Z, PCA3_S,PROJ_PCA1, PROJ_PCA2, PROJ_PCA3,OBJ_RADIUS, OBJ_RADIUS_STD, VOLUME, VOLUME_BOX, Mask_Grad_X,Mask_Grad_Y,Mask_Grad_Z,Mask_Angle, Mask_Distance_Mean,Mask_Distance_COV, Mask_Distance_STD, SHAPET_XX, SHAPET_XY, SHAPET_XZ, SHAPET_YX, SHAPET_YY, SHAPET_YZ, SHAPET_ZX, SHAPET_ZY, SHAPET_ZZ, Thickness, Thickness_STD, Neighbors, Neighbors_STD
1, 0 ,1.0,1.0,1.0,158.30773214845507,177.6447000776895,181.45809538088292,14.459586400047552,12.438937823193115,9.878048120691485,68.0,52.0,42.0,-0.9236324450635567,0.369693627594252,0.10114211853683086,14.864289552554844,0.3666321057161437,0.9291251568092288,-0.04803480032614541,12.010280604763338,0.11173184632888883,0.00728455217762726,0.9937116935084889,9.807583983686069,73.44501839321694,62.26321204471762,44.96826274542235,20.545370683452305,6.266609225407485,73369.0,205636.39190942465, 0.0, 0.0,2.8421709430404007E-14,84.19505747485579, 50.81148354580742,50.81148354580742,0.0, 209.07963886044016, -26.22926628895127, -12.501054634921811, -26.22926628895127, 154.72717416926426, 2.5200647465395507, -12.501054634921811, 2.5200647465395507, 97.57583467469658, 9.622501882828717, 6.017595899508919, 17.0, 0.0
2, 0 ,1.0,1.0,1.0,185.6532293460279,36.85067017792633,16.90303521388298,8.409465499300143,16.968407552370028,10.37046894095781,37.0,81.0,48.0,0.016032523636554205,0.9910091627822665,0.13282995696541589,17.065746505062393,0.26488380039899456,-0.13231019406830977,0.9551599786589635,10.345815435041125,-0.9641470481581266,-0.019870878873293692,0.2646235395817499,8.241176500453898,85.17274128946502,56.96911082071476,40.99304910277442,20.301849190460974,7.350340832259938,59238.0,198907.1015842408, 0.0, 0.0,0.0,NaN, 43.00598005163645,43.00598005163645,0.0, 70.71910998391941, 2.177242087763983, 10.3729219312533, 2.177242087763983, 287.9268548633282, 24.453496902360232, 10.3729219312533, 24.453496902360232, 107.54662605537061, 8.530631023365277, 5.900685408953263, 15.0, 0.0
3, 0 ,1.0,1.0,1.0,169.12066989207295,187.00507629326387,80.94200223297358,15.523344654094947,7.317509901407006,14.732246184592595,64.0,29.0,63.0,0.8329835175085554,0.003596169755613934,0.553286116870976,16.120437621880583,-0.5532976182293542,0.004595257125722405,0.832970965444578,14.076594749682664,-4.530130221214832E-4,0.9999829754426012,-0.005817525604970128,7.31711891270837,79.05475971673096,64.73726210934254,29.208031183570142,21.56362237413817,6.824181134466592,67175.0,149480.5319631038, 0.0, 0.0,0.0,NaN, 87.60142005436283,87.60142005436283,0.0, 240.97422924981817, 0.250388560726515, 28.4440957186375, 0.250388560726515, 53.54595115718958, 0.9640606957730832, 28.4440957186375, 0.9640606957730832, 217.0390776434431, 8.708013046794902, 5.662547111722307, 14.0, 0.0
4, 0 ,1.0,1.0,1.0,56.253754561731355,81.1894647242415,33.76372922149713,13.241013162435273,13.399545106239362,14.348893559504514,66.0,66.0,71.0,-0.2197801665876372,0.5689919799514411,0.792429684657036,15.315242410971234,-0.9582688302461656,0.026295422015529903,-0.2846566348421748,13.153483188804422,-0.18280461524085345,-0.8219225495945252,0.5394680668164519,12.377084264839798,83.1711091127897,67.51276483623586,70.4391587671954,22.703987972667644,6.729926830281696,102209.0,395523.732606535, -7.105427357601002E-15, 0.0,0.0,77.30387854679293, 104.38488154633767,104.38488154633767,0.0, 175.32442956778416, -10.67435311066472, -8.763485418003773, -10.67435311066472, 179.54780905414324, 36.53772548039528, -8.763485418003773, 36.53772548039528, 205.89074638199014, 8.667515733170154, 5.3684094492402155, 25.0, 0.0
5, 0 ,1.0,1.0,1.0,12.562171628721542,104.58651915766093,133.96629789415232,7.740542938158792,14.952530984864925,14.895895595629163,32.0,70.0,70.0,0.06179820841328838,0.7079784358986356,0.7035250640449344,16.432755623674822,0.07544266628516873,-0.7061692195066123,0.7040123844970391,13.300860087639641,-0.9952333322094334,-0.009569102567309825,0.09705177347871533,7.6441845195107705,75.54235725426128,58.53309595587897,34.30645998565133,21.34052910600205,7.068501319415078,70233.0,151693.83627399648, 0.0, 0.0,0.0,NaN, 116.71328243299772,116.71328243299772,0.0, 59.91600497747995, 2.9459437030750597, 15.492470209804262, 2.9459437030750597, 223.57818285334565, 46.49257885674911, 15.492470209804262, 46.49257885674911, 221.88770559588428, 9.67475762176111, 5.360032066707619, 18.0, 0.0
6, 0 ,1.0,1.0,1.0,51.94760045345762,187.52219603044645,119.85572130351069,14.34928542471052,7.275667940713233,12.93556461343011,65.0,28.0,58.0,-0.8835427435899643,0.021898843523248102,0.46783828498944224,14.86579259764074,0.4680584710205055,0.006014970927620948,0.8836770268772898,12.341931244174766,-0.01653747125363544,-0.9997420971315973,0.015564423132612899,7.269877004430662,67.3052727225217,58.76024800799375,28.66497240555387,19.64248947197164,6.351281397877669,55573.0,113366.36890930205, 0.0, 0.0,1.4210854715202004E-14,62.10593380981292, 96.31902300457178,96.31902300457178,0.0, 205.90199219980977, -2.973230978340928, -28.35888182326346, -2.973230978340928, 52.93534398352234, 2.2513444977258854, -28.35888182326346, 2.2513444977258854, 167.32883186822525, 9.812080224707572, 5.4660321856530185, 10.0, 0.0
7, 0 ,1.0,1.0,1.0,26.310785281263218,49.83654307063302,50.31848301141971,13.566811099130858,14.239207790243798,12.974667666787399,64.0,71.0,65.0,0.7673493428897551,-0.3181731224450646,0.5567233155888288,14.43525303245958,-0.19197447188907135,-0.9423814599640391,-0.2739762509031711,14.241542474400719,-0.6118176101662758,-0.10335883159944846,0.784216911205582,11.99822240148618,75.94157997263265,73.77789179207589,63.92539348252997,22.667710152633116,6.428866104766576,106395.0,358161.81274586415, 0.0, 0.0,0.0,NaN, 75.5505670390258,75.5505670390258,0.0, 184.05836339950025, -5.078632766328833, 30.616006774232233, -5.078632766328833, 202.75503849373965, 3.787299572833295, 30.616006774232233, 3.787299572833295, 168.34200106357835, 7.765823840419905, 5.0343222127044465, 18.0, 0.0
8, 0 ,1.0,1.0,1.0,90.11570973901974,180.3521069382559,86.16287714831317,13.96356781597297,11.152788455861572,12.177866070095478,71.0,49.0,59.0,-0.9351775849269756,-0.2338480619548942,0.2660037002939817,14.257881583645695,-0.29492918947463853,0.09830421797531422,-0.9504488697053066,12.033994113101443,-0.19611134043186532,0.9672907342925406,0.16090052052686118,10.93444726295,73.2506814381362,63.5479015186135,55.161028040709596,20.73577078354035,6.139556052854097,78550.0,256770.56375009174, 0.0, 0.0,0.0,NaN, 126.21775723727741,126.21775723727741,0.0, 194.98122615127616, 17.57757733975998, -13.748178108224232, 17.57757733975998, 124.38469034119915, -7.567713000230666, -13.748178108224232, -7.567713000230666, 148.30042202118267, 8.270836665818527, 5.220162038893683, 19.0, 0.0
9, 0 ,1.0,1.0,1.0,187.64799156756263,19.89452578996815,111.1455741160835,7.388204146853928,10.98398431437389,12.985664679609597,30.0,45.0,66.0,-0.024295573048480183,-0.36658360039295596,0.9300678411025634,13.326375832351815,0.051784384239215664,-0.9295549544680298,-0.3650287169154013,10.57876077310828,-0.9983627109819415,-0.039294408595581774,-0.041567376317398604,7.3728208160456745,71.92036963663674,53.12971491095989,31.498620081413918,17.673862009730126,5.612090587853927,43641.0,120359.65233622603, 0.0, 0.0,0.0,NaN, 91.88837395385296,91.88837395385296,0.0, 54.585560515589584, -1.6727686078345956, -3.872543947863977, -1.6727686078345956, 120.64791141841165, -22.488163019721508, -3.872543947863977, -22.488163019721508, 168.6274871712602, 9.48110837756977, 5.290616748801652, 14.0, 0.0
10, 0 ,1.0,1.0,1.0,50.376285126799175,150.982307091509,187.42606436393197,16.142683346476712,14.119452844947396,6.689125356537479,74.0,64.0,28.0,-0.9196254999698552,0.3839878690081481,0.08271793191186462,16.566251118004715,0.388885187740535,0.9196950207914368,0.054123742363654026,13.693575188338933,0.05529240961654149,-0.08194135211246922,0.995102187844433,6.5371931864752195,70.37363848150434,62.78341896803104,29.978654619820503,21.291424529707996,7.166924988902123,62737.0,132454.6186300321, 0.0, 0.0,0.0,NaN, 71.40453892174978,71.40453892174978,0.0, 260.58622562461653, -30.040029384721073, -14.5784481476537, -30.040029384721073, 199.35894864069311, 14.566315434973793, -14.5784481476537, 14.566315434973793, 44.744398035472656, 8.818736904028896, 5.3216953846997015, 16.0, 0.0
11, 0 ,1.0,1.0,1.0,77.35715630989442,101.1617827902906,161.68919712395999,12.165790969988482,14.33753539630457,12.110430075049406,62.0,76.0,64.0,0.049759990186988116,0.9535590116130401,0.2970675928945365,14.570984166442122,-0.8532515070359473,-0.11401008636977226,0.508884629308885,12.345653563171199,0.5191202260724153,-0.2787954654895239,0.8079525229275573,11.640668635772267,72.21807525441852,63.65852323301259,59.12442498989145,21.49890844384418,6.1669152330588295,90263.0,271812.4837751784, 0.0, 0.0,0.0,NaN, 131.22819982973905,131.22819982973905,0.0, 148.0064699254533, 5.289481253742878, -6.207043161452837, 5.289481253742878, 205.56492124028645, 20.776549133075946, -6.207043161452837, 20.776549133075946, 146.66251660266116, 7.763100752689469, 4.920739629730848, 28.0, 0.0
12, 0 ,1.0,1.0,1.0,22.79256715251019,174.0075389512481,50.16645725135422,12.843180395265216,10.758490907744834,12.808018972716463,54.0,53.0,63.0,0.7215411729686357,0.06932289367389391,0.6888923516223152,13.76492773642398,0.6340370181905635,0.3335803200008078,-0.6976540902712303,11.975054679654985,0.27816433142131075,-0.9401694030975678,-0.19673865457529852,10.576511197607507,73.20823407649829,60.66739827902875,57.14926180869551,20.20446329237185,6.042964698724174,71628.0,253820.05075519663, 0.0, 0.0,0.0,NaN, 60.92440054628786,60.92440054628786,0.0, 164.9472826653248, 10.552675123382567, 24.626406179714955, 10.552675123382567, 115.74512661202827, -3.633577468528251, 24.626406179714955, -3.633577468528251, 164.04535000546485, 7.747780614234884, 5.025823663177434, 16.0, 0.0
13, 0 ,1.0,1.0,1.0,165.0113013359723,11.07978228599703,80.2174369124196,11.705333620597328,7.184820159509593,14.176144486438178,61.0,31.0,68.0,-0.17323288206210646,0.012492148740473675,0.9848016626673124,14.24974046584633,0.982648352169144,0.06948087908205187,0.17197274034349594,11.634122182081322,0.06627657619191334,-0.9975050644792891,0.024311762306470877,7.154833757871534,66.67464292695836,62.35608567657326,32.2924764171852,18.80525035832183,5.996841448224741,50525.0,134258.2230016111, 0.0, 0.0,0.0,NaN, 88.21455545716503,88.21455545716503,0.0, 137.01483516948613, 5.417485290741121, -11.685624076734145, 5.417485290741121, 51.62164072449546, 2.873894345493002, -11.685624076734145, 2.873894345493002, 200.96307250037154, 7.488868722506881, 5.043458757716457, 16.0, 0.0
14, 0 ,1.0,1.0,1.0,171.60331105987783,60.10732939965873,111.78166803433498,11.660105319664146,13.203256980409694,11.694205234192975,55.0,62.0,58.0,-0.08472046302303549,-0.9395948544457505,0.3316382858540798,13.392411165120643,0.7692265323856646,-0.27323188031258844,-0.5776113584883641,11.96807763672093,0.6333348127326405,0.2061694668953611,0.7459096231454545,11.155578330216516,65.04636313582954,61.090308827366925,59.316300668845,20.339234366524245,5.775295005403461,76773.0,235705.32704255515, 0.0, 0.0,0.0,NaN, 110.46147330687477,110.46147330687477,1.9073486328125E-6, 135.9580560656601, 0.4221759846118588, -9.890525315075982, 0.4221759846118588, 174.32599489073732, -14.145037247507894, -9.890525315075982, -14.145037247507894, 136.75443605942638, 7.37902476902067, 4.768266942006297, 18.0, 0.0
15, 0 ,1.0,1.0,1.0,163.34670332732642,186.81726642762925,22.76112359968046,12.693103036907369,7.480194286715021,14.078739562606527,70.0,31.0,51.0,0.38404533896922627,0.0014896797747275428,0.9233130338461497,14.351875661462557,-0.9228889617282274,0.030966910064083898,0.38381898702549533,12.387225217600722,0.0280203842979821,0.9995193001314441,-0.013267506492996484,7.473914325880968,65.72663942356768,65.53968213881146,31.713628295822275,19.34718540560045,6.400429346971455,53827.0,136612.89352273085, 0.0, 0.0,0.0,NaN, 45.11449178407162,45.11449178407162,0.0, 161.11486470554706, -2.7029711124977656, 18.664163178010327, -2.7029711124977656, 55.953306567004034, 1.3663293835149406, 18.664163178010327, 1.3663293835149406, 198.21090767170222, 8.526952077432561, 4.976607216428823, 13.0, 0.0
16, 0 ,1.0,1.0,1.0,170.3930385061378,92.12945339677717,10.253968571314326,12.654159755861567,15.331944140294377,6.622309940556094,55.0,67.0,27.0,-0.35221055475976454,-0.9354056478202485,0.03104833557213981,15.745087182767863,0.9329273815877371,-0.34823969435301244,0.09151839137992678,12.180751097690745,-0.07479455728639571,0.061199585806619036,0.9953192376807706,6.54009109263061,71.31784320573331,62.23362264598221,29.29174872850518,19.775471354208698,6.926903486811809,50018.0,130007.5526631013, 0.0, 0.0,0.0,NaN, 97.31162429817662,97.31162429817662,NaN, 160.1277591268665, 33.276821857586725, 6.77268647000157, 33.276821857586725, 235.06851112110706, -9.32313260224855, 6.77268647000157, -9.32313260224855, 43.854988948788055, 7.735328447480204, 4.935852389925912, 14.0, 0.0
17, 0 ,1.0,1.0,1.0,187.84553040210724,174.33586914476228,139.7667667483284,6.946482353353407,12.66600594388975,15.712262180487107,29.0,57.0,73.0,-0.14679555358835394,-0.0795637552289276,0.9859618016437353,15.870423351164359,-0.019927227507759028,-0.9963196954910611,-0.0833664799571957,12.647690863082651,0.988966112185116,-0.03188531371134352,0.14466981619877212,6.612267763118704,73.40059917125578,60.34408134386368,32.75449470814027,20.165917839126205,6.992300350389118,54289.0,145079.2124354052, 0.0, 0.0,0.0,NaN, 66.59144938887532,66.59144938887532,0.0, 48.25361708545028, 4.738945249460772, -29.93318893419486, 4.738945249460772, 160.42770657065049, -6.673547585864958, -29.93318893419486, -6.673547585864958, 246.87518282836544, 7.423215170827788, 4.757840603087211, 13.0, 0.0
18, 0 ,1.0,1.0,1.0,189.78741582796323,24.601911519803057,176.0381338546569,6.228094978044927,13.180765478048034,12.684210205351027,27.0,55.0,54.0,-0.018319612798595408,0.8485689288593374,0.528767590498346,13.490451936946323,-0.013908554395887292,0.5285888821086574,-0.8487640106800811,12.357168229051554,-0.9997354369539604,-0.022903420828270477,0.0021188234558269107,6.22246205872261,73.74835587947078,61.98088017549324,27.512471732068036,18.31417244192402,6.1645780020899466,41433.0,125759.17838262382, 0.0, 0.0,0.0,NaN, 35.82906578556708,35.82906578556708,0.0, 38.78916705554845, -3.065222487716923, -0.04231209442188409, -3.065222487716923, 173.73257858730284, 13.14903530516041, -0.04231209442188409, 13.14903530516041, 160.88918853353115, 7.972198454347794, 4.921896585029661, 11.0, 0.0
19, 0 ,1.0,1.0,1.0,23.04691621469429,10.111377848907857,18.84283216265078,11.83616001767823,6.4471631091239745,11.863487988856338,60.0,26.0,52.0,-0.6788994890819608,0.14605302404003845,0.7195581963211953,12.41172275437412,0.7296170657082673,0.02450089216798019,0.6834168886633036,11.37072066202485,-0.08218528549265831,-0.988973316349704,0.12319642201280596,6.249703455062914,66.3994929837956,55.49284076200781,29.93991979470532,16.92039979844786,6.008578371142785,33741.0,110319.51740321719, 0.0, 0.0,0.0,NaN, 31.43966655230856,31.43966655230856,0.0, 140.09468396408474, -9.789019624042636, -11.18064678917263, -9.789019624042636, 41.565912155649116, 13.59585183405234, -11.18064678917263, 13.59585183405234, 140.7423472617386, 7.810711465394616, 4.7469904164896555, 5.0, 0.0
20, 0 ,1.0,1.0,1.0,25.08897696874796,38.4165851112416,146.94495008807985,13.841897321635821,11.948508532048917,10.405470558947496,66.0,59.0,58.0,-0.9262432995710904,-0.3565927597212529,-0.12212679359599987,14.02143616139353,0.35985160395845783,-0.7401674768830316,-0.5680307467850063,13.02486839274842,0.11216137092682359,-0.5700821957217986,0.8138956425690143,8.740190299977844,68.99667372769304,53.29927386134878,51.40845959438528,20.086142875177973,6.259845010399657,61308.0,189053.20200530137, 0.0, 0.0,0.0,NaN, 70.14363191412299,70.14363191412299,0.0, 191.59812146270892, 14.86542585336621, -5.464192319607135, 14.86542585336621, 142.76685614044575, 44.443546922920696, -5.464192319607135, 44.443546922920696, 108.27381755312312, 8.115987621909849, 4.871295114826915, 16.0, 0.0
21, 0 ,1.0,1.0,1.0,122.05354703878622,78.88275271931413,179.7999308858135,11.38318577818448,11.242841332789217,11.421425991305817,52.0,55.0,47.0,-0.3765525980338117,0.6813084117639678,-0.6277156911959798,12.527991457728353,0.8532749475748559,-0.008777454199552885,-0.5213873992904908,11.381754114851224,0.3607353666541635,0.7319438532820908,0.5780382261472432,9.996623163546962,60.268184593689085,53.708383523943596,48.98940315520855,18.898436679797726,5.410772812590042,60769.0,158574.1308513624, 0.0, 0.0,0.0,NaN, 112.72169710410274,112.72169710410274,0.0, 129.5769184606614, -14.84968449947587, 0.30332940969183286, -14.84968449947587, 126.40148123427362, -24.24929639188695, 0.30332940969183286, -24.24929639188695, 130.44897167487605, 7.811031534138148, 4.818675220452001, 17.0, 0.0
22, 0 ,1.0,1.0,1.0,16.086498214682315,101.25084994789265,22.785898552953036,9.84695475200378,11.735003763578888,12.520612482866822,39.0,53.0,54.0,-0.03569002560686052,-0.5122531392734536,0.8580926193463463,12.91309752590031,-0.28126065702055225,-0.8187837826398601,-0.5004853245584037,11.433692120831179,-0.9589674993890822,0.25921002795118764,0.11485424034399326,9.693356742531009,58.60407677108401,60.33980383906368,46.173916033124954,18.951486170347454,5.681526212245637,58533.0,163278.28549890406, 0.0, 0.0,0.0,NaN, 102.61270503056656,102.61270503056656,0.0, 96.96251788800983, 9.79811297411405, 2.9466112385559904, 9.79811297411405, 137.71031333121067, -16.927072735943838, 2.9466112385559904, -16.927072735943838, 156.76573694612048, 7.78387381794321, 4.881488227289423, 13.0, 0.0
23, 0 ,1.0,1.0,1.0,81.88777780464801,22.826473362191965,40.419953568232934,13.128978225063118,11.617445492532346,13.33184589887072,70.0,49.0,68.0,-0.7043298627566175,0.3408216423509229,0.6227038240885179,14.938556787138218,0.3946264990815609,-0.5411817061843319,0.742557935190276,12.3870448596649,-0.5900757329799924,-0.7687411586461566,-0.24667318531103005,10.415078724593185,70.77618908387109,65.87072078128787,60.4751254006726,21.12675230945747,6.223629241223595,82702.0,281939.78730405524, 0.0, 0.0,0.0,NaN, 94.1298501347812,94.1298501347812,0.0, 172.37006923418153, -37.13355784292375, -37.12404066326355, -37.13355784292375, 134.9650397719601, 6.270462064493089, -37.12404066326355, 6.270462064493089, 177.73811507123602, 6.721038968707915, 4.46594803794691, 19.0, 0.0
24, 0 ,1.0,1.0,1.0,153.49404339932568,81.63866171003717,69.52585804443676,10.848984757479919,10.46102057840086,12.475906462287456,46.0,53.0,62.0,0.2960690965545011,0.05480851656524463,0.9535927414663549,12.629467560525269,0.7450451628363292,0.6114770321407434,-0.26646490293945985,11.003158650122238,0.597704605469616,-0.789361682422111,-0.1402046323205673,10.109832477513354,63.158457397288686,53.21490481894773,55.608703446414424,18.77842846743902,5.4911099204796665,57835.0,186899.256252901, 0.0, 0.0,0.0,NaN, 116.88250520058537,116.88250520058537,0.0, 117.70047026803161, 9.522287869959484, 12.431583956018116, 9.522287869959484, 109.43295154172624, -0.0786136178327892, 12.431583956018116, -0.0786136178327892, 155.6482420557459, 6.7122591266350105, 4.455257648233665, 18.0, 0.0
25, 0 ,1.0,1.0,1.0,136.3066617105178,117.50358782080289,122.91293878078739,10.118355528084372,12.112103638620761,12.330798070385596,51.0,62.0,61.0,0.31652073169989553,0.7573492460424891,0.5711713805181736,12.669062559550246,-0.2296843114159381,-0.5230224533481715,0.8207878108153449,12.163868654823629,-0.9203584864027438,0.3909854636844358,-0.008403790449411204,9.626417163640497,57.578718006637416,61.78652588267201,45.211435932469215,19.242365686887545,5.555548305086204,61876.0,160843.70490543963, 0.0, -1.4210854715202004E-14,0.0,40.7689327343264, 129.63377018475177,129.63377018475177,0.0, 102.38111859271558, 22.903927550266, 1.8404064036873438, 22.903927550266, 146.70305455269028, 5.608536873596214, 1.8404064036873438, 5.608536873596214, 152.04858105262514, 7.392243653698639, 4.612268017465327, 25.0, 0.0
26, 0 ,1.0,1.0,1.0,117.64013857102549,58.25304887606985,17.247797598520236,13.450886639899137,11.034238932416375,10.349728932662071,69.0,64.0,43.0,0.9739598561183147,-0.11768476395839729,0.19378466142098894,13.597392250919732,0.10733388748352174,0.9922179096503576,0.06311145986862889,10.99527483027085,-0.19970386893514536,-0.04066836732807383,0.9790119757343125,10.1986530766613,71.43904742798772,61.25482300064488,48.43712329990103,19.401791459560442,5.776517753489557,63794.0,211960.18339621634, 0.0, 0.0,0.0,NaN, 102.34281117869094,102.34281117869094,0.0, 180.92635139941711, -7.472015502273929, 15.3788865640849, -7.472015502273929, 121.75442881765326, -0.7871774247250621, 15.3788865640849, -0.7871774247250621, 107.11688897958236, 7.038229168847474, 4.728187032758363, 16.0, 0.0
27, 0 ,1.0,1.0,1.0,151.09043542984742,151.5360222056817,55.03805359136584,9.953066095211298,14.44087050206611,10.845173991958667,46.0,65.0,51.0,0.011024007853013202,-0.9782853558532919,0.2069691614078176,14.589513474370918,0.4204744588113548,-0.18325777550529493,-0.8886044211031972,10.826787742567998,-0.9072374004295428,-0.096821228250056,-0.4093237704091903,9.754323565859057,66.46655536226685,54.68489479508046,52.33992653419418,19.744982873381183,5.946067254822428,64488.0,190240.7991559267, 0.0, 0.0,0.0,NaN, 88.14811395155407,88.14811395155407,0.0, 99.06352469564469, -2.9702282828361084, -7.978506521288397, -2.9702282828361084, 208.5387408574431, -20.23836060186007, -7.978506521288397, -20.23836060186007, 117.61779891585671, 6.649645473858885, 4.547202173930206, 22.0, 0.0
28, 0 ,1.0,1.0,1.0,53.59774056315183,71.48740093621501,91.70179132933995,12.44535046368243,11.993677219115417,11.54171815537328,65.0,58.0,53.0,0.7277092628991711,-0.6259960895709112,0.28030006159948134,13.750185919737612,0.261549938441541,-0.12452087127614339,-0.9571239116843003,11.337143060417022,-0.63405903383831,-0.7698204001314579,-0.07311424723999241,10.69335652536516,64.07879921493424,54.13643104852618,55.83738885516614,19.950138745432348,5.825655621151612,70283.0,193699.7620866637, 0.0, 0.0,0.0,NaN, 128.03274901016496,128.03274901016496,0.0, 154.88674816388047, -34.49998151375618, 11.690608603262476, -34.49998151375618, 143.84829323632812, -11.420479543813851, 11.690608603262476, -11.420479543813851, 133.2112579780732, 7.4323938964907805, 4.563905595982508, 18.0, 0.0
29, 0 ,1.0,1.0,1.0,96.77327343940165,186.95521232103738,138.82069438605032,11.443980179148213,7.646613551495057,12.605665087376916,54.0,31.0,61.0,-0.1894574520116957,0.12223571345040579,-0.9742506372769307,12.722107734101908,0.9804355132347385,0.07751751841493691,-0.18093434921795348,11.403174848881065,-0.053404852451536894,0.9894692843621065,0.13453050597752686,7.513571162204365,61.0438558965446,52.43677564953129,34.28222417493879,17.805181767281567,5.595862371061075,45191.0,109735.44468914942, 0.0, 0.0,0.0,NaN, 115.23081347092658,115.23081347092658,0.0, 130.96468234073714, 3.1511828780365017, 6.4018683959078535, 3.1511828780365017, 58.47069880590785, -13.58367627542265, 6.4018683959078535, -13.58367627542265, 158.9027922951133, 7.244172504859685, 4.701416008297733, 12.0, 0.0
30, 0 ,1.0,1.0,1.0,46.38267491670633,121.63077106139933,145.25325737743933,11.409949290904336,10.656353186353435,13.452793070602294,55.0,56.0,62.0,0.2762917659927285,0.34604309601815175,0.896614206748249,13.90262841260792,-0.8159854748166921,-0.4084374744770088,0.4090801074740992,11.69043993031699,-0.5077701890942369,0.8446496345473758,-0.1695182288905471,9.735141750912288,64.73466268263022,59.19205959338205,51.55911945857926,19.757939307898408,5.860570088231818,67232.0,197563.1002217103, 0.0, 0.0,0.0,NaN, 106.25579704016418,106.25579704016418,0.0, 130.1869428210084, 23.38063008883133, 10.419460884597237, 23.38063008883133, 113.55786323230502, 23.564743888885825, 10.419460884597237, 23.564743888885825, 180.97764140044507, 6.95476986843293, 4.4183487094272955, 16.0, 0.0
31, 0 ,1.0,1.0,1.0,10.701596708625166,179.2086741440956,136.98924915511583,6.533847499427482,11.410781243174094,13.026296001913972,28.0,48.0,63.0,-0.03555762048772082,-0.06662226094300289,0.9971444880116891,13.038890521635333,-0.023728225270092856,-0.9974378884303282,-0.06748799929750537,11.405622303891981,0.9990858956820394,-0.026060181704868807,0.033885689881220815,6.517713792473448,63.51289701458927,49.65913152817376,29.39745498081055,17.62101604501509,5.664033262274678,40834.0,92719.4350349569, 0.0, 0.0,0.0,NaN, 67.20980676208292,67.20980676208292,0.0, 42.691163145774766, 2.37556189562142, -4.381495788923799, 2.37556189562142, 130.20592857957374, -2.5748981743336765, -4.381495788923799, -2.5748981743336765, 169.68438752947992, 7.403440730608939, 4.700013748495352, 12.0, 0.0
32, 0 ,1.0,1.0,1.0,51.63573278094252,10.370357327809424,121.70027964785085,12.602717569179532,6.9747215114528425,13.447232236250544,68.0,29.0,66.0,0.038124930793965214,0.03042782442046693,0.9988096100623947,13.452842108551202,0.9991438518453902,0.014907507492604895,-0.03859183255449975,12.602569520143128,0.016064027250723305,-0.9994257920032862,0.029833426003274544,6.964162964695498,66.69860589059728,68.50310577866544,29.7245927334173,18.732651288605922,6.114823039625728,48275.0,135813.49685724828, 0.0, 0.0,0.0,NaN, 94.36439698401146,94.36439698401146,0.0, 158.82849012850644, 1.796949427437151, 0.7907491995330441, 1.796949427437151, 48.64674016232303, 3.962790267759249, 0.7907491995330441, 3.962790267759249, 180.82805481565583, 6.629979469225482, 4.635969473963563, 16.0, 0.0
33, 0 ,1.0,1.0,1.0,9.485962479395065,22.00185771474921,178.1088725503022,6.310857649725754,12.927979466296614,11.452492297513409,25.0,51.0,52.0,-0.05975489930310398,0.9809583057516462,0.1847976038430572,13.004144036667071,-0.08810906919388736,0.1792226307938795,-0.97985511201254,11.417630274652259,-0.9943169232870688,-0.07483348841381343,0.07572189298186469,6.216841156540305,59.08395618164376,54.42777792449303,28.142441066997787,17.465860527561585,5.750032453169498,38219.0,90500.69967304186, 0.0, 0.0,0.0,NaN, 32.454378565603015,32.454378565603015,0.0, 39.82692427510206, -9.095358416914014, 6.4773780089284045, -9.095358416914014, 167.13265308098687, 7.54342787746732, 6.4773780089284045, 7.54342787746732, 131.15957982460395, 7.816358409261912, 4.833168011628951, 8.0, 0.0
34, 0 ,1.0,1.0,1.0,114.58746883877326,70.9074149226042,65.08933851237752,10.525911647544486,11.668225872934629,12.914044936904986,50.0,58.0,57.0,-0.31084723658514246,0.1349814014115622,0.9408262415453508,13.176495724649326,-0.16122042823490368,0.9680318966296214,-0.19215155640122283,11.704491464895344,-0.9366866973685142,-0.21141018986943094,-0.27914828065427244,10.153802619345376,58.66141299881837,55.35216811092994,49.064415418165254,19.57697873268913,5.518765384212557,68996.0,159313.9425099421, 0.0, 0.0,0.0,NaN, 128.68482411828037,128.68482411828037,0.0, 110.79481601191269, -8.248873109425672, -19.573861643025484, -8.248873109425672, 136.1474950218211, 2.650815908415857, -19.573861643025484, 2.650815908415857, 166.77255663240132, 7.532765433910142, 4.434804176247142, 18.0, 0.0
35, 0 ,1.0,1.0,1.0,189.57309477975315,10.365530517495188,45.874646132940775,6.100511007364495,6.766651621692062,10.511761929363345,25.0,29.0,48.0,-0.0516457981784794,0.06155153720807141,0.9967668332151864,10.534332389294251,0.40529526498329244,0.9134997973038724,-0.035410005759767084,6.898929734033212,-0.912725840388356,0.4021560997835388,-0.07212497275051193,5.9104616754255535,48.047156980981825,36.69469575791416,28.94226871662059,13.20252791910247,4.381119049426671,17662.0,51027.413786986945, 0.0, 0.0,7.105427357601002E-15,4.608597353847651, 48.17310176025281,48.17310176025281,0.0, 37.21623455097536, 4.446104637182295, -4.096091504791445, 4.446104637182295, 45.787574169347806, 4.255593056603663, -4.096091504791445, 4.255593056603663, 110.4971388596126, 8.69353324222971, 4.673462043424654, 6.0, 0.0
36, 0 ,1.0,1.0,1.0,121.37452414043145,152.47010393377244,163.48280862892017,11.71807164925548,11.839088881991223,11.163610189454042,63.0,54.0,60.0,-0.02963407379009124,0.8592916057533566,-0.51062682846911,12.184996870469245,0.9877373294324795,0.10351521890956158,0.11687415240205669,11.73972231682531,-0.15328662601870086,0.5009017226322184,0.8518219735061306,10.761421485349588,56.87199512665616,65.83047904715667,55.84619392070795,19.293489685648684,5.4648583645533995,66196.0,209083.16205564147, 0.0, 0.0,0.0,NaN, 98.8663832646975,98.8663832646975,0.0, 137.31320317708503, 1.4189102555125972, 3.0354886771377436, 1.4189102555125972, 140.1640255556882, -14.066764180968075, 3.0354886771377436, -14.066764180968075, 124.62619246208213, 7.383045650889408, 4.401193248723147, 19.0, 0.0
37, 0 ,1.0,1.0,1.0,172.1413462192881,104.69307833662288,124.45292316068877,11.33378921337181,12.136848450880832,13.372136695812848,52.0,60.0,62.0,0.2661478906941058,0.2114185734269739,-0.9404613161045925,13.491607570514272,0.478662047501382,0.8178735135871378,0.3193204660750934,12.639611834844196,-0.8366886783988794,0.5351496076638135,-0.11647726325941749,10.620199898872174,58.06140823035686,62.4349560047051,59.113344653472154,20.450169525319115,6.030130549997563,73465.0,214289.5079735345, 0.0, 0.0,0.0,NaN, 124.7672822753925,124.7672822753925,1.3486991523486091E-6, 128.4547779331432, 22.284245212720645, -10.150223291371475, 22.284245212720645, 147.30309031964845, -1.4988700547580447, -10.150223291371475, -1.4988700547580447, 178.81403981150456, 7.70087835115198, 4.702045994116837, 18.0, 0.0
38, 0 ,1.0,1.0,1.0,144.51381041068217,42.89655607815903,83.21312225764702,11.565412159480605,10.151306490422114,12.686392572002644,57.0,47.0,59.0,-0.1878566926345638,0.2196686933018943,-0.957316837946268,12.789722108847895,0.8909961842977427,-0.37204215104201394,-0.26021229297420667,11.883271315085524,0.41332270999700205,0.9018482705150958,0.1258333595262574,9.641743079061206,62.658198229211344,61.08996074852789,47.786444475046665,19.178105115374258,5.472898917008582,63358.0,182916.32474449114, 0.0, -7.105427357601002E-15,-1.4210854715202004E-14,51.52926508023827, 108.82672224400804,108.82672224400804,0.0, 133.75875841866184, -18.907911969575835, 1.5126427290089117, -18.907911969575835, 103.04902346248613, -10.178575660901245, 1.5126427290089117, -10.178575660901245, 160.94455649096386, 7.760454194552105, 4.478124278233811, 12.0, 0.0
39, 0 ,1.0,1.0,1.0,84.16378717748957,35.03770068588363,110.47145715900585,11.53315259655449,10.973851429279799,12.454714214764874,60.0,62.0,59.0,-0.5831665595074074,-0.04671482621436079,0.8110083161620818,13.4553479062758,-0.46998089634247386,0.8337037860212757,-0.28992404910064834,11.418484894592845,-0.6625969521099672,-0.5502324256035377,-0.508143244439035,9.855493169386227,62.31024297666267,57.01091642859929,48.241731254245906,19.401865047981428,5.668029890418034,65463.0,171372.19205798546, 0.0, 0.0,0.0,NaN, 127.77536352772803,127.77536352772803,0.0, 133.0136088154116, -10.742514500619352, -35.1574013360047, -10.742514500619352, 120.42541519190628, -11.216374994553204, -35.1574013360047, -11.216374994553204, 155.1199061714662, 6.376718040695422, 4.187905671537397, 19.0, 0.0
40, 0 ,1.0,1.0,1.0,16.620561347839228,71.89995089150801,169.88793819885163,10.000848461395998,11.734926675415172,10.838199621874256,41.0,60.0,59.0,0.05450759912560709,-0.8366144888517246,0.5450734984210206,12.347056395374539,-0.5112585297004075,-0.4922846932178673,-0.7044646879950536,10.224794250540754,-0.8576967048124525,0.2402747965700083,0.45455955020998245,9.909380705791964,58.296954842538,52.2981047493366,51.815599177100296,18.10152629468996,5.246598028385034,52944.0,157976.4480848213, 0.0, 0.0,0.0,NaN, 79.70308816874494,79.70308816874494,0.0, 100.0169699478067, -0.8757344843701925, 3.899172530914492, -0.8757344843701925, 137.70850407737058, -22.538334681185457, 3.899172530914492, -22.538334681185457, 117.46657104359528, 7.387419632444905, 4.562347107977803, 12.0, 0.0
41, 0 ,1.0,1.0,1.0,186.22137275844622,116.0132104109281,65.23435831131599,8.902107933869827,11.56903840871228,9.50991139611368,36.0,51.0,51.0,0.021231749555625037,0.9612002881484818,-0.2750331232307896,11.729072459557102,0.5985016461132129,-0.23257661814048808,-0.7666184815761407,9.810378933133077,-0.8008401790685711,-0.14833112538374782,-0.5802179632102142,8.34948588580511,51.774377214199035,48.853661712795905,42.400780509991364,16.620372433792795,5.224156419220505,35578.0,107247.17357300376, 0.0, 1.4210854715202004E-14,0.0,16.01275966918972, 107.23410324346395,107.23410324346395,0.0, 79.2475256662681, -2.3080287030319124, -12.56863247118796, -2.3080287030319124, 133.84264970226, -13.208700556701281, -12.56863247118796, -13.208700556701281, 90.43841476193285, 7.692818572886397, 4.821505086543592, 9.0, 0.0
42, 0 ,1.0,1.0,1.0,165.676600122159,93.2379207252387,190.19866910984666,10.66047946363545,13.698410525247505,5.114619075069274,47.0,63.0,21.0,-0.2851726532719171,-0.9581891199635166,-0.023455664761341217,13.965334585998857,0.955906510491613,-0.2825321793395766,-0.0801143609933741,10.338131803182147,0.07013772897380037,-0.04526784754293944,0.996509669272319,5.05411340563361,62.73226994181984,46.53800359298515,23.065197330356256,17.09611167051321,5.930815065841038,31107.0,67337.33523314321, 0.0, 0.0,2.8421709430404007E-14,88.65596614350173, 99.8372261611787,99.8372261611787,0.0, 113.64582239459318, 24.346143392030722, -5.094942898863336, 24.346143392030722, 187.64645091821163, 5.65016394760095, -5.094942898863336, 5.65016394760095, 26.15932828306247, 7.389770234704542, 4.545535806056242, 11.0, 0.0
43, 0 ,1.0,1.0,1.0,120.69390787518573,8.053882849769296,164.4726675529835,11.241092527527673,5.823992806668854,10.737747695201648,57.0,25.0,51.0,-0.9358974886328816,0.19926573578332266,-0.29049794717587224,11.485576466762797,0.2909535597035388,-0.027658141679242992,-0.956337311462169,10.670615500079364,-0.19859989140607348,-0.979555099900757,-0.03209188981524661,5.458917206368669,57.08180189296269,47.71951900515961,27.86507565142217,15.708710149705594,5.368119263103047,25574.0,75902.12903838103, 1.4210854715202004E-14, 0.0,0.0,20.6263724725828, 87.27263390014173,87.27263390014173,0.0, 126.36216121243848, -19.720818215844417, 4.3733495583309585, -19.720818215844417, 33.91889221213055, -3.687781961680259, 4.3733495583309585, -3.687781961680259, 115.29922556580831, 7.307026280063847, 4.402995289070092, 10.0, 0.0
44, 0 ,1.0,1.0,1.0,81.80188158092975,105.17372817516782,75.20434571538577,11.722974499527067,10.809580486746372,11.160135033024194,59.0,58.0,53.0,-0.9087671419955453,-0.4172332677247887,-0.0076604133663479325,11.955705184581056,0.037086016531962224,-0.09903336159283349,0.9943927899323355,11.166818778415976,0.4156523896322978,-0.9033873995110389,-0.10547178484145692,10.544526887477772,57.991353671235174,53.76649961036044,54.04130493964599,18.717563795024308,5.336345280300477,59737.0,168500.3615819948, 0.0, 0.0,0.0,NaN, 146.07964701783982,146.07964701783982,0.0, 137.4281311165619, 11.989655874133486, 0.7192934285549979, 11.989655874133486, 116.84703029944794, -1.229032255290065, 0.7192934285549979, -1.229032255290065, 124.5486139553339, 6.212013852585407, 4.041703710236528, 18.0, 0.0
45, 0 ,1.0,1.0,1.0,49.31287241085784,182.38726945994514,161.7637756549702,11.652562832610865,9.875613836584282,11.410048180332486,52.0,43.0,50.0,-0.7829818186405377,0.1698436539753025,0.5984083930583478,12.200542336953324,0.5575567778602459,-0.23491855836999326,0.7962058216287198,10.958750982565421,-0.2758077430756011,-0.9570613377091782,-0.08923947961447042,9.72377047657536,63.46189087033361,57.01408397453409,46.72667464569241,18.261092614876546,5.480115437260018,52865.0,169067.4623433818, 0.0, 0.0,0.0,NaN, 64.83807920234509,64.83807920234509,0.0, 135.78222056794414, -10.56682941203996, -14.103506087831452, -10.56682941203996, 97.52774864933491, 0.7414209971777295, -14.103506087831452, 0.7414209971777295, 130.18919947750868, 7.056580216698803, 4.476190879657619, 10.0, 0.0
46, 0 ,1.0,1.0,1.0,178.17210032373043,155.5326019423825,88.5211242274615,12.55224357410109,9.242932205261821,12.719400656506055,52.0,41.0,57.0,0.4698020475389638,0.13335466496440196,-0.8726411458672052,12.83377712744993,-0.8793630518450876,-0.01609118799852035,-0.47587991838119226,12.493615895895195,0.07750263981240421,-0.9909377412335396,-0.10970749209183644,9.16392350710835,63.073119432216515,59.318183762866255,42.56740708354174,19.298928356276978,5.6855194885421,61162.0,159260.9684904997, 0.0, 0.0,0.0,NaN, 101.43863232903706,101.43863232903706,1.3486991523486091E-6, 157.55881874356209, 6.0780522539236985, -2.9188933262199783, 6.0780522539236985, 85.43179575106616, -8.842216109832192, -2.9188933262199783, -8.842216109832192, 161.78315306072665, 7.624823490966528, 4.608009539556683, 10.0, 0.0
47, 0 ,1.0,1.0,1.0,115.48980302937137,154.00676381971346,62.28106745372932,9.514350602552316,11.605137040180043,10.407981163587502,45.0,53.0,50.0,-0.16347129445383363,-0.954395859415713,0.2498112876147317,11.76734286323741,-0.2970724982313506,-0.19384379609680685,-0.9349719319366562,10.377621367297792,-0.9407577088093256,0.22705313528978588,0.2518368659884928,9.34680489297057,56.175347813918094,52.08590661980949,45.40870558936756,17.548908683571536,5.056080401547449,48789.0,132863.326060211, -1.4210854715202004E-14, 0.0,-7.105427357601002E-15,86.73935366986338, 114.6136227920837,114.6136227920837,NaN, 90.52286738828762, 9.144466273141687, 3.5602970148645654, 9.144466273141687, 134.6792057213588, -8.500025666845572, 3.5602970148645654, -8.500025666845572, 108.32607190159226, 6.307761260176441, 4.052306108216332, 16.0, 0.0
48, 0 ,1.0,1.0,1.0,99.23410939066503,158.14610671716608,15.255029519884149,11.378180113741406,10.432178126996305,9.671505166654086,51.0,51.0,41.0,-0.8541594063843437,0.00446323167194955,0.5199921038325379,12.27027068166292,0.0955434999855432,0.9842868713993906,0.14849509891343957,10.489932967199747,0.5111586330051159,-0.1765203511038945,0.8411643225615906,8.43997032608033,59.61047323765901,52.67009552396951,49.477087314005104,17.44496694344841,5.244469821131116,44885.0,155342.6826074953, 0.0, 0.0,0.0,NaN, 108.77441231807167,108.77441231807167,0.0, 129.4629827007404, 3.3469468779329046, -34.68276373387342, 3.3469468779329046, 108.83034047338013, 5.855999028820169, -34.68276373387342, 5.855999028820169, 93.53801218861666, 7.473772416700297, 4.36306323421629, 13.0, 0.0
49, 0 ,1.0,1.0,1.0,95.57246572567028,8.868069156480043,133.6014047410009,11.261706258083196,5.9282293387594125,10.747089459095008,54.0,24.0,54.0,-0.828812776897857,0.021734483354220624,0.5591037408962563,11.659841537230216,0.5583256780597851,0.0975439170954165,0.8238674780914488,10.349581858337533,0.03663083496105935,-0.9949938675544728,0.09298056495337086,5.865501978715937,60.069035790225406,50.500334231837144,26.145210260047865,15.843659930060532,5.142791343100256,29614.0,79311.66224508904, 0.0, 0.0,0.0,NaN, 116.71123471121757,116.71123471121757,NaN, 126.82602784335023, 2.1306011882958646, -13.610981784770257, 2.1306011882958646, 35.14390309292786, 7.077182694774447, -13.610981784770257, 7.077182694774447, 115.49993184179102, 6.483518887904217, 4.138003205907924, 9.0, 0.0
