// Sample: .//bubblelabels.tif, Map: .//bubblelabels.tif, Thickness:(8.191250068658265):/gpfs/home/mader/Foam/NewValid/InSilicoTest/LatticeDataPhi_16.0/out_Step_02000.vtk/distmap.tif, Neighbors:(1.0):
//LACUNA_NUMBER, TRIANGLES, SCALE_X, SCALE_Y, SCALE_Z, POS_X, POS_Y, POS_Z , STD_X, STD_Y, STD_Z,PROJ_X, PROJ_Y, PROJ_Z, PCA1_X, PCA1_Y, PCA1_Z, PCA1_S, PCA2_X, PCA2_Y, PCA2_Z, PCA2_S, PCA3_X, PCA3_Y, PCA3_Z, PCA3_S,PROJ_PCA1, PROJ_PCA2, PROJ_PCA3,OBJ_RADIUS, OBJ_RADIUS_STD, VOLUME, VOLUME_BOX, Mask_Grad_X,Mask_Grad_Y,Mask_Grad_Z,Mask_Angle, Mask_Distance_Mean,Mask_Distance_COV, Mask_Distance_STD, SHAPET_XX, SHAPET_XY, SHAPET_XZ, SHAPET_YX, SHAPET_YY, SHAPET_YZ, SHAPET_ZX, SHAPET_ZY, SHAPET_ZZ, Thickness, Thickness_STD, Neighbors, Neighbors_STD
1, 0 ,1.0,1.0,1.0,169.86618178416492,65.10193056513758,165.71135069399782,13.041943506201315,13.210242690722769,13.380443092250156,59.0,65.0,64.0,-0.3442756615497819,-0.6779694570471321,0.6494857074452656,14.74382924912033,-0.8653313106266796,-0.03924985867802757,-0.4996610565602129,12.973084577759838,0.3642471574543492,-0.7340414592548383,-0.5731554277693396,11.745536825652525,76.02958744933518,62.89903793148335,67.35133628033125,21.794596679518417,6.9738522560206455,85519.0,322086.74573803064, 2.8421709430404007E-14, 0.0,0.0,69.86241426623211, 79.51113025736078,79.51113025736078,0.0, 170.09229041894667, 19.56854609370362, -4.639522242517932, 19.56854609370362, 174.51051194779436, -34.37730614249042, -4.639522242517932, -34.37730614249042, 179.0362573449449, 5.9328656913053655, 4.068872431585837, 35.0, 0.0
2, 0 ,1.0,1.0,1.0,170.1634326865373,40.04862972594519,12.090438087617523,14.656686487428585,11.070420338181581,8.246854231102688,65.0,60.0,31.0,0.939219917886208,0.33420706984928167,0.07855940623873442,15.131016298153275,0.3405257501508603,-0.9359839893258535,-0.08930949115213914,10.47713530906249,0.043682483102714165,0.11063275368722236,-0.9929009187635813,8.164879145735613,73.57075668616574,63.02897076034838,35.18806085055522,19.010312820154887,6.632591985318412,49990.0,163170.17243459512, 0.0, 0.0,0.0,NaN, 51.383773558655314,51.383773558655314,NaN, 214.8184587907717, 37.20071404558968, 10.663015019487164, 37.20071404558968, 122.55420646402439, 7.863995699319826, 10.663015019487164, 7.863995699319826, 68.01060470905631, 6.197033647487321, 4.076468902764862, 15.0, 0.0
3, 0 ,1.0,1.0,1.0,9.293683566567255,30.31119522826336,135.06324080446586,6.099952602512229,10.464435197045587,10.476911402877795,23.0,50.0,53.0,0.049819981319409484,-0.7038600491057616,0.7085894444134552,11.511917120386247,-0.008440828744505456,-0.7097418427926465,-0.7044112924984978,9.326659433920025,-0.9987225449900684,-0.029112675282998005,0.041300487484133834,6.08018801574767,62.92510472180917,43.9404773975902,25.16763773319484,15.179537811154448,5.10501029671298,26154.0,69587.49002714393, 0.0, 0.0,0.0,NaN, 72.26287985695122,72.26287985695122,0.0, 37.20942175289571, -3.0511313966616855, 3.6706908075589952, -3.0511313966616855, 109.50440399316652, -22.651667695478448, 3.6706908075589952, -22.651667695478448, 109.76567254375075, 6.289297158471569, 4.115234323378738, 11.0, 0.0
4, 0 ,1.0,1.0,1.0,59.18504020562643,74.13382224632726,142.27424717617376,9.762633115161664,9.98290986490969,10.53363861696501,49.0,56.0,55.0,-0.5959627368017298,0.3994010183315858,0.6966399664815993,11.423086839720977,0.1679768578955561,-0.786334662109822,0.5945263445602453,10.03172485988745,-0.785246580097824,-0.4713349400588967,-0.4015360291734079,8.648850826132245,55.741723165003634,54.13222880018919,47.22792547747895,16.792696771666144,4.8918679826678675,42407.0,142506.662208318, -7.105427357601002E-15, 0.0,0.0,53.41870610758964, 111.04483384682578,111.04483384682578,0.0, 95.30900534125114, -16.66659049607206, -20.53868506594269, -16.66659049607206, 99.6584893709112, 3.4167389175187908, -20.53868506594269, 3.4167389175187908, 110.95754251281654, 5.9588271854402075, 3.864006626017735, 21.0, 0.0
5, 0 ,1.0,1.0,1.0,28.717351006414148,107.02235929067078,174.19910103512197,12.429003391049108,12.083426463675071,10.135968062599524,58.0,57.0,51.0,-0.8172447367114128,0.5762804722648379,-0.003443487143748976,12.761040831847081,0.5758742572315335,0.8164123762786731,-0.04289139444037094,11.73500441207229,-0.02190616752248124,-0.03703578195779908,-0.9990738064223539,10.132752701036685,66.11045172327682,56.13622498848282,51.606325616649315,19.2174785102122,5.823717770748213,60959.0,191520.94108144304, 3.552713678800501E-15, 0.0,0.0,35.190075122642405, 100.67380149817804,100.67380149817804,0.0, 154.48012529471023, -11.865512056000721, -0.6960988396273248, -11.865512056000721, 146.00919510304303, -1.3463208830667885, -0.6960988396273248, -1.3463208830667885, 102.73784856603754, 5.9871518388509095, 3.7393799292560916, 23.0, 0.0
6, 0 ,1.0,1.0,1.0,135.90976938313526,16.098277447651387,179.990980475382,14.514382419940059,9.989346752042536,9.667038722559239,76.0,41.0,39.0,0.9797849283604937,0.19149503649608418,0.05788907630102144,14.677353804715512,-0.19303210786030112,0.828958270686779,0.524944559734639,9.844955596129443,0.05253664904265585,-0.5255072182733063,0.8491655103983085,9.568600620242757,75.62125985109765,54.06706084329151,48.83232252221232,19.065110311302504,6.358266434030916,56544.0,199656.77424864945, 0.0, 0.0,0.0,NaN, 69.04399365361924,69.04399365361924,NaN, 210.66729703226503, 22.381851505693184, 6.481925268558995, 22.381851505693184, 99.78704853254277, 3.707751865773618, 6.481925268558995, 3.707751865773618, 93.45163766345975, 6.040108157651226, 3.933344241724861, 14.0, 0.0
7, 0 ,1.0,1.0,1.0,185.12877180270172,155.18047720097303,91.08886703586771,8.3961569400218,10.751879014119199,10.245196448662849,32.0,54.0,51.0,0.2051584428180338,0.8193572588540766,0.5353164444546918,11.34368509436979,-0.1928532613673638,-0.5023848260806205,0.842862447914199,9.775483461846528,-0.9595403237594815,0.27615786950054194,-0.05494723098092319,8.174541915872997,54.54034885269246,48.25260563873499,38.55187031206819,16.36322579800986,4.82775780779891,38642.0,101457.49469021805, 0.0, 0.0,0.0,NaN, 102.60177751826039,102.60177751826039,0.0, 70.49545136147623, 13.182106139639492, 2.1221675283246793, 13.182106139639492, 115.60290233425683, 14.962611699494383, 2.1221675283246793, 14.962611699494383, 104.96405027169386, 6.161137609967447, 4.068582171547616, 18.0, 0.0
8, 0 ,1.0,1.0,1.0,79.33032706726068,146.6679615342823,44.85393349994567,9.635257330356197,8.903988361550434,10.394081663151924,45.0,40.0,48.0,-0.5874936027735644,-0.10044248644860958,0.8029710913950505,11.22936289865916,0.11334355779759764,-0.9926992896251866,-0.04124752457338835,8.878063155431214,0.8012518359454287,0.06677894349022392,0.5945889909007814,8.673956979572322,54.042399415596854,40.62477052419395,42.558759944071795,16.08646972480614,4.624026165363546,36812.0,93436.05829171605, 0.0, 0.0,0.0,NaN, 105.59110980534722,105.59110980534722,0.0, 92.83818382218284, 2.5981904743868225, -24.00996499400574, 2.5981904743868225, 79.28100874262559, -3.955377888464754, -24.00996499400574, -3.955377888464754, 108.03693362027109, 5.983949576868942, 3.943104298559669, 15.0, 0.0
9, 0 ,1.0,1.0,1.0,153.1894681666062,10.751340671747107,87.3450667311802,9.49056538785745,6.825766312990247,9.590487856038976,48.0,26.0,46.0,-0.6340092137105797,-0.043554239885780194,0.7720980152273829,9.759271711069875,0.7675696954736458,0.08614489815766868,0.6351502334974766,9.33821569510537,0.09417579052275954,-0.9953301385517154,0.021185744500407062,6.796596042047838,48.36097034841822,49.478317282493094,27.891533999260375,14.417481957990946,4.558024621322409,24801.0,66739.40462506654, 0.0, 0.0,0.0,NaN, 99.67937549483072,99.67937549483072,0.0, 90.07083138119782, 4.0660235548348975, -4.018082680932838, 4.0660235548348975, 46.59108575955246, 0.5943319435179022, -4.018082680932838, 0.5943319435179022, 91.97745731683109, 6.320976910523929, 4.057881752652168, 15.0, 0.0
10, 0 ,1.0,1.0,1.0,98.90930622944788,90.87180076804562,12.937383585899234,11.271705978430852,11.333212336818494,8.36735949048119,59.0,54.0,33.0,0.66751610078283,0.7372577262456044,0.10427511825382785,11.519307437700677,0.7370360115355193,-0.6741325570934453,0.048199721643042454,11.118249931812066,-0.10583086929389487,-0.04468042701021445,0.9933798299475805,8.318403511975683,57.56774859405189,57.79468459097901,36.29270424908506,17.241000312784134,5.315418195505253,43487.0,120749.8146107008, 0.0, 0.0,0.0,NaN, 134.9374333817965,134.9374333817965,0.0, 127.0513556641938, 4.21071543746802, 6.353094967755832, 4.21071543746802, 128.44170187141492, 3.113365223892169, 6.353094967755832, 3.113365223892169, 70.01270484294565, 6.123492581560417, 3.8487900643409585, 13.0, 0.0
11, 0 ,1.0,1.0,1.0,154.6183574879227,9.853550914831299,39.883449351439765,10.23321195069321,6.254849147115817,9.695581165991383,47.0,24.0,48.0,-0.9774046769777008,0.008776147971620482,0.2111944048711919,10.25905851816391,-0.21120966178608136,-8.390284086697941E-4,-0.9774404200766096,9.668493728030091,-0.008400963654596036,-0.9999611368738837,0.0026736775356215807,6.254438918020059,52.775226105574646,49.2337342160548,24.251870216908053,14.729398354907996,4.570654540626244,26289.0,63014.154715114135, 0.0, 0.0,0.0,NaN, 61.21499387318449,61.21499387318449,0.0, 104.71862682781035, -0.5576219586708381, -2.4280631692725043, -0.5576219586708381, 39.123137853175464, 0.1671528016677802, -2.4280631692725043, 0.1671528016677802, 94.00429414632684, 5.836320816030825, 3.8749801339845096, 13.0, 0.0
12, 0 ,1.0,1.0,1.0,188.52564839290503,59.12956365168755,92.90261655748381,6.997803899140883,9.505857705538096,9.59299787433638,28.0,46.0,54.0,0.16643654444509431,-0.6519844895507104,0.739739888108297,9.833349863690312,0.047063502199387985,-0.7440960512135149,-0.6664128550149543,9.334995945569343,-0.9849283747734678,-0.14573020261343844,0.09316010204128064,6.89342291610324,51.59890742521193,45.49196506953173,29.902347340529104,14.548821329639305,4.43711575959191,26103.0,70190.84725320134, -2.8421709430404007E-14, 0.0,0.0,80.41930357265204, 110.71974623195754,110.71974623195754,NaN, 48.96925941083135, -6.723814996927839, 4.81175336991019, -6.723814996927839, 90.361330717938, -4.069288939869406, 4.81175336991019, -4.069288939869406, 92.02560821702231, 6.135933557294436, 3.9439529069051074, 11.0, 0.0
13, 0 ,1.0,1.0,1.0,71.89257577616885,187.36971407534668,26.024493802920603,11.05419974692725,7.381208171409238,12.718911487105172,54.0,29.0,55.0,-0.4101440572787402,0.0482396051044755,0.9107440874242873,13.11035852698188,0.9079862491011361,-0.07222715391214389,0.4127277670341567,10.614407596312827,-0.08569027787434857,-0.9962209487543996,0.01417736014571001,7.341738636371563,60.94155177429148,51.67278770979933,31.01848710059059,17.499699063205384,5.675280453741932,40745.0,97677.83214075293, 0.0, 0.0,0.0,NaN, 77.49413430685532,77.49413430685532,0.0, 122.19533204496648, -6.188115388199973, -22.047878037172932, -6.188115388199973, 54.482234069678505, 3.4315627770967505, -22.047878037172932, 3.4315627770967505, 161.77070941681592, 5.598199532004657, 3.7068097706886585, 12.0, 0.0
14, 0 ,1.0,1.0,1.0,185.50049952676412,149.01559049321696,34.1647123777474,8.46624040458382,11.684867017931946,9.08603477284809,36.0,59.0,47.0,-0.20128021898687964,0.9795330681136424,-0.0011144130601514356,11.806597902854204,-0.030027909642611327,-0.005033140772393107,0.9995363886004653,9.086732050564024,-0.9790733364192334,-0.20122036667753138,-0.030426402138125357,8.294873013490765,61.24554042054321,47.027857931978815,40.326237634017616,16.321022017312863,4.938988967265277,38036.0,116149.5077822278, 0.0, 0.0,0.0,NaN, 63.062453953068804,63.062453953068804,0.0, 71.67722658820759, -13.915653491938652, -0.3972717829207787, -13.915653491938652, 136.53611722675382, -0.14630020086245654, -0.3972717829207787, -0.14630020086245654, 82.55602789340462, 5.968534951397474, 3.9102608244579304, 17.0, 0.0
15, 0 ,1.0,1.0,1.0,152.56049161438997,109.9859599709811,10.19920624759954,10.218382122975237,9.530090076062757,5.82221455070184,51.0,49.0,24.0,0.9088504234554391,0.41414111336883286,0.049779975918968655,10.402170580166288,0.4139752024207746,-0.910179201641449,0.014083773642516397,9.339594960796083,-0.05114136843640378,-0.007807631968704759,0.9986609040697914,5.805423803031912,48.249144303957365,42.57115618925469,25.375613596708536,14.47654667876465,4.4233164708127815,23433.0,52122.064991903484, 0.0, 0.0,0.0,NaN, 102.25975829374552,102.25975829374552,0.0, 104.41533321113991, 7.874254331119961, 3.6827390920508685, 7.874254331119961, 90.82261685786985, 0.849807487537229, 3.6827390920508685, 0.849807487537229, 33.898182274404235, 6.079770652776399, 3.940564469294168, 17.0, 0.0
16, 0 ,1.0,1.0,1.0,11.449040190707207,46.704571117895526,14.439797582702521,7.053526317425599,9.293073672553291,8.79547745132023,27.0,46.0,38.0,-0.1810093675071627,-0.8602876967697148,0.47659279019023704,9.563169554061925,0.040837143769035106,-0.490754313429571,-0.8703404687471779,8.586262044503266,-0.9826331647992773,0.13807708947152997,-0.12396282023101547,6.9495156359408865,48.79402345831355,40.965843971034936,30.5664977739175,13.996188385793156,4.192920946093746,23911.0,61099.01635292338, 0.0, 0.0,0.0,NaN, 50.208617176978805,50.208617176978805,0.0, 49.75223351061554, 6.211033411699867, -4.6269543994595415, 6.211033411699867, 86.36121828350312, -6.834313490685946, -4.6269543994595415, -6.834313490685946, 77.36042359668261, 7.232308329955223, 4.15024271831467, 11.0, 0.0
17, 0 ,1.0,1.0,1.0,62.15531064884971,12.060586857693897,104.9102631216421,10.549077132502875,7.3360254059011565,11.924454224020964,50.0,28.0,56.0,0.3445627647068631,0.1509347072232704,0.9265501688160167,12.278655552104413,-0.9309314485255616,0.1821621574535665,0.31651790871601787,10.340030336540813,-0.12100883985751798,-0.9716149764939238,0.20327616222530825,7.043528669387592,60.37360801989507,51.05031853215635,34.924929219003246,16.665445393345845,5.436527888799901,36295.0,107641.8421647272, 0.0, 0.0,0.0,NaN, 114.24009128498773,114.24009128498773,0.0, 111.28302834749508, -4.457129855815381, 15.408647107957155, -4.457129855815381, 53.817268756027225, 17.450319090660347, 15.408647107957155, 17.450319090660347, 142.19260854077143, 5.593794315051632, 3.693534943658738, 17.0, 0.0
18, 0 ,1.0,1.0,1.0,191.68453484567564,134.686934234922,118.66310393717963,4.886150854784876,9.747934752907156,9.725619158620647,19.0,47.0,46.0,0.03389994214473463,0.709741552736684,0.7036460205540166,10.86046988410331,0.01141266421058711,-0.7042796882282923,0.7098308755222433,8.471988623827624,-0.9993600677524594,0.016032749857051613,0.03197508270233535,4.8744202522350655,49.131722876029954,45.28732748076233,20.139758017686717,13.879986782359708,4.56402640907045,18338.0,44811.85626952115, 0.0, 0.0,0.0,NaN, 104.64527787482926,104.64527787482926,0.0, 23.874470175714983, 1.880298535774019, 2.635732155992148, 1.880298535774019, 95.02223194693511, 23.035602557713393, 2.635732155992148, 23.035602557713393, 94.587668018529, 6.138672384247874, 3.8508489024273884, 7.0, 0.0
19, 0 ,1.0,1.0,1.0,11.653757442471706,153.38164458509897,188.09075792522663,7.310721976067754,9.987960350843284,6.082001631842632,29.0,56.0,23.0,0.1016356644498083,0.9943967003156504,0.02907566187025712,10.014790000364648,0.9928445107173023,-0.10323209698270029,0.060024259188059155,7.281604389395834,-0.06268946682152395,-0.022767005817671382,0.997773368153175,6.072805809182572,56.67349620030423,31.310935407559022,24.40154750238935,13.122015020440363,4.24375699521576,18643.0,43300.55040716439, 0.0, 0.0,0.0,NaN, 49.50667804360892,49.50667804360892,0.0, 53.446655811359996, 4.754788166969623, 1.149431014715336, 4.754788166969623, 99.75935197001752, 1.7335330881302793, 1.149431014715336, 1.7335330881302793, 36.99074384973644, 6.179682038816741, 4.068591255345395, 8.0, 0.0
20, 0 ,1.0,1.0,1.0,120.54143820756578,10.010295451855942,146.53039327837166,11.105456284641797,6.499564751153932,9.349469538262284,52.0,26.0,45.0,-0.8653957810831999,-0.16982844158847538,0.4714323307867505,11.931136232379437,-0.46033061677984266,-0.1022252949429518,-0.8818422264378796,8.468629325576755,-0.19795420010317505,0.9801572779413806,-0.010288107700433905,6.238460342248804,57.66560214753831,39.711363642549486,28.608855227073086,15.047994259037813,5.152276261165661,25351.0,65513.6976114635, 0.0, 0.0,0.0,NaN, 96.29573147404376,96.29573147404376,NaN, 123.33115929008996, 16.74496803391673, -28.883877485658697, 16.74496803391673, 42.244341954442675, -5.324422415118, -28.883877485658697, -5.324422415118, 87.41258064689437, 5.659166345979179, 3.7278937406662758, 9.0, 0.0
21, 0 ,1.0,1.0,1.0,57.847900678383404,150.00492417297468,21.259750124413944,8.541138102188429,10.325544023422793,11.12143874691279,41.0,49.0,46.0,-0.42850217012432956,0.16676833657307344,0.8880170111632943,11.886617588012902,0.17565613104803735,0.979443107747566,-0.09917722677623417,10.30997736843821,0.886301762281885,-0.11348797558525658,0.4489873779668927,7.461031312108562,53.6075893258562,45.639077154555764,39.44950687930358,16.643788269446972,5.122363839428388,38179.0,96517.19924503549, 0.0, 0.0,0.0,NaN, 79.35908388583276,79.35908388583276,0.0, 72.95104008065496, 2.5916235279201887, -33.4636745600333, 2.5916235279201887, 106.61685937964216, 7.7624392199011245, -33.4636745600333, 7.7624392199011245, 123.68639980133314, 5.519845796075098, 3.659598067969294, 13.0, 0.0
22, 0 ,1.0,1.0,1.0,139.67427487123882,36.33968555164001,35.309785849823804,8.742433644285791,8.987778817749199,11.179013281994829,39.0,45.0,57.0,0.21607054861908107,0.40919746528969714,0.8864936279635275,11.790204204072555,-0.8210764723290357,-0.41515966230650897,0.39175997930014783,8.710951416350703,-0.5283435857537744,0.8125268544448444,-0.24627863528696764,8.20311296452668,58.477268514531254,41.74631840309378,41.47445292818752,16.085993106222027,4.839574139025068,36890.0,101247.8770518445, 0.0, 0.0,0.0,NaN, 78.78164021561965,78.78164021561965,0.0, 76.43014602474014, 9.268979712347747, 10.974231140457814, 9.268979712347747, 80.7801680767812, 24.618679141118545, 10.974231140457814, 24.618679141118545, 124.97033795901677, 5.476547769876992, 3.526499767685224, 16.0, 0.0
23, 0 ,1.0,1.0,1.0,71.07850516366183,63.86845790302818,46.77974210864111,9.097814249939223,9.25432057407374,9.586824369788783,42.0,39.0,51.0,0.464420444607989,0.5779969556944463,0.6709941652787085,10.022586546581786,-0.4844853769511302,-0.4684144205706928,0.7388246409818394,9.218509364484332,-0.7413417364148867,0.6682121293491878,-0.062489839493994705,8.65371128039816,54.427618765121835,48.09418086691877,44.45803644612217,15.512435956472448,4.436688585830784,34278.0,116375.65650665473, 0.0, 0.0,0.0,NaN, 106.3939757832301,106.3939757832301,0.0, 82.77022412639718, 9.153421430157897, 4.353600384667906, 9.153421430157897, 85.6424492877245, 6.421782401769728, 4.353600384667906, 6.421782401769728, 91.90720149717608, 5.630190393859367, 3.6123296133452674, 23.0, 0.0
24, 0 ,1.0,1.0,1.0,8.511539571112607,19.16213097413213,55.21131839599961,5.363911969419409,10.353570749731805,9.61604026561453,21.0,42.0,45.0,0.005159282000453118,0.9478471012439944,0.3186836275565412,10.44324165003047,-0.059136011337274794,0.3184193248381284,-0.9461036231474584,9.530124481982122,-0.9982366022002788,-0.013964463218719305,0.05769471201640172,5.3433735104610225,44.72041880043153,44.381078325836924,21.846239191533968,14.362800911908453,4.705970594912832,20798.0,43359.11372004898, 0.0, 0.0,7.105427357601002E-15,71.416665070605, 59.05864245277616,59.05864245277616,9.5367431640625E-7, 28.771551615680796, -0.7788687101544043, 3.616395018028681, -0.7788687101544043, 107.196427269702, 5.559209268616703, 3.616395018028681, 5.559209268616703, 92.46823038991995, 5.510971343827392, 3.7771198437823674, 12.0, 0.0
25, 0 ,1.0,1.0,1.0,92.17735240541106,126.70690118553469,77.17066324245229,8.968807334526497,8.183618267091475,10.291727753577781,43.0,39.0,48.0,-0.10507088872093098,-0.10408244458019751,0.9890030096382944,10.325350784341367,0.9880309256402066,0.10201716801159552,0.1157038781089523,8.962536988448262,-0.1129380286792324,0.98932266837524,0.09211763955369713,8.148057131003108,46.83875379789035,42.661990718357345,39.44544751781716,15.339080672835287,4.247749664393415,33487.0,78821.25330065278, 0.0, 0.0,0.0,NaN, 140.79720840832852,140.79720840832852,0.0, 80.4395050038563, 1.8445878657123769, -2.586513243853609, 1.8445878657123769, 66.97160794147327, -3.9758694500949208, -2.586513243853609, -3.9758694500949208, 105.91966015376318, 5.758234590766329, 3.62490215413434, 19.0, 0.0
26, 0 ,1.0,1.0,1.0,66.47515968772178,191.09297374024132,73.09742922482454,11.606483811631026,5.572056918923679,10.029198466212156,66.0,21.0,46.0,-0.98126320767789,0.0025861395636658374,0.19265468886028964,11.665141435167572,-0.1925207137000946,-0.05278360897899019,-0.9798722699513233,9.97053008059664,0.007634923320110428,-0.9986026249241039,0.05229249889406439,5.554827797646354,65.34909419201261,46.37167584621257,22.360799787932308,15.395943452468021,5.413689302172266,25362.0,67760.98283929277, 0.0, 0.0,0.0,NaN, 99.20441588749149,99.20441588749149,0.0, 134.71046646965306, 0.42964172606073053, -6.95852533665961, 0.42964172606073053, 31.047818307725244, 3.598188703093737, -6.95852533665961, 3.598188703093737, 100.58482187467226, 5.300320744398133, 3.6311742163483958, 16.0, 0.0
27, 0 ,1.0,1.0,1.0,101.007573870148,18.882928895311178,101.71827196173203,9.885771552357394,9.914024353904487,10.728769179157581,45.0,41.0,52.0,-0.5190800675613698,0.4244440203504636,0.741891607345183,12.485210622925125,0.5715765647572922,0.8177330588677973,-0.06791814967273906,9.503285371700578,-0.635496745924585,0.3887928986278572,-0.6670711865279537,8.057910958807572,62.27700392617361,47.52791099330921,43.633962576215396,16.82747486669497,5.287620994889048,40138.0,129151.98690972278, 0.0, 0.0,0.0,NaN, 140.76705403228289,140.76705403228289,0.0, 97.7284791853987, -8.174558034385727, -36.01052256406185, -8.174558034385727, 98.2878788898113, 27.229836064282914, -36.01052256406185, 27.229836064282914, 115.10648809964165, 5.348037855578167, 3.390481053116667, 17.0, 0.0
28, 0 ,1.0,1.0,1.0,126.05221711027689,74.55330379067995,166.4142086990883,8.92349492643791,8.97637499005914,9.958023172440821,41.0,43.0,48.0,-0.23039870405400892,-0.3692892554286958,0.9003009957759422,10.238472604111116,0.8143527759527077,-0.5796275500424938,-0.02935063082551475,8.923644009069115,0.5326781330863436,0.7264002677977596,0.4342771666516576,8.654972645910663,49.0937306611377,41.679882050808466,42.68847512703897,15.532850289491083,4.254040085782059,35429.0,87350.05013880738, 1.4210854715202004E-14, 0.0,0.0,76.67945374988766, 110.24733592118875,110.24733592118875,0.0, 79.62876170216312, 0.3162208356781783, -6.318673575130931, 0.3162208356781783, 80.57530796215924, -9.866457792436318, -6.318673575130931, -9.866457792436318, 99.16222550286835, 5.51927276686456, 3.6066926162335315, 16.0, 0.0
29, 0 ,1.0,1.0,1.0,45.053849180327866,55.80876065573771,171.04262295081966,9.213461922298544,11.947953441808922,8.280815256776297,44.0,53.0,40.0,-0.3130565037119897,0.9471802573278573,0.06960736751206378,12.257957581493688,-0.9497293313430242,-0.31245472072434466,-0.01965310875673252,8.81960252764331,0.0031341139668444595,-0.07226069211823472,0.9973808548915687,8.256540470610387,54.46637944605009,44.560876848098694,40.796837754716876,16.446905781096213,5.070765581830206,38125.0,99016.76578629653, 0.0, 0.0,0.0,NaN, 77.34983372614025,77.34983372614025,0.0, 84.88788059364518, -21.48732814757335, -1.60929848965333, -21.48732814757335, 142.75359144763368, 5.471102004837406, -1.60929848965333, 5.471102004837406, 68.57190131685908, 5.396904788740346, 3.499428457423777, 22.0, 0.0
30, 0 ,1.0,1.0,1.0,188.92855841908752,177.9314725434842,186.24988616701575,6.453976057169687,11.46170293208469,7.9102418014960625,26.0,48.0,30.0,0.024565857740012166,-0.9996485061001812,-0.009969096507379384,11.464237355753058,-0.2575371991115436,-0.015963741430807896,0.9661365069353871,8.010779313840054,0.9659560599257497,0.02116655879462396,0.25783883935806706,6.32416342640846,48.58801940685845,35.60024367780771,30.45825234898257,14.485138580981344,5.07711795192752,21962.0,52685.01978212408, 0.0, 0.0,0.0,NaN, 28.260614876512754,28.260614876512754,3.371747880871523E-7, 41.65380694651958, -2.1459575439064165, -6.038153565429015, -2.1459575439064165, 131.37063410335875, 0.5382969985137107, -6.038153565429015, 0.5382969985137107, 62.57192535813567, 5.856370511646697, 3.735532791163221, 8.0, 0.0
31, 0 ,1.0,1.0,1.0,87.82477279390208,75.72228085605394,97.508824391674,10.506877683544658,8.616991400479485,9.325572919991409,48.0,43.0,45.0,0.8685066428912204,0.21264313157989148,0.4477489361748597,10.993813445891076,-0.4759708909694645,0.1056000342328406,0.8730981294904695,8.876031634520245,-0.1383760174436162,0.9714069854401499,-0.1929262720173804,8.483245727840476,50.05500219921173,47.77365575242029,42.527105246638214,15.817507336901501,4.628152048717546,34110.0,101695.51091881716, 0.0, 0.0,0.0,NaN, 151.50915935543287,151.50915935543287,0.0, 110.39447865696879, 8.687952878236189, 16.181742696834853, 8.687952878236189, 74.25254079593738, 5.284318190041872, 16.181742696834853, 5.284318190041872, 86.96631028607709, 5.854557178929837, 3.5917224097005818, 22.0, 0.0
32, 0 ,1.0,1.0,1.0,143.10748988499157,71.39472426646277,115.85998279652108,9.197673304278652,9.64967516181531,8.237869119833011,42.0,42.0,39.0,-0.47121505774714023,-0.8593592411401978,0.1986405397176089,10.028549071319848,0.8280395180715883,-0.35343594006921153,0.4352396957759759,9.07647532470168,-0.30382054878518444,0.3695737151561732,0.8781277487937235,7.913388135337805,46.46386819148458,44.551989468495734,40.63812566778772,15.079777362211853,4.263358685639349,31389.0,84123.26764780394, 0.0, 0.0,0.0,NaN, 124.15114520322523,124.15114520322523,0.0, 84.59719421224018, 9.584478649366133, 3.569448470627875, 9.584478649366133, 93.11623072855532, -9.517989959823305, 3.569448470627875, -9.517989959823305, 67.86248763549831, 5.597970438257423, 3.580010351436949, 19.0, 0.0
33, 0 ,1.0,1.0,1.0,146.35182025850852,106.15389063990978,84.08509961541797,9.42792166569448,9.055255801780222,9.611137128892995,43.0,48.0,45.0,-0.8149156633006678,-0.5413079002900958,0.20711885184782272,9.796494003265815,-0.07688272047118015,-0.25323998366268136,-0.9643435891669919,9.62953886805777,0.5744575780683746,-0.8017825564066934,0.1647520052738795,8.634697905142533,47.954024282928,43.145654229837405,41.90064350045128,15.6031881168916,4.4494766062332305,34583.0,86692.7561592556, 0.0, 0.0,0.0,NaN, 136.95080652897286,136.95080652897286,0.0, 88.88570693447137, 9.799601323893821, -2.2670794037760404, 9.799601323893821, 81.99765763567437, 2.0365526370397755, -2.2670794037760404, 2.0365526370397755, 92.3739569103855, 5.334865376066728, 3.4334546196595435, 20.0, 0.0
34, 0 ,1.0,1.0,1.0,9.058489225668955,98.51681269239877,112.86502486384087,6.066940883634716,9.688712788059869,10.819244775117921,25.0,50.0,58.0,0.015106479474324808,-0.010835062033253014,0.9998271829214421,10.820183139493354,0.03946214853161349,-0.9991557588939985,-0.011424023031589745,9.69321195032208,0.9991068677129391,0.039627905567831696,-0.014666151136080136,6.058074247886589,57.957471423343904,49.58601450544698,26.134360517360715,14.940714414422649,4.950761301618251,25338.0,75107.0164922657, 0.0, 0.0,0.0,NaN, 131.83369259070238,131.83369259070238,0.0, 36.8077716855184, -2.2707757680216845, 1.1881771707234907, -2.2707757680216845, 93.87115548951483, -0.21716396684806089, 1.1881771707234907, -0.21716396684806089, 117.05605750391642, 5.5353726110473245, 3.52390717298451, 16.0, 0.0
35, 0 ,1.0,1.0,1.0,116.77716825007661,38.34167943610175,158.0407293901318,9.217152111895773,8.411595429150708,9.67809002959376,45.0,38.0,48.0,-0.6063900270323532,-0.13107582810502239,0.7842896546571841,10.15363120156145,0.6021731357649026,0.5684465218965565,0.5605854674416489,9.041900525813332,0.5193059307178824,-0.8122115974487747,0.2657699593463172,8.03268732383069,51.07564693659813,43.850857045522986,41.06287709715413,15.19641916962649,4.294776101202643,32630.0,91968.97310467296, 0.0, 0.0,0.0,NaN, 100.78047676295739,100.78047676295739,0.0, 84.95589305382472, 8.964368715289421, -12.527393705312667, 8.964368715289421, 70.75493766370909, 1.5258935957530022, -12.527393705312667, 1.5258935957530022, 93.66542662092213, 5.293753395074538, 3.407215993438524, 14.0, 0.0
36, 0 ,1.0,1.0,1.0,180.9328670639807,160.24848544550068,8.09988671624883,10.234591343184556,9.323080717249976,5.4249611886097755,44.0,48.0,21.0,-0.9833067966348299,0.17920625670083912,-0.03150970090341459,10.270443163248647,-0.17672162130750474,-0.9818297456889865,-0.06913623538165985,9.302428435293086,-0.04332680756987094,-0.062413684713965564,0.9971094823068473,5.392561576560695,46.62710242488092,44.52321468970965,22.58934553339794,14.090978225564642,4.747760584415177,20303.0,46895.22136060818, 0.0, 0.0,0.0,NaN, 44.82573627496227,44.82573627496227,0.0, 104.74685996198825, -3.4940803988466187, 3.0692087668937655, -3.4940803988466187, 86.91983406035834, 3.4686534756697602, 3.0692087668937655, 3.4686534756697602, 29.430203897922386, 5.808494468594117, 3.6002320856816876, 12.0, 0.0
37, 0 ,1.0,1.0,1.0,55.449264812927645,82.39309943223176,71.90135390886591,10.35060985139145,8.666412432875509,9.174429114216235,52.0,42.0,46.0,0.8705198727186592,-0.15870036508305418,0.46584261862177795,10.915009044996417,-0.22427179871313344,0.714646254453498,0.66255783996385,8.976360194672136,0.43806085365376557,0.6812451285096226,-0.5865217501321179,8.166977012784566,53.50375862810662,40.68433766108325,42.16664659345723,15.658290702384278,4.60759271245208,34345.0,91786.87971987984, 0.0, 0.0,0.0,NaN, 122.60933282695814,122.60933282695814,0.0, 107.13512429572174, -9.468293033609974, 19.203089508987894, -9.468293033609974, 75.1067044566992, 2.6932834728898256, 19.203089508987894, 2.6932834728898256, 84.1701495717785, 5.231510798779962, 3.338440985546287, 21.0, 0.0
38, 0 ,1.0,1.0,1.0,154.51182619040875,179.530266549585,136.78171826756932,9.416616009515076,11.121727110956902,8.718554798400605,47.0,49.0,43.0,0.06688540638169285,0.9683934624795771,0.2402924140291814,11.268807747800734,-0.9976746129157081,0.06807405162275006,0.003360095111029175,9.40761282149898,-0.013103784058347473,-0.2399583824801269,0.9706947334362506,8.537532530997339,53.64685924798738,47.48993289119893,40.503716252120256,16.18976684005656,5.125438365502635,35303.0,103190.74053572938, 0.0, 0.0,0.0,NaN, 80.52785287876239,80.52785287876239,0.0, 88.67265707065565, 2.4434924430090317, 0.8171014537939589, 2.4434924430090317, 123.69281393059377, 12.591712716514095, 0.8171014537939589, 12.591712716514095, 76.01319777271422, 5.26608215634456, 3.4821050953625354, 16.0, 0.0
39, 0 ,1.0,1.0,1.0,133.77245005912005,137.37967515091168,18.301823386645093,9.266722336483886,8.293212447492925,9.677605878851383,47.0,39.0,38.0,-0.21451627565108405,0.04908244454002958,-0.9754863818212752,9.709358707935236,0.9211330996982052,0.34229012895159044,-0.18534098376419644,9.373718557094916,-0.32480237086752417,0.9383114521630218,0.11863826793474715,8.13433002773655,43.08764767699691,49.79954896402785,40.69793918770091,15.158233282822822,4.305059215694595,32138.0,87327.41662502757, 0.0, 0.0,0.0,NaN, 92.96424148377184,92.96424148377184,0.0, 85.87214286148937, 6.545757806292233, 2.1764650702139474, 6.545757806292233, 68.7773726992516, -2.722224437234667, 2.1764650702139474, -2.722224437234667, 93.65605554637885, 5.3640831253991, 3.397878227775213, 13.0, 0.0
40, 0 ,1.0,1.0,1.0,15.51411460120403,152.7563554696029,56.7117502105493,9.479054322825476,8.296168419737176,9.66819579392735,35.0,41.0,50.0,-0.30451407855903434,0.19471840850033478,-0.9323925768422006,9.720992727301692,-0.9345492379069374,0.1281093710528911,0.33197245514649965,9.4989198413446,-0.1840893747257139,-0.9724570584038809,-0.1429628331894907,8.211316182981435,49.99085026094458,45.86557170950499,38.220450509472045,15.24920689675755,4.428835087618808,32059.0,87634.10116228087, 0.0, 0.0,0.0,NaN, 75.42461343830374,75.42461343830374,0.0, 89.85247085507636, -4.3353894647367355, 0.6117138098420705, -4.3353894647367355, 68.82641044864445, -3.9452109892822347, 0.6117138098420705, -3.9452109892822347, 93.4740099097145, 5.601753971478636, 3.645560661348918, 16.0, 0.0
41, 0 ,1.0,1.0,1.0,117.82093348139126,89.43503958161693,63.21019450514024,8.334320395808499,8.731267605778209,8.681941016782188,39.0,42.0,39.0,-0.4059622703531655,-0.7165878409775992,0.5671829521528006,9.296906837859941,-0.5175023169041403,-0.3312824772169525,-0.7889507413570545,8.407558512472358,-0.7532502818111323,0.6138027260057276,0.23634768139202852,7.997031536144719,49.46228930047265,41.46528107788731,40.46911150450096,14.337254177714495,3.9389304292130927,27917.0,83000.84170084145, 0.0, 0.0,0.0,NaN, 136.92170743973713,136.92170743973713,0.0, 69.46089645998954, 7.694156351631704, -2.426522823684637, 7.694156351631704, 76.23503400371195, -7.376502212448181, -2.426522823684637, -7.376502212448181, 75.37609981888492, 5.293531525288552, 3.386752148212687, 15.0, 0.0
42, 0 ,1.0,1.0,1.0,184.27310629819578,11.611260746042873,96.13208869866804,8.647347005545683,7.049642504458153,11.369038289892293,33.0,28.0,51.0,-0.29319720759679263,-0.0747616751879691,0.9531243829535221,11.641083008471417,-0.9543742319631691,0.08192312968632078,-0.28715575248827796,8.314718041878297,0.05661468733601055,0.9938306157215558,0.09537024919941703,7.005694225839549,55.521180050221865,40.54649160496493,32.33626527076677,15.159089075764646,4.891944368557226,27103.0,72795.04664480862, 0.0, 0.0,0.0,NaN, 98.09961793599925,98.09961793599925,0.0, 74.77661023431988, 0.32665933504743605, -18.658477679501893, 0.32665933504743605, 49.697459440663025, -6.630901135329407, -18.658477679501893, -6.630901135329407, 129.2550316370371, 5.605550609116396, 3.6100039109620647, 8.0, 0.0
44, 0 ,1.0,1.0,1.0,186.03928255652394,22.516894025514716,176.6698244284451,8.248721260955612,10.988453701203067,9.247347841068587,33.0,48.0,50.0,0.11100020049112168,0.9888221479162462,-0.0995475528641052,11.031046362887624,0.21106359475907355,-0.1213367652170478,-0.9699121343575619,9.280667674377868,0.9711493780352789,-0.08664957701549392,0.22217276238262773,8.153905992573241,51.15730138328884,55.04368113289243,38.988641766977764,15.766252427710757,5.072104461053208,31668.0,109787.5777220272, 0.0, 0.0,0.0,NaN, 35.30168891558042,35.30168891558042,0.0, 68.04140244094114, 5.555386631055414, -4.631434305576282, 5.555386631055414, 120.74611474348339, -3.1214903394346845, -4.631434305576282, -3.1214903394346845, 85.51344209371587, 5.447113482514249, 3.4294273655681504, 7.0, 0.0
45, 0 ,1.0,1.0,1.0,182.04474758602814,94.18715572548766,79.95214179249562,9.437242106550856,8.4954500482653,9.507539605947912,38.0,43.0,43.0,0.667382644271493,-0.23434613747291017,0.7068820934050589,10.622073863203005,0.5891815701188226,0.7467006355065805,-0.30871222581295293,8.466518600119063,-0.4554837906638491,0.6225110832632597,0.6364074698311564,8.192504445979454,54.719675521986034,50.69340644993417,47.48801670708064,15.20500781588261,4.520537222261934,30862.0,131728.27994530962, 0.0, 0.0,0.0,NaN, 124.84372779644971,124.84372779644971,0.0, 89.06153857765646, -5.1409326050449256, 20.73453088537898, -5.1409326050449256, 72.17267152257088, -8.624572969783392, 20.73453088537898, -8.624572969783392, 90.39330935866818, 5.506451869776117, 3.384831565122953, 13.0, 0.0
46, 0 ,1.0,1.0,1.0,28.278573797678277,152.08474295190712,129.45373134328358,10.652299495090737,8.386660184284654,8.24906840355318,58.0,41.0,41.0,-0.9697769002430149,0.2425020770358248,-0.026935225790043343,10.782393397697435,-0.18808952784452998,-0.6726936782874142,0.7156155006058562,8.74096301553237,0.15541908914374536,0.6990536158446357,0.6979748913136266,7.693519434216129,56.81287004553664,45.21275336881962,38.973745914484454,15.169194624703833,4.663712849668215,30150.0,100110.54699598573, 0.0, 0.0,0.0,NaN, 89.84612187179346,89.84612187179346,0.0, 113.47148453311037, -11.243209155989053, -0.8262981609365979, -11.243209155989053, 70.33606904666551, -8.659511893269952, -0.8262981609365979, -8.659511893269952, 68.0471295264994, 5.322627369715997, 3.4208626156349022, 20.0, 0.0
47, 0 ,1.0,1.0,1.0,16.17372650721993,135.28521115486825,12.148048538404892,9.814971473869363,10.083322923484998,8.06809027798929,41.0,50.0,31.0,-0.5058220342951141,0.8587970610379588,-0.08131222278425886,10.33726778429207,-0.8074127596664792,-0.4381477072148206,0.39510912693856565,9.875446320768061,0.3036917930226503,0.2655074285494857,0.9150284696312606,7.662741132740854,53.77485394236621,51.95990299707324,36.66290542362219,15.488651468640386,4.816930830822483,31233.0,102441.15104066777, 0.0, 0.0,0.0,NaN, 67.80242184237801,67.80242184237801,0.0, 96.33366503286935, -7.184053908568369, -10.399971548342595, -7.184053908568369, 101.67340117927803, -10.079845560148202, -10.399971548342595, -10.079845560148202, 65.0940807337853, 5.757655052174349, 3.5317091178508893, 12.0, 0.0
48, 0 ,1.0,1.0,1.0,181.08431115694418,84.20750299618162,18.175952507037543,10.587012778160517,9.853032658858586,8.826814643916617,45.0,47.0,42.0,-0.8399212104028084,-0.5248479705472191,0.13808319277865083,11.099017844641805,0.49446095183973054,-0.8449414536280895,-0.20391740251042484,9.344199933805793,0.22369784849485785,-0.10299780460435211,0.9692010755387426,8.750855922760664,53.7508460275983,50.92934978193609,46.27797351459992,16.203049415204454,4.9538811600589865,35879.0,126685.75065088106, 2.8421709430404007E-14, 0.0,0.0,32.86819943020464, 88.19904815131129,88.19904815131129,0.0, 112.08483956493407, 16.061799477035372, -6.488426554078468, 16.061799477035372, 97.0822525765339, -1.5281074281583114, -6.488426554078468, -1.5281074281583114, 77.91265675806083, 4.6946029913779626, 3.217790187529115, 16.0, 0.0
49, 0 ,1.0,1.0,1.0,150.30055286276885,112.72409875795213,35.89370645259012,9.607949301919419,8.772218908667531,7.39193742825345,44.0,42.0,36.0,0.9833837764509008,-0.18126273891504793,0.01000838119679883,9.636263117073783,0.1811696401659228,0.9834055667331769,0.009542159103149359,8.741439190121786,0.01157193567711963,0.0075703896342829285,-0.9999043851816383,7.391544313401541,45.2398569610849,41.740358880078205,36.08696983969898,14.380061254324328,4.137522402952303,26408.0,68144.03072034611, 0.0, -1.4210854715202004E-14,0.0,79.55668058683612, 106.6558772232587,106.6558772232587,0.0, 92.31268978825386, -2.9332085671715333, 0.41383868092215204, -2.9332085671715333, 76.95182458158418, 0.1350176163879001, 0.41383868092215204, 0.1350176163879001, 54.64073894321423, 5.724178535863193, 3.6333408851704396, 11.0, 0.0
50, 0 ,1.0,1.0,1.0,33.4247753565442,183.5948448792284,40.21268995081201,9.454663856618735,8.825038250703933,10.492570142141151,43.0,38.0,52.0,0.023371401796958874,-0.37009554245138565,0.9286996646040419,10.78708757460902,0.9363240667200871,0.33365887236957004,0.10940292029843135,9.605484905568646,-0.3503584159953962,0.8670069471155821,0.35432743895232766,8.29092264723298,51.92429296415105,47.676084569013156,47.04395011230352,15.98063978125025,4.688832385330546,36391.0,116459.50874751428, 0.0, 0.0,0.0,NaN, 54.803331607231335,54.803331607231335,0.0, 89.39066864165267, 6.937893651092063, 3.443550293763516, 6.937893651092063, 77.88130012638754, -15.509222042956406, 3.443550293763516, -15.509222042956406, 110.09402818775199, 5.87566519051529, 3.794669276540329, 13.0, 0.0
