// Sample: , Map: , Neighbors:(1.0):
//LACUNA_NUMBER, TRIANGLES, SCALE_X, SCALE_Y, SCALE_Z, POS_X, POS_Y, POS_Z , STD_X, STD_Y, STD_Z,PROJ_X, PROJ_Y, PROJ_Z, PCA1_X, PCA1_Y, PCA1_Z, PCA1_S, PCA2_X, PCA2_Y, PCA2_Z, PCA2_S, PCA3_X, PCA3_Y, PCA3_Z, PCA3_S,PROJ_PCA1, PROJ_PCA2, PROJ_PCA3,OBJ_RADIUS, OBJ_RADIUS_STD, VOLUME, VOLUME_BOX, Mask_Grad_X,Mask_Grad_Y,Mask_Grad_Z,Mask_Angle, Mask_Distance_Mean,Mask_Distance_COV, Mask_Distance_STD, SHAPET_XX, SHAPET_XY, SHAPET_XZ, SHAPET_YX, SHAPET_YY, SHAPET_YZ, SHAPET_ZX, SHAPET_ZY, SHAPET_ZZ, Neighbors, Neighbors_STD
91065, 0 ,1.0,1.0,1.0,121.73530389626839,79.23512182765226,174.2529170558713,11.418023229355226,10.745412157149383,29.376868015985306,46.0,46.0,198.0,0.010647262249686743,-0.03795263629364477,0.9992228145938966,29.396485377562943,0.8756125776142276,-0.48222226650931843,-0.0276459690802148,11.714738496130204,0.48289672781077625,0.875226418180449,0.028097458758170542,10.365667404260224,199.29810339634687,54.04689789872861,49.88097885849962,22.749074020098107,24.316972314615604,63163.0,537290.1826939032, 0.0, 0.0,0.0,NaN, 114.30870250065915,114.30870250065915,0.0, 130.37125446609554, -12.883476056607119, 7.329504935755267, -12.883476056607119, 115.46388242701376, -28.299559412896098, 7.329504935755267, -28.299559412896098, 863.0003744286204, 17.0, 0.0
91074, 0 ,1.0,1.0,1.0,52.19129669341774,120.45253635742178,121.27879798102765,13.298533913662245,84.35601385012748,12.257372155968133,55.0,199.0,51.0,0.0018507844891223497,0.999987140131172,0.0047216701553212965,84.35707596547277,0.9715646839616584,-6.802001044110434E-4,-0.23677331396570347,13.360969405828728,-0.2367670574114111,0.005025624349151634,-0.9715534486710673,12.181932531318322,199.27118134909875,59.580600379224514,54.7615188203398,82.78806186980462,24.27278436740353,106787.0,650166.8995717005, 0.0, -1.4210854715202004E-14,1.4210854715202004E-14,86.29459356643183, 123.48586182158475,123.48586182158475,NaN, 176.85100425282488, 12.875673886246739, -6.867018318301256, 12.875673886246739, 7115.937072682899, 32.9036875983668, -6.867018318301256, 32.9036875983668, 150.24317216990286, 28.0, 0.0
91443, 0 ,1.0,1.0,1.0,136.64086363636363,83.01954545454545,145.7905,85.6817466143776,8.454384541479461,77.20977546873415,199.0,38.0,198.0,0.9660464802688438,0.0031190400215889034,0.25834951044954935,86.29925093036768,0.25836529362804017,-0.016515983354584665,-0.9659061017212425,76.52973769019712,0.001254196425884348,0.9998587369639647,-0.016761059278890756,8.3562124628931,243.50561904326628,243.24216099019645,39.28635313149474,106.46001190025885,45.17138048581569,22000.0,2326963.4210917847, 0.0, 0.0,0.0,NaN, 117.66603154043739,117.66603154043739,0.0, 7341.361702890408, -2.4637986983470914, 397.1397609318258, -2.4637986983470914, 71.47661797520689, 98.26395840909328, 397.1397609318258, 98.26395840909328, 5961.349427932342, 13.0, 0.0
91679, 0 ,1.0,1.0,1.0,82.28779241203067,54.17613524670729,158.63436209946923,4.212571446191044,5.239387934542783,5.187195859575039,17.0,21.0,22.0,-0.19161875382594704,-0.7148430472305172,0.6725189001123909,5.717085883326798,-0.029156936357385796,-0.6807678425304833,-0.7319187233830289,4.716676960964391,-0.9810362512386802,0.15985794444625023,-0.10960525239684982,4.143890979751057,26.206875869364275,20.677309272454295,17.627664069437017,8.179418944722649,2.280581226398541,5087.0,9552.213940850788, 0.0, 0.0,0.0,NaN, 106.85247030009553,106.85247030009553,0.0, 17.745758189264105, 2.225700412585124, -1.8908405963481296, 2.225700412585124, 27.451185928632494, -4.929111154142794, -1.8908405963481296, -4.929111154142794, 26.907000885592428, 9.0, 0.0
91870, 0 ,1.0,1.0,1.0,41.58203026481715,114.81645649432535,45.30977301387137,7.802981770035069,6.39030389830349,7.160082200908039,33.0,27.0,30.0,-0.8293597661143398,-0.08565612556019338,0.5521099587082124,8.27220766482566,-0.5414669348431169,0.3668621828843159,-0.756456011438176,6.67389961708633,0.13775317354735295,0.9263234677602478,0.35064069395074743,6.326051674700978,38.55971262022826,32.51868437289918,28.618069103506073,11.918898089887337,3.3059270806856595,15860.0,35884.51520220805, -7.105427357601002E-15, 0.0,0.0,33.96697343020377, 105.06320409970316,105.06320409970316,0.0, 60.88652450349963, 1.120005681013865, -11.156905087707846, 1.120005681013865, 40.83598391267277, -2.598502569774299, -11.156905087707846, -2.598502569774299, 51.26677712376011, 10.0, 0.0
92497, 0 ,1.0,1.0,1.0,181.27433020380124,51.57110144263797,49.49660331272422,38.67500159283813,7.871782895714909,6.467967248232193,199.0,32.0,28.0,-0.9999987192962778,-4.913182592977757E-4,-0.001523158616814582,38.67504972792415,-2.895694288381416E-4,0.9915494911318209,-0.12972865059720853,7.894001147935747,0.0015740252062080014,-0.12972804339307215,-0.9915483635214447,6.440542594105719,199.03246808823636,33.284879676240585,28.28069232696653,20.72128972717075,34.2079444943741,13101.0,187353.13165418594, 0.0, 0.0,0.0,NaN, 73.89278011294681,73.89278011294681,0.0, 1495.755748206032, 0.7085307545346982, 2.2158772379260876, 0.7085307545346982, 61.9649659572698, -2.6789242031755385, 2.2158772379260876, -2.6789242031755385, 41.834600324204324, 12.0, 0.0
93131, 0 ,1.0,1.0,1.0,117.28802381032908,58.3793418338012,26.766056752460514,12.13271331616216,10.82373886551201,43.58881128987143,51.0,46.0,198.0,-0.002456589775845727,-0.011041202145569732,0.9999360264646207,43.591430558027334,-0.9773117321669101,0.2118059826632459,-6.22653221621614E-5,12.193567955551046,-0.21179174520171176,-0.9772493630405888,-0.01131101680556525,10.744515229782863,198.33457749344217,53.23210538973514,47.652740548790526,29.560789403173874,35.92353344210759,59134.0,503106.53789475345, 0.0, 0.0,0.0,NaN, 104.7179084599403,104.7179084599403,0.0, 147.2027324121786, -6.8319739931900685, -4.382140200356877, -6.8319739931900685, 117.1533230287952, -19.705164289092316, -4.382140200356877, -19.705164289092316, 1899.9844696640228, 24.0, 0.0
93457, 0 ,1.0,1.0,1.0,50.743759056096046,166.77981784309668,162.2785551645622,10.184947751400028,52.57000004004205,9.996982035953174,43.0,199.0,40.0,-0.002533571325057677,0.9999695339806037,0.007383232825475933,52.57154306804982,0.9455379894738506,0.004798802121002855,-0.3254763923235476,10.209961233759792,-0.3255019070268088,0.006156509467043644,-0.9455213408025719,9.96329592982392,199.29882461948165,48.4860617442745,45.71333768970314,35.156205183363035,41.60912101740923,48310.0,441737.8157687643, -7.105427357601002E-15, 0.0,2.8421709430404007E-14,89.55576723045534, 71.42420448387189,71.42420448387189,0.0, 103.73316069874849, -6.727916268273905, -1.5812205675405506, -6.727916268273905, 2763.6049042100217, 19.66425152733284, -1.5812205675405506, 19.66425152733284, 99.93964982717047, 14.0, 0.0
93496, 0 ,1.0,1.0,1.0,18.58967649857279,9.547098001902949,132.907231208373,4.846678558015631,20.09605664128857,4.841734503235934,20.0,199.0,19.0,-0.006487315732613822,0.9999392560565145,0.00891060782042188,20.09719912424614,-0.7112863530835194,-0.010877537121125002,0.7028181863777611,5.102959794854102,0.7028724198969056,-0.00177859026268957,0.7113137127631841,4.56580412051755,199.13298058295632,23.388937299654273,20.538800629128644,9.813979633956592,18.82737321876635,4204.0,95659.6446130363, 0.0, 0.0,0.0,NaN, 70.27206256191893,70.27206256191893,0.0, 23.490293044728478, -2.444637475432302, -2.6184648348136568, -2.444637475432302, 403.8514925298785, 3.3733035729643444, -2.6184648348136568, 3.3733035729643444, 23.442392999825316, 8.0, 0.0
93599, 0 ,1.0,1.0,1.0,86.49527598209846,57.21332670313277,87.53505718547986,4.247835914457644,3.2779026632732107,3.3065098959335257,17.0,14.0,14.0,-0.9324292311698753,0.2776404278887346,0.23128234187182367,4.354827204108381,0.3569572926712367,0.6081801386206408,0.7090122778881889,3.4632016878600798,-0.0561891454711313,-0.7436616917585157,0.6661907145420789,2.9603171467795173,18.90483354845123,16.269000737499027,13.004524697786835,6.06039218349918,1.7301474215043413,2011.0,3999.707390745142, 0.0, 0.0,0.0,NaN, 135.70992504649033,135.70992504649033,NaN, 18.044109956156213, -1.9395690682845532, -1.3823555229925164, -1.9395690682845532, 10.744645869893608, 2.047966418413286, -1.3823555229925164, 2.047966418413286, 10.933007691906335, 6.0, 0.0
93754, 0 ,1.0,1.0,1.0,181.42257217847768,136.7742782152231,161.72965879265092,2.760789323429052,2.3763864175541656,2.574432565281891,12.0,9.0,10.0,-0.9241067958016584,-0.3804180827602023,-0.036176128347905144,2.8319778960501916,0.08291216614374733,-0.10719070162938704,-0.9907753156945079,2.5787963536130136,0.37303110146279195,-0.9185816435098474,0.1305969431043642,2.2861722791502435,12.574777752312798,10.726798258695709,10.151150026752887,4.305018806839092,1.1677697546354364,762.0,1369.2592303628246, 0.0, 0.0,0.0,NaN, 76.20519493969428,76.20519493969428,0.0, 7.621957688359841, 0.969399494354552, -0.023556602668760928, 0.969399494354552, 5.647212405535921, 0.18963426815742732, -0.023556602668760928, 0.18963426815742732, 6.627703033183897, 6.0, 0.0
93936, 0 ,1.0,1.0,1.0,176.93405917991043,109.8355430678725,37.46503936546961,8.90198665721151,10.497852298164176,8.500881850137159,36.0,42.0,38.0,-0.41475344991190066,0.9089022618249,0.04331575043511443,10.85622662573845,-0.6234110167449435,-0.3185081864726155,0.7140806952655709,9.135147943775179,0.6628259801691634,0.2691639158570592,0.6987220523307404,7.772173251104329,48.809861885923134,44.15875412643766,36.732502928579606,15.559736431869917,4.4283025777352565,34167.0,79172.60097138074, 0.0, 0.0,0.0,NaN, 100.32594925759504,100.32594925759504,0.0, 79.24536644517175, -17.08161446624176, -11.29063910526526, -17.08161446624176, 110.20490287407085, -2.9793644102621286, -11.29063910526526, -2.9793644102621286, 72.26499222999136, 15.0, 0.0
94040, 0 ,1.0,1.0,1.0,148.5421628774209,120.19475520269458,17.291350896186696,6.013152430683142,5.307615251842864,6.040426263449837,27.0,22.0,26.0,-0.5102963010477728,0.2804402807977325,-0.8129888892494472,6.441552049510528,-0.7875509856064584,-0.5321561985151114,0.31076232952570254,6.039918027290615,0.3454868017844634,-0.7988510682774572,-0.49241835922791166,4.779260264670331,28.67562742852717,26.59830179253902,23.14754182455077,9.664928874794528,2.7211543700361425,8313.0,17655.162367921224, 0.0, 0.0,0.0,NaN, 96.51827243743425,96.51827243743425,0.0, 36.15800215463059, 3.046943137430004, 4.400081981340865, 3.046943137430004, 28.170779661594988, -6.508203669063661, 4.400081981340865, -6.508203669063661, 36.48674944417456, 8.0, 0.0
94236, 0 ,1.0,1.0,1.0,153.8653955303299,82.63109258602341,69.82188719404044,10.96490053538873,10.214029274352548,11.25429986898357,42.0,44.0,46.0,0.21577909452789312,0.3729392438461091,-0.9024165904748289,11.410107637822492,-0.9230503200734772,-0.22351126661262527,-0.31308276910342986,11.056081072297658,0.3184611263199548,-0.9005326391068302,-0.2960126296736567,9.939175937943181,50.87386307008849,48.84649332403487,43.79885330828867,18.087902329355323,4.9033144538172175,56380.0,108840.5802614023, 0.0, 0.0,0.0,NaN, 117.60695184754253,117.60695184754253,0.0, 120.22904375096806, 7.365064945642622, 0.6618180545507905, 7.365064945642622, 104.32639401733083, -8.927732675614429, 0.6618180545507905, -8.927732675614429, 126.65926554100356, 17.0, 0.0
94714, 0 ,1.0,1.0,1.0,153.90847743568114,185.03838043019823,52.87347110923661,5.001608328571391,4.571080096886544,2.4139375748464085,21.0,20.0,10.0,-0.8570378341495744,-0.5152417688840217,0.003474252937145611,5.229474127632693,-0.5152081461800689,0.8568534989730666,-0.019043303476801488,4.309099864479066,0.006834979583271767,-0.018110794981918442,-0.999812623524638,2.4129261170224696,22.640065779068664,19.222426101639556,10.107138456858308,6.84255253664502,2.217527569861303,2371.0,4398.596247829292, 0.0, 0.0,-7.105427357601002E-15,89.80093956928165, 71.72086488315564,71.72086488315564,0.0, 25.0160858724347, 3.8782490735356525, 0.06096298216125984, 3.8782490735356525, 20.8947732521523, -0.24651449638993636, 0.06096298216125984, -0.24651449638993636, 5.82709461525536, 6.0, 0.0
94954, 0 ,1.0,1.0,1.0,139.4777777777778,175.36825396825398,29.353968253968254,2.27658505357758,1.9307721456343008,3.1768170851723485,9.0,8.0,12.0,0.05114405209536046,-0.09559450642100835,0.9941056162588516,3.188342894083423,0.9969052931448177,0.06439076327962955,-0.045096187245840656,2.274901908154193,-0.059700271650238404,0.9933355525432435,0.09859187399830291,1.9136818636328243,12.560672083497339,9.236217726600131,8.006384691996203,4.1752643016827,1.2530185107440224,630.0,928.8455251696639, 0.0, 0.0,3.552713678800501E-15,6.224011538745542, 71.63321678902504,71.63321678902504,0.0, 5.182839506172834, 0.06532627865961352, 0.2626278659611981, 0.06532627865961352, 3.7278810783572816, -0.6224137062232286, 0.2626278659611981, -0.6224137062232286, 10.092166792642937, 6.0, 0.0
95050, 0 ,1.0,1.0,1.0,23.867549668874172,131.75496688741723,179.83774834437085,1.9922881008207833,1.4303562628375701,2.440720817474806,9.0,5.0,10.0,-0.3484236314178774,-0.04630178994237799,0.9361928846758615,2.5093793325009974,-0.9268473886496938,0.1660237028925163,-0.33673438825148366,1.9197160044508916,0.1398388044243176,0.9850341488121057,0.10076127456115302,1.4106575956048226,10.499803320897001,9.683877068386735,5.747732255578086,3.309164256429926,1.0107823445886768,302.0,584.4225449184182, 0.0, 0.0,0.0,NaN, 75.05705072515583,75.05705072515583,0.0, 3.969211876672084, -0.19139511424937505, -0.8757949212753824, -0.19139511424937505, 2.04591903863866, -0.2814788825051544, -0.8757949212753824, -0.2814788825051544, 5.957118108854884, 5.0, 0.0
95220, 0 ,1.0,1.0,1.0,33.02792321116929,123.24607329842932,116.70157068062828,4.6359911574069494,4.737563615807669,2.9397583291547433,19.0,18.0,12.0,-0.6123089135519979,0.787057611855018,0.07495405263125378,4.9269037553583495,0.7903486116105328,0.6068654004570017,0.08404438026106312,4.45326224974772,-0.02066074805216634,-0.11070095459949675,0.99363898481324,2.910872168203616,21.95230419126328,20.363578943189253,12.359074421818192,6.956094211735552,2.0474021042956188,2865.0,5524.845886300874, 0.0, 1.4210854715202004E-14,-1.4210854715202004E-14,73.84443203536347, 117.98575042278345,117.98575042278345,0.0, 21.49241401155543, -2.1670805807589333, 0.029275513280885554, -2.1670805807589333, 22.44450901382463, 1.5114808621839524, 0.029275513280885554, 1.5114808621839524, 8.642179033834688, 7.0, 0.0
95773, 0 ,1.0,1.0,1.0,136.34094361263524,116.57711026380235,121.64952416379926,10.14632953781173,11.53324254622068,12.649510734908128,46.0,48.0,54.0,0.16720023805793277,0.41462125213448153,0.8945017035600351,12.825205194357505,-0.48127350850059736,-0.7575104638012756,0.4410824268173713,11.982136618751513,-0.860476548436328,0.5042490599991344,-0.07289029483472437,9.376370423814377,58.82076354588801,55.91726704297044,44.277512745762934,19.159647415539176,5.374171514252199,64518.0,145633.00524332878, 0.0, 0.0,0.0,NaN, 130.96049425619373,130.96049425619373,0.0, 102.94800308987081, 25.598395882190164, -0.36276051692693384, 25.598395882190164, 133.0156836299549, 9.80228180174698, -0.36276051692693384, 9.80228180174698, 160.010121832556, 19.0, 0.0
96040, 0 ,1.0,1.0,1.0,49.75867708522624,126.66963474468471,174.7755769580229,6.180246197508368,5.802576015726701,4.095796312869841,28.0,25.0,19.0,0.7174691069775804,-0.6475976219558789,0.25662307100080334,7.148598098615726,-0.6945750368997635,-0.637075625590599,0.3342157467774949,4.956828608743448,-0.05294901933449615,-0.418033452388008,-0.9068872223358742,3.60114902283031,30.929000330674185,21.08683760384838,17.389039407043498,8.957781259989838,2.8981086616615386,5503.0,11341.041203857701, 0.0, 0.0,0.0,NaN, 92.13869942402266,92.13869942402266,0.0, 38.19544306181664, -12.5845402615044, 4.327996765446916, -12.5845402615044, 33.66988841828675, -8.807741430186086, 4.327996765446916, -8.807741430186086, 16.77554743651819, 8.0, 0.0
96552, 0 ,1.0,1.0,1.0,103.73514677887987,26.51698226630598,74.29876765855124,92.3455698676005,7.10992151997639,7.451449743536488,199.0,29.0,34.0,-0.9997608456281966,-0.012472460713243667,0.017963554006661678,92.36750389912685,-0.021793353699744233,0.6364652729111777,-0.7709974099260116,7.77155592041312,0.0018169433979898849,0.77120450861095,0.6365848762064896,6.451860467589011,199.725781108722,40.02537759307518,31.09476139299659,92.67327665619389,6.741153853545352,19962.0,248574.62595557878, 0.0, 0.0,0.0,NaN, 124.46035187871988,124.46035187871988,1.3486991523486091E-6, 8527.704274171887, 105.60711778589122, -152.16102672023075, 105.60711778589122, 50.55098402022338, -11.11317915220157, -152.16102672023075, -11.11317915220157, 55.524103280449985, 14.0, 0.0
96594, 0 ,1.0,1.0,1.0,188.55928107536627,126.97356894728892,20.91768615012838,24.21124865787683,5.690002872918331,7.24061756067766,199.0,27.0,30.0,-0.9996177100925391,-0.014649018657023533,-0.023448665670670873,24.21955748373271,0.027593240116836237,-0.4750310433087931,-0.8795363102185231,7.766889429577408,-0.0017454997001828346,0.8798470970261515,-0.4752536576244847,4.906699584062667,199.4895913807845,33.07945644916102,22.89713789231537,12.772573491301484,22.535496518527843,6621.0,151098.37895888084, 0.0, 0.0,0.0,NaN, 76.81991457743304,76.81991457743304,0.0, 586.1845615735426, 7.761950489078558, 12.305362964216027, 7.761950489078558, 32.37613269381886, 15.338256317213778, 12.305362964216027, 15.338256317213778, 52.42654265999371, 6.0, 0.0
96871, 0 ,1.0,1.0,1.0,78.32109755458973,169.01714929046446,54.83848248415982,9.780156703288105,9.66004843519942,9.661239332385618,42.0,42.0,42.0,0.028163152731637324,0.7017909738814608,-0.7118260080993994,11.085581022731029,-0.9322871203346801,0.2753441806998224,0.23457686887844142,10.061437448464964,-0.36062107826121925,-0.657019795084787,-0.662025246331634,7.627903788590771,49.38401182683942,44.83003933195519,38.36542040434142,16.15954831400055,4.601797978658526,38194.0,84936.71287061826, 0.0, 0.0,0.0,NaN, 100.50567407569798,100.50567407569798,0.0, 95.65146514087124, -9.771438416983262, -10.711372183739154, -9.771438416983262, 93.31653577039876, -29.54325826116984, -10.711372183739154, -29.54325826116984, 93.3395454376349, 15.0, 0.0
96872, 0 ,1.0,1.0,1.0,75.45387904703726,69.34212991244146,128.27371207493383,8.435259018347312,7.87707112481663,8.292271994929372,36.0,34.0,39.0,-0.8227004038459371,-0.5240530014427474,-0.22030092417096142,8.626252624290677,0.4151064723425612,-0.289031709254062,-0.8626397206626822,8.491298120538454,0.38839498211362933,-0.8011423860491491,0.45532429667702823,7.4464247085415325,40.81315147187095,39.5055111892938,36.26001389194142,13.713796050985666,3.7276556871426583,24555.0,58463.63078287539, 0.0, 0.0,0.0,NaN, 125.08508793436702,125.08508793436702,0.0, 71.15359470660965, 6.177681210581965, -2.5263091458006675, 6.177681210581965, 62.048249505419925, 6.341337603684734, -2.5263091458006675, 6.341337603684734, 68.76177483788996, 12.0, 0.0
97266, 0 ,1.0,1.0,1.0,109.64327485380117,29.75877192982456,21.13888888888889,2.6053698103017933,2.986127126729512,1.9970027085769462,11.0,12.0,8.0,-0.04246108406798224,0.9842353595791398,-0.17169104022601936,3.013386782571278,0.9938180393852032,0.023964397773728024,-0.10840393088764715,2.6106771128780646,0.10258050951483415,0.17523260140014862,0.97916840965904,1.9485358591529391,12.540049559921734,11.136259955219785,8.388973499102285,4.2625158022536604,1.2344577429071235,684.0,1171.5138721054807, 0.0, 0.0,0.0,NaN, 97.45139767788774,97.45139767788774,0.0, 6.7879518484320025, -0.1489176156766197, -0.2867121507472391, -0.1489176156766197, 8.91695521698985, -0.9007066276803133, -0.2867121507472391, -0.9007066276803133, 3.9880198180636595, 5.0, 0.0
97422, 0 ,1.0,1.0,1.0,27.109765648533045,144.1898909572866,90.9601582424644,9.833470946301318,75.18186668953379,9.892224972451638,43.0,199.0,44.0,-0.0025071336826307127,0.9999257190770015,0.011927724386455774,75.18734950119935,-0.7025710796580414,-0.010249251096235985,0.7115397605756834,10.615222382556475,-0.711609156987761,0.006596148899785367,-0.7025445882724172,9.002548163356117,199.47607862824805,50.30663110953982,41.1357854416411,64.27344716908773,41.4220995808084,49797.0,412796.3523776652, 0.0, 0.0,0.0,NaN, 110.10657588160714,110.10657588160714,NaN, 96.69715085175214, -13.741127858556299, -15.982232362457864, -13.741127858556299, 5652.313078922832, 66.22671533745529, -15.982232362457864, 66.22671533745529, 97.8561149055958, 18.0, 0.0
97526, 0 ,1.0,1.0,1.0,89.03883536352447,92.01846271380671,40.35626671193922,7.33730620705326,9.433274699910534,68.5162129406558,32.0,41.0,198.0,0.004288167785611765,0.019987560641585096,0.9997910326846514,68.5302852290014,0.274340653966397,-0.9614632577115845,0.018044657157106393,9.492213911678494,-0.961623011994998,-0.27420594721892294,0.009606316226373625,7.126854225811976,198.59539152259256,41.840841441845654,33.53901041125076,52.5860221268211,45.51927554945187,23561.0,278688.9956850174, 1.4210854715202004E-14, 0.0,0.0,89.75430533104863, 134.253267915646,134.253267915646,0.0, 53.83606237606229, -9.970582461828174, 20.111583377555142, -9.970582461828174, 88.98667156397217, 92.15296566276086, 20.111583377555142, 92.15296566276086, 4694.47143572929, 13.0, 0.0
98056, 0 ,1.0,1.0,1.0,176.8429670823503,67.8067071115605,148.80024716324007,32.630438350352414,9.113472458276812,8.837943162875197,199.0,38.0,37.0,0.9997992969995105,0.004867744478800944,0.01943375370260671,32.636498015117695,-0.01315722940664196,0.8910556911410202,0.4537032539001013,9.213425412689585,-0.015108045327754201,-0.45386788865140915,0.8909408996210059,8.711022672921736,199.42167689571156,44.252242947192144,41.18819357945611,21.0760377959304,27.959090782046715,35604.0,363479.89762391127, 0.0, 0.0,0.0,NaN, 88.06481927198493,88.06481927198493,9.5367431640625E-7, 1064.7455069361495, 4.708917522209147, 19.167402030380497, 4.708917522209147, 83.05538024776999, 3.7341956234529494, 19.167402030380497, 3.7341956234529494, 78.10923935021245, 12.0, 0.0
98459, 0 ,1.0,1.0,1.0,141.75110490811818,124.97092347057455,162.11444521981855,4.168404352750725,4.585173001358774,5.630014870881616,19.0,20.0,25.0,0.26169104512664637,0.45387873633709924,0.8517698571806597,6.180632844101689,0.6636411875133659,-0.7254089075508577,0.1826534726790637,4.224970936200517,0.7007839689493287,0.517470781346067,-0.4910456387309812,3.747782275084977,28.24424081452085,20.061634452139216,17.602768222058884,7.990121590733137,2.5008859854196723,4299.0,9974.17971452513, 0.0, 0.0,0.0,NaN, 102.26246312936905,102.26246312936905,0.0, 17.37559484803119, 1.0374245437345382, 5.845186412004127, 1.0374245437345382, 21.023811452389424, 8.833985962427843, 5.845186412004127, 8.833985962427843, 31.69706744634814, 6.0, 0.0
98919, 0 ,1.0,1.0,1.0,111.22113522877815,177.4971364516458,161.84936308977888,9.619554758220671,10.624124613277854,56.96119124914085,40.0,45.0,198.0,-0.02318144100598879,-0.02775355086278492,0.9993459667239335,56.99725865292043,-0.15350073445887596,-0.9876624718135784,-0.030989777212491236,10.533006760782742,-0.9878765840495827,0.15411872756287903,-0.018635248882896267,9.505442688031696,199.23628108036013,46.775081666674936,42.42376550513109,39.904093593879,43.100446407399595,49065.0,395359.51441751304, 0.0, 0.0,0.0,NaN, 99.21459970487344,99.21459970487344,0.0, 92.53583374640596, 5.153675114636539, -73.068900224683, 5.153675114636539, 112.87202379845631, -86.96742412077549, -73.068900224683, -86.96742412077549, 3244.577308521201, 15.0, 0.0
99270, 0 ,1.0,1.0,1.0,164.11380145278451,159.01061650214191,122.41385732911156,7.384811733352573,7.428035505146271,6.707325695275999,35.0,31.0,30.0,-0.7792718811107586,-0.5715587507924199,0.25701348155828024,7.904384210843018,0.3406738051682305,-0.7305817250941412,-0.5917699734108419,7.452700950140079,0.5260006594884638,-0.3735919396227362,0.7640368897289083,6.056181353001399,37.062640706597165,34.42530823878779,29.1508428437119,11.988113769556259,3.3142875604636384,16107.0,37193.35138639291, 0.0, 0.0,-1.4210854715202004E-14,75.10707378711415, 94.80273382267046,94.80273382267046,0.0, 54.53544433706184, 6.796767861896932, -8.970981590877368, 6.796767861896932, 55.17571146571361, 4.365942161589503, -8.970981590877368, 4.365942161589503, 44.98821798250967, 11.0, 0.0
99542, 0 ,1.0,1.0,1.0,176.6659614187928,62.205102675793405,70.7054138145613,6.906428022745071,4.718536983220079,89.60100294083195,31.0,23.0,198.0,0.001154312136977719,-0.005064991263451427,0.9999865066224604,89.60220920966397,-0.934525963960988,-0.3558942240132239,-7.238762403542361E-4,7.213570306820355,0.3558930882249283,-0.9345125184702057,-0.005144178865189658,4.20851226379544,198.09952362194727,30.16680100546688,19.173785504855196,85.34559631644811,28.53825952449846,8035.0,114583.09646011256, 0.0, 7.105427357601002E-15,0.0,89.709796136503, 97.02168674117979,97.02168674117979,0.0, 47.69874803335839, 11.369072256606024, 9.2701096052623, 11.369072256606024, 22.264591262015642, -40.56546633060263, 9.2701096052623, -40.56546633060263, 8028.339728002975, 7.0, 0.0
99763, 0 ,1.0,1.0,1.0,68.2422649140546,43.13602965958881,137.72436804853388,7.357862429270468,6.672115192528,7.0405725867433855,32.0,30.0,34.0,-0.803398920336277,-0.5736306917881199,0.15968094514120232,7.940601614921757,0.2530215496795699,-0.08612789752688765,0.9636192612569281,7.064498642139647,-0.5390085993750503,0.8145733943029819,0.21433598646392882,5.938402811189586,35.937950287417955,33.699819161322765,30.476703362342043,11.718754069191272,3.300867474687298,14835.0,36910.409369916524, 0.0, 0.0,0.0,NaN, 101.96066942869393,101.96066942869393,0.0, 54.13813952806991, 12.48736834536151, 0.005164896095044199, 12.48736834536151, 44.517121142362946, -3.7606184510914438, 0.005164896095044199, -3.7606184510914438, 49.569662349202446, 9.0, 0.0
100151, 0 ,1.0,1.0,1.0,28.272627527473485,140.39737717480276,24.765060345878542,43.18690060408915,10.531944545943881,11.276617434722928,199.0,44.0,49.0,-0.9999109748972972,-0.013342041828190123,1.7944300366028778E-4,43.190516758845476,0.0070694663494667515,-0.5183153022544507,0.8551603768267163,11.695151483457357,0.011316577462753247,-0.8550855146526181,-0.5183634802971726,10.049628568175216,199.47737509623445,52.94353008407301,46.102571271476506,28.936092569369656,35.57941662383189,57419.0,486890.9337696047, 0.0, 0.0,0.0,NaN, 70.46362415377868,70.46362415377868,0.0, 1865.108383787476, 23.407834648907627, -0.10026741417474194, 23.407834648907627, 110.92185591883708, -15.864128283528593, -0.10026741417474194, -15.864128283528593, 127.1621007690971, 15.0, 0.0
100412, 0 ,1.0,1.0,1.0,153.72920870722598,47.718646687561716,109.71276458717959,7.286341317554866,8.692731322874549,91.9046559009305,32.0,37.0,198.0,-0.003648812034961141,0.006938268156737371,0.99996927283078,91.90745361475518,0.36412046633517153,-0.9313192753898847,0.007790589394691456,8.897381587883578,-0.9313447117832316,-0.3641377043403288,-8.718435436442177E-4,6.998335148250845,198.28562738608747,38.82517551331734,31.583462083987513,91.8248732850202,11.971331175223607,23291.0,243144.47068589545, 0.0, 0.0,0.0,NaN, 112.11529889824068,112.11529889824068,NaN, 53.09076979590718, -10.449293518593011, -30.556163056487907, -10.449293518593011, 75.56357785168431, 58.04678830190921, -30.556163056487907, 58.04678830190921, 8446.46577626844, 11.0, 0.0
100449, 0 ,1.0,1.0,1.0,85.30980660619545,69.60674311141537,166.8779736436762,8.138188955358865,8.020615384658772,52.4934107422168,34.0,36.0,198.0,0.01019750126513247,0.012739899622410157,0.9998668440975323,52.50022627168273,-0.7821686947313823,-0.6228634628851368,0.015913503226577273,8.33771992130565,-0.6229832613723694,0.7822268223222388,-0.0036130997078934056,7.767060570692771,198.47571555248007,41.3687960337642,37.80625898035533,33.52401759142286,41.97926638834237,29215.0,310415.90332500753, 0.0, 0.0,-2.8421709430404007E-14,0.935023789505708, 114.97795623385402,114.97795623385402,0.0, 66.23011947312501, 4.827635396151959, 27.373864814345158, 4.827635396151959, 64.33027114862497, 34.25042064666076, 27.373864814345158, 34.25042064666076, 2755.5581713510824, 10.0, 0.0
100533, 0 ,1.0,1.0,1.0,99.29485094850949,110.02,127.7980487804878,8.36067712549366,7.766914822093735,6.543800847067033,35.0,33.0,30.0,0.7625139147688459,0.6165764128907583,0.1959746331815783,9.165340268054697,-0.6183599701674669,0.6054679558836306,0.5010384233694938,7.177915924477778,0.1902721132441091,-0.5032316379808239,0.8429439135890108,6.125461462485165,41.01208801191896,34.99836541178131,29.395642854424466,12.650825209146424,3.6060835963845665,18450.0,42193.21359548342, 1.4210854715202004E-14, 0.0,1.4210854715202004E-14,52.15005541468468, 152.21363140268198,152.21363140268198,0.0, 69.90092199675293, 16.61150135501358, 2.608109194262668, 16.61150135501358, 60.324965853659364, 9.864039024390255, 2.608109194262668, 9.864039024390255, 42.82132952607521, 10.0, 0.0
100601, 0 ,1.0,1.0,1.0,144.3786630913618,166.9843580412437,109.09353252888974,6.741622684670883,6.209206616457113,8.365295182865399,30.0,27.0,37.0,-0.04602941180981117,0.16018920945293388,0.9860125305609903,8.42436582055771,0.8855830147091023,0.46324109065427,-0.03391778277216771,6.950347113213473,-0.46219478286451965,0.871634733764257,-0.16318355796014852,5.891062913605575,36.54964518053288,33.631822917058116,27.119310398488658,11.943738283736451,3.365858365172192,15663.0,33335.9023122484, 0.0, 0.0,1.4210854715202004E-14,9.594331768601336, 111.56949207345642,111.56949207345642,0.0, 45.44947642246904, 5.312952337188505, -2.0545068906879242, 5.312952337188505, 38.55424680585479, 5.5143277449771695, -2.0545068906879242, 5.5143277449771695, 69.97816349647104, 11.0, 0.0
100767, 0 ,1.0,1.0,1.0,67.5855028959572,85.21430083318901,104.59466220246685,84.26203898753585,10.427959222095001,10.743549673875911,199.0,47.0,47.0,-0.9999485748191509,-0.00571335282865866,0.008378861295221163,84.26629486090773,-0.010106556297896415,0.6298222941213648,-0.7766735062737102,11.281045881279486,8.397838690677758E-4,0.7767182471315814,0.6298476477179991,9.807495180154524,199.50127010671721,52.688847946357065,45.89469136714433,79.0685200593143,32.74792425634957,51969.0,482421.68508404057, 0.0, 0.0,0.0,NaN, 144.67707402505098,144.67707402505098,NaN, 7100.0912143370115, 39.820012974036786, -58.44381037727595, 39.820012974036786, 108.7423335376762, -15.536180279567956, -58.44381037727595, -15.536180279567956, 115.4238595950392, 17.0, 0.0
100839, 0 ,1.0,1.0,1.0,92.00681325487767,130.38510374729017,11.351347166305358,5.879107523033294,4.117717479466929,5.934631438138569,25.0,16.0,25.0,-0.6863162916614114,0.01690033612681291,0.7271068191393402,6.351309644720374,-0.7248046251792886,0.06690356123315264,-0.6856983074304855,5.432106926373699,0.060234567474493544,0.9976163050657916,0.03366756225268085,4.110040504905232,27.582145924353625,24.16795146380116,16.217000265012373,8.959335223728214,2.5435536486381176,6458.0,10810.316660315344, 0.0, 0.0,0.0,NaN, 115.93248271335985,115.93248271335985,NaN, 34.56390526738667, -0.8837015430289287, -5.430699794877251, -0.8837015430289287, 16.95559724070748, -0.29061635221453874, -5.430699794877251, -0.29061635221453874, 35.21985030654266, 9.0, 0.0
101173, 0 ,1.0,1.0,1.0,107.4307395808239,11.758491929655504,105.06624909660323,6.511776808441775,6.074566528260222,5.45156243692744,30.0,199.0,22.0,-0.7006750339732356,-0.6095696166559141,0.3707821182535204,7.434430663551215,-0.699820868123231,0.48596552654315395,-0.5235343919465868,5.499936738705022,0.13894333127520983,-0.6263085417440811,-0.7670934501301326,4.8479960078397415,126.15250228857182,103.9360866923239,133.775510723323,9.832828932031184,3.5126348951104274,8302.0,1754037.3956012153, 0.0, 0.0,0.0,NaN, 133.1155406690038,133.1155406690038,0.0, 42.40323720296015, 11.273986130998773, -5.781487204222262, 11.273986130998773, 36.90035850625945, -8.896431048098098, -5.781487204222262, -8.896431048098098, 29.719533003718247, 9.0, 0.0
101606, 0 ,1.0,1.0,1.0,174.54166666666666,32.75,77.58333333333333,0.8154327412825387,0.8779711460710616,1.0769039986100069,3.0,3.0,3.0,-0.17401589409328758,0.5506414940407173,0.8164021151635511,1.2119679400118155,-0.8892589818443881,0.2682599445087868,-0.37047950737014407,0.8273940515080748,-0.42300937556039575,-0.7904622364242009,0.44298140025880867,0.6648600657459282,4.449162615799381,3.038256452903312,2.542415812761014,1.5506469191367647,0.43701286397859257,24.0,34.36760667474884, 0.0, 0.0,0.0,NaN, 87.9764903097539,87.9764903097539,0.0, 0.6649305555555558, -0.15625, -0.06597222222222224, -0.15625, 0.7708333333333334, 0.4375, -0.06597222222222224, 0.4375, 1.1597222222222217, 1.0, 0.0
101757, 0 ,1.0,1.0,1.0,112.11831875607386,42.34305150631681,184.19314868804665,4.653686448628208,4.423730382148736,32.81271562673542,18.0,18.0,198.0,0.005507008917317687,0.017241256181492682,0.9998361925525946,32.818000909664974,0.8537335492704567,-0.5206925558788663,0.004276576013858515,4.798813192329228,0.5206809961030394,0.8535701502147425,-0.017586897382112804,4.225009242055491,198.13781799894002,21.500061158607316,19.104484898603943,14.437971363088383,30.157013741014744,4116.0,81384.63196872402, 0.0, 0.0,0.0,NaN, 98.82297535251527,98.82297535251527,0.0, 21.656797562145822, -2.2011822360486515, 5.850810638707802, -2.2011822360486515, 19.5693904939458, 18.246908176015065, 5.850810638707802, 18.246908176015065, 1076.6743068010069, 6.0, 0.0
101940, 0 ,1.0,1.0,1.0,66.72304743651173,159.50998243092158,168.73614438588086,89.49241750544495,5.518110996482758,5.15518806518804,199.0,24.0,23.0,0.9999946504671081,-0.001549833472655316,0.0028804606183890557,89.49289496245531,-5.056571466784427E-4,0.7967880664142516,0.6042586544938251,5.978081596805477,-0.003231616935385028,-0.6042568785177752,0.7967830202859106,4.604627627366786,199.06495144166632,26.786252347588032,21.828539587018113,83.9808467107975,31.82979248539291,6261.0,116394.22659942416, 0.0, 0.0,0.0,NaN, 84.07636558403178,84.07636558403178,NaN, 8008.89279096887, -12.385511973292122, 23.003909018546043, -12.385511973292122, 30.449548969503937, 6.9623847589654115, 23.003909018546043, 6.9623847589654115, 26.5759639874572, 8.0, 0.0
101975, 0 ,1.0,1.0,1.0,100.8500191791331,20.44968674082598,104.72767457577584,12.566922800674277,25.656401522541586,90.93475670997861,54.0,199.0,198.0,0.005749619009478227,-0.006079627321205108,0.9999649893935693,90.937785182939,-0.03667516661806477,-0.999310030286104,-0.005864769656460944,25.66404290459481,0.9993106994497671,-0.03664016240713764,-0.005968623291476181,12.529349283970832,199.37540230713086,201.2532817749588,54.506515905988124,93.8748256352306,16.517432537225833,54747.0,2187071.4444916155, -1.4210854715202004E-14, 0.0,-1.4210854715202004E-14,85.18914489970037, 139.01699312068095,139.01699312068095,0.0, 157.927548678107, 18.102131218677123, 46.75118154312893, 18.102131218677123, 658.2509390858743, -46.38036093997799, 46.75118154312893, -46.38036093997799, 8269.129977903, 17.0, 0.0
102322, 0 ,1.0,1.0,1.0,139.42113124228845,47.668809662965124,125.05409442171569,6.149499928159677,7.68465321347924,7.259488370214749,26.0,32.0,28.0,0.12380181487107239,0.8232230954756393,0.5540549121794112,7.961678641793656,0.3187644160372541,-0.5617503886378267,0.763430250863613,7.087948240682065,-0.9397139765391689,-0.0820989399490488,0.331959946915566,5.995254683278655,36.26715235937455,32.72932731156524,26.1268956257867,11.794228458930508,3.2352110956949467,15399.0,31012.612050327734, 0.0, 7.105427357601002E-15,0.0,34.591248229902824, 107.51280629579503,107.51280629579503,0.0, 37.816349366435865, 0.2372082171356051, 5.361529818505991, 0.2372082171356051, 59.0538950114368, 6.3871603059126505, 5.361529818505991, 6.3871603059126505, 52.70017139728319, 10.0, 0.0
102452, 0 ,1.0,1.0,1.0,149.4267766735421,147.9218076129758,185.48790549409338,6.149363704619326,5.895495834718752,6.8150195075106055,28.0,23.0,29.0,-0.4664162513559241,-0.08962408494925764,0.8800132975518581,7.057396475485058,-0.5849778386441681,-0.7149946770809149,-0.3828622990595389,5.96612435577193,-0.6635185067247824,0.6933614750928743,-0.28105703351944206,5.797805719054567,32.08245502529826,28.55746193030035,27.44390557011387,10.499520919220272,2.962447714893962,10666.0,25143.927569051408, 0.0, 0.0,0.0,NaN, 74.02965572577016,74.02965572577016,0.0, 37.814673971689515, 1.505056417188639, -6.202695088047355, 1.505056417188639, 34.75687113718616, -0.7350540800605689, -6.202695088047355, -0.7350540800605689, 46.4444908877501, 9.0, 0.0
102589, 0 ,1.0,1.0,1.0,68.9594659610296,123.98761125811883,92.45766177531874,7.382300250713661,4.8074760854521,6.019049993739972,31.0,22.0,27.0,-0.8782595289558787,-0.36830674380405387,0.3049759699823135,7.948138376405642,-0.3362040700498485,0.02207473974267138,-0.9415304185990007,5.818173935027734,-0.3400397375015375,0.9294422243118441,0.14321357682195188,4.100621238580053,33.82723248230852,25.89168895532397,19.237979592651868,10.17771833102721,3.202061165140456,8314.0,16849.47249295181, 0.0, 0.0,0.0,NaN, 138.1365643442622,138.1365643442622,0.0, 54.49835699168699, 14.868874788788334, -7.024148181587413, 14.868874788788334, 23.111826312193845, -5.561205296745695, -7.024148181587413, -5.561205296745695, 36.22896282714115, 10.0, 0.0
102681, 0 ,1.0,1.0,1.0,89.90430201931518,33.852502194907814,45.35645302897278,97.33317854724903,2.900942956008661,3.3691884989653054,199.0,12.0,13.0,-0.9999991011915099,-2.1309439402904953E-4,0.0013237095422248856,97.3332659225111,-0.0012956500019328983,0.40751154134123024,-0.9131991376281338,3.4728754113079083,3.4482929897963657E-4,0.9132000319012663,0.40751145116214876,2.772909757187727,199.0185210219176,14.875142419512862,12.49026905788682,96.94608557376202,9.745308574442424,1139.0,36976.5527923087, 0.0, 0.0,0.0,NaN, 106.2355084602408,106.2355084602408,0.0, 9473.74764611066, 2.014857541040344, -12.525150675892881, 2.014857541040344, 8.415470034016268, -1.6296013091594097, -12.525150675892881, -1.6296013091594097, 11.351431141560086, 5.0, 0.0
102824, 0 ,1.0,1.0,1.0,168.06980392156862,190.5121568627451,151.17490196078433,3.0075444287599313,2.8552753472699273,3.50193188842568,11.0,12.0,15.0,0.1613850845143022,0.4717748947668853,0.8668236863191994,3.7344293960710466,-0.949176366798151,-0.1662968417717704,0.26722571943695367,3.019648224209473,0.2702204270742206,-0.8658948025507656,0.42095975069761343,2.529270534888265,16.08349620989418,12.709481718488462,11.813370267120014,5.214254708099022,1.5076457110117962,1275.0,2414.8052874683394, 0.0, 0.0,0.0,NaN, 59.10538712793659,59.10538712793659,6.743495761743046E-7, 9.0453234909649, 1.004249442522111, 0.3658303729334844, 1.004249442522111, 8.152597308727403, 2.966109034986545, 0.3658303729334844, 2.966109034986545, 12.26352695117265, 6.0, 0.0
103047, 0 ,1.0,1.0,1.0,176.04935872522347,31.125145744267392,63.37893509521959,3.8022806706559686,3.9194028923284425,4.0930461671727665,17.0,17.0,16.0,-0.24997448353791427,0.5209476176583888,0.816165631006355,4.467013095074098,0.7558495927410427,0.6318105980538281,-0.17177532226738307,4.108951503380359,0.6051480403448007,-0.5739590123370416,0.5516945725887966,3.119999328325097,20.038946308033523,19.73061135151832,13.953319937677122,6.567958463418568,1.8531070881771492,2573.0,5516.872867048558, 2.8421709430404007E-14, 0.0,7.105427357601002E-15,88.75474709959545, 74.56069560350797,74.56069560350797,0.0, 14.457338298444004, 2.0832127829296687, -3.0132626339265087, 2.0832127829296687, 15.361719032392562, 3.5693676250832564, -3.0132626339265087, 3.5693676250832564, 16.753026926607674, 6.0, 0.0
