// Sample: .//bubblelabels.tif, Map: .//bubblelabels.tif, Thickness:(8.191250068658265):/gpfs/home/mader/Foam/NewValid/InSilicoTest/LatticeData_OldFoam/out_Step_03500.vtk/distmap.tif, Neighbors:(1.0):
//LACUNA_NUMBER, TRIANGLES, SCALE_X, SCALE_Y, SCALE_Z, POS_X, POS_Y, POS_Z , STD_X, STD_Y, STD_Z,PROJ_X, PROJ_Y, PROJ_Z, PCA1_X, PCA1_Y, PCA1_Z, PCA1_S, PCA2_X, PCA2_Y, PCA2_Z, PCA2_S, PCA3_X, PCA3_Y, PCA3_Z, PCA3_S,PROJ_PCA1, PROJ_PCA2, PROJ_PCA3,OBJ_RADIUS, OBJ_RADIUS_STD, VOLUME, VOLUME_BOX, Mask_Grad_X,Mask_Grad_Y,Mask_Grad_Z,Mask_Angle, Mask_Distance_Mean,Mask_Distance_COV, Mask_Distance_STD, SHAPET_XX, SHAPET_XY, SHAPET_XZ, SHAPET_YX, SHAPET_YY, SHAPET_YZ, SHAPET_ZX, SHAPET_ZY, SHAPET_ZZ, Thickness, Thickness_STD, Neighbors, Neighbors_STD
1, 0 ,1.0,1.0,1.0,79.29611940298507,138.266859641188,39.687073722297605,15.429941925082735,15.51125781857984,16.099695607629876,84.0,81.0,79.0,0.10261349643691331,-0.4696158071457372,0.8768873724873962,16.339280493710678,0.9944708428556345,0.02865143356581323,-0.10102889717614483,15.420052613263861,0.02232068679489579,0.8824058527874136,0.4699592513266684,15.268671059926497,90.23639142398386,83.47824793274167,81.40030617487258,26.14792226943921,7.359931152916903,165825.0,613170.2610126539, 0.0, 0.0,0.0,NaN, 164.25791563284716,164.25791563284716,0.0, 238.08310781142592, -1.4983318306702453, 2.5781633163895057, -1.4983318306702453, 240.59911911445423, -13.948671107246104, 2.5781633163895057, -13.948671107246104, 259.2001986583368, 7.03756031370641, 5.519298430096036, 54.0, 0.0
2, 0 ,1.0,1.0,1.0,57.64729569878942,259.27989328769536,13.005876727153751,14.40947099482955,15.749751509415878,8.212597659677046,81.0,73.0,34.0,-0.24733161472482754,-0.9688949177015513,-0.008349299953511104,15.84143197784371,-0.9639404146777169,0.24517515047933539,0.10347957546485632,14.36147677105019,-0.09821379388131422,0.03364199815021866,-0.994596534606822,8.119809426633807,71.60776215956255,75.10532858170706,37.35740315749794,21.817172428248476,6.866241658653324,79466.0,200912.7654016625, 0.0, 0.0,0.0,NaN, 71.76691871250334,71.76691871250334,0.0, 207.63285435083407, 11.175217691434394, -13.614656420246874, 11.175217691434394, 248.05467260834772, 5.056757479106082, -13.614656420246874, 5.056757479106082, 67.4467603197329, 8.216574545775776, 5.594821471576125, 26.0, 0.0
3, 0 ,1.0,1.0,1.0,76.6981731172675,15.65187167594661,259.4896748806459,14.989647333551439,9.201020972603798,15.092189308313745,69.0,39.0,72.0,-0.6984333087780368,0.1329916469749525,0.7032098797828805,15.648165414016558,0.6992906640916972,-0.08222993785078045,0.7100921098246692,14.538965326149386,-0.1522612239001026,-0.9877000856312338,0.03556768955803016,8.99310283834909,74.76256722446972,76.72966676738409,40.46852573387531,22.146546789634552,6.830297031247805,88183.0,232147.97588336593, 0.0, 0.0,0.0,NaN, 88.14010033896267,88.14010033896267,0.0, 224.68952718424575, -22.736681485921373, -15.73853025386669, -22.736681485921373, 84.65878693829495, 7.716107743680237, -15.73853025386669, 7.716107743680237, 227.77417811797974, 7.154050253594171, 5.338360726663462, 30.0, 0.0
4, 0 ,1.0,1.0,1.0,154.08845897264843,176.6104958861463,14.220291305314655,15.835361182506965,15.32147648468955,8.85913553929015,78.0,67.0,38.0,-0.7621028543797009,-0.6460836739465543,0.04213223950890146,17.168594544931167,0.640851725312798,-0.7620011154460822,-0.09307720570869014,13.861044760428735,0.09224047652697412,-0.04393388576770783,0.9947670622670551,8.780739573407685,81.0787663776286,67.43217945944133,40.96376763386669,22.62983827262478,7.202847194669482,89940.0,223961.94104896527, 0.0, 0.0,0.0,NaN, 191.61775548014128,191.61775548014128,2.6973983046972182E-6, 250.7586637804484, 51.00035462230189, -13.850062682066657, 51.00035462230189, 234.74764167089484, 2.233402768598745, -13.850062682066657, 2.233402768598745, 78.48428250351378, 8.108607935993598, 5.549927424622373, 23.0, 0.0
5, 0 ,1.0,1.0,1.0,281.65076935310725,287.6669317323367,149.16355214504392,10.123115989722834,7.35279074590647,16.690716158824674,42.0,31.0,80.0,-0.08166865371226523,0.0046165663036822424,0.9966488440350443,16.726234766822785,0.973116976561737,-0.21569534934323975,0.08073949590529657,10.184230522619709,-0.21534525982284775,-0.9764497957331247,-0.013123089749323068,7.1857869559423255,80.4471133801764,47.30676430612115,33.622639312106514,19.589023950514598,7.168762491189055,50302.0,127957.43069120846, 0.0, 0.0,2.8421709430404007E-14,4.691981677815058, 150.79311697406797,150.79311697406797,0.0, 102.47747734138211, -11.018071055982707, -14.476638691662595, -11.018071055982707, 54.06353175308782, 0.1426216181873143, -14.476638691662595, 0.1426216181873143, 278.5800058944511, 7.204540671079298, 5.421776173932625, 16.0, 0.0
6, 0 ,1.0,1.0,1.0,17.01978697340282,163.76687498702324,12.930340717978531,10.303863049074296,14.055215499849655,8.1370434109068,41.0,72.0,35.0,-0.09564142117688848,0.9919257137873777,0.08328323290234868,14.120135382014425,0.9938735443922984,0.09050273560363806,0.06343999216068881,10.26810363920817,0.05539039909907936,0.0888404928828056,-0.9945045351892494,8.069571017119726,71.83184347218352,46.38880921571559,38.23790858864803,18.27518633809424,5.995641438595948,48163.0,127416.11742897435, 0.0, 2.8421709430404007E-14,-1.7763568394002505E-15,19.598082693639366, 137.89971432350532,137.89971432350532,0.0, 106.16959373407867, -9.110807712614132, 1.4725491621320361, -9.110807712614132, 197.549082747214, 11.32281763140691, 1.4725491621320361, 11.32281763140691, 66.21147547098178, 7.596589876106603, 5.230642958839981, 18.0, 0.0
7, 0 ,1.0,1.0,1.0,171.28379622110336,99.48925342428672,10.966325591467706,13.358424107750865,14.480840584048098,6.884877143301421,64.0,67.0,28.0,-0.2519173347432308,-0.9670325433380993,-0.037225214316563074,14.573067542162459,0.9662594948362493,-0.24921033226507935,-0.06509069773113442,13.287140439978009,0.05366791494612091,-0.052366691869697966,0.9971847795107789,6.827984569503682,73.98053926283136,67.20210306749149,29.956650925025137,19.836037264952207,6.48655513851049,55413.0,148933.91840158767, 0.0, 0.0,0.0,NaN, 163.0528532689645,163.0528532689645,NaN, 178.44749464253948, 9.092848260330022, -6.617299843925016, 9.092848260330022, 209.69474402061445, 8.074349825667477, -6.617299843925016, 8.074349825667477, 47.401533278354336, 6.558309293201158, 4.852644762853885, 25.0, 0.0
8, 0 ,1.0,1.0,1.0,279.17965135448463,205.6376660533285,210.31478074047288,12.445349420995845,12.989743076222988,14.344363847181032,51.0,68.0,70.0,-0.28945604142793424,0.21626246857375991,0.9324407459818848,14.638447214970094,0.33260204150131956,0.9361665438679528,-0.11387749615919296,12.969901422745236,-0.8975472589619027,0.2771691664466235,-0.3429084004530355,12.119341640373221,78.948462793447,63.97423734870611,61.129956578652184,22.079015613856928,6.4728657563954775,94021.0,308747.0970146913, 0.0, -2.8421709430404007E-14,0.0,77.51039590205026, 131.83768633897296,131.83768633897296,0.0, 154.88672221068163, 2.425130371866162, -19.001105726244763, 2.425130371866162, 168.73342518628306, 11.317478387654756, -19.001105726244763, 11.317478387654756, 205.76077418031423, 7.301885976954281, 5.102793919344325, 38.0, 0.0
9, 0 ,1.0,1.0,1.0,189.7611130365896,114.12825667178294,234.61570530276774,13.177470188219965,13.153827198637792,13.374430096896155,64.0,69.0,65.0,0.6384709193013902,-0.30103783105779774,0.7083298027603062,14.171044411844612,-0.14477784173386524,-0.9508789516953492,-0.2736212633653275,13.051613218804837,0.7559062519580858,0.0721487594818568,-0.6506921658940634,12.425021674591054,67.52909133707283,67.56071431035232,68.03677638090576,22.092748323438364,6.120027979271956,100985.0,310405.11341190385, 0.0, 0.0,0.0,NaN, 171.6186970085907,171.6186970085907,0.0, 173.64572056142595, -6.72781042778541, 21.63357206242497, -6.72781042778541, 173.02316997162333, -5.748642026849889, 21.63357206242497, -5.748642026849889, 178.8753804167617, 6.494870578932244, 4.827380577687139, 38.0, 0.0
10, 0 ,1.0,1.0,1.0,121.56371811000886,186.59535545610163,114.1702930682451,12.58556860335131,12.8165262977638,14.135766254487681,63.0,67.0,67.0,-0.14348767548331365,-0.27188141851445413,0.9515733189045205,14.283461652605888,0.22164114945551686,-0.9459274204095585,-0.2368470311938846,12.697439708281872,-0.9645136016938449,-0.1769231742420646,-0.19598903684563465,12.539438547460167,73.05213733428137,66.81343413974957,66.88880959575391,21.97664507121919,6.285446875613621,96974.0,326475.19389923144, 1.4210854715202004E-14, 0.0,0.0,81.75028637753164, 201.6759945659042,201.6759945659042,NaN, 158.39653706966226, 0.9889588821411016, -6.596585072995745, 0.9889588821411016, 164.26334634127107, -11.209279806979891, -6.596585072995745, -11.209279806979891, 199.81988760151268, 6.346900433413791, 4.6921209712304535, 35.0, 0.0
11, 0 ,1.0,1.0,1.0,259.7074536133047,141.12413070034532,126.31581428008042,13.541545514575388,13.394197603131884,13.242939614325692,74.0,67.0,64.0,-0.8179341048727501,-0.5685317031269724,0.0880653315758089,13.638518846985722,0.48114978238672923,-0.5920802170216763,0.6464796234381777,13.454372723269149,-0.3154024207187001,0.5711503472388946,0.7578315075619872,13.081440756564394,73.17427502864774,70.03965287328887,69.90457028043058,22.346673737585178,6.2273274243161305,103963.0,358267.9706240407, 0.0, 0.0,-1.4210854715202004E-14,84.94768322896998, 193.63675915871943,193.63675915871943,0.0, 183.37345492331679, 4.102712610450749, 2.0060038236137236, 4.102712610450749, 179.40452943174392, -4.533156827760059, 2.0060038236137236, -4.533156827760059, 175.3754496286767, 6.1829694761872664, 4.656560080033487, 39.0, 0.0
12, 0 ,1.0,1.0,1.0,23.39607755691471,132.58170871559633,192.36514610941217,12.937735977454917,13.233094814572857,12.774692995483827,61.0,65.0,62.0,0.32056753414106914,0.8565675639544785,-0.4043865285043568,13.34036641928789,-0.8067975282186561,0.47059385549307836,0.35723825611547644,12.999432594060504,-0.4963005183505066,-0.21173906477844437,-0.8419337051881036,12.599284414373832,65.9136723213901,67.25730971476608,65.36003234093673,21.649386251388545,6.082488525335811,94176.0,289752.54462585296, 0.0, 0.0,0.0,NaN, 172.3674786699759,172.3674786699759,0.0, 167.38501222233134, 1.3894058273821628, -5.444299131702094, 1.3894058273821628, 175.11479837147505, -4.936648395683862, -5.444299131702094, -4.936648395683862, 163.19278112886354, 6.443780782337279, 4.723712770468622, 36.0, 0.0
13, 0 ,1.0,1.0,1.0,47.005438262725626,248.974080089091,213.69484478678484,13.327029479696543,14.162598929651685,13.30341022959906,62.0,70.0,65.0,-0.019268831032766245,0.8244859619070777,0.5655542509510395,14.83565141253227,-0.8132826839280624,-0.3419453582978958,0.4707915122018362,14.093983845820402,-0.5815496437737696,0.45088387702010796,-0.6771290432922793,11.680441492146405,69.45481228915207,67.57254550286544,63.63811748620873,22.6824333057259,6.3778418186083154,107755.0,298668.86075020675, 0.0, 0.0,0.0,NaN, 110.73272120472147,110.73272120472147,0.0, 177.60971475270074, 15.970685249573588, -24.730213716719216, 15.970685249573588, 200.57920844217102, 28.997240977118917, -24.730213716719216, 28.997240977118917, 176.98072373700091, 7.050619198492599, 4.921474927516297, 41.0, 0.0
14, 0 ,1.0,1.0,1.0,260.8838007642982,280.25045879482695,26.049301552345792,14.664711100518558,10.796565162356872,13.917969220302798,74.0,51.0,63.0,0.8328817944698768,-0.05920146674000515,0.5502754789889059,15.241468422343377,0.5490785692148004,-0.036343227464435315,-0.8349801761997085,13.302218004237785,-0.06943083803084557,-0.9975842601772045,-0.0022366441456138234,10.773953530734582,78.70870777660369,69.0257336540671,53.36065092912855,21.960297395882126,6.563137699944656,92634.0,289904.4837776224, 0.0, 0.0,0.0,NaN, 50.97732370208338,50.97732370208338,NaN, 215.05375166167218, -6.945463453294523, 25.359788867040738, -6.945463453294523, 116.56581930501808, -1.939070377139823, 25.359788867040738, -1.939070377139823, 193.70986721729608, 6.548368325393638, 4.7945055224611615, 29.0, 0.0
15, 0 ,1.0,1.0,1.0,136.27129055029343,22.824807982046718,250.74871724632033,14.156506006349172,12.2734812300149,12.844600952450588,67.0,55.0,68.0,-0.8953012547868366,-0.28321600013467574,0.34383769491553945,14.388280322199599,-0.44388319533622655,0.5022883706062957,-0.7420741887788407,13.189285678160912,0.03746160801697654,-0.8170037270547725,-0.5754142315787766,11.621054603980062,67.41284993599476,66.7916241518729,66.1131467323763,21.843320730129072,6.2368354892318765,94913.0,297681.9626028569, 0.0, 0.0,0.0,NaN, 146.68512310572842,146.68512310572842,0.0, 200.4066623078002, 9.575011002394618, -9.34007691649731, 9.575011002394618, 150.63834150352807, -21.51133490278653, -9.34007691649731, -21.51133490278653, 164.98377362769455, 6.857208886998216, 4.749916497722643, 29.0, 0.0
16, 0 ,1.0,1.0,1.0,237.0546319307567,243.1565472619762,9.615926814637072,13.588886122385262,13.135609749470113,6.66437306648673,64.0,64.0,28.0,-0.8413537704006004,0.5277779425071087,-0.11650869682413195,13.945443430005138,-0.5317506527020258,-0.8468933360806152,0.00359453101473836,12.837183823806756,0.09677332475255744,-0.06497784780376659,-0.9931831668484553,6.507477001201273,65.39079116448247,59.3961702419071,31.30128972628593,18.967744504557704,6.468431519051032,46676.0,121573.03750990672, 0.0, 0.0,0.0,NaN, 85.35668414984802,85.35668414984802,0.0, 184.65782604715474, -12.410322125247154, 14.67832262024763, -12.410322125247154, 172.54424349037427, -9.727216925926543, 14.67832262024763, -9.727216925926543, 44.41386836931374, 6.030131369488861, 4.535331370808603, 15.0, 0.0
17, 0 ,1.0,1.0,1.0,144.418321104877,151.8732076919388,58.794334148563756,12.274009264695337,11.702676328465504,13.518952704339428,61.0,59.0,67.0,0.3563217449121089,0.1219260762905166,0.9263740313842941,13.697193216100693,-0.7443153385172794,-0.5622963739346413,0.36030190772165316,12.484580927867096,-0.564826956643093,0.8178978052179585,0.1096069763698835,11.264464299608857,69.823790509504,65.50846621149125,60.148936260327346,20.86637554282331,5.912731230716964,83412.0,275124.2070963735, 0.0, 0.0,0.0,NaN, 215.06969056145462,215.06969056145462,NaN, 150.65130342982698, 14.76564719710798, 12.27363327284043, 14.76564719710798, 136.95263324882686, 0.9882736051792751, 12.27363327284043, 0.9882736051792751, 182.76208222216636, 5.709759641421036, 4.491634649355464, 31.0, 0.0
18, 0 ,1.0,1.0,1.0,32.99026927432202,11.79402337677293,73.54574592633821,13.352773782748924,7.415953221543825,12.795248307869066,66.0,31.0,60.0,-0.9215319311107044,-0.041738958505279124,-0.3860527933926525,13.4910059902008,0.3816936597070424,0.08527816633646336,-0.9203464480757964,12.688930742996872,0.07133617653631164,-0.9954825431363349,-0.0626550574813806,7.348136029580183,67.98247471463193,67.6560235839493,32.83510287127204,18.962932155955876,6.117067368111847,52103.0,151022.55731842783, 0.0, 0.0,0.0,NaN, 81.4643087374197,81.4643087374197,0.0, 178.296567693267, 8.407146802526219, 7.948653497584513, 8.407146802526219, 54.99636218412624, -6.336315657803543, 7.948653497584513, -6.336315657803543, 163.71837926002618, 6.520371754981162, 4.66361994783231, 28.0, 0.0
19, 0 ,1.0,1.0,1.0,219.05814996878902,29.867041198501873,269.3712449282147,12.31021473572071,13.79323143131762,14.081215457062418,57.0,65.0,62.0,-0.18542651187438525,-0.6060234920822096,0.7735325046425531,14.61220999422773,0.012711273291919517,-0.7885971401727202,-0.6147788009054181,13.312724019841726,-0.9825759167745749,0.10416370555951467,-0.1539301472055237,12.220063304327741,67.0748696926427,63.524858619986816,54.93757053014846,22.359813562245602,6.333560323174762,102528.0,234084.68170240195, 0.0, -3.552713678800501E-15,0.0,52.697472389947, 91.55186439213277,91.55186439213277,0.0, 151.5413868395553, 6.933186060144936, -9.424541220564283, 6.933186060144936, 190.25323331788834, -16.563750284201465, -9.424541220564283, -16.563750284201465, 198.28062874821356, 6.3522310488445735, 4.642233627615171, 36.0, 0.0
20, 0 ,1.0,1.0,1.0,161.6613866728331,256.5585488367313,281.57378502331676,14.938773494918888,12.687104532415644,10.011533838576584,71.0,65.0,43.0,-0.9575758128212408,0.2879408376279407,0.011774409788184838,15.146480565655686,0.2849845284129556,0.9522311702284945,-0.10972518858729285,12.46612565815974,-0.042806322722061925,-0.10171466202761414,-0.9938922206475017,9.976984629590373,75.16285483143024,62.252648931115175,45.15181307036676,21.05075921502916,6.420741485278313,77841.0,211269.25318748204, 0.0, 0.0,0.0,NaN, 146.1651703205008,146.1651703205008,0.0, 223.16695353249108, -20.65009146544125, -3.211201993235203, -20.65009146544125, 160.96262141644158, -5.39656511663139, -3.211201993235203, -5.39656511663139, 100.23080980096398, 6.695944030816585, 4.881277591501057, 32.0, 0.0
21, 0 ,1.0,1.0,1.0,41.1071973445489,85.56789130793337,39.62603084281709,12.523812159590474,12.612284271193952,14.362676018936577,59.0,60.0,71.0,-0.07552233810709276,-0.04551879361692377,0.9961046209482708,14.375725533633497,-0.4114529237341155,-0.9085259694056561,-0.07271213424292777,12.633500869456077,-0.908296685008531,0.4153415490210114,-0.04988516472199506,12.487402417402066,70.51134936836935,62.95576476075382,61.44134242560253,21.977953256245808,6.258723403165138,97008.0,272744.0127141932, 0.0, 0.0,0.0,NaN, 102.86830423782575,102.86830423782575,0.0, 156.84587100870618, 1.54633121277424, -3.706241698977888, 1.54633121277424, 159.06971453740636, -2.0575523578550445, -3.706241698977888, -2.0575523578550445, 206.28646242493585, 5.986913541046484, 4.452671818909782, 35.0, 0.0
22, 0 ,1.0,1.0,1.0,190.63663733810895,281.84807547561576,59.93637260245529,14.117244057893107,10.225066223895588,12.86419109511852,66.0,44.0,68.0,0.9780774556913174,0.15115890717037425,-0.1432322430581106,14.223894867872112,-0.1451328116133181,0.0015584970721050084,-0.9894109551041417,12.835539817083067,-0.1493350516845013,0.9885082477500804,0.02346244804901979,10.11265069092628,68.89763935204385,66.83675402688115,47.69920679621853,20.748016152527477,6.233441853370569,77058.0,219649.81857934422, 0.0, 0.0,0.0,NaN, 126.02462544040988,126.02462544040988,NaN, 199.29657979011822, 14.778285360601648, -5.04406508255137, 14.778285360601648, 104.5519792830504, -2.2625929292618188, -5.04406508255137, -2.2625929292618188, 165.48741253172662, 6.138632329544722, 4.682245151363663, 35.0, 0.0
23, 0 ,1.0,1.0,1.0,32.62695896771889,288.5563245077466,207.846229405724,12.99701031729322,6.742938099134095,12.48131060579503,64.0,27.0,66.0,0.7945767228362848,-0.015579541261298825,0.6069638452336659,13.673939828379075,0.6063188701274757,0.07307919995005419,-0.7918565894541774,11.758471803918534,0.03201966979985234,-0.9972044466551221,-0.06751320105846675,6.703306366356332,64.30276297116855,65.82670511971432,29.522041369709882,18.27700007748433,6.0103139687075435,44794.0,124962.04855602168, 0.0, 0.0,0.0,NaN, 98.42658987791695,98.42658987791695,0.0, 168.9222771878264, 2.376907231424865, 23.69597475933478, 2.376907231424865, 45.46721420875413, -6.7438727684658755, 23.69597475933478, -6.7438727684658755, 155.7831144383315, 5.867019280390095, 4.501304708547906, 21.0, 0.0
24, 0 ,1.0,1.0,1.0,281.2263839676369,105.50188641351906,168.6799408971582,10.7347645319513,12.145553987305501,12.608638018314576,45.0,63.0,60.0,0.16777569583183605,-0.5492792593545662,0.8186229969473382,12.88019749487816,0.28963959580606413,-0.7662797081770021,-0.5735192354031968,12.042094069665973,-0.9423164120556549,-0.33332822274609014,-0.030529911422898032,10.526912500924944,66.24458540496049,60.98638619096157,51.94774659269211,19.74168222620695,5.656269686936373,69709.0,209869.82446626958, 0.0, 0.0,0.0,NaN, 169.4935238247041,169.4935238247041,0.0, 115.23516955643959, -12.665929356205691, 1.885005561720156, -12.665929356205691, 147.51448165855257, -9.740096863073163, 1.885005561720156, -9.740096863073163, 158.9777526768877, 6.25338689663979, 4.638853090922936, 24.0, 0.0
25, 0 ,1.0,1.0,1.0,277.2777714739589,207.0356745716555,11.235629184159764,12.583284402104388,11.834144423358772,7.166152240686983,49.0,61.0,28.0,-0.8832700822052386,0.4677932229443435,-0.03167747541226465,12.858064584264076,-0.4688545742334268,-0.8807925115179212,0.0661811141818067,11.55565118147885,0.0030577935742391663,0.07330792741100593,0.9973046664270454,7.132801653820231,60.51052006013033,60.41540499299191,30.316172122352313,17.821650657932317,5.668203096262041,44065.0,110828.87906633782, 0.0, 0.0,0.0,NaN, 96.35821103933341,96.35821103933341,0.0, 158.3390463442436, -13.156556377103595, 0.637601243297051, -13.156556377103595, 140.04697423291353, -6.5142042227959065, 0.637601243297051, -6.5142042227959065, 51.35373793670306, 6.5891949191282, 4.709070876650003, 15.0, 0.0
26, 0 ,1.0,1.0,1.0,91.49550990427447,265.5484551227372,40.14946450573405,11.633278600882061,12.631932798161747,13.528612897468802,62.0,61.0,67.0,-0.30805731541405024,-0.3763221913568525,0.8737747414020751,13.967734197583377,0.05482931000210733,-0.9239367263170117,-0.37859565835769216,12.40323828491352,-0.9497865219008852,0.06872069597274061,-0.3052589536122425,11.35712752353734,70.59000654837094,62.801476009075486,57.36257371132695,21.017443286609986,6.015757794890579,84408.0,254297.2723978406, 0.0, 0.0,0.0,NaN, 105.68971935420417,105.68971935420417,NaN, 135.3331710057405, 6.4052561900710545, -18.311846660889305, 6.4052561900710545, 159.5657262172745, -13.044833544551228, -18.311846660889305, -13.044833544551228, 183.02336692955922, 5.9333703413665, 4.354454545551057, 36.0, 0.0
27, 0 ,1.0,1.0,1.0,52.949377660746805,188.80494623406452,48.37724314730822,13.917355184960966,11.162047808228259,12.997710887247381,73.0,56.0,68.0,-0.934595567948521,0.033762284827292766,0.3541062446416642,14.055422788239197,0.34965604701289815,0.2701077385408036,0.8970966828428737,12.986108017024097,-0.06535880321957602,0.9622379735302563,-0.26424668235966753,11.00139371807186,70.14546812938188,67.30873279455801,58.34749350523671,21.205716889707148,6.127164606860714,86207.0,275482.00585110014, 0.0, 0.0,0.0,NaN, 132.31906223671425,132.31906223671425,0.0, 193.6927753443599, 2.0817078121899186, -10.391844176286991, 2.0817078121899186, 124.59131127317328, 12.450988243668926, -10.391844176286991, 12.450988243668926, 168.9404883084691, 6.0378102288171265, 4.332383407701868, 32.0, 0.0
28, 0 ,1.0,1.0,1.0,68.74434183507445,62.282004959660675,161.40853241171916,13.534259947677661,12.773617465275647,11.990954444830269,65.0,61.0,58.0,-0.93584068410948,0.26699045671306637,-0.2300398008816052,13.749429281533907,-0.155782983752896,-0.8988965088876526,-0.4095323287393021,12.841953695502735,-0.3161231974065576,-0.3474207281290786,0.8828164938013539,11.668843288568205,68.57795540646046,63.21103727525025,65.21478461662215,21.309778715142468,6.00148440722317,89119.0,282698.50653741497, 0.0, 0.0,0.0,NaN, 166.7705836303461,166.7705836303461,1.9073486328125E-6, 183.17619233131174, -9.187365197085885, 13.21953794890581, -9.187365197085885, 163.16530314919507, 7.336973747783073, 13.21953794890581, 7.336973747783073, 143.78298849799478, 6.25337934320192, 4.38823783243203, 37.0, 0.0
29, 0 ,1.0,1.0,1.0,124.14440113179593,168.74336648572503,273.78770325573487,13.107112468878187,11.571422442088492,12.965741118039135,67.0,57.0,61.0,0.7606662384557676,-0.07335403841013188,0.644985316671999,13.559847425314066,-0.618777134172732,0.2184017117300474,0.7545962831464031,12.550330599557244,0.19621858193997516,0.9730980820874687,-0.12074100686657813,11.50757997969697,74.50177935474846,65.82961490784052,60.968474668408874,20.896893240457402,6.092988613322817,82347.0,299015.2165618288, -1.4210854715202004E-14, -2.8421709430404007E-14,0.0,78.91518672232208, 182.5574448618362,182.5574448618362,0.0, 171.79639727182203, -6.260754743727875, 13.526387367919197, -6.260754743727875, 133.89781733326922, 1.7003841415406096, 13.526387367919197, 1.7003841415406096, 168.1104427400107, 5.685312986887454, 4.230182665344707, 30.0, 0.0
30, 0 ,1.0,1.0,1.0,275.9894082380371,208.56653713778172,287.31562118352394,13.237325183400678,12.083291644684582,7.216181193850749,55.0,60.0,34.0,-0.938138905792724,0.34305754744788713,0.046977788124509284,13.429552081372485,-0.3378914218908542,-0.9366493796163532,0.09228936383396474,11.913846410548716,0.0756622789149758,0.07070685117682457,0.9946234266022748,7.142365196742794,61.82817542333561,64.26702051708745,37.14271221184083,18.34122621956116,6.074982038406273,45035.0,147587.03565778557, 0.0, 0.0,0.0,NaN, 95.38071143421064,95.38071143421064,0.0, 175.22677801109378, -12.849156473527152, -8.535637808270447, -12.849156473527152, 146.00593697050422, -5.775480379181414, -8.535637808270447, -5.775480379181414, 52.07327102248523, 5.8022903889149635, 4.429540822923118, 21.0, 0.0
31, 0 ,1.0,1.0,1.0,13.060122180947518,250.00216545483354,81.29210753331807,8.320476240376877,11.86567123530556,13.657447038585005,33.0,57.0,59.0,-0.06276708435676259,0.029431121141905513,0.9975941570747502,13.674793355234511,-0.11551867002152595,0.9926325176813153,-0.03655299875675118,11.907027918310739,-0.9913201954957888,-0.11753507540297795,-0.058904805001013416,8.232438957380188,58.47154585049253,58.77351328199484,36.476885141048726,19.024791904428845,5.882825115194165,56801.0,125355.66742835971, 0.0, -2.8421709430404007E-14,0.0,88.31347743736973, 96.32630480712767,96.32630480712767,0.0, 69.23032486667611, -8.706138888897309, -7.1530351089994655, -8.706138888897309, 140.79415386435778, 0.8153918200981936, -7.1530351089994655, 0.8153918200981936, 186.5258596117543, 7.8325459172821335, 4.952377791807339, 26.0, 0.0
32, 0 ,1.0,1.0,1.0,59.870984482191226,44.16958205705896,35.384755588183175,11.765320961134455,12.063946027624144,13.812337869176762,62.0,60.0,68.0,-0.3289965733155678,-0.4717066112726653,0.818079536248324,14.680403182609192,-0.6530567448605709,-0.5121044439756737,-0.5579121135559629,11.925507091379545,-0.6821129985117789,0.7178035325505334,0.1395705768392668,10.817129540581758,74.80270839760226,59.49017573403159,54.50541299499847,20.900805662348947,6.15618153995632,79006.0,242550.5195734724, 0.0, 0.0,0.0,NaN, 82.3866960740477,82.3866960740477,0.0, 138.42277731850976, 23.71701579509927, -17.32759773042117, 23.71701579509927, 145.53879375742838, -30.810039178928253, -17.32759773042117, -30.810039178928253, 190.78067741229444, 6.397678188415122, 4.348781330483352, 29.0, 0.0
33, 0 ,1.0,1.0,1.0,135.39668135499863,142.76348113467364,174.94808592674195,12.342450140234261,11.465970842385268,11.834246247479577,58.0,52.0,55.0,-0.8643286991275917,0.4570253919234975,0.20991353220213868,12.642171937355133,-0.3166372032738726,-0.17022781452520253,-0.9331470262851795,11.860962036052172,-0.3907387635841948,-0.8730121890896747,0.291844027407703,11.106170147907045,66.21236832753533,54.78946219211761,59.75799245252543,19.828918385681195,5.537864455055223,72620.0,216786.462595274, 0.0, 0.0,0.0,NaN, 233.13441204812057,233.13441204812057,0.0, 152.33607546416874, -13.474960080509012, -1.496192664440348, -13.474960080509012, 131.46848735842914, 6.253185401785876, -1.496192664440348, 6.253185401785876, 140.04938424598444, 5.602977147694709, 4.103446795653185, 31.0, 0.0
34, 0 ,1.0,1.0,1.0,239.4952149617064,94.93873027250163,185.07126455089661,12.94615906810903,11.329826977754795,11.880526128170866,66.0,56.0,59.0,0.8795301695640368,-0.3321005048025054,0.3407872291277621,13.333196258116589,0.39992610293627934,0.12782920085700847,-0.9075895589959483,11.721093762804475,-0.2578483915343617,-0.9345421071937743,-0.24524529937383704,11.043403170711654,72.97797940686104,59.42249967131653,58.145893131806616,20.118133051384323,5.68995936466737,75339.0,252151.64004463636, -2.8421709430404007E-14, 0.0,0.0,28.4142600995981, 160.8813405905574,160.8813405905574,0.0, 167.60303461678163, -15.515152679711283, 11.130665271248741, -15.515152679711283, 128.36497934586035, -8.106983671578586, 11.130665271248741, -8.106983671578586, 141.1469010821506, 5.8895312605679155, 4.295552223927819, 34.0, 0.0
35, 0 ,1.0,1.0,1.0,272.9634482842452,65.83864733125068,238.92182770734317,13.074730709950472,12.677167146872936,11.675641036087004,58.0,70.0,58.0,0.9267390558648559,0.28408807760970706,0.24586314586520647,13.210911164743733,-0.28978684880754746,0.9569962641452394,-0.013480826022422872,12.633057701017647,0.23911985403329966,0.05875469829788995,-0.9692108030944648,11.56967687236957,65.54617832818957,68.72845958301205,60.78632169841458,20.80132546166916,5.940084397445717,82267.0,273835.5631625649, 0.0, 0.0,0.0,NaN, 93.78830279783807,93.78830279783807,0.0, 170.94858313772198, 3.5701777447223417, 9.367412643173795, 3.5701777447223417, 160.7105668697545, 2.5086892798725176, 9.367412643173795, 2.5086892798725176, 136.32059360355882, 5.67056619489722, 4.265522855156444, 35.0, 0.0
36, 0 ,1.0,1.0,1.0,131.56489721932,276.0653818557168,59.03626590803238,12.748013470294064,12.099264256537031,12.199495479631327,62.0,53.0,69.0,0.8111451735478583,0.11119033878165091,-0.5741778609382608,13.082637959587784,-0.4433838998045649,0.757131940693334,-0.4797519585953159,12.675123083618743,-0.381384615347959,-0.6437297048789715,-0.6634439254619198,11.221299914863998,62.98667609515654,66.95598402193542,60.792648662112754,20.571041989540614,5.879112552957757,79441.0,256382.9575422316, 0.0, 0.0,7.105427357601002E-15,54.957922395404495, 146.1761568054339,146.1761568054339,0.0, 162.5118474387989, -7.582546495602376, -13.679201783573584, -7.582546495602376, 146.3921955495146, -15.507349669897884, -13.679201783573584, -15.507349669897884, 148.82768995754518, 6.2604747573618935, 4.293911088873401, 24.0, 0.0
37, 0 ,1.0,1.0,1.0,36.05881658759942,176.24052963251435,209.05138190658263,12.101391802899979,13.052101544542497,12.809990309189986,66.0,63.0,67.0,0.19582521468401312,0.792466850290061,0.5776233863732578,13.418018197240809,-0.1792492807922601,-0.5501778589160435,0.8155820123654121,12.495239169313825,-0.9641173064671215,0.2632500992400727,-0.03431041562957623,12.03007380600988,60.585425397837554,58.8907403774042,70.4487327359212,21.0774619810763,6.0528907518783495,84738.0,251355.48179653744, 0.0, -2.8421709430404007E-14,-2.8421709430404007E-14,12.544396446407221, 157.76024813761222,157.76024813761222,0.0, 146.4436835672948, 6.606294700270802, 2.327408159002927, 6.606294700270802, 170.3573547290486, 11.048794330524666, 2.327408159002927, 11.048794330524666, 164.09585172154138, 5.603809437775559, 4.218917412322899, 41.0, 0.0
38, 0 ,1.0,1.0,1.0,200.61246668640806,175.45957950843945,193.5893544566183,12.473555505809644,10.696923534973186,11.736056719774954,63.0,53.0,56.0,0.9204403656651735,0.28189321993875777,0.27078727039268374,12.70435422629835,-0.27847712901614363,-0.013229955497916807,0.9603517360282373,11.661219242787446,-0.27429914667947386,0.9593545647100871,-0.06632342950142513,10.505433682801062,64.15635820895821,56.424820493887836,51.19160966882045,19.429050027749852,5.500981950406543,67540.0,185314.18987755443, 0.0, 0.0,0.0,NaN, 191.60225363845353,191.60225363845353,0.0, 155.5895869565141, 13.336615843261592, 5.86882978305509, 13.336615843261592, 114.42417311306325, 3.5702611440120045, 5.86882978305509, 3.5702611440120045, 137.73502732977485, 5.943419951763526, 4.19877708693179, 34.0, 0.0
39, 0 ,1.0,1.0,1.0,163.54541421212195,9.923886519928027,223.39035271499347,13.196121113428044,6.548938037979247,11.59132871095799,59.0,27.0,57.0,0.9475367762457494,-0.023792823090497288,0.31876003393022273,13.385644877721116,0.3196454936760798,0.07334760517863806,-0.9446940706848614,11.39602486463341,9.033462169962168E-4,-0.9970225826850375,-0.07710482203902243,6.506937193736188,62.130097358351236,58.603976698598615,28.628562664392454,17.784931231521,5.922948948040669,40571.0,104238.6229297532, 0.0, 0.0,0.0,NaN, 156.80362101474213,156.80362101474213,0.0, 174.1376124402614, -1.0327514952298045, 14.898357820182566, -1.0327514952298045, 42.88858942529147, -7.102772690249278, 14.898357820182566, -7.102772690249278, 134.35890128547902, 6.603199969321076, 4.339813496790534, 18.0, 0.0
40, 0 ,1.0,1.0,1.0,104.021589289126,229.42260041444382,156.78675249474597,12.088194249425321,10.926660106293989,11.997265987494968,59.0,52.0,59.0,-0.8250248095115938,0.5397896561639115,0.16721600039710766,12.853632606719366,-0.19024844957562945,0.013314767609303668,-0.9816456816986362,11.98731117726069,-0.5321086271847396,-0.8416946263710835,0.09170913157158928,10.026925352071858,59.90645824589751,59.77579371010253,54.02293526538418,19.4726339804627,5.501568715186869,68043.0,193453.75903877403, 0.0, 0.0,0.0,NaN, 190.55627680949277,190.55627680949277,0.0, 146.1244402118394, -28.91240539083851, -0.8628769956466265, -28.91240539083851, 119.39190107847658, 5.273737666087329, -0.8628769956466265, 5.273737666087329, 143.93439117470362, 5.937680236733192, 4.144615671903694, 23.0, 0.0
41, 0 ,1.0,1.0,1.0,51.93696879729887,21.549030736989174,165.11283327511933,12.073563190031786,10.892173079087202,12.137044062168815,58.0,49.0,58.0,-0.6607711564398425,0.3488025633320679,-0.6646188762216523,12.277279662615642,0.6910115788370084,-0.06303034879909551,-0.7200903922726996,12.121931505489556,-0.29306053424222556,-0.9350743002260531,-0.19937797352370282,10.679203234214324,60.59635116040762,60.25063296377633,52.31802832338562,19.526620582671487,5.5162749818968235,68712.0,191011.47405574154, 0.0, 0.0,0.0,NaN, 146.1381442355864,146.1381442355864,0.0, 145.7709281036905, -9.888158514933414, -0.25751424911889137, -9.888158514933414, 118.63943438479197, -7.0115647238309995, -0.25751424911889137, -7.0115647238309995, 147.3078385670273, 5.7500359702138395, 4.120232613278331, 28.0, 0.0
42, 0 ,1.0,1.0,1.0,187.58301375866765,66.72086652996697,61.14467732089471,11.694476162546804,11.237658100432188,11.331174117092065,57.0,57.0,57.0,0.24870016549713672,0.6723261638915129,0.6972271918310556,11.995455358079214,0.9658508132986965,-0.11813964358422947,-0.23059755216401895,11.680461293263846,0.07266659570905383,-0.7307670996704179,0.678748121107781,10.541210267295476,56.89500182746052,60.58215587495769,51.98528248883565,19.044627388452927,5.3612877935664205,63887.0,179184.0085599535, 0.0, 0.0,0.0,NaN, 144.31882895440188,144.31882895440188,0.0, 136.76077271637544, 2.5913391512877393, 0.04453494182916861, 2.5913391512877393, 126.28495958220917, 16.05287508669243, 0.04453494182916861, 16.05287508669243, 128.39550687185712, 5.376213681298161, 4.021168308999656, 31.0, 0.0
43, 0 ,1.0,1.0,1.0,92.19257527992173,158.62182030655507,106.50699804326557,11.302731992955241,11.571160396470907,13.221315763189912,57.0,56.0,61.0,-0.06425361180021355,0.16994087912166936,0.9833572956835074,13.25390643035637,0.6662774679700816,-0.7262893924735226,0.16905044825678067,12.511894048200535,-0.7429305546590503,-0.6660509109548575,0.0665610619671888,10.209464510804025,61.47506654364774,57.95147884472524,53.34640093505283,20.092296664423795,5.722439050279485,73592.0,190050.34190088583, 0.0, 0.0,0.0,NaN, 199.57705595174062,199.57705595174062,0.0, 127.75175050457398, -26.095437512018815, 1.3789654273676644, -26.095437512018815, 133.89175292085676, 5.514203480570147, 1.3789654273676644, 5.514203480570147, 174.80319050997406, 6.190363562733003, 4.294557421834684, 28.0, 0.0
44, 0 ,1.0,1.0,1.0,84.64936596483324,207.96788085174046,190.3782215214194,13.666298917952581,12.403868055859144,10.204258284219337,64.0,60.0,52.0,-0.9508715485285074,0.2957124332892087,-0.09163762871863086,13.799395852266116,-0.3081444953028198,-0.932560698702281,0.18808910986679744,12.359505370436919,-0.029837362711354624,0.20708621401263988,0.9778675941825368,10.078187193322789,63.59874188271873,58.217228009023046,53.5355737801805,20.276127415137974,5.799070014935927,75469.0,198217.73489560233, 0.0, 2.8421709430404007E-14,-2.8421709430404007E-14,75.42067154755719, 166.28998896498462,166.28998896498462,0.0, 186.76772611483187, -10.27480073806785, 4.775543572855107, -10.27480073806785, 153.8559427471629, -11.386306841644666, 4.775543572855107, -11.386306841644666, 104.12688713105896, 5.719451973209982, 4.112421695561215, 21.0, 0.0
45, 0 ,1.0,1.0,1.0,26.19257271051999,11.743029404695136,264.0588694816121,12.210180451136658,7.595209743347968,13.2678096348299,50.0,33.0,66.0,0.34878852556063594,0.14472146472145087,0.9259601838557183,13.506755218930826,-0.9307491584419758,-0.06224671766467365,0.36032117645168793,12.071446316256301,-0.10978419055944066,0.9875125537373447,-0.11298844062272972,7.393120957381939,66.75558757409661,56.29185062187808,35.267594347644994,18.646528987344883,5.9259975468237105,49924.0,132528.40958889035, 0.0, 0.0,0.0,NaN, 45.99689628371904,45.99689628371904,0.0, 149.0885066493198, 11.725432964170762, 10.727306081319172, 11.725432964170762, 57.6872110454479, 15.08014655435483, 10.727306081319172, 15.08014655435483, 176.03477250608512, 6.043001884852295, 4.249453093611489, 25.0, 0.0
46, 0 ,1.0,1.0,1.0,287.762993446121,78.75678250266728,284.8034217344917,7.579150550149845,10.437182892012864,8.40603597507285,31.0,51.0,36.0,-0.0567163749526136,-0.9801889343349071,0.18977066638349027,10.510367962138812,0.36699773760796195,-0.19723727500217214,-0.9090710191950652,8.457331341245208,-0.9284912026523848,-0.018086192443874577,-0.3709137045729249,7.4192629338917,50.255744233942,43.02997015644169,36.39464762149731,14.689604576401617,4.61034358658235,26244.0,78703.54101907341, 0.0, 0.0,0.0,NaN, 81.13760601935354,81.13760601935354,0.0, 57.44352306183669, 1.888095837775895, -6.095020454635874, 1.888095837775895, 108.934786721326, -7.3540908043263045, -6.095020454635874, -7.3540908043263045, 70.66144081421895, 6.824761766084691, 4.4847424672289415, 12.0, 0.0
47, 0 ,1.0,1.0,1.0,121.5430282980911,236.93020474764182,78.29181009432698,11.773318003890687,12.518340574459373,14.179110439506733,61.0,62.0,66.0,0.13722640888426738,0.328060620079667,0.9346363690000901,14.45111937314861,0.14090625082563255,-0.9404323086614126,0.30940669240342883,12.269605638233648,-0.9804663896243421,-0.08923733735780347,0.17527794053530463,11.704228584569561,67.48716135350571,59.22891600768148,59.7659841311836,21.42329066079769,6.116343489176957,89476.0,238896.07846325316, -1.4210854715202004E-14, 0.0,1.4210854715202004E-14,59.69495689744908, 157.73431563515632,157.73431563515632,0.0, 138.61101682073658, 1.4382874929767235, 9.80565214288567, 1.4382874929767235, 156.7088507381558, 18.085233515569417, 9.80565214288567, 18.085233515569417, 201.04717285572883, 6.039113739224876, 4.220685378258125, 38.0, 0.0
48, 0 ,1.0,1.0,1.0,23.934594872296703,188.37031509932478,121.717499266073,12.415815589162056,12.512689068202427,12.159606732271783,52.0,61.0,58.0,-0.5426128846060239,-0.5962876316309198,0.5916183886793221,13.369775991494373,0.7163195087315076,-0.696330118334734,-0.044841138596019806,12.192607398781632,0.43869991893113147,0.39945641397269327,0.8049701575001985,11.452742689047783,62.62895064188628,63.00574784744249,58.26329743186864,20.63317909243151,5.731301849037352,81752.0,229906.03200108834, 0.0, 0.0,0.0,NaN, 166.88079880654783,166.88079880654783,1.9073486328125E-6, 154.15247674407954, 6.6703820681584185, -15.83784533007514, 6.6703820681584185, 156.56738771751253, -16.240747294024946, -15.83784533007514, -16.240747294024946, 147.85603588350926, 6.036661699228699, 4.30304209693255, 25.0, 0.0
49, 0 ,1.0,1.0,1.0,217.70898725576308,137.82583981041083,208.7773984521304,11.632965862936702,12.144547916336666,10.208435783748996,61.0,58.0,59.0,0.0518870779598633,-0.9891643167050461,-0.13733785238683052,12.177219901518495,0.9815080707128853,0.07588514036765154,-0.17573660004919828,11.68134891583176,0.1842542761138996,-0.12567975186489502,0.9748102183014506,10.113827316502544,56.33687187621382,59.92195009539506,56.348562299533995,18.90544584950305,5.441710874615237,60341.0,190222.33452310215, 2.8421709430404007E-14, 0.0,0.0,87.02575382379999, 184.63297628289095,184.63297628289095,0.0, 135.32589476825063, 0.18393376097202913, -6.2206772042323975, 0.18393376097202913, 147.49004409219728, 5.7928221331009, -6.2206772042323975, 5.7928221331009, 104.21216115092697, 5.770854532651488, 4.092155287010389, 30.0, 0.0
