// Sample: .//bubblelabels.tif, Map: .//bubblelabels.tif, Thickness:(8.191250068658265):/gpfs/home/mader/Foam/NewValid/InSilicoTest/LatticeDataPhi_16.0/out_Step_05000.vtk/distmap.tif, Neighbors:(1.0):
//LACUNA_NUMBER, TRIANGLES, SCALE_X, SCALE_Y, SCALE_Z, POS_X, POS_Y, POS_Z , STD_X, STD_Y, STD_Z,PROJ_X, PROJ_Y, PROJ_Z, PCA1_X, PCA1_Y, PCA1_Z, PCA1_S, PCA2_X, PCA2_Y, PCA2_Z, PCA2_S, PCA3_X, PCA3_Y, PCA3_Z, PCA3_S,PROJ_PCA1, PROJ_PCA2, PROJ_PCA3,OBJ_RADIUS, OBJ_RADIUS_STD, VOLUME, VOLUME_BOX, Mask_Grad_X,Mask_Grad_Y,Mask_Grad_Z,Mask_Angle, Mask_Distance_Mean,Mask_Distance_COV, Mask_Distance_STD, SHAPET_XX, SHAPET_XY, SHAPET_XZ, SHAPET_YX, SHAPET_YY, SHAPET_YZ, SHAPET_ZX, SHAPET_ZY, SHAPET_ZZ, Thickness, Thickness_STD, Neighbors, Neighbors_STD
1, 0 ,1.0,1.0,1.0,130.82511013215858,15.253473398847849,180.22494069806845,21.04873916203715,9.432898716057124,11.793802699653163,86.0,38.0,51.0,-0.9732979066983589,-0.01839404844976194,0.2288074382493291,21.472694093120413,0.20961507396281148,0.3350383840246959,0.9185917493629504,11.21942676041079,0.09355589550721918,-0.9420249148572174,0.32223648800856486,9.174456505333959,88.63617618203692,59.24632809800326,45.78638226148647,24.199384379691598,9.247301025768676,88530.0,240441.14151892113, 0.0, 0.0,0.0,NaN, 73.54513450495728,73.54513450495728,0.0, 443.0494203114764, 9.67660147559431, -75.90581998386773, 9.67660147559431, 88.97957818739216, 11.248958892300607, -75.90581998386773, 11.248958892300607, 139.09378211834624, 11.110571030673368, 6.455083542577885, 12.0, 0.0
2, 0 ,1.0,1.0,1.0,170.07898580818858,63.49878990104398,167.79725472225007,15.841752340308762,14.739328596272534,14.53616645122039,66.0,72.0,69.0,-0.8516270562096973,-0.49882093906481406,0.16096281521550687,16.533080547681376,0.1275529243014813,-0.4950936867284583,-0.8594256761720369,14.690020822734434,0.5083911964557855,-0.7113788808448838,0.48526124845709145,13.79744888048762,81.83037817321261,75.89016909901429,74.95717033694453,24.99954942938801,7.384550636686394,139658.0,465493.11537499004, 0.0, 7.105427357601002E-15,0.0,60.07797543373477, 77.22939992378,77.22939992378,0.0, 250.96111721167813, 33.64203875611531, -14.16136216214701, 33.64203875611531, 217.24780746889726, 4.157092583654939, -14.16136216214701, 4.157092583654939, 211.30013509758518, 8.047180444716599, 5.538772572067586, 19.0, 0.0
3, 0 ,1.0,1.0,1.0,179.90557607125896,162.17646089577698,91.98154555940023,11.617716668266553,13.585161472116484,15.684661165616332,52.0,70.0,79.0,0.0188823545710946,0.24691543326673468,0.9688530463907062,15.821482923576857,0.0021854497743789914,-0.9690336896291841,0.24691887771681992,13.427108554525123,-0.9998193239256455,0.0025450301277047216,0.01883725899683776,11.615936580911326,77.08616860058405,72.11547372905311,52.78329270402557,22.77044458822271,6.858819281949545,103173.0,293427.8962938333, 0.0, 0.0,0.0,NaN, 101.4643321906406,101.4643321906406,0.0, 134.97134058411848, 0.44192843134016824, 2.1354348215099894, 0.44192843134016824, 184.5566122234781, 16.751233186449383, 2.1354348215099894, 16.751233186449383, 246.00859588019307, 8.170391141600822, 5.663540332818277, 19.0, 0.0
4, 0 ,1.0,1.0,1.0,16.015551573078454,44.42939068100358,15.884906411788132,10.044600712281396,11.950272496102054,10.45431238925115,44.0,57.0,41.0,0.16912124215442775,0.9212756304220212,-0.35021310404188255,12.15427257439027,0.6172169075370021,-0.3760263631920504,-0.6911204404696911,10.821298274291996,-0.7684017793463283,-0.0992743016851157,-0.6322209412241336,9.389825641540792,56.098375721603574,61.28422310394425,47.73578834356021,17.993510174801045,5.406408726838652,50220.0,164113.0326857191, 0.0, 0.0,1.7763568394002505E-15,69.49964993979992, 49.827692101746514,49.827692101746514,0.0, 100.89400346916393, 2.5647480262472193, -15.86891899457593, 2.5647480262472193, 142.8090127310932, -11.69705539354433, -15.86891899457593, -11.69705539354433, 109.29264753205011, 9.555696348067372, 5.888234159983251, 7.0, 0.0
5, 0 ,1.0,1.0,1.0,31.239283386157755,108.37081993990753,174.0526146214999,15.844467914036553,14.476853206046247,13.696758408860148,74.0,71.0,64.0,-0.92273416910175,-0.1606154638056977,0.35037740503431924,16.17910758377215,0.24328201242737973,-0.9477789900034929,0.20622523739165105,14.524479360560692,0.2989573809113717,0.2755315932782286,0.9136229120945762,13.247777558383131,83.4514991149243,72.96812726518633,71.63826120514739,24.46500290381301,7.049203221317205,133461.0,436226.83586630935, 0.0, 1.4210854715202004E-14,2.8421709430404007E-14,74.71781788538497, 100.22507806405501,100.22507806405501,0.0, 251.0471634789338, 4.608618736702502, -26.109374633320286, 4.608618736702502, 209.5792787494115, -11.784625453263683, -26.109374633320286, -11.784625453263683, 187.6011909106812, 7.621851715462021, 5.191515268890662, 17.0, 0.0
6, 0 ,1.0,1.0,1.0,42.81666160766026,12.114558900631916,25.54486878777008,15.991376870437781,7.935534414343939,13.963073898416692,77.0,33.0,61.0,-0.9786571449491293,0.07103054362985065,-0.19283374837322056,16.09964224989046,0.19285619354769803,-0.006607091848464888,-0.9812047874667134,13.874215606860588,-0.0709695797529583,-0.9974522586113854,-0.007232602625241379,7.872225483695378,80.61965350770674,68.59809166360057,35.454557383404314,21.504693296682056,7.156286716023522,72478.0,196076.26675914958, 0.0, 0.0,0.0,NaN, 51.30857014150909,51.30857014150909,0.0, 255.72413421237243, -13.876427899892619, 12.521374988988178, -13.876427899892619, 62.972706441237, -1.8552670540696075, 12.521374988988178, -1.8552670540696075, 194.9674326926455, 8.178553517026161, 5.219511360765059, 12.0, 0.0
7, 0 ,1.0,1.0,1.0,159.1004326439753,175.92873940830103,136.79310282924027,13.37696501902734,14.177373836273896,14.979299296207968,73.0,59.0,83.0,0.5444798281911222,-0.37231627948531815,0.7516131350124061,15.621810250174613,0.2655479662092427,-0.7734777986644076,-0.5755140073146763,14.695056580512116,-0.795629307111736,-0.5129451072029761,0.3222752281225259,12.013945481073575,75.43408580652827,80.47503611801815,71.34006840958253,23.518456051370467,7.155609993484582,111408.0,433074.22131617717, 0.0, 0.0,0.0,NaN, 79.03993956436503,79.03993956436503,0.0, 178.9431931202811, -34.9206131089285, 29.859650765147755, -34.9206131089285, 200.99792889346358, 3.9753827674959323, 29.859650765147755, 3.9753827674959323, 224.3794074053765, 7.728178564830384, 5.114262426195024, 22.0, 0.0
8, 0 ,1.0,1.0,1.0,89.19757723523662,122.9852942791561,78.7645876577378,13.670601593753483,12.031483064269796,12.408311964046588,74.0,57.0,63.0,0.9019107141890381,0.3467321894231089,0.25755359141133455,13.987683405395915,-0.3633974441897359,0.286861539083441,0.886370551716971,12.401726464352542,-0.23345098240827106,0.8930214141959513,-0.3847250870427818,11.668334590327683,71.18792927679925,65.72123452865313,59.267536892027074,21.258153258257114,5.805089017966107,91053.0,277286.644166808, 0.0, 0.0,0.0,NaN, 141.74389916605813,141.74389916605813,0.0, 186.8853479351353, 16.76836079995148, 8.13644875003896, 16.76836079995148, 144.7565847258109, 9.802442345377987, 8.13644875003896, 9.802442345377987, 153.96620579710168, 7.432494454535302, 5.000880368733154, 22.0, 0.0
9, 0 ,1.0,1.0,1.0,10.239090840100175,29.39690369583365,136.45974045685665,6.395749496297415,15.008452233190692,13.410230662886587,25.0,60.0,68.0,0.031651204930560665,0.9335253655513809,0.357111457529165,15.260692846997712,0.09073042067663624,-0.35849885832087985,0.929110628152787,13.171748126391654,-0.9953723886015147,-0.0029934018752421298,0.09604606996087361,6.293635007821005,72.1899513080217,64.35061028886835,28.408080284837766,20.01152794388228,6.7477615427922615,52708.0,131968.8115244004, -1.7763568394002505E-15, 0.0,0.0,88.18621661397636, 70.75578782646662,70.75578782646662,0.0, 40.905611619388644, 1.3560032561490813, 13.470959830817689, 1.3560032561490813, 225.25363843596665, 19.83875748733695, 13.470959830817689, 19.83875748733695, 179.83428643182364, 7.395530634002679, 5.169463107193116, 10.0, 0.0
10, 0 ,1.0,1.0,1.0,73.7442137885235,60.78043141402465,50.8511572422953,13.32230700063327,12.135769431853433,12.048352399172858,66.0,60.0,59.0,-0.7951828633732819,0.19247754442127904,-0.5750100944253262,13.982953612918742,-0.4836727200842927,-0.7732620993624505,0.41003222499681313,13.083819428155385,0.36571151696894877,-0.6041672951949071,-0.7079809077744541,10.159440756619977,65.34345166946835,63.606328997024576,51.36791713261052,20.875300395557456,5.843405894869148,81314.0,213498.2695081494, 0.0, 0.0,0.0,NaN, 108.25114365697506,108.25114365697506,1.9073486328125E-6, 177.4838638191222, 11.293654142955894, 28.72676561825102, 11.293654142955894, 147.2768997031082, -31.767806756476066, 28.72676561825102, -31.767806756476066, 145.16279553465435, 7.506074781975395, 5.061285537707195, 16.0, 0.0
11, 0 ,1.0,1.0,1.0,172.37892477291194,39.57831354524176,16.707823471627638,15.005619854894329,13.009220903655232,10.859370872064037,67.0,69.0,50.0,0.9080580923221306,0.300163074944401,0.2921174924721457,15.577921456774035,0.3349555959694877,-0.9391469409886626,-0.07620873939623074,12.796168871018189,-0.2514661999096855,-0.16704835129853557,0.9533412813003657,10.291783946318347,79.17645302807892,76.26765221744617,55.44464280298089,21.55565615950378,6.905655582208491,82457.0,334808.1410855009, 0.0, 0.0,0.0,NaN, 51.07365333462055,51.07365333462055,NaN, 225.16862722959888, 19.084620993716964, 34.798501711546784, 19.084620993716964, 169.23982852010025, 16.129033677334554, 34.798501711546784, 16.129033677334554, 117.92593573703286, 7.7347773405524, 5.079097366792912, 13.0, 0.0
12, 0 ,1.0,1.0,1.0,159.45822979870943,10.737994799190986,41.936819801598766,13.436567632087243,6.981634394911228,13.213273461513207,60.0,30.0,62.0,-0.8132243810486941,-0.08708706935796655,-0.5753972092551451,13.634137416073969,-0.5806195282671376,0.05459141074325735,0.8123427486399492,13.063717281235867,-0.039332803902276794,0.9947037851660674,-0.09495951934105043,6.87929878985806,67.83095875245873,69.25652185059045,31.418896529755532,19.134125161952554,6.144950643519469,51915.0,147597.69001070707, 0.0, 0.0,0.0,NaN, 59.30966631531046,59.30966631531046,0.0, 180.5413497316546, 5.903993869248662, 6.665395237210193, 5.903993869248662, 48.74321882420747, 12.413014021792216, 6.665395237210193, 12.413014021792216, 174.5905955687292, 7.513844591381462, 5.0633696643804775, 11.0, 0.0
13, 0 ,1.0,1.0,1.0,60.28011244423622,73.65943859363223,139.2290134647899,12.217484863054727,15.32864053176925,11.921351981704838,63.0,72.0,59.0,0.011533856219478835,0.9687774673230197,0.24766345908895027,15.53734578754654,-0.8840926374936291,0.1255961003922853,-0.4501175711920277,12.430202720349435,-0.4671693252882381,-0.21376584940875573,0.857937633593658,11.420759003327927,70.2691809344681,60.24251945394256,53.92619455578669,22.078081355637106,6.23787733581716,98182.0,228279.9623178315, 7.105427357601002E-15, 0.0,0.0,89.33914406430102, 112.92704571838195,112.92704571838195,0.0, 149.26693637897137, -1.4333776069144275, 9.898022770888254, -1.4333776069144275, 234.96722055219902, 25.26530854150638, 9.898022770888254, 25.26530854150638, 142.11863307169787, 8.059360244380088, 5.154599217619449, 18.0, 0.0
14, 0 ,1.0,1.0,1.0,41.3179102729296,55.1102612158838,176.79523251727773,13.24369134247547,12.189659852642105,12.458690536788724,62.0,57.0,50.0,0.7914101555850368,0.2403892073895951,0.5620346916405349,13.872428021031498,-0.5058655917595755,0.7737205213142201,0.381387674120423,12.356545316117925,-0.3431762939228221,-0.5861480903900093,0.7339349068013753,11.579018362597399,68.51959610795085,66.49578694950551,62.006438952416396,21.05572979093974,5.988186750617818,85370.0,282517.7343790334, 0.0, 0.0,0.0,NaN, 72.68267905444883,72.68267905444883,0.0, 175.39536037475975, 3.8206572636864666, 22.372688174781423, 3.8206572636864666, 148.58780732311476, 13.378018933054605, 22.372688174781423, 13.378018933054605, 155.2189698914689, 7.4583752637388026, 4.900789991797889, 9.0, 0.0
15, 0 ,1.0,1.0,1.0,78.38750669458103,186.04385153447913,27.643182887839394,12.240284700987143,8.069610397053607,14.765378698748066,60.0,32.0,58.0,-0.2141983226767898,-0.011164118918952705,0.9767263900454481,14.882109288840951,-0.9767196830597134,-0.009566341602513247,-0.2143061964388269,12.09920379086677,-0.011736238161475874,0.9998919179376876,0.0088551203667489,8.06794152067104,62.855202703939135,58.91563053435691,32.80600189314393,19.839616028519,6.272896099874484,61617.0,121485.6738430917, 0.0, 0.0,0.0,NaN, 84.28238751931025,84.28238751931025,0.0, 149.82456956121993, 1.1335987943463992, -15.700622844554903, 1.1335987943463992, 65.11861196023568, -1.5385994151438618, -15.700622844554903, -1.5385994151438618, 218.01640811744315, 7.322505803697965, 4.911061419219754, 10.0, 0.0
16, 0 ,1.0,1.0,1.0,187.0118111012521,55.68936212166026,94.625140490979,8.187716715984003,12.68997389522915,13.729449106461882,34.0,53.0,73.0,-0.1524514988694191,0.5465441582520255,0.8234367149775702,14.697938557578015,-0.08668756684610804,-0.8373593219230371,0.5397357054548956,11.731313379226808,-0.9845018061165605,-0.01090179201678437,-0.17503526697226973,7.932137404619501,84.70744993129895,56.75520035331003,38.95305704948362,19.260769876226448,6.752381729786713,50715.0,187270.26101917803, 0.0, 0.0,0.0,NaN, 110.56181672405931,110.56181672405931,0.0, 67.03870502120385, -7.334672738063167, -22.715931364568622, -7.334672738063167, 161.0354374615973, 35.14349725514878, -22.715931364568622, 35.14349725514878, 188.49777276692694, 8.009677024285116, 5.127835423875076, 11.0, 0.0
17, 0 ,1.0,1.0,1.0,183.64385726770672,18.954182859480465,176.81308689265327,9.517022360718466,11.159414557538248,12.041455715466423,37.0,45.0,49.0,0.12963894969494288,0.43529563832540547,0.8909048490028944,12.303045384088618,-0.20438200653368133,-0.8674625301621294,0.4535821360789943,10.980936446220031,-0.9702688999072671,0.24088683239146744,0.023490335313630165,9.389196593430304,65.96505926937888,57.32359856587725,43.313295278028676,18.21279491771695,5.328884021452763,53779.0,163782.92734158848, 0.0, 0.0,0.0,NaN, 34.1235606641133,34.1235606641133,0.0, 90.57371461441527, 9.315466340163015, 4.294428183026676, 9.315466340163015, 124.5325332669966, 11.754763868860863, 4.294428183026676, 11.754763868860863, 144.99665574753897, 8.087647195567616, 5.207393359580999, 5.0, 0.0
18, 0 ,1.0,1.0,1.0,184.78373765064916,14.49811203641442,97.13104536285108,8.452158324981916,8.616855768533574,13.50390993526473,35.0,31.0,63.0,-0.2200760553884268,-0.1144256478897739,0.968748316617725,13.796485613703439,0.5296318933162433,-0.8479880456770188,0.020157677721439192,8.791518277120842,0.8191804364283373,0.5175162272758944,0.24722533664493815,7.772448669495165,66.41654796473675,41.14164679774609,42.66532402894805,17.192534998388066,5.697500114540038,38666.0,116582.40733102463, 0.0, 1.7763568394002505E-15,0.0,83.42950158259696, 99.37892063101174,99.37892063101174,0.0, 71.4389803505611, -4.309103272940128, -27.521083087876764, -4.309103272940128, 74.25020333571032, -14.69145848260759, -27.521083087876764, -14.69145848260759, 182.3555835397415, 7.907704799586573, 5.354448697321266, 7.0, 0.0
19, 0 ,1.0,1.0,1.0,102.41027984180249,90.30244786673059,15.724412751677852,13.709376638622269,11.648293835631499,9.565591657533579,63.0,54.0,38.0,-0.9704887680543463,-0.21087735075235184,0.11697133845531016,13.859158644898537,-0.2047519891727376,0.976831991590782,0.062256591093576924,11.537693354950216,0.12738985049902607,-0.03646920816874637,0.9911820331530334,9.483441071792482,62.06655506847666,52.63366635094353,41.22330063645843,19.57574920987912,5.6498091765458005,66752.0,134667.88075665373, 0.0, 0.0,-1.7763568394002505E-15,83.28265807040951, 133.88630522821975,133.88630522821975,0.0, 187.94700781960202, 12.266596660382378, -12.145396273223719, 12.266596660382378, 135.68274928121076, 0.10666093834462644, -12.145396273223719, 0.10666093834462644, 91.50054375867599, 8.116696170425849, 5.112750628217211, 15.0, 0.0
20, 0 ,1.0,1.0,1.0,78.10256719781104,119.16462793068298,128.80794302269436,11.435971100454589,10.846604035339972,14.093762447395791,62.0,52.0,66.0,-0.3690751617732628,0.16466734973970007,0.9146956810282552,14.650817565397254,0.9124374682911007,0.2513681363282884,0.32291163883850627,10.847173873590995,0.17675234487996683,-0.9537812767970162,0.2430223952867037,10.712458058496283,66.91573642027602,56.58792783964131,49.18016194966618,20.300504988092484,5.912181599198279,74556.0,186226.72568827323, 0.0, 0.0,0.0,NaN, 133.0514087002969,133.0514087002969,0.0, 130.78143501043255, -5.404607406324502, -32.86615886440484, -5.404607406324502, 117.64881909945336, 15.281188735171645, -32.86615886440484, 15.281188735171645, 198.63413992362382, 6.957559209870396, 4.582062052866957, 14.0, 0.0
21, 0 ,1.0,1.0,1.0,182.49404660656575,147.98001360775643,36.82997391846686,10.441683459422881,14.064540632905555,11.747502739763114,43.0,66.0,53.0,0.06736788049153733,-0.9797064179508745,0.18877739087068804,14.148776336369327,0.36592996586282595,0.20028396109097188,0.908835295866826,11.878154563230781,-0.9282008558290114,0.00785299659853693,0.3719966420315031,10.17671114150214,65.45622501054616,56.389433885396244,48.60495915994727,20.20022355908323,6.065875490416241,70548.0,179402.82282443932, 0.0, 0.0,0.0,NaN, 66.09829322529627,66.09829322529627,0.0, 109.0287534667854, -3.626940441752298, 13.708525954609058, -3.626940441752298, 197.81130321465136, -11.039458762473208, 13.708525954609058, -11.039458762473208, 138.00382062074186, 7.748208264863842, 5.213058061073286, 14.0, 0.0
22, 0 ,1.0,1.0,1.0,19.140488216634218,84.97115083525071,25.46036132932159,11.402420107195367,11.228177258854032,13.866950709637482,45.0,51.0,58.0,-0.13204632876456374,-0.34551891489022896,0.9290750489131001,14.308851441897648,0.951998447304136,-0.30532887937286296,0.021753890489427337,11.399634880955658,0.276157062901377,0.887350525369761,0.3692510280766926,10.662296461613616,66.01914262900947,51.563169875041694,51.911805439872715,20.31560596529193,5.971233130914286,73451.0,176715.89778746123, 0.0, 0.0,0.0,NaN, 90.74516385162161,90.74516385162161,0.0, 130.0151843009732, -0.573896958093864, -10.834276845206604, -0.573896958093864, 126.07196455624683, -29.339062699529382, -10.834276845206604, -29.339062699529382, 192.29232198351545, 8.028335034594887, 4.927025957748983, 11.0, 0.0
23, 0 ,1.0,1.0,1.0,41.17796829226262,174.34346458728243,187.03224625193866,11.704994016637754,13.333361525833686,7.1122052757345,55.0,60.0,30.0,-0.18663857211968296,-0.9804544671386272,0.06225015072300142,13.419795335293239,0.9757242374035715,-0.17760244554618046,0.1281389241379631,11.689704558418372,-0.11457860158138015,0.08465464667651969,0.9898006540994652,6.973433794625701,63.35211879198499,56.052340252026525,31.910392090687623,18.21462766516045,5.796224410071725,46424.0,113314.90380381134, 0.0, 0.0,0.0,NaN, 50.219971319515665,50.219971319515665,0.0, 137.00688492952563, 8.803190065049856, 9.477674941120013, 8.803190065049856, 177.778529578582, -10.026735449059057, 9.477674941120013, -10.026735449059057, 50.58346388418565, 7.436402000736573, 4.891827263373916, 9.0, 0.0
24, 0 ,1.0,1.0,1.0,65.63291467351604,188.62801329028915,74.718806701699,13.609136798369574,6.72702494906051,11.306003132015867,69.0,26.0,49.0,0.9772545976234149,-0.03185847939751113,0.2096627976403433,13.720122129632669,-0.20546975880202134,0.10248255844359967,0.9732828486276193,11.215843487878624,0.05249409149357868,0.9942245030702732,-0.09360559733761237,6.6520883552871295,70.43690579355874,50.012859046197065,28.85976201558796,17.99406685052165,5.873732549424735,42437.0,101665.75668641215, 0.0, 0.0,0.0,NaN, 100.09945876573327,100.09945876573327,0.0, 185.2086043967369, -6.2001038943346165, 13.195621057074433, -6.2001038943346165, 45.252864665282566, 7.171856695643475, 13.195621057074433, 7.171856695643475, 127.82570682115258, 6.94540881838395, 4.726415983519705, 10.0, 0.0
25, 0 ,1.0,1.0,1.0,151.8117768442774,186.86259120053063,10.452833664971626,13.232870873316685,7.7172530980062195,6.718111973419952,65.0,30.0,25.0,-0.9980885079240638,-0.0590608520647808,-0.01819742023744084,13.250068850425752,0.05445801275290308,-0.9797187469990132,0.1928354262724791,7.727130262851272,-0.029217378337567844,0.19147582753983902,0.9810623590124193,6.672707754418256,65.1301938435607,34.96146595549908,29.244382506641223,15.709818162782868,5.744519884921986,27138.0,66590.83505434096, 0.0, 0.0,0.0,NaN, 51.028992665911595,51.028992665911595,0.0, 175.1088715498731, 6.914404740670279, 2.539467696981185, 6.914404740670279, 59.55599537868659, -2.72770223536444, 2.539467696981185, -2.72770223536444, 45.133028487408524, 7.69393186176418, 5.077076647864707, 5.0, 0.0
26, 0 ,1.0,1.0,1.0,113.97150543136596,83.70227634906944,64.7711077647334,11.310350398727007,12.235785923439053,11.193763773626763,54.0,54.0,55.0,0.4074230536314201,-0.8989062394719459,0.16116459911547995,12.526490405707262,0.5756779578560701,0.1157986742283103,-0.8094353315031603,11.27811236498822,-0.7089438230271242,-0.42256152177566997,-0.5646595577038578,10.900919700850762,59.51532376766846,52.20180290440276,50.337404090926356,19.361224298562846,5.299228659593659,68399.0,156388.60951495182, 0.0, 0.0,0.0,NaN, 136.39013653791903,136.39013653791903,0.0, 127.92402614198417, -13.389614810094598, -1.3976243946042475, -13.389614810094598, 149.7144571642293, -6.301278695287491, -1.3976243946042475, -6.301278695287491, 125.30034741975888, 6.969232526858959, 4.5104504349501555, 15.0, 0.0
27, 0 ,1.0,1.0,1.0,52.60386318936983,83.75234653576169,75.0249124546283,11.761085327236653,11.395583586256581,10.975854867977862,60.0,57.0,55.0,-0.6344927588490797,-0.7017986705220246,0.3238789357485331,12.989417092536565,-0.6343020851037042,0.23332976528730945,-0.7370333001052677,11.517673891917802,0.44167839408462833,-0.6730793762138965,-0.593198406533881,9.341845382169897,60.80605621165853,53.78264874165686,45.82460558216611,18.978977676507146,5.333877556099825,62539.0,149860.7008271237, 0.0, 0.0,0.0,NaN, 124.1384689027414,124.1384689027414,0.0, 138.3231280745413, 29.553424792160957, 4.479495693102907, 29.553424792160957, 129.8593252713604, -26.31975496734364, 4.479495693102907, -26.31975496734364, 120.46939008291334, 6.995588059249148, 4.514913426535548, 14.0, 0.0
28, 0 ,1.0,1.0,1.0,102.61183602457457,21.089069211112925,103.36996411678356,11.614871791821532,12.565630094113239,11.494943767479432,56.0,51.0,58.0,-0.00549678259209848,-0.9905902246912099,0.1367508395855553,12.586191490766033,0.7607107902927481,0.08462099447209828,0.6435513816524184,11.987638245328807,-0.6490676997920317,0.1075653012861127,0.7530875294717804,11.082344141784665,54.02544494106779,56.627886584247676,53.61523103070228,19.865298992479687,5.504900958186265,73572.0,164027.5838115102, 0.0, 0.0,0.0,NaN, 138.80406030619983,138.80406030619983,0.0, 134.9052467404515, 1.5382297413549162, 10.197689817418496, 1.5382297413549162, 157.8950596620843, -3.684327935318921, 10.197689817418496, -3.684327935318921, 132.13373221751422, 7.365888451585916, 4.79128869991322, 15.0, 0.0
29, 0 ,1.0,1.0,1.0,143.15792207792208,72.81840220385675,113.29106650924832,12.690473532079514,9.98911890324567,11.55848137175858,59.0,47.0,57.0,-0.8532745332792033,0.27533292496554124,0.4428480002067042,13.114908921476106,0.5142900836574359,0.3039709810540665,0.8019397437018918,11.528539988488825,0.08618747419889525,0.9120270955991095,-0.4009716900035053,9.461555700204974,60.67382446301888,58.18409796686316,44.46250414961989,19.124356264805073,5.356127706641505,63525.0,156963.83293154053, 0.0, 0.0,1.4210854715202004E-14,63.714263566591676, 126.69641142955007,126.69641142955007,0.0, 161.0481184684107, -12.594824256735237, -13.272963073133102, -12.594824256735237, 99.78249646317998, 20.632912133029738, -13.272963073133102, 20.632912133029738, 133.5984916212901, 6.7225629726951865, 4.55675847628664, 16.0, 0.0
30, 0 ,1.0,1.0,1.0,137.5429912321035,140.71229249575876,18.69402736598437,10.328600222093126,13.15237279034237,10.815038633664555,47.0,65.0,44.0,-0.2658544314910357,-0.9613786332170261,0.07122180038681097,13.374593687656075,-0.14469553950488548,-0.03324863892139046,-0.9889174530046805,10.813138355239449,-0.9530921372584963,0.27321356409160125,0.13026790200351018,10.041226808123449,67.2369253858329,46.78371473425827,52.5090058043146,19.129491847548515,5.540080763509294,63071.0,165171.96828136317, 0.0, 0.0,0.0,NaN, 88.12137575243442,88.12137575243442,0.0, 106.67998254782216, 20.026892215086924, 0.8255401816545374, 20.026892215086924, 172.98491001613837, -4.815115971157071, 0.8255401816545374, -4.815115971157071, 116.96506064765687, 7.5497831819979675, 4.714019629559004, 9.0, 0.0
31, 0 ,1.0,1.0,1.0,181.55710132126163,94.46411615325162,77.57866843325604,9.918560132023522,9.855792425566458,13.256771457722724,38.0,51.0,66.0,-0.16920904068035464,-0.15174366954297222,0.9738286087940048,13.397721822548368,-0.7003472222369828,-0.6767005765868582,-0.22713453711832243,10.334399058982283,-0.6934566092099604,0.720451378234955,-0.008230597935637903,9.217250944073772,68.15352563792845,53.42076731255585,48.170317076073374,18.46468956818859,5.505606965735714,54342.0,175379.14719521508, 0.0, 0.0,0.0,NaN, 123.62062751889874,123.62062751889874,NaN, 98.37783509256649, 12.778998704067877, -12.104074346700333, 12.778998704067877, 97.13664433585316, -10.613403933516341, -12.104074346700333, -10.613403933516341, 175.74198948229187, 7.333163309866067, 4.693530219299537, 10.0, 0.0
32, 0 ,1.0,1.0,1.0,58.41468121922002,11.56890279071831,108.79854918141888,11.812445153640839,7.114117195456786,12.427188556560283,57.0,29.0,61.0,-0.24916545470968193,0.012029864151075686,0.96838621352631,12.47188448858623,0.966269706411501,0.07031417519625162,0.24774739400829807,11.78451758540629,0.06511091038182079,-0.9974523543182287,0.029143956736740414,7.08214529513352,62.833100574052295,61.16393907204721,30.89494354960332,17.752116314626285,5.426039600919383,45078.0,118732.97345295077, 7.105427357601002E-15, 0.0,0.0,75.57186639917413, 108.9211601349263,108.9211601349263,0.0, 139.53386050777294, 5.711821734174134, -4.191363411159858, 5.711821734174134, 50.61066347069392, 2.7732420746820288, -4.191363411159858, 2.7732420746820288, 154.43501542030285, 6.904084881847544, 4.591310947378935, 13.0, 0.0
33, 0 ,1.0,1.0,1.0,55.94469607046917,149.4776191666146,22.715780595989255,11.516483801495975,10.745730073681177,12.582792459245496,53.0,49.0,58.0,-0.6091416688219113,-0.06752052511620107,0.7901818815898584,13.899922569203346,-0.32894956307942136,-0.8851043873364017,-0.3292148363420325,11.019393853577286,0.7216222088147751,-0.46046845951257703,0.5169431163478236,9.580808510187182,68.5009180433027,53.63194280607917,51.92926314092419,19.347863214685336,5.664536085579093,64028.0,190779.66485776336, 0.0, 0.0,0.0,NaN, 78.7294523769594,78.7294523769594,0.0, 132.62939915011918, 12.799607194805079, -45.605476055937395, 12.799607194805079, 115.47071481641608, 3.2244754419012365, -45.605476055937395, 3.2244754419012365, 158.3266660724453, 7.200582707727258, 4.581085245486161, 13.0, 0.0
34, 0 ,1.0,1.0,1.0,31.80211505091183,39.93152277117507,104.20744524113545,10.093106783835362,11.757776264411469,11.625365447758439,54.0,56.0,55.0,-0.19059001398277237,-0.8489231923001046,0.4929552313801394,11.963692895155834,-0.15731504248524739,-0.4692576645996318,-0.8689356832484008,11.518356910324155,-0.9689826747563198,0.2431597371883339,0.04411256320583581,9.973100592322456,60.076203024906256,59.801222777456275,50.514286787177056,18.67997121226518,5.130682657964249,61086.0,181479.1623821045, 0.0, 0.0,0.0,NaN, 108.54544937382852,108.54544937382852,0.0, 101.87080454990338, 9.516783669874615, 0.4370330038772463, 9.516783669874615, 138.2453026839577, -4.732446985501259, 0.4370330038772463, -4.732446985501259, 135.14912179393576, 6.943172308526175, 4.476472310726437, 10.0, 0.0
35, 0 ,1.0,1.0,1.0,25.715415906439745,180.90747165973738,100.58235874734544,11.486294841305739,11.528577219682358,12.436935672527692,52.0,45.0,60.0,0.44659241947416023,-0.0442486350417052,-0.8936426965880502,12.709084217818413,-0.5214589441679818,0.7987447358758551,-0.3001456587355951,11.951239472388373,-0.7270734353663526,-0.6000407529556276,-0.33363949762732537,10.731611446199611,63.31312375708762,62.629190504467715,55.496822412595435,19.66161987948592,5.739436778010661,66866.0,220058.75782399633, 0.0, -2.8421709430404007E-14,0.0,87.46391191789343, 104.44938796329266,104.44938796329266,0.0, 131.9349691814068, -12.438664220782707, -14.169447782083072, -12.438664220782707, 132.908092710179, -4.799389023273057, -14.169447782083072, -4.799389023273057, 154.67736892259182, 6.984010166575082, 4.704264463416454, 13.0, 0.0
36, 0 ,1.0,1.0,1.0,90.66524346568166,74.8156065223803,100.49113074254575,11.724855121033293,12.756552275624854,10.56478079189377,56.0,56.0,52.0,0.14171748509732324,0.9799843188700125,0.1398101898524142,12.806328102076824,-0.952022714696164,0.17362641045769894,-0.2520051989426435,11.799539245821048,-0.27123588464699255,-0.09738893345987931,0.9575732298468407,10.420426137112827,58.817289020868984,55.256779911683736,50.20873025017579,19.580307392820746,5.331792302163357,71201.0,163181.08430474426, 0.0, 0.0,1.4210854715202004E-14,81.96313709514764, 154.01161129246097,154.01161129246097,0.0, 137.47222760922065, 2.6310161579322577, 8.44991083339528, 2.6310161579322577, 162.72962596074964, 6.251935443587681, 8.44991083339528, 6.251935443587681, 111.61459318076757, 6.820711838819594, 4.447852911847102, 7.0, 0.0
37, 0 ,1.0,1.0,1.0,9.33995231915985,97.05033648187826,109.10366056070254,6.22580947815557,11.758258065258858,12.513877290614213,25.0,52.0,59.0,0.19151574973025728,0.37155501112541,0.9084429488486633,12.852372676240396,-0.004590064350753111,0.9259047192995027,-0.3777292444174344,11.596809700350905,0.9814788071652462,-0.06817128784544513,-0.1790307979063382,5.82623228140995,62.715227294753674,53.854294648992436,29.55651271785415,17.393210492812106,5.575902616150545,33137.0,99826.65854543254, 0.0, 0.0,0.0,NaN, 133.29721318930098,133.29721318930098,0.0, 38.76070365829173, 8.911457269265197, 23.007341152901482, 8.911457269265197, 138.25663272922498, 9.134444704854046, 23.007341152901482, 9.134444704854046, 156.5971248445501, 7.003381400900212, 4.709503636880912, 9.0, 0.0
38, 0 ,1.0,1.0,1.0,189.14414179590773,32.22536165776098,134.45335592336767,6.51070937204758,12.51866170951127,11.233377055847955,25.0,61.0,52.0,0.0728800427003893,0.9792090579349749,-0.1893095883310939,12.59347665809261,-0.029829843409072278,-0.18758927057287894,-0.9817945029425075,11.180565727774175,-0.9968945178995519,0.07720030067320988,0.015538138813459194,6.457111062410276,62.83358599003137,52.8224969082751,26.691102688587705,17.17111436472644,5.517954247434701,38365.0,88588.48785930683, 0.0, 0.0,0.0,NaN, 73.84230590271115,73.84230590271115,0.0, 42.389336527268185, 8.808829663302037, 0.8270283264377629, 8.808829663302037, 156.71689099718367, -6.3267487374803855, 0.8270283264377629, -6.3267487374803855, 126.18876007885126, 7.858824377927323, 4.818129339755972, 3.0, 0.0
39, 0 ,1.0,1.0,1.0,10.24231417446388,135.31580170860695,118.42694833497995,6.689839108063582,10.559112314988228,12.941261733241419,27.0,49.0,63.0,-0.1124024564691759,-0.003293991088789125,0.9936573038036814,13.003123808964528,0.2394037528747125,-0.970626790900961,0.02386369407291586,10.768811903854324,0.9643917932506467,0.24056762543619423,0.10988942944065316,6.219044686181066,62.93432351795066,52.30029361134996,31.442658620458857,17.12877614174118,5.507275488543044,34414.0,103492.99513368694, 0.0, 0.0,0.0,NaN, 104.60933641980867,104.60933641980867,0.0, 44.753947291776946, -17.91190999151722, -14.12327314945653, -17.91190999151722, 111.49485288053607, -2.2170940461603634, -14.12327314945653, -2.2170940461603634, 167.4762552482587, 7.519327858047793, 4.941345752401994, 11.0, 0.0
40, 0 ,1.0,1.0,1.0,135.98607257016403,41.13456742421582,38.09815940145421,10.438147951416683,10.893947286016587,12.219012544946612,52.0,49.0,65.0,0.2689818671641908,0.47517801045004365,0.8377676369504877,13.114401380297771,0.7498060208044118,-0.6492542671139626,0.12751402981541132,10.480820405601364,0.6045160761322398,0.5938642563911809,-0.5309289582219363,9.752034032021687,67.80482744661042,50.88061325155062,53.27516552857869,18.61489790348272,5.51569249892307,56938.0,183796.72134669404, 0.0, 0.0,0.0,NaN, 85.09585942893037,85.09585942893037,0.0, 108.9549326556643, 2.648753239794265, 18.73549897090428, 2.648753239794265, 118.67808747050816, 29.38643617032698, 18.73549897090428, 29.38643617032698, 149.30426757356267, 6.893052141713687, 4.454447891768809, 12.0, 0.0
41, 0 ,1.0,1.0,1.0,18.461462084749755,130.80283396721754,16.9853926155296,10.934445682761304,13.263914941698095,9.73095144305943,44.0,55.0,42.0,-0.20941274611575644,0.9619211480820471,0.17565308604398222,13.454050046321179,0.9459390600957254,0.24478934201912347,-0.21278503852259226,10.887301210279247,-0.24768043190666933,0.12159721586599503,-0.9611807950350257,9.520512993782273,64.62792327429823,49.76650060141016,48.002826778831036,18.920366104148748,5.674918892992026,59422.0,154391.75974445086, 0.0, 0.0,0.0,NaN, 73.60419099194559,73.60419099194559,0.0, 119.56210238925732, -11.745439571456263, -8.93859935563326, -11.745439571456263, 175.931439580602, 13.816648040852636, -8.93859935563326, 13.816648040852636, 94.69141598718042, 7.026900925595587, 4.462973839187191, 9.0, 0.0
42, 0 ,1.0,1.0,1.0,98.93491727117124,133.07934631999348,18.099254217947674,9.799183953213413,11.194685902206924,10.528595495366433,43.0,53.0,44.0,0.3398732936788521,-0.8188922189862134,0.4624950571927493,11.471544698733494,-0.3649477789665532,-0.5680714970854654,-0.7376366943329606,10.633274063957993,0.8667752089620865,0.08191646893582083,-0.4919252272915243,9.35593216140187,64.8549362363492,55.93380678350812,47.96458841092016,17.536710352285496,4.965894856225091,49076.0,173995.5481799559, 0.0, 0.0,0.0,NaN, 120.80593837911597,120.80593837911597,0.0, 96.02400614891526, -6.970139535698515, 13.799698793139765, -6.970139535698515, 125.32099244907046, -5.988966010365286, 13.799698793139765, -5.988966010365286, 110.85132310505037, 7.275669636247803, 4.641400514470805, 9.0, 0.0
43, 0 ,1.0,1.0,1.0,145.81696391607466,103.4334376604236,82.93886101313197,9.51112271584953,12.858751703262046,11.112889812456034,45.0,62.0,49.0,-0.11906472000268621,0.9575703913554807,0.2624548304946847,13.037851998258146,0.0435266873167691,-0.2590470907445577,0.9648834293675113,10.957235296939409,-0.99193196336337,-0.12630736469459214,0.010836497681315027,9.447681227947092,63.94261807222804,49.48063922431919,46.20680921609332,18.74970242995933,5.268199830479481,60387.0,146194.722480119, 0.0, 0.0,0.0,NaN, 138.34651071678994,138.34651071678994,0.0, 90.46145531594892, -9.551214889617592, -1.2290024214127828, -9.551214889617592, 165.34749536614456, 12.58915415308414, -1.2290024214127828, 12.58915415308414, 123.49631998378912, 7.537431622900507, 4.496944455055, 12.0, 0.0
44, 0 ,1.0,1.0,1.0,124.56372374811731,73.85689868169433,165.94916315513362,10.30493000677244,9.910648124954434,13.220088174764944,48.0,46.0,64.0,-0.08895085672221299,-0.024838974583700064,0.9957262527572596,13.240912609656618,-0.8106502688336583,-0.5790518796075734,-0.0868623184289463,10.646688372996124,-0.5787347291534354,0.8149122321235369,-0.03137143935387254,9.51364914222966,64.33470224054902,51.82418227199341,47.036014681132755,18.718879130026775,5.36533541963114,59091.0,156822.46306878456, -1.4210854715202004E-14, 0.0,0.0,84.89674647024957, 110.9276013779444,110.9276013779444,0.0, 106.19158244447901, 10.909831412805339, -5.903429860057413, 10.909831412805339, 98.22094625666284, -0.9487210634477793, -5.903429860057413, -0.9487210634477793, 174.7707313485599, 7.280639901872483, 4.567664484219094, 15.0, 0.0
45, 0 ,1.0,1.0,1.0,179.19156132272917,82.94834658853077,20.589585600669736,11.411000066161286,10.710379320354486,11.250799643964333,50.0,51.0,45.0,-0.9358010053321623,-0.3510724561660299,0.03200951328691734,11.521553810502398,-0.038397547415778915,0.011247199640001981,-0.9991992438211263,11.25088795311348,-0.35043131534120553,0.9362807436991365,0.02400546201229453,10.591268025247091,60.066784574343416,46.51770631936608,54.65251657132613,18.5581029405842,5.205809790138168,59725.0,152708.37000095163, 0.0, 0.0,0.0,NaN, 87.96220982424254,87.96220982424254,0.0, 130.21092250993286, 6.752130040696871, -0.06343154218935239, 6.752130040696871, 114.712225185877, -0.39308712301266663, -0.06343154218935239, -0.39308712301266663, 126.58049262862797, 7.0052964203823755, 4.405900009241255, 9.0, 0.0
46, 0 ,1.0,1.0,1.0,34.632198129855375,148.95452424900103,130.04377193160383,10.0747290427311,11.670963807072793,10.25367138759809,47.0,56.0,54.0,-0.40709359641868137,0.9085985992541653,-0.09339908558584756,12.123393825436168,-0.5349919820276717,-0.15431496702825265,0.8306446112009471,10.740779648619485,0.7403096534025524,0.38811786403673554,0.5489136003913135,8.97264248081233,61.6182436613844,54.40545704387955,48.673492733744126,17.79604381767632,5.113722991582647,49301.0,163171.4939807595, 0.0, 0.0,0.0,NaN, 93.26791295782728,93.26791295782728,NaN, 101.5001652844495, -21.708010218714886, -12.962339172922036, -21.708010218714886, 136.21139618600307, -10.108534580015467, -12.962339172922036, -10.108534580015467, 105.13777692484774, 6.865164009825371, 4.351532773207096, 9.0, 0.0
48, 0 ,1.0,1.0,1.0,142.20217138912423,37.142364052841316,127.73438137374879,12.629156907094039,9.90122559243104,12.016077928653715,60.0,50.0,63.0,-0.9753165105288936,0.16077030217029056,-0.15136252584380228,12.72605044625481,0.12694719342781619,-0.15261788229065792,-0.9800980522814621,12.033816102092485,-0.18067128817424996,-0.9751208601733364,0.1284414017529738,9.7545328572971,56.39258303089572,62.58487252088753,49.141367213925754,19.277034694135388,5.505627539600148,63738.0,173435.73889134693, 0.0, 0.0,0.0,NaN, 99.71190417899336,99.71190417899336,0.0, 159.49560418400108, -11.436764617416774, 3.6826973174224746, -11.436764617416774, 98.03426823221139, 5.802852668966997, 3.6826973174224746, 5.802852668966997, 144.38612878747895, 6.800529600602304, 4.553106831714685, 10.0, 0.0
49, 0 ,1.0,1.0,1.0,149.1359624288046,114.03560603537288,129.91280018652367,11.926422335473855,10.798479788587498,10.642375560722389,57.0,57.0,52.0,-0.993853874745678,-0.04559732560240676,0.10087298722110977,11.942385177085916,-0.007434704022167089,-0.8816780019001547,-0.47179299077185743,10.86217431374668,0.11044999243596566,-0.4696432527602834,0.8759200958464397,10.559331347390513,57.37234408860496,54.01871770821569,54.82933690715484,18.591509561335005,5.144185579356489,60046.0,169926.0095544359, 0.0, 0.0,0.0,NaN, 122.02148550744558,122.02148550744558,1.9073486328125E-6, 142.23954972408964, 1.4528413604106118, -3.097227137907127, 1.4528413604106118, 116.6071657445327, 2.5553980814910897, -3.097227137907127, 2.5553980814910897, 113.26015757546119, 6.517036207705459, 4.377726956214603, 14.0, 0.0
50, 0 ,1.0,1.0,1.0,10.618510847051128,168.06758966532215,161.34908971982995,6.639045355889915,15.116796257709108,10.647121970115414,27.0,66.0,58.0,-0.02773505137423649,-0.9996142799400005,0.0014346655716763479,15.1215132190522,0.05382138225155021,-6.017587816128109E-5,0.9985505771824462,10.656599241155604,0.9981653298616422,-0.02777206724206464,-0.05380229124583122,6.613046889339064,66.69421914619849,57.80877211910408,28.47957202324549,18.628543038823906,6.239634831609074,45865.0,109803.30082672441, 0.0, 0.0,0.0,NaN, 51.2476776827686,51.2476776827686,0.0, 44.07692323756345, 5.126776766033834, 3.7455799155754503, 5.126776766033834, 228.51752909708807, -0.2694032079248145, 3.7455799155754503, -0.2694032079248145, 113.36120624651434, 7.984432779763422, 4.77463329590457, 8.0, 0.0
