// Sample: .//bubblelabels.tif, Map: .//bubblelabels.tif, Thickness:(8.191250068658265):/gpfs/home/mader/Foam/NewValid/InSilicoTest/LatticeData_OldFoam/out_Step_03500.vtk/distmap.tif, Neighbors:(1.0):
//LACUNA_NUMBER, TRIANGLES, SCALE_X, SCALE_Y, SCALE_Z, POS_X, POS_Y, POS_Z , STD_X, STD_Y, STD_Z,PROJ_X, PROJ_Y, PROJ_Z, PCA1_X, PCA1_Y, PCA1_Z, PCA1_S, PCA2_X, PCA2_Y, PCA2_Z, PCA2_S, PCA3_X, PCA3_Y, PCA3_Z, PCA3_S,PROJ_PCA1, PROJ_PCA2, PROJ_PCA3,OBJ_RADIUS, OBJ_RADIUS_STD, VOLUME, VOLUME_BOX, Mask_Grad_X,Mask_Grad_Y,Mask_Grad_Z,Mask_Angle, Mask_Distance_Mean,Mask_Distance_COV, Mask_Distance_STD, SHAPET_XX, SHAPET_XY, SHAPET_XZ, SHAPET_YX, SHAPET_YY, SHAPET_YZ, SHAPET_ZX, SHAPET_ZY, SHAPET_ZZ, Thickness, Thickness_STD, Neighbors, Neighbors_STD
1, 0 ,1.0,1.0,1.0,79.58231597845601,138.21979054458407,39.76245362058648,15.436720648082815,15.555607622393888,16.174357588829537,83.0,82.0,80.0,0.04409325317894877,-0.49139151670065934,0.8698219141518125,16.458668039616665,0.9986191893514814,0.046567134306288054,-0.02431494728537034,15.434808784786904,-0.02855695507380532,0.8696929799171235,0.4927662945045924,15.256409814203305,90.58057931335266,82.72137636596872,92.06727172948206,26.21790166418262,7.3824622320285975,167100.0,689855.4814585084, 0.0, 0.0,-7.105427357601002E-15,29.56204863046704, 164.3749014679942,164.3749014679942,0.0, 238.29234436694634, -0.5715423036550237, 1.3294521271623698, -0.5715423036550237, 241.9769285018788, -16.30372013239519, 1.3294521271623698, -16.30372013239519, 261.6098434113276, 6.997099410093773, 5.518400549933529, 53.0, 0.0
2, 0 ,1.0,1.0,1.0,58.91996311971651,261.6661778918252,12.718176869841482,14.86865820642086,18.57794850779407,8.095772405012752,85.0,90.0,33.0,-0.29823507493893225,-0.9542684087985502,-0.020679556215075477,18.944387790975465,0.9507883327600588,-0.2951011192651344,-0.09442920997134666,14.447938416614482,0.08400825175848611,-0.04782398328817825,0.9953167738257678,8.007867705340525,93.5881883399237,76.2412905281384,37.33281002390372,23.725772802787606,8.297373280857967,90021.0,266380.2116415788, 0.0, 0.0,-1.7763568394002505E-15,88.81506424131712, 71.43385747908701,71.43385747908701,0.0, 221.0769968593664, 43.312269489459, -11.166111636760256, 43.312269489459, 345.1401707582479, 9.84674612718828, -11.166111636760256, 9.84674612718828, 65.54153083376596, 7.688955799222047, 5.525173208411145, 22.0, 0.0
3, 0 ,1.0,1.0,1.0,76.55420148947269,14.78354920698343,259.207338594213,14.889826158095394,9.129423424535153,16.096900253063744,74.0,38.0,77.0,-0.29026223874358814,0.05619822570646779,0.9552955522700841,16.221009738319918,0.9532606942732234,-0.07055949392386239,0.2937948375498465,14.796927021594321,-0.0839159193079149,-0.9959232486716302,0.03309080298291591,9.060534566281332,82.77091143876328,83.84022535864042,40.09810281684649,22.60509153184281,7.292004503352287,90099.0,278262.06235050235, 0.0, 0.0,0.0,NaN, 87.99511530427849,87.99511530427849,0.0, 221.70692301830184, -12.158103447899764, -11.86828974821961, -12.158103447899764, 83.34637206445115, 6.881624848936043, -11.86828974821961, 6.881624848936043, 259.11019775708365, 7.170508026762156, 5.266441537231133, 34.0, 0.0
4, 0 ,1.0,1.0,1.0,154.3987605890045,177.25168002728978,14.109295582466315,15.849208010613749,14.992826497129784,8.817135469527896,76.0,65.0,38.0,-0.7972236835825959,-0.6022705405628459,0.04128673279801138,16.974073161994276,0.5974771804816802,-0.7969614835014815,-0.08873225241578825,13.751744901375043,0.0863447574474481,-0.04607157242003904,0.9951994740131681,8.74611178087258,79.81892201887902,65.91784786296348,40.782293702676775,22.426849557294965,7.124642991701003,87945.0,214575.69404173593, 0.0, 0.0,0.0,NaN, 190.9605802148032,190.9605802148032,0.0, 251.19739456370306, 47.98644417673545, -12.935970058349058, 47.98644417673545, 224.7848463730369, 2.7015617895013246, -12.935970058349058, 2.7015617895013246, 77.74187788800691, 8.23414617527459, 5.542986503261699, 23.0, 0.0
5, 0 ,1.0,1.0,1.0,17.20002440313987,164.27795176312685,12.647618660267621,10.49485961475812,14.431692253941453,8.147491831056207,45.0,75.0,36.0,-0.034121664556232535,0.9981881428713878,0.049559493932867016,14.447539348343122,0.9980291057823956,0.03664543571051732,-0.0509413000695723,10.495236496698126,0.05266513096066314,-0.047723615459815016,0.9974712228973523,8.118870638182072,75.45882464254848,47.78113401922506,37.525066998034035,18.585631134140918,6.274691875206174,49174.0,135296.93726149687, 0.0, 0.0,0.0,NaN, 137.39096576870068,137.39096576870068,0.0, 110.14207833348097, -3.2464906971593543, -2.4904009668197022, -3.2464906971593543, 208.2737413124737, 6.98245715523405, -2.4904009668197022, 6.98245715523405, 66.38162313712762, 7.530539037666809, 5.208477969984714, 17.0, 0.0
6, 0 ,1.0,1.0,1.0,280.08776905311777,207.785311778291,208.78776905311778,12.569395401145652,14.946048206946983,14.70665093015962,51.0,80.0,75.0,0.31664735358312623,0.45906802777723993,-0.8300548170702454,15.215265861722273,-0.25477031603541245,0.884089267722797,0.3917630058652611,14.8986380757667,-0.9136884258520623,-0.08742260903269725,-0.3969014334742286,12.007743650691115,85.52557272107941,77.90586474617336,60.64679020572021,23.357418161425567,7.217385687965107,108250.0,404086.14877175423, 0.0, 0.0,0.0,NaN, 131.22391832061848,131.22391832061848,0.0, 157.98970075034148, -4.827096971875669, -30.71384382239008, -4.827096971875669, 223.38435700438313, -6.332233230536398, -30.71384382239008, -6.332233230536398, 216.2855815815648, 6.885994791881317, 4.942778206143745, 31.0, 0.0
7, 0 ,1.0,1.0,1.0,189.80082549245907,114.07031356976584,234.71079399855245,13.176056256123543,13.278725788067105,13.483214175089484,64.0,69.0,71.0,0.6374146041252151,-0.22414308454003978,0.7371990912235118,14.24007725056593,-0.038341740910639154,-0.964795565916809,-0.2601911353048108,13.242317862169637,0.7695664580475404,0.13758413295195596,-0.6235688197849714,12.393195675277717,67.56921344412746,66.82660363281389,67.19614263372819,22.214618238006416,6.183916077240064,102242.0,303418.87656506605, 0.0, 0.0,0.0,NaN, 171.51843900976834,171.51843900976834,0.0, 173.60845846453236, -6.2224343661634824, 23.330907151522343, -6.2224343661634824, 176.32455855467836, -2.663444553662749, 23.330907151522343, -2.663444553662749, 181.797064491334, 6.440771060735113, 4.823152052154644, 37.0, 0.0
8, 0 ,1.0,1.0,1.0,121.95516988413108,186.6820589092444,114.94741179189822,12.497640900440881,12.853153670354644,14.628008516126012,64.0,68.0,78.0,0.03253951820689207,-0.2660961874303353,0.9633971137541897,14.765848018121911,0.3457234843252405,-0.901407837065536,-0.2606514601203034,12.728644813054208,-0.9377720683305075,-0.3415504798882162,-0.06266432435804858,12.46292718532899,77.5723800779067,67.96233108118031,67.62241611314926,22.227202731854582,6.428427429394276,99509.0,356505.3627099637, 1.4210854715202004E-14, 0.0,1.4210854715202004E-14,55.32354627882479, 202.3040452194949,202.3040452194949,2.6973983046972182E-6, 156.1910280763728, -2.629001750654322, 1.3625240330387922, -2.629001750654322, 165.20355927375107, -14.502263973388652, 1.3625240330387922, -14.502263973388652, 213.97863314785516, 6.286894235371044, 4.664269861041198, 36.0, 0.0
9, 0 ,1.0,1.0,1.0,260.54064106354366,141.0641826487502,126.42601829157806,14.043278892202933,13.273195856567128,13.429883547453654,71.0,68.0,64.0,-0.8283835007031999,-0.2899095799068871,0.47930492511649014,14.389828453251381,-0.5315549635460205,0.6767757940451419,-0.5093366718823188,13.275606878723645,-0.17672039070888482,-0.676703007288116,-0.7147327776413499,13.055431110336109,79.21218582957212,67.9590114493614,67.2630726802218,22.59307238830487,6.580749383311911,104857.0,362089.3516050449, 0.0, 0.0,0.0,NaN, 193.49336612684806,193.49336612684806,2.6973983046972182E-6, 197.21368204419244, 6.709618677268702, -12.971446607756759, 6.709618677268702, 176.17772824679076, -7.087358050509864, -12.971446607756759, -7.087358050509864, 180.36177209816634, 6.188077408020422, 4.631314763575089, 36.0, 0.0
10, 0 ,1.0,1.0,1.0,23.081540238268904,133.02070670232595,191.73080273928196,13.212723661817675,13.299333502600504,13.337259185740855,59.0,65.0,65.0,0.49019874150313963,-0.6182268179001962,0.6144109337062091,14.208993710020549,-0.8437758162562238,-0.15986909323637957,0.5123321626922528,12.893940795982335,-0.2185121638030281,-0.7695696684880292,-0.6000124662149473,12.69573193096312,87.35821712922888,69.56498668792584,63.61690030576085,22.112232398989295,6.354525875127878,98712.0,386604.56065798557, 0.0, 0.0,0.0,NaN, 173.05919503695068,173.05919503695068,NaN, 174.57606656355665, -11.654314250009898, 10.069715624761889, -11.654314250009898, 176.87227161339217, -15.880417383895375, 10.069715624761889, -15.880417383895375, 177.8824825876288, 6.312817042878115, 4.678304098217494, 35.0, 0.0
11, 0 ,1.0,1.0,1.0,47.03388037458834,248.75828381138115,213.8549206115578,13.362249244757905,14.412565537864223,13.158764463044145,62.0,70.0,65.0,-0.06537040757115668,0.8535458419445333,0.5169005760426058,14.990741254700474,-0.8327833673323726,-0.3320390506343944,0.44296944809813327,13.976451071656605,-0.5497259070741851,0.40150910892905906,-0.7325243084966238,11.805139750648783,69.82100828316538,66.7683643204716,63.69064543415183,22.763514891060684,6.422400038969906,108706.0,296915.24937601894, 0.0, 0.0,-2.8421709430404007E-14,58.87542304619973, 110.71979987286403,110.71979987286403,1.3486991523486091E-6, 178.5497048790332, 10.716503603505624, -23.535183638551548, 10.716503603505624, 207.72204538323143, 29.42743633276262, -23.535183638551548, 29.42743633276262, 173.15308219387344, 7.013898541884547, 4.918112664313803, 42.0, 0.0
12, 0 ,1.0,1.0,1.0,263.96442314673635,280.0003630291149,24.716319973861903,16.67502981346358,12.77621346859042,14.17363938494614,74.0,58.0,63.0,0.9246637060323556,0.35838716134690535,0.12866885142961543,17.299649142939654,-0.15914751490747098,0.05675158982605831,0.9856223037000489,14.139674344632619,-0.3459322177035343,0.9318465000384568,-0.10951256147489398,11.957092131798289,85.65613421948262,68.99429986395039,62.02607790449244,24.06814909916321,7.931235857659966,110184.0,366560.7853996468, 0.0, 0.0,0.0,NaN, 48.05668268997549,48.05668268997549,0.0, 278.0566192798993, 51.28336621536826, 9.662101342277728, 51.28336621536826, 163.23163059499126, 10.39377175634437, 9.662101342277728, 10.39377175634437, 200.8920534144964, 6.267278524000593, 4.717886596434268, 25.0, 0.0
13, 0 ,1.0,1.0,1.0,137.0960632346148,22.368639326592415,251.1979777241698,14.666584129920247,12.541071586998658,12.88906540432511,72.0,55.0,66.0,-0.9700834319715333,0.18112786277806497,-0.1616503397453347,14.726644459138415,-0.24024053396242803,-0.6203147117020859,0.74665530486792,13.713165789286576,0.034965995706959345,0.7631529045816507,0.6452712788996668,11.558122710755939,77.52347021869431,73.43087399881901,65.9753274155452,22.240233316192672,6.624741174460667,97415.0,375572.2159029778, 0.0, 0.0,0.0,NaN, 147.2322110068422,147.2322110068422,0.0, 215.10869004002845, -6.517740869663274, 3.2911083966248555, -6.517740869663274, 157.27847655022504, -27.662593831059823, 3.2911083966248555, -27.662593831059823, 166.1280069969704, 6.791266059880689, 4.734900981329723, 31.0, 0.0
14, 0 ,1.0,1.0,1.0,144.3464910246301,151.88496683519645,58.753838304188506,12.350172080096872,11.84835694149406,13.836989264266997,62.0,65.0,69.0,0.33691234392684327,0.15366010502808064,0.9289126140991302,14.030848301631707,-0.7301997488071309,-0.5801904787354104,0.3608148212404513,12.609861339629502,-0.5943890976050313,0.7998547246266258,0.0832707640216025,11.335752178501911,71.71293432806934,66.37165828531246,60.46262297409682,21.159997876470808,6.052030600406948,86236.0,287784.3318291576, 0.0, 0.0,7.105427357601002E-15,21.73405906205556, 215.0022930947696,215.0022930947696,NaN, 152.5267504080043, 16.464703731207017, 13.357592089972336, 16.464703731207017, 140.38356221305048, 3.3714002965994996, 13.357592089972336, 3.3714002965994996, 191.46227189944014, 5.606880724869675, 4.459686404378662, 32.0, 0.0
15, 0 ,1.0,1.0,1.0,31.33365269096826,10.642197788828566,73.39095457517831,17.122357889038646,7.253444800957757,13.949737680191927,75.0,31.0,68.0,-0.9686763763701547,0.006967274454839131,0.248228795567835,17.323778677508912,-0.24826200003392396,-0.004379719647794614,-0.9686830221465446,13.699329160865153,-0.005661907941940923,-0.9999661369978874,0.005972240448886482,7.252437892322058,80.82834393259049,67.06661972945696,31.41405559892095,21.85452963447884,7.92226716052615,65757.0,170291.94527348113, 0.0, 0.0,0.0,NaN, 80.50643687426899,80.50643687426899,0.0, 293.1751396803239, -1.5236221160773615, -27.032415459637917, -1.5236221160773615, 52.61246148054112, 1.0011311228430824, -27.032415459637917, 1.0011311228430824, 194.5951813461664, 6.044737063589066, 4.407060331024973, 26.0, 0.0
16, 0 ,1.0,1.0,1.0,219.00244319121185,29.351112294946454,269.12202178665245,12.752828545481233,14.06640080588689,14.690998287608599,69.0,65.0,64.0,-0.3822175694377316,-0.46967584483365254,0.7958104864808628,15.454375971819355,0.013058473022524697,-0.8638586195301526,-0.5035650521489538,13.707520003718944,-0.9239800895557396,0.1820793405174053,-0.33631519124374093,12.230693230480139,77.99087277098658,76.4631725047109,64.78568364576466,23.032563918115873,6.7693941816704495,108874.0,386344.8608195461, 0.0, 0.0,0.0,NaN, 91.51798479253893,91.51798479253893,0.0, 162.63463591044098, 15.58951268557725, -27.398666879100787, 15.58951268557725, 197.86363163185536, -16.694881485371685, -27.398666879100787, -16.694881485371685, 215.82543068651876, 6.153742838253688, 4.595585005392631, 35.0, 0.0
17, 0 ,1.0,1.0,1.0,160.16922515024405,259.7850873795004,282.4727568536739,15.29947799253875,16.220067082117403,9.953001902192424,73.0,80.0,44.0,-0.6381743855380193,0.7693792447987412,0.02808970124600378,18.08623725489759,-0.7693589597353061,-0.6386653096530984,0.013907311771854574,13.04785506554904,-0.028639914772552122,0.012735773185412053,-0.9995086569726102,9.943256509091615,91.15092112640403,71.64324562653249,44.69779634282435,23.081862013622324,7.965833028735481,90353.0,291892.15741320327, 0.0, 0.0,0.0,NaN, 146.55063645193766,146.55063645193766,0.0, 234.07402684417752, -76.99460987496356, -4.855250542789548, -76.99460987496356, 263.0905761483886, 4.298728239069856, -4.855250542789548, 4.298728239069856, 99.06224686504602, 6.640486856036981, 4.793418978844527, 29.0, 0.0
18, 0 ,1.0,1.0,1.0,40.992816890229385,85.67110484959123,38.13981268354631,12.408861656142603,12.310412862292841,15.676852017491633,58.0,59.0,78.0,0.06939585400522996,-0.011514169375016193,0.9975227512946703,15.691479469963872,0.9972264598759653,-0.026162408437680373,-0.06967722804467925,12.39092140224547,-0.02689987305053815,-0.999591392664194,-0.009666671687893189,12.309847296648325,79.16014917296383,58.19659839366515,59.19025711321393,22.507047500034574,6.687496874834291,100792.0,272680.7194522049, 0.0, 0.0,0.0,NaN, 102.34546670117602,102.34546670117602,0.0, 153.97984760128614, -0.12790816819684353, 6.415680057771333, -0.12790816819684353, 151.546264840105, -1.083927390471899, 6.415680057771333, -1.083927390471899, 245.7636891783315, 5.978578495340578, 4.405450993524959, 34.0, 0.0
19, 0 ,1.0,1.0,1.0,190.29720484039834,282.8189476759757,59.74886172725281,13.88051116582675,10.201264893752652,14.488442972717923,66.0,43.0,73.0,0.302140545607534,-0.005345604451350235,0.9532484016315117,14.556244771022543,0.9465551401694914,0.1201067155313528,-0.2993455252763695,13.856023552388214,0.11289135183306367,-0.9927465947548348,-0.04134901793251027,10.13783630330421,75.3410622450527,69.68368649887796,45.777519091883136,21.487491109489213,6.70351409713299,82142.0,240333.9419250952, 0.0, 0.0,-7.105427357601002E-15,17.589056776021387, 126.09448164964539,126.09448164964539,0.0, 192.66859022464106, 9.966266104872181, 6.146466346724083, 9.966266104872181, 104.06580543251033, -3.763518399750596, 6.146466346724083, -3.763518399750596, 209.91497977369937, 6.07964236688631, 4.599360866221607, 32.0, 0.0
20, 0 ,1.0,1.0,1.0,282.138808991158,104.01454138702461,167.93039576009375,10.742631743321391,13.2388954015898,13.49038773091018,44.0,66.0,68.0,-0.3260595665586299,0.6779888532013206,0.6587991150497672,14.295730985058311,0.17763234012240023,-0.6405317334696774,0.7471049793442489,12.872549924309395,-0.9285105873377205,-0.3606247542156364,-0.08841875281111777,10.128799702143864,76.64037514746485,67.74244625580579,53.0296859691378,20.736751573958916,6.5307107972253835,75096.0,275319.86801331607, 0.0, -1.4210854715202004E-14,0.0,47.31331586674581, 169.05746753188058,169.05746753188058,0.0, 115.40413677261638, -29.679537917044147, -13.486809489230218, -29.679537917044147, 175.26835145423559, 15.257896663337092, -13.486809489230218, 15.257896663337092, 181.99056113029195, 6.159935770725987, 4.541018554418775, 25.0, 0.0
21, 0 ,1.0,1.0,1.0,276.0386278926073,209.2139084331586,11.115425245659843,14.174827574370882,13.89089966252585,7.16857467736147,57.0,78.0,28.0,-0.7277081347090019,0.682223040367153,-0.07079967422625114,16.115808212760403,-0.683988039316805,-0.7294926090593388,9.462554369383408E-4,11.62811983451544,0.05100228181070711,-0.049114728137254635,-0.9974901055800528,7.094987516978931,94.08133746091015,60.61657470994277,31.734169334264024,19.700395410302193,7.560801133489219,50171.0,180976.42684676388, 0.0, 0.0,0.0,NaN, 94.55059203222211,94.55059203222211,0.0, 200.9257367631451, -61.599600457305186, 10.732660418845898, -61.599600457305186, 192.9570934343608, -10.171906952949858, 10.732660418845898, -10.171906952949858, 51.3884629049081, 6.415155794594686, 4.668498039668317, 15.0, 0.0
22, 0 ,1.0,1.0,1.0,53.170520024763086,188.81512214867374,48.77491785323111,13.667008324773205,11.28266433933516,12.713034687888952,72.0,57.0,65.0,-0.9312436445701773,0.0462389152200494,0.3614515696008622,13.820698952179372,0.3605085759876252,0.2614284677255977,0.8953707181397107,12.646876859856532,0.053092759271188464,-0.9641146814471392,0.26012312456037506,11.169228634236404,67.9507585163717,65.70139527839743,58.7650382353076,20.96644130767791,6.0095940803578625,83996.0,262354.14172378427, 7.105427357601002E-15, 0.0,0.0,21.37048628328337, 132.54498811387595,132.54498811387595,0.0, 186.7871165494201, 0.4635935695098148, -10.943570508260175, 0.4635935695098148, 127.29851459410528, 9.344953323287081, -10.943570508260175, 9.344953323287081, 161.62125097546775, 6.1348825678494725, 4.339828936969534, 31.0, 0.0
23, 0 ,1.0,1.0,1.0,91.43956678852052,268.2357031808059,39.43784402705996,11.453974440415037,14.820275493267415,13.585169964606838,62.0,62.0,67.0,-0.030090144094540264,-0.8615984232188767,0.506697878755294,15.412964808842343,0.31712021428326254,-0.4889671705793671,-0.8126166844143342,13.08531899806603,-0.9479078820862857,-0.13623238676009855,-0.28794336921752434,11.251927908830508,76.0939860723746,73.54683284089438,58.54021875769298,22.18294940164994,6.580858225877047,95196.0,327618.6760591301, 0.0, 0.0,0.0,NaN, 104.5251571077168,104.5251571077168,0.0, 131.19353048168097, -4.042249670162852, -13.190035120302367, -4.042249670162852, 219.64056569634272, -30.709707805782223, -13.190035120302367, -30.709707805782223, 184.55684296725576, 5.794702824627012, 4.254780011452302, 33.0, 0.0
24, 0 ,1.0,1.0,1.0,68.76653966448679,62.33098663633779,161.44938299687234,13.586507029739934,12.639028886812739,11.903704227764111,66.0,62.0,59.0,0.9598578380150615,-0.20623638190597376,0.19010388102136314,13.719050805520947,0.13116149472857777,0.9291250287653062,0.3457214821535309,12.681649788576706,0.24793062154888523,0.30690916522678513,-0.91887821347455,11.70469147172945,65.59214397589712,62.437895663864396,64.92272194704447,21.218734370233598,5.9834530614378165,87925.0,265886.8164488974, 0.0, 0.0,0.0,NaN, 166.76409189161234,166.76409189161234,0.0, 184.59317326917264, -7.234538951559798, 10.425220185120985, -7.234538951559798, 159.74505120168683, 5.6449935288600885, 10.425220185120985, 5.6449935288600885, 141.69817434208917, 6.306562378244167, 4.391206241078025, 37.0, 0.0
25, 0 ,1.0,1.0,1.0,123.97429082298362,169.0371502440439,274.6594379741942,13.072478281938517,11.690180885386686,12.921429168919737,66.0,57.0,60.0,-0.9354174137840664,0.32263208272127525,0.1445780107362852,13.22551536342027,-0.19570325455447576,-0.13194963334093165,-0.9717456099298727,12.965121598875,-0.2944392945011164,-0.9372821525347242,0.18656813338177233,11.46755050699772,67.59975039146296,63.014941877841295,63.575761463425465,20.91666645106624,6.083289727363398,82772.0,270819.6689622702, 0.0, 0.0,0.0,NaN, 182.10721261127074,182.10721261127074,0.0, 170.8896884317542, -12.155957863536873, 1.0876538444049237, -12.155957863536873, 136.66032913306026, 6.716440683194175, 1.0876538444049237, 6.716440683194175, 166.9633317674098, 5.685178513671485, 4.226755653449127, 29.0, 0.0
26, 0 ,1.0,1.0,1.0,277.4049247004507,207.64869737276024,287.91968780916784,13.17642614418316,13.275977900412913,7.049774541455697,56.0,73.0,31.0,0.6349335166211233,0.7594850119862601,-0.1415695802048029,13.34106740350046,0.7590600054551396,-0.6473850815972569,-0.0687056347307583,13.233638785348223,0.14383093404958927,0.0638362960512527,0.9875411838079867,6.8158522038632245,81.8848626619448,62.8978737971872,37.19449469348615,18.859004962306678,6.626239360481276,45485.0,191565.92134187996, 0.0, 0.0,0.0,NaN, 95.83962889832313,95.83962889832313,0.0, 173.61820593311353, 0.19525759675730456, -18.533248544998496, 0.19525759675730456, 176.25158921225207, -8.418650291245834, -18.533248544998496, -8.418650291245834, 49.699321085356885, 5.844156394276604, 4.384441866208159, 15.0, 0.0
27, 0 ,1.0,1.0,1.0,13.139308245994973,250.29759441946348,81.47979962044145,8.393579037839801,12.285494426766485,13.73888405969589,34.0,70.0,59.0,-0.08703057219350024,0.14202981007080173,0.9860290120249625,13.79166606505468,-0.12329745764986409,0.9806387468216445,-0.15213607451605196,12.31551807227349,-0.9885461124503759,-0.13481535996809033,-0.06783363675878173,8.261987614482619,57.05010773151231,70.87261500009296,37.55087552841769,19.309474037181833,6.106282829002077,58489.0,151829.09156797416, -1.7763568394002505E-15, 2.8421709430404007E-14,0.0,80.85671502116826, 96.34276458490649,96.34276458490649,0.0, 70.45216906446373, -11.5927234066199, -8.900432684904144, -11.5927234066199, 150.93337331011037, 4.634283502993673, -8.900432684904144, 4.634283502993673, 188.7569352057658, 7.6862600257167655, 4.964091028871115, 24.0, 0.0
28, 0 ,1.0,1.0,1.0,60.404559777571826,43.72970033982082,34.615223972814334,11.855418847042971,12.429897818584408,14.266953437362384,63.0,66.0,67.0,-0.364128430796225,-0.4329915395912039,0.8245779602489491,15.191440061867512,-0.42407231488127584,-0.7111732563759673,-0.5607096139418684,12.08826481465256,-0.8292003121303773,0.5538509962598621,-0.07533867734997295,11.031467663944685,79.95744241868988,64.81272545867154,60.14373610527112,21.34284700111014,6.56370003049838,80925.0,311680.46366656554, 0.0, 0.0,0.0,NaN, 82.2144224842629,82.2144224842629,0.0, 140.5509560388217, 24.567764480378155, -26.94380991839301, 24.567764480378155, 154.5023597804494, -29.20486364928937, -26.94380991839301, -29.20486364928937, 203.54596038386632, 6.306071195948223, 4.343404648903075, 26.0, 0.0
29, 0 ,1.0,1.0,1.0,134.1799350709094,142.87202134510994,174.8898176990918,13.507364185995362,11.353156676738479,11.626563082986822,68.0,53.0,55.0,-0.9737952738739198,0.22662417481570035,0.019085281499634676,13.61886020923808,-0.11987968954927007,-0.44017726950083746,-0.8898723680665436,11.766737898714965,-0.19326568400620953,-0.8688414439953299,0.45581018042790794,11.072061629458634,69.41230155552594,57.23845338828494,59.31592882807827,20.305388458936523,5.849036026060196,76083.0,235665.31635335388, 0.0, 0.0,0.0,NaN, 232.52790622683867,232.52790622683867,2.6973983046972182E-6, 182.44888725311014, -13.040126864273931, 0.5238147247007755, -13.040126864273931, 128.8941665265715, 6.486549622597629, 0.5238147247007755, 6.486549622597629, 135.17696912267203, 5.55424158951431, 4.044612905640621, 33.0, 0.0
30, 0 ,1.0,1.0,1.0,239.05060999101065,95.45143187363554,185.20172081674585,13.226238920935032,11.38642150887571,12.028014776164941,67.0,54.0,59.0,0.9204973553178533,-0.3440863093954257,0.18517351468142826,13.543676442098256,0.1973191384686574,2.87363322359277E-4,-0.9803392652629535,11.974883987847976,-0.33726810766336124,-0.9389379793729489,-0.06815933130701238,11.064723771356473,74.01730046586579,60.80095318083356,55.76637951339981,20.38303576786746,5.812829183186687,77870.0,250966.68801735647, 0.0, 0.0,-2.8421709430404007E-14,79.32875115321616, 161.25894980630235,161.25894980630235,0.0, 174.9333959936567, -19.320342789443874, 6.341697935805816, -19.320342789443874, 129.6505947777874, -3.892758339168652, 6.341697935805816, -3.892758339168652, 144.67313945564217, 5.79237703478419, 4.270434576398494, 32.0, 0.0
31, 0 ,1.0,1.0,1.0,275.6187855712218,64.91250718860928,239.90728181331428,14.333370152174131,13.64409258444774,12.855386085120207,58.0,72.0,63.0,-0.9344326817685652,0.2771368760389713,-0.22367546844070313,14.48769061893617,0.26712344484705597,0.9607800117037727,0.07447707246891856,13.571630051471427,-0.23554326238686957,-0.009844848899743741,0.9718139999476707,12.758737870405007,65.86535507035518,71.32547403221409,68.5642373965834,22.618150920159533,6.729558880234825,100854.0,322106.4000106438, 0.0, 0.0,2.8421709430404007E-14,77.07499683214898, 91.75626401286041,91.75626401286041,0.0, 205.44549991923628, -6.706098281868206, 10.271801454344754, -6.706098281868206, 186.16126245298182, -1.3885829543629462, 10.271801454344754, -1.3885829543629462, 165.26095139750223, 5.41371373350325, 4.068169486504686, 30.0, 0.0
32, 0 ,1.0,1.0,1.0,131.89357890120905,275.8131053060202,59.13010085823467,12.672887122599326,12.214683178250311,12.390732489059882,62.0,53.0,67.0,0.6537227576179846,0.29036424728591287,-0.6988098168102846,13.288652034675492,-0.6153019739152135,0.7415197006862765,-0.26749208285513265,12.641960029197858,-0.4405111089046227,-0.6048447217197328,-0.6634099980701221,11.266027627522389,70.62633424647643,68.11144857983126,61.02960985915229,20.670804378074312,6.00405289333832,79815.0,293580.61503836786, 0.0, 0.0,0.0,NaN, 146.55132499507513,146.55132499507513,0.0, 160.6020680221438, -5.581701228223505, -17.27404527106653, -5.581701228223505, 149.19848514503113, -16.60237155293752, -17.27404527106653, -16.60237155293752, 153.53025161544412, 6.247591100526261, 4.289271232744417, 25.0, 0.0
33, 0 ,1.0,1.0,1.0,35.86856753510717,176.55871212121212,209.40012934220252,12.45670215854994,13.158093861831507,12.81063772837514,66.0,63.0,67.0,0.2283962586010546,0.8282933274389198,0.5116300546070397,13.536421870594992,-0.6361889553100121,-0.2708206356936771,0.722440168058247,12.696925012070512,-0.7369523473051669,0.4904960213932776,-0.46509664672922524,12.164319953470274,59.86380250735982,73.84549671542304,73.9904931676614,21.30165868949584,6.217446326867307,86592.0,327087.7185360899, 0.0, 0.0,-2.8421709430404007E-14,59.227532018340916, 157.26615100969425,157.26615100969425,0.0, 155.16942866682274, 8.952590339194298, -1.9650213409598327, 8.952590339194298, 173.13543407676795, 12.35351698106331, -1.9650213409598327, 12.35351698106331, 164.11243900766857, 5.5350685494395035, 4.2066276260710005, 41.0, 0.0
34, 0 ,1.0,1.0,1.0,164.4332414150699,9.725588630417874,224.33884842914046,13.053484630132978,6.59535029128269,12.708926988282146,60.0,27.0,67.0,0.7703182854873383,-0.07524298613498856,0.6332047315689746,13.69464948217911,0.6372429984896651,0.05494872272069483,-0.768701501720443,12.062345963303548,-0.02304560521548049,-0.9956501046596914,-0.09027607197590122,6.508864499215895,62.9901613711267,54.374953575155374,29.052991251005338,18.307590171695875,6.343585244370921,42429.0,99509.02555739455, 0.0, 0.0,0.0,NaN, 155.55559444925606,155.55559444925606,0.0, 170.3934609891179, -4.80333663777944, 20.292825383005678, -4.80333663777944, 43.498645464722664, -11.273227927585367, 20.292825383005678, -11.273227927585367, 161.5168251934863, 6.450428022946432, 4.319663636029494, 16.0, 0.0
35, 0 ,1.0,1.0,1.0,51.949911137038896,20.427627562441494,165.88597050563703,12.423635914110505,11.589750231415245,12.301933386572273,67.0,50.0,60.0,0.5039533819239472,0.3500425968982807,-0.7896209022082205,12.874570857868171,-0.8099098720181691,0.5091743460117958,-0.2911829056984166,12.438217231558875,-0.3001282859960538,-0.7862643739354902,-0.5401030885163525,10.93356218836803,72.90876535209216,62.283337400324015,61.00116943836983,20.138120168903484,5.870495793664467,73709.0,277006.38556486793, 0.0, 0.0,0.0,NaN, 145.2675261102457,145.2675261102457,0.0, 154.3467293263764, -6.350136333954734, -10.095782019742416, -6.350136333954734, 134.32231042658972, -17.98686443090649, -10.095782019742416, -17.98686443090649, 151.33756504766157, 5.559568024605602, 4.061958006900436, 25.0, 0.0
36, 0 ,1.0,1.0,1.0,103.7652377264061,229.52779432793136,156.88961213060057,12.111391973498645,10.919456985997133,11.81700246424398,60.0,52.0,57.0,-0.8310784781962226,0.5365720107937735,0.14628410819968593,12.859368541150825,-0.1870525210862965,-0.021971123958080874,-0.9821041818805571,11.816984159271437,-0.5237555894062715,-0.8435684601410517,0.11862687562666152,10.027832754244846,60.180663742014715,58.235852149648935,53.99306125927026,19.380766614937762,5.472457314772004,67136.0,189227.98272918825, 0.0, 0.0,0.0,NaN, 190.30012992332365,190.30012992332365,0.0, 146.68581553572741, -28.73850741178306, -0.6988176717349631, -28.73850741178306, 119.23454086904161, 5.930089426899463, -0.6988176717349631, 5.930089426899463, 139.6415472399483, 5.991548730659292, 4.1436697934485025, 23.0, 0.0
37, 0 ,1.0,1.0,1.0,186.78931376483402,65.47433067706243,63.01992203176059,11.97222565955688,10.857281819697754,12.732429053002734,61.0,58.0,62.0,-0.5743548949695706,-0.1528038504315728,0.8042185262214365,13.306394276694544,0.6442263650591545,0.5217623546199052,0.5592284290557497,11.756077274673562,0.5050632091007651,-0.8392943634951794,0.20123649325621656,10.395384736049662,65.82895703097985,57.7161907839195,53.96370754133265,19.767084576797643,5.708929206003727,69772.0,205029.52928211872, 0.0, 0.0,0.0,NaN, 145.17251126964672,145.17251126964672,0.0, 143.33418724335218, 16.186846599679242, -21.010765724547255, 16.186846599679242, 117.88056851233937, 0.3159961067315727, -21.010765724547255, 0.3159961067315727, 162.11474958974813, 5.319550554783565, 3.927932900623645, 33.0, 0.0
38, 0 ,1.0,1.0,1.0,92.31122448979592,158.73687856343582,106.40232855544306,11.340976944805899,11.782113668673167,13.263870533738023,57.0,58.0,61.0,-0.18357400608225066,0.33391023712910906,0.9245564005680217,13.390139076836086,0.6235003904875157,-0.6875834487653697,0.3721239901509111,12.592553855695781,-0.7599656882733781,-0.6447735684132078,0.08197071503206954,10.271221202676266,65.50386981251965,58.70540878924469,53.74981801143383,20.244014516061377,5.791899375285977,75068.0,206691.2408613452, 0.0, 0.0,0.0,NaN, 199.494579291838,199.494579291838,0.0, 128.61775806261895, -27.27706471302759, -0.21100338414310024, -27.27706471302759, 138.8182025015351, 9.202826685499854, -0.21100338414310024, 9.202826685499854, 175.93026153576378, 6.118969505026214, 4.287485139610312, 27.0, 0.0
39, 0 ,1.0,1.0,1.0,84.6783756062352,207.89026351445466,190.98622279064466,14.07119421250305,12.351327057660475,10.541808129345583,65.0,62.0,54.0,-0.9544459712423253,0.2940974597811875,-0.05039416761439153,14.233449911607739,-0.29618565784168155,-0.9133424994346798,0.27942715475648083,12.314916721123815,0.03615168140190722,0.28162415179928124,0.9588435185446842,10.365096963017296,64.33058040147415,59.739123670883345,56.42470041734282,20.6478422840075,5.945596210805814,78971.0,216843.0859116594, 0.0, 0.0,0.0,NaN, 165.94768595011567,165.94768595011567,0.0, 197.99850656597934, -14.747390776314937, 0.9169451147837, -14.747390776314937, 152.55528008529575, -12.696285893508765, 0.9169451147837, -12.696285893508765, 111.12971863593663, 5.613043135197706, 4.06957382151107, 22.0, 0.0
40, 0 ,1.0,1.0,1.0,288.04816466552313,76.9785934819897,284.4099142367067,8.039423395710108,11.703200134599452,8.56017532159145,37.0,61.0,35.0,0.19193098309365303,-0.9670551746672793,-0.1672327326749798,11.868396500731148,0.5616148978231016,0.24796858451211937,-0.7893670170701352,9.07414914570322,0.8048299225748572,0.05758359353403884,0.5907054473118185,7.188518988312483,60.82992571412881,49.647439739470116,37.64971596299739,15.69506645209706,5.342163655919082,29150.0,113704.02737654184, 0.0, 0.0,0.0,NaN, 79.4455851286572,79.4455851286572,NaN, 64.63232853549104, -12.2827082418085, -16.457136177987184, -12.2827082418085, 136.96489339048864, 8.420747392236871, -16.457136177987184, 8.420747392236871, 73.27660153638328, 6.685253499941597, 4.399460393562684, 9.0, 0.0
41, 0 ,1.0,1.0,1.0,120.99853376047314,236.02893050763925,76.99306308526367,11.866479758629445,12.351798670591277,12.8532256742443,63.0,62.0,66.0,-0.07469834392926977,-0.14600547579041218,0.9864596081205961,12.874426174414499,0.3680366599001476,-0.9234230823238324,-0.10880637849453391,12.422242436361776,0.9268058989798069,0.3549256430166295,0.12271354263268719,11.769567792643837,65.78540165545903,61.09995887016183,60.0803312628226,20.617935226349257,5.786746019650235,81160.0,241492.01045722738, 1.4210854715202004E-14, 2.8421709430404007E-14,0.0,80.5628066536285, 157.03781285866216,157.03781285866216,0.0, 140.81334186196233, -5.069117265519796, -2.6386375738399015, -5.069117265519796, 152.56693039882043, -2.3351985229694314, -2.6386375738399015, -2.3351985229694314, 165.20541023305285, 6.237831566264296, 4.3153220517294475, 37.0, 0.0
42, 0 ,1.0,1.0,1.0,23.839892443805606,188.8233748853808,121.82843052216798,12.59777956978151,12.24186585215734,12.253994178902671,53.0,60.0,58.0,-0.643816354577321,-0.46312330401262064,0.6091119001129457,13.64221235649572,0.639119761860418,-0.7631844070148311,0.09526537087999555,11.995058942080512,0.4207450909734441,0.4506288563439476,0.7873418585670993,11.346202270534873,69.20561153782496,63.19796528044577,58.21363291040126,20.614165246805854,5.812391430813752,80702.0,254606.27883830684, 0.0, 0.0,0.0,NaN, 166.64557878054703,166.64557878054703,1.9073486328125E-6, 158.70405008880442, 9.719608273574451, -21.57730724422028, 9.719608273574451, 149.86327954221593, -17.285885744306466, -21.57730724422028, -17.285885744306466, 150.16037333658053, 6.100008161937239, 4.296071359334924, 22.0, 0.0
43, 0 ,1.0,1.0,1.0,215.89262122855928,135.51291593995907,206.0924372055976,12.016791451187528,12.610063174548467,11.538006754301051,63.0,59.0,61.0,0.4535457652841103,0.7269517290383123,0.5155942420557642,13.915817380228969,0.8801137218527226,-0.45642739013947703,-0.13066703538771451,11.497042282873803,0.1403427069690447,0.5130450479038589,-0.8468109018086194,10.521911199761327,68.38328621232347,60.30505207107625,54.18301305102956,20.073270540385717,5.797100975674835,72817.0,223443.03210251973, 0.0, 0.0,0.0,NaN, 185.08493158638723,185.08493158638723,0.0, 144.40327678133363, 18.72037422215322, 16.92575588819324, 18.72037422215322, 159.01369326610333, 32.36722966900753, 16.92575588819324, 32.36722966900753, 133.12559986229667, 5.729928363766318, 3.913223619094973, 30.0, 0.0
44, 0 ,1.0,1.0,1.0,125.37078651685393,91.98079298782281,213.0787987528678,12.710680997158049,10.449875959911369,12.182534178582614,62.0,52.0,65.0,0.7543535400827295,0.12951669570691374,0.6435651964625,13.55299002728124,-0.6094930783425394,0.5023537951705153,0.6133179044592745,11.743820034994885,0.2438625104791411,0.8549070651310249,-0.4578918933240336,9.877986146348343,64.75387005080572,57.937845123280184,52.78914178204573,19.671692953121713,5.6745003621001775,67996.0,198049.00707743422, 0.0, 0.0,-2.8421709430404007E-14,49.94181612004381, 178.13925905529,178.13925905529,0.0, 161.5614114115147, -3.9392133773896663, 26.723164977979696, -3.9392133773896663, 109.19990757753355, 19.607078521843036, 26.723164977979696, 19.607078521843036, 148.41413901233358, 6.14007082657389, 4.205887976174836, 37.0, 0.0
45, 0 ,1.0,1.0,1.0,107.5348267932646,210.99000074178474,279.3807877753876,11.894355764168958,12.227279983527024,11.424290034469031,61.0,58.0,46.0,0.5731236493593467,0.7830491868484598,0.2415848785023421,12.421632234345557,-0.6287569660240772,0.609264528324739,-0.48317844757545897,11.943356926067617,-0.525541587527783,0.12502281992180278,0.8415315408691331,11.160454990862542,62.78731395756381,66.70955461740023,58.264552105001485,19.675307871007888,5.863338452866361,67405.0,244041.87761377284, 0.0, 0.0,0.0,NaN, 141.1087199792008,141.1087199792008,0.0, 141.47569904461932, 6.418225254189764, 9.613079158774836, 6.418225254189764, 149.50637579556064, 0.3014116305998394, 9.613079158774836, 0.3014116305998394, 130.51440279166843, 5.266072525363781, 3.979021260704475, 27.0, 0.0
46, 0 ,1.0,1.0,1.0,279.97736964078797,233.65053302433373,47.47177288528389,11.75854059714134,12.025865049590656,15.657777782431433,51.0,62.0,72.0,0.3817011704215954,-0.011335549313309948,0.9242162743755111,16.343040569003264,0.18755208451218158,-0.9781726763366085,-0.08945630700857338,12.08043350718334,0.9050571429992252,0.2074842658859752,-0.37124364952930594,10.724684773364014,86.259713531431,60.37275914340714,58.197113713794266,21.88249322064054,7.014784579599806,86300.0,303075.2570736776, 0.0, 0.0,0.0,NaN, 84.0043255751074,84.0043255751074,0.0, 138.26327697462102, -6.33016812286763, 53.12983050341812, -6.33016812286763, 144.6214301909661, 1.1122155092384192, 53.12983050341812, 1.1122155092384192, 245.1660050840034, 5.664070383499906, 4.0169247047352785, 18.0, 0.0
47, 0 ,1.0,1.0,1.0,225.1544498102794,232.64096814993675,166.71787685408762,13.632565708518914,10.802071040593681,11.258475276979992,70.0,56.0,58.0,-0.9894891785739429,0.12954194683563727,0.06426546113657136,13.682490771085282,-0.1084266607025886,-0.370576856652459,-0.9224513280181608,11.346670267578103,0.09568084831327994,0.9197236961846832,-0.38072759020385605,10.64553297226181,70.685159817118,55.21356171319775,54.38769467423458,19.871327882963524,5.866445285979401,69576.0,212263.17622474805, 2.8421709430404007E-14, 0.0,0.0,8.31451830065828, 167.04256914110837,167.04256914110837,0.0, 185.84684779708581, -8.850808378452665, -3.1559920759173608, -8.850808378452665, 116.68473876603265, 5.886089510968051, -3.1559920759173608, 5.886089510968051, 126.75326556236969, 5.513233072424796, 3.968160637780526, 34.0, 0.0
48, 0 ,1.0,1.0,1.0,200.8225282219449,175.5132911576076,193.6197510084448,12.691622639301023,10.70020442987562,11.858720752471667,65.0,54.0,56.0,0.9491925803047736,0.23193508661523893,0.21269593576546653,12.845261223325592,-0.22079142360741533,0.00920950084337245,0.9752775668268119,11.814385736409594,-0.2242422635360623,0.9726876686228716,-0.05995086782712748,10.5650590022252,63.79859867763304,57.55029875510148,51.50576281369487,19.612267615472994,5.617817807985758,68918.0,189110.02223431907, 0.0, 2.8421709430404007E-14,-2.8421709430404007E-14,88.58919992288048, 191.44155495138136,191.44155495138136,0.0, 161.0772852184183, 11.694870195720876, 4.7563651670722775, 11.694870195720876, 114.49437484112985, 2.884461360983561, 4.7563651670722775, 2.884461360983561, 140.6292578851022, 5.856435950927102, 4.2022130871507795, 32.0, 0.0
49, 0 ,1.0,1.0,1.0,237.41104536489152,273.90658777120314,96.49296515450362,12.102301562718093,11.811657175314874,12.781019548597992,61.0,55.0,65.0,0.2349565760538387,0.5379354445474005,0.8095806722425178,13.239736525173551,-0.8278079459171033,-0.32579027066230043,0.45672169230100307,12.419392990538201,-0.5094402929152378,0.7774870783758244,-0.36876066888031955,10.945476852761434,72.99671223818893,61.33043575729164,56.76876714673104,20.361428166133937,5.894713909862351,76050.0,254149.2386889487, 0.0, 0.0,0.0,NaN, 117.93699897981905,117.93699897981905,1.9073486328125E-6, 146.46570311496882, 16.30071093060079, -2.4656290694251948, 16.30071093060079, 139.51524522716736, 19.04057888833116, -2.4656290694251948, 19.04057888833116, 163.35446070164403, 5.745050499581883, 4.099409630976876, 25.0, 0.0
