// Sample: .//bubblelabels.tif, Map: .//bubblelabels.tif, Thickness:(8.191250068658265):/gpfs/home/mader/Foam/NewValid/InSilicoTest/LatticeData_OldFoam/out_Step_07000.vtk/distmap.tif, Neighbors:(1.0):
//LACUNA_NUMBER, TRIANGLES, SCALE_X, SCALE_Y, SCALE_Z, POS_X, POS_Y, POS_Z , STD_X, STD_Y, STD_Z,PROJ_X, PROJ_Y, PROJ_Z, PCA1_X, PCA1_Y, PCA1_Z, PCA1_S, PCA2_X, PCA2_Y, PCA2_Z, PCA2_S, PCA3_X, PCA3_Y, PCA3_Z, PCA3_S,PROJ_PCA1, PROJ_PCA2, PROJ_PCA3,OBJ_RADIUS, OBJ_RADIUS_STD, VOLUME, VOLUME_BOX, Mask_Grad_X,Mask_Grad_Y,Mask_Grad_Z,Mask_Angle, Mask_Distance_Mean,Mask_Distance_COV, Mask_Distance_STD, SHAPET_XX, SHAPET_XY, SHAPET_XZ, SHAPET_YX, SHAPET_YY, SHAPET_YZ, SHAPET_ZX, SHAPET_ZY, SHAPET_ZZ, Thickness, Thickness_STD, Neighbors, Neighbors_STD
1, 0 ,1.0,1.0,1.0,78.92426487057871,135.76170921765646,39.43359176985134,17.978846266134685,17.341289425918383,19.076408411455887,97.0,91.0,87.0,0.3647358723739655,-0.3590513102350218,0.8590983063783306,19.47915337574539,0.8092167367464589,-0.3341661925219055,-0.48321964855004057,18.01617651315631,-0.46058225798766356,-0.8714442680940225,-0.16866793184556117,16.84780571785004,96.27613557895421,92.09763537672946,88.74022152270267,30.23957651962992,8.569515844467482,254479.0,786842.1893194409, 0.0, 0.0,0.0,NaN, 161.91136289628363,161.91136289628363,0.0, 323.2389130613051, -23.533225052943592, 14.023976886813342, -23.533225052943592, 300.7203189534687, -22.90781555678963, 14.023976886813342, -22.90781555678963, 363.90935788066486, 7.909360562390714, 6.220125763462854, 41.0, 0.0
2, 0 ,1.0,1.0,1.0,56.9063894811656,262.41238805970147,13.67135039090263,19.785815465757235,21.065788411989505,9.154317033579451,111.0,95.0,38.0,0.5385441474358466,0.8405635595297033,-0.05850729572755983,21.906649178730287,0.8396084601854915,-0.5411819239647652,-0.04668788663821643,18.90258510595588,0.0709072270473548,0.023979732370273985,0.9971946337540655,9.046460826595288,105.96674718689314,99.86681807966717,42.02896301370788,28.48127842811379,10.385770771362441,140700.0,444774.10116424266, 0.0, 0.0,0.0,NaN, 69.55624743089164,69.55624743089164,0.0, 391.4784936449982, 55.02733164985337, -23.340736631140558, 55.02733164985337, 443.76744141871126, -12.61618879695317, -23.340736631140558, -12.61618879695317, 83.80152035128289, 7.73563147205449, 5.959777761136013, 22.0, 0.0
3, 0 ,1.0,1.0,1.0,260.91022929092117,140.3228363154407,127.00266666666667,18.24061037899904,16.746887845962178,15.23564264062402,89.0,99.0,76.0,-0.9223732244497519,-0.32608320572057753,0.20711682154078956,18.472274157770563,0.3816026138143089,-0.8524828586670636,0.3572847895012022,16.90758629571034,0.06005897058937447,0.4085862438039516,0.910741566760803,14.771984947519867,106.94879883886674,87.36940772785098,79.4178924944733,27.814259112362635,8.465808657587745,188625.0,742085.0134339447, 0.0, 0.0,-1.4210854715202004E-14,78.04655608950709, 193.25678747754958,193.25678747754958,0.0, 332.7198669984475, 14.989977931500881, -14.276224494808638, 14.989977931500881, 280.4582525252357, -28.914276403798883, -14.276224494808638, -28.914276403798883, 232.12480667280084, 6.727532363415871, 5.57971008271854, 41.0, 0.0
4, 0 ,1.0,1.0,1.0,79.27867330119251,16.552115335505288,263.05472709966494,17.653782869027715,10.565522849729858,18.945669711737505,82.0,45.0,81.0,-0.1589135767821566,0.07515249938807994,0.9844280455929861,18.99640647620064,0.9748794371658825,-0.14567160439459992,0.16849292763862483,17.765861899087316,-0.1560658774538285,-0.9864744728115509,0.05011543061511972,10.282772752264245,93.71841704452984,84.44213854157371,47.46584108107982,26.38421205858481,9.278904975732022,129223.0,375634.39261779044, 0.0, 0.0,0.0,NaN, 89.01704191983306,89.01704191983306,0.0, 311.6560495867765, -32.85394415349341, -5.43530778256223, -32.85394415349341, 111.63027308816375, 13.723257008019473, -5.43530778256223, 13.723257008019473, 358.93840082624786, 7.357956916037323, 5.784950588228715, 19.0, 0.0
5, 0 ,1.0,1.0,1.0,188.17282656336994,113.17348993686106,236.20165369534573,16.00460669036975,14.979423145572744,16.290938421122625,81.0,88.0,82.0,0.10963911750149048,0.12564421811844023,-0.9859983744240659,16.302051131916436,0.9228161353008977,0.3557022802868486,0.14794008323321792,16.189888699467247,-0.36930968622798066,0.926115229467771,0.07694762768304407,14.766714614957605,81.65374731333489,83.76389635613802,84.50845483068784,26.29525710337333,7.3813739639476195,168834.0,578007.0722498326, 0.0, 0.0,0.0,NaN, 171.41699021544954,171.41699021544954,0.0, 256.1474353134282, 15.118600146488928, 0.8580081430488106, 15.118600146488928, 224.38311777412045, -3.5910636387831643, 0.8580081430488106, -3.5910636387831643, 265.3946746408093, 6.9943855280397695, 5.679624933114383, 39.0, 0.0
6, 0 ,1.0,1.0,1.0,274.77572452206203,205.84225000725246,208.49439818978271,15.307048288783646,16.314863015578656,17.39616452643402,62.0,98.0,88.0,-0.3345062590838586,0.36285478375672137,0.8697367236920523,17.956611544095054,-0.08265181319405189,-0.9306415079316196,0.3564758918783942,16.054074243675046,-0.938762078702297,-0.047358099831221495,-0.34129601516999597,14.930968648954218,93.76774676720639,97.00491070787427,73.68446339597642,27.129752103266792,8.19045624969583,172355.0,670228.8613170023, 0.0, 0.0,2.8421709430404007E-14,29.571940501439684, 133.6982465095698,133.6982465095698,0.0, 234.30572731515431, -9.401020138491454, -29.97484864363593, -9.401020138491454, 266.1747552170963, 19.85816595040493, -29.97484864363593, 19.85816595040493, 302.6265402307614, 7.727704736158018, 5.972073463127593, 33.0, 0.0
7, 0 ,1.0,1.0,1.0,261.9324666511678,277.51620159471196,25.250284321179258,19.506105227498338,13.454806760407102,16.277963002192372,81.0,59.0,68.0,0.9371193985657658,0.18574693435834844,0.2954747183909515,19.936958325916653,-0.3387030360197372,0.27980151394634345,0.8983269817746464,16.23850651176386,-0.08418720937737113,0.9419178250621492,-0.3251204770657198,12.857707594472028,94.14218168876954,89.46363379705743,60.99592389602833,27.322337120612502,8.94326226130812,159151.0,513726.07153779024, 0.0, 0.0,0.0,NaN, 50.913997528130494,50.913997528130494,0.0, 380.48814114623804, 31.08935623866712, 34.354242548799476, 31.08935623866712, 181.03182495989668, 37.46707932641224, 34.354242548799476, 37.46707932641224, 264.97207950074375, 7.275468663669789, 5.772494325437328, 19.0, 0.0
8, 0 ,1.0,1.0,1.0,155.60048525413094,176.17792093704247,14.724643380046016,17.236377570397146,17.479914988748135,9.663347893746272,82.0,81.0,41.0,-0.6384168277011516,-0.76968488695186,-0.003021407933557603,18.016137806888167,-0.7636238615972168,0.632887835568006,0.1277950921960616,16.768394857183917,-0.09644973876249088,0.08389375654926959,-0.9917959898611706,9.500533917391428,84.62080230446287,87.44299966361845,44.564600919864354,25.118129855396273,8.068456162508218,119525.0,329755.62134027225, 0.0, 0.0,0.0,NaN, 190.78768892406367,190.78768892406367,0.0, 297.09271174928983, 22.871768086890537, -18.179291606910834, 22.871768086890537, 305.54742801386175, 15.98643575720498, -18.179291606910834, 15.98643575720498, 93.38029251557049, 8.51943202495974, 5.853523627085764, 18.0, 0.0
9, 0 ,1.0,1.0,1.0,43.93970944773988,257.76646095464434,214.34200262570315,16.96442875249505,21.555130766134543,15.080790250248745,85.0,89.0,90.0,-0.18998284411315025,0.9615974932301905,0.19808276037074074,21.9103307666902,-0.9161114239948458,-0.2461808984533418,0.3164408697732352,17.067577144520527,0.35305293904571117,-0.12134754323891081,0.9277005960874807,14.438869620773898,97.73012602394459,91.24312130249957,86.76286615829929,29.7904451066295,9.611197644648167,208706.0,773681.9813961806, 0.0, 0.0,-2.8421709430404007E-14,78.5751335773199, 105.12688714511825,105.12688714511825,0.0, 287.7918428984807, -30.935840952381653, -34.22971826857223, -30.935840952381653, 464.6236623451599, 45.27783844249486, -34.22971826857223, 45.27783844249486, 227.4302345719976, 7.43282039109044, 5.418426882522891, 30.0, 0.0
10, 0 ,1.0,1.0,1.0,277.5238644963507,209.23175690409306,285.6540577981298,14.167809394124458,18.33464173209976,8.844606348743724,62.0,103.0,39.0,0.3421329532790528,0.9379275269174517,-0.056894608980695954,18.915131090192553,-0.9390670041693523,0.34342817544800597,0.014499999615565072,13.417647123810504,-0.033139160534799095,-0.04846692231787049,-0.9982748887356037,8.791901582630704,107.55478977742723,68.18157134649206,42.151406629417295,23.089762112052643,9.054051995972435,77961.0,309106.9954179343, 0.0, 0.0,0.0,NaN, 94.60368216700374,94.60368216700374,0.0, 200.72682302824123, 56.87389613114118, -6.858677730319293, 56.87389613114118, 336.1590874444542, -14.455914063399149, -6.858677730319293, -14.455914063399149, 78.2270614642378, 6.898973498960904, 5.5154638941650544, 12.0, 0.0
11, 0 ,1.0,1.0,1.0,14.486479902557857,168.47860957556452,12.79364752178394,9.115153356424216,17.432011568321514,8.36433968276503,36.0,82.0,34.0,0.047269541499404814,-0.997859900039674,0.045179755856439664,17.460416585476093,0.9725136675482725,0.03565069125999049,-0.23010040122627634,9.12975951189857,0.22799727383950133,0.05481467053167692,0.9721175829169327,8.288822007645797,82.3687586591735,41.835515866404904,39.694900776169455,20.009033439605453,7.520758417251889,53365.0,136786.2269214757, 0.0, 0.0,1.7763568394002505E-15,87.41050921073982, 132.93386196171255,132.93386196171255,0.0, 83.08602071113164, -10.63150347964453, -2.7735010458733953, -10.63150347964453, 303.87502731809514, -10.767048652747642, -2.7735010458733953, -10.767048652747642, 69.96217832867781, 9.06109555852086, 5.723573959980997, 11.0, 0.0
12, 0 ,1.0,1.0,1.0,22.122471103453226,131.3123052624022,188.80945509368942,14.074719268542395,15.951597629415105,15.557352398080209,61.0,75.0,75.0,-0.4590654521579757,-0.6882345928219774,-0.5617758057073662,16.36777994018151,-0.16580237226545724,0.6876053549635383,-0.7069005935608011,15.803685400554317,0.8727934944682733,-0.23136987934611059,-0.42976679134761686,13.301192076170844,86.21399959871354,84.58950512959105,65.99470826564026,25.223035583513152,7.640738119465563,139290.0,481286.17948764673, 0.0, 0.0,0.0,NaN, 173.48101486217934,173.48101486217934,0.0, 198.09772248827858, 20.44180044891014, 32.00030515871011, 20.44180044891014, 254.4534669307616, -0.22580304422831865, 32.00030515871011, -0.22580304422831865, 242.03121363805204, 7.015431266267598, 5.185309128183362, 25.0, 0.0
13, 0 ,1.0,1.0,1.0,123.18460700796736,234.94845339508726,76.52739641055331,14.335191929568657,14.480528757096812,16.4987094620043,75.0,70.0,78.0,-0.15265387531398777,0.37547894710688245,0.914173044139417,16.907670082908556,0.8300748916818106,-0.45330259729690836,0.32479598132259446,14.40908453559359,-0.5363510683787734,-0.8084134558277614,0.24247724818127675,13.924791914708992,80.62735326513209,69.99351645625585,71.05289576865218,25.198159226306824,7.2417971705915996,145092.0,400979.34196516377, 0.0, 2.8421709430404007E-14,0.0,67.94608221935988, 158.94210745040618,158.94210745040618,0.0, 205.49772765757032, -10.434740193721305, -9.135040614621644, -10.434740193721305, 209.68571308510772, 29.54848921894004, -9.135040614621644, 29.54848921894004, 272.2074139116302, 6.578734232378197, 5.1372086360896745, 32.0, 0.0
14, 0 ,1.0,1.0,1.0,190.88983675365662,279.78608160715146,60.28739526761827,16.687258692089138,12.14753241685653,14.953336136802536,76.0,53.0,77.0,-0.9156125246031881,0.08255493703536501,0.3934950916604468,17.039351374655755,0.40145420548256666,0.24150300347947531,0.8834652342966043,14.73454942034029,0.02209582970013905,-0.9668820929572949,0.2542652013712906,11.924049907898569,80.23019893819071,72.69576946376506,59.867671943660355,24.410312448587614,7.33253395886427,124842.0,349171.97312998737, 0.0, 0.0,0.0,NaN, 126.28618391807746,126.28618391807746,0.0, 278.4646026567045, -3.9348458023489283, -26.805822182314014, -3.9348458023489283, 147.56254381858022, 20.798602858148794, -26.805822182314014, 20.798602858148794, 223.6022616202046, 7.064460137229451, 5.538699896010806, 26.0, 0.0
15, 0 ,1.0,1.0,1.0,173.74446664417863,100.96124704844443,11.27943122551182,14.360110885611682,18.3768487810573,7.512910957655525,80.0,85.0,30.0,-0.12281560561731147,-0.9916655287274795,-0.038933355243300286,18.448186108269105,0.987889664623923,-0.11841158293007154,-0.10026319143747688,14.336578498913044,0.094817390525612,-0.05077574383150608,0.9941989168633566,7.381878696222362,85.8432239197301,82.69511995726255,33.36424437716564,23.019715194517545,8.393920370716108,77078.0,236846.62178858757, 0.0, 0.0,0.0,NaN, 162.05202460108606,162.05202460108606,0.0, 206.21278464706313, 17.1445253102853, -13.594090694910557, 17.1445253102853, 337.70857112184717, 12.829350282448953, -13.594090694910557, 12.829350282448953, 56.44383105766046, 7.003762941888609, 5.132124906151129, 22.0, 0.0
16, 0 ,1.0,1.0,1.0,217.73015547508675,28.285316481654373,263.18804876337674,16.326504710774707,17.188113374058986,16.799382681303214,85.0,71.0,74.0,-0.5627873645991852,-0.6196884242354392,0.547043544076796,18.78532672704355,0.1345931606410851,-0.7216649131141774,-0.6790319832589259,16.30499232693765,-0.815570391417042,0.30852230073125214,-0.4895497182057694,15.015458064276702,90.26426322430476,92.29943930935747,80.0340480303995,27.804729198780045,8.43221738842612,185303.0,666790.9365697772, 0.0, 0.0,0.0,NaN, 94.46431178211314,94.46431178211314,NaN, 266.5547560709487, 40.51664937983822, -42.92133963122431, 40.51664937983822, 295.43124135950535, -23.404608334024392, -42.92133963122431, -23.404608334024392, 282.2192584728704, 7.511099757757016, 5.492390913288134, 34.0, 0.0
17, 0 ,1.0,1.0,1.0,156.55445865526372,257.88131864739074,280.4125211296958,17.513565331115103,17.438667603724987,10.944105348041173,84.0,82.0,48.0,-0.7125785839779755,0.7014017213056488,-0.01635197252369227,19.7069210008899,-0.7014872216457819,-0.7126816907834224,-6.967709553599133E-4,14.917816512516607,0.012142467773274282,-0.010974195713345694,-0.9998660547817491,10.940820601446633,91.69539736893189,69.93203483677587,48.65460769415648,25.67202001781044,8.45889640997613,129557.0,311995.0310212072, 0.0, 0.0,0.0,NaN, 150.7788976583318,150.7788976583318,0.0, 306.72497060723686, -82.86451248266428, 3.1807232119409496, -82.86451248266428, 304.1071277932073, -3.030288406722858, 3.1807232119409496, -3.030288406722858, 119.7734418690234, 7.518195435993086, 5.450070663629235, 27.0, 0.0
18, 0 ,1.0,1.0,1.0,272.94082230528335,65.56411758763511,239.0229922214365,15.938150528133004,16.19389635457354,14.175411831751786,72.0,82.0,70.0,-0.648740323686295,0.722589971694888,-0.2387461522818366,17.021335653884748,0.7130955162035151,0.6867650511711344,0.14088487945961864,15.25470135098783,-0.2657645145497105,0.07885110839988169,0.9608078504624463,13.956268887128376,87.06294961964915,81.12166541277787,73.52985013349583,25.668483208249235,7.637944212139408,148485.0,519318.6452469479, 0.0, 0.0,0.0,NaN, 93.53634635897687,93.53634635897687,0.0, 254.02464225742636, -25.934606854277806, 18.5164766316447, -25.934606854277806, 262.2422791426702, -12.710320217154713, 18.5164766316447, -12.710320217154713, 200.94230059976854, 6.076633318394134, 4.873266082266558, 27.0, 0.0
19, 0 ,1.0,1.0,1.0,41.134296587757206,85.10237445082313,36.36537731048471,13.448517062600505,13.771426726362074,17.719004652644333,63.0,70.0,81.0,0.14911022398194068,0.03869940825770451,0.9880630024975933,17.810915768086467,-0.17994732788344475,-0.9814865584567953,0.06559797829387795,13.780542831820956,0.9723091588027254,-0.18758062631609765,-0.13938582546011233,13.317126187940296,82.70571241588223,71.91120622958017,61.311994464873464,25.08915155830393,7.417034800207777,139527.0,364651.09700916253, -7.105427357601002E-15, 0.0,0.0,81.42463373213016, 101.27628132920168,101.27628132920168,0.0, 180.8626111830569, 3.025046819185337, 20.460753545594528, 3.025046819185337, 189.65219407955965, 4.5402678370283205, 20.460753545594528, 4.5402678370283205, 313.9631258804315, 6.771161332724876, 4.924774962026098, 20.0, 0.0
20, 0 ,1.0,1.0,1.0,69.86786154274132,63.67891745817271,159.59312482613362,14.586231400544282,14.29872736743553,14.062953551217507,71.0,65.0,70.0,-0.829480845021808,0.517405084441059,0.21036517377277061,14.645635838809218,-0.5329097744983398,-0.6203707132411574,-0.5754540384746522,14.519851546258513,-0.16723845247441224,-0.5894337594227178,0.7903158503198361,13.771625733143347,79.06690243983721,78.00340258872811,80.45451680572414,23.868489237708722,6.728568561854316,125815.0,496202.22047926433, 0.0, 0.0,0.0,NaN, 169.2649201733488,169.2649201733488,0.0, 212.758146470224, -3.661161206993496, 2.1577133110875533, -3.661161206993496, 204.4536043282498, 10.260370095785909, 2.1577133110875533, 10.260370095785909, 197.7666625837011, 7.003682489906884, 5.10015429951443, 28.0, 0.0
21, 0 ,1.0,1.0,1.0,65.58201054310985,42.043841397513475,34.62108769014726,14.59099158071023,13.41433832739382,16.62073779071765,77.0,69.0,76.0,-0.11705179270252404,-0.03619850408812342,0.9924658916692843,16.646563729380016,-0.9013884960224874,-0.41562481719391825,-0.12146929888181547,14.856652515932371,-0.41689046170840066,0.9088155366378282,-0.01602071478594955,13.08671940565944,79.5651657802131,81.0130222292885,61.68660773332326,24.82258372838389,7.2752848621441,136013.0,397620.4332992933, 0.0, 0.0,0.0,NaN, 85.2484863160907,85.2484863160907,0.0, 212.89703530835683, 18.977358569632578, -6.880907873804311, 18.977358569632578, 179.9444727617868, -1.3056806768201366, -6.880907873804311, -1.3056806768201366, 276.2489247077899, 6.409786614126358, 4.93327330497093, 21.0, 0.0
22, 0 ,1.0,1.0,1.0,25.72775473399459,281.6301388638413,133.62719567177638,15.537285667246994,11.69965109491069,19.823548669604833,64.0,47.0,107.0,0.13596345126646742,-0.07332942285917149,0.9879963237091783,19.948739408860366,0.956479599669479,0.2696083817167512,-0.1116158408299981,15.703551437654912,-0.2581873647873261,0.960174003111527,0.10679498308891104,11.256483986875429,105.3077162830827,73.23545571527046,57.049181301887415,26.331044460007142,8.828264900283676,138625.0,439978.03868064325, 0.0, 0.0,0.0,NaN, 137.31568222500132,137.31568222500132,0.0, 241.4072459056389, 28.21308884199391, 23.63697287396181, 28.21308884199391, 136.8818357426449, -23.25928529137374, 23.63697287396181, -23.25928529137374, 392.97308185619147, 6.5968353756383475, 4.875414313993255, 16.0, 0.0
23, 0 ,1.0,1.0,1.0,281.4971461124684,104.32727133294624,168.21641341381917,11.811545380911152,13.085744019350026,15.000655839117558,49.0,65.0,73.0,0.11296367538923989,-0.10721286079275465,0.9877978591408206,15.037410137761212,0.48295524381441207,-0.8628945671323988,-0.14888652889214885,13.63707990311707,-0.8683279567736586,-0.49388092542031226,0.045696728452477506,11.120940809737599,71.58837924056513,70.83411028021436,59.08500820891351,22.128763375368056,6.788726530499296,91279.0,299614.1178988867, 0.0, 0.0,0.0,NaN, 169.09597523086984,169.09597523086984,0.0, 139.51260428532356, -27.20139622276478, 6.952402805621099, -27.20139622276478, 171.23669653995495, -2.8465574547374737, 6.952402805621099, -2.8465574547374737, 225.0196756036517, 6.825755380808999, 5.218772323721638, 15.0, 0.0
24, 0 ,1.0,1.0,1.0,33.784575448739695,180.5197932183891,207.38725830002508,15.193501981300157,15.621542522439992,14.348443829679592,69.0,74.0,75.0,0.587553530290765,-0.7700923503962482,0.24847257575845544,16.83641777041788,0.6401019166747722,0.2544773950985254,-0.7249212313438971,14.709019086861298,-0.49502564106533115,-0.58497780064294,-0.642456681374555,13.451123660570142,95.01450321264338,76.8184917152496,67.18126868760112,24.967489685381548,7.574786622733067,135602.0,490347.40220316104, 0.0, 0.0,0.0,NaN, 154.9000880439206,154.9000880439206,0.0, 230.84250245577178, -40.62278432843505, -1.4681008432004854, -40.62278432843505, 244.0325907804008, -26.1538244367875, -1.4681008432004854, -26.1538244367875, 205.87784033347035, 6.583907010858965, 4.931405245331499, 35.0, 0.0
25, 0 ,1.0,1.0,1.0,124.02717247251026,187.35333852740138,114.11751712837648,14.013092761593839,13.869979400937819,15.207687321873564,70.0,71.0,73.0,-0.11102433230181297,-0.29039914668686295,0.9504430194601243,15.321806986879036,-0.7815230884055447,-0.5652643378478122,-0.26400358074566616,14.366220421935356,0.6139179586280203,-0.772103985199543,-0.16419554230547226,13.374258575806705,73.27248109409692,67.07879423898476,66.58598593057711,23.938082271521353,6.854565498205273,124501.0,327272.09730002034, 0.0, 0.0,0.0,NaN, 202.71856739823647,202.71856739823647,0.0, 196.36676874503362, 13.958198374003457, -0.2197778366863745, 13.958198374003457, 192.3763285824394, -11.318758050091478, -0.2197778366863745, -11.318758050091478, 231.27375367987392, 6.323915428093111, 4.765422903565623, 31.0, 0.0
26, 0 ,1.0,1.0,1.0,276.38180703655127,206.48476079146945,11.774704909619661,15.33984311044573,17.8465022815674,7.522014824834721,63.0,84.0,31.0,0.5734729305566817,-0.8189542448175049,0.021041454657899996,19.954715690161706,0.8151250083123905,0.5729812590134945,0.0852273292027579,12.510060110145561,-0.0818536422064164,-0.031724150338499124,0.9961393273748628,7.463032569235637,102.01686425267957,68.25535294892074,33.46402997018371,22.908753591155982,9.25084570532922,70148.0,233016.63564989256, 0.0, 0.0,0.0,NaN, 97.16770388763958,97.16770388763958,0.0, 235.3107866530893, -113.77057575808173, 11.135771203821353, -113.77057575808173, 318.4976436859904, -0.9791845876092407, 11.135771203821353, -0.9791845876092407, 56.58070702503332, 7.401800222245384, 5.432146748410185, 11.0, 0.0
27, 0 ,1.0,1.0,1.0,30.846949261400127,14.285409976450438,71.9296403339756,18.043032269916374,9.011113237737538,14.30764472436229,73.0,36.0,72.0,-0.9802172149218599,0.033281952041002656,0.1951064407936668,18.187699035252965,0.1956073366553383,0.012492375363626889,0.9806027281240753,14.133741942654995,-0.030199030074446243,-0.9993679263545105,0.018755435384124036,8.994710408714537,78.63708191904507,67.39239342716613,38.121701568847634,23.46815111635005,7.791389864153265,93420.0,202027.5266544654, 0.0, 0.0,0.0,NaN, 79.5580314959197,79.5580314959197,0.0, 325.5510134932436, -7.8617770087424175, -24.991682749998194, -7.8617770087424175, 81.20016178332868, 3.078666236086499, -24.991682749998194, 3.078666236086499, 204.7086975585721, 6.715667130255299, 5.175186762604408, 14.0, 0.0
28, 0 ,1.0,1.0,1.0,235.48271585391598,274.2745848286539,95.31992822461474,13.783310428603246,13.461958511947344,14.508300314368812,80.0,60.0,84.0,-0.4861775209655752,-0.4867014282206954,0.7257776091032997,15.314595686814753,-0.6826987522613069,-0.30689980864243926,-0.6631251172411498,13.616174555861482,-0.5454849510010538,0.8178839937443263,0.1830626696194744,12.718400087049236,78.12250871980103,103.31834835314498,67.43318036644827,23.184142037066525,6.647579210931772,113688.0,544286.1445755723, 0.0, 0.0,0.0,NaN, 117.9413653307031,117.9413653307031,0.0, 189.97964637124298, 22.17482108215741, -14.977300515785466, 22.17482108215741, 181.22432697739154, -20.89672788146304, -14.977300515785466, -20.89672788146304, 210.4907780119142, 6.09136672438724, 4.705351492893313, 25.0, 0.0
29, 0 ,1.0,1.0,1.0,135.10883975798166,23.82401917881198,250.15484607481258,15.84010790606427,13.901648466855447,14.4428502905726,75.0,60.0,75.0,0.8891231899187251,-0.04991130562846772,0.4549382537435295,16.276417402274976,0.3606185492253005,0.6884718367512924,-0.62925415529414,14.522149285143946,-0.28180527870036415,0.7235436348768218,0.6301352182871919,13.302112229814881,80.66188831894311,76.0335226757185,69.17868789582334,24.509581492157658,7.213957871165954,131395.0,424273.4127128061, 0.0, 0.0,-2.8421709430404007E-14,62.9390385631355, 145.9675369402594,145.9675369402594,0.0, 250.9090184757598, 4.524005492779942, 27.882587208677354, 4.524005492779942, 193.25583009602437, -16.70410970137466, 27.882587208677354, -16.70410970137466, 208.59592451589307, 7.695058362722996, 5.227364451224925, 19.0, 0.0
30, 0 ,1.0,1.0,1.0,19.38628785301123,253.06057332425996,82.80069751616196,11.731653488294528,15.544622806881437,16.256443835254167,49.0,81.0,89.0,-0.21193215329993093,0.4082005868401519,0.8879510365448143,16.556158731560533,0.09649993193512536,-0.895409033632252,0.43466127688842143,15.468775133253704,-0.9725083678478919,-0.177805914955359,-0.15037463573594045,11.408311087913438,83.72147706460638,86.06706385018816,54.77737006245818,24.191138412909417,7.637262613913305,117560.0,394707.19815141096, 0.0, 0.0,0.0,NaN, 97.13440915828919,97.13440915828919,0.0, 137.63169356941316, -21.883708368503672, -22.51299145631105, -21.883708368503672, 241.6352982082185, 9.704204091420454, -22.51299145631105, 9.704204091420454, 264.27196616877325, 6.710733015783569, 5.241468724267605, 16.0, 0.0
31, 0 ,1.0,1.0,1.0,165.66668591474067,11.29209914682912,220.2889809588428,16.468286914358668,7.698443819567679,14.904734307570774,85.0,32.0,81.0,0.9119348405708447,0.035777454332447875,0.4087723331079519,16.838679933027212,-0.41011463907224077,0.04682298967397495,0.9108312634383149,14.506381073841434,-0.013447281200109363,0.9982622808658459,-0.057372373393862044,7.658027302740305,83.4093174182425,76.06202048223459,34.56560592085759,22.075812775586236,8.07961052360969,69271.0,219293.92415166047, 0.0, 0.0,2.8421709430404007E-14,65.87226201037775, 156.61033597068385,156.61033597068385,0.0, 271.20447389363693, 4.422821631001984, 27.134909000284605, 4.422821631001984, 59.2660372430398, 9.76256672025491, 27.134909000284605, 9.76256672025491, 222.15110477927723, 6.733237056646494, 4.793685116060518, 17.0, 0.0
32, 0 ,1.0,1.0,1.0,58.821349082560765,111.64423161178388,158.0783109304078,13.95292907344775,12.547761384584062,15.016959135057002,71.0,63.0,73.0,0.5165646825342035,0.14727068161749482,0.8434881594274194,15.621525968286225,-0.8032674467357225,-0.25778808389301405,0.5369420013534433,13.410954036110084,-0.2965170109336232,0.9549118546434989,0.014866475315380838,12.399751828992231,74.88317816844435,64.88962484521934,61.517463521829626,23.133165764621822,6.518914699825994,114122.0,298922.05004277587, 0.0, -1.4210854715202004E-14,0.0,81.53120847067268, 189.91090381661638,189.91090381661638,0.0, 194.6842297286635, 12.27246800880681, 28.078614143189796, 12.27246800880681, 157.44631576445892, 7.601790207720568, 28.078614143189796, 7.601790207720568, 225.50906166397195, 6.601941431550442, 4.936825976669543, 24.0, 0.0
33, 0 ,1.0,1.0,1.0,144.74391444923444,152.40749033744612,58.44337185966999,13.321232020886955,13.915590025862903,13.71581824095944,65.0,66.0,64.0,0.530397846471129,0.6603213057692738,0.5316520456143745,14.788502590687141,0.02457721498226236,-0.6388474943108188,0.768940725619669,13.387587672966808,-0.8473925211863177,0.3947779783117961,0.3550721938951951,12.700205737117075,75.21931443301696,65.74973366777789,64.6835687253186,22.749658374796702,6.455662798755153,107632.0,319902.28459281655, 0.0, 0.0,0.0,NaN, 214.82545797206166,214.82545797206166,NaN, 177.45522255430396, 19.82342292413987, 16.52624366887328, 19.82342292413987, 193.64364576789512, 11.343542381509758, 16.52624366887328, 11.343542381509758, 188.1236700190357, 6.227743855515702, 4.743733560658306, 19.0, 0.0
34, 0 ,1.0,1.0,1.0,24.723210329767706,14.39412832035783,265.0527776019579,13.887722169716552,9.121574086960782,19.245380086091167,50.0,41.0,79.0,0.10201336191772689,0.06749811509609024,0.9924904424974164,19.326790062484125,-0.9928957701734179,-0.054518181365774056,0.10576274141824879,13.834210745808107,-0.061247559640998275,0.9962287751109399,-0.061457010006823576,9.030304228900484,83.29572443661087,55.958950161593144,42.62595746681982,24.010874910063027,8.362683875318911,94794.0,198685.61047762216, 0.0, 0.0,0.0,NaN, 45.16344110506941,45.16344110506941,0.0, 192.86882706323664, 7.956159027676311, 18.02767874254027, 7.956159027676311, 83.20311382391444, 18.926663881820172, 18.02767874254027, 18.926663881820172, 370.3846546581144, 6.289190259810505, 4.818211824954137, 10.0, 0.0
35, 0 ,1.0,1.0,1.0,53.90731144615773,19.145706226399792,163.41951821778432,14.941441801667319,11.907679616242918,15.53411022249802,85.0,47.0,79.0,-0.5251888666355783,0.2012831038269534,0.8268384161828864,16.062031360289353,0.8425442928084862,-0.013524492924468258,0.5384572431929795,14.542595688911133,-0.11956491549733164,-0.9794397379139383,0.16248701725735534,11.6992374354212,86.65554679338348,75.91816972207835,51.53839070192358,23.536286162497024,7.238185617779143,110963.0,339057.1832862085, 0.0, 0.0,0.0,NaN, 148.07695397367817,148.07695397367817,0.0, 223.24668311261155, -13.6536810600063, -18.74361954101878, -13.6536810600063, 141.79283384308707, 19.61390940633209, -18.74361954101878, 19.61390940633209, 241.3085804047175, 6.434509575297949, 4.762408530559588, 21.0, 0.0
36, 0 ,1.0,1.0,1.0,128.535846432297,93.00061519806702,209.39673142592213,14.478469570155351,12.610314928511617,14.432524744548617,70.0,63.0,69.0,0.6844964669999843,0.06986517881779758,0.7256606944387275,15.402474480704495,-0.6195693940230075,0.5803162136654493,0.5285516608118448,14.302633739252963,0.38418531030545977,0.8113889011723993,-0.4405107245002603,11.625073857150113,72.75847973332921,71.04452534919584,59.00057865464284,23.106347973157366,6.560531802806761,112159.0,304979.39892811107, 0.0, 0.0,0.0,NaN, 182.70065824072026,182.70065824072026,0.0, 209.62608109391445, -20.078388478890176, 27.977018708280845, -20.078388478890176, 159.02004259624294, 26.469909909429173, 27.977018708280845, 26.469909909429173, 208.29777050200815, 6.6502676876049005, 4.832141310633835, 27.0, 0.0
37, 0 ,1.0,1.0,1.0,282.2997020288331,255.32757109679682,245.57057096533893,11.16806703936728,13.817478546742322,15.787846782223799,45.0,73.0,90.0,0.21028628035706862,0.3251653813742421,0.9219800187907176,16.19297325403393,-0.14316256426344467,-0.9226588354211378,0.35805747249963243,13.631041661989707,-0.9671009050182422,0.2072875977357393,0.14747098473205827,10.81142271894421,94.04939172147311,77.80798341379494,54.95946973651877,22.548761169711426,7.513847916735859,91284.0,402182.0510136958, 0.0, 2.8421709430404007E-14,2.8421709430404007E-14,38.637611986414264, 72.60502184710809,72.60502184710809,0.0, 124.72572139580184, 19.04049241853818, 24.64288724782278, 19.04049241853818, 190.9227133896843, 20.799776379151186, 24.64288724782278, 20.799776379151186, 249.25610601897438, 6.422031404809908, 4.923835686953654, 16.0, 0.0
38, 0 ,1.0,1.0,1.0,133.7010496155308,278.628161272403,54.56965763237143,13.638890088154534,12.403220792418056,14.809859336731384,62.0,52.0,72.0,-0.06755098063360496,-0.05308892214550798,0.9963023794816845,14.82290666741765,0.9803478866707768,-0.18904371871261436,0.05639586434701959,13.67701186097378,0.18535071112779647,0.9805325281502566,0.06481570121263866,12.345522545433594,72.24562329690885,67.38458802819339,57.459171715914295,22.668768936997278,6.731868783408936,102609.0,279725.1279058597, 0.0, 0.0,0.0,NaN, 145.98141557406296,145.98141557406296,0.0, 186.01932283675998, -6.1800246856420475, -2.614173728688662, -6.1800246856420475, 153.83988602547157, -3.929424150849207, -2.614173728688662, -3.929424150849207, 219.33193357376973, 6.25894725953571, 4.654492950404742, 15.0, 0.0
39, 0 ,1.0,1.0,1.0,199.9853937956444,175.03198740003938,190.42676741635182,14.409272416516934,12.336072916232387,14.155203737411393,75.0,65.0,66.0,0.8976410320229739,0.2912347992557712,0.3307912775923524,14.662508650100012,0.3372332163124373,0.0293513576206086,-0.9409634719910203,14.102426391128226,-0.2837504809587092,0.9562012285645101,-0.07186706510929224,12.095785604258035,75.111411861412,67.44036246231776,62.285660648476366,22.75425909010371,6.513011029928651,106667.0,315510.55782290443, 0.0, 0.0,0.0,NaN, 193.97478940889846,193.97478940889846,0.0, 207.62713157339576, 18.475271980737343, 3.71175624733662, 18.475271980737343, 152.17869499460224, 5.16467951264609, 3.71175624733662, 5.16467951264609, 200.36979284762546, 6.711786538461689, 4.827505012590522, 34.0, 0.0
40, 0 ,1.0,1.0,1.0,103.97511563013646,216.97514429876534,276.604841175796,14.365021395582767,14.772102696106481,12.628464823761895,73.0,70.0,54.0,-0.6281806064593287,0.7728405389881741,0.09003680894422655,15.65747157603616,-0.7581303605945235,-0.581944140211782,-0.29424373233424717,13.504398818774192,-0.17500709132263106,-0.2530978446562504,0.9514798994288596,12.510866395017116,83.92191182783193,65.76425755734812,62.88505950133407,23.073834377740017,7.186455918849401,104644.0,347066.5563572756, 0.0, 2.8421709430404007E-14,0.0,39.39034346090149, 135.09731600191327,135.09731600191327,0.0, 206.35383969555068, -31.62721918357488, 0.7527044686916999, -31.62721918357488, 218.21501806431635, 10.593432895323557, 0.7527044686916999, 10.593432895323557, 159.47812380499155, 5.492908663099058, 4.3955701291860265, 22.0, 0.0
41, 0 ,1.0,1.0,1.0,175.52394887720973,279.8928272814142,173.09244107341934,13.01503778642972,11.533912874433081,16.347398060644988,70.0,50.0,75.0,0.25531036950482977,-0.07459367647020784,0.963977384928695,16.581794942739997,0.9150278172963232,-0.30341607734874276,-0.2658247121323166,12.880267697792757,-0.3123150793625476,-0.949933927932338,0.00920998185697114,11.349121492014483,78.25923580144803,71.96879741652617,56.415683970276234,22.825551802177955,6.975239283098666,100464.0,317745.7177469657, 0.0, 0.0,0.0,NaN, 178.89693739849795,178.89693739849795,NaN, 169.39120858219343, -13.083299912795544, 26.946519019523283, -13.083299912795544, 133.0311461950132, -7.517177167567658, 26.946519019523283, -7.517177167567658, 267.23742335317945, 6.557154178663585, 4.9321125642872845, 26.0, 0.0
42, 0 ,1.0,1.0,1.0,240.04334346442766,93.82794758937557,186.70405684255465,13.628189533855757,12.261333593959776,13.465767509081287,66.0,61.0,69.0,0.7774315792490638,-0.37191187859504016,0.5072294294953861,14.300520316368628,0.4525217316676091,-0.2293600836978681,-0.8617528847498312,13.164439397278086,-0.4368343186550884,-0.899486245901523,0.010013564756349931,11.814711173711027,70.45033831097993,67.25228619540005,59.604831850780215,21.91307388752479,6.100158922649606,98377.0,282404.4934029027, 0.0, 0.0,0.0,NaN, 158.85356510854356,158.85356510854356,0.0, 185.72754997069558, -22.269284167245406, 12.451720438957729, -22.269284167245406, 150.34030150236654, -5.582495236517916, 12.451720438957729, -5.582495236517916, 181.32689460862923, 6.7717010818361025, 4.7482305253426205, 19.0, 0.0
43, 0 ,1.0,1.0,1.0,118.49961224013082,169.73904227984116,271.8327119831815,14.478413716985562,12.09992373034445,14.42250469494469,69.0,57.0,63.0,-0.824833827382992,-0.004795191336582615,-0.5653549003455884,14.530430058492584,0.5621260862365034,0.10009549321108607,-0.8209720795564613,14.391511930344226,0.0605261957928613,-0.994966280021024,-0.07986664663029995,12.074446007584159,72.14103232040068,75.7671190256965,58.00488460949646,22.815621195903475,6.594595450888982,107025.0,317049.95345833304, 0.0, 0.0,0.0,NaN, 178.33527783771996,178.33527783771996,0.0, 209.62446376019568, 3.70887802153355, 2.1700262326313124, 3.70887802153355, 146.40815428015276, -4.8621461062528475, 2.1700262326313124, -4.8621461062528475, 208.00864167570163, 6.1108238337906515, 4.553637583832672, 18.0, 0.0
44, 0 ,1.0,1.0,1.0,92.06779161830183,268.2847057396788,40.681060619185395,12.241905034053124,15.388777272248326,15.024417785883085,63.0,65.0,74.0,0.28714553867981923,0.6627576269436475,-0.6915921974287311,16.494521871359602,0.30540644847381837,-0.7476613324349766,-0.5896858767277406,14.47219918637986,0.9078955561334603,0.04189104808404398,0.41709806909590796,11.44106784995997,83.8042502169902,68.96310393436718,57.67008109276151,23.711990908864404,7.0819009976474145,115442.0,333298.5369013606, 0.0, 0.0,0.0,NaN, 105.53334466694234,105.53334466694234,NaN, 149.86423886277524, 8.930639566893147, -42.180601344447275, 8.930639566893147, 236.81446593486666, -30.076951364072603, -42.180601344447275, -30.076951364072603, 225.73312980475995, 6.714805459569751, 4.6202021843278365, 15.0, 0.0
45, 0 ,1.0,1.0,1.0,51.56823908921521,187.1456960165478,47.19513416345862,15.789551417292829,11.59445941746515,15.586691375861005,74.0,59.0,80.0,-0.9641581671073436,-0.1966502692465735,0.17812271164974403,15.984667964392617,-0.15547615708623824,-0.12526156805706254,-0.9798656561721006,15.604695269064058,0.21500277527953696,-0.9724393097634099,0.09019753571445772,11.299125931535157,75.99196642670114,80.87246779520751,58.71952575958227,24.017324631367224,7.060771115140508,121829.0,360870.1148752746, 0.0, 0.0,0.0,NaN, 132.75073596428294,132.75073596428294,0.0, 249.30993395933396, 26.494527215740263, -4.307773583201943, 26.494527215740263, 134.43148918324627, 9.739744794741794, -4.307773583201943, 9.739744794741794, 242.94494804633982, 6.559238787392032, 4.741332429404813, 27.0, 0.0
46, 0 ,1.0,1.0,1.0,279.89908764947717,235.02175749497832,50.81501436107305,12.278700579955354,13.369082732465573,16.53400539571464,50.0,59.0,80.0,0.3286935521554068,-0.02234086353362012,0.9441723542807386,17.039275600254783,0.00674165614292504,0.9997502076538403,0.021308973897251157,13.36699892206255,-0.9444125681310638,-6.38836970857489E-4,0.32876206144172593,11.569728704743538,91.88552189694386,59.6008168603278,62.0200318671977,23.390230444165464,7.46788559326255,106538.0,339649.7376495519, 0.0, 0.0,0.0,NaN, 84.90220468798715,84.90220468798715,0.0, 150.76648793219593, -0.8469943604299346, 48.568437734854705, -0.8469943604299346, 178.73237310750915, -2.3459066557375636, 48.568437734854705, -2.3459066557375636, 273.37333442552085, 6.185120218428457, 4.518429406359791, 14.0, 0.0
47, 0 ,1.0,1.0,1.0,187.40669239186778,66.97211311409319,61.808973103726316,11.897976672269003,12.744485189051913,13.489835042878227,58.0,63.0,73.0,0.09962469235263023,0.35959025629975727,0.9277767879441254,13.618724508991823,-0.2230766233144577,-0.90060921959151,0.37301454893528097,12.66442437881081,-0.9696967262006526,0.24412677272484176,0.00950673627961632,11.83647325065428,69.49761612950189,63.77682257189994,57.35073276840785,21.191464542567466,6.07299198525038,86815.0,254197.78245768696, 0.0, 0.0,0.0,NaN, 144.85463751376255,144.85463751376255,0.0, 141.56184889385736, 5.700715340444739, 2.5053226588346527, 5.700715340444739, 162.42190273396358, 8.320768575524086, 2.5053226588346527, 8.320768575524086, 181.9756494840654, 6.011001961143213, 4.541119899116183, 30.0, 0.0
48, 0 ,1.0,1.0,1.0,230.25686826843415,241.3061916597625,286.52383319524995,18.044573380076123,16.272034615168817,7.960258808416962,105.0,92.0,32.0,-0.9077607507337112,-0.41935425123862724,0.010603367175539488,18.50018810719976,-0.41837084738114827,0.9068971291753896,0.050034299785419636,15.767853948172604,-0.03059825957385297,0.0409830338253242,-0.9986912122620902,7.929015143793478,112.92775737906197,83.8503449724196,33.63026265769594,24.140371001987802,8.425790596114267,90525.0,318446.0135397569, 0.0, 0.0,0.0,NaN, 92.14485679058016,92.14485679058016,0.0, 325.6066284689519, 35.87604667589653, -6.577605007336603, 35.87604667589653, 264.7791105172522, 7.186538431306953, -6.577605007336603, 7.186538431306953, 63.36572029697983, 6.804037954276584, 5.126280902178007, 17.0, 0.0
49, 0 ,1.0,1.0,1.0,80.64938336591969,279.8293227051687,120.78856469644558,11.83245218016685,11.933921418822589,13.468019177406843,59.0,49.0,64.0,-0.30693085004101106,0.2992594125481165,0.9034584978262472,13.77905055328648,0.5593551273482841,-0.7113036166388063,0.42563952643726505,11.99755365230062,-0.7700099316257467,-0.6359960447659329,-0.050928736876169854,11.402167241349776,67.33538212184453,65.41320420635773,56.59551388142799,20.686495917843107,5.99014459178513,79788.0,249281.90785789664, 0.0, 0.0,0.0,NaN, 146.6323859904855,146.6323859904855,0.0, 140.00692459593523, -11.040691549141549, -13.280191289628824, -11.040691549141549, 142.41848043063257, 11.964313857173918, -13.280191289628824, 11.964313857173918, 181.3875405629985, 6.757867088788938, 4.807651741636949, 19.0, 0.0
