// Sample: .//bubblelabels.tif, Map: .//bubblelabels.tif, Thickness:(8.191250068658265):/gpfs/home/mader/Foam/NewValid/InSilicoTest/LatticeDataPhi_16.0/out_Step_05000.vtk/distmap.tif, Neighbors:(1.0):
//LACUNA_NUMBER, TRIANGLES, SCALE_X, SCALE_Y, SCALE_Z, POS_X, POS_Y, POS_Z , STD_X, STD_Y, STD_Z,PROJ_X, PROJ_Y, PROJ_Z, PCA1_X, PCA1_Y, PCA1_Z, PCA1_S, PCA2_X, PCA2_Y, PCA2_Z, PCA2_S, PCA3_X, PCA3_Y, PCA3_Z, PCA3_S,PROJ_PCA1, PROJ_PCA2, PROJ_PCA3,OBJ_RADIUS, OBJ_RADIUS_STD, VOLUME, VOLUME_BOX, Mask_Grad_X,Mask_Grad_Y,Mask_Grad_Z,Mask_Angle, Mask_Distance_Mean,Mask_Distance_COV, Mask_Distance_STD, SHAPET_XX, SHAPET_XY, SHAPET_XZ, SHAPET_YX, SHAPET_YY, SHAPET_YZ, SHAPET_ZX, SHAPET_ZY, SHAPET_ZZ, Thickness, Thickness_STD, Neighbors, Neighbors_STD
1, 0 ,1.0,1.0,1.0,129.74613003095976,15.14510701305694,180.39947054336608,21.47998355935139,9.46761174173419,11.415986225352114,86.0,38.0,47.0,-0.9844416091276005,-0.04497720541337335,0.16985808550511652,21.738063381190404,0.14341362926349355,0.3528709412945788,0.9246159363386244,11.185517723362908,0.10152462341586646,-0.9345903646962563,0.34093049299994493,9.148273115476028,87.32380155004616,55.82844107292715,45.92276216076431,24.390609942967988,9.297755315647105,89148.0,223880.43243467674, 0.0, 0.0,0.0,NaN, 74.49269270904452,74.49269270904452,0.0, 461.389693710006, 19.313759836671238, -59.52906607733821, 19.313759836671238, 89.63567209222312, 10.544975199118964, -59.52906607733821, 10.544975199118964, 130.32474149742922, 11.062345570096655, 6.46201141864376, 11.0, 0.0
2, 0 ,1.0,1.0,1.0,180.1543341826701,165.48662722095867,92.0147408382783,12.101541486925841,16.192686152862617,15.374467067888846,58.0,67.0,80.0,0.23039956116632826,0.881871387701527,0.41136224640546054,16.687340457088293,-0.06679711882618763,-0.40740546685340645,0.9108012574071682,15.097411106312762,-0.9708007968326375,0.23732602287010446,0.03495957290607405,11.77393201877364,80.76493538627795,84.26531946436918,64.49519168753956,24.21957972805436,7.644382684225792,116954.0,438933.8349281639, 0.0, 0.0,0.0,NaN, 100.25834570674766,100.25834570674766,0.0, 146.4473063597873, 30.843796523947013, 7.820586964696123, 30.843796523947013, 262.2030848451088, 17.591737389666452, 7.820586964696123, 17.591737389666452, 236.37423762159864, 7.765094143044295, 5.519902198306321, 18.0, 0.0
3, 0 ,1.0,1.0,1.0,170.789763439117,63.45323498020778,168.235723260244,15.983542171166427,15.125263086743967,15.541097700247397,66.0,76.0,72.0,-0.6953726280559932,-0.5490663792997026,0.4636626136246234,17.432605345563886,-0.49444301388795325,-0.10267673103540043,-0.8631243218223437,15.032606434780604,-0.5215199077388114,0.8294477681123748,0.20008344710520629,13.996354387915469,99.93680193055033,77.0650192751225,75.17157810914355,25.735460055711922,7.966116822527684,148038.0,578943.7989119955, 0.0, -7.105427357601002E-15,0.0,56.697013759901985, 76.73669413126953,76.73669413126953,0.0, 255.47362033745557, 42.761338523143046, -21.982785399501687, 42.761338523143046, 228.77358344321962, -24.828355475413787, -21.982785399501687, -24.828355475413787, 241.52571772863493, 7.836874017811047, 5.477851905502234, 20.0, 0.0
4, 0 ,1.0,1.0,1.0,15.410241351873603,43.13424013943091,15.948660629712423,10.144688143281371,13.003267336950849,10.30325142502975,44.0,63.0,41.0,-0.2679286624611846,-0.9383855429873453,0.21828148007585407,13.299331253524558,0.5763545035885016,-0.3376666995145981,-0.7441751717385968,10.619302859350451,-0.7720296095519995,0.07357834430906235,-0.631313320961727,9.4082327712722,65.68598652436452,60.488542206478996,46.88714867275608,18.540699329576167,5.865076065856837,52786.0,186294.34322065327, 0.0, 0.0,0.0,NaN, 48.50152561323022,48.50152561323022,NaN, 102.91469752443365, 17.49448773880608, -15.570553668329236, 17.49448773880608, 169.0849614362128, -12.00362234725394, -15.570553668329236, -12.00362234725394, 106.15698992737758, 9.348015420092821, 5.8548119754005805, 6.0, 0.0
5, 0 ,1.0,1.0,1.0,29.977965293531188,108.4946249765204,173.2693074600124,16.45971834444977,14.438674868997218,14.079114312458728,74.0,71.0,64.0,-0.9975629024212196,0.014573544963033789,-0.06823391752027261,16.469690251951917,-0.05038446536213627,-0.8269712722809911,0.5599820715631272,14.748692573447087,-0.04826656568603803,0.562055270066183,0.8256901428669872,13.74207008253178,75.87130611207333,77.99282909289286,72.48498054828383,24.954930755930125,7.407465878503245,138418.0,428923.9149012867, 0.0, 0.0,0.0,NaN, 99.93218693191474,99.93218693191474,0.0, 270.9223279786163, -0.0030515815978669246, 4.80002158500429, -0.0030515815978669246, 208.47533197261183, -13.363082368259132, 4.80002158500429, -13.363082368259132, 198.2214598232802, 7.500657610825927, 5.161577009290535, 18.0, 0.0
6, 0 ,1.0,1.0,1.0,37.67641345171456,13.268156504971724,24.54421308621012,15.691982179161371,8.325385542385876,14.220850551528908,89.0,34.0,61.0,-0.9621492607645223,-0.20174682347439474,-0.18321304328097093,16.01695748161726,0.17410594134766139,0.062153099691363296,-0.9827635083712665,14.15747869383131,0.20965667458425513,-0.9774636624533656,-0.02467523830735887,7.797808000661677,90.56587687239508,72.22246340906855,38.69117792799189,21.445760667905038,7.606726557751616,69493.0,253074.7669849814, 0.0, 0.0,-3.552713678800501E-15,79.44303327309518, 46.88256076246528,46.88256076246528,0.0, 246.23830471111805, 39.50559099948552, 10.613093688135551, 39.50559099948552, 69.31204442936777, -1.2937908978102262, 10.613093688135551, -1.2937908978102262, 202.23259040892003, 7.59760465737164, 5.194833694655973, 9.0, 0.0
7, 0 ,1.0,1.0,1.0,161.476163821252,175.9588920269021,138.5265840605891,15.37083418826519,14.132186532706712,14.721088462889561,74.0,59.0,79.0,0.8047992864092419,-0.4301339896867027,0.4090022732349719,16.673480469161255,-0.10313530905441436,0.5772573050425062,0.8100229081953877,14.729426438796326,0.5845179352435868,0.6940884343448337,-0.4202142652115847,12.559089584805301,89.49239829227895,83.11721852185161,73.7613393046987,24.339313469461892,7.764631685125547,117909.0,548663.3386583743, 0.0, 0.0,0.0,NaN, 76.4267079872016,76.4267079872016,0.0, 236.262543643142, -45.161523157342344, 34.64223650868332, -45.161523157342344, 199.71869619521692, 6.533906257722294, 34.64223650868332, 6.533906257722294, 216.71044553222015, 7.664759345114742, 5.038144415375509, 20.0, 0.0
8, 0 ,1.0,1.0,1.0,89.5693067270109,124.30138860316808,79.36351573750257,14.362396046417159,12.77661877706299,12.574143814977578,76.0,62.0,63.0,-0.8950965411055074,-0.4329622024857578,-0.10651719729526449,14.746517819969483,0.36081175458255904,-0.56301208021916,-0.7435269163132893,13.22431615294555,0.2619485824661238,-0.7039610278601904,0.6601680175516021,11.63130150587382,74.69218313858472,71.64742373995165,57.46431116666889,22.05348133851152,6.424442473876906,97220.0,307520.40460442536, 1.4210854715202004E-14, 0.0,0.0,26.479167108128657, 141.60334778945995,141.60334778945995,0.0, 206.27842019413922, 23.801961978930603, -2.787778945065691, 23.801961978930603, 163.24198737439858, 20.36482848565622, -2.787778945065691, 20.36482848565622, 158.10909267973886, 7.24871331656103, 4.938869525733502, 23.0, 0.0
9, 0 ,1.0,1.0,1.0,171.75861184617,38.49074991548442,16.320098387792452,15.319528448118898,13.917807932271534,11.050829516969754,69.0,69.0,51.0,0.8151790095180667,0.4780806040082796,0.3269894776781385,16.531201959150497,0.5126420628655073,-0.8582908472650698,-0.02312870255777581,13.162504095921074,0.2695946917543829,0.18648259321472138,-0.944744909806754,10.197156968297307,88.40054047416761,74.62064844321837,56.47241511412992,22.227163339724584,7.514477519742627,85783.0,372520.6055340278, 0.0, 0.0,0.0,NaN, 50.452546469914466,50.452546469914466,0.0, 234.6879518727242, 35.50097290255596, 44.30607786293315, 35.50097290255596, 193.70537763960044, 27.841081543787823, 44.30607786293315, 27.841081543787823, 122.12083301312998, 7.661377267356535, 5.024117494105197, 11.0, 0.0
10, 0 ,1.0,1.0,1.0,76.13200679656032,54.721228900906496,43.08799303093815,12.739916451702912,14.386980155079288,16.59122149072437,64.0,67.0,80.0,-0.20750291101588145,0.5485307801999271,0.8099731631931979,18.360676495671033,0.7241232505137696,-0.47057155853678206,0.5041903671844961,12.696652840566328,-0.6577142692577895,-0.6911413686573273,0.2995589233275626,12.092967584540292,89.61318411636064,65.20795436578508,62.2601865844667,24.196898079595176,7.685663475525336,115941.0,363816.9284010345, 0.0, 0.0,0.0,NaN, 103.18464272715724,103.18464272715724,1.3486991523486091E-6, 162.30547119637052, -26.82506971932587, -26.616923550240433, -26.82506971932587, 206.98519798264525, 81.2540690761066, -26.616923550240433, 81.2540690761066, 275.2686305542741, 7.554789906237096, 4.789706575021925, 19.0, 0.0
11, 0 ,1.0,1.0,1.0,60.137088386464846,73.82164170815199,139.09849441084106,12.349574489203134,15.394084638670796,12.011911772563453,63.0,70.0,60.0,-0.009901760319006598,0.9748953597716802,0.22244323464253002,15.561003192363648,-0.8447931139365226,0.1108633821537049,-0.5234824783532636,12.70667380207779,-0.5350014483980565,-0.1931019108996293,0.8224871441055436,11.409271532119124,69.39588415812554,65.66833859229087,54.20371904041386,22.206517157645273,6.3754570099762065,99031.0,247012.44113040154, 0.0, 0.0,0.0,NaN, 113.02697716525293,113.02697716525293,0.0, 152.51199006437685, -4.011234944914877, 13.590035846133423, -4.011234944914877, 236.97784186256015, 22.46660850419231, 13.590035846133423, 22.46660850419231, 144.2860244318485, 8.015649295263932, 5.156070429038063, 21.0, 0.0
12, 0 ,1.0,1.0,1.0,41.148948795215766,55.02037254651014,176.81926491291347,13.407515678187396,12.22646725833995,12.437437691245732,70.0,60.0,50.0,0.814958572795677,0.26084780035337035,0.5174948788902564,13.985556949746053,-0.5045459805153147,0.7586552235306919,0.41215968429170224,12.34744588439012,-0.2850892459786456,-0.5969930291556208,0.7498822874071124,11.65686971451543,73.82094716713006,67.46902200359555,61.950205694854404,21.14469007126438,6.069589474903263,85949.0,308550.8738761432, 0.0, -7.105427357601002E-15,0.0,74.87962644453121, 72.51085340337501,72.51085340337501,0.0, 179.76147666084083, 6.348627565877202, 21.73605010628247, 6.348627565877202, 149.48650161925883, 13.243882618034986, 21.73605010628247, 13.243882618034986, 154.68985632361998, 7.426081048458093, 4.904451475554165, 11.0, 0.0
13, 0 ,1.0,1.0,1.0,78.66205959894543,185.9562674762323,27.54062475033954,12.347507848799934,8.159784141769448,14.996653756643564,60.0,33.0,60.0,-0.22083110743754977,0.020072713974665216,0.9751054856483973,15.128935180423687,0.9753120629177687,0.0045000246200373704,0.2207852569930919,12.18782082073247,-4.376062089381863E-5,-0.9997883955778396,0.020570905495328144,8.155672575659123,63.074872448811384,61.00907738440998,33.0145506932237,20.055023700367418,6.460547623136123,62585.0,127044.60565130053, 0.0, 0.0,-3.552713678800501E-15,12.81134015622341, 84.51882663162208,84.51882663162208,0.0, 152.46095007617598, -0.35971786974012737, -17.300196317493548, -0.35971786974012737, 66.58207724027216, 3.2595620346996377, -17.300196317493548, 3.2595620346996377, 224.89962389665155, 7.261541913345122, 4.902881500953119, 10.0, 0.0
14, 0 ,1.0,1.0,1.0,183.65004061738424,19.195595270331257,176.92071486596262,9.519949445641787,11.480376225326555,12.412620328476097,37.0,45.0,53.0,0.10713591059972587,0.5370637140020589,0.8367105017640698,13.009184163858892,-0.19475324172336034,-0.8139153741420367,0.5473691063381911,10.895073069452428,-0.9749836262718516,0.22159497024423244,-0.017395334554064973,9.410639157018613,70.87051375678232,58.032707019476675,41.95145928880382,18.56445349315709,5.644704212086936,55395.0,172538.28735527964, 0.0, -3.552713678800501E-15,0.0,57.51602404987534, 34.18253138510587,34.18253138510587,0.0, 90.62943744757537, 9.420124738886987, 4.018936337062148, 9.420124738886987, 131.79903827504322, 22.82550869983468, 4.018936337062148, 22.82550869983468, 154.07314341889804, 7.962553786227006, 5.1939462986836356, 3.0, 0.0
15, 0 ,1.0,1.0,1.0,185.6111778846154,14.408723187869823,94.05094304733728,8.478219509190454,8.59483021434345,15.900428751002522,35.0,31.0,74.0,-0.23798930945944374,-0.06524174045622994,0.9690740961790585,16.29424599101346,0.40874343433443827,-0.9118159189485276,0.03899403596116095,8.732826730969029,0.8810731487632031,0.40538283788820334,0.2436695739607237,7.537256251205134,78.83925839858875,39.96526482577392,41.24748137581872,18.742108744589313,6.878103425443095,43264.0,129963.87766213305, 0.0, -1.7763568394002505E-15,0.0,86.25926668732406, 96.23008570019212,96.23008570019212,0.0, 71.88020604601763, -4.009417957970953, -47.82049824467588, -4.009417957970953, 73.87110641339106, -13.885998194944332, -47.82049824467588, -13.885998194944332, 252.8236344657076, 7.876214315217903, 5.196206247514268, 7.0, 0.0
16, 0 ,1.0,1.0,1.0,101.12569009937431,85.08312246963563,13.839678413691571,14.450700389553724,17.20482978811947,9.426908665178152,74.0,83.0,38.0,-0.14502126764912193,0.9800328279291037,0.13603120270999125,17.390649691742926,0.9870810867787834,0.1338384005642108,0.08808070536746403,14.401290117557732,-0.0681157841697348,-0.14704740295462154,0.9867812833810964,9.157710577291581,86.49156983397094,72.66763480497792,42.578740063043156,22.982923507454235,8.09201728983195,86944.0,267613.2490896066, 0.0, 0.0,0.0,NaN, 131.17470635035698,131.17470635035698,0.0, 208.82274174864813, -14.744609890828325, 6.428505639206362, -14.744609890828325, 296.00616803816297, 30.595091600389726, 6.428505639206362, 30.595091600389726, 88.86660698161093, 7.670706348650687, 4.863625223744282, 15.0, 0.0
17, 0 ,1.0,1.0,1.0,77.27658960179448,123.58519332844737,126.38947742465632,11.07269517475008,13.752097781930033,14.038284757170375,57.0,62.0,65.0,0.046264417792488674,-0.6689356462890813,0.7418791712739559,14.869919902463243,0.4089201605201362,-0.6649141648736557,-0.6250387633343674,13.270363674888904,-0.9113966787115847,-0.33228640428729317,-0.24277940513831353,10.563197470019075,69.99101317464014,62.2132997067267,56.36840467375805,21.64730756557711,6.339738631948214,90054.0,245448.99619869108, 0.0, 0.0,0.0,NaN, 131.2608205556788,131.2608205556788,0.0, 122.60457843293372, -20.932995707297373, -12.731617737061505, -20.932995707297373, 189.12019340376494, -27.54315267286257, -12.731617737061505, -27.54315267286257, 197.07343892340208, 7.259269180497963, 4.596287121997431, 18.0, 0.0
18, 0 ,1.0,1.0,1.0,182.95497054340214,150.05484832255317,35.6009832598635,10.551869431911152,15.158846161618635,11.459007986175813,43.0,76.0,52.0,-0.1132201353111693,-0.977286749680114,0.1791418707611326,15.333008240806892,-0.30745407189400764,-0.13699053353019144,-0.9416504592463746,11.389553110804435,-0.9448032571048403,0.1616916900239193,0.2849607038545733,10.373927304086667,75.93403104957554,55.48420191795783,50.390467088889125,20.721548671865676,6.56192427009418,72819.0,212302.04772379127, 0.0, 0.0,0.0,NaN, 63.659101582794435,63.659101582794435,NaN, 111.34194850810097, 15.03674655858553, 3.8136286423749954, 15.03674655858553, 229.79061695162005, -19.467492373417617, 3.8136286423749954, -19.467492373417617, 131.30886402724107, 7.799640586882485, 5.166653884275974, 13.0, 0.0
19, 0 ,1.0,1.0,1.0,187.32056769971274,56.47963396305386,95.20002663470503,8.218725361868662,13.457905228441243,14.199989013824592,34.0,62.0,75.0,-0.07141339551463734,0.6316179004283753,0.771983778844815,15.743657101379398,-0.14742797044585476,-0.7721430097228065,0.6181101569028138,11.721653134920945,-0.9864913179908305,0.06967065662569727,-0.14825949930462462,8.064890362742217,93.6941462890731,57.64374123052455,37.403860872284014,19.861682862138473,7.471004054885463,52563.0,202013.80613122284, 0.0, 0.0,1.4210854715202004E-14,39.4676337938076, 111.41706389645466,111.41706389645466,0.0, 67.54744657382318, -0.00975652602508799, -16.672325567314868, -0.00975652602508799, 181.11521313770615, 54.61026061131318, -16.672325567314868, 54.61026061131318, 201.6396879927391, 7.897717487181444, 5.107986909674644, 10.0, 0.0
20, 0 ,1.0,1.0,1.0,156.3001398874394,187.49848726373662,10.391717362308468,17.57272805552006,7.586937549623205,6.567673503585552,81.0,30.0,25.0,-0.9938241826563076,-0.1109407443446177,0.002375965442552232,17.662697350418682,-0.1079834802193141,0.961958065402232,-0.2509506891947504,7.429963047572274,0.025555077132480303,-0.24965742859337753,-0.9679969557704694,6.5054976261672355,81.15827536490096,37.40622686444323,30.59976775336162,18.343609697482794,8.544513515190069,30739.0,92895.53566281054, 0.0, 0.0,0.0,NaN, 46.62567301702383,46.62567301702383,0.0, 308.8007713132618, 28.392138862837026, -0.2876145738201649, 28.392138862837026, 57.561621381882574, -3.1810496484156956, -0.2876145738201649, -3.1810496484156956, 43.134335249699724, 7.403843724610124, 4.984093654242193, 4.0, 0.0
21, 0 ,1.0,1.0,1.0,19.16130831711996,84.98137389624348,25.4483598416305,11.415770121249963,11.23384566555235,13.872427110356996,45.0,51.0,58.0,-0.13849547588353828,-0.3466557868661024,0.9277115761873602,14.323345834507617,0.954680179549098,-0.2959139662482819,0.03194807279496625,11.401868887021909,0.26344782773045244,0.8900925176696264,0.37192815442320576,10.667824512012535,66.35320780388754,51.50178371702103,51.607268485959864,20.326283499779613,5.983772131139559,73499.0,176357.96021318145, 0.0, -1.4210854715202004E-14,0.0,69.71709603484513, 90.75576380784845,90.75576380784845,0.0, 130.3198074612234, -0.19057631959431995, -11.243632624693578, -0.19057631959431995, 126.19928843744931, -29.532853445309623, -11.243632624693578, -29.532853445309623, 192.44423393216775, 8.027448759439256, 4.925680377934646, 10.0, 0.0
22, 0 ,1.0,1.0,1.0,66.44283669899825,188.8815846262181,74.57422256547714,14.36882772209731,6.757204110305413,11.229343632283047,70.0,26.0,50.0,0.9958045852011098,0.005153490101368487,0.0913601096333686,14.392505104000097,0.09149439939834558,-0.07151792757411998,-0.9932340916995546,11.217560783176433,0.001415263644007258,0.9974260010523479,-0.0716893956840196,6.7263142072467526,70.72674264034885,49.97256910905789,28.12431149339747,18.427933882610272,6.215499072935771,44023.0,99402.48313830726, 0.0, 0.0,0.0,NaN, 100.49668840453906,100.49668840453906,1.9073486328125E-6, 206.46321010731214, 0.30351197582803663, 7.405550078050648, 0.30351197582803663, 45.65980738832837, 5.800886405602254, 7.405550078050648, 5.800886405602254, 126.09815841189581, 6.837786298963712, 4.693426826206245, 9.0, 0.0
23, 0 ,1.0,1.0,1.0,113.92647574005956,83.6914666900216,64.76442167338121,11.334679591395508,12.229850389413839,11.189473263983672,54.0,54.0,55.0,0.40607598025469943,-0.8989796290607996,0.16412776972192084,12.512150166909842,0.6110008554034421,0.13353604873199124,-0.7802858952879442,11.28192242012342,-0.6795441508514707,-0.4171375675035207,-0.6035031042346002,10.927618158567926,59.525404872720145,52.185893372986385,51.276690821601335,19.36916529218674,5.299429195340477,68508.0,159285.21662924296, 0.0, 0.0,0.0,NaN, 136.4087368534035,136.4087368534035,0.0, 128.47496143959785, -12.916463512033062, -1.2761664043787715, -12.916463512033062, 149.56924054744584, -6.299985681814321, -1.2761664043787715, -6.299985681814321, 125.2043119254054, 6.963885709116555, 4.510417627677433, 14.0, 0.0
24, 0 ,1.0,1.0,1.0,49.880736570937884,85.27232952144698,77.27889923262502,12.932821580929472,11.66249333618685,11.745755761724682,62.0,59.0,57.0,-0.8445659901155581,-0.08451614618859399,0.5287393586385974,13.648979349273345,0.1098252099477087,-0.9938127820909922,0.016570377560692472,11.650687118177586,0.5240674685573121,0.07206368840123566,0.8486224797953099,10.917932756354887,65.10499229134714,60.84186128690627,54.10714188982823,20.17245696317175,5.857165128604683,73367.0,214324.28183850413, 0.0, 0.0,0.0,NaN, 125.42522206270854,125.42522206270854,0.0, 167.2578740441551, 2.98411933584125, -29.930808561265565, 2.98411933584125, 136.01375081660268, -3.2705358903572255, -29.930808561265565, -3.2705358903572255, 137.96277841408858, 7.039765704009922, 4.447424259126001, 15.0, 0.0
25, 0 ,1.0,1.0,1.0,102.43762992368869,20.886887598406716,103.7274519533817,11.637003723693706,12.614276269401186,11.834706938827372,56.0,51.0,61.0,-0.07511057624427259,-0.9331220210256655,0.35162721056998825,12.762057326004788,-0.6727287810999798,-0.21287230285772846,-0.7086052284282012,11.939896343605604,-0.7360668369217491,0.28977349180528056,0.6117490784880562,11.365248695285503,64.1032966625025,61.570784759624445,58.269124069244015,20.05130066228037,5.704862096906725,74563.0,229981.83948231235, 0.0, 0.0,0.0,NaN, 138.64732826796205,138.64732826796205,0.0, 135.4198556652612, 4.27987032142467, 5.493991863380013, 4.27987032142467, 159.1199658007779, -9.03762818321666, 5.493991863380013, -9.03762818321666, 140.06028832792873, 7.310003033028126, 4.789833578414737, 14.0, 0.0
26, 0 ,1.0,1.0,1.0,143.15855348090304,72.8171069618061,113.28099121508863,12.690473419817828,9.989678173400698,11.557962324781172,59.0,47.0,58.0,-0.853080616728186,0.2755535715399374,0.4430842928543533,13.116163461387409,0.5145956134804563,0.30388921956407156,0.801774716999365,11.526846719340663,0.08628334688298961,0.9119877035598254,-0.40104066203609,9.46183594717608,60.67505119915164,58.18513452085608,44.46467322793328,19.12412404636811,5.356879519589192,63518.0,156977.46057357217, 0.0, 0.0,0.0,NaN, 126.70227935324607,126.70227935324607,0.0, 161.0481156191028, -12.617164964456462, -13.304289532528653, -12.617164964456462, 99.7936700081183, 20.633887637294773, -13.304289532528653, 20.633887637294773, 133.586493101061, 6.7224408553824615, 4.557185711738074, 16.0, 0.0
27, 0 ,1.0,1.0,1.0,41.17796829226262,174.34346458728243,187.03224625193866,11.704994016637754,13.333361525833686,7.1122052757345,55.0,60.0,30.0,-0.18663857211968296,-0.9804544671386272,0.06225015072300142,13.419795335293239,0.9757242374035715,-0.17760244554618046,0.1281389241379631,11.689704558418372,-0.11457860158138015,0.08465464667651969,0.9898006540994652,6.973433794625701,63.35211879198499,56.052340252026525,31.910392090687623,18.21462766516045,5.796224410071725,46424.0,113314.90380381134, 0.0, 0.0,0.0,NaN, 50.219971319515665,50.219971319515665,0.0, 137.00688492952563, 8.803190065049856, 9.477674941120013, 8.803190065049856, 177.778529578582, -10.026735449059057, 9.477674941120013, -10.026735449059057, 50.58346388418565, 7.436402000736573, 4.891827263373916, 9.0, 0.0
28, 0 ,1.0,1.0,1.0,137.12992192934993,141.16101105356728,18.330648527479322,10.539617164297391,13.30827723719273,10.917644506586013,47.0,65.0,44.0,-0.15988339676408234,-0.9745002400936651,0.15743754792478426,13.451824710060448,-0.5321227872814501,-0.0492497601848023,-0.845233577407784,11.076654430899726,-0.8314340855984919,0.21891492223950676,0.5106795650169207,10.185522723569902,66.17883731757362,52.544528553196244,58.10558849945956,19.371767392090987,5.667747583546318,64685.0,202052.6434789169, 0.0, 0.0,0.0,NaN, 88.03798051003922,88.03798051003922,0.0, 111.0835299699522, 12.525853955411959, 6.578514799026967, 12.525853955411959, 177.11024302198214, -11.05654640818845, 6.578514799026967, -11.05654640818845, 119.19496157218776, 7.4901187690915805, 4.6896492052736685, 8.0, 0.0
29, 0 ,1.0,1.0,1.0,182.42463368384762,94.57233235649026,79.59584554387175,10.169781771175314,9.595588282524162,14.717074107210848,38.0,50.0,83.0,0.10801523485908811,-0.011371680070950482,0.994084198612321,14.764709181909641,0.8106490104863072,0.5798396258440869,-0.08145053774261223,10.59627278274655,-0.5754831803240711,0.8146512709088185,0.0718499545632377,9.04513194627024,82.81188337978075,55.5825779681698,49.0834431590161,19.315935707821435,6.243930954893331,58010.0,225926.08061453374, 0.0, 0.0,0.0,NaN, 124.85318648852054,124.85318648852054,0.0, 103.42446127332971, 14.153434529608209, 12.611093547971167, 14.153434529608209, 92.075314487715, -2.978342835753951, 12.611093547971167, -2.978342835753951, 216.59227027713598, 7.324043297111073, 4.609681861031841, 11.0, 0.0
30, 0 ,1.0,1.0,1.0,59.85661440564266,10.779142868095219,109.1467014221643,11.906544002946113,7.066607600851954,15.377466020535921,59.0,29.0,72.0,0.1764560451805794,0.010518156244484508,0.9842523215661957,15.480391823737655,-0.9839321756143445,0.029533656140173677,0.17608303991531038,11.776596140867234,0.02721650069447051,0.9995084449589261,-0.01556054451930543,7.059635019582443,73.51300783047476,56.313913697227264,29.778928012292642,19.537432935443277,6.81600385741688,52174.0,123278.96039811656, 0.0, 0.0,0.0,NaN, 109.33126758411777,109.33126758411777,0.0, 141.76579009409204, -2.229620734537899, 17.57109812050469, -2.229620734537899, 49.936942984418614, 2.427002731007709, 17.57109812050469, 2.427002731007709, 236.46646121273685, 6.757877484336967, 4.485335033951459, 13.0, 0.0
31, 0 ,1.0,1.0,1.0,56.598343344168,147.9327451655907,20.93977022513144,11.438322726942644,12.134419637085342,12.269880766653394,54.0,62.0,49.0,-0.5114418467905021,0.40399810690123117,0.7584278258158401,13.996577645092271,-0.5095545167278152,-0.8532617872474523,0.11089867855644736,12.052539781975002,-0.6919403383484761,0.32974209928898246,-0.6422528443866105,9.35208210995172,65.01354625479735,61.87232652992469,52.31876943357936,19.805638108178698,6.030426178166907,66761.0,210454.30945696254, 0.0, 0.0,0.0,NaN, 79.70473933447714,79.70473933447714,0.0, 130.8352268056926, 2.7248627434477313, -45.33038842157946, 2.7248627434477313, 147.24413992888236, 27.757651447863843, -45.33038842157946, 27.757651447863843, 150.54997402789087, 7.248856495600536, 4.538226124110285, 11.0, 0.0
32, 0 ,1.0,1.0,1.0,12.507560483870968,103.44564327116936,109.76058467741936,8.676540693944713,14.331443926324205,13.462847019102625,35.0,72.0,65.0,-0.10172231686229741,0.8396115401638997,0.533577578123154,14.868608804083122,-0.10602275594593938,-0.5424547719696692,0.8333678633046524,12.968117592592073,-0.9891469787012417,-0.028200744510355147,-0.14419768560995538,8.524863143925522,70.08270133897098,63.526917152970995,40.64505234259306,20.39961472832306,6.765841575353613,63488.0,180957.38049450645, 0.0, 0.0,0.0,NaN, 132.74914293635638,132.74914293635638,0.0, 75.2823584136786, -7.182245601848475, -16.49267705149268, -7.182245601848475, 205.39028501337495, 23.31229173578741, -16.49267705149268, 23.31229173578741, 181.24824985976045, 7.110052572663276, 4.497016732333049, 16.0, 0.0
33, 0 ,1.0,1.0,1.0,31.752095945923774,39.975472100539776,104.10935013371396,10.119562325536275,11.719612570811009,11.602485917669348,45.0,55.0,54.0,0.2063719991775863,0.8430966811324512,-0.49658693520761565,11.924496198172017,-0.13412787887303534,-0.4783457606700203,-0.8678681036643989,11.495510895227396,-0.9692369731208498,0.24570982787114173,0.014365598597596197,10.001607851617134,58.15053636116929,57.999172467441895,47.761709886350815,18.659334236417067,5.118767995702013,60951.0,161085.10638692338, 3.552713678800501E-15, 0.0,0.0,78.0901736260585, 108.63356156547039,108.63356156547039,0.0, 102.40554166041315, 9.396193392055356, -0.5824632816456113, 9.396193392055356, 137.34931880991144, -4.319675174322112, -0.5824632816456113, -4.319675174322112, 134.61767946971554, 6.951502335992071, 4.4760446623959895, 11.0, 0.0
34, 0 ,1.0,1.0,1.0,90.6568071426566,74.80705842715557,100.4786478367072,11.734730116105831,12.746667318946015,10.574443289212756,56.0,56.0,53.0,0.14760208830954313,0.9790184274239422,0.1404868046864653,12.797329395990108,-0.9507430768157726,0.17959423829996254,-0.25265294666069926,11.809044535625763,-0.27258251120264426,-0.0962747543949476,0.9573034765698138,10.429530046969477,58.855550359443114,55.05174833370502,50.951319586351886,19.584404847528827,5.333981278804057,71234.0,165087.41881358414, 0.0, 0.0,0.0,NaN, 154.01055875567377,154.01055875567377,0.0, 137.70389089784118, 2.7090035287738052, 8.509623265069925, 2.7090035287738052, 162.47752773988637, 6.172144423557629, 8.509623265069925, 6.172144423557629, 111.8188508767767, 6.818174175479021, 4.448368598615842, 8.0, 0.0
35, 0 ,1.0,1.0,1.0,132.65876546548577,42.18430126428233,32.325035494557504,11.743906398913893,11.05928240518014,15.625972182546695,63.0,52.0,65.0,0.47028436905258303,0.06005119542875783,0.8804694578191746,16.974778229181478,0.3152641311492075,-0.9432819136184238,-0.10405651854208833,11.198430991193993,0.82428219672364,0.32651659279115064,-0.46254272753607195,9.53153287143644,77.93320027579472,52.40288832291343,51.1407683838207,21.265586975626903,7.223079817898746,73955.0,208855.05181811764, 0.0, 0.0,0.0,NaN, 85.78615891571663,85.78615891571663,0.0, 137.9193375064507, -4.704211659719672, 80.55972680333416, -4.704211659719672, 122.307727317527, 13.823227181517892, 80.55972680333416, 13.823227181517892, 244.17100664972313, 6.517010451483441, 4.250999947718163, 11.0, 0.0
36, 0 ,1.0,1.0,1.0,18.239946836961277,131.4346078415482,16.511191792145485,11.0422407030896,13.749686065039478,9.871929399336073,51.0,56.0,42.0,-0.27817175831920227,0.9579279324624266,0.0706721237961889,13.983670177817142,0.9362446739004409,0.2868439777173224,-0.202895152826187,10.806942368084666,-0.21463080735686724,0.009726698081310853,-0.9766468183933099,9.803412758244418,64.85172974211996,54.374023406098814,45.83766766561517,19.31237765000003,5.955837993208661,61697.0,161635.0513542668, 0.0, 0.0,0.0,NaN, 72.84592038580108,72.84592038580108,0.0, 121.93107974496871, -20.942022051092827, -5.883765552473983, -20.942022051092827, 189.0538668871408, 5.527965756607645, -5.883765552473983, 5.527965756607645, 97.45499006547588, 6.941255788730199, 4.42866793558257, 7.0, 0.0
37, 0 ,1.0,1.0,1.0,98.29324773792068,134.5258574442974,16.512034619648798,10.46624876062081,12.835989161561676,10.81736996781774,48.0,58.0,44.0,-0.06230728751011107,-0.9360963992549748,0.34618106999806186,13.181342888769588,-0.7138251005675047,-0.20062205264174593,-0.670972814496686,11.433118617084126,0.697546792497051,-0.28891923317024626,-0.6557088904242437,9.319681981266221,65.64827720182957,62.30251034374339,47.02990474274554,18.866776114270966,5.946867490489669,55922.0,192354.77802946192, 0.0, 0.0,0.0,NaN, 119.25214120322201,119.25214120322201,NaN, 109.54236311919661, 11.349101673240622, 19.132723154972542, 11.349101673240622, 164.7626177557288, -22.253860771431917, 19.132723154972542, -22.253860771431917, 117.01549302064518, 7.116015608075423, 4.529097771984043, 7.0, 0.0
38, 0 ,1.0,1.0,1.0,145.6810888856443,104.03575542252722,82.92167550818449,9.481739804131124,13.392978236664302,11.004095426065605,45.0,70.0,49.0,-0.13698969961529905,0.9730682075596144,0.1853971025556458,13.543429940439255,0.04077165798029779,-0.18146415167994823,0.982552000435913,10.90313221053657,-0.9897330418374684,-0.14215845065206392,0.014814884520540854,9.38416673737948,70.05732785140441,49.54162867552305,46.31796271311356,18.984475756994474,5.473120877437197,61641.0,160758.2600283409, 0.0, 0.0,0.0,NaN, 137.9698684896776,137.9698684896776,0.0, 89.90338971324451, -12.939766063237004, -1.1874678032496624, -12.939766063237004, 179.37186604776363, 11.709294579581337, -1.1874678032496624, 11.709294579581337, 121.09011614595799, 7.44219178588039, 4.505137171395844, 11.0, 0.0
39, 0 ,1.0,1.0,1.0,22.061344659491287,178.38728944447126,100.77689560306965,12.868073385588158,13.153798732509966,12.499357963964753,52.0,59.0,63.0,-0.6419382177087164,-0.7637692117590389,-0.06761594348918624,14.069052779436491,0.45736814453864205,-0.31064455981097766,-0.8332552657026077,12.948621458785325,0.6154101924783472,-0.5658237787764137,0.5487383223039407,11.368317354389195,77.81463348985588,69.88283544693962,72.07597923406489,21.255212621721643,6.561982906788739,82876.0,391942.48840862117, 0.0, 0.0,0.0,NaN, 103.9184133438635,103.9184133438635,0.0, 165.58731265688226, 28.223080511418136, -11.663216579540576, 28.223080511418136, 173.02242109538076, 13.494835438827913, -11.663216579540576, 13.494835438827913, 156.2339495113291, 7.003691073860739, 4.555718081282608, 10.0, 0.0
40, 0 ,1.0,1.0,1.0,29.64437857932282,146.44289410228072,126.9675977092334,15.524628628091374,11.318859357558077,10.838783714905205,66.0,65.0,56.0,-0.972508105954545,-0.23185255103500266,0.02173426859282881,15.743805779539045,0.22985266119500056,-0.9407476209766683,0.2493224173000003,11.027347232071602,-0.03735957700884697,0.24746375129562062,0.9681766129175088,10.823127838767519,71.08313312175767,62.85112836030844,56.97692018889461,21.101724603490215,6.428617454263252,79624.0,254553.22943669558, 0.0, 0.0,-1.4210854715202004E-14,88.75462007726543, 95.29367532976207,95.29367532976207,0.0, 241.01409404015425, 28.511302991562122, -2.507428705733783, 28.511302991562122, 128.11657715618003, -1.705381960415413, -2.507428705733783, -1.705381960415413, 117.47923241849428, 7.234407576207305, 4.481880860255745, 11.0, 0.0
41, 0 ,1.0,1.0,1.0,124.50690193052783,73.9357105717784,166.2631958538099,10.293644410130847,9.89414002258708,13.528431745204994,48.0,44.0,64.0,-0.09400044428206397,0.015183627148774071,0.9954563646596374,13.55591187138389,0.810652333110189,0.5816033334887689,0.06767833699019757,10.627183434740214,-0.5779331373937484,0.8133308182660721,-0.06697961451710263,9.495884007984946,64.69476266248375,51.69622169707972,47.308821854136205,18.875001746240624,5.532259628114037,59621.0,158223.16218902674, -1.4210854715202004E-14, 0.0,0.0,84.60620796003727, 110.92280697800213,110.92280697800213,0.0, 105.95911524221802, 10.59972082151778, -7.50863462695771, 10.59972082151778, 97.89400678655949, 2.3106762668800096, -7.50863462695771, 2.3106762668800096, 183.01846548467026, 7.254729457273928, 4.554835092993067, 14.0, 0.0
42, 0 ,1.0,1.0,1.0,179.35300164132832,83.1606843841703,20.576835717956794,11.487891361962266,10.88066585660298,11.204829593744856,50.0,53.0,45.0,0.8770794720007526,0.4764892275866907,-0.06074220763784993,11.733130327730754,-0.06833341677975652,-0.001398412578777125,-0.9976615601462568,11.203389331221178,-0.4754599288542462,0.8791791969991657,0.031333618013512546,10.617271959299043,64.52523700917885,47.5569766358345,55.778677491320806,18.656214566121154,5.277726945854114,60317.0,171163.85475156707, 0.0, 0.0,0.0,NaN, 88.12153049414404,88.12153049414404,0.0, 131.97164794424722, 10.424071291547133, -0.4567864135606389, 10.424071291547133, 118.38888948304584, -0.703992104687433, -0.4567864135606389, -0.703992104687433, 125.54820622486054, 6.962148377707876, 4.407598192477289, 8.0, 0.0
43, 0 ,1.0,1.0,1.0,149.17262004210244,113.97223243225181,129.89542887693386,11.939057395150492,10.70179345892942,10.649399283753079,57.0,54.0,52.0,-0.992428035024686,-0.08695779479541839,0.08674639601366255,11.958996497136457,-0.01486216563231875,0.7860721000554157,0.6179561226714941,10.774878768710593,-0.12192502339453842,0.6119877412487833,-0.7814123707949951,10.552893921960479,57.52408814402969,49.90791383331026,54.03308957935545,18.556395463207995,5.11266733125492,59854.0,155123.98777208268, 0.0, 0.0,0.0,NaN, 122.06084645955897,122.06084645955897,1.3486991523486091E-6, 142.54109148469763, 2.6764108415473205, -2.768563022629747, 2.6764108415473205, 114.52838323758449, 2.0610185249685373, -2.768563022629747, 2.0610185249685373, 113.40970510480058, 6.529056857762862, 4.378605395316691, 15.0, 0.0
44, 0 ,1.0,1.0,1.0,10.195088676671213,167.9523935574515,160.086233226772,6.650509273148724,16.367232892583683,11.535829223472218,27.0,69.0,60.0,-0.03604676711515185,-0.9964277781578623,0.07636958488778105,16.402346392133527,-0.12257029995128221,-0.07143407512439581,-0.9898856976848258,11.557957762390117,-0.991804997038429,0.04504282214191469,0.11955748417850354,6.52438404914184,70.37194448936367,59.62860999274238,29.743210558404915,19.777524063447057,7.351223295833156,49111.0,124807.901936119, 0.0, 0.0,0.0,NaN, 52.19288926519881,52.19288926519881,NaN, 44.22927359223716, 8.931260152024157, 10.419922205907177, 8.931260152024157, 267.8863125600732, -10.797507416175742, 10.419922205907177, -10.797507416175742, 133.07535587311565, 7.654452892564411, 4.803611259096378, 6.0, 0.0
45, 0 ,1.0,1.0,1.0,118.05323998212424,178.35942201698197,31.48625055861761,10.447436562905905,10.883859249278354,14.06634691157176,57.0,46.0,65.0,0.12570532214042346,0.12975061476185543,0.9835461097246497,14.16748294519439,-0.06552127948586993,-0.9881599042767497,0.13873343329673546,10.821943294471815,-0.9899015778955538,0.08188273046672168,0.11571553280008387,10.374844994485088,66.93528898560811,50.26088623128035,56.675436682180106,19.735647035135976,5.997805801731682,67130.0,190669.03118109412, 0.0, 0.0,-3.552713678800501E-15,10.408046391045023, 90.41554107069456,90.41554107069456,NaN, 109.14893073594315, 2.1317656146478012, 11.422004178511951, 2.1317656146478012, 118.45839215810197, 10.57927523494219, 11.422004178511951, 10.57927523494219, 197.86211543668438, 6.256728108628805, 4.178939896198412, 8.0, 0.0
46, 0 ,1.0,1.0,1.0,16.032912892575975,149.99603826293068,60.83953271819182,10.278722986559625,10.264878552694654,13.511732655172574,40.0,49.0,66.0,-0.10598574865045396,0.060708967984490964,0.9925126912484599,13.551583707017596,0.6934570341479026,-0.7108471862891347,0.11753135554231389,10.60483702688134,-0.7126600612310171,-0.7007215559343651,-0.033240610330217586,9.873135669372656,65.65506058913553,52.47023392869282,53.27112987343217,18.97148563929126,5.802545124254942,59065.0,183515.65371564834, 0.0, 0.0,-7.105427357601002E-15,7.0157135549973395, 80.36727708832218,80.36727708832218,0.0, 105.65214623442922, -7.940545134735318, -7.842835039433924, -7.940545134735318, 105.3677317015707, 3.9400736587835756, -7.842835039433924, 3.9400736587835756, 182.5669193448569, 6.961052776427452, 4.398731535929541, 10.0, 0.0
47, 0 ,1.0,1.0,1.0,122.47176275220001,152.57957294349936,105.36824143206454,11.955135934087691,11.67604810547111,13.105529416041536,65.0,56.0,62.0,-0.5180692359842722,0.010583682918454603,0.855273203358175,13.727718483871465,0.07388243271859143,-0.9956324471975554,0.05707377876914686,11.679580130315289,0.8521418032594431,0.09275783386479194,0.5150245929996511,11.231537252114618,61.626768980708285,56.40706330368879,61.09811487354594,20.39939046195888,5.905518149926039,76477.0,212388.35406238917, 0.0, 0.0,0.0,NaN, 131.20401747900894,131.20401747900894,0.0, 142.92527520251477, -1.096714204643403, -27.562519223132185, -1.096714204643403, 136.33009936127553, -0.01935135053397858, -27.562519223132185, -0.01935135053397858, 171.75490127473, 6.8818013588770075, 4.390500765664978, 18.0, 0.0
48, 0 ,1.0,1.0,1.0,112.60086589011442,30.06871456550871,65.0329244407793,9.41869297819169,13.010590133033977,9.668854222631902,44.0,57.0,52.0,-0.26214691786455746,0.9650078929224598,0.006225757099911352,13.255334643839713,0.1466399249964175,0.033457002670241764,0.9886239736974662,9.682375754180331,-0.9538216425785051,-0.2600776721859787,0.15027933517009065,9.056582039623384,58.70663553218357,54.441616140207316,42.73058307306165,17.953212640419668,5.399641737525183,48505.0,136570.53784971536, 1.4210854715202004E-14, 0.0,0.0,74.8025091278037, 113.01335098164249,113.01335098164249,NaN, 88.71177741743745, -23.641618101468925, 1.5471480707862861, -23.641618101468925, 169.2754556098011, 0.9507115315716421, 1.5471480707862861, 0.9507115315716421, 93.48674197850676, 6.536835110328232, 4.19742435438716, 8.0, 0.0
49, 0 ,1.0,1.0,1.0,79.41959552989636,158.42143556500895,174.20859920996656,9.397486230429333,12.494887614603018,12.02478206451232,42.0,63.0,52.0,0.13447330545845448,0.9198687234616068,-0.3684541514438286,12.605961327926083,0.09699788615194854,-0.38226509759273614,-0.9189476618635416,11.985635732420741,-0.9861583748065677,0.08783465580014693,-0.14062977294776108,9.298635531100091,57.81165798700241,58.71016039954526,42.484701679118345,18.909129836063848,5.610272408232271,59238.0,144198.67330260805, 0.0, 0.0,0.0,NaN, 93.2815390595544,93.2815390595544,0.0, 88.31274745110893, 6.840791343329254, -8.687243694299838, 6.840791343329254, 156.12221650155988, -4.463869125845165, -8.687243694299838, -4.463869125845165, 144.59538369901716, 6.436720610506594, 4.230503092092635, 12.0, 0.0
