// Sample: .//bubblelabels.tif, Map: .//bubblelabels.tif, Thickness:(8.191250068658265):/afs/psi.ch/project/tipl/test/LabelValidation/Step3500//distmap.tif, Neighbors:(1.0):
//LACUNA_NUMBER, TRIANGLES, SCALE_X, SCALE_Y, SCALE_Z, POS_X, POS_Y, POS_Z , STD_X, STD_Y, STD_Z,PROJ_X, PROJ_Y, PROJ_Z, PCA1_X, PCA1_Y, PCA1_Z, PCA1_S, PCA2_X, PCA2_Y, PCA2_Z, PCA2_S, PCA3_X, PCA3_Y, PCA3_Z, PCA3_S,PROJ_PCA1, PROJ_PCA2, PROJ_PCA3,OBJ_RADIUS, OBJ_RADIUS_STD, VOLUME, VOLUME_BOX, Mask_Grad_X,Mask_Grad_Y,Mask_Grad_Z,Mask_Angle, Mask_Distance_Mean,Mask_Distance_COV, Mask_Distance_STD, SHAPET_XX, SHAPET_XY, SHAPET_XZ, SHAPET_YX, SHAPET_YY, SHAPET_YZ, SHAPET_ZX, SHAPET_ZY, SHAPET_ZZ, Thickness, Thickness_STD, Neighbors, Neighbors_STD
1, 0 ,1.0,1.0,1.0,79.94189558297867,138.20856263462127,39.864861899509734,15.726456003941738,15.636791368186296,16.458040048487952,85.0,83.0,80.0,0.10264873978965118,-0.42731204897523933,0.8982581193733676,16.702785968190618,0.9933024622421297,0.09218602661243291,-0.06965597606188767,15.716665588753473,-0.05304200904301173,0.8993920998641217,0.43391288985081655,15.385093715861501,90.86366800574098,84.15415121074372,92.55744184829018,26.57191881239508,7.525348869072968,173171.0,707745.5565089433, 0.0, 0.0,0.0,NaN, 164.5646397899466,164.5646397899466,0.0, 247.32141844391515, -0.9103166394514101, 3.185095890379394, -0.9103166394514101, 244.50924429218546, -16.295576148573147, 3.185095890379394, -16.295576148573147, 270.8670822376333, 6.823615750064701, 5.501571402049634, 54.0, 0.0
2, 0 ,1.0,1.0,1.0,59.30115641577697,262.87522473531175,12.846036889885246,15.343710364706007,17.883903298775213,8.077024896902163,89.0,77.0,33.0,-0.4292756408064875,-0.9031719634169391,-0.00168187626520068,18.56046031938342,-0.9004906749910077,0.42785632009194974,0.07781718069690631,14.548733610778553,-0.06956269448791681,0.034919534002720604,-0.99696622695085,8.02156089525616,88.36499240642948,74.62959335018488,36.65737648579566,23.578847801493094,8.033661213616746,90106.0,241742.32772465286, 0.0, 0.0,-1.7763568394002505E-15,89.90363554290958, 71.13295125663174,71.13295125663174,0.0, 235.42944775598653, 51.85541364151795, -10.121002564134752, 51.85541364151795, 319.8339971999429, 5.330510651377053, -10.121002564134752, 5.330510651377053, 65.23833118517739, 7.669455923338994, 5.534038246029908, 23.0, 0.0
3, 0 ,1.0,1.0,1.0,78.30477786406179,14.56463808394981,258.8000572199289,15.885515554272782,9.165003168022642,17.079483777030458,76.0,39.0,83.0,-0.5823583922925684,0.10672328255763767,0.8058962984693117,18.26336395589235,0.8011242407158712,-0.09300874211624001,0.59122696557868,14.647899710621392,-0.1380530834999128,-0.9899290453613718,0.03133418717772526,8.941153430455387,99.6745439422061,92.06132168379301,41.242044390791236,23.71834218387151,8.09295357910333,97868.0,378444.0209343176, 0.0, 0.0,0.0,NaN, 89.6727506210088,89.6727506210088,1.3486991523486091E-6, 252.3496044250425, -25.792434961050564, -55.26188444390419, -25.792434961050564, 83.99728306986506, 14.409662382256878, -55.26188444390419, 14.409662382256878, 291.7087660898466, 6.8577406225273725, 5.249707788325737, 35.0, 0.0
4, 0 ,1.0,1.0,1.0,155.16695518815862,177.5513122886919,13.859929593010422,15.971658470215884,14.797446611530784,8.660122771966712,76.0,65.0,38.0,-0.8254818054851187,-0.5626209707125948,0.045137923384296695,16.961633392085346,-0.5596809243241291,0.8262672852065499,0.06355813358718339,13.684061843142263,0.07305512823010595,-0.02720324818501762,0.9969568353381543,8.608453466297668,79.73016097073358,64.02200454878557,39.919809317757704,22.321926762555698,7.1265428184332205,86071.0,203770.05702088718, 0.0, 0.0,0.0,NaN, 190.16411238720497,190.16411238720497,0.0, 255.0938742892188, 46.874157874446546, -11.983469324761579, 46.874157874446546, 218.9644262211039, 0.5178122823304936, -11.983469324761579, 0.5178122823304936, 74.9977264255364, 8.354960282021535, 5.5379418813845245, 23.0, 0.0
5, 0 ,1.0,1.0,1.0,17.33948456259024,164.42924108467335,12.555173164026188,10.604087324763679,14.860977234210429,8.123526930911453,45.0,79.0,36.0,-0.03585183568198884,0.9982893272391693,0.04618511663510394,14.876555456761887,0.997682797679787,0.03842759874289581,-0.05614583571991624,10.604892901394912,0.05782457169806372,-0.04406516509921926,0.9973537888496309,8.093907982922097,79.37289313488053,48.04034971941795,37.56249100054093,18.896305845402892,6.497432380653381,50559.0,143229.59244723813, 0.0, 0.0,-1.7763568394002505E-15,87.3528460792027, 137.25057657785123,137.25057657785123,0.0, 112.4466679912137, -3.7760931580397648, -2.888051428773265, -3.7760931580397648, 220.84864435572064, 7.082055262056291, -2.888051428773265, 7.082055262056291, 65.99168979724365, 7.39090057085246, 5.212333399852295, 16.0, 0.0
6, 0 ,1.0,1.0,1.0,280.83703191930357,208.29952558610842,208.61906867486528,12.197791858317961,15.328273730188009,15.010778596448807,50.0,84.0,76.0,0.23755499913280903,0.6258534409301304,-0.742882960406905,15.487064101817124,-0.25002659145143036,0.7784030760125913,0.5758258024970017,15.237453889307472,-0.9386449413671768,-0.048950196425062015,-0.3413935446310565,11.706255606104857,87.44610144716725,77.20732082044887,58.71069897086676,23.540793574920887,7.409224905546576,108555.0,396384.06344349385, 0.0, 0.0,0.0,NaN, 130.86890754966805,130.86890754966805,0.0, 148.78612621884795, -3.231339807988125, -31.841923965482646, -3.231339807988125, 234.95597554757182, -5.155635557673486, -31.841923965482646, -5.155635557673486, 225.32347407160563, 6.835488226455347, 4.967539824703011, 32.0, 0.0
7, 0 ,1.0,1.0,1.0,189.75304956803765,114.17844876247334,234.8844560527348,13.16162809732401,13.438022262603319,13.67233511819711,64.0,71.0,73.0,0.5993383264514718,-0.2070831673712682,0.7732464886682845,14.354528187248771,-0.02114736705757927,-0.9697182458783893,-0.24330908835691084,13.411868017763696,0.8002164452901978,0.12947233450441198,-0.5855685743660571,12.442305288102558,69.64831262033869,68.41622633741474,72.66046783681297,22.397466623662954,6.2526100892885905,104523.0,346232.55845088913, 0.0, 0.0,0.0,NaN, 171.55507076417337,171.55507076417337,1.9073486328125E-6, 173.22845417226884, -5.845678755326917, 23.87615720590893, -5.845678755326917, 180.58044233022244, -2.290719499972192, 23.87615720590893, -2.290719499972192, 186.93274758428595, 6.338989275495502, 4.82092512984259, 37.0, 0.0
8, 0 ,1.0,1.0,1.0,122.13334366104452,186.8743924401154,115.34709823589783,12.894800559946725,13.327326958538203,14.366145136918265,66.0,72.0,77.0,0.001738403423474551,-0.430865944431925,0.902414270655292,14.658688060395885,0.43967681163120276,-0.8101804464051167,-0.3876750515272114,13.03937695689361,-0.8981543738508195,-0.3974445649289866,-0.18803334422663293,12.859905301347318,73.98758444910239,70.50965027795299,68.26976853219071,22.529708126410064,6.533904129563522,103282.0,356152.3708203033, 0.0, 0.0,0.0,NaN, 202.53125633111964,202.53125633111964,0.0, 166.27588148080238, -1.6928422443916682, -0.714637951480338, -1.6928422443916682, 177.61764385977912, -17.786623947887307, -0.714637951480338, -17.786623947887307, 206.38612609500032, 6.1207621904006615, 4.656827455873898, 38.0, 0.0
9, 0 ,1.0,1.0,1.0,261.13135581204097,141.29732769947725,126.89578311544679,13.988713788897035,13.393235681212552,13.451378642181414,69.0,69.0,64.0,-0.8147854345144745,-0.28421322336426313,0.5053192450005786,14.384884837740447,0.31226956677445494,-0.9495027634641702,-0.030532275388479836,13.30619584344562,0.4884796959644827,0.13291856845000716,0.8623921618333784,13.11574257281428,78.80151175932411,66.30471830927408,65.44246960154601,22.645813137822454,6.570358451588621,105789.0,341931.147318802, 0.0, 0.0,-1.4210854715202004E-14,59.64745315028255, 193.8510925646439,193.8510925646439,0.0, 195.68411346767806, 6.590366997401069, -14.418151246086444, 6.590366997401069, 179.37876201250504, -4.866715462980599, -14.418151246086444, -4.866715462980599, 180.9395873753343, 6.147709817672092, 4.631459612138847, 36.0, 0.0
10, 0 ,1.0,1.0,1.0,22.595942615904793,132.4335326367266,191.27181990104873,13.52044062944063,13.874027644635476,13.619036284528876,59.0,66.0,66.0,-0.6866617288555695,-0.07456910276206362,-0.7231425302375332,14.288505144509747,0.05145344631628547,0.9872456167637005,-0.15066066189632082,13.892750107154846,-0.7251539236515635,0.14066108592685153,0.6740669446862244,12.790591167460546,75.08764874575034,65.03087496880725,65.69161641592211,22.714281694405724,6.695559298884191,104698.0,320773.181000755, 0.0, 0.0,0.0,NaN, 172.8323879860895,172.8323879860895,0.0, 182.80231481422896, 3.570843422645018, 19.91333233771332, 3.570843422645018, 192.48864308410938, -2.1870322767255668, 19.91333233771332, -2.1870322767255668, 185.4781493193141, 6.169767640701141, 4.63370954863343, 38.0, 0.0
11, 0 ,1.0,1.0,1.0,47.000198166063164,248.445594408114,213.86200435965338,13.430159468018518,14.763926199324448,13.135754124360174,64.0,72.0,65.0,0.04372935755521795,-0.8866879926956963,-0.4602957167920275,15.27213841073375,-0.8380796825353393,-0.28334309341320085,0.4661964576619013,14.032375545765852,-0.5437924135267744,0.3653780166133652,-0.7555056028689725,11.863598167383065,72.7183421658043,66.70879995457744,64.22311184912265,22.979539106422173,6.54457936215592,111018.0,311543.3189661194, 0.0, -2.8421709430404007E-14,0.0,27.540032591071224, 110.84507051068292,110.84507051068292,0.0, 180.36918333640742, 9.75024047382427, -23.80502228553829, 9.75024047382427, 217.97351681909882, 30.331356233514498, -23.80502228553829, 30.331356233514498, 172.54803641564533, 6.9116400881776805, 4.920382857929669, 42.0, 0.0
12, 0 ,1.0,1.0,1.0,264.2888674299903,281.5958457324163,25.659854561220268,15.881484917826452,11.14111232073255,14.2351798811688,74.0,50.0,66.0,-0.9354898144467689,-0.14779351954210077,0.320960874013809,16.14557917390203,-0.340335859086175,0.1325846138583105,-0.9309096750964176,14.094368026783485,-0.09502794371354643,0.980091014013189,0.17433099025753765,10.938709076138965,84.94887960570202,72.41012471433709,54.75543769706957,22.977227634243135,7.143759754622914,101486.0,336809.401560004, 0.0, 0.0,0.0,NaN, 47.66996979064285,47.66996979064285,0.0, 252.22156319514906, 15.93338181136808, -17.315741051147008, 15.93338181136808, 124.12438374317861, -16.439631134510943, -17.315741051147008, -16.439631134510943, 202.64034624923298, 6.258483695167044, 4.720460594878618, 25.0, 0.0
13, 0 ,1.0,1.0,1.0,135.97818865202453,21.533533286508856,249.87494067844872,14.891630618557944,12.817457664040314,13.80786558381019,71.0,56.0,68.0,0.8633515853931912,0.11103523343046144,0.4922349204760935,15.47224117545597,0.3812381865856111,0.4955359516649709,-0.7804495920278297,13.387101683555452,0.33057750239237055,-0.8614611410531146,-0.38549087844913754,12.573794055585598,80.85071732992117,72.84860911816654,62.61261866160249,22.97759496504971,6.981057588345911,105358.0,368779.70239033963, 0.0, 0.0,0.0,NaN, 146.51376186855552,146.51376186855552,0.0, 221.76066247957243, 11.781488444089161, 28.263678255842898, 11.781488444089161, 164.28722096946575, -3.722784842318232, 28.263678255842898, -3.722784842318232, 190.6571519805699, 6.797156095993838, 4.695837855242672, 30.0, 0.0
14, 0 ,1.0,1.0,1.0,144.4845620527454,152.15830305192054,58.92921951980739,12.445141506681805,12.05692305811271,14.147802496886552,63.0,67.0,69.0,0.29021011177608347,0.14596126537625168,0.9457660387393264,14.309721790754425,-0.731855412371647,-0.6029140661143997,0.31761971642788195,12.74303756556454,-0.6165758237274958,0.7843404476954919,0.06814921645620879,11.543747749986249,72.8033195791917,67.57257926717563,62.51258921223045,21.494581133358153,6.196308428652379,89714.0,307531.1879299817, 0.0, 0.0,0.0,NaN, 214.95489978429205,214.95489978429205,0.0, 154.88154712133428, 15.8812476283172, 12.856822447276192, 15.8812476283172, 145.36939362924994, 4.293891972040891, 12.856822447276192, 4.293891972040891, 200.16031549090934, 5.483300514617378, 4.425929207946771, 35.0, 0.0
15, 0 ,1.0,1.0,1.0,32.07134833166348,11.03687342502353,72.86044569936546,16.63031649264159,7.438604638783796,13.827449133361112,76.0,31.0,67.0,-0.9878676953202923,0.027768732540902685,0.1527950065795547,16.697142703529195,-0.15365137885237234,-0.03187916831075945,-0.987610739312093,13.757913872148078,-0.022553720742687074,-0.9991059083605137,0.035759104571770055,7.4178060488118085,78.9809922512446,67.67261002454686,32.73650754552137,21.56582341134915,7.616684038593722,65874.0,174971.71868721658, 0.0, 0.0,0.0,NaN, 80.36808139007094,80.36808139007094,0.0, 276.56742664542685, -5.480816484464427, -13.40313469330867, -5.480816484464427, 55.33283897213581, 5.176397021529474, -13.40313469330867, 5.176397021529474, 191.19834953568895, 6.005924045019388, 4.419445335081841, 27.0, 0.0
16, 0 ,1.0,1.0,1.0,218.35761215052867,29.31034259079073,269.9560757276695,12.822204397503768,14.296628347745255,14.170203785780682,69.0,65.0,64.0,-0.3428971521585946,-0.7091904406169295,0.616011738507547,15.277550379575713,-0.1279120056721573,-0.6144109123893793,-0.7785484888828546,13.471227960330397,-0.9306234801714662,0.34575735664540114,-0.11996578045064962,12.438635564072525,78.1996264933821,75.25079201765524,61.94836953136283,22.902824785848658,6.712510699011928,107913.0,364540.37358410103, 0.0, 0.0,0.0,NaN, 91.79985328002739,91.79985328002739,0.0, 164.40892561136496, 21.236936875805068, -13.955945237427517, 21.236936875805068, 204.3935821135532, -21.57670508761292, -13.955945237427517, -21.57670508761292, 200.7946753305532, 6.183253788695529, 4.607828068688412, 35.0, 0.0
17, 0 ,1.0,1.0,1.0,162.43226658764846,256.0261130454108,282.21823838802874,15.146135613997076,13.476909165649621,9.971360833411124,75.0,70.0,43.0,-0.8999518443317823,0.432048483165958,-0.058487486506242824,15.602326204591543,-0.43581701977506926,-0.8876939779955629,0.14853594415086754,13.026752333818536,0.012255739806317275,0.15916503895142114,0.9871759150310511,9.865682044629052,77.98252689387917,64.93233858298811,46.537832399846934,21.556381340463698,6.766311038617506,80994.0,235648.40223192726, 0.0, 0.0,0.0,NaN, 145.51554919022158,145.51554919022158,0.0, 229.4054240375906, -28.811519912991947, 3.0056702446691146, -28.811519912991947, 181.62708065917076, -13.23348117379931, 3.0056702446691146, -13.23348117379931, 99.42803687008538, 6.545611059708804, 4.854363932435531, 29.0, 0.0
18, 0 ,1.0,1.0,1.0,40.9436295403549,85.9021625170248,38.421793703518624,12.501260585189948,12.546156332161768,15.453626269105273,59.0,60.0,78.0,0.054345519211358266,-0.024781778321546634,0.9982146202119411,15.46316967241227,-0.1378048718098747,0.9899397793396414,0.03207881834553704,12.545217404716583,-0.9889673310312691,-0.1393021778157244,0.05038374151136877,12.490397261321698,78.9276509450053,59.828780572663575,60.25177165202574,22.54908109241085,6.636343999742769,102057.0,284517.6088455955, 0.0, 0.0,0.0,NaN, 102.62454168684461,102.62454168684461,0.0, 156.28151621882373, -0.2991451741630795, 4.501960464998578, -0.2991451741630795, 157.4060387110428, -2.0120951024462976, 4.501960464998578, -2.0120951024462976, 238.81456486518059, 5.9045623301929995, 4.408182007706819, 35.0, 0.0
19, 0 ,1.0,1.0,1.0,191.1615192932115,282.4598152483073,60.38713534194166,14.307788704293609,9.809669106045257,13.673317280337217,67.0,42.0,72.0,0.9889349868039436,0.13592655177358157,-0.05942696692603254,14.38277483519456,-0.05958286307760923,-0.002924772460290907,-0.9982190782255822,13.670829708611508,-0.13585828757407067,0.9907145997859317,0.005206483308514547,9.702898234229709,68.44167805740298,71.40388504500191,45.41404524308311,21.122882718530793,6.4595554556568455,79458.0,221938.51686531838, 0.0, 0.0,0.0,NaN, 125.69836545672129,125.69836545672129,0.0, 204.71281760671178, 15.167997320637678, -1.1081765835848085, 15.167997320637678, 96.22960797009877, -0.6397263567314421, -1.1081765835848085, -0.6397263567314421, 186.95960544876834, 6.052321381037089, 4.646308577111952, 33.0, 0.0
20, 0 ,1.0,1.0,1.0,282.60713428457126,103.99389251900253,167.93309774636617,10.465297579901488,13.228746073103727,13.89270284397052,43.0,65.0,72.0,-0.2797856447042881,0.5841439027256938,0.7619028113386916,14.49305529562194,0.2219982173873692,-0.7327256473964092,0.6432961348588565,13.054423918391892,-0.9340432455160932,-0.3491260897668759,-0.0753272125453663,9.852042060932257,76.5846995874129,70.65373050189228,51.14201874937862,20.82282090760618,6.628687491744541,74990.0,276729.19368985976, 0.0, 0.0,0.0,NaN, 168.99381092193778,168.99381092193778,0.0, 109.52245343589195, -30.39810551403728, -13.609241329434644, -30.39810551403728, 174.99972266665728, 15.708912638589553, -13.609241329434644, 15.708912638589553, 193.00719231086657, 6.186479016202563, 4.526303013186258, 28.0, 0.0
21, 0 ,1.0,1.0,1.0,278.77491412646634,206.78653675819308,11.470867808766661,12.377661462451242,12.877612911288562,7.3089291083760894,48.0,68.0,29.0,-0.4642193921444923,0.8856185056484045,-0.013424545060598536,13.062678023221949,-0.8856825163645493,-0.46428619324873976,-0.002193391153816382,12.183080294557278,0.008175338718226764,-0.010871670142160441,-0.9999074810327013,7.3074523386272,74.61285954057074,59.29529635348831,29.633957236612915,18.294067197346294,6.147110513263431,46289.0,131106.30522148588, 0.0, 0.0,0.0,NaN, 96.28517439438308,96.28517439438308,1.9073486328125E-6, 153.2065032790506, -9.12095905110045, 0.9152060251796327, -9.12095905110045, 165.8329142929859, -1.2970328843046428, 0.9152060251796327, -1.2970328843046428, 53.420444711267294, 6.42769889074178, 4.672244062193111, 14.0, 0.0
22, 0 ,1.0,1.0,1.0,53.394735614489306,188.9604646280876,48.96676229794976,13.602408672717555,11.43941904390485,12.922255627826882,71.0,59.0,68.0,-0.9071725175787807,0.042249088602583015,0.41863234211181966,13.765140556979611,0.4119160604132516,0.29208421498600545,0.8631407593953808,12.8810861932335,-0.08580898859328748,0.9554589608498418,-0.2823738507871027,11.290218961635002,67.81047371550756,66.78594530307453,60.39525681244206,21.12117193874758,6.063548153223951,85746.0,273517.22906358406, 0.0, 0.0,7.105427357601002E-15,65.25172839635479, 132.58401116611049,132.58401116611049,0.0, 185.02552169962178, 2.2498093640884065, -9.87790688194076, 2.2498093640884065, 130.86030806205298, 10.791224362533256, -9.87790688194076, 10.791224362533256, 166.9846905109035, 6.046803783532999, 4.34135945084368, 31.0, 0.0
23, 0 ,1.0,1.0,1.0,91.66737279292064,268.321784864549,39.964311057311015,11.701420544784735,14.839804738270551,13.356312962851916,63.0,62.0,66.0,-0.03496530831112476,-0.8903347976163828,0.4539618655439052,15.31360131561636,0.33040666716362155,-0.4389951870150668,-0.8355325607487925,12.963777131578004,-0.9431907874383293,-0.12077737342317676,-0.3095221552013082,11.531185568998598,74.7748967307821,70.82088808118945,58.8103791763248,22.195660103172777,6.548802637279914,95828.0,311437.69026940636, 0.0, 0.0,0.0,NaN, 104.8978679821936,104.8978679821936,0.0, 136.9232427659103, -1.9289154259974237, -11.299198408066717, -1.9289154259974237, 220.21980466999713, -28.168191924732433, -11.299198408066717, -28.168191924732433, 178.39109596164616, 5.748540174585965, 4.260547960830886, 33.0, 0.0
24, 0 ,1.0,1.0,1.0,69.14446596290118,62.502266901006394,161.7389761443652,13.43443730020745,12.893339202136827,11.978949128864452,64.0,62.0,59.0,-0.9055906598129483,0.40387496134697193,-0.1295784413262112,13.642490553725438,-0.3295748854966581,-0.8623257823538281,-0.3844146718554343,12.857768508521449,-0.2669942915296372,-0.3054165363644193,0.9140212183564163,11.78039744912166,70.45461428448067,63.228641380895155,64.93000023805018,21.312999469145936,5.997797697046563,89329.0,289246.88870711526, 0.0, 0.0,0.0,NaN, 166.74411911269272,166.74411911269272,0.0, 180.48410557320528, -9.77035178225985, 8.91809505151702, -9.77035178225985, 166.2381957813583, 6.321780802771408, 8.91809505151702, 6.321780802771408, 143.4952222319224, 6.2406095985612735, 4.389972686222003, 39.0, 0.0
25, 0 ,1.0,1.0,1.0,124.22384168877663,169.17620002085482,274.5593261577319,13.352658520813083,11.82205893167204,13.137161930275564,68.0,58.0,61.0,-0.9221804532513866,0.30828191483403017,0.23354972195943874,13.52038376711826,-0.2642425815982298,-0.06126117733876769,-0.9625086629331556,13.14358833721001,-0.2824164827189983,-0.9493204565041943,0.13795506932076795,11.622602933570967,69.52788552078559,65.11244401400944,63.881882726000924,21.256669081822594,6.228451660365151,86311.0,289201.62309661123, 0.0, 0.0,0.0,NaN, 182.19126590056476,182.19126590056476,0.0, 178.29348957344223, -12.955442346895675, -0.696228538278616, -12.955442346895675, 139.76107738392662, 5.656634354754345, -0.696228538278616, 5.656634354754345, 172.58502358228156, 5.548863973622153, 4.20381124264361, 29.0, 0.0
26, 0 ,1.0,1.0,1.0,277.0943923926724,207.33100265697107,288.9385400643267,13.468654175155372,13.532092903384196,6.330244305304995,57.0,64.0,27.0,0.7197514523189501,0.6805751257376027,-0.13702315538626653,13.719622325990642,0.6808244787511692,-0.730568578250785,-0.05241737885306084,13.398828728701565,0.13577877602173855,0.05556123378645218,0.9891800004459081,6.069392764659265,71.94392235591971,64.67818808840667,31.287523013658586,18.938310457645965,6.77750496941239,42906.0,145587.1816185973, 0.0, 0.0,0.0,NaN, 96.09664835118691,96.09664835118691,0.0, 181.40464528993024, 3.184902793065457, -20.022749435056145, 3.184902793065457, 183.11753834582095, -8.653571668148302, -20.022749435056145, -8.653571668148302, 40.071992964846324, 6.100788068871801, 4.381986063258465, 16.0, 0.0
27, 0 ,1.0,1.0,1.0,12.676207215541165,250.70299722479186,82.43987049028676,8.248104990757644,11.971910706556457,13.26935015881525,33.0,65.0,57.0,-0.09450679963323133,0.1845729752934544,0.9782644231568507,13.338269725987335,-0.1271359592741437,0.972378768128909,-0.19574467847568267,11.989786231708397,-0.9873727323977137,-0.14287178896978592,-0.06843054313715097,8.109816420629885,55.00351750319386,67.79355757607817,37.02736823106553,18.775411951503813,5.909098204709748,54050.0,138070.76579987173, 0.0, 0.0,0.0,NaN, 96.88763057504023,96.88763057504023,0.0, 68.03123593856117, -11.597055422181642, -8.426897808501218, -11.597055422181642, 143.32664596576114, 5.40451879705042, -8.426897808501218, 5.40451879705042, 176.0756536372503, 8.081530264951805, 4.927775428717924, 24.0, 0.0
28, 0 ,1.0,1.0,1.0,60.31823093168312,43.897414174156474,34.59986002652129,11.841707900617791,12.311876905824253,14.48674169260252,58.0,60.0,68.0,-0.3712655549394686,-0.3955035391149545,0.8400826377583542,15.330741361765062,-0.46873603260226354,-0.7011707662634433,-0.5372579345880576,12.253630197655133,-0.8015288013888074,0.5932423679113635,-0.07493379383923174,10.793097798764295,80.17716815755176,64.62754302720074,57.254422862399586,21.403087706334897,6.601657401807119,81444.0,296672.5740255224, 0.0, 0.0,0.0,NaN, 82.2339483897019,82.2339483897019,0.0, 140.22604600355382, 28.469129947377557, -28.495299496186714, 28.469129947377557, 151.58231294416856, -26.70557891899169, -28.495299496186714, -26.70557891899169, 209.86568486818814, 6.280064588313569, 4.344360729590321, 28.0, 0.0
29, 0 ,1.0,1.0,1.0,135.44828272640407,143.2080369465973,175.20316647202463,12.567599597267199,11.750595946886312,11.84167635613343,59.0,55.0,54.0,-0.842517966497136,0.5079798724065426,0.17922032630079548,12.989971156310373,0.3156169625112793,0.19590762421024596,0.9284428554043866,11.867030359183687,-0.43651965488931227,-0.8387947615514358,0.32538275751672163,11.255247819575473,66.26729391985529,55.99373140197349,60.68775692574209,20.108098180859866,5.648960188974246,75352.0,225185.14195197087, 0.0, 0.0,0.0,NaN, 233.3002974671037,233.3002974671037,0.0, 157.94455963723064, -17.125733623780445, -2.2055388079746465, -17.125733623780445, 138.07650510698102, 6.402008737455058, -2.2055388079746465, 6.402008737455058, 140.2252989234095, 5.467465922571833, 4.09698163158413, 31.0, 0.0
30, 0 ,1.0,1.0,1.0,239.27901500284864,95.51199594859783,185.29106792428942,13.36530011979191,11.401563749443905,12.054623598317107,67.0,54.0,58.0,0.9376245252567226,-0.307117073826768,0.16290903167470372,13.61092178255187,0.19315595292002227,0.07059485881036244,-0.9786251293325261,12.02312601325526,-0.2890519460039391,-0.9490497715471137,-0.12551296203064966,11.141279209340665,74.35491151524079,60.32628813616836,56.7859164562353,20.487943873502342,5.8467947764627155,78985.0,254716.397850309, 0.0, 0.0,0.0,NaN, 161.14502315324302,161.14502315324302,0.0, 178.63124729210963, -17.32421810109768, 5.475969425644233, -17.32421810109768, 129.99565593263338, -4.469668758096667, 5.475969425644233, -4.469668758096667, 145.31395009710369, 5.723486518449721, 4.2757666116101944, 32.0, 0.0
31, 0 ,1.0,1.0,1.0,276.2344470276987,65.50511083497014,239.83582194251815,14.140619867388276,13.583187042503466,13.02477253051635,57.0,73.0,65.0,0.8581764513032348,-0.42656037719803697,0.28562111797494055,14.54860755379922,0.2752163231675075,0.8519599283460026,0.4454438864265976,13.437618707021628,-0.4333464594187243,-0.30366185980024263,0.8485283265819199,12.722940763343273,69.520273905214,65.90110950167161,74.21428289443801,22.555324402343174,6.735142243663621,99788.0,340010.0047494749, 0.0, 0.0,-2.8421709430404007E-14,73.40402063805975, 92.06220383476251,92.06220383476251,0.0, 199.95713023397605, -13.842075880708087, 14.495940851152241, -13.842075880708087, 184.50297023163407, 1.0292843910020384, 14.495940851152241, 1.0292843910020384, 169.6446994716933, 5.399066913673903, 4.09209965411587, 29.0, 0.0
32, 0 ,1.0,1.0,1.0,132.17455650179352,275.902869622508,59.46777775066494,12.62577947934729,12.351720140254905,12.692342146728453,62.0,54.0,68.0,0.5272988437606314,0.3291774009829511,-0.7833250717619157,13.414420263890054,0.6797576063932997,-0.7165532634225755,0.1564641084367558,12.813999784450566,0.5097896879293977,0.6149745192774788,0.6015985494665697,11.354540306051229,72.26097029854166,69.4394326209543,63.33190875283387,20.88127787847692,6.086302754197229,81962.0,317784.3677466342, 0.0, 0.0,7.105427357601002E-15,38.43396783985965, 146.92583731079478,146.92583731079478,0.0, 159.41030746110715, -8.324886602196361, -17.322521366959723, -8.324886602196361, 152.56499042317864, -17.11056369203961, -17.322521366959723, -17.11056369203961, 161.09554916961946, 6.150875648945466, 4.280187092697322, 26.0, 0.0
33, 0 ,1.0,1.0,1.0,35.95224284827625,176.99873610562545,209.79494442250183,12.80936570714194,13.102920667856774,12.963429276960717,67.0,62.0,67.0,0.1873080563686162,0.7794109947628596,0.5978580042637062,13.568209324670706,-0.8076059903313848,-0.22427977335923077,0.545409156177998,13.030092905904604,-0.5591853506667311,0.5849932345802835,-0.5874475798699176,12.24488681252822,60.806877022364404,77.50003992778558,74.60380447953312,21.52335211128101,6.368845449528467,88615.0,351573.06936940976, 0.0, 0.0,0.0,NaN, 156.71256087874556,156.71256087874556,0.0, 164.07984981930392, 8.581590602031309, -4.916456527720725, 8.581590602031309, 171.68653002814818, 13.489680457883194, -4.916456527720725, 13.489680457883194, 168.05049861876225, 5.467467984822671, 4.191677199680829, 43.0, 0.0
34, 0 ,1.0,1.0,1.0,201.1865488184389,175.70397737768747,193.80884714308044,12.789708418355756,10.736772894884522,11.965223109003247,66.0,55.0,59.0,0.9786102894574746,0.1789154324151062,0.10154392848257349,12.862997337916033,0.10344357643517749,-0.001295896367497218,-0.9946344791665451,11.95599936883801,-0.17782386752699425,0.9838636026890724,-0.01977582972776818,10.659215555012599,64.2297815632825,58.27484355055546,53.53947488586245,19.749978610586673,5.653303684795707,70373.0,200397.2089728483, 0.0, 0.0,-2.8421709430404007E-14,84.1719163193812, 191.02397838810407,191.02397838810407,0.0, 163.57664142656012, 9.072274664796314, 2.1338077772103174, 9.072274664796314, 115.27829219632696, 0.9795788680978417, 2.1338077772103174, 0.9795788680978417, 143.16656404822535, 5.764592364031287, 4.206377434160165, 33.0, 0.0
35, 0 ,1.0,1.0,1.0,163.798753894081,9.503404539385848,224.78255451713395,13.830385794000899,6.551443885170791,13.192742137207178,71.0,27.0,70.0,0.7992170971098895,-0.03966408191493042,0.5997322671768518,14.582635231778113,0.6009220429547577,0.07270370699649444,-0.7959942646024832,12.390817063000263,0.012030377314161341,-0.9965645646895205,-0.08194106679111111,6.485663844083389,74.66227821280819,57.38070374940409,29.13622557610725,18.993680303392797,6.891265618359512,44940.0,124824.66203463053, 0.0, 0.0,0.0,NaN, 155.88058969484388,155.88058969484388,0.0, 191.27957121090185, -0.5377438661725478, 28.447494949999022, -0.5377438661725478, 42.92141698054174, -10.508828011595995, 28.447494949999022, -10.508828011595995, 174.0484450988418, 6.344792817466037, 4.281871365873128, 17.0, 0.0
36, 0 ,1.0,1.0,1.0,104.09689826483486,229.57232768542664,157.07114031381576,12.174469079510764,11.028598597375815,11.948753235518673,60.0,53.0,58.0,-0.8349516495956871,0.544120465424556,0.08239333676703224,12.900491638610378,-0.17873783100879836,-0.12652342158079302,-0.9757277343387135,12.015604257904267,-0.5204887420528046,-0.8294122876456884,0.2028958513588565,10.090736250289083,60.23217296515231,57.90361302211343,53.7676274932858,19.543484289293897,5.538285845590268,68639.0,187523.2270843646, 0.0, 0.0,0.0,NaN, 190.3283483541042,190.3283483541042,0.0, 148.21769736796367, -28.386289885284665, 2.976905924806654, -28.386289885284665, 121.62998702203981, 8.149249317619368, 2.976905924806654, 8.149249317619368, 142.77270388331794, 5.905577057763624, 4.141754310896331, 23.0, 0.0
37, 0 ,1.0,1.0,1.0,51.975047833722115,20.371215893900875,166.37163525804,12.688545776313031,11.695381265608361,12.423427915814,64.0,51.0,59.0,0.5324451012351551,0.35649283909441976,-0.7677337232693932,13.015202235326882,-0.8097405069745289,0.4787694499115231,-0.339264093584998,12.689091690555784,-0.24662223244330195,-0.8023045989559182,-0.5435851404875454,11.032414100602423,73.66714564156848,62.96536585726811,61.204223621083884,20.40496177283269,5.979986044647403,76306.0,283894.4923280588, 0.0, 0.0,0.0,NaN, 144.82034352232398,144.82034352232398,0.0, 160.99919391759124, -6.184824324928664, -8.694957231000043, -6.184824324928664, 136.78194294794304, -19.433267899237656, -8.694957231000043, -19.433267899237656, 154.3415611794266, 5.452492112528715, 4.0444673000809415, 27.0, 0.0
38, 0 ,1.0,1.0,1.0,187.4872215079892,65.79131994970544,63.06587739994066,11.988727989236946,10.981487162339224,12.700358050412303,59.0,58.0,62.0,-0.555590500622028,-0.1334942609882477,0.8206695302628007,13.136969247302751,0.666319561322329,0.518897999558924,0.5355026687636263,11.905119861505908,0.49733031057616345,-0.844348357218126,0.1993449619259737,10.550351358310602,65.68985370279762,57.42326783294871,54.41904724769812,19.830181494814255,5.690839620647058,70783.0,205275.50645118536, 0.0, 0.0,0.0,NaN, 144.7927069880978,144.7927069880978,0.0, 143.72959879991333, 15.062737506103316, -17.081416638059395, 15.062737506103316, 120.59306029662118, 1.7409699373370062, -17.081416638059395, 1.7409699373370062, 161.2990946086726, 5.258912396301627, 3.923580910794579, 33.0, 0.0
39, 0 ,1.0,1.0,1.0,92.30527107018698,159.1546287969289,106.48216802459028,11.424521901411763,11.652767559779482,13.21521439558218,57.0,56.0,62.0,-0.19354850368512239,0.30578862793356476,0.9322190149035567,13.314524582277587,0.652795517853296,-0.6691816500048388,0.35504074578483025,12.618002382519254,-0.7323912810731004,-0.6772659996805607,0.07009833867356247,10.220471369851436,64.51022323509014,58.250789948955656,52.61183291653134,20.188979048198586,5.775267006008024,74501.0,197703.24436183338, 0.0, 0.0,0.0,NaN, 199.23888617408164,199.23888617408164,0.0, 130.51970067583704, -28.229281791231724, -0.44788589929340017, -28.229281791231724, 135.78699180224905, 7.7485057161209205, -0.44788589929340017, 7.7485057161209205, 174.64189152120247, 6.159557661920699, 4.281496571039774, 28.0, 0.0
40, 0 ,1.0,1.0,1.0,85.2546256399858,208.13253409033305,191.15145485882294,13.754020809477861,12.275324042682154,10.789514962661402,64.0,61.0,57.0,-0.9561492183445639,0.2913009078776116,-0.030371916777817743,13.889854430612589,-0.2843829539088804,-0.898606228950517,0.3341155201683846,12.304895665248596,0.07003576075933715,0.32810154885493864,0.9420426560691668,10.579782061726654,63.739888003011984,58.61536701456656,59.89308654266662,20.545770211407238,5.843083803091985,78908.0,223768.77240970987, 0.0, 2.8421709430404007E-14,0.0,73.06414446284742, 165.99996465369745,165.99996465369745,1.9073486328125E-6, 189.17308842755006, -12.470951930640386, -1.3989966926480346, -12.470951930640386, 150.68358035285053, -12.569611635240609, -1.3989966926480346, -12.569611635240609, 116.41363312949429, 5.6094686358766, 4.074243653267697, 20.0, 0.0
41, 0 ,1.0,1.0,1.0,288.6019880570929,77.18817360908827,284.93773667346346,7.604511007189594,12.087435005518936,8.15225135884989,34.0,63.0,34.0,0.1492831401165486,-0.9802985704657574,-0.12934162833262555,12.211940791186471,0.5475096292323501,0.1908741687791437,-0.8147393801644334,8.559034817842921,0.8233758254738821,0.050811066074852654,0.5652172021351967,6.928585713440412,63.37073401468599,46.72332753415398,35.73295812234102,15.522272892781473,5.427054369640816,27464.0,105801.41417001166, 0.0, 0.0,0.0,NaN, 79.46571963982538,79.46571963982538,0.0, 57.8285876584677, -12.160066788488756, -13.216851165976019, -12.160066788488756, 146.10608501264454, 8.895163736948058, -13.216851165976019, 8.895163736948058, 66.45920221786989, 6.916762672000104, 4.380060988377841, 9.0, 0.0
42, 0 ,1.0,1.0,1.0,120.959371166796,236.35822464765815,77.22514832152602,11.980248281959092,12.07131495266751,12.823841970046702,63.0,60.0,66.0,-0.07325557884691314,-0.08493134547047479,0.9936902368064094,12.836765110071976,-0.6446745859557372,0.7642499685269897,0.01779505069659708,12.280467634710192,-0.7609390898032528,-0.6393032552420415,-0.11073865380402176,11.751659144064876,66.55922968748001,59.34619431625019,60.368082519848116,20.507751339079455,5.755523561856695,79894.0,238456.15827895346, 1.4210854715202004E-14, 0.0,0.0,85.79900141849375, 156.98779753963797,156.98779753963797,0.0, 143.52634889738377, -6.095328845641756, -2.0879936985045173, -6.095328845641756, 145.71664468649422, -2.0789263894919268, -2.0879936985045173, -2.0789263894919268, 164.4509228727313, 6.297179357731486, 4.3194924315972285, 36.0, 0.0
43, 0 ,1.0,1.0,1.0,24.491239114468577,11.647221347882349,264.6839261357675,13.039755379130947,7.603201806416723,15.631334355470592,50.0,34.0,83.0,-0.08977494636745995,0.11844195511730982,0.9888943129944214,15.746996513488973,0.9898690841322199,0.1202715553823073,0.07545826160971907,13.070375871635752,-0.1099984330977487,0.9856501692963427,-0.12803940206877862,7.306154061304502,85.40592448217541,54.17250643721073,36.642679551182574,20.36729517600471,7.573361143020539,57186.0,169532.96304584117, 0.0, 0.0,0.0,NaN, 44.52756036066393,44.52756036066393,0.0, 170.03522034757447, 11.91428422857501, -8.501973437659101, 11.91428422857501, 57.80867770909852, 23.85738687551187, -8.501973437659101, 23.85738687551187, 244.33861373251526, 5.628802854271624, 4.170142012136846, 22.0, 0.0
44, 0 ,1.0,1.0,1.0,24.049823207971713,189.15558934797122,121.83361768414807,12.645304714850052,12.25479872676901,12.222311466906229,53.0,59.0,57.0,-0.6625228322258815,-0.4479444818894057,0.6003409347397767,13.662766761159633,0.6069432943606757,-0.7907279136597587,0.07980729283652493,12.024413449686964,0.43895709837067987,0.41724705835286235,0.7957521964065676,11.323029911655032,69.68222449378851,62.999325155623296,58.22212719323235,20.63046852134169,5.818289211532425,80886.0,255591.24439225593, 0.0, 0.0,0.0,NaN, 166.45812616732607,166.45812616732607,1.9073486328125E-6, 159.90373133140898, 9.490381214643783, -22.45872560476598, 9.490381214643783, 150.18009183361937, -16.7544702242044, -22.45872560476598, -16.7544702242044, 149.38489759406747, 6.078206473174881, 4.305224356735644, 22.0, 0.0
45, 0 ,1.0,1.0,1.0,216.9824506465208,135.89966206077688,205.9297373468509,12.742534872959375,12.538916027574597,11.671639614900405,69.0,59.0,61.0,0.6047696744522862,0.6573752367000697,0.44956805829196106,14.354461281136743,-0.7894105638533876,0.42018910922216557,0.44751768028510336,11.731590747749394,0.10528343905644798,-0.625538896204394,0.7730565870593409,10.58975926501317,67.75665785772719,59.54585702054803,53.46812384090779,20.491413111548024,5.993810985269464,76641.0,215724.0035104481, 2.8421709430404007E-14, 0.0,0.0,52.78773035538217, 184.95903861267004,184.95903861267004,0.0, 162.3721949885858, 28.879790783937104, 16.528065875073708, 28.879790783937104, 157.2244151465671, 32.54563067023239, 16.528065875073708, 32.54563067023239, 136.22717130011247, 5.619800803971374, 3.877189323362218, 30.0, 0.0
46, 0 ,1.0,1.0,1.0,125.48069335654192,91.9869306643458,212.96853785900782,12.670663392436996,10.579561133986887,12.297800505859954,61.0,53.0,65.0,0.723770732361267,0.1523942622410116,0.6730021662767909,13.5859068129755,-0.6407714976345886,0.5103506945951736,0.5735451650440015,11.816719550316495,0.2560621307346367,0.8463558101426624,-0.4670267956353212,9.974818144329857,64.22597454293134,58.60371871185146,53.348540889584925,19.77443263326083,5.716689243500688,68940.0,200797.55655699788, 0.0, 0.0,0.0,NaN, 178.2735965326459,178.2735965326459,0.0, 160.545710804443, -3.741628884330607, 26.691218797366624, -3.741628884330607, 111.92711378776592, 20.47465408487048, 26.691218797366624, 20.47465408487048, 151.23589728192934, 6.0779067632843, 4.210784153904097, 37.0, 0.0
47, 0 ,1.0,1.0,1.0,107.76182628509193,211.22586377380662,279.312807211132,12.226718073775466,12.283335956843773,11.520024644159262,62.0,60.0,47.0,-0.7348292528914816,-0.6206910682333179,-0.2734384152059271,12.663278482177933,-0.4889541780659846,0.7641818392892515,-0.4206541670449892,12.078679341083506,0.47005295536435454,-0.17541013173667844,-0.8650326611390793,11.261919389891204,64.28603850586978,66.67840733192506,58.76606549438475,19.936794656197602,5.967257638393476,69781.0,251900.1909400981, 0.0, 0.0,0.0,NaN, 141.14325493089942,141.14325493089942,0.0, 149.49263485558762, 8.168955101254861, 10.657784437726601, 8.168955101254861, 150.88034222869115, -0.4377718068622781, 10.657784437726601, -0.4377718068622781, 132.71096780203672, 5.150288407065026, 3.9636828626739558, 27.0, 0.0
48, 0 ,1.0,1.0,1.0,279.283105749801,233.55495683056762,46.362035392811215,11.293291340377554,12.425216444350623,14.222640538412696,49.0,63.0,69.0,0.2758723342968789,0.08295642463403216,0.9576077938182883,14.481452349089349,0.17157348307120224,-0.9845184634526563,0.03585993624696942,12.44377990433484,0.9457573658589222,0.15440734028134462,-0.2858345293886553,10.938364431030584,70.40399145412823,59.591729641865925,57.234136849036474,21.075737326707884,6.326233714311739,81655.0,240125.5707188843, 0.0, 0.0,0.0,NaN, 83.62757795683157,83.62757795683157,0.0, 127.53842929864663, -3.8846970430742647, 24.009623756345782, -3.8846970430742647, 154.38600368896113, 5.911987828972689, 24.009623756345782, 5.911987828972689, 202.2835038849002, 5.717172309383089, 4.067083265197819, 20.0, 0.0
49, 0 ,1.0,1.0,1.0,225.5647476980773,232.8237804707397,166.9558226749881,13.683088707475514,11.038293128570464,11.367011201936455,71.0,57.0,60.0,-0.9803972044951856,0.17035237513557816,0.09900196818090302,13.770370364848091,-0.16774424984116615,-0.4580646321321633,-0.8729482570203406,11.500929965574905,-0.10335950881873249,-0.8724430417369913,0.4776609161962669,10.788201211309202,71.59268389055444,57.426571491783875,56.00584889691308,20.07346489500576,5.944390847077755,71462.0,230258.09996563356, 0.0, 2.8421709430404007E-14,0.0,80.1916924832835, 166.59533119383468,166.59533119383468,0.0, 187.22691657664396, -11.011014696455643, -4.782319155875413, -11.011014696455643, 121.8439151922459, 7.587496500883219, -4.782319155875413, 7.587496500883219, 129.20894366494883, 5.417092284759797, 3.964286271803473, 35.0, 0.0
