// Sample: .//bubblelabels.tif, Map: .//bubblelabels.tif, Thickness:(8.191250068658265):/afs/psi.ch/project/tipl/test/LabelValidation/Step3500//distmap.tif, Neighbors:(1.0):
//LACUNA_NUMBER, TRIANGLES, SCALE_X, SCALE_Y, SCALE_Z, POS_X, POS_Y, POS_Z , STD_X, STD_Y, STD_Z,PROJ_X, PROJ_Y, PROJ_Z, PCA1_X, PCA1_Y, PCA1_Z, PCA1_S, PCA2_X, PCA2_Y, PCA2_Z, PCA2_S, PCA3_X, PCA3_Y, PCA3_Z, PCA3_S,PROJ_PCA1, PROJ_PCA2, PROJ_PCA3,OBJ_RADIUS, OBJ_RADIUS_STD, VOLUME, VOLUME_BOX, Mask_Grad_X,Mask_Grad_Y,Mask_Grad_Z,Mask_Angle, Mask_Distance_Mean,Mask_Distance_COV, Mask_Distance_STD, SHAPET_XX, SHAPET_XY, SHAPET_XZ, SHAPET_YX, SHAPET_YY, SHAPET_YZ, SHAPET_ZX, SHAPET_ZY, SHAPET_ZZ, Thickness, Thickness_STD, Neighbors, Neighbors_STD
1, 0 ,1.0,1.0,1.0,78.76602799393139,138.11215925219008,38.093623060735084,15.13270219062238,15.362897109503562,16.204482005642724,84.0,80.0,78.0,-0.07380832411360894,-0.45854081003883196,0.8856029905214147,16.515065085641673,0.8884803059684135,-0.43355716003918043,-0.15043581649672016,15.155663141839002,0.4529404786479289,0.7757374004827233,0.43940460659225333,15.005366380284805,87.38620936606219,81.32218521985509,76.42267012849587,25.974914556782426,7.273674039079459,163464.0,543092.9291361724, 0.0, 0.0,0.0,NaN, 163.49366904298302,163.49366904298302,0.0, 228.9986755900674, -0.13566508369265198, -3.7163674718532236, -0.13566508369265198, 236.0186075971929, -19.028449598668416, -3.7163674718532236, -19.028449598668416, 262.58523707119883, 7.119629978981371, 5.518722633535686, 47.0, 0.0
2, 0 ,1.0,1.0,1.0,58.18896485465961,261.59547109949284,13.210056527470563,14.314671116937896,18.493305015768115,8.246137625839761,78.0,79.0,34.0,-0.23279975446707463,-0.9725151688656916,0.004303562036860633,18.717049324267037,-0.9714665403781702,0.23275055155413552,0.04560637759036294,14.030610372272884,-0.04535455044137106,0.006436386981917353,-0.9989502178171243,8.229517756894621,83.12720239711123,73.6030018009627,36.17350776187762,23.463403300099223,8.02369185060722,89514.0,221324.4105065443, 0.0, 0.0,0.0,NaN, 70.96033444386849,70.96033444386849,0.0, 204.90980918609603, 34.7834819844057, -6.0043803892370535, 34.7834819844057, 342.0023304062341, 0.1879634126085009, -6.0043803892370535, 0.1879634126085009, 67.99878574429022, 7.664365961523127, 5.562755462018413, 23.0, 0.0
3, 0 ,1.0,1.0,1.0,75.73796959088772,15.41023041956215,257.66440252886775,16.268448060390963,9.20188861071963,15.762509112719654,74.0,37.0,80.0,-0.7992568892611365,0.12680643937301578,0.587459404471619,17.084551378363166,0.5819252176983118,-0.08095768112226023,0.8092026290578145,15.01969374059448,-0.15017145526159115,-0.9886182179187493,0.009085880462117252,8.962184664752023,86.13040078392206,93.35561334831311,39.87356019828661,23.241572765847888,7.590991054933055,95695.0,320613.5840807913, 0.0, 0.0,0.0,NaN, 88.12501377345693,88.12501377345693,NaN, 264.6624022936384, -28.285798340869384, -30.92732229049178, -28.285798340869384, 84.67475400409165, 6.24312189690395, -30.92732229049178, 6.24312189690395, 248.4566935285701, 6.8924647933484815, 5.238856523986991, 33.0, 0.0
4, 0 ,1.0,1.0,1.0,152.9728549656053,173.06217819335174,14.550428389010174,15.002384250409865,18.346203176286792,9.034744149516087,74.0,99.0,38.0,-0.4298497399582263,-0.9028899559625287,-0.004350687282344124,19.21776819036892,-0.899676184079291,0.42790292075511704,0.08649771216492266,13.898866837954872,-0.07623624373203929,0.041095228813375184,-0.9962425494378392,8.987780172645502,96.93988266028688,71.12917360727187,40.355734548560655,23.885217432514928,8.530984364727239,97108.0,278263.02970603714, 0.0, 0.0,1.7763568394002505E-15,89.75072319433106, 194.7868243703486,194.7868243703486,0.0, 225.07153319694598, 68.7149040420752, -8.207213316787172, 68.7149040420752, 336.5831709855956, 5.29360622592527, -8.207213316787172, 5.29360622592527, 81.62660184721514, 7.630515433076054, 5.60705828586056, 27.0, 0.0
5, 0 ,1.0,1.0,1.0,17.07978062470543,162.01591756287758,12.594284245254723,10.074992911896242,14.374065597419445,7.942149323204093,40.0,73.0,34.0,0.03963507806827714,0.9963027722118076,0.076222350197227,14.408627748872746,0.9966451071124249,-0.04488463844368602,0.06843902176859668,10.076773676060688,0.07160719974544769,0.07325404640596123,-0.9947392892762252,7.876995526316658,71.8733696836565,41.60358489297973,36.936476050977205,18.264936669590167,6.130992440185782,46678.0,110447.0753088198, 0.0, 0.0,0.0,NaN, 139.60638204556741,139.60638204556741,0.0, 101.50548217475954, 3.9812700414723072, 3.133636519788123, 3.9812700414723072, 206.61376179891724, 10.932697347910707, 3.133636519788123, 10.932697347910707, 63.07773587207124, 7.7684135098228815, 5.220681714318088, 14.0, 0.0
6, 0 ,1.0,1.0,1.0,275.238759170751,204.59940180827422,209.20576729885232,15.71247678599014,16.167495215926113,14.078795037444484,69.0,88.0,72.0,0.5888037203073336,0.6654519704943959,-0.4587851936553414,16.829501723179206,0.6790915438030759,-0.7151082090019931,-0.1656952761943342,15.824051488862617,0.43834330619663664,0.2139951503728238,0.872961179852526,13.14722648473727,107.24518164293482,90.27300464178262,71.97680465639007,25.278492119795736,8.214629277283358,131396.0,696832.2620600419, 0.0, 0.0,0.0,NaN, 134.00740977473347,134.00740977473347,0.0, 246.88192675027904, 5.589519973749764, -38.54434938430378, 5.589519973749764, 261.38790155699377, -24.51071590223643, -38.54434938430378, -24.51071590223643, 198.21246970637142, 6.076988041254161, 4.854726265317153, 38.0, 0.0
7, 0 ,1.0,1.0,1.0,189.23649353307536,113.91300110137526,234.25433971091337,13.377382892534747,12.984480932014048,13.553747498049356,66.0,64.0,67.0,0.5712037749155578,-0.31894496375369996,0.7563070524716591,14.064962210486327,-0.762848746766096,-0.5463830710358973,0.34572724689092477,13.075847813665911,0.30296540574728004,-0.7744285956636244,-0.5554028386125278,12.745753463002371,67.86492671932885,71.07016374736013,62.83680146375539,22.206290257916322,6.175424062311133,102599.0,303072.6671211988, 0.0, 0.0,0.0,NaN, 171.95120828775342,171.95120828775342,0.0, 178.9543730534813, -2.890915688493746, 13.031586090063225, -2.890915688493746, 168.5967450738364, -10.141802198270756, 13.031586090063225, -10.141802198270756, 183.7040712408792, 6.424069062786995, 4.827890385060327, 34.0, 0.0
8, 0 ,1.0,1.0,1.0,118.17862296952612,182.88901194791248,112.94931366626393,14.636715473572997,14.8485761676675,15.05925524870412,83.0,80.0,76.0,0.5278545570369422,0.6150029940637456,0.5857822837095389,15.937509096786853,-0.40195004168779247,-0.42668473206136887,0.8101705397093257,14.579881079703078,-0.748201664394377,0.6631074247196661,-0.021972998865359555,13.96129271230031,93.25597978995674,77.59963687677447,75.43924714351246,24.483970782714827,7.875912481619291,119184.0,545925.9317517114, 1.4210854715202004E-14, 0.0,0.0,58.13938982379193, 201.09380375135797,201.09380375135797,0.0, 214.23343985433118, 22.20935548933477, 12.520615698070273, 22.20935548933477, 220.4802142070233, 15.183183323075127, 12.520615698070273, 15.183183323075127, 226.78116864562259, 5.639329129779492, 4.544652149132213, 50.0, 0.0
9, 0 ,1.0,1.0,1.0,260.06266923579693,140.29653931363478,124.81189892113505,15.939891760462665,13.634167725908583,13.347855551256526,79.0,69.0,65.0,-0.9783236531089213,-0.14659965299334643,0.1462578938377195,16.040071947873933,0.17806521542150075,-0.956095252479734,0.2327544784587582,13.598272449541268,0.10571475216122718,0.25375265501654265,0.9614748989170473,13.264200127627642,83.72906758926572,66.65574520330367,64.2025871050538,23.794600741567706,7.207836171831706,117809.0,358316.1406746779, 0.0, 0.0,0.0,NaN, 191.97947662250584,191.97947662250584,2.6973983046972182E-6, 254.08014933526553, 10.138840413274313, -11.267511393312443, 10.138840413274313, 185.89052957820724, -3.7411801204478485, -11.267511393312443, -3.7411801204478485, 178.16524781720966, 5.7630392020259835, 4.564619423944419, 38.0, 0.0
10, 0 ,1.0,1.0,1.0,22.276804442935052,130.97404958347485,191.1279041892243,12.932518969609745,14.008595623817666,13.177883113034193,53.0,67.0,60.0,0.22538190329077384,0.878222809944294,0.4218147623810444,14.242470007001616,0.6012620630475645,-0.466051466316923,0.6490608309578034,13.218314019637281,-0.7666074153103504,-0.10733464882038395,0.6330816250324992,12.632324575060247,72.69308453306175,79.31480410289244,66.07685909543974,22.263647790898283,6.440294141927142,100114.0,380975.2338215551, 0.0, 0.0,0.0,NaN, 171.76609364689534,171.76609364689534,0.0, 167.2500468993159, 4.320316218937874, 10.025546068564104, 4.320316218937874, 196.24075135164347, 11.447852399101029, 10.025546068564104, 11.447852399101029, 173.65660334079175, 6.363333873561643, 4.648600855850209, 30.0, 0.0
11, 0 ,1.0,1.0,1.0,47.03452024505965,248.75749228430604,212.92138744299598,13.30010965319326,14.150733814442006,13.591420951098351,61.0,69.0,74.0,-0.21794694031071346,0.6872445858990186,0.6929603238004941,14.919985474910314,-0.735134150620854,-0.5826189215217301,0.3466020381876194,14.374358447762049,-0.6419321707159991,0.43387794532257956,-0.632196976236444,11.516716562798152,76.1036874084075,71.91423027664258,61.994364941963696,22.80324595893012,6.471080395167698,108545.0,339291.3219499409, 0.0, 0.0,0.0,NaN, 111.44830845072839,111.44830845072839,1.9073486328125E-6, 176.89291678696455, 18.21289489530335, -32.44014407617872, 18.21289489530335, 200.2432674871924, 27.906487462913756, -32.44014407617872, 27.906487462913756, 184.7267234699552, 6.978528559402855, 4.947469321458131, 39.0, 0.0
12, 0 ,1.0,1.0,1.0,261.01799254106686,280.97139793313534,23.35141444527743,17.186941194071863,10.989943525849,14.124764100321388,81.0,48.0,62.0,-0.993048390533005,-0.10292487799407453,-0.05710834921194544,17.255497297193905,0.04130876288663843,0.14957510644217836,-0.9878870753489928,14.175365529140647,-0.11022014411433209,0.9833787454601184,0.1442836193360147,10.815987811630865,84.34714368975227,65.26890207239568,53.00369882789886,23.59931775930882,7.664918035748554,105377.0,291798.37241885794, 0.0, 0.0,0.0,NaN, 49.2643193268974,49.2643193268974,0.0, 295.39094760848434, 18.99478282280581, 6.825433616555352, 18.99478282280581, 120.77885870135034, -11.343004990291387, 6.825433616555352, -11.343004990291387, 199.50896088972783, 6.199953632961343, 4.666773851226922, 24.0, 0.0
13, 0 ,1.0,1.0,1.0,135.35278669679312,21.54287073373766,249.1894002457684,14.764008932173011,12.53300693945951,13.030405036294583,65.0,53.0,64.0,-0.9520590815963683,-0.30435061291074467,0.030890282788180623,14.989796510426634,0.15855943282936147,-0.4045882061863562,0.9006482607964872,13.25010114252518,-0.2616150060885479,0.8623683017341022,0.43344953657090074,12.024329436295822,71.0680222965867,65.58500742244988,59.50291265011549,22.409677678911255,6.530698617377774,100908.0,277342.88365709805, 0.0, 0.0,0.0,NaN, 146.1717797436387,146.1717797436387,0.0, 217.97595974928444, 21.225059903572177, 2.068265555267099, 21.225059903572177, 157.07626294454022, -12.042249826209938, 2.068265555267099, -12.042249826209938, 169.79145540989123, 6.828969248178473, 4.709165611364379, 26.0, 0.0
14, 0 ,1.0,1.0,1.0,144.9003523573806,151.5517867811117,58.47517038734927,11.98343476981013,12.032010237690002,13.214654775985768,55.0,60.0,63.0,0.12149521319676379,-0.2670985438599724,0.9559797492824601,13.352692670159623,0.7316070992933636,0.6749886516254788,0.09561052473638983,12.27986779279549,-0.6708129138842087,0.6877853502690355,0.2774190810335093,11.571928341395155,67.39706982333367,62.721170000328556,64.74336994033162,20.708879043807034,5.8430650210019675,82019.0,273684.6672946762, 0.0, 0.0,0.0,NaN, 215.52802526122468,215.52802526122468,0.0, 143.60270888229437, 6.89822789063549, 6.336307045633357, 6.89822789063549, 144.76927035987703, -10.243538524247658, 6.336307045633357, -10.243538524247658, 174.62710084848348, 5.77259279083442, 4.5016676915591365, 28.0, 0.0
15, 0 ,1.0,1.0,1.0,29.575608878420596,11.258076124114693,72.34466853133127,15.732481667117826,7.203300112278268,13.417517949697695,72.0,30.0,59.0,-0.9984818280753156,-0.01283105122566356,-0.05356680994627588,15.739375509530728,0.05421139753720443,-0.056683434502676266,-0.9969193109926419,13.426058041860223,0.009755171984092658,-0.9983097477123151,0.05729296852263427,7.172260722449452,73.33699548997217,60.68861927145102,30.876973163097613,20.735566499164413,7.033106127667255,61137.0,137424.79280559954, -3.552713678800501E-15, 0.0,0.0,3.1575705870362056, 78.96335848641358,78.96335848641358,0.0, 247.51097940619846, 2.118897608915708, 3.5366107220492142, 2.118897608915708, 51.88753250754811, 7.41424701756177, 3.5366107220492142, 7.41424701756177, 180.02978793045983, 6.179173993207265, 4.493344994941716, 23.0, 0.0
16, 0 ,1.0,1.0,1.0,217.805533045625,28.547726287620375,269.2018920905339,12.513498578521611,13.553919041779478,14.767234027988891,61.0,62.0,63.0,-0.19959174596701856,-0.380289306747823,0.9030742926886456,15.117914748708166,0.018532991600023613,-0.9229182469985717,-0.3845496555445561,13.27487935165527,-0.9797038650348332,0.06001626888055775,-0.19125476283080128,12.393296605542705,71.27659008797636,63.13744471142179,59.32552523625898,22.71589147492553,6.508136707427665,106126.0,266978.01994156046, 0.0, -3.552713678800501E-15,0.0,67.64839586850854, 92.3007395685964,92.3007395685964,NaN, 156.58764667466238, 5.302423299887849, -13.67208178048285, 5.302423299887849, 183.70872139111233, -17.71155591880032, -13.67208178048285, -17.71155591880032, 218.07120083739304, 6.195601599652417, 4.645786096189171, 29.0, 0.0
17, 0 ,1.0,1.0,1.0,161.39297842710903,257.2649703158975,280.71516698834625,14.516910281700358,12.862827872480771,11.118589974983383,68.0,62.0,47.0,-0.935264435735328,0.3538843741724269,-0.006803305466358032,14.770849560456968,0.3202755605728782,0.837946022367723,-0.4418936850621872,13.001622430904915,-0.15067846743449229,-0.41546638048667733,-0.8970416301024671,10.611120839117094,70.7281640214897,74.526741963116,56.771015595316044,21.386024039757032,6.51567677273174,81862.0,299247.95011452737, 0.0, 0.0,0.0,NaN, 146.32188481459755,146.32188481459755,0.0, 210.74068412693757, -19.79639020623026, -7.316910434818352, -19.79639020623026, 165.45234087706822, -21.155306334370167, -7.316910434818352, -21.155306334370167, 123.623043031801, 6.475935151097841, 4.871114553675458, 26.0, 0.0
18, 0 ,1.0,1.0,1.0,39.88655158106009,83.90105468335376,37.95865216678085,12.515778424479981,12.571155888266079,15.89169843624044,63.0,64.0,76.0,0.09280802943600316,-0.06474652874685237,0.9935766486222583,15.934584105156201,0.6720591816240699,0.740354863183453,-0.014530414839099325,12.89604081440815,-0.7346585098309223,0.6690908485219653,0.11222437505802693,12.124599368020162,76.97950671153058,70.15642525913557,68.82186446938816,22.809112527049702,6.8534031586205435,103633.0,371679.8436322001, 0.0, 0.0,0.0,NaN, 100.35528510410572,100.35528510410572,0.0, 156.6447095706786, 8.961534452463907, 9.669428401424614, 8.961534452463907, 158.03396036708688, -7.084914850306685, 9.669428401424614, -7.084914850306685, 252.5460791884068, 5.855193481684817, 4.427522834877665, 35.0, 0.0
19, 0 ,1.0,1.0,1.0,188.37008293996854,281.18698829239673,59.83226658132651,13.914008440346931,10.856707955190256,11.985429478854583,68.0,49.0,61.0,-0.9695887262733808,-0.043244097344617725,0.24088928977522658,14.038137472293393,0.2377132629919932,0.06775903918645725,0.9689691002329374,11.850493735112721,0.05822462091987755,-0.99676409478541,0.055418705013372684,10.845033556332584,72.73320191753592,62.280353417780404,51.48610221592139,20.448387348398704,6.081259174299079,74994.0,233224.2954419461, 0.0, 0.0,-7.105427357601002E-15,76.06096710314418, 128.04322675018324,128.04322675018324,0.0, 193.59963087804564, 3.6990069463266373, -13.30152714481345, 3.6990069463266373, 117.8681076242914, 0.6705619880263539, -13.30152714481345, 0.6705619880263539, 143.6505197925964, 6.2251905720541565, 4.7148950573264985, 32.0, 0.0
20, 0 ,1.0,1.0,1.0,282.1344816251397,102.79218986259943,166.27436723423838,10.964403243128567,14.293615455228114,12.603828090359572,44.0,70.0,59.0,-0.3386257601992291,0.8640778854453116,0.3724271773298137,15.141455678779087,0.028934457153727895,-0.38606133613023724,0.9220192199377162,12.168132195730252,-0.9404761515948785,-0.32299543747504283,-0.10572868887673059,10.298298043172123,79.3077774588345,66.58069774512492,53.91386965240804,20.94224894608251,6.693599395803615,76055.0,284685.0267716229, 0.0, 0.0,0.0,NaN, 169.6111903800999,169.6111903800999,0.0, 120.21813847792822, -36.52001206909162, -14.417569233735591, -36.52001206909162, 204.307442781936, 24.696145869924898, -14.417569233735591, 24.696145869924898, 158.856482531337, 6.1106909446780255, 4.537842804787623, 26.0, 0.0
21, 0 ,1.0,1.0,1.0,275.2235350280463,207.3015634323905,9.776918486692923,14.259909521448838,11.517938030291182,6.1557752692255105,62.0,51.0,23.0,-0.9971292954064046,0.06628367310922136,-0.03660113278953931,14.278216665239851,0.06739458826441856,0.9972752586256323,-0.03000046676049589,11.508630802196189,-0.034512863036802156,0.03238106255711885,0.998879536817466,6.130695809934771,63.89957412943272,52.05664013310073,24.805946943593785,18.323902038982336,6.175443244053844,41895.0,82514.430846967, 0.0, 0.0,0.0,NaN, 96.44926901579404,96.44926901579404,0.0, 203.34501955990726, -4.6143010274337435, 5.876838724719404, -4.6143010274337435, 132.66289646962792, -3.241594179755979, 5.876838724719404, -3.241594179755979, 37.89356916520841, 6.743918957798048, 4.771401185545029, 13.0, 0.0
22, 0 ,1.0,1.0,1.0,51.96870459371856,186.8702459940864,45.67502565613664,13.87679820478459,12.111462081688835,14.657481314760652,71.0,61.0,78.0,-0.21183789281658744,0.25502525993616976,0.9434441286909983,14.962355815242118,0.9339428089459154,0.33718642712549335,0.11855860567903849,14.01964855969048,0.28788111571487524,-0.9062380648355228,0.30960786982556676,11.561667846202637,76.03870313705359,72.47773252133062,64.66539233110495,22.52298975355545,6.8417638972927,98417.0,356378.27056760044, 0.0, 0.0,0.0,NaN, 132.6095602408682,132.6095602408682,0.0, 192.56552841631284, 14.928247738315479, -11.064774591575611, 14.928247738315479, 146.68751375618643, 24.2159390921167, -11.064774591575611, 24.2159390921167, 214.84175849255766, 5.560598003525376, 4.27612598688578, 36.0, 0.0
23, 0 ,1.0,1.0,1.0,90.12048179602365,267.9730683892405,38.51206129564657,11.410693270917115,14.173513216734662,13.701591404847157,60.0,60.0,67.0,-0.1602174383614237,-0.7423639283365345,0.6505583527629569,15.230430074481877,0.3228778386619446,-0.6622306183887943,-0.6761660368351744,12.793274287871828,-0.9327809355609145,-0.10171728453485067,-0.3457937539646452,11.099195357992501,76.56795454905179,64.49109724003247,54.5778879102417,21.84545590674279,6.449965975093422,91491.0,269502.95814058377, 0.0, 0.0,0.0,NaN, 103.10482264563252,103.10482264563252,0.0, 130.20392092295313, 4.283020921679734, -20.17420786374528, 4.283020921679734, 200.88847690495217, -34.408316457001696, -20.17420786374528, -34.408316457001696, 187.7336070253815, 5.910047168405154, 4.281311265426807, 31.0, 0.0
24, 0 ,1.0,1.0,1.0,69.44910872079069,60.64447014160103,160.86611175354003,12.763188127579065,13.800676763787767,12.680400187798982,59.0,68.0,62.0,-0.557933827691935,0.8214795121548879,-0.11781873801222591,14.45322557543965,-0.4148998673834934,-0.399066490170211,-0.8176821121122738,13.177996575107226,-0.7187266128105916,-0.40732953186946397,0.5634844350155714,11.47148098430097,74.33704230822582,71.84180783354344,62.18103472809253,21.75296035479691,6.39991523724215,91666.0,332078.2828467992, 0.0, 0.0,0.0,NaN, 166.91066268949433,166.91066268949433,0.0, 162.8989711799752, -28.464627525903165, 19.352092502457435, -28.464627525903165, 190.4586791385516, 6.2445026732688795, 19.352092502457435, 6.2445026732688795, 160.79254892273246, 6.093800853632009, 4.41178944633884, 37.0, 0.0
25, 0 ,1.0,1.0,1.0,123.38859748321744,168.64318712254277,271.65086258752194,12.2985481999408,11.902730241838173,13.745210392306108,64.0,61.0,63.0,-0.3779668210394451,-0.006952415937170702,0.925793036323979,14.01962449791669,-0.6830301731717827,0.6771406077346644,-0.2737706702582546,12.430108643158038,-0.6249886916819059,-0.7358208078529483,-0.2606853927637171,11.436896948984808,72.43441210241846,65.0113302527618,63.44553661195317,21.04417923163481,6.245206500335599,83122.0,298768.67919004936, 0.0, 0.0,0.0,NaN, 182.43637759567125,182.43637759567125,0.0, 151.2542878262671, -10.79096493401572, -18.573536638188994, -10.79096493401572, 141.674987209969, -4.817642339172409, -18.573536638188994, -4.817642339172409, 188.9308087287598, 5.608710442729274, 4.24368760509037, 29.0, 0.0
26, 0 ,1.0,1.0,1.0,274.48404461116627,206.6973102090938,286.7722340908709,15.89835082982979,13.77912451411341,7.777448492798413,67.0,68.0,34.0,0.990505904591764,-0.01924378937773571,-0.13611660273176224,16.015624913089184,-0.01580048192937021,-0.9995283701092307,0.02633214988534429,13.78099823897221,0.13655913641954054,0.023931442020278356,0.9903428135464907,7.529567233420849,70.12165934726713,68.12067709272964,38.510304455795506,21.118986471751857,7.556384515617488,59447.0,183953.51582742453, 0.0, 0.0,0.0,NaN, 97.62904123553473,97.62904123553473,0.0, 252.75755910834954, -1.7045452464660744, -26.99411300763443, -1.7045452464660744, 189.86427237544112, -2.982983494017749, -26.99411300763443, -2.982983494017749, 60.48870505813232, 5.187909805444014, 4.1563648952282035, 12.0, 0.0
27, 0 ,1.0,1.0,1.0,12.389778141751043,248.9401057176891,80.38579511614056,7.607159885081144,11.878217143752549,13.677224457417417,30.0,53.0,58.0,-0.04570898894271083,0.15152484444438674,0.9873960248279002,13.726459414315364,0.027721881930115547,-0.9878560541843645,0.15287875416012192,11.835527800770693,-0.9985700704467805,-0.03436040930202459,-0.040953347610536664,7.584984279102962,57.98340002939136,51.934664151902126,31.85313191283447,18.786233958559244,5.753677653827875,53728.0,95920.87804086652, 0.0, 2.8421709430404007E-14,0.0,81.28469613042242, 96.0338245774722,96.0338245774722,0.0, 57.86888151718776, -3.167095256474178, -5.557313157426626, -3.167095256474178, 141.09204251413695, 7.1156285118326315, -5.557313157426626, 7.1156285118326315, 187.06646885857714, 7.865362556178639, 5.0706966667352456, 25.0, 0.0
28, 0 ,1.0,1.0,1.0,62.85683891410152,39.09409841753947,31.178271072840666,12.445579772648646,14.43442382504097,15.561240526185511,64.0,73.0,68.0,-0.39689743555050233,0.19714248389979894,0.8964414463283437,16.179766651543986,0.13582699850212582,-0.9532935195279293,0.2697823050238041,14.505072480229963,-0.9077573751456597,-0.22883685600853484,-0.35158248136218495,11.541892271067612,77.2805839015029,77.68763946021386,62.4018026962941,23.528709184986518,7.197020066692355,109513.0,374644.5820303975, -7.105427357601002E-15, 0.0,3.552713678800501E-15,43.38224890089752, 80.32070291304167,80.32070291304167,0.0, 154.89245587736113, -20.053708007348778, -42.91622059590873, -20.053708007348778, 208.35259116091038, 2.871913988242392, -42.91622059590873, 2.871913988242392, 242.1522067137983, 5.788061358525474, 4.107200667383656, 29.0, 0.0
29, 0 ,1.0,1.0,1.0,133.4535383519354,141.01018760389456,174.34298266445026,13.03375829629269,12.342643015453797,13.04820019814034,63.0,63.0,63.0,-0.4827470120576973,0.5160347119007724,0.7075757899072386,14.03543126273387,-0.8749020180885917,-0.24842382155447998,-0.4157307585791283,12.715918367807133,-0.03875282046348387,-0.8197522680650274,0.5714056684251303,11.566646431710295,79.1087399362215,65.49420416244811,67.22607116882979,21.256125623142214,6.375919058228307,84220.0,348309.29740926705, 0.0, 0.0,0.0,NaN, 231.26479609400928,231.26479609400928,0.0, 169.87885532617852, -9.679970742174769, -11.439383861719524, -9.679970742174769, 152.3408366069304, 25.960837341177204, -11.439383861719524, 25.960837341177204, 170.25552841074958, 5.125267023888132, 4.022054372946249, 31.0, 0.0
30, 0 ,1.0,1.0,1.0,239.061037248654,92.24943412811778,180.28708933084278,13.390135363919798,12.963577909800913,14.31714377091477,68.0,72.0,72.0,-0.14787674771470766,0.46508084001800826,0.8728300405768955,14.641495414173525,-0.8060476895070405,0.45470831198665684,-0.37885019895811967,14.071251792454374,0.5730790431743971,0.7595657728323398,-0.3076365501950775,11.83034944854558,78.3423651070205,80.70657836864231,61.688181106877664,22.32916018710618,7.330708586714408,91010.0,390038.59109684953, 0.0, -1.4210854715202004E-14,0.0,62.28454599880545, 162.95611758706542,162.95611758706542,0.0, 179.2957250640956, -26.391655934311782, 8.119659584298727, -26.391655934311782, 168.0543522234782, 20.209414186355858, 8.119659584298727, 20.209414186355858, 204.9806057570436, 5.31349584043563, 4.1691119261703475, 42.0, 0.0
31, 0 ,1.0,1.0,1.0,273.6444268419306,63.70687532781709,238.5342588925402,14.798816965484999,12.692943354286722,12.129177197708382,64.0,62.0,58.0,0.9529335201661279,-0.10621390938708591,0.28396533520221107,15.055014127817703,0.12275884078580246,0.9915866192445539,-0.04106389587072905,12.6679029016212,-0.27721466980071263,0.07399041821660447,0.9579548240180297,11.836533265816202,74.43377576299338,66.9519384396946,60.81926686998479,22.007433790033947,6.550236029623037,93421.0,303091.93898985285, 0.0, -7.105427357601002E-15,0.0,83.90289042598549, 92.36460106779896,92.36460106779896,0.0, 219.00498357792662, -6.280301167409564, 23.317723123199308, -6.280301167409564, 161.11081099513146, -3.4399637606820206, 23.317723123199308, -3.4399637606820206, 147.11693949340895, 5.455810620660958, 4.16630683984773, 30.0, 0.0
32, 0 ,1.0,1.0,1.0,129.78523060895918,276.56460128800074,58.174602235060135,13.669644905669461,12.438575985203313,12.409199423028674,67.0,55.0,63.0,-0.8814122421493575,-0.004817370958936367,0.4723232498260978,14.139830089743084,-0.2854747642100394,0.8020921803611737,-0.5245496098584781,13.110513312521084,-0.3763198352312365,-0.5971808161189567,-0.7083491049412234,11.124083801494416,72.6803423396164,66.50301804149677,67.49425938582587,21.31334371920299,6.42705019541609,84472.0,326230.94591532886, 0.0, 0.0,-7.105427357601002E-15,61.81479030833303, 144.1447478828783,144.1447478828783,0.0, 186.85919184709505, -10.699521775654523, -24.509782723879376, -10.699521775654523, 154.71817253967657, -20.42777848750742, -24.509782723879376, -20.42777848750742, 153.9882303204952, 6.009169039503904, 4.297483306434335, 25.0, 0.0
33, 0 ,1.0,1.0,1.0,35.836364569171174,174.79264038170484,208.34318805633225,11.281423087403633,13.078790071138007,12.57100517317601,58.0,71.0,65.0,-0.12793296025965992,-0.9507357278531957,0.28237339368760483,13.166319643733132,-0.10543759835489898,-0.27006162877130874,-0.9570525740619158,12.523839746363972,-0.9861622942154862,0.15221134139361178,0.0656935081937789,11.231958543030734,73.70788115960715,65.75143806142083,54.53370548177737,20.51817769801787,5.946411659016222,77966.0,264292.1056767325, 0.0, 0.0,2.8421709430404007E-14,73.59809253755553, 159.2548244286386,159.2548244286386,0.0, 127.27050687700371, 6.61423576930701, 1.3919579460621598, 6.61423576930701, 171.05474972489813, -4.737958580577231, 1.3919579460621598, -4.737958580577231, 158.030171064018, 5.886397453343826, 4.264728971506064, 40.0, 0.0
34, 0 ,1.0,1.0,1.0,198.88002681901355,175.26391585534495,191.6520093307818,12.820602451534866,10.586351635068999,12.471252584631364,67.0,50.0,59.0,0.7755618700249443,0.1838432526501077,0.6039084733785748,13.616971970958671,-0.5660580217104715,-0.22093044625179006,0.7942090744736001,11.772488786304901,-0.2794317480542241,0.9578055107243924,0.06727928214054534,10.390255594053285,70.86665580646314,63.35195495345448,50.93781458456729,19.962062134160536,5.786787065654588,71591.0,228687.4165202282, 0.0, 0.0,-2.8421709430404007E-14,52.84966270982307, 193.71016170021355,193.71016170021355,0.0, 164.3678472203018, 14.876112546012166, 22.50981419650622, 14.876112546012166, 112.07084094132806, 3.2252508793591805, 22.50981419650622, 3.2252508793591805, 155.53214102967445, 5.689923998035406, 4.210411893217473, 32.0, 0.0
35, 0 ,1.0,1.0,1.0,158.3066461792496,9.684157416750757,221.76706265480232,17.434112559938743,6.552393778715294,10.552522234786707,79.0,27.0,52.0,0.9891234338363992,0.04710341245523471,0.13934167061852937,17.564041904392123,0.13619006701791428,0.06456307206321647,-0.9885766916994434,10.376561506836754,0.05556166197430339,-0.9968013233643064,-0.057445830639144706,6.486083084205744,79.09852232212774,52.87582301400221,29.557064710930838,19.844715977913822,8.026525914463575,43604.0,123619.45169231105, 0.0, 0.0,0.0,NaN, 162.1455577791214,162.1455577791214,0.0, 303.9482807526138, 12.989935124773595, 27.88798287410873, 12.989935124773595, 42.933864231346895, -2.438515115999987, 27.88798287410873, -2.438515115999987, 111.35572551566784, 6.843856768575805, 4.26720134056507, 16.0, 0.0
36, 0 ,1.0,1.0,1.0,103.26633020363984,227.42023057366526,154.99797367029979,12.222384338402131,12.418583202888863,13.558059841141676,58.0,77.0,72.0,-0.47214664829693964,0.4654568375978869,0.7486170415074321,13.729656253393284,0.4850690203989079,-0.5719211087964361,0.6615242178199517,13.345648417440463,-0.7360608588637287,-0.6754673771888834,-0.04425194235692615,10.991773370134466,72.29714895112636,78.02869341290439,61.53399064820229,21.065944206030274,6.607183140113646,79454.0,347128.75212780945, -1.4210854715202004E-14, 0.0,-2.8421709430404007E-14,71.94060710716377, 192.24293361116335,192.24293361116335,0.0, 149.3866789156177, -30.767280428541458, -5.540905691811669, -30.767280428541458, 154.2212087670734, 1.9105099443999631, -5.540905691811669, 1.9105099443999631, 183.82098665597863, 5.41417741393222, 4.08077258029896, 28.0, 0.0
37, 0 ,1.0,1.0,1.0,51.57233190854196,20.455743266164596,164.3528733292625,12.138341465522858,11.229669665127096,12.82640123661827,56.0,43.0,61.0,-0.5053537671274203,-0.08736595398381855,0.858478165205512,13.25917438842721,-0.7510446931315651,0.5344166897960236,-0.3877249935023187,11.987270390138997,-0.42491109537059385,-0.8406937562227744,-0.33568522350410984,10.883980252426168,67.04282470752173,60.50461605591187,59.389670784266016,20.10861857598958,5.796968342987378,73695.0,240908.28243849793, 0.0, 0.0,0.0,NaN, 146.55471955922525,146.55471955922525,0.0, 147.33933353363162, -7.5962323017883415, -17.530137611529, -7.5962323017883415, 126.10548078787572, -9.529528511250525, -17.530137611529, -9.529528511250525, 164.5165686827227, 5.554503133538556, 4.067125320469269, 22.0, 0.0
38, 0 ,1.0,1.0,1.0,186.13757046600526,65.38694947271348,61.74404664514881,11.998859977405552,10.668454706744182,12.222518047242584,59.0,52.0,59.0,-0.649868559974614,-0.10333796212327433,0.752988791643494,12.730268500174171,-0.7148754918583982,-0.25334536607722186,-0.6517431676875568,11.541442047054062,-0.2581160318475659,0.9618406266484106,-0.09076741172832549,10.578936307132826,64.33727146787844,62.175955666437346,50.37478779707568,19.413265333542157,5.5048744846649456,67231.0,201510.80481546212, 0.0, 0.0,-7.105427357601002E-15,41.150056219519165, 145.09456680678784,145.09456680678784,0.0, 143.97264075738477, 7.223618633173275, -14.618757528833168, 7.223618633173275, 113.8159258298521, -0.38647905688668915, -14.618757528833168, -0.38647905688668915, 149.38994741517067, 5.339944282107042, 3.9609991044771187, 31.0, 0.0
39, 0 ,1.0,1.0,1.0,90.36618154908732,153.87846218901967,105.74622947353583,10.962810621935429,11.54087810810595,12.412698835458842,53.0,66.0,61.0,-0.5086020981598223,0.6661654427721381,0.5454791550587679,13.837244854163632,0.47586022270192624,-0.3105012406795002,0.8228888308797024,11.856808596782816,-0.7175520567857774,-0.6780948181432241,0.15908005346305532,8.683140063569175,76.55242546045152,58.31850099174875,47.96850631448055,19.190285419300135,6.259642333566059,56756.0,214151.6884819895, 0.0, 0.0,0.0,NaN, 201.74195306846335,201.74195306846335,0.0, 120.18321673242026, -48.95857847054726, -6.676261314195686, -48.95857847054726, 133.19186750615918, 25.522526092544258, -6.676261314195686, 25.522526092544258, 154.0750923798013, 6.845487798964849, 4.521846851835639, 25.0, 0.0
40, 0 ,1.0,1.0,1.0,81.32727223456723,207.16087203945585,189.6181236789334,13.340736341914381,12.439405441488088,10.265697649584077,67.0,63.0,49.0,-0.9415753572172804,-0.3354998591729573,-0.029592079617294233,13.473035459630509,0.33175450059647404,-0.9390312850213779,0.0903282740069958,12.314198913013588,-0.05809301175816611,0.0752335712699109,0.9954723058623179,10.243848044028592,66.2448830901003,64.30521760198053,49.08954649862207,20.12319684975939,5.758085676745705,73804.0,209116.14786347726, 0.0, 0.0,0.0,NaN, 165.5819661368621,165.5819661368621,0.0, 177.97524614447508, 9.644169648785768, 3.533478411184236, 9.644169648785768, 154.73880773772345, -3.201045775838549, 3.533478411184236, -3.201045775838549, 105.38454823267604, 5.744023020101378, 4.158276542442028, 24.0, 0.0
41, 0 ,1.0,1.0,1.0,285.3911632551173,77.3045931103345,282.7886170743884,10.505313863268102,11.891865252470634,10.355847857967326,45.0,60.0,46.0,0.6058548863312755,-0.6533378946089572,-0.45397076136735065,12.586943852402149,-0.3726539169906491,-0.7371996635437285,0.5636184118910058,11.490539766954448,-0.7029003591264151,-0.17229698644766892,-0.6901049439041922,8.2799760704106,68.60161047608815,66.60215916889243,46.7748932807919,17.895596039170712,6.226500285783056,40060.0,213715.20680578513, 0.0, 0.0,0.0,NaN, 80.53353294873536,80.53353294873536,0.0, 110.36161936577298, -18.1365694967284, -38.05058985410983, -18.1365694967284, 141.41645918291846, 0.2824337108914448, -38.05058985410983, 0.2824337108914448, 107.24358485736647, 5.5718801918435386, 4.306823951081171, 14.0, 0.0
42, 0 ,1.0,1.0,1.0,120.4122467666247,234.3407233604212,74.36007782991874,11.484986141581134,12.68303421230709,14.093382843901015,57.0,63.0,72.0,-0.1460055807090479,0.10366772729351509,0.9838370661443956,14.150192306406524,-0.28190327300978724,0.9489030347440602,-0.14182233716831003,12.793867019981377,-0.948268377131803,-0.2980537417502248,-0.1093208669948564,11.290559235678842,70.27559227251336,66.59963441253726,56.76922284766212,21.311235212196703,6.1007341540225095,87370.0,265698.6260062815, 0.0, 2.8421709430404007E-14,0.0,84.04958593886691, 156.0117654380298,156.0117654380298,0.0, 131.9049066723107, -10.786313082243748, -9.002864636351386, -10.786313082243748, 160.85935683055212, 2.5475660190126805, -9.002864636351386, 2.5475660190126805, 198.62343998476348, 5.938769068879776, 4.307619487036687, 37.0, 0.0
43, 0 ,1.0,1.0,1.0,23.81175543097407,11.42552119831815,264.56394533987384,12.168266159700835,7.285171762578526,12.999974125026744,47.0,32.0,69.0,-0.3292111443935375,0.07517028646557551,0.941259502177684,13.168527574555018,-0.9378429814727608,-0.14201254995023058,-0.3166748770567643,12.094773031823035,-0.10986612084432927,0.987006516538425,-0.1172500396643967,7.1025420112680235,74.25783191221655,56.9112228524631,34.52933469702297,18.26210581192282,6.052705800641364,45664.0,145924.56018817195, 0.0, 0.0,0.0,NaN, 44.19565817173888,44.19565817173888,0.0, 148.06670133332048, 9.721175985913233, -9.640358397390619, 9.721175985913233, 53.073727610271504, 13.010270193170625, -9.640358397390619, 13.010270193170625, 168.9993272513649, 6.385125980967657, 4.277377901050853, 18.0, 0.0
44, 0 ,1.0,1.0,1.0,22.559604513147708,186.87164270132064,121.8017053318008,12.439932658055136,13.233467641800152,12.340907753316642,50.0,64.0,57.0,-0.35112959585309317,-0.777277247574908,0.5220613827112852,13.746965046426174,-0.7500145979130584,0.5672643714026826,0.34013120388231527,12.58538049079817,-0.5605230680653186,-0.27212352588391625,-0.7821525917793464,11.610501472958132,73.9066486741059,70.49847206293535,63.3632694755631,21.105627039007445,6.0602889229743475,85262.0,330142.01088741346, 0.0, 0.0,0.0,NaN, 167.75761205567431,167.75761205567431,0.0, 154.75192453694675, 4.750103349579966, -15.948332979477618, 4.750103349579966, 175.1246658265717, -17.432421674940482, -15.948332979477618, -17.432421674940482, 152.2980041758708, 5.90380734137121, 4.278530143215115, 22.0, 0.0
45, 0 ,1.0,1.0,1.0,213.17080401838146,133.15463470814282,201.35697914409843,13.288751898391071,13.40606117541243,13.954067245422348,75.0,65.0,66.0,0.5009375129768997,0.5025205565043799,0.7046521825574994,16.276478607281003,0.6767529652787551,-0.7349518991965241,0.043024758614485174,12.679162580191196,0.5395062854860275,0.4553227384591625,-0.7082472532690253,11.195734739509716,82.39125714958709,74.4119320443105,62.64687649123785,22.42124891019664,6.951042601845108,87697.0,384081.2732511397, 0.0, 0.0,0.0,NaN, 187.08263303324313,187.08263303324313,0.0, 176.59092701699228, 17.52090409827888, 50.30086330661869, 17.52090409827888, 179.72247623890053, 48.30541530299634, 50.30086330661869, 48.30541530299634, 194.71599268976883, 5.175860033817424, 3.8404255862526715, 34.0, 0.0
46, 0 ,1.0,1.0,1.0,121.67888268703486,89.4886285742264,212.41107275754015,14.802681902452976,12.796702670817522,11.925259282095377,73.0,75.0,63.0,0.9089964358135878,0.14645068179689802,0.3902277251547076,15.427472911603052,0.14251387661532033,-0.9890161988942309,0.03920144508663073,12.733551883903678,0.3916826197960124,0.019978892012085716,-0.9198834541525909,11.177501316367907,72.9543854747146,72.75842468312806,60.05513669093071,21.79844215267268,7.065034990167521,81696.0,318775.4377525724, 0.0, 0.0,0.0,NaN, 174.60179068825715,174.60179068825715,0.0, 219.11939150520888, 9.808040565220509, 40.315695783408145, 9.808040565220509, 163.7555992453083, 5.019332483741625, 40.315695783408145, 5.019332483741625, 142.21180894520194, 5.484445413030667, 4.142615918546366, 44.0, 0.0
47, 0 ,1.0,1.0,1.0,106.72617115819166,210.907823897845,279.58410045648253,11.501212516897352,12.44979407970241,11.351156759411122,56.0,68.0,45.0,0.288397671092043,-0.9285540154026072,0.23369686302639975,12.584669748942858,0.7437877493079281,0.370953116476268,0.5560337843656536,11.570724075453452,-0.6029979828226056,0.013462015311179371,0.7976291161032353,11.129620543500971,69.67305142532726,64.042797193007,55.222948450723806,19.54102148391603,5.854272040800761,65939.0,246407.94934174776, 0.0, 0.0,0.0,NaN, 140.51583685434187,140.51583685434187,0.0, 132.27788935883635, -6.477567626147109, 6.466757424926812, -6.477567626147109, 154.99737262699318, -5.422342428994942, 6.466757424926812, -5.422342428994942, 128.84875977672482, 5.3243814114073365, 3.999110715145549, 28.0, 0.0
48, 0 ,1.0,1.0,1.0,277.731089760603,227.82361944193784,43.497620185077054,12.601598786905642,16.846291413167474,14.945795587334937,59.0,89.0,85.0,0.034499498098380404,0.9965265762003386,0.07579292551017144,16.85858814989335,-0.2329661370060005,0.08176769519804564,-0.9690411874788919,15.067897332249997,-0.9718727095867343,0.015774249536192133,0.23497789132620245,12.43869396998541,89.22088590887,93.40885896002368,69.02792328549933,24.51960017110368,8.04759837163357,113034.0,575280.1724742274, 0.0, 2.8421709430404007E-14,0.0,4.776857717005598, 87.16293498659712,87.16293498659712,9.5367431640625E-7, 158.80029198614176, 3.0742142767409577, 16.665203948772977, 3.0742142767409577, 283.79753437736014, 4.050003128526813, 16.665203948772977, 4.050003128526813, 223.37680573840046, 5.036671966959487, 3.8356880548131045, 27.0, 0.0
49, 0 ,1.0,1.0,1.0,224.51300522536573,227.6006144750777,165.25411104774983,14.740554304827311,13.511438174085779,11.70692266083321,77.0,73.0,57.0,-0.9791119193097958,0.18636115486115837,-0.0812980284158429,14.817538893662569,-0.15925688409546135,-0.9515145263731228,-0.2631679140190459,13.58026917831475,-0.1264005313821609,-0.24472357070733194,0.9613185110079597,11.528736752643244,78.47845939107813,74.64713038937597,60.90419111567486,22.087128552461355,7.003834181313399,85927.0,356788.43242666154, 0.0, 0.0,-2.8421709430404007E-14,85.33681965654146, 170.57670413636242,170.57670413636242,NaN, 217.283941213563, -8.004593278898302, 9.056077029387003, -8.004593278898302, 182.55896153214246, 11.586225318429308, 9.056077029387003, 11.586225318429308, 137.05203818673016, 4.875114328173994, 3.851337839622586, 44.0, 0.0
