// Sample: .//bubblelabels.tif, Map: .//bubblelabels.tif, Thickness:(8.191250068658265):/gpfs/home/mader/Foam/NewValid/InSilicoTest/LatticeData_Phi_6.65/out_Step_06000.vtk/distmap.tif, Neighbors:(1.0):
//LACUNA_NUMBER, TRIANGLES, SCALE_X, SCALE_Y, SCALE_Z, POS_X, POS_Y, POS_Z , STD_X, STD_Y, STD_Z,PROJ_X, PROJ_Y, PROJ_Z, PCA1_X, PCA1_Y, PCA1_Z, PCA1_S, PCA2_X, PCA2_Y, PCA2_Z, PCA2_S, PCA3_X, PCA3_Y, PCA3_Z, PCA3_S,PROJ_PCA1, PROJ_PCA2, PROJ_PCA3,OBJ_RADIUS, OBJ_RADIUS_STD, VOLUME, VOLUME_BOX, Mask_Grad_X,Mask_Grad_Y,Mask_Grad_Z,Mask_Angle, Mask_Distance_Mean,Mask_Distance_COV, Mask_Distance_STD, SHAPET_XX, SHAPET_XY, SHAPET_XZ, SHAPET_YX, SHAPET_YY, SHAPET_YZ, SHAPET_ZX, SHAPET_ZY, SHAPET_ZZ, Thickness, Thickness_STD, Neighbors, Neighbors_STD
1, 0 ,1.0,1.0,1.0,182.3524348419202,34.756121929428495,20.799467783616574,11.780619578783503,18.083121108689436,13.92924078563354,50.0,81.0,64.0,0.17398371078110372,0.9770030596548654,0.1232667425053032,18.246527803797367,-0.48447026280645533,0.19390151490721527,-0.8530479277115274,14.931996449972576,-0.8573320435158607,0.08869737280054218,0.5070646341633382,10.193415555100255,91.7739177749006,77.46353810520267,56.70080595813319,24.32649066119167,8.247900803617993,104093.0,403093.5354173986, 0.0, 0.0,0.0,NaN, 44.181924218662964,44.181924218662964,NaN, 138.78299766001717, 27.746802483328683, 54.11605703448181, 27.746802483328683, 326.9992690315294, 7.8893517254270575, 54.11605703448181, 7.8893517254270575, 194.0237488641569, 10.11996815912864, 7.034967564269152, 8.0, 0.0
2, 0 ,1.0,1.0,1.0,60.506337558372245,82.56456304202801,32.72025794974427,16.624967823159523,18.124980242088853,17.420577832597868,80.0,86.0,70.0,-0.06150882985573897,0.8207806780433066,0.5679223031371,18.708676770268212,-0.6023428393029403,-0.48423044995296904,0.6345896117009932,17.044006075013492,-0.7958641641575842,0.30305106812073,-0.5241758124147227,16.36668159216555,93.24680327867279,88.21173193882282,81.64032626492457,29.004568174089655,8.19243681412102,224850.0,671529.4025819297, 0.0, 0.0,0.0,NaN, 107.46412999390313,107.46412999390313,0.0, 276.38955512108953, 2.45333999406289, -11.519610262746006, 2.45333999406289, 328.51490877611127, 31.337776363546915, -11.519610262746006, 31.337776363546915, 303.4765320216002, 10.536014137697242, 6.716473543892955, 20.0, 0.0
3, 0 ,1.0,1.0,1.0,56.760558258999374,152.31648086400173,14.538809676695626,15.891599034063898,22.06466349826076,9.67526170660799,81.0,89.0,41.0,-0.14178432845783664,0.9898939070892239,-0.002693865511008523,22.17509940546685,0.9712687524564394,0.13964104976762579,0.19271063209254513,15.93236733036143,0.1911392547476135,0.024706880163764072,-0.9812519326692309,9.35027389173132,93.39477504289289,76.55110052486621,44.503997697814754,27.177662288134503,9.714816354131901,129259.0,318180.1216016967, 0.0, 0.0,-1.7763568394002505E-15,89.84565268896219, 75.54373539799018,75.54373539799018,0.0, 252.54291985946062, -34.174741544179724, 31.30252562292553, -34.174741544179724, 486.84937529148084, 3.4000756136572403, 31.30252562292553, 3.4000756136572403, 93.61068909135498, 9.900928749253238, 6.646824878229404, 11.0, 0.0
4, 0 ,1.0,1.0,1.0,167.4508474245514,184.93548450047322,82.5785611833696,17.808076217272575,8.601522975802213,17.41708800085841,73.0,35.0,79.0,-0.7625474024196104,-0.020186882434037694,0.6466173125123537,18.811996540015997,0.6446998922106222,0.05925167043401387,0.7621360039614917,16.351987296171963,0.05369830580862764,-0.9980389417895341,0.0321677264491875,8.555117073269383,87.00081310997982,79.08480680465081,36.583835584531755,24.972332389220607,8.417324131541053,102487.0,251712.97704627924, 0.0, 0.0,0.0,NaN, 90.0311375454672,90.0311375454672,NaN, 317.1275785601891, 11.739215736347957, -42.98838875212208, 11.739215736347957, 73.98619750325338, 5.105490906597352, -42.98838875212208, 5.105490906597352, 303.35495442964594, 10.68478599053313, 6.807356575551852, 12.0, 0.0
5, 0 ,1.0,1.0,1.0,14.456263137779477,113.05403210395566,142.2877651442767,9.256633546496019,17.92126283818419,19.66450017269382,37.0,92.0,103.0,-0.04782335105071628,0.23239299180569195,0.9714455334468727,19.775422252422693,0.05331883741064161,-0.9705777923697279,0.2348102436774905,17.83713136101513,-0.9974317162951344,-0.06302575916484064,-0.034025358341066486,9.182533033948113,96.8762365714841,93.86401450092572,39.45730295889733,26.60606976189013,9.255622355987926,125592.0,358792.85032363393, 1.7763568394002505E-15, 0.0,0.0,87.25887828721903, 105.35315339054098,105.35315339054098,0.0, 85.68526461411545, -15.510607376687771, -11.323163944060843, -15.510607376687771, 321.1716617152817, 15.957140787079389, -11.323163944060843, 15.957140787079389, 386.6925670418753, 11.300907982101009, 6.896109536704501, 16.0, 0.0
6, 0 ,1.0,1.0,1.0,57.858455163220654,148.77662749757306,184.7585015286089,18.541256785191855,22.220607042543953,8.748396324077572,92.0,94.0,38.0,0.08881789977879315,0.9948339212554249,0.04916146660178312,22.274143482896196,0.9940625620596366,-0.08541812145122736,-0.06740450459112432,18.537513312527704,0.06285700748775591,-0.05485629997819139,0.9965138147373506,8.619231465039197,97.29553815479895,91.37705127919686,42.15320827385082,28.334886962823667,10.545245353273971,138034.0,374766.4442469632, 7.105427357601002E-15, 0.0,0.0,84.90439461370008, 78.7638114875748,78.7638114875748,0.0, 343.778203174423, 14.403326340232006, -16.205531949621374, 14.403326340232006, 493.75537733915394, 22.182236823040334, -16.205531949621374, 22.182236823040334, 76.53443824313396, 9.291845186362739, 6.403304028194939, 17.0, 0.0
7, 0 ,1.0,1.0,1.0,183.1729529406605,176.1950791631946,136.68147230384633,11.065232258906649,14.686769894763922,15.235100220041716,45.0,61.0,75.0,-0.010177725436122107,0.5885245051828376,0.8084153144914085,15.79361159626431,-0.37994947559717424,0.7455461448154896,-0.5475393519594675,14.622014448601766,0.9249512473089484,0.31272967999545137,-0.21602161315841428,10.344437143278212,79.33826167373675,74.15357054489843,56.68907490933796,22.732963410791672,7.311718550633886,91204.0,333514.03760755016, 0.0, 0.0,0.0,NaN, 69.70695602586858,69.70695602586858,0.0, 122.43936494354833, -31.10520567870101, 21.045638961878073, -31.10520567870101, 215.70120994174383, 24.168822033791994, 21.045638961878073, 24.168822033791994, 232.1082787147151, 10.519546774046855, 6.757170962941062, 7.0, 0.0
8, 0 ,1.0,1.0,1.0,81.0985105107052,21.718196405128122,43.14098013474016,17.20706449856471,13.526743377149842,19.779192196266372,92.0,55.0,86.0,-0.30428208080634556,0.06949582114083133,0.9500435496039757,20.091589709211732,0.9497975825003353,0.09833363502331233,0.297010182484744,16.903172073875673,0.07278026914404413,-0.9927239430310241,0.09592812599158249,13.449278634318071,95.41443805536609,88.93953387016457,60.802196136869824,28.147724079572537,8.830511204131632,185097.0,515974.4678952293, 0.0, 0.0,0.0,NaN, 94.39169788245535,94.39169788245535,0.0, 296.083068657766, 5.080030506971442, -34.830422058578854, 5.080030506971442, 182.9727863912671, 17.771220845337982, -34.830422058578854, 17.771220845337982, 391.2164439368446, 9.617996056755285, 6.176339702649985, 13.0, 0.0
9, 0 ,1.0,1.0,1.0,51.78148274976458,183.1929771994407,121.75334588933596,14.652819216191574,9.722779726758684,12.720826915378792,61.0,37.0,61.0,-0.9633745326970053,0.023775574175402193,0.2671034103553478,14.808390732471668,-0.2625740059574756,0.11860177791237855,-0.9575951700334889,12.578425632638687,0.05444631434974228,0.9926572119058288,0.1080150846181972,9.67221621589972,61.99486299295691,64.59603782102243,41.36560718997541,20.74053583170438,6.394307423191235,70086.0,165653.64188316403, 7.105427357601002E-15, 2.8421709430404007E-14,0.0,86.0910471346406, 95.32227887905631,95.32227887905631,0.0, 214.70511098239305, -4.893752735076424, -16.095290182130636, -4.893752735076424, 94.53244561506968, -6.545672504541075, -16.095290182130636, -6.545672504541075, 161.81943741102552, 10.848854395045308, 6.575145868694794, 9.0, 0.0
10, 0 ,1.0,1.0,1.0,169.72500336126922,95.02823466140815,16.613337516246133,16.136565677885542,15.856009940493959,10.426254465472255,66.0,78.0,41.0,0.7970329727546109,0.5915365566519197,0.1217495071297531,16.574451162090007,0.5944087029180505,-0.8040204357520095,0.015147038932718914,15.479604764417097,-0.10684911902878962,-0.060296277144933706,0.9924452754309594,10.304270488562778,80.6361375070637,71.57325331631088,44.381198443752325,23.81875688011924,7.292146870045443,111565.0,256141.23578633973, 0.0, 0.0,0.0,NaN, 101.10857425444948,101.10857425444948,0.0, 260.38875187671374, 15.686337466158674, 17.555740554819618, 15.686337466158674, 251.4130512330432, 10.51262480906925, 17.555740554819618, 10.51262480906925, 108.70678217878012, 9.592448036246376, 6.0914908791724525, 13.0, 0.0
11, 0 ,1.0,1.0,1.0,88.02885779538826,179.32477574156624,79.33007952231578,16.17113730474005,11.94587611193751,18.832743571709944,82.0,54.0,88.0,0.5214055112629016,-0.11871486540042123,0.8450106943451259,20.433898263192592,0.8527781094162121,0.10742147820785468,-0.5111067619589378,14.259275889779852,0.030096327436798555,-0.9871005048892435,-0.15724758924135443,11.747796436648638,90.2172223804694,73.60494646459412,59.870963732661835,26.277014331978048,8.270452590113688,145368.0,397569.1726158396, 0.0, 0.0,0.0,NaN, 120.29050760518955,120.29050760518955,0.0, 261.5056817287553, -11.319323607918355, 94.69178441199848, -11.319323607918355, 142.70395608175926, -31.62760521165093, 94.69178441199848, -31.62760521165093, 354.67223043778216, 10.169197008519902, 6.240422455814773, 14.0, 0.0
12, 0 ,1.0,1.0,1.0,155.5682267159944,181.92950444787664,181.24825497168445,18.11365368425042,11.54740090279973,11.016084206322574,79.0,52.0,49.0,-0.9945649460485384,-0.09581435095570419,-0.040745284910096706,18.181858761998686,0.04543832246586464,-0.7515285130017837,0.6581339172211202,12.833480314901704,-0.09367991750079568,0.6527055264790281,0.75179755836314,9.355363360633858,79.91745119836415,71.1462913300642,52.4107244331293,22.819079126555824,7.879762462137557,83523.0,297998.48320897116, 0.0, 0.0,0.0,NaN, 51.50100220643809,51.50100220643809,0.0, 328.1044497929588, 20.52639056192637, 12.157499359985168, 20.52639056192637, 133.34246760998002, -37.22255276662363, 12.157499359985168, -37.22255276662363, 121.35411124078965, 10.15729150260578, 6.65439705723402, 7.0, 0.0
13, 0 ,1.0,1.0,1.0,21.498796694922053,44.94823782656363,57.13004385378506,12.392604342933835,16.839910179160125,16.91006500675591,53.0,85.0,82.0,0.2867067027852342,-0.7863908781272224,-0.54716419233747,17.301994059348623,0.04276549881827648,-0.5600666596288967,0.8273430055804875,16.83793563108155,-0.9570634141418444,-0.2606045348232184,-0.1269444671528878,11.842062363845812,87.86187809175914,82.51490457331354,62.59128874207183,25.77503888604244,7.665304051267991,149588.0,453781.4909719402, 0.0, 0.0,-7.105427357601002E-15,56.82731860744515, 75.80490916674408,75.80490916674408,0.0, 153.57664240050252, -39.308599735212816, -19.893213975094174, -39.308599735212816, 283.5825748421808, 2.07688403855841, -19.893213975094174, 2.07688403855841, 285.9502985327108, 11.055902571785442, 6.265939703821494, 13.0, 0.0
14, 0 ,1.0,1.0,1.0,133.28565013666537,117.26652349342704,116.93576727840687,13.188241284472394,16.99965714579575,17.69467278301911,69.0,86.0,88.0,0.2897301842534954,0.6461641856261048,0.706065340847848,18.00302623309271,-0.25265912550077074,-0.659903000726853,0.7075955030473837,17.38954991684425,-0.9231575091140305,0.3834056270398844,0.027934539919816266,12.227595687229014,82.10869312797348,86.83188409467066,65.82564193926169,26.69873568839197,7.949654633478279,153660.0,469313.9542523315, 0.0, 0.0,0.0,NaN, 134.88995281405528,134.88995281405528,0.0, 173.92970817746203, 58.176626866477974, 8.384220791675665, 58.176626866477974, 288.98834307460453, 8.268577293245546, 8.384220791675665, 8.268577293245546, 313.10144489811734, 9.288250577865044, 6.1982259135029185, 29.0, 0.0
15, 0 ,1.0,1.0,1.0,78.16582717707634,91.69156033131856,159.55855719722408,14.111237486411776,17.206283972842087,18.30072083304212,75.0,83.0,84.0,-0.054294710897486054,0.07188807602745402,-0.9959338275676901,18.32257249047337,0.23140409489372724,0.9711579114591763,0.057484396810490175,17.36353533640199,-0.9713414586204862,0.22734206723640504,0.06936393320526668,13.88850576965733,87.47305339166377,82.29096305414913,76.15871986257726,27.586822046997636,8.310647622679076,178680.0,548208.8811214829, 0.0, 0.0,0.0,NaN, 127.09346588333561,127.09346588333561,NaN, 199.12702339791292, 23.848595631200716, 9.16780249746045, 23.848595631200716, 296.05620815408247, -4.1628934169846, 9.16780249746045, -4.1628934169846, 334.91638300894186, 10.008145856102068, 6.305189420277926, 22.0, 0.0
16, 0 ,1.0,1.0,1.0,119.15357830032863,50.57245142944712,14.537647499531747,16.66451606872503,18.485854848794837,9.471756905605927,77.0,94.0,39.0,-0.5340250721958965,0.8442882795250302,0.04466008646243578,19.654008348450702,-0.8437533772836484,-0.528834565654085,-0.09172916925325295,15.329247136784113,-0.05382806506465312,-0.08666777501539794,0.9947820043533535,9.374499572394573,97.74796595814131,72.64722868619243,43.502975084845716,25.28422106413557,8.357946479516446,117458.0,308919.79582188744, 0.0, 0.0,0.0,NaN, 96.46273860950416,96.46273860950416,0.0, 277.70609580479476, -68.90046187859399, 4.2687290500088615, -68.90046187859399, 341.7268294907116, 18.38739906842456, 4.2687290500088615, 18.38739906842456, 89.71417887889358, 9.499553510105605, 5.892858534147662, 9.0, 0.0
17, 0 ,1.0,1.0,1.0,48.99547262159682,13.012138268583664,119.14871826246558,15.735158321456023,8.242689287555962,15.663945807660857,68.0,33.0,72.0,-0.72970573188967,0.08421938387819145,0.6785548174072149,16.739503656643503,0.6718053214743263,-0.09646225822771495,0.7344199362601662,14.685764006887895,-0.1273073245580867,-0.9917671743492962,-0.013810032479126981,8.063106425009384,82.24886177567598,77.85867822414076,37.208676145772124,22.460519158753794,7.511418739299871,81725.0,238276.4612698042, 0.0, 0.0,0.0,NaN, 95.42956480219613,95.42956480219613,0.0, 247.59520740128673, -22.988247278563534, -32.22121718253794, -22.988247278563534, 67.94192669118979, 1.6247962249451329, -32.22121718253794, 1.6247962249451329, 245.35919826533615, 8.685357342093827, 5.691617921863879, 9.0, 0.0
18, 0 ,1.0,1.0,1.0,186.36352635467352,27.961697195118845,171.92414592515223,8.055221040468453,15.455167400144541,15.131793610105161,32.0,72.0,59.0,0.009492161114551631,0.7683434637837316,0.6399673589630905,16.173938824537988,-0.04233087624157433,-0.6391137203507646,0.7679464495497231,14.3704241278781,-0.9990585547374068,0.03437985049738765,-0.026458081672361727,8.038319259715756,80.62539071735566,73.6378183991267,33.72355924049745,21.94441915071696,7.152791858691051,78506.0,200219.39760173735, -2.8421709430404007E-14, 3.552713678800501E-15,2.8421709430404007E-14,78.463943709122, 41.90541141121689,41.90541141121689,0.0, 64.88658601080567, 5.27548370504808, -3.416085401853753, 5.27548370504808, 238.86219936649056, 27.21626253785642, -3.416085401853753, 27.21626253785642, 228.97117785881937, 8.737931290941658, 5.648739869214018, 9.0, 0.0
19, 0 ,1.0,1.0,1.0,22.76931432565111,178.3263415825327,41.33189905607154,14.727167056757372,12.6641949877313,17.287132120346076,65.0,53.0,74.0,0.34439551521145045,-0.30362912994786934,0.8883699007448076,18.408061937604472,-0.902671036806561,-0.3671605966025887,0.22445065295739153,14.357705177219168,0.258024666287562,-0.8792055776378641,-0.4005256843670096,11.450579849797577,86.62949959403355,75.80957215468669,66.09296613786105,24.69845171064763,8.130356956987464,118759.0,434055.3305416464, 0.0, 0.0,0.0,NaN, 51.92797919848836,51.92797919848836,0.0, 216.8894495176396, 3.142982460235169, 48.35743570205364, 3.142982460235169, 160.38183468727857, -62.218013622690414, 48.35743570205364, -62.218013622690414, 298.84493694630106, 9.983190864747167, 5.965362111901636, 7.0, 0.0
20, 0 ,1.0,1.0,1.0,110.09965000760853,71.06538263660934,63.454294471859306,12.807576310517375,14.600240109063805,16.92678028114961,61.0,72.0,80.0,-0.14862848132840972,0.2570382811390903,0.9549036059032726,17.186750722176896,-0.042468620942039584,-0.9663969519143463,0.25352188774530104,14.399692834379522,-0.9879807643741306,0.002872866116196824,-0.15455017265272297,12.687842951724596,77.47956394806988,71.43425621986582,60.27544522517053,24.768972167706696,7.086249405269813,138003.0,333606.20668901876, 0.0, 0.0,0.0,NaN, 130.9916372329303,130.9916372329303,0.0, 164.03401094972585, -3.2315394739146917, -19.57451981172093, -3.2315394739146917, 213.16701124231545, 21.628065339017535, -19.57451981172093, 21.628065339017535, 286.51589068631534, 9.005637079507327, 5.686128885286378, 11.0, 0.0
21, 0 ,1.0,1.0,1.0,140.99139987540457,40.54589518788082,86.4501542248492,15.231252988695466,12.912342503784815,16.820745686960777,86.0,66.0,88.0,-0.36979521313240027,0.056018539756114274,0.9274230014119528,17.150861982067934,0.8823701362064836,0.3337941308691571,0.3316691437686892,15.13516173717842,0.29098873358828503,-0.9409800217862739,0.17286455832179523,12.58697558858398,79.60717759504658,77.71843212094333,65.71631704741084,24.9902153372747,7.559515818011354,131626.0,406583.2410320698, 0.0, 0.0,0.0,NaN, 112.24800074278042,112.24800074278042,0.0, 231.99106760564456, 17.994446031579407, -25.872619584409453, 17.994446031579407, 166.7285889350479, 14.871678986884033, -25.872619584409453, 14.871678986884033, 282.9374854654096, 8.830912200815218, 5.678381341192481, 13.0, 0.0
22, 0 ,1.0,1.0,1.0,54.94707725912912,75.95048831061938,93.06831600107634,14.365973401608834,14.864635069346793,14.444908558338836,70.0,75.0,63.0,-0.16630159956655477,0.7696823956529582,0.6163868815959093,16.224808809329495,-0.8793032124373817,0.16715638028112614,-0.4459648025669875,14.748736285372377,0.4462842575970005,0.6161556251088159,-0.6489858296356391,12.458904761840106,76.01481646450041,71.66790925749089,64.77958634175363,24.243628589720117,6.945532634947133,126354.0,352907.71836918325, 0.0, 0.0,-1.4210854715202004E-14,51.947237165939335, 132.0960613236384,132.0960613236384,0.0, 206.3811917757325, -22.983570640161048, 13.357850397289607, -22.983570640161048, 220.95737574485452, 46.602856932924205, 13.357850397289607, 46.602856932924205, 208.65538325877057, 8.673964434943699, 5.610276317060166, 11.0, 0.0
23, 0 ,1.0,1.0,1.0,117.65973904732267,150.94938021886833,159.817599857743,16.313115773334424,12.751627956539034,15.54459572883867,77.0,65.0,76.0,-0.9373208969732926,-0.34823029398259525,-0.012852954912280536,16.81503423069804,0.002909586609121134,-0.044703943578108585,0.9989960419012325,15.550064106927156,0.34845526312992586,-0.9363424692821316,-0.042915146693138395,12.075029947794695,84.22827903230075,76.7069429181945,62.44941652759614,24.832253444317708,7.32907954838229,134967.0,403479.04754645505, 0.0, 0.0,0.0,NaN, 103.92548848025974,103.92548848025974,0.0, 266.11774623421235, 44.6848958424755, 1.9287859689181992, 44.6848958424755, 162.60401554198785, -3.6742771030837114, 1.9287859689181992, -3.6742771030837114, 241.63445637302945, 9.204004599034283, 5.775677687088245, 15.0, 0.0
24, 0 ,1.0,1.0,1.0,183.7773674755482,20.479611622800764,114.4352562091876,10.318525269861384,11.545985446398106,15.975905438199325,42.0,44.0,80.0,-0.23177478159500028,-0.31618396118198133,0.9199500819652449,16.74374903875684,-0.24438188721599136,-0.8964468627685084,-0.3696762305494485,10.936502763998327,-0.9415720598113249,0.3105007647716342,-0.13050414268861396,9.74941401642569,90.7386440788056,54.23654421539513,47.90629011023802,20.99808950460568,7.3546947863246634,70138.0,235763.64390689362, 0.0, 0.0,0.0,NaN, 89.46459455131692,89.46459455131692,0.0, 106.47196374476793, 18.959196662152262, -37.291888481187314, 18.959196662152262, 133.30977992843685, -45.761706687114376, -37.291888481187314, -45.761706687114376, 255.22955457028678, 9.138138297398296, 5.820725169280545, 8.0, 0.0
25, 0 ,1.0,1.0,1.0,174.72075081288796,61.47305153217066,113.8545669524091,14.397754255665802,11.902261835104428,15.048874102964623,61.0,54.0,77.0,-0.6010266666291096,-0.025368529796218914,0.7988262537602776,15.90561260706573,-0.7567389565519587,0.33961691826915785,-0.5585754205673692,13.665185980026394,0.25712467333446276,0.9402216688214216,0.22331617908541057,11.649118245174066,83.9276616072966,73.45057481494524,59.45993530188835,22.947780937656567,6.987640961149436,101490.0,366542.8515485536, 0.0, 0.0,0.0,NaN, 108.80722466407265,108.80722466407265,0.0, 207.29532760654274, -11.32786724334104, -34.7387103951301, -11.32786724334104, 141.66383679138343, -12.058308792837943, -34.7387103951301, -12.058308792837943, 226.4686117668793, 9.52934369137251, 5.670595179875245, 10.0, 0.0
26, 0 ,1.0,1.0,1.0,11.38960215086246,24.688638491979578,170.58665377760323,7.110165986307223,14.042682245835346,15.96407184887471,28.0,52.0,60.0,0.03153466616664733,-0.29212479717248374,0.9558601716290377,16.151748849611263,0.04046577224184989,-0.9551785621701259,-0.29325148873873164,13.842355872020544,-0.9986831760406446,-0.04792720780044437,0.01830018157899479,7.079065476303561,71.96444641751513,65.1217153224836,28.913780920567252,21.268841491627416,7.087972672803194,66206.0,135502.93634630012, 0.0, 0.0,0.0,NaN, 40.054922840284796,40.054922840284796,0.0, 50.55446035284017, -7.410759466847695, 4.673954814677003, -7.410759466847695, 197.19692465749924, -19.217679953908846, 4.673954814677003, -19.217679953908846, 254.85158999603402, 8.585828845162004, 5.21364684463923, 6.0, 0.0
27, 0 ,1.0,1.0,1.0,98.14566694642228,184.5472832119555,141.8081056934781,13.048610272370961,9.352784768988613,15.035569682051342,61.0,38.0,64.0,-0.34268321816401914,0.026577493444047716,0.9390749963826014,15.33913921758368,0.9024337544162523,0.28714664978011617,0.32118549221632364,12.978471109968027,0.2611159337898362,-0.957517852764264,0.12238476522335205,8.948701824867305,70.6204937544035,64.78965423898518,42.679234950700106,21.015822752576014,6.491868965972059,73874.0,195277.87379399975, 0.0, 0.0,0.0,NaN, 115.14189055018586,115.14189055018586,NaN, 170.266230040225, 21.48357589078939, -24.335923672302236, 21.48357589078939, 87.47458293502537, 12.023110794226127, -24.335923672302236, 12.023110794226127, 226.06835566382148, 9.39942022914286, 5.629661289567179, 7.0, 0.0
28, 0 ,1.0,1.0,1.0,175.29039026908146,150.0078547543706,92.52906259117125,14.614836222281962,10.945239745886044,13.820036344507738,62.0,51.0,66.0,-0.8032857684906842,-0.09018563349816297,0.5887261890309161,15.412656311775807,-0.5929933568383745,0.2133717937373875,-0.7764221508836844,13.057086809455543,0.05559543943425159,0.9727995832378965,0.2248780068532441,10.786455623975039,74.96247105969945,66.27059220556656,52.57930702807798,21.912709535793557,6.649682418164462,89118.0,261203.8679287614, 0.0, 0.0,0.0,NaN, 108.03428540660273,108.03428540660273,0.0, 213.59343780412487, 1.930269157876634, -32.391734675339755, 1.930269157876634, 119.79827309492357, -15.404366612960478, -32.391734675339755, -15.404366612960478, 190.9934045635148, 9.414109081893015, 5.5468701335188335, 8.0, 0.0
29, 0 ,1.0,1.0,1.0,20.199988506407678,75.45477271421183,175.21425971687452,11.784090129700962,15.456552165788045,14.251432135546878,49.0,73.0,59.0,-0.012101664566845253,0.8169800307882765,0.5765389657324972,16.564221416008724,-0.06953761516509044,-0.5758728766454321,0.8145765464468433,12.95358754554087,-0.997505924690106,0.03023341259766669,-0.06377986336482619,11.777276490521368,84.1872430116116,67.01183258517493,51.20368273447437,23.022575780561652,7.12980416147342,104406.0,288867.697745609, 0.0, 0.0,0.0,NaN, 81.94995535322101,81.94995535322101,0.0, 138.86478018491562, -0.1763850187990908, -2.5944078203200824, -0.1763850187990908, 238.9050048537271, 50.25655359254296, -2.5944078203200824, 50.25655359254296, 203.10331791409823, 8.506149250531662, 5.154546077906451, 8.0, 0.0
30, 0 ,1.0,1.0,1.0,89.11881179650348,34.13662800643197,104.68763043552636,13.295978558273763,15.158087735602228,13.80242563074928,67.0,69.0,61.0,-0.37007043277068125,0.7646485687599227,0.5275987500765348,16.55044547249744,-0.6475787636059052,-0.6195270809093646,0.4436529510175369,12.988192327814609,0.666100307548021,-0.17747890667153346,0.7244388296958615,12.427680299727765,82.49531621008495,63.94252169900757,67.69430956529939,23.468447731143524,6.80364490587889,116916.0,357084.6768132216, 0.0, 0.0,0.0,NaN, 134.8774250186625,134.8774250186625,0.0, 176.78304582207565, -28.091534945066023, -27.419214430701917, -28.091534945066023, 229.76762380021466, 44.28194422853043, -27.419214430701917, 44.28194422853043, 190.50695329236467, 8.262581764725638, 5.209649372526646, 9.0, 0.0
31, 0 ,1.0,1.0,1.0,104.96243125572869,162.0923235563703,18.32462190650779,11.287492678741192,17.97670673589958,11.111383771028363,53.0,84.0,44.0,-0.07297288529038386,0.9965924098651101,-0.038451613901752835,18.01891718006485,-0.7250407359972543,-0.02653654890151844,0.6881945529550183,12.412854312914897,0.6848290948528374,0.07809852861386285,0.7245065428768698,9.76073751376193,84.47886436419117,66.32645281067647,53.278268464994866,22.67336053892077,7.742806159288689,87280.0,298527.9100166008, 0.0, 0.0,0.0,NaN, 103.94673238824525,103.94673238824525,1.9073486328125E-6, 127.40749097263601, -15.552168550167968, -28.699147167404796, -15.552168550167968, 323.16198506853726, -9.86505274201056, -28.699147167404796, -9.86505274201056, 123.46284930707249, 8.092676679322908, 5.258075100677513, 11.0, 0.0
32, 0 ,1.0,1.0,1.0,153.63330035433253,89.25742027518292,68.67870783673094,10.663318870936276,12.617409560607143,14.996121379905578,51.0,61.0,69.0,-0.08796839793908706,-0.26002493019281847,0.9615864998232089,15.220399811508093,0.28262984195920543,-0.9321732213282609,-0.22621551200704237,12.539272881254421,0.9551868578441314,0.2518732242949094,0.15549258980781475,10.435282219063815,68.98751196736946,64.4383916951239,48.07058947149224,21.433978027005384,6.194645731763871,86924.0,213695.12883979097, 0.0, 0.0,0.0,NaN, 121.79295061839672,121.79295061839672,0.0, 113.70636934326572, -9.927059600668956, -13.475152865770312, -9.927059600668956, 159.19902402010052, -20.502654808277146, -13.475152865770312, -20.502654808277146, 224.8836564408612, 8.096458802809597, 5.086812007982083, 8.0, 0.0
33, 0 ,1.0,1.0,1.0,152.77531919425917,49.687675573484576,157.76790350281584,12.227445973945816,11.490499655882509,12.359922140963514,55.0,56.0,56.0,-0.718321413321287,0.1944881990072586,-0.6679735680481838,12.77669305649042,0.47955148838192957,-0.557177592974606,-0.6779258808141937,12.200967101920154,-0.5040284884357082,-0.8072963955908244,0.30696549074982005,11.054510800409552,59.37513169204152,59.57646616192032,55.92047384752599,20.0819177907777,5.570123029409728,75111.0,197810.87667779063, 0.0, 0.0,0.0,NaN, 80.51450524996994,80.51450524996994,0.0, 149.51043504576373, -12.85752801882376, 11.024978225739522, -12.85752801882376, 132.03158234183604, 4.738829842134544, 11.024978225739522, 4.738829842134544, 152.7676753306801, 8.278241850461226, 5.0387614456085075, 13.0, 0.0
34, 0 ,1.0,1.0,1.0,120.90252615463129,79.2900444528008,178.4964880944387,12.323209473112179,11.97642475317283,12.842873336775774,59.0,55.0,53.0,0.3670000384659906,0.4552996476924744,-0.8111801295501944,13.916421139597032,0.8075737777041453,-0.588731559497405,0.034924839533047695,12.532885132274611,0.4616660755682801,0.6679052190714359,0.5837525614560681,10.464016917879372,67.23115896139012,59.875798483009866,57.94604930399706,20.555844233778668,6.139454777725977,74461.0,233262.94132418348, 0.0, 0.0,0.0,NaN, 114.0426347570001,114.0426347570001,1.3486991523486091E-6, 151.86149171820176, -8.555899831610708, -23.716112990835306, -8.555899831610708, 143.4347498684109, -32.065183832819585, -23.716112990835306, -32.065183832819585, 164.9393955444661, 8.511913349480167, 5.08916709625397, 10.0, 0.0
35, 0 ,1.0,1.0,1.0,48.57434773949412,31.2202947619996,11.022326229834695,12.642614809407554,13.270140937557349,7.500782634991008,59.0,59.0,30.0,-0.6039998886700262,0.7933968302194386,0.0755354505139443,14.040205319692358,0.7878518407593242,0.608697714990335,-0.0936833431175958,11.84776535750774,0.12030632360246396,-0.0029260149167321635,0.9927325052288591,7.3957542193742025,70.47943721702579,59.14205474112721,33.02439386429884,18.81482329607088,6.180332854844293,50210.0,137655.53913610938, 0.0, -3.552713678800501E-15,0.0,37.49590659784379, 58.784910809325375,58.784910809325375,0.0, 159.8357092190512, -27.168848045141264, -12.821506548814494, -27.168848045141264, 176.09664050263544, 3.650329607086175, -12.821506548814494, 3.650329607086175, 56.26174013738266, 8.12992444575379, 4.880693244738746, 2.0, 0.0
36, 0 ,1.0,1.0,1.0,11.361667387694155,173.23128235901586,137.29542124286533,7.139100692483007,14.430680972255784,16.419056945503677,29.0,54.0,74.0,0.034342366128680316,0.17267344909008908,0.9843802526808513,16.485033867935957,-0.019189218396566832,-0.9846657529590602,0.17339298961289373,14.366341405231896,-0.99922588826852,0.024844213187392928,0.030502283276614507,7.1167855104290805,79.60919289057172,62.226074532409044,30.65713179680547,21.826867771538332,7.237719688122117,71657.0,151868.30529261992, 0.0, 0.0,0.0,NaN, 69.11957701752111,69.11957701752111,0.0, 50.96675869741135, 4.2539331312187905, 6.956555020024788, 4.2539331312187905, 208.24455332302514, 10.992408051439343, 6.956555020024788, 10.992408051439343, 269.58543097969255, 9.749717254938753, 5.972837821318683, 8.0, 0.0
37, 0 ,1.0,1.0,1.0,46.41941394390874,22.80410854475666,167.02162603148278,12.028388301777294,13.232292926412795,11.486387087285525,52.0,52.0,54.0,0.3437794780222219,-0.9299751649023359,0.13023771786867713,13.402026010221553,0.7727264117104876,0.35896168665704,0.5234886819763789,12.13269520698076,-0.5335818242179936,-0.07932654144235474,0.8420200334237851,11.175696639741865,63.24565678992738,64.64149964133732,61.46722179142972,20.415305454570902,5.909999386159264,74771.0,251296.08023645796, 0.0, 0.0,0.0,NaN, 61.33809996262003,61.33809996262003,NaN, 144.68212513833285, -11.30648037291969, 11.47301504129539, -11.30648037291969, 175.09357609039407, -2.435747061252035, 11.47301504129539, -2.435747061252035, 131.93708831895967, 7.999468264315785, 4.897694986867922, 6.0, 0.0
38, 0 ,1.0,1.0,1.0,114.54948420619561,154.83486979444436,61.54550718454295,10.11475145933574,12.362758088565712,13.919583646303758,51.0,55.0,60.0,0.16054437781906297,-0.43467815385261516,0.8861604850781668,14.631605424519602,-0.41436413141104345,-0.8445413845154829,-0.33919347936044103,12.053860417035404,0.8958391983780691,-0.3127375135859979,-0.31570140678398323,9.461573086689873,62.595239808831636,55.95521677930455,48.623530547344444,20.30219108718404,6.05985400702541,65627.0,170305.38479778735, 0.0, 0.0,7.105427357601002E-15,27.605328976053094, 114.58415724049567,114.58415724049567,0.0, 102.30819708413448, 10.825434049134405, 25.560310015971993, 10.825434049134405, 152.83778755639696, -32.00357076570731, 25.560310015971993, -32.00357076570731, 193.75480888644702, 7.986659627912256, 5.019891605450267, 9.0, 0.0
39, 0 ,1.0,1.0,1.0,35.1409153299326,53.95031036813963,127.95474566201626,14.353844223568673,13.30423861789283,12.358352818175264,71.0,64.0,60.0,-0.8809415156464959,-0.32868060172601316,-0.34045720444643324,14.61032193035286,-0.4480755630946051,0.810760162711034,0.3766911842852574,13.61186150583813,0.15221805335737093,0.48439345640687853,-0.8615060322611152,11.70556333595865,71.0347245166212,63.915884859360986,54.11593534493972,22.23183624589914,6.442821641979619,97626.0,245699.727887655, 0.0, 0.0,0.0,NaN, 96.6231783355777,96.6231783355777,NaN, 206.0328439944758, 4.600542686021135, 14.780443364755865, 4.600542686021135, 177.0027652018309, 23.293594649032336, 14.780443364755865, 23.293594649032336, 152.7288843785005, 8.323677592019951, 4.9433961868637, 6.0, 0.0
40, 0 ,1.0,1.0,1.0,58.82385368888632,144.27727055691403,86.50187374300059,12.018416791573808,12.171347710761772,10.940707136182914,62.0,57.0,51.0,0.6497557515857731,-0.7180212976226886,0.24952530821829963,12.847615017535052,0.7255136694231646,0.683740848598937,0.07828389002432298,11.42919241526513,-0.2268201462863077,0.1301686141795927,0.9651988153335159,10.797938183191572,57.1636743804258,51.64626057096683,49.26291982357283,19.559953893366018,5.448974545855046,69113.0,145438.4266618078, 0.0, 0.0,0.0,NaN, 118.52359469932085,118.52359469932085,0.0, 144.44234217598324, -15.650883455212535, 8.65467872827532, -15.650883455212535, 148.14170509626584, -7.932319629261107, 8.65467872827532, -7.932319629261107, 119.69907263972372, 7.437340355328826, 4.685285900740481, 11.0, 0.0
41, 0 ,1.0,1.0,1.0,130.7676831669606,119.97299796243344,183.5228669760115,15.532837574564999,10.202672338470983,9.465587835243461,72.0,50.0,38.0,-0.9841701632892706,-0.08407408783603251,0.15601486290000835,15.704943542001384,-0.008885132720252958,-0.8558016431744135,-0.5172278047016786,10.626950423350824,0.17700323191318526,-0.5104263857742007,0.841507433477431,8.68237249102577,72.37358533787608,55.15121502050482,44.62268881448027,19.777838465458426,6.618007605384457,58403.0,178111.0682407056, 0.0, 0.0,0.0,NaN, 107.09309343688436,107.09309343688436,NaN, 241.26904311781828, 14.45625458202994, -26.12384194081587, 14.45625458202994, 104.09452284620096, 14.374219838384704, -26.12384194081587, 14.374219838384704, 89.59735306670899, 7.683349381929133, 4.966827758771673, 6.0, 0.0
42, 0 ,1.0,1.0,1.0,125.18932468298436,10.511458903821039,43.084340902388675,9.415493714106786,7.113758368368131,18.647819440433697,44.0,29.0,83.0,-0.12850279967208092,0.014688135876259266,0.9916003676587243,18.769304003059453,0.9319027376008061,0.34376840614408083,0.11567441631268906,9.453936963738967,0.3391818363777165,-0.9389395835737457,0.057863116661661995,6.733093866367473,86.11754052142201,48.78821197233735,33.57397030867643,20.406934249976835,8.399719305075623,47474.0,141061.73531217533, 0.0, 0.0,0.0,NaN, 86.96774310437114,86.96774310437114,9.5367431640625E-7, 88.65152188038441, 13.529995521179156, -34.36525373953439, 13.529995521179156, 50.605558123527615, 6.222039822831418, -34.36525373953439, 6.222039822831418, 347.7411698830169, 8.306532576473023, 4.600486348132772, 4.0, 0.0
43, 0 ,1.0,1.0,1.0,171.20827371583917,103.96288810988696,120.76446916583203,8.281590070300044,12.610792441677809,16.863810283207126,43.0,53.0,73.0,-0.13942090876138696,-0.022366880450591688,0.9899805719604089,16.991046337668816,-0.18760396440212487,-0.981042402059558,-0.04858557298024844,12.757596892022773,0.9722996260108071,-0.19249812471845443,0.13258170778475814,7.781579740606331,71.2807077634452,55.024105995426666,40.13925708443114,21.52410601200512,6.979812157319795,55912.0,157432.4769552485, 2.8421709430404007E-14, 0.0,0.0,81.98566187134095, 127.79029583340244,127.79029583340244,0.0, 68.58473409249228, 19.521697810136757, -30.557594853271443, 19.521697810136757, 159.03208600707816, -0.18024263987904462, -30.557594853271443, -0.18024263987904462, 284.38809726800247, 9.347565935055558, 5.506944974878297, 9.0, 0.0
44, 0 ,1.0,1.0,1.0,48.54785797693767,183.36330462706175,164.55302145672164,15.082557843318087,9.920502021254688,9.135001601697297,62.0,43.0,41.0,-0.9940332941739938,0.03445667615319329,0.10349177523877146,15.133815000402134,-0.08879268735923528,-0.8066874599307758,-0.5842698012579105,10.811933983908894,0.06335352196305682,-0.589972948073814,0.8049336940369493,7.963535193302397,63.11231004727087,52.584188350493804,41.127183968843156,19.266957738958464,6.175152240952293,54808.0,136489.18020738685, 0.0, 0.0,0.0,NaN, 62.37116669526466,62.37116669526466,0.0, 227.48355109703593, -1.8418104662965467, -14.26298305504632, -1.8418104662965467, 98.41636035371836, 25.796950021050527, -14.26298305504632, 25.796950021050527, 83.44825426301219, 8.653385279823322, 5.207548137496253, 5.0, 0.0
45, 0 ,1.0,1.0,1.0,118.31162295557921,116.06478273492694,51.23513016548921,12.379910605279012,8.721056757775864,11.08034725982057,57.0,38.0,55.0,-0.9890346901103276,-0.07030238707293286,-0.12987669587041162,12.41821390156504,0.1280136712952336,0.03040596352525441,-0.9913061975714751,11.056932913054055,0.0736402180868834,-0.9970622105736173,-0.021072886042681222,8.6962814476338,56.867094045799206,56.77651153463743,38.4668344204087,18.023485779742572,5.219872921125023,51665.0,124198.45379811546, -1.4210854715202004E-14, 1.4210854715202004E-14,0.0,69.5702998254599, 127.84033089976377,127.84033089976377,0.0, 153.26218659469976, 5.645756275383295, 4.1772264460586905, 5.645756275383295, 76.05683097234807, -0.6879702054367773, 4.1772264460586905, -0.6879702054367773, 122.7740953982132, 6.920169024208814, 4.3130384040228105, 9.0, 0.0
47, 0 ,1.0,1.0,1.0,159.75751116820928,51.51689100411691,42.504248299220414,12.49285016139054,12.563962287864287,10.842879462292554,64.0,58.0,56.0,-0.8037738942702245,-0.38740413551476566,-0.45151474247884216,13.83858850272329,0.19925685644108715,-0.8903961046578552,0.4092572320330261,12.524619738418991,0.5605749120776755,-0.238982870926297,-0.7928700746988315,9.117009225614373,65.031036345596,57.14409429051468,47.127477542483426,19.916458690402646,5.9014542100324014,68498.0,175132.28897190976, 0.0, 0.0,0.0,NaN, 77.9747336615435,77.9747336615435,0.0, 156.07130515495567, 20.66614440682058, 45.3490403259956, 20.66614440682058, 157.85314837087603, -7.91435392686205, 45.3490403259956, -7.91435392686205, 117.56803503380569, 7.57464680426627, 4.404367698804181, 3.0, 0.0
48, 0 ,1.0,1.0,1.0,8.479041714401239,118.05131747422332,68.28900195430958,6.023071709221273,9.703733213932773,12.80575674571841,24.0,47.0,56.0,-0.06719308863782267,0.026628529655139947,0.9973845849258522,12.829994276229653,-0.049715323321011834,0.9983126919713551,-0.030002594487715254,9.70921795233893,-0.9965006148851071,-0.05160126410575941,-0.06575586723852617,5.962346061577622,56.32140131831258,47.28159465898182,25.52156793508957,16.24346620161698,5.529651226707801,29678.0,67963.05919850462, 0.0, 0.0,0.0,NaN, 107.00873097098568,107.00873097098568,0.0, 36.27739281442167, -3.14524498049171, -8.561619407790928, -3.14524498049171, 94.16243828718208, 1.6689079460740028, -8.561619407790928, 1.6689079460740028, 163.98740583051259, 7.463083506776273, 4.581863721237886, 9.0, 0.0
49, 0 ,1.0,1.0,1.0,50.61988774521455,140.11099329030841,49.66263231987129,10.544579042165095,13.693709916463721,9.062383766736245,50.0,59.0,40.0,-0.38394246546699,-0.9190043338428152,0.0895500842503977,14.311961909929474,0.9182165524536251,-0.3697858494191215,0.1419041520518623,9.754796947549526,-0.09729617675586394,0.13670939963112672,0.9858214818318723,8.99134699525801,66.81636930886714,47.416594413516826,39.85932661241429,18.659369815106803,5.714941477507459,54697.0,126282.50526267097, 0.0, 0.0,0.0,NaN, 92.81941181105562,92.81941181105562,0.0, 111.18814717646735, 38.88903708610722, -2.3981609857497665, 38.88903708610722, 187.51769127625687, -10.954820937417658, -2.3981609857497665, -10.954820937417658, 82.1267995356046, 7.375878416863904, 4.351734272126984, 6.0, 0.0
50, 0 ,1.0,1.0,1.0,141.5553507660408,147.47913066850978,17.35598817340552,8.680862228981013,13.949261609686078,10.254728322483166,38.0,61.0,40.0,-0.03479587384363967,-0.9796506602729791,0.19767101707173504,14.086013290030236,0.2578593815305331,-0.19989425664177418,-0.945278173617863,10.17309947954848,-0.9655556879435532,-0.01807954613227598,-0.25956760871014395,8.555173758273503,65.18909113312938,47.76200471943001,41.689954616122336,18.515754095992424,5.680279193726804,52086.0,129804.24506515426, 0.0, 0.0,0.0,NaN, 80.47017500224162,80.47017500224162,0.0, 75.3573690385492, 2.706786205173878, -8.247135773603857, 2.706786205173878, 194.5818994554618, -18.524057152699115, -8.247135773603857, -18.524057152699115, 105.15945296793839, 7.883054792445587, 4.462624258630464, 5.0, 0.0
