// Sample: .//bubblelabels.tif, Map: .//bubblelabels.tif, Thickness:(8.191250068658265):/gpfs/home/mader/Foam/NewValid/InSilicoTest/LatticeData_Phi_6.65/out_Step_03000.vtk/distmap.tif, Neighbors:(1.0):
//LACUNA_NUMBER, TRIANGLES, SCALE_X, SCALE_Y, SCALE_Z, POS_X, POS_Y, POS_Z , STD_X, STD_Y, STD_Z,PROJ_X, PROJ_Y, PROJ_Z, PCA1_X, PCA1_Y, PCA1_Z, PCA1_S, PCA2_X, PCA2_Y, PCA2_Z, PCA2_S, PCA3_X, PCA3_Y, PCA3_Z, PCA3_S,PROJ_PCA1, PROJ_PCA2, PROJ_PCA3,OBJ_RADIUS, OBJ_RADIUS_STD, VOLUME, VOLUME_BOX, Mask_Grad_X,Mask_Grad_Y,Mask_Grad_Z,Mask_Angle, Mask_Distance_Mean,Mask_Distance_COV, Mask_Distance_STD, SHAPET_XX, SHAPET_XY, SHAPET_XZ, SHAPET_YX, SHAPET_YY, SHAPET_YZ, SHAPET_ZX, SHAPET_ZY, SHAPET_ZZ, Thickness, Thickness_STD, Neighbors, Neighbors_STD
1, 0 ,1.0,1.0,1.0,156.05804073033707,182.02162921348315,183.78576193820226,15.871498395860108,11.57223690599981,9.213089366574902,74.0,54.0,41.0,-0.954133201671563,-0.2993547864297802,-0.00406759259920247,16.27448919695064,-0.26548698357133393,0.8523097501004779,-0.4506492554502385,11.545861097831823,0.13837086045178243,-0.4288995240440826,-0.8926918299461423,8.51682082133822,78.88971878687789,66.81719028554544,45.60450508204951,20.42924103831523,7.303988952159962,56960.0,240389.9815806013, 0.0, 0.0,0.0,NaN, 50.16990249660496,50.16990249660496,0.0, 251.90446132979, 41.18104799543914, 8.017104477393032, 41.18104799543914, 133.91666700858406, -23.10739218237247, 8.017104477393032, -23.10739218237247, 84.88101567649554, 9.749002004986671, 6.409734669023485, 12.0, 0.0
2, 0 ,1.0,1.0,1.0,184.7778927171102,36.386518728622676,15.84197881037791,9.098709094166871,16.27475053313782,10.209225582750882,41.0,74.0,48.0,0.04084558066691764,-0.9991578121033464,0.003912167281174371,16.284061945634964,0.41902273060776063,0.020683877659429997,0.9077401216421943,10.494297290200478,0.9070565526878676,0.03543788534638217,-0.41951467972906287,8.751077078351774,73.9885362703029,60.50325126183036,42.01258949505035,20.09288306990625,6.939621678066791,59935.0,188071.3314855067, 0.0, 0.0,-1.7763568394002505E-15,89.77584875426263, 42.50481840860725,42.50481840860725,4.76837158203125E-7, 82.78650718027492, -7.405783977385133, 12.790930540148112, -7.405783977385133, 264.8675049158697, -0.10727089549024131, 12.790930540148112, -0.10727089549024131, 104.22828699949508, 8.461105696657457, 5.907016511550895, 14.0, 0.0
3, 0 ,1.0,1.0,1.0,171.10291436501674,187.28018449481618,79.06326702767423,16.218866002518702,7.364806587694702,15.629424702985565,64.0,29.0,65.0,-0.8849501315685351,-0.015749627538534438,0.46541939567365426,16.44478637377232,-0.46469647522373303,-0.035245968017965396,-0.8847682790726139,15.400676625693457,0.030338927988158126,-0.9992545576432834,0.023872127631515264,7.3456836046698255,71.66490629930759,78.24369945148416,30.02579755570389,22.542263484095653,7.308711517214363,73498.0,168364.4770317397, 0.0, 0.0,0.0,NaN, 85.13422025114689,85.13422025114689,0.0, 263.051614407657, 6.018037014356987, -13.827540229629976, 6.018037014356987, 54.24037607415129, 4.12690334565708, -13.827540229629976, 4.12690334565708, 244.27891654629542, 8.531319771566476, 5.556929264429203, 12.0, 0.0
4, 0 ,1.0,1.0,1.0,56.55406475144544,80.87596821547741,32.99040051304147,13.250174213315,13.408059992909086,13.654810483895758,66.0,67.0,66.0,-0.1369424294120698,0.6673912313757869,0.7320080022168003,14.558641810611995,-0.9594959485784228,0.09429617113410926,-0.26547270438039305,13.276832806068684,-0.24619970692166374,-0.7387131895344484,0.6274460358624714,12.392283812024123,76.4276613022902,66.96525169198537,69.91269001410072,22.363577612340567,6.455031772544703,99797.0,357812.97797750187, 7.105427357601002E-15, 0.0,0.0,82.12904379409841, 104.05599934992928,104.05599934992928,0.0, 175.56711668319778, -7.390410398174428, -0.06915243913255431, -7.390410398174428, 179.77607277344921, 27.95494030432258, -0.06915243913255431, 27.95494030432258, 186.4538493511095, 8.700020804648727, 5.416189514816773, 24.0, 0.0
5, 0 ,1.0,1.0,1.0,13.234540297013183,106.64331720340397,138.20655765059234,7.869725304323844,15.208828105305551,12.006357139491952,32.0,76.0,57.0,-0.008826868323345553,0.9991756802670498,-0.039623810499272605,15.213797187824877,0.011854459156853224,-0.03951801001007621,-0.9991485368467208,12.001091182190235,-0.9998907731315962,-0.009289071413412045,-0.011495867021487177,7.868152643903409,75.7168741861237,57.07792989537235,32.39454914404447,19.86863711344108,6.529234236703441,59930.0,140001.545644314, 0.0, -1.4210854715202004E-14,0.0,2.326565672827519, 112.73443483269467,112.73443483269467,0.0, 61.93257636551502, -1.5338472653270163, -0.9133384671571241, -1.5338472653270163, 231.30845233673205, -3.4703591466865165, -0.9133384671571241, -3.4703591466865165, 144.15261176102936, 9.444538056266122, 5.416484423364821, 16.0, 0.0
6, 0 ,1.0,1.0,1.0,51.70497882352941,187.65581176470587,120.9203388235294,14.601507179644827,7.188390009542012,12.00966267746032,65.0,28.0,54.0,-0.9505785588245069,0.014741439049489633,0.31013399278033693,14.881383703651984,0.3101917771895033,0.0017521119052417164,0.9506723891372304,11.662657981569637,-0.013470889619528586,-0.999889803967728,0.006238193186875861,7.185804641269982,65.8014788201828,57.23520911572675,28.390101663978726,19.257712608874115,6.184615230300057,53125.0,106921.70504022976, 0.0, 0.0,-1.4210854715202004E-14,71.93269429934023, 95.28576299802289,95.28576299802289,0.0, 213.20401191721942, -2.3338063475155675, -25.180602910471872, -2.3338063475155675, 51.6729509292834, 0.9169392073078955, -25.180602910471872, 0.9169392073078955, 144.23199762638336, 10.078445602725534, 5.432522250625825, 11.0, 0.0
7, 0 ,1.0,1.0,1.0,56.724902157094746,149.67414520190528,11.79789751524529,12.994455028281521,16.839824969431806,8.192481304561367,60.0,86.0,32.0,-0.2730810843593097,0.9589946688726062,-0.07586795396651211,17.16032334610039,0.9522181671847066,0.28067791941480147,0.12041788752663421,12.675935840870475,-0.13677457164452178,0.03935899677201518,0.9898199765232859,8.024728632429543,93.96049430318176,58.55108018667791,36.025635033240874,21.261787312812043,8.215151652494303,65922.0,198194.61454665705, 0.0, 0.0,0.0,NaN, 76.74370704931523,76.74370704931523,0.0, 168.85586148203092, -34.520969885067835, 15.807042738978792, -34.520969885067835, 283.57970500109894, -13.485715898713925, 15.807042738978792, -13.485715898713925, 67.11674992558753, 8.437095329306509, 5.300750093793619, 18.0, 0.0
8, 0 ,1.0,1.0,1.0,26.802528064158277,51.68635313514559,50.00259523494509,13.648823983213642,12.99896539989927,13.240225243989697,64.0,66.0,65.0,0.7741920556234926,-0.1266262038762464,0.6201551946902985,14.748093237179674,-0.21909834583104218,0.8655986316528929,0.45026095071051864,13.372050679967915,0.5938203228785388,0.4844634283127371,-0.6423959921760858,11.58659003261673,74.5056181930985,66.36462180080362,61.92418599785709,22.149336346616515,6.322496461727569,98257.0,306186.43960018206, 0.0, 0.0,7.105427357601002E-15,51.67253150219682, 76.7470790406431,76.7470790406431,0.0, 186.2903961247479, -16.613317016790493, 35.57720422304419, -16.613317016790493, 168.97310146777835, 10.830078060092896, 35.57720422304419, 10.830078060092896, 175.30356451158204, 7.944759404431971, 5.107574664440449, 21.0, 0.0
9, 0 ,1.0,1.0,1.0,90.40751877791311,179.27769742184327,85.98544711733658,13.346521738410212,12.564787965848609,12.15688252724394,65.0,57.0,59.0,-0.7852117963503646,-0.5964113373798018,0.16654114061417413,14.459305792039714,-0.04257051023008366,-0.21632103903920363,-0.9753937459958155,12.100867906374269,-0.6177622411016914,0.7729804167725312,-0.14446829671308564,11.326553043471232,81.43646092079493,56.91686983748676,60.090870882017725,20.988500740195786,6.5784624799828295,78816.0,278527.7031680267, 0.0, 0.0,0.0,NaN, 126.47699550387681,126.47699550387681,1.9073486328125E-6, 178.12964251385634, 37.99740708114858, -9.810464575235066, 37.99740708114858, 157.87389662673402, -4.196159168913967, -9.810464575235066, -4.196159168913967, 147.789792781209, 8.374360115677602, 5.209696641921912, 20.0, 0.0
10, 0 ,1.0,1.0,1.0,187.74948332185159,20.084424098313296,111.23696082135159,7.4323320178282515,11.128446148061878,13.510110460809097,30.0,44.0,69.0,0.014686953571450946,-0.34750045570852006,0.9375647853226792,13.851727562502573,0.03634525496878677,-0.936860728816715,-0.3478088515870005,10.705283647986937,-0.9992313625162312,-0.03918428362730655,0.001129637362551032,7.425059131559944,76.45322429707505,55.93640966053377,30.816755392098628,18.058329633959545,5.958329328602664,44999.0,131788.43607436938, 0.0, 0.0,0.0,NaN, 91.82775383549775,91.82775383549775,0.0, 55.23955922323496, -2.722911334464763, 1.1310975652593473, -2.722911334464763, 123.84231367031325, -25.171364122765464, 1.1310975652593473, -25.171364122765464, 182.52308466326338, 9.276128536694054, 5.343197922065383, 10.0, 0.0
11, 0 ,1.0,1.0,1.0,76.99236911049195,100.41378342412774,160.74682912629433,12.077006316925416,14.528635063433606,13.289175408826427,62.0,79.0,75.0,0.15731699311762867,0.8653105088117594,0.47590869609239334,15.11853173184841,-0.09827483105184853,-0.4657997882299889,0.87941606470807,12.703891057001913,-0.9826461322664221,0.18511693770379697,-0.011760021981694664,11.98243096024198,73.61022262677375,66.2530989016476,63.894647811757295,22.15136716612077,6.5463298193543125,96188.0,311608.1503797779, 0.0, 0.0,0.0,NaN, 131.8561748906099,131.8561748906099,0.0, 145.8540815790564, 12.384993107594626, 4.823940331212655, 12.384993107594626, 211.08123680643243, 27.70456246043499, 4.823940331212655, 27.70456246043499, 176.60218304655703, 7.573780036555517, 4.863417163691471, 29.0, 0.0
12, 0 ,1.0,1.0,1.0,21.765366078349867,177.8223927379762,47.73362842794711,13.31857343061877,12.589952133737963,13.937158981215575,55.0,54.0,83.0,0.2572651216236497,-0.5180505060480147,0.8157440348414227,14.98466489692477,0.9596179459842863,0.23636111875308463,-0.15253464946263748,13.215449817011246,-0.11378952034729799,0.8220444603092862,0.5579380344930304,11.443224960001588,92.2068951437739,64.99511857685116,61.56400204768917,21.965950187399113,6.901646599815479,89011.0,368952.9462827208, 0.0, 0.0,0.0,NaN, 56.95679684893168,56.95679684893168,0.0, 177.3843982267842, -2.5616645995144545, 13.24492287152935, -2.5616645995144545, 158.5068947298131, -41.12754679963769, 13.24492287152935, -41.12754679963769, 194.24440046767793, 7.664250356849081, 4.809763389356768, 13.0, 0.0
13, 0 ,1.0,1.0,1.0,175.2157970419063,60.991248972884144,109.39939400164339,13.018477365596327,13.617871004062106,13.238110184601787,55.0,69.0,65.0,-0.602760472373427,-0.6568063774230417,0.45308409321072446,14.543430376694207,0.12558038250677167,-0.6388410488522076,-0.7590202117406789,13.186676417060164,-0.7879780329892555,0.4006089076366534,-0.46755012848736444,12.032245127634093,78.70747708928573,69.64783563304447,67.48643661821873,22.111413997978673,6.42340220378151,97360.0,369947.51453005505, 0.0, 0.0,-1.4210854715202004E-14,63.05827098208198, 111.9940131203886,111.9940131203886,NaN, 169.48075291854389, 24.085095101476035, -21.00084498741291, 24.085095101476035, 185.4464106832755, -5.74305378297671, -21.00084498741291, -5.74305378297671, 175.24756125965754, 7.117681806461676, 4.499371812079374, 20.0, 0.0
14, 0 ,1.0,1.0,1.0,169.79122684862833,186.76004734716614,23.150633616487955,16.464806382886344,7.532439593575275,14.936299591382355,77.0,35.0,52.0,0.9186270795395977,0.010735139646085731,0.394979803930945,16.787883425997766,-0.3941723778251633,0.0942941637093655,0.9141863853996117,14.621391938860144,0.027430371783942312,0.9954864978828845,-0.09085266774654602,7.436558934458124,90.18491177398009,68.20345607777344,35.25348300266009,22.15636389942712,7.747004562828081,71810.0,216841.4477641903, 0.0, 0.0,0.0,NaN, 40.29662713435429,40.29662713435429,0.0, 271.0898492259349, -3.656557167125658, 25.0854100985709, -3.656557167125658, 56.73764623086046, 14.622121819323839, 25.0854100985709, 14.622121819323839, 223.09304548352867, 8.439059265122873, 4.971222033075025, 11.0, 0.0
15, 0 ,1.0,1.0,1.0,164.95850793175697,10.726204729123017,80.80236082011373,13.045616765029674,7.211422579274507,14.491196626591366,69.0,31.0,68.0,-0.47814518528477123,-0.028112425306038687,0.8778307771617511,15.05868531799356,-0.8771105727756172,-0.036294113567092716,-0.47891521216767285,12.397238795181634,-0.045323558048987134,0.9989456586140166,0.007303849806007273,7.192494617051514,77.00030221586191,59.06216518169376,32.09160005924024,19.63896677098449,6.818980586240429,53456.0,145946.3253603233, 0.0, 0.0,0.0,NaN, 88.72417454315172,88.72417454315172,0.0, 170.1881167800233, 5.59852443297655, -30.636997974053003, 5.59852443297655, 52.00461561687019, -2.5471910924276933, -30.636997974053003, -2.5471910924276933, 209.99477967053298, 7.345447846819624, 4.977360935384534, 14.0, 0.0
16, 0 ,1.0,1.0,1.0,189.82904116164647,24.547653906156246,175.8751230049202,6.236479935985403,13.16604226724261,12.835647724751967,27.0,55.0,54.0,-0.024188325053397134,0.8007514082196394,0.5985082348350571,13.579082334539288,0.009263331539470742,-0.5984781709519179,0.8010855569680664,12.401697285498672,-0.999664501530339,-0.02492109805590582,-0.0070585587613109695,6.228854700452999,74.71037737898847,62.980367756399275,27.811608638033476,18.388815686544074,6.232468301969174,41665.0,130861.6017569568, 0.0, 0.0,0.0,NaN, 35.88934947885849,35.88934947885849,0.0, 38.8936819919485, -3.457531770705627, -1.2543261451086332, -3.457531770705627, 173.34466898281892, 14.639924235539022, -1.2543261451086332, 14.639924235539022, 164.75385251393033, 7.94230254846905, 4.925408899408239, 10.0, 0.0
17, 0 ,1.0,1.0,1.0,189.19570949437846,177.01428059147383,138.27413673086252,6.477514662369655,13.143089620652255,14.856631503534883,28.0,58.0,70.0,0.012410850095223476,0.5453725935778013,0.8381018464209088,15.998506910043307,-0.013863950931567795,-0.8379919789278706,0.5455064015363328,11.728573468198315,-0.9998268658445225,0.018389601049888057,0.002839173954688968,6.473549386534946,77.86373133170994,66.9651655152017,28.547100393765675,19.6044717207192,7.147250461615346,47407.0,148849.082082152, -2.8421709430404007E-14, 0.0,0.0,89.28889241335528, 66.74697136483134,66.74697136483134,0.0, 41.95819620121387, 2.560054520899999, 1.5029965914537151, 2.560054520899999, 172.74080477649704, 54.109718173122026, 1.5029965914537151, 54.109718173122026, 220.71949963182516, 7.613814032130344, 4.865666503852051, 11.0, 0.0
18, 0 ,1.0,1.0,1.0,21.07003103494805,9.827445688840912,20.270759681554445,12.533573608466211,6.475993236713224,12.141759790435774,60.0,26.0,48.0,-0.7447478051419497,0.06394499541714416,0.6642753527697306,13.972230638543758,0.6657855381240769,0.0031630314000953286,0.7461364569950966,10.484255213357944,-0.045610568523995365,-0.997948411889845,0.044929313876961016,6.427165021528153,76.63403023688119,54.411824397124064,28.10874987086815,17.526383928705904,6.267148713176011,37055.0,117207.79201897756, 0.0, 0.0,0.0,NaN, 30.84523617429643,30.84523617429643,NaN, 157.09046739884073, -7.185379073338113, -42.06060238493149, -7.185379073338113, 41.938488401955425, 6.699777018050468, -42.06060238493149, 6.699777018050468, 147.42233080864298, 7.911002346719266, 4.66853667635331, 4.0, 0.0
19, 0 ,1.0,1.0,1.0,22.879212950123343,39.89341546366171,145.72729130479206,13.999701541332923,12.68997098202934,10.795910971123835,59.0,61.0,59.0,0.8672780035038017,0.36259555394640997,0.34110603761404806,14.482348193354074,-0.45722545516654495,0.8511985759255033,0.25769335942189375,12.8237184781719,0.19691050704877586,0.37945414558374724,-0.9040137187084623,9.969580516081134,73.41394187174572,59.91026188576855,50.70108141206484,20.774380946739615,6.481033617194347,68509.0,222995.9544376401, 0.0, 0.0,0.0,NaN, 71.13697977626204,71.13697977626204,0.0, 195.99164324639943, 9.381774846542736, 24.978971165070316, 9.381774846542736, 161.0353635247467, 27.917714185108473, 24.978971165070316, 27.917714185108473, 116.55169369643198, 7.9187403922645885, 4.7839386648505, 16.0, 0.0
20, 0 ,1.0,1.0,1.0,121.92975017190007,78.94703840738678,179.88011198061622,11.48486073471789,11.250886965204868,11.44699852596716,55.0,55.0,47.0,-0.4156741179137155,0.6867116406523421,-0.5963574014709826,12.511890264249764,0.8177824577760037,-0.004772389898175493,-0.5755076681057328,11.538232405268177,0.39805386501137363,0.726914263780281,0.5595969743148,9.99199949112124,60.3412417410821,59.34522984390543,48.93297366478129,18.96267972220456,5.47129204176353,61082.0,175227.2591982421, 1.4210854715202004E-14, 0.0,0.0,65.4382239268338, 112.83797532494052,112.83797532494052,0.0, 131.90202609586476, -16.316938839492945, -1.610759953688097, -16.316938839492945, 126.58245750381681, -23.131672796284846, -1.610759953688097, -23.131672796284846, 131.03377525349435, 7.789891019967547, 4.817076836391319, 16.0, 0.0
21, 0 ,1.0,1.0,1.0,171.27478090559023,94.16412163059354,9.212737352277253,12.915281958535093,19.379447680126685,6.441001079825853,58.0,101.0,26.0,0.22859519073695575,0.9725621330958716,-0.04321036958813704,19.70754566406895,-0.9732588097901005,0.22933943916860702,0.013065634610904566,12.435776433993565,-0.02261698339504417,-0.03906813163996148,-0.9989805569440635,6.3889047377398525,107.71826602886635,66.06820177829638,27.943325447254907,22.44646055802536,8.944853480214634,60248.0,198865.72104143348, 0.0, 0.0,0.0,NaN, 98.87818032308797,98.87818032308797,0.0, 166.8045080684621, 51.864941017220914, -4.880674327229948, 51.864941017220914, 375.5629923867676, -14.265428677123227, -4.880674327229948, -14.265428677123227, 41.4864949103178, 7.301592746819515, 4.782857630012372, 12.0, 0.0
22, 0 ,1.0,1.0,1.0,15.80866583019657,100.77070681723129,22.448297783354246,9.916336521410058,12.008514550463772,12.689243981737947,39.0,53.0,54.0,-0.04181871809352975,0.3202470502103865,-0.9464105988674051,12.80000013675796,-0.3227381434161948,-0.9007893131351024,-0.29054897027155013,12.132707281321846,0.9455640039686799,-0.2932924141077239,-0.14102579276707447,9.618340556841375,58.79433598938101,64.15182688330307,47.125884841285874,19.208790072659802,5.880259219382063,59775.0,177747.71893372593, -1.7763568394002505E-15, 0.0,0.0,87.60326503172142, 102.95772246049755,102.95772246049755,0.0, 98.33373000585091, 14.94421704506339, 7.95133721034238, 14.94421704506339, 144.20442170870012, -7.304636228883413, 7.95133721034238, -7.304636228883413, 161.01691282807272, 7.703686052226761, 4.869697624470693, 10.0, 0.0
23, 0 ,1.0,1.0,1.0,80.72969418374514,23.274800485219945,41.42778522632957,12.037757373430367,11.614596189705097,13.603617984224542,61.0,49.0,68.0,-0.4362869507497924,-0.009527830730614306,0.8997571433709303,14.059080074212103,-0.6192852187281589,0.7286201682563089,-0.2925721590906503,12.42765284995803,-0.652793623184437,-0.6848517144986327,-0.32378791620135916,10.618878547192677,63.833991696875344,63.07713419494818,61.665378941609035,20.69692856831534,6.041689939929106,78315.0,248293.50608167629, -1.4210854715202004E-14, 0.0,0.0,64.1327871396958, 93.67636441166309,93.67636441166309,0.0, 144.90760258157715, -18.456793060440262, -25.77367317300445, -18.456793060440262, 134.89884464991215, -9.614165432622684, -25.77367317300445, -9.614165432622684, 185.05842226071738, 6.7935031820936524, 4.529259411503299, 20.0, 0.0
24, 0 ,1.0,1.0,1.0,152.93032780847145,86.04027992633517,71.566394106814,10.514321038027134,13.054031855840037,11.642602624591545,47.0,62.0,60.0,-0.23852364179366184,0.9249361679592549,0.295972224214262,13.358730195556001,-0.005648351662893299,-0.3060850155221972,0.9519874260704652,11.471683385043805,-0.971120264657772,-0.2253997526032908,-0.07823287734318682,10.317640153338477,66.92784625942855,56.784918790391245,46.71371135195125,19.60946958183846,5.654873400623406,67875.0,177535.10098221674, 0.0, 0.0,0.0,NaN, 121.40935950523705,121.40935950523705,0.0, 110.55094689069998, -15.841539833935371, -5.218291304145498, -15.841539833935371, 170.40774769328647, 12.383712390599946, -5.218291304145498, 12.383712390599946, 135.5501958741459, 6.911932817480182, 4.36226755515263, 18.0, 0.0
25, 0 ,1.0,1.0,1.0,137.17539607472216,118.3245891463703,123.28354812012296,10.280797240676291,12.396176803613814,13.85731933709871,50.0,62.0,72.0,0.2818652550838842,0.5183564404298158,0.8073775935963462,14.71983260412461,-0.344868310670126,-0.7305211937996906,0.5894104119414647,12.082854926955697,-0.8953311266073744,0.44457326288746213,0.027143832698523107,9.41894024725567,74.63966529347545,60.50051056173865,47.04336825538179,20.28309495506964,6.3230806972787565,67664.0,212435.51901807068, 0.0, 0.0,0.0,NaN, 128.46484961075825,128.46484961075825,0.0, 105.69479190389725, 33.12586864523046, 17.47636632345677, 33.12586864523046, 153.66519934645322, 28.888233516164078, 17.47636632345677, 28.888233516164078, 192.02529921032985, 7.180929708420758, 4.540566494590114, 25.0, 0.0
26, 0 ,1.0,1.0,1.0,119.4841155180888,56.244128029073146,14.32617923474479,15.27897017907077,11.985784847221472,9.422911982697363,74.0,63.0,42.0,-0.9148309290387394,0.3582365903682789,0.18641597730727566,15.96961665379482,0.37796212695345766,0.9221097225724818,0.08281479412591854,11.330859659590732,-0.14222869563816998,0.14621971432953132,-0.9789743578247878,9.081861135030511,77.80639728691261,54.38843224082011,47.138420469740566,20.498407158112254,6.761105113128031,67141.0,199478.8577466435, 0.0, 0.0,1.7763568394002505E-15,79.2563018376478, 99.25446591021118,99.25446591021118,0.0, 233.44692973293385, -40.54856402878999, -27.989293127092967, -40.54856402878999, 143.65903840388387, 15.028709673125388, -27.989293127092967, 15.028709673125388, 88.79127023366154, 7.075311472108371, 4.627070620458994, 17.0, 0.0
27, 0 ,1.0,1.0,1.0,150.9420681693906,151.02358891791724,55.34763655143083,9.955022986103401,14.77737993110401,10.980967026113223,46.0,65.0,50.0,-0.019229436416313146,-0.9664933397716213,0.2559704142126735,15.023128728526466,0.4385258825296252,-0.23823084552571566,-0.8665685862017596,10.851752257583758,-0.8985128152267637,-0.09558602626534501,-0.4284133896787966,9.72626101113767,67.76212270869155,57.72351336990983,52.28950795064068,20.00418455245362,6.155296703004083,65836.0,204528.72642538862, 0.0, 0.0,0.0,NaN, 88.70586446119083,88.70586446119083,0.0, 99.10248265384709, 0.016829214000555943, -9.446505167276834, 0.016829214000555943, 218.37095762819555, -27.650584476037054, -9.446505167276834, -27.650584476037054, 120.58163682858587, 6.598087593682667, 4.5216636843096945, 20.0, 0.0
28, 0 ,1.0,1.0,1.0,10.494723164199918,83.69879250784395,105.91785250213925,6.976999422812912,11.426021490562754,10.70820453069004,28.0,58.0,48.0,-0.03540553871751557,-0.7639171029557478,0.6443423838611112,13.023646623439813,0.046591316373276875,-0.6453073029362024,-0.7625009731244995,8.70720802152183,-0.9982863802871037,-0.003024002133081661,-0.05843935612557166,6.961845259522441,66.89458094528977,43.88919153387978,29.47748991156993,16.212987450173202,5.571101350750587,31553.0,86544.40925943032, 0.0, 0.0,0.0,NaN, 126.36090202025916,126.36090202025916,0.0, 48.67852094593171, 2.4544369458548245, -3.7353556732606665, 2.4544369458548245, 130.5539671028019, -46.17541057331064, -3.7353556732606665, -46.17541057331064, 114.66564427109068, 8.701245589759411, 4.635452873518389, 10.0, 0.0
29, 0 ,1.0,1.0,1.0,57.34798910337151,69.66800433521779,93.63343976097718,14.106199090881747,10.282001896345337,11.08940981135783,64.0,48.0,52.0,-0.9902576797416967,-0.04767288031225661,-0.13083204575074414,14.153040299749497,0.13542931708774136,-0.5482324504515568,-0.8252878772555854,11.587352647349807,-0.03238252284395909,-0.8349661530592816,0.5493476999675577,9.649048380638554,63.19798657740557,59.34303436347945,54.94224319585377,19.840058883091142,5.835365392820735,68278.0,206053.20707941393, 0.0, 0.0,0.0,NaN, 130.0370859552185,130.0370859552185,0.0, 198.984852791593, 2.0047631300744957, 9.288459991200469, 2.0047631300744957, 105.71956299644908, 19.292653746475196, 9.288459991200469, 19.292653746475196, 122.97500996423933, 7.512903519815233, 4.565240385851106, 16.0, 0.0
30, 0 ,1.0,1.0,1.0,97.12765292686737,187.44446428172913,139.169988172019,11.151576008124852,7.505883116454493,13.026036000038555,54.0,31.0,63.0,0.11251778303149271,-0.08374351052070175,0.9901145251673401,13.077445457846105,0.9921124328812078,-0.04593805686279919,-0.11663025102520097,11.134243773281272,0.05525096401158135,0.995427907674554,0.07791412964572958,7.441947231160024,61.83717169250103,53.630482698802,33.72553550176474,17.838403162589263,5.671412108645309,44809.0,111845.92810372385, 0.0, 0.0,0.0,NaN, 115.28969068935477,115.28969068935477,NaN, 124.35764746498583, -4.215589182786737, 4.946164111139534, -4.215589182786737, 56.33828135787662, -9.220636131891752, 4.946164111139534, -9.220636131891752, 169.67761387430045, 7.263196043696948, 4.714080944197342, 11.0, 0.0
31, 0 ,1.0,1.0,1.0,46.646597707246634,121.40330946276487,145.0635369699113,11.454616268733977,10.807152101182789,13.49148463995375,54.0,56.0,62.0,0.21270401949582338,0.3658430104059926,0.9060440893396974,13.949291454669853,-0.8642144719175133,-0.36225007271389525,0.3491535927741703,11.674481994215839,-0.4559499387198709,0.8572827868071646,-0.23911477751382845,9.957241900825622,63.87502963946636,59.26314374914619,52.01874199172897,19.867728878397557,5.941067025936949,67866.0,196913.56989489353, 0.0, 0.0,0.0,NaN, 106.63657820524774,106.63657820524774,0.0, 131.2082338639451, 19.055741817035805, 7.1835362432786996, 19.055741817035805, 116.79453653809958, 26.935813656271876, 7.1835362432786996, 26.935813656271876, 182.02015779010796, 6.9128224554879, 4.418277708875587, 17.0, 0.0
32, 0 ,1.0,1.0,1.0,17.623000052687964,139.80447496443563,23.516377175573858,10.207375163139968,10.385390765102606,12.610247571379954,41.0,47.0,53.0,0.1680120190463091,-0.20082190036161127,0.9651127010826942,12.74432617299803,0.6178085197259734,-0.7414549295936926,-0.26183433757858093,10.622226491067268,-0.7681696390837014,-0.6402461649368653,5.038587619112599E-4,9.7885467585932,60.07256959827328,57.892410622503846,49.423988191152404,18.50895165929646,5.337031136344025,56939.0,171884.07062943064, 0.0, 0.0,0.0,NaN, 66.98575490825007,66.98575490825007,0.0, 104.1905077210867, -10.041854272351753, 8.04700736667085, -10.041854272351753, 107.85634134387851, -9.605089181480734, 8.04700736667085, -9.605089181480734, 159.01834381149402, 7.3796789956770334, 4.634588183686568, 9.0, 0.0
33, 0 ,1.0,1.0,1.0,113.18833717525388,71.68215375989035,66.76489003800387,10.215397645580252,11.654298353421243,12.504005971459003,49.0,58.0,57.0,-0.08654145112319317,-0.3412233881510772,0.9359899447195956,12.650006202666978,0.05052713817483082,-0.9398089777714398,-0.3379439208035301,11.5171301998919,-0.9949661228129091,-0.01804673596250005,-0.0985734739965386,10.191184402874418,58.66071678648598,60.84454697608121,47.54318021106408,19.151491637536047,5.454131696207718,64204.0,169690.39321320294, 0.0, 0.0,0.0,NaN, 130.88982585304603,130.88982585304603,0.0, 104.35434905732656, 0.29163909936148963, -5.0407614843240935, 0.29163909936148963, 135.82267011055708, -8.79535370061739, -5.0407614843240935, -8.79535370061739, 156.35016533428242, 7.635654800538834, 4.491059584199634, 17.0, 0.0
34, 0 ,1.0,1.0,1.0,189.66997989725263,10.30182041545678,46.16847219119946,6.112706153910447,6.783818650282608,10.74694381654431,25.0,29.0,49.0,-0.023799668468279973,0.034492318497844496,0.9991215420285173,10.753167373186105,0.3644236063312314,0.9309377927017503,-0.023457648393073956,6.891221523687357,-0.930929111656381,0.36354519125445245,-0.03472582592860393,5.980186515122302,49.008004441136016,36.154701443417686,28.39973825689222,13.35195599158175,4.539542333629867,17908.0,50320.63766225779, -2.8421709430404007E-14, 0.0,0.0,88.6362506788486, 48.418639423935126,48.418639423935126,0.0, 37.365176524054654, 3.9126512539283955, -1.9994041406081706, 3.9126512539283955, 46.020195479922144, 2.4963372686267493, -1.9994041406081706, 2.4963372686267493, 115.49680139595995, 8.613139415076196, 4.6937115873977815, 5.0, 0.0
35, 0 ,1.0,1.0,1.0,172.83403681014065,104.1888669833415,124.16445479444805,11.8607222094506,11.958438393655747,13.50188793081816,52.0,60.0,62.0,-0.3784826801079148,0.033166404738128374,0.9250139731134207,13.826724009651572,0.5299229650741114,0.8271333290415952,0.18716865943749894,12.345363300151412,-0.7589021754780991,0.5610262432233584,-0.3306312787219218,11.063257476403011,70.22184673865496,64.20019534759825,59.604876515976926,20.68926253834521,6.159251047036938,75577.0,268714.0587698981, 0.0, 0.0,0.0,NaN, 125.17504816293034,125.17504816293034,2.3360154559928683E-6, 140.67673132975472, 12.291490249309176, -21.1041486631281, 12.291490249309176, 143.00424881485986, 6.756520796856836, -21.1041486631281, 6.756520796856836, 182.3009776963731, 7.690116112025847, 4.647239639194686, 17.0, 0.0
36, 0 ,1.0,1.0,1.0,123.11078381866128,151.9819615104079,162.92577007237838,12.971933884157567,11.70888682453092,11.098006910307404,69.0,54.0,59.0,-0.9588012742210293,0.2488466430243796,0.1370235921570727,13.128704403211277,-0.14370309239589926,-0.8409455698534916,0.5216895338988912,11.884877180281519,0.24505007200159434,0.4805058759258659,0.8420597160609993,10.720152603791806,67.67216174796835,58.58081777545216,57.04644049458699,19.88296441020775,5.762168255810361,71292.0,226148.66643726153, 0.0, 0.0,0.0,NaN, 97.93968608329692,97.93968608329692,0.0, 168.2710686949552, -10.523432250591926, -9.520349156029352, -10.523432250591926, 137.09803066967376, -9.59207848968911, -9.520349156029352, -9.59207848968911, 123.1657573812309, 7.276571801329732, 4.341039572898001, 23.0, 0.0
37, 0 ,1.0,1.0,1.0,145.3875603901431,42.74958220655708,83.03618850840145,12.397396551592886,10.01566134335313,12.5514539422603,63.0,47.0,56.0,-0.6646148530864515,0.24868161350598053,-0.7045882146054789,12.600626323738252,0.6994145254300531,-0.12471248712400484,-0.70375145980154,12.543473793784951,-0.26288099717234753,-0.960522904807276,-0.09104576138549883,9.769001530402777,63.30906106355475,61.16575543111166,45.47907282198983,19.48884204803593,5.63320025328574,65822.0,176110.7305387185, 0.0, 7.105427357601002E-15,0.0,75.60048942128442, 108.18989759204983,108.18989759204983,0.0, 153.6954412574472, -15.868810459865577, -0.8087139383385071, -15.868810459865577, 100.31347214473823, -5.6655146427640535, -0.8087139383385071, -5.6655146427640535, 157.53899606468164, 7.5852625462065015, 4.495996370623622, 15.0, 0.0
38, 0 ,1.0,1.0,1.0,85.17004349911514,34.69790443426341,108.85830535386448,11.259660462696324,11.164327984977177,11.31169607981447,60.0,63.0,56.0,0.4418830046089172,0.42773490974734213,-0.7885317097119363,12.065749224013443,0.7219877530626095,-0.6912717143940221,0.029615896176782362,11.614783045719792,0.5324219141483568,0.5823969985003213,0.614280588552509,9.944403036759953,63.08694310450505,56.64904710287418,47.03991794097695,18.735023234978524,5.326870157820156,60461.0,168111.97428533746, 0.0, 0.0,0.0,NaN, 129.47852866301753,129.47852866301753,0.0, 126.7799537352068, -9.148197275742328, -15.498986740925208, -9.148197275742328, 124.64221935614455, -16.485371606682925, -15.498986740925208, -16.485371606682925, 127.95446820209003, 6.469757552323751, 4.256652495508242, 18.0, 0.0
39, 0 ,1.0,1.0,1.0,16.564104486002325,71.8802421017127,169.72426263913354,10.028434818112297,11.705959484394558,11.032953882349808,41.0,60.0,59.0,0.0841758648218113,-0.8078606719067873,0.5833314311502634,12.364548463337506,-0.47688287686632796,-0.5466750564189599,-0.6882798155118469,10.430919307584146,-0.8749269372543028,0.2202442223433836,0.4312717669766517,9.881241188126012,57.54025476575103,55.28507679834169,50.397666882617685,18.191167322314154,5.329774401702704,53366.0,160320.89522721307, 0.0, 0.0,0.0,NaN, 79.73555690385687,79.73555690385687,0.0, 100.56950490112702, -0.845909534721667, 6.377296359321022, -0.845909534721667, 137.0294874502869, -21.832294672137497, 6.377296359321022, -21.832294672137497, 121.72607137005771, 7.354374523248597, 4.562665344340089, 12.0, 0.0
40, 0 ,1.0,1.0,1.0,186.35708661417323,116.02457817772779,65.24370078740158,8.857723864070211,11.600197477413042,9.63174600921703,37.0,51.0,55.0,0.012139500017410017,-0.9568721977896523,0.2902554558256035,11.785940736347234,0.558197255110331,-0.23435212045074638,-0.7959239335687369,9.833371275701136,-0.8296194651324301,-0.17168191732806481,-0.5312785167272815,8.377994692448414,54.44551904317609,47.82605484419761,44.263194398611574,16.66389792553748,5.301781840138781,35560.0,115257.56838953095, 0.0, 0.0,0.0,NaN, 107.21353015509614,107.21353015509614,0.0, 78.45927205211892, -4.265385087198762, -11.53331025304898, -4.265385087198762, 134.5645815149799, -14.14167588549462, -11.53331025304898, -14.14167588549462, 92.77053118606818, 7.70344834269786, 4.814797868852803, 10.0, 0.0
41, 0 ,1.0,1.0,1.0,50.37615775797478,150.98128457332334,187.4277447432607,16.14224923379805,14.11954573103939,6.687768467843523,74.0,64.0,28.0,-0.9197284638080115,0.383759351337735,0.08263360770410659,16.56493117619455,0.3886578510901124,0.9197824695154003,0.05427046672148252,13.694720661637087,0.05517814465321767,-0.08203029338599434,0.995101202551598,6.535878684929556,70.37210844521333,62.78939785852879,29.9776122338738,21.290704693033476,7.167002353178923,62729.0,132459.74637630585, 0.0, 0.0,0.0,NaN, 71.4048551204922,71.4048551204922,0.0, 260.5722103260537, -29.99911350080717, -14.552935085239522, -29.99911350080717, 199.36157165091265, 14.576243401434397, -14.552935085239522, 14.576243401434397, 44.7262470794821, 8.8190149962636, 5.321847204770256, 14.0, 0.0
42, 0 ,1.0,1.0,1.0,81.50983129101964,105.75528473834673,76.503241306186,12.262708750981087,12.459572433881357,11.913089363908263,63.0,65.0,62.0,0.5105550494280773,-0.6589549926326342,0.5523693141259917,14.11624783218141,-0.8564053803173691,-0.4471097737759977,0.258191159332458,11.54475722838785,0.07683336558394376,-0.6048728526545897,-0.7926067537275613,10.723189684837642,62.95465255630842,54.520887563455034,56.30871922733708,20.30327285926363,5.942539906576256,74507.0,193270.86832631085, 0.0, 0.0,0.0,NaN, 146.21444826758096,146.21444826758096,0.0, 150.37402591138812, -21.349970419837597, 19.723447135748547, -21.349970419837597, 155.24094523513622, -32.78931377272418, 19.723447135748547, -32.78931377272418, 141.92169819246416, 6.250204519862363, 3.9358851960913106, 22.0, 0.0
43, 0 ,1.0,1.0,1.0,49.332312983013054,182.62426544224627,162.07996523250762,11.711568217087349,9.941534508812719,11.265292676989182,54.0,43.0,50.0,-0.8600726807332106,0.1020351821189111,0.49986378691234407,11.975288149471526,-0.48662831571638265,0.13013118087514525,-0.863862696327997,11.024174060746645,0.15319225241318601,0.9862325777290065,0.06226906476392444,9.897566246664805,58.55816721639678,56.33780704699507,46.372266920191265,18.250560855678547,5.4606580230612645,52923.0,152983.90436649387, 0.0, 0.0,0.0,NaN, 64.60280406022099,64.60280406022099,0.0, 137.16083010349053, -5.480829815633749, -9.629373779719689, -5.480829815633749, 98.83410838991416, -0.33180075490048533, -9.629373779719689, -0.33180075490048533, 126.90681909822607, 7.0534948388195975, 4.476280235389227, 10.0, 0.0
44, 0 ,1.0,1.0,1.0,178.1497949915873,155.56087361353872,88.44773510626133,12.568404323186853,9.231470279708631,12.718045501847481,52.0,41.0,57.0,0.5380388867485406,0.13206830209091108,-0.8325095314344545,12.863458888299903,-0.8382765909524824,-0.019689662633576004,-0.5448895982182638,12.47789325708177,0.0883544758768659,-0.9910450447725363,-0.10011596188582808,9.152437786579055,65.20049379946013,59.48170337352175,42.33317127580986,19.30253807139206,5.687313614159184,61217.0,164178.0471233758, 2.8421709430404007E-14, 0.0,0.0,57.44976310070253, 101.3670028082557,101.3670028082557,NaN, 157.96478723110195, 6.992776336047991, -3.7402638307073053, 6.992776336047991, 85.22004352514377, -8.211199256309104, -3.7402638307073053, -8.211199256309104, 161.74868138706293, 7.625297869240262, 4.60417620816124, 11.0, 0.0
45, 0 ,1.0,1.0,1.0,115.59762083501761,152.7796192566072,63.14402032684645,9.546245814236975,12.255745766137734,10.660127649030027,45.0,55.0,49.0,-0.05011944936147731,-0.8980216402520974,0.43708714741414506,12.737682294957516,-0.46968971246125546,-0.36502897630011427,-0.8038317115350412,10.298708331962787,-0.8814077460538714,0.24558293935089026,0.40349647470084704,9.30916168994505,60.00851382323869,53.262716747830694,47.49280797453062,18.065033107517166,5.350421828973851,51951.0,151797.29525542035, 0.0, 0.0,-7.105427357601002E-15,64.0818231479071, 115.50191889876824,115.50191889876824,0.0, 91.13080914583696, 6.728728242769455, 5.669719560978553, 6.728728242769455, 150.203304284203, -23.976114247616692, 5.669719560978553, -23.976114247616692, 113.63832149361444, 6.3049656868139285, 3.9723170586980836, 15.0, 0.0
46, 0 ,1.0,1.0,1.0,99.5061096215551,158.78211946727617,15.083293042064085,11.54166782978159,10.6854729090902,9.716601285563868,51.0,53.0,41.0,-0.8297972713437625,-0.27291604629194427,0.48677851241280123,12.64579141423827,-0.16447658516985833,0.9531181912986084,0.2539944218807419,10.54742250231345,-0.5332766087138162,0.13070021075745514,-0.8357831737398453,8.404618146698098,63.95977983433539,49.27815048860931,49.00300329622405,17.656941762155224,5.480344490486971,45502.0,154448.62898691167, 0.0, 0.0,0.0,NaN, 108.75608146958777,108.75608146958777,NaN, 133.21009629301528, 13.852106957674273, -37.758563479972004, 13.852106957674273, 114.17933129090056, -2.029344485538601, -37.758563479972004, -2.029344485538601, 94.41234054262142, 7.458357407402915, 4.33529587742629, 12.0, 0.0
47, 0 ,1.0,1.0,1.0,95.80368221603676,8.805023642643953,133.4553807974781,11.41664612319515,5.945233377089154,10.800700537560418,58.0,24.0,54.0,-0.8277386175857535,0.03654990197795392,0.5599222139035278,11.890733180571315,0.5605774848925407,0.09748751929795038,0.8223436428967427,10.316569725122834,0.024528848093201758,-0.9945653765572847,0.1011832365794202,5.875337798588186,67.36288371505636,50.4646248916861,26.29796671528092,15.951833535404933,5.280127609357286,29819.0,89398.42987854758, 0.0, 0.0,0.0,NaN, 116.9788883188224,116.9788883188224,NaN, 130.33980870226685, 0.6967238473469075, -16.380401784485134, 0.6967238473469075, 35.3457999080549, 7.952164189159208, -16.380401784485134, 7.952164189159208, 116.65513210205792, 6.454425649885168, 4.140123084158569, 10.0, 0.0
48, 0 ,1.0,1.0,1.0,118.85136146150501,112.54173118747282,55.781052631578945,10.690861228423167,10.942633168732899,11.72667463800078,51.0,50.0,55.0,0.3990625554076934,0.5190624721321401,0.7558592639476963,12.88146460642979,-0.803909435661155,0.5945322882118703,0.016154798931604344,10.294698362944079,-0.44099738789072784,-0.6140891696631916,0.6545347932508453,9.981867948719762,66.51124563334719,52.1604437605893,53.25353608572028,18.51921684001846,5.346890701029394,57475.0,184750.15423589872, -1.4210854715202004E-14, 0.0,0.0,66.48041263785807, 131.70260495913723,131.70260495913723,0.0, 114.2945138054017, 10.700426438183177, 19.914354634738334, 10.700426438183177, 119.74122066545338, 26.07076372793653, 19.914354634738334, 26.07076372793653, 137.51489806553073, 6.4398192213430985, 3.9227293068700884, 14.0, 0.0
49, 0 ,1.0,1.0,1.0,108.82803769296335,50.58871578747988,132.87015815891655,11.075807066424058,10.622896366677514,8.715687322084113,50.0,49.0,39.0,-0.9607735418840249,-0.1341704430421765,0.2427189597651826,11.242407492508319,-0.10572621711568955,0.9862907630066523,0.1266984523274154,10.62928642589223,0.25639065550451023,-0.09606676335560722,0.9617874030929835,8.491712355873418,50.25749610934838,49.202219020921206,40.7115374751894,16.946793782880487,4.9283684284641245,42236.0,100670.68911403879, 1.4210854715202004E-14, 0.0,0.0,16.101159507125768, 124.00790515749794,124.00790515749794,0.0, 122.67350217264912, 2.7353642097847874, -13.206081098867925, 2.7353642097847874, 112.84592721717031, 3.339746126018846, -13.206081098867925, 3.339746126018846, 75.96320549633774, 7.203484181632586, 4.197236293778451, 13.0, 0.0
