// Sample: .//bubblelabels.tif, Map: .//bubblelabels.tif, Thickness:(8.191250068658265):/gpfs/home/mader/Foam/NewValid/InSilicoTest/LatticeData_OldFoam/out_Step_03500.vtk/distmap.tif, Neighbors:(1.0):
//LACUNA_NUMBER, TRIANGLES, SCALE_X, SCALE_Y, SCALE_Z, POS_X, POS_Y, POS_Z , STD_X, STD_Y, STD_Z,PROJ_X, PROJ_Y, PROJ_Z, PCA1_X, PCA1_Y, PCA1_Z, PCA1_S, PCA2_X, PCA2_Y, PCA2_Z, PCA2_S, PCA3_X, PCA3_Y, PCA3_Z, PCA3_S,PROJ_PCA1, PROJ_PCA2, PROJ_PCA3,OBJ_RADIUS, OBJ_RADIUS_STD, VOLUME, VOLUME_BOX, Mask_Grad_X,Mask_Grad_Y,Mask_Grad_Z,Mask_Angle, Mask_Distance_Mean,Mask_Distance_COV, Mask_Distance_STD, SHAPET_XX, SHAPET_XY, SHAPET_XZ, SHAPET_YX, SHAPET_YY, SHAPET_YZ, SHAPET_ZX, SHAPET_ZY, SHAPET_ZZ, Thickness, Thickness_STD, Neighbors, Neighbors_STD
1, 0 ,1.0,1.0,1.0,79.23650504034092,138.2130036552322,39.68430432384266,15.411201195617323,15.476525620741498,16.06350648399799,84.0,80.0,79.0,0.08636542020778623,-0.47027887586207295,0.8782817276422401,16.298055949397924,0.9920028041111121,-0.04085116423151904,-0.11942202065205501,15.4057945984577,0.09204048472288108,0.8815718696163317,0.4629898356045652,15.234798101817326,90.07573158106683,82.38021537749631,88.94685274569171,26.0987131218978,7.343117970151623,164969.0,660026.3999687759, 0.0, 0.0,0.0,NaN, 164.18313591863375,164.18313591863375,0.0, 237.5051222917968, -1.574074829892513, 1.9224713885697964, -1.574074829892513, 239.52284528946802, -13.822571329373899, 1.9224713885697964, -13.822571329373899, 258.0362405614455, 7.064167484858312, 5.520508631317276, 53.0, 0.0
2, 0 ,1.0,1.0,1.0,58.83284431304736,261.7541139063982,12.83601271824622,14.532853932916467,18.765645686459457,8.150896403938638,83.0,90.0,33.0,-0.26258930476226916,-0.964484110920565,-0.028587703759417372,19.076507677768348,0.960462943493398,-0.2584245117743412,-0.10357463922308102,14.182670032591618,0.09250833043821459,-0.05465502260507903,0.9942107610077315,8.04544213947455,93.73994275077999,75.18086542446926,37.615138417753045,23.67990171985256,8.309793510738105,89635.0,265090.80802623776, -7.105427357601002E-15, 0.0,1.7763568394002505E-15,82.89685976381399, 71.33592780325363,71.33592780325363,0.0, 211.20384343548562, 41.91213129535958, -11.32498489923041, 41.91213129535958, 352.14945802973443, 11.900638370169636, -11.32498489923041, 11.900638370169636, 66.43711218773981, 7.731204715872686, 5.5150248875940395, 22.0, 0.0
3, 0 ,1.0,1.0,1.0,76.49704064040762,14.933905805615646,258.8073176891739,14.741722810820649,9.186985737524903,16.2565319381922,73.0,39.0,77.0,-0.24012747202907148,0.059624844677663665,0.9689084967498697,16.36097364491141,0.9666469972237531,-0.07688821596868596,0.24429855710473225,14.674846768507269,-0.08906390927434572,-0.995255283905751,0.039173204138210405,9.108311739360095,82.59304185801378,80.3024737903353,40.51449319177408,22.651080854855376,7.2747828240402805,91067.0,268709.360968067, 0.0, 0.0,0.0,NaN, 88.15699544172216,88.15699544172216,9.5367431640625E-7, 217.31839143106987, -12.484448948414322, -11.713358602817326, -12.484448948414322, 84.40070694148599, 8.184701869735422, -11.713358602817326, 8.184701869735422, 264.27483065746304, 7.118964681604605, 5.266325534003421, 33.0, 0.0
4, 0 ,1.0,1.0,1.0,153.99475173827776,176.54823720805848,14.222956409342128,15.768585680052368,15.347970764898042,8.863470293695466,78.0,67.0,38.0,-0.7523063119301638,-0.6575841664843722,0.040227813998384584,17.16374330650361,0.652236772468015,-0.7520128090606331,-0.09520466190919115,13.820199557015204,0.09285690965427577,-0.04538500851371173,0.994644557282484,8.785078628519425,81.73889078568087,68.16152757081126,40.99066554298607,22.606334809708837,7.1918866139495075,89744.0,228377.3475350564, 0.0, 0.0,0.0,NaN, 191.72939979415517,191.72939979415517,0.0, 248.64829434915262, 51.729187686363304, -13.647597472044877, 51.729187686363304, 235.560206600165, 2.3976234812795796, -13.647597472044877, 2.3976234812795796, 78.56110564722198, 8.117770099079937, 5.551813491334162, 23.0, 0.0
5, 0 ,1.0,1.0,1.0,17.38549858765673,164.27543741998414,12.710743969599058,10.551196462489818,14.267087012221477,8.184187983702346,45.0,73.0,35.0,-0.01925567018298555,0.9986608433569452,0.048018112326485174,14.279234537844413,0.9986345603693935,0.02154345331754044,-0.04759090727212027,10.554581251971436,0.04856165155379984,-0.047036151678786664,0.9977120658955753,8.15859835791041,73.47845891297482,47.098759847582684,37.205116584677135,18.528758189355347,6.20834692308079,49209.0,128757.3947908387, 0.0, 0.0,1.7763568394002505E-15,87.24770645323402, 137.42261626434984,137.42261626434984,0.0, 111.32774679005765, -1.6763000235139491, -2.2578758581416976, -1.6763000235139491, 203.54977181429877, 6.539709732692266, -2.2578758581416976, 6.539709732692266, 66.98093295257787, 7.5319234701402475, 5.20473192194326, 17.0, 0.0
6, 0 ,1.0,1.0,1.0,279.3441125758828,207.3883490786307,209.12979992097416,12.94167706259162,14.720264442069507,14.857124512621843,52.0,77.0,78.0,0.40021070801780506,0.28783764632044534,-0.8700464806828386,15.453255047049431,-0.19521768204053144,0.9543799984314159,0.22593998143925906,14.667294452850973,-0.8953889913365081,-0.07942485728509019,-0.4381440930089483,12.287177100726716,88.21723847708847,78.47250399304716,63.07297581059754,23.51423769884016,7.210268002160794,111356.0,436630.72307535814, 0.0, 0.0,0.0,NaN, 131.38103681301024,131.38103681301024,0.0, 167.48700519241004, -1.8353492254036257, -33.41171381130666, -1.8353492254036257, 216.68618524445586, -8.16117854073894, -33.41171381130666, -8.16117854073894, 220.73414878354882, 6.785599951482079, 4.9193262724908235, 31.0, 0.0
7, 0 ,1.0,1.0,1.0,189.75086875167068,114.00215826625877,234.55662478838101,13.186728864421019,13.167565851560283,13.362443305470997,64.0,69.0,68.0,0.6512596664452753,-0.2900246840254161,0.7012464114115285,14.149834139553603,-0.08313656596101872,-0.9457912171325475,-0.31395427214029725,13.088833655073502,0.7542871855346598,0.14616653601591692,-0.6400673288704163,12.42151871003688,67.12822716498053,67.87085669322394,67.29005608004562,22.097891703047157,6.124759748054544,101007.0,306576.87924741, 0.0, 0.0,0.0,NaN, 171.5639775403485,171.5639775403485,0.0, 173.88981814375444, -7.335577627177956, 21.417376084576194, -7.335577627177956, 173.3847904551765, -4.285043058441154, 21.417376084576194, -4.285043058441154, 178.55489109192666, 6.4974190958432665, 4.824473667999637, 36.0, 0.0
8, 0 ,1.0,1.0,1.0,121.75865584559789,186.55510467768963,114.65672380029476,12.526946991618468,12.677530499939868,14.69839556260277,63.0,67.0,78.0,-0.005465152250783172,-0.2102981108919822,0.9776220315981732,14.789446905749704,-0.3341332765727941,-0.9210620205434905,-0.19999926949634908,12.577633916751797,-0.9425099923065035,0.3277490791254922,0.06523385267472262,12.52047914021867,77.49444652100627,66.19623242564654,66.38149209640311,22.193629297873375,6.413254338555817,99066.0,340526.4595436586, 1.4210854715202004E-14, 0.0,-1.4210854715202004E-14,57.10268201619719, 202.09175851734727,202.09175851734727,NaN, 156.924400930819, 0.5126884878654857, -0.23521077522817557, 0.5126884878654857, 160.7197795769056, -12.475335182866182, -0.23521077522817557, -12.475335182866182, 216.0428321147408, 6.300175495866443, 4.665881269287521, 35.0, 0.0
9, 0 ,1.0,1.0,1.0,260.43392042108366,141.09567321849235,126.07177561837456,14.606380749762248,13.261928164508046,13.548223071969025,74.0,68.0,64.0,-0.887645963057463,-0.2314499486744876,0.3981401330265088,14.91955353881224,-0.4596173653600979,0.49952533498103036,-0.7343203096548071,13.380018725608178,0.028922685339219538,0.8348085774419582,0.5497800626633363,13.08286920978423,81.3979642001618,70.45096161409923,65.86426054016098,22.951480381436415,6.782992993950077,108672.0,377702.8734525423, 0.0, 0.0,-1.4210854715202004E-14,66.53803941023445, 193.30689657069792,193.30689657069792,0.0, 213.3463586070252, 8.761028870196498, -15.522356994298125, 8.761028870196498, 175.87873864057173, -7.6237968483531535, -15.522356994298125, -7.6237968483531535, 183.55434840783377, 6.054148536015881, 4.612537270766153, 37.0, 0.0
10, 0 ,1.0,1.0,1.0,22.813786575408013,133.10073124811467,191.7396735908131,13.099721227110757,13.153714917666806,13.143060758058798,58.0,64.0,63.0,0.477791857355342,-0.627024168369751,0.6152687488611418,13.839286618052132,-0.8778423312661247,-0.3142507151871101,0.36144063059048176,12.873117598888978,-0.03328336644914291,-0.7128023430689687,-0.700574790606399,12.653851099245232,84.16001567434452,69.20571146483357,67.4657875126614,21.873918871556413,6.236556073174804,96137.0,392944.61328100716, 0.0, 0.0,0.0,NaN, 173.07966891265653,173.07966891265653,0.0, 171.60269622801619, -7.864742078453163, 7.456480196206949, -7.864742078453163, 173.02021613525028, -12.751781302239952, 7.456480196206949, -12.751781302239952, 172.7400460900251, 6.425008653604906, 4.684883772881463, 35.0, 0.0
11, 0 ,1.0,1.0,1.0,47.17651207092354,248.58756456753488,213.65505366890133,13.287299325237614,14.539455774433126,13.25907443013877,63.0,71.0,65.0,-0.0529745537317727,0.8618497758514039,0.5043893937443616,15.082824449342723,-0.8016044603000826,-0.33791188860209953,0.4931995993189531,14.028602885326642,-0.5955031367540667,0.37819375907892433,-0.7087633559304682,11.809227749316673,71.14692128717229,67.48390677013563,64.61140997553515,22.84137440075636,6.4824970345941555,109188.0,310216.96672029636, 0.0, 0.0,0.0,NaN, 111.01491595815266,111.01491595815266,0.0, 176.55232335845994, 11.513544236453573, -25.02318798183696, 11.513544236453573, 211.39577421669676, 28.712148146972233, -25.02318798183696, 28.712148146972233, 175.8030547439598, 6.996047023727321, 4.9159651878544, 42.0, 0.0
12, 0 ,1.0,1.0,1.0,263.7010601655111,280.44662938939837,25.06242004025945,16.90097230639519,12.67211944414364,14.366510143092333,74.0,57.0,63.0,-0.9560577314111287,-0.28867762834008465,-0.051174613872013,17.25927787588791,0.12017148518761796,-0.22665026177730013,-0.9665342585672189,14.502878128557137,0.2674180778421829,-0.9302122799298156,0.25138155443661114,12.016902387506537,79.8305036408405,71.54452565553947,62.39256638382892,24.248198040425958,8.040334669158728,111775.0,356351.1195681787, 0.0, 0.0,0.0,NaN, 48.25010086640011,48.25010086640011,0.0, 285.64286490153717, 40.56276156937954, -0.1484884524693146, 40.56276156937954, 160.58261120664332, 16.70973712145079, -0.1484884524693146, 16.70973712145079, 206.39661369157486, 6.22925449946774, 4.688067142056647, 23.0, 0.0
13, 0 ,1.0,1.0,1.0,136.9373843848499,22.333602025525757,251.02238412649203,14.699164359695354,12.447478454203878,12.780601967757399,73.0,55.0,68.0,-0.9989735909249987,0.04319070972595047,0.013650173177740735,14.70444357838618,0.01758057097314495,0.6474287920842372,-0.7619231475054452,13.621313070578866,-0.04174551662959556,-0.7609011248340449,-0.6475235826343422,11.51469099380383,74.01380064144458,70.64733759952077,65.93317097323191,22.161844404812896,6.572791794684722,96765.0,344756.50459680555, 0.0, 0.0,-2.8421709430404007E-14,89.21787839758541, 147.13749990485636,147.13749990485636,0.0, 216.06543287333815, -3.005732499636602, -1.8497222609163615, -3.005732499636602, 154.93971986786977, -26.071467803309762, -1.8497222609163615, -26.071467803309762, 163.34378665824428, 6.822275405238902, 4.73212331734259, 31.0, 0.0
14, 0 ,1.0,1.0,1.0,144.40794319412686,151.8381393669515,58.68359610061379,12.281054157533022,11.700681990231601,13.459174457552768,61.0,59.0,67.0,0.35688032781938006,0.1168904650499672,0.9268079902525305,13.624519985120278,-0.7458926119539172,-0.5616433151350315,0.35805166945106665,12.513856717344199,-0.5623883382931191,0.8190808297991933,0.11325171613432519,11.254131355571955,69.72824629166266,65.4842566486357,60.150803128007254,20.83485900842591,5.898158817352775,83090.0,274654.7250704264, 0.0, 0.0,0.0,NaN, 215.0566331344026,215.0566331344026,0.0, 150.82429122025914, 15.003182428906246, 11.50925293746052, 15.003182428906246, 136.90595903653013, 0.367657768168816, 11.50925293746052, 0.367657768168816, 181.14937707884087, 5.723642700432813, 4.494346028161203, 31.0, 0.0
15, 0 ,1.0,1.0,1.0,31.459345528392745,10.916383328974291,73.32894352220804,16.968738794825875,7.409467377930553,13.47925674104569,74.0,31.0,66.0,-0.9819268166824475,0.004210123419630358,0.1892141684458819,17.089066987398223,0.1892583774423235,0.016578186697307873,0.9817873651120836,13.327797758832979,-9.96618168683795E-4,-0.9998537085927225,0.01707536721728598,7.406906358428883,78.92770261031336,66.19630925495693,31.45311145168608,21.55757419906165,7.733023991592713,64999.0,164333.7825808684, 0.0, 0.0,0.0,NaN, 80.5356554834136,80.5356554834136,0.0, 287.9380962870287, -0.5952931130199642, -21.25391570243478, -0.5952931130199642, 54.900206824617065, 2.1871383874091634, -21.25391570243478, 2.1871383874091634, 181.69036229102568, 6.07738135999422, 4.414701599270085, 25.0, 0.0
16, 0 ,1.0,1.0,1.0,219.12610533012224,29.201090562093878,268.9901667651202,12.800826330579845,14.004129073580653,14.876974584722767,68.0,64.0,65.0,-0.38061006231556516,-0.3993863178743915,0.8340422948261539,15.572996746351322,0.019103476775932902,-0.9051285145592239,-0.42470864049002244,13.720887658503447,-0.9245382834903122,0.145715274513509,-0.35213068757812005,12.268666302843162,78.33631979855599,75.18401922625429,65.06645735157707,23.128599914112353,6.80948049872746,110035.0,383217.9691346915, 0.0, -3.552713678800501E-15,0.0,66.46018014872182, 91.40514365365412,91.40514365365412,0.0, 163.86115474566628, 13.332054958516272, -29.510533503274264, 13.332054958516272, 196.11563110950692, -16.136169582513247, -29.510533503274264, -16.136169582513247, 221.32437279448715, 6.101998583903592, 4.596770421414328, 35.0, 0.0
17, 0 ,1.0,1.0,1.0,160.38281214848143,259.1553993250844,282.41600674915634,15.234249694204738,15.829451043579956,10.052332034385984,72.0,80.0,43.0,-0.6591138632393777,0.7514077194050603,0.030908809490965514,17.67517738541191,-0.7516846110652837,-0.6595119479613699,0.003773060274230896,13.055462437748208,-0.023219835772391242,0.020746800107124,-0.9995150871857905,10.042224272878151,90.0935886462444,71.63115343124866,43.960704946234586,22.85337995355413,7.8374924634409995,88900.0,283700.7466146744, 0.0, 0.0,0.0,NaN, 146.52794056597278,146.52794056597278,0.0, 232.08236374537714, -70.27740775963169, -4.507497656774936, -70.27740775963169, 250.57152034109455, 4.740448444998847, -4.507497656774936, 4.740448444998847, 101.04937932954263, 6.625245648055967, 4.792991801667509, 29.0, 0.0
18, 0 ,1.0,1.0,1.0,40.70140146445162,85.50386780568459,38.1745531847886,12.416199106024143,12.422042742381457,15.672401369250768,59.0,60.0,78.0,0.09129446102798246,-0.01065070287135664,0.9957669827394138,15.697559531741868,0.6094057249858499,0.7914399990336916,-0.04740664809940673,12.475814878652866,-0.7875849057340296,0.6111540644206631,0.0787446874526958,12.330205946126107,79.54440552377648,61.613723283767115,63.25199870071622,22.566429572049522,6.696981945834904,101608.0,309999.75284879934, 0.0, 0.0,0.0,NaN, 102.10196864782141,102.10196864782141,0.0, 154.1620002404347, 1.6503164044609622, 8.475493500772489, 1.6503164044609622, 154.30714589355182, -1.1364715317851526, 8.475493500772489, -1.1364715317851526, 245.62416467889335, 5.950314317049051, 4.405493022027242, 34.0, 0.0
19, 0 ,1.0,1.0,1.0,190.38074981358562,282.52573740633443,59.54557678438275,14.09321138947479,10.426736217195263,13.998046580364377,69.0,44.0,71.0,-0.9861094073558392,-0.11741171926300317,-0.11748499863395778,14.146841317647237,-0.1088009058178931,-0.07784023965178663,0.9910112310080837,14.009200173957874,-0.12550139289076148,0.9900279719637509,0.063984491182009,10.33875885668738,69.28662876304895,70.39538951315917,47.16475301137976,21.421202012398304,6.66429649861378,81807.0,230044.1594262877, 0.0, 0.0,-7.105427357601002E-15,83.2530231773707, 125.96589053870461,125.96589053870461,0.0, 198.61860726842195, 11.552634019918699, 1.1666162347969966, 11.552634019918699, 108.71682814297137, -5.6076706384483685, 1.1666162347969966, -5.6076706384483685, 195.94530806605084, 6.063155250122385, 4.617998068279394, 32.0, 0.0
20, 0 ,1.0,1.0,1.0,281.8958871106522,103.85833234052129,167.85306381795797,10.906061039761525,13.23119537674737,13.41404213232616,45.0,67.0,68.0,-0.3376211995881905,0.6927422460208239,0.6372755339463892,14.298757573504002,0.1848938604505121,-0.6150323775386319,0.7665177329630959,12.798020674518781,-0.9229443027378942,-0.3766209701506299,-0.07956418092622114,10.281022492789242,76.74045841015524,67.81557957125781,53.7805544552503,20.76636385325048,6.534627544307659,75543.0,279884.68962629884, 0.0, 0.0,0.0,NaN, 169.04769990261656,169.04769990261656,1.9073486328125E-6, 118.94216740300422, -29.703006448536705, -13.015152338029484, -29.703006448536705, 175.06453109766102, 16.21164752498285, -13.015152338029484, 16.21164752498285, 179.93652632782133, 6.136209631552663, 4.540059895934139, 26.0, 0.0
21, 0 ,1.0,1.0,1.0,275.5539811737547,209.66451073653207,11.043602857768313,14.370341439581752,13.764388242459676,7.083369409698331,57.0,77.0,28.0,-0.7509250576682993,0.6559604965815755,-0.07633730863944256,16.184059442301553,-0.658668923078711,-0.7522840577868732,0.014964831106537218,11.631936900601168,0.04761100225990521,-0.061518479533941565,-0.9969697433421133,6.993817475603388,92.65572602729281,60.67446456411983,31.96685111722554,19.740240465896925,7.514128380730866,50249.0,179712.41249489764, 0.0, 0.0,0.0,NaN, 94.23412132027009,94.23412132027009,NaN, 206.50671309016056, -62.1179921067656, 11.358996741195375, -62.1179921067656, 189.45838368916216, -11.638877251760302, 11.358996741195375, -11.638877251760302, 50.174122194250074, 6.446011428958839, 4.683563565911954, 14.0, 0.0
22, 0 ,1.0,1.0,1.0,52.88639681178897,188.80695799253922,48.39208508074793,14.009482480744573,11.12753599358294,12.97034148543818,74.0,55.0,68.0,-0.9457781499447834,0.019340421388932178,0.32423701082313505,14.136390425163828,0.3169120987532252,0.2737796744665919,0.9080811701124486,12.972798513928861,-0.07120683078784928,0.9615979606620775,-0.26506404754263635,10.962954865363322,70.07181870550598,67.12004469454304,58.17648214471785,21.226474077739322,6.144445714851633,86318.0,273617.00398241106, 0.0, 0.0,0.0,NaN, 132.2976094155495,132.2976094155495,0.0, 196.26559937828912, 2.7170118639778202, -10.581167470263335, 2.7170118639778202, 123.82205728848389, 12.459594913001855, -10.581167470263335, 12.459594913001855, 168.22975824887868, 6.0327458925941055, 4.332170069519033, 32.0, 0.0
23, 0 ,1.0,1.0,1.0,91.05411686940947,268.3056174504515,39.297706749682824,11.324904186388038,14.699269442028152,13.594272141918472,61.0,61.0,66.0,-0.048268535356687,-0.8471100038537234,0.5292209272746731,15.332142681716025,0.28989234590766355,-0.5189135449188492,-0.8041711016219777,13.034623773358364,-0.9558412924113877,-0.11460093485961755,-0.2706179030489851,11.142270679859434,76.2291551009854,71.64532480535215,58.53790292660916,22.057071383949822,6.527772513810962,93797.0,319702.5661608174, 0.0, 0.0,0.0,NaN, 104.11385997958807,104.11385997958807,0.0, 128.2534548308693, -2.346752179477881, -13.499196770274018, -2.346752179477881, 216.0685221293426, -30.636566859136373, -13.499196770274018, -30.636566859136373, 184.80423506854063, 5.841567395649057, 4.25933425403645, 33.0, 0.0
24, 0 ,1.0,1.0,1.0,68.66332627142393,62.38108529217249,161.40074654470862,13.544395134012827,12.753800097433182,12.010301627086964,65.0,62.0,58.0,-0.9398329698110401,0.23083620562139473,-0.25185042193825735,13.754773494116517,0.11882616723405119,0.9120381310647189,0.3925134258397293,12.828040700239212,0.320303498008727,0.33897063834245655,-0.8845928868723064,11.687813292644645,67.0417401157616,63.26914315977959,65.51440117670685,21.31545355436097,6.00073673951944,89211.0,277890.6962646786, 0.0, 0.0,0.0,NaN, 166.78071002142127,166.78071002142127,0.0, 183.45063954627034, -8.379561973855276, 13.751414315166343, -8.379561973855276, 162.65941692528665, 6.949735119206589, 13.751414315166343, 6.949735119206589, 144.24734517360775, 6.2504378220343515, 4.387261787085101, 37.0, 0.0
25, 0 ,1.0,1.0,1.0,124.0061144745411,169.08966689982876,274.3957041896814,13.081028841964645,11.561333984693695,13.149690787509968,68.0,57.0,61.0,-0.7996953842550825,0.31914886530180475,0.5085580538912795,13.290474049942269,0.518637337752767,-0.05955314835636754,0.8529177770509687,13.131541396336084,0.30249397397276734,0.9458316046196674,-0.11789813998849931,11.340989681733761,73.44066239878232,68.49694755186317,61.17431905593938,20.972753923442685,6.151074682020789,82918.0,307735.03847812384, 0.0, 0.0,0.0,NaN, 182.12800911285743,182.12800911285743,0.0, 171.1133155643109, -13.608835971902545, -0.14507853571203494, -13.608835971902545, 133.6644435056334, 5.567945914635232, -0.14507853571203494, 5.567945914635232, 172.91436780712453, 5.6851298787227575, 4.221334211907697, 30.0, 0.0
26, 0 ,1.0,1.0,1.0,276.6590829971536,207.82966436630966,287.17955071365674,13.71927357047533,12.856110145881516,7.68454774619252,59.0,71.0,35.0,0.9783317186333859,0.1236949514105022,-0.16603194665906656,13.859369654005238,0.13500226051283498,-0.9891111180859621,0.0585968065270035,12.867706730854335,0.1569759152617697,0.07974180255231171,0.9843778781308721,7.40879920975443,67.1489159812495,69.29637507254436,42.03571577415971,19.182728518480825,6.676319048273968,48833.0,195599.6034370006, 0.0, 0.0,0.0,NaN, 95.94025795913097,95.94025795913097,0.0, 188.21846730154292, 1.8218674332997482, -21.40904387850438, 1.8218674332997482, 165.27956808303765, -9.232865012671764, -21.40904387850438, -9.232865012671764, 59.052274063512534, 5.614050979127417, 4.343916490171679, 15.0, 0.0
27, 0 ,1.0,1.0,1.0,12.970085545462563,249.99728371108563,81.17426580827234,8.24310412340474,11.863874693331116,13.742153437089984,33.0,58.0,60.0,-0.06417582466403043,0.04517732431689083,0.9969154793141984,13.762289401306319,-0.10884287299132568,0.9926983260077994,-0.0519929085578714,11.899269310925964,-0.9919852279785655,-0.11184383268146483,-0.05879000394144174,8.158054285037947,59.02699678335624,58.31701114462811,36.18977073408797,19.04504441432765,5.9019787082964426,56695.0,124575.25268150635, 0.0, 0.0,0.0,NaN, 96.21723434415651,96.21723434415651,0.0, 67.94876558929221, -8.463966960507983, -7.434825737528404, -8.463966960507983, 140.75152273906247, 1.6597731181669082, -7.434825737528404, 1.6597731181669082, 188.84678108852404, 7.816102834463918, 4.96986713058179, 25.0, 0.0
28, 0 ,1.0,1.0,1.0,60.44189517779329,43.9002335267352,34.237920408310664,11.879406665248151,12.402303841105525,14.698410413705659,62.0,66.0,68.0,-0.34920632762959514,-0.38966327107291693,0.8521839448852615,15.575757712702897,-0.42552985682956784,-0.744310056189262,-0.5147104828951365,12.098677021182489,-0.8348528503215755,0.5423698695837479,-0.0941044253882303,11.045293024065092,81.16221519616192,66.26181216764701,60.57741242415714,21.59319241314582,6.686909105408709,83074.0,325782.62580455956, 0.0, -7.105427357601002E-15,0.0,67.06645123033044, 82.17474301919691,82.17474301919691,0.0, 141.1203027183422, 24.132790370435405, -30.551111758059495, 24.132790370435405, 153.81714056710086, -30.709031895128458, -30.551111758059495, -30.709031895128458, 216.04326868973098, 6.212863817184645, 4.3328528433483156, 26.0, 0.0
29, 0 ,1.0,1.0,1.0,134.29888902162227,142.7438113062292,174.8169473977621,13.462219819500197,11.204958711342666,11.701345868295816,69.0,53.0,55.0,-0.982087674685886,0.1884244452407265,1.6633037618491258E-4,13.54100760246089,0.07130247722174718,0.370818489074366,0.9259641488214575,11.815837883110834,-0.1744126026757006,-0.9093898375264201,0.377611397380375,10.9877679967799,69.08551562565398,57.506206545762325,58.49292807255026,20.239421752070946,5.836931082567542,75339.0,232383.39127883464, 0.0, 0.0,0.0,NaN, 232.5570551875067,232.5570551875067,0.0, 181.23136246854392, -11.089968581925175, 1.2364907749927172, -11.089968581925175, 125.5510997228939, 6.485709947360711, 1.2364907749927172, 6.485709947360711, 136.92149512948356, 5.585256855580372, 4.0497377160114, 33.0, 0.0
30, 0 ,1.0,1.0,1.0,238.97539968989017,95.20954564999283,185.27548959568452,13.196328570395195,11.385008110180216,11.917838395753366,67.0,56.0,59.0,0.8999908741278787,-0.38096513743554167,0.2118537008061377,13.617614057292593,0.23534145114648894,0.01556110224373318,-0.971788173147433,11.84150427374112,-0.3669207378423881,-0.9244584447965625,-0.10366173829103262,10.960644750907171,74.54640009493662,59.924958014235926,56.04921871566066,20.29968891246273,5.806806307362089,76747.0,250382.50351416817, 0.0, 0.0,0.0,NaN, 161.0918145449874,161.0918145449874,0.0, 174.1430877378285, -22.316799064625453, 7.857624719619699, -22.316799064625453, 129.6184096688693, -5.574321128875308, 7.857624719619699, -5.574321128875308, 142.03487202729318, 5.840442858846362, 4.27705093853449, 30.0, 0.0
31, 0 ,1.0,1.0,1.0,275.42699743956774,64.7252474748493,239.60500796354913,14.478442179752145,13.43871249112813,12.712212913992017,58.0,71.0,65.0,-0.9663120317645064,0.213685547852564,-0.1434557210643786,14.564199290847522,0.222737479006424,0.9735884760448198,-0.0501347659672191,13.387227878065076,-0.12895376191881391,0.08039879322274998,0.9883860386181663,12.668499015255454,62.910534050623596,69.83558177303306,67.2701841796814,22.509034285930944,6.720715293561286,99202.0,295544.40640522394, 0.0, 0.0,-2.8421709430404007E-14,81.75213637011909, 91.87352817105946,91.87352817105946,1.9073486328125E-6, 209.62528795242602, -6.59885645236126, 6.947294083506703, -6.59885645236126, 180.59899341920325, -2.4966119931609327, 6.947294083506703, -2.4966119931609327, 161.6003571706654, 5.458110229412009, 4.077469329518558, 30.0, 0.0
32, 0 ,1.0,1.0,1.0,131.58517001535944,276.1886215207103,58.894319501504725,12.855591576670676,12.158208280629674,12.31251963278854,64.0,53.0,67.0,0.7358312257984629,0.2363579889142775,-0.6345764794068007,13.353150544261162,-0.5602709510610173,0.7388225606161797,-0.37448322435288645,12.699754249672651,-0.38032731763195055,-0.6310912176547455,-0.6760732256656345,11.18463301272601,69.40075411814732,68.18853574149597,61.32744966873224,20.69883299228943,6.020358448335719,80081.0,290222.0857539105, 0.0, 0.0,0.0,NaN, 146.11700647973987,146.11700647973987,0.0, 165.26623478616602, -5.72521563269681, -17.253602054919792, -5.72521563269681, 147.822028595172, -17.99321557011294, -17.253602054919792, -17.99321557011294, 151.59813970780323, 6.231070814553029, 4.292395969158245, 22.0, 0.0
33, 0 ,1.0,1.0,1.0,36.087862679437045,176.42231224972485,209.1521907125963,12.210147693635575,13.156113414008574,12.821528238293608,66.0,63.0,67.0,0.24688302664431028,0.8180303891325466,0.5194949986386767,13.546345786627162,-0.35716358164303474,-0.4215343530257251,0.8335124265223056,12.567796363900957,-0.9008234827661098,0.3913247649649033,-0.18810098676588363,12.046145591543262,59.99399520635862,63.611238324295414,73.737570112009,21.18399658453202,6.148243808967568,85406.0,281404.12303733395, 0.0, 2.8421709430404007E-14,0.0,35.11188858440106, 157.56618671147334,157.56618671147334,0.0, 149.08770670039414, 9.687070801560484, 1.1017488337198658, 9.687070801560484, 173.08332016225637, 11.804613087816763, 1.1017488337198658, 11.804613087816763, 164.39158636536038, 5.576069051018993, 4.2168257117530406, 41.0, 0.0
34, 0 ,1.0,1.0,1.0,164.10848341232227,9.707677725118483,224.03497630331753,13.372566317930676,6.5640517346948295,12.338882379063314,62.0,27.0,66.0,0.8774242539998172,-0.06263237546931635,0.4756089402397049,13.775965546846729,0.47925262155652404,0.07091826040675614,-0.8748071359288738,11.93234510142706,-0.021061890325033923,-0.9955138300817071,-0.09224213187034522,6.480913292129817,62.82860280351741,59.334040558079565,28.871149281888243,18.282477754853073,6.317541500526898,42200.0,107628.03178795238, 0.0, 0.0,0.0,NaN, 155.98534582630313,155.98534582630313,0.0, 178.82552992745403, -4.709354232833957, 19.584001859796466, -4.709354232833957, 43.0867751757502, -10.629467590575166, 19.584001859796466, -10.629467590575166, 152.24801836435915, 6.463670939101145, 4.325401761112058, 16.0, 0.0
35, 0 ,1.0,1.0,1.0,52.026234652114596,20.36219645293315,165.60087312414734,12.420982198787224,11.470010155424715,12.26855536754719,61.0,49.0,59.0,0.623945929676915,0.22014541226896742,-0.7498182941863564,12.778024180078067,-0.7155226808297377,0.5467127957194998,-0.43489356423703796,12.420972902305875,-0.3141954329041657,-0.8078620652397882,-0.49863825915052745,10.89958314653499,69.78284369463927,61.44783969645502,58.5633248053591,20.068750031511726,5.796952192949248,73300.0,251119.82916684676, 0.0, 0.0,0.0,NaN, 145.54886959868935,145.54886959868935,0.0, 154.2807987825891, -7.769815876930195, -9.76796015031024, -7.769815876930195, 131.56113296554608, -15.777484046016438, -9.76796015031024, -15.777484046016438, 150.51745080657096, 5.575827984914366, 4.065601894129177, 23.0, 0.0
36, 0 ,1.0,1.0,1.0,103.99821778386578,229.43343201802836,156.87627590473244,12.08459324529937,10.929555249040963,11.96934201867011,59.0,52.0,59.0,-0.8280644656772663,0.5431500068221218,0.1389147608130726,12.854862144314497,-0.16761520195870103,-0.003401535710370329,-0.9858466278418538,11.967379971414458,-0.5349900791182652,-0.8396287868123276,0.09385688893784949,10.014592157274011,58.50453314251722,59.471857301235275,54.02071155797839,19.456667393635225,5.4950718047733345,67893.0,187958.21855319128, -1.4210854715202004E-14, 0.0,0.0,34.099577815147256, 190.47222951882742,190.47222951882742,0.0, 146.03739390433515, -29.19008667647381, -0.3786100277720414, -29.19008667647381, 119.45517794183887, 5.044935839503965, -0.3786100277720414, 5.044935839503965, 143.26514835990187, 5.946531703947865, 4.144192075301583, 23.0, 0.0
37, 0 ,1.0,1.0,1.0,186.69196720121906,65.61619621217619,63.02317683767506,11.81401786540717,10.927113662985526,12.629835677595873,60.0,57.0,61.0,-0.5651967256557444,-0.1532121914470083,0.8106039018534456,13.195402583670154,0.6071989558276726,0.5879019071623933,0.5344911370608545,11.670820824891546,0.5584461382710153,-0.7942904833540602,0.2392499502682592,10.399945783473457,66.18406293966288,56.4397037003107,54.267591051666315,19.659772312506384,5.65499186483936,68905.0,202711.6427043427, 0.0, 0.0,0.0,NaN, 145.31385453836563,145.31385453836563,0.0, 139.5710181241598, 15.724602925817267, -21.116364148035046, 15.724602925817267, 119.40181300380497, 0.6220148704616612, -21.116364148035046, 0.6220148704616612, 159.5127492430736, 5.34900825290382, 3.9332531546137774, 33.0, 0.0
38, 0 ,1.0,1.0,1.0,92.09225779079475,158.68014288255984,106.49209629518114,11.261988024430563,11.558324263350896,13.156634185196195,57.0,56.0,61.0,-0.09643277996776517,0.20363776811982262,0.9742855733012092,13.202198849474467,0.6570134955662973,-0.7222740642950486,0.21599408022088676,12.438166031538191,-0.7476857532355714,-0.660947679806722,0.06414186594313587,10.22341569305881,62.201277419762334,57.69602092414836,53.39061840348384,20.028952790110317,5.6890515249711795,73067.0,191606.4469114218, 0.0, 0.0,0.0,NaN, 199.48145912350358,199.48145912350358,0.0, 126.83237426241742, -25.187524370390506, 0.5664496814455536, -25.187524370390506, 133.59485977676604, 6.0144631983615, 0.5664496814455536, 6.0144631983615, 173.09702308307314, 6.218236240652125, 4.295786445036365, 28.0, 0.0
39, 0 ,1.0,1.0,1.0,84.07152984637798,207.93259362358052,190.7108107756546,13.818589459175769,12.347889327904802,10.37183778910904,65.0,60.0,52.0,-0.9735100615510478,0.22862989411103898,0.002555695140350836,13.90017157366211,0.2212711914239989,0.9448744950627173,-0.24135295404403065,12.370151089889557,-0.0575953114817464,-0.23439402743830948,-0.9704340369116131,10.235399203503457,65.38182556034377,59.226573575813234,54.809552076046316,20.41633720636075,5.845680430470957,76877.0,212241.3032139787, 0.0, 0.0,0.0,NaN, 165.7967319608742,165.7967319608742,0.0, 190.95341464124365, -9.59762129552491, -2.797218263659139, -9.59762129552491, 152.47037085418532, -10.953296545918358, -2.797218263659139, -10.953296545918358, 107.57501912359031, 5.6577513445623415, 4.10424776773802, 21.0, 0.0
40, 0 ,1.0,1.0,1.0,288.03079546594444,76.7939612799679,283.9732504096031,8.04671849779782,11.644048104847588,8.845800664612526,37.0,61.0,36.0,0.19365385889520148,-0.9639750679117594,-0.1823465145801156,11.811887852161053,0.5060259388936326,0.2573775561971266,-0.8232220494695296,9.272202457386026,0.8404974313475413,0.06714806036300677,0.5376385457606909,7.286102607435636,60.84221283594385,49.90321885715022,38.38500098937163,15.813388933272357,5.340267286748943,29907.0,116545.39456557675, 0.0, 0.0,0.0,NaN, 79.35635480968462,79.35635480968462,NaN, 64.7496785828016, -11.852049297450431, -16.751709085740476, -11.852049297450431, 135.58385626800472, 8.2251034548424, -16.751709085740476, 8.2251034548424, 78.24818939805941, 6.584146492686192, 4.413500587851445, 9.0, 0.0
41, 0 ,1.0,1.0,1.0,120.9623042721825,235.91700898898125,76.41273197370964,11.899413101245255,12.321193061455816,13.071373749654654,61.0,61.0,65.0,-0.10914783210089828,-0.11741779212058556,0.9870662656788555,13.101667460020995,0.4169711975901577,-0.9068187414054582,-0.061763991257453445,12.415174118659461,0.9023423802126905,0.40483679715330767,0.14793713713178352,11.767684720679354,65.69564687855785,60.92379859835205,58.59523133898145,20.748797360996406,5.809995730395997,82768.0,234523.2156260619, 0.0, 0.0,0.0,NaN, 156.77185461504357,156.77185461504357,0.0, 141.59603215408723, -5.49544427743051, -3.9774342287120077, -5.49544427743051, 151.81179845766695, -2.9679942015342005, -3.9774342287120077, -2.9679942015342005, 170.86081170316078, 6.161843647878986, 4.311919796237908, 36.0, 0.0
42, 0 ,1.0,1.0,1.0,23.571846032240295,188.05863613499724,122.05786964957244,12.608010674483491,12.650602216597703,12.302689977124396,53.0,61.0,58.0,-0.5828588338821864,-0.5619923295661403,0.5868902804394711,13.78750348637392,0.6560727455846099,-0.7516133354818666,-0.06816117976454807,12.222508126420703,0.47942062144485376,0.34531437189124725,0.8067923229052095,11.439881686299056,72.0466585593547,64.18019990500586,59.035998841716435,20.86864495378778,5.903855357006561,83498.0,272980.6255070886, 0.0, 0.0,0.0,NaN, 167.28605564336976,167.28605564336976,0.0, 158.96193316788967, 10.267793741480608, -21.08726149162592, 10.267793741480608, 160.0377364425867, -18.585107784669226, -21.08726149162592, -18.585107784669226, 151.35618067323708, 5.967793124010155, 4.291207672291611, 22.0, 0.0
43, 0 ,1.0,1.0,1.0,215.86909970227694,135.50713556881874,206.14301888374823,11.848135111331544,12.625098879656095,11.434532682782594,62.0,58.0,59.0,0.423820541677685,0.7478596066373696,0.510961991944834,13.79750869290366,0.8818107867102676,-0.46952659821646336,-0.04420984063187116,11.424621138760346,0.2068474918713139,0.46930883470000306,-0.8584656852659123,10.470279400098281,67.14253610272647,60.98693948929095,52.282390081368646,19.93975799559265,5.73811956029562,71543.0,214086.8608235413, 0.0, 0.0,2.8421709430404007E-14,59.27207119130937, 185.06573177989512,185.06573177989512,0.0, 140.37830561636736, 16.94131256170396, 16.671126061896636, 16.94131256170396, 159.39312172109356, 31.28845573794543, 16.671126061896636, 31.28845573794543, 130.7485376736233, 5.789327615503079, 3.9166841005122075, 29.0, 0.0
44, 0 ,1.0,1.0,1.0,125.56304919933984,91.80952168547512,213.14532316338818,12.695395458588596,10.317464626010057,12.19151583842456,62.0,51.0,65.0,0.7493362457858501,0.1280856229492325,0.6496839723629283,13.611557429382078,-0.6186248955274245,0.48539064626515127,0.6178180631480285,11.634848519852374,0.23621691172574943,0.8648641475468885,-0.44295775972743046,9.778139130949224,67.0970406489264,57.95593420802854,52.74363648780607,19.601636228556693,5.659687072692326,67257.0,205102.68516237498, 0.0, 0.0,-2.8421709430404007E-14,49.48222101923986, 178.1538730556926,178.1538730556926,0.0, 161.17306584995194, -3.3324973862536154, 28.45525011709775, -3.3324973862536154, 106.45007630896886, 19.383941226135224, 28.45525011709775, 19.383941226135224, 148.63305843855693, 6.181294494942388, 4.207839684512062, 37.0, 0.0
45, 0 ,1.0,1.0,1.0,107.58532428355957,211.03036199095024,279.52429864253395,11.814269257018877,12.156201752415539,11.311200454854836,61.0,58.0,46.0,0.4968492930990838,0.8418750050722242,0.21068283219470782,12.25517930590706,-0.7173907599987321,0.5350420066719468,-0.44618443335116253,11.925768543213866,-0.4883556873994431,0.07054450319549369,0.8697885925059711,11.085128762736057,60.494654799624755,65.16124549426155,55.917372325584495,19.538419707843904,5.791684571239348,66300.0,220421.0843268723, 0.0, 0.0,0.0,NaN, 141.10086050318816,141.10086050318816,0.0, 139.57695807734137, 3.99824648894712, 9.050430506473282, 3.99824648894712, 147.7732410454306, 0.22590628706763155, 9.050430506473282, 0.22590628706763155, 127.94325572990824, 5.313640053062327, 3.989456234840963, 26.0, 0.0
46, 0 ,1.0,1.0,1.0,280.2052554845876,233.62602980653523,47.64575812274368,11.56192751181946,12.079709810145877,15.732904192574305,50.0,62.0,72.0,0.35235817019168436,-0.017963324250632563,0.9356928122418353,16.31826652937848,-0.15732428700260512,0.9844504205914758,0.07814370170646101,12.119677690819913,-0.9225469032077931,-0.17474177628470267,0.3440530816641191,10.674709427681513,85.4009474487609,60.8601828403784,57.28574476816843,21.873676188458116,6.975967403955785,86424.0,297743.64812818595, 0.0, 0.0,0.0,NaN, 84.06815150081744,84.06815150081744,0.0, 133.67816778856775, -6.065458006319187, 49.820233924148866, -6.065458006319187, 145.91938909733452, -0.026683530881711964, 49.820233924148866, -0.026683530881711964, 247.52427433272211, 5.662373750707052, 4.01636502076121, 18.0, 0.0
47, 0 ,1.0,1.0,1.0,224.78970240229472,232.5595123700251,166.70557188956616,13.993021569853225,10.579665717281657,11.193891873647674,72.0,54.0,59.0,-0.9949816345633608,0.09071837447811318,0.04221046568887174,14.021321509920217,-0.06727871301948515,-0.2943212891563031,-0.9533354884424543,11.255806508606932,0.07406160716636105,0.9513911683852333,-0.2989476928536414,10.475999120798368,72.56288212663051,54.72458985573502,54.58408357864985,19.941174278652166,5.9486774169642125,69725.0,216751.9746921249, 2.8421709430404007E-14, 0.0,0.0,5.742494130488783, 167.24895456113262,167.24895456113262,0.0, 195.8046526543776, -7.503863321883446, -2.5606769362967476, -7.503863321883446, 111.9293266894248, 5.08757589737171, -2.5606769362967476, 5.08757589737171, 125.30321527891542, 5.507964824435531, 3.9650707589883694, 34.0, 0.0
48, 0 ,1.0,1.0,1.0,200.49595913500463,175.4400641827737,193.51305000662438,12.564623923590398,10.703388369067653,11.756731746438899,64.0,53.0,56.0,0.9154533274777833,0.2679038215723657,0.3002877746375565,12.818173880658678,-0.2999651058906362,-0.0431580620418328,0.9529734083009936,11.648234461644586,-0.26826505634889036,0.962478531743807,-0.040852606702772305,10.5197951771806,64.97251036043866,56.82025583993611,51.50703968841678,19.490385383552997,5.547784772205583,67931.0,190151.3538565421, 0.0, 0.0,0.0,NaN, 191.7177672469244,191.7177672469244,0.0, 157.86977434126018, 13.479115538092715, 7.5946303193971945, 13.479115538092715, 114.56252257909273, 3.286362383918616, 7.5946303193971945, 3.286362383918616, 138.22074135772422, 5.919553112830417, 4.199146149648667, 32.0, 0.0
49, 0 ,1.0,1.0,1.0,236.84455216340314,273.56526020949775,96.41045186539962,12.16412603543404,12.097703470086358,12.883117806902138,62.0,57.0,65.0,0.1732017151375531,0.5874866213093684,0.7904812683776341,13.472372453144386,-0.8261488474685582,-0.35027727911203943,0.4413433012567875,12.565561453481218,-0.5361709127692239,0.7294966055578118,-0.424682769582011,10.995315444548465,74.99501292881894,61.49019459016148,57.29013365930239,20.594730410073673,6.012669558437252,78187.0,264191.0416485845, 0.0, 0.0,0.0,NaN, 118.24711957643285,118.24711957643285,0.0, 147.96596220592423, 16.87312689559931, -5.19145597129875, 16.87312689559931, 146.3544292501395, 22.426754695240604, -5.19145597129875, 22.426754695240604, 165.97472442651895, 5.661998810605003, 4.087224003989815, 25.0, 0.0
