// Sample: .//bubblelabels.tif, Map: .//bubblelabels.tif, Thickness:(8.191250068658265):/gpfs/home/mader/Foam/NewValid/InSilicoTest/LatticeData_Phi_6.65/out_Step_03000.vtk/distmap.tif, Neighbors:(1.0):
//LACUNA_NUMBER, TRIANGLES, SCALE_X, SCALE_Y, SCALE_Z, POS_X, POS_Y, POS_Z , STD_X, STD_Y, STD_Z,PROJ_X, PROJ_Y, PROJ_Z, PCA1_X, PCA1_Y, PCA1_Z, PCA1_S, PCA2_X, PCA2_Y, PCA2_Z, PCA2_S, PCA3_X, PCA3_Y, PCA3_Z, PCA3_S,PROJ_PCA1, PROJ_PCA2, PROJ_PCA3,OBJ_RADIUS, OBJ_RADIUS_STD, VOLUME, VOLUME_BOX, Mask_Grad_X,Mask_Grad_Y,Mask_Grad_Z,Mask_Angle, Mask_Distance_Mean,Mask_Distance_COV, Mask_Distance_STD, SHAPET_XX, SHAPET_XY, SHAPET_XZ, SHAPET_YX, SHAPET_YY, SHAPET_YZ, SHAPET_ZX, SHAPET_ZY, SHAPET_ZZ, Thickness, Thickness_STD, Neighbors, Neighbors_STD
1, 0 ,1.0,1.0,1.0,156.03697695916836,182.09073308565746,183.54849737498475,15.767887120997234,11.558782934878105,9.362488508804256,73.0,53.0,41.0,-0.9538501362654218,-0.30001444355763496,0.012698472476605308,16.15755154495707,-0.2712423498523872,0.8426883809809772,-0.4650848096919694,11.575519992649228,0.12883130517460273,-0.44706557261375335,-0.8851750496882215,8.650363185754978,79.33375673076517,66.5200993082841,46.35116367719266,20.420716504336724,7.272018682812279,57333.0,244608.50364953518, 0.0, 0.0,0.0,NaN, 50.24083174986996,50.24083174986996,0.0, 248.62626426051042, 39.77216691710505, 5.2077718864363325, 39.77216691710505, 133.60546293562928, -23.897114809004506, 5.2077718864363325, -23.897114809004506, 87.65619107749175, 9.708986414232474, 6.414349574301048, 12.0, 0.0
2, 0 ,1.0,1.0,1.0,185.07555811902014,35.24477505598154,16.076626857569384,8.72274248239015,16.18887842217731,10.217545216196392,37.0,72.0,47.0,0.011090436108447342,0.9994522646933713,0.031179686114773574,16.194112405038766,-0.3066626403611712,0.03307860849805348,-0.9512433078169575,10.36904556716767,0.9517536589021549,-9.880582593428822E-4,-0.30686152659992527,8.532166704074655,72.35835946067189,55.823402901273965,40.761118198143265,19.9068902720319,6.802938403694098,58948.0,164645.97115296675, 0.0, 0.0,0.0,NaN, 41.51374549860571,41.51374549860571,0.0, 76.08623641409388, 1.7477568687768537, 10.193487547947162, 1.7477568687768537, 262.0797845680382, 4.8113311914251975, 10.193487547947162, 4.8113311914251975, 104.39823024501777, 8.568729597981873, 5.898584953788417, 13.0, 0.0
3, 0 ,1.0,1.0,1.0,170.79643079202552,186.89347938246615,78.99801563678216,16.293733518386265,7.643354899849413,15.60464472927004,65.0,33.0,64.0,-0.8659168459208482,-0.02125345861849324,0.4997362368762569,16.637024387618265,0.4988727999220809,0.0357071959094378,0.8659393313957906,15.248648515650508,0.036248385459131664,-0.9991362703140332,0.020316690049542376,7.622315999216768,73.9333987683537,77.05751877182999,33.94026491014023,22.67920908222261,7.284575390837976,75591.0,193361.90672773874, -2.8421709430404007E-14, 0.0,0.0,30.012437476780004, 85.23682192416652,85.23682192416652,0.0, 265.4857519681841, 7.131759875347479, -19.285107160656793, 7.131759875347479, 58.42087412505203, 3.070418725871736, -19.285107160656793, 3.070418725871736, 243.50493712673526, 8.364058895385078, 5.583630510327244, 13.0, 0.0
4, 0 ,1.0,1.0,1.0,55.95180416598327,78.69409545678202,32.21239954075775,13.275868862530986,13.797254717133006,16.239479341681854,66.0,69.0,68.0,0.15818105837030794,0.38600541657103027,0.9088336322730773,16.882079350385816,0.7172524870671186,-0.6775008181572305,0.16291565668258048,13.674981395256372,0.6786218553575198,0.6260930120789634,-0.38403114151981094,12.582682612231359,78.10920966357682,64.89929773490064,64.18373252855898,24.099011253431456,7.040687301714115,121940.0,325362.2856129139, 0.0, 0.0,0.0,NaN, 101.78901577951855,101.78901577951855,0.0, 176.24869405511978, -6.202360185341088, 21.563098836321377, -6.202360185341088, 190.364237729449, 41.27574977586806, 21.563098836321377, 41.27574977586806, 263.72068928891173, 8.107710565973916, 5.240761978976812, 24.0, 0.0
5, 0 ,1.0,1.0,1.0,13.854414173704216,107.62895812459246,138.60607217265454,8.09336994156862,14.619801444889804,12.500894763620058,33.0,73.0,62.0,-0.0218659654170208,0.9924111433336006,-0.12100414101871687,14.651887271287443,0.0012672287691580797,-0.12100546939102141,-0.9926510315859776,12.466140779584268,-0.999760108069745,-0.02185861305651518,0.001388289457309043,8.088951393305752,73.08457444779704,61.53676058571564,33.452502729945714,19.92596664982202,6.202374888734036,62877.0,150448.883019661, 0.0, 0.0,0.0,NaN, 111.77463282567352,111.77463282567352,0.0, 65.50263701108643, -3.2524534778611893, 0.2817084890894775, -3.2524534778611893, 213.738594288002, -7.115134885760599, 0.2817084890894775, -7.115134885760599, 156.27236989110338, 9.157641602415755, 5.466420423856219, 17.0, 0.0
6, 0 ,1.0,1.0,1.0,51.68744406588058,185.24003391373978,121.50168783658602,14.438259786734813,8.65182084224852,12.259903449243433,65.0,34.0,55.0,-0.9584528688960148,0.016045000277203715,0.28479932596672897,14.633957998707434,-0.2842728387618761,0.028883062819484724,-0.9583082603340272,12.029550777508929,0.02360193312555037,0.9994540142739287,0.023121896645103154,8.646372853617962,65.50585837205111,58.30576190515055,35.076326247801006,19.918332693522885,6.073105041947766,63691.0,133969.43246050196, 0.0, 0.0,0.0,NaN, 95.13902188605826,95.13902188605826,0.0, 208.46334566924358, -2.717976556800501, -18.9937024106557, -2.717976556800501, 74.8540038863659, -1.2991757649544602, -18.9937024106557, -1.2991757649544602, 150.30523258477103, 9.232619809637573, 5.472951540184236, 11.0, 0.0
7, 0 ,1.0,1.0,1.0,56.165346011621764,149.92820038739214,11.769589716499384,13.29499290388015,17.05828928649528,8.297436417498606,63.0,87.0,32.0,-0.3050920587775494,0.9483305058393058,-0.08710962843131559,17.46672840110314,0.9385030186799753,0.3149307463688579,0.14152988702082556,12.90390710509768,-0.16165060964762745,0.03857300462914304,0.9860939122185218,8.06176786961283,95.83993373115284,60.687533543911485,37.49254015497502,21.61044065202419,8.341365333306156,68148.0,218067.45612733325, 0.0, 0.0,0.0,NaN, 76.1594015939272,76.1594015939272,0.0, 176.75683631422356, -39.46086403071445, 19.865209002090758, -39.46086403071445, 290.9852333817597, -15.308995091817296, 19.865209002090758, -15.308995091817296, 68.8474511024321, 8.294683664795755, 5.294056229634369, 17.0, 0.0
8, 0 ,1.0,1.0,1.0,26.426853109437378,50.89796065357863,50.441649174795245,13.871383035016418,13.235075872850071,12.88982909437962,65.0,66.0,63.0,0.8260761931208789,-0.21704317615320212,0.5200868993199564,14.955199078645364,-0.0845610400194929,0.8646769663342534,0.49515974634638377,13.645103718129896,0.5571782063844009,0.45301876735552965,-0.6959356599240614,11.130290193257201,77.71311770306596,67.5614039177834,61.26770940377674,22.188350529906405,6.434850076617485,97188.0,321680.430842869, 0.0, 0.0,0.0,NaN, 76.3763113500131,76.3763113500131,0.0, 192.4152673041413, -22.44466289782371, 40.25750281910958, -22.44466289782371, 175.1672333600981, 15.413609034720519, 40.25750281910958, 15.413609034720519, 166.1476940823153, 7.930682951183289, 5.140924604180201, 20.0, 0.0
9, 0 ,1.0,1.0,1.0,88.48294226704297,180.68274624186674,85.06844348924814,14.598239027895767,12.206310694313075,12.487641258425276,69.0,56.0,60.0,-0.9616372502407518,-0.01831086606360893,-0.27371246068348265,14.77754908586458,0.1860019494899381,0.6898666355755583,-0.6996336898017442,12.956594766167044,0.20163599315436964,-0.7237048689235558,-0.6599955976830378,11.480177819223956,70.6581756430225,67.04528578303336,63.20048351239524,21.700641361726824,6.86483446053385,84683.0,299399.4975282135, 0.0, 0.0,0.0,NaN, 124.25388300842907,124.25388300842907,NaN, 213.10858271557913, 6.154077287606467, 18.0942322144964, 6.154077287606467, 148.99402076610173, -16.979667669045924, 18.0942322144964, -16.979667669045924, 155.9411841991252, 8.338266713941415, 5.11401518890161, 18.0, 0.0
10, 0 ,1.0,1.0,1.0,186.20375682243736,20.492908649057807,110.87102107485758,8.487735102763068,11.074804210677014,13.344755670800293,34.0,45.0,65.0,0.026478050586297663,-0.3712680138150743,0.9281481426771047,13.733575573507329,0.10846517699880935,-0.9219250424974265,-0.3718729909454766,10.615540477080579,-0.9937475626212959,-0.11051822444252046,-0.01585887292042696,8.454267664268084,74.03922666803345,56.748934410881276,35.99975716197633,18.39486107728158,5.8655370888271285,50202.0,151258.27952889111, 0.0, 0.0,0.0,NaN, 92.48929946189209,92.48929946189209,0.0, 72.04164717467638, -5.272876829034928, 1.2162727665289503, -5.272876829034928, 122.65128830482934, -26.234122475147366, 1.2162727665289503, -26.234122475147366, 178.08250391335656, 8.67565256439532, 5.401791747569999, 9.0, 0.0
11, 0 ,1.0,1.0,1.0,77.25564339850054,100.37930787930787,160.19611448182877,11.85425138497824,14.63606337459646,13.711409993446148,58.0,80.0,76.0,0.16597695645040333,0.8249170475988621,0.5403364826737481,15.366099277072127,0.04187307427852733,-0.5533379282045782,0.8319037100895331,12.99477754025788,-0.985240222269638,0.11545129618606334,0.12638315801969824,11.73708399468156,73.4394709568667,68.56879939100341,60.655998408539375,22.32522274986536,6.657688801758496,97902.0,305442.7636378534, 0.0, 0.0,0.0,NaN, 132.20085490595625,132.20085490595625,0.0, 140.5232758982585, 12.746181716377876, 9.904594867814474, 12.746181716377876, 214.21435110520395, 29.522903400515847, 9.904594867814474, 29.522903400515847, 188.00276400837492, 7.538210810467012, 4.842737575992746, 31.0, 0.0
12, 0 ,1.0,1.0,1.0,22.551977218998495,178.25381474317643,48.58157102944337,14.246974781224617,12.669571460917124,13.76307216930303,58.0,51.0,81.0,-0.7425972243469104,0.13314497836857583,-0.6563701525263749,14.673484837772454,-0.5863352845199374,-0.6028725759030885,0.5410689340101682,14.299442365426339,0.3236669530847861,-0.7866492687082385,-0.5257591002746449,11.538252801490005,75.50701151310655,78.41061710385766,65.87472076355908,22.425629715957797,7.071606521883339,93060.0,390014.6681603671, 0.0, 0.0,0.0,NaN, 57.807069579759606,57.807069579759606,6.743495761743046E-7, 202.97629041685022, 17.09325486876478, 17.42266753632716, 17.09325486876478, 160.51804100328567, -30.453596687249384, 17.42266753632716, -30.453596687249384, 189.4221555374436, 7.5217230727044635, 4.7681155302230085, 10.0, 0.0
13, 0 ,1.0,1.0,1.0,167.51359630519818,187.25873038314717,25.363322179807405,15.330688061028214,7.385232838842282,14.375769767472917,74.0,31.0,52.0,0.77969485213713,0.03061832268374748,0.6254106298000477,16.92606170211607,-0.6255915921204485,-0.004444905077275095,0.7801380664261014,12.466789491255597,-0.026666409939489367,0.9995212659743102,-0.015688895628793657,7.370346800031494,88.14578580612236,61.91877855220731,32.35617079272285,21.027977649234735,7.352453529206553,63657.0,176596.07776197282, 0.0, 0.0,3.552713678800501E-15,51.28766706106363, 43.13936124315798,43.13936124315798,0.0, 235.029996424553, 5.823696826011058, 63.87164875274297, 5.823696826011058, 54.54166408391443, 4.095246142585548, 63.87164875274297, 4.095246142585548, 206.66275640738831, 8.531911357768394, 5.036381508319902, 12.0, 0.0
14, 0 ,1.0,1.0,1.0,176.13041590516676,61.37377949655179,108.45665761281137,13.457031189730056,12.991035390646807,13.973491729157567,55.0,65.0,66.0,-0.6330345106746068,-0.3415147220712402,0.6947193698923076,15.491558816603213,-0.1288496681089324,-0.8384248156252471,-0.5295673626385872,12.808529643315795,-0.7633250102827625,0.42474877651663046,-0.4867477843035822,11.87730330821202,76.68510997521756,65.72285742350238,67.89340884957915,22.387885811579284,6.625687055303704,99037.0,342180.3737402624, 0.0, 0.0,-1.4210854715202004E-14,45.9951411652766, 112.76826410816884,112.76826410816884,1.9073486328125E-6, 181.09168844136752, 23.868577037092667, -41.93373375331586, 23.868577037092667, 168.76700052103786, -13.262220700456565, -41.93373375331586, -13.262220700456565, 195.25847110483494, 7.013728627939848, 4.50874544841829, 18.0, 0.0
15, 0 ,1.0,1.0,1.0,189.66699119036878,24.463586066060362,175.83938451309572,6.333034622859816,13.138392168809304,12.830739361140193,27.0,56.0,54.0,-0.02281275762698943,0.7964133642178752,0.6043222082503816,13.551740398702572,0.012234346924094416,-0.6042118625799708,0.7967297822179004,12.397068933376536,-0.9996648932741378,-0.02556909096561105,-0.004040141383562075,6.325785555689203,76.11515425572884,61.97071751672729,27.696205310734115,18.40306265743713,6.2193113522108225,42113.0,130640.52782004271, 0.0, 3.552713678800501E-15,0.0,37.211044001302845, 35.90227645954359,35.90227645954359,0.0, 40.10732753434117, -3.44987697408329, -0.8721646899615245, -3.44987697408329, 172.61734878142963, 14.408845158284434, -0.8721646899615245, 14.408845158284434, 164.62787255351225, 7.882130869040591, 4.935216464150317, 10.0, 0.0
17, 0 ,1.0,1.0,1.0,21.2193155050575,9.761784675072745,20.4189275322156,12.132980253855852,6.395704662822057,12.120107063036583,56.0,25.0,47.0,-0.7067785100017642,0.04486634476696642,0.7060107286061147,13.576744949655161,0.707413620284977,0.03708273116142223,0.7058263532094219,10.49587800071864,-0.0054870424627241655,-0.9983045037246209,0.057948340857619685,6.36551527843682,72.85183349412011,56.00759897529809,27.796412505140854,17.28115305684576,6.031002588282309,36085.0,113416.48654530715, 0.0, 0.0,0.0,NaN, 31.02393257005841,31.02393257005841,0.0, 147.20920984045603, -2.7332898411674673, -36.98546189524596, -2.7332898411674673, 40.90503813404381, 6.378137759925829, -36.98546189524596, 6.378137759925829, 146.89699521946926, 7.966049708755323, 4.679687364811473, 4.0, 0.0
18, 0 ,1.0,1.0,1.0,24.11241125626315,37.80016954027338,146.4985240913701,13.719849005457888,12.742667605131665,10.707503329101375,59.0,64.0,57.0,-0.6653849845288019,-0.657932731792742,-0.35268589821446694,14.782903810857993,-0.7378554488064241,0.5079566350633479,0.4444652894904064,12.889181559566461,-0.11327912001016005,0.5559717414858957,-0.8234459688642989,8.977483813051673,79.60644929152936,66.86891549842079,53.7072960425767,20.583155521823898,6.449354288188458,66061.0,285894.51345565816, 0.0, 0.0,0.0,NaN, 69.80450643236641,69.80450643236641,0.0, 188.2342567325638, 28.328059535791752, 4.318856210131285, 28.328059535791752, 162.37557769487196, 51.31920522744503, 4.318856210131285, 51.31920522744503, 114.65062754271702, 7.735787269485753, 4.907897002963419, 17.0, 0.0
19, 0 ,1.0,1.0,1.0,121.85792173436138,78.95772171500468,179.46707745910894,11.474700493065326,11.195800094054416,11.67736677016119,55.0,55.0,48.0,-0.29965359649749185,0.6546778171097634,-0.6939774332717985,12.561833876652077,-0.8632169215155057,0.12371564151599797,0.48943946147974066,11.641458459774938,-0.40628102160378105,-0.745715358450314,-0.5280571329467179,10.002617678446876,60.37290539814866,60.89665275770734,50.57408754434991,19.05804909262514,5.492390246472549,61994.0,185936.03016708576, 0.0, 0.0,0.0,NaN, 112.9694964234485,112.9694964234485,0.0, 131.66875140555365, -15.116759478888955, -2.9775943113877084, -15.116759478888955, 125.34593974602888, -24.088601961152673, -2.9775943113877084, -24.088601961152673, 136.36089468486477, 7.7251328139954945, 4.817632659110804, 17.0, 0.0
20, 0 ,1.0,1.0,1.0,15.865675571313231,101.97014427633657,22.623459823779267,9.741778786516978,11.56566158720873,12.443235864680217,39.0,52.0,54.0,-0.08994830734140676,-0.5143040085914257,0.8528778861907527,12.865303253395622,-0.3219522451491513,-0.7953559200721028,-0.5135715259335153,11.293080282328134,-0.9424733703664188,0.3207808397536382,0.09404041151076503,9.510584135287974,58.79169660942616,59.09758596001252,45.91597137424336,18.766397640537637,5.5967151309036085,56974.0,159532.6247934954, 0.0, 0.0,0.0,NaN, 101.8498562047811,101.8498562047811,0.0, 94.90225392543219, 12.96813483600944, 0.3728251137603547, 12.96813483600944, 133.76452794983555, -17.77917111032495, 0.3728251137603547, -17.77917111032495, 154.834118784064, 7.903871056804385, 4.872368091240892, 10.0, 0.0
21, 0 ,1.0,1.0,1.0,80.5890329579502,23.218191445397252,41.91606829217894,11.92712150886472,11.674941096488203,13.431475328298017,61.0,49.0,64.0,-0.45627121518213,-0.021745876234038508,0.8895750081151311,13.951801705553063,-0.5694308513451918,0.7753437102955739,-0.27311286392512274,12.34770537383019,-0.6837873088413617,-0.6311649925113924,-0.3661497896975787,10.575746203383598,63.25477249497127,61.12345027563924,60.25656369616214,20.57661011839002,5.963901627635747,77432.0,232972.96150918942, 0.0, 0.0,0.0,NaN, 93.75837790921572,93.75837790921572,0.0, 142.25622748722344, -17.11205589193846, -27.292978029836167, -17.11205589193846, 136.30424960646914, -10.203274793320173, -27.292978029836167, -10.203274793320173, 180.40452949467834, 6.856905008070706, 4.5196458289575965, 19.0, 0.0
22, 0 ,1.0,1.0,1.0,171.14095251803738,91.3914787959481,10.033267960920492,13.682860551783692,15.450965362556374,6.754187999625313,58.0,68.0,26.0,0.35844662592579934,0.9330751305580464,-0.029779474416036227,15.742620608957111,-0.9334901159192527,0.35860311635548997,-9.176704666762336E-5,13.35299158916314,-0.010593386779968855,-0.02783173861288927,-0.9995564888901048,6.740888000177358,77.39871799080991,69.5630948629761,26.958438354343066,20.534869097556474,7.063371022039869,55579.0,145146.77594836958, 0.0, 0.0,0.0,NaN, 96.3634447498222,96.3634447498222,1.3486991523486091E-6, 187.22067287955832, 23.214904102494444, -2.1490063010462896, 23.214904102494444, 238.73233063491682, -5.628094141558992, -2.1490063010462896, -5.628094141558992, 45.61905553428259, 7.325884334806163, 4.899487276699741, 12.0, 0.0
23, 0 ,1.0,1.0,1.0,159.25078333357624,80.9951615488873,69.9083463281694,14.987748041186045,9.983873200635264,11.021760508958856,69.0,49.0,58.0,-0.9857054494779796,0.165257229344076,-0.03278437156532493,15.10848297726857,0.07885413933808642,0.2805672055663119,-0.9565898117113527,11.131365787060089,0.1488851623858586,0.9455009737225185,0.28958784006084615,9.675533989891099,72.40738172010508,55.60948462636143,51.593819477103295,20.14470998996645,6.322988183564409,68617.0,207744.43241368304, 0.0, 0.0,0.0,NaN, 114.48970145649248,114.48970145649248,0.0, 224.63259134607614, -21.2636917955208, 2.066414684187084, -21.2636917955208, 99.67772408636301, -8.859341402553955, 2.066414684187084, -8.859341402553955, 121.47920471684496, 6.765540556542592, 4.339528229747583, 17.0, 0.0
24, 0 ,1.0,1.0,1.0,136.12471731167383,117.00044593088072,122.15144131231088,10.114019777614972,11.958493798850647,12.602835124299176,49.0,60.0,64.0,0.1947712408848568,0.5053774747544486,0.8406293902398305,12.737545762651141,-0.3811899892681668,-0.7506718482947489,0.5396165011000681,12.290269157690988,-0.9037468427640053,0.42554128376523137,-0.04643554678832427,9.53072059947635,59.15275922694238,61.604315107007395,47.0587887104274,19.32187078065123,5.549390300315004,62790.0,171485.29518160885, 0.0, 0.0,0.0,NaN, 130.49665054681216,130.49665054681216,0.0, 102.29339606198683, 24.25989023594964, -0.6941700416739999, 24.25989023594964, 143.00557393714936, 5.945640382915305, -0.6941700416739999, 5.945640382915305, 158.83145317026901, 7.32300334838018, 4.618608903833733, 23.0, 0.0
25, 0 ,1.0,1.0,1.0,116.14984398555552,58.45780598113803,15.56617466605897,12.988587957520494,11.095354663987584,9.34616869683004,65.0,55.0,39.0,0.995878007626512,-0.08094079384843694,-0.04093387126859141,13.005825510204103,-0.07967151080228288,-0.996315549338316,0.031745495950937945,11.082964442440472,0.04335255808289179,0.02835337789178075,0.9986574195737974,9.336893676445474,64.80559570006173,55.464626170426946,40.41340142574421,18.66897936049556,5.534472982759808,57046.0,145262.66315371924, 1.4210854715202004E-14, 0.0,0.0,5.204038668756939, 103.39472683608828,103.39472683608828,0.0, 168.70341713024638, -3.777501061016843, -3.431856064324783, -3.777501061016843, 123.10689511967101, -0.8561024011989884, -3.431856064324783, -0.8561024011989884, 87.35086930960571, 7.311901317944167, 4.794808282591132, 16.0, 0.0
26, 0 ,1.0,1.0,1.0,150.945708253298,152.03390852951915,54.59274840061594,10.137304733098224,14.11791655812625,10.649204610271491,47.0,64.0,51.0,0.007392300014680378,-0.9844349483648737,0.1755938106492972,14.218807246015837,0.5787567313696943,-0.1389867562027736,-0.8035691180567469,10.883984379429291,-0.8154667373932307,-0.1075663239033438,-0.5687209211618299,9.739121036023995,65.2218469233637,55.80044604736203,52.036924904946915,19.52927142950146,5.838975206161839,62993.0,189383.60861855093, 0.0, 0.0,0.0,NaN, 87.67803400885565,87.67803400885565,0.0, 102.76494725169566, -2.6802507076824407, -10.841312534248111, -2.6802507076824407, 199.31556794221532, -15.915135183015837, -10.841312534248111, -15.915135183015837, 113.40555883142758, 6.74651533906009, 4.551898837119885, 20.0, 0.0
27, 0 ,1.0,1.0,1.0,11.290429265658748,84.93145923326134,104.10151187904968,7.183735317330909,10.527389252018349,9.911573556746925,28.0,49.0,44.0,0.0659869807445234,-0.7893463514603931,0.6103917232469551,11.40563439701695,0.027706372542378958,-0.6100396805587381,-0.7918863207963224,8.907390946224126,-0.9974357499572414,-0.0691659278833032,0.018384752575895422,7.158292986214798,55.26112017718984,43.03407862622487,29.412189484188858,15.409856151712637,4.817426836736769,29632.0,69945.46283714242, 0.0, 0.0,0.0,NaN, 128.597615002682,128.597615002682,0.0, 51.60605310946741, -4.5818418655996, 2.55927337908, -4.5818418655996, 110.82592446351144, -24.414647319575216, 2.55927337908, -24.414647319575216, 98.2392903708049, 8.699430784760708, 4.7706895759061485, 11.0, 0.0
28, 0 ,1.0,1.0,1.0,54.96090635605151,69.02015441841165,91.01630136783295,12.2005226231506,10.121832707302286,12.881664690837916,60.0,47.0,56.0,-0.48590068256991015,0.25270688528011553,0.8366837854351651,13.36490137712726,0.855320633588295,-0.05944288055428261,0.5146777221811004,11.896774699748102,-0.1797974984147783,-0.9657151619827823,0.1872620769946656,9.853308975308725,63.64560283211603,56.57117933014395,50.355113749088076,19.636838955895787,5.624596933113885,67479.0,181303.9300419478, 0.0, 0.0,0.0,NaN, 126.76139024995051,126.76139024995051,NaN, 148.8527522780096, -12.271193002922763, -13.581232635214903, -12.271193002922763, 102.45149735461433, 15.879204347126187, -13.581232635214903, 15.879204347126187, 165.9372852071803, 7.39032725234746, 4.562998922179518, 15.0, 0.0
29, 0 ,1.0,1.0,1.0,97.26674333649032,186.96482208090922,139.00838858070625,10.95117112203246,7.802368082459586,12.511421633832242,53.0,32.0,59.0,0.06943000643824171,-0.11703941478676533,0.9906973551960039,12.57020650288107,0.9955685389385263,-0.055010339012499604,-0.07627022274477356,10.953941514369589,0.06342521960382344,0.991602560498964,0.1127013909856725,7.703365609423203,58.24682214941859,53.35270766851073,34.88009185684976,17.553178652381273,5.406171208472817,44346.0,108394.2689922521, 0.0, 0.0,0.0,NaN, 115.5452806746825,115.5452806746825,1.9073486328125E-6, 119.92814894403766, -4.123210219525429, 2.1817474288284284, -4.123210219525429, 60.87694769418408, -11.186192978263868, 2.1817474288284284, -11.186192978263868, 156.53567129952546, 7.260806569057996, 4.749583864429519, 11.0, 0.0
30, 0 ,1.0,1.0,1.0,46.79112708346242,121.64460313526241,144.80492905384472,10.92212402403959,10.722325406592777,13.408559259751653,51.0,54.0,61.0,0.17529812143167792,0.37573412097602615,0.9099969444766821,13.889008118464268,-0.8241978920786508,-0.44954987248157113,0.3443874951924242,11.245952248068834,-0.5384871431293725,0.8103880443874878,-0.2308740223545959,9.73008367194388,63.274605764002416,55.50334878904917,50.68968587656961,19.508776086419672,5.78430396448481,64556.0,178019.76970799375, 0.0, 0.0,0.0,NaN, 106.65586551297764,106.65586551297764,0.0, 119.29279319650279, 18.25129854197722, 6.644381054619879, 18.25129854197722, 114.96826212486496, 28.663725870288538, 6.644381054619879, 28.663725870288538, 179.7894614222718, 7.051548630424341, 4.446155630309512, 14.0, 0.0
31, 0 ,1.0,1.0,1.0,17.449195720212533,140.13197830992067,23.03160710386491,10.155837873620374,10.267147954618302,12.565125563311584,39.0,46.0,52.0,0.167006289388256,-0.2705805898029014,0.9481007561048986,12.798718646253255,0.703725644464768,-0.6407966848163454,-0.30683843639777014,10.287239679885792,-0.6905643464785978,-0.7184467643119394,-0.08339742335523011,9.838864326826732,59.86675640701612,55.78623977784305,50.32490304417995,18.373993770012472,5.3697396024974955,54956.0,168072.15347381082, 0.0, 0.0,0.0,NaN, 66.47638210788018,66.47638210788018,0.0, 103.14104291526202, -7.097168945314419, 8.66076037255267, -7.097168945314419, 105.4143271220228, -15.41471807126304, 8.66076037255267, -15.41471807126304, 157.88238042178625, 7.525281013858675, 4.6289311368240025, 7.0, 0.0
32, 0 ,1.0,1.0,1.0,113.16681173918127,71.0276200745716,68.22993777038702,9.497321230838473,11.720846392581208,15.851259697211002,46.0,59.0,75.0,-0.0015436015983196641,-0.2078056038245394,0.9781689262664317,16.020107572059157,-0.06125465837913743,-0.9763136017277663,-0.2075081152827801,11.495879430990055,-0.9981209766961925,0.06023771327395274,0.011222022035454332,9.488977510587622,75.00350387820222,61.23888340041533,46.68956078164747,20.89533068110311,6.4980720553233144,76973.0,214451.26100090417, 1.4210854715202004E-14, 0.0,0.0,89.91155810804476, 131.30213176162587,131.30213176162587,0.0, 90.1991105617352, 2.572049397093716, 0.2837566293145895, 2.572049397093716, 137.37824015848392, -25.333140811710372, 0.2837566293145895, -25.333140811710372, 251.26243398842587, 7.360010350913449, 4.4545561074728, 23.0, 0.0
33, 0 ,1.0,1.0,1.0,178.93638602352374,154.98086758855843,88.3803578501438,12.562542574388015,8.72258659559475,13.000460343503258,51.0,40.0,56.0,0.4106566615470905,0.08208220449113518,-0.9080878911387784,13.13586252369749,-0.9111927517423801,9.008566042436238E-4,-0.41197931699240364,12.447207810207729,0.03299811356952255,-0.9966251552932298,-0.07516265254498966,8.68499254357683,63.38973162597127,59.991525674312555,40.53597124728242,19.21490923855861,5.805189484236275,58069.0,154152.0849887194, 0.0, 0.0,0.0,NaN, 101.39766156351136,101.39766156351136,NaN, 157.81747593331144, 3.2084817178207707, -6.372745494180501, 3.2084817178207707, 76.08351691764922, -7.268756521181531, -6.372745494180501, -7.268756521181531, 169.01196914300084, 7.753836420945117, 4.627610258495187, 13.0, 0.0
34, 0 ,1.0,1.0,1.0,122.13623949261068,151.92364883318666,163.29828847145936,11.688214379400295,11.470185942384807,11.474657000054357,63.0,53.0,60.0,0.16443302554039296,0.725520242372228,-0.6682680285781863,12.196705775133035,-0.9295128227131783,-0.11275527693851892,-0.3511298334438382,11.80571418037784,0.3301025484957851,-0.6789010424433454,-0.6558396770903133,10.569425487066951,58.46078331329012,66.68372926393559,49.871748524922964,19.243907567980706,5.4331662698286936,65906.0,194419.17897485633, -1.4210854715202004E-14, 0.0,0.0,80.53570063784647, 98.59572186961789,98.59572186961789,0.0, 136.61435537881982, 7.318871682803087, 4.957449516201316, 7.318871682803087, 131.56516555288204, -16.86668910890674, 4.957449516201316, -16.86668910890674, 131.66775326889646, 7.33829851984115, 4.432163262048951, 19.0, 0.0
35, 0 ,1.0,1.0,1.0,145.32775838038995,42.86719255140308,83.03809072230125,12.648133993866475,10.255125550232833,12.832192823451752,64.0,48.0,57.0,0.6604599502677898,-0.08760420522956015,-0.7457333017361938,13.102895153579965,0.7058625200510917,-0.2662125308305365,0.6564213518891064,12.551345842357918,0.2560288204077626,0.9599252010729258,0.11398618980258832,10.029253330926524,63.540759778238915,62.81327977245917,47.26855958718777,19.9058510777683,5.793544606352355,69597.0,188658.4414524983, 0.0, 0.0,0.0,NaN, 108.26806875416787,108.26806875416787,0.0, 159.9752935268007, -14.815286999296779, -8.631074435197071, -14.815286999296779, 105.16760005103826, -5.3070236857016475, -8.631074435197071, -5.3070236857016475, 164.66517265824666, 7.336710316810837, 4.514994712470468, 17.0, 0.0
36, 0 ,1.0,1.0,1.0,85.64402593393022,35.30048260509254,108.31125591069369,11.61716796148437,11.622551001277415,10.768214865549211,58.0,62.0,55.0,0.6483859264744531,0.5259371908291987,-0.5504414243609903,12.462907399213723,0.612153124397172,-0.7900178192509205,-0.0337697728271934,11.484162510349684,0.4526193131547145,0.3150585922788182,0.8341905302691008,9.93914911890204,61.79985667372995,59.16004544265625,52.92714103457823,18.8833718580357,5.423559890363512,61541.0,193505.9850698779, 0.0, 0.0,0.0,NaN, 130.33744298166377,130.33744298166377,0.0, 134.95859144533893, 3.2726096818341976, -20.86234082586296, 3.2726096818341976, 135.08369177729463, -15.48438836386388, -20.86234082586296, -15.48438836386388, 115.95445139063503, 6.5416126002132735, 4.207809300693241, 16.0, 0.0
37, 0 ,1.0,1.0,1.0,16.274056029232643,72.41981323589118,170.98615702878797,10.294559944961657,11.16345399464258,11.017845600992487,40.0,55.0,56.0,-0.11873460186919128,-0.7256888419627087,0.6777003755125035,11.716757867654914,0.5844966155435886,-0.6028254968409267,-0.5431069202068605,10.644336499341403,-0.8026616975644567,-0.3316279918965136,-0.4957389174289539,10.070217316312247,55.39393529827082,55.950268440412586,53.93941711444204,18.01147172551026,5.251711865607034,51723.0,167174.734821652, 0.0, 0.0,0.0,NaN, 79.69490154785382,79.69490154785382,0.0, 105.97796446040897, -1.0993726701613773, -6.661828893974991, -1.0993726701613773, 124.62270509050138, -13.748765804827732, -6.661828893974991, -13.748765804827732, 121.3929216873095, 7.549768676729786, 4.53184076826019, 12.0, 0.0
38, 0 ,1.0,1.0,1.0,186.76491866630718,111.25853779095893,65.71277073784488,8.852474311122162,14.765705633561739,9.53548153170725,38.0,70.0,52.0,0.15491301097316873,-0.9766473885961786,0.14886852380369733,15.005907418092024,0.4901558206147473,-0.054851212537127055,-0.8699072456306423,9.669889158959913,-0.857758258805306,-0.20772872413672597,-0.4702122357189541,8.284549386700817,67.91871163032141,49.76960950256055,46.41825266915484,18.609208444777742,6.40430584735219,44508.0,156907.0511412305, 0.0, 1.4210854715202004E-14,0.0,12.406639341824025, 111.21323091679646,111.21323091679646,0.0, 78.3663014290778, -24.353035838348138, -6.995445308032924, -24.353035838348138, 218.02606285699684, -21.573354293169366, -6.995445308032924, -21.573354293169366, 90.92540804153002, 7.292912444353393, 4.651073408795843, 10.0, 0.0
39, 0 ,1.0,1.0,1.0,49.97597053765732,152.6444430917198,187.65498927120268,15.784338257537078,15.316991517949921,6.8695323259115915,73.0,77.0,29.0,-0.7551683751730407,0.6441318961791259,0.12171616763270669,16.951951850421477,0.6518136378599068,0.7575744848142412,0.03492680143201397,14.14894909746621,0.06971159615403665,-0.10571187389844626,0.9919502472798396,6.586699147854314,78.04204115181875,67.96442034775312,31.58248852929421,21.813507351602862,7.424078042933196,65711.0,167516.11175445406, 0.0, 0.0,0.0,NaN, 69.94673467123592,69.94673467123592,0.0, 249.14533422834864, -41.24923413672253, -18.85623064541276, -41.24923413672253, 234.6102291609498, 23.277749072946524, -18.85623064541276, 23.277749072946524, 47.19047437674432, 8.663217209694409, 5.271924754916749, 12.0, 0.0
40, 0 ,1.0,1.0,1.0,80.77714059116005,106.43402068145075,74.4148034042034,12.641002660814737,11.450557815250107,10.662140076039224,63.0,60.0,52.0,0.9044534658118488,-0.34983575237864145,0.24408784184920967,12.96529446242632,0.3722955154193242,0.9266926659704626,-0.05134931387288697,11.238509184779957,-0.2082305870413724,0.13731587378823498,0.9683926752233202,10.49707122765137,63.89615565582183,57.92380941839281,51.208418758123486,19.34034533180284,5.526526576321387,65566.0,189527.92636941434, 0.0, 0.0,0.0,NaN, 144.28132898476318,144.28132898476318,0.0, 159.79494827072526, -12.763491593244096, 12.476559609282573, -12.763491593244096, 131.1152742803853, -5.711863778077344, 12.476559609282573, -5.711863778077344, 113.68123100108171, 6.221726296129062, 3.9760245867089985, 20.0, 0.0
41, 0 ,1.0,1.0,1.0,48.553253879790795,184.33233301894882,166.79135728371773,11.589764907269101,9.894970506719952,13.130632903002569,53.0,42.0,57.0,-0.418762074276308,0.2596259894691143,0.8701911690772248,13.838556576843171,0.9073479278578063,0.08073847523187008,0.4125542830093735,11.055046348265092,-0.0368519057844961,-0.9623282414069622,0.2693813149248377,9.535560522342617,69.37464039068098,56.747076573231794,47.06719722621098,19.200436876071205,5.999152951543481,58315.0,185294.52001282253, 0.0, 0.0,0.0,NaN, 60.87452835137393,60.87452835137393,0.0, 134.32265060576637, -8.643043131104296, -24.939476293314197, -8.643043131104296, 97.91044132885771, 23.765317599958202, -24.939476293314197, 23.765317599958202, 172.41352043341365, 7.332909437415326, 4.499249469091542, 9.0, 0.0
42, 0 ,1.0,1.0,1.0,172.59555589846462,103.52340354396523,123.97862819226911,12.01677015734742,11.759623703733864,14.107231165076497,52.0,58.0,66.0,-0.34703456075736727,-0.01053589413145001,0.9377931587374649,14.407367906607817,-0.62802433468271,-0.7400274559478319,-0.24071726047319292,12.23912640776015,0.6965288570377257,-0.6724941333411248,0.25019830522105646,11.150651128582387,71.73664224048912,68.10824524746914,62.07035495256167,21.012937281433253,6.337345865535929,77766.0,303266.867247603, 0.0, 0.0,0.0,NaN, 125.84906114780522,125.84906114780522,0.0, 144.40276501451552, 12.136628967219565, -23.23979870504792, 12.136628967219565, 138.28874965341936, 3.712829471620734, -23.23979870504792, 3.712829471620734, 199.01397114490558, 7.554969093127972, 4.672273311066749, 16.0, 0.0
43, 0 ,1.0,1.0,1.0,115.22975752541434,152.4308176100629,63.26970847672165,9.266300402232819,12.315694380442643,10.65955636390856,45.0,54.0,49.0,-0.044782776877631214,-0.9002960405919133,0.4329682923605987,12.794675127146592,-0.3681559367689338,-0.3880260943116117,-0.84492423113263,10.234613166222696,-0.9286849353343241,0.19723790058657845,0.3140724461892221,9.094821318793871,60.49124835880812,52.79694524335301,47.15529307132252,17.961337303357023,5.343889535467782,50562.0,150602.36471538144, 1.4210854715202004E-14, 0.0,0.0,87.43327747627329, 115.98222766086403,115.98222766086403,0.0, 85.8643231444201, 6.412546810329862, 5.282896179461361, 6.412546810329862, 151.6763280724665, -24.345972464467028, 5.282896179461361, -24.345972464467028, 113.62614187534349, 6.39951635280448, 3.9896216771142634, 15.0, 0.0
44, 0 ,1.0,1.0,1.0,99.50131640080532,158.5773136573818,15.075333525077989,11.327937500064348,10.831052630603292,9.643432224541836,49.0,55.0,41.0,0.8134635890688812,0.3287895172435664,-0.4797649868528518,12.467387606762195,-0.20867239988278455,0.9349504478888692,0.2869207024938456,10.656737118253524,-0.5428930085996079,0.1332858332424911,-0.8291574445607548,8.344330675182071,63.60974742238989,50.37798828629283,49.08843936298638,17.58476486589206,5.422702165229627,45199.0,157305.43110650708, 0.0, 0.0,0.0,NaN, 108.82838136361507,108.82838136361507,0.0, 128.32216800536412, 14.377766097422267, -36.11905091583346, 14.377766097422267, 117.31170108689848, -1.7487721631756392, -36.11905091583346, -1.7487721631756392, 92.9957850693319, 7.488592856064019, 4.332850302348773, 12.0, 0.0
45, 0 ,1.0,1.0,1.0,117.65483095474319,113.00154544760741,54.60665496451195,10.280792706406023,10.694211248004551,11.043020851359126,49.0,48.0,53.0,0.0740675748606836,0.6393319422608205,0.7653552521275748,11.707573431652909,-0.8457154878120146,-0.36642881415272943,0.3879371570673675,10.460892820487706,0.5284688335456915,-0.6760063548248875,0.5135524317995439,9.773004049590611,58.49131465151385,51.070464388184575,49.66600484726352,17.808852186825636,4.98537322578758,52412.0,148361.22692300967, 1.4210854715202004E-14, 0.0,0.0,85.75235073651379, 131.64856522579308,131.64856522579308,0.0, 105.69469867209128, 6.281137119222059, -2.210791517916018, 6.281137119222059, 114.36615421694707, 18.355297659845956, -2.210791517916018, 18.355297659845956, 121.94830952355241, 6.5817696021106835, 4.022677898229911, 12.0, 0.0
46, 0 ,1.0,1.0,1.0,108.7700156685902,53.19339244086063,129.45761837428822,10.792203715399003,10.93015873585294,11.098085035275027,51.0,52.0,49.0,-0.444492119825732,-0.5050591796433649,0.7398256419392332,12.294648186897868,0.7130176780350251,-0.6994252286952645,-0.04909317950712063,10.898862330588551,0.5422476797759197,0.5056872299381787,0.6710051261019423,9.44266637847047,56.56438712271215,51.28293916011086,47.23956219163975,18.19000918810486,5.3132935371989,52334.0,137031.95623819958, 0.0, 0.0,0.0,NaN, 126.99871907190341,126.99871907190341,0.0, 116.47166103467204, -0.8547660905301164, -21.42353164763, -0.8547660905301164, 119.46836999094235, -22.147467336075604, -21.42353164763, -22.147467336075604, 123.16749145019547, 7.105770596141923, 4.1585386100638795, 17.0, 0.0
47, 0 ,1.0,1.0,1.0,16.75364099763335,49.50812397596942,91.93118514472965,9.37732909042896,10.829270513218164,9.931386564902574,38.0,56.0,44.0,0.11409282908226447,-0.8922791078058191,0.43683042490794466,11.142783512786794,0.472405334043255,-0.33808358246135906,-0.8139611118705692,9.705084892680938,-0.8739656896695005,-0.29922814881515336,-0.38294449759354227,9.246055517528104,49.74182766010403,48.67794955342174,44.13609386164646,16.783523553261965,4.706716154315468,43944.0,106868.0559856575, 0.0, 0.0,0.0,NaN, 105.7500904416261,105.7500904416261,0.0, 87.93430087020522, -5.3262800345020125, -1.4175994361724162, -5.3262800345020125, 117.27309984845641, -12.67951103897397, -1.4175994361724162, -12.67951103897397, 98.63243910152734, 7.373978595433992, 4.258464970846523, 10.0, 0.0
48, 0 ,1.0,1.0,1.0,126.42993831487453,9.382587971400532,49.64485489976167,11.162314157437924,6.235685049739409,10.482393152130324,53.0,26.0,53.0,-0.9933508457309617,0.11506140896191111,0.0038690377722789973,11.213937510649002,0.021959352017969648,0.15637602865996292,0.9874534543559458,10.572262901264722,0.11301276098093689,0.98097268556685,-0.1578629343045014,5.986355672570108,52.37169569618743,52.293774941363374,27.57904572968637,15.703456347235065,5.173301686079425,28532.0,75531.10949122663, 1.4210854715202004E-14, 0.0,0.0,6.610917990084943, 89.24796104904931,89.24796104904931,1.6518123698891422E-6, 124.59725734933912, -10.016304733112454, 1.3010151740017344, -10.016304733112454, 38.88376803954358, 11.765658345514064, 1.3010151740017344, 11.765658345514064, 109.88056619582872, 6.622364505740022, 4.207942763991651, 12.0, 0.0
49, 0 ,1.0,1.0,1.0,149.09303505730114,52.235949591914405,159.37873726054045,10.51844496084788,9.106656749894153,11.062723688996668,49.0,44.0,51.0,0.4963351557496223,-0.08311727102739683,0.8641428888927785,11.291119822516471,-0.8249545977436925,0.2648543224241883,0.499301611808701,10.38037515093524,0.2703725667084976,0.9606995925627234,-0.06288853648541054,8.983939105608897,50.89403098215362,48.14213352522374,42.29989299237972,17.142191883436503,4.700850391714927,47294.0,103640.96586367692, 0.0, 0.0,0.0,NaN, 83.48772661891327,83.48772661891327,0.0, 110.63768439438617, -7.838059335315748, 8.925160824916977, -7.838059335315748, 82.93119716039274, 0.2161092508484743, 8.925160824916977, 0.2161092508484743, 122.38385541908805, 6.588133431184331, 4.052621177945169, 14.0, 0.0
50, 0 ,1.0,1.0,1.0,134.45852001940585,116.90613852344397,184.96113124625438,9.996083761061476,10.240455828644961,8.016430041897777,50.0,47.0,33.0,-0.3351655462814194,0.9354254110237237,0.11244268316335956,10.303255009808693,-0.9416601391368388,-0.33647795111196405,-0.007666210033909943,9.958420284539555,-0.03066331597637456,0.10845224214645219,-0.9936286389928286,7.982767589786761,48.83164170379963,53.150889082880695,34.772548761375845,15.760225727680833,4.546104020560577,35041.0,90250.24379853951, 0.0, 0.0,0.0,NaN, 106.89454142529492,106.89454142529492,0.0, 99.92169055815695, -2.072684217236224, -1.3432691913349188, -2.072684217236224, 104.86693557842857, 4.554554969005639, -1.3432691913349188, 4.554554969005639, 64.2631506166412, 6.989962165384123, 4.323682165799977, 13.0, 0.0
