// Sample: .//bubblelabels.tif, Map: .//bubblelabels.tif, Thickness:(8.191250068658265):/afs/psi.ch/project/tipl/test/LabelValidation/Step4900//distmap.tif, Neighbors:(1.0):
//LACUNA_NUMBER, TRIANGLES, SCALE_X, SCALE_Y, SCALE_Z, POS_X, POS_Y, POS_Z , STD_X, STD_Y, STD_Z,PROJ_X, PROJ_Y, PROJ_Z, PCA1_X, PCA1_Y, PCA1_Z, PCA1_S, PCA2_X, PCA2_Y, PCA2_Z, PCA2_S, PCA3_X, PCA3_Y, PCA3_Z, PCA3_S,PROJ_PCA1, PROJ_PCA2, PROJ_PCA3,OBJ_RADIUS, OBJ_RADIUS_STD, VOLUME, VOLUME_BOX, Mask_Grad_X,Mask_Grad_Y,Mask_Grad_Z,Mask_Angle, Mask_Distance_Mean,Mask_Distance_COV, Mask_Distance_STD, SHAPET_XX, SHAPET_XY, SHAPET_XZ, SHAPET_YX, SHAPET_YY, SHAPET_YZ, SHAPET_ZX, SHAPET_ZY, SHAPET_ZZ, Thickness, Thickness_STD, Neighbors, Neighbors_STD
1, 0 ,1.0,1.0,1.0,91.42922327397076,278.0509851988423,16.26182702112538,18.063885758193337,13.995533345746756,10.517285232899765,90.0,60.0,46.0,-0.9876220863290384,0.14843561313882928,0.05069007148523062,18.152452072040713,-0.15651482136203151,-0.9538016618508858,-0.2564478515107903,14.12618204592467,0.010282280344813538,-0.2612073096270256,0.9652279606954629,10.184874842863861,92.92263178794592,72.70392508554292,48.84659403894349,23.78305834144372,8.195019640897772,97087.0,329999.77681566455, 0.0, 0.0,0.0,NaN, 95.42279149809045,95.42279149809045,0.0, 326.3039686850601, -18.794932948861938, -7.457227596118186, -18.794932948861938, 195.87495363190936, 25.13577467884935, -7.457227596118186, 25.13577467884935, 110.61328867017144, 8.100711018235678, 6.431261608170478, 22.0, 0.0
2, 0 ,1.0,1.0,1.0,27.631003570614602,165.36512952974246,17.056985489630023,15.903621368690432,18.41773642032978,10.90940835701036,64.0,84.0,47.0,-0.12702797190768408,0.9870613264722544,0.0978459612649142,18.512489035246347,0.9908390694546175,0.1308327126389024,-0.03347745130463308,15.866350746675812,0.04584575002471113,-0.09269702846575438,0.9946383403621091,10.802779359533382,83.96885713891022,69.8214262718221,50.86346724379004,25.442091805587857,7.990828664379791,131630.0,298203.626053882, 0.0, 0.0,0.0,NaN, 138.49534814879448,138.49534814879448,0.0, 252.9251726386669, -10.832472032294113, -7.288560037857489, -10.832472032294113, 339.21301484874203, 21.236778571734796, -7.288560037857489, 21.236778571734796, 119.0151907000075, 8.04491688721015, 5.766057981872726, 18.0, 0.0
3, 0 ,1.0,1.0,1.0,68.5594867977405,249.2030038971844,205.13898498051407,17.094303462404262,13.904094371279168,14.081095436442245,87.0,74.0,72.0,-0.9837963932889107,-0.044679911633721904,-0.17363283689479478,17.17686471968514,0.15635551325126476,-0.6877226312666713,-0.7089362001757142,14.786339235568928,-0.08773602468578764,-0.7245973281347716,0.6835649947388217,13.043611089445633,87.82548918251314,84.96020744968911,66.0544259753465,25.027094934309943,7.580291484467528,137022.0,492876.44626526424, 0.0, 0.0,0.0,NaN, 127.59055691377068,127.59055691377068,1.3486991523486091E-6, 292.2152108647664, 0.2753157539230928, 15.960817484957392, 0.2753157539230928, 193.32384028543703, 24.615295308651206, 15.960817484957392, 24.615295308651206, 198.27724869019465, 6.655304119178166, 5.147144623776792, 34.0, 0.0
4, 0 ,1.0,1.0,1.0,129.4775382806879,187.27484064491938,18.660728219783337,14.499631756265014,16.299514915235914,11.071702731048665,69.0,93.0,43.0,0.2815488906243855,0.9444452483306269,-0.1695682608682389,16.631860391639517,0.9583133101208542,-0.26780369557353656,0.0995830321006957,14.309072703857037,-0.04863971456936644,0.1905370135770419,0.9804742855494747,10.822558254532215,95.46977262218164,64.59261600331497,50.83586116343346,23.134438223467857,7.955744904693385,98679.0,313486.5750053572, 0.0, 0.0,0.0,NaN, 172.68357550313792,172.68357550313792,0.0, 210.23932106728884, 19.922614581516488, 0.7475197772489766, 19.922614581516488, 265.674186471998, -27.87891658862202, 0.7475197772489766, -27.87891658862202, 122.58260136471048, 7.2222311903603265, 5.322431623246486, 22.0, 0.0
5, 0 ,1.0,1.0,1.0,137.36592526101256,205.97763275036237,190.59833128545466,13.914108498845039,15.68631270616199,15.240337683509404,77.0,83.0,75.0,-0.27940324699117763,0.7904742996213612,0.5450543158336667,16.24270229107057,-0.027180131725746452,-0.5739459770847986,0.8184419685155125,14.848416720074926,-0.9597890737084673,-0.21386069537503943,-0.18184756518454237,13.697804843520657,82.19755708142941,87.03789926293281,75.18692284780224,24.867925688810704,7.315530484956399,135913.0,537910.0046018452, 0.0, -2.8421709430404007E-14,0.0,37.77014235771283, 199.19419691237732,199.19419691237732,0.0, 193.60241531763174, -16.31623602750647, -12.334474319239417, -16.31623602750647, 246.06040631549908, 17.399997992153917, -12.334474319239417, 17.399997992153917, 232.2678927073968, 6.644486186234226, 5.073046779045017, 37.0, 0.0
6, 0 ,1.0,1.0,1.0,206.22576701750202,51.04925608992516,100.84272041503921,15.208982302376283,16.382802847328392,12.86241617693813,91.0,81.0,72.0,-0.22148733542054416,0.9750357468340591,0.015768723602626326,16.442455411888435,-0.9604616067573211,-0.22091692809472618,0.16943793207642413,15.209533317465628,0.1686916186224218,0.0223831024868838,0.9854147018030575,12.785416614649284,78.18881798924892,89.37525762374722,68.27481243428988,24.736654845874217,7.297193210629629,134156.0,477114.34041883564, 0.0, 0.0,0.0,NaN, 146.863499820399,146.863499820399,0.0, 231.313142673995, -8.68388196168377, -11.417247949630683, -8.68388196168377, 268.3962291344313, -0.8968268023985304, -11.417247949630683, -0.8968268023985304, 165.4417499087597, 6.25195612724343, 4.876335515528117, 40.0, 0.0
7, 0 ,1.0,1.0,1.0,145.8026858297027,59.29230306975813,172.25965246131503,15.443292616065138,13.210624446876597,14.474149196929783,79.0,67.0,75.0,0.8524197631456581,0.15733373337099527,0.49862475243638305,15.927808694140767,-0.5228527942643756,0.25222127525558213,0.8142538816845651,14.074665517050697,-0.002345832183753893,0.9547934460667354,-0.29726078183873034,13.06619993964605,75.15584497055289,81.01672205757843,74.80892649905772,23.90368003848788,7.15059163247204,119814.0,455502.5915664285, 0.0, 0.0,0.0,NaN, 202.71062327311577,202.71062327311577,NaN, 238.49528682541202, 7.517913907157363, 23.612528117231196, 7.517913907157363, 174.52059827641358, 12.130163849798622, 23.612528117231196, 12.130163849798622, 209.5009949749831, 6.506928861432726, 4.964174856813328, 30.0, 0.0
8, 0 ,1.0,1.0,1.0,137.63116741046454,100.85990079932374,284.4038511741233,13.50398658567004,17.382652167396657,8.961426374914772,73.0,89.0,36.0,0.24768674167965823,0.9608248705135369,0.1243657758338646,17.727561741658725,-0.9678146461253665,0.251282271846549,-0.013857510630308144,13.188716717672799,0.04456555554849789,0.11693069767294603,-0.9921396692000433,8.752869174638109,90.84755930671605,75.32172458669297,40.940076282304744,22.410042816963255,7.912736169843554,80443.0,280144.5427940956, 0.0, 0.0,0.0,NaN, 171.3426324363427,171.3426324363427,NaN, 182.35765370595638, 32.88766277632537, 8.625962039409702, 32.88766277632537, 302.1565963726997, 28.0592146331238, 8.625962039409702, 28.0592146331238, 80.30716267301813, 6.439741980412962, 5.110207485846981, 17.0, 0.0
9, 0 ,1.0,1.0,1.0,53.95148242799224,12.131448994101032,167.38080049190094,14.648709152828957,7.719903210944615,25.25964787271993,69.0,30.0,117.0,0.0634836838051537,-0.01617982435724877,0.9978517100122125,25.296875353688623,0.9975960452630255,0.028865360784650754,-0.06299937636472666,14.593924106717905,0.027784030774885483,-0.99945235215619,-0.0179734082288162,7.701744775804459,117.6398928719487,70.34611215590219,32.16509710509348,27.993300072562686,11.340482667493896,104086.0,266182.55373056047, 0.0, 0.0,0.0,NaN, 143.68641755240267,143.68641755240267,0.0, 214.58467984417487, 3.8285726939281592, 27.12282192114432, 3.8285726939281592, 59.59690558635298, -9.653508755550003, 27.12282192114432, -9.653508755550003, 638.0498106538046, 7.085331093908683, 4.951241704813692, 19.0, 0.0
10, 0 ,1.0,1.0,1.0,160.36741855849752,111.9087000016135,153.79190667505688,14.63118161183542,15.255043245873365,14.119789758460119,67.0,79.0,80.0,-0.4808578514352681,-0.814857234954747,0.3237026619522345,15.919404379950238,-0.8112385907604113,0.27339919112615085,-0.5168605529082567,14.304114533609525,0.332667515056881,-0.5111365462706337,-0.7925097825846755,13.71572652877327,76.49505595052281,75.44878352101048,82.69179835322771,24.347081496309467,7.305881550317252,123954.0,477252.3169551539, 0.0, 0.0,-2.8421709430404007E-14,71.11300532599928, 231.0792536983453,231.0792536983453,0.0, 214.07147535851092, 21.93241102204454, -3.2524872590000853, 21.93241102204454, 232.71634443346656, -19.555633478213096, -3.2524872590000853, -19.555633478213096, 199.36846282311524, 6.095150298579874, 4.514117097759657, 36.0, 0.0
11, 0 ,1.0,1.0,1.0,259.9060583762571,74.11434301461571,285.0111673808596,16.519415017836522,13.17193074329337,8.30038620144061,76.0,60.0,37.0,-0.9528381290616712,0.3028992538255077,0.018749449010701538,16.855305403333585,0.3033609443319089,0.9523710357414127,0.031008833175102023,12.745797129287123,0.008463879743164579,-0.03523424914453908,0.9993432395463101,8.29039072843465,85.49661407021594,72.85046160124234,38.400810357021385,21.374318406605646,7.6436742332282535,69309.0,239178.21081638098, 0.0, 0.0,0.0,NaN, 85.58694467441182,85.58694467441182,0.0, 272.8910725315228, -35.08077612765789, -2.9659826167340757, -35.08077612765789, 173.49975950611702, 3.9910040327617855, -2.9659826167340757, 3.9910040327617855, 68.89641109306568, 6.157785059657665, 4.88378179507613, 18.0, 0.0
12, 0 ,1.0,1.0,1.0,24.52274039547786,196.30624848327628,139.99828453318383,13.4264957503986,16.198821906238678,13.246069975297681,60.0,90.0,75.0,0.0767420735043391,0.9936090728996436,0.08277478121846762,16.227413916770963,-0.7641307140623996,0.11194107461184022,-0.6352743089730868,13.820656559957374,-0.6404802151360658,-0.014498484964195663,0.7678378005497004,12.798104504241543,93.22305753574463,72.80625025823775,68.00776920862572,23.806674362982115,7.167513156657133,119501.0,461583.77679934824, 0.0, 0.0,0.0,NaN, 175.93543864824488,175.93543864824488,0.0, 180.27078813547166, 5.261640235200899, 13.84531645576979, 5.261640235200899, 262.4018311500381, 6.250899832964163, 13.84531645576979, 6.250899832964163, 175.45836979048272, 6.042367084362903, 4.678232061516768, 27.0, 0.0
13, 0 ,1.0,1.0,1.0,286.8904926890893,138.52292086204955,132.05407197088144,9.002796670504244,16.871734748768507,14.992036246605426,39.0,83.0,77.0,0.1040507611286192,-0.9490466474112422,0.2974624348485659,17.155169284167666,0.07713059823000307,-0.2904851974400723,-0.9537658102935355,14.77482048574347,-0.9915766787925367,-0.12218351405031987,-0.042975329772771145,8.824498772643205,86.81652319656523,72.61170044931546,44.49754581465476,22.89749674839323,8.134591249724576,79949.0,280507.87332215114, -5.6843418860808015E-14, 0.0,0.0,84.02752038617696, 191.8299682275405,191.8299682275405,0.0, 81.0503478904423, -24.518290758518486, -3.6314850704190413, -24.518290758518486, 284.6554334328027, -22.193855919231435, -3.6314850704190413, -22.193855919231435, 224.7611508195309, 6.380701246526291, 4.717037557733269, 20.0, 0.0
14, 0 ,1.0,1.0,1.0,284.6208223747514,158.29010199499646,62.93329912117519,9.564705420372634,14.993883848858056,14.438086842984148,40.0,77.0,72.0,0.10980422822118417,-0.7809449284318508,0.6148723853136697,15.933090259556774,0.00916556606981879,-0.6177911426639716,-0.786288812361313,13.468520913699754,-0.9939109738117241,-0.09197348967238497,0.06067827728366882,9.460130734569876,81.75905717251067,76.7750031147452,44.35963858356422,21.719635889442607,7.281202590722512,77945.0,278447.75228259247, 0.0, 0.0,-7.105427357601002E-15,52.05735183530708, 155.81660513338352,155.81660513338352,0.0, 91.48358977850566, -14.615254801948586, 10.435135743490191, -14.615254801948586, 224.81655287304648, -34.28214458564381, 10.435135743490191, -34.28214458564381, 208.45835168555197, 6.203619111275549, 4.775809890762134, 20.0, 0.0
15, 0 ,1.0,1.0,1.0,24.233273439221602,136.3997423423118,87.05588798671029,13.519572603482633,16.286504774151556,14.877822298546509,58.0,80.0,86.0,0.0499451884521591,-0.9709434696679862,0.23403900713250997,16.38302328596083,0.2311286286295854,-0.2167340573091096,-0.9484755692320908,14.851278535833547,-0.9716403836699483,-0.10146490581193252,-0.21358800928490843,13.431855841587284,90.35381762221655,93.5452194162388,62.50177237222305,24.58095534812471,8.071884021710217,117986.0,528275.4612975633, 0.0, 0.0,0.0,NaN, 163.61805794527626,163.61805794527626,0.0, 182.77884338083817, -6.277957626222158, -7.772228951386074, -6.277957626222158, 265.2502377584615, -11.741799035522943, -7.772228951386074, -11.741799035522943, 221.34959634712772, 5.688296237471787, 4.388518577353629, 27.0, 0.0
16, 0 ,1.0,1.0,1.0,117.88165949747001,108.79872796420096,90.16814926375781,14.057527212406017,13.249587590082678,11.546289479720741,65.0,71.0,61.0,-0.8871729378672568,-0.46138663725239615,0.006822703343013691,14.345297997703142,-0.46138578904462135,0.8867569049839189,-0.028024009902466812,12.938633625705064,0.006879824391152754,-0.02801004156132632,-0.999583966252,11.544982834165962,68.01372995421866,75.01575743173228,60.94857487579752,21.63994326030907,6.18023454853735,92293.0,310965.81336295407, 0.0, 0.0,0.0,NaN, 184.02049884226747,184.02049884226747,2.6973983046972182E-6, 197.6140713275357, 15.71637834749119, 0.0023460745534567653, 15.71637834749119, 175.55157130727292, -1.0761645983598085, 0.0023460745534567653, -1.0761645983598085, 133.31680074950987, 5.999385901369836, 4.606903534469868, 28.0, 0.0
17, 0 ,1.0,1.0,1.0,130.56480256943132,17.755986680521442,162.32907849990553,14.411187340360444,10.622293091993757,12.973732304848589,67.0,42.0,63.0,-0.9995664578513151,-0.011127074007074323,0.02725957744749519,14.412515682125733,0.02807373169632174,-0.08111695362061627,0.9963091414937202,12.986958643331295,-0.00887479167179915,0.9966424775511787,0.0813941644924886,10.604313175210253,67.3993274866121,62.84238438478832,44.0122525400877,21.220646375388554,6.206233029769514,84688.0,186415.4116439384, 0.0, 0.0,0.0,NaN, 190.56685273068504,190.56685273068504,0.0, 207.6823205589651, 0.9316035931572189, -1.023680837987458, 0.9316035931572189, 112.83311053221831, -4.571622813142967, -1.023680837987458, -4.571622813142967, 168.31772991787187, 6.914422588194858, 4.991749389331323, 21.0, 0.0
18, 0 ,1.0,1.0,1.0,284.9349184532328,77.5026001445312,27.727218624686493,8.889800511589007,12.782669350449432,15.365788581821741,37.0,62.0,59.0,0.026370058786296106,-0.13313392016785588,0.9907471823327821,15.416311833444706,-0.1716414885327987,-0.9769762133899399,-0.12671494736020822,12.827826481802456,-0.984806488308161,0.16671184052428395,0.048614224411723236,8.735951282303002,63.05624484858769,65.33356036792206,41.341966834307044,20.88049400615699,6.522086909787114,70573.0,170316.04515358832, 0.0, 0.0,0.0,NaN, 83.68039414244531,83.68039414244531,0.0, 79.02855313584816, 14.229867547983336, 6.134429812295984, 14.229867547983336, 163.3966357229193, -10.358415323390343, 6.134429812295984, -10.358415323390343, 236.10745874124342, 6.822527255694299, 5.07471475954017, 14.0, 0.0
19, 0 ,1.0,1.0,1.0,229.6904168486686,52.45856779465043,24.04333787267573,16.146360260432044,12.367535775462564,14.46919646390939,84.0,60.0,61.0,0.8885844693417576,-0.18944363246414087,0.4177663832375916,16.57882728153972,0.45847210121015125,0.3372697192016168,-0.8222240989667056,14.410713367541533,-0.014865169241390312,-0.9221497961982393,-0.38654725469853046,11.852947453509094,86.99944590495849,77.28975935971016,61.62762989165691,23.87073561280406,7.29427984326474,116757.0,414394.42827146826, 0.0, 0.0,0.0,NaN, 90.95834713779468,90.95834713779468,0.0, 260.7049496596591, -12.231194776283786, 24.55589378577338, -12.231194776283786, 152.9559411573464, -29.262830948387858, 24.55589378577338, -29.262830948387858, 209.35764631120796, 6.559187833194592, 4.595197923565876, 25.0, 0.0
20, 0 ,1.0,1.0,1.0,193.05626230737974,64.59736504860439,283.3833494826993,11.862664365942253,14.969372411534433,10.14553539969806,62.0,85.0,46.0,-0.05141792480185059,0.994418860173697,0.09212669287408559,15.00833488192685,0.9656679557199138,0.07302774811012609,-0.2493037250056362,11.973999697478671,0.2546401309785894,-0.07614511498979348,0.9640333630940364,9.955401554806768,85.93317753902723,64.285852556626,52.94595109750361,20.4306104236087,7.094149879968809,63986.0,292488.660111975, 0.0, 0.0,0.0,NaN, 126.03926244351294,126.03926244351294,0.0, 140.7228058589961, -3.3279547740908324, -11.25447845056288, -3.3279547740908324, 224.0821103952082, 10.750089593392236, -11.25447845056288, 10.750089593392236, 102.93188854652647, 5.536280830388976, 4.408394072158015, 23.0, 0.0
21, 0 ,1.0,1.0,1.0,127.68915517067768,134.3376799919444,14.020810257443024,13.72880382909651,12.124757437055479,9.027581856203467,69.0,63.0,35.0,-0.9350301050012962,-0.3363213750795659,-0.11227927415981626,13.949402943223468,0.353863266404901,-0.9051076628074969,-0.2357136131334064,12.09535733508506,-0.022349304922513327,-0.26013083514212776,0.9653146933398145,8.723733152721577,68.89287025292296,61.80502045444752,42.05121390060209,19.47258548189937,6.148613364473404,59586.0,179050.92567698337, 0.0, 0.0,1.7763568394002505E-15,83.55327751917565, 185.87015826671765,185.87015826671765,3.814697265625E-6, 188.480054577815, 14.777120612405504, 6.5838862751041844, 14.777120612405504, 147.00974290743216, 19.449774725774606, 6.5838862751041844, 19.449774725774606, 81.49723417045402, 7.541530367249697, 4.785672367272478, 17.0, 0.0
22, 0 ,1.0,1.0,1.0,72.09769079300675,216.64433438749327,129.874944805776,12.71800963192641,12.43416560231498,12.657478477221376,59.0,61.0,64.0,0.542649821254566,0.6087089610955698,0.578795794883083,13.428094915727582,-0.7666116813737043,0.07730041385482311,0.6374411157112907,12.527731716049582,-0.34327496482232694,0.7896189249883928,-0.5085904558939391,11.80297460853767,70.744393054455,63.827219069423705,67.25106864487215,20.983360898914995,6.022173196673292,83795.0,303666.67736565886, 0.0, 0.0,0.0,NaN, 170.33421645603508,170.33421645603508,0.0, 161.74776899777294, 12.49914050604428, 4.261396286412243, 12.49914050604428, 154.60847422579306, 15.315185632156304, 4.261396286412243, 15.315185632156304, 160.21176140132238, 6.030228193817094, 4.482064864625359, 24.0, 0.0
23, 0 ,1.0,1.0,1.0,274.260223453538,9.777908983558905,176.9216640930148,14.535735661244527,6.23523772062642,15.553184208510363,60.0,25.0,72.0,0.6211173961684995,-0.010848656995666485,0.7836424483259273,17.137273686743864,0.7837105530998278,0.004376064593146897,-0.6211107944792451,12.630728602300684,-0.0033089479938049637,-0.9999315760091125,-0.011220256820024657,6.232646727580059,82.94571796436765,64.31846279436192,25.414161024885306,20.853244510184048,7.563698372400293,55045.0,135583.05153433004, 0.0, 0.0,0.0,NaN, 126.12065798427011,126.12065798427011,1.3486991523486091E-6, 211.28761121357587, -1.3032749256153735, 65.29129046292375, -1.3032749256153735, 38.87818943272254, -2.4945527561612293, 65.29129046292375, -2.4945527561612293, 241.90153902385612, 5.883183329485344, 4.398041067811979, 10.0, 0.0
24, 0 ,1.0,1.0,1.0,121.92045064148887,230.7032921469442,239.56048239015317,13.368624167797151,12.889443706187532,11.746161426612538,62.0,63.0,55.0,0.7517537027703437,0.6303538702109656,0.193701751879364,14.185724843699235,-0.6318304098201195,0.6043910652411091,0.48528524960404157,12.29472952006158,0.18882982708676405,-0.4872016405624826,0.852629965363409,11.420815038437858,70.12014471928995,59.73126829916444,55.24895049479137,21.10839867168413,6.104562635615278,84413.0,231402.7803405098, 1.4210854715202004E-14, 0.0,2.8421709430404007E-14,62.79390125012745, 152.70745002391493,152.70745002391493,0.0, 178.72011213981006, 25.63550172090472, 3.9548131123153416, 25.63550172090472, 166.13775905497738, 14.723488585215385, 3.9548131123153416, 14.723488585215385, 137.97230826004028, 5.939025128774809, 4.400589668253943, 24.0, 0.0
25, 0 ,1.0,1.0,1.0,84.62985831164634,165.16584171046588,13.462859961558742,13.099392864858356,12.660431437528787,8.479524935164209,53.0,55.0,34.0,-0.8791042911541714,0.4689420962918418,-0.08525817028141423,13.354274965444233,-0.45622163096240037,-0.8796740726652316,-0.13429575318144701,12.485664356255914,-0.137976333899437,-0.07916335140693474,0.9872667800942626,8.339933241253851,60.523784088109124,61.668379151088516,38.75807260164341,19.220315475726817,5.861947948582719,58791.0,144660.77221911846, 0.0, 0.0,0.0,NaN, 159.76142136899327,159.76142136899327,0.0, 171.59409342790198, -10.195899347494572, 13.443083050525972, -10.195899347494572, 160.28652418436724, 5.850353206694967, 13.443083050525972, 5.850353206694967, 71.90234312607157, 6.93075906708554, 4.804328619735206, 9.0, 0.0
26, 0 ,1.0,1.0,1.0,272.34984198358325,218.62834326680382,196.35970475321867,15.826424695159917,11.827386848473482,12.720950092575205,69.0,66.0,61.0,-0.9564074298844073,0.170488981337106,0.23710406007603138,16.111515527282492,0.26296761723090806,0.1496499818988219,0.9531279637097956,12.521347054321605,-0.12701519731827823,-0.9739293558366119,0.18795943575644383,11.654196879758251,80.7027209767563,65.6200781947934,68.45957061978103,22.41675745927981,7.048003587159757,94294.0,362542.6393490077, 0.0, 2.8421709430404007E-14,0.0,80.18374932720668, 134.63724802846326,134.63724802846326,0.0, 250.47571863156764, -19.355036244992572, -22.81054934989797, -19.355036244992572, 139.8870796634435, 7.993041477469842, -22.81054934989797, 7.993041477469842, 161.82257125778912, 5.3947695001574525, 4.2298675470857345, 28.0, 0.0
27, 0 ,1.0,1.0,1.0,24.381892575222434,273.5263833400884,233.9167486924131,13.649849980335324,14.173593918151404,12.939889738464219,55.0,62.0,65.0,0.7923230093105333,0.12212438067773004,0.5977540334963719,14.464473993614826,-0.15073820605765603,0.98857134162618,-0.002166967912537875,14.185088103782078,0.5911871464702361,0.08838743213542971,-0.8016766303746697,12.008837706535585,70.01808540284074,63.6105838829215,64.43386217396406,22.605306273915808,6.6068179745168045,103626.0,286981.41782947205, 0.0, 0.0,0.0,NaN, 75.24842302658124,75.24842302658124,0.0, 186.31840448566024, -2.204177468016419, 30.807727667250152, -2.204177468016419, 200.89076455665847, 4.623551126888287, 30.807727667250152, 4.623551126888287, 167.4407464436116, 6.38715347624458, 4.6147071755906275, 16.0, 0.0
28, 0 ,1.0,1.0,1.0,85.68024289276212,216.63541032890734,277.64491845913415,13.039500249044096,12.846387776627344,11.846986504418147,60.0,65.0,51.0,-0.8138307768540055,0.3306286979933283,0.47787459726213044,13.56328210027379,-0.37536620843244445,-0.9268743805973517,0.002022908630202671,12.80634866278437,-0.44359855298710926,0.17773167037844467,-0.8784257379723293,11.289116328737196,69.21669965786603,64.96222859993881,62.39662092745442,20.965526940478465,5.987989228136495,83823.0,280564.6006231827, 0.0, -2.8421709430404007E-14,0.0,70.69306066705929, 121.61623454083391,121.61623454083391,1.3486991523486091E-6, 170.02856674482103, -2.4884470485940207, -22.008306199250534, -2.4884470485940207, 165.02967890748042, 8.86131912517545, -22.008306199250534, 8.86131912517545, 140.35108923586571, 5.735620564387803, 4.246360133119458, 15.0, 0.0
29, 0 ,1.0,1.0,1.0,260.0616201216873,255.9590896362109,221.2369720730124,12.38668179585017,12.00326900756982,12.298642347263621,63.0,55.0,59.0,-0.3281388664072402,0.5391838887932937,-0.7756323990259257,13.048578492821935,0.8766352038284807,0.47969954585142444,-0.037404078902382364,12.492629006436875,-0.3519028328410696,0.6922203982661007,0.6300756434450958,11.064979719359412,70.14233451955208,63.282000506732174,55.44878723085094,20.392682791646582,5.736152449589755,78562.0,246123.15175968272, 0.0, 0.0,0.0,NaN, 98.68277732817994,98.68277732817994,0.0, 153.42988591164595, 5.680265867354211, 11.071088034858219, 5.680265867354211, 144.07846686808617, -20.607041212766063, 11.071088034858219, -20.607041212766063, 151.25660358590605, 5.9880005042432956, 4.358298783336928, 20.0, 0.0
30, 0 ,1.0,1.0,1.0,122.45834300546564,276.8619558106654,231.97233418448099,14.904136182675355,12.958699850998112,11.80140902195878,75.0,50.0,57.0,-0.9679193407086694,-0.24980874038370696,0.026976714218024445,15.029277543864868,0.24099903401488867,-0.8926502520786792,0.3809133668798741,13.01413829403885,-0.07107471762860418,0.37519477700492676,0.9242171085963719,11.57961368339514,81.0944660386177,59.894491642689644,57.5457377159895,22.051926599022103,6.561018621747001,94774.0,279506.08275993617, 0.0, 0.0,2.8421709430404007E-14,88.45416059583913, 141.9830207343815,141.9830207343815,0.0, 222.13327535173272, 14.604970788829256, 0.8419268508275043, 14.604970788829256, 167.9279018282585, -12.614693395492658, 0.8419268508275043, -12.614693395492658, 139.27325490357006, 5.741918486617231, 4.280006496321102, 15.0, 0.0
31, 0 ,1.0,1.0,1.0,189.39549215603017,221.41153585732812,24.34193281843534,13.51312589776087,12.492182769337017,12.789438915477241,69.0,58.0,54.0,0.8759158461105402,0.3106417672075265,0.36915189691865585,13.852860060039147,-0.21067260616891634,-0.44207553370716,0.8718866184932113,12.662583195562878,-0.4340374218226507,0.841469497345991,0.32177725446934824,12.246885506789095,68.29239943114675,59.63170497883735,63.90408349104263,21.518423542906653,6.259903982675456,87137.0,260242.49212681924, 0.0, 0.0,0.0,NaN, 137.84786376671937,137.84786376671937,0.0, 182.60457152873553, 12.369425746637697, 11.651219472911377, 12.369425746637697, 156.05463034252068, 0.8154663246488316, 11.651219472911377, 0.8154663246488316, 163.56974777272367, 5.7753313041697005, 4.325207706035483, 22.0, 0.0
32, 0 ,1.0,1.0,1.0,55.82380424770728,237.85281200357758,59.54691567326561,12.225676788714111,11.583372356961114,12.643659065878124,58.0,55.0,61.0,-0.6292685101650227,0.16448196912073665,0.75958332258473,13.390361676773407,0.42107660455560214,-0.7493171351374778,0.5110952201745663,11.722240345824982,-0.6532347473999055,-0.6414588941027541,-0.4022621682011043,11.260155332684668,68.81416915132391,72.31347127601126,57.39939451574267,20.23552158844282,5.833306842602204,74911.0,285630.37589763175, 0.0, 0.0,0.0,NaN, 102.58852403045877,102.58852403045877,0.0, 149.46717294210296, -8.785795602311842, -22.813662346365298, -8.785795602311842, 134.17451516001086, 2.493469479961688, -22.813662346365298, 2.493469479961688, 159.86211457416206, 5.683714564465924, 4.270707205102287, 23.0, 0.0
33, 0 ,1.0,1.0,1.0,10.74809205748235,112.24422854829685,161.7115167101237,6.9778223013277465,14.236235279060192,23.027962979196342,30.0,74.0,95.0,0.023876417915418568,-0.06359022073867551,0.99769043319756,23.062649517306333,0.028315592822093873,-0.9975315388131168,-0.06425773320206353,14.194018975584951,-0.9993138365251738,-0.02978444056115078,0.022016885106609162,6.949208625701668,94.26383035485122,72.53681840951339,31.26277047031118,26.102980291576625,10.01408497360696,83991.0,213762.26762900938, 0.0, 0.0,0.0,NaN, 178.43204010460903,178.43204010460903,0.0, 48.690004068906845, -5.060882860962926, 11.241124293707516, -5.060882860962926, 202.67039492075804, -20.86222740858883, 11.241124293707516, -20.86222740858883, 530.2870789712373, 6.494422386671523, 4.503240906336101, 21.0, 0.0
34, 0 ,1.0,1.0,1.0,127.8780487804878,60.53303261346852,243.0186918685881,12.509418333599662,14.783603233798582,13.624207026703274,62.0,80.0,66.0,0.21587513330008928,0.8499178006780214,0.4806637690873979,15.550765249594683,-0.44922339832950986,-0.35062800757404544,0.8217410411424888,13.10469500938884,-0.8669465180828374,0.39331886859810083,-0.30611109484753213,12.128485379005399,81.41362783077284,67.51517779710065,72.62574205536178,22.639655597730343,6.935811642621838,100204.0,399198.6887298582, 0.0, 0.0,0.0,NaN, 152.52512210667123,152.52512210667123,0.0, 156.48554704499935, 21.25991635599963, 0.7359927211901885, 21.25991635599963, 218.55492457437987, 31.600611052603536, 0.7359927211901885, 31.600611052603536, 185.6190171064709, 5.911871976287933, 4.409266069522706, 29.0, 0.0
35, 0 ,1.0,1.0,1.0,200.86488513692385,184.232785245757,86.83872106362325,12.2303955945902,11.888918192379023,11.383878546208651,61.0,53.0,59.0,-0.789579289995606,-0.3541331370878092,0.501152936763202,12.953673320571815,-0.26889663045038115,0.9337635894521372,0.2361782402040718,11.731254373350138,-0.5515969062118333,0.05172311117680464,-0.8325055992771015,10.728544228912947,66.6778312356478,56.17549747293839,59.921203611280504,19.700978908126185,5.691491280994066,67994.0,224444.47589658064, 0.0, 0.0,0.0,NaN, 175.4160268813431,175.4160268813431,0.0, 149.5825764001714, 9.080030562296077, -22.282034732307046, 9.080030562296077, 141.3463757850809, -4.385626334603447, -22.282034732307046, -4.385626334603447, 129.5926907548296, 5.705554505084358, 4.258441465538511, 25.0, 0.0
36, 0 ,1.0,1.0,1.0,71.29172311861066,259.9461294494396,136.71151003818204,11.300980634227297,11.159465194511137,11.873053399094124,58.0,56.0,58.0,0.3264326577008016,-0.4575651276776113,0.827088794459073,12.230984113282686,0.8997292365135534,-0.11777429575212961,-0.42025767836272643,11.21890411719691,-0.28970505854943246,-0.8813418004346905,-0.37323934660939595,10.851471871142422,65.69062017552032,55.97433573436888,52.94785568005227,19.09505488187602,5.347345397350107,64952.0,194688.67381817717, 0.0, 0.0,0.0,NaN, 159.3011591552982,159.3011591552982,0.0, 127.7121632951804, -5.615443108880214, 5.530827500254561, -5.615443108880214, 124.5336634275055, -11.649332220353532, 5.530827500254561, -11.649332220353532, 140.96939701774053, 6.129739874938792, 4.426646519936805, 24.0, 0.0
37, 0 ,1.0,1.0,1.0,190.94833433781213,243.68246652722138,86.46981245790052,11.686741562971818,13.236405946009764,12.908596136667937,58.0,66.0,64.0,0.23107950254901913,0.6685749326891776,-0.7068308304547556,13.739664767907122,-0.5100263844132551,0.701912812124891,0.49718355903757533,13.024819389600045,-0.8285380804187821,-0.24561344335070417,-0.5031885190873996,10.953990911110182,71.73760990852386,70.064783649839,59.757824343686906,21.031092419816712,6.00894138564087,84621.0,300359.5643814953, 0.0, 0.0,-1.4210854715202004E-14,45.02235550442958, 150.1364673444118,150.1364673444118,0.0, 136.57992835969296, -7.149150404072134, -23.827111236384457, -7.149150404072134, 175.20244236756264, -15.178397079403643, -23.827111236384457, -15.178397079403643, 166.63185421959838, 6.129249280246618, 4.468286472910605, 30.0, 0.0
38, 0 ,1.0,1.0,1.0,69.31137983958808,44.27448262204179,168.67004158827606,12.234724323515751,11.259935855854954,14.210350188809537,57.0,52.0,79.0,-0.2600648538395965,-0.24380721953138434,0.9343041857456087,14.613250423934188,0.9101772190025528,-0.3849698424059922,0.1528909756875298,12.19340012730692,0.32240301147192874,0.8901439547299534,0.3220249028437868,10.778802930834857,85.17271849774185,61.797576468620846,54.83831323917978,20.938200740731073,6.324589866528913,80792.0,288639.684117844, 0.0, 0.0,0.0,NaN, 154.95759149890745,154.95759149890745,0.0, 149.68847927242797, -5.212980979833513, -19.135461880338116, -5.212980979833513, 126.78615547796802, -24.091356102851634, -19.135461880338116, -24.091356102851634, 201.93405248859924, 5.6189035565024, 4.183298428494016, 24.0, 0.0
39, 0 ,1.0,1.0,1.0,106.9132481064752,166.40664813274375,169.72120309968915,13.286416223109955,13.88919559982167,13.89683735273842,65.0,79.0,65.0,0.5521589014995161,-0.7785359353968727,0.29833260765555686,14.65664631192747,0.259724422676163,-0.17940129811644778,-0.9488721718438513,13.835180482306699,-0.7922523409623867,-0.6014124803575747,-0.1031467726580344,12.503247529396251,79.87592242805447,61.75831377362036,65.52072914994619,22.603083991002336,7.1875790756009295,91364.0,323213.90630158177, 0.0, 0.0,0.0,NaN, 215.05857621959117,215.05857621959117,0.0, 176.5288560537194, -26.77633320454504, 0.9886854315500583, -26.77633320454504, 192.90975441010568, -7.612329350321352, 0.9886854315500583, -7.612329350321352, 193.12208840846577, 5.579251225739763, 4.1787750241364945, 27.0, 0.0
40, 0 ,1.0,1.0,1.0,218.75872053286278,190.90145518261238,232.38320637248202,13.097327012458587,12.234496257672545,12.192258489204562,73.0,61.0,59.0,-0.7896698721844354,-0.37743700739193714,0.48369701096372,13.634936461978873,-0.5770304822963364,0.7247668050065883,-0.37649555224650394,12.225329521974148,-0.2084641826911171,-0.5764151141421969,-0.7901191686849289,11.597580194799612,76.18411423094918,63.54943771379274,66.2502212388884,20.782587697294634,6.1610136521573775,80471.0,320747.6385828392, -2.8421709430404007E-14, 0.0,0.0,37.845328765919426, 151.90348498699885,151.90348498699885,0.0, 171.53997487127737, 9.067784093966822, -16.386781139440664, 9.067784093966822, 149.6828986790035, -13.465983689356623, -16.386781139440664, -13.465983689356623, 148.65116706758073, 5.775203385674966, 4.296977538063939, 33.0, 0.0
41, 0 ,1.0,1.0,1.0,233.59000798084597,159.46325618515561,15.586640063846767,13.155652938178006,12.187790991545649,9.6808976862547,68.0,52.0,37.0,-0.8892895001327321,0.4130361916665297,0.19638047083986176,13.61355391866753,0.389130325293359,0.9089522374199105,-0.1496108954134802,11.88183749085671,0.24029518282887113,0.056629801897485836,0.9690465884808075,9.424771670418773,74.52430621571625,62.475783228139164,44.63939211552856,19.458818761766157,6.057029461033975,62650.0,207839.42054363652, 0.0, 0.0,0.0,NaN, 156.21717815446294,156.21717815446294,0.0, 173.07120422979162, -16.92936634681706, -19.900934769673313, -16.92936634681706, 148.54224925360126, 0.7082672853468238, -19.900934769673313, 0.7082672853468238, 93.7197800117316, 6.030042177424465, 4.358228856136111, 17.0, 0.0
42, 0 ,1.0,1.0,1.0,111.6262930521977,212.5540010304784,151.14470294479014,11.739628314730396,12.503564033296222,12.022857970161724,64.0,58.0,56.0,-0.3337974471730577,0.7348389816114267,0.5904159003321566,13.117784741440447,-0.6769151196168761,-0.622752206654024,0.3923845179688088,11.829941915098525,0.6560222443597626,-0.26868449938882843,0.7052967139391441,11.255367521145937,62.98352497813633,62.59150096566307,53.68714947439935,20.15342870198733,5.704946259817161,75693.0,211647.27190233266, 0.0, 0.0,0.0,NaN, 205.58485230616446,205.58485230616446,0.0, 137.81887296801963, -5.542784310977992, -12.469142295862369, -5.542784310977992, 156.33911353473886, 16.45300129091376, -12.469142295862369, 16.45300129091376, 144.54911377068126, 6.383192702877254, 4.392944608116826, 17.0, 0.0
43, 0 ,1.0,1.0,1.0,21.428347715446225,255.20379100533415,15.499942906546172,12.694231639345787,12.962271124961116,9.531052732048702,46.0,69.0,35.0,-0.6662691030539243,0.7388519757003059,-0.10091204248984886,14.08273436619717,-0.74131571042764,-0.670920644019324,-0.017790640850163308,11.48737866386491,0.08084862267771255,-0.0629543281470736,-0.9947362729782537,9.472152871209984,76.23055698675205,59.1233535457076,40.118584440225334,19.527077340876236,6.2207882406420465,61303.0,180814.70767252293, 0.0, -2.8421709430404007E-14,0.0,42.36628687386994, 52.02040615195197,52.02040615195197,0.0, 161.14351691336762, -32.454078071368016, 7.858848656950089, -32.454078071368016, 168.02047271700073, -7.593083319437401, 7.858848656950089, -7.593083319437401, 90.84096618109301, 7.072065535780189, 4.387730114685495, 10.0, 0.0
44, 0 ,1.0,1.0,1.0,87.87086523579285,18.67971072059609,217.87917927926694,13.381895785402241,10.567275247704568,12.534405930611722,69.0,43.0,61.0,-0.8374154732273893,-0.01738302827268741,0.5462903582596148,13.962613582327766,-0.5247709537734316,0.3050104674529105,-0.7947226313751733,12.026772110702273,0.15280959156764373,0.9521903407786846,0.26454259326751517,10.404611840587828,77.15102635941541,65.64885131023567,51.09044397437445,20.269801635416336,6.081851253223565,73009.0,258766.7766914475, 0.0, 0.0,0.0,NaN, 121.71298100752772,121.71298100752772,1.3486991523486091E-6, 179.07513481136627, -4.5621181953762635, -24.486968699134557, -4.5621181953762635, 111.66730616074965, -9.643540820085658, -24.486968699134557, -9.643540820085658, 157.1113320333543, 6.295223773578129, 4.58635034177727, 18.0, 0.0
45, 0 ,1.0,1.0,1.0,161.49410266720278,97.6160702318724,214.80670151454228,11.355833943456743,12.083380589618187,12.975126084958728,54.0,57.0,65.0,-0.23178317999546327,0.2537559430713193,0.9390870453941829,13.140730654652243,-0.03347452521135374,-0.9668855699180148,0.25300543639651557,12.007769902986714,0.9721913462035473,0.02720691162742058,0.23260217180119494,11.245070376138678,63.52038164202227,58.21461963020247,51.82384392498486,20.2148524188299,5.888691673907975,74610.0,191634.9799637169, 2.8421709430404007E-14, -1.4210854715202004E-14,0.0,71.60601825332984, 189.65937590931142,189.65937590931142,0.0, 128.95496455136433, -2.144905898645969, -10.212224250550804, -2.144905898645969, 146.00808647356155, 6.677442231390759, -10.212224250550804, 6.677442231390759, 168.3538969205764, 5.921819404710267, 4.311976509820225, 23.0, 0.0
46, 0 ,1.0,1.0,1.0,13.466403364792779,142.76328477636437,234.6085350841198,8.022443196017445,10.76623927120953,16.199398567211436,34.0,50.0,73.0,-0.01191543272623396,0.0938925155462871,0.995511033583926,16.24141976695681,-0.16738291218934173,-0.9817212874172786,0.0905884901009808,10.7735114404153,-0.9858199547432389,0.1655521348583297,-0.02741363664105297,7.927152831526458,73.96440075008573,52.42685656830642,36.798296576759626,19.946694889288427,6.694877131898087,58488.0,142693.5284775847, 0.0, 0.0,2.8421709430404007E-14,5.430919973433303, 157.60311920633234,157.60311920633234,0.0, 64.35959483332658, 8.521925088660218, -3.190692596082997, 8.521925088660218, 115.91190804493431, 14.048662430577732, -3.190692596082997, 14.048662430577732, 262.4205139393719, 5.742158995404474, 4.135536069225793, 13.0, 0.0
47, 0 ,1.0,1.0,1.0,241.03401645057855,278.6227519866165,285.99261118081694,10.955813011603164,12.482730299262897,8.129210116646414,62.0,56.0,35.0,-0.32196421177349205,0.9344486435141479,-0.1521340822157956,12.814736593428764,0.9366398810966232,0.2909631413247623,-0.19505430918010933,10.773867453305337,0.13800282416087484,0.20529535558554354,0.9689215848037591,7.851035455886129,61.71917432024925,56.8208577659035,37.87538801559407,17.607640267409504,5.648314421436601,43038.0,132826.5778610712, 0.0, 0.0,0.0,NaN, 64.2664834117141,64.2664834117141,0.0, 120.02983874521318, -16.026016750508976, -4.921004293153146, -16.026016750508976, 155.818555724136, -17.672265552960166, -4.921004293153146, -17.672265552960166, 66.08405712058641, 5.889570906518023, 4.514358609731229, 13.0, 0.0
48, 0 ,1.0,1.0,1.0,247.51082707900375,87.60523963863076,115.98710010875534,14.0368860620579,11.265774080849926,15.077859695474748,87.0,65.0,67.0,0.3485991313797292,0.0883164056498137,0.9331017404840675,15.256539137300779,-0.9328563462002654,-0.06382939454134264,0.35454879177114185,13.882393054792049,-0.09087179405728277,0.9940452811042276,-0.06013564799041963,11.216544279796619,70.57950598220799,85.57230522526689,64.65229291355948,22.36597354914203,7.145412245315387,92869.0,390477.287394016, 2.8421709430404007E-14, 0.0,0.0,69.59834435040204, 154.54060527159393,154.54060527159393,0.0, 197.0341703191953, 7.276770844343519, 12.658884782226563, 7.276770844343519, 126.91766564075, 7.299433364062061, 12.658884782226563, 7.299433364062061, 227.34185299642186, 5.953781246814219, 4.315044822857722, 21.0, 0.0
49, 0 ,1.0,1.0,1.0,48.70905479576675,109.49366224944659,108.63263789914183,11.504505257145901,12.906704077366145,13.809314079473797,60.0,64.0,71.0,-0.3469550006087315,0.31612306979225635,0.8829996785377192,14.882931589248084,0.5725781456351624,0.8170637785057943,-0.06753553875429896,13.73738393874867,0.7428165955965134,-0.4821545256439629,0.46448952486299544,8.911590011166483,80.69930545385715,76.14040288569436,63.528881022174325,21.00385293552733,6.962181307654771,65954.0,390351.78829030454, 0.0, 1.4210854715202004E-14,-1.4210854715202004E-14,71.69602291560423, 161.74821207302094,161.74821207302094,0.0, 132.35364121169766, 35.549820858547214, -47.75592551404512, 35.549820858547214, 166.58301014069986, 33.62995334084131, -47.75592551404512, 33.62995334084131, 190.69715534555323, 6.314521255087696, 4.474764140976807, 23.0, 0.0
