// Sample: .//bubblelabels.tif, Map: .//bubblelabels.tif, Thickness:(8.191250068658265):/gpfs/home/mader/Foam/NewValid/InSilicoTest/LatticeData_OldFoam/out_Step_07000.vtk/distmap.tif, Neighbors:(1.0):
//LACUNA_NUMBER, TRIANGLES, SCALE_X, SCALE_Y, SCALE_Z, POS_X, POS_Y, POS_Z , STD_X, STD_Y, STD_Z,PROJ_X, PROJ_Y, PROJ_Z, PCA1_X, PCA1_Y, PCA1_Z, PCA1_S, PCA2_X, PCA2_Y, PCA2_Z, PCA2_S, PCA3_X, PCA3_Y, PCA3_Z, PCA3_S,PROJ_PCA1, PROJ_PCA2, PROJ_PCA3,OBJ_RADIUS, OBJ_RADIUS_STD, VOLUME, VOLUME_BOX, Mask_Grad_X,Mask_Grad_Y,Mask_Grad_Z,Mask_Angle, Mask_Distance_Mean,Mask_Distance_COV, Mask_Distance_STD, SHAPET_XX, SHAPET_XY, SHAPET_XZ, SHAPET_YX, SHAPET_YY, SHAPET_YZ, SHAPET_ZX, SHAPET_ZY, SHAPET_ZZ, Thickness, Thickness_STD, Neighbors, Neighbors_STD
1, 0 ,1.0,1.0,1.0,78.92446142117218,135.76231009250745,39.43416016285083,17.978651811350353,17.34023709325433,19.075749268307003,97.0,91.0,87.0,0.3648381824682707,-0.35931131064204663,0.858946146541181,19.47923079301495,0.8093853517721543,-0.3335917842499822,-0.4833341223393807,18.015521012385914,-0.4602047945751054,-0.8715571716907661,-0.16911429130761582,16.846380142811082,96.2797391656978,92.0921630611769,87.43292694622616,30.238677387435768,8.568683878525475,254466.0,775233.6153176385, 0.0, 0.0,0.0,NaN, 161.91210096847493,161.91210096847493,0.0, 323.2319209537713, -23.542445259491718, 14.026425638986021, -23.542445259491718, 300.68382245027345, -22.945510428547752, 14.026425638986021, -22.945510428547752, 363.88421014731523, 7.909644691960945, 6.220155722499737, 42.0, 0.0
2, 0 ,1.0,1.0,1.0,56.79812801846338,262.4038223184648,13.697626543957375,19.674426274271873,21.08732882736149,9.147290699316061,110.0,95.0,38.0,0.5208128552576676,0.8518218800430721,-0.05615562730697962,21.885023332420857,0.8509647376790297,-0.5232710369644215,-0.045237562943186274,18.831213996891748,0.06791895924714257,0.02422615433914599,0.9973966655351922,9.04779235921602,105.51848299717955,98.87112596075396,41.85983957724043,28.431083876328625,10.349148904609791,140386.0,436712.4553724392, 7.105427357601002E-15, 0.0,0.0,58.61320797154094, 69.47751359685411,69.47751359685411,0.0, 387.08304922175944, 54.71321445518287, -22.11331802134279, 54.71321445518287, 444.67543707327087, -12.5382669668164, -22.11331802134279, -12.5382669668164, 83.67292713779412, 7.748659535870556, 5.959885330910914, 23.0, 0.0
3, 0 ,1.0,1.0,1.0,260.910219163848,140.3227232725075,127.00255532111161,18.240710785393276,16.74687743136251,15.235738154544837,89.0,99.0,76.0,-0.9224163521367496,-0.32598486898438744,0.20707954631967895,18.4722173684098,0.38149985358651894,-0.8525060916380632,0.3573390902678565,16.90778135675306,0.06004943816720536,0.40861623672246095,0.9107287390121039,14.77204338802685,106.9460223865164,87.36774211824664,79.4182859967697,27.814356613314924,8.465855949555934,188626.0,742055.2784861227, 0.0, 0.0,0.0,NaN, 193.25663427298718,193.25663427298718,0.0, 332.72352995636254, 14.983142931621042, -14.27278172487878, 14.983142931621042, 280.457903701079, -28.915194896871775, -14.27278172487878, -28.915194896871775, 232.1277171138533, 6.727532941443212, 5.5796891804746735, 41.0, 0.0
4, 0 ,1.0,1.0,1.0,79.27862001718013,16.552062777145775,263.0554252857552,17.653494153352842,10.565626945936877,18.94542785882375,82.0,45.0,81.0,-0.15903671712996548,0.07517212871840351,0.9844066607192716,18.996217239092925,0.9748569657332414,-0.14567700931455038,0.1686182235659774,17.76554088162051,-0.15608080908907715,-0.9864721790406008,0.05011407998743389,10.282842657831766,93.72605060865797,84.44308013983584,47.46643668729119,26.3839184775904,9.278815177862805,129219.0,375673.89174105367, 0.0, 0.0,0.0,NaN, 89.01669492192701,89.01669492192701,0.0, 311.6458558224629, -32.85559334281774, -5.4412855428615, -32.85559334281774, 111.63247276070743, 13.72343174293265, -5.4412855428615, 13.72343174293265, 358.92923675389494, 7.358135555326196, 5.78495054145303, 19.0, 0.0
5, 0 ,1.0,1.0,1.0,188.1926701198336,113.18395225621393,236.20170801379686,15.989045266010471,14.9830508043869,16.29576899437002,81.0,88.0,82.0,0.08363867855622172,0.1146594567380528,-0.9898776593245772,16.306170652776114,0.9257850702994939,0.3585804644010473,0.1197583156214666,16.170557320275794,-0.3686822141898502,0.9264303856904006,0.07615881701816035,14.775498016563105,81.95098713958916,83.51224558722228,84.52992889995971,26.290910867530055,7.381156603055432,168734.0,578515.3071944364, 0.0, 0.0,0.0,NaN, 171.4109335008304,171.4109335008304,0.0, 255.64956851853188, 14.787853735171804, 0.84754982677692, 14.787853735171804, 224.49181140683893, -3.5458876992205117, 0.84754982677692, -3.5458876992205117, 265.5520871178714, 6.996525883561053, 5.680524516157366, 39.0, 0.0
6, 0 ,1.0,1.0,1.0,274.8521515007917,206.29816460743635,208.3025854994741,15.325531386402735,16.399624166499304,17.45338573824361,62.0,90.0,88.0,-0.35041888469102656,0.25114055840700006,0.9022943118378377,17.942472964757865,0.2113451362654858,0.95973434140453,-0.18504925643118933,16.314262319409657,-0.9124362107176699,0.12585076023541944,-0.38938637305296986,14.844284007266651,93.38699809207478,92.98699153985336,75.36749206694248,27.204771091066824,8.266842727955126,173042.0,654474.4189056685, 0.0, -2.8421709430404007E-14,0.0,75.45498518547055, 133.4948091356195,133.4948091356195,0.0, 234.87191227561533, 0.3508873182039679, -33.908823595320364, 0.3508873182039679, 268.947672802428, 14.883786023940306, -33.908823595320364, 14.883786023940306, 304.6206737279255, 7.722451709543871, 5.965167355986865, 34.0, 0.0
7, 0 ,1.0,1.0,1.0,264.07993631937404,280.07537444493624,27.09842654596856,18.5920844712899,11.670906640020686,16.058435559155182,80.0,50.0,68.0,0.9835973092599546,-0.10037065302856997,-0.1498734974143069,18.711713486766307,-0.14526759324162014,0.05176597402818854,-0.9880372514671198,15.997455254291392,0.10692829172097085,0.9936025442517405,0.03633626956779684,11.562967749298208,84.4299260105117,74.32147716666249,55.57158584215256,25.903641334474266,8.291585192878157,140074.0,348709.3014769152, 0.0, 0.0,0.0,NaN, 49.20941372945808,49.20941372945808,0.0, 345.6656049875791, -22.285563114210657, -14.362787398341064, -22.285563114210657, 136.21006180007893, -2.9952895431822504, -14.362787398341064, -2.9952895431822504, 257.87335260753963, 7.075652161674993, 5.7171959386405655, 17.0, 0.0
8, 0 ,1.0,1.0,1.0,155.60113619250012,176.17767440303876,14.724510968691956,17.23593654131426,17.480051692668425,9.663265922740514,82.0,81.0,41.0,-0.638266857351399,-0.7698092178534155,-0.0030309923591699613,18.016189357499094,-0.7637474603131359,0.6327377222257892,0.12779981118043618,16.768030772537653,-0.0964636494852008,0.08388529656878378,-0.9917953525539248,9.500446777606681,84.6166198831427,87.43816087279347,44.564479030956335,25.117918605003876,8.068369654435644,119522.0,329720.17457300687, 0.0, 0.0,1.7763568394002505E-15,89.82633666417743, 190.78734603847263,190.78734603847263,0.0, 297.0775084562121, 22.87709603099066, -18.180631085402474, 22.87709603099066, 305.55220717836033, 15.984314896578134, -18.180631085402474, 15.984314896578134, 93.37870829359807, 8.519571299297716, 5.85353042913292, 18.0, 0.0
9, 0 ,1.0,1.0,1.0,43.933849864075064,257.7410857693543,214.35843909268306,16.96796651594069,21.539081978125015,15.07196747359432,85.0,89.0,90.0,-0.19182307163940865,0.9607007550958555,0.20064388439490236,21.903279772242307,-0.9173495624672383,-0.24817328619485962,0.3112552011780864,17.060124494678302,0.3488175589444844,-0.12435465080766811,0.9289037794058725,14.429366968669067,97.80839044778389,91.39587722553608,86.63846581295434,29.778721751840564,9.6039509837371,208571.0,774485.8204690238, 0.0, 0.0,0.0,NaN, 105.1212440493064,105.1212440493064,0.0, 287.9118876860845, -31.182159742439744, -34.10497440122677, -31.182159742439744, 463.93205246038985, 45.94397316924718, -34.10497440122677, 45.94397316924718, 227.16420352508516, 7.43620961978256, 5.418441477984094, 31.0, 0.0
10, 0 ,1.0,1.0,1.0,278.25548048540503,209.54896687438503,285.43998688094456,13.460117721578609,18.400851107962964,8.842090312917193,53.0,103.0,39.0,0.26921200149347185,0.9621568489309356,-0.0421793350726587,18.775786102784867,0.9628371014734213,-0.26790011960408433,0.03426721381113418,12.95496291716807,-0.02167058555137749,0.04983697393913511,0.9985222389864189,8.808373499984633,107.71693948767748,62.39121063378121,41.0441454775023,22.77936411964907,8.89096293898725,76225.0,275840.8843426227, 0.0, 0.0,0.0,NaN, 94.16054112227035,94.16054112227035,0.0, 181.1747690787545, 47.938988771245924, -0.14454974771417645, 47.938988771245924, 338.59132149742186, -11.98649066622665, -0.14454974771417645, -11.98649066622665, 78.18256110178407, 6.917315708805045, 5.559787357470229, 13.0, 0.0
11, 0 ,1.0,1.0,1.0,14.486479902557857,168.47860957556452,12.79364752178394,9.115153356424216,17.432011568321514,8.36433968276503,36.0,82.0,34.0,0.047269541499404814,-0.997859900039674,0.045179755856439664,17.460416585476093,0.9725136675482725,0.03565069125999049,-0.23010040122627634,9.12975951189857,0.22799727383950133,0.05481467053167692,0.9721175829169327,8.288822007645797,82.3687586591735,41.835515866404904,39.694900776169455,20.009033439605453,7.520758417251889,53365.0,136786.2269214757, 0.0, 0.0,1.7763568394002505E-15,87.41050921073982, 132.93386196171255,132.93386196171255,0.0, 83.08602071113164, -10.63150347964453, -2.7735010458733953, -10.63150347964453, 303.87502731809514, -10.767048652747642, -2.7735010458733953, -10.767048652747642, 69.96217832867781, 9.06109555852086, 5.723573959980997, 11.0, 0.0
12, 0 ,1.0,1.0,1.0,22.121709298653574,131.32432607010594,188.80397180834265,14.06994047300705,15.960164824722861,15.557678054224773,61.0,75.0,75.0,-0.4572840296320434,-0.694449047884472,-0.5555464302250812,16.365197531071868,-0.16991530368252117,0.6814030637303677,-0.7119119709018424,15.814334223335468,0.8729376299701812,-0.23115013439584917,-0.42959225964957015,13.297314594564936,86.16329907929054,84.64641202772069,65.99757985822865,25.225841487411653,7.641227246782941,139332.0,481347.6805290446, 0.0, 0.0,-2.8421709430404007E-14,56.251640212225944, 173.49353107727532,173.49353107727532,0.0, 197.96322491396182, 20.41456433915455, 31.981793457886056, 20.41456433915455, 254.7268612323209, -0.43732008474130724, 31.981793457886056, -0.43732008474130724, 242.04134643890714, 7.013936890105506, 5.185280251998459, 25.0, 0.0
13, 0 ,1.0,1.0,1.0,123.18455113095976,234.94794552647176,76.52782257508719,14.335370966762538,14.480640183130847,16.49953921413598,75.0,70.0,78.0,-0.15248480560964858,0.3753794985225346,0.9142420993080324,16.908224687974663,0.8300553132481466,-0.4534579292843863,0.32462914736301485,14.409516935972364,-0.5364294557597566,-0.8083725245566478,0.24244030303397124,13.9249543884245,80.62871469482013,69.99627808960204,71.05372015590729,25.19874178682686,7.242237741736778,145098.0,401006.5864184386, 0.0, 0.0,0.0,NaN, 158.94247719425712,158.94247719425712,0.0, 205.50286075469828, -10.432956245488304, -9.123627017021086, -10.432956245488304, 209.68894011330377, 29.546572963856626, -9.123627017021086, 29.546572963856626, 272.23479427881085, 6.578630467283433, 5.137135973178376, 32.0, 0.0
14, 0 ,1.0,1.0,1.0,190.88927161017966,279.7863453943943,60.28716646507045,16.686615146482218,12.147801501377295,14.953017617970358,76.0,53.0,77.0,-0.9156881276238865,0.08255451698820146,0.39331921470162823,17.038205684880204,0.401285678488005,0.24144675647487868,0.8835571673797811,14.734734389980279,0.022024013464453204,-0.9668961761805688,0.25421787371920207,11.92443255435891,80.2313698665987,72.70086539693318,59.866881030558574,24.4098928200057,7.332262595017367,124837.0,349196.9329684908, 0.0, 0.0,0.0,NaN, 126.28652074809483,126.28652074809483,0.0, 278.44312504680977, -3.9371688490855283, -26.778715428547045, -3.9371688490855283, 147.56908131686447, 20.792019224719287, -26.778715428547045, 20.792019224719287, 223.59273588333195, 7.064627689197685, 5.53872603341046, 26.0, 0.0
15, 0 ,1.0,1.0,1.0,173.74434353918008,100.96091074208614,11.279839128178516,14.360075015823309,18.376763556668823,7.51324714019278,80.0,85.0,30.0,-0.1228118245675797,-0.9916666985249392,-0.03891548256194534,18.448084046854092,0.9878885964684186,-0.11840880985741183,-0.10027698996185079,14.336562953027242,0.09483341559830022,-0.05075936154837114,0.9941982249537372,7.382224160880869,85.8432422345547,82.6952597895623,33.36424745418216,23.019763828111614,8.393839953519477,77080.0,236847.09465648409, 0.0, 0.0,0.0,NaN, 162.05193938050124,162.05193938050124,0.0, 206.21175446007283, 17.14349645930916, -13.596295928128129, 17.14349645930916, 337.70543881771135, 12.82409386732239, -13.596295928128129, 12.82409386732239, 56.44888258961499, 7.003631897282279, 5.132125213591272, 22.0, 0.0
16, 0 ,1.0,1.0,1.0,217.7300597936364,28.285201614644045,263.1879721970384,16.32651261096566,17.188138119675134,16.799369684218167,85.0,71.0,74.0,-0.562792354404858,-0.619701023617183,0.5470241376312861,18.78531013672789,0.13456875912610142,-0.7216376984435345,-0.67906574148044,16.305032921394766,-0.8155709747720908,0.3085606480303895,-0.48952457711167924,15.015457114029525,90.26403443348303,92.29843272016993,80.03500371068395,27.80474781443831,8.432195848037718,185304.0,666789.9366631745, 0.0, 0.0,0.0,NaN, 94.46439055488436,94.46439055488436,NaN, 266.5550140360208, 40.51846732917853, -42.919750478845586, 40.51846732917853, 295.4320920210294, -23.402852300227263, -42.919750478845586, -23.402852300227263, 282.21882178702845, 7.5110776707104145, 5.4923843227019, 34.0, 0.0
17, 0 ,1.0,1.0,1.0,158.65146396890438,254.3373314264155,279.55157013626274,17.210551637177204,14.864126803441277,10.982250165396131,82.0,82.0,48.0,-0.8926301587055655,0.42927044432743844,-0.13761644304442766,17.903147441465595,0.4468810779922682,0.8827624378339792,-0.1450095875515765,14.225217058865518,-0.059234296667936004,0.1909381155671477,0.9798132138943225,10.71800743129864,86.27822327301405,74.0199641149674,51.55366630713689,24.05532679158109,7.687419913749689,113971.0,329237.7457415314, 0.0, 2.8421709430404007E-14,0.0,64.57873038419433, 149.94207622707893,149.94207622707893,NaN, 296.2030876559429, -44.28935592166852, 19.592843973666756, -44.28935592166852, 220.9422656287814, -23.346901101672653, 19.592843973666756, -23.346901101672653, 120.60981869534334, 7.596656142744345, 5.530869250450734, 29.0, 0.0
18, 0 ,1.0,1.0,1.0,235.02122265316746,243.14016353531792,10.737705468527007,14.916446088715642,13.667988666321365,7.184246589837998,67.0,65.0,30.0,-0.9934723452503647,0.047913526550215045,-0.103522911455688,14.979390333331605,0.053587418506765676,0.9971694785257055,-0.05273916641883665,13.681787118541324,-0.100702968181286,0.057942428929885735,0.9932278626423969,7.025257550329158,67.9673318431341,64.853486733007,33.3146132652906,20.368976131203375,6.7847246466114965,59559.0,146848.09859883433, 0.0, 0.0,0.0,NaN, 87.00908473836776,87.00908473836776,0.0, 222.50036391756015, -0.9660364799382167, 17.61157071622858, -0.9660364799382167, 186.81391418268927, -8.11699936619591, 17.61157071622858, -8.11699936619591, 51.613399063598905, 7.1284569713959245, 5.1290743933980565, 11.0, 0.0
19, 0 ,1.0,1.0,1.0,272.31724473483007,65.99840133453813,238.25544588864946,15.781848088906946,16.22688701884163,13.70234447698049,72.0,82.0,70.0,-0.5644416521896376,0.8240375877187122,-0.04865876385767568,16.6102186396089,0.8235786117759354,0.5661582965834406,0.03439554382416622,15.386579810238308,-0.05589178382065675,0.02066003960456412,0.9982230568689958,13.692575874428458,88.15665277535253,80.36671830227897,70.07003770688925,25.362407649548622,7.541956895106962,143870.0,496436.4690144697, 0.0, 0.0,0.0,NaN, 94.52255752039062,94.52255752039062,0.0, 249.0667291013358, -18.153784901028487, 3.82367372454479, -18.153784901028487, 263.31186232225105, -2.5857944494725618, 3.82367372454479, -2.5857944494725618, 187.75424416583778, 6.075708949765578, 4.91413364298328, 28.0, 0.0
20, 0 ,1.0,1.0,1.0,279.11996218685994,203.84386324247677,12.06762249881834,13.348396346193873,16.580326973595383,7.627615782030509,55.0,80.0,31.0,-0.3870360485980994,0.9217109948648377,0.02553309677342449,17.202673803052363,-0.9208158465923919,-0.38492300254664813,-0.06270931968064643,12.558018500787272,-0.04797159315580508,-0.04778204742101876,0.9977051679701519,7.591550266207688,81.85096811102844,62.598811152260566,33.46472054361486,21.238719520843357,7.757850423904108,63470.0,171465.6414597982, 0.0, 0.0,0.0,NaN, 99.1342833130076,99.1342833130076,0.0, 178.17968501508196, -49.54025799162144, 3.4236036283913713, -49.54025799162144, 274.90724255133466, 8.023761445774133, 3.4236036283913713, 8.023761445774133, 58.1805225182809, 7.3402326775922235, 5.439337720345852, 11.0, 0.0
21, 0 ,1.0,1.0,1.0,40.78219825665081,85.18802013692525,36.98347252361851,13.311683324843289,13.866529340410143,17.317613260334955,62.0,70.0,81.0,0.24041988937110623,0.025078981586031848,0.9703449497356039,17.548264839541517,-0.16406482199276004,-0.9842332700476788,0.06608785301201239,13.890957635103529,0.9567031990012725,-0.17508830575986717,-0.23251467525055292,12.980022150403496,83.01544493711874,71.85180532028173,61.17534295791869,24.834236083647202,7.255480415903951,136863.0,364899.2722367203, 0.0, 0.0,0.0,NaN, 101.42959976949135,101.42959976949135,0.0, 177.20091294091085, 4.793491975636969, 32.26939591019181, 4.793491975636969, 192.28063594845537, 1.8016359538352098, 32.26939591019181, 1.8016359538352098, 299.8997290345291, 6.835907730422212, 4.939606950530324, 22.0, 0.0
22, 0 ,1.0,1.0,1.0,69.86780905752754,63.67830517096123,159.5930629957558,14.586222934933557,14.299110570705942,14.062927799815297,71.0,65.0,70.0,-0.8291220079352685,0.5179150371236739,0.21052484480120545,14.645665187221336,-0.533431992143852,-0.6201486635545856,-0.5752094791020941,14.520106675721902,-0.16735293757454622,-0.5892195256546104,0.7904513551588901,13.771688141732783,79.0625322327382,78.0012818033209,80.45833161068819,23.868680794071842,6.728631218490202,125818.0,496184.82989409973, 0.0, -7.105427357601002E-15,0.0,58.80750005973312, 169.26471945109824,169.26471945109824,0.0, 212.7578995075817, -3.660449445997929, 2.1617957982591247, -3.660449445997929, 204.46456311327438, 10.26110910007514, 2.1617957982591247, 10.26110910007514, 197.7659383028179, 7.00356303915628, 5.100155465924646, 28.0, 0.0
23, 0 ,1.0,1.0,1.0,65.59392628252459,41.98993620603089,34.75279836970968,14.617056280124721,13.329348431226856,16.532106203547265,77.0,69.0,76.0,-0.12511015791114144,-0.020037591399901987,0.9919404938393935,16.55951815951605,0.9097413520724016,0.3966131998283848,0.1227543972791552,14.861477561417223,0.3958763957562114,-0.9177671080686977,0.031391314567751155,13.021491559683176,79.30646676319208,80.64157093635593,62.003071734170234,24.751806035695598,7.210304944598897,135436.0,396534.325004903, 0.0, 0.0,0.0,NaN, 85.28466979633274,85.28466979633274,0.0, 213.65833429633358, 18.773742000081754, -7.258907144784907, 18.773742000081754, 177.67152960104985, 0.41759993043142085, -7.258907144784907, 0.41759993043142085, 273.310535525366, 6.428744690631654, 4.934646811072864, 23.0, 0.0
24, 0 ,1.0,1.0,1.0,27.314211335936577,283.23666627223605,133.76942373683588,15.115099926749116,10.69011473430133,20.371214693569282,64.0,47.0,107.0,0.10544611161527766,-0.09303072233842566,0.9900638374601958,20.489982349900348,0.9943771258215529,0.01963549016035863,-0.10406045920055462,15.044119072850796,-0.009759569052280474,0.995469603869125,0.09457810837905653,10.56249457004782,105.6204922733951,66.28489144284212,52.09622260227201,26.022901990100856,8.974394627666756,126765.0,364727.8875160783, 0.0, 0.0,0.0,NaN, 137.55484079252807,137.55484079252807,0.0, 228.46624579561112, -0.7833917429062952, 20.308461193058918, -0.7833917429062952, 114.27855303252639, -28.6283949160158, 20.308461193058918, -28.6283949160158, 414.98638809149304, 6.6678710296836465, 4.95307607415814, 18.0, 0.0
25, 0 ,1.0,1.0,1.0,281.4971461124684,104.32727133294624,168.21641341381917,11.811545380911152,13.085744019350026,15.000655839117558,49.0,65.0,73.0,0.11296367538923989,-0.10721286079275465,0.9877978591408206,15.037410137761212,0.48295524381441207,-0.8628945671323988,-0.14888652889214885,13.63707990311707,-0.8683279567736586,-0.49388092542031226,0.045696728452477506,11.120940809737599,71.58837924056513,70.83411028021436,59.08500820891351,22.128763375368056,6.788726530499296,91279.0,299614.1178988867, 0.0, 0.0,0.0,NaN, 169.09597523086984,169.09597523086984,0.0, 139.51260428532356, -27.20139622276478, 6.952402805621099, -27.20139622276478, 171.23669653995495, -2.8465574547374737, 6.952402805621099, -2.8465574547374737, 225.0196756036517, 6.825755380808999, 5.218772323721638, 15.0, 0.0
26, 0 ,1.0,1.0,1.0,33.77398892109786,180.5252078216164,207.39409026871132,15.19415328586347,15.619606644227888,14.340943674152879,69.0,74.0,75.0,0.5867906944015892,-0.7695612303486589,0.25189718876549544,16.836100598628917,0.6450728909705545,0.2562334684026174,-0.7198787224284774,14.698957422381175,-0.48944626497562754,-0.5849101832030487,-0.6467785024927656,13.453008532957284,94.98109877508278,76.75744886806726,67.12295957027544,24.96352757396636,7.570955179088171,135573.0,489360.3953755388, 0.0, 0.0,2.8421709430404007E-14,75.41019351289991, 154.88951807940387,154.88951807940387,0.0, 230.86229407431566, -40.47522815854074, -1.1420391971587969, -40.47522815854074, 243.972111720408, -26.334003108977047, -1.1420391971587969, -26.334003108977047, 205.66266546522547, 6.585405402516242, 4.931027651012863, 35.0, 0.0
27, 0 ,1.0,1.0,1.0,123.98132753446421,187.35354110831153,114.1212466498692,14.01093153039195,13.909696082413697,15.201314202537297,70.0,71.0,73.0,-0.16542023642582435,-0.3118870674513562,0.9356081458267759,15.330701912199611,-0.7488899820282255,-0.5775623696490942,-0.3249392312157572,14.419491250622547,-0.6417164016904888,0.7544190919654115,0.1380285966004696,13.338427639388652,74.67544775310623,67.80655216421499,66.18690756919779,23.95247782761479,6.86619303955811,124622.0,335136.390074548, 0.0, -2.8421709430404007E-14,0.0,71.82700920327508, 202.692509025285,202.692509025285,0.0, 196.30620234933133, 15.926206369333277, -1.5376005765115266, 15.926206369333277, 193.47964510511494, -11.03521052580225, -1.5376005765115266, -11.03521052580225, 231.07995348426212, 6.320674968453388, 4.764318127981237, 31.0, 0.0
28, 0 ,1.0,1.0,1.0,31.822203756024596,14.026369730208852,71.38124203645228,17.569499656928897,8.974606541413733,14.19635908210087,73.0,36.0,72.0,0.9955666230085579,-0.00293651045824019,-0.09401316959695491,17.596992346309914,-0.09397530451560751,0.011106919453969188,-0.9955125707299946,14.16285905281198,0.003967529777584037,0.9999340044455796,0.010781718828289759,8.973671253731714,76.21949881972662,68.85764595709139,36.62287488605774,23.079447210881884,7.622769076657719,90255.0,192207.66084623657, 0.0, 0.0,0.0,NaN, 79.40197361756852,79.40197361756852,0.0, 308.6873181948246, -0.7951675246727901, -10.213464174184859, -0.7951675246727901, 80.54356257318616, -1.264255232915045, -10.213464174184859, -1.264255232915045, 201.53661118794784, 6.838087761128393, 5.209595464235281, 16.0, 0.0
29, 0 ,1.0,1.0,1.0,235.4777425881939,274.2715756136184,95.31711973255916,13.778047823217094,13.460355122794184,14.503929866404006,72.0,60.0,71.0,-0.48574457002998817,-0.4865637077539484,0.7261597420561894,15.31434235501446,-0.6837483147079418,-0.3060434343259451,-0.6624391733887945,13.604273941244472,-0.5445552816936317,0.8182867312884344,0.18402817875765276,12.719056261576243,78.12297761195259,71.63467071058022,67.3955510619974,23.180136640273385,6.637846695902054,113670.0,377166.6508603027, 2.8421709430404007E-14, 0.0,0.0,60.938733867116305, 117.94247257469272,117.94247257469272,NaN, 189.8346018188573, 22.07133004576812, -15.108236008415757, 22.07133004576812, 181.18116003173162, -20.9817936671426, -15.108236008415757, -20.9817936671426, 210.36398156956614, 6.090865302458963, 4.704954088297883, 23.0, 0.0
30, 0 ,1.0,1.0,1.0,135.10858860687242,23.823585372350546,250.15504395144413,15.840338089871622,13.901360748326796,14.442729076832526,75.0,60.0,75.0,0.8891757163819631,-0.04977404346325119,0.4548506238249449,16.27653477385404,0.36049615755961456,0.6884096175192546,-0.629392340985928,14.521936463736502,-0.28179614224005345,0.7236122878339696,0.6300604662366239,13.302042765758301,80.65962430139962,76.03759263387414,69.1791256908441,24.509518376577407,7.213880619440104,131395.0,424286.89934624574, 0.0, 0.0,0.0,NaN, 145.96716609846627,145.96716609846627,0.0, 250.91631080143776, 4.529564168402904, 27.882033813316802, 4.529564168402904, 193.24783065512096, -16.698383357094844, 27.882033813316802, -16.698383357094844, 208.5924231867837, 7.6950565044865575, 5.22736634042495, 19.0, 0.0
31, 0 ,1.0,1.0,1.0,19.91751131623325,252.98302121239016,81.46338865714033,11.653999477727352,15.806079576839979,15.228778257375742,49.0,81.0,81.0,-0.1840910966139102,0.9220910467398057,0.3403800371199479,16.035673410132347,-0.014645208551443203,0.3436869083193053,-0.9389700884034605,15.128865771879587,-0.9828000742846802,-0.17784096989222292,-0.04976548416142233,11.469007863307617,83.87288162433737,78.77375888978297,53.52755111956846,23.714429854017595,7.4289541207001735,112670.0,353655.5750193014, 0.0, 0.0,0.0,NaN, 96.14357619129389,96.14357619129389,0.0, 135.8157038268694, -21.811207959989304, -6.53188307287244, -21.811207959989304, 249.83215158939788, 8.008267174057172, -6.53188307287244, 8.008267174057172, 231.91568721232014, 6.826838654014406, 5.284364946031859, 17.0, 0.0
32, 0 ,1.0,1.0,1.0,165.66649825331294,11.292144238819759,220.28820336634234,16.468914249180443,7.698389554551231,14.904911247718452,85.0,32.0,81.0,0.9119691712528599,0.03579635666615059,0.40869408061996854,16.83921101382975,-0.41003719539950123,0.0467955072048266,0.9108675419040655,14.506657102514461,-0.013480692611395919,0.9982628919051699,-0.057353897616851564,7.657975563073295,83.41052605509879,76.06443440725091,34.56553619548427,22.076274202811828,8.079903149486526,69274.0,219303.61910964584, 0.0, 0.0,-2.8421709430404007E-14,65.8771746472868, 156.61089596705295,156.61089596705295,0.0, 271.22513654685866, 4.429676478180164, 27.1341392495396, 4.429676478180164, 59.2652017336235, 9.760780960706224, 27.1341392495396, 9.760780960706224, 222.156379302364, 6.733149891786389, 4.793630688231621, 17.0, 0.0
33, 0 ,1.0,1.0,1.0,58.842762938669566,111.63969904768587,158.0824725091636,13.936184546417175,12.552969882211514,15.021814680958183,71.0,63.0,73.0,0.5128064140171991,0.14856625531235915,0.8455516835328776,15.619653728073526,-0.8026851217033725,-0.26637406544544595,0.5336117058818213,13.406511470286562,-0.304509732420596,0.9523512613739367,0.017346406561846554,12.399236932033789,74.80138706193677,64.96804297621235,61.59998106210134,23.128979496481474,6.519165309752922,114038.0,299357.41129362345, 7.105427357601002E-15, 1.4210854715202004E-14,0.0,70.90830629324756, 189.9117630975676,189.9117630975676,0.0, 194.2172397117969, 12.432210698399329, 27.991623972375816, 12.432210698399329, 157.57705286370933, 7.640327175647779, 27.991623972375816, 7.640327175647779, 225.65491630905078, 6.60441603895933, 4.937696728554382, 24.0, 0.0
34, 0 ,1.0,1.0,1.0,144.75519520971446,152.4056959024091,58.420767821777574,13.319545913486783,13.920822622132533,13.696463411927537,65.0,66.0,64.0,0.532788426978207,0.6616919036981108,0.527541767690918,14.791967660205701,0.044277375839267656,-0.6443318541407675,0.7634631462803615,13.380457682637871,-0.8450893479785885,0.3834061636435841,0.37259053612945264,12.686755328104777,75.19515365945901,66.06215771093056,64.71833189737393,22.741461335049205,6.4512519838442755,107551.0,321491.8149715932, 0.0, 0.0,0.0,NaN, 214.82814353603843,214.82814353603843,0.0, 177.41030334148246, 19.878137510711344, 16.87066039348401, 19.878137510711344, 193.7893024768769, 11.297799533545641, 16.87066039348401, 11.297799533545641, 187.5931099942697, 6.231257060868104, 4.7437659027427035, 19.0, 0.0
35, 0 ,1.0,1.0,1.0,24.723210329767706,14.39412832035783,265.0527776019579,13.887722169716552,9.121574086960782,19.245380086091167,50.0,41.0,79.0,0.10201336191772689,0.06749811509609024,0.9924904424974164,19.326790062484125,-0.9928957701734179,-0.054518181365774056,0.10576274141824879,13.834210745808107,-0.061247559640998275,0.9962287751109399,-0.061457010006823576,9.030304228900484,83.29572443661087,55.958950161593144,42.62595746681982,24.010874910063027,8.362683875318911,94794.0,198685.61047762216, 0.0, 0.0,0.0,NaN, 45.16344110506941,45.16344110506941,0.0, 192.86882706323664, 7.956159027676311, 18.02767874254027, 7.956159027676311, 83.20311382391444, 18.926663881820172, 18.02767874254027, 18.926663881820172, 370.3846546581144, 6.289190259810505, 4.818211824954137, 10.0, 0.0
36, 0 ,1.0,1.0,1.0,53.90720330200157,19.145715238412805,163.41972549408362,14.941424845199597,11.907722266424212,15.534414126942211,85.0,47.0,79.0,-0.5250975424391273,0.2013283019104436,0.8268854127230969,16.062320188190405,0.8425994146967761,-0.013530646212123128,0.5383708275582296,14.542675337794881,-0.11957757848794014,-0.979430363253529,0.16253420027803644,11.699167168560676,86.65448269936215,75.91912756971124,51.54008495964074,23.536449943130265,7.238340439685028,110963.0,339068.4436526514, 0.0, 0.0,0.0,NaN, 148.07672458541617,148.07672458541617,0.0, 223.24617640474779, -13.655971541775804, -18.743627034123392, -13.655971541775804, 141.79384957429497, 19.621211200906107, -18.743627034123392, 19.621211200906107, 241.31802226734175, 6.434509575297949, 4.762408530559589, 21.0, 0.0
37, 0 ,1.0,1.0,1.0,128.53322216178137,92.99809165410785,209.39225425587887,14.478168961499412,12.60989664906881,14.429808068740622,70.0,63.0,69.0,0.6855204454244287,0.06857701631814506,0.7248164676233518,15.398618656910784,-0.61840052556661,0.580266548068568,0.529973134386573,14.302816017966123,0.384242773366049,0.8115343036652788,-0.44019264542979153,11.625757106264716,72.76912300953705,71.0477919733595,59.00273458017415,23.104507275117978,6.5595712095101675,112139.0,305049.1833196027, 0.0, 0.0,0.0,NaN, 182.69974778150896,182.69974778150896,0.0, 209.61737647772495, -20.114517611690726, 27.912253156972398, -20.114517611690726, 159.0094935001968, 26.414030287507327, 27.912253156972398, 26.414030287507327, 208.21936090069195, 6.650974752041617, 4.8322779587427, 27.0, 0.0
38, 0 ,1.0,1.0,1.0,282.3002300613497,255.32665425065733,245.57094653812445,11.16781853585554,13.817043209940731,15.78798597691988,45.0,73.0,90.0,0.2102635084986002,0.3251995794407652,0.9219731506532112,16.193166091391557,-0.14331535364431708,-0.9226146893559224,0.358110100938914,13.630611720094942,-0.9670832262032378,0.207430394388634,0.14738610884378592,10.811066145168281,94.04854643441632,77.80932747557989,54.96021510588207,22.548474625148565,7.513830394791128,91280.0,402190.8380940246, 0.0, 0.0,0.0,NaN, 72.60517569069832,72.60517569069832,0.0, 124.72017084979858, 19.05016477060399, 24.638247262518874, 19.05016477060399, 190.91068306536926, 20.80728622998127, 24.638247262518874, 20.80728622998127, 249.26050120741877, 6.422225892418092, 4.923845357027316, 16.0, 0.0
39, 0 ,1.0,1.0,1.0,133.70092000623734,278.62793349446434,54.57019920474037,13.63891265239467,12.403176629943822,14.80956561207973,62.0,52.0,72.0,-0.06726321447744067,-0.05304605077668344,0.9963241322356692,14.822548874382454,0.9803504160899358,-0.18911385550997709,0.056116052306283117,13.677132328709236,0.18544196302469354,0.9805213236595873,0.06472412377467275,12.345446877341075,72.25050761262962,67.3923071287683,57.45732954334363,22.668599382882235,6.73175790489424,102608.0,279767.11502397136, 0.0, 0.0,-7.105427357601002E-15,4.914175856814086, 145.98153266244452,145.98153266244452,1.9073486328125E-6, 186.01993833965142, -6.1846345014219, -2.6036052433038974, -6.1846345014219, 153.83879051358457, -3.924523477317802, -2.6036052433038974, -3.924523477317802, 219.32323361849447, 6.258970185035005, 4.65449935270974, 15.0, 0.0
40, 0 ,1.0,1.0,1.0,199.9859084942809,175.0317082317645,190.42704856553536,14.408780495815199,12.335902350711486,14.15485774551239,75.0,65.0,66.0,0.8975070218176757,0.2913445950055489,0.3310581108340638,14.662224520523788,0.33754443448143956,0.029274400238178414,-0.9408542736477847,14.102019250580481,-0.2838043349538052,0.956170139908033,-0.07206776678710583,12.095439849156962,75.113239212585,67.44207309207893,62.281794431012514,22.75370036760762,6.512799671394338,106660.0,315506.65142244723, 0.0, 0.0,0.0,NaN, 193.97454506518307,193.97454506518307,0.0, 207.61295537658447, 18.478451692034096, 3.7127025501036077, 18.478451692034096, 152.17448680628914, 5.176577177492336, 3.7127025501036077, 5.176577177492336, 200.3599977956921, 6.712081664626568, 4.827504672108861, 34.0, 0.0
41, 0 ,1.0,1.0,1.0,104.80662961571171,216.06832341132494,276.08689503767727,13.84068545400155,14.160582320900758,12.49402913240166,71.0,67.0,54.0,-0.5987949646371202,0.7766799443982721,-0.19548108423764923,14.473521657085108,-0.7373265551462337,-0.6298921574708923,-0.24410125160034066,13.67109669136297,0.31272054841570335,0.002033205882706085,-0.9498430000123286,12.320946212130435,71.05245450227156,63.90126652419528,57.19613515038577,22.474395135424405,6.564220651518355,101122.0,259690.00507192145, 0.0, 0.0,0.0,NaN, 136.38472251440038,136.38472251440038,0.0, 191.5645738366101, -10.525474219407764, 13.067434836799263, -10.525474219407764, 200.5220916670071, -3.3610624573816064, 13.067434836799263, -3.3610624573816064, 156.1007639613014, 5.512552290693041, 4.409443293097331, 21.0, 0.0
42, 0 ,1.0,1.0,1.0,175.4311175628541,279.70165729147766,173.43577491481682,13.061475315027419,11.476852134511837,16.16099030483512,70.0,50.0,75.0,0.29197968627905496,-0.04742618678665332,0.9552479361962852,16.44380507815094,0.8899287864995197,-0.35243378145357507,-0.2895119766949662,12.911786339366412,-0.3503920914630884,-0.9346342527947559,0.060697576087609895,11.242105142446526,78.72149993397869,71.85596029324034,55.98261965085322,22.703990329329912,6.93013009122035,99198.0,316671.78867595067, 0.0, 0.0,0.0,NaN, 178.73984519341235,178.73984519341235,0.0, 170.60213740507064, -14.643148810734793, 29.776675436933083, -14.643148810734793, 131.7181349174489, -2.409415929716328, 29.776675436933083, -2.409415929716328, 261.17760763297474, 6.592408986823191, 4.948804016196144, 27.0, 0.0
43, 0 ,1.0,1.0,1.0,240.04325153997846,93.82788834902112,186.70429364288765,13.628150768516651,12.261285355062867,13.465903901136176,66.0,61.0,69.0,0.7774036876486816,-0.37190924699714334,0.5072741058128716,14.300464820823406,0.45259028186322636,-0.22932096843393776,-0.8617272945656798,13.164573730988874,-0.4368129384452752,-0.8994973070746449,0.009952455589732769,11.814689339634986,70.45011849528885,67.25227665241681,59.60463563706929,21.91311196455632,6.1001396566876815,98378.0,282402.6425386692, 0.0, 0.0,0.0,NaN, 158.85339592495873,158.85339592495873,0.0, 185.726493369421, -22.268522077345363, 12.449452423809136, -22.268522077345363, 150.33911855827913, -5.583818537057041, 12.449452423809136, -5.583818537057041, 181.33056787463448, 6.771645898718843, 4.748237938749643, 19.0, 0.0
44, 0 ,1.0,1.0,1.0,118.49971035616848,169.7387132339201,271.83247374518817,14.478817004861236,12.099950825925331,14.42239241012339,69.0,57.0,63.0,-0.8259015561669509,-0.004956477208233822,-0.5637925619008232,14.530592783500813,0.5605627398888171,0.10002026036012333,-0.8220494888787636,14.391612834683379,0.060465148386089386,-0.9949730553392787,-0.07982847223560538,12.07450653477423,72.13545746500205,75.74459659131806,58.004652762632475,22.81581462202099,6.594615820132386,107028.0,316929.94738117413, 0.0, 0.0,0.0,NaN, 178.33562100647825,178.33562100647825,NaN, 209.63614186025887, 3.70582838238831, 2.1676832855523496, 3.70582838238831, 146.40880998981112, -4.859624319951999, 2.1676832855523496, -4.859624319951999, 208.00540283158477, 6.110720986104074, 4.5536155661403965, 18.0, 0.0
45, 0 ,1.0,1.0,1.0,91.96066245369362,268.2894835476139,40.90187840488124,12.203334843398087,15.432765194567553,14.807489122235367,63.0,65.0,73.0,0.2621419154845614,0.7178369545585314,-0.644974203217631,16.39410666781083,0.3245399179584914,-0.6949953528863184,-0.6416036947508312,14.34930186668755,0.9088209162412478,0.041128653473638255,0.4151541593984873,11.47537186582577,84.12164142699825,66.74872878825812,57.644908133353994,23.611105805924062,6.990639425495107,114725.0,323676.8871567472, 0.0, 0.0,0.0,NaN, 105.52385488431948,105.52385488431948,0.0, 148.92138130009383, 9.055318712141055, -38.63138655706082, 9.055318712141055, 238.17024155065567, -30.372554227103723, -38.63138655706082, -30.372554227103723, 219.26173410511873, 6.7418255598996035, 4.620967977715204, 16.0, 0.0
46, 0 ,1.0,1.0,1.0,51.567655194490726,187.14555408721918,47.195459283761934,15.789644868678092,11.594749358348293,15.586539859885214,74.0,59.0,80.0,-0.9642276417456126,-0.19666878688333359,0.17772575266272805,15.984650306233144,-0.1550877507422359,-0.1251857336836417,-0.9799368967702988,15.604598860743973,0.21497172945159407,-0.9724453302617719,0.09020662497103168,11.29950315493516,75.98147327843488,80.87077808805041,58.719753007615594,24.017431463515763,7.060758348864284,121831.0,360814.1426625199, 0.0, 0.0,0.0,NaN, 132.75074538978637,132.75074538978637,0.0, 249.3128850789724, 26.48961077587879, -4.30342501618146, 26.48961077587879, 134.43821268291816, 9.74063186316341, -4.30342501618146, 9.74063186316341, 242.94022480379058, 6.559141130287592, 4.741343654703918, 27.0, 0.0
47, 0 ,1.0,1.0,1.0,280.10782717358376,234.98108527718873,51.06108944259315,12.119814328334993,13.411940647322036,16.388597764311694,50.0,59.0,79.0,0.3024395220911515,-0.010840939711244023,0.9531069244861529,16.799643415542562,-0.014075833568004696,-0.9998770788564251,-0.0069063801595442035,13.411715180800442,0.9530646391439783,-0.011327012126747549,-0.30255494114233,11.543572453132086,84.01798021746906,59.391409713352516,61.20024223584329,23.266744568492175,7.34947516123505,105632.0,305385.92147055065, 0.0, 0.0,0.0,NaN, 85.03171565100116,85.03171565100116,0.0, 146.8898993533142, 0.16769008153616718, 42.9473473118833, 0.16769008153616718, 179.880151927289, -1.21734837259234, 42.9473473118833, -1.21734837259234, 268.5861366804022, 6.205770082796324, 4.527204244747477, 14.0, 0.0
48, 0 ,1.0,1.0,1.0,187.40648074552763,66.97246892674892,61.80873391620877,11.897690017360038,12.743960215331871,13.489900841986985,58.0,63.0,73.0,0.0993710829771929,0.3592776078502229,0.9279250984671994,13.618585342345481,-0.2227722868535816,-0.900837037465188,0.37264613259897034,12.663891517011447,-0.9697927077875794,0.2437462459779951,0.009480057682803349,11.83642510914549,69.50303707691957,63.77611650237496,57.348011774599996,21.191071466822162,6.0728464935159785,86811.0,254202.7347749013, -2.8421709430404007E-14, 0.0,0.0,84.29704420004883, 144.85486446984197,144.85486446984197,0.0, 141.5550277491887, 5.688063597721544, 2.500065732438849, 5.688063597721544, 162.40852196996153, 8.318299225441125, 2.500065732438849, 8.318299225441125, 181.9774247266412, 6.011170646370201, 4.54114580861405, 30.0, 0.0
49, 0 ,1.0,1.0,1.0,230.41025435564,242.51703335699077,286.2505437395545,18.28208340850933,15.228712692385642,7.946740389175159,105.0,77.0,32.0,-0.9617046790757078,-0.2740679801341365,0.0032943146608179546,18.528867560076673,-0.2720302772877915,0.9558864209045046,0.11081822309125615,14.994759393052293,-0.03352071721513721,0.10567825034306115,-0.9938352322803875,7.819028361726011,112.48984646858307,79.62939809689507,35.9344113937471,23.713062544764117,8.184718173764606,87358.0,321882.4457274006, 0.0, 0.0,0.0,NaN, 91.30209033962988,91.30209033962988,0.0, 334.23457375569217, 31.806955762710047, -5.829050997984087, 31.806955762710047, 231.91369026722757, 17.08650256319424, -5.829050997984087, 17.08650256319424, 63.15068281294776, 6.808332755732521, 5.179137895063216, 18.0, 0.0
