// Sample: .//bubblelabels.tif, Map: .//bubblelabels.tif, Thickness:(8.191250068658265):/gpfs/home/mader/Foam/NewValid/InSilicoTest/LatticeData_Phi_6.65/out_Step_03000.vtk/distmap.tif, Neighbors:(1.0):
//LACUNA_NUMBER, TRIANGLES, SCALE_X, SCALE_Y, SCALE_Z, POS_X, POS_Y, POS_Z , STD_X, STD_Y, STD_Z,PROJ_X, PROJ_Y, PROJ_Z, PCA1_X, PCA1_Y, PCA1_Z, PCA1_S, PCA2_X, PCA2_Y, PCA2_Z, PCA2_S, PCA3_X, PCA3_Y, PCA3_Z, PCA3_S,PROJ_PCA1, PROJ_PCA2, PROJ_PCA3,OBJ_RADIUS, OBJ_RADIUS_STD, VOLUME, VOLUME_BOX, Mask_Grad_X,Mask_Grad_Y,Mask_Grad_Z,Mask_Angle, Mask_Distance_Mean,Mask_Distance_COV, Mask_Distance_STD, SHAPET_XX, SHAPET_XY, SHAPET_XZ, SHAPET_YX, SHAPET_YY, SHAPET_YZ, SHAPET_ZX, SHAPET_ZY, SHAPET_ZZ, Thickness, Thickness_STD, Neighbors, Neighbors_STD
1, 0 ,1.0,1.0,1.0,153.75719793135872,181.3266948754114,184.11102961918195,13.734065131628162,11.556077096016365,9.333201504671788,60.0,54.0,41.0,-0.9578141197131709,-0.25579571182950916,-0.13099872475607693,14.023697906305143,0.18032953615874342,-0.8898583580675159,0.4190863407057748,11.796494021248323,-0.22377079895923907,0.37778387523426543,0.8984464219674565,8.570574021326197,62.998951924054495,65.79102310604048,46.45844765591298,19.24867265779031,6.226131554097416,53175.0,192559.3711063825, 0.0, 0.0,0.0,NaN, 52.34069589906152,52.34069589906152,NaN, 188.62454503980447, 19.643741561569147, 20.424757939130494, 19.643741561569147, 133.54291784907403, -20.37366820017753, 20.424757939130494, -20.37366820017753, 87.10865032680773, 9.94775297079055, 6.474760813401917, 13.0, 0.0
2, 0 ,1.0,1.0,1.0,184.77790012846822,36.38662262041811,15.842150925138062,9.098867271813873,16.27491976111802,10.209296468716584,41.0,74.0,48.0,0.04089545149948531,-0.9991555817645953,0.003960489276089266,16.284254293017998,0.4190993155947186,0.020751727726980005,0.9077032166211509,10.49451752992664,0.9070189224678236,0.03546109452622805,-0.41959407176497404,8.75101692270399,73.98899941116922,60.50380560447495,42.01413407912818,20.093122113879552,6.9396381003479375,59937.0,188081.14640950263, 0.0, 0.0,0.0,NaN, 42.504968840765706,42.504968840765706,0.0, 82.78938563008565, -7.414406454727399, 12.795313631236683, -7.414406454727399, 264.8730132308298, -0.11425602529698975, 12.795313631236683, -0.11425602529698975, 104.22973438614892, 8.46106370930798, 5.906936068083612, 14.0, 0.0
3, 0 ,1.0,1.0,1.0,171.10392685117154,187.2805399080197,79.06414129044548,16.21819184549544,7.364695393533773,15.629398126682085,64.0,29.0,65.0,-0.884770291184139,-0.015748612373994282,0.46576121891611844,16.44444526511186,-0.46503924899277627,-0.03521314805978176,-0.8845894703759225,15.400289429202866,0.030331975441265067,-0.9992557307376398,0.023831824391282654,7.345602507533918,71.66469800016291,78.25064564006922,30.024860061551237,22.541785580258367,7.308520618621889,73494.0,168373.67711752583, 0.0, 0.0,0.0,NaN, 85.13463541032786,85.13463541032786,0.0, 263.0297467372948, 6.016331077129201, -13.834842452124493, 6.016331077129201, 54.238738239537575, 4.119105435458595, -13.834842452124493, 4.119105435458595, 244.2780858023335, 8.531681110271776, 5.55686255975422, 12.0, 0.0
4, 0 ,1.0,1.0,1.0,56.55363942442583,80.87611727924967,32.98990941520702,13.25015829108705,13.40801533130465,13.654572163324117,66.0,67.0,66.0,-0.13686770615988442,0.6674225935896504,0.7319933828776021,14.558837678959515,-0.9596355312664634,0.09394689689785847,-0.2650917344886405,13.276632300103488,-0.24569671984270428,-0.7387293564826884,0.627624138899396,12.391940567657146,76.4264282046941,66.96685146911018,69.91520279375884,22.36343119677568,6.4549094442777815,99796.0,357828.6133512991, -7.105427357601002E-15, 0.0,0.0,82.13336581649943, 104.05572834562487,104.05572834562487,1.3486991523486091E-6, 175.5666947388629, -7.3820228846429226, -0.0739156388994274, -7.3820228846429226, 179.77487512450054, 27.965492104895887, -0.0739156388994274, 27.965492104895887, 186.44734096342586, 8.700132448908738, 5.4161296119993425, 24.0, 0.0
5, 0 ,1.0,1.0,1.0,13.234396902743475,106.64533408984714,138.20732928375944,7.86946867110325,15.206639815879246,12.006612209509091,32.0,76.0,57.0,-0.008920609427168909,0.9991692150836559,-0.039765592621748086,15.211647670021074,0.011829878485944436,-0.03965894154253133,-0.9991432441500737,12.001307740044117,-0.9998902323267568,-0.009383388771494111,-0.011466268473540282,7.867881296562126,75.70567880085248,57.078480353351196,32.39681754174053,19.867429011909287,6.527973105155099,59924.0,139991.99731475578, 0.0, 0.0,0.0,NaN, 112.7323248355206,112.7323248355206,0.0, 61.928537165475554, -1.549235074861383, -0.9106058861172555, -1.549235074861383, 231.24189448988398, -3.4799851600721348, -0.9106058861172555, -3.4799851600721348, 144.1587367495328, 9.445070141677617, 5.416450266331977, 16.0, 0.0
6, 0 ,1.0,1.0,1.0,51.69227581790443,187.65965381500385,120.92961407341834,14.597330958992549,7.186539873053176,12.00762097027371,65.0,28.0,54.0,-0.951082828150551,0.014339798991933978,0.30860302033846054,14.873580325448387,0.3086524195348897,0.0013145550848178726,0.9511739882167654,11.665190270850834,-0.0132339681278083,-0.999896315679681,0.0056762644223326665,7.184102733562782,65.78095908431833,57.2317350001227,28.373420050750724,19.25316185280578,6.182810567111319,53093.0,106819.07199394442, 0.0, 0.0,1.4210854715202004E-14,72.02493783324832, 95.27067467892951,95.27067467892951,0.0, 213.0820711263623, -2.2789553419559465, -24.984818436865403, -2.2789553419559465, 51.64635534698316, 0.856198110987624, -24.984818436865403, 0.856198110987624, 144.18296136575694, 10.08170788963736, 5.432463123894221, 11.0, 0.0
7, 0 ,1.0,1.0,1.0,56.71180787191461,149.66645945782037,11.793089332282127,13.003944947904005,16.840065547787773,8.192900408901657,60.0,86.0,32.0,-0.2723556528429888,0.9592143019404643,-0.0756988858394724,17.157809082696247,0.9522958240065419,0.279974721596172,0.1214364807084276,12.690291158968394,-0.13767738356088763,0.03901382088457872,0.9897084721451131,8.023721502796732,93.93792920884036,58.54331797299291,36.042290616218985,21.26737362667019,8.216619012443594,65956.0,198212.3447627051, 0.0, 0.0,0.0,NaN, 76.73833078463059,76.73833078463059,0.0, 169.1025842081181, -34.317331836766755, 15.920614379708045, -34.317331836766755, 283.58780765378873, -13.414910361136652, 15.920614379708045, -13.414910361136652, 67.12361711018094, 8.434411905483618, 5.300844097019571, 18.0, 0.0
8, 0 ,1.0,1.0,1.0,25.62569243449426,50.8810162734086,48.2685208257461,14.112069157462065,13.09512273093595,14.712829549494984,64.0,66.0,81.0,0.6172727882329602,0.22186177886856223,0.75481895576647,16.7502833433872,0.5067238004245881,-0.8460316616804725,-0.16571486812426017,13.346313613323673,0.6018349399880082,0.48477600859722414,-0.6346549664961075,11.331549295961995,88.86348386979209,65.27371772395797,61.56586344262061,23.105025784095254,7.297799127961029,104342.0,357109.710271436, 0.0, 0.0,0.0,NaN, 74.66862816784337,74.66862816784337,9.5367431640625E-7, 199.15049590499208, -0.47592559492560577, 66.72442879540715, -0.47592559492560577, 171.48223933827543, 32.45363981955133, 66.72442879540715, 32.45363981955133, 216.46735335249278, 8.059575516747756, 5.101503815370289, 20.0, 0.0
9, 0 ,1.0,1.0,1.0,88.32685396929108,180.19201241424372,84.8457786904373,14.70367433127056,12.58221344425433,12.392577339003775,70.0,58.0,59.0,-0.9659373104346175,-0.15870573741269225,-0.2043956976617439,14.904635182038033,-0.012389650135838391,-0.7605863434885212,0.649118564415064,13.142842851540767,-0.258479416743092,0.6295402314475667,0.7327124184215084,11.54138808679818,70.81042891392715,66.74654734235787,62.28424976690201,21.88787982075771,7.000487415326304,85708.0,294377.26639546436, 0.0, 0.0,0.0,NaN, 124.06770597499015,124.06770597499015,1.3486991523486091E-6, 216.19803884006478, 14.00768847980796, 17.242700281958584, 14.00768847980796, 158.3120951567744, -16.63146940668929, 17.242700281958584, -16.63146940668929, 153.57597310318988, 8.318193735012459, 5.109238101495614, 21.0, 0.0
10, 0 ,1.0,1.0,1.0,187.77728403839316,20.104181478848204,111.22364912904372,7.420292011823099,11.155870268870212,13.510128348207424,30.0,44.0,69.0,0.013556422210739385,-0.3520957716945829,0.935865797522081,13.86011569864844,0.029131283042900528,-0.9354154341993377,-0.3523483131929812,10.721487308767355,-0.9994836625803939,-0.032039553936671454,0.0024238849850049485,7.415163227444519,76.4650289391596,56.07853776425567,30.69369878485699,18.06823306532629,5.964620430387771,45008.0,131616.02339262128, 0.0, 0.0,0.0,NaN, 91.84124004158328,91.84124004158328,0.0, 55.06073354072569, -2.288541700498223, 1.1241081334326606, -2.288541700498223, 124.45344145586232, -25.418207668991567, 1.1241081334326606, -25.418207668991567, 182.52356798503786, 9.272006041113084, 5.346776054472999, 10.0, 0.0
11, 0 ,1.0,1.0,1.0,76.99261877534047,100.41379561284957,160.7469591433621,12.077047055980728,14.528645269018524,13.289293925728803,62.0,79.0,75.0,0.15728088134461912,0.8652881599863991,0.4759612637083114,15.118668613974702,-0.09832353199465792,-0.46584447832943754,0.8793869484283184,12.703833618174434,-0.9826470411188117,0.18510894683220308,-0.011809757961843114,11.982504025967076,73.60932639323278,66.25050301799358,63.893822276086134,22.151472618715502,6.5463113897924945,96190.0,311588.12150587555, 0.0, 0.0,0.0,NaN, 131.85627276173514,131.85627276173514,0.0, 145.85506559237277, 12.38269877206702, 4.822926925790328, 12.38269877206702, 211.08153335297436, 27.709364645147282, 4.822926925790328, 27.709364645147282, 176.60533304441248, 7.573734248125364, 4.863380824401678, 29.0, 0.0
12, 0 ,1.0,1.0,1.0,23.149961515436587,178.42548960916787,48.22311425639271,14.388512593801863,12.639273995811447,13.849466038524497,58.0,54.0,83.0,-0.7010699644403402,0.19980605721953285,-0.6845278989624933,15.094010085090883,-0.6373377813074677,-0.6061356403247418,0.4758152351976445,14.192623074260629,0.3198459902479551,-0.7698552623880027,-0.5522874410085793,11.372271592719438,78.90846684746427,72.47019748749914,65.53262377983037,22.526283390717822,7.152258940817119,93544.0,374749.1070017671, 0.0, 0.0,0.0,NaN, 57.67884330805728,57.67884330805728,0.0, 207.02929466199484, 14.056179250006622, 25.405329611854775, 14.056179250006622, 159.75124714119545, -34.26703362730856, 25.405329611854775, -34.26703362730856, 191.8077095522434, 7.56981052479154, 4.755377045788973, 13.0, 0.0
13, 0 ,1.0,1.0,1.0,173.23410935303986,59.07707303803781,109.86194858774992,12.110946197951584,12.832154423321851,13.563080863450372,55.0,62.0,66.0,-0.353414005739653,0.19949272555029124,0.9139481347426495,13.780663178807483,0.2499015345354993,-0.9213564502844566,0.2977440420160048,12.919544465080342,0.901469779628721,0.3336239559320372,0.27576673556541015,11.767542675903995,72.68596985562439,66.65813478545152,64.49550057735152,21.385117700667088,6.162232419407326,88228.0,312487.8706263042, 0.0, 0.0,1.4210854715202004E-14,23.94321286006882, 111.04675489749407,111.04675489749407,NaN, 146.67501780967794, -10.174275100882824, -14.496424582671517, -10.174275100882824, 164.66418714397855, 1.5755400734835394, -14.496424582671517, 1.5755400734835394, 183.95716250849367, 7.103939353676576, 4.591669989986871, 20.0, 0.0
14, 0 ,1.0,1.0,1.0,167.33734411916572,187.33468417017414,25.15571654331805,15.644564663517773,7.287542605228364,14.529229201191225,77.0,31.0,52.0,0.7830180174787486,0.03173672825436345,0.6211888315024339,17.38163239417801,-0.6215538539170696,0.0021459478163479376,0.7833684966788033,12.40891976601989,-0.02352851428562179,0.9994939594553229,-0.021406401561987965,7.270264607901009,91.01627064377217,62.15304174197367,32.29572847926457,21.239187559250368,7.606319329196246,63911.0,182694.93588497423, 0.0, 0.0,0.0,NaN, 43.1285217584234,43.1285217584234,0.0, 244.75240351098898, 6.059445311308612, 72.0045962561402, 6.059445311308612, 53.10827722301861, 5.08412046656218, 72.0045962561402, 5.08412046656218, 211.0985011807478, 8.561877676629955, 5.025218815609964, 12.0, 0.0
15, 0 ,1.0,1.0,1.0,164.959253924008,10.726264194713112,80.8010027500795,13.045000001951633,7.210965954849827,14.489402880868541,69.0,31.0,68.0,-0.47805827915325727,-0.028066499489998082,0.8778795779259274,15.056082583541789,-0.8771617936447431,-0.03623504555004188,-0.47882586526202187,12.397617069036494,-0.04524897239677193,0.9989490943388278,0.007296397513283069,7.192101163369961,76.99936000434882,59.06383429461192,32.089879249592606,19.637747063811478,6.817018494528336,53453.0,145940.83789437113, 0.0, 0.0,0.0,NaN, 88.72265029041506,88.72265029041506,NaN, 170.17202505091814, 5.588663001442121, -30.59638216770502, 5.588663001442121, 51.99803000200327, -2.54153607394985, -30.59638216770502, -2.54153607394985, 209.94279584412158, 7.345665971471728, 4.977407809002824, 14.0, 0.0
16, 0 ,1.0,1.0,1.0,189.82904116164647,24.547653906156246,175.8751230049202,6.236479935985403,13.16604226724261,12.835647724751967,27.0,55.0,54.0,-0.024188325053397134,0.8007514082196394,0.5985082348350571,13.579082334539288,0.009263331539470742,-0.5984781709519179,0.8010855569680664,12.401697285498672,-0.999664501530339,-0.02492109805590582,-0.0070585587613109695,6.228854700452999,74.71037737898847,62.980367756399275,27.811608638033476,18.388815686544074,6.232468301969174,41665.0,130861.6017569568, 0.0, 0.0,0.0,NaN, 35.88934947885849,35.88934947885849,0.0, 38.8936819919485, -3.457531770705627, -1.2543261451086332, -3.457531770705627, 173.34466898281892, 14.639924235539022, -1.2543261451086332, 14.639924235539022, 164.75385251393033, 7.94230254846905, 4.925408899408239, 10.0, 0.0
17, 0 ,1.0,1.0,1.0,188.92347459356506,176.07836201618937,136.37990612883476,6.520800773386189,12.925662184858544,13.41980581795109,28.0,57.0,63.0,-0.04055521948440389,0.6215501184268926,0.782323925529628,14.25359423107402,-0.029468886061555732,-0.7833715184948207,0.6208547726847309,12.01467930410766,-0.9987426389850703,-0.002124686949507405,-0.0500861934918568,6.493635849824833,71.34536431121992,67.66895769611556,29.427916937593352,18.666715149629127,6.421722460323118,44103.0,142074.05256416035, 0.0, 0.0,0.0,NaN, 68.86545231887878,68.86545231887878,0.0, 42.52084272619392, -1.6993294831499, -6.977593742266544, -1.6993294831499, 167.07274291708214, 28.586877183382885, -6.977593742266544, 28.586877183382885, 180.0911881915139, 7.763514030793436, 4.929941614373189, 11.0, 0.0
18, 0 ,1.0,1.0,1.0,19.143003373269746,11.845550773525648,19.112225194835407,12.7245913596775,7.987438683735508,12.004061413495672,60.0,35.0,48.0,-0.8583100636224135,0.18536968859043565,0.478478748991398,13.453200480993365,-0.41993219603243054,0.2821302298611769,-0.8625888268079173,11.6644965990867,0.29489114164360425,0.9412973026362945,0.16431251513432346,7.263801231055541,74.72858377430225,58.25859802127115,35.40305767489217,18.145731455059586,6.3674423732809275,42985.0,154130.13314730197, 0.0, 0.0,0.0,NaN, 29.530472450932656,29.530472450932656,NaN, 161.9152252707793, -30.27006166348322, -22.487352524663414, -30.27006166348322, 63.799176726434425, -8.898474745410901, -22.487352524663414, -8.898474745410901, 144.0974904189757, 7.999002917555858, 4.605117804119664, 3.0, 0.0
19, 0 ,1.0,1.0,1.0,22.878430056048575,39.89271952358711,145.7267485987856,13.9997625233915,12.690576353013816,10.796173134016561,59.0,61.0,59.0,0.8672708508689837,0.36258984264946814,0.34113029364221453,14.48245997362826,-0.4571958848736241,0.8512616259404076,0.2575375061149703,12.82409497054738,0.1970106446048365,0.37931813851795765,-0.9040489785977629,9.970073947635914,73.41349540645727,59.910972096654206,50.69891358082194,20.774814679158684,6.481397092394866,68512.0,222987.7070839876, 0.0, 0.0,0.0,NaN, 71.13675175657457,71.13675175657457,0.0, 195.99335071135712, 9.378699511208996, 24.9842230423764, 9.378699511208996, 161.05072817167346, 27.910039149361687, 24.9842230423764, 27.910039149361687, 116.55735433966098, 7.918513034116294, 4.784019886159987, 16.0, 0.0
20, 0 ,1.0,1.0,1.0,121.92970451010886,78.94699189653761,179.8789391831055,11.484607641255762,11.250762516162316,11.447950658785732,55.0,55.0,47.0,-0.4153881529498043,0.6866031867755408,-0.5966814445737554,12.512029204519623,0.8178612175397157,-0.005236922484069644,-0.575391695705934,11.53833731220303,0.3981905463887916,0.7270135064443912,0.559370762745093,9.992364155180564,60.34143289694546,59.3540062939841,48.93018461668851,18.96300189506477,5.471380381806216,61085.0,175243.7394102944, 0.0, -1.4210854715202004E-14,-2.8421709430404007E-14,71.23102840667909, 112.83818350092339,112.83818350092339,0.0, 131.89621267359024, -16.314800962531923, -1.6098033092861068, -16.314800962531923, 126.579657195083, -23.13019554596203, -1.6098033092861068, -23.13019554596203, 131.0555742859927, 7.789666329200933, 4.817071339599681, 16.0, 0.0
21, 0 ,1.0,1.0,1.0,171.15328259596888,93.80448272978171,9.269047419921385,12.884577324492335,19.01190235586364,6.431293418750632,58.0,92.0,26.0,0.22027996563821375,0.9747289176545969,-0.0371520366376311,19.297812851781014,-0.9752455433767611,0.2208309792768992,0.011393362777156742,12.471232831051845,-0.01930976080104349,-0.03372262859716409,-0.9992446734700684,6.394456182437294,94.37787603008825,65.82774928270476,27.676842348527128,22.228730178567545,8.643486200962137,59785.0,171947.45241229952, 0.0, 0.0,0.0,NaN, 98.5765150797222,98.5765150797222,0.0, 166.01233283082206, 46.49105495131369, -3.986912278266499, 46.49105495131369, 361.45243118889346, -11.716820351401463, -3.986912278266499, -11.716820351401463, 41.36153503806519, 7.293585309333663, 4.797597571971379, 12.0, 0.0
22, 0 ,1.0,1.0,1.0,15.814158551684905,100.76700799785831,22.450406585684167,9.91423488350006,12.005867695565987,12.687410805643793,39.0,53.0,54.0,-0.03964163865884567,0.3196175614358061,-0.9467170405703444,12.796307740986478,-0.3236796420188492,-0.9004817834161642,-0.29045489680532766,12.133282067151283,0.9453359349072642,-0.2949189247191043,-0.13915027134553573,9.614638832360049,58.53038367346002,64.15747395209524,47.09675674950503,19.20592709163723,5.876705705623039,59766.0,176855.9308259854, 0.0, 0.0,0.0,NaN, 102.96259062522405,102.96259062522405,0.0, 98.29205332520942, 15.061776893755956, 7.825664524097136, 15.061776893755956, 144.14085912343495, -7.249323834527394, 7.825664524097136, -7.249323834527394, 160.9703929511669, 7.7037696487548635, 4.8703545816386, 11.0, 0.0
23, 0 ,1.0,1.0,1.0,81.9760377995275,22.470384745190685,40.73945325683429,12.812581450300135,11.831495475032863,13.559111373859931,66.0,49.0,68.0,-0.6542294279568495,0.2726154329634408,0.7054535288064048,14.817321733153557,-0.3953644218430153,0.6718884671917105,-0.6263009353302222,12.633352974187819,0.6447253907951752,0.6886557292035904,0.33178676450256317,10.43270813982789,68.6881001080436,63.2107360305025,61.87479375699967,21.179187431781415,6.279972099819814,82964.0,268649.5489490732, 0.0, 3.552713678800501E-15,0.0,74.18004019268899, 94.25864424853694,94.25864424853694,0.0, 164.1622434205751, -33.22973669454884, -38.52746934725209, -33.22973669454884, 139.9842851757231, -0.06833281119477802, -38.52746934725209, -0.06833281119477802, 183.84950124873777, 6.722791418337996, 4.460933817497552, 20.0, 0.0
24, 0 ,1.0,1.0,1.0,152.67700756159974,86.14978005232742,72.19654409016417,10.526393752818576,12.911856158773798,12.157753584222785,47.0,62.0,62.0,-0.27139945693000234,0.835702270022068,0.4774348653565865,13.443045853480816,-0.04393283354310423,-0.5062929673140816,0.8612417415483157,11.808548546016613,-0.9614635931302723,-0.212765474474277,-0.17412240509699511,10.255470078768006,64.37245804897591,54.42214739129546,48.57234749542533,19.81025792769418,5.734600941405979,69562.0,170162.89296338207, 0.0, 0.0,0.0,NaN, 121.95733350214041,121.95733350214041,NaN, 110.80496543937795, -16.37114720370751, -11.084802728245181, -16.37114720370751, 166.71602946486485, 15.198415904151366, -11.084802728245181, 15.198415904151366, 147.81097221468198, 6.83851842162666, 4.345659399006131, 17.0, 0.0
25, 0 ,1.0,1.0,1.0,136.39818061924888,116.33547642598087,121.22683811407848,9.834100091518403,12.667212895172238,13.411538127622286,50.0,65.0,69.0,0.11141535988385935,0.5895129085720913,0.8000382167176913,14.078380281830533,-0.2977556886783842,-0.7482624517375518,0.5928278444703565,12.192259478750506,-0.9481182244011613,0.30426605782864,-0.09216289172876212,9.496587783686842,65.47468667599043,60.50778974666159,45.266115780827064,20.02096830544056,6.016476560482666,66726.0,179332.0643735646, 0.0, 0.0,0.0,NaN, 131.33984531327457,131.33984531327457,0.0, 96.70952461000228, 20.120743440909386, -0.6921569081460093, 20.120743440909386, 160.45828253161784, 25.008725666402032, -0.6921569081460093, 25.008725666402032, 179.86935494866628, 7.152504956806585, 4.5618847647719765, 25.0, 0.0
26, 0 ,1.0,1.0,1.0,119.48510663648278,56.24334266650781,14.323975336590015,15.278382608691869,11.986059796934034,9.423697889947778,74.0,63.0,42.0,-0.9147196473442819,0.3584906556964706,0.18647363497467187,15.969776521509067,0.3783559903492362,0.921867849475143,0.08370431691928229,11.33059462853488,-0.14189683340089476,0.1471194000884639,-0.9788877212369199,9.082100513159785,77.80565916079483,54.361289311759904,47.13562209503905,20.49856677330993,6.760876182447464,67144.0,199365.57891945305, 0.0, 0.0,0.0,NaN, 99.25289878428742,99.25289878428742,0.0, 233.42897513757816, -40.57317343818515, -27.97832307672184, -40.57317343818515, 143.66562945567836, 15.076426292378489, -27.97832307672184, 15.076426292378489, 88.80608192100622, 7.075289895596691, 4.627036497247719, 17.0, 0.0
27, 0 ,1.0,1.0,1.0,150.92830834594164,151.15275166964682,55.23497317867131,9.966780130229662,14.725134470682134,10.915809436534792,46.0,65.0,50.0,-0.020995110458920562,-0.9704564418759245,0.24036118604786735,14.938691818527303,0.45274564431509606,-0.2235793309689589,-0.8631533260766484,10.844356998956021,-0.891392498785202,-0.09070048062161845,-0.4440639998068761,9.724021546099792,67.64653125684455,57.46515674294949,52.152846955797315,19.94518367820579,6.124608970489891,65433.0,202734.72793542335, 0.0, 0.0,0.0,NaN, 88.57193039155639,88.57193039155639,0.0, 99.33670616434078, 0.28779909345918614, -9.654146085596839, 0.28779909345918614, 216.82958517967123, -25.552084680831037, -9.654146085596839, -25.552084680831037, 119.154895654742, 6.619130943512003, 4.525813864436867, 20.0, 0.0
28, 0 ,1.0,1.0,1.0,10.494723498653146,83.69833623831406,105.91922040881002,6.976833956539243,11.42588701496179,10.7092501933052,28.0,58.0,48.0,-0.03539034084730329,-0.7638227571623085,0.6444550561642612,13.024212128395508,0.046573335219335224,-0.6454189331268038,-0.7624075846999464,8.707463643649271,-0.9982877582246807,-0.003032557077433298,-0.0584153693501375,6.9616895339910485,66.89303722201034,43.890501695817306,29.476921947549506,16.213462459693034,5.571245902554221,31555.0,86543.32798137925, 0.0, 0.0,0.0,NaN, 126.35958134965915,126.35958134965915,0.0, 48.67621205711904, 2.4530588808011253, -3.734778951099145, 2.4530588808011253, 130.55089407867243, -46.182853459944184, -3.734778951099145, -46.182853459944184, 114.68803970280749, 8.700945567752267, 4.635466511850252, 10.0, 0.0
29, 0 ,1.0,1.0,1.0,57.34755481348038,69.66799947273606,93.63341974603453,14.105845930338017,10.282077113799591,11.089489786791102,64.0,48.0,52.0,-0.9902552132778859,-0.04768096531238651,-0.13084776697692396,14.152691881721228,0.1354468700778031,-0.5482319959365056,-0.8252852985589904,11.587432874072418,-0.03238453276017983,-0.834965989833331,0.5493478295757166,9.64911886162809,63.19780491749538,59.343031762603616,54.94224703600623,19.839914769231523,5.835286185399103,68277.0,206052.6201593569, 0.0, 0.0,0.0,NaN, 130.03687741158421,130.03687741158421,0.0, 198.9748894104336, 2.004648307804568, 9.288002540044246, 2.004648307804568, 105.72110977412135, 19.292929665965012, 9.288002540044246, 19.292929665965012, 122.97678373134414, 7.512902697448123, 4.565273812430196, 16.0, 0.0
30, 0 ,1.0,1.0,1.0,97.12811530823981,187.44454360873738,139.16455074856646,11.150612546091589,7.50566831494698,13.030987375071245,54.0,31.0,63.0,0.11203262782494885,-0.08376399680413352,0.9901678055471376,13.082308998421324,0.9921651754140126,-0.046012862743506674,-0.1161511134592774,11.133438601999336,0.055289736826278996,0.9954227289456201,0.07795277865564812,7.44161173010631,61.838534455222316,53.63810607026838,33.72692228341708,17.84077753151811,5.673138994170781,44819.0,111868.89160264962, 0.0, 0.0,0.0,NaN, 115.29294060846645,115.29294060846645,0.0, 124.33616015305513, -4.217063508810338, 4.9396494701294795, -4.217063508810338, 56.335056853999035, -9.235447223597859, 4.9396494701294795, -9.235447223597859, 169.80663196926616, 7.262046712767011, 4.714226518431264, 11.0, 0.0
31, 0 ,1.0,1.0,1.0,46.64603347674898,121.40313549832027,145.06301939058173,11.454927073080484,10.807220684818068,13.491625195087149,54.0,56.0,62.0,0.21284884525279463,0.3658558190118816,0.9060049054887601,13.94960965037076,-0.8642092732208593,-0.36214994773144477,0.3492703071221289,11.674516873478092,-0.4558922034358852,0.8573196224590084,-0.23909279326888244,9.957377664717768,63.87742106500923,59.262498137380994,52.01811604794709,19.867997488495515,5.941211945538149,67868.0,196916.42738153497, 0.0, 0.0,0.0,NaN, 106.63672625830647,106.63672625830647,0.0, 131.2153542495922, 19.05766376018368, 7.193344651676008, 19.05766376018368, 116.79601893035951, 26.937566886805, 7.193344651676008, 26.937566886805, 182.02395040471035, 6.9127014868952505, 4.418271236563451, 17.0, 0.0
32, 0 ,1.0,1.0,1.0,18.168729320146976,139.90298521104876,24.316874760068004,10.013486170017867,10.48437365670167,12.192713160970902,41.0,47.0,53.0,0.0171684511651312,-0.279718569731381,0.959928521313968,12.33456221076853,0.6118969155484706,-0.7563490034807302,-0.231340333007399,10.757182146862515,0.7907511675785618,0.5913490565487839,0.15817358911020718,9.539174901640887,59.405116330902786,57.71820444385855,51.57820814858081,18.212575130984977,5.211176217939603,54703.0,176849.12415349335, 0.0, 0.0,0.0,NaN, 67.32803509496638,67.32803509496638,0.0, 100.26990527713907, -11.734759583532568, -2.4917235624266802, -11.734759583532568, 109.92209097333996, -12.092633779652328, -2.4917235624266802, -12.092633779652328, 148.66225422571304, 7.4754474699952675, 4.679745330849202, 10.0, 0.0
33, 0 ,1.0,1.0,1.0,113.18811233469884,71.6822635161446,66.7639912150901,10.215276886145817,11.654297183773481,12.503591792423038,49.0,58.0,57.0,-0.08661360956837193,-0.34131597943729425,0.9359495097590991,12.64966260177884,0.05060554589032537,-0.9397745917571952,-0.3380278027215196,11.517095671868901,-0.9949558590021368,-0.018086427738965186,-0.09866975103324924,10.191019368348812,58.66205961752808,60.84445450035632,47.542455302297085,19.151182845579886,5.4540377735287535,64201.0,169691.43237702065, 0.0, 0.0,0.0,NaN, 130.88957661242355,130.88957661242355,0.0, 104.351881860625, 0.291121688377461, -5.044854782707992, 0.291121688377461, 135.82264284771048, -8.794992962778972, -5.044854782707992, -8.794992962778972, 156.33980771154876, 7.635886098901308, 4.4910365788420785, 16.0, 0.0
34, 0 ,1.0,1.0,1.0,50.18693411559502,151.04441449298344,187.46276064378023,16.30532977819386,14.10779119415184,6.689584427603072,76.0,64.0,28.0,-0.9215993338677428,0.37864714785512227,0.08532880659961073,16.748174316589196,0.38378799061868774,0.9218049406441038,0.054611625694443125,13.658470457929154,0.05797797919385395,-0.08307820908818847,0.9948550472824149,6.526019704114571,73.34428202825976,62.884994511588786,30.037539646737287,21.383230682381715,7.238890588446537,63065.0,138540.78559893946, 0.0, 0.0,0.0,NaN, 71.22190729637217,71.22190729637217,0.0, 265.86377917565545, -32.09058277107388, -15.691786018069024, -32.09058277107388, 199.0297723777882, 14.934207681546956, -15.691786018069024, 14.934207681546956, 44.750539814029516, 8.819533361218445, 5.309373892451321, 13.0, 0.0
35, 0 ,1.0,1.0,1.0,189.66951471491595,10.301334673591333,46.169263416541014,6.112559852751343,6.78369664192251,10.74672229699313,25.0,29.0,49.0,-0.023714029182792185,0.0346006119550632,0.9991198338899357,10.752954761378257,0.3642181603279053,0.9310146593813075,-0.02359736647306549,6.890881217014373,-0.9310116951506431,0.3633379992093355,-0.034680280034668484,5.980274923825723,49.009363910829954,36.15207386320167,28.398314530040807,13.351658937151852,4.539512290738905,17907.0,50315.853793175214, -2.8421709430404007E-14, 0.0,0.0,88.64115883371608, 48.41938978042397,48.41938978042397,0.0, 37.36338795346753, 3.9088232868885795, -1.9929245044345993, 3.9088232868885795, 46.018540129630736, 2.503359278737043, -1.9929245044345993, 2.503359278737043, 115.49204012868933, 8.61309545823309, 4.693838957694098, 5.0, 0.0
36, 0 ,1.0,1.0,1.0,171.94390852901446,104.44716268027452,124.44395628385477,11.377804137105546,12.00000348921825,13.418838510771774,53.0,60.0,62.0,-0.1696447140847427,-0.06421710818522514,0.9834108164950357,13.464678767453055,0.5532948112716944,0.8195574870678156,0.1489643487916049,12.580888151544027,-0.8155277572240722,0.5693871164747354,-0.10350260281587192,10.674428167794087,59.80696423456994,65.9062760804403,60.002155344911586,20.426358944902525,6.023586801521679,73291.0,236507.75340712606, 0.0, 0.0,1.4210854715202004E-14,10.450867768638753, 125.00481882917266,125.00481882917266,0.0, 129.45442698233606, 20.837923971273536, -7.582553051766816, 20.837923971273536, 144.00008374125017, 1.159135783510286, -7.582553051766816, 1.159135783510286, 180.06522697817164, 7.71686564211711, 4.697339618074923, 18.0, 0.0
37, 0 ,1.0,1.0,1.0,121.4240325252221,152.51055563921096,163.49420268031923,11.75305900973378,11.847432162942967,11.15511249064819,63.0,54.0,59.0,0.006893844977330074,0.8653135903492415,-0.5011834646697095,12.183847903068697,0.9863822190349484,0.07647633234715605,0.14560730944021452,11.779459567150251,-0.16432465692378492,0.4953622522433788,0.8530027234301467,10.757823302211106,57.485353805595736,65.47333442601231,54.90131642070253,19.31372051065196,5.469257687953675,66410.0,206635.2575963761, 0.0, 0.0,0.0,NaN, 98.80335636120589,98.80335636120589,0.0, 138.1343960862844, 1.9320396506523347, 3.1939053233279906, 1.9320396506523347, 140.36164885553546, -13.931643368150816, 3.1939053233279906, -13.931643368150816, 124.43653467901527, 7.370056327841329, 4.401417632095869, 20.0, 0.0
38, 0 ,1.0,1.0,1.0,145.34735287849728,42.74443632599628,83.02029104636648,12.37083338818027,10.01768638828994,12.551729933211984,63.0,47.0,56.0,-0.48451284211730544,0.2159067964367037,-0.847721393546165,12.586429412932299,-0.832937214659765,0.1822734555191764,0.5224863480014881,12.536258106897488,-0.267325461298105,-0.9592500417855293,-0.09152297567396238,9.765321854350459,61.97750828579524,63.10226432744826,45.476896996216155,19.474967670439256,5.6269990086957495,65694.0,177856.55648920496, 0.0, 0.0,0.0,NaN, 108.19596757568209,108.19596757568209,0.0, 153.03751871811573, -15.978389084587752, -0.9942311533337534, -15.978389084587752, 100.35404057412953, -5.656001059800755, -0.9942311533337534, -5.656001059800755, 157.5459243162897, 7.592086346769698, 4.496728886968649, 15.0, 0.0
39, 0 ,1.0,1.0,1.0,85.1713959718226,34.69573701094685,108.8646691139994,11.259218078730973,11.162197880524754,11.31481081640609,60.0,63.0,56.0,0.4375959296757588,0.4309985836148722,-0.7891451217952131,12.068793002142971,0.725338882467365,-0.6878808706004198,0.026521942670220067,11.613800291782317,0.5314069136849859,0.5840035349070949,0.6136339000607893,9.942508503063795,63.14182367286641,55.92644858920667,47.05062324099106,18.73566558531826,5.325826898667309,60474.0,166149.7696544688, 0.0, 0.0,1.4210854715202004E-14,37.894306580316105, 129.47435805680828,129.47435805680828,0.0, 126.76999174442237, -9.148432617628504, -15.469016360197799, -9.148432617628504, 124.5946615239913, -16.575686878698296, -15.469016360197799, -16.575686878698296, 128.02494381106027, 6.468887594586864, 4.256638006229725, 18.0, 0.0
40, 0 ,1.0,1.0,1.0,16.564691112818302,71.88008019636868,169.72339747793663,10.028824376121305,11.7058632812814,11.033529674236654,41.0,60.0,59.0,0.08418194543294824,-0.8077816933079507,0.5834399163749975,12.364591269522807,-0.47666341083904645,-0.5468252749354104,-0.6883125100265858,10.431194409522123,-0.875045937554372,0.2201609743990808,0.43107279260147824,9.881821518717718,57.538587486196334,55.28673147283874,50.39473538728306,18.191603512153357,5.329999273546333,53369.0,160311.72259095937, 0.0, 0.0,0.0,NaN, 79.73586132336246,79.73586132336246,0.0, 100.57731836708489, -0.8471392920602097, 6.374093016684229, -0.8471392920602097, 137.02723516005216, -21.83048691452326, 6.374093016684229, -21.83048691452326, 121.73877707226082, 7.354098366036218, 4.562693359159159, 12.0, 0.0
41, 0 ,1.0,1.0,1.0,186.36967535591972,116.06096629022672,65.13837706263621,8.816619244655042,11.57618492742366,9.548759514060293,37.0,51.0,50.0,0.0047502725299985145,0.9629920252136931,-0.2694880225273856,11.730825581066298,0.5634430445231146,-0.22521771062716048,-0.7948640880039702,9.804973513727177,-0.826141253351637,-0.1480653308330161,-0.5436610040419443,8.316842322552379,51.767905618436515,47.70099131681504,43.17315885148085,16.600498776161267,5.229061198643701,35331.0,106610.95298174606, 0.0, 0.0,0.0,NaN, 107.11935070932633,107.11935070932633,0.0, 77.73277490522163, -3.1090340130947354, -12.165360244971227, -3.1090340130947354, 134.00805747391072, -12.934138976901796, -12.165360244971227, -12.934138976901796, 91.17880825735696, 7.729108224845567, 4.817044984064184, 11.0, 0.0
42, 0 ,1.0,1.0,1.0,81.50963022615932,105.75471444869471,76.50318770552312,12.262416803067087,12.459042304256469,11.913237725775016,63.0,65.0,62.0,0.5105303772515426,-0.6588991163210939,0.5524587662574275,14.116066388142485,-0.8564249501952576,-0.44702035749297,0.2582810575127563,11.544504485595231,0.07677915463488769,-0.6049997971058657,-0.7925151146289975,10.722915648733279,62.95739345408578,54.52050403857879,56.309584112694154,20.302944747622597,5.942244414121657,74505.0,193280.8919632758, 0.0, 0.0,0.0,NaN, 146.2146757249723,146.2146757249723,0.0, 150.36686585214204, -21.34767475494106, 19.72485018215271, -21.34767475494106, 155.22773513925236, -32.79227225933383, 19.72485018215271, -32.79227225933383, 141.92523311082905, 6.250165839793978, 3.935922353145135, 22.0, 0.0
43, 0 ,1.0,1.0,1.0,49.324524452671945,182.6281002663443,162.08198114811387,11.718378738980205,9.94232412409353,11.264474456402757,54.0,43.0,50.0,-0.8612852684357142,0.10402254367822714,0.49736002732661483,11.982571677060147,-0.48390502689607584,0.1306570144923685,-0.8653118914637943,11.023740072615603,0.15499552032342004,0.9859554021205282,0.06219593000365789,9.89715741277214,58.5188033864542,56.292734200892056,46.397339378018415,18.254082507070574,5.463246824261477,52939.0,152841.34726127528, 0.0, -2.8421709430404007E-14,-2.8421709430404007E-14,67.58108119574887, 64.5946419332936,64.5946419332936,0.0, 137.32040027018328, -5.578151505993626, -9.67667383449995, -5.578151505993626, 98.84980898853216, -0.3040472082196708, -9.67667383449995, -0.3040472082196708, 126.88838477895018, 7.0522831536052735, 4.476245262204054, 10.0, 0.0
44, 0 ,1.0,1.0,1.0,10.35929203539823,179.58484955752212,135.91664896755162,6.539993195960204,11.425763645764214,13.783640942078486,28.0,48.0,65.0,0.02088487938544874,-0.1787085519703781,0.9836803725121824,13.859469450107365,-0.0032154103455104065,-0.9839018904016831,-0.17868052831885187,11.336577187207077,-0.9997767165469322,-5.687852360163261E-4,0.021123293634990898,6.53494206188946,67.94115568394497,51.707165588634126,28.60746114920087,18.08791181924318,6.011305143769052,42375.0,100499.28654467597, 0.0, 0.0,0.0,NaN, 68.04975516937348,68.04975516937348,0.0, 42.77151100320575, -0.2860491920535436, 3.1181597514811425, -0.2860491920535436, 130.54807488886715, -11.173529471689285, 3.1181597514811425, -11.173529471689285, 189.9887576201423, 7.2768864288794255, 4.674943477762931, 9.0, 0.0
45, 0 ,1.0,1.0,1.0,115.59675090947587,152.77968548495755,63.14366831559294,9.546922265453583,12.255329575254851,10.66019801673731,45.0,55.0,49.0,-0.05001672610301285,-0.897974082694199,0.4371966078544621,12.737437742404833,-0.4700765119612738,-0.36506124302294785,-0.8035909169128671,10.298835462557353,-0.881207353584988,0.24570884325162612,0.40385735642140935,9.309582019097938,60.01114544511668,53.260954441857734,47.49668269179689,18.06516067013117,5.350384982329382,51953.0,151811.31401963753, 0.0, 0.0,0.0,NaN, 115.50233507720182,115.50233507720182,0.0, 91.14372474261339, 6.723084536212815, 5.674876353851964, 6.723084536212815, 150.19310299811627, -23.979184502525456, 5.674876353851964, -23.979184502525456, 113.63982175605005, 6.304786414564249, 3.9723367409121253, 15.0, 0.0
46, 0 ,1.0,1.0,1.0,99.50581280355141,158.78287145902468,15.083884579038745,11.54172228796873,10.685187704035192,9.717169060949631,51.0,53.0,41.0,-0.8298317736457096,-0.27258478622453697,0.4869052903460165,12.645840321496106,-0.16410293419133765,0.9531949682734417,0.25394798571358185,10.547630805568234,-0.5333380301814308,0.13083152057939057,-0.8357234343878812,8.40465175690148,63.957519326046594,49.26690610220061,49.00520035920091,17.65710391306632,5.480387359058453,45503.0,154414.85213428873, 0.0, 0.0,0.0,NaN, 108.75560693983766,108.75560693983766,NaN, 133.21135337259415, 13.841909994925528, -37.7657228637927, 13.841909994925528, 114.17323627046487, -2.018201445159577, -37.7657228637927, -2.018201445159577, 94.42337455907675, 7.458214961728994, 4.335354722553307, 12.0, 0.0
47, 0 ,1.0,1.0,1.0,98.12676698586411,8.463919288645691,136.70052439580482,12.124708406156104,5.822290183368595,12.913512673728532,58.0,24.0,67.0,0.575129148067713,-0.01214337401048874,0.8179724943484028,13.636403393523235,-0.8169299459707455,0.04407356312366707,0.5750504190154274,11.314660785738827,0.04303401467608001,0.998954483197921,-0.015427704937332098,5.804599924282652,68.21101243791307,69.1908293662155,25.50302401562207,17.54774481311709,6.304211168886008,35088.0,120363.47339658895, 0.0, 0.0,0.0,NaN, 117.0782812505756,117.0782812505756,0.0, 147.0085539343125, -4.459658943111478, 27.315180901944984, -4.459658943111478, 33.899062979350305, 0.8783305940803585, 27.315180901944984, 0.8783305940803585, 166.7588095745474, 6.622117027072122, 4.200383253085569, 13.0, 0.0
48, 0 ,1.0,1.0,1.0,118.84337580061265,112.53778543581176,55.773879142300196,10.685396257085927,10.94300406946051,11.721628976862492,51.0,50.0,55.0,0.39744365241709756,0.5200765049452191,0.756015193073078,12.87091359021313,-0.8044560501607951,0.5938376608755499,0.014397773631628514,10.294408006481294,-0.4414623500515641,-0.6139032998199484,0.6543956998308663,9.984406054230693,66.51111477048234,52.12543479512426,53.25485733986425,18.51448688471635,5.342040106744425,57456.0,184630.37134087156, 0.0, 0.0,0.0,NaN, 131.7071077144001,131.7071077144001,0.0, 114.17769317094591, 10.633346058494645, 19.75003721807223, 10.633346058494645, 119.74933806422928, 25.993019151734465, 19.75003721807223, 25.993019151734465, 137.39658587122244, 6.440219218448215, 3.923075217622207, 14.0, 0.0
49, 0 ,1.0,1.0,1.0,178.22661136348674,155.68487063006123,88.44657317795773,12.562726947095474,9.16211996460153,12.729061013325607,52.0,41.0,57.0,0.525894993475992,0.12441378857901787,-0.841401013220391,12.87836533278717,-0.8473828729937543,-0.00864435021198896,-0.5309119906032096,12.461624692770801,0.0733261371799726,-0.9921927657571525,-0.10088009310778769,9.091268406871798,64.94507305725739,59.707707985141866,42.383919188268536,19.273734928314248,5.684952663576481,60756.0,164353.03287558068, 0.0, 0.0,0.0,NaN, 101.29515018358424,101.29515018358424,0.0, 157.82210834727874, 5.97583285873522, -4.135433858616953, 5.97583285873522, 83.94444224574995, -8.376274111772007, -4.135433858616953, -8.376274111772007, 162.02899428096595, 7.648649586238194, 4.606919206799914, 11.0, 0.0
