// Sample: .//bubblelabels.tif, Map: .//bubblelabels.tif, Thickness:(8.191250068658265):/afs/psi.ch/project/tipl/test/LabelValidation/Step4900//distmap.tif, Neighbors:(1.0):
//LACUNA_NUMBER, TRIANGLES, SCALE_X, SCALE_Y, SCALE_Z, POS_X, POS_Y, POS_Z , STD_X, STD_Y, STD_Z,PROJ_X, PROJ_Y, PROJ_Z, PCA1_X, PCA1_Y, PCA1_Z, PCA1_S, PCA2_X, PCA2_Y, PCA2_Z, PCA2_S, PCA3_X, PCA3_Y, PCA3_Z, PCA3_S,PROJ_PCA1, PROJ_PCA2, PROJ_PCA3,OBJ_RADIUS, OBJ_RADIUS_STD, VOLUME, VOLUME_BOX, Mask_Grad_X,Mask_Grad_Y,Mask_Grad_Z,Mask_Angle, Mask_Distance_Mean,Mask_Distance_COV, Mask_Distance_STD, SHAPET_XX, SHAPET_XY, SHAPET_XZ, SHAPET_YX, SHAPET_YY, SHAPET_YZ, SHAPET_ZX, SHAPET_ZY, SHAPET_ZZ, Thickness, Thickness_STD, Neighbors, Neighbors_STD
1, 0 ,1.0,1.0,1.0,94.7609279324214,279.5432182615063,17.302543748872452,18.016982205867905,12.517235941338193,10.864195868934928,86.0,52.0,50.0,-0.9612061106166564,0.26896246024726034,0.06117195346677298,18.411624614523706,-0.2654561916516694,-0.841764374060264,-0.470069940409642,12.38840908959087,-0.07493879654085855,-0.4680725729421383,0.8805068104406318,10.337455904577261,91.063704409197,66.21341970500913,54.58300796463254,23.188532487349843,7.849557718706743,94231.0,329115.8488407745, 0.0, 0.0,0.0,NaN, 98.47584171710123,98.47584171710123,0.0, 324.61164780656065, -49.59586950159468, -7.832584759000873, -49.59586950159468, 156.68119561112863, 22.262041054246605, -7.832584759000873, 22.262041054246605, 118.03075187858276, 8.216420623119236, 6.494818785937974, 20.0, 0.0
2, 0 ,1.0,1.0,1.0,13.321854542193526,286.55645233611335,13.055241682360327,9.041578664408778,7.942507142969219,8.374067626917327,34.0,30.0,38.0,-0.8416799491137128,-0.28235571084860095,0.4602717847219389,9.716162495520903,0.1619814835666056,0.6811099585425224,0.7140386707705438,8.460697869465127,-0.5151085926690596,0.6755475386124833,-0.5275401983101539,6.997953343889566,51.78552350634913,47.56676824555632,39.404299995145465,13.967137787585663,4.458434153779723,22302.0,97063.42985601282, 1.7763568394002505E-15, 0.0,0.0,32.682054412591306, 22.992175138933526,22.992175138933526,0.0, 81.75014474469202, 13.29189243706295, -14.985271491165934, 13.29189243706295, 63.083419716117064, 5.0927024805805585, -14.985271491165934, 5.0927024805805585, 70.12500862018479, 9.334214188378334, 5.907155718842382, 3.0, 0.0
3, 0 ,1.0,1.0,1.0,31.18503512050522,167.92349207372084,17.419174507024103,16.296027085197622,16.833810786290623,10.65503618103453,67.0,83.0,48.0,-0.49049203572387673,0.8713925278143149,0.00962420702322084,17.072304062788543,0.8679808886322048,0.4894959338868959,-0.08368337754562445,16.07834813842463,-0.07763208010027367,-0.03269240244420754,-0.996445917730476,10.606160261687306,82.64249114194114,83.65934379208824,50.72648357647219,24.622494025399632,7.4966838227619155,124144.0,350713.6031087733, 0.0, 0.0,0.0,NaN, 136.82155532654124,136.82155532654124,0.0, 265.56049876149456, -14.453920740635468, -11.45129734502609, -14.453920740635468, 283.3771855886346, -4.4805281006919415, -11.45129734502609, -4.4805281006919415, 113.5297960191549, 8.197948363578284, 5.871449273944594, 23.0, 0.0
4, 0 ,1.0,1.0,1.0,70.19849752641544,251.25863464239907,206.0624656446589,15.389150604661706,13.631538513947916,14.349173789740435,76.0,76.0,75.0,0.885109951963159,0.06481603306061816,0.46084623769111943,15.760928369354941,-0.46370292115439515,0.20687070648989533,0.8615010805038219,13.964467839088408,0.03949650425867844,0.9762189266013318,-0.21315870495170441,13.60626186524084,73.96914733454253,78.22389962337084,77.58750151727023,24.147495801659076,6.741070652883348,130984.0,448933.321970417, 0.0, 0.0,0.0,NaN, 126.99531531773204,126.99531531773204,0.0, 236.82595633295975, 2.682758957564455, 21.865188826412876, 2.682758957564455, 185.81884225724536, 3.65017751294744, 21.865188826412876, 3.65017751294744, 205.89878844817386, 6.837244665327883, 5.17919757422017, 36.0, 0.0
5, 0 ,1.0,1.0,1.0,130.6893772972278,190.15991384391174,18.962965741167395,15.03593675559248,13.07440605604562,11.148425959856052,72.0,60.0,45.0,-0.9942836982850383,-0.07643805325106573,-0.07454630332762412,15.072024803462424,0.05131461729168885,-0.9543746939976152,0.2941695999065268,13.241987514309358,-0.09363085696945456,0.2886627226923244,0.9528415897467009,10.899115753749033,71.90552898906766,65.24621514886394,51.35429079127939,21.91913198404896,6.392068701507874,93319.0,240931.92214092257, 0.0, 0.0,0.0,NaN, 171.76772669746416,171.76772669746416,0.0, 226.0793941181769, 5.466726203596999, 8.886566379185602, 5.466726203596999, 170.9400937183624, -15.261429481192692, 8.886566379185602, -15.261429481192692, 124.28740138239232, 7.46075939624008, 5.354509061750105, 22.0, 0.0
6, 0 ,1.0,1.0,1.0,138.16068837820723,208.57313818062312,192.46794969420554,13.869262791517981,14.372449688767098,14.748759375979605,71.0,78.0,70.0,-0.11585960201254489,0.6093998651248537,0.7843521893940912,15.090806342263159,0.6437539175152415,-0.5552943753656243,0.5265254508293786,14.487637783023317,-0.7564108977964783,-0.5659328238166705,0.32796736517771863,13.372568151821028,72.76824460376776,73.85644918361959,65.63236650850692,23.89068540044955,6.759054272867039,124757.0,352734.86357817135, 0.0, 2.8421709430404007E-14,0.0,52.453878054266156, 197.51047748979656,197.51047748979656,0.0, 192.35645038018515, -14.558339019910404, 6.0855343786745175, -14.558339019910404, 206.56731005614145, 14.293708513471742, 6.0855343786745175, 14.293708513471742, 217.52590313054628, 7.030670341682276, 5.100866108494695, 35.0, 0.0
7, 0 ,1.0,1.0,1.0,208.30449452243096,52.52888740783938,100.16113355826772,15.397566388275342,16.30749424174416,13.990742716437705,81.0,80.0,74.0,-0.1561043057678067,0.9802650451225301,-0.12129256791607984,16.36387145263149,-0.9876929575327843,-0.15612117002538353,0.009423476537187494,15.372783934995228,0.009698832965504486,-0.12127086039453594,-0.9925720684455495,13.952115468742555,78.70663036518323,77.2265644747406,73.9954159531406,25.36340735198913,7.447003986873669,144042.0,449762.0942227967, 0.0, 7.105427357601002E-15,0.0,11.401776647564116, 145.60083245905398,145.60083245905398,0.0, 237.08505068134656, -4.764172961412907, 0.996616834911751, -4.764172961412907, 265.9343684445189, -8.754554065729979, 0.996616834911751, -8.754554065729979, 195.74088175755466, 5.999397182848068, 4.817073349357746, 41.0, 0.0
8, 0 ,1.0,1.0,1.0,286.458050310845,77.23375259037532,31.1399378309924,7.902462145739215,15.046926633150697,14.462487923532755,34.0,81.0,65.0,0.1325336997134346,0.9587246173523144,-0.25155899213291455,15.169203743499498,-0.05126443602738336,0.2600884760933287,0.9642229732806854,14.452236414529212,0.9898518960122591,-0.1148960081382666,0.08361896480361311,7.684437937373716,79.77723320095241,71.00712580947066,35.61904931570126,21.20573100600425,6.952656938719568,69488.0,201773.08208275874, 0.0, 0.0,-3.552713678800501E-15,75.43021550076762, 84.36902671415017,84.36902671415017,0.0, 62.44890796484124, 19.73716165095566, -13.108437157818628, 19.73716165095566, 226.41000110341977, -3.682635997421277, -13.108437157818628, -3.682635997421277, 209.1635569383308, 6.611812045482904, 5.0825636817438244, 22.0, 0.0
9, 0 ,1.0,1.0,1.0,150.06922800784236,60.92767923712042,174.66460176176582,14.40638064598168,12.736127111054968,13.684825281043066,69.0,64.0,68.0,0.889125254831971,0.12852798260118056,0.4392457614006685,14.666521071189733,-0.43792669912071897,-0.039883564253259854,0.898125552191723,13.439911159834345,-0.13295295189356915,0.9909035568565323,-0.020824350934893265,12.699965659900352,73.1773138364778,65.20704990341235,66.2354746378844,22.724121105438954,6.3750686320937255,108641.0,316054.27469478606, 0.0, 7.105427357601002E-15,0.0,82.61546166053574, 204.6958244296218,204.6958244296218,0.0, 207.5438033169155, 6.487982662692877, 13.410715385073422, 6.487982662692877, 162.20893378894937, 2.3454568352850913, 13.410715385073422, 2.3454568352850913, 187.27444297267544, 6.827234269357626, 5.046675882555472, 31.0, 0.0
10, 0 ,1.0,1.0,1.0,138.72889334773885,103.33480475382004,286.0691001697793,13.64887727155942,14.762783126217897,7.800261232658733,70.0,70.0,32.0,0.4923380697131073,0.8676957118726091,0.06861032509074358,15.29917668027835,0.8702774201870188,-0.4920792930006477,-0.02179865391738637,13.078192073378355,-0.014847121734486483,-0.07044232391019507,0.9974053548975624,7.744144672008952,69.41055557986891,69.37411679163577,33.67076890226684,20.526059013894795,6.6148766475013625,64790.0,162134.71845409475, 0.0, -1.4210854715202004E-14,0.0,29.808039463387416, 173.54497311382445,173.54497311382445,0.0, 186.29185077409133, 26.808393972848492, 3.7737265701832485, 26.808393972848492, 217.93976563174385, 11.555642523802101, 3.7737265701832485, 11.555642523802101, 60.84407529771874, 7.398580997402625, 5.174305178137282, 20.0, 0.0
11, 0 ,1.0,1.0,1.0,57.62352507940405,10.999309530020101,179.51596520031302,12.952756716097088,7.067287821140442,17.327115713536543,64.0,30.0,72.0,-0.10908962501111444,0.06986550872165528,0.9915736303502621,17.409527262886797,0.9939943437178964,-0.0010061385397636283,0.10942683556636242,12.890036289670974,0.008642821979153604,0.9975559124060683,-0.06933616121428668,6.9788772433171475,72.53083963055437,61.82316664170223,31.11384134942302,21.54523830174507,7.331582991724156,65173.0,139517.14616165837, 0.0, 0.0,0.0,NaN, 134.00693300843088,134.00693300843088,0.0, 167.77390654639822, -2.056295419444038, -14.742320866695081, -2.056295419444038, 49.94655714684002, 17.61017934472807, -14.742320866695081, 17.61017934472807, 300.22893895028494, 8.520073311131398, 5.243012543062975, 19.0, 0.0
12, 0 ,1.0,1.0,1.0,157.37821381612218,111.38574896328512,158.14788105593203,13.886971333536211,13.900768453999099,12.620124866433002,65.0,70.0,62.0,0.8482546414244724,-0.049504115984062395,0.5272697656821184,14.685020489500241,-0.09338703960543224,0.9660373720754732,0.2409370386371657,14.048851637275568,0.5212896739199548,0.253616123805546,-0.8148226418124845,11.503339905057626,69.38353264649209,69.52958091757091,64.06304639063798,22.42166883903386,6.528066677604003,98870.0,309053.4575382128, 0.0, 0.0,0.0,NaN, 229.93430064980245,229.93430064980245,2.6973983046972182E-6, 192.84797281845647, -9.36682205657008, 35.803460461155844, -9.36682205657008, 193.23136361169648, 12.964225390996809, 35.803460461155844, 12.964225390996809, 159.26755164436062, 6.034992866710174, 4.732890694319357, 34.0, 0.0
13, 0 ,1.0,1.0,1.0,260.3866045506718,75.9481466477618,287.1575349402471,15.797971703828088,13.053384094271221,7.006183219728228,72.0,65.0,30.0,-0.9540720288706555,-0.2994149176751714,-0.009862596017347718,16.068565861940783,-0.29943708136600866,0.9521013336979742,0.061971644108782115,12.736741370446628,-0.00916504389718492,0.0620786391934426,-0.9980291801977803,6.973518479128863,77.06694117757462,67.86468558530179,31.699484059231054,20.4807225197664,7.042254940305567,59244.0,165792.22387151446, 0.0, 0.0,0.0,NaN, 86.61565093599287,86.61565093599287,NaN, 249.57590995495292, 27.480954175607067, -0.13596617837113462, 27.480954175607067, 170.3908363125729, 7.321314349747457, -0.13596617837113462, 7.321314349747457, 49.08660330840139, 6.689325375185016, 4.967299504752165, 21.0, 0.0
14, 0 ,1.0,1.0,1.0,131.28350526542016,17.915796260477112,163.09677627337203,14.640139717855554,10.915546391004256,13.928160078216903,70.0,46.0,68.0,-0.933680244514068,-0.15542236163557296,0.32262221018983095,14.746009294027552,-0.3499965607002714,0.20538825920451118,-0.913957367976713,14.03354701767633,0.07578659843357188,-0.9662606027798927,-0.24616425210275114,10.634437227237447,70.7479747938624,69.81204183229909,53.12104013321189,22.019758897223074,6.527381193486634,93060.0,262368.03507060045, 0.0, 0.0,0.0,NaN, 190.5225109459921,190.5225109459921,0.0, 214.3336909583317, 9.115726920909475, -4.612156118852092, 9.115726920909475, 119.14915301416605, -20.972412004318254, -4.612156118852092, -20.972412004318254, 193.99364316443507, 6.482991430161462, 4.970319457616783, 27.0, 0.0
15, 0 ,1.0,1.0,1.0,27.387731294531488,197.17067786571906,140.82151510256824,13.327374734032242,14.556947334156067,13.553284581898485,60.0,72.0,73.0,0.34547080428568033,-0.8371974616896236,0.42396973185200015,15.075629873580112,-0.38231046917838774,-0.5381553636192627,-0.7511507902974078,13.269708716062272,-0.8570231201915186,-0.09741260056209652,0.5059863206737146,13.032857340365592,73.51833456216369,66.66526986254843,65.95314903178127,23.016709200217495,6.591377211274992,111438.0,323244.27228725125, 3.552713678800501E-15, 0.0,0.0,69.78946194705861, 176.50681695571998,176.50681695571998,NaN, 177.61891730132095, -15.325478285880767, 10.199177797952595, -15.325478285880767, 211.9047156893934, -17.86244564018439, 10.199177797952595, -17.86244564018439, 183.6915229579272, 6.257066828467319, 4.730002186634311, 29.0, 0.0
16, 0 ,1.0,1.0,1.0,286.0788947257144,144.21102021565534,132.78919121115032,8.269132732334366,13.599674420767133,13.779319842322986,39.0,71.0,76.0,0.04794103645767182,0.6582475211679939,0.7512734907472478,14.133790380989327,-0.1644536723771753,-0.7366724317226561,0.6559487159690833,13.35793042051307,-0.9852190856175217,0.15499654581964173,-0.07293438228267139,8.062321015678588,68.4309818409136,68.17118889704018,40.547769206535065,20.00356921272316,6.561750876456019,61487.0,189156.2106444622, 0.0, 0.0,0.0,NaN, 196.5288396806162,196.5288396806162,0.0, 68.37855614496361, 17.99499635587784, -7.382672216326721, 17.99499635587784, 184.95114435086788, 11.830374616346894, -7.382672216326721, 11.830374616346894, 189.86965531703595, 6.614995186178672, 4.895694026702448, 24.0, 0.0
17, 0 ,1.0,1.0,1.0,25.712432886991397,141.71977488841452,90.0774521853505,13.464805083645878,12.189672636748938,13.365775583783257,59.0,65.0,62.0,0.7982568565857449,0.3597781434064886,0.4830586697708932,13.984168357340227,-0.42306132341537095,-0.23594644478728222,0.8748419239052709,13.174001154789307,-0.42872497891291533,0.9027120043065904,0.03613764985300376,11.807700064572806,69.83622035414339,65.04086586054731,63.49154360090171,21.692124346423817,6.163180447384664,92754.0,288391.81253093574, 0.0, 0.0,0.0,NaN, 169.88105012506554,169.88105012506554,0.0, 181.30097594057588, 19.52886727902636, 9.013151800891244, 19.52886727902636, 148.5881189911058, 2.7104614054556233, 9.013151800891244, 2.7104614054556233, 178.64395695605666, 6.344196705189113, 4.587162270949874, 26.0, 0.0
18, 0 ,1.0,1.0,1.0,286.1742515752016,160.57020665339036,63.582073716169894,8.07921149974965,13.504760762027377,13.546142372887912,33.0,66.0,64.0,-0.04377370626652016,-0.6944407938305168,0.7182171304722089,13.89877429500817,-0.04712422318320683,-0.716670765731593,-0.6958177355709405,13.160066279499524,-0.997929441508302,0.06430394552229234,0.001353647367055764,8.049032457347293,70.26754516727259,67.0193985850211,34.21775048021985,19.78729597525602,6.29389488881541,61262.0,161141.26284119775, 0.0, 0.0,7.105427357601002E-15,44.09252107240992, 153.86519648781055,153.86519648781055,0.0, 65.273658457687, 7.563759654844073, -0.4819894374997356, 7.563759654844073, 182.37856323959426, -9.978926562195987, -0.4819894374997356, -9.978926562195987, 183.49797318654936, 7.0500973470871235, 4.88544959923621, 19.0, 0.0
19, 0 ,1.0,1.0,1.0,120.0746076244654,110.56007898667868,90.72525527430477,13.789952202052639,13.068077898850268,12.80656935740164,66.0,67.0,66.0,0.7328613117911512,0.5776084296476879,0.3595591741002938,14.555067467724484,-0.6336171330401388,0.3868698561376554,0.6699709270782017,12.963625934527569,-0.2478782491420906,0.7188186255321728,-0.6495045474746806,12.043258448230967,70.90938621065754,61.40639010832238,57.78163130586263,22.034048816459705,6.280633181862278,97738.0,251597.9465584528, 1.4210854715202004E-14, 0.0,0.0,42.873192659835766, 186.74183892823194,186.74183892823194,0.0, 190.16278173489644, 22.639361395047647, 7.8346747277391735, 22.639361395047647, 170.7746599704188, 19.84080706612873, 7.8346747277391735, 19.84080706612873, 164.00821870593865, 5.7977652717114525, 4.565879352678181, 31.0, 0.0
20, 0 ,1.0,1.0,1.0,232.85245440067575,53.095554010892805,27.450098105637334,14.710390789970022,12.600812110103139,14.67583499447018,75.0,65.0,63.0,0.6979919538456034,-0.17117573867010283,0.6953460281453704,15.65676667824241,0.7126103582363437,0.07021103661804683,-0.6980378841232687,13.76291097681928,-0.07066618499018801,-0.9827356088123419,-0.17098834308562844,12.490161505757156,78.13694958573916,67.92297892895297,61.118936091377215,23.342664576158636,6.758417440316922,113653.0,324376.1860467534, 2.8421709430404007E-14, 0.0,3.552713678800501E-15,36.133943427122254, 89.89682208924894,89.89682208924894,0.0, 216.39559719363487, -8.977428266665552, 26.638097499699988, -8.977428266665552, 158.7804658341219, -12.246443696402364, 26.638097499699988, -12.246443696402364, 215.3801327849155, 6.396293158238151, 4.622191801787101, 25.0, 0.0
21, 0 ,1.0,1.0,1.0,288.48702467343975,210.17863570391873,280.94685050798256,6.618171536429446,11.97146665256975,10.563166394372097,26.0,53.0,42.0,0.021371370344444612,0.9841703818746182,-0.17593158889286853,12.015408749409984,0.07430675493404726,-0.1770486844585653,-0.9813930249918547,10.533073321292902,-0.9970064045435074,0.007900808329535434,-0.07691428038386566,6.586426312292299,51.87436867460903,47.605289653907505,26.839330877319583,16.46258190998302,5.26118707436591,34450.0,66279.57586185017, 0.0, 0.0,0.0,NaN, 92.53890311887477,92.53890311887477,0.0, 43.8001944856049, 1.2352351280015172, -5.306799936805044, 1.2352351280015172, 143.3160138135896, -5.746267576955602, -5.306799936805044, -5.746267576955602, 111.580484275192, 7.524234729404028, 5.149915016765936, 11.0, 0.0
22, 0 ,1.0,1.0,1.0,193.2947177913022,64.50428502989762,285.5179297006689,13.99906130331966,12.60767089132386,8.032720254581196,68.0,68.0,35.0,-0.9307800469470314,-0.36201104192785366,0.05095595870545255,14.224391510651204,0.3655615001511138,-0.9202581782109089,0.13960542626705172,12.440177261385202,-0.0036460680944474825,0.14856948192091013,0.9888952498769537,7.896857173801761,67.93594534012738,68.32725251385872,37.35029433601841,19.460724415972816,6.382153443148655,56359.0,173375.45324848822, 0.0, 0.0,0.0,NaN, 125.5250986799488,125.5250986799488,0.0, 195.97371737410197, 16.080676123660798, -1.9232919733867755, 16.080676123660798, 158.95336530393496, -14.452635426864857, -1.9232919733867755, -14.452635426864857, 64.524594688359, 5.918613837779686, 4.499314170654871, 22.0, 0.0
23, 0 ,1.0,1.0,1.0,129.37267142290924,141.44439725949832,15.425853575675216,13.842505781185446,12.834703359802994,9.32630953586524,68.0,55.0,38.0,-0.9920245095607516,-0.12442812071584058,0.020124989586947546,13.861137608307601,0.12154971489481625,-0.9866322779602708,-0.10854683273092894,12.852603569796862,0.033362242726462946,-0.10523493175771806,0.9938876042582525,9.273838033752112,68.33601986153029,56.820611399388014,39.67472716186567,20.195748398339006,5.954525407276792,70644.0,154052.7770741749, 0.0, 0.0,0.0,NaN, 192.3064288726224,192.3064288726224,0.0, 191.6149663021525, 3.603580677045294, -3.163530477985471, 3.603580677045294, 164.72961033413827, 8.214664413754198, -3.163530477985471, 8.214664413754198, 86.98004955877092, 6.727181832909831, 4.698722486237563, 17.0, 0.0
24, 0 ,1.0,1.0,1.0,72.91523197037185,217.61293228567138,129.33259096141333,12.819914836415503,11.643907095932796,12.55144514287996,60.0,54.0,62.0,-0.6944427106797669,-0.39262631116557994,-0.6029874802715613,13.25581516884123,0.7051525959641869,-0.2045594494000643,-0.6789073928497984,12.444753669354046,0.14321011831817493,-0.8966604772385424,0.41891628109879264,11.264148186392221,66.75493889649698,64.21597671526665,60.95521096460902,20.57862386775369,5.830077508577289,79924.0,261298.75104719336, 0.0, 0.0,0.0,NaN, 169.79746483575886,169.79746483575886,NaN, 164.35021641294634, 9.277784097835182, 7.049275608873895, 9.277784097835182, 135.58057245871413, 15.449052024201512, 7.049275608873895, 15.449052024201512, 157.53877517472495, 6.206138416486, 4.505911459754775, 25.0, 0.0
25, 0 ,1.0,1.0,1.0,270.0416558749892,10.032159198825866,176.2788353621687,13.141725419242235,6.291005658640586,13.470970132185998,62.0,26.0,59.0,0.6560845318590338,0.032784646025306396,0.7539749691072696,14.407951185116987,-0.7520817351946115,-0.05454525492185489,0.6568088601352546,12.127877154483423,-0.06265900288047287,0.997972936582203,0.011129564570083267,6.250941838403049,65.7123568361418,65.55878331929549,28.029065806252994,18.830182998527732,6.258829262412193,46332.0,120749.83670771345, 0.0, 0.0,0.0,NaN, 127.69131990955576,127.69131990955576,0.0, 172.7049469947575, 8.055554103994345, 30.00474505203767, 8.055554103994345, 39.57675219704787, 0.2958977663465299, 30.00474505203767, 0.2958977663465299, 181.46703630224724, 6.237852352717236, 4.564240336200312, 15.0, 0.0
26, 0 ,1.0,1.0,1.0,121.9488889412541,231.33166811980112,239.60277587953908,13.595941146837848,12.317857660473468,11.905523885933716,62.0,62.0,54.0,-0.8715309589382328,-0.3807850905342279,-0.30892798908328883,13.900809585293779,-0.49008727621392006,0.6967022014666712,0.52385160509892,12.585688393341918,0.015755929214906282,0.6079545684492669,-0.7938154655814161,11.255606271969754,69.56843795176394,64.25444442441409,55.850407526198694,21.037784086523143,5.9776561242107045,84874.0,249655.86395937786, 1.4210854715202004E-14, 0.0,0.0,29.362962878810123, 152.42931476154004,152.42931476154004,0.0, 184.8496156682785, 11.256118202319868, 9.775052922749433, 11.256118202319868, 151.72961734368488, 19.401369783337437, 9.775052922749433, 19.401369783337437, 141.74149899853828, 5.933138183696538, 4.393142403797492, 23.0, 0.0
27, 0 ,1.0,1.0,1.0,86.59039682960919,164.8664083647365,14.060117120464236,11.780452497427676,12.69737072318044,8.925664864235594,50.0,58.0,37.0,-0.12768479796902366,0.9899037538027505,0.06153982917454693,12.730311235020526,-0.9821489991661889,-0.11755542043501123,-0.14684708564762491,11.81470848544948,-0.13813014082546532,-0.07919142209589632,0.9872430211766335,8.832984595143225,57.059942247706275,52.414324386890655,39.58884764439937,18.687056498662972,5.519392811758189,56523.0,118400.67556942582, 0.0, 0.0,0.0,NaN, 161.1107423631228,161.1107423631228,0.0, 138.77906104414996, -3.514001619510997, 8.2190052115597, -3.514001619510997, 161.22322328187974, 6.182331871567759, 8.2190052115597, 6.182331871567759, 79.66749326864982, 7.030889829524988, 4.821178172501696, 11.0, 0.0
28, 0 ,1.0,1.0,1.0,273.9428203549236,220.21116273862174,197.45595924536752,13.58158957836137,11.563184358131112,13.687216805737828,59.0,60.0,67.0,-0.6928623914613293,-0.06518348927457035,0.7181175525110636,14.770249057868511,-0.6946236170769294,-0.2069071683500958,-0.6889756557994695,12.448736658641865,-0.19349350660280987,0.9761867323475246,-0.09808020437994187,11.50545132686131,72.67919386559387,66.39017325295731,61.947287655988646,21.566489538896203,6.355567703291443,89315.0,298907.0781292704, 0.0, 0.0,0.0,NaN, 132.51609508609215,132.51609508609215,0.0, 184.45957547505418, 7.121820613627448, -31.869030018853447, 7.121820613627448, 133.70723250012801, -0.7944398070605267, -31.869030018853447, -0.7944398070605267, 187.33990388727202, 5.759743522502925, 4.225630053323383, 29.0, 0.0
29, 0 ,1.0,1.0,1.0,27.810638320024154,271.0152109860592,232.85136753115597,13.527982796533216,12.493621846931378,13.043293246048929,62.0,59.0,67.0,-0.983992569989707,0.05712346615487842,-0.16880619603410382,13.550877033098779,0.13424413791968495,-0.3853844811283888,-0.912938833186322,13.133313593149712,-0.11720551880885316,-0.9209862709725127,0.37154697555072713,12.373932673070037,64.230242278593,65.75981266498479,60.61461327972833,21.743813445610105,6.035808226110012,96049.0,256022.10631332782, 0.0, 0.0,0.0,NaN, 78.24633180147012,78.24633180147012,9.5367431640625E-7, 183.00631854329865, -2.7171583523571616, 2.694288047316127, -2.7171583523571616, 156.090586854121, 6.520673323376476, 2.694288047316127, 6.520673323376476, 170.1274987024256, 6.63935743047117, 4.642067382824538, 21.0, 0.0
30, 0 ,1.0,1.0,1.0,88.65931494573334,216.45759484217862,276.6508388927611,12.275764688780288,13.038138247459253,11.804212815786277,58.0,65.0,52.0,0.21846167111676226,0.9586681427814583,0.18229067521083198,13.112042210420656,0.9418660883225056,-0.2560086077678709,0.21759564429652156,12.268457401883751,-0.2552699941648713,-0.12415709711774797,0.9588650819142182,11.729713973701513,67.52337807513297,61.4869731275159,59.74695603267554,20.624399100023453,5.887363554039579,80344.0,248057.8979894968, 0.0, 0.0,0.0,NaN, 124.03624837365935,124.03624837365935,0.0, 150.69439869430502, 4.074309046352156, 4.017235414874284, 4.074309046352156, 169.99304895985986, 5.280816341078726, 4.017235414874284, 5.280816341078726, 139.339440200373, 5.651609826295897, 4.305638308858713, 21.0, 0.0
31, 0 ,1.0,1.0,1.0,261.0629203936655,256.24479006867904,221.2187817139081,11.773894178706797,13.12770079734707,12.791047142835353,57.0,65.0,63.0,-0.04767010636254186,-0.756968280626638,0.6517105055809174,14.187604300644825,-0.7578340054367388,-0.3976277028829869,-0.5172811905566526,12.198665026565472,0.65070360469502,-0.5185472322027664,-0.5547013492067215,11.156901682109684,68.3140446446655,60.38080260568353,57.87420921918833,20.959264209121216,5.939801611044578,84742.0,238722.82804009866, 0.0, 0.0,0.0,NaN, 98.16870641423804,98.16870641423804,0.0, 138.6245841313858, 10.103523392813422, 7.151748317262299, 10.103523392813422, 172.3365282246669, -32.8885252634263, 7.151748317262299, -32.8885252634263, 163.61088701023647, 5.713172206919654, 4.328108120647621, 22.0, 0.0
32, 0 ,1.0,1.0,1.0,122.64461044603205,275.26479532728325,231.85770660359142,13.131365921425225,11.812892642168599,12.515457337299308,65.0,48.0,63.0,0.8466688454403013,-0.15444413124690834,0.5092139790738025,13.57742844328506,-0.37974094072493453,0.49499096107273777,0.78152464221778,12.228301080155498,0.3727582113087901,0.8550619619534449,-0.360444665825694,11.607582240073492,67.50066163656237,62.027172414048664,57.676512093715644,20.826112182651475,5.906515661105317,82864.0,241484.35680380912, 0.0, 0.0,0.0,NaN, 142.46719963199376,142.46719963199376,0.0, 172.43277096236775, -9.268295549416344, 16.997967775743348, -9.268295549416344, 139.544432575401, 1.8219275162192625, 16.997967775743348, 1.8219275162192625, 156.63667236175908, 5.87675392557224, 4.350035742550406, 17.0, 0.0
33, 0 ,1.0,1.0,1.0,191.76580476136235,221.81376010935188,26.554087405551126,14.039054210016257,10.680430283673351,12.829997933133912,70.0,52.0,59.0,-0.9783738516898269,-0.18108784098334463,-0.09995899247993352,14.136034367923184,0.14130272292117105,-0.23221783086007133,-0.9623452704334892,12.967213295666816,0.15105676689468509,-0.9556579267073726,0.2527840586284875,10.382648641554761,71.50236421047791,64.98596301673756,54.39232581940041,20.915686900643184,6.189468684340578,79011.0,252742.10056155917, 0.0, 0.0,-3.552713678800501E-15,84.26319091230964, 136.13540570011594,136.13540570011594,0.0, 197.09504311177517, 14.324522117976553, 0.7936848458102939, 14.324522117976553, 114.07159104440683, 15.152300264174373, 0.7936848458102939, 15.152300264174373, 164.60884696422048, 6.04494730566822, 4.393851463506814, 23.0, 0.0
34, 0 ,1.0,1.0,1.0,9.958404018594814,79.5191566238516,30.730507391658772,6.550746505304129,11.833439260143573,14.380813861506928,28.0,65.0,62.0,0.04534676867801697,-0.16338109377586374,0.9855203137262393,14.46058524252342,-0.04794749306032233,-0.9857541265839374,-0.1612136465438617,11.759806615697789,-0.9978199779918683,0.03994271046563167,0.05253447821160857,6.507595149106598,64.83202018745487,64.23939788352814,28.630164553813795,18.723444534744587,6.259632303409706,45389.0,119238.04872285422, 0.0, 1.4210854715202004E-14,0.0,80.59679818773917, 85.83024038947462,85.83024038947462,0.0, 42.91227977675426, 3.2992612242136197, 8.194148316892877, 3.2992612242136197, 140.03028472350726, -11.603707421997738, 8.194148316892877, -11.603707421997738, 206.80780731930977, 5.654140832485148, 4.409763506529397, 15.0, 0.0
35, 0 ,1.0,1.0,1.0,57.16381299332119,238.08463873709775,59.30816973622074,11.935090671918932,11.714782706575281,12.458806117418842,63.0,60.0,62.0,-0.6029131296509775,0.29081800470560376,0.74291361963119,13.273090756329893,0.16871708132214955,-0.8636570098872394,0.4750064375803441,11.668446382641752,-0.7797629797346111,-0.4117298354645743,-0.47164418582625944,11.07144046049471,63.15712482526238,64.52916853918683,56.11736173998699,20.064700208722503,5.684380231368832,74115.0,228705.00317171615, 0.0, 0.0,0.0,NaN, 103.04694305854717,103.04694305854717,0.0, 142.4463893469263, -11.375977857479688, -22.919280695776116, -11.375977857479688, 137.23613386227527, 6.010630118662894, -22.919280695776116, 6.010630118662894, 155.22184987143316, 5.699623380906105, 4.287642472479615, 22.0, 0.0
36, 0 ,1.0,1.0,1.0,11.192542170026554,112.03960803381082,175.81293712832405,7.204379594835153,13.39216622263376,14.362692631816351,31.0,70.0,70.0,0.07025167430863388,0.46443746407396314,0.882815124599358,14.763589368566493,0.04514635710414154,-0.8855751780143948,0.46229688569684174,12.989942404259311,-0.9965071543632081,-0.007378756624229551,0.08318079858730275,7.130074782745111,75.08544679858696,68.78314891142297,33.01954324112896,19.76068489088224,6.85969924707848,53474.0,170533.17773786923, 0.0, 0.0,0.0,NaN, 167.63225630316913,167.63225630316913,0.0, 51.90308534647713, 0.7391666171201333, 12.825709678100985, 0.7391666171201333, 179.35011613465258, 20.255211863002703, 12.825709678100985, 20.255211863002703, 206.28693963603172, 7.569015750891876, 4.695334055824456, 19.0, 0.0
37, 0 ,1.0,1.0,1.0,89.51478677192463,18.719488414002715,218.0655082910822,12.954083897713874,10.903513302066845,12.39397028681033,62.0,44.0,58.0,-0.8172346079016582,0.07662282249286467,0.5711887067520239,13.553596819775716,-0.5087371320328229,0.36974300476047817,-0.7774809585589292,11.908779500081668,0.27076581419898793,0.9259692508414737,0.26318590455653035,10.713840370898575,66.68116481264786,61.153796497658334,53.80348394867647,20.164337520485027,5.805590735469539,74357.0,219400.19028320778, 0.0, 0.0,0.0,NaN, 122.7867143827207,122.7867143827207,0.0, 167.80828962900986, -9.400185288691153, -21.476223171538045, -9.400185288691153, 118.88660232834863, -4.754947457060017, -21.476223171538045, -4.754947457060017, 153.61049947033734, 6.186556630209805, 4.6040438412174165, 21.0, 0.0
38, 0 ,1.0,1.0,1.0,129.38806627344965,62.97588473826493,248.62453919882034,12.767468742633207,13.484446759923458,13.529642806780288,61.0,60.0,59.0,-0.6056239080737972,-0.7822835968051488,0.145780849699197,14.615809637739499,0.17003216566615226,0.05175141347518425,0.9840786827496055,13.525249743155342,-0.7773729765101811,0.6207690112859369,0.10167148085270239,11.460171247107317,69.65294873453523,62.124975329265396,55.44568106305463,22.088399846629493,6.323953605896939,97656.0,239923.870319761, 0.0, 0.0,0.0,NaN, 152.79617706305146,152.79617706305146,0.0, 163.00825809411597, 39.438804539137024, 1.36851640434071, 39.438804539137024, 181.83030442121026, -6.756402168701014, 1.36851640434071, -6.756402168701014, 183.0512344790616, 6.123792524099718, 4.362501490241083, 28.0, 0.0
39, 0 ,1.0,1.0,1.0,201.6122837733735,184.29653337068422,86.57201484697808,12.29939706281725,12.646106735887301,11.25116329437945,65.0,59.0,57.0,-0.753781807105023,0.363895457617401,0.5471682403090561,13.153578803236233,0.3696338097923016,0.9232486106420409,-0.10479909162759667,12.603673763061684,0.5433082310584989,-0.12325623259277149,0.8304360705021923,10.291677778790413,58.94671537576198,58.157671501938836,53.20820273162974,20.090338394553765,5.845182833186974,71395.0,182408.55795070308, 2.8421709430404007E-14, 0.0,0.0,41.08095968660592, 174.82033248165894,174.82033248165894,NaN, 151.27516810883762, -0.34038321683707506, -29.724785447451733, -0.34038321683707506, 159.92401557545415, 8.238362261707774, -29.724785447451733, 8.238362261707774, 126.58867547679144, 5.613060432289719, 4.210568621568301, 24.0, 0.0
40, 0 ,1.0,1.0,1.0,71.2396069221952,259.5962984707428,137.3531829237608,12.011182257698152,11.403671006750884,12.200821821586445,67.0,51.0,62.0,0.12320968290208262,0.3710457401181715,-0.920404494110783,12.37879574947382,-0.9622866503083787,0.27134281050265974,-0.019428891548356666,12.057081192052788,-0.24253613478706293,-0.8880867851334553,-0.390484424009301,11.160845563890282,60.79678134116014,65.62337472972919,55.57478637688479,19.796216731931693,5.593037446894385,71538.0,221726.16747666048, 0.0, 0.0,0.0,NaN, 159.91697080354632,159.91697080354632,0.0, 144.26849922764288, -4.122664207651864, -2.862225789037786, -4.122664207651864, 130.04371243021072, -9.900892912323174, -2.862225789037786, -9.900892912323174, 148.86005312209997, 5.776532266535098, 4.399591951395878, 23.0, 0.0
41, 0 ,1.0,1.0,1.0,191.14369600431965,245.64851061915047,87.02708783297336,12.586330940680712,13.096222335025052,12.677899288138475,62.0,62.0,63.0,0.5792999507592023,0.4340363314044405,-0.6899449471308281,13.455780025611999,0.4039038371757204,-0.8880670093742651,-0.2195419713307196,13.044691502759566,0.708006537657044,0.15149075840467693,0.6897661145293096,11.808213406654758,67.69348875961697,63.769767028618475,62.86995691963003,21.316017048086817,6.0235631948701265,88896.0,271396.90476573876, 0.0, 0.0,0.0,NaN, 149.5910870814322,149.5910870814322,0.0, 158.41572654833664, -0.5568312932981528, -19.36149005555257, -0.5568312932981528, 171.51103944840904, -6.473425278649323, -19.36149005555257, -6.473425278649323, 160.72913036018204, 6.05103730685376, 4.393907065600717, 31.0, 0.0
42, 0 ,1.0,1.0,1.0,68.09609294961349,44.17403604358759,171.04923395734377,12.40878371931563,12.634794930118312,13.204099525049717,59.0,59.0,61.0,0.3391627431551366,-0.2029569287447675,-0.9185734149919506,13.281396152276404,-0.5079527293493524,0.7823604167840273,-0.36041115825688114,12.926990745121534,-0.791803421564991,-0.5888299103510404,-0.16225497919620002,12.019219072308898,67.79180132512803,66.92682896133164,63.20000633235347,21.21198347056872,6.165708218100983,85896.0,286744.13520176033, 0.0, 0.0,0.0,NaN, 152.3703494724956,152.3703494724956,0.0, 153.97791339275267, -11.19753531600769, -5.803115128573304, -11.19753531600769, 159.6380429261434, -0.43191764958013856, -5.803115128573304, -0.43191764958013856, 174.34824426741818, 5.591802892321213, 4.1262209475786475, 25.0, 0.0
43, 0 ,1.0,1.0,1.0,111.39129208079513,171.49446617505612,171.23619108688683,12.818567352170914,10.78907535416311,13.124999491596434,59.0,52.0,61.0,-0.6106529021910694,0.1309960509758057,0.7809885195535001,13.491655804509861,0.7616805621347242,-0.17267869973791217,0.6245196457461959,12.530302382189799,-0.21666968941629625,-0.9762285087445297,-0.005669603396855609,10.674838334976435,63.71575222806119,65.87287174272663,50.70232679526217,20.470183380308487,5.827265224005791,77975.0,212804.7423121551, 0.0, 0.0,0.0,NaN, 213.31153428934763,213.31153428934763,0.0, 164.31566896214207, -11.108363673833088, -11.983487351740914, -11.108363673833088, 116.40414699780983, 2.321018486104077, -11.983487351740914, 2.321018486104077, 172.26561165440665, 5.785756037953038, 4.289274185179125, 24.0, 0.0
44, 0 ,1.0,1.0,1.0,221.51050332295395,191.9442882372078,233.50303248594136,12.226745350498149,13.20018464045778,12.537646154258445,59.0,65.0,62.0,-0.33014673130690936,-0.8523631717555622,0.40556153570347536,13.82019312937732,-0.6562108648304635,-0.10159443843789734,-0.7477070756365382,12.70579775280205,0.6785207710054415,-0.512986933082399,-0.5257889023181215,11.335594948175387,70.15217213688524,69.09112323664067,54.00996442332095,21.095372685830927,5.9929958070563885,86068.0,261780.48449045868, 0.0, 0.0,0.0,NaN, 149.1927767076725,149.1927767076725,0.0, 149.49330186592812, 19.78450601191583, 7.794206425532267, 19.78450601191583, 174.24487454217748, -19.103719840473847, 7.794206425532267, -19.103719840473847, 157.19257108939158, 5.593003929739962, 4.234127714986406, 31.0, 0.0
45, 0 ,1.0,1.0,1.0,235.34793577300923,161.03197993648533,16.72201941056006,12.79950845315576,12.417753689869114,10.379281377063526,61.0,61.0,43.0,0.9685091109068905,0.19938989678442742,-0.14910992975198392,12.853850280160728,0.2163617152260557,-0.9703457995958306,0.10778050561752027,12.437616083340224,0.12319785012241619,0.1366480818270955,0.9829290877058176,10.287941698297585,64.59613498684936,63.191462498012015,46.28898336549554,19.769635452380893,5.909231703770955,67386.0,188948.1233157661, 0.0, 0.0,0.0,NaN, 154.18049793132562,154.18049793132562,0.0, 163.82741664240572, 1.2104917699398337, -7.4360618986138975, 1.2104917699398337, 154.200606702258, -6.874631998186002, -7.4360618986138975, -6.874631998186002, 107.72948190425771, 5.711834238051529, 4.345037377591547, 21.0, 0.0
46, 0 ,1.0,1.0,1.0,24.51071225071225,60.24469515669516,105.9388717948718,11.256098533397726,13.951158558878886,13.539712238523476,52.0,73.0,71.0,0.21788826012382634,0.9211581180192427,-0.32247856937703606,14.143553150399574,-0.016299997326729765,-0.32693655644672387,-0.9449057086005495,13.475543293382977,-0.9758375972401148,0.21114026064681812,-0.056220762593842705,11.091799856675381,80.21001903601335,69.54008101213745,57.29015274021696,21.536279296980567,6.391170540133812,87750.0,319553.6568501225, 0.0, -7.105427357601002E-15,-1.4210854715202004E-14,84.09386031441551, 124.3110729851956,124.3110729851956,1.3486991523486091E-6, 126.69975419355843, 15.76913944789334, -4.5092255212216985, 15.76913944789334, 194.63482513497956, -4.785429688655184, -4.5092255212216985, -4.785429688655184, 183.32380750202242, 5.470551490316703, 4.066766201447742, 25.0, 0.0
47, 0 ,1.0,1.0,1.0,112.8877957741785,212.08506298740252,151.2004399120176,11.31319038578725,12.938520849640765,11.653773654272614,53.0,61.0,55.0,-0.051654964511311977,0.9187667650544024,0.3914069443339051,13.21557186507345,0.6361496870184338,-0.2718530418079199,0.7220869056880415,11.422229164830451,-0.7698346188290602,-0.2862927786222541,0.5704306308054161,11.228774646053417,62.63314440497925,53.15680825195662,57.1330121194447,20.006837657670516,5.561518300464084,75015.0,190217.39632960872, 0.0, 0.0,2.8421709430404007E-14,66.95792804956508, 206.43158592390532,206.43158592390532,0.0, 127.98827670506905, -3.062694458908621, 1.0309551788236202, -3.062694458908621, 167.40532177658878, 16.604705631159785, 1.0309551788236202, 16.604705631159785, 135.81044038501847, 6.42348965179886, 4.385182138235899, 16.0, 0.0
48, 0 ,1.0,1.0,1.0,181.65002513826045,10.267772750125692,143.58514328808445,12.841399836977388,6.474286232384476,11.680356781022676,62.0,27.0,57.0,-0.9678792206020413,0.03560150002329289,-0.24888219607452228,12.9230410805034,0.2501963574440639,0.03901729347904709,-0.9674086176643726,11.602922768746595,-0.02473048823836235,-0.998604117759216,-0.04667139322787384,6.451035496575088,63.52084029015447,57.560579712984634,28.50284291701997,17.59571181976252,5.799964834362781,39780.0,104214.84168952017, 0.0, 0.0,0.0,NaN, 186.35674680591083,186.35674680591083,0.0, 164.9015497731229, -3.4126713869469625, 7.691914652003888, -3.4126713869469625, 41.91638221884318, -4.6218186602483184, 7.691914652003888, -4.6218186602483184, 136.43073453198238, 5.497165541213742, 4.239083390801399, 16.0, 0.0
49, 0 ,1.0,1.0,1.0,286.8974708465849,289.01221666919076,245.56060376596497,7.400995669630102,6.698082285512946,10.267922549803282,27.0,25.0,46.0,-0.22515663952522366,0.23073386203802618,0.9466078240679849,10.592124182531183,0.9691096253763302,-0.047331945206462174,0.24204590673242393,7.198845759186233,-0.10065297651166244,-0.9718649967315367,0.21294930487642644,6.407246033314866,50.6061105842366,34.637566620795724,30.828193258338956,13.596359461441905,4.495362731683592,19809.0,54037.893012832996, 0.0, 0.0,2.8421709430404007E-14,18.80736554501967, 57.06185691919927,57.06185691919927,NaN, 54.77473690188352, -4.189872681350558, -12.636044916518957, -4.189872681350558, 44.86430630350233, 15.414676858429853, -12.636044916518957, 15.414676858429853, 105.43023348875874, 8.53008732031919, 4.671308793918659, 8.0, 0.0
