// Sample: .//bubblelabels.tif, Map: .//bubblelabels.tif, Thickness:(8.191250068658265):/gpfs/home/mader/Foam/NewValid/InSilicoTest/LatticeData_Phi_6.65/out_Step_06000.vtk/distmap.tif, Neighbors:(1.0):
//LACUNA_NUMBER, TRIANGLES, SCALE_X, SCALE_Y, SCALE_Z, POS_X, POS_Y, POS_Z , STD_X, STD_Y, STD_Z,PROJ_X, PROJ_Y, PROJ_Z, PCA1_X, PCA1_Y, PCA1_Z, PCA1_S, PCA2_X, PCA2_Y, PCA2_Z, PCA2_S, PCA3_X, PCA3_Y, PCA3_Z, PCA3_S,PROJ_PCA1, PROJ_PCA2, PROJ_PCA3,OBJ_RADIUS, OBJ_RADIUS_STD, VOLUME, VOLUME_BOX, Mask_Grad_X,Mask_Grad_Y,Mask_Grad_Z,Mask_Angle, Mask_Distance_Mean,Mask_Distance_COV, Mask_Distance_STD, SHAPET_XX, SHAPET_XY, SHAPET_XZ, SHAPET_YX, SHAPET_YY, SHAPET_YZ, SHAPET_ZX, SHAPET_ZY, SHAPET_ZZ, Thickness, Thickness_STD, Neighbors, Neighbors_STD
1, 0 ,1.0,1.0,1.0,184.24453744445998,35.54076879215931,21.044722488192704,9.799948197216832,18.28658266364533,13.168684908932041,41.0,81.0,56.0,-0.036053271217706274,-0.9988668696855608,0.031066674734699352,18.301113707379486,0.31478194776632606,0.018153627438537483,0.9489903957212954,13.519692341824708,-0.94847903877468,0.043993436503550046,0.3137707611452468,9.281137239863167,81.42408253038097,65.86181546311536,45.66771022822783,23.295109038609375,7.822419529312657,92951.0,244903.96034983665, 0.0, 0.0,0.0,NaN, 44.20702649219683,44.20702649219683,0.0, 96.03898466813342, 9.511832313307236, 28.590896900984013, 9.511832313307236, 334.3991055143339, -6.0554375517100745, 28.590896900984013, -6.0554375517100745, 173.4142622307345, 10.68404056719784, 7.144507469745119, 9.0, 0.0
2, 0 ,1.0,1.0,1.0,60.405910851417545,82.5299709850379,32.74854590915776,16.582361509152747,18.129920699424513,17.427134748146713,80.0,86.0,70.0,-0.059795527081184005,0.816839073293322,0.573758157486575,18.756378158301047,-0.5811398360039254,-0.49582200678352634,0.6453193229700216,16.951964357036083,-0.8116039588065189,0.2948465124949971,-0.5043456633293513,16.37690282496359,97.07592263792473,87.89377625928604,80.83622232260493,28.988155447963937,8.189054099352237,224367.0,689724.5117376014, 0.0, 0.0,0.0,NaN, 107.38965236811606,107.38965236811606,1.3486991523486091E-6, 274.9747132202306, 1.439329101336729, -10.055825150689678, 1.439329101336729, 328.6940245674215, 33.04760906476386, -10.055825150689678, 33.04760906476386, 303.7050255300626, 10.541730834823289, 6.723200894994356, 19.0, 0.0
3, 0 ,1.0,1.0,1.0,56.44640247797212,148.04810695879672,14.180256722111876,15.990286694789553,19.494908184335802,8.973201216249517,81.0,89.0,36.0,-0.2857034701651798,0.9583179180173166,5.43270218300697E-4,19.80375806104185,0.9541305987200108,0.2844020746024808,0.09354282734661616,15.652602693244255,0.08948926037110805,0.027243861120644534,-0.9956151085180815,8.891920453519107,92.53592234678406,74.6638214284788,39.055999603001645,25.369869550873553,8.522251623614105,114287.0,269841.24374066107, 0.0, 0.0,0.0,NaN, 78.01458340576359,78.01458340576359,0.0, 255.6892685815638, -40.7030048984037, 14.761684728370653, -40.7030048984037, 380.05144511568307, 4.577589301861373, 14.761684728370653, 4.577589301861373, 80.51834006730182, 10.438434593651673, 6.772402010771164, 13.0, 0.0
4, 0 ,1.0,1.0,1.0,167.75330988829128,184.8475486139843,81.04727968556061,17.94905285970724,8.614549768762382,15.773619221622395,73.0,35.0,69.0,0.9723904361272581,0.06749620718563225,-0.22338554506456967,18.095040903218642,-0.22371080517013472,-0.002797505219593332,-0.9746515529227233,15.643058839655463,-0.0664102053781702,0.9977156087684007,0.012379363534879383,8.546942990198625,78.0587964601497,68.97589362664593,36.931262811444896,24.146597075080287,7.8821240361663545,96680.0,198844.3908578216, 0.0, 0.0,0.0,NaN, 88.53308619152293,88.53308619152293,0.0, 322.1684985605647, 16.80308268973456, -17.828282783402614, 16.80308268973456, 74.21046771848401, -3.3674301273739284, -17.828282783402614, -3.3674301273739284, 248.8070633487355, 10.954086067687518, 6.8736444071971015, 14.0, 0.0
5, 0 ,1.0,1.0,1.0,14.552759629644475,112.84975750531083,142.47909735861157,9.247627266739558,17.856519314147626,19.43375121201935,37.0,91.0,100.0,-0.060552750828154804,0.32735870845370735,0.9429579207826104,19.65820835094426,0.036101236848287685,-0.9433551061076882,0.32981486394426707,17.64895706468213,-0.9975119373045954,-0.054013144511980964,-0.04530469241436954,9.171354164549953,94.76193994669993,91.95635190082007,39.49891389245275,26.447555273522713,9.086880559674606,124745.0,344192.04641323636, 0.0, 1.4210854715202004E-14,0.0,70.89146197567169, 105.43055449157717,105.43055449157717,0.0, 85.51861006454496, -13.736399687532263, -14.555474602314264, -13.736399687532263, 318.8552820165272, 22.582510262496765, -14.555474602314264, 22.582510262496765, 377.67068617066354, 11.350839181762739, 6.889947124216237, 16.0, 0.0
6, 0 ,1.0,1.0,1.0,58.477080843818584,145.31480743847482,184.12716636597233,18.741418053913744,19.20206520512905,8.824721169551884,92.0,93.0,39.0,0.6396911970730449,0.7682633025970694,-0.023804837111363313,20.179599132195676,-0.7672851132599663,0.6400965750091538,0.039369145675147106,17.700184198649296,0.045483264580448116,-0.006918998785550482,0.9989411394566302,8.793350938732187,107.25363800431343,98.39861074181297,41.19328385708735,26.673391325216336,9.293328668765215,128037.0,434737.81029101467, 0.0, 0.0,0.0,NaN, 81.62099066465136,81.62099066465136,0.0, 351.240750671564, 46.23121677662099, -12.151665770819443, 46.23121677662099, 368.71930814202767, -0.0866678750143698, -12.151665770819443, -0.0866678750143698, 77.87570372033717, 9.496811249213222, 6.499565482483839, 22.0, 0.0
7, 0 ,1.0,1.0,1.0,185.21068969833522,174.2844285893103,136.01339341594692,9.301206938184981,15.096337661976102,14.804648428239892,39.0,60.0,70.0,-0.03410552452115627,0.7820726116457889,0.622253359420961,15.66396101495436,0.12711133090096258,-0.6141649065431537,0.7788736592846269,14.277058278306052,-0.9913019331937785,-0.10565934735920787,0.07846387424734669,9.186697373646696,73.52143190162383,75.18442482414525,44.39266819238418,22.002074958717206,7.035493863697684,79890.0,245387.86790998516, 0.0, 0.0,0.0,NaN, 70.5287185075668,70.5287185075668,0.0, 86.51245050694043, -13.617680585996604, 8.408869220462806, -13.617680585996604, 227.89941080439812, 21.198368524338687, 8.408869220462806, 21.198368524338687, 219.17761508378592, 11.094271774837528, 6.896127774085689, 8.0, 0.0
8, 0 ,1.0,1.0,1.0,77.78706935699229,23.73075280769413,45.81648490927945,16.645383082794822,13.584539324512313,14.933784110947135,81.0,55.0,77.0,-0.9572962732028245,-0.2681034256229927,0.10818686833992158,16.90999097746142,0.0809397587747564,0.11070854696728147,0.99055154993462,14.920023325616597,0.2775474747884895,-0.9570079261937223,0.08428065282686757,13.269193781455623,84.36090426978835,72.69535808303614,60.82816849886677,25.185720673171815,7.092663017344143,147541.0,373037.63299730106, 0.0, 0.0,0.0,NaN, 93.34413252803651,93.34413252803651,0.0, 277.06877797299205, 28.61722728059551, -7.648554029660073, 28.61722728059551, 184.53970865922147, 1.9162189697847962, -7.648554029660073, 1.9162189697847962, 223.0179078723771, 9.622160384376425, 6.286389313117028, 18.0, 0.0
9, 0 ,1.0,1.0,1.0,51.77867846439275,183.19396317967747,121.75627229912944,14.6501447451387,9.723544719531976,12.719306453106,61.0,37.0,61.0,-0.9630195527999186,0.023455886977456236,0.26840857343077895,14.807263787337837,-0.2638540791899244,0.1195472846970103,-0.957125630007059,12.575558834735586,0.0545377467437199,0.9925513931719973,0.10893744118733974,9.67238743747243,62.695957220980205,64.61662858694322,41.398667880435056,20.73840971102025,6.393213767126994,70070.0,167714.34051572767, 7.105427357601002E-15, 0.0,1.4210854715202004E-14,79.011993539267, 95.31817949191532,95.31817949191532,0.0, 214.62674105351508, -4.876723548017142, -16.179716414801018, -4.876723548017142, 94.54732191273816, -6.599079446517393, -16.179716414801018, -6.599079446517393, 161.78075664802392, 10.85103895306264, 6.5742978598145445, 9.0, 0.0
10, 0 ,1.0,1.0,1.0,169.8716553941479,95.42412889397228,16.71586047893945,16.12477575805261,15.639758125420126,10.396000857596418,66.0,74.0,41.0,0.8736754625970122,0.4734402555063503,0.11200674319869726,16.390127324438133,-0.4756277508631031,0.8796100779140712,-0.008022059642485127,15.4279826156578,0.10232022607873283,0.046264838679968535,-0.9936750656211083,10.297006361071107,78.65227241291785,69.80642236601125,43.999758566438075,23.69665657975157,7.152323275803731,111037.0,241577.75934154328, 0.0, 0.0,0.0,NaN, 101.45393789998386,101.45393789998386,0.0, 260.0083932474812, 12.037971674919156, 16.416039047212962, 12.037971674919156, 244.60203422164486, 7.691465607003436, 16.416039047212962, 7.691465607003436, 108.07683383114544, 9.632506168242017, 6.082681409590699, 14.0, 0.0
11, 0 ,1.0,1.0,1.0,90.29841133894234,179.30026701597058,85.66895057685525,16.693298392567034,12.230214035376937,14.331174248405636,83.0,55.0,70.0,0.8740135421054666,-0.18478160891671047,0.44939524388049357,17.46228163157562,0.48493792003786373,0.3899348658107212,-0.7828064985259933,13.925525818014174,0.030586629850426997,-0.9021122754021957,-0.43041596234696755,11.609278738316805,91.95210797516481,72.25755706274812,66.9857467902516,24.08263050225898,7.324876108457436,119094.0,445069.02249607426, 0.0, 0.0,0.0,NaN, 126.1802327184675,126.1802327184675,0.0, 278.66621122328115, -16.296498475830724, 44.38127164633886, -16.296498475830724, 149.578135351131, -32.18334821761275, 44.38127164633886, -32.18334821761275, 205.38255533816488, 10.59913524005691, 6.564489168165887, 15.0, 0.0
12, 0 ,1.0,1.0,1.0,152.9227014254927,181.73551787708047,181.13553864928724,15.764684396427372,11.435984244925583,11.346616629453083,70.0,52.0,47.0,-0.991930407047022,0.0030956155198166666,-0.1267457484102854,15.826698448933426,-0.08943426729728735,-0.7256737436291483,0.6822016781277045,12.895751337589601,-0.0898642276355128,0.6880320014154949,0.7200947060072457,9.553425163286322,71.56212016449024,68.73568544660486,51.5872178149113,21.486478141951395,6.81057822512645,77026.0,253750.88936193057, 0.0, 0.0,0.0,NaN, 53.904835129552986,53.904835129552986,0.0, 248.52527411896062, 4.380719152495741, 15.439267222987713, 4.380719152495741, 130.78173565018616, -37.207732540136305, 15.439267222987713, -37.207732540136305, 128.74570893578124, 10.479180416749497, 6.748721339306823, 10.0, 0.0
13, 0 ,1.0,1.0,1.0,21.351756887663512,45.40866013182585,57.19522554684695,12.366876715366791,16.358843225117464,16.987353410456592,53.0,85.0,82.0,0.19873988895261757,-0.26918012402736197,-0.9423611395679022,17.103806093938513,-0.21785235566698746,0.9253516230106111,-0.3102655716027354,16.615704537614164,-0.9555327350067319,-0.2669577393900419,-0.1252627546811607,11.85325892185199,81.61842231426098,84.48173989491482,62.50224807211859,25.56228662126268,7.4626449695290535,147619.0,430969.6463426438, 0.0, 0.0,0.0,NaN, 76.0863835552213,76.0863835552213,0.0, 152.93963969308132, -35.46563847475764, -19.310592008789925, -35.46563847475764, 267.6117516639715, -0.35888453613076643, -19.310592008789925, -0.35888453613076643, 288.57017589175115, 11.147112760419203, 6.249127124030639, 16.0, 0.0
14, 0 ,1.0,1.0,1.0,139.8719634222943,114.55982100686076,119.5251228264945,16.841106532458685,15.875375869508456,18.56524332008993,85.0,81.0,91.0,0.4884520305029111,-0.2643928446305704,0.8315714266409944,19.768548323074768,-0.7927997691772929,-0.5325857994571612,0.29634589959877533,15.901937506672658,0.3645313976738007,-0.8040203914856461,-0.4697532013571107,15.383483626996624,102.0892672576494,77.5040042082895,72.67201207791598,28.466426792912287,8.365478672116382,205371.0,575004.7232472345, 0.0, 0.0,0.0,NaN, 131.87725666376437,131.87725666376437,0.0, 283.62286923762264, -13.057990206137172, 58.79982132201046, -13.057990206137172, 252.0275589981714, -36.450325978278414, 58.79982132201046, -36.450325978278414, 344.6682595341438, 9.704738540354507, 6.081891197736118, 27.0, 0.0
15, 0 ,1.0,1.0,1.0,77.93871021869232,92.39015045584205,157.35120532468258,13.955421982523672,17.89060606001589,18.11475299449279,75.0,83.0,84.0,-0.1235506202639312,-0.682284961094319,0.7205709375883276,19.204976878906017,-0.1503321475358625,-0.7048846467109813,-0.6932083959736719,16.859743784117743,-0.980885054249301,0.1939713037942951,0.015480428117067613,13.780049585217613,103.2350489691867,84.51200711682282,74.78837433038137,27.747353200430254,8.547295146832735,178790.0,652498.7399195452, 0.0, 0.0,0.0,NaN, 128.17683932389585,128.17683932389585,0.0, 194.75380271030497, 25.08332831084017, -6.097088718900278, 25.08332831084017, 320.0737851946773, -41.86589477836144, -6.097088718900278, -41.86589477836144, 328.14427605148546, 10.019779264767722, 6.298093196685465, 23.0, 0.0
16, 0 ,1.0,1.0,1.0,115.8416888415824,58.95120335876057,15.464194902726037,15.445438981182646,13.502983445987363,9.408955375176154,75.0,67.0,37.0,-0.983338649515012,0.17617708914412747,-0.044796580569224254,15.51462038857297,0.1771563985032417,0.9840014016619396,-0.018890526639012032,13.436059971349527,-0.04075182007411794,0.026511785832737538,0.9988175080426885,9.390923019643823,74.06397477761045,66.77356040097075,38.16062580026159,21.611520723399426,6.508668107835216,84555.0,188723.95849895244, 0.0, 0.0,-1.7763568394002505E-15,87.43248578849615, 103.90864756348473,103.90864756348473,NaN, 238.56158532143638, -10.325187059779212, 6.409256850190906, -10.325187059779212, 182.33056194260874, -2.9200725188499255, 6.409256850190906, -2.9200725188499255, 88.52844125205623, 9.861263429536647, 6.067998105436643, 9.0, 0.0
17, 0 ,1.0,1.0,1.0,48.37084379708689,13.216461577096936,119.83278503264691,15.415203436140986,8.207576202383635,15.230862046928753,67.0,33.0,72.0,-0.7814440922664312,0.06138137102473415,0.6209488368239506,15.870296758218416,-0.6147590247181283,0.09467044268203811,-0.7830126747441594,14.826649358389389,0.10684789277056123,0.9936145301743082,0.03624490635909933,8.079363365858436,76.65726046022019,78.05185482808847,36.72576264347757,22.038916617899712,7.159477431867658,79640.0,219739.1022081604, 0.0, 0.0,0.0,NaN, 94.55789624289905,94.55789624289905,0.0, 237.62849697761288, -17.944939430160805, -16.14396626260909, -17.944939430160805, 67.36430711793417, -4.3449319585359545, -16.14396626260909, -4.3449319585359545, 231.9791586925747, 8.724802512102977, 5.734496252423073, 10.0, 0.0
18, 0 ,1.0,1.0,1.0,100.59662875076329,23.110083926213097,186.83463269856148,16.82654732452651,14.350487913308111,7.47955391741012,78.0,59.0,33.0,-0.9948679945710222,0.10009814982125455,0.014765966971196089,16.84900404085123,-0.10113122180675488,-0.9791341050436168,-0.17626366703410137,14.497524782699564,-0.003185805095377517,-0.17685238121890598,0.9842322316928549,7.137630070574408,77.4380025991455,63.99300198143663,36.33055327056246,22.08801652901181,7.558601116087873,70419.0,180035.7026461847, 0.0, 0.0,0.0,NaN, 102.90011220096885,102.90011220096885,0.0, 283.1326948645302, -7.430154732045546, -0.5835393600785349, -7.430154732045546, 205.9365033500022, 27.825557410937513, -0.5835393600785349, 27.825557410937513, 55.94372680344508, 8.864471072005434, 6.1839742647080564, 15.0, 0.0
19, 0 ,1.0,1.0,1.0,169.45074853547408,11.869128335864612,74.06255424170102,17.241864231257733,7.9778301558823435,14.715092974039509,74.0,33.0,67.0,-0.855083720270964,-0.13429203804382264,0.5007968448838348,18.52621712996896,-0.5103598880002493,0.04762489547814831,-0.8586411672235782,13.266562460831826,-0.09145827490140201,0.9897967053131326,0.10926054229834146,7.631462292768664,81.92701041408047,62.787699276954385,36.325631900408226,22.656162691212938,8.009988109174978,73744.0,186859.3589925526, 0.0, -1.7763568394002505E-15,0.0,82.28231611744104, 80.9900914513681,80.9900914513681,0.0, 297.2818821691248, 29.86237760517267, -70.43030352291814, 29.86237760517267, 63.6457739961057, -23.981493938671257, -70.43030352291814, -23.981493938671257, 216.53396123462693, 10.122688302382695, 6.24780766413117, 10.0, 0.0
20, 0 ,1.0,1.0,1.0,185.92936597583736,27.822254690109027,171.47850162066595,8.284420656101398,15.717663120187288,15.252437589620833,34.0,70.0,59.0,0.049237002834929225,0.7726772600726213,0.6328866954822957,16.66444880117684,-0.023610634728762535,-0.632577734589324,0.7741369049654874,14.232399039574423,-0.9985080147297457,0.05305903757613508,0.012902831160491944,8.249143938827252,81.71101088706776,73.48409635615806,34.84838071373733,22.258893772613302,7.270148555000475,81448.0,209245.70099958053, 0.0, 0.0,0.0,NaN, 42.25560871275637,42.25560871275637,0.0, 68.63162560723953, 9.985222856696062, 4.0745606991416805, 9.985222856696062, 247.04493395969558, 36.65396655488549, 4.0745606991416805, 36.65396655488549, 232.63685242527853, 8.55911174555257, 5.638333087685617, 8.0, 0.0
21, 0 ,1.0,1.0,1.0,22.296726848756066,178.2433088147043,41.496150746703705,14.302512057647164,12.698706672159,17.237424343606087,59.0,53.0,74.0,0.3292981036342173,-0.30186188632912175,0.894674332103437,18.314208092030064,-0.8921930154398504,-0.40967036507721005,0.19016260194331824,13.97980761849934,0.30911871852616035,-0.8608423743980834,-0.4042227409454031,11.493587830516201,86.39172963143365,74.99518702305429,67.0007265120843,24.46874036229941,8.014271357313499,116646.0,434095.2897495343, -3.552713678800501E-15, 0.0,0.0,70.77382121405387, 51.88861306966608,51.88861306966608,0.0, 204.56185115914252, 2.9390343029807546, 49.152300381968274, 2.9390343029807546, 161.2571511455355, -59.840759686076424, 49.152300381968274, -59.840759686076424, 297.12879800154377, 10.060380806394736, 5.954639497724174, 10.0, 0.0
22, 0 ,1.0,1.0,1.0,109.89571053979466,71.36604514979857,62.18423044285944,13.001324906943754,14.589102864525453,15.725349052961443,61.0,74.0,68.0,-0.2258109685193524,0.3512313664844118,0.9086506114529638,16.114689640595905,-0.16295494924169762,-0.9332188168911698,0.3202316728836809,14.371347527430286,0.9604452566460976,-0.07575729006331858,0.2679659343802387,12.764956819284206,74.32790122184082,68.4793470683775,58.95767525378656,24.16317368088014,6.730825523861531,130809.0,300090.2127011198, 0.0, 0.0,0.0,NaN, 130.68578306465554,130.68578306465554,0.0, 169.03444933591604, -1.0434863967037804, -22.12399550718007, -1.0434863967037804, 212.84192239170474, 17.846797070039067, -22.12399550718007, 17.846797070039067, 247.28660283747533, 9.182642925750843, 5.7398626248038775, 12.0, 0.0
23, 0 ,1.0,1.0,1.0,141.67532425183626,40.94308167640849,87.39710761655539,15.051387689950875,12.501497899528237,15.940787356842883,71.0,61.0,78.0,-0.5699837152969442,-0.11451420475421217,0.8136369345142848,16.643963240197998,-0.7655482867011837,-0.28563442427520164,-0.5764970046737938,14.499754272069053,-0.2984198133924324,0.9514722657957425,-0.0751408171125474,12.234215806080446,78.27918120576007,68.03483835932872,62.17004659564694,24.218753053418812,7.0987620905787425,122667.0,331099.7283943481, 0.0, 0.0,0.0,NaN, 112.766830930151,112.766830930151,0.0, 226.54427139320475, 21.5559613745036, -32.32736917798226, 21.5559613745036, 156.28744973190894, -1.8917752502402396, -32.32736917798226, -1.8917752502402396, 254.10870155608188, 9.087236955715383, 5.732018937425102, 16.0, 0.0
24, 0 ,1.0,1.0,1.0,54.966003021602084,75.93451349833495,93.0685634734186,14.37991520147222,14.867553135971615,14.445628127302818,70.0,75.0,63.0,-0.15955166590183317,0.7693243438915541,0.6186140313667143,16.230259212919346,-0.8823362848206578,0.16991151060127063,-0.4388767014254375,14.762465311861309,0.44274817492207474,0.6158491150119668,-0.6516931188390348,12.455945297019085,76.06905280729238,71.5686754819238,64.69329778602143,24.25180219091605,6.953586120681344,126423.0,352200.7517071511, 0.0, 0.0,0.0,NaN, 132.09492547181867,132.09492547181867,NaN, 206.78196120153186, -22.70179841472005, 13.624235193032638, -22.70179841472005, 221.0441362509394, 46.846148540983314, 13.624235193032638, 46.846148540983314, 208.6761719923223, 8.669805832640778, 5.611898694608718, 10.0, 0.0
25, 0 ,1.0,1.0,1.0,117.52122185047935,150.79960391880334,158.92411444346092,16.484829909552765,12.879459427342725,14.970602257219115,77.0,65.0,76.0,-0.9339075050750699,-0.35504593791780564,-0.04194226904357315,17.024100396559074,0.03067447435821319,0.03730840136671788,-0.9988328988425975,14.968197008700237,0.35619636240043945,-0.9341040976012928,-0.023951748520083364,12.16067877332188,83.88985445942468,75.70820323990708,62.4662164023636,24.680832136450174,7.252968308472326,133306.0,396732.319747536, 0.0, 0.0,-2.8421709430404007E-14,87.59617986739437, 104.4540865348904,104.4540865348904,0.0, 271.74961714688544, 47.150937846111354, 3.2261464618205737, 47.150937846111354, 165.8804751405674, -0.724612596262607, 3.2261464618205737, -0.724612596262607, 224.11893194385408, 9.277961419065955, 5.772831579355167, 17.0, 0.0
26, 0 ,1.0,1.0,1.0,15.401710507402615,97.99828949259738,23.14402759810263,9.393138642861365,13.236435744822023,14.577210058511389,38.0,61.0,58.0,-0.06334157683510751,0.236296983316041,0.9696141399132854,14.713166817773772,0.3319705262108644,0.9212275489938706,-0.20281857090026834,13.552739165190186,0.9411606740463202,-0.30903646815624225,0.13679563947067894,8.704902135777521,64.12796507002135,66.4315747774254,44.31577627187915,20.84678172433691,6.429699030175287,69570.0,188790.60045277074, -1.7763568394002505E-15, 0.0,0.0,86.3683637652039, 101.86522195278667,101.86522195278667,0.0, 88.23105356401543, 30.89250831609034, -15.906455933364478, 30.89250831609034, 175.20323122680216, 12.07667298094228, -15.906455933364478, 12.07667298094228, 212.4950530899656, 11.04896606541972, 6.522483231964784, 5.0, 0.0
27, 0 ,1.0,1.0,1.0,174.14872287599482,64.38995646554656,114.99473675260187,13.770169729679516,14.305656498082001,14.96623178540776,61.0,69.0,77.0,-0.5475322937604981,0.3414544925422265,0.7639484385821448,15.884821750077899,0.11006290900932966,-0.8756383907205558,0.470259040058475,14.278839009532598,-0.8295146432401127,-0.341564398348313,-0.44185882183247566,12.729676766829144,89.64542450823984,70.35357821029669,63.75856475133901,23.823523782549223,7.1201959707717615,117608.0,402117.3863293585, 0.0, 0.0,1.4210854715202004E-14,40.18646903222376, 109.7280720797397,109.7280720797397,0.0, 189.61757438418203, -20.911449293745928, -35.59852170379356, -20.911449293745928, 204.6518078411158, 6.321639540270901, -35.59852170379356, 6.321639540270901, 223.98809385454956, 9.397766706491602, 5.53250096602227, 11.0, 0.0
28, 0 ,1.0,1.0,1.0,183.74730372958967,20.100424775561848,116.09637283846479,10.1075680838001,10.984617811434319,15.981810267395844,39.0,44.0,77.0,-0.23859496561481994,-0.2862332366190093,0.9279778966321712,16.75261959940532,0.11403676916037367,-0.9572225673865349,-0.2659333972358382,10.315721424258356,-0.9644003617081063,-0.04237323141485545,-0.26102959908166856,9.548751149217974,87.55941758114236,52.346427274875936,44.283209731709945,20.669466920664647,7.142559602172052,66388.0,202968.66803306818, 0.0, 0.0,0.0,NaN, 87.79519271052453,87.79519271052453,0.0, 102.16293256865441, 11.276657318113068, -42.413105520002695, 11.276657318113068, 120.6618284632801, -46.44879372347525, -42.413105520002695, -46.44879372347525, 255.4182594230392, 9.29328504206411, 5.883907089590326, 6.0, 0.0
29, 0 ,1.0,1.0,1.0,11.44264689360746,173.3553533310864,137.5722250308954,7.120466388884735,14.402240551662894,16.228439304425393,30.0,54.0,72.0,0.023509436973808643,0.10987777613654284,0.9936670371328932,16.25300664385852,-0.015204775483224247,-0.9937874870786643,0.11025082915052868,14.379872457852715,-0.9996079837494692,0.017700419123910502,0.02169271737608341,7.109631487721376,74.21040745147614,59.454569119240276,31.03588500497522,21.702113622226676,7.106763052795335,71208.0,136934.9117206393, 0.0, 0.0,0.0,NaN, 68.83384670085057,68.83384670085057,0.0, 50.701041595237214, 2.9125416105515907, 4.7282252980869055, 2.9125416105515907, 207.42453290796308, 6.204814316062942, 4.7282252980869055, 6.204814316062942, 263.362242257419, 9.782758198110137, 5.975416066734656, 8.0, 0.0
30, 0 ,1.0,1.0,1.0,11.276160370084812,25.092212798766383,170.07299922898997,7.097978519150293,13.89856444246998,15.705513924830148,28.0,52.0,60.0,0.014415454890272445,-0.17060278473086884,0.9852344312407982,15.758569550603637,0.03478333369919882,-0.9846548804984403,-0.17101136221717128,13.84605279709816,-0.9992909057712257,-0.036734944571554684,0.008260114421005481,7.082998512042876,67.53602949372633,59.53692501048796,28.434603150489213,21.028150424599104,6.930472565653587,64850.0,114332.34104273908, 0.0, 0.0,0.0,NaN, 40.649677870537694,40.649677870537694,0.0, 50.38129905831898, -5.335180246925269, 1.9724850702854497, -5.335180246925269, 193.17009356149083, -9.473840175626101, 1.9724850702854497, -9.473840175626101, 246.6631676430337, 8.679007382154373, 5.221863837574947, 7.0, 0.0
31, 0 ,1.0,1.0,1.0,98.09272850372376,184.5317941773866,141.80843601895734,13.020799461692492,9.357483073393203,15.039172026809908,60.0,38.0,63.0,-0.34595717623962075,0.025147799922607204,0.9379132264593357,15.352784619861062,0.9006495088040694,0.2890588791987313,0.3244617491282479,12.93815663850899,0.26295264687638525,-0.9569809572376171,0.12265134726238182,8.95413371331905,70.24071832905071,64.18752824908833,42.706949589433975,21.00622923523833,6.482186101852205,73850.0,192547.61729431018, 0.0, 0.0,0.0,NaN, 115.09868329062576,115.09868329062576,0.0, 169.5412186216115, 21.353625910267723, -24.978715908704082, 21.353625910267723, 87.5624894688403, 11.848616008496688, -24.978715908704082, 11.848616008496688, 226.17669525198164, 9.400383709206642, 5.630111533448029, 7.0, 0.0
32, 0 ,1.0,1.0,1.0,175.3419627806245,149.7728099847059,92.72087701083984,14.557242690780845,11.16877548739593,13.765977177207708,64.0,55.0,64.0,-0.8077545402158259,-0.08753085259647642,0.5829845217537541,15.270206694841162,-0.5808802812750338,0.28685218596501816,-0.7617702555448913,13.174349224734812,0.10055198449835488,0.9539675954930678,0.28255110186056265,10.927684946552466,73.2596302474636,67.73176546747028,53.0243478594964,21.9505589005557,6.658074214267349,89577.0,263107.0311687093, 0.0, 0.0,0.0,NaN, 108.29566219384715,108.29566219384715,0.0, 211.91331475829233, -0.9791320925183538, -29.61198638708705, -0.9791320925183538, 124.74154588785618, -17.637757816762416, -29.61198638708705, -17.637757816762416, 189.50212764340347, 9.372185926937187, 5.557601392573717, 8.0, 0.0
33, 0 ,1.0,1.0,1.0,20.204454351507266,75.5035254049193,175.23298286567106,11.788851771459331,15.485991638869649,14.24245432240311,49.0,73.0,59.0,-0.011955536502999275,0.8193186217382807,0.5732138006187651,16.589470391899475,-0.07279664994990342,-0.5724467700134284,0.8167039508030214,12.947012804164425,-0.9972751440314735,0.03196391049412871,-0.06648755915903855,11.781544882544592,83.60944617563557,66.78661558076661,51.349559389963666,23.036668121740984,7.138094290707906,104527.0,286735.52578963817, 0.0, 0.0,0.0,NaN, 81.99028882706523,81.99028882706523,0.0, 138.97702608943982, -0.1351405993519122, -2.648263863138427, -0.1351405993519122, 239.8159370391407, 50.588160435236524, -2.648263863138427, 50.588160435236524, 202.84750512573905, 8.50198227184322, 5.154829304837042, 8.0, 0.0
34, 0 ,1.0,1.0,1.0,104.0873225179147,15.609446175976984,9.909454167665627,16.414424434571405,9.679879871825483,6.731252788628867,75.0,39.0,26.0,0.9802247102831838,-0.12459226938315626,0.1537409631822409,16.669045330473978,0.1328105132035445,0.990148437934388,-0.04435581628943658,9.539894660688883,-0.14669998272958085,0.06389708339232772,0.987115128949554,6.290986058577312,73.47170958906608,41.494806167618265,30.596075317659377,18.929437586671625,7.079516975612181,37539.0,93278.08189810588, 0.0, 0.0,0.0,NaN, 97.67852268336321,97.67852268336321,0.0, 269.43332951825477, -22.33726962798303, 35.606057946092825, -22.33726962798303, 93.70007433297212, -6.8231304096501075, 35.606057946092825, -6.8231304096501075, 45.3097641044239, 10.652573302139302, 6.074020803512565, 5.0, 0.0
35, 0 ,1.0,1.0,1.0,87.88890004115186,37.1507061055294,106.69686141863477,13.544622102254976,12.45514566715332,13.493755838301581,67.0,57.0,61.0,-0.7110683321869333,0.36746498572228115,0.5994591822876826,14.389918206467122,0.5495948242665498,-0.24128831429327086,0.7998284056752002,12.965246804133537,-0.43855142925352986,-0.8981923144035667,0.030384375031434645,12.062400980969375,69.14237270491543,67.84214759317526,57.46097071478219,21.992712070341128,6.08189969480354,99631.0,269536.02831913886, -1.4210854715202004E-14, 0.0,0.0,44.678095622344394, 133.4545217807042,133.4545217807042,0.0, 183.456787892894, -19.08381762822711, -16.311022081050343, -19.08381762822711, 155.13065359000808, 9.201459644078719, -16.311022081050343, 9.201459644078719, 182.08144662369799, 8.434522064646806, 5.338798644193982, 10.0, 0.0
36, 0 ,1.0,1.0,1.0,106.03256806570523,159.19225247364676,17.718023669404385,10.710022041152552,16.46565267146487,10.448941916271195,50.0,83.0,40.0,0.0031402411490666013,-0.9983348274150834,0.05759957687014886,16.48220403733956,-0.8223030432185299,0.030198897950136673,0.568247949117409,10.967116650845126,-0.5690411619549764,-0.04914874294111408,-0.8208389349124695,10.151944622936231,83.23358530205228,56.95990579339339,51.50730607323435,21.2098016365165,6.719151116659633,77315.0,244194.96257550275, 0.0, 0.0,0.0,NaN, 103.96672008508531,103.96672008508531,0.0, 114.70457212197347, -0.9560769802579425, -8.013903946188412, -0.9560769802579425, 271.11771789731824, -9.399750421289864, -8.013903946188412, -9.399750421289864, 109.18038716960918, 8.525769130789909, 5.359572865283049, 15.0, 0.0
37, 0 ,1.0,1.0,1.0,170.42429508053092,87.87355986157148,186.58410116379247,14.169714558899061,15.665633109711209,7.8564843117315215,61.0,77.0,34.0,-0.41396342638838196,0.9100346125623973,0.021709112169739003,16.036387167286158,-0.9102838342709675,-0.413951268519905,-0.0052619726060671125,13.752194076618263,-0.00419793731922814,0.02193971807405791,-0.9997504819169104,7.850392464658381,74.70296813789975,68.81263307377256,34.97270569823249,21.353805938001514,7.206399177914194,68483.0,179777.47118498228, 0.0, 0.0,-2.8421709430404007E-14,88.75606177429557, 93.68282225580124,93.68282225580124,0.0, 200.78081068067604, -25.621439319213344, -1.1465652427072086, -25.621439319213344, 245.41206072808006, 4.140746345476673, -1.1465652427072086, 4.140746345476673, 61.724345740483514, 8.075165553288125, 5.168391669074664, 11.0, 0.0
38, 0 ,1.0,1.0,1.0,153.85849419974625,89.33515724125431,69.09647453326083,10.743246258233569,12.52771143143067,15.266747291184208,51.0,61.0,68.0,-0.04226290171077014,-0.2170268516901498,0.9752503231398837,15.409522756392962,0.23886158381951716,-0.9500107477975253,-0.201059003390593,12.458229924249169,-0.9701334912857189,-0.22445249990732638,-0.09198958838441473,10.61949067996571,68.31229623516106,64.05852022863081,48.049283937972575,21.586817047047674,6.280429643302172,88272.0,210262.92704582593, 0.0, 0.0,0.0,NaN, 122.00053962897069,122.00053962897069,0.0, 115.41734016504958, -8.485562249631725, -7.176816392570645, -8.485562249631725, 156.9435537091987, -18.283942802548122, -7.176816392570645, -18.283942802548122, 233.07357285288035, 8.0353246774043, 5.078833851188167, 7.0, 0.0
39, 0 ,1.0,1.0,1.0,153.72046788980325,52.91539526845292,157.7653683716565,11.897695624695235,14.967435017260021,11.695557864975056,55.0,77.0,56.0,0.07674139125189834,0.9911879826280547,0.10796824515778122,15.013410394633725,-0.7895655796405687,0.12653998939132913,-0.6004779983743749,12.190922939993419,-0.6088488764180948,-0.03916649305937397,0.7923187688713766,11.328912222284185,78.29347844208056,58.98375308064362,57.38943425781008,21.47274168746625,6.425473552208294,87371.0,265026.88664061046, 0.0, 0.0,0.0,NaN, 82.00974489374549,82.00974489374549,NaN, 141.55516117789213, 5.357105889155744, 10.416598090224136, 5.357105889155744, 224.02411099590148, 8.846328907798583, 10.416598090224136, 8.846328907798583, 136.78607377297988, 8.241416380105967, 4.928040861383676, 10.0, 0.0
40, 0 ,1.0,1.0,1.0,122.78538714027633,79.76952240401008,177.17255286125035,13.299265775295062,11.874809571616742,12.998436364588906,68.0,55.0,53.0,-0.6103367786810762,-0.39633829491058514,0.6858607530516507,15.189737522911102,-0.7407400905597735,0.5923718174796639,-0.31685919284966024,12.269701492440301,-0.2807011486023988,-0.7014353753862217,-0.6551299713263655,10.274590975792524,77.50499199120803,59.29614384887874,57.72777716857436,21.086208919988497,6.497131200073847,78602.0,265302.2676359682, 1.4210854715202004E-14, 0.0,0.0,52.38614175894731, 113.34180820206319,113.34180820206319,0.0, 176.87047016193455, 10.540190751294444, -41.83622815937994, 10.540190751294444, 141.01110236216059, -42.46521758181158, -41.83622815937994, -42.46521758181158, 168.95934792426726, 8.51106871624599, 5.012443307670394, 8.0, 0.0
41, 0 ,1.0,1.0,1.0,187.45761165477154,107.86782429548967,137.05163711279522,7.4974173566902325,15.064846854176203,15.034763535437714,29.0,66.0,68.0,-0.06637118380872689,-0.7105638282869657,0.7004954759953841,16.211181076113604,-0.005788014206173843,-0.7017574926337881,-0.7123923921715393,13.824253754425929,-0.9977782142597507,0.051336804171177634,-0.042463722000230235,7.4358999843601135,76.22926127594853,66.37996538954837,30.51433268295935,21.394717773978645,7.174332282419162,67955.0,154405.44436540606, 0.0, 0.0,0.0,NaN, 112.28599955305428,112.28599955305428,0.0, 56.21126702039996, 10.338021747967815, -9.087672125621319, 10.338021747967815, 226.94961073978266, -35.38858355460045, -9.087672125621319, -35.38858355460045, 226.04411456652755, 8.886659252034864, 5.226841135222139, 7.0, 0.0
42, 0 ,1.0,1.0,1.0,47.55841632256497,33.594099852054676,11.589175701636231,12.58637497715928,11.26409265043494,7.579419725314394,59.0,56.0,31.0,-0.974030589555457,0.21883548189966484,0.058098558260853014,12.676504410677916,-0.20989759949322045,-0.9689480370863082,0.1307008001259886,11.23195835113388,0.0848964565646406,0.11511182948911658,0.9897180701464618,7.4762001845981825,57.038119376550256,54.88704916543422,34.63824413639287,17.690117449421212,5.459300898594672,45287.0,108440.35972431795, 0.0, 0.0,0.0,NaN, 59.36897760129974,59.36897760129974,0.0, 158.4168350656613, -8.048274143984171, -7.858207969587263, -8.048274143984171, 126.87978323758243, -7.565874804081868, -7.858207969587263, -7.565874804081868, 57.44760337248493, 8.390101304964933, 4.959094499642491, 3.0, 0.0
43, 0 ,1.0,1.0,1.0,9.770401327123079,42.14024117909781,12.894181075735341,6.544959038344473,15.2755184206118,7.980815858321045,25.0,67.0,32.0,-0.03601774246578802,-0.9953585524259619,0.08924166258067025,15.327209838503208,0.28686075455875093,-0.09583904416107339,-0.9531661896585901,8.019464598889673,-0.9572949544010205,0.008730963680250926,-0.2889812114161782,6.37465290899294,67.95721785348552,37.962323199300286,28.345670704390447,17.29650491194827,6.379834749228229,31346.0,73126.55437752583, 0.0, 0.0,1.7763568394002505E-15,84.88001799302354, 45.138903114048205,45.138903114048205,0.0, 42.836488813607005, 6.314404254640663, -7.098021399793697, 6.314404254640663, 233.3414630184504, -15.095253621161646, -7.098021399793697, -15.095253621161646, 63.693421764428685, 9.65397556270252, 5.7934256914777125, 2.0, 0.0
44, 0 ,1.0,1.0,1.0,46.42495621833349,22.79332379717391,167.01592182131733,12.038817948525317,13.23167967329138,11.486846810790222,52.0,52.0,53.0,0.34863661546222907,-0.9285593541369296,0.1273971593241031,13.405333556438201,0.7725826993451546,0.36166875345323424,0.5218349216449002,12.134923085456203,-0.530630269614915,-0.08350591967275504,0.8434798624436807,11.180286587542524,63.31683803322248,64.69894726362237,61.2418097416802,20.420033905613163,5.914418781485407,74803.0,250879.08018310097, 0.0, 0.0,0.0,NaN, 61.341352959438765,61.341352959438765,NaN, 144.9331375977353, -11.49018323950248, 11.403070426907375, -11.49018323950248, 175.07734697659228, -2.2705753598449436, 11.403070426907375, -2.2705753598449436, 131.9476496545615, 7.995884597192717, 4.898597995615005, 6.0, 0.0
45, 0 ,1.0,1.0,1.0,35.123876134106126,53.941487291867205,127.96280746308395,14.341337305317614,13.314460744421728,12.369224534077691,71.0,64.0,60.0,-0.8724956456109167,-0.3428568106324167,-0.3481387019464462,14.614227577925654,-0.4639300200062972,0.804905216047454,0.36999531039806155,13.60933629474061,0.15336324503265414,0.4843312921777497,-0.8613378631469103,11.711398469496492,70.64009460440818,63.85021574516783,54.111991239450134,22.23536146043693,6.444783698294743,97654.0,244065.92879851742, 0.0, 0.0,-1.4210854715202004E-14,69.62648800257232, 96.60604450314388,96.60604450314388,0.0, 205.6739557048947, 4.914502511215951, 14.96306263050198, 4.914502511215951, 177.2748649147472, 23.433443400619613, 14.96306263050198, 23.433443400619613, 152.9977155744295, 8.323806260400415, 4.943760161974629, 6.0, 0.0
46, 0 ,1.0,1.0,1.0,58.96704928330764,144.02115812917594,86.93938096053908,11.981124360988673,12.221426535815414,11.253201888001879,62.0,57.0,55.0,0.6098460866285185,-0.6970312236830054,0.37714085410474174,13.130833023232691,0.7123413116550609,0.6906777085195006,0.12463610497684784,11.32491491120695,-0.34735803766924594,0.19264416981892982,0.9177312338050538,10.902875154097787,63.06340366436421,52.41086247953503,50.06970929819819,19.7105539002804,5.571285776187572,70044.0,165490.77253386617, 0.0, 0.0,0.0,NaN, 119.03444711586853,119.03444711586853,0.0, 143.54734095347624, -18.14602488489843, 13.148365188409658, -18.14602488489843, 149.36326657033317, -13.268590637077898, 13.148365188409658, -13.268590637077898, 126.63455273212907, 7.386885169727779, 4.679301540605078, 12.0, 0.0
47, 0 ,1.0,1.0,1.0,131.09421372719373,119.54043440486534,182.89306689834928,15.281060532636578,10.046764164887982,9.556489812927182,70.0,49.0,38.0,-0.9787663752440018,-0.0025203176307589687,0.20496348623781166,15.493602131531382,-0.1076619651250872,-0.844572522567047,-0.524505629512343,10.573067092750717,0.1744284493914971,-0.5354352455001209,0.8263678441947647,8.598448928356767,68.97970556602382,55.2038683219788,44.58913097286134,19.589969571336553,6.481347925062027,57550.0,169793.02892506917, 0.0, -1.4210854715202004E-14,2.8421709430404007E-14,78.65880459802116, 107.3051547586405,107.3051547586405,0.0, 233.5108110021033, 3.852002861108968, -31.187510142881745, 3.852002861108968, 100.9374701848773, 16.68394150004431, -31.187510142881745, 16.68394150004431, 91.32649754458102, 7.755594066013263, 4.9529121881913385, 8.0, 0.0
48, 0 ,1.0,1.0,1.0,124.05786561264821,9.625391304347826,49.71614229249012,8.974927052767086,6.390093644356202,13.29957984341537,43.0,26.0,58.0,-0.0997751204217171,0.056853716152727246,0.9933844071176355,13.3526590850717,0.9944379562217265,-0.028151425201939785,0.10149211045521854,8.922533577537434,-0.033735390473307945,-0.997985547099117,0.05372868145496178,6.3526629308567575,58.456293511847804,43.28877581814078,27.418291914842662,16.37590969872923,5.485528045372954,31625.0,69382.02566467413, -1.4210854715202004E-14, 0.0,0.0,84.27377893699583, 91.27732871592781,91.27732871592781,0.0, 80.5493156024905, -1.8814060422753007, -9.70970878720179, -1.8814060422753007, 40.833296783641536, 7.678201983845932, -9.70970878720179, 7.678201983845932, 176.87882401138037, 8.776780799207952, 4.745836991010176, 4.0, 0.0
49, 0 ,1.0,1.0,1.0,48.67752576551056,183.1493188214026,164.19548241608737,15.161244668136087,9.87067696094978,8.837754565050652,62.0,43.0,39.0,-0.9965609566966538,0.016265391233536052,0.08125082544731403,15.193934358885718,-0.05744771776830525,-0.8422610650698187,-0.536000054095769,10.555631140430654,0.05971615619799246,-0.5388244011878769,0.8402989023992968,7.9449681705860815,62.63219900573458,51.646764210565124,41.14227237749124,19.163100106585304,6.178600457347453,53657.0,133084.982607569, 0.0, 2.8421709430404007E-14,0.0,89.06802063257302, 62.73284984959147,62.73284984959147,1.1680077279964342E-6, 229.86333988708492, -0.3818762963503411, -12.094369192359594, -0.3818762963503411, 97.43026366742478, 22.026274202476714, -12.094369192359594, 22.026274202476714, 78.10590575207364, 8.70792965891743, 5.219422768685939, 7.0, 0.0
