// Sample: .//bubblelabels.tif, Map: .//bubblelabels.tif, Thickness:(8.191250068658265):/gpfs/home/mader/Foam/NewValid/InSilicoTest/LatticeData_Phi_6.65/out_Step_03000.vtk/distmap.tif, Neighbors:(1.0):
//LACUNA_NUMBER, TRIANGLES, SCALE_X, SCALE_Y, SCALE_Z, POS_X, POS_Y, POS_Z , STD_X, STD_Y, STD_Z,PROJ_X, PROJ_Y, PROJ_Z, PCA1_X, PCA1_Y, PCA1_Z, PCA1_S, PCA2_X, PCA2_Y, PCA2_Z, PCA2_S, PCA3_X, PCA3_Y, PCA3_Z, PCA3_S,PROJ_PCA1, PROJ_PCA2, PROJ_PCA3,OBJ_RADIUS, OBJ_RADIUS_STD, VOLUME, VOLUME_BOX, Mask_Grad_X,Mask_Grad_Y,Mask_Grad_Z,Mask_Angle, Mask_Distance_Mean,Mask_Distance_COV, Mask_Distance_STD, SHAPET_XX, SHAPET_XY, SHAPET_XZ, SHAPET_YX, SHAPET_YY, SHAPET_YZ, SHAPET_ZX, SHAPET_ZY, SHAPET_ZZ, Thickness, Thickness_STD, Neighbors, Neighbors_STD
1, 0 ,1.0,1.0,1.0,153.7065648352853,181.65578922365754,183.36007016133453,13.418402444712866,11.548285217839362,10.0392545006192,59.0,50.0,44.0,-0.9574061949035606,-0.2613393095377021,-0.12278087493841493,13.68791804195225,0.1573373099728165,-0.8287272416481483,0.5370811203540576,12.129377670811168,-0.2421122649739238,0.49488677921380064,0.834547018992092,8.928725752573651,60.75214500064661,67.42799102757822,48.160259539244606,19.380931341490324,6.211485080515857,54731.0,197283.45061383536, 0.0, 0.0,0.0,NaN, 52.502185415392304,52.502185415392304,0.0, 180.05352416827623, 18.143391769416844, 18.348316800187, 18.143391769416844, 133.36289147256713, -26.545369867728077, 18.348316800187, -26.545369867728077, 100.7866309282029, 9.767248467027741, 6.476553152404805, 14.0, 0.0
2, 0 ,1.0,1.0,1.0,185.4371270569647,36.29759803674382,16.790882961020625,8.534383176038869,16.74795032417935,10.279426332910182,38.0,79.0,47.0,0.013184866383198829,0.9931283377341378,0.11628527029630815,16.82050105352832,0.28644534998681587,-0.11517278282528821,0.9511489323797877,10.308205689326687,-0.958005856333555,-0.020768603364387905,0.28599553203661243,8.355105131902734,82.84355993456445,56.235752890575746,41.82689887613597,20.187129240453228,7.1746745584468625,59493.0,194861.90021556712, 0.0, 0.0,0.0,NaN, 42.56203287206464,42.56203287206464,0.0, 72.8356961954553, 1.5881139874681123, 10.258001743326, 1.5881139874681123, 280.4938400611791, 20.61947484872373, 10.258001743326, 20.61947484872373, 105.66660573372728, 8.508301814447771, 5.8995017078709955, 15.0, 0.0
3, 0 ,1.0,1.0,1.0,168.93117361557805,186.61049061458394,81.07464475761651,15.648295728040111,7.575420359633817,14.598001373901669,64.0,32.0,62.0,0.86606397440363,0.004253605489079866,0.4999150918711408,16.147288211687535,-0.49992964494689646,0.011133311040743894,0.8659944569617867,14.044817758412199,0.001882111436117781,0.999928975590573,-0.011768663090118349,7.574032906680161,79.2214113368768,66.16448633593038,32.40255610932388,21.653061410783543,6.819290906730396,68404.0,169842.66342341568, 0.0, 0.0,0.0,NaN, 87.85015058075435,87.85015058075435,0.0, 244.86915919219837, -0.029425328731357756, 27.486439791808337, -0.029425328731357756, 57.38699362515455, 1.7811945927421382, 27.486439791808337, 1.7811945927421382, 213.10164411243503, 8.563255050775252, 5.699238939235104, 13.0, 0.0
4, 0 ,1.0,1.0,1.0,56.5427129209919,81.02016347771719,33.69386085085647,14.357417991275062,13.470194214453157,14.234285960320744,71.0,67.0,71.0,-0.06899384690876123,0.6084581693497849,0.7905811186970244,15.22449963523055,0.9904306921384416,-0.05317136808823464,0.12735717367228822,14.380722076729864,-0.1195277924120509,-0.7918026659257557,0.5989671485765874,12.312835731876696,79.77308614962908,72.6649090873214,73.26241915782228,23.278445648284112,6.950571814705597,108761.0,424680.5620411322, -7.105427357601002E-15, 0.0,0.0,86.04380083201544, 104.38688391487985,104.38688391487985,1.3486991523486091E-6, 206.13545137618885, -6.272856717350305, 2.5893396476434534, -6.272856717350305, 181.44613217508729, 38.19537668055743, 2.5893396476434534, 38.19537668055743, 202.61489680018423, 8.38474465830183, 5.351207818836033, 26.0, 0.0
5, 0 ,1.0,1.0,1.0,12.490569994364277,105.23591397003892,132.94787611895308,7.839938271869428,14.984452441512218,15.889381773866509,32.0,72.0,75.0,0.0998930537072769,0.5096768746338276,0.8545471673842986,16.498712635451337,0.07889434185508382,-0.8601961403702765,0.5038236625202634,14.41743883722738,-0.9918654448282228,-0.01709045217577663,0.12613824083179223,7.642044162522982,76.1412369475496,69.21952985433742,35.425529077025644,22.035702553778194,7.273150156272895,76299.0,186708.85608614463, 0.0, 0.0,0.0,NaN, 116.7571567692415,116.7571567692415,1.9073486328125E-6, 61.464632106722995, 0.7424178573958135, 24.192178100205286, 0.7424178573958135, 224.53381497194147, 28.347202844844794, 24.192178100205286, 28.347202844844794, 252.4724531556812, 9.256717372902893, 5.393120374263904, 18.0, 0.0
6, 0 ,1.0,1.0,1.0,52.08616790728352,185.78661390119035,120.10897013097146,14.325160277550516,8.309896226161207,13.085153860422988,65.0,33.0,59.0,-0.8964131666438797,0.037380732859260496,0.44164025572675847,14.70822656661654,0.44178485921886534,-0.0047470617398227034,0.8971084681184354,12.661267133974532,-0.03563106555324188,-0.9992898209307162,0.012258913157277935,8.297362812679332,67.26939749006964,59.955233810831146,34.758117368375736,20.140172920828416,6.3134205100833185,63678.0,140184.78638956384, 7.105427357601002E-15, 0.0,0.0,26.30947252089115, 96.42388648666666,96.42388648666666,0.0, 205.21021697751118, -5.1338476471596595, -22.139607385732138, -5.1338476471596595, 69.05437528956828, 2.0453168463148796, -22.139607385732138, 2.0453168463148796, 171.22125155094264, 9.251465862986336, 5.44396802761193, 11.0, 0.0
7, 0 ,1.0,1.0,1.0,26.53691065118627,50.87566885411408,50.34766279656739,13.911184186783833,13.331248228239962,12.8920685085246,64.0,66.0,63.0,-0.8388267664924687,0.21971344760528275,-0.49809201635560324,14.853506282637362,-0.07059105142445116,0.8633177843376282,0.49969921623428565,13.735782444494678,0.5398023335208735,0.4543219169132935,-0.7086642622128269,11.320348359446879,76.05052162035403,70.03154153036341,60.924352729771904,22.27742952670748,6.415979185799821,99050.0,324479.15859488177, 0.0, 7.105427357601002E-15,0.0,77.30779704293732, 76.33759530755061,76.33759530755061,0.0, 193.5210454786246, -20.731862143671247, 36.502967640744515, -20.731862143671247, 177.72217932295112, 15.98851557132493, 36.502967640744515, 15.98851557132493, 166.20543042849172, 7.8671258493904395, 5.129186399225168, 19.0, 0.0
8, 0 ,1.0,1.0,1.0,90.45569930792273,180.60126794752608,86.25512602003926,13.537097015762471,11.162380882768627,12.243384936576232,68.0,48.0,60.0,-0.9157837599473123,-0.21646816411278438,0.33835135427895646,13.829527389562635,-0.3685906852732908,0.11812582421169196,-0.9220559616336061,12.06376303821554,-0.15962772862673058,0.9691170329634856,0.1879658603936409,10.998273084010371,71.58279239480787,64.25375775029411,54.96568023798642,20.54486234280747,5.971670503843581,77448.0,252812.63460007295, 0.0, 0.0,0.0,NaN, 126.48514184386191,126.48514184386191,NaN, 183.25299561416523, 12.865024924180883, -13.429813069740256, 12.865024924180883, 124.59874697199852, -7.824868987903755, -13.429813069740256, -7.824868987903755, 149.90047470518178, 8.338675747272761, 5.219739676032259, 16.0, 0.0
9, 0 ,1.0,1.0,1.0,186.39247763450797,20.114179511949263,110.9948338863455,8.259565396830721,10.866555670062604,12.887787374226063,33.0,45.0,62.0,-0.017363520242224713,-0.36063634906990144,0.9325448685689767,13.215086521790267,0.10247863151093867,-0.9284155021589291,-0.3571313279938188,10.488790699091162,-0.9945836507043755,-0.08936486491074358,-0.05307808089071647,8.230690977713223,68.32432895901356,53.99605463100434,35.578050334084196,17.934989812767547,5.543794413058793,47618.0,131256.11581022284, 0.0, 0.0,0.0,NaN, 92.25868239513025,92.25868239513025,0.0, 68.22042054452344, -3.3523646708978645, -3.2778875740666935, -3.3523646708978645, 118.08203213056974, -21.934098698812576, -3.2778875740666935, -21.934098698812576, 166.09506340326072, 8.99712214023194, 5.348104528243402, 14.0, 0.0
10, 0 ,1.0,1.0,1.0,49.92267301545888,151.30379622986106,187.6729339247277,16.040616311604463,14.042230558640357,6.541649720566365,74.0,63.0,27.0,-0.9270873578726669,0.3689527891903324,0.0662032493262408,16.408898305593286,0.37191242026848403,0.9274240906181878,0.03956902565221536,13.65497820861386,0.04679938592242938,-0.06130575413206826,0.9970212745912607,6.447357466721444,72.10486219106781,62.03612148152919,28.410594200894735,21.13225717989838,7.120849546742147,61324.0,127083.59910783434, 0.0, 0.0,0.0,NaN, 70.82054857635211,70.82054857635211,0.0, 257.3013716561112, -27.90394296324435, -11.842116419818357, -27.90394296324435, 197.18423906201306, 10.878436517225387, -11.842116419818357, 10.878436517225387, 42.79318106658601, 8.91442117746889, 5.330802538873499, 16.0, 0.0
11, 0 ,1.0,1.0,1.0,77.65601328214174,99.92930026633461,161.24030069293119,12.184390243110428,13.224477150538126,12.377939975967625,59.0,66.0,65.0,0.12461456754925393,0.8528867768383709,0.5070062676622129,13.746387451081562,-0.8595076885611765,-0.16249568970091094,0.4846046678818202,12.321918993159304,0.49569924637701046,-0.49616458632482074,0.7128134120640435,11.651897009540304,63.882555291718376,61.76814722946828,58.11162139986013,21.03363257614639,5.843445918448353,86733.0,229303.05834996403, 0.0, -1.4210854715202004E-14,0.0,31.472946718525357, 132.3579832914125,132.3579832914125,0.0, 148.45936559640458, 7.897290229164285, -3.329604981107445, 7.897290229164285, 174.88679590510498, 21.738260222165234, -3.329604981107445, 21.738260222165234, 153.2133980486574, 7.870742038273577, 4.958986206684563, 26.0, 0.0
12, 0 ,1.0,1.0,1.0,21.170713259208835,174.60453823462672,48.76045684895242,12.0751275711653,11.25232587444028,11.874179550288517,52.0,51.0,57.0,-0.7560422671487146,-0.566916885503062,-0.3271166996900959,12.719583429487942,-0.4433664890144505,0.0759370584936243,0.8931179762866351,11.91425735018976,-0.4814833815446083,0.8202675222626117,-0.30876357495262385,10.472934288476635,62.01930189129942,62.99115571003286,57.50634388664291,19.530707458441476,5.6543036361495975,66105.0,224658.16484737382, 0.0, 0.0,0.0,NaN, 58.91273826855045,58.91273826855045,0.0, 145.8087058599164, 21.24671032482007, 0.10929951531004814, 21.24671032482007, 126.6148375845982, 11.851234595648105, 0.10929951531004814, 11.851234595648105, 140.99613999249001, 7.9131612215363285, 5.1299318654175226, 15.0, 0.0
13, 0 ,1.0,1.0,1.0,164.49569221628045,10.762880909939733,79.62312197606315,11.692141895524466,7.011232501629972,13.577637253606822,61.0,29.0,64.0,-0.2361097496487118,-0.008588349146485375,0.9716884410034732,13.6872602669769,-0.9712435009617649,-0.029435087903114898,-0.23626179851950055,11.567235197648262,-0.030630833491039993,0.9995297973842872,0.0013914670568221585,7.005267514795221,62.650206979404054,61.932257510796944,29.601763728078772,18.338308694003434,5.824279434483982,47124.0,114856.87843809916, 0.0, 0.0,0.0,NaN, 87.8421142157773,87.8421142157773,NaN, 136.70618210507845, 2.702611510583084, -12.279846919592169, 2.702611510583084, 49.15738119191248, -0.5646429640834131, -12.279846919592169, -0.5646429640834131, 184.35223339053178, 7.73506331066293, 5.089580592501185, 14.0, 0.0
14, 0 ,1.0,1.0,1.0,171.48320200191674,60.16718134383985,111.93041209668831,11.60192019638093,12.94300812820986,11.741256313055983,54.0,60.0,57.0,-0.1584629374744203,-0.8751402271898422,0.45718604550127057,13.329392761546512,-0.779561060093314,0.395058918477549,0.4860174940447486,11.859136348218401,-0.6059488848353183,-0.2793886785205534,-0.7448274399358368,11.030470757940103,64.67370034371234,61.685724298446516,58.36076172375502,20.179871989643527,5.723275106140374,75128.0,232826.99354008574, 0.0, 0.0,0.0,NaN, 110.40629417014748,110.40629417014748,0.0, 134.60455224319173, 1.9245551972091022, -11.243675060349952, 1.9245551972091022, 167.5214594069065, -18.764348524310442, -11.243675060349952, -18.764348524310442, 137.85709980887697, 7.467981780463769, 4.771088248656681, 16.0, 0.0
15, 0 ,1.0,1.0,1.0,163.35068533913594,186.73017909948112,22.65392698394986,12.68490569575821,7.529724291767788,13.883672125090191,70.0,31.0,51.0,0.3532267004064647,-0.006715578782855462,0.935513655229881,14.072781025664515,-0.9351641888204031,0.02572177305872724,0.35327939416075904,12.477657631574713,0.026435545537009653,0.999646583244462,-0.002805448241209585,7.524946932053771,64.22481823585079,66.10271521553281,31.6763682645406,19.251699302605687,6.30333293260931,53769.0,134479.95837300873, 0.0, 0.0,0.0,NaN, 45.08282177988646,45.08282177988646,0.0, 160.90683251027912, -2.7184298964052767, 14.002242050078081, -2.7184298964052767, 56.69674791003791, 0.011757196212374237, 14.002242050078081, 0.011757196212374237, 192.7563516770064, 8.500666926513457, 4.991948902539396, 13.0, 0.0
16, 0 ,1.0,1.0,1.0,168.7010047701208,91.27571298081803,10.178463412158733,11.700326114417328,15.652310491436424,6.74135545210176,56.0,68.0,27.0,0.1961648606014836,0.9795431025328145,-0.044884938961623155,15.811533182194072,0.9797829171913313,-0.1939670167200196,0.04901256578450435,11.51138124307055,-0.03930372304560084,0.053592039568612304,0.9977891113104167,6.694912138384502,67.66802485030549,60.30516957012908,28.39711044508598,19.527665088396645,6.782965754814859,49265.0,115880.98915290971, 0.0, 0.0,0.0,NaN, 97.02826392340188,97.02826392340188,NaN, 136.89763118371607, 22.761154008067596, 2.40442029962632, 22.761154008067596, 244.99482372033074, -9.854867929104694, 2.40442029962632, -9.854867929104694, 45.44587333158212, 7.73371670243523, 4.993728403928001, 17.0, 0.0
17, 0 ,1.0,1.0,1.0,188.66268604676503,176.1848155331343,135.8449083658393,6.750784706027632,12.463429980221404,13.792080112715315,28.0,53.0,64.0,-0.06470318084673995,0.47485492491870823,0.8776823449681337,14.343226481758366,-0.0416582558593565,-0.8800439469942367,0.4730615616149358,11.860477026203899,-0.9970346473955006,0.005954127917110057,-0.07672327061378598,6.688242942541082,67.16556242134061,63.436963043462455,30.130036719039595,18.753480323464867,6.280018360799496,45889.0,128377.43679434758, 0.0, 0.0,0.0,NaN, 69.36550642396128,69.36550642396128,0.0, 45.57309414713658, -1.4293238109920245, -11.03339936379468, -1.4293238109920245, 155.33708687188172, 27.15784462832781, -11.03339936379468, 27.15784462832781, 190.22147383555728, 7.574080368799628, 4.9346404148907155, 11.0, 0.0
18, 0 ,1.0,1.0,1.0,189.67293106758834,24.480798771121353,176.03799443164363,6.293279550704378,13.147089924341307,12.680799654874171,27.0,55.0,54.0,-0.01740688495576955,0.8456675835233353,0.5334260384851298,13.450244129084021,-0.01504843306188072,0.5332248546621987,-0.8458397005537509,12.361556245954468,-0.999735237459658,-0.0227506603921694,0.0034441883225915025,6.287835948498691,73.82088636625969,60.72227148993778,27.426567704043265,18.314477958673393,6.150928220224483,41664.0,122941.56180122678, 2.8421709430404007E-14, 3.552713678800501E-15,0.0,89.43125434649146, 35.77898226703578,35.77898226703578,0.0, 39.6053675033139, -2.9899710816515497, 0.12909826516913037, -2.9899710816515497, 172.8459734787167, 12.685265350069976, 0.12909826516913037, 12.685265350069976, 160.80267988705688, 7.93908541933054, 4.92881350960591, 11.0, 0.0
19, 0 ,1.0,1.0,1.0,23.01425363358493,9.908957644563658,18.131152142723472,11.70884610469403,6.362589217911076,11.11061130302584,58.0,25.0,45.0,-0.8656394908468982,0.11569534134366763,0.4871168852315577,11.9876612609846,0.4965020455152309,0.07312258510973542,0.8649501756436961,10.893706150478659,-0.06445145991762916,-0.9905895595746208,0.12074077097751423,6.216787432840609,67.25019919428385,52.89262492012187,29.336387043614298,16.42069955008331,5.602314563828895,32062.0,104350.68931402393, 0.0, 0.0,0.0,NaN, 30.928659685400522,30.928659685400522,0.0, 137.0970771034086, -7.616037478746252, -9.932098326031555, -7.616037478746252, 40.48254155587828, 10.98196722302433, -9.932098326031555, 10.98196722302433, 123.44568352692554, 8.036333245072635, 4.729355093079523, 5.0, 0.0
20, 0 ,1.0,1.0,1.0,24.76545871986597,37.874778939530266,146.43254940895412,13.83507424723145,12.246614744626124,10.666908895084559,65.0,60.0,58.0,-0.9375647359139686,-0.32241298647023586,-0.1304692765593274,13.914487136936174,0.3382767238085837,-0.7580511909169695,-0.557608509689994,13.44644130764067,0.08087783441649479,-0.566928794563046,0.8197868733978302,8.986215075433446,69.00955290602002,54.416834432549706,52.566195668142285,20.382537120608216,6.302696092370172,64462.0,197400.85763674823, 0.0, 0.0,0.0,NaN, 70.12345248308738,70.12345248308738,0.0, 191.40927942640687, 8.458794061412384, -5.067392967733238, 8.458794061412384, 149.97957270329397, 47.04020258181729, -5.067392967733238, 47.04020258181729, 113.78294537603409, 7.860874041608882, 4.899039629226288, 17.0, 0.0
21, 0 ,1.0,1.0,1.0,122.04144487310967,78.90244339177288,179.48472269700966,11.399294380749433,11.177827550052013,11.577128753698684,52.0,55.0,47.0,-0.30586178716282886,0.6578532430806783,-0.6882424556228671,12.540808644174156,-0.880567729583835,0.07939514807848716,0.46722252094389094,11.476940191472847,-0.36200696232134805,-0.7489496118096524,-0.5550003947755724,9.996279992525531,60.32770390364561,54.009301904241596,50.40787681438053,18.96127547745114,5.42104081940159,61431.0,164241.82622237146, 1.4210854715202004E-14, -1.4210854715202004E-14,0.0,48.1618953863875, 112.80074686580276,112.80074686580276,0.0, 129.9439123789856, -13.761612555150501, -1.0091501682633695, -13.761612555150501, 124.9438287387018, -24.784816409903417, -1.0091501682633695, -24.784816409903417, 134.02991017971686, 7.765591730362166, 4.818399861428657, 17.0, 0.0
22, 0 ,1.0,1.0,1.0,15.856502556201415,101.78559422928777,22.67522235450662,9.718443228565834,11.594680978189679,12.485702569663752,39.0,52.0,54.0,-0.08343284538546025,-0.5115563619515925,0.8551894812599939,12.905683920819559,-0.3187673272170322,-0.7993897796145263,-0.5092773029958709,11.321703468506193,-0.9441537752981741,0.3150969196845471,0.09637209033488194,9.488935005472058,58.411248641661906,59.00087752657841,45.33408018739276,18.793412093939686,5.620070844599656,57116.0,156235.51726437517, 0.0, 0.0,0.0,NaN, 102.0375611382164,102.0375611382164,0.0, 94.44813878685709, 12.984868168345887, 0.7323188321580063, 12.984868168345887, 134.43662698599357, -17.946726434741635, 0.7323188321580063, -17.946726434741635, 155.89276865810803, 7.889713898303212, 4.876793033353646, 12.0, 0.0
23, 0 ,1.0,1.0,1.0,81.70468544450866,22.82657339218314,40.70566900672511,12.954997687694522,11.60749772860434,13.232374465523604,68.0,49.0,67.0,-0.6945805374574283,0.3324526171226643,0.6379914845463385,14.775693677031537,0.3860070076352524,-0.5761335373847253,0.7204642511305062,12.274145324248073,-0.6070885166446721,-0.7466896306155953,-0.271842102127904,10.42525469834362,70.30024446398873,64.50475408319781,60.98555591118787,20.97365119890284,6.145539682595152,81337.0,276551.19924017123, 0.0, 0.0,0.0,NaN, 94.09388697306477,94.09388697306477,0.0, 167.83196508817042, -34.64990972275556, -36.911674028528715, -34.64990972275556, 134.7340035195549, 5.833312846660999, -36.911674028528715, 5.833312846660999, 175.0957339958411, 6.784234777387341, 4.465910899379639, 17.0, 0.0
24, 0 ,1.0,1.0,1.0,153.54792752982766,82.13666813963765,70.71476800707026,10.840559666560896,10.205317150105321,12.393350041674964,47.0,52.0,61.0,-0.08807687676182743,-0.09621111046886197,0.9914564468509093,12.422601695666621,0.9872636051681141,0.12395147209359295,0.09973267506835166,10.838723990194744,-0.13248787752220978,0.9876130086163197,0.08406846924668185,10.171646211365356,59.8478285518089,46.800575808760925,51.49102630651279,18.606376490902413,5.391114091985704,56575.0,144221.87657884115, 0.0, 0.0,0.0,NaN, 117.9186401895344,117.9186401895344,0.0, 117.5177338842669, 2.1460967625165064, -3.0611947583063124, 2.1460967625165064, 104.14849813423379, -4.6781013916158525, -3.0611947583063124, -4.6781013916158525, 153.59512525548482, 6.754398137410025, 4.471271547450318, 17.0, 0.0
25, 0 ,1.0,1.0,1.0,136.1504288744735,116.07037230608418,121.62806284010207,9.927393362679753,12.766165129319493,12.707956340053247,51.0,64.0,61.0,0.18374203863858823,0.7468717692399632,0.6390785738462076,13.71444815515651,-0.293243043491788,-0.578895002073466,0.7608476155039423,12.01175608755989,-0.9382149970452448,0.3272050379910564,-0.11264760287135478,9.521128762894797,66.19801386578567,61.78166372001431,45.93550068114257,19.724881778567138,5.8266031483770275,65054.0,187868.08702750082, 0.0, 0.0,0.0,NaN, 131.3891573606741,131.3891573606741,0.0, 98.55313897737803, 22.475195016642598, -0.5243831732598727, 22.475195016642598, 162.97497210905297, 22.884737730470118, -0.5243831732598727, 22.884737730470118, 161.4921543406995, 7.247745301516631, 4.572060275890577, 25.0, 0.0
26, 0 ,1.0,1.0,1.0,116.223752895219,58.19004736059737,15.599025132229405,13.103448329415498,11.27657854070653,9.32764792517249,67.0,61.0,40.0,0.9934518838203097,-0.11081500395827877,-0.027809880107714076,13.12790364400796,-0.10909895236418145,-0.9923909794752568,0.05707505978253095,11.256814714275547,0.03392304713490399,0.05366729687498708,0.9979824888840564,9.317127557593684,66.89202316194527,61.73442600342381,41.51871788998467,18.816495241804446,5.639690092329413,57854.0,171453.23343323337, 0.0, 0.0,0.0,NaN, 103.18852056244346,103.18852056244346,0.0, 171.7003581216618, -5.095588258079527, -2.611580536120371, -5.095588258079527, 127.16122358472305, -1.9967725883925704, -2.611580536120371, -1.9967725883925704, 87.00501581597467, 7.2443168704345595, 4.798081267811523, 15.0, 0.0
27, 0 ,1.0,1.0,1.0,150.96288079053375,151.78815772910372,54.75810360020141,10.060647723304156,14.204562286305013,10.729837416322782,47.0,64.0,51.0,0.013892500493810384,-0.9808591935928352,0.1942221428530782,14.331118274602328,0.5145836213208813,-0.15953078411063237,-0.8424687683168641,10.833371563832085,-0.8573276474594277,-0.11164753138990002,-0.5025177943478459,9.765896932590346,65.32793411207938,55.017975042364355,52.66948621779602,19.592522684187742,5.8522378803526385,63552.0,189305.22821753385, 0.0, 0.0,-7.105427357601002E-15,78.80071306729171, 87.90603338456114,87.90603338456114,0.0, 101.21663261242509, -3.3041719523704143, -9.235942749356827, -3.3041719523704143, 201.76958974551872, -18.001725378123112, -9.235942749356827, -18.001725378123112, 115.12941098072037, 6.703830081493521, 4.554639575465144, 21.0, 0.0
28, 0 ,1.0,1.0,1.0,53.14418892847587,71.56161721423442,91.65234963597189,12.545237262926825,12.038846086624785,11.543727472663099,66.0,57.0,53.0,0.734842851209786,-0.6205671071280321,0.2736831189105716,13.832707985461484,0.26057474794173224,-0.11423538141352998,-0.9586715174492293,11.341951595413152,-0.6261843057447026,-0.7757878209820328,-0.07775906413386112,10.751314377318739,64.9092195056293,53.435542973412595,56.03697662589603,20.02949559492411,5.864617912236386,71011.0,194361.977668004, 0.0, 0.0,0.0,NaN, 127.8496111412803,127.8496111412803,1.3486991523486091E-6, 157.38297798312774, -34.933283556864744, 11.975265692319322, -34.933283556864744, 144.9338150974409, -11.436740164652958, 11.975265692319322, -11.436740164652958, 133.25764396311678, 7.418573189902048, 4.553287725873122, 18.0, 0.0
29, 0 ,1.0,1.0,1.0,96.89039166592148,186.62655369757667,138.68382813198605,11.265619866081362,7.858810343560694,12.222657284609355,54.0,32.0,58.0,-0.10685571713851341,0.15081240854677577,-0.9827703053832745,12.325259181307414,0.9929549857244208,0.06709335051211954,-0.09766718303541558,11.260745334424664,-0.05120792946243301,0.9862829714363817,0.15691924105982732,7.704027693807194,58.207176980604146,52.86285991189317,35.58974742405729,17.57898325792019,5.389600142668672,44732.0,109509.57604223448, 0.0, 0.0,0.0,NaN, 115.43946463721709,115.43946463721709,NaN, 126.91419096704703, 3.0021012424934925, 3.178682136527032, 3.0021012424934925, 61.76090001605655, -14.160682532754363, 3.178682136527032, -14.160682532754363, 149.39335109701412, 7.257293077985406, 4.726011648252942, 12.0, 0.0
30, 0 ,1.0,1.0,1.0,45.79254804259168,121.21630671088754,144.4130948791596,10.69255441760044,10.46788415806891,13.220913471732347,48.0,55.0,62.0,0.059691308876618346,0.25767854073486784,0.9643851498697733,13.401766706529814,0.8170482065863678,0.5424125617983332,-0.1955015112917794,11.087616464606562,-0.5734711638422604,0.799618898255987,-0.17815847381835398,9.805981951067682,61.624131479682944,56.69845652012789,50.6621478966495,19.180633181158385,5.550061487677379,63017.0,177013.197172662, 0.0, 0.0,0.0,NaN, 106.74142497371545,106.74142497371545,0.0, 114.33071997334672, 13.150939867518826, 0.5264831609764598, 13.150939867518826, 109.57659874675005, 17.897854605934512, 0.5264831609764598, 17.897854605934512, 174.79255302703388, 7.123373577602589, 4.463693228674726, 15.0, 0.0
31, 0 ,1.0,1.0,1.0,10.554936228215364,178.91875182552818,136.7907701294908,6.43799959553084,11.620819357808694,13.078356551473032,27.0,49.0,63.0,-0.03337513185673202,-0.022528483046028593,0.9991889551156932,13.08444097242123,-0.027019709355968827,-0.9993601665893207,-0.023434861657031226,11.623147357167332,0.9990775925221549,-0.027779936756767733,0.03274506426814966,6.421412724559355,63.14164905631685,49.66259854172637,28.28678451060084,17.737897969034947,5.735997477897251,41084.0,88701.08697841923, 0.0, 0.0,0.0,NaN, 67.46282268181668,67.46282268181668,0.0, 41.447838792055265, 2.632250441285733, -4.274748519673396, 2.632250441285733, 135.04344254682127, -0.7273490728203827, -4.274748519673396, -0.7273490728203827, 171.04341008745757, 7.379728506515355, 4.69781485996001, 12.0, 0.0
32, 0 ,1.0,1.0,1.0,51.79978401727862,10.202224622030238,121.88386609071274,12.511886355355557,6.831744558453775,13.108993621901467,68.0,28.0,63.0,0.1860408446444429,0.011410457084826086,0.9824757531833025,13.130987716305215,-0.9823665631336409,-0.016735655688362706,0.18621453612883815,12.490684238474524,-0.01856716890050927,0.9997948386032988,-0.008095735990262936,6.828302608211962,65.50268477258868,69.40792979889132,28.347561928772997,18.427920952137985,5.956297259379918,46300.0,128879.51844755354, 0.0, 0.0,0.0,NaN, 94.28379175875763,94.28379175875763,0.0, 156.54730016933254, 2.0654994005663125, 2.98219089980359, 2.0654994005663125, 46.67273371196276, 1.0693382676600072, 2.98219089980359, 1.0693382676600072, 171.84571377905334, 6.786446656557062, 4.6512785219836275, 15.0, 0.0
33, 0 ,1.0,1.0,1.0,9.440628483465153,21.85909549339137,178.22182706088432,6.322966104928391,12.868063250028777,11.335471442561069,25.0,51.0,50.0,-0.07251769895677172,0.9880307490474514,0.1361485301967944,12.928136100829686,-0.0873684805582669,0.12969015507130097,-0.9876979357488408,11.327121981235713,-0.9935330552845005,-0.08352067177839459,0.07691791366600459,6.214456498887328,56.65240059047256,52.164337376113394,28.416306816619866,17.362221629972645,5.710790231452236,37678.0,83976.86270113062, 0.0, 0.0,0.0,NaN, 32.26816292443756,32.26816292443756,0.0, 39.97990036407331, -10.224420175733375, 6.470306999713291, -10.224420175733375, 165.5870518067412, 5.799927805781218, 6.470306999713291, 5.799927805781218, 128.49291282511751, 7.876712015852078, 4.827104344080108, 8.0, 0.0
34, 0 ,1.0,1.0,1.0,112.80960048742276,71.74127426233788,64.9354164853338,10.12352122778704,12.006688488654493,13.246976308729645,48.0,58.0,60.0,0.08717965762107005,-0.4014802140509874,0.9117090243178718,13.546328046450968,0.04031460338267925,-0.9130219530121256,-0.4059133479845441,11.696912137230576,-0.9953765317964706,-0.07214257441689925,0.06341142566865907,10.089988837899257,63.71127328991969,60.82725030559498,49.59724918869426,19.739162927796848,5.700357773595867,68934.0,192208.26531419752, 0.0, 0.0,0.0,NaN, 130.25200387737064,130.25200387737064,0.0, 102.4856820494548, -4.148051401439292, 5.920421582528454, -4.148051401439292, 144.16056846358833, -16.928189964082677, 5.920421582528454, -16.928189964082677, 175.48238132404447, 7.335593171399771, 4.506937421520429, 19.0, 0.0
35, 0 ,1.0,1.0,1.0,122.0608160949504,151.89391685706838,163.4283808443102,11.586805948685244,11.424203033930397,11.434272759699748,57.0,53.0,60.0,0.05306051783031513,0.7117098128002614,-0.7004667899418182,12.13907286076983,-0.9515977949939136,-0.17661459520583558,-0.251533141599671,11.683359878676175,0.30273126368166886,-0.6799091315198632,-0.6678902266582473,10.56650806191076,57.68756160581472,61.49280833792852,49.54228964050341,19.150240673336572,5.364453630096361,65213.0,175744.84038997864, 0.0, 0.0,0.0,NaN, 98.62147307158116,98.62147307158116,0.0, 134.25407209248777, 5.52479913122947, 4.62091977936095, 5.52479913122947, 130.5124149604645, -16.696539973917215, 4.62091977936095, -16.696539973917215, 130.74259354321168, 7.381518578981057, 4.43145751731553, 19.0, 0.0
36, 0 ,1.0,1.0,1.0,171.67238834013312,104.1549683272493,124.56126529954906,11.424185769834994,12.077752088494478,13.665958894996585,53.0,59.0,65.0,-0.2261383725849917,-0.1547623239457504,0.9617224441238345,13.753627324820588,-0.5493967781044768,-0.7950171773858878,-0.257120337332145,12.786173688986024,0.804378403895226,-0.5865119868751929,0.09475796852340185,10.511614830253217,60.03171268554304,66.0732793089544,60.62169195999222,20.627412267398203,6.136156100141582,74512.0,240455.46344017654, 0.0, 0.0,-1.4210854715202004E-14,15.903945034737417, 125.21871414412395,125.21871414412395,1.3486991523486091E-6, 130.51202050370037, 25.899129426622295, -9.623214418787626, 25.899129426622295, 145.87209551113273, -0.8764484970728013, -9.623214418787626, -0.8764484970728013, 186.7584325197363, 7.606078792251014, 4.724182541639671, 18.0, 0.0
37, 0 ,1.0,1.0,1.0,144.62749226006193,42.740959752321984,83.2719040247678,11.61528829578522,10.275325294840409,12.679634951549962,57.0,48.0,56.0,-0.04137299406817818,0.17667173898894456,-0.9833999044155213,12.744150958238995,0.918908504973633,-0.379716214624497,-0.10687729337125504,11.905875271468902,0.39229508644508526,0.9080763695823517,0.14663516685017253,9.854294748352165,57.86694923974035,60.55428850170381,48.66309884907733,19.27543717226465,5.452329450042446,64600.0,170519.97240267755, 0.0, 0.0,0.0,NaN, 108.75253676981173,108.75253676981173,0.0, 134.9149221942051, -16.054296354801092, -1.7273204573994176, -16.054296354801092, 105.58230991478713, -9.534503994574699, -1.7273204573994176, -9.534503994574699, 160.7731425045674, 7.657054889970243, 4.502130362622164, 13.0, 0.0
38, 0 ,1.0,1.0,1.0,84.11258475173418,34.94041933513928,109.8434304683463,11.588278019536466,11.050690326455134,12.015103224638944,59.0,62.0,58.0,-0.6528236925016684,-0.0017381425129221473,0.7575078912916297,13.176572973581344,-0.3842305984389926,0.8625691387627604,-0.3291524389660255,11.449023317150077,-0.6528308155500167,-0.5059362209949729,-0.5637734177430019,9.801348856318175,62.57627253834201,58.02409304318127,47.80019372081645,19.216751887657836,5.611158216982639,63863.0,173559.2271778857, 0.0, 0.0,0.0,NaN, 128.15602540126216,128.15602540126216,0.0, 134.28818745807197, -11.516427587486568, -33.92454574741988, -11.516427587486568, 122.11775669120907, -10.043088283794681, -33.92454574741988, -10.043088283794681, 144.36270549872913, 6.452718641523029, 4.191812308277126, 16.0, 0.0
39, 0 ,1.0,1.0,1.0,16.648289578361176,72.13198090692124,170.04299920445504,10.077478644651386,11.365631047462497,10.484800754045574,41.0,56.0,57.0,0.005234724875197603,-0.8527546641916316,0.5222854395394322,11.861464769574903,-0.8336965042813623,-0.2921345979493855,-0.4686229992541841,10.198434525143993,0.5521980952561473,-0.4329744327097939,-0.7124678267929818,9.796008296697552,56.62264421715131,53.23714540545015,52.070738357845386,17.740671698254552,5.092421770358314,50280.0,156963.48874089832, 0.0, 0.0,0.0,NaN, 79.85994059668278,79.85994059668278,9.5367431640625E-7, 101.55557583340475, 1.7600029904135799, 3.2658989246536345, 1.7600029904135799, 129.17756910704347, -18.821506418471987, 3.2658989246536345, -18.821506418471987, 109.93104685203465, 7.592628477326488, 4.564869141524993, 12.0, 0.0
40, 0 ,1.0,1.0,1.0,185.85468844193565,116.06803858168466,65.26308434263167,9.113883418160171,11.494221017182173,9.591153270396282,38.0,50.0,50.0,0.04034382675542693,0.9460944069599789,-0.321368555963045,11.705077108561502,0.6513908486685689,-0.26879147128850933,-0.7095358392874884,9.95587554976941,-0.757669016070718,-0.1807111454271793,-0.6271213152212475,8.428636943659017,51.179154280484624,47.9957780143323,44.6138140600718,16.733535683286416,5.21142901170928,36494.0,109588.62904705996, 0.0, 0.0,0.0,NaN, 107.25639451572917,107.25639451572917,0.0, 83.06287095981493, -2.3981528854421397, -13.832297466186164, -2.3981528854421397, 132.11711679183242, -14.702039744143168, -13.832297466186164, -14.702039744143168, 91.99022105623328, 7.5444279068823406, 4.853597464022827, 11.0, 0.0
41, 0 ,1.0,1.0,1.0,165.3588029187695,93.32926162846765,190.26088913176253,10.696294615432855,13.720541192212703,5.089973288939813,48.0,62.0,21.0,-0.30828194192996966,-0.9510621399069787,-0.02104876042539291,14.038259218925134,0.9499224994933343,-0.30657362889020434,-0.06049673565926853,10.29376444682923,0.05108316000623752,-0.038644742263988986,0.9979464387727062,5.053463050713091,61.98590435791489,47.9886528011839,23.15031910001352,17.12442406386808,5.943559343547943,31109.0,68863.40319210128, 0.0, 0.0,0.0,NaN, 100.02606606199924,100.02606606199924,0.0, 114.41071850013788, 26.872120020027783, -3.5086645179444718, 26.872120020027783, 188.25325060720562, 4.925510708263072, -3.5086645179444718, 4.925510708263072, 25.907828082120776, 7.37091758272247, 4.5587109573893345, 11.0, 0.0
42, 0 ,1.0,1.0,1.0,120.2792561591914,8.229114024005053,164.29117972204673,11.014268550471881,5.943277399381345,10.523158945516098,55.0,24.0,49.0,-0.9674603420742237,0.2101006255689152,-0.14099011897709873,11.211201936955339,-0.14528958659008756,-0.005091192633394193,0.9893760739911042,10.513580712813027,0.20715072421333078,0.9776665110829565,0.03545095999789592,5.580959045225227,56.36736640920297,46.88633336570652,27.607010750257576,15.4987845932964,5.2116416100016405,25328.0,72961.44047982666, 0.0, 0.0,0.0,NaN, 87.73958719868168,87.73958719868168,0.0, 121.31411170191393, -19.15865932927145, 1.4842658648911886, -19.15865932927145, 35.32254624599709, -3.2004783609853416, 1.4842658648911886, -3.2004783609853416, 110.73687419259548, 7.353043044103629, 4.393055512945587, 10.0, 0.0
43, 0 ,1.0,1.0,1.0,81.53980702663836,104.38738482634069,74.61993946589521,11.80583022437326,10.574451782625253,11.332167467039694,59.0,56.0,53.0,-0.9551973114762269,-0.26799703470063735,0.12560129593381578,11.924388816831897,-0.07679845269542894,-0.1854066049255329,-0.9796562603860478,11.344346277468015,0.2858322826627119,-0.9454110112758646,0.15651813296283146,10.427340800642147,58.10624905156332,54.440675816722575,55.802931034227,18.73231794974066,5.3586324300720625,59801.0,176523.83735681325, 0.0, 0.0,0.0,NaN, 146.14598070484712,146.14598070484712,2.6973983046972182E-6, 139.3776272867252, 8.8501167274946, -2.512454070978124, 8.8501167274946, 111.8190305030664, 2.499949538186142, -2.512454070978124, 2.499949538186142, 128.41801950103283, 6.223887842274938, 4.038293677483333, 16.0, 0.0
44, 0 ,1.0,1.0,1.0,49.09369706872845,182.73034693023533,162.48755554669907,11.680472692863718,9.845765789041074,10.775963774163865,52.0,42.0,46.0,-0.8984860074707564,0.15069947118181354,0.4123257980829992,12.01196454876727,-0.324309646794921,0.4051817789733014,-0.8547812462752001,10.620284257262124,0.29588198217365996,0.9017302231674129,0.31517686661846467,9.613335089217843,60.80296541724423,51.76645306691027,50.24975297118095,17.9117339474358,5.353851749888865,50183.0,158163.80370742545, 0.0, 0.0,0.0,NaN, 64.15306304369338,64.15306304369338,0.0, 136.433442328735, -9.70067734623212, -13.568608616076622, -9.70067734623212, 96.9391039726516, -3.8333180228776498, -13.568608616076622, -3.8333180228776498, 116.12139526209194, 7.225218085705411, 4.497837153476018, 9.0, 0.0
45, 0 ,1.0,1.0,1.0,178.41244490623586,154.7750330981549,88.47969700524543,12.606001299537173,8.958201164684223,12.788558814914417,51.0,41.0,55.0,0.5297572916110791,0.11184355157752784,-0.840742666905528,12.934465513620168,-0.8445113067041973,-0.022155294249675033,-0.5350792425290668,12.501967456604838,0.07847206403341264,-0.9934788185498649,-0.08271621521262196,8.894283839881213,65.10038804695125,59.975895751524945,41.74644689899196,19.233558789388457,5.725215256087242,59671.0,162997.0852078124, 2.8421709430404007E-14, 0.0,0.0,58.010942532646055, 101.68567720352422,101.68567720352422,0.0, 158.9112687639329, 6.669649585582822, -4.398783713966501, 6.669649585582822, 80.24936810694977, -7.377763861869039, -4.398783713966501, -7.377763861869039, 163.54723656252526, 7.6992785345934465, 4.606064830697007, 9.0, 0.0
46, 0 ,1.0,1.0,1.0,115.23625409576155,153.9173237501321,62.26041644646443,9.344079385296785,11.486068410635015,10.351538944531946,46.0,52.0,50.0,-0.14787874972438692,-0.9661198310033373,0.21152859740951124,11.600083507631531,-0.22708333101959044,-0.17499751399061259,-0.9580235022535475,10.33040864057552,-0.962582482779008,0.18970593622548676,0.1935112958145139,9.225869365397232,55.494138492844826,50.87350535356512,46.37784477231092,17.36367283665466,4.9898708634909115,47305.0,130933.06649356063, 0.0, 0.0,0.0,NaN, 114.82536795567266,114.82536795567266,1.3486991523486091E-6, 87.31181955872835, 7.922566108625387, 3.152575537349463, 7.922566108625387, 131.92976753378758, -6.48334237983042, 3.152575537349463, -6.48334237983042, 107.15435852016157, 6.398600364223417, 4.062478843108966, 16.0, 0.0
47, 0 ,1.0,1.0,1.0,99.09282296650717,157.8677645487927,15.240280405029488,11.314971097835173,10.52648163227728,9.616612759097466,50.0,51.0,41.0,-0.8563705921291349,0.014524937252276535,0.5161573743871267,12.170505886058276,0.10426197868230486,0.9838791727528425,0.14529698284697107,10.58783104081562,0.5057260609634882,-0.17824365240030252,0.8440795884520338,8.431562594591501,58.64510896543035,52.82973214535767,49.800227116161004,17.434158423390027,5.231132528055247,44935.0,154291.3324868102, 0.0, 0.0,0.0,NaN, 108.75099528009582,108.75099528009582,0.0, 128.0285709448453, 3.248793903794061, -33.42766684253627, 3.248793903794061, 110.80681555467096, 6.440207993027289, -33.42766684253627, 6.440207993027289, 92.47924095843618, 7.471074650974604, 4.362049173702243, 13.0, 0.0
48, 0 ,1.0,1.0,1.0,95.45457094784072,8.577888390353337,133.31814357823893,11.18393094629684,5.711709948719567,10.721923202457479,53.0,23.0,54.0,-0.8325618827771541,-0.005381443037202685,0.5539059048407029,11.541249960951303,0.5516265581551114,0.0830824546360083,0.8299430378463339,10.361560091173693,0.05048615339383796,-0.9965281460162044,0.06620273795698264,5.66579217100948,57.94113874998353,50.65638814985627,24.78049682057702,15.702266885157819,5.109050183403611,28528.0,72732.9590324544, -1.4210854715202004E-14, 0.0,0.0,33.637188211760225, 116.75455134565878,116.75455134565878,0.0, 125.08031141153612, 3.9021993604142624, -12.16726324742574, 3.9021993604142624, 32.62363053830207, 4.888147958817752, -12.16726324742574, 4.888147958817752, 114.95963715939602, 6.583289621581715, 4.1557612433878575, 8.0, 0.0
49, 0 ,1.0,1.0,1.0,117.72384378433104,111.62277319432178,51.83161363979062,10.687487207605164,11.164675527126557,9.154724987231669,50.0,48.0,44.0,0.5170842499741268,0.841516546231792,0.15644098199260384,11.513709045137844,0.8549338588478573,-0.5166150337812802,-0.0468722078280828,10.372390773059484,-0.04137602475113862,-0.15798357284630052,0.9865744854224188,9.084567447349814,56.33005007296899,51.70415917670737,45.752695978846305,17.271371839296386,4.937718786986034,46423.0,133254.62983242635, 0.0, -1.4210854715202004E-14,7.105427357601002E-15,49.83795369178221, 131.40173618332437,131.40173618332437,0.0, 114.22238281272404, 10.705446704246087, 3.0434760110745644, 10.705446704246087, 124.64997962601866, 7.193895656463704, 3.0434760110745644, 7.193895656463704, 83.80898959184388, 6.467376178845465, 4.102630766021824, 12.0, 0.0
