// Sample: .//bubblelabels.tif, Map: .//bubblelabels.tif, Thickness:(8.191250068658265):/gpfs/home/mader/Foam/NewValid/InSilicoTest/LatticeData_OldFoam/out_Step_07000.vtk/distmap.tif, Neighbors:(1.0):
//LACUNA_NUMBER, TRIANGLES, SCALE_X, SCALE_Y, SCALE_Z, POS_X, POS_Y, POS_Z , STD_X, STD_Y, STD_Z,PROJ_X, PROJ_Y, PROJ_Z, PCA1_X, PCA1_Y, PCA1_Z, PCA1_S, PCA2_X, PCA2_Y, PCA2_Z, PCA2_S, PCA3_X, PCA3_Y, PCA3_Z, PCA3_S,PROJ_PCA1, PROJ_PCA2, PROJ_PCA3,OBJ_RADIUS, OBJ_RADIUS_STD, VOLUME, VOLUME_BOX, Mask_Grad_X,Mask_Grad_Y,Mask_Grad_Z,Mask_Angle, Mask_Distance_Mean,Mask_Distance_COV, Mask_Distance_STD, SHAPET_XX, SHAPET_XY, SHAPET_XZ, SHAPET_YX, SHAPET_YY, SHAPET_YZ, SHAPET_ZX, SHAPET_ZY, SHAPET_ZZ, Thickness, Thickness_STD, Neighbors, Neighbors_STD
1, 0 ,1.0,1.0,1.0,78.98405313796245,135.78763971585732,39.512961956627976,18.0544376482992,17.345854259320234,19.098029212578552,98.0,91.0,87.0,0.3856394679629023,-0.35514906923760176,0.8515581831965181,19.521446236854512,0.8097120466328789,-0.3121937932511311,-0.4968917759362348,18.04895765274553,-0.44232183112173523,-0.8811379994502201,-0.16717423138145396,16.87377737963266,95.5728836652195,91.81060338484514,89.22157206364162,30.295311469321277,8.588958118606007,255787.0,782883.9735132122, 0.0, 0.0,0.0,NaN, 161.98159744949388,161.98159744949388,0.0, 325.9627187963235, -23.57226996524069, 15.13270170814394, -23.57226996524069, 300.87865998557794, -22.776448449209777, 15.13270170814394, -22.776448449209777, 364.73471980450375, 7.88124836014973, 6.217651925511934, 41.0, 0.0
2, 0 ,1.0,1.0,1.0,57.142073729470646,262.3596954958765,13.616874603510256,20.050282594349035,21.113560567349857,9.13086780631795,114.0,95.0,38.0,0.5719909130005539,0.8181067976307648,-0.05939413367605266,22.06792558615118,0.8171636592166676,-0.5746215206775511,-0.04531734800101047,19.04762073562818,0.07120357786248473,0.022613616352865296,0.9972054326241043,9.020189769435127,106.74909240015728,102.51493832401331,42.04959030089684,28.651099798587282,10.501595077522877,141870.0,460164.50352854305, 0.0, 0.0,1.7763568394002505E-15,86.59496283724374, 69.76695770373767,69.76695770373767,0.0, 402.0138321132559, 57.657503190139415, -24.20290917395016, 57.657503190139415, 445.78243983115084, -12.380842398090682, -24.20290917395016, -12.380842398090682, 83.37274689645356, 7.7043719545595994, 5.951665468877121, 23.0, 0.0
3, 0 ,1.0,1.0,1.0,260.8994584026842,140.30574093154738,127.0491453330163,18.21970119934955,16.80748582271395,15.25404049736861,89.0,99.0,75.0,-0.9182150727678159,-0.33438356904326677,0.212293921005481,18.45650306551879,0.3903622628873085,-0.8547482730743983,0.3420857982872624,16.947893652523177,0.06706999221331769,0.39697987156809394,0.9153734744432378,14.80747238069116,107.20814143986377,87.53802223656731,79.26662708218629,27.84423284445672,8.47546696491304,189255.0,743900.5436948355, 0.0, 0.0,-1.4210854715202004E-14,77.74318415632494, 193.27710320005266,193.27710320005266,0.0, 331.95751179357944, 14.5894990274789, -14.58451223272012, 14.5894990274789, 282.4915796807304, -28.490764822088767, -14.58451223272012, -28.490764822088767, 232.68575149536161, 6.712142860231046, 5.577298766080923, 44.0, 0.0
4, 0 ,1.0,1.0,1.0,79.26926576500162,16.58636244467406,263.1316950171954,17.689219338006975,10.605112454127076,18.930965996620632,83.0,45.0,80.0,-0.16303141153829004,0.07595692053646264,0.9836926883302785,18.981351062544597,0.9734477088010961,-0.14999894346460432,0.17291580375835927,17.810398872783455,-0.1606870159089702,-0.9857641011835037,0.049485550781519796,10.308072969803751,92.83094544294991,85.11172669329594,47.637442602038305,26.409445291389837,9.289755858970768,129686.0,376383.53199943376, 0.0, 0.0,0.0,NaN, 88.98312101951497,88.98312101951497,0.0, 312.90848078811996, -33.94848924762926, -5.231642505748514, -33.94848924762926, 112.46841016468119, 13.509526979067621, -5.231642505748514, 13.509526979067621, 358.38147356520653, 7.342599147886418, 5.781869870110492, 19.0, 0.0
5, 0 ,1.0,1.0,1.0,188.25903127193138,113.18254647967741,236.30401812796632,15.95154699459983,14.988957006914776,16.25841250020753,81.0,89.0,83.0,0.28103881516585855,0.18509386414014883,-0.9416779947667031,16.28062543000959,-0.8793816760713646,-0.34327853097642724,-0.3299207752788292,16.134283778942937,0.3843241498528137,-0.9208149171404284,-0.06629356086059793,14.767626188769626,83.14946718729556,83.72977881629308,84.62347731756606,26.252722949283733,7.365541287037956,168138.0,589155.9687012961, 0.0, 0.0,0.0,NaN, 171.32866376223797,171.32866376223797,NaN, 254.45185152092688, 15.192416664707514, -0.1793937213910527, 15.192416664707514, 224.66883215513957, -3.4048473777589905, -0.1793937213910527, -3.4048473777589905, 264.33597702690446, 7.014748243419991, 5.681892243143524, 39.0, 0.0
6, 0 ,1.0,1.0,1.0,274.95647562716704,205.79752338218583,208.45774307275428,15.213484439001215,16.384708896694292,17.35371208807858,61.0,99.0,86.0,-0.32221289085665916,0.40142395294146477,0.857343375183271,17.94610345471583,-0.0806311727144095,-0.9139902225537917,0.3976436684555273,16.072267081730267,-0.94322715554234,-0.058997314183945264,-0.32686671590510263,14.85529263553015,93.10117435667819,97.29253239858464,72.58847408987941,27.094755925144014,8.181339682344557,171605.0,657509.9567704896, 0.0, 0.0,2.8421709430404007E-14,30.980406892402783, 133.72086418086135,133.72086418086135,0.0, 231.4501087757321, -10.339490678351181, -29.213502619326594, -10.339490678351181, 268.4586856294131, 21.212492298044886, -29.213502619326594, 21.212492298044886, 301.1513232359246, 7.7529531496394535, 5.972383656476299, 33.0, 0.0
7, 0 ,1.0,1.0,1.0,261.8917875607081,277.489732100893,25.319699201002663,19.484323490934717,13.47811147026662,16.320902292482394,81.0,59.0,69.0,0.9363132787953211,0.18665493453725046,0.2974514739658374,19.914314098765455,-0.34063378912010756,0.2768603903607571,0.8985081780145168,16.28043502577082,-0.08535845395291966,0.9426071608375272,-0.3228090374766226,12.885562917173862,93.6881787031233,89.69408032463312,61.35032315366459,27.342861656066564,8.946402562048403,159575.0,515543.63839830045, 0.0, 0.0,0.0,NaN, 50.990540140667505,50.990540140667505,0.0, 379.63886189939046, 30.953386770598584, 33.90308360208552, 30.953386770598584, 181.65948880493266, 37.430943613603986, 33.90308360208552, 37.430943613603986, 266.37185164075703, 7.265291043710283, 5.7728625038777155, 19.0, 0.0
8, 0 ,1.0,1.0,1.0,155.77496454140214,176.38714034850736,14.614868972038362,17.24572282509237,17.42433355413791,9.595500405340053,82.0,81.0,41.0,-0.6565323452890737,-0.7542763514641619,-0.005697825123742186,17.998935650082867,-0.7485962442200923,0.6506241079290613,0.12763985788571638,16.738693585787818,-0.09256858391917175,0.08806506573792976,-0.9918042152903837,9.43135388477875,85.71475050591908,87.44850152594574,44.59173613501565,25.063012605971103,8.058621638183398,118448.0,334242.9986271265, 0.0, 0.0,0.0,NaN, 190.51140207169564,190.51140207169564,2.6973983046972182E-6, 297.41495575991195, 23.238021967356563, -17.393359681466265, 23.238021967356563, 303.60739980585623, 16.891104690819425, -17.393359681466265, 16.891104690819425, 92.07362802888112, 8.569043839685483, 5.852336637033401, 18.0, 0.0
9, 0 ,1.0,1.0,1.0,44.04010662097196,257.7233614165358,214.54267218810986,16.85698778919327,21.576559120494064,15.378575525582649,84.0,89.0,92.0,-0.1774698093110215,0.9580713690426407,0.22495270303748288,21.981844577138954,-0.9144038578099611,-0.24503634553048448,0.3222154158188669,16.95684277444714,0.36382695282973493,-0.14851411107980717,0.9195507094254262,14.678914064413036,98.88235911080946,90.7982168503776,87.60479380331395,29.874348771645785,9.681415778250999,210090.0,786545.7895503717, 0.0, 0.0,0.0,NaN, 105.02285483575604,105.02285483575604,0.0, 284.1580373250109, -29.375144191992284, -31.9210174489815, -29.375144191992284, 465.5479034801756, 52.01180239373908, -31.9210174489815, 52.01180239373908, 236.50058519604966, 7.3934470445521985, 5.424777798014329, 30.0, 0.0
10, 0 ,1.0,1.0,1.0,277.50386319808945,209.20937895099806,285.6892967063842,14.184480115788716,18.46441658424257,8.826339446805534,62.0,103.0,39.0,0.3386720917790775,0.9394211313034929,-0.05281242572019018,19.040140350017587,0.9402853966244437,-0.3399514781157102,-0.01721526711255661,13.432572529240867,0.03412604789302452,0.04382842214146296,0.9984560492419248,8.77937780712331,107.59788346119024,67.91312028279066,41.87227770690629,23.166494429217263,9.12972945069529,78303.0,305973.6299359714, 0.0, 0.0,0.0,NaN, 94.62457011913796,94.62457011913796,0.0, 201.19947615520547, 57.779320880008946, -6.778635713238032, 57.779320880008946, 340.93467979645214, -13.557156424417716, -6.778635713238032, -13.557156424417716, 77.90426803023541, 6.885624818650674, 5.509109008813195, 12.0, 0.0
11, 0 ,1.0,1.0,1.0,14.34414840827544,168.30418352545996,12.726105046186731,9.042281267526725,17.337716634663902,8.323767444158333,35.0,81.0,33.0,0.048527626250337054,-0.9979175784694229,0.0424920706983204,17.36518353296762,0.9670110992140196,0.03628853087453922,-0.25213622612361963,9.062683602704938,0.2500691973982422,0.05332587653936019,0.9667583707441629,8.243939584507475,81.34726425995512,42.24787844630999,39.180862688416155,19.8931505602945,7.477093945834245,52396.0,134654.80368705248, 1.7763568394002505E-15, 0.0,-1.7763568394002505E-15,89.96040144295927, 133.0845461355335,133.0845461355335,0.0, 81.76285052106473, -10.814585795310574, -2.9731682989701693, -10.814585795310574, 300.5964181039014, -10.034576346019072, -2.9731682989701693, -10.034576346019072, 69.28510446443015, 9.157337195854467, 5.725585616792844, 11.0, 0.0
12, 0 ,1.0,1.0,1.0,22.2080066532559,131.32059310648765,188.8706382434267,14.13292256265921,15.951223652261016,15.706844109507495,61.0,75.0,76.0,-0.4784986696269669,-0.5752798909639988,-0.6633943549787511,16.43275752450781,0.09148026628711659,-0.7840469160489859,0.6139232804790137,15.899581603849656,0.8733100159996228,-0.23307398071540528,-0.42779216386957547,13.343679140709316,86.77230933112838,84.5291161841272,66.38294928672917,25.32961893137893,7.700415108166683,140683.0,486904.76802635135, 0.0, 0.0,-2.8421709430404007E-14,48.44073771743613, 173.4590118090556,173.4590118090556,0.0, 199.7395001621218, 19.958953703893744, 33.39577285871492, 19.958953703893744, 254.44153600445128, -0.8734283890380028, 33.39577285871492, -0.8734283890380028, 246.70495188037032, 6.9665702455648795, 5.184729197857137, 25.0, 0.0
13, 0 ,1.0,1.0,1.0,123.11551338520013,234.9338629783614,76.67693025425706,14.332404422342623,14.55636500556076,16.509916564081742,75.0,70.0,79.0,-0.14347917379720898,0.3905510869732503,0.9093313890713786,16.945660104635635,0.8211865028512708,-0.46582297612970186,0.32963871502687125,14.406921310624249,-0.5523282124075951,-0.7940269538080434,0.25387938554547945,13.970259325484342,81.38086183966368,70.0554917180867,72.39814253874573,25.242287408113512,7.260154961149415,145758.0,412754.5738715712, 1.4210854715202004E-14, 0.0,0.0,81.75077858123352, 158.96661113654102,158.96661113654102,0.0, 205.4178165255864, -9.89458177915891, -8.647343368397852, -9.89458177915891, 211.8877621751139, 30.765670547421404, -8.647343368397852, 30.765670547421404, 272.5773449529407, 6.565487801985309, 5.131620657981945, 32.0, 0.0
14, 0 ,1.0,1.0,1.0,190.91023748933014,279.83032715611114,60.39298620695157,16.717431905484094,12.130405247007685,15.037284430544164,76.0,52.0,78.0,-0.9115475291507437,0.08631696381728521,0.4020329387706184,17.080239963693124,0.4107155535126031,0.2383140037139602,0.8800677074729302,14.811953452937873,0.019845306800613506,-0.9673447252097819,0.2526862608192251,11.900026122109027,80.30240339980118,73.1183782549291,59.16579014638219,24.464827282411875,7.3628398093388885,125353.0,347396.7592448961, 0.0, 0.0,0.0,NaN, 126.31193439361502,126.31193439361502,0.0, 279.4725295144975, -4.198680197836742, -26.900880866028864, -4.198680197836742, 147.14673145663158, 21.523333495294313, -26.900880866028864, 21.523333495294313, 226.1199230450859, 7.044789356146333, 5.536881649164016, 26.0, 0.0
15, 0 ,1.0,1.0,1.0,173.8079842274139,100.8956612502094,11.26850766078631,14.430539749722016,18.45959990332825,7.522040092093629,81.0,86.0,30.0,-0.11185427224416537,-0.9929471924940866,-0.03930005978162044,18.52140974768328,0.9889932721387145,-0.10737997552135989,-0.10179316539625749,14.421866731978955,0.09685519833796173,-0.0502534951535002,0.994029001981215,7.385494846642883,86.8868641534472,82.27459739448902,33.401732198385034,23.112835861257366,8.448385150836046,77603.0,238775.0137827495, 0.0, 1.4210854715202004E-14,0.0,6.808857198981044, 161.9609167940427,161.9609167940427,0.0, 208.24047746830712, 15.746507844920542, -14.17950294894021, 15.746507844920542, 340.75682859095633, 12.93522294923366, -14.17950294894021, 12.93522294923366, 56.58108714706393, 6.980749227346306, 5.127403013598425, 23.0, 0.0
16, 0 ,1.0,1.0,1.0,217.80539190781437,28.33479985731118,263.1676431482342,16.286982723989603,17.201032872517935,16.77758099408873,84.0,71.0,74.0,-0.5578157606653795,-0.6216722288745257,0.5498774563477605,18.761372439477448,0.15659434081952256,-0.7294647719905017,-0.6658523551419975,16.310167865843873,-0.8150581510399142,0.2853152401660743,-0.5042572995528892,14.987257605092259,90.09577352241487,93.05202260737448,79.42179469185771,27.78089266988126,8.4172777434643,185018.0,665840.0778450507, 0.0, 0.0,0.0,NaN, 94.42159177665714,94.42159177665714,0.0, 265.2658062515358, 39.44005882488352, -43.385718366886636, 39.44005882488352, 295.8755318814426, -23.430598575134685, -43.385718366886636, -23.430598575134685, 281.4872240132074, 7.514369052135157, 5.493890398008147, 34.0, 0.0
17, 0 ,1.0,1.0,1.0,156.54102311816885,257.8828608257252,280.34922850452676,17.614611102871393,17.468553553722487,11.007836582468816,84.0,83.0,49.0,-0.7178159540761394,0.6959121419781479,-0.02113165211591045,19.76071835478491,-0.6960777318520789,-0.7179661055626604,6.80060917952708E-4,15.001975222872748,0.014698547323677088,-0.015197431051780255,-0.9997764704152623,11.002368077199959,91.78192308093935,69.84133448730563,49.84532294573725,25.778066337108005,8.49050350159845,131109.0,319517.0929685047, 0.0, 0.0,0.0,NaN, 150.79948368802297,150.79948368802297,0.0, 310.2745243054002, -82.61351216889123, 4.03771041262162, -82.61351216889123, 305.1503632592705, -4.0130162584371, 4.03771041262162, -4.0130162584371, 121.17246622633873, 7.4692586770828004, 5.445162627913027, 27.0, 0.0
18, 0 ,1.0,1.0,1.0,272.94058038692464,65.63865910607072,239.02021347565042,15.936326301692997,16.204516984995948,14.326102162015767,72.0,82.0,72.0,0.6451799991744449,-0.7213577961640518,0.2517651655384552,17.069164481867496,0.7100662576646457,0.6877646151089666,0.1509494747594037,15.226066761449525,-0.2820437526189655,0.08138036690355599,0.9559438045676398,14.092571970169317,87.18582549135044,81.16887053830663,74.76534064118017,25.751185906907132,7.659405607194451,149900.0,529097.4921764036, 0.0, 0.0,-2.8421709430404007E-14,75.41800979619593, 93.59049163026496,93.59049163026496,0.0, 253.966495994032, -26.939682877533905, 18.628679395781152, -26.939682877533905, 262.58637071702213, -13.395511254779514, 18.628679395781152, -13.395511254779514, 205.23720315651283, 6.041149107554183, 4.866789007570562, 27.0, 0.0
19, 0 ,1.0,1.0,1.0,41.043543328511895,85.16931129792201,36.26092342503616,13.467832725305804,13.76514528128402,17.741651621716866,64.0,71.0,80.0,0.16166185356442378,0.03692881604454714,0.9861550119771554,17.849422037370413,-0.15297493174167692,-0.9862825691055319,0.06201100013078767,13.770237082132292,0.9749174915656939,-0.1608818088664449,-0.15379508514616672,13.31940872680715,82.02879817071349,72.4157554513994,61.882555156010866,25.107940261723126,7.4309677035927315,139654.0,367593.3548681234, 0.0, 0.0,0.0,NaN, 101.25827671631646,101.25827671631646,0.0, 181.38251831681796, 2.6855544273512137, 22.394004644710073, 2.6855544273512137, 189.47922461485575, 4.395043934402013, 22.394004644710073, 4.395043934402013, 314.7662022663687, 6.770703299406262, 4.921979712732708, 20.0, 0.0
20, 0 ,1.0,1.0,1.0,69.91916024702363,63.6701709428917,159.60808875023875,14.571516583557143,14.270040586475464,14.078761643071175,71.0,65.0,70.0,-0.8676080167484118,0.4606220643243427,0.18730628161241344,14.613852388862496,-0.47276907675117164,-0.6474006444292307,-0.5977974620726164,14.509713762305026,-0.15409649360622205,-0.6072064883136521,0.7794578572367271,13.786885369055044,79.43075952807447,78.43225627035244,80.07431019566677,23.853956215782304,6.720376190552606,125656.0,498857.6425556501, 0.0, 0.0,0.0,NaN, 169.27040019420662,169.27040019420662,0.0, 212.32909554488083, -3.125870659276409, 1.9638454632075173, -3.125870659276409, 203.634058339657, 9.94218531748299, 1.9638454632075173, 9.94218531748299, 198.2115294024122, 7.010995037990093, 5.099266523036937, 29.0, 0.0
21, 0 ,1.0,1.0,1.0,65.70027289820824,42.121640901076226,34.581770692342026,14.664749079393163,13.390161755028409,16.631408800158574,77.0,69.0,76.0,-0.1170402011279804,-0.028368833300110304,0.9927219150482739,16.65620788421036,-0.9145650824858629,-0.3865746841209706,-0.11887271972323243,14.89283250220395,-0.3871334410995108,0.9218216871466859,-0.019299634413360824,13.104553981141308,79.46158084105514,80.90710901536428,62.778091392376865,24.857952932010928,7.282666551147188,136681.0,403600.7754255897, 0.0, 0.0,0.0,NaN, 85.36191981976495,85.36191981976495,0.0, 215.05486556156262, 18.05207207142476, -6.837962848141549, 18.05207207142476, 179.29643182582547, -0.6760158290537048, -6.837962848141549, -0.6760158290537048, 276.60375867799206, 6.393060123616881, 4.9289623474641, 21.0, 0.0
22, 0 ,1.0,1.0,1.0,25.71936658909238,281.6959280727367,133.55959006085487,15.532396218308254,11.647846632482148,19.865085923406127,64.0,47.0,108.0,0.1302161005820101,-0.07489334310582649,0.9886529999487425,19.986050028553084,0.9580388944536096,0.2663144735114785,-0.1060098010205199,15.70199391083294,-0.2553531747664831,0.9609722099815051,0.10642916790025654,11.205110159252754,105.99322739097211,73.19263075202704,56.35639730295219,26.33336639347466,8.837596765402724,138362.0,437208.5995488365, 0.0, 0.0,0.0,NaN, 137.2395313460599,137.2395313460599,0.0, 241.25533228251655, 28.20037431618683, 22.97115047825984, 28.20037431618683, 135.6723311738257, -23.695623993291825, 22.97115047825984, -23.695623993291825, 394.6216387443083, 6.6031860220901155, 4.875822591054234, 16.0, 0.0
23, 0 ,1.0,1.0,1.0,281.5959172962748,104.23833630369893,168.28928809630546,11.735929759352382,13.155583738360198,15.040054480607386,49.0,66.0,73.0,0.09240231330162685,-0.09859522512999119,0.9908283373410725,15.066459315526131,0.47086948725030625,-0.8724630773650397,-0.13072912686680868,13.69818251187843,-0.8773504080315582,-0.47863050489525916,0.03419212351649843,11.06192881725254,72.03517431463217,71.68825176246322,58.7165924080569,22.153145127744832,6.800208124918612,91459.0,303216.9287470407, 0.0, 0.0,0.0,NaN, 168.97352646407845,168.97352646407845,0.0, 137.73204731645288, -27.768834179514347, 5.561532710560424, -27.768834179514347, 173.0693834970073, -2.7766857490594594, 5.561532710560424, -2.7766857490594594, 226.2032387796383, 6.819543033019726, 5.218720975074845, 15.0, 0.0
24, 0 ,1.0,1.0,1.0,33.7662986601418,180.690233332842,207.33427177453828,15.249374617444301,15.550247681245926,14.364604710914037,69.0,73.0,74.0,-0.6101564393984834,0.7587665968250621,-0.2279964276103441,16.776212621386946,-0.6179526951878006,-0.2756765651967372,0.7362994621154233,14.754494338935611,0.495826165072697,0.590148865070368,0.6370876949725671,13.474386240434004,95.27068418886711,76.75749679555413,67.67165619937794,24.967948627676,7.569480761433364,135686.0,494865.17547711363, 0.0, 0.0,0.0,NaN, 154.79638411452868,154.79638411452868,0.0, 232.54342622315454, -40.08615259507668, -2.5468599710314628, -40.08615259507668, 241.81020294809431, -24.614140169541322, -2.5468599710314628, -24.614140169541322, 206.34186850081372, 6.585875491394639, 4.9290183606596125, 35.0, 0.0
25, 0 ,1.0,1.0,1.0,124.10958594770715,187.40495507847154,114.29905479297385,14.01396518150944,13.915678750931404,15.086944111286087,70.0,72.0,73.0,-0.15470452956005787,-0.32845836280328505,0.9317626373911901,15.218146064436354,-0.7586223713872902,-0.5646758021422039,-0.325012824525099,14.386254171038521,-0.6328969949085915,0.7571369376669216,0.16181795776745714,13.38271045463174,74.12769556393646,67.43376778290872,66.42059173276982,23.894813136123965,6.833090297550782,123994.0,332017.2634102383, 0.0, 0.0,0.0,NaN, 202.84256799685699,202.84256799685699,0.0, 196.39122010855888, 14.605186302512253, -0.696013972667596, 14.605186302512253, 193.64611509912382, -10.951442321925095, -0.696013972667596, -10.951442321925095, 227.61588261706996, 6.3404848456516385, 4.766671511068417, 31.0, 0.0
26, 0 ,1.0,1.0,1.0,276.42188919164397,206.46568460490462,11.831460036330608,15.343247655264458,17.8562595980092,7.567785578862914,63.0,84.0,31.0,0.5730070895096963,-0.8192493896774359,0.02221064800441231,19.959079732924668,0.8149206644531481,0.572437406155456,0.09066270832736742,12.525661249444203,-0.08698957419637679,-0.03385045859604063,0.9956339490163897,7.501705172082343,102.01890400149995,68.30939520989841,33.61523080590428,22.933881975721913,9.25038872337829,70464.0,234259.48884204932, 0.0, 0.0,0.0,NaN, 97.18322340976131,97.18322340976131,0.0, 235.41524861077826, -113.6521751807252, 11.787570334354635, -113.6521751807252, 318.84600683149563, -1.0028032702110161, 11.787570334354635, -1.0028032702110161, 57.27137856764549, 7.378339801767383, 5.431826318069183, 10.0, 0.0
27, 0 ,1.0,1.0,1.0,30.93119000064429,14.27329639413268,71.92847325129395,18.00373918832746,9.011105532038162,14.265985280427467,73.0,36.0,72.0,-0.9799712265731041,0.03143414802478506,0.19664254226072708,18.15010069493192,-0.19701780952066467,-0.009292905877335748,-0.9803558663220382,14.088381106392099,-0.028989270782224314,-0.9994626237325295,0.015299867359032602,8.996907594118428,78.6645405174716,67.38114020951771,37.97608182659993,23.42274509382821,7.76066981399099,93126.0,201292.46606475193, 0.0, 0.0,0.0,NaN, 79.5875038499941,79.5875038499941,0.0, 324.134624761318, -7.43917613455318, -25.181242009811335, -7.43917613455318, 81.20002290952877, 2.6067524352097173, -25.181242009811335, 2.6067524352097173, 203.51833602137316, 6.725601152373152, 5.178665720966725, 14.0, 0.0
28, 0 ,1.0,1.0,1.0,235.46812898222484,274.2343553091925,95.42551091449067,13.76144271189932,13.461012771467258,14.494864155117872,79.0,60.0,83.0,-0.48847624646108984,-0.4879325927785904,0.723403581376017,15.31772246722376,-0.672311311849709,-0.31801740059500616,-0.6684776981154412,13.58755093937597,-0.5562269829864498,0.8128878876100675,0.1726986553932425,12.705238884365155,77.87706482373969,103.52088672150444,67.28975811581236,23.164821526629513,6.63839595544143,113473.0,542483.4897569254, -2.8421709430404007E-14, 0.0,0.0,60.759521209298235, 118.04346215135884,118.04346215135884,0.0, 189.37730551288692, 22.408996377778855, -15.443754371328296, 22.408996377778855, 181.19886483360466, -20.90922608681448, -15.443754371328296, -20.90922608681448, 210.10108687532096, 6.091938675338688, 4.709685444011472, 25.0, 0.0
29, 0 ,1.0,1.0,1.0,135.12852562648396,23.866521482691347,250.165403868548,15.859567679568256,13.957100093605685,14.491080346673204,75.0,60.0,76.0,0.8847649396317894,-0.05231643459313805,0.46309177521288125,16.314122093110957,0.3649280185265718,0.6958080935252241,-0.6186102474733697,14.545467878491563,-0.28985952268750115,0.7163198221857721,0.6347183386756041,13.36400853585149,81.30106686908499,75.75773007735594,69.94075312511573,24.572793515759265,7.245395672518056,132246.0,430777.98710048513, 0.0, 0.0,0.0,NaN, 145.98909636426973,145.98909636426973,0.0, 251.525886982806, 4.320060601898731, 28.429409059226643, 4.320060601898731, 194.80064302292783, -16.314287698019978, 28.429409059226643, -16.314287698019978, 209.99140961373837, 7.667198609928902, 5.228591264493722, 19.0, 0.0
30, 0 ,1.0,1.0,1.0,19.492820189274447,253.07003154574133,82.82282229232386,11.797712666449671,15.582977578750535,16.318702419264714,49.0,81.0,89.0,-0.20902403597370614,0.3721731684824742,0.904320786583488,16.57832587803348,0.1054074675958261,-0.910785674381989,0.39919759658041554,15.54878433988566,-0.9722130518360148,-0.17876405679627305,-0.15114626636950496,11.47648376733556,85.75602580873803,86.7445825112487,55.102848496834895,24.281417332746702,7.66342190810776,118875.0,409902.9627783375, 0.0, 0.0,0.0,NaN, 97.17001528514318,97.17001528514318,0.0, 139.186024160107, -21.7003047577348, -22.424405646044356, -21.7003047577348, 242.82919021984188, 8.15862043673121, -22.424405646044356, 8.15862043673121, 266.300048648516, 6.662506725791877, 5.237297173508823, 16.0, 0.0
31, 0 ,1.0,1.0,1.0,165.64910148450386,11.282374048673207,220.29290737043146,16.45938616426925,7.688310941134116,14.891852122764254,85.0,32.0,81.0,0.9096287035489553,0.03592061039291965,0.41386632072306456,16.844702613658892,-0.4152005106239145,0.046067193951027145,0.9085627934375909,14.475697826073999,-0.013570470054027105,0.9982923035817105,-0.05681829768687403,7.648460236150048,84.25928767189146,75.89992479131958,34.559883790911144,22.05866043908842,8.074916551354193,69114.0,221019.9123326202, 0.0, 0.0,2.8421709430404007E-14,65.55205643150572, 156.62272029164203,156.62272029164203,0.0, 270.91139290453805, 4.47065913459533, 27.816529061372112, 4.47065913459533, 59.11012512756256, 9.670625629520105, 27.816529061372112, 9.670625629520105, 221.7672596462782, 6.741646996401445, 4.793953278814587, 17.0, 0.0
32, 0 ,1.0,1.0,1.0,58.903470075987705,111.71234734219122,158.1869755483354,13.862997295647153,12.618737960044815,14.938174198538938,71.0,63.0,73.0,0.5116347397615328,0.15157113933537464,0.8457281376362767,15.520532890762341,-0.7872749109041851,-0.31154421383284586,0.5321075243670972,13.368874569244081,-0.34413385147345743,0.9380652389614756,0.0400686875526765,12.447913144293459,74.42229205320533,65.30932497339049,62.544503747574154,23.07627814769421,6.48457222640693,113571.0,303995.66267516575, 0.0, 0.0,0.0,NaN, 189.8952375385533,189.8952375385533,0.0, 192.18269401912028, 12.495914132238303, 27.224782848935448, 12.495914132238303, 159.23254770427596, 7.07450233060003, 27.224782848935448, 7.07450233060003, 223.14904838589445, 6.624249633009951, 4.937424411137544, 23.0, 0.0
33, 0 ,1.0,1.0,1.0,144.7699769949278,152.52033038609719,58.3993366408899,13.283225591985206,13.912686761862439,13.800522258002783,65.0,66.0,64.0,0.5138274192407082,0.6502507811437575,0.5596028099092846,14.747103106252014,-0.004102727075531196,-0.6504286463177658,0.7595562807848952,13.463299065740745,-0.8578837630279391,0.39257674112353147,0.3315402712520012,12.71707033458964,74.68193355631786,66.44194797810952,64.50434909375356,22.778407875917047,6.450231336415254,108237.0,320071.4280647217, 0.0, 0.0,0.0,NaN, 214.75353712717708,214.75353712717708,0.0, 176.4440821275707, 18.680198690121376, 15.97034548581576, 18.680198690121376, 193.56285293370237, 10.635806237439303, 15.97034548581576, 10.635806237439303, 190.45441459363022, 6.210746413913058, 4.736893291698365, 19.0, 0.0
34, 0 ,1.0,1.0,1.0,24.725544079092835,14.403244996156964,264.99109258030893,13.881570824091659,9.123742134681326,19.268639892853983,50.0,41.0,79.0,0.09906213561931967,0.06531925868729287,0.9929350873703087,19.345448327315403,-0.9933158127876127,-0.05292187756423206,0.10258153313906386,13.830665684973152,-0.05924853882269146,0.9964600691044362,-0.05964009832115567,9.038112531418927,83.18602193609794,55.89317783722511,42.521653110286536,24.024559021395216,8.369093513179337,94977.0,197705.7493100104, 0.0, 0.0,0.0,NaN, 45.21536901482707,45.21536901482707,0.0, 192.69800854427277, 7.654509905712123, 17.60898754741609, 7.654509905712123, 83.24267054015934, 18.379725041501853, 17.60898754741609, 18.379725041501853, 371.280483320484, 6.281280691971776, 4.817361400267295, 10.0, 0.0
35, 0 ,1.0,1.0,1.0,53.860181685325344,19.115190661338193,163.50692370840136,14.925664304931606,11.913967721271435,15.52865911525702,85.0,47.0,79.0,-0.5238897126568554,0.1957229418595001,0.8289946314676473,16.052054040240193,0.8443004204896815,-0.009423831758530829,0.5357872631520222,14.521116064229991,-0.11267816529064001,-0.9806139512697394,0.16031191359935004,11.718621295324478,86.61304407871411,75.94713252956325,51.56375379297977,23.526818681792346,7.235063126121103,110851.0,339187.0086146819, 0.0, 0.0,0.0,NaN, 147.97523293017562,147.97523293017562,0.0, 222.77545494350952, -12.92467059331838, -18.999424357412185, -12.92467059331838, 141.94262686349768, 19.15464083470064, -18.999424357412185, 19.15464083470064, 241.13925391785492, 6.440671576308451, 4.761369099267085, 21.0, 0.0
36, 0 ,1.0,1.0,1.0,128.72029718536353,93.0148413005004,209.52986676968135,14.347933360287001,12.596269415973746,14.450865835884684,69.0,63.0,68.0,0.6427513359681148,0.09361911612265744,0.760332941024928,15.336645236714219,-0.6553825959038349,0.5811084490930082,0.48247966110404,14.277680453022,0.396666576733602,0.8084234233921801,-0.4348645713475799,11.58843699910975,71.67264889208803,70.3761440786507,58.75918259756688,23.036752913612208,6.53182466963944,111311.0,296383.94149679516, 0.0, 0.0,0.0,NaN, 182.77177193526683,182.77177193526683,0.0, 205.86319171123665, -20.419131361233223, 27.324935289479257, -20.419131361233223, 158.66600319979557, 26.686541852076523, 27.324935289479257, 26.686541852076523, 208.82752340673918, 6.689323275338111, 4.829173261221653, 27.0, 0.0
37, 0 ,1.0,1.0,1.0,282.3719384374762,255.47575188174088,245.74518024525085,11.098545771165789,13.991189825703122,15.884395886160416,44.0,74.0,90.0,0.2140775716548967,0.3435698537513848,0.9144017437142139,16.330377750057707,-0.1285776644248051,-0.918047540610684,0.3750419941683023,13.768473957612837,-0.9683173950339862,0.19785971993290272,0.1523579787955604,10.723480361372784,93.98833970773683,78.01860217615888,53.91978797846443,22.661982283826674,7.594715439654696,92069.0,395385.11795165326, 0.0, 0.0,0.0,NaN, 72.36534178437043,72.36534178437043,0.0, 123.177718234662, 19.959957776903277, 26.097112466537364, 19.959957776903277, 195.75339273885857, 21.976871855863507, 26.097112466537364, 21.976871855863507, 252.31403266826996, 6.405711921060018, 4.913333540520654, 16.0, 0.0
38, 0 ,1.0,1.0,1.0,133.642643778489,278.5660265735622,54.475162447871206,13.675664332335153,12.437726557032962,14.820064500968298,62.0,52.0,72.0,-0.0932884823153273,-0.03674136880930927,0.9949609695286146,14.834596804292362,0.971684629937611,-0.22124784225625288,0.08293595263792519,13.7267682479081,0.21708578721397362,0.9745252506297465,0.056340898774501755,12.363887728922018,71.85210898604677,67.85032145681313,57.89335808608331,22.7113648117053,6.749004151784416,103110.0,282241.04468626267, 0.0, 0.0,0.0,NaN, 145.90172986181935,145.90172986181935,0.0, 187.02379493070387, -7.414136541983587, -3.371784398053292, -7.414136541983587, 154.697041907523, -3.109037978325153, -3.371784398053292, -3.109037978325153, 219.63431181286072, 6.243131994397595, 4.649867893579144, 15.0, 0.0
39, 0 ,1.0,1.0,1.0,200.0373300092786,175.08628171363767,190.46669540849322,14.38723051823391,12.354638437692614,14.16106622805497,75.0,65.0,66.0,0.9083054085792216,0.2971077863645434,0.2944626428382618,14.630241249378274,0.2995948866002671,0.029220032369824553,-0.9536189457174598,14.12370731589945,-0.2919318219528425,0.9543967482079279,-0.06247126012357022,12.10959215936154,75.51245710485938,68.96339095529446,62.057410936308855,22.754335788220352,6.5119499739447315,106697.0,323169.8691923579, 0.0, 0.0,0.0,NaN, 193.8904773900316,193.8904773900316,0.0, 206.99240198480118, 18.651886556646872, 2.9319395314585246, 18.651886556646872, 152.6370909261118, 4.424497427944689, 2.9319395314585246, 4.424497427944689, 200.53579671535903, 6.7100252459002006, 4.827892287704679, 35.0, 0.0
40, 0 ,1.0,1.0,1.0,103.97788110262371,217.01550505290126,276.6124021445177,14.466687086536677,14.773868114184204,12.624600806652648,74.0,71.0,54.0,-0.6458813034049604,0.7583794731613308,0.08773777179443226,15.698591544585222,0.7487219358714443,0.6067784604960527,0.2668995365731401,13.554195572629608,0.14917373983656174,0.23807661490701387,-0.9597222102137635,12.520813301762619,85.88614361220101,64.96204875207604,62.80816249172764,23.128840859093845,7.210373108037388,105385.0,350428.0837988733, 0.0, -2.8421709430404007E-14,0.0,40.678456649721696, 135.07333524299372,135.07333524299372,0.0, 209.28503525976706, -31.68335017053353, 0.30288475019091626, -31.68335017053353, 218.2671790553087, 10.330628978468194, 0.30288475019091626, 10.330628978468194, 159.38054552733468, 5.479905948077512, 4.392618293123178, 23.0, 0.0
41, 0 ,1.0,1.0,1.0,175.47750727178547,279.9440670199625,173.2355759652548,13.06995661440906,11.502117647074185,16.302158397296257,70.0,50.0,75.0,0.25549631029301934,-0.08450343601279965,0.9631099650240794,16.53614503686558,0.920140745201746,-0.2845126516539886,-0.26906051376668216,12.936666406616922,-0.29675350789203475,-0.9549406894414159,-0.005063121855648337,11.317305964047385,77.91502748165502,71.42036715076699,56.73571278037787,22.81192776832443,6.964107708295194,100388.0,315718.3482079746, 0.0, 0.0,0.0,NaN, 178.82200883506673,178.82200883506673,0.0, 170.82376590253514, -13.420536285899978, 26.04586634388207, -13.420536285899978, 132.29871036713536, -8.823885732908234, 26.04586634388207, -8.823885732908234, 265.76036841053684, 6.562592632443351, 4.931026098169252, 26.0, 0.0
42, 0 ,1.0,1.0,1.0,240.07838621976953,93.84719404317481,186.74068738841098,13.611284141251092,12.294012588862978,13.47230406802453,66.0,62.0,68.0,0.7772585347193122,-0.3698457765620042,0.5090022315916072,14.263217923388895,0.4488675981833522,-0.24094243463136283,-0.8605025406673826,13.185315541970215,-0.4408934672991842,-0.8973075530458662,0.02126277826963319,11.858366115907433,70.11097778208094,67.15717971474776,60.08219808059053,21.925062606741225,6.099541630384072,98576.0,282894.35810078745, 0.0, 0.0,0.0,NaN, 158.8255883699288,158.8255883699288,0.0, 185.26705597387348, -21.65223044525658, 12.01686727550048, -21.65223044525658, 151.14274553512138, -4.935755415804572, 12.01686727550048, -4.935755415804572, 181.50297690131026, 6.7614315157326, 4.749125700253708, 19.0, 0.0
43, 0 ,1.0,1.0,1.0,118.55212627111483,169.69529863569358,271.9110243096309,14.445701861762537,12.14993248118444,14.31263469374601,69.0,58.0,62.0,-0.9332118033232552,-0.04229158059804425,-0.35682930421796516,14.480050862617448,0.35107038047224465,0.10434210397346888,-0.9305172289073763,14.303798310861035,0.07658536474569656,-0.9936418608074585,-0.08252596172029557,12.119412293965118,72.19677051133556,70.71569498384201,57.71367624112375,22.761061838675452,6.56389651264681,106501.0,294653.98838675744, 0.0, 0.0,0.0,NaN, 178.38977660274588,178.38977660274588,0.0, 208.67830227892964, 4.592511334390724, 2.054168022319831, 4.592511334390724, 147.62085929734067, -4.656429048817998, 2.054168022319831, -4.656429048817998, 204.85151187662194, 6.1279872637659905, 4.556274685734522, 17.0, 0.0
44, 0 ,1.0,1.0,1.0,91.99237519654952,268.20265462627043,40.930586178726095,12.21375147960269,15.348024106973735,14.831756006449558,63.0,65.0,73.0,0.27717679049125143,0.69242122444041,-0.6661275213931738,16.357105366595675,0.32308539368547773,-0.7200882410451486,-0.6140755275172625,14.366259098700558,0.9048695238541681,0.04500858865758825,0.423302931417895,11.43565734724886,83.36316592501953,68.80031809515731,57.75783202991248,23.5713376419728,7.007895347151847,113839.0,331264.98215520964, 0.0, 0.0,0.0,NaN, 105.58873591464719,105.58873591464719,0.0, 149.1757252054969, 8.659500735385938, -40.256460889474326, 8.659500735385938, 235.56184398824695, -29.65266405312053, -40.256460889474326, -29.65266405312053, 219.9809862348525, 6.764463430234736, 4.625324861381271, 15.0, 0.0
45, 0 ,1.0,1.0,1.0,51.54629265414495,187.17629560428753,47.20308453797489,15.82114295393278,11.601976721230537,15.583411620326986,74.0,60.0,81.0,-0.9770938124619202,-0.2085599233675768,0.04231359135715929,16.00181088051574,-0.02184782071181266,-0.09947358765911081,-0.9948003207118351,15.614599434549778,0.2116845633927394,-0.972937697760312,0.0926384471917013,11.308557776306412,75.35172182339964,80.59604022054664,59.348308347566075,24.03583405557813,7.073600723114783,122028.0,360425.2679136764, 0.0, 0.0,0.0,NaN, 132.7190255760532,132.7190255760532,0.0, 250.30856436877684, 26.371681959315634, -2.779593409340663, 26.371681959315634, 134.60586383997529, 10.341102389078614, -2.779593409340663, 10.341102389078614, 242.84271772854217, 6.556679721503202, 4.737401670391026, 27.0, 0.0
46, 0 ,1.0,1.0,1.0,279.99671309769354,234.9817101310052,50.93639985307829,12.201511231797328,13.380851931784623,16.548150417846678,50.0,60.0,80.0,0.32193747552375046,-0.019434442447249033,0.9465614424326396,17.036021110637158,0.0013253224821088857,0.9997975641772601,0.020076707537250087,13.379329281985905,-0.9467600041054298,-0.005208945381017443,0.3218980607495246,11.512292981583618,91.39169308667093,60.63050536213319,61.190034708263084,23.368925147435768,7.4604754852034745,106179.0,339061.60278747574, 0.0, 0.0,0.0,NaN, 84.98250604905277,84.98250604905277,0.0, 148.87687633967633, -0.9250547016291046, 48.055630619508705, -0.9250547016291046, 179.04719842034427, -1.968058763835883, 48.055630619508705, -1.968058763835883, 273.8412822516792, 6.203557166543934, 4.521765003242167, 14.0, 0.0
47, 0 ,1.0,1.0,1.0,187.40046948897046,67.05797268218589,61.85554008492227,11.915419668742128,12.78188618878146,13.450596512534744,58.0,63.0,72.0,0.09801866243683878,0.38291390112051704,0.9185691515301175,13.585595156209399,-0.22585428227901283,-0.8903705710075298,0.3952595216562879,12.696714535987773,-0.9692173053502116,0.24620558607065052,7.901881310511911E-4,11.85316123282888,68.73063935999771,63.555495368338875,57.271328467897035,21.19859410530218,6.073878079683002,86903.0,250173.180076952, 0.0, 0.0,-7.105427357601002E-15,23.282210010636877, 144.91905951511862,144.91905951511862,0.0, 141.97722588224678, 5.818584337877477, 2.1192881024192385, 5.818584337877477, 163.37661454296224, 8.213097235447844, 2.1192881024192385, 8.213097235447844, 180.91854654301184, 6.0108124385214445, 4.538666966559852, 29.0, 0.0
48, 0 ,1.0,1.0,1.0,230.51651641550055,241.41964926444206,286.6272986185863,17.808654129518974,16.34607827070885,7.874885578178713,102.0,92.0,32.0,-0.8851721166334245,-0.46514002073524074,0.010727769811225559,18.340623987460972,-0.46413402591419534,0.884393906409318,0.04926483832052789,15.762272701353726,-0.03240262216833836,0.03862873822022025,-0.9987281365116983,7.844012407251199,110.28857678822465,82.5557523140001,33.410924062912216,24.014250915700938,8.346976252757662,89184.0,304205.00782513805, 0.0, 0.0,0.0,NaN, 91.86098805028635,91.86098805028635,0.0, 317.1481619048332, 36.43698260487846, -6.8839871598627616, 36.43698260487846, 267.1942748321401, 6.772568194976574, -6.8839871598627616, 6.772568194976574, 62.01382286940708, 6.868293803789398, 5.13227227048507, 17.0, 0.0
49, 0 ,1.0,1.0,1.0,80.72028173603539,279.82627113333587,120.81113158125603,11.89184589952099,11.914859535943881,13.429973878600203,60.0,49.0,64.0,-0.3268609115225624,0.3086482348308657,0.8932514828727856,13.77035787727683,0.5952481824221383,-0.6668969769860156,0.44824995639715814,11.995446294253819,-0.7340582714211319,-0.6782217109638292,-0.03426025299841638,11.4118616874068,67.70108537082439,63.77150429462701,57.230958163354586,20.685069808997063,5.9893206656547555,79791.0,247088.94200666773, 0.0, 0.0,1.4210854715202004E-14,26.71528592153295, 146.69039755169445,146.69039755169445,0.0, 141.41599889795418, -11.414438402515088, -13.695872394605248, -11.414438402515088, 141.96387776127284, 12.290933889528342, -13.695872394605248, 12.290933889528342, 180.3641983798838, 6.7568969575984035, 4.80837277448758, 18.0, 0.0
