// Sample: .//bubblelabels.tif, Map: .//bubblelabels.tif, Thickness:(8.191250068658265):/gpfs/home/mader/Foam/NewValid/InSilicoTest/LatticeData_OldFoam/out_Step_03500.vtk/distmap.tif, Neighbors:(1.0):
//LACUNA_NUMBER, TRIANGLES, SCALE_X, SCALE_Y, SCALE_Z, POS_X, POS_Y, POS_Z , STD_X, STD_Y, STD_Z,PROJ_X, PROJ_Y, PROJ_Z, PCA1_X, PCA1_Y, PCA1_Z, PCA1_S, PCA2_X, PCA2_Y, PCA2_Z, PCA2_S, PCA3_X, PCA3_Y, PCA3_Z, PCA3_S,PROJ_PCA1, PROJ_PCA2, PROJ_PCA3,OBJ_RADIUS, OBJ_RADIUS_STD, VOLUME, VOLUME_BOX, Mask_Grad_X,Mask_Grad_Y,Mask_Grad_Z,Mask_Angle, Mask_Distance_Mean,Mask_Distance_COV, Mask_Distance_STD, SHAPET_XX, SHAPET_XY, SHAPET_XZ, SHAPET_YX, SHAPET_YY, SHAPET_YZ, SHAPET_ZX, SHAPET_ZY, SHAPET_ZZ, Thickness, Thickness_STD, Neighbors, Neighbors_STD
1, 0 ,1.0,1.0,1.0,79.30102487076012,138.26129680233083,39.69593490049886,15.4316607180604,15.512417885309926,16.095457566137263,84.0,81.0,79.0,0.09874347298175734,-0.4694127846391672,0.8774402339537457,16.331369030848705,0.9946537046791928,0.01977313639948105,-0.10135596107227557,15.422678507620796,0.030228038498355942,0.8827574189403512,0.4688556334249503,15.272929930368447,90.21567981326214,83.51136492025323,90.41693558580795,26.146584324885136,7.361463412320469,165777.0,681204.3173693749, 0.0, 0.0,0.0,NaN, 164.25774254700988,164.25774254700988,1.9073486328125E-6, 238.1361525173284, -1.460109027951506, 2.4348598458193877, -1.460109027951506, 240.63510864848328, -13.787158725787492, 2.4348598458193877, -13.787158725787492, 259.0637542633252, 7.039335106371916, 5.519153826622411, 53.0, 0.0
2, 0 ,1.0,1.0,1.0,58.761972789115646,262.53420634920633,13.002709750566893,14.670231808786243,18.08371399939255,8.140690572513416,83.0,79.0,34.0,-0.35486747321731216,-0.9348920112923476,-0.0067826008366137554,18.599018048830327,-0.9315569875836666,0.35296847125148484,0.08726303447871456,14.047477224184181,-0.07918746956687034,0.037285191754074985,-0.9961622152739271,8.077881379920669,87.46387043709072,73.79028567250815,37.628611580710505,23.346875958970543,7.964335458103507,88200.0,242854.4565413714, 0.0, 0.0,0.0,NaN, 70.89235220254795,70.89235220254795,0.0, 215.2157013235237, 49.68721233668058, -10.061248429666676, 49.68721233668058, 327.02071201182616, 5.847928851275949, -10.061248429666676, 5.847928851275949, 66.27084299740879, 7.789086859985814, 5.530581577204976, 22.0, 0.0
3, 0 ,1.0,1.0,1.0,76.48849138497961,14.917521592353895,258.79745933622695,14.775044915504782,9.184362699413732,16.272179881014896,73.0,39.0,77.0,-0.24009877657190098,0.05804570869743336,0.9690114928061938,16.374758836074086,0.9667162131528126,-0.07659088108590861,0.24411800458378602,14.709168587851526,-0.08838744659826717,-0.9953715550668992,0.037724350856463466,9.107466225259781,82.61102216521147,80.3740269642361,40.34467907815162,22.676205150509194,7.2957541420791605,91236.0,267879.8143518064, 0.0, 0.0,0.0,NaN, 88.15141020969726,88.15141020969726,9.5367431640625E-7, 218.30195225518372, -12.459063333859726, -11.600598093920949, -12.459063333859726, 84.3525181943823, 7.921729158501659, -11.600598093920949, 7.921729158501659, 264.78383808010597, 7.111729746152399, 5.264770038799796, 34.0, 0.0
4, 0 ,1.0,1.0,1.0,154.0885793066643,176.61030441840296,14.220275288519268,15.835184792505842,15.321933931498759,8.859266416124315,78.0,67.0,38.0,-0.7620513751927118,-0.6461466956074012,0.04209690395424399,17.16842922024088,0.640910271506852,-0.761943929865758,-0.09314221179324639,13.861584287056528,0.0922590128058489,-0.04399881244262185,0.9947624736889348,8.780823276225071,81.07862279270358,67.43389072530087,40.964733696338584,22.630055138700314,7.202912096179163,89942.0,223972.50992621697, 0.0, 0.0,0.0,NaN, 191.6177859535697,191.6177859535697,2.6973983046972182E-6, 250.7530774128083, 50.99254747168873, -13.849724636139234, 50.99254747168873, 234.761659401213, 2.2440311407640148, -13.849724636139234, 2.2440311407640148, 78.48660143186817, 8.108523999343339, 5.549916842137627, 23.0, 0.0
5, 0 ,1.0,1.0,1.0,17.386243386243386,164.27669322305337,12.710454296661194,10.557532444118038,14.296337239039204,8.181981909397207,45.0,73.0,35.0,-0.02384077586997542,0.9985353611319349,0.04856696382351072,14.309393151719014,0.9983337052075407,0.026333318221310572,-0.051345587912093864,10.56091182084314,0.052549314481741535,-0.04726191829128157,0.9974993135972211,8.154752410009761,73.47588492851338,47.38705050944802,37.27622118531254,18.55045189936476,6.218706622444961,49329.0,129788.55083639588, 0.0, 0.0,0.0,NaN, 137.42144341398242,137.42144341398242,0.0, 111.46149130860502, -2.1074790889505266, -2.468472616803181, -2.1074790889505266, 204.3852584523391, 6.644083790566706, -2.468472616803181, 6.644083790566706, 66.94482796570317, 7.519018395268003, 5.205467053323499, 17.0, 0.0
6, 0 ,1.0,1.0,1.0,279.8796530638636,207.49096635938741,208.75930612772717,12.66650206320088,14.815421933283062,14.698784210138452,51.0,77.0,75.0,0.3640310278304307,0.36133756438971965,-0.8584384516886606,15.247173333933642,-0.21817879401650736,0.9291158708926774,0.2985660936825272,14.766976552866353,-0.905471934749069,-0.07860574416826276,-0.41706319948603826,12.060322037432114,86.14394164325404,78.1707908140097,61.12925852631423,23.332194079615256,7.183312485595242,108262.0,411640.76173356216, 0.0, 0.0,2.8421709430404007E-14,30.858298128765384, 131.48237100175936,131.48237100175936,0.0, 160.44027451707217, -3.2723781133136804, -31.925153797836728, -3.2723781133136804, 219.4967270612048, -6.851105638239796, -31.925153797836728, -6.851105638239796, 216.05425725621546, 6.894665440808995, 4.9366403580806795, 31.0, 0.0
7, 0 ,1.0,1.0,1.0,189.77235547476982,114.04618287430355,234.55783972813845,13.159459604596293,13.183027068980664,13.410459465966783,64.0,69.0,69.0,0.6375675372406652,-0.2814824228190447,0.7171298913730992,14.155490857208832,-0.05966171523048808,-0.9461054928520042,-0.3183156862786093,13.11463851401077,0.7680807999114602,0.1601625488033525,-0.619999873200136,12.427080836347658,67.48605728957648,67.73687539601593,67.18395114992583,22.117376880913486,6.133974468685319,101228.0,307117.63669887127, 0.0, 0.0,0.0,NaN, 171.57896662128377,171.57896662128377,0.0, 173.1713770850016, -7.2543047560412734, 21.34069485414326, -7.2543047560412734, 173.79220270147692, -3.985753948799386, 21.34069485414326, -3.985753948799386, 179.8404230883381, 6.4879410307716485, 4.823828489930251, 36.0, 0.0
8, 0 ,1.0,1.0,1.0,121.7581887174298,186.55983809764734,114.74917278016696,12.551511645281526,12.684731264767983,14.617373199034644,63.0,67.0,76.0,-0.011993541813312601,-0.2188272262752056,0.9756899097538481,14.712915129915975,-0.25843604067874565,-0.9419287120306472,-0.21443207393153602,12.575892480076837,-0.9659539159986185,0.2547252372518004,0.045255780558376854,12.549402686594805,76.14586526139593,65.62233945875994,66.6270112201266,22.16425894297589,6.3918758271387786,98825.0,332926.5014669969, 0.0, 0.0,-1.4210854715202004E-14,12.659445252593827, 202.14128600044535,202.14128600044535,0.0, 157.54044458163776, 0.31681711125202244, -0.6533267702742666, 0.31681711125202244, 160.90240725938236, -12.458747616853213, -0.6533267702742666, -12.458747616853213, 213.6675992398563, 6.309898928384554, 4.666312330298322, 35.0, 0.0
9, 0 ,1.0,1.0,1.0,260.5176357020866,141.14062151926933,126.12901908368605,14.522200945553251,13.220538946398799,13.523424722055738,74.0,67.0,64.0,-0.8810504686131163,-0.23080634448532777,0.41289042505479484,14.844966505556826,-0.47144798019618833,0.49962425555107653,-0.7267134271733031,13.344019191035361,0.0385600016278952,0.834927562492911,0.5490073694078283,13.043163260020924,80.73774746491983,70.47666659378012,65.88697539372444,22.870464310645342,6.745505819795439,107736.0,374905.2780359587, 0.0, 0.0,0.0,NaN, 193.35992756621425,193.35992756621425,0.0, 210.89432030302774, 8.348275591384429, -15.559544964161965, 8.348275591384429, 174.78265003324748, -7.671035114705019, -15.559544964161965, -7.671035114705019, 182.88301621310833, 6.089405738930144, 4.6154282816786, 37.0, 0.0
10, 0 ,1.0,1.0,1.0,22.84776134836108,133.08142901457967,191.6989142798056,13.123502653395215,13.198621763130323,13.163120392032985,58.0,65.0,63.0,0.47465420664013236,-0.6410779044945544,0.6030941091469045,13.891242984951155,-0.8734963028949496,-0.25886127648085805,0.4123045577816907,12.895071586828696,-0.10820163098438637,-0.7225025674055233,-0.6828487732615082,12.666813881107272,83.94323131793989,69.2445929368984,66.2343671568463,21.922183336324135,6.254242924891843,96710.0,384994.8682634658, 0.0, 0.0,0.0,NaN, 173.09480672558368,173.09480672558368,1.9073486328125E-6, 172.22632189367124, -8.575743156016419, 7.207425446609855, -8.575743156016419, 174.2036164461774, -13.19535673615459, 7.207425446609855, -13.19535673615459, 173.26773845515459, 6.399410380247571, 4.683677426519625, 35.0, 0.0
11, 0 ,1.0,1.0,1.0,47.16555514840601,248.550384756321,213.69426529864418,13.286031536891262,14.55447333510498,13.223990771907806,62.0,71.0,65.0,0.051258123416442064,-0.867507484302096,-0.494776080124811,15.082083079277092,-0.8061784555001218,-0.3283556540474065,0.4921979909980724,13.99738531817999,-0.5894479643456776,0.3736486707255204,-0.7161967384691081,11.824941193986408,71.30132564831888,67.7422861542068,64.53024507489685,22.8317133895424,6.475965078257797,109160.0,311688.4921221992, 0.0, 0.0,-2.8421709430404007E-14,60.345014107334734, 110.99699249763819,110.99699249763819,0.0, 176.51863399926916, 10.95269738625659, -24.482143298617757, 10.95269738625659, 211.8326940622819, 28.550746984769706, -24.482143298617757, 28.550746984769706, 174.8739319355028, 6.996237793811056, 4.916658415069646, 42.0, 0.0
12, 0 ,1.0,1.0,1.0,264.73317062095583,282.0263367011012,26.014199492942822,16.744782637802132,11.097284385251507,14.19192622964904,75.0,51.0,63.0,-0.9724952458211011,-0.08224328480016521,0.21791979937728395,16.896328770588816,-0.22322173249617444,0.06188194381146413,-0.9728014613329493,14.060972988834576,-0.06652108685795237,0.994689231436328,0.07853838467808655,11.034099378998912,82.45779549616381,68.66312247290084,54.34362029383354,23.457868288264176,7.394366219810156,105708.0,307683.23711044225, 0.0, 0.0,0.0,NaN, 47.36602582116661,47.36602582116661,0.0, 280.38774558723975, 12.0464283970111, -18.204946542381425, 12.0464283970111, 123.14972072714691, -7.507204103647416, -18.204946542381425, -7.507204103647416, 201.41077010780043, 6.164026098103758, 4.666063666731642, 21.0, 0.0
13, 0 ,1.0,1.0,1.0,136.97984231571806,22.371041189108066,251.03983224201556,14.70502270728535,12.46765080990053,12.83821160162779,73.0,55.0,68.0,-0.9977456420187844,0.06508978903638654,-0.01633870238797268,14.712406085828091,0.054235592381309955,0.6386968235072363,-0.7675447010831454,13.66788260019566,-0.039523845354070074,-0.7667005197630725,-0.6407871554919482,11.542693752349095,74.95177758285809,71.327718356323,66.0357487215874,22.20577445127314,6.5881156400563246,97283.0,353036.31023931736, 0.0, -3.552713678800501E-15,0.0,86.26799140718646, 147.1768959844368,147.1768959844368,0.0, 216.23769282177776, -3.5487123981388926, -0.8736664059847157, -3.5487123981388926, 155.44231671761335, -26.353584743560365, -0.8736664059847157, -26.353584743560365, 164.8196771281704, 6.797534367655011, 4.733281984160137, 31.0, 0.0
14, 0 ,1.0,1.0,1.0,144.4187666338984,151.87321073201142,58.794458963723116,12.274066519711909,11.702915079678434,13.519010643359096,61.0,59.0,67.0,0.35629390502345804,0.12184107596606693,0.9263959226219458,13.69718732296786,-0.7442697084955031,-0.5624111725549268,0.3602169818337433,12.48489060181162,-0.5649046417397843,0.817831538394567,0.10970105080637364,11.26450820799819,69.82425501245221,65.50874801323721,60.15011286528356,20.8665709714979,5.912765423983612,83414.0,275132.60279542836, 0.0, 0.0,0.0,NaN, 215.0700217597432,215.0700217597432,3.814697265625E-6, 150.6527089303128, 14.768106983481706, 12.272661111302277, 14.768106983481706, 136.95822136216486, 0.9823434675275036, 12.272661111302277, 0.9823434675275036, 182.76364877525648, 5.709685672839229, 4.491613453038264, 31.0, 0.0
15, 0 ,1.0,1.0,1.0,34.07386982570806,10.886693218954248,72.2993600217865,15.270482180910902,7.490340453422949,13.548716651476163,74.0,31.0,66.0,0.9945135243165714,0.004562539400641328,0.10450853164048612,15.288643187042862,0.10458538641854662,-0.022559043865674817,-0.9942600195560265,13.530746167277963,-0.00217873796409146,0.9997351013013821,-0.022912449166330295,7.485776292654614,76.10676809819859,68.97610348900108,31.468592096907596,20.500414163141432,7.252142317094572,58752.0,165195.89454079507, 0.0, 0.0,0.0,NaN, 80.66440450225132,80.66440450225132,0.0, 233.18762603751736, 0.5065997996619697, 5.25917036876089, 0.5065997996619697, 56.105200108184306, 2.934280359222098, 5.25917036876089, 2.934280359222098, 183.56772290198745, 6.27013699322521, 4.531010889901963, 26.0, 0.0
16, 0 ,1.0,1.0,1.0,219.04577578641045,29.238412859716384,269.1369763037554,12.731854064212383,13.996433653346743,14.669378643915142,68.0,65.0,64.0,-0.38612859811546574,-0.44216601047263454,0.8095640338479098,15.409390658326872,0.034503002247918156,-0.8839373963440998,-0.4663305932279097,13.671042807972823,-0.9217994622222696,0.1521311885417583,-0.35656956252547223,12.200172162930137,77.98191841439603,76.12586592972585,64.02734915805746,22.97337117042794,6.739076330567709,108245.0,380094.5848990736, 0.0, 0.0,0.0,NaN, 91.43848990580672,91.43848990580672,0.0, 162.1001079124014, 13.967247117927904, -28.30985927835109, 13.967247117927904, 195.90015501253725, -16.031437456427756, -28.30985927835109, -16.031437456427756, 215.19066979855364, 6.168295067173487, 4.602002226444679, 34.0, 0.0
17, 0 ,1.0,1.0,1.0,162.0447295119849,256.0433555253001,281.9550456538303,14.970839733929175,13.188153205272378,10.133230574424866,71.0,67.0,43.0,-0.9247484249460443,0.37742441598238136,-0.048899496727156704,15.296126631322727,-0.3802133014831173,-0.9105711407482086,0.16216671363696683,12.888862625510116,0.016679206669353946,0.16855565210595638,0.985551011469227,10.03202469486872,75.190547564183,63.54789035950557,46.6610652079155,21.375400603231128,6.620274785126686,80059.0,222955.93316442208, 0.0, 0.0,0.0,NaN, 145.90909370649902,145.90909370649902,0.0, 224.12604233899256, -23.86482789113146, 1.9917058858296526, -23.86482789113146, 173.9273849657361, -12.12996619323796, 1.9917058858296526, -12.12996619323796, 102.6823618744589, 6.5966898988371705, 4.857176675175414, 30.0, 0.0
18, 0 ,1.0,1.0,1.0,40.725023664904946,85.53201664431649,38.17532736451842,12.429454929148099,12.399990410761587,15.640365129324815,59.0,60.0,78.0,0.09191544943446305,-0.010860289699480618,0.9957075897385259,15.665559249614866,0.7009554525326757,0.7109274915837478,-0.056952219229387695,12.464034763983582,-0.7072573815238502,0.7031814529821476,0.072957799185171,12.33329737743795,79.55197527893081,61.07169447297483,62.52558701316685,22.543406080685603,6.683335670355924,101416.0,303772.6818374715, 0.0, 0.0,0.0,NaN, 102.13524877895412,102.13524877895412,0.0, 154.49134983572398, 1.5224160700486773, 8.40943592938319, 1.5224160700486773, 153.75976218697932, -1.1401730294291217, 8.40943592938319, -1.1401730294291217, 244.6210213785996, 5.956742660984911, 4.406265528092642, 34.0, 0.0
19, 0 ,1.0,1.0,1.0,190.4832037480064,282.33016846092505,58.9788177830941,14.26508204577222,10.331907874467358,13.582796080333502,69.0,44.0,72.0,-0.9863509838156922,-0.11789593626112536,-0.11494470383157633,14.33701391337391,-0.0933654972712279,-0.174551949795276,0.9802114571570583,13.653274537401034,-0.13562676964785544,0.9775644045462064,0.16116207469224084,10.137621117061745,69.75986357403661,72.6657814521453,47.65307352516314,21.24398925546087,6.58985250009219,80256.0,241560.81595415532, 0.0, 0.0,0.0,NaN, 125.63698720922667,125.63698720922667,0.0, 203.49256577261292, 13.314893180389427, 3.997999481305013, 13.314893180389427, 106.74832032648061, -12.917909111050392, 3.997999481305013, -12.917909111050392, 184.49234935992314, 6.115149918405571, 4.637645802798944, 33.0, 0.0
20, 0 ,1.0,1.0,1.0,282.00161142111364,103.89496464195821,167.78484198750814,10.841360419860203,13.251395012510885,13.388590301683994,45.0,66.0,68.0,-0.3358786431231914,0.7035447781784449,0.626266941640357,14.301057154365598,0.17899137034874094,-0.6051029907124944,0.7757657249269747,12.787974144396458,-0.9247419242331364,-0.3726595171582738,-0.07731272752243691,10.214518948392666,76.64422312117394,67.70380088675803,53.59711842740762,20.73071784837758,6.528878409666228,75089.0,278121.0870791645, 0.0, 0.0,0.0,NaN, 169.11225170772968,169.11225170772968,0.0, 117.53509575331142, -30.085409190715843, -12.85397283064738, -30.085409190715843, 175.5994697775984, 16.354060498281374, -12.85397283064738, 16.354060498281374, 179.2543502663467, 6.162726014557236, 4.540398059136672, 26.0, 0.0
21, 0 ,1.0,1.0,1.0,277.9334253115214,207.27834351663273,11.386155092744673,12.839373800462573,12.199381890471031,7.189300813824731,49.0,66.0,28.0,-0.9131996075811036,0.4055791119447756,-0.03964922026730736,12.994732258409465,0.4067141385100955,0.9131737608602426,-0.0264062873640193,12.044137905382074,-0.025496789007815726,0.04024010972211123,0.9988646791832432,7.171900720005076,64.86130282159706,61.324258155140114,30.42597305914592,18.16567664519149,5.947156994026588,45663.0,121021.4765607881, 0.0, 0.0,0.0,NaN, 95.98897763440242,95.98897763440242,NaN, 164.84951958800474, -8.719528627322866, 3.2462368105893975, -8.719528627322866, 148.82491850955253, -4.145961308472631, 3.2462368105893975, -4.145961308472631, 51.68604619166095, 6.469238776759051, 4.6841762524071875, 14.0, 0.0
22, 0 ,1.0,1.0,1.0,52.94826706258989,188.8066162483181,48.37842759708625,13.917661772986376,11.162363597719638,12.998203231264453,73.0,56.0,68.0,-0.9343443985550485,0.03415898230730575,0.3547304734816756,14.056261919476976,0.35033602654395385,0.27045840312605496,0.8967256663461227,12.986491943475253,-0.06530860122677935,0.9621254679646692,-0.2646684161352995,11.001158366704404,70.13866216866592,67.30673502022184,58.35212639189791,21.206288034836685,6.1275040056906125,86212.0,275468.97205939743, 0.0, -2.8421709430404007E-14,-7.105427357601002E-15,84.62538077019298, 132.31764746943867,132.31764746943867,0.0, 193.70130922724627, 2.0691030073249417, -10.411592503561007, 2.0691030073249417, 124.5983610876965, 12.477591807388903, -10.411592503561007, 12.477591807388903, 168.9532872412537, 6.037505370519949, 4.332431877926519, 32.0, 0.0
23, 0 ,1.0,1.0,1.0,91.16451058102146,268.29421755990217,39.333465084231555,11.338892048299856,14.652562050495654,13.590461731391818,62.0,61.0,66.0,-0.054114666189871756,-0.842707022866517,0.535645849899549,15.29172313526382,0.2980795337665579,-0.5256060883968271,-0.7967978610599422,13.036445193860473,-0.9530058732519284,-0.11654661492998648,-0.27963671449881394,11.14374254283354,76.40466933022225,71.07261771740613,58.3923620290544,22.03438619921625,6.515713500674605,93611.0,317086.8672199319, 0.0, 0.0,0.0,NaN, 104.22737694650313,104.22737694650313,1.9073486328125E-6, 128.5704728829977, -2.1697337964822347, -14.048278111518659, -2.1697337964822347, 214.6975746436254, -30.33006052013046, -14.048278111518659, -30.33006052013046, 184.7006500724255, 5.842318645249973, 4.261815859199877, 33.0, 0.0
24, 0 ,1.0,1.0,1.0,68.76563750521345,62.30677578257978,161.4756236402782,13.493711143757592,12.758600756486564,11.973717802196301,64.0,62.0,58.0,-0.9411224539922798,0.24905109985123,-0.2286090030039088,13.686308340032326,-0.14472046158843352,-0.9079307396657582,-0.39334178517876767,12.828935119739725,-0.3055233454078088,-0.33709838568714884,0.8905167958988411,11.676276778849084,66.41893941955135,63.25794943761187,64.96895682881808,21.26998489961637,5.984963999165858,88713.0,272968.75555952004, 0.0, 7.105427357601002E-15,0.0,75.57863172241701, 166.73287035185635,166.73287035185635,1.9073486328125E-6, 182.08024043116782, -8.237550581136755, 12.576112758051403, -8.237550581136755, 162.78189326341953, 7.184921067147207, 12.576112758051403, 7.184921067147207, 143.36991800663262, 6.272425854764284, 4.388740326955565, 37.0, 0.0
25, 0 ,1.0,1.0,1.0,124.03904962406015,169.0849082706767,274.3974857142857,13.065214445631037,11.613424804868814,13.1581956733283,68.0,57.0,61.0,-0.7498389009917402,0.317684177858956,0.5803605652502402,13.298400822996207,0.5844300288602754,-0.09314029910752002,0.8060809053987935,13.11911125137559,0.31013410635703553,0.9436109621132225,-0.11582395371373772,11.39083109835398,75.54542853365865,70.67824774305649,61.204402681896795,20.99342784129128,6.163243063419037,83125.0,326795.92080317636, -1.4210854715202004E-14, 0.0,0.0,41.42357507468785, 182.1536049928395,182.1536049928395,0.0, 170.69982851032594, -13.524759245072024, -0.539551742900162, -13.524759245072024, 134.87163569834223, 5.5028997994415505, -0.539551742900162, 5.5028997994415505, 173.13811337759563, 5.674876293293516, 4.220898097497031, 30.0, 0.0
26, 0 ,1.0,1.0,1.0,276.6166848082808,207.67698342609518,287.26641473783656,13.781056443256468,12.849773002989515,7.601237440214961,59.0,63.0,34.0,0.9827510194162442,0.07904488565693908,-0.16718953282970372,13.920505918675655,0.09148244543536889,-0.9934797486119079,0.06803639669460154,12.87243874212665,0.1607214858489614,0.08215774552348581,0.9835744551568023,7.302932927353048,65.4728339023766,62.785016204598094,39.416978493326894,19.1919976028633,6.669349410160855,48691.0,162031.88345053248, 0.0, 0.0,0.0,NaN, 96.08570659723316,96.08570659723316,0.0, 189.9175166922206, 0.6976077440314908, -22.37696156030967, 0.6976077440314908, 165.11666622835818, -9.45127085094399, -22.37696156030967, -9.45127085094399, 57.77881062252569, 5.629510870632399, 4.344083590053771, 16.0, 0.0
27, 0 ,1.0,1.0,1.0,13.00153520381154,250.03223928004235,81.28738309511205,8.275794510130172,11.896665620341189,13.67409728763117,33.0,57.0,59.0,-0.06596471851357949,0.038397594091986884,0.9970828855613617,13.69400456248485,-0.11225696274289962,0.9926299403424382,-0.045652774850025744,11.935701806393078,-0.9914872819291044,-0.11494096877839016,-0.06116815731343883,8.186185052832606,58.33955199459491,58.51892794594099,36.45635407135683,19.032101531029568,5.897412619133166,56670.0,124460.82763886632, 1.7763568394002505E-15, 0.0,0.0,86.21775366718616, 96.29878337484021,96.29878337484021,0.0, 68.48877477390069, -8.71231347833706, -7.539703587952602, -8.71231347833706, 141.530652882208, 1.1948817908104628, -7.539703587952602, 1.1948817908104628, 186.9809366316021, 7.829915021007309, 4.961383883437815, 26.0, 0.0
28, 0 ,1.0,1.0,1.0,60.425014797724174,43.89676624427721,34.302429242718915,11.870259608851518,12.396769059718379,14.647727326995252,62.0,66.0,68.0,-0.35091726386108973,-0.38952153942281953,0.8515456794852072,15.515680732721481,-0.4180869548017064,-0.7485299016616714,-0.5146904745019135,12.098433238856122,-0.8378904296797299,0.5366339130580976,-0.09981819076236488,11.046738283888276,80.93591765791874,63.91692332990182,60.759717902867365,21.556207563321394,6.668491406198653,82783.0,314320.6441579144, 0.0, 0.0,0.0,NaN, 82.1873783008172,82.1873783008172,0.0, 140.9030631815318, 23.843629446400282, -30.23398125793745, 23.843629446400282, 153.67988311999088, -29.9963089002772, -30.23398125793745, -29.9963089002772, 214.55591584600347, 6.226838700836104, 4.333099546760063, 26.0, 0.0
29, 0 ,1.0,1.0,1.0,135.41551988295214,142.83226821626246,174.93284931469034,12.351733660804163,11.419402885675488,11.863588044037567,58.0,52.0,55.0,-0.8644224324934151,0.4526723175688293,0.21877301275301797,12.660456413846068,-0.3167317636046717,-0.15237425556173612,-0.936196067160016,11.886284230068473,-0.3904546684649086,-0.8785612438236,0.27509142612063847,11.051782596783958,66.34370303614955,54.515919504705465,58.729651496728195,19.823490759531648,5.544548861558871,72449.0,212412.69727188547, 0.0, 0.0,0.0,NaN, 233.19565186665574,233.19565186665574,0.0, 152.5653244274426, -14.002423806848457, -1.5377368323844394, -14.002423806848457, 130.40276226537367, 6.508246971967976, -1.5377368323844394, 6.508246971967976, 140.7447212786311, 5.612535040468394, 4.103208578497845, 31.0, 0.0
30, 0 ,1.0,1.0,1.0,238.99946845059833,95.25401579090662,185.3039555054257,13.238860747421278,11.396251806216197,11.925137141539198,67.0,56.0,59.0,0.9060317769114374,-0.3722223150859002,0.2013876048290866,13.634441147480912,0.2272516407977691,0.02646572092801939,-0.973476377407527,11.85768991130998,-0.35701976273229613,-0.9277661956375934,-0.10856691600447059,10.993092809938092,74.62954407374488,60.17705330518493,56.13431102063288,20.334915919544724,5.817394563707536,77133.0,252098.4078248484, 2.8421709430404007E-14, 0.0,2.8421709430404007E-14,44.22654000933882, 161.08871778093337,161.08871778093337,0.0, 175.26743388961185, -21.818943712192794, 7.498573401471924, -21.818943712192794, 129.87455523068596, -5.385209964837393, 7.498573401471924, -5.385209964837393, 142.20889584451768, 5.820555027689296, 4.276278408327928, 31.0, 0.0
31, 0 ,1.0,1.0,1.0,275.4449324154565,64.68536254459575,239.77510677855383,14.428928068276829,13.474892142828367,12.70878688356754,58.0,71.0,64.0,-0.9499734249673467,0.24794543422363383,-0.18993039120546842,14.561342313877034,-0.2523663116117769,-0.9676313149808088,-9.396978122007293E-4,13.402411285676775,0.18401558797905182,-0.04703934434241523,-0.9817971091139754,12.634184946404767,64.4179900421388,69.88050373157412,68.66893628850954,22.50736546502313,6.685689742737114,99505.0,309117.4462642391, 0.0, 0.0,0.0,NaN, 91.72886805767246,91.72886805767246,0.0, 208.1939651995069, -7.460309089361164, 9.461029069826473, -7.460309089361164, 181.57271826085767, -2.4499267069698254, 9.461029069826473, -2.4499267069698254, 161.51326405193836, 5.4553843910751265, 4.076468665004379, 30.0, 0.0
32, 0 ,1.0,1.0,1.0,131.6738405197281,276.16173777811224,58.908332706248274,12.77632393390439,12.16380857358801,12.3149512983844,63.0,53.0,67.0,0.6987959629013368,0.2758988661568083,-0.6599727402599151,13.294132873602239,-0.6011038472058554,0.7266249818213858,-0.3327015188835039,12.678609542145214,-0.3877607085653643,-0.6292026314681614,-0.6736064737266323,11.196857102658926,70.09396133486534,68.52355793181246,60.76491380468488,20.660198129656333,6.00057755586009,79734.0,291859.205237794, 0.0, 0.0,0.0,NaN, 146.20689000592384,146.20689000592384,0.0, 163.23445326405815, -5.549199179050529, -16.6134509699916, -5.549199179050529, 147.95823901489317, -17.90520804901011, -16.6134509699916, -17.90520804901011, 151.6580254815796, 6.250171360111259, 4.291247567831632, 22.0, 0.0
33, 0 ,1.0,1.0,1.0,36.078703920011215,176.45761108255851,209.1827313927954,12.23868649208947,13.155739609853542,12.842852335820773,66.0,63.0,67.0,0.23829279419217064,0.814117705379934,0.5295553852270773,13.55527676453804,-0.40378182915437805,-0.41285389748498313,0.8164017967742375,12.592673940929291,-0.8832761621830584,0.40836750742238237,-0.23034582740045031,12.06137731388232,60.10095587679177,65.54940451943999,74.28001293597188,21.20817110251,6.165327756085678,85612.0,292632.1921747667, 0.0, 0.0,0.0,NaN, 157.51879574593426,157.51879574593426,0.0, 149.78544705165322, 9.60764398128441, 0.5111638073560483, 9.60764398128441, 173.07348468226945, 12.083471151525883, 0.5111638073560483, 12.083471151525883, 164.93885611969708, 5.569958638015005, 4.214766152059337, 41.0, 0.0
34, 0 ,1.0,1.0,1.0,200.57407899397805,175.46323355768095,193.53800625811783,12.500055613012224,10.690132607106177,11.788005799707568,63.0,53.0,56.0,0.9116028176019344,0.2664618108889455,0.3130150256425377,12.747466977356835,-0.31268847858771903,-0.04481083063090123,0.9487981370221309,11.68126158831782,-0.2668449330579696,0.9628032471881018,-0.0424698587863802,10.513687249787294,65.12882993978525,56.999804531261745,51.072260299198376,19.465148700410115,5.531310178498873,67752.0,189597.11348993398, 0.0, 0.0,0.0,NaN, 191.6483135206282,191.6483135206282,0.0, 156.2513903283984, 12.984642973993392, 7.138434977425216, 12.984642973993392, 114.27893515751471, 3.232047372608527, 7.138434977425216, 3.232047372608527, 138.95708073393925, 5.930626520488712, 4.198741448217965, 33.0, 0.0
35, 0 ,1.0,1.0,1.0,164.11549676409928,9.685631652561458,224.1009648436574,13.341617243647365,6.553422943987893,12.390260284073195,61.0,27.0,66.0,0.8666173005086054,-0.06293755556442324,0.4949882004237603,13.772597446615594,0.4985774956533765,0.0697136175379418,-0.8640373211602501,11.954472661851433,-0.019872978820122636,-0.9955796681478327,-0.0917942758752758,6.470764701052073,62.76786377373372,58.940477388764265,28.875520388057982,18.288241356506873,6.324941181704121,42183.0,106826.94703840146, 0.0, 0.0,0.0,NaN, 155.94573805603133,155.94573805603133,0.0, 177.9987506759887, -4.550302193093876, 19.880546648690277, -4.550302193093876, 42.94735228278694, -10.69096804893577, 19.880546648690277, -10.69096804893577, 153.51854990708156, 6.466064568224574, 4.32507224824689, 16.0, 0.0
36, 0 ,1.0,1.0,1.0,104.00415127114277,229.41458244395048,156.82427757577543,12.089317896779628,10.932975404483896,11.969204645643506,59.0,52.0,59.0,-0.8262249722861497,0.5421884901114143,0.15291807074854297,12.856316700510028,-0.18319524118351088,-0.0019008050457883785,-0.9830747125971118,11.965770091606556,-0.5327211266492693,-0.8402547400228596,0.10089684380916186,10.023915665284754,59.63808638968735,59.6330579684691,53.99489078812505,19.460770409525583,5.497438796518794,67931.0,192027.508582873, 0.0, -2.8421709430404007E-14,0.0,57.16725651857451, 190.52152672307454,190.52152672307454,0.0, 146.15160720939622, -29.01625049313552, -0.4977174820975579, -29.01625049313552, 119.5299511950498, 5.452884112311454, -0.4977174820975579, 5.452884112311454, 143.2618598492941, 5.9450275662855026, 4.144005914483394, 23.0, 0.0
37, 0 ,1.0,1.0,1.0,52.0199649689373,20.347902241440654,165.7005665179671,12.37569843275948,11.489739218188562,12.256495345715907,61.0,49.0,59.0,0.5573732124543859,0.2734545225367417,-0.7839373228405956,12.748186577841725,-0.7667753220117988,0.5316566601263277,-0.3597176688696569,12.415742903268093,-0.31841907542102427,-0.801600785832649,-0.5060093601510741,10.896181179506218,69.65397032891092,61.79343663209666,59.149769450128375,20.046683317684014,5.790007350655792,73078.0,254589.9653070495, 0.0, 0.0,0.0,NaN, 145.45257548284138,145.45257548284138,0.0, 153.15791169860546, -7.76672308177887, -9.362915330875394, -7.76672308177887, 132.01410730198032, -16.16189828885289, -9.362915330875394, -16.16189828885289, 150.22167815955567, 5.588670290439498, 4.0651933194148935, 24.0, 0.0
38, 0 ,1.0,1.0,1.0,186.7334928576608,65.6191284170836,63.04733521862084,11.833686272015392,10.935957147006192,12.61116733510065,61.0,57.0,61.0,-0.5736196637472498,-0.1601614026987232,0.8033111517015493,13.189869358493674,0.6002890178523641,0.5850680518412019,0.5452966804965761,11.6802713735328,0.5573271717836267,-0.7950117607937117,0.23946340804253538,10.405356217162907,65.72886784583883,56.43763352242189,55.05815679812496,19.664320314381413,5.655734933050861,68955.0,204242.73394026599, 0.0, 0.0,0.0,NaN, 145.29328316413128,145.29328316413128,0.0, 140.03613078448552, 15.925208076582662, -21.057909081102252, 15.925208076582662, 119.5951587211558, 0.5301017307900904, -21.057909081102252, 0.5301017307900904, 159.0415415539096, 5.347404660704726, 3.9325676690746163, 33.0, 0.0
39, 0 ,1.0,1.0,1.0,92.14186969147501,158.65819574908997,106.43515249014983,11.284250166369794,11.569724897681912,13.179719660585768,57.0,56.0,61.0,-0.11043451886737522,0.21709619255541732,0.9698832198880811,13.231850463201427,0.6576613304537742,-0.7156938082280099,0.23508285196896025,12.464330396668313,-0.7451750072756756,-0.6638159504275482,0.0637384694644247,10.22039370274233,62.703732911140435,57.42198952715169,53.35718411498411,20.059186514447084,5.703234410013783,73349.0,192116.44152465934, 0.0, 0.0,0.0,NaN, 199.48952720567758,199.48952720567758,0.0, 127.33430181721675, -25.652513121719945, 0.30527755235248133, -25.652513121719945, 133.85853420804074, 6.3064350990543065, 0.30527755235248133, 6.3064350990543065, 173.70501033163103, 6.205239492726554, 4.293689850746037, 28.0, 0.0
40, 0 ,1.0,1.0,1.0,84.22524254191721,207.98732418146162,190.71879423873656,13.865368127002775,12.312695610323749,10.387726928753443,64.0,60.0,52.0,-0.9717896623533644,0.2358456203306833,-0.0013021190305455902,13.956538230803778,0.22894475520386767,0.9420001484949941,-0.24539767582446867,12.324133129777579,-0.05664937076239761,-0.23877303785445533,-0.9694216240552814,10.251173613190385,64.53216068943343,59.047878197472954,55.12235351610684,20.43196800708969,5.855805716845361,76997.0,210043.02053413895, 0.0, 0.0,0.0,NaN, 165.83909649165307,165.83909649165307,0.0, 192.24843329730442, -10.465513763901038, -2.515709033889727, -10.465513763901038, 151.6024731924857, -10.84551939456077, -2.515709033889727, -10.84551939456077, 107.90487074634943, 5.6588052711471395, 4.099988829775114, 21.0, 0.0
41, 0 ,1.0,1.0,1.0,288.07639332146334,76.76762858198677,284.070816676185,8.012454363038476,11.742714578900035,8.76421855081357,36.0,61.0,36.0,0.19132716784133394,-0.964639771201593,-0.18128438063427324,11.91710028961332,0.5150247408556012,0.2558932654741948,-0.8180881083303768,9.190527579683673,0.8355497777825298,0.0631565396541908,0.5457726819349553,7.240111939886168,60.86728259189537,49.52742216354039,38.302841619368564,15.813291928312273,5.370483758255002,29767.0,115467.73105817717, 0.0, 0.0,0.0,NaN, 79.30435092534344,79.30435092534344,9.5367431640625E-7, 64.1994249197743, -12.312916565170914, -16.610039208574516, -12.312916565170914, 137.89134568151144, 8.959647896972188, -16.610039208574516, 8.959647896972188, 76.81152680642471, 6.615560051029608, 4.409709631326279, 9.0, 0.0
42, 0 ,1.0,1.0,1.0,120.95493689232441,235.94320913098616,76.4793163838396,11.879276222464185,12.293829537322146,13.126150655088118,61.0,61.0,67.0,-0.08097829393932064,-0.1185565284354421,0.9896397655086488,13.15050975993129,0.4342974576364371,-0.8978851421106071,-0.07202770208428041,12.39790906062816,0.8971221958023357,0.4239653537051714,0.12419800584729587,11.743390620291642,67.51471687322221,61.16829462594265,58.79585384818748,20.75397474196672,5.815824248738105,82795.0,242812.77087305937, 1.4210854715202004E-14, 2.8421709430404007E-14,0.0,81.8216584654749, 156.7879301783214,156.7879301783214,0.0, 141.11720356960294, -5.825265858231664, -3.3014514230559464, -5.825265858231664, 151.13824469273445, -3.0879673212535277, -3.3014514230559464, -3.0879673212535277, 172.29583102007024, 6.161479775211907, 4.310592752161625, 36.0, 0.0
43, 0 ,1.0,1.0,1.0,23.606042354301685,188.20084564049438,121.97744958681668,12.601804581259321,12.597320716181862,12.260291167396531,52.0,61.0,58.0,-0.5946445951777544,-0.5514176396717804,0.5850951991639372,13.745511482469144,0.6506780435611863,-0.757527848268515,-0.05262739519546963,12.196005659170108,0.4722455812956556,0.34941400337776335,0.8092551916362679,11.407500492515185,71.43738915176147,63.857266817943284,58.73747666240979,20.815461792679738,5.8761601235339604,83014.0,267948.41074909165, 3.552713678800501E-15, 0.0,0.0,53.512699758503636, 167.13705262100936,167.13705262100936,0.0, 158.80547870424843, 10.109276216381945, -21.098025498262523, 10.109276216381945, 158.6924892263447, -18.23135877034073, -21.098025498262523, -18.23135877034073, 150.3147395093414, 5.990247482348517, 4.292070031841322, 22.0, 0.0
44, 0 ,1.0,1.0,1.0,216.755275688545,135.890698555273,206.08347762566962,12.59328574686886,12.576663261769973,11.311542858246028,69.0,58.0,59.0,0.5959491173538524,0.6836633791868686,0.42124699818984557,14.130599407146448,-0.8029653715701873,0.501092527614598,0.32272727004076485,11.660520455241976,0.00955309291881069,-0.5305757841511474,0.8475836688422442,10.443789046309657,65.27549801852683,58.02464552918795,53.79502653018007,20.243921144762922,5.907449806878947,73924.0,203753.3772707338, 0.0, 0.0,0.0,NaN, 184.97642891573597,184.97642891573597,0.0, 158.5908459022904, 26.09200838108639, 15.775123014528235, 26.09200838108639, 158.1724587999545, 30.441676576151412, 15.775123014528235, 30.441676576151412, 127.95100183393672, 5.735337921535113, 3.884340845961359, 29.0, 0.0
45, 0 ,1.0,1.0,1.0,125.54430568166595,91.82751075452882,213.12878641282506,12.689381318238304,10.364471291087332,12.133294205170424,62.0,51.0,65.0,0.7564033462111327,0.1284894586903148,0.6413613933236643,13.58566868783019,-0.6074311454832966,0.5017263282085316,0.6158718170847208,11.612012277684714,0.24265486052715318,0.8554303890953694,-0.4575559726139445,9.810722135503628,67.21846905740617,57.90518013608599,52.8099971038349,19.58887887249524,5.651134060645041,67181.0,205552.22283078227, 0.0, -1.4210854715202004E-14,0.0,82.6176873728017, 178.15799777324972,178.15799777324972,0.0, 161.0203982396553, -3.1765913838861666, 28.41058732740159, -3.1765913838861666, 107.42226514377352, 19.20213121197755, 28.41058732740159, 19.20213121197755, 147.2168282692222, 6.185884879932032, 4.207897474944711, 37.0, 0.0
46, 0 ,1.0,1.0,1.0,107.61759439002002,211.03670263193536,279.5664906023806,11.852525494395213,12.154899588683033,11.295240755084157,61.0,58.0,46.0,0.5436347195047235,0.8058071124860596,0.234810964854498,12.28281962773681,-0.6966589021744969,0.589243481511189,-0.40921692721293756,11.92243758632011,-0.4681107409257408,0.0588813804479212,0.881705913140261,11.081255899687296,61.61384246294995,64.9598852252001,55.295362646888634,19.55163541620039,5.791369516232602,66453.0,221315.71517506303, 0.0, 0.0,0.0,NaN, 141.11535425741653,141.11535425741653,0.0, 140.4823605952885, 4.354651968801124, 9.100080646286782, 4.354651968801124, 147.741584010967, 0.6459351635110581, 9.100080646286782, 0.6459351635110581, 127.58246371531409, 5.305122513189873, 3.988984096385057, 26.0, 0.0
47, 0 ,1.0,1.0,1.0,279.6230480871875,233.50347558402225,46.28357041781485,11.102268014221014,12.32167632832395,14.319634097275202,48.0,62.0,68.0,0.24147151645020715,0.0010409304956289292,0.9704073491101256,14.507038721774839,0.1706455714058904,-0.9844620768640772,-0.041406619954126644,12.366880775406928,0.9552861328956866,0.17559423589677312,-0.2378971807673096,10.80472446160551,71.28862286594119,59.94627325923642,55.13005956056145,20.984390166131114,6.308038731250666,80562.0,235597.60753875828, 0.0, 2.8421709430404007E-14,-7.105427357601002E-15,78.61033799587857, 83.54146766296738,83.54146766296738,NaN, 123.26035505959503, -6.057439654730677, 21.70338951922988, -6.057439654730677, 151.82370753997876, 1.5701956292422439, 21.70338951922988, 1.5701956292422439, 205.0519206798466, 5.762901801513021, 4.074448893298498, 20.0, 0.0
48, 0 ,1.0,1.0,1.0,224.82449694290554,232.5450957315498,166.73737692683068,13.973417381811629,10.563265682070861,11.227172796608299,72.0,54.0,59.0,-0.9942408638998632,0.09501412918764685,0.049572369384232574,14.005383485043513,-0.07540276440760811,-0.2914994978485992,-0.953594497610858,11.291128686845422,0.07615463000595823,0.9518405108045818,-0.2969850405658977,10.452178271307835,72.60157830037411,54.5177002178838,54.60533535858218,19.937664495767194,5.9479339821029455,69674.0,216131.7987579373, 2.8421709430404007E-14, -2.8421709430404007E-14,0.0,54.7953418028006, 167.21377657984584,167.21377657984584,0.0, 195.25639332631536, -7.808487662465335, -2.9715296227966284, -7.808487662465335, 111.58258187001597, 5.47996615230771, -2.9715296227966284, 5.47996615230771, 126.0494090049014, 5.509893928836041, 3.9657401255510294, 34.0, 0.0
