// Sample: .//bubblelabels.tif, Map: .//bubblelabels.tif, Thickness:(8.191250068658265):/gpfs/home/mader/Foam/NewValid/InSilicoTest/LatticeData_Phi_6.65/out_Step_06000.vtk/distmap.tif, Neighbors:(1.0):
//LACUNA_NUMBER, TRIANGLES, SCALE_X, SCALE_Y, SCALE_Z, POS_X, POS_Y, POS_Z , STD_X, STD_Y, STD_Z,PROJ_X, PROJ_Y, PROJ_Z, PCA1_X, PCA1_Y, PCA1_Z, PCA1_S, PCA2_X, PCA2_Y, PCA2_Z, PCA2_S, PCA3_X, PCA3_Y, PCA3_Z, PCA3_S,PROJ_PCA1, PROJ_PCA2, PROJ_PCA3,OBJ_RADIUS, OBJ_RADIUS_STD, VOLUME, VOLUME_BOX, Mask_Grad_X,Mask_Grad_Y,Mask_Grad_Z,Mask_Angle, Mask_Distance_Mean,Mask_Distance_COV, Mask_Distance_STD, SHAPET_XX, SHAPET_XY, SHAPET_XZ, SHAPET_YX, SHAPET_YY, SHAPET_YZ, SHAPET_ZX, SHAPET_ZY, SHAPET_ZZ, Thickness, Thickness_STD, Neighbors, Neighbors_STD
1, 0 ,1.0,1.0,1.0,181.80997160749885,35.63988844364793,19.615694408086828,11.794544865223004,18.010150111460646,13.118713846364166,50.0,81.0,65.0,0.2313506189449181,0.9490139423086741,0.21412479636313075,18.440537924805287,-0.48783880369503674,0.3035892961114012,-0.8184417150267815,13.712133382561897,-0.8417185947353183,0.08488861284255302,0.5332013978661987,10.368288563718744,95.86312485663095,77.02742348915775,56.55055390487517,23.865696403762414,8.124406671341912,99322.0,417574.35217485053, 0.0, 0.0,0.0,NaN, 44.562924593288486,44.562924593288486,0.0, 139.11128857775833, 39.13255124227655, 43.669646364936305, 39.13255124227655, 324.3655070373459, 27.24918489251122, 43.669646364936305, 27.24918489251122, 172.10065298278687, 10.356957764822724, 7.090321515516971, 9.0, 0.0
2, 0 ,1.0,1.0,1.0,60.8271091711125,87.69741410502166,31.716302147085766,16.15203028206077,21.633418299988296,18.624104337076133,80.0,115.0,77.0,-0.004945717863917811,-0.969954277808425,0.24323700137097967,21.821216390224336,-0.1217220597789633,-0.2408473243812686,-0.9628999462569048,18.436107417852735,-0.9925519029441112,0.03436954028670236,0.1168736696715891,16.115042366111687,119.60123730039471,93.11083551236271,79.84336304479561,31.312302542009554,9.761651573936215,259794.0,889149.3547292057, 0.0, 0.0,-3.552713678800501E-15,75.9223301028744, 111.3404574838245,111.3404574838245,0.0, 260.88808223260816, 3.3894818661752577, 9.138992537312403, 3.3894818661752577, 468.00478734226846, -32.47343082680442, 9.138992537312403, -32.47343082680442, 346.857262358298, 10.48101536685608, 6.74837905246598, 22.0, 0.0
3, 0 ,1.0,1.0,1.0,166.32920991190724,185.07775314406797,79.81034550412996,19.183457783405142,8.628642364561637,16.275653662232735,75.0,35.0,69.0,-0.9935614845206474,-0.008173134346445695,-0.112999010403111,19.219561343290497,0.11253946833718254,0.043735774909878296,-0.9926842650407111,16.244791164602105,0.013055441145809974,-0.9990097005875306,-0.04253438125212221,8.606430474134074,81.2167454902179,75.64707209437142,35.91694876429361,25.11861548857838,8.74131452660911,101938.0,220666.8731197665, 0.0, 0.0,0.0,NaN, 87.89816156140228,87.89816156140228,NaN, 368.00505252768727, 3.3324636763349664, 11.949857906049754, 3.3324636763349664, 74.45346905550784, -7.968557343343704, 11.949857906049754, -7.968557343343704, 264.8969021329498, 10.786594946962326, 6.796406534633812, 11.0, 0.0
4, 0 ,1.0,1.0,1.0,14.409202722604784,113.24079926760339,142.19998407833458,9.243118731969876,17.900469672683865,19.75108390564305,37.0,91.0,106.0,-0.04223705173387889,0.19153737314097513,0.9805760889146157,19.82881335857457,0.059041357473616364,-0.9792582541399542,0.1938230889405109,17.852723036051938,-0.997361594191646,-0.06608105923048885,-0.030052355023763418,9.168741180366816,102.45040337754679,94.37433745729103,39.407824104884426,26.63563400349495,9.301095369662075,125615.0,381021.99311130383, -1.7763568394002505E-15, 0.0,0.0,87.5792750829204, 105.24079948085812,105.24079948085812,0.0, 85.43524389329241, -16.067663606681965, -10.117267695693936, -16.067663606681965, 320.42681450267474, 13.519252331318201, -10.117267695693936, 13.519252331318201, 390.10531544775193, 11.29472195281846, 6.899688670154629, 15.0, 0.0
5, 0 ,1.0,1.0,1.0,58.189941753089926,148.52072737604774,184.81189799687456,18.882545896876316,22.235346734244118,8.801986543836193,94.0,96.0,39.0,0.11665713833866316,0.9919556535195285,0.049143601061374116,22.30520178621076,0.992233208086746,-0.11425285783355696,-0.04918887320064786,18.84498898555913,0.04317838399614365,-0.054500146123753375,0.9975797518133435,8.705200426650126,100.45297781931228,92.22577072821986,42.354106832271015,28.558281646420085,10.623591693084975,140780.0,392383.40945646947, 0.0, 0.0,0.0,NaN, 79.16352236716442,79.16352236716442,0.0, 356.55053954764054, 17.134385210715124, -11.216516212789095, 17.134385210715124, 494.4106443920606, 22.129126165968373, -11.216516212789095, 22.129126165968373, 77.4749671178734, 9.175550316859077, 6.398606533406876, 15.0, 0.0
6, 0 ,1.0,1.0,1.0,185.51595474038717,174.74644440675502,137.22210646185158,9.29057065883501,14.978747121465956,15.925152135130501,38.0,60.0,76.0,0.048157824840280444,0.5305307519833695,0.8462966058697229,16.576780552175766,0.14884385626109625,-0.8416311978456843,0.5191362376738548,14.365165275226015,-0.9876873646857992,-0.10096557835618708,0.11949737079627185,9.118136441353045,78.77747695888547,75.42368031604602,44.84637932510023,22.553820471016948,7.457427249651581,82546.0,266463.1597177411, 0.0, 0.0,0.0,NaN, 69.19966440865682,69.19966440865682,0.0, 86.31470316680598, -10.539178970315865, 17.331869330915325, -10.539178970315865, 224.36286532882468, 32.21152676382325, 17.331869330915325, 32.21152676382325, 253.61047052705158, 10.909082656531506, 6.881240251182849, 7.0, 0.0
7, 0 ,1.0,1.0,1.0,81.14779280978817,21.7404301191182,43.10982051420255,17.23705687119932,13.533704118453576,19.785111869392267,92.0,55.0,86.0,-0.308357992833923,0.06797603749107345,0.9488385566483092,20.103060221847784,0.9483902864388731,0.09952590756720921,0.30108214545422013,16.926566223565153,0.07396764727789505,-0.9927103565743314,0.0951574227595379,13.456829270938918,95.49949839870584,89.06012416425864,60.87867324608631,28.17161875991747,8.83673157208844,185530.0,517785.12031994935, 0.0, 0.0,0.0,NaN, 94.42492893527285,94.42492893527285,1.9073486328125E-6, 297.11612958095975, 5.27548324332325, -35.15679555058172, 5.27548324332325, 183.1611471658473, 17.545166476167463, -35.15679555058172, 17.545166476167463, 391.45065168436673, 9.610578771051111, 6.177169027829394, 13.0, 0.0
8, 0 ,1.0,1.0,1.0,51.787927312239965,183.21583289249818,121.74270477388731,14.651666697991443,9.711355268565597,12.701148940504718,61.0,37.0,60.0,-0.9637507588774556,0.024762533792292443,0.26565257703119277,14.806952151697569,-0.26109581829464246,0.11732810247071905,-0.958156088557429,12.558179374984,0.05489488530072051,0.9927844344523167,0.10660965377026003,9.661637612396646,62.712577349062016,63.7477033327834,41.33164338880465,20.72370938645377,6.389742706559811,69943.0,165234.9320469365, 0.0, -2.8421709430404007E-14,0.0,88.58106628742613, 95.33048797156845,95.33048797156845,0.0, 214.6713370290315, -4.976174180483737, -16.13178531216763, -4.976174180483737, 94.3104211522968, -6.4071439781908355, -16.13178531216763, -6.4071439781908355, 161.3191844088841, 10.864444325108403, 6.572279038216394, 9.0, 0.0
9, 0 ,1.0,1.0,1.0,169.71124126170685,95.19372003535493,16.60815841867026,16.15791881481903,15.88964771263513,10.426850825049515,68.0,78.0,41.0,0.7922937021785834,0.5970593172192755,0.1256616934861518,16.616460881598915,0.5999534741394015,-0.7998410105701751,0.017612117366844683,15.497753569369337,-0.11102485467775726,-0.061437199901476294,0.9919168070519068,10.2952088399975,81.18315112094604,71.93077246167888,44.474603834996515,23.852206624734094,7.304156495905146,112007.0,259712.418708362, 0.0, 0.0,0.0,NaN, 101.26738945058133,101.26738945058133,0.0, 261.07834042628286, 16.07954402049411, 18.3547605750979, 16.07954402049411, 252.48090443165083, 10.873027387856652, 18.3547605750979, 10.873027387856652, 108.71921812783573, 9.574309419281649, 6.090110867156294, 12.0, 0.0
10, 0 ,1.0,1.0,1.0,89.16059757236228,180.04718157659335,77.95953719483131,16.66975308675055,12.050041339391342,19.373855820268027,82.0,54.0,88.0,0.42214415462267746,-0.15177730018910499,0.8937326019930184,20.353501436628946,0.896779980223255,0.21411436878351914,-0.38722177644240624,15.83725906926797,0.13258951613412961,-0.9649449146079486,-0.22649797346461156,11.547582346137906,94.54746609351587,83.76932628990886,61.94593508449529,26.946828759166806,8.502874421221021,153153.0,490622.8035691291, 0.0, 0.0,0.0,NaN, 120.1058556529633,120.1058556529633,0.0, 277.8806679732295, 4.557256612292228, 65.19348770938912, 4.557256612292228, 145.2034962810403, -47.84568774865701, 65.19348770938912, -47.84568774865701, 375.3462893445333, 10.037282774759749, 6.196488828547791, 15.0, 0.0
11, 0 ,1.0,1.0,1.0,158.1362032858119,181.47543480451995,182.23384811799357,19.88313022387471,11.547341939497446,10.895443735932256,79.0,53.0,45.0,-0.9917980246735283,-0.008831137885121462,-0.1275095653562578,20.00247708012133,-0.07169624083172854,-0.7874406809519313,0.6122065199200002,12.803083053176724,-0.10581269916360037,0.6163271736550422,0.7803489525270735,9.130862093076523,82.01449679299975,68.99128757782485,51.63765626071006,23.976473490952134,8.515831521800447,89293.0,292180.6137466601, 0.0, 0.0,0.0,NaN, 49.10573432607416,49.10573432607416,9.5367431640625E-7, 395.33886749955997, 7.321478300733854, 36.51899856863416, 7.321478300733854, 133.34110586767665, -38.47280922528255, 36.51899856863416, -38.47280922528255, 118.71069420286543, 9.90538295162044, 6.5585150308261975, 8.0, 0.0
12, 0 ,1.0,1.0,1.0,21.51156244789061,45.04543605135901,57.224105386026345,12.409993231637026,16.775173714670178,16.966173033451515,53.0,85.0,82.0,0.2783654063182862,-0.706027045061026,-0.6511823954988732,17.24649318807874,0.07929113699103565,-0.6587728347470276,0.7481519015507705,16.877329524961425,-0.9571967489288314,-0.2598926005906309,-0.1273978806664957,11.873484466957214,81.48879764582952,79.48987425961124,62.467346333093076,25.782352527491753,7.650863396773601,149925.0,404634.37715541216, 0.0, 0.0,-7.105427357601002E-15,49.36919114229575, 75.93705857641328,75.93705857641328,0.0, 154.0079320092768, -38.26475079803153, -19.8270134179535, -38.26475079803153, 281.4064531573613, 1.0283034457920393, -19.8270134179535, 1.0283034457920393, 287.8510274010174, 11.053837319975479, 6.261268839974293, 13.0, 0.0
13, 0 ,1.0,1.0,1.0,139.1549673592992,115.52663648842643,118.28191506082801,16.728104940781133,15.764306536544217,16.875774764005854,84.0,82.0,86.0,0.6722347064781946,0.01960697623276295,0.74007841874303,17.52530499619617,0.6662039686070975,0.4199959844726344,-0.6162593976881948,16.123475511204745,0.32291294743061877,-0.9073141349664244,-0.2692736319653299,15.685402500517997,91.31360400256281,77.7458008703162,72.10972509582015,27.451395470124993,7.717222046566047,190866.0,511924.913501249, 0.0, 0.0,0.0,NaN, 132.34694007090653,132.34694007090653,0.0, 279.8294949097862, 4.704332599547923, 24.678944999794275, 4.704332599547923, 248.5133605781307, -2.719977660605592, 24.678944999794275, -2.719977660605592, 284.7917738854568, 9.89054372006023, 6.152244535438415, 27.0, 0.0
14, 0 ,1.0,1.0,1.0,78.11908931698774,91.62377533949184,159.5538235146008,14.115638123884738,17.20656541356095,18.292880955608386,75.0,83.0,83.0,0.07308578865677351,-0.018649310210135744,0.9971512777533326,18.314999547731443,-0.2239359236275418,-0.9746021806096891,-0.0018142932282442653,17.362389913708128,0.9718596450133614,-0.22316539332863472,-0.07540581950339359,13.894417392702842,84.6804125326242,82.14585228690046,76.15100320398184,27.585559327984598,8.305633220531279,178723.0,529717.39425285, 0.0, 0.0,0.0,NaN, 127.0173276189719,127.0173276189719,NaN, 199.25123964446826, 23.46356968982324, 10.420670088993695, 23.46356968982324, 296.0658933311518, -2.456135510697365, 10.420670088993695, -2.456135510697365, 334.62949365606, 10.006196965854997, 6.306140635000609, 21.0, 0.0
15, 0 ,1.0,1.0,1.0,119.22014653257128,50.81096619914184,14.440657700591897,16.644211591050233,18.617207843358674,9.478688313016367,77.0,94.0,39.0,-0.5182144300965991,0.8544159203377115,0.03777882360685643,19.70628421526619,-0.8539886987500214,-0.5145458428793088,-0.07710951940497779,15.38183423725068,-0.046444664353424064,-0.07222195406579911,0.9963066207267799,9.409424925609061,97.97978180307732,72.33425434251455,42.99838687980734,25.354270253202372,8.404565392299377,117926.0,304742.2290090181, -1.4210854715202004E-14, 0.0,0.0,58.7874449639556, 96.51772690617642,96.51772690617642,0.0, 277.0297794876509, -67.68126192269679, 3.880731012965331, -67.68126192269679, 346.6004278828158, 15.55183031275197, 3.880731012965331, 15.55183031275197, 89.84553213531306, 9.46839016593082, 5.890868862160742, 8.0, 0.0
16, 0 ,1.0,1.0,1.0,15.137916321886637,99.69771410839884,25.583910839884155,9.559197465679558,13.713193372600152,16.619406202660883,38.0,61.0,70.0,-0.11230314399180859,0.35949169051550217,0.926365871726642,17.26934865308811,-0.35992757266579994,-0.8836728140050208,0.2992899935235949,13.523545576152724,0.9261966023930666,-0.2998134123730205,0.2286302068336222,8.632375301099142,83.7631770669461,70.88382759805283,44.717169176552794,22.32862764260907,7.554268911614705,77344.0,265506.16192819324, 0.0, 0.0,0.0,NaN, 104.03522097285905,104.03522097285905,0.0, 91.37825618785449, 25.435722016002412, -34.947398336380196, 25.435722016002412, 188.05167247432473, 45.840256974510005, -34.947398336380196, 45.840256974510005, 276.204662529043, 10.742274432816458, 6.438725271994458, 7.0, 0.0
17, 0 ,1.0,1.0,1.0,186.41765795694116,28.025132562448093,171.96495240528972,8.033736758067434,15.51460242630511,15.091265980011128,32.0,73.0,59.0,0.011772228752301911,0.7859191914812855,0.618217145582041,16.18833501132339,-0.04377015805165944,-0.6172623638293022,0.7855388898482336,14.376624266277629,-0.9989722658284043,0.03630700567749444,-0.02713325347978309,8.015023885873097,79.92954159011057,73.65125719606549,33.798094272985594,21.94333764243676,7.174960399445728,78265.0,198966.38056657612, 0.0, 3.552713678800501E-15,0.0,38.194227668099956, 41.902887300937905,41.902887300937905,0.0, 64.54092629792385, 5.678827915398887, -3.4580638117181457, 5.678827915398887, 240.70288844631241, 27.045242938974365, -3.4580638117181457, 27.045242938974365, 227.74630887944122, 8.757076042171242, 5.645848234627565, 9.0, 0.0
18, 0 ,1.0,1.0,1.0,27.030698329056566,175.17559924820418,42.586752602535164,16.501398815113514,12.09177623975992,16.07968932576571,68.0,54.0,75.0,-0.736869221984321,0.09106742901979448,0.6698734754145336,18.13282142224411,0.6739739029191895,0.17628191095343815,0.7174147099512799,14.336986787459564,0.05275346316685013,-0.9801180598490821,0.19127378513945653,11.946347618674542,89.87777107168947,82.39030635106431,59.27108368781441,24.68385219169861,8.232318341717466,116521.0,438905.7586572701, 0.0, 0.0,0.0,NaN, 56.21868925963818,56.21868925963818,6.743495761743046E-7, 272.29616285542966, -5.021859737822877, -61.471355498656685, -5.021859737822877, 146.21105263242254, 19.29824199071019, -61.471355498656685, 19.29824199071019, 258.55640881314366, 10.221414344299568, 6.1005690825649355, 8.0, 0.0
19, 0 ,1.0,1.0,1.0,108.96807614734085,72.83781182548388,62.95569866600616,13.26871835351844,16.036957284612704,15.789497286980138,61.0,79.0,68.0,-0.31675108366448457,0.6889377732740197,0.6519459299310103,17.665692641623718,-0.09291070857043582,-0.7065685978581592,0.701518650324918,14.493468446976921,-0.9439472184557327,-0.16163403440176283,-0.28781606573069485,12.665456412510713,91.47944232039376,71.07861966884047,61.7804142137735,25.083578243395138,7.305149743606243,141305.0,401710.6164358008, 0.0, 0.0,0.0,NaN, 132.4974640752264,132.4974640752264,0.0, 176.05888674499707, -29.836945832456436, -34.55499694503137, -29.836945832456436, 257.1839989484925, 43.51092107163455, -34.55499694503137, 43.51092107163455, 249.30822457555314, 9.191418971401976, 5.664270986231342, 12.0, 0.0
20, 0 ,1.0,1.0,1.0,141.3784525502556,40.19842410731445,86.20042280047662,15.23109233360781,12.621124048228747,16.807957237682956,88.0,65.0,88.0,-0.3503931482600634,-0.0022545310690084974,0.9365999993284543,17.049265096614278,0.8810538343844051,0.33846988582614024,0.3304274160922145,15.277633077711528,0.317755853713097,-0.9409745232887545,0.11661116564275674,12.235311995516431,79.58383678878835,78.62341112446313,63.83041768852425,24.857121548166912,7.477291004041665,130085.0,399396.67157595797, 0.0, 0.0,0.0,NaN, 111.7269529571763,111.7269529571763,0.0, 231.98617367488663, 25.072517067860815, -21.896744550795706, 25.072517067860815, 159.292772240778, 9.063663655871899, -21.896744550795706, 9.063663655871899, 282.5074265037789, 8.885949146491228, 5.684153343288453, 16.0, 0.0
21, 0 ,1.0,1.0,1.0,57.60924585728779,79.8341900574907,91.9355495434562,14.993610624520251,16.647763500001428,13.950866206708268,71.0,76.0,63.0,0.39462396051791965,0.9058760334693915,0.15381983542740313,17.13280055845487,-0.8615262829407859,0.3065859890681373,0.40469432305055314,14.680374408253192,0.31944388174980737,-0.2922219076196618,0.9014221891653995,13.69440795678639,85.67863198961192,70.7580146354046,74.0176300047456,25.37116355141969,7.272352925728083,147850.0,448728.17334385903, -7.105427357601002E-15, 0.0,0.0,66.757476491405, 134.70140452214397,134.70140452214397,0.0, 224.80835955972657, 30.50199974427612, -3.3201048104559487, 30.50199974427612, 277.1480295519798, 18.240825140736312, -3.3201048104559487, 18.240825140736312, 194.62666791747475, 8.758018633195142, 5.508454093917433, 12.0, 0.0
22, 0 ,1.0,1.0,1.0,117.66188094854009,150.90942087433456,159.92063236005808,16.305249321096873,12.760008454066005,15.750531031329889,77.0,66.0,76.0,-0.9315706130221857,-0.35084946943917356,0.09529345595432888,16.820581632058826,0.10073403180400706,0.002757614054794466,0.9949095689565131,15.743897397689771,-0.34932627698181906,0.9364278110772742,0.032773569397401114,12.081222091746936,84.15301037489581,79.42723237897329,63.00483612629816,24.945052019957675,7.382586177045787,136378.0,421126.8896225887, 0.0, 0.0,0.0,NaN, 103.9028705967416,103.9028705967416,0.0, 265.86115542313, 44.79770355450922, -1.9457302542418704, 44.79770355450922, 162.81781574783594, -4.300000208656789, -1.9457302542418704, -4.300000208656789, 248.07922776888574, 9.150430879271187, 5.776858548205245, 15.0, 0.0
23, 0 ,1.0,1.0,1.0,174.48675325570179,63.89878040377592,114.3681526906911,13.794482187002735,14.225188152684254,14.668099257274001,61.0,69.0,76.0,0.6046692092077497,-0.2973159115831708,-0.7389035093674565,15.563569227081441,-0.1538409050945254,0.8666477325733367,-0.4746100331274003,14.38844233689031,-0.7814781656295791,-0.40065565807181946,-0.47829585017984966,12.59146110028032,89.52130851212748,69.95325643513537,63.521891675327225,23.638946691112974,6.999789421313952,116104.0,397793.5901158698, 0.0, 0.0,1.4210854715202004E-14,42.361905026854586, 109.84895616313436,109.84895616313436,0.0, 190.28773880753576, -21.507723039163363, -33.84756581307905, -21.507723039163363, 202.35597797926843, -1.5583310616256687, -33.84756581307905, -1.5583310616256687, 215.1531358212421, 9.452213703983329, 5.535764941433066, 11.0, 0.0
24, 0 ,1.0,1.0,1.0,183.70939641830643,19.867845825042377,114.74284029773749,10.349127305749912,11.227035572321032,15.85695338065445,42.0,43.0,80.0,-0.23434641843422707,-0.3056501829016067,0.922854117322594,16.603734002974534,-0.3236398469625036,-0.8706111814342209,-0.3705312675332484,10.660046876327717,-0.9167000630659612,0.3855050407633122,-0.1051040337995636,9.760796688897468,91.20995790742481,53.97336442151362,47.47965944803693,20.778228850206414,7.2704154006134605,67845.0,233738.00943587223, 2.8421709430404007E-14, 0.0,0.0,76.44690048021013, 89.04436165912267,89.04436165912267,0.0, 107.10443599061843, 18.09663863639987, -36.814889242977266, 18.09663863639987, 126.04632774216185, -44.964738652670654, -36.814889242977266, -44.964738652670654, 251.44297051624855, 9.280249850526731, 5.841275450368985, 8.0, 0.0
25, 0 ,1.0,1.0,1.0,98.16360949553287,184.57583275714808,141.81795257656486,13.033167110037438,9.338521489809718,15.05008763336938,61.0,38.0,63.0,-0.33218778243109454,0.030821401495361025,0.942709562067434,15.338734328691134,0.9068942025258457,0.28511497435347466,0.3102456394930122,12.978452188052785,0.2592184071946327,-0.9579976474967357,0.12266346139824352,8.936418426985028,70.21248749103341,65.21421285402465,42.657880980527395,21.00915058610144,6.495549088127159,73761.0,195324.1280905679, 0.0, 0.0,0.0,NaN, 115.14838169383795,115.14838169383795,0.0, 169.86344491816163, 21.31298179643358, -23.746872353872597, 21.31298179643358, 87.20798361563793, 12.351205681362503, -23.746872353872597, 12.351205681362503, 226.50513777209795, 9.413672601445679, 5.62417357150691, 7.0, 0.0
26, 0 ,1.0,1.0,1.0,175.36656747690216,149.78920503304468,92.70999810536405,14.563629484684165,11.198599903887603,13.767164586137444,64.0,55.0,65.0,-0.8074852376917556,-0.09539446023266318,0.582123258311165,15.272182294097636,-0.5822547821755449,0.28713292798136086,-0.7606142585453937,13.186092509195015,0.0945883689657301,0.9531288363205521,0.287399481263682,10.951263700190596,74.28243845086817,67.71384647390644,52.906072577976914,21.96614707301022,6.67316619628341,89727.0,266114.8803454523, 0.0, 0.0,0.0,NaN, 108.27314384361547,108.27314384361547,0.0, 212.09930376716196, -0.2902330707799621, -29.372001155544492, -0.2902330707799621, 125.40863980735143, -18.073200885297847, -29.372001155544492, -18.073200885297847, 189.53482074179698, 9.363814925266482, 5.558575801663251, 8.0, 0.0
27, 0 ,1.0,1.0,1.0,20.34294607365184,75.22138678466962,175.37502812570315,11.792302516507991,15.799075269980921,14.307251434399223,49.0,75.0,59.0,-0.004494635700856699,0.8478127228875487,0.530276706220363,16.687819701913487,0.02594621779001351,-0.5300046614141973,0.8475976950544493,13.260938970491402,-0.9996532358934821,-0.01756831776872014,0.019615355680371992,11.79113195803578,83.58980329852395,69.09532252061877,49.71439980029256,23.253150247607692,7.256557392907007,106664.0,287133.6900060068, 0.0, 0.0,0.0,NaN, 81.72197822235024,81.72197822235024,0.0, 139.0583986408407, -1.037757149396383, 0.4774101023943959, -1.037757149396383, 249.61077938652275, 46.152976504157884, 0.4774101023943959, 46.152976504157884, 204.69744360711863, 8.399960424560769, 5.164394805206257, 7.0, 0.0
28, 0 ,1.0,1.0,1.0,88.79508973166615,33.6638851572457,104.76469119217388,13.287043700410386,14.89488507410272,13.892617299435681,67.0,68.0,61.0,-0.41350157882915983,0.7302325230114939,0.5438537548294216,16.573588556591076,-0.38247834838688377,-0.6813637917717168,0.6240622535274107,12.709902423780669,-0.8262728104694198,-0.05003844121010513,-0.5610431329944507,12.457226410029278,82.87197879139782,59.43626650252922,61.34714530616975,23.368569557874576,6.73185738965643,116124.0,302171.5613124152, 0.0, 0.0,0.0,NaN, 134.49010806768234,134.49010806768234,0.0, 176.54553029661534, -34.42647387864034, -28.39184985948002, -34.42647387864034, 221.85760137072802, 44.754742016481075, -28.39184985948002, 44.754742016481075, 193.00481542857958, 8.287457956678633, 5.216776050847876, 11.0, 0.0
29, 0 ,1.0,1.0,1.0,48.84138493274207,12.900255691292909,119.19667230752128,15.671697030744289,8.21175849405752,15.73385255362509,68.0,33.0,73.0,-0.708910335065764,0.08580698973329792,0.7000594955786659,16.725000983630533,0.6922928265788589,-0.10507895705735017,0.7139251046511768,14.72080158037473,-0.1348212857986478,-0.9907550521176511,-0.015087995193199165,8.010088919367542,82.88614467569471,79.19630307182607,37.18948241275024,22.443396388180275,7.542091230578461,80957.0,244122.03556390066, 7.105427357601002E-15, 0.0,0.0,44.85367378305082, 95.29467584932075,95.29467584932075,0.0, 245.60208782343935, -24.209269324062056, -31.587639498735506, -24.209269324062056, 67.43297756472583, 1.5055786267184246, -31.587639498735506, 1.5055786267184246, 247.55411617921476, 8.721496884640212, 5.700343596103375, 8.0, 0.0
30, 0 ,1.0,1.0,1.0,95.97451995749584,161.7241719921577,17.62728796563749,17.591034632934765,18.13993861541851,10.947089274136692,80.0,84.0,45.0,0.5897833500272034,0.7977389436105345,0.12557140549439566,18.95230547801698,0.8063899677566905,-0.5901371466676536,-0.03838447634557695,16.83441546581166,-0.04348355933054545,-0.12389804667592236,0.9913417443534988,10.75886652935845,85.30532585429415,84.02433889219586,50.51221826546437,26.17951800056913,8.542451244351488,133634.0,362057.6193987943, 0.0, 0.0,0.0,NaN, 104.81826544921071,104.81826544921071,0.0, 309.44449945711034, 34.75658743757913, 12.839830548535646, 34.75658743757913, 329.0573729711517, 28.18332785379042, 12.839830548535646, 28.18332785379042, 119.8387635759186, 8.995582427639551, 6.080256836938764, 14.0, 0.0
31, 0 ,1.0,1.0,1.0,153.82816463187797,89.40314744045003,69.14009041000146,10.743723539535772,12.609807921260316,15.257068389627769,51.0,61.0,68.0,-0.043958247702503846,-0.21527419733775066,0.975563781830544,15.394891904125464,0.23908971355007488,-0.9503977739260028,-0.1989476820449074,12.553651698466869,-0.9700019491390047,-0.2245018736605234,-0.09324766693835257,10.612074229136612,68.29696065415136,64.95220653873689,48.06929081705658,21.624554636856907,6.292187529665057,88707.0,213237.2148479801, 0.0, 0.0,0.0,NaN, 122.08649907103974,122.08649907103974,NaN, 115.42759549397505, -9.043297863361678, -7.473644716655482, -9.043297863361678, 159.0072558110794, -17.61846205195138, -7.473644716655482, -17.61846205195138, 232.77813584577888, 8.013768165590385, 5.078416436173279, 8.0, 0.0
32, 0 ,1.0,1.0,1.0,152.81220906329986,49.698977494264156,157.7787223320027,12.25263924301698,11.481447334495776,12.4004789772695,55.0,56.0,57.0,-0.7056276317590214,0.16352836595539377,-0.6894549432893451,12.827983248653203,0.5053366687437192,-0.5659364827691377,-0.6514220971796233,12.215191480530356,-0.49671369673198656,-0.8080682959990797,0.31670354036541415,11.04330670796905,59.741162816247595,59.06076278993078,55.723684366728264,20.11312524620431,5.584341770564678,75403.0,196613.14351591427, 0.0, 0.0,0.0,NaN, 80.49417535063778,80.49417535063778,0.0, 150.12716841951968, -12.710893183045952, 11.753639884635353, -12.710893183045952, 131.82363289480017, 5.245155225810536, 11.753639884635353, 5.245155225810536, 153.77187886570286, 8.25884029315264, 5.041348976317884, 13.0, 0.0
33, 0 ,1.0,1.0,1.0,120.86336453109496,79.28340797554239,178.52134677787015,12.35976591681062,11.98296092502282,12.826221350851476,58.0,55.0,52.0,0.38385690161062413,0.45124098214535324,-0.8056273674090199,13.932022126962785,0.8027333986943463,-0.5942700405682612,0.04962065601763584,12.542281411159873,0.4563693347569649,0.6657512259962375,0.5903408637202671,10.462172654239087,67.40094197291823,59.783404686241866,58.02232012078011,20.5693560792559,6.145625328214245,74578.0,233798.48981620645, 0.0, 0.0,0.0,NaN, 114.0605032331138,114.0605032331138,1.9073486328125E-6, 152.76381351835346, -8.165840767105902, -24.269804450823283, -8.165840767105902, 143.59135253062374, -32.18193281526862, -24.269804450823283, -32.18193281526862, 164.51195414103827, 8.50450016944596, 5.089517874059558, 10.0, 0.0
34, 0 ,1.0,1.0,1.0,48.47791259741541,31.046858044786426,11.015290519877675,12.626535069032736,13.380455631997721,7.487991965314394,58.0,59.0,30.0,-0.5768585747790853,0.8136193766071051,0.07250996285551556,14.069232914384,0.8084099777254364,0.5813719095464798,-0.0920869735860529,11.917129438935287,0.11707900160917471,-0.005496617118329834,0.9931073932775112,7.38747017445499,70.5575278138626,59.79042047623297,32.937864990418056,18.87365616369087,6.19040446633235,50685.0,138953.79369593918, 0.0, 3.552713678800501E-15,0.0,35.54892316630534, 58.61187618130881,58.61187618130881,0.0, 159.4293878495135, -26.191911658654053, -12.506449289987305, -26.191911658654053, 179.03659291985954, 3.776673276418809, -12.506449289987305, 3.776673276418809, 56.07002367261292, 8.098818737705914, 4.874900413506081, 2.0, 0.0
35, 0 ,1.0,1.0,1.0,46.14101012323944,24.094707306338027,171.36327024647886,11.742458039551945,12.965418121210174,14.197602190772557,52.0,52.0,58.0,0.04549505567679539,0.4540221857111385,0.889828104069008,14.62975711537912,0.36191256360149393,-0.8377295535688342,0.40893580350069125,12.610268796912155,-0.9311012276956568,-0.3034354131597727,0.2024288858443827,11.597871505173295,67.12252575817749,63.96590689383768,55.85877415002382,21.64225575039822,6.258758812278121,90880.0,239832.62035033468, 0.0, 0.0,0.0,NaN, 59.41052117552232,59.41052117552232,0.0, 137.88532081063812, -5.788002576262316, 6.846354443127002, -5.788002576262316, 168.10206705780516, 23.729900230948026, 6.846354443127002, 23.729900230948026, 201.5719079674297, 7.903116020787192, 4.751713330600007, 7.0, 0.0
36, 0 ,1.0,1.0,1.0,114.83515631607138,156.919431680433,60.53526625884476,9.907557064630888,14.156560970982975,14.04187182493176,51.0,68.0,61.0,0.01844050088042183,-0.7138827089795275,0.7000224466024864,15.987146256148968,-0.432372521353938,-0.636983291176809,-0.6382055229623128,12.456897572039452,-0.9015064895525255,0.2909016407337934,0.3204095577742177,9.218401560254799,75.16765882715237,61.611104020021315,48.204195811413044,21.23575877689373,6.692131127785701,70946.0,223241.46142681435, 0.0, 0.0,0.0,NaN, 113.01992933759118,113.01992933759118,0.0, 98.15968698891743, 17.086823126077185, 21.572251274169002, 17.086823126077185, 200.40821852515842, -56.723302484487704, 21.572251274169002, -56.723302484487704, 197.1741643478124, 7.822201097536318, 4.958841277712122, 8.0, 0.0
37, 0 ,1.0,1.0,1.0,19.277500425483634,143.80156861632722,20.100924717762524,12.422104501430358,11.576905690619512,14.381290666755481,52.0,53.0,59.0,-0.3782201706274276,-0.40659091738413955,0.831644953349254,16.03543390243387,0.8410087572968103,-0.5263482091759326,0.12514724466548988,12.119284431349882,0.3868510988489429,0.746753900959354,0.5410220316413676,9.546871282696648,81.83052271679483,59.80679024049951,51.06356220092913,21.074123317288098,7.143967613541557,70508.0,249906.14101734982, 0.0, 0.0,0.0,NaN, 62.72107211415519,62.72107211415519,0.0, 154.30868024445635, 0.8549172924057565, -46.34602730225964, 0.8549172924057565, 134.02474536949845, -59.79982359836854, -46.34602730225964, -59.79982359836854, 206.82152124170833, 9.854066671312545, 5.550933311684401, 3.0, 0.0
38, 0 ,1.0,1.0,1.0,35.12232862851712,53.99928456813466,127.9055425528653,14.353806946185315,13.340112692346821,12.358066169793693,71.0,64.0,60.0,-0.8795234533112024,-0.33350446521829463,-0.33943079818277566,14.609673351784922,-0.450186517062942,0.8142760096971333,0.3664514700290496,13.630314010258694,0.1541771543720875,0.4751098312087144,-0.8663140616188526,11.725364151520454,70.9200824737358,63.874996009162196,53.99362375461257,22.251580052121916,6.448206350134624,97843.0,244592.19466984953, 0.0, 0.0,1.4210854715202004E-14,70.15780097708846, 96.68046078063888,96.68046078063888,1.3486991523486091E-6, 206.03177384835783, 4.574395337469231, 14.708078873141435, 4.574395337469231, 177.95860664451274, 23.011369111524477, 14.708078873141435, 23.011369111524477, 152.72179945699935, 8.311355840697082, 4.94589167561427, 7.0, 0.0
39, 0 ,1.0,1.0,1.0,59.848002827854366,141.93376798502285,86.17060078813348,12.13564422862622,13.770809921703574,10.785830086088085,62.0,57.0,51.0,-0.501754384476454,0.8648834180326135,-0.014805771539456792,14.52737103332039,-0.8120404844807086,-0.47685761220512957,-0.33644772141650514,11.282124250876015,-0.29804830015115147,-0.15679123347383273,0.9415857474934312,10.719718309614311,64.80722077212275,55.83975251423591,56.269055920158166,20.454965107554123,5.902338505895555,76383.0,203627.5381882588, -7.105427357601002E-15, 0.0,0.0,59.88386282159873, 119.91181419313065,119.91181419313065,0.0, 147.27386084378887, -36.92587295201793, 4.0948336036844815, -36.92587295201793, 189.6352058996896, 0.7542525088982811, 4.0948336036844815, 0.7542525088982811, 116.33413064596292, 7.303090349346785, 4.590352324958151, 10.0, 0.0
40, 0 ,1.0,1.0,1.0,169.93787154841937,150.85843657981,167.67156508694927,12.213963902420144,11.26404105260452,13.48604490743978,53.0,58.0,62.0,0.5191278511702899,-0.15343715571820554,0.840811104460701,14.32020362179434,-0.7455593879538865,-0.5623065755248716,0.3577045067584673,11.424354423973034,0.41790845070797883,-0.8125689843740033,-0.4063055161578016,11.061140832466636,67.712327066147,55.75984104857244,55.382953936608146,20.456862251748834,6.280901933868359,71996.0,209105.46451638528, 0.0, 0.0,0.0,NaN, 66.05870515191202,66.05870515191202,0.0, 149.1809142096223, -3.1649982384923914, 33.927994758513144, -3.1649982384923914, 126.87862083475994, -12.314481479996362, 33.927994758513144, -12.314481479996362, 181.8734072454824, 7.451871278171036, 4.765985106170802, 9.0, 0.0
41, 0 ,1.0,1.0,1.0,130.68791272876967,119.99902231522616,183.5786350148368,15.508126608684027,10.220962279438305,9.441098081904952,72.0,50.0,38.0,-0.9842359894777621,-0.07659916924778976,0.15941168177796522,15.6791788800489,-0.014753964129735186,-0.8626404575717558,-0.5056023748983487,10.64166817874376,0.1762436879981501,-0.49998400797519554,0.8479116429262371,8.661561166542933,72.16717711961128,55.08662037225457,44.453996422638355,19.760592448260326,6.60479976339607,58301.0,176724.45734245848, 0.0, 1.4210854715202004E-14,-2.8421709430404007E-14,79.94512898736309, 107.11667984207817,107.11667984207817,0.0, 240.50199091097352, 13.364422754764792, -26.515372564879698, 13.364422754764792, 104.46806991770067, 14.585066846123697, -26.515372564879698, 14.585066846123697, 89.13433299214938, 7.693600483088282, 4.965950065143026, 4.0, 0.0
42, 0 ,1.0,1.0,1.0,125.22736744616809,10.513776337115074,43.04695952345871,9.431409353303321,7.118495075488126,18.640757231531023,45.0,29.0,83.0,-0.13130014621505878,0.013979561614907786,0.9912440887394788,18.767205595297057,0.9306683890967188,0.34617796002879636,0.11839412792203892,9.465091617670476,0.3414917585243064,-0.9380647055759833,0.058463552856636264,6.730996917779503,86.1648409753029,49.275689008421395,33.593871885183084,20.409475641018886,8.399737421661634,47509.0,142633.9331418445, 0.0, 0.0,0.0,NaN, 86.91678086601884,86.91678086601884,9.5367431640625E-7, 88.95148238957738, 13.703197036487307, -35.06420376712752, 13.703197036487307, 50.67297213974871, 6.067687490620709, -35.06420376712752, 6.067687490620709, 347.47783016487614, 8.306644533557424, 4.5966314281834135, 4.0, 0.0
43, 0 ,1.0,1.0,1.0,48.530807152862415,183.34378126648596,164.48662021793308,15.092683635075751,9.916372981329054,9.14374455126979,62.0,43.0,41.0,-0.9939170994075016,0.034423953392355384,0.10461257543058496,15.145077870993509,-0.08952416947163994,-0.8057772788281043,-0.5854130166000657,10.809113646767125,0.06414220596293788,-0.5912173613462455,0.80395759157868,7.970024798268059,63.10979373540398,52.58281431846797,41.12498404252757,19.277387323608338,6.173650039302729,54971.0,136472.87155827446, 0.0, 0.0,0.0,NaN, 62.40087346305583,62.40087346305583,0.0, 227.7890993084834, -1.8285494819958559, -14.450475547817442, -1.8285494819958559, 98.33445310483289, 25.746918395544807, -14.450475547817442, 25.746918395544807, 83.608064418876, 8.644446925515291, 5.2063543134120165, 6.0, 0.0
44, 0 ,1.0,1.0,1.0,117.06514823768927,115.94608547070692,52.240724919564464,13.162107025934402,8.590058557454652,11.571725978704182,60.0,38.0,58.0,-0.9384990340980709,-0.08653539169580443,0.3342621560707127,13.408808586949872,-0.33465886787875904,-0.010313595119242493,-0.9422829043900902,11.32057765155438,-0.08498826476105495,0.9961953903425623,0.01928053715887521,8.543031278330647,66.60532501133113,59.62028647244951,38.574726970147026,18.675663446216955,5.670503007011259,55013.0,153181.34240648666, 0.0, 1.4210854715202004E-14,0.0,85.03567829790984, 129.12142937814684,129.12142937814684,0.0, 173.24106136215173, 8.865054253958265, -16.109515171172603, 8.865054253958265, 73.7891060204999, -2.553433004718432, -16.109515171172603, -2.553433004718432, 133.90484212621726, 6.975516950206747, 4.272298008997591, 8.0, 0.0
45, 0 ,1.0,1.0,1.0,159.77582168162837,51.56417046165486,42.4944930235265,12.529602294034973,12.569112730951666,10.82696022404463,64.0,58.0,55.0,-0.8069871054049929,-0.3853185753373663,-0.4475504521392577,13.854000934446198,0.20018114279873256,-0.8914366862403338,0.4065318492967641,12.529393630832253,0.5556071649806764,-0.23847479934960786,-0.7965114238335187,9.125653375793222,65.12691143610792,57.149891607029204,47.19370481247348,19.932438258578774,5.907156782329382,68731.0,175654.77719939253, 0.0, 7.105427357601002E-15,0.0,67.33648076948624, 77.99121831407238,77.99121831407238,0.0, 156.99093364668644, 20.633072972504, 45.241305211717496, 20.633072972504, 157.98259484337126, -7.97400680159263, 45.241305211717496, -7.97400680159263, 117.22306769304454, 7.562176525092854, 4.40437931884438, 4.0, 0.0
46, 0 ,1.0,1.0,1.0,51.550642490005714,141.27844089091948,44.59323243860651,10.14889463973513,13.282931257409405,12.970261636692937,49.0,58.0,61.0,-0.3205165846415303,-0.7460394833017431,0.5836901646632374,14.78430566704706,-0.21686947092528863,-0.5420372444561193,-0.8118886981618861,11.925706642014644,-0.922082833345418,0.386808369838717,-0.011938738308556922,9.320184502127889,69.618547478994,56.26574742005886,48.18996095126512,20.243814049540607,6.152398300613977,70040.0,188766.8047600265, 0.0, 0.0,0.0,NaN, 89.96803112582384,89.96803112582384,NaN, 103.00006240844442, 38.00144731810323, -14.893734943742723, 38.00144731810323, 176.43626278906382, -32.99282151652956, -14.893734943742723, -32.99282151652956, 168.22768692426854, 7.641980455372416, 4.577235587014017, 3.0, 0.0
47, 0 ,1.0,1.0,1.0,141.55323711818235,147.30587917077224,17.44454104600166,8.67182483089524,13.847532460267232,10.235008366435316,37.0,61.0,40.0,-0.03913937540199732,-0.9793237557023932,0.19847692765180847,13.98409708879996,0.23359284965382793,-0.20209277900848288,-0.9511008828001545,10.136174858098506,-0.9715464424739282,-0.00913729662363617,-0.23667281197185697,8.568143629395758,65.10040619508662,47.39188916387476,41.159133625485,18.439674362995788,5.629254549537643,51759.0,126985.4446636241, 0.0, 0.0,0.0,NaN, 80.60401028258029,80.60401028258029,9.5367431640625E-7, 75.20054589773125, 3.2971686072941613, -7.464855056169046, 3.2971686072941613, 191.75415523815465, -18.103768887348906, -7.464855056169046, -18.103768887348906, 104.75539626100091, 7.911580494459455, 4.455854061982619, 5.0, 0.0
48, 0 ,1.0,1.0,1.0,44.324512503128624,148.9869849143325,123.21001615508885,11.612788309513386,8.308162551459576,10.74826977762339,52.0,37.0,52.0,0.841151067246357,-0.017295660397015186,0.5405235815408476,12.19500151696419,-0.5287211682676918,0.1837637426057873,0.8286644756046689,10.142586040723629,0.11366093566375934,0.982818267552524,-0.14542848644297177,8.235144620671672,59.362366066381625,46.72139191049564,38.10778465871714,17.154840519426443,5.011902559771091,43949.0,105691.64997795052, 0.0, 0.0,0.0,NaN, 102.29218804812153,102.29218804812153,0.0, 134.85685232157076, -4.5828432694306995, 21.423871978796324, -4.5828432694306995, 69.02556498147528, 4.581722661282688, 21.423871978796324, 4.581722661282688, 115.52530321257237, 6.857052394214263, 4.289579916754675, 9.0, 0.0
49, 0 ,1.0,1.0,1.0,188.2256420741393,108.79397008634383,135.69718320934842,7.049419571695062,15.032951663672426,14.504604607174416,27.0,66.0,70.0,0.0171539889517073,-0.8271241171931172,0.5617574524833215,15.465546361858813,-0.035101870156162986,-0.5619919687856377,-0.8263975349261289,14.050915189659468,-0.999236508227449,0.005542722972485582,0.0386740073882408,7.032507724330414,78.4486169977535,68.16240585571143,28.830320407223354,20.897315628792374,7.0263579713226925,63583.0,154162.82904437277, 0.0, 0.0,0.0,NaN, 112.21420428978287,112.21420428978287,0.0, 49.6943162977974, 0.22710333219925835, 6.120669243280079, 0.22710333219925835, 225.98963572231156, -19.43284997495419, 6.120669243280079, -19.43284997495419, 210.38355481046528, 9.153646304836668, 5.2415948507144625, 8.0, 0.0
