// Sample: .//bubblelabels.tif, Map: .//bubblelabels.tif, Thickness:(8.191250068658265):/afs/psi.ch/project/tipl/test/LabelValidation/SmallStep0500//distmap.tif, Neighbors:(1.0):
//LACUNA_NUMBER, TRIANGLES, SCALE_X, SCALE_Y, SCALE_Z, POS_X, POS_Y, POS_Z , STD_X, STD_Y, STD_Z,PROJ_X, PROJ_Y, PROJ_Z, PCA1_X, PCA1_Y, PCA1_Z, PCA1_S, PCA2_X, PCA2_Y, PCA2_Z, PCA2_S, PCA3_X, PCA3_Y, PCA3_Z, PCA3_S,PROJ_PCA1, PROJ_PCA2, PROJ_PCA3,OBJ_RADIUS, OBJ_RADIUS_STD, VOLUME, VOLUME_BOX, Mask_Grad_X,Mask_Grad_Y,Mask_Grad_Z,Mask_Angle, Mask_Distance_Mean,Mask_Distance_COV, Mask_Distance_STD, SHAPET_XX, SHAPET_XY, SHAPET_XZ, SHAPET_YX, SHAPET_YY, SHAPET_YZ, SHAPET_ZX, SHAPET_ZY, SHAPET_ZZ, Thickness, Thickness_STD, Neighbors, Neighbors_STD
1, 0 ,0.3333333432674408,0.3333333432674408,0.3333333432674408,12.736164268752619,280.58660427434,73.93862271266937,8.736544277033488,11.204498274474066,18.984544742301924,37.0,48.0,85.0,-0.0825220691720731,-0.12591800911875647,0.9886024292298337,19.127322958807394,-0.33474016650888233,-0.9308520381956342,-0.1465042795028139,11.359583958559341,-0.9386901134161184,0.3430147780586164,-0.03466602094606585,8.208915596937475,83.73597452635165,57.2038134696885,41.412146673563996,22.31612365986101,8.016953994969699,71590.0,198364.8893685165, 0.0, 0.0,0.0,NaN, 77.49844993629351,77.49844993629351,0.0, 76.32720590456658, 22.312331073246607, -21.32592951813258, 22.312331073246607, 125.5407815826923, -28.746200039370926, -21.32592951813258, -28.746200039370926, 360.4129390724636, 6.490096800994034, 5.572340389412425, 15.0, 0.0
2, 0 ,0.3333333432674408,0.3333333432674408,0.3333333432674408,107.90719719271803,13.494936529992229,122.04513553613904,15.587113966945667,8.801607372928927,15.114984419561326,73.0,38.0,82.0,-0.9825760519502712,-0.00845009834262917,0.185668785669045,15.603334374620584,0.18571155925353652,-0.08468472093673018,0.9789482697259794,15.134856166259851,0.007451100149513496,0.9963719656222115,0.08477845969757807,8.738492626863112,70.09083311471892,79.70028132238964,40.81729494081317,22.290521979868156,7.2126138143061995,84922.0,228015.98600924332, 0.0, 0.0,0.0,NaN, 163.46587297038855,163.46587297038855,0.0, 242.95812181855268, -1.0141118344731224, -2.723537915259722, -1.0141118344731224, 77.46829234719685, -12.921517294923222, -2.723537915259722, -12.921517294923222, 228.4627540035816, 4.318059419290181, 4.721637026130118, 21.0, 0.0
3, 0 ,0.3333333432674408,0.3333333432674408,0.3333333432674408,162.89179849340866,16.205470809792843,150.95527306967986,15.629676145922272,10.29274945536149,16.04084521253561,78.0,43.0,78.0,-0.2210214580871679,-0.014762169989100186,0.9751572147106512,16.06119408193012,0.9713206589400541,0.08654893748220369,0.22146209367962014,15.643353651323576,0.08766808188435252,-0.9961382232190041,0.004790371677013912,10.240103227603557,80.907474292932,73.46291817630646,45.84005163256833,23.547602872448273,7.283308442688329,106200.0,272459.4765585708, 0.0, 0.0,0.0,NaN, 203.16398999397705,203.16398999397705,NaN, 244.28677642641168, 12.256676695624567, -2.913963815031005, 12.256676695624567, 105.94069135084423, 0.4766665381028515, -2.913963815031005, 0.4766665381028515, 257.30871513252663, 3.8303354362169677, 4.756121038519499, 29.0, 0.0
4, 0 ,0.3333333432674408,0.3333333432674408,0.3333333432674408,278.95058077497634,14.19340873753849,286.3370019206732,12.838711064463766,8.808881013666937,7.338556975746769,51.0,35.0,29.0,-0.9761647886392609,-0.13787224931069314,0.16761130120274356,13.051240690256467,0.09073216878119147,-0.960815816334687,-0.2619172400384723,8.8041693317571,0.19715470820938624,-0.24046665039277137,0.9504240164683088,6.959527557151371,54.78836725782884,43.05935544106377,34.28045962263934,16.3333343184615,5.431896081238905,32801.0,80872.80733078229, 0.0, 0.0,0.0,NaN, 28.83068535115525,28.83068535115525,0.0, 164.83250179678433, 13.871056234979047, -20.635825733562715, 13.871056234979047, 77.59638471294184, 4.500718265151918, -20.635825733562715, 4.500718265151918, 53.854418486281574, 7.35875843868783, 5.4221228413412526, 7.0, 0.0
5, 0 ,0.3333333432674408,0.3333333432674408,0.3333333432674408,225.84693259059355,265.0966547847546,218.10329326194565,14.873999725833658,14.11485394367439,15.373649999873251,75.0,71.0,72.0,0.07626823705503444,0.5013470700324308,0.8618783390864478,15.971359707935866,0.9937581986286671,0.03235665353087558,-0.10675996267603728,14.876505917853555,0.08141129328798964,-0.8646410598289789,0.4957499762813882,13.432026085805296,78.56835808890469,75.56070451557676,67.96044668284641,24.663527989087903,6.965950842880918,138586.0,403459.4579021694, 0.0, 0.0,0.0,NaN, 115.8619501302194,115.8619501302194,0.0, 221.23586784409974, 4.169795924184601, 0.569741243456533, 4.169795924184601, 199.2291018512605, 32.121508570536335, 0.569741243456533, 32.121508570536335, 236.34911431860283, 3.377760796492839, 4.074510677757849, 29.0, 0.0
6, 0 ,0.3333333432674408,0.3333333432674408,0.3333333432674408,124.41940254585789,154.06042451086176,206.7163639656226,15.026515246394,15.124554646945414,14.314562535485123,76.0,71.0,71.0,0.6159024261715892,0.5402659795173759,-0.573390680785867,16.1285837340904,0.618431155819865,-0.7824446581453307,-0.07296069113668407,14.89357143677733,0.4880646544744414,0.3096659947685031,0.8160268774597913,13.323112657742884,81.22941503951756,76.79741929470494,71.38955196747418,24.63788888106403,7.2408180328743965,132529.0,445342.9774187425, 0.0, 0.0,0.0,NaN, 213.26130491866616,213.26130491866616,0.0, 225.79616045011136, 6.051252362975438, -31.17901484430714, 6.051252362975438, 228.75215326843815, -23.06639786489527, -31.17901484430714, -23.06639786489527, 204.9067005823143, 3.3678716707661733, 4.052780222339937, 39.0, 0.0
7, 0 ,0.3333333432674408,0.3333333432674408,0.3333333432674408,112.55489718762963,111.5952315724383,168.37736484106546,13.885678199285096,14.487608951991794,15.849140925505191,71.0,82.0,73.0,0.2270239549095138,-0.42777344910186427,0.8749114241686058,16.423323778182365,-0.4403159497803462,-0.846390565653365,-0.2995744894713305,14.068706224258476,0.8686667878227385,-0.31722686931669514,-0.38050640614482933,13.647127226231834,90.90488771004647,70.86136547983872,67.7191807898999,24.49480416603054,7.341846439707431,127757.0,436222.8865785688, 0.0, 0.0,0.0,NaN, 206.02577187528263,206.02577187528263,NaN, 192.81205905410138, -3.7527505861385126, 18.122841423070415, -3.7527505861385126, 209.89081314583274, -28.281438272180022, 18.122841423070415, -28.281438272180022, 251.19526807652355, 3.939430698573599, 4.483339623412177, 43.0, 0.0
8, 0 ,0.3333333432674408,0.3333333432674408,0.3333333432674408,105.4650314580104,269.9156864532993,286.98803987720737,14.331472823833415,15.464929390039776,7.1749888813601,69.0,67.0,31.0,0.041960138205569916,-0.9991140359016525,-0.0032388371495120035,15.466855812017762,-0.9979205833545778,-0.04206832219217873,0.04883406173147708,14.342320783171774,-0.04892704895074016,0.001183018278239373,-0.9988016541579838,7.149113625456245,68.87080676286689,69.68522541594456,32.7214357050247,21.143663200575336,6.998651744974807,65802.0,157039.25648981764, 0.0, 0.0,0.0,NaN, 110.44116029928547,110.44116029928547,0.0, 205.39111330027575, -1.3963710141175147, -7.559238628654623, -1.3963710141175147, 239.16404103891605, 0.29114077442668423, -7.559238628654623, 0.29114077442668423, 51.480465447641066, 3.617721141831266, 4.259196388337906, 20.0, 0.0
9, 0 ,0.3333333432674408,0.3333333432674408,0.3333333432674408,198.2443616132642,127.100403473656,69.23980677394442,15.183253770522725,13.423936891490552,14.899309385495485,75.0,68.0,79.0,-0.8109477249437786,-0.18208094270824032,0.5560668284576842,15.840000055046659,0.41764735477318465,0.48546635017117445,0.7680449921081706,14.714983591729862,-0.40979808986801153,0.8550841789870501,-0.31764220813136934,12.85637402391399,77.5723385764263,79.13165208807317,69.38184261645964,24.154338785018286,7.020727508603959,126898.0,425895.3973884621, 2.8421709430404007E-14, 0.0,0.0,35.811369684014224, 176.92618050687537,176.92618050687537,0.0, 230.53119506009253, 23.032369215318074, -22.171477629696483, 23.032369215318074, 180.202081666721, 10.43810479198398, -22.171477629696483, 10.43810479198398, 221.98942016471383, 3.2333286716639513, 4.114519716073723, 35.0, 0.0
10, 0 ,0.3333333432674408,0.3333333432674408,0.3333333432674408,118.12167076860372,33.26389302566193,269.1396121709959,14.56709154274122,13.666855010569767,14.715776726071324,73.0,66.0,64.0,-0.6669645839282151,0.2751190390449857,0.692436104012801,15.634643995982488,0.5635941682744264,-0.4215900724823088,0.7103685130067489,13.827957609157549,-0.48736008994635643,-0.8640435898375298,-0.12613016129441096,13.412034223947977,79.96090512750938,71.96989452429051,69.76426212821181,23.90339318271251,6.6456723436178144,127582.0,401477.8344698878, 0.0, 0.0,0.0,NaN, 126.5368690198459,126.5368690198459,0.0, 212.2001560146028, -14.538323677613842, -25.279531593252795, -14.538323677613842, 186.78292587993596, 8.905641371250999, -25.279531593252795, 8.905641371250999, 216.55408465158243, 3.4571188251470084, 4.189657993467348, 32.0, 0.0
11, 0 ,0.3333333432674408,0.3333333432674408,0.3333333432674408,22.26782983191679,87.03694178340169,220.1819620614352,12.93999806391864,17.645354682348824,13.964716697031472,54.0,85.0,65.0,-0.032767211513571246,-0.9875465921653249,-0.1538766978859311,17.73743817482561,0.4833170697342583,0.11910440244481152,-0.8673054545093984,14.238419144212008,0.8748319381190394,-0.10279041599739534,0.47339540600429086,12.508641471256317,83.24468149486427,70.92311295235439,66.02258318806051,24.832068732373042,7.561994886211897,131423.0,389795.47909945296, 0.0, 0.0,0.0,NaN, 120.17572409098531,120.17572409098531,0.0, 167.44354989421817, 7.78095680486716, -18.596728750679578, 7.78095680486716, 311.35854186588955, 19.253308585192592, -18.596728750679578, 19.253308585192592, 195.01331242834956, 3.48555500910813, 4.108250765139877, 36.0, 0.0
12, 0 ,0.3333333432674408,0.3333333432674408,0.3333333432674408,97.66804215927023,256.7813051146384,49.3644380311047,12.765923963815913,12.976543307587184,17.164143813124326,77.0,65.0,78.0,-0.11411961198550033,0.1817297133005202,0.9767041647622836,17.36487656525285,0.6731831506097954,0.737157952652,-0.058502979214578296,13.242335423836579,-0.7306169720827382,0.6508244495604192,-0.20646156048773107,12.209379103679451,81.24981073628348,64.37632946518718,67.6610098235705,23.971023877758576,7.1664034182513925,118503.0,353905.2817646542, 0.0, 0.0,0.0,NaN, 117.65946536061492,117.65946536061492,0.0, 162.96881464992939, 9.884399387354293, -18.029878878445395, 9.884399387354293, 168.39067621368574, 25.929037881015688, -18.029878878445395, 25.929037881015688, 294.6078328376141, 3.8580709052278217, 4.115858016312978, 27.0, 0.0
13, 0 ,0.3333333432674408,0.3333333432674408,0.3333333432674408,69.47109903473437,57.38043436953713,137.28667249372958,14.843168783243327,12.873072660407297,12.838070258452019,73.0,62.0,60.0,-0.8990852613008566,0.28357152059909513,0.3335159450711276,15.332354995111466,0.3233090023932334,0.9437646183174536,0.06913489844935912,12.639967208561997,-0.2951558603230887,0.1699868757205329,-0.9402060838984768,12.49006911427167,78.56608008064059,62.6903969233618,62.661577634679205,22.56252721389867,6.4640600964847845,105256.0,308629.496144905, 0.0, 0.0,0.0,NaN, 164.21442778858133,164.21442778858133,0.0, 220.31965952784918, -19.0122579106927, -23.62845768672643, -19.0122579106927, 165.7159997201258, 7.724754629983905, -23.62845768672643, 7.724754629983905, 164.81604796095027, 2.954234923949942, 3.773836014403273, 30.0, 0.0
14, 0 ,0.3333333432674408,0.3333333432674408,0.3333333432674408,231.7913125739062,122.45387465510446,11.994387071344107,13.200534988279541,15.541492677478974,7.5684489181878,68.0,84.0,33.0,0.24688304751724227,0.9649647607529632,-0.0888356423603471,15.742051113116196,-0.9689443597536516,0.24714088492789216,-0.008258976852211898,13.019345280899902,-0.013985297643815004,-0.08811579598479924,-0.9960120571297212,7.467128822840095,84.92761677662307,62.0650941116005,35.05027273429124,20.647433478358042,6.83791111413813,63425.0,184751.4080969251, 0.0, 1.4210854715202004E-14,0.0,15.211301184370651, 140.68134837161546,140.68134837161546,0.0, 174.25412397679236, 18.515608749467415, -3.3018887303695856, 18.515608749467415, 241.5379946441326, -16.69567868542015, -3.3018887303695856, -16.69567868542015, 57.28141902721808, 3.9515212967633544, 4.279042560312077, 27.0, 0.0
15, 0 ,0.3333333432674408,0.3333333432674408,0.3333333432674408,201.80205074730623,191.98006355827002,14.50751030339143,15.739518836843544,15.315558713994374,8.336425110152266,81.0,83.0,37.0,-0.8678219689213821,-0.4961568520716076,-0.026709706097389936,15.95258368967543,0.49535745279331284,-0.8681185611644019,0.03148265751122098,15.103096937141265,-0.03880752787200615,0.014090489851004216,0.9991473534350285,8.319033122037343,74.74495841807558,79.77908193658044,38.95063049399542,22.249356700134296,7.533983142040852,80556.0,232265.88779795528, 2.8421709430404007E-14, 0.0,0.0,29.793483714551627, 146.70245997089827,146.70245997089827,0.0, 247.73245321535276, 11.446075940962498, 6.772652059410599, 11.446075940962498, 234.566338721809, -1.8874191674457133, 6.772652059410599, -1.8874191674457133, 69.49598361717723, 3.4624611215893553, 4.150255760564789, 26.0, 0.0
16, 0 ,0.3333333432674408,0.3333333432674408,0.3333333432674408,266.892598356512,104.39363420992635,106.67866736714808,13.700891743774239,13.309697094763441,13.479208772034111,65.0,78.0,71.0,0.7186430357641778,0.492897644079305,0.49051411764465863,14.622939349482236,-0.15702477382470267,-0.5721456295864498,0.8049798748729226,13.177324189379284,-0.6774181925169622,0.6555160493887209,0.3337713310649313,12.612664763578731,68.56669492964033,70.24423635074035,65.55833522942179,22.444417604422153,6.542144820116008,100883.0,315756.15733122715, 0.0, 0.0,0.0,NaN, 152.8871118779139,152.8871118779139,0.0, 187.71443457462112, 20.702090804838935, 17.459258357930096, 20.702090804838935, 177.1480367543544, 6.530321661560192, 17.459258357930096, 6.530321661560192, 181.6890691200813, 3.0360913336316595, 3.882847274234508, 40.0, 0.0
17, 0 ,0.3333333432674408,0.3333333432674408,0.3333333432674408,72.90010145328537,221.07118858452904,18.650934819558085,13.998554625093988,11.642465210034059,11.113919493403992,64.0,59.0,46.0,-0.9288123082948949,-0.35917207350106284,0.09112144411090155,14.348789172675602,0.32481712305696675,-0.6708323019889912,0.6666917272451687,11.889432523383467,-0.17832984194717494,0.6488292874285948,0.7397425384861936,10.381684729102389,65.53510379351916,60.495845775307004,58.0212147319516,20.47111261503387,5.9966059206086895,75897.0,230030.99681256083, 0.0, 0.0,0.0,NaN, 109.05062784322557,109.05062784322557,0.0, 195.95953159174027, 25.412450450582895, -1.0316957481601088, 25.412450450582895, 135.5469961668534, -18.228836460335394, -1.0316957481601088, -18.228836460335394, 123.51920650586527, 3.942255544720119, 4.178331907782748, 20.0, 0.0
18, 0 ,0.3333333432674408,0.3333333432674408,0.3333333432674408,87.60262150062032,286.2888505313124,172.21516802416528,10.887834998950515,8.099295466555901,14.998985338412327,55.0,33.0,67.0,0.12541763751002744,-0.021699896257035556,0.9918666899860266,15.057125648955996,0.973462815976466,-0.19020287491916757,-0.1272517673105253,10.903073864225181,-0.1914172461210638,-0.9815049571321163,0.002730753103206236,7.969883732128969,65.83945445160785,53.052859570083584,37.03356973122584,19.263070512586275,6.1682423451087995,55617.0,129357.19736287411, 0.0, 0.0,0.0,NaN, 155.53513492656873,155.53513492656873,3.3036247397782844E-6, 118.54495096437178, -10.693980516882643, 13.443972679254077, -10.693980516882643, 65.59858705457296, -2.1727111190502635, 13.443972679254077, -2.1727111190502635, 224.96956118190792, 4.197913458876975, 4.235429827566864, 16.0, 0.0
19, 0 ,0.3333333432674408,0.3333333432674408,0.3333333432674408,227.15982319646392,96.8927678553571,133.4735394707894,13.603581080183027,12.495688630156469,13.722015913443515,68.0,58.0,71.0,0.5122887166910454,0.4712896991736947,0.7179458825035561,15.021397802081966,-0.8583598566867704,0.25381766445147375,0.4458642726672159,13.063535613329922,0.027903891838025784,-0.8446671608776833,0.534564084236048,11.541014627258738,72.3269861340101,60.65249420047638,59.413468447286036,22.144310673558522,6.2548283804319595,99998.0,260635.7227052577, 0.0, 0.0,0.0,NaN, 180.30276081719575,180.30276081719575,0.0, 185.0574182051136, 14.158661014577147, 19.66498222142287, 14.158661014577147, 156.14223434182165, 35.51992803601332, 19.66498222142287, 35.51992803601332, 188.29372072879707, 3.5350512909595126, 3.9878952164803567, 25.0, 0.0
20, 0 ,0.3333333432674408,0.3333333432674408,0.3333333432674408,255.4358295130179,35.85107257157685,262.18045584292014,13.015772582354987,13.531238654727554,12.887161488633778,78.0,65.0,70.0,-0.6044978537583734,0.5320357494806739,-0.5928914791730933,13.876947730244645,-0.4290779891886162,-0.8445412783288355,-0.3203780710232063,13.398630998921204,0.6711739148651223,-0.06072882736587936,-0.7388082197237597,12.1033340748617,65.33982410855538,66.85258531836888,66.2380657281634,21.85925272497428,6.384101893500624,92488.0,289336.89046674425, 0.0, 0.0,0.0,NaN, 68.56808744579791,68.56808744579791,0.0, 169.41033591558383, -2.8495035495165695, 21.05568295808873, -2.8495035495165695, 183.09441953119313, -5.597411569280441, 21.05568295808873, -5.597411569280441, 166.07893123412558, 3.4199791572373863, 3.8456069460389344, 23.0, 0.0
21, 0 ,0.3333333432674408,0.3333333432674408,0.3333333432674408,51.59868224912051,63.04336354421323,280.57954206666267,14.06991332054916,11.19704615410785,10.123021359175715,71.0,56.0,42.0,-0.9524374858381243,-0.2586014701516729,0.16120829757101918,14.323567107174226,-0.3038625558103045,0.8459197642183237,-0.43827765135955127,11.305212252008427,-0.023030040095111504,-0.46641722967768684,-0.884264997109469,9.6353238724306,67.80515155382216,55.0494219025269,51.06175898497884,19.757023474782095,5.955828093578637,67084.0,190594.87785914325, 0.0, 7.105427357601002E-15,0.0,75.0129054943971, 83.74988885457736,83.74988885457736,0.0, 197.9624608477667, 18.67748544119776, -12.589538019219566, 18.67748544119776, 125.37384257722141, -17.64712730117282, -12.589538019219566, -17.64712730117282, 102.47556143832774, 3.8092412532889015, 4.055564272661772, 17.0, 0.0
22, 0 ,0.3333333432674408,0.3333333432674408,0.3333333432674408,132.86693123933745,251.64358915413374,252.22931916901595,13.763217564380547,13.567043210240215,10.642585857663066,65.0,64.0,48.0,0.9395427580101996,-0.28277783207619756,0.19312199138594655,13.926722270941148,-0.2698908030403083,-0.9586167729464969,-0.09062470446794207,13.538561351740112,-0.21075663762938796,-0.03302393543977288,0.9769805829100311,10.464665128133296,66.02924534620148,66.9813747762447,49.014852371523176,21.15648058794501,6.2576978244920385,82649.0,216779.4398311925, 0.0, 0.0,2.8421709430404007E-14,78.86496360580607, 149.24477154630503,149.24477154630503,0.0, 189.42615772447317, -3.3459546574409504, 17.126777725330456, -3.3459546574409504, 184.0646614685251, 1.798328531037368, 17.126777725330456, 1.798328531037368, 113.26463373772992, 3.640654355824469, 3.959247475513701, 27.0, 0.0
23, 0 ,0.3333333432674408,0.3333333432674408,0.3333333432674408,177.91181115049952,272.4760232033516,284.32133419271673,11.635508250464923,15.138344368881288,8.541445990328265,58.0,60.0,35.0,0.1012963912711871,-0.9947529219083056,0.01434104146576195,15.170788050058757,0.9806195321365825,0.10226640100621738,0.16711348364948173,11.67278258638092,-0.16770323284798222,-0.002864887453942287,0.9858333622434433,8.432328190627338,62.145879888949224,58.581198885854576,38.98951347627374,19.93162542583636,6.343589675202237,62060.0,141944.44880861032, 0.0, 0.0,0.0,NaN, 126.13055029115749,126.13055029115749,0.0, 135.38505224663731, -9.493018450016988, 10.907438962886474, -9.493018450016988, 229.1694702308398, -1.1555406819406162, 10.907438962886474, -1.1555406819406162, 72.95629960569481, 3.5800662030361754, 4.125487526148421, 16.0, 0.0
24, 0 ,0.3333333432674408,0.3333333432674408,0.3333333432674408,72.8685214969873,33.71044482319898,31.461026958254315,12.77127174021139,11.79760398613408,12.966045924293288,58.0,54.0,66.0,0.583185986617221,0.204057004531716,0.7862918312654926,13.097226492395636,-0.750762071783628,-0.23427709694367455,0.6176330248770696,12.751472806123143,-0.3102425125356832,0.9505130092477362,-0.01657113956127706,11.673465126878275,63.628364568424125,59.88957428437628,52.943380095271046,20.864914123397376,5.921363627587781,83314.0,201750.05022675736, 0.0, 0.0,0.0,NaN, 86.23231257830702,86.23231257830702,0.0, 163.10538186232205, 8.828086667226671, 3.9628644561623783, 8.828086667226671, 139.18345981364672, 1.8487026711107253, 3.9628644561623783, 1.8487026711107253, 168.1183469108826, 3.171913394332934, 3.7191413242849674, 27.0, 0.0
25, 0 ,0.3333333432674408,0.3333333432674408,0.3333333432674408,237.73286969541746,34.878708774971436,92.88800780172583,14.343700868471432,12.675714634310342,13.288328330258315,68.0,66.0,72.0,0.8544588065214652,-0.2274245164403338,0.46709553335457327,14.91944515433871,0.3657417984432792,-0.37520487542316844,-0.8517360144611478,12.81935575555844,-0.3689621726266649,-0.8986096988017465,0.23741845840213482,12.492775520536387,70.11180851062656,64.95231084659936,57.11372084456819,22.382924563502286,6.480729425910022,101516.0,260091.54296392, 0.0, 0.0,1.4210854715202004E-14,62.15407411223064, 117.14052174866991,117.14052174866991,0.0, 205.74175460418812, -14.060957636631926, 23.974092710189016, -14.060957636631926, 160.67374149046935, -4.42464202625536, 23.974092710189016, -4.42464202625536, 176.57966981274575, 4.017781681948165, 4.036187892972256, 24.0, 0.0
26, 0 ,0.3333333432674408,0.3333333432674408,0.3333333432674408,288.01075862068967,55.56299204244032,157.87870557029177,7.33563598739971,13.767173703792135,12.283604203313374,32.0,65.0,57.0,-0.06811062362288399,0.9455297531770979,0.3183306909591951,13.979576105337241,0.06072059875556656,-0.31455148061300925,0.9472963501095788,12.082991681993375,-0.9958282742704524,-0.0838501753189607,0.035988835248062866,7.2667959433054445,63.57187558741571,55.97317051496165,34.61018687331409,18.821904559003123,6.322141102936002,47125.0,123154.10050374502, 0.0, 0.0,0.0,NaN, 153.0668165342687,153.0668165342687,0.0, 53.81155533963373, -10.96491112924178, 2.268169682246385, -10.96491112924178, 189.53507179038567, 15.159173740362403, 2.268169682246385, 15.159173740362403, 150.886932223658, 3.6880448477970194, 4.009427448384163, 15.0, 0.0
27, 0 ,0.3333333432674408,0.3333333432674408,0.3333333432674408,17.094647013188517,99.88740548614568,156.0270138832602,10.37430973189223,14.939628220126357,13.5684059667347,42.0,75.0,66.0,0.05166580894328565,-0.9909203875205738,0.12412666829618667,14.968421960941733,0.07274017218409617,0.12769655123238138,0.989142284079487,13.56321839334722,-0.9960118029104195,-0.04207584104247318,0.07867726522766655,10.339530214691402,77.52424012101126,68.38207056545406,45.23751579445639,21.699338159792884,6.637707260337263,86363.0,239816.19752650696, 0.0, 0.0,0.0,NaN, 176.062322666237,176.062322666237,0.0, 107.62630241323383, -5.28184121028409, 6.295418043817769, -5.28184121028409, 223.19249135559582, -4.6763118117616775, 6.295418043817769, -4.6763118117616775, 184.10164047812182, 3.226972661148343, 3.9332232237235565, 31.0, 0.0
28, 0 ,0.3333333432674408,0.3333333432674408,0.3333333432674408,80.03708395212719,9.523499606883899,267.3897090940858,13.790352552510278,6.132291532649737,13.53286287312275,65.0,25.0,61.0,0.7399616926930048,-0.01414135466835293,0.6725003460482728,14.964575580597462,0.6722170220287063,-0.020278961483181743,-0.7400763737723435,12.225260318861132,-0.024103291098122443,-0.999694346192529,0.005499595342539463,6.125494946152845,71.45556225904127,59.601158993320425,25.860892268186987,19.141896935017954,6.671205455970965,45788.0,110137.25572269548, 0.0, 0.0,0.0,NaN, 86.94862233118202,86.94862233118202,0.0, 190.17382352252676, -3.4765637794288575, 37.078672882813066, -3.4765637794288575, 37.604999441407664, -0.09291357965485604, 37.078672882813066, -0.09291357965485604, 183.13837754274417, 3.8961293311686958, 4.192556921761589, 15.0, 0.0
29, 0 ,0.3333333432674408,0.3333333432674408,0.3333333432674408,260.7262767253794,273.98476791846684,53.58135593220339,13.318184137092848,13.256368951523864,12.736965382739882,73.0,54.0,70.0,0.6575533911655035,0.50927398695509,0.5552148628932885,15.289080007068206,-0.40046515158958096,0.8604698328843744,-0.3149909983765735,12.466803506783645,-0.6381623618869106,-0.015220805064225318,0.769751340995335,11.23202904689378,81.20842977010375,61.62340956140338,57.854377721523235,21.77755528556844,6.408878172768276,90270.0,289522.9955577982, 0.0, 0.0,7.105427357601002E-15,56.274484722205834, 71.34549280536909,71.34549280536909,0.0, 177.37402870951158, 25.948107128585455, 42.97334356628736, 25.948107128585455, 175.7313177789259, 22.492515391678403, 42.97334356628736, 22.492515391678403, 162.2302871611141, 2.94260475336779, 3.633542621861491, 29.0, 0.0
30, 0 ,0.3333333432674408,0.3333333432674408,0.3333333432674408,9.413651970883121,170.67518198049717,95.08825710754017,5.973065523002556,12.09395306674602,12.477197914216065,24.0,60.0,59.0,0.11383735427318521,0.6425304378286942,0.7577570146397502,13.351838880686191,-0.05298252439645657,-0.7577035348741986,0.6504446212766477,11.216376243680068,-0.9920856358604636,0.11419277430209435,0.05221208113579425,5.791630407550249,59.43773250723629,58.26648737575853,27.28165097980251,17.42489891955772,5.83048693990743,36405.0,94482.57457968469, 0.0, 0.0,0.0,NaN, 160.79583961955018,160.79583961955018,0.0, 35.6775117420818, 14.289972107009786, 9.304819014353873, 14.289972107009786, 146.26370078065543, 24.99391952469886, 9.304819014353873, 24.99391952469886, 155.68046779051772, 4.714733090718816, 4.21236300598179, 14.0, 0.0
31, 0 ,0.3333333432674408,0.3333333432674408,0.3333333432674408,86.24836255002536,60.20726001916465,219.6110140352855,12.477231086369935,13.439497990846727,12.772892354170667,73.0,65.0,61.0,0.16525364864265382,0.7905722436396602,0.5896496919331379,14.276739161879286,0.9862240411444287,-0.13689128522482627,-0.09285966130805823,12.42297652386359,0.0073056333772196485,0.5968720998807447,-0.802303137289708,11.886654454095877,70.50198331338999,70.84080385740435,59.57247284404043,21.46055378741295,6.236410189957771,88705.0,297529.78131872055, 0.0, 0.0,0.0,NaN, 132.38611432476966,132.38611432476966,0.0, 155.68129558267626, 6.4094115835385805, 4.899292596681414, 6.4094115835385805, 180.6201062459732, 29.316030741912307, 4.899292596681414, 29.316030741912307, 163.14677909123148, 2.905261417921511, 3.599929446635955, 29.0, 0.0
32, 0 ,0.3333333432674408,0.3333333432674408,0.3333333432674408,165.05653566160157,102.27006152480782,211.3943344406999,14.472318322785606,11.009475816767347,13.034291723909138,66.0,52.0,63.0,0.8797036237168447,0.038715086169657915,0.4739437482680069,15.04106754993757,0.4550779152715313,0.22056158375505353,-0.8627031232142259,12.450044605107351,0.13793340948286986,-0.9746043966011744,-0.17641044377840137,10.92300290346202,71.86524249704809,66.79652398894778,56.645434256328215,21.431979889206115,6.420245647061873,83381.0,271917.8193839073, 0.0, 0.0,0.0,NaN, 191.10172165928574,191.10172165928574,0.0, 209.44799763603598, 7.223983041364999, 30.566449280369902, 7.223983041364999, 121.20855775998504, -4.829489007515931, 30.566449280369902, -4.829489007515931, 169.89276074396628, 3.2954783648107018, 3.7694065796005405, 26.0, 0.0
33, 0 ,0.3333333432674408,0.3333333432674408,0.3333333432674408,145.40052538552595,286.7781705557087,25.495694757495663,13.698386874513702,8.48451441879652,13.657137664381192,69.0,37.0,61.0,-0.7205012722717812,-0.13462653184465279,0.6802599602932878,14.379892904908546,-0.6831002540154297,-0.031090517657448295,-0.7296625402717665,13.037217809792283,-0.11938157152090052,0.9904085402677386,0.06956266057251888,8.330655970202493,78.2816637757299,66.43094184915567,40.91598986070616,20.065606191065356,6.597093697646375,61669.0,212776.43082119987, 0.0, 0.0,0.0,NaN, 148.20985124953165,148.20985124953165,0.0, 187.64580296384923, 15.461693675493402, -17.207554208924137, 15.461693675493402, 71.98698492276604, -10.300068036087366, -17.207554208924137, -10.300068036087366, 186.51740918385937, 3.76988483368785, 4.045609729700438, 15.0, 0.0
34, 0 ,0.3333333432674408,0.3333333432674408,0.3333333432674408,20.48773533671253,287.2740314989138,21.220175597393194,11.759374440501002,7.559209138424032,12.491877965426266,48.0,29.0,49.0,0.6130130471688547,0.10939478151471071,0.7824626417779345,13.532400782094397,-0.7759140153068091,-0.1032958278924602,0.6223242023177922,10.647083239374464,-0.14890414652124473,0.988616585799247,-0.02155925396250368,7.415206854838665,60.956113052771116,57.16637078199422,32.286699012612985,17.861268913201034,5.696193285325101,44192.0,112507.51510508628, 0.0, 0.0,0.0,NaN, 32.12465448688933,32.12465448688933,0.0, 138.28288723190826, 13.271848413115686, 33.27630193640888, 13.271848413115686, 57.141642798433395, 7.215936674410962, 33.27630193640888, 7.215936674410962, 156.04701510310227, 4.032529025472792, 4.229344522559207, 7.0, 0.0
35, 0 ,0.3333333432674408,0.3333333432674408,0.3333333432674408,286.76841698977177,27.15677468025755,26.90543693749013,8.432042273690348,13.21613031425877,13.29140532650587,36.0,62.0,56.0,0.04253101712150764,-0.7024873474747602,0.7104242670548955,14.002218295099679,0.20086224267978958,-0.6905370894285,-0.6948473843868601,12.617958730152049,-0.9786958015891635,-0.17224997753698437,-0.11173393929443731,8.194625875706288,74.92175608683395,64.0655211895299,41.92290356958034,19.54805339889809,6.3482675791177465,56999.0,201225.80152917348, 0.0, 0.0,0.0,NaN, 40.45327844301493,40.45327844301493,0.0, 71.09933690530109, -16.620634997466652, -8.953792740664413, -16.620634997466652, 174.6661004834696, -20.16194993725173, -8.953792740664413, -20.16194993725173, 176.66145555346864, 3.559720914504175, 3.976795817857002, 13.0, 0.0
36, 0 ,0.3333333432674408,0.3333333432674408,0.3333333432674408,184.33983105010142,281.64192625114623,119.05815989107178,12.633809915330271,10.036124017879358,13.570526007818003,65.0,40.0,74.0,-0.43304691660084743,0.017911149065153873,0.9011934080771259,13.830240040024028,-0.8766017656529053,0.22440445092271427,-0.42569001263863904,12.467127833634155,0.20985640918663487,0.9743314801161055,0.08147671064820129,9.888948297112181,75.89120978722578,61.21288353096803,44.955373902782696,20.19372864224574,6.058831399794048,71974.0,208841.07894025417, -2.8421709430404007E-14, 0.0,0.0,64.33891888453547, 167.0004161370128,167.0004161370128,0.0, 159.61315297669748, -12.06325720644643, -14.974845538329333, -12.06325720644643, 100.7237853022549, -3.9970003513394095, -14.974845538329333, -3.9970003513394095, 184.15917612886483, 3.6802766833502094, 4.063746617587435, 25.0, 0.0
37, 0 ,0.3333333432674408,0.3333333432674408,0.3333333432674408,185.6514134417373,14.454574630258618,10.996630205129577,14.802800563309548,9.532786739835647,6.689540732663736,70.0,37.0,28.0,-0.9819665611542954,0.1753565569489533,-0.07065232274891205,14.962884564122408,-0.18823454952742744,-0.9416382000050089,0.27907929814934834,9.540064749127252,-0.0175905411802584,0.28734574683877767,0.9576653876144059,6.312379334409333,70.04201437510378,44.26185228356836,28.88152366894684,17.711933382625947,6.405801948835361,37391.0,89538.19047040476, 0.0, 0.0,0.0,NaN, 115.78194959268298,115.78194959268298,0.0, 219.12290451711746, -22.621702395475115, 10.080582977017517, -22.621702395475115, 90.87402302718634, -15.726343868753993, 10.080582977017517, -15.726343868753993, 44.749955213967276, 4.407063043770941, 4.219816522996104, 13.0, 0.0
38, 0 ,0.3333333432674408,0.3333333432674408,0.3333333432674408,106.1579448735737,35.603884942740585,162.5292509681294,11.506885909555278,11.888939940073737,16.804185321174273,62.0,64.0,82.0,-0.09686884768363799,-0.19770606272387836,0.9754633458570683,17.02158106086265,-0.5151720099785889,-0.8286087771279861,-0.21910110588740458,11.752392226908025,-0.8515951071272456,0.5237554841991487,0.021586252297476977,11.32620923680844,84.88302552009732,63.85403398054069,57.85347609277065,22.52642661972804,6.978256536456766,96578.0,313572.99087707914, 0.0, 0.0,0.0,NaN, 177.3001768814125,177.3001768814125,3.3036247397782844E-6, 132.40842333552177, 7.290670122423897, -14.1456459469845, 7.290670122423897, 141.3468928986805, -29.35101135831376, -14.1456459469845, -29.35101135831376, 282.3806443083689, 3.211681843581584, 3.7114165044062615, 23.0, 0.0
39, 0 ,0.3333333432674408,0.3333333432674408,0.3333333432674408,231.78301983292607,84.00388702619765,279.64604193896685,13.078989279756414,14.350116232573935,11.499845542844684,63.0,68.0,53.0,-0.2690536977694475,0.8859054238850708,0.37786464196534775,14.877619118917963,0.9135267852772485,0.35901594697694295,-0.19124947685487886,13.151373062745416,0.3050883811252122,-0.2937330927002651,0.9058929020337532,10.720544757359628,64.91482208558405,63.39601600841172,51.60525265074182,21.6322349663317,6.424846639341451,87985.0,212373.21721572007, -2.8421709430404007E-14, 0.0,0.0,74.39203587738353, 110.11127565955918,110.11127565955918,0.0, 171.05996057998317, -6.3326452552464465, -20.95687234577723, -6.3326452552464465, 205.92583588838193, 31.637825239039373, -20.95687234577723, 31.637825239039373, 132.24644750928474, 3.0002991341644236, 3.7946059028761088, 21.0, 0.0
40, 0 ,0.3333333432674408,0.3333333432674408,0.3333333432674408,255.90079939274617,10.526009915316555,25.43949996441872,13.73401866920745,6.738031298603809,11.43053323499373,68.0,29.0,47.0,-0.9887498900373805,-0.027436859097368774,-0.14704038123569801,13.788128294764936,0.14375375970446858,0.09734703142304588,-0.9848138971622764,11.405646469604724,0.04133414474618028,-0.9948722401574945,-0.09230771496527351,6.66934564713027,68.49238112965247,53.12082162503984,31.011620013750953,18.060642299692475,6.204403625323847,42157.0,112831.7963081039, 0.0, 0.0,0.0,NaN, 51.98754213632166,51.98754213632166,0.0, 188.62326880613875, 5.148748095591399, 9.05325305053016, 5.148748095591399, 45.40106578096452, -7.619657748677341, 9.05325305053016, -7.619657748677341, 130.65709003629624, 4.875460937967375, 4.104949144096398, 12.0, 0.0
41, 0 ,0.3333333432674408,0.3333333432674408,0.3333333432674408,151.39623671284144,96.84702549575071,158.09514775060427,11.787355800422738,12.064255625430047,12.848957576024825,55.0,60.0,65.0,0.2658300205777981,0.5164958422460784,0.8139818456833794,13.15340969065439,-0.6329418083627087,-0.5433654692354715,0.5514876554094925,12.341843671237518,-0.7271307085979459,0.6618051161671604,-0.18246895853492293,11.146768126075795,66.39453216608072,65.9082275168992,52.43140799248873,20.37515495372874,5.86828697010435,76954.0,229437.00650747845, 0.0, 0.0,0.0,NaN, 227.15503935066744,227.15503935066744,0.0, 138.94175676575958, 16.349020175475243, 0.7527711982298585, 16.349020175475243, 145.5462637957205, 12.088690377629694, 0.7527711982298585, 12.088690377629694, 165.09571079048573, 2.890063563163431, 3.502949420346798, 23.0, 0.0
42, 0 ,0.3333333432674408,0.3333333432674408,0.3333333432674408,177.08089952336778,285.33970442404274,243.2937845878251,14.296884130747772,8.61760080837007,12.452279766032234,67.0,36.0,58.0,0.9754055705281172,0.14049749750136706,-0.1698364689298832,14.448784625035435,-0.16761177632711224,-0.027606788482266185,-0.9854664670429765,12.388100867804775,-0.14314421196537394,0.9896960737648443,-0.0033787801442757546,8.455222685442296,67.25426288790476,60.9455676786221,38.60129930536442,19.871504697338647,6.2326970065644485,62522.0,158220.90595450395, 0.0, 0.0,0.0,NaN, 136.16028934579577,136.16028934579577,0.0, 204.40089584802746, 19.191976824528876, -9.201000646895816, 19.191976824528876, 74.26304369242051, -1.0454830437416005, -9.201000646895816, -1.0454830437416005, 155.05927137153577, 3.5955109103657548, 4.021429516914055, 13.0, 0.0
43, 0 ,0.3333333432674408,0.3333333432674408,0.3333333432674408,48.37646059919945,105.69879647973693,260.32027385813825,13.97828635665405,11.23178582763529,10.993895560385285,67.0,53.0,51.0,-0.9319551632798994,0.32573899913671744,0.15922838339110942,14.437714356160038,0.09658387643974752,0.646330496311674,-0.7569203685655298,11.230412413856781,0.34947264334681205,0.6900369511692219,0.6338121784671524,10.38467539809362,66.83796819192821,53.60771518165126,47.80036335599431,20.20410406587563,5.848540060085335,74199.0,171270.17234662597, 0.0, 0.0,0.0,NaN, 122.82914224264488,122.82914224264488,1.9073486328125E-6, 195.3924894686207, -29.40024100147556, -16.26574764726448, -29.40024100147556, 126.15301287786897, -3.7251607103124424, -16.26574764726448, -3.7251607103124424, 120.8657395926593, 3.134574950537442, 3.6580892185293004, 22.0, 0.0
44, 0 ,0.3333333432674408,0.3333333432674408,0.3333333432674408,56.925046728971964,132.93357009345794,283.00482242990654,11.844690783814144,11.901623158061332,9.438428860832271,59.0,59.0,40.0,-0.6718152902566149,0.7316673009615687,-0.11544339080706609,12.367245356505313,0.739814020386817,0.6704959135715683,-0.055771364721712076,11.401372928209028,-0.036598237888105026,0.12287469465858655,0.9917471343019069,9.385585254291028,60.377540260622915,57.83907796764592,43.41624270661583,18.43564437455805,5.581781921257761,53500.0,151617.38910012526, 0.0, 0.0,0.0,NaN, 145.60436485053236,145.60436485053236,0.0, 140.2966997641717, -11.096194092060474, 3.301389494278998, -11.096194092060474, 141.64863379650177, -7.0453431978338585, 3.301389494278998, -7.0453431978338585, 89.08393936099155, 4.088988243906854, 4.004665836055481, 15.0, 0.0
45, 0 ,0.3333333432674408,0.3333333432674408,0.3333333432674408,289.04637096774195,38.45001247090123,65.30944462919854,6.341774722734746,16.011976533228957,12.07999486535212,24.0,70.0,57.0,0.03724337223257222,-0.9340354735575049,0.35523325486355156,16.599699232399647,0.05546093274919201,-0.3530000045865963,-0.933978094871851,11.285245741256649,-0.9977660127321113,-0.05448606150264504,-0.0386555680154142,6.294520556392282,76.92137121392804,48.018044595866094,27.412137754036735,19.80806007755664,7.08297473138698,48112.0,101249.85120933612, 0.0, 0.0,0.0,NaN, 76.57485883606404,76.57485883606404,9.5367431640625E-7, 40.21810663391736, -9.924841574297336, -1.4232908831007498, -9.924841574297336, 256.3833925006748, -49.35537466051595, -1.4232908831007498, -49.35537466051595, 145.92627594693357, 3.2504196278750896, 3.890180022731232, 11.0, 0.0
46, 0 ,0.3333333432674408,0.3333333432674408,0.3333333432674408,83.10022947376609,211.60689977052624,65.812855716749,11.416075850886754,12.41955891678214,12.858396403144221,51.0,57.0,60.0,0.29955332690149994,-0.48080448423680494,0.8240721159461853,13.40938587702856,-0.30477081303099457,-0.866703401771829,-0.3948923459394544,12.128975559081352,0.9040921169143492,-0.1328618127789893,-0.40615906100739796,11.08994643220466,62.81822203791764,59.509437996538566,56.28456558741483,20.39725832312095,5.819144480151736,77133.0,210407.30202329185, 0.0, 0.0,0.0,NaN, 138.0228976813775,138.0228976813775,0.0, 130.32678783319972, -1.8117140799131275, 16.93088318169668, -1.8117140799131275, 154.24544368742275, -14.258014103074801, 16.93088318169668, -14.258014103074801, 165.33835806039224, 3.5720353739209667, 3.766091960007846, 21.0, 0.0
