// Sample: .//bubblelabels.tif, Map: .//bubblelabels.tif, Thickness:(8.191250068658265):/gpfs/home/mader/Foam/NewValid/InSilicoTest/LatticeData_OldFoam/out_Step_07000.vtk/distmap.tif, Neighbors:(1.0):
//LACUNA_NUMBER, TRIANGLES, SCALE_X, SCALE_Y, SCALE_Z, POS_X, POS_Y, POS_Z , STD_X, STD_Y, STD_Z,PROJ_X, PROJ_Y, PROJ_Z, PCA1_X, PCA1_Y, PCA1_Z, PCA1_S, PCA2_X, PCA2_Y, PCA2_Z, PCA2_S, PCA3_X, PCA3_Y, PCA3_Z, PCA3_S,PROJ_PCA1, PROJ_PCA2, PROJ_PCA3,OBJ_RADIUS, OBJ_RADIUS_STD, VOLUME, VOLUME_BOX, Mask_Grad_X,Mask_Grad_Y,Mask_Grad_Z,Mask_Angle, Mask_Distance_Mean,Mask_Distance_COV, Mask_Distance_STD, SHAPET_XX, SHAPET_XY, SHAPET_XZ, SHAPET_YX, SHAPET_YY, SHAPET_YZ, SHAPET_ZX, SHAPET_ZY, SHAPET_ZZ, Thickness, Thickness_STD, Neighbors, Neighbors_STD
1, 0 ,1.0,1.0,1.0,78.83422495186036,136.0502515684204,39.71060314305236,18.180394432513758,17.457282785378762,18.975209814194198,98.0,93.0,87.0,0.42247230069431957,-0.4273629754727297,0.7992984688720124,19.676794094403224,0.8535048702681324,-0.1092063085260565,-0.5095129229045033,17.954360296702614,-0.30503539397031765,-0.8974602327530768,-0.3186197405249185,16.905820653425792,97.87158882310445,89.81573778583211,92.86804880502771,30.35521305668205,8.596690743914849,257584.0,816348.128166583, 0.0, 0.0,0.0,NaN, 162.17718081646382,162.17718081646382,0.0, 330.5267417217773, -21.70912482055138, 18.335030377707803, -21.70912482055138, 304.7567222486817, -32.59300673599077, 18.335030377707803, -32.59300673599077, 360.05858749269186, 7.8334400497976935, 6.220216219021272, 43.0, 0.0
2, 0 ,1.0,1.0,1.0,57.925219645201466,257.99862826943144,14.471782744807621,18.219466624020043,18.166472567791597,9.114415985053661,98.0,95.0,38.0,0.729856854698084,0.6753113487637074,-0.10612989155352198,19.25813056999412,0.670510917187152,-0.7374373724771516,-0.08124796370887681,17.199555780205806,0.13313182032506063,0.011861867683340112,0.9910273530594395,8.851099156678439,101.44483817892086,92.91464232588531,42.44913367215256,25.802378575391447,8.903905223040951,118828.0,400113.2600475184, 0.0, 0.0,0.0,NaN, 72.99916981724621,72.99916981724621,0.0, 331.94896406378035, 36.64767403980626, -34.50749603232954, 36.64767403980626, 330.0207255563246, -7.935554746461958, -34.50749603232954, -7.935554746461958, 83.07257874860169, 8.21728168127082, 6.201815476796558, 26.0, 0.0
3, 0 ,1.0,1.0,1.0,258.46895078465207,140.26414701613123,127.37205926656259,16.759785098785866,17.160149626787813,15.106097154801805,92.0,88.0,75.0,0.38864955932751,0.891564562584499,-0.23251699029972583,17.397880213216958,0.9205310283387769,-0.38658852345625666,0.056319973343968516,16.646661306120528,0.03967550755927781,0.2359278370083144,0.9709603029086675,14.958533834149826,90.11168558620713,96.28651031085519,77.30252641296073,27.22180722975202,7.907497339095407,182565.0,670718.4426814746, 0.0, 0.0,0.0,NaN, 193.9652042735894,193.9652042735894,0.0, 280.89039655748473, 8.362442512863625, -4.366502243296864, 8.362442512863625, 294.47073521374597, -17.523836365517326, -4.366502243296864, -17.523836365517326, 228.1941712503112, 6.697664686510277, 5.678715169821992, 45.0, 0.0
4, 0 ,1.0,1.0,1.0,78.74628493288213,16.87228131518136,261.5830989328648,16.287524813038214,10.172068965471476,16.935597094727488,78.0,45.0,77.0,0.4278732793614707,-7.509343128411505E-4,0.903838421901901,17.11772530778934,-0.8977100412152788,0.11590304405149594,0.4250684254103796,16.16259920235127,0.10507682289507632,0.9932602481108637,-0.04891769427336,10.065921112337803,89.51999357253521,78.93288192419489,46.229414902324876,24.42612703475185,7.676797418893419,115543.0,326660.3318029339, 0.0, 0.0,0.0,NaN, 89.22729153746252,89.22729153746252,0.0, 265.2834645353355, -16.69947182646691, 13.114836426412083, -16.69947182646691, 103.47098703830795, 7.7479794617802416, 13.114836426412083, 7.7479794617802416, 286.8144489549421, 7.686347418194931, 5.933913640725562, 23.0, 0.0
5, 0 ,1.0,1.0,1.0,188.4476823840016,113.25398813408833,236.32346663373846,15.850439669663523,15.185971247315004,16.402522925058356,79.0,91.0,83.0,-0.19436772159889532,-0.14638845343732146,0.9699441269994284,16.42261047480253,-0.8569746589769812,-0.45579021955000737,-0.24051966579438488,16.10683113038377,-0.477300348493211,0.8779667969022434,0.03686028846162107,14.89163439261092,83.24144051417508,84.68861677479862,84.27314220094908,26.37660140264288,7.427504102935474,170067.0,594092.15019143, 0.0, -1.4210854715202004E-14,0.0,81.58231027502866, 171.2456898591069,171.2456898591069,0.0, 251.23643772164309, 16.077712662792035, -1.2738300530164242, 16.077712662792035, 230.61372272427803, -2.677580843104642, -1.2738300530164242, -2.677580843104642, 269.0427583070649, 6.954474884322757, 5.678113636772223, 39.0, 0.0
6, 0 ,1.0,1.0,1.0,275.81213406767887,206.07904758360624,208.5882703185472,14.306424570589122,16.407047262590318,16.886870406790614,58.0,89.0,84.0,-0.18532000440039287,0.5581262118425778,0.8087964067818878,17.494184905535633,-0.1069571016980908,-0.8296196284107624,0.5479885496540355,15.891299439466335,-0.9768401478058645,-0.015046720900030064,-0.21344067518815138,14.158088593546642,87.75281187071519,86.8094259069576,64.8251232391064,26.415456191969202,7.826560558551705,161232.0,493822.9581579524, 0.0, 0.0,2.8421709430404007E-14,36.02149675555822, 133.2752883490313,133.2752883490313,0.0, 204.67378399395616, -6.300477874693508, -18.8798209539747, -6.300477874693508, 269.1911998768724, 23.989111930573564, -18.8798209539747, 23.989111930573564, 285.16639213574064, 8.079134257370935, 6.0022929806212355, 36.0, 0.0
7, 0 ,1.0,1.0,1.0,263.64368651832945,279.3773176142392,28.098832938872114,17.530775741287208,11.589390188093743,15.941629607152937,79.0,52.0,70.0,-0.9687382368914353,0.10971838448717376,0.22250416735422762,17.68294332037032,-0.21996081329124037,0.034918508759414976,-0.9748835511804858,15.846059323623999,-0.11473216201540667,-0.9933491701569713,-0.009693149525674061,11.488844023469122,85.9534720356533,77.89922484597909,57.01907464660229,25.213207100095964,7.750600317546953,134783.0,381783.1224106409, 0.0, 0.0,0.0,NaN, 50.364878350772514,50.364878350772514,0.0, 307.32809809130407, -20.12036622998572, -13.407837398712536, -20.12036622998572, 134.31396493188353, 0.35674196345767517, -13.407837398712536, 0.35674196345767517, 254.13555453165512, 7.1800650043927225, 5.787935085654396, 24.0, 0.0
8, 0 ,1.0,1.0,1.0,276.9722876856242,206.89136545614582,284.4985093273517,13.06217449043609,15.495779392227165,8.980161925428606,53.0,77.0,40.0,0.147905956635425,0.9765086909145022,-0.15669908921307024,15.676761767408928,0.9874369194312042,-0.154715116619163,-0.03211795189192728,13.00897245206989,0.05560717701855766,0.14998002953048342,0.9871240208839327,8.740060973888081,78.65455813107496,58.84981555638009,43.9880015418359,21.061242140794022,6.914258390091998,70438.0,203611.9359640183, 0.0, 0.0,0.0,NaN, 97.15857951889195,97.15857951889195,0.0, 170.62040241859935, 10.278655631482934, -6.870012064411483, 10.278655631482934, 240.11917897257212, -25.455640515447598, -6.870012064411483, -25.455640515447598, 80.64330820691761, 6.979358029842712, 5.693647029117828, 18.0, 0.0
9, 0 ,1.0,1.0,1.0,154.44827678979794,178.46187234882115,15.191665097258468,16.948000078699856,16.475563788844926,9.573120169825708,81.0,78.0,41.0,-0.7540485906740204,-0.6567845177079896,0.006694789138362245,18.359570969047958,-0.6563462161127314,0.7538536116293005,0.030238664453963057,14.890773632153635,-0.02490717762058084,0.018407322796738776,-0.9995202864226582,9.566323906406364,87.79774074580422,73.99808518514556,41.68964018467815,24.300974607835975,7.732151817132518,111507.0,270851.9516203148, 0.0, 0.0,0.0,NaN, 190.23040580002132,190.23040580002132,0.0, 287.2347066676103, 57.180902084818335, -3.8241237908971035, 57.180902084818335, 271.44420216029823, 1.8887142884392514, -3.8241237908971035, 1.8887142884392514, 91.64462978592381, 8.6276600629478, 5.950776711818889, 18.0, 0.0
10, 0 ,1.0,1.0,1.0,47.609244018651104,249.73088388921445,213.57624149616532,15.550332336980235,16.34872981570528,14.658955021601368,84.0,73.0,76.0,-0.4176478426183362,-0.8474426105340735,-0.3277366342163233,17.372353831939943,-0.7808491984524322,0.1503257544929421,0.6063635022099544,15.777200529845455,-0.4645910124318409,0.5091592966718005,-0.7245081102239189,13.162827602066429,82.36170365781908,76.00027065199971,73.04720249238201,25.861420865971414,7.427359927720097,156988.0,457239.82371945336, 0.0, -2.8421709430404007E-14,0.0,32.06540641331862, 110.73703167647325,110.73703167647325,0.0, 241.8128357905332, 36.612908893035964, -18.229215237210767, 36.612908893035964, 267.2809665869308, 42.59663191282141, -18.229215237210767, 42.59663191282141, 214.884962325332, 7.515816015517447, 5.510339324834695, 33.0, 0.0
11, 0 ,1.0,1.0,1.0,14.03040642681294,164.85137995076232,13.481967779553406,8.853373500626498,15.473334306647704,8.074823185085847,35.0,77.0,33.0,-0.03712824293107951,0.9935514163336144,0.10713111909393697,15.54696457595949,0.9965210982073135,0.028806753940554715,0.07820403925052764,8.845417046728857,0.074613634173256,0.10966199901915388,-0.9911644926885659,7.941004729917706,76.205682793284,37.42996507881652,34.90166823910575,18.48560594278503,6.425841525075913,46306.0,99552.68244228748, 0.0, 0.0,0.0,NaN, 136.54217392777835,136.54217392777835,0.0, 78.38222234159548, -6.154315703595353, 0.472560561620154, -6.154315703595353, 239.4240745652808, 19.049602692067705, 0.472560561620154, 19.049602692067705, 65.20276947039996, 9.810502256958195, 5.725333024511988, 12.0, 0.0
12, 0 ,1.0,1.0,1.0,24.568710195406133,132.38554506597575,190.8909014746608,13.762568177559533,15.087067507170161,14.672090440806551,63.0,73.0,72.0,0.02122459836143273,-0.8893136754935416,0.45680488504892836,15.228192819626841,-0.23807802302404218,-0.4482597155763347,-0.8616159715002896,14.5737467736857,-0.971014094324773,0.09046775100328427,0.22124017413446453,13.711534382987272,76.18957441799151,80.6304008666059,65.86362092431398,24.171239934748485,6.931759280872292,128911.0,404613.1278114912, 0.0, 0.0,0.0,NaN, 173.30421069348986,173.30421069348986,0.0, 189.40828284197434, 1.7742282239540554, 5.428290372335888, 1.7742282239540554, 227.61960596590967, -8.411389983724913, 5.428290372335888, -8.411389983724913, 215.27023790320698, 7.0471439961597415, 5.314917949783936, 29.0, 0.0
13, 0 ,1.0,1.0,1.0,123.29493521790342,235.13972067979134,77.3590980986034,14.387710915905313,14.93137063248208,16.477459563317534,76.0,72.0,79.0,-0.13790486430476612,0.47610991478103626,0.8685053813582727,17.1209504668592,0.7884080378951585,-0.4779902891135722,0.38721834834551766,14.441130326314966,-0.5994956331645717,-0.7381359174029664,0.30945169777574466,14.134551214478426,81.99049864195139,69.91981496404031,74.96947021922728,25.442489369499185,7.357884390764345,148575.0,429782.0171179981, 1.4210854715202004E-14, 0.0,0.0,82.0733721419705, 159.3515828051665,159.3515828051665,0.0, 207.0062253996609, -9.430082855045985, -8.505082811244156, -9.430082855045985, 222.9458289645483, 36.975557681783854, -8.505082811244156, 36.975557681783854, 271.5066736607644, 6.501267557791662, 5.113341788381001, 32.0, 0.0
14, 0 ,1.0,1.0,1.0,280.2060581583199,287.04452342487883,148.99403877221326,11.19361023025757,7.754145583027849,17.281840647341586,49.0,33.0,77.0,-0.0011932676860063982,-0.00192520558672195,0.9999974348445493,17.281874986827088,-0.9840660274287528,0.17780146657591986,-8.319519487341754E-4,11.29140988734481,-0.17779940880897935,-0.9840644958877959,-0.0021066941582987015,7.610949977859341,77.03914936788975,53.11676089671394,35.733809829364304,20.770048483002387,7.258841910628582,61900.0,146225.25392781605, 0.0, 0.0,0.0,NaN, 150.86042587960605,150.86042587960605,0.0, 125.29690998692696, -12.17188846985994, -0.23030637382197544, -12.17188846985994, 60.12677372279031, -0.47375720284694617, -0.23030637382197544, -0.47375720284694617, 298.6620161601078, 8.057865375090204, 5.88560047262255, 19.0, 0.0
15, 0 ,1.0,1.0,1.0,191.0540049695799,279.16632407934816,59.668433261513826,16.119022427031023,11.981580015870152,14.790051791205075,71.0,53.0,79.0,-0.9279906524704991,0.056765198857423,0.36825407143174227,16.34936453118768,0.3725563931996361,0.15707006617938785,0.9146205378169032,14.60995445514487,0.005923074662352983,-0.9859547182853176,0.1669077909429762,11.89009192190251,76.25521552435161,74.11780445353352,58.097372752126006,23.94571455381191,6.98065399326207,121137.0,328358.7489162287, 0.0, 0.0,-7.105427357601002E-15,68.39201842339003, 125.9507594793251,125.9507594793251,1.3486991523486091E-6, 259.8228840031291, -2.4158192140062598, -18.47408215819131, -2.4158192140062598, 143.558259676699, 12.986861212073984, -18.47408215819131, 12.986861212073984, 218.74563198652842, 7.178488667826065, 5.575197023747536, 29.0, 0.0
16, 0 ,1.0,1.0,1.0,173.06030165600578,99.82735290207259,11.779992022808857,14.447297856527179,15.44624326479834,7.429726737601383,69.0,74.0,30.0,0.20792792218983058,0.976144774053779,0.0625088734606311,15.52554978895447,0.9764674031770556,-0.20340695828720493,-0.07167300644597742,14.414990334314377,0.057248490866376886,-0.07594069665103598,0.995467538840759,7.3264618444574525,77.95436958765313,69.40990003593369,33.170376153323836,21.24522093163552,7.152081746734539,67693.0,179478.4371569876, 0.0, 0.0,0.0,NaN, 161.91959614313714,161.91959614313714,0.0, 208.7244153552148, 7.418843092398644, -8.35068511422313, 7.418843092398644, 238.5864309953281, 13.679431651286908, -8.35068511422313, 13.679431651286908, 55.20083939542889, 7.37940242988859, 5.276479989911994, 23.0, 0.0
17, 0 ,1.0,1.0,1.0,219.72112601297346,31.299327873203186,261.69242638390847,14.478818868779696,16.037076616391243,16.265288630398494,79.0,72.0,79.0,0.380049117066213,0.4064232677772059,-0.8308927704743191,16.645046407541205,0.03926233002954648,0.8903972405489007,0.453487842685506,16.00551769570663,-0.9241326409438434,0.20497044038641513,-0.3224375606376467,14.076557457287839,84.62136270655725,83.82146864996746,71.599597080991,26.032824196033065,7.326370236589084,162023.0,507862.16418818035, -2.8421709430404007E-14, 0.0,0.0,67.66327488553759, 94.29642480121626,94.29642480121626,0.0, 209.63619583493093, 14.216782991443868, -23.884432495815428, 14.216782991443868, 257.18782640000285, -3.2163599906606297, -23.884432495815428, -3.2163599906606297, 264.55961423017055, 7.946763993643863, 5.605796885177613, 38.0, 0.0
18, 0 ,1.0,1.0,1.0,158.27630233617157,254.4154587711686,279.2369508622097,17.462778039340353,14.548200003855287,10.982211204252346,84.0,84.0,50.0,-0.9506152632477834,0.2979259957295068,-0.08700989799401304,17.770320952004234,0.30835375417209815,0.938479491262079,-0.15548056717301356,14.298018060765216,-0.03533530201257823,0.17463202898967412,0.9839995278874016,10.816195076598765,82.16503550809152,81.95753289051851,52.66954855859029,24.110834565570297,7.474982253500296,116387.0,354679.0363913962, 0.0, 0.0,0.0,NaN, 150.31520577789053,150.31520577789053,NaN, 304.9486168512677, -30.99646286237557, 12.250561782441814, -30.99646286237557, 211.65012335217497, -17.912554855711036, 12.250561782441814, -17.912554855711036, 120.60896293480576, 7.463047697601005, 5.542570012225984, 29.0, 0.0
19, 0 ,1.0,1.0,1.0,234.7977319758298,243.344094031951,10.742852412879728,14.993737450114237,13.881943977857194,7.172592583761747,67.0,68.0,30.0,-0.979578080014442,0.17317535825541303,-0.10216203036514314,15.082679702373186,0.17805211696608877,0.9831809288278639,-0.040653472583191685,13.86104241466767,-0.09340358022642106,0.058013416399030196,0.9939367257117525,7.025018994590792,68.32498544044503,64.76827186908696,33.23282293602304,20.534115103848098,6.878715912281566,60405.0,147064.91996861694, 2.8421709430404007E-14, 0.0,0.0,11.599193464905516, 87.0438758013512,87.0438758013512,0.0, 224.8121627229582, -5.2245486154726, 16.793629182692868, -5.2245486154726, 192.7083686043656, -8.858359198770106, 16.793629182692868, -8.858359198770106, 51.44608437263401, 7.050254963866903, 5.135691843353413, 12.0, 0.0
20, 0 ,1.0,1.0,1.0,271.61671932128786,67.7448510879983,238.7933903659792,15.299103923192432,15.217547588011087,14.31572996989234,71.0,80.0,75.0,-0.7185669179930678,0.4808121764319154,-0.5024751091952198,15.617599488381853,0.5951121695575711,0.7989720853216306,-0.08651654478356016,15.34045823856917,-0.359865377621166,0.36119697932237677,0.8602520863781534,13.832475818453753,80.35425703014499,75.14499153949905,81.93632908033382,24.903227762177934,7.099697672576622,140855.0,494749.5780865255, 0.0, 0.0,0.0,NaN, 95.60975124909083,95.60975124909083,0.0, 234.06258085264207, 2.7539475040845964, 16.716728307040178, 2.7539475040845964, 231.57375459338206, -15.74213441934665, 16.716728307040178, -15.74213441934665, 204.94012457087373, 6.007734438850283, 4.94116270631724, 31.0, 0.0
21, 0 ,1.0,1.0,1.0,69.97424964004873,63.58499596538139,159.65717608341376,14.605628260009883,14.29659712853996,14.17425105438397,72.0,66.0,71.0,-0.8206757311580475,0.49428537811849144,0.2866588726456311,14.680409354093769,-0.5579022874719025,-0.584787340373091,-0.5888707873319794,14.475945539384464,-0.12343574005053415,-0.6431996047244015,0.7556837212488772,13.912549774038274,78.00009115018217,78.64521381061272,79.91652672706421,23.931420360059366,6.775955934640237,126406.0,490234.6547368828, 0.0, 0.0,0.0,NaN, 169.22043478695875,169.22043478695875,0.0, 213.32437686959935, -3.6880594127863944, 0.08944281245763888, -3.6880594127863944, 204.39268945577703, 8.618632028224926, 0.08944281245763888, 8.618632028224926, 200.90939295270505, 6.983500375523024, 5.097754250477182, 30.0, 0.0
22, 0 ,1.0,1.0,1.0,277.6553294435748,206.94318343532092,12.378184146862104,13.124427561634477,13.531072116459416,7.8290465433507865,55.0,72.0,31.0,-0.5223113137985651,0.8511869933360847,-0.0516874632139508,13.760253080729175,0.8492552597854933,0.5246970644250871,0.05880896454087872,12.911505517225773,-0.07717768592469863,0.013179262466937305,0.9969302442177873,7.783504458295158,63.692013124558244,66.86788496744833,32.544441904267785,19.427685023034346,6.260953271279665,56216.0,138605.15758351944, 0.0, 0.0,0.0,NaN, 96.4990925045471,96.4990925045471,0.0, 172.2505988205907, -9.956380350028889, 8.776410559797913, -9.956380350028889, 183.0899126208255, -2.3902995559079967, 8.776410559797913, -2.3902995559079967, 61.2939697779529, 7.609095337272, 5.5632811979966545, 13.0, 0.0
23, 0 ,1.0,1.0,1.0,41.18611460614816,85.42045295680134,38.1617969150473,13.27524426696618,13.963968003560659,16.18857637897138,61.0,70.0,80.0,0.15248155356167115,0.02520730365669501,0.9879848013333902,16.253869085701307,-0.11436542471206136,-0.9925088586287241,0.04297342404250465,13.973348260424302,0.9816669116629372,-0.11954395587342043,-0.148456448698885,13.18528710600019,79.98135619494094,70.4564331603179,59.79286683801108,24.18709330937087,6.948311677929686,128754.0,336944.8275917409, 0.0, -1.4210854715202004E-14,0.0,88.55557489343614, 102.2216834310666,102.2216834310666,0.0, 176.23211034761843, 2.776610325086285, 13.503952191968711, 2.776610325086285, 194.99240240446585, 1.336922534475919, 13.503952191968711, 1.336922534475919, 262.0700051777901, 6.923774706377503, 5.00643285251619, 23.0, 0.0
24, 0 ,1.0,1.0,1.0,65.85767029436073,42.56685487421505,35.94569272478701,14.914709148282064,13.146480796982129,15.479012060156135,76.0,69.0,73.0,0.41097457802414955,0.24851293966332716,-0.8771209808445835,15.657146047507922,-0.8564510994151031,-0.22444691018136909,-0.46488181166904996,14.996198155960588,0.3123962396197069,-0.9422658347461873,-0.12059720619292327,12.839242158161019,81.83599457921648,84.64825254202654,63.36135312387974,24.22459809146489,6.931606450794903,129467.0,438921.45005547965, 0.0, 0.0,0.0,NaN, 86.26275381616341,86.26275381616341,0.0, 222.44854897784867, 19.742570962231177, -5.041359729972609, 19.742570962231177, 172.82995734541987, -11.238851934310318, -5.041359729972609, -11.238851934310318, 239.5998143584591, 6.559640247294004, 4.9741106416020635, 24.0, 0.0
25, 0 ,1.0,1.0,1.0,29.88501192658742,282.0408658111065,137.40889467147673,14.788264024715566,10.781253297183595,15.45873584042335,64.0,48.0,71.0,0.4830286278178382,0.014714984799679497,0.8754809043781377,15.736824466658572,0.8702353385017932,0.10248980597660527,-0.4818571316205117,14.527668757551096,0.09681838839335104,-0.9946252102642598,-0.036700010567998285,10.733120957259732,85.29508360485526,70.5443799565756,51.2204802702623,22.925132169479397,6.952625713979669,101454.0,308198.17746047274, 0.0, 0.0,0.0,NaN, 141.763354832989,141.763354832989,0.0, 218.69275286469664, 9.490584309661193, 15.815750638095444, 9.490584309661193, 116.23542265803214, -3.0274733111354695, 15.815750638095444, -3.0274733111354695, 238.97251378398943, 7.190796287310014, 5.219915208912224, 26.0, 0.0
26, 0 ,1.0,1.0,1.0,281.3162801112525,105.12110498279357,169.2989793994249,11.09473365884933,12.304932730597068,14.87466619868897,46.0,59.0,72.0,0.12043000614183982,-0.1256213694932197,0.9847415321531452,14.949592990820049,0.3500342450221825,-0.9228779864252283,-0.16053737721623015,12.468334599735794,-0.9289632075235418,-0.3640267760733588,0.06717042034414727,10.807889743404989,70.9688780385944,65.71669739954739,54.20782779375054,21.34842356867104,6.3249498116856975,84852.0,252816.6509101645, 0.0, 0.0,0.0,NaN, 168.76695437115833,168.76695437115833,0.0, 123.09311496080424, -14.09900879676647, 10.479603189761304, -14.09900879676647, 151.41136950451903, -7.470705608689399, 10.479603189761304, -7.470705608689399, 221.2556945224202, 7.0358917507156535, 5.284512328677335, 17.0, 0.0
27, 0 ,1.0,1.0,1.0,35.71258336757594,179.4937019945001,207.50176217719758,13.681966049488283,14.775016175440681,14.647275929556866,69.0,70.0,74.0,-0.18417040759798625,-0.7107637154253279,0.678893365558963,15.478983020720067,0.3776868727153046,-0.6888548793457205,-0.6187338534298304,14.040054631367703,-0.9074325799439455,-0.14245664616428844,-0.39531280882346576,13.539495585616546,75.72953560567848,69.10555740429794,73.99857708518726,23.9633919241534,6.767262194560344,126548.0,387259.1043946334, 0.0, 0.0,0.0,NaN, 156.05473549399304,156.05473549399304,0.0, 187.19619497935003, 3.7755549589401487, -10.26302988661198, 3.7755549589401487, 218.30110298453377, -21.27339504018058, -10.26302988661198, -21.27339504018058, 214.54269215657592, 6.600031188580282, 5.025313786677103, 32.0, 0.0
28, 0 ,1.0,1.0,1.0,124.27878061877814,187.44956008096162,114.72006278656698,13.889313467891673,13.882914822286933,14.855127105967641,70.0,71.0,72.0,-0.29602621403180185,-0.4111849382792375,0.862145827072368,15.088791502788963,-0.6821013687831511,-0.5408516716825392,-0.49215565824478225,14.206556268073644,-0.6686600057653742,0.7337618249612763,0.12036353650233018,13.297566841121977,77.29383582359031,67.95163381956621,65.07241887023663,23.6785425888267,6.756461705334806,121045.0,341776.1193085013, 0.0, 0.0,0.0,NaN, 203.15882861400175,203.15882861400175,NaN, 192.91302860935704, 15.412339171943975, -4.584068063386837, 15.412339171943975, 192.73532396287425, -11.370264419485544, -4.584068063386837, -11.370264419485544, 220.67480133445454, 6.438653036324802, 4.776318648044468, 31.0, 0.0
29, 0 ,1.0,1.0,1.0,33.685217554520605,14.135389416139741,71.20743052215431,16.73757900504505,8.800145672411205,13.82036884793321,72.0,37.0,69.0,0.9989438186127004,-0.0022330544893188354,-0.04589401620171964,16.743243701754928,-0.045885040426005094,0.003917184626729244,-0.9989390465537445,13.813605170758231,0.0024104606571867925,0.9999898345144553,0.0038105835737200075,8.799989342536195,73.48881759995153,68.1254877673954,37.242865154604985,22.321553031792877,7.095067310996621,85243.0,186454.9722015122, 0.0, 0.0,0.0,NaN, 80.03125187830521,80.03125187830521,0.0, 280.1465509501248, -0.4729783770716835, -4.105158391880162, -0.4729783770716835, 77.44256385565764, -0.422849449880852, -4.105158391880162, -0.422849449880852, 191.00259509292275, 7.0542786541988, 5.255391321789105, 21.0, 0.0
30, 0 ,1.0,1.0,1.0,234.93055259721618,273.26370379974253,96.1811429788574,13.410295622751526,13.091742702627512,14.278221024568225,67.0,60.0,67.0,-0.4736767767307654,-0.35629817743556685,0.8054079214547407,14.803635505547163,-0.6422828526741347,-0.4859593212612763,-0.5927193899646407,13.253462657863508,-0.6025803252237238,0.7980571075025727,-0.001343435111401047,12.660784126717132,73.5867728386855,70.08528620430172,69.02215901109585,22.677295391656155,6.390432303633546,107981.0,355971.43420892075, -2.8421709430404007E-14, 0.0,0.0,61.72676999152113, 119.16238829652148,119.16238829652148,NaN, 179.83602868958877, 14.72633625169528, -16.605278787949327, 14.72633625169528, 171.39372699180072, -12.464619204517321, -16.605278787949327, -12.464619204517321, 203.8675956264221, 6.210369575782199, 4.7681568686413245, 23.0, 0.0
31, 0 ,1.0,1.0,1.0,135.17281631778826,25.397383617955498,250.72326981851734,14.926312525838076,13.52887398004268,13.9467685685964,75.0,60.0,70.0,-0.6250975459457232,0.4902244235763934,-0.6073986109482202,15.032786099118795,-0.7798929952540697,-0.42410525592905146,0.4603277613255463,14.861418792551866,0.03193703189511769,-0.7614556759408566,-0.6474297487536265,12.389155090779267,73.26969672395518,66.9507912376415,67.18446687264418,23.591109409506192,6.617941305392306,121389.0,329570.9949847248, 0.0, 0.0,-2.8421709430404007E-14,52.59835764681785, 146.09898529181768,146.09898529181768,0.0, 222.79480561899064, 0.06851268617857079, 3.3380969094987845, 0.06851268617857079, 183.03043116787586, -34.73837077087409, 3.3380969094987845, -34.73837077087409, 194.51235350598847, 7.820649424912746, 5.298756159418459, 21.0, 0.0
32, 0 ,1.0,1.0,1.0,20.54550842748657,250.5540470457492,81.32656047416188,12.075438683840034,13.505627640811108,15.58700429685452,50.0,68.0,81.0,-0.021518814719238458,-0.08269764679309873,0.9963423306414132,15.604080136167266,0.39063490451196,-0.9180482798879026,-0.06776228428702583,13.778891936931581,0.9202941442767153,0.38774792715080747,0.052059898196609236,11.740005128789964,80.66744637668371,73.07406534090771,57.19538996785276,22.945615609752966,6.683683461912608,107980.0,337149.56500365934, 0.0, -2.8421709430404007E-14,0.0,85.25635646466175, 97.37057881442122,97.37057881442122,0.0, 145.8162194071803, -18.471111198211023, -3.6426071325247857, -18.471111198211023, 182.401977972241, -5.469094340870514, -3.6426071325247857, -5.469094340870514, 242.95470295016125, 6.8839487844119365, 5.367442012617654, 22.0, 0.0
33, 0 ,1.0,1.0,1.0,166.25497943189762,11.911012470936377,220.69604734728387,15.162301199530736,7.607072413811059,13.066551168083818,71.0,31.0,66.0,0.9296276833436008,0.01625759149555498,0.3681413601865099,15.520934362437675,-0.3684801646518564,0.030603335187155703,0.9291317474575733,12.644161498738699,-0.0038390909536736365,0.9993993829266584,-0.03444030758374798,7.597595956164314,71.5693319068788,65.4225612844947,32.248217091416365,20.34131970286453,6.687929466455427,61503.0,150994.18231733414, 0.0, 0.0,0.0,NaN, 155.94460443115423,155.94460443115423,0.0, 229.89537766529122, 1.6164984217156126, 27.715893297886165, 1.6164984217156126, 57.867550708965204, 4.000950638695375, 27.715893297886165, 4.000950638695375, 170.73475942815256, 6.916422582305707, 4.934388554375194, 19.0, 0.0
34, 0 ,1.0,1.0,1.0,59.010543425734745,111.9028247594781,158.37121644774416,13.922361886730902,12.867214152012375,14.67860433298343,71.0,66.0,71.0,0.5681193262562465,0.15793571164017595,0.8076488978032843,15.360748936700283,-0.7211993648746001,-0.37714819033679753,0.5810599957234648,13.322349469974968,-0.39637344416424086,0.9125872854222715,0.10036204086699105,12.705163611958854,75.21587602127977,65.94314482362466,64.72679907884378,23.083045509062753,6.483193328118175,113815.0,321043.0726010652, 0.0, 1.4210854715202004E-14,0.0,80.91290219816233, 189.9031299242925,189.9031299242925,0.0, 193.83216050509728, 11.05677292350416, 27.466366825661805, 11.05677292350416, 165.56520003374754, 5.98665952565182, 27.466366825661805, 5.98665952565182, 215.4614251642799, 6.619001618890348, 4.933151262636644, 26.0, 0.0
35, 0 ,1.0,1.0,1.0,144.75131962677958,152.6019406008958,58.3515794637909,13.382994266086943,13.970717408626655,13.900829111132945,67.0,67.0,64.0,0.524854189189196,0.6197082309225601,0.5835150286131302,14.953143159760515,0.018625580370019018,-0.6937240863401426,0.7199999859634818,13.481212959803301,-0.8509883476560834,0.3670267027865482,0.37564641831808193,12.734949438096713,75.63528687943722,67.76362669767076,64.56227982417646,22.918079616008818,6.502319365352612,110069.0,330902.43088210875, 0.0, 0.0,0.0,NaN, 214.6719340627346,214.6719340627346,NaN, 179.10453552611597, 19.723667137229683, 19.072122333108158, 19.723667137229683, 195.18094491170388, 12.43720850218071, 19.072122333108158, 12.43720850218071, 193.2330499769211, 6.1475569855717485, 4.727952550359983, 19.0, 0.0
36, 0 ,1.0,1.0,1.0,27.28794572420322,13.59698117176817,262.0795992426633,12.441076006834876,8.659216016570705,16.95946529392268,50.0,39.0,75.0,0.00754548611736343,0.05237846432951329,0.9985987993752719,16.9768159099749,-0.9964367135067141,-0.0834988372226488,0.011908826911326425,12.463872117616019,0.0840056046653496,-0.99513036364938,0.05156178553794938,8.592174967945086,74.99212139568706,51.88548895207927,40.75958943070996,21.599669459255654,7.130226962470929,76056.0,158595.6801139522, -3.552713678800501E-15, 0.0,0.0,89.56767138864215, 48.65662002677028,48.65662002677028,0.0, 154.78037220784245, 6.867520147500226, 0.6480064240250809, 6.867520147500226, 74.98202202163463, 11.132453402572725, 0.6480064240250809, 11.132453402572725, 287.6234630557679, 6.846467140492668, 5.0708907709056446, 18.0, 0.0
37, 0 ,1.0,1.0,1.0,30.875494131707168,288.20059449023995,206.6576318450648,14.582436244940945,6.919322475366291,15.871372998466244,66.0,29.0,76.0,0.018128205712443335,0.07077165099248911,-0.9973278004615358,15.903808095367236,-0.9992115785556704,-0.03395605424062137,-0.020572011585977046,14.589092098621675,0.03532123211232773,-0.9969144194945747,-0.07010029076873925,6.830243847476158,77.304728055346,66.19482832370598,32.310653354354486,21.439692441280148,7.26392037646867,65266.0,165339.209491588, 0.0, 0.0,0.0,NaN, 99.02181477347453,99.02181477347453,0.0, 212.64744683776738, 5.90333452069515, -0.31331908845357437, 5.90333452069515, 47.8770235181091, -14.443595687119808, -0.31331908845357437, -14.443595687119808, 251.90048085644335, 6.04945143531603, 4.848985396946295, 18.0, 0.0
38, 0 ,1.0,1.0,1.0,52.91119360365506,20.16938892061679,165.18717875499715,14.529399171508574,11.682314254904735,14.819328235022331,78.0,48.0,77.0,-0.6221246466010677,-4.976552129789501E-4,0.7829180521809325,15.303535629122457,-0.7813103342377125,0.0644506502692974,-0.6208061495291575,14.027446141868,0.05015063015406982,0.9979207714138197,0.040485161182783405,11.671544369015031,78.72200080716388,67.28080663107994,50.088768059514386,22.8431430181315,6.736706393017272,105060.0,265294.14392238745, 0.0, 0.0,0.0,NaN, 146.22207572740737,146.22207572740737,0.0, 211.10344028503403, -3.0184332892694394, -18.353546756290463, -3.0184332892694394, 136.4764663503504, -2.4606323350838277, -18.353546756290463, -2.4606323350838277, 219.61248933733006, 6.5293632829255115, 4.831256782431213, 23.0, 0.0
39, 0 ,1.0,1.0,1.0,128.8792075485211,92.98047518441595,209.56509167084437,14.379281727347527,12.632631745050507,14.425213047081451,69.0,64.0,69.0,0.6526115173430147,0.08400205225092837,0.7530218208318271,15.25430270484339,-0.6470545234481636,0.578885409485899,0.4961976686458864,14.394259295151713,0.39423172261566886,0.8110704888614647,-0.4321411933402172,11.599372723864144,72.05808575445792,71.28366221837575,59.27090719503485,23.05977816374215,6.5330337740742825,111704.0,304448.822668124, 0.0, 0.0,0.0,NaN, 182.84882156677233,182.84882156677233,0.0, 206.7637429944305, -21.831702072769758, 24.907816926114364, -21.831702072769758, 159.5833848060578, 27.076295073892403, 24.907816926114364, 27.076295073892403, 208.0867714536889, 6.677608450887092, 4.824917260600375, 27.0, 0.0
40, 0 ,1.0,1.0,1.0,281.0845427429528,254.24755661923345,243.2679878803598,10.919252790952168,14.08474846862042,13.22816316327619,44.0,70.0,70.0,0.1336320940741348,0.976574606974693,-0.1686549745651934,14.159760626236762,0.02875175434473589,-0.17393006937053068,-0.9843381876117896,13.205717632931263,-0.9906138501229739,0.1266900468899856,-0.051320872591486925,10.849180725669681,73.16825213385681,71.13743182359951,48.96576078573665,21.291577054042282,6.266040868288976,84821.0,254866.8606801477, 0.0, 0.0,0.0,NaN, 75.29675821505485,75.29675821505485,0.0, 119.23008151271671, 10.52129509771741, -3.4702932185433113, 10.52129509771741, 198.38013942430527, -3.931505281850033, -3.4702932185433113, -3.931505281850033, 174.9843006742571, 6.540764627616068, 5.029675043493125, 17.0, 0.0
41, 0 ,1.0,1.0,1.0,133.99222451587536,277.823444411678,54.74682984370392,13.276034424415894,12.226936809038094,14.952845900928063,59.0,53.0,74.0,-0.19962217871730575,0.019760290171468124,0.9796736786790259,15.021773147217731,0.9773641496344805,-0.06748305944929703,0.20051273200630482,13.20342966178237,-0.07007356686672672,-0.9975247203050672,0.005841883846189382,12.22106586952552,74.65217560779534,62.14552841678304,53.66298694708732,22.49872340709291,6.568570571940195,101730.0,248958.63634701318, 0.0, 0.0,0.0,NaN, 146.4340507751191,146.4340507751191,0.0, 176.25309003827587, -1.9482812884140557, -10.026759634263533, -1.9482812884140557, 149.49798373221066, 1.1390918197459268, -10.026759634263533, 1.1390918197459268, 223.5876005369012, 6.273744046317492, 4.668437733849282, 20.0, 0.0
42, 0 ,1.0,1.0,1.0,199.8252267182249,175.0426920775215,190.52028725314184,14.455325518309172,12.41596603767384,14.25014782849205,76.0,65.0,67.0,-0.9596582980697512,-0.26959480436897365,-0.07984104460190429,14.613961025234284,0.09240282593987127,-0.0342091521336645,-0.9951338863030551,14.254111189296443,0.2655516309575114,-0.9623660298283343,0.05774041849740155,12.224230813385956,77.04533850135627,67.80678881525571,63.09633469619516,22.87900623346553,6.536852101118691,108615.0,329627.68223913125, 0.0, 0.0,0.0,NaN, 193.9977358332378,193.9977358332378,0.0, 208.95643584028034, 16.423306391452307, -0.028176468016476303, 16.423306391452307, 154.15621264867025, 3.2102327303519727, -0.028176468016476303, 3.2102327303519727, 203.0667131338767, 6.617885578190683, 4.834605017706076, 33.0, 0.0
43, 0 ,1.0,1.0,1.0,104.75984287206006,216.29294415991248,275.0210829894088,13.987689824108712,13.926195332986584,12.172009577525715,73.0,68.0,54.0,-0.8094210199340497,0.5788297131350969,-0.09896350681369548,14.131198650221512,-0.5653831882533574,-0.8137023229135913,-0.13501992492034046,13.828620227805462,-0.15868037978714208,-0.05333566233738074,0.9858883528035222,12.117371312560186,73.44747433089933,68.99633981898697,56.423518112158035,22.294632374687843,6.379778013449527,100555.0,285932.2095822462, 0.0, 0.0,0.0,NaN, 136.40176747761097,136.40176747761097,0.0, 195.65546661547438, -4.339443006138661, 7.623669962818604, -4.339443006138661, 193.9389164524973, 1.8500716859529442, 7.623669962818604, 1.8500716859529442, 148.15781715537773, 5.465579310900817, 4.444130876047004, 26.0, 0.0
44, 0 ,1.0,1.0,1.0,176.4886964988781,279.4787794758901,174.11099233732696,12.60752950664802,11.163804201341668,15.911741350324473,71.0,49.0,75.0,0.18502805733100577,0.006201599110327122,0.9827136704904381,16.020580904896907,-0.9786027194198215,0.09274976211377783,0.1836687212673076,12.479962225017703,0.09000741938553901,0.9956701370415364,-0.023230210055942897,11.151473787724374,77.55014590422957,71.05387742882104,51.0728289364327,22.188889213221678,6.664610475480605,94484.0,281423.4714589187, 0.0, 0.0,0.0,NaN, 177.55056979530633,177.55056979530633,0.0, 158.9498002610005, -2.6976754108605228, 18.413985858095533, -2.6976754108605228, 124.63052424589385, 1.3411163756439106, 18.413985858095533, 1.3411163756439106, 253.18351279962567, 6.7375520624954985, 4.993569871600008, 29.0, 0.0
45, 0 ,1.0,1.0,1.0,240.57043173555059,94.01079592064087,186.56865942212454,13.419709000902225,12.266695773299595,13.716360376498143,65.0,61.0,71.0,0.6289544960202563,-0.32828672340722204,0.7047297845064131,14.10534301523522,0.6600114988739423,-0.25357298702403885,-0.7071672797902057,13.330127016563063,-0.41085406568522287,-0.9099058014356525,-0.057187142118360644,11.918303947559036,64.94624915381502,65.1303966365161,60.206630350630064,21.940489142057885,6.108509887754013,98741.0,254672.53925719712, 0.0, 0.0,0.0,NaN, 158.86022900343943,158.86022900343943,0.0, 180.08858966889622, -17.717413032378758, 8.589544951426735, -17.717413032378758, 150.47182519468618, -6.775373866418067, 8.589544951426735, -6.775373866418067, 188.13854197796826, 6.749556750704124, 4.751879011406999, 19.0, 0.0
46, 0 ,1.0,1.0,1.0,118.85920305038036,169.16278762481832,271.1600128357589,14.201654565027066,12.385918337160135,14.18097042039815,69.0,60.0,63.0,-0.737299921422463,-0.03822943145953971,-0.674483014197326,14.641692738967583,-0.5947861639625638,-0.4366878872385877,0.6749319286400647,14.119703706865959,-0.3203408263539451,0.8988004226241657,0.2992316080588627,11.93535455993414,71.47397155700548,71.51972588713122,59.49312128268946,22.674027424503503,6.487400701071492,105954.0,304116.8691831241, 0.0, 0.0,0.0,NaN, 179.10229242394843,179.10229242394843,NaN, 201.6869923843541, 16.809799212743727, 12.921466593841236, 16.809799212743727, 153.41097305479965, -14.919700071645991, 12.921466593841236, -14.919700071645991, 201.09992206420728, 6.127568024712375, 4.564396187203135, 18.0, 0.0
47, 0 ,1.0,1.0,1.0,91.87922279533277,265.9116931243427,43.02881466272723,12.324510558057096,14.07920563210874,13.75203237756676,61.0,64.0,65.0,0.4577196625477932,0.47938716042056345,-0.7487861249656302,14.630678097716517,-0.2205222187977556,0.8770838833853309,0.4267245159610849,13.913057161648997,-0.8613144962983323,0.03019622376418371,-0.5071740594083398,11.471969537014715,74.79685935348954,68.07162165126715,56.32085282185154,22.30633033133123,6.4547357335539735,99845.0,286760.0726973321, 0.0, 0.0,0.0,NaN, 107.02935643272227,107.02935643272227,0.0, 151.89356049566084, 6.106275801356601, -34.08989457641607, 6.106275801356601, 198.22403123120247, -6.403745216272414, -34.08989457641607, -6.403745216272414, 189.1183945136445, 7.128951233948373, 4.724573423552258, 20.0, 0.0
48, 0 ,1.0,1.0,1.0,278.823909479914,235.51520022140377,48.49743469652779,11.668646126893076,13.552050300137422,13.871642854521612,49.0,61.0,64.0,0.15241601692823142,0.6253551736008319,0.7653105674393936,14.604338821108525,0.06140863964835132,-0.7788539217275837,0.6241919156686528,12.835346518581238,-0.9864067805729403,0.04814016473005751,0.1571120230265366,11.584688714062157,67.551417523841,62.28842951061959,54.71206754798024,21.763624829565575,6.211479657328234,93946.0,230210.41875028904, 0.0, 0.0,0.0,NaN, 83.41892701506355,83.41892701506355,0.0, 136.1573024346568, 6.0768734939506075, 10.395195774004945, 6.0768734939506075, 183.6580673374548, 23.000092215244607, 10.395195774004945, 23.000092215244607, 192.42247548340052, 6.38528573404983, 4.601141715833148, 14.0, 0.0
49, 0 ,1.0,1.0,1.0,50.8651475055522,187.03857182971555,47.85201793721973,15.780963226773748,11.59524947035764,14.91752311352467,75.0,60.0,72.0,-0.9812895658696454,-0.1897763707768563,0.032491799121128616,15.926223670743623,-0.013087380149492003,-0.10262054223391234,-0.9946344779829627,14.946961673795942,0.19209244752510515,-0.9764496676257214,0.09821679183027582,11.356268876645968,74.54568338124346,71.08541382449224,59.84209267065964,23.637204718758653,6.8777655943575535,117521.0,317109.8766923911, 0.0, 0.0,0.0,NaN, 132.80573446088806,132.80573446088806,0.0, 249.03880036478532, 23.345404534996536, -2.745843038528826, 23.345404534996536, 134.4498102798291, 8.871383009765474, -2.745843038528826, 8.871383009765474, 222.53249584254277, 6.721690133370083, 4.7433491810366935, 28.0, 0.0
