// Sample: .//bubblelabels.tif, Map: .//bubblelabels.tif, Thickness:(8.191250068658265):/gpfs/home/mader/Foam/NewValid/InSilicoTest/LatticeData_Phi_6.65/out_Step_03000.vtk/distmap.tif, Neighbors:(1.0):
//LACUNA_NUMBER, TRIANGLES, SCALE_X, SCALE_Y, SCALE_Z, POS_X, POS_Y, POS_Z , STD_X, STD_Y, STD_Z,PROJ_X, PROJ_Y, PROJ_Z, PCA1_X, PCA1_Y, PCA1_Z, PCA1_S, PCA2_X, PCA2_Y, PCA2_Z, PCA2_S, PCA3_X, PCA3_Y, PCA3_Z, PCA3_S,PROJ_PCA1, PROJ_PCA2, PROJ_PCA3,OBJ_RADIUS, OBJ_RADIUS_STD, VOLUME, VOLUME_BOX, Mask_Grad_X,Mask_Grad_Y,Mask_Grad_Z,Mask_Angle, Mask_Distance_Mean,Mask_Distance_COV, Mask_Distance_STD, SHAPET_XX, SHAPET_XY, SHAPET_XZ, SHAPET_YX, SHAPET_YY, SHAPET_YZ, SHAPET_ZX, SHAPET_ZY, SHAPET_ZZ, Thickness, Thickness_STD, Neighbors, Neighbors_STD
1, 0 ,1.0,1.0,1.0,153.72701014685748,181.36273608792692,183.9843389538046,13.599541657532535,11.583579660112841,9.436232315727684,59.0,54.0,41.0,-0.9584459689748558,-0.25734066936828043,-0.12311419270309586,13.867289712094943,0.18230930034292706,-0.8844737227629819,0.42949918829988937,11.860968853167142,-0.21941887695529294,0.38920690337001573,0.8946358716286762,8.670929895838785,60.69633204875947,65.88097826302771,46.50428934922334,19.230137665006378,6.194444021732808,53317.0,185958.27051969653, 0.0, 0.0,0.0,NaN, 52.393115910622384,52.393115910622384,NaN, 184.94753329496277, 18.325161276136644, 18.948141370906775, 18.325161276136644, 134.1793177421799, -21.17073570093214, 18.948141370906775, -21.17073570093214, 89.04248031638346, 9.931951999783925, 6.473698437147943, 13.0, 0.0
2, 0 ,1.0,1.0,1.0,184.52662633628904,35.906356178006135,15.846772188613574,9.278604409573573,16.0975247892608,10.161291780506934,43.0,72.0,47.0,0.049154643417449066,-0.9987631199313767,0.007486741310224534,16.110531920261288,0.4759166230227888,0.0300113147535919,0.8789782073051334,10.514983247080838,0.8781157036297031,0.039642795709984885,-0.476803166712647,8.852149080233202,72.10658155892693,61.41625475627809,43.3258770855399,20.045811410794805,6.829355728154059,60335.0,191869.34779983913, 0.0, 0.0,-1.7763568394002505E-15,89.5710373132352, 42.1878169062643,42.1878169062643,0.0, 86.09249978935816, -8.435279045329676, 13.538404913880777, -8.435279045329676, 259.13030434086596, -0.5053076511865257, 13.538404913880777, -0.5053076511865257, 103.25185064859778, 8.446438490462755, 5.894583313879726, 13.0, 0.0
3, 0 ,1.0,1.0,1.0,170.91497244538874,186.96763827103115,78.92965938516699,16.265530623661096,7.602836472550993,15.644444411261473,64.0,32.0,64.0,-0.8684155518771899,-0.02038516983071495,0.49541787826925343,16.56631486141453,0.49454674333077997,0.0364261643877517,0.8683873866016918,15.336209241855324,0.03574839742919306,-0.9991284098648029,0.02155162829753369,7.581368467312904,73.58606808976985,78.86061305844915,33.02506120705232,22.667558783645426,7.300755346169452,75305.0,191645.83183813642, 0.0, 0.0,0.0,NaN, 85.12151555714728,85.12151555714728,0.0, 264.5674864692569, 7.042464482430441, -17.02058815426321, 7.042464482430441, 57.80312242835162, 3.430536882300672, -17.02058815426321, 3.430536882300672, 244.74864093705034, 8.397808959601877, 5.576371529359813, 12.0, 0.0
4, 0 ,1.0,1.0,1.0,55.97607197734762,80.56394174550866,32.67035186563198,13.645586216636474,13.59573234760787,13.63404653485485,67.0,68.0,66.0,-0.16113769077318746,0.704424869826121,0.6912454320881526,14.663080422435192,-0.9642954742510561,0.03677309441185298,-0.2622631843517266,13.670312669051697,0.21016394303308872,0.7088253256605811,-0.6733481824071076,12.451899864422307,75.66581513762628,68.5529556144288,71.86096291589882,22.67298260103328,6.547445773069513,103477.0,372751.09781789436, 7.105427357601002E-15, 0.0,0.0,80.72706197913891, 103.39836185651644,103.39836185651644,0.0, 186.2020231956593, -7.9341948475323525, 1.3709306533749306, -7.9341948475323525, 184.84393806779102, 28.887507531924438, 1.3709306533749306, 28.887507531924438, 185.88722491458753, 8.515896704071139, 5.420056395337342, 24.0, 0.0
5, 0 ,1.0,1.0,1.0,13.482324447438488,106.57891444519295,138.47977416353896,7.972655024443868,15.343619362232886,12.22627150315939,32.0,76.0,60.0,0.002214573927058023,0.9994099045391412,-0.034277374044494546,15.346943881083032,0.002327602508592558,-0.034282516876424765,-0.999409471289511,12.222151686216826,-0.9999948389511237,0.002133482055758692,-0.002402150168946011,7.972572973064633,75.89439752745537,59.98488517919556,32.13909610483587,20.121461006137736,6.602908837728465,62346.0,146313.77242886717, 0.0, 0.0,0.0,NaN, 112.66769938946008,112.66769938946008,0.0, 63.56322813879005, 0.3737603650370889, -0.21268868687293502, 0.3737603650370889, 235.42665513308793, -2.950734431793578, -0.21268868687293502, -2.950734431793578, 149.48171486896737, 9.213972371086514, 5.450167425085347, 16.0, 0.0
6, 0 ,1.0,1.0,1.0,51.73034415336946,186.02886447614787,121.15201073718745,14.586995172905889,8.205266754551317,12.038359382671345,65.0,33.0,54.0,-0.9628885454882329,0.022127679850674244,0.26899073358014014,14.785016206937504,0.26909642351323076,0.0018901921908269503,0.9631113860950196,11.797465027414365,-0.020802976228031598,-0.9997533660648055,0.0077745239177808,8.200734235518569,65.3040306837448,57.39561389596814,34.032009891540156,19.68770274551294,6.117457635194053,60351.0,127557.58600605399, 0.0, 0.0,0.0,NaN, 95.33219049639261,95.33219049639261,0.0, 212.78042817437972, -3.1880376384015285, -20.557889301967215, -3.1880376384015285, 67.3264025133451, 1.0317674486888244, -20.557889301967215, 1.0317674486888244, 144.92209662635122, 9.547429414802837, 5.424305541015003, 11.0, 0.0
7, 0 ,1.0,1.0,1.0,56.64145456725725,149.64869442695687,11.89625865635399,12.9668783654815,16.979597580276685,8.259405575964132,59.0,87.0,32.0,-0.25115664648424585,0.9653197160020095,-0.07126138382453084,17.25444467456182,0.9574264847377426,0.25857753880339635,0.12834400160937448,12.707957460999232,-0.14231958842519424,0.03599308717208849,0.9891661298418513,8.090513280597017,93.89777948978964,58.08065890495266,36.74046302559215,21.359567868822484,8.272442774585121,66714.0,200369.4388942363, 7.105427357601002E-15, 0.0,0.0,75.45403288388951, 76.71394474555137,76.71394474555137,0.0, 168.1399345451922, -32.535003587060906, 15.957797569625425, -32.535003587060906, 288.30673398813786, -12.790004884597575, 15.957797569625425, -12.790004884597575, 68.2177804682674, 8.37261176180878, 5.310070198623383, 18.0, 0.0
8, 0 ,1.0,1.0,1.0,25.46532553319257,50.37039691610329,48.855442341591925,14.154592603504506,13.267585213541775,14.282170397694905,64.0,66.0,81.0,0.6480099479354405,0.21877944636242203,0.7295331803462127,16.480253858385304,-0.4884770672976034,0.8542912585483224,0.17769805933733757,13.637507738322833,-0.5843571357492269,-0.47151033861122854,0.6604579763177095,11.080673079237139,88.44064347186544,66.7244065000716,60.63287268525319,22.998032845957912,7.1730178903244095,103246.0,357803.6430647411, 0.0, 0.0,0.0,NaN, 74.64927284568732,74.64927284568732,0.0, 200.35249177118448, -5.275555266454452, 64.86679371193841, -5.275555266454452, 176.02881739859234, 33.346465470553895, 64.86679371193841, 33.346465470553895, 203.98039126879266, 8.035745618820982, 5.119984132732441, 20.0, 0.0
9, 0 ,1.0,1.0,1.0,88.40335224463853,180.47502295251772,84.90680100755668,14.62646800478125,12.40051941974011,12.449989437429911,69.0,57.0,60.0,-0.9627919355763734,-0.07672074869124812,-0.25912471034109247,14.824161594284586,0.11918238428117611,0.7400269783656279,-0.6619332523510911,13.046201515368114,0.2425432911175957,-0.6681870980580913,-0.7033482451265177,11.52169884232798,70.195035176771,67.07499962292016,62.34123687545494,21.783559110947465,6.941558731741662,84958.0,293523.2378827494, 0.0, 0.0,0.0,NaN, 124.11906490999348,124.11906490999348,0.0, 213.9335662948896, 9.730171537266767, 18.751827291991926, 9.730171537266767, 153.77288187935162, -16.616996260057796, 18.751827291991926, -16.616996260057796, 155.00223699211637, 8.345347021186642, 5.110197757470677, 20.0, 0.0
10, 0 ,1.0,1.0,1.0,186.5215936677615,20.296782880107713,111.03674085558661,8.290776643826126,11.018533226994785,13.384438961048481,33.0,44.0,66.0,0.024112959298275338,-0.3501987302966615,0.9363650006768117,13.730656433359485,0.0771729885861565,-0.9331903396488394,-0.35099874617833654,10.599619374429757,-0.9967260882642537,-0.08072570399005194,-0.004523901938574547,8.270755779279815,74.30333725093475,56.07647416009754,34.61052473710862,18.299230211095427,5.867404180348059,49019.0,144210.6064267397, 0.0, 0.0,0.0,NaN, 92.23929916329165,92.23929916329165,NaN, 68.73697735781279, -4.179280374519927, 1.5218509109602885, -4.179280374519927, 121.40807447438813, -24.996195474551897, 1.5218509109602885, -24.996195474551897, 179.14320630203252, 8.815932665005407, 5.380817720705328, 10.0, 0.0
11, 0 ,1.0,1.0,1.0,77.17497256438395,100.44931846852853,160.28948421041835,11.905203014322916,14.650217878251935,13.588999188545518,59.0,80.0,76.0,0.16633592823518828,0.8423675943380011,0.5125906700158979,15.315864274875478,0.03432864950999452,-0.5244641292453529,0.8507402194311342,12.937937637360855,-0.9854714114579675,0.12391211863301645,0.11615456966869203,11.792273438321436,73.22719648036735,69.08417855961693,62.11554995644475,22.29150734477216,6.641712274464727,97501.0,314232.67328284914, 0.0, 1.4210854715202004E-14,0.0,32.6090172619002, 132.072857347634,132.072857347634,0.0, 141.73385881224345, 12.873494906997031, 8.971522336901504, 12.873494906997031, 214.62888388025263, 28.6022090668395, 8.971522336901504, 28.6022090668395, 184.66089894629076, 7.548147134126841, 4.84758164244515, 30.0, 0.0
12, 0 ,1.0,1.0,1.0,22.822305339055422,178.34751964716185,48.23398229323186,14.249154279836523,12.69602091985259,13.681990559778017,58.0,51.0,81.0,-0.7317634308249158,0.16498510641230768,-0.6612882850689769,14.85778331028269,-0.5918223744782659,-0.6350399756194477,0.4964579603875425,14.119258168900265,0.3380363270038533,-0.7546549834377102,-0.562340908700739,11.459364486323011,77.34073566810198,72.67052967318794,66.61474851320887,22.391065449114635,7.075620016595898,92507.0,374401.0147015672, 0.0, 0.0,0.0,NaN, 57.58649645778882,57.58649645778882,0.0, 203.0383976905835, 14.772487789681064, 23.288888418564444, 14.772487789681064, 161.18894719733458, -31.207671449329116, 23.288888418564444, -31.207671449329116, 187.1968656778548, 7.566468306385547, 4.76687749128802, 13.0, 0.0
13, 0 ,1.0,1.0,1.0,173.2134388738191,59.298732578804604,110.11849920493873,12.09971696790437,12.506269769200902,13.409406347461282,54.0,60.0,65.0,-0.32825768526882937,0.04283983319139094,0.9436162571480442,13.569862429718622,0.4097457776246282,-0.8936326103019067,0.1831096816768276,12.692417287614722,0.8510906472172859,0.44674993732191426,0.27578833137412967,11.721070338084582,70.18409634421445,63.00734633345681,63.81509090256185,21.120812428113283,6.044286162250839,85528.0,282197.5855428304, 0.0, -7.105427357601002E-15,0.0,87.54470695890808, 110.96190214479837,110.96190214479837,0.0, 146.40315070339295, -9.340687999556895, -12.703935588183555, -9.340687999556895, 156.40678354002839, -1.9902330778948079, -12.703935588183555, -1.9902330778948079, 179.8121785913349, 7.2252391882835925, 4.599347732986433, 19.0, 0.0
14, 0 ,1.0,1.0,1.0,167.43120418190665,187.25665981193978,25.216708789225,15.452917235560548,7.342694515010437,14.382506580444693,74.0,31.0,51.0,0.7848124150103979,0.0330709345935823,0.618850374913561,17.075761245642767,-0.6191394205004312,-0.0018690659162484738,0.7852788578428632,12.422885889815609,-0.027126577888452727,0.9994512593807205,-0.019008653144133608,7.324929584426629,88.2770007255241,60.94503700515574,32.4264437624235,21.08274949191828,7.42172373693627,63703.0,174455.72909366313, 0.0, 0.0,0.0,NaN, 43.11614062447918,43.11614062447918,NaN, 238.79265108908425, 6.291772940455396, 66.60958237867561, 6.291772940455396, 53.91516274076435, 4.721642800122005, 66.60958237867561, 4.721642800122005, 206.85649553653488, 8.542028498872659, 5.032888476481345, 11.0, 0.0
15, 0 ,1.0,1.0,1.0,164.5087329247286,10.430336898609943,80.22292993630573,13.033795148633535,7.033457124556552,13.934969220619838,68.0,29.0,66.0,-0.5577815227266826,-0.03757920551383542,0.8291366450818902,14.64964107672865,-0.8299053495113404,0.011170247069904077,-0.5577923775320499,12.23508468415711,-0.011699733209051827,0.9992312189345097,0.03741774110620243,7.015940519536167,75.02032794288998,57.35603796479319,30.207746696833553,19.199445453355576,6.701790549005445,49926.0,129979.97010416852, 0.0, 0.0,0.0,NaN, 88.34104625819283,88.34104625819283,0.0, 169.87981597654306, 2.5352896909867435, -29.977570753760233, 2.5352896909867435, 49.46951912297532, -5.779246278122176, -29.977570753760233, -5.779246278122176, 194.18336717962225, 7.567396845601549, 5.0308869458276355, 14.0, 0.0
16, 0 ,1.0,1.0,1.0,189.71313276026743,24.431518624641832,175.88779847182425,6.301334694699647,13.13196337809757,12.819312009124145,27.0,55.0,54.0,-0.022936033893704848,0.7997040690967038,0.5999561152446082,13.530089340247436,0.01038023362861423,-0.5998911408127693,0.8000142935749146,12.401921998594458,-0.9996830443190693,-0.02457683959603743,-0.005458008467237706,6.294366899958838,74.71910188115596,61.878525817375476,27.7095337444064,18.382361309528942,6.211186212916368,41880.0,128115.2474744162, 0.0, 0.0,0.0,NaN, 35.83457830712488,35.83457830712488,0.0, 39.70681893462549, -3.3421140220523626, -1.0256205625476962, -3.3421140220523626, 172.44846216369572, 14.021172541002718, -1.0256205625476962, 14.021172541002718, 164.33476038727454, 7.910376146111954, 4.933046821670577, 10.0, 0.0
17, 0 ,1.0,1.0,1.0,188.52558170574366,176.3689771766695,136.471904613605,6.751345201747266,12.770299292233933,13.28244998777631,28.0,53.0,62.0,-0.04517893948967609,0.6047326670750632,0.7951460650716118,13.989071751990034,-0.040682102970775014,-0.7964122764387283,0.603384166543635,12.011718904661588,-0.998150204089777,0.0050879573467461905,-0.06058285867779965,6.716335622736174,69.45046889912447,66.2578532459028,29.689844744129715,18.595053230721383,6.269663393739812,44954.0,136621.9467712408, 2.8421709430404007E-14, 0.0,0.0,87.4105560329204, 68.74522833107206,68.74522833107206,0.0, 45.580662033155825, -0.9010060006488946, -7.843966950786349, -0.9010060006488946, 163.08054401323048, 24.75242510508821, -7.843966950786349, 24.75242510508821, 176.42347767777892, 7.6681779720823595, 4.93435508100394, 10.0, 0.0
18, 0 ,1.0,1.0,1.0,19.17433298269102,11.555895572343884,19.248565554174238,12.564907281629244,7.6730090138713045,11.959496873067973,57.0,33.0,47.0,-0.8464196222004754,0.16049707043335465,0.5077543830793737,13.241687005358594,-0.4638889991183771,0.24599608462166708,-0.8510540070099901,11.567643092839734,0.2614972650926868,0.955890483650256,0.1337630876435071,7.115397832068635,72.59186568145772,57.468368043821066,33.35190386639069,17.93003619524016,6.188322051834537,41828.0,139135.33982795133, 0.0, 0.0,0.0,NaN, 29.524583717698253,29.524583717698253,0.0, 157.8768949959396, -26.434292591410728, -20.75888256720416, -26.434292591410728, 58.87506732695029, -7.251258636933618, -20.75888256720416, -7.251258636933618, 143.02956545692263, 8.015460513822148, 4.594230664620605, 3.0, 0.0
19, 0 ,1.0,1.0,1.0,22.402069953970397,39.456850693200295,145.0704638791654,13.98362343756938,13.118581385937038,11.133545122373594,58.0,64.0,60.0,0.8508935415404548,0.3588657443331626,0.38366073360320385,14.451695928754926,-0.46026233783150955,0.8613249684697755,0.2151229394193332,13.317084299630148,0.25325631549601363,0.35963130597147186,-0.8980682392928935,10.266376164668568,73.66857516163874,63.026787502184206,50.943195305143036,21.16914119678757,6.5925859877324395,72562.0,236534.0257303906, 0.0, 0.0,0.0,NaN, 71.24569982320446,71.24569982320446,0.0, 195.54172444373967, 3.0680160555921616, 26.64908927986127, 3.0680160555921616, 172.09717757945373, 27.57466886808081, 26.64908927986127, 27.57466886808081, 123.95582699192886, 7.724274545706724, 4.793372437845978, 17.0, 0.0
20, 0 ,1.0,1.0,1.0,121.85467487932912,78.94388194568592,179.59883635890853,11.468644477837712,11.191624625436514,11.602551220463688,55.0,55.0,47.0,-0.34199641293660293,0.6633874706310527,-0.6655490345182908,12.527636355628195,-0.8484023963254927,0.08655236039765576,0.5222279797356281,11.600801864822712,-0.4040443384675223,-0.7432534915621497,-0.5332189229884987,9.994057543033582,60.343708005416914,60.71172187162777,49.97816150047257,19.009562575467072,5.480692787297564,61531.0,183098.51397555636, 0.0, 0.0,0.0,NaN, 112.93819465876167,112.93819465876167,0.0, 131.52980615903743, -15.49353671550391, -2.385175038251285, -15.49353671550391, 125.252461756677, -23.624843055580115, -2.385175038251285, -23.624843055580115, 134.6191948234834, 7.758006669895883, 4.817572624605767, 16.0, 0.0
21, 0 ,1.0,1.0,1.0,170.72338366240805,93.32091237579043,9.372209317331269,13.071212790112723,19.284486871102782,6.512918907477792,58.0,95.0,26.0,0.22470320612130779,0.9739630003134927,-0.030075624335099027,19.582558975965462,-0.9741944472556323,0.22521713542607955,0.014913780431658228,12.633541323126298,-0.021299016294136386,-0.025948331946617026,-0.9994363591415366,6.487154073337461,97.62033368612612,65.96239762872202,27.44925894142736,22.538989473880964,8.784082415243812,61992.0,176753.22440891457, 0.0, 0.0,0.0,NaN, 98.25350506885941,98.25350506885941,0.0, 170.85660380440643, 48.92963616950688, -4.014652771751261, 48.92963616950688, 371.8914338817355, -9.605541556313531, -4.014652771751261, -9.605541556313531, 42.41811269538171, 7.188611055435516, 4.787952258362164, 13.0, 0.0
22, 0 ,1.0,1.0,1.0,15.597258911111874,101.35050945143915,22.32639198600295,9.781494760365169,11.86504100639604,12.643949293062104,39.0,52.0,54.0,0.034620787599498284,0.4001293429693781,-0.9158045151454997,12.797042451845822,-0.3563179593239735,-0.8511921118103163,-0.3853693042460599,12.000729439460205,0.9337231457606634,-0.33965938480599434,-0.113104329643138,9.40980812570402,56.966843785784725,65.67481667232326,46.00676371737207,19.04110189888491,5.810570542753531,58298.0,172124.50802151012, 0.0, -1.4210854715202004E-14,0.0,66.41373542021488, 102.3399445482726,102.3399445482726,0.0, 95.67763974705126, 17.866695451136597, 5.232312556852148, 17.866695451136597, 140.77919808345956, -9.367122265634805, 5.232312556852148, -9.367122265634805, 159.86945372552566, 7.809766283022171, 4.8666079774044055, 10.0, 0.0
23, 0 ,1.0,1.0,1.0,81.79116618147124,22.452907502996794,41.0467255424811,12.647885176580733,11.830315781031048,13.474044959490277,66.0,49.0,67.0,-0.642637320703401,0.2527511868787585,0.7232801058860483,14.678518395945618,-0.38589444254252625,0.7087601531851537,-0.5905459545808018,12.550886340076014,0.6618933095703167,0.6586166432670345,0.35794044750169884,10.41593050416657,67.79601365547362,61.72933005511701,62.08300481472517,21.044876270217188,6.211959534680194,81754.0,259817.5305657327, -1.4210854715202004E-14, 0.0,0.0,50.011239838521725, 94.22718078358784,94.22718078358784,0.0, 159.96899943997064, -30.7853011498074, -38.545040668508165, -30.7853011498074, 139.95637147891227, -0.9684065203103446, -38.545040668508165, -0.9684065203103446, 181.5498875703653, 6.779312545351939, 4.459440149579004, 19.0, 0.0
24, 0 ,1.0,1.0,1.0,152.61840650022856,85.73426924041114,71.93308067774616,10.574475900720149,12.550910896660614,12.02797598167887,47.0,60.0,61.0,-0.2906733931804433,0.8091818855118883,0.510620852155875,13.109877455120385,0.01573811975106662,-0.5295476343828879,0.8481341960481182,11.656696059911908,-0.9566928922510445,-0.25456625675629474,-0.14119040632217092,10.308717728467956,61.83527001864237,53.17460597396931,48.85610811026595,19.56332000543002,5.594070207982048,67813.0,160642.11376086343, 0.0, 0.0,0.0,NaN, 121.53085378024804,121.53085378024804,0.0, 111.81954057491119, -15.676202422336146, -9.341271899222308, -15.676202422336146, 157.52536433591413, 13.80645471831338, -9.341271899222308, 13.80645471831338, 144.67220621584374, 6.878903822204366, 4.3551383959688925, 17.0, 0.0
25, 0 ,1.0,1.0,1.0,136.24667928882053,115.94370322160755,120.49517794278614,9.792667036380884,12.586931532552875,13.737142279631833,50.0,64.0,70.0,0.07705673815803075,0.5150594796017325,0.8536837772716764,14.277734113742989,-0.3287031708729845,-0.7952353619254177,0.5094653517182456,12.275658149114024,-0.9412844865196125,0.31986630271996874,-0.10802344107538508,9.406953634667993,66.04412703478343,61.29000646273872,45.7442910004648,20.147683475381037,6.0915598722664255,67606.0,185165.79835997426, 0.0, 0.0,0.0,NaN, 132.1020955933286,132.1020955933286,0.0, 95.89632768542077, 20.83773424508524, -2.8275461135379083, 20.83773424508524, 158.43084540517384, 25.524415691658152, -2.8275461135379083, 25.524415691658152, 188.70907801084846, 7.121890861335719, 4.5504205506743105, 24.0, 0.0
26, 0 ,1.0,1.0,1.0,118.88180896494517,56.562920519831636,14.402255061599435,14.692934027443927,11.83623986115029,9.396264519509682,71.0,59.0,40.0,-0.9163595039930785,0.35270410596146284,0.18943355848287524,15.28921450856941,0.3739967864320051,0.9229883352842737,0.09065835134006356,11.314658204596471,-0.14286939203374796,0.15392318398178564,-0.9776993353034549,9.082240953102254,76.15697541175666,53.15581441592589,45.2521871728801,20.068317887196216,6.444477363179476,65098.0,183189.27291156232, 0.0, 0.0,0.0,NaN, 99.93472792473999,99.93472792473999,0.0, 215.88231033481964, -33.17376708225178, -24.71547589105766, -33.17376708225178, 140.09657405068302, 13.91731486785608, -24.71547589105766, 13.91731486785608, 88.2897869205965, 7.145574028765139, 4.647637505106908, 16.0, 0.0
27, 0 ,1.0,1.0,1.0,150.81536413178102,151.37829762199652,54.97326294277929,10.079571049843862,14.491990656501287,10.827878512260485,47.0,65.0,50.0,-0.024000416379929924,-0.9712418872122652,0.23688219970683008,14.690585049067476,0.5428995452958244,-0.21162886230221978,-0.812695089414385,10.894477621980007,-0.839454622794572,-0.10909821797364296,-0.5323659597530617,9.713679378769676,67.86836666293385,57.217101363375235,52.41295503473202,19.8081467034374,6.0411772849614715,64592.0,203531.62304657683, 0.0, 0.0,0.0,NaN, 88.34737113350002,88.34737113350002,0.0, 101.59775254885048, 0.03538483774973851, -11.42700127174289, 0.03538483774973851, 210.01779318812058, -23.758556477687883, -11.42700127174289, -23.758556477687883, 117.24295307627233, 6.665274659047125, 4.532009442413443, 20.0, 0.0
28, 0 ,1.0,1.0,1.0,10.671388635863932,83.58852906995006,105.56965166315922,7.042969511535881,11.425910266197542,10.67902672908073,28.0,55.0,47.0,-0.04441449612262671,-0.7664550516698473,0.6407604905921908,12.991091032566896,0.051577199581123695,-0.6422972947300738,-0.7647182341658909,8.725345543646004,-0.9976808833577709,9.159433392907356E-4,-0.06805891587629867,7.021136358138888,64.53723051644565,44.289971288055966,29.718335696890712,16.239144881366734,5.521469945043796,31837.0,84945.46684901214, 0.0, 0.0,0.0,NaN, 126.56228274850537,126.56228274850537,0.0, 49.60341954042396, 3.1780378531211464, -4.4585012501186565, 3.1780378531211464, 130.55142541119838, -45.49356293660254, -4.4585012501186565, -45.49356293660254, 114.04161188042069, 8.596186417152891, 4.67369325292679, 10.0, 0.0
29, 0 ,1.0,1.0,1.0,57.027974657910725,69.71929875314606,93.59247258946394,14.237072889728418,10.33211110625993,11.08530811168665,64.0,47.0,53.0,-0.989629079091999,-0.056071299590233055,-0.13225087968623864,14.288229494124256,0.14071797199376135,-0.563373073357597,-0.814130967703341,11.624626709951055,-0.028857203147301703,-0.824297755412374,0.5654206153375003,9.646002907323622,63.412440641983935,58.654122489134835,53.25136651856076,19.943673134965714,5.880537577144877,69134.0,198063.18911551754, 0.0, 0.0,0.0,NaN, 129.89427022630096,129.89427022630096,0.0, 202.69424446743992, 2.8288812481762373, 9.720197847831466, 2.8288812481762373, 106.7525199120998, 20.127325528265974, 9.720197847831466, 20.127325528265974, 122.88405593102587, 7.463963734221013, 4.566682402693755, 16.0, 0.0
30, 0 ,1.0,1.0,1.0,97.24087046913134,187.09850402241707,138.9315737141824,10.989505032708056,7.715586338826925,12.58352264469919,54.0,32.0,59.0,0.0729850197307789,-0.10466236068939921,0.9918260821080577,12.633492329509536,0.9953934543715517,-0.05434732260333998,-0.07898252667595716,10.991104156386859,0.06216958974585249,0.9930217312731735,0.10021368833678262,7.631188410014842,58.654078546023456,53.598358397169974,34.717224737382054,17.57954822653586,5.440957610232902,44252.0,109142.70310119523, 0.0, 0.0,0.0,NaN, 115.54907259290447,115.54907259290447,0.0, 120.76922086391569, -4.159155617258956, 2.4189043609448193, -4.159155617258956, 59.53027255189267, -10.254332681463255, 2.4189043609448193, -10.254332681463255, 158.3450421496573, 7.277714181329419, 4.743747801070334, 11.0, 0.0
31, 0 ,1.0,1.0,1.0,46.626684143144544,121.51658233250015,144.80619398890448,11.082475004769167,10.735213895745806,13.401509719517707,52.0,55.0,62.0,0.1932426096022526,0.3693922411980491,0.9089591112788266,13.86947907977568,-0.8401025688363197,-0.41627143683087303,0.34777257613759305,11.34351065186288,-0.506838206599235,0.8308233645134471,-0.22988599198260923,9.829997381882306,63.1436882763511,56.2832324752709,50.45995520438797,19.595282349990896,5.804432961557415,65612.0,179331.19333752393, 0.0, 0.0,0.0,NaN, 106.67732066820125,106.67732066820125,0.0, 122.82125223133335, 18.040650607392777, 7.452751258370846, 18.040650607392777, 115.24481738741385, 27.50446352710002, 7.452751258370846, 27.50446352710002, 179.60046276232754, 7.008547682933078, 4.433795752307539, 16.0, 0.0
32, 0 ,1.0,1.0,1.0,18.01165298323938,140.00739661760812,24.096345200711287,9.98547128699864,10.307333332404845,12.072262271891823,39.0,45.0,52.0,0.033733849145217716,-0.3167021039008829,0.9479249995683215,12.267762544543814,0.6737908796172891,-0.6933028752955676,-0.2556109810854366,10.534531014525076,-0.7381516632551931,-0.6473259615461551,-0.19000321455685565,9.498206781536087,58.780065632985284,56.229940426085946,51.735280899347174,18.02730789715878,5.167827743950667,52862.0,170995.42915415656, 0.0, 0.0,0.0,NaN, 67.11308334309679,67.11308334309679,0.0, 99.70963682347427, -10.34207098324782, -1.6478821959751522, -10.34207098324782, 106.24112042530395, -14.418195886903375, -1.6478821959751522, -14.418195886903375, 145.7395163613427, 7.61917862126577, 4.674503410783209, 9.0, 0.0
33, 0 ,1.0,1.0,1.0,113.02217594086416,71.49068669150216,65.52723592737087,10.034382877026369,11.897615242282837,13.255314644570213,48.0,58.0,60.0,-0.06352546437843547,-0.2748833588738446,0.9593767009833715,13.383477910492584,0.027734046019916372,-0.9614333294909666,-0.27363621038758473,11.76802331514103,-0.9975947764833522,-0.00922453023988183,-0.06869912644993544,10.01706547729287,60.22145655079447,60.82725512755218,47.25703260291159,19.643321462927883,5.664395502334562,68182.0,173107.515027767, 0.0, 0.0,0.0,NaN, 130.26848740184957,130.26848740184957,0.0, 100.68883972275998, 0.3584829093081566, -5.0904664093482985, 0.3584829093081566, 141.5532484534009, -10.739274371329, -5.0904664093482985, -10.739274371329, 175.70336632655756, 7.388848600105015, 4.500900466364226, 18.0, 0.0
34, 0 ,1.0,1.0,1.0,50.283148576441505,151.0586809155435,187.35755642395725,16.057754020264028,14.00536344285534,6.803696702616206,75.0,63.0,29.0,-0.9168466198725327,0.3886518017515172,0.09133483795141288,16.512423450644533,0.39377122848319196,0.9180413562307668,0.046306456016548696,13.547965903991027,0.06585207094047336,-0.07842094902048992,0.9947430117912748,6.639612173453061,72.07151636693808,61.72767856666863,31.03978807806186,21.20800857477842,7.107202716616929,62695.0,138090.03877539193, 0.0, 0.0,0.0,NaN, 71.29852119125965,71.29852119125965,0.0, 257.8514641753056, -31.033698119670206, -16.597947868858252, -31.033698119670206, 196.1502051664688, 14.042595899453822, -16.597947868858252, 14.042595899453822, 46.29028882119063, 8.819496190969106, 5.3202607033275, 13.0, 0.0
35, 0 ,1.0,1.0,1.0,188.63495227105844,10.26444980593727,46.796811077310394,7.066346013144028,6.7377196319366846,10.481802641762753,31.0,29.0,49.0,-0.07216556130921312,0.04590070444655804,0.9963359157895674,10.505117546157592,0.8278777708219194,0.5598667038462565,0.034171194056662905,7.296041483292306,-0.5562468232177653,0.8273103403533874,-0.07840326781777633,6.450471490706384,49.09586410036815,41.10663873025567,30.86539954329639,13.573711664713196,4.577406479673861,19066.0,62291.498352028575, 0.0, 0.0,0.0,NaN, 49.238854238347244,49.238854238347244,0.0, 49.93324597747651, 5.1598432103914655, -4.614297435325676, 5.1598432103914655, 45.39686583858501, 3.366436512546, -4.614297435325676, 3.366436512546, 109.86818662086462, 8.339127401224303, 4.697672232446173, 5.0, 0.0
36, 0 ,1.0,1.0,1.0,171.56104046866986,103.95692610890634,124.62136551389001,11.39689476423364,11.9161439455606,13.720321794050856,53.0,59.0,64.0,-0.15564373069313714,-0.059287803581597825,0.9860324464450407,13.76438261785362,0.5901637800431921,0.7948833567212654,0.14095092029733164,12.631036368818162,-0.7921374513435488,0.6038587629189494,-0.08872909683380747,10.541803371793913,61.326977029093584,66.55991194482837,60.99317357691581,20.565014931523905,6.100089163027051,74082.0,248969.14474427173, 0.0, 0.0,0.0,NaN, 125.35942325435803,125.35942325435803,NaN, 129.88921026701615, 23.434103832719362, -7.993842159415335, 23.434103832719362, 141.99448653132055, 0.8451550626980611, -7.993842159415335, 0.8451550626980611, 188.2472301323069, 7.639037953378273, 4.718883302758315, 18.0, 0.0
37, 0 ,1.0,1.0,1.0,121.980192866983,151.8585642124598,163.40805143119547,11.680722716130411,11.41455665711987,11.432661221852296,63.0,53.0,60.0,0.06469854536972264,0.7126917012890746,-0.6984873922561,12.118588432161248,-0.9471976112971814,-0.17642683859438232,-0.26775036092693855,11.795726989376588,0.3140553826635614,-0.6789286483403658,-0.6636453172311002,10.556408890685793,58.29702834390724,67.23068210965562,49.68856500562703,19.185622713422635,5.41747270981077,65330.0,194746.8265986445, 1.4210854715202004E-14, 0.0,0.0,86.29045536880905, 98.70997338071295,98.70997338071295,0.0, 136.439283171125, 6.262543733214703, 5.424644398468778, 6.262543733214703, 130.29210367859955, -16.32492889600136, 5.424644398468778, -16.32492889600136, 130.70574261364524, 7.370978661341122, 4.434062005702091, 19.0, 0.0
38, 0 ,1.0,1.0,1.0,145.4547439870149,42.711952191235056,82.85745905267818,12.423999263806886,10.156758659961131,12.723260175080627,63.0,48.0,57.0,0.17745084140916767,0.07750138400180093,-0.9810732563682408,12.763552462209244,0.9558367554962136,-0.2508918189516442,0.15306662609990146,12.545120410847925,0.2342803784478122,0.9649076798642137,0.1185996358063933,9.955327020661917,58.27079895228467,60.93295405421961,46.92899906466904,19.677827590956664,5.672737872239032,67770.0,166626.66325034396, 0.0, 0.0,0.0,NaN, 108.00395517838538,108.00395517838538,0.0, 154.35575770707405, -13.096767635081653, -2.5815283028690184, -13.096767635081653, 103.15974647669542, -7.088793593517332, -2.5815283028690184, -7.088793593517332, 161.88134948279273, 7.451389646917577, 4.509924568152702, 15.0, 0.0
39, 0 ,1.0,1.0,1.0,85.00880791707831,34.61655419548217,108.51335420887824,11.330741184607193,11.197723568661365,11.065626214760277,59.0,61.0,55.0,0.6275327689227039,0.2908971532831448,-0.7222059748714121,11.974291424763328,0.5809041071998342,-0.7925473041086678,0.18552409274389756,11.663546822762438,0.5184139679508724,0.5359548646685142,0.6663327553644551,9.838740408485492,60.8764082246114,56.071939385789705,47.345059176038575,18.65472374371734,5.312633479086509,59719.0,161610.38388254168, 0.0, 0.0,0.0,NaN, 129.5940184034805,129.5940184034805,0.0, 128.38569579255363, -9.561133098458185, -16.883019211873243, -9.561133098458185, 125.38901312015423, -15.555831510421871, -16.883019211873243, -15.555831510421871, 122.44808352478985, 6.529289809075417, 4.251730039205627, 16.0, 0.0
40, 0 ,1.0,1.0,1.0,16.649893931283334,72.12526021530958,170.00931818632407,10.10288326672183,11.351712174679344,10.54109319846694,40.0,56.0,57.0,0.02357851068129112,-0.8437086723252395,0.5362832554511026,11.86120844909955,-0.8035957000795156,-0.3351046683442966,-0.49187276003817554,10.26457709665304,0.594708335781302,-0.41935729097875396,-0.6859019302022662,9.797676080092279,56.31734397151958,54.8778173897194,52.53210932599799,17.77185414257762,5.119127440441633,50439.0,162354.3144263666, 0.0, 0.0,0.0,NaN, 79.86684621730257,79.86684621730257,9.5367431640625E-7, 102.06825030100798, 1.6333386891522415, 4.267641108116607, 1.6333386891522415, 128.86136929676326, -18.678500214143725, 4.267641108116607, -18.678500214143725, 111.11464581876601, 7.578949208077149, 4.565890438013436, 12.0, 0.0
41, 0 ,1.0,1.0,1.0,185.88792676892626,116.10327670570125,65.2242564187146,9.106857463616942,11.491899191556051,9.580761282590306,39.0,50.0,50.0,0.029327653371912968,0.9490359799458794,-0.3138002509811963,11.694204454464941,0.6504377254327645,-0.25649649938546315,-0.7149407745658763,9.9458999538897,-0.7589931844763489,-0.18313998627052477,-0.6248112445749378,8.432926119081849,51.209766782066026,47.60494809879441,44.56670624106931,16.721768576756347,5.212680913972816,36378.0,108646.42292526523, -2.8421709430404007E-14, 0.0,0.0,88.31940826405291, 107.2008135033198,107.2008135033198,0.0, 82.93485286263561, -2.8121650687463022, -13.534875655091183, -2.8121650687463022, 132.06374702888664, -14.448967270468717, -13.534875655091183, -14.448967270468717, 91.79098675398144, 7.5611591661072755, 4.851262601617364, 11.0, 0.0
42, 0 ,1.0,1.0,1.0,81.3525076596097,105.27424162963372,76.2826464986613,12.294605970306053,12.12675923546871,11.812490097170729,63.0,64.0,62.0,0.5534598825606947,-0.6199591357946718,0.5561769757376028,13.93138401126328,-0.8325502875006984,-0.43048124312361413,0.3486343616186622,11.498615020059987,0.023284698374822606,-0.6560004338896978,-0.7544012550083158,10.556938001477324,61.918085038304284,53.17166483892378,53.187896810841025,20.08409689801349,5.863411942468802,72458.0,175109.8566042571, 0.0, 0.0,0.0,NaN, 146.32239048822157,146.32239048822157,0.0, 151.15733596508525, -20.91013662679223, 19.408314377035015, -20.91013662679223, 147.05828955502562, -31.610015023529346, 19.408314377035015, -31.610015023529346, 139.53492229575653, 6.285949855696955, 3.9412233500488894, 22.0, 0.0
43, 0 ,1.0,1.0,1.0,49.181865007825344,182.92471818848188,162.689601204509,11.783581540876035,9.910749296790547,10.678774640381159,54.0,42.0,46.0,-0.9386629487679431,0.07131092856373074,0.33738200911970484,11.961786083717833,-0.2915142391870355,0.35853641128116015,-0.8868320529484883,10.589228181526382,0.18420455195644284,0.9307880495864808,0.3157566939678727,9.792644871601256,56.1181169132478,50.95831821553257,49.21090354033208,17.951335133890503,5.372293763848897,50477.0,140727.67576783037, 0.0, 0.0,0.0,NaN, 64.05065926959139,64.05065926959139,0.0, 138.85279393047443, -4.855595874760065, -10.746647761503073, -4.855595874760065, 98.22295162383433, -4.02707204118444, -10.746647761503073, -4.02707204118444, 114.03622782004773, 7.201310727263148, 4.497752170414335, 10.0, 0.0
44, 0 ,1.0,1.0,1.0,10.216406396109969,179.30208528146625,135.6587572470544,6.455892785995403,11.633966579413412,13.858343051813339,27.0,49.0,65.0,0.019740843617860254,-0.1721109201051146,0.9848797542206997,13.924872912567787,-0.004337041492576002,-0.9850771877155186,-0.17205849096623235,11.556895768266886,-0.9997957237177736,8.748845959638456E-4,0.020192706916034926,6.451160883683618,67.79186408268208,52.58759263818649,27.6011406324569,18.223454798361658,6.081701849727239,42776.0,98398.3681059285, 0.0, 0.0,0.0,NaN, 68.35622979904353,68.35622979904353,0.0, 41.67855166426749, -0.12458863499479277, 3.029382928838607, -0.12458863499479277, 135.34917837090822, -10.229812538490227, 3.029382928838607, -10.229812538490227, 192.05367214174305, 7.240968267899268, 4.671939148691188, 9.0, 0.0
45, 0 ,1.0,1.0,1.0,115.3245129455246,152.5182338254664,63.23587001395797,9.380165350956725,12.215578405997928,10.634854229049079,46.0,54.0,49.0,-0.04103913437480187,-0.897336219437713,0.439435431815641,12.693341960422266,-0.3988244406308783,-0.3885378612952245,-0.830648780108416,10.221067678944657,-0.916108538878027,0.20934669719239601,0.34193435827568025,9.204174468995648,60.24294266267111,52.71733012343424,47.35288414534051,17.946471155588664,5.313393956697081,50867.0,150385.5195980805, 0.0, 0.0,0.0,NaN, 115.85867029872172,115.85867029872172,0.0, 87.98750201128911, 5.874604640396039, 5.1660898751566915, 5.874604640396039, 149.2203557930829, -23.75258555523131, 5.1660898751566915, -23.75258555523131, 113.10012447312307, 6.381417582376965, 3.9798254023781556, 15.0, 0.0
46, 0 ,1.0,1.0,1.0,99.51371510537349,158.60639964691603,15.056824451064768,11.411098958217178,10.80014113469079,9.676589408949607,50.0,55.0,41.0,0.8160675517714688,0.3215321144621952,-0.4802612313264415,12.553600602843723,-0.20637077311065244,0.9382946737703834,0.27751434049403767,10.615548984163544,-0.5398563280646358,0.12735856682453162,-0.8320666683054722,8.379131352471259,63.72977862124799,50.14543869283089,48.74182558984374,17.624251134067247,5.4661121938897885,45315.0,155767.06477026935, 0.0, 0.0,0.0,NaN, 108.82608881520302,108.82608881520302,0.0, 130.21317943422517, 14.702915648669222, -36.68052116068244, 14.702915648669222, 116.64304852924005, -2.4322515522632484, -36.68052116068244, -2.4322515522632484, 93.6363825893957, 7.476856037242699, 4.334273507218629, 12.0, 0.0
47, 0 ,1.0,1.0,1.0,97.87783600309653,8.222146132317038,136.30384684094562,11.97318029688614,5.616995035720336,12.814908715957479,58.0,23.0,65.0,0.5631220556443769,-0.008616609448453086,0.8263288113629246,13.501394715301037,0.8261371652423464,-0.018055001278790176,-0.5631797236532603,11.195224534558495,-0.01977206747386677,-0.9997998654583005,0.0030486681310287283,5.613274749540863,68.39787133899966,67.26382604025113,23.70875994404345,17.330638427935032,6.227241502588545,33586.0,109076.95160332722, 0.0, 0.0,0.0,NaN, 117.06781963858363,117.06781963858363,0.0, 143.35704642174247, -2.131082427770605, 26.507999868647694, -2.131082427770605, 31.550633231306904, -0.11954389567962025, 26.507999868647694, -0.11954389567962025, 164.22188539832297, 6.670368809042455, 4.190860415491681, 9.0, 0.0
48, 0 ,1.0,1.0,1.0,118.8209339379826,112.97329854849158,55.978341183268256,10.798076555254875,10.591253049333138,11.796908850576834,52.0,48.0,55.0,0.41155956218557044,0.44611751514217896,0.794731331619051,12.711452646278918,-0.902493972960358,0.3209831993573525,0.2871835902354918,10.372898681838794,-0.12697777578714486,-0.8354333895731527,0.5347220736443032,9.937912327782294,65.34166027439088,51.56718193807828,49.85300973683857,18.442964943050463,5.2723050923077475,57113.0,167978.98264673978, 0.0, 0.0,0.0,NaN, 131.5190564665887,131.5190564665887,0.0, 116.59845729314499, 8.974452826071595, 18.25692040833587, 8.974452826071595, 112.17464115500852, 23.086459655498622, 18.25692040833587, 23.086459655498622, 139.16705842881802, 6.470829756413582, 3.9413021959941084, 13.0, 0.0
49, 0 ,1.0,1.0,1.0,178.44119732576985,154.89352039438143,88.43162479740681,12.60399419803714,8.880191651859741,12.786683518369644,51.0,41.0,55.0,0.5510303883623414,0.10008330828031622,-0.8284617326738241,12.950539041620585,-0.831400918808441,-0.019434132093042296,-0.5553330772736941,12.472857671342625,0.07168000631785347,-0.9947892469832279,-0.0725005571069292,8.827746539108928,64.43619559891553,60.05869793363462,41.58878855922302,19.19838054129528,5.713136923657594,59232.0,160946.6989504988, 0.0, 0.0,0.0,NaN, 101.58508128395533,101.58508128395533,0.0, 158.8606697441539, 6.206199884076686, -5.140458718777447, 6.206199884076686, 78.85780377375943, -6.606779146454053, -5.140458718777447, -6.606779146454053, 163.49927539894588, 7.726079263640864, 4.604804808306633, 11.0, 0.0
