// Sample: .//bubblelabels.tif, Map: .//bubblelabels.tif, Thickness:(8.191250068658265):/afs/psi.ch/project/tipl/test/LabelValidation/Step4900//distmap.tif, Neighbors:(1.0):
//LACUNA_NUMBER, TRIANGLES, SCALE_X, SCALE_Y, SCALE_Z, POS_X, POS_Y, POS_Z , STD_X, STD_Y, STD_Z,PROJ_X, PROJ_Y, PROJ_Z, PCA1_X, PCA1_Y, PCA1_Z, PCA1_S, PCA2_X, PCA2_Y, PCA2_Z, PCA2_S, PCA3_X, PCA3_Y, PCA3_Z, PCA3_S,PROJ_PCA1, PROJ_PCA2, PROJ_PCA3,OBJ_RADIUS, OBJ_RADIUS_STD, VOLUME, VOLUME_BOX, Mask_Grad_X,Mask_Grad_Y,Mask_Grad_Z,Mask_Angle, Mask_Distance_Mean,Mask_Distance_COV, Mask_Distance_STD, SHAPET_XX, SHAPET_XY, SHAPET_XZ, SHAPET_YX, SHAPET_YY, SHAPET_YZ, SHAPET_ZX, SHAPET_ZY, SHAPET_ZZ, Thickness, Thickness_STD, Neighbors, Neighbors_STD
1, 0 ,1.0,1.0,1.0,95.42143958138969,278.93638705228574,16.623818602198515,18.24545502684958,13.149615334373957,10.925157926532053,85.0,56.0,50.0,-0.9688809662130111,0.23518150903658513,0.0771967040579878,18.528130325450814,-0.24632918772516205,-0.8854565010783432,-0.3940668927641088,13.20135899024228,-0.024322923031655088,-0.40081971321951265,0.9158340203933372,10.3730707002468,88.91833070753782,73.6257377848631,53.269882292126766,23.67665869959588,8.036412204539044,98612.0,348740.7505336139, 0.0, 0.0,0.0,NaN, 99.1225416699689,99.1225416699689,0.0, 332.8966291367906, -39.16243773076211, -11.156190699800888, -39.16243773076211, 172.9123834420027, 27.54397247892306, -11.156190699800888, 27.54397247892306, 119.35907571966614, 8.029348712966202, 6.4223551534529735, 15.0, 0.0
2, 0 ,1.0,1.0,1.0,29.728673395129338,166.27075323987975,16.6642800961489,16.707435748994552,18.15030109176605,10.868167823586957,67.0,87.0,48.0,-0.04479091714637185,0.9977665303466074,0.0495552687539752,18.167313084479733,-0.9989483371924549,-0.045220123759914195,0.007573640311464224,16.704837384544025,-0.009797620201673424,0.049163923025221525,-0.9987426672127079,10.843710348244617,87.02964272588672,69.2197307505917,50.10286063931973,25.731913205346235,8.034771537682511,136039.0,301828.0716570831, 0.0, 0.0,0.0,NaN, 138.0036365172538,138.0036365172538,0.0, 279.13840930678117, -2.2014439033130175, -1.6931891396661836, -2.2014439033130175, 329.43342972176384, 10.449956050974713, -1.6931891396661836, 10.449956050974713, 118.11707184165085, 7.899372000891448, 5.751775004234193, 17.0, 0.0
3, 0 ,1.0,1.0,1.0,70.61075834267875,251.54986663837784,206.38399812081352,15.473246178344175,13.669731812100352,14.388277993722832,80.0,76.0,74.0,0.8800414721552896,0.09138528382236091,0.4660211767585859,15.879029838609451,-0.468588400271572,0.3265157822855176,0.8208607403508863,14.000695777990284,0.07714867735534806,0.9407636120828562,-0.33016951367916647,13.6067037834942,82.64858673929174,73.75200119312024,76.83632061026134,24.231597755612214,6.792284515927875,131972.0,468355.6899189585, 0.0, 0.0,0.0,NaN, 126.87494009587157,126.87494009587157,0.0, 239.4213472956426, 3.724214980047522, 23.294567025339358, 3.724214980047522, 186.86156781474835, 5.768734340367067, 23.294567025339358, 5.768734340367067, 207.02254362464876, 6.812937418929018, 5.168000064482166, 34.0, 0.0
4, 0 ,1.0,1.0,1.0,130.50070387023575,190.7455351514897,18.658517880405093,14.968746050732436,13.59835063764445,11.251837557627134,72.0,66.0,45.0,-0.9870012776615419,0.08533898294549729,-0.1361827297578969,15.022812771187477,-0.12497901595720512,-0.9403033710942099,0.31655934021796645,13.889557252330578,-0.10103822774006321,0.3294644568063355,0.9387462107707562,10.81562030560196,71.3870491167384,72.582456677274,52.44912896218877,22.180995081580374,6.601954559799009,95188.0,271762.40288469614, 0.0, 0.0,0.0,NaN, 171.2165648804307,171.2165648804307,0.0, 224.06335833131791, -0.23179340731178774, 11.6070973158591, -0.23179340731178774, 184.91514006432521, -23.868443290130134, 11.6070973158591, -23.868443290130134, 126.60384842322856, 7.394326771912595, 5.332306027513092, 21.0, 0.0
5, 0 ,1.0,1.0,1.0,138.16142918984784,208.5660322906479,192.44758782126308,13.875882862782943,14.37640714818704,14.730600096019721,71.0,78.0,70.0,-0.13734514579978277,0.6237693076740369,0.769446659443713,15.085455725094851,0.6420732350426623,-0.5354404843753816,0.5486760870802618,14.480747336440565,-0.7542401950089154,-0.5693991029986877,0.32696542590494726,13.377173432580804,72.76298048231791,74.1282110693868,65.56332229142953,23.886970014519207,6.754587361670428,124742.0,353634.7642930185, 0.0, 0.0,-2.8421709430404007E-14,39.6957746728385, 197.52537136358228,197.52537136358228,0.0, 192.54012522167335, -14.73483824403001, 5.692172035426919, -14.73483824403001, 206.68108249044343, 14.304714684037972, 5.692172035426919, 14.304714684037972, 216.99057918885623, 7.030219026832697, 5.101679692505652, 34.0, 0.0
6, 0 ,1.0,1.0,1.0,208.33587357501457,52.53512883809947,100.18677363880953,15.417755899783723,16.300606363663498,14.003329585530777,81.0,80.0,74.0,-0.1594481312472669,0.9797441305890543,-0.12115169011636791,16.35622528372539,-0.9868886638900508,-0.1613048832081467,-0.005612462785296733,15.39338463734362,0.02504113669673428,-0.11866833288415343,-0.9926181381797489,13.965235700275164,78.68163373323709,77.26876077676451,74.29233961947875,25.376360849094414,7.453221742710307,144212.0,451670.11015315546, 0.0, 0.0,0.0,NaN, 145.60096650587687,145.60096650587687,0.0, 237.7071969853158, -4.65097242622681, 1.6327160378955874, -4.65097242622681, 265.7097678231069, -8.567419460614996, 1.6327160378955874, -8.567419460614996, 196.09323948100155, 5.997277242661992, 4.814893378416815, 40.0, 0.0
7, 0 ,1.0,1.0,1.0,149.43582572988663,60.67133640716125,173.81753497880476,14.533125276893935,12.663658265858132,14.146485947026983,69.0,64.0,68.0,0.7657207997421629,0.1849284925419594,0.6160138874151951,15.309256502962194,-0.6252310226764052,-0.010624437306334245,0.780367406812291,13.40091400650092,-0.15085696909734922,0.9826945476484957,-0.10748767788299857,12.559665789926086,73.20802395694,66.2182625701046,67.62939327757869,23.023556181581963,6.451270912876062,112997.0,327847.56114840566, 0.0, 0.0,0.0,NaN, 204.77815203734292,204.77815203734292,0.0, 211.21173031389344, 10.995891005571176, 25.48947188773831, 10.995891005571176, 160.368240674437, 8.548294326777242, 25.48947188773831, 8.548294326777242, 200.12306464943194, 6.777136175766954, 4.978292941081991, 30.0, 0.0
8, 0 ,1.0,1.0,1.0,139.89109884939475,104.6759342429816,286.7164691960021,14.79482473033635,15.581491792673859,7.8696117061768955,82.0,74.0,32.0,0.5355026301118258,0.8356536842363852,0.1221468508209432,16.197631471089483,-0.8417722666052563,0.5398257847624044,-0.002751959284532269,14.224741769325785,0.0682377045156599,0.10134615003941182,-0.9925082234191428,7.674240680047851,70.76462571599512,76.75669897230092,35.189090312974116,21.650295318875003,7.407106472706977,70137.0,191135.1417032221, 0.0, -1.4210854715202004E-14,0.0,33.316034262464164, 175.22278087495616,175.22278087495616,NaN, 218.88683880137205, 25.866586619728377, 13.641222061380805, 25.866586619728377, 242.7828864851628, 20.555507483296203, 13.641222061380805, 20.555507483296203, 61.930788405996424, 7.200534571174808, 5.081136453090829, 16.0, 0.0
9, 0 ,1.0,1.0,1.0,57.17612405401395,10.709215017064846,180.35632883217096,13.557354044780961,7.17848239870409,17.377464276031315,68.0,30.0,72.0,-0.22987543778289926,0.06478937688459165,0.9710610793081077,17.61198313741473,0.9731808283435616,0.024261556196078973,0.22875850199606657,13.295156423163109,0.008738332144080983,-0.9976039863261629,0.06862891531627814,7.096871744637331,76.58696824488295,65.9098237817618,31.21331457466964,21.921358265681725,7.534107425337842,67390.0,157559.61748432234, 0.0, 0.0,0.0,NaN, 133.03535056005725,133.03535056005725,0.0, 183.8018486955387, -0.8852600242995007, -29.85839541340005, -0.8852600242995007, 51.53060954850443, 17.047701733124015, -29.85839541340005, 17.047701733124015, 301.9762646647445, 8.262357018785176, 5.278156276339512, 15.0, 0.0
10, 0 ,1.0,1.0,1.0,159.53215256202589,113.65663807677669,155.8818609097427,14.454105777606975,14.521848854242698,12.774686539192723,67.0,70.0,62.0,-0.6658778612598897,-0.7402639376668964,0.09282228436025708,15.111680377206763,0.7294653411801573,-0.6199114385946938,0.28911956750862167,13.963836310655942,-0.15648319366906963,0.2602289585910016,0.9527821887555258,12.63512072822035,75.83883485768618,73.85132297206815,61.97732683449432,23.20935281101974,6.657614155534365,112977.0,347122.50596129714, 0.0, 0.0,0.0,NaN, 231.12569211927115,231.12569211927115,0.0, 208.92117383025132, 17.890165805306417, 3.2065609836104203, 17.890165805306417, 210.88409414546996, -11.056098600505198, 3.2065609836104203, -11.056098600505198, 163.19261617463178, 6.262850483529479, 4.60813352521414, 36.0, 0.0
11, 0 ,1.0,1.0,1.0,263.88325806741034,75.02199659060322,287.12326165624904,17.890900806402346,14.214924213175792,6.983620596608434,72.0,67.0,30.0,-0.9994499947851727,-0.03256792004043296,0.006248080357878822,17.89479460882599,-0.0321955723598068,0.9981004039987714,0.052526456742433114,14.225340109624508,-0.007946888972610464,0.05229640639403642,-0.9985999863979205,6.952365306978165,73.62761162695239,65.93392769960178,31.82092667574534,22.340466248790985,8.474840793480304,66874.0,154476.52212348217, 0.0, 0.0,0.0,NaN, 84.25277093745457,84.25277093745457,0.0, 320.0843316645282, 3.900465463152166, -1.9583200683324276, 3.900465463152166, 202.0640703863314, 8.01968899876869, -1.9583200683324276, 8.01968899876869, 48.770956637373544, 6.381889489622611, 4.845606005359695, 17.0, 0.0
12, 0 ,1.0,1.0,1.0,25.847227240246966,196.8123660187393,140.37702627839198,14.01542437803107,15.389469713595263,14.546566271399989,60.0,84.0,74.0,0.34461535795161063,0.7256396186197714,0.5955563776446674,15.838339820886386,-0.5596630601422609,0.6681556011796091,-0.49025029497647,14.978938818103915,0.7536693666164788,0.16436312391065563,-0.6363703711850883,13.024932723504936,90.62762430107887,82.337280976457,66.36378188926874,24.287943944670772,7.413923913198988,124551.0,495208.6751354862, 0.0, -2.8421709430404007E-14,0.0,43.47791740455116, 176.12914713193823,176.12914713193823,0.0, 196.43212049630765, -0.15556919972878225, 31.67989061530099, -0.15556919972878225, 236.83577806566586, 17.16893564986254, 31.67989061530099, 17.16893564986254, 211.6025902882318, 6.091902634114377, 4.628787950757318, 28.0, 0.0
13, 0 ,1.0,1.0,1.0,287.98983026398037,137.4831466076838,134.16715151223735,8.088581471359392,18.209429474085933,15.616446596962563,39.0,90.0,83.0,-0.07611365670663355,0.9684335454996839,-0.23736718225916753,18.413579688875497,0.03971866964817621,-0.2349240431987512,-0.9712018951837618,15.435949063099603,-0.9963077529278409,-0.083349636340319,-0.02058396409374987,7.972040884813505,92.69457794363902,83.4520476625367,42.91549546090636,23.791585935413494,8.651145298984913,83188.0,331975.0611894452, 0.0, 0.0,0.0,NaN, 192.4751524824582,192.4751524824582,0.0, 65.42515021881847, -21.938107154516242, -1.762064117669054, -21.938107154516242, 331.58332177170945, -23.469107967253063, -1.762064117669054, -23.469107967253063, 243.8734043157836, 6.432801293978632, 4.658736021748419, 24.0, 0.0
14, 0 ,1.0,1.0,1.0,287.5339239156198,157.57750651813225,65.77116911590424,7.907605521674316,16.316016959603466,13.849438561443293,32.0,86.0,69.0,-0.04931965922427107,0.9782645766866744,-0.20141000276561077,16.427321345050856,-0.057214884222332944,-0.20409148400465937,-0.977278426642173,13.750866775688273,-0.9971429327019405,-0.036675388979769255,0.06603701693562321,7.848971864096818,80.70678354803862,70.72549661885967,35.400902231445684,21.46882910344183,7.72262649018717,67504.0,202069.31804364812, 0.0, 0.0,0.0,NaN, 157.3703160999783,157.3703160999783,0.0, 62.53022508641414, -8.559011168620007, 9.196677570582066, -8.559011168620007, 266.2124094260679, -15.60565680277411, 9.196677570582066, -15.60565680277411, 191.80694846719246, 6.998262001816506, 4.75789607857656, 19.0, 0.0
15, 0 ,1.0,1.0,1.0,22.64074795128356,142.1389142934758,92.08756281975823,14.361453364075498,12.691545556671684,16.002532190719194,59.0,69.0,78.0,-0.32822809827598315,-0.20973946284018433,0.9210188234936585,16.390828255603687,-0.9443534969485917,0.05065540966951365,-0.325008464923886,14.097456228670216,-0.021512515034244086,0.9764442570872777,0.21469472396446249,12.49040370991361,83.51773719983458,66.98786505282926,70.51206885056575,23.76890097217887,7.6450673270592455,110435.0,394492.10238418396, 0.0, 0.0,0.0,NaN, 170.86893705528962,170.86893705528962,0.0, 206.25134272851543, 5.711063391853645, -20.94006458721321, 5.711063391853645, 161.07532861707278, -22.464321104884533, -20.94006458721321, -22.464321104884533, 256.0810365150041, 6.1284597633355835, 4.492623380380175, 28.0, 0.0
16, 0 ,1.0,1.0,1.0,120.10633731565984,110.5660149822686,90.74185735163364,13.81470020704937,13.063415343226984,12.809732449093968,67.0,67.0,66.0,0.7369231121668685,0.5716985850544405,0.3607007826454621,14.57929186222207,-0.6315978993624272,0.3921732394584185,0.6687931247954478,12.959497523051308,-0.24089088873443726,0.7206669675373235,-0.650085149519116,12.045068717273956,70.8631974481159,61.55124316404885,57.947626345143334,22.046511611532313,6.288030965275426,97849.0,252751.1989478909, 0.0, 0.0,0.0,NaN, 186.77382206312146,186.77382206312146,NaN, 190.8459418106499, 22.76230328475005, 8.276343899848245, 22.76230328475005, 170.65282042965816, 19.91062731798109, 8.276343899848245, 19.91062731798109, 164.08924541737093, 5.794302420275197, 4.564633478257949, 31.0, 0.0
17, 0 ,1.0,1.0,1.0,131.29141165062717,17.785942925064383,163.27294623028078,14.928685722530378,11.202190500915817,13.94097330810973,72.0,47.0,68.0,-0.980606748518158,-0.13007977963325443,0.14659350494210155,14.973879701148658,0.17991669122242035,-0.30086678024998226,0.9365410641085555,14.237333049809804,-0.07771993939924453,0.9447531060931073,0.31843551866461883,10.76042473709289,74.63818908477577,68.98650469525424,54.55699108373733,22.318818456021052,6.67651173334293,95909.0,280915.4627784227, 0.0, 0.0,0.0,NaN, 190.38923754113776,190.38923754113776,0.0, 222.86565740208238, 9.126272624960901, -0.9418154103381046, 9.126272624960901, 125.48907201880857, -26.558012427325533, -0.9418154103381046, -26.558012427325533, 194.35073677742793, 6.410729869106214, 4.92427222521109, 23.0, 0.0
18, 0 ,1.0,1.0,1.0,285.71463556099764,77.32953534832764,29.08915383128182,8.43345455034692,14.691330679534028,15.845340808150144,35.0,81.0,65.0,-0.038888254682962975,0.11124969628343176,-0.9930313231336444,15.874371759095734,0.15074260326953548,0.9830629889701149,0.10422968519892255,14.786134173923653,-0.9878078614828066,0.1456388162338163,0.054999672715174364,8.210221407450847,67.28397508832427,82.92033415855387,38.57064026577834,22.06117761109189,7.16502760123264,77585.0,215193.69022271546, 0.0, 0.0,0.0,NaN, 83.84573659383848,83.84573659383848,9.5367431640625E-7, 71.12315565276717, 21.610928821447363, 9.504258114643083, 21.610928821447363, 215.83519713541776, -4.897382174445835, 9.504258114643083, -4.897382174445835, 251.07482532642825, 6.502733379506401, 4.962010787730961, 18.0, 0.0
19, 0 ,1.0,1.0,1.0,233.4652784495824,54.20307310309245,25.692270484666732,15.447034002928469,13.00803331059596,15.274150143663357,79.0,65.0,63.0,-0.6119473232237741,0.2175210037464648,-0.7603979790401788,15.984405580799779,-0.771986870679514,-0.3732706642820561,0.5144951726545974,15.238895738033262,0.17192075237652174,-0.9018612000277886,-0.39634534283466427,12.385244754231637,82.14319290019375,81.84188962245156,59.4050475518757,24.26573029844736,7.2314442396645235,124044.0,399365.5285686616, 0.0, 0.0,0.0,NaN, 89.58200192152476,89.58200192152476,0.0, 238.6108594876283, 9.1239611416509, 16.202916779348275, 9.1239611416509, 169.2089306095741, -32.02766190633072, 16.202916779348275, -32.02766190633072, 233.29966261117136, 6.413427437744973, 4.591714118487956, 23.0, 0.0
20, 0 ,1.0,1.0,1.0,193.07970762269406,66.48633417864187,286.02769628561487,13.670931364702588,14.351802766971929,8.053107910768132,68.0,79.0,35.0,-0.36617388472829815,-0.9305395587168102,0.003579917053667282,14.472772922725717,-0.9301675350300114,0.36613184877375915,0.02712611453380521,13.546094362636435,-0.026552644297304664,0.0066029521150066,-0.9996256089677711,8.047566433942311,74.53439817732307,68.41544842244929,36.26760368474578,20.253163985556697,6.8942369147781415,60333.0,184939.54648457756, 0.0, 0.0,5.6843418860808015E-14,89.79488542369825, 126.67914913532395,126.67914913532395,NaN, 186.89436437840894, 8.867936600780899, -3.185540109683272, 8.867936600780899, 205.97424266206312, 0.6972027843382386, -3.185540109683272, 0.6972027843382386, 64.85254702247626, 5.790193083991844, 4.414736827698257, 19.0, 0.0
21, 0 ,1.0,1.0,1.0,129.56410088007357,139.29382634966504,14.73956390384868,13.58390000176421,14.648450329286169,9.39479366897161,68.0,69.0,38.0,-0.0839155510129649,0.9755690921356934,0.20303479201292032,14.844797792791468,0.9952780435511833,0.09203160088089408,-0.030851263575882658,13.583543983499805,0.04878315614143125,-0.1994871697850245,0.9786853798683425,9.081899345924441,73.16328646578341,68.26142564049493,41.01087392621747,21.08116218282314,6.5533339157647665,76130.0,204817.74667775913, 0.0, 0.0,0.0,NaN, 190.80587265613227,190.80587265613227,0.0, 184.5223392579297, -1.9423797791457507, -5.48223527979494, -1.9423797791457507, 214.57709704956406, 27.022221135357658, -5.48223527979494, 27.022221135357658, 88.26214808254905, 6.824579702867138, 4.640139059646338, 17.0, 0.0
22, 0 ,1.0,1.0,1.0,72.91524660310787,217.6132672722268,129.33260766208744,12.82003511340413,11.643511267884593,12.552007245590154,60.0,54.0,62.0,-0.6943361862864068,-0.3924252540143326,-0.6032409803926077,13.25612704844011,0.7052917167356995,-0.2044535585384001,-0.6787947677354287,12.444824075214875,0.14304144405471375,-0.8967726369670135,0.418733785202449,11.26405745103356,66.75451908085671,64.21752142992776,60.952250194861506,20.578807983077848,5.830111735053602,79926.0,261290.70100609807, 0.0, -2.8421709430404007E-14,0.0,66.89450979904505, 169.79732130226614,169.79732130226614,0.0, 164.35330030891484, 9.272480450692752, 7.056816108687595, 9.272480450692752, 135.57135464535548, 15.448300963830672, 7.056816108687595, 15.448300963830672, 157.55288589334774, 6.206025887457165, 4.505911235516934, 25.0, 0.0
23, 0 ,1.0,1.0,1.0,273.55695924017675,9.736188782339244,178.37686792937166,14.831959240402556,6.2925702848017915,14.782259243247445,62.0,26.0,63.0,0.7112331714450199,0.0019459230446197124,0.7029534758572317,16.804313090996374,0.7028594826340949,0.014616507920838583,-0.7111785326959276,12.495722829816927,0.011658623743460309,-0.9998912796297931,-0.009028034819602106,6.290517986053909,77.82017606933482,65.90938977494437,26.63092597188578,20.613113921377423,7.293708144492403,54539.0,136592.15822344905, 0.0, 0.0,0.0,NaN, 124.84475972703271,124.84475972703271,0.0, 219.98701490896275, 1.5336461898396303, 63.128628316936954, 1.5336461898396303, 39.5964407891705, -0.8796205326866332, 63.128628316936954, -0.8796205326866332, 218.51518833457453, 5.89085991277267, 4.405805318585026, 11.0, 0.0
24, 0 ,1.0,1.0,1.0,122.55857040808228,231.82557572596465,240.29780141281054,13.621235451533801,12.905179064123107,12.147776558600716,61.0,64.0,54.0,0.6828091581999434,0.5838976932922025,0.43912997762203576,14.72541374296062,-0.7304192819766097,0.5588212519479656,0.39269133029401476,12.5783661583422,-0.016103601928106573,-0.588882239619564,0.8080584025091179,11.162305859731218,74.07711179796314,60.964841696385804,55.41538284238314,21.459627398745077,6.255762873378215,88193.0,250261.37687765746, 0.0, 0.0,0.0,NaN, 152.4227929861976,152.4227929861976,0.0, 185.53805522612123, 23.053445155369765, 18.01495251099444, 23.053445155369765, 166.54364667708134, 31.028495222220354, 18.01495251099444, 31.028495222220354, 147.56847531768906, 5.815321860958656, 4.359127012017522, 23.0, 0.0
25, 0 ,1.0,1.0,1.0,86.59212598425196,164.8582146332832,14.053985667521896,11.780087848446824,12.709118772398513,8.920145991364897,50.0,58.0,37.0,-0.1273948006135503,0.9899413664294239,0.061535809155955835,12.742194601724622,-0.9822515963211298,-0.11730741814789207,-0.14635836556912984,11.813921622387827,-0.13766759350415497,-0.07908894157415439,0.9873158425850637,8.827735090450846,57.05620697504524,52.407082654050186,39.57970334097355,18.690766165151377,5.524168204801601,56515.0,118349.2244108706, 0.0, 0.0,0.0,NaN, 161.11800938355472,161.11800938355472,0.0, 138.7704697171245, -3.5458602935183636, 8.199476663222967, -3.5458602935183636, 161.52169997093227, 6.201779831086482, 8.199476663222967, 6.201779831086482, 79.56900450726324, 7.031898050485201, 4.820782820490513, 11.0, 0.0
26, 0 ,1.0,1.0,1.0,274.52462788288534,220.08756338258547,197.70016902022792,13.876970627978762,11.541345170307634,13.77986077478308,59.0,61.0,67.0,-0.7260611143568041,-0.028890478067627002,0.6870229970648578,14.74288887289344,0.6815983249119029,0.10180827685825108,0.7246094108141579,12.865139400670822,0.09087893978388689,-0.9943844402645174,0.05422732948964917,11.523581952031922,73.21176429169881,68.71200137265521,62.368075164737434,21.778114754878132,6.4320481066066355,91705.0,313744.27660583437, 0.0, 0.0,0.0,NaN, 132.28850112208428,132.28850112208428,0.0, 192.57031380978526, 4.044187755307426, -26.020585919330234, 4.044187755307426, 133.20264834018334, 0.7353322367107636, -26.020585919330234, 0.7353322367107636, 189.88456297240532, 5.696424353597832, 4.195772725412455, 25.0, 0.0
27, 0 ,1.0,1.0,1.0,26.342858444576063,273.0348170759488,234.340115722812,13.861158239279545,13.88349037418881,13.562286755473833,62.0,59.0,68.0,-0.4467204265323259,0.7301476445582701,0.5170350835918065,14.845007461079064,0.8397914749492984,0.14291524563576355,0.5237609294013362,13.72888260843139,0.30853061294020545,0.6681763612332294,-0.6770149268427258,12.647615211835735,73.02544649984549,66.18724654574564,67.72997315848244,22.929089899500784,6.563190620640913,109745.0,327362.8846416261, 0.0, 0.0,0.0,NaN, 75.7118728103607,75.7118728103607,9.5367431640625E-7, 192.1317077343472, -16.281771945115715, -1.4088435400449997, -16.281771945115715, 192.75130497019333, 24.9411036295335, -1.4088435400449997, 24.9411036295335, 183.93562203770094, 6.292376590511555, 4.542993973604157, 16.0, 0.0
28, 0 ,1.0,1.0,1.0,86.49061647143387,216.66967283999148,277.604993317535,13.769158628354445,12.792541762224529,12.084484835957378,65.0,65.0,52.0,-0.9411807099160181,0.20786312244523056,0.2664053182826873,13.92465901446257,0.2722995209693363,0.9333956614645897,0.23372100898068765,12.820806046938078,0.20007958956837812,-0.2925157457067912,0.9350950199588005,11.874528683668771,66.65166876451019,68.0272701847449,60.5671014816532,21.462944482778834,6.214148529823099,89039.0,274619.1772115325, 0.0, 0.0,0.0,NaN, 122.1724456925962,122.1724456925962,1.9073486328125E-6, 189.58972933278767, -4.408113167737647, -11.774599086728248, -4.408113167737647, 163.64912473825865, 8.02688780708813, -11.774599086728248, 8.02688780708813, 146.03477375048382, 5.570120956104364, 4.2106220728107795, 17.0, 0.0
29, 0 ,1.0,1.0,1.0,261.4882976131076,256.38064957820353,221.4644286891238,12.12810864283014,13.076963999624539,12.832532729907077,64.0,65.0,63.0,0.0254782273875096,0.7478276290255249,-0.6634038718572961,14.086130095795738,-0.7908120197783746,-0.3908765678037843,-0.4709902951399121,12.711366849325344,0.6115285842078342,-0.5366277536691473,-0.5814322356807939,11.080342716274346,68.28613585704167,68.12383382847429,57.51282588918254,21.12643400183758,6.037026530495106,86179.0,267544.6838104342, 0.0, 0.0,0.0,NaN, 97.74269749235373,97.74269749235373,0.0, 147.09101925229115, 13.436253438768395, 13.17486135059572, 13.436253438768395, 171.0069874474762, -30.38446859116524, 13.17486135059572, -30.38446859116524, 164.6738962641364, 5.673347570610806, 4.310560368856001, 22.0, 0.0
30, 0 ,1.0,1.0,1.0,124.83738275400016,277.4850930085915,231.78198155592338,15.115057856732871,12.652522399276679,13.096084368577197,69.0,48.0,68.0,-0.958326156879404,0.0045213629801259345,-0.2856405684029399,15.295103421969044,0.21564699595375117,0.6672476396722785,-0.7129354532409625,13.791757435664595,0.18736955509600633,-0.7448222235061033,-0.640415884558268,11.657871204149293,72.3317341588814,72.55108519008112,64.07889509499387,22.67988871445672,6.75879950621823,101496.0,336269.7530460072, 0.0, 0.0,0.0,NaN, 144.03121609615357,144.03121609615357,0.0, 228.4649740123821, 7.389399189197491, 18.486350255975992, 7.389399189197491, 160.08632306419807, -25.96050939845808, 18.486350255975992, -25.96050939845808, 171.507425788892, 5.79923274664409, 4.260139214606926, 17.0, 0.0
31, 0 ,1.0,1.0,1.0,191.4336257380993,222.32814132627027,25.65640415036571,13.994430775999072,10.80530619346154,13.331803890947285,70.0,52.0,59.0,0.9329227192044016,0.13040527054939277,0.33563323048411786,14.141960698074424,-0.3381628018231926,-0.0029064244517043453,0.9410831377513864,13.229761326123171,-0.12369769381582459,0.9914565134739124,-0.04138674225884793,10.738439948768146,68.95638422891611,65.6862277287378,53.78137212340687,21.232591623012716,6.285919394628137,82306.0,243601.90528712893, 0.0, -2.8421709430404007E-14,3.552713678800501E-15,84.42979302432433, 135.93316859447455,135.93316859447455,0.0, 195.84409274423, 10.360807669737394, 7.512428448393159, 10.360807669737394, 116.75464193445832, 3.5430203959239996, 7.512428448393159, 3.5430203959239996, 177.73699498667716, 6.009934648613974, 4.344066694024535, 21.0, 0.0
32, 0 ,1.0,1.0,1.0,57.17500101610871,238.02782783054016,59.38697484114834,11.94945533312428,11.695243906040027,12.420700673756514,63.0,59.0,62.0,-0.6084305613253816,0.3024276433055581,0.7337232261622411,13.28293719636237,0.13210226524701665,-0.8730483827603769,0.4693990976515586,11.607185829591144,0.7825351388671873,0.3825232567101464,0.4912379408331318,11.076047786190971,63.30095516893296,63.201982368267664,56.86744122457554,20.0394293521133,5.680078278402041,73811.0,227512.17962045057, 0.0, 0.0,0.0,NaN, 103.13265072408636,103.13265072408636,0.0, 142.78948275833233, -11.281237919647145, -23.251365704612, -11.281237919647145, 136.77873002176636, 6.991371932046357, -23.251365704612, 6.991371932046357, 154.27380522705553, 5.717590271363087, 4.28721392277011, 23.0, 0.0
33, 0 ,1.0,1.0,1.0,10.538599041079872,113.01962946257038,174.2139360831287,7.185863823042122,14.100891040668905,16.842649478414188,31.0,72.0,75.0,0.07282853906291259,-0.05668385878381285,0.9957323656743005,16.887018648367025,-0.01984616261581974,0.9981035466386192,0.05827040429614803,14.09406149699117,-0.9971469970507802,-0.02400521486650079,0.07156546605608638,7.094550032636547,73.78106314157283,70.8492080716763,32.94434713698868,21.587424734981067,8.254071830823309,59859.0,172210.97063628316, 0.0, 0.0,0.0,NaN, 169.43031779851148,169.43031779851148,0.0, 51.636638883305544, -3.9072629658575644, 16.85846239796742, -3.9072629658575644, 198.8351281408166, -4.629067891173815, 16.85846239796742, -4.629067891173815, 283.67484145272573, 7.289991687066125, 4.647013888944017, 19.0, 0.0
34, 0 ,1.0,1.0,1.0,129.38176512747006,62.97003173953107,248.62669192177742,12.77252771191576,13.48648811803735,13.529096324782033,61.0,60.0,59.0,-0.6061784350152072,-0.7816835862131363,0.14669177198290592,14.623460717409708,0.1703731588938059,0.052534013219304676,0.9839782335924003,13.524062378338138,-0.7768659418786877,0.6214587263045266,0.10133291592022425,11.45920619886228,69.94104545518165,62.143566319528446,55.440182891023966,22.091310222153176,6.327186258000406,97670.0,240964.43457210195, 0.0, 0.0,0.0,NaN, 152.78770509330045,152.78770509330045,0.0, 163.13746415165605, 39.56875628676235, 1.3093225996999067, 39.56875628676235, 181.88536175796264, -6.79703770599928, 1.3093225996999067, -6.79703770599928, 183.0364473652307, 6.123684702880297, 4.362173836917807, 29.0, 0.0
35, 0 ,1.0,1.0,1.0,201.61359120042542,184.31906854375998,86.58516891040891,12.293054202286047,12.664832622300048,11.256253396803892,65.0,59.0,57.0,-0.7428344906584341,0.3867351022434818,0.5464731285076588,13.157394346444114,0.39042204819035975,0.9133424494074334,-0.11565549877664548,12.616581841833908,0.543845146870935,-0.12744226458735736,0.8294521839273052,10.291999035403416,59.054789808700136,58.37935955065734,53.19357729269154,20.09959161991804,5.850369579503811,71458.0,183389.15615285953, 0.0, 0.0,1.4210854715202004E-14,56.87461032775295, 174.811197622762,174.811197622762,0.0, 151.11918162034266, -0.31346916188107293, -29.680376109683504, -0.31346916188107293, 160.39798535087553, 8.575067156127304, -29.680376109683504, 8.575067156127304, 126.70324053305914, 5.609176108071588, 4.210766234932256, 24.0, 0.0
36, 0 ,1.0,1.0,1.0,71.21965980159585,260.5178186327367,136.99644166486954,11.860448988909543,12.217568652097201,12.215199067782768,67.0,59.0,62.0,0.07736687665603074,-0.7121462917366014,0.6977549896362597,12.989101363684831,-0.931478333562846,0.19789777533129801,0.305261502030483,11.929082722538666,-0.35547500685628225,-0.6735607839569713,-0.6480381083052105,11.3194767288751,71.43244752446142,64.28179822592014,59.74201506412726,20.138541659627535,5.795641644913366,74192.0,274323.75389054994, 0.0, 0.0,0.0,NaN, 159.37097482480468,159.37097482480468,0.0, 140.6702502185254, -4.848674927993702, -1.838891117807528, -4.848674927993702, 149.26898376870824, -19.311263962165057, -1.838891117807528, -19.311263962165057, 149.211088265561, 5.702458704860529, 4.356814805007022, 22.0, 0.0
37, 0 ,1.0,1.0,1.0,190.99263592802103,245.6157024323063,87.07485858022514,12.466218245208083,13.131860730666785,12.539447381864838,62.0,62.0,62.0,0.16792222393430015,0.903334563276286,-0.39470089118141083,13.185631764826823,0.6795170881802023,-0.39613510452912,-0.6175220691042566,13.060202260100825,-0.7141839073936472,-0.16451032110522562,-0.6803511598210129,11.860031033559377,66.19550864965768,67.79608313171202,63.04830027908605,21.202749004700106,5.961001499166027,87859.0,282947.92287286045, 0.0, 0.0,0.0,NaN, 149.7407367439423,149.7407367439423,0.0, 155.4065973371589, -3.0146102337415175, -14.75062960537451, -3.0146102337415175, 172.44576624962838, -4.521261053475246, -14.75062960537451, -4.521261053475246, 157.23774064255693, 6.094079629782641, 4.398986322646623, 30.0, 0.0
38, 0 ,1.0,1.0,1.0,68.09610561515954,44.10575449352097,171.0012656170173,12.399038901837187,12.686199364398055,13.197781862051317,59.0,60.0,61.0,-0.3527231998165301,0.2883101283939312,0.8902042541892632,13.286784563170352,0.46290875329374276,-0.7730172678197361,0.43377389245613107,12.932593494460095,-0.8132046670028529,-0.5650854568275357,-0.1391998421220152,12.044361650156588,67.87619303151405,66.47003433549081,62.568704973226886,21.231207308220846,6.171960978179023,86124.0,282293.2835722675, 0.0, 0.0,2.8421709430404007E-14,27.101075402432937, 152.39117642371892,152.39117642371892,0.0, 153.7361656892719, -11.139221702926832, -5.42730801532738, -11.139221702926832, 160.9396543132536, 0.6383757461359216, -5.42730801532738, 0.6383757461359216, 174.18144607829072, 5.59684599133231, 4.128470123661811, 26.0, 0.0
39, 0 ,1.0,1.0,1.0,110.35942253920156,171.16919798479978,170.6869541652809,13.577532944406878,10.729040057780391,13.193272148375964,66.0,52.0,61.0,-0.9835037570002596,0.017952703643524876,-0.179994612136757,13.593217110485336,0.17675525999075314,-0.11609949458624019,-0.9773834894361685,13.208721945973448,-0.03844395962924571,-0.9930753283556628,0.1110110543113507,10.690100305431727,68.38166513286932,60.752004253400884,52.51072221067972,20.889197545651502,6.0963560671727075,81183.0,218146.51210655243, 0.0, 0.0,0.0,NaN, 213.30363689847837,213.30363689847837,0.0, 184.3494008564541, -2.4799530443378135, 2.08116680107003, -2.4799530443378135, 115.11230056145628, 6.602416732390803, 2.08116680107003, 6.602416732390803, 174.06242998111293, 5.767197301108262, 4.262005561504311, 24.0, 0.0
40, 0 ,1.0,1.0,1.0,221.51295812278562,191.94264970668524,233.49746181100076,12.22692201913807,13.198034504762283,12.538852528763385,59.0,65.0,62.0,-0.3314558900520431,-0.8522523970130934,0.4047256413117967,13.816471012583737,-0.6544239686664114,-0.10132171116460713,-0.7493084679099652,12.704191700930027,0.6796074324083806,-0.5132248655629551,-0.5241507180031094,11.340952410336145,70.13955204493415,69.10305926369574,53.98718512196436,21.09531026188343,5.991364163853304,86085.0,261668.19968199037, 0.0, 0.0,0.0,NaN, 149.19515501726937,149.19515501726937,0.0, 149.4976220620834, 19.765957765605897, 7.719359718299792, 19.765957765605897, 174.18811478889583, -18.992693628844663, 7.719359718299792, -18.992693628844663, 157.22282273807593, 5.592266728586247, 4.234061889745377, 31.0, 0.0
41, 0 ,1.0,1.0,1.0,236.09286119784275,159.76931592392847,15.952455293783707,13.04282853641187,13.057539021788756,10.418440063035364,64.0,61.0,43.0,-0.7289760971654757,0.6555464756584435,0.1971108013610233,13.793754695895977,0.6275025760413739,0.7550053660874123,-0.19028245909871008,12.474887883362696,0.2735587081831439,0.015023828773205218,0.96173796729991,10.162091249827201,67.09811070465446,70.6113184433467,48.557401979297104,20.263059779915437,6.210233750705705,70460.0,230059.43804043237, 2.8421709430404007E-14, 0.0,0.0,43.19937478766347, 154.9298162918337,154.9298162918337,0.0, 170.11537623023978, -16.771169941672852, -18.752184430701462, -16.771169941672852, 170.49932530553608, 3.720170427833676, -18.752184430701462, 3.720170427833676, 108.54389334706033, 5.685273924667474, 4.2847677584529364, 20.0, 0.0
42, 0 ,1.0,1.0,1.0,112.88789793633019,212.08510638297872,151.20067455873726,11.312808421215285,12.938332646535992,11.65379395441935,53.0,61.0,55.0,-0.05164680708420557,0.9187840065555566,0.3913675467073449,13.21526653789769,0.6351593930145851,-0.27219464820249106,0.7228295919200218,11.422254880033595,-0.7706524202150739,-0.285912613900893,0.5695163074302688,11.22852721275012,62.632759009510835,53.160900500509655,57.12247697374049,20.006544478876908,5.56140068636678,75012.0,190195.79160778393, -1.4210854715202004E-14, 0.0,0.0,87.03953881396056, 206.43145417292948,206.43145417292948,0.0, 127.97963437511946, -3.0630877782959103, 1.0330143492297883, -3.0630877782959103, 167.40045167241905, 16.59919604352649, 1.0330143492297883, 16.59919604352649, 135.81091353206097, 6.423697725497792, 4.385145847493289, 16.0, 0.0
43, 0 ,1.0,1.0,1.0,20.818436323607354,259.6037264041966,15.109237187937431,12.582472348587746,15.935528674535894,9.812683715001947,49.0,74.0,38.0,0.4152934125941476,-0.8983800916935357,0.14298458764713323,16.89194610169568,0.8999712632407341,0.3828393013749114,-0.20853247867813543,11.52147626390446,0.1326013076737355,0.21528418467570504,0.9675069059349047,9.511371500908233,79.58194926855396,60.94238400058117,46.44561501907339,21.332443253970215,7.312681522310869,73583.0,225257.22513579874, 0.0, 0.0,0.0,NaN, 47.891077037256615,47.891077037256615,0.0, 158.31861040297522, -58.138200606661776, 3.637095644793564, -58.138200606661776, 253.9410741369557, -28.40740052507977, 3.637095644793564, -28.40740052507977, 96.28876169066442, 7.500772055928988, 5.003246680453321, 10.0, 0.0
44, 0 ,1.0,1.0,1.0,89.42541547086698,18.683134218781287,218.3101915504238,12.96426480378791,10.87937185828262,12.569241060897618,62.0,44.0,58.0,-0.7786966150412028,0.04371211887234485,0.6258760519360552,13.732241550496624,-0.5644794793195206,0.3866125438488868,-0.7293103991894373,11.906452797721503,0.2738512354373021,0.9212057270785844,0.27637928512658233,10.680853830800439,66.59026330024426,61.83439995333703,53.984802843876224,20.248318775796857,5.867222642289804,74915.0,222286.14925234063, 0.0, 0.0,0.0,NaN, 122.55280184843848,122.55280184843848,NaN, 168.07216190273394, -8.577047154142166, -24.9093212936261, -8.577047154142166, 118.36073203079185, -5.767478782300461, -24.9093212936261, -5.767478782300461, 157.98582084695468, 6.160895313379133, 4.598320354201979, 18.0, 0.0
45, 0 ,1.0,1.0,1.0,161.84184751413602,99.22893640926688,215.57441715618626,11.984522789999108,12.762059895803038,12.410327715468288,61.0,58.0,62.0,-0.04394441294377335,0.8038290109541506,0.5932350375015785,13.124023341039434,0.6838667067972564,0.45708206436783244,-0.568684722642974,12.373970025804752,-0.7282823737433874,0.38070317516631275,-0.5697981015350833,11.625836332829136,63.17922363229289,61.41425953450154,59.91758133308298,20.67309079962286,5.756605778050825,81883.0,232486.5211393574, 0.0, 0.0,0.0,NaN, 189.89927845502527,189.89927845502527,0.0, 143.628786504008, 4.302648003859237, -7.949455904490328, 4.302648003859237, 162.87017278406427, 13.01475246376088, -7.949455904490328, 13.01475246376088, 154.01623400532034, 5.681183713441318, 4.24947058460535, 24.0, 0.0
46, 0 ,1.0,1.0,1.0,13.268421996771043,142.11008351438082,239.89751051404198,8.310624276906523,11.646058699762754,12.598450472875708,34.0,58.0,62.0,0.0346482310256369,0.4811383896734582,0.8759596737688471,12.965615903549706,-0.2109383341000351,-0.8532197857175716,0.4769916314435323,11.365362377362672,-0.976885110590747,0.20130039056716167,-0.071927974138106,8.132616780629577,62.75174055953693,63.711463679737406,36.868417189640866,18.216338046160267,5.619888042990349,50171.0,147400.1250962281, 0.0, 0.0,0.0,NaN, 154.86651058624128,154.86651058624128,0.0, 69.06647587190807, 13.04415908217557, -3.2472498872374858, 13.04415908217557, 135.63068323831973, 17.322418317971653, -3.2472498872374858, 17.322418317971653, 158.72095431750216, 6.062197190367872, 4.306352401821122, 13.0, 0.0
47, 0 ,1.0,1.0,1.0,240.84401181074008,278.7077081882997,287.3168975202247,12.635585700391438,11.815368178616408,7.252998541929595,76.0,58.0,28.0,-0.9472617614819543,0.31866035013280397,0.03392250709107315,12.754049034973983,-0.3109083868068447,-0.9395147368132453,0.1436942390073565,11.770239379230194,0.0776603518358661,0.1255692660007881,0.9890405599310641,7.117769117253567,79.63974227581582,67.88958484916378,32.032054489158384,17.761487059845894,6.032952549155515,41657.0,173187.99859550953, 0.0, 0.0,0.0,NaN, 64.1377713812613,64.1377713812613,0.0, 159.6580259919366, -8.139863941052628, -7.52497299165999, -8.139863941052628, 139.60292519626122, -10.652770381778435, -7.52497299165999, -10.652770381778435, 52.60598784923284, 6.074536542046456, 4.482126055258326, 17.0, 0.0
48, 0 ,1.0,1.0,1.0,248.18816075820595,89.66037833035013,119.70412197226264,11.716774407498228,11.567837439511413,13.51932875186197,69.0,66.0,63.0,0.38545155057985975,0.0468037794680574,0.9215402912423782,13.84568252387648,-0.5894675522415976,-0.7558665032388681,0.28494531779930327,12.207463062112032,0.7098979553498388,-0.6530507143468661,-0.2637606063861069,10.636956166088162,61.69525210747457,62.30082126938058,51.62445552943173,20.482109875654043,5.861150952307527,77657.0,198427.10639487422, 0.0, 0.0,1.4210854715202004E-14,22.847689027777914, 158.279900635265,158.279900635265,0.0, 137.28280251620544, 17.40268812646548, 21.8783801813269, 17.40268812646548, 133.81486302696197, -4.338945453771737, 21.8783801813269, -4.338945453771737, 182.7722499009217, 6.713155041488072, 4.295121490644491, 20.0, 0.0
49, 0 ,1.0,1.0,1.0,47.07597388306067,112.09359548088915,108.39684542586751,11.784245464161385,11.298963795596169,12.777846265009968,61.0,55.0,58.0,-0.15422862010322552,0.45077587478892484,0.8792125132465614,13.554933922379146,0.8349558250203216,0.5352354725716452,-0.12795217530640882,12.54795051835103,0.528263478773319,-0.7143697219292596,0.45892657079866633,9.41387716804185,64.27912395017614,57.49344320163712,43.071785070560324,19.881662298399025,5.876043178747217,68155.0,159177.3018892244, 0.0, 0.0,-1.4210854715202004E-14,28.45248520314794, 162.8833863939206,162.8833863939206,0.0, 138.86844115960818, 24.147331268431426, -20.250999422128018, 24.147331268431426, 127.66658285419297, 32.98298764622362, -20.250999422128018, 32.98298764622362, 163.27335517222917, 6.6330541972805825, 4.304952396173712, 21.0, 0.0
