// Sample: .//bubblelabels.tif, Map: .//bubblelabels.tif, Thickness:(8.191250068658265):/afs/psi.ch/project/tipl/test/LabelValidation/SmallStep0500//distmap.tif, Neighbors:(1.0):
//LACUNA_NUMBER, TRIANGLES, SCALE_X, SCALE_Y, SCALE_Z, POS_X, POS_Y, POS_Z , STD_X, STD_Y, STD_Z,PROJ_X, PROJ_Y, PROJ_Z, PCA1_X, PCA1_Y, PCA1_Z, PCA1_S, PCA2_X, PCA2_Y, PCA2_Z, PCA2_S, PCA3_X, PCA3_Y, PCA3_Z, PCA3_S,PROJ_PCA1, PROJ_PCA2, PROJ_PCA3,OBJ_RADIUS, OBJ_RADIUS_STD, VOLUME, VOLUME_BOX, Mask_Grad_X,Mask_Grad_Y,Mask_Grad_Z,Mask_Angle, Mask_Distance_Mean,Mask_Distance_COV, Mask_Distance_STD, SHAPET_XX, SHAPET_XY, SHAPET_XZ, SHAPET_YX, SHAPET_YY, SHAPET_YZ, SHAPET_ZX, SHAPET_ZY, SHAPET_ZZ, Thickness, Thickness_STD, Neighbors, Neighbors_STD
1, 0 ,0.3333333432674408,0.3333333432674408,0.3333333432674408,12.45684163983806,280.3925635250715,74.71032014701615,8.637799940609707,11.124704584877009,19.765886854442275,36.0,48.0,94.0,-0.07868401500945442,-0.12699416613643674,0.9887776835817559,19.919725971764272,-0.32529624143779,-0.9342915506249337,-0.14588232839279636,11.226178943252572,-0.9423328398652141,0.33312427140358253,-0.032203085463869616,8.138694403974572,92.86091953106904,57.459840259970434,41.30602896018938,22.760104245938805,8.42843863188202,72373.0,220399.6189560417, -1.7763568394002505E-15, 0.0,0.0,85.48707311062363, 78.23845860718376,78.23845860718376,0.0, 74.61158781399706, 21.4741501964899, -22.88040173850468, 21.4741501964899, 123.75905210078355, -33.35872363584324, -22.88040173850468, -33.35872363584324, 390.69028314261396, 6.388844633753289, 5.598531654598812, 12.0, 0.0
2, 0 ,0.3333333432674408,0.3333333432674408,0.3333333432674408,108.75502644346344,13.96833340618034,122.10003715197342,15.725613862565321,9.188063949847406,15.727349596400243,74.0,40.0,83.0,0.692546775444711,0.05343782669551712,-0.7193909663730791,16.064265897098124,0.72135399249113,-0.04406719026014433,0.6911631502472354,15.407158164350792,-0.005232718054647927,0.9975983567652039,0.06906618015443193,9.144605749532996,88.1004702547956,77.152357674753,42.622638041460235,22.86561934511416,7.498561714944912,91516.0,289712.84744383016, 0.0, 0.0,0.0,NaN, 164.10724903969944,164.10724903969944,0.0, 247.29493135450662, 1.5679669853703695, -10.247511550875302, 1.5679669853703695, 84.42051914648552, -11.388883827239294, -10.247511550875302, -11.388883827239294, 247.3495253273909, 4.040596316785885, 4.662250484676496, 23.0, 0.0
3, 0 ,0.3333333432674408,0.3333333432674408,0.3333333432674408,163.43380284151476,16.544160564807857,151.71756985827378,15.930766864027454,10.608198667500877,16.67629736762498,79.0,44.0,82.0,-0.3652958071028809,-0.053328862505366684,0.9293626879410097,16.807293720274078,-0.926297092550552,-0.07824336669982579,-0.36858061791129326,15.834917038221185,-0.0923724506844385,0.9955069100671076,0.020816396498689767,10.544780032400222,85.91874684585918,70.51369098495618,47.72228090136485,24.22270985363681,7.594895199088992,114446.0,289122.9556074315, 0.0, 0.0,0.0,NaN, 202.2664444337229,202.2664444337229,0.0, 253.78933287599514, 13.451191482786431, -10.507323897329107, 13.451191482786431, 112.5338789691674, -4.4650411378614265, -10.507323897329107, -4.4650411378614265, 278.09889389345585, 3.5806487951923573, 4.67298579779549, 32.0, 0.0
4, 0 ,0.3333333432674408,0.3333333432674408,0.3333333432674408,226.8315158794066,265.66319553438603,217.99772078994417,15.042181624023906,14.400359571698692,16.016968907138036,79.0,72.0,74.0,0.12883141045219343,0.44922788714240014,0.8840796192054611,16.59387364993533,0.9828597932797837,-0.17639190889917924,-0.05359590682994909,15.036608641408645,0.1318677156658118,0.8758311480465162,-0.4642528467081294,13.7377084927458,79.49171787341197,74.27208987000722,69.19395896009009,25.253746682278447,7.2407979728718885,146542.0,408522.24175965146, 0.0, 0.0,0.0,NaN, 115.13912022010282,115.13912022010282,0.0, 226.26722801012247, -1.4658439372740126, 7.898334445440348, -1.4658439372740126, 207.37035579421413, 34.75951950504544, 7.898334445440348, 34.75951950504544, 256.5432929722266, 3.188983378055734, 4.02938612372986, 32.0, 0.0
5, 0 ,0.3333333432674408,0.3333333432674408,0.3333333432674408,125.2067704509746,154.07038716715493,207.66109323435174,15.579535073883928,15.63246446587436,14.81824515852188,78.0,74.0,73.0,0.5782704668009018,0.567193163204863,-0.5864257692492111,16.519500106261198,0.6879005262359467,-0.7254307218888403,-0.023305229974066446,15.562388937573845,0.43862983622888096,0.38992586904884624,0.8096676376244308,13.841763426969003,86.08667521683495,78.95834860097469,74.57169848373115,25.492299764868136,7.53783129763013,145751.0,506883.35087764636, 0.0, 0.0,0.0,NaN, 213.30415132149253,213.30415132149253,0.0, 242.72191311837952, 1.4181017073189863, -28.380782065327917, 1.4181017073189863, 244.37394527682454, -26.186209051678254, -28.380782065327917, -26.186209051678254, 219.58038957805712, 3.1370287950933724, 3.9586494502437706, 40.0, 0.0
6, 0 ,0.3333333432674408,0.3333333432674408,0.3333333432674408,112.03567850341489,112.26760789592431,168.23259477938984,14.458907421458276,14.466310338291986,16.08557649510508,79.0,81.0,74.0,0.36141357473030583,-0.4270345628064803,0.8288677277885415,17.000576957528118,0.9253629733923977,0.2733277373459466,-0.26266959373274607,14.040658859656848,-0.1143835454732991,0.8619358619793145,0.4939463274070718,13.817387296585975,99.2825280494155,75.50049031448539,78.63332201919474,24.86333224777582,7.674282985590709,130751.0,589425.9102672116, 0.0, 1.4210854715202004E-14,0.0,64.7204872816691, 206.2005289007912,206.2005289007912,0.0, 209.06000382230124, -13.567096166258775, 27.875220421672708, -13.567096166258775, 209.2741348037736, -35.16935619101107, 27.875220421672708, -35.16935619101107, 258.745771179877, 3.850361871740877, 4.466347521637295, 46.0, 0.0
7, 0 ,0.3333333432674408,0.3333333432674408,0.3333333432674408,198.91771518977896,126.83497514888282,69.62310631501963,15.512490394093295,13.653283632648568,15.314158843477195,77.0,71.0,81.0,-0.8096157596723829,-0.18751756808282455,0.5562009379265855,16.19518744871674,0.4137924457790475,0.48972327855167797,0.7674287734120929,15.213715906767284,-0.4162909241219466,0.851474175829719,-0.31889433107033555,12.95498842426116,79.8066213171227,83.86283146872057,72.53945985317938,24.679489018261755,7.245398198933536,133998.0,485492.7667061408, 0.0, 1.4210854715202004E-14,0.0,79.19205237201777, 176.4996208393233,176.4996208393233,0.0, 240.6373582268367, 27.232790310244326, -22.32810661181934, 27.232790310244326, 186.4121539535493, 14.061058746727916, -22.32810661181934, 14.061058746727916, 234.52346108325077, 3.0841760962988456, 4.0591527063546415, 37.0, 0.0
8, 0 ,0.3333333432674408,0.3333333432674408,0.3333333432674408,118.50526516484805,33.41088085181274,269.49238091047755,14.87719002451209,14.162919803643964,15.016243816121374,74.0,74.0,64.0,-0.6911698417186161,0.276467892796294,0.6677198171025327,15.776833661750722,0.42817733611904496,-0.587654784686254,0.6865318804464592,14.484369062678239,-0.5821927676746436,-0.7604126237038215,-0.2877919786568226,13.736856671039218,81.01129072626927,84.69165564987381,82.61160685015659,24.4935527844393,6.890031257610664,136368.0,566796.6102846374, 0.0, 0.0,0.0,NaN, 126.84833327086473,126.84833327086473,2.3360154559928683E-6, 221.33078302544206, -16.81289241208786, -21.584873500335437, -16.81289241208786, 200.5882973644504, 2.603509659194962, -21.584873500335437, 2.603509659194962, 225.48757834520342, 3.2969700886306175, 4.124222548033043, 33.0, 0.0
9, 0 ,0.3333333432674408,0.3333333432674408,0.3333333432674408,22.385696780159225,87.57112893646772,220.17779414970795,13.207422310193232,17.910804195647962,13.709847711926207,55.0,92.0,64.0,-0.036578216270074834,-0.9926416816097386,-0.1154319107763944,17.97129519797063,0.5831750947209529,0.07259819131640975,-0.8090959841173317,14.09033023603457,0.8115225462004781,-0.09691230339113707,0.5762283943539377,12.715658773564446,91.72778973153981,73.10740640669042,67.9443533288395,24.988253150157515,7.666814188600048,133019.0,455633.5290744605, 0.0, 0.0,0.0,NaN, 120.58775472802817,120.58775472802817,0.0, 174.43600407978994, 7.416017485580817, -16.706235416374877, 7.416017485580817, 320.7969069348407, 16.31531435849416, -16.706235416374877, 16.31531435849416, 187.95992428420823, 3.4292573434205282, 4.104768144164173, 34.0, 0.0
10, 0 ,0.3333333432674408,0.3333333432674408,0.3333333432674408,98.39767319746645,257.5249089298021,49.90927439204489,13.044897383322427,13.359104279963981,16.976167679346695,82.0,67.0,75.0,-0.141311974110361,0.14026516122238375,0.9799778622603122,17.13850495933301,0.6196043031084938,0.7845787120508618,-0.02295108202347756,13.767509953092746,-0.7720890062308038,0.6039552376988456,-0.1977792641144674,12.391634332567659,78.4139011896347,65.31762898452061,70.17030731886919,24.18397442671433,7.2083746371708886,121884.0,359398.98910610174, 0.0, 0.0,0.0,NaN, 118.2250866882213,118.2250866882213,0.0, 170.16934774141228, 14.718155493522437, -19.923726902483835, 14.718155493522437, 178.46566716295195, 18.620002977796553, -19.923726902483835, 18.620002977796553, 288.1902690772954, 3.8093993763517693, 4.087338165654397, 29.0, 0.0
11, 0 ,0.3333333432674408,0.3333333432674408,0.3333333432674408,70.24257907321375,57.44592837726037,137.50273199203585,15.25136111162166,13.152077436667387,12.87525174821485,76.0,65.0,61.0,-0.8984625005302289,0.3142904607878901,0.30657240808445796,15.795875973805071,0.3443171082279097,0.9376337153936032,0.047840827111966466,12.83657208862625,-0.2724167104319006,0.1485413141685588,-0.9506443151160898,12.532596836679916,82.09661452471252,66.45308096262792,62.702397578506464,22.961590921939056,6.6421838705806495,109993.0,342077.5054943747, 0.0, 0.0,0.0,NaN, 164.74542757617175,164.74542757617175,0.0, 232.6040157570855, -23.614450564690863, -25.336020428677365, -23.614450564690863, 172.9771409000954, 9.253129731188677, -25.336020428677365, 9.253129731188677, 165.77210757990954, 2.844348953215844, 3.732595322173023, 30.0, 0.0
12, 0 ,0.3333333432674408,0.3333333432674408,0.3333333432674408,232.05246744246483,121.69840605238082,11.811426178857094,13.380229483724188,16.81650103655726,7.72192200347234,70.0,89.0,34.0,0.233555551388855,0.9716434366359121,-0.03688951690930087,17.01308647910004,-0.9721304600923604,0.23413034331714053,0.012056156054668053,13.1419105569328,-0.02035124016035459,-0.033045640870645446,-0.999246622532888,7.7005456264867975,90.75404481941416,64.32296315442508,35.30648691858391,21.58357735051314,7.456709484202292,69262.0,206104.05639586455, 0.0, 0.0,0.0,NaN, 139.88166071621416,139.88166071621416,0.0, 179.03054103712205, 26.4147872196249, -3.312086320550475, 26.4147872196249, 282.7947071125314, -7.929125906700032, -3.312086320550475, -7.929125906700032, 59.62807942771028, 3.803719136045224, 4.185243008764786, 28.0, 0.0
13, 0 ,0.3333333432674408,0.3333333432674408,0.3333333432674408,202.45001446276393,192.99276861802727,14.70924281868144,16.251176504107182,16.318500323668843,8.606055606425397,86.0,88.0,39.0,-0.6765766439110792,-0.7363692623993641,-0.0020866977350529983,16.675671550798267,-0.7361597176955125,0.6764467560762926,-0.02210557025558749,15.887235368485184,0.01768940237781263,-0.01341996971971349,-0.9997534643382024,8.600936830273923,80.98070618518119,86.85232462459527,40.75812654259995,23.253042382757407,7.9846354724425055,89886.0,286666.68213405926, 0.0, 0.0,0.0,NaN, 145.54349545977294,145.54349545977294,0.0, 264.10073776764534, 12.833294499708597, 3.191755423362241, 12.833294499708597, 266.2934528135802, -2.3544600067625434, 3.191755423362241, -2.3544600067625434, 74.06419310088602, 3.1836028779749665, 4.03503843653596, 27.0, 0.0
14, 0 ,0.3333333432674408,0.3333333432674408,0.3333333432674408,268.470432688112,104.86795070951077,106.99806259054334,14.646474358178937,13.896163924248638,13.938873555335064,66.0,83.0,73.0,0.7703325578645113,0.4405788460774721,0.460953393178705,15.596871880119217,-0.015340466233239501,-0.7098883110279367,0.7041471834507682,13.641536105070312,-0.6374577792996692,0.5494987409038771,0.5400913935209378,13.136242201452113,75.80999074004734,73.17260336906449,67.14095807274543,23.53158701062443,6.941123229530476,114586.0,372445.2883655247, 0.0, 0.0,0.0,NaN, 153.10122827403146,153.10122827403146,0.0, 214.51921112479312, 24.142906786202758, 24.959073848958898, 24.142906786202758, 193.10337180958933, 7.5950088584776365, 24.959073848958898, 7.5950088584776365, 194.2921959916192, 2.790823352493872, 3.739469568058315, 40.0, 0.0
15, 0 ,0.3333333432674408,0.3333333432674408,0.3333333432674408,73.11721534653465,221.6792698019802,19.057314356435644,14.304705161949093,11.90341559940563,11.41938141911587,66.0,59.0,47.0,-0.9222070351586763,-0.3720741117092149,0.10533299435429905,14.697852732472711,0.3385252322587583,-0.6451387545297724,0.6849793095619228,12.167362918730262,-0.18690867135581968,0.6673506145944378,0.7209079731646953,10.613508814532894,68.14272226879336,62.75518133193292,60.442932273520285,20.943081946689816,6.172963896872425,80800.0,258472.64876577913, 0.0, 0.0,0.0,NaN, 108.8275938779432,108.8275938779432,NaN, 204.62458977029303, 27.742012818136878, -1.8340201023490295, 27.742012818136878, 141.69130293217327, -19.69432795115113, -1.8340201023490295, -19.69432795115113, 130.40227199524878, 3.748211429435944, 4.13192431687954, 21.0, 0.0
16, 0 ,0.3333333432674408,0.3333333432674408,0.3333333432674408,87.79106967971272,287.8001559722877,174.04367224056006,11.020521980591296,7.516604660185423,16.325791916067733,57.0,30.0,71.0,0.20171563480811144,0.03690942141878497,0.9787484341159843,16.534539317679272,-0.9716377262406217,0.13345515452877382,0.1952174445987244,10.769104094661746,0.12341366058875161,0.9903673138488729,-0.06278257751839131,7.424159115981927,73.96579220943212,52.640790579445515,32.82002736911335,19.92673872047479,6.885333397512825,55138.0,127788.64203027665, 0.0, 0.0,0.0,NaN, 154.0165725253362,154.0165725253362,0.0, 121.4519047246959, -6.2660452537132905, 31.55025761201436, -6.2660452537132905, 56.499345617521215, 9.470568834900314, 31.55025761201436, 9.470568834900314, 266.5314816867425, 4.29792022405855, 4.211778703350203, 13.0, 0.0
17, 0 ,0.3333333432674408,0.3333333432674408,0.3333333432674408,227.7611336435839,97.42132955983617,133.91286410427608,13.5402037353714,12.654328157135286,13.680675763043558,68.0,59.0,70.0,0.5115130855720762,0.47487628588419517,0.7161332811658498,15.04079878341492,-0.857269534831733,0.3389401237766593,0.387567461409814,12.972626861170118,-0.058679706355079776,-0.812165072875641,0.5804692812397455,11.666848413990461,73.09240287589142,61.26688691908251,59.407230079067716,22.168375770723422,6.260442741954793,100349.0,266034.1298445548, 0.0, 0.0,0.0,NaN, 180.67103929040942,180.67103929040942,0.0, 183.3371171953656, 12.539788832467371, 22.318731154067194, 12.539788832467371, 160.13202110846692, 34.8706325491155, 22.318731154067194, 34.8706325491155, 187.16088933352742, 3.5314639600989084, 3.983423957386298, 25.0, 0.0
18, 0 ,0.3333333432674408,0.3333333432674408,0.3333333432674408,256.09380507987163,34.80335442215996,262.6543535130522,13.241462442033649,15.122070657645818,13.435162177551963,79.0,71.0,79.0,0.02161455051749048,-0.9763431515645143,0.21514381608356617,15.196246192951174,0.6843197150918683,0.17133147431014073,0.7087679828034688,14.155526252351693,-0.7288616732566692,0.13190745355659803,0.6718341201172376,12.377887924760918,75.04278859326683,75.86800235858016,68.26713518659466,23.166635653051568,6.9154843528459615,107798.0,388668.4525846825, 0.0, 0.0,0.0,NaN, 67.33293950903129,67.33293950903129,0.0, 175.3363276037877, 3.890085902179218, 23.238419796991046, 3.890085902179218, 228.6770209748326, -10.596439769108548, 23.238419796991046, -10.596439769108548, 180.5035827371228, 3.2260122203443613, 3.714161857526993, 23.0, 0.0
19, 0 ,0.3333333432674408,0.3333333432674408,0.3333333432674408,52.138439352667845,63.03925652940234,281.1015134520983,14.698569884720376,11.36185726937475,9.7514370145586,73.0,58.0,41.0,-0.978085079106119,-0.18734581878594714,0.09083568799431478,14.828251838088217,0.20757299755109726,-0.9114020650824679,0.3553304468393692,11.48080689948522,0.016218160118507116,0.3663984442472933,0.9303166941077288,9.409798163484824,70.84384776118615,57.508236747612216,48.950734256149985,20.058830102592637,6.1541543716350535,68651.0,199430.4198869668, 0.0, 0.0,0.0,NaN, 83.96140491745503,83.96140491745503,0.0, 216.04795665600878, 15.880524769407325, -8.477193104961993, 15.880524769407325, 129.09180060964388, -16.246181100834708, -8.477193104961993, -16.246181100834708, 95.09052384890356, 3.7246350607539167, 4.043383007383294, 18.0, 0.0
20, 0 ,0.3333333432674408,0.3333333432674408,0.3333333432674408,133.909439489384,252.9195970325208,252.99037831787274,13.819889498158291,13.458819614602707,10.911915087237476,64.0,63.0,48.0,0.8960445046489334,-0.4108970250957586,0.16813054587404272,14.068768876344606,-0.3856097983370592,-0.9079808457656978,-0.16393860786605643,13.350705086926393,-0.22002120151226445,-0.08206350278938698,0.9720371661593172,10.725086387377786,67.55086130499535,70.60937390230953,50.99531927974559,21.258743289398385,6.266170743465898,83977.0,243233.59944483708, 0.0, 2.8421709430404007E-14,0.0,65.73880302074835, 149.52660919929252,149.52660919929252,0.0, 190.9893457413058, -8.390481495739063, 16.485654728168655, -8.390481495739063, 181.13982541841455, 3.682294371104941, 16.485654728168655, 3.682294371104941, 119.06989087108086, 3.5379862829735687, 3.958784309114623, 27.0, 0.0
21, 0 ,0.3333333432674408,0.3333333432674408,0.3333333432674408,178.4766750268721,272.3560551773558,285.92377284127554,11.854024219588283,15.149576930657268,7.54508561734832,56.0,60.0,31.0,-0.07302006080433102,0.9973041096579358,0.007251453614598486,15.166082194015008,0.9892165449947241,0.07149850548432372,0.12782249732425602,11.892452569674255,0.12695943379218827,0.01650686441760129,-0.9917705508827462,7.450866467199248,62.59074900453862,56.13271247636132,34.61338164748085,19.624302094679493,6.4685899272065575,55820.0,121610.25763389967, 2.8421709430404007E-14, 0.0,0.0,85.81253184496579, 125.42027893808026,125.42027893808026,0.0, 140.51789019858558, -6.630704338213589, 10.771054321736713, -6.630704338213589, 229.5096811779029, 2.0471159939027337, 10.771054321736713, 2.0471159939027337, 56.92831697311648, 3.884216544422912, 4.220509932874622, 15.0, 0.0
22, 0 ,0.3333333432674408,0.3333333432674408,0.3333333432674408,73.180018252237,34.09086052619864,31.59011485554022,12.90103088959072,12.272037521941167,13.462918771750354,60.0,57.0,69.0,0.41974546590810097,0.2037438284459515,0.8844784882741795,13.57684800698481,-0.7655725315370991,-0.4439863450816896,0.4655908336048725,13.049628014331713,-0.48755763024022963,0.8725620767321887,0.03038057674472111,11.986079079150757,67.78372097604411,64.8748799500078,55.87223193256324,21.45679038478019,6.155958998604541,89852.0,245695.9475465511, 0.0, 0.0,0.0,NaN, 86.69162127564978,86.69162127564978,0.0, 166.43659801417394, 12.528183356950647, 5.606095492717168, 12.528183356950647, 150.60290493993188, 1.8239026657099666, 5.606095492717168, 1.8239026657099666, 181.25018185474806, 2.976792664621401, 3.6592121727449407, 27.0, 0.0
23, 0 ,0.3333333432674408,0.3333333432674408,0.3333333432674408,238.0117019381335,34.65882474284803,91.89035058931636,14.339533221705087,12.886414255175358,14.181941756528142,70.0,68.0,74.0,0.7421598215812474,-0.06019343037857948,0.6675144568994367,15.283771799998657,-0.49899424871413783,0.6152771587712652,0.6102776070318925,13.616444736557334,0.44744110113031005,0.7860093948761802,-0.42659781080741305,12.401939753916436,73.24348438702077,64.58843129905418,58.85754413149999,22.941054742238673,6.8203639691396125,106649.0,278436.31042799447, 2.8421709430404007E-14, 0.0,0.0,42.0842743213242, 116.1362120985084,116.1362120985084,0.0, 205.62221301638388, -13.26593041921702, 29.90313873045724, -13.26593041921702, 166.0596723559867, 8.659493258660193, 29.90313873045724, 8.659493258660193, 201.1274719855565, 3.9084414429477454, 3.9901998153366667, 24.0, 0.0
24, 0 ,0.3333333432674408,0.3333333432674408,0.3333333432674408,17.359746879184485,100.34398082156278,156.04670424603688,10.651908203639275,15.287217814132008,14.033868015348457,44.0,78.0,68.0,-0.05641127183550214,0.9801997016206678,-0.18980598871651966,15.345604181080393,-0.017417238098517206,-0.19104593346336846,-0.9814265592106879,13.984833829639152,-0.9982556827921996,-0.05205762432021546,0.027849515672892,10.632426036548836,80.06654694185238,72.294755334863,45.62314842486544,22.288945707330523,6.878555633517611,92604.0,264084.6409720017, 0.0, 0.0,0.0,NaN, 176.33158156511695,176.33158156511695,NaN, 113.46314837875768, -6.4955766175278065, 2.721676112776212, -6.4955766175278065, 233.69902849671502, -7.305890858421333, 2.721676112776212, -7.305890858421333, 196.94945147222043, 3.035608334622498, 3.871463892628969, 30.0, 0.0
25, 0 ,0.3333333432674408,0.3333333432674408,0.3333333432674408,289.02740427711615,55.65723310709865,158.71428266530071,6.687728946653414,14.352012448294376,12.816076062994405,29.0,67.0,60.0,-0.06263408547645767,0.9589735543449935,0.2764899517224036,14.512822027172993,-0.04458491044687514,0.2740688087930452,-0.9606760503974299,12.66871138117625,-0.9970401983355396,-0.07249834559278248,0.02558970084501857,6.621142966317719,65.28013190892692,57.9674130244469,31.289562969331996,19.262530242018606,6.626666892766951,46854.0,118403.47255856686, 0.0, 0.0,0.0,NaN, 152.24907020017008,152.24907020017008,0.0, 44.725718463905984, -11.443161465606183, 2.1083122264428127, -11.443161465606183, 205.98026131599673, 13.507093942987279, 2.1083122264428127, 13.507093942987279, 164.2518056524582, 3.675050410309394, 4.0226283560847325, 14.0, 0.0
26, 0 ,0.3333333432674408,0.3333333432674408,0.3333333432674408,79.97424258418664,9.625292937823287,267.76685316161723,13.747244535247605,6.235451470576807,13.949522458033949,64.0,26.0,63.0,0.6825442993783435,-0.00861582065587744,0.7307934366293609,15.241118711093298,-0.7299565307233972,0.04123214370049009,0.6822487622415476,12.308142792389242,0.036010312972644676,0.9991124451032968,-0.021853590078618902,6.218897458354304,71.39768023701461,58.32667933920975,26.98150130149429,19.411829736767814,6.755562924845695,47365.0,112361.48343250563, 0.0, 0.0,0.0,NaN, 86.76117505058347,86.76117505058347,0.0, 188.98673231189514, -4.534089361677477, 40.39239017960867, -4.534089361677477, 38.880855041918466, 1.954483477512624, 40.39239017960867, 1.954483477512624, 194.5891768071935, 3.7993156165435122, 4.161193165290276, 15.0, 0.0
27, 0 ,0.3333333432674408,0.3333333432674408,0.3333333432674408,260.59425092324585,275.05387763249826,54.300089829324286,14.423725301299088,13.265404888218635,13.481609058439616,74.0,53.0,74.0,0.7360561219408863,0.3352368700152398,0.5880796088419731,16.14728122491079,0.3322719574285936,-0.935824763611485,0.11758978747356974,12.868089395212484,0.5897598932276709,0.10884967980611553,-0.8002093573223148,11.808733445241918,82.1222166334806,61.34979104477628,62.12461428298268,22.75458230386398,6.9280289691219235,100190.0,312995.040788811, 0.0, 0.0,0.0,NaN, 71.57947916091014,71.57947916091014,0.0, 208.04385156733545, 21.79965299447351, 53.522290166101065, 21.79965299447351, 175.97096684837487, 21.034834964580195, 53.522290166101065, 21.034834964580195, 181.75378280460112, 2.7459403280399672, 3.5273684718863723, 29.0, 0.0
28, 0 ,0.3333333432674408,0.3333333432674408,0.3333333432674408,165.3837348611556,102.37933406877572,211.85598377281949,14.57687630836582,11.327576515978048,12.852121309651933,67.0,56.0,62.0,0.8965338687066801,0.08091250626290405,0.43552289100814073,15.114902812846056,0.40065504288654163,0.27126099839549045,-0.8751531336623694,12.320428013384435,0.1889512076474154,-0.9590988672080357,-0.21077666865392422,11.212631328906427,73.17588775353477,66.31157978569429,60.52735366625505,21.545001671390807,6.464459588598391,84303.0,293703.45867766754, 0.0, 0.0,0.0,NaN, 190.71558531214774,190.71558531214774,0.0, 212.48532290939676, 10.28596304846932, 30.973879042849173, 10.28596304846932, 128.3139897253374, -2.5684673744825184, 30.973879042849173, -2.5684673744825184, 165.17702215800932, 3.255583107312031, 3.765954004364751, 26.0, 0.0
29, 0 ,0.3333333432674408,0.3333333432674408,0.3333333432674408,86.20873060975353,60.13380059354676,219.7357664540843,13.063107493597927,13.79568117058329,12.920589406571674,74.0,66.0,61.0,0.20005498668778787,0.8028227819826206,0.5616525465365882,14.608701579969784,0.9761940943180021,-0.21235271529900424,-0.04417481775622781,13.001314277947166,0.08380389322701479,0.5571192915658417,-0.8261930781876411,12.060633986500386,71.28227024634577,71.4160841891281,60.39111925943293,22.044925626074797,6.47522054479477,95022.0,307433.10784010513, 0.0, 0.0,0.0,NaN, 132.25114893218432,132.25114893218432,0.0, 170.64477738929432, 6.027111606023768, 6.61890728620408, 6.027111606023768, 190.32081896038633, 30.862689327763736, 6.61890728620408, 30.862689327763736, 166.94163061321214, 2.7377116158584234, 3.539788402498812, 29.0, 0.0
30, 0 ,0.3333333432674408,0.3333333432674408,0.3333333432674408,146.81818995293233,288.4576838412943,25.739821393417685,14.043681003897763,7.427442747353528,13.980864259617636,68.0,33.0,62.0,-0.7240904298551576,-0.10913504635500168,0.6810158522745748,14.880834096195837,-0.6813014405215359,-0.04048787412032575,-0.730882397648553,13.170211400769038,-0.10733776844826864,0.9932020306595779,0.04503698211733904,7.277551484589853,79.91875977107242,65.73182682759298,36.591790206429664,19.998278312389875,6.922810981854565,55877.0,192224.2147007827, 0.0, 0.0,0.0,NaN, 149.50366005127728,149.50366005127728,0.0, 197.2249761392389, 16.637321440730695, -23.079624075456074, 16.637321440730695, 55.166905765214516, -8.956049757776299, -23.079624075456074, -8.956049757776299, 195.4645654458538, 4.025418432629275, 4.137763845143933, 14.0, 0.0
31, 0 ,0.3333333432674408,0.3333333432674408,0.3333333432674408,288.2607813292745,27.774063202145395,25.586613031818512,7.452355048274706,13.898532286487525,14.149651466330534,33.0,62.0,59.0,0.006492980196871806,-0.682785750278132,0.7305898031216231,15.73421152767909,0.1406022020758335,-0.7227238284650681,-0.6766840389282297,12.152494562432047,-0.990044878770447,-0.1071162311973501,-0.09130854852907436,7.326042288645455,82.7842876626699,65.20644377868543,36.539935457717036,20.00936268169988,6.967412516487646,55188.0,197245.09282832837, 0.0, 0.0,0.0,NaN, 39.5459556490408,39.5459556490408,0.0, 55.53759576554549, -10.412794767073851, -8.02485204671175, -10.412794767073851, 193.16919971853613, -50.74441041723257, -8.02485204671175, -50.74441041723257, 200.21263661862983, 3.6789646292951925, 3.992072547904311, 12.0, 0.0
32, 0 ,0.3333333432674408,0.3333333432674408,0.3333333432674408,184.3469493055854,283.18883203623284,119.68069828438749,13.01746158834399,9.127874876103713,14.301548842654956,67.0,36.0,76.0,-0.4569955157734155,0.03997422082109965,0.8885702899786467,14.719509183656141,-0.8746520214443109,0.1613865513383292,-0.4570976071152661,12.632764098127462,0.16167541540497432,0.9860813570476151,0.03878939722091646,9.003112011409508,77.16181026601392,60.51126200592904,40.23934095072201,20.387361906255528,6.454624680026965,69771.0,187883.86155307814, 0.0, 0.0,0.0,NaN, 167.27735365275663,167.27735365275663,0.0, 169.4543062040112, -13.562455133237055, -23.669987005635342, -13.562455133237055, 83.31809975380537, -0.9763827363346413, -23.669987005635342, -0.9763827363346413, 204.53429929884533, 3.7323662282404095, 4.106015320908243, 26.0, 0.0
33, 0 ,0.3333333432674408,0.3333333432674408,0.3333333432674408,187.7735822571589,14.892148605652256,10.841942728804042,16.003294515859338,9.731200177944967,6.990572387761461,71.0,38.0,30.0,-0.9902462654298005,0.138452028059936,-0.015600311805349728,16.102747735568514,-0.1357447444217481,-0.9334806210972232,0.3319447158757265,9.879097766101218,0.03139583036340536,0.3308246755640111,0.9431698340562845,6.540239847708919,71.12454748025831,45.73176314752435,31.236222658860992,18.7797062038724,6.855102440469989,42744.0,101600.52959756524, 0.0, 1.7763568394002505E-15,0.0,82.04171832364366, 113.7281524145107,113.7281524145107,1.3486991523486091E-6, 256.10543536133355, -22.738999293339415, 0.8746332053472999, -22.738999293339415, 94.69625690323615, -17.454979506368574, 0.8746332053472999, -17.454979506368574, 48.86810230853298, 4.042764017388055, 4.111580559672048, 14.0, 0.0
34, 0 ,0.3333333432674408,0.3333333432674408,0.3333333432674408,107.0015212352016,35.94322791621823,163.79405372961338,11.807592813004245,12.126186577239071,16.23390210659783,63.0,65.0,80.0,-0.12112301514154483,-0.24350481941424698,0.9623069251154003,16.525087128392148,-0.6437634784541431,-0.7186537716020706,-0.2628789462295183,12.040298583182745,-0.7555777915023996,0.6513387440373517,0.06971399790717767,11.487207318455594,84.04280065521289,67.90343049336045,59.02011659597095,22.432315463002702,6.8406468640431255,96632.0,336815.6751714549, 0.0, 0.0,0.0,NaN, 176.89912656397135,176.89912656397135,0.0, 139.4192480377095, 10.1825828451891, -14.24670632811333, 10.1825828451891, 147.044400906013, -30.610365316244877, -14.24670632811333, -30.610365316244877, 263.53957760660154, 3.2011130179721663, 3.7101994327127414, 24.0, 0.0
35, 0 ,0.3333333432674408,0.3333333432674408,0.3333333432674408,232.08297867445765,84.2561020497366,280.0440543835837,13.206179496086698,14.30100673776201,11.24568787470455,63.0,68.0,52.0,-0.22679496234119095,0.9085137745296761,0.3509512310086676,14.746495571847133,0.9449035556861402,0.29258671475030784,-0.14680015259975532,13.259331711563231,0.23605362845833844,-0.2983215309719753,0.9248150888962561,10.588600345837914,66.17505865827603,63.28942095755508,51.29663557918718,21.552779890191836,6.392585187274519,86938.0,214839.60189952567, -2.8421709430404007E-14, 0.0,0.0,76.89154911282388, 110.04568271311312,110.04568271311312,0.0, 174.40317688286072, -4.096534544006137, -17.219245995113482, -4.096534544006137, 204.51879371351444, 30.851585372903386, -17.219245995113482, 30.851585372903386, 126.46549577527695, 3.0259647554020126, 3.8070428915603047, 20.0, 0.0
36, 0 ,0.3333333432674408,0.3333333432674408,0.3333333432674408,256.0983463501898,10.957742484401589,26.45612810332039,14.206583463826684,6.999219486122169,11.692977118643729,70.0,30.0,49.0,-0.9981002113262126,-0.0613725424865218,-0.005420256387831811,14.227183233258332,-0.0015436440401099955,-0.06303728610800002,0.9980099787693586,11.707909062718597,0.06159208807669368,-0.9961223376618343,-0.06282279122639006,6.932093742378026,70.11425468500133,49.2884641067615,32.061545869233846,18.611970089879843,6.4137641366134375,45838.0,110799.05730065746, 0.0, 0.0,0.0,NaN, 52.41520798166934,52.41520798166934,0.0, 201.8270137146738, 9.464058136924761, 0.6979312908554486, 9.464058136924761, 48.98907341491228, -5.549140011865003, 0.6979312908554486, -5.549140011865003, 136.7257138971258, 4.593074303217087, 4.0770984485764, 10.0, 0.0
37, 0 ,0.3333333432674408,0.3333333432674408,0.3333333432674408,151.50237793862829,96.5677681786342,158.91236650977598,11.959112539250164,12.452681155808788,13.11939187946053,56.0,64.0,65.0,0.3535304403233734,0.5914954891903178,0.7246718664556179,13.523775080648312,-0.5317345141933041,-0.5102889318425503,0.6759168680056746,12.71060002514204,-0.7695938111629882,0.6242902308273742,-0.13411589582570363,11.214108905768466,68.53576508718282,69.45728104336017,52.11338647576245,20.823313176638887,6.049604311783291,81373.0,248075.76518947846, 0.0, 0.0,0.0,NaN, 226.4566137977785,226.4566137977785,3.814697265625E-6, 143.02037272645052, 21.662610901127472, 1.7700030363924073, 21.662610901127472, 155.0692679682353, 12.141935960107714, 1.7700030363924073, 12.141935960107714, 172.11844328685487, 2.7623575344159295, 3.456706227431241, 23.0, 0.0
38, 0 ,0.3333333432674408,0.3333333432674408,0.3333333432674408,177.43453120446634,285.20695102685625,244.60967192748356,14.232958205781198,8.678336616616347,12.981293794211231,68.0,38.0,60.0,0.9609814201829793,0.15283432678564307,-0.2305566711658602,14.41532766488381,-0.233794147817161,0.0033113065185217533,-0.9722804799519467,12.90190656554731,-0.14783438879215785,0.9882462768991942,0.03891387522888913,8.493747675694632,68.43999322838249,63.884294003897196,39.98871538117834,20.160987208447136,6.3197475480659895,65199.0,174840.28689194797, 0.0, 0.0,-2.8421709430404007E-14,76.6701524888911, 135.31155487604067,135.31155487604067,0.0, 202.57709928751433, 19.851192049849452, -8.617288844576464, 19.851192049849452, 75.31352643130406, -5.083824956173174, -8.617288844576464, -5.083824956173174, 168.513988571627, 3.4711538808165954, 3.988894202846666, 14.0, 0.0
39, 0 ,0.3333333432674408,0.3333333432674408,0.3333333432674408,49.08019952992949,106.12798169725458,260.2560259038856,14.298164117282909,11.52248240537496,11.358996526508058,67.0,55.0,53.0,-0.936098601732784,0.3074993678649985,0.17077337789173175,14.745708966272943,0.08100362901329829,0.6609289521048215,-0.7460638929450337,11.74098995079305,0.34228324516488084,0.6845561036410743,0.643603232626398,10.533049038787796,68.04050303561115,55.379905274676446,49.27659410563399,20.73788044579995,6.014334095466889,79988.0,185677.98181544078, 0.0, 0.0,0.0,NaN, 123.49736014175812,123.49736014175812,NaN, 204.43749712475653, -29.212881964643856, -18.649715034423004, -29.212881964643856, 132.76760078217552, -7.674962959169881, -18.649715034423004, -7.674962959169881, 129.02680208922212, 2.9529776388215097, 3.6015452110247494, 23.0, 0.0
40, 0 ,0.3333333432674408,0.3333333432674408,0.3333333432674408,57.473282304616106,133.4011725747788,283.3135189910066,12.28900626708818,12.245239693701144,9.177782496169234,62.0,61.0,39.0,-0.7013043106419549,0.7023077655933453,-0.12221320003295454,12.737584648400471,0.7122137731731332,0.6976025358920444,-0.0781168561802006,11.843099947081193,-0.030394163543377317,0.14182561230000562,0.9894249291978783,9.093524218035332,62.60639611497278,61.377760274864045,42.48779730332109,18.754077417617857,5.786349622147534,55263.0,163265.32525285336, 0.0, 0.0,0.0,NaN, 146.21042942162336,146.21042942162336,NaN, 151.01967503253255, -10.581160427290223, 3.615672525744483, -10.581160427290223, 149.9458951561941, -9.965288095662586, 3.615672525744483, -9.965288095662586, 84.23169154699038, 3.983689751056421, 3.988483860046007, 15.0, 0.0
41, 0 ,0.3333333432674408,0.3333333432674408,0.3333333432674408,83.53871084352367,211.26220659910499,66.99411640053351,11.64486693836343,12.810886478411676,12.829551825149165,53.0,59.0,60.0,0.3705816029847502,-0.6149303248183896,0.6960818710094405,14.117301575044408,-0.37339038847817185,-0.7848489220968262,-0.49456221780031917,11.955070585247219,0.8504404113877547,-0.0766346207806924,-0.5204596445224422,11.049761171633282,62.07290154462054,59.67172502241817,57.58001769681748,20.715519768030994,5.931810781671694,80223.0,213276.2192760144, 0.0, -2.8421709430404007E-14,0.0,52.05314225870897, 139.07308804850067,139.07308804850067,0.0, 135.60292601218967, -11.489395592205728, 23.76030903254841, -11.489395592205728, 164.11881236275113, -24.961310827134444, 23.76030903254841, -24.961310827134444, 164.59740003418827, 3.4842248220556393, 3.729936396936252, 20.0, 0.0
42, 0 ,0.3333333432674408,0.3333333432674408,0.3333333432674408,286.5172989554615,219.82965091445658,8.1456529336388,7.876578089668321,16.431414034205737,5.34802332337838,31.0,68.0,24.0,-0.04766716941679794,0.9923869166073941,0.11356077098302275,16.545072373985363,0.9872532554991188,0.02952401993901086,0.15639482649062567,7.901652144237643,0.15185140916758824,0.11956813954021817,-0.9811445405956803,4.945470307724688,69.4058313089827,34.97833117496697,24.00302320179909,17.623504345658496,7.0742701116161335,25753.0,58272.1430994579, 0.0, 0.0,0.0,NaN, 81.7032420511548,81.7032420511548,0.0, 62.04048240264306, -10.685108899250196, 4.514526914070747, -10.685108899250196, 269.99136716349324, 28.268472776758877, 4.514526914070747, 28.268472776758877, 28.601353467399125, 3.652546536432712, 4.1112975198571835, 13.0, 0.0
43, 0 ,0.3333333432674408,0.3333333432674408,0.3333333432674408,201.54817835847723,171.23905093654315,48.75100720227101,12.356284122444457,12.263229273800045,12.302886959592522,65.0,57.0,58.0,-0.6294112012846766,0.6990071607432282,0.33945622534735087,13.025773087715946,0.526987919126725,0.06293141019943926,0.8475395983107776,12.367575348628332,0.5710737892705853,0.7123402465395318,-0.4079780635869216,11.48032632551039,60.99773386788041,60.39104259574455,59.2521953637509,20.532750018232925,5.729899978675851,80669.0,218268.304195558, 0.0, 0.0,0.0,NaN, 169.2595754794754,169.2595754794754,1.9073486328125E-6, 152.67775731457297, -15.960940032290965, 1.3587091758714862, -15.960940032290965, 150.38679222178638, 10.115119526848716, 1.3587091758714862, 10.115119526848716, 151.3610275405117, 2.857371799627581, 3.3840280344819362, 17.0, 0.0
44, 0 ,0.3333333432674408,0.3333333432674408,0.3333333432674408,32.98126993807469,177.24259945580783,58.821730155751546,13.100173706342405,11.57474304917165,13.09590576923458,63.0,55.0,65.0,0.6908303642488991,0.29990947689916886,0.6578812305407411,13.806062533232515,-0.6735192295470943,-0.06393817948991648,0.7363991829393912,12.579428412696515,-0.2629168219456894,0.951822575309906,-0.15782436398856986,11.324424658484018,65.49343694205615,57.950575076498666,55.64621057061153,21.01958332942596,5.938778693023588,85264.0,211198.6445831552, 0.0, 0.0,-7.105427357601002E-15,48.86151712172934, 140.06119910100523,140.06119910100523,0.0, 171.61455113634491, 14.213025794367283, 13.464724890442987, 14.213025794367283, 133.9746766543474, 10.892375583227075, 13.464724890442987, 10.892375583227075, 171.50274791667155, 2.95296197623954, 3.5976134994278803, 24.0, 0.0
45, 0 ,0.3333333432674408,0.3333333432674408,0.3333333432674408,24.244387082601055,130.34850615114235,59.21783831282953,13.37123451577281,12.607747654988247,12.69801587265354,58.0,60.0,62.0,0.712561663808433,-0.5933488206379995,0.37442362681600816,14.293282775401321,0.5764235933576611,0.19084576963205244,-0.7945525364846502,12.728661060908607,-0.39998964522997243,-0.7819942897880046,-0.47800963844650207,11.518162857363228,71.8241570751265,65.02382410449829,60.48198291287903,21.48520682368572,6.113158615093113,91040.0,282467.87717839394, 0.0, 0.0,0.0,NaN, 145.2076986088885,145.2076986088885,0.0, 178.78991247579413, -27.05611723810135, 5.668237207577524, -27.05611723810135, 158.95530093186161, -20.364219837318302, 5.668237207577524, -20.364219837318302, 161.23960710216124, 3.758130576919849, 3.7749923265666965, 22.0, 0.0
46, 0 ,0.3333333432674408,0.3333333432674408,0.3333333432674408,76.16191921703063,142.02323786096537,75.34073037015715,12.511652490554392,11.618157067830102,12.48552410799355,64.0,59.0,64.0,0.6791834075527154,0.19244323933070523,0.7082905466974602,12.879040060089439,-0.7329542794766255,0.22854891662356247,0.6407366205447418,12.190038791762259,0.03857360628697667,0.9543222686001317,-0.29627872780865744,11.530161114849928,63.958116046333316,62.273180525627104,56.40418532460657,20.33161412315098,5.834106709321184,76427.0,224650.83692008874, 0.0, 0.0,0.0,NaN, 177.89734029502117,177.89734029502117,0.0, 156.5414480443959, 1.6814140483146849, 8.48804037407333, 1.6814140483146849, 134.98157365277058, 6.780010504960204, 8.48804037407333, 6.780010504960204, 155.8883122512881, 3.2580248619719385, 3.6202964775162947, 23.0, 0.0
