// Sample: .//bubblelabels.tif, Map: .//bubblelabels.tif, Thickness:(8.191250068658265):/gpfs/home/mader/Foam/NewValid/InSilicoTest/LatticeDataPhi_16.0/out_Step_02000.vtk/distmap.tif, Neighbors:(1.0):
//LACUNA_NUMBER, TRIANGLES, SCALE_X, SCALE_Y, SCALE_Z, POS_X, POS_Y, POS_Z , STD_X, STD_Y, STD_Z,PROJ_X, PROJ_Y, PROJ_Z, PCA1_X, PCA1_Y, PCA1_Z, PCA1_S, PCA2_X, PCA2_Y, PCA2_Z, PCA2_S, PCA3_X, PCA3_Y, PCA3_Z, PCA3_S,PROJ_PCA1, PROJ_PCA2, PROJ_PCA3,OBJ_RADIUS, OBJ_RADIUS_STD, VOLUME, VOLUME_BOX, Mask_Grad_X,Mask_Grad_Y,Mask_Grad_Z,Mask_Angle, Mask_Distance_Mean,Mask_Distance_COV, Mask_Distance_STD, SHAPET_XX, SHAPET_XY, SHAPET_XZ, SHAPET_YX, SHAPET_YY, SHAPET_YZ, SHAPET_ZX, SHAPET_ZY, SHAPET_ZZ, Thickness, Thickness_STD, Neighbors, Neighbors_STD
1, 0 ,1.0,1.0,1.0,169.26219204220214,64.7834221897974,165.7336663112408,13.437153035450473,13.517848107584948,13.369030002880976,63.0,66.0,64.0,-0.4315949231414618,-0.6904033190602432,0.580576506025791,15.318562945298643,-0.8483241343646913,0.09181162126105402,-0.5214564116547175,13.135098383082168,0.30671156706735536,-0.7175750018165465,-0.6253112276259483,11.611678695755453,75.3356111040128,61.060269253579236,67.99351763391434,22.171934638622822,7.1010968699484325,89095.0,312771.04452447925, 0.0, 0.0,-2.8421709430404007E-14,54.50889877646619, 79.4725503123021,79.4725503123021,0.0, 180.55708169811587, 26.80971162968008, -8.337105842421865, 26.80971162968008, 182.73221745973794, -41.818869463586644, -8.337105842421865, -41.818869463586644, 178.7309632179317, 5.8305376176129915, 4.041511717561562, 35.0, 0.0
2, 0 ,1.0,1.0,1.0,41.61677662083035,8.883581061388867,26.239461622022628,14.15645210631327,5.874488615193951,12.11378608498104,74.0,22.0,55.0,0.8643711702600152,-0.02089707180226717,0.5024199363216222,15.106326583713033,-0.49786978602253096,0.10476610475642312,0.8609005398186518,10.953646869698964,0.07062688007558718,0.9942773132704261,-0.08015277990520055,5.7857655881658365,80.0618016333353,54.05425107771682,25.13983698380857,18.31688930251314,6.793388868638108,37743.0,108797.18800034793, 0.0, 0.0,0.0,NaN, 49.99383416978495,49.99383416978495,0.0, 200.4051362383414, -8.029512320909085, 47.48664846199107, -8.029512320909085, 34.50961649004335, 5.757920524790606, 47.48664846199107, 5.757920524790606, 146.74381331268026, 6.235684880890724, 4.244281244422468, 17.0, 0.0
3, 0 ,1.0,1.0,1.0,169.65393132931501,40.18301912226309,11.960330451192975,14.940756636146135,11.437514669963868,8.199882954656069,65.0,62.0,31.0,0.9381112350314895,0.3385672173436691,0.07293524558030434,15.42133639614248,0.34256696683916765,-0.9380744024146894,-0.05161674887995758,10.82933183036473,-0.05094294787609849,-0.07340745789420194,0.9960000809172681,8.135661437222126,73.68158860657431,65.82421326891631,34.6694854851002,19.36745731259723,6.795780190745545,51929.0,168148.13491226864, 0.0, 0.0,0.0,NaN, 51.75527426309153,51.75527426309153,0.0, 223.22620886054477, 38.09513059458492, 10.83976388026709, 38.09513059458492, 130.8167418256387, 6.711683633265813, 10.83976388026709, 6.711683633265813, 67.23808047005913, 6.094701257225761, 4.065170036116109, 15.0, 0.0
4, 0 ,1.0,1.0,1.0,9.401149086623453,29.79762080141426,135.11328815556865,6.164362275401416,10.66558710606318,10.733962022043581,24.0,53.0,57.0,0.031594811625021535,-0.6956573016528829,0.7176786791701486,11.806117596483276,-0.024995124377954706,-0.718362515011911,-0.6952197787628689,9.472170459944119,-0.9991881762889863,-0.004026870098737879,0.0400845691195242,6.153505126824646,67.27372353365448,47.547101244612094,25.251878359935652,15.446450104609251,5.327216011756651,27152.0,80772.43948950412, 0.0, 0.0,0.0,NaN, 72.01781157155544,72.01781157155544,0.0, 37.999362262392125, -1.3001873073439933, 3.203044542190197, -1.3001873073439933, 113.75474831702115, -24.78600035301833, 3.203044542190197, -24.78600035301833, 115.21794069067391, 6.144895641030014, 4.117209542354067, 13.0, 0.0
5, 0 ,1.0,1.0,1.0,59.085235636346646,74.27944578144348,142.63924390756793,9.944178246921354,9.833880179482717,10.69473001409399,52.0,56.0,57.0,-0.6037516997633015,0.3223962971624294,0.729070992845607,11.620900833434419,0.24129923117305585,-0.7977573090390412,0.5525920347870392,9.943238896122379,-0.759775339207727,-0.5095526503225574,-0.40385335269258416,8.720997336282819,55.047097487050664,52.90104296951006,48.82187156497153,16.89060259064686,4.9675622381765345,42799.0,142171.67589810243, 7.105427357601002E-15, 0.0,0.0,52.86093145827505, 110.89976318864028,110.89976318864028,0.0, 98.88668100654384, -15.873464758772533, -22.924109483277636, -15.873464758772533, 96.70519938442303, 3.8090759799408236, -22.924109483277636, 3.8090759799408236, 114.37725007436282, 5.930554918075639, 3.8647595073008123, 21.0, 0.0
6, 0 ,1.0,1.0,1.0,29.032202847544394,106.8532074868021,174.055703087506,12.604258012254611,12.342164310493246,10.051893860280991,60.0,59.0,51.0,-0.7946525585519495,0.607061135076041,-0.0020222430688453777,12.96188133000889,0.6058608259961169,0.7928628647314083,-0.06558305614415648,11.973683449422834,-0.03820956307187935,-0.05334094121866563,-0.9978450647669523,10.042780846201756,66.81243398868855,58.01959812358202,51.91304746386717,19.425294200722806,5.907186750086655,62510.0,201237.32415429055, 0.0, 0.0,2.8421709430404007E-14,89.88413392803375, 100.95692299174608,100.95692299174608,0.0, 158.86732003948455, -11.973660321083234, -1.5812530845490211, -11.973660321083234, 152.32901986721322, -2.2929750195016907, -1.5812530845490211, -2.2929750195016907, 101.04057017835468, 5.901857789702996, 3.742948968261224, 24.0, 0.0
7, 0 ,1.0,1.0,1.0,136.72567480489727,16.850594257893608,180.25426004152646,13.912695912017432,10.596920723962123,9.437943088666461,74.0,47.0,39.0,-0.964577225029242,-0.26380026623622466,-4.4327032826804356E-4,14.146857663588367,-0.2618944563840482,0.957807623653167,-0.11838855429127657,10.293899350284267,0.03165549984111486,-0.1140788131318504,-0.9929672470551273,9.425214083908111,75.70087362733952,54.65681850230565,41.438527777849146,18.89265687964143,6.164423910089031,55868.0,171454.7642228727, 0.0, 0.0,0.0,NaN, 68.39208289157034,68.39208289157034,0.0, 193.56310754026654, 24.023756132248824, 0.5786996025710643, 24.023756132248824, 112.29472882993794, -1.9293816036618452, 0.5786996025710643, -1.9293816036618452, 89.07476974490702, 6.093644567037748, 3.927431946644358, 13.0, 0.0
8, 0 ,1.0,1.0,1.0,184.79393425450192,155.1262034219584,92.19177433032374,8.506362052085917,10.988874381424013,10.870121262852555,33.0,57.0,53.0,-0.2737840467907137,-0.9090851942645032,-0.314016568499134,11.361033224065851,-0.2805455513594185,-0.23680925137681677,0.9301696469326399,10.918935377819349,-0.9199654826868998,0.3427615614846899,-0.1902052118981947,7.935796500520951,55.180929731530085,56.67104663990666,38.42795466954583,16.83122035212606,5.28990673445082,40094.0,120170.40278359807, 0.0, 0.0,0.0,NaN, 103.65425851819695,103.65425851819695,0.0, 72.35819536116735, 20.187651336165565, -8.995275115550072, 20.187651336165565, 120.755360170717, 6.478815331185833, -8.995275115550072, 6.478815331185833, 118.15953626911924, 6.068765969920314, 4.044386557319578, 21.0, 0.0
9, 0 ,1.0,1.0,1.0,79.37096685689201,146.5740507023705,44.81872805092186,9.586271262417046,8.812619492702146,10.459233196052239,45.0,40.0,50.0,-0.5743298619999335,-0.07705152305543726,0.8149897376102194,11.271659428839222,0.16821821603065187,-0.9854230004157453,0.025379953646434767,8.799771543836806,0.8011540684603692,0.15167258501940184,0.5789193255911659,8.629492023620957,55.547320090238216,41.032403775491446,41.69332754508184,16.045683146327885,4.635781536789315,36448.0,95029.10265017442, 0.0, 0.0,0.0,NaN, 105.65415667285987,105.65415667285987,0.0, 91.8965967166429, 1.8349500782826997, -24.599621981357338, 1.8349500782826997, 77.66226232315381, -3.3761865399867763, -24.599621981357338, -3.3761865399867763, 109.39555904940113, 6.0254523054924745, 3.939836040842651, 14.0, 0.0
10, 0 ,1.0,1.0,1.0,152.83414634146342,10.601330376940133,87.1614996976416,9.670223902187175,6.7841918653721,9.623128241179929,48.0,26.0,47.0,-0.7536414098765309,-0.0542166829657879,0.6550459347309179,9.885609645254473,0.6510485586214521,0.07539321515490562,0.7552824884938985,9.422899869871937,0.09033493032179911,-0.9956788711210022,0.02152175566635528,6.754758819885946,50.99927443041355,52.29246483878103,27.44939634532384,14.49988798989261,4.679351986266044,24805.0,73204.18477480164, 0.0, 0.0,0.0,NaN, 99.67012083187969,99.67012083187969,1.9073486328125E-6, 93.51323031843215, 4.247444997812209, -4.49448055810931, 4.247444997812209, 46.025259266180974, 0.6076625885901239, -4.49448055810931, 0.6076625885901239, 92.60459714619472, 6.329707389089567, 4.050723669066722, 15.0, 0.0
11, 0 ,1.0,1.0,1.0,98.98560923539179,88.489892201049,13.245301916132943,11.305689579561648,9.917701693204194,8.468843101211322,58.0,50.0,33.0,-0.9950513205644991,0.039682526764724745,-0.09109427266526507,11.331808355537975,-0.010227286491382976,-0.9528232312008196,-0.3033534122027505,10.065778146897726,-0.09883456912371257,-0.3009205661858217,0.9485138590408337,8.256570529494953,59.56007587325389,55.08528003676912,40.13981901616824,16.495331399194534,5.079839490425373,37941.0,131694.06823690492, 0.0, 0.0,0.0,NaN, 133.43181734618048,133.43181734618048,0.0, 127.81861686940881, -2.0555736237375846, 5.5631094290134095, -2.0555736237375846, 98.36080687538532, 9.363685018445494, 5.5631094290134095, 9.363685018445494, 71.7213034729346, 6.289350878888053, 3.9657147359966127, 12.0, 0.0
12, 0 ,1.0,1.0,1.0,154.96353830377151,9.770367275627635,39.9202020585666,10.273725325432222,6.221894962824729,9.832999835924033,47.0,24.0,49.0,0.9423969394150494,-0.01920359360161867,-0.33394495141255215,10.337219114543595,-0.33375504980861587,0.012459076235428697,-0.9425774971569223,9.767966474166663,0.02226152080151805,0.9997379623742134,0.005332098973194123,6.219166077666994,56.54694466059637,51.32606521749992,24.64276104938086,14.802468047266167,4.672925686741364,26329.0,71521.47813892279, 0.0, 0.0,0.0,NaN, 60.970201666168826,60.970201666168826,0.0, 105.54943206242743, -1.469803160598472, -3.6085535350289017, -1.469803160598472, 38.71197692842374, -0.22904243814448969, -3.6085535350289017, -0.22904243814448969, 96.68788577328206, 5.823035218740434, 3.881306068474556, 15.0, 0.0
13, 0 ,1.0,1.0,1.0,188.99874960925288,58.99214598311973,93.1714207564864,6.7210471066791975,9.486283967710705,9.917641033568191,27.0,47.0,57.0,-0.11056094333482513,0.31699690123889523,-0.9419603189168062,9.99057123121068,0.07696160422753773,-0.9421942112992818,-0.3261088463517173,9.459663291535977,0.9908850535171259,0.10854967894499817,-0.07977329075135646,6.650181823216098,54.489381095167175,48.48601807475545,29.01377208131862,14.578978795486256,4.579851381621215,25592.0,76653.60585181718, 0.0, 0.0,0.0,NaN, 110.82425025072737,110.82425025072737,0.0, 45.17247421020081, -5.230120792768911, 4.653074611761784, -5.230120792768911, 89.98958351604514, -2.691487356515545, 4.653074611761784, -2.691487356515545, 98.35960367071554, 6.2035208388350185, 3.9471441088091987, 13.0, 0.0
14, 0 ,1.0,1.0,1.0,72.93588261896387,186.81860208029747,25.50010049746244,10.250160240043954,7.277701154848749,13.6292795455796,51.0,28.0,56.0,-0.2118562911614558,0.06390785860804685,0.9752090532308685,13.803554334592128,0.9681311670643734,0.15009598168443694,0.20048251704515282,10.099356884088353,0.1335625518395306,-0.9866037613400424,0.09366996773669592,7.159110156800164,59.14472966926458,52.69917585086087,32.90679246589855,17.576940500104016,5.902469197990655,39802.0,102566.4742532791, 0.0, 0.0,0.0,NaN, 78.38142222430962,78.38142222430962,0.0, 105.06578494657793, 5.4879421262479395, -18.92781125396902, 5.4879421262479395, 52.964934099286815, 10.207721360526678, -18.92781125396902, 10.207721360526678, 185.75726093155444, 5.314627213884758, 3.643824585471326, 15.0, 0.0
15, 0 ,1.0,1.0,1.0,184.29084846239348,150.00837347165617,34.65513153019637,9.55393710462933,11.289249631978759,9.403255628325235,42.0,56.0,51.0,0.41001793687774424,-0.9009470427767244,-0.1420553327066374,11.679996242461048,0.5204782827777139,0.35902205958829253,-0.7747293191081273,9.724179178878272,0.7489910871267296,0.2437162014328464,0.6161288538640793,8.72720544831746,61.05040993140635,48.41416557208531,49.10446712774848,16.74700432055105,5.165649441398409,40485.0,145138.30205422206, 0.0, 0.0,0.0,NaN, 62.82450402793568,62.82450402793568,0.0, 91.27771419921307, -18.822195816444406, -10.927384803459624, -18.822195816444406, 127.44715725313253, 2.5954775944489463, -10.927384803459624, 2.5954775944489463, 88.42121641163023, 5.849993545909391, 3.86855623503695, 18.0, 0.0
16, 0 ,1.0,1.0,1.0,152.74502126226264,109.91103532482843,9.984674329501916,10.4241484537098,9.739024416816925,5.667058295303341,55.0,52.0,22.0,0.88531121729363,0.46270276725574977,0.046154064912444115,10.68321626011128,0.46194799585804996,-0.8865108865791893,0.026504661841092226,9.465519435154755,-0.053179861383815544,0.002144096651487493,0.998582648153245,5.647995171837926,50.772536226603535,42.94444411663477,22.991070343803138,14.646878009129487,4.5930362380874685,23751.0,50129.691719203496, 0.0, 0.0,0.0,NaN, 102.21911901994918,102.21911901994918,0.0, 108.66287098498039, 10.057017806709675, 4.066447212305343, 10.057017806709675, 94.84859659135623, 0.40043016539249443, 4.066447212305343, 0.40043016539249443, 32.1155497223664, 6.034858414064853, 3.9383192612889513, 17.0, 0.0
17, 0 ,1.0,1.0,1.0,11.287742708066034,46.87032760242922,14.462620819433752,7.003274241448541,9.172178186061858,8.79359888466928,27.0,45.0,38.0,-0.1785798759017676,-0.8240801540737575,0.5375882509734391,9.502789903814746,0.021833521127092952,-0.5495553559877335,-0.8351719631671004,8.516132856187896,-0.9836831427233581,0.13740746110371085,-0.1161320987278286,6.904675904195357,49.47391935934117,41.389296252267556,29.535217590459446,13.895397026164204,4.173730418646509,23382.0,60478.990533815406, 0.0, 0.0,0.0,NaN, 50.33297275116239,50.33297275116239,0.0, 49.04585010093665, 5.9752132362866615, -4.545569791854832, 5.9752132362866615, 84.128852676869, -7.479613962684224, -4.545569791854832, -7.479613962684224, 77.32738134445678, 7.339722657332917, 4.129214436205415, 10.0, 0.0
18, 0 ,1.0,1.0,1.0,62.08766399956895,12.063309895201918,104.80139551173254,10.650142876460896,7.353792748000913,12.116114643329635,52.0,29.0,58.0,0.3280847056126496,0.13954270024008825,0.934284892713548,12.441508942616235,-0.9341226137222995,0.1951560973656463,0.2988796416513333,10.47692455106111,-0.1406249212468405,-0.9707944851876297,0.19437772262686048,7.053151940945384,61.11433130805308,51.86228353353141,35.85376269124244,16.84655844123959,5.522455414556233,37119.0,113639.53265881284, 0.0, 0.0,0.0,NaN, 114.29425078745047,114.29425078745047,1.9073486328125E-6, 113.42554328903074, -6.132331431315176, 15.441910046197945, -6.132331431315176, 54.07826778055082, 17.19568739856729, 15.441910046197945, 17.19568739856729, 146.8002340503068, 5.5538509567463015, 3.6982735495451933, 18.0, 0.0
19, 0 ,1.0,1.0,1.0,189.77137902710595,135.28219403121292,118.50118645614675,6.478672365923319,9.372755213859943,9.23036895822009,28.0,47.0,46.0,0.07297856017219594,0.726064084592545,0.6837434276247064,10.34642826224954,0.06285512569240134,-0.6875569692258162,0.723404898547972,8.151508936006282,-0.9953508742797111,0.00981626883284033,0.09581376694826166,6.444049294436212,49.589245632776766,43.84833168398292,29.47155863283399,13.97336955840231,4.445940869276864,21914.0,64083.12479809231, 0.0, 0.0,-1.4210854715202004E-14,46.86313518937487, 104.57091232975094,104.57091232975094,0.0, 41.97319562497845, 2.39485224497476, 4.402662414223611, 2.39485224497476, 87.84854029893876, 20.13282207516597, 4.402662414223611, 20.13282207516597, 85.19971110487305, 5.915620800373251, 3.7053354545567148, 8.0, 0.0
20, 0 ,1.0,1.0,1.0,11.458969115410833,153.41335011273662,188.03340149965916,7.307509708888094,10.435980204083897,6.07855745582655,29.0,58.0,24.0,0.034618100526800415,0.9991645612156796,0.021720191679512835,10.440774013854446,0.9990384620678723,-0.03518240846846177,0.026160073459740068,7.303758473605075,-0.026902386975453045,-0.02079369483850224,0.9994217747427692,6.07483266108401,58.254285172418406,30.129507153161832,24.80306467680063,13.374081125042034,4.515771890843695,19071.0,43533.667002430055, 0.0, 0.0,0.0,NaN, 49.44515548134878,49.44515548134878,0.0, 53.399698145493744, 1.9162050476227217, 0.4839094265368012, 1.9162050476227217, 108.90968282003098, 1.5497192584650425, 0.4839094265368012, 1.5497192584650425, 36.948860743784536, 6.0807348397811865, 4.078013690147191, 9.0, 0.0
21, 0 ,1.0,1.0,1.0,8.389162321524292,19.241216314994396,55.09419618926953,5.269863463871102,10.397091266774854,9.512770799433195,21.0,42.0,45.0,0.009564971357468123,0.9508423537438161,0.3095275910962565,10.496228195304045,-0.05457813402323802,0.30957675939205775,-0.9493068299189962,9.413333917560044,-0.9984636891792672,-0.007813345713117509,0.054856294254123895,5.251867691465241,44.735308947472305,42.54167439721611,22.07267670356021,14.298400579561513,4.681828370031824,20521.0,42006.84096151526, 0.0, 0.0,0.0,NaN, 58.95738209485739,58.95738209485739,0.0, 27.77146092784354, -0.28002307351227057, 3.4064981839332242, -0.28002307351227057, 108.09950680964596, 6.371508643005532, 3.4064981839332242, 6.371508643005532, 90.49280828254886, 5.55949972121114, 3.77569635837627, 11.0, 0.0
22, 0 ,1.0,1.0,1.0,120.25853181322196,9.86992512322685,147.36956767129473,11.160351001204164,6.469500402456702,10.139312749363544,51.0,26.0,51.0,-0.7934635640290498,-0.1745986110904048,0.5830359316231029,12.475751706539723,-0.5760677565492894,-0.09363590857178297,-0.8120210936239316,8.696755406333986,-0.19637085431037507,0.9801773521313573,0.02628394845100617,6.159188072793698,60.51603397065678,40.85542189051952,28.787602353928364,15.47760439838988,5.445851177163984,26577.0,71174.70121099499, 1.4210854715202004E-14, 0.0,0.0,37.48962467070083, 96.0524834537216,96.0524834537216,0.0, 124.5534344700788, 18.340548010622044, -36.81985549420435, 18.340548010622044, 41.854435457387424, -9.116093033838846, -36.81985549420435, -9.116093033838846, 102.80566302940612, 5.564236939659855, 3.6968226323424482, 10.0, 0.0
23, 0 ,1.0,1.0,1.0,57.220717526942714,151.95575723199093,19.832340707128,8.430212605112281,11.214559075612442,11.666007556040835,41.0,50.0,46.0,0.19877082352660502,0.5444055037525468,-0.8149311671536995,12.362604843328846,0.2140541624004079,-0.8355635915964502,-0.5059785568159,10.712051833934623,0.9563843240421788,0.07386563397397242,0.28261792732239804,8.083841853982383,60.047146304013665,55.860541258868324,41.78177069352024,17.408618830391294,5.4653950034338905,42312.0,140147.17676753833, 0.0, 0.0,0.0,NaN, 77.30317920611783,77.30317920611783,0.0, 71.06848456739401, 0.6315745701086277, -19.5216068695369, 0.6315745701086277, 125.7663352604014, -17.92819668643066, -19.5216068695369, -17.92819668643066, 136.09573229760187, 5.431844324692675, 3.5974674356995138, 12.0, 0.0
24, 0 ,1.0,1.0,1.0,139.86119882711176,36.55021427765873,36.243120559377466,8.745518244874605,9.034742985592263,10.503962008219524,40.0,44.0,52.0,0.26919883168442627,0.45858101493278186,0.8468975391173121,11.157344321537373,-0.7467768510504316,-0.4558963232212752,0.48423432056032967,8.70096509812991,-0.608158140416571,0.7627987907807288,-0.21973092870262095,8.261401945738095,54.101227010173986,42.515231704665965,40.357070088633776,15.735408777685766,4.565172357793357,35468.0,92826.3543405326, 0.0, 0.0,0.0,NaN, 79.1590636512113,79.1590636512113,0.0, 76.48408937143458, 9.480678495796596, 10.124587868326785, 9.480678495796596, 81.62658081570862, 20.19427377590265, 10.124587868326785, 20.19427377590265, 110.33321787011914, 5.5334670288509065, 3.5453457944871327, 15.0, 0.0
25, 0 ,1.0,1.0,1.0,70.93259360351273,63.78303566130659,46.83566724025396,9.055494652725455,9.264077267967116,9.42646003134742,42.0,40.0,49.0,0.5117639539096813,0.6352850165828985,0.5783689161633748,9.882508070428136,-0.373262678399408,-0.4419340979429285,0.8157016770789862,9.188778585514713,-0.7738039986927113,0.6333302462228038,-0.01096224550596352,8.636297939470582,52.948341017507914,47.535509293687284,44.794462357471474,15.409335435712357,4.385845549572068,33706.0,112744.36293380054, 0.0, -7.105427357601002E-15,0.0,50.55887317942388, 106.26988378337676,106.26988378337676,0.0, 82.00198340553932, 9.127634754123564, 3.8324819311059395, 9.127634754123564, 85.82312762686504, 4.929574394113133, 3.8324819311059395, 4.929574394113133, 88.8581487225904, 5.679581733649827, 3.611358518024288, 23.0, 0.0
26, 0 ,1.0,1.0,1.0,92.07456273073898,126.720692368214,77.13505416691883,9.03149062762313,8.080564779821156,10.248141192799627,44.0,38.0,47.0,-0.0712994833476246,-0.10528961806814274,0.9918822914042906,10.274335852457574,0.9870118469794545,0.13607185229561664,0.08539358837199582,9.04462614598386,-0.14395831895575772,0.9850880911572857,0.09422024763036702,8.032465916241245,46.40788845986537,45.2483400544009,38.02128909129206,15.289855943015176,4.255355833195493,33046.0,79840.14142835219, 0.0, 0.0,0.0,NaN, 140.70322885557468,140.70322885557468,0.0, 81.56782295684444, 2.6295229076051636, -1.4456446609964124, 2.6295229076051636, 65.29552716088614, -4.085318950533828, -1.4456446609964124, -4.085318950533828, 105.02439790755658, 5.8032521248767415, 3.6252404406162344, 18.0, 0.0
27, 0 ,1.0,1.0,1.0,66.37769844603108,191.23708525829483,72.75720285594288,11.350966925409391,5.261664922223836,10.077651868688756,59.0,21.0,47.0,-0.9362546723859981,0.08250166341447632,0.3414976778387111,11.560867940241705,0.3442364144764225,0.0211906222037881,0.938643834731275,9.8746129761704,-0.07020312944452184,-0.9963656121446893,0.048239895851203037,5.189121902704095,58.54850110863543,51.17981641941152,21.928484900855096,15.177373947902057,5.266493627407637,23810.0,65708.7387395723, 0.0, 0.0,0.0,NaN, 98.8756698747647,98.8756698747647,0.0, 128.84445014173795, -7.728983944890622, -11.317787706152627, -7.728983944890622, 27.685117753760764, 4.410818558513323, -11.317787706152627, 4.410818558513323, 101.55906718648596, 5.463974666771945, 3.654094566226656, 15.0, 0.0
28, 0 ,1.0,1.0,1.0,101.29854699193314,19.105258042569734,101.66349985421324,9.9897930622675,10.022707261776748,10.918039502801035,46.0,42.0,54.0,-0.5177083438215395,0.41837019481074145,0.7462871101872126,12.752082435669648,0.568912217050138,0.8198304750563247,-0.06493751966327416,9.616328664167266,-0.6389968388252445,0.3909531586557953,-0.6624489925333129,8.022769437265714,63.40744670290066,49.24439941833753,44.22003279245959,17.036644618937792,5.404345750868658,41156.0,138075.3557396564, 0.0, 0.0,0.0,NaN, 140.63091755264603,140.63091755264603,0.0, 99.79596542692789, -8.170164874357425, -38.998528105469845, -8.170164874357425, 100.45466085527238, 29.179821134985318, -38.998528105469845, 29.179821134985318, 119.20358658472387, 5.309242533681164, 3.3867476914457098, 17.0, 0.0
29, 0 ,1.0,1.0,1.0,126.39858961031663,74.36352653611665,166.38768859045317,8.88966922314489,9.214222707146934,9.887660630905591,43.0,45.0,48.0,-0.14169287801424033,-0.5057687765284462,0.8509530380749339,10.327230835493841,-0.7622299271208264,0.6042239932572361,0.2322044447758466,9.087109979772059,-0.6316080006787604,-0.6157201561271144,-0.47112633424314176,8.512736765091718,46.63078961992022,39.30868963903645,41.98733391863584,15.59302120773478,4.307161636266382,35593.0,76962.58307848182, 0.0, 0.0,0.0,NaN, 109.89490055744474,109.89490055744474,0.0, 79.02621889692949, -2.205893039864219, -5.911025708222364, -2.205893039864219, 84.90190009690217, -13.294420326240276, -5.911025708222364, -13.294420326240276, 97.76583275196035, 5.5034491362394675, 3.6037338326363755, 15.0, 0.0
30, 0 ,1.0,1.0,1.0,44.49581536900837,56.32724659734551,171.53771803759122,9.104081462779842,11.216612737781006,7.959794962984795,44.0,53.0,40.0,0.25969767809428174,-0.9627712406116582,0.07502435766820387,11.37511145003632,0.9404959816769644,0.2697881863860281,0.20659536039325962,8.970012584485143,-0.21914475682051263,0.016907771515659975,0.9755458486511294,7.886745220715025,50.66728471544366,45.42402915217721,37.75703244678601,15.830429678800499,4.631687881063252,35487.0,86898.27149079336, 0.0, 0.0,0.0,NaN, 77.21876578331664,77.21876578331664,0.0, 82.88429928093156, -12.166790765077149, 4.8571829438550145, -12.166790765077149, 125.81240130935112, -3.835616410813731, 4.8571829438550145, -3.835616410813731, 63.3583358527581, 5.5143905905755535, 3.5380562134714477, 19.0, 0.0
31, 0 ,1.0,1.0,1.0,188.72393530695618,179.78605406010408,188.39028485085902,6.496709942214352,11.441004562926631,6.938938661185513,26.0,49.0,27.0,-0.04212016016377334,-0.9724759871900142,0.22916445284246004,11.654921968846418,0.6505032621457123,-0.20078471519800684,-0.7324827670878281,6.862209401933659,-0.7583346214208899,-0.11821993267491429,-0.6410558863880543,6.190764997153754,52.50589704216611,37.821036562397026,32.39171400623212,13.870969326561656,5.37111768326271,17869.0,64324.3548835628, -2.8421709430404007E-14, 0.0,0.0,87.5859784419608, 25.894762622332298,25.894762622332298,0.0, 42.20724007326681, 2.8494378352730148, -5.117282714797337, 2.8494378352730148, 130.89658540890798, -20.442159103204848, -5.117282714797337, -20.442159103204848, 48.148869743694995, 6.174861049078702, 3.88495836890117, 7.0, 0.0
32, 0 ,1.0,1.0,1.0,87.73215351557837,76.0070729378059,97.42625641637818,10.52783715078671,8.561072934493051,9.14920943544904,48.0,44.0,44.0,0.8813314655890229,0.24424498913827725,0.40447402023312634,10.981614909594475,-0.4572464159928209,0.22513098279288074,0.8603730328458881,8.794923523768828,-0.11908216837303921,0.9432181221051441,-0.3100951649220296,8.359952891334618,50.242349616297304,46.212618742647024,43.66768435792142,15.708740230967845,4.590298303254123,33508.0,101388.96348311227, 0.0, 0.0,0.0,NaN, 151.5449812311969,151.5449812311969,0.0, 110.8353550734848, 10.147113513692593, 15.140314293213345, 10.147113513692593, 73.29196978970947, 6.454726549758776, 15.140314293213345, 6.454726549758776, 83.70803329370973, 5.891411875981526, 3.587883676221891, 22.0, 0.0
33, 0 ,1.0,1.0,1.0,143.40387088477365,71.62654320987654,115.94891332304526,9.231220116055601,9.502686575134645,8.307885185307727,43.0,43.0,40.0,-0.5058616800821851,-0.8433313204563798,0.18137321897603229,9.862706110726128,0.7923023743004516,-0.37109573667188006,0.4842983604162029,9.189839199805482,-0.34111714747619515,0.38869041429041423,0.8558965203436981,7.9253591012479365,47.467348573207815,45.165208083589306,40.57900533291796,15.042835251836975,4.272065169759173,31104.0,86996.2207316109, 0.0, 0.0,0.0,NaN, 124.08895476471966,124.08895476471966,0.0, 85.21542483106958, 8.338521225486469, 5.142353100434246, 8.338521225486469, 90.3010521452442, -9.160668172566323, 5.142353100434246, -9.160668172566323, 69.0209562522556, 5.628802832033975, 3.578472710834881, 18.0, 0.0
34, 0 ,1.0,1.0,1.0,146.71284502528113,107.08443621694803,84.72931229795817,9.35667019041131,9.681636803934552,9.965429527385352,43.0,49.0,46.0,0.31338428193261847,0.6712973325345104,0.6716771420627835,10.709052954814627,-0.7299343050690662,-0.2821564138799567,0.6225621803400384,9.590214617223625,-0.6074423446887097,0.6853813897666423,-0.4015795667618424,8.598553502030555,52.33087978470326,49.732833804963256,41.920402617269175,16.049178058431163,4.7973990421342325,36193.0,109100.4865834173, 0.0, 0.0,0.0,NaN, 136.57188305396917,136.57188305396917,0.0, 87.54727705213162, 12.287308197793513, 0.3807294977666401, 12.287308197793513, 93.73409120330005, 15.204990512459247, 0.3807294977666401, 15.204990512459247, 99.30978566528383, 5.243553906132397, 3.4138474303304336, 23.0, 0.0
35, 0 ,1.0,1.0,1.0,8.838358657803102,98.82098765432099,112.78854067742957,5.9910529178754555,9.805548792496955,10.920081422570666,25.0,50.0,60.0,0.03627463695076255,-0.07919643291734176,0.9961988133536697,10.931165825432139,-0.04235077894459303,0.9958375042174922,0.08070983035952098,9.804350746904133,-0.9984440706603834,-0.04511751552385621,0.03276961330376027,5.972771600436466,59.45514306955083,49.6872150153371,26.114209836895668,15.02585498544826,5.051075372499149,25272.0,77145.56660036927, 0.0, 0.0,0.0,NaN, 132.09671768031097,132.09671768031097,0.0, 35.89271506478401, -2.7902922377373582, 2.8222217737927315, -2.7902922377373582, 96.14878712203848, -1.7540219205172463, 2.8222217737927315, -1.7540219205172463, 119.24817827557298, 5.523404775139613, 3.531819207569057, 16.0, 0.0
36, 0 ,1.0,1.0,1.0,117.17890543817111,38.17391178847708,158.6964842396952,9.51312018865446,8.577215014662858,10.038074859355154,45.0,41.0,48.0,-0.600508957481352,-0.2472004412525338,0.7604478508281898,10.378928229068267,0.6092632833001809,0.47446679525464325,0.6353577825312857,9.612758212741513,0.517867978935697,-0.8448509939896746,0.13431140810711162,8.043864020033006,51.80246506259189,52.3331079370796,40.556372815772306,15.623721043256007,4.553060594375911,34644.0,109947.67762020191, -1.4210854715202004E-14, 0.0,0.0,53.093642256652736, 100.11274474219344,100.11274474219344,0.0, 90.49945572378508, 14.393692839597582, -8.921395027064719, 14.393692839597582, 73.56861740775797, 0.26401923726582016, -8.921395027064719, 0.26401923726582016, 100.76294688201799, 5.172975779103601, 3.382058741399535, 12.0, 0.0
37, 0 ,1.0,1.0,1.0,180.60935695999197,160.30103910446263,7.820189749510567,10.375617179182234,9.341239506017784,5.250494105618097,44.0,48.0,20.0,-0.9994862955578275,0.0138803356343073,-0.028887389545784174,10.379160311757117,-0.012272668197872256,-0.9984051475365944,-0.05510483633708134,9.350661241128432,-0.029606192044837974,-0.054722003390871694,0.998062611130932,5.226666364649995,44.50223660578547,47.3904412090225,21.3903411643269,14.109731372309868,4.836874643001351,19921.0,45111.815131961666, 0.0, -2.8421709430404007E-14,0.0,89.20468981063203, 44.86825048303942,44.86825048303942,4.76837158203125E-7, 107.6534318489415, -0.3789123883877314, 2.3622667853366215, -0.3789123883877314, 87.25875550878739, 3.2752031560757615, 2.3622667853366215, 3.2752031560757615, 27.567688353130382, 5.872774703892759, 3.604991380274462, 11.0, 0.0
38, 0 ,1.0,1.0,1.0,55.78606204710145,82.50345335144928,72.05683876811594,10.50031952713217,8.7715533888445,9.281120942463518,52.0,43.0,48.0,0.8766991788002261,-0.12312855002175234,0.4650138815783351,11.037084604230078,-0.24159004378606655,0.7232282152973266,0.6469738784072281,9.145094735389888,0.41597211521261335,0.6795441919164532,-0.6043069506452493,8.239300376468206,53.546921868799885,40.692477691582326,43.55372086310599,15.850647767068892,4.7003223653470485,35328.0,94901.6816231648, 0.0, 0.0,0.0,NaN, 122.92718392158864,122.92718392158864,NaN, 110.25671017187315, -8.573027048509603, 19.52526572150727, -8.573027048509603, 76.94014885334943, 4.280119612496891, 19.52526572150727, 4.280119612496891, 86.13920594863491, 5.173631571317632, 3.3504051233682763, 22.0, 0.0
39, 0 ,1.0,1.0,1.0,154.39420424518715,179.56549261012225,137.00272946368943,9.318887824812562,11.01413322672377,8.688975422593478,46.0,48.0,44.0,0.021853803444283882,0.9649473983933249,0.26153189023324275,11.179803119960956,0.9906805170339172,0.01427632148949881,-0.13545589619554715,9.332982627893616,-0.1344415279756556,0.26205477476795314,-0.9556425956270935,8.459227647264328,52.31156854589804,46.27679759160755,38.83389249786532,16.055191116395672,5.087428931977105,34439.0,94009.54788987599, 0.0, 0.0,0.0,NaN, 80.41214954048783,80.41214954048783,0.0, 86.8416702914398, 1.3465801075809576, -1.7808024390675252, 1.3465801075809576, 121.31113073602057, 13.453638133936773, -1.7808024390675252, 13.453638133936773, 75.4982938944335, 5.347749838974006, 3.483568402295441, 16.0, 0.0
40, 0 ,1.0,1.0,1.0,134.05860927152318,137.5003612281758,18.238169777242625,9.590788789934633,8.437525830076387,9.59020923685003,50.0,40.0,38.0,-0.9558694691467268,-0.2763374935487057,-0.09975543901147975,9.700705307129587,-0.056871189392194786,-0.15908130998409822,0.9856260977829578,9.612316862658211,-0.28823467135351927,0.9478031053298799,0.13634532539389319,8.285340429275683,48.44529326956871,41.185313931240664,41.187962882346326,15.3545520284848,4.402830561976632,33220.0,82179.64913231725, 0.0, 0.0,0.0,NaN, 92.66662125402914,92.66662125402914,0.0, 91.98322961313582, 6.939096829883874, 1.0961253294313218, 6.939096829883874, 71.19184213320622, -3.0220908500098393, 1.0961253294313218, -3.0220908500098393, 91.97211320656363, 5.279440056669432, 3.3874046646806177, 15.0, 0.0
41, 0 ,1.0,1.0,1.0,15.833038142830034,152.7828452147511,56.702447972673795,9.503280556514195,8.14156759357686,9.713031922977352,37.0,40.0,50.0,-0.4078592530790681,0.19999799708422783,-0.8908712762459465,9.794225506326336,-0.8923035489761713,0.11947960760890552,0.4353377997028874,9.50501690198351,-0.193507638511543,-0.9724841512990939,-0.12972805906883422,8.041657402402395,54.64729531491763,48.71660706717392,37.08134874987641,15.202712991785111,4.451737980024806,31618.0,98719.10923473573, 0.0, 0.0,0.0,NaN, 75.4672936373118,75.4672936373118,0.0, 90.31234133582075, -5.287284461741015, 1.3834595119155684, -5.287284461741015, 66.28512288078092, -4.233853887646985, 1.3834595119155684, -4.233853887646985, 94.34298913677713, 5.64427455893443, 3.6494710066207703, 18.0, 0.0
42, 0 ,1.0,1.0,1.0,117.9135269121813,89.28767705382437,63.31087110481587,8.36269038012043,8.853967340317132,8.666180609222108,41.0,42.0,39.0,-0.3723094051453951,-0.7623023279761435,0.5294155906303051,9.299595930969383,-0.4852586165049534,-0.32636008229797214,-0.8111801105735764,8.433610753552957,-0.7911446024261184,0.5589134614988389,0.2484068449286483,8.113059816559478,49.857177596616694,43.32548476613775,40.6880567493983,14.408269530454737,3.9789173837352614,28240.0,87889.7175566465, 0.0, 0.0,0.0,NaN, 136.8164636939423,136.8164636939423,0.0, 69.93459039375877, 6.703771507274655, -1.98452028194192, 6.703771507274655, 78.39273766340243, -6.933977225762178, -1.98452028194192, -6.933977225762178, 75.10268635165725, 5.258638496581919, 3.387283471995121, 16.0, 0.0
43, 0 ,1.0,1.0,1.0,183.8809661765771,11.5860433113638,96.1562613167234,8.863473081125552,7.005003594836029,11.271732639828183,35.0,28.0,50.0,-0.31194244829170614,-0.0750141038207292,0.9471350448493339,11.557490677055148,-0.9468084753666237,0.10746385763809603,-0.3033236394933128,8.53230270089081,0.07902923463950791,0.9913750065083912,0.10454652812399726,6.950353012432229,54.709505065637536,42.62019781571894,33.128277180973505,15.20051253839708,4.860823561632496,27614.0,77246.19537581269, 0.0, 0.0,0.0,NaN, 98.18394085299005,98.18394085299005,0.0, 78.56115505983729, -0.49680146431325506, -18.158556132828664, -0.49680146431325506, 49.07007536366569, -6.8565501878951025, -18.158556132828664, -6.8565501878951025, 127.05195670376801, 5.589907721252689, 3.5914955021550417, 8.0, 0.0
45, 0 ,1.0,1.0,1.0,186.85837361481043,22.737397652165335,176.36832067344054,7.828765341599615,11.056107274318617,9.55179411994231,31.0,49.0,54.0,0.13394066479097372,0.9752646847477556,-0.17583712065208024,11.141697133578607,-0.1800613401076953,0.19843304163183395,0.9634325309991149,9.568570977847278,0.9744936183033596,-0.09738132609797964,0.20218571960805226,7.685628157173751,52.325449561117836,58.11435450969924,36.32029360985905,15.729287813108886,5.230043081774036,30411.0,110444.91806288196, 0.0, 0.0,0.0,NaN, 35.32913618861834,35.32913618861834,0.0, 61.28956677383134, 7.3389224848862575, -7.168512803244978, 7.3389224848862575, 122.23750806124104, -4.947374012755556, -7.168512803244978, -4.947374012755556, 91.23677090976447, 5.564219808169642, 3.433736683322206, 7.0, 0.0
46, 0 ,1.0,1.0,1.0,182.30297458795718,94.21810361809705,80.22473570162191,9.288204261876736,8.557703801930701,9.457274354727382,38.0,45.0,44.0,0.6469332775196266,-0.2373072977428864,0.7246810200879301,10.496385248759518,0.5128608689033629,0.8386974568569742,-0.18319471883581037,8.528546148865606,-0.5643146848925709,0.4901752975208088,0.6642869215293838,8.126184116102824,53.998914424095005,52.72452061957358,49.283048741565366,15.12499709001274,4.492163623423642,30458.0,140312.13566908537, 0.0, 0.0,1.4210854715202004E-14,43.55768106864429, 125.00497580584563,125.00497580584563,0.0, 86.27073841034516, -3.893908338951977, 20.06376449357918, -3.893908338951977, 73.23429436157919, -8.620326983579897, 20.06376449357918, -8.620326983579897, 89.4400382205842, 5.511226862452749, 3.3759860207385084, 14.0, 0.0
47, 0 ,1.0,1.0,1.0,28.63291311754685,151.9847359454855,129.39291311754684,10.193054731903443,8.405938441375174,8.23552558328781,56.0,40.0,40.0,-0.9581173593403733,0.27931765729158015,-0.06318838544996665,10.333390040885263,-0.241942445026427,-0.6714574402156787,0.7004346930825481,8.764373465493973,0.1532154660119681,0.6863865909996731,0.7109138264730707,7.667389092842133,54.18664332215235,44.74321438851473,38.49321145584719,14.922089661827687,4.43996482025949,29350.0,93326.19834679695, 3.552713678800501E-15, 0.0,0.0,16.641107133573772, 90.05925834609135,90.05925834609135,0.0, 103.89836476757915, -9.914768481204051, -0.14925908250596634, -9.914768481204051, 70.65980108018887, -9.324564733333535, -0.14925908250596634, -9.324564733333535, 67.82388163298802, 5.355484042272251, 3.4350862504096913, 20.0, 0.0
48, 0 ,1.0,1.0,1.0,17.379827487752834,134.65230066420222,12.105010068223484,9.879458228772693,10.83829563409787,8.001354389795239,43.0,53.0,32.0,-0.4246431943028562,0.8851141192255264,-0.1903973568090897,11.326066052580147,-0.8814231687273236,-0.3561314189768235,0.31026377495324614,9.62576090591924,-0.20681236704547176,-0.29957204202858356,-0.9313888749989844,7.6262031163570185,55.81316894399441,49.342961109671556,36.96994709839682,15.92171604375348,5.058950230960357,33273.0,101814.75460954159, 0.0, 0.0,0.0,NaN, 68.69433368726759,68.69433368726759,0.0, 97.60369489406447, -15.5269670842481, -3.764497257301865, -15.5269670842481, 117.46865225210495, -15.628652015770252, -3.764497257301865, -15.628652015770252, 64.02167207109555, 5.633954468285916, 3.498003386299763, 11.0, 0.0
49, 0 ,1.0,1.0,1.0,181.0547269229697,84.25278095291199,18.20803479327553,10.611149418706852,9.880361353183703,8.76870104696438,46.0,47.0,41.0,-0.8397536486336556,-0.5311374733179867,0.11272441636064265,11.114432790094238,0.5176286947017311,-0.8458033502239858,-0.12914033905509117,9.353072488062862,0.16393396239902414,-0.05009667840552631,0.9851984463979268,8.72339207499942,54.41430428638941,49.73563357444484,43.99520444476927,16.203995324206904,4.953653807011784,35869.0,119065.53721012894, 2.8421709430404007E-14, 0.0,0.0,32.88588533747143, 88.25523781224405,88.25523781224405,0.0, 112.59649198612276, 16.172956898420217, -5.250923424104344, 16.172956898420217, 97.6215404694861, -1.5966503518533997, -5.250923424104344, -1.5966503518533997, 76.89011805103421, 4.70301499327776, 3.2157936652212857, 16.0, 0.0
50, 0 ,1.0,1.0,1.0,150.48006066883693,112.71570730985499,35.40988458123705,9.584639645368828,8.777194688057156,7.525797791112436,45.0,42.0,36.0,-0.985549236370337,0.16797118956777962,0.021871949273678845,9.608398459850514,0.16858448359473033,0.9852272892409363,0.030107481230661055,8.753192202919461,0.01649165185611814,-0.03335967640942556,0.9993073388146986,7.523456746193179,45.63527966177068,41.01667436568201,36.807174244078844,14.445938742389593,4.105721613487313,27032.0,68895.94132462684, 0.0, 0.0,0.0,NaN, 106.41725455882377,106.41725455882377,1.9073486328125E-6, 91.86531713157588, -2.5885148623848857, -0.6683586937967257, -2.5885148623848857, 77.03914659205874, 0.7249542396717756, -0.6683586937967257, 0.7249542396717756, 56.63763239271282, 5.677976965662792, 3.6154992303949904, 11.0, 0.0
