// Sample: , Map: , Neighbors:(1.0):
//LACUNA_NUMBER, TRIANGLES, SCALE_X, SCALE_Y, SCALE_Z, POS_X, POS_Y, POS_Z , STD_X, STD_Y, STD_Z,PROJ_X, PROJ_Y, PROJ_Z, PCA1_X, PCA1_Y, PCA1_Z, PCA1_S, PCA2_X, PCA2_Y, PCA2_Z, PCA2_S, PCA3_X, PCA3_Y, PCA3_Z, PCA3_S,PROJ_PCA1, PROJ_PCA2, PROJ_PCA3,OBJ_RADIUS, OBJ_RADIUS_STD, VOLUME, VOLUME_BOX, Mask_Grad_X,Mask_Grad_Y,Mask_Grad_Z,Mask_Angle, Mask_Distance_Mean,Mask_Distance_COV, Mask_Distance_STD, SHAPET_XX, SHAPET_XY, SHAPET_XZ, SHAPET_YX, SHAPET_YY, SHAPET_YZ, SHAPET_ZX, SHAPET_ZY, SHAPET_ZZ, Neighbors, Neighbors_STD
153867, 0 ,1.0,1.0,1.0,264.68723849372384,25.794979079497907,183.15271966527197,2.240153795345933,3.323527122041144,2.989119552586528,9.0,13.0,11.0,-0.2689268873381733,0.961485228677407,0.05678454280660819,3.40397267311228,-0.14405376998382724,0.01814161672595295,-0.9894035542163848,3.0014596685813233,-0.9523270659915358,-0.27425724562483755,0.13362680345735028,2.0983725017225847,14.071080580723592,11.748840880106997,9.660968937713108,4.795110731010215,1.4162875183915336,956.0,1597.1406297485264, 0.0, 0.0,0.0,NaN, 124.76241017443272,124.76241017443272,0.0, 5.018289026802788, -1.8695619824582916, 0.5467188074438463, -1.8695619824582916, 11.04583253094309, 0.309553404177095, 0.5467188074438463, 0.309553404177095, 8.934835699655087, 8.0, 0.0
154148, 0 ,1.0,1.0,1.0,158.6068225260991,264.87906190266136,206.9424349360388,6.591853159356329,8.832152338273618,5.455423658942916,28.0,38.0,24.0,0.2697367145499609,-0.9554958659236232,0.11945607990662871,9.045094038184477,0.9622044904453495,0.2626220042281373,-0.07205693208846635,6.360808112090049,0.037478305599353494,0.13437757661924923,0.9902212093827011,5.380286637448909,38.7056487813106,29.686453914802343,22.668345752409635,11.755234239370756,3.610478953971033,13602.0,26046.687724913972, 0.0, 0.0,0.0,NaN, 172.87342579076895,172.87342579076895,NaN, 43.45252807451602, -10.716201804482159, 0.9052449667648299, -10.716201804482159, 78.00691492647212, -6.251999303794737, 0.9052449667648299, -6.251999303794737, 29.76164729855411, 13.0, 0.0
154323, 0 ,1.0,1.0,1.0,180.20749111358694,194.9484322775744,87.04281394238421,8.375110418462995,5.728206020951294,9.17895384878961,34.0,25.0,37.0,-0.2551595667281888,0.2261986198087703,-0.9400679655767936,9.437239229334862,0.9649420025309859,0.12139811497990102,-0.23270029959331417,8.305780678004773,-0.06148599237691828,0.9664867728406504,0.2492444395879102,5.400049588226516,39.983435814191644,36.78412503987286,22.644097022798775,13.114483490119573,3.901068479980985,18849.0,33303.93482453795, 0.0, -2.8421709430404007E-14,0.0,76.92662867445007, 181.55585511144838,181.55585511144838,0.0, 70.1424745214474, 1.2079516877503567, 5.425781456381484, 1.2079516877503567, 32.81234421846266, -13.86250649095457, 5.425781456381484, -13.86250649095457, 84.25319375820958, 16.0, 0.0
154334, 0 ,1.0,1.0,1.0,288.67316017316017,235.6998556998557,209.67388167388168,3.0290728795620097,2.611322329430403,3.9208064625081835,12.0,10.0,16.0,-0.07902304886302436,0.18362706149096666,0.9798145028711225,3.9641685244338087,0.9886609092342661,-0.11146320593703883,0.10062584297441333,3.029615175903395,0.1276908935690643,0.9766560581957344,-0.17273673520448365,2.544368277225207,16.753213451118825,12.935213518331125,10.066988210730898,5.3788721043833485,1.5603669501154753,1386.0,2181.5807046122686, 0.0, -2.8421709430404007E-14,0.0,79.41890238743092, 111.4522925262024,111.4522925262024,1.3486991523486091E-6, 9.175282509698084, -0.43215394514096467, -0.4464152970646463, -0.43215394514096467, 6.8190043081818255, 1.6322761734017042, -0.4464152970646463, 1.6322761734017042, 15.372723316445935, 9.0, 0.0
154443, 0 ,1.0,1.0,1.0,199.40633715525254,264.0590331577316,101.63859621939882,7.008006851194933,6.84878628836005,6.253967141088924,28.0,31.0,26.0,-0.7657543594718969,-0.5377822484130139,0.3527187466546516,7.681420150664234,0.3025286983803619,-0.7851755451334615,-0.5403478046412842,6.587785813771759,0.5675355914883833,-0.30706614371534763,0.7639461602611247,5.720751803100776,34.403009635272895,28.801264117345056,26.00289357560696,11.189284591956056,3.151198021714755,12908.0,25764.9714402368, 0.0, 0.0,0.0,NaN, 147.44911781197524,147.44911781197524,0.0, 49.112160026395124, 8.28620786238747, -8.841914872230294, 8.28620786238747, 46.905873623628636, -0.4566633343029129, -8.841914872230294, -0.4566633343029129, 39.11210500181997, 14.0, 0.0
154621, 0 ,1.0,1.0,1.0,216.62957428056865,235.63601180212285,85.26022148139633,10.068904834358554,111.97271717923729,8.309771270938386,47.0,299.0,40.0,0.00619223610452567,-0.999980343321721,-9.844705168025737E-4,111.97489947081672,-0.8916021599826994,-0.005966877214125205,0.45278028301870166,10.582023748485964,-0.452777257077042,-0.0019259663767053456,-0.8916215823584047,7.6136192134306215,299.258833509165,49.22149565172086,34.822293205712896,88.56887470483304,69.7415153919068,26097.0,512931.24274917785, 0.0, 0.0,0.0,NaN, 135.5088787808107,135.5088787808107,0.0, 101.38284456336905, -76.99278361148187, -21.880731077876646, -76.99278361148187, 12537.889392501464, 12.140431614813728, -21.880731077876646, 12.140431614813728, 69.05229857531296, 14.0, 0.0
154710, 0 ,1.0,1.0,1.0,162.08536585365854,74.75,252.58231707317074,1.2802554957678496,2.277608394786075,2.6038066873941,5.0,9.0,10.0,-0.09959414822361859,-0.3089311772770814,0.9458554505556375,2.6390254066434546,-0.215129226394937,-0.921413265534961,-0.32360007732834994,2.2880477282438574,-0.9714939122765142,0.23570982542608312,-0.025307244166001695,1.186063192300682,11.10280454016538,9.693778074589574,4.882776805548588,3.514649293595354,1.1196444716032454,328.0,525.5241036731302, 0.0, 0.0,0.0,NaN, 163.87936253802224,163.87936253802224,1.9073486328125E-6, 1.6390541344437821, 0.9298780487804851, -0.257027067221892, 0.9298780487804851, 5.1875, -0.48246951219512463, -0.257027067221892, -0.48246951219512463, 6.779809265318237, 7.0, 0.0
154737, 0 ,1.0,1.0,1.0,88.01694277108433,211.0527108433735,84.71573795180723,3.7615403539074586,129.3863610640557,4.918744198019213,15.0,299.0,21.0,-8.23256475097016E-4,0.9999929224738254,0.0036711375667795782,129.38727553859943,0.07796737324333299,-0.0035957767963233325,0.9969494265501969,4.901962457704952,-0.9969555712058141,-0.0011069740236484293,0.0779638611806775,3.751979807996444,299.0631410394007,20.59868528491384,15.597174245880794,116.25912509708094,57.122583024397784,5312.0,96083.38983802176, 0.0, 0.0,0.0,NaN, 151.1137277675332,151.1137277675332,0.0, 14.149185834074247, -13.773295176186563, 0.7230014277743507, -13.773295176186563, 16740.83042939819, 61.370970138082356, 0.7230014277743507, 61.370970138082356, 24.194044485547668, 11.0, 0.0
154988, 0 ,1.0,1.0,1.0,158.3884814881059,226.6308352709712,51.531032015739584,4.925817395928799,6.979593681262177,4.190602076098287,20.0,28.0,19.0,0.30124714985125617,0.948860761467019,0.0944108577162823,7.180900874406393,-0.8410128623062747,0.3110512013012917,-0.4426562047508538,4.814407803780295,-0.44938571421653106,0.053948174364407527,0.8917073927813126,3.9743793055768952,30.65512140787297,22.711228196679613,18.62135068733273,9.033936699019305,2.987898668271858,5591.0,12964.472191608234, 0.0, 0.0,0.0,NaN, 167.6075886375288,167.6075886375288,0.0, 24.26367701803478, 8.293118546136741, 3.7658019069600503, 8.293118546136741, 48.7147279555149, 2.187810781700304, 3.7658019069600503, 2.187810781700304, 17.561145760199274, 10.0, 0.0
154997, 0 ,1.0,1.0,1.0,158.63964215823316,78.05074084428291,199.84288509924517,144.14716517327952,125.27603214482653,5.1705792684053735,299.0,299.0,24.0,0.9515153080022453,0.3073563368401753,-0.012276027108983477,146.20050880108124,-0.30731755338310546,0.951594007761827,0.004976522320467363,122.88812713783086,-0.013211359506652644,9.625985521420737E-4,-0.9999122628431021,4.810798507158863,376.61131426873646,376.4941811394623,23.95229214355973,185.95581122607288,43.813931787371594,7154.0,3396242.6500916067, 0.0, 0.0,0.0,NaN, 190.01609558333945,190.01609558333945,0.0, 20778.405227492723, 1834.7856877126885, -272.4629636866291, 1834.7856877126885, 15694.084229951612, -9.155992073109575, -272.4629636866291, -9.155992073109575, 26.734889970863446, 11.0, 0.0
155132, 0 ,1.0,1.0,1.0,204.87115384615385,150.84959749552772,88.06967799642219,8.010753601636548,7.529308257958031,8.369874854748241,33.0,33.0,36.0,-0.5653294155825224,0.0930520768875639,0.8195998797364689,8.72592904480434,0.7052257325728859,0.569909303673709,0.42173457494398603,7.739731838848391,0.42785431865783463,-0.8164218863878275,0.387809212671361,7.407575484690745,41.10484815623058,38.15296133100247,35.36471474868495,13.325347262663863,3.654118433091252,22360.0,55461.48069019988, 0.0, 0.0,0.0,NaN, 197.61479732095395,197.61479732095395,0.0, 64.17217326613293, 0.9032509116554224, -8.358777177652401, 0.9032509116554224, 56.690482843355, 2.831409977726623, -8.358777177652401, 2.831409977726623, 70.0548050841469, 15.0, 0.0
155700, 0 ,1.0,1.0,1.0,224.62737057919017,208.51153254741158,102.05202460276782,4.2373881017309,4.39482073193606,4.861496306350331,18.0,19.0,20.0,-0.15999167201630773,-0.5417183798220232,0.8251932269768265,5.187376813045951,-0.9245839262360275,-0.21057151303761382,-0.3174967735946652,4.237362068138179,0.3457560241433231,-0.8137572333688053,-0.4671744180801739,4.004989142329911,22.855767055367025,19.973658441695136,17.99979083236616,7.51077808182726,2.1194966696710162,3902.0,8217.143634759732, 0.0, 0.0,0.0,NaN, 156.41543615690233,156.41543615690233,0.0, 17.955457924690606, 1.3149073100811028, -0.8727207143966222, 1.3149073100811028, 19.314449265855007, -4.730610227351231, -0.8727207143966222, -4.730610227351231, 23.634146336657906, 10.0, 0.0
155778, 0 ,1.0,1.0,1.0,227.63219202259089,198.13342746205436,114.0928344511119,4.125576646258191,4.22252395899747,3.925559737343214,17.0,18.0,16.0,0.0472682339469592,0.76661153417987,0.6403690105883653,4.814855602593929,0.9900521249390527,-0.12101027516286775,0.07178651132820167,4.1392175783814285,-0.13252359775980468,-0.6306054780664323,0.7647053204139511,3.1534352482486163,20.186553843673096,17.915880331582116,14.256472669406904,6.8112650653948315,1.96641264968481,2833.0,5155.994237186784, -2.8421709430404007E-14, 0.0,0.0,87.29072016608892, 169.20718987434466,169.20718987434466,0.0, 17.02038266415098, -0.3815632137449191, 0.9116602534622675, -0.3815632137449191, 17.829708584307664, 6.436607334090976, 0.9116602534622675, 6.436607334090976, 15.410019251450123, 14.0, 0.0
155885, 0 ,1.0,1.0,1.0,250.18428184281842,187.14001806684735,113.4516711833785,3.555014335171465,3.50677460235014,2.0513208577271844,13.0,15.0,7.0,-0.7348256137344303,-0.6728032669076417,-0.08583170415541365,3.676532357871993,0.6777827278871665,-0.723682232413765,-0.12997923013490037,3.4084132439186994,0.0253355713898336,-0.1536873141382673,0.9877946741582063,2.0023339572880965,15.889266850511206,15.036470516774578,7.863696061126149,5.158763632192886,1.590807997048491,1107.0,1878.782408645242, 2.8421709430404007E-14, 0.0,0.0,42.707517252048696, 167.60150056538495,167.60150056538495,0.0, 12.638126923274616, 0.9687771584129549, -0.07058800488637211, 0.9687771584129549, 12.297468111687984, 1.2646711531854895, -0.07058800488637211, 1.2646711531854895, 4.207917261346592, 8.0, 0.0
155964, 0 ,1.0,1.0,1.0,215.1108902302382,201.72122022626235,216.97975928000866,9.437483774961462,8.580981128486043,7.913944810946238,40.0,35.0,35.0,-0.8610494631901693,0.5034727902928396,0.07147706887291391,9.951246847578407,-0.32342647227977805,-0.650668512541494,0.6870413406889705,8.774940646058637,0.39241449892757435,0.5684590013552268,0.7230942018918693,7.021606827322805,45.449079510694986,42.452764287239575,31.53874393671822,14.446046315760057,4.07941238951455,27667.0,60852.0844403201, 0.0, 0.0,0.0,NaN, 154.1338375585413,154.1338375585413,0.0, 89.06610000266086, -15.727679316665096, -9.21469264723555, -15.727679316665096, 73.63323712743359, -10.591972988516744, -9.21469264723555, -10.591972988516744, 62.630522470702886, 18.0, 0.0
156160, 0 ,1.0,1.0,1.0,291.75,66.92553191489361,11.569148936170214,1.9119584478703973,1.6646471845353448,1.4256410723529664,7.0,6.0,5.0,0.7921149856213627,0.5607555010082219,0.24105417989134012,2.104450393193229,0.5842390230923403,-0.5822449285219591,-0.565380939815419,1.5561552844889188,-0.17668789842594188,0.5886799735845254,-0.7888201792869821,1.2683678865732237,8.358277099668896,6.927459565718863,5.45138433317933,2.7875402033988,0.8298839900730244,188.0,315.6440203692193, 0.0, 0.0,0.0,NaN, 68.41735546773737,68.41735546773737,0.0, 3.6555851063829787, 0.976063829787241, 0.2699468085106381, 0.976063829787241, 2.77105024898145, 0.6487664101403348, 0.2699468085106381, 0.6487664101403348, 2.0324524671797164, 5.0, 0.0
156176, 0 ,1.0,1.0,1.0,211.99571871989724,228.00181954404366,28.129223304434692,8.803149028076952,8.892267521710215,8.397858477884077,41.0,39.0,38.0,-0.6523597682138619,0.4705706404965139,0.5941296197957622,9.730452014382209,0.4931927084064794,0.858797210446832,-0.13866615918608524,8.69631132354791,0.5754890834678252,-0.20256017286584274,0.7923267578328542,7.535539427439923,48.11318321595806,41.26266849980209,36.510452450316606,14.500522064719519,4.102041120387134,28029.0,72483.4100502305, 2.8421709430404007E-14, 0.0,0.0,49.28024453371841, 117.13131398693797,117.13131398693797,0.0, 77.49543281053218, -3.6534225857047176, -15.977041392966877, -3.6534225857047176, 79.07242167766232, 8.3515790649497, -15.977041392966877, 8.3515790649497, 70.52402701456947, 20.0, 0.0
156518, 0 ,1.0,1.0,1.0,229.76237968224515,73.8561985387916,74.26108469596815,8.73045349756247,8.641571513713119,7.879192003409603,37.0,40.0,37.0,-0.16940603915364635,0.8606321809377567,0.48022270149649754,9.186500268804869,-0.8943944501450407,0.07041275384565136,-0.44170194888139447,9.074731592076906,0.41395671446181875,0.5043354966985693,-0.7578163005120596,6.799757530186066,43.09729128041168,42.00528126026529,30.338832496713096,14.065258105301869,3.8920120191938983,25869.0,54922.80841252588, 0.0, 0.0,0.0,NaN, 126.1061856957233,126.1061856957233,0.0, 76.22081827310076, -7.837216265879966, 11.163047958023705, -7.837216265879966, 74.67675822661805, 14.646110598361103, 11.163047958023705, 14.646110598361103, 62.08166662659383, 16.0, 0.0
156562, 0 ,1.0,1.0,1.0,134.98487679032115,42.16924650831776,282.38039320345166,8.614970889563098,7.508258410382605,15.577657531477183,36.0,32.0,298.0,0.01979510305113409,-0.04542956772404896,0.998771399406091,15.592019434935452,0.9897960710736317,-0.140100926127173,-0.02598977078602984,8.632974472854011,0.14110950209818232,0.9890944772238467,0.04219269537359041,7.457597712717861,298.4142960541315,36.73762826907911,31.63943849701448,13.99107775898044,13.323093675840484,22482.0,346864.2234873692, 0.0, 0.0,0.0,NaN, 142.51179900921335,142.51179900921335,0.0, 74.21772342801961, -2.7912310375932656, 3.2204133835590447, -2.7912310375932656, 56.37394435708112, -8.438501740909858, 3.2204133835590447, -8.438501740909858, 242.66341416798778, 19.0, 0.0
156632, 0 ,1.0,1.0,1.0,27.02411646654648,65.35888975815504,265.8626994115446,11.747683096921204,110.45703494299404,12.446560876597399,299.0,299.0,50.0,-0.003011035198515074,-0.9999395204818611,0.010577761839731354,110.4636369584224,-0.5311767284656805,-0.00736284064298944,-0.8472290550460144,12.795107886788704,-0.847255697415798,0.008169697434465767,0.5311224333807596,11.30272658616625,299.52724799372004,164.46730136134278,266.0451366957809,88.20427193060121,68.65630282344965,58798.0,1.3106032094701402E7, 0.0, 0.0,0.0,NaN, 78.53306712896607,78.53306712896607,0.0, 138.00805814568818, 36.49508647101834, 15.799868911092727, 36.49508647101834, 12200.756568397808, -127.4887357220048, 15.799868911092727, -127.4887357220048, 154.916877654845, 30.0, 0.0
156660, 0 ,1.0,1.0,1.0,22.98776193747853,119.8585108210237,46.62057712126417,8.46634757315593,9.623027695140458,96.3259032577241,37.0,40.0,298.0,-0.010677765621433074,0.007094308742968195,0.9999178246760051,96.33374024690032,0.482689694151343,-0.8757176696788154,0.011367593078047647,10.076265333075323,-0.8757263525105411,-0.48277140946390396,-0.00592635831001942,7.825644296001815,298.4979962187601,46.68734350965306,35.799053984067406,66.32419468204696,71.02156391861112,23288.0,498898.42606113374, 0.0, 0.0,7.105427357601002E-15,0.7345330083630873, 130.64447185490621,130.64447185490621,0.0, 71.67904122948332, -17.729101872896265, -98.20861110960323, -17.729101872896265, 92.60266202144027, 64.99561154305025, -98.20861110960323, 64.99561154305025, 9278.67963841642, 19.0, 0.0
156741, 0 ,1.0,1.0,1.0,282.4904773890427,134.63998657605504,46.2948233912241,7.13212164009814,9.157674768457932,8.649353090564114,29.0,38.0,38.0,-0.27297076348215193,-0.769453063720252,0.5774330653984832,9.630118251956903,0.2577247783358454,-0.636778540390563,-0.7266987196423313,8.434098748870396,-0.9268575407880711,0.04954869553865721,-0.37212904462660135,6.757830708658481,45.6546383861581,42.813378239487626,30.158388307149607,13.89368698908535,4.062872996854836,23838.0,58948.46947459613, 0.0, 0.0,0.0,NaN, 143.4493640281773,143.4493640281773,0.0, 50.86715908915619, 5.707411567781061, -12.188861275702374, 5.707411567781061, 83.86300716485104, -9.129785454170502, -12.188861275702374, -9.129785454170502, 74.811308885251, 17.0, 0.0
157133, 0 ,1.0,1.0,1.0,185.36970325255928,137.6606194116885,54.342620189192694,140.29023685017265,144.11246119737072,5.560324661687095,299.0,299.0,24.0,0.6383032082287758,0.7696392840584193,-0.01497954601767993,152.2417721802394,-0.7697711163441041,0.638287855406707,-0.006406409498183822,131.44617932379057,-0.004630637883023746,-0.015620053596275397,-0.9998672767514926,5.001398082792688,421.2893756602427,421.1441671529544,26.69525994111732,199.5020512233354,26.069154107247446,7717.0,4736368.140446376, 0.0, 0.0,0.0,NaN, 187.19954978109033,187.19954978109033,0.0, 19681.35055547754, 2896.9393874327334, -136.28981409871264, 2896.9393874327334, 20768.40147236368, -337.4722920467168, -136.28981409871264, -337.4722920467168, 30.917210343365706, 13.0, 0.0
157221, 0 ,1.0,1.0,1.0,275.4769565217391,231.0049275362319,229.8378260869565,6.009597831765386,4.4509212930659405,6.799419491326448,28.0,21.0,27.0,-0.49243892337415757,-0.30930482944808985,0.8135320701891161,7.62607664677447,-0.868506986642132,0.23538152297281986,-0.4362237416702563,5.39622767215328,0.0565643076498194,0.9213718365150324,0.3845444291327239,3.8576876186992224,32.592767182024886,24.804720658718907,17.17001854135401,9.621693488164114,3.0953329862030508,6900.0,13881.178504927831, 0.0, 2.8421709430404007E-14,0.0,71.98265871080935, 101.41218040216592,101.41218040216592,NaN, 36.11526609955922, 3.6808381852551664, -11.942650094517937, 3.6808381852551664, 19.810700357067784, -12.351229867674782, -11.942650094517937, -12.351229867674782, 46.23210541903001, 10.0, 0.0
157249, 0 ,1.0,1.0,1.0,208.5528582615505,199.08953275907075,23.399112503262856,4.321189926526132,4.784968695266436,4.378489606028437,16.0,19.0,19.0,-0.45439630157855104,0.6494760414490701,-0.609676039135032,4.9996971515465445,-0.5570981390029403,-0.7412467298949845,-0.37442615952875524,4.663522146840748,0.6951011902098829,-0.1695115246926836,-0.6986416666397488,3.740904784224399,23.455681044070495,21.93777754960138,17.375283860237573,7.496115505876967,2.132611391801406,3831.0,8940.721853397727, 0.0, 0.0,0.0,NaN, 138.1774967093234,138.1774967093234,0.0, 18.672682381110913, -0.04506144184595299, 4.6655389501668765, -0.04506144184595299, 22.895925414679773, -2.204619052106274, 4.6655389501668765, -2.204619052106274, 19.17117123009906, 8.0, 0.0
157252, 0 ,1.0,1.0,1.0,198.22996071769828,180.0116785221361,227.80698587960507,5.6651053035372945,6.692610133770724,5.935287327927213,24.0,29.0,22.0,0.36318826564546697,-0.8041802040311447,0.4705193759473287,7.332868842690251,0.5429921275423915,-0.22768926944653767,-0.8082803634914616,5.507030408571118,-0.7571352805968197,-0.5490462603673096,-0.3539694490379744,5.292800278004627,33.717544461990386,27.305601182271516,25.500507492919724,10.160906486952294,2.9779294033403514,9419.0,23477.75169655371, 0.0, 2.8421709430404007E-14,0.0,36.46884278104287, 173.10739289349834,173.10739289349834,0.0, 32.09341810016638, -7.808928302255732, 3.386141690707672, -7.808928302255732, 44.79103040265058, -9.320285428045093, 3.386141690707672, -9.320285428045093, 35.22763566505336, 12.0, 0.0
157390, 0 ,1.0,1.0,1.0,41.00834064969271,45.492756804214224,90.88981562774363,4.523756506154741,6.169694992314215,4.477303200807321,18.0,26.0,21.0,-0.19687504645150208,0.9252667098578476,0.32422481662197256,6.374713307441889,0.7398801325602911,0.35719214962831575,-0.5700799572748274,4.886003443794732,-0.6432865656356308,0.12765298223204904,-0.754908676993435,3.7504338112108053,26.390073391029887,23.698090125710273,17.06571061776137,8.416324767611554,2.7823067018595427,4556.0,10672.79878823159, 0.0, 0.0,0.0,NaN, 109.60033535228736,109.60033535228736,0.0, 20.464372926977347, -2.2484031515715843, -5.8327069784579155, -2.2484031515715843, 38.06513629818709, 5.974179963941064, -5.8327069784579155, 5.974179963941064, 20.04624395195948, 11.0, 0.0
157543, 0 ,1.0,1.0,1.0,144.82059800664453,23.144390493227704,184.20368004088934,4.394431686736126,5.312215341573425,3.756404089820905,19.0,23.0,17.0,0.09277688040203035,0.9956770037189023,-0.0044446291428390855,5.319570551214688,0.9953644651037973,-0.0928595074062398,-0.025033846945735603,4.385923578517087,-0.025338351791295066,-0.002101463685259538,-0.9996767236356361,3.7559388819200947,23.289457123714232,19.73717831743599,17.087451854229954,7.549367651013757,2.1559873470151323,3913.0,7854.557692476164, 0.0, 0.0,-2.8421709430404007E-14,89.74534067015549, 186.8621313545842,186.8621313545842,0.0, 19.31102984939051, 0.8367907299376021, -0.13366128578984784, 0.8367907299376021, 28.21963183524806, -0.05087636675249598, -0.13366128578984784, -0.05087636675249598, 14.110571686023219, 11.0, 0.0
157587, 0 ,1.0,1.0,1.0,69.03769386602903,128.7512536946631,30.781774102487464,114.22661617953456,8.4861871764122,8.749004768646623,299.0,31.0,37.0,-0.9999796557040666,0.004966051106123758,0.004003312926630322,114.22892898487902,4.4253934477169295E-5,0.6329896306202776,-0.7741602712415531,9.257409231350307,0.006378575042001628,0.7741443443335467,0.6329769726592094,7.895090775437123,299.2250426837998,42.00497509316399,38.614352220879795,92.68041735889618,67.87208954527809,30111.0,485341.49416588154, 0.0, 0.0,3.552713678800501E-15,89.77062645255472, 149.30038887820623,149.30038887820623,0.0, 13047.719843826708, -64.48675477212483, -51.98642733905589, -64.48675477212483, 72.01537279310287, -11.19257121890235, -51.98642733905589, -11.19257121890235, 76.54508444180135, 16.0, 0.0
157607, 0 ,1.0,1.0,1.0,136.62520382017237,224.62473794549265,169.26461681807595,3.8827430606431568,5.016916475997428,5.798169853802521,15.0,21.0,23.0,0.09814582566535665,-0.5909782727028864,0.8006947471399938,6.664093294620793,-0.7214423817069215,-0.5964539637746511,-0.35180045334614385,3.9962168623320395,0.6854839799597874,-0.543127379433795,-0.48489623934185055,3.672060675622705,28.643373329682518,18.616641622969382,16.81843066888058,8.171002486151151,2.6643266742205642,4293.0,8968.317424183035, 0.0, 0.0,0.0,NaN, 203.56722934798177,203.56722934798177,0.0, 15.07569367497259, -0.7241548208018462, 3.0612085861365337, -0.7241548208018462, 25.169450927134452, -14.112439391120345, 3.0612085861365337, -14.112439391120345, 33.618773653544345, 12.0, 0.0
157816, 0 ,1.0,1.0,1.0,220.3331680889487,85.6384688927446,220.03427640664282,8.446370728301517,8.161694008261126,9.420237090453236,36.0,37.0,40.0,-0.5121683650947472,-0.3302659519104274,0.792848009901565,10.160168122785219,-0.42395740935356735,-0.7056001720884267,-0.5677926665632388,8.069055394198251,-0.7469562777367795,0.6269392300354806,-0.22136738917946736,7.639150683606413,44.33492062225099,34.97497623680772,35.54721722143279,14.494400352546577,4.0752488052683615,28241.0,55119.96985816007, 0.0, 0.0,0.0,NaN, 141.68722035118935,141.68722035118935,0.0, 71.34117847990869, 9.610376622221805, -16.59581837435297, 9.610376622221805, 66.61324908448556, -9.044369458878112, -16.59581837435297, -9.044369458878112, 88.74086684035085, 17.0, 0.0
157877, 0 ,1.0,1.0,1.0,146.97381155707373,54.35468260745801,131.52490748647878,5.123734857022727,5.360238465851087,5.804016949595381,22.0,24.0,23.0,-0.037221337676188515,-0.35730834358218366,0.9332445122411119,5.885305131877413,-0.5979643436866734,0.7562099725812642,0.26567860479912425,5.4545198712942184,-0.8006579892194675,-0.5481580291988793,-0.24180479590744136,4.9277605994410605,25.585822450310914,24.849874579506647,23.58504447393483,9.077066585927593,2.5056516600852783,7026.0,14995.47691167194, 0.0, -7.105427357601002E-15,0.0,69.0650160836105, 204.58380701878266,204.58380701878266,3.814697265625E-6, 26.252658885069707, -2.3352886991499724, -1.2284965873167948, -2.3352886991499724, 28.73215641078962, -2.3538385221043505, -1.2284965873167948, -2.3538385221043505, 33.686612751190474, 13.0, 0.0
157981, 0 ,1.0,1.0,1.0,177.92427224696985,249.71418211954833,175.5055423184502,5.534645905113611,5.027783869245746,7.954007396053681,23.0,22.0,36.0,0.10453333325604336,-0.08989494819202691,0.9904502413185299,7.996984253183878,0.9943503117987916,0.027918434842123595,-0.10241102685557078,5.501456119534663,0.018445586573143317,-0.9955598722756552,-0.09230547681721703,4.995935648752788,36.178875353747316,23.32614513866244,22.12381931684513,10.428657159818927,3.2280426623993446,9653.0,18670.59416150706, 0.0, -2.8421709430404007E-14,0.0,84.84243643173852, 181.46629653949816,181.46629653949816,0.0, 30.632305294990864, -0.21909591532271697, 3.496690296776865, -0.21909591532271697, 25.278610635847723, -3.486916890437779, 3.496690296776865, -3.486916890437779, 63.266233656476665, 10.0, 0.0
157999, 0 ,1.0,1.0,1.0,149.09466666666665,245.88293333333334,112.98186666666666,3.3768384951344905,5.015326050772341,5.83695735655339,15.0,22.0,25.0,0.09570839368696499,-0.5340591582588672,0.8400123325628562,6.411936764091677,-0.3738723007531339,-0.8013864430792045,-0.4669039211426899,4.4510026009416706,-0.9225288104484429,0.26937071913756994,0.2763693354261459,3.1148431067552425,28.07897696898658,20.26588752123257,14.362676362424615,7.963238613007922,2.685783980944785,3750.0,8173.014757230906, 0.0, 0.0,1.4210854715202004E-14,32.85857806789033, 194.73771778608614,194.73771778608614,0.0, 11.403038222222172, 1.4233489777777768, 4.2899832888888945, 1.4233489777777768, 25.153495395555687, -10.308789475555562, 4.2899832888888945, -10.308789475555562, 34.07007118222274, 12.0, 0.0
158190, 0 ,1.0,1.0,1.0,102.94309227805988,25.45893888986167,19.700577832253547,3.9515208110838893,6.560443496482816,5.079028541126886,15.0,27.0,20.0,0.058418390745930006,-0.9982101687526214,0.012796508176822109,6.567488011188622,0.2648930569564457,0.02785872645706556,0.9638752822520453,5.161448071774798,0.9625066025741982,0.05291833669961688,-0.266046405053744,3.8311906162210474,27.612637512841008,21.940130422219575,16.66328513201671,8.791817847030764,2.6747720383586717,5711.0,10095.032521102667, 0.0, 0.0,0.0,NaN, 107.85893835974625,107.85893835974625,0.0, 15.61451672042908, -1.5709761619322293, 3.0755888277853956, -1.5709761619322293, 43.03941887054368, -0.042236823382338015, 3.0755888277853956, -0.042236823382338015, 25.796530921581496, 9.0, 0.0
158219, 0 ,1.0,1.0,1.0,270.65515463917524,253.34372852233676,69.30452462772051,62.502843777723385,86.42698307138781,8.871921299587022,299.0,299.0,38.0,-0.0947682141241155,0.9954536949539052,-0.009535554223182724,86.61854677296206,0.9953512976575921,0.0949149727008398,0.016338366152905955,62.250665195046714,-0.01716915382520082,0.007942868487912457,0.9998210494869122,8.77621264469473,326.11938412767597,326.2510286956176,38.37116363204875,69.49524105948977,81.39626122098055,34920.0,4082568.4298625537, 0.0, 2.8421709430404007E-14,0.0,5.465521286177888, 88.54967391991035,88.54967391991035,0.0, 3906.605480302495, -341.70285856626515, 68.4770643060431, -341.70285856626515, 7469.623402821955, -64.59677002023264, 68.4770643060431, -64.59677002023264, 78.71098754606587, 23.0, 0.0
158271, 0 ,1.0,1.0,1.0,108.59179205477271,111.20742775256747,29.62045219329671,8.02242108154492,8.54123612321031,8.804156755012247,34.0,41.0,38.0,0.5370836466133105,0.6122673020604885,0.5802326321124304,9.936615211633267,-0.24910625589155863,-0.5420602231439099,0.8025688679240329,8.202211552161065,-0.8059077055198306,0.5755861927745877,0.13861206610904173,6.986596773709697,47.71897693047265,39.8494849857591,32.83425777786164,14.079301459073907,4.074113537127227,25122.0,62436.85806565877, 0.0, 0.0,0.0,NaN, 158.22970794748025,158.22970794748025,1.9073486328125E-6, 64.35924000961636, 18.91004584040205, 11.866560673603129, 18.91004584040205, 72.95271451243268, 9.703320739619993, 11.866560673603129, 9.703320739619993, 77.51317616682779, 17.0, 0.0
158368, 0 ,1.0,1.0,1.0,171.36711891460496,13.714285714285714,286.29130087789304,3.5484476445030864,2.8201920270090355,44.93253500148514,14.0,12.0,298.0,0.006212338236666178,-0.00309137125438008,0.9999759248488943,44.93360897172786,0.8726097447428063,-0.48836891464352966,-0.00693084336831644,3.8213668296901053,-0.4883785828980716,-0.8726317932746142,3.3635220084930913E-4,2.417768753101652,298.07661818184573,15.375798613453924,10.016796624910256,15.07949244420162,42.56861018450012,1253.0,45908.642246520576, 0.0, 0.0,0.0,NaN, 130.08623355529554,130.08623355529554,0.0, 12.591480685779503, -3.770607684414549, 12.45331332495545, -3.770607684414549, 7.9534830692053315, -6.193706532892474, 12.45331332495545, -6.193706532892474, 2018.9327016596876, 8.0, 0.0
158534, 0 ,1.0,1.0,1.0,162.43711963040292,108.2600506419084,222.26783942665068,12.270217967995402,132.94008050665667,10.466560655525718,53.0,299.0,49.0,0.006128700617473657,-0.999979055987164,0.002080051865135927,132.9428411368118,0.9822215905872714,0.006410126744545896,0.1876157169837566,12.305732049704998,-0.1876251209538626,8.932312909516996E-4,0.982240304673408,10.389518528186086,299.3419967182943,55.48415798329444,49.007861618767095,126.99148050114405,42.501012060695345,67533.0,813958.7647820457, 0.0, 0.0,0.0,NaN, 191.53608904843392,191.53608904843392,0.0, 150.5582489821172, -107.37980979593904, 8.238081828517528, -107.37980979593904, 17673.065005116357, -36.484826618257735, 8.238081828517528, -36.484826618257735, 109.54889195579895, 26.0, 0.0
158631, 0 ,1.0,1.0,1.0,59.10466266953839,176.7464346003842,102.63234181267828,7.6506839973828304,8.047169677419864,6.464272986600533,34.0,37.0,27.0,0.6177538310725265,-0.7721289124277074,0.1489870691987139,8.853382809293057,-0.7523243533073053,-0.5251574906704248,0.39776585752611726,6.8470661042592695,-0.22888484356977792,-0.3578079828426807,-0.9053094364901375,6.3096774312405834,39.8537433304506,32.23993730045565,29.565705648696905,12.352372139122783,3.5349162970151413,17179.0,37988.448509325186, 7.105427357601002E-15, 0.0,-1.4210854715202004E-14,87.19940975766417, 170.93332068076054,170.93332068076054,0.0, 58.53296562780973, -15.604114873478714, 1.4341375761572062, -15.604114873478714, 64.75693981718572, -5.913936728795208, 1.4341375761572062, -5.913936728795208, 41.78682524529338, 14.0, 0.0
158711, 0 ,1.0,1.0,1.0,139.6801181102362,23.592913385826773,130.78228346456692,4.443459138993919,4.997285579764888,5.435904359268436,18.0,20.0,22.0,-0.4317294737569232,-0.42994446618689464,0.7929422535625374,5.6761539683864815,-0.2888135959823213,-0.7669178611710268,-0.5730826301613211,5.12133595396194,-0.8545152826400064,0.476429165996503,-0.20692723726601597,3.9773662972594597,25.91002127229227,22.71684192030051,17.96778992627378,8.281595687439177,2.383573233306643,5080.0,10575.730781555696, 0.0, 0.0,0.0,NaN, 192.7982536889974,192.7982536889974,0.0, 19.744329119908585, 5.3495047740095485, -3.8912971200942255, 5.3495047740095485, 24.9728631657261, -1.0161885423770818, -3.8912971200942255, -1.0161885423770818, 29.549056203113583, 11.0, 0.0
158823, 0 ,1.0,1.0,1.0,106.84309396137806,237.81481092068833,167.1429923246767,8.233303255877626,108.27032545610018,8.603923388804658,34.0,299.0,37.0,-0.002905848891891906,-0.9999929332122384,0.0023852814933668395,108.27108604116754,-0.09605589207097152,-0.0020951374518334612,-0.9953737368433565,8.603497843132075,-0.995371700241004,0.003121526011910317,0.09604912511152613,8.223740443547902,299.135456420476,38.07964999757863,35.49732361717345,83.27561276579732,70.21004538550619,28533.0,404349.07201789104, 0.0, 0.0,0.0,NaN, 181.47569797774722,181.47569797774722,0.0, 67.78728250324512, 33.868710212453024, 0.5301993003742226, 33.868710212453024, 11722.463374369856, -27.786928418196457, 0.5301993003742226, -27.786928418196457, 74.02749768041983, 16.0, 0.0
158841, 0 ,1.0,1.0,1.0,257.4406130268199,255.8007662835249,136.43972885352196,5.715277109022942,3.626023357594505,3.951142994243751,24.0,15.0,17.0,0.9709440959624135,-0.17518985035323545,0.16302171281440636,5.822522697278462,-0.08087832105672414,0.40091080118264216,0.9125399863447835,3.957466553925512,0.22522490914367638,0.8992102344993098,-0.37509291445309895,3.4439304142131144,25.356263957181426,16.123404665190407,14.691322166474947,7.464876407180408,2.3873812031652366,3393.0,6006.24302466627, 0.0, 0.0,0.0,NaN, 149.60171553254017,149.60171553254017,0.0, 32.66439243292164, -3.872427230730841, 3.208253865012133, -3.872427230730841, 13.148045389820927, 0.7610541423462521, 3.208253865012133, 0.7610541423462521, 15.611530960961472, 8.0, 0.0
158877, 0 ,1.0,1.0,1.0,89.25119377232053,110.19096344448457,140.3894306006982,9.192953492986534,9.343289941461094,6.935842972622052,41.0,40.0,29.0,0.667318637863151,0.6852531968958301,0.2917428520195704,10.52515370227095,0.6864801154075527,-0.7178538194900611,0.11589195396386893,8.199452632264947,0.28884405257941814,0.12293880586525532,-0.9494499266954121,6.473290868646917,49.2009886865028,38.286462945843525,30.327719306440898,14.2098012955461,4.242042637266294,24921.0,57129.2901962681, 0.0, 0.0,0.0,NaN, 199.54201622464453,199.54201622464453,0.0, 84.51039392421332, 19.01426783987508, 15.424026501329358, 19.01426783987508, 87.29706693020805, 11.662320924974004, 15.424026501329358, 11.662320924974004, 48.1059177408707, 15.0, 0.0
158961, 0 ,1.0,1.0,1.0,269.05151366881205,209.24419436185028,140.6153286411482,47.74471474890059,10.726801031317315,138.52837919361335,299.0,48.0,298.0,0.03562888279220681,0.005310979008835307,0.9993509774913648,138.60799242238073,-0.999357855569798,0.003994233519999887,0.035607900942383204,47.51912185936364,0.003802528358087166,0.9999779195565048,-0.005449878671174644,10.700064634434735,308.58177976449974,309.5190091341998,48.044694346126676,144.02114825709108,29.028309346962374,79707.0,4588841.325171223, 0.0, 0.0,0.0,NaN, 170.19722592357212,170.19722592357212,0.0, 2279.557786453886, -4.942698408543256, 603.708324997792, -4.942698408543256, 115.0642603654702, 101.66644389234422, 603.708324997792, 101.66644389234422, 19190.11184200953, 32.0, 0.0
158991, 0 ,1.0,1.0,1.0,63.09272194682289,201.69569625957638,173.07559711581794,113.8463455218023,5.686522133865795,6.545953914905716,299.0,25.0,27.0,0.9999619632966912,-0.0032866862300892333,0.008078963637203677,113.85065880839622,0.008457011444816347,0.5919295527205894,-0.805945335350621,7.313979749524249,0.002133287896314449,-0.8059830037349596,-0.5919348332148764,4.550782836206309,299.19950659190613,34.027770947638004,21.213825812046196,90.2251147835085,69.968600797844,8876.0,215979.9181609206, -7.105427357601002E-15, -2.8421709430404007E-14,0.0,89.92677998233387, 172.49414988356776,172.49414988356776,0.0, 12960.990388669597, -42.368134071837844, 104.32455876224472, -42.368134071837844, 32.336533978945596, -15.9839806433276, 104.32455876224472, -15.9839806433276, 42.84951265606947, 15.0, 0.0
159039, 0 ,1.0,1.0,1.0,100.22219684859557,139.42886503767983,171.57810002283625,6.993665003874283,4.741853784574265,5.895005836264186,28.0,17.0,23.0,-0.9914100235465433,-0.0940961474525341,0.09084096127867414,7.020928394970672,-0.08101423064368962,-0.10345758966534135,-0.9913290178209497,5.894484334797431,0.10267842833163054,-0.9901729354891646,0.09494576441378247,4.702046385331415,28.878868870212045,24.771186561659192,19.520198165173497,9.908015945518738,2.824684289196357,8758.0,13964.044082408054, 0.0, 0.0,-2.8421709430404007E-14,84.78801118859852, 214.42267030470174,214.42267030470174,0.0, 48.91135018641587, 2.6418621416619117, -1.4334303087960834, 2.6418621416619117, 22.485177314281277, 1.0635597527091918, -1.4334303087960834, 1.0635597527091918, 34.751093809588816, 13.0, 0.0
159116, 0 ,1.0,1.0,1.0,266.93148962916405,48.60905091137649,175.24638592080453,3.32065251188691,3.2161625992457616,3.5049947945425597,14.0,14.0,15.0,0.6559675478542875,0.611119595056389,0.44298918350242866,3.8592666854537763,-0.3539919671376154,-0.26926794327714954,0.8956475098638613,3.414225530128041,-0.6666305298769889,0.7443303132759063,-0.03970039514307488,2.665435829133211,17.694850404388717,15.389216403062662,12.151118243928295,5.583494861915441,1.5748043072782183,1591.0,3308.8695763017145, 0.0, 0.0,2.8421709430404007E-14,63.70524109129049, 137.91240130775662,137.91240130775662,0.0, 11.026733104700847, 3.5564968883344013, 0.8201483754668001, 3.5564968883344013, 10.343701864787253, 1.0108435215213225, 0.8201483754668001, 1.0108435215213225, 12.28498850977044, 10.0, 0.0
159342, 0 ,1.0,1.0,1.0,170.66966247253845,110.40762931895347,74.86978230477332,5.456394707627747,5.31562296682786,4.992486827016859,23.0,23.0,23.0,-0.5984413623868603,0.5621694685730081,0.570818206076943,7.082466507007029,0.7036735900274992,0.7094509058926671,0.03902423382828705,4.481125694329688,-0.3830292606085974,0.42502341198152294,-0.8201485748236199,3.5652764461644026,30.686422667019343,21.35296437411563,15.169212399012096,8.655884669850083,2.8334918441892984,5007.0,9939.567112497234, 0.0, 0.0,0.0,NaN, 185.80006759730395,185.80006759730395,0.0, 29.772243205428083, -8.920267846305375, -12.59064910483432, -8.920267846305375, 28.255847525467814, 12.221644560806936, -12.59064910483432, 12.221644560806936, 24.924924717936868, 11.0, 0.0
159351, 0 ,1.0,1.0,1.0,198.9783393501805,152.99157641395908,56.664259927797836,3.0129304388728326,2.619224730489148,3.280935068179071,14.0,11.0,13.0,-0.6573092905856817,0.03274230264090721,0.7529093160052667,4.042529721777225,0.16441843562114308,0.9812195011677827,0.1008705534630607,2.64204475942757,-0.7354665692862208,0.19009532383996047,-0.6503481324002837,1.8385254628719911,17.116450212433676,11.234219398002836,7.684398527786868,4.877756408179616,1.7059060238952992,831.0,1477.632662490313, 0.0, 0.0,-7.105427357601002E-15,41.156975783829026, 187.15686169324692,187.15686169324692,0.0, 9.07774982948644, 0.30186326769105315, -6.355046114680672, 0.30186326769105315, 6.86033818880595, 0.6758722256252511, -6.355046114680672, 0.6758722256252511, 10.764534921607208, 8.0, 0.0
159657, 0 ,1.0,1.0,1.0,67.067816790799,252.52586512641233,252.31152150782793,8.854345768260668,10.989560204716232,10.074420626295266,37.0,47.0,44.0,0.34181916048775335,-0.7857115784091288,0.5155744146845176,12.076783087095498,0.11596081087068713,-0.5091634971357683,-0.8528221523428474,9.251390037672717,-0.9325839114340648,-0.35129737935018746,0.08293008739914692,8.32027139404815,54.55387297364115,43.497079331684176,36.438531016809804,16.61139465383574,4.972463281617551,39474.0,86466.23428255673, 0.0, 0.0,0.0,NaN, 95.00566568356928,95.00566568356928,0.0, 78.39943898391559, -21.544427748477716, 11.885267693254884, -21.544427748477716, 120.77043349308269, -23.93442679889257, 11.885267693254884, -23.93442679889257, 101.49395095552352, 20.0, 0.0
