// Sample: .//bubblelabels.tif, Map: .//bubblelabels.tif, Thickness:(8.191250068658265):/afs/psi.ch/project/tipl/test/LabelValidation/Step3500//distmap.tif, Neighbors:(1.0):
//LACUNA_NUMBER, TRIANGLES, SCALE_X, SCALE_Y, SCALE_Z, POS_X, POS_Y, POS_Z , STD_X, STD_Y, STD_Z,PROJ_X, PROJ_Y, PROJ_Z, PCA1_X, PCA1_Y, PCA1_Z, PCA1_S, PCA2_X, PCA2_Y, PCA2_Z, PCA2_S, PCA3_X, PCA3_Y, PCA3_Z, PCA3_S,PROJ_PCA1, PROJ_PCA2, PROJ_PCA3,OBJ_RADIUS, OBJ_RADIUS_STD, VOLUME, VOLUME_BOX, Mask_Grad_X,Mask_Grad_Y,Mask_Grad_Z,Mask_Angle, Mask_Distance_Mean,Mask_Distance_COV, Mask_Distance_STD, SHAPET_XX, SHAPET_XY, SHAPET_XZ, SHAPET_YX, SHAPET_YY, SHAPET_YZ, SHAPET_ZX, SHAPET_ZY, SHAPET_ZZ, Thickness, Thickness_STD, Neighbors, Neighbors_STD
1, 0 ,1.0,1.0,1.0,79.2170816778381,138.21037881774893,39.67628522034515,15.395034682898254,15.476382360822925,16.065597657270025,84.0,80.0,80.0,0.08591885617511097,-0.4717428376543963,0.8775401103512811,16.303160723694422,0.9886422805694819,-0.06864149417445303,-0.13369662055517,15.390518925168257,0.12330608753802545,0.879060316701463,0.4604873161953417,15.230489472854659,90.09382472542785,82.43585424091532,83.04497413071309,26.091348978277278,7.3396485232948985,164855.0,616771.8175879141, 0.0, 0.0,7.105427357601002E-15,28.652962696436052, 164.16961488468294,164.16961488468294,0.0, 237.00709288764014, -1.7035323572279277, 1.902622188101635, -1.7035323572279277, 239.51841097839096, -13.95777455346828, 1.902622188101635, -13.95777455346828, 258.10342808528014, 7.0671929828776285, 5.521105612912356, 54.0, 0.0
2, 0 ,1.0,1.0,1.0,57.54745077289391,259.19962961563175,12.995716643360167,14.332656473755637,15.837159944965025,8.196878350331806,80.0,73.0,33.0,-0.21828899637339438,-0.9758312863883642,-0.010159457068473222,15.915216284659007,-0.9708789659844945,0.21610461546544216,0.10340613416723374,14.298591236698305,-0.0987114353617394,0.032436024419821144,-0.9945873299256642,8.104669682693512,72.31588870093904,74.45051634825985,36.69935380476775,21.82144507295325,6.874156408995681,79377.0,197587.67873441725, 0.0, 0.0,0.0,NaN, 71.73052324523216,71.73052324523216,0.0, 205.4250415946894, 10.848798708098444, -13.515134947619751, 10.848798708098444, 250.81563512240461, 4.960830896472659, -13.515134947619751, 4.960830896472659, 67.18881469013826, 8.219083105267384, 5.597805547320078, 27.0, 0.0
3, 0 ,1.0,1.0,1.0,76.69865081076175,15.67884984170572,259.5275568214055,14.957582620718284,9.210110482669311,15.098037607405596,69.0,39.0,77.0,-0.6860641683611538,0.13412881869194193,0.7150702181514921,15.636037684350564,0.7112291723481221,-0.08331112957121532,0.6980059599248228,14.527166053480297,-0.1531960224415876,-0.9874556778336292,0.038239547881797044,8.998995751827042,74.03629097247811,78.23107701245436,40.426554124231785,22.136217472052586,6.818652988915588,88127.0,234148.12660561822, 0.0, 0.0,0.0,NaN, 88.12790718832758,88.12790718832758,0.0, 223.72927785561367, -22.752059922087742, -15.646733390379266, -22.752059922087742, 84.82613510297514, 8.118884259754983, -15.646733390379266, 8.118884259754983, 227.9507395946337, 7.15517044710422, 5.3399791207614955, 30.0, 0.0
4, 0 ,1.0,1.0,1.0,153.966504676223,176.52330327057595,14.237758971564562,15.766188579842545,15.365849702416913,8.873478327608705,78.0,67.0,38.0,-0.750280219621703,-0.6599199976851848,0.039814428284166446,17.17146681910792,0.6545707544612576,-0.7499552128432565,-0.09541648774318442,13.82765502647978,0.09282628640869534,-0.04552774301907744,0.9946408925673423,8.795302200146908,81.72439973138574,68.2894675974911,40.99089219699157,22.61972278293837,7.195053736138672,89923.0,228766.71576138216, 0.0, 0.0,0.0,NaN, 191.76806348352721,191.76806348352721,0.0, 248.5727023351575, 51.803422811193975, -13.607718492238511, 51.803422811193975, 236.10933707726593, 2.431933721907434, -13.607718492238511, 2.431933721907434, 78.73861763054137, 8.106298801765671, 5.552709682424572, 23.0, 0.0
5, 0 ,1.0,1.0,1.0,281.5602680784407,287.71542442448396,149.20008724446296,10.159436342252707,7.3455056019133815,16.735474279856643,42.0,31.0,80.0,-0.0923253546537229,0.009770344216788577,0.9956809575672068,16.781275758635108,0.9716759177649342,-0.21757461684963847,0.0922344671931594,10.207775568281354,-0.21753606534029538,-0.9759947881400897,-0.010594045480563382,7.1719453826708,80.3020971739543,47.54877364399252,33.60964664412768,19.63228606071951,7.198613945883752,50433.0,128330.57917546945, 0.0, 5.6843418860808015E-14,0.0,89.4401916052304, 150.8363369489093,150.8363369489093,0.0, 103.21414679228508, -11.362124651284141, -16.43052495745928, -11.362124651284141, 53.956452547740874, 1.180351201247807, -16.43052495745928, 1.180351201247807, 280.07609937174317, 7.188777629150654, 5.423322351540726, 16.0, 0.0
6, 0 ,1.0,1.0,1.0,17.01516506833642,163.74982837885628,12.961785691997255,10.30232998165987,14.018023801001938,8.142071774749253,41.0,72.0,35.0,-0.09615401692998105,0.991728388097314,0.08502475680724936,14.084548729872806,0.9931502711158936,0.08989224147682956,0.07464532071535561,10.2692137323997,0.06638481762162071,0.09161980770649097,-0.993578817621013,8.068770880113345,71.83668766299098,46.542142041708054,38.39617562964425,18.252175447955572,5.982843683292416,48071.0,128375.05299976359, 0.0, 0.0,0.0,NaN, 137.91893632644909,137.91893632644909,0.0, 106.13800305100786, -9.105939649439097, 1.9018921643097615, -9.105939649439097, 196.5049912854568, 11.508236457156366, 1.9018921643097615, 11.508236457156366, 66.29333278516846, 7.604703293822554, 5.231404478190801, 18.0, 0.0
7, 0 ,1.0,1.0,1.0,171.23800554217303,99.57115172151487,10.963396301595639,13.324250125616686,14.465603526031297,6.889416362154313,63.0,67.0,28.0,-0.26655782500434355,-0.9630737211685554,-0.037893713509051276,14.571085973071929,0.9622945570574222,-0.2637201094456518,-0.06663999798644721,13.23940622810026,0.05418589656556356,-0.054228327178014554,0.9970572587092782,6.830443681499134,74.23440032853576,67.32718500648488,29.976837035801008,19.806131563212904,6.478467187085695,55213.0,149824.0278052749, 0.0, 0.0,0.0,NaN, 163.13877997083415,163.13877997083415,0.0, 177.53564140999626, 9.88530772150714, -6.575172347078829, 9.88530772150714, 209.25368537232907, 8.30625573015745, -6.575172347078829, 8.30625573015745, 47.464057811119574, 6.575651286225922, 4.85248030211946, 25.0, 0.0
8, 0 ,1.0,1.0,1.0,279.1016231325505,205.5895158131015,210.36633244041633,12.476851466457457,12.968575241093829,14.39109467250691,51.0,68.0,71.0,-0.29518502393746543,0.19826806911850586,0.9346419498455314,14.682344424109427,0.3429688021380634,0.9350224566384654,-0.09003003022187187,12.966143982511447,-0.8917612922767053,0.2939775133403715,-0.344004388412694,12.13537163046996,79.37875860864531,64.2408698573006,61.55979657064444,22.111759171231313,6.4830146171743115,94447.0,313915.595094994, 0.0, 0.0,0.0,NaN, 131.84944459602596,131.84944459602596,0.0, 155.6718225160416, 2.689877150421427, -19.48845446401794, 2.689877150421427, 168.18394378391184, 10.901927455424676, -19.48845446401794, 10.901927455424676, 207.10360587305675, 7.283390618503603, 5.1008516349061805, 38.0, 0.0
9, 0 ,1.0,1.0,1.0,189.72905748769256,114.0701028267429,234.60845442274098,13.22310711926719,13.122604692964767,13.320641285749021,64.0,69.0,64.0,0.6577077273898184,-0.30221860751811686,0.689988738025144,14.168827630665387,-0.16765856749452027,-0.9517426705656188,-0.2570534842602002,13.014600143032608,0.7343780702590497,0.053383539545762956,-0.6766380477243058,12.424061605147717,66.96184620415121,66.46690313610736,70.06045736801467,22.071735539987507,6.109933742016014,100752.0,311821.33860447584, 0.0, 0.0,0.0,NaN, 171.60338969390742,171.60338969390742,0.0, 174.85056188761465, -6.825565080947, 21.703515452119873, -6.825565080947, 172.20275392782094, -6.000094425796245, 21.703515452119873, -6.000094425796245, 177.43948426360134, 6.5047288219887704, 4.828136088382427, 38.0, 0.0
10, 0 ,1.0,1.0,1.0,121.57267797796047,186.60549033326816,114.0038584613485,12.555252318147069,12.792813990185211,14.219449119525608,63.0,67.0,68.0,-0.1325952784121032,-0.24562819135063008,0.9602527186926549,14.345203282668221,0.10467292532524106,-0.966859689292949,-0.23286459568641887,12.687515419838236,-0.9856277547059407,-0.06963571521971347,-0.15391165101825668,12.51899672788859,72.54751325548577,64.51630000428258,65.6566661857029,21.997079111925437,6.29378219883145,97189.0,307305.8376315032, 1.4210854715202004E-14, 0.0,0.0,82.38041061353742, 201.58152345234078,201.58152345234078,NaN, 157.63436077233735, 1.1679368964693488, -6.350047374103399, 1.1679368964693488, 163.65608978747844, -10.615070212420884, -6.350047374103399, -10.615070212420884, 202.1927332627776, 6.334727775808749, 4.693927906141807, 35.0, 0.0
11, 0 ,1.0,1.0,1.0,259.6076977972311,141.0704124839431,126.25076359484277,13.632825458859665,13.438698236149124,13.293922056150096,74.0,68.0,65.0,-0.8590124546580319,-0.5100196583132384,0.04446966242765933,13.724130050231397,0.41175333767350186,-0.6366541145164172,0.6520204961380036,13.498334973891826,-0.3042314770978074,0.5784042588046572,0.7568961102684583,13.13864951986878,74.76041505517773,69.7443517111499,70.11223885588979,22.44599842858798,6.273600118981363,105095.0,365573.394208418, 0.0, 0.0,0.0,NaN, 193.5759661319311,193.5759661319311,0.0, 185.85392999173223, 4.3788956306245765, 1.9714137899213626, 4.3788956306245765, 180.59861028227758, -4.33386603170315, 1.9714137899213626, -4.33386603170315, 176.728363634994, 6.138815282265292, 4.652845812199426, 39.0, 0.0
12, 0 ,1.0,1.0,1.0,23.26212677681227,132.38303997629154,192.14814618812247,12.844685929550844,13.306757685480907,12.854769174280909,61.0,64.0,61.0,-0.25831851438895786,-0.9631432191420908,0.07501122945594421,13.337076445180035,0.6336887547744083,-0.227540796177551,-0.739367126769473,13.01361103187386,0.729184549477251,-0.1434584451870877,0.6691110276390324,12.651844413344017,66.88610872870039,61.024915340431136,69.52021914943452,21.68240025995214,6.09707849877298,94481.0,283762.00791096705, 0.0, 0.0,0.0,NaN, 172.33229002773535,172.33229002773535,NaN, 164.98595662880143, 3.091908764165975, -4.695314280067301, 3.091908764165975, 177.06980010010517, 0.27545844616226367, -4.695314280067301, 0.27545844616226367, 165.2450905240427, 6.440950120105184, 4.714167406841616, 35.0, 0.0
13, 0 ,1.0,1.0,1.0,47.033765152216155,249.02130100860555,213.65009715924865,13.346643526044751,14.149498219114053,13.359862759424882,64.0,70.0,65.0,-0.02945451523463943,0.812507415972661,0.5822062611495357,14.85058677098097,-0.8096094056302052,-0.3609952630753622,0.46283369621523385,14.143375618282882,-0.5862295129447153,0.457727122887184,-0.6684465865916464,11.672708549964664,69.02105883765205,67.40257104867568,63.62997785721163,22.71472286835193,6.392846879804258,108070.0,296019.1807814099, 0.0, 0.0,0.0,NaN, 110.75788249987546,110.75788249987546,1.3486991523486091E-6, 178.13289341131227, 16.624357107611566, -25.345814791654483, 16.624357107611566, 200.20829985271175, 29.215179757003618, -25.345814791654483, 29.215179757003618, 178.48593295066783, 7.0386072518197995, 4.920325774308635, 41.0, 0.0
14, 0 ,1.0,1.0,1.0,261.0601836438812,280.36249798636095,25.870182032969982,14.661017731236935,10.842927331378357,13.984194467250592,74.0,51.0,63.0,0.8349393183326986,-0.05536198488265384,0.5475503495862105,15.15887461807637,0.5490562505638896,0.01582501299340628,-0.8356355681039921,13.456326112373493,-0.03759745229203513,-0.9983409335460564,-0.043609769404765394,10.826265136138728,78.07588210467219,69.3363589227726,52.990701472289345,22.015162447545862,6.5882343108924,93115.0,286865.023840102, 0.0, 0.0,0.0,NaN, 50.707071514759534,50.707071514759534,0.0, 214.9454409156438, -4.64913750432867, 22.168109325965204, -4.64913750432867, 117.56907311355177, -4.25733903603999, 22.168109325965204, -4.25733903603999, 195.55769489788207, 6.531946337460537, 4.789193602328963, 28.0, 0.0
15, 0 ,1.0,1.0,1.0,136.2443089818078,22.786508768030817,250.7199733307934,14.167487776967116,12.259019697834011,12.788342231612457,67.0,55.0,68.0,-0.8953929480311034,-0.28316769149771004,0.34363865776135794,14.415299647845135,-0.44413050639949997,0.5126057212934878,-0.7348356739996412,13.125193812660394,0.031930579410555396,-0.8105870915509577,-0.5847469581874416,11.596180161508997,67.59588421845196,66.31565663455933,66.1540663294169,21.811420591571125,6.22935812687472,94491.0,296546.5473623964, 0.0, 0.0,0.0,NaN, 146.66375741908283,146.66375741908283,0.0, 200.71770991051264, 9.986881767469967, -10.22656744389703, 9.986881767469967, 150.28356395188231, -21.37378139714779, -10.22656744389703, -21.37378139714779, 163.5416970328427, 6.880081469784808, 4.7475562026895375, 29.0, 0.0
16, 0 ,1.0,1.0,1.0,236.98958759116235,243.12260396273908,9.598111137405073,13.592896624254184,13.094147953408243,6.642925735167805,64.0,63.0,28.0,-0.8557099494568648,0.5040348139410527,-0.11708709893040177,13.920062012992956,-0.5081024206803008,-0.8612773909030568,0.00576073068642624,12.827296210806326,0.09794086225548715,-0.06442175296148735,-0.9931049417085893,6.484162016870404,64.5034672186262,58.874576212895306,31.252688862317477,18.941415136158284,6.447852683340744,46483.0,118685.65803569769, 0.0, 0.0,0.0,NaN, 85.42525381476607,85.42525381476607,NaN, 184.76683863766078, -11.833630782910628, 14.843049841673366, -11.833630782910628, 171.45671062574527, -9.561896507800125, 14.843049841673366, -9.561896507800125, 44.128462322954725, 6.043457832876885, 4.5377930062115075, 15.0, 0.0
17, 0 ,1.0,1.0,1.0,144.40947865011282,151.82409719959944,58.65696601151048,12.272834723146723,11.70325847834055,13.43066341665264,61.0,59.0,67.0,0.36006419388470656,0.11795142931554872,0.9254411038010878,13.595735441402917,-0.7415048218606497,-0.5657992621509207,0.36061308088709226,12.513945720644836,-0.5661487220153052,0.8160628990904398,0.11626250164409807,11.24849284446911,69.71444359816668,65.54025643392134,60.19778063739586,20.8150995719909,5.890932080049698,82881.0,275049.8306411873, 0.0, 0.0,0.0,NaN, 215.06007383144512,215.06007383144512,3.814697265625E-6, 150.62247214167587, 15.092419121873556, 11.391089483734056, 15.092419121873556, 136.96625901084994, 0.23017226483525507, 11.391089483734056, 0.23017226483525507, 180.38271981141156, 5.7324786419463205, 4.496195395763464, 31.0, 0.0
18, 0 ,1.0,1.0,1.0,33.011829668117414,11.817991832352321,73.50213777632916,13.39790425521594,7.417509357527878,12.749141852429897,66.0,31.0,60.0,-0.9293155679504357,-0.04136225188121591,-0.36696285818087143,13.535101823511127,0.362759578649974,0.08375441807367712,-0.9281113540684831,12.641528494171453,0.06912353624238882,-0.9956276219412831,-0.06282973153605349,7.35232462780063,68.08179109451278,67.16090056098884,32.88770361427346,18.96485057247471,6.115418566054758,52157.0,150376.86739923139, 0.0, 0.0,0.0,NaN, 81.43715421524021,81.43715421524021,1.3486991523486091E-6, 179.50383843193336, 8.177067297571568, 8.436090668405072, 8.177067297571568, 55.01944506901364, -6.26025664990908, 8.436090668405072, -6.26025664990908, 162.54061797337963, 6.517157709966292, 4.662428085538602, 28.0, 0.0
19, 0 ,1.0,1.0,1.0,219.16671139138603,29.822132985758373,269.24320982921546,12.354113921863524,13.818052217237634,14.297984391920247,58.0,64.0,63.0,-0.16439299852021252,-0.552941026849564,0.8168421896939965,14.757067141667427,0.009756642456486747,-0.8289796711755476,-0.559193627204081,13.394483673384494,-0.9863466682488006,0.0839578799412548,-0.14167330175534198,12.28054689515246,69.24490868179254,66.92118463371392,56.468903056183024,22.517260196973876,6.40062877895456,104342.0,261674.1477905852, 0.0, 3.552713678800501E-15,0.0,56.43098539837364, 91.48420795259368,91.48420795259368,0.0, 152.62413079438213, 5.855245219688479, -9.147530572340928, 5.855245219688479, 190.9385670783059, -16.985176331483004, -9.147530572340928, -16.985176331483004, 204.43235767159499, 6.272572659581419, 4.642408333159247, 38.0, 0.0
20, 0 ,1.0,1.0,1.0,161.60110456271335,256.57147057695505,281.49153040743533,14.948699542523517,12.674860834849932,10.074385920252634,72.0,65.0,43.0,-0.9572059355923123,0.28914008347337444,0.01244222632234038,15.16048554121081,0.2859788626380758,0.9515890101501787,-0.11266963160335472,12.449232404541146,-0.04441719251684871,-0.10428982639938186,-0.9935546009749581,10.039186100381885,75.56904928253408,62.25875382478188,45.256714558239764,21.078998995109096,6.4253224222500505,78221.0,212925.3672189631, 0.0, 0.0,0.0,NaN, 146.2287758027406,146.2287758027406,0.0, 223.46361801264283, -20.968959423400662, -3.283341663072665, -20.968959423400662, 160.65209718281272, -5.346580850957749, -3.283341663072665, -5.346580850957749, 101.49325167018453, 6.6727933287277645, 4.881034012860554, 32.0, 0.0
21, 0 ,1.0,1.0,1.0,41.07382639821947,85.55808777525924,39.61275500261541,12.512651715943669,12.645651804593504,14.431476796119568,58.0,60.0,72.0,-0.0693533696709128,-0.04199702190902522,0.9967077607132706,14.442837123582436,-0.3615702397156786,-0.9301214975079488,-0.06435030400485642,12.667411239934658,-0.929761836099566,0.36484277438965873,-0.04932218677654093,12.477485056873867,71.74831809720834,63.1726965047464,60.67321289982662,22.028272470697672,6.2850375497015625,97499.0,275003.44427788554, 0.0, 0.0,0.0,NaN, 102.84170339724673,102.84170339724673,NaN, 156.56645296450802, 1.760180967945169, -3.546145196451461, 1.760180967945169, 159.91250956301894, -1.9288181207736503, -3.546145196451461, -1.9288181207736503, 208.2675225169375, 5.966337540384222, 4.451526989125416, 35.0, 0.0
22, 0 ,1.0,1.0,1.0,190.63895725093428,281.7730770733232,59.87461749807935,14.081315753867745,10.282052005153542,12.76468950763601,66.0,44.0,68.0,0.9781133121307383,0.15253963696983516,-0.1415132777719018,14.187907941816025,-0.14428457943608797,0.007197183582480615,-0.9895100609318893,12.735933949607023,-0.14992100843306705,0.9882711468527199,0.0290487784393993,10.17057518968124,68.71449545200352,66.66636272412924,48.22478476886283,20.700717655689747,6.19851865872471,76797.0,220915.10972451462, 0.0, 0.0,-7.105427357601002E-15,81.86457742400275, 126.00408013663407,126.00408013663407,1.3486991523486091E-6, 198.28345336012393, 14.539215177832865, -5.155142526801157, 14.539215177832865, 105.72059343668197, -2.530854601885318, -5.155142526801157, -2.530854601885318, 162.93729822635285, 6.148925221478431, 4.68625143196445, 35.0, 0.0
23, 0 ,1.0,1.0,1.0,32.57135520175066,288.5496282071322,207.8393363553134,13.007542514216965,6.745943031832997,12.462946465946185,63.0,27.0,66.0,0.7996477634911049,-0.014405358954725118,0.60029654336591,13.667305548741922,0.5995667060618488,0.07395002108791388,-0.7969009721183941,11.758639131657334,0.032912297486175926,-0.9971579012445734,-0.06777094259119341,6.705826501612134,64.30643927346306,65.75736511944005,29.531471449555056,18.2733152777583,6.009566791426287,44783.0,124877.43006584371, 0.0, 0.0,0.0,NaN, 98.41540589411076,98.41540589411076,0.0, 169.19616225916178, 2.502884198559934, 23.503581731384077, 2.502884198559934, 45.50774738873617, -6.724547820594495, 23.503581731384077, -6.724547820594495, 155.32503461304051, 5.867353606536304, 4.501969770048199, 21.0, 0.0
24, 0 ,1.0,1.0,1.0,281.0982569160384,105.47234297279192,168.70943374713167,10.813324686518333,12.13109078434945,12.620297655533662,45.0,63.0,62.0,0.1635595304486358,-0.5292774152481456,0.8325345024127612,12.866060516810142,0.2987009054424552,-0.7777183339919491,-0.5531111660965133,12.051008495259302,-0.9402265945437189,-0.33914541229541884,-0.03089239763584491,10.611359400822819,65.5965057727636,59.985744435078615,52.34619294392047,19.781003265874983,5.6634951314437725,70163.0,205974.69113455818, 0.0, 0.0,0.0,NaN, 169.46652711016753,169.46652711016753,0.0, 116.9279907760668, -12.161614133580757, 1.8177695330484123, -12.161614133580757, 147.16336361812813, -9.290685173292164, 1.8177695330484123, -9.290685173292164, 159.27191291426846, 6.223128359778778, 4.639118647620684, 24.0, 0.0
25, 0 ,1.0,1.0,1.0,277.2405887155297,207.08472423802613,11.23954553701016,12.611953837057987,11.809678708942814,7.158870428316527,49.0,61.0,28.0,-0.8875678906988521,0.45955606582401537,-0.03211637845000736,12.888306051694151,-0.460671843527672,-0.8850707649358975,0.06656721142275468,11.528416964793628,0.002166098152597805,0.0738780307001962,0.9972649320008471,7.125060421476176,60.3869809018567,60.541562604019305,30.398447471236224,17.824177764186782,5.663744665557092,44096.0,111134.35849166932, 0.0, 0.0,0.0,NaN, 96.3201259125934,96.3201259125934,0.0, 159.0613795880817, -13.556645488052164, 0.7690643459238823, -13.556645488052164, 139.4685112084572, -6.541657794953675, 0.7690643459238823, -6.541657794953675, 51.249425809424864, 6.583017793924011, 4.71140980649444, 15.0, 0.0
26, 0 ,1.0,1.0,1.0,91.38575488454707,265.5535820011841,40.10027235050325,11.606824243208475,12.665433881664995,13.543507898684647,61.0,61.0,67.0,-0.29653340969785735,-0.3858382028144899,0.8736113656436976,13.975498350318697,0.05374070014629455,-0.9200468089074828,-0.3881054065159923,12.427733113689866,-0.9535092417385103,0.06813773307090719,-0.29355983248940776,11.348792276732748,70.27380261568572,62.762467448782644,57.84704385756281,21.029577556851944,6.026197673960693,84450.0,255137.6986289795, 0.0, 0.0,0.0,NaN, 105.57435176856262,105.57435176856262,0.0, 134.718369012732, 6.342344098844588, -17.76725366918087, 6.342344098844588, 160.41321541082763, -13.261678299420069, -17.76725366918087, -13.261678299420069, 183.42660620173342, 5.933270200937016, 4.353255008039903, 36.0, 0.0
27, 0 ,1.0,1.0,1.0,52.9189373533254,188.79668443139386,48.33067825805482,14.002282029049768,11.122176766548403,13.011579537344643,73.0,55.0,68.0,-0.9391673390057591,0.021467859780575426,0.34278833168776773,14.141559567618515,0.33565548936212736,0.2689199488372918,0.9027831708546734,12.998007231364225,-0.07280179809532374,0.96292325349105,-0.25976663773529085,10.960657877743726,70.2904859153369,67.06525886178068,58.136374128367976,21.24286219290178,6.148880057170002,86501.0,274057.753148923, 0.0, 0.0,-7.105427357601002E-15,69.95315435612436, 132.29680942842043,132.29680942842043,0.0, 196.0639020210501, 2.7961220244035694, -10.91454762435709, 2.7961220244035694, 123.7028160263491, 12.438036999854491, -10.91454762435709, 12.438036999854491, 169.30120205664585, 6.026249427929212, 4.330299511165263, 32.0, 0.0
28, 0 ,1.0,1.0,1.0,68.67550639211694,62.32611540483407,161.35924480186114,13.570142062433648,12.762930542959227,12.018002617207799,65.0,61.0,58.0,-0.9382446823694589,0.24950422627388105,-0.23967594179830554,13.786200713206984,-0.13335727025213812,-0.9000400542873345,-0.4149020838093602,12.844211497785896,-0.31923777106779044,-0.35731714449480756,0.8777309973868676,11.680772210841278,68.27227337008048,63.22683132210713,65.66132450231673,21.3380044468709,6.0135767037180505,89407.0,283436.2677797298, 0.0, -7.105427357601002E-15,0.0,75.55182320060877, 166.7996667909761,166.7996667909761,0.0, 184.14875559463096, -9.127201895544511, 13.636285863428697, -9.127201895544511, 162.89239604440152, 7.448740023848376, 13.636285863428697, 7.448740023848376, 144.4323869072135, 6.240758112969311, 4.387356171245158, 37.0, 0.0
29, 0 ,1.0,1.0,1.0,124.48535518452344,168.81415809253897,273.9074856755591,12.814431894266331,11.55188029796336,12.984241099976785,66.0,56.0,61.0,0.6462468432552718,-0.12115446215690334,0.7534498084690631,13.264280979897984,-0.7140913019148994,0.25220679954061287,0.6530431400718988,12.622260778277964,0.26914425520913615,0.9600590224381795,-0.07647250043621369,11.444802447620178,72.2758449222273,65.08100148601294,59.40671033789724,20.74451577686471,5.992594205933643,81155.0,279436.3556072308, 0.0, 0.0,0.0,NaN, 182.72150414266372,182.72150414266372,0.0, 164.2096647727902, -8.623619901509686, 8.675621301526723, -8.623619901509686, 133.44593841847401, 0.563411976572927, 8.675621301526723, 0.563411976572927, 168.59051694232633, 5.718331213338884, 4.246467094569944, 31.0, 0.0
30, 0 ,1.0,1.0,1.0,276.07808330944454,208.57441178416283,287.1599153233809,13.170477466778806,12.064259857330331,7.338668559910877,55.0,60.0,35.0,-0.9307943099469737,0.3626947000508749,0.045546757572224546,13.381301804776598,-0.35757856057445986,-0.9292862886111806,0.09254494484710978,11.872876962528826,0.07589153831511296,0.06985376406653634,0.9946662385232057,7.269075146294704,62.79991744871154,64.72218661734436,38.055941646199926,18.33768380238606,6.049235621468723,45349.0,154680.20061830795, 0.0, 0.0,0.0,NaN, 95.37171516369224,95.37171516369224,1.3486991523486091E-6, 173.46147670292825, -13.327504291775421, -8.26731041831361, -13.327504291775421, 145.54636590519206, -5.493784521350893, -8.26731041831361, -5.493784521350893, 53.85605623222439, 5.770497903362199, 4.42923729270662, 20.0, 0.0
31, 0 ,1.0,1.0,1.0,13.045557526475703,249.97311157554577,81.19582360069548,8.29124379800505,11.83951490732914,13.735665795534945,33.0,57.0,60.0,-0.060391874879126756,0.03518560463935638,0.9975544068745055,13.752612877665936,-0.11261244150480956,0.9927579546981595,-0.04183397425362374,11.878016833426601,-0.9918020263474507,-0.11486346943084177,-0.055992177341128185,8.20766147860316,59.1329789782333,57.656744964151954,36.267201503833284,19.049543773264805,5.89086019490553,56939.0,123649.94400375173, 0.0, 0.0,0.0,NaN, 96.25818358355114,96.25818358355114,0.0, 68.74472371795721, -8.500592764659793, -6.988548559339035, -8.500592764659793, 140.17411324086893, 1.2122939625329499, -6.988548559339035, 1.2122939625329499, 188.66851484662865, 7.809139369097338, 4.961602569301451, 25.0, 0.0
32, 0 ,1.0,1.0,1.0,59.898481446913706,44.16871831092501,35.33346366319401,11.780323615380203,12.052169919871044,13.871747490134666,62.0,60.0,68.0,-0.32638003483984473,-0.4671248439656603,0.82174841223333,14.73990126537195,-0.663749051098719,-0.5057010069983269,-0.5510931760477783,11.934615370628597,-0.6729883134375304,0.7253005388602262,0.14500295964418586,10.805390753361412,74.87811870661034,59.71357585868514,54.42835504812781,20.936380806674297,6.174476610090709,79286.0,243362.25028360158, 0.0, 0.0,0.0,NaN, 82.38420607928659,82.38420607928659,0.0, 138.77602448308448, 23.942739117683104, -17.56362978300002, 23.942739117683104, 145.25479977744442, -31.4246745128088, -17.56362978300002, -31.4246745128088, 192.4253784300574, 6.382955925667547, 4.348942703460887, 29.0, 0.0
33, 0 ,1.0,1.0,1.0,135.4266797382011,142.76177128496866,174.9103173068957,12.345619626174582,11.408665270628404,11.858129467653189,59.0,52.0,55.0,-0.8779695008180416,0.4351920361031366,0.19944284230256262,12.61606519488712,-0.29311715922817644,-0.15931166082406994,-0.9427099902363826,11.883534193070263,-0.37848630965904495,-0.8861307389081381,0.2674330326694794,11.081683796406677,66.05809914035187,54.36384520383203,59.04264049286232,19.812779150955993,5.535429883812313,72422.0,212032.29364721072, 0.0, 0.0,0.0,NaN, 233.1710480346917,233.1710480346917,0.0, 152.414323954187, -13.033242584805821, -1.2786268689126719, -13.033242584805821, 130.15764325724268, 5.921621944932133, -1.2786268689126719, 5.921621944932133, 140.6152344716249, 5.60936304795107, 4.106073675153418, 32.0, 0.0
34, 0 ,1.0,1.0,1.0,239.44963798124448,94.87511020866174,185.04190600870982,12.90196370064132,11.315296141030084,11.858598277475906,67.0,56.0,59.0,0.872652930429489,-0.34472329746359803,0.34589407511353715,13.316813296182977,0.4037596286988083,0.1108979296477649,-0.9081188311189452,11.688192751579045,-0.2746907811445911,-0.9321306224911097,-0.23596075387341656,11.007796375068468,72.95136334465451,58.949082494676475,57.009619113008,20.072423590063,5.676333184329329,74858.0,245165.0745333488, 0.0, 0.0,2.8421709430404007E-14,69.76361701500939, 160.88193264570876,160.88193264570876,0.0, 166.46066733266625, -16.20460517931744, 11.291344754773524, -16.20460517931744, 128.0359267592103, -8.252267235627098, 11.291344754773524, -8.252267235627098, 140.62635310655452, 5.915002878371645, 4.296544421739915, 33.0, 0.0
35, 0 ,1.0,1.0,1.0,273.0148455698647,65.51376534343959,238.97571602718068,13.096185281089731,12.93611596322865,11.517879442142615,58.0,70.0,57.0,0.9669892575791078,0.12373092786993856,0.22276093287434942,13.181015108754519,-0.1253678089044382,0.9920867905321703,-0.006834657422139675,12.932927483085509,0.22184383745578,0.021318009757523484,-0.9748491443515104,11.424313519616774,63.556306823799105,70.19828219067854,59.111355834219324,20.87474250952508,5.979952937566368,82853.0,263727.8890286366, 0.0, 0.0,0.0,NaN, 93.51050873291626,93.51050873291626,0.0, 171.51006891663133, 0.6013550339464145, 9.342303468632014, 0.6013550339464145, 167.3430962140991, 0.9422072329425758, 9.342303468632014, 0.9422072329425758, 132.6615468437315, 5.64778319691968, 4.260347161004955, 34.0, 0.0
36, 0 ,1.0,1.0,1.0,131.47472958202994,276.0985313885853,59.02496262515861,12.810752900343795,12.075791869885547,12.18955293724527,62.0,53.0,69.0,0.8281018548301243,0.0996382194646863,-0.5516516502729003,13.142152709199259,-0.4235735249083566,0.7558170980654348,-0.4993255283566573,12.653793759340388,-0.36719584287355034,-0.6471574302237836,-0.6680976526545579,11.211184845168258,63.80356702761203,66.19096782968734,61.29994361116471,20.588129460674676,5.886787347850016,79599.0,258883.13881849658, 0.0, 0.0,7.105427357601002E-15,56.519602974995266, 146.08501269244462,146.08501269244462,0.0, 164.11538987366694, -7.141764395430317, -14.20084784582088, -7.141764395430317, 145.82474928479388, -15.577806026069604, -14.20084784582088, -15.577806026069604, 148.5852008099048, 6.250426809231892, 4.295526319861058, 24.0, 0.0
37, 0 ,1.0,1.0,1.0,36.07320621702822,176.18263111826076,209.0252773769251,12.055915797136244,13.041896235199632,12.81938936365302,66.0,63.0,67.0,0.2017561717380582,0.7895102561233175,0.5796274688467558,13.412332836203957,-0.19029147439328242,-0.5489230328264831,0.8139242340696132,12.509916256260881,-0.9607723986141743,0.2745124031964119,-0.03948846100440843,11.974315426216167,60.7631284589541,58.83565393712112,70.5484268670818,21.05464089012658,6.039453929121827,84542.0,252213.33497874354, 0.0, -2.8421709430404007E-14,0.0,37.86023230213392, 157.82400704556437,157.82400704556437,0.0, 145.34510570763922, 7.184863097739107, 2.2380894503821955, 7.184863097739107, 170.09105740971432, 10.847149550522715, 2.2380894503821955, 10.847149550522715, 164.33674365694017, 5.608636599595187, 4.221753705672343, 41.0, 0.0
38, 0 ,1.0,1.0,1.0,200.496799221193,175.4336244026196,193.52618148563337,12.535979433699344,10.702609400630726,11.733643760211343,64.0,53.0,56.0,0.918747666728532,0.2838481390836168,0.2744685024181198,12.78199352969431,-0.28387099327489174,-0.008320743314668186,0.9588263786566457,11.650365697587302,-0.27444486524255474,0.9588331445926654,-0.07293158967509751,10.500697346151947,64.56716638657508,56.49073170433769,51.36704639389637,19.464776134500745,5.522455456570107,67796.0,187358.5522108582, 0.0, -2.8421709430404007E-14,0.0,73.50999137651395, 191.7142220173702,191.7142220173702,0.0, 157.15078036213293, 13.911662878272258, 6.462279210903014, 13.911662878272258, 114.54584798246918, 3.9348533347890298, 6.462279210903014, 3.9348533347890298, 137.6783958915466, 5.927814722895935, 4.199081645388764, 34.0, 0.0
39, 0 ,1.0,1.0,1.0,163.53730975110386,9.943461851550358,223.32482300994104,13.210706405553243,6.557636794205596,11.547217653669703,59.0,27.0,57.0,0.9514484633465732,-0.024148605665570318,0.3068593593812215,13.389244302702032,0.30780807099791585,0.07427478946923156,-0.9485449104169202,11.364296933250506,-1.1412268303859427E-4,-0.9969453849101815,-0.07810177003309916,6.51494373077313,62.01806764407576,58.478383943008566,28.556178968390473,17.772788949254355,5.915367491958117,40539.0,103565.16176054445, 0.0, 0.0,0.0,NaN, 156.84393845481017,156.84393845481017,0.0, 174.5227637337255, -1.1615354609257726, 14.633654140394748, -1.1615354609257726, 43.00260032471904, -7.122388457071517, 14.633654140394748, -7.122388457071517, 133.33823554122122, 6.607210721563566, 4.339341873209735, 18.0, 0.0
40, 0 ,1.0,1.0,1.0,104.03229503379372,229.43845136644137,156.84617984131648,12.074519460845792,10.925638356881691,12.015112347570767,59.0,52.0,59.0,-0.8256948057457009,0.5423422550955184,0.15521909065085188,12.847264774418436,-0.17495388089646727,0.015392312976953593,-0.984456304901586,12.006476645859099,-0.5363014332666236,-0.8400166397394323,0.08217552942961975,10.015928554501718,58.675048238534615,59.66726079208877,54.05414284513236,19.474555955137138,5.5016532779298615,68060.0,189242.44086854914, 0.0, 0.0,0.0,NaN, 190.51159224989186,190.51159224989186,0.0, 145.79402021034377, -29.1062550118048, -0.7462812708081374, -29.1062550118048, 119.36957350536446, 4.785118239132197, -0.7462812708081374, 4.785118239132197, 144.3629247247475, 5.935725373443947, 4.145018927123359, 23.0, 0.0
41, 0 ,1.0,1.0,1.0,51.94680418951461,21.57665303043491,165.01681318362492,12.128152665709523,10.86963614094261,12.143737311828035,59.0,49.0,58.0,-0.7896217686892505,0.3436284985755387,-0.5083472409473473,12.286744728406282,0.5441188594488917,0.009214437490812065,-0.8389575441783484,12.165330708586831,-0.283605587399291,-0.9390604608375597,-0.19425066714802872,10.665461337777288,61.04152657890988,62.47647250565481,52.17726677087497,19.550127080831054,5.52303937531434,68934.0,198986.31642625167, 0.0, 0.0,0.0,NaN, 146.23434324605134,146.23434324605134,0.0, 147.09208708275702, -9.92529685405448, -0.6947855347963062, -9.92529685405448, 118.14898983648577, -6.765012053011221, -0.6947855347963062, -6.765012053011221, 147.4703558986844, 5.735750810087037, 4.121194118471464, 27.0, 0.0
42, 0 ,1.0,1.0,1.0,187.52785262234477,66.71548969233662,61.115718403408735,11.674140968854317,11.238288195194762,11.338829520415466,56.0,57.0,56.0,0.20625249220266303,0.67552437378162,0.7079030511921398,11.99893364033805,0.9758534724580153,-0.08884401140807432,-0.19954132887338286,11.665282855941049,0.07190208447481908,-0.7319655470470404,0.677537104655017,10.540422723858546,56.94233046713761,59.857722314414076,51.96883162757363,19.03811236652956,5.35761339883794,63836.0,177132.55119058435, 0.0, 0.0,7.105427357601002E-15,44.93544307817794, 144.34705240008896,144.34705240008896,0.0, 136.28556736068282, 2.4146854334078807, -0.06404297451694578, 2.4146854334078807, 126.29912155825394, 16.163304054807853, -0.06404297451694578, 16.163304054807853, 128.5690548930452, 5.378085816957982, 4.0220672676963, 31.0, 0.0
43, 0 ,1.0,1.0,1.0,92.14688233047842,158.63820849926356,106.56003491353445,11.283859620465762,11.556152323563651,13.203117263374766,57.0,56.0,61.0,-0.049656312534438085,0.15570174333838036,0.9865552279253662,13.231402845409088,0.6660097516000555,-0.7309346356231753,0.14888105729087436,12.48388854036432,-0.7442884262160165,-0.6644482866016025,0.06740336069574021,10.211510935433049,61.280558262925496,58.084050046629976,52.636758090131536,20.064700795854087,5.70966127743351,73324.0,187356.4880772645, 0.0, 0.0,-1.4210854715202004E-14,9.405938583479331, 199.5726560937104,199.5726560937104,0.0, 127.32548793437775, -25.65335368415617, 1.6455788552348067, -25.65335368415617, 133.54465652540557, 5.262473490075082, 1.6455788552348067, 5.262473490075082, 174.3223054704248, 6.202155516117748, 4.296682922380549, 28.0, 0.0
44, 0 ,1.0,1.0,1.0,84.43842063281042,207.93556235043872,190.34965434724808,13.596241173735633,12.43090698330122,10.188492565796219,65.0,60.0,52.0,-0.9543170439428392,0.2855487122375773,-0.08798245609019288,13.709070234911115,-0.2973560748595466,-0.9364845831311246,0.18594620270886944,12.407118430649604,-0.029297514985491574,0.2036137483010064,0.9786128433239005,10.065555562772724,63.15198775709882,58.88184119860128,53.5127697357712,20.243297385258195,5.779231282541058,75220.0,198987.51865551836, 0.0, 0.0,0.0,NaN, 166.21945090891546,166.21945090891546,0.0, 184.8577740543841, -8.951781111310328, 4.363614715985797, -8.951781111310328, 154.52744842748706, -11.339487176002589, 4.363614715985797, -11.339487176002589, 103.8053807632848, 5.721733114803227, 4.1189627706867915, 21.0, 0.0
45, 0 ,1.0,1.0,1.0,26.22424985429186,11.73006813111723,264.05737886126576,12.228599027057808,7.583243900821836,13.215421668817411,50.0,33.0,64.0,0.3647380725810206,0.14613950124409397,0.9195702173222062,13.464060996590396,-0.9246281909803832,-0.05948300513700801,0.3761973957169491,12.080433436840597,-0.10967609974021808,0.9874740595458692,-0.11342898602110274,7.380635580132407,66.97652079142983,56.59270322954726,35.2714107667113,18.62063868464906,5.91298630848382,49757.0,133692.13334107178, 0.0, 0.0,0.0,NaN, 46.01280031799374,46.01280031799374,NaN, 149.53863416455914, 11.789595429648084, 10.716638194947363, 11.789595429648084, 57.505588059351574, 14.994345629472821, 10.716638194947363, 14.994345629472821, 174.64736988464878, 6.057471613108011, 4.2488750871207825, 25.0, 0.0
46, 0 ,1.0,1.0,1.0,287.7246442627914,78.74455040871935,284.6793066908871,7.601310178290563,10.38895717801116,8.496371607407884,31.0,50.0,36.0,-0.0639402268817568,-0.9755986912142777,0.21004485494126748,10.474849721100036,0.3420496045253179,-0.21915090890236427,-0.9137696357240922,8.52128756178534,-0.9375039815544162,-0.013419121739379621,-0.3477157053418219,7.454116968094422,49.83015883542022,42.56934802605562,36.05666652067953,14.718348534960231,4.611821176903425,26424.0,76484.74859321142, 0.0, 0.0,0.0,NaN, 81.15486566447055,81.15486566447055,0.0, 57.77991642658372, 2.1004521939843603, -6.055947794319635, 2.1004521939843603, 107.93043124654959, -7.684138655635567, -6.055947794319635, -7.684138655635567, 72.18833049116682, 6.787548721532523, 4.492243325586559, 12.0, 0.0
47, 0 ,1.0,1.0,1.0,121.5695860527691,236.87500416949266,78.33926327844428,11.779984010132926,12.55256519926044,14.204436234312071,61.0,62.0,66.0,0.1390282466542248,0.3297250877492533,0.9337839756287313,14.479615157732892,0.12578142315136615,-0.9411839681983235,0.31361086013796513,12.300377668363154,-0.9822678760003655,-0.07385190935381777,0.1723244476634888,11.710780469076095,67.4960477846605,58.91984219899197,59.92323549518753,21.46088593123386,6.126279469782472,89939.0,238306.10765292408, 0.0, 2.8421709430404007E-14,0.0,70.74790970804744, 157.8004104007737,157.8004104007737,0.0, 138.7680232789874, 1.6483092585555588, 9.972750650683862, 1.6483092585555588, 157.5668930816843, 18.14873411730479, 9.972750650683862, 18.14873411730479, 201.7660087346377, 6.0209253315732, 4.220611997803043, 38.0, 0.0
48, 0 ,1.0,1.0,1.0,23.889522564083936,188.1688522406674,121.83284294138302,12.414457686826161,12.611126319530902,12.220760383600677,53.0,61.0,59.0,-0.5120916412089382,-0.622770555912998,0.5915395047600385,13.439753881884776,0.7276641604107507,-0.6804633220633487,-0.08645540457501245,12.229790359464145,0.45636281690958747,0.38616900706080376,0.8016273930748747,11.502673359548506,63.7592701748422,62.80403928086848,58.55828491740078,20.718057749955452,5.7678708487800385,82587.0,234487.2655611066, -3.552713678800501E-15, 0.0,1.4210854715202004E-14,44.28004363200307, 167.09325694560286,167.09325694560286,1.9073486328125E-6, 154.11875965799715, 6.864138518699668, -15.721446971106946, 6.864138518699668, 159.04050704716502, -16.783924768033806, -15.721446971106946, -16.783924768033806, 149.34698435338376, 5.992924343186852, 4.304297365588908, 25.0, 0.0
49, 0 ,1.0,1.0,1.0,217.68789038553936,137.83758304753383,208.828818529748,11.630667950924304,12.196863167377783,10.158597334620875,61.0,58.0,58.0,0.06316634556455483,-0.9903393908746828,-0.12344190402769427,12.224557411034338,0.9814906311912002,0.0840510559858475,-0.17208010016141737,11.677414561062076,0.18079312396194375,-0.11028740122800591,0.9773180318905682,10.071305436177667,56.31425359897527,59.9569964894589,55.995548539522304,18.90987021880482,5.445164480831947,60357.0,189065.2462387499, 0.0, 0.0,2.8421709430404007E-14,82.90921340037347, 184.6257485299664,184.6257485299664,0.0, 135.27243698465773, -0.12160330285729955, -6.273981750859173, -0.12160330285729955, 148.7634711237368, 5.363800521018641, -6.273981750859173, 5.363800521018641, 103.19709980696634, 5.768056534644116, 4.092943073945958, 30.0, 0.0
