// Sample: .//bubblelabels.tif, Map: .//bubblelabels.tif, Thickness:(8.191250068658265):/gpfs/home/mader/Foam/NewValid/InSilicoTest/LatticeDataPhi_16.0/out_Step_05000.vtk/distmap.tif, Neighbors:(1.0):
//LACUNA_NUMBER, TRIANGLES, SCALE_X, SCALE_Y, SCALE_Z, POS_X, POS_Y, POS_Z , STD_X, STD_Y, STD_Z,PROJ_X, PROJ_Y, PROJ_Z, PCA1_X, PCA1_Y, PCA1_Z, PCA1_S, PCA2_X, PCA2_Y, PCA2_Z, PCA2_S, PCA3_X, PCA3_Y, PCA3_Z, PCA3_S,PROJ_PCA1, PROJ_PCA2, PROJ_PCA3,OBJ_RADIUS, OBJ_RADIUS_STD, VOLUME, VOLUME_BOX, Mask_Grad_X,Mask_Grad_Y,Mask_Grad_Z,Mask_Angle, Mask_Distance_Mean,Mask_Distance_COV, Mask_Distance_STD, SHAPET_XX, SHAPET_XY, SHAPET_XZ, SHAPET_YX, SHAPET_YY, SHAPET_YZ, SHAPET_ZX, SHAPET_ZY, SHAPET_ZZ, Thickness, Thickness_STD, Neighbors, Neighbors_STD
1, 0 ,1.0,1.0,1.0,130.8585688256131,15.22077613426738,180.23543192132274,21.047113115650294,9.42278327335737,11.796115864774176,86.0,38.0,51.0,-0.9733046340953507,-0.01905506983695376,0.22872471130602415,21.47096816293512,0.209176042019398,0.33651224143789976,0.9181529800678857,11.226666562013948,0.09446413443002762,-0.9414862801315534,0.32354305993242416,9.158474145096637,88.63348722884815,59.39493824504865,45.499271070910794,24.193818616802684,9.250800254682746,88361.0,239525.4754081505, 0.0, 0.0,2.8421709430404007E-14,76.7779982004452, 73.50406575359374,73.50406575359374,0.0, 442.98097050297866, 9.961985936668244, -75.85794419799704, 9.961985936668244, 88.78884461666341, 11.382637069281982, -75.85794419799704, 11.382637069281982, 139.148349495177, 11.120203145163618, 6.455895450998838, 12.0, 0.0
2, 0 ,1.0,1.0,1.0,169.35737241195463,63.24216551642428,168.6125929326738,15.44914527231333,14.857416847502757,13.874454277761528,65.0,72.0,63.0,0.7857686447010059,0.5967434344100483,0.16268039369648837,16.189433320226915,-0.6038669957330227,0.6832307876431007,0.410536651568361,14.194778142116743,0.13383679788876363,-0.4208241489091238,0.8972149949849221,13.72333519219021,78.47633577679957,77.47891285286016,71.42585420424386,24.547914637953454,7.022769643023233,135044.0,434287.8486137195, 0.0, 0.0,0.0,NaN, 76.96565108615974,76.96565108615974,0.0, 238.67608964504132, 29.159598723466285, 6.166743079857179, 29.159598723466285, 220.74283538045873, 10.853035849965623, 6.166743079857179, 10.853035849965623, 192.50048150569515, 8.164518199273363, 5.573889105362032, 17.0, 0.0
3, 0 ,1.0,1.0,1.0,179.92752058963663,162.1641920208473,91.95289907917895,11.601538759518336,13.578081512344582,15.64759196810732,52.0,70.0,79.0,0.018740426011539486,0.24665939382017601,0.9689210183875513,15.782178084816087,-0.00325320396337562,-0.9690710343264526,0.24676050553812784,13.422927782477755,-0.9998190901842586,0.007776494693823642,0.0173583707011413,11.59978440275484,77.07697024664895,72.09853174434073,52.90919545187435,22.738202721850353,6.839683510577314,102843.0,294023.61520412704, 0.0, 0.0,0.0,NaN, 101.43859445093095,101.43859445093095,1.3486991523486091E-6, 134.59570158860626, 0.6731998028392955, 2.042870294878362, 0.6731998028392955, 184.36429755587375, 16.461007031581914, 2.042870294878362, 16.461007031581914, 244.84713440037675, 8.18725162588647, 5.663423165455357, 19.0, 0.0
4, 0 ,1.0,1.0,1.0,16.024267399267398,44.42371396719223,15.879260232521101,10.045522101637113,11.95290540419279,10.449124345136894,44.0,57.0,41.0,0.16646197954625835,0.9229229118752941,-0.3471364401804707,12.153067457386648,0.6191013488744738,-0.37183221916924075,-0.6917039255414741,10.82046306987167,-0.7674659140231235,-0.09977023365366122,-0.6332787469111417,9.390910062712052,56.03132476305657,61.28358166003269,47.75158285931098,17.99322021348046,5.404876300656994,50232.0,163969.3979546212, 0.0, 0.0,0.0,NaN, 49.823633085657846,49.823633085657846,6.743495761743046E-7, 100.91251429447972, 2.4910115598421716, -15.811749845187125, 2.4910115598421716, 142.8719476015812, -11.633862374362577, -15.811749845187125, -11.633862374362577, 109.18419958013253, 9.554981150659792, 5.887517517127794, 7.0, 0.0
5, 0 ,1.0,1.0,1.0,30.63101082482086,108.18770391828022,174.1718630888855,15.283692606971627,14.509908808265306,13.75893681679341,70.0,71.0,64.0,0.9166962282007429,0.06848047807971817,-0.3936730233639383,15.588378681164864,-0.17806804778474453,0.9519813664662659,-0.24904467121211613,14.618108675427436,-0.3577146845750965,-0.29839889748957565,-0.8848719130000371,13.294751013203873,78.51035716580074,72.32932951533132,71.6037832453188,24.218280545247662,6.849229379162258,131180.0,406609.3504994262, -3.552713678800501E-15, 0.0,0.0,23.552225891212665, 100.17409441690474,100.17409441690474,0.0, 233.59125970439916, -2.1030368923583223, -22.269058843159627, -2.1030368923583223, 210.53745362417513, -10.543594944638258, -22.269058843159627, -10.543594944638258, 189.3083423285132, 7.691252889416352, 5.201000603797918, 17.0, 0.0
6, 0 ,1.0,1.0,1.0,43.16518741801334,12.199991626894414,25.829174690892852,15.878159058529592,7.9105045669010785,13.813229034933546,76.0,33.0,61.0,-0.9910854679047655,0.08845499026429814,-0.09962585008588398,15.943923480674849,0.10167906339304164,0.019006476282340368,-0.9946356729611312,13.79386850235895,-0.08608695241153512,-0.9958988244579224,-0.027831063002018586,7.811389744755666,78.96305668634515,65.15330152190418,35.85436067086586,21.355011255815505,7.032837850143575,71658.0,184460.06707350773, 0.0, 0.0,0.0,NaN, 51.76117720590569,51.76117720590569,0.0, 252.11593508796534, -16.686570946545363, 6.003405888859525, -16.686570946545363, 62.57608250296283, -4.1459418696473245, 6.003405888859525, -4.1459418696473245, 190.80529637153114, 8.229063737364644, 5.228569965102314, 13.0, 0.0
7, 0 ,1.0,1.0,1.0,159.13216443464387,175.92133240108285,136.77413542731136,13.382854140694848,14.181516714158546,14.993276695418757,73.0,59.0,83.0,0.5436131297138981,-0.3756139103907138,0.7505990644303107,15.622105987456385,0.2693326894380396,-0.7689217420953192,-0.5798441660766896,14.715042907596011,-0.7949494748741789,-0.5173717665799866,0.3168308500496298,12.017980865134806,75.28512583480509,80.48980419109822,71.39739038962452,23.531015969583837,7.162809139550889,111558.0,432645.6982209749, 0.0, 0.0,0.0,NaN, 79.04095247465135,79.04095247465135,0.0, 179.1007849511132, -35.27266645979291, 29.38779063141765, -35.27266645979291, 201.11541631395818, 4.060469105846416, 29.38779063141765, 4.060469105846416, 224.7983460653872, 7.722546567198663, 5.114433077141317, 22.0, 0.0
8, 0 ,1.0,1.0,1.0,89.22399507703128,122.9851431836663,78.77193907826202,13.661213574894619,12.025351743920142,12.413365112271933,74.0,57.0,63.0,0.9014316946508762,0.3451397508951865,0.2613416389151522,13.977157489923147,-0.3657080001004398,0.2840118332744632,0.8863379362425003,12.403447265869147,-0.23168633654444518,0.8945478360110694,-0.38223763622454426,11.667177839526863,71.20557618893129,65.82933429242344,59.25833960104429,21.25246757947593,5.801904523325379,91002.0,277768.4701234146, 0.0, 0.0,0.0,NaN, 141.7646918456634,141.7646918456634,0.0, 186.62875633888504, 16.58933695242029, 8.210784310550398, 16.58933695242029, 144.6090845650032, 9.804506072765532, 8.210784310550398, 9.804506072765532, 154.09163341056995, 7.436001137975129, 5.000116789941435, 22.0, 0.0
9, 0 ,1.0,1.0,1.0,172.2935904530472,39.67744147438828,16.835635060029354,15.017554198736658,13.067876227569924,10.994684374556895,68.0,69.0,50.0,0.9047615540881384,0.30065882395840743,0.30167996589094864,15.587623140961922,0.3474567921949418,-0.9306761314046154,-0.11452386647044312,12.899289184042079,-0.24633373256949137,-0.20843754462592912,0.9465059335200685,10.383340072876795,79.89869276516265,76.92694896939196,55.833322795850286,21.6487249782074,6.965063856503455,83126.0,343171.8504757036, 0.0, 0.0,0.0,NaN, 51.23849236473957,51.23849236473957,0.0, 225.526934111993, 17.82458004496268, 34.56083928445946, 17.82458004496268, 170.76938909908714, 18.50290983404197, 34.56083928445946, 18.50290983404197, 120.88308449612553, 7.6929284354460625, 5.082465298624476, 13.0, 0.0
10, 0 ,1.0,1.0,1.0,73.73727561498116,60.73875304720396,50.86552904385511,13.321326587267198,12.131371342705183,12.038766817295082,65.0,60.0,59.0,-0.7970891270368509,0.191180085890755,-0.5727993525820673,13.974281076001418,-0.48169953398313936,-0.7733388724657968,0.41220449693538924,13.081244741215574,0.3641627143462908,-0.6044809038275186,-0.7085113650378572,10.156787071203878,65.21866188314102,63.64098174208033,51.372357454795925,20.867229062635044,5.841110376286104,81222.0,213225.0624594463, 0.0, 0.0,0.0,NaN, 108.22977400771097,108.22977400771097,0.0, 177.45774204463194, 11.277772663493694, 28.565739876718226, 11.277772663493694, 147.17017065460854, -31.751315397533563, 28.565739876718226, -31.751315397533563, 144.93190648120515, 7.511678999679498, 5.061068050916851, 16.0, 0.0
11, 0 ,1.0,1.0,1.0,159.48208023430576,10.725037573702263,41.91780030058962,13.425148448488727,6.9764061871645815,13.233376950817076,60.0,30.0,62.0,-0.7961796424137089,-0.08923690895598076,-0.5984436072730333,13.638087475210995,-0.6037373645212153,0.0517980285285152,0.7954986856818412,13.06889341851834,-0.03998964474655686,0.994662625376334,-0.09511619206267179,6.872678845150931,67.2882709780881,69.34745072241324,31.412569604963565,19.137209048236382,6.147710916982628,51898.0,146579.53292492504, 0.0, 0.0,0.0,NaN, 59.27756940982544,59.27756940982544,0.0, 180.23461086395926, 5.994880052093397, 6.773026981377892, 5.994880052093397, 48.67024328830826, 12.501849980527494, 6.773026981377892, 12.501849980527494, 175.12226552241665, 7.517888990004281, 5.062042153678553, 11.0, 0.0
12, 0 ,1.0,1.0,1.0,60.257902306178025,73.66990340775799,139.21726624575433,12.21106825730228,15.295510887785378,11.9388335011727,63.0,72.0,60.0,0.011854165881751595,0.9680369421571501,0.2505273585265347,15.506872438693197,-0.8810066033495721,0.12861613823938595,-0.45528590340448305,12.42516296398045,-0.4729554351159282,-0.21531922255902322,0.8543715753645367,11.43463244534804,70.23378704431684,60.164277019772186,54.20019445357238,22.063151712586805,6.230242626014048,98041.0,229026.44575381593, 0.0, 0.0,0.0,NaN, 112.92834091178707,112.92834091178707,0.0, 149.11018798449533, -1.4190135521380214, 9.805595852511791, -1.4190135521380214, 233.95265331836103, 25.223461485615918, 9.805595852511791, 25.223461485615918, 142.53574536872358, 8.067554076492998, 5.153607887805832, 18.0, 0.0
13, 0 ,1.0,1.0,1.0,10.170410795792815,30.574935503076006,136.79803532446914,6.439092385275132,14.237529781790197,13.567235790367475,25.0,60.0,68.0,0.054259112560979775,0.892296454069448,0.44817740545367124,14.444637637979422,0.08287524303532517,-0.4513142614245332,0.888508374483136,13.400922960252684,0.9950817266917984,-0.011066864502539298,-0.09843719680157348,6.3250896709643385,74.48761928407743,64.524718452563,28.674155551988733,19.607068360940392,6.618302071853203,50390.0,137816.383433102, 0.0, 0.0,0.0,NaN, 70.9418936568477,70.9418936568477,0.0, 41.46191074610819, 2.9441760038715175, 14.378830535201006, 2.9441760038715175, 202.70725428736284, 11.470373459313462, 14.378830535201006, 11.470373459313462, 184.06988699142815, 7.578670526838984, 5.197834123402684, 12.0, 0.0
14, 0 ,1.0,1.0,1.0,41.32321066629175,55.104647756962265,176.81039916581724,13.240946158689754,12.189507110013526,12.462638593891473,62.0,57.0,50.0,0.790783872369419,0.24565361576201092,0.5606381794557669,13.86698496998344,-0.5111524778515932,0.7689008415293277,0.3840763469437657,12.345562400736839,-0.3367254246216087,-0.5902929755287131,0.7336008393226218,11.598185907119733,68.5679163166192,66.16807755753207,62.478337514244004,21.05568094167525,5.990191947398944,85353.0,283464.66744582803, 0.0, 0.0,0.0,NaN, 72.67659548326644,72.67659548326644,0.0, 175.32265517732097, 4.190187601240513, 22.101162445521492, 4.190187601240513, 148.58408358507032, 13.24167298924363, 22.101162445521492, 13.24167298924363, 155.31736072195324, 7.461953317198788, 4.899508663349275, 9.0, 0.0
15, 0 ,1.0,1.0,1.0,78.38667035218367,186.05598191928718,27.660970374947155,12.231219808262471,8.06138066664829,14.753048238655142,59.0,32.0,58.0,-0.21324653177938074,-0.010377581867721194,0.9769433056624339,14.868426229553112,-0.9769316851286213,-0.00942250636234533,-0.21334408584632497,12.091695380252736,-0.01141925023011915,0.999901756258299,0.0081288717391538,8.059890375820281,62.60578929509384,58.897550515164866,32.77200617307801,19.82481512515957,6.2624063933896466,61502.0,120841.12409993526, 0.0, 0.0,0.0,NaN, 84.28543771744239,84.28543771744239,0.0, 149.60273799803227, 1.0933578416544463, -15.588233496255583, 1.0933578416544463, 64.98585825261083, -1.4193476797659488, -15.588233496255583, -1.4193476797659488, 217.6524323320856, 7.332102793339214, 4.910362925444562, 11.0, 0.0
16, 0 ,1.0,1.0,1.0,186.99751393399896,55.42904687437347,94.08488712458399,8.123628350573837,12.670957250437661,13.390680675790598,33.0,54.0,71.0,-0.18351589283098818,0.5663507761398341,0.8034729089672236,14.385414528881087,-0.10276656802188236,-0.8239287582612298,0.5572974374668447,11.776807183473267,-0.9776302724319913,-0.019702783456029847,-0.20940594726185718,7.760379216069724,81.11512848491775,57.05077646176073,39.04160043645922,19.062738596814892,6.516810674794963,49878.0,180672.0750035507, 0.0, 0.0,0.0,NaN, 109.97004076812809,109.97004076812809,0.0, 65.99333757824701, -8.604691410793862, -26.127460483510447, -8.604691410793862, 160.55315764241874, 30.731854034522474, -26.127460483510447, 30.731854034522474, 179.31032896099174, 8.094530381963473, 5.126318923193768, 12.0, 0.0
17, 0 ,1.0,1.0,1.0,183.6527757134364,18.992252526753866,176.8310233353151,9.513218834322226,11.179425688920064,12.036025057125201,37.0,45.0,49.0,0.12866530188862216,0.4445789478928266,0.8864506749844674,12.306866302813564,-0.2009603346952844,-0.8636457877146663,0.4623103905839384,10.988721723735543,-0.9711128585128863,0.23762473030646844,0.021778511834124565,9.38806834138468,66.01544176718858,57.156840617013756,43.17579150749529,18.21901091267485,5.33051891126629,53824.0,162912.36809164938, 0.0, 3.552713678800501E-15,2.8421709430404007E-14,19.65378115617327, 34.128270943660716,34.128270943660716,0.0, 90.50133258970313, 9.283018866537235, 4.192107519205234, 9.283018866537235, 124.97955873408586, 11.932735150320063, 4.192107519205234, 11.932735150320063, 144.8658991757457, 8.085040721929367, 5.206271818292783, 5.0, 0.0
18, 0 ,1.0,1.0,1.0,184.78846502004396,14.499650847019268,97.1072546230441,8.450497649470142,8.613905024104538,13.516565230433637,35.0,31.0,63.0,-0.21962566992235638,-0.11655916739659726,0.9685961622920918,13.811414920800397,0.5327159134660587,-0.8460813718521952,0.018975451107432716,8.788247451400743,0.8172994069808073,0.5201540855366994,0.24791411143438627,7.7665520364574805,66.45728251763836,40.93443485982799,42.70704237135553,17.19770789513969,5.704967052490805,38665.0,116179.86660884492, 0.0, 0.0,0.0,NaN, 99.35516882153948,99.35516882153948,0.0, 71.41091052370041, -4.2844007687115555, -27.576458410400168, -4.2844007687115555, 74.19935976429339, -14.997596070414897, -27.576458410400168, -14.997596070414897, 182.6975356285675, 7.908619736601523, 5.354247791052808, 7.0, 0.0
19, 0 ,1.0,1.0,1.0,102.4242756014158,90.29707840902273,15.707136000959865,13.70748827027892,11.649635706811308,9.559424674445115,63.0,53.0,38.0,-0.9698323760379746,-0.21361814827865372,0.11744125814438228,13.860438841799406,-0.20749963657431775,0.9762550452438248,0.062209223251086014,11.535857903177757,0.12794163985998597,-0.03596350041328758,0.9911294382813788,9.476500643067933,61.782822871248584,52.58908297695898,41.16921879311847,19.57164544134723,5.651773315143958,66676.0,133762.9910585104, 0.0, 0.0,0.0,NaN, 133.8704541056999,133.8704541056999,0.0, 187.89523467983418, 12.429764066338022, -12.21124798025014, 12.429764066338022, 135.714012101413, 0.0613421634919553, -12.21124798025014, 0.0613421634919553, 91.38260010639007, 8.121319226793217, 5.112999747497432, 15.0, 0.0
20, 0 ,1.0,1.0,1.0,78.20261843666363,119.05083740308473,127.93269045056977,11.565605268043228,10.961472225809441,13.318236319278325,62.0,52.0,58.0,-0.4492296787782021,0.17411458033319602,0.8762858030461456,13.983259037789542,0.7077565409208408,0.6679268084410619,0.23011835509038303,10.90515600013796,-0.5452278188872974,0.7235730035602027,-0.42328327870383436,10.80918852293074,63.283987862903345,53.687965702913004,54.03284093419979,19.977613920592816,5.673399269331694,72486.0,183581.36275872728, 0.0, 0.0,0.0,NaN, 133.6492183336125,133.6492183336125,0.0, 133.76322521618928, -5.170055582307015, -30.638377405948084, -5.170055582307015, 120.1538733571918, 12.326808427691626, -30.638377405948084, 12.326808427691626, 177.37541865614426, 6.9520427424687705, 4.629254199714639, 15.0, 0.0
21, 0 ,1.0,1.0,1.0,182.48788171188556,148.02887671699398,36.811244182086504,10.448568046761183,14.05233346363145,11.737703590515288,44.0,66.0,53.0,0.07040600013607072,-0.979925888995584,0.18651607764762237,14.135161546670066,0.371044284179655,0.19929034123333472,0.9069782241425142,11.878039364607481,-0.9259422953523869,0.0053490155463680605,0.37762713582347057,10.174660902559141,64.65371585985682,55.87608263989546,48.70668991579845,20.19117951129168,6.060577985844298,70472.0,175957.61120214526, 0.0, 0.0,0.0,NaN, 66.05103814829499,66.05103814829499,0.0, 109.17257422779882, -3.864851845891892, 13.905732809222185, -3.864851845891892, 197.46807577309627, -10.807326057307062, 13.905732809222185, -10.807326057307062, 137.7736855787955, 7.75250192387593, 5.213880859792176, 14.0, 0.0
22, 0 ,1.0,1.0,1.0,19.130093488511545,84.95254708495735,25.457766633050777,11.388302105020742,11.226717130670348,13.858587550394923,44.0,51.0,58.0,-0.1292945514395455,-0.34577171365083975,0.9293679793316574,14.297832318172084,0.9506143914028141,-0.30991136360011623,0.016947730508048636,11.38969980825958,0.2821616519406981,0.8856618252755829,0.3687654178791963,10.660196083488968,67.00890277343517,50.3471696134994,51.825103930647415,20.303498838134786,5.963303295083279,73378.0,174842.79849237614, 0.0, 0.0,0.0,NaN, 90.72482358783597,90.72482358783597,0.0, 129.69342483521987, -0.6800677924310197, -10.650165448487261, -0.6800677924310197, 126.03917753208707, -29.25920652762043, -10.650165448487261, -29.25920652762043, 192.06044889196116, 8.031552086441026, 4.927356628830147, 11.0, 0.0
23, 0 ,1.0,1.0,1.0,41.15697649342247,174.3742290273884,187.02883329739055,11.710561551271102,13.30602705216866,7.117372141136076,55.0,60.0,30.0,-0.18863569594925284,-0.9800741940946966,0.06221855256570684,13.392963384861385,0.9750246901119163,-0.17934738401291667,0.13100141037364857,11.697685193025709,-0.11723236705749265,0.08537616715075717,0.9894278559838221,6.974043794758014,63.39777667185504,56.040529385057695,31.93319332314269,18.20258094211551,5.788837620827268,46370.0,113453.68516324252, 0.0, 0.0,0.0,NaN, 50.18792701086345,50.18792701086345,6.743495761743046E-7, 137.13725184610902, 8.746624690740537, 9.731186595391282, 8.746624690740537, 177.0503559130442, -10.04421704139791, 9.731186595391282, -10.04421704139791, 50.656986195419925, 7.444656586866197, 4.889394321916432, 9.0, 0.0
24, 0 ,1.0,1.0,1.0,152.45100559504007,186.64800393164978,10.602789959171329,12.637876385058544,7.70022212078941,6.65957761949112,63.0,30.0,25.0,-0.9921539995932475,-0.12295036500949644,0.022663822165588654,12.701824624287106,0.12434147836558518,-0.9892917869268875,0.07642615440323107,7.603459947863875,0.013024509548639082,0.07864456791818078,0.9968176333151315,6.649087331252732,63.612255259460056,34.11504602224207,26.243389197836322,15.34045746191421,5.294306296658528,26452.0,56951.69783031349, 0.0, 0.0,0.0,NaN, 50.513382611447184,50.513382611447184,0.0, 159.71591952402042, 12.61448333190004, -2.5044338504806483, 12.61448333190004, 59.293420709494555, -1.3548095679024028, -2.5044338504806483, -1.3548095679024028, 44.34997407002702, 7.803569470515198, 5.086100592282394, 6.0, 0.0
25, 0 ,1.0,1.0,1.0,113.95741389375365,83.6673963806188,64.74467308814944,11.316780604902789,12.259744782873243,11.190733526730057,62.0,54.0,55.0,0.40211473638015266,-0.9021304657726787,0.15641087401677364,12.54219549807072,0.5888760996012257,0.12401519445906259,-0.7986520962607736,11.283079084619583,-0.7010910626333554,-0.41325640257357354,-0.5811114072426908,10.908200618129765,59.49700972129369,53.3721679951904,50.38572559587813,19.375968139470842,5.308035505268435,68520.0,159999.08551446017, 0.0, 0.0,0.0,NaN, 136.36507079987067,136.36507079987067,0.0, 128.06952325950394, -13.292637731485046, -1.502496262825229, -13.292637731485046, 150.3013421411877, -6.230719502642607, -1.502496262825229, -6.230719502642607, 125.23251686628014, 6.964513728307028, 4.509236578111125, 15.0, 0.0
26, 0 ,1.0,1.0,1.0,52.62592124826142,83.76699013604899,75.02776934021838,11.767547032728261,11.397823968656883,10.964998111661062,60.0,57.0,55.0,-0.6367004239052738,-0.700905667384377,0.321471329401715,12.991658695543746,-0.6335249251877291,0.23779948396742956,-0.7362727582837122,11.509867545285479,0.4396120327797298,-0.6724452772183667,-0.5954482427398607,9.346469462057772,60.53113435963912,53.789173471183545,45.813838204721016,18.978302644743106,5.332988533756717,62551.0,149166.17772387582, 0.0, 0.0,0.0,NaN, 124.1594233066913,124.1594233066913,1.3486991523486091E-6, 138.47516316747172, 29.540547748132035, 4.379862428926264, 29.540547748132035, 129.91039122048934, -26.247098557437976, 4.379862428926264, -26.247098557437976, 120.23118358873067, 6.995368235411037, 4.515491184222983, 14.0, 0.0
27, 0 ,1.0,1.0,1.0,102.62753069465784,21.08246427454553,103.36636436564373,11.614861486637787,12.566545969860755,11.49233749014993,57.0,51.0,58.0,0.0011554271932214578,-0.9906567315314536,0.1363741370620473,12.586263388640281,0.7619867027230004,0.0891870640486782,0.641421805428929,11.981569394159651,-0.647591638195963,0.10317416284028616,0.7549703055490826,11.08714907984108,53.856149481688185,56.69504722699617,53.59426283729409,19.8641055877089,5.505834646469155,73547.0,163643.4861741087, 0.0, 0.0,0.0,NaN, 138.79455181822095,138.79455181822095,0.0, 134.90500735378177, 1.3615922653119927, 10.09013536150279, 1.3615922653119927, 157.91807761262356, -3.614233073784485, 10.09013536150279, -3.614233073784485, 132.0738209875056, 7.367017848283518, 4.79163590280065, 15.0, 0.0
28, 0 ,1.0,1.0,1.0,143.20885697187313,72.80862389366594,113.26451226810293,12.715598649050571,9.979899163433306,11.54649477780983,59.0,47.0,57.0,-0.8560673099432973,0.27300694576251916,0.4388803577421381,13.14493424006359,0.5096455746508124,0.30443956943470407,0.8047222730863455,11.50748648279541,0.08608222281800965,0.9125698636969296,-0.3997575450030651,9.45488427442176,60.204053577801204,58.17556632553456,44.68483396643128,19.126843000998043,5.363791083290274,63498.0,156504.38197510267, 0.0, 0.0,0.0,NaN, 126.68612580634287,126.68612580634287,0.0, 161.6864490037367, -12.814340137922441, -13.685690284726823, -12.814340137922441, 99.59838731229678, 20.53336094179308, -13.685690284726823, 20.53336094179308, 133.32154165398967, 6.723625763493706, 4.5571130361375705, 16.0, 0.0
29, 0 ,1.0,1.0,1.0,137.55970586836975,140.7372783315637,18.672841951791572,10.31186442490002,13.188345878093644,10.80777830860621,46.0,65.0,44.0,-0.2607778047886019,-0.9630112321647522,0.06785501642592494,13.404062880295276,-0.1626666302909487,-0.025450521864377365,-0.9863527960758353,10.811445879272823,-0.951595767077295,0.268256663778098,0.15001286084605822,10.025907599133951,67.33630107149946,46.96822539463294,51.47839330392948,19.138226326692493,5.550079274568233,63101.0,162808.99337203984, 0.0, 0.0,0.0,NaN, 88.08822587242655,88.08822587242655,0.0, 106.33454791751862, 19.94487890660726, 1.2257106535019455, 19.94487890660726, 173.9324670002296, -4.761170601467506, 1.2257106535019455, -4.761170601467506, 116.80807196797889, 7.547729953147498, 4.714137117396374, 9.0, 0.0
30, 0 ,1.0,1.0,1.0,180.67811002922812,93.55813631725498,76.46649141315439,10.26810399737413,10.214152368676261,13.674492899536006,41.0,52.0,65.0,0.07426726658718244,0.08150121277043944,0.9939023721828095,13.701068917130042,-0.7120130567425925,-0.6934853493995881,0.110070328409613,11.31568042349897,-0.6982275990976997,0.7158460885449315,-0.006526666314744454,8.99948395477103,63.906820886048536,59.518813422150856,48.14441418082064,19.03506999456369,5.866918669361575,57821.0,183124.89331420683, 0.0, 0.0,-1.4210854715202004E-14,6.33051459221255, 122.36659925093404,122.36659925093404,0.0, 105.43395970089058, 23.879853913573672, 4.190421095823725, 23.879853913573672, 104.3289086105349, 5.053741531877257, 4.190421095823725, 5.053741531877257, 186.99175605946064, 7.2298058940232375, 4.631242371131673, 10.0, 0.0
31, 0 ,1.0,1.0,1.0,58.43116681455191,11.566681455190771,108.77903726708074,11.817566979787703,7.111152549651716,12.424969127252574,57.0,29.0,61.0,-0.2531490031105493,0.012033954274970657,0.9673524518853732,12.470717299870298,0.9653433845291228,0.06873832039942689,0.25176813391397235,11.787742640329283,0.06346441656545229,-0.9975621420508965,0.029017935433677325,7.080506421961981,62.57665351710541,61.20448477289419,30.914859877042502,17.75289703270167,5.425669052351921,45080.0,118403.04268396326, 0.0, 0.0,0.0,NaN, 108.94610326724168,108.94610326724168,1.9073486328125E-6, 139.65488932176865, 5.572524679579791, -4.220788539490892, 5.572524679579791, 50.56849058441809, 2.7638800793068876, -4.220788539490892, 2.7638800793068876, 154.37985781317957, 6.904674961769618, 4.5907720639313085, 13.0, 0.0
32, 0 ,1.0,1.0,1.0,55.935903238392505,149.49270386266093,22.727616074912213,11.510002269210043,10.752165958102095,12.600751876293467,53.0,49.0,58.0,-0.606607978468054,-0.06749949202577685,0.7921304053217272,13.906519368871214,-0.3299869324127789,-0.885122813986215,-0.3281253245300171,11.02591540159799,0.7232809861289774,-0.4604361223203359,0.514648610575126,9.58676595498801,68.72733107163494,53.31158905335181,51.91318474396564,19.35688586334025,5.67266626458249,64075.0,190208.0000968977, 7.105427357601002E-15, 0.0,0.0,52.65536022449739, 78.71694078562939,78.71694078562939,0.0, 132.48015223722035, 12.819828868731063, -45.55290957128874, 12.819828868731063, 115.60907279056954, 3.1893119081549783, -45.55290957128874, 3.1893119081549783, 158.77894784791332, 7.196581324550076, 4.58187299811695, 13.0, 0.0
33, 0 ,1.0,1.0,1.0,25.708849199814363,180.93204784646016,100.57778043924128,11.47425174957504,11.51126894704362,12.446309768377592,52.0,45.0,60.0,0.4418493502413545,-0.05016155051834037,-0.8956857543474102,12.71212466262235,-0.5243715413484735,0.7956644139463287,-0.30323691563408245,11.935699170680818,-0.7278761146755122,-0.6036571537131334,-0.32526051475062207,10.72470814069856,63.203631944198534,62.194824556251206,55.38463330717258,19.65215467764902,5.733341901533567,66797.0,217713.60399577222, 0.0, -2.8421709430404007E-14,0.0,87.12474822501426, 104.44763984358954,104.44763984358954,0.0, 131.65845321262583, -12.481631412818563, -14.070472117275143, -12.481631412818563, 132.50931277117073, -4.528219150355188, -14.070472117275143, -4.528219150355188, 154.91062685041146, 6.988351448395742, 4.704319846556808, 14.0, 0.0
34, 0 ,1.0,1.0,1.0,31.78430281102143,39.95460126716982,104.22958039324831,10.080021659297625,11.75934943213427,11.637042686957983,53.0,56.0,55.0,-0.18525086389094816,-0.8439952383461222,0.5033429795643622,11.961656273266136,-0.15089588543140825,-0.4817029016041641,-0.8632454728210281,11.527648325210214,-0.971036842343033,0.23586935416709318,0.03811953012918276,9.96704577633409,60.39507893683998,59.921714866809864,49.56133480089081,18.68055395985507,5.132913594633633,61081.0,179361.31583617098, 0.0, 0.0,0.0,NaN, 108.52919118492738,108.52919118492738,0.0, 101.60683665190923, 9.276925258181064, 0.2910843254211627, 9.276925258181064, 138.28229906703658, -4.632445008587345, 0.2910843254211627, -4.632445008587345, 135.42076249808227, 6.943958522631626, 4.476175504815549, 10.0, 0.0
35, 0 ,1.0,1.0,1.0,90.67698511950763,74.81204771874604,100.47680807115657,11.726384528729948,12.75246428415153,10.56111441098533,55.0,56.0,52.0,0.1455169145758591,0.9793169745998289,0.14058126060382461,12.803310935313778,-0.9512499353368379,0.1775484684038594,-0.2521906062665808,11.800924697171796,-0.2719345290579773,-0.09702991615003119,0.9574115140721537,10.41556443124783,58.846941225760915,55.28568146199197,50.20054751039788,19.576811580685494,5.330949762521785,71167.0,163322.12229715454, 0.0, 0.0,1.4210854715202004E-14,81.918517320822, 154.02604924473246,154.02604924473246,0.0, 137.5080941156371, 2.702549678341573, 8.517639691707666, 2.702549678341573, 162.6253453185604, 6.254623417592333, 8.517639691707666, 6.254623417592333, 111.537137601922, 6.823848635605261, 4.446976479863148, 8.0, 0.0
36, 0 ,1.0,1.0,1.0,9.318615031970081,97.01966461575581,109.04282784413077,6.2119250439704805,11.774243154701972,12.537545476752422,25.0,52.0,59.0,0.189175076809758,0.3843093469297848,0.903614473199951,12.890039040721698,-0.006487385087935723,0.9206998012654334,-0.39021761849577236,11.593479610565677,0.9819219440203703,-0.06795735289277842,-0.17666661834954375,5.817988075585697,62.771819572597224,53.78804040903054,29.5050593191974,17.41195333083075,5.58880509631337,33156.0,99620.09059730242, 0.0, 0.0,0.0,NaN, 133.3148869213796,133.3148869213796,0.0, 38.588012751907655, 9.018104204341753, 22.870809707280166, 9.018104204341753, 138.63280186604626, 9.816475939366232, 22.870809707280166, 9.816475939366232, 157.1900465816351, 7.003017017631978, 4.708341644491746, 9.0, 0.0
37, 0 ,1.0,1.0,1.0,189.02223932485867,31.682678272869616,134.4489265146891,6.501557655094104,11.993269239406061,11.336897739989059,25.0,55.0,52.0,0.04749579981422756,0.9466593706742743,-0.3187164647685985,12.088249364871906,-0.03104470360514303,-0.31752342032114844,-0.9477421083425743,11.2496452102703,-0.9983888898510819,0.05490822763617307,0.01430773076971198,6.4771690802449955,58.81629697067141,53.44884687518686,26.16500900071651,16.93161267890118,5.287201665344641,37681.0,82253.97724588688, 0.0, 0.0,0.0,NaN, 73.62911494143789,73.62911494143789,0.0, 42.27025194251274, 5.51776533550954, 0.9122316175442962, 5.51776533550954, 143.83850704888366, -5.971422883253186, 0.9122316175442962, -5.971422883253186, 128.52525036696903, 7.931898121956424, 4.824394324709888, 4.0, 0.0
38, 0 ,1.0,1.0,1.0,10.237758180552332,135.30526224181943,118.44363541424924,6.675864411467415,10.571465407987816,12.954622594487889,27.0,49.0,64.0,-0.11151792355361628,-9.800750304127248E-5,0.9937624178448385,13.015167166004147,0.23724403947979653,-0.9710878284118433,0.026527254695476607,10.778615168117595,0.9650279884322518,0.23872247465393678,0.10831694990860008,6.210649867508964,62.94148808738265,52.303158379860264,31.393564976057917,17.138661819919527,5.514668086170185,34472.0,103348.82832375314, 0.0, 0.0,0.0,NaN, 104.60239667716567,104.60239667716567,0.0, 44.56716564029717, -17.87789885512752, -14.009632044998453, -17.87789885512752, 111.755880872283, -2.0119046026962697, -14.009632044998453, -2.0119046026962697, 167.8222465656161, 7.513699132579957, 4.939692701149916, 11.0, 0.0
39, 0 ,1.0,1.0,1.0,136.73298889001452,42.02338499983116,38.473423834126905,10.849918068201918,11.53030522598015,12.00795464373018,55.0,55.0,65.0,0.38621279086366067,0.5911242916880765,0.7081043369091674,13.600133578679289,0.8134534098269983,-0.5802055505824117,0.0406825406555416,10.330554102812012,0.43489450469525553,0.5602977698060466,-0.7049348756702554,10.157541729562064,69.2087011206577,52.05920281478895,53.44516125161464,19.00572166943977,5.800187862527533,59226.0,192560.23348010468, 0.0, 0.0,0.0,NaN, 85.14037774848914,85.14037774848914,0.0, 117.72072208669444, 16.999186343621453, 22.484596706054347, 16.999186343621453, 132.94793860426515, 34.150952419372025, 22.484596706054347, 34.150952419372025, 144.1909747258812, 6.793956649607166, 4.420010142775652, 13.0, 0.0
40, 0 ,1.0,1.0,1.0,18.475542243685744,130.8123811607128,16.96791128910128,10.938004162527653,13.268837857368998,9.723948799010719,44.0,56.0,42.0,-0.20580359328653786,0.9628803987982968,0.1746602948594267,13.45460886699539,0.9477256994559741,0.2405855973096422,-0.20960574648097802,10.893588312003468,-0.24384601612705226,0.12239243431354446,-0.9620598798628754,9.516323203588323,64.50461371355405,49.64498276762376,47.975129979179755,18.92167740742052,5.6769091484688134,59429.0,153632.21891497503, 0.0, 0.0,0.0,NaN, 73.59471635493622,73.59471635493622,0.0, 119.63993505947225, -11.517839842213519, -8.835856920716697, -11.517839842213519, 176.06205808514872, 13.796786263835628, -8.835856920716697, 13.796786263835628, 94.55518024578201, 7.027784426467783, 4.462215928943786, 9.0, 0.0
41, 0 ,1.0,1.0,1.0,98.96855090695126,133.09858783427342,18.1055675039565,9.831961993651031,11.203394503694874,10.53417629009107,44.0,53.0,44.0,0.35257391197681454,-0.8117260655154829,0.4656097412599094,11.498012700787015,-0.36425361803356426,-0.5773649542042438,-0.7307318327582225,10.638307230578622,0.8619808224913267,0.08803694803596043,-0.49923797675826914,9.368805599493177,65.49029312388888,55.986938042008305,47.949778854183805,17.56151118342993,4.9745070223172005,49286.0,175812.70630440503, 0.0, 0.0,0.0,NaN, 120.8237749494302,120.8237749494302,0.0, 96.66747664459837, -7.373903113599746, 14.054186374043953, -7.373903113599746, 125.51604840542049, -6.076288449087545, 14.054186374043953, -6.076288449087545, 110.96887011071685, 7.260762214390352, 4.639591280136074, 9.0, 0.0
42, 0 ,1.0,1.0,1.0,146.07950609364977,102.56371071199487,82.19786722257858,9.475025245994672,13.310766522239787,11.605139974805802,44.0,62.0,55.0,-0.15088169920148892,0.8857598427419219,0.4389353185059006,13.91423032196413,0.02658602509701122,-0.4402220559115489,0.8974952505492997,10.986031103296853,-0.988194260313028,-0.1470851538219069,-0.04287261841284592,9.34522326118427,69.5603613419089,50.12534355496657,45.35571985629127,19.200810654889263,5.741145604473144,62360.0,158143.4670413338, 0.0, 0.0,0.0,NaN, 138.41148618977124,138.41148618977124,0.0, 89.7761034122364, -14.593230880533588, -6.24215884684955, -14.593230880533588, 177.17650540957945, 28.137546079613635, -6.24215884684955, 28.137546079613635, 134.67927383483558, 7.4524542776183145, 4.474758187807141, 12.0, 0.0
43, 0 ,1.0,1.0,1.0,178.29395259890902,82.33658850084645,21.993714339457018,11.652101397236686,10.707024615768862,12.179951590936584,50.0,51.0,51.0,-0.5772363641171864,-0.3247781099997909,0.7492111579559768,12.957855044463859,-0.7125778261486432,-0.24773012507087508,-0.6564012696618153,11.118541456609018,-0.3987869376271566,0.9127699405640677,0.08843084292610813,10.355437816724763,66.76578132629074,61.5270776649424,55.205659250347054,19.16895450008582,5.5959134397661945,63796.0,226779.5160526993, 0.0, 0.0,0.0,NaN, 87.94424239358575,87.94424239358575,0.0, 135.77146697148513, 14.266928268913839, -18.573721314938794, 14.266928268913839, 114.64037612268035, -12.098219763169524, -18.573721314938794, -12.098219763169524, 148.35122075755862, 6.875848113877141, 4.3567824960350565, 9.0, 0.0
44, 0 ,1.0,1.0,1.0,34.613289009607975,148.97235172497668,130.01058093809544,10.055816101217028,11.662494991649545,10.284372786194375,47.0,55.0,55.0,-0.4021621755400018,0.9103714523100975,-0.09741356878657136,12.107907648163634,-0.5312057119352172,-0.14534889389155736,0.8346820895717721,10.766542922015843,0.7457117916275242,0.38742420918587955,0.5420483428296446,8.965582880610327,55.026009229510564,55.360355625384635,48.784009414446274,17.797601227425464,5.113407967954109,49334.0,148608.7491798728, 0.0, 0.0,0.0,NaN, 93.27603896588356,93.27603896588356,0.0, 101.11943746149561, -21.500374463673975, -13.16234517499122, -21.500374463673975, 136.01378943025074, -10.183860372165949, -13.16234517499122, -10.183860372165949, 105.76832360541546, 6.8671765180375095, 4.349128338103506, 9.0, 0.0
46, 0 ,1.0,1.0,1.0,142.1990523557745,37.160032634105775,127.72107253243799,12.63286363631793,9.903864796920676,12.005245170231614,60.0,50.0,63.0,-0.9746877168424316,0.15883324172378038,-0.15733993758738954,12.73026557980817,0.1328714674127708,-0.15444882800471366,-0.9790253994026649,12.021541649429777,-0.17980274687575126,-0.9751500196644033,0.1294349696351375,9.758307630190526,56.40403329058918,62.54056104862035,49.275240861760714,19.274767622662473,5.503183284174373,63737.0,173820.37760102973, 0.0, 0.0,0.0,NaN, 99.7299399869437,99.7299399869437,0.0, 159.58924365380386, -11.358509720082457, 3.837406102906655, -11.358509720082457, 98.0865379156846, 5.783282240600255, 3.837406102906655, 5.783282240600255, 144.1259115973695, 6.802011550462682, 4.552501301836731, 11.0, 0.0
47, 0 ,1.0,1.0,1.0,149.1224748739524,114.04606163811813,129.89023005776485,11.921413348914509,10.780415953237569,10.637652895780125,57.0,57.0,52.0,-0.9936397025638445,-0.047389963078368985,0.10214858240947387,11.938008778003026,-0.009415886978654388,-0.8689882012115822,-0.4947432134223406,10.850667543015788,0.11221177550167985,-0.49255831893745233,0.8630149592470984,10.547231095356816,57.377787117325596,53.95760746299197,54.69498087675528,18.576316529409723,5.139804246340221,59898.0,169333.91681060818, 0.0, 0.0,0.0,NaN, 122.03270841959926,122.03270841959926,0.0, 142.12009623567704, 1.5256785171919875, -3.143823294663559, 1.5256785171919875, 116.21736812481909, 2.6400857335908934, -3.143823294663559, 2.6400857335908934, 113.15965913109929, 6.5267411655795815, 4.3776316061943845, 15.0, 0.0
48, 0 ,1.0,1.0,1.0,10.553098996640832,168.1177684589545,161.32803477726304,6.59879402600819,15.082484322805119,10.657879594189046,27.0,65.0,58.0,-0.028534589823810894,-0.9995863223061325,0.003600200284396116,15.087529721719095,0.05040444024733837,0.002158238419633781,0.9987265563758061,10.66618877541482,0.9983211755677323,-0.028679718712444367,-0.050322004606689924,6.573787134752143,65.69007589577825,57.81022372036463,28.325850768026847,18.595362963561225,6.231235001426748,45547.0,107569.06073042387, 0.0, 0.0,0.0,NaN, 51.21880007046549,51.21880007046549,0.0, 43.544082597681374, 5.267815157573926, 3.5327057301515516, 5.267815157573926, 227.4813333476622, -0.5115941455032643, 3.5327057301515516, -0.5115941455032643, 113.59039744423126, 8.011589968359834, 4.775838890365634, 8.0, 0.0
49, 0 ,1.0,1.0,1.0,118.60985155839816,178.73473024358424,33.480072550236265,10.588315893213847,10.818051935479813,12.622086903460803,57.0,46.0,60.0,0.07233248539349776,0.01260067349054159,0.9973009749240119,12.632227400237241,-0.029600747512790637,-0.9994526014474109,0.01477474895513808,10.817963314743357,0.9969412256013309,-0.03058954866597547,-0.0719199013412035,10.57630651793445,61.89462699583077,46.64060586240737,57.06289117131796,18.95250976794736,5.409448440236942,62853.0,164729.31987057166, -1.4210854715202004E-14, 0.0,0.0,85.85203146836402, 90.53995371728548,90.53995371728548,0.0, 112.11243345448494, 0.19644336838611376, 3.4397616514231055, 0.19644336838611376, 117.03024767873853, 0.5232725507150279, 3.4397616514231055, 0.5232725507150279, 159.31707779851672, 6.282446674492024, 4.243209181661646, 11.0, 0.0
50, 0 ,1.0,1.0,1.0,124.60059592334258,73.85084986794881,165.9369032301754,10.32605442215466,9.89638195981281,13.199094180791217,48.0,45.0,64.0,-0.08689222215735817,-0.02515724067072125,0.9959000225777646,13.218739569232852,-0.8188229096282014,-0.5676008991815361,-0.08578031193879722,10.6611105028229,-0.5674317442623056,0.8229193961076301,-0.028720778424181415,9.507234617100902,64.24753427777587,51.89485653219543,47.10655392111186,18.71056030533814,5.356939058593799,59068.0,157058.74216733917, 0.0, 0.0,0.0,NaN, 110.90226653627874,110.90226653627874,0.0, 106.62739992929983, 11.000275108089868, -5.6645151180625195, 11.000275108089868, 97.93837589450845, -0.9801734025556988, -5.6645151180625195, -0.9801734025556988, 174.21608719339656, 7.28548790904077, 4.565729941235209, 13.0, 0.0
