// Sample: .//bubblelabels.tif, Map: .//bubblelabels.tif, Thickness:(8.191250068658265):/gpfs/home/mader/Foam/NewValid/InSilicoTest/LatticeData_Phi_6.65/out_Step_06000.vtk/distmap.tif, Neighbors:(1.0):
//LACUNA_NUMBER, TRIANGLES, SCALE_X, SCALE_Y, SCALE_Z, POS_X, POS_Y, POS_Z , STD_X, STD_Y, STD_Z,PROJ_X, PROJ_Y, PROJ_Z, PCA1_X, PCA1_Y, PCA1_Z, PCA1_S, PCA2_X, PCA2_Y, PCA2_Z, PCA2_S, PCA3_X, PCA3_Y, PCA3_Z, PCA3_S,PROJ_PCA1, PROJ_PCA2, PROJ_PCA3,OBJ_RADIUS, OBJ_RADIUS_STD, VOLUME, VOLUME_BOX, Mask_Grad_X,Mask_Grad_Y,Mask_Grad_Z,Mask_Angle, Mask_Distance_Mean,Mask_Distance_COV, Mask_Distance_STD, SHAPET_XX, SHAPET_XY, SHAPET_XZ, SHAPET_YX, SHAPET_YY, SHAPET_YZ, SHAPET_ZX, SHAPET_ZY, SHAPET_ZZ, Thickness, Thickness_STD, Neighbors, Neighbors_STD
1, 0 ,1.0,1.0,1.0,184.2018447713477,35.52433413259024,20.913518242498867,9.793225402606582,18.315686892838112,13.072318757090532,41.0,81.0,56.0,-0.03249841017906729,-0.9986672365679172,0.04009493660841248,18.33186220961315,0.3153305873340877,0.027822350212195597,0.9485739494210292,13.410978731262029,-0.9484252601166697,0.04347030520331633,0.31400614410893,9.292235749652328,81.42510147326338,64.00315086337227,45.64834617865901,23.260376303516782,7.823813779001312,92586.0,237894.66957070245, 0.0, 0.0,0.0,NaN, 44.14674698629382,44.14674698629382,0.0, 95.90726378625887, 8.9247860770543, 27.64441893033682, 8.9247860770543, 335.46438635648184, -7.530983697323149, 27.64441893033682, -7.530983697323149, 170.88551768698096, 10.704969251960316, 7.149530575785646, 10.0, 0.0
2, 0 ,1.0,1.0,1.0,60.52089189851424,82.6265520237008,32.690646648698014,16.62497087632993,18.0876677376694,17.42835119187339,80.0,86.0,70.0,-0.058716174343125406,0.8123505023374549,0.5802060601394922,18.705272957406653,-0.6218048252071978,-0.48445153037807187,0.6153580047934615,17.034789530433528,-0.780968098080551,0.3246434599163034,-0.5335686026313938,16.347156185011595,97.15720531566913,88.18909471388517,82.76366865717635,28.987160808938416,8.1881203173457,224465.0,709136.160857505, 7.105427357601002E-15, 0.0,0.0,86.63387495894987, 107.51094750687956,107.51094750687956,0.0, 276.38965663881834, 2.9720770912385786, -11.599094680503146, 2.9720770912385786, 327.16372418832646, 32.116116748595445, -11.599094680503146, 32.116116748595445, 303.74742526727454, 10.545686839898432, 6.7172059306520735, 19.0, 0.0
3, 0 ,1.0,1.0,1.0,56.82757453781213,147.49227905816977,14.30987959961529,15.724393749112322,19.160981207005197,8.95953419235423,80.0,89.0,36.0,-0.20812367190495734,0.9778439740740331,0.022487764671019025,19.315992297018912,-0.9754664125124701,-0.20582104948986707,-0.07812153126341659,15.570405932573946,-0.0717622132660978,-0.038194999070443804,0.9966901859620971,8.895387187338489,87.15634971260877,70.82521935593749,38.559187509855064,25.04320948702306,8.216487760916706,112292.0,238020.7587474645, 0.0, 0.0,0.0,NaN, 78.68422103898085,78.68422103898085,0.0, 247.25655877712265, -27.040603897657295, 11.069104556048082, -27.040603897657295, 367.14320081520634, 9.090337384790333, 11.069104556048082, 9.090337384790333, 80.27325294396456, 10.558903944744523, 6.765445936378054, 14.0, 0.0
4, 0 ,1.0,1.0,1.0,167.69355573974306,184.84802113551595,81.11424575217572,17.936953867517676,8.610419543823232,15.745340258893092,73.0,35.0,68.0,0.9741559313959973,0.06820584648538841,-0.21533272819338942,18.075462258988416,-0.2156459504475644,-0.0028243417568481893,-0.97646753512301,15.624007396738428,-0.06720896801441852,0.9976672719894403,0.011956965316699196,8.54151249047721,77.48372861374965,69.41236286192633,36.979623776400814,24.12364470376997,7.863786927475101,96520.0,198888.5713701021, 0.0, 0.0,0.0,NaN, 88.61608018974444,88.61608018974444,0.0, 321.7343140454574, 16.965175809638342, -17.191937827830007, 16.965175809638342, 74.13932472065308, -3.2550158419118835, -17.191937827830007, -3.2550158419118835, 247.91573986831958, 10.967349623539514, 6.870755865521934, 15.0, 0.0
5, 0 ,1.0,1.0,1.0,14.498764738910724,113.04165396647149,142.52294858426245,9.209990752027409,17.821780815289088,19.501460692763004,37.0,91.0,101.0,-0.05786867066057145,0.2982653921728001,0.9527271239909063,19.6921452661721,0.03885856379313321,-0.9529302133238627,0.30068924249875123,17.649524156165235,-0.9975676563401166,-0.05442209447038565,-0.04355463990831606,9.135670862554806,95.51298456697899,91.1012552342286,39.42471119308431,26.45825887584378,9.094355804059298,124670.0,343048.3205464103, 1.7763568394002505E-15, 0.0,0.0,86.68251605626158, 105.24057945150484,105.24057945150484,0.0, 84.8239296524304, -13.697032849034624, -14.113535460960868, -13.697032849034624, 317.61587142820616, 21.134148776786184, -14.113535460960868, 21.134148776786184, 380.3069691513805, 11.352829302117208, 6.89196022405649, 16.0, 0.0
6, 0 ,1.0,1.0,1.0,58.489236562235,145.31083656845888,184.06630775574348,18.73844994545546,19.20388977067252,8.879491774003348,92.0,94.0,39.0,-0.6399869522884774,-0.768033111076116,0.0232774824937735,20.19557106179865,0.766972607699208,-0.6403531838968992,-0.04124098582939447,17.681487514501566,0.046580252678388064,-0.008540501381404336,0.9988780405517842,8.846930066946367,107.90601174858476,98.51570187804164,41.32020323080326,26.689710893139683,9.296429168628014,128537.0,439251.79596226616, -7.105427357601002E-15, 0.0,0.0,50.209153428511556, 81.64421558818225,81.64421558818225,0.0, 351.1295063583397, 46.899826838905646, -12.323228044998306, 46.899826838905646, 368.78938232414066, 0.29692415356678925, -12.323228044998306, 0.29692415356678925, 78.84537416459312, 9.469214169302182, 6.502299171986872, 21.0, 0.0
7, 0 ,1.0,1.0,1.0,185.22261515117313,174.3790426745921,136.0519544035213,9.281304317391951,15.052599571944056,14.844911249360013,38.0,60.0,70.0,-0.03575473305434437,0.7633102366726674,0.6450419224011171,15.665989184965934,0.12468789380677814,-0.6370037047529008,0.7607096747571367,14.268612386907249,-0.9915515761685031,-0.10762789007406902,0.07239964831379987,9.16941858110054,73.52295602107662,75.18350822736382,43.36938463929437,21.99119113180212,7.034363248481248,79743.0,239733.54461981263, 0.0, 0.0,0.0,NaN, 70.45677464126518,70.45677464126518,0.0, 86.14260983203847, -13.896100793290401, 7.615009535992825, -13.896100793290401, 226.58075387329038, 21.526963196759926, 7.615009535992825, 21.526963196759926, 220.37139000137546, 11.108943913235896, 6.893849255525669, 8.0, 0.0
8, 0 ,1.0,1.0,1.0,77.8543537548471,23.78124640486164,45.79883466762311,16.643567527861553,13.601623450175557,14.945031472439949,82.0,56.0,77.0,-0.9579132013318821,-0.2669264439163266,0.10560573967493292,16.901999226996885,0.08123629979104285,0.10077664715874655,0.9915869760054847,14.930253158654242,0.2753233777040472,-0.9584332741123015,0.07485116407918473,13.29572972785494,85.07000869725758,73.02041797554324,60.87199163636501,25.198639292560678,7.098946685994455,147769.0,378127.5346822329, 0.0, 0.0,0.0,NaN, 93.40439677052626,93.40439677052626,0.0, 277.00834005448746, 28.222895093865596, -7.3001744634085055, 28.222895093865596, 185.0041604803656, 1.5405080269262657, -7.3001744634085055, 1.5405080269262657, 223.3539657122206, 9.61254433050341, 6.287151818489124, 18.0, 0.0
9, 0 ,1.0,1.0,1.0,51.788761795824996,183.21668573062624,121.74249356591363,14.652136984005272,9.710857820965098,12.700555981336779,61.0,37.0,60.0,-0.9638032665061648,0.024802448315890933,0.26545828679772826,14.807253446143788,-0.26090426161608216,0.1172219983966057,-0.9582212528234142,12.557717864179681,0.054883783967709925,0.9927959718136671,0.10650788049690034,9.6612094210533,62.71302359066963,63.74591312164537,41.327960082708586,20.723439501004467,6.389761756148484,69940.0,165216.74276907067, 0.0, 0.0,0.0,NaN, 95.33096453666215,95.33096453666215,0.0, 214.6851181980551, -4.978262582438203, -16.12591364108085, -4.978262582438203, 94.30075961899901, -6.399878324155254, -16.12591364108085, -6.399878324155254, 161.3041222350694, 10.864753247027503, 6.5722446624849695, 9.0, 0.0
10, 0 ,1.0,1.0,1.0,169.82875688717635,95.48801721343945,16.689023731499155,16.16548019861367,15.619120392823442,10.410805633559853,68.0,74.0,41.0,0.885020604008774,0.45056285306965554,0.11718210577420306,16.425174053974352,-0.45298465524877474,0.8914938901239682,-0.0065989378526306085,15.419024137811107,0.10744036759567314,0.04724149982130128,-0.9930885197733083,10.302033671624818,79.46656410326068,69.5063034836133,44.106673025926014,23.711659909710615,7.170894655708407,111076.0,243619.9940244123, 0.0, 1.4210854715202004E-14,0.0,63.22019824566292, 101.52235643166365,101.52235643166365,0.0, 261.32275005177064, 12.108174361849692, 17.36579387443606, 12.108174361849692, 243.95692184551314, 7.866335577322006, 17.36579387443606, 7.866335577322006, 108.38487393976156, 9.628502010161249, 6.084148253035602, 13.0, 0.0
11, 0 ,1.0,1.0,1.0,90.31358911390701,179.3499209446276,85.65977595371055,16.70019278831743,12.201478744683131,14.33388204208494,83.0,55.0,70.0,0.8741873450879479,-0.1854730348224466,0.4487719231879786,17.468535248643924,0.4848118213484055,0.385625880433904,-0.7850160369192587,13.928481148514994,0.02745876124167582,-0.9038210186166993,-0.42702878443700343,11.57930854078412,92.39556850253545,72.24711601875535,66.92860120760699,24.073513187334527,7.327936949754671,118904.0,446769.3856212924, 0.0, 0.0,0.0,NaN, 126.17673066008899,126.17673066008899,0.0, 278.89643916696946, -16.534056905254108, 44.306843621863784, -16.534056905254108, 148.87608355695423, -32.378770252523175, 44.306843621863784, -32.378770252523175, 205.46017439640514, 10.612253508915481, 6.5612640863059815, 15.0, 0.0
12, 0 ,1.0,1.0,1.0,152.9278736908089,181.65749471099852,181.38411210071303,15.778961938505036,11.522645525680275,11.187745894373421,70.0,53.0,45.0,-0.9937791534345212,-0.00621372443995689,-0.11119525092175031,15.83047295754418,-0.06916193731402626,-0.7481421223208827,0.6599242314358337,12.913544356117136,-0.08729043834199385,0.6635094230210973,0.7430582917485498,9.46304158647722,71.15103929752581,68.92737961982996,50.47896270872468,21.45893275971965,6.8137260568775435,76574.0,247561.68991377484, 0.0, 0.0,0.0,NaN, 53.84035529065821,53.84035529065821,0.0, 248.9756398567906, 4.98962236906576, 14.273101197955421, 4.98962236906576, 132.77135991047967, -38.00885276901584, 14.273101197955421, -38.00885276901584, 125.16565819706933, 10.524091031429107, 6.740683235403925, 11.0, 0.0
13, 0 ,1.0,1.0,1.0,21.389366456626338,45.17042122145498,57.21093954462183,12.359287598733008,16.64108371111796,16.984741707318538,53.0,85.0,82.0,-0.24547770618490034,0.517415534627611,0.8197693945813204,17.167161433023743,0.14084383063379352,-0.8176350140377078,0.5582436736694448,16.816636422129424,-0.9591161093103372,-0.25249583827378613,-0.1278363818160503,11.859528475928919,80.98062784136465,77.66102999217084,62.377310628675644,25.70299685814891,7.5838684325975665,149019.0,392293.3372361494, 0.0, 0.0,0.0,NaN, 75.96685826278389,75.96685826278389,0.0, 152.75198994819553, -35.938084073389945, -19.82625266038287, -35.938084073389945, 276.9256670804355, 0.4643164920230651, -19.82625266038287, 0.4643164920230651, 288.4814508643258, 11.088157948007407, 6.260338907887661, 14.0, 0.0
14, 0 ,1.0,1.0,1.0,139.90053554777703,114.5635310026997,119.59269565557004,16.789469547560426,15.901647876157137,18.514908942200325,84.0,82.0,91.0,0.4866756314532147,-0.26910381500056696,0.8311016583437643,19.72071746240798,0.7677997667794577,0.5855588935340138,-0.26000826974662133,15.884032162713801,-0.4166897501535465,0.7646593483083578,0.49159509066060947,15.373398161287303,101.58211526832073,76.2429385586301,72.29399048515229,28.426181528908312,8.336830914045464,204837.0,559911.0985465492, 0.0, 1.4210854715202004E-14,0.0,74.3890544095917, 131.82059950595146,131.82059950595146,0.0, 281.8862876884589, -12.804925962355405, 58.52276972073701, -12.804925962355405, 252.8624051772928, -36.5517169501302, 58.52276972073701, -36.5517169501302, 342.8018531379696, 9.718524917758005, 6.078421011890286, 28.0, 0.0
15, 0 ,1.0,1.0,1.0,77.7434469219555,91.40828594827235,158.30980827200864,14.200696218767494,17.309194950575048,17.430412430630998,75.0,82.0,84.0,-0.154200969403029,-0.7012658296306644,0.6960232016445878,17.722119586752353,-0.1448945531320703,-0.6807827902908419,-0.7180113933054779,17.15184585383721,-0.9773574727334026,0.21156802366196953,-0.003367767204621155,14.02953818183911,94.68987642818058,85.14744001984147,74.9934946607525,27.176095220722544,8.157642367172498,172171.0,604642.5930721543, 0.0, 0.0,0.0,NaN, 127.03381583509453,127.03381583509453,0.0, 201.6597730977174, 22.28200102584721, -2.4549515238753616, 22.28200102584721, 299.6082298370127, -9.637766943799333, -2.4549515238753616, -9.637766943799333, 303.81927750189556, 10.174849743616038, 6.34007229251742, 24.0, 0.0
16, 0 ,1.0,1.0,1.0,115.88926584180498,59.196698988096635,15.322611696757683,15.440793441095654,13.680303608725097,9.410080799745211,75.0,66.0,37.0,-0.9851412868259656,0.166595783662245,-0.041743141434777725,15.495851226575489,0.16857892401793748,0.9844392153010402,-0.04960421105538106,13.636469913416452,-0.032829732984534316,0.05590417017928829,0.9978962533193169,9.383161121900223,74.21954164342563,66.88740918232494,38.299318794661566,21.704219266522934,6.560891372814387,85186.0,190131.3324583842, 0.0, 0.0,-1.7763568394002505E-15,87.60759903977306, 103.98868785078254,103.98868785078254,1.9073486328125E-6, 238.41810209058255, -8.710393004076934, 5.435132488149523, -8.710393004076934, 187.15070682689694, -5.83873736988322, 5.435132488149523, -5.83873736988322, 88.54962065773348, 9.815055869710903, 6.0703613859081855, 8.0, 0.0
17, 0 ,1.0,1.0,1.0,48.417204328069694,13.205068661662441,119.75434940878166,15.408853348845664,8.207689300233453,15.253861739512852,68.0,33.0,72.0,-0.770581504886797,0.05983817290580094,0.6345262306553565,15.894108144108321,-0.6282903390399968,0.0958697181361647,-0.7720493812014217,14.818211385245691,0.10702987524707945,0.9935936746013371,0.03627968573191923,8.079428246425449,76.90890413372146,78.05761232409695,36.732845304197866,22.04625067723196,7.172311637134642,79666.0,220519.2240790027, -7.105427357601002E-15, 0.0,0.0,39.593863763973324, 94.64652107770877,94.64652107770877,0.0, 237.43276152623224, -17.93278019616496, -16.75580939547206, -17.93278019616496, 67.3661636491667, -4.3075566275609205, -16.75580939547206, -4.3075566275609205, 232.68029796817402, 8.722612469841492, 5.734655801300161, 10.0, 0.0
18, 0 ,1.0,1.0,1.0,101.21542374946688,21.116112228111863,186.4103606896972,16.993346986420185,12.734527394769861,7.5152411930532965,79.0,57.0,33.0,-0.9975178429441167,-0.0697649517733396,-0.009539628513747978,17.011574275495278,-0.07038911917101866,0.9843572747098609,0.16151200459440446,12.824302632148262,-0.0018774744858065958,0.16178259248089197,-0.9868246388592639,7.31877603340665,79.04182333344647,61.09232569658051,35.98893216725574,21.3094968884375,7.302480559404069,65652.0,173785.11243955675, 0.0, 0.0,0.0,NaN, 101.92625273800532,101.92625273800532,0.0, 288.77384180087597, 8.72785025220579, 0.9833709371475244, 8.72785025220579, 162.16818796814408, 17.788168227357197, 0.9833709371475244, 17.788168227357197, 56.47885018976514, 9.214602964207614, 6.222834902029848, 16.0, 0.0
19, 0 ,1.0,1.0,1.0,169.2317264528101,11.748993709833671,74.12382485775491,17.179352442943436,7.8821399107823105,14.75982973857497,74.0,34.0,67.0,-0.8528174477309531,-0.1252305658865676,0.5069711098409789,18.450076571726328,-0.5157780047880277,0.050102965211114216,-0.8552559515454633,13.316039967754987,-0.08170343091049073,0.9908617452726612,0.10731985432654462,7.575526906976394,82.86221787700457,62.79828691723114,37.24541701403344,22.61166586969297,7.988956154661129,73289.0,193810.450598009, 0.0, 1.7763568394002505E-15,0.0,82.80592913922088, 81.11144753862763,81.11144753862763,0.0, 295.1301503588667, 27.12666075162568, -69.46031351989076, 27.12666075162568, 62.12812957314737, -23.107275551811846, -69.46031351989076, -23.107275551811846, 217.8525739117221, 10.167880973115242, 6.240870626158479, 9.0, 0.0
20, 0 ,1.0,1.0,1.0,185.76189575133716,27.072623372691492,171.36594257745483,8.210758210260243,15.08981876220047,15.37703289740138,34.0,66.0,59.0,0.01968077135849622,0.6593811146708529,0.7515512044126859,16.301350302625618,-0.0026246050540834074,-0.7516601338155844,0.6595454151767324,14.088984980843751,-0.999802869913387,0.014952887606141704,0.013062636226788917,8.206022295352641,81.11467160789238,72.19932547618555,34.281013820901904,21.93952670513947,7.087276581708802,79272.0,200764.17184162568, 0.0, 0.0,0.0,NaN, 41.89940087105073,41.89940087105073,0.0, 67.41655038735598, 2.8333556130732123, 2.707439778855843, 2.8333556130732123, 227.70263027605728, 33.29303245258854, 2.707439778855843, 33.29303245258854, 236.45314072776426, 8.67802227304688, 5.653329712666008, 9.0, 0.0
21, 0 ,1.0,1.0,1.0,23.400816276926506,176.25462573804194,46.55190852837221,14.668429323930805,12.524304644204406,13.204833216197146,59.0,53.0,70.0,0.9414882124725957,0.18284579232762851,0.2831384149196959,14.935578255536097,0.1586555857925073,0.5007440132438259,-0.8509311595524656,13.281375372080442,0.29736904827502253,-0.8460631474237308,-0.4424350796438486,12.12114748356067,73.70959326021926,64.74984875564971,67.15912867215314,22.409324204180166,6.649122846772513,98741.0,320529.36706356896, 0.0, 0.0,0.0,NaN, 57.25837221665372,57.25837221665372,0.0, 215.16281883115315, 15.450366890810512, 16.320263276375517, 15.450366890810512, 156.85820682084005, -8.61598610729434, 16.320263276375517, -8.61598610729434, 174.36762026758348, 10.38121922607856, 6.1029035761099735, 10.0, 0.0
22, 0 ,1.0,1.0,1.0,109.8868449197861,71.37207792207792,62.18012223071047,13.002473745642979,14.590931637719159,15.737075062914691,61.0,74.0,68.0,-0.2224931857479438,0.3564912257790128,0.9074198522394734,16.13181792682285,-0.1647140428040878,-0.9311151240302956,0.32541344456733895,14.363046342917118,0.9609193860042912,-0.07706251841605266,0.2658858812658383,12.77037553189383,74.45979006230307,68.47704656918526,59.00977653074264,24.170835498084042,6.736902286890999,130900.0,300878.2526291381, 0.0, 0.0,0.0,NaN, 130.69323557878556,130.69323557878556,0.0, 169.06432350613494, -1.0781495937218315, -21.931000989446332, -1.0781495937218315, 212.8952860565939, 18.333859027908627, -21.931000989446332, 18.333859027908627, 247.6555315358114, 9.17940223904012, 5.739304043160181, 12.0, 0.0
23, 0 ,1.0,1.0,1.0,141.75863301753418,40.91615613370818,87.38676731072363,15.0583510474738,12.48359497306098,15.997482131938854,77.0,61.0,78.0,-0.5573158680003568,-0.10752556797417044,0.8233087364451085,16.658838757174983,-0.777736674788901,-0.2795988865988466,-0.5629832389165677,14.542368097045216,-0.2907312985615973,0.9540768914739093,-0.07219831848575017,12.227679079636399,77.70818431349448,67.70974249704864,62.17929346550733,24.2477379509835,7.110606060170664,123074.0,327162.6419906155, 0.0, 0.0,0.0,NaN, 112.70597039093714,112.70597039093714,0.0, 226.75393626895524, 21.144948032142224, -31.601009882409162, 21.144948032142224, 155.84014345143336, -1.5777170492601842, -31.601009882409162, -1.5777170492601842, 255.9194345617029, 9.07366888001526, 5.730035453199334, 17.0, 0.0
24, 0 ,1.0,1.0,1.0,54.915088808961706,76.01180422416935,93.06977167936876,14.349058799250711,14.891158471879473,14.421754801591728,70.0,75.0,63.0,-0.17176638444105177,0.774719830194987,0.608527315638911,16.223998563827905,-0.8767800368524932,0.16142045639924618,-0.45299029043987227,14.72838495172466,0.44916931791139686,0.6113531066073915,-0.6515322730981953,12.46938843451982,76.06998099429455,71.685242048152,63.92439623845754,24.236306897876528,6.944820268958797,126226.0,348585.80551709543, 0.0, 0.0,0.0,NaN, 132.1190514678312,132.1190514678312,0.0, 205.89548842435426, -23.03162171284342, 13.141482839188852, -23.03162171284342, 221.7466006346278, 46.2966190816302, 13.141482839188852, 46.2966190816302, 207.98701155723404, 8.678349060767326, 5.610314220763843, 11.0, 0.0
25, 0 ,1.0,1.0,1.0,117.70788406146794,150.9295214971875,158.97049509131216,16.397673632737114,12.891057703417127,14.862422863112378,77.0,66.0,76.0,-0.9352782600015678,-0.35359429862894703,0.015021595971910018,16.911200182838556,0.027956471501647158,-0.03150167737909759,0.9991126463134579,14.865679889413922,0.352807329954492,-0.9348682882093106,-0.0393480829390182,12.205636093296956,84.05621991442182,76.8697106784049,63.04937883433611,24.58874012199205,7.16578968807091,132622.0,407385.8255286983, 1.4210854715202004E-14, 0.0,0.0,20.72685362948072, 104.22727320230452,104.22727320230452,0.0, 268.883700565762, 45.24740685800705, 0.08646340978519615, 45.24740685800705, 166.17936871283004, -2.994192384231227, 0.08646340978519615, -2.994192384231227, 220.89161336196557, 9.314123857208251, 5.766621423465994, 18.0, 0.0
26, 0 ,1.0,1.0,1.0,15.40802920757212,97.9474924896868,23.127696885196418,9.40239485628109,13.21716235505588,14.56851063338969,38.0,61.0,58.0,-0.06536407758653484,0.22909033906658646,0.9712080899105084,14.700264166924475,0.33137069524242607,0.9230395357872964,-0.1954263997215421,13.535240912325735,0.9412337646386325,-0.3090560336248579,0.13624745276245773,8.720057264516996,63.9560466166208,66.3972194830198,44.32076567310155,20.835277047369743,6.421148042823778,69571.0,188208.29384294266, 1.7763568394002505E-15, 0.0,0.0,86.2522422924129, 101.81359934847687,101.81359934847687,0.0, 88.40502903342109, 30.680592929456814, -15.830948692415854, 30.680592929456814, 174.6933807199063, 11.831402117572376, -15.830948692415854, 11.831402117572376, 212.24150207518846, 11.054650652247703, 6.518889738293891, 5.0, 0.0
27, 0 ,1.0,1.0,1.0,174.2341885747496,64.42382311715839,114.96603534921883,13.713231425770136,14.25505194881492,14.953853390575775,61.0,69.0,77.0,-0.54219776054633,0.3415635202973677,0.7676952195113727,15.835502128082618,0.13368462897626157,-0.8669456851910156,0.48013914535701,14.256424198694093,-0.8295480748178636,-0.36295941995042713,-0.4243942165430925,12.68338262630899,88.69944201036293,70.06111607688655,64.19663849193142,23.763033501682905,7.0848565423015835,117004.0,398942.42845478037, 2.8421709430404007E-14, 0.0,0.0,57.16662438012739, 109.75008504626672,109.75008504626672,0.0, 188.05271613672963, -21.559520847434634, -34.69801318419798, -21.559520847434634, 203.20650606341206, 5.932149952715793, -34.69801318419798, 5.932149952715793, 223.61773122683462, 9.424055682837889, 5.528645052259055, 11.0, 0.0
28, 0 ,1.0,1.0,1.0,183.76501793411097,20.1191186665461,116.04298158362721,10.054004760263723,10.985278757019993,16.01246397559094,39.0,44.0,79.0,-0.23010579303369721,-0.2849267944032309,0.9305203092052492,16.756583811157434,0.11813052269051806,-0.957286017420196,-0.2639103265517415,10.323344231857993,-0.9659692042819994,-0.04919555551958812,-0.2539356093499311,9.529104181855658,87.38524357583017,52.585314407787976,43.99731570549025,20.668605356741672,7.139125735411643,66354.0,202175.60753578218, 0.0, 0.0,0.0,NaN, 87.84722260814773,87.84722260814773,0.0, 101.08301171940559, 10.672593939307138, -41.16957276348315, 10.672593939307138, 120.67634936943473, -46.38574504079527, -41.16957276348315, -46.38574504079527, 256.39900256959766, 9.296961438563061, 5.885007143169193, 5.0, 0.0
29, 0 ,1.0,1.0,1.0,11.423589352753549,173.4546814576453,137.53963079007536,7.114983960952108,14.343256951857626,16.216449790491186,29.0,54.0,72.0,0.020094030811281645,0.09965359973771655,0.9948192750369639,16.23665828234676,-0.016615540506175648,-0.9948494742423774,0.0999922367654253,14.324872083522285,-0.9996600190762072,0.01853870704715442,0.01833473756498543,7.105929085782074,73.94074773607757,59.00424662969303,30.11508656810353,21.657780251137478,7.089838866475454,70854.0,131386.6452262648, 0.0, 0.0,0.0,NaN, 68.82187190171105,68.82187190171105,0.0, 50.622996764605745, 2.984103161595561, 4.0035151310786645, 2.984103161595561, 205.7290199870121, 5.739721885383034, 4.0035151310786645, 5.739721885383034, 262.97324380752167, 9.82100379636687, 5.965232241754778, 9.0, 0.0
30, 0 ,1.0,1.0,1.0,11.237918846753407,25.107684709296045,170.04511429056504,7.075854538144302,13.903414308965049,15.709522861389448,28.0,52.0,60.0,0.009730439298941882,-0.1675887170221462,0.9858089776817418,15.760223100126348,0.03097059998769892,-0.9853321772220587,-0.16781335604545788,13.851510901838818,-0.9994729313430415,-0.03216399318661567,0.0043973918224089305,7.064896955703838,67.11278231463587,59.32749975549721,28.2475774137552,21.026581236353586,6.931423875021689,64791.0,112471.50268150095, 0.0, 0.0,0.0,NaN, 40.66917541987967,40.66917541987967,0.0, 50.06771744497731, -4.655491654609413, 1.16605027258311, -4.655491654609413, 193.30492944673406, -9.317663910193811, 1.16605027258311, -9.317663910193811, 246.78910853251773, 8.68719518200761, 5.219413333180286, 7.0, 0.0
31, 0 ,1.0,1.0,1.0,98.16986862263921,184.57895521780983,141.81887820817008,13.036511471396125,9.33821384483483,15.048238929576264,61.0,38.0,63.0,-0.33071292520329576,0.03151638508049198,0.943205003472171,15.333860161758745,0.9075145265349505,0.2848390392251142,0.30868123665256986,12.985784814431641,0.25893309025986855,-0.9580571168801848,0.12280152915864961,8.935574370471485,70.2097944464173,65.22833801770079,42.65594480851934,21.00949177512243,6.49643128096964,73757.0,195350.0741641308, 0.0, 0.0,0.0,NaN, 115.15283175205163,115.15283175205163,NaN, 169.95063134384276, 21.332324661741445, -23.565474803342116, 21.332324661741445, 87.20223781186488, 12.422471938320436, -23.565474803342116, 12.422471938320436, 226.44949488161458, 9.414456230606124, 5.623623148841475, 7.0, 0.0
32, 0 ,1.0,1.0,1.0,175.38998761837834,149.78122455353656,92.70450311771464,14.523028301479872,11.188220507295334,13.782581921963349,64.0,55.0,64.0,-0.801470868960442,-0.09350497283478479,0.5906786488971486,15.24348494734618,-0.5902833552075994,0.28218930152842153,-0.7562636832929115,13.18288178989153,0.0959687801977996,0.9547910861324942,0.2813609338008361,10.949976619831517,72.98245357749187,67.58807384060604,52.924552831460716,21.950377553221163,6.650948719705896,89649.0,261063.2419303004, 0.0, 0.0,0.0,NaN, 108.26681400626997,108.26681400626997,0.0, 210.91835104558535, -0.5478831090222734, -29.18534326095717, -0.5478831090222734, 125.17627811986385, -17.71129159669605, -29.18534326095717, -17.71129159669605, 189.95956443563094, 9.367415048798259, 5.559029185245204, 9.0, 0.0
33, 0 ,1.0,1.0,1.0,20.192149886666858,75.45371512734437,175.17496341778326,11.777782288320052,15.458330194487074,14.278467951221607,49.0,73.0,59.0,-0.011771921463390143,0.8152186419798035,0.5790336670986111,16.57209154503582,-0.06669182796027841,-0.5784244852329,0.8130051137393737,12.975043114040785,-0.9977041755692799,0.029046181361075257,-0.06117758903359242,11.7713556177126,84.2224304117878,67.22662785690699,51.14054057364521,23.03552811987341,7.135490123700661,104559.0,289557.22863204853, 0.0, 0.0,0.0,NaN, 81.95894389798136,81.95894389798136,0.0, 138.71615563106553, -0.15674968796057376, -2.5425663025337477, -0.15674968796057376, 238.95997240179076, 50.22240778374302, -2.5425663025337477, 50.22240778374302, 203.87464703406255, 8.50149125622788, 5.154415062698412, 8.0, 0.0
34, 0 ,1.0,1.0,1.0,104.26445575964384,15.602170030124498,9.909146650315908,16.393950283524354,9.65008299548456,6.713406693397377,76.0,39.0,26.0,0.9820750909642864,-0.11315657254504272,0.15074516840465266,16.625639304909136,0.12194796915010872,0.9912569598458455,-0.05038186556030136,9.538694212790556,-0.14372615811901737,0.06786184234922193,0.9872879832274455,6.289433008411618,73.84522012050428,41.07679657896064,30.532169519698456,18.89365275318736,7.07003697241364,37511.0,92613.99571024578, 0.0, 0.0,0.0,NaN, 97.50340162262839,97.50340162262839,0.0, 268.7616058986683, -20.10435676731728, 34.74874744018787, -20.10435676731728, 93.12410181974025, -6.608696236765936, 34.74874744018787, -6.608696236765936, 45.0698294309527, 10.664410825787693, 6.067884754182952, 5.0, 0.0
35, 0 ,1.0,1.0,1.0,87.89384524559982,37.20209327689891,106.7035291527832,13.537028153629743,12.489926026789563,13.509456575196486,67.0,57.0,61.0,-0.7078462138877766,0.3723548802605124,0.6002545965096144,14.396520352356015,0.5396427480272415,-0.26325699419083487,0.7996758465223357,12.98345637903801,-0.45578442490540144,-0.8899705602747692,0.014593144207678528,12.079936363316472,69.19859700181314,68.09864524025764,58.21281485621352,22.015616992867223,6.088300975414377,99939.0,274318.0350664297, 0.0, 0.0,0.0,NaN, 133.4674314160054,133.4674314160054,0.0, 183.2511312321643, -19.383143641875197, -16.28814836268249, -19.383143641875197, 155.99825215467533, 8.941542557972012, -16.28814836268249, 8.941542557972012, 182.50541695711956, 8.419368003988726, 5.339327082976696, 10.0, 0.0
36, 0 ,1.0,1.0,1.0,105.45661772528993,158.58358601978935,18.0506303862113,10.394572581434193,16.303987740731788,10.335955695169057,48.0,83.0,40.0,-0.07711941618146753,0.9969969203864659,-0.007052402975711479,16.33338678106403,0.7328497093638766,0.05188835225594213,-0.6784090966263975,10.424406678767676,-0.6760058425288282,-0.057486864935091544,-0.7346505027744985,10.25920840947099,82.88382601551247,53.429182003715184,53.25423095536297,20.916976291880683,6.571091107115063,75192.0,235831.83652603292, 0.0, 0.0,-3.552713678800501E-15,89.59592372446997, 104.78356615548911,104.78356615548911,0.0, 108.0471391507035, -12.28961648052252, -1.6109339248877068, -12.28961648052252, 265.82001624993245, -1.2560207465866529, -1.6109339248877068, -1.2560207465866529, 106.83198013249768, 8.682963056944637, 5.34302833039218, 16.0, 0.0
37, 0 ,1.0,1.0,1.0,169.78815868263473,88.37732035928144,186.71573353293414,13.76514692848716,15.586724083970518,7.877409396702557,61.0,77.0,34.0,-0.24428793900422896,0.9696303273565176,0.011850364026373548,15.70384112910082,-0.969578218879226,-0.24404249273197626,-0.019008924644767174,13.633976298709772,-0.015539637449223433,-0.016133505869918584,0.9997490833485633,7.872920710518136,75.4686937009172,66.02207074946634,34.8800984520492,21.080036634767552,7.078903298730227,66800.0,173793.55883614928, 0.0, 0.0,-2.8421709430404007E-14,89.32100826303356, 94.33863389534922,94.33863389534922,0.0, 189.4792699628395, -14.415008077781742, 1.7491219344992672, -14.415008077781742, 242.9459676698266, 2.6962415614131148, 1.7491219344992672, 2.6962415614131148, 62.05357880325775, 8.15180497411304, 5.194906142664343, 12.0, 0.0
38, 0 ,1.0,1.0,1.0,153.8257603104413,89.40982312065698,69.1347125710676,10.73814424307051,12.598273169254867,15.264685321929473,51.0,61.0,68.0,-0.04344681953536948,-0.21700011847425335,0.9752042465321923,15.405104744778113,0.2338120321422449,-0.9512261658026206,-0.20124789469199422,12.532921787809148,-0.9713106132941076,-0.21927090567288277,-0.09206499023852092,10.613362609124323,68.3157557756031,64.62654632160006,48.117732421780346,21.620424593446778,6.292224329185634,88648.0,212440.33502512908, 0.0, 0.0,0.0,NaN, 122.08925163035491,122.08925163035491,0.0, 115.30774178498832, -8.706320188592473, -7.373017209945939, -8.706320188592473, 158.71648684716706, -17.877934163285108, -7.373017209945939, -17.877934163285108, 233.01061797752914, 8.017535940040931, 5.078011915357463, 7.0, 0.0
39, 0 ,1.0,1.0,1.0,153.72887713337818,52.89213685542622,157.69752488228656,11.909936358092118,14.980616537791988,11.729446952474182,55.0,78.0,56.0,0.07023145677696871,0.9914242344640428,0.11020675930437301,15.025444247493395,-0.7834013884074402,0.1232118851193198,-0.6091806759957501,12.217814768919276,-0.6175352679161574,-0.04355248193537036,0.7853364719640805,11.349291130062834,79.2251422023414,59.11882161146431,57.88677915878081,21.503529466302066,6.437670557659621,87713.0,271124.1367222767, 0.0, 0.0,-2.8421709430404007E-14,83.6727655298633, 82.02496177113352,82.02496177113352,0.0, 141.84658405380455, 4.775357205418782, 10.518735412375172, 4.775357205418782, 224.41887185236683, 9.057406346964694, 10.518735412375172, 9.057406346964694, 137.5799258109059, 8.224428320804105, 4.928861959271778, 10.0, 0.0
40, 0 ,1.0,1.0,1.0,123.1641630064714,80.22963068846323,176.8504691114172,13.174010541332208,11.578517979161049,12.845009179911447,68.0,55.0,53.0,-0.6371995466652843,-0.3275958534077386,0.6976085539610387,14.648243591390294,-0.7113223537355504,0.598382231731868,-0.36872647562075817,12.347600203489689,-0.29664329893943764,-0.7311769016986552,-0.6143151403121062,10.275048519154147,75.56575219651587,60.00253052854168,56.95367960475727,20.810540097312103,6.287472785382256,76954.0,258235.74913780933, 0.0, 0.0,0.0,NaN, 113.47440357747976,113.47440357747976,NaN, 173.55455374313215, 2.794982398740078, -36.152168519953925, 2.794982398740078, 134.06207859375564, -35.253926237334554, -36.152168519953925, -35.253926237334554, 164.99426083200936, 8.562672551474737, 5.040263391478263, 9.0, 0.0
41, 0 ,1.0,1.0,1.0,187.4266180895628,107.91418372765355,136.95322732904597,7.516467579205424,15.016373898415369,14.980519478001458,29.0,66.0,68.0,-0.06780865143796759,-0.7115990650278115,0.699305911201749,16.147130207913165,-0.007565082330562717,-0.7005323148601317,-0.713580580849869,13.788719098669791,-0.9976696629243047,0.05367724367224172,-0.04211884604609639,7.452928647432147,75.63786587268577,66.35891997045212,30.553510096848953,21.34217793987901,7.135557058804294,67796.0,153355.61658732846, 0.0, 0.0,0.0,NaN, 112.30664733413161,112.30664733413161,0.0, 56.497284869246236, 10.613871969512667, -9.003085639831259, 10.613871969512667, 225.49148505701035, -34.828605277591834, -9.003085639831259, -34.828605277591834, 224.41596383078107, 8.920300381901137, 5.225475937607577, 8.0, 0.0
42, 0 ,1.0,1.0,1.0,47.603889682452476,33.649620920777934,11.570904296231184,12.642216024443861,11.292753608214555,7.578883735683413,60.0,56.0,30.0,-0.9724860462580606,0.22506507396864317,0.060138193461848066,12.740010594324616,-0.2157209538724434,-0.9674546264703238,0.13227250576567287,11.254725653388268,0.08795089478640118,0.11566009770295028,0.9893873770700816,7.470921580836932,57.53291619576783,54.86687758183716,34.073112252081785,17.73812716775107,5.4909228117177875,45505.0,107556.9398725331, 0.0, 0.0,0.0,NaN, 59.43326616671594,59.43326616671594,9.5367431640625E-7, 159.82562600870514, -8.52116433145762, -8.24985056719989, -8.52116433145762, 127.52628405584286, -7.625656563035032, -8.24985056719989, -7.625656563035032, 57.43947867900657, 8.365923399264283, 4.961277128817273, 3.0, 0.0
43, 0 ,1.0,1.0,1.0,46.4053776217241,22.80271818218229,166.9745270549911,12.040320670209873,13.233878703032948,11.49593004453176,52.0,52.0,53.0,0.3493175945703315,-0.9270665496593075,0.13610595367721834,13.409896670659734,0.769415233788849,0.3666987178681741,0.5230031054663913,12.141958086494144,-0.534768563153491,-0.07797219258572204,0.8413934401016723,11.180733431438586,63.38701252743763,64.81958406238766,61.131570840638375,20.42706527562498,5.915765308242642,74903.0,251172.49472245894, 0.0, 0.0,0.0,NaN, 61.35230143973699,61.35230143973699,NaN, 144.96932184148312, -11.426628237637823, 11.627497703726712, -11.426628237637823, 175.13554552658903, -2.6172171169166436, 11.627497703726712, -2.6172171169166436, 132.15640758876796, 7.995609755298205, 4.897847272806976, 7.0, 0.0
44, 0 ,1.0,1.0,1.0,35.08730118035544,53.9820946950663,127.95194486888927,14.348884073071485,13.320244920099563,12.328570485562295,71.0,64.0,60.0,-0.8836554281074824,-0.3260748148391812,-0.3358992401059808,14.598249346754947,-0.4419833058797589,0.8175850324602856,0.369060255270752,13.618488169603625,0.15428493672352228,0.47458395445327356,-0.8665830764997156,11.693628396511302,71.11736754774718,64.02084983451303,53.84001209488935,22.22253511595882,6.4398743863002075,97513.0,245133.26863222875, 0.0, 0.0,0.0,NaN, 96.62353491755333,96.62353491755333,0.0, 205.89047414244453, 4.39825897942734, 14.719966500171058, 4.39825897942734, 177.42892473143823, 23.06581784727243, 14.719966500171058, 23.06581784727243, 151.99365021747772, 8.325006524989407, 4.942877396734856, 6.0, 0.0
45, 0 ,1.0,1.0,1.0,58.8094550286713,144.2338624644317,86.57994020192683,12.022100801037412,12.207708999291551,10.923188459369442,62.0,57.0,50.0,0.6413793999434623,-0.726636597625285,0.2462350915684316,12.86558031384786,0.7341683964038298,0.6744689308747499,0.07802837308633599,11.450536461839164,-0.22277619049169778,0.13073223120646663,0.9660641038118464,10.781334366608448,57.103961488504694,51.973013916110204,48.65944618124185,19.57330357245425,5.455355172784126,69233.0,144414.6665160099, 0.0, 0.0,0.0,NaN, 118.59384529466298,118.59384529466298,0.0, 144.5309076703044, -15.602716715572326, 8.636019978100315, -15.602716715572326, 149.02815901138393, -8.035442806311961, 8.636019978100315, -8.035442806311961, 119.31604611890177, 7.4290358344878, 4.6858708327380505, 13.0, 0.0
46, 0 ,1.0,1.0,1.0,131.10081653926338,119.6164871438499,182.98516330785267,15.251973272362731,10.108981339020204,9.531972576903875,70.0,49.0,38.0,-0.9799973172689466,-0.008884223768396328,0.19881229517738785,15.452682018294366,-0.0977905434793049,-0.8485775923792432,-0.5199548820021499,10.643680074031908,0.1733270542981963,-0.5289963518587629,0.830734970955497,8.579008482541056,68.8571097814636,55.93495980501737,44.60148026055144,19.587923532710608,6.479656263803214,57560.0,171783.47844167377, 0.0, 0.0,0.0,NaN, 107.22924642238019,107.22924642238019,0.0, 232.6226887008671, 4.731663049065954, -30.166068496793997, 4.731663049065954, 102.19150371265873, 17.219692147686608, -30.166068496793997, 17.219692147686608, 90.85850120684752, 7.757362338524672, 4.952765913001754, 8.0, 0.0
47, 0 ,1.0,1.0,1.0,124.06893719196259,9.61876026791356,49.625521294073046,8.982314051649249,6.385936908409581,13.31148515567784,43.0,26.0,58.0,-0.10274747160352032,0.05547718223729772,0.993159221540078,13.366174277689145,0.9942754177288071,-0.023696809063185567,0.10418663513344238,8.925849807178388,-0.029314685386166307,-0.9981787132028173,0.05272481132709267,6.350778170319702,58.4498353007659,43.322367071611524,27.452351386372772,16.38562335763397,5.492644185831408,31652.0,69514.43843962428, 1.4210854715202004E-14, 0.0,7.105427357601002E-15,80.21636147829925, 91.21808599153027,91.21808599153027,0.0, 80.68196572245554, -1.7153145110763273, -10.03996232350761, -1.7153145110763273, 40.78019019818772, 7.5241111290168625, -10.03996232350761, 7.5241111290168625, 177.19563704983148, 8.770894622539663, 4.749334544009839, 4.0, 0.0
48, 0 ,1.0,1.0,1.0,9.789145114027265,42.128838068543764,12.91317365269461,6.543692982161241,15.221840104536184,7.986793372251531,25.0,67.0,32.0,-0.03700801727363,-0.9951107843361916,0.09156928281517188,15.275986406367075,0.28228593182796835,-0.09831021064531992,-0.9542797048952101,8.01764384584225,-0.9586162210965818,0.009467279476336878,-0.28454404100213837,6.377682091293803,67.97384727894297,37.92696358460586,28.60331569873579,17.25913818397399,6.358879738632337,31396.0,73740.53864036017, 0.0, 0.0,0.0,NaN, 45.13774931090065,45.13774931090065,0.0, 42.81991784478628, 6.440722003241182, -7.0124152891820595, 6.440722003241182, 231.70441616806616, -15.342616493347874, -7.0124152891820595, -15.342616493347874, 63.78886837104099, 9.66503465238943, 5.785990496637474, 2.0, 0.0
49, 0 ,1.0,1.0,1.0,48.66094277343026,183.1256165856915,164.13086451804324,15.179354415164653,9.873910288654386,8.858838374208755,62.0,43.0,39.0,-0.9964287116639055,0.016671928463734106,0.08277601931181537,15.213296767310375,-0.05881875085256251,-0.8403933714148268,-0.5387757750958792,10.566701131810985,0.060581986761363935,-0.5417204335109775,0.8383727063763016,7.9552718904293585,62.74205023601759,51.67813899623039,41.14598794783083,19.1875048511172,6.182683865303246,53926.0,133411.438324738, 0.0, 0.0,0.0,NaN, 62.76326192475272,62.76326192475272,0.0, 230.41280046117865, -0.40259293007484176, -12.336929739867605, -0.40259293007484176, 97.49410438839496, 22.13267299178083, -12.336929739867605, 22.13267299178083, 78.47901734035361, 8.689029836460792, 5.218491739897631, 7.0, 0.0
