// Sample: .//bubblelabels.tif, Map: .//bubblelabels.tif, Thickness:(8.191250068658265):/afs/psi.ch/project/tipl/test/LabelValidation/SmallStep0500//distmap.tif, Neighbors:(1.0):
//LACUNA_NUMBER, TRIANGLES, SCALE_X, SCALE_Y, SCALE_Z, POS_X, POS_Y, POS_Z , STD_X, STD_Y, STD_Z,PROJ_X, PROJ_Y, PROJ_Z, PCA1_X, PCA1_Y, PCA1_Z, PCA1_S, PCA2_X, PCA2_Y, PCA2_Z, PCA2_S, PCA3_X, PCA3_Y, PCA3_Z, PCA3_S,PROJ_PCA1, PROJ_PCA2, PROJ_PCA3,OBJ_RADIUS, OBJ_RADIUS_STD, VOLUME, VOLUME_BOX, Mask_Grad_X,Mask_Grad_Y,Mask_Grad_Z,Mask_Angle, Mask_Distance_Mean,Mask_Distance_COV, Mask_Distance_STD, SHAPET_XX, SHAPET_XY, SHAPET_XZ, SHAPET_YX, SHAPET_YY, SHAPET_YZ, SHAPET_ZX, SHAPET_ZY, SHAPET_ZZ, Thickness, Thickness_STD, Neighbors, Neighbors_STD
1, 0 ,0.3333333432674408,0.3333333432674408,0.3333333432674408,161.046525632974,14.767604119170317,152.62111031771295,16.151042849209748,9.518030426877697,18.952548308275233,86.0,38.0,87.0,-0.06192740863018441,-0.06263906718355627,0.9961131177344891,18.99027145230335,0.9979781536472223,0.010416996730756084,0.06269841323344999,16.140235384631428,-0.01430387720973577,0.997981880317216,0.06186732300078496,9.461002462636262,87.85411849504823,85.19933351417558,40.73129692734716,25.266653628844523,8.499669999531786,116237.0,304878.3333468789, 0.0, 1.7763568394002505E-15,0.0,86.40869469581479, 203.09280463392105,203.09280463392105,0.0, 260.8561851170094, 2.829364117480023, -6.024948721991996, 2.829364117480023, 90.59290320696964, -16.805001393597664, -6.024948721991996, -16.805001393597664, 359.1990873775064, 3.7373044648275244, 4.5935024444266475, 27.0, 0.0
2, 0 ,0.3333333432674408,0.3333333432674408,0.3333333432674408,226.09900763358777,267.6209160305344,216.148291250734,16.286307581360887,17.10608691703208,14.943047302024684,94.0,73.0,77.0,0.5774848563253875,0.8122540809794956,0.08218606114786906,17.961463282069865,-0.7812187850792166,0.520556876399604,0.34455441989973123,15.4276697593338,0.23708321440835778,-0.263180254512458,0.9351618592952554,14.850236681012525,97.74179066394873,75.86131309515284,73.68970282604337,26.77788021798634,8.006361092857457,170300.0,546395.9253462413, 2.8421709430404007E-14, 0.0,0.0,54.72616542240982, 116.36524743931909,116.36524743931909,1.3486991523486091E-6, 265.2438146346931, 40.77429086793406, 0.13899390030165587, 40.77429086793406, 292.6182096130561, 9.950595340956633, 0.13899390030165587, 9.950595340956633, 223.2946626705472, 3.2872723947272044, 3.8935662828712245, 30.0, 0.0
3, 0 ,0.3333333432674408,0.3333333432674408,0.3333333432674408,123.36412558811772,152.52335557673976,204.6598834527507,14.759644350504681,14.9185710802046,14.087593265612563,72.0,69.0,72.0,0.6703846435320551,0.5705428882529356,-0.4744104155479705,15.28643284862573,0.5624396722907193,-0.8077480192610648,-0.1766486694355086,14.77232330240289,0.4839897155414646,0.14840468336216905,0.8623978230528337,13.673864978841026,80.99988920383481,73.8418473733899,71.56890910430067,24.29830019520659,6.961591489696724,130076.0,428066.6319501334, 0.0, 0.0,0.0,NaN, 214.61082441412105,214.61082441412105,0.0, 217.84710135338474, 3.6663472620875757, -17.957007594453103, 3.6663472620875757, 222.56376307511707, -8.181926150323289, -17.957007594453103, -8.181926150323289, 198.46028401733244, 3.5126152368996553, 4.039219437336333, 33.0, 0.0
4, 0 ,0.3333333432674408,0.3333333432674408,0.3333333432674408,118.36352860096486,29.945692625775326,268.37232253618197,14.321478472797622,15.033278971078204,15.998925198068608,72.0,66.0,66.0,-0.43916990619430607,-0.13118874838892502,0.8887740465323188,16.61731092615265,0.3635593132431884,-0.9306110405994076,0.04228140097761001,15.206790213857373,0.8215560962268045,0.3416908008867602,0.4563912546729383,13.404787903497835,78.2470516546721,70.58096304670777,69.6572708964112,25.193960233668218,7.234237866350458,145100.0,384699.85036278097, 0.0, 0.0,0.0,NaN, 126.12287418015872,126.12287418015872,NaN, 205.1047456468057, -11.887087488797253, -36.852799925145455, -11.887087488797253, 225.99947662226214, -13.274094406718683, -36.852799925145455, -13.274094406718683, 255.96560749339466, 3.3834324996895333, 4.014554419151246, 25.0, 0.0
5, 0 ,0.3333333432674408,0.3333333432674408,0.3333333432674408,197.8388004437359,124.53668535157254,67.41271112351873,14.678677943692813,14.9781290977582,15.107355765833512,73.0,81.0,88.0,-0.43413302487445066,0.4440500926273929,0.7838035671971408,15.642710562475067,-0.5453369289219963,-0.8220798514188281,0.16368369449985695,14.929757056580144,-0.7170328797672287,0.35637653279754566,-0.5990489263857454,14.157969351900503,84.79902111366135,73.62080562840936,71.36002732134205,24.805311763553018,7.26199999945975,136117.0,445498.67038976535, 2.8421709430404007E-14, -1.4210854715202004E-14,0.0,55.266243381153934, 174.61606545262205,174.61606545262205,0.0, 215.4635861746539, 1.5347087430975332, -17.059818336634894, 1.5347087430975332, 224.3443512691109, 12.379002086474976, -17.059818336634894, 12.379002086474976, 228.23219823546307, 3.14092493136422, 4.013070411431039, 38.0, 0.0
6, 0 ,0.3333333432674408,0.3333333432674408,0.3333333432674408,105.10912698412699,111.34839968774395,165.15618006765547,18.35731530499821,13.69497864883492,14.996347987410497,84.0,76.0,74.0,0.9673474701133045,-0.13568319886861824,0.21407695254316483,18.560789469204042,0.250945778544618,0.3942010334296054,-0.8840994070090009,15.119371767806726,-0.035568079734853555,-0.9089530322232336,-0.4153784983796886,13.279141914499224,87.7589448001347,76.51995464226066,76.37261184489583,26.204117339302467,7.923266550279181,153720.0,512865.8003678276, 0.0, 0.0,-2.8421709430404007E-14,77.63862021682279, 204.03247403865265,204.03247403865265,0.0, 336.9910252071215, -16.902728368214262, 23.230816285227537, -16.902728368214262, 187.55244019204437, -23.097907752428295, 23.230816285227537, -23.097907752428295, 224.89045295951084, 3.6939561609862186, 4.26831230304723, 37.0, 0.0
7, 0 ,0.3333333432674408,0.3333333432674408,0.3333333432674408,13.330470579885016,272.24117219107103,68.97640002839094,9.305720194962404,16.922421451788587,20.214902546755482,42.0,69.0,106.0,-0.12453281373151362,-0.3173027196640334,0.9401119946037921,20.664561064645564,-0.14243863512171837,-0.9319567406725514,-0.3334184589066072,16.657688807891233,-0.9819382941553784,0.1754298082105853,-0.07086302888264923,8.780910015408255,114.64172137697886,85.37867665356956,44.00506648094922,26.357576795398618,9.321223449116044,112712.0,430719.7627650341, 0.0, 0.0,0.0,NaN, 75.5380548338621,75.5380548338621,0.0, 86.59642834693112, 40.42594238614293, -31.450670276966914, 40.42594238614293, 286.36834779195453, -42.11848323134816, -31.450670276966914, -42.11848323134816, 408.64228497482134, 4.715270762385922, 5.1942645575578945, 17.0, 0.0
8, 0 ,0.3333333432674408,0.3333333432674408,0.3333333432674408,267.76203400771703,103.34987749592875,104.31556902040757,16.62221811835394,16.349865491047527,13.152103019117822,72.0,83.0,69.0,-0.7250660817796448,-0.6885893825979232,0.011128307424080589,18.928085438733564,-0.6741279469180753,0.7063490511805623,-0.21592250711850428,13.638366352002889,0.14082147647548157,-0.16405998924091997,-0.9763470856685827,13.12694158772434,94.08320706803332,68.82550943391314,70.69701612136433,25.523258381868693,8.072009176611488,136322.0,457786.1315704058, 0.0, 0.0,0.0,NaN, 150.34035243338525,150.34035243338525,0.0, 276.29813517413396, 86.32466532157595, 0.4920486716893423, 86.32466532157595, 267.3181015753468, -3.5126639867181093, 0.4920486716893423, -3.5126639867181093, 172.97781382548814, 2.6885966726531865, 3.556804471483785, 31.0, 0.0
9, 0 ,0.3333333432674408,0.3333333432674408,0.3333333432674408,23.40913940958729,84.12475465335318,218.58783739280491,14.316955987100773,18.957823246086015,13.907811946959281,58.0,105.0,69.0,-0.15803766683255144,-0.9872392943230555,-0.019561993933127745,19.069814830506058,0.7595941048812981,-0.10889051049034704,-0.6412173208474108,14.764409912430315,0.6309048198355305,-0.11619566459067207,0.7671099502930651,13.272373050300544,108.99582430372885,76.3440951527809,71.03316679246115,26.263096165614737,8.249321421428531,151826.0,591080.3054164352, 0.0, 0.0,0.0,NaN, 119.38551995013773,119.38551995013773,NaN, 204.97522873658068, 25.794215025377778, -19.795188460252305, 25.794215025377778, 359.39906222983933, 6.541914902209622, -19.795188460252305, 6.541914902209622, 193.42723315198333, 3.308243014326394, 3.916742746551798, 32.0, 0.0
10, 0 ,0.3333333432674408,0.3333333432674408,0.3333333432674408,94.59364464061763,255.23664837044154,46.41975992312328,13.280406048605808,13.231711213196647,17.222543080227272,73.0,76.0,87.0,-0.07348765662383776,0.3349434381210386,0.9393681161204027,17.755235526916195,0.9855092711631749,0.16877573917818564,0.016918224383346905,13.269105597886425,-0.15287589991677927,0.9269992681359112,-0.3424927971507135,12.519816476747417,91.89622818421049,71.62073053162817,65.70672504569819,24.334340419342944,7.476846457642383,122794.0,432460.3092796074, 0.0, 0.0,0.0,NaN, 114.48366419200315,114.48366419200315,NaN, 176.36918481584576, -0.6873602913146868, -10.619564631463277, -0.6873602913146868, 175.07818162943389, 49.92566571977549, -10.619564631463277, 49.92566571977549, 296.61599015028423, 3.746067597430137, 4.069135191594262, 24.0, 0.0
11, 0 ,0.3333333432674408,0.3333333432674408,0.3333333432674408,223.6848556165325,94.05116162825813,132.73354924033364,13.30308923717242,12.483728652217023,13.5910496521465,68.0,59.0,73.0,0.5545241815853441,0.4074107797488008,0.7256165575437061,14.844150124129868,-0.8190583996405004,0.421367949159998,0.3893486732981636,12.582507485995412,-0.14712671414616324,-0.8102255907864009,0.5673519384115839,11.78405734111274,71.57148374834219,61.17670496034624,57.9982532495012,21.88493402461544,6.211437651599565,96029.0,253945.7894408617, 0.0, 0.0,0.0,NaN, 179.688111348053,179.688111348053,1.9073486328125E-6, 176.97218325217267, 11.69439757110842, 26.58284893792718, 11.69439757110842, 155.84348106218422, 27.280707625636268, 26.58284893792718, 27.280707625636268, 184.71663064711151, 3.637667050523411, 4.025091765088743, 23.0, 0.0
12, 0 ,0.3333333432674408,0.3333333432674408,0.3333333432674408,253.56596217396987,33.13379137805493,264.99932786915855,12.419974568996857,14.353007248241886,14.91820080116304,71.0,68.0,66.0,0.24166968033317113,0.5837760367072813,0.7751137365406463,16.225746372710454,0.40952696866563715,-0.7855271201147859,0.46393405296410967,13.373204196906926,-0.8797064439591182,-0.20531118462107734,0.42891011870354934,11.861697376966708,77.97397083105824,70.93858112160405,64.31445056087665,23.124335106936492,6.934149289464692,107122.0,355746.5628832685, 0.0, 0.0,0.0,NaN, 66.92544396210104,66.92544396210104,0.0, 154.25576829452865, 5.022690298189539, 30.207798111276244, 5.022690298189539, 206.00881706808408, 41.56383966859246, 30.207798111276244, 41.56383966859246, 222.55271514382156, 3.333641077123836, 3.6727587180282373, 16.0, 0.0
13, 0 ,0.3333333432674408,0.3333333432674408,0.3333333432674408,49.40615773076218,64.23475330387505,278.8091592172514,15.226727157775043,13.978524082527066,11.623506177914045,79.0,66.0,54.0,-0.8855908144621562,-0.4410214855705112,0.14570160810860908,15.767403290805868,-0.405146498505603,0.8868916793675716,0.2219897831370125,13.557884676434888,0.22712380784256084,-0.1375616164987457,0.9641014353154692,11.398728345596082,75.77716290117874,72.8967334564752,60.15539511683454,22.66589682561966,6.972472475495363,98218.0,332292.84703975584, 0.0, 0.0,0.0,NaN, 83.7623046889616,83.7623046889616,0.0, 231.85321993732404, 26.990105899141014, -20.159868654366715, 26.990105899141014, 195.39913552578915, 2.9828872093489176, -20.159868654366715, 2.9828872093489176, 135.10589586800597, 3.393330404785228, 3.7958108143399403, 19.0, 0.0
14, 0 ,0.3333333432674408,0.3333333432674408,0.3333333432674408,87.65563200815494,282.1328491335372,171.74576962283385,11.568846743195312,10.90892990715991,15.371786311872757,56.0,47.0,71.0,0.07305465297938109,0.09623210394319129,0.9926743674784441,15.43611729328859,-0.8167957146800404,0.5769118261376985,0.0041839386692401875,12.182427490707164,-0.5722829528811638,-0.8111178256166814,0.12074806337363342,10.121735248772648,74.34677574913692,65.43639794006539,54.979346026521284,21.126509435214835,6.542582073503556,78480.0,267473.7049161059, 1.4210854715202004E-14, 0.0,0.0,85.81054455167951, 156.37100918160382,156.37100918160382,0.0, 133.83821496754078, -20.703308095273023, 9.692828361706297, -20.703308095273023, 119.00475171932791, 13.08583850550871, 9.692828361706297, 13.08583850550871, 236.29181441787867, 3.326350331371014, 3.9224556929666834, 16.0, 0.0
15, 0 ,0.3333333432674408,0.3333333432674408,0.3333333432674408,168.48094202213184,271.40590813077335,283.67805836669925,17.239370769853938,14.638739823524531,9.284917818605361,81.0,62.0,40.0,-0.9944795900570105,-0.04941679664858538,0.09256524817140058,17.29923121174782,-0.048000269396670264,0.9986945566646429,0.017468732817792328,14.632376521996306,0.09330765830245484,-0.01292914140245667,0.9955533728558744,9.183053079483633,82.39234503215192,62.40428034560139,43.54368102211163,23.288819898211344,7.438358340942528,95157.0,223885.71427275505, -2.8421709430404007E-14, 0.0,0.0,6.023144574886594, 135.57761791642636,135.57761791642636,0.0, 297.1959045404944, 4.341515751811819, -19.894493743518755, 4.341515751811819, 214.29270362084304, 1.2809251614304027, -19.894493743518755, 1.2809251614304027, 86.20969889825535, 3.1870264380564874, 3.830357453833619, 15.0, 0.0
16, 0 ,0.3333333432674408,0.3333333432674408,0.3333333432674408,199.68852979198496,188.63384651545422,13.177400399576918,16.333001985957576,16.59543854755523,8.119336407855053,89.0,88.0,34.0,-0.1914789225146572,0.9814760176003635,0.006375665295255033,16.605251624540568,0.9803360105788343,0.19156426645147595,-0.047375501910622474,16.337130021966427,-0.04771926859248183,-0.0028211157791008285,-0.9988568029055813,8.09091832204188,86.16448697802488,84.70806945811847,35.9399505376621,23.255395888598883,8.202787345008565,85090.0,262319.49386134633, 0.0, 0.0,0.0,NaN, 150.46080911163432,150.46080911163432,0.0, 266.76695387329414, -1.6870392032073842, -9.61230881666483, -1.6870392032073842, 275.408580585682, -0.512362359275742, -9.61230881666483, -0.512362359275742, 65.92362370392061, 3.549782189329652, 4.040222224724457, 29.0, 0.0
17, 0 ,0.3333333432674408,0.3333333432674408,0.3333333432674408,70.67152693079436,26.97428492741079,26.83380414683086,14.429877525016083,15.82651649140089,13.885496365049804,77.0,62.0,63.0,0.1295838243820893,0.9623375484344712,0.23898634967638743,15.994198217774736,-0.9052983058866192,0.0164940239738516,0.42445603368543117,14.566393115331698,0.4045281322940713,-0.271356573619072,0.8733399109947904,13.546690146434614,74.51074534084167,78.08717355455819,74.5025304838778,24.45632449088716,7.307201334291667,127085.0,433480.56918080477, 0.0, 0.0,-3.552713678800501E-15,76.17327836776848, 80.26287940926123,80.26287940926123,0.0, 208.22136538696427, 8.588193335246546, -8.776469919303509, 8.588193335246546, 250.47862425258432, 16.829011070951267, -8.776469919303509, 16.829011070951267, 192.80700930381133, 3.0508402660099216, 3.441481819153764, 20.0, 0.0
18, 0 ,0.3333333432674408,0.3333333432674408,0.3333333432674408,77.40535181579465,8.460924242153588,268.1470856183348,15.791663664720447,5.5843440029761044,15.848116714547116,65.0,24.0,67.0,0.6903080139236373,0.021777780692069926,0.7231877862498307,16.514311152238765,-0.7234529826214184,0.03392826238625837,0.6895394513351807,15.104927141723813,0.009519866016713868,0.9991869701310047,-0.03917615182029119,5.553651578141398,80.32885261712255,73.9505580458507,24.857015604210204,21.719690285809037,7.744636629932096,55981.0,147659.70767277273, 0.0, 0.0,0.0,NaN, 84.12956604763927,84.12956604763927,0.0, 249.37664129965205, -1.2069504457396152, 22.320757634710876, -1.2069504457396152, 31.18489794357518, 8.425639945519144, 22.320757634710876, 8.425639945519144, 251.16280339790765, 3.692715870649135, 3.9843430102225343, 13.0, 0.0
19, 0 ,0.3333333432674408,0.3333333432674408,0.3333333432674408,261.99903138825624,270.81285723011945,50.425848844210584,14.021821290813852,15.75786555782118,13.380262170402919,70.0,69.0,80.0,-0.13633999350446882,-0.9893517878143919,-0.05093570574427821,15.783585473128701,0.7986100000974423,-0.14018761154010598,0.5852943715046677,14.655328705814215,-0.586202587776244,0.03912126683974741,0.8092194094096412,12.651204888688738,73.78320725972611,77.51000766078528,81.84097556846828,23.87829406918739,7.33350443812595,114597.0,468043.3800159517, 0.0, 0.0,0.0,NaN, 69.56097433302166,69.56097433302166,0.0, 196.61147231152066, 5.887477221502656, 26.19852412560301, 5.887477221502656, 248.31032693836704, -0.0018346526267288851, 26.19852412560301, -0.0018346526267288851, 179.0314157487154, 2.9051115941765517, 3.48006607264356, 27.0, 0.0
20, 0 ,0.3333333432674408,0.3333333432674408,0.3333333432674408,162.45588105315878,99.1669007237766,208.63818044330088,14.948543421749678,12.453027428409749,13.81791256705649,69.0,60.0,67.0,0.9028240522698603,0.1141945184069503,0.4145700696008253,15.271686866767093,-0.4160942923480415,-0.011283443038013406,0.9092514634514428,13.49834793699191,-0.10850931074525832,0.9933943305047661,-0.03732872355942996,12.411355022349428,76.79480032357947,69.4662535509357,63.98575457929268,22.852762731349923,6.871883717011236,101827.0,341341.4182311133, 0.0, 0.0,0.0,NaN, 192.61215156041692,192.61215156041692,0.0, 223.45895043193556, 8.295769309727008, 18.981517923944626, 8.295769309727008, 155.0778921327255, 3.4596926489644284, 18.981517923944626, 3.4596926489644284, 190.9347077108177, 2.8741787945118364, 3.570300073753076, 28.0, 0.0
21, 0 ,0.3333333432674408,0.3333333432674408,0.3333333432674408,142.64596969835677,281.68290840847715,22.630750217421156,14.534691435360818,11.489087142061159,13.167793096281292,79.0,47.0,54.0,-0.9045927185674685,0.045898091718061154,0.42379874786431004,14.882655419955437,0.4173467738398511,0.2977911395707625,0.8585698035446007,12.913229851626802,0.08679679648572698,-0.9535270328468861,0.28853511701355894,11.331470158608049,85.60920034226388,60.481053187596444,52.44443817928129,21.724528239404236,6.685209516602366,87388.0,271543.3820989907, 0.0, 0.0,0.0,NaN, 145.58687911676677,145.58687911676677,0.0, 211.25725512115113, 0.9010713180467154, -21.94656989258745, 0.9010713180467154, 131.99912335787505, 11.615703397774796, -21.94656989258745, 11.615703397774796, 173.39077502647325, 3.2679010521522125, 3.7776093596341367, 15.0, 0.0
22, 0 ,0.3333333432674408,0.3333333432674408,0.3333333432674408,181.25189795499625,280.5311245078019,117.54842838578561,13.114597227803415,12.091328979011507,16.726433022464313,65.0,47.0,87.0,-0.31374637775922565,0.03284090551682417,0.9489387152855553,17.106469829466185,-0.7570710134821431,0.5945291038400682,-0.2708848929568538,13.241359363659129,0.5730677891733976,0.8034031488685864,0.16166845517896652,11.401822255989474,85.10048015743395,70.9489350850345,60.88938225527755,23.256615898642085,7.5562077475551295,102347.0,367637.20844548894, 0.0, 0.0,0.0,NaN, 168.2194455709253,168.2194455709253,0.0, 171.99266044750902, -22.079679139942037, -39.12246604408473, -22.079679139942037, 146.20023647868345, -2.232483791639137, -39.12246604408473, -2.232483791639137, 279.77356165498463, 3.249688578677895, 3.7407132707064044, 25.0, 0.0
23, 0 ,0.3333333432674408,0.3333333432674408,0.3333333432674408,102.01566440992964,31.67400474947269,159.44186320928654,13.333415396665046,13.544392142870338,18.258300815785116,65.0,72.0,87.0,-0.1378162796154403,-0.11960939177890752,0.9832091672026041,18.410409560000453,0.5124270330119406,-0.8581131026014716,-0.032564382110761535,13.588287314782223,0.8475996749123601,0.4993350543892905,0.1795530410394258,13.077130458305604,90.00618007745513,74.00866033461075,68.27126274841714,25.205833264783138,7.698184381240602,135594.0,454771.0484418033, 0.0, -3.552713678800501E-15,0.0,83.13043998661466, 176.5418595686188,176.5418595686188,0.0, 177.7799661400245, -3.225272402081823, -22.98258416638276, -3.225272402081823, 183.45055851984773, -19.36807912267527, -22.98258416638276, -19.36807912267527, 333.3655486796995, 2.955120386004418, 3.453603778232896, 27.0, 0.0
24, 0 ,0.3333333432674408,0.3333333432674408,0.3333333432674408,257.232124256383,8.823291127520196,20.449619221777272,16.777046149895988,5.830945949035791,11.726105624531533,85.0,24.0,42.0,-0.9860707404924063,0.08679440723043022,0.14188455031565544,16.92775789859791,-0.1383660800366775,0.045323410782337606,-0.989343527967075,11.599626436841854,0.0923001768147886,0.9951947142688077,0.03268268733419945,5.645391071144887,86.66202233337285,49.40893037823878,27.674728277045524,19.78362367189556,7.8472285364184895,43201.0,118499.80540283193, 0.0, 0.0,0.0,NaN, 48.21958718465065,48.21958718465065,0.0, 281.46927751573975, -22.440706544449654, -21.575467733524228, -22.440706544449654, 33.9999306605769, -1.4679430305073955, -21.575467733524228, -1.4679430305073955, 137.50155311767006, 5.072888390548428, 4.136450845275092, 12.0, 0.0
25, 0 ,0.3333333432674408,0.3333333432674408,0.3333333432674408,150.0859287842396,93.57538291924243,157.5196414274652,11.538026004335563,12.185571467482465,12.901708183750323,52.0,59.0,60.0,0.24930746387566408,0.40526224082704854,-0.8795500580499803,12.9371201053639,-0.5269033982629665,-0.7052679052492691,-0.47431001541633705,12.791390167121396,0.8125383666971191,-0.5816869415631987,-0.03770549906883909,10.820329528085354,67.82453806374897,68.73754878220066,51.31316105070809,20.33537020689713,5.877158214048101,76191.0,239226.7029669984, 0.0, 0.0,0.0,NaN, 227.00491980555188,227.00491980555188,NaN, 133.12604407672367, 22.3756869975158, 0.6036921365303275, 22.3756869975158, 148.48815198912274, -2.357228026127033, 0.6036921365303275, -2.357228026127033, 166.45407405865004, 3.064448691060535, 3.4591418995404704, 19.0, 0.0
26, 0 ,0.3333333432674408,0.3333333432674408,0.3333333432674408,51.1342549606245,125.10445109299953,282.30040005960774,15.93853095080848,14.490876906007403,10.677550477885358,83.0,66.0,49.0,-0.8748563477065938,-0.4824710860520021,0.042988626417711735,16.477350417019352,0.46923768650058,-0.822139786014342,0.3223385887849543,14.255124531675724,-0.12017638888343853,0.30217184411538733,0.9456478267192513,10.164679749204964,80.49034011666635,71.71755426191939,57.132340368167206,22.877322332357476,7.393273259130371,87237.0,329800.4531713986, 7.105427357601002E-15, -1.4210854715202004E-14,0.0,78.8776760163669, 136.30521469007996,136.30521469007996,0.0, 254.03676886987984, 32.45394349643827, 8.783230905485855, 32.45394349643827, 209.98551350505866, -29.959251754910557, 8.783230905485855, -29.959251754910557, 114.01008420778983, 3.3466200072427252, 3.682312693606773, 20.0, 0.0
27, 0 ,0.3333333432674408,0.3333333432674408,0.3333333432674408,77.51965912926089,209.46843359770503,61.82014638879514,14.036050323807183,12.15462343828088,13.828264953427611,72.0,57.0,71.0,-0.6289748249986529,0.1918492442287706,-0.7533820657586445,14.285025509324093,-0.7510985173014398,-0.40001403228294363,0.5252045232900406,14.01632838278257,0.20060330711504315,-0.8962045756776685,-0.3956964388378013,11.638173228862545,68.09746467930356,76.17234630003165,56.20616442724352,22.18999564359661,6.6008018132791975,94816.0,291549.4495575862, 0.0, 0.0,7.105427357601002E-15,41.115801635112746, 134.26463632059637,134.26463632059637,0.0, 197.01070869244774, 10.050923259511732, 8.446335503831452, 10.050923259511732, 147.73487092640693, -22.73492661426718, 8.446335503831452, -22.73492661426718, 191.22091162219436, 3.1971222821778986, 3.565130905743101, 21.0, 0.0
28, 0 ,0.3333333432674408,0.3333333432674408,0.3333333432674408,186.27397082658024,12.852155591572123,9.601750405186385,15.056242908541867,8.06389532627798,6.106836792241852,64.0,32.0,23.0,-0.9962500441004409,0.08466677772771736,0.017815341115908295,15.097498523569332,-0.08274731279372362,-0.9925294266049755,0.08965611829996527,8.003773157425941,0.025273144942577902,0.08784574020636976,0.9958134333660634,6.084033821121789,63.72878206804822,33.61608491363352,25.244347173596758,16.987705623301125,6.358315155552444,30850.0,54081.271654726996, 0.0, 1.7763568394002505E-15,0.0,85.14313643393314, 114.85199704727384,114.85199704727384,0.0, 226.69045052101723, -13.882704021392879, -3.5891732390481503, -13.882704021392879, 65.02640783316785, -2.1186520713758688, -3.5891732390481503, -2.1186520713758688, 37.293455607078755, 5.13259860839411, 4.237611665708717, 10.0, 0.0
29, 0 ,0.3333333432674408,0.3333333432674408,0.3333333432674408,22.861327080505163,126.68809905796208,58.17109918137315,13.27173391548305,12.914369988549376,13.51892858767962,53.0,65.0,64.0,0.6100455039780593,-0.5459889080078048,0.5742304375497708,14.510913997254349,0.5158431589786938,-0.27643592503734427,-0.8108569631467875,13.020712932602606,-0.6014568300477083,-0.7908724876243919,-0.1130061498670258,12.065476085689793,74.2677544192088,67.69956944259889,60.01264875935573,22.038743678831356,6.322584957284241,97236.0,301737.29649283754, 3.552713678800501E-15, 0.0,0.0,52.40720672863778, 141.26709276675516,141.26709276675516,0.0, 176.13892112338308, -25.06414982416407, 12.743521960607618, -25.06414982416407, 166.7809522011448, -15.004812045202325, 12.743521960607618, -15.004812045202325, 182.76143015878125, 3.7016908690398345, 3.679941805205439, 21.0, 0.0
30, 0 ,0.3333333432674408,0.3333333432674408,0.3333333432674408,234.5930755990997,32.29051370316431,88.57011286905865,13.692456316163703,12.934677312385036,16.641432014107828,68.0,67.0,81.0,0.010853997935462517,-0.11537743824589156,0.9932624212526274,16.68550524194646,0.8817857775765746,-0.4672990679229119,-0.06391731832652064,14.004728302576515,0.47152522010226894,0.8765384349029953,0.09666612097996793,12.537463723486571,79.26390320615332,75.8297233449488,62.972064710374326,24.06323851463444,7.258584491041066,120848.0,378497.3639056343, 0.0, 0.0,-1.4210854715202004E-14,6.654779961036827, 114.74061150454584,114.74061150454584,0.0, 187.48335997005128, -16.199148501698087, -0.8881249962858825, -16.199148501698087, 167.3058771755282, -12.72839039625733, -0.8881249962858825, -12.72839039625733, 276.93725948017294, 3.77853864296017, 3.864933945038698, 23.0, 0.0
31, 0 ,0.3333333432674408,0.3333333432674408,0.3333333432674408,138.97627680879407,272.83069987384096,79.44438856981535,14.452458020992536,15.722377020012651,13.578473284190776,77.0,74.0,70.0,-0.34633051167322476,0.9369979161019834,0.04571741358282714,15.941644701901113,-0.8016092252865725,-0.270269547174797,-0.5332701208631427,14.62544225522957,-0.48731696730118385,-0.2213352143028105,0.8447087641843818,13.13019503947865,87.33665033237574,66.57989632481832,68.52663859508706,24.091720569381522,7.74794287177303,113349.0,398473.1608648614, 0.0, 0.0,0.0,NaN, 162.36990872760774,162.36990872760774,0.0, 208.8735428485515, -17.532252141962065, 16.446717314349765, -17.532252141962065, 247.19313915942186, 9.482728710926498, 16.446717314349765, 9.482728710926498, 184.37493672948264, 2.8557206893973386, 3.4694525520852704, 24.0, 0.0
32, 0 ,0.3333333432674408,0.3333333432674408,0.3333333432674408,8.911113816189896,169.14967741935484,89.8929519172246,5.6011529909102284,11.913236533546076,15.687403066231356,23.0,58.0,75.0,0.08170475253722267,0.1416097180088757,0.986544991968576,15.796096570576314,-0.08798185886335018,-0.9849652587125357,0.1486695383738647,11.867622799889034,-0.9927655946515175,0.09894507008838399,0.06801725649733352,5.388468864787617,77.0137724456858,59.637069195268225,26.54386930477697,19.195178391321978,7.137076503689257,41075.0,121912.69168564587, 0.0, 0.0,0.0,NaN, 159.00301152272695,159.00301152272695,0.0, 31.372914827582594, 12.23991411462116, 16.309535421784187, 12.23991411462116, 141.92520470421692, 14.43009450061853, 16.309535421784187, 14.43009450061853, 246.09461496240493, 4.2773073614187815, 4.153679256006932, 12.0, 0.0
33, 0 ,0.3333333432674408,0.3333333432674408,0.3333333432674408,194.83688828606066,164.29491903830225,182.53961661725342,12.212977840349295,12.726384701998343,12.63342683816275,56.0,59.0,62.0,0.4645907628400168,0.755572512347339,0.46180688785342017,13.515308079786601,-0.506460442976518,-0.20107176442181737,0.8384914819199577,12.484839313408333,-0.7263974413389411,0.6234423182118993,-0.28925150488599355,11.497234615948305,63.77889629579971,64.1275531382335,59.6495141338834,20.879042646332874,5.898029091140298,83311.0,243965.59189703365, 0.0, 0.0,0.0,NaN, 208.01944795763984,208.01944795763984,3.814697265625E-6, 149.1568277288629, 20.13103497511092, 0.7718770655958171, 20.13103497511092, 161.96086758325748, 13.619733525154109, 0.7718770655958171, 13.619733525154109, 159.60347367521084, 3.255051114763763, 3.5551991450843112, 23.0, 0.0
34, 0 ,0.3333333432674408,0.3333333432674408,0.3333333432674408,72.57198776208044,241.3149577071898,184.42558265094934,13.58383675091826,12.996379285424538,11.538541617834138,69.0,63.0,58.0,0.8626068043442835,0.3511503960289239,0.3641468116950539,13.783189920784407,-0.464189564156463,0.8355759328506067,0.29383823605697,13.344152384485099,0.2010908989168234,0.4225000116089567,-0.8837738345092906,10.8867676938533,65.28226964491282,60.064845514247025,50.42245153438536,21.244286797120587,5.936726080426552,88904.0,197714.9760990081, 0.0, -2.8421709430404007E-14,0.0,69.44230537756238, 148.55326836600068,148.55326836600068,0.0, 184.5206208755976, -1.4513995919870286, 14.323306836969243, -1.4513995919870286, 168.90587453061204, 23.756583058027534, 14.323306836969243, 23.756583058027534, 133.13794266649043, 2.8733654638011004, 3.4146778130398223, 26.0, 0.0
35, 0 ,0.3333333432674408,0.3333333432674408,0.3333333432674408,26.745602460336425,173.47757332696085,227.1533138695232,13.099973194831522,14.138837021981589,12.791745141249251,59.0,76.0,64.0,-0.4919644245402721,0.7257701668736053,0.4808624230099677,15.011420654299615,-0.6075738924126665,-0.6817964029806798,0.40744033936409363,13.122933110483785,0.6235583134280868,-0.0917133019734026,0.776378580330405,11.729903252609144,70.28480157203077,68.52451458135586,59.793812904585224,22.184334121672137,6.557444119178279,96247.0,287980.8697418176, 0.0, 2.8421709430404007E-14,0.0,43.46704560574349, 148.42469936770337,148.42469936770337,0.0, 171.60929770530439, -16.99081131972291, -29.32964258527282, -16.99081131972291, 199.90671233415722, 21.007760532664502, -29.32964258527282, 21.007760532664502, 163.6287437586738, 2.8825194007866313, 3.4709919930960464, 24.0, 0.0
36, 0 ,0.3333333432674408,0.3333333432674408,0.3333333432674408,230.85233382452506,82.4574754072245,280.04323151061374,13.93828565895142,15.222517943676428,11.839988801848143,68.0,72.0,50.0,-0.48654995607766016,0.866701808759192,0.10998688528352751,15.856317748714577,0.8695056238075474,0.46813568644324255,0.1575085687998015,13.301187080053154,-0.0850241754319013,-0.17227000253050134,0.9813734945576361,11.740604933187955,73.19751038617633,69.58807827273421,55.86281639615504,22.760574103978623,6.938476845916118,100436.0,284546.98003146355, 0.0, 0.0,0.0,NaN, 109.44819594943957,109.44819594943957,NaN, 194.27580711053085, -31.98910930578136, -0.7260328315152972, -31.98910930578136, 231.72505254555082, 13.70876619719773, -0.7260328315152972, 13.70876619719773, 140.18533482788945, 2.9017521208510106, 3.624968125295285, 16.0, 0.0
37, 0 ,0.3333333432674408,0.3333333432674408,0.3333333432674408,161.32798589912252,145.84512025340706,43.243252908944605,11.880185496436086,12.103937626685878,12.40049676351642,60.0,59.0,58.0,-0.41644268074465257,0.42724571959879243,0.8025189024183279,12.954988422942572,0.5969989473128984,0.7942377617617201,-0.11304262337289145,12.079070432962741,-0.6856877937964909,0.43202716682662917,-0.5858197475011041,11.29959140497403,61.61437200351973,55.63362085108545,52.31721543774867,20.25748416604895,5.572321665579409,78293.0,179334.55256092417, 0.0, 0.0,0.0,NaN, 205.84145723996338,205.84145723996338,0.0, 141.13880742973032, 1.496891893435675, -14.64839119012872, 1.496891893435675, 146.50530607070218, 12.130544043194847, -14.64839119012872, 12.130544043194847, 153.7723199819812, 2.9365078572883245, 3.368490736414545, 19.0, 0.0
38, 0 ,0.3333333432674408,0.3333333432674408,0.3333333432674408,130.9863504670563,168.49993755931865,131.09218742194915,11.757752485356454,14.285228319329502,11.68092661398961,57.0,65.0,56.0,0.17931864580169252,0.9708159342763955,0.15925214291461404,14.447194857078149,0.7362722768316701,-0.025069350931429712,-0.676220867773973,11.932532135879352,-0.652493645667876,0.2385119481261396,-0.7192802603742982,11.298220027575649,69.40273837982838,64.68384158936323,59.16791572395334,20.987877222005128,6.1859152853670585,80076.0,265618.7216469796, 0.0, 0.0,0.0,NaN, 227.23303464428986,227.23303464428986,0.0, 138.24474350690588, 13.841406061146158, -5.021420140214455, 13.841406061146158, 204.0677481353736, 12.783848605538475, -5.021420140214455, 12.783848605538475, 136.4440465614108, 2.803093180186182, 3.3814865802751672, 29.0, 0.0
39, 0 ,0.3333333432674408,0.3333333432674408,0.3333333432674408,248.05312070741758,49.14326493818681,8.235791552197803,12.428951178623413,16.431687636118188,5.564100264486026,60.0,65.0,24.0,0.042365672914946,0.9987922744894665,-0.024882567765852726,16.442766114593383,0.998703351665759,-0.04163200203914092,0.029298323805167666,12.42453880811123,-0.02822702836012525,0.02609154702909339,0.9992609599316814,5.54117998546652,66.0626868306033,60.17969582307714,25.266689515722316,20.082087064372626,7.221369459026937,46592.0,100451.06944712758, 0.0, 0.0,0.0,NaN, 71.98171309099418,71.98171309099418,0.0, 154.4788274006043, 4.99936511156394, 3.365822800229868, 4.99936511156394, 270.00035857095935, -6.106990655282599, 3.365822800229868, -6.106990655282599, 30.959211753253467, 3.6371804488845845, 3.5495104134850886, 13.0, 0.0
40, 0 ,0.3333333432674408,0.3333333432674408,0.3333333432674408,121.56754208916982,206.1697949021646,101.5251809864517,14.514432783665903,12.404936398493975,11.514504206696435,74.0,58.0,60.0,0.9600070601557795,0.18690998366743264,0.20844928029738302,14.685440152738867,-0.2551925078301245,0.8904183917648297,0.3768711604173311,12.557894463423192,-0.11516609048860188,-0.41499366936421267,0.9025059700573717,11.125293136547734,70.50133179715536,67.24521680846394,57.62682574324623,21.35447075353892,6.4126119518163085,82741.0,273201.71245668345, 0.0, 0.0,0.0,NaN, 184.09274035831967,184.09274035831967,0.0, 210.66875903155554, 8.778750573346452, 15.12529490889906, 8.778750573346452, 153.88244705068067, 14.965660704141184, 15.12529490889906, 14.965660704141184, 132.58380712602988, 3.1927774339643102, 3.5374650325404757, 22.0, 0.0
41, 0 ,0.3333333432674408,0.3333333432674408,0.3333333432674408,68.89074589910244,42.571185391519656,90.89240264350866,15.075894060390416,14.57129305021961,12.35492770962383,77.0,68.0,61.0,-0.9224738575174559,0.37824137273533576,0.07730101000732968,15.146094082352194,-0.384558730610064,-0.8826405787611507,-0.27029648801965106,14.68677507529695,-0.034008306462402146,-0.27906822226020306,0.9596688816545471,12.130287445963363,81.49324982472717,72.51245001315434,63.8353592054101,23.356047342511033,6.836991598635468,109854.0,377220.7053117113, 0.0, 0.0,0.0,NaN, 121.73606513471486,121.73606513471486,0.0, 227.28258172011505, -5.431806151173296, 1.2603693677735317, -5.431806151173296, 212.32258115537832, 18.761241387002528, 1.2603693677735317, 18.761241387002528, 152.64423871003072, 2.8412289924115637, 3.3232583468884567, 28.0, 0.0
42, 0 ,0.3333333432674408,0.3333333432674408,0.3333333432674408,280.7324747729307,226.1151959019513,277.1048273450117,11.684946463343685,16.42966679726634,13.13311186434493,49.0,81.0,57.0,0.14895249895336482,0.9432531419221343,0.2967939745169528,16.887344606272144,-0.33228565550973976,-0.23494347829807138,0.9134483045841544,12.829848753785623,-0.9313427919933726,0.23468078800623068,-0.2784340703699246,11.364995612220806,84.95910761605057,71.70145349573428,60.20586487783831,22.870058727825388,7.477363569309378,97217.0,366755.5555535326, 0.0, 0.0,0.0,NaN, 79.71443241900748,79.71443241900748,9.5367431640625E-7, 136.5379738512081, 24.6875856590715, -3.860195751884226, 24.6875856590715, 269.9339510691959, 36.071747107637385, -3.860195751884226, 36.071747107637385, 172.47862724139753, 2.9973437179642186, 3.650561417214981, 14.0, 0.0
43, 0 ,0.3333333432674408,0.3333333432674408,0.3333333432674408,154.25676288519534,278.06522527833835,182.93530758939707,13.305432551981795,13.401776942338945,12.554616115548335,63.0,56.0,63.0,-0.7231310467487071,-0.5417035273562689,0.4285309529986077,15.03307028465143,0.20631513369785748,-0.7614977043709797,-0.6144552968645999,13.015559065526492,0.6591779386746447,-0.35591928114040755,0.6624242677296336,10.902411038153526,74.33521479434847,66.86651448987027,60.12971717178932,21.719109262139984,6.522333882561342,88202.0,298876.96699445945, 0.0, 0.0,0.0,NaN, 188.21893559358287,188.21893559358287,0.0, 177.03453539533677, 34.024884278376526, -39.6053820885813, 34.024884278376526, 179.6076252122078, -1.2199363343437715, -39.6053820885813, -1.2199363343437715, 157.61838580878597, 3.0391884931826474, 3.371351708334446, 18.0, 0.0
44, 0 ,0.3333333432674408,0.3333333432674408,0.3333333432674408,102.0751277046389,82.96825726428284,257.58710909921507,12.691461987732682,12.36337559510735,10.655225373557872,59.0,58.0,51.0,0.9712584584012057,-0.15896790691069954,-0.1771615408505607,12.766805630407973,-0.1549763910885906,-0.9872534274260415,0.03623517960063501,12.352842295279173,0.18066356907044093,0.007737868438089774,0.9835145144850506,10.577147653144321,60.72086704210618,59.920408390209275,51.40546611084494,19.899161447709698,5.611012825777741,72237.0,187034.63236226846, 0.0, 0.0,0.0,NaN, 138.2096839007761,138.2096839007761,0.0, 161.07320738606361, -1.6624545893830858, -9.024035343126789, -1.6624545893830858, 152.85305610569603, -0.017010103347354186, -9.024035343126789, -0.017010103347354186, 113.5338277613115, 2.8788902800247227, 3.2738117826654114, 24.0, 0.0
45, 0 ,0.3333333432674408,0.3333333432674408,0.3333333432674408,125.50200238775294,155.1097610735821,14.287180184673044,12.573944132149725,14.31028856408638,8.560849436123664,62.0,67.0,37.0,6.711275126999903E-4,0.9998481702588725,0.017412237588744297,14.31167524592898,-0.993867940344524,0.002592210040269561,-0.11054319337906365,12.616160435147814,-0.11057154581173059,-0.017231276130696423,0.993718781335903,8.496176812160721,67.05615779787738,63.63032746250576,39.047950930185806,19.99348424797394,6.036320114095656,66171.0,166610.00316525195, -1.4210854715202004E-14, 0.0,0.0,89.96154722312058, 192.21877498600213,192.21877498600213,0.0, 158.10407103842252, -0.1350900446154235, 9.557909788661608, -0.1350900446154235, 204.7843587874214, 2.2842666775281906, 9.557909788661608, 2.2842666775281906, 73.28814306797885, 3.9330898887393637, 3.9719343078376217, 18.0, 0.0
46, 0 ,0.3333333432674408,0.3333333432674408,0.3333333432674408,40.047046795854826,18.963604256703377,161.61164552256145,15.867343516193998,11.304686355082346,15.450641286644949,74.0,50.0,72.0,0.7625776422505176,0.16482312787398062,0.6255467017397496,17.455589040606664,0.5610315164560512,0.3129066488771152,-0.7663765827786739,14.117047374452914,0.32205430766047116,-0.9353730622625025,-0.1461446451670521,10.691221852022839,86.52640882586392,70.69121036484167,58.94986721103508,23.72279488022913,7.451163874645833,107595.0,360576.09248406725, 0.0, 0.0,2.8421709430404007E-14,51.27767483405831, 145.30905305054958,145.30905305054958,0.0, 251.77259026090368, 38.850701568405285, 54.2820005610371, 38.850701568405285, 127.79593358678498, -0.75005154638832, 54.2820005610371, -0.75005154638832, 238.72231616857746, 3.3817746630152716, 3.6289363322096784, 21.0, 0.0
