// Sample: .//bubblelabels.tif, Map: .//bubblelabels.tif, Thickness:(8.191250068658265):/afs/psi.ch/project/tipl/test/LabelValidation/Step3500//distmap.tif, Neighbors:(1.0):
//LACUNA_NUMBER, TRIANGLES, SCALE_X, SCALE_Y, SCALE_Z, POS_X, POS_Y, POS_Z , STD_X, STD_Y, STD_Z,PROJ_X, PROJ_Y, PROJ_Z, PCA1_X, PCA1_Y, PCA1_Z, PCA1_S, PCA2_X, PCA2_Y, PCA2_Z, PCA2_S, PCA3_X, PCA3_Y, PCA3_Z, PCA3_S,PROJ_PCA1, PROJ_PCA2, PROJ_PCA3,OBJ_RADIUS, OBJ_RADIUS_STD, VOLUME, VOLUME_BOX, Mask_Grad_X,Mask_Grad_Y,Mask_Grad_Z,Mask_Angle, Mask_Distance_Mean,Mask_Distance_COV, Mask_Distance_STD, SHAPET_XX, SHAPET_XY, SHAPET_XZ, SHAPET_YX, SHAPET_YY, SHAPET_YZ, SHAPET_ZX, SHAPET_ZY, SHAPET_ZZ, Thickness, Thickness_STD, Neighbors, Neighbors_STD
1, 0 ,1.0,1.0,1.0,78.63685445723944,137.9124664080645,38.409596653574425,15.143441900697624,15.642836700383995,16.039415191163467,86.0,82.0,79.0,-0.11798189798680267,-0.539551951880685,0.833644986171677,16.35095324215972,0.2631932212090477,-0.8264750269121423,-0.49766289614575426,15.351349828820977,-0.9575017493754449,-0.16069449621041046,-0.23951550853889475,15.10852073550138,87.76778064598523,81.31261482715617,86.89899758008067,26.036649843880408,7.306016508080565,164474.0,620165.7968734201, 0.0, 0.0,0.0,NaN, 163.33676984921323,163.33676984921323,0.0, 229.32383259980446, 0.879213697124617, -4.813141354106524, 0.879213697124617, 244.69834003488046, -14.538559510795647, -4.813141354106524, -14.538559510795647, 257.26283967452537, 7.101111590031664, 5.507382084193568, 42.0, 0.0
2, 0 ,1.0,1.0,1.0,56.72019674935843,265.2512917023097,15.73355859709153,14.878313632822845,20.309044295494896,10.387552657417103,95.0,84.0,42.0,0.07783044346818661,-0.9938543877350209,-0.07871389997575026,20.373906207269297,0.9550356092592529,0.09698103023084653,-0.2801814855092514,15.211725371347239,0.2860933538486218,-0.05336792815175231,0.9567144072963658,9.758591294225486,91.53034176822212,99.39649880791517,48.837427363147626,25.755347154829373,8.8535213275781,116900.0,444312.92721117695, 0.0, 0.0,0.0,NaN, 68.35348062660755,68.35348062660755,0.0, 221.3642165566421, -12.130526088187692, -38.39548359151168, -12.130526088187692, 412.45728019637374, 21.32320772157269, -38.39548359151168, 21.32320772157269, 107.90125021061314, 6.742874944281435, 5.275164162811939, 19.0, 0.0
3, 0 ,1.0,1.0,1.0,76.21727481017213,15.763628789456742,255.57956675692563,15.535176739024559,9.51240819767091,17.592571137014243,77.0,39.0,80.0,-0.21251955989561191,-0.022331040632400552,0.9769016128997074,17.69813845639228,-0.9672078723985988,0.14710553187325984,-0.20704804771468235,15.526171561900533,0.13908403298708094,0.9888686905330553,0.0528615611904259,9.329527161199163,86.86543098769667,80.68353442554479,42.20414391793516,24.099132418292655,7.781902205012844,105622.0,295792.384745337, 0.0, 1.7763568394002505E-15,0.0,88.72041925536345, 89.61439539272423,89.61439539272423,0.0, 241.34171631272972, -20.84107020402053, -16.114024327362788, -20.84107020402053, 90.48590971911672, -9.625442960241255, -16.114024327362788, -9.625442960241255, 309.4985592109066, 6.757194546404605, 5.104734274769972, 29.0, 0.0
4, 0 ,1.0,1.0,1.0,155.4483457979465,169.7397280118791,13.994187204606776,15.97604242701424,20.269436261781188,9.521873953694183,81.0,106.0,43.0,0.06698153412604681,-0.9947850587358353,-0.0769165847009729,20.32546240841871,0.9780123305644681,0.08072014622091536,-0.1922918075684246,16.172654124156253,0.19749773505025114,-0.06234536799165411,0.978318812933701,9.05929898251397,109.2158086473274,83.25275101644962,47.74241069876991,25.756934825263848,9.660764462366147,110446.0,434098.65819211834, 0.0, 0.0,1.7763568394002505E-15,85.58864729649399, 195.08653584111556,195.08653584111556,0.0, 255.23393162975907, -7.889428785942073, -35.459990963889574, -7.889428785942073, 410.8500463704101, 22.544799317164554, -35.459990963889574, 22.544799317164554, 90.66608359003968, 7.542931752659634, 5.441897888349643, 28.0, 0.0
5, 0 ,1.0,1.0,1.0,16.26051930101688,163.54935334188963,13.360825352946984,10.250262364142754,14.633729326047044,8.818710618623129,41.0,78.0,38.0,-0.10689232035751457,0.9907363243470857,0.08375898440055975,14.708485060272961,0.9835074182011515,0.11772112826669913,-0.13731312502059287,10.217022562396123,-0.14590130291362072,0.06769986394995225,-0.9869800090322324,8.732496017061967,77.9969615885159,48.2300351458966,40.93037381323161,18.85293761828696,6.44595320009097,50645.0,153971.72462146363, 0.0, 0.0,0.0,NaN, 138.06409785120525,138.06409785120525,0.0, 105.0678785337614, -11.578086049815221, -5.0532476988208845, -11.578086049815221, 214.1460339880093, 11.169792023502877, -5.0532476988208845, 11.169792023502877, 77.76965697501633, 7.40407534022359, 5.1917584348871895, 13.0, 0.0
6, 0 ,1.0,1.0,1.0,189.43663120329242,113.42079260161744,234.0623950728614,13.358840905342868,13.2463411156261,13.510607639659275,73.0,64.0,66.0,0.6087724830686367,-0.39945541221180136,0.6854425121869423,13.94620150616417,0.19139338215416288,-0.7645232508289792,-0.6155264187745961,13.160857531771583,-0.7699120970124035,-0.5059047070314614,0.388967595407862,12.990611789153087,67.6939576378457,68.19556367925003,72.33106287049385,22.318038732630093,6.19401721078143,104239.0,333911.1148853187, 0.0, 0.0,0.0,NaN, 171.57010945261797,171.57010945261797,NaN, 178.45863033426184, -6.910982976333392, 10.216475125948882, -6.910982976333392, 175.46555295152652, -4.952732039648278, 10.216475125948882, -4.952732039648278, 182.53651879281958, 6.367794746894937, 4.813855411473992, 33.0, 0.0
7, 0 ,1.0,1.0,1.0,262.0564602912691,139.63430343321298,125.81348893193358,17.00707841546867,13.713572240063533,13.239368666499967,78.0,81.0,64.0,0.9919991885143928,0.04906294111659948,0.11632041005677166,17.065326635674513,-0.01655331263990867,-0.8628861379595877,0.5051272124503221,13.969874558352515,0.12515429608060558,-0.5030112729613292,-0.8551701944328925,12.891892574113227,79.96033349631057,74.14992362924046,65.21413061704033,24.43554429691358,7.44901586885183,125451.0,386658.0121342408, 0.0, 0.0,1.4210854715202004E-14,83.32020986581121, 191.74588626130262,191.74588626130262,0.0, 289.2407162299003, 6.498594899861756, 14.184423064743498, 6.498594899861756, 188.06206358344116, -11.907673659593653, 14.184423064743498, -11.907673659593653, 175.2808826875011, 5.777203230803219, 4.4923454408577586, 36.0, 0.0
8, 0 ,1.0,1.0,1.0,21.79623445050095,134.26238727466307,190.57726292417033,13.094320960953672,15.617863126159302,13.574088497744896,62.0,76.0,69.0,0.2508042564247527,-0.8809618606697056,0.40125232087129076,16.296479589110515,-0.22572123090663668,-0.4562955683306982,-0.8607231147353708,13.005606214947917,-0.9413538924746738,-0.12530185300758925,0.31329266629725744,12.841874029281698,79.89422165892343,67.92862973090311,75.21844781274704,23.40512150991206,7.199656638116695,109891.0,408218.4142700313, 0.0, 0.0,0.0,NaN, 174.5703292718409,174.5703292718409,2.6973983046972182E-6, 171.4612414284707, -21.805176257798532, 10.952371635511577, -21.805176257798532, 243.91764862744637, -33.92051941610738, 10.952371635511577, -33.92051941610738, 184.25587854461028, 6.043220866493259, 4.5549440213945225, 29.0, 0.0
9, 0 ,1.0,1.0,1.0,47.212604855532376,249.64152500998625,213.63406861657273,13.222840225422553,14.854773234035202,13.835502984075596,61.0,74.0,74.0,-0.07131357251592864,-0.8322006244811179,-0.5498695254223973,15.817084131190311,-0.7581143202627764,-0.3130312826580466,0.5720787476300504,14.406165837740762,-0.6482106538676483,0.45766094075275343,-0.608579831675172,11.36710911913775,81.84730867131464,72.25022847921056,62.74024888250558,23.257531988625026,6.7835197414048,112655.0,371013.63057829277, 0.0, 0.0,-2.8421709430404007E-14,56.64193767074301, 110.56256221837185,110.56256221837185,0.0, 174.84350362705277, 25.767092756520142, -29.226688362127884, 25.767092756520142, 220.66428783460864, 41.32903312779344, -29.226688362127884, 41.32903312779344, 191.42114282236471, 6.809775968617994, 4.941220307398835, 33.0, 0.0
10, 0 ,1.0,1.0,1.0,29.568487206344457,11.167903636091575,72.63606164896005,17.07602948850454,7.2454611562309825,13.597687907732931,72.0,30.0,62.0,-0.9746267550239103,0.030650111262073246,-0.22172789421086764,17.252908189558354,0.22153258518600177,-0.009670366944348405,-0.975105018807702,13.381609079803422,-0.03203126741747896,-0.9994833939004611,0.0026349999707350955,7.22871387819629,76.65018128560814,65.00810903441095,31.5053701176911,21.717666128081017,7.57149819018933,66830.0,156987.58395943904, -3.552713678800501E-15, 0.0,0.0,12.934457753182459, 79.21499201015114,79.21499201015114,0.0, 291.5907830922765, -7.602618508789265, 25.639394670547773, -7.602618508789265, 52.49670736645201, -0.471992335223551, 25.639394670547773, -0.471992335223551, 184.8971164361064, 5.994370966462983, 4.38852466326098, 21.0, 0.0
11, 0 ,1.0,1.0,1.0,137.62657394280538,19.6870737456693,246.2091487915978,15.729103029090469,12.750163818263635,14.569042321167668,71.0,53.0,64.0,-0.8224090243641076,0.17379627605857362,0.5416994102568777,16.427878700924595,0.5609729738895529,0.4061128209517206,0.72137486733608,14.207977606515065,0.09461881002204575,-0.8971439299726702,0.4314858626921677,12.267295030639447,87.64153340518837,79.28896730980301,61.79506263925333,23.904192834462815,7.128668780417308,119207.0,429414.30289476423, 0.0, 0.0,0.0,NaN, 149.07082344183377,149.07082344183377,NaN, 247.40468209974298, -5.35908891433834, -32.39539407536456, -5.35908891433834, 162.56667739255911, 26.292179799617312, -32.39539407536456, 26.292179799617312, 212.2569941559746, 7.087272458487905, 4.74596251148944, 24.0, 0.0
12, 0 ,1.0,1.0,1.0,222.09733191592045,25.710332548538783,271.0627661725287,17.25543244674373,14.151247453468107,16.07887755162079,86.0,62.0,71.0,-0.9619448886699261,0.24476094095145484,-0.12146650956688525,17.381631393979454,-0.22001627920146372,-0.43021093586311643,0.8755063606565775,16.803887670296596,0.16203353988649172,0.8689134781140985,0.46769060232541837,13.116642328786767,88.25905854156011,81.7657002058306,74.60822265214253,26.277424063326812,8.126194763201,153331.0,538414.9928915345, 0.0, 0.0,0.0,NaN, 86.98971431129354,86.98971431129354,0.0, 297.7499489241362, -20.183087587991913, -6.052825080113076, -20.183087587991913, 200.25780448928757, -45.42108406289081, -6.052825080113076, -45.42108406289081, 258.53030332001487, 6.013315270421515, 4.423496893119732, 29.0, 0.0
13, 0 ,1.0,1.0,1.0,162.15367412888722,256.50975318471336,280.05159938179094,14.84849332953358,13.079087199052688,11.618960922627805,73.0,62.0,51.0,-0.9028814661352926,0.4260874576204886,0.05704854571233564,15.358361343944598,-0.3628799269121774,-0.8265524553763168,0.43026642578243757,12.739324885143247,0.23048474299527255,0.3677778092407009,0.900897478227414,11.330086819560448,85.82236044461465,74.35747061366882,65.51311595812189,21.894749350143496,6.8673488285938795,85408.0,418074.1536595643, 0.0, 0.0,0.0,NaN, 145.9141864639766,145.9141864639766,0.0, 220.47775415720324, -31.185375029848764, -10.833578141228179, -31.185375029848764, 171.06252196042388, -9.449787868642343, -10.833578141228179, -9.449787868642343, 135.00025292155198, 6.36388494649015, 4.831141770721317, 27.0, 0.0
14, 0 ,1.0,1.0,1.0,40.23889323388589,84.3593842397421,38.343904393109895,12.601043240994525,12.62380514369087,15.944541987731093,64.0,62.0,76.0,0.11265576493755529,0.04651587460526562,0.9925446851583261,15.985468360100702,-0.6798970581873393,-0.7248365639176272,0.11113930842095635,13.123097292978125,-0.7246024212590902,0.687348695363419,0.05003101125971827,12.02598374408759,78.27886156807654,72.18983023928573,68.5863107095828,22.909461567295377,6.894326432837364,104846.0,387576.97080789885, 0.0, 0.0,0.0,NaN, 101.02439924149249,101.02439924149249,0.0, 158.7862907614138, 14.178638221269011, 10.316704754266278, 14.178638221269011, 159.36045630587608, 2.8979520674857455, 10.316704754266278, 2.8979520674857455, 254.22841919851976, 5.819784281470321, 4.4155039925283575, 31.0, 0.0
15, 0 ,1.0,1.0,1.0,188.32746720998344,281.9366229466446,59.33883866038457,13.795666835864244,10.89642237307046,13.013183199867001,69.0,49.0,68.0,-0.9250571768842568,-0.08369707574178778,0.3704915910074112,13.950375556276777,-0.37610164039627936,0.06554619900193664,-0.9242571351564598,12.876044309036873,-0.053073303893361484,0.9943331912938804,0.09211258928708317,10.862314935701805,76.85877877890442,70.889277241451,53.2309975402832,20.927263584206333,6.3596399150422895,78530.0,290027.1353121256, 0.0, 0.0,0.0,NaN, 127.74246726861102,127.74246726861102,0.0, 190.32042344616457, 4.754078750848189, -9.643824971226923, 4.754078750848189, 118.73202053235046, -5.271967400830941, -9.643824971226923, -5.271967400830941, 169.34293699330075, 6.170848468843955, 4.666283548891468, 30.0, 0.0
16, 0 ,1.0,1.0,1.0,275.6362465007478,204.9290639260651,209.52657130804923,15.535581121298518,16.21537012891757,13.960318311356687,68.0,89.0,76.0,0.5529251916202538,0.713490006428685,-0.4303553685015442,16.647810150112118,-0.6854015153048922,0.6831646463212376,0.2520135489106405,15.883079514513739,-0.47381272174717215,-0.15562158186823752,-0.8667660745364716,13.029243987664737,109.21117352116863,91.5141895785533,72.99544985864719,25.162823105100255,8.124981841829698,130385.0,729543.6829475089, 0.0, 0.0,0.0,NaN, 133.48227099440598,133.48227099440598,0.0, 241.35428077644693, 3.730295999427948, -39.80569679028802, 3.730295999427948, 262.9382284177922, -18.768406963775625, -39.80569679028802, -18.768406963775625, 194.89048735440082, 6.089800289693948, 4.869046209989502, 38.0, 0.0
17, 0 ,1.0,1.0,1.0,87.11600003589665,269.38409419281885,38.29548330356902,14.214730761677737,14.870538163853892,13.381457048574866,73.0,63.0,71.0,0.40319784343619436,0.7216036043446566,-0.5627785863420911,15.948856262515,0.8091829884440512,-0.5683471254829838,-0.14901153031891295,14.345759640530105,0.4273808491979452,0.395309730656899,0.813065696353507,11.9200684941929,78.16767468718163,79.51361866846784,58.537604628195936,23.51946803588507,7.0063893669708035,111431.0,363834.3162266583, 0.0, 0.0,0.0,NaN, 99.96536996431549,99.96536996431549,0.0, 202.05857062698735, 3.36586047386838, -33.15945667885806, 3.36586047386838, 221.1329052826351, -40.20057870244989, -33.15945667885806, -40.20057870244989, 179.06339274285395, 5.639369153103802, 4.111967883951706, 22.0, 0.0
18, 0 ,1.0,1.0,1.0,53.42749892159292,187.893223932377,46.52526225942344,15.954117550830585,11.905239136630994,14.80077155740264,86.0,58.0,84.0,-0.9052933206461872,-0.18470778492275997,0.3825271726065053,16.49273924182748,0.3120918038479364,0.3216899104887062,0.8939319367047528,14.683462280304285,-0.288171319815732,0.9286542067307378,-0.23357794150339464,11.301190741885335,87.13393828493071,80.26918198927888,63.73543819488853,23.64070613147932,7.5132175547897235,108957.0,445776.4865495526, -7.105427357601002E-15, 0.0,0.0,25.137182566180467, 132.61608842671055,132.61608842671055,0.0, 254.5338668257205, 32.951591200692086, -25.44921566105553, 32.951591200692086, 141.7347189003703, 15.078442882294096, -25.44921566105553, 15.078442882294096, 219.06283869441899, 5.3893749629824725, 4.150372715600472, 36.0, 0.0
19, 0 ,1.0,1.0,1.0,73.23082714951829,61.210279949924704,159.48721809967887,15.931922865256524,13.563856655309568,12.615966952715956,74.0,64.0,61.0,-0.9412157864970466,0.33681085529528115,0.025909284127632652,16.249998173488084,-0.33149487779431236,-0.9061543629083648,-0.2626697861922228,13.228436355082266,-0.06499222449554448,-0.25581774437555177,0.9645378646884346,12.566345000176552,75.17737544428354,65.13305550386137,64.85258074861112,23.417772199529125,6.969572505773005,110234.0,317552.7477775378, 0.0, 0.0,0.0,NaN, 169.86257473003872,169.86257473003872,0.0, 253.82616618448367, -28.52047075608061, -1.1014955870808767, -28.52047075608061, 183.97820736578566, 4.991330120012323, -1.1014955870808767, 4.991330120012323, 159.16262215202113, 5.75158258803293, 4.230120510616318, 38.0, 0.0
20, 0 ,1.0,1.0,1.0,282.5863704320972,102.52879831376681,165.36724590083577,11.01948191419368,15.078476943938849,13.357735107946926,43.0,73.0,68.0,-0.3152592962408409,0.901263549902896,0.29721303765171697,15.690524761615837,-0.05586048718433824,-0.33026392337093485,0.9422342314367307,13.175534553080618,-0.9473601121565435,-0.2804456356160111,-0.15446379303472174,10.364905101635717,78.3364425492172,65.6747128681452,52.78796698237056,21.808044406683493,7.185244253073936,81602.0,271579.4874698504, 0.0, 0.0,0.0,NaN, 170.12162547636098,170.12162547636098,NaN, 121.42898165724162, -38.205858563704474, -16.484244860531792, -38.205858563704474, 227.36046694889544, 16.58047562722779, -16.484244860531792, 16.58047562722779, 178.4290872140779, 5.986946384844054, 4.452898802585139, 26.0, 0.0
21, 0 ,1.0,1.0,1.0,12.611901190841902,249.40443448562496,79.73214188908365,7.7541039508780605,12.22202205391491,14.484462182668183,30.0,73.0,79.0,-0.05031509663189404,-0.14175259319197986,0.9886225737733647,14.54444203392373,0.06755080700411692,-0.9880925872520175,-0.13823866134590335,12.183125558491456,0.9964463254606419,0.059826761076995305,0.05929147607388807,7.702873063761007,85.29379479407197,68.50832024836475,32.81098364651125,19.315512146551217,6.79813109648168,55339.0,191725.55629537097, 0.0, 2.8421709430404007E-14,0.0,81.8507260278936, 95.26901779481062,95.26901779481062,0.0, 60.12612808102275, -4.861146037193186, -8.40312959482735, -4.861146037193186, 149.37782308638245, -9.160575139044486, -8.40312959482735, -9.160575139044486, 209.79964472114474, 7.7893235605665065, 5.063643267119017, 25.0, 0.0
22, 0 ,1.0,1.0,1.0,270.09127326513004,209.65661592505856,287.72613398249723,18.159984183163644,14.755742697261528,7.517501900621365,79.0,77.0,33.0,-0.9212948164787755,0.3655253152903819,0.13269176693075724,18.91848554262763,0.3549201362694599,0.9298344868670824,-0.09715721230612612,14.014973110018657,0.1588948016764784,0.04241545608026216,0.9863839876466447,7.049910382780019,94.17805870167676,93.95722407374134,39.23697818889002,22.88506423072429,8.961229718182688,64904.0,347196.600630639, 0.0, 0.0,0.0,NaN, 95.95366990391308,95.95366990391308,0.0, 329.7850255327537, -55.37151474084871, -42.73715977000216, -55.37151474084871, 217.7319425477869, 1.6942152728323918, -42.73715977000216, 1.6942152728323918, 56.512834825845836, 5.5466948535569305, 4.288787181251272, 16.0, 0.0
23, 0 ,1.0,1.0,1.0,238.63149994521748,92.64857017639969,181.2441547058179,13.365516249904475,12.179205375945429,14.504265516074414,66.0,67.0,80.0,-0.14635821377748007,0.24692088409565566,0.9579192817024225,14.646329150392576,0.9336961751393804,-0.2854079005774473,0.21622623064296692,13.507065728769392,0.3267885031483773,0.9260520543065565,-0.18877729451565206,11.848544391349005,88.449858639187,71.7258118535419,62.85400249942356,22.105731117565323,6.977136814954977,91270.0,398754.46063176304, 0.0, 0.0,0.0,NaN, 162.64317122535707,162.64317122535707,NaN, 178.63702462646057, -13.885281464414954, -1.902523773191924, -13.885281464414954, 148.33304358945804, 14.938076719503796, -1.902523773191924, 14.938076719503796, 210.3737181607854, 5.324756597031295, 4.157124009366047, 35.0, 0.0
24, 0 ,1.0,1.0,1.0,133.65726530034001,140.87670003777862,173.91907111824707,12.817925700700906,12.273741986055647,12.968450277266998,61.0,61.0,62.0,-0.31089751179864694,0.5848459913328395,0.7491981737693426,13.608403446668598,-0.8994302403060971,0.07373516157352697,-0.43079968520258083,12.865569534791756,0.30719371735165235,0.8077860436833713,-0.5031040922612727,11.507090873936692,75.9373441650452,60.85753894265025,64.19476695098018,21.10665430641341,6.13464002142611,84704.0,296667.1204755994, 0.0, 0.0,0.0,NaN, 231.53166048898228,231.53166048898228,0.0, 164.2992192686888, -11.791845971893272, 0.536498319250895, -11.791845971893272, 150.64474234026522, 22.07267400310474, 0.536498319250895, 22.07267400310474, 168.18070259394645, 5.15255540960145, 3.99274610574207, 29.0, 0.0
25, 0 ,1.0,1.0,1.0,127.63916915099195,278.38178657784596,61.577418697015894,13.838783968584604,12.633071547783707,15.303700865273516,65.0,54.0,71.0,-0.5991270327224336,0.17232472957595663,0.7818893695643812,16.85861636549535,0.41221479738169337,-0.7708002868831634,0.4857426052555016,13.184866572498787,-0.686386013465296,-0.6133278938034743,-0.39077248521590213,11.280782168839458,75.34177781701564,71.3841628519809,67.8791831792283,23.109423784024713,7.1599043991242075,102979.0,365068.48393093963, 0.0, 0.0,0.0,NaN, 143.355792162399,143.355792162399,0.0, 191.51194172915424, -31.006511758129225, -64.1989655760551, -31.006511758129225, 159.59449673142225, 3.706408165821288, -64.1989655760551, 3.706408165821288, 234.20326017377334, 6.129310133039485, 4.26490072969264, 28.0, 0.0
26, 0 ,1.0,1.0,1.0,273.30833690133954,62.70334577038351,238.93740697698126,14.930260413866336,13.392618022046554,11.979908762013828,63.0,64.0,58.0,-0.9868755099583393,-0.06236920268620824,-0.14895237628434743,15.00495296263848,0.02152289897072438,-0.9649756756495113,0.2614549869952088,13.49114546492151,0.16004215902181249,-0.25481763667583035,-0.9536532280523045,11.774272295552723,65.74507854977566,64.76676569168689,59.78822113998197,22.398436486528638,6.641020284222227,98094.0,254583.99113144973, 0.0, -7.105427357601002E-15,0.0,86.4241870847921, 91.50297654430418,91.50297654430418,0.0, 222.9126760258642, 4.42415034384348, 12.96159998138739, 4.42415034384348, 179.36221748444615, -10.140319050806745, 12.96159998138739, -10.140319050806745, 143.5182139461757, 5.392741351275509, 4.098778133682048, 24.0, 0.0
27, 0 ,1.0,1.0,1.0,198.8011646680558,175.00914899195496,191.28153504353705,12.724072623064913,10.68947382614614,12.753155303988477,66.0,50.0,60.0,0.6915595206292767,0.2069910146304233,0.6920261189357467,13.709893842130455,-0.6974689148103583,-0.05778189576079445,0.7142817129085337,11.831494533052073,-0.18783647755498695,0.9766350251678239,-0.10441017821639059,10.529216160589305,70.8991617632231,61.49006723299905,48.83626637875392,20.10219045466086,5.891670724788774,72467.0,212906.30480621848, 0.0, 0.0,2.8421709430404007E-14,46.20929149604422, 194.12269761866315,194.12269761866315,0.0, 161.90202411703, 12.209706871059655, 22.38956543588657, 12.209706871059655, 114.2648506798634, 9.841739581687307, 22.38956543588657, 9.841739581687307, 162.64297020764943, 5.684921854245194, 4.185653270429674, 34.0, 0.0
28, 0 ,1.0,1.0,1.0,33.86486939985458,174.52938083785446,205.12424632250125,12.528955499394609,12.718835415634851,14.879588291598877,64.0,71.0,80.0,0.41571602059030516,-0.017945037956877116,0.9093174175376205,15.447952381195742,0.31479672677351883,0.9408456357730923,-0.12534955308817097,12.845597174715582,-0.8532779213346845,0.3383599640315797,0.3967736429039971,11.683195128754459,79.23534439084261,70.63386027389168,69.07353656202459,22.14553890878811,7.051294519633378,89395.0,386583.74081508245, 0.0, 0.0,0.0,NaN, 160.90716046302845,160.90716046302845,0.0, 156.9747259058104, 7.682654740436071, 37.48648017871061, 7.682654740436071, 161.76877433000735, -5.029317444667436, 37.48648017871061, -5.029317444667436, 221.40214772748638, 5.709002634924099, 4.099634088472604, 37.0, 0.0
29, 0 ,1.0,1.0,1.0,103.39343944569615,228.42917363180464,155.46310293868257,13.275455707384818,13.196666323809938,12.823099795233565,67.0,80.0,71.0,-0.705322281065474,0.694201201026549,0.14354501846422246,15.63778662498623,-0.09943873641455014,0.10360237658161792,-0.9896355315301277,12.757250217483906,-0.7018777796261073,-0.7122859257769578,-0.004042574326807845,10.369851060605612,87.91881603741925,71.81399474719628,60.1887071450829,21.576661756725745,7.019208081764118,82554.0,380019.54302096716, 0.0, 0.0,0.0,NaN, 191.58157823640317,191.58157823640317,0.0, 176.23772423873615, -67.65210116482491, -8.437829583647247, -67.65210116482491, 174.1520020619793, 7.991608678955406, -8.437829583647247, 7.991608678955406, 164.4318883585191, 5.434984930738142, 4.058275598551441, 33.0, 0.0
30, 0 ,1.0,1.0,1.0,51.51389227064903,20.562995427860294,164.32761139517896,12.197733119002441,11.294676029105213,12.772581938856122,59.0,44.0,60.0,-0.5063386449826961,-0.09351118453204094,0.8572495756572305,13.172996020605439,-0.7453612199947797,0.5473799558923863,-0.3805415031440631,12.153008455574586,-0.43365634818941684,-0.831643458613524,-0.3468592357431978,10.875192437354496,66.34983649345011,66.33096141123087,58.22644917942735,20.140842784228038,5.817190143931503,73926.0,256257.42356591788, 0.0, 0.0,0.0,NaN, 146.572558507982,146.572558507982,0.0, 148.78469324240902, -9.389229720320452, -15.638854488310564, -9.389229720320452, 127.56970660244392, -10.559034524624106, -15.638854488310564, -10.559034524624106, 163.13884938479362, 5.553685503505646, 4.059303379760538, 20.0, 0.0
31, 0 ,1.0,1.0,1.0,188.63910277041916,61.23981827634869,59.50677131044044,12.487259433770356,13.76400414713402,11.403492229087265,63.0,67.0,59.0,-0.4754115163077453,0.8506752654670436,0.22435570615552938,14.377779934100111,-0.8046365749274554,-0.5235533383456051,0.2800926350266728,12.015849535261212,0.3557300555912919,-0.04736554264175378,0.9333877184317722,11.149793606162143,69.3919187669235,57.50531682822674,60.91784172916962,20.925288351588836,6.12791977348915,80782.0,243086.81599957417, 0.0, -7.105427357601002E-15,-7.105427357601002E-15,45.52502310361754, 140.33039801158742,140.33039801158742,0.0, 155.93164816628675, -24.873515609557998, -13.310769592426968, -24.873515609557998, 189.4478101623225, 12.784795120235025, -13.310769592426968, 12.784795120235025, 130.03963501885363, 5.365832174137673, 3.9119902275109846, 33.0, 0.0
32, 0 ,1.0,1.0,1.0,81.87446751007066,205.7036975071106,189.2708974144477,12.93086275920172,13.46985756950109,10.162123134943322,65.0,68.0,49.0,0.3070908570543279,0.9477823041829107,0.08604597254590389,13.559692729317376,0.9516063558754723,-0.304683020210415,-0.04016964840353604,12.863998936110644,0.011855335129892326,-0.09421762612798147,0.9954810344530755,10.127452083715218,66.21745279501229,64.52607386964245,50.357184717027764,20.443312250217907,5.829580215571787,77701.0,215163.77432905455, 0.0, 0.0,2.8421709430404007E-14,85.06382493678878, 166.90163346501402,166.90163346501402,0.0, 167.2072116973099, 5.420687835219062, -0.2567877713218939, 5.420687835219062, 181.43706294264578, 7.40028920056179, -0.2567877713218939, 7.40028920056179, 103.26874660975028, 5.802855970590244, 4.105629661329088, 21.0, 0.0
33, 0 ,1.0,1.0,1.0,286.10784943768647,77.12460408537984,283.61386274959835,9.446951795212742,14.203141532339464,10.231510669416423,43.0,69.0,46.0,-0.27341851749388657,0.9612571417918239,0.03502886874648304,14.533542372559973,-0.49844549661398607,-0.1727348236686662,0.8495379730167403,10.951049873361772,0.822675149251928,0.21481943125883157,0.5263631928212211,8.03172403430723,72.24367599473987,62.39732314499423,47.50755164681425,18.70843814475403,6.756647124944129,43570.0,214155.11122483772, 0.0, 0.0,0.0,NaN, 80.06061389073642,80.06061389073642,NaN, 89.24489822107324, -33.78917866874453, -24.87136885610432, -33.78917866874453, 201.7292293876662, -3.1919821176859084, -24.87136885610432, -3.1919821176859084, 104.68381057838211, 5.600340475514446, 4.221999973104199, 11.0, 0.0
34, 0 ,1.0,1.0,1.0,62.965994205765966,38.40269043244771,30.567022328999435,12.36275455975155,15.077997567280255,15.906002994754552,62.0,73.0,68.0,-0.35036741253493875,0.4431132547764061,0.8251626019609906,16.7957785622445,0.013306672380669148,0.8832736794542951,-0.46866890194829985,14.708955043041863,0.9365178101369593,0.15322614210614122,0.3153666765394577,11.607459077788267,86.50836188324672,78.8758996427274,62.36834739878883,24.01439629657128,7.516209997327788,113216.0,425565.73275165656, -7.105427357601002E-15, 0.0,0.0,69.49021065245877, 79.83624435575935,79.83624435575935,NaN, 152.83770030465774, -21.91946934916431, -43.11374685586275, -21.91946934916431, 227.34601063890926, 20.09487956647981, -43.11374685586275, 20.09487956647981, 253.00093126914075, 5.704317282280664, 4.077074392224539, 26.0, 0.0
35, 0 ,1.0,1.0,1.0,120.62196929535102,234.42287593720584,75.14492204827489,11.46732830264147,12.95831639320649,14.83379002556899,58.0,68.0,77.0,-0.11145014736844466,0.08856273387766475,0.9898158954167517,14.877276523656787,-0.2948605248342421,0.9482212214475642,-0.11804145920381881,13.105360971063362,-0.9490185116982852,-0.30501337243570986,-0.07956574067629404,11.24166650130024,75.61578530335157,69.01367161058175,57.00164456103332,21.86313318687425,6.439123847441234,92429.0,297464.3917831372, -1.4210854715202004E-14, 0.0,0.0,83.60108304038367, 156.51446574255368,156.51446574255368,0.0, 131.4996184005621, -13.623919893951982, -8.896009679983882, -13.623919893951982, 167.91796374644403, 3.245275582567417, -8.896009679983882, 3.245275582567417, 220.04132652267003, 5.776609043312635, 4.263278352244317, 34.0, 0.0
36, 0 ,1.0,1.0,1.0,24.042751463175513,188.1153705225839,125.79279850265897,12.38469569625383,13.254737760456537,15.09524839017797,54.0,72.0,78.0,0.00865604942208252,-0.14657308800796987,0.989161969891792,15.13606288698018,0.5302032639067433,0.8393731968544107,0.1197377774348753,13.711379704647124,-0.8478263806647204,0.5234204488498857,0.08497918553825909,11.825098368505163,77.05579170761354,83.72692933759294,63.54704081927939,22.607519065532227,6.770182143046889,100979.0,409982.9371954615, 0.0, 0.0,-1.4210854715202004E-14,8.443175758502278, 170.05896732118916,170.05896732118916,0.0, 153.38068748880815, 21.323789554798587, 3.822354042563556, 21.323789554798587, 175.6880730984724, -8.101190371819659, 3.822354042563556, -8.101190371819659, 227.8665239611706, 5.892227449925004, 4.166018551074388, 25.0, 0.0
37, 0 ,1.0,1.0,1.0,213.87091857022932,132.7883731719171,201.61279989396016,12.986451427294428,13.91229782174304,14.038926215846079,75.0,64.0,65.0,0.48011553346980246,0.520575210905299,0.7060386138958051,16.095404498747317,-0.4816569351324195,0.829133740937718,-0.28380246030904915,13.101679719693943,-0.7331409628167359,-0.20381042522287385,0.6488186489386847,11.33910680753069,79.62157498201793,71.23048692195212,60.126823254396484,22.593852168765444,6.9863613436689125,90532.0,341008.2893294713, 0.0, 0.0,0.0,NaN, 186.36258171179725,186.36258171179725,0.0, 168.64792067347747, 15.409545010460755, 50.12105310344299, 15.409545010460755, 193.55203068087613, 37.82304194283074, 50.12105310344299, 37.82304194283074, 197.0914492939703, 5.154644477354826, 3.7911460388299725, 34.0, 0.0
38, 0 ,1.0,1.0,1.0,106.92460275463768,210.60532482651226,279.4463813253103,11.444840196032416,12.40893046095917,11.419850165885933,55.0,59.0,45.0,0.27869847308433376,-0.9145822085790276,0.29302993848951503,12.576596388363864,0.6867515823282434,0.4030794262447262,0.6048960574411741,11.515511252782066,-0.6713415116541767,0.03265516634363358,0.7404283995370214,11.16248735632731,68.46194682317713,65.16203741756215,58.437704186680875,19.535129814770386,5.810129364220725,66143.0,260697.60742839248, 0.0, 0.0,0.0,NaN, 140.87842228047205,140.87842228047205,0.0, 130.98436711271933, -6.340508369595915, 6.067280039751495, -6.340508369595915, 153.98155518492032, -7.044664068802415, 6.067280039751495, -7.044664068802415, 130.41297781128497, 5.320868781525701, 3.9988494692894028, 27.0, 0.0
39, 0 ,1.0,1.0,1.0,223.26305529003372,228.76863963374754,165.63826281632038,13.603468279464096,13.270348233962437,11.860462150338831,70.0,69.0,58.0,0.843530269308779,0.4244009815244977,0.329151168372378,13.84724575452143,0.48519857220826784,-0.864957888224978,-0.12818033048968572,13.281697334241388,-0.23030204143019917,-0.26782766563301375,0.9355369106746418,11.561892355325282,75.1583322920713,72.09723923906564,60.30685948350319,21.347840992408862,6.789457921179207,79508.0,326785.2778634066, 0.0, 0.0,0.0,NaN, 170.3394898491349,170.3394898491349,0.0, 185.05434923038584, 2.8572206829522973, 13.465496971331977, 2.8572206829522973, 176.10214225062998, 12.848830866154403, 13.465496971331977, 12.848830866154403, 140.67056241962, 4.986448702523063, 3.9442735934455744, 41.0, 0.0
40, 0 ,1.0,1.0,1.0,26.97275848850392,284.008278483284,123.4322836379652,14.445843127336017,10.517439987707847,22.740226323133218,63.0,50.0,112.0,0.056329724137805494,-0.012656395320962308,0.9983319978023536,22.763032012936243,0.994319951610039,-0.08972911413646548,-0.0572408936556333,14.439706693615406,-0.09030390915552375,-0.9958857874946127,-0.007530090136659997,10.476452880739568,110.01063258145382,63.655475911365095,52.345617791432886,27.15263869158854,9.957461165671658,122607.0,366564.8020301206, 0.0, -5.6843418860808015E-14,0.0,89.27482260303691, 127.35302706112034,127.35302706112034,0.0, 208.68238365960124, -9.101497874230839, 17.346283877355056, -9.101497874230839, 110.61654389503603, -4.653052173958711, 17.346283877355056, -4.653052173958711, 517.1178932273209, 5.550611851941555, 4.041355124183778, 24.0, 0.0
41, 0 ,1.0,1.0,1.0,120.6925753783816,89.6770587534263,212.0657609343344,16.02313667803959,12.43400643422819,11.967587782226031,81.0,69.0,67.0,0.9442132819619553,0.019697905219281192,0.32874499341679025,16.502205832008144,0.10399656099961987,-0.9649678827536201,-0.24087694068600302,12.517622574663841,0.3124835891161095,0.261627555475275,-0.9131840059643764,11.205128740498886,81.05743937556414,62.83613902985398,62.32814314230937,22.312278111571324,7.531986976013814,83910.0,317458.2083142239, 0.0, 0.0,0.0,NaN, 174.18697717736944,174.18697717736944,0.0, 256.7409090031377, -0.3948586866477694, 44.77757560555435, -0.3948586866477694, 154.604516006428, 8.187605646509223, 44.77757560555435, 8.187605646509223, 143.22315732528577, 5.532347210867728, 4.133282515957787, 39.0, 0.0
42, 0 ,1.0,1.0,1.0,278.7701171080197,227.6059850186137,40.80835430827895,12.635947619533136,17.40786966024681,18.79370889652723,58.0,101.0,88.0,0.1206344045861191,0.6025791379441577,0.7888889167332928,20.834373981536242,0.19573493310024379,-0.7935298477189777,0.5761928641898809,15.139184727725208,-0.9732087013556728,-0.08490443624199799,0.21367278795399494,12.354697042681005,108.06465718658657,82.06908258472177,64.9473343511577,26.884381708500154,9.650627574972916,132698.0,576002.793500839, 0.0, 0.0,0.0,NaN, 85.77250791531289,85.77250791531289,0.0, 159.66717224358513, 8.56698347369829, 35.41724704346759, 8.56698347369829, 303.0339261081414, 98.780469977003, 35.41724704346759, 98.780469977003, 353.2034940874068, 5.740054501193773, 4.297350144230912, 26.0, 0.0
43, 0 ,1.0,1.0,1.0,59.26073563006207,108.66258624270255,157.9101114521079,11.746746229262222,12.497761912691121,13.976353187423426,57.0,67.0,77.0,0.2611763896971158,0.20576582925442632,0.9431051462991907,14.130689976738005,-0.4628400023279652,-0.8306876976810285,0.30941409335458736,12.888730266042169,-0.8470926901525173,0.5173184439323913,0.1217193569550058,11.123074266187595,78.2859085425215,62.07227762440627,56.402280425215906,21.248932553338253,6.164528657120146,86674.0,274080.37567423505, 0.0, 0.0,0.0,NaN, 188.43813006905282,188.43813006905282,0.0, 137.98604697468622, 20.382285500855893, 12.637069839788245, 20.382285500855893, 156.19405282631283, 3.8424234420574392, 12.637069839788245, 3.8424234420574392, 195.33844841960095, 5.464202285373049, 4.07970808921376, 31.0, 0.0
44, 0 ,1.0,1.0,1.0,283.60423882566386,263.89062757710707,246.66804799604157,10.029055357035235,18.613041652206334,13.94133940007797,44.0,85.0,69.0,-0.03210029056391009,0.8981180955484167,0.4385811872324188,19.868922907424434,0.1985593414398204,-0.4243307294268803,0.8834690826458144,12.178222727680131,-0.9795630450730046,-0.1154440059619254,0.16470859787748054,9.914888242600169,95.1027283009177,64.01891606884197,49.36562020046409,23.961394275101803,8.199987778195378,97008.0,300556.33783889306, 0.0, 0.0,0.0,NaN, 66.46055120004328,66.46055120004328,0.0, 100.58195135447713, -12.760246846235715, 4.597906344466498, -12.760246846235715, 346.4453195467679, 98.03280130750066, 4.597906344466498, 98.03280130750066, 194.36094426816638, 5.800471469236447, 4.295492850714827, 18.0, 0.0
45, 0 ,1.0,1.0,1.0,166.9035740416074,156.83398445588702,253.667540965502,13.168363980329563,11.262491280331297,11.975019894166026,60.0,57.0,64.0,-0.9988734083356711,0.03984629788257599,0.025771819201074582,13.171781793354498,-0.03034198960215819,-0.11871046811461461,-0.9924652076657355,11.984431630085552,0.036486679581216756,0.9921290729058703,-0.11978574584680585,11.248474746191658,59.85508904253706,66.89172041584456,58.647496502267614,20.191492798908993,5.996185435361988,72439.0,234813.426032679, 0.0, 0.0,0.0,NaN, 200.89266629187466,200.89266629187466,0.0, 173.40580991844107, -1.8077916395259914, -0.6941871968961926, -1.8077916395259914, 126.84370983953849, 2.062698928079125, -0.6941871968961926, 2.062698928079125, 143.4011014656721, 5.409922705805298, 4.042447079379476, 26.0, 0.0
46, 0 ,1.0,1.0,1.0,79.17283009409627,281.8391695299364,122.93362087871921,13.355366114246284,11.294469413296325,17.48928279644118,68.0,51.0,81.0,-0.37345738818865504,-0.047340320747600084,0.926438596583078,18.214224880863725,-0.850389762810584,0.41648861607428217,-0.32151902585615005,12.642276145582482,0.37063031515820016,0.9079075540560521,0.1957984749013375,10.96452105454217,86.61870535707762,68.393833392089,60.010594308027066,23.42919349681547,7.929612108801118,95753.0,355513.8808137324, 0.0, 0.0,1.4210854715202004E-14,22.113707424271734, 147.34594643499256,147.34594643499256,0.0, 178.3658040455579, -10.287817786919724, -62.359743213495676, -10.287817786919724, 127.56503932788624, -14.581237543133732, -62.359743213495676, -14.581237543133732, 305.87501273389347, 5.263912351645884, 3.84792417362139, 20.0, 0.0
47, 0 ,1.0,1.0,1.0,283.60536915072,147.0008816055593,175.37086207194594,10.164807265894845,10.648784813590188,13.344701754985813,41.0,52.0,66.0,0.047020953670433935,0.21866617117981008,0.9746661661807516,13.468031204202049,-0.6079639159525707,-0.7679390808665592,0.20161707511379,10.974094847005247,-0.7925710736681841,0.6020420862858232,-0.09683191377369035,9.64273651304607,66.07133676324742,62.187717895266644,51.78808106551561,18.988388701213598,5.851673625561607,57849.0,212788.19592892315, 0.0, 0.0,0.0,NaN, 193.41785112596446,193.41785112596446,0.0, 103.32330675278865, 13.72405964101904, 0.6870889771725638, 13.72405964101904, 113.39661800614901, 14.591731681348866, 0.6870889771725638, 14.591731681348866, 178.08106492952143, 6.022340662652623, 4.246842282441148, 15.0, 0.0
48, 0 ,1.0,1.0,1.0,182.0877400295421,236.32766406414856,212.59102482942956,10.928290219497388,12.317759557449406,12.900140361735184,56.0,62.0,67.0,0.3979329854585423,0.2080172312677876,-0.8935201008257936,13.56937594503082,0.3945580552954305,-0.9180841943881053,-0.038017798676838466,12.554465771351186,0.828235039155879,0.3374170172211663,0.4474108586121172,9.789064033275004,71.59581908781664,64.37254442013587,49.87713367100753,20.05142616009839,5.958914157401935,71085.0,229873.98526946144, 0.0, 0.0,0.0,NaN, 159.993113461918,159.993113461918,0.0, 119.42752712156228, -15.072851385919707, -32.32367196822329, -15.072851385919707, 151.7272005151362, -14.255864814336215, -32.32367196822329, -14.255864814336215, 166.4136213524692, 5.53646977523665, 3.9504598351024076, 28.0, 0.0
49, 0 ,1.0,1.0,1.0,123.14593968184039,176.39451026213212,201.8872458410351,17.44950401200177,10.381821795651536,14.323009718908501,83.0,53.0,71.0,0.9350720241249345,0.05083714973641354,0.3507932352619916,17.966055114135077,0.31451741654871035,0.33738826014456547,-0.8872699457347512,14.116291946068456,0.16345979440346323,-0.9399918862007797,-0.2994931543295722,9.765612464085498,88.33812365917498,74.95911201428635,46.04363307559592,23.683013042127218,7.518704324279902,104413.0,304889.30329980055, 0.0, 0.0,0.0,NaN, 200.17330511863747,200.17330511863747,NaN, 304.4851902648659, 21.83590599470991, 45.599744743224335, 21.83590599470991, 107.78222379666529, -27.048168625400017, 45.599744743224335, -27.048168625400017, 205.1486074079474, 5.6280252469551515, 4.063862992166369, 26.0, 0.0
