// Sample: .//bubblelabels.tif, Map: .//bubblelabels.tif, Thickness:(8.191250068658265):/gpfs/home/mader/Foam/NewValid/InSilicoTest/LatticeData_OldFoam/out_Step_07000.vtk/distmap.tif, Neighbors:(1.0):
//LACUNA_NUMBER, TRIANGLES, SCALE_X, SCALE_Y, SCALE_Z, POS_X, POS_Y, POS_Z , STD_X, STD_Y, STD_Z,PROJ_X, PROJ_Y, PROJ_Z, PCA1_X, PCA1_Y, PCA1_Z, PCA1_S, PCA2_X, PCA2_Y, PCA2_Z, PCA2_S, PCA3_X, PCA3_Y, PCA3_Z, PCA3_S,PROJ_PCA1, PROJ_PCA2, PROJ_PCA3,OBJ_RADIUS, OBJ_RADIUS_STD, VOLUME, VOLUME_BOX, Mask_Grad_X,Mask_Grad_Y,Mask_Grad_Z,Mask_Angle, Mask_Distance_Mean,Mask_Distance_COV, Mask_Distance_STD, SHAPET_XX, SHAPET_XY, SHAPET_XZ, SHAPET_YX, SHAPET_YY, SHAPET_YZ, SHAPET_ZX, SHAPET_ZY, SHAPET_ZZ, Thickness, Thickness_STD, Neighbors, Neighbors_STD
1, 0 ,1.0,1.0,1.0,79.00255723515971,136.1284140602539,39.8596395660266,18.4332708222648,17.543814795848228,19.156267576095352,99.0,93.0,88.0,0.4447492188487199,-0.41113278485304483,0.7957185215592466,19.827740229508926,0.8403077955047421,-0.1159279338041816,-0.5295691862050262,18.211220893283556,-0.30996925839091494,-0.9041739585847806,-0.29391922609743176,17.02191673144037,99.85573691691965,93.37728837063158,93.64799628303021,30.64097233366171,8.698523592702815,264348.0,873198.0730525822, 0.0, 0.0,0.0,NaN, 162.36114076523415,162.36114076523415,0.0, 339.7854732069587, -22.98760651831946, 17.943664728514392, -22.98760651831946, 307.78543759102314, -31.252312575501055, 17.943664728514392, -31.252312575501055, 366.9625874469621, 7.6858907122365245, 6.210913803274146, 46.0, 0.0
2, 0 ,1.0,1.0,1.0,57.58659292330246,262.1447791030852,13.542780035983208,21.25249874183753,21.313737996030355,9.036976694235006,113.0,95.0,38.0,0.7013810806554376,0.7113202758214727,-0.045695129979841966,22.823736607824877,0.7109990612612137,-0.7027203152547126,-0.025777769763700543,19.650541379285322,0.05044714644341749,0.014409154506125437,0.9986227824770147,8.974650336643238,114.33143201291082,109.82003944896734,40.92404737428819,29.459931311408294,10.941824575200824,150070.0,513837.5250960791, 0.0, 0.0,-1.7763568394002505E-15,87.3809499190199, 70.23275820278873,70.23275820278873,0.0, 451.66870277180584, 67.02007793400001, -19.715019168172212, 67.02007793400001, 454.27542736342804, -8.778210047590166, -19.715019168172212, -8.778210047590166, 81.66694777214666, 7.499892835176952, 5.883090528698479, 25.0, 0.0
3, 0 ,1.0,1.0,1.0,260.6307941526631,140.64699826297402,127.16601284228194,18.53328686755132,17.19507689868879,15.799781180872555,92.0,92.0,81.0,0.934045507082392,0.26137930958162275,-0.24339237297382854,18.73483903874355,-0.33080320590788037,0.8900428776871516,-0.3136764492904149,17.358726786357984,-0.13464111430118736,-0.3735030554105392,-0.9178056645819563,15.377479883881303,104.53679115970061,87.78642555269607,83.15318942001085,28.55771518446352,8.558234658677478,204948.0,763089.4381862084, 0.0, 0.0,0.0,NaN, 193.6561574328026,193.6561574328026,0.0, 343.4827221149501, 8.864487892356369, -19.306532097166983, 8.864487892356369, 295.67066955182094, -25.393521619628352, -19.306532097166983, -25.393521619628352, 249.63308536345457, 6.367737862160099, 5.504382764143299, 45.0, 0.0
4, 0 ,1.0,1.0,1.0,78.66260472794094,17.23633475566076,261.5652116360918,17.526588668326667,10.807376182236604,17.933344027728896,83.0,46.0,81.0,-0.6454726769819967,0.2082350563360637,0.7348490896656346,19.09652789912442,0.7414061511404078,-0.06035977876646423,0.6683364543090788,16.61312636310977,-0.18352640769345152,-0.9762145555255672,0.11542616366819618,10.242664348268047,112.41056073609053,92.09272848345631,50.952140958860184,25.860321913027423,8.765230679482528,128428.0,527466.5115373476, 0.0, 0.0,0.0,NaN, 89.23076585445116,89.23076585445116,0.0, 307.18131034871675, -42.57124130798967, -38.4396145279567, -42.57124130798967, 116.79937994437503, 32.84799028577361, -38.4396145279567, 32.84799028577361, 321.6048280168797, 7.291268128037896, 5.839838019850857, 21.0, 0.0
5, 0 ,1.0,1.0,1.0,188.62903792235906,113.32772011030703,236.6560850216181,15.685792571802255,15.43418688963389,16.759051919312174,77.0,92.0,85.0,-0.19177868332188597,-0.13175095574384302,0.9725546885825533,16.799494256798052,-0.7610557146738948,-0.6057305644714422,-0.23213074425270566,16.040626090594596,-0.6196895479072815,0.7846860320699557,-0.015896392319556814,15.019964784296258,86.4948591104133,85.6583191369497,79.24367481907218,26.611210967693317,7.547680810492936,173697.0,587116.7231544367, 0.0, 0.0,0.0,NaN, 171.05295935553966,171.05295935553966,NaN, 246.04408860560682, 16.045324014276094, -4.96050111189033, 16.045324014276094, 238.21412494414665, -2.797849034643025, -4.96050111189033, -2.797849034643025, 280.8658212342011, 6.847623265182079, 5.6676305820995, 39.0, 0.0
6, 0 ,1.0,1.0,1.0,277.2973406810081,206.1147716069668,208.26296165221567,13.755000681142226,16.717631022124422,17.11832156561871,56.0,89.0,84.0,-0.20202762788558387,0.5769850544530846,0.7913741747799806,17.88104461931677,-0.1173826896506243,-0.816476480042582,0.5653206715729229,16.107248180266023,-0.9723199790919186,-0.021316765116845205,-0.23267886406728902,13.510772122101915,91.44002685766145,85.46846144570041,63.52748155000444,26.425959310005176,7.9614595709671105,158236.0,496482.41390510654, 0.0, 0.0,0.0,NaN, 133.2123532386883,133.2123532386883,0.0, 189.2000437382231, -8.6215589632434, -27.03714923112791, -8.6215589632434, 279.4791869918968, 27.14687778655933, -27.03714923112791, 27.14687778655933, 293.0369332239266, 8.162396889403222, 6.017973755328788, 33.0, 0.0
7, 0 ,1.0,1.0,1.0,264.0935161319301,279.7539129172915,28.152508758715527,18.143519447334977,11.95880084351738,16.731103802279677,77.0,52.0,72.0,-0.9247767705452503,0.10287710404775449,0.3663389497755394,18.483256340057437,-0.3580250828409299,0.09079509422081242,-0.9292869798518535,16.453013348938928,0.12886413277806585,0.9905415449783928,0.047132610315742354,11.823605067861322,88.873233180478,84.01266715808747,58.271763734181604,26.13531640521576,8.311154335749064,144713.0,435084.8045584824, 0.0, 0.0,0.0,NaN, 49.91736546872378,49.91736546872378,0.0, 329.1872979358226, -23.45735838182941, -24.824562416864385, -23.45735838182941, 143.012917614912, -3.438321768497285, -24.824562416864385, -3.438321768497285, 279.92983444265747, 6.911260890717313, 5.699463289842912, 17.0, 0.0
8, 0 ,1.0,1.0,1.0,276.5710158232975,206.40152292487983,285.41572608953936,13.432095897692339,16.871492306124164,8.654136774121984,54.0,95.0,38.0,0.06927124018293533,0.9894788829846171,-0.1270158864513906,16.988653793472135,0.9969864850309816,-0.07312221606468881,-0.025905408380437117,13.417628162063847,0.034920537640281815,0.12483862241030795,0.9915623401509407,8.444846531213974,94.76247752555093,56.948090702000286,43.41862523306412,21.964351007272384,7.584841526028239,74068.0,234310.44182834463, 0.0, -2.8421709430404007E-14,0.0,8.318596598827899, 97.58223842395354,97.58223842395354,0.0, 180.42120020480337, 6.968501774249747, -4.719794232745154, 6.968501774249747, 284.64725263560683, -27.10408940301872, -4.719794232745154, -27.10408940301872, 74.89408330521046, 6.788342578345952, 5.628988041844786, 16.0, 0.0
9, 0 ,1.0,1.0,1.0,155.2564549766532,179.49874499381724,14.954865917354152,17.050701081126178,16.168174990438896,9.457769570512271,82.0,79.0,40.0,-0.7895703646671002,-0.6136581842482927,-0.0015073634435320985,18.314559642626598,-0.6132824426070742,0.7889959951239757,0.03701304186672166,14.727137596349847,-0.021524052345295343,0.030148840498692035,-0.9993136457525343,9.448492919144886,89.13221928598946,74.44169268715817,41.34206708065802,24.122415050303783,7.726240176767678,108366.0,274310.951852142, 0.0, 0.0,0.0,NaN, 188.93092467512233,188.93092467512233,0.0, 290.7264073579174, 57.51590330801897, -2.603821112795408, 57.51590330801897, 261.4098825214538, 3.9544355403425833, -2.603821112795408, 3.9544355403425833, 89.44940524890787, 8.789964047410002, 5.952592040857184, 17.0, 0.0
10, 0 ,1.0,1.0,1.0,44.61546157713775,256.3936597579494,213.88725806369698,16.91291863846376,20.435216548952944,14.431613126808099,84.0,88.0,80.0,0.24401412037363218,-0.9618204343667723,-0.12392966187638411,20.693744264678575,0.9106714781226458,0.2711945156494214,-0.3116584566726712,16.968774394098155,0.33336851679814916,-0.03681014420222065,0.9420777278397012,13.990925401346242,95.043482568878,89.65167569489336,80.67228995488404,28.828114017458155,8.992007112549325,196901.0,687393.0513679995, 0.0, 0.0,-2.8421709430404007E-14,82.88105068463501, 106.33652545026501,106.33652545026501,NaN, 286.04681687129494, -31.79482408808041, -33.196648917218106, -31.79482408808041, 417.59807540260033, 19.91958828531508, -33.196648917218106, 19.91958828531508, 208.2714574418598, 7.535824458289814, 5.489850387650635, 33.0, 0.0
11, 0 ,1.0,1.0,1.0,14.277625691468273,168.87886797439916,12.448071440708366,9.131492460324544,17.875654153117956,8.16763095481721,35.0,87.0,33.0,0.030817371184136997,-0.9987030887318475,0.04052690699727644,17.893845773307486,0.9810246416457682,0.02245713013294865,-0.1925781134760242,9.155704059608965,0.19141823872633387,0.045692645618945996,0.9804444094487202,8.100415296938882,87.36378206782493,40.558963449849664,38.056428756711234,20.215311431141533,7.8086199235775435,52967.0,134848.5576404322, 0.0, 0.0,1.7763568394002505E-15,87.67734317593205, 132.48228689773475,132.48228689773475,0.0, 83.38415455296399, -7.43390702821642, -3.1223948974950058, -7.43390702821642, 319.5390114018833, -10.382430072241563, -3.1223948974950058, -10.382430072241563, 66.71019541408828, 9.110567605875023, 5.723301471704036, 11.0, 0.0
12, 0 ,1.0,1.0,1.0,22.800518151793426,131.54154113901103,188.97544382403933,14.610647542051248,16.4542250064032,16.218478438433575,65.0,76.0,77.0,-0.4983366354000569,-0.02341951979001139,-0.8666672509740727,16.932095901178137,0.1922936071156769,0.9717515583064431,-0.13682864316889548,16.605760307179846,-0.8453897127837507,0.23484129752197438,0.47975597807385706,13.594279606920113,88.94015769027638,79.54683969431987,68.37030509542369,26.1135254386955,8.083030012310365,151693.0,483713.6503546455, 0.0, 0.0,0.0,NaN, 173.6360928703633,173.6360928703633,NaN, 213.47102159804817, 18.183627687938657, 41.613172197237176, 18.183627687938657, 270.7415205613444, -10.024521627610504, 41.613172197237176, -10.024521627610504, 263.03904285793476, 6.624298348807638, 5.154921778618306, 26.0, 0.0
13, 0 ,1.0,1.0,1.0,123.23724346196383,234.84739836160026,78.0086754392355,14.567230935418955,15.22266584525747,16.35063505904014,78.0,77.0,78.0,-0.13820881006100216,0.534756730277096,0.8336267535563328,17.12880244534057,0.9296140810927549,-0.2203000173969559,0.2954413013933127,14.530952163865784,0.34163721263292607,0.8157837591900503,-0.4666699831638576,14.378198614431753,82.18203890441475,71.56510437014933,72.93307566831001,25.611422725855718,7.438552638353108,151001.0,428946.12548107305, 0.0, 2.8421709430404007E-14,0.0,57.672585034806005, 159.74239612619857,159.74239612619857,0.0, 212.20421712582703, -7.309482711412274, -8.772039846988594, -7.309482711412274, 231.72955543636832, 38.345990477853114, -8.772039846988594, 38.345990477853114, 267.3432668339126, 6.443286502115815, 5.0981942845574375, 33.0, 0.0
14, 0 ,1.0,1.0,1.0,191.55302521277275,279.22863473475394,59.92319383118961,16.415448583484938,12.272670789425522,14.910478288601691,75.0,55.0,83.0,-0.9568913026589551,0.017357759966718136,0.2899271340605877,16.556136932159024,0.2875103947280793,0.19817882319758873,0.9370501197691206,14.852053081723696,0.04119232718543977,-0.9800121745187436,0.19462612870858584,12.153954600819441,76.67825121848493,78.24133347862609,59.92719805752125,24.301928889080905,7.198889884393169,125016.0,359527.7488470394, 0.0, 0.0,0.0,NaN, 125.6303510876814,125.6303510876814,0.0, 269.4669521970377, 2.052504322193193, -15.432759422049639, 2.052504322193193, 150.61844830561847, 14.167301391206639, -15.432759422049639, 14.167301391206639, 222.32236279486244, 7.029069028419304, 5.557767843747316, 30.0, 0.0
15, 0 ,1.0,1.0,1.0,174.54102475691332,99.36855389283498,11.690931659885525,15.674391057493963,15.890877410272124,7.5670435960040106,82.0,77.0,30.0,-0.6109852028048618,0.7824194741790577,0.12048588456275296,16.270031445155123,0.7867414270929183,0.617037754954146,-0.017387807709581985,15.381954033902469,0.08794889907952322,-0.08416754354568205,0.9925627515498382,7.358548467459067,80.45267221632858,85.39368892780533,34.19897107727671,22.194276635967523,7.929738538025422,72505.0,234952.07703716774, 0.0, 1.4210854715202004E-14,-1.7763568394002505E-15,56.69195437430255, 160.47037687646528,160.47037687646528,0.0, 245.6865350232467, -12.086990739317939, -17.9967612747029, -12.086990739317939, 252.51998486829686, 17.892571880347855, -17.9967612747029, 17.892571880347855, 57.26014878382531, 7.0800073572265125, 5.246082205164763, 24.0, 0.0
16, 0 ,1.0,1.0,1.0,220.2910622586506,30.034619945902683,262.367411916599,14.278235089361754,16.781252112133497,17.27485569654631,75.0,72.0,79.0,0.2738547420603835,0.42091692666624686,-0.8647731038237034,17.775697038853494,-0.11172434705905575,0.9069818328712179,0.40608081106572047,16.559946030563182,-0.9552597816956747,0.014590945391137936,-0.2954079446922921,13.917321628183153,94.65241493768404,87.40050082482546,71.33207481673338,26.851402205468716,7.931031373942246,171173.0,590106.6062241428, 0.0, 0.0,0.0,NaN, 93.12252593762727,93.12252593762727,0.0, 203.86799726708125, 5.934365612890102, -32.61349159336247, 5.934365612890102, 281.6104224509849, -14.847419178362017, -32.61349159336247, -14.847419178362017, 298.4206393364985, 7.733383335286604, 5.559273528521703, 34.0, 0.0
17, 0 ,1.0,1.0,1.0,158.33429769289233,254.6317617541537,279.6124010101258,18.2595296006256,15.515385649191717,10.974103931900462,87.0,84.0,47.0,-0.8871244176148353,0.43513672696854006,-0.15383854040728911,19.11163454353791,0.457196659667374,0.8741095089098221,-0.16402372030418155,14.756125357487925,-0.06309898620845439,0.21584391415218251,0.9743869470918267,10.562706078262801,92.61988252940239,75.33072486446423,51.38504959568343,25.010565493664306,8.309042295867075,122361.0,358519.80562485335, 0.0, 2.8421709430404007E-14,0.0,64.20600565447646, 150.14360607188652,150.14360607188652,0.0, 333.4104212361225, -55.496369060023255, 26.659235677060387, -55.496369060023255, 240.7271918431443, -32.20424347043361, 26.659235677060387, -32.20424347043361, 120.43095710815318, 7.279674823048811, 5.485977043014366, 30.0, 0.0
18, 0 ,1.0,1.0,1.0,234.4233932427283,243.27541915407087,10.724596722977264,15.266342974339606,14.375839486934606,7.1528853930068195,70.0,71.0,30.0,-0.9747697282725025,0.1995486290111272,-0.10002160518273481,15.357196839220993,0.20391677432981195,0.9783467672872925,-0.03543377040943885,14.350877407934085,-0.09078505378351596,0.05493584984583225,0.9943541252548008,7.00703796718946,70.95496482902041,68.0403160131392,33.25157886111579,20.980019817328962,7.122396132925626,62984.0,160531.9135593516, 0.0, -2.8421709430404007E-14,0.0,78.48943466591689, 87.3669640128046,87.3669640128046,0.0, 233.06122781016828, -5.032890933913543, 17.073942258166458, -5.032890933913543, 206.6647609541082, -9.164685941723059, 17.073942258166458, -9.164685941723059, 51.16376944549032, 6.837854252352877, 5.139587463393945, 12.0, 0.0
19, 0 ,1.0,1.0,1.0,272.7764146644996,66.94625600990146,238.6291168250039,15.083577761708504,16.142476157318193,14.626996583518691,68.0,83.0,78.0,0.4534280286562664,-0.8754294120648616,0.16741077420722442,16.523390847669873,-0.6892134011322403,-0.4634807443014287,-0.5569295174090916,14.858324489672775,0.5651441502206508,0.13714570410174748,-0.8135128427491568,14.430891583408522,86.41018653437317,78.11536747202962,73.80173954566607,25.430093472466407,7.439975108759305,147049.0,498159.04628479603, 0.0, 0.0,0.0,NaN, 94.81197231331895,94.81197231331895,0.0, 227.51431809350734, -21.711708307478517, 9.722147739681839, -21.711708307478517, 260.57953648958636, -6.261192457833761, 9.722147739681839, -6.261192457833761, 213.94902905426747, 5.986718483097098, 4.891921955243481, 31.0, 0.0
20, 0 ,1.0,1.0,1.0,278.07656255404515,206.91202310539242,12.381654041714226,13.012795629082653,14.196035960376776,7.818154877281192,54.0,75.0,32.0,0.14852175996633332,-0.9888195371967836,0.013312012411382834,14.221609849901235,0.9844589228149138,0.14911562900631797,0.09276399342497796,13.022013031934874,-0.0937118781510755,-6.72342165974412E-4,0.9955991321055929,7.756082943796399,71.4173343014256,57.05772746390733,33.19668752380106,19.744756360920867,6.490641648220276,57822.0,135273.54040772037, 0.0, 0.0,0.0,NaN, 96.43295032604979,96.43295032604979,0.0, 169.33285008427262, -4.80651873486859, 10.27306937769926, -4.80651873486859, 201.52743698831057, -0.3569493599288185, 10.27306937769926, -0.3569493599288185, 61.1235456851557, 7.463270280269102, 5.557519345915849, 12.0, 0.0
21, 0 ,1.0,1.0,1.0,40.56925932053431,85.45893785830917,36.62155357823638,13.519007230149015,13.819065796437627,17.45439348207751,63.0,71.0,81.0,0.2686903974115139,0.0326552024204266,0.9626728977662784,17.749348983293906,-0.11261595706712094,-0.9915059987658866,0.06506535656643905,13.825135000620543,0.9566206753738388,-0.12589476623808654,-0.26273064397050927,13.122966154271067,83.51585395278792,72.10368002445053,62.07921333705298,24.99392243766036,7.32733437086453,139021.0,373828.63234916807, 0.0, 0.0,0.0,NaN, 101.44078592051004,101.44078592051004,0.0, 182.76355648882134, 3.3660174853530482, 36.80515800758085, 3.3660174853530482, 190.9665794862723, 3.2692372994105154, 36.80515800758085, 3.2692372994105154, 304.6558518271899, 6.776227321098153, 4.929954229512982, 22.0, 0.0
22, 0 ,1.0,1.0,1.0,69.89803997371168,63.736490509142925,159.8201724204585,14.6641610396991,14.39815893015089,14.336203457660487,72.0,68.0,71.0,-0.6985783967278141,0.5779832059824045,0.4218099539217848,14.83206540293299,0.7010411586857406,0.43481377706644514,0.5652240910486444,14.521464960742385,0.14328125297383162,0.6905594781592052,-0.7089415276810461,14.035961685349488,78.31029440300614,76.8259259008471,79.43081638254696,24.110453163675867,6.823296666401187,129335.0,477876.5128778911, 0.0, 0.0,0.0,NaN, 169.1107928986753,169.1107928986753,NaN, 215.03761899822896, -5.053062973332311, -1.2781952780872559, -5.053062973332311, 207.30698057788385, 9.010471227909385, -1.2781952780872559, 9.010471227909385, 205.52672957943648, 6.867498336347977, 5.099623013934252, 31.0, 0.0
23, 0 ,1.0,1.0,1.0,66.12695293884762,42.26009369707545,34.75214264243348,14.733786490322256,13.35548148876154,16.441871457841042,77.0,68.0,75.0,-0.12516435486601218,0.06056160077908421,0.9902859065855927,16.487384277413536,0.9209840481152636,0.3782707565269462,0.09327174209670006,14.95216664139238,-0.36894751305327445,0.923711820465455,-0.10312228345123506,13.053250920447077,78.93479765158608,79.83805855031522,63.73324276195548,24.778973965606095,7.196591998087964,136397.0,401646.95940013794, 0.0, 0.0,0.0,NaN, 85.8277393533245,85.8277393533245,0.0, 217.0844643424026, 17.75791415897303, -8.00588797404932, 17.75791415897303, 178.3688857966522, 7.960372937946068, -8.00588797404932, 7.960372937946068, 270.33513703616796, 6.409832620010771, 4.926804484594304, 23.0, 0.0
24, 0 ,1.0,1.0,1.0,28.089188950524616,283.53643420809686,133.9048945547376,15.02956033365212,10.612016071831444,20.090140274989523,64.0,47.0,109.0,0.13646716399399159,-0.06755340775996077,0.9883386313665238,20.207650796669178,0.9896623794167735,-0.035119364498818854,-0.1390503685875322,14.921334094576594,-0.04410315089159107,-0.9970973710411715,-0.06206242618700926,10.541391906117319,106.50070634300518,66.01689573974318,50.6348395372662,25.773571164019206,8.822660293450248,124567.0,356005.76038103754, 0.0, 0.0,0.0,NaN, 137.8062854887178,137.8062854887178,0.0, 225.8876838228892, -6.616301139563004, 24.74156575575292, -6.616301139563004, 112.61488510880888, -19.300014160544805, 24.74156575575292, -19.300014160544805, 403.6137362687561, 6.714117282993722, 4.9758452290368735, 18.0, 0.0
25, 0 ,1.0,1.0,1.0,282.5150900776817,103.74085174370558,169.21597708115254,11.065007963648895,13.414409570863643,15.460033453418815,46.0,68.0,76.0,0.0072183134204552475,-0.06997888131480651,0.997522356702491,15.468766132525953,0.37449309199326336,-0.9247633485476426,-0.06758456356503324,13.814594123886996,-0.9272016069877622,-0.37405307825611994,-0.019531375948244917,10.54834978946021,76.59871323833406,71.21075950977281,55.053619631733795,22.221298244842416,6.89980608894817,90755.0,300298.36655533337, 0.0, 0.0,0.0,NaN, 167.84620057165043,167.84620057165043,0.0, 122.43440123561349, -27.622991531739554, -1.0922845089818212, -27.622991531739554, 179.94638413487812, -3.9627175916301622, -1.0922845089818212, -3.9627175916301622, 239.01263438082887, 6.8807066590272, 5.209216332945033, 14.0, 0.0
26, 0 ,1.0,1.0,1.0,33.506970472455215,181.70426057895156,207.39542116442774,15.565807940706696,15.322762175674933,14.486531872084665,69.0,73.0,75.0,-0.7082407179549335,0.6909620966655186,-0.14479801933131312,16.70634773110584,-0.5157138824991596,-0.3663045779898766,0.7745063896065038,14.956378267306462,0.482114381478424,0.6232113101631337,0.6157705628368632,13.570030133820794,95.23569506447824,78.67127586752335,67.3837530359063,25.093375443429107,7.567267147074699,137939.0,504860.2119080162, 0.0, 0.0,0.0,NaN, 153.92273079934716,153.92273079934716,0.0, 242.29437684696762, -38.9976848211657, -6.0582735662110565, -38.9976848211657, 234.7870406922944, -20.72021827777807, -6.0582735662110565, -20.72021827777807, 209.85960568092483, 6.517371133186234, 4.925921926042887, 34.0, 0.0
27, 0 ,1.0,1.0,1.0,124.34032012818207,187.5368523453722,115.78321861255988,14.164766850392152,14.138337713931648,14.590184393176045,70.0,72.0,70.0,-0.5425514264644278,-0.6120232063568369,0.5753829546676815,15.040814093722844,-0.5082367071940909,-0.30620695036184237,-0.8049427016941066,14.39146510547909,-0.6688298730633391,0.7291535492821775,0.14491964141302852,13.418879885514821,76.59357523640168,72.08616809741653,66.06072063695233,23.80391815812527,6.839603364766531,122326.0,364743.52353853616, 0.0, -2.8421709430404007E-14,0.0,52.264061835013116, 203.7504073670756,203.7504073670756,NaN, 200.6406199259684, 19.53688371124828, -3.344566084404536, 19.53688371124828, 199.89259331318198, -9.588302973247155, -3.344566084404536, -9.588302973247155, 212.87348062687784, 6.373267264066231, 4.784369437699003, 32.0, 0.0
28, 0 ,1.0,1.0,1.0,31.851008,14.028938666666667,71.67140266666667,17.42491178506399,9.064172101571035,14.936886683391272,71.0,37.0,82.0,-0.960270229761192,-0.013270275729749953,0.2787561400515576,17.636720210312898,-0.2789850462544725,0.02073949206441785,-0.9600714647542127,14.689522701201476,-0.006959152303046185,0.9996968406726945,0.02361772529810285,9.05877328508994,81.34250694607783,74.1281024887762,38.20002928473472,23.412555019046415,7.79420412080834,93750.0,230337.22599893546, 0.0, 0.0,0.0,NaN, 79.67488808236027,79.67488808236027,NaN, 303.6275507172619, 2.1443542964907203, -25.480499707221206, 2.1443542964907203, 82.15921588689869, -3.5096481646365523, -25.480499707221206, -3.5096481646365523, 223.1105837924715, 6.701931232293447, 5.171251849728901, 17.0, 0.0
29, 0 ,1.0,1.0,1.0,235.07867705158597,273.36548664113855,96.2988095548204,13.732494947486737,13.607332518229473,14.584982014813614,74.0,61.0,70.0,-0.4121600074606956,-0.48083931802694246,0.7738977183642454,15.41678843055022,-0.8688811229373798,-0.04816514798332033,-0.49267201333424915,13.39591223928785,-0.27417097303156857,0.8754848192625216,0.3979404588475429,13.012870009409983,78.65974107679186,68.06777918606085,67.0055602151202,23.280216892471554,6.670391109695996,115167.0,358760.76086180576, 0.0, 0.0,0.0,NaN, 119.15383416789913,119.15383416789913,0.0, 188.58141748274878, 13.96765849196947, -17.468958237830464, 13.96765849196947, 185.15949826166528, -25.191630343601396, -17.468958237830464, -25.191630343601396, 212.72170037243657, 5.971055449845213, 4.727675428661657, 25.0, 0.0
30, 0 ,1.0,1.0,1.0,134.55796509693616,24.6413967274597,248.82367752472553,14.514041522658735,14.01272879843773,15.593024239238117,73.0,61.0,77.0,0.47390584383729395,0.050003968860221626,0.8791546247817209,15.974353977543155,-0.6272122506585875,-0.6815995062977546,0.3768645720128736,14.702269367982252,0.618076082534061,-0.7300148738983904,-0.2916508873404392,13.372347028735728,83.1121766759567,69.2484648147435,67.30784076586781,24.483019960036,7.123068739097432,132252.0,387382.9168920261, 0.0, 0.0,2.8421709430404007E-14,28.45944612989707, 146.05499096505272,146.05499096505272,0.0, 210.6574013214619, 17.771398940563362, 22.98898457562459, 17.771398940563362, 196.3565683785661, -6.233903984154277, 22.98898457562459, -6.233903984154277, 243.14240492546747, 7.655501281410772, 5.257410797774909, 24.0, 0.0
31, 0 ,1.0,1.0,1.0,20.743617656929107,254.1566467222709,82.0687713324548,12.13220763833135,16.96579974936804,14.938092965869517,51.0,82.0,78.0,0.17896865056116734,-0.983495250149578,-0.026595395269375113,17.107797403904886,0.02896589115306558,0.032287243345635715,-0.9990588126165789,14.939626789949685,-0.9834282888274182,-0.17802984820068551,-0.034266220737298125,11.929218923976782,85.16182040421288,78.01016370535979,54.934853653560054,24.46195712147756,7.732276415083745,122173.0,364959.0163732717, 0.0, 0.0,0.0,NaN, 96.26626585290556,96.26626585290556,0.0, 147.19046217958555, -26.391783411377983, -3.0564599015619516, -26.391783411377983, 287.83836113565656, 1.3240229366514746, -3.0564599015619516, 1.3240229366514746, 223.14662145696033, 6.566243978720529, 5.209444093278516, 18.0, 0.0
32, 0 ,1.0,1.0,1.0,166.73560240963855,11.272575301204819,219.40588855421686,15.612227905692361,7.604189614490039,14.685842650697477,78.0,31.0,74.0,0.8887624080933816,0.06931249840232385,0.4530972958706335,15.91700250879571,-0.4577297062259412,0.0820518937085864,0.8852971268320866,14.423526260226554,-0.024184664528705775,0.9942148984520713,-0.1046510281725472,7.473302856768787,79.14590952915032,71.50549018568803,34.54808946158175,21.45224334901978,7.552522064046309,66400.0,195520.31938372157, 0.0, 0.0,2.8421709430404007E-14,63.05742242697507, 156.14698658244603,156.14698658244603,0.0, 243.74166017927928, 6.450697770902921, 17.862120172557738, 6.450697770902921, 57.823699693118165, 17.2575425159228, 17.862120172557738, 17.2575425159228, 215.67397436104508, 6.793996622583952, 4.831860828475257, 17.0, 0.0
33, 0 ,1.0,1.0,1.0,59.58778283385839,112.59510667133382,158.88942441458664,13.845348335631817,12.846893848985596,14.496575818900714,71.0,65.0,70.0,0.5893829847032055,0.17275597898019626,0.7891660592479477,15.217704834900331,-0.6624884906554253,-0.4556815730579259,0.5945277989501853,13.258931963743304,-0.4623166632206094,0.8732180001019504,0.1541221178368415,12.629696960493579,75.28189996058916,65.57966116289988,64.97875870749151,22.920226680835643,6.445950005568221,111417.0,320797.62947932363, 0.0, -1.4210854715202004E-14,0.0,80.05190367732995, 190.10669754490706,190.10669754490706,0.0, 191.69367053498274, 12.255751449069889, 27.104826772513366, 12.255751449069889, 165.04268156710395, 5.412214600921132, 27.104826772513366, 5.412214600921132, 210.1507104731369, 6.720441464546274, 4.93482351634688, 25.0, 0.0
34, 0 ,1.0,1.0,1.0,144.95001072731174,153.19706071658442,58.279276621611956,13.22495300286321,14.11670371201225,14.142746269245873,65.0,68.0,67.0,0.4427039808024156,0.6194744595350803,0.6482781651154192,14.909604814030477,0.010924302619993774,-0.7266584204088732,0.6869120756407975,13.73169809904909,-0.896601274254036,0.2970167234897759,0.32846190185992175,12.780537127326054,76.34485051408006,70.59966049549958,63.93983563302976,23.05001300579947,6.5494181489203145,111864.0,344630.63256339874, 0.0, 0.0,0.0,NaN, 214.37836335702434,214.37836335702434,0.0, 174.89938192794062, 15.967638950217623, 17.108808149789322, 15.967638950217623, 199.28132369274041, 11.088237736476472, 17.108808149789322, 11.088237736476472, 200.01727203626805, 6.115236628577108, 4.701516138429706, 19.0, 0.0
35, 0 ,1.0,1.0,1.0,24.484819387765754,14.443822863285776,263.9917443353198,13.76548352695703,9.106333595946756,19.549211560333667,50.0,41.0,79.0,0.07699990160172356,0.0485924863785327,0.995846265957189,19.59609350216914,-0.9958413034473018,-0.04503276063968456,0.07919689903997336,13.732537927912468,-0.048694080766595725,0.9978029969571756,-0.0449228868348336,9.0551666155277,82.15255369280257,54.57492670979957,42.05185101577385,24.154121896349398,8.4358708109249,95813.0,188538.19551870375, 0.0, 0.0,0.0,NaN, 45.877280601300455,45.877280601300455,0.0, 189.48853673092535, 5.909934354989858, 14.751990775111112, 5.909934354989858, 82.92531156066859, 14.234363435909717, 14.751990775111112, 14.234363435909717, 382.17167263068353, 6.243316349500483, 4.815465953937297, 11.0, 0.0
36, 0 ,1.0,1.0,1.0,53.83005783540853,19.613828925071832,165.58390738967066,15.419564139017655,11.824969038061289,14.656190083236062,88.0,48.0,77.0,-0.8407687517820119,0.11310125855399081,0.5294487806581676,15.997721322173529,0.5192037056440628,-0.10866980763056108,0.8477136220180789,14.102383571818402,-0.15341257468796504,-0.9876228927191998,-0.03264358596369889,11.729980768770055,84.63142733865517,66.9706030407799,52.39999912272493,23.280681666939316,7.099761958472783,108584.0,296993.643821521, 0.0, 0.0,0.0,NaN, 146.11660879001417,146.11660879001417,0.0, 237.7629582372793, -14.710473134584424, -25.702314861658966, -14.710473134584424, 139.8298927511081, 1.4404277302704531, -25.702314861658966, 1.4404277302704531, 214.8039077559471, 6.422493215489759, 4.8016821709926765, 21.0, 0.0
37, 0 ,1.0,1.0,1.0,129.3972616402956,93.11055900621118,209.80300131477534,13.939541075489775,12.877246762849833,14.432333244663399,66.0,67.0,69.0,0.4572509599886157,0.2048931667136022,0.8654133982228156,15.05630741331711,-0.750096584443551,0.6116341393446274,0.2515130087973113,14.355255462130552,0.4777830821571737,0.7641481988608164,-0.4333599619048373,11.647350778793989,69.58926306791929,71.1663252294234,58.33835582700311,22.941391666818912,6.489921483430602,110285.0,288915.5809233306, 0.0, 0.0,0.0,NaN, 183.1631133451238,183.1631133451238,0.0, 194.31080539526664, -23.775679477537356, 22.738250046671, -23.775679477537356, 165.82348419132651, 26.973323706478137, 22.738250046671, 26.973323706478137, 208.29224288501632, 6.737212252403671, 4.825054439474488, 27.0, 0.0
38, 0 ,1.0,1.0,1.0,281.311657173732,254.90690920552015,243.98209099709584,10.918745671762613,14.583425137480885,13.619566355347784,44.0,77.0,76.0,-0.14783967966458414,-0.989010004270734,0.0016249827927617283,14.656436278896022,-0.03680228564003141,0.0071431821500843595,0.9992970362812251,13.623095945637488,0.9883263736683056,-0.1476759506526854,0.03745387443887438,10.816099849367214,79.87413706235264,75.69284281537412,49.65771513568785,21.776928184712727,6.569115795196891,88838.0,300225.604850855, 0.0, 0.0,0.0,NaN, 74.3010573548518,74.3010573548518,0.0, 119.21900704463481, 14.285164060725776, -2.5463895341699745, 14.285164060725776, 212.67628874050936, 0.33246912971908127, -2.5463895341699745, 0.33246912971908127, 185.4925877077213, 6.350830517245135, 5.000731781893637, 17.0, 0.0
39, 0 ,1.0,1.0,1.0,133.94021672382357,278.08377972394635,54.31680034766507,13.655258185831793,12.576778361762992,14.99243408844152,60.0,54.0,75.0,-0.15917739021647215,-0.023070202674332917,0.986980407197852,15.029349682776687,-0.9640688426723033,0.21900268631069397,-0.15036319355874633,13.668964624237582,0.21268245116219223,0.9754514796427678,0.0571015396497926,12.517690050207394,74.0519792187382,66.01306640891752,60.010335708330956,22.883862422029132,6.763383075707229,105849.0,293354.41837092757, 0.0, 0.0,0.0,NaN, 146.18692543186427,146.18692543186427,0.0, 186.46607612172616, -6.111185196902039, -6.499629542083099, -6.111185196902039, 158.1753539609098, -2.568190398425285, -6.499629542083099, -2.568190398425285, 224.77307989626334, 6.133278524082275, 4.640773229800651, 16.0, 0.0
40, 0 ,1.0,1.0,1.0,200.19508320865887,175.12773129421325,190.74140669732733,14.26529796833247,12.49164636493728,14.305104880612674,73.0,66.0,67.0,0.8605601464843876,0.29011515488678724,-0.4186519212756398,14.526622521010363,-0.395179628832686,-0.13828023029886943,-0.9081363547750699,14.257628140212333,-0.32135540331295154,0.9469486653528306,-0.0043508560149921605,12.242273425503523,74.31174124324725,66.48353452403416,64.37396230203674,22.841139907308136,6.516004021798952,108282.0,318040.0251782959, 0.0, 0.0,0.0,NaN, 193.62733566812193,193.62733566812193,0.0, 203.49872612531053, 18.18511667812784, -2.8642108113476334, 18.18511667812784, 156.04122890665076, -0.7203819289515938, -2.8642108113476334, -0.7203819289515938, 204.63602564532857, 6.625329520278741, 4.841054135346009, 33.0, 0.0
41, 0 ,1.0,1.0,1.0,104.91385454950439,216.58171845417084,275.88560344507556,14.298320859955131,14.414340312329545,12.646671498734088,74.0,68.0,56.0,-0.6785948024202582,0.7198324467135586,-0.1461175649488527,14.737870685133347,0.6959561580721273,0.6937278073991582,0.18543666110734705,14.059857388537056,-0.23484914342976615,-0.024144935276954545,0.9717319084658981,12.540696309737214,75.16812115448488,64.5812155276272,57.37344599756938,22.960750952183336,6.705028095588309,107748.0,278516.4464982527, 0.0, 0.0,0.0,NaN, 136.18748361616034,136.18748361616034,0.0, 204.44197941422806, -9.7667287495674, 11.158120532884094, -9.7667287495674, 207.7732066396486, -1.105540133774165, 11.158120532884094, -1.105540133774165, 159.9382999968931, 5.317104975578315, 4.358530551202805, 23.0, 0.0
42, 0 ,1.0,1.0,1.0,175.51226428470156,280.4045796115128,173.93847602843775,13.632179850604514,11.049752262670353,16.010857715430447,71.0,48.0,77.0,0.35767825018201777,-0.07304146147185783,0.9309840032206702,16.382202059550547,0.8975575969917342,-0.24831951593159468,-0.3643182373830907,13.355238812470958,-0.25779183351912754,-0.9659204744250706,0.023259571305013427,10.841677419629397,78.97735182333903,70.07309581739824,53.21020097005879,22.713062173947815,6.956847275283578,98742.0,294475.2313009811, 0.0, 0.0,0.0,NaN, 178.2489401644686,178.2489401644686,NaN, 185.8363274792277, -17.496328268715917, 30.338741422389273, -17.496328268715917, 122.0970250663886, -4.754554078913305, 30.338741422389273, -4.754554078913305, 256.3475647837587, 6.63262190875722, 4.939018383811201, 29.0, 0.0
43, 0 ,1.0,1.0,1.0,241.03236176377243,94.127594008825,187.07315949507048,13.38481519055324,12.465387358501273,13.392859538296166,63.0,63.0,69.0,0.7281412504961036,-0.3987976418944847,0.5574681696252879,13.98661852192243,0.5105981118489631,-0.22700210610399513,-0.829312734739208,13.118452325917582,-0.4572744115979425,-0.8884990065519198,-0.038335725557330565,12.090846008039417,65.11663523482576,66.56555121037688,61.858575218977364,21.843797623305583,6.062701682197395,97677.0,268127.52326802455, 0.0, 0.0,0.0,NaN, 158.39715155101302,158.39715155101302,0.0, 179.15327768526478, -17.358142906333192, 9.097768592770885, -17.358142906333192, 155.38588199748335, -6.113862903109789, 9.097768592770885, -6.113862903109789, 179.36868661253058, 6.806444490627879, 4.746097582919764, 19.0, 0.0
44, 0 ,1.0,1.0,1.0,118.51853064491192,169.2401844424436,271.9410202541086,14.464660425472921,12.654599054850173,14.315639439053106,70.0,62.0,63.0,-0.9604798705232929,-0.2531458875603226,-0.11573926702228178,14.61451553123958,-0.06654651062834398,-0.19491248149447626,0.9785605175362726,14.364862191156998,-0.2702775984848731,0.9475897235454607,0.17036353949213381,12.424551542347736,76.72313054282819,68.34288348622573,57.3135470414733,23.020862568971374,6.659031280349941,109953.0,300522.4360011115, 0.0, 0.0,0.0,NaN, 178.69548907360655,178.69548907360655,0.0, 209.2264012242425, 15.071740872904932, 3.1976905699003533, 15.071740872904932, 160.1388772390149, -8.179371221255819, 3.1976905699003533, -8.179371221255819, 204.93753254897274, 6.058004486874205, 4.529691438923023, 18.0, 0.0
45, 0 ,1.0,1.0,1.0,91.89961035141891,267.82824217026905,42.15212836347596,12.416710214079913,15.17331253807831,14.07408130648646,62.0,64.0,64.0,0.212563508688568,0.7840166326067182,-0.583210660542164,15.965575797732004,0.5100383918426098,-0.5981148253567541,-0.6181581468645897,13.978483785037328,0.8334732110995586,0.1660619627864311,0.5270159683490705,11.49722797280089,82.24515546780864,67.23701455831612,59.774441932952925,23.14869827793813,6.82800399657725,108816.0,330547.8051559967, 0.0, 0.0,0.0,NaN, 106.10071776462416,106.10071776462416,NaN, 154.17469254043644, 1.1671143716735368, -35.142370145542756, 1.1671143716735368, 230.22941337820444, -32.73904316356619, -35.142370145542756, -32.73904316356619, 198.07976462159166, 6.853188896264704, 4.68617452881138, 17.0, 0.0
46, 0 ,1.0,1.0,1.0,51.292916309625824,187.38015188937615,47.942310600332675,15.797818291797837,11.649997361396567,15.108786325263178,74.0,62.0,75.0,-0.977562290816383,-0.2075547535715176,-0.03595819577915728,15.962951849199511,0.05644202949966845,-0.09362798930496453,-0.9940060849535416,15.142881052723316,0.2029439944412846,-0.9737324190395302,0.10324200323337307,11.37744466947127,74.90218295482886,73.67198670472831,60.92506753775922,23.77392245467455,6.9548211078891455,119034.0,336196.25847435475, 0.0, 0.0,0.0,NaN, 132.7126919239642,132.7126919239642,0.0, 249.57106278066234, 24.909481694920174, -1.195637748053466, 24.909481694920174, 135.72243852054697, 10.2293756659805, -1.195637748053466, 10.2293756659805, 228.27542422245963, 6.662818193756141, 4.743047758599685, 27.0, 0.0
47, 0 ,1.0,1.0,1.0,279.1376743221525,235.58643786614132,48.690663072217326,11.728627480665995,13.581820477587046,14.250181332848554,49.0,62.0,66.0,0.10099007369840199,0.5676086492491496,0.8170810402352674,14.848006359852048,-0.09366469551489877,-0.8122076408016105,0.5758000286884176,12.969431425245926,-0.9904685405546674,0.13468173417741833,0.028860018199415305,11.680101614640957,67.82347416483469,65.36596475831729,53.92021795879458,22.02018495535495,6.340794320637494,96445.0,239047.02693160798, 0.0, 0.0,0.0,NaN, 83.39738778806705,83.39738778806705,NaN, 137.56070258023357, 7.235100606702153, 5.22057520583854, 7.235100606702153, 184.4658474854028, 24.112403829109475, 5.22057520583854, 24.112403829109475, 203.06766801906537, 6.294492173504821, 4.583224366233114, 13.0, 0.0
48, 0 ,1.0,1.0,1.0,187.21836714475987,67.12150098517287,61.88763525487908,12.28013794627738,13.043937985236616,13.515412828609263,62.0,66.0,73.0,0.052797712734896446,0.36387545075222555,0.9299500297703251,13.590647683362223,-0.31520936196487753,-0.8775669055078259,0.36127466626808225,13.052830778645406,-0.9475523519361124,0.3122034315911409,-0.068363423283637,12.187304635595375,70.66922099334965,67.01312294419736,59.779119329908525,21.562327488503005,6.219206006280301,90847.0,283099.87269825675, 0.0, 0.0,0.0,NaN, 145.10365950394805,145.10365950394805,0.0, 150.80178797960164, 6.73797333380454, -0.7115799991886598, 6.73797333380454, 170.14431816269865, 5.315104318873191, -0.7115799991886598, 5.315104318873191, 182.66638392773584, 5.833653312390149, 4.5238449846707605, 32.0, 0.0
49, 0 ,1.0,1.0,1.0,232.35655192687264,243.9941766871509,288.1024959054832,16.952812886779242,15.588457527416459,6.6231138601478,85.0,75.0,27.0,-0.8748317314873405,-0.4844164897939814,-0.0031789933216527736,17.5205350719102,-0.4834413120004129,0.8726146092421749,0.06948554949373828,14.976877010101445,-0.030885909962005145,0.06232502027921676,-0.9975778929051178,6.556486550047721,89.39032433332397,75.74029187861505,28.77457420756309,22.66362901903656,7.786104915182618,71437.0,194816.7945390537, 0.0, 0.0,0.0,NaN, 88.6218873408313,88.6218873408313,9.5367431640625E-7, 287.3978647741484, 35.37990572954646, -5.356757327555256, 35.37990572954646, 243.00000808406685, 11.400655658785976, -5.356757327555256, 11.400655658785976, 43.8656372044819, 7.761731753929256, 5.2271922554310315, 18.0, 0.0
