// Sample: .//bubblelabels.tif, Map: .//bubblelabels.tif, Thickness:(8.191250068658265):/gpfs/home/mader/Foam/NewValid/InSilicoTest/LatticeData_OldFoam/out_Step_07000.vtk/distmap.tif, Neighbors:(1.0):
//LACUNA_NUMBER, TRIANGLES, SCALE_X, SCALE_Y, SCALE_Z, POS_X, POS_Y, POS_Z , STD_X, STD_Y, STD_Z,PROJ_X, PROJ_Y, PROJ_Z, PCA1_X, PCA1_Y, PCA1_Z, PCA1_S, PCA2_X, PCA2_Y, PCA2_Z, PCA2_S, PCA3_X, PCA3_Y, PCA3_Z, PCA3_S,PROJ_PCA1, PROJ_PCA2, PROJ_PCA3,OBJ_RADIUS, OBJ_RADIUS_STD, VOLUME, VOLUME_BOX, Mask_Grad_X,Mask_Grad_Y,Mask_Grad_Z,Mask_Angle, Mask_Distance_Mean,Mask_Distance_COV, Mask_Distance_STD, SHAPET_XX, SHAPET_XY, SHAPET_XZ, SHAPET_YX, SHAPET_YY, SHAPET_YZ, SHAPET_ZX, SHAPET_ZY, SHAPET_ZZ, Thickness, Thickness_STD, Neighbors, Neighbors_STD
1, 0 ,1.0,1.0,1.0,78.8338613123384,136.0507597462595,39.71027540316632,18.180361953593962,17.45723010940376,18.975440166838258,98.0,93.0,87.0,0.4223796053977781,-0.4273135586349243,0.799373874698676,19.67670566128325,0.853544751513662,-0.10929429222405444,-0.509427241959757,17.954537065888918,-0.3050521694849901,-0.8974730526840351,-0.3185675652016393,16.90590507634725,97.86838223632816,89.8194913956262,92.8677836680093,30.35529951942775,8.596718238218294,257586.0,816353.1672831428, 0.0, 0.0,0.0,NaN, 162.17735011259353,162.17735011259353,0.0, 330.52556076368694, -21.705079999141276, 18.329021126452723, -21.705079999141276, 304.75488309267325, -32.58861448563317, 18.329021126452723, -32.58861448563317, 360.06732952525874, 7.8334024511426055, 6.220207378141879, 43.0, 0.0
2, 0 ,1.0,1.0,1.0,57.611907659934396,262.0614225101259,13.579814192093194,20.474624585021424,21.325090153214678,9.000303098566093,110.0,96.0,38.0,0.6021358875641466,0.7967340094764988,-0.05145183233705153,22.397646571853272,0.7965312748745097,-0.6038817350149033,-0.029407112442035036,19.33097648254013,0.05450046838446339,0.023275915855077732,0.998242420801171,8.923785860282933,108.18979588014804,105.35282347971278,41.13341234594707,29.000475473373356,10.674624120997201,145419.0,468842.76649709506, -7.105427357601002E-15, 0.0,0.0,52.976977030646886, 70.30561086900366,70.30561086900366,0.0, 419.21025189756375, 61.018583821794095, -19.962416233471558, 61.018583821794095, 454.7594700427336, -12.078159665269123, -19.962416233471558, -12.078159665269123, 81.0054558660584, 7.627126595553495, 5.9132395992010895, 24.0, 0.0
3, 0 ,1.0,1.0,1.0,260.6556063955581,140.337653591075,127.11917639195929,18.372417616334086,16.87109034412163,15.383555777207956,92.0,92.0,77.0,-0.9515608475845715,-0.2505548607393268,0.17819712428664045,18.51381929961542,0.2990702830364165,-0.8887554108575612,0.34737700769614177,17.06318441931379,0.07133666062165815,0.3838438242714139,0.9206383651684553,14.997314400673227,102.36632589571263,87.27455111491905,79.60804989947738,28.06996803162197,8.420813590314012,194510.0,711216.3388916391, 0.0, 0.0,0.0,NaN, 193.3957686458519,193.3957686458519,0.0, 337.5457290689831, 10.490986266817414, -13.10100052365168, 10.490986266817414, 284.63368939951414, -25.709702061052173, -13.10100052365168, -25.709702061052173, 236.6537883504683, 6.5851329741884115, 5.556375328614491, 42.0, 0.0
4, 0 ,1.0,1.0,1.0,78.57722481000245,17.008033014627767,261.27590912805425,17.029456121409595,10.546248831488104,17.871242216430787,83.0,45.0,80.0,-0.5451928377256567,0.19171908298460397,0.8160934768224706,18.576336190131883,0.819218672579358,-0.08473465597161992,0.5671867457678171,16.56865914598391,-0.1778919227788628,-0.9777851662287144,0.11086312512790439,10.050189372365912,110.54458285702398,91.676111363296,49.238400206537406,25.425946051976045,8.60977966773977,122370.0,498996.59555626806, 0.0, 0.0,0.0,NaN, 89.23681224543515,89.23681224543515,0.0, 290.0023757910147, -37.55625081301175, -27.972067020185616, -37.55625081301175, 111.22336441566418, 29.848825539977607, -27.972067020185616, 29.848825539977607, 319.3812983583379, 7.520406242757439, 5.864288387665675, 21.0, 0.0
5, 0 ,1.0,1.0,1.0,188.4476823840016,113.25398813408833,236.32346663373846,15.850439669663523,15.185971247315004,16.402522925058356,79.0,91.0,83.0,-0.19436772159889532,-0.14638845343732146,0.9699441269994284,16.42261047480253,-0.8569746589769812,-0.45579021955000737,-0.24051966579438488,16.10683113038377,-0.477300348493211,0.8779667969022434,0.03686028846162107,14.89163439261092,83.24144051417508,84.68861677479862,84.27314220094908,26.37660140264288,7.427504102935474,170067.0,594092.15019143, 0.0, -1.4210854715202004E-14,0.0,81.58231027502866, 171.2456898591069,171.2456898591069,0.0, 251.23643772164309, 16.077712662792035, -1.2738300530164242, 16.077712662792035, 230.61372272427803, -2.677580843104642, -1.2738300530164242, -2.677580843104642, 269.0427583070649, 6.954474884322757, 5.678113636772223, 39.0, 0.0
6, 0 ,1.0,1.0,1.0,276.2075773421539,205.94028480396926,208.09307204008172,14.444532567509357,16.591623603129356,17.12779240466249,58.0,89.0,84.0,-0.2549298913695476,0.5201265568491013,0.8151558840777692,17.822488211998113,-0.12792752939780114,-0.8537408213960289,0.5047387018093713,16.112765853883435,-0.958459857118954,-0.024392104098119684,-0.2841825602481284,14.143035671668512,91.28059507311787,86.77978108824986,67.49278527444517,26.70400697907312,8.011477941064001,164464.0,534631.2788402948, 0.0, 0.0,0.0,NaN, 133.6420323315895,133.6420323315895,0.0, 208.64452109383848, -9.0864710995884, -28.28951859602359, -9.0864710995884, 275.2819737879191, 24.1863998230961, -28.28951859602359, 24.1863998230961, 293.3612726572141, 7.986765540678713, 5.984744492296188, 33.0, 0.0
7, 0 ,1.0,1.0,1.0,264.04623664968494,279.8521676280297,27.47212748936887,18.47004202960974,11.844835669288427,16.268658874586883,79.0,52.0,70.0,-0.9726695010705242,0.10270495772156088,0.20824440771994351,18.63911371049303,-0.20192337377246267,0.06863124076360522,-0.9769937072036823,16.16143521974012,0.11463416947648718,0.9923413951109065,0.046016983145091186,11.726180022118315,86.21833033655244,78.19021617128311,57.611196072006976,26.02395990290785,8.298515358630553,142506.0,388381.839022311, 0.0, 0.0,0.0,NaN, 49.531061336615934,49.531061336615934,0.0, 341.1424525755503, -22.684019848294714, -18.117516792468088, -22.684019848294714, 140.3001320324474, -3.8040411644523116, -18.117516792468088, -3.8040411644523116, 264.66926157767455, 6.984891680366638, 5.711177710529343, 17.0, 0.0
8, 0 ,1.0,1.0,1.0,277.1632106657924,206.4492801136519,284.89955741332676,13.109846313464816,16.382821535852575,9.051370455829472,53.0,86.0,40.0,0.04808976966710367,0.9878239995711463,-0.1479564798331885,16.517996058415644,0.9977147692909082,-0.05454407694657901,-0.039877096293928875,13.109043702803667,0.04746170237311896,0.1457006847660967,0.9881896059292143,8.80346513476784,85.5780309687909,55.62946833338489,45.225048242246146,21.639254921711533,7.344036042942174,73206.0,215301.09461833705, 0.0, 0.0,0.0,NaN, 97.4745069475212,97.4745069475212,0.0, 171.86807036266703, 4.14537061445896, -5.1435526046284314, 4.14537061445896, 268.39684147559495, -28.345169020630944, -5.1435526046284314, -28.345169020630944, 81.92730712866262, 6.83130526974884, 5.6448190422425535, 13.0, 0.0
9, 0 ,1.0,1.0,1.0,154.44860366258317,178.46306028375156,15.19140674044446,16.94754678373523,16.476074127276807,9.57335798227823,81.0,79.0,41.0,-0.7539673513085342,-0.6568775657493415,0.006715413316610938,18.359207536073182,-0.6564404495192484,0.7537741121150907,0.030174892544520843,14.89125615675769,-0.024883114671607063,0.01834261487154838,-0.9995220753359645,9.566584155929668,87.79619455987412,74.27290926677355,41.74681218263677,24.301020485700384,7.732395944649361,111506.0,272225.90221680154, 0.0, 0.0,0.0,NaN, 190.22937609663873,190.22937609663873,0.0, 287.2193419868944, 57.168850093144286, -3.822821623684041, 57.168850093144286, 271.46101864752023, 1.8789563284836828, -3.822821623684041, 1.8789563284836828, 91.64918305685032, 8.62772867816273, 5.950759285223311, 17.0, 0.0
10, 0 ,1.0,1.0,1.0,44.13274349486751,256.6587689981698,213.74059540860986,17.092150557598227,20.62161033806983,14.520058660511042,84.0,88.0,81.0,0.21257951534558778,-0.9714409843683476,-0.10541519598658732,20.81269348618207,0.9279059272985773,0.23450299954619092,-0.28982569466492564,17.168108320187457,0.3062687377771398,-0.036204379476727305,0.9512563814067704,14.153175392116777,94.5240597116607,89.84768490562541,80.82356024633839,29.08004554763555,9.087105043469442,201072.0,686415.7406888797, 0.0, 0.0,-2.8421709430404007E-14,83.94891170307018, 106.14540137753927,106.14540137753927,NaN, 292.14161068360534, -27.538698592196408, -30.61366690564178, -27.538698592196408, 425.2508129351884, 17.42747738210963, -30.61366690564178, 17.42747738210963, 210.8321035046817, 7.490963890033678, 5.4687103691782015, 32.0, 0.0
11, 0 ,1.0,1.0,1.0,14.207654847055244,168.50129356262366,12.517463095419266,9.064992214414087,17.830492295136953,8.158818144524613,35.0,86.0,33.0,0.03589836296161626,-0.9986995951174573,0.03619981006723204,17.848495287054536,0.9870776959760537,0.029773454867638313,-0.1574520990392024,9.070314131824878,0.15616955414959136,0.041384297716311996,0.9868629136102169,8.113412992555013,86.25046472787926,40.08776941722981,37.38662343849778,20.15772206848287,7.767438049933242,52568.0,129267.56830758249, 0.0, 0.0,0.0,NaN, 132.85501169809712,132.85501169809712,0.0, 82.174083847388, -8.577958463886812, -2.22710826262358, -8.577958463886812, 317.9264554869382, -9.214373525538239, -2.22710826262358, -9.214373525538239, 66.56631351542406, 9.134023721944844, 5.737299745422429, 11.0, 0.0
12, 0 ,1.0,1.0,1.0,22.487726499979267,131.41736119749555,188.8497671075728,14.353602316155804,16.128244478864428,15.8705421264422,63.0,75.0,76.0,-0.5195774979698262,-0.2876117812537816,-0.8045611765971816,16.573994515515494,-0.03323701385330587,-0.9341261083379451,0.35539233901636186,16.211588050805183,0.8537766244829675,-0.2113950732761583,-0.47579154940061436,13.435304070924612,87.44693523652921,81.19137842294053,67.77390943041999,25.62197976375633,7.844388426975852,144702.0,481190.5014806953, 0.0, 0.0,0.0,NaN, 173.58166648379571,173.58166648379571,0.0, 206.02589945035328, 16.630887848728708, 38.40214154872093, 16.630887848728708, 260.1202699700209, -5.529114904615283, 38.40214154872093, -5.529114904615283, 251.87410738717648, 6.832231920308225, 5.177143937214099, 26.0, 0.0
13, 0 ,1.0,1.0,1.0,123.29466202709706,235.1404120422407,77.35939613802944,14.3874395319506,14.93199769758004,16.477473024896295,76.0,72.0,79.0,-0.13789291526053937,0.47622871990809773,0.8684421398433203,17.121292431814105,0.7879229435144992,-0.4785406384802147,0.38752586030663305,14.441010849762138,-0.6001358004688581,-0.7377025577139089,0.30924417106545354,14.134660940879087,81.99066161082459,69.92079803179459,74.9730361627181,25.4426788074506,7.35800135316009,148577.0,429809.357122048, -1.4210854715202004E-14, 0.0,0.0,82.07406337560465, 159.35123471522576,159.35123471522576,0.0, 206.9984162855349, -9.4309431420025, -8.505854627048356, -9.4309431420025, 222.96455524053562, 36.98399670048827, -8.505854627048356, 36.98399670048827, 271.507117286185, 6.501224414271848, 5.113325916099761, 32.0, 0.0
14, 0 ,1.0,1.0,1.0,191.3579949939863,279.42370705067776,59.67013132659363,16.52775712414669,12.061242819012234,14.708383152691368,75.0,53.0,79.0,-0.968001567027605,0.00873299340371711,0.25079214712249637,16.649429847396124,0.2481240053710821,0.18271692783307508,0.9513406341799209,14.652692181392581,0.03751591916390168,-0.9831267767228462,0.17903713776709612,11.96126943323002,77.58102849590543,76.39653012706917,58.3720189881592,24.165376995012366,7.142228192182316,123052.0,345966.36738000973, 0.0, 0.0,0.0,NaN, 125.64630378883402,125.64630378883402,0.0, 273.1667555547816, 2.1135362042351495, -15.654582007599247, 2.1135362042351495, 145.47357833917417, 12.744828957628627, -15.654582007599247, 12.744828957628627, 216.3365349663753, 7.1094906576019214, 5.56358467029012, 27.0, 0.0
15, 0 ,1.0,1.0,1.0,173.9575403690888,99.41665224913494,11.565253748558247,15.389356537628798,15.501795188787852,7.475275144640866,82.0,74.0,30.0,-0.6287077298193748,0.7684150792608988,0.11943557438985476,15.78437526801695,-0.7732083065211949,-0.6340831538497416,0.009352471897360189,15.192236055787257,-0.08291866612526985,0.08646860683757691,-0.9927979023142497,7.284720188800828,78.42814190027342,85.10229320193636,33.766312954410544,21.75845302419559,7.719288127759571,69360.0,225370.37646886785, 0.0, 0.0,0.0,NaN, 160.947592304153,160.947592304153,0.0, 236.83229464225823, -7.587052467218837, -16.008900341839528, -7.587052467218837, 240.30565407512623, 16.94137445098454, -16.008900341839528, 16.94137445098454, 55.87973848808552, 7.295160981339876, 5.2551280929546875, 24.0, 0.0
16, 0 ,1.0,1.0,1.0,220.0230533556853,29.70135846002659,262.33256835655243,14.553248854403128,16.74443076085464,17.252583039595116,79.0,72.0,79.0,0.31314224043574135,0.409091067665185,-0.8570801803865511,17.850871941317973,-0.14341387319066326,0.9124888253278285,0.38314045026372756,16.513121999815564,-0.9388154228767956,-0.0029397293070451136,-0.34440812963730216,14.088570119612578,95.19955726810736,88.37627260866806,73.26138380280918,26.95149159100471,7.965032095435728,172990.0,616376.0096388782, 0.0, 0.0,0.0,NaN, 93.25941290578848,93.25941290578848,0.0, 211.79705221818594, 5.684212858901703, -36.32792810339254, 5.684212858901703, 280.3759615050551, -16.193449641966293, -36.32792810339254, -16.193449641966293, 297.6516215381251, 7.677696264504566, 5.558245569602915, 34.0, 0.0
17, 0 ,1.0,1.0,1.0,158.33675316334276,254.6561486041255,279.23627688945606,17.605520961576705,15.385476972928426,11.155963482749941,84.0,84.0,50.0,-0.8734990036641284,0.46146881395686445,-0.1550678056303773,18.4235054164796,0.48449800438878027,0.8551549605404202,-0.18431407218767126,14.698023005888418,-0.047551806916930284,0.23612820079007418,0.9705577254602518,10.75478308143867,90.49970462940178,76.04380445043125,53.21268348466464,24.63217161770915,8.023647090766572,119889.0,366206.5929801245, 0.0, 2.8421709430404007E-14,0.0,62.518071934858945, 150.18546055169975,150.18546055169975,0.0, 309.95436832851675, -48.6121219427493, 21.34595995580913, -48.6121219427493, 236.71290168451085, -31.831525173356827, 21.34595995580913, -31.831525173356827, 124.45552122845018, 7.360296182218894, 5.50900039963266, 29.0, 0.0
18, 0 ,1.0,1.0,1.0,234.79733465772702,243.3436967138482,10.742786193195927,14.993520091891963,13.882497612605311,7.1724701881575665,67.0,68.0,30.0,-0.9795807524304803,0.17317461985313248,-0.10213765469432848,15.08240337255169,0.17805274239569507,0.9831795851774945,-0.04068321786170306,13.861641269671793,-0.09337435618576943,0.05803838668444996,0.9939380138006388,7.024935809567409,68.32469129813524,64.9468523580309,33.232526248484824,20.534238684110193,6.878862912861384,60405.0,147468.45915671377, 2.8421709430404007E-14, 0.0,0.0,11.598431901336207, 87.0444238592087,87.0444238592087,0.0, 224.80564474596798, -5.2201219241630445, 16.78781870005962, -5.2201219241630445, 192.7237399639922, -8.862345570018036, 16.78781870005962, -8.862345570018036, 51.444328600009044, 7.050303469052251, 5.135648315752872, 12.0, 0.0
19, 0 ,1.0,1.0,1.0,272.4674277171882,66.3988720144056,238.41303299018108,15.556611510468837,16.22600928288758,14.21453109985854,71.0,83.0,75.0,-0.5414401924863763,0.8344628133821987,-0.10253941214275308,16.688699671583905,0.8178710735777001,0.5510333012089482,0.1656780249871071,15.111758484577381,-0.19475478162339385,-0.0058407226465620465,0.9808345737145434,14.158619003996469,88.77973727000443,79.26986512662279,73.33863463373456,25.50736558477189,7.531184120015624,147165.0,516124.8801618044, 0.0, 0.0,0.0,NaN, 94.65625836024894,94.65625836024894,0.0, 242.00816168765152, -22.688941032167392, 8.113416054349775, -22.688941032167392, 263.283377248354, -4.131057225042824, 8.113416054349775, -4.131057225042824, 202.05289438884566, 5.9938281939566185, 4.893265145623937, 30.0, 0.0
20, 0 ,1.0,1.0,1.0,277.88499473499473,207.06744471744472,12.392506142506143,13.194196695481592,13.750425380286714,7.80007132488413,55.0,72.0,31.0,0.3714083643082865,-0.9278994392122771,0.03253394583177384,13.850019324064029,0.9251122005180306,0.37281527762303324,0.07194571025119077,13.117041680253056,-0.07888753624325436,0.003376311656574034,0.9968778045202268,7.7538583642421015,66.52514696566284,62.217017035576816,32.39071382563709,19.58143685748341,6.369416601822066,56980.0,134065.04150622373, 0.0, 0.0,0.0,NaN, 96.32812412638614,96.32812412638614,0.0, 174.08682643905735, -6.782222442376003, 9.041507419302285, -6.782222442376003, 189.07419813883303, -0.9734538628580482, 9.041507419302285, -0.9734538628580482, 60.841112673279675, 7.540582310278904, 5.5599762325867434, 12.0, 0.0
21, 0 ,1.0,1.0,1.0,40.54478156682028,85.33216589861752,36.50064516129032,13.32890508407626,13.703285199643922,17.35425167493311,61.0,70.0,80.0,0.24097349117787764,0.03560316349887006,0.96987844150616,17.59022986330079,-0.087778517307111,-0.9944317186443888,0.058313710680527174,13.704272933794648,0.9665540380386967,-0.09918655000976569,-0.23650649007638186,13.014857045404577,82.91532633631569,70.39961105829858,61.44829708669985,24.776916981991597,7.260452607604569,135625.0,358686.4129849744, 0.0, 0.0,0.0,NaN, 101.28057536586559,101.28057536586559,0.0, 177.65971074031395, 2.8093020491409657, 32.63274714553264, 2.8093020491409657, 187.78002526278016, 3.7671368514938384, 32.63274714553264, 3.7671368514938384, 301.1700511969186, 6.894143504700902, 4.930660156846141, 22.0, 0.0
22, 0 ,1.0,1.0,1.0,69.97397378392704,63.58492536250801,159.65744278583352,14.605854268072044,14.297127972194108,14.174185190288654,72.0,66.0,71.0,-0.8206986994607777,0.494259858911533,0.2866371165291398,14.680643276668532,-0.5579539803256142,-0.585250710230606,-0.5883612512847659,14.475948825831614,-0.12304877302188932,-0.6427976338190136,0.7560887523396209,13.913015184968462,78.0007893680499,78.63978934112825,79.91875086814738,23.931786579561944,6.776131940281739,126411.0,490218.8721641959, 0.0, 0.0,0.0,NaN, 169.22007299927807,169.22007299927807,3.3036247397782844E-6, 213.33097890015833, -3.684960925531434, 0.08284078731583404, -3.684960925531434, 204.40786825329522, 8.612541811809708, 0.08284078731583404, 8.612541811809708, 200.90752580859822, 6.983344872316568, 5.097733191648828, 30.0, 0.0
23, 0 ,1.0,1.0,1.0,65.97743765865313,42.02355532327908,34.92172614603554,14.731110888763732,13.286577974415927,16.19815822327307,76.0,69.0,73.0,-0.16562881309044353,0.02446898080359397,0.985884559800327,16.245098095177706,0.9198402874762623,0.36431597639224456,0.1454912879898758,14.91970506764607,-0.35561347248078,0.930953886249904,-0.08284877709636251,13.016078544860836,77.28100298938749,81.21128433511323,63.63143674590479,24.60148356896748,7.119418397542546,133940.0,399356.59250646114, 0.0, 0.0,0.0,NaN, 85.66521136977869,85.66521136977869,0.0, 217.0056280170534, 17.43812292210649, -8.311606268378934, 17.43812292210649, 176.53315427023443, 5.09807342100391, -8.311606268378934, 5.09807342100391, 262.3803298261889, 6.4838322489447995, 4.9336200451512315, 23.0, 0.0
24, 0 ,1.0,1.0,1.0,27.92907014417625,283.4787623521788,134.0360845618014,15.018030598330695,10.64486793281282,19.85152816807841,64.0,48.0,106.0,0.1498591416469597,-0.06666431876059091,0.9864573514699064,19.982251448689087,0.988183338020673,-0.022380362598029262,-0.15163380173398333,14.88844579370022,-0.03218583730706268,-0.9975244297630845,-0.06252266711102651,10.582128134588409,103.51546526428137,65.88864935059487,51.24554989785054,25.627073926440602,8.728728941622782,123460.0,349519.975503679, 0.0, 0.0,0.0,NaN, 137.90814412931704,137.90814412931704,1.9073486328125E-6, 225.541243052397, -5.296059274922874, 26.037453365524787, -5.296059274922874, 113.3132133070267, -18.52164171617445, 26.037453365524787, -18.52164171617445, 394.0831706080106, 6.737761987409743, 4.978444013167088, 19.0, 0.0
25, 0 ,1.0,1.0,1.0,282.13623124203997,104.05851929785702,168.58658840467356,11.260539405827407,13.207700613304159,15.25074501554261,46.0,66.0,74.0,0.028368092665238605,-0.054995416971187885,0.9980835413083923,15.256567086819414,0.4115430512454766,-0.9092926207292416,-0.061800055492786506,13.65895254327492,-0.9109487188036988,-0.41250749568888273,0.0031619156198248633,10.700397323272941,74.03586948516622,69.85314844641286,55.91624825591282,22.08633761410692,6.783952942468457,90295.0,289178.62681337784, 0.0, 0.0,0.0,NaN, 168.57275705114105,168.57275705114105,NaN, 126.79974771019187, -27.15347301492825, 1.5155587356345752, -27.15347301492825, 174.44335549067503, -2.441691490451127, 1.5155587356345752, -2.441691490451127, 232.58522352909776, 6.891035258454786, 5.217080926595229, 14.0, 0.0
26, 0 ,1.0,1.0,1.0,33.64614284345024,181.036967949805,207.30201797524165,15.311227380245578,15.49487255075137,14.338045412530782,69.0,73.0,74.0,-0.6334779765328734,0.7457979718347333,-0.20613354519586088,16.758245821823362,-0.5998994803843678,-0.305130408507436,0.7396053320782991,14.762022631369403,0.4886985437694509,0.5921830958506688,0.6406972095353117,13.46655822070667,95.765144599987,77.37114817511275,67.38166769060831,24.959304617465005,7.558929720405424,135631.0,499261.7171001925, 0.0, 0.0,0.0,NaN, 154.52243136282837,154.52243136282837,0.0, 234.43368388958186, -40.310111701727195, -3.2337220052661007, -40.310111701727195, 240.0910753640283, -23.547863822635545, -3.2337220052661007, -23.547863822635545, 205.579546251795, 6.5924660793419525, 4.928396168301113, 34.0, 0.0
27, 0 ,1.0,1.0,1.0,124.33096751325107,187.47782971041374,114.76792706349795,13.921061726545574,13.883048193872483,14.874734887310062,70.0,71.0,72.0,-0.2818843227032354,-0.4015535226214988,0.8713759217951826,15.076598944628403,-0.6944865789949661,-0.5412373764670596,-0.4740785735623624,14.283213555867441,-0.6619891390423318,0.7387942005628638,0.12630720092168923,13.284528576345927,77.02285549250577,68.67443366106255,65.21172911254497,23.70485210583504,6.772939639184426,121311.0,344937.5050421514, 0.0, 0.0,1.4210854715202004E-14,29.381073721812044, 203.2021293488632,203.2021293488632,0.0, 193.79595959429201, 16.101574771676923, -3.419535504607583, 16.101574771676923, 192.739027153386, -10.719643397241166, -3.419535504607583, -10.719643397241166, 221.25773796775908, 6.429186285012785, 4.775697282229384, 30.0, 0.0
28, 0 ,1.0,1.0,1.0,31.96735180807285,13.951799317047543,71.29202784344628,17.60878530133619,8.965856761768324,14.448652972812322,72.0,37.0,77.0,0.9907277827117187,0.005960877265237325,-0.13573108894188757,17.663844603704483,-0.13582058292545085,0.018812814480067434,-0.9905548179001147,14.383132619245114,-0.0033510918985506883,0.999805254013784,0.01944798780131572,8.962899634785934,77.11655837251635,72.06228290761986,37.97931499370859,23.235720553125347,7.701997816603569,91368.0,211058.4687408533, 0.0, 0.0,0.0,NaN, 79.36698003474106,79.36698003474106,0.0, 310.06931978855346, 1.0448649129099075, -14.129781553093016, 1.0448649129099075, 80.38658747254676, -2.545551061394208, -14.129781553093016, -2.545551061394208, 208.76357272875833, 6.7920828660205235, 5.198511112272512, 16.0, 0.0
29, 0 ,1.0,1.0,1.0,234.9055355103077,273.7232698130655,95.65497797037332,13.294737225486427,13.33227337225624,14.58594706525579,67.0,60.0,69.0,-0.34816616035419046,-0.4447638944756024,0.8252062790327737,15.232428554922528,-0.7518435851533193,-0.393301995976292,-0.5291925579832627,13.148971947550397,-0.5599210196519009,0.8046729883200752,0.19745843517058456,12.740763713351903,77.21799092990112,68.67919194156684,65.35690242743937,22.905952807305837,6.524318274519594,110306.0,346605.24898522627, 0.0, 0.0,0.0,NaN, 118.64919159871833,118.64919159871833,0.0, 176.75003789473453, 13.918231750332254, -15.820527709723066, 13.918231750332254, 177.74951327257278, -23.381736237869543, -15.820527709723066, -23.381736237869543, 212.74985179044398, 6.158130445007621, 4.741880151469837, 23.0, 0.0
30, 0 ,1.0,1.0,1.0,134.25220187987196,24.363499022684618,249.52774251828086,15.088894540702329,13.878523553666787,14.524426185001959,75.0,60.0,73.0,-0.8506444044161301,-0.16358819425902446,-0.4996428723944722,15.598626439467308,0.2912925081918304,0.6445001690538652,-0.7069428596151541,14.584949480657887,0.4376674215735505,-0.7468992132735254,-0.5005884470346369,13.236661676657732,81.83562669350289,77.67991803053445,63.25471883875537,24.15259749851354,6.92092078905762,128413.0,402109.28451180825, 0.0, 0.0,0.0,NaN, 145.48086667848526,145.48086667848526,0.0, 227.67473846043654, 16.519929607215182, 21.222481608583124, 16.519929607215182, 192.61341602968375, -11.524339165569806, 21.222481608583124, -11.524339165569806, 210.95895600357056, 7.781249115510201, 5.246365027919965, 21.0, 0.0
31, 0 ,1.0,1.0,1.0,20.363815816987998,253.91242524361172,81.89879135126093,11.914349185286824,16.613775130528115,15.20639248008268,50.0,81.0,81.0,-0.17288128263668257,0.9666655468001013,0.1888644560089529,16.799057286467384,-0.014113645900367941,0.18930072105308898,-0.9818177234131495,15.145413326128873,-0.9848415441649965,-0.17240347339436887,-0.01908337622808469,11.730803140523642,86.02150156488642,79.32249772071944,53.761428094276376,24.295971111384972,7.6752459641180835,119555.0,366837.8983672232, 0.0, 2.8421709430404007E-14,0.0,14.835362181691599, 96.15696317142748,96.15696317142748,0.0, 141.9517165089448, -24.40993558108107, -3.449557346948657, -24.40993558108107, 276.01752408775445, 9.34222195180222, -3.449557346948657, 9.34222195180222, 231.2343722583151, 6.62471615022645, 5.234172638198422, 17.0, 0.0
32, 0 ,1.0,1.0,1.0,165.28034892894888,11.302573797579528,219.08264733465322,16.659377493999482,7.628077246858009,14.068258983702899,84.0,31.0,72.0,0.9672102463568647,0.045722129976583925,0.24982759289697648,16.833344659302007,-0.25320947429582086,0.09717766641084336,0.9625182924380069,13.923422259416682,-0.01973072398892378,0.9942162682139873,-0.105568511164673,7.511002061727528,84.44550787055209,73.13504498677239,34.83129378921994,21.73417679303975,7.827125330098859,67177.0,215115.493520135, 0.0, 0.0,-2.8421709430404007E-14,75.53268974004263, 157.5587208678834,157.5587208678834,0.0, 277.53485848757646, 6.654176692471891, 21.3400643486083, 6.654176692471891, 58.18756248403286, 15.448428930673412, 21.3400643486083, 15.448428930673412, 197.91591083253732, 6.836150819215976, 4.812771574072878, 20.0, 0.0
33, 0 ,1.0,1.0,1.0,59.010235909150815,111.9032552826956,158.37180512234767,13.922218543735111,12.86695006345659,14.679249344268502,71.0,66.0,71.0,0.5679715704076908,0.157928354925211,0.8077542509447031,15.361053281847429,-0.7213193274560241,-0.3771219875209591,0.5809280802015263,13.322650431110521,-0.39636690458085794,0.9125993870471635,0.10027779272665922,12.704800745737403,75.21287170996351,65.9422014520741,64.72562733990469,23.083177023001763,6.483353526608945,113815.0,321019.84525190026, 0.0, -1.4210854715202004E-14,0.0,80.91332906405425, 189.9028490287074,189.9028490287074,0.0, 193.8281691795218, 11.06150074766647, 27.463637016496428, 11.06150074766647, 165.55840393548556, 5.987092616985266, 27.463637016496428, 5.987092616985266, 215.48036131120728, 6.619004836783113, 4.933147940483517, 25.0, 0.0
34, 0 ,1.0,1.0,1.0,144.75163072115123,152.601032032996,58.351572578447225,13.38310158510237,13.971200421553107,13.900856804890369,67.0,67.0,64.0,0.5248267759217626,0.619750889090153,0.5834943793624173,14.953498034181903,0.0190308094860415,-0.6938607291163214,0.7198577059950616,13.481382451752772,-0.8509962888085199,0.36669622859000217,0.3759510504999221,12.735026222891433,75.6360354924538,67.76979240193336,64.5616307723424,22.918424379903197,6.502422095585509,110074.0,330932.48769209953, 0.0, 0.0,-7.105427357601002E-15,54.30330411823854, 214.67276580076057,214.67276580076057,NaN, 179.10740803716956, 19.721229488799437, 19.078816457311678, 19.721229488799437, 195.19444121920571, 12.439782885650828, 19.078816457311678, 12.439782885650828, 193.23381991006687, 6.147353156840907, 4.727945201102083, 19.0, 0.0
35, 0 ,1.0,1.0,1.0,24.63840891975567,14.445569408417706,264.3693100995733,13.81183407326428,9.139249655693042,19.4107071629448,50.0,41.0,78.0,0.07979393702688076,0.05933202357599907,0.9950440385189627,19.46700698821738,0.9949080230114344,0.056917747057889524,-0.08317689473245064,13.783042225291247,-0.061570718375127724,0.9966143090725872,-0.05448821515281593,9.062647694719251,81.47625294156458,55.169497115016085,42.06030749845435,24.099131868743886,8.38451194017888,95608.0,189061.24630813082, 0.0, 0.0,0.0,NaN, 45.66477561984598,45.66477561984598,0.0, 190.76676046738413, 7.512099196912443, 14.64389401987607, 7.512099196912443, 83.5258842690854, 17.01386274953342, 14.64389401987607, 17.01386274953342, 376.77555256559657, 6.25525892426724, 4.815171746847757, 11.0, 0.0
36, 0 ,1.0,1.0,1.0,53.487350644768966,19.77154103961453,165.01420441358053,15.119212855729248,11.824534409093294,14.753040631639792,87.0,48.0,77.0,-0.7877078999059001,0.10313894466099563,0.6073537869479799,15.773005714335884,0.595755567019169,-0.12342609020863524,0.7936254183312665,14.127264700252645,-0.15681699139922547,-0.9869794113100974,-0.03577810585357011,11.734355630882236,80.49490106428219,67.7739256200004,52.6656757465035,23.173157247540466,7.004798528740192,107713.0,287315.24712192523, 0.0, 0.0,0.0,NaN, 146.53660131235557,146.53660131235557,0.0, 228.5905973768486, -13.576014736694365, -23.889220859937772, -13.576014736694365, 139.81961399183132, 0.897204072019039, -23.889220859937772, 0.897204072019039, 217.65220787881464, 6.44922298304149, 4.810083851165144, 22.0, 0.0
37, 0 ,1.0,1.0,1.0,128.87903420739295,92.98017922847602,209.56538437435654,14.379087057325474,12.632556784595781,14.425225228798135,69.0,64.0,69.0,0.6525366093000645,0.08407933284631162,0.7530781097013074,15.254439966996829,-0.6471184764450953,0.5789062890892016,0.4960898969908056,14.39399045381258,0.3942507463107123,0.811047578284461,-0.4321668367567758,11.599218013667056,72.0573608306367,71.28383650505887,59.27026908287674,23.059626770072423,6.533021632040213,111701.0,304443.2265134273, 0.0, 0.0,0.0,NaN, 182.84840412469495,182.84840412469495,0.0, 206.75814460214497, -21.82905988545157, 24.913800894049803, -21.82905988545157, 159.5814909160369, 27.077991790626562, 24.913800894049803, 27.077991790626562, 208.08712290155424, 6.677734240561513, 4.824915237332333, 27.0, 0.0
38, 0 ,1.0,1.0,1.0,281.18766012207647,254.32215676320232,243.3982007296254,10.96051624177544,14.246690346705417,13.119094556158036,44.0,75.0,70.0,0.16318822225052954,0.9827343138366982,-0.0871944523844639,14.33397847046633,-0.052605401654536754,0.09692063067805659,0.9939009322189674,13.118889736928748,0.9851914919625913,-0.15760602703222507,0.06751343871882737,10.846360558872336,79.0926958797825,70.56171627323874,50.08010249948566,21.328458385260305,6.3489059689666565,84701.0,279492.863648072, 0.0, 0.0,0.0,NaN, 75.12744621702349,75.12744621702349,0.0, 120.13291628622324, 13.805980074012107, -4.0970992148545635, 13.805980074012107, 202.96818583490935, -2.2788834052643634, -4.0970992148545635, -2.2788834052643634, 172.1106419734154, 6.547475779508399, 5.030094406393197, 16.0, 0.0
39, 0 ,1.0,1.0,1.0,133.8572968291392,278.21063369099744,54.4416590482606,13.522609997161897,12.395386675435727,14.99403113306222,59.0,53.0,76.0,-0.12383157634363866,-0.050932684460534824,0.990995258492135,15.02463822100047,0.9789937082797227,-0.16929053444374093,0.11363113172220861,13.527889029630643,0.161978578364446,0.9842492451617104,0.07082629137288544,12.352490692900853,74.84859452157961,63.734108623813015,57.643937864383645,22.724947709482443,6.701068063332898,103915.0,274985.128485786, 0.0, 0.0,0.0,NaN, 146.13845023976143,146.13845023976143,0.0, 182.86098113534288, -4.580200288660918, -5.593394966783855, -4.580200288660918, 153.64561083356955, -4.277640699113374, -5.593394966783855, -4.277640699113374, 224.82096961923912, 6.205953690931198, 4.648809304834143, 16.0, 0.0
40, 0 ,1.0,1.0,1.0,199.825578183693,175.0429955071076,190.5201167415482,14.455407788889998,12.416330127660299,14.250131654226893,76.0,65.0,67.0,-0.9596431415809776,-0.26966363806519544,-0.0797907458420774,14.614116215936937,0.09236199330071218,-0.034234671172080594,-0.9951367993815012,14.254100245115778,0.2656205997472916,-0.9623458367942274,0.057759738526990276,12.224506279364624,77.04519120503292,67.8064021291257,63.09512414387106,22.879203215480796,6.537000884941437,108616.0,329618.8481514335, 0.0, 0.0,0.0,NaN, 193.99745512854636,193.99745512854636,0.0, 208.9588143431016, 16.42668253187516, -0.028701004744809498, 16.42668253187516, 154.16525383904482, 3.2107981772205263, -0.028701004744809498, 3.2107981772205263, 203.0662521627993, 6.617856120247987, 4.8345913178790365, 33.0, 0.0
41, 0 ,1.0,1.0,1.0,104.92905177892231,216.14152652495991,275.94028208557415,14.104620623774727,14.362640303254375,12.613578888026852,73.0,69.0,54.0,0.5713077431444504,-0.8106655840356352,0.1281747770950138,14.532461275201392,0.7798346157445686,0.5848618495865712,0.2231470120451893,14.034567201693218,-0.2558621400475566,-0.027530487796928824,0.9663211875623694,12.49666453625462,70.55796475781071,64.48618662412855,57.33025021118402,22.80135999567059,6.665291751571487,105429.0,260853.44585374347, 0.0, 0.0,0.0,NaN, 136.45958928162398,136.45958928162398,0.0, 198.94032294061134, -6.87481036141195, 11.129739540355185, -6.87481036141195, 206.28543648066693, -0.3924247502950045, 11.129739540355185, -0.3924247502950045, 159.10237236447674, 5.38568700085751, 4.375993668426794, 22.0, 0.0
42, 0 ,1.0,1.0,1.0,175.57898996936507,279.9580434626694,173.79272753352936,13.351234447965325,11.311722862041476,15.762671982710481,71.0,49.0,75.0,0.33505701305094365,-0.06459011950451882,0.939981337297593,16.077832112307746,0.8949321773986001,-0.29019996209221705,-0.33894008299148715,13.15208051051574,-0.29467472891644453,-0.9547837967121501,0.0394297561995005,11.099479998632889,78.07633094083289,71.37565911044584,54.77795659067925,22.53557337026294,6.842535809204464,97601.0,305263.83468405873, 0.0, 0.0,0.0,NaN, 178.3551047273768,178.3551047273768,3.3036247397782844E-6, 178.25546128453598, -15.85604692652178, 27.512504657536994, -15.85604692652178, 127.9550741076318, -3.3181707231503803, 27.512504657536994, -3.3181707231503803, 248.46182803452598, 6.677547585252313, 4.946719061646331, 30.0, 0.0
43, 0 ,1.0,1.0,1.0,240.57033188507074,94.01068473450208,186.5687924730856,13.419821854739832,12.266258257580333,13.71634264857288,65.0,61.0,71.0,0.6289835244991266,-0.3283118769808086,0.7046921578547584,14.105473898823025,0.6600502577125728,-0.2533973706965619,-0.7071940538619059,13.33008078067169,-0.41074734716395117,-0.9099456489029486,-0.05731956769174598,11.917857121901546,64.94681132232319,65.13260362671686,60.208598706370424,21.940319607762724,6.108448364100042,98739.0,254691.69996434482, 0.0, 0.0,0.0,NaN, 158.86010555679013,158.86010555679013,0.0, 180.09161861295283, -17.719611299878935, 8.589716532177306, -17.719611299878935, 150.4610916416577, -6.781495417809786, 8.589716532177306, -6.781495417809786, 188.1380556530593, 6.749634118330489, 4.751894009083492, 19.0, 0.0
44, 0 ,1.0,1.0,1.0,118.37174421269769,169.5095759798304,271.79735961494384,14.425234630276988,12.418026699102388,14.473644051354126,69.0,60.0,63.0,-0.7552670111658026,-0.08117128896192859,-0.6503714044243758,14.545071473337925,0.6209547813803615,0.22891286227496266,-0.7496759706472872,14.473941177481963,0.20973054456979634,-0.9700567629439752,-0.12248663331610352,12.277095584450908,71.17953369735176,75.13009540460897,57.04674265190383,22.969252459409663,6.647901535024945,109075.0,305070.30083516025, 1.4210854715202004E-14, 0.0,0.0,40.95129391275052, 178.42367980066092,178.42367980066092,3.3036247397782844E-6, 208.08739413854244, 12.082903627502699, 2.5236090977145413, 12.082903627502699, 154.20738709961975, -6.8737734780455915, 2.5236090977145413, -6.8737734780455915, 209.4863721252987, 6.069739384680419, 4.535440262907942, 17.0, 0.0
45, 0 ,1.0,1.0,1.0,91.85373006489094,267.84321903715636,41.89046745677817,12.182524957447376,15.316821473464737,14.00352617984407,61.0,64.0,65.0,-0.20477881575412032,-0.8102085648274795,0.549206443970331,16.10025431281918,0.46722043561289256,-0.5739588446464887,-0.6725149137363178,13.786003984987405,-0.8600992391369959,-0.11888366638131848,-0.49608061109430246,11.39498069532615,82.28181267176998,66.11513529268358,58.57121177237181,23.0738923686896,6.834703418325446,107411.0,318631.678102658, 0.0, 0.0,0.0,NaN, 105.95271375700362,105.95271375700362,0.0, 148.4139143388282, 5.318885535864686, -33.46821895137679, 5.318885535864686, 234.60502004999046, -34.32699190983896, -33.46821895137679, -34.32699190983896, 196.09874546957823, 6.946332236350411, 4.671078781252215, 17.0, 0.0
46, 0 ,1.0,1.0,1.0,50.8475722710355,187.03579986743938,47.80417565982903,15.77784242583015,11.587645802703035,14.963411193555459,75.0,60.0,73.0,-0.9814576677331018,-0.191245136136641,0.012889699452587085,15.922279684816903,-0.005829917008146002,0.09699862341144222,0.9952674410046594,14.992973924821243,-0.19159034035039052,0.9767377155410573,-0.09631498597860383,11.349416898622817,74.55320847306854,72.45841598079019,59.85115959215122,23.656447093800413,6.891301205779685,117682.0,323316.4065511866, 0.0, -2.8421709430404007E-14,0.0,78.97454216301344, 132.7841305576957,132.7841305576957,0.0, 248.9403116143258, 23.35361548938793, -2.1345719567477697, 23.35361548938793, 134.27353524890128, 8.958447408653058, -2.1345719567477697, 8.958447408653058, 223.9036745474208, 6.714473561322863, 4.744162464162782, 26.0, 0.0
47, 0 ,1.0,1.0,1.0,279.0107506501985,235.54892546145666,48.23588253256257,11.747560630918992,13.506677450949994,14.028705568197836,49.0,61.0,66.0,0.11222089244179485,0.5870544319523824,0.8017316042321354,14.618363006685785,-0.06517668449331894,-0.8007420875561617,0.5954528604471218,12.908586942940254,-0.9915434791767962,0.11907645922375579,0.051597730189493256,11.700937680443248,66.91546535955197,64.26659194085411,54.01148780954222,21.865453419392974,6.256360221782065,94971.0,232272.56347514412, 0.0, 0.0,0.0,NaN, 83.19368943096698,83.19368943096698,0.0, 138.00518077711783, 6.609612903979643, 5.754979561489969, 6.609612903979643, 182.430335764001, 21.968979707621003, 5.754979561489969, 21.968979707621003, 196.80457991918496, 6.352046215347873, 4.591048361750502, 12.0, 0.0
48, 0 ,1.0,1.0,1.0,187.32490102435537,67.15521876737037,61.81917802003335,11.986972720400987,12.926421150089023,13.507102550511753,59.0,64.0,73.0,0.06294136647163188,0.3717806283937335,0.9261844032037272,13.610979580460958,-0.21787874777540364,-0.9005209670560671,0.3762855819191433,12.866343160747045,-0.9739441645466674,0.22547982668870176,-0.024323077558715062,11.933991226296422,69.73519871284972,65.15297638421347,57.83329480825361,21.339246336844653,6.152906941811856,88153.0,262763.0161206208, 2.8421709430404007E-14, 0.0,0.0,86.39133997714877, 145.007282947917,145.007282947917,0.0, 143.68751499963741, 5.539203195395963, 0.6015895355600078, 5.539203195395963, 167.09236374946883, 6.915762221954717, 0.6015895355600078, 6.915762221954717, 182.44181931004113, 5.956097024747542, 4.5327764514031035, 29.0, 0.0
49, 0 ,1.0,1.0,1.0,230.94597698427734,242.45614699753742,286.29628007198335,17.84891805930333,14.933527640174866,7.912927562440478,89.0,75.0,33.0,-0.9590222093635633,-0.28327083275726933,0.005834145732945098,18.105043575090427,-0.28092508511991654,0.9533550312445723,0.11043224597475301,14.686752624154561,-0.03684424646804115,0.10426801863305851,-0.9938665311763639,7.791998509816805,94.70091411434706,77.72251439850928,35.71654001768968,23.291106813103845,7.857028044788675,84464.0,262887.7768737973, 0.0, 0.0,0.0,NaN, 90.92604166513848,90.92604166513848,0.0, 318.5838758877245, 31.046628134468477, -6.3024610962248495, 31.046628134468477, 223.0102477798667, 15.875662073623767, -6.3024610962248495, 15.875662073623767, 62.61442260843021, 6.95625419992559, 5.1946673406555375, 19.0, 0.0
