// Sample: .//bubblelabels.tif, Map: .//bubblelabels.tif, Thickness:(8.191250068658265):/gpfs/home/mader/Foam/NewValid/InSilicoTest/LatticeData_OldFoam/out_Step_03500.vtk/distmap.tif, Neighbors:(1.0):
//LACUNA_NUMBER, TRIANGLES, SCALE_X, SCALE_Y, SCALE_Z, POS_X, POS_Y, POS_Z , STD_X, STD_Y, STD_Z,PROJ_X, PROJ_Y, PROJ_Z, PCA1_X, PCA1_Y, PCA1_Z, PCA1_S, PCA2_X, PCA2_Y, PCA2_Z, PCA2_S, PCA3_X, PCA3_Y, PCA3_Z, PCA3_S,PROJ_PCA1, PROJ_PCA2, PROJ_PCA3,OBJ_RADIUS, OBJ_RADIUS_STD, VOLUME, VOLUME_BOX, Mask_Grad_X,Mask_Grad_Y,Mask_Grad_Z,Mask_Angle, Mask_Distance_Mean,Mask_Distance_COV, Mask_Distance_STD, SHAPET_XX, SHAPET_XY, SHAPET_XZ, SHAPET_YX, SHAPET_YY, SHAPET_YZ, SHAPET_ZX, SHAPET_ZY, SHAPET_ZZ, Thickness, Thickness_STD, Neighbors, Neighbors_STD
1, 0 ,1.0,1.0,1.0,79.28893552608567,138.26083259457602,39.691965335697354,15.443975562488783,15.510385419221143,16.09544474026348,87.0,81.0,79.0,0.10515259246253626,-0.4679818666966316,0.8774599163161494,16.331718349132792,0.994440092789061,0.04447690694755897,-0.0954500214880099,15.433766525026783,0.0056421761839862234,0.8826181378101824,0.4700567930116472,15.271725672954446,90.22459652801335,84.95110702948548,90.51303832357512,26.151320658108276,7.366152744213619,165819.0,693753.4163186258, -1.4210854715202004E-14, 0.0,0.0,83.96404186705928, 164.2505562816009,164.2505562816009,0.0, 238.51638117475073, -1.428423464372195, 2.6186218033002837, -1.428423464372195, 240.5720558527878, -13.777167831999815, 2.6186218033002837, -13.777167831999815, 259.0633413868753, 7.038077060109067, 5.519029609033937, 53.0, 0.0
2, 0 ,1.0,1.0,1.0,58.91133186166299,261.8639596851517,12.854928980756796,14.602800266324165,18.66493272555566,8.161695082300152,83.0,89.0,34.0,-0.2768380962016201,-0.9605268373920066,-0.027365363896221455,19.00218452090893,0.9566288081021985,-0.2728037026615011,-0.10217369193262288,14.219454232293659,0.09067520058113884,-0.054464065803843414,0.9943901012860519,8.059705990490798,93.04042875978158,75.81741543969623,38.12546193684313,23.658647332800854,8.276663715911917,89694.0,268940.24306545535, 0.0, 0.0,0.0,NaN, 71.34529971701726,71.34529971701726,0.0, 213.2417756181571, 42.92827916444823, -11.170198115994873, 42.92827916444823, 348.3797136495185, 11.60884611482598, -11.170198115994873, 11.60884611482598, 66.61326661644249, 7.7303317603602935, 5.513427779011577, 21.0, 0.0
3, 0 ,1.0,1.0,1.0,77.85293612637362,14.758606627747254,258.2603021978022,15.366165433929849,9.176841261452898,16.49598533237043,69.0,39.0,82.0,-0.5810848466768846,0.10450903193349367,0.8071048650620469,17.584282952179528,0.8001255828501466,-0.10795249021576404,0.5900383983478773,14.246385922519138,-0.14879332186363212,-0.9886476228164105,0.02089079386347607,8.960160097393485,95.64540926560278,73.0875712217449,40.400334004155425,23.09111651711298,7.6974882760423515,93184.0,282418.15758692985, 0.0, 0.0,0.0,NaN, 89.56058567086635,89.56058567086635,0.0, 236.11904014290053, -24.49827282337504, -49.44836901915991, -24.49827282337504, 84.2144155379044, 11.495634847585816, -49.44836901915991, 11.495634847585816, 272.1175320857804, 7.048742558174206, 5.258812854145515, 32.0, 0.0
4, 0 ,1.0,1.0,1.0,154.08858423118406,176.61092764935455,14.219920611094432,15.835190313675257,15.321678567694986,8.858673831437837,78.0,67.0,38.0,-0.7620605021141783,-0.6461376577728345,0.0420703972565235,17.168670650463948,0.6409087532658735,-0.7619535718781387,-0.093073757253746,13.8609369932143,0.0921941489719932,-0.04396454833136434,0.9947700022544654,8.780339527599224,81.07875502394918,67.43286997100671,40.962765489811765,22.629689903617628,7.202799686226756,89937.0,223958.7239815158, 0.0, 0.0,0.0,NaN, 191.61735456215575,191.61735456215575,0.0, 250.75325227031468, 51.00463368154975, -13.840322753800768, 51.00463368154975, 234.75383413176388, 2.2408181507433835, -13.840322753800768, 2.2408181507433835, 78.47610205180155, 8.10880103982151, 5.549910135904973, 23.0, 0.0
5, 0 ,1.0,1.0,1.0,17.54354961373734,163.9723211784013,12.84223271824841,10.586229788663381,14.46031821744593,8.215446551014358,45.0,73.0,35.0,-0.059899719394111026,0.9978941119082907,0.024887045531179722,14.475417624738924,-0.998067230483409,-0.06028617799512997,0.015079130542494927,10.57021604836633,-0.016547720437717753,0.023935708920016424,-0.9995765377332602,8.209472784595423,73.14491471567936,48.56038465672105,36.00110905614352,18.67958658215216,6.303623659499918,49966.0,127873.9663005912, 0.0, 0.0,0.0,NaN, 137.7542321666791,137.7542321666791,0.0, 112.06826113838392, -5.8287889942000355, -0.8791217707022655, -5.8287889942000355, 209.10080294979863, 3.489749186433319, -0.8791217707022655, 3.489749186433319, 67.49356203257369, 7.451981980886971, 5.207426292615866, 16.0, 0.0
6, 0 ,1.0,1.0,1.0,171.69955726395992,98.79316676390843,10.863592682843121,13.232731770569783,15.660799196796988,6.988989986023958,64.0,74.0,28.0,0.11389574229815391,0.9889195490425502,0.09521494319607078,15.754305115939118,0.9922913958698729,-0.10852276796474254,-0.059838069118998166,13.208090519889359,0.048842047141493275,-0.10129627019169624,0.9936566409360319,6.823490144441522,76.56499014294612,65.90388142202332,30.352425706529974,20.503994506257502,6.985557379790478,58274.0,153156.21640021092, 0.0, 0.0,0.0,NaN, 162.2932871423955,162.2932871423955,0.0, 175.1051901118469, 8.938870915030897, -5.407235118729406, 8.938870915030897, 245.26063148239717, 19.81674301757726, -5.407235118729406, 19.81674301757726, 48.84598102474316, 6.40228517505937, 4.800976315908555, 24.0, 0.0
7, 0 ,1.0,1.0,1.0,280.3295202254015,205.84004858476948,209.40116284858078,12.699747599700736,13.99675479154444,14.831790691443635,51.0,74.0,75.0,-0.3953018728714803,0.13501399626285074,0.9085745154457257,15.343557166265843,0.18020258398956324,0.981316176314641,-0.06742099692749365,14.005092858006806,-0.9007016476213334,0.13707582907408458,-0.4122459933775802,12.066788157155152,78.2945661888651,70.00385490872088,60.76129629762261,22.956763542408446,7.082496492305066,100443.0,333027.892306277, 0.0, 0.0,-2.8421709430404007E-14,24.690902516114352, 132.14073375863646,132.14073375863646,0.0, 161.28358909610458, 4.1427682560387415, -32.872889977025864, 4.1427682560387415, 195.90914469462223, 7.674443040583015, -32.872889977025864, 7.674443040583015, 219.98201511479402, 7.083025920068026, 5.036349991961937, 34.0, 0.0
8, 0 ,1.0,1.0,1.0,189.93175796564435,113.96236911314686,234.3101395148754,13.190416650323058,13.166047978081803,13.564937365525827,64.0,69.0,65.0,0.611205600621636,-0.26069545852023185,0.7473055544258117,14.096832694794683,0.1631794396834951,-0.88240544632842,-0.4412857336856957,13.19237361300349,0.7744676779784454,0.3916612135466928,-0.49679101196560144,12.592856027558144,68.02915172027775,67.73760582622839,61.87514306597117,22.20901487148273,6.172446430646393,102283.0,285128.8183469637, 0.0, 0.0,0.0,NaN, 171.5155889386436,171.5155889386436,NaN, 173.98709140911976, -8.621859581653224, 17.221383551654018, -8.621859581653224, 173.34481936115193, -1.8006635805289495, 17.221383551654018, -1.8006635805289495, 184.00752573063878, 6.458969266683776, 4.81078932125465, 37.0, 0.0
9, 0 ,1.0,1.0,1.0,121.56355761794276,186.59554524361948,114.17032224800207,12.585602946314191,12.816596482839325,14.135696291336664,63.0,67.0,67.0,-0.14348739998550064,-0.27188176730067054,0.9515732607922868,14.283388009540941,0.2222421213961134,-0.9458168916804347,-0.23672525612894885,12.697562512714452,-0.9643753447298183,-0.17751256862945028,-0.19613638738341885,12.539425416330754,73.05213643555493,66.81841366974714,66.89291876405994,21.976668616381954,6.2854190864933495,96975.0,326519.5794978326, 0.0, 0.0,1.4210854715202004E-14,17.90394096178842, 201.67580762584163,201.67580762584163,0.0, 158.39740152227245, 0.9859949150909751, -6.596971190261176, 0.9859949150909751, 164.26514540392932, -11.208627180086244, -6.596971190261176, -11.208627180086244, 199.81790964090914, 6.346848832443837, 4.692124293950971, 35.0, 0.0
10, 0 ,1.0,1.0,1.0,260.25278959921434,141.1222466445307,126.31312725061966,14.253263628582962,13.266309591439047,13.409169906809803,74.0,67.0,64.0,-0.8922305228323686,-0.28380519492077955,0.3512539045509061,14.465823960338458,-0.4511934852489262,0.5280765313606286,-0.7194161632150438,13.391795399203595,-0.018685100888284824,0.8003685328410322,0.5992170546994542,13.052052902354268,78.79368938865912,70.21431806017752,66.26180335396444,22.716639380889863,6.550620357651343,106915.0,366589.79378000234, 0.0, 0.0,0.0,NaN, 193.5208912455586,193.5208912455586,0.0, 203.15552406588597, 7.71065837289689, -9.276283872258311, 7.71065837289689, 175.99497017590767, -7.291367658098498, -9.276283872258311, -7.291367658098498, 179.80583758969362, 6.116380196033178, 4.620944163107313, 38.0, 0.0
11, 0 ,1.0,1.0,1.0,22.91771118278692,133.19154452292491,192.06528395868207,13.065185926138652,13.155419189481796,13.467801030459118,58.0,65.0,65.0,0.4547558702895409,-0.5142635616512511,0.7271382864317986,13.930286522279538,0.41336829254992624,-0.6012995939127148,-0.683787578912313,12.930249498741631,-0.78887499209416,-0.6115323274514384,0.06086426973410288,12.802404744386177,84.53849320229692,66.91647697542564,68.82613560909239,22.033717545028786,6.297705381918846,97972.0,389350.69722749345, 0.0, 0.0,0.0,NaN, 172.95985645571017,172.95985645571017,NaN, 170.69908328457151, -7.869021435269028, 9.040269865623658, -7.869021435269028, 173.06505405098585, -9.92217285314773, 9.040269865623658, -9.92217285314773, 181.38166459603565, 6.355926988892252, 4.672418512514243, 35.0, 0.0
12, 0 ,1.0,1.0,1.0,47.15056165374298,248.53427140646886,213.69288938121963,13.295202881891024,14.565445566408615,13.21917816778731,62.0,71.0,65.0,0.03994394013469272,-0.8711619474403971,-0.48936831014928966,15.09026368424338,-0.8080972848277729,-0.3162228308674163,0.4969727351597665,14.008378482058843,-0.5876931681587749,0.3756061535306001,-0.7166147901972507,11.819922584084745,71.39333229940985,67.70256824670376,64.48312250157473,22.8398275250618,6.481016453926729,109231.0,311679.943336881, 7.105427357601002E-15, 2.8421709430404007E-14,0.0,35.30549058613914, 110.99916228192365,110.99916228192365,0.0, 176.76241967064337, 11.381717392033416, -24.420478241190942, 11.381717392033416, 212.15220454801235, 28.635420975743074, -24.420478241190942, 28.635420975743074, 174.7466714317047, 6.993029187643464, 4.916697150804447, 42.0, 0.0
13, 0 ,1.0,1.0,1.0,263.409902890579,281.1607723346508,26.446754935449583,15.269533497642705,11.069123188218567,13.897244679687585,74.0,51.0,63.0,0.9368625877161052,0.016383481545563794,0.34931371755247337,15.484338095202016,0.3449772389727006,0.1202739018003576,-0.9308731885367041,13.693554642514922,0.05726426746807512,-0.9926055460645803,-0.107028190647047,11.024490286839983,79.41299557888851,70.10848209605334,53.52014434105294,22.41904643244902,6.797345668594827,96901.0,297974.7190763358, 0.0, 0.0,0.0,NaN, 48.92016508679671,48.92016508679671,0.0, 233.15865323563264, 4.552028594830438, 17.504049431522343, 4.552028594830438, 122.52548815595799, -6.709837825609457, 17.504049431522343, -6.709837825609457, 193.1334096871049, 6.372421627139356, 4.760403660137415, 23.0, 0.0
14, 0 ,1.0,1.0,1.0,135.61701803645363,21.24089849141008,249.49240946080997,15.05082225264275,12.715593444795589,13.650397004361338,73.0,55.0,69.0,0.9025390214424338,0.17059066547868204,0.39537594720123526,15.495571384170525,0.29975830026845657,0.4102762643018088,-0.8612887717663095,13.38962287778882,0.30914119135744345,-0.8958639471493944,-0.31915437017845727,12.456009480540772,80.85786199798599,72.3788466425496,62.00738501179796,22.938388904615884,6.955373460229299,105065.0,362891.94522472896, 0.0, 0.0,0.0,NaN, 146.26745383678713,146.26745383678713,0.0, 226.52725048064616, 16.048505910601556, 24.087713052720545, 16.048505910601556, 161.68631665332856, -2.7962964208166134, 24.087713052720545, -2.7962964208166134, 186.33333837667698, 6.845812562565719, 4.688119610343968, 31.0, 0.0
15, 0 ,1.0,1.0,1.0,237.1117356115108,241.53581384892087,9.824482913669065,14.124480854095914,11.607730605689678,6.709659528070234,68.0,54.0,28.0,-0.9950501480186337,0.022559606154110623,-0.09677947663769595,14.177445976066576,0.024847909391702533,0.999437902572556,-0.02250467285324864,11.608695914458867,-0.09621738058665219,0.02479804572020584,0.9950513919398843,6.595309314653123,68.86334194520637,53.37939893060124,30.66364222050636,18.459771110556986,6.2045749846755,44480.0,112715.9857299035, 0.0, 0.0,0.0,NaN, 86.42635781187084,86.42635781187084,0.0, 199.50095939772203, -1.2691545600075769, 15.116464026957388, -1.2691545600075769, 134.73940981426486, -2.3965805144216414, 15.116464026957388, -2.3965805144216414, 45.01953098262367, 6.139609243858123, 4.591492814083822, 15.0, 0.0
16, 0 ,1.0,1.0,1.0,144.41837297400977,151.87347751030978,58.79386448642946,12.27431940164204,11.702520531272336,13.519620708258902,61.0,59.0,67.0,0.35628837651455925,0.12179846208309486,0.9264036525159063,13.697859311828136,-0.7444018801359779,-0.5622394622524215,0.3602119208689916,12.484887721509416,-0.5647339494050633,0.8179559411852824,0.10965238104600769,11.264292099738284,69.82446757421705,65.50724450339709,60.14846995268725,20.866836698759975,5.912966585465178,83416.0,275119.6110033135, 0.0, 0.0,0.0,NaN, 215.06941116439023,215.06941116439023,NaN, 150.65891677352622, 14.768611637667881, 12.277643656949435, 14.768611637667881, 136.94898678485058, 0.9835336840626824, 12.277643656949435, 0.9835336840626824, 182.78014409518295, 5.709680493528398, 4.491544973307024, 31.0, 0.0
17, 0 ,1.0,1.0,1.0,34.21112274857918,10.948077814597964,72.15434144331313,15.108269840154964,7.488327583945978,13.394452972119995,75.0,31.0,63.0,0.9750194873027024,0.0010166403707022806,0.22211700930440104,15.196437635804013,0.22201187550958695,-0.035562550230898646,-0.9743952135318554,13.300099366863703,0.006908437789428734,0.9993669353462876,-0.03489988572872579,7.478093206321213,78.0140523927702,65.78293683834355,31.961976356457594,20.340915522458463,7.070600660336764,58241.0,164028.65430303276, 0.0, 0.0,0.0,NaN, 80.60093248015843,80.60093248015843,0.0, 228.2598175629361, -0.7816240244552127, 11.732322893031009, -0.7816240244552127, 56.07505000448621, 4.2313958985003, 11.732322893031009, 4.2313958985003, 179.41137042233416, 6.2968567280083985, 4.537256323941669, 26.0, 0.0
18, 0 ,1.0,1.0,1.0,218.694854799485,29.690496399790188,269.64266844690286,12.509005320057476,13.905644241585076,14.334453201296313,68.0,65.0,64.0,-0.27995854303037526,-0.5790576544752751,0.7657123787545189,15.03070508972221,-0.05594009678679059,-0.7864119816117418,-0.6151641250503638,13.376244170464517,-0.9583808844899788,0.2150544767520265,-0.18777021135717445,12.26673146558697,75.65409367104795,74.82148452573179,60.34025121233759,22.63381647023548,6.559653683126884,104855.0,341559.10547902546, 0.0, 0.0,0.0,NaN, 91.72578585963409,91.72578585963409,0.0, 156.47521409722623, 13.48288706125301, -15.194842214228078, 13.48288706125301, 193.3669417735282, -19.689718953723233, -15.194842214228078, -19.689718953723233, 205.4765485801541, 6.275638175341234, 4.6275492921882, 35.0, 0.0
19, 0 ,1.0,1.0,1.0,161.66043285595018,256.5521674908484,281.5753002376212,14.937172756744934,12.694906188740891,10.013059549195988,71.0,67.0,43.0,-0.9573486923665644,0.2887020246379212,0.011602680465926815,15.145380174201868,0.28568554732808077,0.9518239020995077,-0.11142274202298766,12.474403120526738,-0.043211679808637535,-0.10335569825622312,-0.9937053639616142,9.977367428686062,75.16610241304224,64.49513109666302,45.18358806732908,21.053848422609658,6.424686859230556,77855.0,219043.1502888884, 0.0, 0.0,0.0,NaN, 146.16777876358444,146.16777876358444,0.0, 223.11912996484307, -20.640066123491746, -3.226764981285936, -20.640066123491746, 161.16064314093177, -5.510828873100202, -3.226764981285936, -5.510828873100202, 100.26136153574495, 6.694990846328856, 4.881391330677303, 31.0, 0.0
20, 0 ,1.0,1.0,1.0,40.725023664904946,85.53201664431649,38.17532736451842,12.429454929148099,12.399990410761587,15.640365129324815,59.0,60.0,78.0,0.09191544943446305,-0.010860289699480618,0.9957075897385259,15.665559249614866,0.7009554525326757,0.7109274915837478,-0.056952219229387695,12.464034763983582,-0.7072573815238502,0.7031814529821476,0.072957799185171,12.33329737743795,79.55197527893081,61.07169447297483,62.52558701316685,22.543406080685603,6.683335670355924,101416.0,303772.6818374715, 0.0, 0.0,0.0,NaN, 102.13524877895412,102.13524877895412,0.0, 154.49134983572398, 1.5224160700486773, 8.40943592938319, 1.5224160700486773, 153.75976218697932, -1.1401730294291217, 8.40943592938319, -1.1401730294291217, 244.6210213785996, 5.956742660984911, 4.406265528092642, 34.0, 0.0
21, 0 ,1.0,1.0,1.0,190.74965234908052,281.910039638703,60.044928195464294,14.231540823698106,10.256524746786974,12.768882184497414,67.0,44.0,68.0,0.9779410832932941,0.15939931431565885,-0.13499294871524276,14.349455673707203,-0.13806690124016258,0.008318115683705829,-0.9903879743481396,12.73986063906597,-0.1567442770536697,0.9871791466330574,0.030142396450051928,10.127511002467712,68.99298588510752,66.89059097353447,47.85486460580731,20.77065065661887,6.273553828604044,76945.0,220849.3195728651, 0.0, 0.0,0.0,NaN, 125.96935551838996,125.96935551838996,1.9073486328125E-6, 202.53675421658576, 16.040419696670785, -5.47399503763434, 16.040419696670785, 105.1962998814536, -2.7157840929366364, -5.47399503763434, -2.7157840929366364, 163.04435224157544, 6.143896671798666, 4.68361441949541, 35.0, 0.0
22, 0 ,1.0,1.0,1.0,281.21317548865136,105.42622322531193,168.98164629732148,10.688870980866357,12.111135169759903,12.888822733701778,45.0,62.0,66.0,0.12403803985183502,-0.46277997587796077,0.8777523902537142,13.139264936071154,0.31317894392735257,-0.8211117016032229,-0.47717347219937645,12.021789955025072,-0.9415590867015535,-0.3340812287702724,-0.04308385814991684,10.482823695149095,67.28782166399074,59.23255159083281,52.16155768123332,19.85388008149397,5.733825521960421,70449.0,207896.6361826219, 0.0, 0.0,0.0,NaN, 169.21419067481807,169.21419067481807,0.0, 114.25196284560693, -12.508297071608407, 1.6562568085680975, -12.508297071608407, 146.67959510019523, -11.919741846863186, 1.6562568085680975, -11.919741846863186, 166.12175146078778, 6.219697366593469, 4.628033899754924, 22.0, 0.0
23, 0 ,1.0,1.0,1.0,277.8047054154172,207.33949991180103,11.306800141118362,12.78773549652676,12.217289604562245,7.149040174716161,49.0,67.0,28.0,-0.9157951056639695,0.4008056409451324,-0.02596464189009011,12.919545965248636,0.4014223241868492,0.9155271544839847,-0.025887198513681323,12.083689033796052,-0.013395599514279957,0.03413015659238016,0.9993276191142887,7.139111374458712,65.08668021818883,61.38027365454235,29.787152067253167,18.12604384332651,5.945052936722934,45352.0,119000.8116604641, 0.0, 0.0,0.0,NaN, 95.95021160853543,95.95021160853543,0.0, 163.5261791291305, -7.62769115543255, 1.7693228269951884, -7.62769115543255, 149.2621652817447, -3.4593359007938047, 1.7693228269951884, -3.4593359007938047, 51.10877541970567, 6.49970328846996, 4.68498433186389, 14.0, 0.0
24, 0 ,1.0,1.0,1.0,91.17934080942372,268.32768536400596,39.37825033877146,11.340039241735573,14.673744607082858,13.557522452728726,62.0,61.0,67.0,-0.05359427656458762,-0.8520245650654542,0.5207511824706128,15.268075573363815,0.28462544894218084,-0.5129017880316896,-0.8098889489605087,13.038407078219635,-0.9571394920981896,-0.10481362678067709,-0.2699964746197633,11.162772729162006,76.09220315669413,68.88485413275879,58.53687501475656,22.03290371620308,6.5017566616132605,93721.0,306826.9025216806, 0.0, 0.0,0.0,NaN, 104.24708295480217,104.24708295480217,NaN, 128.59649000410272, -1.6718209963424449, -13.49200959970631, -1.6718209963424449, 215.31878079389324, -29.28783779680133, -13.49200959970631, -29.28783779680133, 183.80641505624354, 5.834949612952972, 4.261833507734009, 34.0, 0.0
25, 0 ,1.0,1.0,1.0,52.0371202848559,188.88028263046624,49.320106820963616,14.356985198792222,11.003661731500879,13.563044344147405,73.0,56.0,75.0,-0.8120422642172535,0.07095534381358941,0.5792691087130498,15.080343087850203,0.5783749319285842,0.2303534163825818,0.782572515283714,12.87428280700061,0.07790891631592295,-0.9705166885454203,0.22809550195764566,10.86259001983606,77.69427205454679,66.02781150145296,58.02780685090488,21.670948324457427,6.444359246630464,89870.0,297681.6481631655, -7.105427357601002E-15, 0.0,7.105427357601002E-15,8.960780041021692, 132.24192380881672,132.24192380881672,0.0, 206.12302399833894, 0.05724242956230921, -29.857392637751516, 0.05724242956230921, 121.08057150129692, 13.105486027447917, -29.857392637751516, 13.105486027447917, 183.9561718813089, 5.961497041706754, 4.289920876430639, 32.0, 0.0
26, 0 ,1.0,1.0,1.0,68.76622556865574,62.306702134854255,161.47524741315178,13.494475759174112,12.758411089479177,11.973929964616268,64.0,62.0,58.0,-0.9411166427321163,0.24895061629310702,-0.22874233412272496,13.687236594476438,-0.1445632301443372,-0.9079411493384963,-0.39337557350212615,12.828722220660394,-0.3056156692037659,-0.33714456837560536,0.8904676315015398,11.67631658240635,66.41720518780022,63.25810626683854,64.97074310399161,21.270433639447322,5.9851132930375455,88718.0,272969.8098397417, 0.0, 0.0,0.0,NaN, 166.73339794152884,166.73339794152884,NaN, 182.1008760149377, -8.24322006496002, 12.585739436740596, -8.24322006496002, 162.77705352814522, 7.181705154400618, 12.585739436740596, 7.181705154400618, 143.37499879753534, 6.272150786746107, 4.388771152136479, 37.0, 0.0
27, 0 ,1.0,1.0,1.0,32.60998333262105,288.89258087952476,207.06023761699217,13.156844454583878,6.802927291807667,13.413823597068061,77.0,27.0,86.0,0.6290741465222063,-0.05243085401227799,0.775575092254065,13.993669633582616,0.7766840800313807,0.08353737514499453,-0.6243263143418616,12.586333368125581,0.032055545591459844,-0.9951243703685625,-0.09327341258582854,6.713751690787535,70.39625273949298,78.6089398505911,32.05961355916611,18.87196694246204,6.569771910471673,46798.0,177410.68152507712, 0.0, 0.0,0.0,NaN, 99.11904561829517,99.11904561829517,0.0, 173.1025560021145, 2.381712599109083, 18.58954350581955, 2.381712599109083, 46.27981973762161, -12.041309147813335, 18.58954350581955, -12.041309147813335, 179.93066349325994, 5.790006367999079, 4.446110394391389, 23.0, 0.0
28, 0 ,1.0,1.0,1.0,124.0376234764718,169.08422268477855,274.4032461829076,13.065204547934826,11.61465977741817,13.15156013688471,68.0,57.0,61.0,-0.7619668555500511,0.3208573194655258,0.5625451907078804,13.29409386647169,0.5683422389227843,-0.08513314485828735,0.818376103697301,13.117657878996786,0.31047320415682395,0.9432936595736956,-0.1174881326290438,11.391116964445613,75.13879686285381,70.18648665350366,61.23267779404685,20.990866808841268,6.160108462700699,83113.0,322924.49738908606, 0.0, 0.0,0.0,NaN, 182.1523170143945,182.1523170143945,0.0, 170.69956987937687, -13.532087210608498, -0.4539235837229073, -13.532087210608498, 134.9003217451755, 5.530750625289, -0.4539235837229073, 5.530750625289, 172.96353403409498, 5.675575195191812, 4.220813508508794, 30.0, 0.0
29, 0 ,1.0,1.0,1.0,276.74606059354414,207.8869705293158,287.047871791165,13.625115847289079,12.71571139992726,7.474424472360668,55.0,61.0,34.0,-0.9634886710653109,0.2415965972061559,0.11541518508067912,13.786220173327921,-0.22388889193827913,-0.9633752475867728,0.14758691135657181,12.708683302242491,0.1468446280782868,0.1163581391890125,0.9822919314791402,7.185375530001275,62.21259919819312,65.92759270029677,39.51815011158527,19.01939816886136,6.439146895796975,48421.0,162084.75575114763, 0.0, 0.0,0.0,NaN, 95.88176845117302,95.88176845117302,1.9073486328125E-6, 185.643781852048, -8.523054260992822, -19.024418505520888, -8.523054260992822, 161.6893164062401, -11.763077955576607, -19.024418505520888, -11.763077955576607, 55.867021193024044, 5.617278864339211, 4.346940241805143, 18.0, 0.0
30, 0 ,1.0,1.0,1.0,13.001694017998942,250.0327510146462,81.2880536439033,8.27601303136528,11.896073122918978,13.674773563591671,33.0,57.0,59.0,-0.06589209860000217,0.038235085729023,0.9970939321655617,13.69462963777711,-0.11225858061481044,0.992637564278596,-0.04548271167603283,11.935113878625755,-0.9914919275619123,-0.11492930088689858,-0.06111475580588566,8.186486135395372,58.3420639561489,58.52263415740563,36.455372923722834,19.032235342377103,5.897660326690047,56670.0,124470.7195468248, 0.0, 0.0,0.0,NaN, 96.29910531108848,96.29910531108848,0.0, 68.49239169532794, -8.708790261115338, -7.5333977968910775, -8.708790261115338, 141.51655574583526, 1.1894366055570305, -7.5333977968910775, 1.1894366055570305, 186.99943201550565, 7.830024887884086, 4.961284783532456, 26.0, 0.0
31, 0 ,1.0,1.0,1.0,60.303137827011525,44.387950645368676,34.718139557885365,11.972321678390061,12.0294811074745,14.334138814474818,62.0,60.0,68.0,-0.3753017904994862,-0.42995891401782577,0.8211479149973475,15.419394035498502,-0.6548241031421432,-0.5040094623862899,-0.5631872297639307,11.798986350208875,-0.6560136888754438,0.7490726227020279,0.09239180659743457,10.795306680413754,80.91045430689297,59.659705313008644,54.335072864075926,21.250079437293966,6.476616520010796,80884.0,262280.49664237286, 0.0, 0.0,0.0,NaN, 82.53549423514733,82.53549423514733,9.5367431640625E-7, 143.33648637084863, 27.044839994636963, -28.993905640420866, 27.044839994636963, 144.70841571508592, -36.360559581461146, -28.993905640420866, -36.360559581461146, 205.46753555263354, 6.302608525857, 4.34611191805848, 27.0, 0.0
32, 0 ,1.0,1.0,1.0,135.3938726333907,142.76612736660928,174.94774526678142,12.345654199015074,11.461437656814576,11.834901384690848,58.0,52.0,55.0,-0.8654161762671929,0.4554842577552641,0.2087796273399476,12.644349250486037,-0.3148160621822491,-0.17013230742008478,-0.9337804051081708,11.861784471754804,-0.38980211498545386,-0.8738358478049836,0.29062901135952107,11.102392657685678,66.19727847736152,54.75867882307119,59.73944456902632,19.82887229692253,5.537187461197768,72625.0,216548.0496651731, 0.0, 0.0,0.0,NaN, 233.13458405776592,233.13458405776592,0.0, 152.41517760165854, -13.499567274655519, -1.48943550232409, -13.499567274655519, 131.3645531610472, 6.25250882418311, -1.48943550232409, 6.25250882418311, 140.06489078535736, 5.602754456040781, 4.103252749585971, 31.0, 0.0
33, 0 ,1.0,1.0,1.0,239.12485525066032,95.14625863616847,185.39686690867455,13.107048035753365,11.32225401358771,11.993312975608866,67.0,56.0,59.0,0.9208765915446991,-0.34762669838525656,0.1764709089759075,13.409507588988646,0.20392610657965124,0.04372677638525647,-0.9780092597118999,11.956699089519686,-0.3322656259685641,-0.9366128589746777,-0.11115712394173634,11.00227946355628,72.25885011809748,60.11853509772038,56.14372644270682,20.27009273021161,5.740299730785369,76857.0,243893.74964500032, -2.8421709430404007E-14, -1.4210854715202004E-14,-2.8421709430404007E-14,59.440912696351035, 160.91137901050308,160.91137901050308,0.0, 171.79470821154615, -18.6164500028973, 5.179471813164185, -18.6164500028973, 128.19343594820302, -4.54207399352586, 5.179471813164185, -4.54207399352586, 143.839556130908, 5.822836041773507, 4.282556360518763, 31.0, 0.0
34, 0 ,1.0,1.0,1.0,273.5905607007619,65.50650120899677,239.4849673798987,13.71252278157132,13.054984009566327,11.901097778135993,58.0,71.0,57.0,-0.9482825015354026,0.3110902077361902,-0.06311243880895129,13.816772457230861,-0.26948715111469634,-0.8940586694267748,-0.3578208644097087,13.126845572646463,-0.16774079010736911,-0.32230727306947377,0.9316550053859397,11.699775255401157,65.04846987736761,62.611471831997505,60.27734143965273,21.443465756032595,6.346636370551127,87676.0,245496.37715694454, 0.0, 0.0,0.0,NaN, 93.00875957540967,93.00875957540967,0.0, 188.03328103511242, -7.399272544361516, 6.649303788991299, -7.399272544361516, 170.43260749003252, 10.273718789559924, 6.649303788991299, 10.273718789559924, 141.63612832475346, 5.521596062115533, 4.201578062030744, 33.0, 0.0
35, 0 ,1.0,1.0,1.0,131.47277289836887,276.131869510665,59.01818067754078,12.829697120181814,12.135518785936227,12.188649231572885,63.0,53.0,69.0,-0.8805727275175893,0.034267050038416604,0.4726705415338445,13.117569497187853,-0.2826773967191918,0.7625500219886037,-0.5819028727796767,12.75929136463024,-0.38037502669903817,-0.646021078020559,-0.6617942322329964,11.205577577646496,63.591224392588856,67.8472508078091,60.795267076647434,20.6211440665492,5.933256431028601,79700.0,262300.5566835156, 0.0, 0.0,-7.105427357601002E-15,61.79221273052502, 146.07506055836106,146.07506055836106,0.0, 164.60112819560155, -9.42940832072587, -13.23188265909332, -9.42940832072587, 147.2708162038111, -15.768834114441242, -13.23188265909332, -15.768834114441242, 148.56317009032227, 6.254335745580149, 4.289169449678561, 23.0, 0.0
36, 0 ,1.0,1.0,1.0,36.05950497813343,176.35102819391457,209.23731041220805,12.232711062067448,13.243140000066255,12.843507133448606,67.0,63.0,67.0,0.2550911801250265,0.8457058452695114,0.4687324536442971,13.580955853327668,-0.34399407436662993,-0.3736787954155379,0.861412929237447,12.656909955863403,-0.9036573280968109,0.38098002721110547,-0.19559563451968592,12.055534868078581,59.67231046323741,65.09951722705114,73.60983621818309,21.251939433731803,6.191181048980644,85976.0,285947.6113321502, 0.0, 0.0,0.0,NaN, 157.56656355071027,157.56656355071027,0.0, 149.6392199280273, 10.346854235599887, 0.27217967724879827, 10.346854235599887, 175.38075706135484, 10.718397829156618, 0.27217967724879827, 10.718397829156618, 164.9556754869452, 5.555348117628965, 4.212470063523883, 40.0, 0.0
37, 0 ,1.0,1.0,1.0,200.60876774795315,175.46133574167567,193.58620434389945,12.473369876202906,10.69594692168489,11.73882347957388,63.0,53.0,56.0,0.919992673917672,0.28195453041798435,0.27224092769931924,12.705278073409097,-0.2796121318324816,-0.014579705849798952,0.9600023374499815,11.663090830075385,-0.2746462009020095,0.9593169835638827,-0.06542468476030922,10.504115130339294,64.1786628516196,56.44679965087272,51.19228946507164,19.429828097440478,5.501817282368915,67543.0,185453.2895393003, 0.0, 0.0,0.0,NaN, 191.60478034163518,191.60478034163518,0.0, 155.58495606856607, 13.356673481690013, 5.899137583281074, 13.356673481690013, 114.40328055150046, 3.561877213687585, 5.899137583281074, 3.561877213687585, 137.79997668459498, 5.943210191829793, 4.198807475042333, 34.0, 0.0
38, 0 ,1.0,1.0,1.0,162.95618629009633,9.656738052931825,224.05828579444497,14.03266344107342,6.525328913150185,12.313846924898765,70.0,27.0,66.0,0.9066310973562012,-0.01987317773185733,0.42145594089243554,14.46464572544325,0.42115458974576725,0.10293158273811664,-0.9011292364645044,11.85054135319756,0.025472825574808917,-0.9944898923980398,-0.10169065382507443,6.439338509400017,73.20910315005182,61.355582872323296,29.44504103694604,18.599664218863886,6.721523466490014,42772.0,132260.85829576387, 0.0, 0.0,0.0,NaN, 156.9758052135931,156.9758052135931,0.0, 196.91564325043856, 1.2677154940426854, 26.541621331216493, 1.2677154940426854, 42.57991742479378, -10.5850614412691, 26.541621331216493, -10.5850614412691, 151.63082608983876, 6.535795114444614, 4.296973617976055, 17.0, 0.0
39, 0 ,1.0,1.0,1.0,104.02126502659965,229.4225670869706,156.78624753842988,12.088148398722229,10.926423528437134,11.998166523198412,59.0,52.0,59.0,-0.8249953170335781,0.5397488864211664,0.16749288486313937,12.853559634301932,-0.19045460729473812,0.013501436073374729,-0.9816031549379635,11.988146374505028,-0.5320806042629941,-0.8417177976204777,0.09165904066735303,10.026784827730195,59.91154972518983,59.7771934037996,54.02303710214608,19.47298637775114,5.501714667503149,68046.0,193475.0957267228, 0.0, 0.0,0.0,NaN, 190.55649164605003,190.55649164605003,0.0, 146.1233317095308, -28.911331372525204, -0.8648076328969991, -28.911331372525204, 119.3867311227846, 5.274861685918243, -0.8648076328969991, 5.274861685918243, 143.95599991839907, 5.9375548091166666, 4.144577095623285, 23.0, 0.0
40, 0 ,1.0,1.0,1.0,51.59746003577024,20.695537038834278,165.67163475536208,12.268622313428905,11.335528726402655,12.33252442189867,61.0,49.0,59.0,0.3586553234599941,0.3890588278977808,-0.8485278942902305,12.745565321957832,-0.9177290692657379,0.31319186108040625,-0.24430352755871915,12.238963392131394,-0.1707035863081071,-0.8663394753719799,-0.4693785242570797,10.902421900805624,63.583224897632306,61.13941409936758,60.03893466097753,19.95217887839122,5.745869960069312,72127.0,233397.82320932593, 0.0, 0.0,0.0,NaN, 145.37782789946175,145.37782789946175,0.0, 150.5190934695656, -2.8079051896576543, -6.330164245189932, -2.8079051896576543, 128.4942115070998, -16.75566571148466, -6.330164245189932, -16.75566571148466, 152.09115861672714, 5.615172984228128, 4.08130796853212, 25.0, 0.0
41, 0 ,1.0,1.0,1.0,186.58182492475788,66.11175774173763,62.99875903975352,11.806730333062827,11.329056317886122,12.468327164421472,58.0,57.0,61.0,-0.5669613450294045,-0.10617919848495483,0.8168725794464771,12.96985929768624,0.5244988210157187,0.7181261416435825,0.4573793080597558,11.693173913968236,0.635181722025728,-0.6877650925259241,0.35145889874526925,10.874650068230531,66.79753988998502,58.18182620524723,59.655300284332746,19.77425195750928,5.673141987599378,70107.0,231844.52944931737, 0.0, 0.0,7.105427357601002E-15,35.22705868853769, 145.61349727840962,145.61349727840962,0.0, 139.39888115766584, 9.96523031529694, -18.70646841587209, 9.96523031529694, 128.34751705383547, 1.7341310129308263, -18.70646841587209, 1.7341310129308263, 155.4591822790504, 5.306705917182095, 3.9215850125791394, 32.0, 0.0
42, 0 ,1.0,1.0,1.0,92.19257527992173,158.62182030655507,106.50699804326557,11.302731992955241,11.571160396470907,13.221315763189912,57.0,56.0,61.0,-0.06425361180021355,0.16994087912166936,0.9833572956835074,13.25390643035637,0.6662774679700816,-0.7262893924735226,0.16905044825678067,12.511894048200535,-0.7429305546590503,-0.6660509109548575,0.0665610619671888,10.209464510804025,61.47506654364774,57.95147884472524,53.34640093505283,20.092296664423795,5.722439050279485,73592.0,190050.34190088583, 0.0, 0.0,0.0,NaN, 199.57705595174062,199.57705595174062,0.0, 127.75175050457398, -26.095437512018815, 1.3789654273676644, -26.095437512018815, 133.89175292085676, 5.514203480570147, 1.3789654273676644, 5.514203480570147, 174.80319050997406, 6.190363562733003, 4.294557421834684, 28.0, 0.0
43, 0 ,1.0,1.0,1.0,84.22471457702848,207.9876868724916,190.71968152121676,13.865451538313303,12.311715744561512,10.387359477050978,64.0,60.0,52.0,-0.9718720662345467,0.23550677814141252,-0.0011154920191457417,13.95642345071084,0.22858181157527668,0.9421330973974897,-0.24522557412548868,12.323163457468366,-0.05670134292905202,-0.23858286660542563,-0.9694654060214728,10.251059199255659,64.5370321481188,59.05672917343682,55.12161452606847,20.43133959771783,5.855483761763892,76991.0,210087.54664861367, 0.0, -2.8421709430404007E-14,0.0,76.37850251558007, 165.83804243743612,165.83804243743612,0.0, 192.25074636131475, -10.456741314971595, -2.5247523736355193, -10.456741314971595, 151.57834457488383, -10.83049631668488, -2.5247523736355193, -10.83049631668488, 107.89723690548078, 5.6591764995522595, 4.099998561132387, 21.0, 0.0
44, 0 ,1.0,1.0,1.0,24.701296765538828,11.787263377552541,265.53914517811893,13.006222347487892,7.513165982975223,14.004502658900316,50.0,33.0,71.0,-0.44023545114048834,0.0649078448374957,0.8955332038722418,14.379026796322414,-0.890988532619144,-0.1549369490912278,-0.42677157420274264,12.719483117633196,-0.11105035929845186,0.9857897917329298,-0.126040883108739,7.293415878315285,77.24427592300626,70.07805045788697,35.406139083693546,19.466041290412527,6.542844491743055,53672.0,191657.97225379143, 0.0, 0.0,0.0,NaN, 44.00731933310383,44.00731933310383,0.0, 169.16181975229344, 10.602705441737298, -19.249616643769514, 10.602705441737298, 56.447663087736046, 16.106497981140528, -19.249616643769514, 16.106497981140528, 196.12609472314602, 5.826434110124583, 4.203805841162338, 23.0, 0.0
45, 0 ,1.0,1.0,1.0,287.36778070403204,78.75288400905077,284.97444267220595,8.035799509287159,10.32768450802555,8.539609917017168,36.0,51.0,36.0,0.09266621668714949,0.9703692619138368,-0.2231512218601682,10.413386419526221,-0.5799812361891739,0.2347738752663195,0.7800660184631252,8.903275477494706,0.8093421637066538,0.05713775481439898,0.5845515708826737,7.513530969860771,49.7498023679517,49.51453400795339,38.41812495214117,14.891711927608137,4.732546296733419,26959.0,94636.83788795206, 0.0, 0.0,0.0,NaN, 81.1625349351242,81.1625349351242,0.0, 64.57407375345976, 1.5679422474966345, -11.397106684035917, 1.5679422474966345, 106.66106729731096, -7.078536404086374, -11.397106684035917, -7.078536404086374, 72.92493753481799, 6.714042604329957, 4.484165454435883, 9.0, 0.0
46, 0 ,1.0,1.0,1.0,121.54254772229424,236.9300929858286,78.29159774688185,11.773034013598494,12.51830423940428,14.17927205597104,61.0,62.0,66.0,0.1372413861706687,0.3280279170316506,0.934645648130793,14.451281809156256,0.1410812982768415,-0.9404276379820288,0.30934111429951167,12.26961992897127,-0.9804391205977424,-0.08940661814104804,0.17534419703573467,11.703884304956881,67.4868838330909,59.22969123982739,59.76428716492079,21.42323403929144,6.116295467895495,89476.0,238891.43975283048, 1.4210854715202004E-14, 0.0,0.0,82.11175156602617, 157.73388461380756,157.73388461380756,1.9073486328125E-6, 138.60432988534706, 1.4355540703981973, 9.809361028405586, 1.4355540703981973, 156.70794103028717, 18.085575393477058, 9.809361028405586, 18.085575393477058, 201.0517560372412, 6.039115103629727, 4.220684392904554, 38.0, 0.0
47, 0 ,1.0,1.0,1.0,23.628573138616233,188.19640890591333,121.77895618865215,12.568316544025473,12.560997603426918,12.47473779818925,52.0,61.0,63.0,-0.5781779936513726,-0.5212979933358358,0.6276612221583424,13.802353262584738,0.6203966569462143,-0.7805219599928304,-0.07676886099788259,12.168090083633086,0.5299228205193987,0.3450128578951539,0.774692153167814,11.52358246419486,70.96535065332894,63.7915457406956,58.97293361920799,20.886259177282252,5.926592803375896,83540.0,266969.8461009016, 0.0, 0.0,0.0,NaN, 166.99840304774872,166.99840304774872,0.0, 157.9625807508244, 10.000590997624853, -21.670921336152016, 10.000590997624853, 157.77866079329675, -17.96833987483107, -21.670921336152016, -17.96833987483107, 155.61908313357162, 5.970483308406946, 4.286759614604063, 22.0, 0.0
48, 0 ,1.0,1.0,1.0,218.67422632436205,137.46341425579772,208.56456992166292,12.31242599236173,12.738070270972361,9.959004993741674,68.0,61.0,59.0,-0.4924975616338739,-0.8698553164045364,-0.028246775169078298,12.955887542958301,0.8528485803967227,-0.4758905337276125,-0.21488950375423982,12.183745580327809,0.1734804043688615,-0.12992277872341015,0.9762297992116428,9.835515752569705,64.75797900164068,59.196059552847316,56.25702303524622,19.48839714055773,5.765277565121817,64465.0,215656.63868353178, 0.0, 0.0,0.0,NaN, 184.03942402760504,184.03942402760504,0.0, 151.59583381738474, 9.481271430792082, -8.48676750291109, 9.481271430792082, 162.2584342282299, 7.0350893998331125, -8.48676750291109, 7.0350893998331125, 99.18178046537159, 5.627137561021206, 4.0308111208873045, 29.0, 0.0
49, 0 ,1.0,1.0,1.0,125.5449362943558,91.82733984281973,213.12800666825436,12.689697963661077,10.364305908156757,12.134385809940126,62.0,51.0,65.0,0.7563470376964885,0.12838706715956386,0.6414482984262347,13.586095296530651,-0.6075422795821003,0.5014267791894922,0.6160061392809633,11.612368944766615,0.24255213272187842,0.8556213801079412,-0.4572532305126454,9.811294126438215,67.21752810143144,57.904768150380036,52.81278904174415,19.589526052848544,5.651642184002755,67184.0,205558.74978772283, 0.0, 1.4210854715202004E-14,0.0,82.62360297128053, 178.15873427141713,178.15873427141713,0.0, 161.02843440894407, -3.1782677272189908, 28.40869176989383, -3.1782677272189908, 107.41883695785306, 19.191918869845928, 28.40869176989383, 19.191918869845928, 147.24331898447628, 6.185606841468586, 4.207986312706356, 37.0, 0.0
