// Sample: .//bubblelabels.tif, Map: .//bubblelabels.tif, Thickness:(8.191250068658265):/gpfs/home/mader/Foam/NewValid/InSilicoTest/LatticeDataPhi_16.0/out_Step_02000.vtk/distmap.tif, Neighbors:(1.0):
//LACUNA_NUMBER, TRIANGLES, SCALE_X, SCALE_Y, SCALE_Z, POS_X, POS_Y, POS_Z , STD_X, STD_Y, STD_Z,PROJ_X, PROJ_Y, PROJ_Z, PCA1_X, PCA1_Y, PCA1_Z, PCA1_S, PCA2_X, PCA2_Y, PCA2_Z, PCA2_S, PCA3_X, PCA3_Y, PCA3_Z, PCA3_S,PROJ_PCA1, PROJ_PCA2, PROJ_PCA3,OBJ_RADIUS, OBJ_RADIUS_STD, VOLUME, VOLUME_BOX, Mask_Grad_X,Mask_Grad_Y,Mask_Grad_Z,Mask_Angle, Mask_Distance_Mean,Mask_Distance_COV, Mask_Distance_STD, SHAPET_XX, SHAPET_XY, SHAPET_XZ, SHAPET_YX, SHAPET_YY, SHAPET_YZ, SHAPET_ZX, SHAPET_ZY, SHAPET_ZZ, Thickness, Thickness_STD, Neighbors, Neighbors_STD
1, 0 ,1.0,1.0,1.0,170.29346464515572,61.92684261299008,167.62194577628037,12.90161432721981,12.255624286714303,10.92338952511867,59.0,59.0,59.0,-0.8362541052155956,-0.5482784155528595,-0.008357664082116965,13.3691297278011,-0.5464760377532187,0.8345677910800148,-0.069717589268187,11.747928755615447,0.04519968663172774,-0.05373435707878844,-0.9975317574883135,10.919018174593617,68.72793585785928,59.55510854247918,58.60024491291426,19.9981879066329,6.00374034031728,69453.0,239856.64369601087, 0.0, 0.0,0.0,NaN, 75.93253896793381,75.93253896793381,0.0, 166.45165224832348, 18.715665181663013, 1.1317509853836645, 18.715665181663013, 150.20032665710147, -0.8205245779263689, 1.1317509853836645, -0.8205245779263689, 119.32043871747231, 5.9508349317740565, 4.242445015161132, 27.0, 0.0
2, 0 ,1.0,1.0,1.0,41.75591346409398,8.936453516185617,26.203051081698824,14.037952586744467,5.90175204501149,12.062445702921691,73.0,23.0,54.0,0.8686106807674288,-0.023719953790774385,0.49492711488552243,14.910255382450147,-0.4903195454408321,0.10284620172193189,0.8654532928760902,11.012828821407208,0.07142988601026422,0.9944144118945256,-0.07770295233146154,5.813714143722242,78.7513202574735,54.07227632617223,25.288353144575666,18.233426650251378,6.70369591750047,37626.0,107684.46232006172, 0.0, 0.0,0.0,NaN, 50.10006383886121,50.10006383886121,0.0, 197.06411282768568, -8.295636286274142, 43.91967844400999, -8.295636286274142, 34.8306772007973, 5.573632465219377, 43.91967844400999, 5.573632465219377, 145.50259633593396, 6.251690944216439, 4.245285815352515, 16.0, 0.0
3, 0 ,1.0,1.0,1.0,170.08686282960468,40.314206793872195,11.919327665243115,14.79299684830306,11.344741454320353,8.237111966167866,65.0,60.0,31.0,0.931906763238137,0.35770397661025854,0.059980411370931574,15.32766109106412,0.3598308670024082,-0.9325625706287949,-0.02913415546243523,10.641486077511907,0.04551408335135415,0.04873311994343815,-0.9977742987455951,8.198018510717338,73.51779865466511,63.34534891762598,33.93081858358638,19.229276411744525,6.7543213310585255,51046.0,158016.18206273255, 0.0, 0.0,0.0,NaN, 51.59555617284697,51.59555617284697,0.0, 218.83275575390428, 40.464851449201944, 8.892855485881555, 40.464851449201944, 128.70315866537467, 4.849388856661963, 8.892855485881555, 4.849388856661963, 67.85001354318584, 6.137819859929272, 4.069212611599976, 14.0, 0.0
4, 0 ,1.0,1.0,1.0,9.488398078140714,30.055868002532684,135.04707810346753,6.210866943415213,10.510398622237748,10.559505935556283,24.0,53.0,56.0,0.04338699111613493,-0.6980034677062721,0.7147787966020731,11.582071082055764,-0.013119840444928109,-0.7157888886498356,-0.698193480829013,9.381688306191847,-0.9989721911988279,-0.020914730585234707,0.04021362027919132,6.195649035078098,65.08169713598743,45.26441750777846,25.85424425765768,15.29183131337112,5.167824307543257,26849.0,76163.6332219817, 0.0, 0.0,0.0,NaN, 72.19603148630803,72.19603148630803,0.0, 38.574868188807834, -2.433893147499397, 3.424286373020341, -2.433893147499397, 110.46847919833715, -22.972498683569434, 3.424286373020341, -22.972498683569434, 111.50316560304837, 6.186128965795735, 4.117547147431618, 12.0, 0.0
5, 0 ,1.0,1.0,1.0,59.113108667042674,74.1769129535627,142.43147208121826,9.84148262313696,9.912355866169083,10.60526134802018,50.0,56.0,56.0,-0.5989905222022126,0.3617094791305179,0.7144064718485209,11.521067390063799,0.1971048723689,-0.7981144888985368,0.5693530819260302,9.976772449920377,-0.7761185628500077,-0.48185009631353026,-0.40676831376384426,8.678142945066801,55.13093352083058,53.87913355150149,48.41615541225191,16.832298230534256,4.924924728073114,42552.0,143815.68355991849, 0.0, 0.0,0.0,NaN, 110.95363643584453,110.95363643584453,0.0, 96.85478022150674, -16.2527139040585, -21.85471129739872, -16.2527139040585, 98.25479881757663, 3.8305808933208048, -21.85471129739872, 3.8305808933208048, 112.47156825981081, 5.952301697725331, 3.86250719433242, 21.0, 0.0
6, 0 ,1.0,1.0,1.0,28.925890760081955,106.8131027934636,174.02465310745757,12.176699273489527,12.202407791359486,9.974826737711412,59.0,58.0,49.0,-0.701925574781944,0.7113355826902115,0.036085679511614524,12.569724034879306,-0.7026667630799621,-0.6998748317093431,0.12819765989497234,11.829065772758199,0.1164470159762202,0.06462900849151153,0.9910919148755265,9.936959805782228,65.88140285602944,60.22985942060336,48.991432893242745,19.073232850190294,5.734083901847222,60033.0,194399.35947374578, 0.0, -1.4210854715202004E-14,0.0,44.65631383980254, 100.97139997758617,100.97139997758617,0.0, 148.2720051970004, -9.332958633949408, -5.2107227412411445, -9.332958633949408, 148.8987559066307, -2.174077459635966, -5.2107227412411445, -2.174077459635966, 99.4971684473625, 6.030227248343368, 3.74723093369899, 25.0, 0.0
7, 0 ,1.0,1.0,1.0,136.12237755797463,16.50805842589011,180.27579156766316,13.445878176273876,9.970464592853832,9.672730962839925,65.0,41.0,39.0,0.9616653677298939,0.27182679811456034,0.03619271108544385,13.711094221524197,0.06887343517549441,-0.367166253371417,0.9276019579066893,9.67727411101186,-0.265435812271169,0.8895499616165371,0.3718127154253364,9.597905471344134,70.38981191872088,46.03232345521391,49.1648498654738,18.472344457569587,5.704035295204406,54291.0,159304.27054001816, 0.0, 0.0,0.0,NaN, 68.86153527275451,68.86153527275451,0.0, 180.7916399311981, 25.023474605706006, 3.434669481579754, 25.023474605706006, 99.41016419735193, 0.4221849144268659, 3.434669481579754, 0.4221849144268659, 93.56172427948218, 6.139870687049241, 3.9541167379605064, 14.0, 0.0
8, 0 ,1.0,1.0,1.0,185.19657766174683,155.333109313206,91.1987747822266,8.34658121739222,10.809335570420071,10.302260354215457,32.0,56.0,52.0,0.18457974383709852,0.8158233827043289,0.5480533973965478,11.429120116319531,-0.21172317129370094,-0.5115351713924625,0.8327695162323266,9.792050308219984,-0.9597414323151678,0.26974798731659133,-0.07830968290242811,8.13232353184144,55.381124496417414,47.3023572951481,38.142869051754374,16.3984228034715,4.871904294739326,38687.0,99921.26207378854, 0.0, 0.0,0.0,NaN, 102.62304301827143,102.62304301827143,0.0, 69.6654180185246, 12.933199877816001, 1.2784480001335496, 12.933199877816001, 116.84173547394862, 16.161433798987897, 1.2784480001335496, 16.161433798987897, 106.1365684060396, 6.149067254928884, 4.074306885517396, 18.0, 0.0
9, 0 ,1.0,1.0,1.0,79.33615319750837,146.63387101161493,44.8340995022169,9.626795146856017,8.891907267110659,10.42164053464455,45.0,40.0,48.0,-0.5850205688028829,-0.08653744124686129,0.8063883712827197,11.258065788090272,0.10417978722126553,-0.9940721705722019,-0.03109809686143355,8.872599685927895,0.8042993882952312,0.0658163426233737,0.5905681188750367,8.653595819315568,54.611098428325946,40.6600797074305,42.08137562028428,16.088438351339995,4.638312461973801,36763.0,93441.3417127619, 0.0, 0.0,0.0,NaN, 105.60428687112166,105.60428687112166,0.0, 92.67518479953057, 2.2279362956902973, -24.47726795006928, 2.2279362956902973, 79.06601484689534, -3.5002317737988147, -24.47726795006928, -3.5002317737988147, 108.61059143334636, 5.990029194947085, 3.9425003280757522, 14.0, 0.0
10, 0 ,1.0,1.0,1.0,153.08599319507454,10.67806221646144,87.30318373298769,9.553000576343628,6.801495318321586,9.578367604260869,48.0,26.0,46.0,-0.7006620180973626,-0.05331790456064436,0.7114983748744572,9.797492236404633,0.7072677355784359,0.07954313028658688,0.7024565756215564,9.349845099847883,0.09404832058832119,-0.9954044863659567,0.018022816567987297,6.7716192321753965,49.38140444758049,50.2728164214802,27.63367496913145,14.426217010748102,4.5988636963847505,24688.0,68601.76647447595, 0.0, 0.0,0.0,NaN, 99.68345367766418,99.68345367766418,0.0, 91.25982001162168, 4.2113364352905185, -4.343391893435353, 4.2113364352905185, 46.260338565150455, 0.42051621475150786, -4.343391893435353, 0.42051621475150786, 91.74512596235411, 6.343994608628174, 4.053282882518246, 15.0, 0.0
11, 0 ,1.0,1.0,1.0,99.07889827971351,90.90343827004122,12.862676461782925,11.21576454603764,11.422932507385209,8.33499684133778,60.0,55.0,33.0,0.5705827131193872,0.8168576541580952,0.08472862758626808,11.609648090388687,0.8161650334737195,-0.5754828081246438,0.051905449500191,11.05032152504219,-0.09115923224864017,-0.03953619096862845,0.995051196662529,8.297915351223278,58.28088787902283,60.078096672447955,36.18314745223243,17.24531935180393,5.324274055667188,43423.0,126691.84675278583, 0.0, 0.0,0.0,NaN, 135.07594759762938,135.07594759762938,0.0, 125.79337435215491, 5.715377115511115, 5.443324285331072, 5.715377115511115, 130.48338706827775, 2.972254390628363, 5.443324285331072, 2.972254390628363, 69.47217234511078, 6.131390443255444, 3.846657225890574, 12.0, 0.0
12, 0 ,1.0,1.0,1.0,154.76822866776504,9.79160121077436,39.89179662056017,10.190553928598456,6.227156865160314,9.735315516210573,46.0,24.0,48.0,-0.9551729805491009,0.013549235025579582,0.2957380520987596,10.23833628553321,-0.29570556924831665,0.004386973084477417,-0.9552690567492935,9.685732517310319,-0.014240559837172822,-0.9998985812058031,-1.8373390057073704E-4,6.226097967636597,52.959140253502795,49.71902198961659,24.38371466964808,14.71059998578799,4.582519858471242,26099.0,64204.189951857574, 0.0, 0.0,0.0,NaN, 61.09946014277512,61.09946014277512,0.0, 103.84738937167342, -0.9263421692794859, -3.110292434278386, -0.9263421692794859, 38.777482623313226, 0.034004437688233934, -3.110292434278386, 0.034004437688233934, 94.77636820017032, 5.862077184901017, 3.875561527987594, 14.0, 0.0
13, 0 ,1.0,1.0,1.0,188.6662804619009,59.006333758158576,92.96450778202603,6.932943541887195,9.43724730970862,9.716242859271278,28.0,46.0,55.0,-0.14478415122208427,0.4668423245239456,-0.8724080430555297,9.842412687245778,0.08014775746171965,-0.8732677171224621,-0.48060361131142193,9.37598003654393,0.9862118872376048,0.1395053341804608,-0.08901895981441234,6.83744316892003,53.94110049112656,45.61753316044124,29.83673561931795,14.541418524251684,4.481056297624946,25893.0,73418.06008970701, 2.8421709430404007E-14, 0.0,0.0,81.67521993252164, 110.69146457293749,110.69146457293749,0.0, 48.065706154995375, -6.268538601002388, 4.745618960510227, -6.268538601002388, 89.06163678460261, -3.139735807988723, 4.745618960510227, -3.139735807988723, 94.4053753003401, 6.165857750858994, 3.9438423530699627, 11.0, 0.0
14, 0 ,1.0,1.0,1.0,71.76253612102668,187.4255603312207,26.03984847381074,11.159965715519013,7.354489311474725,12.803955408333747,55.0,29.0,55.0,-0.4068215391298657,0.04824515084156251,0.9122327777054948,13.180846399710369,0.9087837418093171,-0.08004970402217312,0.4095169782915231,10.74378281809418,-0.09278117224450498,-0.9956226445326752,0.011278464908759412,7.3082857666912036,60.95140734036651,52.37273872385634,31.088526360406945,17.599956834430593,5.728537451124427,41181.0,99240.54922725934, 0.0, 0.0,3.552713678800501E-15,24.184248249379326, 77.3695795002432,77.3695795002432,0.0, 124.54483477155979, -6.873277616400605, -21.57333046246153, -6.873277616400605, 54.088513032595976, 3.2624913308676935, -21.57333046246153, 3.2624913308676935, 163.94127409859902, 5.595859567135437, 3.7139489780137493, 12.0, 0.0
15, 0 ,1.0,1.0,1.0,185.4611358283172,149.1390211986391,34.123187647212774,8.485236322825406,11.613211077735864,9.168833049851807,36.0,56.0,49.0,-0.19892568372814415,0.979887894225212,-0.015757128677827026,11.729503493760774,-0.006833354591164943,-0.017464943927164245,-0.9998241250333244,9.168191554774815,-0.9799907538432809,-0.19878302363255337,0.010170147352815653,8.32444700212013,58.44352763986191,49.218426397686024,40.687489365848336,16.33242917053686,4.917841383749476,38210.0,117037.500647126, 0.0, 0.0,0.0,NaN, 62.949262674331756,62.949262674331756,NaN, 71.99923545419561, -13.308650968856824, 0.314876567812354, -13.308650968856824, 134.866671536047, -0.7966075054172577, 0.314876567812354, -0.7966075054172577, 84.06749949605478, 5.943576080758233, 3.9135285008079936, 17.0, 0.0
16, 0 ,1.0,1.0,1.0,152.4675,110.0000847457627,10.090847457627119,10.344766695643006,9.629254507265822,5.789650406042452,58.0,50.0,24.0,0.9132346815453307,0.40330627174871003,0.05784866109907351,10.526853430618878,0.40271885135394725,-0.9150594222138615,0.021995012657224235,9.445041044238282,-0.06180568895301446,-0.0032101379705769878,0.9980830385430128,5.764837265707779,52.28904020436977,43.40264304054105,24.767535693950176,14.57721111417221,4.556501762320632,23600.0,56209.48998770643, 0.0, 0.0,0.0,NaN, 102.27975608317121,102.27975608317121,NaN, 107.01419798728472, 7.946612923728801, 4.59439322033897, 7.946612923728801, 92.72254236569914, 0.6834245044527519, 4.59439322033897, 0.6834245044527519, 33.52005182418753, 6.056840263022962, 3.9391087117079424, 17.0, 0.0
17, 0 ,1.0,1.0,1.0,11.384898166145526,46.769162511620046,14.40129299416885,7.0358397337550915,9.254662397077176,8.764045771554867,27.0,45.0,38.0,-0.18384025802313037,-0.852704586930335,0.4889761210508696,9.540459814715515,0.051675930820410644,-0.50515091545034,-0.8614825307535416,8.541556325072028,-0.9815968407161023,0.13310687453189304,-0.13693137788147,6.926886544349509,48.261356437036895,40.78528257864629,29.967457589616856,13.947051579161059,4.176130670500564,23666.0,58986.53684434498, 0.0, 0.0,0.0,NaN, 50.24308617308183,50.24308617308183,0.0, 49.503040759086915, 6.0948068402625415, -4.9807900736873005, 6.0948068402625415, 85.64877608387427, -7.075836067474679, -4.9807900736873005, -7.075836067474679, 76.80849828590875, 7.280593107685951, 4.142173016867934, 10.0, 0.0
18, 0 ,1.0,1.0,1.0,62.05033905720223,12.03196434430712,104.83665098982829,10.624848662696909,7.344430200720638,11.992868283694463,50.0,28.0,57.0,0.3419297365625531,0.14364753521936774,0.9286815605360446,12.328348407271353,-0.9325009732704539,0.1741723818761943,0.31639518997802313,10.421487293020649,-0.11630129020745748,-0.9741813830170302,0.19350618305136164,7.075406836278271,60.602910746873704,55.42389453857072,35.29100082807618,16.74617344074445,5.497511149694305,36572.0,118537.15462634695, 0.0, 0.0,0.0,NaN, 114.24130486793375,114.24130486793375,0.0, 112.8874091052123, -4.5024293546393706, 15.09287776243364, -4.5024293546393706, 53.940654973257395, 16.82363433755041, 15.09287776243364, 16.82363433755041, 143.8288896700446, 5.5880387845688215, 3.695265624966034, 18.0, 0.0
19, 0 ,1.0,1.0,1.0,191.68438647448895,134.70904806269525,118.52320929467858,4.824544611336744,9.693229418614422,9.707956499899538,19.0,47.0,46.0,0.023602115188797096,0.7040823053733856,0.7097260368752955,10.73446447081811,0.02158947190822799,-0.7101172084743153,0.7037524031442944,8.546864165117091,-0.999488286505319,0.0012874349477472017,0.03196103330489694,4.816817636198537,49.020874556720344,46.11281058245115,19.93002175892056,13.825617883453942,4.509061633347849,18247.0,45051.6209250204, 0.0, 0.0,0.0,NaN, 104.74027523748376,104.74027523748376,0.0, 23.276230706778417, 0.7650796181871994, 2.2989073452103854, 0.7650796181871994, 93.95869656189207, 21.07544901328705, 2.2989073452103854, 21.07544901328705, 94.24441940394169, 6.171093121291043, 3.839243971730993, 8.0, 0.0
20, 0 ,1.0,1.0,1.0,11.513974495217854,153.5086078639745,188.0701381509033,7.299321313813081,10.191741998770421,6.095352045536598,29.0,60.0,23.0,0.06353789948607838,0.9976285548376855,0.026461328412771212,10.204015345173008,0.9967047576354299,-0.06477412512339822,0.048825595965611084,7.288002016854277,-0.0504238181398015,-0.023271856113551703,0.9984567388110688,6.08835861366722,60.604321998341845,30.63935083758593,24.682777356595267,13.236127613115864,4.37149161958703,18820.0,45832.88364247237, 0.0, 0.0,2.8421709430404007E-14,88.48370057389671, 49.35932287988515,49.35932287988515,0.0, 53.28009164228593, 3.2143589868106113, 0.8936532235022441, 3.2143589868106113, 103.87160496950092, 1.7193750063524773, 0.8936532235022441, 1.7193750063524773, 37.15331655902718, 6.147328369897433, 4.0667059108427726, 8.0, 0.0
21, 0 ,1.0,1.0,1.0,8.464851080209787,19.19554443535582,55.162440456142036,5.3352689911849565,10.369155297410114,9.622218833051901,21.0,42.0,45.0,0.008236312544432252,0.9444566431407959,0.32853281781717025,10.466959997507495,-0.05703221180964119,0.3284528416745405,-0.9427969333912892,9.526701331022748,-0.9983383644695673,-0.010971783042824344,0.056569691576767,5.315663855184417,45.38457982777334,44.33565573006442,21.815045098064296,14.365007746107125,4.713610560443881,20783.0,43895.254396912555, 0.0, 0.0,-7.105427357601002E-15,70.82025231906292, 59.01709470193585,59.01709470193585,NaN, 28.465095208299743, -0.5383801563764817, 3.5806987804076384, -0.5383801563764817, 107.51938158180822, 5.871906942512595, 3.5806987804076384, 5.871906942512595, 92.58709527113871, 5.512358373312348, 3.7780881241119, 11.0, 0.0
22, 0 ,1.0,1.0,1.0,101.15950461107624,18.665346917097196,103.12804789725267,9.847545271239971,9.989999150283655,10.810557702438402,45.0,41.0,52.0,-0.5656552404566806,0.2664655268656631,0.7804039158897781,11.82873708798925,-0.05495407055956659,-0.9564317452647061,0.2867374526964384,9.851185402492263,0.8228087256907459,0.119308170894171,0.5556539942131778,8.756569750678063,59.96581222907952,48.43228701279995,45.88243747895896,16.92925677925281,5.200255150624833,41422.0,133255.51107979816, 0.0, 0.0,0.0,NaN, 139.64961084249543,139.64961084249543,0.0, 96.97414786912073, -8.461685748666428, -28.238255334294557, -8.461685748666428, 99.80008302266815, 7.565206893721167, -28.238255334294557, 7.565206893721167, 116.86815783775027, 5.370088279201237, 3.3802096415989125, 19.0, 0.0
23, 0 ,1.0,1.0,1.0,121.94378023911392,10.048022711823743,144.54020552601062,9.332299028149286,6.492346169742978,10.401980604748923,42.0,26.0,49.0,-0.04241911643193584,0.07816417674286652,0.9960376398687167,10.426914532121705,0.9753049425751853,0.2195206817509924,0.024309242522031146,9.455724645333172,0.21675074982465292,-0.9724716097437952,0.08554578126805112,6.26995129260294,49.9692581688832,43.840177703423805,29.60777259883887,14.674123488216447,4.702516804083936,25009.0,64860.59740220192, 0.0, 0.0,0.0,NaN, 96.27837247728178,96.27837247728178,0.0, 87.09180515079612, 10.495922265297422, -1.7447907165592333, 10.495922265297422, 42.150558787776326, 5.671086935233741, -1.7447907165592333, 5.671086935233741, 108.20120050157279, 5.845432906295438, 3.719218757805557, 9.0, 0.0
24, 0 ,1.0,1.0,1.0,57.45461361462292,149.8839421908529,21.049406654773907,8.711244442134012,10.198776757589176,11.234230349073165,40.0,48.0,46.0,-0.3676180846432559,0.1961924787922792,0.9090464537682136,11.790356822556468,0.2599951299301814,0.9601979637614345,-0.10209016995275612,10.213818244179405,-0.892893877376148,0.19881745812110052,-0.4039952253312562,7.92301467179334,53.452370016907025,45.45987256404865,43.39523374467739,16.72162379765813,5.147431999297808,38679.0,105447.7244233409, 0.0, 0.0,0.0,NaN, 79.09316908844548,79.09316908844548,0.0, 75.88577973061071, 4.873697885572041, -26.580283011907014, 4.873697885572041, 104.01504735114119, 9.524154876632698, -26.580283011907014, 9.524154876632698, 126.20793153603658, 5.48756905700435, 3.650982462809386, 12.0, 0.0
25, 0 ,1.0,1.0,1.0,139.70684413770437,36.36901925341659,35.586202174567966,8.773811159744982,8.988533816101354,10.943729024362007,40.0,44.0,55.0,0.23793366878397249,0.42156571744892607,0.8750256654126041,11.56983412236608,-0.8199657526556466,-0.39571036801525405,0.4136054510243916,8.712054727605569,-0.5206186067850989,0.8159017407243374,-0.251516631164101,8.232724226698323,56.65852254729567,42.08275976583835,41.56264284764951,15.972457002226436,4.734904930488721,36513.0,99099.76249680381, 0.0, 0.0,0.0,NaN, 78.89453713977723,78.89453713977723,0.0, 76.97976226686558, 9.263850740519011, 11.003853643266178, 9.263850740519011, 80.79374016319757, 23.047531342258218, 11.003853643266178, 23.047531342258218, 119.76520495866339, 5.484736468229233, 3.5312472062401454, 16.0, 0.0
26, 0 ,1.0,1.0,1.0,70.8062692557732,62.83772859605981,46.882331326493116,8.970516746989725,10.150855405003238,9.337701042977713,42.0,49.0,49.0,0.422377140486951,0.8942564475111144,0.14799647725154524,10.471499949780958,0.08302269185111019,-0.20075752140364786,0.9761166171301763,9.328768798900168,-0.9026099843408901,0.40000227959933504,0.15903896529930453,8.60374676683001,51.556795766057576,48.42447149878466,46.304857481201275,15.789643436865319,4.6249169793565885,35379.0,115605.19742367396, 0.0, 0.0,0.0,NaN, 105.64118937062477,105.64118937062477,0.0, 80.47017070802313, 13.24041922602103, 3.280745609310155, 13.24041922602103, 103.03986545328347, 2.167428817812775, 3.280745609310155, 2.167428817812775, 87.19266076802707, 5.6229983366535805, 3.573008669319834, 23.0, 0.0
27, 0 ,1.0,1.0,1.0,92.1219783189694,126.72508333083091,77.13362962073211,8.99081227622249,8.151249825905493,10.25969121716619,44.0,39.0,46.0,-0.08363398814884687,-0.10503660554607758,0.9909453403299678,10.28803131063524,0.9880642919418041,0.12035188282850813,0.09614769518389349,8.995195919746351,-0.12936116502204334,0.9871589212457087,0.09371741134468485,8.110592154643335,45.752730112916296,44.87131211948682,39.520873399071604,15.313786002751792,4.2457980691631585,33301.0,81135.7615878911, 0.0, 0.0,0.0,NaN, 140.73119455452166,140.73119455452166,0.0, 80.83470538627303, 2.151338143303999, -1.8826702957692933, 2.151338143303999, 66.44287372432434, -3.9947635453048425, -1.8826702957692933, -3.9947635453048425, 105.26126387159705, 5.7768911905898825, 3.625680766299531, 19.0, 0.0
28, 0 ,1.0,1.0,1.0,67.60128820409194,190.48699166456177,72.6004883388061,10.278460285260943,5.513233447861461,10.113319029244787,52.0,22.0,46.0,-0.7557243075501752,0.0430210564134005,0.6534752938580639,10.737299432410728,0.6547178909183945,0.02676398655359022,0.7553993462633708,9.635286147436972,-0.015008473912321928,-0.9987156140407707,0.04839285052555706,5.494849627546771,46.25958765061574,48.56082377798866,22.761037591218212,14.694553651558456,4.731997850281092,23754.0,51130.47869529981, 0.0, 0.0,0.0,NaN, 99.65571936158977,99.65571936158977,0.0, 105.64674583568645, -1.6689274204317406, -11.04179401124727, -1.6689274204317406, 30.395743050618375, 3.658859598244126, -11.04179401124727, 3.658859598244126, 102.27922178728471, 5.407535644552217, 3.668365870130803, 15.0, 0.0
29, 0 ,1.0,1.0,1.0,125.99923428066559,74.86005006626418,165.55924017081432,8.998722041650824,9.05174665172738,9.363444128575408,42.0,43.0,44.0,-0.49164879485131796,-0.3770626974584702,0.7849236808165418,9.788138535277445,0.4834018701349567,-0.8679243763916533,-0.11414862598904593,8.964287777311572,0.7242955850143457,0.3233125408184816,0.6089867867845942,8.626650012528762,49.2294863769511,43.19364262416006,42.800564635993965,15.278294712719642,4.1423317648619085,33955.0,91011.15664311535, 1.4210854715202004E-14, 0.0,0.0,60.55099020134935, 110.7533582361413,110.7533582361413,0.0, 80.97699838289236, 1.4731662877845062, -8.581724628348107, 1.4731662877845062, 81.93411744705783, -5.74184923305228, -8.581724628348107, -5.74184923305228, 87.67408594895326, 5.613609207644587, 3.6366940966255594, 17.0, 0.0
30, 0 ,1.0,1.0,1.0,44.49171670002224,56.48323882588392,171.54486324216145,9.038381350408606,11.377373456966646,8.017332358990972,43.0,54.0,40.0,0.24486128937743634,-0.9662577987534182,0.07993006513583134,11.533197539167919,0.9420521373476395,0.25660217901165705,0.21608584462017238,8.906640193649134,-0.22930486144685894,0.022387230169638173,0.9730971649543371,7.941769157601594,50.996221932882825,45.197929717791325,37.648832894700604,15.923601040978854,4.674774032718201,35976.0,86777.68551443183, 0.0, 0.0,0.0,NaN, 77.32764014945867,77.32764014945867,0.0, 81.69233743541412, -12.618703992380704, 4.678156805818846, -12.618703992380704, 129.4446267792892, -4.500512771430202, 4.678156805818846, -4.500512771430202, 64.27761815452375, 5.494369413539658, 3.531821451756795, 20.0, 0.0
31, 0 ,1.0,1.0,1.0,188.2888644458412,183.70647391577623,185.9998952440813,6.678412209399451,9.924629751701508,7.780154126308053,27.0,48.0,29.0,0.14359428442355116,-0.8965033134578669,0.4191210928120346,10.52576564745927,0.23071575101981778,-0.3815143494050357,-0.8951072804024189,7.072662158075052,-0.9623673538271391,-0.22523012710807153,-0.1520541552560541,6.543391407261382,56.552738367928995,37.99975311282424,31.239314337054054,13.489599311407298,4.654135149930742,19092.0,67132.97711101937, 0.0, 0.0,0.0,NaN, 24.466970008602622,24.466970008602622,0.0, 44.60118963865566, -9.385041045752514, 2.6027434385549886, -9.385041045752514, 98.49827570835872, -23.08043091620392, 2.6027434385549886, -23.08043091620392, 60.530798229108235, 6.1289485537722355, 3.8315411080429045, 7.0, 0.0
32, 0 ,1.0,1.0,1.0,87.7422071206973,75.84925395183927,97.36531245383365,10.4719052441471,8.563157543779365,9.3249178536552,48.0,42.0,46.0,0.8648063560005386,0.2259092763235565,0.4484138328509019,10.967181789927961,-0.4777357743377352,0.0953642321771761,0.8733121968340887,8.884794904665998,-0.15452668552387339,0.9694692682556908,-0.19039653717644464,8.40975044981075,50.010405373261875,47.804029406358964,42.78631396184039,15.768869793221526,4.613600002582702,33845.0,102289.1932567141, 0.0, 0.0,0.0,NaN, 151.43252063112007,151.43252063112007,0.0, 109.66079944239554, 9.307186902933884, 15.789373649274546, 9.307186902933884, 73.32766711958544, 5.704205174751324, 15.789373649274546, 5.704205174751324, 86.95409297741753, 5.886560519542207, 3.5905217319079625, 21.0, 0.0
33, 0 ,1.0,1.0,1.0,142.95347795482178,71.15550009598772,115.79253855506495,9.316255361877051,9.5686020495415,8.090098681631838,47.0,42.0,36.0,0.522926082454678,0.8160156147903228,-0.24630637163292085,10.030696386153588,-0.839924215120258,0.4440882639273022,-0.3119501990649367,9.066755459938824,0.14517446450124113,-0.3700055813908839,-0.9176166108982396,7.808939189621645,46.43477299680909,42.05814863592798,40.08740533004959,15.03544191772238,4.211406198352009,31254.0,78289.12254748351, 0.0, 0.0,0.0,NaN, 124.13020355401557,124.13020355401557,0.0, 86.7926139677029, 8.995523681434989, 0.4566247859174142, 8.995523681434989, 91.5581451824898, -10.906883514993657, 0.4566247859174142, -10.906883514993657, 65.44969667854122, 5.618342120538191, 3.5762946701843443, 18.0, 0.0
34, 0 ,1.0,1.0,1.0,146.37955612215333,106.19093701106797,84.05351451584865,9.438571191971002,9.065486649163262,9.575174094249885,43.0,49.0,45.0,-0.8201236532507548,-0.5533403938878356,0.1456420333238005,9.799917845003318,-0.019983828903591475,-0.22668101288956424,-0.9737640191430947,9.598512316074748,0.5718372495395766,-0.8015173902588864,0.1748486006566703,8.64776299493709,47.61976527055296,43.32605117785296,41.75368079909768,15.59371979053227,4.4485431729521405,34514.0,86145.20830293854, 0.0, 0.0,0.0,NaN, 136.89516281806564,136.89516281806564,0.0, 89.08662614590492, 9.724075017529369, -2.2011659082579804, 9.724075017529369, 82.18304818615734, 2.116310463596127, -2.2011659082579804, 2.116310463596127, 91.6839589351941, 5.344437796853713, 3.4334052134695967, 21.0, 0.0
35, 0 ,1.0,1.0,1.0,8.948955271311672,98.60054023993008,112.88170334472075,6.014869315032938,9.700641641983077,10.856828645323317,24.0,50.0,59.0,0.019340796468654387,-0.019090851904859492,0.9996306682797927,10.858556860777654,-0.04022376016074432,0.9989933691152612,0.019856927815497145,9.705132607331691,-0.9990034948439814,-0.04059295304958342,0.01855342157730827,6.004496094792596,58.90184602088834,49.56677787744137,25.155642752485967,14.945612230817881,4.978002051329535,25174.0,73443.77860245854, 0.0, 1.4210854715202004E-14,0.0,88.90610830493736, 131.87777655151473,131.87777655151473,0.0, 36.178652876924815, -2.3663027644271475, 1.5361082385782707, -2.3663027644271475, 94.10244826617615, -0.4088579949745065, 1.5361082385782707, -0.4088579949745065, 117.87072823391291, 5.556046184798452, 3.5261028519694926, 15.0, 0.0
36, 0 ,1.0,1.0,1.0,101.42463798384851,97.00438596491227,171.7697716513506,9.259687591968664,8.449304666743362,8.745686110284389,41.0,41.0,46.0,-0.8773757511790797,-0.32914084578478703,0.34911043364388356,9.512525856408562,-0.2376579177013974,-0.33396113020131263,-0.9121341335946693,8.654097334624403,-0.41680991518530536,0.8832532293463393,-0.2147864694353019,8.26063195802453,44.872121214674024,45.81159481998165,41.12216182885015,14.69130210049738,4.217254057303316,28728.0,84533.3244726074, 0.0, 0.0,0.0,NaN, 141.15204102549095,141.15204102549095,0.0, 85.74181430085844, 6.953616527918242, -5.372509202688155, 6.953616527918242, 71.39074935145115, -0.5293438884735585, -5.372509202688155, -0.5293438884735585, 76.48702553962129, 5.3540942809212275, 3.5239084373966842, 16.0, 0.0
37, 0 ,1.0,1.0,1.0,116.80632061068702,38.13651908396947,158.05587786259542,9.202589233445396,8.435683247531855,9.701999075520856,45.0,39.0,47.0,-0.5976738168512752,-0.17408678472730804,0.7826108867334624,10.165796983165434,0.599606004191607,0.5509365013470064,0.5804667184437832,9.042790682185881,0.5322204885081021,-0.816187945798532,0.22489684022984746,8.053675861919144,50.322033290445304,43.973818186390815,41.58909546543318,15.214599735237426,4.300365264732851,32750.0,92030.51069513535, 1.4210854715202004E-14, 0.0,0.0,53.29652191784423, 100.67219953915419,100.67219953915419,0.0, 84.68764859952513, 9.590166123652509, -12.114002037177393, 9.590166123652509, 71.1607518526896, 0.16510442981178317, -12.114002037177393, 0.16510442981178317, 94.12878606140755, 5.284950499884955, 3.4054356553248164, 13.0, 0.0
38, 0 ,1.0,1.0,1.0,180.85727029438002,160.27639012786202,7.991773218356626,10.28913682129342,9.343049539525852,5.3589031448386555,44.0,49.0,20.0,-0.9920311369345415,0.12163827491420061,-0.0328382921032475,10.308449663466217,-0.1193802640132401,-0.9908048822747262,-0.06367132655045171,9.339015611653332,-0.040281210464556905,-0.05924369448694546,0.9974305032166639,5.328734097529214,46.01276532759047,46.54383412434865,21.80637077520661,14.10459107449593,4.789286456492566,20178.0,46700.75299000093, 0.0, 0.0,0.0,NaN, 44.81381172172131,44.81381172172131,NaN, 105.86633652729607, -2.438744991166495, 2.9838094394324144, -2.438744991166495, 87.29257469803423, 3.399785943167086, 2.9838094394324144, 3.399785943167086, 28.71784291576163, 5.833798660367317, 3.5982190868284047, 12.0, 0.0
39, 0 ,1.0,1.0,1.0,55.55889058847297,82.43424052642212,71.89324367225605,10.389391335838322,8.709200103438157,9.195853058812997,52.0,43.0,46.0,0.8744704001726495,-0.1442444838201876,0.4631361010646151,10.934788368121785,-0.2257892050759827,0.7239895639545649,0.6518115879270893,9.049290812600972,0.429325929909948,0.6745610722331413,-0.6005385963738155,8.178879592191347,53.49001901089642,40.67333502312425,43.21953734879565,15.713159781642695,4.63140820126791,34649.0,94029.18022576686, 0.0, 0.0,0.0,NaN, 122.68183573907064,122.68183573907064,0.0, 107.9394523291924, -9.095675713416384, 19.12659344531622, -9.095675713416384, 75.8501664417272, 3.5575126470384686, 19.12659344531622, 3.5575126470384686, 84.56371347928035, 5.205021365797947, 3.3401535641021525, 23.0, 0.0
40, 0 ,1.0,1.0,1.0,154.58367105457774,180.08037272592813,136.66685401567815,9.336808728459518,10.49236152006882,8.720956590942775,45.0,49.0,43.0,-0.04339611542458943,0.9248098359697479,0.37794648359214034,10.81894475988796,0.9938127567200111,0.0012460050894399248,0.1110614787038636,9.3440800939022,0.102239824660586,0.38042767350039813,-0.9191418843075574,8.30417562687594,53.57448993089096,45.61006588203145,41.62256536123722,15.808532910406914,4.838493420615259,33805.0,101706.23751119977, 0.0, 0.0,0.0,NaN, 80.43955411293732,80.43955411293732,0.0, 87.17599723183785, -1.9072869177721616, 1.2368970098108316, -1.9072869177721616, 110.0896502678209, 16.81145267384726, 1.2368970098108316, 16.81145267384726, 76.05508386110823, 5.396399033848059, 3.4911471025474974, 17.0, 0.0
41, 0 ,1.0,1.0,1.0,133.7066369383953,137.21227207476863,18.0478604807428,9.38157585923373,8.436976688455845,9.70482787823034,48.0,39.0,38.0,0.5037712745611815,0.16323258692410153,0.8482744989053181,9.803113132122473,0.7758470392351573,0.3462896647830302,-0.5273943873179698,9.457268647840126,0.3798366420410792,-0.9238174011299647,-0.04780726652335179,8.236459678257967,48.40179168426593,53.68501994883027,41.03640422588013,15.296513500638762,4.4041911987298015,32741.0,106631.09183996728, 0.0, 0.0,0.0,NaN, 93.07434679847596,93.07434679847596,0.0, 88.01396560255709, 8.127420459917355, 3.23877401171417, 8.127420459917355, 71.18257564154734, -0.03166153572463643, 3.23877401171417, -0.03166153572463643, 94.1836841460768, 5.323317418713666, 3.385999320297091, 12.0, 0.0
42, 0 ,1.0,1.0,1.0,15.98274982462853,152.784420636439,56.89292774695491,9.41438395245438,8.309343956506018,9.346845008789714,39.0,40.0,44.0,-0.7848626374289891,0.34588882083308026,-0.5141513045696884,9.53064054203452,0.5733220626811376,0.09047982332491991,-0.8143188650732198,9.398445149430355,-0.23514347282256587,-0.9339027386156395,-0.2693199249872738,8.1163694742026,56.541653692110785,49.68278529461004,38.08633665664212,15.05777453671555,4.278172485015121,31362.0,106990.11228855181, -1.7763568394002505E-15, 0.0,-7.105427357601002E-15,43.44279279325449, 75.641023619552,75.641023619552,0.0, 88.63062520423054, -5.6105359491003925, -0.41228002324141033, -5.6105359491003925, 69.04519698752307, -6.092944184134559, -0.41228002324141033, -6.092944184134559, 87.3635116183372, 5.641545098676197, 3.6684952426253528, 18.0, 0.0
43, 0 ,1.0,1.0,1.0,117.78480014339488,89.3814662125829,63.26994084961463,8.337591884901506,8.750399203311154,8.675073734461785,40.0,42.0,39.0,-0.4044736563295149,-0.7245970715669781,0.5579965458781919,9.303229070865969,-0.5153900940905509,-0.32342543249302896,-0.7935798891920279,8.409459936611047,-0.7554959379432609,0.6085680516534345,0.24263308566223243,8.004545045432673,49.81614853672161,42.268114231351746,40.54804337191824,14.34276113240643,3.9531041035578265,27895.0,85379.36539404963, 0.0, 0.0,0.0,NaN, 136.93601062133493,136.93601062133493,0.0, 69.51543843917545, 7.695534743650658, -2.3546709116244244, 7.695534743650658, 76.5694862173085, -7.382234829924727, -2.3546709116244244, -7.382234829924727, 75.25690429834873, 5.294931705605067, 3.387988245058477, 16.0, 0.0
44, 0 ,1.0,1.0,1.0,187.19550844014333,25.076127507110407,176.9982639530159,8.025451180488947,9.2227632394156,9.704717573225992,32.0,48.0,50.0,0.06587239807637035,0.5480298144391931,-0.8338609894085542,10.147212625583208,-0.5066866999127612,0.738290253938593,0.44519219340730054,9.10715282535731,-0.8596100367627082,-0.3931803955247925,-0.32631236763534516,7.598856160212517,51.14130111204673,53.95497393669366,37.54522066355375,14.863382950350616,4.767454128570012,27073.0,103599.5624457044, 0.0, 0.0,0.0,NaN, 36.357214360212296,36.357214360212296,0.0, 64.40786665041144, -7.793408299602405, -8.167946334108018, -7.793408299602405, 85.05936177031575, -12.384199091610233, -8.167946334108018, -12.384199091610233, 94.18154317608139, 5.470461888995666, 3.5349642259685723, 8.0, 0.0
45, 0 ,1.0,1.0,1.0,182.12264120407832,94.16407185628742,80.0412688137239,9.391405051025478,8.560528317834565,9.503635784811857,38.0,43.0,44.0,0.6584224551466967,-0.24004998925009868,0.7133413441120765,10.595211318002628,0.5336568905899575,0.8172383566515966,-0.21755870826803575,8.513183000662284,-0.5307449422127872,0.5239250624644956,0.6661924160759564,8.189471250778928,54.80211870916128,51.40947428230592,49.252443127345444,15.209667811623483,4.523961991805281,30895.0,138761.2776756443, 0.0, 0.0,0.0,NaN, 124.87224311024843,124.87224311024843,0.0, 88.19848883242686, -4.784582238662344, 20.597592894151344, -4.784582238662344, 73.28264508044748, -8.699731076768582, 20.597592894151344, -8.699731076768582, 90.31909313035648, 5.494050271863362, 3.3830819020376452, 13.0, 0.0
46, 0 ,1.0,1.0,1.0,29.367665798659207,150.03997451382347,125.79818826527786,9.723722941445443,8.788619240587899,10.694876141685217,56.0,41.0,50.0,-0.4380088409151186,0.38850865685433233,0.8106844508373385,11.425341795477495,0.8505910996769763,-0.11274046322466243,0.5135994247487056,9.390310794280463,-0.29093476318670963,-0.9145220672576096,0.2810806860464834,8.213076142794911,53.88516688163503,49.60720646710603,41.21560465416262,16.17041221263289,4.968778578035052,36098.0,110173.12776483563, 0.0, 0.0,-1.4210854715202004E-14,35.837141886301325, 94.15079822155676,94.15079822155676,0.0, 94.5507878419924, -12.72227108835575, -13.346987496724601, -12.72227108835575, 77.2398281560318, 18.668796452246667, -13.346987496724601, 18.668796452246667, 114.38037568598767, 5.507208288658741, 3.347508917903937, 22.0, 0.0
47, 0 ,1.0,1.0,1.0,17.050854083964875,134.17045591242632,12.345783712257909,9.796674372177778,10.69715582690312,8.048149525238905,41.0,51.0,31.0,-0.2983366293556151,0.9133240904091625,-0.27719011790286807,11.130236308446893,-0.9305816397745775,-0.21378114862364037,0.29717912478438946,9.755939959714675,-0.2121628320398962,-0.34660745285038563,-0.9137013769987316,7.491071855262657,56.89201754173105,50.10914225132247,37.77787481067295,15.83197601136357,4.952294205288577,33252.0,107697.55084320437, 0.0, 0.0,0.0,NaN, 69.11352165271511,69.11352165271511,0.0, 95.97482875448485, -10.693679807167017, -5.198656329166002, -10.693679807167017, 114.42914278504739, -19.6376128377565, -5.198656329166002, -19.6376128377565, 64.77271078060322, 5.624148634837219, 3.496556428574507, 12.0, 0.0
48, 0 ,1.0,1.0,1.0,179.58375183733463,81.59560264576189,17.8671913277805,9.946871574801477,8.85391249971115,9.331372042136842,45.0,44.0,41.0,-0.7581066133119506,0.49403115703071904,0.4256848349842564,10.674786126614618,0.5448341183447505,0.12110409742416345,0.8297527228485463,9.158625042924129,-0.3583715199903346,-0.8609686483664591,0.3609748470321019,8.15935373305185,54.09098465985281,44.85924205068952,43.084740626271696,15.565485597900791,4.7034224739480965,32656.0,104544.28614895261, 0.0, 0.0,0.0,NaN, 85.98780196113933,85.98780196113933,0.0, 98.94025412559363, -16.60181814172465, -7.465558190883171, -16.60181814172465, 78.39176655254136, 11.70220261742615, -7.465558190883171, 11.70220261742615, 87.07450418877308, 4.6386292569534575, 3.2307587056388796, 15.0, 0.0
49, 0 ,1.0,1.0,1.0,150.37506099620884,112.71326151420743,35.73743478097669,9.581181880473515,8.781582830910423,7.45311372389181,44.0,42.0,36.0,0.9801607324138882,-0.19749713967410998,0.016727774939157395,9.61427399136745,-0.19707350879488075,-0.9800940462676194,-0.024035236675336556,8.746623610578217,-0.021141683119942075,-0.020261793881848202,0.9995711525166908,7.451607776709014,45.42804895951792,41.83734129274963,36.164277967823224,14.40246421120058,4.127126369424782,26641.0,68733.42125284731, 0.0, 0.0,0.0,NaN, 106.57754703192273,106.57754703192273,NaN, 91.799046226714, -3.09286096805528, 0.7044987676318792, -3.09286096805528, 77.11619701614073, 0.37221817093504206, 0.7044987676318792, 0.37221817093504206, 55.54890418126443, 5.713469561848446, 3.6231482396102823, 11.0, 0.0
