// Sample: .//bubblelabels.tif, Map: .//bubblelabels.tif, Thickness:(8.191250068658265):/gpfs/home/mader/Foam/NewValid/InSilicoTest/LatticeData_OldFoam/out_Step_03500.vtk/distmap.tif, Neighbors:(1.0):
//LACUNA_NUMBER, TRIANGLES, SCALE_X, SCALE_Y, SCALE_Z, POS_X, POS_Y, POS_Z , STD_X, STD_Y, STD_Z,PROJ_X, PROJ_Y, PROJ_Z, PCA1_X, PCA1_Y, PCA1_Z, PCA1_S, PCA2_X, PCA2_Y, PCA2_Z, PCA2_S, PCA3_X, PCA3_Y, PCA3_Z, PCA3_S,PROJ_PCA1, PROJ_PCA2, PROJ_PCA3,OBJ_RADIUS, OBJ_RADIUS_STD, VOLUME, VOLUME_BOX, Mask_Grad_X,Mask_Grad_Y,Mask_Grad_Z,Mask_Angle, Mask_Distance_Mean,Mask_Distance_COV, Mask_Distance_STD, SHAPET_XX, SHAPET_XY, SHAPET_XZ, SHAPET_YX, SHAPET_YY, SHAPET_YZ, SHAPET_ZX, SHAPET_ZY, SHAPET_ZZ, Thickness, Thickness_STD, Neighbors, Neighbors_STD
1, 0 ,1.0,1.0,1.0,79.2102718410085,138.20513956041955,39.682829912824026,15.408267465075516,15.47547074275394,16.05987410080197,86.0,80.0,80.0,0.08797099636741892,-0.47083119086968417,0.8778263458693634,16.294494291489176,0.990713089534063,-0.05036431054024531,-0.12629730974837788,15.402980132890216,0.10367583143623949,0.8807845513677232,0.46202802517592345,15.23358513053194,90.0910283209658,83.68498491615335,88.80594361808258,26.09364285206458,7.344811762569245,164839.0,669531.6620553083, 0.0, 0.0,-7.105427357601002E-15,28.618741746741108, 164.1635000721282,164.1635000721282,0.0, 237.41470627530467, -1.6443641511031952, 1.933640900464199, -1.6443641511031952, 239.49019470983316, -13.791492871845376, 1.933640900464199, -13.791492871845376, 257.9195561336099, 7.068002637730449, 5.520858234639251, 53.0, 0.0
2, 0 ,1.0,1.0,1.0,58.81820920838262,261.7202111277256,12.838239560782913,14.509498923883218,18.791046264294696,8.149084779977784,83.0,90.0,33.0,-0.25846120472947587,-0.9655938758764218,-0.02874495642259803,19.094145588052015,0.9615544747069658,-0.25429377374235873,-0.10367096414561702,14.168720775673602,0.09279438464044981,-0.054434763761948314,0.9941961872152706,8.043476693791465,93.96837962891556,75.27538982347076,37.62757284429571,23.68244489078751,8.317353273432355,89614.0,266158.87761831144, 0.0, 0.0,0.0,NaN, 71.34244434841732,71.34244434841732,0.0, 210.52555902216827, 41.57499898990973, -11.334682519642977, 41.57499898990973, 353.1034197068637, 11.910507069291672, -11.334682519642977, 11.910507069291672, 66.40758275126556, 7.732178617089965, 5.515294952977223, 22.0, 0.0
3, 0 ,1.0,1.0,1.0,77.84879071267333,14.787917875953994,258.3294528646673,15.334149763614016,9.17927296306271,16.48546785258817,73.0,39.0,82.0,-0.5747476172901849,0.10491016723424629,0.8115781128333476,17.52690234628535,0.8048700823448152,-0.10666885544625616,0.5837858390060835,14.269318413410462,-0.14781517840027864,-0.988744462481924,0.02313138443382923,8.96437937520261,94.83700480976765,88.76548674621205,40.580234534573194,23.067809418522724,7.683880533481699,93030.0,341614.6767892499, 0.0, 0.0,0.0,NaN, 89.52961090661321,89.52961090661321,0.0, 235.13614897294377, -24.25913532450779, -47.893202048293354, -24.25913532450779, 84.25905213041406, 11.637924379446318, -47.893202048293354, 11.637924379446318, 271.7706503187179, 7.050354897296776, 5.260932881489605, 34.0, 0.0
4, 0 ,1.0,1.0,1.0,153.9665828922201,176.52378675325832,14.237722966060229,15.76607604153612,15.365977833084587,8.873570905886222,78.0,67.0,38.0,-0.7502580067624385,-0.6599444175841288,0.039828243601724135,17.171420915024687,0.6545962857071228,-0.7499353188235748,-0.09539769556662156,13.827719789208363,0.09282578320322409,-0.04550146459761629,0.9946421420250499,8.795405523699555,81.7241630751632,68.28951851063297,40.99068807442717,22.61977930032065,7.195017271761617,89924.0,228765.08467025915, 0.0, 0.0,0.0,NaN, 191.76768994068823,191.76768994068823,0.0, 248.56915374749926, 51.80185466831473, -13.608554362428027, 51.80185466831473, 236.1132747668469, 2.4280059892309933, -13.608554362428027, 2.4280059892309933, 78.74026062179044, 8.106277893633306, 5.552671840947334, 23.0, 0.0
5, 0 ,1.0,1.0,1.0,17.561734326207063,163.98450636560173,12.85901593402194,10.591608590700284,14.438274421641275,8.224244804403696,45.0,73.0,35.0,-0.056229557261865286,0.9981377098690722,0.023650560827563685,14.451576568689626,-0.9983461650769143,-0.05649362894200608,0.010649157956439817,10.577425730513694,-0.011965432142337577,0.02301264926701424,-0.9996635666099674,8.219132740791196,73.14785955037306,48.32259648377814,35.893982087921366,18.67108592277002,6.29878511147276,49956.0,126874.26109457061, 0.0, 0.0,0.0,NaN, 137.74608274627903,137.74608274627903,0.0, 112.18217253859608, -5.430002755054771, -0.6591741760854095, -5.430002755054771, 208.46376827462066, 3.308789301243797, -0.6591741760854095, 3.308789301243797, 67.6382026027612, 7.4532781875636305, 5.207214012864768, 16.0, 0.0
6, 0 ,1.0,1.0,1.0,280.44241575783684,206.12101305973803,209.12811074344566,12.774662329229036,14.221772651648854,15.065047853166867,51.0,77.0,76.0,0.42831950341288244,0.11250906631439035,-0.8965958470755964,15.65983073300753,-0.0783911836879261,-0.9838514680717264,-0.16090715053444654,14.242779861770359,0.900220653682278,-0.13920488055443064,0.41258305335250867,12.013301170865565,84.25363240324907,73.89041677816016,61.439300271237016,23.21643716544647,7.307771694719219,102146.0,382492.57647360885, 0.0, 2.8421709430404007E-14,0.0,83.54002744207129, 132.111557205926,132.111557205926,0.0, 163.1919976258234, 9.377589908732428, -38.014385806659284, 9.377589908732428, 202.2588173551873, -0.9124251257974799, -38.014385806659284, -0.9124251257974799, 226.95566681820765, 7.014269086257692, 5.0278677786438335, 32.0, 0.0
7, 0 ,1.0,1.0,1.0,189.89175384072394,113.90042059235874,234.3084736124864,13.23317539704925,13.128917320334219,13.515603494538418,64.0,69.0,68.0,0.6352429620855641,-0.26478701674726224,0.7255027325123206,14.09780162041704,0.154087249753965,-0.8770510463744251,-0.4550149244989505,13.147170618411549,0.7567849751309932,0.40083574917366266,-0.5163402014179904,12.592094071939076,67.46051743388728,67.86216008453223,63.380080020788185,22.185239533328172,6.162149443468131,101999.0,290155.0478906889, 0.0, 0.0,0.0,NaN, 171.50075312519579,171.50075312519579,0.0, 175.11693108906957, -8.690462222568597, 17.519376240506713, -8.690462222568597, 172.36847000417185, -2.018469137128488, 17.519376240506713, -2.018469137128488, 182.67153782157908, 6.469871247144836, 4.812144777328303, 35.0, 0.0
8, 0 ,1.0,1.0,1.0,121.77691353167278,186.56036439575072,114.61387367210436,12.52286988668695,12.662526353669204,14.728514609077509,63.0,67.0,78.0,-0.0016060923704996554,-0.20072158532363643,0.9796470107403298,14.812453730936792,-0.3318659609424315,-0.9240210949817076,-0.18986837545142288,12.570071811629525,-0.943325184883269,0.3254164427529316,0.06512859856448598,12.517008251391436,78.21414282854695,66.50443645822756,66.36223092565359,22.200814015210845,6.419878776741124,99123.0,345188.95031585544, 1.4210854715202004E-14, 0.0,-1.4210854715202004E-14,57.246213135984135, 202.0754998347164,202.0754998347164,0.0, 156.8222701988908, 0.42844080468950846, -0.014824122441513862, 0.42844080468950846, 160.3395736573671, -12.102091473391967, -0.014824122441513862, -12.102091473391967, 216.9291425898096, 6.297403670005643, 4.666402153207024, 35.0, 0.0
9, 0 ,1.0,1.0,1.0,260.1685515863842,141.07059432767088,126.24839327162263,14.35836451420278,13.308513664819928,13.46351822705482,74.0,68.0,65.0,-0.8982958625922209,-0.2771004619411972,0.3409983537228191,14.570514216118825,-0.43829303225471217,0.5102593471723673,-0.7399558206407995,13.437095391056653,-0.03104450235818529,0.8141564546297014,0.5798150621173339,13.103055882853328,78.96056934368093,70.30398807030303,66.81254625910523,22.824516671766894,6.602039778727306,108139.0,370892.6747329488, 0.0, 0.0,0.0,NaN, 193.4582995644155,193.4582995644155,NaN, 206.16263152271765, 8.125822110335184, -9.564268803686549, 8.125822110335184, 177.11653596669876, -7.184579423108911, -9.564268803686549, -7.184579423108911, 181.26632305023736, 6.0723458078616295, 4.615819441861594, 38.0, 0.0
10, 0 ,1.0,1.0,1.0,22.772415878543946,133.1098297237834,191.7245028831215,13.08799880978347,13.145508655568662,13.116529924237792,58.0,64.0,62.0,0.47024248277602965,-0.6371247784732471,0.6106914311238143,13.802588909216917,-0.8812445556033021,-0.30154281552238893,0.36397797134767523,12.878587598147156,-0.04774977080755721,-0.7093264037537634,-0.703260984504031,12.640173606084769,82.75599734220458,69.14368062630854,67.36760769666608,21.849965690396786,6.222737921560796,95903.0,385481.10594254185, 0.0, 0.0,0.0,NaN, 173.09070734718009,173.09070734718009,NaN, 171.29571284489353, -7.592315740369959, 6.8754992015579335, -7.592315740369959, 172.8043978136306, -12.627292043710115, 6.8754992015579335, -12.627292043710115, 172.04335725342546, 6.436427373002036, 4.684642634559379, 35.0, 0.0
11, 0 ,1.0,1.0,1.0,47.18080998932063,248.57612019314146,213.64963443686847,13.309600354086804,14.5625398564768,13.274131354342936,64.0,71.0,65.0,0.041391028688867765,-0.8651259537251964,-0.49984384254999914,15.104209675323672,-0.802641749154468,-0.3267199510699192,0.49901933438207213,14.057081444139891,-0.5950235333651384,0.38054061250271365,-0.7079094836048787,11.818498349029372,71.24187885968553,67.65361478020948,64.58517165422033,22.873601021735524,6.497227729409358,109557.0,311285.71338155237, 0.0, 0.0,0.0,NaN, 111.02625760839219,111.02625760839219,0.0, 177.14546158550758, 12.022478117272842, -25.03093009629597, 12.022478117272842, 212.0675670714753, 28.808669218887964, -25.03093009629597, 28.808669218887964, 176.2025632123502, 6.980814221216349, 4.915518392429733, 42.0, 0.0
12, 0 ,1.0,1.0,1.0,265.3332978671954,281.7354645258016,25.531092518257,16.48132925690351,11.012505353585864,13.992703002730526,74.0,51.0,63.0,-0.9839872881713349,-0.13621434290670525,0.11495507602414373,16.589848618242804,0.1344287848537611,-0.14365547757420555,0.9804549992557883,14.028613658468883,-0.1170381071273937,0.980208527074429,0.15966629240580238,10.801858506990936,79.37144044171487,68.40068701170871,54.71554496072295,23.17312627186398,7.191066982592324,103385.0,297054.0342669928, 0.0, 0.0,0.0,NaN, 46.767618904843204,46.767618904843204,0.0, 271.6342140744636, 19.702745692024223, -7.3733074043052085, 19.702745692024223, 121.27527416275733, -13.767530596490449, -7.3733074043052085, -13.767530596490449, 195.7957373226239, 6.215396062431111, 4.694942165606614, 22.0, 0.0
13, 0 ,1.0,1.0,1.0,135.591840055127,21.220737706486993,249.46767988055817,15.046581514966547,12.69635960001112,13.576119164563146,73.0,55.0,69.0,0.9123683561318234,0.18008843156539217,0.36763043881815727,15.44932239107736,0.2742413034161067,0.39786329257360364,-0.875497862888954,13.361256787007875,0.3039336938049955,-0.8995959966778464,-0.3136101920079181,12.437983304295685,80.23204719754918,72.14452704619634,62.59531114191096,22.887628832492005,6.93286523566824,104486.0,362320.63346654945, 0.0, 0.0,0.0,NaN, 146.24972538434525,146.24972538434525,1.9073486328125E-6, 226.399615286533, 16.39718049277955, 22.448405947840747, 16.39718049277955, 161.1975470927945, -2.737242968102853, 22.448405947840747, -2.737242968102853, 184.31101157041874, 6.866111027496589, 4.686554074314693, 31.0, 0.0
14, 0 ,1.0,1.0,1.0,237.0332370594341,241.51942777201137,9.800803285346811,14.134597962312386,11.588222409500075,6.689326500092966,68.0,54.0,28.0,-0.9950083078308394,0.01824396493868159,-0.09811027005837036,14.188832165331446,0.02063585185414522,0.9995127075042692,-0.023420272324183075,11.589783013624748,-0.09763518303287996,0.025327954532517516,0.9948999275069504,6.570754802474536,68.75113142271286,53.40702003519459,30.631017590036528,18.44817639873767,6.203679130494711,44318.0,112470.75760368207, 0.0, 0.0,0.0,NaN, 86.49188579493733,86.49188579493733,0.0, 199.78685955620546, -0.9908415792267884, 15.394454099026914, -0.9908415792267884, 134.28689861203972, -2.4167492131566526, 15.394454099026914, -2.4167492131566526, 44.747089024846005, 6.155597776062916, 4.592101182693512, 15.0, 0.0
15, 0 ,1.0,1.0,1.0,144.40957575172547,151.82421931560404,58.65667985906656,12.27303005651944,11.702958215061637,13.429940279554252,61.0,59.0,67.0,0.360288214630743,0.11798401973895185,0.9253497573806514,13.59513796011814,-0.7414994926500177,-0.5656683486265138,0.3608293526889395,12.513852411944347,-0.5660131666295036,0.8161489388882348,0.1163185486225249,11.248356116407914,69.71366498284695,65.54093170561708,60.19703833199149,20.814631987361494,5.890746038896333,82876.0,275046.20089344046, 0.0, 0.0,0.0,NaN, 215.05997684904688,215.05997684904688,NaN, 150.6272667682296, 15.091385920545468, 11.391906690282466, 15.091385920545468, 136.95923098347865, 0.22745441607805897, 11.391906690282466, 0.22745441607805897, 180.36329591239374, 5.732688966965381, 4.4962368588324635, 31.0, 0.0
16, 0 ,1.0,1.0,1.0,34.24036086717892,10.971665751920966,72.11786498353457,15.15126210562552,7.489882024150598,13.342463677652331,75.0,31.0,63.0,0.9759697742635887,-2.5546492477617616E-4,0.21790579262964016,15.240253089238642,0.21775004734620945,-0.03667637371101982,-0.9753152108380825,13.246794998683672,0.008241153111250782,0.9993271628196053,-0.03573940467208573,7.479139065248838,77.99242690239555,65.72881467722125,32.0263510575266,20.3410624040645,7.065521452269635,58304.0,164178.27750881563, 0.0, 0.0,0.0,NaN, 80.5839078940072,80.5839078940072,NaN, 229.56074339336385, -0.9986437268012579, 12.112226264420293, -0.9986437268012579, 56.09833273569425, 4.266254681544831, 12.112226264420293, 4.266254681544831, 178.02133698947176, 6.292971567829414, 4.536321460532069, 26.0, 0.0
17, 0 ,1.0,1.0,1.0,218.7700814353689,29.627202798517988,269.6077184931636,12.586623550082118,13.930342951872104,14.458415297935153,68.0,64.0,65.0,-0.2857300768518423,-0.5469786665241576,0.7868752515803855,15.096693543265932,-0.05663057328032978,-0.8100346171872325,-0.5836410687471155,13.471074754512951,-0.956635406700056,0.21132500402410542,-0.20047553796418718,12.334638587930186,76.8690891662496,75.28930561498075,61.62180089531566,22.75624724134704,6.608822252601389,106342.0,356631.26429463463, 0.0, 0.0,0.0,NaN, 91.65021326146439,91.65021326146439,0.0, 158.42309239148176, 13.186756957963588, -16.065658750466845, 13.186756957963588, 194.0544547567728, -18.74565654263649, -16.065658750466845, -18.74565654263649, 209.04577292756522, 6.21118473193452, 4.628135382932008, 35.0, 0.0
18, 0 ,1.0,1.0,1.0,161.9769841960633,256.05964711587484,281.86706539174116,14.978840792393227,13.172461123561781,10.195737863956879,72.0,67.0,43.0,-0.9243739765565683,0.3783994311266886,-0.04844194451088246,15.310371436635583,-0.3809969840835306,-0.9092745422104505,0.16751449193197965,12.867437559655272,0.01934036153362071,0.17330227179980512,0.9846787664029194,10.09227681183784,75.25811322798675,63.53676206764203,46.76968457598599,21.400032889210223,6.62352371979737,80423.0,223636.58186866195, 0.0, 0.0,0.0,NaN, 145.97914515677434,145.97914515677434,0.0, 224.36567148386334, -24.291379247087352, 1.868967062160255, -24.291379247087352, 173.51373205174653, -12.13490310836532, 1.868967062160255, -12.13490310836532, 103.95307059052398, 6.575286527731403, 4.856825769910287, 30.0, 0.0
19, 0 ,1.0,1.0,1.0,40.69152399443039,85.52436704516484,38.12945421741092,12.414025353148647,12.429940138871682,15.732268581773816,58.0,60.0,78.0,0.09329601196082932,-0.008562957941831675,0.995601591955081,15.758847889235257,0.5727691539895934,0.8183891081868693,-0.04663436328659936,12.477232529641102,-0.8143901708580789,0.5746006816497762,0.081257038202006,12.33260287444746,79.5818885919064,61.586487973041535,63.281666164015775,22.604837548759264,6.7184098898362645,101982.0,310154.1420305172, 0.0, 0.0,0.0,NaN, 102.09834848019344,102.09834848019344,0.0, 154.10802546861737, 1.6050877887651143, 8.844232317718053, 1.6050877887651143, 154.5034118559334, -0.9574894955018644, 8.844232317718053, -0.9574894955018644, 247.5042747290675, 5.9396195854280895, 4.403486156098629, 34.0, 0.0
20, 0 ,1.0,1.0,1.0,190.7282077221379,281.8234958432227,59.84567396858748,14.158590781486247,10.288553694255652,12.765890517668494,67.0,44.0,68.0,0.9780889368837774,0.16109458337162397,-0.13187329810801313,14.273858166931927,-0.13513826915483468,0.0094328188406093,-0.9907818479052568,12.739861038304946,-0.1583656520694983,0.9868938935554539,0.030996178918689266,10.160753146359665,68.84226932327991,66.77601566789448,48.54500169353781,20.747058732355235,6.232779853520264,77103.0,223161.97741050736, 0.0, 0.0,0.0,NaN, 125.90557804852037,125.90557804852037,0.0, 200.46569291758735, 15.760309960579685, -5.055031014542579, 15.760309960579685, 105.85433711958161, -2.6870708398049286, -5.055031014542579, -2.6870708398049286, 162.96796070909838, 6.131407891091191, 4.685481821900945, 34.0, 0.0
21, 0 ,1.0,1.0,1.0,281.0876693404006,105.39021949053385,169.02616406106827,10.76364166294549,12.096375687843913,12.913238538641563,45.0,63.0,68.0,0.11852299329583035,-0.4436589035158015,0.8883237458220697,13.143914923184793,0.3207812640923765,-0.8295505788530739,-0.4571052589194603,12.023388123812005,-0.9397082955191434,-0.3391350976464785,-0.043996646199681425,10.564357751509151,67.41043161578246,59.22098836720828,52.58997551297995,19.897944283571675,5.74472187955756,70937.0,209945.0926535571, 0.0, 0.0,0.0,NaN, 169.17127509065813,169.17127509065813,0.0, 115.85598184829597, -11.985646066391736, 1.6066127085188635, -11.985646066391736, 146.3223047814613, -11.60596370546287, 1.6066127085188635, -11.60596370546287, 166.7517295558577, 6.188514530572596, 4.627651301949167, 22.0, 0.0
22, 0 ,1.0,1.0,1.0,277.886876738126,207.33652309107234,11.388989861387874,12.864465095709868,12.159603781074559,7.1795982268064185,49.0,66.0,28.0,-0.920433831437812,0.38877797933827957,-0.040660112227517475,13.015633704281974,0.39002569871416565,0.9203438748865531,-0.029105090642899893,12.009069266104412,-0.026105866912191463,0.04264779877612304,0.9987490420382462,7.160488226907964,64.33685614622922,61.49014876326271,30.525400739402464,18.15924099834604,5.927817758148183,45667.0,120761.01451912854, 0.0, 0.0,0.0,NaN, 95.94383389936532,95.94383389936532,NaN, 165.4944621987375, -8.910252955340333, 3.3660744437762777, -8.910252955340333, 147.85596411272272, -4.357128696647691, 3.3660744437762777, -4.357128696647691, 51.54663069836187, 6.4649883279430105, 4.686945896838713, 13.0, 0.0
23, 0 ,1.0,1.0,1.0,52.01052771707177,188.8749764263448,49.266654094050566,14.43957268109226,10.965836491281456,13.568755590285376,73.0,55.0,74.0,-0.8208968466561135,0.06327161144479208,0.5675606314176735,15.145852879295422,0.5650732039883659,0.23372032874216167,0.7912440091823627,12.897870554844003,0.08258717384904166,-0.9702430165261875,0.2276133730644864,10.821738914989266,77.63397601129523,65.79998306809725,57.85715368832115,21.704814259713245,6.462429526605391,90143.0,295552.5259513743, 0.0, 0.0,-7.105427357601002E-15,55.41970425971984, 132.2159939768126,132.2159939768126,0.0, 208.50125921254593, 0.6716289381471756, -30.297428028080496, 0.6716289381471756, 120.24956995352, 13.139147705755432, -30.297428028080496, 13.139147705755432, 184.11112826890064, 5.951697034820303, 4.287629248282352, 32.0, 0.0
24, 0 ,1.0,1.0,1.0,91.06495956011636,268.3561800027706,39.31578274351843,11.316859575991678,14.712250063245685,13.573351993531544,61.0,61.0,67.0,-0.04898252768899992,-0.8533526095331603,0.5190279720633005,15.312773249915423,0.27485099065136664,-0.5111054384458706,-0.8143882143848943,13.034946483739871,-0.9602383271454845,-0.10276455903666475,-0.25958004639579124,11.15197930814106,76.01973979238437,69.36518834776635,58.695996147418185,22.052556600879832,6.514771238643288,93843.0,309511.2406818995, 0.0, 0.0,0.0,NaN, 104.11478750128738,104.11478750128738,0.0, 128.07131066271455, -1.7950968457624699, -12.993649090550647, -1.7950968457624699, 216.45030192347267, -29.81437121790736, -12.993649090550647, -29.81437121790736, 184.23588434030674, 5.837475912797678, 4.2594266941007035, 34.0, 0.0
25, 0 ,1.0,1.0,1.0,68.6370269088953,62.37276833245542,161.37413563159134,13.555115187719524,12.73336803566747,12.027557740671309,65.0,62.0,58.0,-0.9414016526472458,0.2176114349136228,-0.25769786919543797,13.764134141989755,0.101322458847168,0.9111986052149357,0.3993129864999636,12.818713430559468,0.32170901094964494,0.3498033236680151,-0.8798527984979142,11.694919914039216,66.89956276731508,63.24361044924274,65.63318647110437,21.31897635545411,6.003599057626766,89227.0,277692.03553927084, 0.0, 0.0,0.0,NaN, 166.78889041010797,166.78889041010797,0.0, 183.7411477523445, -8.248670828524586, 13.89466339449201, -8.248670828524586, 162.13866153175803, 7.069327386975271, 13.89466339449201, 7.069327386975271, 144.66214520518233, 6.248840868610998, 4.387854966363409, 37.0, 0.0
26, 0 ,1.0,1.0,1.0,124.00397470641373,169.07164107196627,274.35201445347786,13.089011133245004,11.556367429735731,13.176951959381215,68.0,56.0,61.0,-0.7500064627297095,0.30690104885795505,0.5859198341697921,13.32232581548883,0.5892768389827554,-0.09228723160390133,0.8026430551131557,13.13205788723893,0.3004049149101277,0.9472564663768595,-0.11163365982114849,11.338809199791418,75.75240593879869,70.77961063199652,60.108464359549316,20.988023898616397,6.164961994065406,83025.0,322285.10396173404, 0.0, -2.8421709430404007E-14,0.0,72.12742782088853, 182.1456562127451,182.1456562127451,0.0, 171.32221244621167, -13.645765029253274, -0.7402970764185379, -13.645765029253274, 133.54962817105684, 5.545476880827682, -0.7402970764185379, 5.545476880827682, 173.63206293984047, 5.677144315292304, 4.222039505050974, 31.0, 0.0
27, 0 ,1.0,1.0,1.0,277.1468796929751,207.7201526781245,286.94885699983314,13.437372635263944,12.624326063332665,7.623454970574368,55.0,61.0,35.0,0.9807859001344581,-0.12406735341340915,-0.15055334574306953,13.577135800967902,-0.10616447872096667,-0.9868790810127653,0.1216502483240568,12.654599006431017,0.16367077184196735,0.10332943083357991,0.9810886336963967,7.319574100257911,59.95003128827318,63.068300775745456,40.57415468428621,18.90058208680485,6.38918260504657,47944.0,153408.71239635092, 0.0, 0.0,0.0,NaN, 95.95919790789631,95.95919790789631,0.0, 180.56298333894028, -4.746898781064459, -20.68471239347547, -4.746898781064459, 159.37360855334043, -10.350808977833212, -20.68471239347547, -10.350808977833212, 58.11706568837504, 5.626700252177057, 4.367411607522963, 19.0, 0.0
28, 0 ,1.0,1.0,1.0,12.989034006899951,250.00073928043372,81.19135041892558,8.24884930729712,11.867954387890915,13.752992690902532,33.0,57.0,60.0,-0.06326069651162253,0.043349586996460424,0.9970551126111836,13.77243777316078,-0.10916713105617855,0.9927605973972726,-0.05008925785409019,11.903770676273393,-0.9920083778748177,-0.11201432748825783,-0.05807037681577215,8.164365601483182,59.04527384872662,57.42216508927814,36.18366165433549,19.056974014707375,5.904947553223799,56812.0,122680.97486622905, 1.7763568394002505E-15, 0.0,0.0,86.37300717888279, 96.23240857312226,96.23240857312226,0.0, 68.04351489449617, -8.470279860386729, -7.349271081620187, -8.470279860386729, 140.84834135305923, 1.5856678744350692, -7.349271081620187, 1.5856678744350692, 189.14480795601847, 7.806671952701161, 4.970022618865007, 25.0, 0.0
29, 0 ,1.0,1.0,1.0,60.404012574188926,44.168270806277384,34.22527946013521,11.922458786984226,12.086468321244599,14.735209684176292,62.0,60.0,68.0,-0.35871971939905206,-0.36415686445482043,0.8594823680475935,15.582800541320669,-0.5526021050119225,-0.6592291247696753,-0.5099488940980262,12.025091204521601,-0.7522971995499237,0.657880490002433,-0.0352446368047855,10.859449951852206,81.20725770104968,59.84136904693022,56.36099615284424,21.484350580976667,6.616405712935637,82391.0,273889.27484302426, 0.0, 0.0,0.0,NaN, 82.28517870919272,82.28517870919272,9.5367431640625E-7, 142.14502352733737, 26.03273136230218, -30.990070242981613, 26.03273136230218, 146.08271648044922, -30.123281358829708, -30.990070242981613, -30.123281358829708, 217.12640443664276, 6.245923710879158, 4.333563024904572, 26.0, 0.0
30, 0 ,1.0,1.0,1.0,135.4352944423743,142.75554451482907,174.8946576684746,12.332361101973886,11.411917827640824,11.873781825850138,58.0,52.0,55.0,-0.8715898494927794,0.44141002561822085,0.21327991828785792,12.611879818819284,-0.3059627922627127,-0.14986967631513426,-0.9401733084235058,11.895981676333475,-0.3830377318384678,-0.8847012317188884,0.2656799325939456,11.078438567514429,66.26876015147307,54.455567801973984,59.065370496358,19.815766546220146,5.53543944849093,72459.0,213149.37743710348, 0.0, 0.0,0.0,NaN, 233.1806405993133,233.1806405993133,0.0, 152.08713034947857, -13.115039257265733, -1.3500931219222434, -13.115039257265733, 130.23186850482648, 6.066562763517534, -1.3500931219222434, 6.066562763517534, 140.98669484788903, 5.607838162850263, 4.105487819119823, 31.0, 0.0
31, 0 ,1.0,1.0,1.0,238.84286734627622,95.22015453541978,185.34613336796312,13.272898784804807,11.367447614595859,11.92167922073081,67.0,56.0,59.0,0.9111008152323359,-0.37915491357335374,0.16166897041842915,13.667926085386519,0.191158409215765,0.041188145884908975,-0.9806946513694573,11.882620391035744,-0.3651763506431797,-0.924416079561442,-0.11000520341867213,10.931892426803842,72.9742959631752,59.96372693217141,56.16445587298384,20.336335263728966,5.826543650008982,77005.0,245765.03012530803, -2.8421709430404007E-14, 0.0,0.0,24.342077951760395, 161.09805038501023,161.09805038501023,0.0, 176.16984215167295, -23.079944550632035, 5.847687991070126, -23.079944550632035, 129.2188652705811, -5.0018310367778165, 5.847687991070126, -5.0018310367778165, 142.1264354420048, 5.830528177008924, 4.273913845496285, 30.0, 0.0
32, 0 ,1.0,1.0,1.0,273.8515023787192,65.85057575175438,239.52486637361147,13.92474969430316,13.281052246961625,11.72359956632421,58.0,71.0,57.0,-0.9804280178010277,-0.12279911906728706,-0.15388722580853134,13.969253827130622,0.15841615955481558,-0.956164165814592,-0.2462811572248047,13.394685061785937,-0.1168983417446581,-0.2658391701167907,0.9569035026213276,11.539937141761344,62.765395979280186,73.81830901950485,58.007723359358295,21.58483815148115,6.467035766210327,88493.0,268763.4371175012, 0.0, 0.0,0.0,NaN, 93.15194062292646,93.15194062292646,0.0, 193.89865404899592, 0.4557243618569992, 7.545390810749346, 0.4557243618569992, 176.38634878652445, 12.061646774979573, 7.545390810749346, 12.061646774979573, 137.44278679151722, 5.5008089637999635, 4.190946669879955, 32.0, 0.0
33, 0 ,1.0,1.0,1.0,131.3814776326827,276.16566713826046,59.00470759099047,12.89461065471617,12.11232806264887,12.180161224399004,64.0,53.0,69.0,-0.8848373916229,0.023501036810140794,0.4653068790108642,13.181651297545844,-0.28627645154057896,0.7605191210383617,-0.5828005317674064,12.737156718323538,-0.3675711953884813,-0.6488901045661625,-0.6662079619133934,11.195745186859055,64.6039956096796,67.2626994943951,61.316480011224286,20.640278098826826,5.942619160721569,79871.0,266447.0323413947, 0.0, 0.0,0.0,NaN, 145.9819290385272,145.9819290385272,0.0, 166.27098393671977, -9.038433374261716, -13.777033411249008, -9.038433374261716, 146.70849109723133, -15.821603471147247, -13.777033411249008, -15.821603471147247, 148.35632745235304, 6.243618828434583, 4.290807839439298, 23.0, 0.0
34, 0 ,1.0,1.0,1.0,36.192545343482756,176.38410393759986,209.06557184475145,12.101740816211215,13.168730070371318,12.782275640594223,66.0,63.0,67.0,0.2736258411934015,0.8223248795557959,0.4989095023095365,13.562673583384903,-0.22280714769063104,-0.450405313382428,0.8645762133061737,12.515592839936497,-0.9356740212110033,0.3477309968070476,-0.05997732813662414,11.94436997654822,59.99020587674107,59.75905519952599,71.0689930082143,21.126643085922993,6.0761093572466836,85128.0,254779.35677218265, 0.0, 0.0,0.0,NaN, 157.6700996437569,157.6700996437569,0.0, 146.45213078275248, 10.690115500878578, 2.9435698230044802, 10.690115500878578, 173.41545166630178, 11.4941374379812, 2.9435698230044802, 11.4941374379812, 163.38657055212846, 5.581100772656328, 4.220634774096526, 41.0, 0.0
35, 0 ,1.0,1.0,1.0,200.50600757765622,175.43273724403298,193.53387094396368,12.543242008328557,10.696616727117497,11.741019623317081,64.0,53.0,56.0,0.9188878771491537,0.27847469593088303,0.27945824903645894,12.787676447448268,-0.28656953415198555,-0.01571533134501231,0.9579305457373359,11.65310807521172,-0.27115119642781466,0.9603149858702186,-0.0653617364277151,10.501546293012137,64.6599857647335,56.5564746368064,51.37363490754947,19.469681353173556,5.525719798122993,67831.0,187870.34384539543, 0.0, 0.0,2.8421709430404007E-14,73.77212601180828, 191.705748778768,191.705748778768,0.0, 157.3329200794982, 13.73888280539954, 6.668587336031102, 13.73888280539954, 114.41760940684985, 3.759347292267962, 6.668587336031102, 3.759347292267962, 137.8515417951168, 5.925664933512408, 4.199086631547968, 34.0, 0.0
36, 0 ,1.0,1.0,1.0,32.547217880922304,288.8757841101287,207.11096362585369,13.176515776387422,6.807025403254095,13.340510146807105,76.0,27.0,86.0,0.6552908778174864,-0.048074660998316865,0.7538452708739939,13.964435759569348,0.7546795756613418,0.0845298775938371,-0.6506254205559359,12.55925055838483,0.03244385194155795,-0.9952605321039654,-0.09167262245254278,6.721988779488389,69.87069630391267,78.04645436761162,31.973257372207854,18.843573375750275,6.545618095772187,46709.0,174355.29171179837, 0.0, 0.0,0.0,NaN, 99.05272661300228,99.05272661300228,0.0, 173.62056800538664, 2.4601031523927492, 18.74601832030616, 2.4601031523927492, 46.33559484054658, -11.619542037782661, 18.74601832030616, -11.619542037782661, 177.96921097706334, 5.791485798660329, 4.4491589543384515, 23.0, 0.0
37, 0 ,1.0,1.0,1.0,163.22497284053347,9.596236969234681,223.8871784203592,14.270572736332085,6.539871590920692,12.204536216003383,73.0,27.0,66.0,0.9357675894866925,-0.02519194281544409,0.35171634093889975,14.579452395173734,0.3525253482977247,0.08962391416203115,-0.9315006348993247,11.87197056534398,0.008055884422757922,-0.9956570293165516,-0.09274795253107694,6.47037507791343,72.99599929562098,62.901083913247106,28.951285061040874,18.69966018806477,6.759628669336544,43263.0,132930.62085295783, 0.0, 0.0,2.8421709430404007E-14,69.407669820198, 156.82046239970327,156.82046239970327,0.0, 203.64924622294458, -0.893585151782378, 23.64487188670782, -0.893585151782378, 42.76992042573154, -9.783920841207626, 23.64487188670782, -9.783920841207626, 148.95070424773817, 6.49865585303592, 4.291622337140562, 17.0, 0.0
38, 0 ,1.0,1.0,1.0,104.03217607216843,229.4386671172296,156.8460103139738,12.074417940897497,10.925926422011555,12.015407830404634,59.0,52.0,59.0,-0.8257377739513183,0.5424296920929718,0.15468405802100288,12.847320276190612,-0.17441346520538756,0.015255564585936743,-0.9845543209514713,12.006877911465613,-0.5364112898000659,-0.839962675888094,0.08200994628666469,10.015922656538793,58.66635950716783,59.667079432811164,54.05467900153954,19.474823593091376,5.501700477087835,68063.0,189215.71909752756, 0.0, -2.8421709430404007E-14,0.0,57.1508078157336, 190.5115747652375,190.5115747652375,0.0, 145.79156861146734, -29.11174472160708, -0.7392087123341957, -29.11174472160708, 119.37586817921022, 4.77302895928331, -0.7392087123341957, 4.77302895928331, 144.37002533094898, 5.935526523495702, 4.145037917628231, 23.0, 0.0
39, 0 ,1.0,1.0,1.0,51.94011293300033,20.400219893582364,165.49917200564664,12.460350722702286,11.467461246972812,12.248109206670305,61.0,49.0,59.0,0.7159789467302756,0.13410559232857389,-0.6851203091028666,12.703199791105535,-0.6267845586750163,0.5556525078268333,-0.5462521464967587,12.485351461088783,-0.3074333502494004,-0.8205278670782323,-0.48189081180540905,10.932698691651431,64.71652959004805,61.164504921318056,59.119818267353196,20.08601596349578,5.7733135577666195,73672.0,234017.1982403393, 0.0, 0.0,0.0,NaN, 145.61736515390592,145.61736515390592,0.0, 155.26034013274736, -8.645241473416263, -8.078410428807322, -8.645241473416263, 131.50266745082322, -14.881122904040579, -8.078410428807322, -14.881122904040579, 150.0161791385219, 5.555523011519112, 4.065418725559611, 23.0, 0.0
40, 0 ,1.0,1.0,1.0,186.78514588859417,65.64156003148045,62.94603142215874,11.727970470205218,10.945447346219325,12.588850663261,57.0,57.0,61.0,-0.5420089230802272,-0.14147567733782562,0.8283785125310861,13.070804356522814,0.61933800974157,0.5990205488564426,0.5075379904372445,11.680154157742313,0.5680200322090436,-0.7881364188828794,0.23705321815935781,10.418989505015901,66.45036332525964,56.36772966136431,55.08815894580559,19.605275648308098,5.608960396956174,68614.0,206341.29946449277, 0.0, 0.0,-7.105427357601002E-15,34.06746944205484, 145.21921521146143,145.21921521146143,0.0, 137.54529135000558, 15.116417611334182, -19.20696366302107, 15.116417611334182, 119.80281760885966, 1.173225534097541, -19.20696366302107, 1.173225534097541, 158.47916102188694, 5.358566712990603, 3.937984383901745, 33.0, 0.0
41, 0 ,1.0,1.0,1.0,92.09905337747257,158.67253973899483,106.49279089491395,11.26659765575457,11.555202789337503,13.164683033973796,57.0,56.0,61.0,-0.09381187567316202,0.20086954893830486,0.9751157655847866,13.209371450426422,0.658759257383061,-0.72184559272043,0.21207352753752529,12.440927318399225,-0.7464821315978039,-0.6622615529980682,0.06460698588995939,10.222702527577159,62.52205265195242,57.72825282726812,52.651875292966764,20.03423071996793,5.691872546310883,73102.0,190035.82709894827, 0.0, 0.0,-1.4210854715202004E-14,12.808683652926947, 199.49035357490447,199.49035357490447,0.0, 126.93622273665436, -25.2247251819384, 0.6214700162776359, -25.2247251819384, 133.52271150271324, 6.011797603929484, 0.6214700162776359, 6.011797603929484, 173.30887938499754, 6.215698268544915, 4.296005054174472, 28.0, 0.0
42, 0 ,1.0,1.0,1.0,84.02873862836587,207.95169825091887,190.68757657117536,13.78652094738535,12.340449563610768,10.372836108383082,65.0,60.0,52.0,-0.9749994302659817,0.2221957348648152,0.0022729691806596328,13.861836034867602,0.2152079718411422,0.946785319283817,-0.2393388561112948,12.3677576421025,-0.05533208686678653,-0.23286608726159708,-0.9709334403379256,10.239074999469109,65.41563802632402,59.38196399978463,55.060240592334736,20.394498892954672,5.832237915360601,76726.0,213882.0035534591, 0.0, 0.0,0.0,NaN, 165.77974751533063,165.77974751533063,0.0, 190.06815983269507, -9.110008271554271, -2.6721855217193915, -9.110008271554271, 152.2866954320212, -10.860644908208604, -2.6721855217193915, -10.860644908208604, 107.59572893137589, 5.66073783090441, 4.106988417703069, 21.0, 0.0
43, 0 ,1.0,1.0,1.0,24.72339232652451,11.771664579790315,265.5292941374348,13.032507389295725,7.501859827630786,13.949110534920678,50.0,33.0,71.0,-0.4578943461006745,0.06163887902446397,0.8868671920877688,14.338701626026252,0.8820354041731155,0.1561848211412748,0.44454453930988447,12.730465221512096,0.11111396669278503,-0.9858026933609365,0.1258838201204556,7.28276907258266,76.24900598233532,70.72840479145663,35.405002029525136,19.443196950400914,6.531762915849214,53509.0,190938.13362426392, 0.0, 0.0,0.0,NaN, 44.02326405179228,44.02326405179228,0.0, 169.84624885204767, 10.713625884346154, -19.20362775368299, 10.713625884346154, 56.2779008734206, 15.909546352411425, -19.20362775368299, 15.909546352411425, 194.57768471543503, 5.838273570870807, 4.203913472537475, 23.0, 0.0
44, 0 ,1.0,1.0,1.0,287.331013916501,78.73823724320742,284.84389956556953,8.0654692938204,10.27493145644751,8.643420366842431,37.0,50.0,36.0,0.11146050973625386,0.9603240701663519,-0.25564474379197927,10.381467254364287,-0.5591592099244117,0.2732670783624782,0.7827298907285598,8.967085013184683,0.8215336467400727,0.05570264035364432,0.5674325361940311,7.559844642258298,49.38940585659853,49.48784367887407,38.87024085683976,14.928219063138842,4.741624469013279,27162.0,95005.67858130734, 0.0, 0.0,0.0,NaN, 81.17832588154336,81.17832588154336,NaN, 65.05179492955973, 1.8649403190605285, -11.621548523453164, 1.8649403190605285, 105.57421643469455, -7.453570211648643, -11.621548523453164, -7.453570211648643, 74.70871563794654, 6.6781837196112575, 4.488492908738517, 9.0, 0.0
45, 0 ,1.0,1.0,1.0,121.5695860527691,236.87500416949266,78.33926327844428,11.779984010132926,12.55256519926044,14.204436234312071,61.0,62.0,66.0,0.1390282466542248,0.3297250877492533,0.9337839756287313,14.479615157732892,0.12578142315136615,-0.9411839681983235,0.31361086013796513,12.300377668363154,-0.9822678760003655,-0.07385190935381777,0.1723244476634888,11.710780469076095,67.4960477846605,58.91984219899197,59.92323549518753,21.46088593123386,6.126279469782472,89939.0,238306.10765292408, 0.0, 2.8421709430404007E-14,0.0,70.74790970804744, 157.8004104007737,157.8004104007737,0.0, 138.7680232789874, 1.6483092585555588, 9.972750650683862, 1.6483092585555588, 157.5668930816843, 18.14873411730479, 9.972750650683862, 18.14873411730479, 201.7660087346377, 6.0209253315732, 4.220611997803043, 38.0, 0.0
46, 0 ,1.0,1.0,1.0,23.57186689254025,187.99559309585015,121.91363889448307,12.57557597780685,12.666744045262229,12.531752488657594,53.0,61.0,64.0,-0.5593667116131648,-0.5419632566107563,0.6272038826593292,13.874249009485409,0.6198690176020403,-0.7758463373466072,-0.11757917265798273,12.224754184513062,0.5503374264541309,0.3230143794163316,0.7699288458904016,11.562739116220602,72.25745923290222,63.65506414141244,59.44080669519565,20.976409465575912,5.968800738103069,84413.0,273401.15277421055, 0.0, 0.0,0.0,NaN, 167.22307084623347,167.22307084623347,1.9073486328125E-6, 158.14511117359268, 10.251510247047625, -21.77620852657037, 10.251510247047625, 160.44640470818615, -18.55009449173991, -21.77620852657037, -18.55009449173991, 157.04482043697578, 5.929552254349905, 4.285713353277677, 21.0, 0.0
47, 0 ,1.0,1.0,1.0,216.70734950439197,135.66187175974426,206.24914712439895,12.58116178703945,12.866256521409442,11.073185843082221,69.0,61.0,59.0,0.5775578044462384,0.7274037909812585,0.3705545943438491,14.181703977838968,0.8156965423789433,-0.5323731337789404,-0.22631393501379363,11.700021579342474,0.03265169634609945,0.432969480791065,-0.9008170155082764,10.412991924978918,63.475003095625766,59.9258001854928,54.94275087123633,20.28679105517725,5.906584646427186,74454.0,208990.70569184257, 0.0, 0.0,0.0,NaN, 184.74585649167724,184.74585649167724,0.0, 158.2856319116617, 26.58190995477835, 14.583443021107255, 26.58190995477835, 165.540556874711, 28.412983571826306, 14.583443021107255, 28.412983571826306, 122.61544471543651, 5.708873025871038, 3.885604618527054, 30.0, 0.0
48, 0 ,1.0,1.0,1.0,125.62072962330039,91.80578051861208,213.1791812170295,12.705797759728343,10.301998686087046,12.203516935176294,63.0,51.0,65.0,0.7510007935633585,0.12089519814207529,0.6491395528955187,13.616923266993547,-0.6156708431690466,0.4835033548355072,0.6222330100005335,11.647866980557142,0.2386361685468504,0.8669537801572801,-0.43754305174723257,9.767338161978834,67.65244111976594,58.082021997300814,52.703403015746986,19.606793267580105,5.6628576698297115,67295.0,207092.25499034533, 0.0, 0.0,0.0,NaN, 178.17610283611916,178.17610283611916,0.0, 161.43729671111777, -3.8149946329365747, 28.457199527488267, -3.8149946329365747, 106.13117692813921, 19.18042794422419, 28.457199527488267, 19.18042794422419, 148.92582558713463, 6.179844944212162, 4.207175638521224, 37.0, 0.0
49, 0 ,1.0,1.0,1.0,107.59106534390736,211.0432711153997,279.52207279196693,11.814584559191731,12.157807695881171,11.311948741193424,61.0,58.0,46.0,0.491955914710626,0.8448143423200674,0.2103998692764385,12.253051227472042,-0.7208344860560848,0.530769580150075,-0.445736801823198,11.930069203610662,-0.48823869335960135,0.06761937442497157,0.8700865465624008,11.085714456619966,60.439724889064735,65.0959031162134,55.83458067053786,19.540248234802785,5.790991238291065,66326.0,219674.37239264368, 0.0, 0.0,0.0,NaN, 141.0974218702196,141.0974218702196,0.0, 139.58440830629166, 3.887806327277146, 9.064004769419396, 3.887806327277146, 147.81228797002743, 0.24498162239692853, 9.064004769419396, 0.24498162239692853, 127.96018432338751, 5.311584698916833, 3.98962304065324, 26.0, 0.0
