// Sample: .//bubblelabels.tif, Map: .//bubblelabels.tif, Thickness:(8.191250068658265):/afs/psi.ch/project/tipl/test/LabelValidation/SmallStep0500//distmap.tif, Neighbors:(1.0):
//LACUNA_NUMBER, TRIANGLES, SCALE_X, SCALE_Y, SCALE_Z, POS_X, POS_Y, POS_Z , STD_X, STD_Y, STD_Z,PROJ_X, PROJ_Y, PROJ_Z, PCA1_X, PCA1_Y, PCA1_Z, PCA1_S, PCA2_X, PCA2_Y, PCA2_Z, PCA2_S, PCA3_X, PCA3_Y, PCA3_Z, PCA3_S,PROJ_PCA1, PROJ_PCA2, PROJ_PCA3,OBJ_RADIUS, OBJ_RADIUS_STD, VOLUME, VOLUME_BOX, Mask_Grad_X,Mask_Grad_Y,Mask_Grad_Z,Mask_Angle, Mask_Distance_Mean,Mask_Distance_COV, Mask_Distance_STD, SHAPET_XX, SHAPET_XY, SHAPET_XZ, SHAPET_YX, SHAPET_YY, SHAPET_YZ, SHAPET_ZX, SHAPET_ZY, SHAPET_ZZ, Thickness, Thickness_STD, Neighbors, Neighbors_STD
1, 0 ,0.3333333432674408,0.3333333432674408,0.3333333432674408,12.083122867223198,271.5639688445892,69.50808768243074,8.088226317174284,16.755188900002466,20.02290609136563,34.0,69.0,99.0,-0.0722064329773462,-0.23817533466979424,0.9685343261813797,20.243809274094854,-0.08029786799292077,-0.9665287877597654,-0.24366853475044611,16.58389314508528,-0.9941521430004965,0.09536567719347136,-0.050664624551566326,7.8889291163444915,104.12079315247468,81.64271019443595,36.316461900505104,25.789846318456423,9.052974939028337,103738.0,308715.483521612, 0.0, 0.0,-1.4210854715202004E-14,14.411246807258111, 76.06565571507541,76.06565571507541,NaN, 65.41940495783068, 22.49224870976024, -20.144096089047316, 22.49224870976024, 280.73635507476587, -30.0645054836279, -20.144096089047316, -30.0645054836279, 400.91676834364694, 5.0067414451462255, 5.292532170416202, 18.0, 0.0
2, 0 ,0.3333333432674408,0.3333333432674408,0.3333333432674408,105.62010930461228,12.364455420639821,116.48188927762914,15.769015877437532,7.679166222281605,17.888609912443027,72.0,33.0,88.0,-0.023026533573952644,-0.020948093912186827,0.9995153606188419,17.892974898375872,0.9995476196938258,-0.019831013474756735,0.02261165338870655,15.770068547910645,0.019347731545962026,0.9995838675498967,0.021395256904631177,7.666825124662291,87.99509104295893,72.60055491283926,34.36333913503208,23.620704801702953,8.348420502277047,87462.0,219529.9322541006, 0.0, 0.0,0.0,NaN, 157.7229145592139,157.7229145592139,0.0, 248.66186174287697, -3.6384213051814593, -1.7233741151756476, -3.6384213051814593, 58.96959386943073, -5.557884596895791, -1.7233741151756476, -5.557884596895791, 320.0023645995549, 4.393550320564971, 4.630933540348525, 23.0, 0.0
3, 0 ,0.3333333432674408,0.3333333432674408,0.3333333432674408,160.55312183021502,15.43423417994838,148.61835035602022,15.727983667934245,9.566859291701268,15.639401155761796,79.0,39.0,74.0,0.9168119426660799,0.0579495351061417,0.39509203126085723,15.769791524551284,0.39483217236231877,0.01635436263426894,-0.9186076912863721,15.615524158900694,-0.05969436700812195,0.9981855469820268,-0.007886465855554728,9.536991978178433,74.08920722614818,77.24411768666653,40.82028578501152,23.08910109163623,7.09778460204657,99573.0,233612.67668910007, 0.0, -1.7763568394002505E-15,0.0,86.67787507660202, 204.37969928191282,204.37969928191282,0.0, 247.36947025880633, 9.367369852321039, 1.681818723869201, 9.367369852321039, 91.5247967072109, 1.314430290403966, 1.681818723869201, 1.314430290403966, 244.5908685108434, 4.110394322133965, 4.791144032436607, 28.0, 0.0
4, 0 ,0.3333333432674408,0.3333333432674408,0.3333333432674408,224.40123298760784,263.10787603700345,216.43211994990554,15.254106788424124,14.557728791421173,15.472669490568276,78.0,73.0,77.0,-0.32612034783486904,0.44012240428154276,0.8366228469134094,15.906611394686996,-0.9442116073734985,-0.194657812647895,-0.2656553716307868,15.176891421663948,-0.04593429251897038,0.8765846252499364,-0.47905055635727056,14.165465871443107,85.26321275678444,81.99229760388113,72.18569013089966,25.142911492480383,7.20088496803408,144527.0,504644.86957806733, 0.0, 0.0,0.0,NaN, 118.57399782567018,118.57399782567018,NaN, 232.68777391264697, -2.060671179155394, -6.841671132557089, -2.060671179155394, 211.927467564573, 20.814448634933527, -6.841671132557089, 20.814448634933527, 239.40350116436235, 3.3068923575793416, 4.014042742046731, 32.0, 0.0
5, 0 ,0.3333333432674408,0.3333333432674408,0.3333333432674408,123.39683535586944,152.6372901586913,204.6975760172617,14.730596401494864,14.93324757194481,14.172824655962966,71.0,69.0,71.0,0.6600274609663938,0.5632299506133975,-0.49712752237457636,15.330851758518861,-0.5338054691751865,0.8172409097518073,0.21718429157445365,14.76726885594272,-0.5285976464655461,-0.12202179379138724,-0.8400566707020528,13.702338012617556,79.13399151931225,74.77065617476056,69.35158852574406,24.337260812999755,6.968432265395228,130694.0,410346.4468560507, -1.4210854715202004E-14, 0.0,0.0,48.69803284547212, 214.53461083145282,214.53461083145282,0.0, 216.99047034373345, 4.350334240360174, -19.02863239750338, 4.350334240360174, 223.00188304499554, -7.857301073329561, -19.02863239750338, -7.857301073329561, 200.86895872867174, 3.500220141938337, 4.035558247192353, 34.0, 0.0
6, 0 ,0.3333333432674408,0.3333333432674408,0.3333333432674408,104.87733317778815,111.2915759319749,165.21294784051435,18.392528990169307,13.660314225938151,14.996202525822882,84.0,72.0,74.0,-0.9739213732773306,0.12103979159492846,-0.19190239061630995,18.550410474331223,-0.2253516554239177,-0.4178648359328236,0.8801168162741435,15.218022355092412,0.02633989505101346,0.9004100997553788,0.43424401226408477,13.193538738140482,87.36335860213296,78.0974189210791,72.86787324916682,26.21937263175832,7.894295180577296,154296.0,497166.7741286637, 0.0, 0.0,0.0,NaN, 203.84459599840076,203.84459599840076,0.0, 338.2851226542184, -14.629500066984999, 20.37362902328921, -14.629500066984999, 186.60418475136825, -25.103510851848586, 20.37362902328921, -25.103510851848586, 224.8860901954966, 3.6835986063368753, 4.2645840371308825, 39.0, 0.0
7, 0 ,0.3333333432674408,0.3333333432674408,0.3333333432674408,197.95145381502508,124.43567446881954,67.39259248378734,14.777782965107065,14.8113221021146,15.148012504511598,73.0,75.0,80.0,-0.47919702092026406,0.32566092415380776,0.8150553218159071,15.593915663034888,0.5867939477249535,0.809448838856521,0.021574062834681346,14.891025661353456,-0.6527197546072193,0.4886077565421145,-0.5789813314713812,14.223486339864248,86.03778866409397,76.92029212491639,72.31578375959053,24.795380213862845,7.239442980179723,136159.0,478589.60561383585, 0.0, 0.0,0.0,NaN, 174.47035387326642,174.47035387326642,0.0, 218.38286936380854, 2.8544187915516495, -15.713768195140803, 2.8544187915516495, 219.37526241258843, 11.185636067166072, -15.713768195140803, 11.185636067166072, 229.46228283683973, 3.1397005387695107, 4.012953472559425, 39.0, 0.0
8, 0 ,0.3333333432674408,0.3333333432674408,0.3333333432674408,117.58967440458245,30.713521254145313,268.00302230931567,13.293986621701098,14.734082724102935,15.550874862349936,65.0,64.0,66.0,-0.31530365239548774,0.38630285189627045,0.86680661822743,15.820742962851556,0.28083880884382106,-0.8345026105290431,0.47406218628719643,14.894935363825505,-0.9064839602735667,-0.3929064769598754,-0.15463288825385682,12.786632692542117,79.35344642740938,79.71896382783716,65.03400238482655,24.270177489429756,6.827259159774859,132680.0,411403.44236867037, 0.0, 0.0,0.0,NaN, 125.6760060462724,125.6760060462724,0.0, 176.73008029796776, -24.24977747875961, -15.952596166989562, -24.24977747875961, 217.09319372070857, 5.976257747792331, -15.952596166989562, 5.976257747792331, 241.82970898446712, 3.5111824850185935, 4.1172047104486404, 31.0, 0.0
9, 0 ,0.3333333432674408,0.3333333432674408,0.3333333432674408,276.1794749403341,13.038993941619239,278.86484303286215,14.294156848541439,8.21657146099918,11.953667188403863,60.0,32.0,51.0,-0.9530069193768713,-0.12013943682247463,0.2781084812438899,14.60335296591947,0.2533262935790451,0.18742652405106294,0.9490506240784203,11.781487522812592,0.1661433134414619,-0.9749040023520854,0.1481842960525074,7.916044450236218,63.603512687324354,56.98385745608829,36.23016668807797,19.387430980903734,6.233189055065329,54470.0,131311.65606952508, 0.0, 0.0,0.0,NaN, 34.411155707899574,34.411155707899574,0.0, 204.3229200107041, 20.857202041980216, -21.60790720560427, 20.857202041980216, 67.51204657370621, 8.511897804262562, -21.60790720560427, 8.511897804262562, 142.89015925112312, 5.590381872709769, 5.062106575495149, 8.0, 0.0
10, 0 ,0.3333333432674408,0.3333333432674408,0.3333333432674408,21.22536682272,83.26557307605226,218.78133787129616,12.508556615614435,18.56631015495814,14.317877550767404,53.0,88.0,69.0,-0.024658805022398735,-0.9982729765054724,-0.05331986228200026,18.581214589016174,0.27172415103552644,0.04463518433462305,-0.9613395269432319,14.447918912702288,-0.9620592128756367,0.03819377826712557,-0.27015422673501127,12.335703564199909,87.6954215585108,70.51871690745304,59.48085780679127,25.38671819057475,7.854172040848301,136919.0,367839.6535640706, 0.0, 0.0,0.0,NaN, 118.23765446937357,118.23765446937357,0.0, 156.46398860603162, 5.439334289559859, -14.524015970716933, 5.439334289559859, 344.70787277010163, 7.85034211704696, -14.524015970716933, 7.85034211704696, 205.00161755876923, 3.5043492173080093, 4.034108499957312, 36.0, 0.0
11, 0 ,0.3333333432674408,0.3333333432674408,0.3333333432674408,94.4974573010589,254.41052878101004,45.67366466484886,13.457915817218256,12.418775540874698,16.835764384670163,74.0,61.0,81.0,-0.11804185526759052,0.204968245289914,0.971624484473173,17.060158920925605,0.9927890783066393,0.044933800168600414,0.11113415135529414,13.400594844503946,-0.020879808429158604,0.9777366578098532,-0.20879430445962763,12.172077961478317,83.73244297883907,71.24370876758542,57.686466590613264,23.860966425928403,7.0312678597047835,119558.0,344123.412087672, 0.0, 0.0,0.0,NaN, 114.43012263521184,114.43012263521184,1.3486991523486091E-6, 181.11549814333333, -2.0557068473089313, -12.922073018466858, -2.0557068473089313, 154.22598593462766, 28.61364518408626, -12.922073018466858, 28.61364518408626, 283.44296241612835, 3.8266110568032192, 4.087764100778646, 27.0, 0.0
12, 0 ,0.3333333432674408,0.3333333432674408,0.3333333432674408,68.48036646534958,55.195055788719415,134.61416726379363,13.840457518988309,12.366699087032265,13.10730425521662,64.0,62.0,62.0,-0.8219659048256182,0.14225605577198155,0.551484601689296,14.459230417919988,0.5361085530221462,-0.13359775929718276,0.833510202749356,12.470735398106275,-0.19224898096141702,-0.9807725798099024,-0.03354811488482917,12.316913161781281,69.48748249170197,61.74679847091531,64.78446130847621,21.885141198236706,6.110280698644939,97690.0,277966.125863331, 0.0, 0.0,0.0,NaN, 160.80120895961272,160.80120895961272,0.0, 191.55826433492004, -6.980523932820418, -24.298935686232333, -6.980523932820418, 152.93524630920464, 4.075658130703333, -24.298935686232333, 4.075658130703333, 171.80142483881974, 3.2022715461438382, 3.8126172002392513, 23.0, 0.0
13, 0 ,0.3333333432674408,0.3333333432674408,0.3333333432674408,230.03839741496364,120.00245784706347,11.007700108282773,13.717753552239499,14.890937826938162,6.774480272513964,69.0,69.0,29.0,0.22754830047027583,0.9731068503609561,-0.035844507719723896,14.964730642401525,0.9737558860406489,-0.22721729947514485,0.013106228306168947,13.646496483315973,-0.004609268302036029,0.037886100350954764,0.9992714336184726,6.755763863517698,70.05417481914793,67.4687983495046,29.934230666378983,20.27473262778586,6.689214581711939,58181.0,141483.27298473933, 0.0, 0.0,0.0,NaN, 139.342689751837,139.342689751837,0.0, 188.1767625199794, 8.376024976704848, 0.3399013072668505, 8.376024976704848, 221.7400293657378, -6.637959146723866, 0.3399013072668505, -6.637959146723866, 45.89358296268087, 4.12375702489736, 4.373078647626266, 24.0, 0.0
14, 0 ,0.3333333432674408,0.3333333432674408,0.3333333432674408,199.08609451385118,188.58200829588662,13.779788652412227,14.715255971072041,17.078259788997137,7.969443047821504,76.0,89.0,34.0,-0.15259301023993144,-0.9882724500205233,0.005739142475096393,17.13222124548991,-0.9882138568855443,0.1525071534860864,-0.013226533747317911,14.653557499347551,0.012196158629412954,-0.007689776720073935,-0.9998960551220721,7.967307325315001,89.89019936626516,75.44188577931624,34.73278290269499,22.601406926951295,7.803469941603793,81004.0,235539.8863191501, 0.0, 0.0,1.7763568394002505E-15,89.67116955297968, 150.95518464481572,150.95518464481572,0.0, 216.53875829417137, 11.8954258326069, 1.7754648404779736, 11.8954258326069, 291.6669574204765, -1.6098110712800242, 1.7754648404779736, -1.6098110712800242, 63.51202249247051, 3.545458682880676, 4.111452637997335, 29.0, 0.0
15, 0 ,0.3333333432674408,0.3333333432674408,0.3333333432674408,266.03361415120486,100.90268526840084,105.60299688384555,15.513928305243068,14.28546310168551,12.849957437251543,68.0,80.0,67.0,-0.87342782419031,-0.4866373630401229,-0.017547444929020328,16.03539079169764,0.48620756732842213,-0.8695292770645646,-0.08672391711721122,13.704864617170216,0.02694508123496854,-0.084278782744715,0.9960778329911322,12.842147858189096,78.29632165610556,73.49180615311569,66.02780548496345,23.716908789692997,6.883754142227985,119057.0,379933.11078130594, 0.0, 0.0,0.0,NaN, 149.95686117298092,149.95686117298092,2.6973983046972182E-6, 240.68197146022206, 29.511901472033465, 0.44759070420759356, 29.511901472033465, 204.0744560296182, 2.514487362324277, 0.44759070420759356, 2.514487362324277, 165.12140613917623, 2.8261705107586854, 3.6702468896445604, 30.0, 0.0
16, 0 ,0.3333333432674408,0.3333333432674408,0.3333333432674408,69.276454799085,217.97627894061802,17.311573602718536,13.782291225680611,13.140719745993419,9.997379021335242,65.0,70.0,39.0,-0.9628584843369127,-0.2622248117510315,0.06435594178130853,13.831540392087417,0.26895467273308654,-0.9524839173224303,0.14296073327020953,13.162151022982709,0.023810148161264894,0.15495978621646905,0.9876338094153543,9.900703257784139,63.89832258240729,68.71292903051025,43.776096502764744,20.603580272438226,6.170100009371329,75629.0,192205.11995635554, 0.0, 0.0,0.0,NaN, 108.75113142657096,108.75113142657096,0.0, 189.95155142947274, 4.284705072254814, -2.888486967772133, 4.284705072254814, 172.67851544274134, -11.816605230225287, -2.888486967772133, -11.816605230225287, 99.94758729623398, 4.103283619130072, 4.113641649964284, 19.0, 0.0
17, 0 ,0.3333333432674408,0.3333333432674408,0.3333333432674408,87.04510537719125,282.73463331363666,171.63231567198477,11.31791854503519,10.547404771707077,15.54303856432218,55.0,47.0,70.0,0.0654310696936807,0.09220996794327906,0.9935874883122476,15.599928338300382,0.8926316351561708,-0.4504670243065754,-0.01697715909096967,11.55270938328944,0.446012935952716,0.8880184580425564,-0.11178407372501581,10.203245423267834,72.70697728645715,63.678339305778486,54.01705390565692,20.942441417327334,6.5071670413673415,76155.0,250091.37394370936, 0.0, 0.0,0.0,NaN, 156.05513652769613,156.05513652769613,0.0, 128.09528019205146, -10.965077347939621, 8.60803618497445, -10.965077347939621, 111.24774741822924, 12.982568018057101, 8.60803618497445, 12.982568018057101, 241.58604781200646, 3.362038105092275, 3.9627442608065913, 16.0, 0.0
18, 0 ,0.3333333432674408,0.3333333432674408,0.3333333432674408,223.60064619341887,94.12261990652154,133.08445476123256,13.27445980375471,12.525836839139062,13.42413098761341,67.0,59.0,66.0,0.5547314057685226,0.44180959686467697,0.7050371249603459,14.755643422672144,-0.8202581516274953,0.43242958205345,0.37440782744718837,12.583684259283375,-0.1394619379713466,-0.786008229399254,0.6022801932439137,11.714821467715653,71.92707615525507,60.9840644397064,58.78425929312435,21.81104099724795,6.131366486452485,95637.0,257851.5951736683, 0.0, 0.0,0.0,NaN, 180.02055699065383,180.02055699065383,0.0, 176.21128308149952, 12.238895219316515, 24.997161984334095, 12.238895219316515, 156.89658852073327, 28.49076820702217, 24.997161984334095, 28.49076820702217, 180.20729277260259, 3.6355026528044956, 4.034057768587404, 22.0, 0.0
19, 0 ,0.3333333432674408,0.3333333432674408,0.3333333432674408,251.84500628715833,33.0689267881777,259.5043155543076,12.668485421298298,13.17382551872011,11.812046016547834,71.0,66.0,58.0,0.48442031361193294,0.8185147418791143,0.3088212704570123,13.483441751822765,0.7967592551315815,-0.558558099230901,0.23062423798406415,12.57518376882731,-0.3612639604531346,-0.13433713972736436,0.9227360856537401,11.55967925462454,66.42004297668646,64.63361897926765,59.626218105952745,20.908374024272096,6.033616529537359,81913.0,255973.43140369758, 0.0, 0.0,0.0,NaN, 71.07993948457448,71.07993948457448,0.0, 160.49052286964752, 8.195012934487881, 11.710836988969882, 8.195012934487881, 173.54967879768114, 9.020749263003138, 11.710836988969882, 9.020749263003138, 139.52443109704353, 3.63739583622508, 3.909354143306853, 21.0, 0.0
20, 0 ,0.3333333432674408,0.3333333432674408,0.3333333432674408,48.53412545867552,61.01754324654901,277.82977459374456,14.898998797746332,12.068631074735288,11.798372840312176,78.0,62.0,54.0,-0.9367435945915482,-0.29345538990306985,0.19077571157918025,15.218041880001891,0.34431297470130423,-0.6745801472682654,0.6529856050204045,12.4190203232662,-0.06292863771006348,0.6773666356179361,0.7329491302318281,11.000579912947243,71.68125276406774,73.39201100576136,58.7077946347211,21.53988000730877,6.5473041889850245,85845.0,308851.80308498454, 0.0, 7.105427357601002E-15,0.0,72.9350611198296, 81.05689861108127,81.05689861108127,NaN, 221.98016517524664, 22.68078055867252, -12.292070879752764, 22.68078055867252, 145.65185601806624, -20.82331691465047, -12.292070879752764, -20.82331691465047, 139.20160167901602, 3.348633577315182, 3.8254466501092397, 18.0, 0.0
21, 0 ,0.3333333432674408,0.3333333432674408,0.3333333432674408,129.25590487765592,247.36134336881872,240.23049889443703,13.323457355921878,14.65530641229559,17.46461003472552,69.0,74.0,83.0,-0.0428630519620962,-0.40774517390672893,0.9120891578854922,18.082794713226413,-0.5414982058497473,-0.7577260715390686,-0.3641852462298226,14.295397864828592,-0.8396085110561948,0.5095047337029784,0.18831482813697262,12.882517644619838,88.21428356708887,77.69628107724174,62.54450710415773,25.2791311919304,7.633521585728442,136582.0,428675.15890115604, 0.0, 2.8421709430404007E-14,-2.8421709430404007E-14,27.375663417578302, 151.8232866858208,151.8232866858208,0.0, 177.51451591506878, 18.56977000317046, 1.2771419560530866, 18.56977000317046, 214.7780060382722, -49.29003684187678, 1.2771419560530866, -49.29003684187678, 305.0126036650354, 3.695488760479365, 3.8416975206834207, 38.0, 0.0
22, 0 ,0.3333333432674408,0.3333333432674408,0.3333333432674408,168.33401946309448,271.1268980827882,283.680184500652,17.07571425934588,14.452850936983156,9.321488179500452,75.0,61.0,40.0,-0.9942479354685101,-0.04420843269203412,0.0975533561468767,17.139894063983107,-0.04037517103757916,0.9983461207111016,0.040925161267627734,14.452914430508002,0.09920125190889337,-0.036751023659334706,0.9943884924312526,9.202844967394594,76.93581115882971,62.60587035155649,43.80392914822619,23.09673053231927,7.341396207224698,92791.0,210987.46901016054, 0.0, 0.0,0.0,NaN, 135.77894837933914,135.77894837933914,0.0, 291.58001746682817, 4.18401483788357, -20.48469828338106, 4.18401483788357, 208.88490020665486, 4.172557979812763, -20.48469828338106, 4.172557979812763, 86.89014188056666, 3.244593388142093, 3.858034839394385, 15.0, 0.0
23, 0 ,0.3333333432674408,0.3333333432674408,0.3333333432674408,69.06206181973118,27.914407173567803,29.611215478173296,13.501994033211723,14.442932930195814,12.307361213746919,69.0,62.0,61.0,0.4969347461325863,0.8605926136055926,0.11151776313053086,14.897101350953754,0.8413432475338062,-0.5092793563580426,0.181041644426929,13.059523664800121,0.2125967965784306,0.003858833377224813,-0.977132391996886,12.243304600172243,73.88392426546157,70.19436842412948,64.95858416004305,22.40508982537044,6.3549385883530665,103268.0,336890.5087378422, 0.0, 0.0,0.0,NaN, 80.15988144164707,80.15988144164707,NaN, 182.30384287288496, 21.952924085143447, 7.137193709574909, 21.952924085143447, 208.59831162613463, 5.008158709489632, 7.137193709574909, 5.008158709489632, 151.47114004564204, 3.176205247464857, 3.6084049086267527, 27.0, 0.0
24, 0 ,0.3333333432674408,0.3333333432674408,0.3333333432674408,235.06603628273146,32.568038678760914,87.29909293171316,13.831330159305592,13.044475594141156,15.763560891899663,73.0,67.0,78.0,0.19126286415928967,-0.11895707418671249,0.97430371614529,15.848390186094008,0.8520524070283951,-0.4726462782123972,-0.2249715345751256,14.085567396764132,-0.4872629808129313,-0.8731865265754538,-0.010957980488712217,12.664091326069297,73.85446252397179,79.23573438173494,64.25530806267228,23.680041693624972,7.01494938560789,116860.0,376016.44529170153, 2.8421709430404007E-14, 0.0,0.0,78.97350731952449, 113.57036767624162,113.57036767624162,0.0, 191.30569397571645, -17.37871431186031, 9.630240457350437, -17.37871431186031, 170.15834352614425, -6.479685845456786, 9.630240457350437, -6.479685845456786, 248.4898519926285, 3.833200987928915, 3.8987884902536503, 24.0, 0.0
25, 0 ,0.3333333432674408,0.3333333432674408,0.3333333432674408,16.362899074911315,97.91483619670306,155.34416081240872,9.5826914778314,13.350919151174976,13.336006035799045,39.0,64.0,63.0,0.0025959688279562194,-0.7264440226040056,0.6872207381684245,13.476118611612952,-0.008186004936571203,-0.6872154650923918,-0.7264075260217404,13.209711256355773,-0.9999631244546082,0.0037398610612155683,0.007730664280648321,9.582370834862758,68.34995164975523,62.307699294959974,39.283843605639056,20.2826746226702,6.044599678907262,71885.0,167299.21391193938, 0.0, 0.0,0.0,NaN, 175.4433567412263,175.4433567412263,0.0, 91.82797595930253, 0.2957733621284951, 0.6517893425153564, 0.2957733621284951, 178.24704218121076, -3.551548271634517, 0.6517893425153564, -3.551548271634517, 177.84905698686856, 3.768747338517664, 4.069957909999421, 25.0, 0.0
26, 0 ,0.3333333432674408,0.3333333432674408,0.3333333432674408,283.11336552967026,49.87633771729996,152.0855227854894,10.08753899093637,14.214854918149198,17.70263523440413,43.0,68.0,84.0,-0.16706762168084174,-0.23760255351186882,0.9568873686858584,18.067885284034514,-0.07733882418054919,-0.9643790887595046,-0.25296576732387765,14.00258176361779,-0.9829074809259911,0.11626693308085348,-0.14274061864688392,9.730522226284986,89.44285447848115,66.76647835635595,48.95664284442347,23.598212720107604,7.76712262660218,98769.0,292358.5163901094, 0.0, 0.0,0.0,NaN, 157.00796176457635,157.00796176457635,1.9073486328125E-6, 101.75844289366157, 16.76209789082998, -35.06756774523493, 16.76209789082998, 202.06210034403045, -27.959526012189468, -35.06756774523493, -27.959526012189468, 313.38329424236656, 2.956158329735988, 3.423873207093256, 22.0, 0.0
27, 0 ,0.3333333432674408,0.3333333432674408,0.3333333432674408,76.31623265898996,8.227754036587163,267.4858429993895,15.199338277386016,5.460162883520125,14.176426181842718,65.0,23.0,64.0,-0.9765103781711599,-0.014853958800384046,-0.21495776615878473,15.251698836315692,0.21470945222305646,0.016686601077328812,-0.9765354107612081,14.123337324485332,0.018092331250928274,-0.9997504274830006,-0.013105353771039337,5.4517288541658235,69.30534763976752,67.57007649846628,23.80853104149143,20.25103295263396,7.190270260953982,47503.0,111494.58046542597, 0.0, 0.0,0.0,NaN, 83.36086437416549,83.36086437416549,0.0, 231.01988407041168, 3.5511373779000497, 6.997803643205244, 3.5511373779000497, 29.81337871457081, -2.1182101216848337, 6.997803643205244, -2.1182101216848337, 200.9710592892357, 3.966598537559447, 4.159400459796126, 16.0, 0.0
28, 0 ,0.3333333432674408,0.3333333432674408,0.3333333432674408,259.87078536485336,272.6586987725928,50.24267900909082,13.226859456507626,14.622876910659729,12.856789089671961,70.0,61.0,74.0,0.40516568960864213,0.8621340878783342,0.3042459177740045,15.030754962810688,0.665064875158586,-0.5062821354698686,0.5489691349560228,13.373745429581724,0.6273192773972819,-0.02008018481643918,-0.7785032500789514,12.218621213357187,75.43155653404608,72.6801896509375,70.87211370475097,22.58904165935426,6.61895481437561,102411.0,388547.8470075619, 0.0, 0.0,0.0,NaN, 69.87293763719987,69.87293763719987,0.0, 174.9498110822052, 16.813062667659874, 20.23926503331939, 16.813062667659874, 213.8285291443054, 11.883453529452158, 20.23926503331939, 11.883453529452158, 165.297025696308, 2.807136338736943, 3.4806546618932535, 24.0, 0.0
29, 0 ,0.3333333432674408,0.3333333432674408,0.3333333432674408,9.003595367112663,169.77891060376487,90.30912452810807,5.546590871501029,11.771026601079583,14.963192269229245,22.0,58.0,70.0,0.06300751179392865,0.060188460903182195,0.9961964678875569,14.997172324835832,-0.08169642190372917,-0.9945187675276119,0.06525423881624819,11.791885659298147,0.9946636356606519,-0.08549719416136511,-0.05774497107859691,5.4087998005361975,71.09172750268793,58.67911026680363,25.378156921372025,18.62201213326564,6.814655129467094,38939.0,105867.50208467992, 0.0, 0.0,0.0,NaN, 158.72723404038226,158.72723404038226,0.0, 30.764670295818544, 9.662573577017216, 11.695850498627724, 9.662573577017216, 138.55706724332316, 4.606467887271946, 11.695850498627724, 4.606467887271946, 223.89712288592185, 4.350156678583464, 4.224662093060538, 15.0, 0.0
30, 0 ,0.3333333432674408,0.3333333432674408,0.3333333432674408,162.632332824488,99.3651394698757,208.65068099363614,14.87741183308379,12.394780973205181,13.751909163184257,70.0,60.0,68.0,0.9092909565044144,0.08787468037306415,0.4067775767770627,15.162204259291984,-0.4109987008232209,0.03614091968764024,0.910919261979763,13.460703256688415,-0.06534542325910651,0.9954757026032645,-0.06897899090030878,12.369317430330087,76.91720288045423,66.71802060355515,64.04145767986198,22.753132475599045,6.810135564376509,100882.0,328645.61670835345, 0.0, 0.0,0.0,NaN, 192.58246288288174,192.58246288288174,0.0, 221.3373828511816, 5.725247200463467, 17.886752926537554, 5.725247200463467, 153.63059537372916, 3.6766272964296784, 17.886752926537554, 3.6766272964296784, 189.11500563247114, 2.8905426244645462, 3.580783130114439, 28.0, 0.0
31, 0 ,0.3333333432674408,0.3333333432674408,0.3333333432674408,85.56104237616933,60.38702202871061,216.19714833814717,12.025761985408462,12.652970817833966,14.23669477423454,66.0,58.0,70.0,-0.04537048683909477,0.2742382345526577,0.9605909169013751,14.372456939838997,0.06724853725383466,-0.9585614013023989,0.2768351028507777,12.505822882652309,-0.9967041452513393,-0.07715847745142805,-0.025048277309514467,12.018193519891998,71.16942512699359,58.40215822251469,66.18928696010929,21.667032445438796,6.1595296045769015,92788.0,275112.33118541696, 0.0, 0.0,0.0,NaN, 134.12755998918018,134.12755998918018,0.0, 144.61895132969525, -1.5439237053349297, -2.4851720932368497, -1.5439237053349297, 160.09767051695795, 13.193712614010472, -2.4851720932368497, 13.193712614010472, 202.68347809471706, 2.9234666716640314, 3.534820435027965, 25.0, 0.0
32, 0 ,0.3333333432674408,0.3333333432674408,0.3333333432674408,283.105349690148,27.366257746300747,24.586751542234026,10.755744203880276,12.91039829927916,13.12106612917956,45.0,63.0,53.0,0.1036505054502097,0.502985458864148,-0.8580572247182223,13.372521379400707,-0.3096657538976326,0.8361452248548202,0.45273423088550824,12.891764359203247,-0.9451791859657758,-0.21878480551378388,-0.24242424650469452,10.464457829046154,69.91644819767788,68.92362498142062,53.87417414099457,20.378618777943426,6.2640793972376025,71163.0,259613.99139309317, 0.0, 3.552713678800501E-15,0.0,59.802286287292354, 40.48270770994321,40.48270770994321,0.0, 115.68603337930416, -11.065242251226397, -14.113245314449063, -11.065242251226397, 166.67838424603025, -8.45648851505399, -14.113245314449063, -8.45648851505399, 172.1623763663031, 3.3117324962836987, 3.78870181859802, 12.0, 0.0
33, 0 ,0.3333333432674408,0.3333333432674408,0.3333333432674408,141.83184928893073,283.0084208919531,24.380110412903555,14.574458473519542,10.858415524095422,12.536367094144945,79.0,45.0,54.0,-0.9626087973509648,-0.1378561776970782,0.23319514903462488,14.733250667164063,-0.26058516810450005,0.23598824188106082,-0.9361650067471202,12.525559780185757,-0.07402481628804418,0.9619278683792446,0.2630876329455334,10.654679928600618,84.44241932785832,62.570019924575845,53.16944087199212,21.092714181200513,6.525177076491607,78614.0,280924.13623827917, 0.0, 0.0,0.0,NaN, 144.9116179505575,144.9116179505575,0.0, 212.41483979634557, 11.073896707593137, -12.664147867451259, 11.073896707593137, 117.90518769391645, -12.909655189830426, -12.664147867451259, -12.909655189830426, 157.16049991916015, 3.174461893625293, 3.8243127930270586, 17.0, 0.0
34, 0 ,0.3333333432674408,0.3333333432674408,0.3333333432674408,182.6276513496252,278.8312772418121,118.19733996660952,12.541056972477511,11.608498598590685,14.584370038243538,61.0,46.0,73.0,-0.3355930475172023,0.032821061414742204,0.94143511958378,14.857092034778514,0.8981053329544547,-0.29039241548661304,0.3302711854622166,12.281375579747985,-0.28422546926143777,-0.9563446151651922,-0.06797690539922847,11.54009658764237,78.3511164900008,61.97776799796614,54.245656674264296,21.555779289725518,6.331475209252641,89247.0,263418.39081235667, 0.0, 0.0,0.0,NaN, 167.9136511010955,167.9136511010955,0.0, 157.2781099869268, -5.569776305952519, -22.425629943522996, -5.569776305952519, 134.7572397134819, 1.0119056687306354, -22.425629943522996, 1.0119056687306354, 212.70384941241582, 3.2453099867709243, 3.8495486203423184, 24.0, 0.0
35, 0 ,0.3333333432674408,0.3333333432674408,0.3333333432674408,185.6564200666249,13.117352155414096,9.764866915135723,14.812915714868293,7.998050615570575,6.102521152196553,65.0,32.0,23.0,-0.9960180942558312,0.08881449141634945,0.0077422238043704916,14.85548628428296,0.08635686978961116,0.9827257399880773,-0.16368448614644165,7.964821586680079,-0.02214603700714599,-0.16236411573786774,-0.9864823601897491,6.042201121103391,65.1775063599064,34.73897190941287,26.017739357405933,16.780573980128068,6.248550786820886,30319.0,58909.3540719002, 0.0, -1.7763568394002505E-15,0.0,84.9045906733043, 115.5070206758862,115.5070206758862,0.0, 219.422471975792, -14.007043193939591, -1.8009294945424132, -14.007043193939591, 63.968813649228856, -4.205263909893224, -1.8009294945424132, -4.205263909893224, 37.24076441300634, 5.172314708346864, 4.2612088988907475, 12.0, 0.0
36, 0 ,0.3333333432674408,0.3333333432674408,0.3333333432674408,104.76293843143158,33.55062471774801,160.93448743037783,11.349563251357814,12.160796453398124,16.851583238213365,57.0,69.0,79.0,-0.006941222321945717,-0.18162452945257102,0.9833434546148204,16.99388208869022,0.04784343195623054,-0.9823013036254102,-0.18109432601401007,11.962831075744338,-0.9988307291284779,-0.045789509682362645,-0.015507912552047547,11.347777677628569,78.21044811234158,64.9856957369567,57.06851740544897,22.657087126917933,6.8796669203407745,99645.0,290054.18576592347, 0.0, 0.0,0.0,NaN, 177.3136612728721,177.3136612728721,1.9073486328125E-6, 128.81258599657178, -0.4720672679748628, -1.2164537901511658, -0.4720672679748628, 147.8849703809804, -26.029008197528928, -1.2164537901511658, -26.029008197528928, 283.9758576344337, 3.190381527455466, 3.6590668212755193, 24.0, 0.0
37, 0 ,0.3333333432674408,0.3333333432674408,0.3333333432674408,228.4315267001369,83.0850296668188,278.68221131903243,13.102639215106775,13.542750725151766,11.712504030112145,61.0,66.0,50.0,-0.5351888398492061,0.7313173349204499,0.4227858338990459,14.097994784331568,0.7489499377659571,0.642283797061496,-0.1629279434370804,13.08895629936716,0.3907005201189655,-0.22944820695991064,0.8914631926791214,11.05412901654683,66.1950782273944,65.28131939618584,57.56538261712171,21.32775125488689,6.115147477372614,87640.0,248757.40557956178, 2.8421709430404007E-14, 0.0,0.0,57.64328102811421, 111.7122045233007,111.7122045233007,0.0, 171.67915440125387, -6.332938577925862, -23.31789764804317, -6.332938577925862, 183.40609720359868, 18.530592894232736, -23.31789764804317, 18.530592894232736, 137.18275065539325, 3.1204496471645733, 3.763552629250955, 20.0, 0.0
38, 0 ,0.3333333432674408,0.3333333432674408,0.3333333432674408,253.518389074094,8.971878696634047,20.349177330895795,14.462187479862656,5.769682866366773,11.770200018468312,74.0,23.0,42.0,-0.9605169608525989,0.06074321881391542,0.27150953810614376,14.705604714330672,-0.2666758026212146,0.0772040550265841,-0.9606891017305144,11.52031916634909,0.07931698563874977,0.9951632003121783,0.05795705766863441,5.657663108315944,75.81540368852458,55.704694328273966,26.555563897535976,18.264253959925185,6.884674490724511,37196.0,112151.41958543537, 0.0, 0.0,0.0,NaN, 51.52789321967923,51.52789321967923,0.0, 209.15486670269615, -12.823227363923491, -22.248543856714033, -12.823227363923491, 33.28924037844631, -4.430819456712608, -22.248543856714033, -4.430819456712608, 138.53760847475147, 5.5066936845982415, 4.178330312159416, 9.0, 0.0
39, 0 ,0.3333333432674408,0.3333333432674408,0.3333333432674408,150.78289685258463,94.73469986996463,157.29098561221494,11.44302525266157,11.69939306008788,12.25028726776168,52.0,58.0,57.0,-0.22266927537195708,-0.09381710672448348,-0.9703693854873898,12.27729079588964,0.5739464630934012,0.7919649726753443,-0.208271312373825,12.063694768666412,-0.7880379758031351,0.6033156989016508,0.12250027000341712,11.028307317615925,54.88150716365314,57.61767189148111,52.870162769954575,19.69816817658158,5.465375882526755,71519.0,167183.1035459611, 0.0, -1.4210854715202004E-14,0.0,84.61675905566337, 227.17013452188587,227.17013452188587,0.0, 130.94282693305038, 11.475883120303045, 3.431453650091081, 11.475883120303045, 136.87579797443246, -1.2937238914671199, 3.431453650091081, -1.2937238914671199, 150.0695381426839, 3.143000455875338, 3.5284415041455763, 19.0, 0.0
40, 0 ,0.3333333432674408,0.3333333432674408,0.3333333432674408,177.34787821012796,283.1175145159892,240.78517780281365,13.045453055098598,10.289103101376414,12.975668335957335,62.0,45.0,67.0,-0.7464539744618486,-0.18988841112453994,0.6377686534557083,13.581240790823832,-0.6324643939483787,-0.09549976937774207,-0.7686797671568493,12.552416207678046,-0.20687013897036874,0.977150032169777,0.04881147644749721,10.119496170224348,62.20737512227538,61.597307823204744,49.11794191181241,20.184873757908424,6.081803037392347,69234.0,188210.4655034688, 0.0, 0.0,0.0,NaN, 137.2405059139605,137.2405059139605,0.0, 170.18384541278135, 14.961040281976642, -12.24295876853539, 14.961040281976642, 105.86564263075374, -5.887009368282734, -12.24295876853539, -5.887009368282734, 168.3679687647658, 3.406416314370515, 3.8899469145423606, 13.0, 0.0
41, 0 ,0.3333333432674408,0.3333333432674408,0.3333333432674408,46.41299854338628,104.17186654643824,258.6505930498717,13.801044530620219,10.618574948835729,11.383991495034286,66.0,49.0,52.0,-0.9601701126804557,0.144423637441347,0.23919692235355128,14.038218946299835,-0.1481908206172204,0.46253312894784077,-0.8741296158525429,11.408598505010644,0.23688147964751355,0.8747599199631467,0.422708229191335,10.27572456843965,68.1551658839811,58.780071174605524,54.10754706414295,19.98742107444585,5.77245400431875,72085.0,216763.788423348, 0.0, 0.0,0.0,NaN, 121.30835778578749,121.30835778578749,1.9073486328125E-6, 190.46883013616227, -14.369600318429843, -17.828255610567098, -14.369600318429843, 112.7541339440417, -6.771938645971559, -17.828255610567098, -6.771938645971559, 129.59526235901293, 3.220546413842208, 3.676414867109857, 21.0, 0.0
42, 0 ,0.3333333432674408,0.3333333432674408,0.3333333432674408,51.91589821496392,129.51472844663883,282.43541207747813,14.736318385787074,12.06994803580779,10.028780198716161,70.0,61.0,43.0,-0.9958404110035217,-0.08826814280385042,-0.022596698393716225,14.760390542079845,0.07384540848499838,-0.9271578253903298,0.36732168798364884,12.380049529913551,-0.05337350895361114,0.3641251183088476,0.9298194269633999,9.60647709156249,69.35999350057315,65.25490759155214,51.784870227803765,20.49591345510472,6.583060767563994,65825.0,234382.46370226884, 0.0, 0.0,0.0,NaN, 140.63370904929263,140.63370904929263,0.0, 217.15907956728617, 6.86385927353729, 4.48011304612109, 6.86385927353729, 145.68364558710036, -20.517594105721205, 4.48011304612109, -20.517594105721205, 100.57643227416136, 3.562685575122576, 3.82624344415255, 18.0, 0.0
43, 0 ,0.3333333432674408,0.3333333432674408,0.3333333432674408,77.7188025456016,209.15676946980824,62.17388204244088,14.109574100674402,12.358402453357446,13.322408927360328,72.0,57.0,68.0,-0.8897317738652715,0.12874589483103188,-0.43795189820197544,14.263307214513645,0.43865301856450134,0.5066610261404688,-0.7422116503360323,13.640086995246708,0.12633645506664964,-0.8524782103692987,-0.5072671889317786,11.82382620795349,69.45956070030304,70.15329461400866,58.124299039356316,22.06371472164865,6.518379001799881,93966.0,283229.07395817986, 0.0, 0.0,-7.105427357601002E-15,64.02672296697554, 134.75272320257994,134.75272320257994,0.0, 199.08008130242186, 2.9889781378449856, 9.740102645716677, 2.9889781378449856, 152.73011119915134, -20.980221105157444, 9.740102645716677, -20.980221105157444, 177.48657962781016, 3.2011318545958765, 3.5761052793899113, 20.0, 0.0
44, 0 ,0.3333333432674408,0.3333333432674408,0.3333333432674408,284.67995764413774,218.66739694015408,7.866250410778837,8.97388084585912,15.39215751987747,5.063661884282834,36.0,67.0,21.0,-0.10859270617559502,0.9900641483060922,0.08933423982098665,15.512516060729874,0.9917434491957666,0.10173226107145646,0.07807354247485325,8.88146145394039,0.06820964112751643,0.09707486438940649,-0.9929370149012644,4.85501906674992,70.15964340145908,39.190050594217325,21.863112753435836,17.248832796420217,6.750369574466538,27387.0,60113.93974647673, 0.0, 0.0,8.881784197001252E-16,84.87469243682504, 83.13587621358754,83.13587621358754,0.0, 80.5305374356772, -17.757412853527185, 2.176751190363179, -17.757412853527185, 236.91851311672053, 19.638137619738764, 2.176751190363179, 19.638137619738764, 25.64067167833878, 3.4219458575172457, 4.062132592526179, 12.0, 0.0
45, 0 ,0.3333333432674408,0.3333333432674408,0.3333333432674408,199.24250546369223,169.67101013016645,46.93835305760587,11.698342422282336,12.155790179305702,11.63788586999555,57.0,53.0,54.0,-0.5469647727337237,0.8054258212273454,0.22829538735726257,12.632950513172142,0.32096224321684497,-0.05010872075074899,0.9457654860132791,11.601953364719764,-0.773183533074494,-0.5905746037588984,0.23110357326848738,11.21864863920468,59.92404004308942,55.00848938150551,55.17534377771321,19.763866240871668,5.426272113362416,72753.0,181876.19173857282, 0.0, 0.0,0.0,NaN, 171.29193586822973,171.29193586822973,0.0, 136.85121542897056, -15.001561883723173, -1.5569992027179642, -15.001561883723173, 147.76323488330496, 5.7881802871882355, -1.5569992027179642, 5.7881802871882355, 135.44038752304206, 3.1463725234619715, 3.439322866993366, 15.0, 0.0
46, 0 ,0.3333333432674408,0.3333333432674408,0.3333333432674408,32.97265762205831,172.56799920969442,56.799284334387075,12.292428695638417,12.938626176698971,13.267524129896206,61.0,66.0,67.0,-0.5363859090763955,0.24582035796485252,-0.8073800270964854,13.860579436496046,0.09368208038832257,-0.9333885667453514,-0.3464238029973913,12.973297294315808,0.8387573095707751,0.26145388709883677,-0.47762751235926926,11.58088693118855,66.64638199516746,64.80543167243536,55.814857905826344,21.41573517603911,5.992105972429714,91104.0,241067.02554866488, 0.0, 0.0,7.105427357601002E-15,36.159262863315426, 143.36062805728938,143.36062805728938,0.0, 151.1038032373548, -10.636987552342953, 24.007771527890934, -10.636987552342953, 167.40804734035981, -0.4559247283492298, 24.007771527890934, -0.4559247283492298, 176.02719653737805, 3.0168870564639794, 3.5182923034776223, 21.0, 0.0
