// Sample: .//bubblelabels.tif, Map: .//bubblelabels.tif, Thickness:(8.191250068658265):/gpfs/home/mader/Foam/NewValid/InSilicoTest/LatticeData_OldFoam/out_Step_03500.vtk/distmap.tif, Neighbors:(1.0):
//LACUNA_NUMBER, TRIANGLES, SCALE_X, SCALE_Y, SCALE_Z, POS_X, POS_Y, POS_Z , STD_X, STD_Y, STD_Z,PROJ_X, PROJ_Y, PROJ_Z, PCA1_X, PCA1_Y, PCA1_Z, PCA1_S, PCA2_X, PCA2_Y, PCA2_Z, PCA2_S, PCA3_X, PCA3_Y, PCA3_Z, PCA3_S,PROJ_PCA1, PROJ_PCA2, PROJ_PCA3,OBJ_RADIUS, OBJ_RADIUS_STD, VOLUME, VOLUME_BOX, Mask_Grad_X,Mask_Grad_Y,Mask_Grad_Z,Mask_Angle, Mask_Distance_Mean,Mask_Distance_COV, Mask_Distance_STD, SHAPET_XX, SHAPET_XY, SHAPET_XZ, SHAPET_YX, SHAPET_YY, SHAPET_YZ, SHAPET_ZX, SHAPET_ZY, SHAPET_ZZ, Thickness, Thickness_STD, Neighbors, Neighbors_STD
1, 0 ,1.0,1.0,1.0,79.94142000900787,138.2082837708307,39.865095679689574,15.726803492274968,15.637371497506848,16.457869569506652,85.0,83.0,80.0,0.10279233246243848,-0.4275059892152791,0.8981494116081117,16.702725532793565,0.993361695035912,0.09099092266108627,-0.07037893739368717,15.716937853588258,-0.05163602639932537,0.8994216370414659,0.43402124325813635,15.385643648712753,90.86834353927152,84.16277131006926,92.559273502047,26.572357946171476,7.525357093350877,173182.0,707868.4823730306, 0.0, 0.0,0.0,NaN, 164.5642311970796,164.5642311970796,NaN, 247.33234808463214, -0.9258638954679034, 3.181464561388899, -0.9258638954679034, 244.52738735103955, -16.293470835664536, 3.181464561388899, -16.293470835664536, 270.86147076689304, 6.823312746877868, 5.501534590799088, 54.0, 0.0
2, 0 ,1.0,1.0,1.0,59.30100438377448,262.87535652849454,12.84587980689196,15.343727640463781,17.883958780952565,8.076932080888803,89.0,77.0,33.0,-0.4292817642858492,-0.903169048376129,-0.0016843120217476504,18.560556364081695,-0.9004865303165004,0.42786159110204913,0.07783615855226825,14.54871281720746,-0.06957855682736834,0.03493034375698473,-0.9969647413599135,8.021439661370225,88.36509937021319,74.62899848540656,36.65820705630144,23.57885599345414,8.03370035928454,90105.0,241746.1707220258, 7.105427357601002E-15, 0.0,0.0,64.57801226527444, 71.13272736106741,71.13272736106741,0.0, 235.42997790473223, 51.85779457559696, -10.123266767909895, 51.85779457559696, 319.8359816788103, 5.3324352268043995, -10.123266767909895, 5.3324352268043995, 65.23683183929073, 7.669515297487424, 5.53404025522627, 23.0, 0.0
3, 0 ,1.0,1.0,1.0,78.3044642218521,14.564602981597474,258.80006539487266,15.88529368644913,9.165043412842442,17.079570843982076,76.0,39.0,83.0,-0.5823278976915338,0.1067253805601989,0.8059180558310126,18.263365076318053,0.8011439333961701,-0.09302640577899679,0.5911975015258051,14.647777003761757,-0.1380674384229364,-0.989927159427461,0.031330519868118134,8.941165551303927,99.674454077744,92.060236615402,41.242120151641146,23.71826752049701,8.092966224119744,97867.0,378439.9144472718, 0.0, 0.0,0.0,NaN, 89.67246728260376,89.67246728260376,0.0, 252.34255550474055, -25.793775992343253, -55.26219817273515, -25.793775992343253, 83.99802075928663, 14.409837703627861, -55.26219817273515, 14.409837703627861, 291.71174021460257, 6.8577907358118155, 5.2497112000304185, 35.0, 0.0
4, 0 ,1.0,1.0,1.0,155.16707331242011,177.55166724758917,13.8598117811084,15.971713655917409,14.797166136196513,8.660104107227552,76.0,65.0,38.0,-0.8255147358395182,-0.5625735168343141,0.04512714336718712,16.961499711358556,-0.5596324616614712,0.8262987889001205,0.06357530430061852,13.68398953866768,0.0730542864350395,-0.027227736205313026,0.9969562285349348,8.608433293233803,79.72995990930065,64.02107344018371,39.91988681266511,22.321795549885117,7.126472433542111,86070.0,203766.975186788, 0.0, 0.0,0.0,NaN, 190.16378527296612,190.16378527296612,0.0, 255.09563710661863, 46.87109358637974, -11.982410751857095, 46.87109358637974, 218.9561256622008, 0.5214176485350395, -11.982410751857095, 0.5214176485350395, 74.99740314801952, 8.355034659347758, 5.537931063302879, 23.0, 0.0
5, 0 ,1.0,1.0,1.0,17.33987380580335,164.4285459975869,12.554601736653678,10.6040376658527,14.86084826821736,8.123060228804112,45.0,79.0,36.0,-0.0357817978211977,0.9982946148773137,0.046125100017652354,14.876380472733882,0.9976895794807071,0.038351114248942726,-0.05607758047093349,10.604851268897113,0.057750895580003014,-0.044011974993404146,0.9973604063310751,8.09351389358257,79.37265067550196,48.03570083221965,37.56065839826642,18.8960009661885,6.497359543413909,50557.0,143208.30737203464, 0.0, 0.0,0.0,NaN, 137.2512600623236,137.2512600623236,0.0, 112.44561481882276, -3.7686315619307806, -2.884342853431164, -3.7686315619307806, 220.84481125097892, 7.073125358974269, -2.884342853431164, 7.073125358974269, 65.98410748077912, 7.391154314099246, 5.2122803645292715, 16.0, 0.0
6, 0 ,1.0,1.0,1.0,280.8369029524204,208.29949795034776,208.61854359541246,12.197694977468224,15.328287792132512,15.010782752305296,50.0,84.0,76.0,0.23765696368838093,0.625639613929443,-0.74303044425692,15.487006323961626,-0.24995924147827306,0.7785764033529525,0.5756206752207448,15.237615217183443,-0.9386370678862123,-0.04892706433250598,-0.3414185073568463,11.706044842444884,87.44882362504686,77.20050762831846,58.71131955281203,23.540768263181402,7.409183343520531,108555.0,396365.61223348073, 0.0, 0.0,2.8421709430404007E-14,42.0097932140387, 130.8693124427448,130.8693124427448,0.0, 148.78376276335354, -3.230587156640348, -31.846719963548487, -3.230587156640348, 234.95640663843858, -5.151536911004339, -31.846719963548487, -5.151536911004339, 225.32359883690614, 6.835497223294801, 4.96753009801555, 32.0, 0.0
7, 0 ,1.0,1.0,1.0,189.75270504271623,114.17824102863375,234.88418303404862,13.161685536384011,13.43820106072139,13.672682393017915,64.0,71.0,73.0,0.5992654691670843,-0.20716633243610955,0.7732806787764228,14.354887896801591,-0.021340379279396127,-0.9697269901780892,-0.2432573796051326,13.411951972577011,0.8002658843635441,0.12927364474290748,-0.5855449078411652,12.442435271397738,69.65075848177091,68.41668988672018,72.66249781124857,22.397787166468746,6.252726427151942,104527.0,346256.7365489121, 0.0, 0.0,0.0,NaN, 171.55525753801425,171.55525753801425,0.0, 173.2299661586601, -5.843663815577311, 23.878751396735264, -5.843663815577311, 180.5852477483735, -2.296949248589908, 23.878751396735264, -2.296949248589908, 186.9422438203421, 6.33883312515193, 4.820903034945496, 37.0, 0.0
8, 0 ,1.0,1.0,1.0,122.13318745582525,186.87416128501303,115.34723042514257,12.894835852516389,13.327469481333818,14.366138402008167,66.0,72.0,77.0,0.001668377432234329,-0.4309309958350379,0.9023833405739307,14.658785480836405,0.4393978701768961,-0.8102891850542056,-0.3877640368422528,13.03933181247452,-0.8982910041855878,-0.3971522546993974,-0.18799829357319633,12.860015596253753,73.98515492672144,70.51132472259246,68.27361846146391,22.529799112878976,6.533935946908878,103283.0,356169.2176956984, 0.0, 0.0,-1.4210854715202004E-14,25.526863053403304, 202.53136653328522,202.53136653328522,0.0, 166.27679166334207, -1.689096585465616, -0.7167636661236061, -1.689096585465616, 177.6214427758843, -17.78960764273332, -0.7167636661236061, -17.78960764273332, 206.38593258565373, 6.120728932561073, 4.65681717755177, 38.0, 0.0
9, 0 ,1.0,1.0,1.0,261.13155307685037,141.2973248889309,126.8959826070517,13.988794813592214,13.393172411212142,13.451471558307327,69.0,69.0,64.0,-0.8148127058276878,-0.28420803931413213,0.5052781855680872,14.38482970592894,0.3124199671012207,-0.9494625453009614,-0.030243002944344583,13.306146428335392,0.4883380167243113,0.13321661105071014,0.8624264119111436,13.115970273537185,78.80130618087358,66.29817927412367,65.44497929229954,22.64588017240937,6.570361167701361,105790.0,341909.645379268, 0.0, 0.0,0.0,NaN, 193.85118155119653,193.85118155119653,0.0, 195.68638033678445, 6.590246048972525, -14.413851875813974, 6.590246048972525, 179.37706723645405, -4.8667287732507605, -14.413851875813974, -4.8667287732507605, 180.94208708395095, 6.1476770932456475, 4.631449952543508, 36.0, 0.0
10, 0 ,1.0,1.0,1.0,22.596129784043477,132.4334508152096,191.27208993571926,13.520369560631357,13.874068642137198,13.618821037287457,59.0,66.0,66.0,-0.6866995534251248,-0.0748946214008054,-0.723072969354383,14.288203647988595,0.05121418801005849,0.9872226210142757,-0.15089268870350878,13.892769285732328,-0.7251350427832082,0.14064953694532262,0.6740896657603214,12.7906472969691,75.08597344569111,65.02911206079226,65.69165966896045,22.7141581423453,6.695482064267189,104697.0,320757.53976449004, 0.0, 0.0,0.0,NaN, 172.83217988264857,172.83217988264857,0.0, 182.80039305604694, 3.5724809141647773, 19.90823090290972, 3.5724809141647773, 192.48978068673472, -2.1847399005975783, 19.90823090290972, -2.1847399005975783, 185.47228644566343, 6.169775264435846, 4.633731021104072, 38.0, 0.0
11, 0 ,1.0,1.0,1.0,46.99995496185269,248.44549933793922,213.86209319293442,13.429975484362197,14.763958711184381,13.135779938104262,64.0,72.0,65.0,0.04375284622601409,-0.8866807078403501,-0.4603075176345247,15.272203290528541,-0.8380695945137949,-0.28337323362839484,0.466196273273897,14.03214569988269,-0.5438060713145868,0.3653723207999238,-0.7554985267984783,11.863647273434175,72.71811233823922,66.7090918152302,64.22339275274962,22.97947049097213,6.544567890468231,111017.0,311545.0600229638, 0.0, 0.0,0.0,NaN, 110.84494257309767,110.84494257309767,0.0, 180.36424151056966, 9.7477614013771, -23.802838209770044, 9.7477614013771, 217.97447682555716, 30.33256703805547, -23.802838209770044, 30.33256703805547, 172.5487145823024, 6.911669355726228, 4.920395354845392, 42.0, 0.0
12, 0 ,1.0,1.0,1.0,264.28878027630515,281.5954060818667,25.659121814706058,15.881430418571846,11.140981448366148,14.234801014808053,74.0,50.0,66.0,-0.9354992646284455,-0.14785155553315288,0.32090659607752664,16.145509087869716,-0.340305678023424,0.13272439046180762,-0.9309007904613464,14.094201182410005,-0.09504299755718847,0.9800633416789802,0.1744782935278071,10.93832203892476,84.94799943576959,72.41099004644681,54.756760406253306,22.976906621388288,7.143712047383591,101482.0,336818.0730027231, 0.0, 0.0,0.0,NaN, 47.6698104018395,47.6698104018395,0.0, 252.2198321399391, 15.938481990548198, -17.31213637789731, 15.938481990548198, 124.12146763283867, -16.452071474842523, -17.31213637789731, -16.452071474842523, 202.62955993118038, 6.258641357655379, 4.720482265583137, 25.0, 0.0
13, 0 ,1.0,1.0,1.0,135.97793259237466,21.53349974847901,249.87501779629648,14.891791887804567,12.817401459233595,13.80782274533151,71.0,56.0,68.0,0.8633801795675994,0.11104567471740918,0.49218240892617754,15.472286604838493,0.38121351434296946,0.495465529582309,-0.7805063519779991,13.38715787090719,0.33053127236632585,-0.8615003001289537,-0.3854430059887199,12.573764993846616,80.84981675648757,72.84806847685327,62.61310975478491,22.97764478784615,6.981049689478095,105359.0,368775.7502297533, 0.0, 0.0,0.0,NaN, 146.51349290913694,146.51349290913694,0.0, 221.76546562968193, 11.782281408472642, 28.261329515051862, 11.782281408472642, 164.2857801671635, -3.7230220039299144, 28.261329515051862, -3.7230220039299144, 190.65596896649419, 6.797110121257156, 4.69583928201613, 30.0, 0.0
14, 0 ,1.0,1.0,1.0,144.48461238365937,152.15818982332942,58.92887477010533,12.445081277837806,12.056903561039965,14.148100478251516,63.0,67.0,69.0,0.29013409239687593,0.14597484957181484,0.9457872655737795,14.309979240909568,-0.7318923844463495,-0.6028949458541357,0.31757081391868414,12.742987995680565,-0.6165677140578135,0.7843526168478209,0.0680824972037406,11.543763238285262,72.80280772690956,67.57290566199322,62.512056423395,21.49470811560645,6.196389405112857,89715.0,307527.89019550674, 0.0, 0.0,0.0,NaN, 214.95491697944885,214.95491697944885,0.0, 154.8800480119891, 15.880559338473025, 12.855122461351382, 15.880559338473025, 145.3689234802182, 4.2973461434839, 12.855122461351382, 4.2973461434839, 200.16874714270077, 5.483280218614887, 4.425908716199537, 35.0, 0.0
15, 0 ,1.0,1.0,1.0,32.071045800252,11.036706996796866,72.86050430373598,16.6302614533052,7.438538456136426,13.827545907468128,76.0,31.0,67.0,-0.9878675512542987,0.02778431256954799,0.15279310571446508,16.69708810690265,-0.1536500486459189,-0.03187972895520397,-0.9876109281659697,13.758018210570336,-0.022569087928863876,-0.9991054573250914,0.03576201075553259,7.417726057208681,78.98115570273308,67.6726017662439,32.73713771008965,21.56580313753284,7.616732319374044,65873.0,174975.4275810927, 0.0, 0.0,0.0,NaN, 80.36799093824442,80.36799093824442,0.0, 276.56559600528874, -5.484216427747468, -13.402170238815405, -5.484216427747468, 55.33185436342048, 5.177118099882844, -13.402170238815405, 5.177118099882844, 191.20102582313856, 6.0060003930244585, 4.419435438081323, 27.0, 0.0
16, 0 ,1.0,1.0,1.0,218.35768959893247,29.310123063236713,269.9559733857217,12.82223856695558,14.296512707980886,14.170229560224419,69.0,65.0,64.0,-0.3429050021504386,-0.7091689220560122,0.6160321416047395,15.277605743786431,-0.128025894554368,-0.6143921030806218,-0.7785446127202504,13.471122636651057,-0.9306049268211304,0.34583490810223955,-0.11988613979169534,12.438613303442281,78.19940970621073,75.2465849059173,61.945963276980365,22.90278333483778,6.712525514612422,107912.0,364504.8233999644, 0.0, 0.0,0.0,NaN, 91.79974780360676,91.79974780360676,0.0, 164.40980186792308, 21.238968417619276, -13.955219222287237, 21.238968417619276, 204.390275609459, -21.579329502989278, -13.955219222287237, -21.579329502989278, 200.7954057894579, 6.183280542472706, 4.6078410371816005, 35.0, 0.0
17, 0 ,1.0,1.0,1.0,162.43199328328723,256.0255333860134,282.2179721453971,15.146222559456037,13.47656866435989,9.97132886059562,75.0,70.0,43.0,-0.8999503499160135,0.4320516080690177,-0.05848739736917873,15.602518010549074,-0.43581861755768214,-0.8876734110374424,0.14865412179708318,13.026364114907658,0.012308544843116175,0.15927122559372506,0.9871581314165009,9.865527340607137,77.98248963209579,64.93129028077146,46.53961733697389,21.55621627623071,6.766306221588917,80992.0,235653.5232382344, 0.0, 0.0,0.0,NaN, 145.5160152719144,145.5160152719144,0.0, 229.40805782057498, -28.81862853256935, 3.002834731539533, -28.81862853256935, 181.6179029652069, -13.240168984549918, 3.002834731539533, -13.240168984549918, 99.42739924614712, 6.545701851295208, 4.854383562056423, 29.0, 0.0
18, 0 ,1.0,1.0,1.0,40.94393384154108,85.90190871857179,38.42168178878677,12.501294369262776,12.546174103214259,15.453568456933901,59.0,60.0,78.0,0.05427566915361452,-0.02476284384360345,0.9982188904757843,15.463088411962014,-0.13961997723911912,0.9896833411686544,0.032142591199158535,12.545266498770864,-0.9887165487103347,-0.14111585941355317,0.050258337898293926,12.490428688677229,78.92657397780627,59.8219596267216,60.283938365707144,22.54909203613855,6.636269428972487,102058.0,284633.16632906586, 0.0, 0.0,0.0,NaN, 102.62440875051666,102.62440875051666,1.3486991523486091E-6, 156.2823609069612, -0.30139017335546614, 4.495912747608648, -0.30139017335546614, 157.40648462816412, -2.01036218241048, 4.495912747608648, -2.01036218241048, 238.8127780531424, 5.904490120859183, 4.40820582924535, 35.0, 0.0
19, 0 ,1.0,1.0,1.0,191.16128423278292,282.45992750704795,60.38747231171969,14.307775732712496,9.8094386025665,13.673291268167157,67.0,42.0,72.0,0.9889538882274986,0.13589540788723384,-0.05918314857181661,14.382709003382264,-0.059341102715203334,-0.0028918690749631347,-0.9982335751825804,13.670824967644883,-0.1358265087832828,0.9907189688344595,0.0052042581920311495,9.702713674395348,68.44083285377911,71.40676419864904,45.41333893697916,21.122752568827632,6.459547208230395,79456.0,221941.2731882641, 0.0, 0.0,0.0,NaN, 125.6987152086838,125.6987152086838,0.0, 204.71244641759662, 15.164795975095396, -1.1033208023898327, 15.164795975095396, 96.22508569752179, -0.6388288884348813, -1.1033208023898327, -0.6388288884348813, 186.9588941041362, 6.052406120481232, 4.646334900022129, 33.0, 0.0
20, 0 ,1.0,1.0,1.0,282.6072061980771,103.99395927511301,167.93345868170846,10.465246331353976,13.228670501633951,13.892961809642584,43.0,65.0,72.0,-0.2797396118191007,0.5840707375636232,0.7619758021756227,14.49318210663948,0.2220515930921916,-0.7327819911302348,0.6432135286826822,13.054450877105943,-0.934044345619906,-0.34913024360128536,-0.07529431199226566,9.852029059128807,76.5840406645953,70.65545857226252,51.141091389015514,20.8229151122599,6.6287025946680505,74991.0,276728.5630017426, 0.0, 0.0,0.0,NaN, 168.99356253338786,168.99356253338786,0.0, 109.52138077591786, -30.39734015538006, -13.607113401229569, -30.39734015538006, 174.99772324080027, 15.710510018306728, -13.607113401229569, 15.710510018306728, 193.01438784418733, 6.186437218629429, 4.526287306294486, 28.0, 0.0
21, 0 ,1.0,1.0,1.0,278.77491412646634,206.78653675819308,11.470867808766661,12.377661462451242,12.877612911288562,7.3089291083760894,48.0,68.0,29.0,-0.4642193921444923,0.8856185056484045,-0.013424545060598536,13.062678023221949,-0.8856825163645493,-0.46428619324873976,-0.002193391153816382,12.183080294557278,0.008175338718226764,-0.010871670142160441,-0.9999074810327013,7.3074523386272,74.61285954057074,59.29529635348831,29.633957236612915,18.294067197346294,6.147110513263431,46289.0,131106.30522148588, 0.0, 0.0,0.0,NaN, 96.28517439438308,96.28517439438308,1.9073486328125E-6, 153.2065032790506, -9.12095905110045, 0.9152060251796327, -9.12095905110045, 165.8329142929859, -1.2970328843046428, 0.9152060251796327, -1.2970328843046428, 53.420444711267294, 6.42769889074178, 4.672244062193111, 14.0, 0.0
22, 0 ,1.0,1.0,1.0,53.394719348781884,188.96067500903823,48.96699592988676,13.60233018928049,11.439518218494813,12.922361372791975,71.0,59.0,68.0,-0.9071277766061493,0.04230410138706235,0.4187237274330383,13.765106243936454,0.41201221728420223,0.29215394344835205,0.8630712636486824,12.881229899298887,-0.08582033394330103,0.9554352078154804,-0.2824507637597214,11.290223800840362,67.80941845147703,66.78695035060123,60.39616675682478,21.121239632582004,6.063548753125021,85747.0,273521.2095793154, 0.0, 0.0,7.105427357601002E-15,65.24596273956718, 132.58391470755853,132.58391470755853,0.0, 185.02338657821142, 2.249489703944064, -9.878117534641918, 2.249489703944064, 130.86257707127476, 10.79531307539136, -9.878117534641918, 10.79531307539136, 166.9874234490261, 6.0467446543287515, 4.341368663165494, 31.0, 0.0
23, 0 ,1.0,1.0,1.0,91.6675710365122,268.32159739541487,39.96446870010748,11.7017592062366,14.839881239903331,13.3563617533152,63.0,62.0,66.0,-0.03493427806535313,-0.890363325503594,0.45390830000588595,15.313514742417645,0.3302862785749997,-0.4389507752105706,-0.8356034891784004,12.963858643197005,-0.9432341015893831,-0.12072847857991122,-0.30940921779845165,11.531707520292159,74.77312476174617,70.82101368042893,58.81251724339009,22.19590328369599,6.548856422413625,95831.0,311442.18447945133, 0.0, 0.0,0.0,NaN, 104.89815789514164,104.89815789514164,0.0, 136.93116852074303, -1.9282682198272245, -11.2918984527004, -1.9282682198272245, 220.22207521443482, -28.162577463123224, -11.2918984527004, -28.162577463123224, 178.39239928542108, 5.748418816444458, 4.260537954110406, 33.0, 0.0
24, 0 ,1.0,1.0,1.0,69.14493126763087,62.502014955447095,161.73846997716385,13.43490743287,12.893410452811967,11.979246143961657,64.0,62.0,59.0,-0.9055827607260647,0.4039145240409426,-0.1295103113444536,13.64303613047408,-0.32961232941163765,-0.8622780312419372,-0.3844896736420409,12.857736003840827,-0.26697485981940805,-0.3054990247223515,0.9139993271978374,11.780717253639562,70.45631667127284,63.2301555379005,64.93063224545682,21.313409953412513,5.998138475377504,89332.0,289263.62017422926, 0.0, 0.0,0.0,NaN, 166.74463732831697,166.74463732831697,0.0, 180.49673772978556, -9.776525630548528, 8.915965490593198, -9.776525630548528, 166.2400331046809, 6.320910484530473, 8.915965490593198, 6.320910484530473, 143.5023381776202, 6.240462886517094, 4.389973503723335, 39.0, 0.0
25, 0 ,1.0,1.0,1.0,124.22469527737869,169.1765073921305,274.5591718033091,13.352077561589711,11.822085403028723,13.137320943623342,68.0,58.0,61.0,-0.922050841582555,0.30850778357653563,0.23376311302169892,13.520012937881665,-0.2644692855443752,-0.06115939184902221,-0.9624528693875382,13.143757158562863,-0.28262739170248513,-0.9492536416898022,0.13798290183243345,11.622382629186522,69.5247448717263,65.11638304014969,63.88286579420421,21.256427103860933,6.2284176835864855,86308.0,289210.50477465027, 0.0, 0.0,0.0,NaN, 182.19164874991503,182.19164874991503,0.0, 178.27797521070744, -12.96241377225274, -0.6930182460673779, -12.96241377225274, 139.7617032765048, 5.658682587342867, -0.6930182460673779, 5.658682587342867, 172.58920157576452, 5.548991781513146, 4.203826749636909, 29.0, 0.0
26, 0 ,1.0,1.0,1.0,277.09441790001165,207.33145321058151,288.93858524647476,13.468810096959853,13.531928778501953,6.330311157094503,57.0,64.0,27.0,0.7200867737859251,0.6802137966041135,-0.1370555694891476,13.719623362359577,0.680469799442363,-0.7309042883114907,-0.052342844541957985,13.39882676844195,0.13577882848753567,0.05557078582574237,0.9891794566696486,6.0694445597874065,71.9489342953276,64.68709403829598,31.28764352929187,18.938290105024628,6.777606446081463,42905.0,145617.93299972173, 0.0, 0.0,0.0,NaN, 96.09620258757083,96.09620258757083,0.0, 181.40884542796766, 3.1844839306359507, -20.023265559572533, 3.1844839306359507, 183.11309646644935, -8.65464679618039, -20.023265559572533, -8.65464679618039, 40.072839345635145, 6.100787992275841, 4.382037129079067, 16.0, 0.0
27, 0 ,1.0,1.0,1.0,12.67606519768367,250.70315072801614,82.44034337940094,8.248094775638469,11.971853150874693,13.269682849902097,33.0,65.0,57.0,-0.0945350066486293,0.18462798653497886,0.9782513169456932,13.338661754091213,-0.12713471660129444,0.9723671219744064,-0.195803329741651,11.989687910008561,-0.9873701921532023,-0.14287997302368494,-0.06845010559596687,8.109766005351055,55.00376367626552,67.79366419027804,37.02795784924919,18.775586783225865,5.9091589229398975,54051.0,138073.79951412778, 0.0, 0.0,0.0,NaN, 96.88793626429535,96.88793626429535,1.9073486328125E-6, 68.03106742791459, -11.598019165291031, -8.43037182975459, -11.598019165291031, 143.32526786610833, 5.408342297505883, -8.43037182975459, 5.408342297505883, 176.0844829369858, 8.081398817275389, 4.927824603007732, 24.0, 0.0
28, 0 ,1.0,1.0,1.0,60.318463673088495,43.897496347048786,34.599673383185376,11.841660676161307,12.31150547544509,14.486859469074737,58.0,60.0,68.0,-0.3712753493443681,-0.3954336988492096,0.8401111859650783,15.330743221934187,-0.46878722006312673,-0.7011729043549384,-0.5372104806348683,12.253549628970394,-0.8014943276622131,0.5932863962816719,-0.0749539506123843,10.792869204778611,80.17714879044235,64.62617780278171,57.253470505325645,21.40292046261836,6.601680663952726,81441.0,296661.30062652513, 7.105427357601002E-15, 0.0,0.0,68.20570710242275, 82.23408443975019,82.23408443975019,0.0, 140.22492756934508, 28.46946298231767, -28.498165897598582, 28.46946298231767, 151.57316707191444, -26.70158675110991, -28.498165897598582, -26.70158675110991, 209.8690972767204, 6.280250953278559, 4.344331719307934, 28.0, 0.0
29, 0 ,1.0,1.0,1.0,135.44850833421808,143.20793077821423,175.20351151926957,12.567636426680775,11.750760457580874,11.841408182725083,59.0,55.0,54.0,-0.8425122709855761,0.5080289298915841,0.17910801107694402,12.990148258257108,0.3154447849818282,0.1957743512853935,0.9285294777262328,11.866672189519601,-0.43665508226344424,-0.838796166998869,0.3251973698563839,11.255351785242876,66.265146192294,55.989320994092225,60.68752056078779,20.108067592441543,5.64893106104146,75352.0,225159.2303581157, 0.0, 0.0,0.0,NaN, 233.3001787073118,233.3001787073118,0.0, 157.9454853532335, -17.130059302746215, -2.2069072526971536, -17.130059302746215, 138.0803713314463, 6.396703226405232, -2.2069072526971536, 6.396703226405232, 140.21894774990852, 5.467452961377612, 4.096988886781042, 31.0, 0.0
30, 0 ,1.0,1.0,1.0,239.27872941116894,95.51197032423057,185.29065542431033,13.365593368560276,11.401420815975895,12.054927197527755,67.0,54.0,58.0,0.9376505355640897,-0.30706054755587125,0.162865875158254,13.611138399210013,0.19309701042155852,0.0705748348630016,-0.9786382054928758,12.023452936874678,-0.2890069509936257,-0.9490695510966247,-0.12546700545808626,11.141195779927557,74.35406927707112,60.32596443520531,56.784765667607616,20.48819534581068,5.84693115456657,78987.0,254706.98401749288, 0.0, -1.4210854715202004E-14,0.0,72.1178255813098, 161.14540921206242,161.14540921206242,0.0, 178.63908609370245, -17.32373097672093, 5.474229052608478, -17.32373097672093, 129.99239662296844, -4.468973561518787, 5.474229052608478, -4.468973561518787, 145.3212697376944, 5.723397237435686, 4.275749997069456, 32.0, 0.0
31, 0 ,1.0,1.0,1.0,276.2348973783372,65.5052413212539,239.83499358614608,14.140632963372417,13.583185152706214,13.024354522398147,57.0,73.0,65.0,0.8581507309198836,-0.42658310303175817,0.28566445216278746,14.54886106455059,0.2752460541501551,0.851973421414585,0.4453997068677718,13.437552075296036,-0.43337850973074266,-0.30359207073130734,0.8485369301878602,12.722305851170901,69.52072786181276,65.90253233536293,74.21600120129224,22.555093853810472,6.735129654908154,99784.0,340027.4385552035, 0.0, 0.0,-2.8421709430404007E-14,73.4014298289355, 92.06272177137149,92.06272177137149,0.0, 199.95750060481456, -13.847203472793394, 14.50497660280537, -13.847203472793394, 184.50291889269855, 1.0300328545103594, 14.50497660280537, 1.0300328545103594, 169.63381072511305, 5.399227064792215, 4.092102889864699, 29.0, 0.0
32, 0 ,1.0,1.0,1.0,132.17508540751587,275.90306246949734,59.467911176183506,12.625425169769883,12.351523672574338,12.692421163153375,62.0,54.0,68.0,0.5270960236771786,0.32931100458634716,-0.7834054148919565,13.41448413360268,0.679882054963664,-0.7164786458113073,0.15626497187399752,12.813812869156381,0.5098334759135505,0.6149899286612148,0.6015456877770639,11.35415641595847,72.26526864097004,69.44080431904946,63.33278971404337,20.881032007054877,6.086177376219101,81960.0,317813.9693538442, 0.0, 0.0,0.0,NaN, 146.92633548990295,146.92633548990295,0.0, 159.40136071745889, -8.32615844847829, -17.32455497045205, -8.32615844847829, 152.56013703416426, -17.114939552284294, -17.32455497045205, -17.114939552284294, 161.09755498286367, 6.150985526338242, 4.280180233241367, 26.0, 0.0
33, 0 ,1.0,1.0,1.0,35.95224284827625,176.99873610562545,209.79494442250183,12.80936570714194,13.102920667856774,12.963429276960717,67.0,62.0,67.0,0.1873080563686162,0.7794109947628596,0.5978580042637062,13.568209324670706,-0.8076059903313848,-0.22427977335923077,0.545409156177998,13.030092905904604,-0.5591853506667311,0.5849932345802835,-0.5874475798699176,12.24488681252822,60.806877022364404,77.50003992778558,74.60380447953312,21.52335211128101,6.368845449528467,88615.0,351573.06936940976, 0.0, 0.0,0.0,NaN, 156.71256087874556,156.71256087874556,0.0, 164.07984981930392, 8.581590602031309, -4.916456527720725, 8.581590602031309, 171.68653002814818, 13.489680457883194, -4.916456527720725, 13.489680457883194, 168.05049861876225, 5.467467984822671, 4.191677199680829, 43.0, 0.0
34, 0 ,1.0,1.0,1.0,201.18678773410633,175.7040810526615,193.80909142581066,12.789774586602968,10.736731836076673,11.96531358231056,66.0,55.0,59.0,0.9785870396688621,0.17893591993653976,0.1017317175152242,12.86311611235243,0.10363383540163829,-0.0012902297158138981,-0.9946146809027239,11.956054756536323,-0.17784103562473758,0.9838598842638847,-0.019806417752235198,10.659149692063046,64.22966892353156,58.27289175051743,53.53915769213498,19.750054519823397,5.653301697503105,70374.0,200388.95843386787, 0.0, 0.0,2.8421709430404007E-14,84.16110079179789, 191.02365154367595,191.02365154367595,0.0, 163.57833397611515, 9.073888858992891, 2.137884633639029, 9.073888858992891, 115.27741051982238, 0.9813472154845682, 2.137884633639029, 0.9813472154845682, 143.1687291230256, 5.7645295326448105, 4.206380571631091, 33.0, 0.0
35, 0 ,1.0,1.0,1.0,163.798753894081,9.503404539385848,224.78255451713395,13.830385794000899,6.551443885170791,13.192742137207178,71.0,27.0,70.0,0.7992170971098895,-0.03966408191493042,0.5997322671768518,14.582635231778113,0.6009220429547577,0.07270370699649444,-0.7959942646024832,12.390817063000263,0.012030377314161341,-0.9965645646895205,-0.08194106679111111,6.485663844083389,74.66227821280819,57.38070374940409,29.13622557610725,18.993680303392797,6.891265618359512,44940.0,124824.66203463053, 0.0, 0.0,0.0,NaN, 155.88058969484388,155.88058969484388,0.0, 191.27957121090185, -0.5377438661725478, 28.447494949999022, -0.5377438661725478, 42.92141698054174, -10.508828011595995, 28.447494949999022, -10.508828011595995, 174.0484450988418, 6.344792817466037, 4.281871365873128, 17.0, 0.0
36, 0 ,1.0,1.0,1.0,104.09670745920747,229.57278554778554,157.0705710955711,12.174465075796345,11.02904115887147,11.948550687984996,60.0,53.0,58.0,-0.8349465143006374,0.5441772040834728,0.08207002384007214,12.900710582208614,-0.17843961638242067,-0.126624439095176,-0.9757692118165681,12.015382543218646,-0.5205992907817971,-0.8293596457386427,0.2028274055885037,10.090959375768982,60.240481789318906,57.90133378557101,53.76852242743152,19.54359764720439,5.538321344357651,68640.0,187544.83439290524, -1.4210854715202004E-14, -2.8421709430404007E-14,0.0,78.42218798012101, 190.3285020334375,190.3285020334375,0.0, 148.2175998817849, -28.390751026605535, 2.980514992243563, -28.390751026605535, 121.63974888408094, 8.141439784477253, 2.980514992243563, 8.141439784477253, 142.76786354334672, 5.905515920872299, 4.141754640527324, 23.0, 0.0
37, 0 ,1.0,1.0,1.0,51.975440665749296,20.37136491710897,166.37164012843195,12.688339455545432,11.695374248532467,12.423635833932689,64.0,51.0,59.0,0.53220045636624,0.3565361572154968,-0.7678832221383489,13.015342127255357,-0.8098571040193983,0.478760807342665,-0.3389978767218367,12.689023255089053,-0.24676739110522644,-0.8022905072045949,-0.5435400599187827,11.032317183115468,73.66464949670141,62.963762767274176,61.202667138451034,20.404943259324256,5.980029671361454,76305.0,283870.42586391553, 0.0, 0.0,0.0,NaN, 144.82050097603636,144.82050097603636,0.0, 160.99395813915092, -6.188861308503159, -8.69896528929098, -6.188861308503159, 136.78177881323634, -19.433918698897777, -8.69896528929098, -19.433918698897777, 154.34672733417636, 5.452523571212985, 4.044484466291283, 27.0, 0.0
38, 0 ,1.0,1.0,1.0,187.48813913731473,65.79160485454726,63.065414882945504,11.988420118604013,10.981146187466807,12.700173667419035,59.0,58.0,62.0,-0.5554860718770457,-0.1334295853940782,0.8207507354198188,13.136455701051428,0.6664596733115911,0.5188179782224116,0.5354058360931612,11.905057658734483,0.49725921590254824,-0.8444077517495765,0.1992707228501198,10.550134286813174,65.69108609304995,57.42288544566537,54.417874234968764,19.82974276468353,5.6906503670235296,70779.0,205273.56579034094, 0.0, 0.0,7.105427357601002E-15,34.83998399366248, 144.7919219379285,144.7919219379285,0.0, 143.72221694014945, 15.060682579230988, -17.073441051805926, 15.060682579230988, 120.58557159051679, 1.7425630416287707, -17.073441051805926, 1.7425630416287707, 161.29441118260388, 5.259044014814203, 3.9235943236455606, 33.0, 0.0
39, 0 ,1.0,1.0,1.0,92.30508724832215,159.15457718120805,106.48186577181208,11.424488399649348,11.652837249450196,13.215045574610599,57.0,56.0,62.0,-0.1937136118453275,0.30590108508508657,0.932147822359525,13.31442196994786,0.6527266700294695,-0.6691443045622973,0.3552376583416802,12.617977336001482,-0.732408991491829,-0.6772521139247977,0.07004743654349749,10.220459688744644,64.51314863107837,58.25183287545344,52.61145297182398,20.188891812453644,5.7752600010710715,74500.0,197714.32178532894, 0.0, 2.8421709430404007E-14,0.0,72.1876164502682, 199.2386759622008,199.2386759622008,0.0, 130.51893519372254, -28.230367580560472, -0.45203123661115197, -28.230367580560472, 135.788615962174, 7.747447433177982, -0.45203123661115197, 7.747447433177982, 174.6374295390352, 6.159604289637716, 4.281506390100621, 28.0, 0.0
40, 0 ,1.0,1.0,1.0,85.25466688633455,208.13249775051642,191.1512159884421,13.7541030824535,12.27539758148368,10.789374682548189,64.0,61.0,57.0,-0.9561485401505402,0.2913020092013758,-0.030382702368817186,13.889937249083545,-0.28438945895193246,-0.8986138720049004,0.33408942616818643,12.304962519276163,0.07001860327811214,0.3280796373986089,0.9420515626649,10.579644797553204,63.7398885704784,58.615356646984395,59.8928245876682,20.545784615234698,5.843122279312058,78907.0,223767.7561232495, 0.0, 0.0,0.0,NaN, 166.00016257899728,166.00016257899728,0.0, 189.17535160275688, -12.47099170284799, -1.398236978819908, -12.47099170284799, 150.6853857834954, -12.570455893129273, -1.398236978819908, -12.570455893129273, 116.41060604041184, 5.6095273482434225, 4.074236088706857, 20.0, 0.0
41, 0 ,1.0,1.0,1.0,288.6019880570929,77.18817360908827,284.93773667346346,7.604511007189594,12.087435005518936,8.15225135884989,34.0,63.0,34.0,0.1492831401165486,-0.9802985704657574,-0.12934162833262555,12.211940791186471,0.5475096292323501,0.1908741687791437,-0.8147393801644334,8.559034817842921,0.8233758254738821,0.050811066074852654,0.5652172021351967,6.928585713440412,63.37073401468599,46.72332753415398,35.73295812234102,15.522272892781473,5.427054369640816,27464.0,105801.41417001166, 0.0, 0.0,0.0,NaN, 79.46571963982538,79.46571963982538,0.0, 57.8285876584677, -12.160066788488756, -13.216851165976019, -12.160066788488756, 146.10608501264454, 8.895163736948058, -13.216851165976019, 8.895163736948058, 66.45920221786989, 6.916762672000104, 4.380060988377841, 9.0, 0.0
42, 0 ,1.0,1.0,1.0,120.959371166796,236.35822464765815,77.22514832152602,11.980248281959092,12.07131495266751,12.823841970046702,63.0,60.0,66.0,-0.07325557884691314,-0.08493134547047479,0.9936902368064094,12.836765110071976,-0.6446745859557372,0.7642499685269897,0.01779505069659708,12.280467634710192,-0.7609390898032528,-0.6393032552420415,-0.11073865380402176,11.751659144064876,66.55922968748001,59.34619431625019,60.368082519848116,20.507751339079455,5.755523561856695,79894.0,238456.15827895346, 1.4210854715202004E-14, 0.0,0.0,85.79900141849375, 156.98779753963797,156.98779753963797,0.0, 143.52634889738377, -6.095328845641756, -2.0879936985045173, -6.095328845641756, 145.71664468649422, -2.0789263894919268, -2.0879936985045173, -2.0789263894919268, 164.4509228727313, 6.297179357731486, 4.3194924315972285, 36.0, 0.0
43, 0 ,1.0,1.0,1.0,24.491055346681822,11.647005333566495,264.6837282504153,13.040090371273022,7.603039904210536,15.631327801353745,50.0,34.0,83.0,-0.08987249219200769,0.11842890865041361,0.9888870151554572,15.747029139903,0.9898544585150157,0.12033486121004357,0.07554913722541462,13.070718133382357,-0.11005037985006005,0.9856440101646395,-0.12804217711920546,7.305886821876934,85.40624142856487,54.17763848637951,36.6430831807365,20.367393714929694,7.573496865408902,57185.0,169551.52064767113, 0.0, 0.0,0.0,NaN, 44.52755973018141,44.52755973018141,0.0, 170.0439568909674, 11.920896095621822, -8.509657654977882, 11.920896095621822, 57.806215785017756, 23.857248202551148, -8.509657654977882, 23.857248202551148, 244.3384088333745, 5.628847914438539, 4.170164552157375, 22.0, 0.0
44, 0 ,1.0,1.0,1.0,24.049823207971713,189.15558934797122,121.83361768414807,12.645304714850052,12.25479872676901,12.222311466906229,53.0,59.0,57.0,-0.6625228322258815,-0.4479444818894057,0.6003409347397767,13.662766761159633,0.6069432943606757,-0.7907279136597587,0.07980729283652493,12.024413449686964,0.43895709837067987,0.41724705835286235,0.7957521964065676,11.323029911655032,69.68222449378851,62.999325155623296,58.22212719323235,20.63046852134169,5.818289211532425,80886.0,255591.24439225593, 0.0, 0.0,0.0,NaN, 166.45812616732607,166.45812616732607,1.9073486328125E-6, 159.90373133140898, 9.490381214643783, -22.45872560476598, 9.490381214643783, 150.18009183361937, -16.7544702242044, -22.45872560476598, -16.7544702242044, 149.38489759406747, 6.078206473174881, 4.305224356735644, 22.0, 0.0
45, 0 ,1.0,1.0,1.0,216.98264681706092,135.8995342040369,205.92929556515273,12.742641760785371,12.538794054140297,11.671968693631145,69.0,59.0,61.0,0.6047682079088944,0.6573447730016564,0.44961457283996653,14.354566254741556,-0.7894045522591324,0.4201143998925521,0.44759841808867,11.731728774761017,0.10533692408278858,-0.6256210837322559,0.7729827889509929,10.589810959343906,67.7567193041433,59.54693513012772,53.465622588001324,20.49158080766459,5.993850562369087,76643.0,215718.01312831044, -2.8421709430404007E-14, 0.0,2.8421709430404007E-14,88.80601870733244, 184.95908131055214,184.95908131055214,0.0, 162.37491904371132, 28.879589531873542, 16.528854078019318, 28.879589531873542, 157.22135633214407, 32.54819847672548, 16.528854078019318, 32.54819847672548, 136.23485318510552, 5.6196923838170605, 3.87719762855328, 30.0, 0.0
46, 0 ,1.0,1.0,1.0,125.48069335654192,91.9869306643458,212.96853785900782,12.670663392436996,10.579561133986887,12.297800505859954,61.0,53.0,65.0,0.723770732361267,0.1523942622410116,0.6730021662767909,13.5859068129755,-0.6407714976345886,0.5103506945951736,0.5735451650440015,11.816719550316495,0.2560621307346367,0.8463558101426624,-0.4670267956353212,9.974818144329857,64.22597454293134,58.60371871185146,53.348540889584925,19.77443263326083,5.716689243500688,68940.0,200797.55655699788, 0.0, 0.0,0.0,NaN, 178.2735965326459,178.2735965326459,0.0, 160.545710804443, -3.741628884330607, 26.691218797366624, -3.741628884330607, 111.92711378776592, 20.47465408487048, 26.691218797366624, 20.47465408487048, 151.23589728192934, 6.0779067632843, 4.210784153904097, 37.0, 0.0
47, 0 ,1.0,1.0,1.0,107.76143186736024,211.22608658269206,279.3124686528238,12.226807018930817,12.283347104151106,11.520123010778681,62.0,60.0,47.0,-0.7349189709475807,-0.6205175784423079,-0.2735910104251286,12.663198373629632,-0.48880660273695103,0.7643420938927925,-0.42053450348852667,12.078933464210362,0.4700661775347266,-0.17532569220646282,-0.8650425945525549,11.261946255420893,64.2867450236763,66.6742396077371,58.764357581374725,19.93691878746551,5.9672380046971165,69783.0,251879.89364500873, 0.0, 0.0,0.0,NaN, 141.142863279614,141.142863279614,0.0, 149.4948098781759, 8.163935190929875, 10.660676355734275, 8.163935190929875, 150.88061608105735, -0.43795505976535865, 10.660676355734275, -0.43795505976535865, 132.71323418347248, 5.150174037827029, 3.963683753858635, 27.0, 0.0
48, 0 ,1.0,1.0,1.0,279.28357642333174,233.55485751374653,46.36184283037584,11.293553750875775,12.425287709520587,14.222700619130558,49.0,63.0,69.0,0.2758530271309786,0.0828751513053684,0.9576203928064543,14.481419571287041,0.1715856089375219,-0.9845194054849952,0.03577595601813486,12.443893763160737,0.9457607975742152,0.15444497246457672,-0.28580284157474833,10.93870829217116,70.4053879547749,59.59334733581679,57.233866445466674,21.07594207386787,6.326295091808843,81657.0,240135.71785307498, 0.0, 0.0,0.0,NaN, 83.627433515892,83.627433515892,9.5367431640625E-7, 127.54435632392028, -3.8866879825160923, 24.00551290666833, -3.8866879825160923, 154.38777466436338, 5.907474252561131, 24.00551290666833, 5.907474252561131, 202.28521290141674, 5.717148894507134, 4.06704630726595, 20.0, 0.0
49, 0 ,1.0,1.0,1.0,225.56526119872933,232.82363313228564,166.95537301109727,13.683146068299328,11.037829058903363,11.366795004187857,71.0,57.0,60.0,-0.9804202395748586,0.17028866179761643,0.09888339342454723,13.770351660290236,-0.1675712924705876,-0.457758134526679,-0.8731422290866429,11.500475070183409,-0.103421544040464,-0.8726163314640809,0.47733083107050067,10.788080164665473,71.59292478979464,57.42448442134412,56.007592367095754,20.073151313426383,5.9443066606220984,71459.0,230257.67411846263, 0.0, 0.0,0.0,NaN, 166.59552027763354,166.59552027763354,0.0, 187.22848632641535, -11.009754028357776, -4.7772062586553234, -11.009754028357776, 121.83367033357149, 7.579613009682062, -4.7772062586553234, 7.579613009682062, 129.20402866723, 5.417174490644889, 3.964332855891595, 35.0, 0.0
