// Sample: .//bubblelabels.tif, Map: .//bubblelabels.tif, Thickness:(8.191250068658265):/gpfs/home/mader/Foam/NewValid/InSilicoTest/LatticeDataPhi_16.0/out_Step_05000.vtk/distmap.tif, Neighbors:(1.0):
//LACUNA_NUMBER, TRIANGLES, SCALE_X, SCALE_Y, SCALE_Z, POS_X, POS_Y, POS_Z , STD_X, STD_Y, STD_Z,PROJ_X, PROJ_Y, PROJ_Z, PCA1_X, PCA1_Y, PCA1_Z, PCA1_S, PCA2_X, PCA2_Y, PCA2_Z, PCA2_S, PCA3_X, PCA3_Y, PCA3_Z, PCA3_S,PROJ_PCA1, PROJ_PCA2, PROJ_PCA3,OBJ_RADIUS, OBJ_RADIUS_STD, VOLUME, VOLUME_BOX, Mask_Grad_X,Mask_Grad_Y,Mask_Grad_Z,Mask_Angle, Mask_Distance_Mean,Mask_Distance_COV, Mask_Distance_STD, SHAPET_XX, SHAPET_XY, SHAPET_XZ, SHAPET_YX, SHAPET_YY, SHAPET_YZ, SHAPET_ZX, SHAPET_ZY, SHAPET_ZZ, Thickness, Thickness_STD, Neighbors, Neighbors_STD
1, 0 ,1.0,1.0,1.0,130.81151236446428,15.280437771916773,180.20513514122766,21.040934780147893,9.44594689344792,11.805358917968261,86.0,38.0,51.0,-0.973185889023201,-0.018191961543581534,0.2292995375950822,21.46610177058087,0.21026356012027228,0.3338397977615573,0.9188798750196193,11.227343785890454,0.09326553860708882,-0.9424542651851702,0.3210630737761823,9.190569873888137,88.6501413503685,59.22785563533262,45.767881396932225,24.20486365482183,9.243263696865965,88722.0,240306.9054659507, 0.0, 0.0,0.0,NaN, 73.56884717440637,73.56884717440637,0.0, 442.72093642243726, 9.581701955093061, -75.94292875536101, 9.581701955093061, 89.22591271383838, 11.187259445809467, -75.94292875536101, 11.187259445809467, 139.36649918205276, 11.097474512150225, 6.455797094675338, 12.0, 0.0
2, 0 ,1.0,1.0,1.0,169.3363465437788,63.27963133640553,168.63905622119816,15.481771027119343,14.871359659190874,13.904320243428362,66.0,73.0,63.0,0.7889047850286753,0.5928622184110974,0.16168991972145794,16.20899718967508,-0.5987843279198483,0.6824693634334726,0.4191573649744038,14.22586487714539,0.1381541486761626,-0.42749264082014526,0.8933999514485002,13.75012262793608,78.47169692692577,77.63148225905721,71.97630069771638,24.589065925620734,7.039213776154451,135625.0,438470.5654761912, 0.0, 0.0,0.0,NaN, 76.99402691151953,76.99402691151953,0.0, 239.6852341361519, 29.015432680753346, 6.056200349180481, 29.015432680753346, 221.1573381130097, 10.868886951602256, 6.056200349180481, 10.868886951602256, 193.33012143181176, 8.140001183528504, 5.575812286306485, 19.0, 0.0
3, 0 ,1.0,1.0,1.0,179.89873479035884,162.17965783151206,91.99691932108811,11.621737234934484,13.589653125362885,15.68420895078059,52.0,70.0,78.0,0.01828365628236277,0.2484783111677454,0.9684648867110119,15.822614178145415,0.003193913325342943,-0.9686363752904497,0.2484620119492093,13.429705103562853,-0.9998277385783108,0.001449601118910592,0.018503832737501703,11.620058529894912,77.11776380081216,72.14521673012031,52.76129635726102,22.774457563647204,6.860170662523007,103224.0,293546.85235318216, 0.0, 0.0,0.0,NaN, 101.47843273001722,101.47843273001722,1.9073486328125E-6, 135.06477635786263, 0.38370885949771555, 2.0781194069530526, 0.38370885949771555, 184.67867206768523, 16.84331290388294, 2.0781194069530526, 16.84331290388294, 245.994410411746, 8.167624590898356, 5.663697365580174, 19.0, 0.0
4, 0 ,1.0,1.0,1.0,16.017209441290706,44.43153072403147,15.879852604322279,10.044667823227005,11.949855298975237,10.449538492864479,44.0,57.0,41.0,0.16804672826900244,0.9221257936576509,-0.34848861931106373,12.15193231806965,0.6183624396951378,-0.3739213744523783,-0.691238525331106,10.818183150947224,-0.7677162172914946,-0.09933190020779717,-0.6330442190785309,9.390671025485391,56.0653329246949,61.28527550227086,48.10897506450583,17.99095895047493,5.404872255807681,50205.0,165301.44604595803, 0.0, 0.0,1.7763568394002505E-15,69.60509984599621, 49.8285223491699,49.8285223491699,9.5367431640625E-7, 100.89535167897193, 2.5474784872908525, -15.81440479335031, 2.5474784872908525, 142.79904166644656, -11.65903807733574, -15.81440479335031, -11.65903807733574, 109.19285471385645, 9.55796288974719, 5.887595244625582, 7.0, 0.0
5, 0 ,1.0,1.0,1.0,30.679060992864642,108.21355109616759,174.1659161100884,15.303713144698177,14.516630229206061,13.766284279940237,70.0,71.0,64.0,0.9142362981570827,0.0931279702800174,-0.39433383355167184,15.610165319754996,-0.19978013436811773,0.9503093998069287,-0.23874660741139617,14.618683429839935,-0.3525051617265911,-0.29705088081020525,-0.8874124661993379,13.306524924670544,78.73592944440544,72.35296886118275,71.62327825327117,24.237106363611588,6.856343575242844,131458.0,408021.9338434347, 0.0, 0.0,0.0,NaN, 100.16664552739468,100.16664552739468,0.0, 234.20363601520776, -1.2850969834676473, -22.26745423873311, -1.2850969834676473, 210.73255321149924, -10.759807413458873, -22.26745423873311, -10.759807413458873, 189.5105828761297, 7.683236332618383, 5.1996737026663284, 17.0, 0.0
6, 0 ,1.0,1.0,1.0,43.09857954942246,12.218361104515552,25.811165272287944,15.828152653914433,7.9229393117645515,13.820470997245481,76.0,33.0,61.0,-0.9909840683055735,0.08859061491085463,-0.10051009558373014,15.893565066213023,0.10259129428346606,0.019249176074095296,-0.9945373273827944,13.801461659767217,-0.08617193685752463,-0.9958821075660432,-0.02816425266250999,7.824515825228713,78.97921957465795,65.18713933273597,35.865014729862835,21.333004509411925,7.0151066250369665,71597.0,184648.49593684333, 0.0, 0.0,0.0,NaN, 51.70098799802183,51.70098799802183,0.0, 250.5304164356185, -16.54656190448859, 5.874195783457387, -16.54656190448859, 62.77296733790414, -4.178621420826695, 5.874195783457387, -4.178621420826695, 191.0054185857035, 8.223194347932482, 5.2309394812145955, 13.0, 0.0
7, 0 ,1.0,1.0,1.0,159.10338109602816,175.92833800186742,136.80799755799757,13.378044165972748,14.17943009522145,14.975104383901103,73.0,59.0,83.0,0.5460193427356262,-0.37524258363297763,0.7490366351434374,15.622617326791238,0.2630075020188686,-0.77210203515483,-0.5785200957543001,14.695635198846352,-0.7954180858142147,-0.5128854167728082,0.32289103118766377,12.010586530382007,75.55114900849671,80.52871536484787,71.33159766736674,23.517517009688586,7.156007863312388,111384.0,433984.0776222121, 0.0, 0.0,0.0,NaN, 79.0266253977676,79.0266253977676,0.0, 178.97206570671747, -35.011992854373325, 29.911288049627043, -35.011992854373325, 201.0562378252718, 3.975862210980924, 29.911288049627043, 3.975862210980924, 224.25375130873402, 7.72939438465481, 5.1140606883527, 22.0, 0.0
8, 0 ,1.0,1.0,1.0,89.18548564152103,122.98121761658031,78.76059322033899,13.675663219036867,12.031122217425844,12.410358198707746,74.0,57.0,63.0,0.9027681957319643,0.34637584616351935,0.2550163876486348,13.991032511362711,-0.3602284198349705,0.2848643837967194,0.8883061231283474,12.404783365922976,-0.2350426989252233,0.8937986663889252,-0.3819409295209482,11.668805243978513,71.20282725630442,65.66137428514438,59.287288618997984,21.262007424306763,5.806521953812805,91096.0,277184.40738670446, 1.4210854715202004E-14, -1.4210854715202004E-14,0.0,80.25450672823888, 141.73628587400694,141.73628587400694,0.0, 187.02376448051783, 16.81486965325223, 8.04886335685367, 16.81486965325223, 144.74790181063776, 9.746886526301891, 8.04886335685367, 9.746886526301891, 154.01699062023258, 7.429823685990984, 5.001215935962587, 22.0, 0.0
9, 0 ,1.0,1.0,1.0,172.34328286179647,39.70027146045726,16.84775291065935,14.969493247599438,13.049197557814074,10.980615886442473,67.0,69.0,50.0,0.901835660277501,0.3121278613339081,0.2987785802746989,15.543356731678147,0.35966240335437655,-0.9254934383329927,-0.11876384641770933,12.865750365176135,-0.23944811017253287,-0.21456489410361762,0.9469036428027438,10.38353212019613,79.32104108528173,77.02082540986073,56.41605817514358,21.607609492647644,6.931985448021697,82885.0,344666.68936764885, 0.0, 0.0,0.0,NaN, 51.233312747032365,51.233312747032365,0.0, 224.08572808992517, 18.447381023533506, 33.58135834509287, 18.447381023533506, 170.28155690286079, 18.81895066127174, 33.58135834509287, 18.81895066127174, 120.57392524559283, 7.704260270646393, 5.0836585278408695, 13.0, 0.0
10, 0 ,1.0,1.0,1.0,73.74905569841407,60.79050653936538,50.84937928319205,13.316152875701405,12.132971637687046,12.049673520567204,66.0,60.0,59.0,-0.7932335472274346,0.19479154190367026,-0.5769200939088291,13.982508058832998,-0.48629090967922683,-0.7728678610000446,0.40767195218283775,13.077194078613127,0.3664719507906872,-0.6039300660142741,-0.7077900710293002,10.158741237829782,65.22772733964273,63.56592443974776,51.36703781207422,20.871050243757363,5.841474286924317,81277.0,212981.1346475723, 0.0, 0.0,0.0,NaN, 108.25926415418833,108.25926415418833,0.0, 177.3199274090508, 11.223361730586648, 28.800545540066356, 11.223361730586648, 147.20900076091826, -31.740057075741625, 28.800545540066356, -31.740057075741625, 145.19463195225845, 7.508309690197711, 5.0611458654686965, 16.0, 0.0
11, 0 ,1.0,1.0,1.0,159.41327180754527,10.724215160057149,41.9491253813183,13.413135662670149,6.967735883887838,13.199782342085923,60.0,29.0,62.0,-0.8129990173270573,-0.08343114511183783,-0.5762567499392666,13.600687120604052,-0.581157714612094,0.055263149697692054,0.8119123690598259,13.057689192103133,-0.035893015644927334,0.9949800140258185,-0.09341554001928747,6.871234848345926,67.77085307897693,69.26545279947521,30.701570195117434,19.108913191670972,6.127417250720895,51794.0,144118.66070791837, 0.0, 0.0,0.0,NaN, 59.34661251010846,59.34661251010846,9.5367431640625E-7, 179.9122083051938, 5.384874203555974, 6.3683046532973355, 5.384874203555974, 48.54934334761823, 12.15527487637099, 6.3683046532973355, 12.15527487637099, 174.23425387844335, 7.521651832396705, 5.065288184712206, 11.0, 0.0
12, 0 ,1.0,1.0,1.0,60.272219902433065,73.65374940166414,139.23169601482854,12.22833663211451,15.328834455148655,11.913622503741122,63.0,72.0,59.0,0.011507774204353428,0.9688068697082532,0.24754963207194752,15.537750792728547,-0.8878110502577442,0.12380316720654912,-0.4432429523747308,12.436547612220528,-0.46006424570173043,-0.2146765590271147,0.8615421433865987,11.417108543556402,70.27058554171767,60.339361373648444,53.970765242490245,22.079671264159416,6.239222753677302,98189.0,228840.48399019265, 0.0, 0.0,0.0,NaN, 112.91767825333903,112.91767825333903,1.3486991523486091E-6, 149.53221678831366, -1.4344994628429, 9.885679630301166, -1.4344994628429, 234.97316575335256, 25.303579842061918, 9.885679630301166, 25.303579842061918, 141.9344011616469, 8.058982130268038, 5.154566173331737, 18.0, 0.0
13, 0 ,1.0,1.0,1.0,10.189781166452123,30.561124863847905,136.79302901277353,6.447457363007771,14.258083378909074,13.56466576684928,25.0,60.0,68.0,0.054429874758949184,0.8916145023858593,0.44951192183182664,14.474627674764417,0.08337353363948197,-0.4526654239213872,0.887774108585364,13.388330412455794,0.9950307747111099,-0.01084403620834505,-0.09897557403986504,6.332500919693128,74.51581647852487,64.56629356244113,28.689682114169585,19.621023027502318,6.624066787727211,50495.0,138032.08783125598, 0.0, 0.0,0.0,NaN, 70.94318272070949,70.94318272070949,0.0, 41.56970644780312, 2.970308751950947, 14.444249984564916, 2.970308751950947, 203.2929416399232, 11.981588591980849, 14.444249984564916, 11.981588591980849, 184.0001573663328, 7.566690191380139, 5.199238862203741, 12.0, 0.0
14, 0 ,1.0,1.0,1.0,41.31257761428337,55.112654935682656,176.79136109093466,13.24220422315217,12.188150199967305,12.457963878747542,62.0,57.0,49.0,0.7916195327707102,0.23860747796089565,0.5624988771517893,13.86844725482576,-0.5053891190862078,0.7730801339296788,0.38331311591509104,12.361703810670834,-0.34339533142596695,-0.5877189617363131,0.732574957509769,11.574208034512454,68.50272810576021,66.51629983280701,62.03883422395038,21.053851570770263,5.986917071814027,85358.0,282682.9261325283, 0.0, 0.0,0.0,NaN, 72.68269892627264,72.68269892627264,0.0, 175.35597268766918, 3.660995497329485, 22.340421457072413, 3.660995497329485, 148.55100529696307, 13.420104404385908, 22.340421457072413, 13.420104404385908, 155.2008640041785, 7.4588602844368825, 4.900653775789977, 9.0, 0.0
15, 0 ,1.0,1.0,1.0,78.38107836135818,186.0408848925534,27.65474258261378,12.23409621210857,8.068437801099707,14.763897267889256,59.0,32.0,58.0,-0.2121250404376682,-0.010734869602566555,0.9771835701616833,14.878328786293118,-0.9771780513364832,-0.009156727988067262,-0.21222443384018247,12.095698677523819,-0.01122600577013207,0.9999004534988316,0.00854750766484174,8.066899481439062,62.5686041272739,58.8747200234804,32.774874572184075,19.836073142244924,6.267029879429872,61612.0,120733.10208246896, 0.0, 0.0,0.0,NaN, 84.28069249230778,84.28069249230778,1.3486991523486091E-6, 149.67311012712926, 1.0827284231600758, -15.55076447927638, 1.0827284231600758, 65.09968855021467, -1.4816155386228367, -15.55076447927638, -1.4816155386228367, 217.97266253678785, 7.323022770376079, 4.9110265319944775, 11.0, 0.0
16, 0 ,1.0,1.0,1.0,186.8929735132434,55.497311344327834,94.18928535732134,8.186393045063008,12.654439945819531,13.307740047297973,34.0,53.0,70.0,-0.19170997634717385,0.5692726582658292,0.7994847875475315,14.296797877170603,-0.10537616124924118,-0.8218243797585819,0.5599112014192924,11.788743461143142,-0.9757782276774473,-0.023093925291686215,-0.21753969983725288,7.802238439303957,80.23001911680323,57.09402446011988,39.42567945856848,19.039909397140853,6.459851139593956,50025.0,180595.4228832063, 0.0, 0.0,0.0,NaN, 110.10616325118549,110.10616325118549,NaN, 67.017031088256, -8.899997902298205, -26.605708469703305, -8.899997902298205, 160.13485034235302, 29.38370732394924, -26.605708469703305, 29.38370732394924, 177.09594516645825, 8.066505364243357, 5.133254864164538, 12.0, 0.0
17, 0 ,1.0,1.0,1.0,183.64003198393365,18.944623166037527,176.81278241627462,9.518498504000748,11.15609726551352,12.043571136938867,37.0,44.0,49.0,0.12949300933922656,0.4340195925593117,0.891548402391547,12.304081346115003,-0.20624033573321676,-0.8676666093427253,0.4523489570545603,10.979690446975894,-0.9698950894034474,0.24244926955210133,0.02284441386272614,9.389563654160973,65.63157999525848,57.34764593063651,43.32308271528555,18.212738839937604,5.329546851933707,53777.0,163060.13838242186, 0.0, 0.0,0.0,NaN, 34.12029249090493,34.12029249090493,0.0, 90.60181377066448, 9.349554925863368, 4.277736616290287, 9.349554925863368, 124.45850619759823, 11.752895587996141, 4.277736616290287, 11.752895587996141, 145.04760573050694, 8.087800420880427, 5.2073565432364735, 5.0, 0.0
18, 0 ,1.0,1.0,1.0,184.7699438129515,14.487325548276845,97.17138344424018,8.456669701610748,8.61705700749019,13.46222959311392,35.0,31.0,63.0,-0.22050959982484564,-0.11241828171150392,0.9688847435696979,13.751497674360312,0.5316793215180674,-0.8466395770434726,0.022771158374964882,8.799681165661642,0.8177362750026285,0.5201572421111555,0.246462630076332,7.7757625108378825,65.40920449194692,41.204997327702515,42.672035607401,17.170908252686583,5.671020129398035,38621.0,115009.0770697927, 2.8421709430404007E-14, 0.0,1.4210854715202004E-14,86.39955255474263, 99.41888640228255,99.41888640228255,0.0, 71.5152624421412, -4.450819826093555, -27.278508016310457, -4.450819826093555, 74.2536714703358, -14.338846943477598, -27.278508016310457, -14.338846943477598, 181.23162561771215, 7.908093065049659, 5.357892065815406, 7.0, 0.0
19, 0 ,1.0,1.0,1.0,102.40572070385623,90.30181954324223,15.731995507300637,13.70528990542927,11.650415963461702,9.568824795191132,63.0,54.0,38.0,-0.9705565578416023,-0.2104394284732753,0.11719733347863076,13.85449354821616,-0.20432574160827682,0.9769325680479497,0.06207856959906368,11.54066481091729,0.1275576706705162,-0.03630433074826385,0.9911665027743991,9.486602959916763,62.07104030138014,52.6305588577335,41.22893241604309,19.576225837430037,5.648092902610515,66775.0,134688.05923275356, 0.0, 0.0,-1.7763568394002505E-15,83.2696198320305, 133.8900954021459,133.8900954021459,0.0, 187.83497139186144, 12.20136435693719, -12.144473564713953, 12.20136435693719, 135.73219212168325, 0.1049848378264568, -12.144473564713953, 0.1049848378264568, 91.56240796106462, 8.114679288391047, 5.1131399750436115, 15.0, 0.0
20, 0 ,1.0,1.0,1.0,78.22641874611185,119.05662542337734,127.92433814889058,11.554992447874064,10.95292658191065,13.300381860582105,62.0,52.0,57.0,-0.4482527259572068,0.17590259765170022,0.8764289873180355,13.96086398202094,0.7306913839958211,0.636890068333132,0.24588847515263995,10.897547889348802,-0.5149364961101566,0.7506192889861032,-0.4140182217919791,10.803811165108028,63.002102260960726,53.92517771757309,53.50034030302844,19.958094144062954,5.66207443902608,72335.0,181762.03265902103, 0.0, 0.0,0.0,NaN, 133.66414444034328,133.66414444034328,0.0, 133.51785047042665, -5.218005269704475, -30.349772726930595, -5.218005269704475, 119.9666007087249, 12.371796653655165, -30.349772726930595, 12.371796653655165, 176.90015763730148, 6.960793309314897, 4.629608479522511, 15.0, 0.0
21, 0 ,1.0,1.0,1.0,182.49782439231805,147.9660831975055,36.83583020338743,10.441098897359883,14.066528421839612,11.747817545500837,43.0,66.0,53.0,0.06707248696103368,-0.9795367803411975,0.18976031579775232,14.15165521272085,0.3650242794772809,0.2010941526116715,0.9090205812727705,11.87571252950411,-0.9285787833484855,0.008296851462726337,0.37104259239452747,10.17806915706994,65.4711035988199,56.38536986987596,48.587393737930654,20.201218980583878,6.066773179189041,70555.0,179365.8248280549, 0.0, 0.0,0.0,NaN, 66.11151968896077,66.11151968896077,0.0, 109.01654618444977, -3.60341161121365, 13.653423569360289, -3.60341161121365, 197.8672218424216, -11.126027330781472, 13.653423569360289, -11.126027330781472, 138.01121708237733, 7.747953438759272, 5.212836527734038, 14.0, 0.0
22, 0 ,1.0,1.0,1.0,19.14651605879151,84.9748775176919,25.45830157866086,11.406625852480623,11.229666572137774,13.869084332364894,45.0,51.0,58.0,-0.1323051741544255,-0.3458898628642616,0.9289001795993526,14.312313123015917,0.9526973210887963,-0.3030608884448631,0.022845399651602726,11.40277412725609,0.27361132155340046,0.8879832772427372,0.36962486936764594,10.663135568379621,66.02389922629685,51.53984752266483,51.849997020280604,20.319629739328906,5.973330070799681,73480.0,176438.3689522874, 0.0, 0.0,-3.552713678800501E-15,21.735982951501708, 90.7493471359786,90.7493471359786,0.0, 130.1111133384793, -0.541392642290021, -10.845714137123785, -0.541392642290021, 126.10541132138852, -29.395971356637606, -10.845714137123785, -29.395971356637606, 192.35150021824938, 8.026665135118938, 4.927117283738296, 11.0, 0.0
23, 0 ,1.0,1.0,1.0,41.1839719153152,174.3391914884452,187.0356658267106,11.703786756914344,13.34018292857745,7.108394942493612,55.0,60.0,30.0,-0.18564871835234534,-0.9806422275893285,0.06225250872672432,13.426113021576397,0.9760139117318484,-0.17669907343239266,0.1271781488858431,11.688133221232889,-0.11371630261324636,0.08436977490057172,0.9899244130756649,6.971041142632169,63.329208553652535,56.05551032421205,31.950039595110184,18.216894296262637,5.797684527161142,46431.0,113421.07833042026, 0.0, 0.0,0.0,NaN, 50.22619432870535,50.22619432870535,0.0, 136.97862445132358, 8.790799817055397, 9.403681646060535, 8.790799817055397, 177.96048056790923, -10.01575889179357, 9.403681646060535, -10.01575889179357, 50.52927865846876, 7.435144154655282, 4.892210844101647, 9.0, 0.0
24, 0 ,1.0,1.0,1.0,152.48810914709983,186.65936757999472,10.647533260468096,12.639064751984025,7.698976443424704,6.6829659101813,60.0,30.0,25.0,-0.9920083008836414,-0.12356491403567824,0.025519463107735472,12.704303926936849,0.12510085843795074,-0.9895598684237464,0.0715614562684815,7.600316638218082,0.01641055136305232,0.07418206538330864,0.9971096805163548,6.672186910507031,61.621101591625006,34.04888432432435,26.171835676755677,15.351216325663444,5.293617549519849,26533.0,54911.90730803375, 0.0, 0.0,0.0,NaN, 50.484871103295575,50.484871103295575,0.0, 159.745957804845, 12.687126614837666, -2.8403197247322782, 12.687126614837666, 59.274238276408504, -1.3066217311230977, -2.8403197247322782, -1.3066217311230977, 44.662033356645374, 7.788953555658922, 5.0869268373918555, 6.0, 0.0
25, 0 ,1.0,1.0,1.0,113.99119065010957,83.69037253469686,64.77674214755295,11.326050109072526,12.237372111458662,11.193520622330922,63.0,54.0,55.0,0.4131902366100016,-0.8966343349859597,0.15912478654960488,12.534706292554924,0.5833058059802425,0.12640772871216013,-0.80235616956036,11.285077419918384,-0.6993054876660921,-0.4243441474158909,-0.575242452774454,10.90209874179774,59.50680765804076,53.644140625510445,50.50189226117212,19.369316143298345,5.3063342649176795,68450.0,161211.7141483881, 0.0, 0.0,0.0,NaN, 136.37309142214494,136.37309142214494,0.0, 128.27941107322175, -13.54919949396023, -1.4611048135138607, -13.54919949396023, 149.7532761943062, -6.321077091669474, -1.4611048135138607, -6.321077091669474, 125.29490392254762, 6.965489961353857, 4.511016331845215, 15.0, 0.0
26, 0 ,1.0,1.0,1.0,52.58693915377732,83.7513262175636,75.02161894413908,11.765149749445177,11.394078173129005,10.98377982470967,60.0,56.0,55.0,-0.634790403134913,-0.7013496534943376,0.3242681107219573,12.991742820632254,-0.6337452721559531,0.23249164868122207,-0.7377767706518442,11.525746974427149,0.4420498547763492,-0.6738369957466424,-0.5920604944221056,9.341250475390199,60.8118877659832,53.783579387253226,45.84230211073665,18.98461057075331,5.335892311201062,62584.0,149935.54620501742, 0.0, 0.0,0.0,NaN, 124.12861926954413,124.12861926954413,0.0, 138.4187486268699, 29.58002898584677, 4.531731294339451, 29.58002898584677, 129.8250174153748, -26.360036820470963, 4.531731294339451, -26.360036820470963, 120.64341923769916, 6.992463812660119, 4.514983222744512, 14.0, 0.0
27, 0 ,1.0,1.0,1.0,102.60843569953256,21.08579736927927,103.3679340145668,11.616147963461595,12.567018014594096,11.496434817639107,56.0,51.0,58.0,-0.005248931950735266,-0.9905596908736141,0.13698155908641843,12.58761828281228,0.7605798333833784,0.08497940378409935,0.64365892985572,11.989602222737954,-0.6492232018065036,0.10756393330883912,0.752953673533268,11.083057038160426,54.03243401211604,56.63485864957504,53.616913447584054,19.86750792782543,5.5059038805836895,73592.0,164074.1496511532, 0.0, 0.0,0.0,NaN, 138.8073622838627,138.8073622838627,0.0, 134.93489350903295, 1.5370738258662897, 10.214104611421828, 1.5370738258662897, 157.92994177913255, -3.6883239396668066, 10.214104611421828, -3.6883239396668066, 132.16801351622473, 7.364848793664177, 4.791133178357209, 15.0, 0.0
28, 0 ,1.0,1.0,1.0,143.15214070889823,72.82326357724345,113.30473806037129,12.687368156125604,9.993124622769988,11.552766406565793,59.0,47.0,57.0,-0.8534133159967292,0.27593888266300176,0.4422029456190457,13.11043436065907,0.5141344040570272,0.3060835447276217,0.8012357195057516,11.527555548689747,0.08574104410603019,0.9111369801965391,-0.40308544587213724,9.462041853991089,60.66221141571143,58.16151954342766,44.466251046791626,19.121487058943586,5.354156773439324,63507.0,156886.11129618096, 0.0, -1.4210854715202004E-14,0.0,73.98202675392825, 126.69244360577474,126.69244360577474,0.0, 160.96931072907, -12.570777594333407, -13.219131420777405, -12.570777594333407, 99.8625397262118, 20.681253719898784, -13.219131420777405, 20.681253719898784, 133.4664116446751, 6.723166952821495, 4.557176689113374, 16.0, 0.0
29, 0 ,1.0,1.0,1.0,137.55269743719708,140.7355307758102,18.697928216175118,10.330596819464471,13.156754395698096,10.820056570114888,47.0,64.0,44.0,-0.26499175221490834,-0.9615468910341692,0.07215918237200958,13.378021991444845,-0.1470737692080049,-0.03365392706086988,-0.9885528410784791,10.818252140570383,-0.9529683508223257,0.2725710724488313,0.13250031243386132,10.044351112690142,66.18940342913692,46.82045165024727,53.32629336151028,19.135959331833476,5.541669559434513,63134.0,165259.1303629421, 0.0, 0.0,0.0,NaN, 88.09969029101312,88.09969029101312,0.0, 106.72123064632946, 19.97548688676272, 0.8543493652356647, 19.97548688676272, 173.10018622872118, -4.880566613465406, 0.8543493652356647, -4.880566613465406, 117.07362418048633, 7.545668184230898, 4.714037425523889, 9.0, 0.0
30, 0 ,1.0,1.0,1.0,180.659923710237,93.5660286172912,76.40968638348551,10.279569340779922,10.22191727061549,13.700341515712434,41.0,52.0,66.0,0.07615606442545017,0.08687021666964426,0.9933044947582772,13.729782931482054,-0.7126463004507718,-0.692007111451474,0.11515818752662364,11.326813373987159,-0.6973775909111618,0.7166447677590044,-0.00920720036641081,9.002935943991456,64.00283290880472,59.43755283358496,48.15297612606199,19.058619133081585,5.884346429848498,57937.0,183182.1920598813, 0.0, 0.0,0.0,NaN, 122.34001976184334,122.34001976184334,0.0, 105.66954583190255, 24.009483781460663, 4.251325591829285, 24.009483781460663, 104.48759268730724, 5.507184437233123, 4.251325591829285, 5.507184437233123, 187.6993576471537, 7.2220502349920155, 4.631530756477882, 10.0, 0.0
31, 0 ,1.0,1.0,1.0,58.41039744499645,11.570794889992904,108.80192068843151,11.811165795862975,7.114825518904953,12.429226501883203,57.0,29.0,61.0,-0.24732049265246142,0.011797877869442093,0.9688619014038694,12.473356150135231,0.9667435948809431,0.0701978622653671,0.24592495174350149,11.783734393009594,0.06511064176319188,-0.9974633177270982,0.028766892742091012,7.0830107414733465,62.83397913116185,61.14697947458852,30.893368647165673,17.75303579987774,5.425842878783193,45088.0,118695.65982222282, 7.105427357601002E-15, 0.0,0.0,75.68099079117898, 108.91624072739506,108.91624072739506,0.0, 139.50363745736345, 5.711032011966869, -4.174519615390693, 5.711032011966869, 50.62074216446114, 2.736000025783475, -4.174519615390693, 2.736000025783475, 154.48567143511576, 6.903049130950485, 4.591404100333203, 13.0, 0.0
32, 0 ,1.0,1.0,1.0,55.94661460367044,149.4771573604061,22.715767278406872,11.516399883737979,10.7460108324507,12.580642818551176,53.0,49.0,58.0,-0.6093927754063493,-0.06736372041074377,0.7900016294001992,13.89938073713948,-0.32848770830812196,-0.8853975368688214,-0.3288875601130309,11.019414038498239,0.7216205864393177,-0.4599275278552563,0.5174267081896022,9.578962271219945,68.4287523322379,53.626276332483144,51.93278080025903,19.346939286986824,5.6632790013386,64025.0,190571.4512701163, 0.0, 0.0,0.0,NaN, 78.7311081913848,78.7311081913848,0.0, 132.62746628216013, 12.793626300005823, -45.628059468057764, 12.793626300005823, 115.47674881114781, 3.241894723071805, -45.628059468057764, 3.241894723071805, 158.2725737279633, 7.200824764325534, 4.581014657257341, 13.0, 0.0
33, 0 ,1.0,1.0,1.0,25.718992566890506,180.90040829756367,100.58260921585929,11.487312563413278,11.532854912222103,12.429731878408786,52.0,45.0,60.0,0.4506307948960331,-0.04811189168313962,-0.8914129977569544,12.705566898698589,-0.5170941479557701,0.7999042419262091,-0.3045765025381192,11.954129489615509,-0.7276987899132894,-0.5981959959972373,-0.33558310674348335,10.729896777380908,63.26322792428566,62.60200202739031,55.5071512739126,19.66047515857302,5.738383349356484,66863.0,219830.78405301124, 0.0, 0.0,0.0,NaN, 104.45132154349264,104.45132154349264,0.0, 131.95834992955253, -12.49043908435271, -14.22521208206657, -12.49043908435271, 133.0067424263655, -4.780063790610528, -14.22521208206657, -4.780063790610528, 154.4982345691316, 6.984449507513976, 4.703964184227154, 14.0, 0.0
34, 0 ,1.0,1.0,1.0,31.800835312423224,39.929719105724345,104.2125624436983,10.091484045468052,11.752706342553687,11.624593171417217,53.0,56.0,55.0,-0.1903394741306487,-0.8477080375724099,0.49513833180516587,11.959137492763949,-0.15925251873450463,-0.47101689030028693,-0.8676299466526982,11.51777840681256,-0.9687153967313538,0.243996254247851,0.04534653292848027,9.97071381676998,60.07700475270418,59.79268465919708,49.260350629881366,18.675971009109393,5.128686954963605,61055.0,176951.32714657328, 0.0, 0.0,0.0,NaN, 108.53989491441527,108.53989491441527,0.0, 101.83805023993625, 9.529561613718919, 0.48380573770158397, 9.529561613718919, 138.12610637430166, -4.716991148212124, 0.48380573770158397, -4.716991148212124, 135.1311664009598, 6.9458558239624235, 4.475931980034685, 10.0, 0.0
35, 0 ,1.0,1.0,1.0,90.65509688289806,74.81505195169896,100.4937798371244,11.732735737852911,12.754313224055217,10.563016291619238,56.0,56.0,52.0,0.14274010445134078,0.9799390508700839,0.13908529455359114,12.803733308921583,-0.9523571319905156,0.17424905973091204,-0.2503061292291744,11.806605784136915,-0.269520232502162,-0.09673014919213099,0.9581242729986796,10.419951060375045,58.81214563590106,55.270416748863,50.218560011622486,19.582393697017853,5.3326132415173815,71220.0,163239.03496976473, 0.0, 0.0,0.0,NaN, 154.00365723087785,154.00365723087785,0.0, 137.6570878942909, 2.6290078087831117, 8.446099521470499, 2.6290078087831117, 162.6725058173098, 6.201068070971593, 8.446099521470499, 6.201068070971593, 111.57731317701344, 6.819682437544691, 4.447761615353584, 8.0, 0.0
36, 0 ,1.0,1.0,1.0,9.344890070065233,97.06411572843682,109.11113795602803,6.230539539914679,11.746053197291038,12.508674221919113,25.0,52.0,59.0,0.19184606901100382,0.36868267468536264,0.9095428363699385,12.845218244302465,-0.003913770152675916,0.9270373585368872,-0.37494855417796047,11.587068589842492,0.9814172243282762,-0.0683726645948363,-0.17929141230963885,5.830654269690446,62.69981122835388,53.86539488796162,29.566323894180865,17.384725747759532,5.570245069772187,33112.0,99855.82670093152, 0.0, 0.0,0.0,NaN, 133.30249351086104,133.30249351086104,0.0, 38.81962295844021, 8.902113988319943, 23.006155005501125, 8.902113988319943, 137.96976571359104, 9.078855222256303, 23.006155005501125, 9.078855222256303, 156.46693079010373, 7.005417178330732, 4.710384485409371, 9.0, 0.0
37, 0 ,1.0,1.0,1.0,189.02804085422468,31.694919750630056,134.45801830481497,6.507476004814126,12.006351479492414,11.332434419654444,25.0,55.0,52.0,0.04895164095164492,0.9478400207388327,-0.3149651281236568,12.101750174545483,-0.03154203542919984,-0.3137188809274223,-0.948991867062426,11.245375384396409,-0.9983029784835487,0.05638935037270995,0.01453974949644674,6.48174088150782,58.4977659901065,53.43566037525595,26.192448658857273,16.938009040081138,5.29411365917361,37695.0,81874.10452511099, 0.0, -3.552713678800501E-15,0.0,18.58713201968141, 73.6254248886036,73.6254248886036,0.0, 42.34724395323162, 5.68142909732284, 0.917465835039437, 5.68142909732284, 144.1524758491097, -6.038142711092529, 0.917465835039437, -6.038142711092529, 128.42406987576877, 7.9298557864092185, 4.824668623499612, 4.0, 0.0
38, 0 ,1.0,1.0,1.0,10.253673267901737,135.30193391021547,118.42252744061793,6.700450914879372,10.558189298538093,12.935511289711032,27.0,49.0,62.0,-0.11353807839324864,-0.003740869950327713,0.9935266028883091,12.998615253946033,0.2406471145257427,-0.9703196792960341,0.023847143251891585,10.769908122471655,0.9639492056250701,0.2417968690096235,0.1110684613737874,6.22446275321126,62.052801692648174,53.17593649260533,31.47647340235278,17.12921085501881,5.503543543668953,34438.0,103863.41793592468, 0.0, 0.0,0.0,NaN, 104.62247177552128,104.62247177552128,0.0, 44.89604246270781, -17.98222006619537, -14.245926003869016, -17.98222006619537, 111.47536126376428, -2.271428083150799, -14.245926003869016, -2.271428083150799, 167.32745232624157, 7.516540719461334, 4.941173064861413, 11.0, 0.0
39, 0 ,1.0,1.0,1.0,136.69340322254433,41.988505359671,38.39425605069777,10.837113422773246,11.514967997222875,12.10473043047118,55.0,55.0,65.0,0.3822680299030106,0.5806622440788581,0.7188202220412108,13.673232687478272,0.7966457987697705,-0.6012544139904659,0.062037093415599244,10.311743399927881,0.4682164292467164,0.5489303124789938,-0.692422477556274,10.162316174849778,69.42850143638266,51.79710501948931,53.04671513942269,19.03943065105475,5.836274033411424,59332.0,190766.3519216215, 0.0, 0.0,0.0,NaN, 85.1168530642964,85.1168530642964,0.0, 117.44302733805208, 17.10995585852107, 23.146226518879505, 17.10995585852107, 132.594487977067, 34.81515678936471, 23.146226518879505, 34.81515678936471, 146.524498794375, 6.783067821632089, 4.421877680953455, 13.0, 0.0
40, 0 ,1.0,1.0,1.0,18.460678696471856,130.79883180716402,16.98782992189604,10.935773175934248,13.25897601777164,9.731277127313934,44.0,55.0,42.0,-0.21110111134481882,0.9614938964883472,0.17597104251733886,13.450850464310214,0.9455371217429381,0.24650560406398087,-0.21259007166641725,10.886777137538711,-0.2477819044947855,0.12150915266229334,-0.9611657784296261,9.520611317990047,64.68235224319533,49.79188797110544,48.00256574168066,18.918226950767046,5.673625257555642,59408.0,154599.77232929508, 0.0, 0.0,0.0,NaN, 73.60831952057329,73.60831952057329,0.0, 119.59113495548301, -11.826781391369268, -8.958001099219892, -11.826781391369268, 175.8004450398435, 13.814461947828239, -8.958001099219892, 13.814461947828239, 94.69775452858335, 7.027837636005439, 4.4629407107674925, 9.0, 0.0
41, 0 ,1.0,1.0,1.0,98.93786554176602,133.08300218051394,18.100405534837275,9.801414665954631,11.1893440846816,10.52931842390793,43.0,53.0,44.0,0.341309833320349,-0.8173388623948507,0.4641818411979595,11.464668890054815,-0.3652533680111684,-0.5703545857745909,-0.7357211588926834,10.637812998850011,0.8660817368097153,0.08156488524473555,-0.49320340090035814,9.355960603505318,64.88873878622049,55.95017421340802,47.963805822450496,17.535414603585327,4.964366188327117,49071.0,174134.3352264582, 0.0, 0.0,0.0,NaN, 120.80650030382985,120.80650030382985,NaN, 96.06772945399054, -6.908742971441602, 13.842965019578248, -6.908742971441602, 125.20142104539913, -5.902629898379714, 13.842965019578248, -5.902629898379714, 110.86654647204696, 7.276410977328711, 4.641074508997735, 9.0, 0.0
42, 0 ,1.0,1.0,1.0,146.07743380529558,102.68055355571555,82.23716502679785,9.463539656993005,13.34761211249504,11.60913461416303,45.0,62.0,54.0,-0.15178739628790205,0.8880590345553587,0.4339490033088501,13.94372683112154,0.027842884762428043,-0.4350201942789185,0.8999901134666085,11.000148660894808,-0.9880209310010822,-0.14868954809984888,-0.04130445726089636,9.33051713101355,69.06250221919683,50.125685149658445,46.17913583866883,19.220974700155,5.7483449801556725,62505.0,159863.17451211778, 0.0, 0.0,0.0,NaN, 138.3534210378949,138.3534210378949,0.0, 89.55858283947927, -14.88407134164728, -6.221580333248535, -14.88407134164728, 178.1587491056243, 28.087200609392386, -6.221580333248535, 28.087200609392386, 134.77200648975824, 7.439324217918882, 4.476881362190757, 12.0, 0.0
43, 0 ,1.0,1.0,1.0,178.28346629468834,82.36339984013291,21.992727614688963,11.650301730324024,10.704023562303389,12.179629684001773,50.0,51.0,51.0,-0.5762009667459299,-0.32617106931586065,0.7494030153811791,12.957555139435769,-0.7147868977273981,-0.24351883952042516,-0.6555747597611332,11.11830272186319,-0.3963232730465094,0.9134062668604663,0.09282701601219628,10.350562277617842,66.77066122291964,61.21183855269393,55.1530167773945,19.16706835488287,5.592183897958784,63803.0,225418.92469270914, 0.0, 0.0,0.0,NaN, 87.97168599801556,87.97168599801556,0.0, 135.72953040759094, 14.28902325112227, -18.51470105855953, 14.28902325112227, 114.57612042234612, -12.221437588736778, -18.51470105855953, -12.221437588736778, 148.34337923941712, 6.875482168785878, 4.356574344074757, 9.0, 0.0
44, 0 ,1.0,1.0,1.0,34.64271805273834,148.94847870182556,130.0504462474645,10.077644646358113,11.668773133809982,10.251302336679348,47.0,56.0,54.0,-0.4078375568802053,0.908272311394781,-0.09332703548043865,12.122016925711941,-0.535224230099361,-0.15500741545330282,0.8303660184936724,10.737299750294971,0.7397320803591879,0.38860533901127603,0.5493471942036288,8.976384984484133,61.619880410841574,54.278337826278644,48.52175496941956,17.79512771153812,5.1129069417188235,49300.0,162287.05946685412, 0.0, 0.0,0.0,NaN, 93.27012282139624,93.27012282139624,NaN, 101.55892161827033, -21.70445225448352, -12.901956182498, -21.70445225448352, 136.16026644832561, -10.093912100029277, -12.901956182498, -10.093912100029277, 105.08919959800748, 6.863966061758221, 4.352377211758736, 9.0, 0.0
46, 0 ,1.0,1.0,1.0,142.20623941276116,37.13797917058787,127.73232323232324,12.631965527057313,9.899796917198241,12.019871758396905,60.0,50.0,63.0,-0.9751822658098207,0.16163811858491758,-0.15130322888277203,12.729664564650246,0.12701315793051582,-0.15132591072523752,-0.9802898175823795,12.0369351672748,-0.18134830068832233,-0.975178746365765,0.12704017661335404,9.75282938521692,56.733433425110576,62.593275713657164,49.14005784812831,19.280003547890423,5.507387071939646,63756.0,174502.80441544327, 0.0, 0.0,0.0,NaN, 99.70940459699631,99.70940459699631,0.0, 159.5665530767643, -11.506027481555586, 3.6780488396101205, -11.506027481555586, 98.00597900176781, 5.746278821213052, 3.6780488396101205, 5.746278821213052, 144.4773170883075, 6.798893025651994, 4.553430865524368, 11.0, 0.0
47, 0 ,1.0,1.0,1.0,149.15317086172143,114.06241775082874,129.90876380536722,11.937112478626524,10.781939655260002,10.644572000990411,57.0,57.0,52.0,-0.9940467374412665,-0.04522464363523963,0.09912525102333564,11.952731098143824,-0.010748586016307396,-0.8646432260674405,-0.50227140025522,10.854050280953398,0.10842302191427695,-0.5003467030207703,0.8590096769508603,10.553369221974533,57.373737543692215,53.919928239405635,54.61702394384898,18.590199979901023,5.143564410858477,60031.0,168962.55955574726, 0.0, 0.0,0.0,NaN, 121.99774369857082,121.99774369857082,NaN, 142.49465432738108, 1.4756553910667167, -3.06853264463935, 1.4756553910667167, 116.25022272966818, 2.65422635007392, -3.06853264463935, 2.65422635007392, 113.306913084269, 6.517580694883982, 4.377939909541432, 15.0, 0.0
48, 0 ,1.0,1.0,1.0,10.639731958314297,168.0716445836869,161.35350172965212,6.653879979401762,15.121126214190072,10.643528180057054,27.0,66.0,58.0,-0.028014717429431447,-0.999607498133395,1.5900579711480793E-4,15.12591893080321,0.05425485008113523,-0.0013616973097633155,0.9985261924572182,10.653149213312316,0.9981340525450586,-0.027982055963259322,-0.05427170251656342,6.627537794919833,66.70231852417217,57.81690304083449,28.49122841150978,18.6351743102104,6.23999577832282,45963.0,109877.0344378112, 0.0, 0.0,0.0,NaN, 51.246225268747224,51.246225268747224,0.0, 44.2741187802836, 5.171885269918632, 3.7678705728804047, 5.171885269918632, 228.64845798546617, -0.12397104618399221, 3.7678705728804047, -0.12397104618399221, 113.28469211966863, 7.977207059035519, 4.773253935298531, 8.0, 0.0
49, 0 ,1.0,1.0,1.0,118.59261027305709,178.71507224237794,33.47522436509452,10.568899767345926,10.830305940179061,12.638025700078275,57.0,46.0,60.0,0.06933893967248071,0.007790323308668292,0.9975627410382978,12.64734629125995,0.005087809604251644,0.9999537416749242,-0.00816264073385424,10.830194965831136,-0.9975801850671085,0.005641398148111008,0.06929609648751887,10.557858278882168,61.86381974269427,46.204061840702764,57.18598543867033,18.957098157031407,5.417129508381867,62844.0,163458.11921888817, -1.4210854715202004E-14, 0.0,0.0,86.02398100725547, 90.55827901464879,90.55827901464879,0.0, 111.70164229220477, 0.05582521082935111, 3.3536008878357237, 0.05582521082935111, 117.29552675787787, 0.32926560182965253, 3.3536008878357237, 0.32926560182965253, 159.71969359583898, 6.282413941146794, 4.243427905380679, 11.0, 0.0
50, 0 ,1.0,1.0,1.0,124.55341268900591,73.8576338915322,165.94190555207504,10.298208768507477,9.911538310244747,13.2220457600652,48.0,46.0,64.0,-0.08941908350251318,-0.02503858635598792,0.9956793141864825,13.243147413142218,-0.8083068222813787,-0.5822630921069842,-0.08723401070335716,10.644309673980992,-0.5819315325353583,0.8126147677487207,-0.03182657188171949,9.509569272824663,64.33510636801795,51.802724412370225,46.98806987294627,18.716884040714575,5.365858869088712,59059.0,156598.72796798506, 0.0, 0.0,2.8421709430404007E-14,5.32807670609495, 110.93733104034385,110.93733104034385,0.0, 106.0531038397643, 10.953624238289779, -5.950680523951314, 10.953624238289779, 98.23859167544929, -0.9562041029844491, -5.950680523951314, -0.9562041029844491, 174.82249408125813, 7.281622609064011, 4.568318521331048, 13.0, 0.0
