// Sample: .//bubblelabels.tif, Map: .//bubblelabels.tif, Thickness:(8.191250068658265):/afs/psi.ch/project/tipl/test/LabelValidation/SmallStep0500//distmap.tif, Neighbors:(1.0):
//LACUNA_NUMBER, TRIANGLES, SCALE_X, SCALE_Y, SCALE_Z, POS_X, POS_Y, POS_Z , STD_X, STD_Y, STD_Z,PROJ_X, PROJ_Y, PROJ_Z, PCA1_X, PCA1_Y, PCA1_Z, PCA1_S, PCA2_X, PCA2_Y, PCA2_Z, PCA2_S, PCA3_X, PCA3_Y, PCA3_Z, PCA3_S,PROJ_PCA1, PROJ_PCA2, PROJ_PCA3,OBJ_RADIUS, OBJ_RADIUS_STD, VOLUME, VOLUME_BOX, Mask_Grad_X,Mask_Grad_Y,Mask_Grad_Z,Mask_Angle, Mask_Distance_Mean,Mask_Distance_COV, Mask_Distance_STD, SHAPET_XX, SHAPET_XY, SHAPET_XZ, SHAPET_YX, SHAPET_YY, SHAPET_YZ, SHAPET_ZX, SHAPET_ZY, SHAPET_ZZ, Thickness, Thickness_STD, Neighbors, Neighbors_STD
1, 0 ,0.3333333432674408,0.3333333432674408,0.3333333432674408,162.99443416877364,15.201455939997624,154.67062327128338,15.531621725639763,10.046402086833,19.24170916579869,87.0,41.0,90.0,-0.12039262313159428,-0.07197851595110444,0.99011348316088,19.32757390440042,0.9923772248016548,0.017723018228436468,0.12195629676175204,15.472023455467639,-0.026326032562084385,0.9972487091324566,0.06929611925056814,9.97327514426771,90.16889739425366,83.69343572711688,44.29510879888921,25.293610831552915,8.522798310519393,117862.0,334275.0237978382, 0.0, 0.0,0.0,NaN, 200.3053595683037,200.3053595683037,0.0, 241.23127342836509, 4.836021407210252, -15.738321690910295, 4.836021407210252, 100.93019489032244, -19.231043754164457, -15.738321690910295, -19.231043754164457, 370.24337162118127, 3.6973272959476406, 4.589012502311056, 26.0, 0.0
2, 0 ,0.3333333432674408,0.3333333432674408,0.3333333432674408,227.95878136200716,269.3484129904466,217.58226692287775,15.234366986413146,16.647017383068327,14.231618500673495,83.0,71.0,70.0,0.501018414698725,0.8491719370953158,0.1669957166593381,17.53209194989442,0.7313701811338009,-0.312285086646126,-0.6062802015625555,14.597280149646751,-0.4626858613369205,0.42589323299180387,-0.7775196124926373,13.830880466216975,88.18105545191241,78.43236806905988,68.86612922529703,25.53747541025555,7.719160579250631,146754.0,476295.2972452671, 0.0, 0.0,0.0,NaN, 113.67558970431199,113.67558970431199,0.0, 232.08593747671478, 44.41060925207627, 0.05142028576035623, 44.41060925207627, 277.12318775217904, 20.58626756317636, 0.05142028576035623, 20.58626756317636, 202.53896514871207, 3.5913714529725067, 4.055083780324317, 28.0, 0.0
3, 0 ,0.3333333432674408,0.3333333432674408,0.3333333432674408,123.70326784979912,153.86420866154188,206.08831577615388,14.516864940547185,14.965399989699169,14.212638345802048,74.0,68.0,72.0,-0.5911010930439553,-0.5721850155233713,0.5685101633328647,15.809057905921467,-0.5111750169706288,0.8109516501416828,0.2847060293663615,14.565734639546296,-0.623938778909693,-0.12231814723499101,-0.7718410918250468,13.214186158817412,80.55108653888743,80.51839132267662,68.76818042931643,24.21386812010221,7.098608593570537,126444.0,446019.6840608047, 0.0, 0.0,0.0,NaN, 213.25471254018257,213.25471254018257,0.0, 210.739367702088, 9.907612136448146, -30.77246363669869, 9.907612136448146, 223.96319685168785, -15.829629069970519, -30.77246363669869, -15.829629069970519, 201.9990887485628, 3.5082960621164534, 4.091728788879205, 33.0, 0.0
4, 0 ,0.3333333432674408,0.3333333432674408,0.3333333432674408,119.2718949126678,30.457186260559943,269.917720083311,15.457171870291942,14.800375949139207,15.319524983920845,76.0,64.0,64.0,0.7242832339128967,0.0033681856120010845,-0.6894943454433549,16.679114542027214,-0.36899678470866804,0.8466317163743284,-0.3834789560115707,15.312913567173982,-0.5824561528109578,-0.532168574941007,-0.6144440071299548,13.415847061396198,86.46263841399661,79.63744970183608,77.27116625438177,25.278565969394297,7.325110151227605,145479.0,532063.2890899009, 0.0, 3.552713678800501E-15,0.0,89.80701681492592, 126.72161881839635,126.72161881839635,NaN, 238.9241622277445, -16.786574024678984, -41.33203017545751, -16.786574024678984, 219.0511282358583, -17.922459464672627, -41.33203017545751, -17.922459464672627, 234.68784573297498, 3.4122522440621728, 4.0186687633963665, 25.0, 0.0
5, 0 ,0.3333333432674408,0.3333333432674408,0.3333333432674408,197.80182897325892,127.17332505403051,68.99349214541466,15.121302941914697,13.260854447356113,14.572852654304931,75.0,69.0,77.0,-0.8827966110519747,-0.21637506664864664,0.4169556020105043,15.546246353478649,0.2967134703266239,0.43128857955725747,0.8520277446598878,14.565600972999208,-0.3641857493668307,0.8758835491526695,-0.31653869950109254,12.768304132950506,73.12681996754498,75.0184833581254,67.37691482473149,23.87554448570882,6.8432794280278975,124004.0,369620.53263237624, 0.0, 0.0,0.0,NaN, 177.13729907878948,177.13729907878948,0.0, 228.6538026611581, 21.311282618929763, -16.532578981472945, 21.311282618929763, 175.85026067396439, 10.956476188820838, -16.532578981472945, 10.956476188820838, 212.36803448408227, 3.3157060126737394, 4.133091872156442, 33.0, 0.0
6, 0 ,0.3333333432674408,0.3333333432674408,0.3333333432674408,112.53058352617424,110.99068109325161,167.5621442866971,14.166295978516631,14.455153876931588,15.522111340018498,68.0,78.0,74.0,0.22759529294234856,-0.3120778648587491,0.9223924267337037,15.76713028928061,0.49392835719796163,0.8533453562065128,0.16684268337719516,14.387371037054725,-0.8391872023489214,0.4176231666298994,0.3483614934343434,13.963255812725288,86.97845543122878,73.46116305044754,64.62227914987591,24.447929123374077,7.271184042984625,127912.0,412906.54034739616, 0.0, 0.0,0.0,NaN, 206.2082664303805,206.2082664303805,0.0, 200.6839417509365, 1.2587908527987635, 12.249510534980246, 1.2587908527987635, 208.95147360577033, -13.725904715822633, 12.249510534980246, -13.725904715822633, 240.93594045193083, 3.962715940914717, 4.468298130561487, 35.0, 0.0
7, 0 ,0.3333333432674408,0.3333333432674408,0.3333333432674408,14.411544021888478,279.8167437303607,72.5974646642054,10.110758224843911,12.203533770511566,18.784920425298793,45.0,51.0,86.0,-0.147511104735959,-0.15401642848271904,0.9769950940189025,19.03617788032979,-0.43252240140898823,-0.8782969929331383,-0.20376153828435917,12.661476405728962,-0.8894744775759329,0.45262935384488046,-0.06294300421005669,9.018749951611056,84.64952135532369,65.06071055018896,47.130894652131005,23.210266573425532,8.081486827594972,83697.0,259566.71004470708, 0.0, 0.0,0.0,NaN, 76.71667556933966,76.71667556933966,0.0, 102.22743188124879, 36.386265483921235, -33.54236914535243, 36.386265483921235, 148.92623648801623, -28.1551081517889, -33.54236914535243, -28.1551081517889, 352.8732353848078, 5.854562709854927, 5.463341138903395, 12.0, 0.0
8, 0 ,0.3333333432674408,0.3333333432674408,0.3333333432674408,269.41094894257753,106.63002190130723,104.77102012182603,15.844930163443127,14.834628391028026,13.314372054137865,67.0,73.0,70.0,-0.7718561447385605,-0.6318653713104883,-0.07059918107163296,17.849563412937133,-0.1832772639575766,0.3274490249891665,-0.9269231794220429,13.451630706691239,-0.6088082919487473,0.7025121269930524,0.3685500984698631,12.200296384868253,88.57918113156757,69.26627131720363,69.30289034912414,24.2983769140376,7.615076750994856,116888.0,425211.3206971146, 0.0, 0.0,0.0,NaN, 152.58642886126844,152.58642886126844,0.0, 251.06181188438984, 80.86695724086925, 14.703742458148843, 80.86695724086925, 220.0661994998948, -2.1698930926318547, 14.703742458148843, -2.1698930926318547, 177.27250319600734, 2.906061221115803, 3.729384433586819, 30.0, 0.0
9, 0 ,0.3333333432674408,0.3333333432674408,0.3333333432674408,25.02950852965069,87.62334822637422,219.33036826428378,15.044422076306661,17.97074270113029,13.441506943364239,63.0,93.0,65.0,-0.21362541006689673,-0.972909501384741,-0.08838148159566506,18.167221947499304,0.8897108917281998,-0.15639485444880438,-0.4288999634438655,15.246828646386232,0.4034584406279811,-0.17025789737111136,0.8990180949618345,12.939961386605292,98.19330425022021,74.91613157166745,71.18896693053023,25.84318423564069,7.879477540518489,147720.0,523684.7278922306, 0.0, 0.0,0.0,NaN, 121.70421905592414,121.70421905592414,NaN, 226.33463561006326, 24.74787317276751, -21.742574297752512, 24.74787317276751, 322.9475932302276, 18.34358488936149, -21.742574297752512, 18.34358488936149, 180.67410890850903, 3.448715270440163, 4.01386939835094, 29.0, 0.0
10, 0 ,0.3333333432674408,0.3333333432674408,0.3333333432674408,96.99172285669263,256.8018047158153,48.43235218498337,12.338683895072153,13.67347262620442,17.87071644815304,72.0,76.0,83.0,-0.052753813912263976,0.3464468853464199,0.9365850686144183,18.479384384513136,-0.5227748237566673,-0.8086861691335564,0.2696908665458993,13.17749146738775,-0.8508369519266873,0.47539587239042885,-0.22377498910791435,11.976458228069651,88.28547665672643,61.187608170198956,65.99737539838515,24.472725598444068,7.7236767200414524,120573.0,356516.3140462489, 0.0, 0.0,-7.105427357601002E-15,20.514248657887755, 116.70120443547397,116.70120443547397,1.3486991523486091E-6, 152.24312026251292, 9.15223309618552, -14.044782103121014, 9.15223309618552, 186.96385365956158, 57.674528461302344, -14.044782103121014, 57.674528461302344, 319.36250637028763, 3.7950896667233676, 4.100488900808844, 25.0, 0.0
11, 0 ,0.3333333432674408,0.3333333432674408,0.3333333432674408,226.27492356871844,95.99637511576725,132.40390571317604,13.63527273973547,12.316383629968959,14.08152630768515,69.0,58.0,76.0,0.47567092320412635,0.44272380044876947,0.7600873695400631,15.292455434288323,-0.877627129238872,0.18068514420741452,0.4439859239735904,13.118426840091907,0.05922663963176593,-0.8782644904463256,0.47449308738798845,11.399606817475386,73.57253995848237,61.6714326430141,57.54884806368429,22.25287054340561,6.38068210617145,100417.0,261117.76617833384, 0.0, 0.0,0.0,NaN, 179.39198749740473,179.39198749740473,NaN, 185.9206626869732, 15.199458977852494, 21.147309469276465, 15.199458977852494, 151.69330572056734, 38.34671441767427, 21.147309469276465, 38.34671441767427, 198.289383154029, 3.5327890699972633, 3.981180205599448, 25.0, 0.0
12, 0 ,0.3333333432674408,0.3333333432674408,0.3333333432674408,256.02918450612,35.81234070417569,265.3439480179318,13.370071872115705,13.026426527205748,14.717379129580541,80.0,69.0,66.0,0.3297721212321013,0.29174271352286296,0.8978510662489615,15.280515902775715,0.7632721038049689,-0.6420855244369627,-0.07170686760448859,13.64865077117636,0.5555772166055923,0.708951598076221,-0.4344209801263692,12.052718541869606,77.08279675897575,75.49227745577741,69.49017348571503,22.713739665768152,7.009556959875361,99265.0,404374.1516413336, 0.0, 0.0,0.0,NaN, 66.4605018104183,66.4605018104183,0.0, 178.75882186553957, -11.614056827884763, 23.87757600959078, -11.614056827884763, 169.68778806868963, 24.99862049743654, 23.87757600959078, 24.99862049743654, 216.60124844381286, 3.455647108119867, 3.760321015316335, 17.0, 0.0
13, 0 ,0.3333333432674408,0.3333333432674408,0.3333333432674408,52.36270475691259,67.23437295243087,281.3583409775914,13.794084002781709,13.200315118241845,10.253436489663642,67.0,64.0,41.0,-0.8698179684000191,-0.4656053046846088,0.16318211329068985,14.287047160192346,0.41328155747409506,-0.8682586054431234,-0.2744546380109979,12.987291027789318,0.2694718094722509,-0.17128541771999828,0.9476530217206276,9.842184094305042,73.1877135670639,70.06644679202009,47.33342821046426,20.730477770933184,6.317066085857805,76310.0,242725.96368476006, 0.0, 0.0,0.0,NaN, 87.23431209606638,87.23431209606638,0.0, 190.27675347579827, 17.671052619874306, -23.367280324698896, 17.671052619874306, 174.24831922088418, 8.961264206732757, -23.367280324698896, 8.961264206732757, 105.13295984756586, 4.051587194382027, 4.045770105127358, 16.0, 0.0
14, 0 ,0.3333333432674408,0.3333333432674408,0.3333333432674408,88.62716388089522,284.2343179208851,173.55918708157515,11.137551925354941,9.579155510027793,15.481955078421612,52.0,40.0,70.0,0.14836021219818016,0.0442577557902624,0.9879425582942161,15.58563503568014,0.8924358313094072,-0.4364120413937624,-0.11446753741396143,11.413729818885802,0.426083952328175,0.8986577664377793,-0.10424339014759113,9.072539246627429,72.6960310711402,60.67233494840728,45.98156222421767,20.33096552009175,6.4921535137678,67067.0,202808.02318861402, 0.0, 0.0,0.0,NaN, 155.21150112173677,155.21150112173677,0.0, 124.04506288997756, -17.625328110520257, 18.639934289215052, -17.625328110520257, 91.76022028529583, 9.418094964931264, 18.639934289215052, 9.418094964931264, 239.69093305026473, 3.6991908751378246, 4.084314739387714, 15.0, 0.0
15, 0 ,0.3333333432674408,0.3333333432674408,0.3333333432674408,176.70857516068222,272.1529338419748,283.4761685641764,11.671000630959227,15.43268936389036,9.133363982803555,59.0,67.0,38.0,-0.128551265568465,0.9910827611507456,-0.035064692648870244,15.494208942384526,0.9887185712440381,0.13082526487805624,0.07294063988432156,11.609417737282296,-0.07687755848031172,0.02529250124839899,0.9967196849579656,9.107656307940301,67.6997073353794,59.44122188198506,40.8372797058002,20.395216986024547,6.467891346145623,67369.0,164335.47491481714, 0.0, 0.0,0.0,NaN, 127.47263054412146,127.47263054412146,1.9073486328125E-6, 136.21225572785067, -13.31393444878963, 4.446045175384433, -13.31393444878963, 238.16790100233462, -4.965695864815038, 4.446045175384433, -4.965695864815038, 83.41833764237322, 3.3294672964583394, 4.053087644596134, 14.0, 0.0
16, 0 ,0.3333333432674408,0.3333333432674408,0.3333333432674408,201.7074734132958,191.65355946195308,13.149686786772204,16.998952095698208,15.11852066827871,8.458186351346287,92.0,83.0,36.0,0.9891716402690761,-0.14294449840305717,-0.033261636515416304,17.045906254571292,-0.14142912584507533,-0.9889626053332082,0.0441674950076582,15.083745734741763,0.03920801512552151,0.03898506930674955,0.9984702779357351,8.425713647706099,93.44528722615928,84.93879297292128,37.70327114922809,22.863902993988603,8.14351863659662,82372.0,299255.7609924864, 0.0, 0.0,0.0,NaN, 146.87847433389518,146.87847433389518,0.0, 288.96437235184254, -9.15339959215245, -8.201939338439445, -9.15339959215245, 228.56966719717056, -5.793126161388222, -8.201939338439445, -5.793126161388222, 71.5409163541006, 3.6100962772771505, 4.08791978876717, 27.0, 0.0
17, 0 ,0.3333333432674408,0.3333333432674408,0.3333333432674408,73.32785289630137,28.893284930113467,27.68997386927623,13.144948913642239,15.619259059001863,13.87623666639257,63.0,61.0,66.0,0.04964248190358328,0.9161360557390213,0.3977817886296467,16.02682003299205,-0.6112582569052183,-0.28710495357741694,0.7375188736544324,13.810349035308146,-0.7898727539013141,0.2797596700853395,-0.5457431260566602,12.716767618748946,74.25769139257473,71.14435888289384,70.23962420556109,23.636591402334634,7.114241097632105,114042.0,371077.0477125199, 0.0, 3.552713678800501E-15,0.0,23.632419334927253, 83.5375997818679,83.5375997818679,0.0, 172.78968194226425, 9.418065008926451, -11.19915849422464, 9.418065008926451, 243.96125355221173, 28.529506515047395, -11.19915849422464, 28.529506515047395, 192.5499440217376, 3.1933437327150336, 3.5165757323916726, 18.0, 0.0
18, 0 ,0.3333333432674408,0.3333333432674408,0.3333333432674408,81.67133999888287,9.3364240630062,267.559552402763,14.013087254985814,6.109241782737774,15.873903102586214,62.0,26.0,65.0,0.4014431321741224,0.04092224838388556,0.914969278838059,16.314149826748977,-0.914068063137728,0.08077789307252184,0.3974349103216866,13.547852011261462,0.05764536045401154,0.9958917117729074,-0.06983345072495879,5.997872172482175,70.48799517222898,62.63516340278122,27.08924616779011,20.76488492203835,7.3817209010213345,53709.0,119599.75582873651, 0.0, 0.0,0.0,NaN, 88.37284216209459,88.37284216209459,9.5367431640625E-7, 196.36661441584587, -7.1147003749804165, 30.9363462178327, -7.1147003749804165, 37.322835159949015, 13.356000812423808, 30.9363462178327, 13.356000812423808, 251.9807997102962, 3.7105803393584513, 4.002347447122612, 12.0, 0.0
19, 0 ,0.3333333432674408,0.3333333432674408,0.3333333432674408,262.5602967062965,270.77478749541103,52.540745342784255,14.754856753510554,15.654261210073155,12.236272878190782,75.0,71.0,77.0,0.417565627952206,0.8643689876995279,0.2801877931962304,15.763095716513238,-0.7937772925273673,0.49707281807253323,-0.35047999001562496,15.410767092093117,-0.44221777013232055,-0.07605831076696423,0.8936769982171819,11.2481614882018,80.48429616718619,75.94823848630784,73.48790206575313,23.59585785781894,7.464821347689775,106233.0,449205.12787546235, 0.0, 0.0,0.0,NaN, 70.82636761711163,70.82636761711163,0.0, 217.705797816616, 0.2318403763251172, 45.14059431350623, 0.2318403763251172, 245.05589403320104, 10.202877941186886, 45.14059431350623, 10.202877941186886, 149.7263739495473, 3.0720273017126973, 3.5958813671854157, 27.0, 0.0
20, 0 ,0.3333333432674408,0.3333333432674408,0.3333333432674408,163.3892172359288,101.58221657159875,210.39184019425926,15.107751795298789,11.126483868291693,12.877767999700371,69.0,53.0,64.0,0.9350638075946404,0.07276541007731802,0.3469306426692413,15.463845215678777,0.3339358058004513,0.14752023872070563,-0.9309804814131117,12.502211636200869,0.11892246773009814,-0.9863787174630573,-0.11364186026688387,11.065437704085095,73.48176708076835,68.37778339632241,55.21888384671159,21.784577264774637,6.5811784377023566,87306.0,277448.40575928, 0.0, 0.0,0.0,NaN, 192.38262654091872,192.38262654091872,3.814697265625E-6, 228.2441643083538, 9.607480570413339, 27.32631065859007, 9.607480570413339, 123.79864327135527, -1.7047697628386353, 27.32631065859007, -1.7047697628386353, 165.8369086541069, 3.184849384443251, 3.729726447560012, 25.0, 0.0
21, 0 ,0.3333333432674408,0.3333333432674408,0.3333333432674408,145.0256234915527,284.5014749262537,23.469522660230624,13.868229255984632,9.769436991899784,14.096149985800261,71.0,39.0,60.0,-0.6621563440991296,-0.0015020508859360307,0.7493642103893217,14.873076678963113,0.7335080861555745,0.20333424939542558,0.6485530591764912,13.15954123478033,0.15334556894042123,-0.9791082304147661,0.13353729673916434,9.596311314730496,80.71829520471229,66.14858124709536,45.84225821585767,21.003707332130183,6.731671751026021,74580.0,244770.1859958874, 0.0, 0.0,0.0,NaN, 147.72763533771945,147.72763533771945,0.0, 192.32778269654807, 12.221931904209336, -25.495122791682853, 12.221931904209336, 95.44189913869992, 10.547504056146172, -25.495122791682853, 10.547504056146172, 198.70144442217673, 3.565959679699593, 3.8953614132166243, 12.0, 0.0
22, 0 ,0.3333333432674408,0.3333333432674408,0.3333333432674408,182.10181303304168,281.3837015077267,119.13868209422462,13.266682146522944,11.409449861020923,15.32856282400358,66.0,44.0,84.0,-0.4498838379445046,0.06275814678726072,0.8908793113369236,15.918087296676143,-0.7515464886900283,0.5122942125505727,-0.4156110142006318,13.186391702095104,0.4824752923145515,0.856513896442444,0.18330722164435018,10.671401513004776,79.56487719994615,70.26438142613215,54.473177135355684,22.16116065818815,7.073061419172898,90401.0,304536.48465674295, 0.0, 0.0,-1.4210854715202004E-14,27.01605046027234, 168.64333556591555,168.64333556591555,NaN, 176.00485517687065, -27.040404295052543, -37.17147409868566, -27.040404295052543, 130.17554613115036, -4.975547458571822, -37.17147409868566, -4.975547458571822, 234.96483824942462, 3.4114052135186577, 3.8498599482238087, 23.0, 0.0
23, 0 ,0.3333333432674408,0.3333333432674408,0.3333333432674408,102.94674149773832,34.017347964483164,162.44509130507623,13.321867397891802,12.589187626799854,17.812173895871798,66.0,72.0,85.0,-0.2539206794673571,-0.19675216681742067,0.9470020450830532,18.318006872269788,-0.9596675323954595,0.1734045456033621,-0.22128960850003923,12.916119353141507,0.12067524934652012,0.9649971235277031,0.23284766646546806,12.282419144836242,89.65266735824254,60.524803897570024,67.71217831493466,24.3760068998741,7.683984811534375,119380.0,367420.5065935209, 0.0, 0.0,0.0,NaN, 175.14726504746713,175.14726504746713,0.0, 177.4721509670125, 6.5697880579509595, -41.02045660481071, 6.5697880579509595, 158.48764510277053, -35.025345820848806, -41.02045660481071, -35.025345820848806, 317.27353889677664, 3.1077684620218995, 3.573843037844318, 27.0, 0.0
24, 0 ,0.3333333432674408,0.3333333432674408,0.3333333432674408,253.5783251463088,9.616518203398595,22.740874797283006,14.13650195448279,6.322119077156947,12.322215047635073,65.0,27.0,46.0,0.8650664632365296,0.027800422971293974,0.500886365023105,14.97928439991637,0.49955732243320927,0.04352368745415034,-0.8651867834368234,11.296374378694924,0.045852980130028295,-0.9986655221409272,-0.02376297751092364,6.297604749251795,71.71196856371222,58.14620250817022,28.441302311316853,18.640052966431906,6.647953536512693,42547.0,118593.93505254472, -2.8421709430404007E-14, 0.0,0.0,30.1097046488617, 52.57943233930758,52.57943233930758,0.0, 199.84068750909577, 6.3545714877000545, 42.02665369445729, 6.3545714877000545, 39.96918962575181, -0.739602952206528, 42.02665369445729, -0.739602952206528, 151.8369836801642, 5.052619014225754, 4.054621414471226, 11.0, 0.0
25, 0 ,0.3333333432674408,0.3333333432674408,0.3333333432674408,150.45127969113548,95.27363145918028,157.5261818925622,11.79312953623572,12.219013996150585,13.282860291904726,53.0,63.0,64.0,0.07599084081591949,0.1369294849366333,0.9876617377761868,13.290634038669298,0.6296571327974417,0.7614536207509378,-0.1540138908105088,13.03498480648441,0.7731476490486112,-0.6335919030419142,0.028355125997441243,10.874962196518393,59.66691571352922,59.27411131281637,50.588133507244535,20.667246273089212,6.138527210844531,78222.0,178915.2239617077, 0.0, 0.0,0.0,NaN, 227.46576323383255,227.46576323383255,0.0, 139.07790425843532, 25.3693565683685, -0.6271026157276263, 25.3693565683685, 149.3043030381239, 1.83803281393466, -0.6271026157276263, 1.83803281393466, 176.43437753425928, 2.9352824080203286, 3.463522615887108, 22.0, 0.0
26, 0 ,0.3333333432674408,0.3333333432674408,0.3333333432674408,56.220875528267285,130.07313611354758,284.27162108284824,13.238127378480248,13.397026019244866,9.723543021343342,72.0,64.0,41.0,-0.4966034652119946,-0.8454829264228143,0.19632528993217838,13.825137268265006,0.8651971542857523,-0.4640941508851111,0.18986970092688324,13.060578747553164,-0.06941817165033817,0.26415003358270106,0.9619801854523726,9.357482237744277,70.24423473263784,65.30785454775432,47.78219764093035,20.12212515769447,6.661508138190418,62705.0,219200.8443275039, 0.0, 0.0,0.0,NaN, 142.57345295299507,142.57345295299507,0.0, 175.24801648886833, 10.152971291402041, 3.5396387529312126, 10.152971291402041, 179.48030616032392, -24.50705134017875, 3.5396387529312126, -24.50705134017875, 94.54728888791482, 3.902892908471289, 3.8898823562023694, 15.0, 0.0
27, 0 ,0.3333333432674408,0.3333333432674408,0.3333333432674408,81.9341907768749,210.83581336369753,64.94147559650122,11.39422503469322,12.336083075760433,13.05247552417567,51.0,57.0,62.0,0.2753979737374295,-0.4409647873305104,0.8542283139745928,13.582975677386948,-0.3471440964894294,-0.8742485708496378,-0.3393823988363329,12.065175962547697,0.8964635699981655,-0.20307509128872425,-0.3938446076363372,11.059327639724469,64.0954400456801,59.18918736515144,57.27216092927015,20.446375747083945,5.858339859679711,77284.0,217276.66200988687, 0.0, 0.0,0.0,NaN, 137.40763824993746,137.40763824993746,0.0, 129.82836414122968, -0.49311698711549806, 17.370352788207356, -0.49311698711549806, 152.17894565206296, -16.524178564204412, 17.370352788207356, -16.524178564204412, 170.36711730920493, 3.569790418680367, 3.759257422565749, 21.0, 0.0
28, 0 ,0.3333333432674408,0.3333333432674408,0.3333333432674408,185.6018743137305,13.323255279487245,9.881744592834709,16.97545369048717,8.982058831288466,6.52868021587656,78.0,35.0,26.0,-0.99758067947101,0.06901713045118174,0.008332085599814193,17.005578624433195,0.0661809322332873,0.9795341620024874,-0.19008658468923367,9.006358389936718,-0.021280793098263428,-0.18907527912016614,-0.9817319729288335,6.415830297632345,76.79270021317069,39.383677372505595,27.864921693450583,18.86565069321671,7.453475573806758,39161.0,84274.08204905798, 0.0, 0.0,0.0,NaN, 115.59450319099052,115.59450319099052,0.0, 288.16602799787455, -14.4867630279491, -2.5641766056309017, -14.4867630279491, 80.67738084872711, -7.2962131917135995, -2.5641766056309017, -7.2962131917135995, 42.623665361178, 4.378420580052455, 4.1330823531652925, 9.0, 0.0
29, 0 ,0.3333333432674408,0.3333333432674408,0.3333333432674408,23.55851933072568,128.4368311737604,60.516410294257184,13.739449955934486,12.428045821210713,13.284959727281977,56.0,60.0,63.0,-0.6949684324783869,0.5390258396995203,-0.47588866554558856,14.725721402079685,0.617825476045533,0.10906261535102882,-0.778714984498118,13.219264072299133,-0.36784583592538417,-0.8351984734594649,-0.4088189708456969,11.319149683452325,75.55053513060348,71.4830597308059,58.99379380820763,21.90110011161577,6.32935833100343,94849.0,318600.90445421456, 0.0, 0.0,7.105427357601002E-15,61.5827732661305, 143.92101774902818,143.92101774902818,0.0, 188.77248509162814, -30.09470981697149, 6.911250141400876, -30.09470981697149, 154.45632293411308, -26.71894725007123, 6.911250141400876, -26.71894725007123, 176.490154955504, 3.7049515953587333, 3.7249457079244497, 20.0, 0.0
30, 0 ,0.3333333432674408,0.3333333432674408,0.3333333432674408,236.58636613523913,33.409519882719444,92.77901777533444,13.842191200035737,12.802566653875136,14.748786487874176,67.0,66.0,78.0,0.29426975138137373,-0.26986281815588575,0.9168311582831967,14.958799299721012,0.9097566350170548,-0.21483094370882166,-0.35523306527915177,13.84829605316782,-0.2928278990540169,-0.9386275752406488,-0.18229124096749721,12.549808482389073,72.4967794503695,69.634692505343,63.779993119561766,22.976182157079617,6.718163922911583,109140.0,321979.9617155876, 0.0, 0.0,0.0,NaN, 117.24091059900377,117.24091059900377,0.0, 191.6062572183468, -11.961852981624556, 6.80112679539746, -11.961852981624556, 163.90571292691558, -13.780036645304786, 6.80112679539746, -13.780036645304786, 217.52670286489985, 3.9702490634638705, 3.964491222664119, 25.0, 0.0
31, 0 ,0.3333333432674408,0.3333333432674408,0.3333333432674408,142.0511152416357,275.272040938088,82.04956629491946,12.793037814813738,12.836220312052287,12.94628305038999,65.0,52.0,66.0,-0.6726749124894453,0.06154828623540447,-0.7373739014698051,13.994354028300393,-0.2992810865060029,-0.9340142179793544,0.19505966234001637,13.01788248862108,0.6767121200090208,-0.35189380368784456,-0.6467081703202744,11.433695994500557,63.451456992131426,61.48964927062758,61.55453429200102,21.395750470498083,6.185343568133555,87156.0,240161.65334463344, 0.0, 0.0,0.0,NaN, 165.89792834735593,165.89792834735593,0.0, 163.6618165312543, 8.132154500215966, 30.035352496169295, 8.132154500215966, 164.7685518995437, -10.012302272391395, 30.035352496169295, -10.012302272391395, 167.60624482081516, 3.4660197441125535, 3.6915903193248965, 15.0, 0.0
32, 0 ,0.3333333432674408,0.3333333432674408,0.3333333432674408,9.293817094713956,169.96836526701998,94.3062100828917,5.901244956273778,11.9720778299111,12.988220415998168,24.0,58.0,63.0,0.12098991917466576,0.557175640602459,0.8215331673020558,13.820570399615027,-0.05758534827839193,-0.8222796086665749,0.5661626734736238,11.119548992686767,-0.990982021593613,0.11580824966462576,0.06740239007521588,5.6742112405576535,63.84866259569611,56.90401457085943,27.32338933151091,17.626751762943606,6.0122235039563865,36795.0,99272.57386530499, 0.0, 0.0,0.0,NaN, 160.89829808832548,160.89829808832548,0.0, 34.8246920339467, 15.036064766904332, 12.803983225814914, 15.036064766904332, 143.33064756544888, 30.121169412596334, 12.803983225814914, 30.121169412596334, 168.6938695745516, 4.666522175239664, 4.208865014315691, 11.0, 0.0
33, 0 ,0.3333333432674408,0.3333333432674408,0.3333333432674408,195.65607606375315,166.12785992115982,185.27135691554147,12.473290459532196,12.626987769935731,11.328188201746332,61.0,60.0,55.0,0.6233403879662549,0.7334991684415074,0.27097182625818295,13.556472265821368,-0.7704465681433716,0.5168912075496388,0.37314282144237654,11.753929941111998,0.1336369947513783,-0.44136430468887267,0.8873210829121143,11.019021445191724,63.228463622924096,61.42102332708116,55.7370356131937,20.26223877520402,5.726545449109847,76357.0,216457.9514215481, 0.0, -2.8421709430404007E-14,0.0,42.81945052271065, 204.87085174739462,204.87085174739462,0.0, 155.5829748878569, 21.846899817823903, 5.721546210027024, 21.846899817823903, 159.44082014210653, 15.622297136262354, 5.721546210027024, 15.622297136262354, 128.3278479341848, 3.495835883644301, 3.61616600653069, 24.0, 0.0
34, 0 ,0.3333333432674408,0.3333333432674408,0.3333333432674408,73.92009540172718,243.17608626848127,185.47007957679614,13.855615212330669,13.195318744514868,11.202903155764583,71.0,63.0,60.0,-0.9078151266814228,-0.2924573303563159,-0.3005668073644349,14.062986155921141,-0.3688863371269581,0.8977970039675809,0.24058971288875208,13.404184807512069,0.19948575400125373,0.32928596931495996,-0.922917214252101,10.684558896996526,68.47403577922015,60.462255938550015,48.61444483258981,21.327182498455244,6.062246735041435,88468.0,201268.40424893884, 0.0, 2.8421709430404007E-14,-2.8421709430404007E-14,88.53819043948143, 147.68290472533693,147.68290472533693,0.0, 191.97807291216904, 0.5009128027297262, 16.998903473893257, 0.5009128027297262, 174.11643676934543, 21.500091562515905, 16.998903473893257, 21.500091562515905, 125.50503911744006, 2.8448196556005625, 3.4346375112049725, 26.0, 0.0
35, 0 ,0.3333333432674408,0.3333333432674408,0.3333333432674408,28.241305779422373,174.0443204030648,228.15720154285177,13.321198938662839,14.842674132343582,12.590532366977275,62.0,79.0,60.0,-0.3370748880072247,0.8221739602048469,0.45870524199751256,15.73508812935502,-0.8486903340869566,-0.476263928125352,0.22999432078636292,13.301434697326838,0.40756010195097336,-0.31177339515694624,0.8583077031985814,11.478661002070572,78.30558705187292,69.42470991893113,58.975532201067736,22.52825138086868,6.982743842265078,95667.0,320611.2019610841, 0.0, 0.0,0.0,NaN, 147.7287794067461,147.7287794067461,0.0, 177.45434116343196, -13.844242387706743, -26.72654099759321, -13.844242387706743, 220.30497539894128, 38.73719741874557, -26.72654099759321, 38.73719741874557, 158.5215052839024, 2.9023751841630094, 3.5064396681471086, 26.0, 0.0
36, 0 ,0.3333333432674408,0.3333333432674408,0.3333333432674408,233.21616666666668,82.63903125,280.9036875,13.656667369416963,15.591161475171097,11.489728879990048,64.0,74.0,51.0,-0.37524965834453106,0.911601320159734,0.1678413745038551,16.104100982296156,0.925097832702527,0.3569596360896083,0.12951377583817983,13.219424238392481,0.05815233306928083,0.20386969192551657,-0.9772693870539456,11.291922062999028,73.30139022186214,68.12226869480469,54.733611345963595,22.628065329757746,7.040838653998411,96000.0,273309.9347324789, 0.0, 0.0,0.0,NaN, 107.95350402710686,107.95350402710686,0.0, 186.50456363889805, -29.496126838541873, -2.642617947916664, -29.496126838541873, 243.08431614485937, 22.355494613931754, -2.642617947916664, 22.355494613931754, 132.0138697356774, 2.9586639459012076, 3.6875887328416805, 18.0, 0.0
37, 0 ,0.3333333432674408,0.3333333432674408,0.3333333432674408,163.2560579097368,145.83652006369002,44.009620402210416,11.358529292794092,12.342487720040047,12.139636786666072,58.0,60.0,56.0,-0.06332874959665453,0.7425852219929894,0.6667508211859569,12.914447293508957,-0.6348577462683586,-0.5454607011339191,0.5472003888170719,11.917135923359659,-0.7700292926100833,0.3886384072581057,-0.5059793246035831,10.950931221322097,63.061562847051235,58.035741267619244,50.886273302121865,19.95953436328498,5.508262895666415,74737.0,186234.832051129, 0.0, 0.0,0.0,NaN, 204.7047702683525,204.7047702683525,0.0, 129.01618769526146, 5.447670036811365, -9.654402847814394, 5.447670036811365, 152.33700311933939, 16.60641371842866, -9.654402847814394, 16.60641371842866, 147.37078131217618, 2.9651703097436926, 3.4231159729192537, 17.0, 0.0
38, 0 ,0.3333333432674408,0.3333333432674408,0.3333333432674408,131.5748566164453,171.22895307717454,132.25085435796856,11.589524743366534,13.264201329471932,10.70542252909534,57.0,63.0,53.0,0.3886206627568277,0.9211203414056608,0.022611880221782205,13.599828742360947,0.9127066787121764,-0.3882017681445056,0.127537860432374,11.203476294383073,0.12625568942678342,-0.02892583375115676,-0.9915759159182762,10.695277897837995,70.39438837712325,55.051007293832996,52.81931850645968,19.76894896423253,5.8353105368869995,67302.0,204689.75362619737, 0.0, 0.0,0.0,NaN, 226.6808635453184,226.6808635453184,0.0, 134.31708377710513, 21.31725705621288, 1.9155551951585004, 21.31725705621288, 175.939036908765, 0.9187778252958312, 1.9155551951585004, 0.9187778252958312, 114.60607152646206, 3.096251887573781, 3.553955754120959, 26.0, 0.0
39, 0 ,0.3333333432674408,0.3333333432674408,0.3333333432674408,250.5093290914195,49.12561055487976,8.959689342191448,13.046731403938614,16.465674065124766,6.178767815651152,61.0,67.0,27.0,0.12337535830028816,0.9920822633683539,-0.02347985677551718,16.518540709506155,0.991756888367206,-0.12244101419465779,0.03776866980952726,12.99191129726185,-0.0345947299523082,0.02794603286527024,0.9990106225194108,6.153116944901543,69.55389560318692,60.5982474250182,28.504913637545485,20.648734571521572,7.289894036268569,53435.0,120143.76920795778, 0.0, 0.0,0.0,NaN, 70.30596100246203,70.30596100246203,0.0, 170.21720032651803, 12.864889737782214, 4.223488254195114, 12.864889737782214, 271.1184224189223, -6.0795814515728805, 4.223488254195114, -6.0795814515728805, 38.1771717197265, 3.3454417377846988, 3.456039812744926, 10.0, 0.0
40, 0 ,0.3333333432674408,0.3333333432674408,0.3333333432674408,126.45709757754132,208.1909591728926,104.33624632103238,12.187963792081822,11.837784927158056,11.427218217675913,64.0,55.0,58.0,0.7133677339650143,0.47451203881368015,0.5156983625710917,13.472220542336538,-0.35622368030085394,0.8792508292743293,-0.3162636065267698,11.320517469278693,-0.6034991016816308,0.04190828368340626,0.7962615964795587,10.469292595946182,59.89341233313604,50.9169612844271,51.92505239851751,19.642458862652745,5.7822780460766,66255.0,158350.14946409516, 0.0, 0.0,0.0,NaN, 187.89983981284396,187.89983981284396,0.0, 148.54646139709752, 18.527021378748074, 28.538416423930737, 18.527021378748074, 140.13315198165049, 12.435239778828752, 28.538416423930737, 12.435239778828752, 130.58131619438427, 3.6820959842107888, 3.7102991291168865, 20.0, 0.0
41, 0 ,0.3333333432674408,0.3333333432674408,0.3333333432674408,74.12514696451476,43.79049540401881,92.58521269773408,12.307917475042775,12.764796717946497,11.42046082321031,60.0,59.0,53.0,0.3500766134917777,0.8105827205899668,0.4694699327615099,13.252164303158839,0.8780497014829369,-0.4585478923492298,0.13697646567131408,12.346640420706438,-0.32630520438977684,-0.3642656770861718,0.8722588091186578,10.80705347637842,65.94318230766767,62.84594225854098,57.427917372654875,20.28016372221625,5.793682131204096,74848.0,237996.30283788688, 0.0, 0.0,0.0,NaN, 126.4285035525018,126.4285035525018,1.3486991523486091E-6, 151.48483257246332, 2.340709565393251, 13.955674335457397, 2.340709565393251, 162.94003525049766, 20.147441752794922, 13.955674335457397, 20.147441752794922, 130.42692541448153, 3.2902288797811985, 3.6433511257345876, 22.0, 0.0
42, 0 ,0.3333333432674408,0.3333333432674408,0.3333333432674408,281.4494695872742,226.823223143042,277.4680571387494,11.424563574858395,17.28351564203534,13.19040415135285,48.0,85.0,59.0,0.12422775955803024,0.9501613919985896,0.2859384425195306,17.758923043715313,-0.37982430862830907,-0.22068650484494043,0.8983490196768464,12.922160341795488,-0.9166793105171619,0.2202062572558436,-0.3334790037395966,10.993896121430899,88.27423673774831,73.8718649309732,61.076934192045314,23.25067127211524,7.914140060458857,97377.0,398281.61860317155, -5.6843418860808015E-14, 0.0,0.0,82.86383793189223, 78.78230320871022,78.78230320871022,0.0, 130.52065287598123, 26.82526848717189, -8.82621075663424, 26.82526848717189, 298.7199129484802, 43.704192320429655, -8.82621075663424, 43.704192320429655, 173.98676167602648, 3.0275248782226734, 3.6540302305868857, 14.0, 0.0
43, 0 ,0.3333333432674408,0.3333333432674408,0.3333333432674408,156.42198349757643,279.9149594839601,183.38963233389657,13.109255002253796,12.42201273924094,12.672139197499304,63.0,54.0,64.0,-0.7663616835532511,-0.29389136652322834,0.5712421856485528,14.508696586789128,0.09963869918709123,0.8240792917600458,0.5576427624533163,12.667511087786048,-0.6346352492619132,0.48427387455382176,-0.6022598399519086,10.759831097284463,68.13940449471045,67.32124558853576,57.992394153513686,21.123451213310098,6.367251203438071,81079.0,266024.4261221936, -2.8421709430404007E-14, 0.0,0.0,39.97171400461003, 186.0538457611801,186.0538457611801,0.0, 171.85256671411616, 25.00503923600176, -38.98677685555961, 25.00503923600176, 154.30640049386417, 4.634498636419258, -38.98677685555961, 4.634498636419258, 160.5831118407983, 3.2369158529362236, 3.4334372248961467, 19.0, 0.0
44, 0 ,0.3333333432674408,0.3333333432674408,0.3333333432674408,103.17181269384139,83.74882310589278,259.2040872840053,12.521142385976603,12.619062122166445,10.511666036356573,58.0,59.0,49.0,-0.592128940169624,-0.8026260069310326,0.07193616066724637,12.682003225899885,0.7895664471557622,-0.595703766095181,-0.14738333890180957,12.509225451246648,0.16114634261882924,-0.030471561462525283,0.9864600043603445,10.449924934708193,61.6857017447318,60.08965038496958,50.97582481848323,19.875602531261947,5.61028362671569,72224.0,188950.67535670914, 0.0, 0.0,0.0,NaN, 139.00573657402154,139.00573657402154,0.0, 156.77900664989986, 2.3007151927195264, -7.701200696544502, 2.3007151927195264, 159.24072884309592, 1.1698790903181482, -7.701200696544502, 1.1698790903181482, 110.49512285989229, 2.873203312116974, 3.2710124677983896, 25.0, 0.0
45, 0 ,0.3333333432674408,0.3333333432674408,0.3333333432674408,126.38809860077751,157.2656193124736,14.481515994234213,12.798843782749035,14.365437586286875,8.772327226477298,63.0,70.0,39.0,0.040630281491748334,0.9951184916083,0.08993535392226397,14.402195980244741,0.9918360330191741,-0.05105696885802975,0.11685234073743819,12.847626039361138,-0.1208737516199835,-0.08445338116530182,0.9890688361176176,8.639744225870578,70.6827262408135,64.68322950797042,41.880561563976656,20.22582122849362,6.168150437703659,68681.0,191477.38317747146, 0.0, 0.0,0.0,NaN, 191.19824581743114,191.19824581743114,0.0, 163.81040217521362, 0.7897805393925051, 10.964286937780285, 0.7897805393925051, 206.36579704550365, 11.343715200960503, 10.964286937780285, 11.343715200960503, 76.9537249683949, 3.8911663575103588, 3.9501860340379205, 19.0, 0.0
46, 0 ,0.3333333432674408,0.3333333432674408,0.3333333432674408,42.87889213831068,20.496736523613404,164.26976047601218,13.811563920633933,12.06823536182001,15.294628163956572,67.0,50.0,72.0,0.5862141189185227,0.17618849075203424,0.7907658455618204,16.52404895909291,-0.5639491209838622,-0.6120187540131632,0.5544316312023552,13.410921457572867,-0.5816479998436421,0.7709673536944968,0.2594126901583556,10.836523658999027,77.23542693039327,64.28272462498742,59.88002432508874,22.82186544871773,7.0348923798730505,98821.0,297298.553169632, 0.0, 0.0,0.0,NaN, 143.81033871167404,143.81033871167404,0.0, 190.75929793375698, 37.617449152655894, 52.61836546257287, 37.617449152655894, 145.64230474828295, 0.49934728198987033, 52.61836546257287, 0.49934728198987033, 233.9256506736936, 3.5624554635476677, 3.704943352825136, 20.0, 0.0
