// Sample: .//bubblelabels.tif, Map: .//bubblelabels.tif, Thickness:(8.191250068658265):/gpfs/home/mader/Foam/NewValid/InSilicoTest/LatticeData_OldFoam/out_Step_03500.vtk/distmap.tif, Neighbors:(1.0):
//LACUNA_NUMBER, TRIANGLES, SCALE_X, SCALE_Y, SCALE_Z, POS_X, POS_Y, POS_Z , STD_X, STD_Y, STD_Z,PROJ_X, PROJ_Y, PROJ_Z, PCA1_X, PCA1_Y, PCA1_Z, PCA1_S, PCA2_X, PCA2_Y, PCA2_Z, PCA2_S, PCA3_X, PCA3_Y, PCA3_Z, PCA3_S,PROJ_PCA1, PROJ_PCA2, PROJ_PCA3,OBJ_RADIUS, OBJ_RADIUS_STD, VOLUME, VOLUME_BOX, Mask_Grad_X,Mask_Grad_Y,Mask_Grad_Z,Mask_Angle, Mask_Distance_Mean,Mask_Distance_COV, Mask_Distance_STD, SHAPET_XX, SHAPET_XY, SHAPET_XZ, SHAPET_YX, SHAPET_YY, SHAPET_YZ, SHAPET_ZX, SHAPET_ZY, SHAPET_ZZ, Thickness, Thickness_STD, Neighbors, Neighbors_STD
1, 0 ,1.0,1.0,1.0,79.91383349489914,138.20727161519642,39.855554401514105,15.75823528049996,15.632081573252739,16.456338190558036,88.0,83.0,80.0,0.11689132202482244,-0.4249061256779272,0.8976587342618927,16.702646584438845,0.9910430117156138,0.10867582647841353,-0.07761001010745454,15.74628175838823,-0.06457683613289453,0.8986903521795524,0.43380350751746793,15.380872145987807,90.93392347073217,85.65947576718503,92.54230037221677,26.583940303607495,7.535856822199718,173304.0,720844.5722889301, 1.4210854715202004E-14, 0.0,0.0,83.28727434178082, 164.5476706848784,164.5476706848784,NaN, 248.32197915559365, -0.8812480552686021, 3.5748799443626047, -0.8812480552686021, 244.3619743128278, -16.27090759392049, 3.5748799443626047, -16.27090759392049, 270.8110666420189, 6.81978228649823, 5.501245025339727, 54.0, 0.0
2, 0 ,1.0,1.0,1.0,59.43705419074355,262.2418211410532,12.705047680426448,15.269184678666628,18.44382472634628,8.097777958118508,89.0,89.0,33.0,-0.3442907387078705,-0.9386125959955677,-0.021685983455926993,18.90003454303945,0.935481334070732,-0.3410003828234318,-0.09270066083646646,14.750181845212836,0.0796150792578467,-0.05220281173208122,0.995457837179472,8.007340941378061,93.11428877364506,78.0832284688988,37.24848508367156,23.870015294336813,8.313786682046773,91547.0,270821.2301321326, 0.0, 0.0,0.0,NaN, 71.55320899987304,71.55320899987304,0.0, 233.14800075122767, 45.76432318181156, -11.11885329657495, 45.76432318181156, 340.1746705361824, 10.816560394668524, -11.11885329657495, 10.816560394668524, 65.57400785898996, 7.615104712383833, 5.517355739066299, 22.0, 0.0
3, 0 ,1.0,1.0,1.0,78.3042363183063,14.564709608860914,258.79985286304003,15.885372527023154,9.165057292075645,17.079612998553714,76.0,39.0,83.0,-0.58232231446149,0.10672387991850057,0.805922288769429,18.263273750791637,0.8011454980410255,-0.0930456527300785,0.5911923523495803,14.64804031198256,-0.13808190702916262,-0.9899255123306879,0.0313187960818184,8.941155551262648,99.6744384796593,92.059835537991,41.242061915807,23.718352929715397,8.092975347240502,97868.0,378437.6721092887, 0.0, 0.0,0.0,NaN, 89.67238323748708,89.67238323748708,0.0, 252.345060322302, -25.79589067523426, -55.25689315196985, -25.79589067523426, 83.99827516702895, 14.407472634756815, -55.25689315196985, 14.407472634756815, 291.71318018036493, 6.857780539636416, 5.249685348648949, 35.0, 0.0
4, 0 ,1.0,1.0,1.0,155.16664536592734,177.551801461618,13.859879863830182,15.971312978338709,14.79719970835045,8.660131382096022,76.0,65.0,38.0,-0.8254672332768883,-0.5626439487318887,0.045117997978498935,16.961398149307122,-0.5597035779266978,0.8262510049842751,0.06357028880324703,13.68367328529411,0.07304622948689866,-0.027222485519573684,0.9969569622806613,8.608477871147164,79.73057115123191,64.02253442108469,39.91967896092236,22.321596887564322,7.126299559036324,86069.0,203772.12641776146, 0.0, 0.0,0.0,NaN, 190.16402974719978,190.16402974719978,0.0, 255.08283825205046, 46.87658171508933, -11.980042255480043, 46.87658171508933, 218.95711920880663, 0.5206372285853716, -11.980042255480043, 0.5206372285853716, 74.99787555516437, 8.355100527917338, 5.537929519177199, 23.0, 0.0
5, 0 ,1.0,1.0,1.0,17.481524226834374,164.16320103284366,12.673617495745388,10.634803955673425,14.994666875183338,8.15911878936474,45.0,79.0,36.0,-0.06366036603832695,0.9976092781847464,0.026890256145581326,15.01359435036743,0.997639735951758,0.06431093869148626,-0.024063674173466918,10.614744809040777,0.0257354822370421,-0.025294885734642947,0.9993487147686229,8.1504286153459,79.10692579419633,49.130006564951564,36.79392081222218,19.009492877377344,6.56882712797661,51121.0,143000.4483286702, 0.0, 0.0,0.0,NaN, 137.5422125144332,137.5422125144332,0.0, 113.09905517560712, -7.129503660422829, -1.382304107417082, -7.129503660422829, 224.84003469772043, 4.19318888975168, -1.382304107417082, 4.19318888975168, 66.57121941896474, 7.336913329443087, 5.210365497805888, 16.0, 0.0
6, 0 ,1.0,1.0,1.0,281.5406280985245,207.02158781893328,208.90917212334213,12.192796256779372,14.84884044887699,15.35743072472911,50.0,84.0,76.0,-0.350170885162182,-0.10238543894602102,0.9310733446278893,15.802138569129484,0.06265776340076641,0.9892213296323563,0.13234487404507456,14.870839438856462,0.9345877999794066,-0.10468229502749592,0.33998126600950956,11.582468334779676,84.19286390769552,80.24566222352706,58.45946503939189,23.414391169396406,7.534540985824399,101863.0,394958.7002093483, 0.0, 0.0,0.0,NaN, 131.46586045800723,131.46586045800723,0.0, 148.66428055933306, 9.534631405037485, -36.953281454820704, 9.534631405037485, 220.48806267620543, 0.37279218657158447, -36.953281454820704, 0.37279218657158447, 235.85067846485367, 6.980979842170145, 5.060094541699117, 33.0, 0.0
7, 0 ,1.0,1.0,1.0,189.89765444271683,114.09235276271379,234.6548883158254,13.19301104390321,13.41152162436796,13.824588799182724,64.0,71.0,73.0,0.5622093315557525,-0.162763743448037,0.8108197280101267,14.319377992058524,0.14212891762918373,-0.9468364426459259,-0.2886176045413103,13.450275891450696,0.8146901486363946,0.277504440858861,-0.509186848827049,12.613056747527153,70.01678946774285,68.9877199587352,69.58242907745988,22.482400769118804,6.291690059804657,105476.0,336103.91422536684, 0.0, 0.0,0.0,NaN, 171.49220121382834,171.49220121382834,NaN, 174.0555404045521, -7.141729416421881, 20.053675901336895, -7.141729416421881, 179.86891228088942, -0.1017982013391705, 20.053675901336895, -0.1017982013391705, 191.11925546648843, 6.316151015251121, 4.80797375178657, 37.0, 0.0
8, 0 ,1.0,1.0,1.0,122.13318745582525,186.87416128501303,115.34723042514257,12.894835852516389,13.327469481333818,14.366138402008167,66.0,72.0,77.0,0.001668377432234329,-0.4309309958350379,0.9023833405739307,14.658785480836405,0.4393978701768961,-0.8102891850542056,-0.3877640368422528,13.03933181247452,-0.8982910041855878,-0.3971522546993974,-0.18799829357319633,12.860015596253753,73.98515492672144,70.51132472259246,68.27361846146391,22.529799112878976,6.533935946908878,103283.0,356169.2176956984, 0.0, 0.0,-1.4210854715202004E-14,25.526863053403304, 202.53136653328522,202.53136653328522,0.0, 166.27679166334207, -1.689096585465616, -0.7167636661236061, -1.689096585465616, 177.6214427758843, -17.78960764273332, -0.7167636661236061, -17.78960764273332, 206.38593258565373, 6.120728932561073, 4.65681717755177, 38.0, 0.0
9, 0 ,1.0,1.0,1.0,260.914275657369,141.2807660108832,127.04200121770235,13.762052319338574,13.431430079623556,13.366389604627212,69.0,69.0,64.0,-0.7880283264628676,-0.39093785276480614,0.4755827498635483,14.075992960737391,0.4266138068327822,-0.9037177435858209,-0.035984715474681274,13.317769310001708,0.44386035699505016,0.17453319226953562,0.878934666675761,13.151471851529136,74.23454554650453,67.19730254078735,65.84097930751469,22.522977219830217,6.416639793652016,105116.0,328438.5876054316, 0.0, 0.0,0.0,NaN, 193.97839767718662,193.97839767718662,0.0, 189.39408404021222, 6.057802642069446, -9.501489088504854, 6.057802642069446, 180.40331398381647, -4.536983731668314, -9.501489088504854, -4.536983731668314, 178.6603710626864, 6.1683903044518, 4.636865119131205, 37.0, 0.0
10, 0 ,1.0,1.0,1.0,23.240725343469137,133.246149582294,191.8715009700281,13.310620611078008,13.405952794888528,13.446509791947314,59.0,66.0,66.0,0.4776985295295564,-0.6224967015248799,0.6199209396979134,14.284891529437516,-0.8524213478178522,-0.1576957440367479,0.49850767105140187,13.020831277663044,-0.21256048708472516,-0.7665702243782633,-0.6059605023654293,12.810177352660078,90.14427412082914,69.88364273637026,65.26800445530662,22.286276212077777,6.404897311802688,101028.0,411162.98969330994, 0.0, 0.0,0.0,NaN, 173.16593197125198,173.16593197125198,0.0, 177.17262105205467, -11.150536067638557, 9.520559611285197, -11.150536067638557, 179.7195703387795, -15.847304570244635, 9.520559611285197, -15.847304570244635, 180.808625584935, 6.212614659353759, 4.672879947365482, 39.0, 0.0
11, 0 ,1.0,1.0,1.0,46.98605547203442,248.42774321903443,213.86039267934788,13.437934545710958,14.772518896217392,13.131091515743156,62.0,72.0,65.0,0.03376086138379414,-0.8891469088452689,-0.45637482262886364,15.279280258483547,-0.8394850570722516,-0.2730182643462964,0.46981471484589876,14.042073770329313,-0.5423329634007337,0.36725849455695114,-0.7556428752954263,11.857264558070646,72.79098165095917,66.65616092115363,64.18745188195506,22.98594919105812,6.548061054605342,111083.0,311435.42315603537, 0.0, 0.0,2.8421709430404007E-14,62.84657232075372, 110.84863114923472,110.84863114923472,0.0, 180.57808485481198, 10.181455076350876, -23.748082530537413, 10.181455076350876, 218.2273145390999, 30.423750185364643, -23.748082530537413, 30.423750185364643, 172.4255643948219, 6.9088178562370315, 4.92034949893891, 42.0, 0.0
12, 0 ,1.0,1.0,1.0,265.15699763344224,281.7145279819107,25.85197995611808,16.48870619008093,11.046830955817365,14.116666112292053,74.0,50.0,66.0,-0.9764840603513225,-0.13731441421645085,0.1662035845828481,16.626849441755283,0.18543640749472462,-0.14173724452823788,0.9723805285427063,14.119186176216926,-0.10996462456283591,0.9803342823557355,0.16386725170948324,10.834510947785308,81.1916619878742,71.26625739113328,55.10355550400257,23.25661949879163,7.233243919814039,104371.0,318841.6190057001, 0.0, 0.0,0.0,NaN, 47.08203657969573,47.08203657969573,9.5367431640625E-7, 271.8774318228132, 19.174049731136073, -11.036097609114938, 19.174049731136073, 122.03247416640481, -14.926811635487848, -11.036097609114938, -14.926811635487848, 199.28026212593483, 6.172323363974678, 4.693160787256421, 24.0, 0.0
13, 0 ,1.0,1.0,1.0,135.97836011427378,21.533518094930763,249.87536185115934,14.892073411249834,12.817362137831624,13.807928499764364,71.0,56.0,68.0,0.8633731290951135,0.11100575117398445,0.4922037821500479,15.472673038766267,0.3812596256165838,0.4954377889634815,-0.7805014382700902,13.387054229451484,0.3304965019954291,-0.8615213987320779,-0.38542566299548464,12.573809295759956,80.85047693388972,72.84747212054327,62.61396310983922,22.977834715036,6.981162075291272,105361.0,368780.7685759935, 0.0, 0.0,0.0,NaN, 146.51377467823306,146.51377467823306,0.0, 221.77385048605424, 11.779979510980363, 28.26759261036477, 11.779979510980363, 164.28477217231966, -3.721821550453785, 28.26759261036477, -3.721821550453785, 190.65888945460495, 6.797006587430614, 4.695854839033085, 30.0, 0.0
14, 0 ,1.0,1.0,1.0,238.78667769436316,241.5543962336175,10.206408788225813,13.905934321389514,11.97995046241155,7.008644168710996,67.0,55.0,30.0,-0.9933485148786039,0.07311212930815164,-0.08895698138145082,13.956723106557135,0.07469319713204542,0.9971000893333657,-0.014571827393545251,11.970231154857606,-0.0876336367536182,0.021119384447041912,0.9959288716117797,6.923782329219381,68.43217982689188,55.25523932885335,32.3189835815929,18.65636785165441,6.16078356217707,47154.0,122205.71952552904, 0.0, 0.0,0.0,NaN, 85.24746452336946,85.24746452336946,0.0, 193.37500935079888, -3.564031222929995, 12.872784196478811, -3.564031222929995, 143.51921308183472, -2.3404576184798955, 12.872784196478811, -2.3404576184798955, 49.121093083606645, 5.905982614673999, 4.567936052419889, 13.0, 0.0
15, 0 ,1.0,1.0,1.0,144.48210124973522,152.16072642950311,58.924190905138296,12.443983232372458,12.056411980116122,14.144218383484052,63.0,67.0,69.0,0.2896783263146258,0.14749564123846848,0.9456910188212693,14.305675054567478,-0.7320941569694501,-0.6023219696840763,0.31819237917820203,12.743775463844978,-0.6165424661730504,0.7845083050239477,0.06649892295146696,11.541774142729157,72.78431678284785,67.57104539580388,62.500678223587784,21.4920361657646,6.193632508554268,89699.0,307385.358919593, 0.0, 0.0,7.105427357601002E-15,18.969628846922486, 214.95020043074194,214.95020043074194,3.814697265625E-6, 154.85271868756692, 15.924431111635235, 12.770647259146672, 15.924431111635235, 145.35706983428756, 4.370170678832806, 12.770647259146672, 4.370170678832806, 200.0589136796882, 5.483888099624273, 4.426051806651436, 35.0, 0.0
16, 0 ,1.0,1.0,1.0,34.24016135379772,10.829873409418864,72.13874130919585,15.316091355645483,7.481458493033296,14.005678973762192,76.0,31.0,67.0,0.9876252258932983,0.0012052629872860475,0.1568278053163515,15.348479804259943,0.1568233873306403,-0.018331504952806502,-0.9874565211250113,13.971862203478253,0.001684744893428674,0.9998312373932399,-0.01829367014427008,7.478312201211132,78.98021230079947,69.80318783388608,31.532739343998315,20.816102262133867,7.3077907554806885,60984.0,173842.21803805334, 0.0, 0.0,0.0,NaN, 80.58332833330492,80.58332833330492,NaN, 234.5826544144783, -0.18657887239851462, 6.255985090933947, -0.18657887239851462, 55.972221182980036, 2.5552840266776355, 6.255985090933947, 2.5552840266776355, 196.15904351608438, 6.1298123448202615, 4.514611667304342, 27.0, 0.0
17, 0 ,1.0,1.0,1.0,218.463551157336,29.556661340211,269.876258024726,12.820502830502912,14.131791390601398,14.214574166692083,69.0,65.0,64.0,-0.32914455020704175,-0.6695180063215639,0.6658900091458071,15.123309539918793,-0.1457848301265031,-0.6606986105711924,-0.7363586960811171,13.471234854403537,-0.9329580099736487,0.33944511367892005,-0.11985977818064833,12.487524956215442,77.26899474789123,74.24360083262198,62.02898107604537,22.83148355455281,6.6970365216998005,107013.0,355843.417535718, 0.0, 0.0,0.0,NaN, 91.81083024374176,91.81083024374176,1.3486991523486091E-6, 164.3652928269332, 18.497175647421372, -13.209382557021607, 18.497175647421372, 199.70752790747582, -20.02198509090487, -13.209382557021607, -20.02198509090487, 202.05411874038992, 6.211569511708444, 4.615153542454783, 36.0, 0.0
18, 0 ,1.0,1.0,1.0,162.43200197543058,256.0259151799494,282.2181492684734,15.146229328337352,13.476943614418037,9.971331534248327,75.0,70.0,43.0,-0.8999729648250361,0.43200401977666336,-0.05849093503132908,15.602294577712643,-0.43577414226872646,-0.8877208558047274,0.14850110807424388,13.026911702300055,0.012229452726531921,0.15913581955715358,0.9871809517104156,9.865682947948475,77.98305070658027,64.93211776193553,46.537394421127715,21.556457039270317,6.766305087180369,80995.0,235646.96594806176, 0.0, 0.0,0.0,NaN, 145.51587003377753,145.51587003377753,0.0, 229.40826286658654, -28.806923540297856, 3.00754314582521, -28.806923540297856, 181.62800918620312, -13.23188956496735, 3.00754314582521, -13.23188956496735, 99.4274525658951, 6.545546824698154, 4.8543683872173045, 29.0, 0.0
19, 0 ,1.0,1.0,1.0,40.94380701359018,85.90199786398064,38.42132491989928,12.501298782494924,12.546144960288249,15.453913282478903,59.0,60.0,78.0,0.05432377155917631,-0.02479948293463942,0.9982153642825585,15.463453093174046,-0.1402762563375755,0.9895880461494894,0.0322191065355738,12.545241352090251,-0.9886210091594761,-0.14177617770348586,0.05027937633153767,12.490404245226173,78.92719916797834,59.818911198372646,60.29687959021861,22.54926263573337,6.636445957062637,102059.0,284682.01631261816, 0.0, 0.0,0.0,NaN, 102.62429916150427,102.62429916150427,0.0, 156.2824712492091, -0.30254110122646394, 4.500487937522572, -0.30254110122646394, 157.4057533645662, -2.0135892782720597, 4.500487937522572, -2.0135892782720597, 238.82343574237785, 5.904480114582559, 4.408185391882627, 35.0, 0.0
20, 0 ,1.0,1.0,1.0,191.18619665487861,282.47352722787855,60.384814810153664,14.295915554152986,9.8038689668922,13.676687984590119,67.0,42.0,72.0,0.9865188198213226,0.13450122439105358,-0.0932203774700133,14.372745121301184,-0.09343051132646277,-0.0047627333268068246,-0.9956144112680034,13.670641469476017,-0.13435534113543862,0.9909019815342814,0.007867992108206297,9.699412454909442,68.5923937524631,70.95108172066497,45.37983277623212,21.11645280892244,6.452616775222311,79459.0,220850.2379490752, 0.0, 0.0,-7.105427357601002E-15,84.65109962084352, 125.67397067777885,125.67397067777885,1.3486991523486091E-6, 204.37320153147326, 14.968325358531912, -1.7125981338327012, 14.968325358531912, 96.11584671999194, -0.9704381133297262, -1.7125981338327012, -0.9704381133297262, 187.05179422783172, 6.0533237707406515, 4.645428673123586, 33.0, 0.0
21, 0 ,1.0,1.0,1.0,281.8131808589517,105.59606171219986,169.18918610619974,10.317468456877835,12.026928373706577,13.417746849346646,43.0,62.0,72.0,0.06749911031524258,-0.34124537373684927,0.9375475801311887,13.6061919299397,0.3003805672590419,-0.8891412402253699,-0.3452526172871485,11.985798068742861,-0.9514280765879188,-0.30492531845304005,-0.042487236277794715,10.116584295059923,71.64318908009822,60.5438842448015,49.631693733320674,19.921338716842158,5.854345027998974,70132.0,215280.2979241857, 0.0, -1.4210854715202004E-14,0.0,70.04723286413902, 169.0939315030388,169.0939315030388,0.0, 106.45015535866911, -12.941002672770798, 0.9542536411827875, -12.941002672770798, 144.64700610626832, -13.80260860659144, 0.9542536411827875, -13.80260860659144, 180.03593051315184, 6.255321984279127, 4.61653964961339, 24.0, 0.0
22, 0 ,1.0,1.0,1.0,278.7752430330525,206.7857636638583,11.470706416072586,12.377730045985489,12.87854796108577,7.308932643700923,48.0,68.0,29.0,-0.464115173519412,0.885673990555613,-0.013367429159806436,13.063772800394812,-0.8857373301340423,-0.4641815797849662,-0.002200680656409252,12.182957466400744,0.008154000003963106,-0.010818661730052708,-0.999908230210306,7.3074675954786485,74.61340173688345,59.29357493231339,29.631430498499665,18.294535932816668,6.147816691337891,46290.0,131092.2731960174, 0.0, 0.0,0.0,NaN, 96.28583109533716,96.28583109533716,0.0, 153.20820109129193, -9.132532184947499, 0.9127290894970601, -9.132532184947499, 165.85699758598645, -1.2912293037763407, 0.9127290894970601, -1.2912293037763407, 53.42049639015696, 6.427644427763537, 4.672208288449926, 13.0, 0.0
23, 0 ,1.0,1.0,1.0,52.42009162960238,189.03611677758084,49.98825090013265,14.077293756219278,11.256898057050782,13.543412505691995,71.0,59.0,75.0,-0.7772773267860444,0.07168986888058565,0.6250604130515907,14.923320754405424,0.6210504145299267,0.2464062467414889,0.7440298005987253,12.715733704772342,0.1006793915185568,-0.9665115230904688,0.23604901155649072,11.131782861496513,76.62186508169246,67.21065304497554,60.04044620316955,21.61905378174101,6.39753774879373,89709.0,309196.6254630368, 7.105427357601002E-15, 0.0,7.105427357601002E-15,80.77781688245766, 132.51292244271573,132.51292244271573,0.0, 198.1701994988903, 0.275668027958071, -30.541843331465, 0.275668027958071, 126.71775386683368, 11.35189409182535, -30.541843331465, 11.35189409182535, 183.42402229933433, 5.959961949834818, 4.298120316456553, 33.0, 0.0
24, 0 ,1.0,1.0,1.0,91.66682667724127,268.3212247070241,39.96514552266063,11.701461653161093,14.840197418226403,13.356359073311172,63.0,62.0,66.0,-0.03479406005245536,-0.8904322018844343,0.45378394333901123,15.313533725623657,0.3300236966434884,-0.4388245118287282,-0.835773538389464,12.963930848675114,-0.943331189476333,-0.12067949977322383,-0.3091322132933605,11.531702984057095,74.76840659120555,70.8215629615817,58.81777076953544,22.19585759404518,6.549190605898201,95827.0,311452.7664510282, 0.0, 0.0,0.0,NaN, 104.89787783261248,104.89787783261248,0.0, 136.92420482039955, -1.9354593045681119, -11.279825089985302, -1.9354593045681119, 220.23145941193357, -28.15514530850922, -11.279825089985302, -28.15514530850922, 178.39232769522167, 5.748607807185386, 4.260523495791683, 32.0, 0.0
25, 0 ,1.0,1.0,1.0,69.14477779021605,62.502306056196126,161.73876637187954,13.434685376758813,12.893272346053397,11.979046154005891,64.0,62.0,59.0,-0.9056442044682452,0.40378580257327057,-0.12948204722408077,13.642601848912172,-0.3295372405954634,-0.8623654812042612,-0.3843578851644273,12.857707393870115,-0.2668591050981906,-0.3054223345919599,0.9140587593577285,11.78064366184979,70.45410054140827,63.227351285472395,64.92779455291083,21.313138351213254,5.997909914612867,89330.0,289229.0524143666, 0.0, 0.0,0.0,NaN, 166.74443703575383,166.74443703575383,0.0, 180.4907711724971, -9.76915173205857, 8.912151959167952, -9.76915173205857, 166.2364717895053, 6.320976313975169, 8.912151959167952, 6.320976313975169, 143.49754675980333, 6.240565704445976, 4.389967717140761, 39.0, 0.0
26, 0 ,1.0,1.0,1.0,124.22451509744398,169.17649989571987,274.5600074154752,13.352148564297527,11.822216152912278,13.136324323280002,68.0,58.0,61.0,-0.9223330092878383,0.30848959642832113,0.23267141825658746,13.51993383075406,-0.26347340168286215,-0.0616510069016948,-0.9626946140670304,13.142963118029954,-0.2826368457644926,-0.9492277504600772,0.13814156207600858,11.622460688932726,69.52628328796162,65.09834122070578,63.88520236972255,21.256051039666986,6.227999435997404,86306.0,289147.34632796666, 0.0, 0.0,0.0,NaN, 182.19141459857636,182.19141459857636,0.0, 178.2798712830725, -12.962424842761312, -0.6867455760862141, -12.962424842761312, 139.76479476618, 5.659170938753641, -0.6867455760862141, 5.659170938753641, 172.5630167263978, 5.549066618569722, 4.2038440828294155, 29.0, 0.0
27, 0 ,1.0,1.0,1.0,277.3859695155404,207.1180020513799,288.7731316938196,13.21384940408967,13.211666426237798,6.304430954955862,53.0,62.0,27.0,-0.8874607497272068,0.4531607214306314,0.08401653555159846,13.329393017539006,-0.4412147771912486,-0.8880380437995232,0.129297924008052,13.220862497183356,0.1332026204010264,0.07767749556457812,0.9880401148744492,6.036213391895509,62.661855827165596,67.74133675436542,31.494241410742916,18.61563504372788,6.508296813812785,41923.0,133686.6890856535, 0.0, 0.0,0.0,NaN, 96.25228563334926,96.25228563334926,0.0, 174.60581607396094, -2.590377386956572, -18.423730265908247, -2.590377386956572, 174.54812975817902, -10.50885391048664, -18.423730265908247, -10.50885391048664, 39.745849665805686, 6.146890155097909, 4.410466720933354, 19.0, 0.0
28, 0 ,1.0,1.0,1.0,12.676009694547743,250.70259569665686,82.4402508741744,8.248156522861226,11.972163901140313,13.269522095799465,33.0,65.0,57.0,-0.09451289634892801,0.1843536872246503,0.9783051826656202,13.338349588964242,-0.12708867979200744,0.972429284145633,-0.19552430745238944,11.990111207289925,-0.987378235476386,-0.14281108270259618,-0.06847784141494895,8.109912122316347,55.002875785989744,67.79292091854802,37.02699312075827,18.77565348056855,5.909301780236863,54051.0,138066.459612809, 0.0, -2.8421709430404007E-14,0.0,79.37654670425106, 96.88813269446551,96.88813269446551,0.0, 68.0320860256182, -11.592554146271915, -8.430802884155002, -11.592554146271915, 143.33270847576725, 5.396163490080678, -8.430802884155002, 5.396163490080678, 176.08021665091022, 8.081430438167457, 4.927784496576115, 24.0, 0.0
29, 0 ,1.0,1.0,1.0,60.318463673088495,43.897496347048786,34.599673383185376,11.841660676161307,12.31150547544509,14.486859469074737,58.0,60.0,68.0,-0.3712753493443681,-0.3954336988492096,0.8401111859650783,15.330743221934187,-0.46878722006312673,-0.7011729043549384,-0.5372104806348683,12.253549628970394,-0.8014943276622131,0.5932863962816719,-0.0749539506123843,10.792869204778611,80.17714879044235,64.62617780278171,57.253470505325645,21.40292046261836,6.601680663952726,81441.0,296661.30062652513, 7.105427357601002E-15, 0.0,0.0,68.20570710242275, 82.23408443975019,82.23408443975019,0.0, 140.22492756934508, 28.46946298231767, -28.498165897598582, 28.46946298231767, 151.57316707191444, -26.70158675110991, -28.498165897598582, -26.70158675110991, 209.8690972767204, 6.280250953278559, 4.344331719307934, 28.0, 0.0
30, 0 ,1.0,1.0,1.0,135.40040244112313,143.12940335455858,175.20475515958643,12.549363959961688,11.795802140963294,11.827296153313227,60.0,56.0,54.0,-0.838990865139013,0.5128766745507906,0.18180166367504125,12.958119572940227,0.33166018873491243,0.21711286957238035,0.9180759887255354,11.854302027753134,-0.43138827918896044,-0.8305537421309768,0.35225648895459466,11.31702605876247,67.12916025633386,56.48591579318622,62.92349121712792,20.11593512753492,5.6446055833243,75539.0,238596.57190240925, 0.0, 0.0,0.0,NaN, 233.22338695042743,233.22338695042743,0.0, 157.4865357995853, -16.24570002067775, -2.2857467607047526, -16.24570002067775, 139.14094814875426, 6.196038050742541, -2.2857467607047526, 6.196038050742541, 139.88493429817788, 5.457974557268917, 4.096568787075741, 31.0, 0.0
31, 0 ,1.0,1.0,1.0,239.16252457528861,95.54134949841206,185.36285728688813,13.446319182581682,11.384775515088238,12.073961408620212,67.0,54.0,58.0,0.9460391189148911,-0.3039975994723004,0.11222943017682907,13.675051448085828,0.14381900801820718,0.08352708482357007,-0.9860726743164195,12.066075085902106,-0.2903895287633423,-0.9490040493148355,-0.12274052292804208,11.11755175833443,73.30733266732062,60.017716909214,56.73963616590109,20.53535506677916,5.873359300006984,79348.0,249639.57529839614, 0.0, 0.0,0.0,NaN, 161.15527409754998,161.15527409754998,0.0, 180.8034995598641, -17.971306688656508, 3.613583107681211, -17.971306688656508, 129.61311352895265, -3.97448624739472, 3.613583107681211, -3.97448624739472, 145.78054409685018, 5.711246750880383, 4.270745281755763, 32.0, 0.0
32, 0 ,1.0,1.0,1.0,274.71534278521847,66.13580637075945,239.7581705044517,13.691879249805062,13.701108853880184,12.105993897014672,57.0,73.0,60.0,0.8903475237923645,0.2900840240019479,0.3509024734817966,13.853384469864642,0.3548099050768362,-0.9250628501905909,-0.13553100920684805,13.810240874980769,-0.28529146173023157,-0.2451733717517006,0.9265521030399373,11.794236522844384,66.88499792368026,78.14192045209879,63.2133139797006,21.876349381312163,6.570263860632466,91763.0,330385.78804077714, 0.0, 0.0,0.0,NaN, 92.96416941892346,92.96416941892346,0.0, 187.46755739124245, -3.30226345901195, 14.017645148336236, -3.30226345901195, 187.72038382587397, 11.847505848474073, 14.017645148336236, 11.847505848474073, 146.5550882345565, 5.378689823921988, 4.167002950070479, 31.0, 0.0
33, 0 ,1.0,1.0,1.0,132.10540060074786,275.77788267026295,59.637479310978975,12.622141987429506,12.281830603219793,12.62270667924843,62.0,54.0,69.0,0.611688409560333,0.20334553354324325,-0.7645180727736682,13.259918071946318,-0.6002515078599108,0.7487871084017057,-0.28109783635473934,12.810325293769338,-0.515301287521634,-0.6308474144192284,-0.5800828585634299,11.382648805108802,64.20447905051006,68.74567385503602,63.79577821457795,20.813824658663922,6.023226569351661,81565.0,281580.5412495124, 0.0, 0.0,0.0,NaN, 146.95297470411091,146.95297470411091,0.0, 159.3184683508309, -9.770152115689061, -15.805816338337328, -9.770152115689061, 150.84336296618628, -14.461764081689338, -15.805816338337328, -14.461764081689338, 159.33272391034296, 6.169219968490742, 4.28112912412922, 25.0, 0.0
34, 0 ,1.0,1.0,1.0,36.213143872113676,176.9553331511591,209.57408799016258,12.557755603224269,13.151979369048615,12.805023656377353,67.0,62.0,67.0,0.32100298133117705,0.8017067925594094,0.5042056175218605,13.594046299125088,-0.6424362248765361,-0.20684334384868297,0.7378966920049721,12.615546647232676,-0.695868366103016,0.560786991530296,-0.4486481552258058,12.275597988013237,59.87006253631816,65.5418414217057,78.51710162632682,21.366937535552808,6.172065967433991,87828.0,308100.6470376136, 0.0, 0.0,0.0,NaN, 156.93383125335183,156.93383125335183,NaN, 157.69722579031054, 9.90207181548365, 1.509109541651377, 9.90207181548365, 172.9745613238804, 12.495720580969955, 1.509109541651377, 12.495720580969955, 163.9686308403836, 5.480732966473833, 4.200599665771716, 43.0, 0.0
35, 0 ,1.0,1.0,1.0,201.2266702731945,175.68628902524094,193.8510883646769,12.770451072526132,10.73768774391356,11.933159748611104,66.0,55.0,59.0,0.9800240938404365,0.1878588661360148,0.06528263096967046,12.844124407723136,0.0721741240931888,-0.030073689540425302,-0.9969385482610286,11.931363951328342,-0.18532045570743727,0.9817355140828496,-0.04303148945680036,10.651463877201149,64.19966122526176,58.650972609189665,53.35342892852081,19.72540787439836,5.629471063612564,70243.0,200895.53791184892, 0.0, 0.0,-2.8421709430404007E-14,86.2569188282009, 190.99125855127454,190.99125855127454,0.0, 163.08442059578385, 9.422019363354448, 1.2163200754184116, 9.422019363354448, 115.29793808579146, 1.498392483293898, 1.2163200754184116, 1.498392483293898, 142.4003015858722, 5.772398533983841, 4.206210426914764, 34.0, 0.0
36, 0 ,1.0,1.0,1.0,33.047304985460826,289.1344768005394,207.1509123856884,13.511668671189028,6.6592116860317265,13.662277527818702,78.0,27.0,88.0,0.6473500253397482,-0.03943933221992281,0.7611717833489852,14.145724379066163,0.761308800105015,0.08154341267299636,-0.6432414653396531,13.046440685282045,0.03669953099550619,-0.9958891559424109,-0.08281264094944621,6.577004260559908,72.019595046566,81.33796276009318,31.517101524655686,19.153064691073006,6.835805054714442,47458.0,184624.88439209326, 0.0, 0.0,0.0,NaN, 99.15209040665856,99.15209040665856,0.0, 182.5651902799911, 3.8767773522439373, 15.114905847151794, 3.8767773522439373, 44.345100279381505, -11.367422201640602, 15.114905847151794, -11.367422201640602, 186.65782724713992, 5.741544515133115, 4.442938347985395, 23.0, 0.0
37, 0 ,1.0,1.0,1.0,163.798753894081,9.503404539385848,224.78255451713395,13.830385794000899,6.551443885170791,13.192742137207178,71.0,27.0,70.0,0.7992170971098895,-0.03966408191493042,0.5997322671768518,14.582635231778113,0.6009220429547577,0.07270370699649444,-0.7959942646024832,12.390817063000263,0.012030377314161341,-0.9965645646895205,-0.08194106679111111,6.485663844083389,74.66227821280819,57.38070374940409,29.13622557610725,18.993680303392797,6.891265618359512,44940.0,124824.66203463053, 0.0, 0.0,0.0,NaN, 155.88058969484388,155.88058969484388,0.0, 191.27957121090185, -0.5377438661725478, 28.447494949999022, -0.5377438661725478, 42.92141698054174, -10.508828011595995, 28.447494949999022, -10.508828011595995, 174.0484450988418, 6.344792817466037, 4.281871365873128, 17.0, 0.0
38, 0 ,1.0,1.0,1.0,104.11248818095862,229.5772638010037,157.03296239726527,12.17017498623245,11.021974271529563,11.976463272493618,60.0,53.0,58.0,-0.8338179447142797,0.5438631817718991,0.09465978335809166,12.894982179898914,-0.18380097606727402,-0.11181751967826878,-0.9765828400549119,12.035214608000752,-0.5205428284677178,-0.8316908571133549,0.19319803809791078,10.094839893461465,60.105705738108995,58.1366772546333,53.874064281245865,19.55341662807441,5.540455461793384,68745.0,188254.62186849618, -1.4210854715202004E-14, 0.0,0.0,33.507045595282996, 190.36371978369576,190.36371978369576,0.0, 148.11315919551802, -28.310335020338403, 2.626665237936615, -28.310335020338403, 121.48391684225966, 8.003213618835904, 2.626665237936615, 8.003213618835904, 143.43567251738855, 5.898783239009329, 4.14222617496498, 23.0, 0.0
39, 0 ,1.0,1.0,1.0,52.023260087684754,20.459754272662835,166.28379407209053,12.644128924547475,11.675412047131433,12.372521517681616,63.0,51.0,59.0,0.396553378923595,0.40220639917893336,-0.8252123545632338,12.846755085642037,0.8775827709721176,-0.4299166393639593,0.21217955436587133,12.743859843084149,0.2694325476945576,0.8083326639803163,0.5234543022894206,11.037366148938435,64.91954943283008,63.550698258794895,61.56241956140519,20.35778621867993,5.9016160253698535,76182.0,253987.00917626644, 7.105427357601002E-15, 0.0,0.0,66.63711040005269, 144.93117284698874,144.93117284698874,0.0, 159.87399626057808, -8.418533046798082, -6.585254825230952, -8.418533046798082, 136.3152464703018, -18.04544232725545, -6.585254825230952, -18.04544232725545, 153.0792887054946, 5.449691231712816, 4.049299511131271, 26.0, 0.0
40, 0 ,1.0,1.0,1.0,187.40648312361006,65.73586127297807,63.091264814345635,12.040381303858299,10.999857436286534,12.688772907564953,59.0,58.0,62.0,-0.5810173321057236,-0.15810346926266733,0.7983872198375022,13.17271421651189,0.6394669004854097,0.5181570823053401,0.5679747540519742,11.936332747830873,0.5034887714500995,-0.8405453771593336,0.19995631012734638,10.53452249339517,65.61070537502444,57.579450603770056,54.476747193550864,19.86086530936331,5.7025110805666195,71046.0,205803.80101060777, 0.0, 0.0,0.0,NaN, 144.84133110327318,144.84133110327318,0.0, 144.97078194230048, 16.18267125943284, -17.572032719273164, 16.18267125943284, 120.99686361862818, 1.3755971554487518, -17.572032719273164, 1.3755971554487518, 161.00495789975434, 5.24667388690418, 3.9221879538018056, 33.0, 0.0
41, 0 ,1.0,1.0,1.0,92.30508724832215,159.15457718120805,106.48186577181208,11.424488399649348,11.652837249450196,13.215045574610599,57.0,56.0,62.0,-0.1937136118453275,0.30590108508508657,0.932147822359525,13.31442196994786,0.6527266700294695,-0.6691443045622973,0.3552376583416802,12.617977336001482,-0.732408991491829,-0.6772521139247977,0.07004743654349749,10.220459688744644,64.51314863107837,58.25183287545344,52.61145297182398,20.188891812453644,5.7752600010710715,74500.0,197714.32178532894, 0.0, 2.8421709430404007E-14,0.0,72.1876164502682, 199.2386759622008,199.2386759622008,0.0, 130.51893519372254, -28.230367580560472, -0.45203123661115197, -28.230367580560472, 135.788615962174, 7.747447433177982, -0.45203123661115197, 7.747447433177982, 174.6374295390352, 6.159604289637716, 4.281506390100621, 28.0, 0.0
42, 0 ,1.0,1.0,1.0,85.25499936636675,208.13282220250917,191.15145102014955,13.754503831569249,12.275438410506993,10.789486314895111,64.0,61.0,57.0,-0.9561291134020227,0.29135085765571256,-0.030525337808822217,13.890409947025045,-0.284482476784735,-0.8985865397236943,0.3340837485269531,12.304926599706311,0.06990592898663674,0.3281111219856444,0.9420489651402612,10.579748184221591,63.740510368463205,58.614675674662664,59.89142743718577,20.546099718788213,5.8432495332254435,78910.0,223762.11941736672, -1.4210854715202004E-14, 0.0,0.0,17.03438674115149, 165.99999966401774,165.99999966401774,1.9073486328125E-6, 189.18637565265314, -12.475157120249664, -1.3877898546122078, -12.475157120249664, 150.68638817015045, -12.572555546093447, -1.3877898546122078, -12.572555546093447, 116.41301493930888, 5.609471889236568, 4.074193741557178, 20.0, 0.0
43, 0 ,1.0,1.0,1.0,24.74533462033462,11.818264693264693,265.59698984698986,12.980095905545058,7.58183026521055,14.53183665794635,50.0,34.0,72.0,-0.3402348081225994,0.07704611148534685,0.9371788367471625,14.819850109872773,-0.9339064165855142,-0.14407443480528964,-0.3272023262385823,12.777881898846308,-0.10981384431018373,0.9865629498113757,-0.12097299557047797,7.364719508635985,77.44015665609464,66.08351980990582,36.56568751455596,19.801004551149916,6.712788936516145,55944.0,187125.56866240388, 0.0, 0.0,0.0,NaN, 43.99511419942579,43.99511419942579,0.0, 168.4828897171476, 10.335439315832454, -19.417465423457966, 10.335439315832454, 57.48415017046267, 17.082146356613002, -19.417465423457966, 17.082146356613002, 211.17427665323336, 5.668184760000131, 4.196334331855034, 23.0, 0.0
44, 0 ,1.0,1.0,1.0,287.95273542241966,79.13218873814384,285.75963501020533,7.6219325650709795,10.716389902875044,7.943794353241879,34.0,53.0,34.0,0.029876265552364566,0.9925847365017034,-0.11782592932155755,10.75043754527069,-0.6102868485489463,0.1114703872540404,0.7842986135737013,8.297247346843761,0.7916169346627449,0.04847570143152512,0.6090917296482374,7.184881095331906,53.22599694675044,46.58267808911299,35.79166501821737,14.612940951322566,4.7434896496862695,24987.0,88742.1936135226, 0.0, 0.0,0.0,NaN, 81.3008479250617,81.3008479250617,NaN, 58.09385602648948, 0.7248215031715658, -8.468278346858437, 0.7248215031715658, 114.84101255044217, -5.9733891399009975, -8.468278346858437, -5.9733891399009975, 63.103868726597554, 7.080535779306047, 4.435731262371958, 9.0, 0.0
45, 0 ,1.0,1.0,1.0,121.51150209287954,237.2973054904567,78.80774656919328,11.88609921578243,12.311229972103357,13.711680347825034,63.0,61.0,65.0,0.16627380949463108,0.3587751630564397,0.9184951837924727,14.018490359350393,0.3764521267546493,-0.8840072366511881,0.2771551944493033,12.068191598941915,-0.9113927893822971,-0.29968581535026756,0.28204892401815757,11.776951877731305,66.7417301602749,59.55386421413857,57.42474299512983,21.09184269137792,5.9991739295171564,85767.0,228247.73016485645, 1.4210854715202004E-14, 0.0,0.0,80.42875935635952, 157.82057520785804,157.82057520785804,0.0, 141.2793545674237, 1.1382490717136404, 9.555168747997392, 1.1382490717136404, 151.56638342601602, 17.352609631117915, 9.555168747997392, 17.352609631117915, 188.01017796093123, 6.175011411262854, 4.2346373786286, 37.0, 0.0
46, 0 ,1.0,1.0,1.0,24.088187435003366,189.1417752492812,121.50538936807978,12.591311242208487,12.19765197694514,12.57504706157163,53.0,59.0,63.0,-0.6233687876475168,-0.40491789401280504,0.6689191682820126,13.774263639785516,0.5949993135767973,-0.800689575577045,0.06979985963733733,11.969857258410107,0.5073333927803346,0.4415174998462533,0.7400507590020486,11.508597635878592,69.2629071460149,63.01923278229292,58.48636972908122,20.749823330353948,5.907662220261676,81735.0,255286.87850882026, 0.0, 0.0,1.4210854715202004E-14,48.01629959305722, 166.23280787580234,166.23280787580234,NaN, 158.54111879816583, 9.299505523988296, -23.436090372118713, 9.299505523988296, 148.78271375067368, -16.120639285462964, -23.436090372118713, -16.120639285462964, 158.13180860074127, 6.045693074739139, 4.296427986311861, 22.0, 0.0
47, 0 ,1.0,1.0,1.0,216.96414239145963,135.70838582319251,206.06646839569345,12.725977087291698,12.757050934309511,11.476264335968212,69.0,61.0,61.0,0.598632393454787,0.6904702217505638,0.40606665756045357,14.363321550919128,-0.7977730018177858,0.4682926388155506,0.3798160633804314,11.720832655063363,0.07209365490271749,-0.5513192154341207,0.8311736446831511,10.616711372772581,66.01581578831019,59.1785361044723,55.30325808466152,20.50942993598458,5.9800307839460025,76999.0,216054.30781898965, 0.0, 0.0,0.0,NaN, 184.75721363773468,184.75721363773468,0.0, 161.95049282627326, 29.470458749566824, 15.2772311230082, 29.470458749566824, 162.74234854056715, 30.62735206115531, 15.2772311230082, 30.62735206115531, 131.7046431090159, 5.6035528416303775, 3.8775535021961987, 30.0, 0.0
48, 0 ,1.0,1.0,1.0,125.47993965942386,91.98436366801079,212.96533317861392,12.671810031181517,10.576525272172535,12.302338238225675,61.0,53.0,65.0,0.7233476768470446,0.152036371107965,0.6735377348451267,13.587635180399017,-0.6413836415863501,0.5092130428157539,0.5738720252214364,11.81954921514003,0.25572477921667136,0.8471050813722235,-0.4658517128957908,9.972943847341766,64.21774468571053,58.5872455825093,53.3599011426157,19.77589077236921,5.718332500501268,68942.0,200758.13201394817, 0.0, -1.4210854715202004E-14,0.0,81.25504427087151, 178.2733060361287,178.2733060361287,1.9073486328125E-6, 160.5747694663525, -3.7771695780096954, 26.680166745757727, -3.7771695780096954, 111.86288683290432, 20.480688537706154, 26.680166745757727, 20.480688537706154, 151.34752612770959, 6.077597634956803, 4.210967439849662, 37.0, 0.0
49, 0 ,1.0,1.0,1.0,107.76132064656655,211.22628396193969,279.3121489166571,12.226754714472758,12.283369758244131,11.520350099401822,62.0,60.0,47.0,-0.7349477740559905,-0.620462197718201,-0.2736392344179557,12.663113664633974,-0.4886394091923747,0.7643483278962739,-0.4207174365608069,12.079180274821953,0.4701949565810669,-0.17549442966906387,-0.8649383839100089,11.26197700598472,64.28696249666092,66.67651905545196,58.770209410131855,19.937023479079915,5.967266097051553,69784.0,251914.44043529136, 0.0, 0.0,0.0,NaN, 141.14270108349515,141.14270108349515,0.0, 149.49353084788183, 8.162286278660812, 10.663005163874777, 8.162286278660812, 150.88117261774647, -0.4423527390652789, 10.663005163874777, -0.4423527390652789, 132.71846641278756, 5.150119479795593, 3.9636815564142607, 27.0, 0.0
