// Sample: .//bubblelabels.tif, Map: .//bubblelabels.tif, Thickness:(8.191250068658265):/afs/psi.ch/project/tipl/test/LabelValidation/Step4900//distmap.tif, Neighbors:(1.0):
//LACUNA_NUMBER, TRIANGLES, SCALE_X, SCALE_Y, SCALE_Z, POS_X, POS_Y, POS_Z , STD_X, STD_Y, STD_Z,PROJ_X, PROJ_Y, PROJ_Z, PCA1_X, PCA1_Y, PCA1_Z, PCA1_S, PCA2_X, PCA2_Y, PCA2_Z, PCA2_S, PCA3_X, PCA3_Y, PCA3_Z, PCA3_S,PROJ_PCA1, PROJ_PCA2, PROJ_PCA3,OBJ_RADIUS, OBJ_RADIUS_STD, VOLUME, VOLUME_BOX, Mask_Grad_X,Mask_Grad_Y,Mask_Grad_Z,Mask_Angle, Mask_Distance_Mean,Mask_Distance_COV, Mask_Distance_STD, SHAPET_XX, SHAPET_XY, SHAPET_XZ, SHAPET_YX, SHAPET_YY, SHAPET_YZ, SHAPET_ZX, SHAPET_ZY, SHAPET_ZZ, Thickness, Thickness_STD, Neighbors, Neighbors_STD
1, 0 ,1.0,1.0,1.0,91.15643614549448,278.2263106755101,16.508808246377424,17.828966506211923,13.85627711912079,10.47448808573369,90.0,60.0,46.0,-0.9823289621462492,0.18497707704905655,0.028518258976665413,17.9554648805801,-0.18556485962645689,-0.9427044927396878,-0.27726146908689014,13.955085772519695,-0.024402725267603897,-0.2776539578950649,0.9603711713003046,10.121275855520745,94.18509149230275,74.16052825901642,50.63500013364194,23.542277103055724,8.083597697969555,94684.0,353676.1661415001, 0.0, 0.0,0.0,NaN, 95.16370183669126,95.16370183669126,1.9073486328125E-6, 317.87204667962664, -23.821259280614022, -1.4129363751567217, -23.821259280614022, 191.99641560187035, 25.286397457823814, -1.4129363751567217, 25.286397457823814, 109.714900658177, 8.206164885261487, 6.469677229760941, 24.0, 0.0
2, 0 ,1.0,1.0,1.0,27.979940779839396,167.185457266539,17.70835680146763,16.068098319086705,17.174841735727654,10.83883832872726,64.0,81.0,47.0,0.42428047591347584,-0.9049994407731518,-0.031017575000599238,17.46821327703911,0.9016875164269771,0.4253843290244511,-0.07750996929535688,15.779669980438891,0.08334086919623764,0.0049178064927950585,0.9965089636831748,10.793652244339118,91.27801604428375,78.5896676560723,48.542342970157605,24.728422916359555,7.690545404921062,124282.0,348218.93151864887, 0.0, 0.0,0.0,NaN, 136.88011450955813,136.88011450955813,0.0, 258.18378359183697, -21.610769500286327, -11.74252157588364, -21.610769500286327, 294.97518864729244, 0.9266030807597526, -11.74252157588364, 0.9266030807597526, 117.48041631628712, 8.203055409945414, 5.852402888564243, 19.0, 0.0
3, 0 ,1.0,1.0,1.0,68.46528311746482,249.16145720577805,205.1528647680191,16.903506013245483,13.819976519070797,13.956102705211798,87.0,74.0,72.0,-0.988035060485306,-0.015529976461885135,-0.15344555739053287,16.967485394260788,0.12126359512194504,-0.6929860411760047,-0.7106795953404811,14.591887759067856,-0.09529879196453124,-0.7207837169125719,0.6865777258867335,13.064238219973916,85.8832545871405,82.90337371545797,65.97020493902795,24.807453470099805,7.488879861150716,133955.0,469708.62118359504, 0.0, 0.0,0.0,NaN, 127.54619354378328,127.54619354378328,0.0, 285.72851553982616, -1.7516788717444547, 14.130875276052983, -1.7516788717444547, 190.9917509876682, 21.08652786978679, 14.130875276052983, 21.08652786978679, 194.77280271842008, 6.754003982191581, 5.158976574015788, 35.0, 0.0
4, 0 ,1.0,1.0,1.0,129.51488602172472,187.0970472742108,18.774817685756542,14.505418129827685,16.17862565062765,11.03435791822091,69.0,93.0,43.0,0.3296504731725415,0.9310432474211893,-0.156489734387037,16.553642421756113,0.9431041590677068,-0.3171236379522142,0.09993569633092551,14.241931986993944,-0.043417861374249835,0.18052996893413217,0.9826107162199724,10.81926215516383,94.27313446363405,66.63862182008344,50.45608659880614,23.053651785812058,7.901979313451346,98045.0,316976.8294799932, 0.0, 0.0,0.0,NaN, 172.84003070630234,172.84003070630234,0.0, 210.40715512113368, 22.522024167507592, -0.01303836414267892, 22.522024167507592, 261.74792794314703, -25.588254273853273, -0.01303836414267892, -25.588254273853273, 121.7570546674045, 7.248542456831096, 5.326088625727512, 24.0, 0.0
5, 0 ,1.0,1.0,1.0,137.44577797144694,205.922753089064,190.67268107860588,13.88147636259982,15.675084944943055,15.227449245664884,77.0,83.0,75.0,-0.2752519421819424,0.7811041202252762,0.5604576002626483,16.263009012231592,-0.06512761592401528,-0.5967877905540553,0.7997516656373175,14.803107623797867,-0.9591635741463094,-0.18363193189831356,-0.2151384475591716,13.662409271875498,82.34083709735899,87.50787215403923,74.98889331631659,24.83737470299062,7.306415155821051,135397.0,540330.3295407816, 0.0, 0.0,2.8421709430404007E-14,55.9125502416792, 199.23436684231396,199.23436684231396,0.0, 192.6953860054175, -15.47015523384307, -13.69694315133565, -15.47015523384307, 245.70828803118042, 18.571855886030008, -13.69694315133565, 18.571855886030008, 231.87521052930006, 6.660335627176583, 5.075727621515213, 37.0, 0.0
6, 0 ,1.0,1.0,1.0,206.24852088664733,51.04061686301135,100.81418755082703,15.20004845844983,16.39126374868943,12.838106866397704,91.0,81.0,72.0,-0.21285155855499024,0.977015400211046,0.011624189053907974,16.447072997234272,0.9642267727325005,0.21195937258014338,-0.15918528550496866,15.196804732013472,-0.15799033124396583,-0.022674481821671495,-0.987180289059471,12.7703916968929,78.27759585674195,89.81059293310435,68.547673429363,24.725582936641914,7.292292970979818,134033.0,481900.9265704479, 0.0, 0.0,0.0,NaN, 146.8263764356781,146.8263764356781,0.0, 231.04147313922303, -8.470659820394248, -10.681664868487982, -8.470659820394248, 268.6735272791002, -1.0696428269655207, -10.681664868487982, -1.0696428269655207, 164.81698791304785, 6.252910673573179, 4.878445882860354, 39.0, 0.0
7, 0 ,1.0,1.0,1.0,146.12877616607312,59.69920958916008,173.30807782506733,15.624197994409023,13.275254985427354,13.781986093806474,79.0,67.0,75.0,0.959742440972434,0.06983314075634066,0.2720620874880929,15.785629205380285,-0.2757870658546511,0.05064335836112906,0.9598837140826951,13.610817941084239,-0.053253556722119524,0.9962723436420443,-0.06786365736115778,13.260868906349543,75.72022847546319,76.02597520659401,68.86344365701785,23.6454664360528,7.154230609083237,115130.0,396426.47620229266, 0.0, 0.0,0.0,NaN, 202.40666489457297,202.40666489457297,0.0, 244.11556296849494, 4.7837359387744804, 16.65919776049284, 4.7837359387744804, 176.23239492811382, 1.8504276477205515, 16.65919776049284, 1.8504276477205515, 189.94314068987504, 6.535717787464239, 5.045508896994452, 30.0, 0.0
8, 0 ,1.0,1.0,1.0,137.45088192519484,100.97082623774068,284.3605016842969,13.309799709685235,17.48943049700301,8.94543277706167,68.0,89.0,36.0,0.22437843031869617,0.9669389072207746,0.12117536758934991,17.796551833463592,-0.9740314462169297,0.22639358683690836,-0.0029471375393514184,13.03233793899373,0.030283028056563514,0.11736734444390964,-0.9926267398523524,8.746006269896798,91.03446358581095,68.22680062572893,40.902490557999016,22.382904675408138,7.877645160957162,80449.0,254044.96789431482, 0.0, 1.4210854715202004E-14,0.0,14.774067279616787, 171.26717899443767,171.26717899443767,NaN, 177.15076831193718, 31.534341258168872, 6.7994695074580465, 31.534341258168872, 305.88017910949895, 28.08463868355151, 6.7994695074580465, 28.08463868355151, 80.02076756892926, 6.441170712410726, 5.108466428127401, 17.0, 0.0
9, 0 ,1.0,1.0,1.0,284.74745284117375,77.20022123893806,28.41071844434094,8.906504296941515,12.789238504150006,14.991803355000442,37.0,62.0,59.0,0.07317422443043434,-0.031870569713340346,0.9968098111802229,15.022145024376428,0.14623508880708921,0.9890293399430271,0.020886922546004594,12.85881671142348,-0.986539827721409,0.1442401869036755,0.07703205048163822,8.753890551697118,60.48529394730107,65.2890533968051,40.942295201938265,20.642688943976697,6.443911956623582,68704.0,161682.25319671386, 0.0, 0.0,3.552713678800501E-15,4.577847793598064, 83.66410984823071,83.66410984823071,0.0, 79.32581879143768, 12.483873409362063, 11.141656609917254, 12.483873409362063, 163.5646215160331, -2.901924821267385, 11.141656609917254, -2.901924821267385, 224.7541678350025, 6.927856150179543, 5.095509720351621, 15.0, 0.0
10, 0 ,1.0,1.0,1.0,53.93792430891565,12.49546153557631,167.02149206706426,14.589909187022785,7.943259504017569,25.373655391894577,68.0,31.0,117.0,0.06527227106185594,-0.020838440715564684,0.9976498834856704,25.41536110645595,0.9974491276522162,0.03031029684805131,-0.06462602920507834,14.530550158198789,0.028892358440602187,-0.9993232936810423,-0.022763706425203745,7.918695694928115,117.76112185806765,69.56743803337883,33.57583454564586,28.12076421165728,11.358073328375662,106644.0,275064.637192046, 0.0, 0.0,0.0,NaN, 144.04415923532352,144.04415923532352,0.0, 212.8654500855719, 3.6942158524203643, 28.41154943066661, 3.6942158524203643, 63.095371548165446, -12.415893982217376, 28.41154943066661, -12.415893982217376, 643.8223879466207, 6.985767569821466, 4.938774347270995, 19.0, 0.0
11, 0 ,1.0,1.0,1.0,160.36267582861763,111.96821341956345,153.8248181083266,14.64719183227827,15.214781088879471,14.113580097059485,67.0,79.0,80.0,-0.4870514164674634,-0.8067076893239514,0.33466942152316154,15.917232961076994,-0.8097293902783781,0.273492749086232,-0.5191724479560348,14.318544421355034,0.3272907457238041,-0.5238553428026341,-0.7864199562451925,13.669086137217946,76.43639581956504,75.53907506181918,82.1537672607788,24.328330545319574,7.304469055851187,123700.0,474350.48269776546, 0.0, 0.0,2.8421709430404007E-14,70.44756310238564, 231.09012726461603,231.09012726461603,0.0, 214.54022857155928, 22.108698798368362, -3.2005967242833657, 22.108698798368362, 231.48956358252437, -20.538502952288503, -3.2005967242833657, -20.538502952288503, 199.19314315611362, 6.099142800134184, 4.517508942627418, 36.0, 0.0
12, 0 ,1.0,1.0,1.0,258.1082772410214,75.16107269868888,285.094357189737,15.114115772520433,12.722119770426264,8.343467760877152,76.0,60.0,37.0,-0.9992468706689337,0.03880284165766516,-1.758909706876784E-4,15.117443924820162,0.038759384479325275,0.9983227076102724,0.043005599454931376,12.724887498533466,0.0018443354161437955,0.042966393250822445,-0.9990748157560014,8.333211184447615,76.7179395491388,61.38534312095962,38.33884843158228,20.393016438184542,6.635296667591631,65517.0,180551.32587246224, 0.0, 0.0,0.0,NaN, 87.32858336489757,87.32858336489757,0.0, 228.43649558515094, -2.5902078807713935, 0.18211502504706445, -2.5902078807713935, 161.8523314530708, 3.969416312967731, 0.18211502504706445, 3.969416312967731, 69.6134542767964, 6.223856525737502, 4.949060024203014, 19.0, 0.0
13, 0 ,1.0,1.0,1.0,24.7543622532966,196.04836166415416,139.75931798097417,13.34520393026187,15.866043429477221,12.940237234356204,57.0,90.0,75.0,-0.051596128882090246,-0.9950260865576097,0.08521107060840262,15.895268627888624,0.8423998963018883,0.0024634293345871527,0.538847238302732,13.620392562041463,-0.5363769702317116,0.0995842285995172,0.8380827687163652,12.613519866829328,90.19652482168146,67.86467215990362,66.12887387410039,23.428394195344747,6.955996489026631,115422.0,404785.2580332913, 0.0, 0.0,0.0,NaN, 175.93006714538868,175.93006714538868,2.6973983046972182E-6, 178.0944679402769, 4.858069951153882, 11.578730080890725, 4.858069951153882, 251.73133410605732, -7.8975196493721445, 11.578730080890725, -7.8975196493721445, 167.4497396814187, 6.1405184219696585, 4.716161958534916, 29.0, 0.0
14, 0 ,1.0,1.0,1.0,286.51785737587267,138.8908462190905,132.72639133555165,8.987472568633132,16.257894149756275,14.472471454669822,39.0,74.0,71.0,-0.10742688827097184,0.9335518327877851,-0.3419655526145636,16.603658544569985,0.05218173677459056,-0.3381876207151944,-0.9396308847319694,14.166976902490656,-0.9928426511908138,-0.11878597852256617,-0.012383912258771772,8.840899487182828,78.87035015362451,64.45156186588561,44.12309884718593,22.248207236359924,7.7177386669137755,76635.0,224291.70959529697, 0.0, 0.0,0.0,NaN, 192.58434591147423,192.58434591147423,0.0, 80.77466317193303, -21.97151592680663, 1.247738415310336, -21.97151592680663, 264.3191221846794, -24.116509903805195, 1.247738415310336, -24.116509903805195, 209.45243000623285, 6.415154013026599, 4.751243547769068, 22.0, 0.0
15, 0 ,1.0,1.0,1.0,24.23276787082929,136.5657946281062,86.83172380903719,13.534272278802515,16.36286068944389,14.668010641818992,58.0,84.0,86.0,0.07459960843096698,-0.9860626952714184,0.1487120015869987,16.420435714218783,0.2300581158264145,-0.128087020422537,-0.9647108263835728,14.68320604581434,-0.9703134348056538,-0.10617945278320882,-0.21729648419224798,13.447788792912945,87.70303661353941,93.22076039511353,62.64174725769528,24.5176326841479,8.059526029046953,117426.0,512142.87438755756, 0.0, 0.0,0.0,NaN, 163.63737825062003,163.63737825062003,0.0, 183.17652611676223, -7.55531027685538, -6.7281820625109265, -7.55531027685538, 267.74320994214827, -8.725383630104673, -6.7281820625109265, -8.725383630104673, 215.1505361885152, 5.703199340300115, 4.39334992965619, 29.0, 0.0
16, 0 ,1.0,1.0,1.0,283.3332078628189,160.32579116129932,61.414331520981456,9.5437453552564,13.034803965005075,14.106812108931948,40.0,63.0,71.0,0.02892949027730783,-0.5328387243834771,0.8457221638278638,14.770207814018578,0.028043362687936866,-0.8453106073100674,-0.5335387024183321,12.284252877415412,-0.9991879975267157,-0.039151896077630116,0.009511815393418296,9.535692427045603,76.12890574132659,64.286708997396,41.257997941984286,20.49551753081872,6.31863108851265,71730.0,201919.81094180813, 0.0, 0.0,7.105427357601002E-15,32.250607497900965, 153.48741541582487,153.48741541582487,0.0, 91.08307540597811, -3.382904426965205, 2.2155034478883238, -3.382904426965205, 169.906114406112, -30.285550164698343, 2.2155034478883238, -30.285550164698343, 199.00214787670902, 6.358015147282807, 4.851808407135612, 20.0, 0.0
17, 0 ,1.0,1.0,1.0,117.88247404806796,108.80108575515246,90.16975489239971,14.057746559077676,13.247323331210307,11.545253521466359,65.0,71.0,61.0,-0.8876517966581778,-0.46045677934221574,0.007337727666176339,14.344354372216156,-0.4604636640497884,0.8872012372526482,-0.0291063344860581,12.937701657055522,0.006892167971852943,-0.02921504706765044,-0.9995493879971526,11.543832384140313,68.01916479774474,75.01092847016206,60.949883121479616,21.638603524872547,6.178634972967758,92286.0,310977.31764927774, 0.0, 0.0,0.0,NaN, 184.02320138110005,184.02320138110005,0.0, 197.62023831926027, 15.692267257226382, -0.01487591224057315, 15.692267257226382, 175.49157544162895, -1.1261492473419514, -0.01487591224057315, -1.1261492473419514, 133.29287887493135, 5.999257580334555, 4.607053987567384, 28.0, 0.0
18, 0 ,1.0,1.0,1.0,130.68097595473833,17.620190947666195,162.51159830268742,14.529406238016666,10.584690453906866,12.942227641822141,67.0,42.0,63.0,-0.9980824515063138,0.016958724427230426,-0.059530006391299996,14.53545377863032,0.06063484888032575,0.07453363211903791,-0.9953733735560759,12.948553878126118,0.012443275147927091,0.9970742897843392,0.07541899995788731,10.568638033429686,66.37902335894935,64.30778645547319,43.97564954554484,21.254726140513643,6.235157629030192,84840.0,187718.33011459696, 0.0, 0.0,0.0,NaN, 190.50209764408552,190.50209764408552,0.0, 211.1036456293176, -1.4326250802741785, 2.5388604391859344, -1.4326250802741785, 112.03567200502715, -4.252802544701753, 2.5388604391859344, -4.252802544701753, 167.5012563327451, 6.918211459704288, 4.982727457026196, 21.0, 0.0
19, 0 ,1.0,1.0,1.0,229.69187087269705,52.459602751107035,24.043801872328764,16.14421678924817,12.368615656679358,14.469254687575791,84.0,60.0,61.0,0.888372772685923,-0.18993213904906775,0.4179947359794985,16.57712737978044,0.4588710886519872,0.3371572420948769,-0.8220476373680037,14.41091485903261,-0.01520331377251331,-0.922090438438238,-0.38667568140641123,11.853358215083064,86.9956601602737,77.2957870085263,61.64224461955753,23.87010300382958,7.293552138801705,116753.0,414506.987570384, -2.8421709430404007E-14, 0.0,0.0,27.33052286964378, 90.95794275741541,90.95794275741541,1.3486991523486091E-6, 260.63573573824243, -12.26799988890147, 24.531607516353272, -12.26799988890147, 152.98265326265374, -29.27953378901862, 24.531607516353272, -29.27953378901862, 209.359331213934, 6.559152189234509, 4.595305317778349, 25.0, 0.0
20, 0 ,1.0,1.0,1.0,287.3142462034879,209.32308125688238,281.1158544392942,7.7300130739812625,12.17609616850839,10.941342366959974,38.0,56.0,43.0,0.11265404935900868,0.9229443907540119,-0.36807976953199056,12.397119529106783,0.18205791008007002,-0.3833392870229269,-0.9054865589295243,10.841513751644538,-0.9768131768871133,0.034994893919817575,-0.211214049862327,7.51640870187756,60.40357205951031,53.29191607997683,38.530453135774735,17.225947565729317,5.566877336752828,39049.0,124030.37990222473, 0.0, 0.0,0.0,NaN, 93.48712689825055,93.48712689825055,0.0, 59.753102123921245, 5.8452833592868645, -14.092976768280352, 5.8452833592868645, 148.2573179047647, -11.829640185565017, -14.092976768280352, -11.829640185565017, 119.7129727910333, 6.847071066827316, 5.180235176928423, 11.0, 0.0
21, 0 ,1.0,1.0,1.0,193.39190299696446,62.476545860096934,282.77625907726366,12.14136522136077,13.139244380534489,10.168813476042619,62.0,70.0,46.0,0.27769922191953245,0.9512271211373488,-0.13435068350417056,13.257302802547937,0.9441236265402312,-0.2960776580719281,-0.14480538042201493,12.107760390489162,0.17752104087630954,0.08663131306516086,0.9802965345459492,10.055014697576443,67.06105881584286,64.54035542743617,50.148065650114916,19.569383986670612,6.3636836991333015,59627.0,217048.07810547802, 0.0, 0.0,0.0,NaN, 124.7608206954049,124.7608206954049,0.0, 147.41274943846886, 7.002634315683366, -9.00497462755967, 7.002634315683366, 172.63974289140714, -7.5899575977402725, -9.00497462755967, -7.5899575977402725, 103.40476751054595, 5.674417273642334, 4.4917150055096755, 23.0, 0.0
22, 0 ,1.0,1.0,1.0,127.73600459474983,134.4411804452853,14.042518328321902,13.71073278062258,12.049845159826802,9.02171438660478,69.0,63.0,35.0,-0.9438656734793601,-0.3108601698603746,-0.11172978663603364,13.90220358193526,0.3291423137951804,-0.9136933828487555,-0.23838988948349737,12.054697603161667,-0.02798084517861134,-0.2617830340812375,0.9647210557307812,8.717069088499096,69.33821800859481,62.00133859534636,42.132338613703205,19.417228228963353,6.1274415652249345,59198.0,181129.54990793753, -1.4210854715202004E-14, 0.0,-1.7763568394002505E-15,25.30327177753175, 185.97878962492732,185.97878962492732,0.0, 187.98419338163856, 13.562819149277317, 6.928721856059546, 13.562819149277317, 145.19876837580142, 19.174339484766225, 6.928721856059546, 19.174339484766225, 81.39133047347167, 7.566092940237241, 4.783160932848593, 18.0, 0.0
23, 0 ,1.0,1.0,1.0,72.05048608702931,216.6208640749997,129.84720245853612,12.690903126993575,12.441447455734423,12.644380895030764,59.0,61.0,63.0,0.5307807679881027,0.6171392840563671,0.5808707949349449,13.395490179834617,-0.7719671440962934,0.06919276007117878,0.6318853459208758,12.521865229606165,-0.3497692164410306,0.7838057578431838,-0.5131374369524213,11.810704433042483,70.63517071577661,63.79948944747933,67.14586681953118,20.96573485657206,6.013897830445576,83627.0,302592.03156986885, 0.0, 0.0,0.0,NaN, 170.30457668332036,170.30457668332036,NaN, 161.0590221787353, 12.16076998906274, 3.8751014770351686, 12.16076998906274, 154.78961479380052, 15.076499230515976, 3.8751014770351686, 15.076499230515976, 159.880368218619, 6.036735223122565, 4.484063723625014, 25.0, 0.0
24, 0 ,1.0,1.0,1.0,274.2218287362407,9.79193516000073,176.77306000255564,14.552862529479512,6.238446142493445,15.440414315146743,60.0,25.0,72.0,0.6313503690983943,-0.009369844636774635,0.7754411115299494,17.052627342646048,0.7754894885861378,0.0030214201030170705,-0.6313532482794171,12.62629470946365,-0.0035727484842187646,-0.9999515373417073,-0.009173790722745065,6.236585197102578,83.06982934240966,63.95136208764143,25.34488034822829,20.79412696464834,7.530916018400193,54781.0,134642.8706428834, 0.0, 0.0,0.0,NaN, 126.27460096557469,126.27460096557469,NaN, 211.7858078019288, -1.207728885276441, 64.31092486170233, -1.207728885276441, 38.91821027279135, -2.060142423301368, 64.31092486170233, -2.060142423301368, 238.40639422338847, 5.900470816191001, 4.400756709740618, 11.0, 0.0
25, 0 ,1.0,1.0,1.0,121.87564037339833,230.72519255569622,239.53671868529713,13.399567836880475,12.871935724816602,11.751939043864033,62.0,63.0,55.0,0.7601380890290178,0.6193531840246516,0.19644775144001775,14.187341820272627,-0.6269462619813997,0.6197081557952887,0.4721230625889309,12.296755494372912,0.1706706483108998,-0.48204090602284755,0.8593649368724607,11.439071430672174,69.95299611448155,59.96819033550693,55.92026533858997,21.11944371016324,6.108380815155806,84521.0,234582.9735062957, 0.0, 0.0,0.0,NaN, 152.67114675082578,152.67114675082578,0.0, 179.5484182151617, 25.24771948927364, 4.491043055585673, 25.24771948927364, 165.6867293038099, 14.525317553075965, 4.491043055585673, 14.525317553075965, 138.10807129069588, 5.93714165798243, 4.398615317385639, 24.0, 0.0
26, 0 ,1.0,1.0,1.0,84.62312899714247,165.1647332970472,13.461219213498435,13.103921604481256,12.660179012849492,8.477188760408705,53.0,55.0,34.0,-0.8814422782782545,0.4645501549785409,-0.08516257143284453,13.35332801411488,-0.4519839301784447,-0.8820217025152883,-0.13322253245033364,12.490197311064888,-0.1370037843422135,-0.07893585878070113,0.9874204237681462,8.339018252258908,60.42486379722332,61.583251236748396,38.73397790984774,19.222090011377983,5.862327091508706,58792.0,144135.31251254267, 0.0, 0.0,0.0,NaN, 159.75865400921882,159.75865400921882,0.0, 171.7127614163906, -10.068955033632589, 13.371568140452634, -10.068955033632589, 160.28013263739473, 5.856903863064173, 13.371568140452634, 5.856903863064173, 71.86272927959968, 6.930248722814734, 4.804755629230696, 9.0, 0.0
27, 0 ,1.0,1.0,1.0,271.8361012707595,218.58706273630386,195.98017485131138,15.596591218718453,11.926869670556885,12.571976669399092,69.0,66.0,61.0,-0.9305166562411425,0.18671893263842243,0.315079026042946,16.075100645441694,0.33032174675904985,0.05626424289452555,0.9421899376397288,12.12952127472435,-0.15819701664650113,-0.9808008845662173,0.1140321391462625,11.748375549117405,82.01365560635905,65.29988500415448,67.39915226071486,22.240935582897986,6.992800551676619,92307.0,360954.9656102202, 0.0, 0.0,0.0,NaN, 135.06071068040916,135.06071068040916,0.0, 243.25365764380555, -20.74707582157892, -32.46264026210927, -20.74707582157892, 142.2502201384497, 7.5648252549369275, -32.46264026210927, 7.5648252549369275, 158.05459737591508, 5.449599298263757, 4.253034354182064, 29.0, 0.0
28, 0 ,1.0,1.0,1.0,24.320511661997852,272.5800375513319,233.34292197556152,13.890762686690872,13.729392267727226,12.687075898912033,55.0,62.0,65.0,-0.8047232039356182,0.32337893355605907,-0.4978419733005026,14.65088401667908,0.2971839210145775,0.9454093975559567,0.13372654225427444,13.620595633573123,-0.5139088266784235,0.040337778136986385,0.8568958988797744,11.926540447269376,75.85554042224818,74.29161670490825,59.6488069800902,22.34456881950446,6.567468248441856,99597.0,336146.72010163654, 0.0, 0.0,0.0,NaN, 76.06909805528012,76.06909805528012,0.0, 192.95328801796342, -6.6827811953535035, 30.727604693877517, -6.6827811953535035, 188.49621204112816, -6.1852525932327085, 30.727604693877517, -6.1852525932327085, 160.96189486475458, 6.501497179572012, 4.644902033705833, 18.0, 0.0
29, 0 ,1.0,1.0,1.0,86.90475770369903,216.37771756254332,276.7732434305879,12.28385024831984,13.014402703623626,11.566503750976763,60.0,65.0,51.0,0.12794628386720752,0.9825450845070408,0.13503668151885143,13.058494325335435,0.9708690481869532,-0.09626961922914357,-0.2194207184520993,12.303159669193496,0.20259081844232651,-0.15917699998595072,0.9662399510258002,11.496071145661276,65.20870691049447,62.605502924369844,56.7885340523969,20.503796490327954,5.800516628699866,79345.0,231834.86816055648, 0.0, 0.0,0.0,NaN, 122.81940096061022,122.81940096061022,0.0, 150.8929769231474, 3.027643980340647, -3.429032697650131, 3.027643980340647, 169.37467773208593, 5.495946743780894, -3.429032697650131, 5.495946743780894, 133.78400902135954, 5.765795838272078, 4.286756917696637, 16.0, 0.0
30, 0 ,1.0,1.0,1.0,259.650506175077,255.93325220723403,221.0260337104834,12.076800146085558,12.081352977628217,12.279453613669993,57.0,55.0,59.0,-0.05334506644256945,0.6576974427767165,-0.7513909619174336,13.030529408009903,-0.9387359758622675,-0.28959586088379385,-0.1868395166470164,12.191105045514252,0.3404835847851616,-0.6953907614600177,-0.6328527612074576,11.143403147379962,66.70221638955988,60.402437671348764,55.1775933542954,20.25678943434497,5.679406166268377,77246.0,222309.22518594778, 0.0, 0.0,0.0,NaN, 99.02952723534759,99.02952723534759,0.0, 145.84910176849218, 5.045633558225652, 6.116495767831574, 5.045633558225652, 145.9590897700462, -21.221678406503745, 6.116495767831574, -21.221678406503745, 150.78498105027305, 6.052160627150947, 4.3638866613049165, 20.0, 0.0
31, 0 ,1.0,1.0,1.0,122.4010796476939,276.8393997748103,231.94016689290862,14.948982086521875,12.966631985486131,11.800172711756874,75.0,50.0,57.0,-0.9666674759931927,-0.2554325459647563,0.017555777365678756,15.084174078646686,0.24304854077608876,-0.8939162193702337,0.3766181083982062,13.001152531476269,-0.08050712815375129,0.3683313823295427,0.9262022430914559,11.58824454850031,81.2821978119648,59.920888802993815,57.343627013609535,22.081583779854384,6.576727474266947,95031.0,279292.2234928157, 0.0, 0.0,-2.8421709430404007E-14,88.99407637452707, 141.9527336273497,141.9527336273497,0.0, 223.4720654231519, 15.475531958867446, 1.5977895515862244, 15.475531958867446, 168.13354504703202, -12.114743324603852, 1.5977895515862244, -12.114743324603852, 139.24407602729158, 5.738505678857293, 4.2759182960454485, 15.0, 0.0
32, 0 ,1.0,1.0,1.0,189.39515240543517,221.4115291039295,24.34200560044069,13.512831268523447,12.492254292164672,12.789494257651432,69.0,58.0,54.0,0.8758532645431006,0.3106746462204479,0.3692726948814275,13.852705477701601,-0.21068036511829719,-0.44226929080852484,0.871786475096595,12.662590313474757,-0.43415992761056793,0.8413555363837122,0.3219099542630869,12.246858660870627,68.29123369604946,59.63150265211475,63.90350169667256,21.518322268219496,6.259871909169144,87136.0,260234.7976309183, 0.0, -2.8421709430404007E-14,0.0,71.90010750148332, 137.8481530737765,137.8481530737765,0.0, 182.596608891585, 12.369367768700641, 11.653507886127722, 12.369367768700641, 156.0564173001067, 0.8155185132872164, 11.653507886127722, 0.8155185132872164, 163.57116336649898, 5.775314922002631, 4.325229821309671, 22.0, 0.0
33, 0 ,1.0,1.0,1.0,55.82889277280429,237.85429535842462,59.535348818592986,12.226413130693453,11.584908363552927,12.649762774441436,58.0,55.0,60.0,-0.6285474957073579,0.16386591278010712,0.7603130988407018,13.397481766325573,0.4201515269842119,-0.7511109380553522,0.5092200438969811,11.723738693588167,-0.6545232921851163,-0.6395156928194576,-0.4032603856378725,11.25936105866552,69.23851498619614,72.2984454940225,57.39496381239928,20.240104985371428,5.835231637654553,74953.0,287309.83357003087, 0.0, 0.0,0.0,NaN, 102.58368112222696,102.58368112222696,0.0, 149.4851780423933, -8.7980956336398, -22.91073274454043, -8.7980956336398, 134.21010179191856, 2.4861118894220557, -22.91073274454043, 2.4861118894220557, 160.0164982496443, 5.682000471264736, 4.270203552990654, 23.0, 0.0
34, 0 ,1.0,1.0,1.0,10.705007627352767,112.14711782158,161.99100332720744,6.973539341666136,14.258544535961954,22.833102309556068,30.0,73.0,95.0,0.02958995533757304,-0.05835899371346684,0.9978570350485446,22.865731245528075,0.029935208839373263,-0.9977946416234792,-0.059243028443987086,14.225643758459084,-0.9991137662022596,-0.03162405730173624,0.02777771021724015,6.933707419348316,94.29995642456642,71.47700405817483,31.402048472981946,25.96181692070767,9.963481644897797,83253.0,211658.54803472327, 0.0, 0.0,0.0,NaN, 178.15177907228403,178.15177907228403,NaN, 48.63025094976537, -5.428440217407374, 13.744550355097209, -5.428440217407374, 203.30609228401053, -18.526849588022383, 13.744550355097209, -18.526849588022383, 521.3505610786547, 6.532461621026461, 4.503658839169771, 24.0, 0.0
35, 0 ,1.0,1.0,1.0,127.8778080496592,60.533017973513765,243.01870203486922,12.509248649499803,14.78367627552015,13.624274629490452,62.0,80.0,66.0,0.21585957649471568,0.8499191204447747,0.48066842203113586,15.550831431179658,-0.44913992317668266,-0.35067568451535025,0.8217663254834273,13.104703849787812,-0.8669936404866909,0.39327350914099285,-0.306035903716482,12.128380929974059,81.4134329557416,67.51772407510683,72.62383163678138,22.63964039333306,6.935843714694866,100203.0,399202.287313469, 0.0, 0.0,0.0,NaN, 152.52491066825195,152.52491066825195,0.0, 156.48130177501264, 21.259775376662255, 0.7362452991919715, 21.259775376662255, 218.55708421937734, 31.600941332271596, 0.7362452991919715, 31.600941332271596, 185.6208591797772, 5.9118676214740145, 4.409287855645433, 29.0, 0.0
36, 0 ,1.0,1.0,1.0,200.86909224549797,184.22947445791988,86.83329658213891,12.23123604214435,11.889918894386101,11.388050620005671,61.0,53.0,59.0,-0.7904261256786135,-0.3499774866685891,0.5027348194325064,12.953606840673107,-0.2638769137524739,0.9352001713226077,0.23615591025133176,11.736989332605901,-0.5528069411948142,0.05400368860830944,-0.8315576272174592,10.728846843025782,66.6850732283807,56.40420165226787,59.92382336666796,19.704265182002572,5.692357771161986,68025.0,225392.5744878675, 2.8421709430404007E-14, 0.0,0.0,37.77464855382469, 175.4131490277816,175.4131490277816,0.0, 149.60313511865095, 8.98587975079412, -22.348173376494582, 8.98587975079412, 141.3701713150796, -4.268147881619953, -22.348173376494582, -4.268147881619953, 129.68769692381156, 5.704959030374364, 4.257947663790728, 25.0, 0.0
37, 0 ,1.0,1.0,1.0,71.29196495927825,259.9454528659184,136.71186858189768,11.300898235679053,11.159949910390967,11.873318814366263,58.0,56.0,58.0,0.3263790835202325,-0.4578343136371414,0.8269609634661726,12.231882833504331,0.8998378106030278,-0.11738992595202209,-0.4201327408023891,11.218651687794091,-0.28942807128825965,-0.881253281719499,-0.3736630099554564,10.851422914003953,65.69805810282452,55.98017831614519,52.95482116979474,19.095351384485692,5.34771335303526,64953.0,194756.65919878488, 0.0, 0.0,0.0,NaN, 159.3017452039537,159.3017452039537,0.0, 127.71030093317394, -5.617716936081112, 5.536589906746314, -5.617716936081112, 124.54448200243536, -11.664940027625109, 5.536589906746314, -11.664940027625109, 140.97569966758388, 6.1297282025851425, 4.426610022440507, 24.0, 0.0
38, 0 ,1.0,1.0,1.0,190.94178425931392,243.68093523056032,86.49277912263092,11.679127501884453,13.230364037358134,12.928138447045525,58.0,66.0,64.0,0.23698394294569672,0.6575602150857902,-0.7151595446627561,13.751147816216681,-0.503736234169487,0.712613379675395,0.48829496975942216,13.02187745564465,-0.8307156054695584,-0.24453370860464493,-0.5001148349983274,10.950705764424628,71.5505678816283,69.98910624460731,59.73763831166016,21.0350753645973,6.008903383970469,84685.0,299151.77339334774, 0.0, 0.0,0.0,NaN, 150.1550276128062,150.1550276128062,0.0, 136.4020192052738, -7.043502265021378, -23.936890818036808, -7.043502265021378, 175.04253256101944, -15.253836076123875, -23.936890818036808, -15.253836076123875, 167.13676370597668, 6.12643211829259, 4.467807488710945, 30.0, 0.0
39, 0 ,1.0,1.0,1.0,69.4026001651693,44.470056808228435,168.65723616707126,12.242751890170293,11.167682532009213,14.181463698767404,57.0,52.0,79.0,-0.26138873469026747,-0.23820180708101824,0.9353800449444911,14.583332252053554,0.9063542933110468,-0.3938514118065207,0.1529802615197274,12.228809585464713,0.3319605765353088,0.8877730366041474,0.3188435527104124,10.653574806989939,84.90301781689439,61.875645126859496,54.712602272210034,20.876313533796964,6.316292651399176,79918.0,287428.77147717815, 0.0, 0.0,0.0,NaN, 155.06523941066197,155.06523941066197,0.0, 149.88497384426827, -6.692035308750792, -19.250238665576312, -6.692035308750792, 124.7171331357437, -24.26885975440109, -19.250238665576312, -24.26885975440109, 201.11391263945765, 5.644635085660973, 4.1949684889465155, 24.0, 0.0
40, 0 ,1.0,1.0,1.0,108.25325845812534,166.65069791088925,170.48495562950637,12.291428281581899,14.138001813524795,13.835231984614714,60.0,78.0,65.0,-0.4402002455807524,0.893278352978503,-0.09098092047599082,14.777488396069668,-0.3234017842920477,-0.06320768919668206,0.9441483325956445,14.092201949803265,0.8376365737641623,0.44503771989172863,0.3167118535296808,11.198733386352016,81.18880549700398,65.38108210899695,60.111596126918016,22.17616620138876,7.112917907370358,86544.0,319085.093407292, 0.0, 0.0,0.0,NaN, 215.11613387364866,215.11613387364866,0.0, 151.07920920127134, -35.05897574425562, -18.621143666661208, -35.05897574425562, 199.88309527923042, -11.922291450822925, -18.621143666661208, -11.922291450822925, 191.41364406810598, 5.509533733267245, 4.203733620646111, 26.0, 0.0
41, 0 ,1.0,1.0,1.0,218.7416778623675,190.9113549285963,232.36298950092055,13.091849483365586,12.235654027362429,12.180186509410001,73.0,61.0,59.0,-0.7896149888540135,-0.37738973526638125,0.4838234772028403,13.640857159567904,-0.5720254553161195,0.7380456003786642,-0.3578764734263529,12.206841024056542,-0.22202488114502575,-0.5593439724152459,-0.7986484036641343,11.592443398270216,76.1839804182043,63.63274588199927,66.14405761909563,20.773762014287144,6.15755694656364,80388.0,320652.88910158386, 0.0, 0.0,0.0,NaN, 151.91449104476678,151.91449104476678,0.0, 171.39652289509974, 9.229489431845877, -16.75329850256113, 9.229489431845877, 149.7112294773104, -13.299912136344625, -16.75329850256113, -13.299912136344625, 148.3569434040134, 5.779014307852274, 4.297436492967855, 34.0, 0.0
42, 0 ,1.0,1.0,1.0,232.93307804522246,160.25928320403156,16.05695908759366,12.959022267922666,11.717584911470029,9.61075914498891,68.0,52.0,37.0,0.9821726256070541,-0.10009145170918539,-0.15911830442438954,13.061749040820771,-0.06809469624105371,-0.9784094885868586,0.195135811646761,11.773889763583833,0.17521428552484947,0.1808219398688925,0.9677827133246732,9.400583889876568,70.46287981769524,54.457463372063444,44.77855308746085,19.07106222824878,5.8223132110261515,60324.0,171825.59368524957, 0.0, 0.0,0.0,NaN, 155.83088874250808,155.83088874250808,1.9073486328125E-6, 167.93625814051552, -4.736494159958294, -13.520092436897244, -4.736494159958294, 137.30179615751007, -8.284777154848099, -13.520092436897244, -8.284777154848099, 92.36669134298795, 6.071635518984112, 4.408499623376776, 18.0, 0.0
43, 0 ,1.0,1.0,1.0,22.721902419940758,59.956910523668476,103.2575979433298,11.545011250445254,13.012096178467214,14.532043079381612,49.0,63.0,75.0,0.17569481212488344,0.30214618739630666,0.9369306348040274,14.754649622367806,-0.21304558598176554,-0.9175112233991439,0.33583438363320123,12.933932526533741,-0.9611154515905403,0.25861329505360314,0.09683105047158212,11.348828649328766,67.91809534117283,67.16669528775233,60.12143625000451,21.731596058717013,6.443596862959992,89465.0,274264.0128741442, 0.0, 7.105427357601002E-15,0.0,72.41344618819019, 121.54524878476674,121.54524878476674,1.9073486328125E-6, 133.2872847729075, 12.243345820475337, 11.880858847929703, 12.243345820475337, 169.31464695768108, 13.30756206417645, 11.880858847929703, 13.30756206417645, 211.18027606100298, 5.407385050689156, 4.052950296964874, 24.0, 0.0
44, 0 ,1.0,1.0,1.0,111.19956148836009,213.04846843361062,151.56869800735151,11.710277600103336,12.727145764835576,12.237350801041215,67.0,59.0,57.0,-0.28935268585967877,0.7437350581426281,0.602605332265963,13.34546010457382,-0.5899133142032875,-0.6343285384669063,0.49962944970461004,11.986511475640876,0.7538416975144604,-0.21091578550696555,0.6222838793609365,11.273235234845236,64.8202945217615,63.220697158193076,52.16768033534443,20.37014272883591,5.82416351293904,77535.0,213782.33026910143, 0.0, 0.0,0.0,NaN, 204.83594100688777,204.83594100688777,0.0, 137.13060147148192, -4.770425640978321, -13.78522556610219, -4.770425640978321, 161.98023931937215, 17.60599513624067, -13.78522556610219, 17.60599513624067, 149.75275462774405, 6.282746230944018, 4.393271930804065, 17.0, 0.0
45, 0 ,1.0,1.0,1.0,180.60048988661902,9.6754374889523,142.71644655437993,12.786511255677604,6.1774582827177005,12.354682934349924,64.0,25.0,58.0,0.8075038769115279,-0.005783171916461025,0.5898339119577956,13.263383912148969,0.5898444411156761,1.4378469687153714E-4,-0.8075168819355397,11.841466008702879,-0.004585199863442605,-0.999983266984276,-0.0035272785071051435,6.177085178163484,62.81779835955493,57.13961524077385,25.174531542209788,17.82851516313558,6.036397801042295,39601.0,90361.08158314615, 0.0, 0.0,0.0,NaN, 186.3272422997431,186.3272422997431,0.0, 163.49487009157008, -0.6346785052722196, 17.000603543770175, -0.6346785052722196, 38.16099083471752, -0.4817684512147283, 17.000603543770175, -0.4817684512147283, 152.63819040831726, 5.63713376555433, 4.200063104768176, 16.0, 0.0
46, 0 ,1.0,1.0,1.0,87.88795656465943,18.650529231106724,217.90852254030932,13.374490392860066,10.576295706460629,12.514209134936651,69.0,43.0,61.0,-0.8365947863566283,-0.019741195902766455,0.5474663904069691,13.969299481388767,-0.5273991648828094,0.29934910950624566,-0.7951353542125595,11.978806944926053,0.1481866536561995,0.9539394088841003,0.26084539454633154,10.42627980574081,77.18816186887449,65.59786784451182,51.056650992837504,20.25891718551426,6.075913831075862,72936.0,258519.16635167573, 0.0, 0.0,0.0,NaN, 121.7010510276174,121.7010510276174,NaN, 178.8769932687062, -4.064164131888183, -25.00041891247976, -4.064164131888183, 111.85803087049752, -9.213662237716074, -25.00041891247976, -9.213662237716074, 156.60543027293193, 6.295356507081809, 4.589347786093442, 18.0, 0.0
47, 0 ,1.0,1.0,1.0,8.943924617817606,212.21817343173433,280.0522865050079,5.939081226066566,11.83290475473384,11.350913620829939,24.0,53.0,46.0,-0.11378507397327857,-0.9503094883199046,0.28976686033785237,11.99459274235174,0.17178346426192614,0.26844938991835027,0.9478530299886356,11.373588464133464,-0.9785414648072241,0.15762868223019152,0.13270192233463082,5.5592077821947665,59.041547610414455,51.01396852184456,28.504365880824125,16.499815213055815,5.647092943009877,30352.0,85853.54384847256, 0.0, -2.8421709430404007E-14,0.0,18.137997397814257, 90.46299871720242,90.46299871720242,0.0, 35.27268580981635, 16.75528239262032, 12.306173946742359, 16.75528239262032, 140.01763493460274, -6.0554902884873005, 12.306173946742359, -6.0554902884873005, 128.84324002754263, 6.364760548760059, 4.612024868632281, 9.0, 0.0
48, 0 ,1.0,1.0,1.0,21.458095655989467,255.19113321307265,15.542261875741472,12.727721085891643,12.944427599466493,9.540841975957678,46.0,69.0,35.0,-0.6724596972808137,0.7329176135193427,-0.10310056899022427,14.053823471177461,-0.7356785880153888,-0.677156203568442,-0.015378267277517232,11.541123435387577,0.081086192836267,-0.06550761606016872,-0.9945520507089779,9.480151434360408,76.40085513759189,59.181775445724895,40.21771412720625,19.54357692654253,6.2152519212500765,61533.0,181845.93285887042, 3.552713678800501E-15, 0.0,-1.7763568394002505E-15,63.380031065186564, 52.05618422554925,52.05618422554925,0.0, 161.99488404025072, -31.466735946729198, 7.952703788968579, -31.466735946729198, 167.5582058778299, -7.682325612607836, 7.952703788968579, -7.682325612607836, 91.02766561019601, 7.062380275051762, 4.381661007529091, 11.0, 0.0
49, 0 ,1.0,1.0,1.0,13.851127872800028,143.00879988668154,235.38303410177414,7.887762508650128,10.838852764373373,15.923840497426966,34.0,50.0,73.0,-0.05753434548691859,0.06582722903282637,0.9961709567173958,15.964295599836003,0.12339714341216179,0.9906412957737828,-0.058334964689788896,10.849019737919965,-0.9906881164559866,0.11956838639665752,-0.06511879058604642,7.791422177972751,73.92143989071815,51.43568279448142,36.82307796820951,19.713761795775252,6.680854637511802,56478.0,140008.69725322106, 0.0, 0.0,0.0,NaN, 157.5395914374227,157.5395914374227,0.0, 62.21679739286655, 6.231877712511432, -11.537934226996148, 6.231877712511432, 117.4807292477643, 9.437898510064286, -11.537934226996148, 9.437898510064286, 253.56869618749505, 5.817404050096232, 4.179125810604471, 14.0, 0.0
