// Sample: .//bubblelabels.tif, Map: .//bubblelabels.tif, Thickness:(8.191250068658265):/gpfs/home/mader/Foam/NewValid/InSilicoTest/LatticeDataPhi_16.0/out_Step_02000.vtk/distmap.tif, Neighbors:(1.0):
//LACUNA_NUMBER, TRIANGLES, SCALE_X, SCALE_Y, SCALE_Z, POS_X, POS_Y, POS_Z , STD_X, STD_Y, STD_Z,PROJ_X, PROJ_Y, PROJ_Z, PCA1_X, PCA1_Y, PCA1_Z, PCA1_S, PCA2_X, PCA2_Y, PCA2_Z, PCA2_S, PCA3_X, PCA3_Y, PCA3_Z, PCA3_S,PROJ_PCA1, PROJ_PCA2, PROJ_PCA3,OBJ_RADIUS, OBJ_RADIUS_STD, VOLUME, VOLUME_BOX, Mask_Grad_X,Mask_Grad_Y,Mask_Grad_Z,Mask_Angle, Mask_Distance_Mean,Mask_Distance_COV, Mask_Distance_STD, SHAPET_XX, SHAPET_XY, SHAPET_XZ, SHAPET_YX, SHAPET_YY, SHAPET_YZ, SHAPET_ZX, SHAPET_ZY, SHAPET_ZZ, Thickness, Thickness_STD, Neighbors, Neighbors_STD
1, 0 ,1.0,1.0,1.0,170.27342187432552,61.927392549318675,167.62438666417256,12.919230636772571,12.250554444100246,10.920864319572045,59.0,59.0,59.0,-0.8401744540210742,-0.5422658146353928,-0.007394125249408551,13.377110371205863,-0.5406816160420266,0.8386220008614281,-0.06615534555390343,11.752518582908586,0.04207465846055233,-0.05158416374225892,-0.9977819386852217,10.916918383658182,68.71082550959821,58.87932179126769,58.635705442228186,20.00409018107763,6.007017392002423,69497.0,237219.35442368148, 0.0, 7.105427357601002E-15,0.0,57.16198372583429, 75.93979018861091,75.93979018861091,0.0, 166.90652024612302, 18.641073525156877, 1.0488568514813719, 18.641073525156877, 150.07608418786427, -0.8112773917232481, 1.0488568514813719, -0.8112773917232481, 119.26527748650177, 5.947708509140811, 4.242889031637568, 27.0, 0.0
2, 0 ,1.0,1.0,1.0,41.76104807206824,8.937312322287475,26.20464510642821,14.039580201569363,5.902679317370232,12.061770265298808,73.0,23.0,54.0,0.8686855098863492,-0.023592504387274622,0.49480185796966347,14.91180915706551,-0.49022165564551257,0.10260915803880896,0.86553687906567,11.011796876608738,0.07119138465901029,0.994441931146964,-0.07756953220839789,5.815153867648093,78.75289981876307,54.069000927642186,25.37782486700774,18.234587290479954,6.703548585542582,37631.0,108061.07785357814, 0.0, 0.0,0.0,NaN, 50.105330183300445,50.105330183300445,0.0, 197.10981223629844, -8.262674061225848, 43.939442714703446, -8.262674061225848, 34.84162312371031, 5.565033026123796, 43.939442714703446, 5.565033026123796, 145.48630193284646, 6.250685101823382, 4.2456500932726176, 17.0, 0.0
3, 0 ,1.0,1.0,1.0,170.09271704841586,40.317142465270294,11.920959304034328,14.787716305709793,11.34350617733633,8.236881239182416,65.0,60.0,31.0,0.9319939447227876,0.35752342768412493,0.059701638646290356,15.320942287277395,0.35963291178306783,-0.9326414511470466,-0.029053267712329287,10.642197766955292,0.04529299904499645,0.04854814372688687,-0.9977933763952253,8.198185933530983,73.51221065483682,63.34451542487584,33.9182355135428,19.225827646866602,6.750218498300512,51037.0,157943.4981708373, 0.0, 0.0,0.0,NaN, 51.59483327659329,51.59483327659329,6.743495761743046E-7, 218.6765535381553, 40.37536065705928, 8.840018429243674, 40.37536065705928, 128.6751323952675, 4.823370352977316, 8.840018429243674, 4.823370352977316, 67.84621254839527, 6.138143949255169, 4.069462039403311, 14.0, 0.0
4, 0 ,1.0,1.0,1.0,9.488398078140714,30.055868002532684,135.04707810346753,6.210866943415213,10.510398622237748,10.559505935556283,24.0,53.0,56.0,0.04338699111613493,-0.6980034677062721,0.7147787966020731,11.582071082055764,-0.013119840444928109,-0.7157888886498356,-0.698193480829013,9.381688306191847,-0.9989721911988279,-0.020914730585234707,0.04021362027919132,6.195649035078098,65.08169713598743,45.26441750777846,25.85424425765768,15.29183131337112,5.167824307543257,26849.0,76163.6332219817, 0.0, 0.0,0.0,NaN, 72.19603148630803,72.19603148630803,0.0, 38.574868188807834, -2.433893147499397, 3.424286373020341, -2.433893147499397, 110.46847919833715, -22.972498683569434, 3.424286373020341, -22.972498683569434, 111.50316560304837, 6.186128965795735, 4.117547147431618, 12.0, 0.0
5, 0 ,1.0,1.0,1.0,59.11357601109205,74.17707329682983,142.43136794115574,9.841839153625154,9.912294579449023,10.605158492400486,50.0,56.0,56.0,-0.5990511651591424,0.3616385586685613,0.714391527389288,11.521094205355999,0.1970749398145825,-0.7981595866811584,0.569300221575613,9.976674531722391,-0.7760793578098526,-0.4818286283245204,-0.4068685332000482,8.678428544611752,55.13137674225197,53.87984108305172,48.41619398275401,16.83240630811411,4.924922972302507,42553.0,143818.8429070166, 0.0, 0.0,0.0,NaN, 110.95404665368909,110.95404665368909,0.0, 96.86179792582907, -16.24914330936883, -21.856268682810132, -16.24914330936883, 98.2535838297745, 3.829780334251192, -21.856268682810132, 3.829780334251192, 112.46938664893413, 5.9521933762127315, 3.8625264419952665, 21.0, 0.0
6, 0 ,1.0,1.0,1.0,28.92636892168785,106.81302370520915,174.02457145712904,12.176499773045572,12.201992738818568,9.974575583716348,59.0,58.0,49.0,-0.7020453898905298,0.7112149180059926,0.03613323870320651,12.569278127652083,-0.7025180478728607,-0.6999846573160172,0.12841289629583097,11.829015088055685,0.11662188022133331,0.06476742952987818,0.9910623174784385,9.93657793169803,65.88297134477249,60.229682421638564,48.99717441690947,19.072751110908623,5.7339425056203055,60029.0,194426.19938762477, 0.0, 0.0,0.0,NaN, 100.97163095615171,100.97163095615171,1.9073486328125E-6, 148.26714672297885, -9.32914816543631, -5.218884108672166, -9.32914816543631, 148.88862679818106, -2.1797832708387004, -5.218884108672166, -2.1797832708387004, 99.49215807527034, 6.030427732136946, 3.7472572432128946, 25.0, 0.0
7, 0 ,1.0,1.0,1.0,136.11658656059518,16.50496289339447,180.27291309872382,13.449878440709748,9.97090810248124,9.673426894740171,65.0,41.0,39.0,0.9615344287929608,0.272176503320252,0.037033677729271734,13.716347236178693,0.06488432516471401,-0.35606149616007354,0.9322071847503481,9.677001367307586,-0.2669111586159604,0.8939463977177888,0.3600253760690694,9.597441814336662,70.39598625991465,45.68738464963977,49.041599046453825,18.475146501678406,5.706346299290962,54303.0,157728.0078072082, 0.0, 0.0,0.0,NaN, 68.86698970038373,68.86698970038373,0.0, 180.89923006986888, 25.09559471708586, 3.512203509418987, 25.09559471708586, 99.41900838812603, 0.45893320663487414, 3.512203509418987, 0.45893320663487414, 93.57518788788246, 6.139249030758663, 3.9539965178087284, 14.0, 0.0
8, 0 ,1.0,1.0,1.0,185.19657766174683,155.333109313206,91.1987747822266,8.34658121739222,10.809335570420071,10.302260354215457,32.0,56.0,52.0,0.18457974383709852,0.8158233827043289,0.5480533973965478,11.429120116319531,-0.21172317129370094,-0.5115351713924625,0.8327695162323266,9.792050308219984,-0.9597414323151678,0.26974798731659133,-0.07830968290242811,8.13232353184144,55.381124496417414,47.3023572951481,38.142869051754374,16.3984228034715,4.871904294739326,38687.0,99921.26207378854, 0.0, 0.0,0.0,NaN, 102.62304301827143,102.62304301827143,0.0, 69.6654180185246, 12.933199877816001, 1.2784480001335496, 12.933199877816001, 116.84173547394862, 16.161433798987897, 1.2784480001335496, 16.161433798987897, 106.1365684060396, 6.149067254928884, 4.074306885517396, 18.0, 0.0
9, 0 ,1.0,1.0,1.0,79.33606245239909,146.63371776738114,44.833451202263085,9.626679942610483,8.891834880650556,10.422240085214682,45.0,40.0,48.0,-0.5849052334569731,-0.08647088086923495,0.806479171855258,11.258252882916278,0.10356015294272793,-0.9941248148517036,-0.031482490666159976,8.872534194312129,0.8044632761022239,0.06510483282955803,0.5904237445641161,8.653939082934311,54.609875330653956,40.65229435110885,42.06593443728346,16.08867451879168,4.638462556111608,36764.0,93387.0780632186, 0.0, 0.0,0.0,NaN, 105.60402090587368,105.60402090587368,0.0, 92.67296671745898, 2.228386926993977, -24.474439386463597, 2.228386926993977, 79.0647275447539, -3.4964842266979703, -24.474439386463597, -3.4964842266979703, 108.62308839385572, 5.9898928284666155, 3.942533409976353, 14.0, 0.0
10, 0 ,1.0,1.0,1.0,153.08489610757826,10.67775122524201,87.30365749929118,9.55436225693589,6.80153310333152,9.578462886226365,48.0,26.0,46.0,-0.701716659185815,-0.05355604369040796,0.7104403426082511,9.798881837299538,0.7062046758466611,0.07952186496909351,0.7035277029400825,9.349943713867924,0.0941737013895614,-0.9953934012118368,0.01798028894432363,6.771566232522161,49.40053795568079,50.273234446508184,27.634459442293323,14.426879579942987,4.59986820910361,24689.0,68630.86608989642, 0.0, 0.0,0.0,NaN, 99.68435161658235,99.68435161658235,0.0, 91.2858381367611, 4.219589024743518, -4.356047880372323, 4.219589024743518, 46.2608525557145, 0.41686172240106667, -4.356047880372323, 0.41686172240106667, 91.7469512628159, 6.343777210487235, 4.053344728319166, 15.0, 0.0
11, 0 ,1.0,1.0,1.0,99.07874070150388,90.9041707929343,12.862554984915134,11.21597365899263,11.422231979842369,8.33450573320122,60.0,55.0,33.0,0.5712123311627934,0.8164274180512012,0.08463299464048415,11.609203285298747,0.81573025784361,-0.5761018505244601,0.0518729627136343,11.050219982333758,-0.09110773384276832,-0.03940721858418328,0.9950610292627754,8.297497921660158,58.270462655548556,60.071040552138065,36.178702213513745,17.24489778345145,5.323808296288886,43421.0,126638.7470953586, 1.4210854715202004E-14, 0.0,0.0,55.16519137058225, 135.07631342055043,135.07631342055043,0.0, 125.7980651192165, 5.715728335573984, 5.4406606136794196, 5.715728335573984, 130.4673834013337, 2.963614179595785, 5.4406606136794196, 2.963614179595785, 69.46398581676401, 6.131352339370508, 3.846552903763591, 12.0, 0.0
12, 0 ,1.0,1.0,1.0,154.76822866776504,9.79160121077436,39.89179662056017,10.190553928598456,6.227156865160314,9.735315516210573,46.0,24.0,48.0,-0.9551729805491009,0.013549235025579582,0.2957380520987596,10.23833628553321,-0.29570556924831665,0.004386973084477417,-0.9552690567492935,9.685732517310319,-0.014240559837172822,-0.9998985812058031,-1.8373390057073704E-4,6.226097967636597,52.959140253502795,49.71902198961659,24.38371466964808,14.71059998578799,4.582519858471242,26099.0,64204.189951857574, 0.0, 0.0,0.0,NaN, 61.09946014277512,61.09946014277512,0.0, 103.84738937167342, -0.9263421692794859, -3.110292434278386, -0.9263421692794859, 38.777482623313226, 0.034004437688233934, -3.110292434278386, 0.034004437688233934, 94.77636820017032, 5.862077184901017, 3.875561527987594, 14.0, 0.0
13, 0 ,1.0,1.0,1.0,188.66492955027988,59.014977803512835,92.96151322138583,6.932969907822097,9.443177596118746,9.715347665513617,28.0,46.0,55.0,-0.14557564364941591,0.47507977589830996,-0.8678173416730447,9.845474276020338,0.07875871673566263,-0.8688129392635391,-0.4888365177709226,9.37802469321744,0.9862072786763489,0.13951087090496414,-0.08906132934741355,6.837173703368402,53.941873924208984,45.48383011771732,29.83723851013633,14.544323015330864,4.482223013429678,25905.0,73205.15834071592, 0.0, 7.105427357601002E-15,0.0,61.63545564467143, 110.69369615140296,110.69369615140296,1.3486991523486091E-6, 48.066071742766745, -6.290098153464915, 4.753983198673194, -6.290098153464915, 89.17360311183901, -3.192861112908636, 4.753983198673194, -3.192861112908636, 94.38798026180088, 6.163920503116165, 3.9439911570021673, 11.0, 0.0
14, 0 ,1.0,1.0,1.0,69.20590978463626,187.4619933864677,23.599669323384774,12.653624232369715,7.278714857204166,13.66852691428896,62.0,29.0,55.0,0.5029516187825187,-0.022563592893116664,0.8640199959721981,14.149570584320326,-0.858623013043102,0.10148943451054955,0.5024603627705507,12.157119236726231,0.09902621186750836,0.9945807051006382,-0.031670655261437565,7.205319447220809,69.92173411961913,60.90066362193496,31.25872536676235,18.95841548260581,6.364040114740785,47176.0,133108.40535115005, 0.0, 0.0,0.0,NaN, 74.1862787254712,74.1862787254712,0.0, 160.11420621401405, -10.037896467613649, 23.078086573525514, -10.037896467613649, 52.979689972484664, 1.9982450207060365, 23.078086573525514, 1.9982450207060365, 186.82862800664168, 5.433024751862338, 3.6331212924369733, 12.0, 0.0
15, 0 ,1.0,1.0,1.0,185.16267054169694,149.82489706950835,34.18452140685127,8.414473238534315,11.027763663215007,9.273049348593783,36.0,53.0,51.0,0.12372297936987255,-0.9896191419382977,0.0731203000892991,11.072554433643498,-0.03703995108502574,-0.07824071783509573,-0.9962461704299133,9.264278570191932,-0.9916252651074704,-0.1205501720527847,0.046335619328795284,8.365169239356447,53.40611055457447,52.2951283307924,39.13870666660932,16.025912915805137,4.644834844235011,37161.0,109309.68779142162, 0.0, 0.0,0.0,NaN, 62.50015042666004,62.50015042666004,NaN, 70.80335988201016, -6.397446322358882, 1.0609931943592388, -6.397446322358882, 121.61157141172525, -2.572517402804511, 1.0609931943592388, -2.572517402804511, 85.98944422145559, 5.999204117105741, 3.9359763208181944, 17.0, 0.0
16, 0 ,1.0,1.0,1.0,154.7885344464443,110.63454984107533,9.61651284800674,12.21458010068728,9.47223227146326,5.793335595395361,64.0,50.0,24.0,0.95454527687433,0.29321720328829615,-0.05354424425368756,12.479012879453224,-0.29412746364881104,0.9557157793232908,-0.009817549592042415,9.14054165364195,-0.048294404690666794,-0.02512012834889313,-0.9985172154887012,5.762518927865461,62.850200939686914,46.05047683304782,26.03912672142038,15.602728184372102,5.38857697041674,26113.0,75364.5685351233, 0.0, -1.4210854715202004E-14,0.0,72.94933617713701, 100.61181649768325,100.61181649768325,NaN, 149.1959670361057, 20.140274354628378, -6.116632177586321, 20.140274354628378, 89.72318420455004, -2.3959184272765026, -6.116632177586321, -2.3959184272765026, 33.56273732087492, 5.97224529860135, 3.860569717392549, 17.0, 0.0
17, 0 ,1.0,1.0,1.0,11.38230694450315,46.76529016441946,14.399467433112134,7.034910302248968,9.253057513361478,8.764251635876334,27.0,45.0,38.0,-0.18353979170338128,-0.8519252392424392,0.49044523812877594,9.540015917624201,0.05243609522802139,-0.5066952945746767,-0.8605291014097778,8.540364231257696,-0.981612755000014,0.1322242988167983,-0.13767038179539107,6.92614020448301,48.28152661603622,40.81131276249362,29.976335068094286,13.945734069148594,4.175840552010153,23659.0,59066.34435078749, 0.0, 0.0,-1.7763568394002505E-15,60.63015001470639, 50.238371170834036,50.238371170834036,9.5367431640625E-7, 49.48996296068867, 6.066568767184803, -5.000895343526734, 6.066568767184803, 85.61907334557529, -7.097288868672756, -5.000895343526734, -7.097288868672756, 76.81210673696101, 7.282174455441336, 4.141723810354722, 10.0, 0.0
18, 0 ,1.0,1.0,1.0,62.04548313869212,12.0312884610125,104.83297322429779,10.621703890539012,7.345778206358202,11.991989421519422,50.0,28.0,57.0,0.34044241837109623,0.14383096133896567,0.9291994480917151,12.325368742752113,-0.9330301101174281,0.17403586610929284,0.31490686070939916,10.420775135601351,-0.11642067422884997,-0.9741787165956244,0.1934478088379466,7.076834900543766,60.60825896657818,55.396262898675964,35.29067119553362,16.744404629320908,5.496705821735828,36563.0,118487.406787385, 0.0, 0.0,0.0,NaN, 114.24165993748971,114.24165993748971,0.0, 112.82059353829156, -4.514674198251399, 15.022229180537453, -4.514674198251399, 53.960457457007124, 16.816455942657896, 15.022229180537453, 16.816455942657896, 143.80781028583374, 5.589063694799989, 3.695114501314773, 18.0, 0.0
19, 0 ,1.0,1.0,1.0,191.68438647448895,134.70904806269525,118.52320929467858,4.824544611336744,9.693229418614422,9.707956499899538,19.0,47.0,46.0,0.023602115188797096,0.7040823053733856,0.7097260368752955,10.73446447081811,0.02158947190822799,-0.7101172084743153,0.7037524031442944,8.546864165117091,-0.999488286505319,0.0012874349477472017,0.03196103330489694,4.816817636198537,49.020874556720344,46.11281058245115,19.93002175892056,13.825617883453942,4.509061633347849,18247.0,45051.6209250204, 0.0, 0.0,0.0,NaN, 104.74027523748376,104.74027523748376,0.0, 23.276230706778417, 0.7650796181871994, 2.2989073452103854, 0.7650796181871994, 93.95869656189207, 21.07544901328705, 2.2989073452103854, 21.07544901328705, 94.24441940394169, 6.171093121291043, 3.839243971730993, 8.0, 0.0
20, 0 ,1.0,1.0,1.0,36.40807324486619,176.82578397212544,190.05081918600342,12.048276444869252,12.19938573885006,5.096159357719552,54.0,49.0,21.0,-0.6965001726887581,0.7170905247300041,-0.025859017517627966,14.466386832112981,-0.717004327143025,-0.6969256704742479,-0.014121072629154963,9.21108356021473,0.028147900502669417,-0.00870569793104961,-0.9995658590212181,5.08295283933779,63.523951310202946,48.783120887150886,21.2442141439696,16.782714810100966,6.188481356466643,26978.0,65833.62289533872, 0.0, 0.0,0.0,NaN, 44.28970856508018,44.28970856508018,0.0, 145.16096529199126, -62.133703601050016, 3.9013467114421836, -62.133703601050016, 148.8250124052582, -2.8208595828373046, 3.9013467114421836, -2.8208595828373046, 25.97084019927256, 6.174133933814923, 3.9164528049138645, 13.0, 0.0
21, 0 ,1.0,1.0,1.0,11.480225988700566,153.47255090075686,188.06182709732437,7.282968860629003,10.181976996889095,6.095429673287039,29.0,60.0,23.0,0.057159374848460134,0.9980437172006945,0.025328727231199555,10.192156614580995,0.9973076439555706,-0.058247812143837376,0.04454947461245026,7.273823195872744,-0.04593766618715325,-0.022714113160666016,0.9986860366945169,6.089334409530725,60.54970872337803,30.487823189100347,24.5714838821344,13.221257861123002,4.366565522438844,18762.0,45359.667242027914, 0.0, -2.8421709430404007E-14,0.0,3.5844644217831614, 49.387438490859964,49.387438490859964,0.0, 53.04163542489172, 2.891286450494667, 0.7999647080859079, 2.891286450494667, 103.67265556517866, 1.6475770682828266, 0.7999647080859079, 1.6475770682828266, 37.15426290198814, 6.154990506728452, 4.068425232038434, 7.0, 0.0
22, 0 ,1.0,1.0,1.0,8.464851080209787,19.19554443535582,55.162440456142036,5.3352689911849565,10.369155297410114,9.622218833051901,21.0,42.0,45.0,0.008236312544432252,0.9444566431407959,0.32853281781717025,10.466959997507495,-0.05703221180964119,0.3284528416745405,-0.9427969333912892,9.526701331022748,-0.9983383644695673,-0.010971783042824344,0.056569691576767,5.315663855184417,45.38457982777334,44.33565573006442,21.815045098064296,14.365007746107125,4.713610560443881,20783.0,43895.254396912555, 0.0, 0.0,-7.105427357601002E-15,70.82025231906292, 59.01709470193585,59.01709470193585,NaN, 28.465095208299743, -0.5383801563764817, 3.5806987804076384, -0.5383801563764817, 107.51938158180822, 5.871906942512595, 3.5806987804076384, 5.871906942512595, 92.58709527113871, 5.512358373312348, 3.7780881241119, 11.0, 0.0
23, 0 ,1.0,1.0,1.0,100.84971999897716,19.45286010177206,102.27780192804357,9.970760182630473,9.68521855193206,10.482901339508683,45.0,41.0,52.0,-0.5825791547509915,0.3313788219698182,0.7421520092268938,12.063679630207114,-0.49992012089221316,-0.8660525704628742,-0.005728692849470939,9.559791390164278,0.6408442877772537,-0.3743541392111804,0.6702071152104554,8.135647476898077,60.18716904024476,48.07490272547683,43.44679082813005,16.620481702703806,5.183659468192245,39107.0,125712.95458759269, 1.4210854715202004E-14, 0.0,-1.4210854715202004E-14,24.146001601530777, 140.5660691149718,140.5660691149718,0.0, 99.41605861952925, -4.4067440913873535, -34.23301092052284, -4.4067440913873535, 93.80345839868895, 19.638277747061927, -34.23301092052284, 19.638277747061927, 109.89122049387292, 5.3944552810369455, 3.413389522663148, 19.0, 0.0
24, 0 ,1.0,1.0,1.0,123.03864691963895,10.575234422925247,146.0087196564718,8.941993404872948,6.497541793639939,9.534782123485131,42.0,26.0,48.0,-0.6036260500792575,-0.08203724773942264,0.7930356118416461,10.27640196939369,-0.7849114115120244,-0.11329395137331576,-0.6091621759929139,8.124869942494044,-0.139820126390712,0.9901688596222166,-0.00399520844563422,6.439830474183221,49.9154252426987,43.630538647566794,27.54607115947435,13.956642958907093,4.278023243602365,22822.0,59990.84995011142, 0.0, 0.0,0.0,NaN, 94.60414263758896,94.60414263758896,0.0, 79.95924605279129, 5.358278995661254, -18.96576508356013, 5.358278995661254, 42.21804936009771, -2.478637790297203, -18.96576508356013, -2.478637790297203, 90.91207014233163, 5.813099808084036, 3.789376344157856, 9.0, 0.0
25, 0 ,1.0,1.0,1.0,57.064515380689464,151.81867953417157,19.449983760961352,8.57517917738908,11.373197520694603,11.72215683299292,40.0,53.0,46.0,0.17650643462241253,0.5696839351965205,-0.8026865468636503,12.418892703772789,0.24195314250761224,-0.8155802143482603,-0.5256306600592637,10.870207690012128,0.9540986088280264,0.10143533872695779,0.2817919741400954,8.240265127683937,60.65746845364393,56.9940545963635,42.992800648901884,17.584510398942104,5.574699509015689,43106.0,148631.05896997335, 0.0, 0.0,0.0,NaN, 77.17577615913858,77.17577615913858,0.0, 73.53369792432724, -1.2373856953679492, -18.622637332140304, -1.2373856953679492, 129.34962184473386, -17.929451281128514, -18.622637332140304, -17.929451281128514, 137.40896081728263, 5.40830679343277, 3.614040912898286, 11.0, 0.0
26, 0 ,1.0,1.0,1.0,139.70986216534678,36.37596251335873,35.59874496478777,8.774994086178552,8.985743654576083,10.933131945640495,40.0,44.0,55.0,0.2382069584948572,0.42128986900989907,0.8750841623491149,11.555922752990028,-0.8200087776141768,-0.39557079632493986,0.4136536591528682,8.713978014018204,-0.5204258348317592,0.8161118742944963,-0.25123367424609117,8.234362202207427,56.660698461755025,42.0831208075667,41.564250676034675,15.966112260583822,4.7287148001792,36493.0,99108.25236780617, 0.0, 0.0,0.0,NaN, 78.90109005560548,78.90109005560548,0.0, 77.00052121246857, 9.233460967622328, 10.945208990413832, 9.233460967622328, 80.74358902575433, 22.903905381391386, 10.945208990413832, 22.903905381391386, 119.53337414078472, 5.48589240680089, 3.5315843157209623, 16.0, 0.0
27, 0 ,1.0,1.0,1.0,71.01938247894815,63.818407445708374,46.749593736150096,9.065346532743405,9.225831553752347,9.495970807257343,43.0,39.0,49.0,0.4882456660063243,0.595938982514016,0.6375522713834528,9.926306801422493,-0.44480233319209805,-0.4586046257733167,0.7693066239193459,9.191195273707413,-0.7508442275285244,0.6591953628018593,-0.04116332891808524,8.629038180112024,53.7325050057364,48.00099159894645,44.46693713319231,15.431872151004242,4.396277869320275,33845.0,114689.72550787052, 0.0, 7.105427357601002E-15,0.0,53.42040098305808, 106.31117688697016,106.31117688697016,0.0, 82.18050775872288, 9.047396209650335, 4.064980543923348, 9.047396209650335, 85.11596785821243, 5.611345932999796, 4.064980543923348, 5.611345932999796, 90.17346157228367, 5.6688698738139776, 3.610804369207495, 24.0, 0.0
28, 0 ,1.0,1.0,1.0,92.12153153153153,126.72525525525525,77.13318318318318,8.990577586679303,8.151311838876115,10.259521809774647,44.0,39.0,46.0,-0.08390132813286882,-0.10500368887333865,0.9909262295754069,10.28789617233747,0.9880178020256586,0.12051150729061078,0.09642509782692142,8.994932928775002,-0.1295430045117334,0.987142949087687,0.09363443836824605,8.110643116053557,45.75091733156346,44.87066909771677,39.520827790451435,15.313591354030946,4.245712854597568,33300.0,81131.29059898318, 0.0, 0.0,0.0,NaN, 140.73056788449676,140.73056788449676,0.0, 80.83048534210023, 2.153960720179625, -1.8893691394096745, 2.153960720179625, 66.44388469460192, -3.992327539250945, -1.8893691394096745, -3.992327539250945, 105.25778776524163, 5.777035341919722, 3.625639777894466, 19.0, 0.0
29, 0 ,1.0,1.0,1.0,67.60068201911338,190.48722266661053,72.6002189197154,10.278252035616058,5.513234545170155,10.113446668357904,52.0,22.0,46.0,-0.7556044327399987,0.04300687445840815,0.6536148330423529,10.737431181643224,0.6548573566329021,0.02680890124220121,0.7552768533974499,9.635053694049288,-0.014959401305935703,-0.9987150201952026,0.04842029274037235,5.494846267520653,46.25631793788561,48.56071233802777,22.76141452944637,14.694468172422695,4.7320850268236,23753.0,51127.59406401572, 0.0, 0.0,0.0,NaN, 99.65508983104942,99.65508983104942,0.0, 105.64246490764563, -1.665671410230236, -11.046138321327854, -1.665671410230236, 30.395755150057564, 3.6604919985742193, -11.046138321327854, 3.6604919985742193, 102.2818035137196, 5.407650229779363, 3.6684005789416174, 15.0, 0.0
30, 0 ,1.0,1.0,1.0,125.8497860410211,74.86793566474842,165.56305149771285,8.978040218578217,9.04267914392863,9.37281307408814,43.0,43.0,44.0,-0.4905464867407094,-0.36418311857626745,0.7916658389057921,9.793033049697586,0.45505857231097785,-0.8818292660384704,-0.1236884850111237,8.958110716706878,0.7431593638733495,0.29957937462735496,0.5983028983593858,8.606604049391349,48.678639910789684,42.565515287664496,43.33433000987711,15.267589790682564,4.138306316802866,33885.0,89790.09210165446, 0.0, 0.0,0.0,NaN, 110.85741041090773,110.85741041090773,0.0, 80.60520616640798, 1.4223046343092633, -8.825116360532396, 1.4223046343092633, 81.77004610004182, -5.6203731606237035, -8.825116360532396, -5.6203731606237035, 87.84962492179757, 5.622622641830014, 3.6348117890347384, 18.0, 0.0
31, 0 ,1.0,1.0,1.0,44.49182833954083,56.48318416810273,171.5448051587081,9.038481572348864,11.377504820639462,8.017654990183374,43.0,54.0,40.0,0.24473246575558288,-0.9662994385754127,0.07982114515611813,11.533097822702942,0.9419651895168897,0.2564639615503498,0.21662829493007227,8.9072036244151,-0.2297990468727014,0.022172763353773772,0.9729854914754152,7.941910023674884,50.99649099150758,45.199809370854155,37.65202967546472,15.923900695591447,4.674820130863074,35978.0,86789.12089438702, 0.0, 0.0,0.0,NaN, 77.32768583255847,77.32768583255847,0.0, 81.69414913368999, -12.610232471359714, 4.68507623316085, -12.610232471359714, 129.4476159436742, -4.490824750652653, 4.68507623316085, -4.490824750652653, 64.28279154161235, 5.494165780925951, 3.531830758582692, 20.0, 0.0
32, 0 ,1.0,1.0,1.0,188.2888644458412,183.70647391577623,185.9998952440813,6.678412209399451,9.924629751701508,7.780154126308053,27.0,48.0,29.0,0.14359428442355116,-0.8965033134578669,0.4191210928120346,10.52576564745927,0.23071575101981778,-0.3815143494050357,-0.8951072804024189,7.072662158075052,-0.9623673538271391,-0.22523012710807153,-0.1520541552560541,6.543391407261382,56.552738367928995,37.99975311282424,31.239314337054054,13.489599311407298,4.654135149930742,19092.0,67132.97711101937, 0.0, 0.0,0.0,NaN, 24.466970008602622,24.466970008602622,0.0, 44.60118963865566, -9.385041045752514, 2.6027434385549886, -9.385041045752514, 98.49827570835872, -23.08043091620392, 2.6027434385549886, -23.08043091620392, 60.530798229108235, 6.1289485537722355, 3.8315411080429045, 7.0, 0.0
33, 0 ,1.0,1.0,1.0,87.74189069423929,75.84942392909896,97.36245199409159,10.472150446671495,8.56267796182322,9.327423515541957,48.0,42.0,46.0,0.8646076328055169,0.22565611140107675,0.448924225991186,10.968051665792675,-0.4779822803379123,0.09399213413301157,0.8733260664861042,8.88627472954789,-0.15487601808353052,0.9696622082501036,-0.1891259392947544,8.409648172272203,50.01406745940129,47.80783533900837,42.78157336459587,15.770044297775632,4.614316974378798,33850.0,102293.4928440614, 0.0, 0.0,0.0,NaN, 151.43058327589506,151.43058327589506,0.0, 109.66593497772199, 9.302109804092664, 15.801380888401642, 9.302109804092664, 73.31945387789303, 5.698860201296509, 15.801380888401642, 5.698860201296509, 87.00082943828508, 5.88695690949259, 3.5907085743183513, 21.0, 0.0
34, 0 ,1.0,1.0,1.0,142.95293553031516,71.15523916173412,115.79286514157735,9.316599848445069,9.568560172345267,8.090175284619404,47.0,42.0,36.0,0.5231403081615379,0.8158647019757905,-0.24635138734459566,10.031054698984311,-0.8398167107278033,0.4443148237951316,-0.3119170238031824,9.066707867852108,0.14502451640665875,-0.37006637975619583,-0.9176158042531518,7.80897321731346,46.4361987666278,42.057657563280955,40.08540680550766,15.03564670024956,4.211489160496258,31255.0,78286.7091493636, 0.0, 0.0,0.0,NaN, 124.1300817120352,124.1300817120352,0.0, 86.7990327360467, 8.99965947230558, 0.451073576172139, 8.99965947230558, 91.55734377179209, -10.909197941671204, 0.451073576172139, -10.909197941671204, 65.45093613586666, 5.61819361021301, 3.576333831461513, 18.0, 0.0
35, 0 ,1.0,1.0,1.0,146.37700310064042,106.19131241125504,84.05639108638326,9.436856055605999,9.065940775377825,9.573113712698293,43.0,49.0,45.0,-0.8198034561760643,-0.5565713943807327,0.13472407431066658,9.798683576346054,-0.01152589255699887,-0.21918123743586226,-0.9756160817436579,9.596511567044939,0.5725289923161476,-0.8013662509197464,0.17327055388693527,8.647705269454827,47.49184953180077,43.44130941847888,41.77165265262916,15.59212249707179,4.446994102698258,34509.0,86179.43620649705, 0.0, 0.0,0.0,NaN, 136.89767180656685,136.89767180656685,0.0, 89.05425221422762, 9.731172318223429, -2.1502984158870233, 9.731172318223429, 82.1912821426583, 2.109557102428271, -2.1502984158870233, 2.109557102428271, 91.64450615625209, 5.343390250488222, 3.43280614047521, 21.0, 0.0
36, 0 ,1.0,1.0,1.0,8.948955271311672,98.60054023993008,112.88170334472075,6.014869315032938,9.700641641983077,10.856828645323317,24.0,50.0,59.0,0.019340796468654387,-0.019090851904859492,0.9996306682797927,10.858556860777654,-0.04022376016074432,0.9989933691152612,0.019856927815497145,9.705132607331691,-0.9990034948439814,-0.04059295304958342,0.01855342157730827,6.004496094792596,58.90184602088834,49.56677787744137,25.155642752485967,14.945612230817881,4.978002051329535,25174.0,73443.77860245854, 0.0, 1.4210854715202004E-14,0.0,88.90610830493736, 131.87777655151473,131.87777655151473,0.0, 36.178652876924815, -2.3663027644271475, 1.5361082385782707, -2.3663027644271475, 94.10244826617615, -0.4088579949745065, 1.5361082385782707, -0.4088579949745065, 117.87072823391291, 5.556046184798452, 3.5261028519694926, 15.0, 0.0
37, 0 ,1.0,1.0,1.0,101.34779713294311,97.07707405979461,171.78328835301951,9.237479999097257,8.419317974155117,8.761937528779988,41.0,41.0,46.0,-0.8700062117673635,-0.347108625471353,0.35014967315362344,9.511569841693985,-0.24750450930692672,-0.3067450478413682,-0.9190478733436763,8.668774613128868,-0.4264161223018414,0.886240981758452,-0.18095914702737842,8.207916117702862,44.938140055933474,45.90963183472064,40.81717160637641,14.66910193961038,4.219591144554282,28531.0,84209.6400133487, 0.0, 0.0,0.0,NaN, 141.2529583927453,141.2529583927453,0.0, 85.33103673372187, 7.566408261352823, -5.267833946479733, 7.566408261352823, 70.88491514993143, -0.6149259082503634, -5.267833946479733, -0.6149259082503634, 76.77154925824317, 5.361714050456313, 3.5283727981703796, 16.0, 0.0
38, 0 ,1.0,1.0,1.0,116.80605857025071,38.142791706110486,158.06067731395243,9.202902559429587,8.436257296294018,9.700839269624705,45.0,39.0,47.0,-0.5984407020988061,-0.17640718263052435,0.7815044670300031,10.165617138663455,0.5981303388771205,0.5505989546911281,0.582306524785511,9.04476540103656,0.5330185960979502,-0.8159174572279959,0.22398633709307372,8.051247248286831,50.32109224725265,43.98503226400703,41.59465901353108,15.21432496207802,4.300517546880707,32747.0,92064.5728226978, 0.0, 0.0,0.0,NaN, 100.67279293392386,100.67279293392386,0.0, 84.69341551835565, 9.659964886111965, -12.098013203624369, 9.659964886111965, 71.17043716927407, 0.13565434635106036, -12.098013203624369, 0.13565434635106036, 94.10628253509279, 5.2853414613254035, 3.40538763427518, 13.0, 0.0
39, 0 ,1.0,1.0,1.0,180.87156416847932,160.22454024124974,7.994512556851888,10.30584384836204,9.399605705277487,5.354574198333201,44.0,53.0,20.0,-0.9882766103583467,0.149590116019956,-0.03053094508450353,10.33138455623376,-0.14746335750444917,-0.9870650287470729,-0.06290617790055009,9.388029012893996,-0.03954617063802605,-0.057666508596209934,0.9975523415712036,5.325586736805405,46.77821801760882,50.29326152193926,21.768458050401506,14.137517857996222,4.833741666845184,20228.0,51213.109009774154, 2.8421709430404007E-14, 0.0,0.0,8.781919028883866, 44.854169119516946,44.854169119516946,NaN, 106.2104174268217, -2.88642695537043, 2.9193070804182035, -2.88642695537043, 88.3525874146851, 3.353516114632156, 2.9193070804182035, 3.353516114632156, 28.671464845455645, 5.8230178221464985, 3.600610705190559, 11.0, 0.0
40, 0 ,1.0,1.0,1.0,56.416049082735995,82.64472725063783,72.64761268375653,9.878792468154524,8.83616413278592,8.758174067597132,48.0,43.0,45.0,0.8848507808538718,-0.4154203442675571,0.21086733552382614,10.265272406979912,0.0593996584703731,0.5495340412164371,0.8333570771991649,8.810613737954954,0.4620722629588326,0.7248712127771081,-0.5109314520472857,8.328938598632243,47.94739632215202,41.58235727243648,41.75721801283664,15.290169687317444,4.310993057495247,32924.0,83254.11168017614, 0.0, 0.0,0.0,NaN, 123.65515421965677,123.65515421965677,0.0, 97.59054062886655, -12.9652677037795, 7.126624998721209, -12.9652677037795, 78.07779658153234, 0.6268110060108493, 7.126624998721209, 0.6268110060108493, 76.70561299833089, 5.236618774213814, 3.3746100979952494, 21.0, 0.0
41, 0 ,1.0,1.0,1.0,154.64177643289426,180.02981488074047,136.65996202681856,9.287177972307013,10.465805237550775,8.731892696536526,44.0,49.0,43.0,-0.010277884570185726,0.9233241490758052,0.3838839418655102,10.79394240847721,0.9956485813332236,-0.026109155995984484,0.08945509746412543,9.294980144142077,0.09261893746907689,0.383132911280952,-0.9190380322464797,8.314135879690658,53.96943512191933,45.04636147829453,41.67424825116949,15.776082026262147,4.811022752401829,33708.0,101315.37692910897, 0.0, 0.0,0.0,NaN, 80.42472971235345,80.42472971235345,0.0, 86.25167468930461, -0.8986586363788768, 1.351371824903153, -0.8986586363788768, 109.53307927034523, 16.755005878813613, 1.351371824903153, 16.755005878813613, 76.24595006382792, 5.399480101569446, 3.4949566494856947, 18.0, 0.0
42, 0 ,1.0,1.0,1.0,133.70609614562335,137.21244884246534,18.047828477185266,9.3819429131394,8.436908476973285,9.704681403321404,48.0,39.0,38.0,0.5041676856055816,0.16328352834671936,0.8480291470001238,9.803085915430216,0.7756900909835761,0.34603989351829106,-0.5277890438837675,9.457326045524981,0.37963117303641275,-0.923901986936112,-0.04780471728293263,8.236601800350137,48.40424294507096,53.68686384454459,41.03615355507901,15.296615924767213,4.404163923419563,32742.0,106639.5032514036, 0.0, 0.0,0.0,NaN, 93.0746065334432,93.0746065334432,0.0, 88.0208528254066, 8.12404236793855, 3.2392417517547596, 8.12404236793855, 71.18142464882366, -0.0318457909504907, 3.2392417517547596, -0.0318457909504907, 94.18084113997229, 5.323195849443413, 3.38601906632942, 12.0, 0.0
43, 0 ,1.0,1.0,1.0,15.989643744821873,152.7768147345612,56.8834363647951,9.413952985292026,8.309996702639875,9.35143931108494,39.0,40.0,45.0,-0.8003533351959902,0.3415313754729424,-0.4927381235587672,9.518043316542164,0.5517591724477632,0.0981194954971414,-0.8282115552340149,9.411111176945246,-0.2345130155458635,-0.9347346597676515,-0.26697333456478184,8.12193394676923,56.236600274475556,49.48385279867447,38.06181458799503,15.060832310444832,4.277768496865155,31382.0,105918.55655653011, 0.0, 0.0,7.105427357601002E-15,60.47929007424154, 75.6400903381796,75.6400903381796,0.0, 88.62251080928864, -5.508079001060105, -0.6169104321407711, -5.508079001060105, 69.05604519788561, -5.981244398093619, -0.6169104321407711, -5.981244398093619, 87.44941718890477, 5.637891344157713, 3.669504065948819, 18.0, 0.0
44, 0 ,1.0,1.0,1.0,117.78480014339488,89.3814662125829,63.26994084961463,8.337591884901506,8.750399203311154,8.675073734461785,40.0,42.0,39.0,-0.4044736563295149,-0.7245970715669781,0.5579965458781919,9.303229070865969,-0.5153900940905509,-0.32342543249302896,-0.7935798891920279,8.409459936611047,-0.7554959379432609,0.6085680516534345,0.24263308566223243,8.004545045432673,49.81614853672161,42.268114231351746,40.54804337191824,14.34276113240643,3.9531041035578265,27895.0,85379.36539404963, 0.0, 0.0,0.0,NaN, 136.93601062133493,136.93601062133493,0.0, 69.51543843917545, 7.695534743650658, -2.3546709116244244, 7.695534743650658, 76.5694862173085, -7.382234829924727, -2.3546709116244244, -7.382234829924727, 75.25690429834873, 5.294931705605067, 3.387988245058477, 16.0, 0.0
45, 0 ,1.0,1.0,1.0,187.19579670532613,25.076272438501885,176.99737755780453,8.025443126335931,9.222623743033552,9.70563422273203,32.0,48.0,50.0,0.06612772909658632,0.5476705152572905,-0.8340768131067682,10.147961224673379,-0.5066605304557281,0.7385562523950548,0.44478058515013036,9.107263915236626,-0.8596058575433563,-0.39318147052726915,-0.32632208155619113,7.598716253805012,51.14649487290552,53.95130851629801,37.54533686140422,14.863783975090275,4.767786455675754,27074.0,103603.36562238079, 0.0, 0.0,-2.8421709430404007E-14,33.48016831082459, 36.35777359299523,36.35777359299523,0.0, 64.40773737405264, -7.791989369745843, -8.174562252859587, -7.791989369745843, 85.0567887055662, -12.387219644561773, -8.174562252859587, -12.387219644561773, 94.19933566546716, 5.470368053353792, 3.534932660080573, 8.0, 0.0
46, 0 ,1.0,1.0,1.0,182.98568513119534,94.83195335276967,78.27020408163266,9.450888818397486,8.506072910535288,10.5378503522216,38.0,44.0,49.0,0.14105831496458146,-0.3542124708549014,0.924465292626077,10.890546000604507,0.9848699675228155,0.1451594272770115,-0.09465668356866275,9.432451490506109,-0.10066627464528974,0.9238302150089458,0.369329168879962,8.071166740368836,48.02403872125319,41.31261928310613,38.46147593426633,15.821529421106682,4.732660207528006,34300.0,76307.52318166845, 0.0, 0.0,0.0,NaN, 124.13223245449642,124.13223245449642,0.0, 89.31929945771063, 0.735320381813698, 4.750107003034443, 0.735320381813698, 72.35327635934227, -17.833339465698696, 4.750107003034443, -17.833339465698696, 111.04629004581692, 5.370891439041487, 3.298291154751557, 13.0, 0.0
47, 0 ,1.0,1.0,1.0,29.365963104537144,150.04124425239598,125.79909700293612,9.724723261880515,8.790124550009466,10.694948048492144,56.0,41.0,50.0,-0.4384036538499253,0.3887063514344983,0.8103762142644093,11.426286407400356,0.8501003231919171,-0.11336973990887883,0.5142730233854305,9.391026723340147,-0.29177333120083687,-0.9143602541818371,0.2807376867691496,8.213832351731693,53.886441125931356,49.591468747083,41.221147961745785,16.171569122725074,4.969788526057525,36102.0,110155.59361501425, 0.0, 0.0,0.0,NaN, 94.14887715998252,94.14887715998252,0.0, 94.57024252016001, -12.749014433069014, -13.354818835598962, -12.749014433069014, 77.26628960467913, 18.66589509064949, -13.354818835598962, 18.66589509064949, 114.38191375994592, 5.506956552040623, 3.3474967596614635, 22.0, 0.0
48, 0 ,1.0,1.0,1.0,15.766553545456865,130.77359597866857,12.417902069352657,9.761624156723261,12.970998201509785,8.059691573140471,41.0,60.0,31.0,-0.20998711422956276,-0.9644016921449393,0.16073203801830815,13.217645717963455,0.9751298043560556,-0.21850681532551341,-0.03710304991268288,9.580319247013282,0.0709032898676894,0.14894343840626342,0.9863004489716393,7.87439226699776,61.43388247059892,45.7027137111249,35.546611661212275,17.196134788402475,5.7260524896232585,39191.0,99804.04890122169, 0.0, 0.0,0.0,NaN, 72.07692776631372,72.07692776631372,0.0, 95.28930617712314, 16.47856981472376, -4.881136331491756, 16.47856981472376, 168.2467943435701, -17.22826554409554, -4.881136331491756, -17.22826554409554, 64.95862825415152, 5.539062438149021, 3.408333121061526, 11.0, 0.0
49, 0 ,1.0,1.0,1.0,179.59403396053236,81.61043292029983,17.87370353373107,9.95159807858296,8.865863640222509,9.329930073248873,45.0,44.0,41.0,-0.7587920038190401,0.4950545613949168,0.42326785394401545,10.67044143287302,0.546003762692134,0.1291484364651985,0.8277684292630556,9.167900937407229,-0.3551261551425316,-0.8592099060187102,0.3682984541550525,8.17170175703346,54.06802620983679,44.81194636546965,43.158932251015514,15.57306880394338,4.707968309580832,32685.0,104569.49601231879, 0.0, 0.0,0.0,NaN, 86.00078772577828,86.00078772577828,0.0, 99.03430431765605, -16.467834345434948, -7.314206143825173, -16.467834345434948, 78.60353808701953, 11.712157475753267, -7.314206143825173, 11.712157475753267, 87.04759517171372, 4.635477253757742, 3.2308682182447948, 14.0, 0.0
