// Sample: .//bubblelabels.tif, Map: .//bubblelabels.tif, Thickness:(8.191250068658265):/gpfs/home/mader/Foam/NewValid/InSilicoTest/LatticeData_OldFoam/out_Step_03500.vtk/distmap.tif, Neighbors:(1.0):
//LACUNA_NUMBER, TRIANGLES, SCALE_X, SCALE_Y, SCALE_Z, POS_X, POS_Y, POS_Z , STD_X, STD_Y, STD_Z,PROJ_X, PROJ_Y, PROJ_Z, PCA1_X, PCA1_Y, PCA1_Z, PCA1_S, PCA2_X, PCA2_Y, PCA2_Z, PCA2_S, PCA3_X, PCA3_Y, PCA3_Z, PCA3_S,PROJ_PCA1, PROJ_PCA2, PROJ_PCA3,OBJ_RADIUS, OBJ_RADIUS_STD, VOLUME, VOLUME_BOX, Mask_Grad_X,Mask_Grad_Y,Mask_Grad_Z,Mask_Angle, Mask_Distance_Mean,Mask_Distance_COV, Mask_Distance_STD, SHAPET_XX, SHAPET_XY, SHAPET_XZ, SHAPET_YX, SHAPET_YY, SHAPET_YZ, SHAPET_ZX, SHAPET_ZY, SHAPET_ZZ, Thickness, Thickness_STD, Neighbors, Neighbors_STD
1, 0 ,1.0,1.0,1.0,79.22148730240602,138.2048423799266,39.68605236809369,15.396281731197359,15.477561253903467,16.06039118078027,84.0,80.0,80.0,0.08195621941065336,-0.4721223114742737,0.8777150455062854,16.295286102410145,0.9885405220559683,-0.0735123799978482,-0.13184675286242578,15.392579599878404,0.12677071567687234,0.8784625507073365,0.4606872395145458,15.23380131472201,90.07915546302317,82.44740149372561,88.49582920342517,26.089263626726826,7.340768475410724,164795.0,657240.1426159175, 0.0, 0.0,0.0,NaN, 164.16944070145547,164.16944070145547,0.0, 237.04549114640153, -1.6483555136219146, 1.7736708550901614, -1.6483555136219146, 239.55490236833384, -13.821487725900592, 1.7736708550901614, -13.821487725900592, 257.9361648796847, 7.0693475114618884, 5.520968210297803, 53.0, 0.0
2, 0 ,1.0,1.0,1.0,58.65446447845303,262.44407330402083,12.994853266982515,14.580348019626351,18.161029693927762,8.127676945911324,83.0,79.0,33.0,-0.340408283528859,-0.9402517635762789,-0.006987245282148238,18.643714598337283,-0.936820557272965,0.3385106772518717,0.08819163711628365,13.994740967128937,-0.08055708519867999,0.036566958831379094,-0.9960790197299193,8.06398237181572,87.54217030103936,73.29851521905434,37.000739619979555,23.343477981295916,7.971870306968181,88017.0,237423.05670616604, 7.105427357601002E-15, 0.0,0.0,70.09824914642026, 70.8495592412421,70.8495592412421,0.0, 212.58654837342206, 48.95122080274472, -10.136650051595304, 48.95122080274472, 329.8229995437259, 5.761979676729404, -10.136650051595304, 5.761979676729404, 66.05913253709844, 7.793962007613915, 5.5341430984025255, 23.0, 0.0
3, 0 ,1.0,1.0,1.0,77.84819950553585,14.787874879071268,258.328754165323,15.333576453102777,9.179503830938483,16.48584987429056,73.0,39.0,82.0,-0.5746495165768074,0.10493652880920311,0.8116441695838866,17.527189026007903,0.8049398888836795,-0.10665491813389578,0.5836921309404317,14.268818137064816,-0.14781646857495892,-0.9887431685525457,0.023178400693336824,8.964573460068612,94.83688017134807,88.76276452323546,40.58099753966056,23.06779590930519,7.683872421487107,93030.0,341610.1743076775, 0.0, 0.0,0.0,NaN, 89.52941493781171,89.52941493781171,NaN, 235.11856684314796, -24.258643781121556, -47.899433878074724, -24.258643781121556, 84.2632905822143, 11.648249324933586, -47.899433878074724, 11.648249324933586, 271.7832460776461, 7.050369332386232, 5.260918058596561, 34.0, 0.0
4, 0 ,1.0,1.0,1.0,153.96686127328329,176.52375868779538,14.237731442869057,15.766296138577925,15.366104572978672,8.873461776873196,78.0,67.0,38.0,-0.7502632672734663,-0.659939318729991,0.03981363302109127,17.171700011182157,0.6545930168989724,-0.7499397529099808,-0.09538526737614106,13.827747442398138,0.09280631447937447,-0.045502336198392106,0.9946439188942161,8.795323017257585,81.72426467625377,68.28929833740958,40.990179378146976,22.61994151466047,7.195125673399672,89925.0,228761.7925304375, 0.0, 0.0,0.0,NaN, 191.76749665051565,191.76749665051565,3.814697265625E-6, 248.5760939293372, 51.80610287339, -13.60572210509034, 51.80610287339, 236.11716974771605, 2.4290029110071107, -13.60572210509034, 2.4290029110071107, 78.7383239056296, 8.106155166542791, 5.552732364210596, 23.0, 0.0
5, 0 ,1.0,1.0,1.0,17.402088825795985,164.29231393226527,12.72522814844859,10.562332280765892,14.272219873915631,8.190096106152144,45.0,73.0,35.0,-0.019165093565379383,0.9986755152949838,0.04774844854998339,14.284230644481,0.9986318526929964,0.021444509315733495,-0.047692303437359466,10.565764537595214,0.04865307776065159,-0.0467690941809607,0.9977201661056614,8.164690575770496,73.47629399913365,47.098315791040555,37.199034038818695,18.540342639013513,6.212285601506918,49310.0,128731.33794823523, 0.0, 0.0,0.0,NaN, 137.4093889979495,137.4093889979495,0.0, 111.5628632093092, -1.6662483945451667, -2.267655617507381, -1.6662483945451667, 203.69626012939233, 6.504858273540057, -2.267655617507381, 6.504858273540057, 67.07767422800849, 7.521207526150907, 5.205284734880246, 17.0, 0.0
6, 0 ,1.0,1.0,1.0,279.8168873046642,207.44875104500647,208.7915407299887,12.697091844599132,14.804526888308457,14.764958344572458,51.0,77.0,76.0,0.3718952321149814,0.3375779261253652,-0.8647167629478688,15.329845472649884,-0.2077120480844704,0.938173551371511,0.2769225389662622,14.751747695215684,-0.9047373328268808,-0.07662591793814708,-0.41902127307505216,12.073770344642485,87.00266873124846,78.2868475010468,61.93102277766934,23.378152615600865,7.201120252813491,108851.0,421822.3936481104, 0.0, 0.0,2.8421709430404007E-14,30.149620992966547, 131.4993337002554,131.4993337002554,0.0, 161.2161413101858, -2.797057391947906, -32.82651523798462, -2.797057391947906, 219.17401638664808, -7.3829031431750805, -32.82651523798462, -7.3829031431750805, 218.00399491695987, 6.8739478675331025, 4.933663036720895, 31.0, 0.0
7, 0 ,1.0,1.0,1.0,189.74138494283028,113.99278325001238,234.54944315200711,13.204893483163113,13.155337656818842,13.355216794687506,64.0,69.0,68.0,0.6566935277893904,-0.28789133550694923,0.6970453281527322,14.153643345960967,-0.0838979789269337,-0.9464210838733511,-0.31184653458386846,13.076094713562338,0.7494763102937283,0.14630690667230095,-0.6456621015426581,12.429161817153432,66.95770880588265,67.12567385679682,69.29522302276618,22.097453980491785,6.123435635304797,101015.0,311453.01520603424, 0.0, 0.0,0.0,NaN, 171.56658246617195,171.56658246617195,0.0, 174.36921190168366, -7.356477061591627, 21.415449714428892, -7.356477061591627, 173.06290886491587, -4.329341740753121, 21.415449714428892, -4.329341740753121, 178.36181563310322, 6.496954075680484, 4.8245565485921915, 36.0, 0.0
8, 0 ,1.0,1.0,1.0,121.77676337664434,186.56059841820675,114.61359050924058,12.523865924945257,12.662515490069811,14.727845051117392,63.0,67.0,78.0,-0.001804193860285803,-0.20073546586883861,0.9796438218183867,14.811771873433733,-0.34174984343727083,-0.920537935496701,-0.18925367584824457,12.570392019674646,-0.9397892260475834,0.3351345730507251,0.0669404851415999,12.517691262091553,78.21342471307285,66.50822926376424,66.44095860703405,22.201003461771837,6.419609130033588,99128.0,345614.99575836747, -1.4210854715202004E-14, 0.0,0.0,89.89662725030045, 202.07511736764243,202.07511736764243,0.0, 156.8472177060049, 0.4386498506627393, -0.025299164928228025, 0.4386498506627393, 160.3392985362579, -12.09877974123355, -0.025299164928228025, -12.09877974123355, 216.90941984972304, 6.2971476077030495, 4.666405283390544, 35.0, 0.0
9, 0 ,1.0,1.0,1.0,260.4386658714502,141.09114098270405,126.05891636463734,14.628556395616517,13.262439921541812,13.583664108572691,74.0,68.0,65.0,-0.884545240266893,-0.22793688069953383,0.4069698961079938,14.954723058253965,-0.46602250807897966,0.46937697463302436,-0.7500055184117826,13.390704456083101,0.020068380227667573,0.8530709431819345,0.521408885629812,13.093822892017752,81.16060402130523,70.60841200565848,66.19865710122974,22.981755641609503,6.800133317528271,108985.0,379359.4388751377, 0.0, 0.0,0.0,NaN, 193.29423068694697,193.29423068694697,NaN, 213.9946622197329, 8.80378705233618, -16.04133296839606, 8.80378705233618, 175.892312672506, -7.609810673486867, -16.04133296839606, -7.609810673486867, 184.51593061452593, 6.045252166699722, 4.609899095277556, 37.0, 0.0
10, 0 ,1.0,1.0,1.0,22.118340282312754,132.247510925805,191.1003767518963,13.295439262289433,13.679884527197322,13.310510146965392,58.0,65.0,62.0,0.6406567195344476,0.5136376190650735,0.5707323050226989,14.087833934732409,-0.26110848824434457,0.8447483354683479,-0.4671430263743739,13.559095041679049,0.7220673964957242,-0.15025526947371307,-0.6753088396528425,12.600059638956681,76.41502449299634,74.23406987309941,63.318627498283746,22.31378261146939,6.570596000000775,99535.0,359181.1366515285, 0.0, 0.0,0.0,NaN, 172.73607922635622,172.73607922635622,0.0, 176.76870517722736, 7.5321401396989005, 17.578134949907824, 7.5321401396989005, 187.13924067745268, 1.7396606052171026, 17.578134949907824, 1.7396606052171026, 177.16968037246863, 6.394392501418928, 4.644164021701982, 35.0, 0.0
11, 0 ,1.0,1.0,1.0,47.193894231208276,248.5929791877848,213.65084061623884,13.301802131439313,14.552737581086458,13.277936975041262,64.0,71.0,65.0,-0.052248343704975254,0.8615303740454087,0.5050104208600706,15.097188078530872,-0.8011089259016734,-0.3380879082836291,0.49388364531847834,14.045824884880446,-0.5962336785361546,0.3787637533734969,-0.7078442058176829,11.8242732032813,71.13055684880948,67.64853925374713,64.62061206381632,22.86646904224855,6.492173357280448,109503.0,310946.51879836, 0.0, 0.0,2.8421709430404007E-14,59.66795587444245, 111.02307313246281,111.02307313246281,1.3486991523486091E-6, 176.93793994396344, 11.59973576874552, -25.063876313562766, 11.59973576874552, 211.78217110396614, 28.7393675631331, -25.063876313562766, 28.7393675631331, 176.3036103131679, 6.983276750459088, 4.9154660782870305, 42.0, 0.0
12, 0 ,1.0,1.0,1.0,264.312706221129,281.5986261923331,25.310806487091806,15.769334705716261,11.12058420575826,14.1265840651813,74.0,51.0,63.0,-0.9468882666656906,-0.14872662555516802,0.28510173851068904,15.98548493139147,-0.3047636362358239,0.1322465842485606,-0.9432019757098196,14.038178068532178,-0.10257551598292379,0.9799955264211988,0.1705492061408545,10.922157090673073,84.2502011088383,71.60018850927672,54.6192022391092,22.841576777821672,7.082517757962253,100014.0,329481.0676094643, 0.0, 0.0,0.0,NaN, 47.46399077507012,47.46399077507012,9.5367431640625E-7, 248.67191706090736, 16.051932387814585, -14.422615562659114, 16.051932387814585, 123.66739307736006, -15.478495962451724, -14.422615562659114, -15.478495962451724, 199.5603773506342, 6.323560856312956, 4.72373367941464, 23.0, 0.0
13, 0 ,1.0,1.0,1.0,135.591840055127,21.220737706486993,249.46767988055817,15.046581514966547,12.69635960001112,13.576119164563146,73.0,55.0,69.0,0.9123683561318234,0.18008843156539217,0.36763043881815727,15.44932239107736,0.2742413034161067,0.39786329257360364,-0.875497862888954,13.361256787007875,0.3039336938049955,-0.8995959966778464,-0.3136101920079181,12.437983304295685,80.23204719754918,72.14452704619634,62.59531114191096,22.887628832492005,6.93286523566824,104486.0,362320.63346654945, 0.0, 0.0,0.0,NaN, 146.24972538434525,146.24972538434525,1.9073486328125E-6, 226.399615286533, 16.39718049277955, 22.448405947840747, 16.39718049277955, 161.1975470927945, -2.737242968102853, 22.448405947840747, -2.737242968102853, 184.31101157041874, 6.866111027496589, 4.686554074314693, 31.0, 0.0
14, 0 ,1.0,1.0,1.0,144.4089236375044,151.8242057890228,58.656157623580796,12.273205174572084,11.703226603993256,13.430162565593525,61.0,59.0,67.0,0.36023182741754667,0.1178125171554058,0.9253935602309551,13.595313538536113,-0.7415438041312887,-0.5657030117455432,0.36068391848891646,12.513904427759556,-0.5659910044072363,0.816149688049643,0.11642108755100447,11.248821738369958,69.71474455731284,65.54004069539127,60.19743818472821,20.815013831335303,5.890801638243745,82881.0,275048.547951785, 0.0, 0.0,0.0,NaN, 215.0594058472188,215.0594058472188,3.814697265625E-6, 150.63156525714297, 15.084832680571411, 11.39309981565858, 15.084832680571411, 136.9655129444155, 0.2218508050766178, 11.39309981565858, 0.2218508050766178, 180.36926653826964, 5.732462439241575, 4.49621011437204, 31.0, 0.0
15, 0 ,1.0,1.0,1.0,32.064739407216905,11.110698353733072,72.77157054182344,16.4957854122518,7.42644082390023,13.149703576152687,75.0,31.0,63.0,-0.9978131685293898,0.02178020157306629,0.06240595747824701,16.510259443600127,-0.06336480282303764,-0.0465290479673858,-0.9969051857917315,13.145180129313625,-0.01880910610682262,-0.9986794633488194,0.04780739495911652,7.40224535472482,76.55446728215378,63.81886355004768,32.640146477800464,21.10322759946909,7.404826041420325,62991.0,159467.32311182437, 0.0, 0.0,0.0,NaN, 80.29505968790335,80.29505968790335,0.0, 272.11093636705925, -4.3853475557859785, -6.107943431118018, -4.3853475557859785, 55.152023310891934, 5.769583569269947, -6.107943431118018, 5.769583569269947, 172.91470414068277, 6.159456943217925, 4.444327733402174, 26.0, 0.0
16, 0 ,1.0,1.0,1.0,218.64876799105687,29.359681401089944,269.6897480087568,12.595734102443128,14.11586923389715,14.40951580299932,68.0,64.0,65.0,-0.3051782580452275,-0.6117683665365932,0.7297983944361818,15.227093402332969,-0.05411101747917223,-0.7539791657264526,-0.654665880764998,13.514746111023541,-0.9507566610883402,0.23927992677111465,-0.1969946396239267,12.289495170918205,77.31192686634594,77.28328473265694,60.79535646708209,22.83775544487005,6.631843915917558,107345.0,363247.37042421324, 0.0, 0.0,0.0,NaN, 91.64455912447319,91.64455912447319,0.0, 158.65251757944878, 16.38124801215981, -16.882932887659535, 16.38124801215981, 199.25776422848415, -20.483042252718008, -16.882932887659535, -20.483042252718008, 207.63414567688713, 6.177866932149926, 4.6211269610165076, 34.0, 0.0
17, 0 ,1.0,1.0,1.0,161.97684626767307,256.05910294830824,281.86746913042936,14.978668928126082,13.172282358821725,10.195327761572274,72.0,67.0,43.0,-0.924374331905745,0.37840283001383895,-0.04840860203853399,15.310200360498483,-0.38099387412667823,-0.9092694679549931,0.16754910481046384,12.867275518200552,0.019384591606542052,0.17332147265229575,0.9846745171506606,10.091840229855553,75.25821698753192,63.53670578342573,46.76982416001192,21.399658559000926,6.623357692514997,80419.0,223637.3595338202, 0.0, 0.0,0.0,NaN, 145.97938921526168,145.97938921526168,0.0, 224.36052285840972, -24.291758792203883, 1.8639404558731527, -24.291758792203883, 173.50902254052602, -12.135976333664022, 1.8639404558731527, -12.135976333664022, 103.94470816588631, 6.575445073608642, 4.856893369138153, 30.0, 0.0
18, 0 ,1.0,1.0,1.0,40.691234297929924,85.52458887788423,38.12972533022152,12.413802111251213,12.429671969915827,15.732196725911084,58.0,60.0,78.0,0.09327542037708372,-0.008634449694896629,0.9956029038888669,15.758769443757439,0.5725724888321075,0.8185318556261237,-0.0465440260168891,12.47680066652567,-0.8145308103356702,0.574396246160889,0.0812927512770637,12.332553373331296,79.58127253247078,61.58655134519881,63.281488942734455,22.604527126848144,6.718377432935708,101977.0,310151.1916236173, 0.0, 0.0,0.0,NaN, 102.09852009298805,102.09852009298805,0.0, 154.1024828573051, 1.5997012071147232, 8.84262786189725, 1.5997012071147232, 154.49674527971118, -0.9637250190291695, 8.84262786189725, -0.9637250190291695, 247.50201382276745, 5.9398090513999815, 4.403504766506726, 34.0, 0.0
19, 0 ,1.0,1.0,1.0,190.70142376928968,281.8093291282171,59.86430712922945,14.177051056977405,10.297722445790521,12.753188948511534,67.0,44.0,68.0,0.9802374973626157,0.16230333167986352,-0.11310206580735727,14.287765488838279,-0.11605827505070881,0.008818877904247346,-0.9932032542157538,12.733855718966689,-0.16020276388542595,0.9867015029471308,0.0274812395161539,10.167810406553619,68.85297549327225,67.02067491904296,48.623106259107516,20.753375321538456,6.242844332714024,77049.0,224374.86786114547, 0.0, 0.0,0.0,NaN, 125.9397258250495,125.9397258250495,NaN, 200.98877667214413, 15.969689633799836, -4.396482945814786, 15.969689633799836, 106.04308757053792, -2.3642936827796417, -4.396482945814786, -2.3642936827796417, 162.64382835643673, 6.133260274503859, 4.686677483738379, 34.0, 0.0
20, 0 ,1.0,1.0,1.0,281.8762426697378,103.88471466581947,167.83956157420278,10.919569165333323,13.215021353699983,13.412413985714354,45.0,67.0,68.0,-0.33739468036125486,0.6895489171140181,0.6408487501515563,14.291906372968327,0.18885380215925757,-0.6173455538941948,0.763687572569478,12.786995586927585,-0.9222250653034316,-0.37869084751807136,-0.07806517105679271,10.295668270959037,76.09827535788975,67.90087680582647,54.05802292519246,20.76319600979919,6.531180637366495,75543.0,279325.35204708687, 0.0, 0.0,0.0,NaN, 169.0765684708082,169.0765684708082,1.9073486328125E-6, 119.2369907564983, -29.564258800805394, -12.951311687949635, -29.564258800805394, 174.63678937874653, 16.307834501538995, -12.951311687949635, 16.307834501538995, 179.89284892418598, 6.135005672101273, 4.5408528848560925, 26.0, 0.0
21, 0 ,1.0,1.0,1.0,277.8876699730671,207.33646456020494,11.38912610304583,12.864743517180704,12.160377963403713,7.179507893761476,49.0,66.0,28.0,-0.9203532204875973,0.3889681941218996,-0.040665630447052,13.01602518985338,0.39021452110033983,0.9202657770813377,-0.029043537238329857,12.009716825146027,-0.026126175773353515,0.04259863254178817,0.9987506092338715,7.160414904819955,64.34238935775198,61.48842249972404,30.524307422977078,18.159778075525114,5.928255377420544,45669.0,120763.68440460684, 0.0, 0.0,0.0,NaN, 95.94372378021,95.94372378021,0.0, 165.50162576284296, -8.911973916795787, 3.368241409021992, -8.911973916795787, 147.87479221283462, -4.353441321233263, 3.368241409021992, -4.353441321233263, 51.54533359658334, 6.464911039146424, 4.686872457845047, 14.0, 0.0
22, 0 ,1.0,1.0,1.0,52.91906545513398,188.79771565975352,48.33216573027213,14.002520927478308,11.122594306058971,13.01182133358518,73.0,55.0,68.0,-0.9390072576545625,0.02161582182022043,0.34321731646158826,14.14222009157567,0.3360960055048872,0.2690550574507116,0.9025789999461835,12.997921936549124,-0.07283436795714221,0.9628822006389103,-0.2599096430243651,10.96092272810981,70.28715924599955,67.06492642823513,58.138543775085395,21.243245583325393,6.149366465362516,86502.0,274053.65157889726, 0.0, 0.0,0.0,NaN, 132.29653727634852,132.29653727634852,0.0, 196.07059232446798, 2.7923147133468977, -10.93285135282845, 2.7923147133468977, 123.71210409717546, 12.44424679138413, -10.93285135282845, 12.44424679138413, 169.3074944171424, 6.026102139643528, 4.330368966041196, 32.0, 0.0
23, 0 ,1.0,1.0,1.0,91.06463197604407,268.35678129562336,39.317618474195164,11.316991070319542,14.712606821297028,13.57113436482899,61.0,61.0,66.0,-0.04894252506021249,-0.8535535811367906,0.518701179263447,15.312919088130888,0.2748379125368734,-0.5107846432705118,-0.8145938681523388,13.03263878868566,-0.9602441101475732,-0.10269046853323897,-0.25958797468164696,11.152381338351605,76.01237959767539,69.36968103428052,58.69575833180194,22.051726097893983,6.513996501032879,93839.0,309500.06463176355, 0.0, 0.0,0.0,NaN, 104.11501145074006,104.11501145074006,0.0, 128.07428688569226, -1.7839371536136803, -12.976101152463075, -1.7839371536136803, 216.4607994780758, -29.829024888543977, -12.976101152463075, -29.829024888543977, 184.1756879482424, 5.837649286100096, 4.259434416067777, 34.0, 0.0
24, 0 ,1.0,1.0,1.0,68.6370269088953,62.37276833245542,161.37413563159134,13.555115187719524,12.73336803566747,12.027557740671309,65.0,62.0,58.0,-0.9414016526472458,0.2176114349136228,-0.25769786919543797,13.764134141989755,0.101322458847168,0.9111986052149357,0.3993129864999636,12.818713430559468,0.32170901094964494,0.3498033236680151,-0.8798527984979142,11.694919914039216,66.89956276731508,63.24361044924274,65.63318647110437,21.31897635545411,6.003599057626766,89227.0,277692.03553927084, 0.0, 0.0,0.0,NaN, 166.78889041010797,166.78889041010797,0.0, 183.7411477523445, -8.248670828524586, 13.89466339449201, -8.248670828524586, 162.13866153175803, 7.069327386975271, 13.89466339449201, 7.069327386975271, 144.66214520518233, 6.248840868610998, 4.387854966363409, 37.0, 0.0
25, 0 ,1.0,1.0,1.0,124.00397470641373,169.07164107196627,274.35201445347786,13.089011133245004,11.556367429735731,13.176951959381215,68.0,56.0,61.0,-0.7500064627297095,0.30690104885795505,0.5859198341697921,13.32232581548883,0.5892768389827554,-0.09228723160390133,0.8026430551131557,13.13205788723893,0.3004049149101277,0.9472564663768595,-0.11163365982114849,11.338809199791418,75.75240593879869,70.77961063199652,60.108464359549316,20.988023898616397,6.164961994065406,83025.0,322285.10396173404, 0.0, -2.8421709430404007E-14,0.0,72.12742782088853, 182.1456562127451,182.1456562127451,0.0, 171.32221244621167, -13.645765029253274, -0.7402970764185379, -13.645765029253274, 133.54962817105684, 5.545476880827682, -0.7402970764185379, 5.545476880827682, 173.63206293984047, 5.677144315292304, 4.222039505050974, 31.0, 0.0
26, 0 ,1.0,1.0,1.0,276.7931337129794,207.8029310309636,287.124527993795,13.78449476193741,12.851627745275835,7.662013642560557,59.0,63.0,35.0,0.9769420938803309,0.11754883315909076,-0.1782313581490399,13.947589321310451,0.13011982298340996,-0.9896492194265102,0.060524822637209846,12.865470197165001,0.16927190219135912,0.08232067973137729,0.9821254139961367,7.336723610286368,67.3888812016454,63.04980930322799,40.43576416965351,19.217936264059134,6.674879051666704,48993.0,171805.7436111466, 0.0, 0.0,0.0,NaN, 95.94079397590723,95.94079397590723,0.0, 190.01229584187988, 1.7756354172802984, -23.62063782138047, 1.7756354172802984, 165.16433570314362, -9.63816631396128, -23.62063782138047, -9.63816631396128, 58.70645305878409, 5.60625215840143, 4.340233072883124, 16.0, 0.0
27, 0 ,1.0,1.0,1.0,12.989861118445372,250.00137297354385,81.19142419601837,8.248785327727871,11.867432872399345,13.75301161849302,33.0,57.0,60.0,-0.06325353626119912,0.043422047098731764,0.9970524138560666,13.772459524695876,-0.10936668272696938,0.9927344414333061,-0.05017227821616717,11.903378420815855,-0.9919868541768848,-0.11221788902780863,-0.0580450387405404,8.16410997927615,59.044238798295055,57.42419478054836,36.18725321658491,19.05669206284883,5.904764056591259,56811.0,122695.33803880902, 0.0, -2.8421709430404007E-14,0.0,87.51131748746236, 96.23225321785294,96.23225321785294,0.0, 68.04245938293862, -8.4849097739389, -7.347269712962779, -8.4849097739389, 140.83596298090458, 1.5889188522065836, -7.347269712962779, 1.5889188522065836, 189.14532857840396, 7.806800771873491, 4.96999226029878, 25.0, 0.0
28, 0 ,1.0,1.0,1.0,60.40396868742035,44.168468960495176,34.225450573457124,11.922977779950934,12.086405590639966,14.73551522912818,62.0,60.0,68.0,-0.35876109379597876,-0.36413233502180425,0.8594754913142557,15.583258449128163,-0.5527111152015625,-0.6591268641333755,-0.5099629399381376,12.02501888631162,-0.7521973814837156,0.6579965194203323,-0.03520908575595286,10.859787530244315,81.20741955529081,59.83913964087128,56.36067026993979,21.484747900086038,6.616616656590983,82395.0,273878.0333045285, 0.0, 0.0,0.0,NaN, 82.28532402841493,82.28532402841493,0.0, 142.1573991412037, 26.031525100429963, -30.997210053250548, 26.031525100429963, 146.08120010145302, -30.12670039941968, -30.997210053250548, -30.12670039941968, 217.13540906786852, 6.24573754354786, 4.333557247259797, 26.0, 0.0
29, 0 ,1.0,1.0,1.0,135.47204445243065,142.81189268387078,174.89099755345765,12.354902801364556,11.379760853173153,11.884928671524989,58.0,53.0,55.0,-0.8752292199340109,0.43580995845564324,0.209865415646774,12.637101716161926,-0.30011259863276646,-0.14899375434894235,-0.9421959930433239,11.909061881081934,-0.3793497604000705,-0.8876207192691578,0.2611957465360256,11.039565895530183,65.3252092241422,54.33808944583154,58.479743815247986,19.815710263138754,5.543621253399495,72347.0,207582.4508138222, 0.0, 0.0,0.0,NaN, 233.23844883131875,233.23844883131875,3.814697265625E-6, 152.64362323116578, -13.535239153618924, -1.3053679827504907, -13.535239153618924, 129.49895707541216, 6.260599412622946, -1.3053679827504907, 6.260599412622946, 141.25152952723676, 5.614250015067776, 4.1053022757544095, 31.0, 0.0
30, 0 ,1.0,1.0,1.0,238.95879920155514,95.19105272084437,185.27457631541182,13.193587937699808,11.385014264566617,11.903789661762316,67.0,56.0,59.0,0.9001579964762306,-0.38317921622470597,0.20709724680284466,13.616552815972435,0.23129603655197134,0.017627719058694542,-0.9727237053738009,11.830858260741675,-0.36907685494385534,-0.923505794120539,-0.10449556627218565,10.954898585096815,73.98277635234527,59.93495501912592,56.064720395436524,20.29043575356311,5.804113861408169,76649.0,248599.62510503916, 0.0, 0.0,2.8421709430404007E-14,78.047702495417, 161.08782558786652,161.08782558786652,0.0, 174.07076266981787, -22.476753193225946, 7.701406567653495, -22.476753193225946, 129.61854980438537, -5.532138652335779, 7.701406567653495, -5.532138652335779, 141.70020831147937, 5.845439858307591, 4.277371610542374, 30.0, 0.0
31, 0 ,1.0,1.0,1.0,275.6114135458822,65.0941473736108,239.66443435567697,14.445308955268253,13.209239880208061,12.664663124129238,58.0,71.0,63.0,0.9377062489466619,-0.3029112865751067,0.17015211768237054,14.649090587139389,0.26450841620130755,0.9399621108216091,0.2156537223848944,13.06807646099452,-0.2252604901998068,-0.15721317592746173,0.9615309297519992,12.576731835142876,66.28841892153497,68.69893719384376,68.5903899928177,22.344217010829627,6.654369034471912,97358.0,312356.79003858636, 0.0, 0.0,0.0,NaN, 92.04581279530184,92.04581279530184,0.0, 208.66695081315316, -12.893292965771323, 9.72098728963178, -12.893292965771323, 174.48401821287908, -0.35384051956831686, 9.72098728963178, -0.35384051956831686, 160.39369204767894, 5.473820803633675, 4.105094017453507, 30.0, 0.0
32, 0 ,1.0,1.0,1.0,131.46587559237284,276.3072502705325,58.826386556712315,12.894840873384247,12.189930437354246,12.29706531598528,64.0,53.0,67.0,0.7512451789309851,0.22380816117784547,-0.6209191478148696,13.30709668542935,-0.5499820852247673,0.7323706963225296,-0.40143849977284224,12.826322006990502,-0.3648977761850147,-0.6430731452628421,-0.6732804339775411,11.15776779560638,68.96589409026186,68.43001610368901,61.24264520672594,20.730826077888146,6.026772828919567,80397.0,289024.6963963039, 0.0, 0.0,0.0,NaN, 145.96289456684593,145.96289456684593,0.0, 166.276921149901, -7.278145439292649, -15.692517239221026, -7.278145439292649, 148.59440406753546, -19.072880837890587, -15.692517239221026, -19.072880837890587, 151.21781538560816, 6.2168916413267645, 4.2907600650523765, 23.0, 0.0
33, 0 ,1.0,1.0,1.0,36.1202483453406,176.397024541674,209.13532478181924,12.16585179870794,13.154204411756021,12.835065492788857,66.0,63.0,67.0,0.25113960482588155,0.8157162561405998,0.521091055724298,13.555688058683355,-0.34329968444659215,-0.42828614294061695,0.8358925208565511,12.579364085955229,-0.9050271960260478,0.38881611236291713,-0.17247552064051594,11.990949518166413,60.236212185919385,63.15639878399412,73.34886721823017,21.171172103863185,6.128737361573626,85365.0,279041.2597168341, 0.0, 0.0,2.8421709430404007E-14,58.594534149877425, 157.60316330957986,157.60316330957986,0.0, 148.00794998812523, 10.314678651434622, 1.0824798349980727, 10.314678651434622, 173.03309370626158, 11.815551719024842, 1.0824798349980727, 11.815551719024842, 164.73890620417927, 5.57395201945552, 4.21877141912054, 40.0, 0.0
34, 0 ,1.0,1.0,1.0,200.45791547804606,175.43724083169133,193.4796929682675,12.563207281251701,10.699621181109503,11.779215841043772,64.0,53.0,56.0,0.9119911732502857,0.2688005850024269,0.3098682710700153,12.823683438984236,-0.3102568268995003,-0.04217126901217175,0.9497169501657622,11.665226741879211,-0.26835201000890796,0.9622722221763734,-0.04493739146771839,10.51387771272364,65.08382088346832,56.962237391321835,51.492194403897884,19.4997833071162,5.551976892636495,68006.0,190898.04501519268, 0.0, 0.0,2.8421709430404007E-14,71.94870792414181, 191.75787695094158,191.75787695094158,0.0, 157.83417719169574, 13.548641050205871, 7.709156269670021, 13.548641050205871, 114.48189341924711, 3.4671842129897383, 7.709156269670021, 3.4671842129897383, 138.74992582989654, 5.914943793470451, 4.199241403056788, 33.0, 0.0
35, 0 ,1.0,1.0,1.0,163.22497284053347,9.596236969234681,223.8871784203592,14.270572736332085,6.539871590920692,12.204536216003383,73.0,27.0,66.0,0.9357675894866925,-0.02519194281544409,0.35171634093889975,14.579452395173734,0.3525253482977247,0.08962391416203115,-0.9315006348993247,11.87197056534398,0.008055884422757922,-0.9956570293165516,-0.09274795253107694,6.47037507791343,72.99599929562098,62.901083913247106,28.951285061040874,18.69966018806477,6.759628669336544,43263.0,132930.62085295783, 0.0, 0.0,2.8421709430404007E-14,69.407669820198, 156.82046239970327,156.82046239970327,0.0, 203.64924622294458, -0.893585151782378, 23.64487188670782, -0.893585151782378, 42.76992042573154, -9.783920841207626, 23.64487188670782, -9.783920841207626, 148.95070424773817, 6.49865585303592, 4.291622337140562, 17.0, 0.0
36, 0 ,1.0,1.0,1.0,104.01493855324159,229.43111340054455,156.8853925969534,12.076059540739095,10.931700018391304,11.98626937380133,59.0,52.0,59.0,-0.8269505318257621,0.5446100593700914,0.13983097348582996,12.850380062196873,-0.16693883822651617,-3.3309720381163865E-4,-0.9859671968873173,11.983752798671853,-0.53692107632749,-0.8386893180905304,0.09119202550755867,10.013058171323959,58.504743327764594,59.50424435012573,54.03103565491372,19.462331854652568,5.497414992916216,67945.0,188097.1931228799, 1.4210854715202004E-14, 0.0,0.0,34.2132535776764, 190.47536861822735,190.47536861822735,0.0, 145.83121403147572, -29.213225110038326, -0.36615900339842594, -29.213225110038326, 119.50206529209643, 4.954376040180114, -0.36615900339842594, 4.954376040180114, 143.67065350132773, 5.943321065074061, 4.14434352985814, 23.0, 0.0
37, 0 ,1.0,1.0,1.0,51.945941174873035,20.34177507400668,165.54648162733224,12.459533254832875,11.469563767276687,12.2759629615373,61.0,49.0,59.0,0.6450539999497272,0.21262604111797945,-0.7339587888889627,12.775684425150404,-0.7057867791264428,0.533911523920329,-0.46562163505940496,12.438680666083048,-0.2928657705488634,-0.8183695077796872,-0.4944704128431279,10.933948935729,69.73044776018794,61.22489589312866,58.20931121007425,20.095968109185712,5.800189163082698,73642.0,248509.48513842188, 0.0, 0.0,0.0,NaN, 145.56756926078748,145.56756926078748,0.0, 155.2399689282863, -7.26371355246168, -9.116026949860133, -7.26371355246168, 131.55089301162621, -15.557771327208544, -9.116026949860133, -15.557771327208544, 150.69926663303562, 5.559143913033483, 4.064020691939249, 24.0, 0.0
38, 0 ,1.0,1.0,1.0,186.8651317233006,65.69505434226116,62.92264821614031,11.676476513775102,10.928215102029661,12.601325187579903,57.0,57.0,61.0,-0.5198169424175272,-0.11909801091198967,0.8459349916941024,13.043286623282263,0.6396593776574842,0.6020911707319371,0.47783062135184007,11.641341544083678,0.5662386660680577,-0.789494702910319,0.2367950318862574,10.436054172579011,66.78143045922342,56.713220706474374,55.080674341635365,19.575835859059474,5.598753075026162,68363.0,208611.9954551882, 0.0, 0.0,-7.105427357601002E-15,32.22774869274918, 145.1709276802725,145.1709276802725,0.0, 136.34010377674156, 14.038082018572155, -18.785442175551076, 14.038082018572155, 119.42588531622914, 1.4880483209027497, -18.785442175551076, 1.4880483209027497, 158.7933964831357, 5.371833712166852, 3.938710966143127, 34.0, 0.0
39, 0 ,1.0,1.0,1.0,92.09903143724863,158.67224821472544,106.49191496347369,11.266681499276894,11.55512498122841,13.164092389233367,57.0,56.0,61.0,-0.09389501505646741,0.20106411739453853,0.9750676627003385,13.208840103242997,0.6587938969725611,-0.7217564728983111,0.21226915730057438,12.441116878081669,-0.7464411078305191,-0.662299641043044,0.06469047854980686,10.222402248155756,62.52688702146605,57.72687352713438,52.65176362997707,20.03386473538069,5.691802661259202,73098.0,190045.57724950984, -1.4210854715202004E-14, 0.0,0.0,84.61227544539611, 199.4900823824262,199.4900823824262,0.0, 126.93811200614822, -25.230490640324014, 0.625202161200219, -25.230490640324014, 133.52091333180886, 6.01503869729535, 0.625202161200219, 6.01503869729535, 173.29332843227186, 6.21589142871479, 4.296031416023996, 28.0, 0.0
40, 0 ,1.0,1.0,1.0,84.0289207189125,207.9517379801113,190.6878543407145,13.78652337007774,12.340374052303156,10.373053864570123,65.0,60.0,52.0,-0.9750025225536154,0.22218257742332553,0.002232331430283099,13.86182389272599,0.21520492318437096,0.9467871816697554,-0.2393342300279069,12.367677376443503,-0.05528943887665797,-0.2328710692966603,-0.9709346749567319,10.239321244154235,65.41498912854003,59.381986925218484,55.05972083075301,20.394568555877964,5.832227557401462,76727.0,213877.94549955236, 0.0, 0.0,2.8421709430404007E-14,89.87209672434008, 165.77963459576156,165.77963459576156,0.0, 190.06822663369968, -9.10933447909942, -2.6682699542800656, -9.10933447909942, 152.28483175075704, -10.85965664467979, -2.6682699542800656, -10.85965664467979, 107.60024647727315, 5.660699057785602, 4.1069756967361055, 21.0, 0.0
41, 0 ,1.0,1.0,1.0,288.0352359640627,76.80241140910458,283.9542767442637,8.043691489716249,11.647399020422922,8.85717963593781,37.0,61.0,36.0,0.19296389372234687,-0.964112560267376,-0.1823510538883636,11.81438693878104,0.5035537428256066,0.25680783229752896,-0.8249141563562647,9.280195382877297,0.8421392781516812,0.06735509190351063,0.5350371274863414,7.2877117631213135,60.848566288583875,49.86924510715812,38.83796694096213,15.820203415851179,5.341691839394202,29941.0,117852.72580839075, 0.0, 0.0,0.0,NaN, 79.36769627177478,79.36769627177478,NaN, 64.70097278173361, -11.817692930649814, -16.755110449390415, -11.817692930649814, 135.66190394094886, 8.208593608064643, -16.755110449390415, 8.208593608064643, 78.44963110327141, 6.580547364891174, 4.413354550007, 9.0, 0.0
42, 0 ,1.0,1.0,1.0,120.93937087772704,235.88792249522842,76.3880674542775,11.889518175250238,12.356740687997844,13.046849943871141,61.0,61.0,65.0,-0.11771612538200399,-0.12349106225405071,0.9853389626765064,13.080510961172953,0.396527811841882,-0.9155472234212119,-0.06737192383774215,12.444642447009603,0.9104441818480343,0.3827835409589545,0.15674231244302533,11.760148115080804,65.70083326619303,60.97717551936819,58.63565238099616,20.74919376756307,5.8086947177512025,82782.0,234909.15516754633, 0.0, 2.8421709430404007E-14,0.0,82.90637512510077, 156.75403267437014,156.75403267437014,0.0, 141.36064243960575, -5.538070075577417, -4.246941236584723, -5.538070075577417, 152.68904043042144, -2.969009086023746, -4.246941236584723, -2.969009086023746, 170.22029345789042, 6.160848755227898, 4.312283470477189, 36.0, 0.0
43, 0 ,1.0,1.0,1.0,24.601225177206523,11.694501508337497,265.12862509947627,13.075615226900403,7.512682614033365,14.458973256798195,50.0,33.0,79.0,-0.2773659370331341,0.09382698663171646,0.9561718640251572,14.661078035164216,-0.9542720087993111,-0.14240665493172133,-0.2628407842274196,12.99507591932677,-0.1115036779476754,0.9853511258484302,-0.1290352222975257,7.256363687117202,81.91143688062758,64.45618060139813,35.438117044640315,19.696547306864705,6.965633169385819,54033.0,187102.56875739517, 0.0, 0.0,0.0,NaN, 44.24923087694299,44.24923087694299,4.76837158203125E-7, 170.97171356194968, 11.569733755300353, -13.891705346391761, 11.569733755300353, 56.440400059199206, 18.910058936521445, -13.891705346391761, 18.910058936521445, 209.0619076408054, 5.8197508278116645, 4.193285717940819, 22.0, 0.0
44, 0 ,1.0,1.0,1.0,23.550719801697017,187.99907045476212,122.10229764515206,12.607560934709872,12.70189791312842,12.327869992480633,53.0,61.0,59.0,-0.5733594258020421,-0.5715358835538036,0.5870312620758162,13.820413924118657,0.6551019600907612,-0.7501055010859732,-0.09046081541642076,12.249103882046889,0.4920369810585329,0.33269876923567715,0.8044943369719082,11.455164552389201,72.67893448604175,63.839861427836524,59.178032549646986,20.909398949166782,5.921335782919514,83912.0,274575.0110295933, 3.552713678800501E-15, -2.8421709430404007E-14,0.0,61.8880026964405, 167.35535758499245,167.35535758499245,0.0, 158.95059272242247, 10.342691821724326, -21.237050466891063, 10.342691821724326, 161.33821059553608, -18.78075866126065, -21.237050466891063, -18.78075866126065, 151.97637855150444, 5.948020139214908, 4.290842014557209, 22.0, 0.0
45, 0 ,1.0,1.0,1.0,216.7250965876854,135.8872017939643,206.12663118363818,12.611126930577777,12.617961563952528,11.261422818596428,69.0,58.0,59.0,0.5969300397901692,0.6878148459901801,0.4130196910942775,14.131357785833375,-0.8022582331092016,0.5165449699879535,0.2992708161325552,11.684916699668426,-0.007500333633158544,-0.5099921877986462,0.8601463325386802,10.432668366161563,64.8381624437202,59.13047071247006,54.05278277226948,20.252697583264332,5.907737383177165,74026.0,207233.5619878217, 0.0, 0.0,0.0,NaN, 184.96553874345508,184.96553874345508,0.0, 159.04052245914409, 25.825298631658793, 15.749897935685322, 25.825298631658793, 159.21295402938335, 30.091648480039414, 15.749897935685322, 30.091648480039414, 126.81964389920432, 5.7295313279561375, 3.8852686580009457, 29.0, 0.0
46, 0 ,1.0,1.0,1.0,125.61938945365911,91.80499078532786,213.18280720527912,12.70612929983239,10.302131537491848,12.200864247753602,63.0,51.0,65.0,0.7512847490907442,0.12101434493233318,0.6487886821641201,13.617271425865527,-0.6151786353266526,0.48441594271415817,0.6220100007893693,11.64688805789691,0.239011448305923,0.8664275634840756,-0.4383797495479843,9.76527735771391,67.65699407476549,58.08780781642692,52.697410004501535,19.605572490550802,5.662353901842191,67284.0,207103.27012692223, 0.0, 0.0,0.0,NaN, 178.1729842163507,178.1729842163507,0.0, 161.44572178405917, -3.817549357626456, 28.48548703584779, -3.817549357626456, 106.13391421578413, 19.21124804322662, 28.48548703584779, 19.21124804322662, 148.86108839211207, 6.1805794711153474, 4.2071242316833315, 37.0, 0.0
47, 0 ,1.0,1.0,1.0,107.59106534390736,211.0432711153997,279.52207279196693,11.814584559191731,12.157807695881171,11.311948741193424,61.0,58.0,46.0,0.491955914710626,0.8448143423200674,0.2103998692764385,12.253051227472042,-0.7208344860560848,0.530769580150075,-0.445736801823198,11.930069203610662,-0.48823869335960135,0.06761937442497157,0.8700865465624008,11.085714456619966,60.439724889064735,65.0959031162134,55.83458067053786,19.540248234802785,5.790991238291065,66326.0,219674.37239264368, 0.0, 0.0,0.0,NaN, 141.0974218702196,141.0974218702196,0.0, 139.58440830629166, 3.887806327277146, 9.064004769419396, 3.887806327277146, 147.81228797002743, 0.24498162239692853, 9.064004769419396, 0.24498162239692853, 127.96018432338751, 5.311584698916833, 3.98962304065324, 26.0, 0.0
48, 0 ,1.0,1.0,1.0,279.6750018531788,233.48925156284747,46.31836376664772,11.103026323058554,12.333480882199279,14.394600731102837,47.0,62.0,67.0,0.2386285979760546,-0.018734730629801348,0.9709301736459793,14.57941511755509,0.16673114720335408,-0.9841770763526512,-0.05996838278794489,12.37838035837479,0.9566907111393085,0.17619447281392445,-0.23172913275975301,10.807998378209529,71.28032281249921,60.32433538759844,55.64218181527798,21.03297259348961,6.341177989275359,80942.0,239257.937547824, 0.0, 2.8421709430404007E-14,0.0,88.92651620131514, 83.55941616214164,83.55941616214164,0.0, 123.27719353053115, -6.402915030364204, 21.819610057144757, -6.402915030364204, 152.11475067157508, 0.40734694567684515, 21.819610057144757, 0.40734694567684515, 207.20453020786636, 5.7535791924126976, 4.072905031620456, 20.0, 0.0
49, 0 ,1.0,1.0,1.0,224.7741388233941,232.50592328483523,166.6882080625683,14.011634154116997,10.533931874535535,11.189310116409615,72.0,53.0,58.0,-0.9952871027564446,0.08793929415955691,0.04086885891974569,14.038642680407808,-0.06376189034132505,-0.27593773296034096,-0.9590582823107302,11.245344977099448,0.07306164812529202,0.9571442148764349,-0.28024444241017415,10.437863829597362,72.55612689369903,54.79538442402895,53.762274907019645,19.92788018698351,5.947256892095933,69556.0,213744.87336787165, 0.0, 0.0,0.0,NaN, 167.2914057893101,167.2914057893101,0.0, 196.32589166881795, -7.405902369245489, -2.5142942569591695, -7.405902369245489, 110.96372073735571, 4.950284062887825, -2.5142942569591695, 4.950284062887825, 125.20066088118656, 5.516773578484571, 3.965352296680068, 34.0, 0.0
