// Sample: .//bubblelabels.tif, Map: .//bubblelabels.tif, Thickness:(8.191250068658265):/afs/psi.ch/project/tipl/test/LabelValidation/Step4900//distmap.tif, Neighbors:(1.0):
//LACUNA_NUMBER, TRIANGLES, SCALE_X, SCALE_Y, SCALE_Z, POS_X, POS_Y, POS_Z , STD_X, STD_Y, STD_Z,PROJ_X, PROJ_Y, PROJ_Z, PCA1_X, PCA1_Y, PCA1_Z, PCA1_S, PCA2_X, PCA2_Y, PCA2_Z, PCA2_S, PCA3_X, PCA3_Y, PCA3_Z, PCA3_S,PROJ_PCA1, PROJ_PCA2, PROJ_PCA3,OBJ_RADIUS, OBJ_RADIUS_STD, VOLUME, VOLUME_BOX, Mask_Grad_X,Mask_Grad_Y,Mask_Grad_Z,Mask_Angle, Mask_Distance_Mean,Mask_Distance_COV, Mask_Distance_STD, SHAPET_XX, SHAPET_XY, SHAPET_XZ, SHAPET_YX, SHAPET_YY, SHAPET_YZ, SHAPET_ZX, SHAPET_ZY, SHAPET_ZZ, Thickness, Thickness_STD, Neighbors, Neighbors_STD
1, 0 ,1.0,1.0,1.0,41.89686160838097,271.62675237302847,221.12118175772594,23.6491095790319,18.546598843553962,44.02623662174836,103.0,100.0,181.0,0.17660976013191845,0.05644586201952844,0.9826611100918867,44.609296806681165,-0.9799040694348166,0.10412882441250025,0.17013289697044903,22.689162979844845,0.0927200481623736,0.9929607507788726,-0.0737016965980024,18.351532505663272,195.22586328157902,115.56154829124472,106.71609531482514,49.744986894576016,19.15730937468718,670662.0,2407579.4630227876, 0.0, 0.0,0.0,NaN, 93.71369249384522,93.71369249384522,0.0, 559.2803838810584, -1.6837556199773627, 257.2323335202683, -1.6837556199773627, 343.97632866371714, 94.85263155082889, 257.2323335202683, 94.85263155082889, 1938.3095110741765, 5.418005659005136, 3.9697378408736403, 12.0, 0.0
2, 0 ,1.0,1.0,1.0,186.11682003915604,262.8642659153802,97.62702857571644,23.19163851496735,21.911704830043032,25.649751922514092,110.0,92.0,118.0,-0.511156013098184,0.42932514505981373,0.7445800494862451,29.717741041748482,0.8065551242830007,0.5389252975813937,0.24295751710873073,20.53764441292629,-0.29696525346646574,0.724734050149554,-0.6217493022009928,19.259950898123787,152.7994551500853,103.74249518347557,100.10864777219669,38.8456475004214,12.918991815447086,439779.0,1586901.9363956514, 0.0, 0.0,0.0,NaN, 154.52986162072793,154.52986162072793,1.9073486328125E-6, 537.852097008917, -90.3002932413833, -184.97663734075297, -90.3002932413833, 480.1228085589311, 170.39088091239034, -184.97663734075297, 170.39088091239034, 657.9097736865153, 5.327071364025797, 3.8267120148349494, 17.0, 0.0
3, 0 ,1.0,1.0,1.0,188.47571993755213,122.79200027587417,13.488234593367734,41.01291199987154,23.866184072267824,9.30810064748814,175.0,119.0,40.0,-0.9624737905001455,0.2705783248075678,0.02077432898106385,42.16782429588885,0.27107038667865674,0.9621975635532131,0.0263949646361709,21.783701601570122,0.0128471034154225,-0.031035767053379293,0.9994357073355153,9.254154160653727,175.73957685182694,116.3870984669266,42.44136098858458,44.63230953418493,18.607831044728087,318986.0,868087.9342611853, 0.0, 0.0,0.0,NaN, 166.42557750431067,166.42557750431067,0.0, 1682.0589507092068, -339.33327311501006, -31.058361881318593, -339.33327311501006, 569.5947421713704, 19.39031768490019, -31.058361881318593, 19.39031768490019, 86.64073766376912, 5.514479530906144, 3.934036396375199, 10.0, 0.0
4, 0 ,1.0,1.0,1.0,68.00835401872683,45.163512144158865,114.58398989819645,25.626699043887577,28.642785124943074,23.09230877561385,118.0,124.0,125.0,-0.5905864983046711,0.6164376006110508,0.5207804456516361,32.14126073035071,-0.5218980389345969,-0.7839867100910272,0.336135798981408,26.336800516944027,-0.615491693669743,0.0732770288258012,-0.7847295407145153,16.843511076442855,157.7184639404666,154.99226817100953,95.41949539667452,42.28226953942699,14.919827438116723,509216.0,2332543.158297574, 0.0, 0.0,0.0,NaN, 140.6924652798509,140.6924652798509,0.0, 656.7277038859885, -105.08598429872768, -302.38884931544305, -105.08598429872768, 820.4091397136602, 132.53957308707464, -302.38884931544305, 132.53957308707464, 533.2547245882924, 5.655767255286426, 3.9669635117773665, 16.0, 0.0
5, 0 ,1.0,1.0,1.0,39.00805013681702,20.059251226309218,55.63349684122921,28.045374609182826,13.603949424698154,35.74129147087066,117.0,63.0,158.0,-0.5241859299125777,0.06973819975949504,0.8487435975463917,39.739311090075844,0.8322443907909433,-0.16934993768373777,0.5279108566827605,22.386734734175977,-0.18055022813250107,-0.9830855415989084,-0.030731628991689085,12.987365204408759,195.4312422121015,115.44164893977258,66.50189846549063,43.871020153475165,18.010663053265326,396515.0,1500343.0039776252, 0.0, 0.0,0.0,NaN, 70.84551860223537,70.84551860223537,0.0, 786.5430369693967, -98.42535371905393, -481.46737732977823, -98.42535371905393, 185.06743994974525, 53.76418199869161, -481.46737732977823, 53.76418199869161, 1277.4399160057317, 5.101470169755078, 3.5890723482250078, 8.0, 0.0
6, 0 ,1.0,1.0,1.0,170.9780521130198,132.2333478742969,218.66660773412713,28.607638028534964,26.745248589411386,18.66517882374908,142.0,126.0,86.0,-0.9026599300021317,0.40319119916383694,-0.1504722821165888,29.055748551539107,-0.42569476892045727,-0.8878424832899174,0.1746988511105667,26.703581484818162,-0.06315864534887924,0.2217489160794721,0.973056218178207,18.021553434624675,149.34396267735724,133.0502937866378,84.02779056653677,41.267947231373235,13.380983054771024,520369.0,1669653.8869266708, 2.8421709430404007E-14, 0.0,0.0,25.490063767163587, 201.85995646504486,201.85995646504486,0.0, 818.3969535716799, -42.29489061402141, 41.678221275538206, -42.29489061402141, 715.3083221094116, -91.7432306254493, 41.678221275538206, -91.7432306254493, 348.3889005225311, 5.300548316255387, 3.722586905074457, 26.0, 0.0
7, 0 ,1.0,1.0,1.0,16.11793831771078,119.99617639057206,267.5456038384488,11.70473414090725,34.293032376398465,17.701931241393417,52.0,170.0,70.0,-0.10376108258889878,-0.9918365636272188,0.07412063674934975,34.53440734305334,-0.09621117965855891,-0.06416416135741276,-0.9932906771464272,17.606148920752034,-0.9899379004001654,0.11019614988487209,0.08876802296921217,11.125172816519234,172.9879215275428,74.473802612257,58.6149974013334,35.934666236294056,18.30494477018224,202165.0,755141.0162238368, 0.0, 0.0,0.0,NaN, 125.34814762963879,125.34814762963879,1.9073486328125E-6, 137.0008013093198, 111.14977946884751, 9.574600784903126, 111.14977946884751, 1176.0120695687135, -66.70987682454246, 9.574600784903126, -66.70987682454246, 313.35836967502036, 5.659884155324349, 3.938618533194294, 7.0, 0.0
8, 0 ,1.0,1.0,1.0,248.48698188265442,242.7462379689502,19.606357459995827,21.532768755995903,29.60648193447434,14.302482598544104,102.0,119.0,59.0,0.41752096745103007,-0.9078486802860256,-0.038561839189513114,31.40560167254117,0.8683550967160694,0.41113865378381736,-0.2773525434750078,19.205938654844854,0.26764840321956285,0.08231513267772997,0.9599940370576608,13.768987446040525,133.83482594939784,116.85929752926734,67.55112370284493,36.98315326068112,13.304558850786233,268472.0,1056489.0195385723, -2.8421709430404007E-14, 0.0,0.0,65.32182555647269, 79.47322539770981,79.47322539770981,0.0, 463.6601302991934, -237.98936908988316, -56.00622329582723, -237.98936908988316, 876.5437725363553, 7.4483518617758016, -56.00622329582723, 7.4483518617758016, 204.5610084816569, 4.996276038885538, 3.4785972268626253, 5.0, 0.0
9, 0 ,1.0,1.0,1.0,47.89161266812558,133.28648850863235,199.4528492427928,23.847744609818907,25.883972421375212,22.465255726491833,103.0,122.0,113.0,-0.25517861842354383,-0.8802692561534327,0.4000123865213857,26.724732017739676,0.9227935310505115,-0.34523943300009763,-0.17106090422156758,23.83539610823725,0.28867970443171187,0.3254777574164699,0.9004044966993254,21.471964444031713,125.75772008389846,115.94540120062113,109.51002955515958,40.066778925393386,11.748867719320268,515909.0,1596768.9505954704, 0.0, 0.0,0.0,NaN, 173.6911745262496,173.6911745262496,0.0, 568.7149229751468, 22.75332638978149, -42.744954199370405, 22.75332638978149, 669.9800283105126, -82.82060406734908, -42.744954199370405, -82.82060406734908, 504.68771485667406, 5.242701015877328, 3.6105952650260718, 19.0, 0.0
10, 0 ,1.0,1.0,1.0,23.56462509832267,43.220895427198705,213.55467165543484,14.898247606987429,25.014649098620808,39.01748798868371,62.0,98.0,168.0,0.041344345200369816,-0.3272443550622503,0.9440348389756837,40.619518199309546,-0.26146235605448787,-0.9154613840251014,-0.3058886900905024,22.86700816839761,-0.9643277873660953,0.23418280560011095,0.12341123155884932,14.043129954383883,177.84364364543117,108.51970615746953,64.57214531564637,45.85476616482988,16.35222431970702,470390.0,1246212.698200796, 0.0, 0.0,-2.8421709430404007E-14,19.25941378372634, 99.47930513505321,99.47930513505321,0.0, 221.95778175910664, 58.30178256321056, 82.74920924413011, 58.30178256321056, 625.7326695271308, -357.59086772189545, 82.74920924413011, -357.59086772189545, 1522.364368947078, 5.0351062855173065, 3.5665689934145584, 5.0, 0.0
11, 0 ,1.0,1.0,1.0,129.13864900610727,171.9364569961489,84.8706675224647,17.57775649644041,30.428747681670952,21.351503327806135,79.0,151.0,102.0,0.06638440600257449,0.9299280804488389,0.36169998041529294,31.917281938464807,-0.5910452099907321,-0.2554101265184128,0.7651347770287663,20.911033004298336,-0.8039021522465882,0.26457405856316757,-0.5326742880491951,15.322816830921099,162.35635224988735,102.64727029438522,82.2347380796033,38.83498291777213,13.513585943661266,411312.0,1370477.7951492218, 0.0, 0.0,0.0,NaN, 200.6990082674315,200.6990082674315,0.0, 308.97752344815314, 78.96032872958801, -72.74555672450921, 78.96032872958801, 925.9086854747953, 224.10700092962844, -72.74555672450921, 224.10700092962844, 455.8866943573164, 4.9083349286537405, 3.4970548466348697, 15.0, 0.0
12, 0 ,1.0,1.0,1.0,185.89543302701196,109.62945140629351,265.73538847117794,23.481338182857236,16.334445371750054,13.242744274553568,109.0,80.0,56.0,0.92748559084551,-0.3638387366374643,0.08597588322320239,24.636385779499278,0.34588485139574054,0.9223705383544523,0.17203563453733936,14.689819768233159,-0.1418948496207745,-0.12982281655307146,0.9813316910980332,13.069633326231058,113.65664733889045,76.49086954531478,59.61282089601971,29.7904087000591,10.299959896279043,179550.0,518255.7297292731, 0.0, 0.0,0.0,NaN, 161.9028487178625,161.9028487178625,0.0, 551.3732428577091, -132.82770843690636, 37.454352094382145, -132.82770843690636, 266.8141056026867, -6.506194008552269, 37.454352094382145, -6.506194008552269, 175.3702759212213, 4.702012550093045, 3.371000479733399, 6.0, 0.0
13, 0 ,1.0,1.0,1.0,201.1352445176407,27.384263035485752,236.79123480585963,27.916456865704678,18.57783013411168,31.199714906619636,148.0,76.0,138.0,-0.4324920929097678,0.06369780290106936,0.899384889508438,32.31346143361962,-0.8721900682887872,-0.28240602860266034,-0.3994137200789103,27.32465620794979,-0.22854993841375082,0.9571778439320717,-0.17769496542282992,17.523981282126783,157.62459764511846,132.76338665053675,87.95974551240138,43.360878319286215,14.755364382519849,577443.0,1840713.838824954, 0.0, 0.0,0.0,NaN, 120.4968287381512,120.4968287381512,NaN, 779.3285639347499, 87.96017545278212, -133.58049759613365, 87.96017545278212, 345.1357724919079, 91.80538323077643, -133.58049759613365, 91.80538323077643, 973.4222102543434, 5.069580618118197, 3.5210300703392585, 6.0, 0.0
14, 0 ,1.0,1.0,1.0,34.19962884572232,221.80920122990338,242.28725643000527,20.236318423832742,15.123705146426104,17.611496206636314,73.0,66.0,105.0,0.7613493601427943,0.254751876189259,0.5961951302956187,23.214836740052124,-0.5700731826744412,0.7010390365701042,0.428440002334391,15.902492787472706,-0.3088101653210116,-0.6660673770594925,0.6789628347792663,12.513269661453704,116.9067034283814,90.88344346244804,67.0270469267935,29.053222405422606,10.213231966625688,164891.0,712154.5831383253, 0.0, 0.0,0.0,NaN, 103.02512507086256,103.02512507086256,0.0, 409.50858335075253, 35.66951212082657, 150.02974922884223, 35.66951212082657, 228.72645735603544, 86.99774017104987, 150.02974922884223, 86.99774017104987, 310.1647986363652, 5.3423953884321325, 3.6154025307788618, 7.0, 0.0
15, 0 ,1.0,1.0,1.0,17.018046144609315,103.86075992795266,91.5269834462647,10.705386536284413,18.27402034806643,15.612734001149894,45.0,80.0,71.0,-0.13151836718259446,-0.8968556794688382,0.42231837433163216,19.191397055267664,-0.23166602133772987,-0.3864156309621266,-0.8927563019691809,14.8395378630858,-0.9638639808869145,0.21525066864618533,0.15695023413872125,10.187294961891219,90.79896144962436,68.90292808576127,48.56229348315972,25.029291383506113,8.11400988432826,116590.0,303820.97169490176, 0.0, 0.0,0.0,NaN, 139.47709505924146,139.47709505924146,0.0, 114.6053008912596, 41.6247788070298, 9.387771050939662, 41.6247788070298, 333.93981968154594, -60.026794328272494, 9.387771050939662, -60.026794328272494, 243.757462990662, 5.66611925156159, 3.725969446747447, 7.0, 0.0
16, 0 ,1.0,1.0,1.0,266.733482904419,119.36730867756265,272.30966563261813,20.122845742648547,28.79784174694246,17.66650169622774,74.0,135.0,76.0,-0.06550645753209797,-0.9673000862689866,0.24502948215594011,29.425301577914322,0.9788116348706096,-0.11003011741280024,-0.17268803289183107,20.200730001191005,0.1940017718051054,0.22852552672762427,0.9540122620649811,16.505515039372845,133.3462691759036,84.36656997829598,86.93990757689642,37.142690442596155,12.91396294453447,355238.0,978071.1216324158, 0.0, 0.0,0.0,NaN, 126.9723204402145,126.9723204402145,0.0, 404.9289207824288, 22.993485166748457, -32.451606491707714, 22.993485166748457, 829.315689281942, -138.07255358682062, -32.451606491707714, -138.07255358682062, 312.10528218281763, 5.260167804451817, 3.8842889681494, 9.0, 0.0
17, 0 ,1.0,1.0,1.0,55.36655369738787,76.05321246694128,281.40485350377736,25.30636218669088,25.199878982771118,11.739421769218735,112.0,123.0,53.0,0.7298608516570045,0.6814891827076637,0.05362491091789993,26.427920824304167,0.6791235088362941,-0.7318099869229221,0.0569684367501194,24.084789768229253,-0.0780666187585433,0.005161094100412451,0.9969347853010723,11.608091749740938,124.26818766091438,111.00393248581528,56.1944082275742,35.6255551688468,12.003320801225936,279427.0,775160.1378956711, 0.0, 0.0,0.0,NaN, 95.89226177373975,95.89226177373975,0.0, 640.411967123978, 59.04973289293268, 39.291166851734765, 59.04973289293268, 635.0339007463094, 2.034024032224612, 39.291166851734765, 2.034024032224612, 137.81402347560675, 5.010699157436333, 3.442134203708701, 8.0, 0.0
18, 0 ,1.0,1.0,1.0,165.42668667490665,123.52875992741808,117.4755923578604,32.108629117877555,23.57381364180268,26.468509077255288,154.0,121.0,133.0,0.7838125659198323,0.36203851696178885,0.5045453138641531,36.06660129305706,-0.6206566885932973,0.4836210750474123,0.6171676682024004,24.52191554516683,0.020570279788353133,0.7968931973646741,-0.6037699028465524,19.62515363975429,178.60904103312131,133.41577375861002,114.15508109712465,45.131039542664084,15.825927967087516,608416.0,2720231.4970210125, 0.0, 0.0,0.0,NaN, 217.18620119227103,217.18620119227103,0.0, 1030.9640638294143, 194.9467146435446, 279.30566717036845, 194.9467146435446, 555.7246896184421, 231.7813175276812, 279.30566717036845, 231.7813175276812, 700.5819727727456, 5.163873431963423, 3.6242150066908474, 23.0, 0.0
19, 0 ,1.0,1.0,1.0,96.34995960665236,106.24051684913317,167.49494386717552,12.41747882334532,20.33771655206449,21.02139889742832,62.0,96.0,99.0,-0.1873840067063807,0.47618914922784256,-0.8591455803228731,21.715527463745545,-0.07168142416850336,-0.878935262747007,-0.4715236763186181,19.92154895931679,0.9796678046459618,0.02677121695988653,-0.19883232755929942,11.886271935220263,98.433729412824,104.12520582923048,61.592708530888956,30.347958865899944,9.418975483501324,215382.0,631290.298456702, 0.0, 0.0,0.0,NaN, 195.26380114434278,195.26380114434278,3.814697265625E-6, 154.19378032822948, -13.368336061060713, 61.81056265617249, -13.368336061060713, 413.6227145521179, -29.19884937994495, 61.81056265617249, -29.19884937994495, 441.8992116048006, 5.568585589784345, 3.8310041053947064, 12.0, 0.0
20, 0 ,1.0,1.0,1.0,233.4950000255492,126.91071583691448,190.2797686266294,14.414638094438232,18.386298369033575,19.995562047907264,76.0,88.0,98.0,0.3346238273207254,0.5029191003218876,0.7969311593360198,20.348938264576567,0.335790537593679,0.7265367994876165,-0.5994906119805709,19.452793799153735,0.8804950931446338,-0.4682057854423785,-0.07424104947068054,12.37617815129224,96.12092925364618,86.75742690397209,63.56433890218244,29.42547806947539,8.933168592573722,195701.0,530076.02060993, 0.0, 0.0,0.0,NaN, 180.46543710213805,180.46543710213805,0.0, 207.78179139362987, 98.85895900096024, 24.23546764503574, 98.85895900096024, 338.0559677151267, 6.466075274081881, 24.23546764503574, 6.466075274081881, 399.82250161170936, 4.704082628942094, 3.4115971269258316, 9.0, 0.0
21, 0 ,1.0,1.0,1.0,154.72852372864625,64.29984581400336,278.7772131476748,28.058626128607212,21.606521407412732,13.309225285855954,136.0,110.0,55.0,-0.9637538196681409,-0.26679284870603326,3.885284902823166E-4,28.528460563883787,-0.2645521930715795,0.9554693663686638,-0.13073036017727457,21.092920123376675,0.03450669813363463,-0.1260946700316151,-0.9914178846346943,13.133141428743919,139.87740318159823,105.36965937298459,61.271951448473516,35.59358214061621,12.820321979685847,293801.0,903077.1413046801, 0.0, 0.0,0.0,NaN, 160.27688127594175,160.27688127594175,0.0, 787.2865002249594, 96.05380411273218, 9.181890193221033, 96.05380411273218, 466.84176732898464, -34.09563817769305, 9.181890193221033, -34.09563817769305, 177.1354777096675, 5.637730537613007, 4.1530354773210005, 5.0, 0.0
22, 0 ,1.0,1.0,1.0,195.0817602528601,182.5604205734506,85.33151029547957,17.271139901672825,16.228968507916,20.55307796034723,73.0,79.0,99.0,0.3660010761825583,0.3460332959447291,0.8638889803272386,21.17290255596357,-0.6870578103788161,-0.5256546262789046,0.501636102238517,18.645127408418578,-0.6276900329228401,0.7771410245053418,-0.04535471971153082,13.717438800946228,104.82728215052626,95.09194295805707,69.58409078587812,29.94884594432383,9.33634471199698,217037.0,693630.21675109, 0.0, 0.0,0.0,NaN, 179.11269775432075,179.11269775432075,0.0, 298.2922735031552, 90.5386516443011, 27.284294151719468, 90.5386516443011, 263.3794188309293, 35.70898390477224, 27.284294151719468, 35.70898390477224, 422.42901364411114, 5.1243946193200625, 3.70544215242117, 7.0, 0.0
23, 0 ,1.0,1.0,1.0,242.21287411965238,284.4868565711153,223.79245215192756,28.283474878848832,9.95968780893378,33.12677791533381,126.0,42.0,137.0,0.570573428009126,0.021594782646791186,0.8209626231518418,37.10174934490161,-0.8211905036519055,0.026685241223228996,0.5700298716846228,22.840668843366217,0.009597914452853911,0.9994106079401476,-0.03295931999996009,9.91452418734849,170.99273874492155,109.8867358525528,43.94863915684243,41.58997608169321,16.33424736711227,333817.0,825787.630554708, 0.0, 0.0,0.0,NaN, 96.88962733736021,96.88962733736021,0.0, 799.9549512224729, 6.471532262287365, 400.55933807334816, 6.471532262287365, 99.19538125142415, 29.10180093828889, 400.55933807334816, 29.10180093828889, 1097.383415051848, 5.135274021458273, 3.547189183519489, 7.0, 0.0
24, 0 ,1.0,1.0,1.0,288.33033379561505,63.33980880593697,107.09234694417684,7.12628767726918,18.12182035083278,23.11908294199185,27.0,77.0,106.0,0.012055556874353756,-0.5462541201461548,0.837532745492258,26.21250016618044,0.017594038322940406,-0.8373480660564118,-0.5463869197620659,13.263803427972062,-0.999772530810854,-0.021322581807502836,4.838813100576552E-4,7.117070930366028,123.45951164306149,68.88208452108611,27.87679404958169,27.838031825666548,11.777959459898645,94459.0,237068.39674561901, 0.0, 0.0,-1.4210854715202004E-14,33.1195065757663, 124.96752883411897,124.96752883411897,0.0, 50.783976059198565, -6.036831367806768, 5.221815796280324, -6.036831367806768, 328.4003728278571, -233.86038548168554, 5.221815796280324, -233.86038548168554, 534.4919960786985, 4.928992111572856, 3.2685612460256475, 5.0, 0.0
25, 0 ,1.0,1.0,1.0,107.2600761981151,280.9428848339015,111.68236462421343,21.0535705212173,12.595974662131201,21.37052236542641,98.0,53.0,100.0,0.391323227085634,0.0549530348419613,0.9186110688996424,21.45908690765885,-0.9198467406216402,-0.006311102358873542,0.3922271583594905,20.98535652932494,-0.027351521183112383,0.9984689949861605,-0.04807868904510329,12.559181341901834,114.73220109340184,104.76487763742757,55.327707324045605,30.878761314815115,10.25245020542098,209454.0,665033.786379922, 0.0, 0.0,0.0,NaN, 156.0155381766033,156.0155381766033,NaN, 443.25283169187, 8.15152392199727, 6.85632582553039, 8.15152392199727, 158.6585776890512, 14.583761245903816, 6.85632582553039, 14.583761245903816, 456.6992261711904, 4.296006624320068, 2.923499616266777, 5.0, 0.0
26, 0 ,1.0,1.0,1.0,277.9220549232189,261.5642142720553,29.142404616011373,13.373470906778032,19.666727651493037,12.193596503331811,54.0,83.0,52.0,-0.05174090427150471,0.9819773466205227,-0.18177835280716176,19.926478672736017,-0.8043710266853545,0.06689945518111425,0.5903488073381862,14.987980471107926,0.5918700281770616,0.17676242140395135,0.7864126881765681,9.623387418221775,87.3727679636041,73.16592046275366,45.48358581735664,25.368640765654604,8.411049994014295,120277.0,290763.3280173526, 0.0, 0.0,0.0,NaN, 53.04738476250416,53.04738476250416,0.0, 178.84972409443841, -22.573663220727923, -59.8321703794147, -22.573663220727923, 386.7801765180008, -49.13149531541196, -59.8321703794147, -49.13149531541196, 148.6837956860658, 4.651502936972426, 3.2069395074524527, 2.0, 0.0
27, 0 ,1.0,1.0,1.0,284.3148639985347,31.32776200506762,84.31260493940226,9.307883936914655,15.052954205980127,12.397655543425385,35.0,68.0,56.0,-0.27544268741958033,0.9442369441634977,-0.18041041883399622,15.573837811624784,0.04478532811671987,-0.1748620224892808,-0.9835738647790699,12.276631841691687,-0.9602737111535218,-0.27899796839356533,0.005876504037779466,8.583116166323425,74.2465346590337,58.51032251700876,41.39226726402478,20.54760037890783,6.6877586194880605,65514.0,179815.81924679567, 0.0, 3.552713678800501E-15,0.0,19.224276310857103, 91.3020674207235,91.3020674207235,0.0, 86.63670338307386, -44.52478973411082, 4.997994097597614, -44.52478973411082, 226.5914303273348, -15.516722622092772, 4.997994097597614, -15.516722622092772, 153.7018629734262, 5.173430875406367, 3.2855703749289846, 2.0, 0.0
28, 0 ,1.0,1.0,1.0,206.43003166470987,205.64084036005266,205.56336144021063,17.626144023960023,19.41538583387744,21.82650918017881,84.0,85.0,102.0,0.16685443765362107,0.02901738826131666,0.9855544570513524,21.93214242342788,0.3713148322722089,0.9241278316637406,-0.090072449057047,19.7825838947765,-0.9133919706073376,0.38097997575064907,0.14342024301708528,17.07820735290284,108.16661039435812,88.69461953563547,83.51238435357064,32.61331423822924,10.020299278084789,281070.0,801200.8086409565, 0.0, -2.8421709430404007E-14,0.0,88.33719271470616, 163.02536209037098,163.02536209037098,0.0, 310.68095315338167, 35.12309483943774, 27.80410241606475, 35.12309483943774, 376.9572070783288, -2.88248559423668, 27.80410241606475, -2.88248559423668, 476.3965029924299, 4.9880006479968655, 3.5551095771111427, 12.0, 0.0
29, 0 ,1.0,1.0,1.0,127.80018182342924,71.56231060059453,130.89545152818263,15.593235118701829,9.88437252770635,10.614604335273041,74.0,46.0,50.0,-0.9973577203948683,6.573210831759809E-4,-0.07264396394571064,15.615571259490535,0.06307844581565893,-0.4882049207658268,-0.8704464745252944,10.884532960783744,-0.036037303481712926,-0.8727287799018812,0.4868734840682337,9.549895465049591,73.5917979860485,50.92989437320881,43.91457999121025,20.371015833080964,6.208167270328356,69298.0,164592.8338044774, 0.0, 0.0,0.0,NaN, 196.43744552239613,196.43744552239613,0.0, 243.14898146711602, -0.9399360026778404, 9.56204100133835, -0.9399360026778404, 97.70082026647603, 11.582353607626546, 9.56204100133835, 11.582353607626546, 112.66982519439723, 4.775956851133792, 3.0829106428954405, 8.0, 0.0
30, 0 ,1.0,1.0,1.0,280.10922117319103,55.503112406107505,33.73583965590096,12.318260630054708,19.88724518169097,17.88013937593984,52.0,95.0,68.0,-5.18295785447943E-5,-0.7897197614855099,0.6134677625050591,22.601999289652905,0.2549718929431383,-0.5932021481872362,-0.763610205009756,14.432014980613,-0.9669484635298242,-0.15637745907040848,-0.20138708789789672,12.157632239855444,110.42825556743642,77.61531854467565,58.01479876671948,27.92258375647447,9.3418823762835,158559.0,497240.4445758496, 0.0, 0.0,0.0,NaN, 67.92897354141822,67.92897354141822,0.0, 151.7395449499558, -9.131981790052794, -11.785980431012506, -9.131981790052794, 395.5025209166908, -148.48856978708136, -11.785980431012506, -148.48856978708136, 319.69938410303433, 5.649503562732518, 4.208035005857474, 3.0, 0.0
31, 0 ,1.0,1.0,1.0,44.26847772168889,269.9967990429226,98.23247643780456,20.78137063253431,17.95636600708001,23.355959614513125,92.0,75.0,104.0,0.004189826161788243,0.3177475111971836,-0.9481661059565085,23.95875951187578,0.8918945260197169,-0.4299784587267745,-0.1401523438512955,21.89979613246437,0.4522240593033482,0.8450769457031366,0.2851988008885358,15.689935215619803,110.7794030264222,108.35648472978829,77.29898501503692,34.553081675804506,10.289890269918773,342710.0,927871.2517819112, 0.0, 0.0,0.0,NaN, 111.84591907874989,111.84591907874989,0.0, 431.8653653667594, -89.08172355618207, -30.48106024639582, -89.08172355618207, 322.4310801802185, -84.7063347242511, -30.48106024639582, -84.7063347242511, 545.5008495147681, 4.9204632013876175, 3.4222122013017118, 6.0, 0.0
32, 0 ,1.0,1.0,1.0,93.30590044260505,131.83363510950164,257.2072483761568,11.040947901770805,11.39544756120535,16.026761630080017,57.0,56.0,74.0,0.20510748861828124,-0.41814886811227997,0.884919455209976,17.354813669287598,0.9786932517381358,0.07883933432788698,-0.1895887084321451,10.67852048077765,0.009509843055219661,0.9049507630026915,0.4254100133117582,9.664134047245186,73.32637757262586,54.255133817356956,47.352734940147,21.390393502397963,7.146111519544138,69588.0,188384.92094532325, 0.0, 0.0,0.0,NaN, 167.08476290533042,167.08476290533042,0.0, 121.90253056961714, -16.229344004368166, 33.886507786065806, -16.229344004368166, 129.85622512018094, -77.198075610008, 33.886507786065806, -77.198075610008, 256.85708834740507, 4.027815451509872, 2.6959956420622193, 7.0, 0.0
33, 0 ,1.0,1.0,1.0,146.50452586206896,96.32139008620689,187.5057650862069,8.598621643713908,6.752353948329605,7.751589739396717,39.0,32.0,37.0,-0.93079117434051,0.36496457282341593,0.020703872913918838,8.888501638766346,-0.09824754139888231,-0.19520941592012897,-0.9758282146695685,7.816735840954437,-0.35210113657710507,-0.910326394498118,0.21755607346421602,6.285769715283442,41.06609911889824,37.38157631408188,32.96345502564668,12.876440651551233,3.716853191917291,18560.0,50602.711341206974, 0.0, -1.4210854715202004E-14,0.0,68.59459752833013, 208.31788011365833,208.31788011365833,0.0, 73.93629417174527, -13.002451334441902, 1.3088370545667423, -13.002451334441902, 45.594283843522405, 4.411212891205551, 1.3088370545667423, 4.411212891205551, 60.08714348792047, 3.6397977457140924, 2.2610341323536733, 3.0, 0.0
34, 0 ,1.0,1.0,1.0,38.83257542632269,136.13897026672495,128.3435286401399,16.669019347395064,10.98219445303919,12.772420323146783,77.0,49.0,59.0,-0.9393841692816985,0.3382491260855643,0.056079507890898266,17.328769088806393,-0.1754041370896837,-0.333562756227908,-0.9262663096266994,13.231806556563997,-0.2946027345337391,-0.8799564854923185,0.37267386874484487,9.286149849955402,81.2356731712169,61.432829345068484,46.69040050763307,22.611812505373504,7.092634005868295,91480.0,233010.18279477503, 0.0, 0.0,0.0,NaN, 191.085974062273,191.085974062273,0.0, 277.856206003831, -62.81631538472687, 3.1588487609574956, -62.81631538472687, 120.60859500436476, 31.511573244403053, 3.1588487609574956, 31.511573244403053, 163.13472091113297, 4.757157150919866, 3.529750968284514, 3.0, 0.0
35, 0 ,1.0,1.0,1.0,252.02807634681778,280.4241539639111,138.3528516057586,27.186585854062532,11.864681996650434,19.750741161851142,110.0,47.0,96.0,0.9784942006947055,-0.04680903006213649,0.20089304097322747,27.489300681952507,0.20253302036117302,0.03337004766052503,-0.9787067055980125,19.368897386245862,-0.039108501252407335,-0.9983463099665245,-0.04213277235139115,11.796485399587398,116.54643591347323,85.94373906208364,50.5480981926421,33.73346452728683,11.490268783228275,245616.0,506311.8145677982, -2.8421709430404007E-14, 0.0,0.0,11.904107288481397, 147.7363555610482,147.7363555610482,0.0, 739.110450400313, -26.642372507226735, 74.40850651149054, -26.642372507226735, 140.77067888164092, -13.504913065257778, 74.40850651149054, -13.504913065257778, 390.091776442441, 4.530272673215235, 3.0632215600951906, 5.0, 0.0
36, 0 ,1.0,1.0,1.0,123.54097714736012,116.95902285263988,160.93944050433413,5.657475454406134,12.444112073037408,9.072316762781941,24.0,53.0,41.0,-0.18645046424823944,0.9807105741385488,0.05867703259754632,12.644230825533104,-0.12166966096450088,0.03621553209475714,-0.9919097382503494,9.096908732630633,0.9749013888503797,0.19208124585167363,-0.11257032028767372,5.151656392715294,54.0077768031625,41.36210170195662,24.908259032102762,15.52345940796671,5.309622703826519,25380.0,55641.941051675436, 0.0, 0.0,0.0,NaN, 219.72625074946444,219.72625074946444,0.0, 32.00702851720789, -24.628896129501406, 5.325472099113023, -24.628896129501406, 154.85592528631537, 5.653546813416422, 5.325472099113023, 5.653546813416422, 82.3069314442542, 3.7631594739601875, 2.4342246909594993, 2.0, 0.0
37, 0 ,1.0,1.0,1.0,270.2477103200831,212.1553705421362,267.83348514554535,17.04334268753373,30.248188364318022,18.962186314621146,75.0,128.0,74.0,0.10441663492501609,0.9637916720878401,0.24536254637792934,31.038786483155675,-0.5589611199118768,-0.14718677814566822,0.8160260527495173,18.680383020726282,-0.8225932365256818,0.22235481814708552,-0.5233533243125336,15.894337449872328,139.67831097132492,92.89912626770376,84.84028605938613,37.50445428120011,12.58605769046471,360094.0,1100886.9620786603, 0.0, 0.0,0.0,NaN, 98.16599382509673,98.16599382509673,0.0, 290.47552996470944, 79.45456492752314, -25.72717413089602, 79.45456492752314, 914.9528993232642, 156.51359137635856, -25.72717413089602, 156.51359137635856, 359.56450983040554, 5.314530681302513, 3.883919230736665, 5.0, 0.0
38, 0 ,1.0,1.0,1.0,118.55041400520464,118.96623294692847,243.53323870357227,9.900340957291125,13.007040552367199,12.414426715953518,47.0,61.0,56.0,-0.29279978817147867,0.6410949214120618,-0.7094121409916812,13.8234962693186,-0.41902068544808707,-0.7529238307226587,-0.5074715462925314,12.531722495866735,0.8594707378458873,-0.14867080032602364,-0.4890879715522221,8.55480729566972,63.27749430172055,57.05711183279652,38.20422497009366,19.699925370496643,5.76461499878128,63405.0,137933.72079421743, 1.4210854715202004E-14, -1.4210854715202004E-14,-2.8421709430404007E-14,79.63236450151074, 177.18820607956957,177.18820607956957,0.0, 98.01675107061614, 4.324728907580444, 42.32252192230954, 4.324728907580444, 169.18310393092483, -21.58134746369617, 42.32252192230954, -21.58134746369617, 154.11799068578043, 4.140565859111417, 2.824465312489002, 4.0, 0.0
39, 0 ,1.0,1.0,1.0,166.35261291085362,52.758193426341926,115.94939702057223,7.5811333760141455,8.085428956387466,7.915072543282702,33.0,36.0,34.0,0.5366810485591477,-0.6593265966961697,0.5265566360862812,8.466323606926291,-0.1398508190760319,-0.6849153774694424,-0.7150752926158574,7.89884477328969,0.832114896226006,0.3101279809932311,-0.4597884675411566,7.171173813917006,38.20245176062639,36.723957693426996,33.085464983138294,13.1509181736146,3.542523003458359,21145.0,46417.09502376306, 0.0, 0.0,0.0,NaN, 184.63291613036318,184.63291613036318,0.0, 57.47358326491564, -6.116060070314756, 6.8199714265599995, -6.116060070314756, 65.37416140878891, -1.6604744872931585, 6.8199714265599995, -1.6604744872931585, 62.6483733654277, 3.748932269750461, 2.332776110190918, 3.0, 0.0
40, 0 ,1.0,1.0,1.0,42.34522256644383,210.59016794391,208.26838415131257,13.40744083245276,12.533513227445281,10.178063613243943,56.0,53.0,44.0,-0.9086066269454988,-0.39103129983587154,-0.14672600321480622,13.752572046802728,0.3423999680728125,-0.8985813465299424,0.2744336450440656,12.407810542354392,-0.23915739447999462,0.19911324972764585,0.9503460708859884,9.866833436115524,63.533630075195006,56.8962606497967,46.159614872724916,20.226544287261074,5.597169696278368,73596.0,166858.97492036608, 0.0, 0.0,0.0,NaN, 134.9145110383277,134.9145110383277,0.0, 179.7594696757216, 15.194271469224855, 17.554026901836934, 15.194271469224855, 157.08895382254582, -8.691695163162557, 17.554026901836934, -8.691695163162557, 103.59297891524035, 4.406223415172717, 2.9716134986976153, 5.0, 0.0
41, 0 ,1.0,1.0,1.0,118.87158595875646,154.94989518131402,277.73718015432877,9.824917209327262,13.284468306411558,12.47440003857601,42.0,59.0,51.0,0.11671476564601639,0.8605221552749598,-0.4958621620583021,13.579858186114697,0.291140665226851,-0.5069851940371848,-0.8112971872737788,12.427716394017938,-0.9495339786081709,-0.04967527864054739,-0.3097056508372454,9.473967994007838,62.438658714746964,61.16493504764941,42.93383680517647,19.881569043395075,5.774076986783843,67259.0,163966.74872467757, 0.0, 0.0,0.0,NaN, 188.85343524474905,188.85343524474905,0.0, 96.52899817013501, -0.04192383649758929, -20.758559821095723, -0.04192383649758929, 176.47709818405318, -13.781095509595936, -20.758559821095723, -13.781095509595936, 155.61065632242514, 4.555714714581897, 2.9572172546565745, 4.0, 0.0
42, 0 ,1.0,1.0,1.0,101.98652569899586,214.36801602135301,152.56689393277037,28.00170391198104,26.466406446744866,22.57153694002438,136.0,141.0,114.0,-0.7071598973516754,-0.6459822666931981,0.28745745893172747,30.78967663380337,0.689566428540378,-0.5402397096778241,0.4823268567240362,25.112828797524195,-0.15627866203559693,0.5393032238037692,0.8274835421851154,20.38092280995882,143.32346638189068,123.10331025646526,102.34097451662774,42.629041885852715,13.296810140325201,606191.0,1805662.5168478508, 0.0, 0.0,0.0,NaN, 198.672113968977,198.672113968977,0.0, 784.0954219742542, 163.11301381060318, -36.67183051275466, 163.11301381060318, 700.4706702042982, -154.99782285397166, -36.67183051275466, -154.99782285397166, 509.47427983488524, 5.591926512879568, 3.999883844449451, 12.0, 0.0
43, 0 ,1.0,1.0,1.0,32.907838242636046,163.11434847728407,217.10552171742387,16.638009449214955,8.42083719494571,7.992203419062475,70.0,37.0,34.0,-0.9999975111607516,0.0012973912216125566,0.0018150615196165232,16.63804096146877,0.0012725486970254836,0.999906410231888,-0.013621725184170107,8.420894130398619,-0.0018325643551069248,-0.013619381527714034,-0.9999055726190782,7.992077827244075,70.02394568225884,37.143831058211646,34.14947636352173,19.16290074218624,6.662762800274154,50075.0,88821.34037232665, 0.0, 0.0,0.0,NaN, 163.37717692610067,163.37717692610067,0.0, 276.8233584321661, -0.2673246485738279, -0.3866403849044393, -0.2673246485738279, 70.91049906378115, -0.09536130512170554, -0.3866403849044393, -0.09536130512170554, 63.87531549167392, 4.38212691019073, 2.8277543671335206, 2.0, 0.0
44, 0 ,1.0,1.0,1.0,205.1407339659312,125.97130444723905,184.2588315994055,6.602644848802803,8.248178290657199,7.518393323602801,30.0,37.0,35.0,-0.26966039602107683,-0.9281109489549424,0.2566969755328478,8.464024538501093,-0.18636151849959814,-0.2112330729513835,-0.9595050668516759,7.461488053324706,-0.9447500490819148,0.30657895446600836,0.11600297167852708,6.390624924373993,39.59071540638388,35.831626478918565,30.4799577429213,12.496995844010367,3.461025448775537,17494.0,43238.85971706899, 0.0, 0.0,0.0,NaN, 195.60947819417137,195.60947819417137,0.0, 43.59491899942219, 8.292308703035179, 0.5205074083836592, 8.292308703035179, 68.03244511446871, -4.331317396655931, 0.5205074083836592, -4.331317396655931, 56.52623816839517, 3.614460638663258, 2.162660347053346, 1.0, 0.0
45, 0 ,1.0,1.0,1.0,136.269068732434,43.29047950205689,202.4726007886175,30.261329039897145,25.03377394815022,39.635413352990405,169.0,112.0,198.0,-0.5299041146650475,-0.10320448994391758,0.8417543956027014,44.74678930193739,0.29626671604780347,0.9075008063094716,0.29777226114920136,25.30355048957006,-0.7946242270553439,0.4071745569200932,-0.45031235600816444,21.699286734826487,208.40095474140531,126.50920712266164,133.13481356425615,52.16396928548734,19.80717479586163,867087.0,3510051.370903923, 0.0, 0.0,0.0,NaN, 173.07489218733951,173.07489218733951,0.0, 915.7480352609223, 129.29895199592838, -668.1413971142308, 129.29895199592838, 626.6898380870847, -87.25886610366747, -668.1413971142308, -87.25886610366747, 1570.9659916624098, 5.588189398379032, 4.054812285493135, 6.0, 0.0
46, 0 ,1.0,1.0,1.0,189.42489527229205,218.69541918285185,62.26083999782384,16.60423741297851,7.408100088264922,7.325251997632235,74.0,33.0,32.0,-0.9962862130556798,-0.0426284022543671,0.07481043374030728,16.653001724681502,-0.0810037129831577,0.7586021157210772,-0.6464992099813013,7.752335955524759,-0.02919212493319496,-0.6501581725586046,-0.7592378879489219,6.842425345120979,75.22054552174578,38.01103712331255,32.949499064498895,18.226218020677287,7.21421793931019,36762.0,94209.56846499343, 0.0, 2.8421709430404007E-14,0.0,87.5568321358684, 150.71065272445202,150.71065272445202,0.0, 275.70070006655527, 8.973465871385086, -16.48458519030546, 8.973465871385086, 54.879946917750736, -7.248038043206676, -16.48458519030546, -7.248038043206676, 53.65931682881506, 4.297708736810732, 2.9259878572018874, 3.0, 0.0
47, 0 ,1.0,1.0,1.0,139.60538452824693,185.29799388293424,208.24699136382517,20.70165953918443,13.414506561257207,19.31442141586317,97.0,66.0,87.0,-0.8723719849602778,-0.3911145994745885,0.2932515812988843,22.26051368998709,-0.30326674010832744,-0.03749114097755987,-0.952167894172172,19.064832372192782,-0.3834011009380808,0.9195780469465504,0.08590582851841319,11.070513333443895,100.53334541352753,86.82833641970632,54.83178696697313,29.716618486078826,9.923565606207136,185383.0,478634.5168902424, 0.0, 0.0,0.0,NaN, 202.64458588955458,202.64458588955458,NaN, 428.55870767630563, 129.99695626085628, -25.850096000063186, 129.99695626085628, 179.94898628201264, -34.178239341860596, -25.850096000063186, -34.178239341860596, 373.04687462955377, 6.004765125401406, 4.396687588341384, 6.0, 0.0
48, 0 ,1.0,1.0,1.0,207.85525301126304,42.44538454019181,86.13072085673014,41.96158483351181,29.750373125597402,36.41730821361675,191.0,115.0,188.0,0.8258640834445958,0.050667336993217564,0.561588226940552,46.44962678970661,0.40168242798710946,0.6461027442272023,-0.6490011332412751,32.610007917982706,0.3957268536788951,-0.7615668485852666,-0.5132408717291598,27.406188991976027,250.79607516383513,176.58724554024252,144.4559819605737,59.199703171686316,21.6211652035815,1381065.0,6397578.137246907, 0.0, 0.0,0.0,NaN, 133.08180244377166,133.08180244377166,0.0, 1760.774601740008, 139.90685782094664, 570.8961683576674, 139.90685782094664, 885.0847011122682, -90.93979360318372, 570.8961683576674, -90.93979360318372, 1326.220337525558, 5.198137073289456, 3.7211526372007735, 9.0, 0.0
49, 0 ,1.0,1.0,1.0,196.00701223892239,229.05638866274893,142.43688984969864,20.922621304748237,19.335636549488058,18.94089220335485,93.0,89.0,91.0,0.5869135574136034,0.4870879575652165,0.6467439970491069,23.135719544232945,-0.7457207934132434,0.6363121974683958,0.19750262181567219,20.409539350768554,0.31532994528783953,0.5982074129830619,-0.7366918736194127,14.784096359092754,118.08376769615535,96.15291813545332,77.12745113603151,32.758740712614454,9.86129947922865,292346.0,875712.7041247465, 0.0, -2.8421709430404007E-14,0.0,60.85063949311021, 190.09420055094202,190.09420055094202,0.0, 437.75608226190474, -3.40818959985297, 91.05202525708553, -3.40818959985297, 373.86684077389845, 124.64548128186115, 91.05202525708553, 124.64548128186115, 358.7573974591086, 4.956169092216852, 3.5645716153197347, 6.0, 0.0
