// Sample: .//bubblelabels.tif, Map: .//bubblelabels.tif, Thickness:(8.191250068658265):/afs/psi.ch/project/tipl/test/LabelValidation/SmallStep0500//distmap.tif, Neighbors:(1.0):
//LACUNA_NUMBER, TRIANGLES, SCALE_X, SCALE_Y, SCALE_Z, POS_X, POS_Y, POS_Z , STD_X, STD_Y, STD_Z,PROJ_X, PROJ_Y, PROJ_Z, PCA1_X, PCA1_Y, PCA1_Z, PCA1_S, PCA2_X, PCA2_Y, PCA2_Z, PCA2_S, PCA3_X, PCA3_Y, PCA3_Z, PCA3_S,PROJ_PCA1, PROJ_PCA2, PROJ_PCA3,OBJ_RADIUS, OBJ_RADIUS_STD, VOLUME, VOLUME_BOX, Mask_Grad_X,Mask_Grad_Y,Mask_Grad_Z,Mask_Angle, Mask_Distance_Mean,Mask_Distance_COV, Mask_Distance_STD, SHAPET_XX, SHAPET_XY, SHAPET_XZ, SHAPET_YX, SHAPET_YY, SHAPET_YZ, SHAPET_ZX, SHAPET_ZY, SHAPET_ZZ, Thickness, Thickness_STD, Neighbors, Neighbors_STD
1, 0 ,0.3333333432674408,0.3333333432674408,0.3333333432674408,12.79938988361068,280.44473912027814,74.29825622140079,8.782234767936194,11.22224743349395,19.18368544821335,37.0,48.0,89.0,-0.07890293354084066,-0.12976317655257677,0.9884006500855987,19.331681701831904,-0.33492812318339527,-0.9304063774330883,-0.14888628255378691,11.354462965004227,-0.9389342252679356,0.3427907391439017,-0.02995045538350718,8.272999801106405,87.8711625096413,57.23835319335035,41.3596430962697,22.47733888009192,8.114771051806134,72773.0,208022.48719017924, 0.0, 0.0,0.0,NaN, 77.88750533306082,77.88750533306082,0.0, 77.12764751914727, 21.972719915586012, -20.791444044134263, 21.972719915586012, 125.93883745856154, -30.775343363687497, -20.791444044134263, -30.775343363687497, 368.01378737599265, 6.404457654445504, 5.5715981810190724, 13.0, 0.0
2, 0 ,0.3333333432674408,0.3333333432674408,0.3333333432674408,107.89917326089524,13.471690090941301,121.98099681114917,15.584516336052912,8.783826710630594,15.101988784261765,73.0,38.0,81.0,-0.987184459706493,-0.004226580383529388,0.15952735982351532,15.596757047385955,0.15929817615164465,-0.08583304496493899,0.9834921349287987,15.126699032463424,0.0095359104840243,0.9963005693114443,0.08540633466513081,8.719344719481072,70.64562564169648,79.35663449070765,40.81008284548727,22.274056874624893,7.208967796921407,84670.0,228789.44940977095, 0.0, 1.7763568394002505E-15,0.0,89.75783406123935, 163.4107756769199,163.4107756769199,0.0, 242.8771494287001, -1.3913450064206052, -2.398774420966331, -1.3913450064206052, 77.15561168238747, -13.010700964257406, -2.398774420966331, -13.010700964257406, 228.07006523996813, 4.32837487500787, 4.723843094652083, 21.0, 0.0
3, 0 ,0.3333333432674408,0.3333333432674408,0.3333333432674408,162.89497510611665,16.208901563279404,150.9820989920095,15.622259525423067,10.298833357085151,16.046462087866548,78.0,43.0,78.0,-0.2117695059752994,-0.012384670783758397,0.9772411658687716,16.06566891680614,0.9733406503325024,0.08746489776118713,0.21203270990563516,15.637433110138957,0.08810025396830522,-0.996090614145723,0.006467894674249325,10.245724704261724,80.81550028117199,73.67503381616888,45.83132266639153,23.549243244154262,7.283065931436195,106251.0,272883.57780596544, 0.0, 0.0,0.0,NaN, 203.1424405727856,203.1424405727856,NaN, 244.05499267967173, 12.282323296200806, -2.8891564065106103, 12.282323296200806, 106.06596851700981, 0.7347820799179976, -2.8891564065106103, 0.7347820799179976, 257.48894553733845, 3.8284727636915057, 4.7556768348843175, 29.0, 0.0
4, 0 ,0.3333333432674408,0.3333333432674408,0.3333333432674408,225.83099131970837,265.0810981039463,218.1108384191589,14.840906774823765,14.117485150403038,15.354507884107075,75.0,72.0,72.0,0.061517770423938495,0.5064544841292374,0.8600694270972873,15.963954197511534,0.994166122150305,0.045396486756355,-0.09784109851593469,14.847204696478094,-0.0885961934322934,0.861070853353874,-0.5007071998820662,13.41750693365199,79.10318859230154,75.64886710668836,67.95374311341985,24.635479070254714,6.957728380229798,138129.0,406639.72461425886, 0.0, 0.0,0.0,NaN, 115.87150789843245,115.87150789843245,0.0, 220.2525138990099, 4.15480626976684, 0.0279124796042312, 4.15480626976684, 199.30338697185027, 32.41033662756234, 0.0279124796042312, 32.41033662756234, 235.7609123631063, 3.3852116959564005, 4.0781501570706, 29.0, 0.0
5, 0 ,0.3333333432674408,0.3333333432674408,0.3333333432674408,124.37323609762706,154.07446208033235,206.73369307534261,15.027729218848886,15.123170361705006,14.353681067722889,76.0,71.0,71.0,0.6182556345159254,0.5338232014486353,-0.5768819289806538,16.150289909675354,0.6087304206221179,-0.7895141735551828,-0.07819619405505834,14.880917592847522,0.4971994020496504,0.30282034170545147,0.8130760082863493,13.352809250731598,81.16763348285767,76.8169469523332,71.25039464498005,24.658821799061094,7.246626452394134,132873.0,444249.75856041315, 0.0, 0.0,0.0,NaN, 213.21718617856496,213.21718617856496,0.0, 225.83264547504456, 6.504415509923683, -31.490423492248212, 6.504415509923683, 228.71028178915273, -22.753103785474128, -31.490423492248212, -22.753103785474128, 206.02816019390647, 3.361353863471938, 4.050325499820073, 39.0, 0.0
6, 0 ,0.3333333432674408,0.3333333432674408,0.3333333432674408,112.59856350337817,111.25359511560156,168.20417002417406,13.819140803879078,14.714806180145425,15.857639728883058,71.0,81.0,73.0,0.22428533813643456,-0.41470174445698266,0.881883524192033,16.318229376670942,-0.16727955245093115,-0.9078897077621852,-0.38438760369100033,14.36248588242191,-0.9600591848572885,0.061308577571403046,0.272997472309415,13.652593179880402,89.37311328213026,78.10096761949595,69.24515996412424,24.589880175490215,7.368629737096875,129064.0,483339.9848219184, 1.4210854715202004E-14, 0.0,0.0,77.03914295566777, 205.97558041716331,205.97558041716331,0.0, 190.9686525574357, -4.41043965370336, 17.08076809274829, -4.41043965370336, 216.52552091924602, -22.27730029203527, 17.08076809274829, -22.27730029203527, 251.46473777105035, 3.911928308864796, 4.470498860988135, 41.0, 0.0
7, 0 ,0.3333333432674408,0.3333333432674408,0.3333333432674408,198.18948255626185,127.12090491606997,69.24528361336263,15.216116605242844,13.405352879971929,14.887564290114158,75.0,68.0,79.0,-0.8200801695339823,-0.18555550123936396,0.5413295405729511,15.851818435662356,0.40598677612272593,0.47801210235373587,0.778896121197709,14.72084387140416,-0.40329053193769593,0.8585298981183879,-0.3166751661975416,12.840945014668455,77.44714140955409,78.74445055503057,69.40968027054183,24.15717622200926,7.021687678329761,126951.0,423297.19770175515, 0.0, 0.0,0.0,NaN, 176.9746174781492,176.9746174781492,0.0, 231.53020454434701, 23.201287364762234, -21.967044744188257, 23.201287364762234, 179.7034858365717, 10.613631572957214, -21.967044744188257, 10.613631572957214, 221.63957049228227, 3.231602806711716, 4.114203040298806, 35.0, 0.0
8, 0 ,0.3333333432674408,0.3333333432674408,0.3333333432674408,118.31775671920961,33.04298897141571,269.3663802804877,14.597334358031562,13.771017184448818,14.829304544399434,73.0,66.0,64.0,-0.6711830400972024,0.28339532109599097,0.6849820571860095,15.567024252654381,0.5001763187539215,-0.5088624580954637,0.7006301798372792,14.20724252733616,-0.5471169681554876,-0.8128628978628211,-0.19979222315797027,13.358644153199837,80.0322191211552,83.78246501698814,68.76053344944056,24.026558381966467,6.734675214378115,128847.0,461059.7710667773, 0.0, 0.0,0.0,NaN, 126.6070666761965,126.6070666761965,0.0, 213.08217036016873, -18.104255857471852, -21.170615857906565, -18.104255857471852, 189.64091429438463, 4.060262323735622, -21.170615857906565, 4.060262323735622, 219.90827327054572, 3.453699868963078, 4.177166593636547, 31.0, 0.0
9, 0 ,0.3333333432674408,0.3333333432674408,0.3333333432674408,278.35408905954495,13.612699868187288,285.58633732592125,12.8545734022025,8.895982043376875,7.765619209034154,51.0,35.0,31.0,-0.9771223577261429,-0.1862075601493569,0.10275525570464875,13.046783897623449,0.11229499871747646,-0.8620228426898965,-0.4942736609853614,9.123367071815423,0.18061487008202298,-0.47142694367638094,0.8632119701910997,7.1574435918170956,55.99739268022199,46.43585830740555,36.54653999831737,16.591987803680542,5.421193253420512,34898.0,95031.49256326343, 0.0, 0.0,0.0,NaN, 29.35310426216602,29.35310426216602,0.0, 165.24005735261196, 18.551575096819484, -13.723605087294418, 18.551575096819484, 79.1384965160838, 11.360591876244069, -13.723605087294418, 11.360591876244069, 60.304841699720235, 7.135253351680685, 5.379467719720724, 7.0, 0.0
10, 0 ,0.3333333432674408,0.3333333432674408,0.3333333432674408,22.272066648423486,87.03279211894555,220.1766548085986,12.935971360186612,17.650974261680116,13.972303926321134,54.0,85.0,65.0,-0.03234131191132745,-0.9875668442763429,-0.15383682143726043,17.74284417711092,0.48271512648250997,0.11934220810557303,-0.8676079437334934,14.249001870393796,0.8751800650202382,-0.1023189398427848,0.47285377056825906,12.501157971637117,83.23781792069167,70.9036170104352,66.0149170151907,24.838052464630028,7.562583830388524,131556.0,389610.9541042989, 0.0, 0.0,0.0,NaN, 120.1770289795726,120.1770289795726,0.0, 167.33935503156823, 7.756790298266504, -18.792657339151265, 7.756790298266504, 311.5568923864939, 19.243340563377295, -18.792657339151265, 19.243340563377295, 195.225277009489, 3.483535452998472, 4.107043569256337, 35.0, 0.0
11, 0 ,0.3333333432674408,0.3333333432674408,0.3333333432674408,97.65561734698183,256.76874910336795,49.29141174187124,12.778065451603561,12.951310888845187,17.17635210698053,76.0,65.0,77.0,-0.11668320518341141,0.17831533932542995,0.9770305365695496,17.375548349501386,0.6834526838287214,0.7281915849215612,-0.05127811050284875,13.240822360052723,-0.7206090886156263,0.6617708481118527,-0.20683782534603043,12.198910808413448,81.17080858463592,64.5292274242058,67.05836711305906,23.972038923673956,7.168251667608217,118499.0,351244.32150600065, 0.0, 0.0,0.0,NaN, 117.6231436623523,117.6231436623523,0.0, 163.27895668546455, 10.006218467323347, -18.382372663278314, 10.006218467323347, 167.73645373951993, 25.682618047092586, -18.382372663278314, 25.682618047092586, 295.0270717029745, 3.8571657531827257, 4.116402661587456, 26.0, 0.0
12, 0 ,0.3333333432674408,0.3333333432674408,0.3333333432674408,69.41719826971526,57.41744545324904,137.27603745781244,14.836188791896861,12.870336126321801,12.839578734274188,73.0,62.0,60.0,-0.8988582335610968,0.28335092299759546,0.3343144184683562,15.325307860832183,0.3243214029730109,0.9431560327309058,0.07261078085874687,12.638208855847074,-0.2947363288314526,0.17369211945194885,-0.9396603344332716,12.49093462610545,78.52754855775254,62.64801476073512,62.70913383651113,22.557540251175443,6.462987680903466,105185.0,308503.54260400997, 0.0, 0.0,0.0,NaN, 164.1956787437249,164.1956787437249,0.0, 220.11249786880606, -18.94830782739861, -23.604851944300137, -18.94830782739861, 165.64555200450408, 7.72198004720167, -23.604851944300137, 7.72198004720167, 164.85478207362596, 2.9560665470067327, 3.7745265992614736, 30.0, 0.0
13, 0 ,0.3333333432674408,0.3333333432674408,0.3333333432674408,231.77261840985724,122.35362241200012,12.020168279078561,13.220922699625667,15.571486496041832,7.571054591248191,68.0,84.0,33.0,0.26924151924224743,0.9592529625934929,-0.08568989480524053,15.803070083178913,-0.9629678026341602,0.26945756864372766,-0.009253636612074869,12.998462793673877,-0.014213212376660473,-0.08500807288850548,-0.9962788827119234,7.475814156141263,84.92211572122852,61.08830615298484,35.00376095856339,20.670731245664292,6.877915826695181,63466.0,181590.69805785033, 0.0, 0.0,0.0,NaN, 140.60536604782413,140.60536604782413,0.0, 174.79279702947724, 20.72571337452463, -3.464767774314185, 20.72571337452463, 242.47119169641311, -16.216015452168985, -3.464767774314185, -16.216015452168985, 57.32086762366031, 3.9405029089102106, 4.2821676025365125, 27.0, 0.0
14, 0 ,0.3333333432674408,0.3333333432674408,0.3333333432674408,201.87825433397813,192.3160508125824,14.426128312859625,15.68388123813345,15.578224880668843,8.356939427368246,81.0,84.0,37.0,-0.746315500057112,-0.6655548747601847,-0.007062793884702674,16.102440135630697,-0.6645873974211203,0.7457296044583476,-0.04702072121330347,15.15719138685507,0.0365618047082639,-0.03039844925899628,-0.9988689447165344,8.335144189391231,74.77318339701992,76.85904898831365,39.217146179025505,22.3691073462568,7.624086453390802,81161.0,225380.77303462752, 0.0, -2.8421709430404007E-14,0.0,48.27509203914253, 146.39611696778334,146.39611696778334,0.0, 245.98413069187444, 14.85508924334493, 6.008730472263429, 14.85508924334493, 242.68109043268979, -4.7274259478464336, 6.008730472263429, -4.7274259478464336, 69.83843659270192, 3.4413875225494026, 4.142542979188219, 26.0, 0.0
15, 0 ,0.3333333432674408,0.3333333432674408,0.3333333432674408,268.09811503600815,104.61036160145933,106.76033214889695,14.598474297731727,13.115782389645295,13.392534063266085,65.0,78.0,71.0,0.8482606690596515,0.39045641302490136,0.3577675598125134,15.256740832072474,-0.25574026991356624,-0.2895526036552214,0.922364463789135,13.107634418305206,-0.46373564847983034,0.8739010694833886,0.1457606568480709,12.645985421818235,74.51947866647015,67.59628783675828,73.79551082450348,22.805990162725188,6.662280453986796,105254.0,371725.7084935717, 0.0, 0.0,-1.4210854715202004E-14,69.03684262667235, 152.835946488994,152.835946488994,0.0, 213.11545182153384, 25.008026257830995, 19.303200352464742, 25.008026257830995, 172.02374769252964, 7.0009499093470975, 19.303200352464742, 7.0009499093470975, 179.3599686357424, 2.9943751811036625, 3.8232089324922867, 36.0, 0.0
16, 0 ,0.3333333432674408,0.3333333432674408,0.3333333432674408,72.91392625645223,221.03170998957083,18.68064264874784,14.016488762985249,11.598744875472562,11.102217353854284,64.0,58.0,46.0,-0.9315452874986779,-0.3529808530783758,0.08733781940870776,14.361058846749199,0.3162972939561588,-0.6680886356995851,0.6735084236185012,11.838245767200956,-0.17938617331059026,0.6550283140514841,0.7340017088643959,10.385951860901882,65.56870519585712,60.15872956673479,58.10719205899299,20.454233321474923,5.989691922969901,75749.0,229205.56252015423, 0.0, 0.0,0.0,NaN, 109.09352812643296,109.09352812643296,0.0, 196.46195724289177, 25.526049837383987, -1.127727229800609, 25.526049837383987, 134.53088268630103, -17.55571563508804, -1.127727229800609, -17.55571563508804, 123.25923017222324, 3.94893943916055, 4.1791909868402355, 21.0, 0.0
17, 0 ,0.3333333432674408,0.3333333432674408,0.3333333432674408,88.02372471153683,286.54522523136706,173.5466568949943,10.85588334722415,8.218510634302541,15.925044784845616,55.0,33.0,70.0,0.16089978192668536,0.04062457615413721,0.9861343235017443,16.05463590982286,-0.9728771757043714,0.17477595397842927,0.15153668501196826,10.74920163801567,0.16619645354047596,0.9837697950858355,-0.0676441357941818,8.105831335669937,72.77871481903932,53.12535980780555,36.279324574871225,19.8795354728014,6.6185527934433335,58673.0,140270.2140544935, 0.0, 0.0,0.0,NaN, 154.65980427570491,154.65980427570491,0.0, 117.8502032485386, -7.2194016587196455, 23.123976166246365, -7.2194016587196455, 67.54391704614397, 9.013676579161336, 23.123976166246365, 9.013676579161336, 253.60705139933853, 4.084069289308587, 4.181984207066463, 15.0, 0.0
18, 0 ,0.3333333432674408,0.3333333432674408,0.3333333432674408,227.1577705427283,96.87184005894242,133.4623993149935,13.625667347955346,12.493660917506158,13.768919860563127,69.0,58.0,71.0,0.5100202983882991,0.46728260919642106,0.7221677494699515,15.063738233023676,-0.8597745954662153,0.2517362970104561,0.44431574556656134,13.083886615394006,0.025825185823455443,-0.8475115337917515,0.530148337606689,11.54249667133681,72.99280383416237,60.679200226735446,59.54672207707516,22.181507472814626,6.270107986211408,100437.0,263741.0639105055, 0.0, 0.0,0.0,NaN, 180.28409752284287,180.28409752284287,1.9073486328125E-6, 185.6588106771365, 14.112138180411673, 20.00609158432261, 14.112138180411673, 156.09156312162082, 35.860987524344836, 20.00609158432261, 35.860987524344836, 189.5831541266097, 3.5219385662355003, 3.984786140432144, 26.0, 0.0
19, 0 ,0.3333333432674408,0.3333333432674408,0.3333333432674408,255.47779674612806,34.23168925728625,262.45598428597873,12.892263114416405,14.790606487895229,12.571443384157423,78.0,70.0,69.0,0.12310017399067857,-0.9667917994681533,0.22396420170329503,14.896734496951805,0.782713115518596,0.23332589718108665,0.5769915116358418,13.424742458704287,-0.6100873101111329,0.1042719626063046,0.7854430799590715,11.869173033407764,74.53808559521565,70.28579856465478,67.45036626658631,22.336463295470484,6.64048828793627,97238.0,353370.3691097385, 0.0, 0.0,0.0,NaN, 67.55433552275655,67.55433552275655,0.0, 166.2104482113418, -2.458475934238902, 20.00374308473465, -2.458475934238902, 218.76204027976843, -12.249242785524553, 20.00374308473465, -12.249242785524553, 158.04118876107543, 3.4603280867500033, 3.799707219185139, 21.0, 0.0
20, 0 ,0.3333333432674408,0.3333333432674408,0.3333333432674408,51.61753825959846,63.07044837564512,280.5690015214343,14.051982944507655,11.19149849749354,10.133136656683938,71.0,55.0,42.0,-0.9521297319701579,-0.25882014069803594,0.16266870709354386,14.306032652517354,-0.3048122473430827,0.8442008213920055,-0.4409245593417578,11.303506952136072,-0.023204899657091854,-0.4694007966867045,-0.882680250544778,9.641394200181042,67.7841461888581,55.0222768059013,51.09910000799454,19.74836523725294,5.94898245511979,67042.0,190581.14794843955, 0.0, -7.105427357601002E-15,0.0,74.99993501259942, 83.78433872842854,83.78433872842854,0.0, 197.45822467273402, 18.569648381610303, -12.622419259402994, 18.569648381610303, 125.24963861940019, -17.66136741424345, -12.622419259402994, -17.66136741424345, 102.68045850303173, 3.8113854508767537, 4.055735663748101, 17.0, 0.0
21, 0 ,0.3333333432674408,0.3333333432674408,0.3333333432674408,132.86170458272096,251.6232038964667,252.159028798387,13.76491997537026,13.573943671288463,10.584810898767202,65.0,64.0,47.0,0.9369031724361407,-0.29647286489754704,0.1852465542420051,13.921571409570605,-0.28507356354060903,-0.9546366722858907,-0.08603422166312327,13.542313391940455,-0.20234996626971227,-0.02779683986286726,0.9789187028779686,10.419154858481408,66.0659477029869,67.22587283309076,48.674414906591124,21.134032756715204,6.254266537363379,82331.0,216179.67452107192, 0.0, 0.0,0.0,NaN, 149.26923819522432,149.26923819522432,0.0, 189.4730219283472, -3.314112550981159, 16.631483911266074, -3.314112550981159, 184.2519467913121, 1.4642891666998075, 16.631483911266074, 1.4642891666998075, 112.03822176266095, 3.6531192393091434, 3.9615823108418504, 28.0, 0.0
22, 0 ,0.3333333432674408,0.3333333432674408,0.3333333432674408,177.92266913087886,272.2464050062416,284.3479726991229,11.7120704514713,15.00332571809174,8.605378823035489,58.0,60.0,36.0,-0.10077577703124802,0.9949079542068227,0.0015509415665118111,15.03378685654395,0.9833328993051633,0.09936596820316464,0.15225903423819817,11.73755595791116,0.15132961345304935,0.01686911435263275,-0.9883394058080999,8.517039065205607,62.33791157871951,58.3762883760283,38.944193165205235,19.896742527694194,6.359603630570942,61683.0,141720.09602847663, 0.0, 0.0,0.0,NaN, 126.16704286712061,126.16704286712061,0.0, 137.17259426022716, -9.014147303474628, 9.742373583885515, -9.014147303474628, 225.099782603153, 1.2237109567632813, 9.742373583885515, 1.2237109567632813, 74.05254468794766, 3.580904595691936, 4.1396393357536905, 16.0, 0.0
23, 0 ,0.3333333432674408,0.3333333432674408,0.3333333432674408,72.87780263664357,33.701765781370284,31.51794649730562,12.770734207405988,11.791875398083931,12.943135063918685,59.0,54.0,66.0,0.6131979095957918,0.22154050816724763,0.7582269626624664,13.08390809081236,-0.7222847701434079,-0.23139022849320365,0.6517386538918402,12.751086321578493,-0.31983282271561186,0.9473005676124454,-0.01812733060610912,11.657009460998852,63.549462926824646,60.27757748171622,52.676354448790164,20.848491787179935,5.916511901687989,83136.0,201782.44766853203, 0.0, 0.0,0.0,NaN, 86.25754509221169,86.25754509221169,9.5367431640625E-7, 163.09165219620948, 9.258903947422782, 3.842965964998286, 9.258903947422782, 139.04832540393707, 1.902917694551616, 3.842965964998286, 1.902917694551616, 167.52474528284137, 3.1766062606881738, 3.721744977104775, 27.0, 0.0
24, 0 ,0.3333333432674408,0.3333333432674408,0.3333333432674408,237.60279346548913,34.448707501042335,91.72523026191108,14.12887933192795,12.645866259696506,14.369142949140091,68.0,66.0,75.0,0.6662110710641227,-0.027588004284231075,0.7452527831623361,15.168615322142552,-0.630971254586489,0.5118481916932301,0.5829980313396634,13.601253088119629,0.3975400416022856,0.8586328264630838,-0.32359169433542245,12.285538546148976,72.62737860057183,64.38943208942266,57.52178482525039,22.81792914229146,6.734800916472756,105532.0,268996.9259121692, 0.0, 0.0,0.0,NaN, 116.16213969449507,116.16213969449507,0.0, 199.6252311761808, -12.454725381602833, 26.76983476214529, -12.454725381602833, 159.9179334581305, 8.536237078873606, 26.76983476214529, 8.536237078873606, 206.47226909282242, 3.9480321817203126, 3.9949653944107273, 24.0, 0.0
25, 0 ,0.3333333432674408,0.3333333432674408,0.3333333432674408,17.11889437132391,99.8965321993552,156.03524422514704,10.378512077085182,14.952024469388354,13.573080120982938,42.0,75.0,66.0,0.05106034371162302,-0.9909307772330104,0.12429415123984697,14.980680964816898,0.0758582563972735,0.12794520313836732,0.9888759021890706,13.569118244498979,-0.9958104067725028,-0.04106360586048143,0.08170320701978956,10.34230537816355,77.51178949757568,68.40326402133928,45.33897100510076,21.712123612812775,6.639935305402965,86539.0,240389.917484133, 0.0, 0.0,0.0,NaN, 176.0631267337554,176.0631267337554,0.0, 107.71351293420295, -5.194160087349955, 6.533382315111906, -5.194160087349955, 223.5630357331881, -4.704739172026809, 6.533382315111906, -4.704739172026809, 184.22850397062223, 3.2215806465304917, 3.931469268052632, 32.0, 0.0
26, 0 ,0.3333333432674408,0.3333333432674408,0.3333333432674408,287.9878118696252,55.59080581802739,157.8931096719397,7.350152196959606,13.731534363214267,12.273039386680217,32.0,65.0,57.0,-0.06908693659935873,0.9432777533372954,0.32473693237798035,13.951191237934434,0.06139835216907419,-0.32087721226012145,0.9451285928396704,12.065313852977322,-0.9957194572479935,-0.08523435170820347,0.035747276073062356,7.280091602812648,63.68526767756667,56.050939982249616,34.67855179264228,18.80067074767156,6.304129480843381,47095.0,123789.22140630752, 0.0, 0.0,0.0,NaN, 153.06534106024296,153.06534106024296,0.0, 54.02473731847013, -11.053952170303662, 2.194280602010725, -11.053952170303662, 188.55503596813423, 15.311182004203097, 2.194280602010725, 15.311182004203097, 150.6274957870039, 3.689629459886721, 4.010025865709969, 15.0, 0.0
27, 0 ,0.3333333432674408,0.3333333432674408,0.3333333432674408,80.01582147449169,9.53060779741539,267.3879966003443,13.798919984035521,6.133809068518017,13.54715957208996,65.0,25.0,61.0,0.7394076345290104,-0.014286427891598803,0.6731064165333083,14.969780183937072,0.6728322528909232,-0.01986979819209847,-0.7395281945872854,12.244339590149131,-0.023939704884099026,-0.9997004996987364,0.005079511015720195,6.1270847988442965,71.45485333996157,59.58713627206298,25.860127339743908,19.156648151864747,6.676988128802689,45887.0,110106.9937392239, 1.4210854715202004E-14, -1.7763568394002505E-15,0.0,53.52987468370384, 86.93047185518455,86.93047185518455,0.0, 190.41019272581488, -3.47310177742982, 36.92830898660069, -3.47310177742982, 37.62361368903387, -0.14256633088199708, 36.92830898660069, -0.14256633088199708, 183.5255324716686, 3.8893331251992205, 4.19119841704332, 15.0, 0.0
28, 0 ,0.3333333432674408,0.3333333432674408,0.3333333432674408,260.4531743508214,274.70163222045574,53.305341812400634,14.112645700676225,13.478772354042883,12.628674401773171,76.0,54.0,69.0,0.7475558150109617,0.41112167063528715,0.5216696995008895,15.742407450546157,-0.36532484696364215,0.9104414153349232,-0.1939953232269641,12.974339901241292,-0.554705380931436,-0.04555657117248359,0.830798735668705,11.143186338699259,82.73758463396314,63.66538453920147,59.104186370619345,22.24624749989837,6.740323594918986,94350.0,311332.49215810746, 0.0, 0.0,0.0,NaN, 71.03110795258989,71.03110795258989,0.0, 199.16676867281512, 23.314120944885953, 51.35165341947263, 23.314120944885953, 181.67730417211072, 18.719668016543604, 51.35165341947263, 18.719668016543604, 159.483417146001, 2.8803674754290336, 3.5830235330587255, 25.0, 0.0
29, 0 ,0.3333333432674408,0.3333333432674408,0.3333333432674408,9.414324644223623,170.69723912026205,95.10297558424399,5.9730269538220195,12.074241303948062,12.468964216494026,24.0,60.0,59.0,0.11361532261506208,0.6405079190326232,0.7595006017927658,13.338667130904652,-0.053385638491046584,-0.7594104065642415,0.6484179269613356,11.20124401959893,-0.9920894778546837,0.11421663652214292,0.05208673412290365,5.792366897355631,59.45181939262804,58.26326046470075,27.28056102276449,17.407895774808562,5.822764582452759,36329.0,94495.95785335565, 0.0, 0.0,0.0,NaN, 160.7868447498328,160.7868447498328,0.0, 35.67705099108436, 14.232353127303604, 9.275895606979446, 14.232353127303604, 145.7873030659654, 24.969380617443523, 9.275895606979446, 24.969380617443523, 155.4750686322085, 4.721944889022375, 4.213020484821098, 14.0, 0.0
30, 0 ,0.3333333432674408,0.3333333432674408,0.3333333432674408,165.02041280015305,102.27450253515737,211.37448579355208,14.483997640213593,11.001398919109475,13.077459754723908,66.0,52.0,64.0,0.8769683810139445,0.03832987692396647,0.47901699263885755,15.062473446309342,0.46130054998222764,0.2121421682887621,-0.8615088525487348,12.479134217716698,0.13464123175267,-0.9764868258039823,-0.16836038056320654,10.91925008006309,71.90423190370387,67.0127385056359,56.534816302787675,21.458319258381543,6.432530921872602,83624.0,272412.9835228768, 0.0, 0.0,0.0,NaN, 191.1388097635127,191.1388097635127,0.0, 209.7861876417129, 7.190309291261914, 30.71596375143989, 7.190309291261914, 121.03077817738313, -4.69411079822764, 30.71596375143989, -4.69411079822764, 171.01995363642348, 3.2859225901310425, 3.767794921980986, 26.0, 0.0
31, 0 ,0.3333333432674408,0.3333333432674408,0.3333333432674408,86.22977462916869,60.19514118057824,219.61693716422448,12.479969587844938,13.440474115196272,12.783182829494008,73.0,65.0,61.0,0.17178912035538657,0.789046303861396,0.5898257611279727,14.281524569735947,0.9851300892416419,-0.13596317617585682,-0.10503676496793027,12.421097035700457,-0.0026842872942021653,0.5990992781558353,-0.8006702501747397,11.897905403927528,70.35837788489329,70.66631286636886,59.615394089019176,21.468022712917623,6.239370914191535,88787.0,296405.780710112, 0.0, 0.0,0.0,NaN, 132.36489657461001,132.36489657461001,0.0, 155.74964091353456, 6.75433255741292, 5.006339496915702, 6.75433255741292, 180.64634444126102, 29.223489324931364, 5.006339496915702, 29.223489324931364, 163.40976325227044, 2.903349609646724, 3.5993300108585227, 29.0, 0.0
32, 0 ,0.3333333432674408,0.3333333432674408,0.3333333432674408,286.92616122654044,27.818223072185667,25.111292988882045,8.294091946047704,13.913108472630627,14.14351921204155,36.0,62.0,55.0,-9.368502717869986E-4,-0.6686988290726608,0.7435327822688254,15.085087095912613,0.18588889706450476,-0.7306903415314843,-0.6569147149674341,13.02552831211492,-0.982570323315187,-0.1375990580979965,-0.12498823524969861,8.073502572061981,79.6722771590972,68.53506574409163,41.038194673827945,20.38050336124096,6.858627196786303,61702.0,224082.69096312093, 0.0, 0.0,0.0,NaN, 39.69075245875006,39.69075245875006,0.0, 68.79196120949338, -14.08990268845621, -12.871850979589851, -14.08990268845621, 193.57458737118617, -30.582521439121948, -12.871850979589851, -30.582521439121948, 200.03913570138843, 3.4851057674167167, 3.8847082878934813, 11.0, 0.0
33, 0 ,0.3333333432674408,0.3333333432674408,0.3333333432674408,145.42320441988952,286.7455151121222,25.527364315892104,13.67095684891579,8.486267091869937,13.624320693988514,69.0,37.0,60.0,-0.7235178448155865,-0.13720044803087708,0.6765337872520009,14.384043535277842,-0.6781381956351293,-0.04193108629731125,-0.7337372633461234,12.976203867773599,-0.12903687788434773,0.9896554052103465,0.06270297507938333,8.321738367031568,78.3521556135614,65.04380126714592,41.0807990119898,20.03359582885959,6.571829490940273,61540.0,209360.9813673193, 0.0, 0.0,0.0,NaN, 148.24046708745976,148.24046708745976,0.0, 186.89506116491754, 16.48282100129819, -18.052302181395614, 16.48282100129819, 72.01672915455465, -9.726827225362552, -18.052302181395614, -9.726827225362552, 185.62211437264367, 3.7778725595173217, 4.0461182256692, 15.0, 0.0
34, 0 ,0.3333333432674408,0.3333333432674408,0.3333333432674408,184.34453956405312,281.60523358261764,119.03640753125303,12.620902211731014,10.054440979614373,13.571841887358422,65.0,40.0,74.0,-0.42853828207446254,0.01732229392277989,0.9033575587384658,13.82707890491845,-0.8784041942921134,0.22612824531040376,-0.42103692014223726,12.459593945763435,0.21156798492846532,0.9739435069890298,0.08168863413730246,9.906778282062062,75.9284242202589,61.707790485739835,44.992718090036306,20.197002955545976,6.054330671484434,72073.0,210807.76973529015, 2.8421709430404007E-14, 0.0,0.0,64.62516843527543, 166.9856858480615,166.9856858480615,0.0, 159.2871726380768, -12.032025312163533, -14.902572000833512, -12.032025312163533, 101.09178341254884, -3.980160849705098, -14.902572000833512, -3.980160849705098, 184.19489221545663, 3.6768051863953874, 4.0624279365988345, 25.0, 0.0
35, 0 ,0.3333333432674408,0.3333333432674408,0.3333333432674408,187.13255878705039,14.510871491128155,10.571468347381476,15.728023200270647,9.334048478509773,6.744333874728188,71.0,36.0,28.0,-0.9925134461137157,0.1221244567539178,-0.0016359541671257783,15.805964836765188,0.11608564695489472,0.9391029853018693,-0.32343423685222505,9.478946713416398,-0.0379629010290311,-0.32120273980724107,-0.9462492367689297,6.3484060191817715,70.8430078151712,43.402676802586555,30.290282492122863,18.299407151803194,6.716614630434256,39507.0,93135.83884765606, 0.0, 0.0,0.0,NaN, 114.28639735511116,114.28639735511116,1.9073486328125E-6, 247.3707137882517, -19.99515108712475, -1.5201300968242786, -19.99515108712475, 87.12446099917062, -15.09152670805691, -1.5201300968242786, -15.09152670805691, 45.486039413806125, 4.284520397334706, 4.157654829199531, 13.0, 0.0
36, 0 ,0.3333333432674408,0.3333333432674408,0.3333333432674408,106.16700201207243,35.590496827116546,162.44244956921014,11.497771620216016,11.909872833638603,16.841212340131747,62.0,64.0,82.0,-0.09365538188956594,-0.19676173872130845,0.9759679746889685,17.05483385400869,-0.48941667307038395,-0.8445594591080008,-0.21723406765955858,11.766325118332556,-0.8670063376722438,0.4980001387615953,0.0172009368813218,11.329452398564941,84.92866107511156,63.739004506966495,57.5358823955183,22.557015290398343,6.9893717470356505,96915.0,311457.16891922033, 0.0, 0.0,0.0,NaN, 177.3702214610775,177.3702214610775,0.0, 132.19875223064483, 7.165297516928384, -13.781510047749563, 7.165297516928384, 141.84507091344284, -29.356307113932363, -13.781510047749563, -29.356307113932363, 283.6264330854059, 3.2025218694927045, 3.709344376285701, 23.0, 0.0
37, 0 ,0.3333333432674408,0.3333333432674408,0.3333333432674408,231.7849806058262,83.99193520867222,279.6513029927315,13.067143806953977,14.357573015034859,11.490608150009725,62.0,69.0,53.0,-0.26665414453547087,0.8869393062228708,0.3771395421842549,14.884815283953849,0.914098568079759,0.35676696430627214,-0.19272037000333433,13.141121809515388,0.305482200850706,-0.29335303007908464,0.9058833394575863,10.70875423944334,64.97154125204737,63.163394274040684,51.29934617598013,21.625763972519554,6.422659761779974,87913.0,210523.44065636126, 0.0, 0.0,0.0,NaN, 110.0999705764671,110.0999705764671,NaN, 170.75024727161568, -6.359064629241612, -20.96815510252651, -6.359064629241612, 206.13990288205716, 31.76278563832254, -20.96815510252651, 31.76278563832254, 132.03407565706993, 3.0017592939702493, 3.7955457516257347, 21.0, 0.0
38, 0 ,0.3333333432674408,0.3333333432674408,0.3333333432674408,257.10296267320007,10.176422144901279,23.908052129871734,14.367213884826946,6.6064517499041555,12.962092420638442,70.0,29.0,49.0,-0.8719880429989275,0.01161294557908327,0.4893894076927684,14.970619487714448,0.48929337721006677,-0.01021764775743112,0.872059396310064,12.261676643387974,-0.01512758689509942,-0.999880362428067,-0.003227529310308373,6.603765403495694,76.32863836636642,65.3387041902053,29.678281980349862,19.29672764980295,6.761226328610463,48571.0,148011.9529881204, 0.0, 0.0,0.0,NaN, 50.15286966597991,50.15286966597991,9.5367431640625E-7, 206.41683481236416, -2.3615385136532443, -31.48626070497799, -2.3615385136532443, 43.64520472381168, 0.07479568670873286, -31.48626070497799, 0.07479568670873286, 168.01583992117253, 4.889797056222089, 4.039884250037521, 9.0, 0.0
39, 0 ,0.3333333432674408,0.3333333432674408,0.3333333432674408,151.39369053971393,96.83947837630308,158.07117664666762,11.809716654611433,12.044918190777189,12.817059902505243,55.0,60.0,65.0,0.28462470190788025,0.5206017557602408,0.8049612356897726,13.12096437085485,-0.6342469831773776,-0.5273749851357404,0.5653374119793191,12.34304553463555,-0.7188320689801246,0.671453227672958,-0.1800861450898457,11.149708836458496,66.66680031298813,66.49057698602581,52.67287133137651,20.35950602379434,5.858071414398671,76837.0,233483.77515170487, 0.0, 0.0,0.0,NaN, 227.1684632207169,227.1684632207169,0.0, 139.46940746220668, 16.46653017578477, 0.9093133052865517, 16.46653017578477, 145.08005422251523, 11.691163017296384, 0.9093133052865517, 11.691163017296384, 164.2770245444077, 2.894025755155567, 3.503908001200074, 22.0, 0.0
40, 0 ,0.3333333432674408,0.3333333432674408,0.3333333432674408,177.05743653686298,285.32324637125134,243.2342221369653,14.316189016645058,8.633268460059279,12.420184579684452,67.0,37.0,58.0,0.976296222217732,0.14094970420012912,-0.1642524501165224,14.466160481513443,-0.1620169822696741,-0.027271187034040863,-0.9864110602654366,12.358679356031223,-0.14351370645207626,0.9896410779892126,-0.003788511150419162,8.469995440087368,67.36297323017524,60.84532963971742,39.079183962188665,19.872132841185785,6.232649003387697,62556.0,160174.72322890905, 0.0, 0.0,0.0,NaN, 136.20805609200164,136.20805609200164,0.0, 204.9532679603086, 19.28305159837739, -9.109590768880965, 19.28305159837739, 74.53332430345432, -1.0051346926206053, -9.109590768880965, -1.0051346926206053, 154.26098499343144, 3.5935898798387047, 4.021238958002784, 14.0, 0.0
41, 0 ,0.3333333432674408,0.3333333432674408,0.3333333432674408,48.37139238459673,105.70730820016708,260.3316311406936,13.996895355062543,11.224074781411085,10.985741926584696,67.0,53.0,51.0,-0.933036288954806,0.3222253641274994,0.1600440508308396,14.450981059849306,0.09568229298333661,0.6510504096933996,-0.752979589927581,11.225152277304142,0.3468258674073993,0.6872439004829053,0.6382849198799451,10.38000783795517,66.90403760172586,53.606913361822066,47.69209127151825,20.207409714862187,5.851500027560554,74218.0,171048.58898031642, 0.0, 0.0,0.0,NaN, 122.83080271702094,122.83080271702094,1.3486991523486091E-6, 195.91307958057138, -29.25393089586628, -16.41044060419412, -29.25393089586628, 125.9798546987083, -3.7382572520239994, -16.41044060419412, -3.7382572520239994, 120.68652567752082, 3.1346196168239326, 3.657795385452928, 22.0, 0.0
42, 0 ,0.3333333432674408,0.3333333432674408,0.3333333432674408,56.922388953336075,132.90588631515922,283.0093552370617,11.842737111147922,11.888952978999358,9.43708382422435,59.0,59.0,40.0,-0.6753685381300696,0.7281819526466171,-0.1167406593428935,12.365023992080157,0.7366622649630981,0.6735676742756187,-0.06029341216395657,11.390326877959682,-0.03472815980571785,0.12671871215686648,0.9913305820491033,9.382047304003862,60.38904553028035,57.8213641136889,43.50170673354188,18.427181655140313,5.576302769269928,53446.0,151898.2586015845, 0.0, 0.0,0.0,NaN, 145.57752227192654,145.57752227192654,0.0, 140.25042228376023, -11.203483582769643, 3.2617371837617637, -11.203483582769643, 141.34720293685768, -7.2087704067206495, 3.2617371837617637, -7.2087704067206495, 89.05855110543689, 4.0927564287760685, 4.004735203997875, 15.0, 0.0
43, 0 ,0.3333333432674408,0.3333333432674408,0.3333333432674408,83.52840992872942,210.48932170066357,66.6056770705333,11.42070620869391,13.016922705974702,13.051631111733249,51.0,60.0,60.0,0.29321168805277825,-0.6433956210753364,0.7071555562748002,14.346899760300225,-0.33671059467028414,-0.7617697268502767,-0.5534734489487626,11.99851766099457,-0.8947920883792075,0.07582188361902328,0.4399979096978068,10.97360118293358,63.60033441339927,58.40915489723761,56.909879784994715,20.842979804281114,5.982313481730071,81380.0,211411.19936298707, 0.0, 0.0,0.0,NaN, 139.37529556149227,139.37529556149227,0.0, 130.43253030529962, -10.074303413270234, 22.09795618841137, -10.074303413270234, 169.44027673331973, -28.934734168416306, 22.09795618841137, -28.934734168416306, 170.3450746767633, 3.441097321431433, 3.7227768582009135, 20.0, 0.0
44, 0 ,0.3333333432674408,0.3333333432674408,0.3333333432674408,285.03162817263416,219.75275764823473,8.287152393531574,8.673173060685393,15.959382009056354,5.268827665287089,34.0,69.0,23.0,-0.09662881866135586,0.9900777125295245,0.10202448018204165,16.09168069712,0.9925457611764104,0.08820327094836837,0.08410169418477154,8.588595871446723,0.07426832012945314,0.10939061269740531,-0.9912204146802239,4.9980179388422545,70.40931529467389,37.54546826645429,22.72782495250925,17.61419065992432,6.8867000380399155,28013.0,60082.1578594849, 0.0, 0.0,0.0,NaN, 82.05089246936224,82.05089246936224,0.0, 75.22393094059882, -18.11233867405613, 1.7657010309260244, -18.11233867405613, 254.7018741109916, 23.994888711583876, 1.7657010309260244, 23.994888711583876, 27.760544966494603, 3.3742350673467443, 4.0457508212697695, 14.0, 0.0
45, 0 ,0.3333333432674408,0.3333333432674408,0.3333333432674408,201.04741133094458,170.87601910993405,48.28291011060913,11.932796608910666,12.108937583646496,12.24439491013565,62.0,55.0,59.0,-0.4893363541533044,0.7263378229304137,0.48268343609933256,12.76726483784484,0.5552582414078611,-0.167308292685235,0.814675530838751,12.202312559075558,0.6724865930653194,0.6666643099637619,-0.32143503226614945,11.271367610036947,63.966960526244364,59.486628351447024,56.78768422843075,20.187090170869226,5.605765020299006,77028.0,216087.2925584999, 0.0, -2.8421709430404007E-14,-7.105427357601002E-15,35.65267220180144, 169.69341959532358,169.69341959532358,0.0, 142.3916349096299, -14.810889829535768, 1.391790157813433, -14.810889829535768, 146.62636940464662, 9.628457074781878, 1.391790157813433, 9.628457074781878, 149.9252067153558, 2.9675558303436547, 3.417492451470698, 18.0, 0.0
46, 0 ,0.3333333432674408,0.3333333432674408,0.3333333432674408,33.03487860338883,176.8182107141984,58.45306731215922,12.58306880377703,11.449634036900775,13.093329735762936,61.0,55.0,66.0,0.5329673756815625,0.2572914677058507,0.8060687793885066,13.52777193593616,-0.8011708108404579,-0.15296804352223806,0.5785551914192981,12.290470662772682,-0.2721600784765292,0.954149819633556,-0.12460743708503767,11.26084992377482,67.30174724333558,55.37058101273985,56.01314365174379,20.674939045665806,5.7801314108757875,81798.0,208735.04379255997, 0.0, 0.0,0.0,NaN, 140.29190102850586,140.29190102850586,0.0, 158.3336205205867, 10.677542786283123, 12.901457235609953, 10.677542786283123, 131.09411957895674, 9.508265616907472, 12.901457235609953, 9.508265616907472, 171.4352835694139, 3.0569832721646453, 3.6335886812851963, 22.0, 0.0
