// Sample: .//bubblelabels.tif, Map: .//bubblelabels.tif, Thickness:(8.191250068658265):/gpfs/home/mader/Foam/NewValid/InSilicoTest/LatticeDataPhi_16.0/out_Step_05000.vtk/distmap.tif, Neighbors:(1.0):
//LACUNA_NUMBER, TRIANGLES, SCALE_X, SCALE_Y, SCALE_Z, POS_X, POS_Y, POS_Z , STD_X, STD_Y, STD_Z,PROJ_X, PROJ_Y, PROJ_Z, PCA1_X, PCA1_Y, PCA1_Z, PCA1_S, PCA2_X, PCA2_Y, PCA2_Z, PCA2_S, PCA3_X, PCA3_Y, PCA3_Z, PCA3_S,PROJ_PCA1, PROJ_PCA2, PROJ_PCA3,OBJ_RADIUS, OBJ_RADIUS_STD, VOLUME, VOLUME_BOX, Mask_Grad_X,Mask_Grad_Y,Mask_Grad_Z,Mask_Angle, Mask_Distance_Mean,Mask_Distance_COV, Mask_Distance_STD, SHAPET_XX, SHAPET_XY, SHAPET_XZ, SHAPET_YX, SHAPET_YY, SHAPET_YZ, SHAPET_ZX, SHAPET_ZY, SHAPET_ZZ, Thickness, Thickness_STD, Neighbors, Neighbors_STD
1, 0 ,1.0,1.0,1.0,130.8584993209597,15.22055228610231,180.23553644182888,21.047222073365106,9.422601651188163,11.796141698929901,86.0,38.0,51.0,-0.9733051710763291,-0.019050091116863656,0.22872284097683918,21.47107076704156,0.20917560461070217,0.33651510257693845,0.9181520310783938,11.226729943438635,0.09445957014418652,-0.9414853582324431,0.3235470751561568,9.158252713129595,88.63343730313463,59.39498120231195,45.49917886558191,24.193840823572007,9.250838019730832,88360.0,239525.02831976663, 0.0, 0.0,0.0,NaN, 73.50405667570993,73.50405667570993,0.0, 442.98555700554726, 9.960723916174038, -75.85816079524533, 9.960723916174038, 88.78542187697391, 11.384833248320817, -75.85816079524533, 11.384833248320817, 139.1489589812328, 11.120276494038528, 6.45589516470209, 12.0, 0.0
2, 0 ,1.0,1.0,1.0,170.08094895758447,63.46755571531273,167.7994033069734,15.813303400875057,14.72743459761572,14.490796243692634,65.0,72.0,69.0,-0.8506786955545259,-0.5034090016309535,0.15141048182532532,16.503770759973275,0.1417503696041024,-0.4970193298241735,-0.8560833011443628,14.654404315771833,0.5062139761471929,-0.7067893341428237,0.49416216720343237,13.777338454996688,81.50023001441983,76.16919821040061,74.7743893384393,24.955458367632133,7.359766824623086,139100.0,464184.99057871505, 0.0, 0.0,0.0,NaN, 77.20206390467774,77.20206390467774,0.0, 250.06056444812666, 33.5983344546772, -13.65983667316143, 33.5983344546772, 216.8973298270485, 4.3174421791831765, -13.65983667316143, 4.3174421791831765, 209.98317577621654, 8.068149663872164, 5.538347610251439, 18.0, 0.0
3, 0 ,1.0,1.0,1.0,179.92758795044827,162.16391163143462,91.95300558137725,11.601575052665709,13.577849789880982,15.647630769225607,52.0,70.0,79.0,0.01873833263270299,0.24667460992804413,0.9689171851644462,15.782250756812337,-0.003298343521333249,-0.9690668111076373,0.24677649105960311,13.422653351047964,-0.9998189815262367,0.007820001695801685,0.01734507864831409,11.599820488952393,77.07734141540493,72.09873539454965,52.91046485988733,22.738117641464136,6.8396566750179595,102842.0,294032.915925711, 0.0, 0.0,0.0,NaN, 101.43878224806168,101.43878224806168,0.0, 134.59654370263536, 0.6751487711178007, 2.0421523556961527, 0.6751487711178007, 184.35800491657105, 16.464238199516863, 2.0421523556961527, 16.464238199516863, 244.84834869001597, 8.18732173926154, 5.663406065841305, 19.0, 0.0
4, 0 ,1.0,1.0,1.0,16.02273722773066,44.42599450483813,15.879962569187274,10.044804690186067,11.951723512966575,10.449326019134986,44.0,57.0,41.0,0.16702762703694674,0.9226269472597276,-0.3476511009569828,12.152687716257615,0.6186652742671328,-0.3726243545398943,-0.6916678168164968,10.818799842952988,-0.7676946334463847,-0.09955202958213764,-0.6330358150876596,9.391270503919865,56.043897516358946,61.28330560975328,47.745489999747996,17.992305975290762,5.404362695090923,50226.0,163984.525684694, 0.0, 0.0,0.0,NaN, 49.82539821428026,49.82539821428026,0.0, 100.898101263984, 2.5170532050227905, -15.799962514514585, 2.5170532050227905, 142.8436949303981, -11.646451621278292, -15.799962514514585, -11.646451621278292, 109.18841425417142, 9.555745839390855, 5.887415551705104, 7.0, 0.0
5, 0 ,1.0,1.0,1.0,31.189882824522027,108.35256982862805,174.05898558013496,15.818758178904108,14.473908585395925,13.69384179849536,74.0,71.0,64.0,-0.9242585186505118,-0.1485420711693104,0.35168372694040484,16.14739304683239,0.23267409350446597,-0.9495146042896679,0.21043949831842476,14.53027964562898,0.30266971588488456,0.2763281913474748,0.9121588533543907,13.243153494322684,83.25336225226003,72.59268230591073,71.64243543195045,24.447326078979664,7.041071711849003,133219.0,432977.1393191879, 3.552713678800501E-15, 0.0,0.0,22.443189779083262, 100.22472986621395,100.22472986621395,0.0, 250.23311032264564, 3.8211020471182064, -25.994716213416254, 3.8211020471182064, 209.49402973839787, -11.602027441381024, -25.994716213416254, -11.602027441381024, 187.52130320221863, 7.628038002968592, 5.193164573717741, 17.0, 0.0
6, 0 ,1.0,1.0,1.0,42.86337373653801,12.099215378038858,25.556516223334576,16.031095379623295,7.923935071851717,13.958112889378336,77.0,33.0,61.0,-0.9787399287618068,0.07083067733687867,-0.19248679693769158,16.14066448794594,0.19247521091626038,-0.007053350900411773,-0.9812764867374624,13.86749554158678,-0.07086215513286515,-0.9974634155642372,-0.006729753401956259,7.860356150821792,80.6854734425772,68.58978369122104,35.432882553743895,21.521871658408262,7.170963801690873,72519.0,196092.62923558636, 0.0, 0.0,0.0,NaN, 51.349735562277935,51.349735562277935,0.0, 256.99601907057934, -13.954521905078801, 12.78882724169927, -13.954521905078801, 62.788747022921676, -1.8061767843860244, 12.78882724169927, -1.8061767843860244, 194.82891543262963, 8.183792899066274, 5.217707870293627, 12.0, 0.0
7, 0 ,1.0,1.0,1.0,159.13145274782406,175.9223653427273,136.77579082295784,13.382776637534954,14.181522923242705,14.995090030376902,73.0,59.0,83.0,0.5432824180341403,-0.3748137341793771,0.7512382304738553,15.622255425440905,0.27012068016131463,-0.7691924196990355,-0.5791181568788288,14.716775736045374,-0.7949081911794383,-0.5175496943753852,0.3166437768972878,12.01784819878113,75.25471665937125,80.47529955251446,71.39917839650923,23.531804336143423,7.163882512791135,111561.0,432403.8390748546, 0.0, 0.0,0.0,NaN, 79.0396816241995,79.0396816241995,9.5367431640625E-7, 179.09871053015138, -35.278802518362426, 29.37358062030062, -35.278802518362426, 201.1155924224583, 4.089414081242505, 29.37358062030062, 4.089414081242505, 224.85272501910876, 7.722522742119511, 5.114366008173246, 22.0, 0.0
8, 0 ,1.0,1.0,1.0,89.22773332747175,122.98771266540643,78.76945311469645,13.65910113619821,12.025250696530183,12.412676838284224,74.0,57.0,63.0,0.900988332518546,0.3449513248119433,0.2631132991240358,13.975672102752908,-0.3678309624906438,0.28579888306891127,0.8848838237134682,12.402283899259269,-0.23004436028439335,0.8940512188611163,-0.3843852369099214,11.666884237596467,71.20270829242091,65.86198854748383,59.239344045233146,21.25090726867289,5.800964119284966,90988.0,277805.98186419415, 0.0, 0.0,0.0,NaN, 141.7642674980292,141.7642674980292,0.0, 186.57104384889124, 16.53941844924728, 8.273554336949665, 16.53941844924728, 144.60665431439966, 9.849785120919591, 8.273554336949665, 9.849785120919591, 154.07454629167762, 7.436898410385463, 4.999963314538449, 22.0, 0.0
9, 0 ,1.0,1.0,1.0,10.22419888242673,29.410195005131715,136.47033109058427,6.387360041886327,15.000061562327026,13.403600330561137,25.0,60.0,68.0,0.03175390781912768,0.9343858768779802,0.3548446454847287,15.247891725995778,0.09011443541683482,-0.35625420400315416,0.9300335105035649,13.169749200414905,-0.9954250739597225,-0.002444426527313565,0.09551411891041615,6.286192878856483,72.12713658007407,64.35211152628958,28.39520498340532,19.99979341186389,6.742772462594154,52614.0,131797.29622821286, 0.0, 0.0,0.0,NaN, 70.74964766532251,70.74964766532251,0.0, 40.7983683046861, 1.4263378515122656, 13.398733691707049, 1.4263378515122656, 225.00184687360073, 19.611953366081405, 13.398733691707049, 19.611953366081405, 179.6565018214186, 7.405689919381098, 5.168336158215979, 10.0, 0.0
10, 0 ,1.0,1.0,1.0,73.73728145776903,60.73847574489042,50.86531642452598,13.321022645462135,12.131355460753618,12.038764900711518,65.0,60.0,59.0,-0.797040763976594,0.19122434846822406,-0.5728518736222404,13.973941764515763,-0.48176922497746116,-0.773312807424954,0.41217194923618067,13.081375097372861,0.36417637817989307,-0.6045002484908005,-0.7084878369812264,10.156666140738821,65.21906513192009,63.64029469514804,51.37195656001097,20.867041456935496,5.841050488150654,81220.0,213222.41497650856, 0.0, 0.0,0.0,NaN, 108.22952243986872,108.22952243986872,NaN, 177.44964432091498, 11.281440475799988, 28.561784312564793, 11.281440475799988, 147.16978531515662, -31.75323582647896, 28.561784312564793, -31.75323582647896, 144.9318603346036, 7.511835412012918, 5.0610321270441485, 16.0, 0.0
11, 0 ,1.0,1.0,1.0,172.32235544639508,39.570821889632306,16.69301036890056,15.046747112243162,13.024876634072841,10.862627760175481,68.0,69.0,50.0,0.9102866540611729,0.29195665568062323,0.2934953468828761,15.614076154620257,0.3265513559823736,-0.942151247201133,-0.07559920173799844,12.82489026910224,-0.2544453170018803,-0.1646582478988985,0.9529665482348673,10.284527566784734,79.76116397355437,76.21720702034098,54.96786977083023,21.587493502175327,6.930282544197422,82651.0,334159.1978451986, 0.0, 0.0,0.0,NaN, 51.0936253189468,51.0936253189468,NaN, 226.40459865979793, 18.62124586991744, 35.42691709406261, 18.62124586991744, 169.64741133281666, 16.008729039039387, 35.42691709406261, 16.008729039039387, 117.996681856135, 7.723735703354146, 5.0792870588348205, 13.0, 0.0
12, 0 ,1.0,1.0,1.0,159.48232211325407,10.726209514267548,41.919654727269226,13.424794308450782,6.977360518157672,13.233145636280415,60.0,30.0,62.0,-0.7959231413216208,-0.08936589124982694,-0.5987654721089445,13.638277723795179,-0.6040731397071596,0.05184411760093917,0.7952407367297746,13.068237621839677,-0.040024929644627165,0.9946486439699722,-0.09524746744999862,6.87337992863276,67.29353841833614,69.34910660500435,31.414579517618982,19.137220458651232,6.147487175468329,51901.0,146603.8874822268, 0.0, 0.0,0.0,NaN, 59.2789274897204,59.2789274897204,0.0, 180.2251022242125, 6.000882395894892, 6.7842678023982534, 6.000882395894892, 48.6835598003455, 12.518088161586313, 6.7842678023982534, 12.518088161586313, 175.1161434310074, 7.517459142718232, 5.062193268108153, 11.0, 0.0
13, 0 ,1.0,1.0,1.0,60.2605063446081,73.67455832551308,139.21441103268188,12.2042899447796,15.295741448808926,11.942372149670506,63.0,72.0,60.0,0.01163835826107398,0.9681322823790632,0.25016880787278883,15.506253840563362,-0.8786041259082408,0.12935000311091088,-0.4596992132168855,12.42127550569119,-0.47740898457612124,-0.21444920263482625,0.8521104394004833,11.436461809931235,70.2384048961502,60.098280861832734,53.914458089939174,22.0618368635034,6.228965106217302,98036.0,227584.1086332888, -7.105427357601002E-15, 0.0,0.0,89.33315613644753, 112.93430389156222,112.93430389156222,0.0, 148.94469305624844, -1.4347030180268447, 9.808908529890417, -1.4347030180268447, 233.95970646881136, 25.160061446792298, 9.808908529890417, 25.160061446792298, 142.62025256122573, 8.067863422940588, 5.1535580983403495, 18.0, 0.0
14, 0 ,1.0,1.0,1.0,41.32346462966,55.10495114464466,176.8106357054151,13.241076472792615,12.18975795599671,12.462757183760385,62.0,57.0,50.0,0.7907156396368483,0.24581643109460943,0.5606630533908926,13.86741601050552,-0.5112581954855405,0.7689089616254703,0.38391934866702104,12.345620557262807,-0.3367251620870626,-0.5902146143022468,0.7336640063963143,11.598148475216352,68.5704109325846,66.16741087207129,62.47649714045434,21.05589553810592,5.990482859832031,85354.0,283463.7741670575, 0.0, 0.0,0.0,NaN, 72.6768944441038,72.6768944441038,0.0, 175.32610615834213, 4.196714903197332, 22.106030869194395, 4.196714903197332, 148.5901990257851, 13.24764305540329, 22.106030869194395, 13.24764305540329, 155.3203166213711, 7.46187733597459, 4.89953024839647, 9.0, 0.0
15, 0 ,1.0,1.0,1.0,78.39510085986899,186.05929682547423,27.65278522780839,12.238736161091344,8.062369325743537,14.758127041289779,60.0,32.0,58.0,-0.21594107752580816,-0.011046336150441264,0.9763439094369588,14.876673439904064,-0.9763282476944499,-0.010208181080973117,-0.21605310873232722,12.0954998146433,-0.012353290690243017,0.9998868793501937,0.00858048439500027,8.06066047720413,62.91598709791052,58.95495967946298,32.82448246733921,19.83100812898682,6.270717049941572,61521.0,121752.88162768126, 0.0, 0.0,0.0,NaN, 84.29004433908291,84.29004433908291,0.0, 149.7866628208049, 1.18347673254985, -15.806850514986236, 1.18347673254985, 65.0017991446903, -1.5067759059685149, -15.806850514986236, -1.5067759059685149, 217.8023137668486, 7.330653947232144, 4.910334215797287, 10.0, 0.0
16, 0 ,1.0,1.0,1.0,187.10764575587373,55.659401946048575,94.55673997310339,8.128868078974005,12.70761312368272,13.80974031462905,33.0,54.0,73.0,-0.1433676146781135,0.5456926970476164,0.8256301880687299,14.790799102135509,-0.08610125343095756,-0.8379626408549777,0.5388925557928681,11.713058040861895,-0.9859169849531582,-0.006171946228660881,-0.16712153021267048,7.893502920485588,84.7461607431467,56.74252565633377,38.63804283831158,19.28387503480308,6.811976126366068,50564.0,185799.1893520881, 0.0, 0.0,0.0,NaN, 110.47696093434561,110.47696093434561,NaN, 66.07849624536252, -6.837455992254137, -21.994765755747807, -6.837455992254137, 161.4834313011933, 36.67423811044995, -21.994765755747807, 36.67423811044995, 190.70892755749082, 8.033364655955543, 5.121837088630601, 11.0, 0.0
17, 0 ,1.0,1.0,1.0,183.65219410693717,18.992717274179764,176.8307323598261,9.513520550818395,11.179478382944174,12.035902276352282,37.0,45.0,49.0,0.12869040410717988,0.44452941510973537,0.8864718715181703,12.306661074950123,-0.20074189484841798,-0.8637218459232275,0.4622631983271427,10.988733056005156,-0.9711547104058125,0.2374408810149783,0.02191703628307224,9.3885351786969,66.01475346647203,57.1518012714277,43.17700130111339,18.21913357200153,5.330471431027402,53826.0,162900.87055272414, 2.8421709430404007E-14, 3.552713678800501E-15,0.0,80.42562153939804, 34.12900569832346,34.12900569832346,0.0, 90.50707327084395, 9.275399622671568, 4.196506158887971, 9.275399622671568, 124.98073691471609, 11.928689612548723, 4.196506158887971, 11.928689612548723, 144.86294360590202, 8.084776597200985, 5.2063553983051465, 5.0, 0.0
18, 0 ,1.0,1.0,1.0,184.79249139693135,14.494294807110146,97.11193045098192,8.449575226545752,8.61152864627574,13.516148623516296,35.0,31.0,63.0,-0.22001318025919048,-0.11619676314921558,0.9685517604887629,13.811374002035656,0.5313221341087768,-0.8469548786711961,0.01908463521145702,8.783550508976248,0.8181020659540785,0.5188118596646615,0.24807914856545998,7.767574227506392,66.4546158671624,40.92573765833883,42.69829482018196,17.195787229196604,5.704815712701454,38649.0,116126.7306948822, 0.0, 0.0,-1.4210854715202004E-14,14.407232630190268, 99.35834104786662,99.35834104786662,0.0, 71.3953215090557, -4.232962189111655, -27.62098159805218, -4.232962189111655, 74.15842562562769, -14.9494765540003, -27.62098159805218, -14.9494765540003, 182.68627361298147, 7.91124306784376, 5.353765161052425, 7.0, 0.0
19, 0 ,1.0,1.0,1.0,102.4241469816273,90.29744281964754,15.707326584176977,13.70755082907505,11.649343042028383,9.559369690038874,63.0,53.0,38.0,-0.969826895382866,-0.21364800224060768,0.11743221078830324,13.860531240340478,-0.2075419370800001,0.9762519333467956,0.06211688168062118,11.535495108472523,0.1279145704957504,-0.03587051400859031,0.991136301867532,9.476482377513149,61.78247125451438,52.58927712442227,41.168310873898676,19.57150692790749,5.651708457116205,66675.0,133759.77369500915, 0.0, 0.0,0.0,NaN, 133.8708160147408,133.8708160147408,0.0, 187.8969497316761, 12.433075621452788, -12.209796712418818, 12.433075621452788, 135.7071933108551, 0.05671239868915321, -12.209796712418818, 0.05671239868915321, 91.38154887083394, 8.121420890428084, 5.112970700185159, 15.0, 0.0
20, 0 ,1.0,1.0,1.0,78.08022492970946,119.1578792341679,128.82634890882315,11.443771442853283,10.855300350357824,14.107440071874654,62.0,52.0,66.0,-0.3702140572650357,0.16375955034381623,0.9143983603848777,14.668657547244212,0.9048653587414913,0.28624556950706853,0.3150907115216294,10.850297047183274,0.2101433661884035,-0.9440584111212424,0.25415247793055507,10.7200212529565,66.90131323602998,56.39957733030343,49.30196316103833,20.316670218412057,5.920323230246082,74690.0,186026.4528257635, 0.0, 1.4210854715202004E-14,0.0,80.5748181898111, 133.0325472380349,133.0325472380349,0.0, 130.95990483626431, -5.349953305276915, -33.13596843836727, -5.349953305276915, 117.83754569647868, 15.265131793642885, -33.13596843836727, 15.265131793642885, 199.01986538153477, 6.951018217449799, 4.581302933451246, 14.0, 0.0
21, 0 ,1.0,1.0,1.0,182.48788171188556,148.02887671699398,36.811244182086504,10.448568046761183,14.05233346363145,11.737703590515288,44.0,66.0,53.0,0.07040600013607072,-0.979925888995584,0.18651607764762237,14.135161546670066,0.371044284179655,0.19929034123333472,0.9069782241425142,11.878039364607481,-0.9259422953523869,0.0053490155463680605,0.37762713582347057,10.174660902559141,64.65371585985682,55.87608263989546,48.70668991579845,20.19117951129168,6.060577985844298,70472.0,175957.61120214526, 0.0, 0.0,0.0,NaN, 66.05103814829499,66.05103814829499,0.0, 109.17257422779882, -3.864851845891892, 13.905732809222185, -3.864851845891892, 197.46807577309627, -10.807326057307062, 13.905732809222185, -10.807326057307062, 137.7736855787955, 7.75250192387593, 5.213880859792176, 14.0, 0.0
22, 0 ,1.0,1.0,1.0,19.130418784665913,84.95276577767481,25.457760394663325,11.388565408870603,11.22679692961955,13.85849322153893,44.0,51.0,58.0,-0.12933035595342993,-0.34578767205116917,0.9293570599540263,14.2977740202237,0.9506985361591966,-0.3096453257538579,0.017089926376313243,11.389809901912619,0.2818615837139209,0.8857486427289746,0.3687863738400049,10.660399345586875,67.00999053772095,50.34496872374564,51.8173506653722,20.303613201921355,5.96334777530804,73379.0,174811.8369502328, 0.0, 0.0,0.0,NaN, 90.7250952078049,90.7250952078049,0.0, 129.69942207212404, -0.6748384209698607, -10.650169217036593, -0.6748384209698607, 126.04096929891493, -29.258907895611806, -10.650169217036593, -29.258907895611806, 192.05783437144046, 8.03150751818526, 4.927337844258435, 11.0, 0.0
23, 0 ,1.0,1.0,1.0,41.1577812284334,174.3747627674258,187.02922273982057,11.710168888385489,13.305791905943263,7.117266490575871,55.0,60.0,30.0,-0.18843449077233218,-0.9801088867235014,0.06228172166045827,13.392630896847685,0.9750722444736121,-0.17914661029635592,0.13092215273404964,11.697364500788078,-0.11716040604472135,0.08539942731040204,0.9894343722908009,6.974004397270949,63.39405021938714,56.04057707507304,31.93306680547215,18.20219745088309,5.788578745747269,46368.0,113446.66354964882, 0.0, 0.0,0.0,NaN, 50.188213771825744,50.188213771825744,0.0, 137.12805539451145, 8.737884653069214, 9.724210801317184, 8.737884653069214, 177.04409824426523, -10.048348075178207, 9.724210801317184, -10.048348075178207, 50.65548229787418, 7.444814459987633, 4.889405899997099, 9.0, 0.0
24, 0 ,1.0,1.0,1.0,65.62856267960616,188.63515805342251,74.71604560229896,13.607301762451424,6.726998418917081,11.314974198433898,68.0,26.0,50.0,0.9772991489663196,-0.03155725936294881,0.20950062723344592,13.717573847919427,-0.20530674368548263,0.10304889295288933,0.9732574513757639,11.226188300824878,0.05230214552932977,0.9941755705320279,-0.09423067722533483,6.651366329939369,70.4368540471452,50.015392227287876,28.873885313401985,17.997746205726944,5.87545245985268,42454.0,101720.58677061705, 0.0, 0.0,0.0,NaN, 100.09373278236004,100.09373278236004,1.3486991523486091E-6, 185.15866125441366, -6.169293650906403, 13.126850782085382, -6.169293650906403, 45.2525077281129, 7.25106775177859, 13.126850782085382, 7.25106775177859, 128.02864111122483, 6.944476667046266, 4.7261224437519695, 10.0, 0.0
25, 0 ,1.0,1.0,1.0,151.78552962032796,186.8422218939282,10.419670556950805,13.226569734381137,7.72550377807248,6.69616956084671,65.0,30.0,25.0,-0.9980604074234016,-0.05911767473780207,-0.019507015851452068,13.244037035676707,0.054268775580613514,-0.9797661766131686,0.19264770738784737,7.736377416814583,-0.030501198842247647,0.19121542745920922,0.9810740732334013,6.648923959054902,65.18902187206155,34.952698884085635,29.243531148129936,15.699500384320933,5.743686101605232,27076.0,66632.32888461588, 0.0, 0.0,0.0,NaN, 51.05224591725894,51.05224591725894,0.0, 174.9421469384471, 6.909210464545717, 2.7178322840971374, 6.909210464545717, 59.683408625012156, -2.801380092358762, 2.7178322840971374, -2.801380092358762, 44.83868678761002, 7.7058641641202765, 5.075684795295832, 5.0, 0.0
26, 0 ,1.0,1.0,1.0,113.94841101849553,83.66802913741004,64.74660963753412,11.306857391857926,12.261220476057051,11.191099127373155,54.0,54.0,55.0,0.3988695878615151,-0.9033528660700861,0.15765992275193366,12.540878693573758,0.5822114387960425,0.11664215127261593,-0.8046269005455494,11.277878614129596,-0.7084722241656523,-0.41273261066876815,-0.5724673787005828,10.90683578674453,59.500151006166064,52.18493999131362,50.27737933959773,19.372444228229895,5.303928350299258,68503.0,156111.85661177002, 0.0, 0.0,0.0,NaN, 136.3720591819875,136.3720591819875,0.0, 127.84502407981223, -13.246502854304088, -1.4467027946360642, -13.246502854304088, 150.3375275624807, -6.229411124079773, -1.4467027946360642, -6.229411124079773, 125.24069967869218, 6.965949802191214, 4.50886526370771, 15.0, 0.0
27, 0 ,1.0,1.0,1.0,52.621466939506334,83.76501151042332,75.02633009336232,11.770819770869439,11.395980869365255,10.965268299264403,60.0,57.0,55.0,-0.6371181849880116,-0.7003352588842214,0.3218865382726527,12.992503022411764,-0.6338103935286141,0.2383958855354112,-0.7358340756005323,11.510867106869734,0.4385941214980937,-0.672828304193096,-0.5957661199363036,9.34625543138471,60.53638919766335,53.788672090033224,45.825599184021826,18.97909670944044,5.334001783063866,62552.0,149216.0323994319, 0.0, 0.0,0.0,NaN, 124.1553307090963,124.1553307090963,0.0, 138.55219807829087, 29.522172633069918, 4.35160256987183, 29.522172633069918, 129.86837997493888, -26.28152535422783, 4.35160256987183, -26.28152535422783, 120.23710887485285, 6.995143205123262, 4.515644941148351, 14.0, 0.0
28, 0 ,1.0,1.0,1.0,102.62779756886846,21.082614962064557,103.36616539308731,11.614714955395613,12.566564956355823,11.492288938886729,57.0,51.0,58.0,0.0012873205609415415,-0.9906613659295661,0.1363392858289167,12.586258365129469,0.761923324929074,0.08927414161462252,0.6414849761046602,11.9816264516658,-0.6476659553618649,0.10305428517794882,0.7549229262458946,11.08691080920243,53.854489795632716,56.69695485583732,53.59493229951048,19.864010092109748,5.505812057527645,73546.0,163645.99326899284, 0.0, 0.0,0.0,NaN, 138.7945260115257,138.7945260115257,0.0, 134.9016034950905, 1.35865311467048, 10.09417794945165, 1.35865311467048, 157.9185548023102, -3.612077080036835, 10.09417794945165, -3.612077080036835, 132.07270505485823, 7.367104737658077, 4.791610537707035, 15.0, 0.0
29, 0 ,1.0,1.0,1.0,143.21364831048646,72.8090306740742,113.26128834259274,12.714807374631777,9.978463074901763,11.558113407274531,59.0,47.0,58.0,-0.85436267861716,0.273509709409398,0.44187877550850774,13.147288165936011,0.512520966411649,0.3028406983779232,0.8034984569956812,11.51603109604453,0.08594575251041031,0.912951231044002,-0.39891525084992774,9.452823870323734,60.948383040149594,58.19482090498451,44.674799903253,19.131935992173734,5.3661031147366,63539.0,158456.16480042072, 0.0, 0.0,0.0,NaN, 126.68641910595719,126.68641910595719,0.0, 161.66632657399063, -12.795929923362946, -13.705377630285316, -12.795929923362946, 99.56972533717796, 20.61838355575329, -13.705377630285316, 20.61838355575329, 133.5899855354193, 6.721273878866504, 4.556848633374923, 16.0, 0.0
30, 0 ,1.0,1.0,1.0,137.55970586836975,140.7372783315637,18.672841951791572,10.31186442490002,13.188345878093644,10.80777830860621,46.0,65.0,44.0,-0.2607778047886019,-0.9630112321647522,0.06785501642592494,13.404062880295276,-0.1626666302909487,-0.025450521864377365,-0.9863527960758353,10.811445879272823,-0.951595767077295,0.268256663778098,0.15001286084605822,10.025907599133951,67.33630107149946,46.96822539463294,51.47839330392948,19.138226326692493,5.550079274568233,63101.0,162808.99337203984, 0.0, 0.0,0.0,NaN, 88.08822587242655,88.08822587242655,0.0, 106.33454791751862, 19.94487890660726, 1.2257106535019455, 19.94487890660726, 173.9324670002296, -4.761170601467506, 1.2257106535019455, -4.761170601467506, 116.80807196797889, 7.547729953147498, 4.714137117396374, 9.0, 0.0
31, 0 ,1.0,1.0,1.0,181.55968389640054,94.44764764395977,77.62214935710864,9.915330798640852,9.855496027547883,13.235992427970556,38.0,49.0,65.0,-0.16885854466352412,-0.15553725294338483,0.9732907863742172,13.379116863670914,-0.7010251514116014,-0.6751914214764106,-0.22952185397692512,10.331298875019009,-0.6928567882199448,0.7210580471165199,-0.004976314505021924,9.21409669213696,66.65428990576126,53.44658269254967,48.16766080713959,18.451569543719245,5.49323799977756,54286.0,171594.59506787316, -2.8421709430404007E-14, 0.0,0.0,80.27854093007754, 123.63495247823543,123.63495247823543,NaN, 98.31378484647585, 12.807079571778532, -11.951935377759437, 12.807079571778532, 97.1308019490121, -10.86134273159041, -11.951935377759437, -10.86134273159041, 175.1914955532939, 7.339623817815859, 4.6923911604026864, 10.0, 0.0
32, 0 ,1.0,1.0,1.0,58.431711807635146,11.566646702601982,108.77924180918791,11.818002411705212,7.1110775065618235,12.424907216839914,57.0,29.0,61.0,-0.25305892909920374,0.01203844904269793,0.9673759631848466,12.470585385211818,0.9653683617008578,0.06871530325629596,0.2516786310464129,11.78824456254152,0.06344371229810979,-0.9975636735783042,0.02901055888453386,7.080445885559185,62.57683565974992,61.203714368575405,30.914266984838672,17.75308482412817,5.425762884772387,45081.0,118399.62619386586, 7.105427357601002E-15, 0.0,0.0,75.34140202611883, 108.94622061191453,108.94622061191453,1.9073486328125E-6, 139.66518100307022, 5.571547256581766, -4.215669663281975, 5.571547256581766, 50.567423304329516, 2.7634983248884892, -4.215669663281975, 2.7634983248884892, 154.37831934708058, 6.904543464618827, 4.5908060455437125, 13.0, 0.0
33, 0 ,1.0,1.0,1.0,55.93608952149078,149.49285201485782,22.72714361519493,11.509995497704905,10.752184462202424,12.600282663439051,53.0,49.0,58.0,-0.6066425884396431,-0.06745919806659179,0.7921073326812862,13.906058264786912,-0.33000741699695707,-0.8851173371630168,-0.3281194968002464,11.025997338078835,0.7232426111743185,-0.46045255569891513,0.5146878367827349,9.586736488607956,68.72627744643371,53.31149834409652,51.91345839352479,19.356657786441843,5.672423609318408,64074.0,190205.76310316415, 0.0, 0.0,0.0,NaN, 78.71684168877063,78.71684168877063,0.0, 132.47999635718716, 12.818260589331727, -45.547981191993145, 12.818260589331727, 115.60947070922722, 3.1938466737796722, -45.547981191993145, 3.1938466737796722, 158.76712319856273, 7.196678398705234, 4.581842862058234, 13.0, 0.0
34, 0 ,1.0,1.0,1.0,31.78660313717785,39.952516619183285,104.22680682450797,10.079618693936174,11.75841034363868,11.63524059007263,53.0,56.0,55.0,-0.18584391199215144,-0.8436861333278487,0.5036424811369238,11.96293810246859,-0.15250011205377123,-0.4815942671530483,-0.8630241466314286,11.524733981518748,-0.9706728368503162,0.23719331836209287,0.03916086726999415,9.965258101280803,60.39157032520737,59.906842294253465,49.5156372831264,18.679034635923944,5.1314145694317155,61074.0,179141.0534596371, 0.0, 0.0,0.0,NaN, 108.53154497304769,108.53154497304769,0.0, 101.5987130151476, 9.329749960667623, 0.31055724766366855, 9.329749960667623, 138.2602138093891, -4.684698238348981, 0.31055724766366855, -4.684698238348981, 135.3788235888737, 6.944656458197141, 4.4759766916122015, 10.0, 0.0
35, 0 ,1.0,1.0,1.0,25.70689061540995,180.93194712654002,100.57804523884373,11.475764116267563,11.511066093967592,12.44642197083801,52.0,45.0,60.0,0.4421440206788082,-0.049602923796345094,-0.8955714460213834,12.712751628986593,-0.5246814876095419,0.7955135705810824,-0.30309651199110704,11.93543558677678,-0.7274737119221666,-0.6039020690245989,-0.32570583275402576,10.725788918381005,63.21362760888804,62.19782724418326,55.39721081858502,19.652855074782906,5.73380431804482,66801.0,217807.99967322886, 0.0, 0.0,0.0,NaN, 104.44692410036363,104.44692410036363,0.0, 131.69316205221423, -12.462949286123546, -14.081673541166124, -12.462949286123546, 132.50464261969032, -4.540683617673983, -14.081673541166124, -4.540683617673983, 154.9134198761591, 6.988152295281432, 4.70425181442679, 13.0, 0.0
36, 0 ,1.0,1.0,1.0,90.68041483396804,74.81506724188812,100.47840811680555,11.720899773195423,12.754897216370374,10.562671649647848,55.0,56.0,51.0,0.14398929645277808,0.9794731900524625,0.14106506468820432,12.805838319538319,-0.9512116862949913,0.176301927753671,-0.25320734216483387,11.79603222492294,-0.2728798460181219,-0.09772359100438657,0.9570719353310566,10.41638399609784,58.84631772991207,55.267912321896475,50.1952319066873,19.576070105238802,5.3305164952977995,71161.0,163250.61173143468, 0.0, 0.0,0.0,NaN, 154.02850116726412,154.02850116726412,0.0, 137.37949149329253, 2.6865032702606606, 8.508114801540021, 2.6865032702606606, 162.6874030001727, 6.298771108010897, 8.508114801540021, 6.298771108010897, 111.57003237827439, 6.823989955643706, 4.447137816448195, 8.0, 0.0
37, 0 ,1.0,1.0,1.0,9.319389570829689,97.01432578339416,109.04928069487589,6.212354525316856,11.773493107311483,12.534715162932299,25.0,52.0,59.0,0.18950581558819216,0.382096804090216,0.9044830447069181,12.884984590272925,-0.006878250251865219,0.92166910864659,-0.387915897895501,11.595822853501364,0.9818555064426366,-0.0672910578802497,-0.17728981357548462,5.817356562101506,62.762393793698905,53.80743637032199,29.501764127441156,17.409973813758455,5.587520444367036,33157.0,99629.92116554655, 0.0, 0.0,0.0,NaN, 133.30665313966477,133.30665313966477,0.0, 38.59334874822483, 8.933295833575293, 22.924966596533206, 8.933295833575293, 138.615139947911, 9.706625800583016, 22.924966596533206, 9.706625800583016, 157.1190842158449, 7.003656333818487, 4.707603397383887, 9.0, 0.0
38, 0 ,1.0,1.0,1.0,189.1432698313554,32.24627836768686,134.4321778055382,6.504015279089928,12.541352033235206,11.24036966686586,25.0,61.0,52.0,0.0729100235537089,0.9789985356432519,-0.1903838114802986,12.617411232745383,-0.02949577122383171,-0.18869174118856824,-0.9815933100256631,11.186158422253149,-0.9969022659946707,0.07718350870227818,0.015118797541350766,6.450149560747535,62.98378172858427,52.81784799185749,26.68278381563067,17.185980111191085,5.529531936584275,38424.0,88764.75798177466, 0.0, 0.0,0.0,NaN, 73.87036189058277,73.87036189058277,0.0, 42.30221475063523, 8.858636206170207, 0.7859895164615671, 8.858636206170207, 157.28551082153285, -6.447420845664203, 0.7859895164615671, -6.447420845664203, 126.34591024779812, 7.853591363227866, 4.8173082933712195, 3.0, 0.0
39, 0 ,1.0,1.0,1.0,10.237577234357323,135.30603660836016,118.44356452876164,6.675852117332446,10.572289721077432,12.954441383403271,27.0,49.0,64.0,-0.11151178939802608,-1.2325812938511482E-4,0.9937631033765962,13.014981748714252,0.23724606322523514,-0.9710880419820226,0.026501324564049453,10.779474012312349,0.9650281997482647,0.23872159417814437,0.10831700773039799,6.210559805157703,62.94148762279028,52.302999854910965,31.393548940925,17.13897168740338,5.514844738819458,34473.0,103348.46153419283, 0.0, 0.0,0.0,NaN, 104.60195530544605,104.60195530544605,0.0, 44.5670014924921, -17.882210420400465, -14.008783496956116, -17.882210420400465, 111.77330994639954, -2.013738455557677, -14.008783496956116, -2.013738455557677, 167.81755155603128, 7.513520128641788, 4.939732860295135, 11.0, 0.0
40, 0 ,1.0,1.0,1.0,136.012863829937,41.14572554816457,38.16464294513075,10.446611564432176,10.902833961152904,12.135658137941116,52.0,50.0,65.0,0.26935239136849953,0.48360766463629973,0.8328102520797247,13.036300735746456,0.7542252245084798,-0.6436526412437087,0.12982907276542857,10.49767192871005,0.5988268530879386,0.593156728129271,-0.5381184775639788,9.753534088109964,67.62471707603281,50.870973360819214,52.65400011928075,18.581139008864678,5.4789554786278405,56826.0,181136.8782258613, 0.0, 0.0,0.0,NaN, 85.1108941162081,85.1108941162081,0.0, 109.1316931781281, 2.4295828427884016, 18.257798296679596, 2.4295828427884016, 118.87178838446911, 28.87218160298805, 18.257798296679596, 28.87218160298805, 147.27419844097642, 6.902931972643757, 4.4533521621027985, 12.0, 0.0
41, 0 ,1.0,1.0,1.0,18.475542243685744,130.8123811607128,16.96791128910128,10.938004162527653,13.268837857368998,9.723948799010719,44.0,56.0,42.0,-0.20580359328653786,0.9628803987982968,0.1746602948594267,13.45460886699539,0.9477256994559741,0.2405855973096422,-0.20960574648097802,10.893588312003468,-0.24384601612705226,0.12239243431354446,-0.9620598798628754,9.516323203588323,64.50461371355405,49.64498276762376,47.975129979179755,18.92167740742052,5.6769091484688134,59429.0,153632.21891497503, 0.0, 0.0,0.0,NaN, 73.59471635493622,73.59471635493622,0.0, 119.63993505947225, -11.517839842213519, -8.835856920716697, -11.517839842213519, 176.06205808514872, 13.796786263835628, -8.835856920716697, 13.796786263835628, 94.55518024578201, 7.027784426467783, 4.462215928943786, 9.0, 0.0
42, 0 ,1.0,1.0,1.0,98.96830807312273,133.09909306713737,18.10522044352466,9.832010050683566,11.203842310833652,10.534351198452443,44.0,53.0,44.0,0.352599808381262,-0.8116771622571002,0.4656753798514144,11.498822070183286,-0.3642227160457354,-0.5774343894813901,-0.7306923695786904,10.638205175682739,0.8619832876835634,0.08803243785398476,-0.49923451567346494,9.36871074232993,65.4911345521725,55.98716649135787,47.94978925676132,17.561813920938686,4.974912174244604,49287.0,175815.72070911815, -1.4210854715202004E-14, 0.0,0.0,69.35358630055848, 120.82324428107654,120.82324428107654,1.3486991523486091E-6, 96.66842163674265, -7.379800284641649, 14.05805495024618, -7.379800284641649, 125.52608252602633, -6.084807284804834, 14.05805495024618, -6.084807284804834, 110.97255517233643, 7.2606347140290515, 4.639630557779033, 9.0, 0.0
43, 0 ,1.0,1.0,1.0,145.82045918621446,103.35400169331142,82.92182545611502,9.512091893696974,12.830722611478215,11.104515854315585,44.0,62.0,50.0,-0.11547006925759074,0.9576537003572692,0.26375377399703226,13.006745427762676,0.04410048641514958,-0.2603255401405097,0.9645132245067971,10.949242896002973,-0.9923315021723308,-0.1230040785607625,0.012173185853479084,9.452844051780573,63.954625464916376,49.490195535642954,45.32250504613987,18.728713662496265,5.2586016994861176,60237.0,143451.48078830438, 0.0, 0.0,0.0,NaN, 138.39039261619106,138.39039261619106,0.0, 90.4798921941357, -9.176925671704819, -1.1323515064183813, -9.176925671704819, 164.62744273269837, 12.495492703385237, -1.1323515064183813, 12.495492703385237, 123.31027235874616, 7.5493630238944425, 4.495516508286543, 12.0, 0.0
44, 0 ,1.0,1.0,1.0,124.60058239934988,73.85162360748993,165.93571597873566,10.325355072302996,9.895681827516253,13.200104578013171,48.0,45.0,64.0,-0.08704986567521097,-0.025295033113271442,0.9958827652820019,13.219842387555131,-0.8188629424518895,-0.5675112334470583,-0.0859911704213419,10.659954464712555,-0.5673498059971127,0.8229770113503762,-0.028688611396188283,9.506911966012328,64.24763140576401,51.89652495072491,47.10667772865709,18.710462066586118,5.357130418964293,59066.0,157064.4418507642, 0.0, 0.0,0.0,NaN, 110.90315563527015,110.90315563527015,1.9073486328125E-6, 106.61295736913321, 10.99191589320255, -5.677895720544341, 10.99191589320255, 97.92451883143539, -0.9908980659324639, -5.677895720544341, -0.9908980659324639, 174.24276087048426, 7.2857387325059575, 4.565622771562356, 15.0, 0.0
45, 0 ,1.0,1.0,1.0,179.20733075467592,82.9264245407813,20.586878987290902,11.410940142705005,10.71832459071793,11.24940195577168,50.0,51.0,45.0,-0.9354891785098244,-0.3528970195506196,0.017991400259675622,11.521713429157556,0.02416062553182908,-0.01308425873422911,0.9996224619061371,11.249585269086264,0.3525283833465398,-0.9355706791930077,-0.020766395195354975,10.598963735423975,60.148562867895436,45.990696475188656,54.73407064425126,18.560427821498934,5.210719760056173,59721.0,151409.45286322513, 0.0, 0.0,0.0,NaN, 87.93717398177348,87.93717398177348,0.0, 130.20955494039652, 6.734097073659958, -2.299964943377498E-4, 6.734097073659958, 114.8824820319887, -0.315521403357243, -2.299964943377498E-4, -0.315521403357243, 126.54904436251968, 7.005753356749002, 4.405734238303029, 9.0, 0.0
46, 0 ,1.0,1.0,1.0,34.612964689666356,148.97277739490008,130.01037823813192,10.05551335144996,11.662514242523782,10.284688340084536,47.0,55.0,55.0,-0.40199765452396685,0.9104151158921964,-0.09768419786346448,12.107830718041123,-0.5312601809411106,-0.14501943400525225,0.8347047285760486,10.766643392972567,0.7457616951169107,0.38744506773966725,0.5419647715309147,8.965613577594633,55.02481200632825,55.35703060665504,48.783771420823314,17.79761985997494,5.113426325936129,49334.0,148595.86545741392, 0.0, 0.0,0.0,NaN, 93.2758378454349,93.2758378454349,0.0, 101.11334876118842, -21.4965498119304, -13.159055376030944, -21.4965498119304, 136.01423845707006, -10.190782462929883, -13.159055376030944, -10.190782462929883, 105.77481425267081, 6.867146822941623, 4.349147718659864, 9.0, 0.0
48, 0 ,1.0,1.0,1.0,142.19892042869023,37.15926815107722,127.7227792684649,12.632513589700952,9.903855649869875,12.003232878852145,60.0,50.0,63.0,-0.9745691889227469,0.15868811035292768,-0.1582181393996173,12.730116268621277,0.13372113531647903,-0.15472966007508945,-0.9788653585977592,12.019314953054067,-0.1798153329728352,-0.9751291278213695,0.12957480504405197,9.758307420760564,56.40670070110039,62.53386997783352,49.274755611244686,19.273509059959448,5.502381701323066,63729.0,173808.2886029921, 0.0, 0.0,0.0,NaN, 99.72849465327145,99.72849465327145,0.0, 159.58039959397922, -11.354423297889563, 3.859833470063396, -11.354423297889563, 98.08635673345945, 5.779814376894134, 3.859833470063396, 5.779814376894134, 144.07759954395715, 6.802721744891841, 4.552342978099334, 10.0, 0.0
49, 0 ,1.0,1.0,1.0,149.1253170048051,114.0331853977576,129.89657301121196,11.917938950158149,10.789533116123637,10.637512148553538,57.0,57.0,52.0,-0.9937705302533851,-0.04627013268185091,0.1013864291782165,11.934077197886939,-0.007408534897244584,-0.8802984806788787,-0.47436241263946544,10.852841450235433,0.11119913133915162,-0.47215851123967056,0.8744718940328248,10.554695272018815,57.37435686992879,54.01707643490863,54.806260770968045,18.579267367753463,5.139920473292589,59936.0,169855.29047068575, 2.8421709430404007E-14, 0.0,0.0,6.398657740607666, 122.03694956155789,122.03694956155789,0.0, 142.03726881969672, 1.4680116203524252, -3.1030459137614486, 1.4680116203524252, 116.41402486392863, 2.5197163020671196, -3.1030459137614486, 2.5197163020671196, 113.15666471062413, 6.524965911345369, 4.377285940170457, 14.0, 0.0
50, 0 ,1.0,1.0,1.0,10.552891582136741,168.11891274755192,161.32839327273527,6.598717994930404,15.081921794184963,10.658216387181472,27.0,65.0,58.0,-0.028599530413997664,-0.9995845155548542,0.0035865196313950186,15.086989246494063,0.05045111209230865,0.002139955093439294,0.9987242391575604,10.666542617293269,0.9983169597621533,-0.028743988156928038,-0.05036894872921455,6.5736325428298965,65.69156829104688,57.81012396129981,28.32795395098113,18.595104879628717,6.231139161834686,45546.0,107579.30606140931, 0.0, 0.0,0.0,NaN, 51.21777437580402,51.21777437580402,0.0, 43.54307917661832, 5.279311886689225, 3.5364993765865194, 5.279311886689225, 227.46436500591136, -0.5102880157446695, 3.5364993765865194, -0.5102880157446695, 113.59757655598366, 8.011698859431696, 4.775811344985971, 8.0, 0.0
