// Sample: .//bubblelabels.tif, Map: .//bubblelabels.tif, Thickness:(8.191250068658265):/gpfs/home/mader/Foam/NewValid/InSilicoTest/LatticeDataPhi_16.0/out_Step_02000.vtk/distmap.tif, Neighbors:(1.0):
//LACUNA_NUMBER, TRIANGLES, SCALE_X, SCALE_Y, SCALE_Z, POS_X, POS_Y, POS_Z , STD_X, STD_Y, STD_Z,PROJ_X, PROJ_Y, PROJ_Z, PCA1_X, PCA1_Y, PCA1_Z, PCA1_S, PCA2_X, PCA2_Y, PCA2_Z, PCA2_S, PCA3_X, PCA3_Y, PCA3_Z, PCA3_S,PROJ_PCA1, PROJ_PCA2, PROJ_PCA3,OBJ_RADIUS, OBJ_RADIUS_STD, VOLUME, VOLUME_BOX, Mask_Grad_X,Mask_Grad_Y,Mask_Grad_Z,Mask_Angle, Mask_Distance_Mean,Mask_Distance_COV, Mask_Distance_STD, SHAPET_XX, SHAPET_XY, SHAPET_XZ, SHAPET_YX, SHAPET_YY, SHAPET_YZ, SHAPET_ZX, SHAPET_ZY, SHAPET_ZZ, Thickness, Thickness_STD, Neighbors, Neighbors_STD
1, 0 ,1.0,1.0,1.0,168.16120477983304,63.60435423146178,167.38215747258144,12.143683671922279,11.254822535796173,10.790517222800796,60.0,59.0,60.0,-0.8573151869597192,-0.512998531887823,-0.042932231355470085,12.597481172296282,0.37639517304249415,-0.5677567125843666,-0.732105859166353,11.026801519092743,0.3511941684005191,-0.6438049561756503,0.6798366233773647,10.501831351898216,65.01532533893555,55.77563869889309,60.93758576715106,18.98212986290447,5.500371918279001,61090.0,220976.21811468128, 0.0, 0.0,0.0,NaN, 78.2505361605687,78.2505361605687,0.0, 147.46905312371177, 18.874714675537614, -1.3326319657879357, 18.874714675537614, 126.67103031226539, 5.763868818338495, -1.3326319657879357, 5.763868818338495, 116.43526193556059, 6.218442131418666, 4.392762299537934, 32.0, 0.0
2, 0 ,1.0,1.0,1.0,38.768680866086136,9.49667568839727,25.90341845140033,11.249879235838824,6.088204976141429,12.461408919108656,52.0,25.0,57.0,0.4686073794213932,0.06891655771962842,0.8807142737709499,12.948004062804628,-0.8833359603705656,0.04915668410292864,0.466155769592328,10.724274982863657,0.011167142339251312,0.9964106224243505,-0.08391165861722012,6.020951069659274,62.84069677667397,52.21299727777462,26.572222292662794,16.943461146697036,5.641972994624617,33992.0,87186.14858399723, 0.0, 0.0,0.0,NaN, 47.58344830605886,47.58344830605886,0.0, 126.55978282095751, 0.823675009939624, 21.799116829941077, 0.823675009939624, 37.06623983151326, 9.780083145593087, 21.799116829941077, 9.780083145593087, 155.28671224924076, 6.157425810335474, 4.332154069214323, 14.0, 0.0
3, 0 ,1.0,1.0,1.0,172.34622242849116,42.57702923862332,12.873006179926232,11.504238711211876,10.984899376926782,8.478863415754747,55.0,54.0,33.0,0.9743341188920959,0.1139456746079155,-0.19413760068804345,11.601333057348658,0.14419167929855162,-0.9781857250279687,0.14953744337981362,11.051423710216243,0.17286348481916813,0.173692459795048,0.9695097446784736,8.257224275658018,57.00849285997168,55.20301816299913,38.5508110654242,17.148703861972848,5.552351152721536,40939.0,121320.97787095289, 0.0, 0.0,0.0,NaN, 52.37603574984927,52.37603574984927,0.0, 132.34750832454588, -0.23693330145453195, -11.398299655444903, -0.23693330145453195, 120.6680143212064, -9.36092784358187, -11.398299655444903, -9.36092784358187, 71.89112482302426, 6.107393422344491, 4.32823831965408, 17.0, 0.0
4, 0 ,1.0,1.0,1.0,9.451570376114773,30.745133772780147,134.4241178751454,6.174535918719497,9.92657370989663,10.272889589351047,24.0,43.0,55.0,0.0618606076991657,-0.5628689208440565,0.8242280286200763,10.581935025007201,-0.005547885518297142,-0.8259907788094025,-0.5636563263976665,9.611303851464372,-0.998069379442815,-0.030295400140683038,0.054219023865707094,6.151382718211998,59.330157084403325,48.00141317527351,26.254669884047072,14.836649605873175,4.697642857550171,25790.0,74771.49833834816, 0.0, 0.0,0.0,NaN, 73.03965874601018,73.03965874601018,NaN, 38.12489381155722, -2.331517174013073, 3.950629051029671, -2.331517174013073, 98.53686561801095, -9.003577867649055, 3.950629051029671, -9.003577867649055, 105.53226051499713, 6.3291890855074024, 4.127738642383563, 14.0, 0.0
5, 0 ,1.0,1.0,1.0,59.87674510384293,73.85984904543436,141.63561245128508,9.527691240899522,9.883420483354742,10.034750314314234,48.0,50.0,53.0,-0.641862324216967,0.42460690367468656,0.638530918673942,10.396302558475496,-0.14237993836178725,0.7522282543990203,-0.6433355317685292,10.163696542565107,-0.7534857065020457,-0.5038468325151979,-0.42237147093703586,8.818802662868986,50.485002792388116,52.976059975496526,48.84109601061819,16.375620623893397,4.581938878428974,40542.0,130625.34208471517, 0.0, 0.0,0.0,NaN, 111.56569203469996,111.56569203469996,1.9073486328125E-6, 90.77690038191346, -10.995420411424318, -10.084821779412174, -10.995420411424318, 97.68200045079607, -4.136314193966463, -10.084821779412174, -4.136314193966463, 100.6962138706296, 6.0276402411653, 3.915737700169908, 20.0, 0.0
6, 0 ,1.0,1.0,1.0,30.915154309006212,107.68354522515529,176.67726125776397,10.470013069972865,9.403155805400164,9.849531452230393,52.0,49.0,46.0,-0.8960062222937673,0.400316383887847,0.1921448474505884,10.691405089123348,-0.31717650264235187,-0.2741543086403644,-0.9078758071594871,9.9383951408537,-0.3107602223297217,-0.8744062030000029,0.3726149170023929,9.054056652077682,56.252015234398115,48.84476174716286,49.63539278658709,16.523684858908403,4.6927200319244875,41216.0,136379.0133800181, 0.0, 0.0,0.0,NaN, 100.1100630835093,100.1100630835093,0.0, 109.62117368540261, -10.135909412549326, -0.7296102819681592, -10.135909412549326, 88.41933910063082, 6.667229197035388, -0.7296102819681592, 6.667229197035388, 97.01326982847574, 5.967259978816226, 4.017298860956749, 19.0, 0.0
7, 0 ,1.0,1.0,1.0,137.26693419250284,17.013639959099415,180.60891709914534,12.71141413693576,9.92503624880786,9.633677157961033,66.0,42.0,39.0,-0.9672577128243982,-0.24812372303334307,0.053358551796192755,12.890374623073392,-0.2311100774171442,0.7742263108313916,-0.5892043378427008,9.792584042530383,0.10488397922445468,-0.5822441392444294,-0.8062202634625091,9.530879777411176,66.64696573088223,54.4225629767362,52.32445956144737,18.007240757569072,5.3510195088038985,51833.0,189785.97871444604, 0.0, 0.0,0.0,NaN, 67.83004928741722,67.83004928741722,0.0, 161.5800493606903, 17.17288749495285, -3.198965465702977, 17.17288749495285, 98.50634454015001, -3.304159596957403, -3.198965465702977, -3.304159596957403, 92.80773558382016, 6.257796805856004, 3.9791034489754056, 16.0, 0.0
8, 0 ,1.0,1.0,1.0,185.29240585122938,155.71052495072104,91.46599751011516,8.269803615705436,10.770869224217135,10.444179256838645,32.0,57.0,53.0,0.16592653372299598,0.7850659368996629,0.5967745471503683,11.494836726937812,-0.2538416899902382,-0.5507682571728476,0.7951218292272475,9.844710662355041,-0.9529075410707859,0.2834180686029737,-0.10789539637903378,8.026989263232874,55.6531699930992,47.5665487859125,38.172688321856214,16.411873729011294,4.912489871695185,38556.0,101051.85614409448, 0.0, 0.0,0.0,NaN, 102.68349247228615,102.68349247228615,0.0, 68.3896518423347, 13.360424880837536, 0.14680838445277963, 13.360424880837536, 116.01162384518784, 17.49092224842809, 0.14680838445277963, 17.49092224842809, 109.08088034897862, 6.1591561067826595, 4.074553549472888, 19.0, 0.0
9, 0 ,1.0,1.0,1.0,79.35485467594248,146.5824236258146,44.856628261885774,9.588735015949824,8.804923487732204,10.439823804817369,45.0,40.0,50.0,-0.5763947996995011,-0.080358269413238,0.8132106636144667,11.25288325254781,0.18921171433821385,-0.9812333237814868,0.0371495822039746,8.791624472791883,0.7949641262576357,0.17528180977399,0.5807825110364367,8.633677984525933,55.56607267442713,41.10083670911931,41.86491073576525,16.03154945869523,4.63139934144297,36367.0,95611.5888479868, 0.0, 0.0,0.0,NaN, 105.65390444918204,105.65390444918204,0.0, 91.94383920610227, 1.9015817391828544, -24.395407587088098, 1.9015817391828544, 77.52667762481822, -3.504117557538499, -24.395407587088098, -3.504117557538499, 108.98992107563139, 6.033531882822109, 3.939810471123078, 15.0, 0.0
10, 0 ,1.0,1.0,1.0,40.20239471129398,173.19153067357033,190.36198049096205,10.029160746271682,10.22876759831535,4.960309820244935,51.0,49.0,20.0,-0.5259061926859555,0.8504503858156276,0.012522689831378163,10.35278612438254,-0.8504843109068811,-0.5256408309163969,-0.01944617635339898,9.903147201527412,-0.009955571094112969,-0.020877215800255984,0.9997324784484196,4.956200191214347,47.01439900954321,45.50832707838293,20.405431369689296,14.430872062155029,4.6439591830066345,21631.0,43658.37227821603, 0.0, 0.0,0.0,NaN, 49.27289303669305,49.27289303669305,0.0, 100.58406527455675, -4.0888318288054695, 0.6716402112971185, -4.0888318288054695, 104.62768658034598, 1.6312382611041933, 0.6716402112971185, 1.6312382611041933, 24.60467351281834, 6.157036033212259, 4.037541387895891, 11.0, 0.0
11, 0 ,1.0,1.0,1.0,153.47431158366905,10.568301698716617,87.11405075383146,8.934885477652127,6.8491265158910615,9.669607059572883,46.0,26.0,45.0,-0.3249198778474145,-0.01602068118761124,0.9456058432316851,9.760595282743996,0.9290473093542709,0.18162885230154607,0.3223073951885255,8.89821233113667,0.17691288805853153,-0.9832366438380478,0.044130853752011624,6.767319281108702,44.30657474386185,41.779219220410624,28.658375652086356,14.181189725028696,4.374685268532044,24077.0,53049.350060208235, 0.0, 0.0,0.0,NaN, 99.32364533256788,99.32364533256788,0.0, 79.83217849875888, 5.8903930971738605, -5.204529617840875, 5.8903930971738605, 46.91053403068204, 1.2046950839109591, -5.204529617840875, 1.2046950839109591, 93.50130068654173, 6.437619480970081, 4.051864882558152, 15.0, 0.0
12, 0 ,1.0,1.0,1.0,99.87426377941219,89.45805374044012,14.262607319717526,11.044564407970256,8.605723603457575,8.252868598442255,51.0,44.0,33.0,-0.9950604459235691,-0.07936587421229549,0.05963025212847815,11.067930448755764,-0.06174491491703933,0.9651645763457137,0.2542536254398099,8.61218692797418,-0.07773206828764681,0.24931586106366682,-0.9652975328787529,8.21473515721597,50.72750034826416,44.90083571531872,38.07132205436425,15.622268274995827,4.482795528253707,34127.0,86715.3228105225, 0.0, 0.0,0.0,NaN, 134.83706431120316,134.83706431120316,0.0, 121.98240296180337, 3.946362369977669, -3.3694773050983744, 3.946362369977669, 74.05847873910682, 1.3808105716346533, -3.3694773050983744, 1.3808105716346533, 68.10984010315424, 6.448325828583635, 4.041607359056337, 13.0, 0.0
13, 0 ,1.0,1.0,1.0,154.85898268811863,9.809569304849619,40.287805250888525,10.193652969551987,6.222232109543992,9.664683366992955,46.0,24.0,46.0,-0.9466390980672615,0.016792460978039492,0.32185778111567065,10.261019913164054,-0.32215767914597815,-0.020094889177043957,-0.9464727281840928,9.595232143370223,-0.009425909912521247,-0.9996570455327485,0.024432428022153077,6.2189893334377295,53.995979655597864,46.154084356060906,24.81553041961237,14.691217827054619,4.4945474333858995,26167.0,61843.6519001121, 0.0, 0.0,0.0,NaN, 61.29474974116252,61.29474974116252,0.0, 103.91056086365606, -0.713252924106886, -4.015630321558506, -0.713252924106886, 38.71617242504028, 1.3755162443221618, -4.015630321558506, 1.3755162443221618, 93.40610458423029, 5.845490458100054, 3.8815880574025106, 15.0, 0.0
14, 0 ,1.0,1.0,1.0,189.3155552286019,58.12561150549895,94.22893294589326,6.675947937055073,9.872613500110742,10.539860045169354,27.0,47.0,55.0,0.15867290168032755,-0.5592336718083124,0.8136833601519313,11.15046141701608,0.0548141293641365,-0.8178634171899511,-0.5727956372428368,9.296247987886526,-0.9858084608555543,-0.13548849079596645,0.09911885475243595,6.509409457696421,49.419195678480605,46.302136730926335,29.43211658968079,15.134393420839404,4.906685616162113,27187.0,67346.99169141521, 0.0, 0.0,1.4210854715202004E-14,35.54261721049263, 111.2287547223419,111.2287547223419,NaN, 44.568280858269894, -9.24745728126221, 9.198881239459334, -9.24745728126221, 97.46849732256885, -16.660161327480967, 9.198881239459334, -16.660161327480967, 111.08864977175735, 6.051594690932651, 3.8984417288274265, 12.0, 0.0
15, 0 ,1.0,1.0,1.0,73.56548426697681,187.0897460748207,29.68155973379854,9.05064213200229,7.42268779014649,11.285140725109017,44.0,28.0,57.0,-0.22355312791773363,0.016808385860214305,0.974546806040106,11.400996635002382,0.9166968868541917,0.3433708970200429,0.2043605752377033,9.11301027647929,0.33119603957479826,-0.9390494690081164,0.09216983305585105,7.16485433533202,57.789743335198324,46.586540824831516,37.741171159631506,15.503356041052696,4.900078538290984,30954.0,101607.69573407523, 0.0, 0.0,0.0,NaN, 80.37132647952545,80.37132647952545,9.5367431640625E-7, 81.91412300157496, 9.686311452682677, -11.1936105698912, 9.686311452682677, 55.09629402998979, 3.513556472814728, -11.1936105698912, 3.513556472814728, 127.35440118551405, 5.739170901485521, 3.83942377575428, 15.0, 0.0
16, 0 ,1.0,1.0,1.0,185.49052330122365,149.4286644103098,33.91994272324916,8.4683631810982,11.599548241574093,9.320053130954285,37.0,55.0,51.0,-0.1806251217718451,0.983428837178207,0.015565589973581262,11.694417426382085,-0.04154525101749522,0.008183117127318007,-0.9991031121520815,9.320851407023754,-0.9826741868507586,-0.18110979763778678,0.03937872137081698,8.335971139891818,56.9543851668151,50.85606131422834,42.01272736162028,16.38717989480876,4.95846950525694,38410.0,121688.84406833566, 0.0, 0.0,0.0,NaN, 62.5983019877209,62.5983019877209,1.1680077279964342E-6, 71.71317496697961, -11.955388340397224, 0.5326831333314986, -11.955388340397224, 134.54951940860462, 0.8875850836163026, 0.5326831333314986, 0.8875850836163026, 86.86339036381077, 5.913216014608714, 3.916287911491966, 16.0, 0.0
17, 0 ,1.0,1.0,1.0,152.79012809279425,109.7834522468394,10.067384320106813,10.489250745577717,9.861273567177603,5.714118707052301,59.0,54.0,22.0,-0.868671256280382,-0.49388755014742536,-0.038540061256267785,10.79079741925805,-0.49199108425477545,0.869194610724505,-0.0494520141277082,9.544434394553054,-0.05792254764832993,0.02399617671319486,0.9980326457471597,5.6905811050550845,54.98921430679812,42.26385820721405,23.15974237132689,14.754197077254878,4.715285651381628,23967.0,53824.54647040515, 0.0, 0.0,0.0,NaN, 102.31886297766317,102.31886297766317,0.0, 110.0243812036027, 10.955303742712974, 4.242664627618739, 10.955303742712974, 97.24471636671568, -0.9236982258374316, 4.242664627618739, -0.9236982258374316, 32.65115259828506, 5.994788386375638, 3.943817359583917, 18.0, 0.0
18, 0 ,1.0,1.0,1.0,11.22613516573615,47.50076133213602,15.109514699566626,6.8427925003710435,9.867056873851348,9.502174964822967,27.0,50.0,39.0,0.07252032109384451,-0.7567575229578506,0.6496605686627014,10.820994360675558,-0.03780073912270002,-0.6529931644217264,-0.7564198776739529,8.423953867476223,-0.9966503434756961,-0.03029816273635795,0.07596126766041958,6.813004616314285,55.177641078450776,40.90290473312233,30.038472746830607,14.585859762372417,4.661184893293418,25613.0,67794.6040276902, 0.0, 0.0,1.7763568394002505E-15,49.48398490747995, 51.09447986180451,51.09447986180451,0.0, 46.823809203134196, -3.2728852393611536, 4.031690581349716, -3.2728852393611536, 97.35881135181714, -22.62310684170704, 4.031690581349716, -22.62310684170704, 90.29132906210833, 7.0296735467690805, 4.1051243877138655, 10.0, 0.0
19, 0 ,1.0,1.0,1.0,62.9261407309063,11.490357067989658,107.0698064425966,9.441181313878905,7.006108614043625,10.005910709899268,46.0,27.0,49.0,-0.4035441947310169,0.06857203430570266,0.9123869568390774,10.164313933733508,0.9131081708745523,0.09359717578117013,0.396828724978319,9.302250450188062,0.05818548943701252,-0.993245913556641,0.10038428174773695,6.963804309878056,50.32586703681014,48.48473276297176,30.005021786850588,14.818799293677351,4.329307004766137,28622.0,73213.33977211383, -7.105427357601002E-15, 0.0,0.0,66.20006898472225, 112.81732299364396,112.81732299364396,0.0, 89.1359046015362, 1.7338975208486496, -6.400895436389725, 1.7338975208486496, 49.085557911776284, 4.842473152755174, -6.400895436389725, 4.842473152755174, 100.11824913447687, 5.699062618941025, 3.854848710783302, 18.0, 0.0
20, 0 ,1.0,1.0,1.0,191.7873654298049,135.18252363517132,118.5492103393628,4.711883829274468,9.795695292730462,9.75058218786508,18.0,47.0,47.0,0.01914805538911803,0.7139585534072113,0.6999260932352057,10.800439398230003,0.022085662370416374,-0.700185665301339,0.7136191264422374,8.627871646236674,-0.9995726964520767,-0.0017939128195873233,0.029175441458879032,4.705495526736601,48.96348463296857,43.8750804915166,18.92054092436277,13.879625784198,4.537327030482073,18299.0,40646.55966783768, 0.0, 0.0,0.0,NaN, 104.41735365938965,104.41735365938965,0.0, 22.201849220578225, 0.4832613511367556, 2.09087804964535, 0.4832613511367556, 95.95564626802172, 21.09550453393755, 2.09087804964535, 21.09550453393755, 95.07385300231175, 6.179362117122044, 3.8236964359286727, 10.0, 0.0
21, 0 ,1.0,1.0,1.0,11.451174934725849,153.5132637075718,187.98532637075718,7.296259095718236,10.422490571535517,6.108577527580046,29.0,57.0,24.0,0.02532003985409137,0.9996245884982046,0.010467934446807603,10.42455609830546,0.9989437221592318,-0.025701669387791053,0.03809021067597839,7.295429063068984,-0.03834495456310975,-0.009492431747246344,0.9992194744895023,6.106043797342487,57.21086607404493,30.156636581252965,24.813863046092735,13.380067160076091,4.48912337855709,19150.0,42811.04269532122, 0.0, 0.0,0.0,NaN, 49.36089992012582,49.36089992012582,0.0, 53.23539679185109, 1.3976188807613428, 0.6254193293293887, 1.3976188807613428, 108.62830971374676, 0.7313956711137144, 0.6254193293293887, 0.7313956711137144, 37.31471941045595, 6.060845459137822, 4.081460659767985, 8.0, 0.0
22, 0 ,1.0,1.0,1.0,8.849165830978212,20.060762147871273,54.15379706445437,5.451532229821415,10.626590401435863,9.904657829897127,21.0,42.0,45.0,0.06205676175818954,0.9572598357469213,-0.2824934781297884,10.705009000279091,0.02556852209420882,-0.28447086592736137,-0.9583436633674036,9.838793329959001,-0.9977450621265964,0.05224876366303013,-0.042129060014193975,5.417268874101683,47.19959510607782,50.647453144589704,21.865997614211782,14.731751170231403,4.870460080773134,21938.0,52271.526227679016, 0.0, 0.0,0.0,NaN, 58.42410162215354,58.42410162215354,NaN, 29.71920365278164, 4.57361937949249, -3.147373758488487, 4.57361937949249, 112.92442355988882, -4.663734683513519, -3.147373758488487, -4.663734683513519, 98.10224672734246, 5.380951116222041, 3.735459868667194, 10.0, 0.0
23, 0 ,1.0,1.0,1.0,100.53194295034181,21.426900787729465,102.97307145087969,8.76771620798169,8.904275663002435,8.809527219938653,44.0,42.0,46.0,-0.3889045308362405,0.7945319923658801,0.46633912446003095,8.976154551553782,-0.34318937292083396,-0.594696560902729,0.7270192946302538,8.782317110212698,-0.8549703621817827,-0.12269846599518469,-0.503955123233389,8.721599513137946,49.260065963420764,44.12485008306436,42.11918048123813,14.695474841463472,4.220161325020556,28817.0,91549.9569429686, 0.0, 0.0,0.0,NaN, 140.59598612434624,140.59598612434624,0.0, 76.87284750370483, -1.1751383619080773, -1.082215784798371, -1.1751383619080773, 79.28612508273747, 1.2097121494700487, -1.082215784798371, 1.2097121494700487, 77.60776983884007, 5.567690290925107, 3.625800436678023, 18.0, 0.0
24, 0 ,1.0,1.0,1.0,123.29602427654147,10.711496173805964,145.8597062186648,8.83243922200259,6.462703184603911,9.456016069128713,42.0,26.0,47.0,-0.5706763738315013,-0.04348214412089529,0.8200230359527583,9.99442683175815,-0.8128523062339649,-0.1119018460735623,-0.5716197207020183,8.245256377435615,-0.11661734262387162,0.9927674853599804,-0.02851517861364395,6.42821394613386,45.95987554958914,43.46402149233509,27.374783918019926,13.861700227302508,4.1289250139329114,22738.0,54683.89624057312, 0.0, 0.0,0.0,NaN, 94.49554197313044,94.49554197313044,0.0, 78.0119826103697, 3.878481803769544, -15.018853133865395, 3.878481803769544, 41.76653245228953, -0.3828097108611716, -15.018853133865395, -0.3828097108611716, 89.41623989962045, 5.825705215995477, 3.789654084051207, 10.0, 0.0
25, 0 ,1.0,1.0,1.0,139.96341707393753,36.64208751321844,38.07799594158164,8.823785428256533,9.043091150393195,10.025259117562795,40.0,44.0,44.0,0.40471330155558394,0.25864895685853173,0.8771019670824896,10.304248717770479,-0.41264340618558104,-0.8042999785409966,0.4275826982590789,9.212023368279773,-0.8160469121781792,0.5349787487694687,0.2187811131919601,8.312856972010335,48.665502757856984,45.87599144439689,43.343004337383206,15.533488218607486,4.342033046267662,34989.0,96766.64609282385, 0.0, 0.0,0.0,NaN, 79.98104551511841,79.98104551511841,0.0, 77.85918928391234, 9.110688273940967, 10.380029003550414, 9.110688273940967, 81.77749755431972, 2.9914756974028687, 10.380029003550414, 2.9914756974028687, 100.50582037427594, 5.501238408562162, 3.570079755797393, 16.0, 0.0
26, 0 ,1.0,1.0,1.0,70.64658523042755,63.505490776728976,45.98763032882966,9.138290720973801,9.329570648042825,8.61457679893215,42.0,40.0,44.0,0.6253304024698332,0.7791086242779739,-0.044177362105480816,9.657701314546243,-0.740005107908298,0.6100108593853372,0.28333582848201694,8.81002113731688,0.24769805816062587,-0.14448703404681304,0.9580026977915096,8.594911988007773,50.603982325026536,44.42050931342605,42.44109277092005,15.08561777229354,4.145396920781217,32418.0,95401.40850714872, 0.0, 0.0,0.0,NaN, 105.54027433531887,105.54027433531887,0.0, 83.50835730103589, 7.7609787102530685, -1.320893309969729, 7.7609787102530685, 87.04088847682223, -0.0205841877515975, -1.320893309969729, -0.0205841877515975, 74.21093342470009, 5.765878041697443, 3.6336661993399293, 21.0, 0.0
27, 0 ,1.0,1.0,1.0,67.82035980693287,190.97591048705573,73.02628345765687,10.345405004020883,5.21570591486125,10.13427026459813,50.0,21.0,46.0,-0.8488491612505101,0.04622087093437423,0.5266106080723915,10.466155276311872,0.5285224235772626,0.053633281061370705,0.8472234173691198,10.028925722752795,0.01091554947415186,0.9974904020854838,-0.06995533237014456,5.178288256083601,47.61280130284735,49.85981366243291,21.979259365924293,14.643814961274655,4.742690171558639,22790.0,52178.00127225248, 0.0, 0.0,0.0,NaN, 100.06934331511081,100.06934331511081,1.3486991523486091E-6, 107.02740469722033, -1.154744294251595, -3.949381111204596, -1.154744294251595, 27.20358819031863, 5.365398403609263, -3.949381111204596, 5.365398403609263, 102.70343379591786, 5.513685340974717, 3.689703978912936, 16.0, 0.0
28, 0 ,1.0,1.0,1.0,92.07600145225705,126.72270966961152,77.13808544112308,9.031372372360172,8.081186052661181,10.249660585447263,44.0,38.0,47.0,-0.07019528237592729,-0.10437054523452313,0.9920581694737524,10.275320612593305,0.9869231903959794,0.13739833880919802,0.08428708531616291,9.045020913144773,-0.14510423353846436,0.9850017694298422,0.09336099629552853,8.033192394808939,46.417992874797314,45.26995104852723,38.020961081446615,15.29101901348181,4.255764865704811,33052.0,79894.97644253867, 0.0, 0.0,0.0,NaN, 140.70478153610165,140.70478153610165,0.0, 81.56568692823062, 2.643971720620116, -1.4211808855168002, 2.643971720620116, 65.30556801772559, -4.050267667073336, -1.4211808855168002, -4.050267667073336, 105.05554211687114, 5.802641882405945, 3.6252060903858014, 18.0, 0.0
29, 0 ,1.0,1.0,1.0,125.9116876154167,74.75290403288258,165.60948948591172,9.00627772587545,8.942410366277052,9.40546803061878,44.0,42.0,44.0,-0.4974317752548763,-0.3497514318085864,0.7938737713985932,9.846510904671305,-0.5591985607244796,0.828901705889795,0.014796339299246607,8.86571350549736,-0.6632183642288961,-0.43657290103810975,-0.6079025443512439,8.601622960355922,49.71581185631712,41.24475082269519,45.218881386241804,15.239650470262314,4.1588007951505075,33574.0,92722.05208239914, 0.0, 0.0,0.0,NaN, 110.72389943803718,110.72389943803718,0.0, 81.11303847560025, 1.8573408130546598, -9.10734090886622, 1.8573408130546598, 79.96670315889926, -6.320089212631001, -9.10734090886622, -6.320089212631001, 88.46282887499191, 5.65425573145327, 3.634694629668155, 17.0, 0.0
30, 0 ,1.0,1.0,1.0,45.733563191059325,53.433836642491976,171.19709309237902,9.204107801272846,10.2617446804506,8.394491366846935,44.0,46.0,40.0,-0.3395230935887676,0.9023436793866741,0.265518272800257,10.569071001127154,0.9318490540894102,0.3610967674174262,-0.035587426899916605,9.025562468301253,-0.12798987972720627,0.23534019807844958,-0.9634487956584986,8.204904016269808,52.760233451009285,44.298423840025634,42.91855232138377,15.494640971682534,4.516922710311629,33644.0,100309.03376024107, 0.0, 0.0,0.0,NaN, 76.00224435380981,76.00224435380981,0.0, 84.71560041745165, -8.839974091567619, -4.470195503504747, -8.839974091567619, 105.30340388675619, 10.452390596350998, -4.470195503504747, 10.452390596350998, 70.46748530806774, 5.587891504348331, 3.582104007856852, 19.0, 0.0
31, 0 ,1.0,1.0,1.0,189.04656507014997,181.92870101596517,187.64453313981616,6.483624122881492,9.697520551349207,6.935525198891809,26.0,48.0,27.0,0.028592901319248267,-0.9846423673627452,0.17222617219353517,9.776397662495711,0.504769192221339,-0.13449220745960427,-0.8527132628948962,7.0008089743908855,-0.8627806839390676,-0.11131601199707188,-0.49317160998449894,6.292179180852271,50.96536195343374,37.32279366844507,31.774484596236732,12.827010599192713,4.432673626978854,16536.0,60440.46146430855, 0.0, 0.0,-2.8421709430404007E-14,80.08272129332582, 24.478707994212808,24.478707994212808,0.0, 42.0373817668108, -2.2157172098629254, -3.7788032485279563, -2.2157172098629254, 94.04190484384024, -8.413951102331739, -3.7788032485279563, -8.413951102331739, 48.10150978446326, 6.318381472513707, 3.9609799897174844, 7.0, 0.0
32, 0 ,1.0,1.0,1.0,89.40769647696477,76.18124661246613,100.28368563685636,10.554787524163281,8.868561174607136,7.192990123860613,48.0,45.0,36.0,-0.9677460489205476,-0.24363499168400357,0.06410597184197846,10.681613817443303,0.22260201113663633,-0.9461003169956513,-0.2352499411660991,8.8182591237768,0.117965797740675,-0.21339208281439073,0.9698184827871359,7.066502401532867,48.5744243236319,42.037953926700695,34.37557800181186,14.922072490368386,4.3733026995762465,27675.0,70193.87879033637, 0.0, 0.0,0.0,NaN, 154.08005021713788,154.08005021713788,0.0, 111.40353968023283, 9.2674614081859, -5.43764498791866, 9.2674614081859, 78.6513773077491, 5.191184565330734, -5.43764498791866, 5.191184565330734, 51.73910692195632, 5.972288168677362, 3.6681274613795005, 20.0, 0.0
33, 0 ,1.0,1.0,1.0,143.62857958329369,71.57149652744744,115.95836108204104,9.381598755411845,9.682450686739536,8.107928624723032,45.0,44.0,37.0,-0.5816987490434263,-0.8034598345732983,0.12680244314981148,10.192462918057128,0.762981275208409,-0.4849351668009528,0.42743123152278245,9.080490465377125,-0.2819328626511337,0.3453841024528785,0.8951109890567519,7.820559165719327,49.960667652582146,44.6344441480106,41.443396363198005,15.132164782408926,4.303526703799021,31533.0,92417.39092116315, 0.0, 0.0,0.0,NaN, 123.94842970764925,123.94842970764925,0.0, 88.01439520754508, 12.08975889796289, 3.7930525161851096, 12.08975889796289, 93.74985130114291, -8.766645262406708, 3.7930525161851096, -8.766645262406708, 65.73850658360313, 5.602248381023852, 3.5653462442180155, 19.0, 0.0
34, 0 ,1.0,1.0,1.0,146.68316579357213,105.1764406059748,83.4753787342489,9.403057907165262,9.33760215802557,9.562165495898991,44.0,46.0,45.0,-0.6407525528205511,-0.7228922830551961,-0.2585786401719843,9.83087845408024,0.4571985761090254,-0.08870934867321104,-0.884929439820969,9.687141252445723,0.6167703203444751,-0.6852425837301861,0.3873460641144468,8.749653948259516,49.349021377449674,46.313172041572344,41.80519352826033,15.7172146014221,4.473531737997327,35315.0,95546.17603563424, 0.0, 0.0,0.0,NaN, 137.1215923214657,137.1215923214657,0.0, 88.41749800550316, 8.604451194683602, -3.664448176199563, 8.604451194683602, 87.19081406156377, 5.112102933792876, -3.664448176199563, 5.112102933792876, 91.43500897096122, 5.323852196759852, 3.418897639921732, 21.0, 0.0
35, 0 ,1.0,1.0,1.0,9.622403009228885,97.72050911953812,110.4693172374579,5.854806255997442,9.927736214489153,9.60688216941017,24.0,49.0,47.0,0.05333377457019938,-0.8560355215584201,0.5141582386000427,10.0634162568087,-0.17343896648832138,-0.5150063094356508,-0.8394566255292366,9.568622480793461,0.9833994271879346,-0.04440368308681077,-0.17593714654605497,5.683309310509995,46.930006246977364,44.87298451828049,24.826627879054715,14.291728208142898,4.5691785346219245,22863.0,52282.133574743995, 0.0, -1.4210854715202004E-14,0.0,31.125676289199788, 132.8820217267208,132.8820217267208,0.0, 34.27875629526678, 2.1441261089521286, 10.519075174341696, 2.1441261089521286, 98.55994634447941, -4.738357295746147, 10.519075174341696, -4.738357295746147, 92.29218501693106, 5.456935202272963, 3.6022584740161703, 16.0, 0.0
36, 0 ,1.0,1.0,1.0,101.52947669805788,96.90979336989892,171.80468453551347,9.338343856504705,8.45911512568492,8.7173391144509,42.0,40.0,46.0,-0.8870292250358096,-0.307096795171593,0.34477632216802145,9.57513800923917,-0.26411858882066397,-0.27499400235916743,-0.9244564185000104,8.603775959598387,-0.37870902414882024,0.911081696151241,-0.16281774463007845,8.309336150939282,44.701097179906284,46.418247507672106,40.48646289412659,14.729528260458403,4.218328241448412,28989.0,84007.24823512854, 0.0, 0.0,0.0,NaN, 141.00683609136382,141.00683609136382,0.0, 87.20466598231918, 6.5284273885069775, -5.707444304239383, 6.5284273885069775, 71.55662870959142, -1.1309375949370706, -5.707444304239383, -1.1309375949370706, 75.9920012363356, 5.33298467689411, 3.5190552503585164, 17.0, 0.0
37, 0 ,1.0,1.0,1.0,116.71575627751993,37.92071284065215,158.3460966321552,9.235256680186504,8.556164591020762,9.950120840108982,46.0,41.0,48.0,-0.5675172613645074,-0.22835253429307706,0.7910621202758089,10.527150595515762,-0.5750981419697525,-0.5776227703605668,-0.5793220712729,8.987830353254395,-0.589225156588098,0.7837136308900807,-0.19648577455077573,8.117932561360016,51.879361158216,45.63103466308152,40.79365910912348,15.416407440090667,4.4538977122810595,33612.0,96571.19338663138, 0.0, 0.0,0.0,NaN, 100.54498187650348,100.54498187650348,0.0, 85.28996594892946, 10.764443962858238, -15.208865666321234, 10.764443962858238, 73.20795250863748, -3.1350307174612326, -15.208865666321234, -3.1350307174612326, 99.00490473277108, 5.23255671252917, 3.3994914956305604, 13.0, 0.0
38, 0 ,1.0,1.0,1.0,181.68592553472405,160.61684710852919,8.08888302086084,9.46770586809737,9.40081076169228,5.229152958068975,39.0,48.0,20.0,-0.7384192181693717,0.6722654878639125,0.052878843266742026,9.823183904872531,0.6723974977226501,0.7399734060793813,-0.01791545008078923,9.040421893508714,0.05117287655049222,-0.02232648925321675,0.9984402158282558,5.208893164507969,54.6484362199959,50.9927620294859,20.586631938094044,13.62019105497036,4.455012196048853,18935.0,57368.246451118175, 0.0, 0.0,0.0,NaN, 44.17995115114785,44.17995115114785,0.0, 89.63745440480538, -7.267526287065066, -3.366063515972551, -7.267526287065066, 88.3752429771494, 1.7419512181856565, -3.366063515972551, 1.7419512181856565, 27.344040658881518, 5.973250257967329, 3.638613060856763, 10.0, 0.0
39, 0 ,1.0,1.0,1.0,53.50245895711289,83.94055109568237,72.24817386273233,7.686814958481347,8.770373003032923,9.288147386995592,36.0,42.0,47.0,0.03955123048046613,0.4417296423211958,0.8962759749442526,9.441326520179869,-0.21335809747578166,-0.8725579167555284,0.4394553494369682,8.651760550783555,-0.9761731518583145,0.20860873663881216,-0.05973585681115453,7.634437871387,44.881185677446595,41.70743782875428,34.88722469809808,14.371287315975108,3.9676629875161558,27654.0,65304.672397481205, 0.0, 0.0,0.0,NaN, 122.99726768999388,122.99726768999388,0.0, 59.08712420593259, 3.62352797155905, -0.4597300868831206, 3.62352797155905, 76.91944261232871, 5.86233448435429, -0.4597300868831206, 5.86233448435429, 86.26968188255304, 5.15562742331557, 3.4484473402751785, 15.0, 0.0
40, 0 ,1.0,1.0,1.0,155.2176929460581,178.4171286307054,135.78546058091285,9.27265621867359,9.430020679325139,8.348537142680856,44.0,43.0,41.0,0.6500403661947713,0.7450080603799596,0.14970141043510285,9.773935193090905,0.7034062064293833,-0.6644609144861221,0.25241117621232734,8.987989081326734,-0.2875190968857406,0.05877655220543035,0.9559697096858512,8.263882798064,48.300855489522206,47.94975938336438,41.797389444216236,15.004609141683845,4.412167300796566,30125.0,96803.35578226572, 0.0, 0.0,0.0,NaN, 81.20826580110271,81.20826580110271,0.0, 85.98215334970601, 7.3523143714468, 4.8685460418381465, 7.3523143714468, 88.92529001249977, 0.9426689573527156, 4.8685460418381465, 0.9426689573527156, 69.69807242272182, 5.600174717017723, 3.5725521118714707, 17.0, 0.0
41, 0 ,1.0,1.0,1.0,133.84370707286547,137.37089044232118,18.42119722824262,9.467825826627976,8.411299073782178,9.486679044618896,50.0,40.0,38.0,0.7314467960929237,0.1290289172358017,0.6695798107786355,9.708315831492367,0.6314312489559206,0.2425662193866285,-0.7365162639442824,9.318375889457027,0.2574493393414766,-0.9615160777279987,-0.09595139364909026,8.324856262204445,46.32547518328259,47.398973884790564,41.33519914874002,15.228080980507894,4.300268240315437,32759.0,90763.0031078663, 0.0, 0.0,0.0,NaN, 92.94299847309844,92.94299847309844,0.0, 89.63972588336372, 5.039346715854727, 4.06668487464828, 5.039346715854727, 70.74995210860892, -0.9762064264216396, 4.06668487464828, -0.9762064264216396, 89.99707929561127, 5.301062270701923, 3.398666587262409, 16.0, 0.0
42, 0 ,1.0,1.0,1.0,117.91609158792511,89.28254945677178,63.30905616307464,8.361150556564521,8.856022641843333,8.67248222398832,41.0,42.0,39.0,-0.37309071981337416,-0.7601731918318297,0.5319210779893443,9.306700213659159,-0.4759897413662542,-0.33529087537795155,-0.8130275487352032,8.433776713966575,-0.7963900306402792,0.5565220097251273,0.23674072693197648,8.112130734881307,49.88013283873207,43.39954697847875,40.645639885520275,14.411840314621342,3.9810529177138068,28257.0,87988.67192901307, 0.0, -1.4210854715202004E-14,0.0,40.52053152295033, 136.81073879620027,136.81073879620027,0.0, 69.90883862953919, 6.7507847528755915, -2.069902248552572, 6.7507847528755915, 78.42913703284177, -6.963000474430718, -2.069902248552572, -6.963000474430718, 75.21194792539339, 5.257297998073606, 3.386797815023569, 16.0, 0.0
43, 0 ,1.0,1.0,1.0,16.217385654885653,152.76010265072765,56.965404106029105,9.334323145863035,8.237172187999207,9.2600491772154,37.0,40.0,46.0,-0.9377356681604241,0.1722321499160634,0.3016420116545659,9.424264513159862,0.23310152561222067,-0.3317846280663538,0.914102094591259,9.341792954805332,0.2575179516402261,0.9274993515437959,0.270978702980253,8.040102473609071,45.045819355115256,46.962132396912175,37.03020296443117,14.935300106268967,4.2030840755655925,30784.0,78335.45889446569, 0.0, 0.0,0.0,NaN, 75.76060166083872,75.76060166083872,0.0, 87.1295885913944, -5.654093260741602, -2.016647748101178, -5.654093260741602, 67.85100565474764, -5.606207467417247, -2.016647748101178, -5.606207467417247, 85.7485107644476, 5.698569079768106, 3.67302084078099, 21.0, 0.0
44, 0 ,1.0,1.0,1.0,184.0829125264701,11.915743606450562,94.4508063202476,8.687937440358873,6.7364963100031385,10.288368594913493,35.0,26.0,47.0,-0.3337108154350568,0.06675015250122782,0.94030926231891,10.491416269903318,0.8999665901345063,-0.27428320048722915,0.33886407683930075,8.59685932526757,-0.2805302627228273,-0.9593295278847328,-0.03145836335724214,6.537228942009414,50.99640486831956,46.108752514471945,32.27071761788183,14.390296149351823,4.430637040090579,24556.0,75880.73971623498, 0.0, 0.0,0.0,NaN, 96.52094816090232,96.52094816090232,0.0, 75.48025696758947, -9.19422764223546, -11.622977751589184, -9.19422764223546, 45.3803825346859, 1.3291545152545963, -11.622977751589184, 1.3291545152545963, 105.85052834480226, 5.754549290677209, 3.66404981557714, 9.0, 0.0
45, 0 ,1.0,1.0,1.0,187.02798620094867,24.204225959465287,177.08904700301855,7.674380234651626,8.864970444710845,8.504553527390184,31.0,47.0,44.0,-0.510616348645252,0.7541939414637157,0.4128709764025757,9.213024174391029,0.2126443737919521,0.5760437252881409,-0.7892756152642689,8.773493000575158,-0.8330986224876498,-0.31522234250697767,-0.4545124420668752,6.9251173132877994,51.38176877374741,45.492289107948594,35.8451719203095,13.86046646772156,4.206983832750185,23190.0,83787.167423503, 0.0, 0.0,0.0,NaN, 35.76352140840614,35.76352140840614,0.0, 58.896111986011555, -10.66466333107777, -12.654022919575564, -10.66466333107777, 78.58770098559681, -1.6956328851356386, -12.654022919575564, -1.6956328851356386, 72.32743070024483, 5.81875434494728, 3.620625928083972, 12.0, 0.0
46, 0 ,1.0,1.0,1.0,182.2940385183241,94.2242527641983,80.21670658486171,9.290304008717378,8.565521743986485,9.461635436311381,38.0,45.0,43.0,0.6459292550303745,-0.24083439623259817,0.7244129975968026,10.507017531055439,0.5121807776997621,0.8403775542672869,-0.177303178873364,8.53103949289438,-0.5660797191657481,0.4855557227291355,0.6661751959313815,8.125540241948764,53.90661107226242,52.72941877208203,49.355972608211694,15.131763069315262,4.497799780432539,30479.0,140292.5886407148, 0.0, 0.0,0.0,NaN, 125.00572345410397,125.00572345410397,0.0, 86.30974857439018, -3.9955626258322985, 20.149639935249496, -3.9955626258322985, 73.36816274670528, -8.747865399374286, 20.149639935249496, -8.747865399374286, 89.52254512966327, 5.512692767226785, 3.376544475477435, 15.0, 0.0
47, 0 ,1.0,1.0,1.0,29.4876061236319,152.37543046131816,128.96293770670667,9.35045078918626,9.032087954229295,8.281122865788157,47.0,44.0,41.0,-0.4958791877574679,0.7119742599661546,-0.4971885802134238,9.7318020540473,-0.8675567829750487,-0.431266804715628,0.2476977421462635,9.225540219542744,0.03806651366986968,-0.5541674803667379,-0.8315343313664221,7.600524661538003,47.46939850694949,51.98564698058112,36.82284736602398,14.810735642081323,4.26950212935692,29329.0,90868.74913939006, 0.0, 0.0,0.0,NaN, 90.46481502721615,90.46481502721615,NaN, 87.43092996099396, -2.8115868603535987, 3.231682902805295, -2.8115868603535987, 81.57861281293393, -15.997064580740751, 3.231682902805295, -15.997064580740751, 68.57699591827947, 5.37398307900785, 3.4300485862081658, 20.0, 0.0
48, 0 ,1.0,1.0,1.0,178.6296080475986,81.82153591363553,18.57553824449488,10.198441669599314,8.844008090134784,9.124536976661132,48.0,43.0,41.0,-0.8253585044351824,0.48118472571785836,0.2953719670049088,10.78651424977646,0.4585978180501671,0.2661724476860955,0.8478444841905968,9.174864600408766,-0.3293499361410981,-0.8352325950468062,0.44035795863732535,8.059456341998564,56.03445796835882,45.773833182053295,42.802345597433956,15.576782121061257,4.77972021963925,32606.0,109784.24691863538, 0.0, 0.0,0.0,NaN, 86.58237703215535,86.58237703215535,0.0, 104.00821248821964, -18.064629539686784, -5.05484342210722, -18.064629539686784, 78.2164790983695, 11.642736215565616, -5.05484342210722, 11.642736215565616, 83.25717503845627, 4.634116849465757, 3.232761048045631, 18.0, 0.0
49, 0 ,1.0,1.0,1.0,17.128713770859203,134.5510463672431,12.252733274781187,9.93669804476132,10.512617129515704,7.937549525810694,42.0,51.0,31.0,-0.30420516463719216,0.9092871677822414,-0.28400011322992086,10.933367764313891,-0.9343087162722015,-0.22664170738992095,0.2751377094641372,9.913888786915104,-0.18581291802737843,-0.34904209341844517,-0.9185005043636173,7.377944013760802,55.69721805024909,50.79773097405696,37.580302321471535,15.759133639829532,4.889528232992504,33019.0,106325.65993419054, 0.0, 0.0,0.0,NaN, 68.75382054671373,68.75382054671373,0.0, 98.73796803276345, -8.722915505035974, -5.647872934305082, -8.722915505035974, 110.51511891178698, -19.546881551066015, -5.647872934305082, -19.546881551066015, 63.004692474697585, 5.643811050140539, 3.501960412312099, 15.0, 0.0
