// Sample: .//bubblelabels.tif, Map: .//bubblelabels.tif, Thickness:(8.191250068658265):/afs/psi.ch/project/tipl/test/LabelValidation/SmallStep0500//distmap.tif, Neighbors:(1.0):
//LACUNA_NUMBER, TRIANGLES, SCALE_X, SCALE_Y, SCALE_Z, POS_X, POS_Y, POS_Z , STD_X, STD_Y, STD_Z,PROJ_X, PROJ_Y, PROJ_Z, PCA1_X, PCA1_Y, PCA1_Z, PCA1_S, PCA2_X, PCA2_Y, PCA2_Z, PCA2_S, PCA3_X, PCA3_Y, PCA3_Z, PCA3_S,PROJ_PCA1, PROJ_PCA2, PROJ_PCA3,OBJ_RADIUS, OBJ_RADIUS_STD, VOLUME, VOLUME_BOX, Mask_Grad_X,Mask_Grad_Y,Mask_Grad_Z,Mask_Angle, Mask_Distance_Mean,Mask_Distance_COV, Mask_Distance_STD, SHAPET_XX, SHAPET_XY, SHAPET_XZ, SHAPET_YX, SHAPET_YY, SHAPET_YZ, SHAPET_ZX, SHAPET_ZY, SHAPET_ZZ, Thickness, Thickness_STD, Neighbors, Neighbors_STD
1, 0 ,0.3333333432674408,0.3333333432674408,0.3333333432674408,15.920919625820263,270.9491413412761,73.46363382510356,11.313932741270538,22.29075669680593,29.444575378096456,52.0,89.0,136.0,0.06135554922667549,-0.03155573494035631,0.9976170268051098,29.504400725300574,0.22385177979178036,0.9744739411816797,0.017056337294295253,22.73549381223411,-0.9726900211594369,0.2222718460584211,0.06685319129732147,10.220253731749667,136.2894711377617,99.05072680611386,53.275721024350034,35.69144911103623,14.764362083779822,214870.0,719199.3877193468, 1.7763568394002505E-15, 0.0,0.0,86.4823766034614, 80.58742808484386,80.58742808484386,0.0, 128.00507407399348, 88.48753111030408, 48.46455561947603, 88.48753111030408, 496.8778341161983, -17.260559452492483, 48.46455561947603, -17.260559452492483, 866.9830191964041, 4.110580358215451, 4.554223115364616, 17.0, 0.0
2, 0 ,0.3333333432674408,0.3333333432674408,0.3333333432674408,208.0393078962823,185.80583634389848,15.933312274207614,32.75756397143515,25.70303068247373,9.713346100083895,158.0,170.0,45.0,-0.8380889400420513,0.5379506659292169,0.09064220653483598,36.93968872766331,0.5455216200768239,0.8275232377000052,0.13270815007096853,19.62479702282151,-0.0036180945190679437,0.1606685161841413,-0.987001791943276,8.853226224561727,162.48583413183314,141.1505455683996,57.3351599908671,39.15525677132307,17.17319839862832,224764.0,1314979.8380561215, 0.0, 0.0,0.0,NaN, 147.4820204138073,147.4820204138073,0.0, 1073.057997342666, -441.3882452888309, -75.4973652984593, -441.3882452888309, 660.6457862641861, 96.4018778850631, -75.4973652984593, 96.4018778850631, 94.349092460015, 2.689248290550649, 3.2473406174588915, 23.0, 0.0
3, 0 ,0.3333333432674408,0.3333333432674408,0.3333333432674408,43.69035534636971,129.65715625859252,277.1830300677697,24.081911761975494,25.540100752053025,12.951520236942631,99.0,123.0,65.0,-0.6373480784545801,0.7705440729429116,0.007018443047058022,28.44237446245019,-0.7704717025937442,-0.6373852257440952,0.010650328889120509,20.574915361638375,-0.012679999706325619,-0.001380454888366231,-0.9999186526671803,12.949181046834859,131.4319706894963,97.90909874468662,65.0641460528739,35.53656909603657,11.71022433034574,309135.0,837270.5329247328, 0.0, 0.0,0.0,NaN, 138.7099110959467,138.7099110959467,0.0, 579.9384741115737, -189.39487178292762, -4.966373900894361, -189.39487178292762, 652.2967464250195, 1.732678091230125, -4.966373900894361, 1.732678091230125, 167.74187644793452, 3.213595009741656, 3.426156820797895, 14.0, 0.0
4, 0 ,0.3333333432674408,0.3333333432674408,0.3333333432674408,21.682992690779056,91.81051080653111,150.09581161715204,13.523078087182686,20.824476994937797,16.344349951113582,53.0,89.0,73.0,0.059873270850853526,0.9980189601358385,-0.019322180182369038,20.846689263699925,0.20109557927827038,-0.031019668382338942,-0.979080358381367,16.458396796780097,0.9777401287828767,-0.054735138465426034,0.20255444992597293,13.349418714373963,88.63427911087342,82.30420136572565,61.19212228451368,28.40898630087623,8.752128640834256,190718.0,446394.91389169893, 0.0, 0.0,0.0,NaN, 177.11744059043116,177.11744059043116,0.0, 182.87364095204055, 14.741669233381595, -18.542640576340983, 14.741669233381595, 433.6588421126936, -2.129444855586742, -18.542640576340983, -2.129444855586742, 267.1377753244666, 2.655970417679179, 3.377408375584788, 15.0, 0.0
5, 0 ,0.3333333432674408,0.3333333432674408,0.3333333432674408,275.9539038704405,81.60529956912562,211.19019296486144,15.132261527316293,21.763829193355225,17.913660632775883,74.0,113.0,88.0,0.1095791540104549,0.9923563778133174,0.056755866829655,21.847197478976177,-0.09628510453177748,-0.0462337448866591,0.9942794473783816,17.921586990502842,-0.989303587202461,0.11441704526419075,-0.09048288291911605,15.002183821409428,114.6054676997102,92.21023601196578,83.6898843890979,30.310194766879516,10.239186029628,215376.0,884417.7279952933, 0.0, 0.0,0.0,NaN, 122.98301298332748,122.98301298332748,0.0, 228.98533893109683, 27.85625795874242, -7.633054584745299, 27.85625795874242, 473.66426115754115, 9.78790168704712, -7.633054584745299, 9.78790168704712, 320.8992372662645, 2.967119335712561, 3.2578942484602997, 15.0, 0.0
6, 0 ,0.3333333432674408,0.3333333432674408,0.3333333432674408,92.37582574447246,176.5633296517807,266.27928918248693,16.607162234096165,15.025699735973784,19.38156987257673,84.0,77.0,82.0,-0.0017201192234290981,0.2649165329358716,0.9642698127428313,19.694853743454413,0.9956917753789436,0.08985032966723726,-0.022908659965529172,16.623539129857654,-0.09270884333538329,0.9600761161678413,-0.2639297662854445,14.594020130616439,90.70581066340941,85.341696775119,75.11687914456307,28.286253698077484,8.780808190512131,191948.0,581478.8442342489, 0.0, 0.0,0.0,NaN, 157.81948899507452,157.81948899507452,0.0, 275.7978374695899, 5.5883883252244875, -1.7352649797624138, 5.5883883252244875, 225.77165255564265, 44.54844260267088, -1.7352649797624138, 44.54844260267088, 375.645250725574, 2.555247190275019, 2.8933940058167202, 16.0, 0.0
7, 0 ,0.3333333432674408,0.3333333432674408,0.3333333432674408,240.09983328187712,225.05875887619635,283.98503241741275,13.809928795858843,17.954622375669263,9.875937969557542,71.0,83.0,45.0,-0.48422360189390456,-0.8667959424032311,0.11913142995107394,19.62020504905793,0.8518465643988847,-0.4981292385965622,-0.16194039760673026,11.548168117324272,0.1997121280511277,0.02306633669448669,0.9795830796929815,9.607503096281583,98.15768330036346,59.97239894868232,48.92893560490273,23.09895401490147,8.778101856071267,80975.0,288032.4969439351, -2.8421709430404007E-14, 0.0,0.0,61.03838256524501, 97.26612349994379,97.26612349994379,0.0, 190.71413334669128, 105.40994125649667, -22.545402927601593, 105.40994125649667, 322.36846465288335, -26.907758990331125, -22.545402927601593, -26.907758990331125, 97.53415077854837, 2.915642146951588, 3.3139150848014562, 10.0, 0.0
8, 0 ,0.3333333432674408,0.3333333432674408,0.3333333432674408,214.93426799841168,260.5631204373988,287.80260545526744,20.213578703538854,12.295894419169649,7.346500479698851,103.0,73.0,33.0,-0.9673830018257034,-0.25262343896703127,0.018749022992205804,20.680588434211607,0.24704439202486045,-0.9572068082226075,-0.1507454631534722,11.579686633405098,0.0560285297661696,-0.14119675767084222,0.9883947993972259,7.209228277467364,106.96652891809137,68.61161678522953,38.15734336043147,22.961615204700063,9.301240780726822,65478.0,280042.33262861054, 0.0, 0.0,0.0,NaN, 94.55275069653463,94.55275069653463,0.0, 408.5887640041595, 72.40006827274134, -9.872576836808252, 72.40006827274134, 151.18901956736732, 10.069371875337861, -9.872576836808252, 10.069371875337861, 53.971069298215454, 3.3280806858714396, 3.3181093466054654, 7.0, 0.0
9, 0 ,0.3333333432674408,0.3333333432674408,0.3333333432674408,136.2724467965319,12.25756108546335,11.202995158202905,18.300034142147666,8.320666643205676,7.514858908665677,83.0,35.0,32.0,-0.9992891076498637,0.025926173743071934,0.027369925965980823,18.310944316418222,-0.011433067325452372,-0.9002127807115987,0.4353001658798477,8.54089496970818,0.035924424892695095,0.4346777921156489,0.8998692420221919,7.236040268387298,83.20603268126102,45.47135183503744,35.17776314796957,19.82028778808331,8.23128418935002,44405.0,133094.74277223734, 0.0, 0.0,0.0,NaN, 137.28049628476802,137.28049628476802,0.0, 334.8912496037703, -7.118206823824705, -7.84073494930615, -7.118206823824705, 69.23349338735562, -7.866358644845479, -7.84073494930615, -7.866358644845479, 56.473104417151895, 3.4191366984337894, 3.6114849234315187, 4.0, 0.0
10, 0 ,0.3333333432674408,0.3333333432674408,0.3333333432674408,113.94053246654049,85.44482258187713,116.75442378361863,17.81321982378447,14.785831133162802,12.364104332192957,87.0,74.0,62.0,-0.8393387984682288,-0.531842511472683,0.11248966341997411,19.906946199683873,0.29183173461394096,-0.6154235728419352,-0.7321803498201012,13.671781403528154,0.45863342666897755,-0.581719321478062,0.6717574048426819,10.276116240256371,98.33333784022227,68.81358550464495,63.38178581318705,24.881748004761167,8.34873014018383,117829.0,428883.6001770512, -1.4210854715202004E-14, 0.0,0.0,32.92963590207887, 184.1598710844793,184.1598710844793,0.0, 317.310800490468, 115.15704004813063, -44.82158681265414, 115.15704004813063, 218.62080229840637, 19.251520306794102, -44.82158681265414, 19.251520306794102, 152.87107593735266, 2.434499393715606, 2.5735846624529852, 17.0, 0.0
11, 0 ,0.3333333432674408,0.3333333432674408,0.3333333432674408,270.281307289917,280.40764985362574,116.70614771800163,16.35125001725239,12.82420433988981,15.5098863465147,67.0,57.0,80.0,-0.7701849582753373,-7.520805516810023E-4,0.6378201662077334,18.052055024889402,-0.6376941840953219,0.02081751877761857,-0.7700082846846165,13.492626835781197,0.012698725031228965,0.9997830091008687,0.016512937224914388,12.823903423235471,86.45487345783587,73.65815582236053,57.67601268786575,24.56568941756733,8.301028369991045,104185.0,367286.9936425394, 0.0, 0.0,-1.4210854715202004E-14,50.37053383573778, 122.01387542337343,122.01387542337343,0.0, 267.36337712669626, -0.14011999721722443, -70.6565607075803, -0.14011999721722443, 164.46021695124867, -0.35953159985851413, -70.6565607075803, -0.35953159985851413, 240.5565744818031, 2.3763934790647583, 2.66534623122276, 7.0, 0.0
12, 0 ,0.3333333432674408,0.3333333432674408,0.3333333432674408,96.44277215763249,281.12453570889323,161.35181639740298,19.81684754700917,12.533927280533696,18.820758196693422,111.0,54.0,101.0,-0.8972943268693749,-0.10170674171175617,0.42955631721395204,20.209913945123223,0.4243110303671972,0.06966664449779575,0.9028326025089841,18.4943038270489,0.12174990955546067,-0.9923720559018158,0.019356192508892034,12.391441528612853,93.74455236197758,108.25758184781495,61.22465879367945,28.40434468628305,9.860067028997838,165575.0,621342.0344783812, 0.0, 0.0,0.0,NaN, 169.94355024523088,169.94355024523088,NaN, 392.7074467014034, 28.83361037662474, -26.037833995025988, 28.83361037662474, 157.09933307370682, 0.719653002478885, -26.037833995025988, 0.719653002478885, 354.22093909840265, 3.6327550525024868, 3.880125144352807, 16.0, 0.0
13, 0 ,0.3333333432674408,0.3333333432674408,0.3333333432674408,246.47538608059276,79.50390295695128,156.7292081531472,18.21656675549173,23.169415550393296,16.060519108202474,99.0,117.0,80.0,0.41549007928433673,0.8318704528517734,0.3679124130665904,25.52197511488088,-0.7966017113251868,0.5280317695231276,-0.29429265007481575,17.006592223804756,-0.4390828025897609,-0.17080398135424216,0.8820613881263937,13.638548401411889,138.62310536956016,86.04129354836121,73.93878701998685,31.55515082248572,11.440185833240614,219449.0,881890.9300565714, 0.0, 0.0,0.0,NaN, 172.37248816743974,172.37248816743974,1.9073486328125E-6, 331.84330435728646, 117.429536392611, 95.3338717325612, 117.429536392611, 536.8218169468067, 126.38728557986741, 95.3338717325612, 126.38728557986741, 257.9402740249368, 2.790846721828534, 3.113693613921046, 15.0, 0.0
14, 0 ,0.3333333432674408,0.3333333432674408,0.3333333432674408,16.582695556538205,140.486875970838,191.3485719468916,10.054974410825643,14.553645188124872,14.643155288729565,38.0,66.0,64.0,0.0304997729852122,0.7004344354925819,0.7130647694452718,16.69268594069707,-0.09574158431022635,-0.7080691761841356,0.6996224630268009,12.173235760101333,-0.9949388488151514,0.08960827704016905,-0.04546475342805647,10.02495200428819,68.32856697590756,48.83146952281463,39.37119679882291,21.96233975597702,6.707363708429334,88197.0,131365.31852150316, 0.0, 0.0,0.0,NaN, 178.3723098744484,178.3723098744484,0.0, 101.10251040235849, 7.038600747266879, 0.6800933195612957, 7.038600747266879, 211.80858826183024, 65.35224522408518, 0.6800933195612957, 65.35224522408518, 214.42199680984862, 2.0667950133290685, 2.499939804583204, 6.0, 0.0
15, 0 ,0.3333333432674408,0.3333333432674408,0.3333333432674408,282.1280541341114,140.81732397988594,252.0516508952881,11.415097908790809,17.018841196673154,14.73044249154417,50.0,68.0,72.0,0.16821223110475822,-0.8836502783093588,0.4368830861346683,17.95715178403269,0.23377820828158694,-0.3947935532638124,-0.888530134342097,13.924281731761425,-0.957628526433612,-0.2515953814065876,-0.1401690743904065,10.981185273061218,78.98095496365423,66.13546691799635,51.9776174070837,24.07860691313091,7.559896895100049,112757.0,271502.0871924397, 0.0, 0.0,0.0,NaN, 149.82646416356738,149.82646416356738,0.0, 130.3044602672803, -36.771626958375705, -0.39018231486366567, -36.771626958375705, 289.64095567757937, -52.22106915631712, -0.39018231486366567, -52.22106915631712, 216.98593599669005, 2.3090612911317567, 2.7498318975896248, 6.0, 0.0
16, 0 ,0.3333333432674408,0.3333333432674408,0.3333333432674408,22.05490912032169,58.773834972210345,286.89233097997527,13.671949857643511,21.80088010681758,7.062523360575932,54.0,95.0,27.0,-0.1851403598530676,0.9823473088192183,-0.026773345123767944,22.0495400361557,0.9823620863184552,0.18573278849738095,0.021634755395880854,13.281218857001159,-0.026225531787345796,0.022295652774182273,0.9994073870798855,7.0361091824130595,96.81616088592357,60.93709491196065,28.917066090690412,24.938544123683275,9.494674273058497,86543.0,170601.8871440044, 0.0, 0.0,0.0,NaN, 64.12950709918782,64.12950709918782,0.0, 186.92221290991841, -56.26823964720418, 4.861209377802466, -56.26823964720418, 475.27837343183444, -10.97502288722319, 4.861209377802466, -10.97502288722319, 49.87923621868076, 2.9255672029356012, 3.711233773456759, 7.0, 0.0
17, 0 ,0.3333333432674408,0.3333333432674408,0.3333333432674408,253.69181487994004,13.817077916462482,69.5251289959932,27.510802941956808,9.240803519705029,28.74654151188529,113.0,40.0,132.0,-0.6558103207731397,-0.019400361362360376,0.754676387033834,32.2230415278731,-0.7535189264615791,-0.044178199979354654,-0.6559401757102346,23.369731962061184,-0.04606572078694616,0.9988352780241566,-0.01435398003290799,9.172327938418787,153.24362366031067,120.71718829055297,42.34316512756643,38.319858690195666,14.148809386622384,277528.0,783312.1131349595, 2.8421709430404007E-14, 1.7763568394002505E-15,0.0,52.984423698023186, 84.67055694379737,84.67055694379737,0.0, 756.8442785111794, 27.52014814431336, -243.89748319799543, 27.52014814431336, 85.39244968979285, -0.5820072258984497, -243.89748319799543, -0.5820072258984497, 826.3636488945442, 3.8267013681613022, 3.7468936376735265, 10.0, 0.0
18, 0 ,0.3333333432674408,0.3333333432674408,0.3333333432674408,275.4245320015225,67.73248249691461,271.3778128928823,14.711963607235038,18.36215392246438,14.938783399571012,57.0,79.0,62.0,0.07592886028480457,0.98616997269036,0.14732139403272787,18.451369505902317,0.28432116808803365,-0.1630271606928123,0.9447664358207783,14.868616593605113,-0.9557176787906075,0.029848447871465907,0.2927674650755401,14.671367463914523,82.81439711098727,69.4086887641057,66.56917647451309,26.781028595608458,7.717144982020303,173398.0,382642.20355214487, 0.0, 0.0,0.0,NaN, 77.52981624725994,77.52981624725994,0.0, 216.4418731806082, 9.105040230882949, 2.9656862219646793, 9.105040230882949, 337.168696672274, 17.29268276832589, 2.9656862219646793, 17.29268276832589, 223.16724945929846, 2.790681243303398, 3.1960892980846762, 10.0, 0.0
19, 0 ,0.3333333432674408,0.3333333432674408,0.3333333432674408,160.00171656260562,16.543598911361332,97.94699112368144,17.11092760713831,9.247825088639262,19.350021304958773,78.0,38.0,91.0,0.5894297406199764,0.08233623725468962,0.80361267094752,21.614048014406645,-0.7896048810029098,-0.15133589823892712,0.5946608931152255,14.336641394166596,-0.17057758577564666,0.9850473034016979,0.024188784425745395,8.945561967542645,95.33264997105526,65.904363534146,45.87563891757945,25.814820120063494,9.291097842444946,112434.0,288229.190049691, 0.0, 0.0,0.0,NaN, 171.65903151462652,171.65903151462652,0.0, 292.783843576728, 33.787280408151844, 124.44396028526317, 33.787280408151844, 85.52226887006576, 14.320293234357132, 124.44396028526317, 14.320293234357132, 374.42332450235847, 2.8717532730552406, 3.1803339399924875, 9.0, 0.0
20, 0 ,0.3333333432674408,0.3333333432674408,0.3333333432674408,66.89001158244332,269.00957311337356,251.80373837756207,21.298451761809265,15.846141551684797,13.092576932978078,97.0,69.0,70.0,0.9512114954934666,0.06242431744260253,0.3021587255614302,22.00447087512296,-0.15961119237999477,0.9376554363329704,0.3087499797283604,16.334556598961633,-0.2640472649131568,-0.3419144444258705,0.9018722495923851,11.185943969700624,102.04212273252332,74.68529724402731,63.41066291417762,28.028843129980732,9.514398197838817,156271.0,483255.59593384335, 0.0, 0.0,2.8421709430404007E-14,72.41269258032374, 88.07701086261513,88.07701086261513,9.5367431640625E-7, 453.6240474501161, 0.11547595313708776, 96.2205761480615, 0.11547595313708776, 251.10020207603145, 47.79292771779278, 96.2205761480615, 47.79292771779278, 171.41557074594965, 2.95944195761253, 3.0914849315243074, 14.0, 0.0
21, 0 ,0.3333333432674408,0.3333333432674408,0.3333333432674408,215.6967257075744,44.60694234176743,280.7770589073925,20.42477784247026,17.009429009534962,11.899175731164265,86.0,87.0,48.0,-0.8352744001378544,-0.5332187761495596,0.13414325639373179,22.56012588105198,0.5485937084027172,-0.8245815714503891,0.13823955702099677,14.341200421749164,0.0369001297464226,0.18905810954828958,0.9812723432557979,11.55219887814058,103.22581609501194,67.16818925219891,56.753509762322494,27.495232596746728,9.596603184275477,147299.0,393499.9577356094, 0.0, 0.0,0.0,NaN, 97.2951325902564,97.2951325902564,0.0, 417.171549914264, 134.57637409820435, -36.59737828830325, 134.57637409820435, 289.32067523040956, -35.091050315607696, -36.59737828830325, -35.091050315607696, 141.59038308112864, 2.964310331417935, 3.158008429733548, 9.0, 0.0
22, 0 ,0.3333333432674408,0.3333333432674408,0.3333333432674408,214.41688188264223,25.433380792724936,163.66111874622416,24.91346616813649,15.471749094124947,20.708898280785572,116.0,67.0,96.0,-0.9447181739356374,0.197594561133975,0.261656189007612,25.65730532922448,-0.22377323332693694,0.1947252040696894,-0.9549909083056376,20.40164017642647,0.2396520642141932,0.9607489184538749,0.13974406537519454,14.642064263652577,118.34173866787457,101.95547392891822,73.03685224965972,34.20600972197088,10.902439334716215,283049.0,881232.5718194033, 0.0, 3.552713678800501E-15,0.0,78.60366935462311, 162.9712168045896,162.9712168045896,0.0, 620.6807965108816, -91.65958921169029, -66.5972170536448, -91.65958921169029, 239.3750200315561, -14.582924208747146, -66.5972170536448, -14.582924208747146, 428.8584680039236, 2.4315250678445004, 2.8634604598337536, 17.0, 0.0
23, 0 ,0.3333333432674408,0.3333333432674408,0.3333333432674408,16.151430484266903,272.62532470430705,270.3438964516849,10.250824073324218,16.245229812637195,16.671980749269725,41.0,66.0,66.0,0.1772229909167866,0.2532911646467674,0.9510181898378142,16.816887189301926,-0.11370936429446654,-0.9545730539476236,0.2754277857240539,16.34281895153132,-0.9775797624553487,0.15695180976653694,0.1403707143557801,9.851213221295195,78.39195159022734,79.17995588910279,44.484314216931246,24.261178057493428,7.637870594229509,112025.0,276117.3086959648, 0.0, 0.0,0.0,NaN, 43.470979191882904,43.470979191882904,0.0, 105.0793941822433, 26.795590196082546, 25.98315680065785, 26.795590196082546, 263.9074916653963, 0.04044066740968816, 25.98315680065785, 0.04044066740968816, 277.9549421040203, 2.7233026288258553, 3.0429002689333142, 6.0, 0.0
24, 0 ,0.3333333432674408,0.3333333432674408,0.3333333432674408,51.21053995335951,9.754300292997947,280.1478543381635,16.66372098624255,6.46848267041682,11.368674522995637,70.0,26.0,45.0,-0.9982791678666736,0.0445710534788689,0.03810674737111283,16.68308778840745,-0.04381076919184153,-0.13493167689265623,-0.989885881843839,11.433816825392627,0.038978449253929945,0.9898519403237636,-0.13665217426385567,6.30159029311584,70.40146578019807,48.126712343297015,29.05296026500351,19.94680134687913,7.133914886144579,50171.0,98436.98117047455, 0.0, 0.0,0.0,NaN, 55.78327225879982,55.78327225879982,NaN, 277.6795971073403, -10.078963424985286, -5.129791819457865, -10.078963424985286, 41.84126805748271, 12.56282713971286, -5.129791819457865, 12.56282713971286, 129.24676040981007, 3.1246227825737702, 3.5250420026274845, 5.0, 0.0
25, 0 ,0.3333333432674408,0.3333333432674408,0.3333333432674408,79.98012524622938,279.07494193396644,10.824684679387293,10.09737170922642,12.078750571112137,7.1810969356068215,55.0,48.0,28.0,-0.49177061955798207,-0.8688062273624501,-0.057770208895114146,12.963583091765681,0.8342074733770873,-0.45109537356316176,-0.317192142575643,9.157406691282251,0.24951863477779337,-0.20417811647220757,0.9466000991192044,6.892655519127273,57.774867432284054,43.27770904403391,32.1761579500598,16.438095859932613,5.40465433600212,34013.0,80452.10386886401, 0.0, 0.0,0.0,NaN, 83.37776854700284,83.37776854700284,0.0, 101.95691543428607, 37.82505691198557, -6.193529331630134, 37.82505691198557, 145.89621535914176, 11.251341509194665, -6.193529331630134, 11.251341509194665, 51.56815319858168, 2.72737072790969, 2.5364921020555724, 5.0, 0.0
26, 0 ,0.3333333432674408,0.3333333432674408,0.3333333432674408,43.9089567228681,279.33900419989044,18.011077971878994,12.08251469026189,12.75148963550288,11.377987906035463,62.0,56.0,45.0,0.4674992501380434,0.7971857123612411,0.3820201449236255,12.935273910760117,0.6951012354916452,-0.5984978628488119,0.39828956876045907,12.451894171582893,0.5461489939003414,0.07934259998579025,-0.833922075669627,10.755244225396735,71.12581668199752,73.65015576319792,56.40018113987682,19.969442334803286,6.266388975443813,65716.0,295448.2586142451, 0.0, 0.0,0.0,NaN, 51.76168619405625,51.76168619405625,0.0, 145.98716124039436, 2.8672357131892894, 20.12454013491023, 2.8672357131892894, 162.6004879243374, 6.342446359219706, 20.12454013491023, 6.342446359219706, 129.45860878988924, 3.2459527562032315, 3.4166102968840004, 5.0, 0.0
27, 0 ,0.3333333432674408,0.3333333432674408,0.3333333432674408,17.61420657327012,245.19825014648697,20.8222713471475,10.064738486441378,14.429547537647244,12.477374203272271,41.0,66.0,47.0,0.17566409206386685,-0.9664236808553744,0.18752971988814837,14.568145433107151,0.3175036270305484,0.23593007952216166,0.9184380460320192,12.757002119030695,-0.931844178809861,-0.10179521923261643,0.3482874671296107,9.498615979449102,69.86511069333685,63.09326543106697,48.38958189306301,20.63176522588551,6.286965374016572,75092.0,213302.14670729943, 0.0, 0.0,0.0,NaN, 61.21322605668719,61.21322605668719,0.0, 101.29896080045427, -15.280478523095248, 25.165799298551953, -15.280478523095248, 208.2118421412216, -6.3981536454614325, 25.165799298551953, -6.3981536454614325, 155.68486700848433, 2.407035243486673, 2.805040345862363, 6.0, 0.0
28, 0 ,0.3333333432674408,0.3333333432674408,0.3333333432674408,256.29154444159406,230.1536634060921,26.89308141026356,17.36125733629854,11.989794737030985,12.945567092863335,79.0,65.0,58.0,-0.9832620071239871,0.12496602327170284,0.13258702189190505,17.5594217031687,0.025479280739763452,-0.6262491413456139,0.7792065318109607,14.376404517076807,0.1804068502011289,0.7695424003857989,0.6125829432892905,9.886447496487476,80.65099008010682,63.94794715753048,53.2026679688845,23.410450893162334,8.04406181403408,89657.0,274390.9113549787, 0.0, 0.0,0.0,NaN, 86.67281956086168,86.67281956086168,0.0, 301.4132562971799, -27.614560020654768, -25.29150267110041, -27.614560020654768, 143.7551778361359, -49.670588828417465, -25.29150267110041, -49.670588828417465, 167.58770735582607, 2.9138188022149007, 3.215507202983252, 8.0, 0.0
29, 0 ,0.3333333432674408,0.3333333432674408,0.3333333432674408,7.317114858705561,26.0672515952598,24.16428896991796,4.666020682996575,16.530086751617276,14.695292098616303,18.0,66.0,62.0,-0.027491613695820403,-0.8982268794727427,0.438671499152906,17.060332908347227,0.053845207414477805,-0.43953090248842747,-0.8966121120061894,14.101773059755574,-0.9981707793834137,0.001028955959559615,-0.060448626409056176,4.588263780703545,77.10475014827546,58.329640389950086,18.275490896704085,21.169197577500558,7.9266765304591225,43880.0,82193.88047311509, 0.0, 0.0,0.0,NaN, 36.2898696196027,36.2898696196027,0.0, 21.771749014151826, 2.4592569291695527, -11.840430287520666, 2.4592569291695527, 273.243768015993, -36.3161991055203, -11.840430287520666, -36.3161991055203, 215.95160986365477, 3.714526817542157, 3.393687458978578, 7.0, 0.0
30, 0 ,0.3333333432674408,0.3333333432674408,0.3333333432674408,109.73256349065473,259.7166965794266,34.853779197812095,21.11844472370606,20.007982912296992,20.617376903981956,113.0,90.0,88.0,-0.7204797783653815,-0.06966954475539089,0.6899674220571196,25.295307300284126,0.14643640303200658,-0.987790124092457,0.053170016103592295,20.06332805162393,0.6778386746369808,0.13934426891331078,0.721884967212503,15.132567999019798,127.61773701465918,98.71147473647702,81.9983499859548,33.900287155689746,11.052368476030614,304218.0,1032960.6861266892, 0.0, 0.0,0.0,NaN, 121.97854708543791,121.97854708543791,0.0, 445.9887075482282, -4.479433442447212, -202.8893963481633, -4.479433442447212, 400.3193802187684, -28.8644202054396, -202.8893963481633, -28.8644202054396, 425.0762304008486, 3.4959276487255364, 3.627003069026028, 11.0, 0.0
32, 0 ,0.3333333432674408,0.3333333432674408,0.3333333432674408,37.62629401925772,206.14387911938883,59.040459292075404,12.830394513623883,12.11673555234256,14.554459767526463,57.0,62.0,72.0,0.5279644970443151,0.09558355958098026,0.8438704124440983,15.6186031046271,0.2997994780677683,-0.9506512784518834,-0.07989004774121372,12.13486068125523,0.7945903112995004,0.295171018082109,-0.5305660253666208,11.492214593011955,81.10356142370415,59.644490007974184,59.13380743916308,21.858820301483647,6.7422976775440295,88484.0,286052.73048273736, 0.0, 0.0,-7.105427357601002E-15,32.448888857272486, 117.09178135889273,117.09178135889273,0.0, 164.61902337522983, 1.3180083499935944, 49.478073633776155, 1.3180083499935944, 146.81528044540215, 10.176607214328058, 49.478073633776155, 10.176607214328058, 211.8322991245465, 3.5112735408942517, 3.4717461233183715, 10.0, 0.0
33, 0 ,0.3333333432674408,0.3333333432674408,0.3333333432674408,197.7730260962424,208.25370419809116,58.85475205232597,13.708673994037568,9.756900832581893,12.958501304824022,65.0,49.0,62.0,-0.8135649772703705,0.39107873364143,-0.4303132020429743,14.302443985275737,0.5241080668530405,0.17267901214184175,-0.8339620453145854,13.21576768096726,-0.25183876194627125,-0.9040129329047973,-0.3454531156643924,8.475328503929294,66.36241771369026,68.32017940102497,39.92491407839751,20.103444849668062,6.848293055582856,59932.0,181015.2598668361, 0.0, 0.0,0.0,NaN, 149.43767539021633,149.43767539021633,0.0, 187.92774267480192, -32.92407831865097, 1.5231627872885989, -32.92407831865097, 95.19711385683725, -37.14407169718389, 1.5231627872885989, -37.14407169718389, 167.92275606712587, 1.9631710422876034, 2.3788670562091347, 9.0, 0.0
34, 0 ,0.3333333432674408,0.3333333432674408,0.3333333432674408,255.7221842884918,211.07937922414592,68.96296060549949,19.939089207736533,15.290517720402375,17.573264757593844,93.0,77.0,85.0,-0.7037843388039785,0.506700310813236,0.49793814824335025,22.946303540090287,0.664639687520639,0.22210180426713982,0.7133897071823708,17.09743773576376,-0.25088182522198405,-0.8330219586319747,0.49308490770883934,11.015063392928155,109.108594436137,88.4184020043486,59.55103878869497,28.97350703266179,10.036071694664823,172816.0,574501.2319049414, 0.0, 0.0,0.0,NaN, 120.92680306210532,120.92680306210532,1.9073486328125E-6, 397.56727843407543, -119.25663667756191, -60.92437794167752, -119.25663667756191, 233.79993215793908, 129.3271173179364, -60.92437794167752, 129.3271173179364, 308.81963424048985, 2.4292871153207853, 2.7877891638165195, 13.0, 0.0
35, 0 ,0.3333333432674408,0.3333333432674408,0.3333333432674408,116.33943761109984,211.3431717588671,166.55302370527673,11.11450714223524,13.979685910023116,12.603549973077254,54.0,65.0,57.0,0.2471952989344234,-0.8067716839229367,0.5366692968717979,15.065044531711791,-0.32995421460920515,-0.590842855160161,-0.7362302199501269,11.69023210601024,-0.9110569139446469,-0.004916352950919341,0.41225129354232276,10.6862652805693,71.48949862158318,55.41609360136658,47.99022912992186,21.00392792977212,6.053789771922734,83821.0,190121.39091154336, 0.0, 0.0,0.0,NaN, 197.99745811411105,197.99745811411105,0.0, 123.53226901479816, -18.10797918043557, 20.416200827208765, -18.10797918043557, 195.43161814289883, -39.049041730381504, 20.416200827208765, -39.049041730381504, 158.84947192385565, 3.1052881055611032, 3.072387372817722, 9.0, 0.0
36, 0 ,0.3333333432674408,0.3333333432674408,0.3333333432674408,9.18925114053633,17.95437854678981,195.18431067096918,6.033356719780756,10.451671753338967,17.264843147984294,25.0,42.0,82.0,0.04898974388133856,0.0772768245637518,0.9958053511504064,17.317962828139088,0.10481443523257904,-0.9918952879987178,0.07181693263302821,10.433030347277576,0.9932844200737853,0.10085648234637487,-0.05669242283938045,5.912164233861014,83.28991976663605,46.253951722455945,27.74973994469238,19.680175341819943,7.510282497177563,44935.0,106905.53813799347, 0.0, 0.0,0.0,NaN, 106.73860957987591,106.73860957987591,0.0, 36.4013933081236, -6.6793598567241865, 13.482021187361429, -6.6793598567241865, 109.23744243954366, 15.125377475809156, 13.482021187361429, 15.125377475809156, 298.07480892450025, 2.84514393003748, 3.585111765539989, 7.0, 0.0
37, 0 ,0.3333333432674408,0.3333333432674408,0.3333333432674408,64.77669783895486,98.14475850232917,221.2274000910651,12.064904416086257,13.513413069124777,17.615474211555288,56.0,71.0,88.0,0.23525216975883162,0.31257702848691865,0.9202999608204109,18.233461240431435,-0.47572544685413526,-0.7886660262615693,0.38947554253921984,13.723419040686428,-0.8475504208241509,0.5294350765514828,0.03683454733983269,10.848402835047624,85.45409743157884,69.9305820277857,53.66009944995948,24.07922313649196,7.659647262576095,114204.0,320664.9612593664, 0.0, 0.0,0.0,NaN, 141.53987671611455,141.53987671611455,0.0, 145.5619185692977, 42.29804237440371, 33.40929527093892, 42.29804237440371, 182.6123327767923, 40.082533201065715, 33.40929527093892, 40.082533201065715, 310.3049316979694, 2.5820324584541106, 3.0076131313352485, 8.0, 0.0
38, 0 ,0.3333333432674408,0.3333333432674408,0.3333333432674408,96.95363428943938,289.1226097348979,233.2093654932638,12.124483185144246,6.8755279905836035,10.977573602407798,57.0,28.0,52.0,-0.9399023415084004,0.11839246779860614,0.32026053768078055,12.294657704459247,0.3335951937547113,0.11846465747490306,0.9352434825397661,10.903382779777111,0.07278622899136378,0.9858749152392049,-0.15084036718102634,6.688851601004884,59.610824945545126,50.18532117921541,30.344999282162888,16.89835891993965,5.406344945091468,36816.0,90779.74771853117, 0.0, 0.0,0.0,NaN, 118.23414768467745,118.23414768467745,NaN, 147.00309250684558, -8.91182380439298, -8.901146596669909, -8.91182380439298, 47.2728851492986, 12.249536184360279, -8.901146596669909, 12.249536184360279, 120.50712219628053, 2.776826618025577, 2.761415924771727, 7.0, 0.0
39, 0 ,0.3333333432674408,0.3333333432674408,0.3333333432674408,249.85132788960203,286.67075506569444,268.8383122192726,17.68382644141809,8.414208740385801,14.894286447310932,82.0,36.0,62.0,0.8908825444898015,0.047667810592620756,0.4517256598386714,18.563966436025613,-0.45306287347755403,0.02189093309744926,0.8912097506896933,13.8064519062283,-0.032593321396243505,0.998623335838608,-0.04109876541858814,8.373615171158281,87.8490863076222,68.55693770992823,38.4460371431787,23.30228144331518,7.896839535407793,89277.0,231547.57683448493, -2.8421709430404007E-14, 0.0,0.0,27.015642642216367, 60.527752893184896,60.527752893184896,NaN, 312.7177176101976, 10.462055534874159, 61.81459858738967, 10.462055534874159, 70.79890872678482, 8.261717456604496, 61.81459858738967, 8.261717456604496, 221.83976877455012, 2.573759249970388, 2.9328320771457483, 4.0, 0.0
40, 0 ,0.3333333432674408,0.3333333432674408,0.3333333432674408,220.64587583268644,14.025996064484682,261.49919664939614,13.068020403417265,9.32021659500373,13.09230081617896,63.0,39.0,63.0,-0.6682159369576919,-0.3374812209594235,0.6630187682829873,15.633034789538584,-0.6936404389035888,-0.03959602680698492,-0.7192322963957726,10.868678127115858,-0.26898030246356314,0.9404991122594625,0.20763192607538242,8.156469477749715,82.70896032449885,54.33187157732743,40.56830082036322,19.564798365786906,6.801955616536719,55393.0,182303.0963549201, -2.8421709430404007E-14, 0.0,0.0,48.07048115072487, 89.30911177816196,89.30911177816196,0.0, 170.7731572641299, 41.52733989494951, -53.0579813067616, 41.52733989494951, 86.86643737778292, -38.32864880355053, -53.0579813067616, -38.32864880355053, 171.4083406613203, 2.7554651231943983, 2.8066235835752864, 7.0, 0.0
42, 0 ,0.3333333432674408,0.3333333432674408,0.3333333432674408,42.91620920802185,41.11479683319081,116.78647485586605,15.366854473859474,12.347296582229982,8.572596627842833,77.0,61.0,39.0,-0.9909870489435892,-0.04737356812521398,0.12530129236828497,15.462030870882563,-0.03472121140726529,0.9942499426913747,0.10129900757959041,12.370470545120822,0.12937969819291079,-0.0960353919202897,0.98693368429405,8.365549718589813,77.52846153622136,60.985000111677685,37.991652016570484,20.53158757740109,6.36704592456446,72502.0,179627.31306987398, 0.0, 0.0,0.0,NaN, 131.03933852351776,131.03933852351776,0.0, 236.14021642077495, 5.071410316427591, -21.28857362901156, 5.071410316427591, 152.4557328895482, 7.360392399859725, -21.28857362901156, 7.360392399859725, 73.4894129437023, 2.0759190783640005, 2.289263418119273, 8.0, 0.0
43, 0 ,0.3333333432674408,0.3333333432674408,0.3333333432674408,277.8422088476458,180.477117530677,99.16573627389378,14.121356958959009,18.146887671560208,19.253521020265996,60.0,81.0,97.0,-0.21442154133821137,0.5488331936023685,0.8079638161516706,20.7107986688443,-0.20974038775314116,-0.8337789842658928,0.5107069366492859,16.937985693761807,-0.9539561689906445,0.05995607556170259,-0.29389266177965667,13.549457012770125,96.63537584753144,79.00117152060331,66.01774478138213,28.630388936197264,8.928670425464666,192571.0,503999.79067579063, 0.0, 0.0,0.0,NaN, 156.87743748949498,156.87743748949498,0.0, 199.41272236234002, -10.806992261102947, -53.57139931547982, -10.806992261102947, 329.3095321642238, 64.80699750684872, -53.57139931547982, 64.80699750684872, 370.6980716778246, 2.3112250743026768, 2.575045974843603, 10.0, 0.0
44, 0 ,0.3333333432674408,0.3333333432674408,0.3333333432674408,269.6016487169259,279.39017417896554,207.60009750476445,8.809621569471664,11.345993932625966,10.807807325646243,45.0,46.0,45.0,-0.18153581455702503,-0.9804249489484468,-0.07623429354662681,11.404850579224938,0.3486935668407871,-0.13666146746416452,0.9272197364996018,11.145283637574924,-0.91948765324879,0.14174118240644443,0.3666768232831958,8.298297753656197,48.977066662027994,46.17634340836656,39.787904314021276,17.28264529510142,4.945693208082856,45126.0,89983.60221908202, 0.0, 0.0,0.0,NaN, 99.43121573344855,99.43121573344855,0.0, 77.60943219730038, 8.256233015137274, 18.744412373034624, 8.256233015137274, 128.73157831918522, -2.4395230414038136, 18.744412373034624, -2.4395230414038136, 116.80869918829258, 2.3992992030306497, 2.556953639737805, 3.0, 0.0
45, 0 ,0.3333333432674408,0.3333333432674408,0.3333333432674408,120.01065557035496,117.95855410910293,230.48644234228104,13.841499188108376,13.862415533243144,12.91498463261868,63.0,65.0,59.0,0.7087285020485325,-0.4945386147182535,0.503125698942714,15.836003206449991,-0.27127844680615765,-0.8493731052297322,-0.4527398065233948,13.247493444186235,0.651238753977742,0.184382446737626,-0.736132595836215,11.147888236927685,73.23711395907166,58.05458469372593,56.9449156137608,22.545350437339394,6.500589658563237,102857.0,242115.5583463353, 0.0, 1.4210854715202004E-14,0.0,60.360669327803116, 182.06842844427902,182.06842844427902,0.0, 191.5870997744048, -32.536604949624376, 51.39943668581449, -32.536604949624376, 192.1665644163008, -11.779347018626495, 51.39943668581449, -11.779347018626495, 166.79682806077665, 2.206496763974247, 2.4956563509927814, 10.0, 0.0
46, 0 ,0.3333333432674408,0.3333333432674408,0.3333333432674408,100.14978733805916,177.39406013199707,30.503392813493033,17.50169453202508,19.596251965439688,15.521001163662456,93.0,91.0,69.0,0.5607224171957442,0.7900538062063953,0.24780103743315818,21.795048434064277,-0.6314298772164149,0.6015993133298039,-0.4892592118290386,15.271997731202996,-0.5356180364892736,0.11786962925154373,0.8361937990008527,14.93204034158261,101.80488147344678,77.86830118950307,81.14071233875117,29.110045473781135,9.155825043218625,204550.0,643232.7062433625, 0.0, 0.0,0.0,NaN, 161.22237241744423,161.22237241744423,0.0, 306.3093114923166, 107.76153699152086, 38.19504545386117, 107.76153699152086, 384.0130910929989, 46.324717781805624, 38.19504545386117, 46.324717781805624, 240.90147712241134, 2.9052935294448177, 2.9820340391498386, 12.0, 0.0
47, 0 ,0.3333333432674408,0.3333333432674408,0.3333333432674408,81.71918238698723,209.90127857564985,67.2400776713601,13.800629479563788,12.752189673548973,15.938232854170739,71.0,67.0,80.0,-0.426684924746417,-0.20428035029266792,0.8810275327584544,16.655792840341245,-0.8455300873496202,-0.25561802762859875,-0.4687625148599328,13.160895225587671,-0.3209654909498655,0.944949185107628,0.06365682354423434,12.509132013728317,83.82309451730252,67.03336575174117,57.6723439128543,23.493606289351142,7.426536577484489,106603.0,324057.6796316898, 0.0, 0.0,0.0,NaN, 138.98572738792595,138.98572738792595,0.0, 190.45737403220508, 14.15734712382353, -38.83150600667843, 14.15734712382353, 162.61834147016904, -19.761089487044437, -38.83150600667843, -19.761089487044437, 254.02726651376753, 3.289086219186225, 3.5208282943601437, 10.0, 0.0
48, 0 ,0.3333333432674408,0.3333333432674408,0.3333333432674408,159.66036071734433,62.10472136651626,81.79763867762539,20.55394886145306,15.627853656831093,19.290338703967727,95.0,73.0,94.0,0.749189658164142,-0.16575946172500197,0.6412789228943472,24.560785758508963,0.22736645578664774,-0.8449900570115992,-0.484041628720663,15.892961879280698,0.6221087934460616,0.5084442982276143,-0.5953696706391024,13.52750371135436,110.07857935004229,77.46420355327759,68.00608263775038,30.67448546255147,9.89382295373909,234699.0,579898.0320399718, 0.0, -7.105427357601002E-15,0.0,80.4586440240886, 173.90533189995614,173.90533189995614,NaN, 422.46481379922744, -65.55782660220507, 194.24032131329537, -65.55782660220507, 244.22980991932897, -16.20635947924207, 194.24032131329537, -16.20635947924207, 372.11716731379533, 2.2061238459296835, 2.5772355344282034, 13.0, 0.0
