// Sample: .//bubblelabels.tif, Map: .//bubblelabels.tif, Thickness:(8.191250068658265):/gpfs/home/mader/Foam/NewValid/InSilicoTest/LatticeDataPhi_16.0/out_Step_02000.vtk/distmap.tif, Neighbors:(1.0):
//LACUNA_NUMBER, TRIANGLES, SCALE_X, SCALE_Y, SCALE_Z, POS_X, POS_Y, POS_Z , STD_X, STD_Y, STD_Z,PROJ_X, PROJ_Y, PROJ_Z, PCA1_X, PCA1_Y, PCA1_Z, PCA1_S, PCA2_X, PCA2_Y, PCA2_Z, PCA2_S, PCA3_X, PCA3_Y, PCA3_Z, PCA3_S,PROJ_PCA1, PROJ_PCA2, PROJ_PCA3,OBJ_RADIUS, OBJ_RADIUS_STD, VOLUME, VOLUME_BOX, Mask_Grad_X,Mask_Grad_Y,Mask_Grad_Z,Mask_Angle, Mask_Distance_Mean,Mask_Distance_COV, Mask_Distance_STD, SHAPET_XX, SHAPET_XY, SHAPET_XZ, SHAPET_YX, SHAPET_YY, SHAPET_YZ, SHAPET_ZX, SHAPET_ZY, SHAPET_ZZ, Thickness, Thickness_STD, Neighbors, Neighbors_STD
1, 0 ,1.0,1.0,1.0,170.2913202291107,61.84115749228955,167.6839636720249,12.884074352660841,12.42868985688439,11.007823067293769,60.0,62.0,60.0,-0.8041000083440278,-0.594424490582023,0.009094040765090202,13.409270668855594,-0.5893747281364636,0.7950792658884336,-0.1431306773140516,11.877904529160224,0.07784989669359758,-0.12045117662610222,-0.9896620168694885,10.988663080187813,68.88842645743225,61.175629144162116,58.88472567841802,20.120950845313434,6.065575755424341,70359.0,248157.4771809573, 0.0, 0.0,0.0,NaN, 75.83706625171105,75.83706625171105,0.0, 165.99937192489287, 18.699808054130134, 1.2834576474151838, 18.699808054130134, 154.4723315586209, -2.633252632945891, 1.2834576474151838, -2.633252632945891, 121.17216868084479, 5.899760266572034, 4.241080243089774, 28.0, 0.0
2, 0 ,1.0,1.0,1.0,41.602804357621864,8.883081082513849,26.234898083600605,14.146158199369694,5.875776606237026,12.11377349061794,74.0,23.0,55.0,0.8641120141196464,-0.02110504682500067,0.5028568425035125,15.09518947318637,-0.49825915016785355,0.10517401029784389,0.8606254974330457,10.956120744156047,0.07105101215391986,0.9942298549914823,-0.08036634317623272,5.786252994647885,80.05681305179122,54.061258991896906,25.159730179342635,18.31070890878852,6.789697339914053,37727.0,108890.61037190405, 0.0, 0.0,0.0,NaN, 49.979719260856065,49.979719260856065,0.0, 200.1137918015944, -8.08087125874125, 47.34823727788498, -8.08087125874125, 34.5247507264023, 5.771679048075929, 47.34823727788498, 5.771679048075929, 146.74350818199795, 6.237355420029659, 4.244423752686276, 16.0, 0.0
3, 0 ,1.0,1.0,1.0,169.8331934536299,40.40004959371304,11.86813794682028,15.005882871338311,11.605584690118668,8.216658380878664,65.0,62.0,31.0,0.928789282540238,0.3661324571992625,0.05742379666671232,15.567692548638739,-0.3676573227837638,0.9297803925909343,0.018344333101082178,10.86778673689714,0.046675064454856724,0.038150299326195944,-0.9981813427526366,8.180327123549857,74.03305187482158,65.4295430354887,33.7643816866809,19.491831514093576,6.888257829240348,52426.0,163552.93459038588, 0.0, 0.0,0.0,NaN, 51.798194203131715,51.798194203131715,NaN, 225.17652074832452, 42.15933761295976, 9.011518451625975, 42.15933761295976, 134.68959599951683, 4.561601931128388, 9.011518451625975, 4.561601931128388, 67.51347494806359, 6.0707771385269265, 4.056223501851024, 14.0, 0.0
4, 0 ,1.0,1.0,1.0,9.39628471583594,29.770682361596467,135.1250689718595,6.162258903165058,10.68930256846112,10.73794522036092,24.0,53.0,57.0,0.030173155366113678,-0.6988171475224859,0.7146636796590325,11.83018446837493,-0.026244623807603375,-0.7152966074203879,-0.6983279910859082,9.473125064586469,-0.9992000802724392,-0.002314679549932271,0.03992294881557951,6.151806945942192,67.25614846433226,47.57644874720076,25.18428763672226,15.460346226264202,5.340017444659889,27185.0,80584.90269203606, 0.0, 0.0,0.0,NaN, 71.99541909484319,71.99541909484319,0.0, 37.97343478963702, -1.178795699153172, 3.152938457463928, -1.178795699153172, 114.26118940010947, -25.07262534594189, 3.152938457463928, -25.07262534594189, 115.30346755547193, 6.1415184299494605, 4.11655514050564, 13.0, 0.0
5, 0 ,1.0,1.0,1.0,59.08441391556272,74.2789888086727,142.6392374009953,9.94493144615611,9.834092051544722,10.694821532179974,52.0,56.0,57.0,-0.603822429334325,0.322390614611423,0.7290149281347146,11.621427568913075,0.24116365767381223,-0.7978165819266124,0.5525656448064112,9.943059214428093,-0.759762175980209,-0.5094634365814741,-0.40399064684273533,8.721710283600565,55.04796612739946,52.90306635511789,48.82212657292057,16.891094637575364,4.968013435632024,42801.0,142180.09993485146, -7.105427357601002E-15, 0.0,0.0,52.85584768728391, 110.89902268335747,110.89902268335747,1.3486991523486091E-6, 98.90166146874465, -15.869348533112147, -22.92905690824522, -15.869348533112147, 96.70936647825508, 3.8145105533682795, -22.92905690824522, 3.8145105533682795, 114.37920760518041, 5.930331989603007, 3.8648070022557497, 21.0, 0.0
6, 0 ,1.0,1.0,1.0,29.212279502701296,106.69156414762742,173.97710408123413,12.347515433222537,12.375464323048915,9.946524977751135,60.0,59.0,50.0,-0.6985361969431463,0.715204486546947,0.023015733386625787,12.740304521934275,-0.7086030519153302,-0.6958514698377559,0.11692923817811869,11.998183091359024,0.09964384765998446,0.06537028642856978,0.9928735212884672,9.913367586867736,65.85440778994806,60.89977143046323,49.75285042018609,19.256937149793515,5.806632873416394,61452.0,199534.72117184664, 0.0, 0.0,2.8421709430404007E-14,88.6811791618964, 101.17812306501438,101.17812306501438,0.0, 152.46113737366872, -9.46962595693863, -4.814608519489863, -9.46962595693863, 153.15211721105655, -2.6627281332469357, -4.814608519489863, -2.6627281332469357, 98.93335913302722, 5.946009365784398, 3.7514254280629027, 27.0, 0.0
7, 0 ,1.0,1.0,1.0,136.41480787253982,16.58751640112465,180.48605435801312,13.337970196231936,9.989329720493082,9.561676791420462,67.0,42.0,39.0,-0.9575614644129248,-0.2880349923967606,-0.010577571856201548,13.626833765100546,-0.2228631764073366,0.7631745009096451,-0.6065448753084528,9.635049184146203,0.1827786816699569,-0.5784466477699671,-0.7949788860156476,9.517827958168077,71.18115752299592,53.88590856767479,50.903433604532395,18.357684200972365,5.666502542245296,53350.0,195248.33265687604, 0.0, 0.0,0.0,NaN, 68.54937222733714,68.54937222733714,0.0, 177.90144895557137, 25.848214846168908, 1.26674071334904, 25.848214846168908, 99.7867082647264, -0.7495199212290364, 1.26674071334904, -0.7495199212290364, 91.42566306358871, 6.187126443641925, 3.9609159250605974, 14.0, 0.0
8, 0 ,1.0,1.0,1.0,185.29116090880797,155.70746446726838,91.46392260607946,8.270894981684686,10.769182673691416,10.444788142656419,32.0,57.0,53.0,0.1662447752957528,0.78469248313071,0.5971770102783802,11.494201537930362,-0.2539765258830765,-0.5510993071323035,0.7948493429440944,9.844658681931103,-0.9528161412293705,0.28380849281946285,-0.10767609027224753,8.027616398663193,55.652341587764994,47.56810854276013,38.18218235974301,16.411759689177455,4.912305213131167,38556.0,101078.7988641023, 0.0, 0.0,0.0,NaN, 102.68314267599996,102.68314267599996,0.0, 68.40770379805691, 13.37350876362796, 0.16275041041995864, 13.37350876362796, 115.97529545933538, 17.486839482154917, 0.16275041041995864, 17.486839482154917, 109.09359934497611, 6.1591561067826595, 4.074593868905379, 19.0, 0.0
9, 0 ,1.0,1.0,1.0,79.37092924360064,146.573541112239,44.81854097506105,9.586142448555487,8.813035601087458,10.45915069695316,45.0,40.0,50.0,-0.5743244458279878,-0.07701687396663753,0.8149968294716129,11.271518373641017,0.16715920456090352,-0.9856215848267833,0.024655462966787146,8.800150549851226,0.8013795800087127,0.1503944568391657,0.5789406498917757,8.629471635287658,55.54726644566621,41.02791808598661,41.69737249585663,16.045785451666106,4.635765965911782,36449.0,95027.84063906145, 0.0, 0.0,0.0,NaN, 105.65430674331975,105.65430674331975,0.0, 91.89412704399739, 1.8355983473491364, -24.598690608324656, 1.8355983473491364, 77.66959650603498, -3.372619251108424, -24.598690608324656, -3.372619251108424, 109.39383330157577, 6.025313788649804, 3.939870745299983, 14.0, 0.0
10, 0 ,1.0,1.0,1.0,152.83414634146342,10.601330376940133,87.1614996976416,9.670223902187175,6.7841918653721,9.623128241179929,48.0,26.0,47.0,-0.7536414098765309,-0.0542166829657879,0.6550459347309179,9.885609645254473,0.6510485586214521,0.07539321515490562,0.7552824884938985,9.422899869871937,0.09033493032179911,-0.9956788711210022,0.02152175566635528,6.754758819885946,50.99927443041355,52.29246483878103,27.44939634532384,14.49988798989261,4.679351986266044,24805.0,73204.18477480164, 0.0, 0.0,0.0,NaN, 99.67012083187969,99.67012083187969,1.9073486328125E-6, 93.51323031843215, 4.247444997812209, -4.49448055810931, 4.247444997812209, 46.025259266180974, 0.6076625885901239, -4.49448055810931, 0.6076625885901239, 92.60459714619472, 6.329707389089567, 4.050723669066722, 15.0, 0.0
11, 0 ,1.0,1.0,1.0,98.98640101201771,88.48442441492726,13.243411343031836,11.303231621563755,9.923514682539375,8.46918340781992,58.0,50.0,33.0,-0.9950810933998971,0.03899805734077246,-0.09106464232461975,11.329196765322884,-0.009557460117199577,-0.9527584484739804,-0.3035786451935679,10.072551713831622,-0.09860158474473547,-0.3012150235049705,0.9484446410311606,8.255862097041755,59.548442214564155,55.095844190454244,40.137620011208796,16.496792340639946,5.081544923582676,37944.0,131686.3813608239, 0.0, 0.0,0.0,NaN, 133.42859098916432,133.42859098916432,0.0, 127.7630450907188, -2.0326016498497284, 5.550959315122435, -2.0326016498497284, 98.47614365457454, 9.416979129868519, 5.550959315122435, 9.416979129868519, 71.72706759529221, 6.290188844443536, 3.9658412204984117, 12.0, 0.0
12, 0 ,1.0,1.0,1.0,154.96353830377151,9.770367275627635,39.9202020585666,10.273725325432222,6.221894962824729,9.832999835924033,47.0,24.0,49.0,0.9423969394150494,-0.01920359360161867,-0.33394495141255215,10.337219114543595,-0.33375504980861587,0.012459076235428697,-0.9425774971569223,9.767966474166663,0.02226152080151805,0.9997379623742134,0.005332098973194123,6.219166077666994,56.54694466059637,51.32606521749992,24.64276104938086,14.802468047266167,4.672925686741364,26329.0,71521.47813892279, 0.0, 0.0,0.0,NaN, 60.970201666168826,60.970201666168826,0.0, 105.54943206242743, -1.469803160598472, -3.6085535350289017, -1.469803160598472, 38.71197692842374, -0.22904243814448969, -3.6085535350289017, -0.22904243814448969, 96.68788577328206, 5.823035218740434, 3.881306068474556, 15.0, 0.0
13, 0 ,1.0,1.0,1.0,189.00125053734027,58.99402086834186,93.1722224393294,6.718457768079094,9.48690318413765,9.919843693635423,27.0,47.0,57.0,-0.11032940849395845,0.3161271787228279,-0.9422796975920251,9.992481711444043,0.07738411761020361,-0.9424573014309789,-0.3252474954878617,9.460646767038911,0.9908779541210223,0.10880184673148556,-0.0795175338196232,6.647464005814131,54.50321150753865,48.49228855850413,29.013537327880925,14.579523960410027,4.580369723139857,25589.0,76682.35729462733, 0.0, 0.0,0.0,NaN, 110.82567402114273,110.82567402114273,0.0, 45.137674781462316, -5.246231141028872, 4.6460388792817895, -5.246231141028872, 90.0013320252011, -2.689774901980662, 4.6460388792817895, -2.689774901980662, 98.40329890615847, 6.204209959574771, 3.9469834097625873, 13.0, 0.0
14, 0 ,1.0,1.0,1.0,71.63603469759417,187.61137736029906,25.97869740247292,11.427089509278591,7.255988246109706,12.919049941261079,58.0,28.0,56.0,-0.4297316676447219,0.049556140978360294,0.9015957424004504,13.322945386481337,0.8969372619696281,-0.0916731831206512,0.4325500844838135,10.99404112007508,-0.10408766456075756,-0.9945552857372285,0.00505387954217396,7.194426839191483,63.49168374910987,55.19788296297908,30.807487524223177,17.77564073433639,5.844329555166109,41732.0,107968.12191041649, 0.0, 0.0,0.0,NaN, 77.20163312283672,77.20163312283672,0.0, 130.57837465306483, -8.360270039164947, -21.905361956144763, -8.360270039164947, 52.64936542768221, 2.87766017620303, -21.905361956144763, 2.87766017620303, 166.90185138479788, 5.5985472968540355, 3.7250096566742394, 14.0, 0.0
15, 0 ,1.0,1.0,1.0,185.45864286651792,149.63089644310276,34.02819267620423,8.49226169971119,11.430431258618782,9.278587352292812,37.0,55.0,51.0,0.18302197279076013,-0.9822685410748402,0.04063829093950261,11.525101617356064,-0.029368314669316227,-0.04678078962398097,-0.9984733645999979,9.275632244330495,-0.9826700664868459,-0.1815490868521849,0.0374094840097466,8.36660803229554,57.39409094695412,51.483511070087665,42.02422363644081,16.28646695440508,4.8596753936436,38095.0,124175.24849383881, 0.0, 0.0,0.0,NaN, 62.501324443709095,62.501324443709095,0.0, 72.11850877638159, -11.272949800600843, 0.9375618207470807, -11.272949800600843, 130.65475875800936, -1.7588550408162094, 0.9375618207470807, -1.7588550408162094, 86.09218325412813, 5.945181011105322, 3.9152506095203874, 17.0, 0.0
16, 0 ,1.0,1.0,1.0,152.55520636915986,109.94833438089252,9.922354913052587,10.595603521224888,9.725180977046815,5.6843543611013265,57.0,52.0,22.0,0.92033560370153,0.38676028768430537,0.05829971208928125,10.79166504156268,0.3854860876712156,-0.9221526989671365,0.032169488643216525,9.525436194066316,-0.06620311753444508,0.0071329978255688965,0.9977806710749314,5.6536602711308594,54.552205667468655,45.350046198522236,23.469112558882475,14.7279101562205,4.716620182734123,23865.0,58061.29477842331, 0.0, 0.0,0.0,NaN, 102.26809888948328,102.26809888948328,0.0, 112.26681397899326, 9.184939009142013, 5.262467940584673, 9.184939009142013, 94.57914503631324, 0.16179608664546738, 5.262467940584673, 0.16179608664546738, 32.311884502571665, 6.014947003003763, 3.9399023627582395, 17.0, 0.0
17, 0 ,1.0,1.0,1.0,11.287944232989778,46.86960612410726,14.462472736603516,7.003192286185831,9.172645521769697,8.793440002964955,27.0,45.0,38.0,-0.1785002219268746,-0.8242718432173601,0.5373207601155123,9.502869046501498,0.02202851145309738,-0.5493019607120634,-0.8353335265874606,8.516328422573475,-0.9836932527242515,0.13727084336062909,-0.11620800363075,6.904661123834364,49.468751007578334,41.38339971964277,29.535531219554592,13.895567975896578,4.173716063453825,23383.0,60464.69933218921, 0.0, 0.0,-1.7763568394002505E-15,57.49856304357494, 50.33230355242088,50.33230355242088,0.0, 49.04470219729273, 5.9715580535596855, -4.546073170061637, 5.9715580535596855, 84.13742586804166, -7.476795989654665, -4.546073170061637, -7.476795989654665, 77.3245870857443, 7.339539289696256, 4.129221339364767, 10.0, 0.0
18, 0 ,1.0,1.0,1.0,62.0293983285411,12.033052965361566,104.84408674387983,10.709277565279084,7.363445898292131,12.131249323518153,52.0,29.0,58.0,0.3180188912125482,0.13794085305398174,0.9379958986534438,12.427826283673685,-0.9399307893414705,0.1753464494126697,0.2928886032714325,10.547870514747151,-0.12407294660747709,-0.9747953342815661,0.18541833831373894,7.097022832398241,60.91512375954895,55.953556209433586,36.06354571931722,16.884363355198328,5.567265550182911,37213.0,122919.63120715915, 0.0, 0.0,0.0,NaN, 114.22385236137976,114.22385236137976,0.0, 114.68862597018989, -5.469571384841424, 14.285372560723278, -5.469571384841424, 54.22033549707521, 16.594221731788128, 14.285372560723278, 16.594221731788128, 147.16721014935965, 5.5426334210894, 3.699762187749483, 18.0, 0.0
19, 0 ,1.0,1.0,1.0,191.78867388214715,135.18754782988958,118.55395211544769,4.71332436246132,9.792427299437263,9.755074952688705,18.0,48.0,47.0,0.01913709169300133,0.7127154676024,0.7011921519539608,10.796525548763391,0.022677073749345137,-0.7014495819730948,0.7123582204733356,8.634215443757363,-0.9995596640759872,-0.002268521558860542,0.02958600618935519,4.706793604864295,48.965422133800274,44.613590098053905,18.932020586750582,13.879867728115398,4.540684765883478,18294.0,41357.43955879125, 0.0, 0.0,0.0,NaN, 104.4104331421404,104.4104331421404,0.0, 22.215426545771404, 0.4542505690583295, 2.1132928215983586, 0.4542505690583295, 95.89163241476415, 21.0006772871925, 2.1132928215983586, 21.0006772871925, 95.16148733257454, 6.180590562945157, 3.8234088947814473, 8.0, 0.0
20, 0 ,1.0,1.0,1.0,11.447543997898608,153.42579458891515,188.04712371946414,7.317865960152001,10.402218184109628,6.075882685535388,29.0,56.0,24.0,0.028419882508977937,0.9994155980406485,0.018994016721846474,10.405560461733273,0.9992832636333439,-0.028881195968756244,0.02447111647856928,7.315554447530189,-0.025005385429329147,-0.018284936764128568,0.9995200807322794,6.072942480494578,56.394140868501324,29.952786507889392,24.731137863528687,13.35875109209416,4.496379101949149,19035.0,41774.88993003333, 0.0, 0.0,0.0,NaN, 49.427463263205674,49.427463263205674,0.0, 53.551162210751365, 1.5477097923315897, 0.4453665896445686, 1.5477097923315897, 108.20614314982103, 1.3435283558572626, 0.4453665896445686, 1.3435283558572626, 36.916350408388716, 6.095877930909466, 4.07262947961734, 9.0, 0.0
21, 0 ,1.0,1.0,1.0,8.388997173764741,19.242179124841634,55.094142871065195,5.269788170315368,10.397752754340871,9.512542092897363,21.0,42.0,45.0,0.009513921334833933,0.9509365670820158,0.309239600774391,10.496759786879776,-0.054599585562268016,0.30928626558870115,-0.9494002797422295,9.413243922326808,-0.9984630041004339,-0.007851834464985899,0.05486326765943941,5.251786325133974,44.725779153679504,42.53419539084277,22.072840273762885,14.29867852734044,4.681899095592739,20522.0,41990.82016761696, 0.0, 0.0,0.0,NaN, 58.95762299950082,58.95762299950082,0.0, 27.770667359995798, -0.28327238834473406, 3.4065128866721732, -0.28327238834473406, 108.11326234040317, 6.370144719364925, 3.4065128866721732, 6.370144719364925, 90.48845706914412, 5.559276407313166, 3.7757398865602525, 11.0, 0.0
22, 0 ,1.0,1.0,1.0,101.35814074635347,18.80607122561091,103.14301951127108,9.895818029008161,10.078656516845335,10.935081735100782,46.0,42.0,53.0,-0.5609264358142185,0.26697481541408186,0.7836363834964365,11.98829589145502,-0.0666536876654746,-0.95806536886735,0.27868985431418464,9.929754571164505,0.8251780532256965,0.10409225192916588,0.5551990485969555,8.761465629475866,60.476260642258744,48.81071375425682,45.405812127211135,17.070208217552874,5.262179739470659,42232.0,134032.93765700518, 0.0, 0.0,0.0,NaN, 139.51759523928504,139.51759523928504,0.0, 97.92721446324298, -8.632407351945565, -29.836952313600356, -8.632407351945565, 101.57931718454894, 8.177456189555512, -29.836952313600356, 8.177456189555512, 119.57601255333472, 5.335066842681266, 3.377716267909161, 19.0, 0.0
23, 0 ,1.0,1.0,1.0,121.92209620649199,10.025029331247556,144.8949941337505,9.325430882885716,6.48195950552061,10.72696859647733,42.0,26.0,51.0,-0.11702203412314142,0.043134164748838966,0.9921921625174744,10.757176870851064,0.9676410445726018,0.229840895214674,0.10413439271134849,9.438770351830275,-0.22355458480676815,0.972271879012418,-0.06863483731703818,6.264189929043916,52.12947440773672,45.0727443632905,29.847789961113502,14.854256864201782,4.837186006844795,25570.0,70130.91869391699, 0.0, 0.0,0.0,NaN, 96.08965576689334,96.08965576689334,0.0, 86.96366115147865, 10.700854846611056, -3.8564400346331187, 10.700854846611056, 42.01579903120899, 4.466140154649864, -3.8564400346331187, 4.466140154649864, 115.06785526981079, 5.772926590937537, 3.7159792925482953, 8.0, 0.0
24, 0 ,1.0,1.0,1.0,57.54430114291706,150.17890846178042,21.40796372024746,8.584355170466166,10.187437999276511,11.12696826591894,41.0,47.0,46.0,-0.37569882018566453,0.15719708550164033,0.913312363225687,11.665712435258392,0.23171432155449098,0.9701408306476971,-0.07166060212374631,10.2224015682258,0.8973064524997248,-0.18470475094048308,0.4009055815056366,7.79090039907916,52.84791878270805,45.13139705027362,41.61407717668621,16.59940201665119,5.073886297715188,38148.0,99253.7523637289, 0.0, 0.0,0.0,NaN, 79.06825321665966,79.06825321665966,0.0, 73.6911536927092, 5.393418913169541, -26.596124533061523, 5.393418913169541, 103.78389298910302, 7.778878253363425, -26.596124533061523, 7.778878253363425, 123.80942279076713, 5.544284647382399, 3.6459018463315527, 12.0, 0.0
25, 0 ,1.0,1.0,1.0,139.85978806155234,36.54438870413167,36.234005974860494,8.744195245934193,9.037796783218079,10.512052247006853,40.0,44.0,52.0,0.2683960069706831,0.45898220434005566,0.8469350149458557,11.168389666987405,-0.747199927310709,-0.45571185827783034,0.48375507320527183,8.699476216133066,-0.6079932993619783,0.7626677116045429,-0.22064022662883895,8.260275385774442,54.565501872472,42.51021046841332,40.36160217821523,15.740254521779438,4.57059637543761,35482.0,93622.40790346287, 0.0, 0.0,0.0,NaN, 79.15327300084499,79.15327300084499,0.0, 76.46095049901814, 9.496627411167763, 10.15098302589854, 9.496627411167763, 81.68177069474706, 20.321344360227464, 10.15098302589854, 20.321344360227464, 110.50324244380184, 5.532911141516357, 3.545009479815543, 15.0, 0.0
26, 0 ,1.0,1.0,1.0,70.71237533998186,62.75713961922031,46.99172710788758,8.956601245551369,10.237587569954929,9.265640620619648,42.0,50.0,49.0,0.4051853661813911,0.9096542579722069,0.09139994521598638,10.529678736991427,0.13727546700880164,-0.15937601759685366,0.9776270920818851,9.277998712393806,-0.9038696062983682,0.383573221129944,0.18945004313019265,8.59800016418669,51.82327126037994,49.09500561391549,45.09967209735324,15.790965539128097,4.639656083898246,35296.0,114745.46281420588, 0.0, 0.0,0.0,NaN, 105.57897999124145,105.57897999124145,0.0, 80.22070587181234, 13.352489840614336, 2.9996887352469024, 13.352489840614336, 104.80819925249565, 1.178011241183743, 2.9996887352469024, 1.178011241183743, 85.85209611047685, 5.636649939285613, 3.57069269806621, 23.0, 0.0
27, 0 ,1.0,1.0,1.0,92.08122180849453,126.7190688099779,77.13053613053613,9.027006644830676,8.081620829995007,10.247544756167223,44.0,38.0,47.0,-0.06819308969214725,-0.10575202029084693,0.9920515171716855,10.273464249650411,0.9868470017358101,0.13893414509222224,0.08264561992347798,9.04136156494415,-0.14656977070078733,0.9846389254604441,0.09488671553395112,8.03251710850231,46.41491726648753,45.295749596407774,38.026948930145636,15.287542734677952,4.254721479800574,33033.0,79947.79925105792, 0.0, -1.4210854715202004E-14,0.0,83.92950461460823, 140.7059554162718,140.7059554162718,0.0, 81.48684896581717, 2.657486101257225, -1.3703941040241083, 2.657486101257225, 65.3125952398092, -4.105973563061931, -1.3703941040241083, -4.105973563061931, 105.01217352965034, 5.804822692199353, 3.625048543460842, 18.0, 0.0
28, 0 ,1.0,1.0,1.0,67.62072012370223,190.96673293571902,72.65085045283853,10.191397599680196,5.241320046045289,10.240155090688946,50.0,21.0,47.0,-0.6849640078295545,0.043447149095672905,0.7272803126811092,10.682331791171412,0.7284949193983089,0.02586692173972139,0.6845626740997219,9.73767404119973,-0.01092979363598052,-0.9987208056284649,0.049368937763591546,5.221330186061747,46.22209776844793,48.39266608700578,21.724600778287623,14.612736677888435,4.760748252523671,22635.0,48593.81606658619, 0.0, 0.0,0.0,NaN, 99.66096415058104,99.66096415058104,0.0, 103.86458503476725, -1.311535133503529, -9.573026236464791, -1.311535133503529, 27.471435825076195, 3.940626922508838, -9.573026236464791, 3.940626922508838, 104.86077628136272, 5.541830780143003, 3.685382580940762, 15.0, 0.0
29, 0 ,1.0,1.0,1.0,126.13807469126618,74.99357238506175,165.5467043594703,8.96773188987592,8.96502256372352,9.408939054543248,43.0,42.0,45.0,-0.48047467061131355,-0.3581342211768444,0.8005522909360792,9.842278543837729,0.525978708049491,-0.8481068864993941,-0.06372682128344431,8.880823328128344,0.7017766664541777,0.39045433624735015,0.5958648518968904,8.577908196580415,49.67236792634324,41.47915783651898,42.37702879764771,15.235569523443509,4.146974830542336,33605.0,87312.27361760732, 0.0, 0.0,0.0,NaN, 110.75490729480212,110.75490729480212,0.0, 80.42021524869752, 1.6484696959771856, -9.135625895787689, 1.6484696959771856, 80.37162956807184, -6.391516496305675, -9.135625895787689, -6.391516496305675, 88.5281341321092, 5.652923286382401, 3.6328211831876205, 17.0, 0.0
30, 0 ,1.0,1.0,1.0,44.495294183949504,56.32774458972047,171.53736474301172,9.104482587903556,11.216847005647725,7.959961048297939,44.0,53.0,40.0,0.25986874291815726,-0.9627161473725069,0.07513891163953912,11.375592807015975,0.9404036311620271,0.26998330799423187,0.20676078908188913,8.970249852515412,-0.21933820221614495,0.01693023900390861,0.9755019836247693,7.886744937195665,50.667210694468416,45.42464246280048,37.75408594387099,15.83079038317757,4.63209625071069,35488.0,86892.5363349536, 0.0, 7.105427357601002E-15,0.0,15.694832619198781, 77.21895894696682,77.21895894696682,0.0, 82.89160319343902, -12.17565843816255, 4.863580362716475, -12.17565843816255, 125.81765674810835, -3.8417518407903666, 4.863580362716475, -3.8417518407903666, 63.36097989042042, 5.514300564586162, 3.538047010134824, 19.0, 0.0
31, 0 ,1.0,1.0,1.0,188.38795116772823,183.53662420382165,186.19729299363058,6.620031145153037,10.092267355069723,7.684467686673741,26.0,48.0,29.0,0.13444774662283002,-0.9057094013887318,0.402012790423524,10.66984217860142,0.21386123168364723,-0.3696137783459699,-0.9042394751610711,6.974735452929354,-0.9675676601720403,-0.20754791035537135,-0.1440023885090873,6.499019126139237,56.916998169454146,36.72554972499216,30.616550355559013,13.494321392118938,4.757415950149408,18840.0,63998.021563365975, 0.0, 0.0,0.0,NaN, 24.421243649596036,24.421243649596036,0.0, 43.82481236279624, -9.226443009858412, 2.63089095061324, -9.226443009858412, 101.85386036620602, -23.930819117069763, 2.63089095061324, -23.930819117069763, 59.05104362753287, 6.162652797253521, 3.8366890692091014, 7.0, 0.0
32, 0 ,1.0,1.0,1.0,87.72856972301815,76.00880491881567,97.42463586437441,10.52642785057567,8.560693340359196,9.14883060980529,48.0,44.0,44.0,0.8812138099013663,0.2450659322702422,0.40423373199132745,10.98034797891119,-0.4572582223855625,0.22499504515538815,0.8604023173587586,8.795679494530699,-0.11990470924828114,0.9430376018463116,-0.310327153507461,8.35824358220486,50.254667698736256,46.21308128515753,43.6671069647316,15.70757494324337,4.589590906643789,33504.0,101413.49545002413, 0.0, 0.0,0.0,NaN, 151.5427333927265,151.5427333927265,0.0, 110.80568329337514, 10.178637533778334, 15.110781952919671, 10.178637533778334, 73.28547046767028, 6.4759351844558894, 15.110781952919671, 6.4759351844558894, 83.70110152691022, 5.891798234566043, 3.5878880853824917, 22.0, 0.0
33, 0 ,1.0,1.0,1.0,143.32210853516384,71.26563916591115,115.81857919958554,9.214534365823924,9.529731620147839,8.12718343482675,45.0,43.0,37.0,0.4530188484371465,0.8515569792878795,-0.2638648024780553,9.915111919829853,-0.8704762699611825,0.3586158955454711,-0.337143445578563,9.079963497335186,0.19247074165999223,-0.3824203845092745,-0.9037199030211911,7.811488809351681,46.49220845567517,42.306868659845705,40.587434472754026,14.972610967879907,4.194694234250788,30884.0,79833.03849261517, 0.0, 0.0,1.4210854715202004E-14,74.70048990931299, 124.00679946923091,124.00679946923091,0.0, 84.9076435789501, 7.6968469620996816, 1.830616957729667, 7.6968469620996816, 90.81578475204554, -10.96948658701559, 1.830616957729667, -10.96948658701559, 66.05111058332231, 5.658230324778906, 3.575390448364843, 18.0, 0.0
34, 0 ,1.0,1.0,1.0,146.52731268615713,106.26040311153524,83.96498076978688,9.470311844408684,9.07155504620488,9.589296974092706,44.0,48.0,45.0,-0.8177967543749054,-0.497359107839901,0.28955549793186197,9.836416977940148,-0.11764987635844211,-0.3480264291658384,-0.930073175182963,9.618258754779774,0.5633533306253846,-0.7946769925263807,0.22610064666540114,8.64109561376387,50.64740233169914,42.68688296111432,40.25447514930215,15.618693183915509,4.471124810464596,34581.0,87029.35954071792, 0.0, 0.0,0.0,NaN, 136.73535866427002,136.73535866427002,0.0, 89.68680643034742, 9.714020683645746, -3.2776791977410196, 9.714020683645746, 82.29311095632522, 2.5946429590836657, -3.2776791977410196, 2.5946429590836657, 91.95461645734352, 5.359201177246695, 3.436317084563342, 20.0, 0.0
35, 0 ,1.0,1.0,1.0,8.83995096100609,98.82994542434548,112.80127343193863,5.989191408572269,9.809009730172235,10.927957188745708,24.0,50.0,60.0,0.03608435511190111,-0.07286774397276201,0.9966886229933989,10.93803785607704,-0.0419874045597603,0.9963469371259318,0.07436288548804912,9.808790214623553,-0.9984663124885551,-0.04453170520083108,0.032893009248365856,5.9711218643333055,59.5098464037129,49.68531242901972,25.115446374821552,15.031647311108829,5.05538455991259,25286.0,74260.48061565914, 0.0, 0.0,0.0,NaN, 132.0951201243393,132.0951201243393,0.0, 35.870413728515885, -2.7542201561209243, 2.831478034448019, -2.7542201561209243, 96.2166718866136, -1.6128104185187457, 2.831478034448019, -1.6128104185187457, 119.42024831905901, 5.5213219148137, 3.5321788915100156, 16.0, 0.0
36, 0 ,1.0,1.0,1.0,101.51928977762455,96.88533011549733,171.80799862092744,9.318058711316349,8.484327719856527,8.717492859506914,42.0,40.0,46.0,-0.8831477308224005,-0.3137352561191428,0.3487409849890045,9.557384228912346,-0.2577465473554277,-0.2966163533023445,-0.9195572066380511,8.60477048816881,-0.39193979495529857,0.9019916452060267,-0.1810918802954011,8.331809425802714,44.76411360452008,46.53796251179463,41.46696174583726,14.73109459769891,4.218953509422796,29005.0,86385.24528984577, 0.0, 0.0,0.0,NaN, 140.99647661998512,140.99647661998512,0.0, 86.8262181475385, 6.428172997772102, -5.6568203836720805, 6.428172997772102, 71.98381685792585, -1.1378588721529124, -5.6568203836720805, -1.1378588721529124, 75.99468175555401, 5.332900745702024, 3.518402078862982, 17.0, 0.0
37, 0 ,1.0,1.0,1.0,116.76651930095244,37.94825386464113,158.3345102809839,9.235439836373793,8.568428524759257,9.933620490179967,45.0,41.0,48.0,-0.5661848243352356,-0.22904145855844335,0.7918173747486851,10.46633664775267,-0.5802997359599198,-0.5714640726664744,-0.5802422167477088,9.054369501004311,-0.5853947054230386,0.7880157510563278,-0.19064158767122638,8.11556051750609,51.53790349848086,46.201304198878915,41.02365156467183,15.417814898431775,4.436114984503981,33703.0,97682.16982435608, 0.0, 0.0,0.0,NaN, 100.51813425536415,100.51813425536415,0.0, 85.29334897127998, 11.010141817074441, -14.155646043347469, 11.010141817074441, 73.4179673839081, -2.577147852415417, -14.155646043347469, -2.577147852415417, 98.67681604292328, 5.2203772976374205, 3.4016933612109583, 13.0, 0.0
38, 0 ,1.0,1.0,1.0,180.6102800923602,160.29981929525147,7.820098383696416,10.376174837020692,9.342591537273687,5.250378164165032,44.0,48.0,20.0,-0.9994723447838991,0.014993010432214631,-0.02881391417969257,10.379743480918538,-0.013386593738513489,-0.9983879124450546,-0.055157731930230755,9.351988752636295,-0.029594444077481453,-0.05474290750212955,0.9980618131949334,5.226540288603321,44.51980348963613,47.43103428091905,21.39052526009922,14.11056272617719,4.838130971575739,19922.0,45168.66791227633, 0.0, 0.0,0.0,NaN, 44.86891490572401,44.86891490572401,0.0, 107.66500424842137, -0.4013253183248413, 2.3604680178204664, -0.4013253183248413, 87.28401663233792, 3.277258927526398, 2.3604680178204664, 3.277258927526398, 27.56647086674098, 5.872528939270887, 3.605067786178684, 11.0, 0.0
39, 0 ,1.0,1.0,1.0,55.790151772567675,82.49756484313059,72.05357345112697,10.502225673840716,8.769558970153014,9.278396762284462,52.0,43.0,48.0,0.8767614008904476,-0.12315581974394493,0.46488933088619844,11.039413950601103,-0.2410173434874614,0.7239838306257526,0.6463420558270282,9.137605699199241,0.4161731443123972,0.6787341578671718,-0.6050783890517608,8.241726568315432,53.54772873225059,40.693564461662476,43.562487521255946,15.849223242161177,4.700284856663736,35316.0,94924.74917110549, 0.0, 0.0,0.0,NaN, 122.92317392147676,122.92317392147676,0.0, 110.29674410427909, -8.541441469802898, 19.56138953579956, -8.541441469802898, 76.9051645309912, 4.197321534624419, 19.56138953579956, 4.197321534624419, 86.0886464783708, 5.174729261162941, 3.350486842356388, 22.0, 0.0
40, 0 ,1.0,1.0,1.0,154.5458250290032,180.1564089597525,136.84644673825744,9.362500393399493,10.463755853565626,8.719124036106576,46.0,48.0,44.0,-0.0878124026513553,0.9151927914902349,0.3933333654101915,10.83144135958837,0.9960900897476496,0.07683991217602251,0.04359083623080416,9.350277528452066,0.009670317839444817,0.3956232833151917,-0.9183619671196057,8.271753886037033,53.38841002121896,45.577058836489726,44.25406977338123,15.798173779597645,4.856689136242103,33617.0,107682.83960948503, 0.0, 0.0,0.0,NaN, 80.30081828506069,80.30081828506069,0.0, 87.65641361640566, -2.4750259690781107, -0.8636835886690178, -2.4750259690781107, 109.49018656302891, 17.665835233668737, -0.8636835886690178, 17.665835233668737, 76.02312395701142, 5.4200665505721695, 3.4890856035893254, 16.0, 0.0
41, 0 ,1.0,1.0,1.0,133.9491485054186,137.33208288674527,18.060587114445635,9.598193421052375,8.544864309634303,9.685186496826816,50.0,40.0,38.0,0.759007926049808,0.25852943896214076,0.5975529243368234,9.862539822211831,0.5419028768985594,0.2578891379107906,-0.7998965336571306,9.590870203819119,0.3608992105874347,-0.9309434578628016,-0.05564205297988752,8.347956485577306,48.77515177500122,50.65148754688781,42.55181727503175,15.454453866046117,4.483605267926561,33588.0,105125.7110303606, 0.0, 0.0,0.0,NaN, 92.82331401857773,92.82331401857773,0.0, 92.12531694793309, 8.52811115787066, 2.844691044166765, 8.52811115787066, 73.01470607006212, -0.3385074632168213, 2.844691044166765, -0.3385074632168213, 93.80283747831648, 5.2534512577897186, 3.380694516279073, 14.0, 0.0
42, 0 ,1.0,1.0,1.0,16.253927375740407,152.79902781354622,56.923963430337366,9.406247856612557,8.254924490824502,9.344592763064641,39.0,40.0,45.0,-0.7307014116012237,0.3586674877974392,-0.5808899037520384,9.57250932146069,0.6390321087995069,0.05991741415620953,-0.7668427918446439,9.366384596769155,-0.24023615674422164,-0.9315404106521127,-0.2729817801884564,8.036205315490411,56.89074110353624,48.77026922041255,37.13132174912428,15.018698390037093,4.28735229084711,31064.0,103023.70238459771, 0.0, 0.0,0.0,NaN, 75.71300775362589,75.71300775362589,0.0, 88.47749874002832, -6.203506676321543, 0.1388995770505698, -6.203506676321543, 68.14377834921417, -6.699867895454417, 0.1388995770505698, -6.699867895454417, 87.32141390752008, 5.671798110539739, 3.6702323155494234, 19.0, 0.0
43, 0 ,1.0,1.0,1.0,117.91399029779399,89.28720654367763,63.31117878262101,8.3629048728733,8.854163629638046,8.666181417423953,41.0,42.0,39.0,-0.3720005162525439,-0.7623826040942654,0.5295171204808087,9.299616372153382,-0.48608353313122926,-0.325988521820492,-0.8108355458784179,8.433634077545443,-0.7907834183431658,0.559020794439471,0.24931373138630097,8.113448306957922,49.85322107157462,43.31882008947619,40.69078718791735,14.408488534429683,3.979013697644537,28241.0,87875.12064962783, 0.0, 0.0,0.0,NaN, 136.81602099187438,136.81602099187438,0.0, 69.93817791272797, 6.6973770296587345, -1.9804237363058472, 6.6973770296587345, 78.39621358040517, -6.937819875565268, -1.9804237363058472, -6.937819875565268, 75.10270035970423, 5.258534424834547, 3.387268650010936, 16.0, 0.0
44, 0 ,1.0,1.0,1.0,187.61018930537747,25.14065917490007,176.87310506071347,7.796040403832765,9.317325544042948,9.814583161424391,31.0,49.0,52.0,0.11068526290338909,0.5231359144983327,-0.8450311163134769,10.255873915264482,-0.4176372614553738,0.796023619402926,0.43809304399490434,9.137643700125539,-0.9018469329215817,-0.30442603751101593,-0.30658913429095624,7.432184184217781,52.94561385767585,53.45589469716635,36.85389739999016,14.845761897587728,4.849762631770982,26518.0,104305.93324752295, 0.0, 0.0,0.0,NaN, 36.33749334131162,36.33749334131162,NaN, 60.77824597819294, -6.502715367262157, -9.841945583656475, -6.502715367262157, 86.8125552936752, -12.22436389910484, -9.841945583656475, -12.22436389910484, 96.32604263251521, 5.545744274995276, 3.5337039307491884, 8.0, 0.0
45, 0 ,1.0,1.0,1.0,182.2956059462475,94.22656121812753,80.21596167098743,9.291325157675335,8.562084111286367,9.46242139070366,38.0,45.0,44.0,0.6461841084216104,-0.24012956408218292,0.7244196922206554,10.508477618088795,0.5131829956744293,0.8392873831274874,-0.17955473113686796,8.528528602732392,-0.564879908453104,0.4877852816319027,0.6655645784214315,8.124747633750939,54.15099829200247,52.726682708503915,49.32171910006487,15.130876686644987,4.497999197774479,30473.0,140823.49593977167, 0.0, 0.0,0.0,NaN, 125.00676347544322,125.00676347544322,0.0, 86.32872318565057, -3.9958278952808377, 20.172172653422507, -3.9958278952808377, 73.30928432874246, -8.739802427607795, 20.172172653422507, -8.739802427607795, 89.53741857524619, 5.513293439838949, 3.3766232358769015, 14.0, 0.0
46, 0 ,1.0,1.0,1.0,29.56606693751209,149.98004587789845,125.65765691070392,9.643603212050788,8.792930923412962,10.789730009071036,54.0,40.0,50.0,-0.41711633830002287,0.38088583584312097,0.825190850880733,11.492924328637594,0.8516810928422198,-0.15313239696093478,0.5011883728660125,9.336178586556404,-0.31725900525952516,-0.9118533045699212,0.260519240223541,8.21470940326997,53.89163394663902,49.60069186223518,41.49961232274207,16.18777766995436,4.968787066495134,36183.0,110931.05038211991, 0.0, 0.0,0.0,NaN, 94.35535014262412,94.35535014262412,0.0, 92.9990829114763, -12.831199725592445, -13.835727519692595, -12.831199725592445, 77.31563422391193, 18.795230585896213, -13.835727519692595, 18.795230585896213, 116.41827366864807, 5.496453901748866, 3.3465789273025996, 22.0, 0.0
47, 0 ,1.0,1.0,1.0,17.20856361799489,134.2246092589291,12.313454567064836,9.891133637354088,10.747214529937049,8.065081091077067,43.0,52.0,32.0,-0.3044716703941519,0.9134009474695862,-0.2701771846197561,11.173505508125434,-0.9284865532254513,-0.2212834943591405,0.29823872250888106,9.853977113518932,-0.21262578020295667,-0.34166112492625095,-0.9154550525870799,7.512295754046971,56.82013587086499,51.37357493997104,37.887097060539645,15.918649813484512,4.997926160497061,33654.0,110594.46359240157, 0.0, 0.0,0.0,NaN, 69.09528096990636,69.09528096990636,0.0, 97.83452463199751, -10.670634468070066, -5.633212622756027, -10.670634468070066, 115.50262015249001, -19.566660815131737, -5.633212622756027, -19.566660815131737, 65.04553300564886, 5.589419724269723, 3.4963663710306845, 12.0, 0.0
48, 0 ,1.0,1.0,1.0,179.5378117827085,81.71902065799542,17.94662586074981,9.95094322718753,8.833246179154516,9.298960321481063,46.0,43.0,41.0,-0.7780922667924735,0.4897219629070528,0.3933761856089071,10.59523588869022,0.515605756527892,0.14024158539577677,0.8452709633963413,9.191932245932595,-0.3587800554560551,-0.8605258257438546,0.3616243562521856,8.171140084586225,53.22712469787396,44.72299120784025,42.66247476888029,15.546084073393201,4.673054912551961,32675.0,101557.00709524448, 0.0, 0.0,0.0,NaN, 86.13234504950783,86.13234504950783,0.0, 99.02127111070936, -16.05286457606597, -6.199542654964214, -16.05286457606597, 78.02623806154786, 10.864758133972307, -6.199542654964214, 10.864758133972307, 86.47066306047918, 4.634474835030067, 3.2313710370521753, 15.0, 0.0
49, 0 ,1.0,1.0,1.0,150.4883703731095,112.6992567392671,35.43593536220094,9.585294184523745,8.761929190422759,7.559332195117772,45.0,42.0,36.0,-0.9853916394780926,0.16979744668471847,0.013120363791724574,9.609571344488169,-0.17009183191240992,-0.9850821077549443,-0.02611531538691176,8.73639307028201,0.008490321746399944,-0.027965480157288135,0.9995728319418327,7.55806494247778,45.61708039910428,41.01245674357021,36.62883477051574,14.452368320311857,4.113614093718243,27043.0,68527.734505805, 0.0, 0.0,0.0,NaN, 106.4355521298258,106.4355521298258,0.0, 91.87786460386472, -2.675741735587786, -0.3700550356317049, -2.675741735587786, 76.77140313798243, 0.5724018156556964, -0.3700550356317049, 0.5724018156556964, 57.14350323614407, 5.6771526141874284, 3.6148627123454893, 11.0, 0.0
