// Sample: .//bubblelabels.tif, Map: .//bubblelabels.tif, Thickness:(8.191250068658265):/gpfs/home/mader/Foam/NewValid/InSilicoTest/LatticeData_Phi_6.65/out_Step_06000.vtk/distmap.tif, Neighbors:(1.0):
//LACUNA_NUMBER, TRIANGLES, SCALE_X, SCALE_Y, SCALE_Z, POS_X, POS_Y, POS_Z , STD_X, STD_Y, STD_Z,PROJ_X, PROJ_Y, PROJ_Z, PCA1_X, PCA1_Y, PCA1_Z, PCA1_S, PCA2_X, PCA2_Y, PCA2_Z, PCA2_S, PCA3_X, PCA3_Y, PCA3_Z, PCA3_S,PROJ_PCA1, PROJ_PCA2, PROJ_PCA3,OBJ_RADIUS, OBJ_RADIUS_STD, VOLUME, VOLUME_BOX, Mask_Grad_X,Mask_Grad_Y,Mask_Grad_Z,Mask_Angle, Mask_Distance_Mean,Mask_Distance_COV, Mask_Distance_STD, SHAPET_XX, SHAPET_XY, SHAPET_XZ, SHAPET_YX, SHAPET_YY, SHAPET_YZ, SHAPET_ZX, SHAPET_ZY, SHAPET_ZZ, Thickness, Thickness_STD, Neighbors, Neighbors_STD
1, 0 ,1.0,1.0,1.0,182.75513086590567,35.27970905876475,20.784964833390983,11.469511731342742,18.662681787726154,14.008196112705331,49.0,84.0,65.0,0.18491053635128155,0.9694452990749118,0.16119524077291061,18.90483355350198,-0.45315034519433384,0.2296538675890773,-0.8613442202462583,14.886366203152965,-0.8720452156835317,0.0862259427488838,0.48176989175386276,9.852833033059987,96.75692049807054,77.37965613015346,54.587708025527775,24.56410032576871,8.525252159500553,104076.0,408699.11088014755, 0.0, 0.0,0.0,NaN, 44.43037413581418,44.43037413581418,9.5367431640625E-7, 131.54969935540876, 33.70503656330619, 56.363742157452826, 33.70503656330619, 348.29569150992546, 16.04679165931784, 56.363742157452826, 16.04679165931784, 196.22955833201274, 10.13913880755898, 7.032150517643085, 8.0, 0.0
2, 0 ,1.0,1.0,1.0,60.75596357065942,83.50119545180777,32.96466116697998,16.413242405778856,17.76253656234147,17.50654264375304,79.0,84.0,71.0,-0.08316350911946772,0.7446827977915992,0.6622170047833353,18.493038899523295,-0.5226307920719978,-0.5983920266072367,0.6072759156026855,16.958714683519275,-0.8484933034085371,0.2955918015882034,-0.4389585412139827,16.17994979227762,92.54097913877465,89.62411062242168,76.63987833480134,28.733806568603693,8.108614358510502,219164.0,635643.7131190692, 0.0, 0.0,0.0,NaN, 108.39928799182262,108.39928799182262,NaN, 269.3945262708573, 3.1039766455462208, -12.607618323016093, 3.1039766455462208, 315.5077051285175, 30.172737122768368, -12.607618323016093, 30.172737122768368, 306.4790353375436, 10.703492431897708, 6.707613256956396, 20.0, 0.0
3, 0 ,1.0,1.0,1.0,167.37437545310266,185.26333836236455,83.55395105511687,17.634896995039625,8.351483469482401,18.05131913122156,72.0,35.0,84.0,-0.6524531722435625,-0.018068646067630045,0.7576136100008997,19.155152973950834,0.7550870115343652,0.06946680687478682,0.651934021013417,16.461880871635813,0.06440856341678065,-0.9974206167770461,0.03168043854940665,8.286952591665676,89.32336079510213,82.1059700510825,36.635132877316124,25.151368177276108,8.602073549741482,102074.0,268681.37528000894, 0.0, 0.0,0.0,NaN, 90.9002932350503,90.9002932350503,0.0, 310.98959202565766, 14.128394966598854, -47.829943821347165, 14.128394966598854, 69.74727614103782, 5.0799106103262135, -47.829943821347165, 5.0799106103262135, 325.85012237720554, 10.78032142819136, 6.7571523686696855, 12.0, 0.0
4, 0 ,1.0,1.0,1.0,13.827717721365238,115.96103485971092,143.5835863800154,8.785502618246936,17.4560519460292,20.622306096113245,35.0,86.0,103.0,-0.01082236077059008,0.061780638339314416,0.9980310762865744,20.63404224758143,0.06638577082195457,-0.9958431241344955,0.06236506671546054,17.472274373157983,-0.9977353386242899,-0.06692999955502567,-0.00667601826226724,8.725493869896122,102.13610503104167,85.83359976233874,37.549894257992364,26.781319434694826,9.483630309974721,123495.0,329189.01698800497, 0.0, -1.4210854715202004E-14,0.0,86.45797449761258, 102.1595084413275,102.1595084413275,0.0, 77.18505625522377, -15.382574374061793, -2.8276660284124233, -15.382574374061793, 304.71374954246977, 7.326492713555653, -2.8276660284124233, 7.326492713555653, 425.2795087217895, 11.366315938050006, 6.927311056678373, 17.0, 0.0
5, 0 ,1.0,1.0,1.0,58.54921326779808,150.36136356610714,185.40416241614886,18.44498157441461,21.639137329722615,8.412258104567536,90.0,90.0,36.0,0.03702584737682818,0.9979132661327561,0.052898014161994265,21.669889921835868,0.9987994110939741,-0.03525583877596805,-0.034011207425397316,18.44773511384571,0.03207527122813274,-0.05409379916827498,0.9980205598419223,8.326622125318968,91.6264880987783,89.95872478195788,38.74839590808634,27.811230041617325,10.28451163863016,129396.0,319387.6066013375, -7.105427357601002E-15, 0.0,0.0,87.87809019820646, 78.13477507530472,78.13477507530472,0.0, 340.2173452804944, 5.246347157648257, -8.421575676729084, 5.246347157648257, 468.2522643745948, 21.45326570823884, -8.421575676729084, 21.45326570823884, 70.7660864178622, 9.589351088198079, 6.440979397090917, 16.0, 0.0
6, 0 ,1.0,1.0,1.0,184.5277990323606,177.5559924189808,138.6883306454461,10.055659532179394,14.127396692977339,16.48042620415861,42.0,58.0,77.0,0.007292264467223298,0.39492070501370746,0.918686268336703,16.97610209875917,0.32711898758960667,-0.8691054770137151,0.37101056289964796,13.934168229215832,-0.9449550205365813,-0.2978142148659784,0.1355238081905539,9.484460296242052,79.37846822305784,69.55002369171632,48.415827794231376,22.67317158408985,7.630947787593734,84949.0,267292.86000378866, 0.0, 0.0,0.0,NaN, 67.09875764961684,67.09875764961684,0.0, 101.11628862711031, -29.05499153724507, 13.97494976021793, -29.05499153724507, 199.58333732074706, 38.31962065810018, 13.97494976021793, 38.31962065810018, 271.6044478707178, 10.95979595434395, 6.739094569468901, 7.0, 0.0
7, 0 ,1.0,1.0,1.0,81.63157132437759,22.272696706514036,43.2955912704776,17.810995081976355,13.86895148028468,19.67850272048467,97.0,57.0,86.0,-0.33948460723867213,0.057216158958956834,0.938869805991218,19.9806736052083,0.9340805863852972,0.13792654230160148,0.3293474260819776,17.555469197759248,0.11065107132831463,-0.9887884405082353,0.10026844135214402,13.762304088395148,95.41918203635039,92.43818116584802,63.556236713214396,28.572124224626005,8.969757387209306,193321.0,560589.8818066698, 0.0, 0.0,0.0,NaN, 95.04890677397381,95.04890677397381,NaN, 317.2315458101859, 11.229032660297793, -30.333049755382557, 11.229032660297793, 192.34781516249063, 16.667842704120513, -30.333049755382557, 16.667842704120513, 387.2434693201226, 9.400354173087633, 6.1714575978082, 14.0, 0.0
8, 0 ,1.0,1.0,1.0,51.77251219228983,183.33933755225266,121.83930852299117,14.939979771793851,9.53532376877596,12.335967383128974,64.0,35.0,56.0,-0.9835002456846198,0.03478975304767188,0.17753010961855187,15.027651484060948,-0.1737172139843548,0.0922857402812238,-0.9804619685159952,12.256576755993214,0.05049352734566074,0.9951246229611791,0.08471946926512529,9.499868595547145,63.107376547869045,59.44962899256676,38.75578012814819,20.630152316034078,6.379522055119523,68896.0,145400.45261080234, 7.105427357601002E-15, 0.0,1.4210854715202004E-14,79.12688582500807, 95.22113412506037,95.22113412506037,0.0, 223.20299558160946, -5.600580041563347, -13.457552216662494, -5.600580041563347, 90.92239937538378, -4.589412940650373, -13.457552216662494, -4.589412940650373, 152.1760912776219, 10.98819158575941, 6.540102107282318, 9.0, 0.0
9, 0 ,1.0,1.0,1.0,169.85649699049486,96.01217419723834,16.648219262648546,16.10740933516763,15.628036319091493,10.51066396380848,68.0,75.0,41.0,0.8548751464662844,0.49574708396299494,0.1530467663704027,16.44970064685755,-0.5031605339892684,0.8641167887529921,0.01147398931720596,15.393165297954972,0.12656208353959436,0.08681592099036169,-0.9881523338396321,10.325503492818132,79.56188606065055,70.46511283461741,45.25563154552508,23.699243192958406,7.245970171250893,110151.0,253718.33420020525, 0.0, 0.0,0.0,NaN, 102.0006449606183,102.0006449606183,0.0, 259.4486354906453, 12.825961067405228, 20.701576943329798, 12.825961067405228, 244.23551919084275, 13.73355428429024, 20.701576943329798, 13.73355428429024, 110.47405696010217, 9.67947681158322, 6.078508050881914, 11.0, 0.0
10, 0 ,1.0,1.0,1.0,88.49625223248815,180.0441434980101,79.13837910812977,16.22541887369156,11.404248179318547,19.24615753142918,81.0,50.0,91.0,0.502788269583594,-0.10542649661563855,0.8579564148489641,20.748384014106904,0.8642677179807523,0.04332945754158703,-0.501162518316658,14.377497109513186,-0.015661022491465445,-0.9934826681530506,-0.11290226062403372,11.248458185721192,91.8230314967591,70.83303412652893,54.46884713427647,26.309290084869403,8.4591328820478,142218.0,354271.0423606305, 0.0, 0.0,0.0,NaN, 120.38565494188352,120.38565494188352,1.9073486328125E-6, 263.2642176267463, -13.109701103345326, 96.39159428528325, -13.109701103345326, 130.05687653549037, -29.23549581656919, 96.39159428528325, -29.23549581656919, 370.4145797245882, 10.325697404489821, 6.203893798905976, 15.0, 0.0
11, 0 ,1.0,1.0,1.0,154.99566510951658,181.09534066584996,183.9050497435414,17.706195462755105,12.322268479163842,9.49166033078577,78.0,54.0,42.0,-0.9873129972561766,-0.1587442358428295,-0.0036487032903872187,17.82835602780946,-0.13982846610100963,0.8800951181102243,-0.45374065626345306,12.945837661836677,0.07523991970266834,-0.44747385472810175,-0.8911263119322143,8.36625858146505,82.04443564088197,66.55079611731601,42.753043948199036,22.22927422704493,7.829344890331567,74281.0,233436.85758540675, 0.0, 0.0,0.0,NaN, 51.3986743723311,51.3986743723311,0.0, 313.5093577652895, 26.8355932162249, 7.0852226816737325, 26.8355932162249, 151.8383004725948, -38.83170073482792, 7.0852226816737325, -38.83170073482792, 90.09161583501222, 10.905115774610207, 6.60197424047509, 7.0, 0.0
12, 0 ,1.0,1.0,1.0,21.683316716081126,45.943109962479994,57.28483719465799,12.586107754692465,16.432353664478345,17.23693187050474,55.0,85.0,84.0,0.1642122290099828,-0.05795096918129281,-0.9847212950954811,17.33705477843961,0.22991976103533235,-0.9685284150719518,0.09533946026524431,16.66050672783388,0.9592555693500187,0.24206279013752038,0.1457201369125422,12.140766979760084,86.96682538521216,90.01485610437689,64.87908202017809,25.84551437715045,7.5864064125333455,152452.0,507893.3247588356, 0.0, 0.0,-7.105427357601002E-15,10.028486908893859, 76.56688676740673,76.56688676740673,0.0, 158.41010841272978, -30.445357188632677, -21.91546417940808, -30.445357188632677, 270.02224695449485, -3.279127902623351, -21.91546417940808, -3.279127902623351, 297.11182030842207, 11.016738029230629, 6.237409480461929, 13.0, 0.0
13, 0 ,1.0,1.0,1.0,133.38955289353805,117.88134300658005,118.27526235869749,13.162897128896063,16.728964721592032,17.323395048973286,67.0,85.0,85.0,0.35230663452032696,0.7425431394982053,0.5696575473537682,17.5071108162538,-0.17900841663659184,-0.5439802340261758,0.8197813682696676,17.256474465935366,0.9186054768213727,-0.39078791047443745,-0.05872637380940406,12.203905005320758,82.04243592234786,85.25400893996704,65.76691327638102,26.318469348898763,7.78192191145805,148175.0,460003.1606948149, 0.0, 0.0,1.4210854715202004E-14,55.27365105861116, 133.6389098753258,133.6389098753258,0.0, 173.26186082590021, 55.713731189296446, 9.778601694829113, 55.713731189296446, 279.8582606562707, 0.26951012512620554, 9.778601694829113, 0.26951012512620554, 300.10001602279215, 9.501031894637176, 6.195172978119051, 27.0, 0.0
14, 0 ,1.0,1.0,1.0,77.59539323884432,92.11225677324323,159.1350938049913,14.33337231735448,17.23049885661463,17.991744971798873,77.0,82.0,84.0,0.11587037996971247,0.4651693031632296,0.8776055916186437,18.25238185931603,-0.1789705415598959,-0.8593179816109286,0.4791055747263616,17.09237064286208,-0.9770074719772783,0.21257969299713259,0.016317898939902077,14.168273085831226,90.45554917207346,93.97232685023536,77.89860552306459,27.530139054421447,8.254088902482446,177869.0,662162.9523715996, 0.0, 0.0,0.0,NaN, 127.1835424026145,127.1835424026145,0.0, 205.44556198790372, 21.194838803838653, 5.626569530743621, 21.194838803838653, 296.8900908477981, 16.420683660422654, 5.626569530743621, 16.420683660422654, 323.7028871302501, 10.059324795640851, 6.3057172591337505, 21.0, 0.0
15, 0 ,1.0,1.0,1.0,119.67105964805363,50.10233361265585,13.826735396934223,17.13107839915091,18.939550078985192,9.206181362849984,80.0,95.0,39.0,-0.551219531704426,0.8335665993814978,0.03638340642542984,20.264436579463503,0.8338145920214557,0.5487582574075839,0.06014649664847044,15.57370225904879,-0.030170415967405405,-0.06349093890120228,0.9975262636531419,9.151316170984872,102.48011246320692,72.48780415584295,42.23522352130246,25.70260726232056,8.735568643016693,118143.0,313746.821174997, 0.0, 0.0,0.0,NaN, 95.67738031132151,95.67738031132151,0.0, 293.47384711785486, -77.5457632796272, 1.4075873390353806, -77.5457632796272, 358.70655719438804, 15.155369078583306, 1.4075873390353806, 15.155369078583306, 84.75377528568637, 9.502740263860453, 5.895104592336255, 8.0, 0.0
16, 0 ,1.0,1.0,1.0,15.79172981465775,97.69804368682304,23.41434351580206,9.477128008879761,13.22247207639924,14.608236455489816,38.0,59.0,58.0,-0.025775771594228197,0.30852362996504507,0.9508673826312025,14.784347592023826,-0.3127940924567926,-0.9059105004149389,0.28545756420541063,13.397166314484,-0.9494711503373096,0.290067811022089,-0.11985491097990031,8.9436735443344,65.79398061182096,65.40695712429032,42.343447314470495,20.914090970372868,6.37582107107215,71921.0,182220.11659598153, -1.7763568394002505E-15, 0.0,0.0,88.52299349166832, 101.69817084415784,101.69817084415784,0.0, 89.81595529669328, 27.091072098342984, -12.280523747956742, 27.091072098342984, 174.83376781115763, 14.927521838304104, -12.280523747956742, 14.927521838304104, 213.40057233950168, 10.894531585056818, 6.507605782208671, 6.0, 0.0
17, 0 ,1.0,1.0,1.0,186.96819914719518,28.116536709129793,172.35129714004862,7.722944121201598,15.670344963055172,15.031464365584906,32.0,73.0,58.0,0.013859167997628857,0.8117392369936671,0.58385557682303,16.339387609224346,-0.058431375238179005,-0.5822563291649134,0.8109027941345223,14.320171716859592,-0.9981952203102301,0.04535392234790686,-0.03936145166875084,7.688016173850079,80.65446738020111,73.58956415963556,33.90268559366879,21.87606868844107,7.251628566939051,75281.0,201223.52863592625, 0.0, 3.552713678800501E-15,0.0,35.733790702525944, 41.530931121525455,41.530931121525455,0.0, 59.643865899202325, 7.304459144826063, -5.233950062388908, 7.304459144826063, 245.55971126114858, 29.601281467971646, -5.233950062388908, 29.601281467971646, 225.94492097384884, 8.964124496333067, 5.633003277979089, 9.0, 0.0
18, 0 ,1.0,1.0,1.0,24.12437284923445,176.26182235299984,46.300583512044284,15.300739679198221,12.401935889823807,13.048316742230774,66.0,55.0,70.0,-0.9812393972989684,-0.14026104244081825,-0.13227276802793778,15.406898345215668,-0.05987423568273308,-0.4304599241234614,0.9006216351082357,13.179661909473058,-0.18326025507394178,0.8916451613153287,0.41398621379605743,12.128611366667092,70.25687818059328,67.77857362293459,63.99699284603108,22.618240766117886,6.826009302495981,100255.0,304747.9835784427, 0.0, 0.0,0.0,NaN, 57.35181319649106,57.35181319649106,0.0, 234.11263473059088, 13.109314618527245, 10.281771723987427, 13.109314618527245, 153.80801381529983, -8.637694046258614, 10.281771723987427, -8.637694046258614, 170.25856980557992, 10.265812934638497, 6.132704551714698, 9.0, 0.0
19, 0 ,1.0,1.0,1.0,109.8589642290019,71.82189679111977,61.77702770085227,13.058183343714179,14.475333365169172,15.857062660730014,63.0,71.0,71.0,-0.2260558493731293,0.3889231447701436,0.8931055595092301,16.352337997399122,-0.10888380793484694,-0.9211813807652175,0.3735895877846353,14.11486822420731,-0.9680098498123872,0.01279262262353369,-0.25058587245216246,12.840148033774057,77.38181511999704,69.90916792008126,60.00786229361883,24.189521749974578,6.809177777457204,130357.0,324624.43106755376, 0.0, 0.0,0.0,NaN, 130.76770373488438,130.76770373488438,0.0, 170.51615223805442, -5.56785157295159, -22.097565498745727, -5.56785157295159, 209.53527603277988, 23.788766634170543, -22.097565498745727, 23.788766634170543, 251.44643622631804, 9.243695592421544, 5.7085839244151755, 11.0, 0.0
20, 0 ,1.0,1.0,1.0,141.47226703064896,40.32087572899864,86.80370548455143,15.443736677573849,12.556045953100837,16.38619550513474,89.0,66.0,82.0,-0.46074203822758303,-0.048146848981348224,0.8862272028904662,16.684856638440234,0.8474823206278377,0.272710774832066,0.45541470059029676,15.335566993822832,0.2636104899907208,-0.9608905838979076,0.08484571493711854,12.292544065724814,80.52864329743147,74.27100298906487,61.32583520338582,24.704270862705094,7.373581003639135,128944.0,366786.3313437055, 0.0, 0.0,1.4210854715202004E-14,27.597078321666455, 112.18802000184225,112.18802000184225,0.0, 238.50900256623973, 22.254179733891537, -19.52188119794048, 22.254179733891537, 157.65428997637989, 5.01074641376606, -19.52188119794048, 5.01074641376606, 268.5074031324979, 8.901392063755786, 5.692632693959935, 15.0, 0.0
21, 0 ,1.0,1.0,1.0,54.79587693394107,76.94072189766965,93.69922000385183,14.181051010230012,14.926068879653423,14.432076368492485,69.0,74.0,64.0,-0.19963046917615296,0.7797813580054708,0.5933706341601784,16.25630273975483,-0.8443111734924411,0.1704304211439972,-0.508027670372881,14.625733419025448,0.4972789137821212,0.6024072586347403,-0.6243550085102634,12.40947667913297,76.56584801497128,71.55120999792382,62.92104086910344,24.164565330305848,6.946103271501746,124616.0,344705.3133591765, 0.0, 0.0,0.0,NaN, 133.0488881743263,133.0488881743263,0.0, 201.10220775474568, -25.787706691668497, 12.638104731639293, -25.787706691668497, 222.7875322001584, 45.83509451570024, 12.638104731639293, 45.83509451570024, 208.28482830599924, 8.716755030417122, 5.619179294601152, 11.0, 0.0
22, 0 ,1.0,1.0,1.0,116.85491845200886,151.45939648803773,159.54793430698413,16.71463446596801,13.49243606762755,15.322430727944798,77.0,73.0,78.0,-0.9093997481929659,-0.40629061402368527,0.08899457816533951,17.422496192932662,-0.11615820474802377,0.042638393958582765,-0.9923150904981486,15.323221380240213,-0.3993737215394701,0.9127485438590901,0.08596933306025123,12.56412482913178,88.87549012831809,81.54402355037818,67.2353879836069,25.28584501803647,7.538419032279315,140776.0,487272.67813417903, 0.0, 0.0,0.0,NaN, 104.43018909185069,104.43018909185069,0.0, 279.37900533092574, 53.44711253247487, -2.921641399913144, 53.44711253247487, 182.04583103901675, -8.523221341004678, -2.921641399913144, -8.523221341004678, 234.77688341266696, 8.976012467861686, 5.783856408304246, 14.0, 0.0
23, 0 ,1.0,1.0,1.0,184.15069648413646,20.497251868438653,114.79319219472475,10.05415454034239,11.571163893114647,16.105343394504573,40.0,44.0,81.0,-0.22654261622909452,-0.31937821763354185,0.9201499862159966,16.902768742577482,-0.16807849348601386,-0.9177200389389325,-0.3599160320927582,10.880973164082594,-0.9593894220073251,0.23619374299744933,-0.15422208891499842,9.50056709122037,92.32919981256211,55.8025025669135,46.12060772998956,20.946354950413205,7.457221835818349,68774.0,237622.61403475815, 0.0, 0.0,0.0,NaN, 89.05918174147622,89.05918174147622,0.0, 101.08602352108751, 18.4805955976894, -39.0386867697975, 18.4805955976894, 133.8918338413201, -48.142940452426416, -39.0386867697975, -48.142940452426416, 259.3820858549121, 9.239660780304328, 5.820462678117631, 8.0, 0.0
24, 0 ,1.0,1.0,1.0,175.2076426838964,61.24088443384358,113.6969998892948,14.044265980234407,11.900200012356672,14.624219762641564,60.0,57.0,74.0,-0.5932090513582415,0.021383436920836947,0.8047644189525947,15.25017114954878,-0.7486047733581622,0.35306149808726706,-0.5611937917277325,13.591626821287882,0.2961315834085071,0.9353557222756633,0.19343153340172564,11.637178832690385,81.57262986157119,71.92780048828226,60.74809053335032,22.532294671036404,6.7096697222186235,99363.0,356429.6921539877, 0.0, -7.105427357601002E-15,1.4210854715202004E-14,52.72254131045382, 108.68907367181451,108.68907367181451,0.0, 197.24140692356949, -14.264635001349108, -25.660754020268318, -14.264635001349108, 141.61476033409372, -8.09805151163201, -25.660754020268318, -8.09805151163201, 213.8678036660361, 9.754806431882518, 5.596122153133369, 10.0, 0.0
25, 0 ,1.0,1.0,1.0,11.373209593389735,24.70059389097316,170.91178212859032,7.104086701459524,14.034523378112068,15.97476138666749,29.0,51.0,60.0,0.03857506358197276,-0.2780727905782026,0.9597851257493513,16.146485335273663,0.03825831219972184,-0.9593847778575305,-0.27949445354583546,13.855445340452738,-0.9985230423066239,-0.04750127530190729,0.02636973316924231,7.06728670771959,71.77520554601381,65.23070437669611,29.1502402192168,21.266739434196317,7.09610382615663,65837.0,136479.88599778543, 0.0, 0.0,0.0,NaN, 39.81951348216789,39.81951348216789,0.0, 50.46804786185405, -7.473795775857068, 6.284529995571067, -7.473795775857068, 196.96784645077418, -18.166957040588613, 6.284529995571067, -18.166957040588613, 255.19300136096263, 8.590444714106622, 5.225775382539133, 6.0, 0.0
26, 0 ,1.0,1.0,1.0,98.80409763500695,185.6506471059399,142.2904037210348,13.53567220988458,8.661596433781003,15.100191186906143,67.0,35.0,65.0,-0.24335994738772831,0.07084585146721267,0.9673452337905675,15.25355228988179,0.9543640270021457,0.19548357715204676,0.2257774900827956,13.554633189708795,0.17310470811531709,-0.9781446909295805,0.11518560515353204,8.357901080327185,70.95754298415808,69.88615246794774,38.33035287280106,21.00450902243343,6.712976207519786,71163.0,190078.2906430038, 0.0, 0.0,2.8421709430404007E-14,14.682495438258211, 115.31934417359219,115.31934417359219,0.0, 183.21442217344173, 18.4374137024001, -13.792314569720835, 18.4374137024001, 75.0232527816878, 16.184094640594587, -13.792314569720835, 16.184094640594587, 228.01577388111792, 9.69714519127653, 5.539686958206885, 7.0, 0.0
27, 0 ,1.0,1.0,1.0,175.89960893613343,150.70594589923084,92.94228026963961,14.144883815657925,11.438097272626084,14.138550519362957,60.0,53.0,70.0,-0.6928231567348465,-0.13568682732073498,0.7082267704511004,15.217829442223065,-0.721105244137587,0.1278899918650791,-0.680919508354711,13.076558710744596,-0.001816691837822749,0.9824628414715662,0.18644963062013095,11.323766931412656,77.01853922454416,64.93133026851805,54.04219477703836,22.068524678478518,6.617147170830011,92568.0,270260.487732485, 0.0, 0.0,0.0,NaN, 107.93053358916139,107.93053358916139,1.3486991523486091E-6, 200.0777381584615, 5.771836436365736, -29.7135769321402, 5.771836436365736, 130.83006921805625, -13.656491779669132, -29.7135769321402, -13.656491779669132, 199.89861078857854, 9.263960298988815, 5.534985438086402, 8.0, 0.0
28, 0 ,1.0,1.0,1.0,19.862475903897693,75.88838215242842,174.83174573322677,11.610877870858682,15.546983447204688,14.5217761474234,47.0,73.0,60.0,0.03444688510510018,0.8093365127438542,0.5863342231578956,16.60586107807706,0.038583384688053404,-0.5873219780851565,0.8084331861595937,13.306645531194167,-0.9986614714369277,0.005225246190917569,0.05145835471208332,11.600936353514028,85.09818872496487,67.27259253785283,48.04099791284429,23.15728255184846,7.15146324394402,106345.0,275023.94109689497, 0.0, 0.0,0.0,NaN, 82.38328421216818,82.38328421216818,1.6518123698891422E-6, 134.8124849319958, 2.9730273071536693, 4.1765224631946944, 2.9730273071536693, 241.70869430765657, 46.820055685301355, 4.1765224631946944, 46.820055685301355, 210.88198247587522, 8.461861772091142, 5.130689545363672, 8.0, 0.0
29, 0 ,1.0,1.0,1.0,49.758948304026134,12.854136638800806,118.55890266167003,16.069421458599614,8.284797617860537,15.768924161768538,72.0,33.0,73.0,-0.7599892371166588,0.08918048298545159,0.6437881646328402,17.101190194665477,0.636307950949985,-0.099683814718334,0.7649675343705984,14.756550021801603,-0.1323954343044764,-0.9910146207486966,-0.019012375907462315,8.081873061522389,84.40438216221418,78.86222102977749,38.11475650642634,22.717448934233598,7.709776956770541,83256.0,253703.90328381828, 0.0, 0.0,0.0,NaN, 96.30074818360988,96.30074818360988,0.0, 258.2263060141017, -25.063434849091173, -36.929859499410824, -25.063434849091173, 68.63787156890763, 1.4162980917087522, -36.929859499410824, 1.4162980917087522, 248.6589692196076, 8.616645648528545, 5.687035824388992, 8.0, 0.0
30, 0 ,1.0,1.0,1.0,89.20827748704508,34.25377976215884,104.91738733278127,13.079439344295945,15.222486933109248,13.87281951930641,67.0,69.0,61.0,-0.4114533875065666,0.7782742406962955,0.4743367118176446,16.56669599129658,-0.08380214514733121,-0.5505306724521783,0.8305980852121309,13.075614427559,-0.9075700030179915,-0.3020019618445492,-0.29173876098997686,12.240255498918975,82.55776259224697,64.99918602406163,63.74510421381433,23.444460507140516,6.753386923180667,117137.0,342068.17303357756, 1.4210854715202004E-14, 0.0,0.0,65.70383291782302, 134.80408536770855,134.80408536770855,0.0, 171.07173356111673, -38.93429458546315, -25.79603796202622, -38.93429458546315, 231.72410842868183, 36.339225238467904, -25.79603796202622, 36.339225238467904, 192.4551214152489, 8.204766692179478, 5.2240017705625235, 10.0, 0.0
31, 0 ,1.0,1.0,1.0,104.28706886866644,161.81426805976855,18.143781597573305,11.569340691802923,17.91995630738836,11.007015300902893,55.0,84.0,45.0,-0.08314037125936866,0.9962705230295223,-0.023080806080733193,17.962769911796563,-0.7691416973766703,-0.04942479115809337,0.6371642169609912,12.531803814817296,0.633647163667122,0.07072647991707871,0.7703823966155705,9.81945284518501,84.72138714869021,68.43188431921175,53.515273729418425,22.72742057361788,7.719664371326158,89010.0,310262.5144608804, 0.0, 0.0,0.0,NaN, 104.63418236992659,104.63418236992659,NaN, 133.84964404300692, -16.434863245289385, -29.276057829246483, -16.434863245289385, 321.12483405870796, -7.111481885506262, -29.276057829246483, -7.111481885506262, 121.1543858343104, 8.042952290509822, 5.242912909162854, 12.0, 0.0
32, 0 ,1.0,1.0,1.0,153.29149642771307,90.07617601433284,69.35266228233084,10.842486627861414,13.280318600057514,14.84560852315693,53.0,65.0,67.0,-0.13288701152110238,-0.2599558079401615,0.9564329668550577,15.070251542270093,0.25285776674974286,-0.9419509802136609,-0.22088752945527837,13.2592634046567,0.9583339668212346,0.2124884203732095,0.19090489580934078,10.554521459348802,69.74547340041707,68.98057299563936,48.96436515433871,21.786238669141422,6.2990694128973175,91538.0,235571.61104147602, 0.0, 0.0,0.0,NaN, 122.90318774130493,122.90318774130493,0.0, 117.55951627535356, -11.34385287629663, -18.304541148808397, -11.34385287629663, 176.36686211903356, -15.368635037850067, -18.304541148808397, -15.368635037850067, 220.39209242282968, 7.891551033036801, 5.070688219224575, 9.0, 0.0
33, 0 ,1.0,1.0,1.0,153.23456651439128,49.538081330038196,156.98756833670336,12.378218166337353,11.415452483544424,13.077261694827323,56.0,58.0,59.0,0.5220626942743011,-0.1282413385997759,0.8432109477000375,13.337493224239664,-0.6784915827588035,0.5366146927605516,0.5016909842113493,12.632966095625719,0.5168169070110915,0.8340256774150516,-0.19313584348808016,10.81975304397632,65.46580516502962,58.360863092409005,57.39143960604392,20.53966158887873,5.715760284224818,80118.0,219272.0810366091, 0.0, 0.0,0.0,NaN, 80.56734169964984,80.56734169964984,0.0, 153.22028497344408, -19.554796206039107, 12.29910417444683, -19.554796206039107, 130.31255540406056, 4.8713763324685875, 12.29910417444683, 4.8713763324685875, 171.014773434998, 8.049253485281293, 5.018434037318485, 13.0, 0.0
34, 0 ,1.0,1.0,1.0,119.68320505951992,79.23892903343831,179.342053339257,13.271771392476348,12.004184058156824,12.3970511728195,62.0,57.0,50.0,0.7555757301142028,0.19278352709634106,-0.6260509785494177,14.147010642039527,-0.5216028144773395,0.7552175970294968,-0.3969595509196262,12.81371124103877,-0.39627745329719144,-0.6264829549295716,-0.6711805175889753,10.468912202471774,68.95276735722409,62.554930721758076,56.398616452102544,20.83930743124408,6.296863851459964,76529.0,243266.1592935227, 0.0, 0.0,0.0,NaN, 114.70111675182375,114.70111675182375,0.0, 176.13991589415357, -8.317244502258223, -31.524157624468938, -8.317244502258223, 144.10043490210643, -27.293959744780953, -31.524157624468938, -27.293959744780953, 153.68687778150536, 8.43458832044144, 5.055913580506241, 9.0, 0.0
35, 0 ,1.0,1.0,1.0,48.8553677354321,32.0662195169232,11.0246966231148,12.66446788938067,13.600417082749985,7.450968634772809,58.0,59.0,31.0,-0.5359348192976608,0.8411418064843227,0.07248676326526682,14.18109426551489,0.835142752081677,0.5407734424049241,-0.1005020777644487,12.08144615273418,0.12373541574596529,-0.006674232077118652,0.992292800294527,7.335683310602028,70.71775734853881,60.54087123304177,33.372869003949845,19.018692554878452,6.258303192182558,51586.0,142879.75269638578, 0.0, 0.0,0.0,NaN, 59.46960001802202,59.46960001802202,0.0, 160.38874692115408, -24.781800026833483, -13.456397830708806, -24.781800026833483, 184.9713448247576, 3.972388561536836, -13.456397830708806, 3.972388561536836, 55.51693359636818, 8.038481231652483, 4.870139347908243, 2.0, 0.0
36, 0 ,1.0,1.0,1.0,46.1304514711527,22.706709197516975,166.62131219144177,12.017361706597763,13.216515919636544,11.590322851566805,52.0,53.0,58.0,0.3744642291584481,-0.8903493024875887,0.2589491468235291,13.48887530860306,0.7271105260606381,0.45525927651621945,0.5138572506423842,12.118631618180515,-0.575401445925009,-0.00413650888947012,0.8178606637573518,11.163237427223091,64.52554350174557,66.58697573098021,62.35606562442031,20.45518661348434,5.917279767956394,75553.0,267916.62715292, 0.0, 0.0,0.0,NaN, 61.30048935640049,61.30048935640049,NaN, 144.4169823872023, -11.751595910827186, 13.870122259091437, -11.751595910827186, 174.6762930540062, -8.01459032930334, 13.870122259091437, -8.01459032930334, 134.33558380355169, 8.00691234701062, 4.874872659157579, 6.0, 0.0
37, 0 ,1.0,1.0,1.0,114.40772929274544,155.1100544508653,61.8095433104306,9.866251077930169,12.236338501860734,14.073367041225788,46.0,54.0,62.0,0.12485154642836747,-0.3897316921081138,0.9124260515356803,14.596019242643589,-0.3511638904329101,-0.877452920541417,-0.32674193836935156,11.976634722620798,0.9279525922214285,-0.27961684570119255,-0.24641105127336965,9.415253216522105,63.26392766124089,56.0565276908421,48.669686765966276,20.22652851620569,6.001507670996022,65931.0,172600.04116926974, 0.0, 0.0,0.0,NaN, 114.72385828794384,114.72385828794384,0.0, 97.34291033275824, 10.830315272813069, 20.457931120853626, 10.830315272813069, 149.72797993211938, -28.526536018875312, 20.457931120853626, -28.526536018875312, 198.0596598770603, 8.04177062959914, 4.982472558489608, 9.0, 0.0
38, 0 ,1.0,1.0,1.0,34.779210833904315,54.56768167345129,127.93138124219097,14.334908512772667,13.303519082900635,12.49463336743923,71.0,64.0,61.0,-0.9289268475750166,-0.19175317906263978,-0.31674221406960107,14.482283579715142,-0.3256216456463047,0.8302884166930373,0.4523181280823945,13.807140733736793,0.1762539524122348,0.5233085738116088,-0.8337161872210027,11.756505098067567,73.11388806642003,65.74995883221261,53.40364615855582,22.300200617577563,6.425740226717183,99244.0,256723.88390646898, 0.0, 0.0,1.4210854715202004E-14,71.53397824875395, 96.85613661045282,96.85613661045282,1.9073486328125E-6, 205.48960206956227, -1.4330534759917977, 13.322774432498486, -1.4330534759917977, 176.98361998910138, 24.031144574950787, 13.322774432498486, 24.031144574950787, 156.1158629867258, 8.298739008276659, 4.922619138543689, 6.0, 0.0
39, 0 ,1.0,1.0,1.0,59.142829772966756,144.62263763633626,86.75423206930056,12.132852627010838,12.749537209858882,10.945156002203388,62.0,60.0,52.0,-0.4472198797779424,0.8654469603266959,-0.22582280219828593,13.060093709269683,0.8837847383969958,0.4664102441163642,0.03722929437777783,11.914501008492204,-0.13754604795469944,0.18292906560904126,0.9734567487297247,10.818126911376183,58.619898294997185,54.348292733946124,48.38711092753,19.955646587802747,5.596911747534823,73073.0,154156.08021537936, 0.0, 0.0,0.0,NaN, 118.70477394715302,118.70477394715302,1.3486991523486091E-6, 147.2061128687638, -10.446532495045235, 6.22659641581311, -10.446532495045235, 162.5506990655762, -10.029820189249692, 6.22659641581311, -10.029820189249692, 119.79643991256886, 7.226142180175115, 4.686322253132142, 12.0, 0.0
40, 0 ,1.0,1.0,1.0,169.75312066574202,152.7785651241962,166.63538015382676,12.229726482747932,12.466128189830089,13.461834198709552,53.0,69.0,63.0,0.46817807866142713,-0.46386875780692266,0.7520871373661152,14.719646890461885,-0.08791731833436547,-0.8713594965797177,-0.4827040220023403,11.784556009360568,-0.8792495844740494,-0.1598699573122003,0.4487335121775581,11.430125850751093,76.76741815249126,61.49013124076373,61.66642107409035,21.076986668432802,6.477049857795486,79310.0,291092.55542334734, 0.0, 0.0,0.0,NaN, 65.2528580115124,65.2528580115124,0.0, 149.5662098428261, -18.050960722080838, 30.637823016163463, -18.050960722080838, 155.40435204527643, -26.549091586666215, 30.637823016163463, -26.549091586666215, 181.22097999354605, 7.1867775955006, 4.712579987652323, 11.0, 0.0
41, 0 ,1.0,1.0,1.0,130.79156622415374,120.41515295555631,183.7399246256748,14.972758369593937,10.747370190965473,9.246491244457452,70.0,51.0,37.0,-0.9810476107048773,-0.09804081304667896,0.16713343324241695,15.166085648234974,0.025713595339383184,-0.9207926335842511,-0.3892039785918194,11.008490850193152,0.19205310865740688,-0.37753003180425915,0.9058623949259076,8.601746035622163,70.60520081742405,55.2757529799907,43.16036488704354,19.601911525260935,6.399384666168243,58906.0,168444.3574652073, 0.0, 0.0,0.0,NaN, 106.71431598418242,106.71431598418242,0.0, 224.1834931942453, 13.888962889829935, -26.054310349471592, 13.888962889829935, 115.50596602165322, 14.357690953028781, -26.054310349471592, 14.357690953028781, 85.49760033382833, 7.752914386799683, 4.914575487076827, 4.0, 0.0
42, 0 ,1.0,1.0,1.0,125.39032278931367,10.404122733251397,43.11773077171874,9.580441449916632,7.124773842427854,18.132003337546337,44.0,29.0,84.0,-0.16311741018387416,0.01095744981055643,0.9865458148451876,18.317298272326592,0.9197173869203377,0.3636031268782091,0.14802936979131887,9.551837210245987,0.35708911869634435,-0.9314895063381221,0.06938775749820775,6.675012780916431,86.99161350083484,48.650866404729925,32.91648886254006,20.10205644304933,8.19903241085391,46377.0,139309.73581683758, 0.0, 0.0,0.0,NaN, 86.79855073809577,86.79855073809577,0.0, 91.78485837528069, 15.090897864947713, -40.467821601864436, 15.090897864947713, 50.76240230574417, 5.657966014973971, -40.467821601864436, 5.657966014973971, 328.76954503279154, 8.355723309726269, 4.540118819956561, 4.0, 0.0
43, 0 ,1.0,1.0,1.0,170.33326605874905,103.56284975138983,120.89653780525843,7.830170561367717,12.811447045048519,16.303049868540757,41.0,54.0,69.0,-0.08079356675117641,0.04482548709577679,0.9957223886597358,16.35444632830085,0.14943860318563196,0.9882412307509179,-0.03236315376842543,12.8939361872341,-0.9854646129869662,0.14618462829770412,-0.08654219202164755,7.583711249683805,67.81611558325886,55.700854490384955,37.72985434096714,21.119403878131294,6.723463486677573,54503.0,142521.33985286005, 0.0, 0.0,0.0,NaN, 128.20919148800874,128.20919148800874,0.0, 61.31157102010962, 15.298633049845984, -17.41637547831696, 15.298633049845984, 164.13317538808244, 5.8932702740783025, -17.41637547831696, 5.8932702740783025, 265.7894350161268, 9.62706264587896, 5.3980614479510045, 8.0, 0.0
44, 0 ,1.0,1.0,1.0,48.65692558203991,183.27418237250555,164.21038317627495,15.034567529996579,9.923545597748292,9.556176078998698,62.0,42.0,43.0,-0.9940973987338189,0.050483368726255556,0.09603015834988449,15.078916017325797,-0.10088554514837633,-0.7557231688887537,-0.6470738742870519,11.009671454535823,0.03990574658830346,-0.6529425100931854,0.756355478530063,8.200543000500549,63.719784154281115,53.256763287830495,41.95410634552235,19.443193633487375,6.147983460305325,57728.0,142371.65683046976, -7.105427357601002E-15, 0.0,0.0,6.228352836240147, 62.67492365207506,62.67492365207506,NaN, 226.03822081402745, -3.921629332603364, -11.763258058375008, -3.921629332603364, 98.47675723058951, 27.16512013383318, -11.763258058375008, 27.16512013383318, 91.32050125282694, 8.519203993148519, 5.16261145862085, 6.0, 0.0
45, 0 ,1.0,1.0,1.0,118.77555608356332,116.29117394403524,51.444610969970576,12.772503208256511,9.036467613626783,10.981818603389776,61.0,42.0,55.0,-0.9910375780986971,-0.13120724499684863,-0.025083413974302644,12.830700718470025,0.02069165139031733,0.03472906695390229,-0.9991825396148859,10.982409179412691,-0.13197111183516969,0.9907464613960776,0.031702915830263995,8.952917550374906,61.60907405501786,55.78635045398201,41.144946517690514,18.35677161188052,5.331403282823032,54713.0,141412.93451821833, 0.0, 0.0,0.0,NaN, 127.47990369879382,127.47990369879382,1.9073486328125E-6, 163.13683820492287, 11.013097728743658, 1.263389372018357, 11.013097728743658, 81.65774693212573, -1.1259316316524335, 1.263389372018357, -1.1259316316524335, 120.60033983775776, 6.755881526570605, 4.284893333320928, 9.0, 0.0
47, 0 ,1.0,1.0,1.0,159.65799624966516,52.03629788373962,42.282078757031876,12.788051153072084,12.824353607198915,11.06917550748106,66.0,60.0,57.0,-0.7964239150225084,-0.4519902707153952,-0.40176329195042626,14.044487618679215,-0.2631397558936561,0.8571815676582034,-0.4427157428138871,12.703020109226015,0.5444872968660033,-0.24686951056306736,-0.8016165095018345,9.587001188319968,66.25244606965208,60.1441294226364,48.630117695655414,20.361966797364126,5.992933529961727,74660.0,193776.22043369885, 0.0, 0.0,0.0,NaN, 78.24977794251662,78.24977794251662,0.0, 163.53425229358828, 22.252368472587733, 41.796471992794736, 22.252368472587733, 164.46404544247582, -7.229271811298526, 41.796471992794736, -7.229271811298526, 122.52664641541857, 7.3341508820840575, 4.393923212164177, 4.0, 0.0
48, 0 ,1.0,1.0,1.0,50.69639745868605,140.1715210925538,49.839654353144084,10.512391108157107,13.603232287891718,9.512336241168653,49.0,58.0,40.0,-0.3842172864175635,-0.9166014703919233,0.1105387773285342,14.234482677055261,-0.8676185869272983,0.3175410746077946,-0.3826299172244711,9.768631698886667,0.31561854260515576,-0.24291852628461724,-0.9172652425288483,9.38062758574132,67.0256910333614,49.62351662769895,46.038119825467405,18.80395125930276,5.696863460890123,56821.0,153125.11116425012, 0.0, 0.0,0.0,NaN, 92.91696696356742,92.91696696356742,0.0, 110.51036681086063, 38.3207249145154, -2.4016142404024374, 38.3207249145154, 185.04792867833976, -12.516486357609764, -2.4016142404024374, -12.516486357609764, 90.48454076505055, 7.256447954652399, 4.3414623948824635, 6.0, 0.0
49, 0 ,1.0,1.0,1.0,141.18979232799174,147.84109075610968,17.680536964087658,8.741739415880769,13.685333732006544,10.324187368046383,38.0,56.0,40.0,-0.06544897767585875,-0.9721326317793356,0.2251101453754727,13.862003074285083,0.22271292614899277,-0.2341342371852675,-0.946350945212095,10.182094906219337,-0.9726846271260478,0.011802762704317722,-0.23183034949119005,8.62931203928455,60.444029774124616,48.13221027168227,40.83363375628693,18.41925068026571,5.570136134747218,52294.0,118797.4846777957, 0.0, 0.0,0.0,NaN, 80.57166826667793,80.57166826667793,0.0, 76.41800801516345, 5.96489414169124, -7.890395253156505, 5.96489414169124, 187.28835935639617, -19.282780774628865, -7.890395253156505, -19.282780774628865, 106.58884481052851, 7.897853347313524, 4.442998779601285, 5.0, 0.0
50, 0 ,1.0,1.0,1.0,44.44221254910288,149.64316806455037,123.71844144813674,11.838631253910691,8.658921891436574,10.795433532249332,52.0,39.0,52.0,0.8853731663552001,-0.0610643183072862,0.46085301922395316,12.242501221007839,-0.4385205545191607,0.21937219882341685,0.8715363226209146,10.43208902327014,0.15431811158245412,0.9737283950943642,-0.16744829955714544,8.541907626606136,59.1802766036733,47.40612503906783,39.969385562200074,17.495889221611485,5.056220305959203,47095.0,112134.41466312583, 0.0, 0.0,-1.4210854715202004E-14,62.557835017903386, 101.63560869073447,101.63560869073447,0.0, 140.153189966071, -7.608485361765085, 17.676393213740205, -7.608485361765085, 74.97692832199954, 4.692417635331557, 17.676393213740205, 4.692417635331557, 116.5413851492133, 6.6378941637452895, 4.2691489554344235, 9.0, 0.0
