// Sample: .//bubblelabels.tif, Map: .//bubblelabels.tif, Thickness:(8.191250068658265):/gpfs/home/mader/Foam/NewValid/InSilicoTest/LatticeData_OldFoam/out_Step_07000.vtk/distmap.tif, Neighbors:(1.0):
//LACUNA_NUMBER, TRIANGLES, SCALE_X, SCALE_Y, SCALE_Z, POS_X, POS_Y, POS_Z , STD_X, STD_Y, STD_Z,PROJ_X, PROJ_Y, PROJ_Z, PCA1_X, PCA1_Y, PCA1_Z, PCA1_S, PCA2_X, PCA2_Y, PCA2_Z, PCA2_S, PCA3_X, PCA3_Y, PCA3_Z, PCA3_S,PROJ_PCA1, PROJ_PCA2, PROJ_PCA3,OBJ_RADIUS, OBJ_RADIUS_STD, VOLUME, VOLUME_BOX, Mask_Grad_X,Mask_Grad_Y,Mask_Grad_Z,Mask_Angle, Mask_Distance_Mean,Mask_Distance_COV, Mask_Distance_STD, SHAPET_XX, SHAPET_XY, SHAPET_XZ, SHAPET_YX, SHAPET_YY, SHAPET_YZ, SHAPET_ZX, SHAPET_ZY, SHAPET_ZZ, Thickness, Thickness_STD, Neighbors, Neighbors_STD
1, 0 ,1.0,1.0,1.0,78.92340846463647,135.7774519732762,39.44841690415067,18.004133747409565,17.341819947068018,19.072028100038057,97.0,91.0,87.0,0.3746228413649755,-0.36010945206799444,0.8543880320199492,19.486939132776996,0.8085537518513871,-0.3240933838492047,-0.4911255531045172,18.023487662867634,-0.45376046224266625,-0.8748054989976124,-0.1697550642215455,16.853572399395972,96.15831122188408,92.07042195593655,87.6450413413879,30.251119822750923,8.573188227822019,254754.0,775951.0250383806, 0.0, 0.0,0.0,NaN, 161.92775692967174,161.92775692967174,0.0, 324.148831994612, -23.60250028300785, 14.427327973785847, -23.60250028300785, 300.7387190765262, -22.949009647028475, 14.427327973785847, -22.949009647028475, 363.7422558486412, 7.9032383371389825, 6.219716652630237, 42.0, 0.0
2, 0 ,1.0,1.0,1.0,56.87793921128202,262.3961146967672,13.690014500582867,19.727944787811552,21.10609477419765,9.14071173628222,110.0,95.0,38.0,0.5271030614581526,0.8479337356425423,-0.0563093470102924,21.926064784971985,0.8470503483412999,-0.529569407545963,-0.045408699235940306,18.860990184069703,0.06832327550934013,0.023761787615842696,0.9973802221184127,9.040043447672101,106.08604535691728,99.54340639470658,41.88399812031906,28.47078655589365,10.374293523080851,140684.0,442301.9865388447, 0.0, 0.0,0.0,NaN, 69.54544309907838,69.54544309907838,0.0, 389.191805550941, 55.430568377164235, -22.38308600122283, 55.430568377164235, 445.4672366174134, -12.46307638447853, -22.38308600122283, -12.46307638447853, 83.55261104580752, 7.740256545320545, 5.95794027864522, 23.0, 0.0
3, 0 ,1.0,1.0,1.0,260.82426656046727,140.21424664808177,127.05006770211071,18.177674238213076,16.61334258575639,15.217444228574516,89.0,88.0,76.0,-0.95005121815143,-0.2549796327688262,0.17996685739896337,18.324507422624677,0.3057114002130648,-0.8763382642712121,0.37225231544462756,16.833703825813174,0.06279508474993584,0.4086766857152406,0.9105164160431454,14.793256729167304,99.11801977251602,86.2702411209803,79.42593963961087,27.735540416239363,8.291043315002351,188325.0,679166.0841219019, 0.0, 0.0,-1.4210854715202004E-14,79.63217065072426, 193.2265322276559,193.2265322276559,0.0, 330.4278407105953, 11.040852211965378, -12.65136869453688, 11.040852211965378, 276.0031518717068, -26.41838912329328, -12.65136869453688, -26.41838912329328, 231.57060884977585, 6.729851843615887, 5.583113803269639, 40.0, 0.0
4, 0 ,1.0,1.0,1.0,77.99226745508301,16.74364826667533,261.65386302349003,16.917857459655256,10.650539869137745,18.164822369999555,81.0,45.0,80.0,-0.5380539342475368,0.13797100198576737,0.8315419210429446,19.012612006411985,0.827547372578867,-0.1010241408824381,0.5522313546845914,16.15895618886411,-0.16019772151488637,-0.985270584951164,0.0598211037296222,10.344921065090395,108.89197322197477,91.41758395595747,48.2143616642296,25.56287179660599,8.726296910665603,123116.0,479956.66643308196, 0.0, 0.0,0.0,NaN, 88.50745596323851,88.50745596323851,0.0, 286.213901025213, -31.772848751178913, -43.429168608480175, -31.772848751178913, 113.43399950409265, 20.59735997664387, -43.429168608480175, 20.59735997664387, 329.9607717336363, 7.519339541918396, 5.844894176743531, 21.0, 0.0
5, 0 ,1.0,1.0,1.0,188.21740987983978,113.16089007565643,236.22091084408842,15.982854134459457,14.975253409056094,16.289392354519222,81.0,88.0,82.0,0.15085107493875066,0.13441577140749156,-0.9793754916204268,16.301721009283824,0.9176500981476865,0.34940583080953386,0.18929834327283754,16.160483108142934,-0.3676441901613094,0.9272798745757552,0.07063840065719627,14.769794246204789,81.47385232687444,84.00954924896695,84.90754006264862,26.279528197558577,7.378383423358939,168525.0,581156.5872255815, 0.0, 0.0,0.0,NaN, 171.37242108998828,171.37242108998828,0.0, 255.45162628340776, 14.756962756374529, 0.43970359046702195, 14.756962756374529, 224.2582146654462, -3.4210815999204858, 0.43970359046702195, -3.4210815999204858, 265.3443032794693, 7.003329450869981, 5.680689185098573, 39.0, 0.0
6, 0 ,1.0,1.0,1.0,274.9749013087133,206.2477020482439,208.2402834867239,15.26013764780438,16.40031775851665,17.408883600744513,61.0,90.0,86.0,-0.34530647850155816,0.2672652981591626,0.8996291993397874,17.903207015767023,0.2082324003985174,0.9565173583034257,-0.20423959138351971,16.30015992950502,-0.9150971004921413,0.1168066935758799,-0.38594493520027706,14.788218846692585,92.9538587143323,93.64121495098752,74.3699323217071,27.14668366170112,8.24433247788385,172001.0,647339.1140098764, 0.0, -2.8421709430404007E-14,0.0,74.49839925400615, 133.54997008738073,133.54997008738073,0.0, 232.8718010299366, -0.03592810656761884, -33.633360830400406, -0.03592810656761884, 268.9704225803166, 15.302188487555911, -33.633360830400406, 15.302188487555911, 303.0692282242713, 7.755961499890314, 5.9663866302244655, 34.0, 0.0
7, 0 ,1.0,1.0,1.0,264.06801074116925,280.0809301395495,27.102183942523318,18.584568644345843,11.670103650732484,16.054443434487418,80.0,50.0,68.0,0.9832715976799253,-0.10044865258561979,-0.1519441785317882,18.706002627307264,-0.14722858037385644,0.052843393651343676,-0.9876898910429872,15.991860208527758,0.1072413647668909,0.9935379428794565,0.03717049558173843,11.561511046765423,84.49781291145729,74.4070454489015,55.59652281604349,25.897286443964664,8.285723851639133,140022.0,349548.271008991, 0.0, 0.0,-3.552713678800501E-15,81.26038860694574, 49.21793952063217,49.21793952063217,0.0, 345.38619169640265, -22.30797087399801, -14.556563237810131, -22.30797087399801, 136.19131921883965, -3.0707670825775923, -14.556563237810131, -3.0707670825775923, 257.7451539911562, 7.077696564673715, 5.717196330229724, 17.0, 0.0
8, 0 ,1.0,1.0,1.0,278.0695892090742,208.81014581611709,285.2884333431077,13.336601859075374,17.503914858905226,8.840659261837052,53.0,89.0,39.0,0.24161008421899804,0.9672834932488781,-0.07737706954864415,17.789473002813104,0.9703638420909242,-0.2404841398591972,0.023693721504276902,13.010546890712929,-0.0043105876894920375,0.08080855254506886,0.9967203201848258,8.756115611727896,92.03994074675762,61.549764301593086,41.74240508962521,22.28517712122979,8.11049452219927,75026.0,236472.25507989092, 0.0, 0.0,0.0,NaN, 94.93662421340231,94.93662421340231,0.0, 177.86494914749275, 34.43160009455469, -2.3538761294000743, 34.43160009455469, 306.3870353878031, -18.475309298919985, -2.3538761294000743, -18.475309298919985, 78.15725618390526, 6.9054292452704615, 5.588944372427427, 12.0, 0.0
9, 0 ,1.0,1.0,1.0,155.61221962870934,176.1874356850639,14.727137347421964,17.240834287342878,17.471559264599996,9.66415933969604,82.0,81.0,41.0,-0.642060539936061,-0.7666497634470524,-0.00253046706999988,18.011452142221238,-0.7605630536894716,0.6365408161068729,0.12790477236030734,16.769454758606667,-0.09644741789990942,0.08404718696407762,-0.9917832252785213,9.501089654907997,84.71833234317003,87.56236375122802,44.66042236306658,25.116551528440997,8.065765005390256,119529.0,331297.1509063979, 0.0, 0.0,0.0,NaN, 190.77282504916178,190.77282504916178,0.0, 297.24636692361776, 22.8113079791377, -18.194542385610426, 22.8113079791377, 305.25538313643, 16.000236050400805, -18.194542385610426, 16.000236050400805, 93.39597574303421, 8.518580073097466, 5.85373979073486, 18.0, 0.0
10, 0 ,1.0,1.0,1.0,44.087605880537886,256.438238426548,213.43718335373805,17.090794583825826,20.821147804088707,14.3630995452302,85.0,89.0,78.0,0.20155713181254128,-0.9755964535897887,-0.08709926726746114,20.985952136507095,0.9206395121001496,0.21905490975710648,-0.32316843173692694,17.262370271228377,0.33436149804590354,-0.015050124728143967,0.942324722359637,13.91094782808398,94.2581467820383,89.90205284571434,80.34409300804072,29.126305687187333,9.141794186526305,200934.0,680835.9159084919, 0.0, 0.0,2.8421709430404007E-14,85.00324815886363, 106.46344578959616,106.46344578959616,0.0, 292.0952595065302, -27.479656558981837, -35.417931950667125, -27.479656558981837, 433.5201958797079, 13.583698853453662, -35.417931950667125, 13.583698853453662, 206.298628546192, 7.516047256814274, 5.4693652452591275, 32.0, 0.0
11, 0 ,1.0,1.0,1.0,14.428164066926012,168.38253956263927,12.767307474411753,9.084799434786989,17.390944490171236,8.348741890637024,35.0,82.0,34.0,0.04779452071304214,-0.9978765806569594,0.0442494470720777,17.419044618104383,0.9711840476147907,0.036069336337466715,-0.2355855441972765,9.100164874453748,0.23348924910659757,0.05423405528400678,0.97084573326512,8.273083224363674,82.4082125730896,41.92240234852768,39.73943401393829,19.95936523966939,7.503583238457925,52954.0,137289.8193684763, 0.0, 0.0,1.7763568394002505E-15,87.46386534636491, 133.02004341627816,133.02004341627816,0.0, 82.53358077030599, -10.703522293003743, -2.790651553562296, -10.703522293003743, 302.4449502602173, -10.49772156039494, -2.790651553562296, -10.49772156039494, 69.70149115647746, 9.101625207600405, 5.72429536597532, 11.0, 0.0
12, 0 ,1.0,1.0,1.0,22.131929990200916,131.3231193986081,188.78494231415718,14.07482727552828,15.968832986682258,15.612190130145043,61.0,75.0,75.0,-0.4621504046217658,-0.6682678593550898,-0.5829537474456301,16.37449910562966,-0.1489210145722354,0.7065152476095189,-0.6918516721913996,15.866510890050881,0.8742079471880324,-0.2329254667232107,-0.4260354351753622,13.303175623434234,86.74246663751305,85.18307350451109,66.37006262041841,25.261917905194306,7.660311625741417,139809.0,490407.7231309396, 0.0, 0.0,0.0,NaN, 173.50611824871646,173.50611824871646,0.0, 198.1007628359548, 20.28360879981036, 32.26068235246161, 20.28360879981036, 255.00362695655141, -1.039545158337891, 32.26068235246161, -1.039545158337891, 243.74048065979832, 6.996722553621304, 5.185449521009711, 25.0, 0.0
13, 0 ,1.0,1.0,1.0,123.15668107459723,234.92854631563708,76.56261934798944,14.328714729438829,14.504198785037216,16.480324210711508,75.0,70.0,78.0,-0.1528099508012454,0.38115511026851306,0.9117948787157774,16.89760593317868,0.8201979871118135,-0.46577077794729127,0.3321638817633632,14.406294433855427,-0.5512933709685353,-0.7986102706117506,0.24144824455683211,13.936087280716459,80.66709051880923,70.03241072795211,71.46783145938318,25.19618878312742,7.241340006424565,145059.0,403743.9932196894, 1.4210854715202004E-14, 2.8421709430404007E-14,0.0,73.25983764834106, 158.94557829436897,158.94557829436897,0.0, 205.31206579763727, -10.4097091573897, -9.092226008321493, -10.4097091573897, 210.37178239587504, 29.673212620670686, -9.092226008321493, 29.673212620670686, 271.6010860901639, 6.579828568325826, 5.137140398934755, 32.0, 0.0
14, 0 ,1.0,1.0,1.0,191.19731716100307,279.4918074379624,59.72462024487658,16.627262858561103,12.028172953610575,14.547415936460569,76.0,52.0,77.0,-0.9614319847885567,0.01858161653278889,0.27441439858827693,16.79672125684301,0.2731982580443924,0.17987259490306787,0.944991302290316,14.426882346496702,0.031800163946858584,-0.9835143990455174,0.17801173119513125,11.937560302603764,79.03162114674129,74.1303215665763,57.34135917824963,24.119757698919646,7.141947475540689,122184.0,335942.3512653473, 0.0, 0.0,-7.105427357601002E-15,74.07288080906922, 125.80000007360768,125.80000007360768,0.0, 276.4658701676855, 0.7307095403504427, -19.893651128492483, 0.7307095403504427, 144.67694460196893, 11.867542762269427, -19.893651128492483, 11.867542762269427, 211.62731042838695, 7.152431115115623, 5.56039207736035, 28.0, 0.0
15, 0 ,1.0,1.0,1.0,173.19737129740955,102.64871843917368,11.665673844135972,14.07664421747491,17.212439643340115,7.48109344912473,69.0,85.0,30.0,-0.27583466360686426,-0.9611827295605511,0.006557343015031064,17.465580651021273,-0.9588249225052657,0.2756250212858896,0.06845155676771904,13.78460476948196,-0.067601821984762,0.012593968226162336,-0.9976328912123232,7.4380719253970335,85.09579343512463,69.06642961616402,32.235410671223825,22.149448944778687,7.732312819473033,73192.0,189455.97443359438, 0.0, 0.0,0.0,NaN, 163.55963435190705,163.55963435190705,0.0, 198.15191242536977, 30.61260265367393, -9.291825942075478, 30.61260265367393, 296.2680784756264, 0.9672524347822211, -9.291825942075478, 0.9672524347822211, 55.96675919453695, 7.158948748182851, 5.190998022386506, 22.0, 0.0
16, 0 ,1.0,1.0,1.0,219.48766908964248,29.531785141238743,262.7565623055005,14.860767323217562,16.859650115255757,17.010250447260056,84.0,71.0,74.0,0.3133623113151412,0.5008228075479401,-0.8068336738678131,17.636215323608138,-0.19792707634384268,0.865411935617359,0.46031190962324087,16.592182561987972,-0.9287781943484741,-0.015449826238992284,-0.37031387844904445,14.425748320664574,89.21020350476127,92.07300383170593,76.3733569813383,27.037021545711323,7.964815984004456,175129.0,627319.4058604783, 0.0, 0.0,0.0,NaN, 93.49564382125654,93.49564382125654,0.0, 220.84240543481084, 4.644044618609694, -32.14721835733222, 4.644044618609694, 284.24780200884345, -14.824514523999088, -32.14721835733222, -14.824514523999088, 289.34862027851096, 7.618156322999273, 5.554123706596206, 34.0, 0.0
17, 0 ,1.0,1.0,1.0,158.64727851588808,254.3224934619657,279.5431947590767,17.251934932420927,14.866531582829268,10.995072384156618,82.0,83.0,48.0,-0.8942830582770955,0.4258581129428157,-0.13748701509360173,17.938590629208345,0.4436018946600067,0.884086672899872,-0.1469969858700767,14.235487841508284,-0.05895057873012416,0.19244641446807792,0.9795351993806876,10.728116754609706,86.15959288410403,74.2355725747824,51.613952570467745,24.08733603935177,7.702913700400921,114331.0,330128.3483945774, 0.0, 0.0,0.0,NaN, 149.9516834022284,149.9516834022284,0.0, 297.6292589124854, -44.381181010918745, 19.704904313347136, -44.381181010918745, 221.01376130326008, -23.48099932618389, 19.704904313347136, -23.48099932618389, 120.8916167328435, 7.581650064371307, 5.529951850344448, 29.0, 0.0
18, 0 ,1.0,1.0,1.0,235.01101040617658,243.15347432024168,10.738368580060422,14.913399321015083,13.678238310169863,7.183224846223794,67.0,65.0,30.0,-0.9933747438313381,0.05047184321106185,-0.10324345674618586,14.976146026544015,0.0561072864537347,0.9970473319192851,-0.05242699990876287,13.691711253296923,-0.1002925257674873,0.05787236780634492,0.9932734760979298,7.025275433549278,67.97860535994542,64.84300513021662,33.231475312026596,20.3727923792102,6.786142677758968,59580.0,146482.25145675143, 0.0, 0.0,0.0,NaN, 87.00809623274571,87.00809623274571,NaN, 222.40947930805316, -1.044556548406821, 17.534518801804204, -1.044556548406821, 187.09420326979853, -8.130776137899126, 17.534518801804204, -8.130776137899126, 51.59871919140686, 7.126979186153024, 5.128777251830234, 11.0, 0.0
19, 0 ,1.0,1.0,1.0,272.3183907405602,65.99591904954247,238.23418805799685,15.790254409204312,16.17181529230182,13.72209158055777,72.0,82.0,70.0,-0.581426833089139,0.8117024578421257,-0.055515382525811556,16.56608583455185,0.8118192108284217,0.583313471042333,0.026362159063020058,15.385864056259004,-0.05378109978285245,0.029740787373538403,0.9981097529192611,13.711146154334275,87.91400183918404,79.56771535313968,70.09420805340812,25.344848353282043,7.5361929015944495,143594.0,490317.13546021876, 0.0, 0.0,0.0,NaN, 94.53437653700882,94.53437653700882,0.0, 249.33213430739622, -17.71930876656377, 3.8329815742749846, -17.71930876656377, 261.5276098483269, -3.145812260944147, 3.8329815742749846, -3.145812260944147, 188.29579734521445, 6.083012781488819, 4.914557310815025, 28.0, 0.0
20, 0 ,1.0,1.0,1.0,277.68701514753525,207.20868575431223,12.369477278697136,13.217169983723103,13.74791247734481,7.763798535948951,55.0,72.0,31.0,0.40014744878106634,-0.9157465698225364,0.03591989827745816,13.86685673061085,0.9137845653352665,0.4016642942111714,0.06052737323624343,13.114551187248933,-0.06985547501121057,0.008603174652451888,0.9975200238575952,7.726194350384119,66.17998891660315,63.0522868204352,32.35258278283628,19.582794439581487,6.363128908584686,57105.0,135000.84588449931, 0.0, 0.0,0.0,NaN, 96.2346157087797,96.2346157087797,NaN, 174.69358237863096, -7.370478233310144, 8.116884115264066, -7.370478233310144, 189.00509748473314, -1.6313993648581984, 8.116884115264066, -1.6313993648581984, 60.276567706803085, 7.523340933503062, 5.565081548926591, 12.0, 0.0
21, 0 ,1.0,1.0,1.0,40.76170561225982,85.18954903050331,36.946122013277574,13.302354412543766,13.874959392841351,17.3078337408889,62.0,70.0,80.0,0.24127538032583012,0.026078556859497237,0.9701062311524198,17.54039674685158,-0.1597919641531696,-0.9849271994867184,0.06621887875313943,13.898443475909868,0.957210906248304,-0.17099216526898756,-0.23347154082655347,12.969039701618161,82.81224263192385,71.83266978428671,61.09871875212631,24.828102518035294,7.252142112936842,136772.0,363453.3340090305, 0.0, 0.0,0.0,NaN, 101.4090323406207,101.4090323406207,0.0, 176.9526329169226, 4.807539423292372, 32.38039956026622, 4.807539423292372, 192.51449815299645, 1.8998244290188528, 32.38039956026622, 1.8998244290188528, 299.5611088022522, 6.838837671236502, 4.939644772553273, 22.0, 0.0
22, 0 ,1.0,1.0,1.0,69.87444488658973,63.683724631914046,159.59154795065658,14.575463916072401,14.28279478795357,14.064689786754741,71.0,65.0,70.0,-0.8508986273236822,0.48787148068982505,0.1948151543083638,14.622867902363664,-0.49980588941012394,-0.637642330523292,-0.5861794360396652,14.519805233022414,-0.16175784039615812,-0.5961490389611831,0.7864100230897549,13.769708218632767,79.37081946663221,78.03002290408227,80.30674575719598,23.855325677928445,6.72170446547236,125650.0,497364.3194743602, 0.0, -7.105427357601002E-15,0.0,60.79922406871612, 169.27075423148352,169.27075423148352,0.0, 212.44414836872863, -3.2931202563225734, 2.2014505409435716, -3.2931202563225734, 203.99822695479367, 10.233721572296803, 2.2014505409435716, 10.233721572296803, 197.81549879764313, 7.010213456932312, 5.100047115168828, 29.0, 0.0
23, 0 ,1.0,1.0,1.0,65.61961503208066,42.02004671653706,34.731158156175155,14.612699851035181,13.319958842964365,16.52742993511162,77.0,69.0,76.0,-0.1224478929795824,-0.017063554025301932,0.9923282464128923,16.553736167791634,0.9107169805692299,0.39546334864308613,0.11917768743712659,14.856803338943607,0.3944630461877577,-0.9183232410235637,0.03288358539229302,13.013740976745813,79.16669224248638,80.53830457039257,62.095366850452,24.741980937198502,7.207122871037712,135284.0,395917.02702454256, 0.0, 0.0,0.0,NaN, 85.31044220895632,85.31044220895632,0.0, 213.53099693644361, 18.718840395264777, -7.142896434783383, 18.718840395264777, 177.4213035782646, 0.6486361955621743, -7.142896434783383, 0.6486361955621743, 273.1559402600237, 6.4332479252124335, 4.935437149474509, 23.0, 0.0
24, 0 ,1.0,1.0,1.0,27.696035915713928,283.53700589745034,133.34859322074809,14.992812248555973,10.574567211881071,20.17997035175879,63.0,47.0,107.0,0.1682951346187068,-0.07033832420343689,0.9832239153986868,20.351735927533635,0.9852981179932244,-0.01774594939898097,-0.16991968679037547,14.810820514988428,-0.029400107868540738,-0.9973653299710099,-0.06631766151740537,10.501596766475027,104.36348327456597,65.6141427645725,50.46283265059941,25.793291013097146,8.862462014054115,124291.0,345555.373174679, 0.0, 0.0,0.0,NaN, 137.18581520775987,137.18581520775987,1.9073486328125E-6, 224.78441912045, -5.504774418053775, 32.02665399650705, -5.504774418053775, 111.8214717185902, -20.688970677833964, 32.02665399650705, -20.688970677833964, 407.23120339786385, 6.748257565322451, 4.961091072087296, 18.0, 0.0
25, 0 ,1.0,1.0,1.0,281.50635391469007,104.29886932060727,168.22695679775833,11.80359059102895,13.102683969275727,15.006096932188576,49.0,65.0,73.0,0.10944710581896198,-0.10680488881760963,0.9882378492814933,15.040987868355161,0.4811600385282685,-0.8642716345401075,-0.14669546364099573,13.65360761512752,-0.8697737339971403,-0.491555955567654,0.04320178462334989,11.11466176785,71.67186797025693,70.97947867072136,58.91039589210732,22.13732710873112,6.7916692836805375,91361.0,299690.84074002836, 0.0, 0.0,0.0,NaN, 169.06922842985256,169.06922842985256,NaN, 139.32475084062716, -27.35149564519447, 6.668838471327008, -27.35149564519447, 171.68032719871513, -2.866486305565846, 6.668838471327008, -2.866486305565846, 225.1829451382394, 6.8226035047556195, 5.218454113733866, 15.0, 0.0
26, 0 ,1.0,1.0,1.0,33.76710307947631,180.56188087774294,207.3640346671584,15.197304923230885,15.601512619607268,14.35239982234293,69.0,73.0,75.0,0.5909168777757513,-0.7675438117689736,0.24838224689963867,16.814505959564983,0.6382631808500492,0.25650358811148405,-0.7258278179135268,14.702150499192555,-0.4933937124963546,-0.5874371509370934,-0.6414672541665516,13.471295915562758,95.0348176951815,76.01178476668099,67.31488008116975,24.961504825106548,7.568350578294995,135575.0,486266.9492935566, 0.0, 0.0,-2.8421709430404007E-14,75.61819747765765, 154.87770537746832,154.87770537746832,0.0, 230.9580769296577, -40.24594218170983, -1.2039211166109414, -40.24594218170983, 243.40719601976485, -25.75922602869289, -1.2039211166109414, -25.75922602869289, 205.99138066038938, 6.586024129954559, 4.930669125278598, 35.0, 0.0
27, 0 ,1.0,1.0,1.0,123.98680265875791,187.34611273197822,114.16982936689733,14.00136350863148,13.932260412674951,15.169657175639111,70.0,71.0,73.0,-0.17211539397975303,-0.31822343635575845,0.9322607659389764,15.299415720952476,-0.7372197089703876,-0.586088564903017,-0.3361655764582976,14.419285390997812,-0.653363139349636,0.7451402811845937,0.13372572488243809,13.352027806452297,75.13499930211907,68.22132002175576,66.03198552355641,23.94039305174876,6.864556770947441,124419.0,338467.33460595005, 0.0, 0.0,0.0,NaN, 202.72734272367993,202.72734272367993,0.0, 196.03818010083722, 15.862346724422345, -1.6073360192540453, 15.862346724422345, 194.1078802065896, -10.713101391481429, -1.6073360192540453, -10.713101391481429, 230.11849882641917, 6.326413265014291, 4.7652452829330185, 31.0, 0.0
28, 0 ,1.0,1.0,1.0,31.81523558294448,14.026722676036044,71.35281469248417,17.551069308864125,8.976843297588097,14.20293275936818,73.0,36.0,72.0,0.9951241834800164,-0.002909051271635048,-0.09858700154650313,17.581143759589366,-0.09854671237337695,0.011721728057861553,-0.995063388217925,14.166338809341543,0.004050300437021265,0.9999270665963778,0.011377897623609044,8.975816246154661,76.36128094009197,68.68816258048929,36.66193048176365,23.072067168900357,7.617530111190111,90223.0,192296.0810962137, 0.0, 0.0,0.0,NaN, 79.37368788691039,79.37368788691039,0.0, 308.04003388455226, -0.800322899820171, -10.641383894087767, -0.800322899820171, 80.58371558945232, -1.3355201691761605, -10.641383894087767, -1.3355201691761605, 201.7232989671338, 6.8400922551650885, 5.209567900968469, 16.0, 0.0
29, 0 ,1.0,1.0,1.0,235.46755027422304,274.24609759527493,95.32945436647448,13.775396572434795,13.470592924814785,14.510206043466942,72.0,60.0,71.0,-0.4843243098324042,-0.48691635603915684,0.7268716703290306,15.321238405970906,-0.6815321949258752,-0.3109718425695855,-0.6624276416397464,13.603357135055337,-0.5485834760406885,0.8162162552598586,0.1812379498468499,12.726854767039821,78.38135447506716,71.68455322759962,67.53322230974248,23.187688760159947,6.640451329519309,113776.0,379451.10270943923, 0.0, 0.0,-1.4210854715202004E-14,43.3752277534201, 117.96357669421428,117.96357669421428,0.0, 189.7615507278483, 22.05162417664337, -15.198044002943988, 22.05162417664337, 181.45687374607016, -21.000208499695223, -15.198044002943988, -21.000208499695223, 210.5460794238646, 6.086280882810919, 4.705011122044149, 23.0, 0.0
30, 0 ,1.0,1.0,1.0,134.25131371209088,24.280407820219775,249.67575464806654,15.180036981944802,13.83355486606408,14.343484733053213,75.0,60.0,71.0,-0.895982274940063,-0.24836537490323277,-0.3681445416441826,15.590638970032309,0.15784359963854572,0.5967508398270568,-0.7867489009962767,14.489225437336641,0.41509175015455935,-0.7630223297616388,-0.49547529024033676,13.211004504771548,80.31814865130423,78.78662254956119,63.725181873887564,24.081201137043507,6.9015990241524605,127311.0,403252.67443708284, 0.0, 0.0,0.0,NaN, 145.41486549723868,145.41486549723868,2.6973983046972182E-6, 230.43352277321188, 18.586794163836146, 18.210164322290172, 18.586794163836146, 191.36724023240518, -10.356675897458352, 18.210164322290172, -10.356675897458352, 205.7355542873306, 7.836481612551272, 5.2311197097697395, 21.0, 0.0
31, 0 ,1.0,1.0,1.0,19.94952031477961,253.0061983288386,81.48571554887484,11.668293264205916,15.846125174749119,15.241121876124412,49.0,81.0,81.0,-0.18336261653085514,0.9260698430663677,0.32980721129470614,16.07163856181416,-0.014575194628414348,0.332897470686287,-0.9428503792820028,15.144803926428224,-0.9829372892308553,-0.1776905168367324,-0.04754330305934381,11.483810115317178,84.02966104324219,78.80534410502001,53.54457345901644,23.75092077016811,7.445422040785246,113095.0,354571.4347517749, 0.0, 2.8421709430404007E-14,0.0,22.169764926845307, 96.15780048862598,96.15780048862598,0.0, 136.14906769951315, -21.93990551077091, -6.305451610871198, -21.93990551077091, 251.0996830538178, 8.013117409259657, -6.305451610871198, 8.013117409259657, 232.29179604287813, 6.812210739214923, 5.282307763225831, 17.0, 0.0
32, 0 ,1.0,1.0,1.0,165.38121892398846,11.442924345729002,219.27136987524935,16.63843331244805,7.725639994378973,13.908867969386176,85.0,32.0,73.0,0.9749683488925542,0.04107807657287684,0.21851615565627835,16.773723072624314,-0.22166956413465017,0.10310735453542175,0.9696553396836735,13.81033960253011,-0.0173009535598559,0.9938216465069472,-0.10963216653947883,7.608963066742058,83.98126102546681,73.97078956335366,35.37389938654471,21.66361215804168,7.788934000959522,67174.0,219748.32941317544, 0.0, 0.0,2.8421709430404007E-14,77.3781053803749, 157.38573143011408,157.38573143011408,0.0, 276.83746309278104, 5.913680789510399, 19.056938104543615, 5.913680789510399, 59.685513322747944, 15.285913182208528, 19.056938104543615, 15.285913182208528, 193.45660818981673, 6.833175730133119, 4.814152411684455, 18.0, 0.0
33, 0 ,1.0,1.0,1.0,58.855711668755646,111.65429350255498,158.090524230658,13.92544187894938,12.574486119569062,15.01319946012719,71.0,63.0,73.0,0.5114564800114544,0.14837372300377152,0.8464026863002581,15.60522813221629,-0.801512490224257,-0.27276155395118007,0.5321455277465449,13.403140451683766,-0.3098225251152729,0.950571603304106,0.020582272057727925,12.420324943362763,75.2813899306004,65.26975348879424,61.699040879181595,23.129248118975937,6.516875952132734,114091.0,303164.2692471462, 0.0, 0.0,0.0,NaN, 189.91833867933832,189.91833867933832,0.0, 193.91793152399723, 12.3221023537269, 27.814930273949056, 12.3221023537269, 158.11770117123504, 7.525619520432029, 27.814930273949056, 7.525619520432029, 225.39615802956334, 6.601689355388544, 4.937991994761723, 23.0, 0.0
34, 0 ,1.0,1.0,1.0,144.75570344859682,152.42068227300229,58.414678642900355,13.319970178427004,13.924967922487268,13.666574754703948,66.0,66.0,63.0,0.5353172658331514,0.6666432621157444,0.5186734868649031,14.778779728666256,0.06454875443059017,-0.6445603725200094,0.7618237227064576,13.37300973393532,-0.8421810275720882,0.37433766475275343,0.3880752885009262,12.682739574320284,75.17582710180216,66.21746689060538,64.09773120491175,22.728356239590124,6.4438672680843165,107435.0,319075.48322284844, 0.0, 0.0,7.105427357601002E-15,58.7566863871771, 214.81653423937732,214.81653423937732,0.0, 177.42160555418474, 19.79304907094718, 16.866371812365475, 19.79304907094718, 193.90473164229937, 11.071058631316506, 16.866371812365475, 11.071058631316506, 186.7752655259113, 6.2374010170652285, 4.74293104360623, 19.0, 0.0
35, 0 ,1.0,1.0,1.0,24.736201358538256,14.41674477384024,265.0460849876257,13.886690680702316,9.13822071493522,19.249559087429507,50.0,41.0,79.0,0.10253781030392035,0.06720702456966857,0.9924561518306836,19.33116374673978,-0.9927687164992595,-0.055693376783831065,0.10634154090865233,13.832919207579138,-0.062420132957961255,0.9961834487838606,-0.06101035461791885,9.04705672305294,83.30857815471796,55.99855139131135,42.62550968911831,24.019244551872184,8.364727856538872,94955.0,198854.80978622078, 0.0, 0.0,0.0,NaN, 45.18294326641953,45.18294326641953,NaN, 192.84017806150453, 8.065526194933947, 18.139122561792846, 8.065526194933947, 83.50707783487117, 18.817527511660227, 18.139122561792846, 18.817527511660227, 370.5455250604399, 6.282563712937303, 4.817340273732107, 10.0, 0.0
36, 0 ,1.0,1.0,1.0,53.614984849876045,19.41741805160224,164.03322008998256,14.910788961089391,11.828307111446993,15.026227433315695,85.0,47.0,76.0,-0.6334713544094284,0.1471049160308086,0.7596539915134083,15.356494414253527,0.7680457208161017,3.8356060987951995E-4,0.6403948966203068,14.643042107939928,-0.0939138641456062,-0.9891208200016961,0.11322627592751297,11.738287122603554,77.85959098543645,74.12818632478115,49.901366458996975,23.229314722859268,6.958945677985469,108910.0,288010.24100165843, 0.0, 0.0,0.0,NaN, 147.44004870910157,147.44004870910157,0.0, 222.33162744214528, -9.112944874301851, -9.484785742235347, -9.112944874301851, 139.9088491227075, 10.97406832696061, -9.484785742235347, 10.97406832696061, 225.78751087772918, 6.467691402170527, 4.784671870273793, 21.0, 0.0
37, 0 ,1.0,1.0,1.0,128.61930664280922,93.01475285171102,209.46440617311563,14.403247333921987,12.617004594728082,14.438645098749117,69.0,63.0,69.0,0.6642894263959744,0.07871940476654563,0.7433187830881899,15.358457536949402,-0.6355243953618758,0.5829685046091583,0.5062178044416099,14.287264772153282,0.39348227517695017,0.8086723551271937,-0.4372879156512424,11.623625011555655,72.29331954092692,71.01180913774249,58.84041875229198,23.071526085971993,6.5438134950178775,111775.0,302067.84617582476, 0.0, 0.0,0.0,NaN, 182.7330403592313,182.7330403592313,0.0, 207.45353376213083, -20.300561276260233, 27.556040362141527, -20.300561276260233, 159.1888049433895, 26.264246872919664, 27.556040362141527, 26.264246872919664, 208.4744722876319, 6.667549706023962, 4.831170359908447, 27.0, 0.0
38, 0 ,1.0,1.0,1.0,281.51633971433654,254.244544538612,243.38076216440467,11.071614707610541,13.780833029796325,13.600269038807156,45.0,73.0,73.0,0.11921024497865482,0.862042228141253,-0.49261761478188437,13.934306678012161,-0.06673343260954312,-0.48807703765002936,-0.8702456287111813,13.491484416681773,-0.9906238269213378,0.1366162589885842,-6.567462884714236E-4,11.01245997924072,75.03065296967632,68.64104035150541,49.50348174422243,21.3621385867419,6.412360264186385,84365.0,254951.9444822168, 0.0, 0.0,0.0,NaN, 75.10622807143615,75.10622807143615,0.0, 122.58065223377804, 9.469109172684362, -0.7527218709607447, 9.469109172684362, 189.91135899512534, -5.151905460959233, -0.7527218709607447, -5.151905460959233, 184.96731792793653, 6.587830546386494, 5.027949926569588, 15.0, 0.0
39, 0 ,1.0,1.0,1.0,133.84584327940354,278.4259177398599,54.426340140865825,13.42987395842875,12.349767373464768,14.809776393554472,59.0,52.0,72.0,-0.08489055595259282,-0.08287822928593647,0.9929374565502541,14.83724102583124,0.9869223133711315,-0.14404645535623745,0.0723530653772025,13.439671452267879,0.13703262706462993,0.986094223596169,0.0940225574531708,12.306065802747318,72.7044854109075,62.71459980366447,56.78163864414802,22.546260407572305,6.6237366477864015,101799.0,258903.416689183, 0.0, 0.0,0.0,NaN, 146.09030525558896,146.09030525558896,NaN, 180.3615145392827, -3.6657145247829033, -3.707123293641293, -3.6657145247829033, 152.51675417869487, -5.958066934132778, -3.707123293641293, -5.958066934132778, 219.32947682708328, 6.280757328987854, 4.6627951362235, 16.0, 0.0
40, 0 ,1.0,1.0,1.0,199.96200089894373,175.02850400779084,190.4338059030639,14.413797703370697,12.34268042197004,14.163288933288598,75.0,65.0,66.0,0.9012266096424928,0.2925672654590603,0.31967951647564985,14.663708523699256,0.32604993447273894,0.028134070227535904,-0.9449338147842707,14.115427146249948,-0.2854505881980628,0.9558309836337383,-0.07003636500518909,12.100762226045603,75.10313799228214,68.25492393459109,62.28500205073526,22.764557536898042,6.517131101158594,106792.0,319282.8220156685, 0.0, 0.0,0.0,NaN, 193.98512046948642,193.98512046948642,0.0, 207.75756423369438, 18.571135190497518, 3.4900964899490576, 18.571135190497518, 152.34175999888254, 5.011494258287883, 3.4900964899490576, 5.011494258287883, 200.59875340781528, 6.7061127075004965, 4.827624421603007, 34.0, 0.0
41, 0 ,1.0,1.0,1.0,104.7853935356526,216.1010708117444,276.10642980508266,13.87767232350202,14.178109896422976,12.48308256078243,72.0,67.0,54.0,-0.6083909648631789,0.7710104321795913,-0.1881577724758936,14.503130149552266,0.7334264979837748,0.636786999083845,0.2378820923336754,13.68788978731255,-0.30322599810719764,-0.006725419543134083,0.952894937967383,12.318150372859733,72.10828573755022,64.11050625476886,57.08124436379492,22.497719042498122,6.579405555047731,101325.0,263880.81058055727, 0.0, 0.0,0.0,NaN, 136.34482650257382,136.34482650257382,0.0, 192.58978911849394, -10.853157810990554, 12.923447481979036, -10.853157810990554, 201.01880023504714, -3.1058173958435966, 12.923447481979036, -3.1058173958435966, 155.82735021931043, 5.507443238600313, 4.407346658207765, 21.0, 0.0
42, 0 ,1.0,1.0,1.0,175.48472071597254,279.62308058745424,173.5295703556551,13.049564732304475,11.450597122482904,16.11951547856246,70.0,50.0,76.0,0.2884995090263594,-0.034488590240629516,0.9568586993045336,16.39064175447419,0.8936547987946284,-0.34906058589050487,-0.28202448115209766,12.907062992462915,-0.3437282849619481,-0.9364652927476765,0.06988291347766389,11.225002503906836,79.16192391180348,71.81863940079386,55.74314119911537,22.65774927260522,6.918994965124286,98663.0,316916.5736218826, 0.0, 0.0,0.0,NaN, 178.64502006591152,178.64502006591152,0.0, 170.29113970260477, -14.081511873898204, 29.14927406739248, -14.081511873898204, 131.11617446141375, -0.711648111388186, 29.14927406739248, -0.711648111388186, 259.8387792636147, 6.616606813723817, 4.950604286848051, 27.0, 0.0
43, 0 ,1.0,1.0,1.0,240.05838043345668,93.8266173301346,186.7484446793803,13.62510674983231,12.272516222269806,13.453546602886167,66.0,61.0,69.0,0.7794138272095394,-0.373837977550846,0.5027516807483308,14.29604625065928,0.4458009720679922,-0.23289863897795887,-0.8643030239825891,13.156734369212945,-0.4401994766668989,-0.8977769157774708,0.014867085769604351,11.822838360698887,70.43775971590105,66.62229982059742,59.60889880816086,21.91077520797354,6.097051283356867,98372.0,279728.2022348337, 0.0, 0.0,0.0,NaN, 158.81544842494102,158.81544842494102,NaN, 185.643533944326, -22.281556370989325, 12.474115421119123, -22.281556370989325, 150.61465442587553, -5.433756836787876, 12.474115421119123, -5.433756836787876, 180.99791619602993, 6.7721420697341035, 4.748002018988648, 19.0, 0.0
44, 0 ,1.0,1.0,1.0,118.51074079260607,169.72985109461794,271.8249544881669,14.475945177285483,12.11519561603221,14.42491901966312,69.0,58.0,63.0,-0.8158367430921382,-0.006580099925579087,-0.5782448537650664,14.53147548834084,0.5745067176173038,0.10485452666307302,-0.8117558497792647,14.392407289225543,0.0659730250436148,-0.9944658015855714,-0.08176386392143084,12.08735185502336,72.16989961139069,75.90718362135593,57.971044069995,22.822879387004974,6.597379692008249,107115.0,317577.7748847515, 0.0, 0.0,0.0,NaN, 178.35061134920886,178.35061134920886,NaN, 209.55298877577485, 4.026124317935125, 2.2268252799455204, 4.026124317935125, 146.77796481472606, -4.947722466283389, 2.2268252799455204, -4.947722466283389, 208.07828872383882, 6.107296417028871, 4.55340047417152, 18.0, 0.0
45, 0 ,1.0,1.0,1.0,91.90060096793064,267.92588948572035,40.78583204807743,12.25258080935121,15.225258038930079,14.734871186579255,63.0,65.0,72.0,-0.26669114216866124,-0.6927542366776186,0.6700502983015417,16.42267429759927,0.362597672248145,-0.7162706555258996,-0.5962208283117296,14.061889243327274,-0.8929718712081595,-0.08395186476611365,-0.44221411288344287,11.472126548732758,84.04123853115985,65.80219989783708,58.51609135061061,23.46655677892856,6.954952240501845,112818.0,323599.74183502083, 0.0, 0.0,0.0,NaN, 105.5365013604441,105.5365013604441,1.3486991523486091E-6, 150.12573648968154, 8.33877505976772, -38.97290041849107, 8.33877505976772, 231.80848235200497, -35.860834780318974, -38.97290041849107, -35.860834780318974, 217.11642888508356, 6.796841254112207, 4.633830359417591, 17.0, 0.0
46, 0 ,1.0,1.0,1.0,51.556310185868725,187.1612202044064,47.18584411962531,15.806772614610379,11.593739792496256,15.588919343589755,74.0,59.0,80.0,-0.9708745938910565,-0.20172405670141835,0.12926688626558172,15.996196415187555,-0.10731765305612899,-0.11623331410157976,-0.9874070781777331,15.613400900586273,0.21420888001994737,-0.972521064882857,0.09119941929482517,11.297197959289155,74.57867690072695,80.66507039788948,58.7233854860728,24.027659163969282,7.067875512997365,121914.0,353273.6754641763, 0.0, 0.0,0.0,NaN, 132.72960193951292,132.72960193951292,0.0, 249.8540604899966, 26.56678251305625, -3.787680823213333, 26.56678251305625, 134.41480237611114, 9.986352952316949, -3.787680823213333, 9.986352952316949, 243.01440630094683, 6.5583756922387755, 4.739631390043294, 27.0, 0.0
47, 0 ,1.0,1.0,1.0,278.84294528315627,235.47284966653834,48.1019216963366,11.885123891448481,13.527502523999148,14.020849637564005,50.0,60.0,66.0,0.11234577403435297,0.5606842147571969,0.8203728654573649,14.455243123110998,-0.045156963258112505,-0.8218658106480088,0.5678885788226395,13.097838073830422,-0.9926425719894992,0.1008454292965088,0.06701435416442714,11.845940361766631,66.52278586450763,64.84798022101864,54.90344403702812,21.943934206574074,6.268769460482365,96113.0,236846.22690134335, 0.0, 0.0,0.0,NaN, 83.21760009354499,83.21760009354499,0.0, 141.25616991507948, 5.481825202796667, 5.524315212366418, 5.481825202796667, 182.99332453680333, 16.992165104269027, 5.524315212366418, 16.992165104269027, 196.5842245591787, 6.302989521843463, 4.58781933221307, 12.0, 0.0
48, 0 ,1.0,1.0,1.0,187.38461715813986,66.99103128674521,61.80788739538423,11.894431672855388,12.753649709722723,13.470484870376984,58.0,63.0,73.0,0.10232763539264136,0.3706581921782407,0.923115138867362,13.605308930901865,-0.21666037379633685,-0.8974032557170534,0.38435098419916086,12.666246193836017,-0.9708693719864594,0.23933219841799466,0.011522210683171833,11.834222603679875,69.30926564703181,63.545762840068306,57.34033437314358,21.183975098432025,6.0684633483886055,86746.0,252544.6171098152, 0.0, 0.0,0.0,NaN, 144.88008030699353,144.88008030699353,0.0, 141.47750482022545, 5.6723795004845226, 2.5584308779701885, 5.6723795004845226, 162.65558091831048, 8.385095985907641, 2.5584308779701885, 8.385095985907641, 181.4539626430552, 6.014785459633794, 4.541091197957139, 30.0, 0.0
49, 0 ,1.0,1.0,1.0,230.37035628249018,242.4958216628053,286.2664338324285,18.041398003938724,15.223829107237181,7.9112135574947064,93.0,77.0,32.0,-0.9628141598140559,-0.2700090791126988,0.009164652653882688,18.2651074608441,-0.2674811457782201,0.9574716054937581,0.1081756041183774,15.019859286222712,-0.03798328994076862,0.1017016315990935,-0.9940895572408744,7.786783099654241,98.18200739431356,79.6260076617119,35.71474969768542,23.588251617170485,7.964841506287998,86757.0,279212.24424221023, 0.0, 0.0,0.0,NaN, 91.3434652842901,91.3434652842901,0.0, 325.4920419365241, 28.718521319921305, -7.181907920626054, 28.718521319921305, 231.76497268636203, 16.410469267774506, -7.181907920626054, 16.410469267774506, 62.58729995228804, 6.840161471869885, 5.181248557284565, 19.0, 0.0
