// Sample: .//bubblelabels.tif, Map: .//bubblelabels.tif, Thickness:(8.191250068658265):/gpfs/home/mader/Foam/NewValid/InSilicoTest/LatticeData_Phi_6.65/out_Step_03000.vtk/distmap.tif, Neighbors:(1.0):
//LACUNA_NUMBER, TRIANGLES, SCALE_X, SCALE_Y, SCALE_Z, POS_X, POS_Y, POS_Z , STD_X, STD_Y, STD_Z,PROJ_X, PROJ_Y, PROJ_Z, PCA1_X, PCA1_Y, PCA1_Z, PCA1_S, PCA2_X, PCA2_Y, PCA2_Z, PCA2_S, PCA3_X, PCA3_Y, PCA3_Z, PCA3_S,PROJ_PCA1, PROJ_PCA2, PROJ_PCA3,OBJ_RADIUS, OBJ_RADIUS_STD, VOLUME, VOLUME_BOX, Mask_Grad_X,Mask_Grad_Y,Mask_Grad_Z,Mask_Angle, Mask_Distance_Mean,Mask_Distance_COV, Mask_Distance_STD, SHAPET_XX, SHAPET_XY, SHAPET_XZ, SHAPET_YX, SHAPET_YY, SHAPET_YZ, SHAPET_ZX, SHAPET_ZY, SHAPET_ZZ, Thickness, Thickness_STD, Neighbors, Neighbors_STD
1, 0 ,1.0,1.0,1.0,153.72655794991263,181.67945544554456,183.27912055911474,13.414269602901149,11.515902890740174,10.105424380284889,59.0,50.0,45.0,-0.9592910038054259,-0.25513812789036777,-0.12110039518753521,13.671980773938877,0.14995624106989636,-0.823509489119985,0.5471245261305033,12.126770475719885,-0.23931965189295665,0.5066918758238965,0.8282447990732538,8.98313029072751,61.10778720473377,67.89546550685041,48.811250737427116,19.39570793402322,6.203608950604184,54944.0,202515.0315811157, 0.0, 0.0,0.0,NaN, 52.502015210953566,52.502015210953566,0.0, 179.94262897931773, 17.80403936032806, 17.785026705011788, 17.80403936032806, 132.6160193889579, -26.618068009480567, 17.785026705011788, -26.618068009480567, 102.11960190565622, 9.738767217062566, 6.480751736517903, 14.0, 0.0
2, 0 ,1.0,1.0,1.0,185.51357924604784,36.15783340089177,16.814940548574516,8.484490211569705,16.704430622233318,10.299447861892348,37.0,78.0,46.0,0.014565910989254095,0.9937651234289355,0.11053829062060916,16.76950535095664,0.2758620036768775,-0.1102534212799252,0.9548530452501318,10.33528113102441,-0.9610868790928484,-0.016585009868686613,0.2757479796539296,8.310767536755844,81.46991526511381,55.01033398397342,41.28039142605198,20.147706720501024,7.153538755588142,59208.0,185005.80386226915, 0.0, 0.0,0.0,NaN, 42.426259888885745,42.426259888885745,0.0, 71.98657415022214, 1.9227233134996105, 10.285000131721052, 1.9227233134996105, 279.03800241300615, 19.33013073526503, 10.285000131721052, 19.33013073526503, 106.07862625983888, 8.527837747360904, 5.905531281098058, 15.0, 0.0
3, 0 ,1.0,1.0,1.0,168.84004025612228,186.5388923732151,81.21350330362743,15.720182828217261,7.630890433800415,14.48159971105486,65.0,33.0,62.0,0.891771129250015,0.003081209747380819,0.4524762526173566,16.1273313036414,-0.4524861674629841,0.007668110561805654,0.8917384528745369,14.027121088003028,7.220047185500669E-4,0.9999658525304276,-0.008232404404657329,7.630231068687007,78.38766736521777,66.05660682151151,33.216525671617944,21.652225091168862,6.800920214049197,68561.0,171995.94463001, 0.0, 0.0,0.0,NaN, 88.02146118207916,88.02146118207916,0.0, 247.12414815257685, 0.07399297934760521, 25.555089493019715, 0.07399297934760521, 58.230488812666685, 1.228769904769146, 25.555089493019715, 1.228769904769146, 209.7167301912242, 8.54544599521555, 5.704670371775947, 13.0, 0.0
4, 0 ,1.0,1.0,1.0,56.36371526208256,80.72453758113801,33.41272352505108,14.398071859857595,13.665672914194014,14.286980277785426,72.0,69.0,71.0,0.024194250196260755,0.6254440905517702,0.7798937926739192,15.36916231391791,0.9909339899316518,-0.11812956434361438,0.06399401242401043,14.4305315494728,-0.13215319086415306,-0.7712749805496464,0.6226318643649439,12.398447640947003,76.51298069307614,71.10130164759656,73.0878030906272,23.433754761672184,7.002287676681935,110614.0,397610.25793652516, 0.0, 0.0,0.0,NaN, 103.96984879855881,103.96984879855881,0.0, 207.30447328162316, -5.133641274742298, 5.013735215615741, -5.133641274742298, 186.7506161977359, 39.8246576907833, 5.013735215615741, 39.8246576907833, 204.11780545782972, 8.2884461501911, 5.36079286055744, 26.0, 0.0
5, 0 ,1.0,1.0,1.0,12.741501272264632,105.60080152671756,133.02983460559796,7.972963077790731,15.043559039294868,16.073832130576132,33.0,73.0,76.0,0.10958706661051643,0.48991740098756204,0.8648535223038025,16.676565056641646,0.07216875871497097,-0.8717192206646889,0.4846620168625625,14.490217022228334,-0.9913537941104793,-0.00930271644943071,0.1308858830027859,7.7569760042705385,77.9523471869145,70.20787974180527,36.36014361532942,22.23343153876439,7.342983738345357,78600.0,198994.30344201968, 0.0, 0.0,0.0,NaN, 116.44121942002694,116.44121942002694,NaN, 63.568140239814255, 2.2769603742983153, 25.89484961216972, 2.2769603742983153, 226.3086685687503, 29.05437812238999, 25.89484961216972, 29.05437812238999, 258.3680793619417, 9.104407166412845, 5.4134869120085884, 18.0, 0.0
6, 0 ,1.0,1.0,1.0,52.13094552063478,184.91861341371515,120.45426067940363,14.185323150801356,8.763358691522896,13.410692694476639,64.0,34.0,61.0,-0.8617653264192595,0.031210072773255305,0.506346179544189,14.5875643697738,-0.5054300215287548,0.03296190073566939,-0.8622377899612932,12.980971889111142,0.04360063668056386,0.9989691909450363,0.012630915393172924,8.75007780345136,66.94149343946134,60.86496968593083,35.15864605060759,20.444099293897228,6.31706664962841,67677.0,143250.10510682833, 0.0, 0.0,0.0,NaN, 96.29438377340932,96.29438377340932,0.0, 201.2233928926609, -5.195838350877602, -19.377257534182384, -5.195838350877602, 76.7964555562899, -0.4601701047304821, -19.377257534182384, -0.4601701047304821, 179.84667854568912, 8.927476488477977, 5.470632832463761, 12.0, 0.0
7, 0 ,1.0,1.0,1.0,26.33113080957996,50.64689139185947,50.32418777700972,13.93254035459444,13.423695791530866,12.793647311689378,64.0,67.0,63.0,-0.8429167699266025,0.2707838693471344,-0.46493807660579617,14.92389724708047,-0.014407804921878169,0.8524568867044807,0.5225989585403299,13.83509968339446,0.5378510334040795,0.44720616320831097,-0.714648804277084,11.129061446545501,75.84483688902485,70.44579081988716,60.25330981739806,22.279583522450206,6.450492929845326,98372.0,321930.39242098475, 0.0, 0.0,0.0,NaN, 76.09835696508667,76.09835696508667,9.5367431640625E-7, 194.11568073240258, -23.395852886985416, 38.23761748619197, -23.395852886985416, 180.1956087035635, 17.647734991890097, 38.23761748619197, 17.647734991890097, 163.67741153589685, 7.868143982984735, 5.144625969969023, 19.0, 0.0
8, 0 ,1.0,1.0,1.0,90.49846332644628,180.7220945247934,86.35369318181819,13.460848597046724,11.132538881852025,12.285811808514957,68.0,47.0,58.0,-0.9143253615225574,-0.19418688729645875,0.35538793744126496,13.727428528804573,-0.38478330892111906,0.14288128560696042,-0.9118808822423113,12.114907045192,-0.1262970247169692,0.9705031638410124,0.20535985616041583,10.993442225969401,70.51223990583209,62.81569772838037,54.94931061429335,20.51636122199154,5.928571574306812,77440.0,243385.63788751094, 0.0, 0.0,0.0,NaN, 126.5644888193317,126.5644888193317,NaN, 181.19444495261473, 10.57521215455125, -12.86854223284295, 10.57521215455125, 123.93342195594713, -8.040769228229605, -12.86854223284295, -8.040769228229605, 150.94117179424558, 8.337367964188822, 5.221437998298297, 15.0, 0.0
9, 0 ,1.0,1.0,1.0,186.05179805936777,20.240650706710156,110.87334605206475,8.459473097434898,10.889998895987494,12.851310225170678,34.0,45.0,62.0,-0.01451907513898449,-0.37166197987786365,0.9282545820896201,13.196616637804214,0.15196106296133652,-0.9183888951357773,-0.36533501424712544,10.513861192305326,-0.9882798347638027,-0.1357542264703141,-0.06981230689984033,8.403509248413735,67.69697617363491,53.88412659206989,37.25512199970845,18.02008859219232,5.530582489574336,48747.0,135898.9521597916, 0.0, 0.0,0.0,NaN, 92.45429531591654,92.45429531591654,0.0, 71.5626850862248, -5.012855007168525, -3.611693002266157, -5.012855007168525, 118.59207595460886, -22.323409082338827, -3.611693002266157, -22.323409082338827, 165.15617450357644, 8.851925941333528, 5.377857979396051, 14.0, 0.0
10, 0 ,1.0,1.0,1.0,49.971054490496606,151.28421467645754,187.65455949271433,15.922906710965984,13.95330387304259,6.57212889697565,72.0,63.0,27.0,-0.9278215592143487,0.3670047730566251,0.06674317051737176,16.283453312356826,0.3696867769479386,0.9285628449751191,0.03320737691475712,13.573262871152979,0.04978796246986398,-0.05548458781832238,0.9972174383291392,6.483996344302554,71.68554931368804,61.58537732578941,28.55796201136164,21.016805436614227,7.051270422954081,60873.0,126077.16531521296, 0.0, 0.0,0.0,NaN, 70.87131950161917,70.87131950161917,0.0, 253.53895812612558, -27.160780867380986, -12.070584104180629, -27.160780867380986, 194.69468897346533, 9.849546863413458, -12.070584104180629, 9.849546863413458, 43.19287823846238, 8.93052770760729, 5.334616256698177, 16.0, 0.0
11, 0 ,1.0,1.0,1.0,77.73867728093688,99.89490031865819,161.1102649349454,12.140533159212072,13.188582372546202,12.458459100320031,58.0,64.0,65.0,0.11536368073654599,0.8339907577478944,0.539583762874689,13.77358524586468,-0.846687167708012,-0.20149837545099586,0.4924624297641331,12.285441615571706,0.5194343666003438,-0.5136709264516552,0.6828836783177622,11.657646731951909,64.20209614519297,60.89964472349416,59.265340341866306,21.037352216063113,5.828744743000255,86927.0,231720.6560806342, 0.0, 0.0,0.0,NaN, 132.41867144966545,132.41867144966545,0.0, 147.39254538992785, 7.741709200117822, -2.9178531611324283, 7.741709200117822, 173.93870499743642, 22.723772595920998, -2.9178531611324283, 22.723772595920998, 155.21320315434699, 7.861343116183222, 4.95779107818345, 26.0, 0.0
12, 0 ,1.0,1.0,1.0,19.34077593887524,176.6463457436756,48.714908609843675,12.306957754075649,12.187413416585715,11.818262203535562,51.0,51.0,57.0,-0.5827965737120201,0.7268386698978552,0.3633919393859001,12.619798018644536,0.7776323647598687,0.36903264012064435,0.5090214296113287,12.203232723182234,0.23587297205806312,0.5792412782828092,-0.7802842319217999,11.466794911018654,66.40713467754271,63.576461373624824,56.960751354917285,20.14980966467086,5.800926386056534,74078.0,240484.34101034503, 0.0, 0.0,0.0,NaN, 57.38119118585058,57.38119118585058,NaN, 151.46120916060275, -6.7618098754463425, 1.0183029651598083, -6.7618098754463425, 148.5330457867735, 10.609751555936711, 1.0183029651598083, 10.609751555936711, 139.67132151151725, 7.915219004795278, 4.988444518449012, 14.0, 0.0
13, 0 ,1.0,1.0,1.0,164.47436198611854,10.727495995728777,79.37819540843566,11.670935302691227,6.984973344218646,13.56031042984707,60.0,28.0,65.0,-0.2501933019773413,-0.005818193606792063,0.9681784237777813,13.685416514511907,-0.9678015077190096,-0.02703676919459602,-0.25025837602032414,11.526852300238978,-0.02763246826627525,0.9996175077171627,-0.0011335620147407777,6.980233039495802,62.508036897077865,61.06426352211551,28.698238914973288,18.303640313981496,5.81887907326185,46825.0,109541.38563717269, 0.0, 0.0,0.0,NaN, 87.6244716556483,87.6244716556483,NaN, 136.21073083960437, 2.4034566779043796, -13.185445305118394, 2.4034566779043796, 48.78985261944501, -0.21121679846995328, -13.185445305118394, -0.21121679846995328, 183.8820189538192, 7.762161337845604, 5.089954149877127, 13.0, 0.0
14, 0 ,1.0,1.0,1.0,171.42304763177233,60.34329614536709,111.99954572783753,11.685284565652015,12.820707616001805,11.738204706148004,54.0,59.0,57.0,-0.1961686989309225,-0.846562421010111,0.4948231086896095,13.304886038174327,-0.8370428618664308,0.4074218709911417,0.36519401204912066,11.822550794687306,-0.5107612837306731,-0.342548516814155,-0.7885324499792119,11.041248529805838,66.62043865648067,63.47504377719126,58.227184748583,20.150391175673796,5.715208162970963,74845.0,246227.34924710327, 0.0, 0.0,0.0,NaN, 110.46282428242719,110.46282428242719,0.0, 136.54587538026522, 3.060207283709557, -10.810122471514694, 3.060207283709557, 164.3705437750067, -20.427968841353504, -10.810122471514694, -20.427968841353504, 137.78544972343514, 7.485824168311768, 4.76913989312547, 16.0, 0.0
15, 0 ,1.0,1.0,1.0,163.2773290653962,186.72162876391113,22.658372724904158,12.663166094182502,7.565313583090791,13.833590154053166,70.0,31.0,51.0,0.30485404726785503,-0.01202723600304766,0.952323136051275,13.96099750150268,0.9520606727494779,-0.02280497924388427,-0.3050580409127055,12.525427331581271,-0.025386714403804474,-0.9996675840077108,-0.004498468180020745,7.560567479626168,62.81860431075571,67.08724714345064,31.693130265861868,19.224240510356008,6.275869540517035,53734.0,133565.2219658339, 0.0, 0.0,0.0,NaN, 45.14722093103038,45.14722093103038,4.76837158203125E-7, 160.35577552885334, -2.6702406640079532, 11.027467332666106, -2.6702406640079532, 57.23396961049802, -0.8839665906293789, 11.027467332666106, -0.8839665906293789, 191.36821655031667, 8.49092723497034, 4.995142002025846, 13.0, 0.0
16, 0 ,1.0,1.0,1.0,168.50935318008123,91.174619370586,10.299021667366905,11.631148867585066,15.730573154194358,6.826608332169811,56.0,68.0,27.0,0.1766403550678151,0.9833407409793676,-0.04288556973697273,15.862932058109143,0.9835206823621259,-0.17463128610335993,0.046807918986262236,11.474653974950826,-0.03853897154121043,0.05044701224091487,0.9979828889457529,6.785045300894785,67.2967345773981,60.004635392698205,28.38871564624817,19.582964651965426,6.770866451208419,49983.0,114636.92747910442, 0.0, 0.0,0.0,NaN, 97.00794762189842,97.00794762189842,0.0, 135.28362397992538, 21.004108705844917, 2.384694943690894, 21.004108705844917, 247.45093175946025, -9.370163077701976, 2.384694943690894, -9.370163077701976, 46.60258132085029, 7.654782632151956, 5.0077892118341, 17.0, 0.0
17, 0 ,1.0,1.0,1.0,188.56851438357648,176.2945435626179,135.98564894101324,6.808112980572256,12.474218496231986,13.715802218500116,28.0,52.0,63.0,-0.06217635758593641,0.4792271015879423,0.8754858569165835,14.248580572219929,-0.040671925626610254,-0.8776709988322431,0.47753472363236077,11.894308572799483,-0.9972361280174166,0.005916325923393444,-0.07406147490024038,6.75152836008046,66.41489386378117,64.36634274829012,30.064478030671182,18.738505645305924,6.240846587272398,46129.0,128522.1507510159, 0.0, 0.0,0.0,NaN, 69.21318277471654,69.21318277471654,0.0, 46.350402356236444, -1.2681481265506462, -10.432540126126343, -1.2681481265506462, 155.60612709173617, 25.86466187947871, -10.432540126126343, 25.86466187947871, 188.12323049701268, 7.549399194544469, 4.934543089631709, 11.0, 0.0
18, 0 ,1.0,1.0,1.0,189.6244929127094,24.510332649262637,175.98434591705245,6.326552879164115,13.152306010356629,12.694740602184623,27.0,56.0,54.0,-0.01735713505255243,0.8407734728546463,0.5411087665217641,13.470733838149618,0.01686972642583241,-0.5408669969948169,0.8409389418335476,12.359355054509022,-0.9997070281802991,-0.0237246476421972,0.0047957169608474105,6.320643652191657,75.25568460909705,60.8920119535979,27.428978789511376,18.33644734828433,6.1595099093383325,41906.0,125692.47371706547, 0.0, -3.552713678800501E-15,0.0,32.77811320726419, 35.84911707319613,35.84911707319613,0.0, 40.02527133285975, -3.0943637052260455, 0.2711942764935192, -3.0943637052260455, 172.9831533900631, 13.073086866270302, 0.2711942764935192, 13.073086866270302, 161.1564389567548, 7.909517641101613, 4.9312197253470424, 11.0, 0.0
19, 0 ,1.0,1.0,1.0,23.154907592407593,9.98208041958042,18.309284465534464,11.478127884011956,6.422858627945322,11.19358554508521,56.0,25.0,46.0,-0.8020680957899122,0.11644780857837986,0.5857701576499416,11.760395322300944,0.5950713022752738,0.07245423758889466,0.8004002302997054,10.97734799277159,0.05076332262917779,0.9905504991330351,-0.12740798147267282,6.28393371545569,65.63654004010763,55.05141033923974,30.54788496722533,16.36384098649438,5.524635571707051,32032.0,110381.24179852803, 0.0, 0.0,0.0,NaN, 31.161219051182307,31.161219051182307,0.0, 131.74741972173277, -5.736640954107109, -7.841179742694248, -5.736640954107109, 41.25311295457167, 11.438827712387795, -7.841179742694248, 11.438827712387795, 125.29635735514056, 8.005057594605855, 4.753506914099236, 5.0, 0.0
20, 0 ,1.0,1.0,1.0,24.688080684596578,37.70991748166259,146.33526894865525,13.910950146164517,12.248659152425613,10.77462792661561,64.0,60.0,57.0,-0.9269219266451136,-0.3401936703591,-0.15837931857447402,13.993080443063034,0.36764158377753703,-0.7386887284379121,-0.5649589616567955,13.553232440564283,0.07520244531965009,-0.5818996727326664,0.8097761191166114,8.952116067410104,68.43792730535252,56.366802896615766,54.0940445524041,20.48420243040539,6.327261868180602,65440.0,208674.65540949805, 0.0, 0.0,0.0,NaN, 70.08168493391206,70.08168493391206,0.0, 193.51453396907456, 8.351999322061351, -4.527162136614477, 8.351999322061351, 150.02965103229974, 49.44632350935688, -4.527162136614477, 49.44632350935688, 116.09260695700499, 7.787121830036759, 4.905373517806551, 17.0, 0.0
21, 0 ,1.0,1.0,1.0,122.05877791062139,78.91307719649724,179.35518790189678,11.404750998233457,11.185305833400413,11.648791401605493,53.0,55.0,48.0,-0.27223138133742864,0.6500303590790317,-0.7094720623750453,12.585231690687689,-0.8915760824153923,0.10692000710683963,0.4400684053020561,11.504881561577966,-0.36191458146907635,-0.7523487518138499,-0.5504445397714515,10.00616792694886,60.321406869245266,55.317120731608554,51.308152986550624,19.009448405805596,5.43273635873725,61894.0,171205.3807736541, 0.0, 0.0,0.0,NaN, 112.81983921266757,112.81983921266757,0.0, 130.06834533170704, -13.383684603367989, -1.3958085369680473, -13.383684603367989, 125.11106658670131, -25.353492892490348, -1.3958085369680473, -25.353492892490348, 135.69434111811805, 7.73291374743996, 4.818348765642246, 17.0, 0.0
22, 0 ,1.0,1.0,1.0,15.870592377431564,101.95415896487985,22.61975178241352,9.723167324919928,11.541976775401833,12.430067834314018,39.0,51.0,53.0,-0.10098339880423667,-0.5143492040449577,0.8516144958044467,12.853884334736764,-0.32711124476016573,-0.7912337459412702,-0.5166695199401642,11.282160635365777,-0.939574683948753,0.33074772196050484,0.0883479354627892,9.47387491921682,58.55594143649059,58.714168745867,46.10814506791137,18.73886111261883,5.578430001344576,56805.0,158522.72722521043, 0.0, -1.4210854715202004E-14,0.0,59.04603520499669, 101.8651845204859,101.8651845204859,0.0, 94.53998282839055, 13.634169924317154, -0.14680406033761684, 13.634169924317154, 133.21722788391529, -17.71339083458501, -0.14680406033761684, -17.71339083458501, 154.506586365648, 7.919743470077038, 4.871903018553156, 12.0, 0.0
23, 0 ,1.0,1.0,1.0,81.6273640260398,22.83260657418502,40.89044260249774,12.90343360244469,11.644171555355344,13.177041460250937,67.0,49.0,64.0,-0.6943364315096098,0.3374351525999559,0.6356370329585478,14.75135228779456,0.36363270776686996,-0.597701406314785,0.7145098198985532,12.23776724499634,-0.6210218786167166,-0.727248614078551,-0.2923034033332341,10.409342444510617,70.94082981626494,63.58158090765311,59.59179393433522,20.93232887125548,6.12840596028297,80953.0,268790.5808866157, 0.0, 0.0,0.0,NaN, 94.10835657389462,94.10835657389462,0.0, 166.49859873269875, -34.59598273174728, -37.457424782936556, -34.59598273174728, 135.5867312105465, 5.748117891942873, -37.457424782936556, 5.748117891942873, 173.63442164517213, 6.81321415004438, 4.460407936182049, 17.0, 0.0
24, 0 ,1.0,1.0,1.0,153.50436324937922,82.12978006385244,70.63703440936503,10.884460388406934,10.17640382143992,12.315951374144825,47.0,50.0,61.0,-0.10297793566977177,-0.10639481615141529,0.9889770916766975,12.351775330670907,0.9861823402736433,0.11879316043003281,0.1154667777650545,10.879866543687516,-0.12976878090508637,0.9872022731594325,0.09269161435241392,10.137824278724462,59.650976188092805,47.33785171204204,49.471347761688165,18.571780635684387,5.3667769614691965,56380.0,139694.6719997382, 0.0, 0.0,0.0,NaN, 117.88441644395697,117.88441644395697,1.3486991523486091E-6, 118.47147794679964, 2.3726245850353336, -3.2949044069653066, 2.3726245850353336, 103.55919473701701, -5.02517170580581, -3.2949044069653066, -5.02517170580581, 151.68265825029982, 6.765607543654394, 4.47292565464473, 17.0, 0.0
25, 0 ,1.0,1.0,1.0,136.10606752519257,115.88435778001035,121.37715773129966,9.922507706460706,12.73344050081443,12.85870305067528,50.0,62.0,62.0,0.1653906397662076,0.7122736403674342,0.6821379607641316,13.798326748063102,-0.30585765566446854,-0.6205163149932245,0.7220876659372223,12.03725478275966,-0.9376017442118803,0.3280636585557031,-0.1152267555122811,9.521217703981726,66.2893148510583,62.56126572102329,46.664647530797396,19.793735889541207,5.843879691873333,65694.0,193524.98692746644, 0.0, 0.0,0.0,NaN, 131.6792588055746,131.6792588055746,0.0, 98.4561591847721, 22.044293162067955, -0.7270380106509635, 22.044293162067955, 162.14050698778124, 24.15665459988209, -0.7270380106509635, 24.15665459988209, 165.34624414544572, 7.206695451622529, 4.5742975565181085, 25.0, 0.0
26, 0 ,1.0,1.0,1.0,116.16442958862137,58.31294719799446,15.601695652930834,12.969298812815218,11.24045564906387,9.333149473468408,65.0,59.0,40.0,0.9956493560708503,-0.08454776128365431,-0.03916676930285755,12.986345678331206,-0.08254683806915444,-0.9953239369956309,0.050162535505113647,11.230741748904133,0.04322475309918898,0.046711203211212644,0.9979727873113949,9.321131888406887,64.85146968731244,60.10771288062623,41.383679295961294,18.727054926195823,5.563779990257828,57441.0,161316.62441761812, 0.0, 0.0,1.7763568394002505E-15,87.75533527279688, 103.30641598837893,103.30641598837893,0.0, 168.2027116960902, -3.6582020905809682, -3.3509168615088964, -3.6582020905809682, 126.34784319857187, -1.6887254932380253, -3.3509168615088964, -1.6887254932380253, 87.10767909410363, 7.277728072000939, 4.797127575364623, 15.0, 0.0
27, 0 ,1.0,1.0,1.0,150.99950828773098,152.02157189309224,54.63683083511777,10.103268026716904,14.106373726669727,10.655766259119206,47.0,64.0,50.0,0.021274204838612754,-0.9839163480796675,0.17735847369115285,14.212098979281846,0.5502659898578517,-0.13658800518835162,-0.8237421060285954,10.824978823393934,-0.8347183648478351,-0.1151187943831827,-0.5385099020125065,9.769710086860835,65.41806103397177,55.649278571062354,52.57165873443182,19.5155638762743,5.809812879619424,63045.0,191385.4361806595, 0.0, 0.0,7.105427357601002E-15,79.78406398135542, 87.6821591622785,87.6821591622785,0.0, 102.07602481968007, -3.8634678605965243, -9.44906429128583, -3.8634678605965243, 198.98977971647795, -16.1460082470579, -9.44906429128583, -16.1460082470579, 113.54535456898331, 6.737012086701021, 4.555946117337369, 21.0, 0.0
28, 0 ,1.0,1.0,1.0,53.031193693693695,71.6393018018018,91.72141047297298,12.547258006632742,12.05035971796449,11.546384517263983,66.0,57.0,53.0,0.7371383715650792,-0.6268794883099318,0.25228778865149304,13.860230636612865,0.22736733027393669,-0.12148989160492839,-0.9662009642729223,11.373983411323849,-0.6363419821844897,-0.7695858063751568,-0.05297705480124576,10.700016649365178,65.81131389040357,53.538730426026184,55.180525595777624,20.036377295106337,5.874302777859405,71040.0,194426.05430230167, 0.0, 0.0,0.0,NaN, 127.89571613771629,127.89571613771629,NaN, 157.43368348500945, -36.276896013411736, 11.166010056192112, -36.276896013411736, 145.2111693323412, -10.52889327196715, 11.166010056192112, -10.52889327196715, 133.3189954205134, 7.42386913735646, 4.5495245138229645, 18.0, 0.0
29, 0 ,1.0,1.0,1.0,96.93678263588049,186.4969407351168,138.77106873297308,11.200612027301354,7.951747935363397,12.156741544615276,53.0,32.0,58.0,-0.08818688650826494,0.168445479420262,-0.9817582154027829,12.273895339225174,0.9948879384184844,0.06357992551129855,-0.07845752393107909,11.198877517314216,-0.04920429897271708,0.9836583317061146,0.1731912914316069,7.772194384483672,57.67223212316564,52.49368816438643,35.98004019181744,17.545346444408658,5.350811914275696,44782.0,108926.98719189633, 0.0, 0.0,0.0,NaN, 115.4471933890521,115.4471933890521,0.0, 125.45370978612775, 2.7715564115295375, 2.7386649900193674, 2.7715564115295375, 63.23029522755604, -15.247763913705883, 2.7386649900193674, -15.247763913705883, 147.78636498257498, 7.245441738152231, 4.73163263421378, 12.0, 0.0
30, 0 ,1.0,1.0,1.0,46.06085022722145,121.37207915686338,144.401585715667,10.539344129154355,10.499289814437695,13.217708223454512,47.0,54.0,61.0,0.05210523468334557,0.2825069005135616,0.9578490985958141,13.438277786301025,0.7830484764357435,0.5837084117833343,-0.21475468228897393,11.023942683602622,-0.6197742557336939,0.761232120430817,-0.1908023342471151,9.69051339236086,61.812759892818974,57.04573310981333,50.42287497112808,19.11147141973867,5.54728150838779,62054.0,177798.83253838806, 0.0, 0.0,0.0,NaN, 106.74800012506748,106.74800012506748,0.0, 111.07777467274035, 13.900861009824988, -0.3187125352492641, 13.900861009824988, 110.23508660755515, 19.993421655508623, -0.3187125352492641, 19.993421655508623, 174.70781068037704, 7.1629042004392645, 4.475233142429676, 14.0, 0.0
31, 0 ,1.0,1.0,1.0,10.54417802395355,178.85176007579622,136.69115467774458,6.423873214831253,11.69684178182672,13.053112979602748,26.0,49.0,63.0,-0.03732905000477421,-0.02825029297762276,0.9989036304731403,13.06085828083471,-0.024991548556948445,-0.999261283580176,-0.029194342575671075,11.698471532019857,0.9989904726905395,-0.026053945658544915,0.03659545585390095,6.405135282728988,63.157945085524986,49.84781354518083,27.2521946062018,17.762573235583204,5.740819214897425,41163.0,85797.68831848916, 0.0, 0.0,0.0,NaN, 67.57542184944,67.57542184944,0.0, 41.26614708022641, 2.5297615407566303, -4.761141432390205, 2.5297615407566303, 136.81610766908727, -0.860519742399777, -4.761141432390205, -0.860519742399777, 170.38375845827372, 7.385219735809119, 4.691192338564028, 12.0, 0.0
32, 0 ,1.0,1.0,1.0,51.9022974816483,10.076503323877786,121.79482904224682,12.581289493972033,6.749760842185918,13.136682293132601,68.0,28.0,63.0,0.25055736866325107,0.008813147224365697,0.9680616372135351,13.175763310124804,-0.9679865378594689,-0.013146232152890578,0.25065761329555086,12.541522649137788,-0.01493544546999858,0.9998747446636421,-0.005237122533295048,6.747592849696401,65.91089904547408,69.33229116058159,28.242248944895024,18.45675884906851,5.980684845056561,46181.0,129060.12001025616, 0.0, 0.0,0.0,NaN, 94.40038753967612,94.40038753967612,NaN, 158.28884533113106, 1.704990861985151, 3.947560006033189, 1.704990861985151, 45.559271426706346, 0.7243859811120106, 3.947560006033189, 0.7243859811120106, 172.57242167070362, 6.791972054821542, 4.652317310192751, 15.0, 0.0
33, 0 ,1.0,1.0,1.0,9.414859016745961,21.705561379458647,178.2633389780394,6.308604105944935,12.783505906449658,11.268278037918748,24.0,51.0,48.0,-0.07653570489930732,0.9908672430114304,0.11101528094137662,12.8353742287774,-0.08410022716773052,0.10452961960664187,-0.9909594897952324,11.269947108955167,-0.9935136826767422,-0.08518019342439519,0.07533191211087342,6.1993596067828305,55.52991703594489,50.67475973607668,27.78435724338539,17.265318020716002,5.6656325868492425,37203.0,78184.2144973021, 0.0, 0.0,0.0,NaN, 32.128700525951416,32.128700525951416,0.0, 39.798485765545294, -10.357998933703254, 6.30897041133684, -10.357998933703254, 163.4180232602333, 4.719313366272682, 6.30897041133684, 4.719313366272682, 126.97408993984199, 7.9346371634517325, 4.819695747132968, 8.0, 0.0
34, 0 ,1.0,1.0,1.0,112.72357065803668,71.80721626071652,64.55514392778062,10.100364695459529,12.126805466499581,13.46288975390272,48.0,59.0,61.0,0.0764841320680664,-0.41812649566233684,0.9051631958751577,13.818069617812302,0.03295406605121332,-0.9062663465939734,-0.42142061952626997,11.744481598692385,-0.9965260694394735,-0.06206079806405082,0.055536026785918464,10.072451655114408,64.36971323322419,61.71483375608503,48.293711502645394,19.923812419028444,5.776493488329236,70452.0,191849.96362713657, 0.0, 0.0,0.0,NaN, 130.15689775548776,130.15689775548776,0.0, 102.01736698128528, -3.951164811822917, 5.688489013704732, -3.951164811822917, 147.0594108223241, -19.935673013866094, 5.688489013704732, -19.935673013866094, 181.24940052573885, 7.241037556068127, 4.5147900171653275, 19.0, 0.0
35, 0 ,1.0,1.0,1.0,122.22928504147549,151.9460210871745,163.31656588982406,11.609619215780672,11.46358852293404,11.48102095321188,57.0,53.0,60.0,0.13116507902108537,0.7177964989600857,-0.6837864492120587,12.205388302399268,-0.9369900395392688,-0.13552306055541852,-0.3219987047518842,11.715430748422843,0.3237983753041255,-0.682936077637092,-0.6547922769948287,10.572991111942871,58.3490463784575,61.69477661291077,49.78295707531433,19.21080488962848,5.381072177480632,65822.0,179210.25116326346, 0.0, 0.0,0.0,NaN, 98.50453457902313,98.50453457902313,0.0, 134.78325833542382, 6.734217279213094, 4.347549263024127, 6.734217279213094, 131.41386182314506, -17.139151672593627, 4.347549263024127, -17.139151672593627, 131.81384212809024, 7.345968213792953, 4.430097858466158, 19.0, 0.0
36, 0 ,1.0,1.0,1.0,171.65540749922528,103.77818946120371,124.6436318562132,11.459390993282007,11.761108493311859,13.915919713538223,53.0,58.0,66.0,-0.19186034833778937,-0.08363870777092755,0.9778518156132409,13.988941553024796,0.6233434401201451,0.7591995718880479,0.1872403954925023,12.62518732791822,-0.7580452245050329,0.6454615221741842,-0.093524654491208,10.40232164293319,62.97875411097566,67.17046909157571,60.423485129150926,20.625883270166764,6.153622975736172,74221.0,255610.22180319735, 0.0, 0.0,-1.4210854715202004E-14,12.081240775129585, 125.46168724842222,125.46168724842222,0.0, 131.3176419369128, 25.627692616102287, -10.438318961553858, 25.627692616102287, 138.32367299145233, 0.12154391949492513, -10.438318961553858, 0.12154391949492513, 193.65282147364172, 7.617165422396129, 4.730156867408748, 17.0, 0.0
37, 0 ,1.0,1.0,1.0,144.6897612017929,42.7072924474904,83.25625296394315,11.619340645758486,10.337087596445754,12.758921444889886,57.0,47.0,57.0,-0.049799092699228414,-0.15613139530957104,0.9864801253776074,12.827839380096103,-0.9179733382634448,0.39630361810797726,0.01638268940050083,11.901156247723176,-0.39350349503378046,-0.9047466107553055,-0.16306001877525522,9.922880139423942,58.870132632362555,60.001693229672426,49.35219415322413,19.357558206631783,5.471697518369504,65369.0,174327.13238896301, 0.0, 0.0,0.0,NaN, 108.69562549480204,108.69562549480204,0.0, 135.00907704217522, -15.192661799398266, -3.8960086568754426, -15.192661799398266, 106.85537997659266, -9.898894824579042, -3.8960086568754426, -9.898894824579042, 162.79007643687103, 7.598003421474757, 4.511228260556782, 13.0, 0.0
38, 0 ,1.0,1.0,1.0,84.24026539563903,34.919621225317094,109.49133030355814,11.576137471881964,11.030679394713816,11.833822298054875,59.0,61.0,57.0,-0.6746548930929985,0.0042839734543903,0.7381208727553487,13.036434269648716,-0.3645559247807238,0.8675764601671268,-0.3382455668166974,11.413817496050308,-0.6418253289898641,-0.4972853640871809,-0.5837529560796534,9.772325647398322,61.834796516726755,58.083474276014556,47.59101645869691,19.105653231763227,5.5404161798965905,63151.0,170926.9339856821, 0.0, 0.0,0.0,NaN, 128.48198920730846,128.48198920730846,0.0, 134.00695876790977, -11.214413276935298, -32.786194275560185, -11.214413276935298, 121.67588790896396, -9.969992674370038, -32.786194275560185, -9.969992674370038, 140.03935018194076, 6.481649180934487, 4.1910102914302545, 16.0, 0.0
39, 0 ,1.0,1.0,1.0,16.77298983596659,72.17148032605414,170.17457985307436,10.166482303654057,11.236370978159412,10.393886714680331,41.0,56.0,56.0,-0.0055322212879020324,-0.8470376011453906,0.5315041832135319,11.753242846077384,-0.9119681848080563,-0.21376863406141508,-0.3501671043793467,10.255924092819301,0.41022362733699425,-0.48665210709230394,-0.7712887281926913,9.712032734211823,55.10773165827669,50.67897026733321,49.62932887125598,17.665275868653644,5.058092991564932,49685.0,138604.94323520848, 0.0, 0.0,0.0,NaN, 79.87246989690563,79.87246989690563,0.0, 103.3573624305111, 2.322554626095689, 3.3393395624999855, 2.322554626095689, 126.25603275882311, -18.912799040922042, 3.3393395624999855, -18.912799040922042, 108.03288103760828, 7.633988770384586, 4.569080709110696, 12.0, 0.0
40, 0 ,1.0,1.0,1.0,185.78777390166795,116.00550528725607,65.26114684399869,9.1563189728854,11.46010442610397,9.63623744723209,38.0,50.0,50.0,-0.04737495081398252,-0.9359544716557673,0.34891953373657125,11.708873752123665,0.6604979473554604,-0.29139749965895706,-0.6919754032707607,9.969286998159298,-0.7493317526800772,-0.1976783351307915,-0.6320009495604594,8.458417992451562,50.90482166381253,48.24694926116685,46.14132982006771,16.75977242060337,5.209536557072192,36692.0,113323.2143762081, 0.0, 1.4210854715202004E-14,0.0,20.617102407836168, 107.31299921311135,107.31299921311135,0.0, 83.83817713322115, -2.451982184894178, -13.808662638334635, -2.451982184894178, 131.33399345720778, -15.793762990910505, -13.808662638334635, -15.793762990910505, 92.85707213943805, 7.513874054773805, 4.858881136385527, 11.0, 0.0
41, 0 ,1.0,1.0,1.0,165.33607928948385,93.33569313940018,190.2184322306603,10.696894030235487,13.628553990930122,5.1284419200973606,50.0,62.0,21.0,-0.32414102085820873,-0.9458271931364604,-0.018534274213028615,13.976794839835575,0.9447888928238046,-0.3226662629312817,-0.05710018180995525,10.253118964519274,0.04802651969242998,-0.0360194876360883,0.9981963984690917,5.097518985757456,61.1488076014746,48.74967914651562,23.063272942530944,17.076758097609517,5.903073367435355,31076.0,68751.26494439045, 0.0, 0.0,0.0,NaN, 100.04408068878143,100.04408068878143,0.0, 114.42354189408759, 27.79801199807262, -3.252004962576175, 27.79801199807262, 185.73748388369737, 4.427156486348055, -3.252004962576175, 4.427156486348055, 26.3009165278119, 7.377220603147941, 4.556315194854464, 11.0, 0.0
42, 0 ,1.0,1.0,1.0,120.12663082153871,8.256108167944967,164.21293587412035,10.954724353797802,5.92711233923447,10.491674807662235,54.0,24.0,47.0,-0.9790156096005628,0.20350674430798588,0.01065087694055576,11.128968524524657,-0.0029818145539921292,0.03795408581472576,-0.9992750352890512,10.496629493972065,-0.20376345339732638,-0.9783376167720078,-0.03655082308872254,5.583790421008461,55.37282911176955,47.229432948121655,27.461260886343556,15.446599823522494,5.1589185408627465,25294.0,71817.43970288367, 0.0, 0.0,0.0,NaN, 87.91264064256858,87.91264064256858,0.0, 120.00598566769067, -18.473207656437488, -0.7309651935165238, -18.473207656437488, 35.13066068190551, -2.795342713392518, -0.7309651935165238, -2.795342713392518, 110.07524026973441, 7.358298334534238, 4.392042878741911, 10.0, 0.0
43, 0 ,1.0,1.0,1.0,81.33505817099567,104.0565983495671,74.58032332251082,11.907078992086205,10.37318378241576,11.278898417695054,60.0,55.0,52.0,-0.9688963739447174,-0.2091345070167429,0.1322972960103207,11.998212763621616,-0.09407102648156307,-0.18321245757532467,-0.9785621274941696,11.290764963568579,0.22888962085136916,-0.960570639445155,0.15784038805845158,10.254586214984855,59.58905269279658,53.44527544036356,55.148532066128624,18.65705814293256,5.339400984702411,59136.0,175634.4713846948, 0.0, 0.0,0.0,NaN, 146.22842622016347,146.22842622016347,0.0, 141.77853012378063, 8.246914913110096, -2.918451134879424, 8.246914913110096, 107.60294178377332, 2.928971486734926, -2.918451134879424, 2.928971486734926, 127.213549516684, 6.270687491494408, 4.039211124875453, 16.0, 0.0
44, 0 ,1.0,1.0,1.0,49.117294310274254,182.79971346704872,162.9579410560786,11.615245731703377,9.890799584159753,10.420025205039078,52.0,42.0,44.0,-0.9203132208982009,0.14406235176754692,0.3636888976078096,11.915438685236532,-0.21473089306753587,0.5910755479410155,-0.7775090611617648,10.457998191433743,0.32697739830514116,0.7936471101373919,0.5130400038673096,9.485323919711721,60.03976060173744,50.83588034853085,53.53513625745285,17.709329251716063,5.26293003466924,48860.0,163398.5555810636, -7.105427357601002E-15, 0.0,0.0,23.028084276979012, 63.87857690949816,63.87857690949816,1.1680077279964342E-6, 134.9139334078535, -9.357207488327001, -14.16825542759688, -9.357207488327001, 97.82791641401474, -6.1900243312568, -14.16825542759688, -6.1900243312568, 108.57692527364969, 7.342826735839778, 4.487110311233787, 9.0, 0.0
45, 0 ,1.0,1.0,1.0,178.5956665380939,154.5970249375304,88.34382599070922,12.640765550430146,8.895034231176805,12.858303754401359,51.0,41.0,56.0,-0.5442944538988559,-0.10225721032246443,0.8326385832953057,13.03185892591012,-0.8347165264188926,-0.03291594794104151,-0.5496952436526271,12.503590822983723,-0.08361739040489558,0.9942132584653106,0.06743981549252125,8.836143535602778,64.44793892897798,60.87641200496347,40.84331475381687,19.26378340768345,5.757882591461258,59629.0,160242.99809241953, 0.0, 0.0,0.0,NaN, 101.60810610452505,101.60810610452505,0.0, 159.78895370094153, 7.2570271385376115, -5.67214535484406, 7.2570271385376115, 79.12163397380712, -6.396002033729307, -5.67214535484406, -6.396002033729307, 165.33597544045207, 7.687745401583756, 4.610434622971292, 9.0, 0.0
46, 0 ,1.0,1.0,1.0,115.16265279472523,153.94956436109862,62.211375848264936,9.20964201989413,11.535703102882794,10.354315241996376,45.0,52.0,50.0,-0.14713282949945183,-0.9722796862931189,0.18172545805483487,11.636519995518158,-0.2041958272553178,-0.1499098727599527,-0.9673836334053888,10.34572080614885,-0.9678098959067329,0.1794414714352538,0.17647879111708958,9.091713795441578,55.13672939972474,50.5326598425395,45.548446043812476,17.324904643230287,4.994944989293288,46713.0,126907.33505534347, 0.0, 0.0,0.0,NaN, 114.84020806448856,114.84020806448856,0.0, 84.81750613459961, 8.292150150587029, 3.4044691264719065, 8.292150150587029, 133.0724460778597, -5.785348800151663, 3.4044691264719065, -5.785348800151663, 107.21184413063848, 6.41934640599201, 4.075178970427257, 15.0, 0.0
47, 0 ,1.0,1.0,1.0,99.01465544122233,157.87248875228295,15.26379794200187,11.266484803326842,10.560197610747409,9.576080282732187,48.0,51.0,41.0,-0.8579138235064845,-0.00509531108233504,0.5137683420000297,12.112417354284329,0.09292359793297636,0.9819221537785182,0.16490630329416472,10.632202375229236,0.505320765834609,-0.18921660002211943,0.841931114695492,8.390374572732954,57.19330241871188,52.765928146541114,49.2321584363834,17.409248788488792,5.202962963876704,44898.0,148575.64773015186, 0.0, 0.0,1.7763568394002505E-15,59.0848352660636, 108.6812436609223,108.6812436609223,0.0, 126.93367982359467, 4.224707167379339, -32.98259564002506, 4.224707167379339, 111.51777357803527, 6.705582502961306, -32.98259564002506, 6.705582502961306, 91.70131358133216, 7.477468050492941, 4.35986879204704, 13.0, 0.0
48, 0 ,1.0,1.0,1.0,95.60211443674548,8.516929780698621,133.23180227159082,11.076272778303267,5.653018752736177,10.689591295777916,52.0,23.0,54.0,-0.8176899343694655,-0.011639215657192167,0.5755412234494973,11.452303266714898,0.5729628055655486,0.08019467775084975,0.8156484764277391,10.30973686119618,0.055648851464465396,-0.9967112632650056,0.05890554312934548,5.609088828769242,56.815293448192094,50.509089817082014,24.616621440683254,15.597201844698024,5.063111332440077,27998.0,70642.04185156143, 0.0, 0.0,0.0,NaN, 116.92003509050909,116.92003509050909,0.0, 122.68381865938198, 4.387084711657349, -11.946914875865346, 4.387084711657349, 31.956621018786876, 4.226770688022912, -11.946914875865346, 4.226770688022912, 114.267362070771, 6.6437654671426145, 4.163111176745659, 7.0, 0.0
49, 0 ,1.0,1.0,1.0,117.77537872192234,111.98565645133206,51.93413721051715,10.721129782435904,10.9519091339157,9.203610184694398,50.0,48.0,44.0,0.6025071019901115,0.7885270421949527,0.12333002788759938,11.328894543602335,0.7978254301433451,-0.5992068317799379,-0.06652635391208472,10.35964356276222,-0.02144236619554899,-0.13847843325055328,0.9901332983272544,9.161185054000779,56.146779119653985,52.88431702488927,44.69513495859917,17.195709382795506,4.888860474959251,45944.0,132712.55210007634, 0.0, 1.4210854715202004E-14,0.0,37.95192641689525, 131.16618322733595,131.16618322733595,0.0, 114.94262381183414, 9.91776890513986, 2.0587518721168547, 9.91776890513986, 119.94431367754615, 5.252058950499314, 2.0587518721168547, 5.252058950499314, 84.70644043181045, 6.489490438998653, 4.109090332840183, 12.0, 0.0
