// Sample: .//bubblelabels.tif, Map: .//bubblelabels.tif, Thickness:(8.191250068658265):/gpfs/home/mader/Foam/NewValid/InSilicoTest/LatticeDataPhi_16.0/out_Step_02000.vtk/distmap.tif, Neighbors:(1.0):
//LACUNA_NUMBER, TRIANGLES, SCALE_X, SCALE_Y, SCALE_Z, POS_X, POS_Y, POS_Z , STD_X, STD_Y, STD_Z,PROJ_X, PROJ_Y, PROJ_Z, PCA1_X, PCA1_Y, PCA1_Z, PCA1_S, PCA2_X, PCA2_Y, PCA2_Z, PCA2_S, PCA3_X, PCA3_Y, PCA3_Z, PCA3_S,PROJ_PCA1, PROJ_PCA2, PROJ_PCA3,OBJ_RADIUS, OBJ_RADIUS_STD, VOLUME, VOLUME_BOX, Mask_Grad_X,Mask_Grad_Y,Mask_Grad_Z,Mask_Angle, Mask_Distance_Mean,Mask_Distance_COV, Mask_Distance_STD, SHAPET_XX, SHAPET_XY, SHAPET_XZ, SHAPET_YX, SHAPET_YY, SHAPET_YZ, SHAPET_ZX, SHAPET_ZY, SHAPET_ZZ, Thickness, Thickness_STD, Neighbors, Neighbors_STD
1, 0 ,1.0,1.0,1.0,169.06366381479617,62.91850150981379,166.2856536235531,12.437217958703856,11.138385306954158,11.335384938562292,59.0,56.0,59.0,-0.8940127072263832,-0.029326664809625827,0.44708078246430677,12.815778375612915,0.2762880718647172,0.749458173443339,0.6016455331873161,11.910403072023769,-0.35271260349331157,0.6614018392702861,-0.6619225229185459,10.056693929565624,67.85951633571415,59.412306561983684,54.47589002656116,19.36607279776509,5.673992764850697,63584.0,219629.92218069296, 0.0, -7.105427357601002E-15,0.0,88.3194649288732, 77.79750561808156,77.79750561808156,0.0, 154.68439055230573, 10.086435359339635, -18.45475789299408, 10.086435359339635, 124.06362724617226, 17.533833308336224, -18.45475789299408, 17.533833308336224, 128.49095170538487, 6.212898284287315, 4.318661136035416, 31.0, 0.0
2, 0 ,1.0,1.0,1.0,38.735554520037276,9.512057315936627,25.760601118359737,11.346201030063176,6.155622492089476,12.582674108053052,57.0,25.0,57.0,0.48901325759686415,0.08236159725435449,0.8683792956952706,13.17134743669953,-0.8722762485868838,0.04665761065798901,0.4867825115170839,10.708516696933948,4.243179179756087E-4,0.9955097360977437,-0.09465825526020152,6.065882511426406,67.51855670979651,50.44362460841026,27.054699643396813,17.066854398151605,5.802941904025588,34336.0,92145.08013812297, 0.0, 0.0,0.0,NaN, 47.48190169249417,47.48190169249417,0.0, 128.73627781460667, 2.335813153212573, 24.97761119975253, 2.335813153212573, 37.89168826511785, 11.544941493970647, 24.97761119975253, 11.544941493970647, 158.32368770946866, 6.140127141403602, 4.316923010812872, 13.0, 0.0
3, 0 ,1.0,1.0,1.0,171.6491432417042,41.89892322824455,13.265284464461356,10.918909263574216,10.604670356485805,8.387932282173779,51.0,52.0,31.0,-0.8596534869106546,0.5079159546173834,0.054929641246462865,11.120205902578597,-0.4940392778937878,-0.8538775500515945,0.16376300380754716,10.452937349343317,0.1300810299026632,0.11364203695375333,0.9849692447464865,8.313611868567612,58.06397456173012,60.61569419358605,36.17112419704786,16.588911629318677,5.181412143502494,38634.0,127307.45921707699, 0.0, 0.0,0.0,NaN, 52.29969998517026,52.29969998517026,0.0, 119.22257950616682, -6.878839769144912, -5.823706297153481, -6.878839769144912, 112.45903336972877, -4.09227789424559, -5.823706297153481, -4.09227789424559, 70.35740797033301, 6.341945935863605, 4.3328429789692455, 18.0, 0.0
4, 0 ,1.0,1.0,1.0,9.515994545100332,30.869978570037016,134.4660042859926,6.225378337634309,9.886823253694917,10.167815718006587,24.0,42.0,54.0,0.06806647782922459,-0.5993578178755101,0.7975820714806914,10.535690139507915,0.002486652360897453,-0.799331732175374,-0.6008848462871672,9.511549899904319,-0.9976776890138216,-0.04288342440877934,0.05291730109346827,6.198285065865947,58.6111496120664,44.989315714722636,26.692383945842835,14.776233918849035,4.642412858340357,25665.0,70384.49364509001, 0.0, 0.0,0.0,NaN, 73.06308454575719,73.06308454575719,0.0, 38.75533544668651, -3.0645285876875317, 3.862602970605746, -3.0645285876875317, 97.74927404980257, -9.696549530397117, 3.862602970605746, -9.696549530397117, 103.38447647534181, 6.353041693095038, 4.123175336841343, 13.0, 0.0
5, 0 ,1.0,1.0,1.0,59.884701270345374,73.73290492258833,141.43400158793173,9.451841966738172,9.945993158552541,9.94866792865211,47.0,50.0,52.0,-0.6310620694321621,0.688311838238213,0.357753375756441,10.335392151411922,0.12196116597273489,0.5434809208176318,-0.8305142760373185,10.163441417397264,-0.766084942104052,-0.48047403889112683,-0.4269175089324405,8.78181175273216,51.54457317357182,48.498444418601444,48.41486996988577,16.326213479948873,4.548718878529367,40304.0,121029.02269039434, -7.105427357601002E-15, 0.0,0.0,50.87147636928244, 111.59164343517995,111.59164343517995,0.0, 89.33731656419293, -11.16576991923216, -9.356545122590367, -11.16576991923216, 98.92277990997395, -4.50119027654616, -9.356545122590367, -4.50119027654616, 98.97599355459107, 6.0557040511421585, 3.9107991410033427, 20.0, 0.0
6, 0 ,1.0,1.0,1.0,30.43279522942189,107.79759974051248,176.7832031737319,10.022984058409287,9.363319471113321,9.912671976043788,51.0,48.0,45.0,-0.7661179939480304,0.509346994254818,0.39195517446849537,10.31767980076345,0.5013885241698834,0.0921221636163253,0.8603040478815576,9.95263565808009,0.40208552222107213,0.8556162378158972,-0.32595718492768033,8.993528431284956,56.61590877127571,50.765159375568345,49.082619885550024,16.298778543791816,4.554431318873235,40079.0,141069.12507092662, 0.0, 0.0,0.0,NaN, 99.83214559428681,99.83214559428681,0.0, 100.4602094351267, -9.13897964267893, 0.15962368692948725, -9.13897964267893, 87.67175151812984, 6.545156918718416, 0.15962368692948725, 6.545156918718416, 98.26106570464384, 6.087004515083343, 4.0066374797555415, 19.0, 0.0
7, 0 ,1.0,1.0,1.0,136.95874255811307,16.92347654620606,180.44939516893558,12.824728788392209,9.906692928246951,9.7245192289942,63.0,41.0,39.0,-0.9733589411459093,-0.22672660634405684,0.03416749430411458,12.974328909132034,-0.18193667238292718,0.6730381284356421,-0.7168812488230358,9.814923821760612,-0.1395400262775595,0.7039990934991003,0.6963575643438525,9.61855328186983,63.160912729141174,53.12571976194687,53.790609989476366,18.11639788038801,5.383180783229384,52742.0,180492.7215974259, 0.0, 0.0,0.0,NaN, 68.13831776265606,68.13831776265606,0.0, 164.4736684958159, 16.264409483230516, -2.023721438557445, 16.264409483230516, 98.14256477457816, -2.4285814170524063, -2.023721438557445, -2.4285814170524063, 94.56627423507796, 6.198340252489343, 3.97596313159904, 16.0, 0.0
8, 0 ,1.0,1.0,1.0,185.19572466203118,155.33548737301936,91.19939514565617,8.344890058355897,10.812195784007447,10.301365155585364,32.0,56.0,52.0,0.18377554686139252,0.8165002969232149,0.5473150952605806,11.429574646895784,-0.21151696136513679,-0.5109066862437837,0.8332076169876603,9.792707417607868,-0.9599412083198925,0.2688896113197734,-0.07881150609933715,8.131826157181962,55.25595065237974,47.29787031983176,38.1218598640133,16.398684431573987,4.872580501144551,38687.0,99631.05334584991, 0.0, 0.0,0.0,NaN, 102.62268234372769,102.62268234372769,0.0, 69.63719008604708, 12.896856556763225, 1.241791298293779, 12.896856556763225, 116.9035776717084, 16.15473028160686, 1.241791298293779, 16.15473028160686, 106.11812406870828, 6.149237658433214, 4.07412468123722, 18.0, 0.0
9, 0 ,1.0,1.0,1.0,79.33497630847992,146.64459996732205,44.84663144708894,9.625754569815228,8.884775593993977,10.41578852639143,45.0,40.0,48.0,-0.5851149851580653,-0.09125503328021733,0.8057995861530977,11.252793652612905,0.11390084691498445,-0.9930464860072372,-0.02975354938031202,8.863363682717695,0.8029116085943246,0.07437200770252068,0.5914404054972654,8.654389537110795,54.61068841425622,40.7367403613118,42.26410979731054,16.08098843713932,4.635175283109465,36722.0,94023.33514578207, 0.0, 0.0,0.0,NaN, 105.60330265036784,105.60330265036784,0.0, 92.65515103831875, 2.347877996894815, -24.400888116950114, 2.347877996894815, 78.93923735563102, -3.6954853489472264, -24.400888116950114, -3.6954853489472264, 108.48865062650734, 5.994772224365304, 3.9420608316973533, 15.0, 0.0
10, 0 ,1.0,1.0,1.0,40.27309814102267,173.02851050020863,190.34500023179268,9.8846628041906,10.260587522152798,4.9805262992540085,48.0,49.0,20.0,-0.4089338115320652,0.9124362266691427,0.01527318066528262,10.354623128741945,0.9125466860672495,0.408765522472128,0.0130112791749888,9.787709161532709,-0.005628812800110128,-0.019258242387745983,0.9997986980220552,4.977387517648057,49.051985707374584,44.48714660988655,20.508831092947986,14.375581306103498,4.597229533261147,21571.0,44754.020093075545, 0.0, 0.0,0.0,NaN, 49.42269418230742,49.42269418230742,0.0, 97.70655875254918, -4.268413859196554, 0.32838550064945216, -4.268413859196554, 105.27965629975769, 1.5266712186476403, 0.32838550064945216, 1.5266712186476403, 24.805642217560827, 6.168389194579578, 4.034986004247056, 11.0, 0.0
11, 0 ,1.0,1.0,1.0,153.62472461237894,10.642266284241593,87.26744814399136,8.913998424364605,6.858795715957906,9.62455887955577,46.0,26.0,44.0,-0.3320550121074215,-0.02385139902588461,0.9429584188599452,9.716713018735385,0.9269521542437399,0.17683483839463698,0.3308914378959237,8.872892513402084,0.1746401233314651,-0.9839514981412701,0.03660978869537435,6.781728892104469,44.550276641624585,42.882356093050674,28.89792678685711,14.154245463905443,4.334964308545303,24057.0,55207.201190445856, 0.0, 0.0,0.0,NaN, 99.39583243027154,99.39583243027154,0.0, 79.45936790957467, 5.749568941020599, -5.120899453632934, 5.749568941020599, 47.043078673242526, 0.826439652790846, -5.120899453632934, 0.826439652790846, 92.63213362603584, 6.43747050380025, 4.054178721330414, 15.0, 0.0
12, 0 ,1.0,1.0,1.0,100.10022026431719,91.84835057883413,13.839027763548817,10.717776422090083,10.23897314894393,8.153637052885339,51.0,47.0,33.0,0.8249097299093456,0.5542334797662494,-0.11112689776595452,11.105544811139024,0.5621557848362848,-0.8249533173755906,0.0585909355285367,9.858733547096788,0.05920144488094146,0.11080286123202288,0.9920775750246581,8.103168951960773,49.71326100053969,47.79635948200692,34.86061317963981,16.27239902992203,4.625811234788138,39044.0,82832.75246207778, 0.0, 0.0,0.0,NaN, 136.40969241491104,136.40969241491104,0.0, 114.87073143391011, 11.743479258913574, -4.248133276272105, 11.743479258913574, 104.83657114479477, -5.076173461019163, -4.248133276272105, -5.076173461019163, 66.48179719018471, 6.273091805438754, 3.9131828550477836, 14.0, 0.0
13, 0 ,1.0,1.0,1.0,154.672620193233,9.830670926517572,40.21640555833558,10.132192644899298,6.231457335650361,9.59391288266344,45.0,24.0,46.0,-0.9553648752711813,0.013226972288168902,0.2951321776800498,10.18727071031095,-0.29538859557179786,-0.026364063097383778,-0.9550133579082117,9.537906124711002,-0.004851051865457993,-0.9995648970332471,0.029094396620542907,6.227633174052453,50.8103527020543,45.996829597082225,24.852699238255507,14.622581571993681,4.44023207613117,25979.0,58083.619535430276, 0.0, 0.0,0.0,NaN, 61.38870194950299,61.38870194950299,NaN, 102.66132779335143, -0.4149175784275004, -3.604198418967491, -0.4149175784275004, 38.83106052603069, 1.5677265503336524, -3.604198418967491, 1.5677265503336524, 92.04316440013554, 5.88040951533444, 3.8743074947396665, 15.0, 0.0
14, 0 ,1.0,1.0,1.0,188.9495385967482,58.27988135344954,93.89310824666764,6.89572797537183,9.745704485852993,10.283314502713441,28.0,47.0,54.0,0.17909571448158693,-0.5772357549142925,0.7966954300752935,10.888498385849665,0.06548124886900027,-0.8009989336386403,-0.5950738730244489,9.202974973111512,-0.9816501062501273,-0.1587437921881943,0.10565735819537349,6.709860799096338,49.27900412483148,46.047701311063804,30.076612535056114,15.017920844663477,4.768483081760044,27308.0,68249.3938902613, 0.0, 0.0,0.0,NaN, 111.06112300898708,111.06112300898708,0.0, 47.55106431032568, -9.683144993955837, 8.946744659583533, -9.683144993955837, 94.97875592557514, -14.90830622269233, 8.946744659583533, -14.90830622269233, 105.74655716171658, 6.033086724321778, 3.900893991902981, 12.0, 0.0
15, 0 ,1.0,1.0,1.0,74.30125625825475,186.6532235771109,28.718278711183462,9.426203477272061,7.46169975949533,11.689147879957526,48.0,29.0,56.0,-0.37349923116437034,0.04517798435347352,0.9265296941001842,12.103441990433883,0.8828931714555809,0.3237537523864021,0.34012226568225445,9.073690397503185,0.28460142676509914,-0.945062144806087,0.16080911148871008,7.234727915392839,60.327848901147256,46.81109236338936,36.80826813215151,15.93773155605491,5.211061916962157,32557.0,103947.0095660656, 0.0, 0.0,0.0,NaN, 80.76851276686133,80.76851276686133,0.0, 88.85331199493591, 6.98378791521626, -23.576154977402222, 6.98378791521626, 55.67696330085266, 7.243522641805462, -23.576154977402222, 7.243522641805462, 136.6361781595155, 5.646886612907485, 3.7866488238863973, 14.0, 0.0
16, 0 ,1.0,1.0,1.0,185.50409804276444,148.83793986089924,33.96160508829537,8.44896283535767,11.860351914725324,9.234685499920767,36.0,57.0,49.0,-0.19258838338166182,0.9797957342169447,0.05394472909113815,11.984624034458218,0.03351570682073316,-0.04837385625514373,0.9982668317776132,9.225957443488689,-0.980707097956747,-0.19406259104032628,0.023522303798105073,8.281475280434808,57.74809671269058,48.334588482041326,40.639234699724085,16.48364991419244,5.061780548697374,38677.0,113433.47099344317, 0.0, 0.0,0.0,NaN, 63.095785845047345,63.095785845047345,6.743495761743046E-7, 71.3849729932551, -14.188233665174483, -0.22645020054540949, -14.188233665174483, 140.66794754112868, 3.1681707654016282, -0.22645020054540949, 3.1681707654016282, 85.27941628244687, 5.8992122306880015, 3.912821493979098, 16.0, 0.0
17, 0 ,1.0,1.0,1.0,153.45345995111592,109.36518812357255,9.905237007653163,10.719448075560885,9.771049138544415,5.884623773163781,55.0,52.0,24.0,-0.9938096093761923,-0.11025587564167487,0.013641927943919021,10.731749553374653,0.1097046509538466,-0.993308280077485,-0.03610471283092487,9.762363546548103,0.01753139671088002,-0.03438462761171589,0.9992548961668235,5.876612525328825,54.895923099098496,50.52026985412087,25.002906597744804,14.926510892316047,4.7125404874386545,24957.0,69341.98225420051, 0.0, -1.4210854715202004E-14,0.0,83.66993411628188, 102.36876102881945,102.36876102881945,0.0, 114.90656704464598, 2.213493849642553, -1.3339170259089725, 2.213493849642553, 95.47340126784954, 2.0580867056236647, -1.3339170259089725, 2.0580867056236647, 34.628796951684336, 5.964519873457889, 3.883103879434346, 17.0, 0.0
18, 0 ,1.0,1.0,1.0,11.466892586528576,47.54913756996535,14.914175836728477,6.955154577246257,9.96703689883579,9.51151373806035,27.0,50.0,38.0,0.02979564041939275,-0.7703681954397685,0.6369027109903621,10.884030534565252,-0.02918330824696205,-0.6375844382851942,-0.7698275252134831,8.45166250757737,-0.9991298986276814,-0.004350575988054441,0.041479129171320836,6.949257047060262,53.70100571576555,41.479878288359885,28.60057050732619,14.708795075269736,4.672926359269547,26263.0,63708.090589548694, 0.0, 0.0,-1.7763568394002505E-15,50.438751730824215, 51.135533146016286,51.135533146016286,0.0, 48.37417519338957, -1.18012126881602, 1.8514402730089927, -1.18012126881602, 99.34182454275415, -23.071821342470454, 1.8514402730089927, -23.071821342470454, 90.46889358931077, 6.929508532487769, 4.110927666937629, 10.0, 0.0
19, 0 ,1.0,1.0,1.0,63.4294410063914,11.922221094991714,106.0745662980623,9.509991699667328,7.136383792954034,10.504465832127881,46.0,27.0,51.0,-0.49436782016850334,-0.09186460166295947,0.8643849566848952,10.956050861753413,-0.8569242122851598,-0.11537905734619545,-0.5023629838327683,9.042372309733526,-0.1458812968865483,0.9890644913690962,0.02168130834358612,7.0648546137381505,57.35123939231363,48.77348842049054,31.146224098592807,15.162830306168832,4.669078634245041,29571.0,87122.84129704225, 0.0, 0.0,0.0,NaN, 113.9623641309632,113.9623641309632,0.0, 90.43994212774146, 6.333898559896482, -16.25318445162802, 6.333898559896482, 50.927973640337015, -3.7219741474572774, -16.25318445162802, -3.7219741474572774, 110.3438024183421, 5.671572951407651, 3.8054791118026285, 19.0, 0.0
20, 0 ,1.0,1.0,1.0,191.6835845437106,134.71137297889834,118.52030693340642,4.8242009666769174,9.69122096418961,9.706336840324,19.0,47.0,46.0,0.0235724458069251,0.7040396752079725,0.7097693114891152,10.73587565311341,0.021104280752685053,-0.710158817251453,0.7037251335670268,8.540902960959876,-0.9994993492407043,0.0016093517546735988,0.031598431200588147,4.8165967418727496,49.02072895354047,45.40127729943018,19.922935657937188,13.823845859810463,4.506322141799789,18245.0,44340.55948729904, 0.0, 0.0,0.0,NaN, 104.74114743771158,104.74114743771158,0.0, 23.272914966886507, 0.782228347885978, 2.2790754687067802, 0.782228347885978, 93.91976377674818, 21.141021447592067, 2.2790754687067802, 21.141021447592067, 94.21297485783086, 6.171441720540833, 3.8393222950586927, 9.0, 0.0
21, 0 ,1.0,1.0,1.0,11.49714894750866,153.46911803890222,188.03618438582467,7.270558647487802,10.146198430977742,6.105941120134055,29.0,56.0,23.0,0.06006834543726104,0.9979666943508854,0.02131363044616924,10.15652715917344,0.9963920060488682,-0.061228736006792,0.05877084454832254,7.261883046525571,-0.059956352110034014,-0.017706463604474698,0.9980439454193791,6.099089546271273,56.46550470757603,30.707651341036243,24.275278611792373,13.2039865383573,4.32939050037662,18765.0,42091.46467756772, 0.0, 0.0,0.0,NaN, 49.40081268611681,49.40081268611681,0.0, 52.86102304655966, 3.0060004164711676, 0.9942145411479663, 3.0060004164711676, 102.94534260077519, 1.3470007381606706, 0.9942145411479663, 1.3470007381606706, 37.28251696254392, 6.146576862644266, 4.074491211229039, 8.0, 0.0
22, 0 ,1.0,1.0,1.0,8.96360624916066,20.08017368727338,54.1309369264515,5.531548687514103,10.617948499509994,10.054175310718497,22.0,42.0,45.0,0.06609939443725467,0.9137389497306394,-0.40088901431715074,10.760434778280711,0.02153677742824334,-0.40298054401823313,-0.9149551072925793,9.921993089976697,-0.9975805918686641,0.05184412105453665,-0.046315762317466244,5.494761041580295,49.638111377429794,52.70603789846733,23.064482993529445,14.839072710025592,4.922115755020544,22339.0,60341.950352512744, 0.0, 0.0,-7.105427357601002E-15,66.36623317362626, 58.42703094319041,58.42703094319041,NaN, 30.598030882339, 4.577339236660215, -3.6130779479294444, 4.577339236660215, 112.74083033824654, -6.188258562839581, -3.6130779479294444, -6.188258562839581, 101.0864411786614, 5.323220692577313, 3.733543010054177, 10.0, 0.0
23, 0 ,1.0,1.0,1.0,98.78105537136305,21.657267685061818,101.11858209648932,9.61790214566417,8.6479677747032,9.87138055858712,48.0,41.0,47.0,0.6538819292799017,-0.23809550268992774,0.7181566362291895,10.964948888396133,0.4490707636530004,-0.6417808814955437,-0.6216532388550019,8.590797355625304,-0.6089120394550469,-0.7289909682195204,0.31272719175195124,8.408545600623803,53.61435717510551,47.63366575289871,43.80070485298858,15.556718018091908,4.76697671002422,32273.0,111860.35866017044, 0.0, 0.0,0.0,NaN, 141.43644845113806,141.43644845113806,0.0, 92.50404168357143, -8.603499722286527, 22.39221333913161, -8.603499722286527, 74.78734663230503, -7.232465634763706, 22.39221333913161, -7.232465634763706, 97.44415413245176, 5.485496183306314, 3.5424033449153036, 20.0, 0.0
24, 0 ,1.0,1.0,1.0,123.25878975265017,10.760733215547702,145.50658127208482,8.813689838577156,6.471809253222128,9.35978215867668,42.0,26.0,46.0,-0.585630574941364,-0.05045030642565871,0.8090065489694163,9.913410362560535,-0.802921966897418,-0.10074666284876826,-0.5875086595093026,8.210896748875072,-0.11114470193143974,0.993632163582879,-0.01849266682168056,6.4402201205705865,43.32285853413508,43.853131884392184,27.24176594161614,13.800419186361117,4.088935793006899,22640.0,51755.07911927625, 0.0, 0.0,0.0,NaN, 94.73404569752122,94.73404569752122,0.0, 77.68112857063821, 3.7766724421424893, -14.67266164634034, 3.7766724421424893, 41.884315010091555, -0.7827230233708556, -14.67266164634034, -0.7827230233708556, 87.60552205788228, 5.850863176012945, 3.784154195047956, 10.0, 0.0
25, 0 ,1.0,1.0,1.0,139.80036749116607,36.59454416961131,37.74965371024735,8.903157331286849,8.971470363394486,10.117647086432585,40.0,44.0,44.0,0.4115310261222907,0.2639696336274544,0.8723315006700849,10.437605918248366,-0.4636737631298146,-0.7633736348603837,0.449741409017541,9.142276137488055,-0.784632943435191,0.5895597731550499,0.19175614189275617,8.342388341103126,49.13624769428981,45.722272792539755,43.536806285582436,15.59295599096145,4.356603835151585,35375.0,97810.69983820202, 0.0, 0.0,0.0,NaN, 79.92617076042039,79.92617076042039,0.0, 79.26621046564678, 9.224810485534828, 11.20916055128655, 9.224810485534828, 80.4872804812656, 4.259061008228325, 11.20916055128655, 4.259061008228325, 102.36678256559777, 5.466786617314437, 3.5691294046648134, 16.0, 0.0
26, 0 ,1.0,1.0,1.0,70.7232981311001,63.51454786169525,45.84476123033345,9.14977320550853,9.292415774241672,8.645274106390179,42.0,39.0,43.0,-0.6459071984186867,-0.7628606960656971,0.029110984680775116,9.634104318469126,0.7020417447568669,-0.6085280923757362,-0.36990667662031085,8.817369293192849,0.2999021167808904,-0.21848825869531036,0.9286127293778788,8.616619855636673,50.18618094174222,44.24151393074109,41.398799352571764,15.0890870729537,4.138545192826742,32479.0,91918.27679052095, 0.0, 0.0,7.105427357601002E-15,88.33182776845565, 105.53494596995976,105.53494596995976,0.0, 83.71834971224185, 7.654861345270033, -1.258047686905183, 7.654861345270033, 86.34899092137546, 0.3754225905560141, -1.258047686905183, 0.3754225905560141, 74.7407643746205, 5.758965585967245, 3.63421865841985, 20.0, 0.0
27, 0 ,1.0,1.0,1.0,68.24827360764925,190.63576186000898,72.89073673027418,10.782155271107873,5.5209440313767,9.942226421713192,51.0,22.0,46.0,-0.9496450043512503,-9.219925526914516E-4,0.31332653197654187,10.880470989644566,-0.31245341935650484,-0.07187246709100792,-0.9472102243993573,9.852101087552866,0.023392871630953545,-0.9974134039624623,0.06796524959766559,5.48953702170119,48.71530353607275,48.62534299895219,23.50282304394625,14.913537608400059,4.81351820514967,24473.0,55673.44829970493, 0.0, 0.0,0.0,NaN, 100.29244890543434,100.29244890543434,0.0, 116.25487229027928, 1.5802766697415083, -6.450378636584991, 1.5802766697415083, 30.48082299759401, 4.530912728871216, -6.450378636584991, 4.530912728871216, 98.84786622061192, 5.335818550403354, 3.647408245785406, 15.0, 0.0
28, 0 ,1.0,1.0,1.0,92.11741571347083,126.72535951244409,77.13671980545799,8.994709228987977,8.14980575095204,10.260229535764323,44.0,39.0,46.0,-0.08557138978853497,-0.10481865811965986,0.9908030006815947,10.288872513774336,0.9881724234503176,0.11808186067703084,0.09783626991753425,8.99825993496966,-0.12725092841305682,0.9874561879339481,0.09347447848996487,8.1096768466371,45.73949849446639,44.83922387153979,39.46124585688227,15.315475938222331,4.246484994039071,33309.0,80932.00091701811, 0.0, 1.4210854715202004E-14,0.0,83.98328121729541, 140.72975790022062,140.72975790022062,0.0, 80.90479411404148, 2.133450987625918, -1.9296499792592405, 2.133450987625918, 66.41933377825096, -3.988330097561379, -1.9296499792592405, -3.988330097561379, 105.27231012657056, 5.775760282266644, 3.6259101525051913, 19.0, 0.0
29, 0 ,1.0,1.0,1.0,125.85687644307619,74.7200580190634,165.59513942336156,8.996876489146592,8.992651847162595,9.388404468968824,43.0,43.0,44.0,-0.49070921414058477,-0.35141367999686896,0.7973160556947215,9.791450760789788,0.5011486853275277,-0.8623888939152392,-0.0716616413860378,8.916195200417949,0.7127793924855158,0.3644088653733726,0.5992926801532544,8.63612571847251,49.11522090207133,42.51734952788227,44.772269754864624,15.257483383461242,4.14281463278238,33782.0,93495.64818054832, 0.0, 0.0,0.0,NaN, 110.74287458995907,110.74287458995907,0.0, 80.94378656095871, 1.546695888999207, -8.50620155372816, 1.546695888999207, 80.86778724427683, -5.661351206952593, -8.50620155372816, -5.661351206952593, 88.14213847295379, 5.631703404708263, 3.6357145849462156, 17.0, 0.0
30, 0 ,1.0,1.0,1.0,45.32956209619526,53.496453697056715,170.8256712132089,9.353089121694659,10.187654666115613,8.715858671909123,44.0,45.0,41.0,-0.3500595464184145,0.9056747316743228,0.23918945287779175,10.477056094045336,-0.8935900413845979,-0.24627280030305165,-0.37529527810667435,9.252249620613927,-0.280989593934734,-0.3451130079228203,0.8955120657271217,8.477142718107356,52.753379164482965,45.37666611248068,39.61050295257364,15.69166156156834,4.583288507202573,34825.0,94818.53159576516, 0.0, 0.0,0.0,NaN, 75.94590981846187,75.94590981846187,0.0, 87.48027611836295, -8.993763074834598, 1.4346237325485007, -8.993763074834598, 103.78830759602721, 9.48177948010989, 1.4346237325485007, 9.48177948010989, 75.96619238869347, 5.494750197936713, 3.5648512673701185, 21.0, 0.0
31, 0 ,1.0,1.0,1.0,188.37811023622046,183.6963254593176,185.96708661417324,6.673147002500489,10.034005809595117,7.779454613555497,27.0,49.0,29.0,0.16797755761466654,-0.8975701926985663,0.40761659597821803,10.64923274107751,0.1929532315985435,-0.3755571941989967,-0.9064909510309827,7.077871031500012,-0.9667226026909116,-0.23092107540117587,-0.11010388904155134,6.498435294450156,59.49732699312074,37.330814839613964,30.725318276958006,13.5229579043345,4.781389662632603,19050.0,68243.5035233657, 0.0, 0.0,0.0,NaN, 24.449964893718256,24.449964893718256,0.0, 44.53089091698126, -11.301450513567687, 3.497536751606865, -11.301450513567687, 100.68127258698854, -23.362855849711657, 3.497536751606865, -23.362855849711657, 60.519914084369915, 6.134303204930361, 3.8338265880161124, 7.0, 0.0
32, 0 ,1.0,1.0,1.0,89.51880530973452,75.98993719668856,100.30798601198973,10.465418376113979,8.903912563897231,7.352034496996645,48.0,43.0,38.0,-0.9708428875964035,-0.2246753419525557,0.083576780997949,10.577033115777501,0.2019905585335383,-0.9544726870402911,-0.21950331195085748,8.866275092376535,0.12908873640556773,-0.19622150853713372,0.9720253174278052,7.236890798658591,48.28822955820857,41.62679314990697,36.103107706492224,14.963311241579605,4.353891209627392,28024.0,72570.2843280936, 0.0, 0.0,0.0,NaN, 154.03436211516072,154.03436211516072,0.0, 109.52498178710414, 7.920043644638334, -5.991250664727198, 7.920043644638334, 79.27965894552696, 4.379883387645622, -5.991250664727198, 4.379883387645622, 54.05241124502872, 5.918804520638481, 3.6768308269247605, 18.0, 0.0
33, 0 ,1.0,1.0,1.0,143.27466090279736,71.45979387902139,115.93490586724306,9.489427611174314,9.716794715060345,8.072539307719257,47.0,43.0,36.0,-0.6159407694748419,-0.7776371576914337,0.1260849692720263,10.317098838634406,0.751140401716433,-0.5314633675281669,0.391579858885638,9.049948847773877,-0.2374975061090437,0.3358975140622638,0.9114646425609587,7.828609340332387,50.5874383402996,42.96134299879027,41.11845241090447,15.197307682985413,4.321234312746367,31923.0,89362.90902145406, 0.0, 0.0,0.0,NaN, 124.0613005270948,124.0613005270948,0.0, 90.04923638771746, 13.399101815892633, 2.556549990790742, 13.399101815892633, 94.41609953462466, -8.717493603965561, 2.556549990790742, -8.717493603965561, 65.16589087467251, 5.560832255024347, 3.5665013765503373, 19.0, 0.0
34, 0 ,1.0,1.0,1.0,146.5401660480009,105.0795386925845,83.55529738460231,9.368865011046932,9.361594271617669,9.556539348021195,43.0,47.0,45.0,-0.5481081442363587,-0.7289195619732322,-0.4101874381237518,9.837541816779806,-0.5493025156752206,-0.056125647935528454,0.8337365638597676,9.63275747610641,-0.6307489266694394,0.6822947924589263,-0.3696344243827705,8.784946079601536,49.731968647427976,46.88266549625004,43.114796770264306,15.709309284636564,4.467675571426568,35291.0,100525.04816441567, 0.0, 0.0,0.0,NaN, 137.29288234288478,137.29288234288478,0.0, 87.77563159521942, 8.312905667259688, -2.7440886923770584, 8.312905667259688, 87.63944730638477, 5.130182772985212, -2.7440886923770584, 5.130182772985212, 91.32744431027736, 5.30811805846077, 3.4129588116552214, 20.0, 0.0
35, 0 ,1.0,1.0,1.0,9.612588617758803,99.05060514668442,109.08875484704869,5.8778350580444565,10.632075676050622,10.162197353108889,24.0,51.0,48.0,0.05634429953951778,-0.7669716350878284,0.6392024959902031,11.523379808131358,-0.1739367791079931,-0.6379697733886904,-0.75016035960048,9.243296582280959,-0.9831435890972073,0.06891356334632424,0.1693505358833384,5.712566785948401,52.01264870886443,44.9719111418664,25.138637413189986,15.057241890217751,4.91321685393962,25531.0,58801.99331194013, 0.0, 0.0,0.0,NaN, 134.7897575304543,134.7897575304543,0.0, 34.548944969576475, 1.5314533510577548, 10.497155387260916, 1.5314533510577548, 113.04103318126731, -23.829488514448467, 10.497155387260916, -23.829488514448467, 103.2702550435333, 5.2354075592404445, 3.510481435327757, 17.0, 0.0
36, 0 ,1.0,1.0,1.0,101.45309256953092,97.08748443337484,171.9034523315345,9.256251918690827,8.465187160251626,8.91340102569093,41.0,41.0,46.0,-0.8733263896671563,-0.29683511293419196,0.3862511266524364,9.50556177774024,0.2481509499775771,0.41122589053126674,0.8771056794833753,8.863412597755097,0.4191922269510219,-0.861848120428485,0.2854745070540112,8.238356844460233,45.257490601898596,50.192050841567834,41.654435466552194,14.770396423843696,4.315286846509471,28908.0,94620.81057056552, 0.0, 0.0,0.0,NaN, 141.16263170044897,141.16263170044897,0.0, 85.67819958226762, 6.919749857882126, -5.2581437193316125, 6.919749857882126, 71.65939365808897, 1.2776106632610358, -5.2581437193316125, 1.2776106632610358, 79.44871784478815, 5.332699147343916, 3.5240089907909713, 17.0, 0.0
37, 0 ,1.0,1.0,1.0,116.78935426503955,38.135892561476666,158.08603667136813,9.197113189598435,8.43051478690348,9.685782983973725,45.0,39.0,46.0,-0.6044470552960657,-0.18037119413126065,0.7759574664062318,10.192661532376212,-0.5871436346429924,-0.5574544635021892,-0.5869470788918737,8.982463504632543,-0.5384292986475864,0.8103769206049429,-0.2310479104184213,8.056045114166213,50.37043565094764,44.58128026827333,41.5894583086633,15.197439850251508,4.302636936240821,32614.0,93392.39377846674, 0.0, 0.0,0.0,NaN, 100.6734234393739,100.6734234393739,0.0, 84.58689102228549, 9.417384616954196, -12.84773189635437, 9.417384616954196, 71.07357957219821, -0.2923994152052198, -12.84773189635437, -0.2923994152052198, 93.81439201263495, 5.29999259733449, 3.4041567039371876, 13.0, 0.0
38, 0 ,1.0,1.0,1.0,181.8450103950104,160.58279625779625,8.248700623700623,9.440022455502556,9.385684086821565,5.337219601303425,39.0,49.0,20.0,-0.7272484459771236,0.684933844209341,0.04444464962707205,9.875852538031605,-0.6853838079952417,-0.7281523874949243,0.006567824859350266,8.933728797165548,-0.03686100326633637,0.025685202784004543,-0.998990258609234,5.3241928248604165,54.4833248680355,50.224828898744505,20.60526723268809,13.643971524795367,4.419620327710937,19240.0,56384.57612629667, 0.0, 0.0,0.0,NaN, 44.17420809014148,44.17420809014148,0.0, 89.11402396039249, -8.778383656925731, -2.4678988950168494, -8.778383656925731, 88.09106577761554, 1.8599958371332892, -2.4678988950168494, 1.8599958371332892, 28.485913072537492, 5.928978853493062, 3.628432246625788, 11.0, 0.0
39, 0 ,1.0,1.0,1.0,52.549962253791776,83.49046050374031,71.21450140690412,8.243053811473901,8.60251842858349,9.613500917658726,40.0,42.0,46.0,0.3663031312204085,0.37733036185797,0.8505550035584166,10.071622600475187,-0.19752386416058001,-0.8617233247882936,0.46735129678100085,8.398953922547497,-0.9092889195108438,0.339197154374773,0.24112020097631678,7.898775256159631,48.863217989221596,38.795631717852615,38.18616920316752,14.72196326150593,4.199340075970616,29142.0,72388.73469219898, 0.0, 0.0,0.0,NaN, 121.67029521882286,121.67029521882286,0.0, 67.94793613885442, 6.784482516867557, 11.412984213559378, 6.784482516867557, 74.00332331411856, 9.248786335567772, 11.412984213559378, 9.248786335567772, 92.41939989382516, 5.149587536454773, 3.397885758524024, 17.0, 0.0
40, 0 ,1.0,1.0,1.0,155.19284117801735,178.41411385748094,135.62996318695767,9.279354288632323,9.53091138050387,8.350170808798984,44.0,44.0,39.0,0.6157740138396754,0.7697904623727817,0.16806251194027075,9.813287899365656,-0.7022302787556752,0.6329109249615101,-0.32603128172476314,9.119299945958543,-0.35734437099036787,0.08274300637675608,0.93030027164203,8.198035703319421,48.57990838875725,49.690662504270264,40.364102630174656,15.06455431132461,4.441761327923859,30424.0,97437.64532623762, 0.0, 0.0,0.0,NaN, 81.34576572611877,81.34576572611877,0.0, 86.10641601395909, 6.699822311272661, 6.663390940774347, 6.699822311272661, 90.83827174301817, 0.47176879462008314, 6.663390940774347, 0.47176879462008314, 69.72535253611866, 5.567724824092779, 3.5711900351330845, 17.0, 0.0
41, 0 ,1.0,1.0,1.0,133.63237547293707,137.27716456646132,18.39560989337419,9.26976854147877,8.300037905105732,9.516931640828895,48.0,39.0,38.0,0.5321548330340495,0.06646316173106358,0.8440342894759741,9.64853165635951,0.802548966291558,0.27794295461565494,-0.5278852817458264,9.212318639973763,0.26967830906999846,-0.958295550502156,-0.09456874486275058,8.21159229667499,46.61618159826635,48.09668305874024,40.784775742631325,15.08401459858067,4.226550542082951,31981.0,91442.88137954258, 0.0, 0.0,0.0,NaN, 93.15156538425528,93.15156538425528,0.0, 85.92860881258946, 4.797149051245646, 4.140057706650848, 4.797149051245646, 68.89062922619196, -1.1186543915095684, 4.140057706650848, -1.1186543915095684, 90.57198785621019, 5.373894962709328, 3.4000714535784695, 14.0, 0.0
42, 0 ,1.0,1.0,1.0,16.047350513515216,152.87896162812677,57.44619116627812,9.281316385808848,8.275227818999625,9.64832377547519,37.0,40.0,50.0,0.15607381415171223,0.048807849448165186,-0.9865387769207968,9.664511372488626,0.9594331115298012,-0.24490952783450295,0.1396689932523512,9.331861616097788,0.23479580285086268,0.9683166408815487,0.08505183099435695,8.199143839161966,49.82411108591663,42.75540995114913,37.42695388184336,15.138233862118152,4.30653648795244,31742.0,79728.77954512682, 0.0, 0.0,7.105427357601002E-15,9.41170433764011, 76.01298964821564,76.01298964821564,0.0, 86.14283385348381, -4.466639762052783, -1.3695301279980983, -4.466639762052783, 68.47939545634527, -1.9396929474878781, -1.3695301279980983, -1.9396929474878781, 93.0901516763998, 5.609275553936236, 3.6637989663656083, 21.0, 0.0
43, 0 ,1.0,1.0,1.0,117.78340320326777,89.37701100003584,63.26987710057688,8.338952576829014,8.752096927338037,8.680537122596117,40.0,42.0,39.0,-0.4057412570943945,-0.7226697510566665,0.5595734654173267,9.310278964835772,-0.5112047564829069,-0.328081438575277,-0.7943753940119423,8.40995917975481,-0.7576567357588213,0.6083674880942214,0.23631603878961585,8.005020151922588,50.39688923559655,42.30926394288991,40.538365701805944,14.34682522025497,3.9569763128362463,27909.0,86438.1446576378, 0.0, 0.0,-7.105427357601002E-15,55.973694834155054, 136.9339119154166,136.9339119154166,0.0, 69.53813007860326, 7.741804847727049, -2.432068254936108, 7.741804847727049, 76.59920062551993, -7.407167825872357, -2.432068254936108, -7.407167825872357, 75.35172473676928, 5.2933035607732455, 3.388062072532897, 16.0, 0.0
44, 0 ,1.0,1.0,1.0,184.3661471038161,11.939719684127837,94.34096828875016,8.530187848808321,6.766022425753845,10.33953899692757,34.0,27.0,47.0,-0.3052498208042972,0.06333897156906844,0.9501635235997627,10.52280475471486,0.9038530372580151,-0.2948442017345639,0.3100267468186702,8.46799094145925,-0.29978698093547124,-0.9534437956083619,-0.03275201791516012,6.558425144824139,49.53062549038452,45.30036043844612,32.638211030481244,14.343273656189952,4.4406904524402,24187.0,73232.15530892939, 0.0, 0.0,0.0,NaN, 96.37008125022012,96.37008125022012,0.0, 72.76410473595715, -8.956057283773777, -11.599727753138957, -8.956057283773777, 45.77905946580395, 1.452438572993625, -11.599727753138957, 1.452438572993625, 106.90606666898601, 5.770890430086045, 3.678084800527892, 10.0, 0.0
45, 0 ,1.0,1.0,1.0,186.6537229108694,24.135804030693986,177.10236950839024,7.8922432976705705,8.788871891754912,8.482347872704958,32.0,44.0,44.0,-0.571560892164849,0.7146871975313032,0.4031629400534896,9.231366541097758,0.18744907814477055,0.5920562787948932,-0.7837934714210237,8.746243983842824,-0.7988623095693009,-0.3724131743432224,-0.47236367125892204,7.054579136410756,49.060231227871355,45.43367714151334,36.86709465127541,13.92597889556821,4.189165863635375,23718.0,82176.26387004257, -2.8421709430404007E-14, -3.552713678800501E-15,-2.8421709430404007E-14,74.62648005187633, 35.846361467772624,35.846361467772624,0.0, 62.28750426962604, -11.514825933717471, -12.096223932354766, -11.514825933717471, 77.24426912967955, -2.1892120830813973, -12.096223932354766, -2.1892120830813973, 71.95022543358232, 5.745561060419734, 3.6191061760332364, 12.0, 0.0
46, 0 ,1.0,1.0,1.0,182.9812833445089,94.82641905483806,78.27526894259643,9.448548269324366,8.510199806405717,10.533425842900371,38.0,44.0,49.0,0.14466643496462755,-0.3548079043998563,0.9236790425088186,10.88863829243098,0.9842993194905122,0.14700751314441626,-0.09769155915230714,9.428500175249123,-0.10112602160245232,0.9233093425577783,0.37050423169025165,8.07419133489632,48.10966702445495,41.36787525137913,38.465224361242576,15.8201458286508,4.730180872946899,34301.0,76553.28580626393, 0.0, 0.0,0.0,NaN, 124.13180170850436,124.13180170850436,0.0, 89.27506439775249, 0.6905501598555789, 4.852241120117417, 0.6905501598555789, 72.42350074494792, -17.83125998413396, 4.852241120117417, -17.83125998413396, 110.95305998788139, 5.370610288534737, 3.298468992955192, 13.0, 0.0
47, 0 ,1.0,1.0,1.0,29.38812909356229,152.37930566396307,128.92886958292328,9.395348583266362,9.019350209550925,8.28396348339327,48.0,44.0,40.0,-0.5232627893399818,0.6988107487483253,-0.48770850999951415,9.681403315490764,-0.8513402769183929,-0.45394556311331863,0.2629698815953003,9.288149004481262,0.0376269343510168,-0.5528082517144046,-0.8324585579161327,7.631908156625243,47.647435495791896,52.09179489077138,36.62363400220397,14.830946438888223,4.276485931770419,29467.0,90901.34054035715, 0.0, 0.0,0.0,NaN, 90.45716245509401,90.45716245509401,0.0, 88.27257500108522, -2.144877961066479, 2.7815359072897388, -2.144877961066479, 81.34867820252633, -15.438659358887346, 2.7815359072897388, -15.438659358887346, 68.62405099419315, 5.357561466934951, 3.429979820138302, 20.0, 0.0
48, 0 ,1.0,1.0,1.0,178.2893150352934,82.47029597988427,18.353388469811264,10.058689062096558,8.897688847701376,9.22149235310929,49.0,43.0,41.0,-0.8816020440233863,0.46869294041927134,0.05572040537294176,10.483281327903175,0.05969974292198521,-0.0063761814399143635,0.9981960153222885,9.217685845846104,-0.4682027089507669,-0.8833381413204021,0.02235959346188734,8.397445679742646,55.08298488374655,42.222050389692164,42.529779620625504,15.585477263520634,4.740771262693202,33009.0,98912.21290042822, 0.0, 0.0,0.0,NaN, 87.2327371401944,87.2327371401944,0.0, 101.17722564794093, -16.278206749913497, -1.0735514522311267, -16.278206749913497, 79.16886683050944, 0.9365323819155709, -1.0735514522311267, 0.9365323819155709, 85.03592121845313, 4.633445356475353, 3.2204157941135274, 19.0, 0.0
49, 0 ,1.0,1.0,1.0,16.96574985435256,134.5092141170699,12.29344126575292,9.845868162746546,10.459258281818,7.923463661524896,41.0,50.0,31.0,-0.29024377538835827,0.9102920282146473,-0.2951727870539153,10.887940776957738,-0.9390881741399245,-0.21161549870359675,0.27079933880822277,9.824700069010316,-0.1840433428267777,-0.3557910961186239,-0.9162645599846442,7.351632082124321,55.662889699818436,49.682460104328285,37.66662632105592,15.672955189829556,4.845302436078531,32613.0,104165.89860502644, 0.0, 0.0,0.0,NaN, 68.76051484564945,68.76051484564945,0.0, 96.94111987818604, -8.600012505173837, -5.27649177034171, -8.600012505173837, 109.39608380577843, -19.765160491225974, -5.27649177034171, -19.765160491225974, 62.781276395505515, 5.681900737544261, 3.499878349628569, 15.0, 0.0
