// Sample: .//bubblelabels.tif, Map: .//bubblelabels.tif, Thickness:(8.191250068658265):/gpfs/home/mader/Foam/NewValid/InSilicoTest/LatticeData_OldFoam/out_Step_03500.vtk/distmap.tif, Neighbors:(1.0):
//LACUNA_NUMBER, TRIANGLES, SCALE_X, SCALE_Y, SCALE_Z, POS_X, POS_Y, POS_Z , STD_X, STD_Y, STD_Z,PROJ_X, PROJ_Y, PROJ_Z, PCA1_X, PCA1_Y, PCA1_Z, PCA1_S, PCA2_X, PCA2_Y, PCA2_Z, PCA2_S, PCA3_X, PCA3_Y, PCA3_Z, PCA3_S,PROJ_PCA1, PROJ_PCA2, PROJ_PCA3,OBJ_RADIUS, OBJ_RADIUS_STD, VOLUME, VOLUME_BOX, Mask_Grad_X,Mask_Grad_Y,Mask_Grad_Z,Mask_Angle, Mask_Distance_Mean,Mask_Distance_COV, Mask_Distance_STD, SHAPET_XX, SHAPET_XY, SHAPET_XZ, SHAPET_YX, SHAPET_YY, SHAPET_YZ, SHAPET_ZX, SHAPET_ZY, SHAPET_ZZ, Thickness, Thickness_STD, Neighbors, Neighbors_STD
1, 0 ,1.0,1.0,1.0,79.21026067227605,138.20466747147285,39.68288614014547,15.408257216535496,15.475762537113836,16.06011090088618,86.0,80.0,80.0,0.0876738068720478,-0.4709349789651201,0.8778004039505136,16.294834219699137,0.9907349820078207,-0.05052627972519766,-0.12606066191756438,15.403015693610485,0.10371836392137235,0.8807197855414931,0.4621419266212717,15.233721278785707,90.09106905600343,83.69099058445268,88.8063610872104,26.093919667615598,7.344939420092657,164843.0,669583.1615094279, 0.0, 0.0,0.0,NaN, 164.16311083517533,164.16311083517533,1.9073486328125E-6, 237.41439045091818, -1.640960032038047, 1.9269557480909774, -1.640960032038047, 239.49922610513607, -13.796971740360354, 1.9269557480909774, -13.796971740360354, 257.92716214876305, 7.067902225898176, 5.520831157593974, 53.0, 0.0
2, 0 ,1.0,1.0,1.0,58.81865151988573,261.7203276346918,12.838068562246129,14.50935183737051,18.790853616966984,8.149078554348865,83.0,90.0,33.0,-0.258467725066896,-0.9655921139749118,-0.028745513183870794,19.093965716012413,0.9615547311990446,-0.2543013649193534,-0.10364996241623645,14.16853405878398,0.0927735630849483,-0.054430554191689365,0.9941983608731756,8.04351089640945,93.9683972676878,75.27562617950628,37.62660327093571,23.682224663841072,8.317282407808273,89612.0,266152.9049810183, 0.0, 0.0,0.0,NaN, 71.34271572783048,71.34271572783048,0.0, 210.521290740607, 41.575325228667715, -11.331312188043311, 41.575325228667715, 353.0961796542812, 11.909673640885112, -11.331312188043311, 11.909673640885112, 66.40748128494859, 7.732329389904099, 5.515264158569437, 22.0, 0.0
3, 0 ,1.0,1.0,1.0,77.83525110226905,14.785557586837294,258.31190450586087,15.323529644944307,9.180984151183338,16.469727211390882,69.0,39.0,83.0,-0.576979795821038,0.10502542040633121,0.8099777628322808,17.529214659144582,0.8030732010742374,-0.107828845597536,0.5860429794592545,14.237785983574282,-0.14888837741976682,-0.9886063934274228,0.02212803524339539,8.96465442172548,94.83735445108702,73.62140567813921,40.56959809442465,23.05646430802522,7.665011336871436,92990.0,283259.34151774645, 0.0, 0.0,0.0,NaN, 89.52561830691494,89.52561830691494,NaN, 234.81056077948696, -24.34487856511073, -48.461507936016055, -24.34487856511073, 84.29046998427965, 11.571144077335143, -48.461507936016055, 11.571144077335143, 271.2519144176293, 7.051121663045391, 5.261757439367835, 31.0, 0.0
4, 0 ,1.0,1.0,1.0,153.96640533778148,176.5234361968307,14.2378204058938,15.766078284426587,15.366251977666849,8.87356967548253,78.0,67.0,38.0,-0.7502279020673518,-0.6599780119364198,0.03983865861284588,17.171680889814517,0.654630197034749,-0.7499068179727634,-0.09538904281001173,13.827704259123044,0.09282995254693206,-0.0454839325302405,0.9946425547862504,8.795404108855388,81.72387557258597,68.28982089577401,40.990671051057646,22.61993080837841,7.195129833550366,89925.0,228765.19784268964, 0.0, 0.0,0.0,NaN, 191.76805810279708,191.76805810279708,0.0, 248.56922447066762, 51.806875738121995, -13.609958794037075, 51.806875738121995, 236.12169984115033, 2.424907350509624, -13.609958794037075, 2.424907350509624, 78.74023878564314, 8.106198609496674, 5.552691866822511, 23.0, 0.0
5, 0 ,1.0,1.0,1.0,17.56033792440743,163.985265855221,12.858604260089686,10.590797950629625,14.438166966485568,8.224413765144673,45.0,73.0,35.0,-0.05613822177332627,0.99814203159085,0.02368511827750061,14.451443368362156,-0.9983493659349815,-0.056406401381126486,0.010810246086548122,10.576667218345424,-0.012126153279144333,0.023039154822206892,-0.9996610194219483,8.219278769264093,73.14858972546207,48.318560625079925,35.897581083458995,18.670663263066988,6.298649194920851,49952.0,126877.65146343135, 0.0, 2.8421709430404007E-14,0.0,3.4932048784598413, 137.745116341785,137.745116341785,0.0, 112.16500123106067, -5.421696654541117, -0.6660660882428495, -5.421696654541117, 208.4606653521151, 3.3131793068429793, -0.6660660882428495, 3.3131793068429793, 67.64098178030117, 7.453728384221382, 5.207170684118914, 16.0, 0.0
6, 0 ,1.0,1.0,1.0,171.64348260764643,98.90774640603992,10.86970386458441,13.20021663269556,15.626578595761037,6.994287337358841,63.0,74.0,28.0,0.12949803036212534,0.9869782199367494,0.09541621194961773,15.730189082365996,0.9903643855504143,-0.12397641216602437,-0.061710882831071324,13.164639431609716,0.04907793766734955,-0.10248825589756289,0.9935227795261642,6.827089657082866,76.62818690901945,66.10559289661025,30.435287657911303,20.463147806973545,6.972468353960804,58014.0,154171.52399419234, 0.0, 0.0,0.0,NaN, 162.40778404472744,162.40778404472744,0.0, 174.2457191500925, 10.112109472129516, -5.2618491220877965, 10.112109472129516, 244.18995860949698, 19.88221213988455, -5.2618491220877965, 19.88221213988455, 48.92005535753823, 6.422211445700289, 4.801834168573034, 24.0, 0.0
7, 0 ,1.0,1.0,1.0,280.4421851289833,206.12114151451368,209.12782808752263,12.774604172552284,14.221665985220328,15.064825395748997,51.0,77.0,76.0,0.42836880509477226,0.11254306345003542,-0.8965680262484039,15.65975785518782,-0.07846043294655644,-0.9838332838096301,-0.1609845648818505,14.24272400788039,0.9001911615226601,-0.1393058812026295,0.41261331071457574,12.012995301638885,84.25398298777287,73.89063946805979,61.439125964622576,23.216248230224167,7.30760408599377,102145.0,382494.23564429866, 0.0, 0.0,-2.8421709430404007E-14,26.28944645882851, 132.11169449052483,132.11169449052483,0.0, 163.19051176539023, 9.38421265078044, -38.018509092261944, 9.38421265078044, 202.25578339517287, -0.9104972808752559, -38.018509092261944, -0.9104972808752559, 226.94896420440395, 7.014337755982948, 5.027858535490272, 32.0, 0.0
8, 0 ,1.0,1.0,1.0,189.89140537678688,113.90089613114498,234.30840049414672,13.232989035112375,13.128445540119229,13.51551841471489,64.0,69.0,68.0,0.6351904314354553,-0.2646150489356781,0.7256114605555847,14.097357496394789,0.15435411743690705,-0.8770349601808383,-0.4549554758994223,13.146776308562352,0.7567746839338074,0.4009844816166391,-0.5162397924022535,12.592223927219663,67.46086022085589,67.85765338044595,63.37473992874021,22.184833253922992,6.16202017339935,101994.0,290112.80752427643, 0.0, 0.0,0.0,NaN, 171.50132068008799,171.50132068008799,0.0, 175.11199880340433, -8.684321376271612, 17.5126952945582, -8.684321376271612, 172.35608229987645, -2.017870539494094, 17.5126952945582, -2.017870539494094, 182.66923801849728, 6.470120190331675, 4.812130137752986, 35.0, 0.0
9, 0 ,1.0,1.0,1.0,121.7720221355348,186.53529488846553,114.62727428508069,12.519519298628499,12.686737221563803,14.730366866352318,63.0,67.0,78.0,-0.0033878418689063322,-0.20824141951979647,0.9780715892632048,14.82039559335071,-0.296458017322232,-0.9338989411507339,-0.19986348261478395,12.58807058299703,-0.9550398769123947,0.29063427002664216,0.058570936421048235,12.512862433078604,78.15359321260142,66.28854226838143,66.02364112762156,22.211608427580433,6.428049772250581,99207.0,342047.86992923106, 0.0, 0.0,-1.4210854715202004E-14,12.020929066441687, 202.0942272581079,202.0942272581079,0.0, 156.7383634687314, 0.5671551855456411, -0.09713969270653029, 0.5671551855456411, 160.95330132901245, -12.493910721110376, -0.09713969270653029, -12.493910721110376, 216.9837080173302, 6.293596247704909, 4.666337848394961, 35.0, 0.0
10, 0 ,1.0,1.0,1.0,260.1681724447239,141.07112142705222,126.24859671348912,14.358360909410017,13.308187403944592,13.463809812576464,74.0,68.0,65.0,-0.8982626844225609,-0.27704284348644287,0.34113254410407856,14.570692349950505,-0.4383344344961967,0.5093360596798434,-0.7405671487749852,13.436669620958721,-0.03141772284673797,0.8147539758618906,0.578954994372074,13.103258701289242,78.96008134696956,70.3101803173326,66.80898739983238,22.824495948799154,6.602040543334899,108139.0,370903.29215845873, 0.0, 0.0,0.0,NaN, 193.4588947533935,193.4588947533935,0.0, 206.16252800487362, 8.130457889638555, -9.57145876909822, 8.130457889638555, 177.1078519785095, -7.175662409708281, -9.57145876909822, -7.175662409708281, 181.2741746692303, 6.072340163205753, 4.615824643227079, 38.0, 0.0
11, 0 ,1.0,1.0,1.0,22.772106360792492,133.10941605839417,191.7241293013556,13.088003399986816,13.14536553346229,13.116354867627338,58.0,64.0,62.0,0.4703969602478105,-0.63712682946688,0.6105703095984122,13.802651793594196,-0.8811270640392719,-0.30117012334322363,0.3645705059696423,12.878414692753623,-0.04839211513411053,-0.709482882090124,-0.7030592032069123,12.639955359343423,82.75625421573838,69.14376708835157,67.35707006323594,21.84977932792992,6.222730617718403,95900.0,385422.48733188555, 0.0, 0.0,0.0,NaN, 173.09058220210449,173.09058220210449,0.0, 171.29583299806643, -7.599475620894623, 6.875472845475728, -7.599475620894623, 172.8006350083383, -12.62815733846836, 6.875472845475728, -12.62815733846836, 172.0387650135314, 6.436566343692221, 4.684645291824049, 35.0, 0.0
12, 0 ,1.0,1.0,1.0,47.18040912451735,248.57573185091874,213.64986170824548,13.309220373603006,14.562287055774936,13.274009772009796,64.0,71.0,65.0,0.04182045314004111,-0.8650349760613354,-0.49996553870214594,15.103841898754247,-0.8025458211445535,-0.3271461205564907,0.49889439841338507,14.056966313733673,-0.5951228903869995,0.3803812639910163,-0.7079116041865819,11.818229335535998,71.23787593344434,67.65441716221302,64.58819216346149,22.873180658740456,6.497114223093899,109551.0,311286.47211840627, 0.0, -2.8421709430404007E-14,-2.8421709430404007E-14,20.002736430301873, 111.02609036992423,111.02609036992423,NaN, 177.13534695312936, 12.008938628569647, -25.042937689311653, 12.008938628569647, 212.06020429479025, 28.801443367358818, -25.042937689311653, 28.801443367358818, 176.19933542741154, 6.980979249331975, 4.915556398828853, 42.0, 0.0
13, 0 ,1.0,1.0,1.0,263.47331482418025,281.170958519543,26.411027051574482,15.289849331127758,11.054707991879155,13.887611239637843,74.0,51.0,63.0,0.9378782830964814,0.015960890681609594,0.34659713799257846,15.50441461409217,0.34243669527657405,0.1182733222251335,-0.9320668060701921,13.682520644465475,0.0558698113837483,-0.9928527943348295,-0.10546038572594404,11.011519585675781,79.44170866984035,70.08253608354319,53.48920216271836,22.419746786823307,6.797555539481684,96889.0,297799.8714656021, 0.0, 0.0,0.0,NaN, 48.849502381551645,48.849502381551645,6.743495761743046E-7, 233.77949256858798, 4.454716358433575, 17.674170550235317, 4.454716358433575, 122.20656878571688, -6.612053505374679, 17.674170550235317, -6.612053505374679, 192.86574594331535, 6.37374385700143, 4.759964056222612, 23.0, 0.0
14, 0 ,1.0,1.0,1.0,135.58543725544595,21.212882795832655,249.45454284538923,15.048415158578297,12.700047119570375,13.590094588720646,73.0,55.0,70.0,0.9103782037389844,0.18167820773806298,0.3717587322310885,15.460008187033392,0.2794202306333971,0.3927247351785522,-0.8761801282223395,13.362954280810227,0.3051816850169091,-0.9015322019828361,-0.3067634722684867,12.444125774856468,80.28875647285105,72.17631620643203,62.714992501040975,22.89587067101938,6.943757827754547,104527.0,363430.03726691566, 0.0, 0.0,0.0,NaN, 146.24718948146935,146.24718948146935,0.0, 226.45479878492907, 16.521060110753723, 22.676406145009224, 16.521060110753723, 161.29119683930776, -2.4754320644003154, 22.676406145009224, -2.4754320644003154, 184.69067093037418, 6.866556102999811, 4.685767686397049, 30.0, 0.0
15, 0 ,1.0,1.0,1.0,237.03339576234853,241.5197328339012,9.800550578784666,14.134717947917995,11.588175197197602,6.689190426001676,68.0,54.0,28.0,-0.9950068561748695,0.018270216371659518,-0.09812010680148807,14.18896684175809,0.020658353353416516,0.9995132255182518,-0.023378290160443165,11.589725139640741,-0.09764521801771991,0.025288558832666553,0.9948999448137678,6.570602375317062,68.75128858613593,53.406160031318024,30.630589187366105,18.448169042379252,6.203739469647072,44317.0,112467.63062387402, 0.0, 0.0,0.0,NaN, 86.49153535859239,86.49153535859239,0.0, 199.79025146719508, -0.993009558277283, 15.396578855594932, -0.993009558277283, 134.28580440094566, -2.413387221182548, 15.396578855594932, -2.413387221182548, 44.745268555312485, 6.155706373246931, 4.592096084063928, 15.0, 0.0
16, 0 ,1.0,1.0,1.0,144.40903935715838,151.82444921695904,58.65710286913926,12.273146857147681,11.703452425623802,13.430262875415885,61.0,59.0,67.0,0.36024616487937783,0.11793162827114816,0.9253728068962345,13.595466444597806,-0.7414786992776653,-0.5657423945251235,0.3607559861658312,12.513828323950634,-0.5660671684590105,0.816105185677861,0.11636273760316354,11.249012676285588,69.7140619321906,65.54094584327876,60.19770577664312,20.815144234030853,5.890896695347695,82882.0,275050.87597370887, 0.0, 0.0,0.0,NaN, 215.0595736416207,215.0595736416207,NaN, 150.630133777114, 15.084596446112004, 11.394149496035816, 15.084596446112004, 136.97079867883966, 0.22773155505374026, 11.394149496035816, 0.22773155505374026, 180.37196090277413, 5.732378545545441, 4.49622350293143, 31.0, 0.0
17, 0 ,1.0,1.0,1.0,34.24036086717892,10.971665751920966,72.11786498353457,15.15126210562552,7.489882024150598,13.342463677652331,75.0,31.0,63.0,0.9759697742635887,-2.5546492477617616E-4,0.21790579262964016,15.240253089238642,0.21775004734620945,-0.03667637371101982,-0.9753152108380825,13.246794998683672,0.008241153111250782,0.9993271628196053,-0.03573940467208573,7.479139065248838,77.99242690239555,65.72881467722125,32.0263510575266,20.3410624040645,7.065521452269635,58304.0,164178.27750881563, 0.0, 0.0,0.0,NaN, 80.5839078940072,80.5839078940072,NaN, 229.56074339336385, -0.9986437268012579, 12.112226264420293, -0.9986437268012579, 56.09833273569425, 4.266254681544831, 12.112226264420293, 4.266254681544831, 178.02133698947176, 6.292971567829414, 4.536321460532069, 26.0, 0.0
18, 0 ,1.0,1.0,1.0,218.77016250376167,29.627304017454108,269.6089188985856,12.587235013618521,13.930220823392553,14.457526523462896,68.0,64.0,65.0,-0.2859354541122338,-0.5472479317783012,0.7866133848632394,15.097130992623422,-0.056297843116246624,-0.80987465173051,-0.583895197227074,13.469806776370383,-0.9565936801704732,0.21124097530724617,-0.20076299810760537,12.334932178653936,76.87433110534674,75.3071293386856,61.62897175463283,22.755897461490157,6.6089894367746576,106336.0,356781.5308881222, 0.0, -3.552713678800501E-15,0.0,56.82158631540184, 91.64977606912461,91.64977606912461,0.0, 158.43848528806407, 13.191979293809883, -16.080208227868066, 13.191979293809883, 194.0510521884795, -18.769701090224785, -16.080208227868066, -18.769701090224785, 209.02007317663313, 6.211531753300064, 4.628110875115452, 35.0, 0.0
19, 0 ,1.0,1.0,1.0,161.60055216135382,256.5655435977402,281.4936987141798,14.947788019566643,12.683070004387847,10.075640200065237,72.0,67.0,43.0,-0.9569886174985337,0.2898669590637702,0.012244673183379065,15.160043255203345,0.2866630729906689,0.9512261579137798,-0.11398718824558912,12.457766131306215,-0.04468857305611401,-0.10557434604917756,-0.9934067590340309,10.039537258923682,75.57012051836112,64.5165020789288,45.28266934351751,21.082597271909858,6.429560570189881,78238.0,220776.5526805291, 0.0, 0.0,0.0,NaN, 146.23078455743683,146.23078455743683,0.0, 223.43636667790005, -20.959260608443685, -3.289717628063764, -20.959260608443685, 160.86026473620277, -5.440868721162476, -3.289717628063764, -5.440868721162476, 101.51852544117067, 6.671658624032636, 4.881127529491403, 31.0, 0.0
20, 0 ,1.0,1.0,1.0,40.69133163365366,85.5243871347323,38.12924102765248,12.414037715035729,12.429587661430416,15.732333611996003,58.0,60.0,78.0,0.0932677909915157,-0.00858876571931575,0.9956040137860946,15.75889858724818,0.573590912911737,0.8178108320176236,-0.04667877097485402,12.476905162309091,-0.8138148338465228,0.5754230410211789,0.08120184772094464,12.332609439620791,79.58138162325994,61.589112833660444,63.28242013028195,22.604703312828704,6.718384541066119,101980.0,310169.0805833568, 0.0, 0.0,0.0,NaN, 102.09820902560615,102.09820902560615,NaN, 154.10833239032948, 1.6021931577476436, 8.841677280529963, 1.6021931577476436, 154.49464943318324, -0.9596923164911314, 8.841677280529963, -0.9596923164911314, 247.5063208791392, 5.939690581139138, 4.403498028836475, 34.0, 0.0
21, 0 ,1.0,1.0,1.0,190.72788700975306,281.8232646814692,59.84554627516082,14.15877902639344,10.288687199993191,12.765856975084766,67.0,44.0,68.0,0.9780956553406334,0.16113945818249187,-0.13176860028258047,14.274067075025926,-0.13503004915838834,0.009410450552820693,-0.9907968153181944,12.739863488064389,-0.15841646009193855,0.9868867809617506,0.03096298976024969,10.160811954219387,68.84251012463795,66.77760054168672,48.547022514770504,20.74720239771773,6.232880938543192,77104.0,223177.344580064, 0.0, 0.0,0.0,NaN, 125.90582906746468,125.90582906746468,1.3486991523486091E-6, 200.47102351823875, 15.765821699028708, -5.051807864713302, 15.765821699028708, 105.85708429930374, -2.6847600761098778, -5.051807864713302, -2.6847600761098778, 162.96710430832036, 6.131345786511416, 4.6854831724237975, 34.0, 0.0
22, 0 ,1.0,1.0,1.0,281.0870312940513,105.3904426275726,169.0259515083169,10.764035407668745,12.096313469414662,12.91355157403602,45.0,63.0,68.0,0.11863294888583983,-0.44352113388422737,0.8883778628695668,13.144145213258275,0.3207486542520975,-0.8296128135169856,-0.4570151862289691,12.023412818697858,-0.9397055518800119,-0.3391630632107218,-0.04383939232473198,10.564755693679277,67.41039695944478,59.22092885328118,52.58563367022293,19.89827966316928,5.744870626004441,70940.0,209927.44063740218, 0.0, 0.0,0.0,NaN, 169.17164999139075,169.17164999139075,0.0, 115.86445825754643, -11.985193019208292, 1.6153196417768965, -11.985193019208292, 146.32079955034257, -11.603507257926628, 1.6153196417768965, -11.603507257926628, 166.7598142552882, 6.188335426651679, 4.6276383116894495, 22.0, 0.0
23, 0 ,1.0,1.0,1.0,277.75917107583774,207.39880952380952,11.310780423280423,12.812908215919434,12.175820590349948,7.139421461779854,49.0,66.0,28.0,-0.9243196427758296,0.3806542219529117,-0.027121233161237063,12.939699300659871,0.38135230475901766,0.9239950568063252,-0.02834703957137026,12.047696741029462,-0.01426946508276649,0.03654447026430571,0.9992301456918484,7.128095681988184,64.18876742785505,61.56968732409513,29.880834692394966,18.119134566552546,5.923641225296619,45360.0,118091.51909980638, 0.0, 0.0,0.0,NaN, 95.90395561511124,95.90395561511124,0.0, 164.1706169495757, -7.793042433022593, 1.903857260668335, -7.793042433022593, 148.25060704838978, -3.674956301965237, 1.903857260668335, -3.674956301965237, 50.97133880892278, 6.49503661710539, 4.687785923123248, 14.0, 0.0
24, 0 ,1.0,1.0,1.0,52.01084954849016,188.87499722659803,49.26679017550088,14.439329473379736,10.965895538200785,13.568769341502716,73.0,55.0,74.0,-0.8208522302513939,0.06328447059232983,0.5676237238463181,15.145834349623582,0.5651356821317624,0.23373492773281015,0.7911950735053934,12.897639221850978,0.08260312871059952,-0.9702386610208781,0.22762614917366936,10.821793122915553,77.63434714291995,65.80171458724298,57.857546568391854,21.704703940275447,6.462385697523401,90142.0,295563.7233352872, 0.0, 0.0,0.0,NaN, 132.21615380255585,132.21615380255585,0.0, 208.49423564081275, 0.6710329559183015, -30.301711974346908, 0.6710329559183015, 120.2508649547319, 13.139038313965672, -30.301711974346908, 13.139038313965672, 184.11150144290406, 5.951722430888547, 4.287646251073748, 32.0, 0.0
25, 0 ,1.0,1.0,1.0,91.06495956011636,268.3561800027706,39.31578274351843,11.316859575991678,14.712250063245685,13.573351993531544,61.0,61.0,67.0,-0.04898252768899992,-0.8533526095331603,0.5190279720633005,15.312773249915423,0.27485099065136664,-0.5111054384458706,-0.8143882143848943,13.034946483739871,-0.9602383271454845,-0.10276455903666475,-0.25958004639579124,11.15197930814106,76.01973979238437,69.36518834776635,58.695996147418185,22.052556600879832,6.514771238643288,93843.0,309511.2406818995, 0.0, 0.0,0.0,NaN, 104.11478750128738,104.11478750128738,0.0, 128.07131066271455, -1.7950968457624699, -12.993649090550647, -1.7950968457624699, 216.45030192347267, -29.81437121790736, -12.993649090550647, -29.81437121790736, 184.23588434030674, 5.837475912797678, 4.2594266941007035, 34.0, 0.0
26, 0 ,1.0,1.0,1.0,68.63704218406778,62.3724727663962,161.37399695162952,13.555039997720568,12.733602758528647,12.027561680005569,65.0,62.0,58.0,-0.9413972068857872,0.21765576385771815,-0.25767667206627803,13.76406299732071,0.10136095218432006,0.9111792575353163,0.39934736509670166,12.819005028492736,0.32170989453221177,0.34982614124290895,-0.8798434034890356,11.694856493493878,66.90014098815709,63.24362131684376,65.63339819354817,21.31906490223934,6.003620591975129,89228.0,277695.3791818108, 0.0, 0.0,0.0,NaN, 166.78890142913934,166.78890142913934,0.0, 183.73910933980443, -8.248981227725487, 13.894318658666208, -8.248981227725487, 162.14463921200837, 7.072905492811514, 13.894318658666208, 7.072905492811514, 144.66223996633838, 6.248789991083411, 4.387856697278286, 37.0, 0.0
27, 0 ,1.0,1.0,1.0,124.00396261412088,169.07145954279383,274.3517934141112,13.088932771994061,11.55641620714979,13.177026527681639,68.0,56.0,61.0,-0.7497055223939935,0.3068987798597654,0.5863060366502609,13.322342324288421,0.5896568043769818,-0.09239148677926211,0.8023519590694866,13.132067757609668,0.30041052369029175,0.9472470385761599,-0.11169854593869952,11.338824285520179,75.76011764038225,70.78966596526459,60.10972821882996,20.988057013841598,6.164933702610306,83026.0,322370.481379948, -1.4210854715202004E-14, 0.0,0.0,41.43512423093628, 182.14580959036908,182.14580959036908,0.0, 171.32016110978014, -13.64541842542792, -0.7400662447086525, -13.64541842542792, 133.5507555528743, 5.548741474647416, -0.7400662447086525, 5.548741474647416, 173.6340281112256, 5.677087700588375, 4.222045593876285, 31.0, 0.0
28, 0 ,1.0,1.0,1.0,276.9211437742862,208.03347271498563,286.97972630511913,13.363464500372405,12.38281610490974,7.658083008838018,55.0,61.0,35.0,0.9804303358588171,0.09792067527404141,-0.17078611735630797,13.499283225748002,0.1147187711047647,-0.9891830101701882,0.09141430931127435,12.420188007389791,0.15998737476432173,0.1092177354852242,0.9810583704201801,7.353287411974891,60.29746579578807,61.25278725754259,40.564173225870945,18.740607551128424,6.273131763767445,47352.0,149819.22431699134, 0.0, 0.0,0.0,NaN, 95.7079060090757,95.7079060090757,0.0, 178.58218345271348, 0.9345325882276676, -20.40888878984395, 0.9345325882276676, 153.334134688012, -11.20302978107798, -20.40888878984395, -11.20302978107798, 58.64623537025355, 5.6545344489911535, 4.383338021536114, 20.0, 0.0
29, 0 ,1.0,1.0,1.0,12.989051994226775,250.00112648290914,81.19178371528145,8.249038076157644,11.868353528032477,13.752983223736823,33.0,57.0,60.0,-0.06324426620204265,0.04339352235286657,0.9970542437652912,13.772422038672172,-0.10924596758947137,0.9927495772618692,-0.05013576978386275,11.904223418544673,-0.9920007466519397,-0.11209495556978265,-0.05804515119976067,8.164487013322741,59.04455856449311,57.422681660291886,36.18488588561542,19.05725731184878,5.905077133329077,56814.0,122684.74306819346, 0.0, -2.8421709430404007E-14,0.0,87.5129533769396, 96.23257539708587,96.23257539708587,0.0, 68.04662918189862, -8.47726439482844, -7.346370798202818, -8.47726439482844, 140.85781546636096, 1.5870863843809588, -7.346370798202818, 1.5870863843809588, 189.14454755238648, 7.806575487386791, 4.969961745652557, 25.0, 0.0
30, 0 ,1.0,1.0,1.0,32.54725100625161,288.8756529930633,207.11169392823498,13.176654882806847,6.807039287464538,13.339719239057755,76.0,27.0,86.0,0.6555428774196042,-0.04803478748083078,0.7536286851335324,13.96402560456323,0.7544607627151938,0.08453363513873235,-0.6508786538621769,12.558989234739206,0.032442154485081295,-0.9952621381937036,-0.09165578481723342,6.722046225322916,69.86515080339302,78.04812867447059,31.97235952650999,18.84322746512802,6.545296466626774,46708.0,174340.29775470437, 0.0, 0.0,0.0,NaN, 99.05206736498025,99.05206736498025,0.0, 173.62423390059752, 2.460358693249755, 18.745289704127405, 2.460358693249755, 46.33578386108573, -11.615318182427133, 18.745289704127405, -11.615318182427133, 177.9481093768876, 5.791560131483819, 4.449177577941619, 23.0, 0.0
31, 0 ,1.0,1.0,1.0,60.33704018423418,44.39005677269984,34.65776283543306,11.990793936406279,12.018072545401614,14.397417813586321,62.0,60.0,68.0,-0.37348291168294767,-0.42668584491923495,0.8236805839804565,15.485104503686838,-0.6660918932778915,-0.49463748196873236,-0.5582610062874761,11.807561917294576,-0.6456253591598621,0.7571479057470809,0.09947333528392653,10.783870673835937,81.13579114378535,59.94010904282766,54.22533100886889,21.29059659391103,6.496871809279314,81201.0,263713.4107248811, 0.0, 0.0,0.0,NaN, 82.53602900088258,82.53602900088258,0.0, 143.7791392253576, 27.30003234251757, -29.391616522950855, 27.30003234251757, 144.43406770653604, -37.01710966966755, -29.391616522950855, -37.01710966966755, 207.28563969897272, 6.286851609764415, 4.345943337350229, 27.0, 0.0
32, 0 ,1.0,1.0,1.0,135.43446856700916,142.76193238316208,174.91190199977902,12.336167016000207,11.412450939138438,11.85851911124529,58.0,52.0,55.0,-0.8748358765199286,0.43962193713269826,0.20345697713596084,12.612689337570938,-0.29648736606776754,-0.1537783666226718,-0.9425749072201428,11.881597252295732,-0.3830893249828381,-0.884920768402775,0.26487318236023105,11.08139174494007,66.12218280811851,54.34401569755363,59.05782291607825,19.809970216876636,5.53304695471998,72408.0,212215.1291713069, 0.0, 0.0,0.0,NaN, 233.17482041403105,233.17482041403105,NaN, 152.18101664665144, -13.116432311926577, -1.322872127541799, -13.116432311926577, 130.2440364382418, 5.908702997903522, -1.322872127541799, 5.908702997903522, 140.6244755117698, 5.6103599384227865, 4.105760168117664, 31.0, 0.0
33, 0 ,1.0,1.0,1.0,238.84229390681003,95.22072879330943,185.3465404394577,13.273126895324753,11.367478329173501,11.921306418748234,67.0,56.0,59.0,0.9110730691121725,-0.37918707902943694,0.16174987429871487,13.66835489560976,0.19122061467206986,0.04111474237036669,-0.9806856043015284,11.882159387237776,-0.36521300533108414,-0.9244061537316491,-0.10996692084484197,10.931759721895109,72.97497361046845,59.963877415182935,56.16377389348037,20.336281033369726,5.826549717039318,77004.0,245764.94484743226, 2.8421709430404007E-14, 0.0,0.0,24.345934527817928, 161.09831779292702,161.09831779292702,0.0, 176.1758975793933, -23.08657302911596, 5.854726859601748, -23.08657302911596, 129.21956356422916, -5.003248504616041, 5.854726859601748, -5.003248504616041, 142.11754672968786, 5.830646699791676, 4.273898778509378, 30.0, 0.0
34, 0 ,1.0,1.0,1.0,273.53199513939836,65.50291177549524,239.45705704328688,13.764479429165936,13.049662489174226,11.780357172433582,58.0,71.0,57.0,-0.953840279286768,0.29582486901744426,-0.05173363007708399,13.85874284874058,-0.2626302085502494,-0.9052275406433394,-0.3340486090641086,13.116466410495192,-0.14565059274508038,-0.30504220450886,0.9411350372297179,11.59417766390673,65.11520879486335,63.61059591767034,58.87624489710879,21.408874635849973,6.339675620556008,87232.0,243866.42108087937, 0.0, 0.0,0.0,NaN, 93.04103758142942,93.04103758142942,0.0, 189.46089395593222, -7.321196656793634, 6.144434998534789, -7.321196656793634, 170.29369108136086, 10.492799746778777, 6.144434998534789, 10.492799746778777, 138.77681511010735, 5.538305539982182, 4.204536843990909, 33.0, 0.0
35, 0 ,1.0,1.0,1.0,131.38101259483687,276.16528532438593,59.005646393069085,12.894612146418366,12.112270119679621,12.180939896446548,64.0,53.0,69.0,-0.8844135963339967,0.02252643598800776,0.4661600050425226,13.182116890192017,-0.2875235911764237,0.7604722355328198,-0.5822475105148397,12.73744347519267,-0.36761770242546726,-0.6489796134435916,-0.6660951029680575,11.19565695388498,64.60482014975565,67.24965753503035,61.317641530258754,20.64064291116384,5.94283323283754,79874.0,266403.8157604903, 0.0, 0.0,0.0,NaN, 145.98195231047063,145.98195231047063,0.0, 166.27102240656004, -9.033028623545132, -13.787388094752671, -9.033028623545132, 146.7070874520838, -15.83006414704789, -13.787388094752671, -15.83006414704789, 148.37529676084324, 6.243479085787334, 4.290795859718613, 23.0, 0.0
36, 0 ,1.0,1.0,1.0,36.12026146853474,176.39670118551146,209.13497493088423,12.165811719221226,13.153789005864043,12.83531594823313,66.0,63.0,67.0,0.251125117519995,0.8155385586767749,0.5213760971333241,13.555486170047915,-0.3431701621446659,-0.42863671410484333,0.8357660002267424,12.579310414783706,-0.9050803363040061,0.38880255481775267,-0.1722270542133726,11.991005782312508,60.23767957708159,63.145841593383096,73.3462152827628,21.171057621137745,6.128686212534878,85364.0,278991.32448273257, 0.0, 2.8421709430404007E-14,0.0,35.35935179736082, 157.603621618255,157.603621618255,0.0, 148.0069747875405, 10.311565362793909, 1.0871133892453189, 10.311565362793909, 173.02216521078978, 11.815756161151402, 1.0871133892453189, 11.815756161151402, 164.74533549096773, 5.574005874711981, 4.218766785551681, 40.0, 0.0
37, 0 ,1.0,1.0,1.0,200.50600757765622,175.43273724403298,193.53387094396368,12.543242008328557,10.696616727117497,11.741019623317081,64.0,53.0,56.0,0.9188878771491537,0.27847469593088303,0.27945824903645894,12.787676447448268,-0.28656953415198555,-0.01571533134501231,0.9579305457373359,11.65310807521172,-0.27115119642781466,0.9603149858702186,-0.0653617364277151,10.501546293012137,64.6599857647335,56.5564746368064,51.37363490754947,19.469681353173556,5.525719798122993,67831.0,187870.34384539543, 0.0, 0.0,2.8421709430404007E-14,73.77212601180828, 191.705748778768,191.705748778768,0.0, 157.3329200794982, 13.73888280539954, 6.668587336031102, 13.73888280539954, 114.41760940684985, 3.759347292267962, 6.668587336031102, 3.759347292267962, 137.8515417951168, 5.925664933512408, 4.199086631547968, 34.0, 0.0
38, 0 ,1.0,1.0,1.0,162.916567258438,9.677636657076697,223.9737328374617,14.076262605302126,6.531860186252855,12.247123568122872,71.0,27.0,66.0,0.914166430672404,-0.018728163341551196,0.4049061532374256,14.482494342854379,0.40456934989551185,0.10368857122533924,-0.9086101041273813,11.811123585123923,0.024967542065655542,-0.994433474946967,-0.10236545192641797,6.446170908777798,74.16067657611384,61.60691414200089,29.37389144500772,18.59186007106245,6.718715741648136,42753.0,134203.74173691845, 0.0, 0.0,0.0,NaN, 157.0525946367853,157.0525946367853,0.0, 198.141168933427, 1.229390451097981, 26.24979077564667, 1.229390451097981, 42.66519749275518, -10.503473768720312, 26.24979077564667, -10.503473768720312, 149.9920356928707, 6.539350764025299, 4.297527079932113, 17.0, 0.0
39, 0 ,1.0,1.0,1.0,104.03244148631374,229.4382098411719,156.84647595539295,12.074491205689553,10.925739786706613,12.015272422435675,59.0,52.0,59.0,-0.8257151775119455,0.5423726078360029,0.15500451572644408,12.847282786700903,-0.1747364162887895,0.0153377590864332,-0.984495778542883,12.006680189243804,-0.5363409647313613,-0.8399980401259157,0.08210762531977844,10.015930060668381,58.6715619016267,59.66719537337758,54.05435599824659,19.474678976320998,5.50170681858809,68061.0,189231.73524429923, 0.0, 0.0,0.0,NaN, 190.5115391739085,190.5115391739085,0.0, 145.79333787627436, -29.108234779525528, -0.7433187715356677, -29.108234779525528, 119.37178988682386, 4.7801803474884945, -0.7433187715356677, 4.7801803474884945, 144.36677138534327, 5.935672242031031, 4.145011652335641, 23.0, 0.0
40, 0 ,1.0,1.0,1.0,51.94049461139615,20.399815402991557,165.498656242365,12.46040672965976,11.467604179531723,12.24834324724917,61.0,49.0,59.0,0.7163617189602488,0.1335084040268152,-0.6848367642457074,12.703503807238741,-0.626233882893417,0.5558305097545447,-0.5467024495484153,12.485260393201642,-0.30766379625258483,-0.820504692540034,-0.4817831856709324,10.932925396380375,64.70919634307592,61.17131718544084,59.115591708181526,20.08624067737745,5.7734330549318695,73674.0,234000.01174993682, 0.0, 0.0,0.0,NaN, 145.61792101785448,145.61792101785448,0.0, 155.26173586855023, -8.651141641193616, -8.085401783987232, -8.651141641193616, 131.50594561841342, -14.873108807382396, -8.085401783987232, -14.873108807382396, 150.02191230243437, 5.55548156314125, 4.065371775035599, 23.0, 0.0
41, 0 ,1.0,1.0,1.0,186.77849926804168,65.79418201846565,62.98405635354311,11.69754765217062,11.10627243437606,12.56492564929164,57.0,57.0,61.0,-0.5399646231510536,-0.13299453453645363,0.8311141074056996,13.03722687276936,0.5766221294485812,0.6608674409092173,0.4803760457977542,11.743191155628713,0.6131436418780875,-0.7386248569670089,0.280157446973914,10.497020624154022,66.57140190167163,57.47543207661417,55.28003591618079,19.654947126693905,5.634032168926594,68993.0,211513.58390136904, 0.0, 0.0,7.105427357601002E-15,33.78664556950079, 145.30992385319772,145.30992385319772,0.0, 136.83262107480238, 14.854487985827394, -19.15147407425603, 14.854487985827394, 123.34928738658154, 2.190665722903875, -19.15147407425603, 2.190665722903875, 157.87735657222694, 5.339869392518954, 3.935850899710666, 32.0, 0.0
42, 0 ,1.0,1.0,1.0,92.14688233047842,158.63820849926356,106.56003491353445,11.283859620465762,11.556152323563651,13.203117263374766,57.0,56.0,61.0,-0.049656312534438085,0.15570174333838036,0.9865552279253662,13.231402845409088,0.6660097516000555,-0.7309346356231753,0.14888105729087436,12.48388854036432,-0.7442884262160165,-0.6644482866016025,0.06740336069574021,10.211510935433049,61.280558262925496,58.084050046629976,52.636758090131536,20.064700795854087,5.70966127743351,73324.0,187356.4880772645, 0.0, 0.0,-1.4210854715202004E-14,9.405938583479331, 199.5726560937104,199.5726560937104,0.0, 127.32548793437775, -25.65335368415617, 1.6455788552348067, -25.65335368415617, 133.54465652540557, 5.262473490075082, 1.6455788552348067, 5.262473490075082, 174.3223054704248, 6.202155516117748, 4.296682922380549, 28.0, 0.0
43, 0 ,1.0,1.0,1.0,84.02896019602221,207.95138544952167,190.68803273987956,13.786608875743887,12.340068114664607,10.373003756857736,65.0,60.0,52.0,-0.9750200357882443,0.22210541344978463,0.002261664827456273,13.861876726793096,0.2151261989526182,0.9468185582262678,-0.23928087329021955,12.367337951045661,-0.055286963523872926,-0.23281710228123653,-0.970947757889001,10.239355347037451,65.41596101417815,59.383575751861855,55.05926911434577,20.394438612229155,5.832147631798721,76726.0,213885.090992196, 0.0, 2.8421709430404007E-14,0.0,77.16727578332767, 165.77973271351615,165.77973271351615,0.0, 190.07058429274014, -9.108385403498652, -2.668845094857172, -9.108385403498652, 152.2772810745621, -10.854972732584118, -2.668845094857172, -10.854972732584118, 107.59920693978471, 5.660760106806154, 4.106967646674209, 21.0, 0.0
44, 0 ,1.0,1.0,1.0,24.72339232652451,11.771664579790315,265.5292941374348,13.032507389295725,7.501859827630786,13.949110534920678,50.0,33.0,71.0,-0.4578943461006745,0.06163887902446397,0.8868671920877688,14.338701626026252,0.8820354041731155,0.1561848211412748,0.44454453930988447,12.730465221512096,0.11111396669278503,-0.9858026933609365,0.1258838201204556,7.28276907258266,76.24900598233532,70.72840479145663,35.405002029525136,19.443196950400914,6.531762915849214,53509.0,190938.13362426392, 0.0, 0.0,0.0,NaN, 44.02326405179228,44.02326405179228,0.0, 169.84624885204767, 10.713625884346154, -19.20362775368299, 10.713625884346154, 56.2779008734206, 15.909546352411425, -19.20362775368299, 15.909546352411425, 194.57768471543503, 5.838273570870807, 4.203913472537475, 23.0, 0.0
45, 0 ,1.0,1.0,1.0,287.3311855670103,78.73711340206185,284.8431148748159,8.065577108167929,10.274417716554055,8.643228240724856,37.0,50.0,36.0,0.11157794858844042,0.9602151479252641,-0.25600240444897904,10.381272440338043,-0.5592555236016764,0.2736181565744463,0.7825384103760122,8.966558218691578,0.821452141460359,0.055856728221987596,0.5675353779303325,7.559934136855849,49.38741039565086,49.48770557864201,38.87371435151846,14.927828468156711,4.741574121386067,27160.0,95010.06445558877, 0.0, 0.0,0.0,NaN, 81.17735554158378,81.17735554158378,9.5367431640625E-7, 65.05353408780255, 1.8659302263789956, -11.619470482289126, 1.8659302263789956, 105.56365941423982, -7.465359344396698, -11.619470482289126, -7.465359344396698, 74.70539442126368, 6.678378822306645, 4.488585788546785, 9.0, 0.0
46, 0 ,1.0,1.0,1.0,121.56942236059376,236.87478734641687,78.33895591260355,11.77994254348576,12.55184078853914,14.204613642575206,61.0,62.0,66.0,0.1389643982859823,0.32957820861476184,0.9338453300281043,14.479600114056964,0.12596227594437578,-0.9412180500816305,0.31343593801516473,12.299825942742913,-0.9822537355734151,-0.07407284662288713,0.1723102212442851,11.710775574603256,67.49508396954434,58.92129718613131,59.92087641651419,21.460579766857453,6.126199336762135,89935.0,238299.20765724662, 0.0, 0.0,0.0,NaN, 157.8002184381421,157.8002184381421,0.0, 138.76704632782574, 1.644412800385251, 9.968963459828316, 1.644412800385251, 157.54870718083487, 18.146305470971605, 9.968963459828316, 18.146305470971605, 201.77104873483367, 6.0210913135568385, 4.2206247226665585, 38.0, 0.0
47, 0 ,1.0,1.0,1.0,23.572235846039025,187.9951665067349,121.91336437194205,12.57547297038735,12.666575957876853,12.531649018492198,53.0,61.0,64.0,-0.5593296062540632,-0.5420492106501372,0.6271626940445657,13.87425373766829,0.6200549265903441,-0.7757169873962437,-0.11745230298269713,12.224292369543711,0.5501656837523745,0.32318076783506083,0.7699817606429539,11.562813383212415,72.25828952627046,63.65622657341294,59.43956228151879,20.976214842272853,5.968693738094184,84411.0,273403.56319621066, 0.0, -2.8421709430404007E-14,0.0,57.17675325547976, 167.22320844045913,167.22320844045913,0.0, 158.14252042894287, 10.2579222165973, -21.77108717178938, 10.2579222165973, 160.44214649666392, -18.554386837452853, -21.77108717178938, -18.554386837452853, 157.04222712267645, 5.929646465967832, 4.285717783167444, 21.0, 0.0
48, 0 ,1.0,1.0,1.0,216.70757555406314,135.66256548018805,206.25028878441907,12.581275664482789,12.866153435698193,11.072284700980969,69.0,61.0,59.0,0.5776475132098203,0.727399482685847,0.3704231945638299,14.181219884829073,0.8156262065421207,-0.5325762964366093,-0.22608931791567388,11.700093208088834,0.032821360182364936,0.4327267972546039,-0.9009274539348617,10.41262270402489,63.47853525055194,59.92886687956487,54.94405631020739,20.28634798885765,5.9064350797375615,74450.0,209017.99708124017, 0.0, 0.0,0.0,NaN, 184.74568464717447,184.74568464717447,0.0, 158.28849734570684, 26.577470961305085, 14.582136160182491, 26.577470961305085, 165.5379042309284, 28.401380185925767, 14.582136160182491, 28.401380185925767, 122.59548849957723, 5.708986254567825, 3.8856430263818527, 30.0, 0.0
49, 0 ,1.0,1.0,1.0,125.62113601236476,91.80688978718345,213.17969028652954,12.705387084275984,10.301529902763306,12.202488707690124,63.0,51.0,65.0,0.7510944872910026,0.12080704202632309,0.6490475558523543,13.616434062543458,-0.6155047714395501,0.483695780741943,0.6222477545380045,11.6471282903536,0.2387696536333965,0.8668587256810026,-0.43765854523189146,9.766587734135681,67.65403452572085,58.08539451794249,52.70123222826621,19.605815705827254,5.662252243529968,67288.0,207100.62708179862, 0.0, 0.0,-2.8421709430404007E-14,49.53016989886149, 178.17671285601838,178.17671285601838,0.0, 161.426860961287, -3.820591467354258, 28.4618779644887, -3.820591467354258, 106.12151833752657, 19.17872273783094, 28.4618779644887, 19.17872273783094, 148.900730661305, 6.180351762708501, 4.207092856070729, 37.0, 0.0
