// Sample: .//bubblelabels.tif, Map: .//bubblelabels.tif, Thickness:(8.191250068658265):/gpfs/home/mader/Foam/NewValid/InSilicoTest/LatticeData_OldFoam/out_Step_07000.vtk/distmap.tif, Neighbors:(1.0):
//LACUNA_NUMBER, TRIANGLES, SCALE_X, SCALE_Y, SCALE_Z, POS_X, POS_Y, POS_Z , STD_X, STD_Y, STD_Z,PROJ_X, PROJ_Y, PROJ_Z, PCA1_X, PCA1_Y, PCA1_Z, PCA1_S, PCA2_X, PCA2_Y, PCA2_Z, PCA2_S, PCA3_X, PCA3_Y, PCA3_Z, PCA3_S,PROJ_PCA1, PROJ_PCA2, PROJ_PCA3,OBJ_RADIUS, OBJ_RADIUS_STD, VOLUME, VOLUME_BOX, Mask_Grad_X,Mask_Grad_Y,Mask_Grad_Z,Mask_Angle, Mask_Distance_Mean,Mask_Distance_COV, Mask_Distance_STD, SHAPET_XX, SHAPET_XY, SHAPET_XZ, SHAPET_YX, SHAPET_YY, SHAPET_YZ, SHAPET_ZX, SHAPET_ZY, SHAPET_ZZ, Thickness, Thickness_STD, Neighbors, Neighbors_STD
1, 0 ,1.0,1.0,1.0,78.92320192809674,135.77763690389742,39.44850231002634,18.004159708847723,17.342141925698176,19.072237078528055,97.0,91.0,87.0,0.3745856029226364,-0.3600940311688824,0.8544108583109351,19.48696739910227,0.8084580225403101,-0.3243280119151597,-0.4911282586833822,18.023850700821477,-0.45396172952496344,-0.8747248878382872,-0.16963230447942346,16.853747003950108,96.15856083651188,92.07163535549304,87.63544079781909,30.25140034575037,8.573369098175517,254759.0,775878.2674403201, 0.0, 0.0,0.0,NaN, 161.92783213609047,161.92783213609047,0.0, 324.1497668216957, -23.608380995275425, 14.422540313376906, -23.608380995275425, 300.7498865710585, -22.941178889222336, 14.422540313376906, -22.941178889222336, 363.75022717958035, 7.903146000786943, 6.219713417933529, 42.0, 0.0
2, 0 ,1.0,1.0,1.0,56.87736519625265,262.3959384729113,13.690040231437385,19.728448272781545,21.10601805452886,9.140752151898518,110.0,95.0,38.0,0.5271871339637164,0.8478812384868913,-0.05631279787985371,21.92623900128269,0.8469988084111173,-0.529653238975654,-0.04539234508973591,18.861222750137497,0.06831357356535554,0.023766612390782323,0.9973807717227144,9.040096177623226,106.08833318746028,99.54802649042722,41.88343694103756,28.47102146989113,10.374485805731618,140686.0,442326.1275357756, 0.0, 0.0,0.0,NaN, 69.54507399190352,69.54507399190352,0.0, 389.2116712518171, 55.43547422254658, -22.381763188142383, 55.43547422254658, 445.46399811809823, -12.464526043897504, -22.381763188142383, -12.464526043897504, 83.55334990243739, 7.740204649230175, 5.957925389983732, 23.0, 0.0
3, 0 ,1.0,1.0,1.0,260.9073089067367,140.32177520184788,126.99664646421836,18.24215242613677,16.750125264237457,15.243837209606049,89.0,99.0,76.0,-0.9214875171593425,-0.3268200582008071,0.20987950180313433,18.477520932358004,0.3833289740185579,-0.8523325970790685,0.3557921326200594,16.90806751116294,0.06260713535524953,0.40831090300660755,0.9106934462751656,14.778899404598828,107.00645473313477,86.90280218113006,79.42039058021356,27.821023427944716,8.468060569031296,188756.0,738542.9802451003, 0.0, 0.0,0.0,NaN, 193.25265148470515,193.25265148470515,NaN, 332.7761251384077, 15.000597485279254, -14.587428603392963, 15.000597485279254, 280.56669636764593, -28.89666721215372, -14.587428603392963, -28.89666721215372, 232.37457287296994, 6.724339263418281, 5.579153625009787, 42.0, 0.0
4, 0 ,1.0,1.0,1.0,78.09753959958189,16.610267749457265,261.991267990673,16.87473864302673,10.681273609383089,18.379221716996945,81.0,45.0,80.0,-0.48997523720402997,0.12035362923068751,0.8633882503589314,19.038125589896808,0.8542357645108667,-0.13117105647003463,0.5030660121445989,16.325631734142192,-0.17379736924760772,-0.9840270107448965,0.03853980496932535,10.376209501353603,107.45278930655871,90.85721123311026,47.58505352734868,25.686688113308126,8.765629177711803,124370.0,464566.2525875925, 0.0, 0.0,0.0,NaN, 88.42957873457138,88.42957873457138,NaN, 284.75680427045967, -32.82520027392992, -39.515502709615234, -32.82520027392992, 114.08960591850364, 15.992303214408135, -39.515502709615234, 15.992303214408135, 337.79579092253215, 7.4728967878172865, 5.836086745114344, 20.0, 0.0
5, 0 ,1.0,1.0,1.0,188.21713048121995,113.16115825075654,236.22100516228565,15.982941557823699,14.975524037298602,16.28940565202803,81.0,88.0,82.0,0.15177928172946445,0.1347103596050906,-0.9791915893494773,16.301765307942134,0.9174508267193243,0.3493976174324907,0.19027686534239388,16.160648768028764,-0.3677594732834443,0.9272402191166896,0.07055881137545816,14.769947757863715,81.48439176429798,84.01372866049127,84.90625688640966,26.279740121243222,7.378396620456422,168530.0,581251.8969612604, 0.0, 0.0,0.0,NaN, 171.37274531562645,171.37274531562645,0.0, 255.45442084080784, 14.761910260072906, 0.4353572544738793, 14.761910260072906, 224.2663201917082, -3.4185337934354405, 0.4353572544738793, -3.4185337934354405, 265.3447364963227, 7.003152822713247, 5.680697524356937, 39.0, 0.0
6, 0 ,1.0,1.0,1.0,274.9756396765135,206.24820204533694,208.23961488595995,15.260188944102676,16.40131269622844,17.40911907437409,61.0,90.0,86.0,-0.3453533516502759,0.266866875367217,0.8997294778630177,17.90309026761849,0.20823609957424952,0.9566085954638818,-0.20380805165332022,16.301717126068446,-0.9150785700353954,0.11697036341038378,-0.3859393018929512,14.78807726941079,92.95081890020228,93.62801453551893,74.37499118270432,27.14716385793242,8.245322685346139,172001.0,647270.7196061503, 0.0, -2.8421709430404007E-14,0.0,74.52208760167785, 133.5499401183265,133.5499401183265,0.0, 232.87336660971354, -0.011186175836427744, -33.63932775755882, -0.011186175836427744, 269.0030581594642, 15.27622863183099, -33.63932775755882, 15.27622863183099, 303.0774269457358, 7.75616094581349, 5.966384379935512, 34.0, 0.0
7, 0 ,1.0,1.0,1.0,264.0677812375021,280.08084328400844,27.10224675769868,18.584721121636022,11.670131057843063,16.054524326083204,80.0,50.0,68.0,0.9832810283308957,-0.10045565529427061,-0.1518785061947015,18.706113542888506,-0.14716018897872202,0.052863410911684366,-0.9876990121320002,15.992008176006962,0.10724876737884693,0.9935361700039814,0.03719651582523347,11.561512013231848,84.49599041354867,74.405815788186,55.59719460651996,25.89743811775308,8.285787129177203,140024.0,349539.1787343814, 0.0, 0.0,0.0,NaN, 49.21817681291562,49.21817681291562,0.0, 345.3918591689841, -22.310027449640952, -14.550922870203095, -22.310027449640952, 136.19195890723324, -3.074618874601199, -14.550922870203095, -3.074618874601199, 257.7477513367973, 7.077609421831664, 5.717201996219559, 17.0, 0.0
8, 0 ,1.0,1.0,1.0,278.2558359248908,209.55485572570169,285.44048603183353,13.456961218365903,18.39642391855272,8.84531117440278,53.0,103.0,39.0,0.26947876548122873,0.9620954840672992,-0.04187450885709443,18.771843874457556,0.9627708556250206,-0.2681965100197631,0.03380697520164751,12.950705014340048,-0.021294941037215825,0.04942581866321688,0.9985507568149412,8.812199792347835,107.71915535433115,62.39478898615451,41.03146151027363,22.775440225588564,8.890279552769822,76209.0,275777.12908826943, 0.0, 0.0,0.0,NaN, 94.15472500683724,94.15472500683724,0.0, 181.08980523260394, 47.970895536170175, -0.16860418274295746, 47.970895536170175, 338.4284129910987, -11.884632416854318, -0.16860418274295746, -11.884632416854318, 78.2395297720147, 6.91779081467751, 5.559935338823311, 12.0, 0.0
9, 0 ,1.0,1.0,1.0,155.61237534301586,176.18805635499632,14.727185262030654,17.240490437572053,17.471625688919158,9.664177777132672,82.0,81.0,41.0,-0.6419655739974822,-0.7667293321881339,-0.00251653818203323,18.011491352284526,-0.7606430590357537,0.6364499433407738,0.12788121974025954,16.769086670511342,-0.09644863162748324,0.08400952793501591,-0.9917862978854476,9.5011819450633,84.71546669178247,87.55919193406987,44.65902066679329,25.11640553658101,8.065650610566369,119528.0,331263.54697915085, 0.0, 0.0,-1.7763568394002505E-15,89.85581283099698, 190.77230807688488,190.77230807688488,2.6973983046972182E-6, 297.23451052801335, 22.81635287999196, -18.19385459841687, 22.81635287999196, 305.2577042136998, 15.991552855231184, -18.19385459841687, 15.991552855231184, 93.39633210802499, 8.518565547087242, 5.853749172437072, 18.0, 0.0
10, 0 ,1.0,1.0,1.0,44.08124903523929,256.41406285011476,213.45161258197354,17.095093585539527,20.80364187115615,14.35530333021296,85.0,89.0,78.0,0.20444735832953292,-0.9747303593333325,-0.09001113412233058,20.974134920802413,0.9208614887770892,0.22270140608417924,-0.32002843969774397,17.257242435206543,0.3319870421557423,-0.01745881788787762,0.9431223640221026,13.906175655462684,94.29747462713618,89.98547781354459,80.22490483376012,29.115198220430678,9.133110427963338,200827.0,680740.6730957088, 0.0, 0.0,0.0,NaN, 106.45897706817088,106.45897706817088,1.3486991523486091E-6, 292.2422246983547, -27.71292835886296, -35.3127466052872, -27.71292835886296, 432.79151510332133, 14.187072235038423, -35.3127466052872, 14.187072235038423, 206.07473370242332, 7.519085232235753, 5.469311307252361, 33.0, 0.0
11, 0 ,1.0,1.0,1.0,14.427972503399305,168.38380042302464,12.76675101979151,9.084813069483863,17.39077618274009,8.348484900903387,35.0,82.0,34.0,0.04772292112475882,-0.997881276674756,0.044220814796642284,17.418814577307934,0.9711802681738053,0.03600493455452108,-0.23561097469681033,9.100293549406173,0.233519612686336,0.054190426734650465,0.9708408665384558,8.272827867315844,82.40813949234257,41.92059925611116,39.73821793195094,19.95915945885211,7.503471102253649,52952.0,137279.59168055045, 1.7763568394002505E-15, 0.0,0.0,87.26463907571545, 133.01872166445744,133.01872166445744,0.0, 82.53382850746482, -10.687276876918412, -2.7935698672479905, -10.687276876918412, 302.43909623815995, -10.49074031151273, -2.7935698672479905, -10.49074031151273, 69.69720014061183, 9.101819118192472, 5.724316497066111, 11.0, 0.0
12, 0 ,1.0,1.0,1.0,22.13222513894154,131.3228307595471,188.78468889254472,14.074860901621506,15.968771461214594,15.611941198435783,61.0,75.0,75.0,-0.4621282162540325,-0.668295752175912,-0.5829393616539358,16.374606731644608,-0.1490021539234692,0.7065107753570082,-0.6918387691005801,15.86610030970349,0.874205850968771,-0.23285899580662803,-0.4260760709121035,13.303202423112937,86.74201935240043,85.18194616186148,66.37188192697765,25.261763497445802,7.660247017099156,139807.0,490412.14675354736, 0.0, 0.0,2.8421709430404007E-14,54.342451635454694, 173.50609987268317,173.50609987268317,0.0, 198.10170939999372, 20.281510586587075, 32.26229188189704, 20.281510586587075, 255.0016619805017, -1.0302141414669024, 32.26229188189704, -1.0302141414669024, 243.7327079834165, 6.996793828707609, 5.185447038959085, 25.0, 0.0
13, 0 ,1.0,1.0,1.0,123.15727502102607,234.9287664244647,76.5623681561858,14.328668611180301,14.504382945244485,16.480307877841966,75.0,70.0,78.0,-0.15284258977917198,0.3812162250944433,0.9117638578460646,16.897714739097307,0.8199956077039228,-0.4660243460273665,0.33230785765016224,14.40649849119268,-0.5515853026467176,-0.7984331522641757,0.24136726221594584,13.93586934350129,80.66727313337911,70.03303348732052,71.4700138310252,25.196231449825014,7.241431990056468,145058.0,403760.82653008663, 0.0, -2.8421709430404007E-14,0.0,67.59096119726928, 158.945827398299,158.945827398299,0.0, 205.31074416902362, -10.418349054914119, -9.091934723456646, -10.418349054914119, 210.3771246222991, 29.676742752264033, -9.091934723456646, 29.676742752264033, 271.6005477484599, 6.57987392830989, 5.137131296629687, 32.0, 0.0
14, 0 ,1.0,1.0,1.0,190.91361563939975,279.66201825352476,59.99701173440879,16.772341274879405,12.080674954277185,14.715169680611131,76.0,53.0,77.0,-0.9352484557342948,0.06304477285830215,0.3483327183338682,17.075549168707916,0.3536665560967866,0.20859547007725263,0.9118157143644153,14.484403845651759,0.015175412523405393,-0.9759678716425534,0.2173854189596197,11.933902284844109,80.4507571767785,71.98225565445031,59.102226029159,24.299187697144596,7.303412570846319,123483.0,342262.584962852, 0.0, 0.0,0.0,NaN, 126.14719248341342,126.14719248341342,0.0, 281.31143184102336, -3.8237996427819683, -26.863210934534155, -3.8237996427819683, 145.9427073509001, 16.091261831470785, -26.863210934534155, 16.091261831470785, 216.5362187291771, 7.106799996323344, 5.551464301385018, 27.0, 0.0
15, 0 ,1.0,1.0,1.0,173.1980572708891,102.6483004535767,11.665596480682005,14.07691032827097,17.213332928800913,7.4810358315312255,69.0,85.0,30.0,-0.2757172389393782,-0.9612162604841886,0.00658063313356279,17.466267119437383,-0.9588604271647553,0.2755098850391996,0.06841772038814159,13.785104753092716,-0.06757725482045529,0.012554036262482242,-0.997635058929091,7.438046240734118,85.09753723916485,69.06580542999299,32.234425394522646,22.150134498686043,7.732766239237634,73196.0,189452.3537771745, 0.0, 0.0,0.0,NaN, 163.55883469606457,163.55883469606457,0.0, 198.1594043901819, 30.60299180726401, -9.290168208377995, 30.60299180726401, 296.2988305177418, 0.9594028389829115, -9.290168208377995, 0.9594028389829115, 55.96589711265409, 7.158769347041127, 5.191009416770455, 22.0, 0.0
16, 0 ,1.0,1.0,1.0,219.50079613744927,29.517723332248988,262.73755428858414,14.868203870477686,16.866449667178067,17.02546172377377,84.0,71.0,74.0,0.3175540735159314,0.4872195165689641,-0.8134964984975309,17.63978683828472,-0.19603843648289812,0.8730996732681959,0.4463920832186771,16.619231725946445,-0.9277544620290322,-0.017722957238414837,-0.3727701100838775,14.423800288287303,89.22719766123132,92.12132597446256,76.35444853271815,27.049902653450246,7.981837135401711,175221.0,627612.7803213149, 0.0, 0.0,0.0,NaN, 93.48747335135288,93.48747335135288,0.0, 221.06348633408763, 4.288851094304833, -32.60193920148377, 4.288851094304833, 284.4771243754511, -14.30797664003278, -32.60193920148377, -14.30797664003278, 289.86634690768574, 7.6166270004640015, 5.553110712594937, 34.0, 0.0
17, 0 ,1.0,1.0,1.0,158.6469399714858,254.3223416630951,279.5435016487505,17.25189137869354,14.86661495928033,10.994920538237317,82.0,83.0,48.0,-0.8942680266139228,0.42588329664910335,-0.13750677878320477,17.93868421558173,0.44362674145280434,0.884084941350968,-0.14693240195553306,14.235389542381947,-0.058991616726516316,0.19239863334168272,0.9795421149926353,10.727980579874862,86.16123561527529,74.23268819396998,51.614757904840644,24.08727239879597,7.702959335072399,114329.0,330126.9663785699, 0.0, 0.0,0.0,NaN, 149.95200690675142,149.95200690675142,0.0, 297.62775614224046, -44.38500012043537, 19.711083312648853, -44.38500012043537, 221.01624034749767, -23.478816977856933, 19.711083312648853, -23.478816977856933, 120.88827764215277, 7.581765608076883, 5.5299312149096504, 29.0, 0.0
18, 0 ,1.0,1.0,1.0,235.01138080370632,243.15342263403497,10.737402222446034,14.912451553339906,13.678774369437843,7.182474483867959,67.0,65.0,30.0,-0.9933557714379625,0.050724217993932334,-0.1033022993925792,14.97528371926479,0.056357630700616536,0.9970365452232026,-0.052363584208816615,13.692198887916897,-0.10034006583963843,0.05783754142669724,0.9932707032773149,7.024427836725494,67.98074256530995,64.83621572458162,33.23202340713757,20.372287820288562,6.785860907757307,59574.0,146473.9346112239, 0.0, -2.8421709430404007E-14,0.0,87.09246865937843, 87.00773408009262,87.00773408009262,NaN, 222.3812113307098, -1.0517343227897136, 17.541579234115268, -1.0517343227897136, 187.10886824998965, -8.12829181040646, 17.541579234115268, -8.12829181040646, 51.5879397114143, 7.127514597954345, 5.128750138985355, 11.0, 0.0
19, 0 ,1.0,1.0,1.0,272.29639771755825,66.05460067694831,238.247280738944,15.787805848569128,16.209422790755266,13.712638973828088,72.0,82.0,70.0,-0.5726939166671076,0.8182245750482628,-0.050301318069994216,16.60488941712763,0.8180316561652179,0.5743962038990714,0.0298866267405158,15.3799854145717,-0.053346858614909065,0.024032181204096927,0.9982868159714894,13.702932694888489,88.04494472589018,79.6844696336855,70.08289956005049,25.36104528769249,7.540162482587012,143881.0,491688.6386627293, 0.0, 0.0,0.0,NaN, 94.57324244282634,94.57324244282634,0.0, 249.2548135121136, -18.29616488952073, 3.7260824264982646, -18.29616488952073, 262.7453872094563, -2.7826234004848, 3.7260824264982646, -2.7826234004848, 188.03646762654904, 6.073936927246781, 4.914002765596555, 28.0, 0.0
20, 0 ,1.0,1.0,1.0,277.6588638159628,207.28715427166566,12.390095706383352,13.22054099353408,13.684602829875722,7.772961971912852,55.0,72.0,31.0,0.41265125654537155,-0.9099269858434006,0.041854759651318005,13.798724003775265,0.9080158668544028,0.4145618786217553,0.06037908855099328,13.125747946537176,-0.07229194984348955,0.01308927910714256,0.9972976209538869,7.7317496921183615,66.04746879552404,63.48857180822682,32.46617764978902,19.55100039990636,6.342584642939607,56945.0,136139.1067345646, 0.0, 0.0,1.7763568394002505E-15,87.60119819297368, 96.1681475367648,96.1681475367648,0.0, 174.78270416171506, -6.69710670152995, 8.424198774118867, -6.69710670152995, 187.26835461144262, -2.1587118270397796, 8.424198774118867, -2.1587118270397796, 60.41893781680333, 7.53921418688653, 5.564580913665021, 12.0, 0.0
21, 0 ,1.0,1.0,1.0,40.76187691002939,85.18902162628493,36.946716577227335,13.302542132386119,13.875027104755322,17.308483897753373,62.0,70.0,81.0,0.24120993453321635,0.02607807593442036,0.9701225187769016,17.540931329026083,-0.1597666605646634,-0.9849325498013003,0.06620035131270129,13.898493030736375,0.9572316238270117,-0.17096141756977798,-0.23340910875121132,12.969396237502895,83.00644432145361,71.83254681168914,61.09617049111746,24.828603735467922,7.252451704592468,136778.0,364289.84487775346, 7.105427357601002E-15, 0.0,0.0,76.04203732544616, 101.40887476306004,101.40887476306004,0.0, 176.95762718390782, 4.805505522584773, 32.37451606925393, 4.805505522584773, 192.51637715769488, 1.9010190938043774, 32.37451606925393, 1.9010190938043774, 299.5836148387878, 6.8386831599596665, 4.939606546791158, 22.0, 0.0
22, 0 ,1.0,1.0,1.0,69.87501392713324,63.68409282633263,159.5909799926783,14.57579727226807,14.282812020711491,14.064871061096794,71.0,65.0,70.0,-0.8516550150513039,0.48679940664958626,0.19419081601243274,14.623014908935653,-0.49860984936028074,-0.6384091732663851,-0.5863633221904737,14.519875991150613,-0.1614681190169808,-0.5962047175047694,0.7864273528852976,13.770033387075351,79.38043591021187,78.02668050267653,80.30225583945942,23.8556178211129,6.721806429782344,125654.0,497375.4626478183, 0.0, -7.105427357601002E-15,0.0,60.869567954476906, 169.27159876909792,169.27159876909792,0.0, 212.45386612225735, -3.2882783052067235, 2.19658220816696, -3.2882783052067235, 203.99871921898065, 10.23030664212339, 2.19658220816696, 10.23030664212339, 197.82059796527804, 7.010042762378571, 5.100057076147674, 29.0, 0.0
23, 0 ,1.0,1.0,1.0,65.61913526859306,42.01987743847899,34.731532610382985,14.612195482564253,13.319798185535038,16.527541160193465,77.0,69.0,76.0,-0.12239110639242605,-0.017010355529658083,0.992336165258927,16.553831460722883,0.9106512730824856,0.3956385336286773,0.1190983188017292,14.856588295194385,0.3946323300355484,-0.9182487672264552,0.032932135943622036,13.013275741450233,79.16437767604506,80.53611977272868,62.09404476297851,24.741683574218403,7.207079244686457,135279.0,395886.28275948315, 0.0, 0.0,0.0,NaN, 85.31014225054841,85.31014225054841,0.0, 213.51625682067117, 18.727009700417337, -7.142448165016479, 18.727009700417337, 177.4170237033825, 0.6536188825367348, -7.142448165016479, 0.6536188825367348, 273.1596168018892, 6.433377409175366, 4.935476864694469, 23.0, 0.0
24, 0 ,1.0,1.0,1.0,27.654129520063197,283.50979380612296,133.27227587096357,14.976970340042977,10.567155461392902,20.1257515197131,63.0,47.0,107.0,0.16238005097736924,-0.07473579666633394,0.9838939372418325,20.291113446790227,0.9861268548943355,-0.022517964262540015,-0.1644590141697238,14.81105809541667,-0.03444626395987528,-0.9969490969864611,-0.0700425079297366,10.484443834972273,104.46475102998923,65.59531585583792,50.57116043865966,25.753391391397507,8.819473974497368,124058.0,346533.73582220514, 0.0, 0.0,0.0,NaN, 137.10644512806545,137.10644512806545,3.3036247397782844E-6, 224.309640566527, -6.092857916190459, 30.468585766909747, -6.092857916190459, 111.66477454524583, -21.78710615343876, 30.468585766909747, -21.78710615343876, 405.04587423323403, 6.754819785319939, 4.9631459803493785, 19.0, 0.0
25, 0 ,1.0,1.0,1.0,281.5063537755984,104.29868765255081,168.22745531560918,11.803606285667106,13.102839501989088,15.006313864805826,49.0,65.0,73.0,0.10945611045933575,-0.10687158822021567,0.9882296410826801,15.041222445577375,0.4811637928247952,-0.8642588540490697,-0.14675843305325176,13.653823458266325,-0.8697705239645519,-0.49156392954434436,0.04317567386100521,11.114572078318837,71.67192509032884,70.97941747494087,58.91054701048955,22.137545610407287,6.791763726618045,91363.0,299691.5899756185, 0.0, 0.0,0.0,NaN, 169.06872782781994,169.06872782781994,0.0, 139.32512134704, -27.35554752123178, 6.668142050822511, -27.35554752123178, 171.68440301488565, -2.8698163163168875, 6.668142050822511, -2.8698163163168875, 225.18945580906353, 6.8224795414583275, 5.218464324449922, 15.0, 0.0
26, 0 ,1.0,1.0,1.0,33.76716431121471,180.56184167822263,207.36346738264538,15.19747040636986,15.601291860885016,14.352191247360182,69.0,73.0,75.0,0.5909813087035147,-0.7675196438601297,0.2483036227119951,16.81429610516556,0.6382478926199696,0.25663895855053104,-0.725793408981004,14.702285889818942,-0.4933363156399994,-0.5874096026138138,-0.6415366228266574,13.471118891304176,95.03582852952366,76.01347113203607,67.31442377678684,24.961351232034893,7.568338837078253,135572.0,486279.6133376685, 0.0, 0.0,0.0,NaN, 154.878088263914,154.878088263914,0.0, 230.96310675248768, -40.24417214163126, -1.2102483447867778, -40.24417214163126, 243.40030772851705, -25.756803104888004, -1.2102483447867778, -25.756803104888004, 205.9853936008022, 6.586150057724642, 4.930651334582042, 35.0, 0.0
27, 0 ,1.0,1.0,1.0,123.98608073335478,187.35995496944355,114.17799935670634,14.004062759345548,13.919918973341721,15.168808302098347,70.0,71.0,73.0,-0.1730849424168649,-0.32073525836216765,0.931219897098373,15.302342501765654,-0.7424758691291605,-0.5787358421415515,-0.33733426861439253,14.415175924114457,-0.6471253251646454,0.7497957849068395,0.13796772980117,13.3421017959459,75.17081439234836,68.01481634227733,66.13093549751645,23.93502541377543,6.8618672196354655,124360.0,338109.56065585295, 0.0, 0.0,-1.4210854715202004E-14,21.374219892805083, 202.72381087875146,202.72381087875146,0.0, 196.11377376768885, 15.915938260309547, -1.5900842965067485, 15.915938260309547, 193.76414422439882, -10.955636564840727, -1.5900842965067485, -10.955636564840727, 230.09274530580774, 6.328578309679327, 4.765311447459573, 31.0, 0.0
28, 0 ,1.0,1.0,1.0,31.814878854381416,14.026711888452928,71.35269668151892,17.550839489260454,8.97689246128708,14.202967236582667,73.0,36.0,72.0,0.99511988206433,-0.002910380429487621,-0.09863037060677315,17.580938751415054,-0.09859005684825858,0.011723409240780636,-0.9950590748123601,14.166343295139685,0.004052284655711027,0.9999270430194039,0.011379263049084262,8.975865062821589,76.3626016694586,68.68655168104218,36.66203635105372,23.071947900658166,7.617484061817605,90222.0,192295.45242915137, 0.0, 0.0,0.0,NaN, 79.37343690836043,79.37343690836043,0.0, 308.0319667777842, -0.8006789700855236, -10.645300037964876, -0.8006789700855236, 80.58459826151282, -1.3356498304456228, -10.645300037964876, -1.3356498304456228, 201.7242783234407, 6.840157244196014, 5.209560198362361, 16.0, 0.0
29, 0 ,1.0,1.0,1.0,235.46755027422304,274.24609759527493,95.32945436647448,13.775396572434795,13.470592924814785,14.510206043466942,72.0,60.0,71.0,-0.4843243098324042,-0.48691635603915684,0.7268716703290306,15.321238405970906,-0.6815321949258752,-0.3109718425695855,-0.6624276416397464,13.603357135055337,-0.5485834760406885,0.8162162552598586,0.1812379498468499,12.726854767039821,78.38135447506716,71.68455322759962,67.53322230974248,23.187688760159947,6.640451329519309,113776.0,379451.10270943923, 0.0, 0.0,-1.4210854715202004E-14,43.3752277534201, 117.96357669421428,117.96357669421428,0.0, 189.7615507278483, 22.05162417664337, -15.198044002943988, 22.05162417664337, 181.45687374607016, -21.000208499695223, -15.198044002943988, -21.000208499695223, 210.5460794238646, 6.086280882810919, 4.705011122044149, 23.0, 0.0
30, 0 ,1.0,1.0,1.0,134.25061855427177,24.28078829341858,249.67545341009952,15.180376784116877,13.833847541094396,14.343275663438092,75.0,60.0,71.0,-0.8960302741297722,-0.24823004871104853,-0.36811898994732073,15.590770616521816,0.15780322471997352,0.5969256903418677,-0.7866243464817635,14.48919140368202,0.4150034820467207,-0.7629295925095548,-0.4956919877931275,13.211356399168126,80.31691783918473,78.78603826453475,63.724497523501654,24.08141896929573,6.901738496973471,127313.0,403239.1739473285, 0.0, 0.0,0.0,NaN, 145.41439148802795,145.41439148802795,0.0, 230.44383930775464, 18.57730073065514, 18.211190593607313, 18.57730073065514, 191.3753377902435, -10.358408870297964, 18.211190593607313, -10.358408870297964, 205.72955675737543, 7.836401657666474, 5.2311173433544536, 21.0, 0.0
31, 0 ,1.0,1.0,1.0,19.949695822869877,253.00548226222898,81.48486188236126,11.668257061733094,15.845189147129064,15.241239441788307,49.0,81.0,81.0,-0.18332104972199065,0.9259816668136179,0.33007778697437495,16.070673575128914,-0.014614977901630952,0.3331637105955454,-0.9427557182871614,15.144870307011734,-0.9829444517111646,-0.17765104747026148,-0.04754271955785249,11.483900727294364,84.02530922287207,78.80491277114162,53.5438888809995,23.75047303398357,7.4450421322669245,113092.0,354546.5981962408, 0.0, 0.0,0.0,NaN, 96.15746344833663,96.15746344833663,1.9073486328125E-6, 136.1482228586842, -21.929047248348038, -6.3044655744990905, -21.929047248348038, 251.07001910829666, 8.00962389588064, -6.3044655744990905, 8.00962389588064, 232.29537972192358, 6.812291054832289, 5.2823397133420835, 17.0, 0.0
32, 0 ,1.0,1.0,1.0,165.38168041206418,11.442626611486586,219.27195045702206,16.637965077415885,7.725657058242922,13.909378393453911,85.0,32.0,73.0,0.9749610589646238,0.041100142368748954,0.21854453047342082,16.77325842129348,-0.2216993537927739,0.1030585087284738,0.9696537218546266,13.810823847728114,-0.017330032615256785,0.9938258006692784,-0.1095899078091704,7.60903494345396,83.98175601116952,73.9699709752569,35.37301308965375,21.663588837657635,7.788927067581477,67174.0,219741.68698987615, 0.0, 0.0,0.0,NaN, 157.38501725216102,157.38501725216102,0.0, 276.8218819173105, 5.918502639534571, 19.05278027558897, 5.918502639534571, 59.68577698157867, 15.282015319340172, 19.05278027558897, 15.282015319340172, 193.4708072922825, 6.833175730133119, 4.814152411684457, 18.0, 0.0
33, 0 ,1.0,1.0,1.0,58.855649048996405,111.65411517223245,158.09033219388203,13.925486843874838,12.57439695517333,15.013125129938592,71.0,63.0,73.0,0.5114710284152699,0.14833270825314032,0.8464010838568877,15.605117943075763,-0.8015110911478197,-0.272763568764969,0.5321466022832704,13.403199142852035,-0.30980212694372716,0.9505774262083476,0.020620352185552204,12.420270347788023,75.28162753470787,65.26972592519257,61.69959821191543,23.12918168666365,6.516864529641335,114090.0,303167.83658700564, 0.0, 0.0,0.0,NaN, 189.91835792443956,189.91835792443956,0.0, 193.9191838389312, 12.320936302668924, 27.813802093971063, 12.320936302668924, 158.1154587862723, 7.521778324437081, 27.813802093971063, 7.521778324437081, 225.39392616719368, 6.601730098534669, 4.937994458559566, 23.0, 0.0
34, 0 ,1.0,1.0,1.0,144.75263344003574,152.42167609618105,58.42255080771235,13.319529990445991,13.923627559358216,13.673384093796665,66.0,66.0,64.0,0.5343942056780512,0.6662037290042787,0.5201878741363721,14.77806252961889,0.05835558145130491,-0.6430471010137369,0.7636000602352708,13.375530357919862,-0.8432185120425221,0.37770758178599334,0.3825173507308817,12.68632222788149,75.1871257083088,66.13348990201482,64.0835315708513,22.73103655836342,6.445051833514684,107464.0,318648.12050124566, 0.0, 0.0,0.0,NaN, 214.81592356472456,214.81592356472456,0.0, 177.40987916639017, 19.77846921447916, 16.77019902591945, 19.77846921447916, 193.86740441171966, 11.08887729982553, 16.77019902591945, 11.08887729982553, 186.96143257649163, 6.2360358918814365, 4.743029308413057, 19.0, 0.0
35, 0 ,1.0,1.0,1.0,24.735809515785927,14.416984350976222,265.04481981507615,13.886739072811425,9.138199966123063,19.250571501000053,50.0,41.0,79.0,0.10259544898224822,0.06716260201245242,0.9924532022916988,19.33220037752005,-0.9927652239570419,-0.05565527397068895,0.10639408151195352,13.832854086337896,-0.06238095822969986,0.9961885742017745,-0.06096671780717711,9.047148733264706,83.30986907255644,56.00066607960459,42.624494522483594,24.01987885327586,8.36529399883408,94958.0,198860.66452133618, 0.0, 0.0,0.0,NaN, 45.183783948868566,45.183783948868566,NaN, 192.84152207634753, 8.061236403598855, 18.154335545197316, 8.061236403598855, 83.50669862085154, 18.807307594960335, 18.154335545197316, 18.807307594960335, 370.5845031151154, 6.282506648472824, 4.8173283177650585, 10.0, 0.0
36, 0 ,1.0,1.0,1.0,53.90830387417935,19.14604826491595,163.45251965947622,14.948815357812489,11.903908999082649,15.514176388044984,85.0,47.0,79.0,-0.5307110626573914,0.19993493584266328,0.8236332857544385,16.044304203829142,0.8395283793906149,-0.009398334242188527,0.5432345455797526,14.54517732712389,-0.11635234493051841,-0.9797641005584262,0.1628632527186764,11.699483672252192,86.72397073704829,75.86359651632644,51.60670896194837,23.527580532807523,7.2327555836011665,110888.0,339530.46348427393, 0.0, 3.552713678800501E-15,0.0,78.46684571505202, 148.04692086665997,148.04692086665997,0.0, 223.46708060197054, -13.379680229080883, -18.629606270312674, -13.379680229080883, 141.70304945844086, 19.468684114735616, -18.629606270312674, 19.468684114735616, 240.6896689993725, 6.436229250821473, 4.762919558637328, 21.0, 0.0
37, 0 ,1.0,1.0,1.0,128.6190284487386,93.01504741456432,209.4651010914296,14.403345260154339,12.617170538516163,14.439072102425051,69.0,63.0,69.0,0.664238110393874,0.07868637924430807,0.7433681365392231,15.358770172855989,-0.6355373162676853,0.5829912737821378,0.5061753592631207,14.287660030641332,0.3935480305269537,0.8086591546599229,-0.43725315236491347,11.623557970193264,72.29256571098801,71.01211298306953,58.83938338362741,23.071907077114062,6.543947897508816,111780.0,302060.67365580634, 0.0, 0.0,0.0,NaN, 182.732650188783,182.732650188783,0.0, 207.45635468321046, -20.308876416628966, 27.55828708157608, -20.308876416628966, 159.19299239800023, 26.265697798928574, 27.55828708157608, 26.265697798928574, 208.48680317902938, 6.6673224520269505, 4.8311837816544685, 27.0, 0.0
38, 0 ,1.0,1.0,1.0,282.3424292409032,255.37912237964673,245.6057481183706,11.132677053309358,13.896623085088896,15.827711000144907,45.0,74.0,90.0,0.21070832756656707,0.33633693724205527,0.9178668015244552,16.253367505175454,-0.13673995566506147,-0.9195749209700281,0.36835329406384226,13.68839193843517,-0.9679381102213185,0.20312417229271396,0.1477713957827516,10.771491908176143,93.8486874131533,78.19227571929147,54.87829175764708,22.59455308927201,7.553491758276197,91543.0,402710.2097260705, 0.0, -2.8421709430404007E-14,0.0,70.34614307338884, 72.53652295557872,72.53652295557872,0.0, 123.93649837328071, 19.47038714882853, 25.058285327479027, 19.47038714882853, 193.11613316902563, 21.567535538532045, 25.058285327479027, 21.567535538532045, 250.5164355041081, 6.414681208522997, 4.921313098264722, 16.0, 0.0
39, 0 ,1.0,1.0,1.0,133.6936223993778,278.6072039665565,54.54991250243049,13.65150217842452,12.415473049652991,14.827879143529868,62.0,52.0,72.0,-0.07512704035611735,-0.04952088952941662,0.9959435773715029,14.84148431639785,0.9791663595066582,-0.19261565437283415,0.06428413568682922,13.68991841551113,0.18865091629199177,0.9800239237848942,0.06295983315933812,12.35677788632955,72.06665865128895,67.32011015765008,57.52033524419511,22.69179435180171,6.742102918590905,102860.0,279061.9426052278, 0.0, 0.0,0.0,NaN, 145.9703029606322,145.9703029606322,0.0, 186.3635117275294, -6.297604260139411, -2.870776369804358, -6.297604260139411, 154.14397104665974, -3.762987411669309, -2.870776369804358, -3.762987411669309, 219.86599989512806, 6.250097456433628, 4.652875618879437, 15.0, 0.0
40, 0 ,1.0,1.0,1.0,199.96187988089218,175.02864393130702,190.43392887240856,14.41401874210808,12.342608903803875,14.163423483418741,75.0,65.0,66.0,0.9011441252252851,0.29249290681790185,0.3199799447358681,14.664001566799508,0.32632897354703,0.028235359465663787,-0.9448344646019144,14.11541383555476,-0.2853921277745705,0.9558507540076838,-0.07000478174556592,12.100770468060695,75.0981845940625,68.25933699105666,62.286427576367515,22.764726546106807,6.517186578718481,106794.0,319289.7133330143, 0.0, 0.0,0.0,NaN, 193.98502328001902,193.98502328001902,0.0, 207.763936297843, 18.569251169956722, 3.49724258328725, 18.569251169956722, 152.33999455225867, 5.0117854147172185, 3.49724258328725, 5.0117854147172185, 200.6025647706575, 6.706012267094941, 4.827635007321912, 34.0, 0.0
41, 0 ,1.0,1.0,1.0,104.78559867356203,216.10131854249732,276.1065788954246,13.877594291628863,14.17800233132419,12.483101385697175,72.0,67.0,54.0,-0.608418696719744,0.7709904542649305,-0.18814996389636657,14.503222575822335,0.7334243470347998,0.6368114300415004,0.23782331623513306,13.687534261493724,-0.3031755541900196,-0.006702387698033427,0.9529111508114072,12.318243965447014,72.1087480033315,64.11004311563573,57.080681821004305,22.497624078583723,6.579369609191315,101324.0,263877.9953623152, -1.4210854715202004E-14, 0.0,0.0,52.5247479396776, 136.34480559143012,136.34480559143012,0.0, 192.58762332305, -10.858907622900713, 12.919864197270126, -10.858907622900713, 201.0157501070342, -3.108248183455246, 12.919864197270126, -3.108248183455246, 155.82782020559475, 5.507509642000517, 4.4073369442455395, 21.0, 0.0
42, 0 ,1.0,1.0,1.0,175.4367468355711,279.6342618356217,173.53364766828892,13.088937155001236,11.449770807807527,16.107753364801034,70.0,50.0,76.0,0.29117317720413677,-0.036049420971663935,0.9559909100637182,16.380560304237456,0.8937953838351876,-0.34604312472789633,-0.28527875431490346,12.947523729564045,-0.34109821563848425,-0.9375257836860601,0.06853767002226431,11.221235192783752,79.16167259917145,71.91223046249844,55.7400723874851,22.671113162612357,6.920828984171593,98833.0,317311.0888942289, 0.0, 0.0,0.0,NaN, 178.67430033995961,178.67430033995961,3.3036247397782844E-6, 171.32027584757188, -14.399137050728044, 29.001781777324467, -14.399137050728044, 131.09725155132142, -0.78897977127443, 29.001781777324467, -0.78897977127443, 259.45971846125906, 6.608716525336367, 4.950284707382621, 27.0, 0.0
43, 0 ,1.0,1.0,1.0,240.05856222172525,93.82655986337853,186.74893772744832,13.62519576125029,12.272451097207908,13.453861019012216,66.0,61.0,69.0,0.7793627049411165,-0.37380632188087715,0.5028544599272804,14.29631500356449,0.44588756888488196,-0.2329556581210575,-0.864242985081924,13.156902230221064,-0.440202283116292,-0.8977753032197285,0.014881359747301417,11.822719349113797,70.43781972755392,66.62143171485762,59.608953084230706,21.910962175268732,6.097140997105268,98374.0,279725.0503239382, 0.0, 0.0,0.0,NaN, 158.81499426875385,158.81499426875385,0.0, 185.64595953239285, -22.28405687857474, 12.477355497917847, -22.28405687857474, 150.6130559333596, -5.434552061462257, 12.477355497917847, -5.434552061462257, 181.0063763188964, 6.772054027928294, 4.747998498374857, 19.0, 0.0
44, 0 ,1.0,1.0,1.0,118.51091319852873,169.7298773315409,271.82445527362347,14.476297832153957,12.115132031301838,14.425169775072705,69.0,58.0,63.0,-0.8165972182195095,-0.006758007682740077,-0.5771683571786651,14.531442963981675,0.5734175393909986,0.10490734003136612,-0.812518784722123,14.393083440280616,0.06604020529140978,-0.9944590385429166,-0.08179188190379955,12.087243712544216,72.16736200004868,75.89218153216181,57.97077835518414,22.823178969290407,6.597548623278851,107118.0,317502.3900284618, 0.0, 0.0,0.0,NaN, 178.35078561036013,178.35078561036013,NaN, 209.56319892522538, 4.0321166694618915, 2.2160067568955113, 4.0321166694618915, 146.77642413587583, -4.950880213014698, 2.2160067568955113, -4.950880213014698, 208.08552303967113, 6.107208570536217, 4.55337308918028, 18.0, 0.0
45, 0 ,1.0,1.0,1.0,91.93038866474711,268.27140894252733,40.982382748571275,12.186490951017129,15.43705653584999,14.751539513482701,63.0,65.0,72.0,0.25740996329262733,0.729123811055786,-0.6341282038745588,16.361575523211236,0.32874944787596944,-0.68317529645204,-0.6520700229568237,14.324602984881995,0.9086605038841143,0.04061997623280267,0.41555517829996197,11.468469380517066,84.12508471277431,66.86535668481335,57.6409396590453,23.574378002371223,6.976381297585245,114263.0,324233.3864029817, 0.0, 0.0,0.0,NaN, 105.53414398332984,105.53414398332984,NaN, 148.51056169922236, 9.012443106945074, -38.020165124472186, 9.012443106945074, 238.30271449102892, -30.14407685601463, -38.020165124472186, -30.14407685601463, 217.60791801784146, 6.755928217460445, 4.622826643611111, 16.0, 0.0
46, 0 ,1.0,1.0,1.0,51.5558581541667,187.16133610047004,47.186092677204755,15.806536860674411,11.593634910002384,15.588379203432247,74.0,59.0,80.0,-0.9707802193442848,-0.20165309553460395,0.13008379911108772,15.996072959224069,-0.10812186096252749,-0.11638484704979851,-0.9873014891912171,15.612753495936463,0.21423218458453405,-0.9725176586769557,0.09118099938929894,11.297084681571084,74.60362302538044,80.67275398026145,58.72324578303096,24.027149894799813,7.067716185383195,121907.0,353424.6642113849, 0.0, 0.0,0.0,NaN, 132.72941619243792,132.72941619243792,0.0, 249.84660752785885, 26.567772005084475, -3.7986268063804967, 26.567772005084475, 134.41237042642598, 9.98036149872233, -3.7986268063804967, 9.98036149872233, 242.99756618999896, 6.558638116383175, 4.739636870090047, 27.0, 0.0
47, 0 ,1.0,1.0,1.0,279.3839850802532,234.78430847370197,49.54416403785489,11.923813891249734,13.610027021905559,15.210927909056512,50.0,60.0,76.0,0.2209093978719856,-0.09176250719613513,0.9709679089470035,15.381965395273793,-0.01356403073692623,0.9951786275446728,0.09713658604495386,13.596105000541083,-0.9752000076917579,-0.03462862329605754,0.2185996419178569,11.718514005518582,81.2351793171282,63.156000803655616,58.87401325725989,22.615664451395855,6.878533457545541,100806.0,302052.4803599185, 0.0, 0.0,0.0,NaN, 84.45549527789389,84.45549527789389,0.0, 142.1773377131601, -2.654147693590216, 21.232808547335644, -2.654147693590216, 185.23283553699952, -4.251118398953525, 21.232808547335644, -4.251118398953525, 231.37232785451428, 6.262309495713319, 4.583985471098726, 13.0, 0.0
48, 0 ,1.0,1.0,1.0,187.3850543572244,66.99112299835141,61.80849886443551,11.894265417191315,12.753519279230828,13.469987533274761,58.0,63.0,73.0,0.10232312154904878,0.370805662445954,0.9230564118700851,13.604844041265848,-0.21706234211656128,-0.8972431326126895,0.3844979851887937,12.666235906153695,-0.9707800566716085,0.23970382074006705,0.011320772556775716,11.833894310385714,69.30674984710575,63.55044576248714,57.34072797319274,21.183539895871327,6.068278623044675,86741.0,252555.79407420917, 0.0, 0.0,0.0,NaN, 144.8800437416433,144.8800437416433,0.0, 141.4735498145933, 5.680906282554556, 2.5530849071125337, 5.680906282554556, 162.65225400571242, 8.384553372979493, 2.5530849071125337, 8.384553372979493, 181.4405641465775, 6.015001278553102, 4.541108978852001, 30.0, 0.0
49, 0 ,1.0,1.0,1.0,230.5058305349832,242.55177331063987,286.2912507475045,18.231674905748022,15.249231989671499,7.917563807001168,105.0,77.0,32.0,-0.9600685582500343,-0.2797499040201762,0.0028904429423486505,18.484968868692906,-0.2777695907427132,0.954402321995163,0.10936298381475469,15.006954042876535,-0.033352929681309776,0.10419308504379197,-0.9939976776183788,7.792183202420419,112.55669458510096,79.62977432230485,35.84637166281439,23.680723590642287,8.17582980530229,86956.0,321286.1608562773, 0.0, 0.0,0.0,NaN, 91.20125078885913,91.20125078885913,0.0, 332.3939698688821, 31.85717202874405, -5.7765612968511375, 31.85717202874405, 232.5390762748206, 16.941715225340907, -5.7765612968511375, 16.941715225340907, 62.68781663793482, 6.8288318206817005, 5.1808851240126454, 18.0, 0.0
