// Sample: .//bubblelabels.tif, Map: .//bubblelabels.tif, Thickness:(8.191250068658265):/gpfs/home/mader/Foam/NewValid/InSilicoTest/LatticeData_Phi_6.65/out_Step_03000.vtk/distmap.tif, Neighbors:(1.0):
//LACUNA_NUMBER, TRIANGLES, SCALE_X, SCALE_Y, SCALE_Z, POS_X, POS_Y, POS_Z , STD_X, STD_Y, STD_Z,PROJ_X, PROJ_Y, PROJ_Z, PCA1_X, PCA1_Y, PCA1_Z, PCA1_S, PCA2_X, PCA2_Y, PCA2_Z, PCA2_S, PCA3_X, PCA3_Y, PCA3_Z, PCA3_S,PROJ_PCA1, PROJ_PCA2, PROJ_PCA3,OBJ_RADIUS, OBJ_RADIUS_STD, VOLUME, VOLUME_BOX, Mask_Grad_X,Mask_Grad_Y,Mask_Grad_Z,Mask_Angle, Mask_Distance_Mean,Mask_Distance_COV, Mask_Distance_STD, SHAPET_XX, SHAPET_XY, SHAPET_XZ, SHAPET_YX, SHAPET_YY, SHAPET_YZ, SHAPET_ZX, SHAPET_ZY, SHAPET_ZZ, Thickness, Thickness_STD, Neighbors, Neighbors_STD
1, 0 ,1.0,1.0,1.0,155.98620532506004,182.05417959369686,183.64289845927328,15.732207172817652,11.591175869097981,9.311605439923824,73.0,54.0,41.0,-0.9527984409926047,-0.30352202027417896,0.007036622111659732,16.129703315861367,-0.2728921454541045,0.8460290011094113,-0.4580008801642925,11.590882826157952,0.13306016605850635,-0.43830276349857933,-0.8889238885967632,8.605103292709561,78.62470045262666,66.89100571606407,45.73062302150163,20.38971153809601,7.267968066718808,57051.0,240510.39284064097, 0.0, 0.0,0.0,NaN, 50.26749807337445,50.26749807337445,0.0, 247.5023425284552, 39.90297522112216, 6.288846139198943, 39.90297522112216, 134.35535802835932, -23.762969959117726, 6.288846139198943, -23.762969959117726, 86.70599586881896, 9.736130834297052, 6.412634310282587, 12.0, 0.0
2, 0 ,1.0,1.0,1.0,185.13264422916876,35.765771164153264,16.197077133060354,8.800933999558442,16.467625654414444,10.236613309654,37.0,72.0,47.0,0.03195931173594019,0.9973772221987905,0.06494058078266855,16.493724754544317,-0.34187564765202005,0.07196325405781367,-0.9369857691597681,10.403410742949864,0.9392015991978918,-0.007743817174743303,-0.3432788798625501,8.552980453894723,73.39914251969141,56.112024081171334,41.18273420890728,20.12730013564486,6.951199555443319,60078.0,169614.15700111428, 0.0, 0.0,0.0,NaN, 41.983019927553485,41.983019927553485,0.0, 77.45643926458376, 5.476706441507079, 11.649247517005177, 5.476706441507079, 271.1826946939288, 10.51689918799593, 11.649247517005177, 10.51689918799593, 104.78825205138544, 8.481891725838985, 5.882036975555281, 12.0, 0.0
3, 0 ,1.0,1.0,1.0,170.8985665129997,186.96018386895352,78.92097886304154,16.25548657598483,7.598785616088852,15.637133189966312,64.0,32.0,64.0,-0.8652919490552222,-0.020158453313583805,0.5008627353479369,16.567514672978824,0.5000513866751627,0.03486658836866281,0.8652935523276342,15.316062963210104,0.034906354499720356,-0.9991886497431473,0.020089515673742304,7.578785782014332,73.72268474803457,77.9385755531693,32.99259494083768,22.65773242270331,7.28899736062501,75271.0,189570.20586936365, 0.0, 0.0,0.0,NaN, 85.12021581522482,85.12021581522482,9.5367431640625E-7, 264.24084382202295, 6.874413835866414, -17.41691124577446, 6.874413835866414, 57.74154283927884, 3.1529828705946934, -17.41691124577446, 3.1529828705946934, 244.519934400746, 8.39618027244484, 5.579005477179033, 13.0, 0.0
4, 0 ,1.0,1.0,1.0,55.79753885146402,80.45662976055493,28.967334756219568,13.123724837760331,14.035038711927307,15.752694550238221,66.0,68.0,66.0,0.05723001876757797,0.3929604974425867,0.9177727237184257,16.12596597859122,0.1498790372763641,-0.9122429472133049,0.3812467435201179,13.626753000478416,-0.9870466043389103,-0.11573613398268978,0.11110422203394409,13.100636426407743,76.42782407120612,78.08837317637479,66.45053507908293,23.850724706664796,6.9645374449976885,119944.0,396585.0629303885, 0.0, 0.0,0.0,NaN, 102.10651838735143,102.10651838735143,0.0, 172.23215361724743, 0.06588738999301763, 5.447690232275303, 0.06588738999301763, 196.98231164529813, 26.998049718217096, 5.447690232275303, 26.998049718217096, 248.14738559310496, 8.238036321073707, 5.237119901514904, 24.0, 0.0
5, 0 ,1.0,1.0,1.0,13.753397024174546,106.9567182003034,138.5551108672498,8.026071294005392,14.810787338608014,12.422147123326784,32.0,72.0,63.0,-0.048098768047021775,0.9982771609219437,-0.03360384641647737,14.825620194293544,0.01875967994254508,-0.03273399928380594,-0.9992880263964643,12.420236851230747,-0.998666402218885,-0.04869492039742132,-0.017152894994045074,8.001605062322804,71.89967851432127,62.77711958475436,33.177461645524566,19.947037360949274,6.340558467545811,61966.0,149751.60622783142, 0.0, 0.0,0.0,NaN, 112.34626214653645,112.34626214653645,0.0, 64.41782041645739, -7.535009346757378, -1.4398274995571627, -7.535009346757378, 219.35942158947145, -2.2738629676609636, -1.4398274995571627, -2.2738629676609636, 154.30973915357592, 9.243195608531906, 5.451916016980631, 18.0, 0.0
6, 0 ,1.0,1.0,1.0,51.718112139321605,186.03746254573144,121.13611005347063,14.60046594912528,8.203981714850501,12.041623382261925,65.0,33.0,54.0,-0.9633236314180996,0.021645347067554926,0.2674678674191923,14.796554188473932,0.26755504331928825,0.001183250454543561,0.963541851043729,11.802858176208828,-0.02053971630425638,-0.9997650118246223,0.006931174897068706,8.199642590336493,65.27911557313573,57.38591057411077,34.01923120542534,19.69750629171711,6.122733170500293,60407.0,127439.49266093045, 7.105427357601002E-15, 0.0,-1.4210854715202004E-14,55.23944006349067, 95.33744654077742,95.33744654077742,0.0, 213.17360593156675, -3.1404321977798664, -20.507198139445677, -3.1404321977798664, 67.30531597760137, 0.9604513210223238, -20.507198139445677, 0.9604513210223238, 145.00069368023713, 9.541856552831685, 5.4252042928765665, 11.0, 0.0
7, 0 ,1.0,1.0,1.0,56.367375461715085,148.9873072918895,11.53577489696088,13.249234417128944,17.893755698893678,8.348944440340377,62.0,91.0,34.0,0.28308382615917055,-0.9579889404276382,0.04605146453063388,18.278374198450763,0.9431283139892028,0.28677491878031,0.16813425977602037,12.844686106855043,-0.17427716637290183,-0.0041636494663254905,0.9846878354606363,8.145468335055337,99.44170103282067,59.719663373284064,35.78487139576651,22.105114124315882,8.76341876613352,70119.0,212512.92870592672, -7.105427357601002E-15, 0.0,0.0,73.55565635554275, 76.8937574595456,76.8937574595456,0.0, 175.54221264003417, -45.93352780044116, 19.13163962198956, -45.93352780044116, 320.18649301168995, -7.056320830897404, 19.13163962198956, -7.056320830897404, 69.70487326789049, 8.194298787656209, 5.265152376222089, 16.0, 0.0
8, 0 ,1.0,1.0,1.0,25.454309359071264,50.366697676221484,48.84787875264066,14.150452810199813,13.268925776980364,14.276800230914853,64.0,66.0,81.0,0.6481290661888588,0.21836308278751715,0.7295521075541418,16.470731045600473,-0.4880158920479894,0.8545383507496359,0.1777770969689232,13.639919731346806,-0.5846102998320879,-0.47125552641175916,0.6604157979308284,11.081260730984756,88.44370497234264,66.72344309811227,60.626326269990045,22.99346615344894,7.171279181032412,103194.0,357772.23046440387, 0.0, 0.0,0.0,NaN, 74.63806909605768,74.63806909605768,9.5367431640625E-7, 200.23531473369175, -5.36281683486074, 64.72518507198285, -5.36281683486074, 176.06439127501397, 33.26487412176413, 64.72518507198285, 33.26487412176413, 203.8270248334504, 8.037989571191515, 5.120064963402592, 20.0, 0.0
9, 0 ,1.0,1.0,1.0,88.66245652379502,178.3032038416678,81.30913026574338,12.921849062047798,12.227222743642386,15.363648734802576,65.0,57.0,74.0,0.4091295777935432,0.28509436394424,0.8667953577527431,15.963477204055426,-0.6500538325857783,-0.5755691073970859,0.49613528130003315,13.4124544679645,-0.6403460028102139,0.7664472625414949,0.05015566196981836,10.853309281125911,76.68130077809906,76.79650331540704,59.28593979265102,22.451411555506628,6.960961199189322,95167.0,349126.3485943295, 0.0, 0.0,0.0,NaN, 122.24138752869948,122.24138752869948,0.0, 166.97418318234554, 39.21884494631414, 28.5700735709494, 39.21884494631414, 149.50497602264565, 16.131516662099198, 28.5700735709494, 16.131516662099198, 236.0417024464008, 8.425540503397517, 5.016868289798575, 21.0, 0.0
10, 0 ,1.0,1.0,1.0,186.51775956284152,20.305297284071447,111.014170948536,8.297270714976674,11.022921917375466,13.3954940822527,33.0,44.0,66.0,0.022207871158754076,-0.3545374326602523,0.9347780588467367,13.753707992217588,0.07972047543624704,-0.9314033028314472,-0.35515142301684594,10.588495537325203,-0.9965698451462471,-0.08240810832284025,-0.007579408145502948,8.276958942914204,74.32261625664228,56.191597008382786,34.70929344362952,18.308539976342193,5.88099775178598,49044.0,144956.64786422614, 0.0, 0.0,0.0,NaN, 92.26350132623541,92.26350132623541,0.0, 68.84470131760953, -4.187982504168239, 1.2700872095225035, -4.187982504168239, 121.50480759655643, -25.562090808506895, 1.2700872095225035, -25.562090808506895, 179.43926170766713, 8.814353656487693, 5.379673335142345, 9.0, 0.0
11, 0 ,1.0,1.0,1.0,77.30464237894442,101.06058274545855,159.7525729930654,11.78235027847133,14.987215081786818,13.820638345966017,59.0,80.0,76.0,0.17899002772727626,0.914178314657411,0.363648977702846,15.298922319062612,0.0034352109066600883,-0.3701964304665124,0.9289471471487918,13.591256190946053,-0.9838448908746823,0.16502306469093578,0.06940186467088301,11.647796757742501,76.58165318109347,74.48342275161724,62.05829169610634,22.55587787810037,6.758906082388896,100078.0,353984.4457769105, 0.0, 0.0,0.0,NaN, 131.8517023048367,131.8517023048367,0.0, 138.82377808459344, 16.036381155263495, 6.560418419506992, 16.036381155263495, 224.61661590773824, 15.83907701935511, 6.560418419506992, 15.83907701935511, 191.01004428998627, 7.46975539902798, 4.82520533508011, 31.0, 0.0
12, 0 ,1.0,1.0,1.0,20.329353735120442,177.04549395444747,48.36013215859031,12.62326538037717,12.41444257385373,14.006322910418753,53.0,51.0,81.0,0.2785635519639967,-0.486783155593175,0.827915760780016,14.84716107757252,0.9213255902645547,-0.10799774875341357,-0.37349115516684533,12.491208183862952,-0.2712222414199686,-0.8668209998003888,-0.4184015416608582,11.540096221343775,92.2416495414826,62.29520925322143,58.871138926501175,21.54861818240794,6.730479119848259,85352.0,338286.09558519087, 0.0, 0.0,0.0,NaN, 57.261630726685425,57.261630726685425,6.743495761743046E-7, 159.34682886342875, -14.10729544185816, 12.260466361536539, -14.10729544185816, 154.118384419512, -34.246946681645355, 12.260466361536539, -34.246946681645355, 196.17708147092125, 7.732036901715253, 4.849779027488551, 11.0, 0.0
13, 0 ,1.0,1.0,1.0,167.50149371069182,187.2602358490566,25.24309748427673,15.394448816784346,7.356764136542442,14.371986678863367,74.0,31.0,51.0,0.7825824100441737,0.031860142478910725,0.6217312142804763,17.008846876800305,-0.6220641094560768,6.912903880542075E-4,0.7829660055482723,12.429046496391317,-0.024515611680526215,0.9994920977370573,-0.020360042856211163,7.34050169558179,88.20023862343648,60.91777894682409,32.31515579444974,21.048986265965823,7.389533896392072,63600.0,173628.12477383506, 0.0, 0.0,0.0,NaN, 43.07747058798328,43.07747058798328,0.0, 236.98905437259293, 5.82645876720658, 65.54709757451208, 5.82645876720658, 54.12197856071707, 4.717712162543105, 65.54709757451208, 4.717712162543105, 206.5540010974261, 8.543621506483394, 5.033184278934994, 12.0, 0.0
14, 0 ,1.0,1.0,1.0,176.23054994298516,61.29219597095245,108.3015784103867,13.386774967746465,13.158054516402569,14.022501847187518,54.0,67.0,66.0,-0.6232828573841974,-0.3539857182646322,0.6972894599487809,15.503453811851863,-0.10488208944518479,-0.8457811807805269,-0.5231194333525663,12.991392108124053,-0.7749311111347915,0.3991845506807224,-0.49003414931331823,11.825284425536276,77.0708630768144,65.99531864262502,67.53332689882365,22.46653258269367,6.650234165713852,99974.0,343495.85240438965, 0.0, 0.0,1.4210854715202004E-14,45.79006049336742, 112.82872225183188,112.82872225183188,0.0, 179.20574403708335, 24.7450854728782, -42.098976541710904, 24.7450854728782, 173.13439865662204, -12.007469027189005, -42.098976541710904, -12.007469027189005, 196.6305580543774, 6.986044605441457, 4.505944712277202, 18.0, 0.0
15, 0 ,1.0,1.0,1.0,189.71313276026743,24.431518624641832,175.88779847182425,6.301334694699647,13.13196337809757,12.819312009124145,27.0,55.0,54.0,-0.022936033893704848,0.7997040690967038,0.5999561152446082,13.530089340247436,0.01038023362861423,-0.5998911408127693,0.8000142935749146,12.401921998594458,-0.9996830443190693,-0.02457683959603743,-0.005458008467237706,6.294366899958838,74.71910188115596,61.878525817375476,27.7095337444064,18.382361309528942,6.211186212916368,41880.0,128115.2474744162, 0.0, 0.0,0.0,NaN, 35.83457830712488,35.83457830712488,0.0, 39.70681893462549, -3.3421140220523626, -1.0256205625476962, -3.3421140220523626, 172.44846216369572, 14.021172541002718, -1.0256205625476962, 14.021172541002718, 164.33476038727454, 7.910376146111954, 4.933046821670577, 10.0, 0.0
17, 0 ,1.0,1.0,1.0,19.174400535513637,11.556216978651175,19.248703052905878,12.564764682735559,7.673198858734241,11.95938697698734,57.0,33.0,47.0,-0.846415609277783,0.16050303646559422,0.5077591866783339,13.241535235477057,-0.4638959209139076,0.2459853694958891,-0.8510533312039901,11.567513500151207,0.2614979750024014,0.9558922393655548,0.1337491524845982,7.115659151123855,72.5918806121121,57.46821583168288,33.351588211919896,17.929961942712954,6.188270667675264,41829.0,139133.6831039395, 0.0, 0.0,0.0,NaN, 29.524843030453514,29.524843030453514,0.0, 157.8733115325188, -26.43275246501863, -20.7579977711863, -26.43275246501863, 58.87798072568046, -7.24923677900281, -20.7579977711863, -7.24923677900281, 143.02693686533436, 8.015292238018116, 4.594304651587356, 3.0, 0.0
18, 0 ,1.0,1.0,1.0,27.862336094436433,41.168326682093074,141.087606336005,13.606341919388099,13.010489136844859,12.939265815877798,59.0,67.0,69.0,-0.7681376044936528,-0.46119245165418493,0.44414653336478416,15.258964905445184,-0.01607557373986024,0.7073428642952818,0.7066878011254195,13.135953923288788,-0.6400829606322038,0.5356935643329578,-0.5507505866002903,10.790767924518898,69.78358203429691,59.523487100610396,55.29040799846316,21.908372705659033,6.469402851209605,89457.0,229663.20372854412, 0.0, -7.105427357601002E-15,0.0,62.53591896900716, 77.08314356371561,77.08314356371561,0.0, 185.1325404272978, 40.596073455290984, -40.34755388591298, 40.596073455290984, 169.2728275799581, 4.206968977189373, -40.34755388591298, 4.206968977189373, 167.42459985394373, 8.184495444069958, 4.762347774863359, 20.0, 0.0
19, 0 ,1.0,1.0,1.0,121.85662499796804,78.94962368125884,179.5954776728384,11.468735437063463,11.186420027834247,11.60172839671725,55.0,55.0,47.0,-0.34503220652857497,0.6626483333519805,-0.6647179573051012,12.523957443744655,-0.8468658550693084,0.085565381805276,0.5248778800390117,11.600116153101913,-0.4046862982308057,-0.7440267144010089,-0.5316514349476423,9.992786525163975,60.34446721128958,60.729820933979596,49.936300937540466,19.00672515954052,5.478356146268886,61517.0,183001.99589728183, 0.0, 0.0,0.0,NaN, 112.94146566925815,112.94146566925815,0.0, 131.53189252535526, -15.545708001548924, -2.3558022485746384, -15.545708001548924, 125.13599303913114, -23.54553399372351, -2.3558022485746384, -23.54553399372351, 134.6001017911954, 7.75932174695618, 4.817314821988545, 16.0, 0.0
20, 0 ,1.0,1.0,1.0,15.865494520859185,101.80338011430169,22.670744708740408,9.750521422742295,11.593489758321555,12.511416503564519,41.0,52.0,54.0,-0.08475090240718504,-0.5048534914897075,0.8590344793265402,12.923648512208135,-0.3156341312774661,-0.8041345548155587,-0.5037288089084276,11.322414280081729,-0.9450885565458338,0.3138320727431087,0.09119786403133082,9.528875050100703,58.541472689675565,59.579831939025,46.42540294191061,18.819186864838485,5.644060724638826,57217.0,161926.749935278, 0.0, 0.0,0.0,NaN, 102.02084462999028,102.02084462999028,0.0, 95.07266801535644, 12.753234412144426, 0.396788564211092, 12.753234412144426, 134.40900477630677, -17.90763447972836, 0.396788564211092, -17.90763447972836, 156.53554292566662, 7.878989519365415, 4.877041143861338, 9.0, 0.0
21, 0 ,1.0,1.0,1.0,80.66644763119581,23.199541313955137,41.70212464406736,11.95346296698323,11.630562184454504,13.493819384424791,63.0,49.0,67.0,-0.44320217555442254,-0.025816821650063826,0.896049844207182,13.981876991892898,-0.5957834143780627,0.7553513712060129,-0.27292202030839047,12.349530013949316,-0.6697864993681524,-0.6548112687920731,-0.35015460517758584,10.594085115153733,62.95449042189375,61.756410627190995,61.87598643004256,20.602371295111816,5.981698105643596,77613.0,240564.1430671694, 0.0, 0.0,0.0,NaN, 93.72492566251358,93.72492566251358,0.0, 142.8852769030395, -17.172706562874037, -26.515434234140447, -17.172706562874037, 135.26997672646314, -10.229057044086492, -26.515434234140447, -10.229057044086492, 182.08316157947823, 6.83752599511654, 4.525183040384181, 19.0, 0.0
22, 0 ,1.0,1.0,1.0,172.10095401295084,92.68418711176287,11.41240052067028,13.575387819524424,15.211570176520022,7.793292902776386,58.0,68.0,32.0,0.4388746937430267,0.895524820274432,0.07364984361429948,15.714779588035084,0.896429842420129,-0.44199178569387026,0.032508445022274894,13.033092385219494,-0.06166474528113251,-0.051754783852220744,0.9967541831052543,7.720274692778732,76.98325113650003,70.88167030973278,34.81310675584093,20.68818457385652,6.958265228657634,60691.0,189964.72929301375, 0.0, 0.0,0.0,NaN, 97.46259894544137,97.46259894544137,0.0, 184.2911544504921, 29.947372519257097, 9.268890313388265, 29.947372519257097, 231.3918672351934, 10.77257716596659, 9.268890313388265, 10.77257716596659, 60.735414268464794, 7.172083774842821, 4.780002212025937, 12.0, 0.0
23, 0 ,1.0,1.0,1.0,159.61036815720297,81.13004007641811,69.79753508482123,15.153892726799246,9.986876594427347,11.086454790672612,69.0,51.0,58.0,-0.9892277917157807,0.14481585218582085,-0.021371594531409865,15.247066894655703,0.06599874998385183,0.310908029102532,-0.9481457495765873,11.230410666470135,0.13066193438675822,0.939342624602586,0.31711652827791376,9.679487387543592,72.02671509475424,59.14575616248775,51.95203395716351,20.28259067851401,6.395636331213884,69617.0,221319.5365480188, 0.0, 0.0,0.0,NaN, 114.39012923812415,114.39012923812415,0.0, 229.64046477533907, -19.21568960063148, 0.9046804541388026, -19.21568960063148, 99.73770411232076, -9.98932854220799, 0.9046804541388026, -9.98932854220799, 122.9094798256277, 6.764838698815993, 4.3327991051063695, 16.0, 0.0
24, 0 ,1.0,1.0,1.0,136.1701045856798,117.17937248592116,122.41160096540628,10.12641548110213,12.017486826719328,12.421212901279384,51.0,60.0,62.0,0.2922767431414166,0.70030567816846,0.6512651246179701,12.61998517401767,-0.30557745736856484,-0.5769124563239395,0.7574922014690594,12.281440002473161,-0.9061990526185786,0.42040929445397945,-0.04537953470341064,9.547408849442514,58.53136598169823,62.847661031672004,46.75169679695745,19.252108639993807,5.532370466541297,62150.0,171978.896006356, 2.8421709430404007E-14, 0.0,0.0,73.00568941565159, 130.2054974076755,130.2054974076755,0.0, 102.54429049590489, 24.46237609137318, -0.8495485986528015, 24.46237609137318, 144.41998963037256, 4.983499154266247, -0.8495485986528015, 4.983499154266247, 154.2865299389094, 7.375908167860437, 4.610209840692929, 23.0, 0.0
25, 0 ,1.0,1.0,1.0,116.15536659042098,58.41329817883396,15.537235249951983,13.101888059676762,11.099444166601858,9.347650752915078,67.0,56.0,40.0,0.9955681963168251,-0.08709889934820877,-0.03546474608387842,13.120465655360938,-0.08606535915448392,-0.9958467738381561,0.02969776068571105,11.083713647019966,0.03790409524145165,0.026513859931490497,0.9989295744923462,9.340255826884173,66.7453255113227,56.328648865062604,41.275979399771,18.731775042845364,5.599670515172221,57271.0,155184.22674356503, 0.0, 7.105427357601002E-15,0.0,85.00326931950174, 103.36073546046589,103.36073546046589,0.0, 171.6594707283005, -4.310550316831637, -3.0888463490084996, -4.310550316831637, 123.19766080751202, -0.7908253455739142, -3.0888463490084996, -0.7908253455739142, 87.3785745984738, 7.293392103459074, 4.795533000408384, 16.0, 0.0
26, 0 ,1.0,1.0,1.0,151.049125,151.59190625,54.486671875,10.182358787843514,14.346658696058782,10.70641355034789,47.0,63.0,50.0,-0.03525878158791506,0.9907223106234865,-0.13124832019418856,14.412197693286592,-0.577831840222152,0.08694253638907225,0.8115117742779316,11.057801782409223,0.8153938819652855,0.10445237478916118,0.5694054079954695,9.702984835977961,64.81712255740491,57.17700123616738,51.972489133247876,19.71015196439206,5.9702803013965315,64000.0,192612.57561078802, 0.0, 0.0,-7.105427357601002E-15,82.45826608783513, 87.7970905884035,87.7970905884035,0.0, 103.68043048437403, -5.380014894531408, -12.663735880859464, -5.380014894531408, 205.82661574119905, -12.782235999511267, -12.663735880859464, -12.782235999511267, 114.62729111107289, 6.681882287957706, 4.548638098175011, 19.0, 0.0
27, 0 ,1.0,1.0,1.0,11.590413158153403,84.62078568854231,104.6866419842076,7.422367243443763,10.64201181651014,10.041699114591713,29.0,50.0,44.0,0.1561184163762171,-0.7680577198183043,0.6210590785872867,11.770175706419618,-0.013970302955794614,-0.6304229289939786,-0.7761261245660892,8.811393281043332,-0.9876395449269462,-0.11249119799415727,0.1091506283551948,7.280246176749411,58.95138761946438,44.16329114640109,31.737305161950943,15.638884642788616,4.960338621185873,30521.0,82627.67076422549, 0.0, 0.0,0.0,NaN, 127.98301162251778,127.98301162251778,0.0, 55.091535496546975, -10.03933547745924, 8.56052263833351, -10.03933547745924, 113.25241550274146, -28.745611404435582, 8.56052263833351, -28.745611404435582, 100.83572110799201, 8.640866228157623, 4.725472949916959, 10.0, 0.0
28, 0 ,1.0,1.0,1.0,52.33730388136755,67.85105067154247,97.00276952447534,12.455937522790794,10.542311355590831,13.54613874332899,60.0,52.0,63.0,-0.5428295758906698,-0.004750610894388553,0.8398294369897292,14.279535521616378,-0.8167282751251188,0.2359792232873663,-0.5265631308664125,11.671529090669468,0.19568080168862492,0.9717464884797992,0.13197645993765542,10.471812503858065,65.86647196688716,56.597101010717964,53.00600741533449,20.360580623273385,5.935936305804881,74381.0,197598.517209333, 0.0, 0.0,0.0,NaN, 129.43143262060153,129.43143262060153,0.0, 155.15037957166768, -4.876998296585485, -31.54056122665171, -4.876998296585485, 111.14032871821938, -3.6770185455739877, -31.54056122665171, -3.6770185455739877, 183.4978748535187, 7.519458777259654, 4.548873552918007, 17.0, 0.0
29, 0 ,1.0,1.0,1.0,97.24373813183833,187.10068722307622,138.93952889049643,10.990001554922875,7.715935580613413,12.578477082583978,54.0,32.0,59.0,0.07193012073491414,-0.10521349126932905,0.9918448361442326,12.628620813844641,0.9954520315293064,-0.054700514640216344,-0.07799427300944832,10.992012146765726,0.06246047274266793,0.9929440945758296,0.10080036900601197,7.630693748536775,58.76255568558278,53.6065341544654,34.73144356077552,17.57680446182226,5.4396531773035575,44236.0,109406.02511529371, 0.0, 0.0,0.0,NaN, 115.54703807577663,115.54703807577663,1.3486991523486091E-6, 120.7801341772072, -4.174803545510626, 2.3638665228019446, -4.174803545510626, 59.53566188417605, -10.299409116517513, 2.3638665228019446, -10.299409116517513, 158.21808571709033, 7.279695196693505, 4.743408354953515, 11.0, 0.0
30, 0 ,1.0,1.0,1.0,49.6132000212732,122.322980375472,143.15357921608253,13.089485994784077,10.551573022540515,13.527190499788166,59.0,55.0,62.0,-0.6535698993188511,-0.0669290067570218,0.7539011173614646,14.2040423563726,0.6331261582498184,0.4974591791482809,0.5930308869029876,13.181628360039088,0.4147259992382588,-0.8649016551814647,0.28274984070763093,9.494475982980784,72.34973153185203,66.4121443390442,51.63274294913835,20.667885425683895,6.204331688911212,75212.0,248090.2085935853, 0.0, 0.0,0.0,NaN, 108.28990973328206,108.28990973328206,0.0, 171.3346436076485, 31.215539343232965, -23.60055673889436, 31.215539343232965, 111.33569325000478, 19.034160156396695, -23.60055673889436, 19.034160156396695, 182.9848828175592, 6.972819937363648, 4.328355175154487, 19.0, 0.0
31, 0 ,1.0,1.0,1.0,17.497359266002128,140.04396416532978,23.14040052634425,10.148157886029033,10.325212561765985,12.566264987720764,39.0,46.0,52.0,0.16379970961846244,-0.264771521178355,0.9502976884649396,12.781405200606274,0.6472514767626554,-0.6981279055316425,-0.306076711539057,10.366711106475957,-0.7444697313910545,-0.6652168586941414,-0.05702060988475658,9.832249010263265,59.49924571618069,56.54700471350769,50.235602523988305,18.405700901278184,5.360626176088693,55477.0,169017.89206266825, 0.0, 0.0,0.0,NaN, 66.60602037962818,66.60602037962818,0.0, 102.98510847977326, -7.7705005542797405, 8.242353924637387, -7.7705005542797405, 106.61001444565011, -14.47348336939171, 8.242353924637387, -14.47348336939171, 157.91101574161672, 7.497066958095163, 4.623562534964984, 7.0, 0.0
32, 0 ,1.0,1.0,1.0,113.22284889647959,70.95784512319445,68.57037507778263,9.523003652584565,11.619642127995013,15.612721168415197,47.0,58.0,74.0,-0.0023027319018578745,-0.1980617194122603,0.9801868458254513,15.760218848672773,-0.06031876737116351,-0.9783771617835998,-0.1978377507026711,11.425191275184137,-0.9981765093051489,0.0595792296335548,0.009693898475872533,9.51531661059637,74.08377936785362,60.005361059241054,47.58480774392791,20.702871681589798,6.391545053283604,75531.0,211534.64303033007, 1.4210854715202004E-14, 0.0,0.0,89.86806306407235, 131.40466535278821,131.40466535278821,0.0, 90.68759856713896, 2.4322006975465844, 0.12098935126987068, 2.4322006975465844, 135.01608318267648, -22.90210543687175, 0.12098935126987068, -22.90210543687175, 243.75706228268, 7.436854308177498, 4.443188454466702, 23.0, 0.0
33, 0 ,1.0,1.0,1.0,178.78613123647975,155.1515983930227,88.41635477114308,12.551534968239146,8.783372876393889,12.91123394155008,50.0,40.0,56.0,0.4400495311751896,0.07345406030913088,-0.8949641954495156,13.047035633479913,-0.8977434443917732,0.013427957222317212,-0.4403139766308027,12.431206719154968,0.020325308462390102,-0.9972081984164287,-0.07185186738680131,8.753775855165502,62.70529551064826,59.62869323005438,41.048833756845596,19.189072142711993,5.759178877230155,58246.0,153483.01914379917, 0.0, 0.0,0.0,NaN, 101.38470863810389,101.38470863810389,0.0, 157.54103005893006, 2.0862112622649454, -6.0654889368519385, 2.0862112622649454, 77.14763908577186, -6.613542777687551, -6.0654889368519385, -6.613542777687551, 166.6999618934348, 7.7592819236842905, 4.620912359768463, 13.0, 0.0
34, 0 ,1.0,1.0,1.0,121.97621015890512,151.8565414408622,163.41166835063225,11.679473760556242,11.415185546778025,11.432939944338463,63.0,53.0,60.0,0.05716734303087728,0.7117928664469129,-0.7000591476197414,12.118714302520571,-0.9473687538506627,-0.18256486552346513,-0.26298766910986987,11.795487165156684,0.314998950979576,-0.6782484685951659,-0.6638935725928363,10.556132357651114,58.27437025912181,67.49989299211765,49.705060747654045,19.18523253723115,5.418074995244577,65322.0,195515.54022720238, 0.0, 0.0,0.0,NaN, 98.71276713823235,98.71276713823235,0.0, 136.41010732352177, 6.232908750483857, 5.483768601954615, 6.232908750483857, 130.3064610673699, -16.325300142160707, 5.483768601954615, -16.325300142160707, 130.71211577084998, 7.3714347152520565, 4.4341172286245305, 18.0, 0.0
35, 0 ,1.0,1.0,1.0,145.2053829506006,42.89783142330094,83.05990093976499,12.609237351046055,10.211032623815267,12.78473542708443,64.0,48.0,57.0,0.6779481986940049,-0.1155066945191136,-0.725978266485177,13.0067376382598,0.6836491928707658,-0.26393546173827737,0.6804130018776485,12.582438031796915,0.2702036657314342,0.9575992249152417,0.09996851237777352,9.960649725075609,64.53971500805574,63.284410729154274,46.63636164046261,19.832454884661882,5.777650647784691,68847.0,190479.58896475704, 0.0, 0.0,0.0,NaN, 108.35876126338769,108.35876126338769,0.0, 158.99286657501492, -16.142988602633086, -6.940273349430908, -16.142988602633086, 104.2651872446197, -4.747478565365156, -6.940273349430908, -4.747478565365156, 163.44945994054768, 7.384391770389935, 4.512600539662046, 16.0, 0.0
36, 0 ,1.0,1.0,1.0,85.11749293359163,35.40359513449995,108.623749483914,12.191337033560613,11.628300096527948,10.786534965220996,62.0,63.0,56.0,0.796462064802772,0.33001423463741064,-0.5066939749659448,12.864183008518932,0.4499700016048938,-0.8832276929284708,0.1320448412469918,11.671210698806174,0.4039494733079832,0.3331657956347496,0.8519538576902317,9.924264945280255,65.44833939332543,58.55110948153877,53.67712185986808,19.177112133478474,5.695065282921615,62974.0,205694.64323496472, 0.0, -7.105427357601002E-15,0.0,70.73036052200062, 129.79992800508833,129.79992800508833,0.0, 148.62869866586647, 2.616187626636853, -24.795600127536343, 2.616187626636853, 135.2173631349119, -15.602680739402725, -24.795600127536343, -15.602680739402725, 116.34933655593512, 6.476939207644921, 4.1981157691173525, 15.0, 0.0
37, 0 ,1.0,1.0,1.0,16.130619684082625,72.37959447144593,170.8817967800729,10.212915362384308,11.352127228229065,11.136628415194046,40.0,61.0,56.0,-0.08596263285256713,-0.7552099987763645,0.6498217320937012,11.818097945381295,0.4263870564907133,-0.6173730256254958,-0.6610935072190663,10.780666045044432,-0.9004468356378627,-0.2202462371488413,-0.37508277914553234,10.06522358628128,54.87490160415196,55.88901426923951,52.20520086399952,18.13849681865998,5.309788924493847,52672.0,160108.34763961815, 0.0, 0.0,0.0,NaN, 79.66726018886587,79.66726018886587,0.0, 104.30364019922541, -1.4357269510090085, -6.346726189377594, -1.4357269510090085, 128.8707926058997, -12.737576792617997, -6.346726189377594, -12.737576792617997, 124.02449245810746, 7.480617832063719, 4.532818219383121, 12.0, 0.0
38, 0 ,1.0,1.0,1.0,185.286872167975,111.41121003254834,58.30538004977982,8.833186158701125,12.87585043685989,13.950273770226628,37.0,66.0,67.0,0.14308105258338508,-0.3661875770291574,0.9194751061454276,14.164963604735114,0.15848497776207435,-0.9085679648746308,-0.38650584087090745,12.832059060957732,-0.9769392633195707,-0.20102465429167474,0.07196363075559228,8.550725512115879,69.74511785839925,64.54916780487864,41.291299003916805,19.93545815705302,6.403151452156164,62676.0,185892.9869681838, 2.8421709430404007E-14, -1.4210854715202004E-14,0.0,78.4286455499062, 107.0699172561931,107.0699172561931,NaN, 78.02517771426913, -19.86416740674619, 11.170212947618879, -19.86416740674619, 165.78752447238503, -10.791619759125977, 11.170212947618879, -10.791619759125977, 194.61013826427305, 7.570495612693945, 4.481235180435965, 12.0, 0.0
39, 0 ,1.0,1.0,1.0,48.03437141216992,152.6699770378875,187.9133610792193,17.496485902901444,15.158950586788373,6.769007300062237,88.0,78.0,29.0,-0.9173938234283404,0.38176112729543527,0.11245894549411962,18.01055167230914,0.3902221308540492,0.9183741306965493,0.06569356634467585,14.692553385441181,0.07820013636341182,-0.1041508413479003,0.9914823956678547,6.441208360739451,81.87320843624961,72.15612725600317,31.48860216144743,22.74982558347902,8.011597692890607,69680.0,186023.7553911834, 0.0, 0.0,0.0,NaN, 68.50926032995623,68.50926032995623,0.0, 306.127018950429, -36.58227030720063, -24.715305680032838, -36.58227030720063, 229.79378289269158, 22.66588190840602, -24.715305680032838, 22.66588190840602, 45.819459828295855, 8.456224481971885, 5.237605897132959, 12.0, 0.0
40, 0 ,1.0,1.0,1.0,80.78244608656311,106.89235409440506,74.50897300557985,12.712496370734822,11.485005353261773,10.71604837016477,63.0,61.0,52.0,0.8925560992140111,-0.3798105798616344,0.24307927345012015,13.089120612188319,0.4132511369811245,0.9046757053250735,-0.10385261661792207,11.220735241014602,-0.18046359062059292,0.19314707251146856,0.9644309725639117,10.541187165720405,63.493016556146536,56.70425969019534,51.36292178010406,19.42900628464824,5.555206513106309,66310.0,184923.18564123704, 0.0, 0.0,0.0,NaN, 144.0361912165007,144.0361912165007,0.0, 161.60756397594602, -14.882082639633845, 12.428267901952808, -14.882082639633845, 131.90534796445158, -6.948091550085493, 12.428267901952808, -6.948091550085493, 114.83369267171105, 6.207564761242775, 3.9719967746960445, 21.0, 0.0
41, 0 ,1.0,1.0,1.0,48.54370064760488,184.25998884022928,166.32131685294465,11.613090582381203,9.886271342747623,13.323242261556238,54.0,42.0,59.0,-0.3820028994854911,0.2652575904233634,0.8852752089082068,13.97230959246438,0.9228234474860051,0.05796407104922453,0.38083730284393774,11.164681363434415,-0.0497058301884437,-0.9624336741771826,0.2669283672731057,9.499235390411702,72.67831541224416,56.87532429632927,47.17643594131529,19.320379475323893,6.069098386634056,59141.0,195008.6457376664, 0.0, 0.0,0.0,NaN, 61.14321321613488,61.14321321613488,0.0, 134.86387287459098, -8.797685888936128, -23.41039115683596, -8.797685888936128, 97.7383610624329, 25.41406861685048, -23.41039115683596, 25.41406861685048, 177.50878436011817, 7.256453401880711, 4.510467149306097, 9.0, 0.0
42, 0 ,1.0,1.0,1.0,172.5559918893252,103.8215651548985,123.91354174687508,11.970004244322874,11.972814402616288,13.890263055489251,52.0,60.0,66.0,-0.3527739629705517,-0.03174697603968468,0.935169856530025,14.173956770596266,-0.5393225334480606,-0.8098135250426184,-0.23093994798045206,12.327908961633714,0.7646448430253209,-0.5858277768853093,0.2685592669493992,11.255678752444586,69.963338230529,67.02837924374299,60.94441068339104,20.978070299503177,6.284048105196995,77922.0,285800.5915308528, 0.0, 0.0,0.0,NaN, 125.668667693808,125.668667693808,NaN, 143.28100160910762, 11.875253602694809, -21.332862126762823, 11.875253602694809, 143.34828471949604, 2.525909042998839, -21.332862126762823, 2.525909042998839, 192.93940775068958, 7.541323007895228, 4.6684763617555305, 17.0, 0.0
43, 0 ,1.0,1.0,1.0,114.91993448309086,152.73109162732442,63.0315251951055,9.699471338610396,12.195504427171342,10.646266444386098,45.0,54.0,49.0,0.03736061006377619,-0.882959290829925,0.46796054914146257,12.734682392303629,-0.5790429894156693,-0.400786879998302,-0.7099852767697312,10.302492779088798,-0.8144405449289883,0.244443792227055,0.5262450296367931,9.372276595924648,60.884588664696,51.59816952201703,47.632757597065755,18.08978815300314,5.377046239888458,51895.0,149639.89545758584, 0.0, 0.0,0.0,NaN, 115.95663161513087,115.95663161513087,1.3486991523486091E-6, 94.07974424852453, 1.7952728723679015, 8.823662919080105, 1.7952728723679015, 148.7303282331558, -25.505656920748635, 8.823662919080105, -25.505656920748635, 113.34298920486141, 6.332755782896756, 3.9644808512526373, 16.0, 0.0
44, 0 ,1.0,1.0,1.0,98.70398442243672,159.08823098343836,16.182722304809364,11.751804832026767,10.779655050909893,10.64084679406024,51.0,55.0,45.0,-0.7850356957526472,0.017016234161030666,0.619216766705436,13.355556985688933,-0.14724971414000357,-0.9760957502292231,-0.15985808728412101,10.88219382005652,0.6016946718060954,-0.2166737966608501,0.7687756420183511,8.410734544976211,63.10363329937199,54.26616359198849,49.79270646867892,18.22200878605448,5.957507542778659,47761.0,170509.75006510556, 0.0, 0.0,0.0,NaN, 108.06539634001116,108.06539634001116,1.3486991523486091E-6, 138.10491681004768, 5.415514952447633, -51.197560186231826, 5.415514952447633, 116.20096301660718, 8.574171566917244, -51.197560186231826, 8.574171566917244, 113.22762049466208, 7.265700446393995, 4.339288771779619, 13.0, 0.0
45, 0 ,1.0,1.0,1.0,117.66864307564485,112.76879791532913,54.61561992522376,10.22944168484498,10.862826696858157,11.058572892885158,50.0,48.0,53.0,0.09953343049399216,0.675205900367173,0.730883087999341,11.885027103774448,-0.8417281148611583,-0.334587272512857,0.4237276692932479,10.36759512980164,0.5306476013951051,-0.6573799123655681,0.5350371706263589,9.807834492074841,59.16417809352774,50.66945891551748,49.03431295540419,17.881468826103717,5.018723749913419,52958.0,146995.8916251348, 0.0, 0.0,7.105427357601002E-15,43.039522392855, 131.7975754327778,131.7975754327778,0.0, 104.6414771836441, 6.208879976928806, -0.7499358274892137, 6.208879976928806, 118.0010038459743, 20.635969076710573, -0.7499358274892137, 20.635969076710573, 122.29203442725442, 6.558974230909389, 4.01486216896549, 12.0, 0.0
46, 0 ,1.0,1.0,1.0,108.87563636363636,52.986277511961724,129.43288038277512,10.712048294422209,11.047976420375191,11.049595988633241,51.0,52.0,49.0,-0.40258156973015014,-0.5758720223203577,0.7115472532602943,12.39191630692542,0.749241129454072,-0.6538747118126027,-0.10528813411953107,10.775860535882238,0.5258952458883754,0.490733405384886,0.6947049123126725,9.445664249410488,57.99936526239922,51.74125779732188,47.6392739397439,18.180800943147545,5.325205181480636,52250.0,142963.5607683857, 0.0, 0.0,0.0,NaN, 126.84996501291822,126.84996501291822,NaN, 114.74797866203374, 1.7381785889517234, -20.552213268377656, 1.7381785889517234, 122.0577829851662, -24.51172487589578, -20.552213268377656, -24.51172487589578, 122.09357151201982, 7.1272084141176855, 4.150538372901218, 16.0, 0.0
47, 0 ,1.0,1.0,1.0,17.489209546377793,49.73779197698037,93.96506855111713,9.495244436596774,10.64825599749285,10.934821176135515,38.0,56.0,47.0,-0.3858200208800926,0.4517831047971228,-0.8043848194166503,11.525211436831821,0.16423496246655028,0.8915992524787381,0.4219924763345504,10.412977182956753,-0.9078379748565798,-0.03070503540508157,0.4181954234673984,9.047361183044982,57.20525221401307,58.05778760078964,45.99401766889375,17.28368464474024,4.938580965632629,47264.0,152755.80902359274, 0.0, 0.0,0.0,NaN, 107.74578650285414,107.74578650285414,0.0, 90.159666910722, -4.9939536664637245, 17.66204055858732, -4.9939536664637245, 113.38535578814243, -8.526043192408784, 17.66204055858732, -8.526043192408784, 119.57031415406166, 7.330886958313244, 4.155134590320868, 9.0, 0.0
48, 0 ,1.0,1.0,1.0,126.69589885476132,9.299513186004972,49.4858683851084,11.114638875993325,6.209796448117946,10.693166085302098,53.0,26.0,53.0,-0.9915344303248949,0.11910130479841094,0.05171414386415208,11.16498543646063,-0.06860133560962264,-0.14236876966531384,-0.9874335370932875,10.775665225358773,-0.11024214363328627,-0.9826220090244776,0.14933404550817295,5.972328637413653,52.10827784967627,53.16752569015185,27.496548388234043,15.775012033046426,5.25257703950246,28553.0,76178.3129535208, 0.0, 0.0,0.0,NaN, 88.93156559982701,88.93156559982701,0.0, 123.53519734374217, -9.723192904630668, 0.8863795463838015, -9.723192904630668, 38.56157192705826, 11.857207773983701, 0.8863795463838015, 11.857207773983701, 114.343800927855, 6.62445034354897, 4.204055677139089, 12.0, 0.0
49, 0 ,1.0,1.0,1.0,149.17382721290596,52.297346635533856,159.62967522818934,10.487958474170298,9.09438557799077,11.047059093985519,48.0,44.0,51.0,0.4766343314845298,-0.08582752778803579,0.8749019085155147,11.247140314028474,-0.8347203868776896,0.26803727664076094,0.4810383498867481,10.385014763946423,0.2757926572283184,0.9595778518727903,-0.05611378096461809,8.966378295179473,50.90242002455449,47.7565272025403,42.26895984196144,17.111597526966133,4.683574137154191,47110.0,102752.57849014389, 0.0, 0.0,0.0,NaN, 83.35511638455189,83.35511638455189,NaN, 109.99727295592058, -8.028103833546753, 8.201901709962952, -8.028103833546753, 82.70784904116653, 0.07778623229721877, 8.201901709962952, 0.07778623229721877, 122.03751462600816, 6.607443527196957, 4.048112122485282, 14.0, 0.0
50, 0 ,1.0,1.0,1.0,134.46347390993566,116.89949964260185,185.00285918513222,9.969699752964459,10.276761631376344,7.9678548499655415,50.0,47.0,33.0,-0.27988263748648257,0.9538454963556278,0.10883234039428191,10.330949585560372,-0.9596879361501888,-0.2810226496219356,-0.005033448843244121,9.939691039029713,-0.025783220151892668,0.10585385907728372,-0.994047376173312,7.935204875222212,48.78010606422008,51.66193765500577,34.734716097262265,15.745881290862302,4.534388170037884,34975.0,87534.08266261821, 0.0, 0.0,0.0,NaN, 106.89080243044575,106.89080243044575,0.0, 99.3949131642596, -2.019525066664087, -1.1598955651463536, -2.019525066664087, 105.61182962812896, 4.5934824885131125, -1.1598955651463536, 4.5934824885131125, 63.486710910119406, 7.0080603519621025, 4.316015337262334, 13.0, 0.0
