// Sample: .//bubblelabels.tif, Map: .//bubblelabels.tif, Thickness:(8.191250068658265):/gpfs/home/mader/Foam/NewValid/InSilicoTest/LatticeDataPhi_16.0/out_Step_05000.vtk/distmap.tif, Neighbors:(1.0):
//LACUNA_NUMBER, TRIANGLES, SCALE_X, SCALE_Y, SCALE_Z, POS_X, POS_Y, POS_Z , STD_X, STD_Y, STD_Z,PROJ_X, PROJ_Y, PROJ_Z, PCA1_X, PCA1_Y, PCA1_Z, PCA1_S, PCA2_X, PCA2_Y, PCA2_Z, PCA2_S, PCA3_X, PCA3_Y, PCA3_Z, PCA3_S,PROJ_PCA1, PROJ_PCA2, PROJ_PCA3,OBJ_RADIUS, OBJ_RADIUS_STD, VOLUME, VOLUME_BOX, Mask_Grad_X,Mask_Grad_Y,Mask_Grad_Z,Mask_Angle, Mask_Distance_Mean,Mask_Distance_COV, Mask_Distance_STD, SHAPET_XX, SHAPET_XY, SHAPET_XZ, SHAPET_YX, SHAPET_YY, SHAPET_YZ, SHAPET_ZX, SHAPET_ZY, SHAPET_ZZ, Thickness, Thickness_STD, Neighbors, Neighbors_STD
1, 0 ,1.0,1.0,1.0,131.09605305136503,15.066678820473086,180.34691901007247,21.239237140316934,9.343733839139832,11.732052854566,88.0,38.0,51.0,-0.9740457031939499,-0.01912163174059723,0.22554230487644755,21.65941938367638,0.20584930976003077,0.3395526542637373,0.9177854088259249,11.164290340786202,0.09413304287402134,-0.9403926617014978,0.3268036291984068,9.070821004202811,90.47223599109694,59.11368595488196,45.51592168691813,24.259757228309596,9.354987961785866,87764.0,243425.85577125737, 0.0, 0.0,0.0,NaN, 73.21886579411242,73.21886579411242,0.0, 451.1051943026183, 10.166160356677102, -76.98346163865503, 10.166160356677102, 87.30536205668677, 11.533029829463901, -76.98346163865503, 11.533029829463901, 137.6410641823302, 11.147911923118151, 6.465057404000587, 12.0, 0.0
2, 0 ,1.0,1.0,1.0,170.16945511029172,63.31708414688142,167.7426744380167,15.652130573555088,14.732605945211569,14.494176711599106,63.0,72.0,69.0,-0.8303171205459435,-0.5340013423615737,0.15942410634634438,16.432049509749035,0.1316697115770038,-0.4659488469998778,-0.8749598613837739,14.633023733862528,0.5415132190274967,-0.7055028265964084,0.4571971076931221,13.710667135079007,80.65149637928228,75.82537136655756,74.37347726088686,24.867166037894506,7.331035480701606,137771.0,454825.7690729882, 0.0, 0.0,0.0,NaN, 77.0678247110423,77.0678247110423,0.0, 244.98919149161793, 34.76734837888175, -13.870324505374604, 34.76734837888175, 217.04967793688326, 3.674723034421432, -13.870324505374604, 3.674723034421432, 210.0811585470619, 8.114362767353311, 5.538529941174591, 18.0, 0.0
3, 0 ,1.0,1.0,1.0,179.98871419676215,162.14437071917808,91.91494785180574,11.537327622568595,13.616813166895092,15.692022034003003,51.0,70.0,78.0,0.021867678746122485,0.2339629706603652,0.971999554005059,15.812407446795016,-0.007136225330153138,-0.9721707442532642,0.2341647247261876,13.47899637667909,-0.9997354044517448,0.012057046812174977,0.0195895050441648,11.534795725207317,77.12636458358142,74.46651700866772,52.16647722288391,22.752072506477973,6.8636930050963265,102784.0,299609.38440234814, 0.0, 0.0,0.0,NaN, 101.39949638112635,101.39949638112635,0.0, 133.10992867048432, 0.9358895356693567, 2.4052025559236045, 0.9358895356693567, 185.41760082212755, 15.531863800076472, 2.4052025559236045, 15.531863800076472, 246.23955551563574, 8.192116363324308, 5.662551857178562, 18.0, 0.0
4, 0 ,1.0,1.0,1.0,16.101382396420153,44.425546366215194,15.74465619880938,10.054631707277515,11.98552889357924,10.367703523447084,45.0,57.0,41.0,0.158459530730959,0.9305948944267511,-0.32997533178616323,12.178228685744642,0.6435036223201762,-0.3508064898781805,-0.6803219052185241,10.761893658258343,-0.7488615794533304,-0.10453683143377877,-0.6544298172397476,9.386702772750148,56.62131128383141,61.33555857572599,47.92678773653788,17.973734663369143,5.402097761861869,50058.0,166444.92938259302, 0.0, 0.0,-1.7763568394002505E-15,70.73272176130745, 49.80740792122384,49.80740792122384,0.0, 101.09561876899035, 2.6220654479095846, -15.278020100862362, 2.6220654479095846, 143.65290285882278, -11.872661040134437, -15.278020100862362, -11.872661040134437, 107.48927635009709, 9.576448693754212, 5.8856026699504085, 7.0, 0.0
5, 0 ,1.0,1.0,1.0,31.05066803777608,108.32182256735197,174.07381307040293,15.749172238384329,14.418058658347393,13.693944645644605,74.0,71.0,64.0,-0.9286437946963813,-0.11299639938845435,0.35334475558178424,16.061363405958357,0.20331979249735363,-0.9517133003852534,0.23000620828282448,14.494764870899393,0.31029303013561027,0.2854358204484049,0.906777055209387,13.24293617393451,82.46952710044604,72.17914470012806,71.3754876473231,24.37779413088783,7.011712696620317,132253.0,424868.2952587239, 0.0, 0.0,-2.8421709430404007E-14,69.30796766950547, 100.20578512078367,100.20578512078367,0.0, 248.03642619429567, 1.9477173824122715, -25.47723394845449, 1.9477173824122715, 207.88041547554622, -10.898456987005783, -25.47723394845449, -10.898456987005783, 187.5241199579785, 7.657152959748363, 5.196421753971967, 17.0, 0.0
6, 0 ,1.0,1.0,1.0,42.98958290330127,12.030549477769062,25.58926089529235,16.1710023112448,7.891566338734079,13.95919623278973,77.0,33.0,61.0,-0.9794665443791959,0.07097296363213047,-0.1887011575882609,16.282489661153605,0.1887564106783148,-0.005988467560818667,-0.9820056800671334,13.866241462526794,-0.07082588417885619,-0.9974602632133001,-0.007531098242481548,7.825929505929975,81.02146039139215,68.46225810778832,35.69633856199813,21.592547190879774,7.238729191240423,72669.0,198004.45349412118, 0.0, 0.0,0.0,NaN, 51.45530713254174,51.45530713254174,0.0, 261.5013157502846, -14.32056136791933, 13.39413051642025, -14.32056136791933, 62.2768192786408, -1.9598887997295535, 13.39413051642025, -1.9598887997295535, 194.85915946553098, 8.19908340998374, 5.215181589896615, 12.0, 0.0
7, 0 ,1.0,1.0,1.0,159.0845496172283,175.99099413321886,136.73385740859985,13.369182284252028,14.168559754797098,15.056657343956326,74.0,59.0,83.0,0.5302868736145377,-0.3692457119478261,0.7631863703449254,15.663505196466545,0.28683344503225944,-0.7689586892181659,-0.5713397492620359,14.710589244396415,-0.7978235434499564,-0.5218813452155799,0.3018566796228495,12.018286895021365,74.71105882449525,80.23425021367089,71.57321159750956,23.55358278035948,7.170410661661786,111816.0,429037.44236246584, 0.0, 0.0,0.0,NaN, 79.07661627264764,79.07661627264764,0.0, 178.7350349495583, -35.630257374038216, 29.044386421076847, -35.630257374038216, 200.748085525256, 3.179947363619746, 29.044386421076847, 3.179947363619746, 226.702930373314, 7.703893715447101, 5.1199949432035785, 22.0, 0.0
8, 0 ,1.0,1.0,1.0,89.31126236260711,123.02973633780479,78.83150509923126,13.596759156011693,12.044445888198918,12.414842728309665,72.0,58.0,63.0,0.8914773851180359,0.34976342395055515,0.2879819770219885,13.931265430716923,-0.39375976295233356,0.2837247834383255,0.8743303130640027,12.380208192683506,-0.22410113989632177,0.8928414162264536,-0.3906569909369468,11.692696219167196,69.7474545352902,64.34248893829113,60.56719065294075,21.227261487859277,5.785518645290897,90798.0,271808.88488661044, 1.4210854715202004E-14, 0.0,0.0,26.940514476208914, 141.8285206481419,141.8285206481419,0.0, 184.8718595465878, 16.036516130545543, 9.028348673820215, 16.036516130545543, 145.06867675375184, 9.883366772749222, 9.028348673820215, 9.883366772749222, 154.1283199686634, 7.4471200344979325, 4.99974872864597, 22.0, 0.0
9, 0 ,1.0,1.0,1.0,10.196201445433916,29.429377776930263,136.4401136515322,6.371010355593856,14.978037798856725,13.403116300744328,25.0,60.0,68.0,0.03200681024621421,0.9326225020142587,0.35943126301773926,15.231462750146267,0.08736945179186681,-0.36084959745220135,0.9285225613371882,13.160799529914483,-0.995661660902664,-0.0016842669766701495,0.09303236132282038,6.274616645712523,72.25570912919125,64.44774168059126,28.31689622174425,19.97967486039113,6.7370251817373195,52441.0,131863.7798641523, 0.0, 0.0,0.0,NaN, 70.78071738039458,70.78071738039458,0.0, 40.58977295108415, 1.5304843929971643, 13.07339048910913, 1.5304843929971643, 224.3416163039808, 19.728455996423556, 13.07339048910913, 19.728455996423556, 179.6435265712783, 7.425222821204491, 5.1657748458076345, 10.0, 0.0
10, 0 ,1.0,1.0,1.0,73.77967275560557,60.65525557465649,50.891005107782874,13.324725591305306,12.13027473606303,11.978697853728654,65.0,61.0,59.0,-0.8139497686664539,0.17436261238171283,-0.554151110701089,13.913465753348792,-0.45992996874131414,-0.7761501130672608,0.4313414260644252,13.11025800686271,0.35489462934995186,-0.6059609569841141,-0.711941795843914,10.134973371980891,64.81607539233545,64.0806471214932,50.83272172136227,20.836048723286243,5.8343939811821,80857.0,211131.4758265531, 0.0, 0.0,0.0,NaN, 108.22381688718768,108.22381688718768,NaN, 177.54831208358652, 11.792749892557401, 27.26492766235519, 11.792749892557401, 147.143565172369, -31.934022194992988, 27.26492766235519, -31.934022194992988, 143.48920227092347, 7.534223188456169, 5.060172694872036, 16.0, 0.0
11, 0 ,1.0,1.0,1.0,172.24782420541425,39.67919651872866,16.679953839496083,15.083534631371455,13.113161867171925,10.87769472688457,68.0,69.0,50.0,0.9164864939000894,0.2655178797917573,0.2992536750143781,15.622839164383121,0.2993597962079746,-0.9513669849030942,-0.07269506483053309,12.966368781997929,-0.2653982270344719,-0.15620856425716667,0.9514003707901703,10.275818738902153,79.66468929007237,76.22440727082446,55.019447400345534,21.659988895228473,6.974034324571812,83188.0,334099.7469570177, 0.0, 0.0,0.0,NaN, 51.21369697447354,51.21369697447354,0.0, 227.513016975782, 15.888549845769695, 36.61910457812372, 15.888549845769695, 171.95501415465188, 15.328135405522922, 36.61910457812372, 15.328135405522922, 118.32424257129239, 7.6917237173390625, 5.081106415060713, 13.0, 0.0
12, 0 ,1.0,1.0,1.0,159.62143487773983,10.68613488925569,41.85693447468427,13.448456703553592,6.956679184765295,13.330127081307213,60.0,30.0,64.0,-0.7574844763763872,-0.09824087619626586,-0.6454192422704645,13.687211931162807,-0.6511502359530741,0.042329224397352164,0.757767515125962,13.145169960346712,-0.047123648702606144,0.9942620213032923,-0.09603330009348211,6.842031661424494,68.40632103921834,69.42685665555236,31.376895459412367,19.199470966400455,6.191039945051594,52102.0,149016.27662453422, 0.0, 0.0,0.0,NaN, 59.13226668936332,59.13226668936332,NaN, 180.86098770735555, 6.984997208470185, 6.5405008556039, 6.984997208470185, 48.39538527974673, 12.951258098816897, 6.5405008556039, 12.951258098816897, 177.69228800379994, 7.507735046083573, 5.058886176689402, 11.0, 0.0
13, 0 ,1.0,1.0,1.0,60.28333179860237,73.73071610546671,139.176821469863,12.161335171509618,15.233140728589282,12.00651920354888,63.0,69.0,61.0,0.012523961203368291,0.9645173948205338,0.2637220989685685,15.46269488720057,-0.864741679031694,0.14287263459013694,-0.4814657192684853,12.383649109750134,-0.5020607323235142,-0.2220216326709722,0.8358477227850135,11.474033926562903,68.3894731803077,58.993944097364235,53.56180461536248,22.032972459026976,6.217015169336988,97737.0,216098.56925713, 7.105427357601002E-15, 0.0,0.0,89.28241112050574, 113.0033523249387,113.0033523249387,0.0, 147.89807315379687, -1.3833040751464227, 9.390061694717069, -1.3833040751464227, 232.04857645700562, 25.836507814495324, 9.390061694717069, 25.836507814495324, 144.15650338518805, 8.0859022599041, 5.151356459835385, 19.0, 0.0
14, 0 ,1.0,1.0,1.0,41.40500689880966,55.154615186735576,176.77269006805267,13.229861727114628,12.178451682529209,12.48305373356973,63.0,58.0,51.0,0.790723293396837,0.24792977855804602,0.5597209109760133,13.838157220192718,-0.5219645903501132,0.7507794168023164,0.40482494207572245,12.330166525103353,-0.3198587808710247,-0.6122590074552859,0.7230693383691288,11.64658556959545,68.58353503979754,66.6621230129353,62.7207633906024,21.056236914397743,5.983765054064989,85522.0,286754.5665475498, 0.0, 7.105427357601002E-15,0.0,75.64495910586633, 72.77303140148895,72.77303140148895,0.0, 175.02924131857242, 4.526432891852871, 21.255774351779028, 4.526432891852871, 148.3146853836985, 12.73211242990278, 21.255774351779028, 12.73211242990278, 155.82663051518915, 7.4631442110689745, 4.894827226823436, 9.0, 0.0
15, 0 ,1.0,1.0,1.0,78.27515927761223,186.18038292478147,27.762754556080537,12.156194308665498,8.013743426247103,14.77764227556064,59.0,32.0,58.0,-0.20856000266116442,-0.012074879689227115,0.9779350298309524,14.891461630132513,-0.9776654814150437,-0.023948129347861148,-0.20879821251684225,12.019366962725359,-0.025940927883662864,0.9996402774904724,0.006810571143877134,8.00943464483132,62.65911125470306,58.72008143128093,33.17856127359062,19.7736457481638,6.274933371943809,60743.0,122075.47688994826, 0.0, 0.0,3.552713678800501E-15,12.058439551106037, 84.1947321189539,84.1947321189539,NaN, 147.77306007003142, 2.277317218365941, -15.74982598242314, 2.277317218365941, 64.22008370171865, -1.4594686082511292, -15.74982598242314, -1.4594686082511292, 218.378711224437, 7.39261163786681, 4.907297106895834, 10.0, 0.0
16, 0 ,1.0,1.0,1.0,187.40608478802991,55.5140349127182,94.29308728179551,7.93502183073197,12.801623475939602,14.021521935985977,33.0,54.0,76.0,-0.11945615268322915,0.5522976669245722,0.8250439471299671,15.078715497891443,-0.08216869233067407,-0.833643076923647,0.5461570527768929,11.66263990942683,-0.9894334407057346,0.002550961965468378,-0.14496537174878232,7.7501214024007385,86.74284016800591,55.96503230477587,37.5597184870241,19.358038472769003,6.979653212161897,50125.0,182336.12678574515, 0.0, 0.0,0.0,NaN, 110.14354761759354,110.14354761759354,NaN, 62.96457145419294, -5.8351756737830485, -19.897372401416085, -5.8351756737830485, 163.88156361972793, 41.65375188223964, -19.897372401416085, 41.65375188223964, 196.60307740133595, 8.097099469263952, 5.111001273645608, 11.0, 0.0
17, 0 ,1.0,1.0,1.0,183.93514636520177,19.093864640263533,176.80454069027476,9.344452334897266,11.258710343509216,12.073769889254327,36.0,46.0,49.0,0.12199113919004143,0.46650933664473515,0.8760634684669859,12.374268345565257,-0.17925421565321606,-0.857786048873739,0.4817375016833653,11.027024115819374,-0.9762100635261175,0.21580577652340358,0.021018532048277853,9.22688947793093,66.82636222434095,57.137307439640196,41.824183769860355,18.202315036264178,5.341254037910205,53428.0,159696.3776318426, 0.0, 0.0,0.0,NaN, 34.06882037578224,34.06882037578224,0.0, 87.31878943916696, 9.47526093019599, 4.117480225571016, 9.47526093019599, 126.75855859904141, 12.71955207827845, 4.117480225571016, 12.71955207827845, 145.77591933866447, 8.125671478051254, 5.200796410435517, 5.0, 0.0
18, 0 ,1.0,1.0,1.0,184.7723863224872,14.480937354508303,97.1981790905799,8.452958742395797,8.582456832361729,13.567260174679658,35.0,32.0,64.0,-0.22012017244925722,-0.11901036046793508,0.9681857485948661,13.868953736721965,0.5464969897486601,-0.8371891397843566,0.021339738114182567,8.763501274810114,0.8080149440923489,0.533807903958363,0.24932102156660743,7.748212250739783,68.23375560153765,41.07105760446997,42.86566673944998,17.214866783229706,5.729745811387012,38662.0,120128.1378997228, 0.0, 0.0,0.0,NaN, 99.44377196939591,99.44377196939591,0.0, 71.45251150064553, -4.203811268954706, -28.002690600664902, -4.203811268954706, 73.6585652793525, -15.545159122917685, -28.002690600664902, -15.545159122917685, 184.0705486474487, 7.910464898250543, 5.353627290774432, 7.0, 0.0
19, 0 ,1.0,1.0,1.0,102.55535579392658,90.32717933222541,15.617464873848013,13.71097129648033,11.64145099382324,9.520423740924038,63.0,52.0,38.0,0.9672572765751372,0.22201528285346656,-0.12297387971412166,13.879426725315014,0.2157267206087021,-0.9744542983213829,-0.06245640478282663,11.515856973811042,0.1336987020425524,-0.033882660203654845,0.990442639636269,9.428633796928617,62.14728685014782,52.59080377444464,41.33538195555605,19.545575282426608,5.667721783949653,66190.0,135099.56073837378, 0.0, 0.0,-1.7763568394002505E-15,82.93623510002315, 133.7847645273935,133.7847645273935,0.0, 187.99073389290754, 13.087841289118257, -12.928529857951094, 13.087841289118257, 135.5233812415881, -0.1717150522443675, -12.928529857951094, -0.1717150522443675, 90.63846820675003, 8.156790079309475, 5.111087751517251, 15.0, 0.0
20, 0 ,1.0,1.0,1.0,78.01748578445768,119.16981232814544,128.84446995381617,11.479388343097968,10.864117101033392,14.113506264450013,62.0,52.0,68.0,-0.3680708315655265,0.16877153925479918,0.9143522463953525,14.671261821550036,0.9101326721410933,0.26657722674072226,0.3171673080324306,10.902408485380473,0.19021667133028805,-0.9489218881029098,0.25172379352622537,10.71858302084383,66.93925016317299,59.140341917835,49.21464536547467,20.342663954784175,5.930639039426472,74918.0,194831.4372261582, 0.0, -1.4210854715202004E-14,0.0,80.2835985611943, 132.97878320750513,132.97878320750513,0.0, 131.77635673165352, -5.269927843106697, -32.62779646599597, -5.269927843106697, 118.02904038496618, 15.822935119030873, -32.62779646599597, 15.822935119030873, 199.19105907666977, 6.938634149760239, 4.582279480778403, 16.0, 0.0
21, 0 ,1.0,1.0,1.0,182.44748618431333,148.1627906976744,36.74337628389993,10.47644099102331,14.040822121447528,11.72586363611255,44.0,65.0,53.0,0.08046230549929997,-0.9811080237966188,0.17593425770903756,14.117727679516586,0.3821188071401214,0.19338301686800752,0.9036527131685264,11.894541205675775,-0.9206036251414332,-0.005482191981377144,0.3904598711103759,10.178704945656037,64.44175315959171,55.35788377221026,49.030890366874814,20.189351665426155,6.065184170904372,70391.0,174910.79202362223, 0.0, 0.0,0.0,NaN, 65.91860670738757,65.91860670738757,0.0, 109.75581583839349, -4.756385676947984, 14.43281655940974, -4.756385676947984, 197.14468584613027, -9.901015028017977, 14.43281655940974, -9.901015028017977, 137.4958780127066, 7.754041521854755, 5.2172883171073945, 14.0, 0.0
22, 0 ,1.0,1.0,1.0,19.02999617883072,84.86213767127026,25.56979092745237,11.35148397780091,11.253196933267281,13.784844781372282,44.0,52.0,58.0,-0.12160441385506206,-0.3509531147354413,0.9284633960412539,14.215698815955122,0.9551187376634683,-0.29592732161516944,0.013236966639497269,11.349353557572604,0.2701121313364319,0.8884024603630742,0.37118796441388835,10.706010291558645,66.41667639804545,50.403848228893835,51.050570431153005,20.25958528554241,5.921298795158035,73276.0,170899.75233993417, 0.0, 0.0,3.552713678800501E-15,21.80346043813144, 90.65063360383955,90.65063360383955,0.0, 128.85618849827077, -0.27762130303854354, -9.696140625287226, -0.27762130303854354, 126.63444121889616, -28.556593864988322, -9.696140625287226, -28.556593864988322, 190.02194564652666, 8.037883780060461, 4.926910102989487, 11.0, 0.0
23, 0 ,1.0,1.0,1.0,41.0776828847481,174.29617408557627,187.0164768806073,11.748682240257025,13.298657388245742,7.121719474800426,56.0,60.0,30.0,-0.19295003598078972,-0.9791205690788463,0.06397808079122237,13.389399573598457,0.9732268187724016,-0.18267338225279325,0.13949908472271924,11.74248226185452,-0.12489933081151204,0.08918153745614095,0.9881532323176377,6.960086233573483,63.922049576219564,56.14476229152964,31.999260628608766,18.217592010554604,5.807241369808069,46368.0,114841.7713952955, 0.0, 0.0,0.0,NaN, 50.166069911950764,50.166069911950764,9.5367431640625E-7, 138.03153438253082, 8.815760458586864, 10.528093734386733, 8.815760458586864, 176.85428832994305, -10.47494558750399, 10.528093734386733, -10.47494558750399, 50.71888827775165, 7.449303524378427, 4.885915360316784, 9.0, 0.0
24, 0 ,1.0,1.0,1.0,65.56429258225651,188.68037803991464,74.64083862948804,13.672831421468784,6.708619715558692,11.36642513116624,69.0,26.0,51.0,0.9768831630640895,-0.02952776326206985,0.21172481413060434,13.78539677771339,-0.20756592362636422,0.10593392545613398,0.9724681952570937,11.276793262520801,0.051143651326768916,0.993934663161615,-0.09735611072127148,6.62904874214009,71.47992286423053,50.95435760632307,29.042709991915473,18.056958708576097,5.923998651847369,42641.0,105779.75189892565, 0.0, 0.0,0.0,NaN, 99.99032500419358,99.99032500419358,0.0, 186.9463190799041, -6.04397777717308, 13.418028209874755, -6.04397777717308, 45.00557848798279, 7.659951447698067, 13.418028209874755, 7.659951447698067, 129.19562026240746, 6.929711286767541, 4.723847618723611, 10.0, 0.0
25, 0 ,1.0,1.0,1.0,151.70531958455868,186.93213714030452,10.302386181736962,13.380268275241303,7.703634751582145,6.635580171297898,66.0,29.0,25.0,0.9980862691941209,0.05555337713429197,0.027159188779037786,13.39823567465308,-0.049392455951800085,0.9804683663794886,-0.19037375823412583,7.717043923191489,-0.037204630642028245,0.18866797507290695,0.9813359315956381,6.583540506970514,66.26256740675201,34.2095599621866,29.17225215797773,15.750384969731282,5.859510646647255,26863.0,66128.04839353988, 0.0, 0.0,0.0,NaN, 51.08115461877368,51.08115461877368,6.743495761743046E-7, 179.03157911742886, 6.765208562061232, 3.8436023159970585, 6.765208562061232, 59.3459883857841, -2.8201894796074694, 3.8436023159970585, -2.8201894796074694, 44.03092420972184, 7.737147804136514, 5.078896311153673, 6.0, 0.0
26, 0 ,1.0,1.0,1.0,113.8258421214293,83.6702452866065,64.70966373648876,11.268242827002515,12.2655811274052,11.203655682167943,54.0,54.0,56.0,0.3959035479333008,-0.9064154822076155,0.14721193683992154,12.542510860589125,0.530764190454648,0.09504860519451916,-0.8421728663294721,11.28135608734332,-0.74936623547158,-0.4115540502350975,-0.5187229596521058,10.879159139767749,59.96597282059613,52.15791374312208,49.45294870516199,19.35992503849703,5.304053162406198,68369.0,154673.9895393552, 0.0, 0.0,0.0,NaN, 136.433265786945,136.433265786945,0.0, 126.97329640829365, -13.530728683648633, -1.713452498787888, -13.530728683648633, 150.44448039295864, -5.911884495324764, -1.713452498787888, -5.911884495324764, 125.52190064457405, 6.978374222754546, 4.505578770379475, 14.0, 0.0
27, 0 ,1.0,1.0,1.0,52.75637236206458,83.75398868548181,74.98634947876938,11.794321729347697,11.436182562094933,10.952737260869192,60.0,59.0,55.0,-0.6415250557109247,-0.6997371454465005,0.3143461947876545,13.008322680665536,-0.6317070094430397,0.24942274729560632,-0.7339853863341174,11.489495234739385,0.4351917475270255,-0.6694447104981073,-0.6020398014006036,9.414339617899039,60.48222690961862,53.6510627679215,46.01718131407642,19.00811484281644,5.342875656127778,62928.0,149322.79686481206, 0.0, 0.0,0.0,NaN, 124.1809890993173,124.1809890993173,0.0, 139.10602505536323, 29.340427163379488, 3.8619489552983235, 29.340427163379488, 130.78627159356424, -25.667275675679697, 3.8619489552983235, -25.667275675679697, 119.96245350563237, 6.970475070361316, 4.519347918420563, 13.0, 0.0
28, 0 ,1.0,1.0,1.0,102.68947699373923,21.10309757497881,103.35854498728709,11.588525793085857,12.55304758691709,11.476647435583416,57.0,51.0,58.0,0.007331648076408515,-0.9919745343494161,0.12622507729743088,12.569290521985717,0.7576334237601677,0.08789427257104084,0.6467350246048644,11.953332790238647,-0.6526391362291497,0.09089070387815407,0.7521974726164691,11.077776903189113,53.56144992234729,56.482246684488544,52.928406560806486,19.832217499916517,5.501774184122974,73154.0,160122.7748891873, 0.0, 0.0,0.0,NaN, 138.75968233599158,138.75968233599158,0.0, 134.29393005701618, 1.0863105847010301, 9.913261174115192, 1.0863105847010301, 157.57900371940497, -3.2699530619532116, 9.913261174115192, -3.2699530619532116, 131.7134363606834, 7.389452943641661, 4.792877305377276, 15.0, 0.0
29, 0 ,1.0,1.0,1.0,143.33008612169985,72.78441338415925,113.21906913266507,12.824570618756898,9.954693823145575,11.555042193906484,60.0,47.0,58.0,-0.8624528869106762,0.2691555282438338,0.42863774854207964,13.266429787976596,0.49835006186529046,0.3035963399845686,0.8120815711410002,11.503294635308214,-0.0884433926209371,-0.9139937439412575,0.395971214026906,9.421284094272442,60.50273377617497,58.34028449507022,44.47488987207908,19.178358662862944,5.410646890121217,63747.0,156985.09581360724, 0.0, 0.0,0.0,NaN, 126.64904236847312,126.64904236847312,0.0, 164.46961155548266, -13.659507528659802, -14.619098195829421, -13.659507528659802, 99.09592911257266, 20.805397384821838, -14.619098195829421, 20.805397384821838, 133.51900010295918, 6.708772965598963, 4.555293794447223, 16.0, 0.0
30, 0 ,1.0,1.0,1.0,137.51323832145684,140.58753760886776,18.614251781472685,10.293512345241426,13.301914442072013,10.778343417765758,46.0,66.0,44.0,-0.24512203930125265,-0.9684377422039518,0.045205368306301064,13.490605425636588,-0.1677983728598171,-0.003544935257206616,-0.9858149620996939,10.791308476252965,-0.954860666230625,0.2492303611298902,0.16163333559842055,10.031013791101667,68.2125667857342,47.03906305324486,51.93231636643864,19.174942582833577,5.602819647478489,63150.0,166632.89851819104, 0.0, 0.0,0.0,NaN, 88.20955980976672,88.20955980976672,0.0, 105.95639640163766, 19.326703381773402, 1.7170464847298155, 19.326703381773402, 176.94092782420398, -3.5071668067771915, 1.7170464847298155, -3.5071668067771915, 116.17268683129444, 7.541869574197681, 4.716423541114386, 9.0, 0.0
31, 0 ,1.0,1.0,1.0,181.65384756995581,94.39263622974963,77.80817378497791,9.883733434047945,9.917503841511936,13.216219875555236,37.0,50.0,65.0,-0.1622653441397416,-0.17532235859961226,0.9710468725382315,13.369784101210307,-0.682528910120574,-0.6907559076245858,-0.2387688483269045,10.35535984624753,-0.7126178814349473,0.7015114729331259,0.007576833267498842,9.204832012725209,66.40252464115949,53.786324338578225,48.84200650478874,18.453081169681525,5.495209931011584,54320.0,174441.55732649998, 0.0, 0.0,0.0,NaN, 123.69584872234631,123.69584872234631,0.0, 97.6881865953172, 13.28482582893965, -11.147328945527603, 13.28482582893965, 98.35688244640399, -12.295226997164075, -11.147328945527603, -12.295226997164075, 174.66846779902124, 7.351033889039781, 4.684832224508553, 10.0, 0.0
32, 0 ,1.0,1.0,1.0,58.45243455612943,11.517083829956297,108.7211186156359,11.894962533743762,7.086485548364151,12.462480072764626,57.0,29.0,61.0,-0.27006805735365425,0.015426975724334293,0.9627176391950153,12.51285809056343,0.9612779834260374,0.06127354816089637,0.26868232334142267,11.857403784535848,0.05484416995081411,-0.9980017839241446,0.031377640233629364,7.060607521048981,62.537582745295765,61.646547521906726,30.689420863541955,17.80923532239971,5.463786040995648,45306.0,118314.65528238531, -7.105427357601002E-15, 0.0,0.0,74.3316833008061, 109.00075464080808,109.00075464080808,1.3486991523486091E-6, 141.49013367916783, 4.90038440059938, -4.309285511484207, 4.90038440059938, 50.21827742717396, 3.0789377608152537, -4.309285511484207, 3.0789377608152537, 155.3134095640554, 6.8840394831366005, 4.590750778054819, 13.0, 0.0
33, 0 ,1.0,1.0,1.0,55.80916566542356,149.5984521041709,22.859924789738947,11.476170949661023,10.769091250437452,12.608250851221738,53.0,50.0,58.0,-0.5989512126315895,-0.06691306437407511,0.7979850165906743,13.844011701239534,-0.3433128558339221,-0.8788213116674153,-0.33137499178169777,11.056648242119923,0.7234595551282081,-0.4724359681218553,0.5033989750868193,9.6300407693527,67.52060839533121,53.51653511291843,52.268851352528266,19.353789566588926,5.663448151581412,64087.0,188871.87455245332, 7.105427357601002E-15, 0.0,0.0,53.20517934675137, 78.59742466492632,78.59742466492632,0.0, 131.7024996658436, 12.868461142415946, -43.921311963759656, 12.868461142415946, 115.97332636024849, 3.312564241408424, -43.921311963759656, 3.312564241408424, 158.96798952733369, 7.193509832314985, 4.584469715845439, 13.0, 0.0
34, 0 ,1.0,1.0,1.0,31.827694122658976,39.97162097950222,104.22129737346594,10.065703139807813,11.734616095806794,11.666682070152858,45.0,56.0,55.0,-0.16869296398525854,-0.8097080091134632,0.5620637187004516,11.946016150989571,-0.15116556913024257,-0.5422371796269918,-0.8265154637027038,11.537448952632296,-0.9740080362149987,0.22439202527647384,0.030928375012667986,9.96549220693244,60.51798303784257,59.566299480613466,47.59282471438259,18.675977007817018,5.132148472543275,61031.0,171564.15185454645, 0.0, 0.0,1.4210854715202004E-14,55.80136187133115, 108.55548108555627,108.55548108555627,0.0, 101.31837969873685, 8.69822821550428, 0.10853768051255523, 8.69822821550428, 137.7012149159679, -4.601148808788317, 0.10853768051255523, -4.601148808788317, 136.11147052602615, 6.945398722609208, 4.477975742556893, 10.0, 0.0
35, 0 ,1.0,1.0,1.0,25.678319155971025,181.04020259100062,100.5566743815564,11.440088772219795,11.452707075394118,12.495917624214215,52.0,45.0,61.0,0.418502907587446,-0.06186720184533834,-0.9061058247669979,12.734793166521769,-0.5439239489995191,0.7818954318212744,-0.304608390235383,11.88985356887248,-0.7273252738944396,-0.6203321554077705,-0.2935744589052782,10.707217792633157,63.46794562494497,62.146483020887615,54.46578345183738,19.63019967705415,5.730911653584001,66538.0,214829.9128211708, 0.0, 0.0,0.0,NaN, 104.44053333127904,104.44053333127904,0.0, 130.87563111626943, -12.596178180020456, -13.59616973063768, -12.596178180020456, 131.1644993547825, -3.7004584443577753, -13.59616973063768, -3.7004584443577753, 156.14795727114742, 7.003180049609503, 4.705914632004038, 13.0, 0.0
36, 0 ,1.0,1.0,1.0,90.71499252910829,74.81529982239012,100.4626314454061,11.687590156458086,12.710845806031545,10.592202640939153,56.0,56.0,53.0,0.1447814241691028,0.9779884861236496,0.15025598232728707,12.764311999578826,-0.9432886620374313,0.18227256828372296,-0.2774584850439581,11.780615136902629,-0.2987387475490902,-0.10156392992016049,0.948915132586668,10.423510336271198,58.98810597851575,54.78960947968973,50.47269620805128,19.547177436008592,5.316763662414146,70942.0,163124.48808196236, 0.0, 0.0,0.0,NaN, 154.05916621818827,154.05916621818827,0.0, 136.59976366533596, 2.5044902470878405, 9.067378213112987, 2.5044902470878405, 161.56560110470969, 6.452156125132527, 9.067378213112987, 6.452156125132527, 112.19475678671834, 6.841428229484309, 4.443428941479018, 7.0, 0.0
37, 0 ,1.0,1.0,1.0,9.222615583090816,96.85679997599831,108.85583990879361,6.1455650292768285,11.89318655956465,12.607553920247609,25.0,53.0,59.0,0.1822791318760604,0.42202740924343923,0.8880693576122196,12.995785526330751,-0.014020479948703573,0.9042246289629927,-0.4268269514905856,11.66340955889908,0.9831468579131596,-0.06535048755754891,-0.17073830721742822,5.765475516956454,63.29328542101263,55.12388159058376,29.32700615207283,17.500022509715905,5.6493790881026325,33331.0,102321.09072791372, 0.0, 0.0,0.0,NaN, 133.3174941953061,133.3174941953061,0.0, 37.76796952907031, 9.131905558731878, 22.573660192516137, 9.131905558731878, 141.44788654060926, 11.166869397397885, 22.573660192516137, 11.166869397397885, 158.95041585195085, 6.995330450759677, 4.699339975543367, 9.0, 0.0
38, 0 ,1.0,1.0,1.0,189.20117121121015,32.38182008313508,134.4154139761052,6.4746081557641375,12.482863229256605,11.274625283681733,25.0,61.0,52.0,0.07135208005160446,0.9807865015648575,-0.18156739525718113,12.54990998592125,-0.029353715382624428,-0.1798877983415457,-0.9832490729215396,11.229591836114736,-0.99701917738103,0.07548654420490739,0.01595435923048192,6.42305433559368,63.08981531982923,53.01212541543758,26.647162497080927,17.159286835197264,5.515294712511019,38251.0,89122.1065378486, 0.0, 0.0,0.0,NaN, 73.9360189557957,73.9360189557957,0.0, 41.92055077068749, 8.582962392101557, 0.9429136350388285, 8.582962392101557, 155.82187440032664, -5.6932399446031745, 0.9429136350388285, -5.6932399446031745, 127.11717528743539, 7.894827389776472, 4.801468482803234, 3.0, 0.0
39, 0 ,1.0,1.0,1.0,10.192322222545116,135.26785039667547,118.65336665601116,6.613442304864925,10.562211960236082,13.022005144550924,26.0,48.0,66.0,-0.11375230016616655,0.013441985675668788,0.9934182035920229,13.084360087534336,0.22889519591650784,-0.9726545748129397,0.03937089511051463,10.75791657632649,0.9667819834343472,0.23186718421664307,0.10756488920737745,6.159327125098979,65.5790434227492,52.109492677542846,30.56140630911335,17.150555154812437,5.543375909968406,34411.0,104437.20904067221, 0.0, 0.0,0.0,NaN, 104.4576918228463,104.4576918228463,0.0, 43.737619119777094, -17.523833481305186, -14.358140726206141, -17.523833481305186, 111.56032149295416, -1.1995896797086456, -14.358140726206141, -1.1995896797086456, 169.57261798471075, 7.521029988838633, 4.940299022830486, 11.0, 0.0
40, 0 ,1.0,1.0,1.0,136.11298812584158,41.13012608642428,38.0799713201476,10.474397778696433,10.9207092868405,12.10569752994424,52.0,51.0,65.0,0.25825010964480655,0.48529016912406875,0.8353444395098217,12.956083151869532,0.7586863918275206,-0.6371833645673931,0.13561828333346024,10.546386087848042,0.5980818001947421,0.5987410222041822,-0.5327357211654831,9.820206855684404,67.78331344479525,50.87294162259086,52.82343449844319,18.594070870826798,5.45741159261871,57183.0,182152.9797646208, 0.0, 0.0,0.0,NaN, 84.9901275080658,84.9901275080658,0.0, 109.71300882636078, 1.80153638940961, 16.929809651478525, 1.80153638940961, 119.26189132768434, 27.675986454134755, 16.929809651478525, 27.675986454134755, 146.5479126864981, 6.8883182311842726, 4.447352380390691, 12.0, 0.0
41, 0 ,1.0,1.0,1.0,18.5463368921316,130.90314267545767,16.856454365942636,10.940878450328592,13.354670480100467,9.739844189582778,44.0,58.0,41.0,-0.1842539716373525,0.968395574730746,0.16810855057899388,13.515520396440385,0.9477780054852557,0.2203559873519424,-0.230564722272382,10.931984541118199,-0.2603215823827364,0.11684712097462652,-0.9584254921827204,9.525598781202032,64.52252244668684,49.61464119980178,47.47630953237889,18.978260603762823,5.721908264728057,59758.0,151984.09613464848, 0.0, 0.0,0.0,NaN, 73.5015806499133,73.5015806499133,NaN, 119.70282126486455, -10.394705346034709, -9.134785671195477, -10.394705346034709, 178.34722363206683, 13.504403726197149, -9.134785671195477, 13.504403726197149, 94.8645648373494, 7.006490288087293, 4.460338181205434, 9.0, 0.0
42, 0 ,1.0,1.0,1.0,99.06636394687669,133.13099997990798,18.031926222097205,9.934184775917242,11.214187856690181,10.514020151353893,44.0,53.0,44.0,0.38559092212065876,-0.8029017626012995,0.45460796340348647,11.575305934487817,-0.3525205727126944,-0.5835278578979061,-0.7315903805213644,10.572115254656877,0.8526716170909254,0.12183594982108795,-0.5080424339941885,9.44633938388525,67.66139163572961,55.95281285082183,47.86269174914845,17.60860735302044,4.992755078857443,49771.0,181200.74102403657, 0.0, 0.0,0.0,NaN, 120.87496842862568,120.87496842862568,1.3486991523486091E-6, 98.68802716206591, -9.21974026910517, 13.65724111808922, -9.21974026910517, 125.7580092851375, -6.714776857368154, 13.65724111808922, -6.714776857368154, 110.54461974307576, 7.242801759511556, 4.630799021642406, 9.0, 0.0
43, 0 ,1.0,1.0,1.0,145.82594322555178,103.29574685043255,82.8544455774481,9.573876221452734,12.885906077720078,11.094400312239431,46.0,62.0,50.0,-0.10424082274185499,0.9599497875706903,0.2600581785237435,13.05526090943362,0.07045095852180595,-0.25369865921291945,0.964714285556571,10.940918690320066,-0.9920536846952689,-0.11888395878567046,0.0411836257022989,9.520916995445303,64.22664043629443,49.771770799207175,47.148111171136236,18.786276371301863,5.278941156785142,60802.0,150717.12354355693, 0.0, 0.0,0.0,NaN, 138.38858390981198,138.38858390981198,0.0, 91.65910590369808, -8.503784597247922, -0.18827345241704244, -8.503784597247922, 166.04657544382323, 12.808170119837152, -0.18827345241704244, 12.808170119837152, 123.0857182882184, 7.504678498549817, 4.503891974953416, 12.0, 0.0
44, 0 ,1.0,1.0,1.0,124.90584632889365,73.73686500234254,165.9789338063048,10.503205929862366,9.88629040742761,13.097634527394009,49.0,46.0,64.0,-0.07861171319702673,-0.03346600572497683,0.9963434272423559,13.113376594099881,-0.8670964050437073,-0.4908519173198808,-0.08490123452386213,10.7580236905285,-0.4918983867716051,0.8706000354492371,-0.009568456891261607,9.586886022771722,64.1808242134738,52.97703871517402,48.3819559728789,18.740751076572423,5.328072083245506,59764.0,164503.97276462315, 0.0, 0.0,0.0,NaN, 110.60601304137681,110.60601304137681,NaN, 110.31733480509597, 10.351622036145187, -4.515971813665808, 10.351622036145187, 97.7387380199952, -1.6762814898944127, -4.515971813665808, -1.6762814898944127, 171.5480302131837, 7.269611088666868, 4.557373389055064, 15.0, 0.0
45, 0 ,1.0,1.0,1.0,179.3033988783026,83.01197716061895,20.49079329684438,11.370989160515938,10.70000826352655,11.199589538786952,50.0,50.0,45.0,0.9368657056841453,0.3095549666418835,0.16266029675458787,11.456198940345793,0.16017619384196907,0.03360768726687893,-0.9865161480091805,11.192722465590576,-0.3108476096727276,0.950287454396781,-0.018097446693878028,10.615971308029115,58.46704416782035,47.73904352881246,55.521182589992925,18.500482986012138,5.191580342219493,59196.0,154968.54655645767, 0.0, 0.0,0.0,NaN, 87.9727813590077,87.9727813590077,0.0, 129.29939448857095, 5.446160047896516, 0.8386268056740003, 5.446160047896516, 114.49017683953645, 0.5167921405590453, 0.8386268056740003, 0.5167921405590453, 125.43080583730612, 7.042668149513613, 4.405018105116348, 9.0, 0.0
46, 0 ,1.0,1.0,1.0,34.43466211467015,149.0122301435887,129.9921879706798,10.072268408180584,11.661168066864253,10.363837932099035,46.0,55.0,55.0,-0.3915242419536739,0.9125669700797902,-0.1180266625894037,12.098096904619682,-0.533879536501032,-0.12081529900046453,0.8368848809919271,10.833173698818138,0.7494540736216224,0.39067273855084905,0.5345029493699127,9.006717890029005,55.97211239502927,55.75738121659556,48.372276873531234,17.847886961543338,5.127913733758874,49795.0,150963.02700975197, 0.0, 0.0,0.0,NaN, 93.20189040472566,93.20189040472566,0.0, 101.45059088643264, -20.973505557341824, -13.175497870014915, -20.973505557341824, 135.9828406836546, -10.690977858703556, -13.175497870014915, -10.690977858703556, 107.4091366828148, 6.849822043199498, 4.3396425299840145, 9.0, 0.0
48, 0 ,1.0,1.0,1.0,142.14848096518097,37.16288991685941,127.71913483778208,12.616029147383077,9.921169249377987,12.055898729742044,60.0,49.0,63.0,-0.9738726969935907,0.15198125827918166,-0.16874142106283985,12.707555809577801,0.146451077974841,-0.1475792805970443,-0.9781474519204484,12.067643118602515,-0.17356281805282192,-0.9773034600728353,0.12146561290845843,9.789203226653816,56.39257280522334,62.800539107897976,48.738128833928144,19.30005064636974,5.517837434337841,63988.0,172605.30218076444, 0.0, 0.0,0.0,NaN, 99.7617266801621,99.7617266801621,0.0, 159.16419144761937, -10.793720964869792, 3.6551931597522263, -10.793720964869792, 98.42959927480338, 5.505054972585539, 3.6551931597522263, 5.505054972585539, 145.3446941817958, 6.78845994553367, 4.551493945828861, 10.0, 0.0
49, 0 ,1.0,1.0,1.0,149.05452203299095,114.0414226921404,129.8766353263961,11.922220713902457,10.800058923493028,10.60299803129177,57.0,57.0,52.0,-0.9944592124511046,-0.03605264222629209,0.09874756584155325,11.936862605402665,-0.009765497694137364,-0.9036067830044351,-0.4282515811566389,10.858181965686908,0.10466857133788883,-0.4268430492544986,0.8982480177975386,10.526888538085428,57.109823262392894,54.43758434264697,55.2130828549502,18.567426807741178,5.143427698792425,59774.0,171653.10285948575, 0.0, 0.0,0.0,NaN, 122.072130362444,122.072130362444,NaN, 142.1393467510048, 1.198096219866735, -3.08070322429029, 1.198096219866735, 116.64127275092136, 2.628826093817403, -3.08070322429029, 2.628826093817403, 112.42356725157717, 6.534143397854105, 4.378550308521946, 14.0, 0.0
50, 0 ,1.0,1.0,1.0,10.358573960647057,168.33986224226516,161.32471786587692,6.482816284532314,14.976582924492341,10.692011825519849,27.0,63.0,58.0,-0.032006693984846235,-0.999314999729314,0.01857694420949292,14.984228978903687,-0.045212139786545424,-0.017119858225747957,-0.9988307028071635,10.697009770006495,-0.998464538156505,0.032809172045824744,0.04463321939525783,6.456850922734539,63.77760111030449,57.72191747566214,28.281561292068524,18.49602051542978,6.20816277517295,44571.0,104114.76199287934, 0.0, 0.0,0.0,NaN, 51.0435287327489,51.0435287327489,0.0, 42.02690697899735, 5.9042723215570305, 3.175952055541856, 5.9042723215570305, 224.29803609419554, -2.150452676231358, 3.175952055541856, -2.150452676231358, 114.31911687705627, 8.090169948589939, 4.783864555753712, 8.0, 0.0
