// Sample: .//bubblelabels.tif, Map: .//bubblelabels.tif, Thickness:(8.191250068658265):/afs/psi.ch/project/tipl/test/LabelValidation/Step4900//distmap.tif, Neighbors:(1.0):
//LACUNA_NUMBER, TRIANGLES, SCALE_X, SCALE_Y, SCALE_Z, POS_X, POS_Y, POS_Z , STD_X, STD_Y, STD_Z,PROJ_X, PROJ_Y, PROJ_Z, PCA1_X, PCA1_Y, PCA1_Z, PCA1_S, PCA2_X, PCA2_Y, PCA2_Z, PCA2_S, PCA3_X, PCA3_Y, PCA3_Z, PCA3_S,PROJ_PCA1, PROJ_PCA2, PROJ_PCA3,OBJ_RADIUS, OBJ_RADIUS_STD, VOLUME, VOLUME_BOX, Mask_Grad_X,Mask_Grad_Y,Mask_Grad_Z,Mask_Angle, Mask_Distance_Mean,Mask_Distance_COV, Mask_Distance_STD, SHAPET_XX, SHAPET_XY, SHAPET_XZ, SHAPET_YX, SHAPET_YY, SHAPET_YZ, SHAPET_ZX, SHAPET_ZY, SHAPET_ZZ, Thickness, Thickness_STD, Neighbors, Neighbors_STD
1, 0 ,1.0,1.0,1.0,94.43371364475816,279.53525339617727,16.378377765944187,16.949880846797665,12.700543682302659,10.60988017329986,75.0,53.0,47.0,-0.9562140476296159,0.2675378571447571,0.11865154912675549,17.298989280304934,-0.2925645744817232,-0.884587003157027,-0.36319664591512807,12.63745995122196,0.0077887658916790115,-0.3820069748578716,0.92412661810264,10.109965563722454,83.47843014553672,69.42099774135986,50.1719158032896,22.5037923427134,7.399402545791226,88261.0,290754.07441283535, 0.0, 0.0,0.0,NaN, 98.00399677841119,98.00399677841119,0.0, 287.2984607206384, -35.52900488330823, -16.24661289675338, -35.52900488330823, 161.30380982607795, 24.72652335211766, -16.24661289675338, 24.72652335211766, 112.56955729178146, 8.67285090598078, 6.458943274259118, 14.0, 0.0
2, 0 ,1.0,1.0,1.0,28.303327053914778,166.11787143279724,16.683867602870887,16.258415918111076,17.744929176756084,10.812441704122524,64.0,82.0,47.0,-0.12870571317231744,0.9868706025821339,0.09757690892819242,17.820102411964754,0.9906145481340557,0.132509112266943,-0.03352837889589878,16.24070126804816,0.046018001064424864,-0.09234581162891098,0.9946630558398316,10.714992655551923,82.01948322179757,70.27857409524404,50.947954863336946,25.19189971532925,7.841918387237314,128462.0,293674.8295532828, 0.0, 0.0,0.0,NaN, 137.8544671390666,137.8544671390666,0.0, 264.33608816628765, -6.1999344417054685, -7.493372242479762, -6.1999344417054685, 314.8825114880894, 18.861732471528203, -7.493372242479762, 18.861732471528203, 116.90889560504799, 8.206949960875095, 5.749814657175141, 17.0, 0.0
3, 0 ,1.0,1.0,1.0,70.54646451444256,250.98938864200758,206.55125963926284,15.875458211459007,12.93016315437939,13.581803384196702,77.0,68.0,70.0,0.9450914074128467,-0.0019002908334496704,0.3268005822044271,16.16199669242511,-0.3132799071763013,0.27944648196033833,0.9076152067256243,13.267821536556625,0.09304800585725786,0.9601593891717868,-0.2635071459965537,12.901141437010626,79.39497812414453,71.91591056205851,68.28328626445801,23.651114049278604,6.656536638338891,122416.0,389881.3231072171, 0.0, 0.0,0.0,NaN, 126.93112603368861,126.93112603368861,0.0, 252.03017342378124, -1.0102530926982107, 26.542134485458195, -1.0102530926982107, 167.18911919887034, 2.3748863406044354, 26.542134485458195, 2.3748863406044354, 184.46538316697698, 7.203738264384805, 5.159896389440705, 31.0, 0.0
4, 0 ,1.0,1.0,1.0,130.08836715299904,190.33923640225836,18.4846777349209,14.34899396763805,13.307479917079615,11.05859777901493,70.0,61.0,44.0,-0.9738717900814088,-0.2249746880077379,-0.030985903883117536,14.419037545101572,0.20329921335511789,-0.9244663569787458,0.32253896611671107,13.495179948073966,-0.10120852895296466,0.3078121904185532,0.9460488830377155,10.735301994209475,70.11091314694482,70.25384077906877,51.096183982858335,21.582563235797952,6.282372055011509,89445.0,251677.36745210193, 0.0, 0.0,0.0,NaN, 171.14365209477427,171.14365209477427,NaN, 205.89362788331314, 7.733542126184229, 7.181196346170014, 7.733542126184229, 177.08902174347725, -19.294053066249933, 7.181196346170014, -19.294053066249933, 122.29258483803395, 7.743041432235698, 5.304226675463992, 21.0, 0.0
5, 0 ,1.0,1.0,1.0,137.8954739045694,207.6907208226056,191.23438164216336,13.497228277306542,14.621042776764527,14.992678472201069,68.0,77.0,71.0,-0.13724907836214684,0.6452302250890031,0.7515588114847268,15.727896339631377,0.5066465210216105,-0.6062490779329893,0.6130019235223484,14.098220800831337,-0.8511592055693462,-0.4649086062195387,0.24369652159513006,13.213777574990408,75.17955787448238,71.49167037491803,68.739711655586,23.954794073384452,6.848234204692472,124677.0,369456.1648315654, 0.0, 0.0,0.0,NaN, 198.4089828671537,198.4089828671537,0.0, 182.1751711697233, -13.86325887084068, -0.0033088576027383407, -13.86325887084068, 213.77489187997816, 26.30764901402714, -0.0033088576027383407, 26.30764901402714, 224.78040777080136, 7.0486786741176015, 5.090171053675004, 33.0, 0.0
6, 0 ,1.0,1.0,1.0,206.7784875690608,51.93771018496277,101.12433191208264,15.683553484796025,15.853293698279314,12.867698357546397,92.0,77.0,72.0,-0.5964963007319952,0.8019432902957052,0.032849997910865514,16.06527857054483,-0.8024575357210323,-0.5966917570359744,-0.004566229281374503,15.469617964554006,-0.01593946603791237,0.029084467246628203,-0.999449862267941,12.863754370194703,81.256082611356,81.54872203844445,71.71405451719012,24.69467599434338,7.283639855838106,133216.0,475200.9689822184, 0.0, 0.0,0.0,NaN, 147.0166882494433,147.0166882494433,0.0, 245.97384991045757, -8.951260435323146, -1.5442821403310327, -8.951260435323146, 251.3269210839026, 2.641054424441686, -1.5442821403310327, 2.641054424441686, 165.57766102080222, 6.275033040159882, 4.877850609432745, 43.0, 0.0
7, 0 ,1.0,1.0,1.0,148.36818263526874,60.25271436275391,173.00142009706994,14.578912990871874,12.266793281906207,14.379627923687309,71.0,61.0,70.0,0.6964638659975239,0.2587362493129873,0.6693232676750682,15.213171473332102,-0.7145350558056738,0.16404713397838067,0.6800942521873434,13.970948851705879,-0.06616447222313462,0.9519160105413326,-0.2991290214782028,11.965141977683853,70.86988730718235,77.12741439596087,62.72669198244628,22.967958820269143,6.501191296255624,111260.0,342864.7988159219, 0.0, 0.0,0.0,NaN, 204.3823536999537,204.3823536999537,0.0, 212.5447039954127, 9.809390696064613, 15.870140456081604, 9.809390696064613, 150.47421742101923, 21.091524996680427, 15.870140456081604, 21.091524996680427, 206.7736992236878, 6.9156035962383156, 4.935081548799873, 30.0, 0.0
8, 0 ,1.0,1.0,1.0,138.30866081104205,103.85444590201335,284.9240147151086,13.53832635277993,14.689293398747397,8.78823994821226,74.0,69.0,35.0,0.5120986786240246,0.8464033386714526,0.14613805677286063,15.436001814382639,-0.856215482792733,0.5165469348398185,0.008620390570955231,12.818446026494279,0.0681908379295601,0.1295401574547759,-0.9892266460367192,8.585573471145793,66.22575572494938,69.75809594801882,37.677612935192826,20.787713871043593,6.645730538610944,70132.0,174062.38147987775, 0.0, 0.0,0.0,NaN, 173.61542823513224,173.61542823513224,0.0, 183.2862804343755, 31.256014509198764, 11.646336243969039, 31.256014509198764, 215.77534055448385, 20.757904269260976, 11.646336243969039, 20.757904269260976, 77.23316138735383, 7.051438396437611, 5.160770044038134, 15.0, 0.0
9, 0 ,1.0,1.0,1.0,56.84196523053666,11.1989417989418,181.29603930461073,12.889461968954683,7.397167979592029,17.32073747044268,64.0,31.0,75.0,-0.23404807389674345,0.0753268677901287,0.9693025131991316,17.603602848887444,0.9721141597647114,0.03318769572105561,0.2321478779521279,12.563097892970667,0.014681944359448508,-0.9966064618703089,0.08099383105009274,7.2901309012737014,80.41424642004048,58.863737266085394,32.16182400020841,21.58547681199772,7.411576167465502,66150.0,152237.44952493245, 0.0, 0.0,0.0,NaN, 132.08730292294618,132.08730292294618,0.0, 166.13822984912912, -1.148983559090903, -34.620290326675715, -1.148983559090903, 54.71809411830162, 19.552352573716174, -34.620290326675715, 19.552352573716174, 300.0079465199971, 8.310741152070907, 5.281768989654328, 17.0, 0.0
10, 0 ,1.0,1.0,1.0,159.50634167861475,112.81769971692218,155.8039410315797,14.19658993967301,14.375025737964412,12.70904740499764,63.0,70.0,61.0,-0.6695003977293886,-0.7414238224033249,0.0453864849160284,15.325804823747816,0.6446579689471235,-0.5495929985533209,0.5313789975282601,13.466030826139903,-0.3690329531534544,0.38501720937383,0.8459175066002763,12.389113653473334,76.74209837530594,67.6794798348613,64.10886446500692,22.938787381530336,6.596699954508358,108804.0,332972.80653363897, 0.0, 0.0,0.0,NaN, 230.77869230058457,230.77869230058457,2.6973983046972182E-6, 201.54316591522493, 30.535672284064358, 7.064981808464838, 30.535672284064358, 206.6413649671393, -10.87040761036922, 7.064981808464838, -10.87040761036922, 161.5198859424773, 6.437645333591645, 4.609143083866925, 34.0, 0.0
11, 0 ,1.0,1.0,1.0,261.81212147122113,74.03431519245294,285.0386330925,17.187295253861414,13.230638551821801,8.36149767206182,75.0,61.0,36.0,-0.9861067325363704,0.16607761766340337,0.0034259243557980125,17.289197262275,0.16611195033353804,0.9858195190180644,0.023805375010265088,13.0995006879598,5.761968686636744E-4,0.024043727544612238,-0.9997107417462958,8.357888352002492,77.74369330368143,69.46211660326694,36.66611171438848,21.826376555975315,7.998552643382692,70173.0,198005.85773607722, 0.0, 0.0,0.0,NaN, 84.63590486480945,84.63590486480945,0.0, 295.4031181434071, -20.852544262076577, -0.37151983396006305, -20.852544262076577, 175.04979648895332, 2.5180050947410906, -0.37151983396006305, 2.5180050947410906, 69.91464331989523, 6.192467936602097, 4.850439926173649, 18.0, 0.0
12, 0 ,1.0,1.0,1.0,24.486122603086365,196.2120610846461,139.95514246925282,13.691435343164901,15.963906679028932,14.235905945713668,60.0,92.0,74.0,0.18102617577676836,0.9177453448856775,0.353515212719774,16.169439468058457,0.6150342660038169,-0.38613440343705063,0.6874831446104398,14.93343020742383,0.7674388414230703,0.09297152479647423,-0.6343452689602356,12.669042025220783,96.53181692521912,78.46259374640663,68.42844550229252,24.285838936424646,7.4270292487692,124483.0,518286.4027982676, 0.0, 0.0,0.0,NaN, 175.9515511952636,175.9515511952636,0.0, 187.45540175606502, 1.927269872382168, 32.887852225730164, 1.927269872382168, 254.84631645674457, 16.158633300102103, 32.887852225730164, 16.158633300102103, 202.66101809520578, 6.1219164412943154, 4.626519504569522, 29.0, 0.0
13, 0 ,1.0,1.0,1.0,287.5526335422262,136.86443101561724,133.31741768626281,8.477868627692219,17.324902718192195,15.27501908716765,39.0,84.0,82.0,-0.08816029033639713,0.9609626383537864,-0.26225668894411674,17.54334302764958,0.04740308749415178,-0.25893615163531786,-0.9647305409658766,15.096878627679388,-0.9949777437228552,-0.09748270135988565,-0.0227247097177365,8.346741273808794,85.27116077783856,78.07215975266061,43.60648220379443,23.175860883624708,8.260277905700905,80424.0,290301.59473245835, -5.6843418860808015E-14, 0.0,0.0,84.94222124839682, 191.46890940175177,191.46890940175177,0.0, 71.87425646840796, -22.113991302211982, -1.7318167346306224, -22.113991302211982, 300.1522541948233, -20.475059621092395, -1.7318167346306224, -20.475059621092395, 233.32620811333604, 6.455570254628663, 4.702110257736874, 21.0, 0.0
14, 0 ,1.0,1.0,1.0,285.1789399348739,157.87308250617914,64.26772333163325,9.282762269306343,15.590130105018332,13.91956400912062,38.0,79.0,68.0,0.10573701480763457,-0.9013987640448141,0.41988087820005715,16.06502700668454,-0.046692593013600785,-0.42628283874626544,-0.9033840507492326,13.449115325319854,-0.9932972794975512,-0.07591580579106394,0.08716252046526164,9.165822302696322,77.33641270875401,71.12163732772711,42.82602936112977,21.665756279782745,7.31922803777518,76467.0,235555.67940181083, 0.0, 0.0,0.0,NaN, 156.68460281719067,156.68460281719067,0.0, 86.16967534845743, -14.663036184655653, 11.814256367495052, -14.663036184655653, 243.05215669139892, -28.580116194782867, 11.814256367495052, -28.580116194782867, 193.75426220400612, 6.371666401810196, 4.759678052448172, 20.0, 0.0
15, 0 ,1.0,1.0,1.0,21.926872279753866,141.79879558757315,90.71201035569564,14.167597775644614,12.898456502591836,15.241310310394432,58.0,70.0,79.0,-0.4313476720442299,-0.21664656672690635,0.875787332031851,15.728778151707296,-0.9019982636203986,0.12335130804251607,-0.41374338330659277,13.786342988289451,0.018393429473846395,0.9684258980064734,0.2486221265747404,12.725204584723068,85.01135931633746,69.94505443011069,70.41769307567381,23.339902964217767,7.391716747840139,106608.0,418712.3457055805, 0.0, 0.0,0.0,NaN, 169.7538069700672,169.7538069700672,1.9073486328125E-6, 200.72082673245023, 4.856487415585289, -21.786593569591677, 4.856487415585289, 166.37018014925363, -17.65131489072447, -21.786593569591677, -17.65131489072447, 232.29753997773562, 6.287306584904238, 4.476270779433994, 27.0, 0.0
16, 0 ,1.0,1.0,1.0,117.73700946089683,109.93072832111068,90.39442422885294,13.892843972537182,12.345614670903675,11.914514419235415,69.0,64.0,61.0,-0.9134266730504742,-0.4038467000592951,-0.05059205284587505,14.236885481127665,0.32955490387500314,-0.6609298526084385,-0.6742145765725663,12.18669477532522,0.23884153385012338,-0.6325184367132748,0.7368006168061447,11.669470054127595,68.0404557137737,61.59824663773739,58.03206369819047,21.260863735930176,5.94614516271203,89315.0,243222.40529810108, 0.0, -1.4210854715202004E-14,0.0,66.18112439710883, 184.7103688417924,184.7103688417924,0.0, 193.01111364526272, 21.84778455505279, 0.3320677457484949, 21.84778455505279, 152.41420160243206, 6.857306193852258, 0.3320677457484949, 6.857306193852258, 141.95565384616862, 6.152234516638708, 4.606310858186917, 27.0, 0.0
17, 0 ,1.0,1.0,1.0,131.04485794982554,17.456155507559394,163.5772276679404,14.49127215840376,11.005141448513744,13.600966341788405,71.0,45.0,67.0,-0.976672808713868,-0.1370150789460231,0.16533932641806637,14.544858994103725,0.19630330540199242,-0.257614143368285,0.9460972283147632,13.795124359145651,-0.0870358374878816,0.9564840935833897,0.27850124185493896,10.688218432392294,73.54380068789563,68.04746742864546,51.9391605775692,21.78513389120407,6.442385726068301,90285.0,259927.9388314286, 0.0, 0.0,0.0,NaN, 189.97011599448746,189.97011599448746,0.0, 209.99696876892796, 9.175805174662237, -1.587248956694399, 9.175805174662237, 121.11313830179517, -20.744337866494497, -1.587248956694399, -20.744337866494497, 184.9862854304611, 6.682036323339274, 4.937568966750519, 22.0, 0.0
18, 0 ,1.0,1.0,1.0,285.12328347473994,77.0128398087348,28.727367173244183,8.733074165105485,13.239923097912051,16.28184089083603,37.0,72.0,63.0,0.05750362523234476,-0.049216407771520074,0.9971314247837172,16.31081146375417,0.16162413604369624,0.9860675671951383,0.03934960703730615,13.331492169960136,-0.9851756045158991,0.15889775999657527,0.06465701922300536,8.53751935415172,64.74802067591115,74.83226878816689,41.2907126032716,21.649631366713614,6.924879240230701,75079.0,200063.46546352623, 0.0, 0.0,0.0,NaN, 83.53176530329752,83.53176530329752,0.0, 76.26658437323287, 16.161858239059494, 11.741918371907715, 16.161858239059494, 175.29556363862505, -5.411129369797376, 11.741918371907715, -5.411129369797376, 265.0983427945002, 6.680748025934981, 4.996196035565517, 18.0, 0.0
19, 0 ,1.0,1.0,1.0,231.31883698012226,53.55958113337553,25.041165583713234,16.396281431287534,12.783182639616092,15.13705807607674,85.0,64.0,63.0,-0.8807143743892116,0.12975442431768477,-0.4555282429380263,16.706209105232197,0.4659736179704132,0.4097831415831527,-0.7841851594042094,15.370992782117758,0.08491630055403303,-0.90290728551952,-0.4213640417216318,12.083604122720473,87.63749847417103,84.28451388476087,59.54068031701069,24.575470127025607,7.577901979174288,124813.0,439796.2799487966, 2.8421709430404007E-14, 0.0,0.0,28.271341604851774, 90.6244495637717,90.6244495637717,0.0, 268.83804477398434, 2.0254418113283283, 20.41232736651026, 2.0254418113283283, 163.4097583977822, -36.86889288666349, 20.41232736651026, -36.86889288666349, 229.13052719852004, 6.391387924005286, 4.600823603191222, 25.0, 0.0
20, 0 ,1.0,1.0,1.0,192.63888888888889,65.82205151042827,285.3230349588065,11.933057403263197,13.557085948602863,8.592022735059919,61.0,71.0,37.0,-0.1456441344025413,-0.9893187546288917,-0.006015634103992738,13.591119923187813,-0.9890817690308686,0.14546574292771172,0.023600250110029614,11.896034568237853,-0.02247310136366628,0.009387192020378297,-0.9997033761776892,8.589593347300182,70.13208124887271,62.02078359899289,38.04554148009299,19.009085628349634,6.21851723976419,53892.0,165484.6614559821, 0.0, 0.0,0.0,NaN, 126.78471495757773,126.78471495757773,NaN, 142.3978589895746, 6.239329482008919, -1.48390144486496, 6.239329482008919, 183.79457941780518, 0.8927652574584944, -1.48390144486496, 0.8927652574584944, 73.82285467978652, 6.128159076459847, 4.517819438874592, 17.0, 0.0
21, 0 ,1.0,1.0,1.0,128.3796582252419,138.3205545261135,14.844238556035961,12.92229759825017,14.696073505600584,9.349415847076678,65.0,69.0,38.0,0.011507129617897795,0.9824212133870629,0.18632269173412197,14.858853721752617,0.9997696158356896,-0.007927296890846577,-0.01994675953037206,12.923094496873023,0.01811908440609,-0.18650929588386767,0.9822860995296578,9.087355120263243,72.71873150949283,64.92134961958654,40.91777492440431,20.705413749905055,6.4542830606163895,72855.0,193172.7414478033, 0.0, 0.0,0.0,NaN, 189.2994027163054,189.2994027163054,0.0, 166.9857752177421, 0.8932737877661199, -1.3873260374710075, 0.8932737877661199, 215.9745764820154, 25.311504395886995, -1.3873260374710075, 25.311504395886995, 87.4115766815685, 7.026020480328422, 4.649161083545135, 17.0, 0.0
22, 0 ,1.0,1.0,1.0,72.09385516006553,217.65176700656517,129.99285070286606,12.891486304365001,11.578748718778446,12.383708873978339,60.0,53.0,62.0,-0.7801787848667527,-0.44681019628008944,-0.4378147006942379,13.246400468555105,-0.5773339067115052,0.2448325231504274,0.7789368368289092,12.534251193221518,-0.24084564310999745,0.8604752664126634,-0.44897181658428004,11.001795678687266,65.25029954632416,61.03097378497405,59.258851079553835,20.489987111216948,5.811584524537789,78749.0,235985.889833187, 0.0, 0.0,0.0,NaN, 169.9320354225158,169.9320354225158,1.9073486328125E-6, 166.19041913563038, 13.874814791990747, 2.3710503048307103, 13.874814791990747, 134.0674218926135, 17.525618672296716, 2.3710503048307103, 17.525618672296716, 153.35624547544987, 6.292939592264428, 4.489178707553109, 24.0, 0.0
23, 0 ,1.0,1.0,1.0,274.42836399727975,9.953241310860735,177.9215542117742,14.435583235530462,6.375672544530129,15.109558903457824,59.0,26.0,67.0,0.6521616339390846,-0.014127293441911786,0.7579482982353809,16.885056992104182,0.7580074733573626,-0.0016724361444763573,-0.6522437223091764,12.313764369785755,-0.010482058590319426,-0.9998988061485767,-0.009617895318641103,6.371820102675032,79.36827995531041,64.75408419660127,26.460532063040766,20.566008254249848,7.373827939963556,54407.0,135991.79517756097, 0.0, 0.0,0.0,NaN, 125.12442809666156,125.12442809666156,0.0, 208.38606334992812, -2.393446468118473, 65.96681047549771, -2.393446468118473, 40.6492003950753, -2.496986896635578, 65.96681047549771, -2.496986896635578, 228.2987702570616, 5.926466462785005, 4.399062978078105, 11.0, 0.0
24, 0 ,1.0,1.0,1.0,123.12559104506417,232.1326232751134,239.9251664575895,13.300830623208354,12.549505753325434,11.952002083972822,60.0,62.0,53.0,0.6891931497471572,0.5976540563428854,0.40966136171048473,14.330546725209496,0.7150017728693328,-0.4693408513578316,-0.5181617797950916,12.329421581084008,-0.11741067726277779,0.6500221489946334,-0.7507902095000274,10.948668310246832,72.18344910624506,59.320012227602305,50.337916053362164,20.98088691069189,6.087275924094778,82904.0,215543.08472986313, 0.0, 0.0,0.0,NaN, 152.88844828456595,152.88844828456595,0.0, 176.91209526727712, 24.427797530390777, 12.229315435245422, 24.427797530390777, 157.49009465274818, 28.74789871174864, 12.229315435245422, 28.74789871174864, 142.85035381529067, 6.042232599264347, 4.381623130432796, 23.0, 0.0
25, 0 ,1.0,1.0,1.0,86.11334924811375,165.28937601282476,13.873320671208768,12.259551439348412,12.681089822107992,8.755263466488765,51.0,57.0,37.0,-0.38225883683135514,0.9239337258042879,0.0149883950356912,12.774625896015287,-0.9114839542586736,-0.3743423409345816,-0.1704840547165321,12.252989730306185,-0.15190517697995473,-0.07883071802935757,0.9852464336914217,8.627540485207836,62.12470397203491,56.39509406135711,39.240217563930635,18.871606927328195,5.6234981033577585,57389.0,137479.22152464374, 0.0, 0.0,0.0,NaN, 160.48342643459455,160.48342643459455,0.0, 150.29660149402972, -5.517405617164028, 11.254962606663016, -5.517405617164028, 160.8100390763709, 6.060338455335249, 11.254962606663016, 6.060338455335249, 76.65463836763288, 6.989870928688134, 4.816324693857545, 11.0, 0.0
26, 0 ,1.0,1.0,1.0,272.5810544942316,219.53827169117218,197.07580996286336,15.104172435473767,10.848889381749034,12.545484981428258,63.0,57.0,62.0,-0.9487724605403832,0.05370670165711744,0.3113621818995692,15.389170752664146,0.3159347013417509,0.1487509779975443,0.9370477101155913,12.238428256442212,-0.004010312736652809,-0.9874151795176574,0.15809864215061045,10.798977569865476,71.63583293944612,65.36653620049958,57.208475009742756,21.46879198535185,6.504966555402208,85899.0,267883.6194417397, 0.0, 0.0,0.0,NaN, 133.48886541540662,133.48886541540662,0.0, 228.13602496052556, -4.566854289919396, -25.69382445507454, -4.566854289919396, 117.69840081742694, 6.632391235603232, -25.69382445507454, 6.632391235603232, 157.38919341924196, 5.74585274766547, 4.283063447330098, 24.0, 0.0
27, 0 ,1.0,1.0,1.0,25.790357952303612,273.6620236554996,234.5327809434672,13.743125689336456,13.90138467089124,13.514760692403986,59.0,56.0,68.0,-0.03575472599006696,0.7926120950170406,0.6086769803451363,14.516265497438386,-0.8888854902405056,0.2531352216943102,-0.3818443986464502,14.047300416638551,0.4567320711415738,0.5546968779166422,-0.6954906101596608,12.518871477354649,77.68473760998643,70.73739859631162,68.29417714101675,22.85223132293393,6.522750924042535,108981.0,375291.27194883826, 0.0, 0.0,0.0,NaN, 75.13180639534407,75.13180639534407,0.0, 188.8735037128996, -10.666682683612837, 12.60661442100363, -10.666682683612837, 193.24849576808995, 22.127168226486393, 12.60661442100363, 22.127168226486393, 182.64875657294783, 6.349849375923237, 4.543477831535853, 16.0, 0.0
28, 0 ,1.0,1.0,1.0,85.44552960819743,216.92521900231012,277.68709544612426,13.529411629613639,12.862388841786906,12.097240074904061,64.0,66.0,54.0,-0.8824838040852119,0.1927022590273793,0.4290549788698848,13.931640565912542,0.25531878051098766,0.9623829787734246,0.09290491098737344,12.864221173962363,0.39501222240036427,-0.19153287324356189,0.8984878978714128,11.629722607195422,71.05199737013635,67.53719277252497,60.428834795265146,21.361445623329374,6.206277795284733,87442.0,289976.9757336441, 0.0, -2.8421709430404007E-14,0.0,78.88947287997222, 121.24447813187142,121.24447813187142,0.0, 183.04497904352476, -2.576309804121492, -21.561639308229203, -2.576309804121492, 165.44104671732433, 7.568455857851086, -21.561639308229203, 7.568455857851086, 146.3432174298648, 5.68721560108527, 4.216275873481241, 16.0, 0.0
29, 0 ,1.0,1.0,1.0,260.67719368629565,256.18205182854206,221.2923410603914,12.062602016205643,12.390939892297943,12.469446475669763,64.0,61.0,59.0,-0.1356633447679067,0.651788505150764,-0.7461683465811971,13.429056102054973,-0.8281721460195931,-0.4879830158568587,-0.2756872735411393,12.514600688197566,0.5438072760120869,-0.5805551832415057,-0.6059944931826822,10.843158029297886,69.04842714819132,67.72393826073551,55.82476097566693,20.516132306713693,5.798031510684426,79763.0,261049.50113125704, 0.0, 0.0,2.8421709430404007E-14,41.740450565350834, 98.29135900014522,98.29135900014522,0.0, 145.50636740136844, 10.227893515556115, 15.267344478303666, 10.227893515556115, 153.53539141454058, -25.273373425498086, 15.267344478303666, -25.273373425498086, 155.48709540959308, 5.957447453837677, 4.336420182982499, 20.0, 0.0
30, 0 ,1.0,1.0,1.0,124.27526074947438,277.2696232015501,231.98544749969082,14.729901272805385,12.822340298122738,12.533945108372757,66.0,48.0,64.0,-0.9793777663475681,-0.065120224924827,-0.1912551883996568,14.839629218436073,-0.0711348383721761,-0.774872714670578,0.6281019907855838,13.550208574445739,-0.18910056994576369,0.6287540316886954,0.7542607918229598,11.604285176412757,69.89257580890404,68.69313958852214,62.433333579810665,22.253019883827807,6.579155588457549,97028.0,299751.20429244015, 0.0, 0.0,0.0,NaN, 143.4816706606341,143.4816706606341,0.0, 216.96999150659371, 8.154552330595196, 13.838404050153061, 8.154552330595196, 164.41241072086228, -22.757743043651978, 13.838404050153061, -22.757743043651978, 157.09977997970137, 5.863050672885608, 4.279896189776516, 17.0, 0.0
31, 0 ,1.0,1.0,1.0,190.12767772397967,221.89966719930797,25.187533790683982,13.734875783513095,11.46719177567009,13.037413174709311,70.0,57.0,57.0,0.8853960008520145,0.15627316983705292,0.43778147295692993,14.020597804666327,-0.43768223428477115,-0.036912254151611854,0.8983717199939776,12.795322536834473,-0.15655089736807737,0.9870239013734805,-0.035716027924774525,11.393858024162654,68.35037563614506,65.55913482686108,59.00684647506421,21.24194051870923,6.236778438920365,83233.0,264409.177012513, -2.8421709430404007E-14, 0.0,-3.552713678800501E-15,18.090838077312984, 137.13497381908587,137.13497381908587,0.0, 188.64681278853445, 9.784451319464146, 12.546106453046214, 9.784451319464146, 131.49648721999574, 3.4429264196411933, 12.546106453046214, 3.4429264196411933, 169.97414228808393, 5.968674896288182, 4.334853080283452, 20.0, 0.0
32, 0 ,1.0,1.0,1.0,56.88805145773614,237.92646297979445,59.01505977766902,11.809843976012514,11.335145534088658,12.492825197054593,62.0,55.0,61.0,-0.5805121327254361,0.18049606541146487,0.793994228020296,13.270796390868203,-0.039456721628353314,0.9677402854258268,-0.2488411281968518,11.27302725418378,-0.8132950454029021,-0.17578370326887427,-0.5546631940089155,10.992426488243643,63.18826865781263,57.356590772324836,59.02621197769757,19.816837055176812,5.596569444711039,71515.0,213926.55547246482, -7.105427357601002E-15, 0.0,0.0,54.513428607772845, 102.82096905504592,102.82096905504592,0.0, 139.47241473775907, -6.0308709694995475, -25.418771326573527, -6.0308709694995475, 128.48552427897005, 6.417887147741933, -25.418771326573527, 6.417887147741933, 156.07068140416212, 5.83935484132808, 4.293530615447717, 22.0, 0.0
33, 0 ,1.0,1.0,1.0,10.802340285622755,111.82095466118128,173.90249371933433,7.204323129144596,14.1583978235161,16.312894436550415,31.0,73.0,74.0,0.073516658579375,-0.12193336381305131,0.989811878944963,16.37806164511841,-0.02070314942863592,0.9920971126087758,0.12375257070892083,14.126911233348283,-0.9970790743542159,-0.029590098725163848,0.07041126005388532,7.117759572359136,71.48881204185315,70.48352173622938,33.060453858620036,21.298223199397935,8.05349080366715,59309.0,166584.46072527647, 0.0, 0.0,0.0,NaN, 168.882200208272,168.882200208272,0.0, 51.90227174912778, -5.008884798377496, 15.451161440452289, -5.008884798377496, 200.46022892894544, -7.977767610217539, 15.451161440452289, -7.977767610217539, 266.11052489803745, 7.2800779919663405, 4.662978717669036, 19.0, 0.0
34, 0 ,1.0,1.0,1.0,129.17582544048426,63.78785402736699,245.1466171037943,12.701158838683408,12.53271106966344,12.648341864501974,60.0,57.0,60.0,-0.6689246279217494,-0.7026145062235924,-0.24263696710090663,13.808124393195609,0.43743193293012345,-0.10816974037142985,-0.8927220235442795,12.819420435761447,0.6009934660316738,-0.7033009049561606,0.3797034248924813,11.107069593536439,63.87282302684906,59.2771677074949,57.235238879471666,21.06929107410509,5.8697366343879205,86893.0,216704.06387873588, 0.0, 0.0,-2.8421709430404007E-14,75.95777127896109, 154.15634211671244,154.15634211671244,0.0, 161.31943584546565, 29.690874594845372, -5.076462040806443, 29.690874594845372, 157.06884675566454, 15.42920303927063, -5.076462040806443, 15.42920303927063, 159.98055192131326, 6.436342652738126, 4.453356965099211, 24.0, 0.0
35, 0 ,1.0,1.0,1.0,201.35380585067676,184.03679231552903,86.53136370251782,12.303962690382706,12.003598517486138,11.28327638055857,65.0,54.0,55.0,-0.8355012667656843,-0.030756053417591203,0.5486271032414565,13.042505962409846,0.0675147853931238,0.9851212617067986,0.15804383406677372,12.047308193648417,0.5453250287546483,-0.1690862647034932,0.8209935737278109,10.370226836629525,62.793654003617846,56.75019753628416,52.81562857487846,19.76043351221343,5.684317773035946,68710.0,188211.25303242996, 2.8421709430404007E-14, 0.0,0.0,33.331930354844566, 175.1177148686995,175.1177148686995,0.0, 151.38749788632964, 4.1082459439599415, -28.27746254705627, 4.1082459439599415, 144.0863773689954, 4.79771085082309, -28.27746254705627, 4.79771085082309, 127.31232588007093, 5.775579091867945, 4.209631466338939, 25.0, 0.0
36, 0 ,1.0,1.0,1.0,71.72812731422007,260.5602792933033,137.00386899814106,11.279372319059554,11.554907244189947,11.816227881048658,61.0,54.0,57.0,0.27005583492408136,-0.6400569943292459,0.7193030585460273,12.526894144942858,-0.8779131995103843,0.14309763947673862,0.4569370631735027,11.247224000762573,-0.3953963329987997,-0.754884169648826,-0.5232701312560323,10.813890975441659,66.28511495952095,55.73025377336083,53.30624605938635,19.258950891483856,5.427354164792394,66167.0,196917.87210449486, 0.0, 0.0,0.0,NaN, 159.59472402898223,159.59472402898223,0.0, 127.22423991196692, -8.112051865624384, 3.9318179667743314, -8.112051865624384, 133.5158814218333, -17.78281366087467, 3.9318179667743314, -17.78281366087467, 139.62324133687164, 6.109818062253848, 4.396157154947358, 24.0, 0.0
37, 0 ,1.0,1.0,1.0,191.22702547294577,244.18939681444425,86.046541314473,12.116877244739817,12.971722461661306,12.989173646541207,60.0,63.0,65.0,0.35162452365255237,0.5135649384128851,-0.7826948628929957,13.52962190403743,-0.40778474111622853,0.8366221558411329,0.3657526121143976,12.819801072928877,-0.842657581274201,-0.19056343402842077,-0.5036008124818802,11.679253460336621,64.43814359754059,62.18719493465042,61.37363719884473,21.16887462782106,5.973414165938563,86955.0,245938.1204445589, 0.0, 0.0,0.0,NaN, 149.50047052628986,149.50047052628986,0.0, 146.81871416409356, -1.109480564820366, -17.005137968938264, -1.109480564820366, 168.26558362236847, -10.199660616503323, -17.005137968938264, -10.199660616503323, 168.71863202000063, 6.161854461715423, 4.385538889325422, 29.0, 0.0
38, 0 ,1.0,1.0,1.0,68.78280017360667,43.24917664479563,169.42066430085015,11.977819835102355,12.057655958774125,12.832096893029197,57.0,58.0,59.0,0.01974397963688116,-0.2595063535247936,0.9655395526587003,12.888161411013586,0.6920434284607848,-0.6934441385829287,-0.2005271048741847,12.232150244120499,0.7215858011299423,0.6721545054116983,0.1658983196491587,11.738302336511238,60.49580722985107,62.84265897092014,63.173202619245984,20.472860493563353,5.863440040241951,78338.0,240166.66253206556, 0.0, 0.0,0.0,NaN, 153.79378333276776,153.79378333276776,0.0, 143.46816800217144, -5.825949850504265, -1.1029436151168213, -5.825949850504265, 145.38706722016119, -5.449109846468155, -1.1029436151168213, -5.449109846468155, 164.66271067208956, 5.887108538168074, 4.204306834830436, 24.0, 0.0
39, 0 ,1.0,1.0,1.0,109.46251706111097,171.0196234966908,169.37906569493447,13.441824855462718,10.224969433697998,13.366896283935004,68.0,49.0,62.0,-0.6962211247261822,-0.10165920907820938,-0.7105923941997994,13.58770627052298,-0.717082473600412,0.14358316055838144,0.6820385634692369,13.308977332061236,0.03269360090483375,0.9844030075196131,-0.1728636666457601,10.10702390969467,74.11340999703867,63.59881121648651,49.30111635470041,20.655219283721763,6.104792213646744,77662.0,232382.03317641173, 0.0, 0.0,0.0,NaN, 213.72835245474022,213.72835245474022,0.0, 180.68265544493534, -1.8824248152395586, 4.132664111637037, -1.8824248152395586, 104.54999992005835, 13.300202208041348, 4.132664111637037, 13.300202208041348, 178.6739162654754, 5.9729494494162605, 4.29893046851947, 22.0, 0.0
40, 0 ,1.0,1.0,1.0,220.83512200125656,191.5479478401354,233.11355156364195,11.788604653414183,12.238553254076542,12.421918760465777,56.0,61.0,62.0,-0.29731750961315473,-0.6949747892448608,0.6546849171864987,13.00943092726104,-0.6465974431828129,-0.3579571248575422,-0.6736307914823748,12.141975410894275,-0.7025055479829896,0.6235998228654199,0.3429420008913118,11.242090161043922,64.9352596361206,63.979146266616056,53.34493817430172,20.280127278851268,5.636833213121366,77991.0,221621.67762691758, 0.0, 2.8421709430404007E-14,0.0,45.974791727456925, 150.00907476106738,150.00907476106738,0.0, 138.97119967449854, 13.726712842203616, 0.8228405784883517, 13.726712842203616, 149.78218575286755, -14.42705730240992, 0.8228405784883517, -14.42705730240992, 154.3040656916116, 5.956766105712265, 4.26619522101104, 30.0, 0.0
41, 0 ,1.0,1.0,1.0,234.92220357233342,159.35522232074993,15.89116734228528,12.380437046729618,12.481953211248898,10.099916493086798,57.0,56.0,42.0,-0.7131765127756253,0.6539282290847886,0.25250174817460286,13.170002106314962,0.6211354740254104,0.7564794591969014,-0.2047670645401558,11.942476316438201,0.32491534979503056,-0.010802732024627011,0.9456814032476144,9.747358337218387,65.37893954679464,67.67039528356958,47.836359745833605,19.4106581903091,5.8573918446849635,63152.0,211638.5164832374, 2.8421709430404007E-14, 0.0,-1.7763568394002505E-15,42.53048072169653, 155.78383188196074,155.78383188196074,0.0, 153.27522146803517, -14.20919040945893, -20.180622859883297, -14.20919040945893, 155.79915596780668, 5.576362474830622, -20.180622859883297, 5.576362474830622, 102.00831316732673, 6.053712324944589, 4.336005943777718, 20.0, 0.0
42, 0 ,1.0,1.0,1.0,112.0710559500896,212.379186301188,151.60335833278026,11.494390572563322,12.731646866723352,11.694429702787165,56.0,59.0,55.0,-0.15592470584719761,0.908186491404498,0.388438905024784,12.979627125259066,-0.6879054295838365,-0.3820483221525119,0.61711036248756,11.510505257334659,0.7088537268404124,-0.17098648008201886,0.6843171907628943,11.402327878864034,62.1314089219299,56.33236815943722,50.885288942437086,20.00994412898149,5.52970782248315,75335.0,178098.98970444564, 0.0, 0.0,0.0,NaN, 205.56967634629203,205.56967634629203,0.0, 132.1210146346326, -4.794514956796432, -3.3814930265529943, -4.794514956796432, 162.09483193894656, 12.982510995763061, -3.3814930265529943, 12.982510995763061, 136.7596860734307, 6.412818154224065, 4.382245550023814, 17.0, 0.0
43, 0 ,1.0,1.0,1.0,20.7282845557609,259.8670730698149,15.126679171378921,12.500033891787638,16.048306199787675,9.602271448309214,49.0,72.0,37.0,0.40831954545830285,-0.9005447952432452,0.1493124929703708,16.993165391117078,0.9128262216710712,0.4019470726643613,-0.07201971817680941,11.390239991502206,0.004841262897352358,0.1657034173964222,0.9861637488960471,9.354002302283348,79.49688079122456,53.865661584126684,42.83267590776554,21.267680223099077,7.327235090606862,72506.0,183416.03213162182, 3.552713678800501E-15, 0.0,0.0,65.90068509414903, 47.635386293825725,47.635386293825725,0.0, 156.2508472958396, -58.51085142542111, 9.493955070688411, -58.51085142542111, 257.54813188214354, -28.28610137293829, 9.493955070688411, -28.28610137293829, 92.20361696701434, 7.588469206200065, 5.0164142086761805, 10.0, 0.0
44, 0 ,1.0,1.0,1.0,88.91856989631748,18.337275652484806,218.51409367179122,12.577171059036392,10.68796863067501,12.330057139170808,60.0,42.0,56.0,-0.7489363962611459,-0.01021873706438068,0.6625630926698046,13.3983034795435,-0.6018801557184913,0.4287518210562596,-0.6737300305710182,11.640449840550295,0.27719046251206375,0.903364518538198,0.3272582988078347,10.461051846418592,66.17571523450417,62.8563301064934,52.85887471330199,19.784593894625072,5.746134246477595,69925.0,219869.79843138557, 0.0, 0.0,0.0,NaN, 121.9947567762284,121.9947567762284,0.0, 158.1852318482626, -6.190297496385406, -24.205316419489748, -6.190297496385406, 114.23267345029308, -8.004124206729065, -24.205316419489748, -8.004124206729065, 152.030309055217, 6.466331266647242, 4.599544847025925, 18.0, 0.0
45, 0 ,1.0,1.0,1.0,161.34611848334728,98.18676839895157,215.40851641942612,11.320009315803068,11.966090930774067,12.37751665357816,55.0,55.0,60.0,-0.08675811884311038,0.5354790374706281,0.8400804897415095,12.70816582637145,-0.5007732562530982,-0.7524217281908091,0.427887472085857,11.78355993342285,-0.8612195856089626,0.3835671302078508,-0.3334322749639579,11.143747045222398,60.95059988020324,56.729921522059286,57.44185780096001,19.852778614536113,5.513623388044955,72871.0,198618.018401531, 0.0, 0.0,0.0,NaN, 189.79267489190892,189.79267489190892,0.0, 128.14261090986824, 3.79372215890607, -5.862848062065328, 3.79372215890607, 143.18733216355338, 12.062934384482247, -5.862848062065328, 12.062934384482247, 153.2029185096047, 6.064905679291685, 4.293590485372211, 23.0, 0.0
46, 0 ,1.0,1.0,1.0,13.452225038013179,142.50931576279777,239.32565636087176,8.257012769418898,10.965367745791593,13.00608456919587,33.0,51.0,63.0,0.018034020991493902,0.3508268458228679,0.9362666812061912,13.30593993399714,-0.1853302119409175,-0.919018470850216,0.34793356086768207,10.67788179346017,-0.9825108073852487,0.17979314360149584,-0.04844521529603229,8.15540240415028,65.51609239269959,54.58510999363496,35.74851800409769,18.074173537899767,5.558780119573543,49325.0,127843.96125015523, 0.0, 0.0,0.0,NaN, 155.47103721816862,155.47103721816862,NaN, 68.17825987434675, 8.79075930248413, -1.1969607863274954, 8.79075930248413, 120.23928980044658, 21.117381873334498, -1.1969607863274954, 21.117381873334498, 169.15823582107492, 6.156946283817533, 4.291005005370212, 13.0, 0.0
47, 0 ,1.0,1.0,1.0,241.0758824824482,278.81790161207465,286.5898138408474,11.26404265038348,11.961855905847488,7.790732699690878,67.0,54.0,30.0,-0.3989711462416939,0.9089910396120747,-0.12065369605423999,12.240110915030424,-0.9093462400300991,-0.37529212264900524,0.17956959213832804,11.11910943127214,0.11794676854289138,0.18135907085823963,0.9763183124410427,7.563415880612222,57.35286146299893,61.648099003774604,35.052685090209934,17.318486081571095,5.543483506096502,40879.0,123935.59926051844, -2.8421709430404007E-14, 0.0,0.0,66.48612439533576, 64.03566201860595,64.03566201860595,0.0, 126.87865682965811, -10.917515859014506, -6.3890653522422864, -10.917515859014506, 143.08599671225844, -14.63412573127356, -6.3890653522422864, -14.63412573127356, 60.69551599803272, 6.150250302817643, 4.48817218795443, 14.0, 0.0
48, 0 ,1.0,1.0,1.0,246.59996124594292,88.96874243084822,117.88877585622245,12.133617584029968,10.891482003305887,14.674891829048505,69.0,58.0,68.0,0.3183268128860698,0.030921304029857474,0.9474766029590862,14.954349444792983,0.7994332772173859,0.5283995364231109,-0.2858327573692557,12.330786121979799,0.5094845193676323,-0.8484325564621705,-0.14348422094362157,10.272324585754777,65.54388985883614,62.94791551131732,54.86118413719646,21.059137258873307,6.141192393199379,82572.0,226349.08466160606, 0.0, 0.0,1.4210854715202004E-14,18.652347275031477, 157.05019815823243,157.05019815823243,0.0, 147.22467567548125, 20.81679625025169, 24.99164419031399, 20.81679625025169, 118.62438022833602, -3.5669000328814664, 24.99164419031399, -3.5669000328814664, 215.35245019427455, 6.428445222929358, 4.325042387739005, 19.0, 0.0
49, 0 ,1.0,1.0,1.0,46.41718429333698,110.86121220413189,107.515952934738,11.689197598276271,11.782827639415508,13.473339539764051,60.0,59.0,61.0,-0.1076100286603078,0.4466395249802432,0.8882191263743142,14.215596277877786,0.7773116026224076,0.5948050554451462,-0.20492344532893397,12.854807289160126,0.6198441369895431,-0.6683712147768772,0.4111850740206523,9.469635581606818,66.00313485247344,58.533357777539656,46.444120681207366,20.48949353181266,6.0978603489515075,73090.0,179431.52413629537, 0.0, 1.4210854715202004E-14,0.0,63.47171709703235, 161.25893310001766,161.25893310001766,0.0, 136.63734049154775, 29.53795207923966, -22.782041823588077, 29.53795207923966, 138.83502718017402, 35.38282701559585, -22.782041823588077, 35.38282701559585, 181.53087835376937, 6.31653028222397, 4.322380829809566, 21.0, 0.0
