// Sample: .//bubblelabels.tif, Map: .//bubblelabels.tif, Thickness:(8.191250068658265):/afs/psi.ch/project/tipl/test/LabelValidation/Step3500//distmap.tif, Neighbors:(1.0):
//LACUNA_NUMBER, TRIANGLES, SCALE_X, SCALE_Y, SCALE_Z, POS_X, POS_Y, POS_Z , STD_X, STD_Y, STD_Z,PROJ_X, PROJ_Y, PROJ_Z, PCA1_X, PCA1_Y, PCA1_Z, PCA1_S, PCA2_X, PCA2_Y, PCA2_Z, PCA2_S, PCA3_X, PCA3_Y, PCA3_Z, PCA3_S,PROJ_PCA1, PROJ_PCA2, PROJ_PCA3,OBJ_RADIUS, OBJ_RADIUS_STD, VOLUME, VOLUME_BOX, Mask_Grad_X,Mask_Grad_Y,Mask_Grad_Z,Mask_Angle, Mask_Distance_Mean,Mask_Distance_COV, Mask_Distance_STD, SHAPET_XX, SHAPET_XY, SHAPET_XZ, SHAPET_YX, SHAPET_YY, SHAPET_YZ, SHAPET_ZX, SHAPET_ZY, SHAPET_ZZ, Thickness, Thickness_STD, Neighbors, Neighbors_STD
1, 0 ,1.0,1.0,1.0,56.297263242780105,265.02453673369956,16.08997362364128,15.3328131880768,20.692915256980736,10.773110993212105,95.0,89.0,46.0,0.002069429857882021,-0.996213284209971,-0.08691840900319886,20.75034584617695,0.9556281522131127,0.027573653014935307,-0.2932823355696074,15.742989042230978,0.2945684167690338,-0.08245475136701343,0.9520665217405707,10.046554924219448,92.71710371499736,100.49056518705768,53.615116023917395,26.197337552377764,9.64631161283205,119046.0,499542.4456284216, 0.0, 0.0,0.0,NaN, 68.20228830859477,68.20228830859477,0.0, 235.09516026046182, 3.1914696341566815, -41.23315345827137, 3.1914696341566815, 428.19674183258616, 27.355570006933107, -41.23315345827137, 27.355570006933107, 116.05992047206753, 6.759837605805795, 5.222683358710419, 20.0, 0.0
2, 0 ,1.0,1.0,1.0,79.24028320228489,15.986270022883295,258.4241066051857,16.329501996360555,10.029769391165795,18.45429377577496,81.0,43.0,80.0,0.3467326001852349,-0.08879321870457194,0.9337517166146836,18.774871240163385,0.9220854002051652,-0.15013310474372304,-0.3566771167155123,16.139488336819955,-0.1718575535065798,-0.9846704094122524,-0.029818888823036654,9.738120680739922,90.8611844736368,93.1933804336743,44.775056471545525,25.218201590278856,8.47656633334966,116242.0,379139.9963811212, 0.0, 0.0,0.0,NaN, 90.90180538801091,90.90180538801091,0.0, 266.65263544914336, -30.864992928624172, 28.94133169087374, -30.864992928624172, 100.59627403996629, -12.492688751553846, 28.94133169087374, -12.492688751553846, 340.5609587626065, 6.489699931698581, 5.001743035964466, 29.0, 0.0
3, 0 ,1.0,1.0,1.0,152.00162085673855,174.73922216028473,14.084567557137344,17.894660702015404,19.01362350751605,9.707218198508995,89.0,106.0,47.0,-0.5959470260883409,0.8015051314208201,0.049362601253940645,20.23272912469668,-0.7916345257200375,-0.5966999863278019,0.1313921763439976,16.624207541024802,0.13476616706159456,0.03922563731150958,0.9901007168935051,9.499433745169783,111.92884371938516,97.15285665185283,48.97256682917313,26.10857408024414,9.711292662444064,116605.0,532537.8245690328, 0.0, 0.0,0.0,NaN, 194.402051782677,194.402051782677,0.0, 320.2188816402545, -64.51151934298119, -28.74754927548823, -64.51151934298119, 361.517878885567, -1.9665749300851385, -28.74754927548823, -1.9665749300851385, 94.23008515346423, 7.695710056424933, 5.259810809873774, 27.0, 0.0
4, 0 ,1.0,1.0,1.0,191.92094880079532,116.63063098048963,235.94723188766,15.738826147762145,15.320149433624586,13.928384232548105,94.0,79.0,79.0,0.7203821547113706,0.4864561957537338,0.49437831747175937,17.406337088305694,0.5018878819344691,-0.8575830480786887,0.11251608602949928,14.685322821583433,0.47870461157245503,0.16706790613660708,-0.8619339937596119,12.560980746013355,90.59655115762462,78.65612317259519,69.38172859428623,24.802645714328268,7.826000260483152,128752.0,494412.35843584704, 0.0, 0.0,0.0,NaN, 171.4250346182863,171.4250346182863,0.0, 247.7106485094814, 25.971523254935313, 54.981087098861565, 25.971523254935313, 234.70697866858774, 29.335206496842407, 54.981087098861565, 29.335206496842407, 193.99988732949467, 6.062396682887516, 4.569761655830606, 37.0, 0.0
5, 0 ,1.0,1.0,1.0,21.58195134623281,135.24297553903781,188.45145098170664,13.836442537317865,15.342065184025081,15.198260424099443,66.0,80.0,74.0,0.31693176039369764,-0.6628365857070927,0.6783818393072704,16.75114680191193,-0.42808813434102944,-0.7382247585462075,-0.5213106128843054,14.163753455630022,-0.8463420162618471,0.12518732570654448,0.5177193496405894,13.28910813362,84.12753190498402,65.63690734351749,73.34641668416414,24.446765427347515,7.756860592924532,119333.0,405009.4524660786, 0.0, 0.0,0.0,NaN, 176.63386381056873,176.63386381056873,0.0, 191.44714208849925, -14.259556696672757, 27.718766268546993, -14.259556696672757, 235.37896411087453, -37.52379326099749, 27.718766268546993, -37.52379326099749, 230.9871199187474, 5.932244925711572, 4.445975608488063, 28.0, 0.0
6, 0 ,1.0,1.0,1.0,259.4607739348121,139.51424194492535,128.6607403071328,20.152562061692755,15.266166926907328,13.938792480105143,90.0,92.0,77.0,-0.9143356676918956,-0.37903717028833767,0.14255213195959518,21.079515004717056,-0.38412953582207576,0.7003571390947226,-0.6016181325626513,14.679013006862377,0.12819823124962582,-0.6048394012123096,-0.7859608846791312,13.177714915883046,102.67508156640699,78.68534230439826,68.5571869375483,27.418362835055312,9.039077692958548,160582.0,553875.1544716165, 0.0, 0.0,0.0,NaN, 194.06503717004526,194.06503717004526,0.0, 406.1257576503781, 82.56250519990485, -25.61750069625148, 82.56250519990485, 233.0558526401991, -32.247559583778866, -25.61750069625148, -32.247559583778866, 194.28993580343567, 5.709063844173399, 4.327159241030814, 38.0, 0.0
7, 0 ,1.0,1.0,1.0,53.110264924330544,251.363928183868,215.34323848388166,20.204007175902202,18.216026725190968,12.675860057310786,107.0,92.0,69.0,0.7680550128824384,0.6275061358230702,0.12777928897343016,23.283619398315953,-0.6000261809236721,0.6354647226744746,0.4859559326136536,15.075379226509877,0.22374109902364778,-0.44991180884774673,0.8645919759441666,11.459012728005229,130.76680772378828,70.7179493378137,58.00987190702678,28.000217281328474,10.802351411024208,153893.0,536449.7991106716, 0.0, 2.8421709430404007E-14,0.0,51.13363151405936, 111.14375822525284,111.14375822525284,0.0, 408.20190596390773, 161.4091251885917, 12.33823881636782, 161.4091251885917, 331.8236296528716, 62.5729343470578, 12.33823881636782, 62.5729343470578, 160.67742819252697, 6.3584811247566035, 4.627715001856714, 34.0, 0.0
8, 0 ,1.0,1.0,1.0,30.736075457305894,11.078508456675126,73.44546801425827,17.9388525331692,7.3996945839902,13.23262208699509,74.0,31.0,63.0,-0.9870090122647401,0.0575133838845121,-0.15001806685307795,18.06087090812764,0.14964825299923473,-0.010708535160984665,-0.9886813074236729,13.100536462552478,-0.058468881316978256,-0.9982873023077368,0.0019626432896541444,7.33764838852591,77.31679190439519,64.69219323046578,33.79070289725823,22.092598936930585,7.973535580427968,68171.0,169014.09587220935, -3.552713678800501E-15, 0.0,0.0,9.24549142084636, 80.38455359069464,80.38455359069464,0.0, 321.80243020679103, -15.649256661153698, 22.900718201472, -15.649256661153698, 54.7554799363339, -1.1028757802043356, 22.900718201472, -1.1028757802043356, 175.10228729723028, 6.029764648115257, 4.338260185726778, 23.0, 0.0
9, 0 ,1.0,1.0,1.0,223.38292170017257,25.513577608375144,269.7555401899494,17.893583667544696,15.265955875000348,16.86087253934744,95.0,67.0,75.0,-0.925509654382512,0.32474101616081064,0.19487214287221147,18.351997476787375,0.10807217640387692,-0.2666973771716415,0.9577018918729863,16.89646411919261,0.3629769749338004,0.9074226035495325,0.21173552898674297,14.670802872161667,106.30488754124525,81.2457855787865,81.18451911715118,27.621408172901315,8.635773189417588,174994.0,701176.4111891607, 0.0, 0.0,0.0,NaN, 86.23135554299397,86.23135554299397,0.0, 320.18033646742225, -38.56099821685162, -14.652913771834193, -38.56099821685162, 233.04940877745764, -10.252178151772705, -14.652913771834193, -10.252178151772705, 284.28902278812063, 5.788473183973179, 4.317168786125383, 35.0, 0.0
10, 0 ,1.0,1.0,1.0,139.64221772819855,20.404338907372374,248.1088713476997,17.014112980035755,13.196404709516914,15.528833722260126,78.0,59.0,75.0,-0.9234474795416934,0.22827700180756597,0.3084385886588172,17.26334368620418,0.3672818610188406,0.29303874517272077,0.8827413711807861,15.728521520962364,0.11112509660122487,0.9284491931567098,-0.3544478926894933,12.623802520041362,86.29094930489924,84.25066402959163,64.39650278680595,25.38864753404535,7.757988845081167,137961.0,468167.06876314274, 0.0, 0.0,0.0,NaN, 150.36281206171324,150.36281206171324,0.0, 289.48004049742116, -19.756292224122024, -10.955502716547139, -19.756292224122024, 174.14509725736016, 32.533497362380515, -10.955502716547139, 32.533497362380515, 241.1446767736033, 6.719467378810113, 4.651485941663929, 22.0, 0.0
11, 0 ,1.0,1.0,1.0,162.19946308724832,254.1755498193082,281.0833660299432,17.039950255780102,13.891709401945572,11.00489162493825,84.0,63.0,51.0,-0.8671227603387829,0.48681957148049254,0.10537942553458149,18.358545811469572,0.49659396157750474,0.8613509658709694,0.10709318800889178,12.210028534541749,-0.03863361007217122,0.1451937271947299,-0.988648686721473,10.877781638645295,88.61692593679562,63.844954534037186,53.53553628554218,23.319124499739377,7.7888103757766425,96850.0,302890.3381872322, 0.0, 0.0,0.0,NaN, 146.4469434592694,146.4469434592694,0.0, 290.3599047194604, -79.16782933824713, -18.349245895368604, -79.16782933824713, 192.97959010810303, 14.057321742477026, -18.349245895368604, 14.057321742477026, 121.10763967663601, 6.140577855010776, 4.630752297644345, 25.0, 0.0
12, 0 ,1.0,1.0,1.0,39.67822815950569,87.75363293094571,35.49490102408605,17.494409582862037,14.34215061533882,17.080543969561873,81.0,81.0,78.0,0.7319243624001568,0.3632045979550059,0.5765146552772671,20.53095238787885,-0.3670637219017988,-0.5026580399301729,0.7826871143420954,15.306032957493974,-0.574065285301875,0.7844853822206631,0.23458843384399344,12.153270439387713,105.15915871490762,76.29718413540866,62.155306766837924,26.71601083660853,9.473721454649978,139832.0,498693.6373416318, 0.0, -1.4210854715202004E-14,0.0,68.70286771016067, 102.6399039417254,102.6399039417254,0.0, 306.054366652935, 88.76462440710957, 90.66967201125242, 88.76462440710957, 205.69728427306367, 23.27575476485717, 90.66967201125242, 23.27575476485717, 291.7449822961365, 5.780578380091163, 4.339094404995428, 33.0, 0.0
13, 0 ,1.0,1.0,1.0,190.5364307137888,283.29430816426606,60.63836144468393,15.30088977821626,10.516939513580242,13.762093766257095,72.0,44.0,75.0,0.9275929662308142,0.1003297456753391,0.359868352501079,15.61040454864451,-0.35723449461897455,-0.0437139268665903,0.9329912156350819,13.4655228553809,-0.10933803022482587,0.9939934782133252,0.004707485096197363,10.44573758178684,73.41633600491045,66.03322838605322,47.5578366141591,22.06513800938559,6.8737292785918624,87687.0,230556.47707176322, 0.0, 0.0,-7.105427357601002E-15,68.90788867726734, 126.24723370943144,126.24723370943144,NaN, 234.1172280051228, 13.651491470448823, 20.855118254301725, 13.651491470448823, 110.60601673230543, 1.913827661991411, 20.855118254301725, 1.913827661991411, 189.3952248312524, 5.937856087262905, 4.5323114206993385, 28.0, 0.0
14, 0 ,1.0,1.0,1.0,276.4857101570277,206.25882277383513,209.909259497126,15.16406469683384,14.958405329394935,14.850473203990433,71.0,79.0,86.0,-0.7005397134570148,-0.35098757265815045,0.6213306959334159,16.668832656489087,-0.226934402777034,0.9350555909980701,0.2723450359002003,14.705626720506018,-0.6765684641673704,0.04978720300227809,-0.7346947309675058,13.421395722419238,92.97376555382635,80.33246888608406,73.36066895561993,24.716334382279356,7.9587761128259435,124564.0,547917.054056097, 0.0, 0.0,0.0,NaN, 132.1236983244215,132.1236983244215,0.0, 229.94885812976239, 16.36164304724822, -44.765060676399074, 16.36164304724822, 223.75388999847078, -12.111224159366705, -44.765060676399074, -12.111224159366705, 220.53655438243788, 6.3433801664213485, 4.857617653016006, 35.0, 0.0
15, 0 ,1.0,1.0,1.0,52.27826147282251,186.55297096673488,47.44074369558431,19.938475720513896,15.31363096337162,13.869338215109359,96.0,83.0,82.0,-0.9394672973231967,0.32074533454589865,0.12051401423605325,20.59909800980251,0.2209723442911393,0.8359688746659123,-0.5023218725561192,14.926459569948605,-0.2618633619251201,-0.44528470775094803,-0.856241267823752,13.314902018197094,94.07672515548919,83.64951651640236,72.60585846530891,27.116216702860463,9.440309401098572,144145.0,571369.8119555261, 0.0, 0.0,0.0,NaN, 133.6183714220669,133.6183714220669,0.0, 397.5428140575221, -66.032007114196, -33.02104984307215, -66.032007114196, 234.50729328233405, -9.562876259930386, -33.02104984307215, -9.562876259930386, 192.35854252509287, 5.87533752130062, 4.28260686613847, 35.0, 0.0
16, 0 ,1.0,1.0,1.0,74.23051476226294,62.216822334358135,156.1901166229726,16.993953759974264,13.600424138642639,14.383748613955182,83.0,60.0,68.0,-0.9888840278776427,-0.0015971997603123048,0.14868028908169104,17.050136258725853,-0.11712406969841882,-0.6076401118166567,-0.7855287689249333,15.271745076826404,0.09159875384397696,-0.7942108935694393,0.6006985307372272,12.518980837268064,80.79355650395973,78.37323463574558,69.37877779359893,25.006209898454966,7.439602936383567,136937.0,439310.05372717325, 0.0, 0.0,0.0,NaN, 173.3850768093086,173.3850768093086,0.0, 288.7944643961434, 5.656161491734452, -12.660633877774087, 5.656161491734452, 184.97153675097337, 36.483698688793815, -12.660633877774087, 36.483698688793815, 206.8922241894576, 5.580743100251945, 3.9946513744733396, 32.0, 0.0
17, 0 ,1.0,1.0,1.0,280.8530675148375,103.53577947557683,164.3182170923916,11.985341056585062,14.013392892347529,14.729417436687632,48.0,70.0,70.0,-0.32059506202525767,0.6628062874252654,0.676687986855506,15.886007048185089,0.4360775145571395,-0.5309079344603731,0.7266176205024815,13.74607129331191,-0.8408657487986352,-0.5280384365522616,0.11882845627523003,10.754516385517167,82.3725983836542,69.85565682616999,55.99964362805915,22.471892888300328,7.210641347267655,91491.0,322232.69938327605, 0.0, 0.0,0.0,NaN, 171.74343908340146,171.74343908340146,0.0, 143.6484002426635, -46.0179090458058, -6.432973818485142, -46.0179090458058, 196.37518035529624, 33.03950461081454, -6.432973818485142, 33.03950461081454, 216.95573802419761, 5.688804410326914, 4.325175650925205, 23.0, 0.0
18, 0 ,1.0,1.0,1.0,12.964514773841199,251.49334827055034,77.29036549502871,8.47053269318924,15.922354547094088,18.70931173962119,34.0,86.0,97.0,0.0030105597189416626,-0.3923654622729662,0.9198044795202401,19.27269166358237,0.1423809282550508,-0.9102693068090671,-0.3887640162753887,15.346480474285253,-0.9898073589337518,-0.13213301289481827,-0.0531249386251787,8.267922187160861,105.43023681897927,83.60275499317362,41.16594213978903,23.5125462319805,11.066608057080419,71410.0,362847.24543955276, 0.0, 0.0,0.0,NaN, 92.1671009833682,92.1671009833682,0.0, 71.74992410638775, -22.02224976169181, -8.413250438812472, -22.02224976169181, 253.52137432336778, -50.2276092478626, -8.413250438812472, -50.2276092478626, 350.03834577032717, 7.278674082044643, 4.84830740461427, 23.0, 0.0
19, 0 ,1.0,1.0,1.0,277.1817985921563,208.62365321074557,286.7641861801465,14.432587718789245,14.024325304926968,8.069492489505752,61.0,74.0,36.0,0.8348665149157559,0.5365325612891089,-0.12300696301010103,14.759652513424353,0.5433657006496437,-0.8390203354983495,0.028259369733917596,13.768924570444874,0.08804327134961334,0.09043056616423994,0.9920033745271603,7.916272570693635,86.33800645494227,67.16547628696725,41.79216843252192,20.38462709536066,7.386810931668417,55688.0,242349.99825628492, 0.0, -2.8421709430404007E-14,0.0,57.5520942449551, 95.10780112857637,95.10780112857637,NaN, 208.29958826054616, 11.64992700212628, -13.987297458838652, 11.64992700212628, 196.6817002584149, -13.250649799534834, -13.987297458838652, -13.250649799534834, 65.11670903818974, 5.315100219870818, 4.186371134906096, 11.0, 0.0
20, 0 ,1.0,1.0,1.0,235.25135442646913,91.12842750898555,182.73420086954556,13.236105251218923,19.375019263666438,13.484675793156475,66.0,89.0,71.0,-0.10143833386295062,-0.9407725281775994,0.3235078278024155,20.155318256589705,-0.8005089211460752,-0.11588721499935904,-0.588009881349998,13.999217638726664,0.5906739638655619,-0.3186176448755172,-0.7413413955697631,11.410845122710114,91.61041354073848,70.85969061034547,62.28711655748823,25.754014196536296,8.315833554117289,132713.0,404335.9177183411, 2.8421709430404007E-14, 0.0,0.0,84.1779978477401, 162.0124842398611,162.0124842398611,0.0, 175.19448222134517, 32.44306823864509, 21.900533688438582, 32.44306823864509, 375.3913714674456, -79.52701483366904, 21.900533688438582, -79.52701483366904, 181.83648124654022, 5.787347683564062, 4.070255888533559, 39.0, 0.0
21, 0 ,1.0,1.0,1.0,271.8141577204152,63.60188959038156,238.2837315858174,16.471798673746452,13.829716659277393,12.966222971285834,66.0,73.0,63.0,0.9527980212497521,0.08137487488956488,0.29249625713718974,16.82880349967221,-8.207020898096731E-4,-0.9627170280079089,0.270509242784234,13.901910144840265,0.30360378316259035,-0.25798072354408114,-0.9172080947794975,12.419034570353618,78.29855985319523,72.70800201709662,68.50199880143117,23.96986844092802,7.493300974207442,112617.0,389977.21061064355, 0.0, 0.0,0.0,NaN, 92.99752605014902,92.99752605014902,1.3486991523486091E-6, 271.32015154843543, 10.030856329302601, 35.935695484337806, 10.030856329302601, 191.26106287589465, -7.0946498138060665, 35.935695484337806, -7.0946498138060665, 168.12293814110043, 5.313903646357567, 3.945623876473257, 25.0, 0.0
22, 0 ,1.0,1.0,1.0,201.9877697412868,176.1517108452887,188.92158128998926,13.070862028753346,13.28635451520166,15.383700745600184,67.0,69.0,66.0,0.38214413367841676,0.5581952260480423,0.7364672095296214,16.48939452785875,-0.6356352111220948,-0.419703952371273,0.6479324584751891,14.232739337368594,-0.6707710037538465,0.715728078239989,-0.19442113707606515,10.467181959230853,78.55039448918455,75.7264601348621,57.99711372979215,23.060355360364905,7.228617417055725,100652.0,344986.7438519481, 0.0, 0.0,0.0,NaN, 193.0886094774947,193.0886094774947,0.0, 170.84743417470602, 59.44134002355176, 7.382302056272909, 59.44134002355176, 176.52721630361955, 41.44318497100775, 7.382302056272909, 41.44318497100775, 236.65824863017966, 5.594108996058831, 3.9175369014628068, 43.0, 0.0
23, 0 ,1.0,1.0,1.0,100.63575972725036,229.51317469801882,156.14019425210597,15.97636193311584,11.818120008243838,11.509689770024213,80.0,58.0,59.0,-0.9479415218299047,0.31803046630146276,0.016232488868883448,16.429288843286255,0.07403305258118711,0.17051653388311844,0.9825697017504655,11.519966688932932,-0.30971919268317133,-0.9326203590832454,0.18518446886043943,11.169328329810693,80.84879663994585,58.02791056712752,55.47057081841001,21.860398234248024,7.036195619047224,85353.0,260239.44750376305, 0.0, 0.0,0.0,NaN, 189.18666017152128,189.18666017152128,0.0, 255.2441406179129, -43.66387721361033, -1.6550384977245605, -43.66387721361033, 139.66796052925332, 2.082356233096786, -1.6550384977245605, 2.082356233096786, 132.4729586022, 5.763681426969224, 4.019012909739912, 31.0, 0.0
24, 0 ,1.0,1.0,1.0,52.64694444089089,20.479051798027353,164.44539395412502,13.001310394768522,11.780251339752308,12.885074308732174,62.0,48.0,67.0,-0.5795406147095884,0.6128888924692373,-0.5371218496671539,13.600453500501317,0.7037565748709798,0.04404740099509141,-0.7090744035652707,13.345028512572737,-0.4109250043838893,-0.7889404489271734,-0.4568518455896734,10.524799861741991,74.39116725617292,73.47834544673381,57.68592641802887,20.81344675266458,6.374477847187063,78169.0,315319.34324492054, 0.0, 0.0,0.0,NaN, 146.85415738671105,146.85415738671105,0.0, 169.03407198111603, -24.268944574934316, -10.49537563041696, -24.268944574934316, 138.77432162773604, -26.529195299928634, -10.49537563041696, -26.529195299928634, 166.0251399415499, 5.441903888374401, 4.001084643358252, 20.0, 0.0
25, 0 ,1.0,1.0,1.0,186.9092257810965,59.682422872863036,58.22091766555315,15.048309034718871,14.646205574601801,11.833580111613257,77.0,74.0,63.0,-0.6789789041821963,0.6916038083016388,0.24631650374713904,15.856869615849018,0.7301504861174279,0.6011248326349967,0.3248525868944734,14.351830011139773,0.07660231914262026,0.4004161684200801,-0.9131259369713218,11.116709140441666,86.46666135056752,72.28066796617458,58.83345698986561,23.036367898767008,7.09382230031901,101780.0,367701.34247802274, 0.0, 0.0,0.0,NaN, 140.50334539513773,140.50334539513773,0.0, 226.4516048044016, -23.877039645094463, -1.840537843269431, -23.877039645094463, 214.51133773349687, 37.87084615546737, -1.840537843269431, 37.87084615546737, 140.0336182579688, 5.499431602678802, 3.85294914722679, 34.0, 0.0
26, 0 ,1.0,1.0,1.0,78.22979480091904,205.30579152618466,186.20576247612172,14.850737127130815,15.23821390811849,13.063461188416358,73.0,77.0,67.0,0.742775767635587,0.3624245341635047,0.5629676865058342,16.255379603523977,0.4117992458137647,-0.9102742598614356,0.0426866838830299,15.238510327488132,-0.5279256956812947,-0.20012303433158712,0.8253758119604303,11.26729832277251,76.89252747988036,74.4272809819262,60.830792730701305,23.888357527066148,7.262778339523219,113597.0,348128.65006021765, 0.0, 0.0,0.0,NaN, 167.4396082374691,167.4396082374691,0.0, 220.54439321914163, -2.499567611816765, 59.25737278557398, -2.499567611816765, 232.2031631095758, 23.92073231570324, 59.25737278557398, 23.92073231570324, 170.65401822126054, 5.484457963478234, 3.897479813689528, 23.0, 0.0
27, 0 ,1.0,1.0,1.0,36.17171140794536,175.3650196688713,203.43025115635672,13.869324444524953,11.969302105010192,18.905409600935194,69.0,63.0,84.0,0.15817117856682542,-0.03299444873784026,0.9868602964063695,19.02562275895115,0.9851791781576098,-0.06189676887192096,-0.15997117530327795,13.718989559769533,-0.06636162441861654,-0.9975370451044423,-0.022715159009358717,11.952065499345547,83.67260446216645,74.5771612366875,63.387738880281375,24.969973817769425,8.338901195455923,115665.0,395543.6307240792, 0.0, 0.0,0.0,NaN, 161.76522314776088,161.76522314776088,0.0, 192.3581605474974, -3.909502923472617, 27.05488939422978, -3.909502923472617, 143.2641928810014, -6.685697521474827, 27.05488939422978, -6.685697521474827, 357.4145121791326, 5.496051294178122, 3.9008627570600405, 37.0, 0.0
28, 0 ,1.0,1.0,1.0,285.584701153896,77.81688059120965,285.54935822637106,10.008170619887315,13.694123703420862,8.89168043640526,42.0,66.0,37.0,0.4076447944610909,-0.9048288375046385,-0.12292475897385279,14.468008562401144,0.6400768444727962,0.3791516257876142,-0.6682407334429384,9.820445382375183,0.6512506082289078,0.19372356460331258,0.7337191736617378,7.809613618777436,68.50232524913709,51.98728623103378,42.694800269755774,17.96998330893459,6.620738933163591,38565.0,152046.8570430384, 0.0, 0.0,0.0,NaN, 80.44929330602488,80.44929330602488,0.0, 100.16347915677565, -46.10903255415968, -22.59625252551366, -46.10903255415968, 187.5290240045931, 7.516441534931469, -22.59625252551366, 7.516441534931469, 79.06198098315201, 5.981733350709426, 4.211868722699536, 9.0, 0.0
29, 0 ,1.0,1.0,1.0,60.68589901615831,43.61401582214652,32.67805517581408,12.007138775912761,12.857846783070938,15.985450485677779,61.0,73.0,70.0,-0.3301157427468113,-0.2401423649726237,0.9128829283846179,16.60053745481317,-0.3336587687601648,-0.8749804437510906,-0.3508290881363662,12.918648774738477,-0.883003636697025,0.4204055989143089,-0.20871921325390633,11.070722774837442,82.66012693224036,79.01653776871797,63.09137480778785,22.586258666019187,7.408856334319905,89242.0,412082.38974187785, 0.0, 0.0,0.0,NaN, 81.56479636220126,81.56479636220126,NaN, 144.17138158402778, 25.072471230032708, -40.92351622965532, 25.072471230032708, 165.32422389692766, -19.93656250883888, -40.92351622965532, -19.93656250883888, 255.53462723005595, 5.9514650341777635, 4.306287802668969, 22.0, 0.0
30, 0 ,1.0,1.0,1.0,119.71508873611411,235.3302298815139,76.90560162777075,12.681931004343344,14.28811284470089,13.650163388555919,67.0,71.0,72.0,-0.36263283135619434,0.7838553687004062,0.5040517737119277,15.174064954589188,0.1653263554631299,-0.47817864759763357,0.8625615208035752,13.092816603035304,-0.9171502743890274,-0.39612616922042476,-0.043811325554959646,12.232514432825958,74.99152800245122,71.1621657959727,66.02650722992306,22.46754879210842,6.820392545181283,97311.0,352354.3876452119, 0.0, -2.8421709430404007E-14,0.0,38.38506254905911, 156.29572354995156,156.29572354995156,0.0, 160.831373998925, -24.638174271511176, -11.62881066755102, -24.638174271511176, 204.1501686629066, 22.865991426370996, -11.62881066755102, 22.865991426370996, 186.32696053427242, 5.783294835496405, 4.165776595951234, 32.0, 0.0
31, 0 ,1.0,1.0,1.0,27.707795703447,187.65023636088353,128.8028531534411,14.132742196390986,13.307379633523508,16.189112752166597,62.0,74.0,79.0,0.4535936190486292,-0.07247582963126792,0.8882567662999401,16.89658748439773,-0.6599862847066744,-0.6970905280596057,0.2801479960461265,13.604824817160122,0.5988914198395628,-0.7133106264516457,-0.3640288689564508,12.973904557965874,78.57676552935601,85.39391198064143,70.84255578461764,24.17808669106328,7.370769997912108,118886.0,475351.94822607824, 0.0, 0.0,0.0,NaN, 173.14839390816252,173.14839390816252,1.9073486328125E-6, 199.73440198965028, 3.862949051534536, 44.10918287853391, 3.862949051534536, 177.08635271071626, -10.818033748074397, 44.10918287853391, -10.818033748074397, 262.0873717023631, 6.070448252148446, 4.170141570580397, 29.0, 0.0
32, 0 ,1.0,1.0,1.0,107.94845170349568,206.66148104352968,278.62773138225805,11.090512778154407,15.671149353963825,11.960725318051338,56.0,87.0,49.0,-0.2079691927014878,0.9781087237709091,-0.007220759678545975,15.854351004915419,0.3307767988587161,0.07727443261960912,0.940539936100588,12.121255989788743,-0.9205082966621606,-0.1932148714425508,0.3396063739530909,10.64697390498678,89.28951378251523,59.12805414499269,59.34773029237677,21.541659612669374,6.899293226292719,81186.0,313327.2444912658, -1.4210854715202004E-14, 0.0,0.0,77.9966317600378, 144.29733612246008,144.29733612246008,0.0, 122.99947368240618, -27.21397410677753, 10.650162045608164, -27.21397410677753, 245.58492207424084, 1.4649562926932862, 10.650162045608164, 1.4649562926932862, 143.05895013387428, 5.420318236270078, 4.041989018958971, 28.0, 0.0
33, 0 ,1.0,1.0,1.0,217.94420723631933,135.44138369444298,209.92673623986863,13.161092187545714,12.888622340974877,14.705570902021016,71.0,60.0,76.0,0.505704451201404,0.3037871778859618,0.8074505301175852,16.174551639720725,-0.5234141688811282,0.8520475844188542,0.0072471856932995,12.755385048549266,-0.6857846716350288,-0.42629598219790676,0.5898907693059429,11.457258855807266,79.59835338193835,63.38469773140153,54.46150431400676,22.51206760228564,6.985095650156029,94385.0,274775.5845513402, 0.0, 0.0,0.0,NaN, 182.1831890914846,182.1831890914846,0.0, 173.21434756907684, 6.007377512686757, 53.105675616243595, 6.007377512686757, 166.1165858482767, 32.167390668507856, 53.105675616243595, 32.167390668507856, 216.2538155543672, 5.590558689291488, 3.731338744118502, 29.0, 0.0
34, 0 ,1.0,1.0,1.0,26.12679639825876,282.8932397781709,134.29736230097996,16.42046284449166,10.852516264978126,15.352551514994719,64.0,47.0,75.0,0.8843348356968838,0.1855494358859499,0.42839620121491784,17.015933254364455,-0.4111457073649187,-0.12516283363961794,0.9029360289581443,14.95873855889072,-0.22115855327879014,0.9746310439944482,0.03439799985355743,10.478726236488983,84.47049745868401,89.20747579633156,48.871190934375136,23.699280846543473,7.839236868866161,100618.0,368263.96520517167, 0.0, 0.0,0.0,NaN, 137.8804999132361,137.8804999132361,0.0, 269.6316000273311, 35.357272524897034, 25.786700707269638, 35.357272524897034, 117.77710928161478, 1.4080608423655063, 25.786700707269638, 1.4080608423655063, 235.70083802056666, 5.961388387890042, 4.173112011096364, 18.0, 0.0
35, 0 ,1.0,1.0,1.0,280.6615133317319,232.5193177996637,43.80267115061254,11.508768358912118,14.713115626198244,17.776620838897827,48.0,71.0,87.0,0.19520984088441634,0.4423096938325976,0.8753600703502499,18.95950380731774,0.021237439152444956,-0.8942281060575478,0.4471074429205768,13.492298202806198,-0.980531534016182,0.0686893665602208,0.18395565150717336,11.109944806603172,96.18195929422154,66.87556117523584,57.65060369745987,24.273777008828294,8.701696314196548,104075.0,370821.51039904496, 0.0, 0.0,0.0,NaN, 82.74233219320249,82.74233219320249,0.0, 132.45174913909673, 19.266658923339715, 40.88941147531825, 19.266658923339715, 216.47577142987896, 67.953180203234, 40.88941147531825, 67.953180203234, 316.0082484499365, 5.870489686935131, 4.245241443194149, 16.0, 0.0
36, 0 ,1.0,1.0,1.0,59.85809363525092,109.5265644124847,161.28099181456548,12.918355670372055,13.59539633563275,15.69213912552799,62.0,71.0,81.0,0.40650271407661476,0.3410037755168719,0.8476272580159186,16.44787379684824,-0.38658863682334543,-0.7763996543028985,0.49774772995706085,13.810880471361438,-0.8278313652715833,0.5300188693637033,0.18378038195359217,11.691405957061663,84.36532276440028,72.63762131170917,64.5046288199706,23.303427499836385,7.41027744718059,104576.0,395290.5815134847, 0.0, 0.0,0.0,NaN, 186.60659934096455,186.60659934096455,0.0, 166.88391322623383, 34.77665253864433, 35.71674111199796, 34.77665253864433, 184.8348015229364, 17.7984518889487, 35.71674111199796, 17.7984518889487, 246.24323033492638, 5.278697044047444, 3.8960691138803054, 29.0, 0.0
37, 0 ,1.0,1.0,1.0,166.57959398584217,158.4584098753876,252.86627274322822,16.232042739976833,10.806559508108684,12.430948516884046,86.0,52.0,66.0,-0.9861674840910072,0.14430221199107932,0.08155099592337693,16.3313293945047,-0.1396206872650556,-0.4580372105550168,-0.8778997536362638,13.031287507280023,-0.08932948566540927,-0.8771423974255609,0.4718489775651662,9.912751739801863,88.3801035222459,75.99772217836085,54.05979980148123,22.000325652953972,7.125664327497686,85465.0,363102.7304157501, 0.0, 0.0,-2.8421709430404007E-14,85.32227739856707, 200.14148675649997,200.14148675649997,0.0, 263.4792115124346, -19.395581035246316, -4.776900723522056, -19.395581035246316, 116.78172840229419, 30.754065014517266, -4.776900723522056, 30.754065014517266, 154.52848102942167, 5.6000327857181045, 3.955368344355242, 22.0, 0.0
38, 0 ,1.0,1.0,1.0,82.36875793902826,280.80244720546204,120.29580819307716,12.933471063217693,11.609916226075736,18.538189297298796,62.0,48.0,84.0,-0.4058515128098933,0.04402040512455609,0.912878279664157,19.673407660583628,0.48811655196481857,-0.834012471563798,0.25722641577804767,11.913421341330507,0.7726750812908986,0.5499867282114311,0.3169981349209928,10.805402070561282,86.8280633120365,62.47277507548446,55.413243148913324,24.034798695690224,8.249711667667492,100768.0,300583.04585757083, 0.0, 0.0,0.0,NaN, 147.05182687251087,147.05182687251087,0.0, 167.2746737430894, -15.076632817042759, -96.97855407119773, -15.076632817042759, 134.79015477649668, 5.461184638968615, -96.97855407119773, 5.461184638968615, 343.66446242248367, 5.356973460381546, 3.790584849102855, 19.0, 0.0
39, 0 ,1.0,1.0,1.0,283.9480112564913,148.84161130290985,173.8968203313122,10.24435395802933,11.794908620171993,14.891431188376131,47.0,53.0,69.0,-0.1359887690341668,-0.21143320645946637,0.9678858682214768,15.061152864387621,-0.43574366981187546,-0.8646260155734395,-0.2500985953828606,12.12273446092566,-0.88973844972298,0.45576074030116837,-0.02544874623000854,9.59282876940761,71.97961052552685,60.11954332472504,48.7310096260658,20.56426031098131,6.552295634047663,68938.0,210877.66044315553, 0.0, 0.0,0.0,NaN, 195.7383547504719,195.7383547504719,0.0, 104.94678801739123, 24.574608124831297, -11.757576313971155, 24.574608124831297, 139.11986935820758, -15.709211448002696, -11.757576313971155, -15.709211448002696, 221.75472283814136, 5.732106442880359, 4.106860970144603, 16.0, 0.0
40, 0 ,1.0,1.0,1.0,180.41293089496682,236.44759901047325,213.29967863500798,12.504469732615243,12.45299625185849,14.395931375292824,66.0,66.0,75.0,-0.42246466287625284,0.11229752707899014,0.8993958383452733,14.853010024240946,0.4758660165798278,-0.8170526680040836,0.32554027703473926,12.798982150725864,-0.7714111373873862,-0.5655211783119631,-0.29173730305764395,11.586883456306595,75.56943743236367,70.25808486424933,57.14364090993001,21.750254521361782,6.753380439513186,86506.0,303396.38691987406, 2.8421709430404007E-14, 0.0,0.0,65.00970996731748, 160.80087217878662,160.80087217878662,1.9073486328125E-6, 156.36176329389073, -15.589284954259103, -28.233149382946316, -15.589284954259103, 155.07711564880162, 0.8599917144763591, -28.233149382946316, 0.8599917144763591, 207.2428401621403, 5.50474951348747, 3.843242809042264, 28.0, 0.0
41, 0 ,1.0,1.0,1.0,129.31181131860345,171.7278013502838,200.01246854359917,15.031957335807618,14.255075838548718,15.758929967596943,74.0,70.0,76.0,0.6706324593464197,-0.18911672217101905,0.7172774706250455,16.835741846694923,0.4028160496871472,-0.7191182487075523,-0.566222725162303,15.525876611591778,-0.6228895043147016,-0.6686582159601959,0.4060847887369244,12.369953684028633,74.5938062308324,79.11359175882544,69.70375086596744,24.88273304428621,7.639397782452704,122789.0,411348.5954918038, 0.0, -2.8421709430404007E-14,0.0,79.09875838994212, 207.78067268077433,207.78067268077433,2.6973983046972182E-6, 225.95974134554046, -42.043614088381844, 42.65916015987565, -42.043614088381844, 203.20718716277545, 18.15479999130815, 42.65916015987565, 18.15479999130815, 248.34387372362497, 6.1497785446384885, 4.318649710551802, 34.0, 0.0
42, 0 ,1.0,1.0,1.0,30.294616446460264,117.53959489534327,97.46730709637434,11.937076083538564,11.30868201712958,12.576720985607462,57.0,55.0,61.0,-0.4533569938083344,-0.27036556136111145,0.8493349747861327,12.808771283484838,-0.7549698401739172,-0.39004498077880734,-0.5271484168590749,11.957437643391057,-0.47380162155995126,0.8802087117264576,0.027288224713420083,11.023114276389688,69.62388860520969,62.3194623616925,53.80984691047128,19.882266294622386,5.766235524869292,70994.0,233476.79882022864, 3.552713678800501E-15, 0.0,0.0,63.040729945134935, 155.67015162329125,155.67015162329125,0.0, 142.49378542418836, 11.538817832056267, -7.840947055071828, 11.538817832056267, 127.88628896454998, -5.357334426119223, -7.840947055071828, -5.357334426119223, 158.17391074981913, 5.196296046978219, 3.7873195256958834, 26.0, 0.0
43, 0 ,1.0,1.0,1.0,175.8093971945498,279.62862646388015,171.7728105316647,10.863185592262067,12.525316519275885,15.89454235119675,65.0,55.0,75.0,0.1450361672399044,-0.025377896515925983,0.9891008404408447,15.987172209041404,-0.19731638851610833,0.9788488305357488,0.054048217193143615,12.59738667646663,-0.9695518310102448,-0.20300475198187865,0.13696100779950968,10.641663655462796,76.5292940391403,61.62124478572426,58.290589495335155,21.855527998735326,7.0614961283263975,84621.0,274888.5317181089, 0.0, 0.0,0.0,NaN, 179.66777898075543,179.66777898075543,NaN, 118.00880121193013, -9.302110395340142, 19.935413916937403, -9.302110395340142, 156.88355390804534, -1.1685474791349466, 19.935413916937403, -1.1685474791349466, 252.6364765539871, 5.767771447974213, 4.079472566644709, 21.0, 0.0
44, 0 ,1.0,1.0,1.0,177.44013189701124,158.1621316738772,39.9461751106373,14.45377899181468,11.570588656542872,14.00347686983445,68.0,65.0,69.0,-0.7210709434100192,-0.2039678629052883,0.6621584443859598,17.367581575108026,0.09547100465781179,0.9173212649212393,0.38653199633785196,11.365227187547587,-0.686252127019955,0.3419339231856744,-0.6419806931173553,10.396457793620273,75.2788142725039,66.05145718820353,51.4621626324022,22.013356243943626,7.368837108006306,80669.0,255884.0441608207, 0.0, 0.0,0.0,NaN, 191.66272216237107,191.66272216237107,0.0, 208.91172714422336, 30.312232888953478, -91.63337772010549, 30.312232888953478, 133.8785218589186, -18.665063708140867, -91.63337772010549, -18.665063708140867, 196.09736444398845, 5.8567258124655535, 4.169108690540308, 28.0, 0.0
45, 0 ,1.0,1.0,1.0,125.45059427618203,90.59917635406349,212.02842360423293,14.783840909134476,10.620343405526851,13.604812639951334,81.0,55.0,78.0,0.8373321846613844,-0.08892217212971806,0.5394141820845332,15.8000152606998,-0.44375573871972795,0.4657358881992866,0.7656180031820893,13.113597911608098,0.31930495906500034,0.8804447340673658,-0.350515924559133,9.738461922727655,82.70086477757326,66.55822150256637,50.695972940915794,21.4935141297481,7.380611316167157,76732.0,279052.0529148626, 0.0, 0.0,0.0,NaN, 178.00297922742251,178.00297922742251,1.9073486328125E-6, 218.56195202659808, -27.46665696765031, 43.71531113334267, -27.46665696765031, 112.79169405131769, 20.077010847779295, 43.71531113334267, 20.077010847779295, 185.0909269681796, 5.868302436038345, 4.106478231564143, 33.0, 0.0
46, 0 ,1.0,1.0,1.0,66.11602534621085,211.51203434002758,241.47613572487097,13.421068271853139,12.96700356110893,11.186685794096874,61.0,65.0,58.0,0.7589928125995902,0.6451131457622693,0.08808484311657866,14.519695091084984,0.6503091343416246,-0.74444095460879,-0.1513462747906275,11.766347070011415,-0.032061506733311346,0.17215311285556886,-0.9845483053259134,11.141890551309494,72.85768613185331,58.07681795683993,56.5276826427548,20.851945053022074,6.213419467019523,78276.0,239187.9901892025, 0.0, 0.0,0.0,NaN, 125.00596611328189,125.00596611328189,NaN, 180.125073557743, 35.5161953104894, 4.3871012231938575, 35.5161953104894, 168.14318135381168, 6.537297257744, 4.3871012231938575, 6.537297257744, 125.14193905584882, 5.111926041798195, 3.6647862248033736, 26.0, 0.0
47, 0 ,1.0,1.0,1.0,53.79276395007862,101.28033318695017,271.2963975577623,11.513906159270759,11.490637770159918,13.94113721918055,58.0,64.0,62.0,0.49482546834804797,-0.29376955279535544,0.8178307928444316,15.08098045847911,0.37078414991315767,-0.7797797249639106,-0.5044429548604924,11.734683738910471,-0.7859178519713821,-0.5528499166913429,0.2769297737099847,9.686140837932381,74.58004434727692,63.119852812989876,53.29359750030109,20.429776390295444,6.448591707969095,70591.0,250878.62014348703, 0.0, 0.0,0.0,NaN, 118.21702135060988,118.21702135060988,0.0, 132.57003504449312, -32.110297428965374, 45.86407615521032, -32.110297428965374, 132.0347563650257, -14.84045290859406, 45.86407615521032, -14.84045290859406, 194.3553069640212, 5.174812078864361, 3.8401822938480725, 24.0, 0.0
48, 0 ,1.0,1.0,1.0,26.20755700778643,75.85007647385984,285.6156145717464,13.494935137710076,13.763959669510713,9.150774176627046,66.0,72.0,37.0,-0.6750987677967302,0.7231552419210439,-0.14590459143376105,15.544608116001944,-0.730077737142398,-0.6833091849488369,-0.00866345736942432,11.548314237000486,0.1059629720627551,-0.10067300455768838,-0.9892607314075272,8.960922106009079,78.83488905867995,58.59406789586533,42.199287744999765,20.076450652202173,7.227216434859848,57536.0,194929.34864645707, 0.0, 0.0,0.0,NaN, 81.52901746958145,81.52901746958145,0.0, 182.1132743710021, -52.29208866189567, 16.227306917134033, -52.29208866189567, 189.44658578391744, -16.70876857452944, 16.227306917134033, -16.70876857452944, 83.73666803162438, 5.707037987371905, 4.091430633669786, 16.0, 0.0
49, 0 ,1.0,1.0,1.0,235.8790065125782,275.5506959519857,97.1497710564241,13.731302272784616,14.414666510628095,14.045188304624757,72.0,57.0,64.0,-0.5009677955950345,-0.864815790665506,0.03353976732549251,14.767678979032596,0.35011975402511747,-0.16707097476213068,0.9216851128413777,14.187735055396757,-0.7914843179861767,0.47347749429896674,0.38648626983934226,13.199334028718116,72.54451469783305,66.54339673264461,69.47638356523095,23.320626328088547,7.053153542720725,109634.0,335387.4053556101, 0.0, 0.0,0.0,NaN, 118.9426260453411,118.9426260453411,0.0, 188.54866210657994, 17.41953209591101, 7.998319071305122, 17.41953209591101, 207.78261061262313, -5.440578903730792, 7.998319071305122, -5.440578903730792, 197.26731451236807, 5.500124376320542, 3.820745080698646, 26.0, 0.0
