// Sample: .//bubblelabels.tif, Map: .//bubblelabels.tif, Thickness:(8.191250068658265):/gpfs/home/mader/Foam/NewValid/InSilicoTest/LatticeDataPhi_16.0/out_Step_05000.vtk/distmap.tif, Neighbors:(1.0):
//LACUNA_NUMBER, TRIANGLES, SCALE_X, SCALE_Y, SCALE_Z, POS_X, POS_Y, POS_Z , STD_X, STD_Y, STD_Z,PROJ_X, PROJ_Y, PROJ_Z, PCA1_X, PCA1_Y, PCA1_Z, PCA1_S, PCA2_X, PCA2_Y, PCA2_Z, PCA2_S, PCA3_X, PCA3_Y, PCA3_Z, PCA3_S,PROJ_PCA1, PROJ_PCA2, PROJ_PCA3,OBJ_RADIUS, OBJ_RADIUS_STD, VOLUME, VOLUME_BOX, Mask_Grad_X,Mask_Grad_Y,Mask_Grad_Z,Mask_Angle, Mask_Distance_Mean,Mask_Distance_COV, Mask_Distance_STD, SHAPET_XX, SHAPET_XY, SHAPET_XZ, SHAPET_YX, SHAPET_YY, SHAPET_YZ, SHAPET_ZX, SHAPET_ZY, SHAPET_ZZ, Thickness, Thickness_STD, Neighbors, Neighbors_STD
1, 0 ,1.0,1.0,1.0,130.55221845349956,15.35177842966494,180.61127790255304,21.00086077912322,9.449481716084708,11.41183934502478,86.0,38.0,47.0,-0.9784938490915965,-0.028127771849536503,0.2043492494253201,21.345611314778623,0.18330537548058398,0.33575021529027615,0.9239431434089735,10.947280367800158,0.09459876642870858,-0.9415309986311198,0.3233735487124033,9.22392896495645,87.99431225719451,55.23950181836986,45.824957778945375,24.01976764720865,9.143833855528191,87268.0,222744.2121375393, 0.0, 0.0,0.0,NaN, 73.71969890915183,73.71969890915183,0.0, 441.03615346411584, 12.338135922629323, -68.2065487166181, 12.338135922629323, 89.29270470261922, 8.65378351365354, -68.2065487166181, 8.65378351365354, 130.23007723665563, 11.231143001803199, 6.419638490279375, 13.0, 0.0
2, 0 ,1.0,1.0,1.0,180.76518634622082,165.71367990247302,92.18955067920585,11.33182269690453,16.21042847044296,15.455039189080567,49.0,67.0,80.0,0.15296145947994969,0.8992529550060187,0.4098132682414116,16.551830251777684,0.07483772630496881,0.4029618713922557,-0.9121518760193138,15.224210576451336,-0.9853943914165872,0.17019357542808394,-0.005660410562743654,11.149294184191634,81.56023793395667,84.32276454022326,54.86141470269334,23.97274918308561,7.440008721107008,114840.0,377303.0562444614, 0.0, 0.0,0.0,NaN, 100.22196893176445,100.22196893176445,0.0, 128.41020563408063, 23.82632438392629, 2.045048969135102, 23.82632438392629, 262.7779911953477, 15.650344965891342, 2.045048969135102, 15.650344965891342, 238.85823633601615, 7.843936545640044, 5.532341747209839, 16.0, 0.0
3, 0 ,1.0,1.0,1.0,170.70177977422142,65.49004033631054,165.51363969721575,15.696798676788827,15.622754450096485,15.840760822216032,65.0,78.0,72.0,-0.5572645811410767,-0.6080625302844404,0.5654344753105738,18.06216524718354,-0.652624825124046,-0.10026394394402566,-0.7510179619533724,14.821227460379177,-0.5133585727709904,0.7875322855660414,0.3409631577658481,13.981382330994341,103.08168165819818,79.05053302036626,76.03363642706285,26.029124259658808,7.9921423291643094,152716.0,619572.394729414, 0.0, 0.0,0.0,NaN, 79.60301588874165,79.60301588874165,0.0, 246.3894886996395, 45.89203427955654, -29.34671748389046, 45.89203427955654, 244.07045660800955, -43.13730227363549, -29.34671748389046, -43.13730227363549, 250.92970342665433, 7.799918800905636, 5.4324675212402544, 22.0, 0.0
4, 0 ,1.0,1.0,1.0,16.015293016587346,44.42977757422489,15.885043509428701,10.044533601376475,11.950076954002112,10.454371331147046,44.0,57.0,41.0,0.16924095043483683,0.9212120027192534,-0.3503226323575101,12.154248879305905,0.617148294910452,-0.3761912778639482,-0.6910919653332774,10.821035042114184,-0.7684305321790874,-0.09923995417709525,-0.6321913861402203,9.389904642885924,56.10100915407286,61.2842574080611,47.73485924921538,17.993386820733818,5.406376339538476,50219.0,164117.63420256384, 0.0, 0.0,-1.7763568394002505E-15,69.49294998453801, 49.827997682012985,49.827997682012985,0.0, 100.89265526918106, 2.5698227926278956, -15.867454816209914, 2.5698227926278956, 142.8043392065724, -11.699952091121233, -15.867454816209914, -11.699952091121233, 109.29387992950926, 9.555833146960298, 5.8882129811124875, 7.0, 0.0
5, 0 ,1.0,1.0,1.0,30.678166470999095,108.60732490229006,173.96414082120938,16.11413216913422,14.56756180603952,13.639220894564412,74.0,71.0,64.0,-0.986259458292103,0.003964845851612567,0.16515617132502372,16.18063468480675,0.06517936696553772,-0.909275687432234,0.41105884538179055,14.822992290199403,0.15180227617311737,0.41617544886983904,0.8965233207823704,13.28056549659494,78.28802162527444,76.6048905633187,71.94875648294101,24.61551410075851,7.209987843504658,134582.0,431494.3437463224, 0.0, 0.0,2.8421709430404007E-14,80.49369310451054, 99.85808391269943,99.85808391269943,0.0, 259.6652555643263, -2.9031440794988232, -12.755577778684122, -2.9031440794988232, 212.21385697278137, -16.145933706004566, -12.755577778684122, -16.145933706004566, 186.02834661072245, 7.5995858042705455, 5.179445899485378, 18.0, 0.0
6, 0 ,1.0,1.0,1.0,48.713747149617845,12.90127078343971,24.193367633409345,19.862251838285456,8.319103163450016,13.970403283663757,85.0,35.0,61.0,-0.9823660350908124,-0.025952014147307016,0.18515794895616733,20.050484200551132,-0.18617106477671652,0.044446305375780856,-0.9815115183116023,13.71566911353123,-0.01724261406690846,0.9986746311487744,0.048494054893345864,8.291392978949682,87.13136344765167,68.16787691865895,35.67240798393251,24.111579292524045,8.804569124049294,87269.0,211878.40967879537, 0.0, 0.0,0.0,NaN, 55.89982993381854,55.89982993381854,NaN, 394.509048087474, 7.50887079536946, -38.80749731462355, 7.50887079536946, 69.20747744412408, -6.80902662423704, -38.80749731462355, -6.80902662423704, 195.17216790820305, 7.640835953545057, 5.082305703720467, 10.0, 0.0
7, 0 ,1.0,1.0,1.0,161.49036878638222,175.95947253194848,138.54007772856102,15.361973485038622,14.136669661779298,14.715202832915066,73.0,59.0,79.0,0.8046701524718712,-0.4334889155693479,0.40570100542074883,16.662230319735336,-0.10004256347316132,0.5745523790313541,0.8123306280346261,14.728049952247993,0.5852328008704006,0.6942455789041243,-0.41895780808747735,12.562940669736244,89.48880650721414,83.15586439478437,73.74960661248231,24.333588916063235,7.762042473416355,117846.0,548809.103183208, 0.0, 0.0,0.0,NaN, 76.40851197845898,76.40851197845898,NaN, 235.99022935502967, -45.18531811581394, 34.3082241927762, -45.18531811581394, 199.8454291262712, 6.508641882044374, 34.3082241927762, 6.508641882044374, 216.5371944138316, 7.667319558528858, 5.038082407253396, 20.0, 0.0
8, 0 ,1.0,1.0,1.0,88.58681511001465,123.57238194642123,79.54426416168516,13.826357714984848,12.457360750064176,12.761172685196598,74.0,60.0,63.0,-0.9422605367637978,-0.3127420292678707,-0.11973931679700676,13.93498846628318,0.28509096680523877,-0.5615445250873298,-0.7767823935894141,13.38935490307422,0.1756935442856507,-0.766067992722486,0.6182811731101691,11.65087140712854,71.43800272992173,71.40991421296198,57.81324989486518,21.71629205072364,6.132225728808073,94851.0,294927.4519375505, 1.4210854715202004E-14, 0.0,0.0,19.565283322999996, 141.47824770509277,141.47824770509277,0.0, 191.16816766272103, 10.25258796282809, -3.046670496245657, 10.25258796282809, 155.18583685723948, 21.177049840254195, -3.046670496245657, 21.177049840254195, 162.84752830140775, 7.306203373289678, 4.966699439001374, 21.0, 0.0
9, 0 ,1.0,1.0,1.0,172.30854451453547,39.536692859996855,16.67295468029204,15.076972883619698,13.03269831396469,10.868478698377723,69.0,69.0,50.0,0.9047516271391762,0.3084826459113203,0.2937055504422142,15.682887486490333,0.34281261118540435,-0.9366188295018055,-0.07228196064656965,12.791102620073332,-0.2527924184014582,-0.1660831881745355,0.9531591513511917,10.282261411875798,85.06163947000259,76.2307500548724,55.42116981521169,21.60072713394313,6.97844919579046,82591.0,359368.18850337184, 0.0, 0.0,0.0,NaN, 51.06813298898112,51.06813298898112,0.0, 227.31511133340368, 20.55091300321695, 35.828481261664066, 20.55091300321695, 169.8512253428181, 16.624106874131247, 35.828481261664066, 16.624106874131247, 118.12382921709033, 7.737670211995738, 5.072510798847365, 11.0, 0.0
10, 0 ,1.0,1.0,1.0,75.96648511349204,54.65358290502127,43.51647190187605,12.796244919509615,14.347158499225108,16.78946377530925,64.0,69.0,80.0,-0.22926616303853556,0.5208193183931329,0.8223042405789354,18.442853360996672,0.5685882759941538,-0.6140254693494276,0.5474304479951861,12.690394466929188,-0.7900281000620062,-0.593059828835782,0.15535649498392262,12.259118364829147,89.14439601299509,63.87532357346858,64.07055855879342,24.318460614802117,7.7513488007513365,117321.0,364825.9063704463, 0.0, -7.105427357601002E-15,0.0,58.61277418464617, 103.20660982534604,103.20660982534604,NaN, 163.7438840400756, -26.426275875738007, -32.44307696390117, -26.426275875738007, 205.84095700188723, 77.69178110513775, -32.44307696390117, 77.69178110513775, 281.88609386242155, 7.492796743918282, 4.790780143490234, 18.0, 0.0
11, 0 ,1.0,1.0,1.0,58.43164649640381,74.0124811576726,136.21211938498644,13.673744996015442,15.704663389295426,13.345669642732723,64.0,79.0,62.0,-0.4543288374688462,0.861667790846714,-0.22608389076081947,16.158847429394335,-0.5656444226172866,-0.47509921335239536,-0.6740379252192649,14.650173368539008,-0.6882090486227009,-0.17835177512230832,0.7032488533261596,11.660991494096782,84.41894940198004,68.145780003183,57.49986716667213,23.69505623017201,7.089355601816905,116095.0,330784.9571947874, 0.0, 0.0,0.0,NaN, 113.84638067479688,113.84638067479688,0.0, 186.97130221605732, -27.849937170191197, 42.838987668543844, -27.849937170191197, 246.6364521710761, 0.8097044576519339, 42.838987668543844, 0.8097044576519339, 178.10689821295776, 7.695517743636001, 4.965900305662189, 21.0, 0.0
12, 0 ,1.0,1.0,1.0,41.14322622691354,55.014814901020635,176.81583204347876,13.404867095330884,12.226235725794766,12.435688386384278,70.0,60.0,49.0,0.8154046095553907,0.2605841653494045,0.5169247677225137,13.978066483862964,-0.5047212046163353,0.757326518939986,0.41438273289421584,12.350864316194432,-0.2834992563067078,-0.5987924819830303,0.7490498883212963,11.657077486450001,73.8304658165412,67.50793176857016,61.976612722869326,21.142260366090387,6.068152447153342,85927.0,308900.241513305, 0.0, 0.0,0.0,NaN, 72.50448652868823,72.50448652868823,0.0, 179.69046184348463, 6.27569533456471, 21.595302466522757, 6.27569533456471, 149.48084002270028, 13.24180345885053, 21.595302466522757, 13.24180345885053, 154.6463456432528, 7.427370010735121, 4.904348255434664, 11.0, 0.0
13, 0 ,1.0,1.0,1.0,78.66356170511919,185.95705247012208,27.541333802006775,12.348029751189642,8.159856107447744,14.99780243667873,60.0,33.0,60.0,-0.22048768040324995,0.020238221877103408,0.9751797768440682,15.129707565588467,0.9753897585801301,0.00461647034095889,0.22043935006841614,12.188852620708545,4.058803977441628E-5,-0.9997845280743465,0.020758029187927428,8.15567220593035,63.065238132531526,61.00403174030214,33.01454039251641,20.055915893477504,6.461532792906284,62588.0,127014.65531803075, 0.0, 0.0,-3.552713678800501E-15,12.792129894057313, 84.52032526591199,84.52032526591199,0.0, 152.47383873626455, -0.35516945958714424, -17.27436783618468, -0.35516945958714424, 66.58325169425227, 3.288475510637718, -17.27436783618468, 3.288475510637718, 224.9340779296465, 7.261422064626507, 4.90279644935343, 10.0, 0.0
14, 0 ,1.0,1.0,1.0,187.29393563174483,56.555457931429665,95.29345812243339,8.22026261728582,13.388269466033405,14.06130709986187,34.0,61.0,73.0,-0.06872866662238425,0.6350168805111909,0.769434813255902,15.548841968698849,-0.14707327879308996,-0.7692808501025341,0.6217527035168986,11.73032257622948,-0.9867349294766855,0.07043106652151526,-0.1462656617914221,8.072910245935178,90.89760199742939,57.635268342361684,37.33479903157118,19.767578300351406,7.33359954513374,52355.0,195593.56548225618, 0.0, 0.0,0.0,NaN, 111.53836584106797,111.53836584106797,1.3486991523486091E-6, 67.57271749714674, 0.4873471090294284, -15.961818872049284, 0.4873471090294284, 179.2457592951224, 51.642077057425304, -15.961818872049284, 51.642077057425304, 197.7203573566258, 7.888208336579562, 5.109848608981936, 11.0, 0.0
15, 0 ,1.0,1.0,1.0,183.64464146314265,18.961228207129846,176.80989554291662,9.516637522138419,11.163905474171166,12.042748790826804,37.0,45.0,49.0,0.13000684243385563,0.4359499385009995,0.8905312302448205,12.304675891874217,-0.20403085849161323,-0.8671696954972082,0.4542996015785772,10.985409946648907,-0.9702935791313646,0.24075790814063264,0.023790753754195197,9.388434006955523,65.98392120565217,57.32510058229716,43.321903397502325,18.215827188732682,5.330160732397743,53802.0,163866.6123988165, 0.0, 0.0,0.0,NaN, 34.12926709911081,34.12926709911081,0.0, 90.56638972777287, 9.342156836030552, 4.30836015176055, 9.342156836030552, 124.63278543622893, 11.742229695969467, 4.30836015176055, 11.742229695969467, 145.02779843896045, 8.085351552962281, 5.207645764200496, 6.0, 0.0
16, 0 ,1.0,1.0,1.0,184.7821769375986,14.498668183816493,97.13664692647858,8.45490289884682,8.616528739550303,13.502737782871607,35.0,31.0,63.0,-0.22071552719595675,-0.1144569973075829,0.9685991182227778,13.79670917003567,0.5301976473668039,-0.8476224517306413,0.0206551216129,8.791900574911162,0.8186422361332926,0.5181078797793648,0.247768266994007,7.772205513221034,66.42592013135463,41.15554239297586,42.68408755753731,17.192750446846112,5.697649537650865,38669.0,116689.53541060984, 0.0, 0.0,0.0,NaN, 99.38471559541904,99.38471559541904,0.0, 71.48538302892837, -4.307991359686423, -27.594662984257845, -4.307991359686423, 74.24456751949633, -14.701465325798008, -27.594662984257845, -14.701465325798008, 182.32392763298847, 7.90732177531008, 5.354512459190836, 8.0, 0.0
17, 0 ,1.0,1.0,1.0,101.12226863198592,85.09641340743553,13.841738870286628,14.45078987182654,17.19318980695297,9.42743782230196,74.0,83.0,38.0,-0.14437495695561015,0.9801307843861177,0.13601293064528447,17.378011675762004,0.9871717247375593,0.13319467588990805,0.08804069623335792,14.402374100608908,-0.06817519844296584,-0.1469789910607485,0.986787372489143,9.158821868240189,86.48145734396712,72.68267400408777,42.57796446490156,22.97608950138094,8.087459352327883,86907.0,267632.4633055085, 0.0, 0.0,0.0,NaN, 131.18612377171425,131.18612377171425,0.0, 208.8253279196845, -14.619771581891166, 6.454378620414191, -14.619771581891166, 295.6057757379115, 30.52526344259758, 6.454378620414191, 30.52526344259758, 88.8765838933695, 7.672122055264833, 4.863768792626407, 15.0, 0.0
18, 0 ,1.0,1.0,1.0,75.80259933084518,121.96001342377431,124.89902677636195,11.796767861070908,14.223563241386193,14.289851502644062,69.0,63.0,67.0,-0.12341274417531835,0.37475440261492204,-0.9188734582606304,14.367829753903433,-0.10481400747651264,-0.9256951375158635,-0.3634591259222967,14.206839008068561,0.9868045999142033,-0.05145532139846553,-0.15352208794811778,11.721967956746667,68.15869671369754,67.17510875216556,64.96593256122465,22.390902804642533,6.657387686650179,98333.0,297450.9310892619, 0.0, 0.0,0.0,NaN, 132.1984483618009,132.1984483618009,0.0, 139.1637319679955, 3.0587475269633044, 10.282540029857289, 3.0587475269633044, 202.3097512817125, -2.0930717736196978, 10.282540029857289, -2.0930717736196978, 204.19985596761876, 7.172748352700558, 4.5150882266521375, 20.0, 0.0
19, 0 ,1.0,1.0,1.0,182.37893300824337,148.43906014164634,36.282770231046094,10.509324269309353,13.899036408048818,11.332681835835853,43.0,67.0,52.0,0.017686888522674388,-0.999784466149447,0.010871762536603788,13.90008873175594,-0.4318103927468592,-0.0174452508078472,-0.9017956797080229,11.566465435184412,0.9017909728369375,0.0112554196064436,-0.4320258751964897,10.250034041311324,67.19114896350452,57.93942426295983,49.576995240633124,19.938789268934173,5.873965419640791,68904.0,193004.05982352272, 0.0, 0.0,0.0,NaN, 65.46351607302822,65.46351607302822,0.0, 110.44589659749457, -1.34240189681857, 11.200625061931696, -1.34240189681857, 193.1832130722666, -0.5063080198514706, 11.200625061931696, -0.5063080198514706, 128.4296775922839, 7.85931827455913, 5.217467108624121, 14.0, 0.0
20, 0 ,1.0,1.0,1.0,151.8117768442774,186.86259120053063,10.452833664971626,13.232870873316685,7.7172530980062195,6.718111973419952,65.0,30.0,25.0,-0.9980885079240638,-0.0590608520647808,-0.01819742023744084,13.250068850425752,0.05445801275290308,-0.9797187469990132,0.1928354262724791,7.727130262851272,-0.029217378337567844,0.19147582753983902,0.9810623590124193,6.672707754418256,65.1301938435607,34.96146595549908,29.244382506641223,15.709818162782868,5.744519884921986,27138.0,66590.83505434096, 0.0, 0.0,0.0,NaN, 51.028992665911595,51.028992665911595,0.0, 175.1088715498731, 6.914404740670279, 2.539467696981185, 6.914404740670279, 59.55599537868659, -2.72770223536444, 2.539467696981185, -2.72770223536444, 45.133028487408524, 7.69393186176418, 5.077076647864707, 5.0, 0.0
21, 0 ,1.0,1.0,1.0,19.162302170011422,84.99231794202426,25.453839669331593,11.414306485561092,11.237078811888107,13.87768627288706,45.0,51.0,58.0,-0.1366936793136474,-0.34630364985742074,0.9281102413674394,14.325850404948723,0.9551809847156896,-0.29441293719385825,0.030827079823609715,11.40120474783128,0.26257213194332646,0.8907271212376519,0.37102704890401467,10.67384886217921,66.33368607282233,51.473323192222935,51.57672154139256,20.330520826068682,5.984850207008446,73548.0,176104.34518236516, 0.0, 1.4210854715202004E-14,0.0,69.73860427432996, 90.76775797344011,90.76775797344011,0.0, 130.286392546322, -0.1934831575834114, -11.110016372067385, -0.1934831575834114, 126.27194022458464, -29.48993284095884, -11.110016372067385, -29.48993284095884, 192.59017628867792, 8.024819517158555, 4.925457317724273, 10.0, 0.0
22, 0 ,1.0,1.0,1.0,41.88946673600832,175.2489098691843,185.93553226387166,11.776389339063147,13.356068937417618,7.968759285151052,62.0,60.0,32.0,0.32757655128933333,0.9294994454444261,-0.1694826951753248,13.729330939794924,0.9446555112273688,-0.3188115795204246,0.07736369866707614,11.520505571771473,-0.017876469258353,0.1854452956593869,0.9824919715522655,7.704055502610647,67.21531500357074,64.47884764480284,35.07497778585761,18.584870862118326,5.930566828666535,49994.0,152013.76312176778, 0.0, 0.0,0.0,NaN, 50.64734088569216,50.64734088569216,0.0, 138.68334586520015, 17.224956513523733, -1.8077819080258677, 17.224956513523733, 178.38457746105178, -22.153893737080892, -1.8077819080258677, -22.153893737080892, 63.5011245446811, 7.230059672310223, 4.822368712767596, 9.0, 0.0
23, 0 ,1.0,1.0,1.0,67.7306620955646,188.6407161393234,74.63647834678476,13.358106744274197,6.780597525555723,11.438048348580141,64.0,26.0,50.0,0.9902479321952576,0.05688483176113107,0.12717369499438458,13.401133687940709,0.13072615793751202,-0.06382130384658405,-0.989362174739978,11.421898771954615,-0.04816330983138094,0.9963387762657991,-0.07063524966513952,6.7226715627505875,65.31681856010178,50.03512625653169,29.420601657975,17.911662321504128,5.866585165141533,42003.0,96150.5057468033, 0.0, 0.0,0.0,NaN, 101.4252425076768,101.4252425076768,0.0, 178.4390157914238, 6.859162957030816, 5.897114004646688, 6.859162957030816, 45.97650280357239, 6.3561196755310085, 5.897114004646688, 6.3561196755310085, 130.8289500244569, 6.945231365035909, 4.745951126625929, 10.0, 0.0
24, 0 ,1.0,1.0,1.0,113.92640060724608,83.69150147432342,64.7649840889849,11.334797559229692,12.22930837386402,11.18938432642466,54.0,54.0,55.0,0.4061545068775125,-0.8989794383836677,0.1639343951294882,12.511380823309148,0.611002768154177,0.1337655990141842,-0.7802450780545241,11.281732270753938,-0.6794954995075525,-0.41706442414063943,-0.6036084262708888,10.928120034176926,59.52476553607803,52.18786268073426,51.27811989554904,19.36888812649611,5.299255925077412,68506.0,159293.95597744003, 0.0, 0.0,0.0,NaN, 136.40907262897667,136.40907262897667,0.0, 128.4776357087194, -12.908189787266224, -1.2731578288520895, -12.908189787266224, 149.55598330306066, -6.288848075546532, -1.2731578288520895, -6.288848075546532, 125.20232160443786, 6.964021298332976, 4.510396148839541, 14.0, 0.0
25, 0 ,1.0,1.0,1.0,49.845889187837805,86.03864377723279,80.32412676492298,12.5277729207497,11.918081822556013,13.638596905976025,62.0,65.0,61.0,-0.49695468182702307,0.19714040668533073,0.8450868027972889,14.4488783170002,-0.6545551438318455,-0.724532333422498,-0.21589456109087687,12.30532143124085,0.5697311716006715,-0.6604457266704754,0.4890990024823533,11.171663891340197,66.03352516110795,55.496008244047374,53.07953840689876,21.152703610385995,6.1286396710738,83998.0,194515.12021820864, 0.0, 0.0,0.0,NaN, 127.82498281830192,127.82498281830192,0.0, 156.94509435386945, 4.396059950192849, -31.50127597119048, 4.396059950192849, 142.04067432914007, 18.15163318794573, -31.50127597119048, 18.15163318794573, 186.0113255636988, 6.927407219226852, 4.359814909084043, 13.0, 0.0
26, 0 ,1.0,1.0,1.0,102.18427968655817,21.490042194092826,104.65837251356238,12.19046312525027,12.786056711546387,12.72452836790204,56.0,51.0,61.0,-0.475712823767478,0.6259320641051207,0.6179857283370513,14.137094328529017,-0.12975469524449929,-0.7448261750093452,0.6545209607666933,11.861159045836136,-0.8699776022204131,-0.23117746461550243,-0.4355409871513454,11.552477208813842,74.33793377220107,63.37129144789417,58.60554015328948,20.910322955443473,6.063221381704787,82950.0,276084.30384687876, 0.0, 0.0,-1.4210854715202004E-14,51.83080957251677, 138.2742310978586,138.2742310978586,0.0, 148.6073912080866, -19.072354249293493, -20.133645355543138, -19.072354249293493, 163.4832462308804, 22.160395608151784, -20.133645355543138, 22.160395608151784, 161.91362218554377, 7.186163816872744, 4.658952005586192, 15.0, 0.0
27, 0 ,1.0,1.0,1.0,143.5776820070802,73.02288748653224,113.69761428351546,12.870838950463598,9.98861978766573,11.763857936539265,59.0,47.0,59.0,-0.9143295327353137,0.22691157804179227,0.3354290406607732,13.032838934229353,0.3988902606595937,0.3616254711769597,0.842682371090652,12.082918256639298,0.0699147017367914,0.9042887560655747,-0.4211576665981879,9.379102825974579,59.25522581085512,63.4878145043437,44.27815863553099,19.332721367112775,5.483179610769905,64970.0,166573.75908107148, 0.0, 0.0,0.0,NaN, 126.34841449310625,126.34841449310625,0.0, 165.6584952887709, -8.618654966054022, -5.608386321208248, -8.618654966054022, 99.77252526254736, 23.916263622601363, -5.608386321208248, 23.916263622601363, 138.38835355107787, 6.656269077426638, 4.53558425223286, 15.0, 0.0
28, 0 ,1.0,1.0,1.0,137.1267640466806,141.16240822320117,18.335791019398716,10.538749236010176,13.307878501684073,10.920023658390386,47.0,65.0,44.0,-0.1596980318971531,-0.9745888711695524,0.15707663989477538,13.450782659048823,-0.5299168550597839,-0.04961470142389315,-0.8465970163697517,11.077097296199579,-0.8328773411083553,0.21843743634064866,0.5085276994158738,10.187548464888657,66.17827753612926,52.50913301218149,58.086856079379686,19.37242026526777,5.667549332893336,64695.0,201849.7324514624, 0.0, 0.0,0.0,NaN, 88.04037277091723,88.04037277091723,0.0, 111.06523545950508, 12.502992351209903, 6.5512045420806295, 12.502992351209903, 177.09963021558514, -11.014052959901539, 6.5512045420806295, -11.014052959901539, 119.24691669980575, 7.48956486057605, 4.689511473168482, 8.0, 0.0
29, 0 ,1.0,1.0,1.0,182.4248159831756,94.57220182379204,79.59640413025116,10.1697804253057,9.595548099100393,14.717546964497352,38.0,50.0,82.0,0.10804353560830789,-0.011403965247643078,0.9940807532539229,14.765217654955848,0.8106550153920529,0.5798304878920368,-0.08145582441171803,10.596170837913961,-0.5754694087724962,0.8146573235953339,0.07189161758870434,9.045146601840528,81.82958640383121,55.58249637288239,49.08375997086205,19.316209528966823,6.244134472151024,58011.0,223247.30664792866, 0.0, -1.4210854715202004E-14,0.0,89.34658675829617, 124.85341806090675,124.85341806090675,NaN, 103.42443389893097, 14.151637762742741, 12.616473024324627, 14.151637762742741, 92.07454332214915, -2.982831509533818, 12.616473024324627, -2.982831509533818, 216.60618865218524, 7.324068565144129, 4.6096432490105546, 11.0, 0.0
30, 0 ,1.0,1.0,1.0,59.09056869652743,11.45878208354303,107.51840966280825,11.700558128657107,7.3042036642552315,14.011369252552598,57.0,29.0,68.0,-0.05690796993711422,0.12719908702928034,0.9902433414149042,14.108171502472654,0.9939582358639256,0.10045819890341501,0.04421736798311393,11.724916646553936,-0.09385365371635095,0.9867768453566389,-0.1321474523102576,7.075220598013932,70.08139454223743,58.48830796201989,32.57456343644351,18.71752035828878,6.01891615321778,49675.0,133521.25227301242, 7.105427357601002E-15, 0.0,0.0,86.73765102139176, 110.34420486375038,110.34420486375038,0.0, 136.9030605220839, 7.650064205458295, -4.553625064377926, 7.650064205458295, 53.35139116891955, 19.153748239249165, -4.553625064377926, 19.153748239249165, 196.31846833137632, 6.80358721568588, 4.515784791136656, 12.0, 0.0
31, 0 ,1.0,1.0,1.0,159.3675739962786,10.729757725729412,42.00978304655579,13.490746483561137,6.996373341304703,13.250857263316908,60.0,30.0,62.0,-0.8529941182295365,-0.08417696548860243,-0.5150876359872618,13.621859120909352,-0.5200953882662378,0.05462981471035585,0.8523592965697644,13.167511412025423,-0.043609876977663276,0.9949521706222079,-0.09037896217677133,6.899006894598213,66.99590258440054,72.26192145000905,31.269973885845587,19.18465608153327,6.203520763297071,52131.0,151385.8439411066, 0.0, 0.0,0.0,NaN, 59.421743624867084,59.421743624867084,NaN, 182.0002406837172, 6.331825256748852, 4.852056113673217, 6.331825256748852, 48.949239930919134, 11.838864083940706, 4.852056113673217, 11.838864083940706, 175.58521821279845, 7.492334211837191, 5.065213608788416, 9.0, 0.0
32, 0 ,1.0,1.0,1.0,56.59845114516395,147.93392651178118,20.939334022379004,11.438585798659753,12.133960423077891,12.270352350260646,54.0,62.0,49.0,-0.5114080647476195,0.40408136466862354,0.7584062513182745,13.996909118876259,-0.5096077658002334,-0.853221878846552,0.11096103141938674,12.05148723630329,-0.6919260916797323,0.3297433489626478,-0.6422675513115297,9.353287012211572,65.01504307366929,61.87182219752103,52.31898629667194,19.805697126918208,6.030766844974485,66759.0,210458.31164843668, 0.0, 0.0,0.0,NaN, 79.70392957572965,79.70392957572965,0.0, 130.84124507330057, 2.7050849773261842, -45.32073986821399, 2.7050849773261842, 147.2329955488206, 27.761206764222276, -45.32073986821399, 27.761206764222276, 150.56154679954696, 7.248898106321302, 4.538292801977016, 11.0, 0.0
33, 0 ,1.0,1.0,1.0,13.687605845825754,102.18704133475507,108.47759204666625,9.012463304779107,15.183018089553647,11.89722196174385,37.0,72.0,60.0,-0.1293966451280084,0.9735685715921758,0.18820399740065874,15.385374724137218,0.02685308738452112,-0.18628958661920453,0.9821278438244001,11.74944758566015,-0.9912292469088749,-0.13213790646599805,0.0020380743969795143,8.861893114025246,70.8173069102913,56.621052906106215,42.10536474711617,20.22003493841581,6.666529128709722,63772.0,168832.00655734804, 0.0, 0.0,0.0,NaN, 134.65168619150688,134.65168619150688,0.0, 81.22449481998996, -20.224263979944208, -2.282434473535572, -20.224263979944208, 230.52403830771325, 18.093493728710865, -2.282434473535572, 18.093493728710865, 141.54389040700022, 7.067754736645327, 4.504563888890777, 16.0, 0.0
34, 0 ,1.0,1.0,1.0,89.97987571896714,75.17615544647349,100.65635070638946,12.193845080725245,12.877614437246384,10.503304447321883,58.0,56.0,53.0,-0.2992124913885281,0.9511418174209713,0.07616513736744798,12.977649046583357,-0.9426193596768321,-0.2822508831262876,-0.17833446592532198,12.152717664620404,-0.14812369074361176,-0.1251546328649598,0.9810176808360427,10.427573751739786,59.2200614153329,55.9149148749659,52.94648635567762,19.86620764472075,5.493269479746038,73543.0,175320.88981390785, 0.0, 0.0,1.4210854715202004E-14,85.63182873337, 153.67821262978367,153.67821262978367,0.0, 148.68985785272727, -6.622007396206581, 5.1880722712625165, -6.622007396206581, 165.8329535943765, 6.284581491083135, 5.1880722712625165, 6.284581491083135, 110.31940431313163, 6.772291411716386, 4.4106998520556076, 6.0, 0.0
35, 0 ,1.0,1.0,1.0,31.664951618089866,42.72108048060338,104.85454731487707,9.85262082795108,13.845589504454429,11.488860410470886,45.0,68.0,55.0,0.05253421387745264,0.9791437671082805,0.19625911368719326,13.949410973565751,-0.15692990695502967,-0.1859940666493626,0.969937735874998,11.411584780546097,-0.9862115192368034,0.08175384091427698,-0.14388588819060497,9.795818787803874,67.78923813045915,56.514943637469315,47.50386555667057,19.694710481616163,5.734699511034019,68414.0,181992.29553145036, -3.552713678800501E-15, -7.105427357601002E-15,0.0,46.0046954237399, 108.99732586198218,108.99732586198218,0.0, 97.07413717937541, 6.073444130973034, -4.198849160236014, 6.073444130973034, 191.70034872585862, 12.771223314854959, -4.198849160236014, 12.771223314854959, 131.99391353128527, 6.795945655925134, 4.379139740650799, 10.0, 0.0
36, 0 ,1.0,1.0,1.0,22.213398861872736,177.26289446456286,100.84299017071909,12.965335872364932,12.89012279630505,11.220287486343441,52.0,59.0,57.0,0.691892056729093,0.70219904791161,0.16793415062819592,14.222403741644463,-0.6783905830341931,0.5526575516654605,0.48410313719048176,11.793819560286147,0.2471266854989826,-0.44887206161574245,0.8587445916074931,10.898582625842716,77.04180003004265,61.20739498879823,59.206531750580524,20.555460571230586,6.133766540045589,77320.0,279190.0514491411, 0.0, 0.0,0.0,NaN, 104.12743949320163,104.12743949320163,0.0, 168.09993428323293, 32.95052045181988, 3.0300913370814, 32.95052045181988, 166.15526570382315, 15.28147360061817, 3.0300913370814, 15.28147360061817, 125.8948512761952, 7.185892927890621, 4.610316930387143, 11.0, 0.0
37, 0 ,1.0,1.0,1.0,132.6107056621178,42.27815458910985,32.300510051819096,11.760776025576112,10.99201918416255,15.64172994885545,63.0,50.0,65.0,0.4707790507530899,0.061378629233494346,0.8801134865717241,16.995962175201058,0.31977396778567574,-0.9416152679160446,-0.105381671812519,11.125492991790441,0.8222601138925713,0.3310488651253967,-0.4629200298113722,9.548022292100166,77.94197082911384,50.752711540932395,51.195049101939205,21.25050540654674,7.226345841988583,73718.0,202515.65315998258, 0.0, 0.0,0.0,NaN, 85.86083097912609,85.86083097912609,NaN, 138.31585272376586, -4.106928017603933, 80.81502533257908, -4.106928017603933, 120.8244857449975, 13.91571992440709, 80.81502533257908, 13.91571992440709, 244.66371579292152, 6.526182781853492, 4.253332634178086, 11.0, 0.0
38, 0 ,1.0,1.0,1.0,18.57497236273492,130.69463334561655,16.929131352383504,11.03603230209944,13.327229735988698,9.747633928444507,51.0,55.0,42.0,-0.2485439015928352,0.9500183137553316,0.18892096895391852,13.577858675923931,0.9337377861911927,0.28686276590218895,-0.21411095296064742,10.943377305169179,-0.2576037181792641,0.12318667569352743,-0.9583659881860356,9.503140299138574,66.70598746614202,54.54907388929705,48.38238681762786,19.00060497349355,5.779484341446743,59702.0,176051.40225029312, 0.0, 0.0,0.0,NaN, 73.72149573713996,73.72149573713996,NaN, 121.79400897298225, -14.31912965821879, -10.303378311166611, -14.31912965821879, 177.6150524358214, 15.070985790849546, -10.303378311166611, 15.070985790849546, 95.01636720296248, 7.008864248097132, 4.462215169370442, 8.0, 0.0
39, 0 ,1.0,1.0,1.0,98.29235363542077,134.52571438789744,16.51108687099889,10.466822200785344,12.836209559725779,10.816450172321371,48.0,58.0,44.0,-0.06265395716181281,-0.9362057830107383,0.3458225173542299,13.181230431928427,-0.7139506723069581,-0.20007941310600208,-0.6710012414024288,11.433181814965407,0.6973872089194126,-0.2889411017982879,-0.6558689812204743,9.319643505022489,65.64697302422208,62.298416930627866,47.02901353570314,18.866739006118625,5.946797158922103,55922.0,192334.6740271175, 0.0, 0.0,0.0,NaN, 119.25135156159642,119.25135156159642,0.0, 109.55436698285295, 11.36218474790335, 19.12991739826944, 11.36218474790335, 164.7682758611955, -22.242685220852003, 19.12991739826944, -22.242685220852003, 116.99559433031104, 7.116196802659572, 4.529054841611967, 7.0, 0.0
40, 0 ,1.0,1.0,1.0,145.81389031520712,103.43320689712289,82.94018849485697,9.510481322791394,12.857536665252471,11.112287408707878,45.0,62.0,49.0,-0.11898833983798326,0.9577875385229808,0.26169601837378265,13.035629251614129,0.0435655966970315,-0.2582783831043098,0.9650877243056484,10.957751895733836,-0.9919394204118679,-0.12623512930683753,0.01099446960311426,9.447141310957878,64.77729395331495,49.475586983829835,46.20706781823168,18.74819847685038,5.268158066707925,60373.0,148088.78405305115, 0.0, 0.0,0.0,NaN, 138.34867140854186,138.34867140854186,0.0, 90.44925499116394, -9.541475283718396, -1.2162728715119775, -9.541475283718396, 165.31624909831166, 12.538971230607716, -1.2162728715119775, 12.538971230607716, 123.48293145372764, 7.53814820951458, 4.497101577629625, 12.0, 0.0
41, 0 ,1.0,1.0,1.0,29.630913637334608,146.44313484035536,126.98919367201538,15.514459012119213,11.331580413126964,10.828540411465942,67.0,65.0,56.0,-0.971973202084746,-0.23403075445644234,0.02230919984387055,15.73726328865257,0.23256915989849475,-0.9433406771537748,0.23668534532405208,11.035350708517921,-0.034346474247495776,0.23524024484684944,0.9713301945842931,10.812956092775083,71.80892086352159,63.14888399620446,56.88065579467386,21.096475036480857,6.426443929250461,79583.0,257934.04858548444, 0.0, 0.0,0.0,NaN, 95.27280141453814,95.27280141453814,0.0, 240.69843843872707, 28.673952975707564, -2.5675259071898906, 28.673952975707564, 128.40471465916266, -1.767486825544341, -2.5675259071898906, -1.767486825544341, 117.257287442751, 7.232421966817501, 4.481797749560482, 12.0, 0.0
42, 0 ,1.0,1.0,1.0,124.56096074747371,73.85287496403122,165.9562788808206,10.301759128057576,9.91231140817805,13.217917804185959,48.0,46.0,64.0,-0.08806388147993263,-0.025283930895157597,0.9957938921369106,13.238390283168316,-0.8103088569455241,-0.579602098141197,-0.08637687298091475,10.642128131480199,-0.5793481760861312,0.8145072931955927,-0.030554217333481865,9.517543864206932,64.33504417832738,51.81771974588767,47.352171013445044,18.716830077464742,5.364119826655531,59079.0,157857.70943484732, -1.4210854715202004E-14, 0.0,2.8421709430404007E-14,36.038555847673166, 110.92461733734984,110.92461733734984,0.0, 106.12624113251759, 10.836234039456372, -5.838318833921946, 10.836234039456372, 98.25391745269674, -0.9968012994111464, -5.838318833921946, -0.9968012994111464, 174.71335107821616, 7.281783971299968, 4.567378115543731, 15.0, 0.0
43, 0 ,1.0,1.0,1.0,179.35300164132832,83.1606843841703,20.576835717956794,11.487891361962266,10.88066585660298,11.204829593744856,50.0,53.0,45.0,0.8770794720007526,0.4764892275866907,-0.06074220763784993,11.733130327730754,-0.06833341677975652,-0.001398412578777125,-0.9976615601462568,11.203389331221178,-0.4754599288542462,0.8791791969991657,0.031333618013512546,10.617271959299043,64.52523700917885,47.5569766358345,55.778677491320806,18.656214566121154,5.277726945854114,60317.0,171163.85475156707, 0.0, 0.0,0.0,NaN, 88.12153049414404,88.12153049414404,0.0, 131.97164794424722, 10.424071291547133, -0.4567864135606389, 10.424071291547133, 118.38888948304584, -0.703992104687433, -0.4567864135606389, -0.703992104687433, 125.54820622486054, 6.962148377707876, 4.407598192477289, 8.0, 0.0
44, 0 ,1.0,1.0,1.0,150.00085375494072,112.9241581027668,130.29250592885376,12.19023126940306,11.33073555267814,10.550800391353382,60.0,56.0,52.0,0.8984213615466945,-0.42599327892588795,0.10662449730973772,12.43043653806577,0.4388619035273025,0.8624420197532221,-0.2521784927315865,11.129461547878183,0.015468896178334468,0.2733559746446985,0.9617885549210234,10.48456144012995,63.45972175126791,61.901426065518905,49.41010038302352,18.976662639623754,5.309705314455634,63250.0,194095.09214383067, 0.0, 0.0,0.0,NaN, 122.23441249102345,122.23441249102345,0.0, 148.60173840153215, -11.789674380040305, 2.7287779396021765, -11.789674380040305, 128.38556816472442, -5.056882989079635, 2.7287779396021765, -5.056882989079635, 111.3193888981827, 6.410905249269583, 4.324259386989123, 16.0, 0.0
45, 0 ,1.0,1.0,1.0,10.093990818166912,167.4897319232661,161.7058944089195,6.67972818397719,15.893510690616688,11.577560885935883,27.0,69.0,66.0,0.0426177245190137,0.9818413731922352,0.18485466573718834,16.042099362599913,-7.211709598844984E-4,-0.184992488117719,0.9827396701326667,11.387790360160256,-0.9990911917684331,0.042015440352349186,0.007175883411128502,6.650687596454321,74.25958577558484,65.60799989082574,28.16832599466457,19.540268064491826,7.031379005566447,48792.0,137236.72917271178, 0.0, 0.0,0.0,NaN, 51.23714184143338,51.23714184143338,0.0, 44.618768611819206, 8.929047577469708, 1.618395807523838, 8.929047577469708, 252.60368207274695, 23.145570033998794, 1.618395807523838, 23.145570033998794, 134.03991606755247, 7.7184264562324065, 4.778508163889964, 6.0, 0.0
46, 0 ,1.0,1.0,1.0,118.05086134954698,178.36404685264665,31.479390200286122,10.447675883346546,10.882488418379523,14.062070475952673,57.0,46.0,61.0,0.1252777063322906,0.1312848359033253,0.9833970653596429,14.16395021992599,-0.06807426776186094,-0.9877325462714419,0.14053580008247565,10.81922053194617,-0.9897835068159136,0.0845500378354264,0.11480374879428437,10.375514100942581,64.67142517246069,50.29515039272863,56.6534784811368,19.732546849848653,5.995907473337986,67104.0,184274.44978803882, 0.0, -2.8421709430404007E-14,3.552713678800501E-15,86.57263718540045, 90.41420132660308,90.41420132660308,0.0, 109.15393136346104, 2.1613541382319585, 11.363254668073928, 2.1613541382319585, 118.42855417616445, 10.696992381933196, 11.363254668073928, 10.696992381933196, 197.74182607065984, 6.257767851686955, 4.17920543684982, 8.0, 0.0
47, 0 ,1.0,1.0,1.0,16.031802718209974,150.00582231775638,60.83584110488635,10.278472271840082,10.264923323252978,13.514476615577358,40.0,49.0,66.0,-0.10601755723873958,0.06328267542362105,0.9923485176833586,13.555196934116061,0.69373136063351,-0.7102663656792607,0.1194089153219023,10.601814238182888,-0.7123882907731635,-0.7010827289100787,-0.031399528551995154,9.874962896367196,65.60593760813475,52.48753080250169,53.25949509043183,18.97346640908262,5.80209390579429,59083.0,183398.73426636716, 0.0, 0.0,0.0,NaN, 80.35817359459043,80.35817359459043,0.0, 105.6469922429854, -7.912156460150379, -7.838863047510783, -7.912156460150379, 105.36865083226297, 4.15270840444655, -7.838863047510783, 4.15270840444655, 182.64107819298727, 6.959841208039041, 4.398799060433091, 10.0, 0.0
48, 0 ,1.0,1.0,1.0,120.71828835926729,152.8412612435165,110.45133280808876,12.27516995823745,12.368861604938198,9.290543915902257,66.0,56.0,45.0,-0.5886825918618181,-0.8082046201036803,0.01606543127084039,12.486417362690062,0.8055651416212232,-0.5848758185358285,0.09478965922938803,12.179430997271357,-0.06721315826258098,0.06874277369375524,0.9953676820257221,9.259243121684177,58.33842708309291,60.08684276055898,44.94432739285675,18.964779307194153,5.506349697252903,60924.0,157546.5820844027, -1.4210854715202004E-14, 0.0,0.0,53.93642344484309, 128.5632149474889,128.5632149474889,0.0, 150.67979750361522, 3.8918745768904506, 4.1167721256848955, 3.8918745768904506, 152.98873740211434, -4.382019572138629, 4.1167721256848955, -4.382019572138629, 86.31420625330843, 6.628469356183628, 4.417908139339174, 14.0, 0.0
49, 0 ,1.0,1.0,1.0,113.16137941765702,28.641977709917725,65.50687569291813,9.503413212109587,13.932794005268127,9.660042159052077,44.0,57.0,52.0,0.2952011630981805,-0.9502923799096186,0.09899831307247056,14.358516355618251,-0.13808139388218765,-0.14496156527919207,-0.9797549046855337,9.623760044819894,-0.9454045705247219,-0.2755549623532846,0.17401051908849188,8.886522191114434,61.68717757230956,54.15064778852608,42.833869192672125,18.554180391167492,5.787608832670878,51413.0,143082.28345605478, -1.4210854715202004E-14, 0.0,0.0,72.83039962007999, 112.48315284889098,112.48315284889098,1.9073486328125E-6, 90.31486268009905, -35.40901112674217, 5.563426611476768, -35.40901112674217, 194.12274879323544, -10.028162898886707, 5.563426611476768, -10.028162898886707, 93.3164145146635, 6.452365095051999, 4.144333968438251, 6.0, 0.0
