// Sample: .//bubblelabels.tif, Map: .//bubblelabels.tif, Thickness:(8.191250068658265):/gpfs/home/mader/Foam/NewValid/InSilicoTest/LatticeData_Phi_6.65/out_Step_06000.vtk/distmap.tif, Neighbors:(1.0):
//LACUNA_NUMBER, TRIANGLES, SCALE_X, SCALE_Y, SCALE_Z, POS_X, POS_Y, POS_Z , STD_X, STD_Y, STD_Z,PROJ_X, PROJ_Y, PROJ_Z, PCA1_X, PCA1_Y, PCA1_Z, PCA1_S, PCA2_X, PCA2_Y, PCA2_Z, PCA2_S, PCA3_X, PCA3_Y, PCA3_Z, PCA3_S,PROJ_PCA1, PROJ_PCA2, PROJ_PCA3,OBJ_RADIUS, OBJ_RADIUS_STD, VOLUME, VOLUME_BOX, Mask_Grad_X,Mask_Grad_Y,Mask_Grad_Z,Mask_Angle, Mask_Distance_Mean,Mask_Distance_COV, Mask_Distance_STD, SHAPET_XX, SHAPET_XY, SHAPET_XZ, SHAPET_YX, SHAPET_YY, SHAPET_YZ, SHAPET_ZX, SHAPET_ZY, SHAPET_ZZ, Thickness, Thickness_STD, Neighbors, Neighbors_STD
1, 0 ,1.0,1.0,1.0,184.1873450072014,35.47296492424981,20.871446671648094,9.788230669440008,18.29581311755913,13.036371830258496,41.0,81.0,56.0,-0.03110420678560181,-0.9985715135781172,0.043444914438245386,18.312725739092677,0.3143184736340751,0.03148868129004995,0.9487952150400842,13.367118691131251,-0.9488078970226715,0.04316706175918841,0.3128900435080903,9.298249387360723,81.41255923987475,63.9651239639778,45.6340469444265,23.22795105954461,7.807401446259105,92343.0,237642.24030377172, 0.0, 0.0,0.0,NaN, 44.09068591670792,44.09068591670792,0.0, 95.80945963816598, 8.643499851753486, 27.166585150801914, 8.643499851753486, 334.7367776326488, -8.042660877210556, 27.166585150801914, -8.042660877210556, 169.94699049675725, 10.724555278234469, 7.14768066667312, 10.0, 0.0
2, 0 ,1.0,1.0,1.0,60.503199765024206,82.6012220521219,32.69478958986044,16.63501072097263,18.1056711854276,17.42414900793112,80.0,86.0,70.0,-0.05860462961696089,0.8153972600813153,0.5759277781452667,18.71769348490409,-0.6256109870816358,-0.4795745603958543,0.6153203506011038,17.035073487165548,-0.7779308389761913,0.3242461245304371,-0.5382267742288483,16.35830374165772,97.07654800678813,88.22401331527857,82.93704894445659,29.00009628221782,8.193552040130326,224704.0,710312.9178841498, 0.0, 0.0,0.0,NaN, 107.48278156353983,107.48278156353983,0.0, 276.7235816868743, 2.8258251804352703, -11.49300214377708, 2.8258251804352703, 327.81532907482324, 32.19498545098823, -11.49300214377708, 32.19498545098823, 303.60096865058705, 10.53867698608951, 6.717728994556364, 19.0, 0.0
3, 0 ,1.0,1.0,1.0,56.83972466294333,147.509916047099,14.3165486820106,15.739014128538114,19.16176230335388,8.965341611052883,80.0,89.0,36.0,-0.2109342095434994,0.9772512155799747,0.02206401803209547,19.32047137248017,-0.9748523245697875,-0.20864892828636208,-0.07828518382065672,15.580577441578889,-0.0719006573345509,-0.03802218263611577,0.9966868159569713,8.901238287090711,87.17358715579395,71.80367762838259,38.59979041815387,25.054655036509843,8.217743699630656,112444.0,241610.91633070583, 0.0, 0.0,0.0,NaN, 78.68244263688172,78.68244263688172,0.0, 247.7165657383224, -27.353156175511483, 11.110933801244721, -27.353156175511483, 367.1731345702338, 9.011294939877269, 11.110933801244721, 9.011294939877269, 80.3773502028763, 10.549021195459286, 6.766628452104256, 14.0, 0.0
4, 0 ,1.0,1.0,1.0,167.72271762208067,184.84434778105742,81.09253793174875,17.929968461547524,8.611254985244582,15.750802050961386,73.0,35.0,68.0,0.9746710353594399,0.06720018762729961,-0.213308479939766,18.064720792873775,-0.21361536097217934,-0.0026693049031272058,-0.9769141990820177,15.632741360099821,-0.06621820284546642,0.9977359418173676,0.011753298163782755,8.544501562133181,77.67418778022518,69.39482905157956,36.90682010997742,24.12347260491862,7.860236394752067,96555.0,198934.66133072178, 0.0, 0.0,0.0,NaN, 88.58620919814547,88.58620919814547,NaN, 321.48376903208884, 16.69005979123033, -16.904805364334567, 16.69005979123033, 74.15371242089967, -3.1843741641939483, -16.904805364334567, -3.1843741641939483, 248.08776524856944, 10.964970996673879, 6.871042284400171, 15.0, 0.0
5, 0 ,1.0,1.0,1.0,14.535430357429075,112.88002885077736,142.52158198429237,9.236471660677253,17.851665258219303,19.464210250707172,37.0,92.0,100.0,-0.05967319091827783,0.32012303231484024,0.9454947670226328,19.68118455457746,0.03623844687098849,-0.9458635888707738,0.3225350309917942,17.651282508241426,-0.9975599657434181,-0.0535099563637534,-0.04484193702261209,9.161497817314256,94.9590215853402,91.62190662641473,39.47553597989311,26.4594743828782,9.096485986115908,124780.0,343450.0560914959, 0.0, -1.4210854715202004E-14,0.0,71.32963448124005, 105.37996321078063,105.37996321078063,0.0, 85.312408738494, -13.598634457038642, -14.458305930057284, -13.598634457038642, 318.68195249151404, 22.390856565995527, -14.458305930057284, 22.390856565995527, 378.85548068373413, 11.349942781285495, 6.889754196360024, 16.0, 0.0
6, 0 ,1.0,1.0,1.0,58.48471683838612,145.31489006574995,184.11483234929375,18.751296649498727,19.207310176685223,8.83700784370339,92.0,94.0,39.0,-0.6410402509916092,-0.7671379920972942,0.023805413030372372,20.197162553081352,0.7661322444489866,-0.6414397137673591,-0.039955945960605074,17.696608285795108,0.04592146147688239,-0.007375275112199115,0.9989178267970026,8.805071145317877,107.24816157525674,98.45012518322297,41.26527924754424,26.685595389594308,9.30073097091925,128213.0,435703.3683618221, -7.105427357601002E-15, 0.0,0.0,50.1305677987651, 81.62880559874843,81.62880559874843,0.0, 351.6111260375021, 46.677337922705505, -12.255243118962493, 46.677337922705505, 368.9207642233957, 0.005606869521608708, -12.255243118962493, 0.005606869521608708, 78.09270762967523, 9.48742071345718, 6.500373752440022, 21.0, 0.0
7, 0 ,1.0,1.0,1.0,185.2194584855613,174.27203343176018,136.02803913718031,9.298655842512476,15.112703836192162,14.80742462031622,39.0,60.0,70.0,-0.036432814862068105,0.7852527753687683,0.6181025228688787,15.676690750242383,0.12705619893063375,-0.6098539554851958,0.7822626638747114,14.284328310538521,-0.9912261963419479,-0.10703378791161063,0.07755253658499445,9.18248187813667,74.25508105022936,75.17787620291315,44.3985877506625,22.01162494848493,7.043224313590556,79924.0,247847.98084907042, 0.0, 0.0,0.0,NaN, 70.518114324127,70.518114324127,0.0, 86.46500047749142, -13.895556608691635, 8.26401573412066, -13.895556608691635, 228.39381724045728, 21.241646727884287, 8.26401573412066, 21.241646727884287, 219.25982388634696, 11.092235990025998, 6.895339650360261, 8.0, 0.0
8, 0 ,1.0,1.0,1.0,77.83565089459447,23.767473236743797,45.80577910059188,16.625902249040628,13.585343476884432,14.939349180650304,82.0,55.0,77.0,-0.9586180525606193,-0.26482652551230823,0.10449086414593517,16.880013905090458,0.07800734755027605,0.10864755065747853,0.9910149158636821,14.927482127742012,0.2737997133545912,-0.9581558438590299,0.08349308861058269,13.281631857978644,84.47730022449005,72.8118862795638,60.86592191783869,25.178239399378544,7.086790364371073,147497.0,374383.3384152271, 0.0, -3.552713678800501E-15,-7.105427357601002E-15,83.79400275390921, 93.38870773951601,93.38870773951601,0.0, 276.42062559465427, 27.94652310712702, -7.282236986667889, 27.94652310712702, 184.5615573849264, 1.9956392727515462, -7.282236986667889, 1.9956392727515462, 223.18415394139691, 9.624609488963852, 6.285677353927714, 18.0, 0.0
9, 0 ,1.0,1.0,1.0,51.78203920897183,183.19283451759267,121.75381673943441,14.653393728537653,9.722644611660204,12.720147892253532,61.0,37.0,61.0,-0.9634021645107744,0.023840764365607014,0.2669979164158752,14.808942514895458,-0.2624570273820848,0.1186940446017522,-0.9576158063408504,12.577824780608822,0.054521355391393904,0.9926446200582265,0.10809292333795248,9.67199430251167,62.70070591520045,64.5971301921939,41.37028514734223,20.74047978800774,6.394249492492587,70086.0,167561.47281256967, -7.105427357601002E-15, 0.0,1.4210854715202004E-14,47.959422465009375, 95.32221981803893,95.32221981803893,0.0, 214.7219477635466, -4.902537738054006, -16.09836052119401, -4.902537738054006, 94.52981824464521, -6.548309694282111, -16.09836052119401, -6.548309694282111, 161.80216240080196, 10.848911877126127, 6.5750803739763315, 9.0, 0.0
10, 0 ,1.0,1.0,1.0,169.81127748549844,95.42211430370071,16.686604613516796,16.175496303927293,15.62976191270861,10.405188651594385,68.0,74.0,41.0,0.8817710517388196,0.45710466141261613,0.11634062416144224,16.444084508841918,-0.4594667989179105,0.8881655905245303,-0.007221114895955179,15.419464470693201,0.106630544439877,0.04708728409103635,-0.9931831224247549,10.297392344894234,79.44931339252457,69.6007785985557,44.08984427083724,23.721799230831373,7.174979460160204,111195.0,243805.11406013067, 0.0, 0.0,0.0,NaN, 101.46517451211493,101.46517451211493,1.3486991523486091E-6, 261.6466806783655, 12.497792784416184, 17.29923465816472, 12.497792784416184, 244.2894574479567, 7.89644173978469, 17.29923465816472, 7.89644173978469, 108.26795087526858, 9.621602266074095, 6.085178236965264, 13.0, 0.0
11, 0 ,1.0,1.0,1.0,90.30365713229052,179.3209215536298,85.6677145234633,16.689573912791044,12.221642480244295,14.331090378898796,83.0,55.0,70.0,0.8740107044299221,-0.1848758228512843,0.4493620129327478,17.456737361754712,0.48496910834588275,0.3893195657318882,-0.7830933786519544,13.929010607168683,0.030170390983711895,-0.9023586902465084,-0.4299285308565778,11.598946415157378,92.37913816094826,72.25550036722272,66.97772115273963,24.075624134860362,7.324950257211761,118973.0,447069.64794136724, 0.0, -2.8421709430404007E-14,-1.4210854715202004E-14,87.58942992301506, 126.1797610099616,126.1797610099616,1.3486991523486091E-6, 278.54187739051537, -16.271212232758508, 44.25665047877128, -16.271212232758508, 149.36854491491192, -32.27416311449242, 44.25665047877128, -32.27416311449242, 205.38015144816563, 10.60622192432477, 6.563699245467904, 15.0, 0.0
12, 0 ,1.0,1.0,1.0,152.92582821049348,181.70670496341447,181.19097253811262,15.75475760246722,11.481328717807928,11.317674354647746,70.0,53.0,47.0,-0.9920852695868101,0.00263750489291448,-0.125538286736782,15.815883229595675,-0.08732913313469116,-0.7328760517264218,0.6747342553271136,12.92727507973327,-0.09022438902430996,0.6803570653515927,0.7273058663666603,9.532389297411875,71.53898161543847,69.66601670664437,51.76773843867309,21.486000972913246,6.817243667985004,76943.0,258001.91269183173, 0.0, 0.0,0.0,NaN, 53.892502326627685,53.892502326627685,0.0, 248.21238711249867, 4.463215175210387, 15.344110319002464, 4.463215175210387, 131.82090912636104, -37.75711010400407, 15.344110319002464, -37.75711010400407, 128.08975279785128, 10.486218027089109, 6.748058732092296, 11.0, 0.0
13, 0 ,1.0,1.0,1.0,21.39379304778304,45.15136004089539,57.16850516573396,12.347859372459126,16.649892829620583,16.94607638185392,53.0,85.0,82.0,-0.2554429993131265,0.5862519057600324,0.7688026906135564,17.157204238873902,0.12199061523452824,-0.7692845016022737,0.6271520113889794,16.798304323721613,-0.9590970565571639,-0.25398830403636913,-0.12499110974830738,11.845057265066634,80.0183889706108,76.9300811348778,62.31850535173878,25.680149205572835,7.575487036397709,148672.0,383621.57364152686, 0.0, 0.0,0.0,NaN, 75.92481595235174,75.92481595235174,0.0, 152.4696310820267, -36.3863103002199, -19.401368808067836, -36.3863103002199, 277.21893123785094, 0.9885730215205764, -19.401368808067836, 0.9885730215205764, 287.1695047396273, 11.094510812127744, 6.261650489291874, 14.0, 0.0
14, 0 ,1.0,1.0,1.0,139.90411433140895,114.55451806053986,119.55263594164457,16.80199122931,15.882655314104563,18.55173059106663,84.0,82.0,91.0,0.48590679591133945,-0.2655624155561074,0.8326891311475021,19.750010605408477,-0.7801133032694608,-0.561374159532008,0.27619248192472945,15.880803542156702,0.394103818490999,-0.7837956726429006,-0.47994429238931136,15.377565378227386,101.5597526433689,76.84702476793086,72.09755881617181,28.443650264808547,8.34812054507677,205088.0,562690.0716355527, 0.0, 0.0,0.0,NaN, 131.84924816659574,131.84924816659574,0.0, 282.3069092698102, -12.930573228757837, 58.75602466156858, -12.930573228757837, 252.2587398266539, -36.40320995116088, 58.75602466156858, -36.40320995116088, 344.16670792351744, 9.713842974195947, 6.078992558333792, 28.0, 0.0
15, 0 ,1.0,1.0,1.0,77.74481368883298,91.44565584559295,158.36745640703077,14.189548039271166,17.307044789404546,17.385168064639757,75.0,82.0,84.0,-0.15954440431022238,-0.7246335442512853,0.6704116717354469,17.708549525773453,-0.13735539371372335,-0.6562102980977641,-0.74197138791748,17.116775896588237,-0.977588399517427,0.21046204222202103,-0.0051623553434351505,14.019429308506602,94.56434782833607,84.59675620357868,74.73201100363481,27.144280033608243,8.143046296940549,171702.0,597843.9125989837, 0.0, 0.0,0.0,NaN, 127.04264132393682,127.04264132393682,1.9073486328125E-6, 201.34327355878418, 22.224591772550404, -2.6910142576646763, 22.224591772550404, 299.5337993424551, -9.906988644663585, -2.6910142576646763, -9.906988644663585, 302.24406863577, 10.193969232815975, 6.336714811227954, 24.0, 0.0
16, 0 ,1.0,1.0,1.0,115.8782343630928,59.18232018289466,15.354651503605135,15.422351962532101,13.69247367648253,9.43212105413144,75.0,67.0,37.0,-0.9831835084879198,0.1777475942385081,-0.04190443150559682,15.483676815743442,0.1796438040693732,0.982612531670879,-0.04691179236427806,13.640707180830702,-0.03283736129577661,0.05365077208919758,0.9980196903655579,9.40662228909065,74.25174618287728,67.41403383155887,38.232840004591324,21.708845947233197,6.559244671182458,85295.0,191378.6759028779, 0.0, 0.0,0.0,NaN, 103.99415271494146,103.99415271494146,0.0, 237.84894005621777, -9.208305558127153, 5.4094778183532926, -9.208305558127153, 187.483835381167, -5.624903986547451, 5.4094778183532926, -5.624903986547451, 88.96490757978958, 9.80867471861926, 6.069480360046625, 8.0, 0.0
17, 0 ,1.0,1.0,1.0,48.372315604616155,13.225451580531862,119.8157551430005,15.41240170117724,8.212503896813741,15.244599535467344,67.0,33.0,72.0,-0.7747980513411445,0.06094850818620176,0.6292640614144764,15.88868905898968,-0.623071118793495,0.09500131093195847,-0.7763743503276189,14.818108909628572,0.1070997692032439,0.9936095965071423,0.035631575400564386,8.084452348769904,76.80659321133162,78.05183375438645,36.72045612756537,22.046635414567334,7.164567561793774,79720.0,220135.2951617345, 0.0, 0.0,0.0,NaN, 94.57434435273044,94.57434435273044,0.0, 237.54212619845106, -17.963567841968917, -16.61636262417693, -17.963567841968917, 67.4452202551809, -4.199103953652062, -16.61636262417693, -4.199103953652062, 232.39781499677116, 8.719900013655574, 5.734498332481557, 10.0, 0.0
18, 0 ,1.0,1.0,1.0,101.17347981994354,21.08891432059205,186.41069657434957,16.969120774513613,12.721737365865959,7.523110652638452,79.0,57.0,33.0,-0.9976110303836213,-0.06842551392414185,-0.00949637305221408,16.986603815550676,-0.06905679181501403,0.9841242506682176,0.16349501139465206,12.815098150471758,-0.001841619164636463,0.16376021583686526,-0.9864984542045241,7.322527266267876,79.04503706123513,61.063831472319606,36.017354570463766,21.28876092631065,7.292428510470662,65535.0,173848.30850203917, 0.0, 0.0,0.0,NaN, 101.96123069929459,101.96123069929459,0.0, 287.9510598600295, 8.519556467371473, 0.9768030921831302, 8.519556467371473, 161.84260160607013, 17.949307561780255, 0.9768030921831302, 17.949307561780255, 56.597193891842146, 9.226346439079043, 6.221693253510386, 16.0, 0.0
19, 0 ,1.0,1.0,1.0,169.24834378286823,11.757324919067328,74.11565517900804,17.13732730889805,7.894967668030875,14.749869740872114,74.0,34.0,67.0,-0.8518981655414006,-0.12483773821187306,0.5086109069468919,18.40690343746164,-0.5174425378980249,0.05087092371858934,-0.8542045241589793,13.308783379038683,-0.08076345411661844,0.9908721856214155,0.10793320268106361,7.592058347907843,81.99661159315283,62.801017207284005,37.437909281670755,22.58437256314734,7.970148999439097,73209.0,192785.41375548355, 0.0, 0.0,0.0,NaN, 81.09888650260743,81.09888650260743,0.0, 293.68798729230286, 26.757503526157056, -69.01641501467859, 26.757503526157056, 62.330514479252884, -23.044957178621942, -69.01641501467859, -23.044957178621942, 217.5586573726948, 10.175386748361337, 6.239440823901075, 9.0, 0.0
20, 0 ,1.0,1.0,1.0,185.7130679675124,27.05980789056803,171.34294299580074,8.242317617499246,15.086303432478458,15.389058951273274,34.0,66.0,59.0,0.02105185922736365,0.6567729636806761,0.7537944636312822,16.30763965687525,-0.002653084759248043,-0.753922199495135,0.6569583535123652,14.091461464144144,-0.9997748648392455,0.01583007537944864,0.014128989671928592,8.236934441669678,81.09664377206208,72.15623125933276,34.34282845260151,21.95687478574527,7.088803567134974,79538.0,200961.46283563192, -2.8421709430404007E-14, 0.0,0.0,88.79372820476605, 41.92346056943885,41.92346056943885,4.76837158203125E-7, 67.93579970773845, 3.000351224302151, 2.915633345698439, 3.000351224302151, 227.5965512568113, 33.32366441410397, 2.915633345698439, 33.32366441410397, 236.82313540576408, 8.663813398290626, 5.651552677323663, 9.0, 0.0
21, 0 ,1.0,1.0,1.0,23.39709795905977,176.26838819350988,46.544588017444624,14.670603635305975,12.530158816130804,13.215553612504435,59.0,53.0,70.0,0.940335667342092,0.18164752729276445,0.2877029866941388,14.943430726977342,0.1612571215378558,0.5066463250455608,-0.8469389836766014,13.2968922195215,0.2996080330659189,-0.8428010899057103,-0.4471256527824353,12.114820827282202,73.83073591682121,65.07717096353232,67.22939178106361,22.418689993082793,6.654674091248092,98827.0,323016.75102339237, 0.0, 0.0,0.0,NaN, 57.24519425727743,57.24519425727743,9.5367431640625E-7, 215.2266110242529, 15.52745073445417, 16.603683080973855, 15.52745073445417, 157.0048799574605, -8.889581314566948, 16.603683080973855, -8.889581314566948, 174.650857284979, 10.376371859575947, 6.102905374030205, 10.0, 0.0
22, 0 ,1.0,1.0,1.0,109.90469096187638,71.35725418290167,62.17594927037971,13.003923436859436,14.600332555370017,15.727653330685625,61.0,74.0,68.0,-0.2253756518148945,0.35794157932711496,0.9061366571096336,16.12638179588192,-0.1627329146698703,-0.9308300402215715,0.3272207736439661,14.371862647455291,0.9605851414903627,-0.0737106641532808,0.2680353035292591,12.767935972014188,74.54952301459215,68.52875881804833,58.97924531265507,24.171164117044153,6.736886520984173,130890.0,301312.3594153754, 0.0, 0.0,0.0,NaN, 130.6708502416322,130.6708502416322,0.0, 169.10202475170212, -1.2345271148926684, -22.135587385223037, -1.2345271148926684, 213.16971072739756, 18.215596578560234, -22.135587385223037, 18.215596578560234, 247.35907929022662, 9.178981504009792, 5.740371527954669, 12.0, 0.0
23, 0 ,1.0,1.0,1.0,141.6864097594345,40.93254556411551,87.38784468296497,15.056902883752937,12.499424641027087,15.957282068907679,78.0,61.0,78.0,-0.5670449777846696,-0.11339338925289728,0.8158443064966039,16.64909458316669,-0.7681689201953282,-0.28467868895068826,-0.5734758531126317,14.51704417287294,-0.2972818582004748,0.9518928423572993,-0.07432034347212518,12.232901122701454,78.23570970756197,68.00978645327302,62.16736019359813,24.230208495226584,7.104772206907337,122794.0,330779.7115332681, 0.0, 0.0,0.0,NaN, 112.75009308837389,112.75009308837389,0.0, 226.71032445076747, 21.562841279194398, -32.09006356005248, 21.562841279194398, 156.23561635671513, -1.8246044797873762, -32.09006356005248, -1.8246044797873762, 254.63485102668253, 9.081414586709522, 5.7322967759265016, 17.0, 0.0
24, 0 ,1.0,1.0,1.0,54.95201234714472,75.94477027187463,93.06486999881277,14.372801375319584,14.85751462007689,14.442359331103756,70.0,75.0,63.0,-0.16941863806188004,0.7695813823672968,0.6156637239523683,16.218680779620758,-0.8789317060502153,0.16461824991106822,-0.447638121584696,14.755102888569636,0.44584344918022045,0.6169646081501415,-0.6485200776485079,12.455771177465934,75.86737028545802,71.64249200704826,64.78696009595541,24.242211234129204,6.944069238484392,126345.0,352138.3438601557, 0.0, 0.0,0.0,NaN, 132.09239879926656,132.09239879926656,0.0, 206.5774193743885, -23.12075553319575, 13.36206661761681, -23.12075553319575, 220.74574068579852, 46.512570049086015, 13.36206661761681, 46.512570049086015, 208.58174304871974, 8.673381257056718, 5.610888594677468, 11.0, 0.0
25, 0 ,1.0,1.0,1.0,117.66567252080156,150.91019465124356,158.9924042222256,16.38874708124734,12.855526731642662,14.882689206187159,77.0,65.0,76.0,-0.9364773124993724,-0.35036642189940725,0.01592524974244987,16.8934547740808,0.027189202731739415,-0.02725325856695876,0.9992587288346771,14.885165062550337,0.34967269042458127,-0.936216123714439,-0.035048242015053147,12.181669971959904,84.04341613921184,76.78723329030682,62.42922771198718,24.577236632558474,7.163063308126241,132442.0,402884.61137075647, 0.0, 0.0,2.8421709430404007E-14,89.08751182939544, 104.26108277830241,104.26108277830241,0.0, 268.5910308930933, 44.89547506804687, -0.055007727488817354, 44.89547506804687, 165.26456754797908, -2.757171774670059, -0.055007727488817354, -2.757171774670059, 221.4944380079598, 9.319719921375205, 5.766943869402328, 18.0, 0.0
26, 0 ,1.0,1.0,1.0,15.404110376544985,97.99170738718023,23.139307272204658,9.394399713004333,13.239511088179132,14.573767267350414,38.0,61.0,58.0,-0.06224272640108154,0.23880525365175256,0.969070634081171,14.710503770711924,0.33222690599288657,0.9205390450350004,-0.2055070546245148,13.555050301328775,0.9411435203753752,-0.30916001907486607,0.13663439047719472,8.70607732132706,64.19082429611277,66.44332314149683,44.31919115600378,20.846686121409302,6.430378677811427,69580.0,189023.64075933944, 0.0, 1.4210854715202004E-14,0.0,76.18396380015685, 101.85818020259853,101.85818020259853,0.0, 88.2547459676959, 30.922250239828397, -15.850690455301022, 30.922250239828397, 175.28465385401816, 12.117783562749363, -15.850690455301022, 12.117783562749363, 212.39469236289438, 11.048548397872855, 6.522505090795528, 5.0, 0.0
27, 0 ,1.0,1.0,1.0,174.15320018736958,64.39935272324661,114.99718945620236,13.759108037831833,14.287983584242987,14.944934932007685,61.0,69.0,77.0,-0.5484842214818323,0.3379018840743786,0.764844674116551,15.84581481219972,-0.11713587412083505,0.8746398138633654,-0.4704087403514151,14.276244875285204,-0.8279156030534848,-0.3476025211992027,-0.44014570482573345,12.724370091310368,88.3151576929227,70.27438908262621,63.65669377026853,23.799729621287874,7.098132076534376,117415.0,395072.1409216237, 0.0, 0.0,0.0,NaN, 109.73063151222668,109.73063151222668,1.9073486328125E-6, 189.31305399672857, -20.821007169320662, -35.10273341513587, -20.821007169320662, 204.14647490359707, 5.808055073020151, -35.10273341513587, 5.808055073020151, 223.35108012194354, 9.404929536411233, 5.53147881762668, 11.0, 0.0
28, 0 ,1.0,1.0,1.0,183.72542751153603,20.09002623880327,116.08324034140604,10.070023993976847,10.971362250306251,15.97697099437741,39.0,44.0,79.0,-0.23053435115424772,-0.28438404605304984,0.9305802637539589,16.71654394491019,0.12037930913793168,-0.9573287434163636,-0.2627365580963595,10.315903303511082,-0.9655893199851399,-0.05145280730285137,-0.25493111569851834,9.548773355378543,87.61045791005898,52.56783691339036,44.24943603455418,20.649393321662327,7.116342492400863,66314.0,203790.43531356432, 0.0, 0.0,0.0,NaN, 87.80941530130066,87.80941530130066,0.0, 101.40538323926938, 10.586470394730116, -40.87033446728723, 10.586470394730116, 120.37078962744506, -45.989594125495024, -40.87033446728723, -45.989594125495024, 255.26360215517707, 9.298393981343127, 5.885523172006255, 5.0, 0.0
29, 0 ,1.0,1.0,1.0,11.43932100329364,173.38655237451792,137.56843453537144,7.115623394162265,14.389707874314068,16.204996223028143,29.0,54.0,72.0,0.022444680084636195,0.10841003298641616,0.9938528568574841,16.2285623195512,-0.015101173497906354,-0.9939531078703715,0.10876200583759174,14.368095362539622,-0.9996340284798655,0.017449472849182596,0.02067184080823875,7.105581769103253,74.15299278041154,59.386443031194204,30.147253340528867,21.67889010174471,7.093899882322716,71046.0,132758.93139640064, 0.0, 0.0,0.0,NaN, 68.82466146589371,68.82466146589371,0.0, 50.63209628754932, 2.858808761739477, 4.492441816316128, 2.858808761739477, 207.0636927080963, 6.076951304156287, 4.492441816316128, 6.076951304156287, 262.60190258835644, 9.799610943993152, 5.9712014951534265, 9.0, 0.0
30, 0 ,1.0,1.0,1.0,11.24686005246104,25.102083011880882,170.0471377873785,7.081082505923134,13.900978209008915,15.702530512536848,28.0,52.0,60.0,0.00993696314976404,-0.16744027029049102,0.9858321422272696,15.753016815589543,0.03187084005707147,-0.9853269033729382,-0.16767570797093057,13.849648312427846,-0.9994425978101079,-0.03308548585926317,0.004454695055746947,7.069518509064076,67.10905390563713,59.333793963903084,28.273381468915144,21.02285452559379,6.927335470137225,64810.0,112579.93361185098, 0.0, 0.0,0.0,NaN, 40.666698750984104,40.666698750984104,0.0, 50.14172945569065, -4.783802285250582, 1.1834414834087204, -4.783802285250582, 193.23719516734073, -9.279815824738707, 1.1834414834087204, -9.279815824738707, 246.5694644971507, 8.684744471429749, 5.219701729462167, 7.0, 0.0
31, 0 ,1.0,1.0,1.0,98.11427525820706,184.54064897394886,141.79378676570252,13.01558085625051,9.352605654669391,15.035033984027416,60.0,38.0,63.0,-0.34284115948765537,0.02671367394645866,0.9390134817910986,15.343141044683286,0.9022160473799524,0.28779277220926813,0.32121881033681443,12.937649290795443,0.26166035850173014,-0.9573200613631709,0.12276871303536305,8.951763969718101,70.24005775404633,64.2133397484356,42.691547289250494,20.998533110059977,6.4800024447475275,73778.0,192553.76449731327, 0.0, 0.0,0.0,NaN, 115.12326351639966,115.12326351639966,0.0, 169.40534502559476, 21.232112398013584, -24.70356225733464, 21.232112398013584, 87.47123253175388, 11.96072587342641, -24.70356225733464, 11.96072587342641, 226.05224690085933, 9.406847128506588, 5.628791747797752, 7.0, 0.0
32, 0 ,1.0,1.0,1.0,175.34538434930093,149.77324004954306,92.71764915921847,14.55661143759706,11.173254993875046,13.769462293755696,64.0,55.0,64.0,-0.8074379158743807,-0.08826013485967851,0.583313089689395,15.267670709072192,-0.5814392598243233,0.2864200344438468,-0.7615063696412064,13.180428412611528,0.099861900359346,0.954030247143002,0.28258430316081434,10.93202604926721,72.90236537900573,67.7231216909308,53.01331693712589,21.954294894245233,6.659098381831992,89619.0,261736.0634515162, 0.0, 0.0,0.0,NaN, 108.29192007539827,108.29192007539827,0.0, 211.89493654518154, -0.9335308277653681, -29.496327725429442, -0.9335308277653681, 124.84162715815367, -17.672881127733838, -29.496327725429442, -17.672881127733838, 189.5980918591599, 9.36886435719113, 5.5585736155693635, 9.0, 0.0
33, 0 ,1.0,1.0,1.0,20.20061876209268,75.456562134825,175.21461274688224,11.784028460439307,15.455901841017099,14.250658122961513,49.0,73.0,59.0,-0.012041323064129805,0.8170172422357522,0.5764874954657313,16.563083179845098,-0.07018916783228002,-0.5757978112309254,0.8145737298125247,12.953510264570104,-0.9974610204202858,0.03065463213222917,-0.06427912780180216,11.777110546154242,84.18737762562952,67.01838172820342,51.21636737329498,23.021903398188623,7.128916421000653,104402.0,288967.95907953486, 0.0, 0.0,0.0,NaN, 81.95165153226095,81.95165153226095,NaN, 138.8633267564436, -0.15858598411805416, -2.604912396155787, -0.15858598411805416, 238.88490171915572, 50.23877194696571, -2.604912396155787, 50.23877194696571, 203.08125693752893, 8.506172291196725, 5.1546572031029045, 8.0, 0.0
34, 0 ,1.0,1.0,1.0,104.15690872751499,15.592458361092605,9.922425049966689,16.40446805567149,9.663407169679576,6.734107165442585,75.0,39.0,26.0,0.9807354066369357,-0.12037011853329235,0.15384764129802522,16.653183455118533,0.1286528758348328,0.9906668173988032,-0.045029928318317654,9.533616953001944,-0.14699149535980569,0.06395538655349402,0.9870679859172222,6.294270270319374,73.5487579200567,41.45996067332205,30.604236309322715,18.915210716727238,7.0746740683953755,37525.0,93322.37339390191, 0.0, 0.0,0.0,NaN, 97.60879786822757,97.60879786822757,0.0, 269.10657218954634, -21.52731232058924, 35.569667190028184, -21.52731232058924, 93.38143812701465, -6.689309892361393, 35.569667190028184, -6.689309892361393, 45.34819931566516, 10.654647664218485, 6.0741084050656395, 5.0, 0.0
35, 0 ,1.0,1.0,1.0,87.89305993057924,37.155745269958466,106.68697457916173,13.543869015247266,12.462934775979388,13.49428698606779,67.0,57.0,61.0,-0.7116257225692736,0.3685776570055655,0.5981131512799627,14.38732438096105,0.5456179865531726,-0.24638275599372117,0.8009972224037989,12.97113186767403,-0.4425944461100044,-0.8963515205014305,0.025770292341221687,12.066960993691197,69.14240079638637,67.91157797789032,57.9530047231366,21.99665988074379,6.083080345159654,99682.0,272122.3639184987, 1.4210854715202004E-14, 0.0,-1.4210854715202004E-14,23.78262581610289, 133.4655764746717,133.4655764746717,0.0, 183.43638790217494, -19.14359418372665, -16.232859001486116, -19.14359418372665, 155.32474323031641, 9.064281612111637, -16.232859001486116, 9.064281612111637, 182.0957812623585, 8.431656791648011, 5.339169967838747, 10.0, 0.0
36, 0 ,1.0,1.0,1.0,105.48326786070977,158.58601771089954,18.085225381183832,10.378704840343092,16.287630424195125,10.345857827504885,48.0,84.0,40.0,0.0754505179513325,-0.9970969206958782,0.010244514613763769,16.316052216374995,0.6820666762340017,0.04411227670902527,-0.7299583249848227,10.417715798954939,-0.7273872892152967,-0.06206317573523246,-0.6834148767079047,10.261521855446253,83.87630883051516,53.187886009542865,53.76828119188339,20.904342145239543,6.561224935917973,75095.0,239871.2470907855, 0.0, 0.0,0.0,NaN, 104.76452625016007,104.76452625016007,0.0, 107.71751416296112, -12.008671266346054, -1.483759428837388, -12.008671266346054, 265.2869048351667, -1.747713074768673, -1.483759428837388, -1.747713074768673, 107.0367741869441, 8.684917237346456, 5.344613037271087, 16.0, 0.0
37, 0 ,1.0,1.0,1.0,169.80475392168603,88.36395341875225,186.70389773679798,13.772108976577316,15.557435214507032,7.883296726421828,61.0,77.0,35.0,-0.24120211806975925,0.9704168676320729,0.010613258397761057,15.66894712355126,-0.97033992876625,-0.24097176031241152,-0.019314071912633367,13.64755863311807,-0.016185205607919313,-0.014957063451540086,0.9997571331940253,7.879047073604608,74.53836431232506,65.97012019979746,35.80119865733684,21.070095987132014,7.064148815402496,66808.0,176045.40790739728, 0.0, 0.0,0.0,NaN, 94.32246543064318,94.32246543064318,0.0, 189.67098566272148, -13.900859052894804, 1.8576314525025899, -13.900859052894804, 242.03379045358346, 2.467200433028349, 1.8576314525025899, 2.467200433028349, 62.14636727681311, 8.15575535809183, 5.1926913338306555, 12.0, 0.0
38, 0 ,1.0,1.0,1.0,153.84725963824056,89.3548887329364,69.10857311027098,10.739360171748594,12.543171627562426,15.26600981587321,51.0,61.0,68.0,-0.042087376440648944,-0.21572466332943185,0.9755467812338605,15.406322476408127,0.23742800378299023,-0.9506008092170916,-0.1999651082950087,12.476826323801268,-0.9704929653346116,-0.22320611807746965,-0.09122737028336993,10.615559321768478,68.2963595041762,64.17153929737029,48.053024875857204,21.592889190812993,6.281974488060671,88346.0,210601.15205032678, 0.0, 0.0,0.0,NaN, 122.0260892625552,122.0260892625552,1.9073486328125E-6, 115.33385689853999, -8.568934999182314, -7.159134702759728, -8.568934999182314, 157.33115447848704, -18.065470906734234, -7.159134702759728, -18.065470906734234, 233.05105569833717, 8.032497907414939, 5.078116139994478, 7.0, 0.0
39, 0 ,1.0,1.0,1.0,153.71584255786297,52.9107698289269,157.74010840728204,11.89414859827284,14.96860707910865,11.709028367022293,55.0,77.0,56.0,0.07462686588516834,0.9913082975250772,0.10834523591782952,15.013933479366973,-0.7840721509457299,0.12546174068851593,-0.6078570668625508,12.195603928249492,-0.616166935983661,-0.03958801436471184,0.7866200455869186,11.334917748650819,78.29533340759158,59.092839268709554,57.409458637219856,21.478618005412883,6.4265295956551025,87448.0,265615.9721319145, 0.0, -7.105427357601002E-15,0.0,7.559709755586903, 82.02238250286617,82.02238250286617,0.0, 141.47077087779576, 5.179040338018125, 10.436155816171608, 5.179040338018125, 224.05919788874164, 8.866961690398988, 10.436155816171608, 8.866961690398988, 137.10134529973277, 8.237215567243188, 4.928138783561309, 10.0, 0.0
40, 0 ,1.0,1.0,1.0,123.1869284106727,80.23118552342297,176.81281140641872,13.127759481197929,11.573772601534065,12.87089589017965,68.0,55.0,53.0,-0.6271049046470347,-0.32931291040950017,0.7058983252602731,14.624378907212773,-0.7182943209222534,0.5950457400257582,-0.3605188425145586,12.345555047907892,-0.30131828205150896,-0.7331258925415352,-0.6096996954130001,10.279350873542178,75.20581224549464,59.89291495392423,56.91581736463431,20.79781541825863,6.277030832494293,76869.0,256365.649610793, 1.4210854715202004E-14, 0.0,0.0,51.16315082994182, 113.46777874073037,113.46777874073037,0.0, 172.33806899618213, 2.3655191977771923, -35.79470641089127, 2.3655191977771923, 133.9522122320206, -35.18260249910215, -35.79470641089127, -35.18260249910215, 165.6599610158434, 8.565486504181306, 5.040711481564252, 9.0, 0.0
41, 0 ,1.0,1.0,1.0,187.43261867170324,107.83214059110828,137.00985672337725,7.512451536200516,15.010803795624442,15.002174034809634,29.0,66.0,68.0,-0.06700620206568214,-0.7073067932460827,0.7037238585643353,16.170649534455475,-0.005556740465055644,-0.705033517136164,-0.7091522138088653,13.777827173696217,-0.9977370853687544,0.05142800737491212,-0.04331129803306511,7.450366195750665,76.09281964887943,66.43377978103479,30.577410504996863,21.34906101966399,7.144506842595263,67771.0,154572.89596250496, 0.0, 0.0,0.0,NaN, 112.34149514528241,112.34149514528241,0.0, 56.436928083761494, 10.288522672076535, -9.183544425679141, 10.288522672076535, 225.32423059073318, -35.370171163401345, -9.183544425679141, -35.370171163401345, 225.06522577071638, 8.909360064529658, 5.226800079505329, 8.0, 0.0
42, 0 ,1.0,1.0,1.0,47.579704082081996,33.62818706239817,11.579439869655204,12.608697739691413,11.287538294020527,7.580861351178428,59.0,56.0,31.0,-0.9729573102664947,0.2235787444280372,0.05802255974162314,12.702454998228772,-0.21446515981351888,-0.9676960012567691,0.13254864909843797,11.253167154238241,0.08578325958571195,0.11652035955849702,0.9894767496930935,7.474697604078472,57.24359985687869,54.87863819854668,34.677661544422435,17.716656143611885,5.475156010990546,45418.0,108938.16779948957, 0.0, 0.0,0.0,NaN, 59.4034227409254,59.4034227409254,9.5367431640625E-7, 158.97925869089934, -8.259732642694111, -7.966358543488313, -8.259732642694111, 127.4085207389798, -7.708133315450592, -7.966358543488313, -7.708133315450592, 57.469458825790824, 8.375717983915571, 4.96057074334916, 3.0, 0.0
43, 0 ,1.0,1.0,1.0,46.42878727102554,22.79832865356331,167.0200026741543,12.03716790464855,13.234822200041151,11.484338892223766,52.0,52.0,53.0,0.3476306580757025,-0.9288209135427697,0.1282366411421821,13.408089105156023,0.7730701893312701,0.3613180884362272,0.521355657239954,12.134620300272546,-0.5305802558832808,-0.08210328577082263,0.843649004345093,11.176676891601387,63.303965487091276,64.68900678634964,60.68302029390692,20.419556997131686,5.914867848367903,74790.0,248501.25554081728, 0.0, 0.0,0.0,NaN, 61.34391820275925,61.34391820275925,9.5367431640625E-7, 144.89341116470118, -11.475593014989599, 11.44589563100081, -11.475593014989599, 175.16051866670207, -2.3275745375817216, 11.44589563100081, -2.3275745375817216, 131.8900397914434, 7.997628656328163, 4.8984224220431685, 7.0, 0.0
44, 0 ,1.0,1.0,1.0,35.119845426869894,53.95727713486198,127.95794339835382,14.339054743477368,13.306006352482841,12.360488050914967,71.0,64.0,60.0,-0.8761938384864415,-0.3366823545168528,-0.34486134830592957,14.604747492145476,-0.4568672068001256,0.8080844090354659,0.37184935555202014,13.603568454333775,0.1534819622921425,0.48336795511368924,-0.8618577070608371,11.708297777409467,70.81493825260743,63.76183642596345,54.1159004250566,22.225368473611983,6.439950081927788,97559.0,244349.01159567357, 0.0, 0.0,-1.4210854715202004E-14,69.82666781562355, 96.61702343795488,96.61702343795488,1.3486991523486091E-6, 205.6084909364408, 4.772214923678893, 14.879454748269959, 4.772214923678893, 177.0498050523137, 23.264308860119545, 14.879454748269959, 23.264308860119545, 152.7816648568117, 8.326923807547184, 4.9431682844765685, 6.0, 0.0
45, 0 ,1.0,1.0,1.0,58.80129207949476,144.25575062286345,86.54394808505707,12.002908832963719,12.175757275294204,10.929727537821034,62.0,57.0,50.0,0.6467679675988286,-0.7202292826413565,0.2509202592737334,12.852868586677504,0.7215694984116189,0.6844003832621811,0.10456373344799828,11.417565249956874,-0.24703978434674284,0.1134279322587536,0.962343727123224,10.780575243784417,57.07228868585777,52.0208080573784,49.00397928619704,19.549028323559163,5.441812320813407,69036.0,145490.19646911864, 0.0, 0.0,0.0,NaN, 118.55322955949995,118.55322955949995,0.0, 144.06982045243845, -15.830865243576678, 9.014946981731462, -15.830865243576678, 148.24906522687974, -7.838938342165832, 9.014946981731462, -7.838938342165832, 119.45894405100343, 7.443370380544035, 4.684222340365385, 13.0, 0.0
46, 0 ,1.0,1.0,1.0,131.13262902667128,119.60439903013508,182.92868029095948,15.286274311154298,10.103021187175992,9.562314817003603,70.0,49.0,38.0,-0.9795819422846531,-0.007235664675540441,0.20091506540458676,15.491254453800089,-0.10153165697722695,-0.8447445675847036,-0.5254502242530598,10.649383698719774,0.17352389167283253,-0.535120790749934,0.8267618752251942,8.590154036391304,69.0265021341753,56.227506254047256,44.59234890417004,19.620522274496707,6.4972447821961445,57740.0,173071.29304588033, 0.0, 0.0,0.0,NaN, 107.22685016679404,107.22685016679404,0.0, 233.6701823158558, 4.5759527576589, -30.594316481956184, 4.5759527576589, 102.07103710852698, 17.34397151378743, -30.594316481956184, 17.34397151378743, 91.43786465948665, 7.739795101880717, 4.953730347226676, 8.0, 0.0
47, 0 ,1.0,1.0,1.0,124.07125680293633,9.620649284900646,49.70038602708518,8.974622015802801,6.388571948920339,13.294608416119328,43.0,26.0,58.0,-0.09964533720310244,0.05625066099916147,0.9934317640939601,13.347237562452872,0.9945329538644371,-0.025700778488291165,0.10121103528160283,8.922087070740067,-0.031225157347210784,-0.9980858345464352,0.0533821733014751,6.35231584263527,58.454772969460166,43.28854959153038,27.413707393301408,16.371475449628303,5.484441303653473,31604.0,69368.25757048663, 0.0, 0.0,0.0,NaN, 91.2571055172691,91.2571055172691,0.0, 80.54384032653233, -1.7756518855080365, -9.689636417320258, -1.7756518855080365, 40.81385154653182, 7.59814985693981, -9.689636417320258, 7.59814985693981, 176.74661293795086, 8.779020281950592, 4.746826360229014, 4.0, 0.0
48, 0 ,1.0,1.0,1.0,9.776885830784913,42.12570081549439,12.91434123343527,6.543007635301081,15.2525795187477,7.992220876134489,25.0,67.0,32.0,-0.036346528477550155,-0.9952087780929543,0.09076573072674701,15.305775874618572,0.2834530767547602,-0.09736233028735315,-0.9540308852019812,8.025934822476113,-0.9582970745785936,0.00894788509906566,-0.2856337728742232,6.375368265877633,67.9679822171083,37.93330397851636,28.608098196344002,17.28469752498732,6.369219488597673,31392.0,73758.83290087046, 0.0, 0.0,-1.7763568394002505E-15,84.79233946249465, 45.13249799466404,45.13249799466404,0.0, 42.81094891560825, 6.347744919461095, -7.066798993406565, 6.347744919461095, 232.6411819757218, -15.282046078846047, -7.066798993406565, -15.282046078846047, 63.87559453291994, 9.657434406419732, 5.789259114790244, 2.0, 0.0
49, 0 ,1.0,1.0,1.0,48.67444111460641,183.1429369171491,164.18187740818644,15.170555268933532,9.874173848290562,8.839387029622666,62.0,43.0,39.0,-0.996615613317994,0.016075678837605578,0.08061570467786708,15.202761484320042,-0.05695281585883484,-0.8422080011707516,-0.5361362322485927,10.56035642695994,0.05927643761688588,-0.5389130313082785,0.8402731988047543,7.945736894708674,62.62728987772031,51.63976570091762,41.1421177923027,19.171894541434437,6.182093424207643,53723.0,133056.01887149186, 0.0, 0.0,0.0,NaN, 62.739937038545776,62.739937038545776,NaN, 230.14574716776696, -0.3704937050996581, -12.019283437835035, -0.3704937050996581, 97.49930918626526, 22.066012013150438, -12.019283437835035, 22.066012013150438, 78.13476305946142, 8.701906135735374, 5.2196356078371196, 7.0, 0.0
