// Sample: .//bubblelabels.tif, Map: .//bubblelabels.tif, Thickness:(8.191250068658265):/gpfs/home/mader/Foam/NewValid/InSilicoTest/LatticeData_OldFoam/out_Step_07000.vtk/distmap.tif, Neighbors:(1.0):
//LACUNA_NUMBER, TRIANGLES, SCALE_X, SCALE_Y, SCALE_Z, POS_X, POS_Y, POS_Z , STD_X, STD_Y, STD_Z,PROJ_X, PROJ_Y, PROJ_Z, PCA1_X, PCA1_Y, PCA1_Z, PCA1_S, PCA2_X, PCA2_Y, PCA2_Z, PCA2_S, PCA3_X, PCA3_Y, PCA3_Z, PCA3_S,PROJ_PCA1, PROJ_PCA2, PROJ_PCA3,OBJ_RADIUS, OBJ_RADIUS_STD, VOLUME, VOLUME_BOX, Mask_Grad_X,Mask_Grad_Y,Mask_Grad_Z,Mask_Angle, Mask_Distance_Mean,Mask_Distance_COV, Mask_Distance_STD, SHAPET_XX, SHAPET_XY, SHAPET_XZ, SHAPET_YX, SHAPET_YY, SHAPET_YZ, SHAPET_ZX, SHAPET_ZY, SHAPET_ZZ, Thickness, Thickness_STD, Neighbors, Neighbors_STD
1, 0 ,1.0,1.0,1.0,78.89190263557036,135.87746083694506,39.507373344808556,18.148839038976273,17.55361518317786,19.104180692641766,98.0,93.0,87.0,0.40171164054215025,-0.40055936904240497,0.8235168181192689,19.64099226332008,0.8092833057768117,-0.2655871512519347,-0.5239503755899391,18.068250311941615,-0.4285887175881912,-0.8769353778712732,-0.21747656010218042,17.036702673231424,96.83574324428247,92.26641517278514,90.99201759027628,30.452536158507833,8.667325187964197,259109.0,812985.1866350322, 0.0, 0.0,0.0,NaN, 162.010645371105,162.010645371105,0.0, 329.3803584626692, -23.15328375092335, 16.244403011916738, -23.15328375092335, 308.1294059990923, -26.4695915191247, 16.244403011916738, -26.4695915191247, 364.96971993710645, 7.80741623309097, 6.213528695228903, 43.0, 0.0
2, 0 ,1.0,1.0,1.0,57.61036005061063,262.061337880955,13.579409175926944,20.47680300007215,21.324895016048057,9.000382392015837,110.0,96.0,38.0,0.6023946252086543,0.7965401001992136,-0.05142552181895714,22.397865650154785,0.7963402780230532,-0.6041372242742837,-0.02933216398989954,19.332753543619898,0.05443231685213571,0.023282676409534606,0.9982459816404559,8.92399834665004,108.19440421340602,105.36693991585588,41.12943828423686,29.001457908758773,10.675810550871681,145424.0,468880.2559115195, 0.0, 0.0,0.0,NaN, 70.30431012470929,70.30431012470929,0.0, 419.2994611037638, 61.00203259674128, -19.94384653058936, 61.00203259674128, 454.7511474454713, -12.07530620701703, -19.94384653058936, -12.07530620701703, 81.00688320250872, 7.626989441499071, 5.913185147417806, 23.0, 0.0
3, 0 ,1.0,1.0,1.0,260.7983877163241,140.52647617681856,127.0318461877276,18.479050956047885,17.107046152639764,15.42116080603318,92.0,102.0,77.0,0.9009058894870978,0.37168995775561686,-0.22408737936592796,18.779684758200624,-0.42816304219562723,0.8456302872623117,-0.31872531522055997,17.178843979982727,-0.07102807603509272,-0.3830874476777958,-0.9209772091894922,14.971616906811152,111.16934778717942,88.65043181856723,79.5964070072763,28.214547888033355,8.71078873489842,195251.0,784439.3609309396, 0.0, 0.0,0.0,NaN, 193.4464961124292,193.4464961124292,0.0, 341.47532423621425, 17.344795850983967, -16.263175987934034, 17.344795850983967, 292.6510280685469, -29.831481676752617, -16.263175987934034, -29.831481676752617, 237.81220060553395, 6.576376359941502, 5.549497483712114, 44.0, 0.0
4, 0 ,1.0,1.0,1.0,79.61702740172274,16.5785422616838,263.5475117235737,17.965463653805067,10.524999905969052,19.050848369530307,85.0,45.0,80.0,0.029025347032368233,0.05303355246529995,0.9981708128083895,19.07302590151415,-0.9893121784628842,0.14427789993028436,0.02110215952762062,18.090233490344865,0.1428948661592602,0.9881150388009571,-0.056654455435649176,10.267982574033251,81.48874837046083,87.6867540814068,47.53962207040978,26.62741096338899,9.351433916917632,131999.0,339693.60120497766, 0.0, 0.0,0.0,NaN, 89.12072159353347,89.12072159353347,0.0, 322.7578842961909, -31.264718153829982, 2.853989898787929, -31.264718153829982, 110.77562302064857, 14.351458512609671, 2.853989898787929, 14.351458512609671, 362.9348235988355, 7.263491097062849, 5.767913607268278, 19.0, 0.0
5, 0 ,1.0,1.0,1.0,188.44886894856612,113.25475853066217,236.32266865808555,15.850284012159209,15.18611684934441,16.402007992295697,79.0,91.0,83.0,-0.19174438291190588,-0.14494289060190663,0.9706830842688547,16.421572040761998,-0.8575596889129102,-0.45625887500298906,-0.23752730144680137,16.10703233789771,-0.4773106656815091,0.87796320961927,0.03681210373918048,14.89197755113018,83.21688791726007,84.67397463519632,84.27317401676167,26.37630804210196,7.427374265209735,170063.0,593814.4585113928, 0.0, 0.0,-2.8421709430404007E-14,13.907963215627662, 171.2457231451949,171.2457231451949,0.0, 251.23150326610983, 16.06850257141968, -1.2425115085797627, 16.06850257141968, 230.6181449619422, -2.6568484597565103, -1.2425115085797627, -2.6568484597565103, 269.02586617933196, 6.954511397121517, 5.678184676354809, 39.0, 0.0
6, 0 ,1.0,1.0,1.0,276.3638441865515,206.24302723960722,207.92348662146838,14.491662187061754,16.869652163639117,17.16510123299539,58.0,91.0,84.0,-0.2607844521353315,0.5014680273582656,0.8249371412791916,17.756129467350625,-0.18476180192191083,-0.8646355612696717,0.4671920619386085,16.564013642635302,-0.9475518698599265,0.03058044678041731,-0.31813564748337564,14.1275424540273,91.42489744484911,99.50670593700143,68.68898695821196,26.871024704663025,8.196472944286487,165788.0,624890.5295341071, 0.0, -2.8421709430404007E-14,2.8421709430404007E-14,72.47850522759303, 133.5182463889395,133.5182463889395,0.0, 210.00827294391547, -3.1836360057443676, -31.34393102331689, -3.1836360057443676, 284.585164122174, 17.652621423347153, -31.34393102331689, 17.652621423347153, 294.64070033897985, 7.966311221194632, 5.972509068182344, 33.0, 0.0
7, 0 ,1.0,1.0,1.0,264.04670778860793,279.85213644625026,27.471800593671713,18.469888192490643,11.844907251663674,16.268363109352006,79.0,52.0,70.0,-0.9726755468527294,0.10270493080459007,0.20821618031067712,18.63892935028202,-0.2018970329634513,0.06861383330297116,-0.9770003735721022,16.16116058051319,0.11462926605059968,0.992342601659274,0.04600317702946617,11.726271243127853,86.2175688611066,78.18914223505041,57.610812357081215,26.023723832047253,8.298435624565839,142503.0,388370.48778112885, 0.0, 0.0,0.0,NaN, 49.53055071848812,49.53055071848812,0.0, 341.13676984310524, -22.682433493935164, -18.115382165648985, -22.682433493935164, 140.30182780051467, -3.802058129939, -18.115382165648985, -3.802058129939, 264.6596382577253, 6.984996749608064, 5.711190921910737, 17.0, 0.0
8, 0 ,1.0,1.0,1.0,155.84781316205965,176.62734573225367,14.571944162989139,17.320116985084052,17.45839011734919,9.597625189559803,81.0,81.0,41.0,-0.6573597966202327,-0.7534899368778387,-0.011446082790083667,17.94798624289551,-0.7488583477339301,0.6514712992686487,0.12164013013158254,16.899358013749225,-0.08419781954786584,0.0885328258503636,-0.9925082699556383,9.443396406684906,85.81056107344,88.06034305354186,44.45995390204144,25.133397688064903,8.075182214625332,119419.0,335961.97269821254, 0.0, 0.0,1.7763568394002505E-15,89.34417344335914, 190.29715275830745,190.29715275830745,0.0, 299.98645237699714, 19.563816321841397, -16.138499625535356, 19.563816321841397, 304.7953854895558, 17.573666327313216, -16.138499625535356, 17.573666327313216, 92.11440927927283, 8.522108586995271, 5.855697302553902, 18.0, 0.0
9, 0 ,1.0,1.0,1.0,44.0099537247508,258.0204864882972,214.80364363751215,16.903922253951723,21.38371322536437,15.326077540623658,84.0,88.0,91.0,-0.19000789275669946,0.9533448568159268,0.23458598567002753,21.832807893098355,-0.93188236877153,-0.2503331291851821,0.2625425207563857,16.896894272149,0.30901820571435723,-0.16872139287883636,0.9359705337894482,14.687337917824197,98.72004658142683,89.9207954682775,87.07141036325032,29.76591379614183,9.585656343418831,208967.0,772931.6139340478, 0.0, 0.0,0.0,NaN, 104.67843483248099,104.67843483248099,0.0, 285.7425875676443, -30.989915210993498, -28.70556872025696, -30.989915210993498, 457.26319130462304, 53.773388150223205, -28.70556872025696, 53.773388150223205, 234.8886527812089, 7.41567969395082, 5.419025971734525, 32.0, 0.0
10, 0 ,1.0,1.0,1.0,278.28999303753403,209.38527754921196,285.32213431229826,13.442439094218473,19.03654614064765,8.995038155232402,53.0,105.0,40.0,0.2481643820960495,0.9682798367123227,-0.02913069301000143,19.376946627457368,0.968287213311707,-0.24704521411184985,0.037263047667618635,12.961284929492754,-0.02888445941912289,0.03745423875594328,0.9988808077059437,8.97435243090215,109.36247869977134,62.59910525078564,41.42356181416716,23.207937849277418,9.240757001724539,78995.0,283585.4272472794, 0.0, 0.0,0.0,NaN, 94.32810858005097,94.32810858005097,0.0, 180.69916880177317, 49.9483899221804, 1.0234387894660457, 49.9483899221804, 362.39008896500695, -9.123997187097656, 1.0234387894660457, -9.123997187097656, 80.91071141408673, 6.786958036867755, 5.516314304773271, 14.0, 0.0
11, 0 ,1.0,1.0,1.0,14.207392470561379,168.50107481880266,12.517282705880115,9.064878830798738,17.830591358440405,8.158790918152889,35.0,86.0,33.0,0.03591040611825526,-0.9986988794979208,0.0362076072396272,17.8486046644235,0.9870503027201221,0.029776966443960343,-0.15762306991525857,9.07023753220961,0.1563398306016007,0.04139903814090861,0.986835334292642,8.113321656220878,86.25047691033882,40.091731277702,37.389723207466446,20.15772526709901,7.767496231800986,52567.0,129291.080824179, 0.0, 0.0,1.7763568394002505E-15,87.92500336679001, 132.85518315429633,132.85518315429633,0.0, 82.17202821706312, -8.581138692993425, -2.229638671780879, -8.581138692993425, 317.9299881916896, -9.216623099527922, -2.229638671780879, -9.216623099527922, 66.56586924613404, 9.134120842469235, 5.7373111045597325, 11.0, 0.0
12, 0 ,1.0,1.0,1.0,22.483742956894467,131.41822392754676,188.86112897092883,14.355243410976142,16.131202261970483,15.864157579731764,63.0,75.0,76.0,-0.521128015493246,-0.29068500621300963,-0.8024511316155104,16.57361810569594,-0.030401009143225792,-0.9332935662493161,0.35782523365563107,16.213795162193414,0.8529369086345978,-0.21086807809760125,-0.47752830652044,13.43086835779868,87.5416595423707,80.669974729567,67.79042146884413,25.620407339522245,7.84569456941382,144645.0,478734.83536734665, 0.0, 0.0,0.0,NaN, 173.57452846324844,173.57452846324844,0.0, 206.0730133883739, 16.625182021954533, 38.53548304313987, 16.625182021954533, 260.2156864166016, -5.555339873257533, 38.53548304313987, -5.555339873257533, 251.6714957145608, 6.834382432969731, 5.1770153809517, 26.0, 0.0
13, 0 ,1.0,1.0,1.0,123.29466202709706,235.1404120422407,77.35939613802944,14.3874395319506,14.93199769758004,16.477473024896295,76.0,72.0,79.0,-0.13789291526053937,0.47622871990809773,0.8684421398433203,17.121292431814105,0.7879229435144992,-0.4785406384802147,0.38752586030663305,14.441010849762138,-0.6001358004688581,-0.7377025577139089,0.30924417106545354,14.134660940879087,81.99066161082459,69.92079803179459,74.9730361627181,25.4426788074506,7.35800135316009,148577.0,429809.357122048, -1.4210854715202004E-14, 0.0,0.0,82.07406337560465, 159.35123471522576,159.35123471522576,0.0, 206.9984162855349, -9.4309431420025, -8.505854627048356, -9.4309431420025, 222.96455524053562, 36.98399670048827, -8.505854627048356, 36.98399670048827, 271.507117286185, 6.501224414271848, 5.113325916099761, 32.0, 0.0
14, 0 ,1.0,1.0,1.0,191.04370085938928,279.7751357453473,60.29733597271578,16.58877266334367,12.164058139372962,15.15615395859145,76.0,53.0,79.0,-0.9078560067688353,0.0857078971320131,0.4104285898216068,16.912217372859335,0.4186542162745435,0.2388531174930145,0.8761722635757283,14.987737388928029,0.022937265950680963,-0.9672659120599031,0.2527262099538378,11.924987346087818,80.36293741273258,73.45942546298835,60.110510687559184,24.472203628298303,7.346559826601201,125787.0,354857.3031253448, 0.0, 0.0,0.0,NaN, 126.15977560991435,126.15977560991435,0.0, 275.1873784760982, -2.9480862187043924, -23.35265532878624, -2.9480862187043924, 147.96431041804559, 22.30909512102391, -23.35265532878624, 22.30909512102391, 229.70900281652726, 7.020949711471914, 5.540346971492271, 26.0, 0.0
15, 0 ,1.0,1.0,1.0,174.49676953432288,100.37548199063745,10.977689797918574,14.881686499668024,18.37035418911488,7.403678581510158,82.0,85.0,30.0,-0.026936746312165267,-0.9984732239156912,-0.048224815411989946,18.39181268128837,0.9948753324959333,-0.022074054265409735,-0.09867020279392379,14.933197397923317,0.09745503829572044,-0.05063553348878833,0.9939509838312379,7.244984776885389,85.35942750391554,83.65052544053808,33.27524819946962,23.257060448226564,8.53569575100951,77543.0,237597.2832445551, 0.0, 0.0,0.0,NaN, 161.08012886595597,161.08012886595597,0.0, 221.46459307440156, 3.9413623181801465, -16.36687500748775, 3.9413623181801465, 337.46991303353064, 14.131495864795022, -16.36687500748775, 14.131495864795022, 54.814456538312264, 6.97274175945347, 5.130467155597724, 23.0, 0.0
16, 0 ,1.0,1.0,1.0,218.39782449145022,28.53313652247259,262.83794323522,15.834888895682015,17.077155604007846,17.05135364712423,83.0,72.0,79.0,-0.5116513863290004,-0.5846072325042565,0.6296405661735317,18.82266123742934,0.07840368350433675,-0.7615384527890863,-0.6433599671541239,16.286072558053533,-0.855608392479038,0.27980987943122687,-0.4354775655439882,14.61481698948631,93.95672871191555,89.77923292103209,75.24483646496208,27.632591091056895,8.340354947833688,182578.0,634717.5118297071, 0.0, 0.0,0.0,NaN, 94.09608594690299,94.09608594690299,NaN, 250.7437063385936, 39.00191787524638, -47.9322983543851, 39.00191787524638, 291.6292435234966, -26.48821082810127, -47.9322983543851, -26.48821082810127, 290.7486611992968, 7.549210643716795, 5.507538157350931, 36.0, 0.0
17, 0 ,1.0,1.0,1.0,158.33692297425802,254.65489397907942,279.2366743964899,17.60531456266519,15.384696823865813,11.155720112762241,84.0,84.0,50.0,-0.8735400427699125,0.46140401590907065,-0.15502944165712923,18.423082964965953,0.4844259682781906,0.8551934004380493,-0.18432506369168322,14.697381970315636,-0.047531830758734545,0.23611561140718182,0.9705617667693981,10.7546764587117,90.4960410101917,75.93192494263451,53.212129990173764,24.631543657551425,8.023287698511693,119882.0,365649.2048746841, 0.0, -2.8421709430404007E-14,0.0,62.52225674827675, 150.18562422071966,150.18562422071966,0.0, 309.947100850391, -48.6095145452109, 21.340363728094236, -48.6095145452109, 236.6888963622668, -31.823412245946486, 21.340363728094236, -31.823412245946486, 124.450091234288, 7.36043674486031, 5.5091034687329055, 29.0, 0.0
18, 0 ,1.0,1.0,1.0,234.79733465772702,243.3436967138482,10.742786193195927,14.993520091891963,13.882497612605311,7.1724701881575665,67.0,68.0,30.0,-0.9795807524304803,0.17317461985313248,-0.10213765469432848,15.08240337255169,0.17805274239569507,0.9831795851774945,-0.04068321786170306,13.861641269671793,-0.09337435618576943,0.05803838668444996,0.9939380138006388,7.024935809567409,68.32469129813524,64.9468523580309,33.232526248484824,20.534238684110193,6.878862912861384,60405.0,147468.45915671377, 2.8421709430404007E-14, 0.0,0.0,11.598431901336207, 87.0444238592087,87.0444238592087,0.0, 224.80564474596798, -5.2201219241630445, 16.78781870005962, -5.2201219241630445, 192.7237399639922, -8.862345570018036, 16.78781870005962, -8.862345570018036, 51.444328600009044, 7.050303469052251, 5.135648315752872, 12.0, 0.0
19, 0 ,1.0,1.0,1.0,272.504116799383,66.52376377622473,238.4139125493035,15.580163968275654,16.29972140265846,14.186210307082222,71.0,83.0,75.0,-0.521318889378349,0.8479835691186226,-0.0956581521992031,16.717344289075914,0.8342833503112972,0.5300221018487247,0.15181522632864422,15.178481661166725,-0.17943775235630205,6.618585209675065E-4,0.9837691065349717,14.13559635606256,89.06447181798609,79.30052051687267,73.7859922827277,25.548703785513684,7.545510243806782,147809.0,521140.0578031735, 0.0, 0.0,0.0,NaN, 94.73268130598733,94.73268130598733,0.0, 242.74150927835495, -21.69461406447785, 7.844299969648287, -21.69461406447785, 265.6809178042823, -4.001372499844119, 7.844299969648287, -4.001372499844119, 201.24856287676585, 5.97736683557635, 4.889570690570351, 29.0, 0.0
20, 0 ,1.0,1.0,1.0,279.3067255381219,203.66705038240164,12.112575888985257,13.29976377592586,16.606811014437625,7.681640826213895,55.0,80.0,31.0,-0.37671504747590184,0.925971555227066,0.025738141261498718,17.197274423152546,-0.9243888321153989,-0.373983359453603,-0.07511147656733638,12.555535041287577,-0.05992545423739113,-0.05208767380258715,0.9968429235201892,7.634774822443401,81.61332625486003,62.29375405496842,33.82459394055282,21.24706169960628,7.761434370066072,63415.0,171964.25160390296, 0.0, -2.8421709430404007E-14,0.0,22.184683828711698, 99.27216772412994,99.27216772412994,0.0, 176.88371649542967, -48.484850539905324, 4.595841463113572, -48.484850539905324, 275.7861720692468, 8.450081641883424, 4.595841463113572, 8.450081641883424, 59.0076057829561, 7.354058721346932, 5.433537190470411, 11.0, 0.0
21, 0 ,1.0,1.0,1.0,40.54514956461472,85.33243380742772,36.5001511498448,13.329101648625494,13.703408164357848,17.354151877359154,61.0,70.0,80.0,0.24095004821008598,0.03565710347680315,0.9698822842176268,17.590075579566705,-0.08792044662065765,-0.9944140417133174,0.05840127318311534,13.70439897213061,0.9665469824760622,-0.09934427318687936,-0.23646912282873075,13.015130555573572,82.91497671875429,70.39962986582617,61.44940162840369,24.77701696544828,7.260465808371861,135627.0,358691.4437985566, 0.0, 0.0,0.0,NaN, 101.28077036968828,101.28077036968828,0.0, 177.66495075939088, 2.8131481311259297, 32.6264853195449, 2.8131481311259297, 187.7833953189893, 3.772675684833888, 32.6264853195449, 3.772675684833888, 301.1665873824482, 6.8940670449595896, 4.93066398131833, 22.0, 0.0
22, 0 ,1.0,1.0,1.0,69.97410724174486,63.58532822809044,159.65692293087355,14.605397267083605,14.296895615053325,14.174143349938571,72.0,66.0,71.0,-0.820171990988746,0.4947691091226279,0.2872654414571256,14.680357735511835,-0.5587223336441931,-0.584667655206232,-0.5882117704048718,14.475686241901707,-0.12307420154014134,-0.6429364366822333,0.7559665861012704,13.91282853502792,77.98135139172345,78.63888102953186,79.91628247649633,23.931393273213683,6.775958180566665,126406.0,490075.9106565636, 0.0, -7.105427357601002E-15,0.0,60.34547371454962, 169.2207107046415,169.2207107046415,0.0, 213.31762932933322, -3.6859264647995587, 0.08069323254232225, -3.6859264647995587, 204.40122422773098, 8.61440856658391, 0.08069323254232225, 8.61440856658391, 200.90633970460783, 6.983453051875964, 5.097791452243766, 30.0, 0.0
23, 0 ,1.0,1.0,1.0,65.97680166054415,42.023138607651646,34.92204999552011,14.73097280958246,13.285985343418371,16.197815245324527,76.0,69.0,73.0,-0.1656920075043913,0.024589720486305505,0.9858709369362556,16.24482384719806,0.9198660512089722,0.36424191980012455,0.1455138195963953,14.919447136349806,-0.35551737859403887,0.9309796826498011,-0.08297122399300647,13.015528437332922,77.28359470828667,81.21164824309494,63.637617137454015,24.600927898864057,7.119166503156413,133932.0,399410.5651921187, 0.0, 0.0,0.0,NaN, 85.66464913651541,85.66464913651541,0.0, 217.00155991665773, 17.435160317578738, -8.315975201325458, 17.435160317578738, 176.51740654552776, 5.109634494100533, -8.315975201325458, 5.109634494100533, 262.3692187216677, 6.484061847252175, 4.93366578981158, 23.0, 0.0
24, 0 ,1.0,1.0,1.0,27.509329146309387,283.18299632572706,134.46904763802434,15.137100718738138,10.740685341326275,19.985298410828907,64.0,48.0,106.0,0.07741651130982855,-0.09227095614569253,0.9927198771197117,20.073601882435156,0.9969641718916289,0.015467854867995975,-0.07630979904456386,15.102708553965167,-0.008314068862734858,0.9956137886337969,0.09318830474476611,10.623793773411045,104.70124584035648,65.78150024842283,53.01458744173715,25.811997550761003,8.81175775768395,125467.0,365132.9361702367, 0.0, 0.0,0.0,NaN, 138.2805104681703,138.2805104681703,0.0, 229.13181816922267, -0.29525849186846226, 13.527596736509857, -0.29525849186846226, 115.36232160138111, -26.707519377756682, 13.527596736509857, -26.707519377756682, 399.4121525698804, 6.669741578757204, 4.9715469277385775, 19.0, 0.0
25, 0 ,1.0,1.0,1.0,282.13577266384635,104.05873884249928,168.58665751179427,11.260689782058833,13.207704946203155,15.25111894238426,46.0,66.0,74.0,0.028419215826774542,-0.05507588589162899,0.9980776497673133,15.25695993080924,0.4115891780351748,-0.9092653104971796,-0.06189461730067564,13.659070350158574,-0.9109262849957294,-0.412556955970591,0.003171968499123852,10.700383364514364,74.03553004442554,69.85165122254611,55.916857738807096,22.086635723526562,6.784081052341548,90298.0,289174.25473519583, 0.0, 0.0,-2.8421709430404007E-14,3.5532313420331816, 168.57288729725104,168.57288729725104,NaN, 126.80313436776422, -27.15762406929317, 1.5188218886953009, -27.15762406929317, 174.4434699459593, -2.4455539595845286, 1.5188218886953009, -2.4455539595845286, 232.596628994752, 6.890875266540586, 5.217073510280447, 14.0, 0.0
26, 0 ,1.0,1.0,1.0,33.64598018108355,181.03727106497183,207.30203202878462,15.311024901884648,15.494903058201658,14.338017351003252,69.0,73.0,74.0,-0.633438275376803,0.7458228436897096,-0.20616555754600932,16.758207927397592,-0.5999200272718592,-0.3050719450721582,0.7396127832913804,14.76189837628243,0.48872478161619104,0.5921818928002488,0.6406783074786605,13.466516597743015,95.7649546354319,77.37057111434176,67.38213551519846,24.959180982174185,7.5589371333455695,135628.0,499260.469374934, 0.0, 0.0,0.0,NaN, 154.52215415275356,154.52215415275356,0.0, 234.4274835461318, -40.310182483083466, -3.2321270839200125, -40.310182483083466, 240.09202078306706, -23.548653463188852, -3.2321270839200125, -23.548653463188852, 205.57874155767033, 6.592587597008304, 4.928382877814792, 34.0, 0.0
27, 0 ,1.0,1.0,1.0,124.32956663752289,187.49524076609643,114.77836156980484,13.924528989949243,13.86842345359632,14.87256484011578,70.0,71.0,72.0,-0.2825846566748026,-0.40361745462481796,0.8701947265607664,15.08002048476665,-0.7018727453809499,-0.5313553418609391,-0.47437975290610124,14.276873006677453,-0.6538505648107927,0.7448184013556788,0.13313522410909606,13.27338468265983,77.04087923505458,68.50834157211219,65.36826225143906,23.698012884528968,6.769272259872931,121238.0,345009.9536514571, 0.0, 0.0,1.4210854715202004E-14,29.51872413123873, 203.19752526839915,203.19752526839915,0.0, 193.89250759193686, 16.152981408053225, -3.3912652376574473, 16.152981408053225, 192.3331690882605, -11.022628098238412, -3.3912652376574473, -11.022628098238412, 221.19318492344811, 6.4320625621560525, 4.775615863194454, 30.0, 0.0
28, 0 ,1.0,1.0,1.0,31.9678450257196,13.951887928204005,71.2919776731969,17.608943102531953,8.96587751463516,14.448832864500405,72.0,37.0,77.0,0.9907225696734405,0.0059608929562885785,-0.13576913380742417,17.664034204733557,-0.13585851178154984,0.018780107998104683,-0.9905502371510904,14.383268315142427,-0.0033548049357715187,0.9998058688059115,0.0194157149005575,8.962928992831408,77.11778113778757,72.06075439540591,37.97752445666917,23.235927201515324,7.7020967942368035,91370.0,211047.38815769434, -3.552713678800501E-15, 0.0,0.0,7.810661468683665, 79.36714920485173,79.36714920485173,NaN, 310.0748771882076, 1.0453611331182957, -14.134050230886928, 1.0453611331182957, 80.38695960744036, -2.541561411279796, -14.134050230886928, -2.541561411279796, 208.768771146267, 6.791970269265067, 5.198510872907398, 16.0, 0.0
29, 0 ,1.0,1.0,1.0,235.415335406486,274.1316303864949,95.6523678365171,13.646735079513965,13.513402168518878,14.458891172259214,69.0,60.0,69.0,-0.47154018003113196,-0.5177516057973257,0.7138509181268157,15.362630821394678,-0.6513178392878305,-0.34125126424708613,-0.6777408404952413,13.510097775497371,-0.5945039367755596,0.7845258755095689,0.17630717459679643,12.624253751087167,78.84592252808523,71.65536683471754,65.98868763830102,23.10822029359133,6.626847311711974,112550.0,372818.49931445054, 2.8421709430404007E-14, 0.0,0.0,61.86568052000831, 118.27817600829826,118.27817600829826,0.0, 186.233378330437, 23.856213291451777, -15.577881713778966, 23.856213291451777, 182.61203816813074, -22.97109577519317, -15.577881713778966, -22.97109577519317, 209.05953393123542, 6.11111186587085, 4.720515333022515, 22.0, 0.0
30, 0 ,1.0,1.0,1.0,135.30462793220846,23.793916719667777,250.19844363799618,15.947686088914855,13.951354011550373,14.690319440036882,77.0,60.0,76.0,0.8400542140537155,-0.1316280107944957,0.5262917292005246,16.61756061091461,-0.46393873460891855,-0.6771445116501223,0.57117086836742,14.524853037855767,0.2811934707280194,-0.7239816137972025,-0.6299054333021179,13.328907650958058,86.47664744950208,74.66549655742374,69.36237938491843,24.712047702045837,7.354532885799628,133645.0,447860.5248687888, 0.0, 0.0,0.0,NaN, 146.1290109075323,146.1290109075323,0.0, 254.3286915905684, -0.42483398175094, 34.71373386666144, -0.42483398175094, 194.64027875560268, -19.70618029348123, 34.71373386666144, -19.70618029348123, 215.80548525032555, 7.619718220500933, 5.237230476596854, 20.0, 0.0
31, 0 ,1.0,1.0,1.0,20.36453366792137,253.91091593475534,81.89932245922208,11.914330901318934,16.6123825098423,15.206137528275702,50.0,81.0,81.0,-0.17279636361633838,0.9666368378365306,0.1890889749783497,16.797600776655532,-0.014140019174588056,0.18952247084465773,-0.9817745631776562,15.145053739936806,-0.9848560689657713,-0.17232079614001514,-0.01908053036366866,11.731031811856958,86.02109450477772,79.32227285630493,53.76011316292231,24.29510794609643,7.674430395520499,119550.0,366826.15026360174, 0.0, 2.8421709430404007E-14,0.0,14.841785158162468, 96.1582909621668,96.1582909621668,0.0, 141.95128082612322, -24.38898131690999, -3.4489792787357194, -24.38898131690999, 275.9712526533143, 9.346689955589119, -3.4489792787357194, 9.346689955589119, 231.2266185288347, 6.624810428723587, 5.2342485388464794, 18.0, 0.0
32, 0 ,1.0,1.0,1.0,165.66584225650118,11.104676264135298,220.49690488784685,16.457941831577333,7.588470945030049,15.464623899227457,84.0,31.0,84.0,0.8425530453888888,0.034794880955892525,0.537488308677662,17.105083482737612,-0.5384090581496063,0.02692516620857074,0.8422533594632281,14.759269076272071,-0.014834143330913922,0.999031707046331,-0.04141975987052308,7.561972516644124,82.36571001500153,73.6296046063137,33.414907165357484,22.332084698411872,8.29947745239222,69949.0,202646.53101402218, 0.0, 0.0,-2.8421709430404007E-14,57.48717973327197, 156.49192280753198,156.49192280753198,0.0, 270.863849331583, 4.572184062644178, 33.75178565595668, 4.572184062644178, 57.58489128356524, 8.04567130925659, 33.75178565595668, 8.04567130925659, 239.15459234455702, 6.739226622184583, 4.781395493452918, 18.0, 0.0
33, 0 ,1.0,1.0,1.0,59.012761245188166,111.89633685468704,158.36802833488602,13.925160830397362,12.863155167727268,14.681426524802283,71.0,66.0,71.0,0.5687541246925555,0.15806253945187607,0.8071771672112815,15.366533556905292,-0.7197255384470131,-0.3793915946426101,0.5814268373765484,13.324438662607191,-0.398138035048603,0.9116349332581337,0.10201888801136673,12.69819398952276,75.2291420628847,65.95203232219147,64.75329590225327,23.083633501770056,6.485446336268831,113782.0,321274.43654424965, 0.0, 0.0,0.0,NaN, 189.90237383726097,189.90237383726097,0.0, 193.91010415243292, 11.18207202270125, 27.55959310662215, 11.18207202270125, 165.46076086902872, 5.959491784376905, 27.55959310662215, 5.959491784376905, 215.54428480316804, 6.620926681385868, 4.932731278022734, 25.0, 0.0
34, 0 ,1.0,1.0,1.0,144.74541392713138,152.60316393621272,58.3663318682117,13.382623047845652,13.967853791245968,13.912321362808152,67.0,67.0,64.0,0.5230500561405115,0.6187633953676357,0.5861318105379736,14.952082105491513,0.008213681934134907,-0.6913319388790903,0.7224906128904117,13.48476471493304,-0.8522623857712441,0.3730844553700847,0.36668353516447183,12.741451493842426,75.64163301716292,67.62581888223008,64.55196986467112,22.922517981768074,6.504336572770873,110116.0,330204.45851856767, 0.0, 0.0,0.0,NaN, 214.67112248810227,214.67112248810227,0.0, 179.09459964072963, 19.702859691486815, 18.8843378581988, 19.702859691486815, 195.10093953362434, 12.466117276118908, 18.8843378581988, 12.466117276118908, 193.55268570204805, 6.145366556239328, 4.728126173809906, 19.0, 0.0
35, 0 ,1.0,1.0,1.0,24.683394903262162,14.421587043182434,264.43605075866674,13.829703419025638,9.144311136344031,19.439789028721403,50.0,41.0,78.0,0.086028462309022,0.05655392742379998,0.9946862605694765,19.498940564211452,-0.9946886721017886,-0.05175483506244952,0.0889712461418793,13.791257634684914,-0.05651149675177084,0.99705721517905,-0.05180116209384094,9.076180365372107,81.64636487609519,55.42685265592594,42.15083572054081,24.12847865979012,8.402442374803899,95826.0,190749.43563291337, 0.0, 0.0,0.0,NaN, 45.62944928918828,45.62944928918828,0.0, 191.2606966582094, 6.999682020569676, 15.943766242639505, 6.999682020569676, 83.61842615826548, 16.257560426195322, 15.943766242639505, 16.257560426195322, 377.905397481197, 6.247632851909263, 4.813002668059747, 10.0, 0.0
36, 0 ,1.0,1.0,1.0,53.40388363275575,19.073978597498318,163.71496403387548,15.146803019046418,12.003810536197788,15.641692510194277,87.0,48.0,80.0,-0.5743750497216117,0.18509180825499097,0.7973922026043354,16.322902942577283,0.8138665621406737,0.024604107592862405,0.5805306683706547,14.561472860758297,-0.08783234760961615,-0.9824131821216859,0.16477201918689643,11.81972932527628,88.04869001563077,76.99124618340517,52.863716290187966,23.745939264751627,7.369533370904904,112884.0,358361.989242468, 0.0, 0.0,0.0,NaN, 147.61233849135579,147.61233849135579,0.0, 229.4256416977937, -12.024678716356181, -23.868835620924568, -12.024678716356181, 144.091467388933, 19.737476837754606, -23.868835620924568, 19.737476837754606, 244.66254458346776, 6.38337675711062, 4.749411642722148, 21.0, 0.0
37, 0 ,1.0,1.0,1.0,128.87936081643616,92.98035898124525,209.56488966474194,14.379308608517178,12.632634901334894,14.425306474210625,69.0,64.0,69.0,0.6525632625318208,0.0840408397650982,0.7530593108417176,15.254248436985971,-0.6471103343540431,0.5788615560565402,0.496152712470666,14.394470802003655,0.3942199938689366,0.8110834951910791,-0.4321274814942897,11.599334568727594,72.05758981524156,71.28323953210659,59.271279783414144,23.059851516443548,6.533046419846058,111705.0,304446.8358423911, 0.0, 0.0,0.0,NaN, 182.8489704157086,182.8489704157086,0.0, 206.76451605897623, -21.833496104639625, 24.904135473991275, -21.833496104639625, 159.58346455042445, 27.078674794543197, 24.904135473991275, 27.078674794543197, 208.08946687490297, 6.677569436875438, 4.824913283263302, 27.0, 0.0
38, 0 ,1.0,1.0,1.0,282.2346747902304,255.43245149911817,246.0716049382716,11.078154449740339,14.270644884021767,15.827582077755254,44.0,76.0,89.0,0.23082169697712188,0.39347249103869497,0.8898880508246,16.359428178945706,-0.1136517399781988,-0.8974219221160086,0.4262829760916297,13.993261340831054,-0.966335669529243,0.19953268529595128,0.16242561772718372,10.651146067506446,93.72008021306698,78.02001072394012,53.516834447591265,22.78211378617169,7.606869085254159,93555.0,391317.32316721824, 0.0, 2.8421709430404007E-14,0.0,66.82925875970835, 72.181333827529,72.181333827529,0.0, 122.72550601230168, 22.403939151695543, 27.679855845013687, 22.403939151695543, 203.65130540585665, 22.4779862904966, 27.679855845013687, 22.4779862904966, 250.51235442807933, 6.36164019542613, 4.897144781345401, 16.0, 0.0
39, 0 ,1.0,1.0,1.0,133.72636204201456,278.38065690647755,54.5574173624614,13.723438094535695,12.458895283576013,15.010311729351168,62.0,53.0,76.0,-0.11892948458833152,-0.019420678732603537,0.9927127555003605,15.030234933269945,-0.972597152395508,0.20344441063906094,-0.11253955274423902,13.756124208442554,0.19977626697809223,0.9788938701500233,0.04308403573259862,12.398684109476127,74.82723027369613,67.02342115660481,57.89128837138628,22.85879141528152,6.807491319618817,104916.0,290335.05612369446, 0.0, 0.0,0.0,NaN, 146.036460139409,146.036460139409,1.9073486328125E-6, 188.3327531345535, -6.858360220289817, -4.635776287141974, -6.858360220289817, 155.2240716871126, -2.204454775292593, -4.635776287141974, -2.204454775292593, 225.30945821229722, 6.178389645357607, 4.639203678887133, 15.0, 0.0
40, 0 ,1.0,1.0,1.0,199.82542605397143,175.04217727159732,190.5206466997505,14.45515531024835,12.416039102475002,14.250182083359796,76.0,65.0,67.0,-0.9597446809753861,-0.26962668292981967,-0.07868671547165022,14.613784677124743,0.09130749008128838,-0.03457034666563824,-0.9952225044614256,14.25422683419406,0.26561831562320654,-0.962344191536313,0.05779764200908667,12.224219656750034,77.04313377454812,67.79776447664096,63.0946669342714,22.8789460091153,6.536899950170114,108613.0,329565.6697489259, 0.0, 0.0,0.0,NaN, 193.99776165031417,193.99776165031417,0.0, 208.95151504340103, 16.42572917833731, -0.0413303925499766, 16.42572917833731, 154.15802699418828, 3.2099372770149994, -0.0413303925499766, 3.2099372770149994, 203.06768940890854, 6.617989455878828, 4.83458892420702, 33.0, 0.0
41, 0 ,1.0,1.0,1.0,104.92883294760405,216.14167014455361,275.9404807072125,14.104508542475424,14.362632714363215,12.613473837174995,73.0,69.0,54.0,0.5712290436139947,-0.8107080045257634,0.12825720693082138,14.532360996369793,0.7798665111411358,0.5848061613742389,0.22318149210738922,14.034627029152437,-0.25594062696725883,-0.02746424979100195,0.9663022873050771,12.49647270141981,70.55687286283595,64.48655602334915,57.3316637455743,22.801249226184776,6.665218351938032,105428.0,260857.3348824517, 0.0, 0.0,0.0,NaN, 136.45929773559243,136.45929773559243,0.0, 198.93716122476218, -6.871562098355411, 11.134427540560482, -6.871562098355411, 206.28521848769645, -0.3954359358323358, 11.134427540560482, -0.3954359358323358, 159.0997222410981, 5.385728821200246, 4.375993353641006, 22.0, 0.0
42, 0 ,1.0,1.0,1.0,175.52645049454472,280.02114815947795,173.6935352299378,13.350347646111716,11.330577825904271,15.817447350265432,71.0,49.0,75.0,0.333462597813538,-0.07633003929082666,0.9396682504806189,16.1394592914318,0.8943980619785997,-0.2895309841526723,-0.3409162887638397,13.148563112007768,-0.29808522705490026,-0.9541202934208274,0.028278314910594675,11.110290666274103,77.9764879608453,71.31937405817273,55.00046955346437,22.57880850528029,6.855860507711542,98070.0,305870.49849105475, 0.0, 0.0,0.0,NaN, 178.4548741000467,178.4548741000467,0.0, 178.23178227204065, -16.292575286282183, 27.864948196324015, -16.292575286282183, 128.38199386887356, -4.948816070836075, 27.864948196324015, -4.948816070836075, 250.19164067841896, 6.65639885677023, 4.9448036058888984, 30.0, 0.0
43, 0 ,1.0,1.0,1.0,240.57011200907417,94.01029956857265,186.56808652852888,13.419745448774757,12.266317461147088,13.716739822229433,65.0,61.0,71.0,0.6288423036271361,-0.3281171957367516,0.7049088331343052,14.105642882820465,0.660149913136518,-0.2536857796279493,-0.7069976077755903,13.330158343547433,-0.41080341935622255,-0.9099355092952518,-0.05707818820552878,11.918002379450028,64.94510867968378,65.12585132927417,60.20780489528235,21.940542779245988,6.1084896554145365,98742.0,254655.26227263984, 0.0, 0.0,-2.8421709430404007E-14,45.17782071175148, 158.86046394677965,158.86046394677965,1.9073486328125E-6, 180.08956790991078, -17.717727045363205, 8.595148335693015, -17.717727045363205, 150.46254405764194, -6.772789127215485, 8.595148335693015, -6.772789127215485, 188.14895135073476, 6.749489631593084, 4.751894321806037, 19.0, 0.0
44, 0 ,1.0,1.0,1.0,118.37171670868668,169.50990602796242,271.79761631904654,14.42528967873169,12.417906837965893,14.473825001661083,69.0,60.0,63.0,-0.7545209907399929,-0.08080974809269342,-0.6512817049065135,14.54488683224802,0.621917448438528,0.22884886284382266,-0.7488971126281634,14.474187419625698,0.209563264577669,-0.9701020475126755,-0.1224142783798737,12.277180796464632,71.17923299951002,75.14312014628501,57.04893887475242,22.969302480260737,6.648018223557765,109075.0,305133.64637743897, 0.0, 0.0,0.0,NaN, 178.4233795966226,178.4233795966226,0.0, 208.08898231532302, 12.073498602762113, 2.5159169960512298, 12.073498602762113, 154.2044102364001, -6.871563827025048, 2.5159169960512298, -6.871563827025048, 209.49161017870944, 6.0697225960274235, 4.535427708402005, 17.0, 0.0
45, 0 ,1.0,1.0,1.0,91.89112521702386,268.2070568349884,42.08509172415694,12.114635699448758,15.537296178493545,14.018791134963195,61.0,64.0,65.0,-0.18814758871106313,-0.852555303249884,0.4875960825957401,16.098845997482027,0.42894068944965896,-0.5179412847393579,-0.740099122075547,13.974914307018803,-0.8835215729096062,-0.06990193461588068,-0.46314506338758804,11.411722184453543,81.31196915615371,67.48377417376446,57.64715933210573,23.18738419556168,6.858840260697501,108859.0,316323.71580129, 0.0, 0.0,0.0,NaN, 105.95246610709502,105.95246610709502,NaN, 146.7643981303583, 6.227119830315177, -32.48675344147243, 6.227119830315177, 241.40757253823008, -28.659495011551364, -32.48675344147243, -28.659495011551364, 196.52650488572263, 6.9023697557380155, 4.659718380226217, 16.0, 0.0
46, 0 ,1.0,1.0,1.0,50.84742450248967,187.0355437350237,47.80374895909454,15.777912664080487,11.58763078889485,14.963896012128174,75.0,60.0,73.0,-0.9814565979298839,-0.19124109096779662,0.013030406952392801,15.92236683703224,-0.005695456964632251,0.09704262695299953,0.9952639299824069,14.993470055925766,-0.19159986469165913,0.97673413664083,-0.09633233190694623,11.349360739086327,74.55322956344179,72.46040149336395,59.851044517628935,23.656760870920206,6.891412358360477,117686.0,323324.73591378145, 0.0, 2.8421709430404007E-14,0.0,78.97477829242712, 132.7841382557505,132.7841382557505,0.0, 248.94252803535144, 23.355073868650404, -2.139089472753767, 23.355073868650404, 134.2731872997439, 8.96081877286304, -2.139089472753767, 8.96081877286304, 223.91818386178545, 6.714304473670906, 4.744176747627881, 26.0, 0.0
47, 0 ,1.0,1.0,1.0,280.2396564435976,235.0047875752846,51.15686011662533,11.96230672421079,13.407914985078232,16.364436697111937,49.0,61.0,79.0,0.2898312651880829,0.03443242134218145,0.9564581779042877,16.748911765836702,0.013038120211873082,-0.9994019441736071,0.032027510102344205,13.403473049219725,0.9569889472406756,0.0031878429273590747,-0.2901068639599114,11.422986461693167,83.72250913752869,60.36208275317878,59.370241407996616,23.179791283881144,7.304863507326899,104437.0,300037.31252128177, 0.0, 0.0,0.0,NaN, 85.0404206985884,85.0404206985884,0.0, 143.0967821640987, 0.8566712159311741, 41.61373792947893, 0.8566712159311741, 179.7721842470854, 3.367538036727551, 41.61373792947893, 3.367538036727551, 267.79478841378386, 6.237125320886503, 4.532218826913307, 14.0, 0.0
48, 0 ,1.0,1.0,1.0,187.32509811928583,67.15488100909731,61.8188933505751,11.987281560558728,12.9268075414894,13.506915502365656,59.0,64.0,73.0,0.06288929396455975,0.37197378627146516,0.9261103816670608,13.610817861054292,-0.21808938352683804,-0.9003985877593269,0.3764563772256933,12.866787508739153,-0.9739003837649534,0.22564991798775386,-0.024498102265216915,11.934213638653528,69.73278030495742,65.15467684829196,57.83253844417533,21.339547585791617,6.152864995152361,88158.0,262757.324816663, 0.0, 0.0,0.0,NaN, 145.00685201832488,145.00685201832488,0.0, 143.6949192121113, 5.543638810763253, 0.5955615664206851, 5.543638810763253, 167.10235321470722, 6.914333698488031, 0.5955615664206851, 6.914333698488031, 182.4367663880457, 5.955901851401714, 4.532755619228586, 29.0, 0.0
49, 0 ,1.0,1.0,1.0,230.99609670704012,242.47742004163513,286.30627838758517,17.91620308506673,14.942885403185151,7.915983429928011,98.0,75.0,33.0,-0.9580997429206514,-0.2864144910805347,0.0034090929087374966,18.182944702105846,-0.2842879204151731,0.9523057921146882,0.11087856695877564,14.682202371019482,-0.03500372725008454,0.105263562565086,-0.9938281146529856,7.794639588689401,106.20959792268684,77.72286996824977,35.76801608074837,23.325130127191084,7.929770196577641,84544.0,295261.92419296585, 0.0, 0.0,0.0,NaN, 90.8730096691474,90.8730096691474,0.0, 320.99033298535466, 32.142370228682545, -5.761295043197698, 32.142370228682545, 223.28982417272385, 16.08300630963621, -5.761295043197698, 16.08300630963621, 62.662793662894835, 6.950975756133067, 5.195068107554058, 18.0, 0.0
