// Sample: .//bubblelabels.tif, Map: .//bubblelabels.tif, Thickness:(8.191250068658265):/gpfs/home/mader/Foam/NewValid/InSilicoTest/LatticeData_OldFoam/out_Step_07000.vtk/distmap.tif, Neighbors:(1.0):
//LACUNA_NUMBER, TRIANGLES, SCALE_X, SCALE_Y, SCALE_Z, POS_X, POS_Y, POS_Z , STD_X, STD_Y, STD_Z,PROJ_X, PROJ_Y, PROJ_Z, PCA1_X, PCA1_Y, PCA1_Z, PCA1_S, PCA2_X, PCA2_Y, PCA2_Z, PCA2_S, PCA3_X, PCA3_Y, PCA3_Z, PCA3_S,PROJ_PCA1, PROJ_PCA2, PROJ_PCA3,OBJ_RADIUS, OBJ_RADIUS_STD, VOLUME, VOLUME_BOX, Mask_Grad_X,Mask_Grad_Y,Mask_Grad_Z,Mask_Angle, Mask_Distance_Mean,Mask_Distance_COV, Mask_Distance_STD, SHAPET_XX, SHAPET_XY, SHAPET_XZ, SHAPET_YX, SHAPET_YY, SHAPET_YZ, SHAPET_ZX, SHAPET_ZY, SHAPET_ZZ, Thickness, Thickness_STD, Neighbors, Neighbors_STD
1, 0 ,1.0,1.0,1.0,78.83412723369399,136.05058445818727,39.71069028568767,18.18047716448596,17.457342111545522,18.975582091990308,98.0,93.0,87.0,0.4224467112263601,-0.42741411030945553,0.7992846517245338,19.677395234633213,0.8534776475342876,-0.10930177293512444,-0.5095380531349715,17.95449578177678,-0.3051469831628209,-0.8974242590556682,-0.31861421488222075,16.905545163052093,97.87172589942455,89.8168184845766,92.86678685194931,30.355489750470742,8.596830885097445,257589.0,816348.0009289118, 0.0, 0.0,0.0,NaN, 162.17743391445805,162.17743391445805,0.0, 330.5297499283955, -21.72035171476678, 18.337055013360857, -21.72035171476678, 304.75879359954064, -32.60514732547933, 18.337055013360857, -32.60514732547933, 360.0727157298633, 7.833360509396014, 6.220190193292934, 43.0, 0.0
2, 0 ,1.0,1.0,1.0,57.92474964234621,257.9989060001683,14.471901035092149,18.219677639770882,18.16648763223714,9.11446821849618,98.0,95.0,38.0,0.7298970731822104,0.6752660206121336,-0.10614171642995225,19.258052451453125,0.6704654072377253,-0.7374788693254566,-0.08124687683841668,17.199904118008263,0.13314052823086628,0.011862491521563268,0.9910261757578893,8.851111297671707,101.44489801604311,92.91707291630907,42.44940057361731,25.802543207591338,8.903944132558042,118830.0,400126.4785824359, 0.0, 0.0,0.0,NaN, 72.99866052114031,72.99866052114031,0.0, 331.956653297167, 36.639781346911505, -34.51069814814589, 36.639781346911505, 330.02127289222494, -7.934988242577291, -34.51069814814589, -7.934988242577291, 83.07353090597692, 8.217171116908482, 6.201822453746322, 26.0, 0.0
3, 0 ,1.0,1.0,1.0,258.4695130634825,140.26469299446788,127.37261324423508,16.759971890595665,17.160086041287016,15.106468810927542,92.0,88.0,75.0,0.3886887911662492,0.8915354159699718,-0.2325631649530267,17.397961306193544,0.9205261989063723,-0.3865533941060215,0.05663912633595419,16.646799191675267,0.03940229369853031,0.23609547978807988,0.9709306791295303,14.958797736238312,90.11127314076666,96.28501212256691,77.30529676828522,27.222055391689082,7.907610948012121,182570.0,670728.9732620026, 0.0, 0.0,0.0,NaN, 193.96584248439743,193.96584248439743,NaN, 280.8966577735568, 8.365551740193958, -4.352692308060434, 8.365551740193958, 294.46855294437347, -17.531903023650127, -4.352692308060434, -17.531903023650127, 228.20539993552657, 6.6975280670259885, 5.678697975373423, 45.0, 0.0
4, 0 ,1.0,1.0,1.0,78.74560750575569,16.871730512904847,261.58268275372603,16.28707523608668,10.171809507247008,16.935611105086668,78.0,45.0,77.0,0.4276562668623682,-7.596333470793228E-4,0.9039411155437731,17.11757089269599,-0.8978107197355666,0.11591170654787024,0.4248533721333331,16.16233312260481,0.10510009011055574,0.9932592306353554,-0.048888360745832096,10.065644870940062,89.51563281224941,78.92521296296331,46.229226518535974,24.425755558598787,7.676712661806518,115538.0,326611.35223853757, 0.0, 0.0,0.0,NaN, 89.22676872077948,89.22676872077948,0.0, 265.26881974594795, -16.70294705434319, 13.110952340334087, -16.70294705434319, 103.46570865172065, 7.742910197599359, 13.110952340334087, 7.742910197599359, 286.81492350273487, 7.686566991130547, 5.9339408002057, 23.0, 0.0
5, 0 ,1.0,1.0,1.0,188.4469685386651,113.25384298735666,236.32804469273742,15.851146427295882,15.187069240563517,16.397642983440303,79.0,91.0,83.0,-0.1950130402865178,-0.1469182860443875,0.9697344643478379,16.41751396125772,-0.8567630570574146,-0.4557529251118701,-0.2413427755571051,16.10781310569257,-0.4774169856423652,0.8778976526211658,0.03699639634348567,14.892689578232705,82.71042375655739,84.69285331253329,84.26826262992412,26.374997418010494,7.426178141512011,170050.0,590297.6449137054, 0.0, 1.4210854715202004E-14,0.0,81.5516212914082, 171.24435661436686,171.24435661436686,1.9073486328125E-6, 251.25884305957499, 16.076743052396626, -1.2395924314077893, 16.076743052396626, 230.64707211767052, -2.6586026298548284, -1.2395924314077893, -2.6586026298548284, 268.882695412369, 6.954533336500637, 5.6784357416313656, 39.0, 0.0
6, 0 ,1.0,1.0,1.0,275.8117828745798,206.07940012652418,208.58881501420296,14.306623618397529,16.407007116729197,16.887029547221612,58.0,89.0,84.0,-0.18534059280874798,0.5580618754661801,0.8088360821628022,17.494272483019557,-0.10699887505000323,-0.8296636425962491,0.547913753150947,15.891368306844358,-0.976831666867601,-0.015006108925790613,-0.21348234423383036,14.158247506019794,87.75364342293173,86.80942135461424,64.82682357787724,26.41560787362146,7.826671673372604,161234.0,493840.5646784527, 0.0, 2.8421709430404007E-14,0.0,56.078130792335365, 133.27473004590038,133.27473004590038,0.0, 204.67947935849, -6.298438569782836, -18.882780497686237, -6.298438569782836, 269.1898825284025, 23.988333665282845, -18.882780497686237, 23.988333665282845, 285.17176692873574, 8.079032526771362, 6.002310945404331, 36.0, 0.0
7, 0 ,1.0,1.0,1.0,263.60111130069663,279.4613307417821,28.01444394163075,17.463458685165456,11.627680219835575,16.014551588348812,79.0,52.0,70.0,0.9599666319278236,-0.09725244204288395,-0.2626899847764387,17.632849580257986,-0.25894723174865036,0.049517210748760754,-0.9646213645826915,15.89005574783205,0.10681945869016916,0.9940271668100213,0.022351619377147233,11.54252758844037,86.59974976943167,78.99348578321684,56.80427234826317,25.225609325553123,7.765940591693501,134797.0,388587.5809561237, 0.0, 0.0,3.552713678800501E-15,74.77026361458721, 50.31426341308707,50.31426341308707,0.0, 304.97238924848074, -18.117982650542306, -15.017621784627584, -18.117982650542306, 135.2029472947555, -1.1572602576781796, -15.017621784627584, -1.1572602576781796, 256.4658625758855, 7.178613767425265, 5.788669481914454, 24.0, 0.0
8, 0 ,1.0,1.0,1.0,276.97186377638656,206.89045043510356,284.4983035929759,13.06217298328868,15.496771639128328,8.98033264055435,53.0,77.0,40.0,0.14795747374864854,0.9765012385510754,-0.156696895534447,15.677819420623615,0.9874276048674957,-0.15477024119460914,-0.032138724091084266,13.00890755971046,0.05563552019670791,0.14997167582172966,0.9871236930312549,8.740192843002928,78.65479321715233,58.85178332593324,43.98875193462851,21.061913933840952,6.914654731736081,70443.0,203622.8262986322, 0.0, 0.0,0.0,NaN, 97.15958969451624,97.15958969451624,0.0, 170.62036304535667, 10.287138150879024, -6.87378962109398, 10.287138150879024, 240.1499312352921, -25.459358505075123, -6.87378962109398, -25.459358505075123, 80.64637433500586, 6.9789752878611795, 5.693628868242795, 18.0, 0.0
9, 0 ,1.0,1.0,1.0,154.44888570019282,178.46202412447872,15.191722344289493,16.94754207297237,16.475658959709122,9.573195543236396,81.0,78.0,41.0,-0.7539994210071741,-0.6568408952589084,0.006701599534591458,18.35925558539556,-0.6564022417308788,0.7538044878107135,0.03024716857996594,14.890749424743099,-0.024919273093797177,0.018407402638712253,-0.999519983470352,9.56639479116812,87.79688170251944,73.99623754287772,41.68995450109438,24.30077575402349,7.732069007288659,111505.0,270844.5807340139, 0.0, 0.0,-1.7763568394002505E-15,89.6160237564904, 190.22984750459193,190.22984750459193,3.814697265625E-6, 287.2191823151687, 57.17673024974167, -3.826144823090641, 57.17673024974167, 271.4473381566435, 1.8881740573687575, -3.826144823090641, 1.8881740573687575, 91.64607290904121, 8.62779729460837, 5.950741857472938, 18.0, 0.0
10, 0 ,1.0,1.0,1.0,47.60925287759015,249.73077094573506,213.57605946913478,15.550283206230068,16.348738991620404,14.659085754255853,84.0,73.0,76.0,-0.417606678632551,-0.8474450708275633,-0.3277827236014057,17.37240244706502,-0.7808653547927628,0.15026455258614618,0.6063578662147124,15.77723996990991,-0.46460086057374356,0.5091732673325966,-0.72449197662085,13.162815113409565,82.36137244076116,75.99929964351483,73.04738492790999,25.861469685761712,7.427365296870931,156989.0,457233.28502348537, 0.0, -2.8421709430404007E-14,0.0,32.065140886095406, 110.73722881739009,110.73722881739009,0.0, 241.81130779396088, 36.612518597635294, -18.229352272992934, 36.612518597635294, 267.28126661612936, 42.59958805726821, -18.229352272992934, 42.59958805726821, 214.88879515062692, 7.515774361872233, 5.5103464899499475, 33.0, 0.0
11, 0 ,1.0,1.0,1.0,14.03040642681294,164.85137995076232,13.481967779553406,8.853373500626498,15.473334306647704,8.074823185085847,35.0,77.0,33.0,-0.03712824293107951,0.9935514163336144,0.10713111909393697,15.54696457595949,0.9965210982073135,0.028806753940554715,0.07820403925052764,8.845417046728857,0.074613634173256,0.10966199901915388,-0.9911644926885659,7.941004729917706,76.205682793284,37.42996507881652,34.90166823910575,18.48560594278503,6.425841525075913,46306.0,99552.68244228748, 0.0, 0.0,0.0,NaN, 136.54217392777835,136.54217392777835,0.0, 78.38222234159548, -6.154315703595353, 0.472560561620154, -6.154315703595353, 239.4240745652808, 19.049602692067705, 0.472560561620154, 19.049602692067705, 65.20276947039996, 9.810502256958195, 5.725333024511988, 12.0, 0.0
12, 0 ,1.0,1.0,1.0,24.568759017639668,132.3854430085173,190.89104364149742,13.762650932302323,15.087255902816503,14.67216238323501,63.0,73.0,72.0,0.021048370193524943,-0.8893437076013857,0.4567545685179486,15.228397702004816,-0.238220896208697,-0.4481587330850936,-0.8616290121444901,14.573850230566197,-0.9709828889953322,0.0906725962426638,0.2212932659818036,13.711564215948878,76.1882286597642,80.62984889813487,65.86284053009422,24.171435184728,6.9318050659276045,128914.0,404598.41722129716, -3.552713678800501E-15, 0.0,0.0,88.79392815598443, 173.3040501484886,173.3040501484886,0.0, 189.41056068440201, 1.7821876070286833, 5.428291645296573, 1.7821876070286833, 227.6252906770714, -8.41336136883843, 5.428291645296573, -8.41336136883843, 215.27234900001645, 7.04705575971592, 5.314894656846373, 29.0, 0.0
13, 0 ,1.0,1.0,1.0,123.29479585930244,235.1397014282445,77.35933608841385,14.387659060401978,14.931419037397243,16.477259660387535,76.0,72.0,79.0,-0.13786685625126696,0.47615201438548216,0.8684883356407499,17.120804249668538,0.7883936516151967,-0.47801009517462684,0.38722319016815027,14.441178552492927,-0.5995232939930257,-0.7380959342170847,0.30949347626720725,14.134444364180013,81.99084131030709,69.91995386515889,74.97069749611538,25.442383758841626,7.357798739618815,148574.0,429791.7028612441, 0.0, 0.0,0.0,NaN, 159.35159835045428,159.35159835045428,0.0, 207.00473323836712, -9.430544932866413, -8.500212428395194, -9.430544932866413, 222.94727447034882, 36.97648727333817, -8.500212428395194, 36.97648727333817, 271.50008591583435, 6.5012932384276665, 5.113349415182683, 32.0, 0.0
14, 0 ,1.0,1.0,1.0,191.05968362477503,279.16899489770645,59.66887105562986,16.115352668411035,11.979964837150717,14.792680777856875,71.0,53.0,79.0,-0.9269861185863684,0.05758052566357402,0.3706497254990035,16.3488981560321,0.3750596575198261,0.1559729417157126,0.9137848186272621,14.608634363817488,0.005195117832250065,-0.986081601347908,0.1661808840807378,11.889023712239277,76.27053251313848,74.06429895915284,58.07865581426495,23.94429820945872,6.979837890577244,121122.0,328081.8849452885, 0.0, 0.0,0.0,NaN, 125.94561317711415,125.94561317711415,0.0, 259.70459162726263, -2.5064452710120326, -18.572722287125448, -2.5064452710120326, 143.51955749936764, 12.958660510578943, -18.572722287125448, 12.958660510578943, 218.82340459557625, 7.179151892315607, 5.575213129193689, 29.0, 0.0
15, 0 ,1.0,1.0,1.0,280.2052276178476,287.0444089043973,148.9937643371781,11.19439202977333,7.754088679282799,17.28164783507361,49.0,33.0,77.0,-0.0011505720589626036,-0.0019260463246903385,0.9999974832615791,17.2816816361901,-0.9840814525143361,0.17771626477755811,-7.899688525387808E-4,11.292113648463005,-0.17771429599560137,-0.9840798847548246,-0.0020998618334874255,7.6109989642296,77.03865167807012,53.113975928840745,35.73158631361065,20.77028105208052,7.258862243872858,61902.0,146207.54433915505, 0.0, 0.0,0.0,NaN, 150.86027364969297,150.86027364969297,0.0, 125.31441291625264, -12.168914909396428, -0.22288104002317702, -12.168914909396428, 60.125891246181666, -0.47342344613933424, -0.22288104002317702, -0.47342344613933424, 298.65535189550434, 8.057658281126129, 5.885619395834673, 19.0, 0.0
16, 0 ,1.0,1.0,1.0,173.06030165600578,99.82735290207259,11.779992022808857,14.447297856527179,15.44624326479834,7.429726737601383,69.0,74.0,30.0,0.20792792218983058,0.976144774053779,0.0625088734606311,15.52554978895447,0.9764674031770556,-0.20340695828720493,-0.07167300644597742,14.414990334314377,0.057248490866376886,-0.07594069665103598,0.995467538840759,7.3264618444574525,77.95436958765313,69.40990003593369,33.170376153323836,21.24522093163552,7.152081746734539,67693.0,179478.4371569876, 0.0, 0.0,0.0,NaN, 161.91959614313714,161.91959614313714,0.0, 208.7244153552148, 7.418843092398644, -8.35068511422313, 7.418843092398644, 238.5864309953281, 13.679431651286908, -8.35068511422313, 13.679431651286908, 55.20083939542889, 7.37940242988859, 5.276479989911994, 23.0, 0.0
17, 0 ,1.0,1.0,1.0,219.72130054806695,31.299079148768083,261.6924591418555,14.478977879044802,16.036848557890455,16.26535002792795,79.0,72.0,79.0,0.38003855988133034,0.40630739700466395,-0.8309542659753423,16.645128956109435,0.03926182182669423,0.8904618600592503,0.4533609876540647,16.00523190411201,-0.9241370041017589,0.20491943519128372,-0.322457474298103,14.076759476231732,84.62276532580921,83.82034561777314,71.5987157720653,26.032828011003218,7.326308031357215,162024.0,507857.5265013757, 0.0, 0.0,0.0,NaN, 94.29618034604081,94.29618034604081,0.0, 209.6408004218687, 14.212118069185955, -23.885222652140122, 14.212118069185955, 257.1805116687131, -3.220585747148908, -23.885222652140122, -3.220585747148908, 264.56161153101584, 7.946745085923656, 5.605784834325936, 38.0, 0.0
18, 0 ,1.0,1.0,1.0,158.27649520143657,254.41496189502445,279.2371787711897,17.46280818512234,14.54860199982364,10.98226404878632,84.0,84.0,50.0,-0.9505970288185318,0.2979784935666049,-0.08702934087510877,17.770442153936784,0.30841039657824815,0.9384543812633378,-0.15551977871027714,14.29838509777065,-0.03533151686280603,0.17467739309774083,0.9839916118833282,10.816153787107027,82.16406842217826,81.95633856537975,52.66967808655619,24.111073412492367,7.475142299272954,116389.0,354670.5655332023, 0.0, 0.0,0.0,NaN, 150.31514313867393,150.31514313867393,NaN, 304.9496697103758, -30.999509307097895, 12.251976990646543, -30.999509307097895, 211.66182014927242, -17.919288103792667, 12.251976990646543, -17.919288103792667, 120.6101236372645, 7.4629393836957725, 5.542584031907222, 29.0, 0.0
19, 0 ,1.0,1.0,1.0,234.7977319758298,243.344094031951,10.742852412879728,14.993737450114237,13.881943977857194,7.172592583761747,67.0,68.0,30.0,-0.979578080014442,0.17317535825541303,-0.10216203036514314,15.082679702373186,0.17805211696608877,0.9831809288278639,-0.040653472583191685,13.86104241466767,-0.09340358022642106,0.058013416399030196,0.9939367257117525,7.025018994590792,68.32498544044503,64.76827186908696,33.23282293602304,20.534115103848098,6.878715912281566,60405.0,147064.91996861694, 2.8421709430404007E-14, 0.0,0.0,11.599193464905516, 87.0438758013512,87.0438758013512,0.0, 224.8121627229582, -5.2245486154726, 16.793629182692868, -5.2245486154726, 192.7083686043656, -8.858359198770106, 16.793629182692868, -8.858359198770106, 51.44608437263401, 7.050254963866903, 5.135691843353413, 12.0, 0.0
20, 0 ,1.0,1.0,1.0,271.61677611728373,67.74448901352454,238.79368854495758,15.299101633593768,15.217553409494906,14.315796756349393,71.0,80.0,75.0,-0.7185124371889219,0.48086619997660784,-0.5025013187295055,15.617629515180164,0.5951754875251608,0.7989272455821493,-0.08649505948727265,15.3404736385517,-0.35986944390156633,0.36122424335387077,0.8602389373653119,13.832497829619898,80.35447495520222,75.14521711323755,81.93653437472597,24.903258329574808,7.09973266437435,140855.0,494753.64466008614, 0.0, 0.0,0.0,NaN, 95.60928695274116,95.60928695274116,0.0, 234.0625107950315, 2.7541569164106767, 16.716726519955223, 2.7541569164106767, 231.57393177083006, -15.743368352326284, 16.716726519955223, -15.743368352326284, 204.9420367691038, 6.007724904958181, 4.941170411482071, 31.0, 0.0
21, 0 ,1.0,1.0,1.0,69.97422672256941,63.58501700814809,159.65736096827783,14.605635179417838,14.297147392396464,14.174211404214187,72.0,66.0,71.0,-0.8203566689652485,0.4947018197355234,0.286853700053884,14.68055289655577,-0.5584056436876067,-0.5848521455907069,-0.5883290787440111,14.475912162220805,-0.12328046391083909,-0.6428204083165907,0.7560316460768162,13.912965363595504,77.99319185475717,78.63986267943415,79.92193162092342,23.931694775323656,6.776079741734476,126410.0,490191.0892326695, 0.0, 0.0,0.0,NaN, 169.22027988316384,169.22027988316384,NaN, 213.32457899424796, -3.6879203748705285, 0.08545749572541268, -3.6879203748705285, 204.40842355990904, 8.613557801391657, 0.08545749572541268, 8.613557801391657, 200.9082689313555, 6.98334506771278, 5.097753354624189, 30.0, 0.0
22, 0 ,1.0,1.0,1.0,277.6553466280042,206.94241545549963,12.377563908704392,13.12477710944902,13.530792960966664,7.828733718240704,55.0,72.0,31.0,-0.5226015939562341,0.851005026285586,-0.05174958194104451,13.760180880192156,0.849077419323425,0.5249907772125894,0.058755594089367334,12.911652998260308,-0.07716935913610282,0.013233634360619324,0.9969301685334502,7.783176919053735,63.684646603454325,66.8764011623145,32.545322741838575,19.42757270201996,6.261040078465129,56213.0,138610.52871563545, 0.0, 0.0,0.0,NaN, 96.49974955348608,96.49974955348608,0.0, 172.259774172717, -9.956800792790828, 8.777132036490437, -9.956800792790828, 183.08235815254503, -2.3968979707099685, 8.777132036490437, -2.3968979707099685, 61.289071631118915, 7.609442785119042, 5.563226197414131, 13.0, 0.0
23, 0 ,1.0,1.0,1.0,41.25468857267678,85.35133870061786,38.30154309430194,13.264094485002657,13.981211679305176,16.088245037900826,61.0,70.0,80.0,0.13688294455307304,0.06073406163825788,0.9887236384588971,16.144392040203297,-0.1298547046152032,-0.9884054350668838,0.07869213187823897,13.987672883194533,0.9820391108198174,-0.13916202674280145,-0.1274092427300988,13.188848467289429,78.9745725064993,70.61994838011246,59.47296220626093,24.133449887662195,6.915107189907949,128184.0,331691.4292593448, 7.105427357601002E-15, 0.0,0.0,82.13248442547982, 102.24386803432665,102.24386803432665,0.0, 175.9362025070779, 3.507105765469431, 11.51150317200535, 3.507105765469431, 195.47428002153944, 3.5174647787945346, 11.51150317200535, 3.5174647787945346, 258.83162839954053, 6.9384217334458205, 5.011077231774575, 23.0, 0.0
24, 0 ,1.0,1.0,1.0,65.85750368831249,42.56613858785908,35.94620856924372,14.914807736989566,13.146039148961236,15.47882159359662,76.0,69.0,73.0,0.41102787815222014,0.2483776424017198,-0.8771343284449924,15.656784465671095,-0.8564493678240369,-0.2244386241390284,-0.4648890021805072,14.996294108878063,0.3123308562013867,-0.9423034812360317,-0.12047234336130896,12.839003709763773,81.83475503144082,84.64816381538873,63.363599759204256,24.22432957169079,6.931494057243925,129463.0,438929.90457485494, 0.0, 0.0,0.0,NaN, 86.26248812108591,86.26248812108591,0.0, 222.4514898313638, 19.739918931809168, -5.039774640743766, 19.739918931809168, 172.81834530602146, -11.227651227564197, -5.039774640743766, -11.227651227564197, 239.593917926393, 6.559786340553754, 4.974116538746633, 24.0, 0.0
25, 0 ,1.0,1.0,1.0,29.88478862966577,282.04069704406794,137.40854746345744,14.788295239222983,10.781373829140728,15.459166011453682,64.0,48.0,71.0,0.48290004493259664,0.014667821652949695,0.8755526264092032,15.737158822203705,0.8703083386568683,0.10249272678779321,-0.48172464813410276,14.527792120486048,0.0968036273515543,-0.9946256059259486,-0.036728214876595784,10.733247402555772,85.29262701543588,70.54143975251094,51.22040832573944,22.925450311296515,6.952786457252172,101457.0,308176.0232023347, 0.0, 0.0,0.0,NaN, 141.76299259722188,141.76299259722188,0.0, 218.69367608242513, 9.488410930227657, 15.816045332508878, 9.488410930227657, 116.23802164368061, -3.031578821338977, 15.816045332508878, -3.031578821338977, 238.98581376968477, 7.190636605835364, 5.2199220198067255, 26.0, 0.0
26, 0 ,1.0,1.0,1.0,281.31649657058006,105.12066608527589,169.29949089023498,11.094724625391388,12.305121955942981,14.874867173831587,46.0,59.0,72.0,0.12048599388506545,-0.12575666972192667,0.9847174139305033,14.949908550442768,0.35002670009206294,-0.9228552969639553,-0.16068419364775824,12.468466496144172,-0.9289587905285085,-0.364037581694555,0.06717294554946597,10.80778385567351,70.96817258887543,65.71873929004217,54.207960995836004,21.348639647363363,6.325045415642948,84854.0,252822.61430606194, 0.0, 1.4210854715202004E-14,0.0,82.77554540869635, 168.76626090590796,168.76626090590796,0.0, 123.09291451326607, -14.102901553093607, 10.4843127330689, -14.102901553093607, 151.41602635063003, -7.480124534196838, 10.4843127330689, -7.480124534196838, 221.2616734391325, 7.035761883575717, 5.284517826854015, 17.0, 0.0
27, 0 ,1.0,1.0,1.0,35.71261052681485,179.49359556865502,207.5022401681509,13.682376550603252,14.774891450037192,14.647733475962484,69.0,70.0,74.0,-0.1843267927480954,-0.7106043994010247,0.6790176883020859,15.479024119712648,0.37751537275030184,-0.6890493196817913,-0.6186219995952782,14.040393039403103,-0.9074721906551192,-0.14231100659459875,-0.39527433586008437,13.539871381078422,75.73097091167662,69.10410585754511,73.99954325639848,23.963781029626286,6.767432318082102,126553.0,387263.36597666726, 0.0, 0.0,0.0,NaN, 156.05454057322805,156.05454057322805,0.0, 187.20742807249775, 3.77978452373303, -10.26697529955325, 3.77978452373303, 218.29741736038213, -21.26767389428726, -10.26697529955325, -21.26767389428726, 214.55609598283198, 6.5998205897122375, 5.025326496428441, 32.0, 0.0
28, 0 ,1.0,1.0,1.0,124.27847818902842,187.45021480502314,114.72096827495044,13.889368594162836,13.8826209531055,14.854503652820213,70.0,71.0,72.0,-0.2961472112636161,-0.411474103368991,0.8619662937246838,15.088471172432293,-0.6822698770907469,-0.5404257378553678,-0.4923899234123889,14.20637983185218,-0.6684344725366581,0.7339135399487913,0.12069081077063758,13.297173120464103,77.29685646429446,67.94449995669979,65.0782814791186,23.678084361483084,6.756206347809021,121040.0,341784.3831523979, 1.4210854715202004E-14, 0.0,0.0,72.77365806981423, 203.15879220540378,203.15879220540378,0.0, 192.91455994451692, 15.416346741301233, -4.578971229707223, 15.416346741301233, 192.72716452760386, -11.380092904619252, -4.578971229707223, -11.380092904619252, 220.65627877164906, 6.438803018925753, 4.776333661338177, 31.0, 0.0
29, 0 ,1.0,1.0,1.0,33.685217554520605,14.135389416139741,71.20743052215431,16.73757900504505,8.800145672411205,13.82036884793321,72.0,37.0,69.0,0.9989438186127004,-0.0022330544893188354,-0.04589401620171964,16.743243701754928,-0.045885040426005094,0.003917184626729244,-0.9989390465537445,13.813605170758231,0.0024104606571867925,0.9999898345144553,0.0038105835737200075,8.799989342536195,73.48881759995153,68.1254877673954,37.242865154604985,22.321553031792877,7.095067310996621,85243.0,186454.9722015122, 0.0, 0.0,0.0,NaN, 80.03125187830521,80.03125187830521,0.0, 280.1465509501248, -0.4729783770716835, -4.105158391880162, -0.4729783770716835, 77.44256385565764, -0.422849449880852, -4.105158391880162, -0.422849449880852, 191.00259509292275, 7.0542786541988, 5.255391321789105, 21.0, 0.0
30, 0 ,1.0,1.0,1.0,234.93055259721618,273.26370379974253,96.1811429788574,13.410295622751526,13.091742702627512,14.278221024568225,67.0,60.0,67.0,-0.4736767767307654,-0.35629817743556685,0.8054079214547407,14.803635505547163,-0.6422828526741347,-0.4859593212612763,-0.5927193899646407,13.253462657863508,-0.6025803252237238,0.7980571075025727,-0.001343435111401047,12.660784126717132,73.5867728386855,70.08528620430172,69.02215901109585,22.677295391656155,6.390432303633546,107981.0,355971.43420892075, -2.8421709430404007E-14, 0.0,0.0,61.72676999152113, 119.16238829652148,119.16238829652148,NaN, 179.83602868958877, 14.72633625169528, -16.605278787949327, 14.72633625169528, 171.39372699180072, -12.464619204517321, -16.605278787949327, -12.464619204517321, 203.8675956264221, 6.210369575782199, 4.7681568686413245, 23.0, 0.0
31, 0 ,1.0,1.0,1.0,135.17197321053456,25.397665395292897,250.72386750253312,14.926268273918325,13.529089966744136,13.946718047378809,75.0,60.0,70.0,-0.6254381165327093,0.49006555614474173,-0.6071761795958088,15.03245876589511,-0.7796208082352708,-0.4243177019319464,0.46059296911022746,14.861432000391021,0.03191485163055085,-0.7614395829661976,-0.6474497692776352,12.38966208400118,73.27436077942613,66.94957296824207,67.21636869298993,23.591185890280943,6.617903935278586,121391.0,329742.47708796145, 0.0, 0.0,2.8421709430404007E-14,52.61439875799664, 146.09805263270502,146.09805263270502,0.0, 222.79348458498075, 0.06983497300358131, 3.3333817335477924, 0.06983497300358131, 183.03627532825686, -34.72859813288921, 3.3333817335477924, -34.72859813288921, 194.51094429308176, 7.82054873361623, 5.298773843121295, 21.0, 0.0
32, 0 ,1.0,1.0,1.0,20.54509251884643,250.55385356276278,81.32649243364389,12.075163811214937,13.50567720630656,15.587055073705253,50.0,68.0,81.0,-0.021528405229199306,-0.082702138333145,0.9963417506475442,15.604135454137461,0.3906436123129587,-0.918044580327911,-0.06776220694186744,13.779018771792224,0.9202902237486668,0.3877557283209042,0.05207109780823525,11.739624446926388,80.66744795716,73.07403046036617,57.19553269358593,22.94552793454663,6.683706422655415,107978.0,337150.2520019467, 0.0, 2.8421709430404007E-14,0.0,85.25609823380299, 97.37053248113725,97.37053248113725,0.0, 145.80958106767486, -18.47579796807782, -3.644202445492601, -18.47579796807782, 182.40331680094855, -5.4696841347463, -3.644202445492601, -5.4696841347463, 242.95628587072068, 6.884051417400366, 5.367438512526802, 22.0, 0.0
33, 0 ,1.0,1.0,1.0,166.25497943189762,11.911012470936377,220.69604734728387,15.162301199530736,7.607072413811059,13.066551168083818,71.0,31.0,66.0,0.9296276833436008,0.01625759149555498,0.3681413601865099,15.520934362437675,-0.3684801646518564,0.030603335187155703,0.9291317474575733,12.644161498738699,-0.0038390909536736365,0.9993993829266584,-0.03444030758374798,7.597595956164314,71.5693319068788,65.4225612844947,32.248217091416365,20.34131970286453,6.687929466455427,61503.0,150994.18231733414, 0.0, 0.0,0.0,NaN, 155.94460443115423,155.94460443115423,0.0, 229.89537766529122, 1.6164984217156126, 27.715893297886165, 1.6164984217156126, 57.867550708965204, 4.000950638695375, 27.715893297886165, 4.000950638695375, 170.73475942815256, 6.916422582305707, 4.934388554375194, 19.0, 0.0
34, 0 ,1.0,1.0,1.0,59.010315166105805,111.90320965091861,158.37123175735636,13.922326610465966,12.866996883894185,14.678731502529835,71.0,66.0,71.0,0.5681004581789705,0.15795005549933497,0.8076593646981387,15.360852761636131,-0.7211854421996836,-0.37720117329043273,0.5810428838111421,13.322438017929901,-0.39642581572860675,0.9125629045912825,0.10037687875118757,12.704833461157412,75.2155540346181,65.94319108240529,64.72712016139923,23.08297661909973,6.483219569329946,113813.0,321043.5160327519, 0.0, -1.4210854715202004E-14,0.0,80.91206990888324, 189.90327437964055,189.90327437964055,0.0, 193.83117824848875, 11.061650530869255, 27.466811119264516, 11.061650530869255, 165.55960881014266, 5.986376679632622, 27.466811119264516, 5.986376679632622, 215.4651585233618, 6.6190943342259745, 4.933145025652908, 26.0, 0.0
35, 0 ,1.0,1.0,1.0,144.75192608205836,152.60112839335684,58.35120107569866,13.382687185031076,13.971291326119523,13.900484875322764,67.0,67.0,64.0,0.5247620640555606,0.6199355352126835,0.5833564161888609,14.95350055114169,0.018990035759345058,-0.6936497138816684,0.7200621174410846,13.481032668127307,-0.8510371053426555,0.366783323792731,0.37577365357027076,12.734651814975706,75.63875126085523,67.7649541897321,64.5612710624322,22.918038588169253,6.5023291712980145,110068.0,330918.8995836306, 0.0, 0.0,7.105427357601002E-15,54.31303698127988, 214.67279781647693,214.67279781647693,0.0, 179.09631629239496, 19.728475222413554, 19.07449526994273, 19.728475222413554, 195.1969813193026, 12.444768514249459, 19.07449526994273, 12.444768514249459, 193.22347976907693, 6.147589545859296, 4.7279605701693335, 19.0, 0.0
36, 0 ,1.0,1.0,1.0,27.28796265860233,13.597054763000461,262.07915324436266,12.441156919999285,8.659249160264775,16.95913076187388,50.0,39.0,75.0,0.007551372210105728,0.05239383616675541,0.9985979484805062,16.97649110778869,-0.9964368699807797,-0.08349596844885832,0.01191584641115847,12.463951608197997,0.08400321970407734,-0.9951297951445929,0.05157664098048692,8.592191670441208,74.99208243616135,51.88541101743812,40.759756701203514,21.59950352496478,7.130115370807163,76055.0,158596.01035114072, 3.552713678800501E-15, 0.0,0.0,89.56733413076181, 48.656997677105394,48.656997677105394,0.0, 154.78238550804608, 6.867515661501894, 0.6485893734168839, 6.867515661501894, 74.98259601954621, 11.13509605320854, 0.6485893734168839, 11.13509605320854, 287.6121161983369, 6.8465314776608555, 5.070893066373634, 18.0, 0.0
37, 0 ,1.0,1.0,1.0,30.899303851815507,288.20456636408244,206.60804097154073,14.562913267686007,6.918495739287272,15.861749927414913,66.0,29.0,76.0,-0.0165291704435341,0.06867593925065663,-0.9975020811469462,15.893074532872657,-0.9992409682354447,-0.036330375546162245,0.014056714145439816,14.56960798007439,0.03527426716943088,-0.9969772912061314,-0.06922432300098458,6.831972050296719,77.39599691047047,66.07879151121344,32.27038321619449,21.4237939779162,7.249840583651637,65216.0,165038.2892188389, 0.0, 0.0,-2.8421709430404007E-14,4.05058021707178, 99.07551283924585,99.07551283924585,0.0, 212.07844284214514, 5.777913200946562, 1.0690935515840734, 5.777913200946562, 47.865583294536144, -14.190580142929678, 1.0690935515840734, -14.190580142929678, 251.595110759847, 6.0545555640937865, 4.848628044430418, 18.0, 0.0
38, 0 ,1.0,1.0,1.0,52.910770548760176,20.16909238018181,165.1868545047832,14.529293576597919,11.682018912612115,14.818666618781117,78.0,48.0,77.0,-0.6222580507671931,-5.282866095115985E-4,0.782812007552689,15.302890551376258,-0.7812034929365813,0.06449567020426801,-0.6209359154925623,14.027354900890495,0.05015995294153928,0.9979178470386028,0.040545649368853645,11.671232725176756,78.72119738561543,67.28040791909497,50.09078228703127,22.842598725941293,6.736356694372436,105055.0,265300.5323842199, 0.0, 0.0,0.0,NaN, 146.22218069027127,146.22218069027127,0.0, 211.10037183496956, -3.018513426568655, -18.346831905879338, -3.018513426568655, 136.46956587462714, -2.465358939821639, -18.346831905879338, -2.465358939821639, 219.59288035857782, 6.52957991436482, 4.831262729293131, 23.0, 0.0
39, 0 ,1.0,1.0,1.0,128.87883263954166,92.98022469898393,209.56463900452084,14.379137628580303,12.632635046167294,14.42567063810281,69.0,64.0,69.0,0.6524182241391541,0.08412548759880506,0.7531755194822618,15.254714102312546,-0.647215509346469,0.5788974779091405,0.4959735824938934,14.394346946464433,0.394287389187763,0.8110490813796044,-0.43213058480139727,11.599116955693074,72.05601293945335,71.28354638702953,59.26988811434852,23.059950567054646,6.533124853797556,111705.0,304434.33581685554, 0.0, 0.0,0.0,NaN, 182.84865382601853,182.84865382601853,0.0, 206.759598941654, -21.83488347611355, 24.914474633420323, -21.83488347611355, 159.58346820965417, 27.081297055288353, 24.914474633420323, 27.081297055288353, 208.09997335902153, 6.677605502307748, 4.824883237766249, 27.0, 0.0
40, 0 ,1.0,1.0,1.0,281.08478253180374,254.24727354186072,243.2677411368004,10.919192057491456,14.083792759133486,13.228343842056637,44.0,70.0,70.0,0.13359405657344367,0.9765688502898457,-0.1687184302079049,14.158753625429206,0.02868605129653435,-0.1739836425853833,-0.9843306368155642,13.205899788140515,-0.9906208853589064,0.12666085723809783,-0.05125708472441761,10.849191722624715,73.16859837312074,71.13811321420911,48.964259462808116,21.29110604531937,6.265768735059088,84817.0,254862.6934912029, 0.0, 0.0,0.0,NaN, 75.29705589160552,75.29705589160552,0.0, 119.2287551883845, 10.514942239886773, -3.46626650924605, 10.514942239886773, 198.35321848222083, -3.928119773891028, -3.46626650924605, -3.928119773891028, 174.98908080367775, 6.54098385260907, 5.029685888070483, 17.0, 0.0
41, 0 ,1.0,1.0,1.0,133.99236626221938,277.8246794714349,54.730372844721714,13.275335930745133,12.228505238823981,14.964935306240102,59.0,53.0,74.0,-0.1985959295213111,0.019544847071616595,0.9798865524796806,15.033556512822532,0.9773308581147129,-0.07090315214084267,0.19949219732423457,13.203435462315971,-0.07337608979991563,-0.9972917035498886,0.00502070475482229,12.22217835487022,74.65707041408754,62.22378181789708,53.6836800949624,22.505645191268485,6.573895929712598,101785.0,249384.59726922296, 0.0, 0.0,0.0,NaN, 146.42784150842218,146.42784150842218,0.0, 176.2345440741327, -2.0262929120271305, -10.047251562604366, -2.0262929120271305, 149.53634037594554, 1.1146289081305714, -10.047251562604366, 1.1146289081305714, 223.94928871995154, 6.27316060828871, 4.66733255001329, 20.0, 0.0
42, 0 ,1.0,1.0,1.0,199.82564102564103,175.04226856327395,190.52035170096212,14.455043588077787,12.41684023864305,14.249727774027365,76.0,65.0,67.0,-0.9596942570037528,-0.26982589733723716,-0.07861881581510696,14.613873765720335,0.09128041903313393,-0.03468232781453451,-0.9952210916366779,14.253795732197496,0.2658097405573214,-0.9622843245442168,0.05791425179806474,12.224767853152885,77.0428434915433,67.7970939314591,63.090491791420774,22.87903576444372,6.536870104905497,108615.0,329539.3605528587, 0.0, 0.0,0.0,NaN, 193.99775832059944,193.99775832059944,0.0, 208.94828513322875, 16.433903991633525, -0.04278948107696065, 16.433903991633525, 154.17792151198523, 3.2146394636180706, -0.04278948107696065, 3.2146394636180706, 203.0547416338869, 6.617918173717661, 4.834572106583153, 33.0, 0.0
43, 0 ,1.0,1.0,1.0,104.76011336515514,216.29182577565632,275.02102227525853,13.9878990117171,13.92688748128422,12.172019163075326,73.0,68.0,54.0,-0.8089991679267552,0.5794458826064413,-0.09880696040391503,14.131498941504878,-0.5660072379488923,-0.8132643504703139,-0.1350440774101745,13.829185333496445,-0.15860691310054695,-0.05332509150992187,0.9859007463899061,12.117422781378623,73.43985008419259,68.98336314781969,56.42309381992882,22.29512605796947,6.3800406145938835,100560.0,285846.6068646475, 0.0, 0.0,0.0,NaN, 136.40267267332544,136.40267267332544,0.0, 195.66131876199626, -4.338119399501214, 7.620794752844568, -4.338119399501214, 193.95819491635112, 1.85105489568673, 7.620794752844568, 1.85105489568673, 148.15805050627296, 5.465373110660339, 4.444117609740323, 26.0, 0.0
44, 0 ,1.0,1.0,1.0,176.48889218166232,279.47860461670354,174.1110781833769,12.607452740907936,11.16373389180133,15.911803674262774,71.0,49.0,75.0,0.1850082606877988,0.006217054746089311,0.9827172999940315,16.020623588154137,-0.9786149288057684,0.09265846806222168,0.18364974656896105,12.47988880847093,0.08991531902716511,0.9956785407583348,-0.02322668460191334,11.151426382501226,77.54994614167938,71.05351952315635,51.07061916451937,22.188847463338863,6.664635281702174,94483.0,281409.1527031654, 0.0, 0.0,0.0,NaN, 177.55039301320193,177.55039301320193,0.0, 158.94786461422703, -2.694471010179516, 18.412593551786617, -2.694471010179516, 124.62895440695368, 1.3425488664384013, 18.412593551786617, 1.3425488664384013, 253.18549616828236, 6.737598822270098, 4.993575612048567, 29.0, 0.0
45, 0 ,1.0,1.0,1.0,240.55434782608697,94.02376325803579,186.56796008420372,13.42940808900623,12.272807912711503,13.712491493601048,65.0,61.0,71.0,0.6368822521199184,-0.333421210794851,0.6951340109121087,14.11290630603939,0.6503976694316408,-0.2517686902569213,-0.7166557040896303,13.33552072465021,-0.41396119206098336,-0.9085388394550946,-0.0565093679759368,11.916081622951374,65.12011468706834,65.38893784338984,60.19735204234138,21.946645542401725,6.111300032040276,98808.0,256328.45956241994, 0.0, 0.0,0.0,NaN, 158.87441990151785,158.87441990151785,0.0, 180.34900162106598, -18.011715738560127, 8.608266075093344, -18.011715738560127, 150.6218140623141, -6.785782226921983, 8.608266075093344, -6.785782226921983, 188.03242296208109, 6.746225419617377, 4.752008517411677, 19.0, 0.0
46, 0 ,1.0,1.0,1.0,118.86008494572911,169.16249174138744,271.1599244926852,14.201153799025398,12.385595975012741,14.18115261764307,69.0,60.0,63.0,-0.7369589650383188,-0.03807289838094653,-0.6748643850867551,14.641632670574136,-0.5951564340344034,-0.43676230380288544,0.6745572688840056,14.1196163819138,-0.32043767393535794,0.898770907620885,0.299216564944568,11.93481765308032,71.47225656071572,71.5152283099336,59.49193047930066,22.67369300941002,6.487256104062154,105950.0,304084.3611901386, 0.0, 0.0,0.0,NaN, 179.1031080576104,179.1031080576104,3.3036247397782844E-6, 201.6727692235735, 16.81528813189555, 12.924952531189863, 16.81528813189555, 153.4029876562518, -14.922560264899298, 12.924952531189863, -14.922560264899298, 201.1050895648849, 6.1276668534139915, 4.564388629671763, 18.0, 0.0
47, 0 ,1.0,1.0,1.0,91.87956452937524,265.91118322216215,43.02861406566112,12.324600079353974,14.079391207846475,13.752054965727567,61.0,64.0,65.0,0.45773062034842416,0.4794451075786481,-0.7487423241772466,14.630848916245416,-0.22055044913000824,0.8770516279859063,0.42677621915451475,13.91319743034549,-0.8613014446661511,0.030213087663613216,-0.5071952195652404,11.471932571899858,74.79686693831408,68.07133372283968,56.32066834191608,22.30648645249627,6.454820045876523,99846.0,286757.94955867255, 0.0, 0.0,0.0,NaN, 107.02973155078098,107.02973155078098,NaN, 151.89576711601197, 6.108166358657345, -34.09282210464528, 6.108166358657345, 198.22925678358462, -6.403954594733195, -34.09282210464528, -6.403954594733195, 189.11901578039223, 7.12892018350952, 4.724559951767825, 20.0, 0.0
48, 0 ,1.0,1.0,1.0,50.865120830496934,187.03874234172906,47.85217835262083,15.781027718755425,11.595151464836754,14.917485218172734,75.0,60.0,72.0,-0.9812895845410001,-0.18977616306652476,0.032492448401120394,15.926291426751238,-0.013094617657864783,-0.10258720517399658,-0.9946378216833415,14.946902520119385,0.1920918589106421,-0.976453210996992,0.09818270964848047,11.356191484440275,74.54568333510036,71.08572278158381,59.842200083318176,23.637169303948134,6.8777878626407105,117520.0,317111.8239383714, 0.0, 0.0,0.0,NaN, 132.80563701112374,132.80563701112374,0.0, 249.04083586012706, 23.34613772003652, -2.7453635205293447, 23.34613772003652, 134.44753749250592, 8.868243975157688, -2.7453635205293447, 8.868243975157688, 222.53136523440205, 6.721739018991478, 4.743339757220416, 28.0, 0.0
49, 0 ,1.0,1.0,1.0,278.81281816439116,235.5046220366781,48.51036230803638,11.66381960457992,13.550042815110032,13.866758695321309,49.0,61.0,64.0,0.15264427313507217,0.6259613210772177,0.764769344570198,14.609143092321814,0.07179285319647252,-0.7788166699045087,0.6231295057279519,12.824594921349476,-0.9856700827908774,0.040212177186969275,0.16382145371381773,11.577480208798894,67.55980206567762,62.083239656753506,54.801561793220856,21.757723106429264,6.207803959350496,93898.0,229855.91045610458, 0.0, 0.0,0.0,NaN, 83.437435866785,83.437435866785,0.0, 136.04468776818288, 5.884004312303312, 10.629109543611774, 5.884004312303312, 183.603660291315, 23.235942221967182, 10.629109543611774, 23.235942221967182, 192.28699671426915, 6.38799598348207, 4.600771334095526, 14.0, 0.0
