// Sample: .//bubblelabels.tif, Map: .//bubblelabels.tif, Thickness:(8.191250068658265):/gpfs/home/mader/Foam/NewValid/InSilicoTest/LatticeData_OldFoam/out_Step_03500.vtk/distmap.tif, Neighbors:(1.0):
//LACUNA_NUMBER, TRIANGLES, SCALE_X, SCALE_Y, SCALE_Z, POS_X, POS_Y, POS_Z , STD_X, STD_Y, STD_Z,PROJ_X, PROJ_Y, PROJ_Z, PCA1_X, PCA1_Y, PCA1_Z, PCA1_S, PCA2_X, PCA2_Y, PCA2_Z, PCA2_S, PCA3_X, PCA3_Y, PCA3_Z, PCA3_S,PROJ_PCA1, PROJ_PCA2, PROJ_PCA3,OBJ_RADIUS, OBJ_RADIUS_STD, VOLUME, VOLUME_BOX, Mask_Grad_X,Mask_Grad_Y,Mask_Grad_Z,Mask_Angle, Mask_Distance_Mean,Mask_Distance_COV, Mask_Distance_STD, SHAPET_XX, SHAPET_XY, SHAPET_XZ, SHAPET_YX, SHAPET_YY, SHAPET_YZ, SHAPET_ZX, SHAPET_ZY, SHAPET_ZZ, Thickness, Thickness_STD, Neighbors, Neighbors_STD
1, 0 ,1.0,1.0,1.0,79.30093257247644,138.26121077585688,39.696111667410634,15.431659933104621,15.512410642443422,16.095569934189253,84.0,81.0,79.0,0.0986249355412489,-0.46941175866803464,0.8774541144206158,16.331496075482395,0.9946649731162879,0.01970243625165364,-0.10125909964701268,15.422698701669725,0.030244228293322607,0.8827595453066093,0.4688505858213351,15.272883959199508,90.21509772414703,83.51245286926488,90.41682465144635,26.1466435592175,7.361481802218169,165778.0,681207.9606881653, 0.0, 0.0,7.105427357601002E-15,28.663236653297968, 164.25766829460935,164.25766829460935,0.0, 238.13612829098653, -1.4587839350574456, 2.432140459748639, -1.4587839350574456, 240.63488393979196, -13.789596469579134, 2.432140459748639, -13.789596469579134, 259.067371506377, 7.039298535275634, 5.519157266600261, 53.0, 0.0
2, 0 ,1.0,1.0,1.0,58.912454984335106,261.86279559822054,12.8551471162101,14.599527684522505,18.665463955879407,8.161489880126737,83.0,89.0,34.0,-0.2766070201878718,-0.9605942749577087,-0.02733487335365899,19.00232826252561,0.9566749203800295,-0.27256512287271234,-0.10237846701942464,14.216758547155925,0.0908936361834558,-0.05446919048285527,0.9943698779576401,8.05921630047694,93.04002634971837,75.8193751678233,38.13504594166504,23.65751666694994,8.27511785509449,89691.0,269013.639243413, 0.0, 0.0,1.7763568394002505E-15,88.43363201819948, 71.34688864445192,71.34688864445192,0.0, 213.14620861113906, 42.91915210040279, -11.195263569851111, 42.91915210040279, 348.3995446882333, 11.603465681195406, -11.195263569851111, 11.603465681195406, 66.60991706341115, 7.730416100648277, 5.513478838163152, 21.0, 0.0
3, 0 ,1.0,1.0,1.0,76.48849138497961,14.917521592353895,258.79745933622695,14.775044915504782,9.184362699413732,16.272179881014896,73.0,39.0,77.0,-0.24009877657190098,0.05804570869743336,0.9690114928061938,16.374758836074086,0.9667162131528126,-0.07659088108590861,0.24411800458378602,14.709168587851526,-0.08838744659826717,-0.9953715550668992,0.037724350856463466,9.107466225259781,82.61102216521147,80.3740269642361,40.34467907815162,22.676205150509194,7.2957541420791605,91236.0,267879.8143518064, 0.0, 0.0,0.0,NaN, 88.15141020969726,88.15141020969726,9.5367431640625E-7, 218.30195225518372, -12.459063333859726, -11.600598093920949, -12.459063333859726, 84.3525181943823, 7.921729158501659, -11.600598093920949, 7.921729158501659, 264.78383808010597, 7.111729746152399, 5.264770038799796, 34.0, 0.0
4, 0 ,1.0,1.0,1.0,154.08904924448794,176.6113032166246,14.219937957949277,15.835479262020888,15.321811171188743,8.858756834771745,78.0,67.0,38.0,-0.7620744810665979,-0.6461210874093013,0.042071673511967306,17.168958574335605,0.6408887381658863,-0.76196593777307,-0.09311033758796004,13.861087852844555,0.09221773473260847,-0.04399375044966849,0.9947665250309536,8.780374632642141,81.07882115872727,67.43314492206859,40.96360374720151,22.629963645281524,7.202959051274655,89939.0,223964.40292077162, 0.0, 0.0,0.0,NaN, 191.61675991364933,191.61675991364933,3.814697265625E-6, 250.76240345789358, 51.007517011953, -13.843654956195028, 51.007517011953, 234.75789756556415, 2.244130033377549, -13.843654956195028, 2.244130033377549, 78.47757265761511, 8.108642440123205, 5.549950333660239, 23.0, 0.0
5, 0 ,1.0,1.0,1.0,17.386048491728836,164.2771650989296,12.710286247161855,10.55755071979377,14.296097996030461,8.181979712753467,45.0,73.0,35.0,-0.023796151322968983,0.9985349118124389,0.04859807685433287,14.309161215053514,0.9983327277912575,0.02629223980145513,-0.0513856278261712,10.560948548974729,0.05258809564037633,-0.047294270455817855,0.99749573642145,8.154713863806037,73.47622548456002,47.38676997844265,37.27776460995206,18.550294198891244,6.218655181596897,49328.0,129793.75794464085, 0.0, 0.0,1.7763568394002505E-15,87.21443809165497, 137.42093716833963,137.42093716833963,0.0, 111.46187720101796, -2.1029852209478688, -2.4701382785578994, -2.1029852209478688, 204.37841791210616, 6.648130198443106, -2.4701382785578994, 6.648130198443106, 66.9447920199093, 7.519143600466332, 5.205445539585558, 17.0, 0.0
6, 0 ,1.0,1.0,1.0,279.4586754093623,207.43037002917242,209.13590917712088,12.866816389557574,14.725581885841587,14.830586806504098,52.0,76.0,78.0,0.3889246698767716,0.2929635905587416,-0.8734471568264296,15.398721371925076,-0.19685839034393607,0.9526207561426163,0.23186303956746515,14.67715396684339,-0.8999913195761603,-0.081768145222937,-0.4281700539673016,12.239467408668474,88.29256245496816,78.46461987675258,62.59265512504879,23.46602697060428,7.189548603311731,110721.0,433632.0470351923, 0.0, 0.0,-2.8421709430404007E-14,29.138273492463643, 131.32922526971024,131.32922526971024,0.0, 165.5549640025874, -2.3558795705558673, -32.65662473749362, -2.3558795705558673, 216.84276187662584, -7.8504277255347485, -32.65662473749362, -7.8504277255347485, 219.9463050252534, 6.806337647767519, 4.9238500771874545, 31.0, 0.0
7, 0 ,1.0,1.0,1.0,189.77248123271434,114.04683919399447,234.55632161201106,13.159647672863542,13.183223855874902,13.412558633640037,64.0,69.0,69.0,0.6371198786378502,-0.2814671581482787,0.7175336222982321,14.157128395228856,-0.05971387666424651,-0.9461644870881982,-0.3181305020064157,13.114613824728707,0.7684481200303748,0.15984055260495933,-0.6196276983517791,12.427914830657771,67.49821461062982,67.73455270506346,67.1898605762787,22.11863943166498,6.134837968590018,101240.0,307189.4473491625, 0.0, 0.0,0.0,NaN, 171.57990110931897,171.57990110931897,0.0, 173.17632687390284, -7.252944547664308, 21.34917337031908, -7.252944547664308, 173.79739123410909, -4.004830868077395, 21.34917337031908, -4.004830868077395, 179.8967291008319, 6.487480714381424, 4.823738262905061, 36.0, 0.0
8, 0 ,1.0,1.0,1.0,121.758442031552,186.56011374100646,114.74920310460327,12.551647289704063,12.684343293287823,14.617223120830307,63.0,67.0,76.0,-0.012018140362421473,-0.21896444750383953,0.9756588210186835,14.712908763102838,-0.2650417485771419,-0.9401315165545655,-0.21425592895409887,12.575385516795398,-0.9641620381519905,0.26116527776515586,0.046736087517556466,12.549486884483821,76.14478670567934,65.65667696316459,66.71482999508382,22.16401579535427,6.391872186970433,98821.0,333535.032613076, 0.0, 0.0,-1.4210854715202004E-14,12.667570487689161, 202.1413011077788,202.1413011077788,0.0, 157.54384968513534, 0.3173462635630484, -0.6546257646654292, 0.3173462635630484, 160.89256478197575, -12.469112243779039, -0.6546257646654292, -12.469112243779039, 213.6632117641361, 6.310090095831941, 4.666308182193481, 35.0, 0.0
9, 0 ,1.0,1.0,1.0,260.5138895334268,141.14160548713141,126.11759464651996,14.527449110208346,13.221183916649057,13.515597511998484,74.0,67.0,64.0,-0.8840827987772313,-0.23058779508650615,0.4064810864768019,14.84040609163301,-0.46589429446188596,0.5030131880900863,-0.7279562067839725,13.349318552175054,0.03660753056516528,0.8329507796770409,0.5521348452518913,13.041315084832101,80.77828455103241,70.44426920288105,65.9143616679685,22.869875551027633,6.744379155598768,107743.0,375076.92313795513, 0.0, 0.0,0.0,NaN, 193.35395883893196,193.35395883893196,0.0, 211.04677764969327, 8.32101006458431, -15.269520807741374, 8.32101006458431, 174.79970415785968, -7.6780314407610515, -15.269520807741374, -7.6780314407610515, 182.6713761063396, 6.087615291733045, 4.616313188186459, 37.0, 0.0
10, 0 ,1.0,1.0,1.0,22.874052658750646,133.07216313887454,191.7342798141456,13.133545307027928,13.195119109743134,13.18752742625188,58.0,65.0,63.0,0.4810456330084943,-0.6280770185155098,0.6116488843904848,13.92260037427881,-0.8726548359391172,-0.27613232156872297,0.40277099982141185,12.888502583577873,-0.0840751822806794,-0.7275095874266778,-0.6809266949729135,12.671217788415104,84.75807759471277,69.32428619676051,66.51309406485109,21.937807596529918,6.264555700754454,96850.0,390817.18772368407, 0.0, 0.0,0.0,NaN, 173.0690297391658,173.0690297391658,0.0, 172.49001233175534, -8.71644557596278, 7.8396979367375605, -8.71644557596278, 174.11116832030845, -13.402239355922275, 7.8396979367375605, -13.402239355922275, 173.91087961814551, 6.392418667020167, 4.684030443714177, 35.0, 0.0
11, 0 ,1.0,1.0,1.0,47.16531999486982,248.5504772898001,213.69478187581305,13.286033462483212,14.554475900564375,13.223559656228742,62.0,71.0,65.0,0.05111524303531853,-0.867585786461451,-0.4946535505376521,15.081931215620552,-0.8062417787840439,-0.3281474849729004,0.4922330974742565,13.997142542353526,-0.5893737575364048,0.3736497440598948,-0.7162572461702522,11.824945468986341,71.30369975719032,67.74114447234693,64.52882165554168,22.831502900806957,6.475836562065859,109158.0,311686.74181407207, 0.0, 0.0,0.0,NaN, 110.9964480187962,110.9964480187962,0.0, 176.51868516622363, 10.953343656243852, -24.475879310090587, 10.953343656243852, 211.83276874010917, 28.549032153978697, -24.475879310090587, 28.549032153978697, 174.8625299818404, 6.996314533281572, 4.9166703257039, 42.0, 0.0
12, 0 ,1.0,1.0,1.0,264.14219468865303,280.10092470277414,24.65499020634993,16.67937211785517,12.654383109829027,14.184413954290832,74.0,58.0,63.0,0.9293814521115186,0.3438004838184705,0.13435528942795777,17.260726653132497,-0.1646904778984683,0.06046770683076785,0.984490072535118,14.148532485831154,-0.3303440069997624,0.9370938500261401,-0.1128182311620212,11.891964062597607,84.4835873799924,69.2255005330081,62.433071133103994,24.023533519187165,7.899512808735242,109765.0,365134.7359186717, 0.0, 0.0,0.0,NaN, 47.85001506275978,47.85001506275978,0.0, 278.20145424588446, 49.42441367684778, 10.015997019626129, 49.42441367684778, 160.13341189032616, 10.727700255036106, 10.015997019626129, 10.727700255036106, 201.1975992266805, 6.273849601484249, 4.7150686203236845, 24.0, 0.0
13, 0 ,1.0,1.0,1.0,136.97983265834756,22.37147174310795,251.0395843184014,14.704864117567695,12.46803630026763,12.838413946109837,73.0,55.0,68.0,-0.9977430137526626,0.0651104456577278,-0.016416710206557616,14.71224611625422,0.05430975666415881,0.6387137845974692,-0.7675253427061922,13.66798057485169,-0.03948833801053011,-0.7666846360997652,-0.640808348829614,11.543221031099952,74.95327687091029,71.32899370296784,66.03551724422493,22.20599448297322,6.588143864152751,97286.0,353048.4470480854, 0.0, 0.0,0.0,NaN, 147.17703491637715,147.17703491637715,0.0, 216.23302871612995, -3.5470589030284074, -0.8700669733290979, -3.5470589030284074, 155.45192918479134, -26.349398039621967, -0.8700669733290979, -26.349398039621967, 164.82487265166756, 6.797428907058747, 4.7332541364899114, 31.0, 0.0
14, 0 ,1.0,1.0,1.0,144.41877554934845,151.87367083448217,58.793902921466845,12.274037655004454,11.702987190039929,13.51939969390018,61.0,59.0,67.0,0.35605334793385823,0.1216666357182615,0.9265113292227412,13.697310422910085,-0.7443937604303592,-0.5624347284732427,0.3599237497576105,12.48511622065606,-0.5648928596268853,0.8178413085435523,0.10968888358594119,11.264618845983382,69.82564127405269,65.50654430887909,60.14994701293968,20.86682778204358,5.912831464263465,83417.0,275128.05094573385, 0.0, 0.0,0.0,NaN, 215.06955885006897,215.06955885006897,0.0, 150.65200035646723, 14.766439175935801, 12.266103902614367, 14.766439175935801, 136.9599091702387, 0.977380497817226, 12.266103902614367, 0.977380497817226, 182.7741680834283, 5.709579848896756, 4.4915763102041195, 31.0, 0.0
15, 0 ,1.0,1.0,1.0,31.38603065393003,10.915686334736002,73.42083115766195,16.977186095031083,7.41533191660322,13.521984470494633,75.0,31.0,66.0,-0.9796707196763763,0.005687357351031808,0.20053163085940678,17.11244685174018,0.20060110593928243,0.017228825814697278,0.9795214973940002,13.352055237227425,-0.002115964250283409,-0.9998353972166663,0.0180194663595523,7.412343950964801,79.51968968826559,66.16993632844043,31.528930790359514,21.58631045587876,7.751597258720615,65114.0,165899.331714321, 0.0, 0.0,0.0,NaN, 80.59065439770099,80.59065439770099,0.0, 288.22484770531673, -0.8992181667525184, -22.50087557175088, -0.8992181667525184, 54.98714743339439, 2.352710063205294, -22.50087557175088, 2.352710063205294, 182.84406402029802, 6.073688100978238, 4.412271657041208, 25.0, 0.0
16, 0 ,1.0,1.0,1.0,219.04607784292904,29.24782307585761,269.1256567708574,12.729899631524138,14.000365044511142,14.67575275235422,68.0,65.0,64.0,-0.3844977572866845,-0.4439301314228143,0.8093747667529749,15.418493992858497,0.03586006236311961,-0.8832971882307169,-0.4674399781694133,13.669114468824382,-0.9224291466388206,0.150705393661379,-0.3555451500900353,12.200968711001707,77.94399123301132,76.14651725668739,64.05293318343234,22.978091732959477,6.741334079247753,108295.0,380164.62939953624, 0.0, 0.0,0.0,NaN, 91.44505310360248,91.44505310360248,0.0, 162.05034462867837, 13.965551159808683, -28.2921005336037, 13.965551159808683, 196.0102213795695, -16.248251317385527, -28.2921005336037, -16.248251317385527, 215.3777188482325, 6.165998406149937, 4.6022040553549335, 34.0, 0.0
17, 0 ,1.0,1.0,1.0,160.4124874595606,259.2060915536618,282.4935127884301,15.229315811480333,15.891456806229298,9.994602782233459,71.0,80.0,43.0,-0.6538839907397015,0.755983638218344,0.03040502261927934,17.716642044943892,-0.7562408628991466,-0.6542792278287564,0.004295266389961242,13.068679122304578,-0.023140525834057853,0.02018491461371394,-0.9995284314546338,9.984626429378915,90.17936106419852,72.27994217155512,43.94074034820383,22.860844801583244,7.857755356499818,88713.0,286412.7322898173, 0.0, 0.0,0.0,NaN, 146.47625649928528,146.47625649928528,0.0, 231.93206008580486, -70.6993620802268, -4.489264408452393, -70.6993620802268, 252.53839942425148, 4.723423914072777, -4.489264408452393, 4.723423914072777, 99.89208477462878, 6.646130373628491, 4.794496565621275, 29.0, 0.0
18, 0 ,1.0,1.0,1.0,40.72509712662946,85.53153410771688,38.175251937602305,12.429452243968898,12.399629433361618,15.640386560175292,59.0,60.0,78.0,0.09188365508414635,-0.01086852562637443,0.9957104343528225,15.665564224597293,0.7019907141033271,0.7098989739748057,-0.05703055376041179,12.463966316266035,-0.7062339776880455,0.7042196545824515,0.07285771653499934,12.333021775441182,79.55149653378174,61.084803320257365,62.51120638085102,22.543235143793797,6.68328767696919,101414.0,303766.17612213443, 0.0, 0.0,0.0,NaN, 102.13484578385746,102.13484578385746,1.9073486328125E-6, 154.49128308510348, 1.524953550683716, 8.40656959363051, 1.524953550683716, 153.75081008468774, -1.1412128078612227, 8.40656959363051, -1.1412128078612227, 244.62169175171192, 5.9568408740670105, 4.406253473622542, 34.0, 0.0
19, 0 ,1.0,1.0,1.0,190.25486433634808,282.55043999022246,59.66382302615497,14.007303466522458,10.364323357438169,14.109752048207328,67.0,44.0,72.0,-0.5032877744260225,-0.011508575950222736,-0.8640422262788431,14.154570773455733,-0.8567587755668435,-0.12358223067115802,0.5006913547801117,14.011759832110164,0.11254251020171979,-0.9922675974463435,-0.05233735239345951,10.296968706817468,73.63484167668778,70.45848856884612,46.86330192568076,21.414924325723394,6.641526032938408,81820.0,243136.16667423456, 0.0, 0.0,0.0,NaN, 126.1279260293474,126.1279260293474,0.0, 196.20455040325209, 10.107512526080352, 2.2811085118012793, 10.107512526080352, 107.41919865753839, -4.649616201771783, 2.2811085118012793, -4.649616201771783, 199.08510286189087, 6.070534088832115, 4.613479623825365, 33.0, 0.0
20, 0 ,1.0,1.0,1.0,282.00142493774223,103.89434153227417,167.78503415855428,10.841320480841464,13.251780873202629,13.38847273440399,45.0,66.0,68.0,-0.3358716770903015,0.7036280820190551,0.6261770825595057,14.30098997561222,0.1788402398862197,-0.6050641615278918,0.7758308636758329,12.788161051912404,-0.9247736940062622,-0.3725652729774144,-0.07738689970064165,10.214683101661072,76.64385954109665,67.70165445116724,53.598250970063646,20.730878049572517,6.528845497735583,75091.0,278116.82709320815, 0.0, 1.4210854715202004E-14,0.0,45.281184824378066, 169.1117385019479,169.1117385019479,0.0, 117.5342297683126, -30.080804551063085, -12.855455362893476, -30.080804551063085, 175.609696311379, 16.34940886409781, -12.855455362893476, 16.34940886409781, 179.25120215987906, 6.162610647770563, 4.540394763865188, 26.0, 0.0
21, 0 ,1.0,1.0,1.0,275.59539571777896,209.5972843482237,11.045824138685116,14.348938629506412,13.810512936529621,7.095636140103127,57.0,77.0,28.0,-0.746145911924259,0.6614895007582425,-0.07548455805875987,16.18788089768625,-0.6640835117549715,-0.7475374776790775,0.013446519266608219,11.653486224372637,0.047532804818360475,-0.06016111577932376,-0.9970563036329927,7.008504152585824,92.87900359536796,61.36890802571236,31.949784368656466,19.753669930748597,7.534114670170762,50301.0,182110.03370835245, 0.0, 0.0,0.0,NaN, 94.28810072480239,94.28810072480239,0.0, 205.89203979334135, -62.06194844923874, 11.21859630763853, -62.06194844923874, 190.730267570052, -11.503324793198342, 11.21859630763853, -11.503324793198342, 50.34805223273761, 6.442272250795006, 4.678962304829038, 14.0, 0.0
22, 0 ,1.0,1.0,1.0,52.94860284650451,188.80668360186056,48.37828119381518,13.917393275333286,11.162410817523428,12.99820753585971,73.0,56.0,68.0,-0.9343448453254568,0.034192461279151806,0.35472607122316463,14.05593852248194,0.35034069613548713,0.27045758410495313,0.896724089021486,12.986567191979885,-0.06527715255010876,0.9621245089861213,-0.2646796602747629,11.001196062480489,70.13847499025458,67.30670950719387,58.35181404059887,21.20616171913875,6.12742646846194,86211.0,275466.6579550607, 0.0, 0.0,0.0,NaN, 132.31767170820933,132.31767170820933,0.0, 193.69383558029216, 2.067177216826678, -10.407475102135926, 2.067177216826678, 124.59941525916406, 12.478586658038052, -10.407475102135926, 12.478586658038052, 168.95339914528012, 6.037564073625859, 4.33242271793194, 32.0, 0.0
23, 0 ,1.0,1.0,1.0,91.16441633908734,268.29352888395147,39.33261408306272,11.339168970656635,14.653253494506808,13.590356017807022,62.0,61.0,66.0,-0.05404440331116454,-0.8427847733136191,0.5355306044862918,15.292251537468609,0.2982792146597969,-0.525453191901007,-0.7968239788202784,13.036688809177189,-0.952947381848901,-0.11667377165308784,-0.2797829845354577,11.143794480229129,76.40183421541789,71.077641779372,58.39001606869424,22.034865102942057,6.515910335882427,93616.0,317084.7753315859, 0.0, 0.0,0.0,NaN, 104.22718286361969,104.22718286361969,0.0, 128.57675294510227, -2.178612593806387, -14.052775123552136, -2.178612593806387, 214.717837974276, -30.33352100483478, -14.052775123552136, -30.33352100483478, 184.69777669074352, 5.842180049761244, 4.261796933794635, 33.0, 0.0
24, 0 ,1.0,1.0,1.0,68.71115931929052,62.321055234584,161.4242856821707,13.520731566878615,12.749715827614244,11.999316895799003,65.0,62.0,58.0,-0.9390142804889443,0.23902338247523636,-0.2472246016640071,13.729756888543102,-0.1279693976681373,-0.910185918641035,-0.39393581554363516,12.820607588462318,-0.3191802222855987,-0.338274173027844,0.885265253787837,11.682244587341858,67.15296395297477,63.268998035572366,65.17224607412632,21.29384926682595,5.993415149649186,88966.0,276897.3704109, 0.0, 0.0,0.0,NaN, 166.75840590281987,166.75840590281987,1.9073486328125E-6, 182.81018210358786, -8.429375757445532, 13.48509395920639, -8.429375757445532, 162.55525368491715, 6.926557651914044, 13.48509395920639, 6.926557651914044, 143.9836059658074, 6.260231031336523, 4.388717592341741, 37.0, 0.0
25, 0 ,1.0,1.0,1.0,124.02805403713246,169.08289787367255,274.42733643171914,13.065354096475817,11.618361551422671,13.12477054618199,68.0,57.0,61.0,-0.8099635963185522,0.33127494436840954,0.4839585559450563,13.279301325271229,0.4967471338538164,-0.05115961897665797,0.866386160089242,13.10895297931737,0.3117711623077665,0.9421462755962419,-0.12312245015996934,11.391440330111738,72.87435033753022,67.72608984140948,61.32701115876861,20.979761615267424,6.148089724644224,83054.0,302679.1445567503, 0.0, 0.0,0.0,NaN, 182.1433691885861,182.1433691885861,0.0, 170.7034776662974, -13.566404412137356, -0.14679237467090273, -13.566404412137356, 134.98632513957662, 5.60190705646472, -0.14679237467090273, 5.60190705646472, 172.2596018899263, 5.678569264179777, 4.220785173682195, 30.0, 0.0
26, 0 ,1.0,1.0,1.0,276.5837434873041,207.77919644144237,287.3204761218312,13.779486192570232,12.880459168329898,7.581324909149777,59.0,71.0,34.0,0.9764111857966729,0.13919245174041062,-0.1650656161337918,13.923851900836363,0.1504933735027932,-0.9869083844172201,0.05799642487896293,12.888657666428259,0.1548319759703521,0.08146963940932725,0.9845759275300358,7.298342777476121,67.83349507753317,69.14158333408436,41.21638711268622,19.19225005848541,6.701827600654405,48559.0,193309.60586027108, 0.0, 0.0,0.0,NaN, 95.9883743160155,95.9883743160155,0.0, 189.87423973123367, 2.348790083627659, -21.677057108865494, 2.348790083627659, 165.90622838701373, -9.68990001898149, -21.677057108865494, -9.68990001898149, 57.47648737809487, 5.636421791918699, 4.346943203408252, 15.0, 0.0
27, 0 ,1.0,1.0,1.0,13.00153520381154,250.03223928004235,81.28738309511205,8.275794510130172,11.896665620341189,13.67409728763117,33.0,57.0,59.0,-0.06596471851357949,0.038397594091986884,0.9970828855613617,13.69400456248485,-0.11225696274289962,0.9926299403424382,-0.045652774850025744,11.935701806393078,-0.9914872819291044,-0.11494096877839016,-0.06116815731343883,8.186185052832606,58.33955199459491,58.51892794594099,36.45635407135683,19.032101531029568,5.897412619133166,56670.0,124460.82763886632, 1.7763568394002505E-15, 0.0,0.0,86.21775366718616, 96.29878337484021,96.29878337484021,0.0, 68.48877477390069, -8.71231347833706, -7.539703587952602, -8.71231347833706, 141.530652882208, 1.1948817908104628, -7.539703587952602, 1.1948817908104628, 186.9809366316021, 7.829915021007309, 4.961383883437815, 26.0, 0.0
28, 0 ,1.0,1.0,1.0,60.42312989272253,43.896455494346185,34.30157291968687,11.868386275081937,12.396785390039547,14.649563260417729,62.0,66.0,68.0,-0.35076368121188345,-0.38894001518317195,0.8518747000187307,15.51500691703665,-0.4175184869668646,-0.7493042257526371,-0.5140247954234712,12.101488742047541,-0.8382381242723267,0.5359746653140939,-0.1004390619124679,11.044777729435463,80.93464685746298,66.40889352473454,60.78011682414365,21.55613674570328,6.669449235338388,82776.0,326679.77731084917, 7.105427357601002E-15, 0.0,0.0,69.46596762316443, 82.18546912784845,82.18546912784845,0.0, 140.85859277455327, 23.849565650798716, -30.22757310708435, 23.849565650798716, 153.68028800669796, -29.917418315760333, -30.22757310708435, -29.917418315760333, 214.60970372098092, 6.227266462641277, 4.333041045939696, 26.0, 0.0
29, 0 ,1.0,1.0,1.0,134.26783062891081,142.7533009863188,174.84206967865097,13.462733794132786,11.236134488204353,11.679619252663805,69.0,52.0,55.0,-0.9805537720116435,0.19623162947387826,0.0027290635325485256,13.547407381036198,0.08122844082604103,0.3931545931155005,0.9158773969878042,11.80566657836503,-0.1786511701464854,-0.8982887138922611,0.40144880856602316,11.00015523656899,69.65873345299784,57.44150186023862,58.09796845637945,20.245111276638465,5.834800316417042,75432.0,232467.53290551732, 0.0, 0.0,0.0,NaN, 232.53142326706745,232.53142326706745,NaN, 181.24520121168499, -11.444863450877637, 1.1993406814378003, -11.444863450877637, 126.25071823701529, 6.648306748462645, 1.1993406814378003, 6.648306748462645, 136.41350588719504, 5.582512365724239, 4.048468332734023, 33.0, 0.0
30, 0 ,1.0,1.0,1.0,238.99920916846008,95.25398656882827,185.30415899603287,13.238970771218284,11.396180822735628,11.925193756933442,67.0,56.0,59.0,0.9060576016931714,-0.37220053212662774,0.20131166458671235,13.634447567428557,0.22721387411023564,0.026586735267529447,-0.9734818955274063,11.85782918379217,-0.35697825959830665,-0.9277714747676118,-0.1086582384437314,10.99305495051816,74.62908276525576,60.17713213215592,56.135936652996236,20.334984176318418,5.817383356368286,77134.0,252104.48040872114, 2.8421709430404007E-14, 0.0,0.0,25.033896967790046, 161.0886537994998,161.0886537994998,0.0, 175.27034708117205, -21.818076423098695, 7.4944065353639395, -21.818076423098695, 129.8729373444873, -5.385598813640232, 7.4944065353639395, -5.385598813640232, 142.21024614040434, 5.820492229142342, 4.27628625520841, 31.0, 0.0
31, 0 ,1.0,1.0,1.0,275.4447984401853,64.68582598820089,239.77487210926742,14.42869410216706,13.474390553932798,12.708691540205868,58.0,71.0,64.0,-0.9499495472724329,0.2478856751856762,-0.19012771937474293,14.561281069971683,-0.25220492658794663,-0.9676726434027718,-0.0015265040650650162,13.401875788943366,0.1843597912823402,-0.04650104566172272,-0.9817581780207882,12.633925514144133,64.42289068638581,69.8812186478748,68.67984840194043,22.50689947212012,6.685561390783763,99499.0,309193.25106676336, 0.0, 0.0,0.0,NaN, 91.72938480592808,91.72938480592808,NaN, 208.18721349391055, -7.462965464575383, 9.474431753687545, -7.462965464575383, 181.5592007999134, -2.4407732526387305, 9.474431753687545, -2.4407732526387305, 161.5108406641002, 5.455585758240183, 4.07647728445861, 30.0, 0.0
32, 0 ,1.0,1.0,1.0,131.6735100832748,276.1612320658172,58.908460419383964,12.77637552854512,12.164100898307243,12.314888429526988,63.0,53.0,67.0,0.6987304776787596,0.27609040253536726,-0.6599619755642528,13.294343459181341,-0.6011847683238917,0.7266437627174469,-0.332514234942174,12.678544288820595,-0.3877532642005239,-0.6290969175983059,-0.6737094881105278,11.196988257921877,70.09706967114464,68.52311299975032,60.764059978016974,20.66035951486483,6.00059530870692,79736.0,291866.1514936929, 0.0, 0.0,0.0,NaN, 146.2067263269793,146.2067263269793,0.0, 163.23577164640662, -5.5432131738559836, -16.616020993054075, -5.5432131738559836, 147.96535066419906, -17.90633047997847, -16.616020993054075, -17.90633047997847, 151.65647703169768, 6.250092673108985, 4.291222608701518, 22.0, 0.0
33, 0 ,1.0,1.0,1.0,36.079567481725405,176.46207291155795,209.1930101123333,12.236948796392475,13.155595476540753,12.855330394717118,66.0,63.0,67.0,0.23653857693381686,0.8103304395112152,0.5361101383332404,13.563115679312736,-0.4029790502621018,-0.42025513788506486,0.813015070051632,12.596670483119178,-0.8841138991509971,0.4083505820771736,-0.22713963864824266,12.059764241250479,60.15116767647112,65.37141694194473,74.26458785219216,21.21309555062947,6.170632455845752,85638.0,292020.7662048554, 0.0, 0.0,0.0,NaN, 157.50956806313832,157.50956806313832,0.0, 149.74291584553126, 9.625276573257654, 0.5475703437091217, 9.625276573257654, 173.06969234237954, 12.211044125795407, 0.5475703437091217, 12.211044125795407, 165.25951955733777, 5.568735160161683, 4.214722176246225, 41.0, 0.0
34, 0 ,1.0,1.0,1.0,164.11416921508663,9.685655358793827,224.1012730246782,13.341927179495693,6.553433124581494,12.389996601281338,61.0,27.0,66.0,0.866614142829429,-0.06295124804081827,0.4949919876302211,13.773186956203652,0.4985822399587434,0.06969908091667623,-0.8640357562723271,11.953867889513807,-0.01989164261029029,-0.9955798202502265,-0.09178858352099403,6.470771662684684,62.76787514033913,58.9403011193499,28.875559958058325,18.288273768419,6.324995251572174,42183.0,106826.79329474558, 2.8421709430404007E-14, 0.0,0.0,29.932466523324145, 155.94674630882776,155.94674630882776,0.0, 178.0070208629659, -4.554112230233775, 19.893660221253846, -4.554112230233775, 42.94748571836195, -10.6903520302674, 19.893660221253846, -10.6903520302674, 153.5120157797631, 6.466134026435723, 4.325007617062272, 16.0, 0.0
35, 0 ,1.0,1.0,1.0,52.01975943841596,20.34784274552197,165.7008442917938,12.375738480270869,11.489671863172585,12.25664151091526,61.0,49.0,59.0,0.5574288794908636,0.27339961790622275,-0.7839168917929326,12.748447631199156,-0.7667306936947315,0.5316795022777632,-0.35977902968915,12.415659949677401,-0.3184290936079124,-0.8016043636273459,-0.505997387896066,10.896109149190702,69.65431331365164,61.793533142840666,59.149444652946315,20.046760416094234,5.790001761850924,73079.0,254590.21857971154, 0.0, 0.0,0.0,NaN, 145.4522371789591,145.4522371789591,0.0, 153.1589029320571, -7.765723188939583, -9.366959306467674, -7.765723188939583, 132.0125595233798, -16.162884849236836, -9.366959306467674, -16.162884849236836, 150.22526112709113, 5.588638920687525, 4.065174350676184, 24.0, 0.0
36, 0 ,1.0,1.0,1.0,104.00415127114277,229.41458244395048,156.82427757577543,12.089317896779628,10.932975404483896,11.969204645643506,59.0,52.0,59.0,-0.8262249722861497,0.5421884901114143,0.15291807074854297,12.856316700510028,-0.18319524118351088,-0.0019008050457883785,-0.9830747125971118,11.965770091606556,-0.5327211266492693,-0.8402547400228596,0.10089684380916186,10.023915665284754,59.63808638968735,59.6330579684691,53.99489078812505,19.460770409525583,5.497438796518794,67931.0,192027.508582873, 0.0, -2.8421709430404007E-14,0.0,57.16725651857451, 190.52152672307454,190.52152672307454,0.0, 146.15160720939622, -29.01625049313552, -0.4977174820975579, -29.01625049313552, 119.5299511950498, 5.452884112311454, -0.4977174820975579, 5.452884112311454, 143.2618598492941, 5.9450275662855026, 4.144005914483394, 23.0, 0.0
37, 0 ,1.0,1.0,1.0,186.7320252907567,65.61920299312625,63.048362771542095,11.83529124954321,10.935211019400201,12.611430134913778,61.0,57.0,61.0,-0.5740299005879858,-0.16028579644040605,0.8029932357687778,13.191536063293558,0.6002273586392477,0.5846738700519021,0.5457871229879679,11.679854845732773,0.5569710864774754,-0.7952766368616621,0.2394123632774734,10.40507069277163,65.72587013548582,56.442488471341875,55.05639814080189,19.664898035959055,5.656227920042437,68958.0,204244.4636754237, 0.0, 0.0,0.0,NaN, 145.2949068080463,145.2949068080463,0.0, 140.0741189615141, 15.929801503958618, -21.084476120895204, 15.929801503958618, 119.57884003881158, 0.5212732100393338, -21.084476120895204, 0.5212732100393338, 159.04817004781137, 5.347253460473903, 3.9325498342951577, 33.0, 0.0
38, 0 ,1.0,1.0,1.0,92.14266628495085,158.65765544694833,106.43467888157267,11.2848209612666,11.570028887803097,13.179525011908488,57.0,56.0,61.0,-0.1107840598472144,0.21744994925151703,0.9697641010339995,13.231813266788942,0.6576511704772121,-0.7155414590526773,0.2355745282213636,12.46454038355271,-0.7451320889974619,-0.6638643987647462,0.06373562582261567,10.220909100054328,62.71361715285211,57.41686678933733,53.356632201466994,20.059539493116862,5.703289178711276,73353.0,192127.59645336887, -1.4210854715202004E-14, 0.0,0.0,83.63948485502713, 199.49002527063072,199.49002527063072,0.0, 127.34718412784203, -25.652398187563037, 0.2990209739798309, -25.652398187563037, 133.86556846459817, 6.311216392977068, 0.2990209739798309, 6.311216392977068, 173.69987953952145, 6.2050059668420845, 4.29369303600783, 28.0, 0.0
39, 0 ,1.0,1.0,1.0,84.22472595979012,207.988038339654,190.71867369733494,13.865556494444098,12.312130190896594,10.387780542976436,64.0,60.0,52.0,-0.9718413249209806,0.23563350039137435,-0.0011369560858184254,13.95661698972177,0.22870513600125145,0.9420825185360656,-0.2453048899540982,12.323557693480328,-0.056730943430212295,-0.23865745695882062,-0.9694453147524447,10.25138816575197,64.5359885014834,59.05402798022956,55.122555286434505,20.431816073351456,5.855688114318031,76996.0,210078.12557475845, 0.0, 0.0,0.0,NaN, 165.83851732952837,165.83851732952837,0.0, 192.25365690062088, -10.461297046483393, -2.525315743479994, -10.461297046483393, 151.5885498375874, -10.834564153004699, -2.525315743479994, -10.834564153004699, 107.90598460903983, 5.658942188192259, 4.0999742650524125, 21.0, 0.0
40, 0 ,1.0,1.0,1.0,288.07639332146334,76.76762858198677,284.070816676185,8.012454363038476,11.742714578900035,8.76421855081357,36.0,61.0,36.0,0.19132716784133394,-0.964639771201593,-0.18128438063427324,11.91710028961332,0.5150247408556012,0.2558932654741948,-0.8180881083303768,9.190527579683673,0.8355497777825298,0.0631565396541908,0.5457726819349553,7.240111939886168,60.86728259189537,49.52742216354039,38.302841619368564,15.813291928312273,5.370483758255002,29767.0,115467.73105817717, 0.0, 0.0,0.0,NaN, 79.30435092534344,79.30435092534344,9.5367431640625E-7, 64.1994249197743, -12.312916565170914, -16.610039208574516, -12.312916565170914, 137.89134568151144, 8.959647896972188, -16.610039208574516, 8.959647896972188, 76.81152680642471, 6.615560051029608, 4.409709631326279, 9.0, 0.0
41, 0 ,1.0,1.0,1.0,120.95500609984418,235.94244404449867,76.48016040778364,11.878805041961298,12.293733547963818,13.125731540037723,61.0,61.0,67.0,-0.08094480947927858,-0.11843219206384642,0.9896573920813784,13.150045904200114,0.4340125727659032,-0.8980276159407461,-0.07196865768444474,12.397717268064376,0.8972630742984378,0.42369826160928625,0.12409173465539004,11.743066954291175,67.31587036578827,61.16986328223831,58.79106749773342,20.753440943669187,5.81561787190618,82789.0,242084.13072791713, 0.0, 0.0,0.0,NaN, 156.78870785744058,156.78870785744058,0.0, 141.10600922492517, -5.823846114027823, -3.299332066832707, -5.823846114027823, 151.13588454833106, -3.083683045536359, -3.299332066832707, -3.083683045536359, 172.28482846114105, 6.161739043105325, 4.310637292349059, 36.0, 0.0
42, 0 ,1.0,1.0,1.0,23.606042354301685,188.20084564049438,121.97744958681668,12.601804581259321,12.597320716181862,12.260291167396531,52.0,61.0,58.0,-0.5946445951777544,-0.5514176396717804,0.5850951991639372,13.745511482469144,0.6506780435611863,-0.757527848268515,-0.05262739519546963,12.196005659170108,0.4722455812956556,0.34941400337776335,0.8092551916362679,11.407500492515185,71.43738915176147,63.857266817943284,58.73747666240979,20.815461792679738,5.8761601235339604,83014.0,267948.41074909165, 3.552713678800501E-15, 0.0,0.0,53.512699758503636, 167.13705262100936,167.13705262100936,0.0, 158.80547870424843, 10.109276216381945, -21.098025498262523, 10.109276216381945, 158.6924892263447, -18.23135877034073, -21.098025498262523, -18.23135877034073, 150.3147395093414, 5.990247482348517, 4.292070031841322, 22.0, 0.0
43, 0 ,1.0,1.0,1.0,215.86377228774245,135.51583198256105,206.10404672740484,11.870092507566536,12.588667726038697,11.455161075986537,62.0,58.0,59.0,0.43254294258424747,0.7397012334713721,0.5155081842429773,13.803940031479023,0.8807831927534149,-0.46886026217472876,-0.06626478639930201,11.420243409161667,0.19268515818210014,0.4827133101069161,-0.8543186115624328,10.470131165101172,67.26631105000689,60.443975513586096,52.41047888506462,19.941234411364665,5.739471812158977,71564.0,213092.79222317555, 0.0, 0.0,0.0,NaN, 185.0942883304181,185.0942883304181,0.0, 140.89909613818722, 17.30323690679657, 16.83074383133222, 17.30323690679657, 158.47455511660831, 31.504710679361683, 16.83074383133222, 31.504710679361683, 131.22071527679702, 5.789005440683194, 3.916097724854255, 29.0, 0.0
44, 0 ,1.0,1.0,1.0,125.54339544020478,91.82332281683433,213.12219477349842,12.685680531548014,10.36376336348251,12.141071382013317,62.0,51.0,65.0,0.7543913614048569,0.12971925753251448,0.6434800603460373,13.588155753146639,-0.6098190635385352,0.5012748265966834,0.6138764191312849,11.615202973516242,0.2429287623619542,0.8555094753687293,-0.4572626750256475,9.807587828724692,67.18453587632061,57.8280174994791,52.80665776930243,19.59068973130968,5.651952915360669,67196.0,205161.70808582075, 0.0, 0.0,0.0,NaN, 178.15841207407004,178.15841207407004,0.0, 160.9264905484963, -3.1819127527514826, 28.43988005298628, -3.1819127527514826, 107.40759105426233, 19.299239483763472, 28.43988005298628, 19.299239483763472, 147.40561430314276, 6.184965486290256, 4.207889545020621, 37.0, 0.0
45, 0 ,1.0,1.0,1.0,107.61762802666627,211.03604159455838,279.5669892100947,11.85261054014329,12.154484009965648,11.295045072183964,61.0,58.0,46.0,0.544119497993029,0.8053279878753288,0.23533126406937294,12.282755179163651,-0.6963817017266721,0.5899365027424724,-0.40868991696914314,11.922050526271207,-0.4679599314087462,0.05849576631394406,0.8818116283647353,11.081179441072985,61.62696914271248,64.9545495970631,55.28216298080997,19.551359504754373,5.791221189294854,66451.0,221291.84617838042, 0.0, 0.0,0.0,NaN, 141.11572445050706,141.11572445050706,0.0, 140.4843766163158, 4.355265998647627, 9.099797276778423, 4.355265998647627, 147.73148154851063, 0.6569060035490148, 9.099797276778423, 0.6569060035490148, 127.57804318266723, 5.3052325799283775, 3.9889919694687364, 26.0, 0.0
46, 0 ,1.0,1.0,1.0,280.1858126482671,233.6247526471099,47.689347914135276,11.568549686712961,12.085762145452444,15.728880085588044,50.0,62.0,72.0,0.3550854411192168,-0.013916205111944784,0.9347302652318757,16.32490982428855,0.15843172264139346,-0.9845293107982529,-0.0748426712510828,12.126798977124462,0.9213108697752627,0.17466646906146402,-0.3473872562710798,10.664554516456194,85.01983842911142,60.75815456611315,57.16274237877553,21.876288493575736,6.980161816391462,86415.0,295282.6335366089, 0.0, 0.0,0.0,NaN, 84.0984505567276,84.0984505567276,NaN, 133.83134185394655, -5.953198556438536, 50.31057270777894, -5.953198556438536, 146.06564663645128, 0.46844280288907203, 50.31057270777894, 0.46844280288907203, 247.39766874680814, 5.662255698726291, 4.016326742257796, 18.0, 0.0
47, 0 ,1.0,1.0,1.0,224.82749036519147,232.58728635080732,166.73665811831114,13.962191453202479,10.601081431586744,11.217955543754627,72.0,54.0,59.0,-0.9941958328870747,0.09542197970547882,0.04969196775196901,13.99407041149075,-0.07681262475046842,-0.3061710469383587,-0.9488725471292828,11.285545805383766,0.07532905514420886,0.9471821027689216,-0.3117235917368534,10.486691254609,72.60185955586996,54.464070363606766,54.48064926116288,19.945154301568635,5.946348809420293,69799.0,215426.9903602479, 2.8421709430404007E-14, 0.0,0.0,6.176150466917744, 167.19598815707067,167.19598815707067,0.0, 194.94279017588036, -7.736650740697309, -2.9742675338816764, -7.736650740697309, 112.38292751913326, 5.460062614280887, -2.9742675338816764, 5.460062614280887, 125.84252658165516, 5.502896679324044, 3.9657653164889077, 34.0, 0.0
48, 0 ,1.0,1.0,1.0,200.57518269727615,175.4657710194139,193.54680741123497,12.502338974857306,10.690809786633103,11.77996100665938,63.0,53.0,56.0,0.9134743588213047,0.26625645826980254,0.30768830690428806,12.746948182308918,-0.30651109417528893,-0.04706056949738259,0.9507030303654499,11.676034837500856,-0.2676108086820745,0.9627527207067262,-0.038621934808127326,10.514508907486801,64.72818033070757,56.91872662152069,51.10362628484167,19.46257463644148,5.529698325909994,67735.0,188278.3103326248, 0.0, 0.0,0.0,NaN, 191.64120302223571,191.64120302223571,0.0, 156.30847984223604, 13.002075161787019, 7.084836248000075, 13.002075161787019, 114.29341389397015, 3.1011112863800214, 7.084836248000075, 3.1011112863800214, 138.7674813184155, 5.931628345970194, 4.198776089032203, 32.0, 0.0
49, 0 ,1.0,1.0,1.0,236.89916865061682,273.5523317249545,96.46780908246018,12.216336138482912,12.102452023611816,12.882007344439145,62.0,57.0,65.0,0.1927261077511257,0.5911538230905625,0.7831946149179742,13.483674400640423,-0.8320777798491997,-0.3245962473623007,0.4497597630730646,12.58248958434576,-0.520099236369684,0.7383592849309373,-0.42932778932180377,11.023874426523468,74.78751144832461,61.815558947148645,57.879548736152536,20.625568596603824,6.019987285788957,78547.0,267578.9956759584, 0.0, 0.0,0.0,NaN, 118.267629820421,118.267629820421,NaN, 149.23886864840358, 16.805625514171744, -4.6699804202187325, 16.805625514171744, 146.46934498382572, 22.539187629910078, -4.6699804202187325, 22.539187629910078, 165.94611322218407, 5.648771564395553, 4.084489405868268, 25.0, 0.0
