// Sample: .//bubblelabels.tif, Map: .//bubblelabels.tif, Thickness:(8.191250068658265):/gpfs/home/mader/Foam/NewValid/InSilicoTest/LatticeDataPhi_16.0/out_Step_05000.vtk/distmap.tif, Neighbors:(1.0):
//LACUNA_NUMBER, TRIANGLES, SCALE_X, SCALE_Y, SCALE_Z, POS_X, POS_Y, POS_Z , STD_X, STD_Y, STD_Z,PROJ_X, PROJ_Y, PROJ_Z, PCA1_X, PCA1_Y, PCA1_Z, PCA1_S, PCA2_X, PCA2_Y, PCA2_Z, PCA2_S, PCA3_X, PCA3_Y, PCA3_Z, PCA3_S,PROJ_PCA1, PROJ_PCA2, PROJ_PCA3,OBJ_RADIUS, OBJ_RADIUS_STD, VOLUME, VOLUME_BOX, Mask_Grad_X,Mask_Grad_Y,Mask_Grad_Z,Mask_Angle, Mask_Distance_Mean,Mask_Distance_COV, Mask_Distance_STD, SHAPET_XX, SHAPET_XY, SHAPET_XZ, SHAPET_YX, SHAPET_YY, SHAPET_YZ, SHAPET_ZX, SHAPET_ZY, SHAPET_ZZ, Thickness, Thickness_STD, Neighbors, Neighbors_STD
1, 0 ,1.0,1.0,1.0,130.81151236446428,15.280437771916773,180.20513514122766,21.040934780147893,9.44594689344792,11.805358917968261,86.0,38.0,51.0,-0.973185889023201,-0.018191961543581534,0.2292995375950822,21.46610177058087,0.21026356012027228,0.3338397977615573,0.9188798750196193,11.227343785890454,0.09326553860708882,-0.9424542651851702,0.3210630737761823,9.190569873888137,88.6501413503685,59.22785563533262,45.767881396932225,24.20486365482183,9.243263696865965,88722.0,240306.9054659507, 0.0, 0.0,0.0,NaN, 73.56884717440637,73.56884717440637,0.0, 442.72093642243726, 9.581701955093061, -75.94292875536101, 9.581701955093061, 89.22591271383838, 11.187259445809467, -75.94292875536101, 11.187259445809467, 139.36649918205276, 11.097474512150225, 6.455797094675338, 12.0, 0.0
2, 0 ,1.0,1.0,1.0,170.0701228455523,63.50946204093898,167.80275311406677,15.849344132637116,14.740392324631669,14.541360793500258,66.0,73.0,69.0,-0.8526754835477397,-0.49659291636459824,0.16229601095877466,16.534854264811536,0.12621453251596942,-0.4972508322554944,-0.8583772490012728,14.695005807942305,0.5069658879435603,-0.7114331207061704,0.48667083662767,13.805341277619723,81.8690735604773,75.83429044349592,74.9403762673384,25.007128527694004,7.387528128197718,139769.0,465266.05976763665, 0.0, 0.0,0.0,NaN, 77.23931655733067,77.23931655733067,0.0, 251.20170943475858, 33.474796002953035, -14.20731194521623, 33.474796002953035, 217.2791658840602, 4.148168470881687, -14.20731194521623, 4.148168470881687, 211.45117372674645, 8.042542653202005, 5.539227711123478, 20.0, 0.0
3, 0 ,1.0,1.0,1.0,179.89899537893686,162.1796014454143,91.99683210137276,11.6214919551012,13.589706876949167,15.684259889895499,52.0,70.0,78.0,0.018305662274411022,0.2484737576573368,0.9684656392894577,15.822662174728965,0.0031736633962067395,-0.9686375056258866,0.2484578647487486,13.429765770840405,-0.9998274003993605,0.0014746018116150539,0.018520123113910422,11.619809361707741,77.11801072954535,72.14505322499824,52.762146682929995,22.774399552466452,6.860170667132073,103223.0,293551.8579465331, 0.0, 0.0,0.0,NaN, 101.47832305616741,101.47832305616741,0.0, 135.0590752624819, 0.3852293061613303, 2.0804856620039636, 0.3852293061613303, 184.6801330013995, 16.842968424406394, 2.0804856620039636, 16.842968424406394, 245.99600829378474, 8.167690707250514, 5.6636849645167135, 19.0, 0.0
4, 0 ,1.0,1.0,1.0,16.01671181579157,44.43211696279181,15.880706716596286,10.04414899656224,11.949450717609738,10.449691438591286,44.0,57.0,41.0,0.16817129377727777,0.9220150846428946,-0.34872137823803134,12.151912689635488,0.6181375269076554,-0.3742019487196963,-0.69128785567437,10.817113412404213,-0.7678700500590993,-0.09930299726260731,-0.6328621500428818,9.391029128170944,56.06958982248237,60.91050979506731,48.108241023927654,17.990606887462338,5.404481149961294,50204.0,164300.57810411768, 0.0, 0.0,0.0,NaN, 49.82915733788678,49.82915733788678,0.0, 100.88492906514227, 2.55641888830008, -15.80252396094381, 2.55641888830008, 142.78937245258388, -11.668792357378427, -15.80252396094381, -11.668792357378427, 109.196051161768, 9.558048708783318, 5.887625202869075, 7.0, 0.0
5, 0 ,1.0,1.0,1.0,31.252792919611835,108.38155924284175,174.04903707919013,15.852919974541756,14.47937409045559,13.699522574692525,74.0,71.0,64.0,-0.9225118740186513,-0.16280928456157961,0.349949966645436,16.188391027508874,0.24550912902824373,-0.9471332423457531,0.20655238756164004,14.526087378158271,0.29782060012428363,0.27646294164709956,0.913712827992167,13.250397955068104,83.64865621359067,73.01291869768869,71.64342713528615,24.472338438426323,7.05329113961073,133552.0,437557.39782599785, 0.0, 0.0,0.0,NaN, 100.22039826585358,100.22039826585358,0.0, 251.31507171922496, 4.750877399083691, -26.125251144352152, 4.750877399083691, 209.6522740513566, -11.859910982099738, -26.125251144352152, -11.859910982099738, 187.67691877451009, 7.61930650135593, 5.191157631661689, 17.0, 0.0
6, 0 ,1.0,1.0,1.0,42.80359188857139,12.117074584834555,25.540356980163168,15.978479018334097,7.9360477967741225,13.962992076389202,77.0,33.0,61.0,-0.9783177389723754,0.07091471752958514,-0.19459060730075817,16.087683491862037,0.19460245097348453,-0.006808662352917539,-0.9808585668648035,13.872968627985054,-0.07088220994785152,-0.9974591445040057,-0.0071391426828169855,7.873053753782331,80.64996231305439,68.657569496089,35.44853076622766,21.497084570108,7.150744652339432,72441.0,196286.68192345893, 0.0, 0.0,0.0,NaN, 51.296011635720646,51.296011635720646,0.0, 255.311791739343, -13.82827767158068, 12.565939165855763, -13.82827767158068, 62.98085463268341, -1.8447532136326836, 12.565939165855763, -1.8447532136326836, 194.96514772530767, 8.179024925306035, 5.219821260385131, 12.0, 0.0
7, 0 ,1.0,1.0,1.0,159.10301457914392,175.92942042516518,136.8100312410227,13.37793698731978,14.179948821221462,14.977365820493478,73.0,59.0,83.0,0.5456254943083924,-0.37411208130574225,0.7498886387869925,15.622742738016903,0.2639209186744095,-0.7725807203589148,-0.5774640934428363,14.698263840041065,-0.7953857986202536,-0.5129904298822605,0.32280373325355965,12.010519679028304,75.51172753262836,80.50983866462491,71.33241605600628,23.518795355838716,7.157366732270996,111392.0,433660.9295372615, 0.0, 0.0,0.0,NaN, 79.02485918584541,79.02485918584541,9.5367431640625E-7, 178.96919803669863, -35.012515255842104, 29.900575369050035, -35.012515255842104, 201.07094857245994, 4.02356062928172, 29.900575369050035, 4.02356062928172, 224.32148692088626, 7.729239298007458, 5.113977728733542, 22.0, 0.0
8, 0 ,1.0,1.0,1.0,89.18622726224847,122.98122797580494,78.76014622418846,13.675083263427425,12.030661093181621,12.41074683074992,74.0,57.0,63.0,0.9026243318703978,0.3462981996806033,0.2556303432957262,13.990740619767736,-0.3607709418964283,0.284754279093937,0.8881212349791305,12.40469881737174,-0.2347629506516768,0.8938638360710568,-0.38196046859021027,11.668503316977434,71.20242899627043,65.6784811069032,59.28491376183605,21.26166116857391,5.8062991526766465,91093.0,277243.9657837366, 0.0, 0.0,0.0,NaN, 141.73649851271165,141.73649851271165,0.0, 187.00790226167288, 16.804830762160897, 8.07049805641291, 16.804830762160897, 144.736806338994, 9.756862218210053, 8.07049805641291, 9.756862218210053, 154.0266368969692, 7.430072395721952, 5.0011222165537, 22.0, 0.0
9, 0 ,1.0,1.0,1.0,10.244374454521306,29.402857359693392,136.4661708344401,6.395837439929112,15.013696885737184,13.401229534403486,25.0,60.0,68.0,0.03189453733784283,0.9331095216165054,0.3581750398291608,15.270181884810851,0.09055801503604011,-0.3595812803124541,0.9287090764935965,13.157405390992082,-0.9953803214855801,-0.0028148743261649026,0.09596922465973458,6.294045785537998,72.2204714692424,64.35249531711469,28.40722060628803,20.01003260284282,6.74606396365443,52706.0,132024.4767329785, 0.0, 0.0,0.0,NaN, 70.75325206177786,70.75325206177786,0.0, 40.90673655799898, 1.413429158106278, 13.439052852662018, 1.413429158106278, 225.41109417679442, 20.109490279519104, 13.439052852662018, 20.109490279519104, 179.59295303376825, 7.39560743532115, 5.169529906545295, 10.0, 0.0
10, 0 ,1.0,1.0,1.0,73.74905569841407,60.79050653936538,50.84937928319205,13.316152875701405,12.132971637687046,12.049673520567204,66.0,60.0,59.0,-0.7932335472274346,0.19479154190367026,-0.5769200939088291,13.982508058832998,-0.48629090967922683,-0.7728678610000446,0.40767195218283775,13.077194078613127,0.3664719507906872,-0.6039300660142741,-0.7077900710293002,10.158741237829782,65.22772733964273,63.56592443974776,51.36703781207422,20.871050243757363,5.841474286924317,81277.0,212981.1346475723, 0.0, 0.0,0.0,NaN, 108.25926415418833,108.25926415418833,0.0, 177.3199274090508, 11.223361730586648, 28.800545540066356, 11.223361730586648, 147.20900076091826, -31.740057075741625, 28.800545540066356, -31.740057075741625, 145.19463195225845, 7.508309690197711, 5.0611458654686965, 16.0, 0.0
11, 0 ,1.0,1.0,1.0,172.37604524436568,39.59043411774701,16.702343531924704,14.999159427279176,13.004063357293882,10.846277269863537,67.0,69.0,50.0,0.9077064060338321,0.3028129350640004,0.2904710085414193,15.570926263934414,0.3377740072192422,-0.9380186551846194,-0.07765128828740409,12.787032670459027,-0.24895341028433232,-0.16859812835130633,0.9537278808047072,10.283979225374807,79.17110567646702,76.30471304770705,55.4828254039022,21.54453318236982,6.896032764856206,82397.0,335178.87782537634, 0.0, 0.0,0.0,NaN, 51.08281148714726,51.08281148714726,6.743495761743046E-7, 224.97478352493778, 19.275524580526177, 34.526292045381616, 19.275524580526177, 169.10566380051344, 16.22960771838643, 34.526292045381616, 16.22960771838643, 117.64173061475843, 7.73635297468075, 5.080276641454838, 13.0, 0.0
12, 0 ,1.0,1.0,1.0,159.41385435168738,10.724843617267743,41.95030504286045,13.412792998725816,6.968302059610534,13.200092908729037,60.0,29.0,62.0,-0.812575337104543,-0.08357747936973595,-0.5768328410134428,13.600731093637448,-0.5817469580839782,0.05526849927940055,0.8114899073601841,13.05773580519618,-0.03594159553325871,0.9949674356126453,-0.09353076382089143,6.871561087553576,67.77952886860118,69.26905323713763,30.70343641360227,19.10909091728384,6.1274257836942985,51796.0,144153.36450675558, 0.0, 0.0,0.0,NaN, 59.34716153608307,59.34716153608307,NaN, 179.90301602666827, 5.391869106113415, 6.3704776643224434, 5.391869106113415, 48.55723359397241, 12.170877045927265, 6.3704776643224434, 12.170877045927265, 174.24245279907862, 7.521293046644377, 5.065433182506102, 11.0, 0.0
13, 0 ,1.0,1.0,1.0,60.27593160269271,73.65787088429693,139.22831013025635,12.222311229220894,15.329024599348488,11.917375921775802,63.0,72.0,59.0,0.011314598685754684,0.9688991702289786,0.24719704243007593,15.537095855905617,-0.8857338144021478,0.12443913865548367,-0.44720298612073484,12.432985642536677,-0.4640555892144831,-0.2138908569814937,0.8595947367326767,11.419599651002185,70.27502334083792,60.28461679824686,53.94376421913735,22.07884002060202,6.237993199494895,98191.0,228532.91099383222, 0.0, 0.0,0.0,NaN, 112.92416996996057,112.92416996996057,1.3486991523486091E-6, 149.38489178393917, -1.4474275008823594, 9.884991143086646, -1.4474275008823594, 234.97899516743104, 25.23893076265453, 9.884991143086646, 25.23893076265453, 142.02384886092165, 8.058834144150046, 5.154628754888884, 18.0, 0.0
14, 0 ,1.0,1.0,1.0,41.31259372071228,55.11282802249297,176.79133083411435,13.24236887539194,12.188425356364922,12.45825418313923,62.0,57.0,49.0,0.7914976415902848,0.23882950947882425,0.5625761715173517,13.869140522616796,-0.50557265565538,0.7730593907470327,0.38311286617835405,12.361759581803563,-0.3434061344975994,-0.5876560590855258,0.7326203539415796,11.574108371573645,68.5068706888066,66.51772116590456,62.03760232703962,21.05418542175831,5.987271466831766,85360.0,282700.4480212753, 0.0, 0.0,0.0,NaN, 72.68284898805945,72.68284898805945,0.0, 175.36033343194916, 3.66970958148805, 22.349448446032408, 3.66970958148805, 148.5577126676794, 13.429389558770303, 22.349448446032408, 13.429389558770303, 155.20809729170614, 7.458712695726834, 4.90069129402984, 9.0, 0.0
15, 0 ,1.0,1.0,1.0,78.3873365138091,186.04332586895143,27.648671015480478,12.239750004695974,8.069170748382055,14.767718915172846,60.0,32.0,58.0,-0.21414077654374175,-0.011229934763644617,0.9767382537744939,14.884507184314304,-0.9767300699038481,-0.009741071776090068,-0.21425097914893534,12.098590563904953,-0.011920501955359522,0.999889493937134,0.008882654292210006,8.067469922388275,62.853401940433116,58.91779048294762,32.8131699288781,19.840701620376596,6.273362568250842,61626.0,121513.1916508709, 0.0, 0.0,0.0,NaN, 84.28411646005254,84.28411646005254,0.0, 149.81148017745508, 1.1497064795399627, -15.714467548429809, 1.1497064795399627, 65.11151656654462, -1.5465542402772854, -15.714467548429809, -1.5465542402772854, 218.08552195755388, 7.321955432064561, 4.911012357911345, 10.0, 0.0
16, 0 ,1.0,1.0,1.0,187.00076976216323,55.70581269120695,94.62992203690911,8.190125754423887,12.683590409258933,13.703327011608836,34.0,53.0,73.0,-0.15300084764881683,0.5478345009175061,0.822476808319366,14.670394051779088,-0.08817175135102677,-0.8365242799061938,0.5407891191500784,11.729426059231422,-0.9842847570101028,-0.010221972994097526,-0.1762924513008759,7.933025867647135,84.70005586820398,56.780989891293665,38.9691167102458,19.24534575750282,6.7342010219723205,50665.0,187416.23898301073, 0.0, 0.0,0.0,NaN, 110.57549321199349,110.57549321199349,0.0, 67.07815987327744, -7.25884785739603, -22.72313366149091, -7.25884785739603, 160.8734656698452, 34.84906716589607, -22.72313366149091, 34.84906716589607, 187.78117118708838, 8.010263669326699, 5.128555090008972, 11.0, 0.0
17, 0 ,1.0,1.0,1.0,183.63935736997712,18.944941333977948,176.812250134811,9.518988233532056,11.156032233469237,12.043666939178905,37.0,44.0,49.0,0.1295972684614324,0.43387648615413,0.8916029064386681,12.304065446480356,-0.20604664921416918,-0.8677743918587986,0.4522304536203929,10.979677083880212,-0.9699223300630568,0.2423196228055793,0.02306239468080464,9.390142179362424,65.63024771242797,57.34203161494334,43.32854558179443,18.212990366303764,5.329642337258115,53779.0,163061.42394414372, 0.0, 3.552713678800501E-15,0.0,64.28617552627729, 34.12115433606783,34.12115433606783,0.0, 90.61113699012175, 9.343891429228908, 4.287428017714356, 9.343891429228908, 124.4570551942046, 11.74810005111997, 4.287428017714356, 11.74810005111997, 145.049913341871, 8.087542772866096, 5.207431218657201, 5.0, 0.0
18, 0 ,1.0,1.0,1.0,184.77131461721746,14.48396871438931,97.17528229565939,8.456849461190027,8.615263000558148,13.46068676923937,35.0,31.0,63.0,-0.22078400120784733,-0.11199095865135363,0.9688717407330055,13.749973812838629,0.5312620472675031,-0.8468906219775365,0.023171351700795477,8.79741354186862,0.8179334092356139,0.519840648263342,0.2464764460741715,7.77655983048999,65.40346679601546,41.20723100899721,42.669371769346355,17.169222144488653,5.670005170261686,38612.0,114998.04315302407, 0.0, 0.0,0.0,NaN, 99.42199805600507,99.42199805600507,0.0, 71.51830280923004, -4.433066307156916, -27.297919230532468, -4.433066307156916, 74.22275656878617, -14.28432871280912, -27.297919230532468, -14.28432871280912, 181.19008829957585, 7.9094336296651795, 5.357770531253297, 7.0, 0.0
19, 0 ,1.0,1.0,1.0,102.40572070385623,90.30181954324223,15.731995507300637,13.70528990542927,11.650415963461702,9.568824795191132,63.0,54.0,38.0,-0.9705565578416023,-0.2104394284732753,0.11719733347863076,13.85449354821616,-0.20432574160827682,0.9769325680479497,0.06207856959906368,11.54066481091729,0.1275576706705162,-0.03630433074826385,0.9911665027743991,9.486602959916763,62.07104030138014,52.6305588577335,41.22893241604309,19.576225837430037,5.648092902610515,66775.0,134688.05923275356, 0.0, 0.0,-1.7763568394002505E-15,83.2696198320305, 133.8900954021459,133.8900954021459,0.0, 187.83497139186144, 12.20136435693719, -12.144473564713953, 12.20136435693719, 135.73219212168325, 0.1049848378264568, -12.144473564713953, 0.1049848378264568, 91.56240796106462, 8.114679288391047, 5.1131399750436115, 15.0, 0.0
20, 0 ,1.0,1.0,1.0,78.10561206688317,119.16193402936203,128.8108644891167,11.434438385137668,10.847822771938265,14.084847125355378,62.0,52.0,66.0,-0.36952996662937715,0.1649382566865707,0.9144632169989594,14.642558402058304,0.9103873439568996,0.2613849029630107,0.3207379248952631,10.845775099055505,0.18612492505302236,-0.9510380139532868,0.24674725589111282,10.71303899752741,66.912199204302,56.541534637206084,49.21789132283762,20.295070374183787,5.908864283977866,74518.0,186206.95527632447, 0.0, 0.0,0.0,NaN, 133.05326963664803,133.05326963664803,0.0, 130.7463811835097, -5.3917767628100695, -32.83333561729168, -5.3917767628100695, 117.67525889138238, 15.267899007083, -32.83333561729168, 15.267899007083, 198.38291854463165, 6.959404999928607, 4.582239943817424, 14.0, 0.0
21, 0 ,1.0,1.0,1.0,182.49798741425252,147.96609785135212,36.835492374851185,10.441114699024583,14.066429276593329,11.748077006035958,43.0,66.0,53.0,0.06706701049411823,-0.9795327097022288,0.18978326250434224,14.15156629389967,0.36490453722148947,0.20111448659606987,0.9090641572498444,11.87580617892116,-0.9286262406472003,0.008284558202429917,0.3709240775102612,10.178262185727037,65.47146561467576,56.38414810886677,48.58570412128907,20.20130838480167,6.066775225221514,70556.0,179356.6927750657, 0.0, 0.0,0.0,NaN, 66.11127676776819,66.11127676776819,0.0, 109.0168761581872, -3.603191990831515, 13.649344349413841, -3.603191990831515, 197.86443259340192, -11.126218921698353, 13.649344349413841, -11.126218921698353, 138.0173133397508, 7.747862658994736, 5.212855356719712, 14.0, 0.0
22, 0 ,1.0,1.0,1.0,19.14651605879151,84.9748775176919,25.45830157866086,11.406625852480623,11.229666572137774,13.869084332364894,45.0,51.0,58.0,-0.1323051741544255,-0.3458898628642616,0.9289001795993526,14.312313123015917,0.9526973210887963,-0.3030608884448631,0.022845399651602726,11.40277412725609,0.27361132155340046,0.8879832772427372,0.36962486936764594,10.663135568379621,66.02389922629685,51.53984752266483,51.849997020280604,20.319629739328906,5.973330070799681,73480.0,176438.3689522874, 0.0, 0.0,-3.552713678800501E-15,21.735982951501708, 90.7493471359786,90.7493471359786,0.0, 130.1111133384793, -0.541392642290021, -10.845714137123785, -0.541392642290021, 126.10541132138852, -29.395971356637606, -10.845714137123785, -29.395971356637606, 192.35150021824938, 8.026665135118938, 4.927117283738296, 11.0, 0.0
23, 0 ,1.0,1.0,1.0,41.1839719153152,174.3391914884452,187.0356658267106,11.703786756914344,13.34018292857745,7.108394942493612,55.0,60.0,30.0,-0.18564871835234534,-0.9806422275893285,0.06225250872672432,13.426113021576397,0.9760139117318484,-0.17669907343239266,0.1271781488858431,11.688133221232889,-0.11371630261324636,0.08436977490057172,0.9899244130756649,6.971041142632169,63.329208553652535,56.05551032421205,31.950039595110184,18.216894296262637,5.797684527161142,46431.0,113421.07833042026, 0.0, 0.0,0.0,NaN, 50.22619432870535,50.22619432870535,0.0, 136.97862445132358, 8.790799817055397, 9.403681646060535, 8.790799817055397, 177.96048056790923, -10.01575889179357, 9.403681646060535, -10.01575889179357, 50.52927865846876, 7.435144154655282, 4.892210844101647, 9.0, 0.0
24, 0 ,1.0,1.0,1.0,65.62779846349625,188.6265494650516,74.72357072159117,13.612737708289684,6.72880935739468,11.300354552921744,69.0,26.0,49.0,0.9773821218763448,-0.03189094402670518,0.20906256366355846,13.723443958401177,-0.20487870990263218,0.10229697731185261,0.9734269580515486,11.210261740792445,0.05242997296515664,0.9942425740843851,-0.09344946127682639,6.654219257594433,70.43417299719906,49.999832469186714,28.854027083959522,17.993818661096483,5.874011090913586,42434.0,101615.1362904043, 0.0, 0.0,0.0,NaN, 100.09982682113309,100.09982682113309,0.0, 185.30662791469186, -6.195957905193258, 13.202952254720586, -6.195957905193258, 45.27687536816221, 7.144398954259635, 13.202952254720586, 7.144398954259635, 127.69801302173919, 6.945787643109611, 4.726493295858382, 10.0, 0.0
25, 0 ,1.0,1.0,1.0,151.8161507600574,186.85244212153557,10.461113769369502,13.230681326974667,7.7226468383512294,6.721414598947794,65.0,30.0,25.0,-0.9980537035569381,-0.059790425170296146,-0.017717501918574546,13.248160088116755,0.0552082020595134,-0.9792885056550039,0.19479752851960416,7.732772806600797,-0.02899757303009058,0.1934402433568188,0.9806834417937419,6.675185074432497,65.17244285705246,35.01209528360556,29.291157525548,15.712498088377925,5.743258709088983,27169.0,66837.25976139893, 0.0, 0.0,0.0,NaN, 51.02917309775635,51.02917309775635,6.743495761743046E-7, 175.05092837595615, 6.99083324366264, 2.479563593728089, 6.99083324366264, 59.639274189896234, -2.7680589973351326, 2.479563593728089, -2.7680589973351326, 45.17741421094853, 7.68886459472011, 5.0770344270402745, 5.0, 0.0
26, 0 ,1.0,1.0,1.0,113.97933473634981,83.69349935695078,64.77841108383024,11.311912001998753,12.238487450207627,11.194101464108034,54.0,54.0,55.0,0.40835333321369294,-0.8984927984751103,0.16111563034551207,12.531263717264117,0.5749055815425785,0.1160491067902855,-0.8099482558314247,11.278306455801674,-0.7090353500104606,-0.4233713451587649,-0.563937564393437,10.900232517520026,59.51510151080114,52.20701141104546,50.324231039049806,19.363836459747073,5.2999691847010935,68424.0,156362.69925703798, 0.0, 0.0,0.0,NaN, 136.38328060857964,136.38328060857964,0.0, 127.95935314096343, -13.462665028488118, -1.390072587505318, -13.462665028488118, 149.78057506888956, -6.320562415963992, -1.390072587505318, -6.320562415963992, 125.30790758874562, 6.9676157497379165, 4.510544105014507, 15.0, 0.0
27, 0 ,1.0,1.0,1.0,52.58143585318697,83.75033155968873,75.01931834523752,11.769670259250951,11.392355129937782,10.981974708651867,60.0,56.0,55.0,-0.6353937499204078,-0.700701886988925,0.324486745695787,12.992269066520251,-0.6342828940494585,0.23393509222169923,-0.7368579123165265,11.52671250835896,0.4404088928238469,-0.6740113042059347,-0.5930841162299738,9.340797887352414,60.81714357765286,53.783318305664054,45.85052060246889,18.985094897092115,5.336743732653603,62583.0,149974.65910277024, 7.105427357601002E-15, 0.0,0.0,50.55080571659278, 124.1242263126933,124.1242263126933,0.0, 138.52513801149635, 29.53883538989964, 4.505761054175956, 29.53883538989964, 129.7857554066197, -26.404473273181164, 4.505761054175956, -26.404473273181164, 120.60376850146926, 6.992495564458362, 4.515020324530148, 14.0, 0.0
28, 0 ,1.0,1.0,1.0,102.60849832180565,21.085431642456278,103.36808848908154,11.616214464839757,12.566711759615954,11.496436552991627,56.0,51.0,58.0,-0.00539958313951926,-0.9905816772624011,0.1368166114692498,12.587274795830336,0.7605882745084805,0.08475728777455313,0.643678241708786,11.98964237223365,-0.6492120771998406,0.1075367046227,0.7529671546467073,11.08312795918093,54.0273653940462,56.63105446351355,53.61676580556443,19.867375827731287,5.505825467541773,73591.0,164047.28673314524, 0.0, 0.0,0.0,NaN, 138.8071552512204,138.8071552512204,0.0, 134.93643849315242, 1.5387801640256122, 10.2135315114475, 1.5387801640256122, 157.92224444926993, -3.684216444006133, 10.2135315114475, -3.684216444006133, 132.168053416962, 7.364870902601958, 4.791161976677036, 15.0, 0.0
29, 0 ,1.0,1.0,1.0,143.15593081632332,72.82367290410916,113.30260776506508,12.68688193580443,9.991917250302397,11.56218136813082,59.0,47.0,57.0,-0.8519091717338254,0.27649696484991415,0.4447473344996831,13.113033406444409,0.5166107208480631,0.30454626644959487,0.800228051680555,11.533895892449326,0.08581448724214626,0.91148285777649,-0.40228705392911923,9.460286570875972,60.687673475094954,58.17908773108195,44.46309964349797,19.125688756021987,5.356066764639037,63541.0,156988.24376686773, 0.0, 0.0,0.0,NaN, 126.69243606838357,126.69243606838357,0.0, 160.95697325304073, -12.572967865376938, -13.24364170749997, -12.572967865376938, 99.8384103368906, 20.749003279769187, -13.24364170749997, 20.749003279769187, 133.6840379895515, 6.72133322546323, 4.556880058631102, 16.0, 0.0
30, 0 ,1.0,1.0,1.0,137.55298086670047,140.73523821591485,18.69817536746072,10.330642171987199,13.157154601732493,10.82005663858192,47.0,64.0,44.0,-0.26497902954086405,-0.9615556830000539,0.07208871197268732,13.378399327549696,-0.14722861612506183,-0.03353900942278071,-0.9885336966643266,10.818316183234362,-0.9529479778547625,0.27255422091253295,0.1326813783666763,10.044350499352303,66.19034589506654,46.822056657816134,53.32726840075395,19.13622014408603,5.541803782048578,63136.0,165270.17045822565, 0.0, 0.0,0.0,NaN, 88.09973864905248,88.09973864905248,0.0, 106.7221676856404, 19.97710700975308, 0.8583154364521132, 19.97710700975308, 173.11071721389052, -4.877824071172091, 0.8583154364521132, -4.877824071172091, 117.07362566212069, 7.545492964906706, 4.71406586914759, 9.0, 0.0
31, 0 ,1.0,1.0,1.0,181.55240355428003,94.46604853100797,77.57933660798058,9.920691059053881,9.857546895623093,13.257519279463635,38.0,51.0,66.0,-0.16924373744270355,-0.15182398639619146,0.9738100607876231,13.398500754715766,-0.700465365013716,-0.6765506655751411,-0.22721678926970848,10.336865189008904,-0.6933288034927056,0.7205752383093681,-0.008154519162439769,9.218598316668704,68.15346308389437,53.42154722381332,48.170785764045384,18.467051581254186,5.50646576574186,54357.0,175383.2530824416, 2.8421709430404007E-14, 1.4210854715202004E-14,0.0,78.2085601325794, 123.62322438854784,123.62322438854784,0.0, 98.42011108919161, 12.792519100749137, -12.100313489115145, 12.792519100749137, 97.17123079940849, -10.61545586198589, -12.100313489115145, -10.61545586198589, 175.76181744534998, 7.33152150482486, 4.693844376416332, 10.0, 0.0
32, 0 ,1.0,1.0,1.0,58.41039744499645,11.570794889992904,108.80192068843151,11.811165795862975,7.114825518904953,12.429226501883203,57.0,29.0,61.0,-0.24732049265246142,0.011797877869442093,0.9688619014038694,12.473356150135231,0.9667435948809431,0.0701978622653671,0.24592495174350149,11.783734393009594,0.06511064176319188,-0.9974633177270982,0.028766892742091012,7.0830107414733465,62.83397913116185,61.14697947458852,30.893368647165673,17.75303579987774,5.425842878783193,45088.0,118695.65982222282, 7.105427357601002E-15, 0.0,0.0,75.68099079117898, 108.91624072739506,108.91624072739506,0.0, 139.50363745736345, 5.711032011966869, -4.174519615390693, 5.711032011966869, 50.62074216446114, 2.736000025783475, -4.174519615390693, 2.736000025783475, 154.48567143511576, 6.903049130950485, 4.591404100333203, 13.0, 0.0
33, 0 ,1.0,1.0,1.0,55.94661460367044,149.4771573604061,22.715767278406872,11.516399883737979,10.7460108324507,12.580642818551176,53.0,49.0,58.0,-0.6093927754063493,-0.06736372041074377,0.7900016294001992,13.89938073713948,-0.32848770830812196,-0.8853975368688214,-0.3288875601130309,11.019414038498239,0.7216205864393177,-0.4599275278552563,0.5174267081896022,9.578962271219945,68.4287523322379,53.626276332483144,51.93278080025903,19.346939286986824,5.6632790013386,64025.0,190571.4512701163, 0.0, 0.0,0.0,NaN, 78.7311081913848,78.7311081913848,0.0, 132.62746628216013, 12.793626300005823, -45.628059468057764, 12.793626300005823, 115.47674881114781, 3.241894723071805, -45.628059468057764, 3.241894723071805, 158.2725737279633, 7.200824764325534, 4.581014657257341, 13.0, 0.0
34, 0 ,1.0,1.0,1.0,31.801483956562333,39.92950387368352,104.21107889866182,10.09183097473141,11.752639037353505,11.622849896230171,53.0,56.0,55.0,-0.19068132601386256,-0.847628087049096,0.4951436740533862,11.960668234366898,-0.16015220182082543,-0.4707788872494638,-0.8675935174792966,11.51503201288123,-0.9684998214566365,0.2447322319712864,0.04598076198602849,9.970289344091212,60.07505870423775,58.59507474955551,49.233194899610766,18.675282679994556,5.1277707922127425,61053.0,173305.89517459503, 0.0, 0.0,0.0,NaN, 108.5413150242634,108.5413150242634,0.0, 101.84505242254832, 9.557508835749966, 0.49026708354676946, 9.557508835749966, 138.12452434232551, -4.764196950520964, 0.49026708354676946, -4.764196950520964, 135.0906397102977, 6.946089358041225, 4.475845471478224, 10.0, 0.0
35, 0 ,1.0,1.0,1.0,25.716270375355165,180.89970091221772,100.58171078211456,11.488881757384636,11.532670411724444,12.43010609347164,52.0,45.0,60.0,0.4506051575711697,-0.047361568012415395,-0.8914661372400339,12.705942493428548,-0.5178189748495471,0.7995713637008972,-0.304218907425643,11.954503904966646,-0.7271990795208871,-0.5987006900153807,-0.33576626173438173,10.730950102177102,63.275163185986756,62.60918147875978,55.51838685394017,19.66141766451629,5.738735381336812,66870.0,219941.98418714033, 0.0, 0.0,0.0,NaN, 104.45163578552624,104.45163578552624,0.0, 131.9944040351655, -12.480110282525738, -14.221178425765542, -12.480110282525738, 133.00248682546447, -4.797389947425628, -14.221178425765542, -4.797389947425628, 154.5075374949608, 6.984015951899379, 4.703916958967204, 13.0, 0.0
36, 0 ,1.0,1.0,1.0,90.65936503924625,74.8167010685651,100.49462909136864,11.726778237686053,12.75734557515581,10.56449617117752,56.0,56.0,52.0,0.1413591601917609,0.9800902942523856,0.13942956265495782,12.806830689847386,-0.9521632026832263,0.17315280415733728,-0.25180020228044303,11.801515203598763,-0.27092955410198666,-0.09716543379578722,0.9576826484746263,10.420417452839864,58.81008564478317,55.257248010745386,50.20213114534697,19.58174396616927,5.3320799463275685,71217.0,163141.036645794, 0.0, 0.0,0.0,NaN, 154.00642216403392,154.00642216403392,0.0, 137.51732783586723, 2.6195480183427637, 8.45073798569891, 2.6195480183427637, 162.74986612394753, 6.236571157992176, 8.45073798569891, 6.236571157992176, 111.6085793508245, 6.820039998075686, 4.447697722622817, 7.0, 0.0
37, 0 ,1.0,1.0,1.0,9.339909365558912,97.06280966767372,109.11154078549849,6.226065178351437,11.74580521471465,12.507136562682618,25.0,52.0,59.0,0.19173932936548926,0.3673450751990691,0.9101063813101543,12.841636370110221,-0.0037544305321892003,0.9275795789218771,-0.3736067839567326,11.588822005650545,0.9814387060972538,-0.06821818301672984,-0.17923265796178026,5.826480292930095,62.690975295535594,53.87202973807831,29.56156731283506,17.38204262189749,5.569639758119024,33100.0,99837.9881954161, 0.0, 0.0,0.0,NaN, 133.30091877375045,133.30091877375045,0.0, 38.76388760508031, 8.874602067341693, 22.99365723934609, 8.874602067341693, 137.9639401420179, 9.005562136161481, 22.99365723934609, 9.005562136161481, 156.42846499759239, 7.007754052176036, 4.709822464250943, 9.0, 0.0
38, 0 ,1.0,1.0,1.0,189.1454417660228,32.23829853699172,134.43861612953611,6.509878546277372,12.531807415317754,11.239356345791538,25.0,61.0,52.0,0.0733134918212302,0.9780048607014936,-0.19527320441174406,12.61066839185728,-0.030113765579580586,-0.19353997988942823,-0.9806301225778339,11.182430668942622,-0.9968541984862164,0.07777382997289081,0.015262317378150482,6.455395719433717,62.85598126520024,52.81211010337903,26.70324735298655,17.182345305346175,5.524025403400118,38414.0,88642.95175968786, 0.0, 0.0,0.0,NaN, 73.86084471508111,73.86084471508111,0.0, 42.378518687282394, 8.900521322273837, 0.7819922862571144, 8.900521322273837, 157.04619709461304, -6.5888241799805485, 0.7819922862571144, -6.5888241799805485, 126.32313106768451, 7.852651638024867, 4.818580162673066, 3.0, 0.0
39, 0 ,1.0,1.0,1.0,10.253665902029676,135.30328987485117,118.42222480327536,6.700483781229581,10.558441171088251,12.935463362727727,27.0,49.0,62.0,-0.11352083348221392,-0.003946043663509258,0.9935277797348745,12.998583654627783,0.24058301285218028,-0.9703407616182574,0.02363514901725193,10.769994380398291,0.9639672371468188,0.24170898841686822,0.11110324309408415,6.224742508261375,62.052805677491094,53.17464721096377,31.475144556221174,17.12935502110977,5.503505413380662,34439.0,103856.52166771889, 0.0, 0.0,0.0,NaN, 104.62186851464337,104.62186851464337,0.0, 44.89648290252066, -17.974405190240674, -14.247293936566464, -17.974405190240674, 111.48067996333145, -2.2820679482625246, -14.247293936566464, -2.2820679482625246, 167.32621240847132, 7.516372090875072, 4.941200419120517, 11.0, 0.0
40, 0 ,1.0,1.0,1.0,135.98290118146866,41.123694327897056,38.08398434071239,10.438453634870974,10.895684756448812,12.231919814474745,52.0,49.0,65.0,0.270133139959752,0.4747253551798621,0.8376538210053359,13.133504352164918,0.7493361849972051,-0.6499558589868059,0.126699105058235,10.476975623357067,0.6045852864148443,0.5934586915009987,-0.5313035035952647,9.748905998431251,67.79737979412143,50.88787554717201,53.26685181872545,18.62224055620801,5.523520581452597,56963.0,183774.0811655481, 0.0, 0.0,0.0,NaN, 85.08664430790266,85.08664430790266,0.0, 108.96131428735106, 2.759817395070058, 18.922806045114548, 2.759817395070058, 118.71594631191103, 29.5848752055778, 18.922806045114548, 29.5848752055778, 149.61986234773988, 6.890410537213846, 4.454934978053465, 12.0, 0.0
41, 0 ,1.0,1.0,1.0,18.461058088841757,130.79846487905874,16.98766180208386,10.936072103104486,13.2591660504792,9.731281501202142,44.0,55.0,42.0,-0.2112259251014435,0.9614600453485218,0.17600622080897524,13.451209618533486,0.9455051691513414,0.246636097132033,-0.2125808333306931,10.88693764558555,-0.24779746502563915,0.12151220839856719,-0.9611613805896333,9.520532839790208,64.68660603179863,49.79390222188589,48.00276891827436,18.918463374917117,5.673864695779162,59409.0,154616.84840073317, 0.0, 0.0,0.0,NaN, 73.60872083086647,73.60872083086647,0.0, 119.59767304430017, -11.834852488718909, -8.961639556647677, -11.834852488718909, 175.80548435418018, 13.817894170181917, -8.961639556647677, 13.817894170181917, 94.69783965563903, 7.027768658545541, 4.46293481670786, 9.0, 0.0
42, 0 ,1.0,1.0,1.0,98.9376184556441,133.08333163504452,18.099655587030508,9.801286411024911,11.189270983319455,10.528873361782754,43.0,53.0,44.0,0.34127720519867116,-0.8175230200152391,0.4638814298470544,11.464351101619132,-0.36529437344057747,-0.5700713063409162,-0.7359203261355253,10.637567416224554,0.8660773002131162,0.0816995558857278,-0.4931889015616985,9.355906583631361,64.88538375635378,55.94861275152036,47.963690012527124,17.535078383728315,4.964191857097577,49069.0,174120.0518021824, 0.0, 0.0,0.0,NaN, 120.80600309218562,120.80600309218562,2.3360154559928683E-6, 96.06521531094157, -6.911510767799004, 13.838310251928897, -6.911510767799004, 125.19978513815471, -5.8974197904046886, 13.838310251928897, -5.8974197904046886, 110.85717426845846, 7.276667748775871, 4.6409948140289385, 9.0, 0.0
43, 0 ,1.0,1.0,1.0,145.82513489357476,103.46092224171605,82.94971697176338,9.501882356489538,12.872255528289896,11.118378757305265,45.0,62.0,49.0,-0.1188927000279776,0.9576595821428041,0.2622072665090096,13.051698131421999,0.04267504462879396,-0.2589077385200072,0.964958871403536,10.962292017388966,-0.991989599968663,-0.12591627243738254,0.010085925316355077,9.438241706206696,63.9414909919343,49.47805529495797,46.180785043787495,18.756354171243974,5.27240505802575,60418.0,146102.17859565723, 0.0, 0.0,0.0,NaN, 138.33063684309062,138.33063684309062,0.0, 90.2857683165672, -9.596417566226503, -1.2531073553132628, -9.596417566226503, 165.69496238558978, 12.638688499624642, -1.2531073553132628, 12.638688499624642, 123.61834619089699, 7.533832967824924, 4.497922991954221, 12.0, 0.0
44, 0 ,1.0,1.0,1.0,124.55305711237915,73.85692273827867,165.9408049577541,10.297865320803105,9.91161690302723,13.222216960621779,48.0,46.0,64.0,-0.08931998259101932,-0.024930324736141086,0.9956909257487941,13.243269069480409,-0.8082439555546288,-0.5823724573586977,-0.08708633198958107,10.644034235764995,-0.5820340617346609,0.8125397219942805,-0.03186771347476791,9.509656181625857,64.33493011767735,51.801152753821526,46.98772144293561,18.71686604328328,5.365829541584335,59059.0,156592.38668597525, 0.0, 0.0,0.0,NaN, 110.9374372986042,110.9374372986042,0.0, 106.04603016539924, 10.95024183612321, -5.945910231042196, 10.95024183612321, 98.24014963237511, -0.9492405578654659, -5.945910231042196, -0.9492405578654659, 174.82702135375425, 7.281674286830469, 4.568264460221725, 15.0, 0.0
45, 0 ,1.0,1.0,1.0,179.19077824267782,82.95442677824268,20.593221757322176,11.410961711300004,10.711336741832422,11.253925957321956,50.0,51.0,45.0,-0.9357798830968495,-0.351199405115118,0.03122480164923599,11.521441229095073,-0.0379363605158361,0.012244043063959487,-0.9992051420805743,11.254056614277829,-0.3505379336706078,0.9362206263783316,0.02478095643241901,10.592272331927012,60.0721219459185,46.50496966906325,54.64601677567866,18.560431695960173,5.206150851273946,59750.0,152661.9654812241, 0.0, 0.0,0.0,NaN, 87.96897984288827,87.96897984288827,0.0, 130.2100471767547, 6.746083500498938, -0.05235372069830098, 6.746083500498938, 114.73273479692922, -0.4022034670262198, -0.05235372069830098, -0.4022034670262198, 126.65084945288491, 7.003840527898597, 4.405705294947777, 9.0, 0.0
46, 0 ,1.0,1.0,1.0,34.642360195533556,148.94892598527414,130.05056692562016,10.07785567901607,11.669077414828513,10.25123338828536,47.0,56.0,54.0,-0.40794511775984654,0.9082394184498463,-0.09317692670285778,12.12248905617196,-0.5351535740168035,-0.15518056297830635,0.8303792176414208,10.737304363236976,0.7397238897811445,0.38861311306699475,0.549352723884603,8.976295609862515,61.619924681177395,54.27872060154299,48.52189401951085,17.79535383868871,5.113092072052903,49301.0,162288.785597142, 0.0, 0.0,0.0,NaN, 93.26965457961796,93.26965457961796,0.0, 101.56317508707644, -21.711903146541562, -12.903823532331236, -21.711903146541562, 136.1673677132609, -10.091046276572293, -12.903823532331236, -10.091046276572293, 105.08778598109654, 6.863846646043433, 4.352413833914053, 9.0, 0.0
48, 0 ,1.0,1.0,1.0,142.2059141893482,37.13759510549847,127.73604204251313,12.632043296713531,9.90039669841248,12.015998854174422,60.0,50.0,63.0,-0.9750258412444072,0.16141994065834864,-0.15253921352718186,12.730031306696892,0.1281774510733388,-0.15189976649122333,-0.9800494895546108,12.03281896291971,-0.1813702013616841,-0.9751256655927827,0.1274158010619375,9.753367205002583,56.73937062890417,62.58334949463418,49.138530682824936,19.278254500025625,5.506314968446765,63745.0,174487.96737031755, 0.0, 0.0,1.4210854715202004E-14,81.22589351331662, 99.70675475909522,99.70675475909522,0.0, 159.56851785004525, -11.500212932069537, 3.7154398329276277, -11.500212932069537, 98.01785478593675, 5.745033731980911, 3.7154398329276277, 5.745033731980911, 144.384228463521, 6.799897726449006, 4.553181293694768, 10.0, 0.0
49, 0 ,1.0,1.0,1.0,149.1588892403483,114.04917841743386,129.91704263572345,11.934252520520477,10.791054001842499,10.642680394034741,57.0,57.0,52.0,-0.9941850151331205,-0.043566325131410816,0.09847908914740051,11.949419931067993,-0.009052624132768255,-0.8774571969611179,-0.47956951268554243,10.85571368613047,0.10730426683533266,-0.4776723174056479,0.8719604070731938,10.559579505811605,57.36742649509735,53.98949915754625,54.73711066520542,18.592664780684316,5.143218060409722,60067.0,169533.89334184513, 0.0, -1.4210854715202004E-14,0.0,87.50304313492194, 121.99993109389978,121.99993109389978,0.0, 142.42638322354938, 1.4053746846689974, -3.0353647579427254, 1.4053746846689974, 116.44684647068101, 2.534420830973282, -3.0353647579427254, 2.534420830973282, 113.26664596957148, 6.515875621330947, 4.3776266979876635, 14.0, 0.0
50, 0 ,1.0,1.0,1.0,10.639696284048386,168.0721434165869,161.35384213732488,6.653811993177869,15.121339908979616,10.643662600455267,27.0,66.0,58.0,-0.028009945236335865,-0.9996076403020029,9.174812752523818E-5,15.12613057979547,0.05423784321241386,-0.0014281463805050818,0.9985270235509811,10.653278723528947,0.9981351107598225,-0.027973663467220182,-0.054256564770538446,6.627481750828842,66.70227108794941,57.81751685057611,28.490811712221014,18.63537252501328,6.240078452211716,45964.0,109876.51577387696, 0.0, 0.0,0.0,NaN, 51.245650357611765,51.245650357611765,0.0, 44.27321404055765, 5.170954815118245, 3.767230433300691, 5.170954815118245, 228.65492064289964, -0.1161635307495986, 3.767230433300691, -0.1161635307495986, 113.28755355233018, 7.977054753858597, 4.77331369566005, 8.0, 0.0
