// Sample: .//bubblelabels.tif, Map: .//bubblelabels.tif, Thickness:(8.191250068658265):/gpfs/home/mader/Foam/NewValid/InSilicoTest/LatticeData_Phi_6.65/out_Step_03000.vtk/distmap.tif, Neighbors:(1.0):
//LACUNA_NUMBER, TRIANGLES, SCALE_X, SCALE_Y, SCALE_Z, POS_X, POS_Y, POS_Z , STD_X, STD_Y, STD_Z,PROJ_X, PROJ_Y, PROJ_Z, PCA1_X, PCA1_Y, PCA1_Z, PCA1_S, PCA2_X, PCA2_Y, PCA2_Z, PCA2_S, PCA3_X, PCA3_Y, PCA3_Z, PCA3_S,PROJ_PCA1, PROJ_PCA2, PROJ_PCA3,OBJ_RADIUS, OBJ_RADIUS_STD, VOLUME, VOLUME_BOX, Mask_Grad_X,Mask_Grad_Y,Mask_Grad_Z,Mask_Angle, Mask_Distance_Mean,Mask_Distance_COV, Mask_Distance_STD, SHAPET_XX, SHAPET_XY, SHAPET_XZ, SHAPET_YX, SHAPET_YY, SHAPET_YZ, SHAPET_ZX, SHAPET_ZY, SHAPET_ZZ, Thickness, Thickness_STD, Neighbors, Neighbors_STD
1, 0 ,1.0,1.0,1.0,160.23327177593106,182.15941828254847,184.4529701446599,18.783180784139326,11.281240325751119,9.266907863998224,73.0,53.0,41.0,0.9831552168966656,0.1520743298021362,0.10138647692913022,19.02792408469715,0.08984900726579317,-0.8851923971304057,0.4564664017820776,11.604008573906563,0.1591633606777054,-0.43966784994784053,-0.8839452507593566,8.320753274827414,75.93779992763598,65.3607724991793,46.09528586386102,22.365602805173303,8.107382819261323,64980.0,228787.1876008049, 0.0, -2.8421709430404007E-14,0.0,81.25284381090654, 46.27514632053435,46.27514632053435,0.0, 352.8078803696608, 38.578401626240826, 31.87158938976998, 38.578401626240826, 127.2663832873532, -21.917979651100783, 31.87158938976998, -21.917979651100783, 85.87558135983211, 9.409572562175866, 6.220310089084912, 11.0, 0.0
2, 0 ,1.0,1.0,1.0,184.08322669474367,35.44626224993926,15.553996922329311,9.675541703318455,15.918038164728843,10.27761704011635,43.0,72.0,47.0,-0.011471740908949537,0.9998141066686704,0.015496814732300137,15.920042260806941,0.5992576035831443,-0.005532276249713203,0.800537143714946,10.994371289545988,0.8004740618585372,0.01847013876033867,-0.5990827407511158,8.849040210748084,72.10716860474042,63.47077457617367,43.019251643612265,20.163096172568356,6.788152254146926,61735.0,196886.1162408285, 0.0, 0.0,0.0,NaN, 41.85341085505719,41.85341085505719,0.0, 93.61610725265457, -2.1499456619452224, 20.39121347393009, -2.1499456619452224, 253.383939013764, 2.525105447312363, 20.39121347393009, 2.525105447312363, 105.62941202328997, 8.369187820611371, 5.862240339746515, 13.0, 0.0
3, 0 ,1.0,1.0,1.0,170.81145925641806,186.90277355271337,79.03781395902496,16.302097214339078,7.646899087027418,15.611516766056738,65.0,33.0,64.0,-0.8704326027902026,-0.022014599317533516,0.4917951213836527,16.626389446065083,0.49085916765165033,0.03723575191044492,0.8704428621753372,15.27710080583986,0.037474811970205954,-0.9990639900409543,0.021605144555069736,7.624057969729517,73.67962403214419,77.93020103253903,33.977869645416405,22.687518872295886,7.295846927462223,75607.0,195096.43946323125, 0.0, 0.0,0.0,NaN, 85.26713485729826,85.26713485729826,0.0, 265.75837358576194, 7.386697488247458, -18.569232505113046, 7.386697488247458, 58.475065647180756, 3.3169940668561524, -18.569232505113046, 3.3169940668561524, 243.71945573687063, 8.365096825285097, 5.58138023894226, 12.0, 0.0
4, 0 ,1.0,1.0,1.0,55.49351829998514,79.13082282187781,30.36397171303945,13.487973427419165,13.927302535087565,15.03455547227404,68.0,69.0,66.0,0.08703800494152748,0.5936052359602124,0.8000357551612423,16.385553040435447,0.9599850745680376,-0.2645583836431721,0.09185596469860408,13.553112212799975,0.26618234784147066,0.7600274241662155,-0.5928788006100991,12.237640386848934,79.30584051637022,66.64497789658387,71.83346681480444,23.5497399015243,6.880609849572471,114399.0,379664.0073194544, 7.105427357601002E-15, 0.0,-3.552713678800501E-15,72.6828822810014, 101.307395939134,101.307395939134,0.0, 181.9254271787655, -2.482364311554993, 11.259039720847522, -2.482364311554993, 193.9697559038565, 55.55939124767468, 11.259039720847522, 55.55939124767468, 226.03785824888524, 8.26684265770925, 5.322844804589722, 23.0, 0.0
5, 0 ,1.0,1.0,1.0,13.760021170939773,107.00831270723393,138.54748672924546,8.101496679811005,15.305839030671459,12.420606624340053,33.0,76.0,62.0,0.008381623017410028,0.998511264687794,-0.053898076841169595,15.313886799933275,-0.009827949057714148,-0.05381510953808316,-0.9985025515253944,12.41150496511051,-0.9999165764267103,0.008898779522311741,0.009362259882116529,8.100237118892332,75.92992917690339,62.01994099845882,33.53951643989663,20.26618477010556,6.592130207019932,64239.0,157943.27549605412, 0.0, 0.0,0.0,NaN, 112.30851915804324,112.30851915804324,0.0, 65.63424845298873, 1.4603301529400599, 0.7914982396682626, 1.4603301529400599, 234.2687084328258, -4.338071232637772, 0.7914982396682626, -4.338071232637772, 154.2714689166, 9.035027863280607, 5.479129449713388, 16.0, 0.0
6, 0 ,1.0,1.0,1.0,51.700042274029656,185.21199643019304,121.49958508822746,14.439665110663924,8.663961802168558,12.275453915818654,65.0,34.0,55.0,-0.9579684442661439,0.01619141672916688,0.2864163015867055,14.636830394422017,-0.28591194517134894,0.027793631138408263,-0.9578527411228085,12.043443514313562,0.02346954193502274,0.999482542164917,0.021996102130051987,8.65872945526137,65.5285748947237,58.34455240290464,35.04127171040412,19.93356624741436,6.075184615871697,63869.0,133971.02947722346, 0.0, 0.0,0.0,NaN, 95.15195511410954,95.15195511410954,0.0, 208.503928508125, -2.7169138766907537, -19.020995301002774, -2.7169138766907537, 75.06423410943586, -1.2196117380043856, -19.020995301002774, -1.2196117380043856, 150.6867688393875, 9.217235519456674, 5.474497132839062, 11.0, 0.0
7, 0 ,1.0,1.0,1.0,56.62966719871116,149.61767382191923,11.951220967525396,12.949135828644932,17.05336083074391,8.270279267925721,60.0,88.0,32.0,-0.24399452431762814,0.9673854583831877,-0.06805914348392067,17.31499016814302,0.959299494883447,0.25105156613608803,0.12929652066850414,12.703222304558873,-0.14216592847577106,0.033741458909889,0.9892675890431538,8.106417954916779,93.9849284572098,58.58243758701054,36.733664439958474,21.400251076855877,8.302048382733629,67037.0,202250.6416428273, 0.0, 0.0,0.0,NaN, 76.7341493780046,76.7341493780046,0.0, 167.6801187086959, -32.21736697192653, 15.752226557569443, -32.21736697192653, 290.8171156235506, -12.307609329210859, 15.752226557569443, -12.307609329210859, 68.39751916948201, 8.349112142276132, 5.3122030713951025, 18.0, 0.0
8, 0 ,1.0,1.0,1.0,26.318327609500532,50.9036024050411,50.41162092757031,13.75315934744482,13.287769304527362,12.899025626685445,63.0,66.0,63.0,0.8198702114455427,-0.2377607716130159,0.5208480122513903,14.848824674959396,-0.071499457511352,0.8600615520986659,0.5051553762727029,13.700986390391659,0.5680674818714965,0.45140219547939403,-0.6881390803875037,11.13078815480088,75.48117437197374,67.46816676575295,61.407077273057986,22.158326952454598,6.411521965382123,96963.0,312720.23621065414, 0.0, 0.0,0.0,NaN, 76.32275303287054,76.32275303287054,0.0, 189.14939203620884, -22.753891606427285, 38.942791667435976, -22.753891606427285, 176.56481309033958, 15.76683292400186, 38.942791667435976, 15.76683292400186, 166.38486211788785, 7.938237890285963, 5.144449538279114, 21.0, 0.0
9, 0 ,1.0,1.0,1.0,90.60322307475172,179.83438117477996,86.21265621391362,13.107422026508054,12.192846501737703,12.278638352328167,62.0,56.0,58.0,-0.8051330299511595,-0.5375850784507686,0.25052562245955334,13.921152396842588,-0.1832441987401221,-0.17626325070398016,-0.9671364071729265,12.162243603693806,-0.5640765619220106,0.8245808328346875,-0.04340601815297963,11.380523900571674,78.68006128045087,56.57178595466935,59.71226797453798,20.76218512448856,6.337716200636583,77938.0,265783.5792966583, 0.0, 0.0,0.0,NaN, 126.6815626111225,126.6815626111225,0.0, 171.8045121809885, 28.417516531715947, -9.704557715632811, 28.417516531715947, 148.66550581493735, -5.520131817480973, -9.704557715632811, -5.520131817480973, 150.7649597872642, 8.382891796848776, 5.21946347719406, 17.0, 0.0
10, 0 ,1.0,1.0,1.0,186.17016103316325,20.459582270408163,110.90937898596938,8.490408525623677,11.045887908411682,13.327863836538846,34.0,44.0,65.0,0.030867833514761286,-0.3649013662714409,0.9305343463555444,13.700870664286905,0.11589236746173812,-0.92339221746999,-0.3659450394252781,10.61100845961307,-0.9927820183797742,-0.11913775895613733,-0.013786165989530223,8.451229116110921,74.03780675536484,56.6552295322341,36.04680541591736,18.374401328181886,5.840548509637092,50176.0,151202.97304034056, 0.0, 0.0,0.0,NaN, 92.44997406810815,92.44997406810815,0.0, 72.0870369319832, -5.7156591482931, 1.594242710016379, -5.7156591482931, 122.0116396851954, -25.57498165291095, 1.594242710016379, -25.57498165291095, 177.63195444531996, 8.677413314031508, 5.4028145353977095, 10.0, 0.0
11, 0 ,1.0,1.0,1.0,77.24925507163557,100.39347524388751,160.19944691620066,11.856802934337733,14.65070645398105,13.710449134370304,58.0,80.0,76.0,0.16447382193219404,0.8264096866594038,0.5385122019922326,15.377516377407225,0.04448344393434091,-0.5516061802905361,0.8329176700497024,12.995408774188377,-0.9853778894996363,0.11303827520265278,0.12748632563711318,11.741155468901592,73.52852209790859,68.68221133342938,60.64674832837276,22.334362547647423,6.661804596416263,97996.0,306272.2343250016, 0.0, 0.0,0.0,NaN, 132.18544249987966,132.18544249987966,0.0, 140.58377582371986, 12.642495343614083, 9.883835152709148, 12.642495343614083, 214.643199600722, 29.631408693806296, 9.883835152709148, 29.631408693806296, 187.97641546615543, 7.534754700968461, 4.842423035187145, 30.0, 0.0
12, 0 ,1.0,1.0,1.0,20.95366492146597,177.6130890052356,48.028579558388344,12.998164069477504,12.64671483712991,13.860599614704054,53.0,51.0,81.0,0.054894235945218785,-0.5484104968373447,0.8344055068242342,14.727697654028454,0.9976615869178532,0.06420322972544074,-0.023437220000968137,12.994739260810913,-0.04071831097359202,0.8337408903558944,0.5506524737981471,11.629254506757352,89.88447791735169,56.23295734320154,60.498424289908485,21.79523911953391,6.780519062004289,87860.0,305787.4713794079, 0.0, 0.0,0.0,NaN, 56.98222803580969,56.98222803580969,0.0, 168.95226917705597, -0.3048044008612972, 2.9544086886204948, -0.3048044008612972, 159.93939617168178, -37.42046968463629, 2.9544086886204948, -37.42046968463629, 192.11622167913416, 7.661277576373632, 4.81832702681245, 12.0, 0.0
13, 0 ,1.0,1.0,1.0,175.57539789587267,61.53388599531033,109.06669295096594,13.226974330735615,13.100890909375869,13.646351065587105,55.0,65.0,66.0,-0.6073358067094438,-0.4835774715035967,0.6303142445977065,15.138351405072862,-0.18133924360268663,-0.6880725679189688,-0.7026181181886797,12.70303890855119,-0.7734722339025459,0.5410258499661398,-0.3301995352059434,11.927791463423546,77.05464196151986,66.77278127229303,68.65206721296988,22.137100252384478,6.538951168683321,96382.0,353225.37266879337, 0.0, 0.0,0.0,NaN, 112.48042782859024,112.48042782859024,0.0, 174.95284994593885, 27.903828001826835, -30.832496292613786, 27.903828001826835, 171.63334261936726, -17.255336257577508, -30.832496292613786, -17.255336257577508, 186.2228974052503, 7.1156451119182, 4.518176581139525, 19.0, 0.0
14, 0 ,1.0,1.0,1.0,169.90340383807256,186.78686090488864,23.447247513657373,16.24006150243474,7.48365438821032,14.79438797626756,74.0,31.0,52.0,0.9372625662820244,0.007247025761980781,0.3485489384061284,16.458344279691666,0.3480749501027854,-0.07555537028848508,-0.9344170456126715,14.58242633273718,0.019562999702944187,0.9971152724926915,-0.0733377283834692,7.422556299470319,86.1892373090317,66.37771056069695,32.57305209398254,21.950237123464877,7.536954717992366,71390.0,186351.87230729923, 0.0, 0.0,3.552713678800501E-15,69.6014126349197, 40.37530880683908,40.37530880683908,0.0, 263.73959760286294, -2.6777953102661542, 19.248707365936042, -2.6777953102661542, 56.00508300217959, 11.668319346797379, 19.248707365936042, 11.668319346797379, 218.87391559233012, 8.387778040388499, 4.997501801294626, 11.0, 0.0
15, 0 ,1.0,1.0,1.0,189.664514137841,24.46242966691199,175.83834666793285,6.334832854372993,13.138659102980398,12.830254271389373,27.0,56.0,54.0,-0.02268916207560766,0.7964964178794173,0.6042173931868925,13.552385456114871,0.012219424270572477,-0.6041068913616663,0.7968096067943959,12.396109925121452,-0.9996678886484265,-0.025462130990969205,-0.003973951509036565,6.327653764142759,76.11386049526818,61.96900219779809,27.691906600061856,18.403578260007276,6.219180188213255,42121.0,130614.41553690888, 0.0, -3.552713678800501E-15,0.0,37.203174577683924, 35.90289995187709,35.90289995187709,0.0, 40.13010729284349, -3.4343773029336138, -0.8627127379554513, -3.4343773029336138, 172.62436302432968, 14.427950039220407, -0.8627127379554513, 14.427950039220407, 164.61542466850526, 7.881404785352035, 4.935091029300818, 10.0, 0.0
16, 0 ,1.0,1.0,1.0,189.36444327434793,174.73386990616243,138.28984335332945,6.739053545031433,14.947674829566838,14.365227910366068,28.0,64.0,68.0,-0.04320963485083948,0.7676617960795313,0.6393968206802451,16.260538374978584,0.06596923772444387,-0.6364055014946713,0.7685285273438924,12.896843770006603,-0.9968856439582795,-0.07538835790269167,0.023143214180894028,6.668876287495352,85.06620581173624,74.83274022623844,31.245686982852845,20.467685669800808,7.502095822652764,53177.0,198901.83451411896, 0.0, 0.0,0.0,NaN, 67.52507556559938,67.52507556559938,0.0, 45.414842682800725, -12.411049867074535, 0.10165740475155764, -12.411049867074535, 223.432982810466, 48.352537058059035, 0.10165740475155764, 48.352537058059035, 206.35977291676025, 7.416967537874008, 4.743523555688028, 13.0, 0.0
17, 0 ,1.0,1.0,1.0,21.2219483145445,9.766196714954436,20.421876298368556,12.1325424122491,6.398165978748025,12.122297570508271,56.0,25.0,47.0,-0.7064737550936792,0.044764802320067756,0.7063221261132077,13.57576179766152,0.7077197557590144,0.0372779562909042,0.7055091078669183,10.499155440454098,-0.0052517304041233516,-0.9983017912675597,0.05801683272761201,6.368016827468336,72.84919981720694,56.007824570732815,27.794622258373348,17.28330137709148,6.030978790644154,36103.0,113405.53879760606, 0.0, 0.0,0.0,NaN, 31.029062507369645,31.029062507369645,NaN, 147.1985853850232, -2.707767617010497, -36.93907694038794, -2.707767617010497, 40.93652789160868, 6.377726444742201, -36.93907694038794, 6.377726444742201, 146.95009838795076, 7.963248038540071, 4.680364468655006, 4.0, 0.0
18, 0 ,1.0,1.0,1.0,22.27976367520212,39.37517237649731,144.91059405672877,14.083953881847599,13.20276261351433,11.255765666899453,59.0,64.0,59.0,0.8574359373422106,0.33435023079639964,0.39116944732491443,14.551918260949448,-0.44125685639880996,0.8688170292672763,0.2246093416049846,13.441439759165029,0.2647564919603005,0.3651943220007384,-0.8924892756460978,10.340808984327962,73.39448535062348,63.8846039847592,50.06174659694612,21.33040455222555,6.661591398561298,73966.0,234728.39762705885, 0.0, 0.0,0.0,NaN, 71.2855856136727,71.2855856136727,0.0, 198.35775694601006, 1.7821236515852685, 27.850526960821103, 1.7821236515852685, 174.31294062881176, 28.09988393215642, 27.850526960821103, 28.09988393215642, 126.69226074815249, 7.66714528141364, 4.7894636824498855, 18.0, 0.0
19, 0 ,1.0,1.0,1.0,121.86825729485733,78.95966467838143,179.46055134612286,11.477454365288688,11.198700064632357,11.681361872857748,55.0,55.0,48.0,-0.29476612630136745,0.6547385559450443,-0.6960103118088723,12.56727135089261,-0.8654152105815416,0.12592930345204464,0.48497249801013265,11.646626851551163,-0.40517828678174705,-0.7452913751621444,-0.5295010123026468,10.00084150575825,60.367793177555356,60.86117046561556,50.7469759209481,19.063002915961242,5.495359576551058,62030.0,186447.15784261632, 0.0, 0.0,0.0,NaN, 112.96489195883076,112.96489195883076,0.0, 131.73195870728438, -15.060835406227088, -3.070004423657675, -15.060835406227088, 125.41088313759676, -24.21835725507044, -3.070004423657675, -24.21835725507044, 136.45421520465467, 7.721826348555255, 4.818354695258514, 17.0, 0.0
20, 0 ,1.0,1.0,1.0,170.1699860237596,89.74528301886792,9.702707896575822,13.456033976775899,16.802586355031227,6.677302810343973,59.0,81.0,26.0,-0.3193195486299605,-0.9476462893541964,0.001239409529246037,17.184145409115764,-0.9473909788473666,0.31926337852783704,0.022830425524281044,12.967718964938284,-0.02203086610614894,0.006115995766338191,-0.999738583597932,6.672446539928389,88.59975508818681,69.60156260316734,26.99182509246389,21.16913984940377,7.7359969919761715,57240.0,166449.98576043177, 0.0, 0.0,0.0,NaN, 95.06938570583947,95.06938570583947,0.0, 181.06485038414743, 38.48739336524123, -2.7735036309168524, 38.48739336524123, 282.3269082182816, 0.6066645900082995, -2.7735036309168524, 0.6066645900082995, 44.586372821027524, 7.262577409097816, 4.8772350245436344, 13.0, 0.0
21, 0 ,1.0,1.0,1.0,15.869552202010953,101.95314233390269,22.65679973234253,9.722258645591804,11.53579253258421,12.433818904732426,39.0,51.0,54.0,-0.10065308609439809,-0.507243286988839,0.8559049036338274,12.838193997676251,-0.3254474278778566,-0.7961613009123993,-0.5101089634746314,11.29723454801946,-0.940187708889752,0.32989609081381005,0.08494493109306345,9.473644574679625,59.07629589288708,59.09101271239777,45.66346780069919,18.73748996530322,5.577019354675009,56789.0,159405.6020721145, 0.0, 1.4210854715202004E-14,0.0,59.519619697222986, 101.87423403098437,101.87423403098437,0.0, 94.52231317178457, 13.647112617048275, -0.17898585259128605, 13.647112617048275, 133.07450935482564, -17.208301887905165, -0.17898585259128605, -17.208301887905165, 154.59985255568148, 7.9182020251392915, 4.872424832428999, 11.0, 0.0
22, 0 ,1.0,1.0,1.0,80.59408449247634,23.194891152593204,41.911500077563474,11.924320243600496,11.661108867332613,13.420480192885634,62.0,49.0,64.0,-0.45341121701192816,-0.028757584026956107,0.8908373979850054,13.935639205279267,-0.5765692595122991,0.7716541890721867,-0.26854739148385903,12.34234388207348,-0.6796956357614794,-0.6353918585001531,-0.3664574039073572,10.570935120995033,63.179684904855876,61.190690495774014,60.31409744777699,20.563355701101944,5.9521898663712,77356.0,233174.81609496713, 0.0, 0.0,0.0,NaN, 93.75491064212405,93.75491064212405,0.0, 142.1894132719406, -16.98327754548551, -27.021212285595244, -16.98327754548551, 135.98146001578328, -10.523460044073351, -27.021212285595244, -10.523460044073351, 180.10928860763565, 6.861561678257123, 4.519374606651314, 19.0, 0.0
23, 0 ,1.0,1.0,1.0,159.24330747696257,80.99304502507873,69.90662545200047,14.990465557303258,9.983374201477039,11.015329517989814,69.0,49.0,58.0,-0.9857245435793954,0.16520847847186027,-0.032454319068582864,15.111165724672999,0.07856335196848155,0.280846588485118,-0.9565317524597641,11.124723898418717,0.1489124706418806,0.9454265452044829,0.28981670709268526,9.675354830016818,72.40484002132342,55.60622397781686,51.59754618458366,20.142629329413534,6.324064054001652,68584.0,207739.96371440496, 0.0, 0.0,0.0,NaN, 114.48981443752159,114.48981443752159,0.0, 224.71405762469527, -21.27640473482865, 2.0448084259079553, -21.27640473482865, 99.66776044671732, -8.821059425804899, 2.0448084259079553, -8.821059425804899, 121.3374843898977, 6.7664871789027465, 4.339814890645175, 17.0, 0.0
24, 0 ,1.0,1.0,1.0,136.8648188083425,117.86101853387824,123.26212845530907,10.37956946255335,12.26956478223765,13.214295295044113,49.0,60.0,67.0,0.3381724703506394,0.5827171098063957,0.7389723609417522,14.099506948249322,-0.3405514568032785,-0.6562439287747552,0.673326526445706,12.06645908757765,-0.8773050128467929,0.47935860885683107,0.023478469897604014,9.407430638713489,69.5238908644406,63.40229428920068,48.7202985617326,19.929285575720325,5.976525642837324,66311.0,214757.8185267293, 0.0, 0.0,0.0,NaN, 128.92464585797705,128.92464585797705,0.0, 107.73546222797005, 34.49578757879819, 14.469978125399962, 34.49578757879819, 150.54221994552643, 22.264477625795525, 14.469978125399962, 22.264477625795525, 174.617600144625, 7.20404867773893, 4.571018091443996, 22.0, 0.0
25, 0 ,1.0,1.0,1.0,118.59694116179726,56.80454304511864,14.496850737426335,14.398263080322893,11.751824056429147,9.414146560638875,71.0,58.0,39.0,-0.9184464570396247,0.34523391857156327,0.19305348227650285,14.941388794690017,0.3664225241817725,0.9264138032807016,0.0865563334669629,11.301736132106525,-0.1489652285723721,0.15023650208490977,-0.9773629592519208,9.114118999376426,74.90540364253215,52.9519579984008,44.54045806861244,19.86318170161699,6.284545849719166,64142.0,176664.72893445316, 0.0, 0.0,0.0,NaN, 100.31636347118975,100.31636347118975,0.0, 207.3099797301893, -29.28652285015351, -23.438338653071554, -29.28652285015351, 138.1053686532668, 12.923981442660725, -23.438338653071554, 12.923981442660725, 88.62615546518876, 7.165364186918894, 4.662969960369488, 15.0, 0.0
26, 0 ,1.0,1.0,1.0,150.94530319157386,152.05221853305162,54.603603031121416,10.14058382936994,14.10915383007067,10.642442707230048,47.0,64.0,50.0,0.006922007106594353,-0.9842111279641629,0.17686305835059332,14.211431440641977,0.582025700872634,-0.13985611649724108,-0.8010532755079582,10.876322875811507,-0.8131409283398144,-0.1084837419608082,-0.5718680865276934,9.741769145631762,65.21569899651249,55.642849498963116,51.770905467127136,19.522103497581885,5.8351284482399395,62947.0,187865.6055231564, 0.0, 0.0,0.0,NaN, 87.67500493612273,87.67500493612273,0.0, 102.8314404004791, -2.633520447212805, -10.775220340347449, -2.633520447212805, 199.06822180059785, -16.015775861650305, -10.775220340347449, -16.015775861650305, 113.26158677667404, 6.750896654204383, 4.550973076271512, 20.0, 0.0
27, 0 ,1.0,1.0,1.0,10.842590286425903,83.46341843088419,105.51245330012453,7.099098693269936,11.363904502839237,10.747824099462022,28.0,54.0,47.0,-0.04559072131652339,-0.7561338858922294,0.6528269546636054,12.997077213952489,0.0433889315734062,-0.654388599916611,-0.7549125518337185,8.719278179142146,-0.9980174781769893,0.006091543703822233,-0.06264188972681976,7.078235840144494,62.87844864419783,43.826358455820994,29.727193567137164,16.27176746465356,5.5028024002054075,32120.0,81920.22107599364, 0.0, 0.0,0.0,NaN, 126.5369529491259,126.5369529491259,0.0, 50.39720225678692, 3.360057396841559, -4.385648695970436, 3.360057396841559, 129.1383255496499, -45.84694481234064, -4.385648695970436, -45.84694481234064, 115.51572287297662, 8.506613024446654, 4.701003787867491, 10.0, 0.0
28, 0 ,1.0,1.0,1.0,57.673856736444314,70.01002080591057,93.90502880274015,14.90474744769784,10.25380911285814,11.051022611038592,70.0,47.0,52.0,-0.9797291056254687,-0.09442981618005544,-0.17667452959190225,15.03075835071268,0.19905717324600458,-0.5580365645759818,-0.8055876329584175,11.508669781881634,-0.022519355444353323,-0.8244259835864206,0.5655215965972775,9.5416991047905,71.60502131940976,58.95827907524985,52.8828920015833,20.270312639506056,6.2073846383926785,70653.0,223256.17212637005, 0.0, 0.0,0.0,NaN, 130.55968443031483,130.55968443031483,0.0, 222.15149647965526, 7.879112131552772, 16.707055308359706, 7.879112131552772, 105.14060132293261, 20.86395821278172, 16.707055308359706, 20.86395821278172, 122.12510074968623, 7.545271158244114, 4.543063581582306, 18.0, 0.0
29, 0 ,1.0,1.0,1.0,97.2669060037481,186.96109643478064,139.00230305493463,10.951787697769213,7.805499816624306,12.490055440548657,53.0,32.0,59.0,0.06817588156401577,-0.11825146435431444,0.9906405202448716,12.549384881927452,0.9956219236960805,-0.05557878484519668,-0.07515306867219256,10.95515786384257,0.06394555675483045,0.991427047166453,0.1139446177672429,7.704960826366949,58.13888657064393,53.373040455917845,34.907955233024126,17.541727061224066,5.399701638220338,44289.0,108321.10063942897, 0.0, 0.0,0.0,NaN, 115.54905037397364,115.54905037397364,NaN, 119.94165377700908, -4.147082141288842, 2.088843179742738, -4.147082141288842, 60.92582738732208, -11.24098606508023, 2.088843179742738, -11.24098606508023, 156.00148490797912, 7.266399674993184, 4.749648169318528, 11.0, 0.0
30, 0 ,1.0,1.0,1.0,46.81132778536828,121.65403366041485,144.7951030927835,10.899289750573137,10.724012207878625,13.404899357480959,51.0,54.0,61.0,0.17188919860921537,0.376625062657316,0.9102788943943799,13.885477950621276,-0.8217690580381731,-0.45477053458734995,0.3433356610114795,11.232425536994706,-0.5432768342682532,0.8070547212237276,-0.23132868023216646,9.721954552689057,63.229681462087655,55.555489599230356,50.68437146462992,19.495126869010562,5.781895022133385,64408.0,178041.82544906487, 0.0, -1.4210854715202004E-14,0.0,67.87521270473812, 106.66288714097796,106.66288714097796,0.0, 118.79451706694863, 18.19157274005341, 6.44907608967081, 18.19157274005341, 115.00443783472979, 28.755221124961245, 6.44907608967081, 28.755221124961245, 179.69132678419342, 7.060515250637711, 4.446180072350784, 14.0, 0.0
31, 0 ,1.0,1.0,1.0,17.964209197337212,140.0697451985615,24.028081720101003,10.007035205499502,10.221110961409254,12.061415688589104,39.0,44.0,52.0,0.04536687799041705,-0.32005317162108626,0.9463127462507762,12.26944133350914,0.7157586009074737,-0.6504054115842184,-0.2542880764191236,10.467119478544996,-0.6968726365759937,-0.6888677434146893,-0.1995739473838601,9.486296985016423,58.89810668396562,54.9580523371436,51.513804655289476,17.982924240249158,5.16759586964307,52276.0,166746.33396634035, 0.0, 0.0,0.0,NaN, 67.02012357343793,67.02012357343793,0.0, 100.14075360410646, -9.990005102408144, -0.9625919944465876, -9.990005102408144, 104.4711092854404, -15.101794053705234, -0.9625919944465876, -15.101794053705234, 145.47774841294336, 7.651687780296381, 4.682615244743785, 9.0, 0.0
32, 0 ,1.0,1.0,1.0,112.41955870939128,71.16558869547006,69.53085461556468,9.857471617521014,11.51197628938214,16.572491990835935,48.0,59.0,75.0,-0.09528143701404619,-0.1415694413199035,0.9853321983193835,16.714233901558668,0.055521633520566126,-0.989050532962822,-0.13673474853586567,11.383455578216628,-0.9939007978524548,-0.04167896988085134,-0.10209832269888086,9.766993383155636,74.2893999413322,61.22954983459077,46.834121842887626,21.422281665379902,6.740080401075949,81171.0,213034.6751927125, -1.4210854715202004E-14, 0.0,0.0,84.5324815547267, 132.5496678781255,132.5496678781255,0.0, 97.16974669023234, 0.6041407816472771, -17.5315049067731, 0.6041407816472771, 132.52559808729657, -21.039092987493035, -17.5315049067731, -21.039092987493035, 274.6474907863212, 7.297517938012037, 4.416254108432203, 23.0, 0.0
33, 0 ,1.0,1.0,1.0,188.47280638143582,10.244794364446285,47.222210711695844,7.19320984417474,6.754991715420449,10.440948271611289,31.0,29.0,49.0,-0.0892975012854852,0.03632180201190261,0.9953424953064028,10.46886043105089,0.857762337750336,0.5107278030251303,0.05831709144155462,7.372849400496291,-0.50623090403614,0.858974876184241,-0.07676219045220403,6.513803400546605,48.97305918482347,40.602293511680415,30.78752083914405,13.614927268812558,4.584685072405917,19306.0,61218.476719562845, 0.0, 0.0,0.0,NaN, 49.67664631181798,49.67664631181798,0.0, 51.74226786233239, 5.008158968265539, -5.373217620240174, 5.008158968265539, 45.629913075398896, 2.783581900783398, -5.373217620240174, 2.783581900783398, 109.01340081046277, 8.296577261827789, 4.691966692005545, 7.0, 0.0
34, 0 ,1.0,1.0,1.0,172.55774200977507,103.58711840118734,124.10286854832519,12.028334783590742,11.78298088504616,14.183089268526846,52.0,58.0,66.0,-0.34811873053003534,0.022291971371709844,0.937185369853008,14.508230545658023,0.6246035416289434,0.7510071811814496,0.21414628084203258,12.262777212196678,-0.699059200095913,0.6599176326074765,-0.27536331080048754,11.127220626938648,72.23084463560771,68.24068484371159,61.278898417449184,21.07241166097241,6.374399124078546,78158.0,302048.73384546785, 0.0, 0.0,1.4210854715202004E-14,20.415875731089233, 125.733431609821,125.733431609821,1.9073486328125E-6, 144.68083766613893, 11.78651366021954, -24.724791393825125, 11.78651366021954, 138.83863853736315, 6.0823916688561965, -24.724791393825125, 6.0823916688561965, 201.1600211990014, 7.5304744162075155, 4.675113520641477, 16.0, 0.0
35, 0 ,1.0,1.0,1.0,124.11438707244514,151.34601041913993,162.6508191455188,13.114133251073515,11.315153957696243,11.403505273966179,69.0,53.0,60.0,-0.9776218081506004,0.08888552492657074,0.19066977654279307,13.209169009118856,0.07459006079036065,-0.7010103977847314,0.7092395540499578,11.87090107545473,0.19670262596020666,0.7075901254654566,0.6786930759070247,10.707599838056943,67.62077708555489,57.47198519006615,53.448841993148704,19.916772709962977,5.777135740690007,71599.0,207718.25062996222, 0.0, 0.0,0.0,NaN, 97.57457794951442,97.57457794951442,0.0, 171.98049092691198, -6.572351922970354, -9.76287669942034, -6.572351922970354, 128.03270908636895, -12.044866457786826, -9.76287669942034, -12.044866457786826, 130.03993253337444, 7.256198750143919, 4.3657158734576536, 23.0, 0.0
36, 0 ,1.0,1.0,1.0,145.32903633309886,42.85554327385481,83.03861558117167,12.645803822569082,10.260185418961187,12.841759380941966,64.0,48.0,57.0,0.6529781517261054,-0.08467110860022589,-0.752628950238276,13.10887077896414,0.7126277055840567,-0.26783119707732544,0.6484043515478056,12.5529359757943,0.2564786279641318,0.9597381170092889,0.11454894219110466,10.033934843141386,63.22728746861908,62.72974950519168,47.27454450498901,19.91266491510155,5.795197936850842,69661.0,187501.80670053803, 0.0, 0.0,0.0,NaN, 108.26321413667004,108.26321413667004,0.0, 159.91635431890282, -14.79392927721434, -8.682750861113707, -14.79392927721434, 105.27140483146377, -5.3458809291663085, -8.682750861113707, -5.3458809291663085, 164.91078399801097, 7.332922800806603, 4.515061342837784, 17.0, 0.0
37, 0 ,1.0,1.0,1.0,85.7826893848492,35.74819614430846,108.22553395728342,11.565680573198955,12.0650397650016,10.716054108653518,58.0,70.0,55.0,0.5202818782150344,0.7009836922235395,-0.48777928455161945,12.762807696066167,-0.7190443943513841,0.6677324251770457,0.19263584121090369,11.539062276760937,-0.46074062785138375,-0.25051002296082814,-0.8514474747412656,9.905793698548262,59.950680521534096,57.30828311761255,53.840508672393085,19.05813983897757,5.563386845252912,62505.0,184978.25124995172, 0.0, 0.0,0.0,NaN, 130.61070378454903,130.61070378454903,0.0, 133.76496712127172, 6.803579685275429, -21.28758614923975, 6.803579685275429, 145.5651845310699, -17.639361987781953, -21.28758614923975, -17.639361987781953, 114.83381565958994, 6.537811850814397, 4.193974045899322, 15.0, 0.0
38, 0 ,1.0,1.0,1.0,16.763523149543037,72.17053329316059,170.14468213317264,10.176773360931282,11.231278305699227,10.433915056225656,40.0,56.0,56.0,0.007510858196479633,-0.841253210949694,0.5405891435054739,11.756680778738211,-0.8932422029230446,-0.24865986623718803,-0.3745485787452545,10.288930854753277,0.4495130186394369,-0.480063856158463,-0.7533105203592527,9.720764926347957,54.5951562562871,52.568786366563515,50.41315371179593,17.686096112336894,5.077097214503295,49785.0,144685.80690405067, 0.0, 0.0,0.0,NaN, 79.8807961223082,79.8807961223082,0.0, 103.56671603976059, 2.2488839702798, 3.9811256955677368, 2.2488839702798, 126.14161238007011, -18.826661671399275, 3.9811256955677368, -18.826661671399275, 108.86658340053242, 7.62491525753478, 4.570624417539473, 12.0, 0.0
39, 0 ,1.0,1.0,1.0,186.7680463278865,111.24948374932663,65.7022804812354,8.852618238448494,14.765435684487484,9.54970064313542,38.0,70.0,53.0,0.1549015880693916,-0.9765878522476211,0.14927044200362746,15.006216503814835,0.48852160746928547,-0.05561058827297835,-0.8707778715077441,9.68507711204044,-0.858692108412093,-0.207806711427497,-0.46847009897802794,8.28229862878742,67.9133383313226,50.39705381566702,46.41235201675818,18.616139440851942,6.404925863792581,44552.0,158852.40894407636, 0.0, -1.4210854715202004E-14,0.0,12.422506502900994, 111.21388579299314,111.21388579299314,NaN, 78.36884967571093, -24.372886400935062, -7.1010197860233735, -24.372886400935062, 218.01809095273634, -21.60652378229765, -7.1010197860233735, -21.60652378229765, 91.19678237350107, 7.288833721718972, 4.6516708868319805, 11.0, 0.0
40, 0 ,1.0,1.0,1.0,50.49658549156037,150.96670854271358,187.28725357557016,15.82533109216732,13.931283598919698,6.854009677644481,72.0,63.0,29.0,-0.9134297408711816,0.3963519115520472,0.09247308095355738,16.274287453336992,0.4011328278188229,0.9151532103863159,0.03983787099850841,13.482122813860247,0.06883722058653907,-0.07348308464304654,0.9949179229128715,6.699190090573486,69.47080517969664,60.860960759054734,31.18464427656366,21.038583353643208,6.991224930104135,62088.0,131850.54545654048, 0.0, 0.0,0.0,NaN, 71.52470020275176,71.52470020275176,0.0, 250.4411041767177, -29.387555691743025, -16.39311303701164, -29.387555691743025, 194.08066271352897, 13.053081966574851, -16.39311303701164, 13.053081966574851, 46.97744866124421, 8.827637155458568, 5.333347860323019, 14.0, 0.0
41, 0 ,1.0,1.0,1.0,81.45321111157618,104.81715569321781,76.38788665187728,12.231313518769728,12.024779679822707,11.897374478137264,63.0,63.0,62.0,0.5403346608448745,-0.6075140709459219,0.5822071005169612,13.989260443907524,-0.841421551635034,-0.3958103782408254,0.3678911753779188,11.42800645383686,0.006944547051192961,-0.6886659553655656,-0.7250454987010718,10.461794154892148,65.71299774410079,52.10827860726077,52.111536989685675,20.02682913127858,5.888462546569344,71673.0,178439.86609548124, 0.0, 0.0,0.0,NaN, 146.72937223969913,146.72937223969913,0.0, 149.6050303944391, -21.268660002829368, 20.58611022124188, -21.268660002829368, 144.5953263482771, -33.58642369409884, 20.58611022124188, -33.58642369409884, 141.54751947303194, 6.347384035922869, 3.958213783720733, 21.0, 0.0
42, 0 ,1.0,1.0,1.0,49.264432143074394,182.9844881075491,163.10708275037007,11.753675364399252,9.954974097649892,10.346719078872837,54.0,42.0,44.0,-0.9496629507340154,0.053743072255043246,0.3086291661326788,11.925830937408191,-0.21621751362596944,0.600458640658541,-0.7698697342147572,10.416006344393004,0.2266942143164823,0.7978477944088626,0.5586131310239194,9.674004229872956,55.83227337480459,51.050306952395076,52.95441488094838,17.78146531702267,5.303251901731463,49317.0,150933.56956305515, 0.0, 0.0,0.0,NaN, 63.85608242391449,63.85608242391449,0.0, 138.1488845716859, -4.417781077732812, -11.77442800956206, -4.417781077732812, 99.10150928488027, -6.084293077356048, -11.77442800956206, -6.084293077356048, 107.05459569711118, 7.301961736803853, 4.48931728921327, 10.0, 0.0
43, 0 ,1.0,1.0,1.0,178.9478055995047,154.97100502166884,88.38847423815092,12.559030725685195,8.727140576302572,13.01971702826418,51.0,40.0,56.0,0.3996942439382997,0.08352710795401108,-0.9128349980141156,13.152814221593964,-0.9160731273157117,0.0011190936736383125,-0.4010096919519051,12.446935169837886,0.0324736319589181,-0.9965048769906699,-0.076964234298849,8.688069396212958,62.8527230570892,59.85466289553324,40.556450467500554,19.225969794650677,5.810968280632764,58148.0,152574.52457169406, 0.0, 0.0,0.0,NaN, 101.40674364155022,101.40674364155022,0.0, 157.7292527687048, 3.1740902565998237, -6.394493029634788, 3.1740902565998237, 76.1629826385468, -7.470747617019965, -6.394493029634788, -7.470747617019965, 169.51303149607227, 7.746816597980925, 4.629002664728513, 10.0, 0.0
44, 0 ,1.0,1.0,1.0,115.24229292809372,152.41725038584826,63.27082591317424,9.25962168093133,12.321245873193696,10.66239260790525,45.0,54.0,49.0,-0.04453237570102835,-0.9000420523174754,0.4335218236427888,12.802837029481083,-0.36927163389954737,-0.3883877734366881,-0.8442709268013734,10.23621506750933,-0.9282539134911206,0.19768470225345822,0.3150641689932076,9.085569588915256,60.54128794997487,52.79522435842412,47.16435389577454,17.962397244197323,5.34720440121278,50538.0,150750.99423074396, 0.0, 0.0,0.0,NaN, 115.97924116265519,115.97924116265519,0.0, 85.74059367397355, 6.449795580064258, 5.360515586156564, 6.449795580064258, 151.8130998676927, -24.457515256460447, 5.360515586156564, -24.457515256460447, 113.68661612511254, 6.402825971688584, 3.9902142213300373, 15.0, 0.0
45, 0 ,1.0,1.0,1.0,99.48198617388992,158.58455198085616,15.075622618098024,11.3094797825224,10.834002818480176,9.640544942996579,49.0,55.0,41.0,0.81095357564449,0.3365344053181199,-0.47864276050787236,12.456934465728535,-0.21477052679387476,0.9321451244035002,0.2915117285315719,10.650343773079552,-0.544268241743075,0.13360412077463363,-0.8282040931690322,8.343561472885948,63.66107972591328,50.448403274221164,49.099412873296046,17.573825038664463,5.420399462264044,45132.0,157687.6656876458, 0.0, 0.0,-1.7763568394002505E-15,61.40320397191999, 108.80799283624224,108.80799283624224,NaN, 127.90433295128291, 14.578951536835005, -35.95395769767501, 14.578951536835005, 117.37561707083641, -1.876164936423428, -35.95395769767501, -1.876164936423428, 92.94010679793692, 7.496599193246723, 4.331020392702483, 12.0, 0.0
46, 0 ,1.0,1.0,1.0,95.94447566200745,8.439664255109925,133.20415115544006,11.27620875537687,5.659128667540147,10.806863909360517,56.0,23.0,54.0,-0.8203664493014106,0.0059922360980373506,0.5718067697807904,11.698668063174372,0.5706113401083781,0.07404368983075156,0.8178754370538148,10.368328494277407,0.03743778038716053,-0.9972369954543365,0.06416219678977551,5.621908795815769,66.90274208812995,51.41272413544496,24.64752146792209,15.768864721781123,5.225881180452691,28474.0,84778.9020056663, -1.4210854715202004E-14, 0.0,0.0,34.8785064280199, 117.2103057143945,117.2103057143945,1.3486991523486091E-6, 127.15288389483798, 2.6892290927628295, -13.953228806042269, 2.6892290927628295, 32.025737275774716, 4.9568108339203, -13.953228806042269, 4.9568108339203, 116.7883075554389, 6.579902390058794, 4.164077297786338, 9.0, 0.0
47, 0 ,1.0,1.0,1.0,117.61688992206703,113.01314761532745,54.6352203654656,10.296301186364797,10.679398832531685,11.055033518703452,49.0,47.0,53.0,0.06139544920415666,0.6325384962690859,0.7720917364890417,11.706099964419284,-0.8512099734991878,-0.3707719172462911,0.37144281712939464,10.479728746064884,0.5212218144250405,-0.6800170851670957,0.5156593682348023,9.768298351104828,58.200150710293045,51.18119237044047,49.70594020877368,17.816095747521874,4.986369015566735,52481.0,148061.7239571148, 0.0, 0.0,0.0,NaN, 131.6764846823024,131.6764846823024,0.0, 106.01381812033713, 6.162351059503029, -2.581948883061445, 6.162351059503029, 114.04955942427912, 18.339050283871046, -2.581948883061445, 18.339050283871046, 122.21376609965684, 6.5816905308961395, 4.022287079142626, 12.0, 0.0
48, 0 ,1.0,1.0,1.0,108.57650400882127,53.56129104603136,129.05210533201264,10.77116560547526,11.116619444642092,11.336167551535334,51.0,53.0,49.0,-0.2622743455365392,-0.6029450637877496,0.7534383967700122,12.547814802778678,-0.8250300114812539,0.5450872229130106,0.14901476293382326,11.038307481595668,-0.5005373590738476,-0.5825265397138295,-0.6404101675492121,9.424120264033553,58.87709445430808,53.31144556280793,48.00484453426344,18.40073788953699,5.4331184649878,53507.0,150678.7108987104, 0.0, 0.0,0.0,NaN, 127.51733715690025,127.51733715690025,1.9073486328125E-6, 116.01800850057319, -4.000600760590744, -17.623307103305983, -4.000600760590744, 123.57922787699466, -28.496101060353347, -17.623307103305983, -28.496101060353347, 128.5086947564826, 7.165257266559895, 4.1571541632104605, 15.0, 0.0
49, 0 ,1.0,1.0,1.0,16.203425337998357,49.49460066519805,93.1282881948944,9.46595779500587,10.61860163413571,10.997743797071074,38.0,56.0,49.0,0.20956539756301013,0.4803535740470608,-0.8516705865793845,11.437055473979683,-0.4471757803364802,0.8216706684482565,0.3533993974135434,10.532450759427928,-0.8695494037860743,-0.30678617392576646,-0.3869962246111346,9.03164820797703,54.350163087212366,52.00381153052799,44.251713828778016,17.26042950931126,5.038551321702477,46302.0,125073.73596691643, 0.0, 0.0,0.0,NaN, 106.70119282277409,106.70119282277409,1.9073486328125E-6, 89.6043569768324, -5.832137783799744, -13.427699591976825, -5.832137783799744, 112.75470066446954, -11.616386504930135, -13.427699591976825, -11.616386504930135, 120.95036862601526, 7.275054258158472, 4.216034034970711, 9.0, 0.0
