// Sample: .//bubblelabels.tif, Map: .//bubblelabels.tif, Thickness:(8.191250068658265):/gpfs/home/mader/Foam/NewValid/InSilicoTest/LatticeData_OldFoam/out_Step_03500.vtk/distmap.tif, Neighbors:(1.0):
//LACUNA_NUMBER, TRIANGLES, SCALE_X, SCALE_Y, SCALE_Z, POS_X, POS_Y, POS_Z , STD_X, STD_Y, STD_Z,PROJ_X, PROJ_Y, PROJ_Z, PCA1_X, PCA1_Y, PCA1_Z, PCA1_S, PCA2_X, PCA2_Y, PCA2_Z, PCA2_S, PCA3_X, PCA3_Y, PCA3_Z, PCA3_S,PROJ_PCA1, PROJ_PCA2, PROJ_PCA3,OBJ_RADIUS, OBJ_RADIUS_STD, VOLUME, VOLUME_BOX, Mask_Grad_X,Mask_Grad_Y,Mask_Grad_Z,Mask_Angle, Mask_Distance_Mean,Mask_Distance_COV, Mask_Distance_STD, SHAPET_XX, SHAPET_XY, SHAPET_XZ, SHAPET_YX, SHAPET_YY, SHAPET_YZ, SHAPET_ZX, SHAPET_ZY, SHAPET_ZZ, Thickness, Thickness_STD, Neighbors, Neighbors_STD
1, 0 ,1.0,1.0,1.0,79.94212757111345,138.20803931306085,39.86477184796794,15.726424551635015,15.637175075502682,16.457916741624047,85.0,83.0,80.0,0.10271306649235735,-0.42741147159035153,0.8982034624319298,16.702689887117213,0.993323800083919,0.09174496199659637,-0.0699334693482713,15.716601597709348,-0.05251527547846534,0.8993899576386283,0.43398139354148296,15.385489324298153,90.86598634462152,84.15728812114335,92.5583832094538,26.57204753939101,7.5253562413231725,173174.0,707797.195318207, 0.0, 0.0,0.0,NaN, 164.56429116259483,164.56429116259483,NaN, 247.3204291782686, -0.917025823763987, 3.184009975286946, -0.917025823763987, 244.5212443419223, -16.292313715492636, 3.184009975286946, -16.292313715492636, 270.8630234742291, 6.823544068004936, 5.501552222030939, 54.0, 0.0
2, 0 ,1.0,1.0,1.0,59.3013151323456,262.87521225237225,12.845846512402197,15.34372154122941,17.88400214519063,8.076867551611937,89.0,77.0,33.0,-0.4292702341540633,-0.903174526232855,-0.0016855958511075772,18.56055555348816,-0.9004945970322674,0.4278512921804873,0.0777994376276683,14.548731989107354,-0.06954528585756142,0.03491485276418598,-0.9969676054273002,8.021426803584033,88.36497345292355,74.63015346155078,36.65651409409247,23.57886486089052,8.033694342090127,90105.0,241738.40299428647, 0.0, 0.0,0.0,NaN, 71.13305570796442,71.13305570796442,0.0, 235.42979073478742, 51.85616766381532, -10.11839224029438, 51.85616766381532, 319.83753272918307, 5.330355675994165, -10.11839224029438, 5.330355675994165, 65.2357894462818, 7.669476005959065, 5.534065671403174, 23.0, 0.0
3, 0 ,1.0,1.0,1.0,76.69908458440132,14.740712454883088,259.35798503949366,15.212119046428855,9.171909815830734,16.865114941252486,76.0,39.0,78.0,-0.1981407460662637,0.06202000173872821,0.9782094684333373,16.948019977432725,0.977238246376415,-0.06467866288484705,0.20204474847562337,15.166017829296287,-0.07580009609132432,-0.99597700272233,0.047792839220845006,9.095115149360222,83.65732392144056,81.74033831662165,40.84037565351595,23.26161679877081,7.672143210426525,95585.0,279273.7566720651, 0.0, 0.0,0.0,NaN, 88.04437267544539,88.04437267544539,9.5367431640625E-7, 231.40856588272354, -11.822701131560335, -10.55839594401886, -11.822701131560335, 84.12392966973216, 10.482840416580334, -10.55839594401886, 10.482840416580334, 284.4321019816578, 6.88764254492453, 5.255098894528176, 34.0, 0.0
4, 0 ,1.0,1.0,1.0,155.16664536592734,177.551801461618,13.859879863830182,15.971312978338709,14.79719970835045,8.660131382096022,76.0,65.0,38.0,-0.8254672332768883,-0.5626439487318887,0.045117997978498935,16.961398149307122,-0.5597035779266978,0.8262510049842751,0.06357028880324703,13.68367328529411,0.07304622948689866,-0.027222485519573684,0.9969569622806613,8.608477871147164,79.73057115123191,64.02253442108469,39.91967896092236,22.321596887564322,7.126299559036324,86069.0,203772.12641776146, 0.0, 0.0,0.0,NaN, 190.16402974719978,190.16402974719978,0.0, 255.08283825205046, 46.87658171508933, -11.980042255480043, 46.87658171508933, 218.95711920880663, 0.5206372285853716, -11.980042255480043, 0.5206372285853716, 74.99787555516437, 8.355100527917338, 5.537929519177199, 23.0, 0.0
5, 0 ,1.0,1.0,1.0,17.33948456259024,164.42924108467335,12.555173164026188,10.604087324763679,14.860977234210429,8.123526930911453,45.0,79.0,36.0,-0.03585183568198884,0.9982893272391693,0.04618511663510394,14.876555456761887,0.997682797679787,0.03842759874289581,-0.05614583571991624,10.604892901394912,0.05782457169806372,-0.04406516509921926,0.9973537888496309,8.093907982922097,79.37289313488053,48.04034971941795,37.56249100054093,18.896305845402892,6.497432380653381,50559.0,143229.59244723813, 0.0, 0.0,-1.7763568394002505E-15,87.3528460792027, 137.25057657785123,137.25057657785123,0.0, 112.4466679912137, -3.7760931580397648, -2.888051428773265, -3.7760931580397648, 220.84864435572064, 7.082055262056291, -2.888051428773265, 7.082055262056291, 65.99168979724365, 7.39090057085246, 5.212333399852295, 16.0, 0.0
6, 0 ,1.0,1.0,1.0,280.83661738289345,208.29888075169268,208.6195937543181,12.197532181235047,15.327370403553468,15.010172383002821,50.0,83.0,76.0,0.2377451887178571,0.6249254649137836,-0.7436029777669007,15.484970252786226,-0.24974499729493296,0.7791438529761124,0.5749454693235629,15.237842537324958,-0.9386717538989144,-0.04902060456409099,-0.34130971090859197,11.706288944215734,86.8311098119149,77.17808383856035,58.70863262349155,23.540177256213802,7.407658504103926,108555.0,393433.4752664025, 0.0, 0.0,0.0,NaN, 130.86905344789412,130.86905344789412,0.0, 148.77979131226462, -3.2504357329277638, -31.827689974427482, -3.2504357329277638, 234.92828348772682, -5.1202406094500565, -31.827689974427482, -5.1202406094500565, 225.3052749674606, 6.835205950617466, 4.967550050777987, 32.0, 0.0
7, 0 ,1.0,1.0,1.0,189.753862934012,114.1774031515801,234.88696791970838,13.162496419356955,13.437715871216891,13.669954534361104,64.0,71.0,73.0,0.6000495299995939,-0.20604786639552447,0.7729714343370773,14.352431998046884,-0.02053141149293957,-0.9699076120027522,-0.24260602902901265,13.412145088675118,0.7996993326803354,0.12970543910326462,-0.5862230602574888,12.442396740917985,69.05568313950937,68.42084072946315,72.66245864425174,22.39663395846882,6.25155693623566,104519.0,343319.0649562988, 0.0, 0.0,0.0,NaN, 171.55289876624104,171.55289876624104,0.0, 173.25131198958468, -5.828443886014891, 23.86282050826217, -5.828443886014891, 180.57220783555434, -2.2515730074672335, 23.86282050826217, -2.2515730074672335, 186.8676569714997, 6.339120909128686, 4.820966829635705, 37.0, 0.0
8, 0 ,1.0,1.0,1.0,122.13314678001879,186.8732534833506,115.34716345362472,12.894107418723069,13.327025257588781,14.366266744097038,66.0,72.0,77.0,0.0015447073875940222,-0.43084681066557856,0.9024237583410499,14.65889609736087,0.4392183770617778,-0.8104281751314759,-0.38767691471673166,13.03893687088112,-0.8983790019420004,-0.39695994595470857,-0.18798396255353855,12.859242551117935,73.98254044997799,70.51264500884653,68.27614873919691,22.529264243121645,6.5337187855075785,103277.0,356176.49999018764, 0.0, 0.0,0.0,NaN, 202.5318109251707,202.5318109251707,NaN, 166.2580061255693, -1.6894866102767279, -0.7233831797088458, -1.6894866102767279, 177.60960221640931, -17.792767318880703, -0.7233831797088458, -17.792767318880703, 206.38962016254848, 6.121004142263002, 4.656811202579249, 38.0, 0.0
9, 0 ,1.0,1.0,1.0,261.13145979260605,141.29751675505014,126.89578311544679,13.988828025876245,13.393090324581568,13.451378642181414,69.0,69.0,64.0,-0.8148532620671667,-0.2841594484252753,0.5052401104120108,14.384874565207761,0.31196755663378084,-0.9495891710283024,-0.03092975709136281,13.306041928037388,0.4885595203313986,0.1324153092977746,0.8624243624557045,13.115883397919692,78.80156723235447,66.31268050242414,65.4393992436718,22.64580222986446,6.57034296829985,105789.0,341956.4045213225, 0.0, 0.0,0.0,NaN, 193.85120951771228,193.85120951771228,0.0, 195.6873095375407, 6.592201783621452, -14.415956817689237, 6.592201783621452, 179.3748684424004, -4.862725593167395, -14.415956817689237, -4.862725593167395, 180.9395873753343, 6.147725973802097, 4.631444554687676, 36.0, 0.0
10, 0 ,1.0,1.0,1.0,23.240334554092843,133.2460358309413,191.87113728595466,13.310778827219014,13.405979041113916,13.44670629147692,59.0,66.0,66.0,0.47774906909744086,-0.6223859409157272,0.619993199581232,14.28511522378489,-0.8525611881081219,-0.1582585553676214,0.49809000209261484,13.02079498111234,-0.2118849865096537,-0.7665441736804199,-0.6062299747524907,12.810362923438243,90.14592384465527,69.88264639290611,65.28891475270734,22.28647393085952,6.405005609395748,101030.0,411296.37948299444, 0.0, 0.0,0.0,NaN, 173.16601908769377,173.16601908769377,NaN, 177.17683298714198, -11.148203464427317, 9.527654316140602, -11.148203464427317, 179.72027405078558, -15.84770721089388, 9.527654316140602, -15.84770721089388, 180.81391008924496, 6.21255450898334, 4.672863479100307, 38.0, 0.0
11, 0 ,1.0,1.0,1.0,47.000198166063164,248.445594408114,213.86200435965338,13.430159468018518,14.763926199324448,13.135754124360174,64.0,72.0,65.0,0.04372935755521795,-0.8866879926956963,-0.4602957167920275,15.27213841073375,-0.8380796825353393,-0.28334309341320085,0.4661964576619013,14.032375545765852,-0.5437924135267744,0.3653780166133652,-0.7555056028689725,11.863598167383065,72.7183421658043,66.70879995457744,64.22311184912265,22.979539106422173,6.54457936215592,111018.0,311543.3189661194, 0.0, -2.8421709430404007E-14,0.0,27.540032591071224, 110.84507051068292,110.84507051068292,0.0, 180.36918333640742, 9.75024047382427, -23.80502228553829, 9.75024047382427, 217.97351681909882, 30.331356233514498, -23.80502228553829, 30.331356233514498, 172.54803641564533, 6.9116400881776805, 4.920382857929669, 42.0, 0.0
12, 0 ,1.0,1.0,1.0,264.50722635097287,282.0719274003809,26.394947156141466,16.798174720052298,11.132971163926468,14.355443280430737,74.0,50.0,66.0,-0.9581179216319419,-0.06868955171500002,0.27801401715179935,17.023002681255694,-0.281812938489846,0.053579122674684176,-0.9579722048750314,14.123801587406405,-0.05090693417803781,0.9961982850309493,0.07069272207228562,11.087654444174575,83.7482931105861,71.41056788528302,53.21470462655651,23.589872528012872,7.4644749816708025,107108.0,318251.24188073253, 0.0, 0.0,-3.552713678800501E-15,73.85828925865974, 47.72678497252657,47.72678497252657,0.0, 282.1786739254041, 9.824834075812323, -23.777987536867787, 9.824834075812323, 123.94304693681825, -7.1150957247910895, -23.777987536867787, -7.1150957247910895, 206.07875177766402, 6.119363669441128, 4.656731589403753, 23.0, 0.0
13, 0 ,1.0,1.0,1.0,137.28201316410014,22.677428284360968,251.46598248887614,14.610379191994005,12.566478446655033,12.940470530165301,71.0,56.0,66.0,-0.9516836972842861,0.22243362983879972,-0.21171070034376446,14.701010273089482,-0.3048971392237539,-0.6023941693954142,0.7376713354682966,13.737668124270257,0.03654962129054468,0.7665797707969767,0.6411080877577296,11.575496088034411,77.42893483699984,73.77760385802505,66.15455680907115,22.249715271148915,6.617061929510092,97538.0,377909.3136435265, 0.0, 0.0,0.0,NaN, 147.36406532038458,147.36406532038458,0.0, 213.46318013385138, -7.332875595336334, 4.237345646604351, -7.332875595336334, 157.9163805502455, -28.188457759565228, 4.237345646604351, -28.188457759565228, 167.45577754207662, 6.774865498826992, 4.74333896519638, 30.0, 0.0
14, 0 ,1.0,1.0,1.0,144.48461238365937,152.15818982332942,58.92887477010533,12.445081277837806,12.056903561039965,14.148100478251516,63.0,67.0,69.0,0.29013409239687593,0.14597484957181484,0.9457872655737795,14.309979240909568,-0.7318923844463495,-0.6028949458541357,0.31757081391868414,12.742987995680565,-0.6165677140578135,0.7843526168478209,0.0680824972037406,11.543763238285262,72.80280772690956,67.57290566199322,62.512056423395,21.49470811560645,6.196389405112857,89715.0,307527.89019550674, 0.0, 0.0,0.0,NaN, 214.95491697944885,214.95491697944885,0.0, 154.8800480119891, 15.880559338473025, 12.855122461351382, 15.880559338473025, 145.3689234802182, 4.2973461434839, 12.855122461351382, 4.2973461434839, 200.16874714270077, 5.483280218614887, 4.425908716199537, 35.0, 0.0
15, 0 ,1.0,1.0,1.0,33.95446528260975,10.73718021327206,72.43641482871891,15.556507223469929,7.4824663097450586,14.276659451646903,75.0,31.0,69.0,-0.9938909346966012,-0.010968500397688643,0.10982031654909098,15.572425759515482,-0.10979164022993092,-0.003185043581958514,-0.9939495214712879,14.260133769993088,0.011251918215933826,-0.9999347716208329,0.0019613362931972726,7.4808665938460805,78.20976454995584,67.36051970436586,31.335019367180582,21.072070099951645,7.601518655596272,61799.0,165080.7278777549, 0.0, 0.0,0.0,NaN, 80.71695574536047,80.71695574536047,0.0, 242.0049169938721, 2.0850729804713564, -4.276346359520183, 2.0850729804713564, 55.98730207646984, 0.24190115775395155, -4.276346359520183, 0.24190115775395155, 203.82300509829886, 6.090945507531436, 4.503910296028443, 27.0, 0.0
16, 0 ,1.0,1.0,1.0,218.8344611381644,29.175341277656816,269.2660565378048,13.01728913530903,14.180595778512853,14.647097343714853,70.0,65.0,64.0,-0.4094866385060722,-0.517708930513444,0.7511978142617455,15.520351512824055,-0.005291202097730866,-0.8220348753543553,-0.5694125629818065,13.752715357063678,-0.9123007706153479,0.23714157578917958,-0.33387299526446607,12.452232044418169,79.37243718541949,76.16114859842577,66.72120853390027,23.18981228116876,6.878166908868145,110687.0,403336.10969572107, 0.0, 0.0,0.0,NaN, 91.56211289685983,91.56211289685983,0.0, 169.44981643223448, 18.342314618975173, -26.297018132733076, 18.342314618975173, 201.08929663357654, -17.42516849571948, -26.297018132733076, -17.42516849571948, 214.5374605962587, 6.100087278406715, 4.586908583284362, 36.0, 0.0
17, 0 ,1.0,1.0,1.0,162.43172866790957,256.02533552282296,282.21788302692823,15.146316269725338,13.476603110543389,9.971299558631749,75.0,70.0,43.0,-0.8999714652354824,0.43200715610493784,-0.05849084403582016,15.602486379959569,-0.4357757543363789,-0.8877002889610766,0.14861927503180994,13.026523459723052,0.012282251196694972,0.15924199839409417,0.9871631740766046,9.865528275063886,77.98301332725131,64.93107002301693,46.53917943875365,21.556291971500002,6.766300264477849,80993.0,235652.08909279597, 0.0, 0.0,0.0,NaN, 145.51633611805912,145.51633611805912,0.0, 229.41089654254648, -28.81403216607042, 3.004707619144825, -28.81403216607042, 181.61883139910773, -13.238577358182813, 3.004707619144825, -13.238577358182813, 99.42681488796973, 6.54563761357739, 4.854388017889228, 29.0, 0.0
18, 0 ,1.0,1.0,1.0,40.9436295403549,85.9021625170248,38.421793703518624,12.501260585189948,12.546156332161768,15.453626269105273,59.0,60.0,78.0,0.054345519211358266,-0.024781778321546634,0.9982146202119411,15.46316967241227,-0.1378048718098747,0.9899397793396414,0.03207881834553704,12.545217404716583,-0.9889673310312691,-0.1393021778157244,0.05038374151136877,12.490397261321698,78.9276509450053,59.828780572663575,60.25177165202574,22.54908109241085,6.636343999742769,102057.0,284517.6088455955, 0.0, 0.0,0.0,NaN, 102.62454168684461,102.62454168684461,0.0, 156.28151621882373, -0.2991451741630795, 4.501960464998578, -0.2991451741630795, 157.4060387110428, -2.0120951024462976, 4.501960464998578, -2.0120951024462976, 238.81456486518059, 5.9045623301929995, 4.408182007706819, 35.0, 0.0
19, 0 ,1.0,1.0,1.0,190.8961902574085,282.91364905874815,59.33667436433762,14.408826128049128,9.901297021797108,14.44852102145844,70.0,42.0,74.0,-0.6812458202736638,0.005075228260816158,-0.732037140053539,14.743144262727409,0.7230807784815875,0.16076032261770523,-0.6717963281101744,14.20453968437061,-0.11427300709321185,0.9869804257075989,0.11318709785096007,9.761171159921044,74.34393784240734,72.55682030209987,45.16246192418143,21.626965970015032,6.832573142054388,82709.0,243613.53380666344, 0.0, 0.0,0.0,NaN, 125.36516906004897,125.36516906004897,0.0, 207.61427038835123, 11.956420592902948, 9.15271235406301, 11.956420592902948, 98.03568271384827, -11.954121941867289, 9.15271235406301, -11.954121941867289, 208.75975970752646, 6.049250001340352, 4.597311120766136, 32.0, 0.0
20, 0 ,1.0,1.0,1.0,282.6069795042072,103.99411929431531,167.93283193983277,10.465313635710356,13.22880363339524,13.892800900098566,43.0,65.0,72.0,-0.27978005310499476,0.5841306524329102,0.7619150233279749,14.492960514243814,0.22203377798348245,-0.732725307200935,0.6432842494742714,13.054733313943396,-0.9340364678742195,-0.3491489726114021,-0.07530518976441565,9.852004138695925,76.58460723566944,70.65395728281162,51.14162517345079,20.822922017837953,6.628715603606299,74991.0,276727.61857777706, 0.0, 0.0,0.0,NaN, 168.99417412798527,168.99417412798527,0.0, 109.52278949378511, -30.4003323337289, -13.605974640121019, -30.4003323337289, 175.0012455709311, 15.704182887085924, -13.605974640121019, 15.704182887085924, 193.0099168497795, 6.186409543504383, 4.526312815607072, 28.0, 0.0
21, 0 ,1.0,1.0,1.0,278.77480610944286,206.78666637862128,11.470954222385448,12.377506778238947,12.877222496376508,7.308817132743662,48.0,68.0,29.0,-0.4641744404947931,0.8856413678339379,-0.013470574322485124,13.062145775883252,-0.8857058650364477,-0.4642416395378166,-0.002195622754011776,12.183087043042875,0.008198135848096819,-0.010911814719453398,-0.999906857096272,7.307330495990976,73.75432044885738,59.294570391157094,29.625156446415662,18.29388730645661,6.146383356500476,46289.0,129557.64501191191, 0.0, 0.0,0.0,NaN, 96.28508301535737,96.28508301535737,0.0, 153.20267404535107, -9.114471897626903, 0.9177607382779, -9.114471897626903, 165.8228592211852, -1.3016121984476507, 0.9177607382779, -1.3016121984476507, 53.41880787988728, 6.427635593722599, 4.672258369391923, 14.0, 0.0
22, 0 ,1.0,1.0,1.0,53.394735614489306,188.9604646280876,48.96676229794976,13.602408672717555,11.43941904390485,12.922255627826882,71.0,59.0,68.0,-0.9071725175787807,0.042249088602583015,0.41863234211181966,13.765140556979611,0.4119160604132516,0.29208421498600545,0.8631407593953808,12.8810861932335,-0.08580898859328748,0.9554589608498418,-0.2823738507871027,11.290218961635002,67.81047371550756,66.78594530307453,60.39525681244206,21.12117193874758,6.063548153223951,85746.0,273517.22906358406, 0.0, 0.0,7.105427357601002E-15,65.25172839635479, 132.58401116611049,132.58401116611049,0.0, 185.02552169962178, 2.2498093640884065, -9.87790688194076, 2.2498093640884065, 130.86030806205298, 10.791224362533256, -9.87790688194076, 10.791224362533256, 166.9846905109035, 6.046803783532999, 4.34135945084368, 31.0, 0.0
23, 0 ,1.0,1.0,1.0,91.65441422244506,268.2920844823264,39.89544163115234,11.700308114704093,14.823976748446354,13.409796850446272,63.0,62.0,66.0,-0.03711915473894187,-0.8786049430186806,0.4761045289162955,15.356180531678568,0.35035542832999184,-0.457633891177668,-0.8172039497489563,12.973819593273841,-0.9358809978790972,-0.1364718862943117,-0.32481099436456573,11.503819923286663,75.3934361874683,73.23001666807166,58.50532695534399,22.208149623186685,6.5778597204454,95736.0,323011.571891144, 0.0, 0.0,0.0,NaN, 104.86929872884699,104.86929872884699,0.0, 136.89720997901046, -2.394557793329938, -12.130769132127174, -2.394557793329938, 219.75028663847814, -29.827549034134293, -12.130769132127174, -29.827549034134293, 179.82265157023875, 5.7576349128610165, 4.25888192064573, 32.0, 0.0
24, 0 ,1.0,1.0,1.0,69.22111817997887,62.48376908032282,161.81667153744127,13.401945597527718,12.908079123138041,11.936663549905369,64.0,62.0,59.0,-0.896710499393584,0.4328006586252734,-0.09270312923973367,13.602083418316147,-0.37212996405371,-0.8505847396301969,-0.371517012479395,12.858414461822859,-0.2396446747388594,-0.29864559364196225,0.9237863601870002,11.762614223083142,71.45452361539179,63.66724824858153,64.36624253698443,21.28054446503033,5.987738840647787,88966.0,292822.1770799913, 0.0, 0.0,0.0,NaN, 166.70457961784106,166.70457961784106,0.0, 179.6121457990926, -9.567820351011765, 7.608563243435196, -9.567820351011765, 166.6185066491921, 6.653780924173984, 7.608563243435196, 6.653780924173984, 142.48393670363944, 6.257088633022905, 4.39082573855422, 39.0, 0.0
25, 0 ,1.0,1.0,1.0,124.22755864465682,169.17716768027802,274.55234289024037,13.352343747677121,11.821028741353121,13.145041201157142,68.0,58.0,61.0,-0.919138259650971,0.3082318749837516,0.24531198684488587,13.521812574338046,-0.2748786851223471,-0.055757195933954215,-0.9598608459391351,13.148863832034532,-0.28218179975185176,-0.9496758638322779,0.13597494454208195,11.622472924091303,69.60891324004199,65.30414974938316,63.85225982177701,21.259688969402244,6.232137447493122,86325.0,290256.4671763949, 0.0, 0.0,0.0,NaN, 182.19408068140316,182.19408068140316,0.0, 178.28508355613232, -12.950573784087863, -0.791974789874192, -12.950573784087863, 139.73672050389655, 5.634688303928878, -0.791974789874192, 5.634688303928878, 172.7921081801188, 5.548116805421902, 4.2038758321583805, 29.0, 0.0
26, 0 ,1.0,1.0,1.0,277.0381376688204,207.30027291175853,288.9420120827599,13.44212204500078,13.515163474434488,6.338230588281599,57.0,64.0,28.0,0.7062427697757719,0.6954224665187346,-0.13269793969932703,13.662452891902973,0.6954923953226028,-0.7165343155496247,-0.053562138570627985,13.406335660191903,0.13233094191410702,0.05446253483662528,0.9897082166534212,6.093521227206117,71.55481573817292,64.28532790122058,32.04724098568943,18.91517666418117,6.763101918973121,42871.0,147414.89834577724, 0.0, 0.0,0.0,NaN, 96.13930320492406,96.13930320492406,0.0, 180.69064507269596, 2.3772259520252224, -19.32574910208087, 2.3772259520252224, 182.6596437406881, -8.326130053914563, -19.32574910208087, -8.326130053914563, 40.1731669902285, 6.1012296188694055, 4.383855232193418, 16.0, 0.0
27, 0 ,1.0,1.0,1.0,12.67606519768367,250.70315072801614,82.44034337940094,8.248094775638469,11.971853150874693,13.269682849902097,33.0,65.0,57.0,-0.0945350066486293,0.18462798653497886,0.9782513169456932,13.338661754091213,-0.12713471660129444,0.9723671219744064,-0.195803329741651,11.989687910008561,-0.9873701921532023,-0.14287997302368494,-0.06845010559596687,8.109766005351055,55.00376367626552,67.79366419027804,37.02795784924919,18.775586783225865,5.9091589229398975,54051.0,138073.79951412778, 0.0, 0.0,0.0,NaN, 96.88793626429535,96.88793626429535,1.9073486328125E-6, 68.03106742791459, -11.598019165291031, -8.43037182975459, -11.598019165291031, 143.32526786610833, 5.408342297505883, -8.43037182975459, 5.408342297505883, 176.0844829369858, 8.081398817275389, 4.927824603007732, 24.0, 0.0
28, 0 ,1.0,1.0,1.0,60.39681653169506,43.530347364714736,34.62353241139832,11.801190270667654,12.725112895142164,14.443247802409735,58.0,69.0,68.0,-0.3577333182914072,-0.4336208757634756,0.8270428097059642,15.329793573348667,-0.3219230499675217,-0.7740956896018347,-0.5451067906745144,12.384709104817977,-0.8765799580664774,0.46124700480542585,-0.13732726486097357,11.019092815108896,80.13131199659618,68.96778108922634,60.55615314737905,21.55831698298508,6.711405660633345,82363.0,334662.2956201663, 0.0, 0.0,0.0,NaN, 82.1063675088547,82.1063675088547,NaN, 139.2680918045009, 25.583498137258655, -27.99598011002143, 25.583498137258655, 161.9284981941134, -27.246925430865158, -27.99598011002143, -27.246925430865158, 208.60740708181362, 6.23958052768197, 4.340637285481837, 28.0, 0.0
29, 0 ,1.0,1.0,1.0,135.4180284309818,143.2121163810283,175.19472565431116,12.541005273812496,11.755871842734171,11.842336399325719,59.0,55.0,54.0,-0.8364058511428644,0.5139735190786888,0.19041132807648056,12.973032525065227,0.3237166137461775,0.18288408150990396,0.9283108136367834,11.85982313441712,-0.4423039748393505,-0.8380839065488294,0.31934708300713177,11.258920453548024,66.42948238035744,55.97348396524089,60.68926397128362,20.09697183073711,5.641807395676491,75270.0,225660.25704339132, 0.0, 0.0,0.0,NaN, 233.2897537547889,233.2897537547889,0.0, 157.27681327779285, -17.03360225759349, -2.4404017897289614, -17.03360225759349, 138.20052278279013, 6.423515480314611, -2.4404017897289614, 6.423515480314611, 140.2409313947948, 5.471965763532293, 4.096909898484002, 31.0, 0.0
30, 0 ,1.0,1.0,1.0,239.27872941116894,95.51197032423057,185.29065542431033,13.365593368560276,11.401420815975895,12.054927197527755,67.0,54.0,58.0,0.9376505355640897,-0.30706054755587125,0.162865875158254,13.611138399210013,0.19309701042155852,0.0705748348630016,-0.9786382054928758,12.023452936874678,-0.2890069509936257,-0.9490695510966247,-0.12546700545808626,11.141195779927557,74.35406927707112,60.32596443520531,56.784765667607616,20.48819534581068,5.84693115456657,78987.0,254706.98401749288, 0.0, -1.4210854715202004E-14,0.0,72.1178255813098, 161.14540921206242,161.14540921206242,0.0, 178.63908609370245, -17.32373097672093, 5.474229052608478, -17.32373097672093, 129.99239662296844, -4.468973561518787, 5.474229052608478, -4.468973561518787, 145.3212697376944, 5.723397237435686, 4.275749997069456, 32.0, 0.0
31, 0 ,1.0,1.0,1.0,275.9702356915622,65.07495247756843,239.89889787355585,14.185375137676536,13.860097754135202,12.929992803437147,57.0,73.0,65.0,-0.8747574553058568,0.39092151165401867,-0.2863210891865251,14.45243871870084,0.34873050361751806,0.918145295954681,0.18813891506799785,13.755346185548246,-0.33643191024855756,-0.06472702096055342,0.9394806983243872,12.74477766952613,68.86128325017489,74.00280693218227,72.58476784129094,22.68872552716569,6.76266407569178,101531.0,369886.7689232938, 0.0, 0.0,-2.8421709430404007E-14,73.3621673748651, 91.78410259674673,91.78410259674673,0.0, 201.2248677966116, -7.307310019725734, 13.389383236389719, -7.307310019725734, 192.10230975418366, -0.5724124929111225, 13.389383236389719, -0.5724124929111225, 167.18471389693642, 5.390364665963433, 4.065811952473916, 29.0, 0.0
32, 0 ,1.0,1.0,1.0,132.26373976565182,275.81791439917635,59.51903466196009,12.588515276502411,12.313538905706183,12.703486852518456,62.0,54.0,68.0,0.5501183801802855,0.30643384078711755,-0.7768320725924456,13.450612585679206,0.651290803966219,-0.7396687829333111,0.16944137695082245,12.697314105285397,0.5226758617507176,0.5991564009291822,0.606482935265894,11.37241271863066,72.27707338487511,69.41964183382946,63.04383380598779,20.845346018078075,6.078164595318074,81588.0,316319.19233822316, 0.0, 0.0,0.0,NaN, 147.04076172236472,147.04076172236472,0.0, 158.47071686673456, -6.666371059977911, -18.526530713537266, -6.666371059977911, 151.62324038233982, -16.27700422932202, -18.526530713537266, -16.27700422932202, 161.37857821210926, 6.167606530065334, 4.28199722142063, 25.0, 0.0
33, 0 ,1.0,1.0,1.0,35.952243926108984,176.99867971156775,209.79492648137492,12.809475758114818,13.103253790121444,12.963326194538856,67.0,62.0,67.0,0.18713196402121757,0.7795098726274559,0.5977842307370524,13.568160778610121,-0.8077016883775011,-0.22425750636287242,0.5452765843423321,13.02996453842082,-0.5591060817355649,0.5848700106145246,-0.5876456926159419,12.245439654228921,60.80596344617095,77.49956419439765,74.59708282693832,21.52354075192508,6.368904820477913,88617.0,351533.95380502054, 0.0, 0.0,0.0,NaN, 156.71261571590367,156.71261571590367,NaN, 164.08266919773118, 8.572377901975463, -4.913660709918154, 8.572377901975463, 171.69525988833198, 13.485708232035844, -4.913660709918154, 13.485708232035844, 168.04782602601725, 5.467390051165998, 4.191663212663745, 43.0, 0.0
34, 0 ,1.0,1.0,1.0,201.18436301661697,175.6981536713535,193.79288453344697,12.786323527919368,10.736525071012327,11.97727611916285,66.0,55.0,59.0,0.9774574193763981,0.17970053854284856,0.11083640987258042,12.861437692171135,0.11379872749313336,-0.0062280115430050215,-0.9934843035967726,11.966750000334846,-0.1778393739501354,0.9837016459880661,-0.026537308706679027,10.658259619452648,64.22154180391982,58.37918229821409,53.51699779007984,19.7544132041364,5.655204873030732,70410.0,200645.986792927, 0.0, 0.0,0.0,NaN, 191.03777241390748,191.03777241390748,0.0, 163.49006936062437, 9.08084458446501, 2.2668451338065734, 9.08084458446501, 115.27297060047626, 1.215256000417026, 2.2668451338065734, 1.215256000417026, 143.4551432346687, 5.763139191974193, 4.205874084761467, 33.0, 0.0
35, 0 ,1.0,1.0,1.0,164.54693403741976,9.61002867938271,224.91496335412208,13.055788214780591,6.565139150363281,13.304201678013,60.0,27.0,70.0,0.6522753952527272,-0.07229370100823215,0.7545266261321939,14.1182346976422,0.7577976375060246,0.04023897418187961,-0.6512476990723868,12.211707669278805,-0.016719729010563886,-0.996571345038238,-0.08103088861965504,6.488920178615975,70.87607243457097,55.75524256952883,28.985925474988658,18.644450169983582,6.552932024748629,43934.0,114544.04724000435, 0.0, 0.0,0.0,NaN, 155.1697407937337,155.1697407937337,0.0, 170.45360590920376, -4.1503477747732305, 24.56078084316934, -4.1503477747732305, 43.10105206363271, -11.38038723662367, 24.56078084316934, -11.38038723662367, 177.00178228924392, 6.324940377066011, 4.31446988196218, 17.0, 0.0
36, 0 ,1.0,1.0,1.0,104.09745188595404,229.57267734087034,157.07070324451115,12.173619772950175,11.029061287340884,11.948811916866553,60.0,53.0,58.0,-0.8348702725147541,0.5442811578322587,0.08215624930531178,12.899928760455191,-0.17855615679394282,-0.12660222072602384,-0.9757507758532485,12.015690268059323,-0.5206815984285573,-0.8292948202756463,0.2028811822763938,10.090903965363184,60.238791479425046,57.90195727200148,53.76800968553647,19.543327091648052,5.538021638617585,68639.0,187539.80303013342, 0.0, 2.8421709430404007E-14,0.0,57.024445847092494, 190.32884998628103,190.32884998628103,0.0, 148.19701837636347, -28.384368052172615, 2.983756552360394, -28.384368052172615, 121.64019287992134, 8.144200773099486, 2.983756552360394, 8.144200773099486, 142.77410622465214, 5.905562828944629, 4.141766578075815, 23.0, 0.0
37, 0 ,1.0,1.0,1.0,52.03805663754079,20.38336930203179,166.44615222655017,12.683420017233598,11.70969416070048,12.42156233107203,67.0,51.0,60.0,0.5503715801671326,0.3500380978364055,-0.7580002993451943,13.076284991734948,-0.7923087983703718,0.5052946470946336,-0.3419416436212572,12.664980661215344,-0.2633208912510177,-0.7887652690633518,-0.5554380780520805,10.995013737207477,75.50928123339762,63.18535311097534,61.77695878089949,20.39778793136987,6.017602423080421,75992.0,294742.8494360869, 0.0, 0.0,0.0,NaN, 144.77593494019897,144.77593494019897,0.0, 160.8691433335619, -6.16676365961517, -10.19578734918394, -6.16676365961517, 137.1169373371429, -20.119522486789183, -10.19578734918394, -20.119522486789183, 154.2952107447076, 5.467853662721144, 4.045475912469361, 25.0, 0.0
38, 0 ,1.0,1.0,1.0,187.315244064897,65.71416151332856,63.16478061503513,12.111629573935032,10.987151836572211,12.723194040115276,61.0,58.0,62.0,-0.5999653554293511,-0.16598429764558637,0.7826179049955566,13.284242996802314,0.6259033171407702,0.5118968160640087,0.5883933100365023,11.92385071757919,0.4982836640676809,-0.8428587441787809,0.20323023270334278,10.518527228910402,65.88001068684996,57.64989911318679,54.45548338152032,19.907832787792387,5.74168413376029,71313.0,206820.61729991803, 0.0, 0.0,0.0,NaN, 144.93444985130031,144.93444985130031,0.0, 146.69157093621766, 16.660804271575564, -19.295828712949884, 16.660804271575564, 120.71750547989211, 0.9476938013668327, -19.295828712949884, 0.9476938013668327, 161.87966658242487, 5.2383714446097, 3.9179486770470002, 32.0, 0.0
39, 0 ,1.0,1.0,1.0,92.30508724832215,159.15457718120805,106.48186577181208,11.424488399649348,11.652837249450196,13.215045574610599,57.0,56.0,62.0,-0.1937136118453275,0.30590108508508657,0.932147822359525,13.31442196994786,0.6527266700294695,-0.6691443045622973,0.3552376583416802,12.617977336001482,-0.732408991491829,-0.6772521139247977,0.07004743654349749,10.220459688744644,64.51314863107837,58.25183287545344,52.61145297182398,20.188891812453644,5.7752600010710715,74500.0,197714.32178532894, 0.0, 2.8421709430404007E-14,0.0,72.1876164502682, 199.2386759622008,199.2386759622008,0.0, 130.51893519372254, -28.230367580560472, -0.45203123661115197, -28.230367580560472, 135.788615962174, 7.747447433177982, -0.45203123661115197, 7.747447433177982, 174.6374295390352, 6.159604289637716, 4.281506390100621, 28.0, 0.0
40, 0 ,1.0,1.0,1.0,85.2546256399858,208.13253409033305,191.15145485882294,13.754020809477861,12.275324042682154,10.789514962661402,64.0,61.0,57.0,-0.9561492183445639,0.2913009078776116,-0.030371916777817743,13.889854430612589,-0.2843829539088804,-0.898606228950517,0.3341155201683846,12.304895665248596,0.07003576075933715,0.32810154885493864,0.9420426560691668,10.579782061726654,63.739888003011984,58.61536701456656,59.89308654266662,20.545770211407238,5.843083803091985,78908.0,223768.77240970987, 0.0, 2.8421709430404007E-14,0.0,73.06414446284742, 165.99996465369745,165.99996465369745,1.9073486328125E-6, 189.17308842755006, -12.470951930640386, -1.3989966926480346, -12.470951930640386, 150.68358035285053, -12.569611635240609, -1.3989966926480346, -12.569611635240609, 116.41363312949429, 5.6094686358766, 4.074243653267697, 20.0, 0.0
41, 0 ,1.0,1.0,1.0,288.6018933187693,77.18882213726562,284.93755689058804,7.604388773594391,12.087692763480522,8.152157391026268,34.0,63.0,34.0,0.14927657146380321,-0.9803067552144079,-0.1292871644557632,12.212160037661805,0.5474883420133311,0.1908238410095192,-0.8147654736559893,8.558955513507723,0.8233911710551107,0.05084218114295712,0.5651920488162592,6.92850220644143,63.37073977300098,46.72326059579112,35.73347249644786,15.52237812444311,5.427015059325243,27465.0,105802.79521095369, 0.0, 0.0,0.0,NaN, 79.46639724612798,79.46639724612798,NaN, 57.82672861996841, -12.16131144187648, -13.215902164875775, -12.16131144187648, 146.1123163442994, 8.891637719476062, -13.215902164875775, 8.891637719476062, 66.45767012806422, 6.916670852262596, 4.380007680833597, 9.0, 0.0
42, 0 ,1.0,1.0,1.0,120.959371166796,236.35822464765815,77.22514832152602,11.980248281959092,12.07131495266751,12.823841970046702,63.0,60.0,66.0,-0.07325557884691314,-0.08493134547047479,0.9936902368064094,12.836765110071976,-0.6446745859557372,0.7642499685269897,0.01779505069659708,12.280467634710192,-0.7609390898032528,-0.6393032552420415,-0.11073865380402176,11.751659144064876,66.55922968748001,59.34619431625019,60.368082519848116,20.507751339079455,5.755523561856695,79894.0,238456.15827895346, 1.4210854715202004E-14, 0.0,0.0,85.79900141849375, 156.98779753963797,156.98779753963797,0.0, 143.52634889738377, -6.095328845641756, -2.0879936985045173, -6.095328845641756, 145.71664468649422, -2.0789263894919268, -2.0879936985045173, -2.0789263894919268, 164.4509228727313, 6.297179357731486, 4.3194924315972285, 36.0, 0.0
43, 0 ,1.0,1.0,1.0,24.049823207971713,189.15558934797122,121.83361768414807,12.645304714850052,12.25479872676901,12.222311466906229,53.0,59.0,57.0,-0.6625228322258815,-0.4479444818894057,0.6003409347397767,13.662766761159633,0.6069432943606757,-0.7907279136597587,0.07980729283652493,12.024413449686964,0.43895709837067987,0.41724705835286235,0.7957521964065676,11.323029911655032,69.68222449378851,62.999325155623296,58.22212719323235,20.63046852134169,5.818289211532425,80886.0,255591.24439225593, 0.0, 0.0,0.0,NaN, 166.45812616732607,166.45812616732607,1.9073486328125E-6, 159.90373133140898, 9.490381214643783, -22.45872560476598, 9.490381214643783, 150.18009183361937, -16.7544702242044, -22.45872560476598, -16.7544702242044, 149.38489759406747, 6.078206473174881, 4.305224356735644, 22.0, 0.0
44, 0 ,1.0,1.0,1.0,217.00077001383414,135.90095533919762,205.91929210931588,12.719816313810476,12.540250431979523,11.691783479180687,69.0,59.0,61.0,0.5999043211197953,0.6590893228904988,0.4535593345457031,14.349341101629435,-0.7924958186568045,0.4116849769715101,0.4499620618979428,11.724639461773304,0.10984162650506674,-0.6293780614127809,0.7692971291373772,10.600879601165206,67.75694360116017,59.71479302665851,53.3402940260882,20.489805678652342,5.993102045599132,76622.0,215819.72964297168, 0.0, 0.0,-2.8421709430404007E-14,63.027722470463345, 184.95707998780495,184.95707998780495,0.0, 161.79372705707914, 28.793529843060384, 16.501014875173304, 28.793529843060384, 157.2578808967626, 32.60544631851813, 16.501014875173304, 32.60544631851813, 136.69780092404247, 5.620897996141227, 3.876962561060444, 30.0, 0.0
45, 0 ,1.0,1.0,1.0,125.48074552179273,91.98727971571543,212.9676118645297,12.671209787100418,10.579901804991913,12.298079872256167,61.0,53.0,65.0,0.7238542789902067,0.15224573612308662,0.672945925479832,13.585677318988623,-0.6406584862114506,0.5103622533712436,0.573661114578179,11.817995048923862,0.25610874025073904,0.846375570397779,-0.46696542377462325,9.97501944982074,64.22813812389168,58.60177375324713,53.34788929987472,19.77505579403484,5.716976172705083,68945.0,200795.20396190372, 0.0, 0.0,0.0,NaN, 178.27426541922793,178.27426541922793,NaN, 160.55955746870941, -3.757348410724291, 26.677561893540663, -3.757348410724291, 111.93432220327112, 20.47466234832565, 26.677561893540663, 20.47466234832565, 151.24276854439225, 6.077611181998202, 4.210788914363254, 37.0, 0.0
46, 0 ,1.0,1.0,1.0,107.76171505545842,211.22606116190423,279.3124874609498,12.226665772299821,12.283358615346833,11.520251752036682,62.0,60.0,47.0,-0.7348579968759862,-0.620635833097795,-0.273486539161289,12.663193747092617,-0.4887870925483698,0.7641879412036305,-0.420837223492728,12.078926227074552,0.47018177610954365,-0.17557890873895543,-0.8649284041008902,11.261950121339222,64.28625687308329,66.68069081356657,58.7719182312068,19.936899360315465,5.967285740412797,69782.0,251934.7618943268, 0.0, 0.0,0.0,NaN, 141.14309272358017,141.14309272358017,0.0, 149.49135590752797, 8.167305967156917, 10.660113517822019, 8.167305967156917, 150.88089887321524, -0.44216975289447863, 10.660113517822019, -0.44216975289447863, 132.71620043030424, 5.150233845830968, 3.9636806667531466, 27.0, 0.0
47, 0 ,1.0,1.0,1.0,279.28334721269715,233.55472959733515,46.3621166846282,11.293432969633313,12.42531002640541,14.222572419432531,49.0,63.0,69.0,0.27589924919696085,0.08291007321700924,0.9576040539031273,14.481408162591654,0.17165964663077113,-0.9845062895546792,0.03578172083449154,12.443939472519338,0.945733879064905,0.15450982359199347,-0.28585685998838495,10.938405356842166,70.40475464867095,59.59166535894721,57.23565924029987,21.075822218893336,6.326234386715213,81656.0,240134.3019488231, 0.0, 0.0,0.0,NaN, 83.62774375213044,83.62774375213044,0.0, 127.54162823960071, -3.8891297478880476, 24.010932525077756, -3.8891297478880476, 154.38832925229082, 5.9104070801461335, 24.010932525077756, 5.9104070801461335, 202.28156622600292, 5.717138175742101, 4.067070057349127, 20.0, 0.0
48, 0 ,1.0,1.0,1.0,225.56941374003077,232.82680845109837,166.95469427731916,13.68619461438185,11.039971029541322,11.366065875137723,71.0,57.0,60.0,-0.9806416604322186,0.1690210083951976,0.09886269542052716,13.772360106243019,-0.16717704054310437,-0.4598202571793369,-0.872133687116131,11.500280521679253,-0.1019498452180812,-0.8717781998929536,0.47917533247383504,10.791013940333281,71.5996065128181,57.46618678680693,56.01725647877113,20.075346358875134,5.946495220297631,71470.0,230486.1590112478, 0.0, -2.8421709430404007E-14,0.0,80.2690966960427, 166.59292664669096,166.59292664669096,0.0, 187.3119230227348, -10.922747960345529, -4.794574483136733, -10.922747960345529, 121.88096033311167, 7.564085710992795, -4.794574483136733, 7.564085710992795, 129.18745347797025, 5.416550831818424, 3.9643495557030395, 35.0, 0.0
49, 0 ,1.0,1.0,1.0,237.886994022651,274.13641726090606,96.86700398489933,12.147213776450979,11.772723472187153,12.779494145584282,61.0,56.0,64.0,0.2636034993813988,0.5294770001137252,0.8063295241180568,13.26752531473317,-0.8478529460178246,-0.2714914688672422,0.4554533612360368,12.3570615086111,-0.460063666292805,0.8037079623114843,-0.37735253314950057,10.988316249349863,71.99562905131143,61.072905432869135,57.45059863929871,20.367758147461206,5.884022361183285,76288.0,252609.2621603993, 0.0, 0.0,0.0,NaN, 117.94137053915667,117.94137053915667,0.0, 147.55480253080046, 15.071414288043355, -0.5885140342673636, 15.071414288043355, 138.59701795258633, 19.651466672728994, -0.5885140342673636, 19.651466672728994, 163.31547061702292, 5.743570126182534, 4.098367275543542, 25.0, 0.0
