// Sample: .//bubblelabels.tif, Map: .//bubblelabels.tif, Thickness:(8.191250068658265):/gpfs/home/mader/Foam/NewValid/InSilicoTest/LatticeDataPhi_16.0/out_Step_05000.vtk/distmap.tif, Neighbors:(1.0):
//LACUNA_NUMBER, TRIANGLES, SCALE_X, SCALE_Y, SCALE_Z, POS_X, POS_Y, POS_Z , STD_X, STD_Y, STD_Z,PROJ_X, PROJ_Y, PROJ_Z, PCA1_X, PCA1_Y, PCA1_Z, PCA1_S, PCA2_X, PCA2_Y, PCA2_Z, PCA2_S, PCA3_X, PCA3_Y, PCA3_Z, PCA3_S,PROJ_PCA1, PROJ_PCA2, PROJ_PCA3,OBJ_RADIUS, OBJ_RADIUS_STD, VOLUME, VOLUME_BOX, Mask_Grad_X,Mask_Grad_Y,Mask_Grad_Z,Mask_Angle, Mask_Distance_Mean,Mask_Distance_COV, Mask_Distance_STD, SHAPET_XX, SHAPET_XY, SHAPET_XZ, SHAPET_YX, SHAPET_YY, SHAPET_YZ, SHAPET_ZX, SHAPET_ZY, SHAPET_ZZ, Thickness, Thickness_STD, Neighbors, Neighbors_STD
1, 0 ,1.0,1.0,1.0,130.57164028214967,15.311697263515843,180.62662270523631,21.001787908786472,9.433070842295903,11.406594576860458,86.0,38.0,46.0,-0.9785695865534281,-0.028733058676552407,0.20390187741102836,21.34550712819797,0.18273303083916542,0.33529031822745525,0.9242234805193298,10.945479182681888,0.09492209286032845,-0.9416765972678846,0.3228544291859624,9.205114427524084,88.01694003100158,55.404691678267255,45.506238587755014,24.010361657453657,9.147177367939152,87046.0,221913.5126261452, 0.0, 0.0,0.0,NaN, 73.68902872209706,73.68902872209706,0.0, 441.0750953656496, 12.577260940935961, -68.08306090101651, 12.577260940935961, 88.98282551577314, 8.69443136688054, -68.08306090101651, 8.69443136688054, 130.1103998408624, 11.245528882092033, 6.419324031479051, 11.0, 0.0
2, 0 ,1.0,1.0,1.0,180.78182374273604,165.68831214226418,92.1467820159916,11.320617647266419,16.20467158834861,15.410529488768413,49.0,67.0,79.0,0.15522850102314353,0.9058046165647458,0.39423610829058087,16.53431227721331,0.0744213758749388,0.38721688779050034,-0.9189801633456081,15.194897328542996,-0.9850713533967927,0.1719915068247087,-0.007304128776053627,11.133903045233668,81.18918694094822,84.66330552160233,54.89887258096503,23.939353206971134,7.425601144549819,114435.0,377360.8475619702, 0.0, 0.0,0.0,NaN, 100.18812134282503,100.18812134282503,0.0, 128.15638391559986, 24.090576215807207, 1.8314650814280005, 24.090576215807207, 262.59138128623266, 15.310599213058925, 1.8314650814280005, 15.310599213058925, 237.48441912420083, 7.8606364489000145, 5.533179763955221, 17.0, 0.0
3, 0 ,1.0,1.0,1.0,169.9494107899098,64.4609056474735,167.56230765183997,15.159214085467172,15.739106437389239,15.780333644110353,65.0,78.0,67.0,-0.3177063868493972,-0.7196723023985024,0.617360857939293,17.417949439317635,-0.785843422289052,-0.16448150681995868,-0.5961509452808634,15.434815049110469,-0.5305777675328399,0.6745499322323549,0.513292919808167,13.598591647117814,96.84503318089558,79.52808162850667,75.61490950415326,25.819072056246284,7.740522670360387,152068.0,582378.4491375296, 0.0, 0.0,0.0,NaN, 78.16936838455297,78.16936838455297,0.0, 229.8017716890263, 33.9768836779998, 1.740266412168334, 33.9768836779998, 247.71947144746738, -47.40540140601535, 1.740266412168334, -47.40540140601535, 249.01892991944115, 7.8220485580530115, 5.425661958667647, 19.0, 0.0
4, 0 ,1.0,1.0,1.0,16.0108624160405,44.44651505789967,15.883981424272019,10.0423287265671,11.941060120901927,10.450633791022177,44.0,57.0,41.0,0.17255268668563775,0.9199192782621786,-0.3520995481382504,12.14884905291086,0.6158720252124413,-0.3797316861749471,-0.6902937744724755,10.807967137377666,-0.7687179059175696,-0.0977362164006943,-0.6320762716044501,9.393952455938605,56.15777429123485,60.90603902016042,47.698669374237184,17.985448738155778,5.401542685627339,50173.0,163146.0289485267, 0.0, 0.0,0.0,NaN, 49.841160520037036,49.841160520037036,0.0, 100.84836625243479, 2.7400324735105626, -15.750000396153899, 2.7400324735105626, 142.58891681099433, -11.735212880392767, -15.750000396153899, -11.735212880392767, 109.21574663405455, 9.561847105152742, 5.887066922273561, 7.0, 0.0
5, 0 ,1.0,1.0,1.0,30.61405324122324,108.60823184349225,173.9604189619748,16.088624755297833,14.563229180863674,13.64278630729231,74.0,70.0,64.0,-0.9870497452964735,0.025931819122473367,0.15830458321592208,16.153583788053442,0.04352998222060608,-0.9065203423401884,0.4199119069177507,14.82460595087746,0.15439540458848242,0.4213649364629516,0.8936518613876051,13.27967989528097,78.2630187295834,76.18374041796064,71.79998620504307,24.599596710573785,7.205341809719217,134332.0,428098.0480806066, -3.552713678800501E-15, 0.0,0.0,9.230954013203375, 99.83854627980716,99.83854627980716,0.0, 258.8438465167822, -3.878474377468882, -12.423667323619375, -3.878474377468882, 212.0876441743592, -16.180590114701452, -12.423667323619375, -16.180590114701452, 186.12561822644253, 7.606589528464527, 5.180476577833671, 19.0, 0.0
6, 0 ,1.0,1.0,1.0,41.04785081803788,14.050035184425028,24.032912097578137,14.8057685147755,8.468443800499891,14.776485727968202,81.0,35.0,61.0,-0.7356719546396581,-0.20014286616554025,0.6470931990677293,15.993941933596325,-0.6353985889958097,-0.12702515863706582,-0.7616647833367134,13.842403883703364,-0.23463888905890945,0.9714975255739311,0.03372164801621862,7.8645742624361805,92.24826924827667,77.98046677324051,39.60942735579208,21.280828297300957,7.5097402861192375,68212.0,284932.914840875, 0.0, -1.7763568394002505E-15,-3.552713678800501E-15,78.31358796583422, 49.597483901437904,49.597483901437904,0.0, 219.2107813131175, 39.030972338562556, -29.53274240729644, 39.030972338562556, 71.71454040222503, -12.564861446505812, -29.53274240729644, -12.564861446505812, 218.34453046884798, 7.58185247258064, 5.235588673380173, 9.0, 0.0
7, 0 ,1.0,1.0,1.0,159.43147653739987,176.28808543373003,137.77453278428888,13.4956938308524,14.429270993077873,14.840358058270024,73.0,59.0,79.0,-0.5602836721329594,0.822688728406843,0.09625727449672357,15.32191715166188,-0.23996269391947403,-0.049990128825506096,-0.9694941426057805,14.959291870231313,-0.7927799898257493,-0.5662898932281418,0.22542325647444708,12.3301371526957,75.07178468983385,79.22962689897088,71.66478262839684,23.584333841371137,7.3724512832726,110495.0,426255.6408099967, 0.0, 0.0,0.0,NaN, 77.97479566210588,77.97479566210588,NaN, 182.1337519761075, -37.27229070219016, 12.229977600581261, -37.27229070219016, 208.2038613916785, 10.028563033715804, 12.229977600581261, 10.028563033715804, 220.23622729766004, 7.808010261016138, 5.101313810603473, 21.0, 0.0
8, 0 ,1.0,1.0,1.0,88.772095986409,123.66925037162879,79.44189849224888,13.722527244028104,12.419721038920041,12.739785513851304,74.0,60.0,63.0,-0.8927122050997693,-0.3587644002018099,-0.2726775091820794,13.834200528774996,0.4353349158973698,-0.5303089041944944,-0.727499812462288,13.387768169938617,0.11639772277212931,-0.7681540023197625,0.6295959012363346,11.58628148908191,70.88819941979345,71.66705897684248,57.90860850721882,21.63286708451341,6.072760598813631,94180.0,294195.9279198599, 0.0, -1.4210854715202004E-14,0.0,68.97566701151003, 141.4845701859467,141.4845701859467,0.0, 188.30775396309355, 7.914862921815404, -0.33879901000598056, 7.914862921815404, 154.2494706845931, 22.94743191796127, -0.33879901000598056, 22.94743191796127, 162.30213493893552, 7.338951098663231, 4.966989679535016, 22.0, 0.0
9, 0 ,1.0,1.0,1.0,172.29303517914525,39.49237564539229,16.736306851689154,15.171151522808417,13.041028550835225,10.975362150626811,69.0,69.0,51.0,0.9084938100365068,0.28393939988236594,0.3066225926441074,15.78926532316368,0.3154619804215963,-0.9471906298641973,-0.057564308438042486,12.826248378491325,0.27408527146462397,0.1490245882125083,-0.9500889095628137,10.338147397726196,84.75275643759565,75.82852998693089,55.517100160512484,21.695161840113382,7.071830828042756,83089.0,356790.4669887978, 0.0, 0.0,0.0,NaN, 51.06297681035404,51.06297681035404,0.0, 230.16383852801215, 19.51759724856535, 38.62757285290532, 19.51759724856535, 170.06842566369951, 15.542249279574351, 38.62757285290532, 15.542249279574351, 120.45857433741159, 7.724723110187325, 5.066210562682562, 10.0, 0.0
10, 0 ,1.0,1.0,1.0,75.94686525451168,54.60393483410303,43.46199792096249,12.785708148091883,14.318459808736506,16.86505347012824,64.0,67.0,81.0,-0.22405245950025748,0.5158137045400889,0.8268837388656972,18.503451698303557,0.5911315541894808,-0.6026307223896793,0.5360967245503574,12.649812239176356,-0.7748315823670421,-0.6089108593552284,0.16989286131519205,12.268951799359304,89.42696748187885,64.42834909570239,64.01416624673936,24.337662573878198,7.784653693837889,117362.0,368826.06098634726, 0.0, 0.0,0.0,NaN, 103.14291689028225,103.14291689028225,0.0, 163.47433284818317, -25.552903515400857, -32.53565873932519, -25.552903515400857, 205.01829129440264, 78.76160127946162, -32.53565873932519, 78.76160127946162, 284.4300285502847, 7.502603466968344, 4.787563663494811, 18.0, 0.0
11, 0 ,1.0,1.0,1.0,60.6191089693155,72.97826514555469,138.796705350118,12.563533062561318,15.907256645467529,11.95800607488217,63.0,79.0,60.0,-0.14920482908740612,0.9637323929249122,0.22126408159531705,16.198759924128577,-0.8941242005060299,-0.03594470818819481,-0.44637416146403314,12.690263599474376,-0.4222319659221113,-0.2644387505273891,0.8670595793675672,11.420791259018019,80.5018099027171,62.650855318600804,54.2635994570519,22.566486680189122,6.68062610827864,101680.0,273678.8570068801, 0.0, 0.0,0.0,NaN, 112.89972024716847,112.89972024716847,0.0, 157.84236301407137, -17.992041396320243, 7.859545648158161, -17.992041396320243, 253.04081398477084, 28.631311160737315, 7.859545648158161, 28.631311160737315, 142.9939092869189, 7.931883313035831, 5.1318701910199875, 22.0, 0.0
12, 0 ,1.0,1.0,1.0,42.2071928393047,55.168644759290856,175.8108201666543,13.069759638444934,12.398469055641524,12.094461866513143,70.0,60.0,50.0,0.7508902759110786,0.28805247488864194,0.5942975393291756,14.334115186312552,0.37523319231866537,-0.9265935244403395,-0.02498983488488327,12.30573277177026,0.5434738677475932,0.24176478688129663,-0.8038569169321824,10.673272344799814,71.39508587951045,53.24956054364937,55.73001052578084,20.833555005574272,6.064622461512448,80886.0,211871.95473184637, 0.0, -7.105427357601002E-15,0.0,73.25860359894904, 73.55367368772971,73.55367368772971,0.0, 170.81861700672425, 6.7588665835749895, 40.50179839313393, 6.7588665835749895, 153.72203492370042, 16.540632521161633, 40.50179839313393, 16.540632521161633, 146.2760078405406, 7.53737653540033, 4.976092733841851, 11.0, 0.0
13, 0 ,1.0,1.0,1.0,77.84470403304104,185.85891291282036,26.775231549261047,12.836827502942164,8.060969632842983,15.259799563522476,60.0,33.0,60.0,-0.006142259689353608,0.032180505216093606,0.9994631997877385,15.265621912115988,-0.9997051647895627,-0.023677504209989028,-0.0053813834149513155,12.838878510186325,0.023491618483648606,-0.9992015766993271,0.032316450649719775,8.046666435101551,60.956041543123156,60.36222448296919,33.499292469884125,20.443643626394593,6.684481263176883,64889.0,123258.7125016322, 0.0, 0.0,3.552713678800501E-15,1.8774284685655447, 83.52653060265044,83.52653060265044,0.0, 164.78414034029237, 2.3358699536514718, -0.49467539456755716, 2.3358699536514718, 64.97923142161673, 5.425515030798574, -0.49467539456755716, 5.425515030798574, 232.86148271888075, 7.193287982614713, 4.868894254384269, 9.0, 0.0
14, 0 ,1.0,1.0,1.0,187.01517878569715,55.35733141348692,93.9792816574674,8.125389087927319,12.718515762251094,13.505067929010226,33.0,54.0,72.0,-0.18413464033420054,0.5654302523182544,0.8039795171472405,14.551982798960804,-0.1003572135644658,-0.8245064828055343,0.55688193497116,11.760848779638236,-0.9777642169329838,-0.021856110700726548,-0.20856520925232655,7.751882570914567,83.05325833014682,57.018700876623335,39.19258328551672,19.134870677021638,6.635222299640647,50004.0,185599.9621166445, 0.0, -7.105427357601002E-15,0.0,55.56782586687752, 109.84145439697903,109.84145439697903,NaN, 66.02194783020835, -9.318198834949989, -26.824899503600083, -9.318198834949989, 161.76064319462952, 33.030021505167014, -26.824899503600083, 33.030021505167014, 182.38685976718054, 8.109676199889561, 5.1250797847642975, 12.0, 0.0
15, 0 ,1.0,1.0,1.0,183.65948581721585,19.415203507941996,177.19879550954312,9.543201399277256,11.453397342802102,12.193351687368933,37.0,45.0,49.0,0.12518261191601934,0.550965318846145,0.8250857719671627,12.732978862444252,-0.1892184051627814,-0.8031044454310522,0.5649952609328112,10.95422424556111,-0.9739228454151474,0.226848996377871,-0.003718066811645547,9.423749226164995,69.10330314386408,58.091668586371284,42.089823255847676,18.452042936978195,5.518418293591113,54961.0,168962.27959511234, 0.0, 0.0,0.0,NaN, 34.11535515318878,34.11535515318878,0.0, 91.07269294716738, 9.796483572917785, 4.238905004659615, 9.796483572917785, 131.18031069210625, 19.18002740984043, 4.238905004659615, 19.18002740984043, 148.6778253718628, 8.008264428338544, 5.188649612193596, 4.0, 0.0
16, 0 ,1.0,1.0,1.0,185.63454410674575,14.42536137879911,93.93061990363232,8.483499234522029,8.574126690107304,15.872866975103037,35.0,31.0,69.0,-0.23950261304351764,-0.0615525894428532,0.9689426077318546,16.267088562999476,0.4102293818312606,-0.9109428134344271,0.04353211383004831,8.717216986362597,0.8799717908135852,0.40791478201341264,0.24342386486801385,7.5382538737870854,74.13969297178383,40.05546646102209,41.274614569278384,18.72099939707724,6.852553928582858,43168.0,122573.22227807096, 0.0, 0.0,0.0,NaN, 96.11149114133352,96.11149114133352,0.0, 71.96975926213584, -4.09844094903784, -47.87906644737494, -4.09844094903784, 73.51564849801044, -13.15293834948318, -47.87906644737494, -13.15293834948318, 251.94790600931663, 7.899476596505676, 5.191290196385829, 7.0, 0.0
17, 0 ,1.0,1.0,1.0,101.18347071283846,85.02893028181985,13.820961503039234,14.435399819556817,17.218588441671752,9.419368726117554,73.0,83.0,38.0,-0.1413277526405149,0.9803509864584289,0.13761689461532825,17.404305031039943,0.9878217546089969,0.1305150375080528,0.08469950475341546,14.38704195275743,-0.06507416887508995,-0.14791135295931981,0.9868574285128322,9.14812840469623,86.43095496493183,71.98469921716818,42.54837152717482,22.981060467157523,8.090483476130581,86864.0,264723.4710238177, 0.0, 0.0,-1.7763568394002505E-15,82.09003041791559, 131.09402893381352,131.09402893381352,0.0, 208.380767950461, -14.476964702308937, 6.052499729762051, -14.476964702308937, 296.47978792367206, 30.93882303074787, 6.052499729762051, 30.93882303074787, 88.72450719856144, 7.671762691267956, 4.863401082454023, 15.0, 0.0
18, 0 ,1.0,1.0,1.0,77.24075141305552,123.62011526099967,126.3647678155824,11.075493392400686,13.778560834743317,14.035550956228171,57.0,62.0,66.0,0.05127517039670275,-0.6758517731481143,0.7352518191975723,14.882282383474582,0.4083213111280033,-0.6576853441561212,-0.6330274045892116,13.284448551824214,-0.9113970395933364,-0.33267757486009675,-0.24224175405100454,10.561869197219263,69.29790153612875,62.34349579740902,56.013197296839735,21.662906000591256,6.342750729476046,90230.0,241992.3281893934, 0.0, 0.0,-1.4210854715202004E-14,42.67150121848322, 131.2332575624392,131.2332575624392,0.0, 122.66655388511124, -21.24453910910686, -12.636981616512161, -21.24453910910686, 189.84873867672246, -27.596396471077078, -12.636981616512161, -27.596396471077078, 196.99669064487753, 7.260158918050682, 4.595241508724371, 18.0, 0.0
19, 0 ,1.0,1.0,1.0,182.37352390082356,148.4822868098828,36.271195549551905,10.515656409535017,13.889418497930071,11.328448587931543,44.0,67.0,52.0,0.020872968065853766,-0.9997289242968589,0.010314898369236858,13.890781403219934,-0.4389335856996201,-0.01843303037503793,-0.8983304128972075,11.57200924225257,0.8982770321838339,0.014223266693652046,-0.43919935352361916,10.245170445074379,67.25464554070992,57.91660073135073,49.688493913522095,19.93355661628358,5.872141344420429,68847.0,193544.65646653893, 0.0, 0.0,0.0,NaN, 65.42451420230684,65.42451420230684,0.0, 110.57902972339488, -1.6019069473317333, 11.433307700375199, -1.6019069473317333, 192.91594621064203, -0.42801831637284243, 11.433307700375199, -0.42801831637284243, 128.33374740940818, 7.862901128820409, 5.21792096606861, 14.0, 0.0
20, 0 ,1.0,1.0,1.0,151.78552962032796,186.8422218939282,10.419670556950805,13.226569734381137,7.72550377807248,6.69616956084671,65.0,30.0,25.0,-0.9980604074234016,-0.05911767473780207,-0.019507015851452068,13.244037035676707,0.054268775580613514,-0.9797661766131686,0.19264770738784737,7.736377416814583,-0.030501198842247647,0.19121542745920922,0.9810740732334013,6.648923959054902,65.18902187206155,34.952698884085635,29.243531148129936,15.699500384320933,5.743686101605232,27076.0,66632.32888461588, 0.0, 0.0,0.0,NaN, 51.05224591725894,51.05224591725894,0.0, 174.9421469384471, 6.909210464545717, 2.7178322840971374, 6.909210464545717, 59.683408625012156, -2.801380092358762, 2.7178322840971374, -2.801380092358762, 44.83868678761002, 7.7058641641202765, 5.075684795295832, 5.0, 0.0
21, 0 ,1.0,1.0,1.0,19.14808409815082,84.96770064544242,25.441692311882132,11.401054728906136,11.23466385159523,13.865391393483197,44.0,51.0,58.0,-0.13460031953520166,-0.3476342833094067,0.9279187243767509,14.3145973867472,0.9531842551395069,-0.30132331475664986,0.025377859212480883,11.393013751753534,0.27078133195470694,0.887893386084174,0.3719177398468842,10.665005325456542,67.431506337438,50.30423745748017,51.55179600948124,20.315751555140057,5.976707959584389,73438.0,174868.3578581314, 0.0, 1.4210854715202004E-14,0.0,69.65731459394262, 90.73829944018047,90.73829944018047,0.0, 129.98404893151294, -0.34646565155895265, -10.997935726622835, -0.34646565155895265, 126.21767185834054, -29.53058778610813, -10.997935726622835, -29.53058778610813, 192.2490784944779, 8.030208377010075, 4.925805961678503, 10.0, 0.0
22, 0 ,1.0,1.0,1.0,41.11231962093474,174.38621580874434,187.04012491923325,11.768816648151072,13.300780259272177,7.120401183554822,63.0,60.0,30.0,-0.18695584280254524,-0.9803871469208839,0.06235827927645278,13.384094732432722,0.976104940361673,-0.17823258547284307,0.12430724386455086,11.7545453971878,-0.11075494681288577,0.08410819001735713,0.9902823608085114,6.986600354731125,63.361015056753075,62.88755880527221,33.31842639475104,18.226351649500156,5.823746162631587,46430.0,132761.2535323834, 0.0, 0.0,0.0,NaN, 50.142268868881395,50.142268868881395,9.5367431640625E-7, 138.5050452977978, 8.340768566818786, 9.322953877798652, 8.340768566818786, 176.91075550544443, -9.94698514003211, 9.322953877798652, -9.94698514003211, 50.70011301476892, 7.436558499133153, 4.891378916130645, 9.0, 0.0
23, 0 ,1.0,1.0,1.0,67.72185067948688,188.6473570221577,74.6298165028441,13.354906587968335,6.780129224096786,11.451613314577104,64.0,26.0,51.0,-0.9904028259305424,-0.057052075224824604,-0.1258860719116167,13.397153093935906,0.12947504118142455,-0.0643055747749347,-0.9894953293290139,11.43680388771418,0.04835758575305614,-0.9962980747574527,0.07107524276940297,6.72152777179566,65.31748455990683,50.46339790414815,29.486734799367554,17.916385231921144,5.870798071541351,42017.0,97192.47130884221, 0.0, 0.0,0.0,NaN, 101.41371245194236,101.41371245194236,0.0, 178.35352997336003, 6.87594691477188, 5.775440071131627, 6.87594691477188, 45.970152295451285, 6.412689890345344, 5.775440071131627, 6.412689890345344, 131.13944750659962, 6.944462964452879, 4.745542433737252, 10.0, 0.0
24, 0 ,1.0,1.0,1.0,113.90631331904783,83.65882421539045,64.74200084546872,11.331115395914313,12.254911312672721,11.185970718658341,54.0,54.0,55.0,0.39791812604791027,-0.9032866822172662,0.160419246636564,12.527269802209982,0.6179523448093936,0.13465711704175337,-0.7745981928552215,11.281487575786894,-0.6780826384055935,-0.4073581109526691,-0.6117706309835265,10.931537755306245,59.509679388940285,52.14694947529621,51.12515471761165,19.37960582557939,5.304134836228162,68601.0,158654.04662139842, 0.0, 0.0,0.0,NaN, 136.39079305031638,136.39079305031638,0.0, 128.3941761155264, -12.808205955710347, -1.3313240414305008, -12.808205955710347, 150.18285128147386, -6.235163776210362, -1.3313240414305008, -6.235163776210362, 125.1259409186818, 6.961070415028379, 4.5088414578116724, 14.0, 0.0
25, 0 ,1.0,1.0,1.0,49.961702070011924,85.06277771756801,77.27777175680069,12.894814356528679,11.885096335439417,11.692286164771582,62.0,65.0,56.0,-0.8465198950057555,-0.0863893479058524,0.5253008166068722,13.591640338606515,0.12444761816891138,-0.9915178662753592,0.0374848127758942,11.880447200197398,0.5176068563026672,0.09710407522426988,0.8500905486377963,10.87950344364156,65.1273103572498,66.48779591796584,54.35922867370785,20.233919658390224,5.9016779994134,73816.0,235384.77296492812, 0.0, 0.0,0.0,NaN, 125.31441191841105,125.31441191841105,NaN, 166.27623728933813, 2.0425446056081094, -29.406574987042262, 2.0425446056081094, 141.25551490267546, -3.8585698807983912, -29.406574987042262, -3.8585698807983912, 136.70955575890895, 7.003603425792202, 4.450547781388049, 14.0, 0.0
26, 0 ,1.0,1.0,1.0,102.18749622980684,21.48534752132421,104.65661683979394,12.185723773171677,12.783242716435254,12.720443237854298,56.0,51.0,61.0,-0.4754560886618388,0.6261478187436165,0.617964737535239,14.131954414140004,-0.1313122410547022,-0.7450824117969094,0.6539184161499755,11.858812000418006,-0.8698842469567876,-0.22976315786807866,-0.4364748425544259,11.548561675213934,74.20308813178015,63.35984148560532,58.597119514145106,20.904229486562908,6.060199993723678,82887.0,275494.1172513968, 0.0, 0.0,1.4210854715202004E-14,51.832339320770664, 138.27243674839895,138.27243674839895,0.0, 148.49186387604138, -19.040136400507887, -20.116115703394346, -19.040136400507887, 163.41129434729496, 22.13223981024675, -20.116115703394346, 22.13223981024675, 161.80967616747313, 7.1864015535650045, 4.660265754480128, 15.0, 0.0
27, 0 ,1.0,1.0,1.0,143.63448785216414,73.01727931559755,113.67381637457494,12.893827095476537,9.979955288088567,11.76355628111485,59.0,47.0,59.0,-0.9133035467832766,0.2268002372150742,0.3382872800332186,13.063490573563422,0.4013874026088787,0.36045625847898316,0.84199729141502,12.073518938076772,0.06902741817557047,0.9047833652994062,-0.42024073745592083,9.370533367187257,59.33338893912763,63.51676668533622,44.46214277786158,19.34076618401841,5.492386049285048,64991.0,167562.92228551186, 0.0, 0.0,0.0,NaN, 126.33607567781432,126.33607567781432,0.0, 166.2507771680449, -8.774669259712542, -6.007023926727993, -8.774669259712542, 99.59950755224693, 23.948335988234454, -6.007023926727993, 23.948335988234454, 138.38125637895664, 6.654681823743594, 4.535590206846397, 15.0, 0.0
28, 0 ,1.0,1.0,1.0,137.14435602256046,141.18669551108707,18.31807154446419,10.524100607442454,13.341967709801567,10.91139878433843,47.0,65.0,44.0,-0.15568408352473012,-0.9759108653643106,0.1528412542507667,13.479447716948803,-0.5331996525939049,-0.04722741706365982,-0.8446701732340466,11.082248002187466,-0.8315410973672943,0.21299660546914304,0.5130027772320712,10.16423572433639,66.18819165446796,52.589767132868616,57.632312854654515,19.380169835873037,5.677361757766118,64715.0,200607.79863870738, 0.0, 0.0,0.0,NaN, 88.00788890680384,88.00788890680384,0.0, 110.75669359557065, 12.4003073558745, 6.919270271677592, 12.4003073558745, 178.0081023693877, -10.913620341500888, 6.919270271677592, -10.913620341500888, 119.0586234308622, 7.489515854477339, 4.688864496227944, 8.0, 0.0
29, 0 ,1.0,1.0,1.0,181.5373720168114,94.32595212086427,77.70728184999352,9.9241847605389,9.721003545114684,13.232751151002489,38.0,50.0,65.0,-0.1620334074793921,-0.12941010092035035,0.978262848441257,13.350090988088352,-0.741853617111122,-0.6377343913271551,-0.20723912974563552,10.281768502865686,-0.6506906989036824,0.7593074949573252,-0.007330925035057788,9.17351422155347,66.75644428158654,52.85985883001163,48.280450829505305,18.395565852877127,5.449423186194052,54011.0,170368.97559467953, 2.8421709430404007E-14, 0.0,0.0,80.67505778809091, 123.59884921821696,123.59884921821696,0.0, 98.48944316131254, 12.17338256362654, -11.596529381315028, 12.17338256362654, 94.49790992413226, -9.059556330546291, -11.596529381315028, -9.059556330546291, 175.10570302435772, 7.368140293347706, 4.686621868624022, 10.0, 0.0
30, 0 ,1.0,1.0,1.0,59.10709612481127,11.450327126321087,107.47696024157021,11.69982750883996,7.2976879396079966,14.014929404758323,57.0,29.0,68.0,-0.06165070616410248,0.12667530112124287,0.9900265443488421,14.112644809965035,0.9938850636165213,0.09882993402355356,0.04924555270157212,11.721107583819819,-0.09160606284220907,0.9870086181116867,-0.1319936249362323,7.071729116500163,69.96849078409521,58.57507463908672,32.38204944706697,18.717802754549034,6.017002514763063,49675.0,132714.9013521005, 7.105427357601002E-15, 0.0,1.4210854715202004E-14,39.27670595514155, 110.38691810965385,110.38691810965385,0.0, 136.88596373660826, 7.417599591101599, -4.8274268441905805, 7.417599591101599, 53.25624926390001, 19.13136183988075, -4.8274268441905805, 19.13136183988075, 196.4182462203595, 6.805929312483413, 4.515139666040797, 12.0, 0.0
31, 0 ,1.0,1.0,1.0,54.42510892900243,151.04902122686448,18.92831645939457,12.185160162905404,13.58876417658109,12.426858197540229,58.0,69.0,49.0,-0.5061131283664589,0.862268882636506,-0.018489871062506005,14.292861596553237,0.40542212696524904,0.21893313814228535,-0.8875253123095391,12.79899801256313,-0.7612374138612016,-0.4566844151708738,-0.4603878198627187,10.92973933634018,73.32928322008252,64.12627364652649,54.90102983405592,21.070681962195025,6.601954737211926,78721.0,258162.96176926664, 0.0, 0.0,0.0,NaN, 75.60801524156504,75.60801524156504,0.0, 148.47812819565686, -33.08186500879075, -15.166170530273364, -33.08186500879075, 184.65451184673358, -9.971003585025857, -15.166170530273364, -9.971003585025857, 154.42680466177276, 7.470015860138363, 4.556966784758906, 12.0, 0.0
32, 0 ,1.0,1.0,1.0,90.66959482178883,74.7429107823358,100.52168796234028,11.711962770539229,12.790517949995536,10.608853903478035,55.0,56.0,53.0,0.14004923713026915,0.9834807910384862,0.11468105701267439,12.828921437115161,-0.948221179352753,0.166562570483014,-0.2704320712137643,11.792240531263268,-0.2850663189612291,-0.07086920186093221,0.9558842764798937,10.472680675269109,58.435066844089064,54.825286958127435,50.48395408590723,19.61096528188462,5.359593569085172,71376.0,161736.41845650348, 0.0, 0.0,1.4210854715202004E-14,83.4147707461021, 153.959126729225,153.959126729225,0.0, 137.1700719384969, 2.9220615470161606, 8.415685485539534, 2.9220615470161606, 163.597349429158, 4.869073275455961, 8.415685485539534, 4.869073275455961, 112.54778114534115, 6.810828675013858, 4.447235133369456, 7.0, 0.0
33, 0 ,1.0,1.0,1.0,12.940300989440425,103.45720462293174,108.18175771181508,8.692021498152956,14.669819998646227,12.171435118601655,35.0,73.0,61.0,-0.06071681976164045,0.9450539118794321,0.3212266667626065,14.979621692586152,-0.041343846147704116,-0.3239253484837131,0.9451788481527821,11.816097739437614,-0.9972984278458217,-0.044107507876634415,-0.058739880534141344,8.653869511520442,67.54443861108751,55.67314282762047,38.12276837074871,19.891514953593042,6.5746727838149415,60135.0,143357.28431791675, 0.0, 0.0,0.0,NaN, 133.86019701841028,133.86019701841028,0.0, 75.55123772435316, -7.711493064000554, -5.445322853821978, -7.711493064000554, 215.2036187926808, 25.566138745678828, -5.445322853821978, 25.566138745678828, 148.14383284632967, 7.215406761531115, 4.5389203361298325, 17.0, 0.0
34, 0 ,1.0,1.0,1.0,31.789573305050176,39.975556824671614,104.03562046177694,10.142761923626699,11.752302980379184,11.662947006640023,45.0,56.0,54.0,-0.22207967971226075,-0.8042391465699167,0.5512531278672188,12.015466144485698,-0.11956746429476063,-0.538640901827749,-0.8340081536533746,11.506779556923156,-0.9676694876563074,0.25112820232439403,-0.0234603635158825,10.011951618979577,60.09586841353301,58.41069180356675,48.102441851708896,18.717105438073027,5.165901826569708,61285.0,168851.1755448363, -3.552713678800501E-15, 0.0,0.0,77.16878798420393, 108.7096327586283,108.7096327586283,0.0, 102.87561943937158, 9.95391663230743, -2.195082622581819, 9.95391663230743, 138.11662534262945, -5.115242564220502, -2.195082622581819, -5.115242564220502, 136.02433287969347, 6.924646880674919, 4.479345919299267, 10.0, 0.0
35, 0 ,1.0,1.0,1.0,22.217247635091358,177.31946352209408,100.83665932357134,12.956122983365663,12.837062281375744,11.236654700028181,52.0,58.0,57.0,0.6964358451515809,0.6966537108217751,0.172193846540036,14.180779900927641,-0.6706930968109731,0.5465337335225463,0.5014694886152238,11.796284502210302,0.25524083426855904,-0.46473055130920454,0.8478665173255355,10.89343164333632,76.96496686862524,61.13568193890674,58.85235670940052,20.531476777902363,6.1132774304917845,77170.0,276918.33153822727, 0.0, 0.0,0.0,NaN, 104.12195235162488,104.12195235162488,0.0, 167.86112276009598, 32.4827289627069, 2.994964447846674, 32.4827289627069, 164.7901680159198, 15.502434076661961, 2.994964447846674, 15.502434076661961, 126.26240884766543, 7.190702493823037, 4.611441596203114, 11.0, 0.0
36, 0 ,1.0,1.0,1.0,132.69838556505223,42.25512142178809,32.40956450956451,11.728989018359055,11.03238129350782,15.560661405643232,63.0,50.0,65.0,0.4719997785009995,0.05089806756963303,0.8801281701051756,16.898529054893,0.3063303284154843,-0.9455952408769351,-0.10959639740316734,11.170333071238687,0.8266667641727651,0.3213394266948402,-0.4619123659998318,9.543593591395833,77.92447939226366,50.78732821406243,51.08100700218105,21.209402149603356,7.181786980662979,73710.0,202156.9730276864, 0.0, 0.0,0.0,NaN, 85.82180645745024,85.82180645745024,0.0, 137.5691833927873, -5.088415961888581, 79.65971290430751, -5.088415961888581, 121.71343700534129, 12.204153295313956, 79.65971290430751, 12.204153295313956, 242.1341833810748, 6.524411698881895, 4.253162692623925, 12.0, 0.0
37, 0 ,1.0,1.0,1.0,18.81482862609034,131.6698985051396,16.60319725023509,10.944754066946983,14.176995800307033,9.769822999722177,51.0,66.0,42.0,0.0969620022609199,-0.9932067646116991,-0.06433267324707104,14.21501193715929,0.9222399967273966,0.11396346301111156,-0.36943973464526625,11.122503959725005,0.374261617794028,-0.023508547978895584,0.9270251289032675,9.510396114047872,67.87595656429235,58.565753563372894,47.26472034718974,19.437193236182267,6.198371725955621,61678.0,187887.02567280908, 0.0, 0.0,0.0,NaN, 72.79194121231612,72.79194121231612,0.0, 119.78764158595251, -7.253333265877637, -12.02918194826461, -7.253333265877637, 200.98720992192324, 5.7315265737343175, -12.02918194826461, 5.7315265737343175, 95.44944144590043, 6.9387129232026, 4.427349861101998, 8.0, 0.0
38, 0 ,1.0,1.0,1.0,98.30453340921622,134.54774396642182,16.506927276931012,10.519969479351508,12.855428327318156,10.818055482931248,49.0,59.0,44.0,-0.06173355710457413,-0.9370244415373091,0.343764692615326,13.197300700331915,-0.7219218616809078,-0.1959143524695916,-0.6636613534955857,11.473087255858031,0.6892153462847364,-0.28914142293713974,-0.6643639394093402,9.336039995713751,66.43501597861297,62.28756361136051,46.74180920221529,18.90479707873287,5.964123336167696,56227.0,193421.12537929672, 0.0, 0.0,0.0,NaN, 119.24872224394971,119.24872224394971,0.0, 110.66975784648722, 11.322620450370332, 19.45968812558223, 11.322620450370332, 165.2620374788141, -22.24433717386535, 19.45968812558223, -22.24433717386535, 117.03032443177885, 7.104245038621889, 4.526211651570089, 7.0, 0.0
39, 0 ,1.0,1.0,1.0,145.81719912327313,103.35392866631243,82.92233993092455,9.511183697202469,12.830211353184238,11.10407618107079,44.0,63.0,50.0,-0.11532500783666849,0.9578778279863309,0.2630022988866488,13.005215211313338,0.04388445725258062,-0.25959723171563726,0.964719353852313,10.949853554220281,-0.9923579480102526,-0.12279798018602532,0.012097895813477567,9.45211780358693,65.37277364311883,49.48497550881383,45.320612933936815,18.727546451978817,5.258940046561529,60224.0,146610.82787609933, 0.0, 0.0,0.0,NaN, 138.3920282194862,138.3920282194862,NaN, 90.46261532193002, -9.162636146927571, -1.1265269610197326, -9.162636146927571, 164.6143233673777, 12.449211682590663, -1.1265269610197326, 12.449211682590663, 123.30050783502365, 7.550001371920101, 4.495722752304951, 12.0, 0.0
40, 0 ,1.0,1.0,1.0,29.5753262904016,146.46777293454093,126.95266747899053,15.488786160117979,11.30848610649666,10.871546882797476,66.0,65.0,56.0,-0.9722396417237029,-0.23299514678971753,0.021525348624423266,15.709041493826827,-0.2260635209760981,0.9115947610520304,-0.3433515343003148,11.023775910924778,0.06037684609893392,-0.33868606879369684,-0.9389602671360573,10.847915300669305,71.09687839966158,60.24115154292123,57.38677003266838,21.090366508078382,6.416488674849154,79607.0,245785.11581469304, 0.0, 0.0,0.0,NaN, 95.26968063453616,95.26968063453616,0.0, 239.90249671386226, 28.451254281634405, -2.4031576436464963, 28.451254281634405, 127.88185802082802, -1.851362714116224, -2.4031576436464963, -1.851362714116224, 118.19053162486354, 7.226177615549567, 4.479056351151359, 12.0, 0.0
41, 0 ,1.0,1.0,1.0,124.58936436945179,73.84795351358677,165.93802940977164,10.317928064448145,9.897145355572869,13.197756775000242,48.0,45.0,64.0,-0.08669666087662803,-0.025348368488761746,0.9959122196297224,13.217382101451738,-0.8173617814004736,-0.569721929835127,-0.08565419412254874,10.652965840112195,-0.5695642257890565,0.8214465185755532,-0.028674201321324155,9.508366779744824,64.24791046615167,51.88087035012495,47.09470066928055,18.7059030237861,5.35566071453713,59028.0,156977.82294192733, 0.0, 0.0,0.0,NaN, 110.90762843392588,110.90762843392588,1.3486991523486091E-6, 106.45963954312664, 10.931313024595658, -5.6621959940459, 10.931313024595658, 97.95348618933762, -1.0017650275682923, -5.6621959940459, -1.0017650275682923, 174.1807838920648, 7.288675185878878, 4.565435405540595, 15.0, 0.0
42, 0 ,1.0,1.0,1.0,179.3706166166498,83.14212524663007,20.57206572380747,11.487532417250979,10.891746468626286,11.201678836075061,50.0,53.0,45.0,0.875438607515934,0.48033543816677077,-0.05371323218443541,11.735086333298856,-0.06044753895551741,-0.0014507463794193598,-0.9981703213225505,11.200531556256283,-0.4795345029346516,0.8770836688572419,0.027765055720043744,10.625770208701438,64.58749391352114,47.273667732400526,55.86638158150421,18.658994675480372,5.283281993342737,60313.0,170576.1372311436, 0.0, 0.0,0.0,NaN, 88.09877602695863,88.09877602695863,0.0, 131.96340103739212, 10.431815269711013, -0.4094869285936981, 10.431815269711013, 118.63014113683317, -0.6218186358576429, -0.4094869285936981, -0.6218186358576429, 125.47760874657195, 6.962363168083575, 4.407678578077711, 8.0, 0.0
43, 0 ,1.0,1.0,1.0,149.97223674827669,112.92777117502575,130.27018461294668,12.164420002491806,11.32116507777577,10.552564502499179,60.0,56.0,52.0,0.8978244784741658,-0.4276701695778088,0.10492584002942251,12.402131407360162,0.4399031478642988,0.8602994230309424,-0.2576239958383308,11.123192858171464,0.019910458349142457,0.27745833702722866,0.9605313346593185,10.486192230222176,63.43367030345391,61.8844518066289,49.28441401466367,18.958124790716038,5.299812705591932,63105.0,193468.82141354986, 0.0, 0.0,0.0,NaN, 122.25627706760783,122.25627706760783,0.0, 147.97311399702275, -11.628801915876002, 2.5711332452560667, -11.628801915876002, 128.16877871824965, -5.018659354000408, 2.5711332452560667, -5.018659354000408, 111.35661757940574, 6.420066308712168, 4.323933012833789, 16.0, 0.0
44, 0 ,1.0,1.0,1.0,10.06633536786539,167.61062768063346,161.72100791817883,6.663557161400847,15.82372748187325,11.570991803215172,27.0,69.0,66.0,0.044131239077196335,0.9822187531682796,0.18247946367211576,15.967736357139456,-0.0017103956256198337,-0.18258286698325998,0.9831889804259288,11.389501321849245,-0.9990242781255699,0.04370146002967181,0.006377625495417386,6.6326353768620026,74.1598751971353,65.63790813230054,28.149101141572608,19.487905695516396,6.9930485753051705,48496.0,137021.35359714637, 0.0, 0.0,0.0,NaN, 51.1437560390417,51.1437560390417,NaN, 44.40299404325652, 9.171882438786662, 1.554839935814006, 9.171882438786662, 250.39035142059078, 22.4248761241955, 1.554839935814006, 22.4248761241955, 133.88785131007268, 7.74241473898476, 4.779572370503617, 6.0, 0.0
45, 0 ,1.0,1.0,1.0,118.05915526578842,178.3924388679189,31.498038104047623,10.455595390905007,10.869926399207603,14.040045166491776,57.0,46.0,61.0,0.12843854205105948,0.12994501585264187,0.9831672460832158,14.142846637443618,-0.088689373941165,-0.9859009664585044,0.14189249200049348,10.80982842313589,-0.9877437602261644,0.10542095233511493,0.11510294063591535,10.379072291478973,64.64067726516019,50.1580197914036,56.45522522673048,19.717357375141976,5.985270363195853,67027.0,183041.8619465214, 0.0, 2.8421709430404007E-14,0.0,82.53358499439476, 90.40638881316313,90.40638881316313,0.0, 109.319474978314, 2.338475239660159, 11.539831395071463, 2.338475239660159, 118.15529992419039, 10.514562873336574, 11.539831395071463, 10.514562873336574, 197.1228682771291, 6.259181128798504, 4.179802680293198, 9.0, 0.0
46, 0 ,1.0,1.0,1.0,16.02206840528694,150.00922337490903,60.80976154614226,10.278129872532773,10.265877673071493,13.524828744303086,40.0,49.0,66.0,-0.1060400568183413,0.061627525710997645,0.9924502780616787,13.565097915649059,0.6928771829388233,-0.7113014579393222,0.11820086842385903,10.610097572837471,-0.7132157567754115,-0.700180179673871,-0.03272614060872882,9.867276152594867,65.63770603458924,52.59669438481985,53.264293939572795,18.97894715280341,5.809367918195041,59089.0,183885.7262499067, 0.0, 0.0,0.0,NaN, 80.33437323376661,80.33437323376661,0.0, 105.63995367665056, -8.062922494557117, -7.873105468973611, -8.062922494557117, 105.38824439846779, 4.020742946358122, -7.873105468973611, 4.020742946358122, 182.920992562727, 6.961642691896172, 4.398186807263749, 10.0, 0.0
47, 0 ,1.0,1.0,1.0,120.84079241805976,152.85634131894167,110.45721995524549,12.193806425994254,12.379674069433774,9.29340420158235,65.0,56.0,44.0,-0.496643528239378,-0.8676217384990591,0.024035905262994026,12.480355447702685,0.8650597450305062,-0.4925373915213485,0.09528145402490668,12.11529046493625,-0.07082967870671841,0.06811341158109077,0.9951601478039043,9.261375260901634,58.72347869818296,61.18867119255826,43.96067942094895,18.930674853911125,5.471942657734394,60776.0,157960.02452931905, 0.0, 0.0,-1.4210854715202004E-14,88.62271143432653, 128.47806877821645,128.47806877821645,0.0, 148.68891515461877, 4.163369728216392, 4.193021263112995, 4.163369728216392, 153.25633006541096, -4.322545290423036, 4.193021263112995, -4.322545290423036, 86.36736165398848, 6.635479212353515, 4.418691808107485, 14.0, 0.0
48, 0 ,1.0,1.0,1.0,113.17528041751052,28.59212883626733,65.50831515812432,9.510986199431759,13.897905549907929,9.66580375840881,44.0,56.0,52.0,0.2968319683562234,-0.9496611638347692,0.1001721341779282,14.326476316197374,-0.1314156257289993,-0.1445260000285023,-0.9807355243030694,9.62703551323622,-0.9458439172908105,-0.2779494724221513,0.1677002531429879,8.89441752136345,61.70740229378743,54.0732481527246,42.793354706712776,18.538711394171255,5.775342353457166,51352.0,142789.428698665, 0.0, 0.0,0.0,NaN, 112.46057583359506,112.46057583359506,0.0, 90.45885848578136, -35.299087701652105, 5.499448030489964, -35.299087701652105, 193.1517786741616, -10.076069851477792, 5.499448030489964, -10.076069851477792, 93.42776229606987, 6.453180594016043, 4.146182901426241, 7.0, 0.0
49, 0 ,1.0,1.0,1.0,142.11811834000983,37.32425542695188,127.5628196399449,12.655833793113572,9.745632419366371,11.947420322778415,59.0,45.0,63.0,-0.9879065112491627,0.14275265690748465,-0.0605177988476254,12.719776244435643,0.03381993765083776,-0.1825191320048024,-0.9826204650166345,12.012210252061704,-0.1513173382293025,-0.9727838636604063,0.17548395297898725,9.581358451347773,57.63215046347992,62.55410650501487,44.61067804984505,19.189828747258865,5.444153310877261,63157.0,160827.19018101384, 0.0, 0.0,-1.4210854715202004E-14,86.53046553271656, 99.95277568028116,99.95277568028116,0.0, 160.1701289989155, -10.19448272535206, 2.4400520209321503, -10.19448272535206, 94.97735125340482, 8.80941172939756, 2.4400520209321503, 8.80941172939756, 142.74085236913868, 6.842499543503695, 4.551270168623276, 11.0, 0.0
