// Sample: .//bubblelabels.tif, Map: .//bubblelabels.tif, Thickness:(8.191250068658265):/gpfs/home/mader/Foam/NewValid/InSilicoTest/LatticeData_Phi_6.65/out_Step_03000.vtk/distmap.tif, Neighbors:(1.0):
//LACUNA_NUMBER, TRIANGLES, SCALE_X, SCALE_Y, SCALE_Z, POS_X, POS_Y, POS_Z , STD_X, STD_Y, STD_Z,PROJ_X, PROJ_Y, PROJ_Z, PCA1_X, PCA1_Y, PCA1_Z, PCA1_S, PCA2_X, PCA2_Y, PCA2_Z, PCA2_S, PCA3_X, PCA3_Y, PCA3_Z, PCA3_S,PROJ_PCA1, PROJ_PCA2, PROJ_PCA3,OBJ_RADIUS, OBJ_RADIUS_STD, VOLUME, VOLUME_BOX, Mask_Grad_X,Mask_Grad_Y,Mask_Grad_Z,Mask_Angle, Mask_Distance_Mean,Mask_Distance_COV, Mask_Distance_STD, SHAPET_XX, SHAPET_XY, SHAPET_XZ, SHAPET_YX, SHAPET_YY, SHAPET_YZ, SHAPET_ZX, SHAPET_ZY, SHAPET_ZZ, Thickness, Thickness_STD, Neighbors, Neighbors_STD
1, 0 ,1.0,1.0,1.0,155.13227565365918,182.6981671265274,182.74293785310735,16.863508463041295,11.552184981724125,9.80054208378216,78.0,54.0,40.0,-0.9800642461296563,-0.18252376462351333,-0.07848024468596751,17.090075941505745,0.112614199688955,-0.8357605316728993,0.5374219717561323,12.217946485862063,-0.16368297250088412,0.5178700696559837,0.8396537830962126,8.51660781374842,78.27033605030698,69.94505742493882,47.618883288613944,21.2312170338573,7.944617292998489,60888.0,260695.4408150884, 0.0, 0.0,0.0,NaN, 51.09082405620912,51.09082405620912,0.0, 284.37791768306545, 32.04889242482842, 21.530669073234133, 32.04889242482842, 133.45297785197243, -31.32598029391041, 21.530669073234133, -31.32598029391041, 96.05062513598517, 9.532485439915284, 6.319341736906104, 12.0, 0.0
2, 0 ,1.0,1.0,1.0,184.32013243346492,36.465172545524005,15.646377180695275,9.63049791750609,16.354331249054646,10.351319433353671,42.0,74.0,48.0,0.02067791864669106,0.9981228299687548,0.05764754960624995,16.371444393365017,-0.5874028830004265,0.05878722771530064,-0.8071566854708796,11.057374458828473,-0.8090304547563258,-0.01717201655932156,0.5875158254243528,8.77899386640772,74.93383496127095,63.82595258262724,42.924987813040474,20.442968270157113,7.031749644255213,62824.0,205298.34353248036, 0.0, 0.0,0.0,NaN, 42.665866621451606,42.665866621451606,0.0, 92.74649013908915, 2.3804509385652195, 21.65565806287221, 2.3804509385652195, 267.46415060380525, 8.842819197621475, 21.65565806287221, 8.842819197621475, 107.14981401132538, 8.275908060852421, 5.852750743656515, 12.0, 0.0
3, 0 ,1.0,1.0,1.0,171.13108899058898,187.2747667612749,79.13049146488858,16.21839788721494,7.35983652822265,15.677468919764957,64.0,29.0,67.0,-0.8848315278487848,-0.016263185189198885,0.46562718577450724,16.427037824405584,-0.4649480781978926,-0.03340149118829923,-0.8847076494336898,15.467248409880131,0.02994080668372116,-0.9993096863304689,0.02199315578147608,7.341887388334392,71.65338802390781,77.81116501216769,29.98077169530157,22.568729785770294,7.32387133538233,73637.0,167155.80184020367, 0.0, 0.0,0.0,NaN, 85.18791148586783,85.18791148586783,0.0, 263.03643002801806, 5.985682149645058, -12.734150415016227, 5.985682149645058, 54.16719372216043, 3.841421652035146, -12.734150415016227, 3.841421652035146, 245.78303173019623, 8.51652048157775, 5.561139381983523, 12.0, 0.0
4, 0 ,1.0,1.0,1.0,56.271244590797025,80.70398944882162,29.202791234936125,12.769603807012695,13.840376015683054,15.838587529287635,66.0,67.0,66.0,0.0652142293354643,0.36318953013926464,0.9294301853767191,16.188908975287802,0.09858915655053152,-0.929200901482048,0.3561823450082902,13.451371296512818,-0.992989064644136,-0.06840358091628083,0.0964036701323843,12.74595939894957,75.92359899657916,76.26641823899249,66.2277006441717,23.60907063752417,6.934798353156674,116006.0,383486.26563019847, 0.0, 0.0,3.552713678800501E-15,21.653835162103483, 102.62743247623452,102.62743247623452,0.0, 163.06278138807312, 0.6666143820438378, 6.687188343719506, 0.6666143820438378, 191.55600825549473, 27.51189290395731, 6.687188343719506, 27.51189290395731, 250.86085492290576, 8.386556044285921, 5.242717782298565, 24.0, 0.0
5, 0 ,1.0,1.0,1.0,13.498571380550606,107.08743151030286,138.3289018118256,7.91060296211966,14.584926385526536,12.238790993492971,32.0,70.0,62.0,-0.05813226902561462,0.9970116385242309,-0.05087663456992847,14.608482653462687,0.02288845051229506,-0.049618342486092176,-0.9985059533733782,12.233471394649403,-0.9980464709276214,-0.059209904037765146,-0.019935624714537477,7.8752862854440915,69.94344460040594,61.87311653250937,33.2606375533351,19.66066865610434,6.208367730155963,59498.0,143939.36365017673, 0.0, 0.0,0.0,NaN, 112.33112286630063,112.33112286630063,0.0, 62.57763922429634, -8.87373639990624, -1.5551538429189917, -8.87373639990624, 212.72007767122815, -3.3371364957665497, -1.5551538429189917, -3.3371364957665497, 149.78800498240466, 9.484692174805934, 5.41335868878427, 17.0, 0.0
6, 0 ,1.0,1.0,1.0,51.664659163624044,187.67489742914142,120.88461248917831,14.622802151929351,7.1828054082762645,11.99207367296329,65.0,28.0,54.0,-0.9538100591896285,0.014253747130609805,0.3000719941637576,14.88457838555804,0.30012390725301247,0.0016040355454342093,0.9538988769073766,11.667058537419475,-0.013115307234782433,-0.9998971235895749,0.005807835520367902,7.180385689781397,65.96261978821198,57.217705697441886,28.374082679417086,19.260667170456824,6.185108522429786,53134.0,107090.3074337055, 0.0, 0.0,1.4210854715202004E-14,72.5380726901207, 95.29107881046949,95.29107881046949,0.0, 213.82634277446965, -2.270404592305436, -24.444743001991824, -2.270404592305436, 51.59269353316275, 0.8564722425954628, -24.444743001991824, 0.8564722425954628, 143.80983097777926, 10.079833372409936, 5.431309861711205, 11.0, 0.0
7, 0 ,1.0,1.0,1.0,56.29532866247536,149.18242242011826,11.37842581536204,13.38284609538683,17.81897430257373,8.273782627351263,63.0,91.0,34.0,0.31897528798796665,-0.9460129315449309,0.057569948781974474,18.315827652922053,0.9324227835648702,0.3241175733266227,0.15979847105025954,12.829099320104799,-0.16983085215040533,0.0027077685696823162,0.9854695072133081,8.06328480190273,99.59927876364725,60.77893618025391,35.67932189954145,22.089926449015007,8.781061624332365,69509.0,215986.1383392428, 0.0, 0.0,0.0,NaN, 76.68806161547649,76.68806161547649,0.0, 179.10056961281052, -51.51919560690253, 19.802222372099248, -51.51919560690253, 317.51584519578296, -9.572349470410819, 19.802222372099248, -9.572349470410819, 68.45547896465958, 8.250588008065236, 5.25256105561412, 16.0, 0.0
8, 0 ,1.0,1.0,1.0,26.81028343540806,51.67011211264167,50.00965470934136,13.656276482762367,12.999894764011525,13.238487535125048,64.0,66.0,65.0,0.7755085313675024,-0.1357787786826068,0.616563574204379,14.759020593799589,-0.21117009785710497,0.8645636339896302,0.4560010006059914,13.367025528375606,0.5949737032401012,0.4838324565819292,-0.6418040560877246,11.586312748335361,75.43253138409953,66.37250671073132,61.88351171751232,22.152871724657352,6.32447450919863,98294.0,309828.8485045759, 0.0, 0.0,0.0,NaN, 76.74345149761916,76.74345149761916,0.0, 186.4938873736485, -16.913857909164985, 35.68790608806037, -16.913857909164985, 168.99726387537427, 10.52052071952622, 35.68790608806037, 10.52052071952622, 175.25755221766124, 7.943344926547041, 5.107265076834809, 21.0, 0.0
9, 0 ,1.0,1.0,1.0,88.42119447816158,178.08676733803773,80.92309749624539,13.091628769260481,12.29562912175122,15.551567993912734,69.0,58.0,73.0,0.41815762300048165,0.2687602233836315,0.8677051023552693,16.13794942150319,-0.6471858168182518,-0.5821439158350739,0.4921981102823326,13.65945127711284,-0.6374125201436505,0.7673828272661484,0.06949011139099547,10.835611919880751,76.77448271822854,77.98710252217052,59.348855148166535,22.681173890072674,7.070279865001897,97214.0,355346.48993620375, 0.0, 0.0,0.0,NaN, 121.84845139364307,121.84845139364307,0.0, 171.3907438321287, 42.133717618621596, 29.86037864832983, 42.133717618621596, 151.1824954996567, 13.534281817630912, 29.86037864832983, 13.534281817630912, 241.8512670692909, 8.375715125638552, 5.002564601934743, 23.0, 0.0
10, 0 ,1.0,1.0,1.0,187.7661994943895,20.135206457621855,111.19264203663458,7.436089580200108,11.167587459865612,13.531920213045213,30.0,44.0,69.0,0.011104144509271045,-0.35820077254677074,0.9335785475907283,13.89935483166947,0.0318387714385612,-0.9330360589552605,-0.3583713232424138,10.710421681964458,-0.9994313336132705,-0.03370340095794759,-0.001044105295232732,7.430888589434106,76.45962816798911,56.247260080984816,30.679226270267463,18.090027728703408,5.989507437634746,45094.0,131940.44852327593, 0.0, 0.0,0.0,NaN, 91.87948216188126,91.87948216188126,0.0, 55.29542824476063, -2.3161954654120542, 0.7514752515243419, -2.3161954654120542, 124.71500967374764, -26.246120071348052, 0.7514752515243419, -26.246120071348052, 183.1128646522216, 9.263462877614712, 5.3450936843552945, 10.0, 0.0
11, 0 ,1.0,1.0,1.0,77.11860761429081,100.85178125477805,160.36149024004894,11.996050299572236,14.738976448490815,13.479836408661795,62.0,79.0,75.0,0.17676690068710235,0.9151076013094002,0.36239693824207636,15.072036049212885,-0.11097447163563393,-0.34731684348073166,0.9311582448111451,13.224836753469871,-0.9779765485259181,0.20481476572829402,-0.04015946056654668,11.86533022374927,75.17444549797081,70.84821017408457,63.75897934378456,22.339133311395244,6.619045402397671,98105.0,339578.72455022595, 0.0, 1.4210854715202004E-14,0.0,23.77898751760011, 131.71507270129365,131.71507270129365,0.0, 143.90522278986714, 15.287647656280523, 2.0087222829299094, 15.287647656280523, 217.23742674916693, 17.614967938235058, 2.0087222829299094, 17.614967938235058, 181.7059896042841, 7.496067197965583, 4.853220705768472, 29.0, 0.0
12, 0 ,1.0,1.0,1.0,20.88893103448276,177.1881724137931,48.36572413793103,12.971496488691061,12.335014375689072,14.160554485126168,60.0,54.0,81.0,0.3240792342608464,-0.46651102130598177,0.8230067538732313,15.100009226407678,-0.9358435018317932,-0.03076979101818897,0.3510700215625135,12.724370469204151,-0.13845428848580385,-0.8839800263358599,-0.4465531581336573,11.446122559873967,90.94335018714413,69.47866860892066,54.55949077478124,21.765520280027765,6.869914924545696,87000.0,344740.8472674166, 0.0, 0.0,0.0,NaN, 57.410540747955444,57.410540747955444,0.0, 168.25972115612453, -13.774904482362224, 15.720126348790526, -13.774904482362224, 152.15257964845605, -37.574773216805106, 15.720126348790526, -37.574773216805106, 200.52130332622684, 7.683592779797384, 4.84473483474504, 11.0, 0.0
13, 0 ,1.0,1.0,1.0,167.39920391149,187.34108004763993,25.17517081426691,15.596137194376436,7.296950931540828,14.521474457073621,77.0,31.0,52.0,0.7811054365042472,0.03047351183392163,0.6236550826699133,17.32980594009672,-0.6240490145641729,0.004655788524276439,0.7813713272540154,12.410575760704761,-0.020907522210760945,0.9995247314147487,-0.02265362675779489,7.281046906658696,90.97847926815811,62.13044517042952,32.20493311262314,21.210298980671496,7.5816506013567135,63812.0,182039.46063902762, 0.0, 0.0,3.552713678800501E-15,51.416457959639, 43.09117526237113,43.09117526237113,0.0, 243.2394953858121, 5.59321643055259, 71.22069044501622, 5.59321643055259, 53.245492897314556, 5.0675485367560045, 71.22069044501622, 5.0675485367560045, 210.8732204074416, 8.564944666257075, 5.0248840303542694, 13.0, 0.0
14, 0 ,1.0,1.0,1.0,175.4548190006018,60.96334111935046,109.35229857505686,13.18512518698071,13.575709307034552,13.131346706945145,55.0,69.0,65.0,-0.6417510787203737,-0.6033274547138024,0.4734464440143154,14.60825488410311,0.1880040899428172,-0.7222675110215651,-0.6655705106804886,13.142559790368065,-0.7435119468616556,0.3381207253500992,-0.5769439833837539,12.01880556133325,78.1205640241561,68.12010072481712,66.6292207844383,22.132628808805585,6.381725294557086,98039.0,354572.7747165492, 0.0, -7.105427357601002E-15,0.0,52.89141740371683, 111.96428289572145,111.96428289572145,0.0, 173.84752619635307, 22.856787803712265, -24.487306005383317, 22.856787803712265, 184.29988318910458, -6.10248818247082, -24.487306005383317, -6.10248818247082, 172.4322663379991, 7.10133494690279, 4.4908172746100705, 19.0, 0.0
15, 0 ,1.0,1.0,1.0,189.83350158638592,24.510215363907317,175.83744351504663,6.237233216847701,13.13877130021877,12.818134701115637,27.0,55.0,54.0,-0.02364511210639457,0.8034439945540149,0.5949106288246699,13.523769352800205,0.009304784185057351,-0.5948743609815583,0.8037648385181155,12.414913967950374,-0.9996771127042701,-0.024540624724549272,-0.00658999798052327,6.2299711361609145,74.55350688263539,62.93876397748532,27.789317604583687,18.3652221849142,6.209152985350126,41604.0,130395.96987641545, 2.8421709430404007E-14, 0.0,0.0,88.64510859884632, 35.887845896176295,35.887845896176295,0.0, 38.90307820134833, -3.3754624116482415, -1.1642877793310424, -3.3754624116482415, 172.62731127945239, 13.729054574226453, -1.1642877793310424, 13.729054574226453, 164.30457721594485, 7.947756074932708, 4.92646408318921, 9.0, 0.0
17, 0 ,1.0,1.0,1.0,21.07003103494805,9.827445688840912,20.270759681554445,12.533573608466211,6.475993236713224,12.141759790435774,60.0,26.0,48.0,-0.7447478051419497,0.06394499541714416,0.6642753527697306,13.972230638543758,0.6657855381240769,0.0031630314000953286,0.7461364569950966,10.484255213357944,-0.045610568523995365,-0.997948411889845,0.044929313876961016,6.427165021528153,76.63403023688119,54.411824397124064,28.10874987086815,17.526383928705904,6.267148713176011,37055.0,117207.79201897756, 0.0, 0.0,0.0,NaN, 30.84523617429643,30.84523617429643,NaN, 157.09046739884073, -7.185379073338113, -42.06060238493149, -7.185379073338113, 41.938488401955425, 6.699777018050468, -42.06060238493149, 6.699777018050468, 147.42233080864298, 7.911002346719266, 4.66853667635331, 4.0, 0.0
18, 0 ,1.0,1.0,1.0,25.46852443674522,39.68025646386508,144.8728831277441,14.520978885493967,13.112854994473198,15.704794554016626,59.0,64.0,82.0,-0.629107404486981,-0.38158419348298556,0.6772129479739692,19.061498357720293,-0.25318052861836815,-0.723120851019808,-0.6426475353947239,12.691304441769232,-0.7349309447479934,0.5757514551473825,-0.35831099389705234,10.248728594702278,91.17417735452548,60.520236228125796,57.28944297457484,23.76672786271212,8.036728972826864,100443.0,316116.4292267731, 0.0, 0.0,0.0,NaN, 72.54079889738294,72.54079889738294,0.0, 210.85882779296162, 72.26635137152732, -100.9310144060974, 72.26635137152732, 171.94696610608068, -40.710288277624265, -100.9310144060974, -40.710288277624265, 246.64057198387027, 8.598932750439197, 4.865217588327095, 20.0, 0.0
19, 0 ,1.0,1.0,1.0,121.92891414348175,78.95151227340462,179.87649630733458,11.483116376621753,11.247919207819226,11.446046445039226,55.0,55.0,47.0,-0.4166937698285487,0.6865078710375573,-0.5958802272181493,12.508319487350379,0.816771793230578,-0.005015040514030529,-0.5769390671046194,11.537257269410484,0.3990615741573954,0.7271050765688022,0.5586305287566176,9.991159379594954,60.343990094365296,59.3606701632508,48.93018797810859,18.95989486339604,5.46918771077379,61067.0,175270.8540943215, 0.0, 0.0,0.0,NaN, 112.84232866235136,112.84232866235136,0.0, 131.8619617190387, -16.33748972802224, -1.6224332213775072, -16.33748972802224, 126.51568650562871, -23.071653993711905, -1.6224332213775072, -23.071653993711905, 131.0119792219951, 7.791192728416595, 4.816917498767422, 16.0, 0.0
20, 0 ,1.0,1.0,1.0,15.85055110220441,100.77997661990648,22.414712758851035,9.958349787550537,11.999805297884972,12.709331014025283,42.0,53.0,54.0,-0.026602448712333138,0.3285478940687778,-0.9441125944639652,12.819492156418416,-0.3280564108236127,-0.8950105933151853,-0.3022168578539754,12.124721536916326,0.9442834855275384,-0.3016824806921549,-0.1315917163175217,9.661412992217299,58.43417361928441,64.47366006801704,48.92244538996972,19.231999391607246,5.900961947306848,59880.0,184313.602985509, 0.0, 0.0,-3.552713678800501E-15,19.24590272543625, 102.94791089600457,102.94791089600457,1.3486991523486091E-6, 99.16873049120784, 15.13655662611184, 7.103795331979555, 15.13655662611184, 143.99532718714826, -7.5061649866773905, 7.103795331979555, -7.5061649866773905, 161.52709482406493, 7.694940149109703, 4.870370215505606, 9.0, 0.0
21, 0 ,1.0,1.0,1.0,80.57718886784643,23.05966162065895,41.98217801913888,11.991426767414259,11.657764266544143,14.10260950800097,61.0,49.0,75.0,-0.3723198063826787,-0.1128992084335611,0.9212120985474735,14.593051378160498,0.6539925373307187,-0.736196096732902,0.17409499783442445,12.41825509149835,0.6585375637660263,0.6672848536347246,0.347935627981372,10.555149004375792,74.18092862127762,63.12573232898497,61.98153141835075,20.953662510575313,6.28692340820771,79733.0,290242.4942346586, 0.0, -3.552713678800501E-15,7.105427357601002E-15,46.1831737980778, 93.73865067907984,93.73865067907984,0.0, 143.79431591825917, -16.339240809255035, -29.955511703044397, -16.339240809255035, 135.90346769431352, -16.04703473890394, -29.955511703044397, -16.04703473890394, 198.88359493515938, 6.731497294162754, 4.520171714854025, 20.0, 0.0
22, 0 ,1.0,1.0,1.0,171.93116132422492,91.81227009984235,11.150141224382553,13.386374103200225,16.201283067676414,7.697724567976886,58.0,76.0,32.0,0.3969019815864768,0.9136485653096986,0.0878357337321087,16.8296541762135,0.9152611987233832,-0.4011589155397139,0.03699273704980966,12.661863628678233,-0.0690344488220453,-0.06571014830702077,0.9954478496060482,7.5743975306329245,84.75106459661488,70.19277313797286,35.16388456834322,21.08860328624303,7.496823302554525,60896.0,209186.86368138925, 0.0, 0.0,0.0,NaN, 96.65235793718004,96.65235793718004,0.0, 179.19501163082964, 44.10532771049893, 11.359898712766103, 44.10532771049893, 262.4815730389785, 16.598157752186182, 11.359898712766103, 16.598157752186182, 59.25496352443494, 7.182539752804436, 4.760204858268511, 11.0, 0.0
23, 0 ,1.0,1.0,1.0,154.05435882864805,82.01912592566283,70.12107758697235,10.837169379481212,10.444559228835342,12.066381611025353,46.0,53.0,60.0,0.018055193599107032,-0.2515518218068749,0.9676754057687634,12.177455683219126,0.9571902997276219,0.28399725148960403,0.05596687639752544,10.887582579169786,-0.2888957252910538,0.9252390188983562,0.24591058906961133,10.261614955361475,58.54919489608087,46.851007801684574,51.145017317222496,18.540009389830864,5.32904068778432,56311.0,140295.32350656376, 0.0, -1.4210854715202004E-14,0.0,75.4306399802159, 117.28215756121885,117.28215756121885,0.0, 117.4442401595652, 3.4035526902655957, 1.4603076043095657, 3.4035526902655957, 109.0888174846495, -10.2541492880817, 1.4603076043095657, -10.2541492880817, 145.59756518289078, 6.746030400094391, 4.489221535371386, 16.0, 0.0
24, 0 ,1.0,1.0,1.0,136.37643057480898,117.5261613849576,122.84333795415714,10.154574554847914,12.10327231840966,12.334143157246734,50.0,62.0,62.0,0.32420118714780277,0.7825087213310002,0.531576609053557,12.621951144030412,-0.23444981607872767,-0.47793298948273055,0.8465301774330025,12.221533862459339,-0.9164752446152632,0.3990741267045797,-0.028512583228653757,9.64656063026982,57.73132785520116,62.48990735395587,45.395771950699825,19.258609604521915,5.55352399181252,62038.0,163770.93672304574, 0.0, 0.0,0.0,NaN, 129.62655260539242,129.62655260539242,0.0, 103.11538438996469, 23.118468570506543, 0.2429402746150616, 23.118468570506543, 146.48920081358153, 4.778631846616543, 0.2429402746150616, 4.778631846616543, 152.13108742345645, 7.383216381065312, 4.61030036412849, 24.0, 0.0
25, 0 ,1.0,1.0,1.0,119.54506929161958,56.210700053530005,14.301344197942068,15.337764410577945,11.999914735963605,9.424409752042738,74.0,63.0,42.0,-0.9137226121530996,0.3602751240465135,0.18791706424214144,16.04837928617909,0.3801457189319629,0.921271616265499,0.08214524600520244,11.32218266677012,-0.1435277688038697,0.14649383624174525,-0.9787437537605845,9.073156667137088,78.68923221213974,54.373033923422255,47.170996756961586,20.53570369444284,6.80803523296925,67252.0,201824.51973293963, 0.0, 0.0,-1.7763568394002505E-15,79.16874866011982, 99.18249402826197,99.18249402826197,0.0, 235.24701711439144, -41.6193218322464, -28.65503441182027, -41.6193218322464, 143.99795367039647, 15.334606446130405, -28.65503441182027, 15.334606446130405, 88.81949917439826, 7.078918302517562, 4.623878032014807, 16.0, 0.0
26, 0 ,1.0,1.0,1.0,151.16695259733234,151.4111837529559,54.64912443393456,10.08717706124747,14.562519272081383,10.77466569585648,46.0,64.0,50.0,-0.030244427586486662,0.9916935026522748,-0.1250170844214061,14.622465824454823,-0.5218389922560012,0.09100965069058667,0.8481752823811941,11.050575723570327,0.8525076778312363,0.09089136525787589,0.514751803260904,9.6943178647316,65.73277862061555,57.50714047145835,52.41233053267945,19.831733984876955,6.050938491279767,64701.0,198124.06730421915, 0.0, 0.0,0.0,NaN, 87.93216922330454,87.93216922330454,0.0, 101.75114106495715, -4.930505044735445, -11.999935737243051, -4.930505044735445, 212.06696754974172, -12.685357358315823, -11.999935737243051, -12.685357358315823, 116.09342085746641, 6.641915254608667, 4.543330220590848, 20.0, 0.0
27, 0 ,1.0,1.0,1.0,52.71871053596404,67.76144372173866,97.01476039813696,12.394365839386387,10.536412894209207,13.527700050295884,59.0,52.0,62.0,-0.5400261339627493,-0.014567908131951671,0.8415221629225851,14.276054587898631,-0.8107885795237205,0.2772684618636053,-0.515503714215231,11.611080934608848,0.22581774498731175,0.9606820369448204,0.16154370907093785,10.440882856439044,66.54297473879613,57.393883114583204,52.87010968800912,20.307946794063053,5.9348350354549195,73643.0,201919.3930086942, 0.0, 0.0,0.0,NaN, 129.5482127662788,129.5482127662788,0.0, 153.6203045605482, -5.055411828743843, -32.29278055419515, -5.055411828743843, 111.01599667725803, -4.850504315760207, -32.29278055419515, -4.850504315760207, 182.99866865077527, 7.546332851512615, 4.545928262249267, 18.0, 0.0
28, 0 ,1.0,1.0,1.0,11.47199546863026,84.85426315263386,104.89504548029187,7.399283681555702,10.575166985271974,9.961836003748585,29.0,52.0,44.0,0.18477265659468706,-0.7673672345485439,0.6140086259298493,11.678641250447969,-0.03461418815914609,-0.6294600417252614,-0.7762614983685042,8.80905618280226,-0.9821715345870217,-0.12217848915644633,0.14286879797360605,7.199416646067425,59.96430715521454,44.00872273181628,32.59795545651666,15.536280574497404,4.944261142234961,30013.0,86024.45824394276, 0.0, 0.0,0.0,NaN, 127.97189155984397,127.97189155984397,0.0, 54.749399000136506, -11.428064232839525, 10.285769024295771, -11.428064232839525, 111.83415676638633, -27.250860329497456, 10.285769024295771, -27.250860329497456, 99.23817656558158, 8.77320618991377, 4.678259945788644, 9.0, 0.0
29, 0 ,1.0,1.0,1.0,99.37313284007737,187.95443032925832,141.09815926450352,12.524743820017143,7.399628341828829,13.641425297137395,59.0,31.0,63.0,0.569268180036439,0.016296832207267006,0.821990360319395,14.589986271853022,0.8201247071368236,0.05891067685576437,-0.5691440915059518,11.419090913592704,0.057699254256358995,-0.9981302246763214,-0.020170539057152947,7.378946726049667,64.75742290657578,55.81346037795345,32.242840549323404,18.940887169101167,6.241392852481409,50143.0,116536.45474747804, 0.0, 0.0,0.0,NaN, 116.14448812222709,116.14448812222709,0.0, 156.8692077570576, 5.138994646103768, 38.67978461921181, 5.138994646103768, 54.75449959719647, -0.4242407929444249, 38.67978461921181, -0.4242407929444249, 186.08848413738008, 7.186040264864812, 4.61944276010506, 11.0, 0.0
30, 0 ,1.0,1.0,1.0,50.01348605678874,122.295067811246,143.2859374206329,13.689685837202918,10.616870217204044,13.576304838551465,62.0,56.0,62.0,-0.7856558846616335,-0.15305994152082272,0.5994309678338188,14.62259968347516,0.48318127921581544,0.4532982560023557,0.7490370768664204,13.360608028656507,-0.386368583494976,0.8781192091093696,-0.28218074399437737,9.59766722703886,73.96073055393437,67.50070372087191,51.53860119398929,21.06161530521179,6.3913883730231795,78748.0,257301.3826985423, 0.0, 0.0,0.0,NaN, 108.42458285955186,108.42458285955186,0.0, 187.40749832131416, 33.55707621761133, -26.050079564442285, 33.55707621761133, 112.71793320895422, 18.166517982604915, -26.050079564442285, 18.166517982604915, 184.31605306927594, 6.8817369720956805, 4.304623128609688, 19.0, 0.0
31, 0 ,1.0,1.0,1.0,17.65032913691048,139.925215204903,23.40498681706274,10.184740005244562,10.476797127062923,12.66649363632187,41.0,47.0,53.0,0.15471326454465092,-0.2358815256321368,0.9593871541976119,12.82926516297998,0.579991415285707,-0.7644457976318888,-0.28148282483630754,10.60691873195702,-0.7997960764900137,-0.5999854401136749,-0.018539354972065665,9.840502956996293,59.90474434999671,58.10647970650818,49.56295081694677,18.571576818290353,5.387838391919016,57271.0,172521.38628001505, 0.0, 0.0,0.0,NaN, 66.84539845588004,66.84539845588004,0.0, 103.72892897442898, -9.42081752207242, 7.49835459479489, -9.42081752207242, 109.76327804163391, -11.960860495931929, 7.49835459479489, -11.960860495931929, 160.44006103898244, 7.365808375620134, 4.62762218860132, 8.0, 0.0
32, 0 ,1.0,1.0,1.0,113.36415874094203,71.14361129981884,69.3837890625,9.697191706795806,11.43301949550462,14.56430360634977,49.0,58.0,70.0,-0.0078335922770774,-0.22952576393554175,0.9732710611755816,14.727904309953054,-0.07396896735656622,-0.9705014405446244,-0.22946796240218859,11.229681056590804,-0.9972297762803918,0.0737894138112976,0.009375271150496148,9.687698350226576,70.55192098597965,60.049662038044765,49.35508463175212,20.025663348852586,5.986752772522197,70656.0,209098.6898573196, 0.0, 0.0,0.0,NaN, 131.83813031181037,131.83813031181037,0.0, 94.03552699834934, 2.536697255090334, -0.39076501044647727, 2.536697255090334, 130.7139347845887, -20.307409245034826, -0.39076501044647727, -20.307409245034826, 212.1189395379329, 7.6280144448505975, 4.4301760936342856, 21.0, 0.0
33, 0 ,1.0,1.0,1.0,179.52496878901374,156.21512172284645,90.42729400749063,12.692955207138729,9.003576022680205,14.432172315135709,52.0,40.0,70.0,0.3686269005077873,0.001402666201310378,0.9295763770393211,14.733781130154007,0.9272767318966006,0.06975774345991818,-0.3678202274352786,12.355759564861836,0.0653610794370908,-0.9975629753328396,-0.0244139210269541,8.984096504625525,74.28742157164847,58.60772582031649,40.23566135395154,20.18220024455558,6.568248176571145,64080.0,175178.69978505772, 0.0, 0.0,0.0,NaN, 102.53505727483243,102.53505727483243,0.0, 161.11111189043015, 4.724630231639303, 22.189245155867965, 4.724630231639303, 81.0643811961819, -1.6683247174353018, 22.189245155867965, -1.6683247174353018, 208.28759773376962, 7.477445439313458, 4.609375872223648, 14.0, 0.0
34, 0 ,1.0,1.0,1.0,121.46260599081786,152.70555862955928,163.47000852412927,11.73395925473731,12.05098272703657,11.124081529734664,63.0,58.0,59.0,0.10034032806267698,0.893683224274894,-0.43733524122108364,12.356257105395057,-0.9776008440575943,0.006821512493251866,-0.21035697436782047,11.760807604157932,0.18500921129001605,-0.4486465887722018,-0.874349947172705,10.75469614646123,61.174792341893124,65.503777538698,55.272581341397114,19.392334637534905,5.531232382134499,66869.0,221487.18186616348, 0.0, 0.0,0.0,NaN, 98.68802723493242,98.68802723493242,0.0, 137.6857997918354, 3.1680337578430384, 3.0342573735899405, 3.1680337578430384, 145.22618468733378, -14.498870959165234, 3.0342573735899405, -14.498870959165234, 123.74518988018389, 7.34954147796253, 4.396158247947263, 19.0, 0.0
35, 0 ,1.0,1.0,1.0,145.06947330652275,42.96144358564188,83.24863579960831,12.606594441327399,10.078802340520804,12.609855110317705,64.0,47.0,56.0,0.8370144725202409,-0.22383694559883863,-0.49930330919857246,12.950030929372277,-0.4589958811828142,0.20953080040199726,-0.8633768729472142,12.512062713805307,0.2978750641609242,0.9518371002791817,0.072640076288813,9.76022087376636,69.90836646444086,61.62251440067877,45.23701025431079,19.656495013375004,5.756659597345763,66889.0,194877.84278672456, 0.0, 0.0,0.0,NaN, 108.5973469302125,108.5973469302125,0.0, 158.92622340810686, -19.466710944138434, -5.986685562062175, -19.466710944138434, 101.58225661928765, -2.9913404038452365, -5.986685562062175, -2.9913404038452365, 159.00844590320554, 7.515668890794759, 4.5005383303032485, 17.0, 0.0
36, 0 ,1.0,1.0,1.0,84.57473033243564,33.59876886248023,107.46820273871101,11.878073414220857,12.601118458445704,11.64704119730698,63.0,63.0,58.0,-0.44678855362382,-0.8892536667813141,-0.09801991872432016,12.921004874773558,0.6402600033140406,-0.24130057687877987,-0.7292744063480308,12.191211138766711,0.624857677000963,-0.3885896906943817,0.6771638913726906,10.952277712204696,66.54279205848339,60.40634793187,55.726393065503515,19.9812177170667,6.02339784775329,70179.0,223998.2024061196, 0.0, 0.0,0.0,NaN, 129.78403516720718,129.78403516720718,0.0, 141.08862803362035, 14.243609294813755, -11.329934727813015, 14.243609294813755, 158.78818640378105, 9.142487819955, -11.329934727813015, 9.142487819955, 135.653568651766, 6.481347776008037, 4.106244437908898, 15.0, 0.0
37, 0 ,1.0,1.0,1.0,15.512023035732328,70.6634223554373,171.5372983531472,10.256679443252862,13.003906372539621,11.693213751516732,41.0,74.0,58.0,-0.17859242984703183,-0.8402480873618148,0.5119452076991687,13.75259035255715,0.27148804972284585,-0.5421936813888295,-0.7951856705950591,10.999721016794926,-0.945726695646802,0.0030271350879083735,-0.3249490015281491,10.045133057033858,75.97007838057685,60.496334422857615,52.88527276859522,19.324957828353327,6.13011475572545,59386.0,243056.0210200888, 0.0, 0.0,0.0,NaN, 77.74360104009696,77.74360104009696,0.0, 105.19947320164586, 10.282715058063715, -12.403657950091802, 10.282715058063715, 169.10158094577656, -29.291356220612087, -12.403657950091802, -29.291356220612087, 136.73124783865998, 7.162470310686557, 4.482074633516044, 9.0, 0.0
38, 0 ,1.0,1.0,1.0,184.79376101896162,114.13202964775303,56.76373547296082,8.771338611464738,10.807064645375096,14.339092733967759,36.0,52.0,69.0,0.02147635336906546,0.16987303201483625,0.9852319113995717,14.436761034449448,0.09905355720901358,-0.98097211216711,0.166979363858649,10.696493524209464,-0.9948503199226543,-0.09400461767639313,0.03789423182104955,8.746631628253395,66.11239853440725,50.70751534771584,38.20993080970874,19.031507827324926,6.094285646250307,55586.0,128094.79870168155, 0.0, 1.4210854715202004E-14,0.0,80.21956304556429, 104.0512359427176,104.0512359427176,0.0, 76.93638103697216, -3.2025404259734813, 3.418297115497107, -3.2025404259734813, 116.79264624931633, 15.868149270750596, 3.418297115497107, 15.868149270750596, 205.60958043332698, 7.8057150167780955, 4.547640568497078, 12.0, 0.0
39, 0 ,1.0,1.0,1.0,47.706540141416156,152.48302010271877,187.99816471994194,17.946371270943466,15.098648421192165,6.655944284721415,88.0,78.0,28.0,-0.9388289465486399,0.32868050115184144,0.10280728225639042,18.364393711247676,0.33683386816367406,0.9385425128552315,0.0753717242822824,14.7287069399187,0.07171578891895072,-0.1053901310653044,0.9918416032279398,6.336975284700638,83.11072505317959,72.79664070939546,30.504236583691352,22.974908050568995,8.154545991685275,70289.0,184556.17061986413, 0.0, 0.0,0.0,NaN, 68.39460067076074,68.39460067076074,0.0, 322.07224179454494, -35.79041876170132, -24.18704002506478, -35.79041876170132, 227.96918414676864, 22.54418628225321, -24.18704002506478, 22.54418628225321, 44.301594321315676, 8.421496792517503, 5.234729991389079, 12.0, 0.0
40, 0 ,1.0,1.0,1.0,80.94478943874917,107.44646360351058,74.68953462644738,12.691136706730076,11.713477392159492,10.806563635552445,63.0,62.0,54.0,0.8717438477273578,-0.41935367699012993,0.25338736658397026,13.110688160852604,0.43920550686044957,0.8980451067019806,-0.02476911528666981,11.409321763737967,-0.2171662650895779,0.1328814506373513,0.967047741005353,10.62965446170111,63.401204023310065,56.95291592407766,52.56467868863202,19.589421483780068,5.595255764095374,67795.0,189804.927922652, 0.0, 0.0,0.0,NaN, 143.86362507421748,143.86362507421748,0.0, 161.06495090891153, -14.754773755174163, 12.82355524901239, -14.754773755174163, 137.20555261663154, -6.640929774663475, 12.82355524901239, -6.640929774663475, 116.78181760924447, 6.167053664422544, 3.9583433715698217, 21.0, 0.0
41, 0 ,1.0,1.0,1.0,48.59174415237605,183.9837521315273,165.79292815546475,11.672296948605316,9.91846492928255,13.812728091900047,54.0,43.0,62.0,-0.3187975002265941,0.2697202658581236,0.9086358632778582,14.393603443497463,0.9454054730227628,0.02206415236556536,0.32514868100454625,11.332011823798826,-0.0676509085517846,-0.9626859048338731,0.2620290121461851,9.47732071248068,74.72670597495886,57.482267676472475,47.70133944348689,19.668875675141802,6.208482071038946,62162.0,204899.22011279524, 0.0, 0.0,0.0,NaN, 61.545118082034136,61.545118082034136,0.0, 136.24251605642098, -9.285935755060937, -22.1307079770697, -9.285935755060937, 98.37594655340789, 29.03825258899363, -22.1307079770697, 29.03825258899363, 190.7914573407647, 7.118021255922204, 4.488592335638073, 9.0, 0.0
42, 0 ,1.0,1.0,1.0,172.7401290121209,104.4274696977579,123.73678666181137,11.842104435854653,12.05434754051852,13.642475913721144,52.0,60.0,65.0,-0.32876825133077,-0.05113230043394501,0.9430254104578735,13.861090609301296,0.4886561026257035,0.8452668237002527,0.21619253020940404,12.34058362665191,-0.8081625147725955,0.5318923618590687,-0.2529107848875082,11.28007287335082,67.93343210077609,68.42568655797305,59.200437397049896,20.8161443047427,6.192577608545833,76892.0,275186.82371154515, 0.0, 0.0,-1.4210854715202004E-14,19.43399535835059, 125.27284950584811,125.27284950584811,NaN, 140.23543746968846, 11.437596882648318, -17.47185050361131, 11.437596882648318, 145.3072946276049, 1.4487145504464223, -17.47185050361131, 1.4487145504464223, 186.11714905646156, 7.608403442826246, 4.655034887299555, 16.0, 0.0
43, 0 ,1.0,1.0,1.0,115.23909219858156,152.95778723404254,62.95339952718676,9.831462398212953,12.237550845921145,10.675571793776236,45.0,55.0,49.0,0.024234544466617686,-0.8840490358030517,0.466765454109654,12.778534783016719,-0.633213019136813,-0.3748753077984666,-0.6771334993918461,10.406756619785556,-0.7735980605263546,0.27915194052469183,0.5688762913421176,9.422929596141154,60.780575345173645,51.33860414668055,48.11678186282769,18.196139039362205,5.411437958458838,52875.0,150143.12002273466, 0.0, 0.0,-7.105427357601002E-15,62.17546083136482, 115.58768007563681,115.58768007563681,0.0, 96.65765288747518, 3.0348492442029507, 9.207586253944282, 3.0348492442029507, 149.75765070650533, -25.789503777878096, 9.207586253944282, -25.789503777878096, 113.96783312407076, 6.2638458968195225, 3.957786533401272, 16.0, 0.0
44, 0 ,1.0,1.0,1.0,98.832804298666,159.36615422916537,16.148835086408997,11.920197545229483,10.776871849851108,10.627014159747239,52.0,53.0,45.0,-0.7966589917560407,-2.1003967980919025E-4,0.6044289923039603,13.47775877828471,-0.1370260967265868,-0.9739010315529602,-0.180943719305082,10.8902353934335,0.5886920244662094,-0.22697298654997042,0.7758382329496674,8.421300239681173,64.01199963707873,52.62095630447797,50.31754305965718,18.309397000071286,5.994287933577367,48201.0,169488.23514610706, 0.0, 0.0,0.0,NaN, 108.07320436775446,108.07320436775446,1.3486991523486091E-6, 142.091109517295, 6.3812750136479846, -52.13778838693417, 6.3812750136479846, 116.14096686811325, 8.38798385012671, -52.13778838693417, 8.38798385012671, 112.93342995146831, 7.221484374436488, 4.344383298809153, 12.0, 0.0
45, 0 ,1.0,1.0,1.0,117.84425025564748,112.3359114994887,54.556512038672494,10.176647722210717,11.196004950685735,11.01410901567944,49.0,50.0,53.0,0.16937599604007214,0.7338805849152652,0.6578229693845158,12.17645164115606,-0.8123843979407981,-0.2739308355149928,0.5147751813524285,10.222617188356567,0.5579815068152355,-0.6215956760133444,0.5497958290253874,9.872051781566586,62.17782119347238,49.84204612485016,49.09946849933269,18.006627221480464,5.097711175978501,53785.0,152162.68158702215, 0.0, 0.0,0.0,NaN, 131.95064469152084,131.95064469152084,0.0, 103.56415886197657, 7.8832561240348795, 2.7150860155797845, 7.8832561240348795, 125.35052685577948, 23.53515844561338, 2.7150860155797845, 23.53515844561338, 121.31059740927113, 6.5073757281148925, 3.996392298180109, 13.0, 0.0
46, 0 ,1.0,1.0,1.0,109.31754972032319,52.91063937228092,129.09879972032317,10.443702904339915,11.030747829593826,11.231950168511267,50.0,53.0,49.0,-0.32817253603406055,-0.6085680395092316,0.7224594991284036,12.633498728234757,0.8038299298708269,-0.581621052975861,-0.12479741415234683,10.406302087067022,0.4961453722819904,0.5397794846260285,0.6800572604862215,9.434437947144621,59.84606260686735,49.67103366902991,45.571933907945976,18.11563834735047,5.359914168166868,51488.0,135467.85034770568, 1.4210854715202004E-14, 0.0,0.0,70.84210665415199, 126.68789503582602,126.68789503582602,NaN, 109.07093035411798, 5.084195273912509, -18.672202754567554, 5.084195273912509, 121.6773976800889, -29.6393222204552, -18.672202754567554, -29.6393222204552, 126.15670458792029, 7.274082082458595, 4.13909901403596, 16.0, 0.0
47, 0 ,1.0,1.0,1.0,17.589319097669396,50.12369656433052,94.27715923725646,9.542676650679372,10.66615314334578,11.046570988087279,39.0,55.0,48.0,-0.4049206949019196,0.37143710857954604,-0.8355080521516309,11.6121843953954,-0.15784834121418295,-0.9284482829328402,-0.3362553896891341,10.506868879132947,0.9006237460871643,0.004273205954211712,-0.4345786553603332,9.03432958528861,57.84100136419701,57.16289839757996,45.94567164675878,17.384790120143432,4.962388901542041,48142.0,151912.8980178762, 0.0, 0.0,0.0,NaN, 108.21253096309933,108.21253096309933,NaN, 91.06267765942127, -3.787864966694797, 19.533665308458648, -3.787864966694797, 113.76682287730506, -7.533888979640673, 19.533665308458648, -7.533888979640673, 122.02673059485157, 7.293401498649772, 4.149307987849096, 9.0, 0.0
48, 0 ,1.0,1.0,1.0,127.49350830657546,9.294708920843222,49.49731257852855,10.92431700197068,6.226717005963825,11.044016096297975,52.0,26.0,56.0,-0.04711765457791366,0.1416973878781869,0.9887880343610429,11.116775701706166,0.9914239095383799,-0.1141632556381714,0.06360332269408223,10.98145488296672,-0.12189568582484961,-0.9833049381197029,0.13510307341691888,5.992323824570507,55.183659305906744,50.12048090564363,27.796643701239546,15.861374983983039,5.338518688236849,28652.0,76880.83392577987, 0.0, 0.0,0.0,NaN, 88.28118091704711,88.28118091704711,0.0, 119.34070195954567, -10.170291223674532, 1.2553050446603102, -10.170291223674532, 38.7720046723591, 11.669087414034205, 1.2553050446603102, 11.669087414034205, 121.97029153528878, 6.61506376155246, 4.200529015646268, 12.0, 0.0
49, 0 ,1.0,1.0,1.0,149.30361197994773,52.41822700201379,160.02457260379623,10.482871523455383,9.049285635579656,11.004029596658922,48.0,44.0,50.0,0.48452759354086583,-0.1120893505066253,0.867564976587057,11.195188176054586,0.8254909377140217,-0.2696022745044767,-0.4958622039781192,10.408933958300706,-0.2894783633529844,-0.9564259464720809,0.03810099822132822,8.898915035564036,50.36991951478646,48.01452296229343,41.48020719812466,17.060341650504125,4.67050061811257,46678.0,100319.36912475487, 0.0, 0.0,0.0,NaN, 83.16146388696814,83.16146388696814,0.0, 109.8905953772718, -8.994582310136245, 7.461925469364599, -8.994582310136245, 81.8895705143083, -0.5893934266958676, 7.461925469364599, -0.5893934266958676, 121.08866736414552, 6.6504935641037255, 4.040137334331711, 14.0, 0.0
50, 0 ,1.0,1.0,1.0,134.49156909335548,117.03386676590993,185.16569809052132,9.952594784363576,10.389677801337962,7.863724622472929,50.0,48.0,32.0,-0.26781284701750274,0.9588535890932379,0.09421291660592826,10.447762920895958,0.9634226094251228,0.2674955694133385,0.016217151190058874,9.913492703598129,0.00965166415013853,-0.0951100153887578,0.995419976870006,7.83611032719047,49.551016996103826,52.27637775092532,33.52681288023729,15.752865187548947,4.548071138229,34931.0,86846.10204361525, 0.0, 0.0,0.0,NaN, 106.74638306195187,106.74638306195187,0.0, 99.05414294174105, -2.759655499053529, -0.6287309814302994, -2.759655499053529, 107.94540481561484, 4.4736188245086925, -0.6287309814302994, 4.4736188245086925, 61.838164938087004, 7.029015303727965, 4.305682568192429, 13.0, 0.0
