// Sample: .//bubblelabels.tif, Map: .//bubblelabels.tif, Thickness:(8.191250068658265):/gpfs/home/mader/Foam/NewValid/InSilicoTest/LatticeData_Phi_6.65/out_Step_06000.vtk/distmap.tif, Neighbors:(1.0):
//LACUNA_NUMBER, TRIANGLES, SCALE_X, SCALE_Y, SCALE_Z, POS_X, POS_Y, POS_Z , STD_X, STD_Y, STD_Z,PROJ_X, PROJ_Y, PROJ_Z, PCA1_X, PCA1_Y, PCA1_Z, PCA1_S, PCA2_X, PCA2_Y, PCA2_Z, PCA2_S, PCA3_X, PCA3_Y, PCA3_Z, PCA3_S,PROJ_PCA1, PROJ_PCA2, PROJ_PCA3,OBJ_RADIUS, OBJ_RADIUS_STD, VOLUME, VOLUME_BOX, Mask_Grad_X,Mask_Grad_Y,Mask_Grad_Z,Mask_Angle, Mask_Distance_Mean,Mask_Distance_COV, Mask_Distance_STD, SHAPET_XX, SHAPET_XY, SHAPET_XZ, SHAPET_YX, SHAPET_YY, SHAPET_YZ, SHAPET_ZX, SHAPET_ZY, SHAPET_ZZ, Thickness, Thickness_STD, Neighbors, Neighbors_STD
1, 0 ,1.0,1.0,1.0,182.38399009577918,34.8771377569627,20.71558955066316,11.745650190435954,18.26139327654166,13.89681495263943,50.0,82.0,64.0,0.1888006493205766,0.9704376157969539,0.15035008700513883,18.477926795841146,-0.4781468649180232,0.22457310703736683,-0.8490833263965611,14.857698657945532,-0.8577469850633076,0.0884180606092864,0.506411252020429,10.118066047507856,94.31316840661773,77.1675876021382,56.34806611794822,24.394907364457,8.333591260919215,104198.0,410096.699614477, 0.0, 0.0,0.0,NaN, 44.22526646042174,44.22526646042174,NaN, 137.96029839608818, 31.089040492199498, 54.845002269606056, 31.089040492199498, 333.478484400521, 12.307846383112711, 54.845002269606056, 12.307846383112711, 193.12146582790282, 10.124498857737077, 7.034362953841539, 8.0, 0.0
2, 0 ,1.0,1.0,1.0,60.516407490542356,82.90283256937478,32.84190331388575,16.515480759127666,17.970487065932197,17.45550717860739,79.0,85.0,70.0,-0.08593553718900362,0.7901630480819926,0.6068421877999355,18.59605957793224,-0.5520455565035723,-0.5448079278923144,0.6312131377358559,17.042119684038145,-0.8293737317956839,0.2807608932017733,-0.4830243615552364,16.252598739994816,92.93082919024232,89.34782438690905,79.44827494870901,28.879442521554964,8.14690374306292,222307.0,659672.3270662741, 0.0, 0.0,0.0,NaN, 107.76690510943415,107.76690510943415,NaN, 272.76110470511617, 2.3606045612744957, -13.418733293766925, 2.3606045612744957, 322.9384053868364, 30.11962715291589, -13.418733293766925, 30.11962715291589, 304.6947308624142, 10.612824672495197, 6.709927423844596, 20.0, 0.0
3, 0 ,1.0,1.0,1.0,56.384977673992964,151.76966345319428,14.266910175294656,15.752466223855743,21.782430005874012,9.528924191717485,82.0,89.0,41.0,0.19490788678175547,-0.9805608412330538,0.02261310041980925,21.994116354473842,0.9660662027727436,0.1959087446751853,0.1683325744472687,15.605661282294696,-0.16949043492339824,-0.010963594306565788,0.9854708479043703,9.281003559646436,96.22279065907422,72.74036573548936,44.290730619354036,26.889172653969755,9.507220378796745,126758.0,310003.268619436, 0.0, 0.0,0.0,NaN, 75.55776463517667,75.55776463517667,0.0, 248.140192133716, -46.200135745692045, 27.348822562329985, -46.200135745692045, 474.47425696080046, -3.625585948120829, 27.348822562329985, -3.625585948120829, 90.80039625149873, 10.019620640376488, 6.648833059968222, 12.0, 0.0
4, 0 ,1.0,1.0,1.0,167.2994051102009,184.98240686561343,82.84525063389897,17.775755443982863,8.569132955770494,17.57507134544471,73.0,35.0,80.0,-0.7357990396261749,-0.024556514331010925,0.6767545721227961,18.941539640448262,0.6743814470368699,0.06451061897392028,0.7355596807411746,16.34200921609392,0.06172063818250667,-0.9976148343140819,0.030906393817971882,8.511607653425896,87.8134134673602,79.99362632071237,36.61508076863322,25.029540701156087,8.47424016090741,102540.0,257203.12487355235, 0.0, 0.0,0.0,NaN, 90.32271343516129,90.32271343516129,1.9073486328125E-6, 315.9774816042864, 13.64030745873617, -46.04403198470211, 13.64030745873617, 73.43003961367195, 4.476183266467294, -46.04403198470211, 4.476183266467294, 308.88313279747166, 10.69677429630123, 6.79876200189091, 12.0, 0.0
5, 0 ,1.0,1.0,1.0,14.24110578439412,113.89449157888097,142.50566138901155,9.116361722614688,18.274711895681644,19.698286806611634,37.0,93.0,103.0,-0.04306981066362191,0.23990276531744648,0.9698410460495277,19.79443459079635,0.0529550234726055,-0.9688290705066043,0.24200412730018891,18.205574686342832,-0.9976676585408669,-0.061781027300882994,-0.029023228063603884,9.046162645781404,95.02396254329422,95.90676492840119,39.03869360980624,26.792779819535465,9.340374649079568,126824.0,355776.8246137776, 0.0, 0.0,0.0,NaN, 104.51108384633996,104.51108384633996,0.0, 83.10805105755423, -16.009034279781982, -9.749575111597062, -16.009034279781982, 333.9650948701682, 13.600125016135005, -9.749575111597062, 13.600125016135005, 388.0225031155299, 11.222529296664487, 6.9128203777401955, 16.0, 0.0
6, 0 ,1.0,1.0,1.0,57.868747334099666,148.81130847810527,184.797471099833,18.625293831700873,22.22653348412053,8.743524376559986,92.0,94.0,39.0,0.10040189768794516,0.9936609996719878,0.05056952314908908,22.288938409028866,0.993148906949435,-0.09703663538224173,-0.06510867852165651,18.610693072125084,0.059788858207879325,-0.056760101520000675,0.9965959980401474,8.614807457807625,97.8188688729955,91.27642109836725,43.084207770584584,28.387178394919157,10.56114020058838,138321.0,384679.7732823036, 0.0, 0.0,0.0,NaN, 78.741291218153,78.741291218153,0.0, 346.90157031719457, 15.932152785332683, -15.451911945276118, 15.932152785332683, 494.01879072073115, 22.95368017658543, -15.451911945276118, 22.95368017658543, 76.44921852349869, 9.259435314608053, 6.414656648960043, 17.0, 0.0
7, 0 ,1.0,1.0,1.0,183.56723805727194,176.5858636192501,137.26661572874448,10.751132578009036,14.533610703176986,15.759052877044777,43.0,60.0,77.0,0.028723537796261633,0.4689789167439198,0.8827421673547529,16.266048936338592,-0.3567942962976293,0.8297436602197,-0.4292124048238764,14.447493873234409,0.9337412856385576,0.30262887168100006,-0.19116217596360044,10.091878524160581,78.24386297650392,73.02165169028746,54.0249488812818,22.796956962059433,7.447092898102705,90306.0,308671.3352314655, 0.0, 0.0,0.0,NaN, 68.9473346087268,68.9473346087268,0.0, 115.58685170992722, -29.450588708348125, 20.494591824408943, -29.450588708348125, 211.22584007150067, 29.306338024486912, 20.494591824408943, 29.306338024486912, 248.34774758149328, 10.57904514603346, 6.754414538408589, 7.0, 0.0
8, 0 ,1.0,1.0,1.0,81.40711274237042,21.925319950348843,43.02086097675812,17.35042772040759,13.649155889294972,19.700502206283836,94.0,56.0,86.0,-0.33013796455236705,0.06414604804973643,0.9417506086437224,20.04582642314449,0.9396063194983393,0.11774409475716474,0.321366290249304,17.019825838459333,0.09027119540586657,-0.9909700362116988,0.09914382789956788,13.56233597846744,95.68305275080672,90.19215266341331,62.08526757263282,28.232642530972115,8.85237151669115,186904.0,535787.198319216, 0.0, 0.0,0.0,NaN, 94.65005091998484,94.65005091998484,0.0, 301.0373420810882, 7.0836283849356585, -35.81794575066544, 7.0836283849356585, 186.29945649027565, 17.164138688918346, -35.81794575066544, 17.164138688918346, 388.10978717979424, 9.570627870072514, 6.185488351800441, 14.0, 0.0
9, 0 ,1.0,1.0,1.0,51.8046759225955,183.23982447305949,121.80641680454643,14.675238023276885,9.684300457929757,12.597217283609908,62.0,36.0,58.0,-0.9707651210461017,0.02521681321246155,0.2387031463800926,14.804843712504985,-0.2344370524603927,0.11384428821092352,-0.96544225434535,12.480556167284645,0.05152036678859431,0.9931785289529557,0.10460430886351069,9.637971264396112,63.253609767119116,62.33736817574406,41.170397473914136,20.670695122300256,6.3687151648263685,69505.0,162337.49405059923, 0.0, 0.0,0.0,NaN, 95.28307501378889,95.28307501378889,0.0, 215.36261103983165, -4.769658915959221, -15.034617444234096, -4.769658915959221, 93.78567535945848, -6.150264897704991, -15.034617444234096, -6.150264897704991, 158.6898832904802, 10.911893020972581, 6.5633837360724065, 9.0, 0.0
10, 0 ,1.0,1.0,1.0,169.78647404778846,95.330124019418,16.59354594662752,16.073244205784654,15.831418182802087,10.406116197969046,66.0,76.0,41.0,0.7931149421940931,0.5963258369467874,0.12395234833666532,16.488790218080137,0.599251045371085,-0.8003950674039463,0.016307075062510803,15.481978491384213,-0.10893517838660849,-0.06134518942138962,0.9921541687886672,10.280971473535061,80.20469153855413,71.8737202045124,44.43824421256748,23.76241788426674,7.253808075529546,111031.0,256169.1273610007, 0.0, 0.0,0.0,NaN, 101.3707820977298,101.3707820977298,0.0, 258.34917929879, 14.328300927239834, 17.646466187845206, 14.328300927239834, 250.63380167875656, 10.534599948413575, 17.646466187845206, 10.534599948413575, 108.28725432563375, 9.630064575419636, 6.083852268982087, 13.0, 0.0
11, 0 ,1.0,1.0,1.0,88.51962345073238,178.80292225493403,81.1763748046378,16.52787357761523,11.709278390071134,17.519910760539425,83.0,53.0,84.0,0.633770629539711,-0.04426512521038975,0.7722534479191054,19.415200128146196,0.7727000712625728,-0.009755311889698842,-0.6346963319263389,14.270428972139866,-0.035628485845641,-0.9989721880913616,-0.028021035246824207,11.688881016000916,89.36759823929381,69.92203091844358,54.908644904961335,25.574660004515646,7.9474426153593365,137565.0,343111.1617696248, 0.0, 0.0,0.0,NaN, 121.96164834575193,121.96164834575193,0.0, 273.17060499763176, -7.2470794797163505, 84.7539590463774, -7.2470794797163505, 137.10720041618686, -7.800140316733346, 84.7539590463774, -7.800140316733346, 306.9472730572651, 10.35119058187281, 6.320753645123034, 16.0, 0.0
12, 0 ,1.0,1.0,1.0,154.94032041090864,181.52680689739512,181.96002201296318,17.833315289112004,11.885261116701384,10.667264796608011,79.0,54.0,47.0,-0.9929320028158952,-0.1141047332119047,-0.03265191637033963,17.914307863500422,0.07258503805092541,-0.8014896742527469,0.593587158147287,12.98232418633572,-0.09390127813380031,0.5870216451928045,0.8041070438940157,9.144065657387422,80.44907593107203,70.96128372841804,49.62719450237182,22.633180291690493,7.798477680790903,81770.0,283310.2244117828, 0.0, 0.0,0.0,NaN, 51.933364938644964,51.933364938644964,0.0, 318.027134200876, 21.945919257176037, 11.352927814886307, 21.945919257176037, 141.25943181217383, -39.520115791273106, 11.352927814886307, -39.520115791273106, 113.79053824095256, 10.283240129273912, 6.646146507147563, 7.0, 0.0
13, 0 ,1.0,1.0,1.0,21.624925156102986,45.069152471000045,57.27973523354586,12.483183679612136,16.8355680866289,17.064857821646786,54.0,85.0,83.0,0.27304243743799783,-0.6295046287573994,-0.7274419218954364,17.315404875116034,0.09275443924952408,-0.7354249017436177,0.6712278509529364,16.963761852095068,-0.9575199430598946,-0.2507471560524663,-0.142412858879305,11.95337349402603,80.67072669382677,77.84523805147865,63.71144735547904,25.907851943051075,7.697974262639563,151983.0,400097.18098046415, 0.0, 0.0,0.0,NaN, 76.02521924260672,76.02521924260672,0.0, 155.82987477893477, -36.858345758345614, -22.151324115274303, -36.858345758345614, 283.4363527995175, 0.34605174720500526, -22.151324115274303, 0.34605174720500526, 291.2093724730195, 10.994009023410536, 6.260866337968354, 13.0, 0.0
14, 0 ,1.0,1.0,1.0,133.11873061260962,117.3271506440124,116.32494861942632,13.085939408844288,16.9959103815832,18.07849953263905,68.0,87.0,87.0,0.22794783947564368,0.40718155795525596,0.884445001873784,18.24796400248604,0.3082160346490191,0.8314721798140411,-0.4622303432062009,17.54309599449956,0.923603084914522,-0.3779645394166203,-0.06403240179753587,12.090761677997339,85.45502594174391,87.47524116281441,65.48448778804884,26.88388500839781,8.011969303342845,156674.0,489509.57781396504, 0.0, 0.0,0.0,NaN, 135.312299659152,135.312299659152,0.0, 171.24181021194397, 58.74519922718528, 14.641697446809502, 58.74519922718528, 288.8609696988076, 5.17493925962616, 14.641697446809502, 5.17493925962616, 326.83214535163034, 9.197242072968601, 6.1824679903760735, 27.0, 0.0
15, 0 ,1.0,1.0,1.0,78.03715737732233,91.63634646893833,159.21698464272822,14.228151984953094,17.21333731837882,18.34395018923232,76.0,83.0,84.0,-0.06725519229032434,-0.03629565763508609,-0.9970754055470568,18.358892319871916,0.23038195894743554,0.9717674077848959,-0.050914223538864725,17.37826398208172,-0.9707733474408602,0.23313243104265824,0.05699453916478647,14.006670298278715,85.31187573458993,82.41078100225698,76.84438986772847,27.671061473409864,8.339793523994675,180045.0,540263.574275372, 0.0, 0.0,0.0,NaN, 127.08372148839419,127.08372148839419,0.0, 202.44030890692468, 24.033973962746863, 8.20479531639399, 24.033973962746863, 296.29898163629287, -0.13776637786176424, 8.20479531639399, -0.13776637786176424, 336.5005085450365, 9.954030729954203, 6.31620039337885, 22.0, 0.0
16, 0 ,1.0,1.0,1.0,119.36412674105492,50.326006349097106,14.210208453418447,16.91898739017971,18.391841036562326,9.297753500670634,79.0,93.0,39.0,-0.5710462471262787,0.8201646357618187,0.0351589801996039,19.716529746502736,-0.8195806725881044,-0.5671493507705532,-0.08141950037043084,15.399805792591117,-0.046837002071263595,-0.07530992076893443,0.9960595921282789,9.223047624739921,97.8229245046784,71.62770449228694,42.75233113766339,25.300817224447588,8.415985917146484,116237.0,299558.3817533033, 1.4210854715202004E-14, 0.0,-1.7763568394002505E-15,58.08898371279408, 96.10817340669638,96.10817340669638,0.0, 286.25213430905995, -71.53277543919332, 4.051858936561148, -71.53277543919332, 338.259816714178, 15.779909674769389, 4.051858936561148, 15.779909674769389, 86.44822015923303, 9.533876622932683, 5.886951309519227, 9.0, 0.0
17, 0 ,1.0,1.0,1.0,49.12179053237271,13.084933030317682,118.97216043711619,15.764096702409805,8.369782106404406,15.713079320324354,69.0,34.0,73.0,-0.7264828853414387,0.09063739956677834,0.6811809444675843,16.83096448440648,0.6736221682373889,-0.102037008526628,0.7319983766034567,14.678343405696639,-0.13585209518125627,-0.9906428774743746,-0.013072778746461912,8.16858179046458,82.9134592406773,77.92699569947713,38.15426848471073,22.541299401341806,7.5730231993221935,82724.0,246522.23674065436, 0.0, 0.0,0.0,NaN, 95.65394169475003,95.65394169475003,0.0, 248.5067448429277, -24.482166001166178, -33.82972917658665, -24.482166001166178, 70.05325250868736, 2.2616121170251495, -33.82972917658665, 2.2616121170251495, 246.90086172680486, 8.636705985910732, 5.6886369720898555, 9.0, 0.0
18, 0 ,1.0,1.0,1.0,186.58586669428763,27.95834843855197,172.04349008234502,7.927344287824852,15.489374538260194,15.11076669266213,32.0,71.0,59.0,0.010274122942608398,0.7755610948732805,0.631188902403012,16.217180933776632,-0.04642932582481795,-0.6301714245209693,0.7750666380516357,14.338361968214233,-0.9988687401762117,0.03726880513473539,-0.029534320080476975,7.906528929555555,80.77197826629859,73.630977155156,33.599416251157464,21.900323159134786,7.174581981531989,77236.0,199826.4697255038, -2.8421709430404007E-14, 0.0,-2.8421709430404007E-14,78.64003085498577, 41.751343290136724,41.751343290136724,0.0, 62.842787457709306, 5.783659603753857, -3.8485670700983423, 5.783659603753857, 239.92072358650316, 28.260330773148407, -3.8485670700983423, 28.260330773148407, 228.33527004006723, 8.824102013766476, 5.64453821850855, 9.0, 0.0
19, 0 ,1.0,1.0,1.0,22.736197148579784,178.33643209073162,41.31974950772013,14.692178289290329,12.643342082746566,17.262592119816496,65.0,54.0,74.0,0.3372675480217902,-0.30746172539475186,0.8897853047048209,18.36272653736263,-0.9093873739670902,-0.3508194182503807,0.22347335377557714,14.325929864814102,0.24344446003269196,-0.8845298317161187,-0.39792181604386095,11.458154136825899,86.56663946165241,76.05058060073728,65.78950051237601,24.655935484069936,8.111481615968431,118327.0,433121.43923442456, 0.0, -2.8421709430404007E-14,0.0,72.09367132782599, 51.899581257648975,51.899581257648975,0.0, 215.8601028842941, 2.2388527361650903, 46.76286038591092, 2.2388527361650903, 159.85409902135027, -62.1262341490345, 46.76286038591092, -62.1262341490345, 297.99708669515053, 10.000039753846671, 5.967074684870483, 8.0, 0.0
20, 0 ,1.0,1.0,1.0,109.91411465392895,71.24918275189725,63.18239672955792,12.910353782864332,14.467037375032344,16.92817071499977,62.0,73.0,80.0,-0.14381629756964243,0.2512983104254959,0.9571656239808507,17.179418416638235,-0.04197186519339767,-0.9678990617302526,0.24780994498583697,14.265691335090917,-0.9887139298530933,0.004534917748678496,-0.14974711828768336,12.802070245216619,76.79384269041132,70.94662045443854,61.29119381539445,24.75125893741491,7.064739908767597,137963.0,333930.58091430657, 0.0, 0.0,7.105427357601002E-15,16.830476045510075, 131.08748238443656,131.08748238443656,0.0, 166.67723479871935, -3.13367666383576, -18.477952647822352, -3.13367666383576, 209.29517041058276, 22.065231730472917, -18.477952647822352, 22.065231730472917, 286.56296375617586, 9.009963902562287, 5.684108611995996, 10.0, 0.0
21, 0 ,1.0,1.0,1.0,141.0135715866849,40.618583456098435,86.50919402483798,15.323584217784374,12.850311375975467,16.654853891756975,87.0,66.0,86.0,-0.4060562716011118,0.047679126508567565,0.9126034216398622,17.0088468645819,0.8746776999166627,0.309518975239444,0.3730106234884222,15.16939847294872,0.26468325515963675,-0.9496971648173465,0.16738598978407487,12.566438325990822,77.3989583874669,76.72348811323553,64.29959682016383,24.916720080931082,7.515580769514411,131009.0,381831.45729336946, 0.0, 0.0,0.0,NaN, 112.30809725823978,112.30809725823978,0.0, 234.81223327953035, 17.001703383851645, -25.132581326307676, 17.001703383851645, 165.1305024595245, 14.05208738504361, -25.132581326307676, 14.05208738504361, 277.3841581557724, 8.850818914666943, 5.677717581589403, 13.0, 0.0
22, 0 ,1.0,1.0,1.0,54.795357604997044,76.40428455037781,93.42434142211287,14.212899998445167,14.969140778999176,14.383367310457,69.0,75.0,64.0,-0.1731006472082911,0.7883333969825813,0.5903953092106798,16.21205568908421,-0.8563855301711482,0.17560008181801323,-0.48555991904088325,14.64505053799547,0.48645656501845314,0.5896567361333294,-0.6447208263140229,12.476165367949097,76.45898740682375,72.07692995683803,64.57266350023671,24.183111475451526,6.9383050221756015,125194.0,355855.36904956086, 0.0, 0.0,0.0,NaN, 132.54528842199608,132.54528842199608,0.0, 202.0065263658026, -23.47120652602617, 13.506922274506255, -23.47120652602617, 224.07517566149608, 44.86728104590656, 13.506922274506255, 44.86728104590656, 206.88125518752304, 8.710952129960155, 5.612853833970411, 11.0, 0.0
23, 0 ,1.0,1.0,1.0,117.55659178862804,150.9883827665465,159.53539878246693,16.458384383413726,12.940050650050866,15.367429189453324,77.0,68.0,77.0,-0.9355210238342335,-0.35237349278233476,0.02516615879559466,16.968332910997017,-0.03974834697850663,0.03420769220526182,-0.9986240046716617,15.37229172679528,-0.35102775228836774,0.9352340644877983,0.046008279092013604,12.257631603161247,84.51067808681684,78.73548115740735,63.99737472663031,24.909551045667815,7.348161262125542,136177.0,425837.82119480736, 0.0, 0.0,0.0,NaN, 104.09821388015958,104.09821388015958,0.0, 270.8784165121968, 45.26786849621932, 0.17460694010666497, 45.26786849621932, 167.44491082588183, -4.160673235026137, 0.17460694010666497, -4.160673235026137, 236.15787989286204, 9.158576082251688, 5.778034035434676, 15.0, 0.0
24, 0 ,1.0,1.0,1.0,174.7676433321219,61.14627390505751,113.85930516948403,14.316873079131463,11.995516785813853,14.831416421078496,62.0,57.0,75.0,-0.6154031019445205,-0.013592749299068958,0.7880953364178441,15.63021937674427,-0.7404763215213842,0.35263958527377204,-0.5721364698776873,13.665603469281116,0.2701367049906807,0.9356604940171593,0.22708060364624544,11.73813080662155,83.37484205758118,73.43877634971341,59.96865125467636,22.841121421874814,6.864354519485383,101809.0,367184.83605689555, 0.0, 0.0,0.0,NaN, 108.60827749932972,108.60827749932972,NaN, 204.97285476395925, -11.894761214646996, -30.917632791900317, -11.894761214646996, 143.89242295874192, -11.020162977575119, -30.917632791900317, -11.020162977575119, 219.97091305543682, 9.563471613888314, 5.639362023606407, 11.0, 0.0
25, 0 ,1.0,1.0,1.0,183.8694848392215,20.23893328675197,114.46328078373146,10.278859160742236,11.408892722426245,16.049069743951843,41.0,44.0,81.0,-0.22920555964474107,-0.31701257269675803,0.9203085570503643,16.841628315870118,-0.2549699165511279,-0.8929123691733117,-0.3710765994120537,10.742888667452572,-0.9393908414934926,0.31970381563172756,-0.12383181008392995,9.712894377745307,91.95100576843738,52.909373101977764,47.10441845983374,20.932887921933403,7.4299812713223075,68697.0,229166.2964751339, 0.0, 0.0,0.0,NaN, 89.36631509814234,89.36631509814234,0.0, 105.65494564637459, 18.551512814956045, -37.9374968993287, 18.551512814956045, 130.16283315183054, -48.24710381507382, -37.9374968993287, -48.24710381507382, 257.57263964623047, 9.224874763194586, 5.834634597557276, 7.0, 0.0
26, 0 ,1.0,1.0,1.0,11.407525960657019,24.744676374675024,170.52290999804637,7.122577966355306,14.048860559491825,16.06055708332311,29.0,52.0,61.0,0.0324451408464946,-0.2924752241804557,0.9557225309032132,16.257341567553485,0.040128716017949345,-0.9550737339712396,-0.29363897702618386,13.837032670083088,-0.9986676118640285,-0.047879076002206034,0.019250846604060817,7.09073097617489,72.69384378194529,65.75447388626874,29.023817950455417,21.336298972150168,7.127793480775777,66543.0,138732.26663089107, 0.0, 0.0,0.0,NaN, 40.14136884080734,40.14136884080734,0.0, 50.73111688681008, -7.441986894616217, 4.972900630764731, -7.441986894616217, 197.37048302004493, -20.22983272670602, 4.972900630764731, -20.22983272670602, 257.94149382668013, 8.579367730289166, 5.2164272694567275, 5.0, 0.0
27, 0 ,1.0,1.0,1.0,98.38597782959054,184.7555255586916,141.7969348659004,13.15110457391957,9.234467643702054,14.988176462542574,63.0,37.0,63.0,-0.31095112457545704,0.04935770629144781,0.9491434111634058,15.234690038208033,-0.9201218586316001,-0.2658004832079098,-0.28762104998551785,13.135384183181772,0.23808646201241435,-0.9627636885321808,0.1280660636168789,8.845240508262433,69.91429194122145,66.83457829842004,42.28518459790334,20.985234442963357,6.518612829650691,73341.0,197585.65304639476, 0.0, 0.0,0.0,NaN, 115.32472165793693,115.32472165793693,0.0, 172.95155151416824, 20.701470971006092, -20.452906725895236, 20.701470971006092, 85.27539266258016, 14.417066063260613, -20.452906725895236, 14.417066063260613, 224.64543367231525, 9.468512132466616, 5.60382136764717, 7.0, 0.0
28, 0 ,1.0,1.0,1.0,175.62715314751017,150.22104156413585,92.55884524182363,14.424709735026548,11.036824942728453,13.912415871020551,60.0,51.0,67.0,-0.768170729320691,-0.11081509960461523,0.6305820678662984,15.282920258789924,-0.6387165844278635,0.20065463818910306,-0.7428181748920826,13.10058097880396,0.044213746637463525,0.9733744037485365,0.22491646168179594,10.874106745185811,75.62422755376389,65.93064258348744,52.48075685053391,21.898640996856873,6.624846686168793,89404.0,261666.63521225983, 0.0, 0.0,0.0,NaN, 107.88475424801351,107.88475424801351,1.3486991523486091E-6, 208.07225093976967, 2.9755961645889, -30.535406164254244, 2.9755961645889, 121.81150481643292, -16.01457316975642, -30.535406164254244, -16.01457316975642, 193.55531536822454, 9.409826302594317, 5.542529063662062, 8.0, 0.0
29, 0 ,1.0,1.0,1.0,20.09168079858167,75.48810992060433,175.2853715408926,11.71092279880979,15.47008004833962,14.180684650250258,48.0,72.0,58.0,-0.008655191706651934,0.8253156020088508,0.564605388512445,16.52058083300531,-0.05424752237000296,-0.5641826069539342,0.8238660038667567,12.94548782699172,-0.9984900069471084,0.02349772523949306,-0.04965443520303258,11.706650268668168,82.83110902783343,66.78623192173268,49.85649948948426,22.960851768861783,7.0964915768169785,103784.0,275805.04127529485, 0.0, 0.0,0.0,NaN, 81.93255297236291,81.93255297236291,1.6518123698891422E-6, 137.1457127996829, -0.03596282562391019, -2.028947720376839, -0.03596282562391019, 239.32337670203557, 49.123551303490494, -2.028947720376839, 49.123551303490494, 201.09181714984328, 8.538795755171781, 5.1467251222078705, 8.0, 0.0
30, 0 ,1.0,1.0,1.0,89.14471635526672,34.23921946926618,104.62090441375575,13.28617642250161,15.272559051838947,13.837918499720416,67.0,69.0,61.0,-0.3701079009004077,0.7757601561260351,0.5110932614097004,16.558744497457127,-0.5447593579366642,-0.6268760147572559,0.5570131991815762,13.099129530297326,0.7525007532431632,-0.0722678510083903,0.6546143705106862,12.469254931353193,82.48127883621063,62.571452876184814,63.540047965581834,23.552121661710615,6.823422715808553,118176.0,327928.5006807499, 0.0, 0.0,0.0,NaN, 134.96768679493417,134.96768679493417,0.0, 176.52248392983768, -28.583571379665432, -27.341919740761497, -28.583571379665432, 233.25105999190774, 41.44323747819296, -27.341919740761497, 41.44323747819296, 191.48798840490454, 8.21339121766009, 5.210687938481231, 9.0, 0.0
31, 0 ,1.0,1.0,1.0,105.14885242072067,161.44724639373942,18.065093733574724,11.147974997662486,17.572289845606445,11.086696640857463,54.0,83.0,44.0,-0.01688423506443713,0.9965109604487795,-0.08173633409774997,17.611631675175477,-0.7247757908567298,0.04411616744170861,0.6875709539809373,12.20017228956764,0.6887778855293551,0.07084962579792006,0.7215021517154364,9.84701910304499,84.19854796607262,66.06722068875868,54.04494834410312,22.356222916013934,7.495122167275849,85615.0,300639.29574065836, 0.0, 0.0,0.0,NaN, 103.9682769855022,103.9682769855022,0.0, 124.27734654850791, -5.246098324380292, -25.55958131800128, -5.246098324380292, 308.7853704180034, -15.792168476929438, -25.55958131800128, -15.792168476929438, 122.91484240640015, 8.18477418335257, 5.262622859229942, 12.0, 0.0
32, 0 ,1.0,1.0,1.0,153.52641397825,89.41472903490012,68.7459503116895,10.706549421429793,12.721927103668595,14.990759962261352,52.0,62.0,69.0,-0.09387835193417718,-0.2582351343354498,0.9615099949729462,15.211919059210894,0.2831894149257925,-0.9328074168885832,-0.2228768230921194,12.661739398023009,0.9544582810747205,0.25136614408547686,0.1606998795752167,10.46319205325423,69.35484558463506,65.5411255649932,48.21405870510151,21.507275179353037,6.21591733779799,87908.0,219161.56696735506, 0.0, 0.0,0.0,NaN, 121.98685851501746,121.98685851501746,2.3360154559928683E-6, 114.63020051351864, -10.474518824441839, -14.214390005730378, -10.474518824441839, 161.84742923105762, -19.70326769422096, -14.214390005730378, -19.70326769422096, 224.72288424613797, 8.057347680165948, 5.080721412725069, 8.0, 0.0
33, 0 ,1.0,1.0,1.0,152.95577068601102,49.611812749523786,157.54656472614357,12.28833104648286,11.454812731424365,12.552572071356638,55.0,56.0,57.0,0.6765465427105869,-0.18776547496552728,0.7120596196649002,12.915464857677613,0.5396482601563667,-0.5315184650566251,-0.6528919333351082,12.34324705575147,-0.5010634000369202,-0.825973515141266,0.258269668038317,10.982618078460897,59.38542752527033,59.97154285233631,56.3413899724801,20.209769259961384,5.5989379962456,76646.0,200656.23829120456, 0.0, 0.0,0.0,NaN, 80.47847937549831,80.47847937549831,0.0, 151.00307990795451, -14.971243832412883, 11.070021324291218, -14.971243832412883, 131.21273471200172, 4.8380077276954925, 11.070021324291218, 4.8380077276954925, 157.56706560660268, 8.20760443681056, 5.033539411561682, 13.0, 0.0
34, 0 ,1.0,1.0,1.0,120.5605650335472,79.20593845456122,178.7717589937174,12.585325506279988,11.993815582029638,12.68751393113104,60.0,55.0,52.0,0.48508722896036627,0.4053721368087995,-0.7748314726433242,13.907924072400759,0.7583567202219587,-0.6362006010034836,0.14192913787168757,12.653624154377036,0.43541413067762025,0.6564466665174522,0.6160294707433878,10.472367632178713,68.73398829310119,59.44695929207079,58.03862971430263,20.61888023575601,6.170641610956378,74969.0,237147.38507476315, 0.0, 0.0,0.0,NaN, 114.17023574679104,114.17023574679104,NaN, 158.39041809902164, -7.866819132613924, -26.052650718443388, -7.866819132613924, 143.85161221573694, -30.86339936645805, -26.052650718443388, -30.86339936645805, 160.9730097526442, 8.496540368712804, 5.080648402302806, 10.0, 0.0
35, 0 ,1.0,1.0,1.0,48.66715110569936,31.524804587768568,11.030558937900153,12.644051833184893,13.45358329838652,7.497900841777243,59.0,59.0,31.0,-0.5765964709415736,0.8137541892494019,0.07307960848808862,14.187166314967016,0.8075509123296981,0.5812079761808279,-0.10029363100046931,11.884896986393493,0.1240888137311148,-0.0011865508144660933,0.9922704058894278,7.3866773947624775,70.57987953788731,58.93262305526753,33.85904327340673,18.92662137056116,6.23477913445541,50918.0,140835.24932254947, -7.105427357601002E-15, 0.0,0.0,54.788489137961186, 59.025233006947616,59.025233006947616,NaN, 159.87204676026624, -28.151392667553726, -13.203132234582315, -28.151392667553726, 180.9989035666247, 3.6716761078880418, -13.203132234582315, 3.6716761078880418, 56.21851703312389, 8.077844228487068, 4.877273380339458, 2.0, 0.0
36, 0 ,1.0,1.0,1.0,46.335362671769005,22.741025195017194,166.8162623600091,11.993067288150074,13.204210896228753,11.515071801077342,52.0,52.0,55.0,0.3507119629472427,-0.9163197486357872,0.19328537788912012,13.408450025983221,0.758583133543402,0.39899825712069326,0.5151233059356972,12.084860928205678,-0.5491381871161071,-0.034036878157331946,0.8350381682151647,11.17816314073053,64.03238877445109,65.50136245495503,61.33022737987852,20.39498909977198,5.901368195116054,74737.0,257231.77361592356, 0.0, 0.0,0.0,NaN, 61.36188152757802,61.36188152757802,0.0, 143.8336629780954, -11.237928408792225, 11.959340088694123, -11.237928408792225, 174.35118539208614, -5.376710893158448, 11.959340088694123, -5.376710893158448, 132.5968785839666, 8.03125886725102, 4.886110330864913, 6.0, 0.0
37, 0 ,1.0,1.0,1.0,11.273450126991458,174.17432463634265,137.06994631724774,7.111872183301885,13.886731821703707,16.523247884435943,29.0,54.0,74.0,0.03214899174583576,0.12771360648112826,0.9912899056528869,16.57005468596404,-0.030244321260173054,-0.99122408957194,0.12868599490150132,13.84390050560785,-0.9990253867451203,0.034118015356425765,0.02800424373021131,7.086428845691614,77.38240224472912,59.69531988229599,30.847631531460028,21.562833416930193,7.175094586404339,69296.0,142496.53899874014, 0.0, 0.0,0.0,NaN, 68.95105396053684,68.95105396053684,0.0, 50.57872595162312, 5.161246283565273, 6.5993071351074875, 5.161246283565273, 192.84132068791837, 10.361767612670711, 6.5993071351074875, 10.361767612670711, 273.0177206505168, 9.97100415330142, 5.932519185298126, 8.0, 0.0
38, 0 ,1.0,1.0,1.0,114.58062365526229,154.66994454377405,61.716461104881965,10.018857414243572,12.470851132682995,13.927205266186494,51.0,55.0,60.0,0.14788564539094964,-0.46686159374953523,0.8718773355059452,14.711752179587664,-0.3898620247914492,-0.837705301494439,-0.3824361769937866,12.007735920728775,-0.9089210293049743,0.2833550425345477,0.3058961953954819,9.44697328520698,62.6511308932864,55.89258878941783,48.3506547334221,20.324672647888523,6.064186684390585,65998.0,169311.12658399233, 0.0, 0.0,0.0,NaN, 114.71793824027203,114.71793824027203,0.0, 100.37750388694337, 9.161470424597445, 24.591157466300974, 9.161470424597445, 155.52212797354073, -34.171131363865406, 24.591157466300974, -34.171131363865406, 193.9670465264928, 7.981968431630338, 5.00643721557759, 8.0, 0.0
39, 0 ,1.0,1.0,1.0,35.000980136593505,54.3203065533601,128.06989208070488,14.276973720030309,13.054942589701286,12.331175774188669,70.0,63.0,60.0,-0.9098014256942019,-0.2536674812103175,-0.3285029296387035,14.492790260848487,-0.38337975128591556,0.8168481929502455,0.4310208764988867,13.4381926691158,0.15900104436370066,0.5180847794042323,-0.8404206263776021,11.648837231223883,71.49533466149462,64.9010358060155,53.67513989960048,22.044480195820466,6.353132573218854,95905.0,249059.15857754427, 0.0, 0.0,0.0,NaN, 96.69387126315026,96.69387126315026,NaN, 203.83197860243607, 3.10022304555525, 14.802069028146994, 3.10022304555525, 170.43152602039652, 21.999926856502565, 14.802069028146994, 21.999926856502565, 152.05789597393752, 8.389306731130151, 4.931347900221837, 6.0, 0.0
40, 0 ,1.0,1.0,1.0,58.84935239073377,144.21094374072806,86.65033378979801,12.016246995893924,12.391884699325225,10.913515036675875,61.0,59.0,51.0,0.5807187736626633,-0.7821001407841576,0.22602007809292674,12.896308901470087,0.789707032508716,0.6086286438567314,0.07703230934740081,11.588240140553843,-0.19780927359962144,0.1337555369415277,0.9710720609797574,10.791279622276992,56.77507396556653,52.966927974555816,49.159221917674444,19.667939910220202,5.497813057155944,70104.0,147831.67377114057, 0.0, 0.0,0.0,NaN, 118.67579964336615,118.67579964336615,0.0, 144.39019186632976, -14.074349868112469, 7.62972405503332, -14.074349868112469, 153.5588064013706, -7.978105900997773, 7.62972405503332, -7.978105900997773, 119.10481045575044, 7.370429542502315, 4.689646772785475, 11.0, 0.0
41, 0 ,1.0,1.0,1.0,130.68194134796775,120.0456010975819,183.61811010118333,15.294187823278387,10.359449382347911,9.385369827212264,71.0,50.0,37.0,-0.9830590079015316,-0.09079286427461666,0.15922199213823146,15.473656072108733,0.004914998923203117,-0.8814377113169549,-0.4722747122744482,10.716409067746856,0.1832234421935165,-0.46349133418559046,0.8669515288443871,8.66256797534641,71.59068311009005,54.68075436912068,43.66448992188208,19.670842468754802,6.5094927638141264,58310.0,170930.4338880323, 0.0, 0.0,0.0,NaN, 107.07971551974974,107.07971551974974,0.0, 233.9121811737169, 14.500509654531884, -25.824087293147773, 14.500509654531884, 107.31819150542852, 14.192015867620896, -25.824087293147773, 14.192015867620896, 88.08516679354636, 7.714658164611056, 4.954263040379236, 6.0, 0.0
42, 0 ,1.0,1.0,1.0,125.24295248321017,10.420029895366218,42.97429419566728,9.489802154988219,7.102487968670902,18.687867637424468,44.0,29.0,84.0,-0.14223909760356698,0.013621848584602634,0.9897385939499685,18.836608749081364,0.9282434723265106,0.34903684449259514,0.12859757878698294,9.488528905320486,0.3437034989582523,-0.9370099927043416,0.06229107782070079,6.6998557571607265,87.57469761467713,48.71390220609155,33.17087439432354,20.45246717325968,8.45190296007669,47499.0,141510.44157749575, 0.0, 0.0,0.0,NaN, 86.85610593426152,86.85610593426152,0.0, 90.05634494081903, 14.025786964093202, -38.242917851281064, 14.025786964093202, 50.44533534511491, 6.204801290600674, -38.242917851281064, 6.204801290600674, 349.2363968338967, 8.335637359134111, 4.581894966499454, 4.0, 0.0
43, 0 ,1.0,1.0,1.0,170.88659096572098,103.72567899476738,121.07443135300609,8.176523697273296,12.734556102664524,16.802655768656457,43.0,54.0,72.0,-0.12112380793054782,0.005921633041117232,0.992619744622547,16.900205389535035,-0.17405044607985107,-0.984616866676351,-0.015364507016178128,12.859491349693277,0.9772591597789242,-0.17462691693599736,0.12029120711681177,7.76982881424301,71.1999963176896,55.94202208142431,39.64786937522683,21.527479163739137,6.922524152268283,56186.0,157920.30909851193, 0.0, 0.0,-1.4210854715202004E-14,6.965315415293534, 127.84983714055784,127.84983714055784,NaN, 66.85553977207178, 17.83196929047538, -26.800603769954314, 17.83196929047538, 162.16891913191026, 2.9123840537475907, -26.800603769954314, 2.9123840537475907, 282.3292408799641, 9.375567584940793, 5.47025900941314, 9.0, 0.0
44, 0 ,1.0,1.0,1.0,48.51168635335512,183.3495673715578,164.4456791009945,15.118303977083663,9.890269568424237,9.216111199978165,62.0,43.0,42.0,-0.9949657434410567,0.033295608532517174,0.09452286406597364,15.160974156028502,-0.08375415568423603,-0.7942009243546946,-0.6018555750009881,10.822535248385016,0.0550309983955035,-0.6067423622977043,0.7929913587227768,8.020900595797519,63.253881533716864,52.94157329289186,40.819437528548974,19.319628461165678,6.17002504472165,55706.0,136694.4998335148, 0.0, 2.8421709430404007E-14,0.0,88.09194950061836, 62.40777478928448,62.40777478928448,6.743495761743046E-7, 228.5631151435037, -1.971727791600252, -12.90553328357362, -1.971727791600252, 97.81743213609856, 25.755399613441202, -12.90553328357362, 25.755399613441202, 84.93670565036297, 8.61503549616448, 5.187991232316728, 5.0, 0.0
46, 0 ,1.0,1.0,1.0,159.64198468905008,51.736144163775556,42.512343378157524,12.602842574651847,12.537337494671965,10.870504765071079,65.0,58.0,56.0,-0.8108274621831196,-0.38771505670170897,-0.43844710214172095,13.87079540277813,-0.20346228665527796,0.8891156567672451,-0.40997127557958984,12.48268411813162,0.5487822195358443,-0.24320851896704043,-0.7998047835710733,9.271891843923296,65.93579293475693,57.67868581526601,47.258367099475784,19.984586957790537,5.899205911890641,69754.0,179727.8178817676, 0.0, 0.0,0.0,NaN, 78.18374097135676,78.18374097135676,0.0, 158.8316409614572, 20.822844972359036, 43.663141198827155, 20.822844972359036, 157.1848314553075, -7.368470913854244, 43.663141198827155, -7.368470913854244, 118.16787384743303, 7.51836555157186, 4.400962064330574, 3.0, 0.0
47, 0 ,1.0,1.0,1.0,8.496150989263286,118.14352758457694,68.38544128570464,6.032773562052295,9.735746231504084,12.757356515322616,24.0,47.0,55.0,-0.07162817666239123,0.026012388997155002,0.9970921521738508,12.784348350021848,-0.054219069311984044,0.9980803081991486,-0.029933107223194665,9.742993562687406,-0.9959566741736129,-0.0562054624013863,-0.07008030511693542,5.963536743997893,55.6536142741644,47.53272259191266,25.628630305737374,16.22886942830238,5.527481693628408,29618.0,67797.15358754393, 0.0, -1.4210854715202004E-14,0.0,88.50943176573554, 107.00109923626876,107.00109923626876,0.0, 36.394356850997134, -3.4506427799094537, -9.036533854190784, -3.4506427799094537, 94.78475468424598, 1.543199712825676, -9.036533854190784, 1.543199712825676, 162.75014525904442, 7.455956463007918, 4.59223369788253, 9.0, 0.0
48, 0 ,1.0,1.0,1.0,50.55523365663182,140.22388569989025,49.774512802979864,10.58466266675179,13.675770291745012,9.184014855952547,50.0,58.0,40.0,-0.38694542450815717,-0.9175008273470537,0.09200799024907867,14.299943500171468,0.9135130334787905,-0.3678402269898064,0.17374551813634295,9.797816334144331,-0.12556741661984014,0.15128053154837975,0.980483056792854,9.106169155585677,66.72288999203467,48.00339287239491,41.212708096529326,18.730016319303946,5.7091500588495085,55573.0,132001.2172783829, 0.0, 0.0,0.0,NaN, 92.77131892816027,92.77131892816027,1.9073486328125E-6, 112.03508376892911, 38.76520581656852, -2.2527732360813184, 38.76520581656852, 187.02669307257545, -11.09791604366642, -2.2527732360813184, -11.09791604366642, 84.34612887435708, 7.321273407307284, 4.349746167883299, 6.0, 0.0
49, 0 ,1.0,1.0,1.0,141.37199112165627,147.6034977612797,17.444759098388886,8.688868931940194,13.918078241227006,10.256076060564702,37.0,60.0,40.0,-0.03582380212931374,-0.9795782591840416,0.19784612539790178,14.054765236344888,0.2281977543490636,-0.20076109041311851,-0.9526913295953632,10.15107957016669,-0.9729555180536491,-0.011019015840727363,-0.23072958453318806,8.591600497975687,63.289332633064944,47.442455717708214,42.00338126513063,18.504766068785226,5.654208533911523,52262.0,126119.40974687715, 0.0, 0.0,0.0,NaN, 80.54164445733767,80.54164445733767,1.6518123698891422E-6, 75.49644331643553, 3.0025716586231406, -7.2312877737509735, 3.0025716586231406, 193.71290192891664, -18.38740771427003, -7.2312877737509735, -18.38740771427003, 105.18709616008837, 7.885786255684084, 4.453866344712222, 6.0, 0.0
50, 0 ,1.0,1.0,1.0,9.009221466364323,22.60695389266818,113.04383975812547,5.858713471244992,12.981946183067821,14.644516806035082,24.0,53.0,61.0,0.009557706825221082,-0.1839695219031216,0.9828854792146334,14.701633239693473,0.01629705952122333,-0.9827711664200258,-0.1841066003824509,12.919234474999966,-0.99982151211664,-0.017777780068350568,0.006394876436376992,5.854287607042636,63.13128463857183,57.24185663096999,24.875140499887493,19.34815170456385,6.554872106887725,46305.0,89892.58734396749, 0.0, 0.0,0.0,NaN, 90.29736563015437,90.29736563015437,0.0, 34.324523538147545, -2.4440809699204866, 1.3105124807964732, -2.4440809699204866, 168.5309267000692, -8.886990959985258, 1.3105124807964732, -8.886990959985258, 214.46187248224393, 7.381997759647136, 4.48209763357998, 2.0, 0.0
