// Sample: .//bubblelabels.tif, Map: .//bubblelabels.tif, Thickness:(8.191250068658265):/gpfs/home/mader/Foam/NewValid/InSilicoTest/LatticeData_Phi_6.65/out_Step_03000.vtk/distmap.tif, Neighbors:(1.0):
//LACUNA_NUMBER, TRIANGLES, SCALE_X, SCALE_Y, SCALE_Z, POS_X, POS_Y, POS_Z , STD_X, STD_Y, STD_Z,PROJ_X, PROJ_Y, PROJ_Z, PCA1_X, PCA1_Y, PCA1_Z, PCA1_S, PCA2_X, PCA2_Y, PCA2_Z, PCA2_S, PCA3_X, PCA3_Y, PCA3_Z, PCA3_S,PROJ_PCA1, PROJ_PCA2, PROJ_PCA3,OBJ_RADIUS, OBJ_RADIUS_STD, VOLUME, VOLUME_BOX, Mask_Grad_X,Mask_Grad_Y,Mask_Grad_Z,Mask_Angle, Mask_Distance_Mean,Mask_Distance_COV, Mask_Distance_STD, SHAPET_XX, SHAPET_XY, SHAPET_XZ, SHAPET_YX, SHAPET_YY, SHAPET_YZ, SHAPET_ZX, SHAPET_ZY, SHAPET_ZZ, Thickness, Thickness_STD, Neighbors, Neighbors_STD
1, 0 ,1.0,1.0,1.0,153.74260200269018,181.39461590195785,183.90836571513975,13.598952329265211,11.559718951277937,9.49255930030619,59.0,53.0,41.0,-0.9599789284348308,-0.25333717125423866,-0.11941831778255461,13.855653864718825,0.17798012463229831,-0.8810317971159685,0.43829903913478885,11.859258467495973,-0.21624877386238817,0.39950375484031186,0.8908609418262236,8.720443414082728,61.07841861841601,65.43007652976952,46.60739185768307,19.24555146772389,6.186763084129391,53528.0,186260.17773644222, 0.0, 0.0,0.0,NaN, 52.39129585031174,52.39129585031174,0.0, 184.9315044536277, 18.06568558319346, 18.329481072022578, 18.06568558319346, 133.6271022325343, -21.43671366389121, 18.329481072022578, -21.43671366389121, 90.10868206982956, 9.90296442767636, 6.478205332245395, 13.0, 0.0
2, 0 ,1.0,1.0,1.0,184.6907784831273,35.730888740394256,15.932008018710324,9.161098835277683,16.05379357403336,10.201723543512609,43.0,72.0,47.0,0.04228793812099603,-0.9990636677877807,0.009138818080117649,16.063582788433205,0.44310281846255456,0.02695212078491991,0.8960655531018562,10.521708382556737,0.8954728485889536,0.033843328613210814,-0.4438276766362853,8.77383291140469,72.1427768965629,60.84507674025805,42.94498023170593,19.98609124289561,6.803039032387538,59860.0,188508.39917326337, 0.0, 0.0,1.7763568394002505E-15,89.47637700544175, 42.01068379756941,42.01068379756941,0.0, 83.9257318697261, -7.246646331695753, 13.460933318181457, -7.246646331695753, 257.72428811767486, -0.8385947682358625, 13.460933318181457, -0.8385947682358625, 104.07516325825947, 8.4768707026014, 5.905423930726461, 13.0, 0.0
3, 0 ,1.0,1.0,1.0,170.81828157432014,186.89969460199103,79.00793241581724,16.305129053181673,7.650378988517803,15.611428408359181,65.0,33.0,64.0,-0.8693311886131609,-0.021223221864400142,0.4937740974961352,16.63532942140936,0.49284361575625424,0.037553884157088914,0.8693071242046836,15.270395888000639,0.03699263322244029,-0.999069207131523,0.022187033349674916,7.627781690839935,73.75010425039531,77.97314022551413,33.97538089998514,22.6905735760028,7.296581381045827,75639.0,195376.35268754393, 2.8421709430404007E-14, -2.8421709430404007E-14,0.0,77.97955160201721, 85.23757432270764,85.23757432270764,0.0, 265.85723344090906, 7.271239734850249, -18.83726607893529, 7.271239734850249, 58.52829866795467, 3.422786964909722, -18.83726607893529, 3.422786964909722, 243.7166969493241, 8.364608332769489, 5.581104859523434, 12.0, 0.0
4, 0 ,1.0,1.0,1.0,55.83903891940089,80.2788006412263,32.4526526469556,13.727129908122967,13.779384144700815,13.698690144698123,68.0,69.0,66.0,-0.07664276299119682,0.7239990786282167,0.6855298833942755,14.81661298192055,-0.971634187964113,0.10004256806646017,-0.21428599896863668,13.7816553407753,0.22372503583728412,0.6825077426082148,-0.6957947180163446,12.509739822003842,73.98806773823344,68.75655343889812,71.29246789236578,22.850830513172955,6.61809485126985,105423.0,362676.5141523787, 0.0, 0.0,0.0,NaN, 103.03328958962767,103.03328958962767,0.0, 188.43409551448403, -6.748527663973105, 3.6504563782683555, -6.748527663973105, 189.87142740723223, 30.57053615815009, 3.6504563782683555, 30.57053615815009, 187.65411168044946, 8.411082545655598, 5.429085023081196, 24.0, 0.0
5, 0 ,1.0,1.0,1.0,13.725742018039387,106.96463905620924,138.531771792391,8.090200385633075,15.312715596884003,12.402620793117594,33.0,76.0,62.0,0.007346648855590443,0.9985473561996585,-0.05337793717693959,15.320579913690532,-0.009265651428298279,-0.05330910990892768,-0.9985350702425664,12.393578932453567,-0.9999300847830322,0.007830467890907578,0.008860548425889864,8.08916782629031,75.90773622736522,61.96476826360893,33.47040138514239,20.25542444968049,6.593434926643521,64082.0,157431.55683765325, 0.0, 0.0,0.0,NaN, 112.3490874857019,112.3490874857019,0.0, 65.45134227969756, 1.2854238540132588, 0.7493350590067803, 1.2854238540132588, 234.47925895105462, -4.329811883499736, 0.7493350590067803, -4.329811883499736, 153.8250025378729, 9.050472905373184, 5.476225960339326, 16.0, 0.0
6, 0 ,1.0,1.0,1.0,51.712817288801574,185.2345776031434,121.51600785854617,14.421922080740488,8.652770821895642,12.259012126841792,65.0,34.0,55.0,-0.9568597375294003,0.015144782730547965,0.2901552657650913,14.624877699488316,-0.2896757284842571,0.02769723025872174,-0.9567240123270189,12.019714335721998,0.02252587450646679,0.9995016253073526,0.02211528850544459,8.647836566905099,65.57069601479684,58.33024355689501,35.02945378222327,19.90797419274107,6.067802012790399,63625.0,133979.0668969083, 0.0, 0.0,0.0,NaN, 95.14184249299755,95.14184249299755,0.0, 207.99183650295006, -2.5749123463319314, -19.306538379703582, -2.5749123463319314, 74.87044289624856, -1.2353857334193654, -19.306538379703582, -1.2353857334193654, 150.2833783260541, 9.237783903691529, 5.472698169632232, 11.0, 0.0
7, 0 ,1.0,1.0,1.0,56.63013043673146,149.61608570275965,11.94304412138236,12.94730583550813,17.040334418327433,8.264582245935825,60.0,87.0,32.0,-0.244367510163276,0.967276756093765,-0.06826563628448254,17.302350216167504,0.9592627971175813,0.25143464018783895,0.1288235528921879,12.700852422561406,-0.1417723740464117,0.034004394338613186,0.989315063628826,8.100991909874955,93.99724635990061,58.58991067214626,36.625249465512674,21.38768809848921,8.299147124144715,66929.0,201705.8799318289, -7.105427357601002E-15, 0.0,0.0,75.8555413633672, 76.73426090136117,76.73426090136117,0.0, 167.63272839818288, -32.17201509701649, 15.723723008335146, -32.17201509701649, 290.3729970884345, -12.33528786178004, 15.723723008335146, -12.33528786178004, 68.30331969983766, 8.35808112308532, 5.311192241155108, 18.0, 0.0
8, 0 ,1.0,1.0,1.0,25.207424260101895,50.132258001788976,48.75427799167736,14.166823079302072,13.35990668612653,14.311461195634802,64.0,66.0,81.0,0.6422935555576932,0.22719610908632099,0.7320115548986178,16.59716323955487,-0.49311372406586684,0.8536427148346643,0.1677288602107461,13.767934274364551,-0.5867689865926351,-0.4686961098897025,0.6603227339319093,10.907889923938598,88.99609457624466,67.42617482977792,60.15019069651266,23.05051712082432,7.257931167968827,102852.0,360941.2181648533, 0.0, 0.0,0.0,NaN, 74.33462956574455,74.33462956574455,0.0, 200.69887616024582, -6.872463269651244, 67.73626408164687, -6.872463269651244, 178.4871066620084, 36.12965772643407, 67.73626408164687, 36.12965772643407, 204.8179215541607, 8.042422502367156, 5.135967915115035, 20.0, 0.0
9, 0 ,1.0,1.0,1.0,88.50078548564274,180.66466259552806,85.0742608757279,14.574683146014307,12.218369289908257,12.48669133445965,69.0,56.0,60.0,-0.9621359081330855,-0.02532957993667612,-0.2713906900782608,14.752266423144539,0.17906261334134224,0.691942071816235,-0.6993945594255258,12.962943878802678,0.205502006764635,-0.7215085457781413,-0.661206732864102,11.487389554155937,70.51975737371649,66.8311753312573,63.16479919178755,21.69361082182753,6.856722752491452,84661.0,297690.5360914674, 0.0, 0.0,0.0,NaN, 124.273384792046,124.273384792046,0.0, 212.4213888067135, 6.5578755263628175, 17.85128408182952, 6.5578755263628175, 149.2885481045732, -16.870598430659072, 17.85128408182952, -16.870598430659072, 155.9174604820697, 8.336622279006114, 5.115436043644727, 19.0, 0.0
10, 0 ,1.0,1.0,1.0,186.19938992782807,20.480641173890508,110.90938633916822,8.482168645003338,11.062987959471537,13.32303242989203,34.0,44.0,65.0,0.029455787741615173,-0.3664170967805458,0.9299843373710314,13.697090361859068,0.10703041903750801,-0.9238828145801661,-0.3674030951476666,10.62349885175197,-0.9938193225980144,-0.11035876091342292,-0.012004079326529572,8.448139937734023,74.03196302423903,56.26010030859213,35.89171136409007,18.376702035805927,5.842679430607253,50158.0,149490.61685463367, 0.0, 0.0,0.0,NaN, 92.45026199920355,92.45026199920355,0.0, 71.94718492227774, -5.357029633958253, 1.552757829697737, -5.357029633958253, 122.38970259141219, -25.527462934420697, 1.552757829697737, -25.527462934420697, 177.50319312795477, 8.678283251177618, 5.403714805034843, 10.0, 0.0
11, 0 ,1.0,1.0,1.0,77.25655926058316,100.38010519327989,160.19154368584998,11.853573941421288,14.634324740237547,13.715914834543469,58.0,80.0,76.0,0.16569099285492428,0.8243549158939694,0.5412813201360223,15.365586600170895,0.040894630150029025,-0.5541392121931932,0.8314188852406462,12.99771628711116,-0.9853294495302788,0.1156231211797751,0.12552756564597803,11.736912510892036,73.40894915051882,68.52021070523355,60.6507452539627,22.326387108001505,6.658035313786021,97915.0,305073.04626278346, 0.0, 0.0,0.0,NaN, 132.2021655806045,132.2021655806045,0.0, 140.50721518474182, 12.726215364751361, 9.880541603102438, 12.726215364751361, 214.16346060272878, 29.5149785742745, 9.880541603102438, 29.5149785742745, 188.1263197484496, 7.537273563011269, 4.842988646660266, 30.0, 0.0
12, 0 ,1.0,1.0,1.0,22.7064653343632,178.31209408078675,48.28202478214989,14.197787811751864,12.71424105136651,13.54924423092903,58.0,51.0,79.0,-0.7834414235423374,0.10398392319765598,-0.6127045614277565,14.728882972144264,-0.5151687908202878,-0.6600908742283914,0.5467002421118552,14.056964034106873,0.3475926536086717,-0.7439538839718643,-0.5707118061512827,11.500995262404528,73.6618284059378,73.61157936057322,66.86086713004644,22.306655958359283,7.0159976798848644,91921.0,362543.927346238, 0.0, 0.0,0.0,NaN, 57.594294406698125,57.594294406698125,6.743495761743046E-7, 201.57717874752979, 15.316988745637799, 22.243324079069126, 15.316988745637799, 161.6519255122534, -28.968339410479018, 22.243324079069126, -28.968339410479018, 183.58201922936362, 7.574393950063363, 4.770022030450162, 13.0, 0.0
13, 0 ,1.0,1.0,1.0,173.15014884279142,59.48256833237242,110.26223393615645,12.185165625124787,12.39085540001956,13.367810447744626,54.0,59.0,65.0,-0.3274853989393096,-0.025794830479629424,0.9445040710352121,13.529019663697397,0.5011198976629141,-0.8521943260742827,0.1504781670977876,12.61546090903971,0.8010194514790959,0.5225891860030462,0.29200750165843664,11.769693624497076,69.21877196405671,65.41218698756876,64.59505890478792,21.077681821334846,6.036658352208997,84989.0,292470.35900762794, 0.0, 0.0,0.0,NaN, 110.95925874260662,110.95925874260662,NaN, 148.47826131172275, -8.431597671339249, -12.211819967987603, -8.431597671339249, 153.5332975441939, -3.7291531895136663, -12.211819967987603, -3.7291531895136663, 178.6983561668304, 7.250927073774538, 4.59948234457515, 18.0, 0.0
14, 0 ,1.0,1.0,1.0,167.43619191063416,187.26654429069,25.343280303743448,15.402440252033564,7.3581694131515185,14.386555108273265,74.0,31.0,52.0,0.7827230708561517,0.031237550026607153,0.6215857220189749,17.007323227337217,-0.6216632417639824,-0.008346899769869826,0.7832401567231645,12.457760285192636,-0.02965481729856237,0.9994771356727307,-0.012885925594304164,7.342067558327079,88.2261851506651,61.94095302998252,32.456120199717304,21.06451665301308,7.391679706838102,63738.0,177366.65974255415, 0.0, 0.0,3.552713678800501E-15,51.56797501141946, 43.183612032067415,43.183612032067415,0.0, 237.23516571746376, 6.279810091785743, 65.18215383280622, 6.279810091785743, 54.14265711263856, 3.907418038214356, 65.18215383280622, 3.907418038214356, 206.9729678833836, 8.530519177964239, 5.036320255211423, 11.0, 0.0
15, 0 ,1.0,1.0,1.0,164.51549545198424,10.400124768574418,79.99408355469693,13.028404955243394,7.0103351091313275,13.923722371786113,69.0,28.0,67.0,-0.5628850235211951,-0.034840992531172725,0.8258005543319684,14.667088346200842,-0.8264834510898543,0.012544960617167328,-0.5628212229809013,12.194398171713402,-0.009249614594533844,0.9993141293920326,0.03585687419862617,6.994808888108328,74.69379927395664,57.46614801688693,28.96514728716987,19.177822589880066,6.705617005003279,49692.0,124328.98226351033, 0.0, 0.0,0.0,NaN, 88.12698827246906,88.12698827246906,0.0, 169.7393356778106, 2.224853174116513, -30.84102962925861, 2.224853174116513, 49.14479834231934, -5.48622239632207, -30.84102962925861, -5.48622239632207, 193.8700446865771, 7.582928078848988, 5.033125821878961, 13.0, 0.0
16, 0 ,1.0,1.0,1.0,189.66699119036878,24.463586066060362,175.83938451309572,6.333034622859816,13.138392168809304,12.830739361140193,27.0,56.0,54.0,-0.02281275762698943,0.7964133642178752,0.6043222082503816,13.551740398702572,0.012234346924094416,-0.6042118625799708,0.7967297822179004,12.397068933376536,-0.9996648932741378,-0.02556909096561105,-0.004040141383562075,6.325785555689203,76.11515425572884,61.97071751672729,27.696205310734115,18.40306265743713,6.2193113522108225,42113.0,130640.52782004271, 0.0, 3.552713678800501E-15,0.0,37.211044001302845, 35.90227645954359,35.90227645954359,0.0, 40.10732753434117, -3.44987697408329, -0.8721646899615245, -3.44987697408329, 172.61734878142963, 14.408845158284434, -0.8721646899615245, 14.408845158284434, 164.62787255351225, 7.882130869040591, 4.935216464150317, 10.0, 0.0
17, 0 ,1.0,1.0,1.0,188.4399231652389,176.5055859754482,136.56173275633665,6.805266795868707,12.791295091716675,13.242640786484435,28.0,52.0,62.0,-0.043265258831344064,0.6114937654283157,0.7900654986901758,13.923288375063406,-0.039536871125392524,-0.7912344781723938,0.6102334277740552,12.064809278291385,-0.9982809991179193,0.004834810602149312,-0.05840951469213243,6.7733920002807775,68.70313710682797,67.0222281584522,29.636074280169282,18.60871318472044,6.245975896127247,45292.0,136463.3739562412, -2.8421709430404007E-14, -2.8421709430404007E-14,0.0,82.01763989810651, 68.62970652466092,68.62970652466092,0.0, 46.31165616295315, -0.7966925850217529, -7.463250136227348, -0.7966925850217529, 163.61723012337512, 23.362048079410233, -7.463250136227348, 23.362048079410233, 175.36753499986108, 7.634106520844661, 4.933640003376196, 10.0, 0.0
18, 0 ,1.0,1.0,1.0,19.173551553268535,11.635720411663808,19.307223175147705,12.468371149999168,7.69464529707163,11.959581542399269,56.0,33.0,47.0,-0.847475650167475,0.15670217629099606,0.5071779276731992,13.0757588123685,-0.4655321461298507,0.23971012881694315,-0.8519500425860072,11.630436720913998,0.2550781121400868,0.9581145453901794,0.13019859683890253,7.173347141520353,71.60940336260096,57.5773391342386,33.52693511967507,17.89721183351747,6.1146745324129075,41976.0,138234.19886107175, 0.0, 0.0,0.0,NaN, 29.593646875625463,29.593646875625463,NaN, 155.46027913413158, -25.224824261458206, -18.13162571066556, -25.224824261458206, 59.20756624774655, -7.616953745683553, -18.13162571066556, -7.616953745683553, 143.0315906692973, 7.977028859522579, 4.60089588344034, 3.0, 0.0
19, 0 ,1.0,1.0,1.0,22.294627031269027,39.38796054500927,144.91341821478343,14.081533060501238,13.193164973987164,11.255953221287445,59.0,64.0,59.0,0.8578698627198873,0.3328254644362452,0.3915182101253528,14.550306206054543,-0.44022970886326024,0.8690125161206499,0.225865115190078,13.43363349210678,0.2650605630250022,0.36612082301947246,-0.8920193052173326,10.337878834385709,73.34380824722395,63.846768357958375,50.0426219169682,21.32424774901644,6.657485728352219,73907.0,234337.84520934452, 0.0, 0.0,0.0,NaN, 71.29511430061636,71.29511430061636,0.0, 198.28957333398938, 1.7806589244919424, 27.895359280894535, 1.7806589244919424, 174.05960203084172, 28.105735039001434, 27.895359280894535, 28.105735039001434, 126.69648291981123, 7.669463464878989, 4.7896173310853, 17.0, 0.0
20, 0 ,1.0,1.0,1.0,121.85841250383083,78.95644950562124,179.46784521831702,11.474679101381318,11.197017556007815,11.677537193446025,55.0,55.0,48.0,-0.29982577737204114,0.6548634390355813,-0.6937278857287945,12.563342109605163,-0.8631183135844132,0.12354269866165653,0.48965700072866697,11.641262886262849,-0.40636348258480337,-0.745581033705852,-0.528183341463609,10.00248823960721,60.372935093065806,60.8974581136784,50.577247783571124,19.058701139921517,5.492927124283393,61997.0,185950.19942327074, 0.0, 0.0,0.0,NaN, 112.96812822621328,112.96812822621328,0.0, 131.66826047967717, -15.128494705222083, -2.970712367914801, -15.128494705222083, 125.37320214954721, -24.10716353872832, -2.970712367914801, -24.10716353872832, 136.36487490431526, 7.724778690674071, 4.817778526830527, 16.0, 0.0
21, 0 ,1.0,1.0,1.0,170.52256486804077,93.23986089497252,9.479197764156636,13.044574143639736,19.449791917818903,6.587130787416371,58.0,96.0,26.0,0.21134959919356405,0.9771044254068413,-0.024459942172574023,19.715252619731725,0.9771017968789589,-0.21184561632447635,-0.019837171673711275,12.649777421122794,0.024564719754748526,0.019707275166004706,0.9995039759044994,6.5679188166503435,98.97225498839259,65.76142854925838,27.33552548992764,22.657533378109534,8.858995059586523,62974.0,177914.8223531422, 0.0, 0.0,0.0,NaN, 98.24686270779684,98.24686270779684,0.0, 170.16091458891435, 47.167095272148046, -4.051837901719223, 47.167095272148046, 378.29440564645347, -7.767527586426013, -4.051837901719223, -7.767527586426013, 43.390292010528626, 7.16592204389469, 4.791629895209665, 14.0, 0.0
22, 0 ,1.0,1.0,1.0,15.632573795960642,101.54222337303642,22.298291040911444,9.786941712804845,11.79769279789599,12.575180119135668,39.0,52.0,54.0,-0.05895641702094229,-0.42103666215671814,0.9051255548331303,12.740354020694152,-0.3637230124075956,-0.8353153324275631,-0.41225461265651564,11.933519137517601,-0.9296395597957291,0.3535200482735874,0.10389352401109414,9.401033926859048,57.5469411087166,65.64067027983917,46.712990613630986,18.972263471362524,5.758312013543396,57930.0,176454.57505063256, 0.0, 0.0,0.0,NaN, 102.15441706140955,102.15441706140955,0.0, 95.78422808983944, 18.250737519335065, 4.156018035660306, 18.250737519335065, 139.18555535352692, -9.57107923159097, 4.156018035660306, -9.57107923159097, 158.13515502870496, 7.843317309593508, 4.862160374166725, 10.0, 0.0
23, 0 ,1.0,1.0,1.0,81.7063025467935,22.455943540963485,41.232095734888006,12.614104971422114,11.871721338035117,13.420336964564768,66.0,49.0,64.0,-0.6461184211184487,0.25663015653115956,0.718798962610684,14.665067958378907,-0.3619996127301514,0.726067389832491,-0.5846216090815098,12.535469452154938,0.6719280216471278,0.6379397371073741,0.37622549826500445,10.390218640177716,68.6625146802829,61.43589418901291,60.52941583000346,21.01668758046719,6.2014271861785595,81475.0,255333.83675248062, 0.0, 0.0,0.0,NaN, 94.2352110141112,94.2352110141112,0.0, 159.11564423005606, -30.686513985986963, -39.33550391113649, -30.686513985986963, 140.9377675279583, -1.1185872029409591, -39.33550391113649, -1.1185872029409591, 180.1054442424635, 6.803588235979982, 4.453644065538668, 19.0, 0.0
24, 0 ,1.0,1.0,1.0,152.62891458411042,85.49488996643043,71.80734054457292,10.62390621513421,12.369392565234756,11.97452548334612,47.0,59.0,60.0,-0.306056109151475,0.7905825789244019,0.5303855615986384,12.934230423908097,0.03702913066655371,-0.546812562105212,0.8364358106908225,11.6087729519863,-0.951293068162036,-0.27563600603908245,-0.1380807395753777,10.353771783395617,59.9215116078645,52.71440284923199,48.90430083721765,19.457369893554205,5.537984568196138,67025.0,154475.32090850125, 0.0, 0.0,0.0,NaN, 121.28351124508154,121.28351124508154,0.0, 112.86738326796731, -15.098531842669798, -8.90118352816684, -15.098531842669798, 153.00187243288485, 12.591518301178924, -8.90118352816684, 12.591518301178924, 143.38926055130563, 6.885614515973845, 4.360577210725576, 17.0, 0.0
25, 0 ,1.0,1.0,1.0,136.20610709201313,115.7506900258578,119.98131845782852,9.764493275412349,12.528108575999088,14.131436314423107,49.0,62.0,71.0,0.05637049727681734,0.4424568157358617,0.8950163871380485,14.576307423414262,-0.32474951050767986,-0.8395698105225187,0.43550004441354995,12.29672376168112,-0.9441187014680871,0.3152054876871015,-0.09636066661325016,9.397774861807244,67.48786380575893,60.698945861270914,46.28280209819391,20.333570452344727,6.208239556083388,68838.0,189594.8232530439, 0.0, 0.0,-1.4210854715202004E-14,26.489465246911305, 132.55412630024856,132.55412630024856,0.0, 95.34532892557297, 20.243792816658505, -2.6309007565549365, 20.243792816658505, 156.9535044920219, 26.169287128811565, -2.6309007565549365, 26.169287128811565, 199.69749230859614, 7.065346874232808, 4.543425396158596, 26.0, 0.0
26, 0 ,1.0,1.0,1.0,118.61724911930666,56.77934345481186,14.486906506219409,14.40523769635822,11.754524649501501,9.413551401409693,71.0,57.0,39.0,-0.917757315046771,0.34687311233456963,0.19339222998215322,14.954312160899281,0.36837962295607346,0.9254815428220232,0.08820639028159102,11.298452427572052,-0.1483845142489016,0.15219381667826035,-0.9771484422010923,9.110883236414107,74.90725848355798,52.897050153075085,44.54265359255639,19.868053498364958,6.289286366306383,64154.0,176494.60833699384, 0.0, 0.0,0.0,NaN, 100.28417843403027,100.28417843403027,0.0, 207.51087308857987, -29.54537864306348, -23.508090076063343, -29.54537864306348, 138.1688497357384, 13.078041096456163, -23.508090076063343, 13.078041096456163, 88.6149499869824, 7.1684216104526115, 4.6614354273843555, 16.0, 0.0
27, 0 ,1.0,1.0,1.0,150.87330218068536,151.57785046728972,54.86168224299065,10.118587689072934,14.401923603436233,10.781575187569178,47.0,65.0,49.0,-0.018772907379229327,-0.9739022550099794,0.22619013160394208,14.578837973751982,0.5717371711814481,-0.19604827900207533,-0.7966691153733527,10.930574655508511,-0.820222033987119,-0.1143655104776009,-0.5604965164702018,9.696576966193879,67.82744920772751,57.34657808605841,52.287738193223646,19.747402443918258,6.006969331017667,64200.0,203382.157069039, 0.0, 0.0,-7.105427357601002E-15,76.92712795297037, 88.13592447197274,88.13592447197274,0.0, 102.38581682145833, -0.6861957055929531, -12.097119573761862, -0.6861957055929531, 207.41540347921367, -22.132658689259532, -12.097119573761862, -22.132658689259532, 116.24236352520735, 6.691063892653334, 4.531893222498953, 19.0, 0.0
28, 0 ,1.0,1.0,1.0,10.842380803988782,83.46500467435338,105.50523527578684,7.102878340069214,11.367521375953423,10.728737835067625,28.0,54.0,47.0,-0.04478008373271806,-0.7579769090139,0.6507424601965243,12.988552620275152,0.04284165233123256,-0.6522536952327563,-0.7567890788593246,8.712565832350075,-0.9980778210773049,0.006010196082416635,-0.061680958298573396,7.082791534946063,62.903982200882346,43.79105069499029,29.70171780546227,16.264173997042768,5.500352959048665,32090.0,81817.28668321716, 0.0, 0.0,0.0,NaN, 126.54337117001798,126.54337117001798,0.0, 50.45088071382439, 3.3040509081607867, -4.288828917889333, 3.3040509081607867, 129.220542232758, -45.7607391955528, -4.288828917889333, -45.7607391955528, 115.10581553361153, 8.511670499612848, 4.701018126030354, 10.0, 0.0
29, 0 ,1.0,1.0,1.0,57.034505161336895,69.78043745037176,93.6388219158305,14.26689706543101,10.347702979128314,11.08072751722324,64.0,47.0,52.0,-0.9913501066631426,-0.04822294670592901,-0.12206356307257848,14.309711837768667,0.12755746002177226,-0.5729052039277317,-0.8096349311296537,11.668610743820192,-0.030887868359117443,-0.8182017934003338,0.5741008316181992,9.616522321506908,63.52024744280779,58.59857528015027,53.00692805280503,19.96551750319575,5.897452158384098,69265.0,197302.1756547804, 0.0, 0.0,0.0,NaN, 129.96335329449002,129.96335329449002,0.0, 203.54435187560395, 2.176146026039289, 9.07705501510391, 2.176146026039289, 107.074956944261, 20.921204124680344, 9.07705501510391, 20.921204124680344, 122.78252231094832, 7.463894582602347, 4.565980123793664, 16.0, 0.0
30, 0 ,1.0,1.0,1.0,97.26674333649032,186.96482208090922,139.00838858070625,10.95117112203246,7.802368082459586,12.511421633832242,53.0,32.0,59.0,0.06943000643824171,-0.11703941478676533,0.9906973551960039,12.57020650288107,0.9955685389385263,-0.055010339012499604,-0.07627022274477356,10.953941514369589,0.06342521960382344,0.991602560498964,0.1127013909856725,7.703365609423203,58.24682214941859,53.35270766851073,34.88009185684976,17.553178652381273,5.406171208472817,44346.0,108394.2689922521, 0.0, 0.0,0.0,NaN, 115.5452806746825,115.5452806746825,1.9073486328125E-6, 119.92814894403766, -4.123210219525429, 2.1817474288284284, -4.123210219525429, 60.87694769418408, -11.186192978263868, 2.1817474288284284, -11.186192978263868, 156.53567129952546, 7.260806569057996, 4.749583864429519, 11.0, 0.0
31, 0 ,1.0,1.0,1.0,46.792305785380066,121.64234142109014,144.80184995816677,10.922551998334137,10.720517726095359,13.407372170089147,51.0,54.0,61.0,0.1757198557255921,0.3755954770439423,0.9099728402144268,13.88766710763096,-0.824267199166173,-0.4492576572043113,0.3446028755278265,11.245869735424483,-0.5382435477388745,0.8106143318912068,-0.23064754117493377,9.728945841179701,63.2800741982623,55.49861685360884,50.689232966374206,19.50728099863164,5.784052128008179,64542.0,178018.38587982033, 0.0, 1.4210854715202004E-14,0.0,67.93887826934083, 106.65963766449919,106.65963766449919,0.0, 119.30214215631305, 18.264317603261595, 6.667081879849068, 18.264317603261595, 114.92950031552482, 28.642262471480876, 6.667081879849068, 28.642262471480876, 179.75762850728097, 7.052790694422878, 4.445826377046514, 14.0, 0.0
32, 0 ,1.0,1.0,1.0,17.96126848115066,140.07516783658167,24.023564064801178,10.005155766588791,10.225666151097025,12.058895510978617,39.0,44.0,52.0,0.04419650201024286,-0.320551598220534,0.9461994198308941,12.267050561077456,0.7136781795011922,-0.6526311896603895,-0.2544326755476379,10.469324882214808,-0.6990780538065281,-0.6865269136463092,-0.19992666536845558,9.486677929322983,58.896134697694166,55.38648506786899,51.52150667166269,17.982903549058562,5.167158894147343,52283.0,168065.72491275927, 0.0, 0.0,0.0,NaN, 67.01286671708232,67.01286671708232,0.0, 100.10314191370495, -9.99047080563324, -1.031449663729663, -9.99047080563324, 104.56424823369143, -15.088778508782136, -1.031449663729663, -15.088778508782136, 145.41696094470024, 7.6513871748784235, 4.682437671093023, 9.0, 0.0
33, 0 ,1.0,1.0,1.0,112.94920297250292,71.53937703928361,65.17488608759398,9.994709387512275,12.004441208958259,13.474620971079595,48.0,59.0,61.0,-0.05976942377953496,-0.30821868899802046,0.9494360724837686,13.65012343803442,0.02173713639392531,-0.9513128434359703,-0.30745954337954895,11.81841965506125,-0.9979755071555882,-0.002261341661577906,-0.0635592121681457,9.978242419269264,61.98722319247457,62.0778747689033,47.13559111412734,19.81529175329589,5.737634314429536,69571.0,181379.40805839168, 0.0, 0.0,0.0,NaN, 130.16715986308574,130.16715986308574,0.0, 99.89421574082598, 0.7688858641794422, -5.19148715077321, 0.7688858641794422, 144.1066087393352, -13.657380236549212, -5.19148715077321, -13.657380236549212, 181.56541031425803, 7.296068868955315, 4.512508827721131, 18.0, 0.0
34, 0 ,1.0,1.0,1.0,50.368484381768305,150.98939532495868,187.3100062569187,15.941977510486478,13.923820446658803,6.855022432405017,73.0,63.0,29.0,-0.9151604246733991,0.39181816788684115,0.09465685619860173,16.405295551311852,0.39679703035208563,0.9170140711155547,0.04046368841124589,13.458059241211366,0.07094726080244106,-0.07459032571235748,0.9946872722090874,6.690117686452101,71.631790808263,60.99456626526825,31.23455034437302,21.104542075379015,7.0433698691020155,62331.0,136468.435985521, 0.0, 0.0,0.0,NaN, 71.4147010826837,71.4147010826837,NaN, 254.14664694485666, -30.83825755761429, -17.24744065888422, -30.83825755761429, 193.87277583079376, 13.381526273216066, -17.24744065888422, 13.381526273216066, 46.991332548775986, 8.826910162007524, 5.324804770920419, 13.0, 0.0
35, 0 ,1.0,1.0,1.0,188.6388328912467,10.314058355437666,46.90275862068965,7.096631899306406,6.743094609232624,10.316644007798594,31.0,29.0,48.0,-0.07012185808720993,0.059481352562833885,0.9957634727763883,10.34279286438939,0.8455431593423293,0.5331883618879967,0.027693617253569194,7.295372812731432,-0.5292822410659456,0.8439029206280134,-0.08768220941399552,6.486048419072815,48.40210072441935,40.856450892275404,31.15911196759488,13.482695641738388,4.525656973214568,18850.0,61618.32956157731, 2.8421709430404007E-14, 0.0,0.0,85.97901362892178, 49.34900894712141,49.34900894712141,0.0, 50.36218431425324, 4.757724630441372, -4.270770255190746, 4.757724630441372, 45.469324909062074, 4.008947955730337, -4.270770255190746, 4.008947955730337, 106.43314358364663, 8.39048259276452, 4.690676964748864, 5.0, 0.0
36, 0 ,1.0,1.0,1.0,171.57340379521003,103.69278801967887,124.67752878845218,11.418232726683085,11.686476335535792,13.940303781345198,53.0,58.0,65.0,-0.14957129761749943,-0.037738376936523724,0.9880304862883608,13.987165333741938,0.6388276777372587,0.7590118784099251,0.12569871355530382,12.516770357311376,-0.7546705407565866,0.6499821407845245,-0.08941807186093545,10.438941661242337,63.10088798167649,67.24475037595522,59.8525676686495,20.585180527491698,6.126351272045833,73988.0,253966.6222711124, 0.0, 0.0,1.4210854715202004E-14,8.873808013170333, 125.52539631734743,125.52539631734743,1.3486991523486091E-6, 130.37603860069663, 23.616930695046634, -8.977931000302704, 23.616930695046634, 136.57372914103806, 1.319108900924634, -8.977931000302704, 1.319108900924634, 194.33206951618726, 7.637346499729571, 4.72496856092893, 17.0, 0.0
37, 0 ,1.0,1.0,1.0,122.14208122828578,151.92487066284343,163.29634518228573,11.689580076356636,11.469198644794695,11.47523468930536,63.0,53.0,60.0,0.17023871257923387,0.7254054173307996,-0.6669375992148695,12.197605298343156,-0.9287190077887326,-0.10812887451521953,-0.3546676628450702,11.805716919564489,0.3293930559548538,-0.679775791716063,-0.6552900790379189,10.569450510357253,58.4479733790063,66.62337741414493,49.856814630358855,19.244503153330953,5.433130724675784,65913.0,194142.50544772984, -1.4210854715202004E-14, 0.0,0.0,80.19830140435243, 98.59123618874601,98.59123618874601,0.0, 136.64628236155403, 7.355462294880677, 4.902700944698166, 7.355462294880677, 131.54251755376046, -16.87282476381471, 4.902700944698166, -16.87282476381471, 131.68101117463706, 7.337808125268713, 4.4321645034355885, 19.0, 0.0
38, 0 ,1.0,1.0,1.0,145.54874688361107,42.7192261149747,82.83912872326466,12.468054947969225,10.206853893348775,12.779957401227902,63.0,48.0,57.0,0.3727213864138623,0.04305763953016881,-0.9269437996922022,12.865911355800668,-0.901679119563694,0.2527841069262287,-0.35082041079211845,12.529215651696385,-0.21921116178828573,-0.9665641390842095,-0.13304221729898758,10.022307713342002,56.85514345456153,59.66461756132874,47.740656051292106,19.76165197139358,5.695321160783792,68589.0,161947.7817314556, 0.0, -7.105427357601002E-15,0.0,87.53221604927438, 107.94532177652259,107.94532177652259,0.0, 155.4523941855799, -11.841421110023731, -4.602897357976497, -11.841421110023731, 104.17986640016903, -7.6112650577696845, -4.602897357976497, -7.6112650577696845, 163.32731117719982, 7.39786515877892, 4.513240508505709, 16.0, 0.0
39, 0 ,1.0,1.0,1.0,85.02436076087504,34.60549334318285,108.35144300992226,11.347354201190003,11.150672151233149,11.01705293127917,59.0,61.0,55.0,0.6882074356320955,0.21710063798878168,-0.692270061844046,11.985273651559286,0.5124173621583593,-0.8209421773930388,0.2519571160651066,11.60321716713757,0.5136136412707163,0.5281299597277553,0.6762246469470006,9.807851903023444,59.36872966386243,55.30108365047403,48.275157476142795,18.617790757970607,5.277618721975302,59563.0,158494.82876452853, 0.0, 0.0,0.0,NaN, 129.7156123629073,129.7156123629073,0.0, 128.7624473672644, -9.080714047998914, -17.64476174483171, -9.080714047998914, 124.33748942428649, -15.082950693431066, -17.64476174483171, -15.082950693431066, 121.37545529060695, 6.545416943424586, 4.2470996659918665, 16.0, 0.0
40, 0 ,1.0,1.0,1.0,16.75938641930691,72.16459864273381,170.13944103120107,10.17226092465006,11.243689972408038,10.433139084593206,40.0,56.0,56.0,0.007230161622080476,-0.8427771855023883,0.5382140283935293,11.7665609801044,-0.8910652315109427,-0.24969371981507454,-0.37901952387345555,10.286051910592088,0.45381767038676296,-0.47684343539738794,-0.7527747738621081,9.720649487937894,54.637916014952715,52.65369839323476,50.467788889714,17.690052528109643,5.080146575245391,49806.0,145190.19394170924, 0.0, 0.0,0.0,NaN, 79.87652541484029,79.87652541484029,0.0, 103.47489231916248, 2.2489368777762713, 3.9914279668697428, 2.2489368777762713, 126.42056419562905, -18.86989795554315, 3.9914279668697428, -18.86989795554315, 108.85039115846637, 7.62283029479396, 4.570800760194549, 12.0, 0.0
41, 0 ,1.0,1.0,1.0,185.7871597665412,116.04300987290678,65.23114056619211,9.17560370461797,11.46588951215168,9.619400527928176,39.0,50.0,50.0,-0.040142974456839724,-0.9404825045785044,0.33746288712019995,11.6982564001079,0.6655263509791352,-0.2770817123534577,-0.6930370847448729,9.977407328993928,-0.74529404784565,-0.1967698738654347,-0.6370387735333122,8.473094614982573,50.920172275268456,47.81951395045366,45.89498563398135,16.762550039141118,5.216139218910652,36666.0,111753.27521070057, 0.0, 0.0,0.0,NaN, 107.2654777562146,107.2654777562146,0.0, 84.19170334419901, -2.662121609988437, -13.683008209824338, -2.662121609988437, 131.4666223048699, -15.317501463832631, -13.683008209824338, -15.317501463832631, 92.53286651670489, 7.517613973376085, 4.858181673665715, 10.0, 0.0
42, 0 ,1.0,1.0,1.0,81.39012508598785,104.95932950541197,76.24160828852607,12.236300683962464,11.952112275681845,11.782805061293173,62.0,63.0,62.0,0.5621421719555644,-0.6018976660838696,0.5671995927994582,13.800702943330203,-0.826939908927129,-0.41976421073311354,0.3741235015488837,11.44176282576897,0.01290602699020984,-0.679350577353399,-0.7337003663055727,10.49005238786199,62.00727942979652,52.37057085380522,52.55597491608971,19.94245384143225,5.8062959082022,71231.0,170667.99310793183, 0.0, -1.4210854715202004E-14,0.0,52.99407079227076, 146.52598521762155,146.52598521762155,0.0, 149.72705442834024, -19.96432462868353, 19.183528902724913, -19.96432462868353, 142.85298785050463, -30.732392649100362, 19.183528902724913, -30.732392649100362, 138.834495112436, 6.311969950277835, 3.9442202868331973, 22.0, 0.0
43, 0 ,1.0,1.0,1.0,49.240265254134485,182.97804375075816,163.06609114067365,11.758360473975078,9.948606518163906,10.380482478314603,53.0,42.0,44.0,-0.949090322482411,0.05631298577541843,0.30992968138481036,11.93007782079838,-0.22277459288919252,0.5756214761407796,-0.7867854834505811,10.429307063195795,0.22270842043642444,0.8157749468073708,0.5337716699377602,9.689738208179731,55.77536800991475,50.79547319285405,52.75701824585332,17.79934753373175,5.307679016784265,49462.0,149467.81875398668, -7.105427357601002E-15, 0.0,0.0,18.36105907972919, 63.8628557181532,63.8628557181532,NaN, 138.2590410359394, -4.496746430270061, -11.639428796164156, -4.496746430270061, 98.97477165325336, -5.8933974570623935, -11.639428796164156, -5.8933974570623935, 107.75441648259648, 7.292499278156613, 4.488324910092525, 10.0, 0.0
44, 0 ,1.0,1.0,1.0,10.225020403404454,179.2423691267343,135.57295091523844,6.450327784871829,11.713235210742482,13.819004427378848,26.0,49.0,65.0,0.01601166328158081,-0.18314398985644187,0.9829556987059089,13.890222856450663,-0.001765743417991423,-0.9830853710863211,-0.18313938764300158,11.6303727801702,-0.9998702459765163,-0.0011967186533674236,0.016064217233515775,6.447296254306528,67.9789566532574,52.94163597903773,26.54161306267559,18.24327869126773,6.079002680630914,42885.0,95521.06716641197, 0.0, 0.0,0.0,NaN, 68.45637249731442,68.45637249731442,0.0, 41.60672853228951, -0.28123731078434305, 2.4126856399195167, -0.28123731078434305, 137.19987910217748, -10.3805818307797, 2.4126856399195167, -10.3805818307797, 190.96488336391621, 7.241896094559539, 4.66719548601141, 9.0, 0.0
45, 0 ,1.0,1.0,1.0,115.23749283469392,152.41539008914629,63.279298689490226,9.269418057159022,12.326339150693247,10.663319406715898,45.0,54.0,49.0,-0.04189313737121201,-0.899848258624138,0.4341866839186842,12.809326117948286,-0.3716413666209583,-0.3893514373177376,-0.8427859472456325,10.234686227903854,-0.9274306764698391,0.19666868004265028,0.3181096833373334,9.09612505225966,60.51851078436823,52.79129240890319,47.1864262491539,17.96971601929343,5.3531705494855,50591.0,150753.572728028, 1.4210854715202004E-14, 0.0,0.0,87.5989973812678, 115.98813458259599,115.98813458259599,0.0, 85.92211111838576, 6.251014767031819, 5.414109747697715, 6.251014767031819, 151.93863685791314, -24.55732169673705, 5.414109747697715, -24.55732169673705, 113.70638076964389, 6.400471506042948, 3.9888317934938224, 14.0, 0.0
46, 0 ,1.0,1.0,1.0,99.48487532663094,158.60977014039594,15.07582266708003,11.323372685976326,10.836286983148549,9.648146258844465,49.0,55.0,41.0,0.8090389474349398,0.3434095348023578,-0.4769967221482688,12.48921016525036,-0.2189975827818853,0.9292464163569409,0.2975586604746603,10.639028309625946,-0.5454319758403021,0.13627541632521628,-0.8270024006230771,8.340342731201677,63.701864250572044,50.68485329850489,49.142124448926936,17.584531087039345,5.432759634633201,45158.0,158666.14257489165, 0.0, 0.0,0.0,NaN, 108.80106605946196,108.80106605946196,0.0, 128.2187689855147, 15.131615062799218, -36.19286091320219, 15.131615062799218, 117.42511558115467, -2.0926270641019786, -36.19286091320219, -2.0926270641019786, 93.08672623205443, 7.493218366282551, 4.33233297944574, 12.0, 0.0
47, 0 ,1.0,1.0,1.0,97.92979259664146,8.174668245725911,136.14430172178191,11.837945063243934,5.563569505872364,12.759957035363772,58.0,23.0,64.0,0.5384780950531574,-0.007773668249375892,0.8426036501403678,13.359066847363827,0.842531232746508,-0.01106273711797542,-0.5385338779446546,11.158366699824143,-0.013507886384341167,-0.9999085887866985,-5.925166837477983E-4,5.561738763309912,67.85729106524437,68.5881322625096,23.45598064579417,17.1999145088993,6.170064294473011,32931.0,109168.93899008761, 0.0, 0.0,0.0,NaN, 117.19479374762224,117.19479374762224,0.0, 140.13694332038142, -1.4897563698606688, 24.480144106791787, -1.4897563698606688, 30.953305646672856, -0.4088555921074935, 24.480144106791787, -0.4088555921074935, 162.81650354432944, 6.697102551617771, 4.17992041413364, 9.0, 0.0
48, 0 ,1.0,1.0,1.0,118.85948782979322,113.21252950086301,56.01919757652612,10.877851093063764,10.421862128780521,11.781359623620302,53.0,47.0,54.0,0.4335346605111638,0.41081921443721886,0.8020444321760837,12.602761044668433,-0.9010684762658933,0.1866618385081032,0.3914498168662704,10.43814864026427,0.01110401798141894,-0.8924040178607231,0.4511006203616961,9.897411592430917,64.73188485794695,50.1000690547033,48.65854809736,18.392938068033985,5.238617989572417,56778.0,157803.17009864838, 0.0, 0.0,0.0,NaN, 131.354475553747,131.354475553747,0.0, 118.32764440286853, 8.991855302368617, 17.287032975193345, 8.991855302368617, 108.61521023130965, 20.860127916517815, 17.287032975193345, 20.860127916517815, 138.8004345810707, 6.481170714856298, 3.9513811532000735, 13.0, 0.0
49, 0 ,1.0,1.0,1.0,178.6237985650467,154.71404155949642,88.30685664004332,12.622706436265739,8.818295123994638,12.869175073750167,51.0,41.0,56.0,-0.5372676603617624,-0.0918600897791412,0.8383944089956505,13.049106694124257,-0.8399399232626448,-0.031827283766965746,-0.5417452808447525,12.471442033672629,-0.07644858689956731,0.995263155107123,0.06005718647484391,8.768960134186365,64.16143973812896,60.86259914139768,40.854829715418774,19.22605891406336,5.750597567366873,59096.0,159539.41686691562, 0.0, 0.0,0.0,NaN, 101.51778636922636,101.51778636922636,0.0, 159.33271777614453, 6.711191484207447, -6.279493758944144, 6.711191484207447, 77.76232889386759, -5.83603678150653, -6.279493758944144, -5.83603678150653, 165.61566707883262, 7.717173383599574, 4.611442015869171, 11.0, 0.0
