// Sample: .//bubblelabels.tif, Map: .//bubblelabels.tif, Thickness:(8.191250068658265):/gpfs/home/mader/Foam/NewValid/InSilicoTest/LatticeData_Phi_6.65/out_Step_03000.vtk/distmap.tif, Neighbors:(1.0):
//LACUNA_NUMBER, TRIANGLES, SCALE_X, SCALE_Y, SCALE_Z, POS_X, POS_Y, POS_Z , STD_X, STD_Y, STD_Z,PROJ_X, PROJ_Y, PROJ_Z, PCA1_X, PCA1_Y, PCA1_Z, PCA1_S, PCA2_X, PCA2_Y, PCA2_Z, PCA2_S, PCA3_X, PCA3_Y, PCA3_Z, PCA3_S,PROJ_PCA1, PROJ_PCA2, PROJ_PCA3,OBJ_RADIUS, OBJ_RADIUS_STD, VOLUME, VOLUME_BOX, Mask_Grad_X,Mask_Grad_Y,Mask_Grad_Z,Mask_Angle, Mask_Distance_Mean,Mask_Distance_COV, Mask_Distance_STD, SHAPET_XX, SHAPET_XY, SHAPET_XZ, SHAPET_YX, SHAPET_YY, SHAPET_YZ, SHAPET_ZX, SHAPET_ZY, SHAPET_ZZ, Thickness, Thickness_STD, Neighbors, Neighbors_STD
1, 0 ,1.0,1.0,1.0,158.0391451223716,177.78983798690106,181.40333678042055,14.239644842464623,12.424122110298264,9.932588775655457,67.0,51.0,42.0,-0.9133168291980118,0.39201628668311483,0.11034310344951714,14.677727812952542,0.3882120182281178,0.9199287067723096,-0.054978208041708415,11.969600601873632,0.12306014142255978,0.007376003755950794,0.992371803389058,9.852694195899623,73.3708268721191,61.76547682129305,45.43677468231553,20.42792996022024,6.203409770259046,72525.0,205909.65335725577, 0.0, 0.0,0.0,NaN, 50.98863129769178,50.98863129769178,0.0, 202.76748523952935, -25.879301620748983, -12.914085806544204, -25.879301620748983, 154.3588102116022, 2.783421705717602, -12.914085806544204, 2.783421705717602, 98.65631978627677, 9.697448132583414, 6.002364407527968, 16.0, 0.0
2, 0 ,1.0,1.0,1.0,185.41636998723718,36.29646671592665,16.792705044669844,8.552166980444655,16.735686312662438,10.27318228122933,38.0,79.0,47.0,0.012565000393291819,0.9932212975774016,0.1155576687363461,16.807202040744077,0.2871637181067461,-0.11428282746277052,0.9510396597146855,10.302526063166317,-0.957799101987586,-0.0212341561117255,0.2866530844871497,8.374780407867165,82.81056092382583,56.22653100064343,42.15067776742529,20.183891961267207,7.167393940373228,59548.0,196259.90235332382, 0.0, 0.0,0.0,NaN, 42.56889360938111,42.56889360938111,0.0, 73.13956006140783, 1.4684188259104454, 10.14146018543789, 1.4684188259104454, 280.08319635583683, 20.458463510804677, 10.14146018543789, 20.458463510804677, 105.53827418336425, 8.504859329832945, 5.897996092555478, 15.0, 0.0
3, 0 ,1.0,1.0,1.0,168.8653088138325,186.64310938530295,81.12119569199209,15.607192781985422,7.556087756932912,14.593387747124188,64.0,32.0,62.0,0.8569942343893555,0.006768361936700907,0.5152815458563365,16.153085670362927,-0.5153141932956128,0.004488156090597752,0.8569895790749138,13.987186454718882,-0.003487751638752355,0.9999670223220363,-0.007334156864025504,7.5552851084051245,79.46037990437009,64.67643612846136,32.25841064901178,21.620411380135298,6.79733083026948,68245.0,165782.8816132233, 0.0, 0.0,0.0,NaN, 87.91145495695923,87.91145495695923,0.0, 243.58446653405787, 0.8619014062525522, 28.82401686278524, 0.8619014062525522, 57.09446219047144, 1.2438543816273642, 28.82401686278524, 1.2438543816273642, 212.96696593791438, 8.577174001237362, 5.698309005579, 14.0, 0.0
4, 0 ,1.0,1.0,1.0,55.700641880075246,80.86293638864468,33.38543055122279,13.625936276872979,13.599412642682642,14.283231211156037,67.0,67.0,71.0,-0.23616881795562006,0.606563862435673,0.7591472651683352,15.355810148216497,-0.9580896423973879,-0.014998141490765594,-0.2860756768456007,13.545796229445463,-0.16213736940104473,-0.7948932862585647,0.5846846473995775,12.463200097927253,83.39509964064705,68.69935054127554,73.06103921330136,22.986827586068735,6.799015738116573,105783.0,418580.515606155, -7.105427357601002E-15, 0.0,0.0,76.33946939822368, 103.71095872826993,103.71095872826993,0.0, 185.66613942140305, -11.122773918122924, -6.709627924472205, -11.122773918122924, 184.9440242259565, 37.17472899768554, -6.709627924472205, 37.17472899768554, 204.01069383134194, 8.493760435926417, 5.372043484069786, 25.0, 0.0
5, 0 ,1.0,1.0,1.0,12.816742581090407,104.57613526570049,134.33532091097308,7.851624291825947,15.052146091904351,15.04735369400025,32.0,72.0,72.0,0.07065594079332743,0.7015681814115358,0.709090843870883,16.558654202738037,0.06693929600012163,-0.7125998597814767,0.6983699381348175,13.431655814129952,-0.9952521633644501,0.001877943111844184,0.09731189366182726,7.74851935980421,76.34445846073709,59.406723906343835,34.36543495168296,21.535139291094968,7.132722824950742,72450.0,155860.1058679699, 0.0, 0.0,0.0,NaN, 116.54112120228088,116.54112120228088,NaN, 61.6480040199913, 4.873627990651588, 16.35630166645943, 4.873627990651588, 226.56710197203142, 46.63108861083598, 16.35630166645943, 46.63108861083598, 226.42285319234298, 9.501308199606985, 5.388174059265998, 18.0, 0.0
6, 0 ,1.0,1.0,1.0,52.07025345296271,185.79745761380244,120.130073380368,14.349362193440243,8.30617953191877,13.061545466185505,65.0,33.0,59.0,-0.9006621590824493,0.037248532972238436,0.4329205723783019,14.722130729902895,0.43301385451745406,-0.00594419474231574,0.9013676654644331,12.648143644258536,-0.036147987397333194,-0.9992883534497345,0.010775419566808811,8.293618804001108,67.21844441844999,59.62272753950688,34.7839150337079,20.139906678728984,6.315452692586834,63641.0,139405.13102688035, -7.105427357601002E-15, 0.0,0.0,25.754757947092394, 96.39620678798991,96.39620678798991,0.0, 205.90419535853215, -5.198432346935302, -22.098247326151583, -5.198432346935302, 68.99261841646631, 1.8973090597719136, -22.098247326151583, 1.8973090597719136, 170.60396996523113, 9.25488788839122, 5.443225886775625, 11.0, 0.0
7, 0 ,1.0,1.0,1.0,26.08539209210154,49.162857412475226,50.719269604605074,13.635141819955866,14.45283674625657,12.715834106510409,64.0,73.0,63.0,-0.5394847191917176,0.8097186283986065,-0.23089387298694788,14.597170412819237,-0.6220574453981085,-0.5680955090922478,-0.5388061127845513,14.32110829922262,-0.5674511189374929,-0.14704841166601826,0.8101703476696052,11.761058307380274,69.49667515351229,75.6124390651649,62.013197936371306,22.683289092181656,6.477840338342904,105970.0,325867.765836282, 3.552713678800501E-15, 0.0,0.0,57.35143166384342, 75.2985958619592,75.2985958619592,0.0, 185.91709245030938, -9.058938347886084, 31.691491264960888, -9.058938347886084, 208.88449001394423, 6.462252006829694, 31.691491264960888, 6.462252006829694, 161.69243702429335, 7.77470837880235, 5.044071848247328, 18.0, 0.0
8, 0 ,1.0,1.0,1.0,90.3968959872127,180.58799644224447,86.24440233574384,13.600234893887523,11.157938919986348,12.236569539249533,69.0,48.0,60.0,-0.9223638751059638,-0.21677088071643097,0.3197737749924672,13.878934509183926,-0.34994993967501153,0.11819468366760569,-0.9292820112722353,12.074812137012696,-0.1636457198369882,0.9690409702515874,0.18487746307459044,10.989709411335028,71.66539650537172,64.30872581558184,54.86970767084415,20.57152254350795,6.001006952323557,77577.0,252878.5887842255, 0.0, 0.0,0.0,NaN, 126.43781720869325,126.43781720869325,NaN, 184.96638916891575, 13.330840191594087, -13.053368239523918, 13.330840191594087, 124.4996009421461, -7.729461213310455, -13.053368239523918, -7.729461213310455, 149.73363408888952, 8.330539437899624, 5.2197392704631875, 15.0, 0.0
9, 0 ,1.0,1.0,1.0,186.38362811410326,20.105995042641684,110.99273200857034,8.260950639029794,10.859217141252325,12.889126995253996,33.0,45.0,62.0,-0.017739138021103988,-0.3605777065187808,0.9325604755424302,13.21775359476715,0.10666097019528759,-0.928067335402401,-0.3568115166247954,10.48122563639648,-0.9941371939623165,-0.09313827634620776,-0.05492268256366627,8.229847881225123,68.31677619481424,53.06984820785728,35.66980688638742,17.932444869392405,5.542825821481564,47606.0,129323.05868125694, 0.0, 0.0,0.0,NaN, 92.26023181895843,92.26023181895843,0.0, 68.24330546048675, -3.4856906159678447, -3.3729417441611838, -3.4856906159678447, 117.9225969208683, -22.022966132739988, -3.3729417441611838, -22.022966132739988, 166.12959469978532, 8.998738675282912, 5.347765033106379, 14.0, 0.0
10, 0 ,1.0,1.0,1.0,50.422838567104904,151.011930116739,187.33080852562972,15.932450219621924,14.015707437001682,6.806342278932397,74.0,63.0,29.0,-0.91438158083018,0.39476742900240064,0.08980535416853383,16.376285461516,0.39975011739729194,0.9154722940756649,0.04593824572935402,13.572100743513086,0.06407939044148762,-0.07790478662234876,0.9948993295514748,6.650163612213523,69.23441038537945,61.60776739761488,31.08235120147154,21.139112704730305,7.053171927228168,62447.0,132577.95993675152, 0.0, 0.0,0.0,NaN, 71.43389988419953,71.43389988419953,0.0, 253.84297000073067, -29.615610273231596, -15.820103433619733, -29.615610273231596, 196.44005495962423, 13.826581703659096, -15.820103433619733, 13.826581703659096, 46.326295217982654, 8.8184780260335, 5.329549444650881, 16.0, 0.0
11, 0 ,1.0,1.0,1.0,77.57030181352866,101.29252526143935,161.2630499051317,11.994745686728283,14.456305332917665,12.181690584287717,59.0,75.0,65.0,0.05017871580311705,0.9539124371981664,0.29586003217569734,14.690526221035165,-0.7632863797980388,-0.15441928630367543,0.627334509199253,12.186084734054887,0.6441086856231285,-0.2573047729369168,0.7203598093513598,11.702138764459571,72.5410519369152,61.97490555978411,59.20590315000062,21.521460995909028,6.170817616876077,90652.0,266173.44964357436, 0.0, 0.0,0.0,NaN, 131.3806248857031,131.3806248857031,0.0, 143.87392408928676, 5.137876014967929, -4.364718010031723, 5.137876014967929, 208.98476387854373, 21.139571577192815, -4.364718010031723, 21.139571577192815, 148.393585491324, 7.756661732123403, 4.915918757864288, 28.0, 0.0
12, 0 ,1.0,1.0,1.0,22.179889351508585,173.8977214395711,50.05000570353049,12.51433930058314,10.854351017207813,12.62249150608066,52.0,51.0,59.0,0.6939540249789173,0.12076142378145499,0.7098200403918138,13.344577309199169,0.6563889571694955,0.299092552014983,-0.6926017486514937,11.881533385524483,0.2959414606328457,-0.9465518072749324,-0.1282900152898009,10.700669923113795,71.62309185161709,61.21642350767029,54.983122925677435,19.978463119597787,5.8833602078111875,70132.0,241074.02611135508, 0.0, 0.0,0.0,NaN, 60.648821164263566,60.648821164263566,9.5367431640625E-7, 156.60868813011973, 10.562829326390476, 19.192125250160387, 10.562829326390476, 117.8169360047603, -0.07457806833641323, 19.192125250160387, -0.07457806833641323, 159.3272918210784, 7.815612252963773, 5.034985774299165, 16.0, 0.0
13, 0 ,1.0,1.0,1.0,164.49508815853684,10.763955782818103,79.62621204727249,11.691899220020787,7.011738579253931,13.579503637751268,61.0,29.0,64.0,-0.2362375786382574,-0.008464179761475201,0.9716584606229179,13.689368349344388,-0.9712117964417394,-0.029485343643399983,-0.23638583071461783,11.566683763448225,-0.030650495779717825,0.9995293753418134,0.001254965043914396,7.005777989272277,62.648836850596325,61.93211667016968,29.601871730594777,18.33955058238617,5.824842380589969,47131.0,114854.52443126535, 0.0, 0.0,0.0,NaN, 87.84529101757097,87.84529101757097,0.0, 136.70050737112268, 2.7022947903444146, -12.302646494049675, 2.7022947903444146, 49.164477903797945, -0.5471640952683129, -12.302646494049675, -0.5471640952683129, 184.40291904769992, 7.7341242929757055, 5.089790803231269, 14.0, 0.0
14, 0 ,1.0,1.0,1.0,171.59368733456324,60.27730541964119,111.8535600652389,11.620962208102036,12.855796415611481,11.682574740391491,54.0,60.0,57.0,-0.1408581344437898,-0.8905103459021988,0.43260872598938693,13.169847568276579,-0.7970260506498854,0.3612085858488262,0.48402255329120447,11.850173322138506,-0.5872890774963051,-0.2766219104666804,-0.7606391116050387,11.087349726163344,62.01695091480742,60.98000799401217,58.275839156350514,20.117798653601255,5.663478967896371,74802.0,220387.22833914345, 0.0, 0.0,0.0,NaN, 110.49917203794652,110.49917203794652,0.0, 135.04676264213575, 1.2991115694654718, -9.828316742026484, 1.2991115694654718, 165.271501479649, -16.401638945927143, -9.828316742026484, -16.401638945927143, 136.4825525648333, 7.489094306237207, 4.77076008208446, 18.0, 0.0
15, 0 ,1.0,1.0,1.0,163.34938907589594,186.73041230403004,22.652768220788158,12.686378851135155,7.529486223974881,13.883899873852922,70.0,31.0,51.0,0.3539953691101013,-0.006722863654870508,0.9352230117746683,14.073912457569062,-0.9348724956036244,0.025759032737148434,0.3540478628607975,12.478141279494903,0.026470655686149782,0.9996455748597723,-0.0028335579790743485,7.524694359532335,64.24810381188065,66.10014104847077,31.677249868492822,19.252385988404686,6.304417547419193,53771.0,134527.22109581047, 0.0, 0.0,0.0,NaN, 45.08322467166522,45.08322467166522,NaN, 160.9442083545293, -2.722699149277737, 14.034971330941602, -2.722699149277737, 56.69316279702751, 0.014255418879045538, 14.034971330941602, 0.014255418879045538, 192.76267570717317, 8.50057551540888, 4.9918568138270265, 13.0, 0.0
16, 0 ,1.0,1.0,1.0,169.95891684583648,91.7584209812695,10.337284754101535,12.781440185464428,15.503961084654534,6.701534701093981,56.0,68.0,27.0,-0.35397682004743986,-0.9348823780321164,0.026369492109588517,15.92540489039705,0.9325736405642141,-0.35068879622829124,0.08557904606128715,12.290216463641697,-0.0707588566464331,0.05488449184393605,0.9959823676958957,6.631790725950438,71.07104440496914,62.0260817781724,29.233027477489316,19.995195047075903,6.988616809386029,51627.0,128866.73929530403, 0.0, 0.0,0.0,NaN, 97.10269797558988,97.10269797558988,0.0, 163.36521321460495, 34.358661376823605, 6.58822672174336, 34.358661376823605, 240.3728093144822, -8.381377661821473, 6.58822672174336, -8.381377661821473, 44.91056734996679, 7.581965812766476, 4.946604887331008, 15.0, 0.0
17, 0 ,1.0,1.0,1.0,187.5087988316904,174.6004016064257,139.72951807228915,7.105365099526908,12.556040709184007,15.517918407412859,30.0,54.0,73.0,-0.15170937756241487,-0.10173460152392015,0.9831756382317423,15.692908281433747,-0.014195773450476293,-0.9943621690323123,-0.10508261898857185,12.523085520931753,0.9883231985417356,-0.029898957341750187,0.14940986438019682,6.771345648637459,73.39422006695914,56.97270722172783,32.782883905437075,20.046524015659774,6.861708101993248,54780.0,137080.56071022566, 0.0, 2.8421709430404007E-14,0.0,84.16093468848153, 66.58603980550699,66.58603980550699,0.0, 50.48621319757503, 4.659759153444729, -29.727932232765596, 4.659759153444729, 157.65415829068604, -8.45027107334043, -29.727932232765596, -8.45027107334043, 240.80579169912286, 7.3902646301354356, 4.762433597083939, 13.0, 0.0
18, 0 ,1.0,1.0,1.0,189.67348359376876,24.480161301937063,176.0394853700103,6.293199800522108,13.147265881589796,12.68005345841914,27.0,55.0,54.0,-0.01741720504183301,0.8457360814681192,0.5333170927989104,13.450700420694226,-0.014951459890939019,0.5331180563247573,-0.8459087373160553,12.360470057114274,-0.9997365126950502,-0.022707235046646908,0.003359562601878743,6.2877784438378175,73.81915944374201,60.70432729366543,27.427803621190407,18.314092528790955,6.150832012480236,41661.0,122907.89416862204, 0.0, 0.0,0.0,NaN, 35.77738810744811,35.77738810744811,0.0, 39.6043637292915, -2.985318782788487, 0.11896304669231306, -2.985318782788487, 172.8506001612151, 12.701114583383008, 0.11896304669231306, 12.701114583383008, 160.7837557083672, 7.939504732809878, 4.9287338723236, 11.0, 0.0
19, 0 ,1.0,1.0,1.0,23.0254443632822,9.98009495982469,18.765857073289506,11.60342269874645,6.3257221594309545,11.713672399718272,58.0,25.0,52.0,-0.6367431143265595,0.13253035125124601,0.7596011534713041,12.116812906128795,0.7682112233156344,0.024195725546137314,0.6397390743398373,11.26919837283051,-0.06640574319748432,-0.990883581891696,0.11721776489880857,6.168655711229688,63.39440411607829,54.23863328743231,28.68472751244166,16.678577745361828,5.8042522898263895,32856.0,98630.3082154715, 0.0, 0.0,0.0,NaN, 31.335774686910998,31.335774686910998,0.0, 134.63941832578433, -7.525211814780052, -8.895156334102492, -7.525211814780052, 40.014760838315816, 12.3261160983056, -8.895156334102492, 12.3261160983056, 137.2101210879216, 7.9131254438553045, 4.743340335158289, 5.0, 0.0
20, 0 ,1.0,1.0,1.0,24.76454800726043,37.874540405529096,146.43267813648987,13.834341325432177,12.24625695793711,10.66712539971209,65.0,60.0,58.0,-0.9372940388726746,-0.3230243354824959,-0.13090134980144902,13.913980618579963,0.33901516524652286,-0.7577404493156874,-0.5575823967843079,13.446238548692643,0.08092343558340839,-0.5669961994202014,0.8197357546285422,8.985943796786161,69.00817899182849,54.42178679555461,52.56887477557848,20.38200856453796,6.302467814804698,64459.0,197424.95377626127, 0.0, 0.0,0.0,NaN, 70.12290368034436,70.12290368034436,0.0, 191.38899990856055, 8.465503649369587, -5.0670076160426385, 8.465503649369587, 149.9708094798231, 47.04500640856634, -5.0670076160426385, 47.04500640856634, 113.78756429318283, 7.861126259806846, 4.8989984099199955, 17.0, 0.0
21, 0 ,1.0,1.0,1.0,121.98237763151448,78.88400921132143,179.52037433242418,11.368199067908675,11.188071537975508,11.57545866266656,52.0,55.0,47.0,-0.31556849132523124,0.6582662261416569,-0.6834486833727451,12.552593154334888,-0.8738156702413012,0.07921390720956957,0.4797617443537353,11.43547517786083,-0.3699495934900627,-0.7486058591981601,-0.550205930403083,10.003122042434224,60.34589961286808,54.219847800075,50.31376236782688,18.94739413557202,5.421844105918066,61229.0,164623.8879835016, -1.4210854715202004E-14, 0.0,0.0,71.6048635005892, 112.82221136268994,112.82221136268994,0.0, 129.23595004759966, -14.070965621862015, -0.4709454032454209, -14.070965621862015, 125.17294473885767, -24.704050392642568, -0.4709454032454209, -24.704050392642568, 133.99124325110228, 7.777557228690887, 4.819640105719685, 17.0, 0.0
22, 0 ,1.0,1.0,1.0,15.856660130261222,101.78624203375587,22.67534491210869,9.718648225781488,11.59444151790652,12.485622322168823,39.0,52.0,54.0,-0.08349320467135321,-0.511603185379882,0.8551555796946345,12.90579266844823,-0.31898675949080957,-0.7992766329256438,-0.5093174956042639,11.321505340258623,-0.9440743254867491,0.31530785713046383,0.09646047474761356,9.488835263087038,58.412173019648,59.00228397876924,45.33825074488936,18.79333857290888,5.619998888295221,57116.0,156256.0877423015, -1.7763568394002505E-15, 1.4210854715202004E-14,0.0,61.16550541036544, 102.03698932848663,102.03698932848663,0.0, 94.45212333648564, 12.992383281923802, 0.7325801665983592, 12.992383281923802, 134.43107411215445, -17.952547691855703, 0.7325801665983592, -17.952547691855703, 155.89076477184037, 7.889763059207906, 4.876747342933263, 12.0, 0.0
23, 0 ,1.0,1.0,1.0,81.70926415442307,22.828597774635767,40.697006208889164,12.951633415617536,11.608671970190212,13.233835700210136,68.0,49.0,67.0,-0.6942787358355227,0.3322180083142086,0.6384420348930424,14.772223072093983,0.38601225576138704,-0.5768104739380806,0.7199195896468803,12.278209362742883,-0.6074303049475175,-0.7462713126652178,-0.2722270238684964,10.424369560655654,70.508987513616,64.49388963146191,60.992405781111785,20.973224033599852,6.145270866334148,81335.0,277356.7964401807, 0.0, 0.0,0.0,NaN, 94.09460685597105,94.09460685597105,0.0, 167.74480813254075, -34.63907479465399, -36.86339084254475, -34.63907479465399, 134.7612649114799, 5.759094652463597, -36.86339084254475, 5.759094652463597, 175.13440734015632, 6.784683781990138, 4.465724083600455, 17.0, 0.0
24, 0 ,1.0,1.0,1.0,153.42438228274602,81.60566123824232,69.4482310824091,10.897047800487838,10.331752908775258,12.281571327540917,47.0,52.0,61.0,0.3069067310954462,0.01348372901840375,0.95164407603897,12.429321856132402,0.8054545471400217,0.5289778115719176,-0.2672553972439966,10.973693980336014,0.5070022000936184,-0.8485285286402239,-0.15148632012128296,10.070638600912286,61.64200234472155,53.20778801621492,53.461069115652386,18.63349633919312,5.396348523315334,56984.0,175343.46389918894, 0.0, 0.0,0.0,NaN, 116.84104121562012,116.84104121562012,0.0, 118.74565076611684, 8.316690549550529, 11.409139894253668, 8.316690549550529, 106.74511816798598, -2.005682285328948, 11.409139894253668, -2.005682285328948, 150.83699427347517, 6.765738346593155, 4.454728634470912, 17.0, 0.0
25, 0 ,1.0,1.0,1.0,136.1212375120851,117.1652916532388,122.44336126329358,10.094247945643687,12.02215327987094,12.43049248125221,51.0,61.0,61.0,0.2866115890103879,0.6810347385923227,0.6738289707896415,12.65608790144338,-0.30102163124406567,-0.6037003355021102,0.7381950165354692,12.244227994464444,-0.9095272258531367,0.41441234265538807,-0.031978675500572644,9.531289222860828,58.68772802816943,61.228999728378554,46.13511320485132,19.243626403844406,5.5340760049499576,62060.0,165781.49519936592, 0.0, 0.0,0.0,NaN, 130.2194970655947,130.2194970655947,0.0, 101.8938415881318, 24.26853602322021, 0.262361422091236, 24.26853602322021, 144.5321694847116, 5.48912343153595, 0.262361422091236, 5.48912343153595, 154.51714332646776, 7.3798436763937385, 4.6122886746983625, 24.0, 0.0
26, 0 ,1.0,1.0,1.0,117.39685255427327,58.35703333064321,16.89169558550561,13.287304422676995,10.955842302353883,10.080911691123847,66.0,61.0,41.0,0.9834971678421442,-0.07646898651179335,0.16396894507296278,13.380098571994777,-0.0799417838206041,-0.996691478993491,0.014676746960649734,10.94069903542988,0.16230413440840274,-0.027542509029250133,-0.986356313991203,9.974055680565598,68.31003703591625,61.10639190477659,44.91455719170823,19.14330187020498,5.633978470439452,61955.0,187481.44158412167, 0.0, 0.0,0.0,NaN, 102.5385424455003,102.5385424455003,NaN, 176.55245882089162, -4.3715176902675195, 12.80398483801464, -4.3715176902675195, 120.03048055404683, -1.2931209160097794, 12.80398483801464, -1.2931209160097794, 101.62478052423745, 7.143228185404378, 4.7265103390621785, 15.0, 0.0
27, 0 ,1.0,1.0,1.0,150.9625452257354,151.78318389177284,54.75766871165644,10.06275246942904,14.206497849506674,10.73137904690115,47.0,64.0,51.0,0.014064470010453847,-0.9808784301565089,0.1941125857254687,14.332961157633433,0.5149380559370085,-0.15930389324440886,-0.8422951193880849,10.835654198065617,-0.8571120050676801,-0.11180239197296371,-0.5028511071062527,9.767337775004053,65.33060207888947,55.18411779416537,52.67028288969573,19.59536530777434,5.853863947188505,63570.0,189887.51699211256, 0.0, 0.0,-7.105427357601002E-15,78.80711201034036, 87.9086776665885,87.9086776665885,1.3486991523486091E-6, 101.25898726100024, -3.323521144465737, -9.246216624155183, -3.323521144465737, 201.82458114803777, -17.99696479703078, -9.246216624155183, -17.99696479703078, 115.16249624826902, 6.702392777981521, 4.554833791031904, 21.0, 0.0
28, 0 ,1.0,1.0,1.0,53.14449027861859,71.55884216306016,91.6489743625843,12.548279594759938,12.038749821480968,11.544861454848908,66.0,57.0,53.0,0.7353054350455268,-0.620125439169198,0.27344168827689375,13.834272060950159,0.25885506350188847,-0.11590525460761195,-0.9589369260038838,11.343205169731696,-0.6263545108737877,-0.7758932991394848,-0.07529684627196662,10.752639540369547,64.91305407381266,53.465439366946796,56.01269865704553,20.03166642332616,5.865746701719609,71029.0,194397.94959766482, 0.0, 0.0,0.0,NaN, 127.84576348243057,127.84576348243057,0.0, 157.45932078826863, -34.94024126933344, 11.995010152428199, -34.94024126933344, 144.93149726420805, -11.397462844027674, 11.995010152428199, -11.397462844027674, 133.28382601165603, 7.417325694798671, 4.553440824020011, 18.0, 0.0
29, 0 ,1.0,1.0,1.0,96.88880692106498,186.62821630563565,138.68651778329198,11.263304316890208,7.859264784454218,12.224563163352425,54.0,32.0,58.0,-0.10678629551680129,0.15018870045317204,-0.9828733597702124,12.32646198922022,0.9929490817714118,0.06727731914038586,-0.09760063185549969,11.258475243165865,-0.051466572638057914,0.9863656099973629,0.15631402789072213,7.705522801806723,58.20816447029769,52.86213797981719,35.576397672436315,17.579064081936462,5.389482129574741,44733.0,109468.86102414921, 0.0, 0.0,0.0,NaN, 115.43651331920438,115.43651331920438,1.3486991523486091E-6, 126.8620241348776, 3.0164698970386827, 3.1857630709787936, 3.0164698970386827, 61.768042952162205, -14.106778502360223, 3.1857630709787936, -14.106778502360223, 149.43994453479306, 7.257218173877698, 4.725981639558991, 12.0, 0.0
30, 0 ,1.0,1.0,1.0,46.41609533888557,121.69846163284713,144.95866501019955,11.063358488024233,10.621900183304163,13.370085165091357,52.0,55.0,62.0,0.23747685257174025,0.35297938718306193,0.9049918766024865,13.821633784388245,-0.8062447062654836,-0.44803094300193946,0.38631301781285815,11.381347837515696,-0.5418248961717289,0.8213853093017083,-0.1781907841383287,9.664843650682874,63.71449789802935,56.127742393405185,50.63705515931848,19.518157137399527,5.7465975864132295,65199.0,181085.7516343982, 0.0, -1.4210854715202004E-14,0.0,69.33034359314333, 106.37261571772436,106.37261571772436,0.0, 122.39790103453785, 21.233123734451254, 9.729894276573273, 21.233123734451254, 112.82476350407703, 24.934068836953436, 9.729894276573273, 24.934068836953436, 178.75917732179596, 7.0394408036927345, 4.432673775377874, 15.0, 0.0
31, 0 ,1.0,1.0,1.0,10.555204433856774,178.9055617677087,136.7558461762847,6.43816561130628,11.623980649418913,13.092870253331414,27.0,49.0,63.0,-0.03458519384794667,-0.03052143504960341,0.9989355866966663,13.099914031195294,-0.02667691260225545,-0.999149208574137,-0.03145157133891583,11.6256280451313,0.9990456479563441,-0.027736276033168607,0.03374155140624524,6.420839429450948,63.22596503599101,49.85130815401462,28.30272359699609,17.748700850614618,5.742279352536807,41138.0,89207.27147492109, 0.0, 0.0,0.0,NaN, 67.49970857606887,67.49970857606887,0.0, 41.44997643860677, 2.641206894490102, -4.4256290210108205, 2.641206894490102, 135.11692613806534, -1.0234950071742754, -4.4256290210108205, -1.0234950071742754, 171.42325147057062, 7.374801513661913, 4.697632364675275, 12.0, 0.0
32, 0 ,1.0,1.0,1.0,51.79978401727862,10.202224622030238,121.88386609071274,12.511886355355557,6.831744558453775,13.108993621901467,68.0,28.0,63.0,0.1860408446444429,0.011410457084826086,0.9824757531833025,13.130987716305215,-0.9823665631336409,-0.016735655688362706,0.18621453612883815,12.490684238474524,-0.01856716890050927,0.9997948386032988,-0.008095735990262936,6.828302608211962,65.50268477258868,69.40792979889132,28.347561928772997,18.427920952137985,5.956297259379918,46300.0,128879.51844755354, 0.0, 0.0,0.0,NaN, 94.28379175875763,94.28379175875763,0.0, 156.54730016933254, 2.0654994005663125, 2.98219089980359, 2.0654994005663125, 46.67273371196276, 1.0693382676600072, 2.98219089980359, 1.0693382676600072, 171.84571377905334, 6.786446656557062, 4.6512785219836275, 15.0, 0.0
33, 0 ,1.0,1.0,1.0,9.440628483465153,21.85909549339137,178.22182706088432,6.322966104928391,12.868063250028777,11.335471442561069,25.0,51.0,50.0,-0.07251769895677172,0.9880307490474514,0.1361485301967944,12.928136100829686,-0.0873684805582669,0.12969015507130097,-0.9876979357488408,11.327121981235713,-0.9935330552845005,-0.08352067177839459,0.07691791366600459,6.214456498887328,56.65240059047256,52.164337376113394,28.416306816619866,17.362221629972645,5.710790231452236,37678.0,83976.86270113062, 0.0, 0.0,0.0,NaN, 32.26816292443756,32.26816292443756,0.0, 39.97990036407331, -10.224420175733375, 6.470306999713291, -10.224420175733375, 165.5870518067412, 5.799927805781218, 6.470306999713291, 5.799927805781218, 128.49291282511751, 7.876712015852078, 4.827104344080108, 8.0, 0.0
34, 0 ,1.0,1.0,1.0,114.53224113726506,70.6786108574466,63.854202728672874,10.506123633592034,11.871704448707192,13.575127627411723,50.0,58.0,60.0,-0.26381741687577387,0.05619258334903007,0.9629344547421472,13.78976829850216,-0.19394911800677678,0.9748223826788175,-0.11002300601595137,11.943305999226025,-0.9448725364711301,-0.21578627343961232,-0.24627662093194644,10.139024731440824,60.07390027458763,57.96080666929999,49.11623626294369,20.07039661675023,5.725318337759699,73369.0,171019.38099554428, 0.0, 0.0,0.0,NaN, 127.97485316995456,127.97485316995456,0.0, 110.37863380432108, -8.827948506634735, -21.342101112931584, -8.827948506634735, 140.93736651745414, 0.45366708476479073, -21.342101112931584, 0.45366708476479073, 184.284090100517, 7.345360735030878, 4.434839500558496, 20.0, 0.0
35, 0 ,1.0,1.0,1.0,188.51087072364916,10.349088777576467,46.45086859213471,7.0525398518210745,6.727044202575556,10.189534435030476,31.0,29.0,48.0,-0.12395514485128557,0.07848660001325813,0.989178940173746,10.256349812331326,0.800024905296384,0.5976360762755998,0.052832482805723516,7.326601233415768,-0.5870223785942137,0.797916645992715,-0.136871301145738,6.320305131969763,48.26545512847238,41.385025853689626,31.280745482409472,13.399972887338023,4.388482731673607,18766.0,62482.26022521541, -2.8421709430404007E-14, 0.0,0.0,82.87957927227176, 48.956990542910496,48.956990542910496,0.0, 49.73831836152442, 5.931220605849641, -7.4196673341573245, 5.931220605849641, 45.25312370340539, 5.499166570016308, -7.4196673341573245, 5.499166570016308, 103.82661200267182, 8.425125459171962, 4.680956449078711, 6.0, 0.0
36, 0 ,1.0,1.0,1.0,121.93640784891302,151.82760313588315,163.39566744910326,11.648200406976729,11.408681697701885,11.444578595486645,63.0,53.0,60.0,0.026972163643056407,0.7025561705546042,-0.7111169591593652,12.125094521581838,0.9507224047590404,0.20177235119122472,0.23540354157053836,11.756474172372602,-0.3088679515223283,0.6824241683223238,0.6624936550730021,10.563350221680803,57.517913197715174,67.39476405752816,49.598539459809984,19.170557178048924,5.413566986021571,65181.0,192264.0853294215, 0.0, 0.0,0.0,NaN, 98.76427188341877,98.76427188341877,0.0, 135.68057272109283, 5.779926895847489, 5.280327727045215, 5.779926895847489, 130.15801807947796, -16.437702472721057, 5.280327727045215, -16.437702472721057, 130.97837922827108, 7.381020078476662, 4.4334844355129, 18.0, 0.0
37, 0 ,1.0,1.0,1.0,171.77266181240662,104.21145641260313,124.66891882797884,11.34963600658515,12.068091051619813,13.659097562948137,52.0,59.0,65.0,-0.25153452763468637,-0.18505885237508118,0.9499913697319639,13.783134434873316,-0.5182505236823627,-0.8032208742635054,-0.29368796681227194,12.686247984336848,-0.8174024566335436,0.5662061888614318,-0.10613093603874786,10.4932512872043,59.62533215947836,63.46574647174489,60.181715887761584,20.587019038477646,6.099069802490619,74299.0,227737.61597065936, 0.0, 0.0,1.4210854715202004E-14,18.196455868965472, 125.08796702439865,125.08796702439865,NaN, 128.81423748197412, 24.87773335125975, -11.347626375544875, 24.87773335125975, 145.63882163018621, -2.049655899896128, -11.347626375544875, -2.049655899896128, 186.57094623413576, 7.622180623185671, 4.722700200940865, 18.0, 0.0
38, 0 ,1.0,1.0,1.0,144.5866709633858,42.81320013503974,83.0595095602001,11.606941081762216,10.279400250168834,12.85847742428629,57.0,48.0,60.0,0.09785514605220949,-0.20745664713291528,0.9733376135501337,12.953260612515406,0.9140352718907093,-0.3681282683174796,-0.17035580355611774,11.892408428552859,0.39365453398986483,0.9063351022805758,0.1535994474055155,9.824014134878507,63.08953521186561,60.62764982780759,48.82694288631261,19.36993957599243,5.52567039117995,65166.0,186761.60387141508, 0.0, 0.0,0.0,NaN, 108.6392620975677,108.6392620975677,0.0, 134.72108127549944, -16.561097111418572, -0.20552297204073397, -16.561097111418572, 105.6660695031711, -11.575431822172447, -0.20552297204073397, -11.575431822172447, 165.3404416708802, 7.624197457335226, 4.49893364375837, 12.0, 0.0
39, 0 ,1.0,1.0,1.0,84.11266458956334,34.942117706001156,109.84035008063127,11.588008102947867,11.05135887141249,12.017546685750295,59.0,62.0,58.0,-0.6522930775959509,-0.0027850427544030554,0.7579617302062545,13.177831231344404,-0.38527988764046606,0.8623883867001438,-0.32839865813439884,11.4505096883556,-0.6527427893896288,-0.5062395816425064,-0.5636029958031338,9.801351180219969,62.57676976359416,58.00481155415514,47.79940448558449,19.21815237965416,5.6123535308565256,63871.0,173500.06709640494, 0.0, 0.0,0.0,NaN, 128.15870788877183,128.15870788877183,0.0, 134.28193179398545, -11.50402340674767, -33.9264792970228, -11.50402340674767, 122.13253290474752, -10.0895433882639, -33.9264792970228, -10.0895433882639, 144.4214283441879, 6.452155078738343, 4.19186534895485, 16.0, 0.0
40, 0 ,1.0,1.0,1.0,16.64832126660832,72.13103667753998,170.044534171374,10.077586052124456,11.365388898300571,10.48371366489995,41.0,56.0,57.0,0.005254326708404377,-0.8529265835063957,0.5220044398268557,11.86051685186009,-0.8340690383841108,-0.29170192612389534,-0.4682294581768795,10.198217436155899,0.551635052602575,-0.4329275106108617,-0.7129323525387499,9.796048120891701,56.62745549999791,53.230899287047464,52.061645603873544,17.740035779859518,5.092071109530778,50276.0,156931.0000078984, 0.0, 0.0,0.0,NaN, 79.85851855740125,79.85851855740125,NaN, 101.5577406379734, 1.756023937775157, 3.2629566529571226, 1.756023937775157, 129.17206480961386, -18.807709267264993, 3.2629566529571226, -18.807709267264993, 109.90825220760993, 7.593120854712204, 4.564712168265538, 12.0, 0.0
41, 0 ,1.0,1.0,1.0,185.83827079218784,116.07699692780338,65.28832016677639,9.116860188213446,11.490938303306658,9.565864998582986,38.0,50.0,49.0,-0.03991926463239712,-0.9460743232208565,0.32148067944031616,11.704822159462507,0.6584821036669198,-0.2668985459703125,-0.7036806699841347,9.925999031007132,-0.7515369395190076,-0.18359885920433075,-0.6336274042663177,8.434231287126723,51.17985202942671,47.70138176748416,44.99316941080011,16.721113629185563,5.202781463105383,36456.0,109844.05886403256, 0.0, 0.0,0.0,NaN, 107.26690901210318,107.26690901210318,0.0, 83.11713969143129, -2.326037582665984, -13.536374377240659, -2.326037582665984, 132.04166309040008, -14.888970668974746, -13.536374377240659, -14.888970668974746, 91.50577317111508, 7.550681118001364, 4.8521868196402, 10.0, 0.0
42, 0 ,1.0,1.0,1.0,165.39743918053776,93.3099551856594,190.21133162612037,10.683688961751363,13.702310739005242,5.1309260064702755,48.0,62.0,21.0,-0.3068549395756431,-0.9515183423912927,-0.021281215918184927,14.016255649011592,0.9500845951072127,-0.3049147037653976,-0.06607787502351832,10.289096270220611,0.05638535446365631,-0.04049527775664652,0.9975875020675727,5.089204911109628,61.981434961195475,47.83133529240324,23.307793042098524,17.115470698089904,5.9398311328195605,31240.0,69099.56046216891, 0.0, 0.0,0.0,NaN, 99.9995149015641,99.9995149015641,0.0, 114.14120983144791, 26.63286160098764, -3.906430648844717, 26.63286160098764, 187.75331958825836, 5.0648103669742435, -3.906430648844717, 5.0648103669742435, 26.32640168387301, 7.3616114452185535, 4.556318114157566, 11.0, 0.0
43, 0 ,1.0,1.0,1.0,120.27956734564977,8.228840991631138,164.291883783357,11.017140844673152,5.9428777557441785,10.5227975261405,55.0,24.0,49.0,-0.9676056252485647,0.2099186254535549,-0.14026234232688767,11.213728177388312,-0.14458500596667204,-0.0053103646900790336,0.9894781331977358,10.513318318262382,0.20696504544717784,0.9777044393448098,0.035489424459959756,5.580940287242745,56.368988322621476,46.89930382574572,27.60420745321899,15.500176118902896,5.212388748956155,25332.0,72976.31324983868, 0.0, 0.0,0.0,NaN, 87.73899230332898,87.73899230332898,0.0, 121.37739239136548, -19.154218060268846, 1.4822706081742405, -19.154218060268846, 35.31779601971897, -3.202512643775383, 1.4822706081742405, -3.202512643775383, 110.72926777614865, 7.352200047342854, 4.393223699347285, 10.0, 0.0
44, 0 ,1.0,1.0,1.0,81.41639433551198,104.59410743464052,75.00185525599129,11.866459582960605,10.538845304324218,11.056075502533574,59.0,56.0,52.0,-0.9531885649291635,-0.3018149181298011,0.01842050169196764,12.004594590308281,-0.05603808748853634,0.1164582833997509,-0.9916134332380794,11.066795167043228,-0.29713850716275314,0.9462268350780829,0.12791983481542535,10.369796639919551,58.33949614709559,53.2240599329291,54.246341992029535,18.60096602217938,5.3029229621002125,58752.0,168438.40918497086, 0.0, 0.0,0.0,NaN, 146.13757865323063,146.13757865323063,0.0, 140.81286303403758, 10.4253771057829, 0.1880210548990519, 10.4253771057829, 111.06726034847661, -1.928798299809234, 0.1880210548990519, -1.928798299809234, 122.236805517723, 6.272825811409304, 4.0505783169703875, 17.0, 0.0
45, 0 ,1.0,1.0,1.0,49.103587720870934,182.7162294069603,162.47469073089104,11.671890140829221,9.85275232506546,10.779072411451724,52.0,42.0,46.0,-0.8966940278421277,0.15116423571982723,0.41603989504794203,12.007190310087864,-0.32805348182819777,0.40407849203098506,-0.8538743966991644,10.616346571507526,0.29718804399345916,0.9021474081973554,0.31274481672784915,9.623861814311418,60.58718857811145,51.843208943697704,50.217639753925454,17.91222487301718,5.352602169828007,50199.0,157735.32776537916, 7.105427357601002E-15, 0.0,0.0,26.273141783166057, 64.17195562483946,64.17195562483946,0.0, 136.2330194595864, -9.650897287121209, -13.605717082026215, -9.650897287121209, 97.07672837908282, -3.688799189992904, -13.605717082026215, -3.688799189992904, 116.18840205131967, 7.223423459153054, 4.498250947194326, 9.0, 0.0
46, 0 ,1.0,1.0,1.0,178.39363183411902,154.75948262846214,88.50584643258568,12.598630540538434,8.94969707104653,12.770956153881578,51.0,41.0,55.0,0.5202811340766397,0.10712949474721015,-0.8472489674700899,12.898683518524326,-0.8506680051538792,-0.022475612547697386,-0.5252226117068136,12.509518045377689,0.07530927254625526,-0.9939910050879807,-0.07943799640436897,8.891333533625387,63.637152036233516,59.93066998699237,41.7275307847502,19.218024517153882,5.70853955954995,59609.0,159141.17285097766, 0.0, 0.0,0.0,NaN, 101.71934137671387,101.71934137671387,0.0, 158.72549149698776, 6.34745591447194, -3.8954718363704375, 6.34745591447194, 80.09707766349884, -7.0115868358144295, -3.8954718363704375, -7.0115868358144295, 163.09732108436575, 7.7046405770059945, 4.605336456048618, 10.0, 0.0
47, 0 ,1.0,1.0,1.0,115.23808618102665,153.91303704642957,62.25332318941651,9.342400776703254,11.486716474687237,10.357244849257711,46.0,52.0,50.0,-0.14760250763967533,-0.9665893754166694,0.20956736165274276,11.59891608202681,-0.2232615753521413,-0.17385679099485074,-0.9591288157470055,10.33641793932717,-0.9635184319512317,0.1883581576587133,0.19014056835314114,9.226117190645661,55.472866156681874,50.83049767584566,46.33896042187155,17.366218581614167,4.991200325120209,47319.0,130662.58737715866, 0.0, 0.0,0.0,NaN, 114.82189005875485,114.82189005875485,0.0, 87.28045227254557, 7.89297585821603, 3.122615882584909, 7.89297585821603, 131.94465536985118, -6.387615441483217, 3.122615882584909, -6.387615441483217, 107.27252086747538, 6.397486397410697, 4.062386390957879, 16.0, 0.0
48, 0 ,1.0,1.0,1.0,99.08360980606088,157.880073923983,15.244683930440203,11.312792366076994,10.51719278957162,9.61619942622657,50.0,51.0,41.0,-0.8567532525801915,0.009306128189555028,0.5156425701698639,12.166512730974421,0.09991551251586431,0.9838888433046378,0.1482553013532885,10.57866107244736,0.505955289083883,-0.17853890332020567,0.8438797932462083,8.43384874047855,58.7109087660007,52.85895677990868,49.80495830410875,17.428329348268527,5.226398647655698,44911.0,154564.57755879022, 0.0, 0.0,1.7763568394002505E-15,58.95958505273231, 108.73844900948278,108.73844900948278,NaN, 127.97927111796993, 3.395656351794535, -33.3661639277418, 3.395656351794535, 110.61134417301727, 6.317179925838852, -33.3661639277418, 6.317179925838852, 92.47129140496023, 7.473389930378281, 4.361957793228728, 13.0, 0.0
49, 0 ,1.0,1.0,1.0,95.45457094784072,8.577888390353337,133.31814357823893,11.18393094629684,5.711709948719567,10.721923202457479,53.0,23.0,54.0,-0.8325618827771541,-0.005381443037202685,0.5539059048407029,11.541249960951303,0.5516265581551114,0.0830824546360083,0.8299430378463339,10.361560091173693,0.05048615339383796,-0.9965281460162044,0.06620273795698264,5.66579217100948,57.94113874998353,50.65638814985627,24.78049682057702,15.702266885157819,5.109050183403611,28528.0,72732.9590324544, -1.4210854715202004E-14, 0.0,0.0,33.637188211760225, 116.75455134565878,116.75455134565878,0.0, 125.08031141153612, 3.9021993604142624, -12.16726324742574, 3.9021993604142624, 32.62363053830207, 4.888147958817752, -12.16726324742574, 4.888147958817752, 114.95963715939602, 6.583289621581715, 4.1557612433878575, 8.0, 0.0
