// Sample: .//bubblelabels.tif, Map: .//bubblelabels.tif, Thickness:(8.191250068658265):/gpfs/home/mader/Foam/NewValid/InSilicoTest/LatticeData_OldFoam/out_Step_07000.vtk/distmap.tif, Neighbors:(1.0):
//LACUNA_NUMBER, TRIANGLES, SCALE_X, SCALE_Y, SCALE_Z, POS_X, POS_Y, POS_Z , STD_X, STD_Y, STD_Z,PROJ_X, PROJ_Y, PROJ_Z, PCA1_X, PCA1_Y, PCA1_Z, PCA1_S, PCA2_X, PCA2_Y, PCA2_Z, PCA2_S, PCA3_X, PCA3_Y, PCA3_Z, PCA3_S,PROJ_PCA1, PROJ_PCA2, PROJ_PCA3,OBJ_RADIUS, OBJ_RADIUS_STD, VOLUME, VOLUME_BOX, Mask_Grad_X,Mask_Grad_Y,Mask_Grad_Z,Mask_Angle, Mask_Distance_Mean,Mask_Distance_COV, Mask_Distance_STD, SHAPET_XX, SHAPET_XY, SHAPET_XZ, SHAPET_YX, SHAPET_YY, SHAPET_YZ, SHAPET_ZX, SHAPET_ZY, SHAPET_ZZ, Thickness, Thickness_STD, Neighbors, Neighbors_STD
1, 0 ,1.0,1.0,1.0,78.9245218512129,135.76255840547645,39.434116264721716,17.9791262412639,17.34038466151343,19.075547827860433,97.0,91.0,87.0,0.36496520053730663,-0.3593316803798704,0.8588836625947327,19.479131293600457,0.8094144299928516,-0.33338983388453797,-0.4834247606213275,18.01570273475545,-0.4600529131698993,-0.8716260448941505,-0.16917255967227657,16.846730975508148,96.27842494158992,92.08954616144322,87.43926630041197,30.238895763745628,8.568758867589134,254471.0,775257.2107343221, 0.0, 0.0,0.0,NaN, 161.91232794269428,161.91232794269428,0.0, 323.24898039930406, -23.537772636984226, 14.028258902179736, -23.537772636984226, 300.6889402092502, -22.943788593015082, 14.028258902179736, -22.943788593015082, 363.8765249329909, 7.909520461983008, 6.220157938746206, 42.0, 0.0
2, 0 ,1.0,1.0,1.0,56.90626088316193,262.412725037136,13.67144045089162,19.785826978149494,21.06548405378208,9.15428723440518,111.0,95.0,38.0,0.5386029200422129,0.8405252174784829,-0.05851711975781469,21.906587134611584,0.8395714082861931,-0.5412409079092309,-0.046670440258581705,18.902329384331672,0.07089954097411376,0.023992465240992532,0.9971948739846791,9.046431692071222,105.96813480870946,99.87011752444387,42.02849319840853,28.481109987312564,10.38561102150223,140699.0,444789.6481876777, 0.0, 0.0,0.0,NaN, 69.55597782246113,69.55597782246113,0.0, 391.4789492092683, 55.03381993130538, -23.339273000470257, 55.03381993130538, 443.7546184201471, -12.62054845438322, -23.339273000470257, -12.62054845438322, 83.80097476999363, 7.735618773139637, 5.959797036717799, 22.0, 0.0
3, 0 ,1.0,1.0,1.0,260.9101112277465,140.3223430988962,127.00276213803268,18.240707481962215,16.746543681842596,15.23564999621668,89.0,99.0,76.0,-0.9224201262330943,-0.3259713412495553,0.2070840298141989,18.47226623618135,0.38148989584210147,-0.8525061898826867,0.35734948661231836,16.907376693106343,0.060054725796597985,0.4086268235146478,0.9107236403068851,14.771972075340209,106.9457847057183,87.36756134232772,79.41844721578201,27.814121750061318,8.46580160471406,188622.0,742053.6002683542, 0.0, 0.0,1.4210854715202004E-14,78.0484765532962, 193.25651597729168,193.25651597729168,0.0, 332.7234094425123, 14.987272572879977, -14.275684532820568, 14.987272572879977, 280.4467252878622, -28.912369398875928, -14.275684532820568, -28.912369398875928, 232.1250308072173, 6.7276160634270505, 5.579714940548314, 41.0, 0.0
4, 0 ,1.0,1.0,1.0,79.27893083221123,16.55221247156057,263.0544566714646,17.65360844183577,10.565506030478817,18.94549361335741,82.0,45.0,81.0,-0.15875023522295573,0.07515102684143271,0.984454511890384,18.996174222665893,0.9749027211635413,-0.14570130682411897,0.16833244921186863,17.765797451066994,-0.15608666530033455,-0.9864701984117016,0.050134823835326275,10.282671967017672,93.70907094870245,84.44122526301493,47.4679067016696,26.38402897285771,9.278715003213632,129222.0,375609.21519365336, 0.0, 0.0,0.0,NaN, 89.01740157656201,89.01740157656201,0.0, 311.64989101765525, -32.85743098175955, -5.426350282972236, -32.85743098175955, 111.62991768008426, 13.726757679324141, -5.426350282972236, 13.726757679324141, 358.93172825376644, 7.357982679976898, 5.784965558282572, 19.0, 0.0
5, 0 ,1.0,1.0,1.0,188.19309453821353,113.183641902143,236.20228641190974,15.989309355470324,14.982743109305332,16.296070732914053,81.0,88.0,82.0,0.08200721158853752,0.11401386685649244,-0.9900887108799411,16.306419173066654,0.9259797875779163,0.35866098259877,0.11799886676761932,16.17079521130859,-0.36855969698900953,0.92647889221812,0.07616174912418167,14.775269948893273,81.96737745909797,83.49427066923712,84.53237349210772,26.291061172277814,7.381234890721147,168736.0,578523.1986801395, 0.0, 0.0,0.0,NaN, 171.4102364569905,171.4102364569905,0.0, 255.65801366493082, 14.787600627870662, 0.8546018877249643, 14.787600627870662, 224.4825910794364, -3.544520724954516, 0.8546018877249643, -3.544520724954516, 265.561921332138, 6.996456701504538, 5.680526427920131, 39.0, 0.0
6, 0 ,1.0,1.0,1.0,274.85157532188344,206.29740412842978,208.30303275467512,15.325419898590452,16.398702195027866,17.45335324104033,62.0,90.0,88.0,-0.35025665155845365,0.2516256169548618,0.9022221605187632,17.942563664896916,0.21132650695673297,0.959632685806038,-0.185596917512539,16.312715459601307,-0.9125028139663601,0.12565690281387487,-0.3892928939483724,14.844702474992975,93.39099754912127,93.00494563715318,75.3604828939782,27.204450428111258,8.26579367092509,173044.0,654567.9399606038, 0.0, 0.0,2.8421709430404007E-14,25.548284706493078, 133.49514425196105,133.49514425196105,0.0, 234.86849506811217, 0.32401890637403985, -33.891165869541034, 0.32401890637403985, 268.9174336812117, 14.912309714947341, -33.891165869541034, 14.912309714947341, 304.6195393565329, 7.722142341245688, 5.965177395886015, 34.0, 0.0
7, 0 ,1.0,1.0,1.0,261.5358171289086,277.49198731191956,25.11959596473273,19.267979380035957,13.522491212376757,16.320623189577184,81.0,59.0,68.0,0.935479968880595,0.19454577872023304,0.29500706399220217,19.676548293462513,-0.34110434591147487,0.27899782195521294,0.8976681126922983,16.326774024337926,-0.09233121370081876,0.9403787297288182,-0.32735728440061995,12.91299486903421,94.23679466057854,89.54511399328732,61.14758448747304,27.217271819996274,8.92724223660921,157313.0,515990.4992444442, 0.0, 0.0,0.0,NaN, 51.157581066142754,51.157581066142754,0.0, 371.2550293894908, 30.61582257976842, 30.266164503484585, 30.61582257976842, 182.8577685888066, 37.649684073874994, 30.266164503484585, 37.649684073874994, 266.36274129616453, 7.311670979601295, 5.793099240248379, 20.0, 0.0
8, 0 ,1.0,1.0,1.0,155.5994679204558,176.17780324769308,14.724816156478235,17.236982622270098,17.480025195033527,9.663352063691159,82.0,81.0,41.0,-0.6385971784610118,-0.7695354447841286,-0.002973698459580655,18.016640753276103,-0.7634724050499542,0.6330719710170833,0.1277879737682126,16.768581817452887,-0.0964548100867668,0.08387537620445974,-0.9917970512547851,9.500554912481249,84.62536543469696,87.44891760935792,44.563903316163874,25.11858456465133,8.068576907655796,119531.0,329790.5590097264, 0.0, 0.0,1.7763568394002505E-15,89.82961937761154, 190.78854861931458,190.78854861931458,0.0, 297.1135699204413, 22.879265699162193, -18.182109257786284, 22.879265699162193, 305.5512808190068, 15.981874846076733, -18.182109257786284, 15.981874846076733, 93.38037310684417, 8.519092217009083, 5.8535788575457195, 18.0, 0.0
9, 0 ,1.0,1.0,1.0,43.939638733170426,257.7662689856739,214.34204877581334,16.964381873614546,21.555390565014225,15.080868124644324,85.0,89.0,90.0,-0.18992903219111978,0.961610371120942,0.19807184778153167,21.910485527040006,-0.9161125526312754,-0.24613038753433297,0.3164768921163246,17.067696046214394,0.3530789623332909,-0.12134795624502559,0.9276906380215348,14.438908331326425,97.7296701481973,91.23974396484601,86.76315331703142,29.790629486369006,9.611248252072164,208710.0,773652.2955143253, 0.0, 0.0,0.0,NaN, 105.12689710686378,105.12689710686378,0.0, 287.7902523538218, -30.92663285572547, -34.23008897284368, -30.92663285572547, 464.6348624103043, 45.27712051833536, -34.23008897284368, 45.27712051833536, 227.4325833929132, 7.432708355039608, 5.418437371175972, 30.0, 0.0
10, 0 ,1.0,1.0,1.0,278.2553065883032,209.5487235326529,285.4398630388581,13.460115056249824,18.400853057287993,8.842098420978626,53.0,103.0,39.0,0.2692234496221344,0.9621541055616456,-0.042168843052989236,18.775817264802154,0.9628335818951834,-0.2679111865180562,0.03427958158114672,12.954911299079246,-0.02168473537881567,0.04983044540596504,0.9985222576198256,8.808391131268346,107.7170232607578,62.39161388507762,41.0435650806528,22.779382558320258,8.890923760293267,76226.0,275838.9810663084, 0.0, 0.0,0.0,NaN, 94.160834185283,94.160834185283,0.0, 181.17469732748322, 47.94158543451103, -0.1429062865586265, 47.94158543451103, 338.59139323590483, -11.984036304231159, -0.1429062865586265, -11.984036304231159, 78.18270448627271, 6.917255391230599, 5.559775828388722, 13.0, 0.0
11, 0 ,1.0,1.0,1.0,14.486714387437694,168.47811340553912,12.793820035228423,9.115228904318679,17.43222506724791,8.364356253211128,36.0,82.0,34.0,0.047295227695113524,-0.9978579113869586,0.04519679324603018,17.460656713960738,0.9725401562924633,0.03567838954087811,-0.22998412318766784,9.129759094402631,0.22787892802077672,0.05483284783983416,0.9721443066550739,8.288865441019993,82.36880868713203,41.83423972204429,39.69413320460175,20.0092225610884,7.5208601107058035,53366.0,136779.4925653441, 0.0, 0.0,0.0,NaN, 132.93439501574915,132.93439501574915,0.0, 83.0873979781267, -10.637512978215943, -2.771290364558419, -10.637512978215943, 303.8824707951864, -10.771414724709816, -2.771290364558419, -10.771414724709816, 69.9624555306321, 9.06097609476464, 5.723586866455166, 11.0, 0.0
12, 0 ,1.0,1.0,1.0,22.120995062011943,131.32277072806613,188.8052006775379,14.069829793734202,15.96061486958558,15.556726574981973,61.0,75.0,75.0,-0.45705460979285506,-0.6946283187836645,-0.5555111001689177,16.366385340563742,-0.17041103573277225,0.6813822373202508,-0.7118134064239966,15.812647439443756,0.8729611460813049,-0.23067237677760574,-0.42980122385142805,13.297168533513831,86.15821913258281,84.63829489122003,66.00995994225576,25.225525645226124,7.64106897565886,139328.0,481363.4247793341, 0.0, 0.0,0.0,NaN, 173.49147509486568,173.49147509486568,0.0, 197.96011042465062, 20.40235079141499, 31.998212326151645, 20.40235079141499, 254.74122701523632, -0.38399086809214433, 31.998212326151645, -0.38399086809214433, 242.01174172875034, 7.01422061920136, 5.185146291387086, 25.0, 0.0
13, 0 ,1.0,1.0,1.0,123.18440967675237,234.94826659314907,76.52716245089255,14.335148809219833,14.480426798964446,16.498637561105518,75.0,70.0,78.0,-0.152713713598213,0.37547466582197203,0.9141648084480835,16.907641282655117,0.830086155520274,-0.453255092735656,0.324833488610338,14.408951108245668,-0.5363166006125616,-0.808442079703345,0.24245805342845608,13.924729342167067,80.62659365212306,69.99278341462659,71.05280937119613,25.19803966626264,7.241760146051114,145090.0,400970.87724641117, 0.0, 0.0,0.0,NaN, 158.94191832059678,158.94191832059678,0.0, 205.49649138247676, -10.43552843728921, -9.14015272269666, -10.43552843728921, 209.68276028016774, 29.54839672862661, -9.14015272269666, 29.54839672862661, 272.20504137272184, 6.578783687719948, 5.137226168624215, 32.0, 0.0
14, 0 ,1.0,1.0,1.0,190.8885773790452,279.7864466517142,60.2875841076578,16.687039108292964,12.147770692924013,14.95316922087649,76.0,53.0,77.0,-0.9156623468264382,0.08258047704595542,0.39337378079272334,17.03883069902171,0.4013448295721612,0.241450547679992,0.8835292642582501,14.734677128196504,0.02201804668884384,-0.9668930126109581,0.25423042261718726,11.924362251106285,80.23095904464986,72.69908509125725,59.867145990676306,24.41019109105608,7.332492595013522,124840.0,349188.1392313907, 0.0, 0.0,0.0,NaN, 126.28730372793031,126.28730372793031,0.0, 278.4572742016988, -3.940928605211988, -26.78981660575515, -3.940928605211988, 147.56833280786356, 20.794689140581294, -26.78981660575515, 20.794689140581294, 223.59726974816797, 7.064532241505027, 5.538701666824349, 26.0, 0.0
15, 0 ,1.0,1.0,1.0,173.74424940645312,100.96116970899986,11.279661126895782,14.360144385987565,18.37674211673561,7.513133347857153,80.0,85.0,30.0,-0.12282728239039836,-0.9916643416618006,-0.038926754001039524,18.44808506387729,0.9878858062251771,-0.11842256341667068,-0.10028823626256494,14.336625856491455,0.09484246179544634,-0.050773319275903166,0.9941966493055013,7.3820652151702495,85.84324993793993,82.6956884224237,33.36474736739697,23.019735141188782,8.393888511504862,77079.0,236851.89237329492, 0.0, 0.0,0.0,NaN, 162.05216167051577,162.05216167051577,0.0, 206.2137467864102, 17.145597873266578, -13.597763855336618, 17.145597873266578, 337.7046508250044, 12.827813357111218, -13.597763855336618, 12.827813357111218, 56.447172702683226, 7.003710089526474, 5.13211259125776, 22.0, 0.0
16, 0 ,1.0,1.0,1.0,217.73084664907424,28.285812192739616,263.18756442012443,16.32660048646498,17.18819947632956,16.799429531473944,85.0,71.0,74.0,-0.5627956005417022,-0.6196899233920917,0.5470333727088394,18.78565598432979,0.13457665575810843,-0.7216529407726522,-0.6790479782748391,16.30492883741892,-0.8155674317528062,0.3085472928425826,-0.4895388976819363,15.015370195596663,90.26403938555713,92.29880666851545,80.03481885197846,27.804881168323888,8.432170567599144,185307.0,666791.1346467258, 0.0, 0.0,0.0,NaN, 94.46404701156713,94.46404701156713,0.0, 266.5578834446385, 40.52313279544262, -42.92549141145114, 40.52313279544262, 295.43420123809585, -23.40858129689177, -42.92549141145114, -23.40858129689177, 282.22083258295885, 7.510927742553291, 5.492383881464755, 34.0, 0.0
17, 0 ,1.0,1.0,1.0,157.2333740205536,257.8485175414419,280.1634208764815,17.010164896772626,17.599234968944604,10.89968891350374,82.0,82.0,48.0,-0.6635327241244027,0.7471206307777536,-0.03918018736940537,19.599917652100846,0.7443780063166422,0.6645340965780906,0.06554249153947454,14.688452962138541,-0.07500471803900588,-0.014324718195937725,0.9970802849923853,10.861610254864779,93.10812534304117,71.7962146483959,50.28189183915592,25.44600884325651,8.389435837275919,126985.0,336124.9412857857, 0.0, 0.0,0.0,NaN, 150.17505398145485,150.17505398145485,0.0, 289.3457098153957, -83.5905328766438, 11.690365179551492, -83.5905328766438, 309.7330714921226, -3.5331136435013963, 11.690365179551492, -3.5331136435013963, 118.80321841115632, 7.6003770900802, 5.465232202582523, 28.0, 0.0
18, 0 ,1.0,1.0,1.0,272.3183028297756,65.99872795645858,238.25504125452687,15.781181994005955,16.226838681435176,13.702339011666895,72.0,82.0,70.0,-0.5643552858559351,0.8240969383433632,-0.04865539579083092,16.61035407217208,0.823631838462316,0.5660740895325268,0.03450680847465315,15.38571010923704,-0.05597951408910182,0.020600033325624833,0.9982193810126769,13.692558385616058,88.15759531626091,80.36869251987272,70.06971583236808,25.361994624403913,7.541838090523,143863.0,496451.69137634325, 0.0, 0.0,0.0,NaN, 94.52274001834066,94.52274001834066,0.0, 249.04570512793777, -18.166955718858482, 3.827128246127949, -18.166955718858482, 263.3102935933209, -2.5835574640482526, 3.827128246127949, -2.5835574640482526, 187.7540943906485, 6.075927355799141, 4.914148448447763, 28.0, 0.0
19, 0 ,1.0,1.0,1.0,276.38180703655127,206.48476079146945,11.774704909619661,15.33984311044573,17.8465022815674,7.522014824834721,63.0,84.0,31.0,0.5734729305566817,-0.8189542448175049,0.021041454657899996,19.954715690161706,0.8151250083123905,0.5729812590134945,0.0852273292027579,12.510060110145561,-0.0818536422064164,-0.031724150338499124,0.9961393273748628,7.463032569235637,102.01686425267957,68.25535294892074,33.46402997018371,22.908753591155982,9.25084570532922,70148.0,233016.63564989256, 0.0, 0.0,0.0,NaN, 97.16770388763958,97.16770388763958,0.0, 235.3107866530893, -113.77057575808173, 11.135771203821353, -113.77057575808173, 318.4976436859904, -0.9791845876092407, 11.135771203821353, -0.9791845876092407, 56.58070702503332, 7.401800222245384, 5.432146748410185, 11.0, 0.0
20, 0 ,1.0,1.0,1.0,40.78219825665081,85.18802013692525,36.98347252361851,13.311683324843289,13.866529340410143,17.317613260334955,62.0,70.0,81.0,0.24041988937110623,0.025078981586031848,0.9703449497356039,17.548264839541517,-0.16406482199276004,-0.9842332700476788,0.06608785301201239,13.890957635103529,0.9567031990012725,-0.17508830575986717,-0.23251467525055292,12.980022150403496,83.01544493711874,71.85180532028173,61.17534295791869,24.834236083647202,7.255480415903951,136863.0,364899.2722367203, 0.0, 0.0,0.0,NaN, 101.42959976949135,101.42959976949135,0.0, 177.20091294091085, 4.793491975636969, 32.26939591019181, 4.793491975636969, 192.28063594845537, 1.8016359538352098, 32.26939591019181, 1.8016359538352098, 299.8997290345291, 6.835907730422212, 4.939606950530324, 22.0, 0.0
21, 0 ,1.0,1.0,1.0,69.86864110390437,63.67855780236551,159.59349961846624,14.585598785596355,14.298799029107109,14.062612121439752,71.0,65.0,70.0,-0.8279552397754579,0.5191396020461587,0.21209477720047706,14.645230784394046,-0.5353547835219654,-0.6190687210899667,-0.5745860895707297,14.519530172235575,-0.16698915140964632,-0.5892775170964769,0.7904850606786301,13.77145105414191,79.02949569097407,77.99633694299314,80.45302932029128,23.867993343937634,6.728394981060598,125808.0,495913.3717404258, 0.0, 0.0,0.0,NaN, 169.26479575766794,169.26479575766794,0.0, 212.73969193438987, -3.6583377349461492, 2.1499123640372955, -3.6583377349461492, 204.4556536747944, 10.26211468722854, 2.1499123640372955, 10.26211468722854, 197.75705967806422, 7.00396737621527, 5.100151090209608, 28.0, 0.0
22, 0 ,1.0,1.0,1.0,65.58257117568964,41.96041451541525,34.72085853370704,14.61317734695289,13.352700840752169,16.552754114397192,77.0,69.0,76.0,-0.11530304003142888,-0.009381481093393432,0.9932860598901029,16.57666159188244,0.9073320945127535,0.40599580055174134,0.10915988366359827,14.874133506089185,0.40429405044671407,-0.9138267876062974,0.038300431153509,13.031027726125766,78.9327940573146,80.65318781276521,62.12466537423164,24.77051120128673,7.228763069483475,135580.0,395496.8931434341, 0.0, 0.0,0.0,NaN, 85.24839028179692,85.24839028179692,0.0, 213.5449521734971, 19.05977769213688, -6.928957156548371, 19.05977769213688, 178.29461974262367, 1.301156864953475, -6.928957156548371, 1.301156864953475, 273.99366877169314, 6.424497355554356, 4.933931859568648, 22.0, 0.0
23, 0 ,1.0,1.0,1.0,25.72779212534807,281.6301236455974,133.6280316255717,15.537378819613165,11.69970674039882,19.822934507439122,64.0,47.0,107.0,0.13597432723349573,-0.07333021377995722,0.9879947682454516,19.948128166854545,0.9564747973973486,0.2696217604008927,-0.11162467586526155,15.703677661704067,-0.25819942733689266,0.9601701859906451,0.10680013884631101,11.256495965341925,105.30751722056283,73.23574157560523,57.04961351082807,26.33071812757491,8.828096837253984,138622.0,439982.25767204247, 0.0, 0.0,0.0,NaN, 137.31650476561788,137.31650476561788,0.0, 241.41014058416377, 28.2154209695645, 23.635174397708113, 28.2154209695645, 136.8831378113336, -23.258255792457632, 23.635174397708113, -23.258255792457632, 392.9487324862207, 6.596911210015364, 4.875438177762757, 16.0, 0.0
24, 0 ,1.0,1.0,1.0,281.49755146309667,104.32720560041193,168.21626003790576,11.811167965991569,13.085785848810401,15.000862541929413,49.0,65.0,73.0,0.11284502163307747,-0.10710820991972901,0.9878227738113865,15.037543500215078,0.48294566913770104,-0.8629259443749614,-0.14873565539479283,13.637178480256049,-0.8683487097668584,-0.4938488087384354,0.04564945075091146,11.12056678323697,71.59084066113869,70.83443166375096,59.08479528236444,22.12874195876896,6.788677067431234,91279.0,299624.6991836632, 0.0, 0.0,-2.8421709430404007E-14,8.95062809902101, 169.09600985430808,169.09600985430808,0.0, 139.50368872086543, -27.204048790502835, 6.945894829243021, -27.204048790502835, 171.23779128092653, -2.8439513858844347, 6.945894829243021, -2.8439513858844347, 225.02587700186098, 6.8257406688120215, 5.218785887306498, 15.0, 0.0
25, 0 ,1.0,1.0,1.0,33.77420449348695,180.52498266629294,207.39452992461682,15.194262340305974,15.619595265684417,14.341047357388836,69.0,74.0,75.0,0.5867941363601703,-0.7695502903614414,0.25192259155927893,16.83604996569892,0.6451022708232093,0.2562490729004713,-0.7198468398321877,14.699020644931386,-0.48940341407887694,-0.5849177405774851,-0.6468040932505522,13.453223304066244,94.98090209738336,76.75711797888275,67.12310988906745,24.96362865530908,7.571013670350397,135574.0,489358.3683977531, 0.0, 0.0,0.0,NaN, 154.88947589794526,154.88947589794526,0.0, 230.86560806604035, -40.47149328499094, -1.1397292249814626, -40.47149328499094, 243.97175626379106, -26.333657433244095, -1.1397292249814626, -26.333657433244095, 205.6656393068693, 6.585381141188727, 4.931017556869337, 35.0, 0.0
26, 0 ,1.0,1.0,1.0,123.98132753446421,187.35354110831153,114.1212466498692,14.01093153039195,13.909696082413697,15.201314202537297,70.0,71.0,73.0,-0.16542023642582435,-0.3118870674513562,0.9356081458267759,15.330701912199611,-0.7488899820282255,-0.5775623696490942,-0.3249392312157572,14.419491250622547,-0.6417164016904888,0.7544190919654115,0.1380285966004696,13.338427639388652,74.67544775310623,67.80655216421499,66.18690756919779,23.95247782761479,6.86619303955811,124622.0,335136.390074548, 0.0, -2.8421709430404007E-14,0.0,71.82700920327508, 202.692509025285,202.692509025285,0.0, 196.30620234933133, 15.926206369333277, -1.5376005765115266, 15.926206369333277, 193.47964510511494, -11.03521052580225, -1.5376005765115266, -11.03521052580225, 231.07995348426212, 6.320674968453388, 4.764318127981237, 31.0, 0.0
27, 0 ,1.0,1.0,1.0,31.822155496216194,14.026569753913998,71.38198176237908,17.569685658596864,8.974604154216998,14.195645865808782,73.0,36.0,72.0,0.9955699225702869,-0.0029323491327641,-0.09397835177292796,17.59716415771221,-0.09394030686958818,0.011164050823113333,-0.9955152347977734,14.162166532561644,0.003968377330878151,0.999933380429808,0.010839127436157062,8.973660798401442,76.21845822367456,68.85888769935204,36.62579636400378,23.079187573603267,7.622652842461143,90253.0,192223.83567729357, -3.552713678800501E-15, 0.0,0.0,5.39515279740148, 79.40265461438551,79.40265461438551,0.0, 308.69385414190435, -0.7948160047857312, -10.212145975558258, -0.7948160047857312, 80.543519724889, -1.2709825963255412, -10.212145975558258, -1.2709825963255412, 201.51636154745398, 6.8381905969559105, 5.209605829908962, 16.0, 0.0
28, 0 ,1.0,1.0,1.0,235.4826891613743,274.27449290150065,95.32076948788769,13.783502950130156,13.462034744168546,14.507803428412007,80.0,60.0,84.0,-0.486226930481563,-0.48681935780072105,0.7256654083976796,15.314178166294921,-0.6827679064429463,-0.30662063822628327,-0.6631830593020476,13.616369750447145,-0.5453543416953729,0.8179185149415567,0.18329742199443422,12.71841638164812,78.12461239652194,103.31541969578979,67.42614121478378,23.1840033392883,6.647532061680907,113686.0,544228.5559915763, -2.8421709430404007E-14, 0.0,0.0,60.90711113170885, 117.94207989130008,117.94207989130008,0.0, 189.98495357624674, 22.174640694810016, -14.967042781414262, 22.174640694810016, 181.2263794532011, -20.897277876247635, -14.967042781414262, -20.897277876247635, 210.47636031744318, 6.091410528599147, 4.705383569165356, 25.0, 0.0
29, 0 ,1.0,1.0,1.0,135.10811654209732,23.823352564200142,250.15532857382064,15.839364773152429,13.901143852849115,14.442758045830985,75.0,60.0,75.0,0.8890893282584248,-0.049675343146815584,0.4550302480717394,16.275882057713314,0.360545052366256,0.6884543286243068,-0.6293154237841863,14.521565234128518,-0.28200608431591806,0.7235765320142042,0.6300075957693698,13.30189246683938,80.65669713668422,76.03549227199137,69.17173195341606,24.508853382349283,7.213642816732662,131386.0,424214.4382146848, 0.0, 0.0,0.0,NaN, 145.9665939608612,145.9665939608612,0.0, 250.88547641698207, 4.538430858885559, 27.887085059358576, 4.538430858885559, 193.24180041760474, -16.691047593580702, 27.887085059358576, -16.691047593580702, 208.59325997041563, 7.695431233486966, 5.2273404821387635, 19.0, 0.0
30, 0 ,1.0,1.0,1.0,19.386374849015837,253.0610911689151,82.80107517735323,11.731685947662134,15.545057917820857,16.256426844696463,49.0,81.0,89.0,-0.21192332815511275,0.40848814858593596,0.8878208915364039,16.556385230945097,0.0964142269745083,-0.8952846724043894,0.4349363771802415,15.46888319848273,-0.9725187914999733,-0.17777172953706546,-0.15034763834803683,11.408437898160633,83.709089581601,86.0641099646983,54.77654742100097,24.191386656137116,7.637375612943779,117562.0,394629.32578817743, 0.0, 0.0,0.0,NaN, 97.13449821029167,97.13449821029167,NaN, 137.6324551745732, -21.882716729603235, -22.509911687287623, -21.882716729603235, 241.64882566840492, 9.713824859021493, -22.509911687287623, 9.713824859021493, 264.2714137569678, 6.71068115738775, 5.241439436572387, 16.0, 0.0
31, 0 ,1.0,1.0,1.0,165.66620954470653,11.2921731096804,220.2896613448047,16.4687085509947,7.69850471567289,14.905410325504667,85.0,32.0,81.0,0.9118803921761212,0.035808568001966044,0.4088910574008344,16.83936858589466,-0.4102350993815083,0.04682991645813819,0.910776658769848,14.506777463041738,-0.013465273861602579,0.9982608403529474,-0.057393214038418065,7.658045862533944,83.4083709757451,76.05823443955593,34.56677414410151,22.076429101628808,8.080091044491715,69274.0,219287.93152368575, 0.0, 0.0,-2.8421709430404007E-14,65.86480822133878, 156.6104036140371,156.6104036140371,0.0, 271.21836133760604, 4.428009337054847, 27.145348027772386, 4.428009337054847, 59.26697485723772, 9.767766469110219, 27.145348027772386, 9.767766469110219, 222.17125697166114, 6.73311993270647, 4.793660179486096, 17.0, 0.0
32, 0 ,1.0,1.0,1.0,58.82091252420634,111.64456770326753,158.07850301867285,13.95334903156436,12.547748013573273,15.016716116887997,71.0,63.0,73.0,0.5166654188781956,0.14720844503641445,0.8434373234837185,15.621396372963998,-0.8032829774385805,-0.25757105215122955,0.5370229150149151,13.411090365615438,-0.29629934710158684,0.9549800138242,0.014828017517657987,12.399932375139699,74.88527752337481,64.88763817690872,61.51565008663374,23.133243100631578,6.518953596327458,114123.0,298912.4665384901, 0.0, 0.0,0.0,NaN, 189.91082263328406,189.91082263328406,0.0, 194.69594919665803, 12.265640359256112, 28.078638352441256, 12.265640359256112, 157.445980212132, 7.597927831781585, 28.078638352441256, 7.597927831781585, 225.50176293520371, 6.601892140088382, 4.936832429704603, 24.0, 0.0
33, 0 ,1.0,1.0,1.0,144.7553931414119,152.40521089042625,58.420469761214015,13.319594679733363,13.920406135717876,13.695788011516507,65.0,66.0,64.0,0.5328361291896769,0.6616800898666778,0.5275084057189876,14.79169059368866,0.04446143154329393,-0.6444011294914286,0.7633939778484586,13.379665244227875,-0.8450496083279867,0.3833101133340954,0.37277944750283604,12.686779181695231,75.19452194842177,66.06545700632877,64.71924655732403,22.740888426575236,6.451039624902996,107544.0,321509.7138475059, 0.0, 0.0,0.0,NaN, 214.82852907131584,214.82852907131584,0.0, 177.4116024323813, 19.874920755072864, 16.87035889997102, 19.874920755072864, 193.7777069833319, 11.303668905246072, 16.87035889997102, 11.303668905246072, 187.57460925639927, 6.231518483638347, 4.743788566012694, 19.0, 0.0
34, 0 ,1.0,1.0,1.0,24.72335622435309,14.394084200976824,265.0523961728747,13.88785578624929,9.121517547530111,19.246030873976714,50.0,41.0,79.0,0.10205546222382587,0.06747072974432367,0.9924879763795882,19.327460998686792,-0.992892575548878,-0.05450007290028095,0.10580205798461513,13.834270465006597,-0.0612292091260132,0.9962316210006749,-0.061429156498933435,9.030312129539574,83.29671864465769,55.960638798332155,42.62534242051338,24.011349221854985,8.36297995081987,94797.0,198691.11070505343, 0.0, 0.0,0.0,NaN, 45.16380205694348,45.16380205694348,0.0, 192.8725383396579, 7.954437990343829, 18.038008477416405, 7.954437990343829, 83.20208236989973, 18.92037283641691, 18.038008477416405, 18.92037283641691, 370.40970440206485, 6.2890994053978515, 4.818170123865935, 10.0, 0.0
35, 0 ,1.0,1.0,1.0,53.90727706934619,19.146082097958814,163.41947460911098,14.941309948291803,11.907928680475925,15.534428448534955,85.0,47.0,79.0,-0.5250754934033336,0.20129528765557728,0.8269074515294349,16.062239806683923,0.8426124833893132,-0.013562678393431383,0.5383495672806758,14.542595048413737,-0.11958231083124471,-0.9794367059297169,0.16249249217673034,11.699459701341235,86.65404223970815,75.91935975251835,51.53832267810635,23.536499016390188,7.238314009795494,110965.0,339056.16359670466, 0.0, 0.0,0.0,NaN, 148.07703028081133,148.07703028081133,0.0, 223.2427429709236, -13.654260003551862, -18.743703201431458, -13.654260003551862, 141.79876545930108, 19.615674461192757, -18.743703201431458, 19.615674461192757, 241.31846722265212, 6.43441450504272, 4.76241832376887, 21.0, 0.0
36, 0 ,1.0,1.0,1.0,128.53322216178137,92.99809165410785,209.39225425587887,14.478168961499412,12.60989664906881,14.429808068740622,70.0,63.0,69.0,0.6855204454244287,0.06857701631814506,0.7248164676233518,15.398618656910784,-0.61840052556661,0.580266548068568,0.529973134386573,14.302816017966123,0.384242773366049,0.8115343036652788,-0.44019264542979153,11.625757106264716,72.76912300953705,71.0477919733595,59.00273458017415,23.104507275117978,6.5595712095101675,112139.0,305049.1833196027, 0.0, 0.0,0.0,NaN, 182.69974778150896,182.69974778150896,0.0, 209.61737647772495, -20.114517611690726, 27.912253156972398, -20.114517611690726, 159.0094935001968, 26.414030287507327, 27.912253156972398, 26.414030287507327, 208.21936090069195, 6.650974752041617, 4.8322779587427, 27.0, 0.0
37, 0 ,1.0,1.0,1.0,282.31056236282825,255.1978361328319,245.70408399598548,11.17711711093843,13.754763363512772,15.746672895885295,45.0,73.0,89.0,0.21020897486312104,0.3445681690429739,0.9149234742694977,16.194647531433287,-0.14339962311752255,-0.9148449355424917,0.37748548581635205,13.514527289597297,-0.967082589532429,0.2105505183907828,0.14289767048004792,10.824514439883496,93.59211732960944,77.25409585681564,54.9043033953952,22.492480693474214,7.494496757060077,90671.0,396978.66991887084, 0.0, 2.8421709430404007E-14,-2.8421709430404007E-14,76.75970091966052, 72.58234348527864,72.58234348527864,0.0, 124.92794691163267, 19.09874306377542, 24.361600718609697, 19.09874306377542, 189.19351518623318, 23.131918047446334, 24.361600718609697, 23.131918047446334, 247.95770729000856, 6.445679349107408, 4.929989582607805, 16.0, 0.0
38, 0 ,1.0,1.0,1.0,133.7006597861786,278.6277227143818,54.57067118868715,13.638635728717452,12.403222959014915,14.810004571140219,62.0,52.0,72.0,-0.06727320185400246,-0.053125181281028,0.996319241722335,14.823014707244287,0.98034376935543,-0.18915047955652642,0.05610873345142824,13.676855899418953,0.1854734757271187,0.9805099750626683,0.064805698856721,12.34546100411912,72.25236961277493,67.39348441362345,57.46176049791541,22.668724370627494,6.731827026703652,102609.0,279800.78826063854, 0.0, 0.0,0.0,NaN, 145.98150162817424,145.98150162817424,0.0, 186.0123845406482, -6.183926330319585, -2.6058516742144584, -6.183926330319585, 153.8399397710347, -3.930463519411741, -2.6058516742144584, -3.930463519411741, 219.3362353971942, 6.258928223156699, 4.654499575377447, 15.0, 0.0
39, 0 ,1.0,1.0,1.0,199.98541240882756,175.03212832580203,190.42649954062213,14.409338677919603,12.336044879322023,14.154999723732372,75.0,65.0,66.0,0.8976570859026891,0.2912431846778422,0.3307403264003356,14.662573918428615,0.3372075754691072,0.02926000319370442,-0.9409755061952202,14.102231961491198,-0.2837301661349015,0.9562014743723269,-0.0719439589767525,12.095744762907884,75.11093258031184,67.4386452687422,62.28484674283844,22.754168934617702,6.512976099556614,106666.0,315496.38822412473, 0.0, 0.0,0.0,NaN, 193.97484033949453,193.97484033949453,0.0, 207.62904113498985, 18.475165391736343, 3.7123228890666864, 18.475165391736343, 152.1780032646471, 5.168754674163152, 3.7123228890666864, 5.168754674163152, 200.36401717886352, 6.711836872121584, 4.827499652208229, 34.0, 0.0
40, 0 ,1.0,1.0,1.0,104.80670266207824,216.06883628021043,276.0870713183814,13.840669968522542,14.160918158362263,12.493981121646438,71.0,67.0,54.0,-0.5986300930328431,0.776837757056104,-0.19535892845613756,14.473613347938999,-0.7374581743866871,-0.6296972314777114,-0.24420654720862756,13.671316728974622,0.3127258427852482,0.002120349345327545,-0.9498410663752702,12.320914255195277,71.04699752526344,63.89645215470628,57.1960976337804,22.474559033191763,6.564259958061547,101124.0,259650.32628679197, 0.0, 0.0,0.0,NaN, 136.38443211887335,136.38443211887335,0.0, 191.5641451775618, -10.524113536160778, 13.06683856513207, -10.524113536160778, 200.53160308783404, -3.356187487117352, 13.06683856513207, -3.356187487117352, 156.0995642680576, 5.512491554912746, 4.409425650896072, 21.0, 0.0
41, 0 ,1.0,1.0,1.0,175.52396500064702,279.89297126190786,173.09226649677979,13.014688877635948,11.53386510959967,16.346805406034505,70.0,50.0,75.0,0.25525656164550375,-0.07457532025528031,0.9639930546148854,16.581064812709762,0.9150070331098858,-0.3035294610946916,-0.26576680681945675,12.88018602210384,-0.31241993709806576,-0.949899146149942,0.009240944067140051,11.348978616755758,78.25894380680981,71.9711836607776,56.41652132233395,22.824996972881056,6.974935922198211,100459.0,317759.7838361261, 0.0, 0.0,0.0,NaN, 178.8970338400248,178.8970338400248,0.0, 169.38212658166083, -13.085560560159625, 26.93625626782147, -13.085560560159625, 133.03004436644062, -7.512696230567884, 26.93625626782147, -7.512696230567884, 267.21804698275895, 6.557361445160693, 4.9321329807075385, 26.0, 0.0
42, 0 ,1.0,1.0,1.0,240.0433730775877,93.82794092235132,186.70397137600503,13.628134820364084,12.261234126626386,13.46621482937556,66.0,61.0,69.0,0.777357074861174,-0.37190121383069846,0.5073514219104267,14.300419118118787,0.4527022254801467,-0.2292671320205809,-0.861682817062276,13.1648910086105,-0.43677989103048376,-0.8995143519290342,0.009861919949404255,11.814673952268448,70.44980762142592,67.25216466996915,59.60435293936246,21.91323770177219,6.100235753353769,98379.0,282399.58676256356, 0.0, -1.4210854715202004E-14,0.0,68.16708206324034, 158.85361094923425,158.85361094923425,0.0, 185.72605868201998, -22.267667123224243, 12.445472653092432, -22.267667123224243, 150.3378623079475, -5.585428562176395, 12.445472653092432, -5.585428562176395, 181.3389418308942, 6.771604366957445, 4.748231675204263, 19.0, 0.0
43, 0 ,1.0,1.0,1.0,118.49982246640877,169.73860514660538,271.83241763375753,14.478182718093203,12.099874690662837,14.42236234504843,69.0,57.0,63.0,-0.8241466703948265,-0.004577767632293382,-0.5663579342788679,14.530500052487016,0.5631489623510403,0.09997741032744491,-0.8202851721365965,14.391005997769183,0.06037807449785955,-0.9949791763990462,-0.07981808474405074,12.074468624206741,72.14474252162671,75.78286464425454,58.00588615064075,22.815380804254062,6.594518687300191,107022.0,317137.62648296787, 0.0, 0.0,0.0,NaN, 178.3357833136172,178.3357833136172,0.0, 209.61777481849268, 3.698310006333327, 2.1785550254626083, 3.698310006333327, 146.40696752974307, -4.85847878656379, 2.1785550254626083, -4.85847878656379, 208.00453561187086, 6.11097345651516, 4.553616148925565, 18.0, 0.0
44, 0 ,1.0,1.0,1.0,92.06803534303535,268.2849532224532,40.68099445599446,12.241813722187604,15.388754619638558,15.02444078987499,63.0,65.0,74.0,0.2871172351553531,0.6627854619335211,-0.6915772731418486,16.494522660570237,0.3053574233490419,-0.747638745549381,-0.589739900429827,14.471997021029798,0.9079209972692446,0.04185376450114642,0.4170464304063791,11.441224472227045,83.80454786586702,68.96486201981969,57.66918201040269,23.71193088120806,7.081943722277365,115440.0,333303.02122791635, 1.4210854715202004E-14, 0.0,0.0,73.31455244094666, 105.53345741496882,105.53345741496882,0.0, 149.86200320874073, 8.934017475665751, -42.17385248143981, 8.934017475665751, 236.81376874344704, -30.078675611832168, -42.17385248143981, -30.078675611832168, 225.73382104845942, 6.71489641292386, 4.620190084776923, 15.0, 0.0
45, 0 ,1.0,1.0,1.0,51.567798279598136,187.1456513887977,47.195227854750804,15.78965905272742,11.594751513404768,15.586685213294386,74.0,59.0,80.0,-0.9641640970632854,-0.1966358905899508,0.17810648631096085,15.98473451651675,-0.1554646463872082,-0.12524517792034595,-0.9798695776129601,15.604679289850829,0.21498450562270735,-0.9724443284525842,0.09018697468350043,11.299495488502462,75.99171152939059,80.87263324717925,58.71969883086652,24.01752438682295,7.060798391511613,121832.0,360870.70633556345, 0.0, 0.0,0.0,NaN, 132.7506359763521,132.7506359763521,0.0, 249.31333300137692, 26.491089529257675, -4.307424010770898, 26.491089529257675, 134.43826265760217, 9.737808471644867, -4.307424010770898, 9.737808471644867, 242.94475593832988, 6.559131382802186, 4.741325416844566, 27.0, 0.0
46, 0 ,1.0,1.0,1.0,279.89848039721795,235.021944603486,50.81494448146723,12.279148357523944,13.369167307389906,16.533902935146166,50.0,59.0,80.0,0.3287197634379748,-0.022330815768971675,0.9441634666689738,17.03921642715081,0.006711238945465693,0.9997504129651074,0.021308942909355137,13.367085529818759,-0.9444036617872144,-6.681640438819154E-4,0.3287875866873805,11.57014231265653,91.88598471543736,59.601223374658986,62.02096980264392,23.390432777027,7.467912670283136,106541.0,339658.9016843311, 0.0, 0.0,0.0,NaN, 84.90216343596948,84.90216343596948,NaN, 150.777484386083, -0.8478956192329177, 48.568226687489975, -0.8478956192329177, 178.7346344929831, -2.344302570819066, 48.568226687489975, -2.344302570819066, 273.36994626883506, 6.184973557472258, 4.518450317825829, 14.0, 0.0
47, 0 ,1.0,1.0,1.0,187.40650125555786,66.97208975510863,61.808717487962774,11.897911913759128,12.744556731497463,13.489702487373476,58.0,63.0,73.0,0.09954415039217826,0.35963828932588826,0.9277668149774749,13.61857980977162,-0.22309702843134702,-0.900592922542916,0.3730416917325903,12.664493879817863,-0.9697003032008406,0.2441161377630715,0.009414523665004676,11.836426239398259,69.49696313336108,63.77684235295321,57.34969888842184,21.19138859950417,6.07298580705604,86814.0,254190.8904063411, 0.0, 0.0,7.105427357601002E-15,21.910664253659604, 144.85466621130234,144.85466621130234,0.0, 141.56030790757137, 5.700393399016452, 2.501109957492988, 5.700393399016452, 162.42372628235728, 8.32034605562933, 2.501109957492988, 8.32034605562933, 181.97207319785016, 6.011036045101467, 4.541134948824798, 30.0, 0.0
48, 0 ,1.0,1.0,1.0,230.4102153183988,242.51700454446595,286.25034627227876,18.28198241143574,15.228627911549355,7.946909229689244,105.0,77.0,32.0,-0.961704420859449,-0.2740689201255602,0.0032914921541404006,18.528766238560472,-0.27203137474912004,0.9558856439864536,0.1108222304987013,14.994677956716819,-0.033519219136121846,0.10568283986443916,-0.9938347947756168,7.819194966012684,112.48985883551569,79.62939926193943,35.93459455244505,23.712990566313376,8.184707304923405,87359.0,321884.12646800507, 0.0, 0.0,0.0,NaN, 91.30216797100059,91.30216797100059,0.0, 334.2308808920458, 31.80668992484494, -5.828310866807024, 31.80668992484494, 231.91110806842005, 17.086803999731426, -5.828310866807024, 17.086803999731426, 63.1533663049201, 6.808270192786703, 5.179141262530277, 18.0, 0.0
49, 0 ,1.0,1.0,1.0,80.64938336591969,279.8293227051687,120.78856469644558,11.83245218016685,11.933921418822589,13.468019177406843,59.0,49.0,64.0,-0.30693085004101106,0.2992594125481165,0.9034584978262472,13.77905055328648,0.5593551273482841,-0.7113036166388063,0.42563952643726505,11.99755365230062,-0.7700099316257467,-0.6359960447659329,-0.050928736876169854,11.402167241349776,67.33538212184453,65.41320420635773,56.59551388142799,20.686495917843107,5.99014459178513,79788.0,249281.90785789664, 0.0, 0.0,0.0,NaN, 146.6323859904855,146.6323859904855,0.0, 140.00692459593523, -11.040691549141549, -13.280191289628824, -11.040691549141549, 142.41848043063257, 11.964313857173918, -13.280191289628824, 11.964313857173918, 181.3875405629985, 6.757867088788938, 4.807651741636949, 19.0, 0.0
