// Sample: .//bubblelabels.tif, Map: .//bubblelabels.tif, Thickness:(8.191250068658265):/gpfs/home/mader/Foam/NewValid/InSilicoTest/LatticeDataPhi_16.0/out_Step_02000.vtk/distmap.tif, Neighbors:(1.0):
//LACUNA_NUMBER, TRIANGLES, SCALE_X, SCALE_Y, SCALE_Z, POS_X, POS_Y, POS_Z , STD_X, STD_Y, STD_Z,PROJ_X, PROJ_Y, PROJ_Z, PCA1_X, PCA1_Y, PCA1_Z, PCA1_S, PCA2_X, PCA2_Y, PCA2_Z, PCA2_S, PCA3_X, PCA3_Y, PCA3_Z, PCA3_S,PROJ_PCA1, PROJ_PCA2, PROJ_PCA3,OBJ_RADIUS, OBJ_RADIUS_STD, VOLUME, VOLUME_BOX, Mask_Grad_X,Mask_Grad_Y,Mask_Grad_Z,Mask_Angle, Mask_Distance_Mean,Mask_Distance_COV, Mask_Distance_STD, SHAPET_XX, SHAPET_XY, SHAPET_XZ, SHAPET_YX, SHAPET_YY, SHAPET_YZ, SHAPET_ZX, SHAPET_ZY, SHAPET_ZZ, Thickness, Thickness_STD, Neighbors, Neighbors_STD
1, 0 ,1.0,1.0,1.0,169.0665417499882,62.89700672345652,166.32475712103798,12.431719568439977,11.121018071840657,11.336439921205642,59.0,56.0,59.0,-0.8939416088578217,-0.027813879467986358,0.44731955922095484,12.808002640691418,0.27996354488092184,0.7447348013017823,0.6057973995220698,11.925603302615944,-0.34998401890714526,0.6667806714647138,-0.6579625541553775,10.023702843476677,67.89648968677206,59.43290020888861,54.75472613027755,19.354298000446022,5.670159907786413,63509.0,220950.94124482115, 0.0, -7.105427357601002E-15,0.0,88.40617654940837, 77.76203621969296,77.76203621969296,0.0, 154.54765142833347, 10.28446754927141, -18.3402734036699, 10.28446754927141, 123.6770429542065, 18.042863788259258, -18.3402734036699, 18.042863788259258, 128.51487008710498, 6.220444840736857, 4.315843977670207, 31.0, 0.0
2, 0 ,1.0,1.0,1.0,38.81951403168351,9.545860001737669,25.823278982883952,11.327222996465329,6.191228069608768,12.633886811213767,56.0,25.0,58.0,0.46735230840301045,0.08177954164792012,0.8802805952639385,13.163741459359867,-0.8840533234251493,0.04955614547058512,0.46475144947277713,10.758239677171831,0.0056161527157428896,0.9954176485345009,-0.09545765456326248,6.1015220740223235,67.4136053194138,50.18847389975946,27.041637257702995,17.101659636464056,5.8125398457705995,34529.0,91492.2961322621, 0.0, 0.0,0.0,NaN, 47.59117407940998,47.59117407940998,0.0, 128.305980811653, 1.760427453179323, 23.71591052800059, 1.760427453179323, 38.33130500991152, 11.602706065353711, 23.71591052800059, 11.602706065353711, 159.61509595856114, 6.116357169003818, 4.31740750736318, 13.0, 0.0
3, 0 ,1.0,1.0,1.0,171.7308768534742,41.79748424383483,13.354690237715422,10.849130797060704,10.484459562060623,8.388099722778788,56.0,52.0,31.0,-0.9049961672277361,0.4170643511661292,0.08390032353622391,10.987129545317515,-0.40270340844203956,-0.9034299818257463,0.14711979053647262,10.397923034208734,0.13715648775129577,0.09935590030142785,0.9855539066651918,8.315884153148081,59.85520109040806,57.42844669456876,35.90230899488567,16.48783364981181,5.112640204007124,38239.0,123410.2819039127, 0.0, 0.0,0.0,NaN, 52.19694209369351,52.19694209369351,0.0, 117.70363905173105, -5.286803777470468, -6.223538344717917, -5.286803777470468, 109.92389230848443, -3.3743633149175354, -6.223538344717917, -3.3743633149175354, 70.36021695928159, 6.388537471849907, 4.329282095063532, 19.0, 0.0
4, 0 ,1.0,1.0,1.0,9.567885270953333,30.91990909447122,134.60981152776145,6.2500644995474035,9.864340381740995,10.043755421607125,24.0,42.0,53.0,0.06850555499570193,-0.640658519051311,0.764763787650613,10.46414336455283,0.005978080123497372,-0.766287281878268,-0.6424702827288225,9.434927356613768,-0.9976328239852414,-0.04858460248470819,0.048665027572528725,6.2232941281862475,55.79156259953826,44.64408625564488,26.714520744469677,14.709686196732534,4.568443102203425,25521.0,66539.548729821, 0.0, 0.0,0.0,NaN, 72.96205832762237,72.96205832762237,9.5367431640625E-7, 39.06330624850274, -3.336320775289641, 3.5144783326728013, -3.336320775289641, 97.30521116684606, -9.91554191596155, 3.5144783326728013, -9.91554191596155, 100.87702296906251, 6.377680268250898, 4.120871448248766, 13.0, 0.0
5, 0 ,1.0,1.0,1.0,59.910152561745264,73.68901257267802,141.32090145604533,9.406427081436778,10.003102536851147,9.9056506182193,45.0,50.0,51.0,-0.5533179393718833,0.8282021651914796,0.0889968063550462,10.35860299428712,-0.3092319523895525,-0.3034454457731264,0.9012749087048271,10.139269145909218,0.7734435063988827,0.4711709191065315,0.4240083812823848,8.749823436214738,50.09071098970126,48.230304635291766,47.282800789447734,16.311974013795048,4.536997767759311,40246.0,114230.05744032864, 0.0, 0.0,0.0,NaN, 111.6357181185262,111.6357181185262,NaN, 88.48087043838721, -11.624721227878403, -8.82847041531931, -11.624721227878403, 100.06206036275783, -4.911931555338061, -8.82847041531931, -4.911931555338061, 98.1219141702284, 6.063330032722629, 3.9087776518505337, 19.0, 0.0
6, 0 ,1.0,1.0,1.0,30.35617290091524,107.82324413052129,176.79225527258257,9.990746623902297,9.370134094746746,9.928517027501806,50.0,47.0,45.0,-0.7761402082818634,0.5292470992865501,0.34278839680619044,10.28710057754105,0.4578890374200048,0.09929339506613348,0.8834469147078516,9.992194576680369,0.4335250932746193,0.8426377214396541,-0.3194020411772904,8.973376770829239,56.04161998138997,49.53473666300388,48.705247348201894,16.29904143489907,4.531128968081429,40208.0,135206.10211773618, 0.0, 0.0,0.0,NaN, 99.78301945293452,99.78301945293452,0.0, 99.81501810301515, -9.515188002218355, 1.0844387246653764, -9.515188002218355, 87.79941295353541, 6.285429721006806, 1.0844387246653764, 6.285429721006806, 98.57545036539332, 6.08303321494324, 3.9993065306514834, 19.0, 0.0
7, 0 ,1.0,1.0,1.0,136.6489765258216,16.802328638497652,180.36892018779344,13.026603814260918,9.812757157300698,9.756757680204503,65.0,41.0,39.0,-0.9816596934433934,-0.18983958290479688,0.0174693740917247,13.136212994101424,-0.09840846982099259,0.4261145252236517,-0.8993009420994253,9.782829315949588,-0.16327896170699638,0.8845266215077727,0.4369812770679431,9.63914358958828,63.708017767798296,47.44381856491566,51.07481143162356,18.207883660959467,5.445172447322778,53250.0,154376.25485645133, 0.0, 0.0,0.0,NaN, 68.41819726867409,68.41819726867409,0.0, 169.69240693371708, 14.725823979545515, -1.1188947201833828, 14.725823979545515, 96.29020302815607, -1.333535138089943, -1.1188947201833828, -1.333535138089943, 95.19432043022957, 6.164285237870306, 3.9754483313153406, 16.0, 0.0
8, 0 ,1.0,1.0,1.0,185.14950320844545,155.18081142620576,91.08416994411095,8.392938961202935,10.749435546398578,10.255453279187606,32.0,54.0,52.0,0.1969442366705133,0.8192938083284106,0.5384892044201057,11.334338745686107,-0.20353384802196187,-0.5031139428377536,0.8399109079132278,9.790234245582132,-0.9590552332121658,0.2750163925241175,-0.06766863003917546,8.176196520933486,54.543814535702865,48.36160618406378,38.33558344052767,16.365569689085238,4.830552730894192,38648.0,101122.6170625069, 0.0, 0.0,0.0,NaN, 102.594458591958,102.594458591958,0.0, 70.4414244064782, 12.911697153265003, 1.5773304197610882, 12.911697153265003, 115.5503645661773, 14.930341037842705, 1.5773304197610882, 14.930341037842705, 105.1743219615998, 6.160436972803771, 4.068413062455111, 17.0, 0.0
9, 0 ,1.0,1.0,1.0,79.32622647666703,146.67872294136842,44.86962906559339,9.635577515208949,8.895840870517826,10.387995389603605,45.0,40.0,48.0,-0.587879833750996,-0.1041041138385067,0.8022216866619853,11.224852061136165,0.1321315149435227,-0.9907239556090763,-0.03173809290165135,8.8684161793601,0.798084308721598,0.08734058200059978,0.596182068589928,8.674369010762257,54.0424959177093,40.82850014552858,42.74517310018129,16.079174512795074,4.620707093798676,36772.0,94316.1153126457, 0.0, 0.0,0.0,NaN, 105.58926274330531,105.58926274330531,0.0, 92.84435405160025, 2.660476438467948, -23.94971908709869, 2.660476438467948, 79.13598479357536, -4.131545801672162, -23.94971908709869, -4.131545801672162, 107.91044821442573, 5.988848643039258, 3.942445749597325, 15.0, 0.0
10, 0 ,1.0,1.0,1.0,40.2939139268563,173.05097894347986,190.33067048393056,9.895557837615984,10.262143372242718,4.997446099997253,48.0,49.0,20.0,-0.4239875048574667,0.9056149310371567,0.009807772800488411,10.363529909050591,0.905651603982074,0.4238897105282925,0.010615343279277968,9.79013881012993,-0.005455999398472773,-0.013383198078440637,0.9998955555855613,4.995853173888086,48.94212316172863,45.10172192728943,20.430185452009283,14.389798342424669,4.598023781668883,21656.0,45097.06078200743, 0.0, 0.0,0.0,NaN, 49.43020502425619,49.43020502425619,0.0, 97.92206491760312, -4.442301485742905, 0.3386720710095761, -4.442301485742905, 105.31158659246515, 1.0512532224668174, 0.3386720710095761, 1.0512532224668174, 24.974467522377758, 6.152983681248218, 4.035457264453341, 11.0, 0.0
11, 0 ,1.0,1.0,1.0,153.69463253509497,10.724236168455821,87.30999174236169,8.893190183293637,6.882993958799906,9.635252552076143,46.0,26.0,45.0,-0.30437568719847224,-0.015237215213038743,0.9524301907830354,9.713507430921226,0.9367769281899487,0.17642759430502075,0.30219578219880233,8.865042549556913,0.17263958947315833,-0.9841956773123391,0.03942639859592441,6.808914979596948,43.6016040666999,42.963021269856256,29.287996199576533,14.167484659761058,4.311021645832548,24220.0,54863.933438598615, 0.0, 0.0,0.0,NaN, 99.40941079952124,99.40941079952124,NaN, 79.08883163623031, 5.548945115685367, -4.789071060012098, 5.548945115685367, 47.375605836876005, 1.021776831017194, -4.789071060012098, 1.021776831017194, 92.83809174228982, 6.405643921754608, 4.059700609293313, 16.0, 0.0
12, 0 ,1.0,1.0,1.0,100.00196784993227,91.79087122083365,13.909683355056352,10.736326051822882,10.177363071451692,8.189503995675295,52.0,46.0,33.0,0.8461707406761891,0.5220877650248815,-0.10686179501970573,11.075756730898084,0.5299050863386295,-0.8455778885784051,0.06479686581722827,9.84619309665701,0.05653032014732725,0.11145582065827775,0.9921602304796494,8.142204014619784,48.59309367231906,47.25682177220726,34.81846607455215,16.268933403623535,4.608383424025963,39129.0,79955.56447845943, 0.0, 0.0,0.0,NaN, 136.45017319301422,136.45017319301422,0.0, 115.2686970910507, 11.171486695698658, -4.045312827272335, 11.171486695698658, 103.57871908814862, -4.824786248193739, -4.045312827272335, -4.824786248193739, 67.06797569518162, 6.255661507251057, 3.919001535639778, 14.0, 0.0
13, 0 ,1.0,1.0,1.0,154.52028110915896,9.89084103582614,40.20617217935987,10.188058172333768,6.260928185436677,9.563926177410817,46.0,24.0,46.0,-0.9712724187504443,0.010046657906667542,0.23775818227679849,10.226434547770422,-0.2379631270592052,-0.033218491711937984,-0.9707059709142558,9.526216919506446,-0.001854382610328043,-0.9993976168038875,0.03465493892426034,6.255850272800083,51.426180287430824,44.89039226578798,24.94533312818259,14.652462970895412,4.446320262819391,26182.0,57587.334408729665, 0.0, 0.0,0.0,NaN, 61.5042262621215,61.5042262621215,9.5367431640625E-7, 103.7965293228569, -0.2306178515783214, -3.1906835775433535, -0.2306178515783214, 39.19922174319541, 1.8206111102517386, -3.1906835775433535, 1.8206111102517386, 91.46868392696389, 5.852534888651854, 3.873887553870995, 14.0, 0.0
14, 0 ,1.0,1.0,1.0,188.78772826880936,58.48933528122717,93.73444119795471,6.966496774433296,9.76044679397668,10.120288444568109,28.0,46.0,54.0,0.18803593299596302,-0.6160127697490944,0.7649645451969564,10.777750472234445,0.057869336697605696,-0.7705557268388807,-0.6347401135157464,9.172683719024858,-0.980455826527905,-0.16362194028263044,0.10924391463889646,6.776474398718288,49.36599653430968,45.1538045310152,30.18446118568383,14.971818671072691,4.6971568856077175,27380.0,67283.05226207987, -2.8421709430404007E-14, 0.0,0.0,79.16181436823403, 111.05342338580424,111.05342338580424,0.0, 48.53207730818952, -9.84017470217341, 8.699473054876337, -9.84017470217341, 95.26632161804964, -14.406429626377008, 8.699473054876337, -14.406429626377008, 102.42023820125881, 6.0155586513008314, 3.9062818592256754, 12.0, 0.0
15, 0 ,1.0,1.0,1.0,74.23986849786462,186.56625802685346,28.69278274495345,9.47692773189142,7.506660461738638,11.527177213184412,48.0,29.0,55.0,-0.3864760924461945,0.05273460966809406,0.9207905792907931,11.95093579014835,0.8790792225076165,0.3231010524380043,0.3504645923183378,9.125866754080228,0.2790267917654596,-0.9448940527152278,0.17122873187776366,7.275411655295197,58.267534490581326,46.87632335041626,37.821204009463514,15.892540505958934,5.144422347934146,32547.0,103303.61832015129, 0.0, 0.0,0.0,NaN, 80.71740382117359,80.71740382117359,0.0, 89.81215923549264, 6.7882208370772465, -22.639369370137086, 6.7882208370772465, 56.34995128783014, 7.801671859480341, -22.639369370137086, 7.801671859480341, 132.87581450415797, 5.648820406652308, 3.787332214046989, 15.0, 0.0
16, 0 ,1.0,1.0,1.0,185.55807137669882,148.71195144724555,34.02751841477332,8.42756091771449,11.918511283468055,9.19798966486225,36.0,57.0,48.0,-0.19397823408965267,0.9788137956116976,0.0655438648515772,12.050882162108893,0.030034451815295862,-0.06085603721522165,0.9976945797380152,9.184035701104687,-0.9805459583332211,-0.19549960678907125,0.017593389147743544,8.252722912267016,58.55674278541481,47.21992341805729,40.47061122225054,16.48638369228074,5.086930396788093,38556.0,111903.05756217029, 0.0, 0.0,0.0,NaN, 63.2210822129609,63.2210822129609,0.0, 71.0237830217887, -14.671647974125735, -0.4938560465472351, -14.671647974125735, 142.05091121415532, 3.961448789150052, -0.4938560465472351, 3.961448789150052, 84.60301387491276, 5.916750449940388, 3.9100665784653184, 16.0, 0.0
17, 0 ,1.0,1.0,1.0,153.40385854680198,109.38831158369582,9.987433542774287,10.695978667540588,9.668330290272703,5.935492062573351,55.0,51.0,24.0,-0.9965304745028677,-0.08194702710221999,0.014549850040379366,10.703645743641909,0.0814119641962188,-0.9960939900251433,-0.03418852324251484,9.6642351067021,0.017294666021728217,-0.03288537341886792,0.9993094849656428,5.928335675395112,54.783922101337254,50.0127436847425,25.007986091034095,14.875420304256371,4.672526838325459,24828.0,68519.23739741404, 0.0, -1.4210854715202004E-14,0.0,85.29951028058781, 102.37884207565136,102.37884207565136,0.0, 114.40395965648332, 1.761978401412999, -1.3137182267358571, 1.761978401412999, 93.47661060180465, 1.8890830197403485, -1.3137182267358571, 1.8890830197403485, 35.23006602487125, 5.977405286036205, 3.8857776967084083, 17.0, 0.0
18, 0 ,1.0,1.0,1.0,11.536817102137768,47.48572936696452,14.979527202805112,6.977892057806731,9.976372472635235,9.554396979940632,27.0,51.0,38.0,0.030188855675821087,-0.7669365272798652,0.6410124773488302,10.887518232169782,-0.038719442118868665,-0.6417207228262053,-0.7659603897705256,8.507400326187904,-0.9987939916694473,0.0016961778540025303,0.049068168762442806,6.970765622770816,54.337835788048594,41.843586068732364,28.82185112092389,14.751382263832019,4.679979512750704,26523.0,65531.95204040862, 0.0, 0.0,-1.7763568394002505E-15,50.13264111916953, 51.11143587867937,51.11143587867937,NaN, 48.690977570402254, -1.0284965775681838, 2.058948523412166, -1.0284965775681838, 99.52800771275409, -22.696046787835012, 2.058948523412166, -22.696046787835012, 91.28650165029866, 6.885312172181376, 4.117016135668098, 10.0, 0.0
19, 0 ,1.0,1.0,1.0,63.41813610573166,11.937485135732002,106.1550640437604,9.489384332429193,7.143464290722986,10.435920940866717,45.0,27.0,51.0,-0.5028076337797677,-0.09170840517423409,0.8595196634360321,10.896249308493616,-0.8525111854015771,-0.11172715968572657,-0.5106287502224671,9.010812017972134,-0.14286063900875404,0.9894981607910946,0.02200517241585998,7.075518408521665,57.006552065980586,48.71520968704644,31.068285028869756,15.1167499693885,4.633552991862551,29433.0,86279.3036673912, 0.0, 0.0,1.4210854715202004E-14,30.737306563524342, 113.8913321685265,113.8913321685265,0.0, 90.04841500855262, 6.131531628938529, -16.123105805951045, 6.131531628938529, 51.029082072834456, -3.6364516753128227, -16.123105805951045, -3.6364516753128227, 108.90844588402047, 5.691478557633328, 3.803306771573607, 18.0, 0.0
20, 0 ,1.0,1.0,1.0,191.64546402502606,134.56659897919982,118.57532517424949,4.876813543116205,9.65391588318598,9.692149234048108,19.0,45.0,46.0,0.025228993149133565,0.7005371484058363,0.7131698266248373,10.73547633812634,0.0136391121805705,-0.713571710869047,0.7004494186351699,8.482489699060755,-0.9995886516580742,0.007944630314927125,0.027557400558694864,4.869915326560529,49.04412958737811,44.775440253049226,19.92591010197222,13.8094697813739,4.496410050955242,18221.0,43756.75050388919, 0.0, 0.0,0.0,NaN, 104.79172634795744,104.79172634795744,0.0, 23.78331033432163, 1.1483030242923378, 2.10776579911376, 1.1483030242923378, 93.19809187963055, 21.62111535596545, 2.10776579911376, 21.62111535596545, 93.93775677505931, 6.1666997229629, 3.8467328261013845, 9.0, 0.0
21, 0 ,1.0,1.0,1.0,11.585663391989636,153.32127820360574,188.06768865378388,7.2767338602522305,9.954375441011155,6.086892482214832,29.0,56.0,23.0,0.08605520657863243,0.9959956768645193,0.024230416585292958,9.973433895930734,0.9944318631569578,-0.08735409903571008,0.05894515179250711,7.256881201876143,-0.060825742567528145,-0.019022961095669144,0.9979671116786673,6.079391230127186,56.58784913702881,31.059294483912133,24.189020045748634,13.086944284603701,4.221681593307299,18526.0,42514.10569411183, 0.0, 0.0,0.0,NaN, 49.55311008242267,49.55311008242267,0.0, 52.95085567294133, 3.9936916490811796, 1.0508246845754696, 3.9936916490811796, 99.08959042060604, 1.4277295224375663, 1.0508246845754696, 1.4277295224375663, 37.050260090043444, 6.194426317878319, 4.074164001605562, 8.0, 0.0
22, 0 ,1.0,1.0,1.0,9.012687634024303,20.059328091493924,54.16355432451751,5.55978455381539,10.610941719772718,10.053409523609838,22.0,42.0,45.0,0.06415762584415895,0.9060042123291082,-0.41837801840913325,10.768340910397102,0.021406886778579385,-0.4203947447319734,-0.9070887518871503,9.903966986672485,-0.9977101504166879,0.04924048988029025,-0.04636625833360988,5.5252695390393365,49.85146332228905,52.03497481575118,23.226355495057287,14.84562608798607,4.917490983253361,22384.0,60249.62228504587, 0.0, 0.0,0.0,NaN, 58.45764106543858,58.45764106543858,9.5367431640625E-7, 30.911204284844192, 4.357717602841977, -3.604961107405363, 4.357717602841977, 112.5920841804132, -6.618888498166459, -3.604961107405363, -6.618888498166459, 101.07104304940898, 5.317209485859701, 3.7327086286798767, 10.0, 0.0
23, 0 ,1.0,1.0,1.0,98.77016581473632,21.571593317541453,101.19074928313178,9.566591526878758,8.63613338494657,9.832632909908535,48.0,41.0,47.0,0.6495821295953597,-0.2559100268461729,0.7159281493767006,10.910923755521482,0.46945421835467366,-0.605692788735278,-0.6424554323399273,8.586774974091977,-0.5980433042676416,-0.7534230576732254,0.27330916996502075,8.366730638144046,53.839932231711344,47.0332370120491,42.98140253894928,15.505075240813646,4.7303049587156325,32084.0,108840.35689100894, 0.0, 0.0,0.0,NaN, 141.36529744090956,141.36529744090956,0.0, 91.51967344214846, -9.21390945257602, 21.683941690993066, -9.21390945257602, 74.5827998425887, -7.534227375120116, 21.683941690993066, -7.534227375120116, 96.68066994101639, 5.498274902211335, 3.5430124137039445, 20.0, 0.0
24, 0 ,1.0,1.0,1.0,123.25730211817168,10.762095875139353,145.44552954292084,8.817428183270911,6.5024745533875175,9.22291198229044,42.0,26.0,45.0,-0.6182730566057048,-0.04698950730077179,0.7845574635927373,9.829224127489189,-0.7768183119018895,-0.11529787052092708,-0.6190797293945567,8.163720908517847,-0.11954805631768775,0.9922189210335439,-0.0347832570886153,6.467714781673807,42.0592249129935,43.68507246981207,27.549704623466866,13.736028541973413,4.051276392911214,22425.0,50618.73323088209, 0.0, 0.0,0.0,NaN, 94.77053673299308,94.77053673299308,0.0, 77.74703976714015, 3.814122934245083, -14.639451748614896, 3.814122934245083, 42.28217531745219, -0.24834336180675562, -14.639451748614896, -0.24834336180675562, 85.0621054330766, 5.8847197067976795, 3.78388667726439, 10.0, 0.0
25, 0 ,1.0,1.0,1.0,139.75792955277888,36.63764346695313,37.67498727879234,8.89545288985806,8.958056264325004,10.144704610099273,39.0,43.0,44.0,0.4056413369480378,0.2702327601550903,0.8731720111741844,10.467784148067741,-0.47579151347810283,-0.7532399799707999,0.45414972010979465,9.132328983918994,-0.7804342005968373,0.5996697323631984,0.17697081857251298,8.325680040429177,49.04963921377224,45.5281495643579,43.5381487606546,15.597350050293079,4.360453782038981,35374.0,97226.75149085841, 0.0, 0.0,0.0,NaN, 79.94265843113232,79.94265843113232,0.0, 79.1290821156841, 9.459889778015684, 11.216060272185764, 9.459889778015684, 80.24677203481245, 4.681771553671241, 11.216060272185764, 4.681771553671241, 102.91503162616947, 5.466261280440129, 3.5697348777854, 16.0, 0.0
26, 0 ,1.0,1.0,1.0,70.76519008566812,63.544404134020304,45.81698728697296,9.186972307028576,9.320699982759587,8.673683111378308,42.0,39.0,43.0,-0.6492451920686005,-0.7602385328653226,0.022760793540370326,9.660865032769673,0.6874305508044829,-0.5993465192788048,-0.41014995751435457,8.86823066353456,0.32545340433993186,-0.2506414231031317,0.9117340394152157,8.63312566642508,50.183212079714124,44.45073724062621,40.93052564086642,15.141344968557288,4.153114445628466,32801.0,91302.93661867722, 0.0, 0.0,-7.105427357601002E-15,88.69578996675773, 105.56893363420453,105.56893363420453,0.0, 84.40046017010997, 7.584768776568513, -1.4379611571517528, 7.584768776568513, 86.87544816861457, 0.6861393864981239, -1.4379611571517528, 0.6861393864981239, 75.23277871660929, 5.721100088786884, 3.638464647641623, 20.0, 0.0
27, 0 ,1.0,1.0,1.0,68.20115336532645,190.51643343952898,72.89942331733677,10.653208511782033,5.6149610659062414,10.014119083977656,50.0,23.0,46.0,-0.9128442847797099,-1.648857119993935E-4,0.40830783063483095,10.807183097595367,-0.40732201587798417,-0.06908090360408643,-0.9106682184738514,9.863750756219963,0.028356430066476687,-0.9976110472373214,0.06299294646180728,5.5868090095735985,48.11710341650912,49.529246624770224,24.501229572190283,14.91149885597752,4.7904511544753,24797.0,58391.425429870484, 0.0, 0.0,0.0,NaN, 100.27792017721512,100.27792017721512,0.0, 113.49085159550518, 1.8722841474222476, -7.386713050242985, 1.8722841474222476, 31.527787771642956, 4.151388675976321, -7.386713050242985, 4.151388675976321, 100.2825810280855, 5.300257642067128, 3.640974601182177, 15.0, 0.0
28, 0 ,1.0,1.0,1.0,92.17650571829556,126.70605273373346,77.17101137687001,8.970753297477978,8.183228207603767,10.29140296278239,43.0,39.0,48.0,-0.10471958403359144,-0.10397839122508482,0.9890512134758618,10.32487776665167,0.988162395417793,0.1012340492327309,0.11526815500438319,8.964502471897372,-0.11211105655554693,0.9894140495435616,0.09214634861898054,8.147834565045368,46.84391716421429,42.665382889887255,39.01562745048453,15.339683478972365,4.248143633310713,33489.0,77977.16604909983, 0.0, -1.4210854715202004E-14,0.0,84.03168949038239, 140.79728658335088,140.79728658335088,0.0, 80.47441472421201, 1.8359020063573437, -2.5734673549129314, 1.8359020063573437, 66.96522389772197, -3.9727242977124613, -2.5734673549129314, -3.9727242977124613, 105.91297494236615, 5.757897993489468, 3.625037524772625, 19.0, 0.0
29, 0 ,1.0,1.0,1.0,125.85777056915364,74.70238867590682,165.6664405780006,9.017890778767764,8.986907654281964,9.393758805376846,43.0,42.0,44.0,-0.48869509187626453,-0.3302878503472666,0.8075190667030908,9.755641511547985,0.5314191250517651,-0.8467480256803762,-0.024728415549758423,8.939294745081678,0.6919326706445255,0.4170464205809306,0.5893228846526897,8.674447298628785,47.93766671547614,42.32317019694377,44.756422369096754,15.27095823597127,4.138526589641063,33910.0,90805.14289699875, 0.0, 0.0,0.0,NaN, 110.70822174277065,110.70822174277065,0.0, 81.32235409778467, 1.117210869475043, -7.924911739672795, 1.117210869475043, 80.76450918659175, -5.216994446677103, -7.924911739672795, -5.216994446677103, 88.24270449359504, 5.619240622056758, 3.635283937768425, 17.0, 0.0
30, 0 ,1.0,1.0,1.0,45.40600492300647,53.5816589386914,170.94673421489495,9.342893064506,10.228475760575478,8.71283537479608,44.0,45.0,41.0,-0.3197541743457689,0.9127535122963136,0.25424062181169615,10.500707513105532,-0.918823237323934,-0.23318900489152952,-0.31841285550565335,9.245044402348467,-0.23134633461981063,-0.33541603090556116,0.9132222947724927,8.49053374002993,52.44246775203859,46.07981300827427,40.579329394545155,15.709645888955185,4.586054242091405,34938.0,98061.53644641791, 0.0, 7.105427357601002E-15,0.0,24.111316178479928, 76.00520844304218,76.00520844304218,0.0, 87.28965081479433, -8.274681780449294, 0.8115397321459495, -8.274681780449294, 104.62171638468008, 9.852609401937704, 0.8115397321459495, 9.852609401937704, 75.91350026829795, 5.4796026916512846, 3.5657632731830744, 21.0, 0.0
31, 0 ,1.0,1.0,1.0,188.28858533521745,183.84089600669913,185.88470194169676,6.709232694005732,9.87344508120226,7.79011387606092,27.0,47.0,29.0,0.16874816544145096,-0.8937615005339837,0.41558926456705614,10.481269757735028,0.2069712877205885,-0.3801050579171665,-0.90148934048333,7.110398045732247,-0.9636840471437857,-0.23813971762188138,-0.1208409374820657,6.539863852762191,57.771338837253765,37.60414230945011,31.01890722905324,13.473736130830039,4.652207002336995,19107.0,67386.76591017559, 0.0, 0.0,0.0,NaN, 24.444130473214532,24.444130473214532,0.0, 45.01380334231541, -10.730815961738587, 3.2517272985546994, -10.730815961738587, 97.48491777151709, -22.25009190858007, 3.2517272985546994, -22.25009190858007, 60.68587420199689, 6.127012218474194, 3.8333731574315877, 7.0, 0.0
32, 0 ,1.0,1.0,1.0,89.52505646527386,75.88008187464709,100.36624788255223,10.494258146634046,8.944734559188946,7.3938351809307425,48.0,43.0,37.0,-0.9733029043197853,-0.21650605299177533,0.07620095445985857,10.593522231930978,0.19702245277131492,-0.9584006054241427,-0.2065198117048626,8.90918366892158,0.11774383018505051,-0.18599303358072145,0.9754706463614343,7.294536458221216,48.6880234800671,41.534089837606274,36.540627482593294,15.024450077990418,4.367199207648134,28336.0,73892.92246808008, 0.0, 0.0,0.0,NaN, 153.94611759123595,153.94611759123595,0.0, 110.12945404819504, 7.495134876799838, -5.4413126763344675, 7.495134876799838, 80.00827633434908, 4.204881080777531, -5.4413126763344675, 4.204881080777531, 54.66879868276915, 5.877373196191997, 3.679477987706068, 19.0, 0.0
33, 0 ,1.0,1.0,1.0,143.12007452258965,71.43452879987579,115.90874087874553,9.548735372163817,9.774376299484224,8.047955917848116,47.0,43.0,36.0,-0.6172887558916121,-0.7752088793128713,0.1341856373993402,10.403823601142054,0.7562068342204255,-0.5375878265409682,0.3730288898105334,9.071941158689071,-0.2170387424588225,0.33173863535837844,0.9180651731127009,7.806837502904786,51.04865213230211,43.01750742193974,40.93790722061658,15.251490569173267,4.344929127794269,32205.0,89899.06179116559, 0.0, 0.0,0.0,NaN, 124.13523950826374,124.13523950826374,0.0, 91.17834720761248, 13.950184043809356, 2.106191554786251, 13.950184043809356, 95.5384320439189, -9.201612167589024, 2.106191554786251, -9.201612167589024, 64.7695944556265, 5.533739121188623, 3.5655512879663696, 20.0, 0.0
34, 0 ,1.0,1.0,1.0,146.49077010192525,105.02805775764439,83.60178369195923,9.35242259276804,9.361476194745924,9.578690143188226,43.0,47.0,45.0,-0.49834098680777644,-0.7204397901886229,-0.4823098273728461,9.840602329019665,-0.5875950935616601,-0.1283892373894143,0.7989043808521945,9.635729618010423,-0.6374858954437462,0.6815296856597942,-0.3593452666652881,8.784737348857588,49.11293546073486,48.19474174687771,43.12950538703275,15.712901865606568,4.467780737630429,35320.0,102086.90270106262, 0.0, 0.0,0.0,NaN, 137.37600130316608,137.37600130316608,0.0, 87.46780835371807, 8.243110046120897, -2.631888972718687, 8.243110046120897, 87.63723654479463, 5.225527530047255, -2.631888972718687, 5.225527530047255, 91.75130485921127, 5.299978404667646, 3.411217026340705, 20.0, 0.0
35, 0 ,1.0,1.0,1.0,9.71074026529739,98.95997199206442,109.09102579064069,5.930167209245072,10.596955995721954,10.170505394337841,25.0,51.0,48.0,0.05620393027030415,-0.7617153796566718,0.6454694404978928,11.494809280555058,-0.17404343882031628,-0.6440677213333446,-0.7449064718070797,9.246527445230829,-0.9831327477130286,0.07047304967833525,0.168770701376943,5.768243171831995,51.93352077769272,45.084917721214154,25.39950440400218,15.06307817578583,4.899511746218828,25707.0,59470.86978773175, 0.0, 0.0,0.0,NaN, 134.72867595641324,134.72867595641324,0.0, 35.16688312960548, 1.6220232517598592, 10.357212735021783, 1.6220232517598592, 112.29547637526747, -23.54861844872719, 10.357212735021783, -23.54861844872719, 103.43917997625512, 5.220231416826465, 3.5065180856576412, 17.0, 0.0
36, 0 ,1.0,1.0,1.0,101.47004879399246,97.18375609924905,171.91102882652177,9.240070821560863,8.443060070439255,8.97788143676983,41.0,41.0,46.0,-0.8662198730394381,-0.29401671434751103,0.40400161291241515,9.498239042589834,0.26837034248508895,0.40825753711913054,0.8725268721706269,8.937120575257632,0.4214741876152978,-0.8642221676569727,0.27473542564494513,8.19620998671528,45.467788274448694,50.26385465632873,40.987283194085336,14.781349148709955,4.333387194460073,28897.0,93671.7755422017, 0.0, 0.0,0.0,NaN, 141.21552335278528,141.21552335278528,0.0, 85.37890878746045, 7.258401941512954, -5.08999219817438, 7.258401941512954, 71.28526335304574, 1.7852869478204683, -5.08999219817438, 1.7852869478204683, 80.60235509269629, 5.32859059932917, 3.52657803094194, 16.0, 0.0
37, 0 ,1.0,1.0,1.0,116.79277922876018,38.36103856199109,158.06888923029652,9.219013702468352,8.416208412735518,9.646248048267209,45.0,39.0,46.0,-0.6171678622943801,-0.13899180605679265,0.7744579443714527,10.146971640826044,0.588268332917062,0.5721495709737324,0.5714763660218632,9.013774453813731,0.5225363128414771,-0.8082859310192435,0.271347849592344,8.041375237958077,51.089769958387805,45.04335016481684,41.038862251361834,15.181255087151929,4.28979872259846,32545.0,94440.86224796521, 0.0, 0.0,0.0,NaN, 100.76323197679575,100.76323197679575,0.0, 84.99021364629922, 8.867133017731396, -12.729617791700147, 8.867133017731396, 70.83256404660011, 1.300155217207429, -12.729617791700147, 1.300155217207429, 93.05010140869895, 5.303873306829674, 3.4058614647919034, 14.0, 0.0
38, 0 ,1.0,1.0,1.0,181.84962676962678,160.52555984555985,8.343474903474904,9.436089323124255,9.366628128556679,5.400483011164326,39.0,48.0,21.0,-0.7309233784941747,0.6810861372439537,0.04327457018585384,9.886756967265594,-0.6817553335307686,-0.7315796025553226,-9.748473451996584E-4,8.896868195298458,-0.030994837844574814,0.03021520774552683,-0.9990627413970973,5.388552120211429,54.467271445850386,49.40812486788184,21.34523895258251,13.660907278496582,4.395262596801858,19425.0,57442.722159783974, 0.0, 0.0,0.0,NaN, 44.24116914564127,44.24116914564127,0.0, 89.03978171397958, -9.209412596711438, -2.1400622809240795, -9.209412596711438, 87.7337224986692, 2.060924824217459, -2.1400622809240795, 2.060924824217459, 29.165216753874507, 5.892611054878591, 3.6302645443322925, 11.0, 0.0
39, 0 ,1.0,1.0,1.0,52.486137931034484,83.41779310344828,71.21751724137931,8.229154285638078,8.569629651915442,9.585657211726696,39.0,42.0,46.0,0.36956117143448564,0.35075526381459066,0.8604622510455221,10.008780920031295,-0.1651111030058878,-0.8864941145185005,0.4322805901127626,8.398871235409997,-0.9144194137441254,0.3018259926355186,0.269700214937686,7.894657894701454,48.109262309811214,39.37159086148968,38.555979100967214,14.684213350537279,4.173276300997107,29000.0,73030.35255704714, 0.0, -1.4210854715202004E-14,0.0,69.4664826248334, 121.59464479651824,121.59464479651824,0.0, 67.71898025683555, 6.108825959571924, 11.449704894173612, 6.108825959571924, 73.43855237098838, 8.27532969322233, 11.449704894173612, 8.27532969322233, 91.88482418072802, 5.167978823955717, 3.3958784366705794, 16.0, 0.0
40, 0 ,1.0,1.0,1.0,155.23332148741642,178.468613704649,135.58485445675703,9.366360882949152,9.59504039195369,8.38462026579341,44.0,45.0,39.0,0.6278286325462832,0.7605561088307652,0.1654859917795766,9.871087233835446,-0.6927267603423422,0.6429329386582924,-0.3267520036569265,9.2211440132006,-0.35490962745559296,0.09050768867018061,0.9305092770257126,8.223594908812208,48.433407232724846,49.94022551712823,41.186368426057896,15.16597280645599,4.482035491633031,30953.0,99620.56981225031, 0.0, 0.0,0.0,NaN, 81.34474215464586,81.34474215464586,0.0, 87.72871618964002, 6.484207405583452, 7.0361897429425735, 6.484207405583452, 92.06480012322281, 0.09623254950215925, 7.0361897429425735, 0.09623254950215925, 70.30185700155357, 5.5071163313681835, 3.573337485789715, 17.0, 0.0
41, 0 ,1.0,1.0,1.0,133.5825667842742,137.25790700604838,18.477696572580644,9.162593091566347,8.270044372663778,9.582992170937583,47.0,39.0,38.0,0.45054458897207283,0.054332570073200644,0.8910990658603717,9.709386434648232,0.8434224039077307,0.30130151384081527,-0.44481012392226194,9.11422122093912,0.2926571747531416,-0.9519797107010599,-0.08992445984844932,8.175528829020786,46.161007685556726,47.476467191059555,40.84182752928375,15.047700916646889,4.212740457094488,31744.0,89507.37953471116, 0.0, 0.0,0.0,NaN, 93.21625898337385,93.21625898337385,0.0, 83.95311216161934, 4.79591499928008, 4.924960851917384, 4.79591499928008, 68.39363392582781, -0.8469601133983382, 4.924960851917384, -0.8469601133983382, 91.83373894825101, 5.386491859568313, 3.4064962419297, 14.0, 0.0
42, 0 ,1.0,1.0,1.0,15.975143162796552,152.88830155433894,57.47740859606066,9.24822930275037,8.321355945771195,9.62374941205095,35.0,41.0,50.0,0.1601594894984831,0.049224370831553454,-0.9858630225542611,9.640527598322237,0.9573409447270006,-0.2511029038322303,0.14298827656921856,9.296626087880568,0.24051455979378658,0.9667079667631069,0.08734101856482812,8.247680508273163,49.749377979384576,41.86656986986542,37.73532824038665,15.132587937202842,4.289061095537615,31782.0,78596.49292934236, 0.0, 0.0,0.0,NaN, 76.01558937760896,76.01558937760896,0.0, 85.52974523625062, -4.227494864139292, -1.4148841233752496, -4.227494864139292, 69.24496477622162, -1.8698697213511932, -1.4148841233752496, -1.8698697213511932, 92.616552745951, 5.608953356102402, 3.6606126080183468, 19.0, 0.0
43, 0 ,1.0,1.0,1.0,117.81717272987683,89.43311372099684,63.212188484674876,8.337736437169958,8.731035954790313,8.684742683568773,39.0,42.0,39.0,-0.4089035093020939,-0.7142847804111985,0.5679746231596604,9.3048960417848,-0.5166640915694072,-0.3318283510883765,-0.7892706518658402,8.405431880562203,-0.7522340969161074,0.6161876320463556,0.2333595199470409,7.996325266780997,50.472294034138024,41.472958458125376,40.481047843967,14.340115984307715,3.9414041629769363,27928.0,84736.36050440754, 0.0, 0.0,0.0,NaN, 136.92362725609382,136.92362725609382,0.0, 69.51784889571158, 7.762907428365753, -2.521754712018399, 7.762907428365753, 76.23098884384119, -7.427514749019946, -2.521754712018399, -7.427514749019946, 75.42475547980133, 5.2926136976824525, 3.386509542710634, 15.0, 0.0
44, 0 ,1.0,1.0,1.0,184.4949062331074,11.9152147698449,94.38558775832675,8.450568109714265,6.769467802486229,10.382063598928804,33.0,27.0,48.0,-0.2946369723904939,0.05829156005700653,0.9538297272190063,10.56155236718048,0.9080259400885016,-0.2939634937191534,0.2984532735401342,8.379364086169799,-0.2977884259452611,-0.9540375036582941,-0.03368226516275465,6.5776066608404085,49.30164029110121,44.46864559121548,32.54346255315635,14.326456756400843,4.447210033830732,24049.0,71347.54430729734, 0.0, 0.0,0.0,NaN, 96.38993439263491,96.38993439263491,0.0, 71.41210137691972, -8.36608117554556, -11.886160152173279, -8.36608117554556, 45.82569432889774, 1.4321266347552521, -11.886160152173279, 1.4321266347552521, 107.7872445722025, 5.779958701903539, 3.682663091846754, 10.0, 0.0
45, 0 ,1.0,1.0,1.0,186.34250372331624,24.145995366539797,177.18302167797452,8.089534478686387,8.79706622966979,8.42069405516567,33.0,44.0,43.0,-0.6052531012421367,0.715100806100569,0.34971348351342213,9.30984752741892,0.2189732842614928,0.5719379197326535,-0.7905300226756857,8.70325431257726,-0.76532305872521,-0.40189283781401375,-0.5027551717260471,7.1635978452570965,48.61130900666833,45.10342625245883,39.1424935995654,14.003565364762059,4.199665198154515,24172.0,85821.34947289682, 0.0, 0.0,0.0,NaN, 35.91894759783995,35.91894759783995,0.0, 65.44056808185584, -12.243202698973318, -11.712528399468399, -12.243202698973318, 77.38837424919666, -2.2035364678789495, -11.712528399468399, -2.2035364678789495, 70.90808837070247, 5.678587199063781, 3.6215856807173497, 12.0, 0.0
46, 0 ,1.0,1.0,1.0,182.91173722627738,94.83062773722628,78.20697810218978,9.496070922620838,8.441095980841196,10.521846209504673,38.0,43.0,49.0,0.16011675697637495,-0.3431678641376338,0.9255260348356398,10.863471987177906,0.9837341997146041,0.13281703536744593,-0.12094072692054607,9.46644961803127,-0.0814226531576806,0.9298362501749523,0.35885219716945693,8.031688489649161,48.59222466911321,41.45390009420973,37.97724991776073,15.807290840197691,4.718714684643953,34250.0,76498.98828040781, 0.0, 0.0,0.0,NaN, 124.10152338120825,124.10152338120825,0.0, 90.17536296744498, 0.3401748218871513, 4.942414446800583, 0.3401748218871513, 71.2521013577734, -17.39767357749501, 4.942414446800583, -17.39767357749501, 110.70924765646787, 5.380881503550675, 3.300794786589834, 13.0, 0.0
47, 0 ,1.0,1.0,1.0,29.490117512374155,152.37539984511264,128.9812114886023,9.5060537411103,8.966248085929614,8.31388161427603,50.0,44.0,40.0,-0.678047491146342,0.5800601953786553,-0.4514219417434502,9.682910636775908,-0.7321946384977457,-0.5868250958863349,0.34572723091065455,9.364912793962166,0.06436311913903993,-0.5649482069847375,-0.8226122490696475,7.643228370604027,47.52308768183056,51.7823608694962,36.12534571811395,14.877821536228668,4.304615697094999,29699.0,88899.33430760843, 0.0, 0.0,0.0,NaN, 90.45130122023214,90.45130122023214,0.0, 90.36505772887713, -1.3175635592262285, 3.4044070699993236, -1.3175635592262285, 80.39360473843648, -15.194704430668443, 3.4044070699993236, -15.194704430668443, 69.12062749619699, 5.3264754760838935, 3.4321805881107696, 21.0, 0.0
48, 0 ,1.0,1.0,1.0,178.30731427882296,82.50063314037627,18.36248794018331,10.061156076724775,8.9184410640282,9.25441187515809,49.0,44.0,42.0,-0.8777617166402754,0.4731274892752971,0.0753972658176062,10.497828287150249,0.0788230649933846,-0.012615603353096527,0.9968087935893655,9.24737642056988,-0.47256882379793735,-0.880903641406988,0.02621986518163677,8.407807226478472,55.06470314470873,43.48663415428382,43.386489397396616,15.614487592635944,4.753669002701176,33168.0,103892.35906044598, 0.0, 0.0,0.0,NaN, 87.25885654599243,87.25885654599243,0.0, 101.22686160021586, -16.424293101780236, -1.4503690175556896, -16.424293101780236, 79.53859101254443, 1.2231333741333248, -1.4503690175556896, 1.2231333741333248, 85.64413915506707, 4.623851094851374, 3.218285518161596, 19.0, 0.0
49, 0 ,1.0,1.0,1.0,16.962416189948947,134.53321646060158,12.369379344282462,9.855859859384198,10.365398720081156,7.971422311162093,41.0,49.0,31.0,-0.3040449052557045,0.9015319652216662,-0.3078909080690918,10.823268521872778,-0.9350671540689648,-0.2205946453109945,0.2774660697121058,9.83100099157962,-0.18222544544990527,-0.37226082004916483,-0.9100636070555216,7.370977944884378,55.849039011922684,49.85691223905342,37.71171855513156,15.645654325885696,4.830790677712574,32514.0,105006.79585729662, 0.0, 0.0,0.0,NaN, 68.75045349201889,68.75045349201889,0.0, 97.1379735678207, -8.488294564961132, -5.099207062843286, -8.488294564961132, 107.44149062626009, -20.025033206983267, -5.099207062843286, -20.025033206983267, 63.543573662892804, 5.69293081958392, 3.4978098139866916, 15.0, 0.0
