// Sample: .//bubblelabels.tif, Map: .//bubblelabels.tif, Thickness:(8.191250068658265):/gpfs/home/mader/Foam/NewValid/InSilicoTest/LatticeDataPhi_16.0/out_Step_02000.vtk/distmap.tif, Neighbors:(1.0):
//LACUNA_NUMBER, TRIANGLES, SCALE_X, SCALE_Y, SCALE_Z, POS_X, POS_Y, POS_Z , STD_X, STD_Y, STD_Z,PROJ_X, PROJ_Y, PROJ_Z, PCA1_X, PCA1_Y, PCA1_Z, PCA1_S, PCA2_X, PCA2_Y, PCA2_Z, PCA2_S, PCA3_X, PCA3_Y, PCA3_Z, PCA3_S,PROJ_PCA1, PROJ_PCA2, PROJ_PCA3,OBJ_RADIUS, OBJ_RADIUS_STD, VOLUME, VOLUME_BOX, Mask_Grad_X,Mask_Grad_Y,Mask_Grad_Z,Mask_Angle, Mask_Distance_Mean,Mask_Distance_COV, Mask_Distance_STD, SHAPET_XX, SHAPET_XY, SHAPET_XZ, SHAPET_YX, SHAPET_YY, SHAPET_YZ, SHAPET_ZX, SHAPET_ZY, SHAPET_ZZ, Thickness, Thickness_STD, Neighbors, Neighbors_STD
1, 0 ,1.0,1.0,1.0,168.11723989110948,63.57006506872054,167.3549565101919,12.106308023315789,11.128135078936582,10.692172298898075,59.0,57.0,59.0,-0.8630900931052271,-0.5011772250697514,-0.06242499703639728,12.54689671882754,0.3829714771699836,-0.5688702919586047,-0.7278182730607774,11.027455966663291,0.3292542161580485,-0.652079734387073,0.6829228954602657,10.280624027273795,67.88073424039163,56.53312188649443,55.47076063120528,18.850219122384967,5.421242643329147,60244.0,212869.58878694708, 0.0, 0.0,0.0,NaN, 78.25191645866501,78.25191645866501,0.0, 146.56269395540022, 18.91090615529558, -1.648331084115981, 18.91090615529558, 123.83539033505889, 8.20728584706314, -1.648331084115981, 8.20728584706314, 114.32254846932335, 6.290410601711235, 4.381649407760859, 31.0, 0.0
2, 0 ,1.0,1.0,1.0,39.01720768804503,9.609793799399188,26.02202000758305,11.17196409492917,6.179876381195433,12.52013442425904,52.0,25.0,58.0,0.4222421493250461,0.0728999764843694,0.9035469886851173,12.912050791069545,-0.9063341429224523,0.05201917041394429,0.41934762105259177,10.75851458187382,0.016431333067907037,0.9959817264076801,-0.08803642402771761,6.1066134794342934,63.01952134376616,49.86901777755076,26.618065343227453,16.969843083800384,5.637538961103824,34287.0,83653.16970890373, 0.0, 0.0,0.0,NaN, 47.87312563342886,47.87312563342886,0.0, 124.81278173838652, 0.2851582716001515, 19.561408352889597, 0.2851582716001515, 38.190872086857155, 10.236812951890082, 19.561408352889597, 10.236812951890082, 156.75376600151625, 6.127307180571779, 4.328296486248306, 14.0, 0.0
3, 0 ,1.0,1.0,1.0,172.29511817420223,42.19253128887309,13.025158031022315,11.170059672143699,10.71830326575467,8.496317140393149,56.0,52.0,31.0,0.9419351879120088,0.23904208077448802,-0.23583253675473442,11.320160798354689,0.2677403808259794,-0.9585125116046241,0.09782051713498037,10.736691968706324,0.20266521716448832,0.15528248039105721,0.9668578804743089,8.271461055616937,57.60735261002662,53.147327179653395,38.123760135005035,16.819418138824048,5.3802264262278205,39391.0,116722.63258674071, 0.0, 0.0,0.0,NaN, 52.12892589797971,52.12892589797971,0.0, 124.77023307925101, 1.4230363221763966, -12.040858625336543, 1.4230363221763966, 114.88202489668724, -7.760803191268847, -12.040858625336543, -7.760803191268847, 72.18740495013843, 6.2735957115028365, 4.3233506492117275, 17.0, 0.0
4, 0 ,1.0,1.0,1.0,9.569418864375564,30.91802186606058,134.6096633880638,6.249425772380642,9.864723362887036,10.041796849234638,24.0,42.0,53.0,0.06898095373626885,-0.6415155348941411,0.7640022555667745,10.463475364129108,0.005880111010745988,-0.7655517160902818,-0.6433474910852818,9.434225510199811,-0.9976006477123681,-0.04887114159409134,0.049036304950049285,6.222286219633567,56.41965306112087,44.63586888945022,26.732199699858995,14.708675216681295,4.567345710833333,25519.0,67320.77412298166, 0.0, 3.552713678800501E-15,0.0,50.09507782907892, 72.96159246983572,72.96159246983572,0.0, 39.055322484495385, -3.3579989707953386, 3.5393229087364872, -3.3579989707953386, 97.3127670262893, -9.91698672331093, 3.5393229087364872, -9.91698672331093, 100.83768396129871, 6.37801266797046, 4.120864944794633, 13.0, 0.0
5, 0 ,1.0,1.0,1.0,59.91385349131828,73.68552053059095,141.31477755421417,9.406325202724307,10.004391675345301,9.905970645831228,45.0,50.0,51.0,-0.55073108747837,0.83072369362018,0.08119984078147989,10.359259605406214,-0.3135510377564358,-0.2960598435540541,0.9022385027012598,10.139149042892386,0.7735509136487104,0.47143049741483084,0.4235236358226669,8.75091184751671,50.05717148267371,48.26459662344376,47.2826102679368,16.313031916234625,4.53652408228197,40257.0,114234.27526916422, 0.0, 0.0,0.0,NaN, 111.63861836100739,111.63861836100739,0.0, 88.47895381940648, -11.627434105867572, -8.79316271560182, -11.627434105867572, 100.08785279371835, -4.931562614294551, -8.79316271560182, -4.931562614294551, 98.12825443606998, 6.062273707222405, 3.908837451199679, 19.0, 0.0
6, 0 ,1.0,1.0,1.0,30.55179552904641,107.80304636088039,176.7668893106253,10.18629662292804,9.339829983000033,9.89299369541449,50.0,47.0,45.0,-0.8558400066740038,0.4624193699962365,0.23174600153729852,10.446717698608426,-0.34956785316356215,-0.1868677954441577,-0.9180864572906297,9.964565289988004,-0.3812350967721359,-0.866746071971557,0.3215758817309155,8.968718702595156,55.40344258559394,48.40378178803027,47.56153129332503,16.369211224957542,4.573107382499535,40573.0,127547.47759126256, 0.0, 0.0,0.0,NaN, 99.86725140248613,99.86725140248613,0.0, 103.76063889027519, -10.124999431330872, 0.35959584240064474, -10.124999431330872, 87.23242411134642, 6.309891121711681, 0.35959584240064474, 6.309891121711681, 97.87132425751084, 6.04651651572647, 4.00066018841442, 18.0, 0.0
7, 0 ,1.0,1.0,1.0,136.64890099567913,16.79504039075709,180.37213977080594,13.021389728819846,9.811693011757399,9.75665525089287,65.0,41.0,39.0,-0.9816063954464803,-0.19014599809364405,0.017128450821358287,13.13123077317267,-0.09576180793455451,0.4127651000052179,-0.9057895165869314,9.780539939457736,-0.16516222497796917,0.8907690338278794,0.4233815865311958,9.64002327724962,63.70840599242199,47.10831677451989,50.793246200370845,18.204340455382322,5.442446186787293,53230.0,152440.4756762063, 0.0, 0.0,0.0,NaN, 68.41555396223292,68.41555396223292,0.0, 169.55659046981498, 14.730537476288925, -1.099945140398431, 14.730537476288925, 96.26931975696895, -1.2792026131976433, -1.099945140398431, -1.2792026131976433, 95.1923216847754, 6.166023377447385, 3.9751696535263115, 16.0, 0.0
8, 0 ,1.0,1.0,1.0,185.14578534641166,155.18496855508684,91.08400838531018,8.39469272779204,10.743528618310899,10.25546423473916,32.0,54.0,52.0,0.1977393127023041,0.8183708136687803,0.5396001997285761,11.33079674455501,-0.20428329289026587,-0.5039801965834609,0.8392093288909541,9.789069021135493,-0.9587322360586036,0.27617598155305795,-0.06752278693355894,8.176551392216094,54.55125251755939,48.37084197735782,38.36309075188383,16.36312447736323,4.828765595345954,38639.0,101228.3045189698, 0.0, -2.8421709430404007E-14,0.0,35.07796307228917, 102.59303738518852,102.59303738518852,0.0, 70.47086599404456, 12.939777740862779, 1.5988711086091132, 12.939777740862779, 115.42340717246528, 14.918983205315728, 1.5988711086091132, 14.918983205315728, 105.17454667001407, 6.161691800514584, 4.068133810243921, 17.0, 0.0
9, 0 ,1.0,1.0,1.0,79.32627395470384,146.67884364111498,44.88025370209059,9.629749156943959,8.898186753243115,10.380385440606199,45.0,40.0,48.0,-0.5876011199282811,-0.10478988424120608,0.8023365902286543,11.213045100968701,0.12386550370767593,-0.9915406875310759,-0.038786620910368275,8.870242287580634,0.7996138198219644,0.07659076400660539,0.5956102702427244,8.67459621769575,54.039129113157024,40.71385507474453,42.612356555295236,16.072749568061187,4.618324321567975,36736.0,93753.20431521679, 0.0, 0.0,0.0,NaN, 105.59375278561419,105.59375278561419,0.0, 92.73206882566289, 2.686938700936301, -23.817256121332505, 2.686938700936301, 79.17772749559126, -4.11249909687321, -23.817256121332505, -4.11249909687321, 107.75240189554914, 5.991417557270451, 3.94310468027417, 15.0, 0.0
10, 0 ,1.0,1.0,1.0,40.29473732846648,173.05452109227002,190.33336413621032,9.89720037072076,10.255452862209815,4.995492020194867,48.0,49.0,20.0,-0.42981147161335104,0.902870476741398,0.009327437929415388,10.358850246742387,0.9029011098729607,0.4297157848556196,0.010673801389150191,9.789706511372094,-0.005628912838334216,-0.013009476341519579,0.9998995293856168,4.993966068947349,48.888022262842995,45.12862774089217,20.42242231583171,14.386181303575963,4.595825998846562,21643.0,45056.95611674272, 0.0, 0.0,0.0,NaN, 49.428418332576015,49.428418332576015,NaN, 97.95457517819516, -4.45528762406277, 0.3530688987254236, -4.45528762406277, 105.1743134090075, 1.0188342798720849, 0.3530688987254236, 1.0188342798720849, 24.95494052383059, 6.1555626514999755, 4.035064995524772, 11.0, 0.0
11, 0 ,1.0,1.0,1.0,153.6924760488933,10.724231912784935,87.30975388173108,8.892051822283584,6.8826722235840565,9.634181692988054,46.0,26.0,45.0,-0.30503115858310914,-0.015461748731311403,0.9522168485274854,9.712835293342414,0.9365698423415415,0.17634971984952097,0.30288233148425103,8.863395849824883,0.1726062649783787,-0.9842061321873404,0.03931115178989724,6.808690330356306,43.61628228925848,42.927757288187394,29.285939483330125,14.16620416236063,4.3099743701440305,24216.0,54833.504774986, 0.0, 0.0,0.0,NaN, 99.41020595235668,99.41020595235668,0.0, 79.0685856101768, 5.544819749525493, -4.801712208570707, 5.544819749525493, 47.3711769372955, 1.0135669153532578, -4.801712208570707, 1.0135669153532578, 92.81745689350618, 6.4065860551149685, 4.059392544158091, 16.0, 0.0
12, 0 ,1.0,1.0,1.0,100.00257692503955,91.8099709139154,13.924758891667091,10.74760272928153,10.17773452831039,8.195459960438063,52.0,46.0,33.0,0.8481204686867393,0.5191912979623599,-0.10550860967118142,11.084976553986857,0.5268410499838231,-0.8475152817701208,0.06446980082221261,9.847648220172017,0.0559479994863856,0.11026442439097422,0.9923263465550022,8.149228665810604,48.5719838591631,47.19890234972007,34.802161246075165,16.278760706528864,4.6113727216460125,39194.0,79785.49719632893, 0.0, 0.0,1.7763568394002505E-15,83.9435294783764, 136.4641135648405,136.4641135648405,0.0, 115.51096442645981, 11.216390083627486, -4.014680835027261, 11.216390083627486, 103.58628012876152, -4.763315705844366, -4.014680835027261, -4.763315705844366, 67.16556396314346, 6.249083952940519, 3.9194899611909375, 14.0, 0.0
13, 0 ,1.0,1.0,1.0,154.51874618204033,9.891722663408675,40.19883934025657,10.191194521283593,6.263180742472726,9.564965399834485,46.0,24.0,46.0,-0.9708651176312221,0.01001218952245897,0.2394173749498573,10.230293263192793,-0.23962128003630562,-0.03388581121535815,-0.9702749063806813,9.52659001841614,-0.0016017242823418072,-0.9993755589663197,0.03529768576096576,6.257924915947697,51.45359161533436,44.91255487448763,24.95887334640819,14.655398605790422,4.449239664139092,26192.0,57677.766334958396, 0.0, 0.0,0.0,NaN, 61.500709836612636,61.500709836612636,0.0, 103.86044577064072, -0.21773197265323455, -3.2287198425498858, -0.21773197265323455, 39.227433012881214, 1.8533486701652717, -3.2287198425498858, 1.8533486701652717, 91.48856310003086, 5.850957618530205, 3.8740156749188404, 14.0, 0.0
14, 0 ,1.0,1.0,1.0,188.78760318503907,58.48509752355906,93.73756300679378,6.965297848262818,9.754287162233112,10.126014747827968,28.0,46.0,54.0,0.18741662317478866,-0.6127309748719096,0.76774719914193,10.77515125812415,0.05800714402866507,-0.7733288581513145,-0.6313459023324871,9.174544704139896,-0.980566255078869,-0.16285953942862483,0.10939190928811524,6.776541276184627,48.85714423958519,45.19677570930078,30.174008241368625,14.971191571396256,4.6969234360497,27378.0,66629.80415613332, 0.0, 0.0,0.0,NaN, 111.05383916429452,111.05383916429452,0.0, 48.515374115014644, -9.775336324804709, 8.697601318011026, -9.775336324804709, 95.1461180433057, -14.339892406064296, 8.697601318011026, -14.339892406064296, 102.5361746732295, 6.014878859633124, 3.906803290456823, 12.0, 0.0
15, 0 ,1.0,1.0,1.0,73.49421647819064,186.747140549273,29.651179321486268,9.08131363528887,7.614065553093294,10.944217691133074,45.0,29.0,55.0,-0.2185642283872609,0.03786392119041676,0.9750876891549637,11.046922831725853,0.9079926236110738,0.3739340059958098,0.18900464181549917,9.201335234221876,-0.35746198894058745,0.9266820828266898,-0.11610875863012096,7.315810161394071,56.30246359028524,46.47333007997217,39.282352941743255,15.409058484906433,4.772951819254615,30950.0,102784.75026830699, 0.0, 0.0,-3.552713678800501E-15,12.815937780492959, 80.35067252063797,80.35067252063797,0.0, 82.47025734248355, 10.007132089121948, -9.256847783568762, 10.007132089121948, 57.97399424680189, 4.730634228431409, -9.256847783568762, 4.730634228431409, 119.77590087091016, 5.75554458878826, 3.830100478704515, 16.0, 0.0
16, 0 ,1.0,1.0,1.0,185.56249351995854,148.68512182477969,34.024131674442714,8.426593232901906,11.936855269953634,9.198426812056917,36.0,57.0,48.0,-0.19406871593232103,0.9785350390262839,0.069329004710941,12.07142159284587,0.032211838533655376,-0.06427799715341143,0.9974120194484464,9.182692716657144,-0.9804589389437286,-0.19579968457527097,0.019046064306374892,8.250210801222108,58.51284189829542,47.16871896483789,40.48254392246315,16.496038518355352,5.097818775349307,38580.0,111730.8413595717, 0.0, 0.0,0.0,NaN, 63.24001780280234,63.24001780280234,0.0, 71.0074735127882, -14.780244393974689, -0.5225163677315006, -14.780244393974689, 142.48851373581985, 4.225872254565279, -0.5225163677315006, 4.225872254565279, 84.61105581676757, 5.915778437064465, 3.909537712415579, 16.0, 0.0
17, 0 ,1.0,1.0,1.0,152.59040013520936,109.8170448303545,10.291587442430389,10.259334988454219,9.670565106138662,5.8732573322244725,54.0,51.0,24.0,-0.8857654307554835,-0.46246800500567997,-0.039280351635628125,10.48364437053636,-0.4607921167884209,0.8863707200609802,-0.04491738777161659,9.438978111702555,-0.05558980827632629,0.02168619294956249,0.9982181536373478,5.853872947616602,53.61630211353878,41.743156727660704,25.18570877298521,14.583503964225697,4.537658833950805,23667.0,56368.47990652875, 0.0, 0.0,0.0,NaN, 102.40386874798742,102.40386874798742,1.9073486328125E-6, 105.25395440532091, 8.591686000991087, 3.7664954859897612, 8.591686000991087, 93.51982947206666, -0.8087812724162929, 3.7664954859897612, -0.8087812724162929, 34.49515169052853, 6.0344992668505695, 3.9478846282553968, 18.0, 0.0
18, 0 ,1.0,1.0,1.0,11.340242127040074,47.325722166883764,15.14703854110796,6.875729869574496,9.958408469564233,9.48769243786604,27.0,51.0,38.0,0.07779425962411923,-0.7745707888258697,0.6276847507046868,10.797400438795274,-0.05342421593254623,-0.6319269698697755,-0.7731844268369585,8.549850183229726,-0.9955369939492593,-0.026615744379466538,0.09054112783480828,6.839449823649424,55.27355132788003,41.93341482452099,30.506371905008983,14.655814343755312,4.654994543817281,26102.0,70707.93593524801, 0.0, 0.0,0.0,NaN, 50.9682042717102,50.9682042717102,NaN, 47.27566123935891, -3.3176667904411428, 4.495906471397576, -3.3176667904411428, 99.16989924668864, -21.0778531023103, 4.495906471397576, -21.0778531023103, 90.01630779554044, 6.946231831618994, 4.1165328489715325, 10.0, 0.0
19, 0 ,1.0,1.0,1.0,62.893852955858236,11.52396063609784,107.08946017257362,9.385940454158161,7.025704881045029,9.759649089691143,45.0,27.0,47.0,-0.5031974055675092,0.05495167085688546,0.8624225674807935,9.97421947559388,0.8613330782292472,0.11271217227925895,0.4953799497034775,9.190674102252396,0.06998356505820956,-0.9921069902435558,0.1040481644798028,6.9823787520674205,47.50875456938215,48.765030763293765,29.82972175891331,14.659281726770368,4.220499602377446,28046.0,69108.48152431798, 0.0, 0.0,0.0,NaN, 112.78655424916231,112.78655424916231,0.0, 88.09587820900272, 2.0644951441796837, -6.776783750490225, 2.0644951441796837, 49.360529075539944, 4.398394878557471, -6.776783750490225, 4.398394878557471, 95.25075035390915, 5.789377018442714, 3.841943174609667, 16.0, 0.0
20, 0 ,1.0,1.0,1.0,191.64949810761888,134.5469804179694,118.5774779222204,4.875299191153646,9.667659178416198,9.689865596549481,19.0,45.0,46.0,0.02497985566754251,0.703045646618362,0.710705864322082,10.734377373046426,0.01482021983686703,-0.711110014117495,0.7029245399797928,8.496942698228086,-0.9995780949454705,0.007026136405265104,0.0281827165546356,4.868344551131198,49.03571601067631,44.738412217067676,19.93590938121031,13.815244616032912,4.501631667700198,18231.0,43735.000802319024, 0.0, 0.0,0.0,NaN, 104.80198354881863,104.80198354881863,0.0, 23.768542203263394, 1.0962758417434364, 2.1301126610162995, 1.0962758417434364, 93.46363399001497, 21.490120682333252, 2.1301126610162995, 21.490120682333252, 93.89349527919325, 6.163806022750155, 3.84754168869649, 10.0, 0.0
21, 0 ,1.0,1.0,1.0,11.589162348877375,153.31822107081175,188.06746545768567,7.277146425132215,9.953274278152687,6.086992009858031,29.0,56.0,23.0,0.08665479226546544,0.9959457930441054,0.02414382519768654,9.972555302031019,0.9943535129421888,-0.08795553014666216,0.05937100315935847,7.257028034934889,-0.06125388377040221,-0.018862715455815138,0.997943966206858,6.079447797713866,56.59122468272918,31.072532452716338,24.19218564206261,13.086640412445174,4.220881826394647,18528.0,42540.329482675195, 0.0, 0.0,0.0,NaN, 49.556861770553695,49.556861770553695,0.0, 52.95686009281457, 4.01977001246865, 1.057887902844528, 4.01977001246865, 99.06766885613588, 1.4206726933012337, 1.057887902844528, 1.4206726933012337, 37.05147172807551, 6.194153003795121, 4.074249764501934, 8.0, 0.0
22, 0 ,1.0,1.0,1.0,9.010994904800215,20.055466166085637,54.167828729775636,5.558329359065691,10.608184254955365,10.052225302655023,22.0,42.0,45.0,0.06360188811486044,0.9058980062629931,-0.4186927299069792,10.765179150570756,0.021718272667383076,-0.4206992169860036,-0.9069401774426518,9.90297587417039,-0.9977390021747019,0.0485898248206085,-0.04643180443761159,5.524293500348103,49.85141375878469,52.03971643113163,23.21793200518504,14.84266829429743,4.9164041627735084,22374.0,60233.19987425777, 0.0, 0.0,0.0,NaN, 58.460015579981224,58.460015579981224,1.1680077279964342E-6, 30.895025263851615, 4.301615952585291, -3.6039727302907765, 4.301615952585291, 112.5335731870829, -6.606653948943023, -3.6039727302907765, -6.606653948943023, 101.04723353533788, 5.31780175582311, 3.732992166610617, 10.0, 0.0
23, 0 ,1.0,1.0,1.0,100.3652452619844,21.077027591973245,102.95801978818284,8.782970151573938,8.835863731184027,8.80312827192594,44.0,41.0,45.0,-0.6478607314343559,0.7358059050107595,0.1971449791819178,9.000024950464567,0.0612280646988656,-0.20766588100041203,0.9762817246889106,8.796517903442028,-0.7592941437668098,-0.6445653977833591,-0.08948659800108064,8.621423524970398,52.737654220065124,44.934580253822276,44.003802919971406,14.66789736960095,4.1905735509951345,28704.0,104277.76360993156, 0.0, 0.0,0.0,NaN, 140.67150161723603,140.67150161723603,0.0, 77.14056468343873, -3.2190829596658186, -0.6697979187328843, -3.2190829596658186, 78.0724878760533, 0.34945715748076434, -0.6697979187328843, 0.34945715748076434, 77.4950673719818, 5.57981387422905, 3.626376266660898, 16.0, 0.0
24, 0 ,1.0,1.0,1.0,123.27171171171172,10.704369369369369,145.59252252252253,8.849993726660802,6.504657985107106,9.14837640973346,42.0,26.0,44.0,-0.643848252758825,-0.04179117716608775,0.7640110764448906,9.806057837469744,0.7543114926420722,0.13282570833598292,0.6429397353353837,8.14772720464704,0.12834952079184841,-0.9902579606931307,0.05399603500615502,6.463863124028356,42.05819375182273,43.297170973747285,28.002130816050673,13.709169790485896,4.047767169063368,22200.0,50991.90277789556, 0.0, 0.0,0.0,NaN, 94.66777357004224,94.66777357004224,0.0, 78.32238896193556, 3.9282542326109815, -14.816220534048092, 3.9282542326109815, 42.310575503217635, 0.36494258177105554, -14.816220534048092, 0.36494258177105554, 83.69279093416768, 5.9071987714652, 3.7917375668050672, 10.0, 0.0
25, 0 ,1.0,1.0,1.0,139.7532269453467,36.63454314362378,37.664934331309134,8.900883621429852,8.957692702006277,10.151386399905478,39.0,43.0,44.0,0.40650453711769047,0.27062993540096414,0.8726474083887503,10.476722614111612,-0.47836049046200324,-0.7507045983700268,0.455646625304137,9.135287484970519,-0.7784120390048475,0.6026624627857347,0.17570615664042405,8.324748612414908,49.055080331040855,45.52561080550039,43.5408391921386,15.603570494378731,4.364083117101597,35405.0,97238.12317661999, 0.0, 0.0,0.0,NaN, 79.94004436465343,79.94004436465343,0.0, 79.2257292422382, 9.53322986713287, 11.268056242131026, 9.53322986713287, 80.2402585435765, 4.714491888513127, 11.268056242131026, 4.714491888513127, 103.0506458401859, 5.46347848832178, 3.569809659398087, 16.0, 0.0
26, 0 ,1.0,1.0,1.0,70.76387915002591,63.55589768604616,45.81860309136916,9.185987907165226,9.319997021956313,8.6713283796432,43.0,39.0,43.0,-0.648598296976908,-0.7607813143801877,0.023066010678237273,9.656187774275095,0.6883283373109115,-0.5992240466178491,-0.40882103909868106,8.872622275461813,0.32484511572971253,-0.24928364094918765,0.9123230333284731,8.629673563489229,50.18133175459148,43.96575101437926,40.93849315673466,15.139732503113565,4.15031973727785,32801.0,90320.95735300769, 0.0, 0.0,7.105427357601002E-15,88.67829772032745, 105.57567481329714,105.57567481329714,0.0, 84.38237383058576, 7.50838168282762, -1.4773915142021847, 7.50838168282762, 86.86234448927455, 0.712282894789007, -1.4773915142021847, 0.712282894789007, 75.19193586760557, 5.721308514241863, 3.6383437147139803, 21.0, 0.0
27, 0 ,1.0,1.0,1.0,67.70503033054099,190.37003260017332,72.97127883464697,10.266272061760368,5.592648484087859,10.108734981496669,50.0,23.0,46.0,-0.7845907710773937,0.04887959520314826,0.6180842233166585,10.499225554294522,0.6199195613428685,0.04444886120529384,0.7834054098626189,9.882830804469277,-0.01081939945865748,-0.9978151551817244,0.06517558350352622,5.5638565841570875,46.23406508954295,49.46542442119751,23.949539494153044,14.723217545381594,4.699728412382194,24233.0,54772.30110311191, 0.0, 0.0,0.0,NaN, 100.00757440786671,100.00757440786671,0.0, 105.39634204608147, -1.2020388302711629, -6.045487512480629, -1.2020388302711629, 31.277717066570226, 4.718175326609202, -6.045487512480629, 4.718175326609202, 102.18652292613444, 5.349524875206033, 3.6620041258263947, 16.0, 0.0
28, 0 ,1.0,1.0,1.0,92.17719931938267,126.70691662437684,77.17325890325084,8.970047349397337,8.184126403918444,10.294256298898441,43.0,39.0,48.0,-0.10432287533476874,-0.10365551442124209,0.9891270252156463,10.32753803217844,0.9880844557931795,0.10236173873826214,0.11493990891929744,8.964048021718897,-0.11316291752063871,0.9893319002097062,0.09174173164743317,8.14869243813883,46.85015787560184,42.66719873622115,39.01517459238791,15.341483407446121,4.248796776996927,33499.0,77989.96835818965, 0.0, 0.0,0.0,NaN, 140.79852284317272,140.79852284317272,0.0, 80.4617494504302, 1.8465549096301195, -2.56940400757325, 1.8465549096301195, 66.97992499531505, -3.9633106686134685, -2.56940400757325, -3.9633106686134685, 105.97171274741024, 5.75683879081059, 3.62508346705539, 19.0, 0.0
29, 0 ,1.0,1.0,1.0,125.85400512986821,74.7045903475928,165.669595212123,9.018600355646663,8.987876361955601,9.393598522227206,43.0,42.0,44.0,-0.4890552323663359,-0.328351551616896,0.8080904888970577,9.753596411903777,0.5301402340250748,-0.8475826447950934,-0.023558279011708382,8.942259189974637,0.6926588712800462,0.4168799812811012,0.5885870957166157,8.675259343816267,47.51448062467898,42.33843297818151,44.81883323526779,15.271931674670341,4.1382206313387835,33919.0,90161.53827895958, 0.0, 0.0,0.0,NaN, 110.71125086088925,110.71125086088925,0.0, 81.33515237487012, 1.0775415372292672, -7.912384342391141, 1.0775415372292672, 80.78192149780027, -5.179004568959395, -7.912384342391141, -5.179004568959395, 88.23969319678915, 5.618656623986972, 3.6350395422325676, 17.0, 0.0
30, 0 ,1.0,1.0,1.0,45.79806053482221,53.540111666176905,171.316309138995,9.133911316557658,10.334861714797869,8.491006198325564,44.0,45.0,40.0,-0.28982604231550424,0.9166546089365519,0.2752184461679645,10.60474171955492,0.9395065282563326,0.3273392983411672,-0.10087847701687698,9.012406607817589,-0.1825605339591881,0.22933231712274954,-0.9560744425847011,8.285581998848068,52.628959480969314,45.34654819694781,43.880688888489175,15.552128834841596,4.523955964332698,34030.0,104723.09156034642, 0.0, 0.0,0.0,NaN, 76.07075671628115,76.07075671628115,0.0, 83.42833593874003, -7.772387676462901, -4.686080622886462, -7.772387676462901, 106.80936666399475, 10.637150691309873, -4.686080622886462, 10.637150691309873, 72.09718626000317, 5.5480709076672134, 3.5805027152346116, 19.0, 0.0
31, 0 ,1.0,1.0,1.0,188.9223143475126,182.14960346070657,187.47644796923817,6.548419075221344,9.33928002411489,6.9968740557153035,26.0,47.0,28.0,0.00805675439482932,-0.9899057990881972,0.14149769482284807,9.382685411335022,0.5134630897203569,-0.11732800082658566,-0.8500528193688092,7.1473688177364325,-0.8580738570795906,-0.07950251036033451,-0.5073348072456281,6.31985156156899,48.95520363231816,37.95769002242659,32.06169164586484,12.714586047415102,4.171269824403491,16644.0,59577.88327047809, 0.0, 0.0,0.0,NaN, 24.457946183041262,24.457946183041262,0.0, 42.88179238472276, -1.0549484934695077, -4.809357893281309, -1.0549484934695077, 87.22215136883143, -5.625051396503344, -4.809357893281309, -5.625051396503344, 48.95624655154192, 6.290761395354192, 3.964177328340361, 7.0, 0.0
32, 0 ,1.0,1.0,1.0,89.5320987654321,75.8805291005291,100.36712522045855,10.496234800055571,8.947344205223976,7.394351628352691,48.0,43.0,37.0,-0.9731371688685019,-0.21704092853081333,0.0767937882193569,10.596247260732245,0.19744837843186291,-0.9583315409672797,-0.2064335133690929,8.911242975051264,0.11839843082247717,-0.18572531580202514,0.975442422006042,7.29463103504205,48.68588571190436,41.53931631466749,36.538658536501174,15.027352475125275,4.368183477913985,28350.0,73894.99403205144, 0.0, 0.0,0.0,NaN, 153.9498656795618,153.9498656795618,0.0, 110.1709449778976, 7.518632046508646, -5.482119363337325, 7.518632046508646, 80.05496832675506, 4.198393408172351, -5.482119363337325, 4.198393408172351, 54.67643600372209, 5.875469833954091, 3.6796458487190242, 19.0, 0.0
33, 0 ,1.0,1.0,1.0,143.10239766445122,71.43102056028324,115.89800608733462,9.5459653696644,9.775926564312616,8.045851759881357,47.0,43.0,36.0,-0.6153566387730903,-0.7761343835813286,0.13766490380890872,10.404955294227358,0.7589579806181722,-0.5362176671433511,0.3693959895550157,9.068351134387784,-0.2128825750827701,0.33179215190563827,0.919018485755295,7.8058848697779855,51.77896897627011,43.009362358144585,40.89805766154814,15.249945394449927,4.3438567008973505,32198.0,91079.17441483082, 0.0, 0.0,0.0,NaN, 124.14859334645665,124.14859334645665,0.0, 91.12545483883197, 13.93570796983502, 1.9628944012068368, 13.93570796983502, 95.56874019083308, -9.276834849370518, 1.9628944012068368, -9.276834849370518, 64.73573054198593, 5.533717500376912, 3.5660026176139215, 20.0, 0.0
34, 0 ,1.0,1.0,1.0,146.50662897526502,105.03802120141343,83.60347703180211,9.358647776905167,9.364689504297631,9.590948283163344,43.0,47.0,45.0,-0.4919287203401825,-0.7189045937234015,-0.4911031655648961,9.848422503912966,-0.5937753069874635,-0.1355083878639536,0.793138299182719,9.650266325148039,-0.6367393649810055,0.6817724414655544,-0.36020732799553473,8.78344583478048,49.098574641962614,48.869243566084265,43.12547316355696,15.724164857213916,4.474217947034015,35375.0,103475.70031463444, 0.0, 0.0,0.0,NaN, 137.3639673740542,137.3639673740542,0.0, 87.58428821217204, 8.302970573237797, -2.7314067947408813, 8.302970573237797, 87.69740951190221, 5.288178753137054, -2.7314067947408813, 5.288178753137054, 91.9862889703139, 5.29848499116965, 3.4127009681440894, 20.0, 0.0
35, 0 ,1.0,1.0,1.0,9.805082920525523,97.41115657979755,110.51173810036614,5.927914304720294,9.90057945957715,9.60280433088908,25.0,49.0,48.0,0.04276054858229716,-0.8583935212692411,0.5112065122119763,10.030131222846421,-0.16203086486904142,-0.5108589200411766,-0.8442565739419231,9.553595768348954,0.9858587801073395,-0.046730359054424846,-0.16093085231835755,5.787984813760039,45.61355743375432,44.888569018466484,25.404393405220848,14.309117383816393,4.541437256311831,23215.0,52016.18957171089, 0.0, 0.0,0.0,NaN, 132.63944396411526,132.63944396411526,0.0, 35.14016800410748, 2.3189094776473755, 9.369572039808624, 2.3189094776473755, 98.02147363540098, -4.52963774146002, 9.369572039808624, -4.52963774146002, 92.2138510173421, 5.426250018649591, 3.590981585805088, 16.0, 0.0
36, 0 ,1.0,1.0,1.0,101.48166643385947,97.11569353261629,171.72094566280208,9.262539728891714,8.401973531057953,8.754750624631814,41.0,41.0,46.0,-0.8866676673788298,-0.3283864839298532,0.32554994209363963,9.50167240215314,-0.22650066024211715,-0.3053519005208474,-0.9249095457168723,8.681821883847093,-0.40313508720386637,0.8938246662631855,-0.19636590193981318,8.208389018845418,44.52195589605221,46.26880702831687,40.15716346295809,14.674837274769406,4.2050696670102505,28636.0,82722.86467755224, 0.0, 0.0,0.0,NaN, 141.19853006733663,141.19853006733663,0.0, 85.79464222929738, 7.2220365660226085, -4.936199312998629, 7.2220365660226085, 70.59315921659845, -0.19023232926606948, -4.936199312998629, -0.19023232926606948, 76.64565849949113, 5.357538187572711, 3.5275277416152644, 15.0, 0.0
37, 0 ,1.0,1.0,1.0,116.79055857182296,38.35538787153768,158.0379436213613,9.211664183512058,8.41782292719818,9.667332580156927,45.0,39.0,47.0,-0.6075017042942115,-0.13150845650366716,0.7833563717412735,10.145755250337764,0.5990762410994036,0.5717241316250954,0.5605704011698621,9.030459934323556,0.5215834896062546,-0.8098376647116098,0.26853979255337185,8.042777061043436,50.4282944394523,45.009531039362,41.05622256485338,15.190493526206241,4.29193726761272,32601.0,93187.52062215429, -1.4210854715202004E-14, 0.0,0.0,52.59092168575348, 100.7757961868294,100.7757961868294,0.0, 84.85475702979888, 8.83152628406672, -12.539858315798446, 8.83152628406672, 70.85974283366333, 1.4639853134231697, -12.539858315798446, 1.4639853134231697, 93.45731921536358, 5.296964531331365, 3.406430693144447, 14.0, 0.0
38, 0 ,1.0,1.0,1.0,181.85529901784338,160.54286008124646,8.352599372653879,9.432007257789625,9.368209976255667,5.4092608697851805,39.0,48.0,21.0,-0.7288459256051759,0.6832911528053474,0.043552465219251865,9.886035556250686,-0.6839993227266677,-0.7294801671672395,-0.0019005838882925024,8.89509582331757,-0.030472007452650565,0.031175089536297863,-0.9990493333936064,5.397202377356895,54.475157528062965,49.40919604685155,21.353433993617664,13.663194022891485,4.393557934115116,19447.0,57474.34215306409, 0.0, 0.0,0.0,NaN, 44.22512838398581,44.22512838398581,4.76837158203125E-7, 88.96276091099615, -9.221031096383584, -2.1127055774850536, -9.221031096383584, 87.7633581592162, 2.110896715323371, -2.1127055774850536, 2.110896715323371, 29.260103157389125, 5.889611010964428, 3.6295345690761027, 11.0, 0.0
39, 0 ,1.0,1.0,1.0,53.31330990555678,83.72842082143642,72.05721502306172,7.6999552182983395,8.673280281220055,9.166688110216281,34.0,42.0,45.0,0.04273338257299815,0.38214052298005907,0.9231156366947734,9.263400197269739,-0.137985027279178,-0.9128476684923915,0.38427759025835717,8.589209280339135,-0.9895119960165386,0.14379761758990423,-0.013720601839328038,7.678422548553847,43.588745433264506,39.520252527131376,34.48210309169654,14.263690383758243,3.884637530924681,27318.0,59400.188928403084, 0.0, 0.0,0.0,NaN, 122.65806008256138,122.65806008256138,1.3486991523486091E-6, 59.28931036379983, 2.3047604579151337, 0.27363996696737697, 2.3047604579151337, 75.22579083660064, 4.275074246141585, 0.27363996696737697, 4.275074246141585, 84.02817090998055, 5.205051823185001, 3.4400939931268435, 16.0, 0.0
40, 0 ,1.0,1.0,1.0,155.2377059773829,178.46743134087237,135.58785137318256,9.365174889709447,9.59324053694721,8.38573415907237,44.0,45.0,39.0,0.6287071919686736,0.7596994430292638,0.16608438526210814,9.871463232568352,-0.6912384587061806,0.6437999074210793,-0.3281936507766619,9.218603021961103,-0.35625364555660277,0.09153379411799928,0.9298951040638909,8.223677648883475,48.43030069917867,49.95407542729112,41.19470117777021,15.165009403154906,4.481048080910192,30950.0,99661.96544426831, 0.0, 0.0,0.0,NaN, 81.34026905506576,81.34026905506576,0.0, 87.70650071484435, 6.518646449925727, 7.050312680048342, 6.518646449925727, 92.03026399972721, 0.09542986055468307, 7.050312680048342, 0.09542986055468307, 70.3205373866332, 5.507456859835515, 3.5733487376925654, 17.0, 0.0
41, 0 ,1.0,1.0,1.0,133.58263915183642,137.25170390003785,18.48608481635744,9.14327486192585,8.266942066099103,9.583384005821955,47.0,39.0,38.0,0.4377203700898419,0.054824546825317136,0.8974381018620788,9.703778799329188,0.8484954469360304,0.3049854742052951,-0.432480447017663,9.102567601325138,0.2974161295848598,-0.9507776446620784,-0.08697997627955485,8.17086258634934,46.00787359064026,47.463767426531845,40.859757850144675,15.036447907581925,4.205744838975409,31692.0,89225.7397217101, 0.0, 0.0,0.0,NaN, 93.22204576880544,93.22204576880544,0.0, 83.59947520072517, 4.822267054329256, 4.857864567271251, 4.822267054329256, 68.34233112423891, -0.7746276214842565, 4.857864567271251, -0.7746276214842565, 91.84124900304407, 5.389494009063948, 3.407808148029171, 14.0, 0.0
42, 0 ,1.0,1.0,1.0,117.82152447101787,89.43951165371809,63.20593605671118,8.33891777496674,8.729356197528093,8.684294582127226,39.0,42.0,39.0,-0.4101876631865905,-0.7143108153305525,0.5670151144998924,9.301693111894881,-0.5159478937999833,-0.3309145637796678,-0.7901223464514047,8.408010881955365,-0.752026496775802,0.616648693001383,0.23281008905715536,7.996251617551202,50.48251582815512,41.478255899724985,40.483573419253354,14.339859221861495,3.9401293338337573,27931.0,84769.63569809738, 0.0, 0.0,0.0,NaN, 136.92230803608356,136.92230803608356,0.0, 69.53754965765626, 7.769645397364399, -2.498457225208345, 7.769645397364399, 76.20165962332212, -7.37997461717042, -2.498457225208345, -7.37997461717042, 75.41697238916429, 5.29229436803955, 3.3864456140438217, 15.0, 0.0
43, 0 ,1.0,1.0,1.0,15.906261065507806,152.7415741187832,56.990954450346045,9.320736651734931,8.354682500571661,9.181729207384324,35.0,41.0,44.0,-0.8986692717805136,0.11277254129886728,0.42388193389961387,9.422547292077597,-0.3527777602950935,0.3884480819979505,-0.8512672549988585,9.247730847586125,-0.26065569588761917,-0.9145438434110791,-0.3093027104314351,8.165542195914034,45.49594479359695,43.608329602027474,39.303649990336055,14.954159068504197,4.165828754035251,31065.0,77978.52632400901, 0.0, 0.0,0.0,NaN, 75.72540423804926,75.72540423804926,0.0, 86.87613173099489, -4.8229369440239775, -2.762573334640026, -4.8229369440239775, 69.80071968535833, -5.1745249532471815, -2.762573334640026, -5.1745249532471815, 84.30415123773436, 5.671371880042732, 3.6694370187674976, 19.0, 0.0
44, 0 ,1.0,1.0,1.0,184.48711340206185,11.918648154306618,94.38954938476887,8.45067262745657,6.7700723076247025,10.3811998570512,33.0,27.0,48.0,-0.29333815895758475,0.05789900697877975,0.9542538600866366,10.558652545685478,0.9083793237090625,-0.2942525370346158,0.2970899673609961,8.382374253499242,-0.29799283339912824,-0.9539723001427048,-0.033721236679522475,6.5778199787401475,49.27641369309036,44.44871833362865,32.54754555206824,14.326896484738104,4.44489532998763,24056.0,71288.02432344471, 0.0, 0.0,0.0,NaN, 96.39549189400077,96.39549189400077,0.0, 71.41386785644373, -8.37457262521472, -11.809807935264436, -8.37457262521472, 45.83387905046686, 1.409018463002674, -11.809807935264436, 1.409018463002674, 107.76931047203986, 5.778880716627634, 3.6826987694775695, 10.0, 0.0
45, 0 ,1.0,1.0,1.0,186.30427957699933,24.15618803701256,177.20179279577,8.115910637692304,8.789631363558463,8.415002207528072,33.0,44.0,43.0,-0.6128075613376003,0.7056366118395487,0.35573004483606036,9.316121925297477,0.21524786812488308,0.5821884874419285,-0.7840439530777421,8.697940785387487,-0.7603520553238192,-0.403897929088132,-0.5086562835974429,7.175903114301683,48.58222463672654,44.920378455396886,39.13177913354565,14.010178015127059,4.201523428880841,24208.0,85398.530567704, 0.0, 0.0,0.0,NaN, 35.92843484082644,35.92843484082644,0.0, 65.8680054790071, -12.235231373126041, -11.77186904055035, -12.235231373126041, 77.25761950725061, -2.1683732055852336, -11.77186904055035, -2.1683732055852336, 70.81226215270233, 5.673607062057193, 3.6216705665791418, 12.0, 0.0
46, 0 ,1.0,1.0,1.0,182.04251458198314,94.17754374594945,79.95738820479585,9.435836153551667,8.492771196691402,9.507003533482559,38.0,43.0,43.0,0.6675115385336098,-0.23304407840073604,0.7071907829198882,10.61640376527138,0.5914281891172327,0.7429564759993621,-0.3134140582171145,8.466248242960367,-0.4523726815823478,0.6274600643012758,0.6337608576308849,8.195114061620847,54.52642259505325,50.65568766584374,47.34958009415623,15.203059347394797,4.517993933292353,30860.0,130783.0172186122, 0.0, 0.0,0.0,NaN, 124.8401576300308,124.8401576300308,0.0, 89.03500391667272, -5.100451633009887, 20.663995679692327, -5.100451633009887, 72.12716259935112, -8.558539532536654, 20.663995679692327, -8.558539532536654, 90.38311618564985, 5.504371853797604, 3.384478457331904, 14.0, 0.0
47, 0 ,1.0,1.0,1.0,29.487983843823628,152.37101985863345,128.98259845169977,9.509497122232553,8.964951479805666,8.313861696648004,50.0,44.0,40.0,-0.6839164393127005,0.5751215226559534,-0.44888031613753593,9.683491479729861,-0.7266857300473566,-0.5915807295490179,0.3492278485055165,9.366232092966095,0.06470049291448196,-0.5650375868950217,-0.822524389676363,7.643616683658396,47.58046629498984,51.73189808739519,36.131936047694694,14.879257969713056,4.30451729404723,29710.0,88936.15305964799, 3.552713678800501E-15, 0.0,0.0,46.8495492838162, 90.45182288463184,90.45182288463184,9.5367431640625E-7, 90.4305355177492, -1.3059927940245406, 3.414752192772005, -1.3059927940245406, 80.3703550352698, -15.178296288558988, 3.414752192772005, -15.178296288558988, 69.12029631099082, 5.325551192990581, 3.431924016878078, 21.0, 0.0
48, 0 ,1.0,1.0,1.0,178.64532290584714,81.73950632370013,18.523461843954298,10.230340680475699,8.878609762921222,9.178693309315408,49.0,42.0,42.0,-0.8023083037453067,0.48796297233551544,0.3437928495050729,10.917470211632853,0.504843807525877,0.24740592752974933,0.8269963948082965,9.158246191143371,-0.31848723011151375,-0.83706776586644,0.4448409149384334,8.041975099925686,57.467564841182536,46.14035425826893,43.48211933116289,15.630447963894227,4.8401538276504805,32734.0,115296.04839273349, 0.0, 0.0,0.0,NaN, 86.48981307947301,86.48981307947301,0.0, 104.659870438596, -18.945418573404908, -7.021403066893509, -18.945418573404908, 78.82971132224003, 13.074221272786588, -7.021403066893509, 13.074221272786588, 84.24841086647145, 4.6309475982330115, 3.2287870941619663, 19.0, 0.0
49, 0 ,1.0,1.0,1.0,16.9606480769822,134.54400959203124,12.371260798721062,9.853539994535398,10.371138378974367,7.9725808568457,41.0,49.0,31.0,-0.3042101264216348,0.9015778917483439,-0.307593081998186,10.829505479896865,-0.9349996318177929,-0.22080238690811513,0.27752836690376353,9.827507804594156,-0.18229615323183324,-0.37202635799938816,-0.910145318875281,7.372700226525623,55.84826694050132,49.85941975527284,36.78255151250702,15.64815477781498,4.832189903990925,32527.0,102423.30197242735, 0.0, 0.0,0.0,NaN, 68.74007824573165,68.74007824573165,0.0, 97.09225042390864, -8.540433108562143, -5.068705573143446, -8.540433108562143, 107.56051127583504, -20.036722102664616, -5.068705573143446, -20.036722102664616, 63.56204551894252, 5.693166451983635, 3.49742784282872, 15.0, 0.0
