// Sample: .//bubblelabels.tif, Map: .//bubblelabels.tif, Thickness:(8.191250068658265):/gpfs/home/mader/Foam/NewValid/InSilicoTest/LatticeDataPhi_16.0/out_Step_02000.vtk/distmap.tif, Neighbors:(1.0):
//LACUNA_NUMBER, TRIANGLES, SCALE_X, SCALE_Y, SCALE_Z, POS_X, POS_Y, POS_Z , STD_X, STD_Y, STD_Z,PROJ_X, PROJ_Y, PROJ_Z, PCA1_X, PCA1_Y, PCA1_Z, PCA1_S, PCA2_X, PCA2_Y, PCA2_Z, PCA2_S, PCA3_X, PCA3_Y, PCA3_Z, PCA3_S,PROJ_PCA1, PROJ_PCA2, PROJ_PCA3,OBJ_RADIUS, OBJ_RADIUS_STD, VOLUME, VOLUME_BOX, Mask_Grad_X,Mask_Grad_Y,Mask_Grad_Z,Mask_Angle, Mask_Distance_Mean,Mask_Distance_COV, Mask_Distance_STD, SHAPET_XX, SHAPET_XY, SHAPET_XZ, SHAPET_YX, SHAPET_YY, SHAPET_YZ, SHAPET_ZX, SHAPET_ZY, SHAPET_ZZ, Thickness, Thickness_STD, Neighbors, Neighbors_STD
1, 0 ,1.0,1.0,1.0,168.09959379922077,63.59888916521595,167.30886180883695,12.105191727120955,11.156397555924306,10.693585375808174,59.0,57.0,59.0,-0.8619979767956816,-0.5038836116812871,-0.055324441968932374,12.546134525341857,0.385120541395401,-0.5800152477362118,-0.7178192537044505,11.01319896021059,0.3296083381764866,-0.640065323441696,0.6940278993902277,10.327516569859926,67.9846356320582,56.7123395190671,54.927638371044225,18.864603095507757,5.429584828960262,60315.0,211777.23043042005, 0.0, -7.105427357601002E-15,0.0,59.74272797380861, 78.30175690913873,78.30175690913873,0.0, 146.53566675035762, 18.77353017963249, -1.6250904896904863, 18.77353017963249, 124.46520642583381, 7.507076079602054, -1.6250904896904863, 7.507076079602054, 114.35276818969847, 6.2816517246749815, 4.384746527547718, 31.0, 0.0
2, 0 ,1.0,1.0,1.0,38.94333470418894,9.579225662417015,25.961723753010986,11.174476166306087,6.139753712753298,12.449190698229334,53.0,25.0,57.0,0.44449122487482484,0.07297031689199174,0.8928061849371116,12.882610723693412,-0.8957102004238627,0.048929548186918796,0.4419379324869809,10.712788206054803,0.011436252267292606,0.9961331397794703,-0.08710901197449401,6.068142391167418,62.30078375437683,49.845750091654836,26.632365715485097,16.915317585575526,5.605343278035728,34042.0,82704.92875553136, 0.0, 0.0,0.0,NaN, 47.77400948634781,47.77400948634781,0.0, 124.86891759134278, 0.7726727660772676, 20.395222522752974, 0.7726727660772676, 37.69657565326791, 10.098605576585632, 20.395222522752974, 10.098605576585632, 154.98234904087977, 6.156350485050337, 4.328482909357128, 14.0, 0.0
3, 0 ,1.0,1.0,1.0,172.22254008883536,42.30457476975583,12.92785264373008,11.26505953268781,10.835523834952273,8.495442351643948,51.0,52.0,31.0,0.963844234600746,0.14868137223828312,-0.22112924043699406,11.384718606674683,0.18079666356177845,-0.9745123350624081,0.1328091685695732,10.889635920287605,0.19574692302008218,0.1679867803148606,0.9661591917316819,8.26357643961391,56.62850172218319,53.3417432215965,38.34599618717457,16.934133996277602,5.451402535039135,39849.0,115830.33179976908, 0.0, 0.0,0.0,NaN, 52.234028176507884,52.234028176507884,0.0, 126.9015662750005, -0.07360207428529496, -11.862761857125601, -0.07360207428529496, 117.40857677781881, -8.525944127505147, -11.862761857125601, -8.525944127505147, 72.17254075010567, 6.224133929392394, 4.3249494036284455, 16.0, 0.0
4, 0 ,1.0,1.0,1.0,9.51730319563523,30.87108339828527,134.46250974279033,6.224856884609607,9.885331535891794,10.165476040609867,24.0,42.0,54.0,0.06845522592287787,-0.5993873798444064,0.7975265832103058,10.532823496554638,0.002225752849014058,-0.7993080836091295,-0.6009173266776011,9.510860199605649,-0.9976517067935596,-0.04291102842343184,0.0533827272770938,6.197474759494012,58.61547145031119,44.989662268642846,26.651362054522597,14.774089433151111,4.640237856169734,25660.0,70282.04740343057, 0.0, 0.0,0.0,NaN, 73.06685623123104,73.06685623123104,9.5367431640625E-7, 38.74884323387162, -3.0686578732984433, 3.890243401176929, -3.0686578732984433, 97.7197795744968, -9.67264293728963, 3.890243401176929, -9.67264293728963, 103.33690313221328, 6.353946584142564, 4.123041442123791, 13.0, 0.0
5, 0 ,1.0,1.0,1.0,59.884415004465616,73.7324600575568,141.43514935000496,9.452290705478568,9.945852770329978,9.949217938640993,47.0,50.0,52.0,-0.6316062944057244,0.6864558609459872,0.3603496077977224,10.335161222991971,0.12023395105308174,0.5458982824791374,-0.8291796320463333,10.16444138382168,-0.7659094501840502,-0.4803888176875379,-0.4273280917041784,8.781873282514898,51.56669820894083,48.5688185934438,48.41454311539431,16.326708210801296,4.54877164736647,40308.0,121255.85048271925, -7.105427357601002E-15, 0.0,0.0,50.83126829981551, 111.59059350242073,111.59059350242073,NaN, 89.34579958087653, -11.155241356352146, -9.369867995889715, -11.155241356352146, 98.91998732908048, -4.511619266883619, -9.369867995889715, -4.511619266883619, 98.98693759057572, 6.055318146842014, 3.910811536328182, 20.0, 0.0
6, 0 ,1.0,1.0,1.0,30.64147397057005,107.77319154198096,176.74714974650675,10.222799880516574,9.327842964719437,9.879339892972006,51.0,48.0,45.0,-0.8492188003070759,0.4424859835224051,0.2881554850965366,10.476154948889008,0.39883498240096754,0.17985988535610126,0.8992113647262865,9.930365235738938,0.34606081260124033,0.8785536842025646,-0.32921928551630997,8.986304705724121,56.19272724419541,49.51295169348819,48.09533290222426,16.369717470481987,4.598695296387853,40435.0,133814.09556237035, 0.0, 0.0,0.0,NaN, 99.92686911112864,99.92686911112864,0.0, 104.50563739708966, -9.614740749744088, -0.6908512458239662, -9.614740749744088, 87.00865437446589, 6.585436140106688, -0.6908512458239662, 6.585436140106688, 97.60135672086813, 6.0511115529827, 4.007998665351812, 18.0, 0.0
7, 0 ,1.0,1.0,1.0,136.95957527493363,16.923549488054608,180.44971558589307,12.824164399234691,9.906498550411705,9.724468867846957,63.0,41.0,39.0,-0.9733390495050609,-0.22679895005474285,0.03425391893858308,12.973863643328903,-0.18196991922714723,0.6726188514199475,-0.7172662192038431,9.81489542457486,-0.13963539381206547,0.7043764029044243,0.6959567801425409,9.618206215225381,63.16075633286215,53.12211815970477,53.789800832565234,18.115974177496796,5.382813430718008,52740.0,180477.32347542816, 0.0, 0.0,0.0,NaN, 68.13747351835012,68.13747351835012,0.0, 164.45919253859847, 16.267671738880015, -2.028710776846341, 16.267671738880015, 98.13871352930921, -2.4330061956328892, -2.028710776846341, -2.4330061956328892, 94.56529476172466, 6.198473454897698, 3.975965748110833, 16.0, 0.0
8, 0 ,1.0,1.0,1.0,185.19572466203118,155.33548737301936,91.19939514565617,8.344890058355897,10.812195784007447,10.301365155585364,32.0,56.0,52.0,0.18377554686139252,0.8165002969232149,0.5473150952605806,11.429574646895784,-0.21151696136513679,-0.5109066862437837,0.8332076169876603,9.792707417607868,-0.9599412083198925,0.2688896113197734,-0.07881150609933715,8.131826157181962,55.25595065237974,47.29787031983176,38.1218598640133,16.398684431573987,4.872580501144551,38687.0,99631.05334584991, 0.0, 0.0,0.0,NaN, 102.62268234372769,102.62268234372769,0.0, 69.63719008604708, 12.896856556763225, 1.241791298293779, 12.896856556763225, 116.9035776717084, 16.15473028160686, 1.241791298293779, 16.15473028160686, 106.11812406870828, 6.149237658433214, 4.07412468123722, 18.0, 0.0
9, 0 ,1.0,1.0,1.0,79.32833705782961,146.63792445631438,44.85984084591486,9.625598970089461,8.883933712129979,10.408619093456931,45.0,40.0,48.0,-0.5858972526042336,-0.08915456002471377,0.8054662462310945,11.243567258880393,0.10993773458666127,-0.9934857195294727,-0.029996993265308983,8.863529995952318,0.8028935819302352,0.07097597845613644,0.5918820039310457,8.656547607046903,54.619794694676656,40.70876791550971,42.19306820299094,16.07614301472005,4.63394118838869,36694.0,93816.47895137532, 0.0, 0.0,0.0,NaN, 105.60729845712106,105.60729845712106,0.0, 92.65215553298731, 2.2931074876089657, -24.307362580029118, 2.2931074876089657, 78.92427820151954, -3.5889015784917992, -24.307362580029118, -3.5889015784917992, 108.33935143267617, 5.996894630354101, 3.9423775166406547, 15.0, 0.0
10, 0 ,1.0,1.0,1.0,40.27309814102267,173.02851050020863,190.34500023179268,9.8846628041906,10.260587522152798,4.9805262992540085,48.0,49.0,20.0,-0.4089338115320652,0.9124362266691427,0.01527318066528262,10.354623128741945,0.9125466860672495,0.408765522472128,0.0130112791749888,9.787709161532709,-0.005628812800110128,-0.019258242387745983,0.9997986980220552,4.977387517648057,49.051985707374584,44.48714660988655,20.508831092947986,14.375581306103498,4.597229533261147,21571.0,44754.020093075545, 0.0, 0.0,0.0,NaN, 49.42269418230742,49.42269418230742,0.0, 97.70655875254918, -4.268413859196554, 0.32838550064945216, -4.268413859196554, 105.27965629975769, 1.5266712186476403, 0.32838550064945216, 1.5266712186476403, 24.805642217560827, 6.168389194579578, 4.034986004247056, 11.0, 0.0
11, 0 ,1.0,1.0,1.0,153.62472461237894,10.642266284241593,87.26744814399136,8.913998424364605,6.858795715957906,9.62455887955577,46.0,26.0,44.0,-0.3320550121074215,-0.02385139902588461,0.9429584188599452,9.716713018735385,0.9269521542437399,0.17683483839463698,0.3308914378959237,8.872892513402084,0.1746401233314651,-0.9839514981412701,0.03660978869537435,6.781728892104469,44.550276641624585,42.882356093050674,28.89792678685711,14.154245463905443,4.334964308545303,24057.0,55207.201190445856, 0.0, 0.0,0.0,NaN, 99.39583243027154,99.39583243027154,0.0, 79.45936790957467, 5.749568941020599, -5.120899453632934, 5.749568941020599, 47.043078673242526, 0.826439652790846, -5.120899453632934, 0.826439652790846, 92.63213362603584, 6.43747050380025, 4.054178721330414, 15.0, 0.0
12, 0 ,1.0,1.0,1.0,100.09977974696511,91.84851201147364,13.839804333350408,10.7177270518259,10.238895847787017,8.15416272344802,51.0,47.0,33.0,0.8249159792917188,0.5542047028472923,-0.11122398325509021,11.105535950964637,0.5621289416447777,-0.8249821784413222,0.058441921764536685,9.85863795769838,0.05936901611536567,0.11073189511678316,0.9920754846932459,8.103663364219964,49.7132204437534,47.79703148173626,34.86308935712012,16.272583692431706,4.62580274466502,39046.0,82839.73323904001, 0.0, 0.0,0.0,NaN, 136.41020251180674,136.41020251180674,0.0, 114.86967315744069, 11.743333432446303, -4.25505500391162, 11.743333432446303, 104.83498818183023, -5.07428564688396, -4.25505500391162, -5.07428564688396, 66.49036972046922, 6.272829892942421, 3.913253964538278, 14.0, 0.0
13, 0 ,1.0,1.0,1.0,154.67218415582417,9.830433443683116,40.21687581799985,10.132143914215188,6.231459710775282,9.593798122534224,45.0,24.0,46.0,-0.9554684789532293,0.013273544007520436,0.29479450258829953,10.187078038648643,-0.2950526168362664,-0.026408300634290283,-0.9551159903151452,9.537955309703403,-0.004892752280046552,-0.9995631119079423,0.02914869273289519,6.227619319283076,50.80674760427382,45.99422108156458,24.854397784164764,14.622463290196322,4.440265776750489,25978.0,58080.173842232325, 0.0, 0.0,0.0,NaN, 61.38929394816837,61.38929394816837,0.0, 102.66034029836788, -0.4176237121254357, -3.5990101445035636, -0.4176237121254357, 38.831090127015564, 1.5706881968699793, -3.5990101445035636, 1.5706881968699793, 92.0409624159412, 5.880452599154167, 3.874375839760928, 15.0, 0.0
14, 0 ,1.0,1.0,1.0,188.9508130676824,58.27721213009083,93.90063726926458,6.894173426326864,9.738401451991155,10.291021387005419,28.0,47.0,55.0,0.1783818678782753,-0.5733064834239092,0.7996871796373681,10.887623396168982,0.06624611022250794,-0.8038806368371678,-0.5910899885792826,9.204076192132439,-0.9817287619768735,-0.1584159012927045,0.1054184050580128,6.7093851799425295,48.86659029004156,45.98674868254851,30.07317431521355,15.017601785472557,4.768946201539765,27304.0,67580.90666238936, 0.0, 0.0,0.0,NaN, 111.06596087503546,111.06596087503546,NaN, 47.52962723227149, -9.633302963275995, 8.933729704534949, -9.633302963275995, 94.83646284014345, -14.844781844823702, 8.933729704534949, -14.844781844823702, 105.90512118780293, 6.032991372027025, 3.9014522399366975, 12.0, 0.0
15, 0 ,1.0,1.0,1.0,73.55239603192555,186.83904740362556,29.709826477526093,9.0263520414943,7.56779826582476,11.085164348755177,44.0,29.0,56.0,-0.21541184329080354,0.02775251759231435,0.9761288519131815,11.18892227718805,0.9061100640061658,0.3783741157136389,0.18920248535541004,9.14515273768135,0.364091045861884,-0.9252366326109286,0.10665310121130694,7.266475768049161,57.2626937493247,46.31138869191342,38.44326731344766,15.439407724234657,4.822049308432689,30947.0,101948.2721542259, 0.0, 0.0,0.0,NaN, 80.41044350459674,80.41044350459674,0.0, 81.47503117698834, 10.137993493231019, -9.93567982787652, 10.137993493231019, 57.27157059222024, 4.168308581915983, -9.93567982787652, 4.168308581915983, 122.88086863891276, 5.7548480663616735, 3.8305267205502065, 15.0, 0.0
16, 0 ,1.0,1.0,1.0,185.50633304037638,148.8320581088766,33.958693067259475,8.449328252546037,11.865280458468995,9.235825368383502,36.0,57.0,49.0,-0.19294911598723172,0.9796601521564802,0.05510557972190708,11.990496503391169,0.03300370863997703,-0.04964938604385091,0.998221264891445,9.226644617057667,-0.9806535544501708,-0.19442459911803933,0.022752613081498188,8.280913067129735,57.74044986227214,48.317049347154594,40.64400258871922,16.4869331496515,5.065326626345356,38686.0,113390.59605349349, 0.0, 0.0,0.0,NaN, 63.09847457859978,63.09847457859978,9.5367431640625E-7, 71.39114791927265, -14.241491863637238, -0.25406813321303695, -14.241491863637238, 140.7848803581262, 3.2389657462126626, -0.25406813321303695, 3.2389657462126626, 85.30047023527625, 5.8987139538489, 3.912708645591597, 16.0, 0.0
17, 0 ,1.0,1.0,1.0,152.60099435409117,109.81629729501981,10.219263503834162,10.253201742549603,9.776591514692745,5.8237901105400995,55.0,52.0,24.0,-0.8559808986502648,-0.5156952518901224,-0.03681179598807851,10.528345969042963,-0.5141324270706911,0.856558905125557,-0.044437478377014276,9.491032095576479,-0.054447668272250144,0.019111494658726462,0.9983337128393611,5.805226936742696,53.04797575314993,41.75412605915115,24.425988807248203,14.619442445769792,4.571468193593507,23734.0,54102.878026333434, 0.0, 0.0,0.0,NaN, 102.39237919084576,102.39237919084576,0.0, 105.12814597342222, 9.225471281024573, 3.718944357517052, 9.225471281024573, 95.5817416451622, -0.6814700903043313, 3.718944357517052, -0.6814700903043313, 33.91653125162466, 6.028734081468486, 3.945312829621724, 18.0, 0.0
18, 0 ,1.0,1.0,1.0,11.28503086419753,47.417554012345676,15.059799382716049,6.862292385870054,9.961321442526271,9.45400519130823,27.0,50.0,38.0,0.07385951650402857,-0.7783196299822852,0.6235088815775037,10.81316413493604,-0.03932897066706444,-0.6270034680358396,-0.7780230608004487,8.491420761780768,-0.9964928519001329,-0.032942444585489755,0.07692068289265003,6.83143108470826,54.59468884838612,41.46402332542962,30.05889006332272,14.629422642064977,4.6558768226440135,25920.0,68044.77390192595, 0.0, 0.0,0.0,NaN, 51.015428132744944,51.015428132744944,0.0, 47.091056789170125, -3.4115312130868083, 4.013742367303071, -3.4115312130868083, 99.22792488133369, -21.686350645028394, 4.013742367303071, -21.686350645028394, 89.37821415728295, 6.978549018076817, 4.111158401540874, 10.0, 0.0
19, 0 ,1.0,1.0,1.0,62.890728829821256,11.496073344941545,107.03269251270389,9.40306958423922,7.0153441356972195,9.815391907625427,46.0,27.0,47.0,-0.4774256648191436,0.057367736506573556,0.8767973981371697,10.010663409112405,0.8757513699947875,0.11236168092157515,0.4695044095775144,9.229203127224595,0.07158402422503843,-0.9920099775045561,0.10388422405331134,6.970159036526395,48.685566836987654,48.79607976431002,29.85334570078028,14.693918619799923,4.2501111565804255,28141.0,70921.54262562089, 0.0, 1.7763568394002505E-15,-1.4210854715202004E-14,36.252190214933805, 112.82873630656266,112.82873630656266,0.0, 88.41771760604473, 2.186895474066075, -6.565952543386242, 2.186895474066075, 49.21505334226137, 4.527543886949778, -6.565952543386242, 4.527543886949778, 96.34191830027873, 5.771832821341933, 3.8459430954901555, 18.0, 0.0
20, 0 ,1.0,1.0,1.0,191.6846141206113,134.69814317795914,118.52336090266748,4.824032923460294,9.701768224392776,9.706856001593188,19.0,47.0,46.0,0.023686033659685187,0.7056406380784569,0.7081738922762549,10.736859741263835,0.02204199092588658,-0.7085690427845162,0.705297144644339,8.55237582592211,-0.9994764241569158,0.0010961294006226444,0.032336914739067114,4.816156599482925,49.01726151513108,45.38010313747422,19.938783880420544,13.829853839192433,4.511518208841177,18257.0,44351.99801189213, 2.8421709430404007E-14, 0.0,0.0,88.64276330970897, 104.74693725988573,104.74693725988573,0.0, 23.271293646628873, 0.7589915330387664, 2.3211103728739233, 0.7589915330387664, 94.12430667983735, 21.05478676313744, 2.3211103728739233, 21.05478676313744, 94.22305343566569, 6.168254630265416, 3.8400999544632795, 10.0, 0.0
21, 0 ,1.0,1.0,1.0,11.49714894750866,153.46911803890222,188.03618438582467,7.270558647487802,10.146198430977742,6.105941120134055,29.0,56.0,23.0,0.06006834543726104,0.9979666943508854,0.02131363044616924,10.15652715917344,0.9963920060488682,-0.061228736006792,0.05877084454832254,7.261883046525571,-0.059956352110034014,-0.017706463604474698,0.9980439454193791,6.099089546271273,56.46550470757603,30.707651341036243,24.275278611792373,13.2039865383573,4.32939050037662,18765.0,42091.46467756772, 0.0, 0.0,0.0,NaN, 49.40081268611681,49.40081268611681,0.0, 52.86102304655966, 3.0060004164711676, 0.9942145411479663, 3.0060004164711676, 102.94534260077519, 1.3470007381606706, 0.9942145411479663, 1.3470007381606706, 37.28251696254392, 6.146576862644266, 4.074491211229039, 8.0, 0.0
22, 0 ,1.0,1.0,1.0,8.962210083281096,20.075714157786337,54.132846780693114,5.531466461909557,10.615024233209159,10.05441638184495,22.0,42.0,45.0,0.06581216668621774,0.9137805443385003,-0.400841459313405,10.75660407049915,0.02155784778399567,-0.40292067971226303,-0.9149809752443658,9.923083615848729,-0.9975991268615804,0.051575601292107316,-0.04621622481737367,5.495000445291673,49.635428679117744,52.70523790936439,23.058126826703898,14.83737613059219,4.921322894273371,22334.0,60321.14529223184, 0.0, 0.0,0.0,NaN, 58.427053743142004,58.427053743142004,1.1680077279964342E-6, 30.59712121923023, 4.549337456307474, -3.6024392100427893, 4.549337456307474, 112.67873947161769, -6.150830299370853, -3.6024392100427893, -6.150830299370853, 101.0912887795121, 5.32340118098576, 3.7337046115233705, 10.0, 0.0
23, 0 ,1.0,1.0,1.0,100.44264005285669,21.156448864624267,102.95079458914351,8.793514118808224,8.863747709472385,8.799279383775568,45.0,41.0,45.0,-0.6054741618136361,0.7371702666727251,0.29996839385131524,8.995557448113455,0.03370234624233166,-0.3528215879236442,0.9350834609556518,8.783902642299099,-0.7951510493194591,-0.5762785134192503,-0.18877998765086842,8.674228049624686,52.40859820867933,45.11438870578171,44.40383017372048,14.684179319145674,4.206436664419019,28757.0,104987.61107065824, 0.0, 0.0,0.0,NaN, 140.6336073599946,140.6336073599946,0.0, 77.32589055767956, -2.556992648669977, -0.9708823703866221, -2.556992648669977, 78.56602345717695, 0.6238263776973572, -0.9708823703866221, 0.6238263776973572, 77.42731767373773, 5.571219733568949, 3.6285683779064555, 16.0, 0.0
24, 0 ,1.0,1.0,1.0,123.26998081128119,10.703779731357937,145.66446517024409,8.85283263354235,6.476365686245319,9.271024722124455,42.0,26.0,46.0,-0.6166596419655532,-0.04379161583163513,0.7860109289022452,9.882279264961536,-0.778192784907533,-0.11694417546341802,-0.6170413676108265,8.192890718370828,-0.11894063850834864,0.9921725425590225,-0.038036433891607234,6.440881596790573,42.498265612485355,43.541275682147955,27.594475433883787,13.769833326711803,4.081610918783476,22409.0,51061.60927798868, 0.0, 0.0,0.0,NaN, 94.62778181102105,94.62778181102105,0.0, 78.37264563751239, 3.850200036828296, -14.91681977241178, 3.850200036828296, 41.9433125019758, -0.08350574322461876, -14.91681977241178, -0.08350574322461876, 85.95189939824283, 5.873836216861036, 3.792151764524146, 10.0, 0.0
25, 0 ,1.0,1.0,1.0,139.8008989653418,36.594391360886526,37.74956182506926,8.902722003839747,8.971551135686422,10.11777533556275,40.0,44.0,44.0,0.41148381267927475,0.26397905373055747,0.8723509219886496,10.437737103974344,-0.46350532064422406,-0.7635135974229843,0.44967744471421783,9.142348757068522,-0.7847572170024453,0.5893742832375135,0.19181779015733758,8.341922437379504,49.13578793266824,45.721819121628414,43.53645391990958,15.592835773269481,4.3566086749538275,35374.0,97808.02251934452, 0.0, 0.0,0.0,NaN, 79.92565709732663,79.92565709732663,0.0, 79.2584590776524, 9.227944206330188, 11.211204950922909, 9.227944206330188, 80.48872978023634, 4.258684713804227, 11.211204950922909, 4.258684713804227, 102.36937774092195, 5.46687558769772, 3.569140625230014, 16.0, 0.0
26, 0 ,1.0,1.0,1.0,70.72504464560626,63.52136831085658,45.85057577437034,9.149968526241247,9.29044760627409,8.644478608581244,43.0,39.0,43.0,-0.6463898751834974,-0.7623353063760381,0.03201577599893984,9.628968506529239,0.7008659287740577,-0.6098095016243789,-0.3700261093656819,8.822235105364673,0.30160749185645175,-0.21674236406659905,0.9284695301811914,8.61466681980722,50.195779764955546,43.76745967080938,41.40829820172487,15.088052233246867,4.136669067880774,32478.0,90971.61979936766, 0.0, 0.0,-7.105427357601002E-15,88.16531763841635, 105.54274712668688,105.54274712668688,0.0, 83.72192403120543, 7.571519767718164, -1.3215825584972256, 7.571519767718164, 86.31241672492399, 0.3650532795304012, -1.3215825584972256, 0.3650532795304012, 74.72701041421871, 5.759169217225469, 3.634119116282131, 21.0, 0.0
27, 0 ,1.0,1.0,1.0,67.75541523793594,190.49289119344317,72.9678849209668,10.40253719615382,5.499037343441259,10.02992790069838,51.0,22.0,46.0,-0.8876765007582119,0.045058338396675376,0.45825776168286214,10.530762269319837,-0.46025713749279373,-0.05673502446023,-0.8859709387933876,9.914642373999518,-0.013921113051605118,-0.9973719883475914,0.07110076983392395,5.463932479258505,48.23146620509162,49.74481524873721,23.06587494793817,14.72346931520316,4.719226296693475,23914.0,55341.155119307965, 0.0, 0.0,0.0,NaN, 100.02746443734485,100.02746443734485,NaN, 108.21278011736379, -1.454172426593254, -5.056445642605355, -1.454172426593254, 30.239411704561494, 5.11384713709815, -5.056445642605355, 5.11384713709815, 100.5994536932078, 5.38610927498893, 3.66812711241537, 16.0, 0.0
28, 0 ,1.0,1.0,1.0,92.11748281142103,126.72561323445522,77.1358873510073,8.99412058596098,8.149976371206282,10.2599722304364,44.0,39.0,46.0,-0.08556199123060419,-0.10476004451407833,0.9908100114199806,10.28858667424245,0.9881470927362466,0.11829125013281404,0.09783917037117502,8.997704170101951,-0.1274537907382821,0.987437346475929,0.0933970985149853,8.109849200156836,45.739614729683616,44.84103207114072,39.46157345402091,15.31509191494618,4.24632897596208,33307.0,80936.14218620663, 0.0, 0.0,0.0,NaN, 140.7292134306391,140.7292134306391,0.0, 80.89420511480706, 2.1347367044037697, -1.9297963552553872, 2.1347367044037697, 66.42211485122071, -3.9849618848633375, -1.9297963552553872, -3.9849618848633375, 105.26703016932606, 5.776048456426749, 3.6258282955909182, 19.0, 0.0
29, 0 ,1.0,1.0,1.0,125.86025102125392,74.71940678467823,165.5943105795986,8.99726513198828,8.992276033734788,9.387649777283839,43.0,43.0,44.0,-0.4901083625615351,-0.3513213258944391,0.7977262180215869,9.78883887801915,0.5047788471085705,-0.860499487241192,-0.06884001720938007,8.917296845257612,0.7106279676870264,0.3689362525280195,0.5990775685264709,8.637142285319248,49.10860656713052,42.48506287082762,44.73643574454084,15.257178954665818,4.142253831962756,33782.0,93337.30490661676, 0.0, 0.0,0.0,NaN, 110.74043341697205,110.74043341697205,0.0, 80.95077985529208, 1.5177999949815288, -8.467771587049741, 1.5177999949815288, 80.86102826688105, -5.656075129239963, -8.467771587049741, -5.656075129239963, 88.12796834093731, 5.631714246116857, 3.6357023420874466, 17.0, 0.0
30, 0 ,1.0,1.0,1.0,45.7539197448844,53.44196415389612,171.22470251277053,9.129804391642915,10.305684079935821,8.478127348448893,43.0,45.0,40.0,-0.3094528744479994,0.9114929727863598,0.2709602905537175,10.591717692084682,0.9372928997624937,0.34043284551515146,-0.07474956688351116,8.980101688810565,-0.1603774876679587,0.23083768811773603,-0.9596838141772385,8.283259377287655,53.00863603817183,44.95574334377622,43.17185196373603,15.5249511014996,4.518294945842663,33867.0,102880.3639364248, 0.0, -7.105427357601002E-15,0.0,24.287508450500127, 76.00975233564569,76.00975233564569,0.0, 83.35332822966227, -8.45158032129897, -4.496333577186344, -8.45158032129897, 106.20712435544264, 10.45524117249421, -4.496333577186344, 10.45524117249421, 71.87864333651706, 5.567733423129504, 3.58023201968136, 19.0, 0.0
31, 0 ,1.0,1.0,1.0,189.00402112591524,182.04903372944423,187.51764494058335,6.52805148285468,9.513180148279105,7.003121517033382,26.0,48.0,28.0,0.02285843715821545,-0.9867671675339231,0.1605242938865105,9.575456763348368,0.5060634656159939,-0.1270546104264926,-0.8530866865319741,7.1176746455563284,-0.8621932849537938,-0.10073570889436897,-0.4964625427301992,6.309445228544211,50.78155108756144,38.066979140593006,32.44234845533532,12.788957211480477,4.313042675612663,16662.0,62714.31177908542, 0.0, 2.8421709430404007E-14,0.0,9.331342186863768, 24.473617004343545,24.473617004343545,0.0, 42.61545616280119, -1.8679801500343776, -4.494699448506691, -1.8679801500343776, 90.50059653361164, -7.041586599235345, -4.494699448506691, -7.041586599235345, 49.04371098233593, 6.287650921433545, 3.9630231395288873, 7.0, 0.0
32, 0 ,1.0,1.0,1.0,89.51880530973452,75.98993719668856,100.30798601198973,10.465418376113979,8.903912563897231,7.352034496996645,48.0,43.0,38.0,-0.9708428875964035,-0.2246753419525557,0.083576780997949,10.577033115777501,0.2019905585335383,-0.9544726870402911,-0.21950331195085748,8.866275092376535,0.12908873640556773,-0.19622150853713372,0.9720253174278052,7.236890798658591,48.28822955820857,41.62679314990697,36.103107706492224,14.963311241579605,4.353891209627392,28024.0,72570.2843280936, 0.0, 0.0,0.0,NaN, 154.03436211516072,154.03436211516072,0.0, 109.52498178710414, 7.920043644638334, -5.991250664727198, 7.920043644638334, 79.27965894552696, 4.379883387645622, -5.991250664727198, 4.379883387645622, 54.05241124502872, 5.918804520638481, 3.6768308269247605, 18.0, 0.0
33, 0 ,1.0,1.0,1.0,143.2577458605118,71.45139237330658,115.92360762669342,9.480531366919159,9.714225506350422,8.069081104758478,47.0,43.0,36.0,-0.6122510376218584,-0.7796630846073946,0.13143112809164018,10.30947519277437,0.7557846368359947,-0.5282728637555751,0.38693328125423476,9.045340880850324,-0.2322460971763405,0.336233930352021,0.9126929902362519,7.826445659513984,50.51776647199554,42.918409079140204,41.07218456190344,15.189554746677922,4.316728930590435,31888.0,89050.3352480771, 0.0, 0.0,0.0,NaN, 124.07185269602726,124.07185269602726,1.3486991523486091E-6, 89.88047499913804, 13.285248560078768, 2.3902994517126084, 13.285248560078768, 94.36617718822912, -8.818126197271946, 2.3902994517126084, -8.818126197271946, 65.11006987517031, 5.564202267136396, 3.566538459967669, 19.0, 0.0
34, 0 ,1.0,1.0,1.0,146.54173513911712,105.07970193233977,83.55343684478949,9.370015475330707,9.36121616374617,9.557968134615466,43.0,47.0,45.0,-0.5491190295806443,-0.7290347447613862,-0.4086277429190432,9.837157325267759,-0.5486016892641346,-0.05442115805069485,0.8343108078485854,9.635717657666179,-0.6304795618328556,0.6823098112200364,-0.3700659990108915,8.784508746328122,49.72559841741443,47.40918622776114,43.11430086876848,15.710344353510786,4.4687127037603345,35294.0,101639.81529416693, 0.0, 0.0,0.0,NaN, 137.2910262026109,137.2910262026109,0.0, 87.79719000793692, 8.315353857699982, -2.778141113854376, 8.315353857699982, 87.63236806438253, 5.127618919805331, -2.778141113854376, 5.127618919805331, 91.35475486232467, 5.308991658955773, 3.413577661232635, 20.0, 0.0
35, 0 ,1.0,1.0,1.0,9.69249121589381,97.46779161063635,110.47707456730143,5.8770388587424005,9.896934136804441,9.646403518959705,24.0,49.0,48.0,0.05410155333606285,-0.8290970154897589,0.5564810516384177,10.045528621963362,-0.16154185667186668,-0.5572232995253548,-0.8144976507081424,9.58277375220341,0.9853817790428399,-0.045829394192498284,-0.164080517302687,5.727110425459568,46.2671640765899,44.20580415434213,24.90862216599927,14.3074987776434,4.564807841929296,23053.0,50945.03684874975, 0.0, 1.4210854715202004E-14,0.0,33.99390890391316, 132.6961527907012,132.6961527907012,0.0, 34.53958574716818, 2.2583253688371365, 9.817506684927, 2.2583253688371365, 97.94930530824506, -4.634614676344961, 9.817506684927, -4.634614676344961, 93.05310085059818, 5.442600660273317, 3.5950623575781373, 16.0, 0.0
36, 0 ,1.0,1.0,1.0,101.45087871933183,97.01218026796589,171.75566382460414,9.283206125420536,8.432942556651094,8.733913380274474,41.0,41.0,46.0,-0.8842596257913755,-0.3204620010847494,0.3396895936823136,9.525424373473815,-0.23810237659912864,-0.31636409576866986,-0.9182706666154155,8.643107244742435,-0.4017364465083344,0.8928705755982949,-0.2034452328702395,8.254493729240565,44.70352791736752,45.91443521497516,40.868629201122864,14.69097942953072,4.212932763058031,28735.0,83884.38323767843, 0.0, 0.0,0.0,NaN, 141.14189651384498,141.14189651384498,0.0, 86.17791596704535, 6.898005653322901, -5.351814181714664, 6.898005653322901, 71.11452016377707, -0.5522005337954359, -5.351814181714664, -0.5522005337954359, 76.28124293413751, 5.352343899287492, 3.5242469826761917, 16.0, 0.0
37, 0 ,1.0,1.0,1.0,116.78452683464471,38.12552429354315,158.05810856320608,9.192577994417919,8.43018979637792,9.709054291431496,45.0,39.0,47.0,-0.5965601569854472,-0.1737691870770628,0.783530630364937,10.198181723240232,-0.5953610566022598,-0.5588748667162602,-0.5772383352085372,8.999712362719492,-0.538201812872216,0.8108410158443266,-0.22994707140035717,8.052303542990549,50.31629378347026,44.587277893137525,41.59248127307033,15.207727743316282,4.30840368414379,32663.0,93311.34144407378, 0.0, 0.0,0.0,NaN, 100.68511724225841,100.68511724225841,0.0, 84.50349018345655, 9.435184764962102, -12.753850899554678, 9.435184764962102, 71.06810000295441, -0.12048021030354025, -12.753850899554678, -0.12048021030354025, 94.26573523396435, 5.2947739074018365, 3.404437884658707, 13.0, 0.0
38, 0 ,1.0,1.0,1.0,181.84411871718905,160.58412599407453,8.248661572846821,9.43945752616736,9.384115537057102,5.337355559253838,39.0,48.0,20.0,-0.7276618187826933,0.6844914279348251,0.044494522916941025,9.873746298558267,-0.6849436441386849,-0.7285668167079339,0.006526710203968864,8.933823091135965,-0.036884710109765365,0.025727002853254237,-0.9989883079817836,5.324310863862542,53.97460916775335,50.22307687581005,20.60588328926587,13.643069968912656,4.41802998975868,19239.0,55857.82972842822, 0.0, 0.0,0.0,NaN, 44.173380746212715,44.173380746212715,0.0, 89.1033583883176, -8.75602713986019, -2.468697122669185, -8.75602713986019, 88.0616244128365, 1.8610915975023492, -2.468697122669185, 1.8610915975023492, 28.487364365897854, 5.929236264322446, 3.6283508697051228, 11.0, 0.0
39, 0 ,1.0,1.0,1.0,53.39360693978714,83.8102857559411,72.07686980609418,7.705857923856407,8.708723770441708,9.186972022073325,36.0,42.0,45.0,0.042956724518868686,0.43362155135314406,0.9000705916875092,9.321966774585572,-0.174757758561675,-0.8837515600204562,0.4341001105550536,8.5937488845324,-0.9836739529138249,0.1759418380133135,-0.03781565807159252,7.672743091619571,42.986164996037814,38.77183507301382,35.43328726964751,14.295760989334402,3.905609904060781,27436.0,59054.976798694384, 0.0, 0.0,0.0,NaN, 122.76040249843449,122.76040249843449,0.0, 59.380246342660584, 2.8358625208336448, -0.05285453550120579, 2.8358625208336448, 75.84186970985644, 5.191613476480555, -0.05285453550120579, 5.191613476480555, 84.40045493435805, 5.187831400851672, 3.442865511549412, 15.0, 0.0
40, 0 ,1.0,1.0,1.0,155.19237469186524,178.4137058340181,135.62958093672967,9.279558526121939,9.531020469001247,8.350299769085172,44.0,44.0,39.0,0.615928353531557,0.7696142009180047,0.16830402568342448,9.813813428233287,-0.7020169134870377,0.6331340176178875,-0.32605761594105787,9.119212779435419,-0.35749757550791744,0.08267585790527988,0.9302473789404552,8.197992933214612,48.57814358355921,49.690824307593886,40.36264108499745,15.064786538588878,4.441876900655649,30425.0,97430.89488264534, 0.0, 0.0,0.0,NaN, 81.34643343107024,81.34643343107024,0.0, 86.11020643972238, 6.70539292534076, 6.668596968852074, 6.70539292534076, 90.84035118052076, 0.4764984305467595, 6.668596968852074, 0.4764984305467595, 69.72750623358388, 5.567573926051131, 3.5712283395510154, 17.0, 0.0
41, 0 ,1.0,1.0,1.0,133.62889048765993,137.27927054333887,18.397760330319997,9.266301432062033,8.297995298365636,9.517599167382807,48.0,39.0,38.0,0.5293791816217213,0.06683573279452175,0.845748583733568,9.648136170270964,0.8036289447894976,0.2800093035152059,-0.5251431319568479,9.211274436122576,0.2719157979265546,-0.9576678833326032,-0.09451996652145353,8.208023745996524,46.59036071350373,48.10413412867905,40.78943285649531,15.081580552821189,4.2251260503397745,31969.0,91416.82663795902, 0.0, 0.0,0.0,NaN, 93.15305505804206,93.15305505804206,0.0, 85.86434222983488, 4.842324305613942, 4.137915748347375, 4.842324305613942, 68.8567259716982, -1.1161814329224375, 4.137915748347375, -1.1161814329224375, 90.58469391096591, 5.374896341033513, 3.400234064460497, 14.0, 0.0
42, 0 ,1.0,1.0,1.0,117.78340320326777,89.37701100003584,63.26987710057688,8.338952576829014,8.752096927338037,8.680537122596117,40.0,42.0,39.0,-0.4057412570943945,-0.7226697510566665,0.5595734654173267,9.310278964835772,-0.5112047564829069,-0.328081438575277,-0.7943753940119423,8.40995917975481,-0.7576567357588213,0.6083674880942214,0.23631603878961585,8.005020151922588,50.39688923559655,42.30926394288991,40.538365701805944,14.34682522025497,3.9569763128362463,27909.0,86438.1446576378, 0.0, 0.0,-7.105427357601002E-15,55.973694834155054, 136.9339119154166,136.9339119154166,0.0, 69.53813007860326, 7.741804847727049, -2.432068254936108, 7.741804847727049, 76.59920062551993, -7.407167825872357, -2.432068254936108, -7.407167825872357, 75.35172473676928, 5.2933035607732455, 3.388062072532897, 16.0, 0.0
43, 0 ,1.0,1.0,1.0,15.987087009724995,152.74251304179816,56.98360919688285,9.349427419185814,8.305342787716691,9.232187835800067,37.0,40.0,44.0,-0.8884911417060657,0.10907933729270829,0.44574116848865997,9.453682973187286,-0.3831480499000094,0.35823491133844093,-0.8513902278956226,9.27969071771153,-0.2525491298097705,-0.9272375350869501,-0.2764950100059759,8.132590150111037,45.91527762362672,47.288098919588904,38.149131896467026,14.968216936943776,4.19240812090036,31054.0,82831.1572891243, 0.0, 0.0,0.0,NaN, 75.73631058986308,75.73631058986308,0.0, 87.4117930666235, -4.993181305797597, -2.68559839995009, -4.993181305797597, 68.97871882147767, -4.962293452106552, -2.68559839995009, -4.962293452106552, 85.23329223549473, 5.669732589435154, 3.6719428332162924, 20.0, 0.0
44, 0 ,1.0,1.0,1.0,184.3661471038161,11.939719684127837,94.34096828875016,8.530187848808321,6.766022425753845,10.33953899692757,34.0,27.0,47.0,-0.3052498208042972,0.06333897156906844,0.9501635235997627,10.52280475471486,0.9038530372580151,-0.2948442017345639,0.3100267468186702,8.46799094145925,-0.29978698093547124,-0.9534437956083619,-0.03275201791516012,6.558425144824139,49.53062549038452,45.30036043844612,32.638211030481244,14.343273656189952,4.4406904524402,24187.0,73232.15530892939, 0.0, 0.0,0.0,NaN, 96.37008125022012,96.37008125022012,0.0, 72.76410473595715, -8.956057283773777, -11.599727753138957, -8.956057283773777, 45.77905946580395, 1.452438572993625, -11.599727753138957, 1.452438572993625, 106.90606666898601, 5.770890430086045, 3.678084800527892, 10.0, 0.0
45, 0 ,1.0,1.0,1.0,186.65228940045535,24.13647862383,177.10380301880429,7.891934523328951,8.78976327259954,8.480660173086928,32.0,46.0,44.0,-0.570984247725726,0.7163856415054197,0.400959600825264,9.232129925447406,0.18891537343798673,0.5899507534320978,-0.7850280824299766,8.744392374765159,-0.7989292650340658,-0.37249123636639847,-0.4721888481342597,7.054611606321167,49.03308684605328,44.864848182544975,36.86683331586477,13.925590995391646,4.188326791133229,23718.0,81101.94557124824, 0.0, 0.0,0.0,NaN, 35.84643378091487,35.84643378091487,0.0, 62.28263052051136, -11.531261522441797, -12.078587423219618, -11.531261522441797, 77.25993838833978, -2.1771232975743593, -12.078587423219618, -2.1771232975743593, 71.92159697138281, 5.745432380210218, 3.6192329345488887, 12.0, 0.0
46, 0 ,1.0,1.0,1.0,182.12079233557742,94.16228638011393,80.04029647850855,9.39014821913257,8.562913165365753,9.50186486998071,38.0,43.0,43.0,0.6582997573201206,-0.24061077663530722,0.713265647342717,10.592485686090496,0.5331343211953204,0.8179604249003105,-0.21612158351379082,8.515308233329563,-0.5314218899103385,0.5225391827067689,0.6667410122830806,8.189784743422987,54.56837849958177,51.4111280404434,49.278870148652196,15.209395735937099,4.523061221111062,30896.0,138248.02122667976, 0.0, 0.0,0.0,NaN, 124.87053817216326,124.87053817216326,0.0, 88.17488357727856, -4.776658880456555, 20.563037724695917, -4.776658880456555, 73.32348187759415, -8.706177063155273, 20.563037724695917, -8.706177063155273, 90.28543600737352, 5.493678830796491, 3.383187727346201, 14.0, 0.0
47, 0 ,1.0,1.0,1.0,29.390719934829097,152.3786022198839,128.9321475849428,9.394526807350484,9.020508618628801,8.281750964425456,48.0,44.0,40.0,-0.5212028875834408,0.700538190226373,-0.4874359383642545,9.679357609336137,-0.8526356683074313,-0.4521083680041061,0.26193594772501827,9.288875434718568,0.036877731825899,-0.552127039380451,-0.8329440349029191,7.631575075855181,47.645797663533024,52.08525457347657,36.62352557531514,14.829951488935881,4.276288992263428,29461.0,90886.53421529004, 0.0, 0.0,0.0,NaN, 90.45579910491067,90.45579910491067,0.0, 88.25713393402687, -2.133399754016634, 2.7430857455516553, -2.133399754016634, 81.36957573875648, -15.425551548231082, 2.7430857455516553, -15.425551548231082, 68.58739903676198, 5.358316932406034, 3.429955195826854, 20.0, 0.0
48, 0 ,1.0,1.0,1.0,178.63867504983898,81.6982978070848,18.52286459132035,10.236791985766748,8.861093287697752,9.157291044884117,49.0,43.0,41.0,-0.809985197513725,0.4853476880679447,0.3291832339226176,10.902961877753757,0.4893177229558726,0.249919970041517,0.8355286796847414,9.153353687546943,-0.3232524490393416,-0.8378410531010926,0.4399207018640063,8.031712286727803,57.45279050781957,45.74347136021484,43.32880371975229,15.613132815761924,4.8370391120205625,32605.0,113871.99911104522, 0.0, 0.0,0.0,NaN, 86.45238331515145,86.45238331515145,0.0, 104.79191015985833, -19.015468594839316, -6.615277787138526, -19.015468594839316, 78.51897425328215, 12.71100809645206, -6.615277787138526, 12.71100809645206, 83.85597928071485, 4.640392070898083, 3.2302301577711585, 19.0, 0.0
49, 0 ,1.0,1.0,1.0,16.965411504967495,134.50889243223352,12.293174291671777,9.845222196758737,10.459872950654004,7.923066930974227,41.0,50.0,31.0,-0.29020262050545764,0.9103323245511226,-0.29508896612566754,10.888489863859835,-0.9390891095797352,-0.21158129852947058,0.27082281732033425,9.824001056608028,-0.18410345819811613,-0.3557083257247895,-0.916284619367564,7.351334815151433,55.66203415978751,49.682574452739495,37.665937684108066,15.672772905909282,4.845257607176681,32612.0,104162.63293606426, 0.0, 0.0,0.0,NaN, 68.76069002090557,68.76069002090557,0.0, 96.92840010355094, -8.605880330444116, -5.276011879032079, -8.605880330444116, 109.40894214382331, -19.764673143155363, -5.276011879032079, -19.764673143155363, 62.77498959269735, 5.681955174350028, 3.4999098450721933, 15.0, 0.0
