// Sample: .//bubblelabels.tif, Map: .//bubblelabels.tif, Thickness:(8.191250068658265):/gpfs/home/mader/Foam/NewValid/InSilicoTest/LatticeData_Phi_6.65/out_Step_03000.vtk/distmap.tif, Neighbors:(1.0):
//LACUNA_NUMBER, TRIANGLES, SCALE_X, SCALE_Y, SCALE_Z, POS_X, POS_Y, POS_Z , STD_X, STD_Y, STD_Z,PROJ_X, PROJ_Y, PROJ_Z, PCA1_X, PCA1_Y, PCA1_Z, PCA1_S, PCA2_X, PCA2_Y, PCA2_Z, PCA2_S, PCA3_X, PCA3_Y, PCA3_Z, PCA3_S,PROJ_PCA1, PROJ_PCA2, PROJ_PCA3,OBJ_RADIUS, OBJ_RADIUS_STD, VOLUME, VOLUME_BOX, Mask_Grad_X,Mask_Grad_Y,Mask_Grad_Z,Mask_Angle, Mask_Distance_Mean,Mask_Distance_COV, Mask_Distance_STD, SHAPET_XX, SHAPET_XY, SHAPET_XZ, SHAPET_YX, SHAPET_YY, SHAPET_YZ, SHAPET_ZX, SHAPET_ZY, SHAPET_ZZ, Thickness, Thickness_STD, Neighbors, Neighbors_STD
1, 0 ,1.0,1.0,1.0,153.74578932610524,181.39874754649966,183.914590148612,13.595802140906223,11.557879732314213,9.487665225283811,59.0,53.0,41.0,-0.9600549213300719,-0.25309910927718915,-0.11931214905868989,13.851896081342273,0.17790071545441372,-0.8812434170031409,0.43790566955616866,11.857391944323803,-0.2159765808385654,0.39918777645579545,0.8910685920048809,8.716274572244096,61.0738458348614,65.426405367426,46.60144992032053,19.240548333434354,6.184457212813303,53495.0,186212.0399369686, 0.0, 0.0,0.0,NaN, 52.38510292049661,52.38510292049661,0.0, 184.8458358546702, 18.03141541984948, 18.31056194842461, 18.03141541984948, 133.58458390663964, -21.438641414338775, 18.31056194842461, -21.438641414338775, 90.01579142705971, 9.907427967689406, 6.477589879123802, 13.0, 0.0
2, 0 ,1.0,1.0,1.0,184.69344810295837,35.72309877987632,15.928831689787732,9.158421961448612,16.05217840400698,10.197190809567848,43.0,72.0,46.0,0.041760754766278746,-0.9990917430723921,0.008469255334449304,16.061698543899983,0.44319749458185054,0.02612080620555869,0.896043349553771,10.516780666768943,0.8954507357513981,0.03366589383546784,-0.4438857819693459,8.772171284049577,72.12939837390456,59.9881574782319,42.938129555660765,19.981853013359768,6.801277445981978,59830.0,185789.40963766974, 0.0, 0.0,1.7763568394002505E-15,89.5147416124741, 42.00188086758991,42.00188086758991,0.0, 83.87669282394424, -7.16339036066008, 13.42792415213771, -7.16339036066008, 257.67243151406814, -0.7441424936535763, 13.42792415213771, -0.7441424936535763, 103.982700406735, 8.478750151566652, 5.905915710300921, 13.0, 0.0
3, 0 ,1.0,1.0,1.0,170.81260829883203,186.89926059179112,79.02378275419638,16.30453988768412,7.650751454144024,15.602371362217566,65.0,33.0,64.0,-0.8708620510451508,-0.02153290846574507,0.4910556199682885,16.631773079311756,0.49012500457812164,0.03737433850803358,0.870850526042434,15.264389957199862,0.03710482363158471,-0.9990693132481314,0.021994076229208303,7.6281409504238225,73.6619727167425,77.91742135676455,33.97531272457056,22.68501172396628,7.293576212681828,75601.0,195003.03897324883, 0.0, 0.0,0.0,NaN, 85.25427524846852,85.25427524846852,9.5367431640625E-7, 265.8380209490824, 7.298234478431583, -18.793945446770625, 7.298234478431583, 58.533997813086906, 3.3801025046753135, -18.793945446770625, 3.3801025046753135, 243.43399212454682, 8.365713883495822, 5.5811946233931184, 12.0, 0.0
4, 0 ,1.0,1.0,1.0,55.81936694109957,80.27719301569857,32.43407452321627,13.73722854222541,13.778465145248754,13.70979071439556,68.0,69.0,66.0,-0.06923352394197667,0.7219283531154409,0.6884955861373425,14.823837384639525,-0.9721561216438084,0.10605407227341355,-0.2089617402892076,13.793543452584467,0.22387316568326013,0.6837923564374297,-0.6944845707175235,12.510312363331373,73.91159263589188,68.68366333079406,71.31525918479807,22.861750959958826,6.622405473659765,105551.0,362033.26430825825, 0.0, 0.0,0.0,NaN, 103.01552618106841,103.01552618106841,NaN, 188.71144802133247, -6.6408185423415365, 3.842512765010662, -6.6408185423415365, 189.84610175883475, 30.684189137002203, 3.842512765010662, 30.684189137002203, 187.9583614325267, 8.40479537745553, 5.4292264189271275, 24.0, 0.0
5, 0 ,1.0,1.0,1.0,13.756717648706259,107.0208803348322,138.54640506604846,8.101442189406853,15.312351591342457,12.41969073207318,33.0,76.0,62.0,0.007873635210938671,0.9985037301889096,-0.05411383064797551,15.320432094711617,-0.009779104615785933,-0.05403603365609988,-0.998491099699757,12.410484566153771,-0.9999211843847888,0.008390939491472266,0.009339012419515704,8.10027332564296,75.91978126685808,62.01915884273575,33.5011388879082,20.270204559312216,6.593102593560126,64271.0,157739.47505083028, 0.0, 0.0,0.0,NaN, 112.29830054137959,112.29830054137959,0.0, 65.63336554830131, 1.3761647541727673, 0.7911747072978216, 1.3761647541727673, 234.4681112568879, -4.367137209606954, 0.7911747072978216, -4.367137209606954, 154.24871788034446, 9.032936038882992, 5.479009265284917, 16.0, 0.0
6, 0 ,1.0,1.0,1.0,51.712780634641916,185.2050827793804,121.51994230528032,14.419620987249163,8.664458695017316,12.272753522069095,64.0,34.0,55.0,-0.9568391813765731,0.015201108794840502,0.2902201014299604,14.621302261149665,-0.2897635830177814,0.026615291710932326,-0.9567281182257787,12.035157753928752,0.022267620872167847,0.9995301658972326,0.02106182618255109,8.659751205039633,65.5719437159053,58.362087579351595,34.994429980809315,19.91998902355486,6.067357761695754,63784.0,133920.72727346118, 0.0, 2.8421709430404007E-14,-1.4210854715202004E-14,87.60249614994486, 95.14315904098473,95.14315904098473,0.0, 207.92546941591652, -2.5574420463086662, -19.176277075238822, -2.5574420463086662, 75.07284447766116, -1.1664267730995144, -19.176277075238822, -1.1664267730995144, 150.6204790134594, 9.224412109325296, 5.473808141424044, 11.0, 0.0
7, 0 ,1.0,1.0,1.0,56.62987051733397,149.61890625932335,11.951578256459216,12.949217568014438,17.052885415133034,8.27073625574078,60.0,88.0,32.0,-0.2439016286773625,0.9674141951355146,-0.0679836052209297,17.314208422106468,0.9593095027527275,0.2509526870969139,0.12941416756735954,12.703750792042275,-0.14225777116503785,0.03365299227622376,0.9892573995952786,8.106856193802798,93.98190219438638,58.58045839738443,36.73251391366476,21.400129562346383,8.301967810841749,67036.0,202230.96230226368, 0.0, 0.0,0.0,NaN, 76.73354588533705,76.73354588533705,0.0, 167.68223562377378, -32.197217881342134, 15.757571449658041, -32.197217881342134, 290.800900981657, -12.286905995020994, 15.757571449658041, -12.286905995020994, 68.40507821202502, 8.349307713166231, 5.312078156579009, 18.0, 0.0
8, 0 ,1.0,1.0,1.0,25.208267307000572,50.12085978437339,48.75202939832593,14.167876671289402,13.364499787688942,14.308175810496857,64.0,66.0,81.0,0.6427025850308945,0.22656839818953559,0.7318470797485175,16.594107864350352,-0.4924606209293547,0.8539452763198209,0.16810711431982425,13.77512438494805,-0.586869597123994,-0.46844874425372507,0.6604088506210586,10.906145576582354,88.99163217914163,67.42396651163561,60.573350023369066,23.05182113505645,7.2578248345805445,102863.0,363450.32660940755, 0.0, 0.0,0.0,NaN, 74.3257539255489,74.3257539255489,0.0, 200.72872937286647, -7.000730866887095, 67.7118135208934, -7.000730866887095, 178.60985457513777, 36.10168642291229, 67.7118135208934, 36.10168642291229, 204.7238950240874, 8.040839675948094, 5.13648152742785, 20.0, 0.0
9, 0 ,1.0,1.0,1.0,88.51345792403986,180.67673794579005,85.08812369232952,14.570705107662837,12.208584111956089,12.485020653655612,69.0,56.0,60.0,-0.9623234382069248,-0.022590314054459455,-0.2709673005890648,14.746144643653555,0.18125123890481282,0.6895512444244739,-0.7011897529970973,12.959195037642937,0.2026859360515034,-0.723884492874092,-0.659476801944803,11.482212164916834,70.57754537925719,66.81645134648306,63.19081739291485,21.685461710685253,6.8535731169758884,84597.0,297991.5364277154, 0.0, 0.0,0.0,NaN, 124.29002165728194,124.29002165728194,NaN, 212.3054473344719, 6.372832770059695, 17.73493352218525, 6.372832770059695, 149.04952601870664, -16.930329460688302, 17.73493352218525, -16.930329460688302, 155.8757407222072, 8.339344519850862, 5.11548990499709, 19.0, 0.0
10, 0 ,1.0,1.0,1.0,186.18501483384108,20.488720307428867,110.90707444796209,8.488086034382656,11.067277251887736,13.326354611279655,34.0,44.0,65.0,0.029634706041785246,-0.36804331450354555,0.9293362700589387,13.704779758380443,0.10746143368136032,-0.9231828600510251,-0.36903312477222894,10.622394214111576,-0.9937674901449352,-0.11080399612492793,-0.012192209552964114,8.453857726334334,74.05586135574251,56.410815030625756,35.90234047040963,18.38385149799584,5.844481296267375,50223.0,149983.8761733843, 0.0, 0.0,0.0,NaN, 92.45642680959615,92.45642680959615,0.0, 72.04760452708189, -5.372980289839917, 1.5639341383337, -5.372980289839917, 122.48462577015177, -25.703704325214403, 1.5639341383337, -25.703704325214403, 177.59172722557452, 8.670573788686786, 5.404851922292066, 10.0, 0.0
11, 0 ,1.0,1.0,1.0,77.24894381288651,100.3925240320836,160.19937955385024,11.85670804058042,14.650670534208201,13.71042370346233,58.0,80.0,76.0,0.16434094242205133,0.8263990681564899,0.5385690622324286,15.37753672735175,0.04467428062149357,-0.5516680240514539,0.8328664958383888,12.995170320874838,-0.9853914264366138,0.11281387941760612,0.1275804268528906,11.741222394637807,73.52840326027118,68.68330313027963,60.645803447963445,22.334257176879692,6.661857634843066,97994.0,306271.83611866843, 0.0, 0.0,0.0,NaN, 132.18599765786092,132.18599765786092,0.0, 140.5815255595644, 12.62820556602778, 9.882188050123, 12.62820556602778, 214.64214710191644, 29.637905029503383, 9.882188050123, 29.637905029503383, 187.97571812846175, 7.534853665434792, 4.842419100285682, 30.0, 0.0
12, 0 ,1.0,1.0,1.0,22.70079845096162,178.31244017056827,48.28049125402489,14.195364393396327,12.71420078971286,13.554689171015932,58.0,51.0,79.0,-0.7809134169292246,0.10654410917959377,-0.6154856521959312,14.728957709135297,-0.5189590140091738,-0.6590585636272907,0.5443559051651398,14.056845236363676,0.3476431748769851,-0.7445066571285032,-0.569959700726982,11.504424249336411,73.7257506920673,73.51603726226264,66.85290801934636,22.307834007911254,7.017792557562289,91928.0,362344.43513184215, 0.0, 0.0,0.0,NaN, 57.59064453013472,57.59064453013472,0.0, 201.50837026130426, 15.27666942489199, 22.226545904859563, 15.27666942489199, 161.6509017211351, -28.95391251629705, 22.226545904859563, -28.95391251629705, 183.72959852285658, 7.573938035192935, 4.7700147765681615, 13.0, 0.0
13, 0 ,1.0,1.0,1.0,173.14690521561155,59.48563765967958,110.26223916060884,12.187416286115894,12.392240464405244,13.37116062939005,54.0,59.0,65.0,-0.32371834936455013,-0.03449437311466877,0.9455244938699985,13.530880221852636,0.5046595691451282,-0.8516081944199735,0.14171168782781074,12.615143908043818,0.8003281511698465,0.5230426573618822,0.29308911447693864,11.775487278108638,69.06912961205828,65.410922269053,65.12030064790576,21.081240192359857,6.039038664201466,85014.0,294205.4087819444, 0.0, 0.0,0.0,NaN, 110.96168486349602,110.96168486349602,1.9073486328125E-6, 148.53311573108294, -8.305586476718346, -12.13240295571113, -8.305586476718346, 153.5676237276427, -3.920410826274519, -12.13240295571113, -3.920410826274519, 178.78793657695047, 7.249784214582443, 4.599410724209655, 18.0, 0.0
14, 0 ,1.0,1.0,1.0,167.42037498237866,187.26073336152749,25.354478956189404,15.418690225625273,7.3617556047931645,14.396585353014538,74.0,31.0,52.0,0.7830204641662029,0.031137482827494067,0.6212160734077248,17.024638627162844,-0.621289189021533,-0.008443885801425875,0.7835358603137056,12.465764501513599,-0.029642811977108812,0.9994794434883292,-0.012733646074466795,7.345714307842836,88.22894811428219,61.93896045777187,32.453683874099085,21.080746724109606,7.40238078182059,63843.0,177353.1943787608, 0.0, 0.0,0.0,NaN, 43.203824875984864,43.203824875984864,0.0, 237.73600827379232, 6.283170246437742, 65.35815193167298, 6.283170246437742, 54.19544558470357, 3.8915205002157296, 65.35815193167298, 3.8915205002157296, 207.26166982663275, 8.523987169791315, 5.037329159730309, 11.0, 0.0
15, 0 ,1.0,1.0,1.0,164.50550889278304,10.390859467842972,79.99905331641388,13.032681667792941,7.005127725499028,13.920878657616775,69.0,28.0,67.0,-0.5636407086369357,-0.035028719887717434,0.8252770082525508,14.664303520554984,-0.825971987748097,0.013121105493747152,-0.5635584371172871,12.19922070866343,-0.008912183947295524,0.9993001678042738,0.0363283305925249,6.989326495666629,74.69144881490713,57.46063506864016,28.98045318201912,19.175948864971833,6.70793959667432,49647.0,124378.833023063, 0.0, 0.0,0.0,NaN, 88.13442795504604,88.13442795504604,NaN, 169.8507914540262, 2.1977682425029723, -30.77088728587923, 2.1977682425029723, 49.07181445055519, -5.543550055492034, -30.77088728587923, -5.543550055492034, 193.79086260009024, 7.5864619298841065, 5.033556657127208, 13.0, 0.0
16, 0 ,1.0,1.0,1.0,189.664514137841,24.46242966691199,175.83834666793285,6.334832854372993,13.138659102980398,12.830254271389373,27.0,56.0,54.0,-0.02268916207560766,0.7964964178794173,0.6042173931868925,13.552385456114871,0.012219424270572477,-0.6041068913616663,0.7968096067943959,12.396109925121452,-0.9996678886484265,-0.025462130990969205,-0.003973951509036565,6.327653764142759,76.11386049526818,61.96900219779809,27.691906600061856,18.403578260007276,6.219180188213255,42121.0,130614.41553690888, 0.0, -3.552713678800501E-15,0.0,37.203174577683924, 35.90289995187709,35.90289995187709,0.0, 40.13010729284349, -3.4343773029336138, -0.8627127379554513, -3.4343773029336138, 172.62436302432968, 14.427950039220407, -0.8627127379554513, 14.427950039220407, 164.61542466850526, 7.881404785352035, 4.935091029300818, 10.0, 0.0
17, 0 ,1.0,1.0,1.0,188.4360480522922,176.51879250949563,136.578349969084,6.807720776203729,12.79072567759808,13.234932395932622,28.0,52.0,62.0,-0.04356230758514738,0.6121975699172266,0.7895039333311135,13.911987193905516,-0.039420756804910057,-0.7906919797129259,0.610943693928157,12.068880623988226,-0.9982726728157919,0.00450872544026105,-0.058577658745627495,6.775684013570877,68.71776456753392,67.02706521241336,29.641369491584868,18.604926678988793,6.242424554664114,45284.0,136526.6683861743, 0.0, 0.0,0.0,NaN, 68.61047866401313,68.61047866401313,0.0, 46.3450621667559, -0.8280866728314848, -7.479818445577507, -0.8280866728314848, 163.6026633595669, 23.170961579726036, -7.479818445577507, 23.170961579726036, 175.16343552490684, 7.634716505041135, 4.933724439414821, 10.0, 0.0
18, 0 ,1.0,1.0,1.0,19.17540058570034,11.641937096735791,19.308730744506082,12.467809386399312,7.698257113874398,11.961916354865624,56.0,33.0,47.0,-0.8474682051060203,0.15664551714762334,0.5072078699033908,13.07375220970824,-0.46554320481162237,0.23981073361436425,-0.8519156862607152,11.634565434415755,0.2550826646169931,0.9580986347975318,0.13030671590904463,7.177100158082888,71.61028040569175,57.57833816559687,33.529875323885754,17.89983056199182,6.114976878097233,42001.0,138250.41349819486, 0.0, 0.0,0.0,NaN, 29.598273090676496,29.598273090676496,0.0, 155.4462708955868, -25.21368897387443, -18.072317787547163, -25.21368897387443, 59.26316259131777, -7.643389403427844, -18.072317787547163, -7.643389403427844, 143.0874428808017, 7.974417116289431, 4.601464118305634, 3.0, 0.0
19, 0 ,1.0,1.0,1.0,22.27803466645034,39.37573348476244,144.91067034423082,14.082423610896214,13.20262162578677,11.25611269472881,59.0,64.0,59.0,0.8570790135585564,0.33498827344962007,0.39140569894769434,14.551124152754195,-0.44189914996561686,0.8685795519873676,0.2242648058191224,13.44064004173148,0.26484090654042874,0.36517450420403896,-0.8924723389003033,10.341079571620776,73.4103143791047,63.89983692681253,50.05891681300537,21.32963055424158,6.661141491253077,73962.0,234821.7291760131, 0.0, 0.0,0.0,NaN, 71.2852962256917,71.2852962256917,0.0, 198.31465475672718, 1.7956844950021342, 27.850760864244307, 1.7956844950021342, 174.3092177936925, 28.09930060211765, 27.850760864244307, 28.09930060211765, 126.70007299643507, 7.667442742210418, 4.789398385485953, 17.0, 0.0
20, 0 ,1.0,1.0,1.0,121.86862384729477,78.96030824788805,179.46064680466887,11.477471558860321,11.198299860270387,11.681620559527174,55.0,55.0,48.0,-0.29491535268945035,0.6546566118419123,-0.6960241772522888,12.567515663962476,-0.8653439003562465,0.12592629307980055,0.4851005079645032,11.646669736070676,-0.4052219994821308,-0.745363863681926,-0.5293655087487809,10.000358300416067,60.368015007530275,60.86302169620723,50.74319135863689,19.062900846356737,5.49548390624169,62028.0,186439.6090407736, 0.0, 0.0,0.0,NaN, 112.96507091928714,112.96507091928714,0.0, 131.73235338444755, -15.068895467981596, -3.0676982844643375, -15.068895467981596, 125.40191976053178, -24.221607783048253, -3.0676982844643375, -24.221607783048253, 136.46025889676795, 7.721951332738684, 4.818377599903328, 16.0, 0.0
21, 0 ,1.0,1.0,1.0,170.51355639109673,93.23324290451033,9.477416591309314,13.049231167366159,19.46750177725098,6.586188810959758,59.0,96.0,26.0,0.21117013212861419,0.9771519486960336,-0.024109011931832458,19.732811668986855,0.9771422625980554,-0.21165777052129278,-0.01984910130733396,12.654230796263944,0.024498447737289257,0.01936639712237037,0.9995122654179698,6.567383737183625,98.97110629363327,66.73282852439351,27.295808585367475,22.671353362778593,8.868690955279913,63033.0,180278.49421020973, 0.0, 0.0,0.0,NaN, 98.24311357259441,98.24311357259441,0.0, 170.28243405936036, 47.25003877235873, -4.0320538841126465, 47.25003877235873, 378.9836254472701, -7.6655557997466035, -4.0320538841126465, -7.6655557997466035, 43.37788305361151, 7.164984302604684, 4.79157684173881, 14.0, 0.0
22, 0 ,1.0,1.0,1.0,15.632863509171935,101.5565343558918,22.303261132414413,9.785192025041026,11.78695896672692,12.576894208949513,39.0,51.0,54.0,-0.059684813572293605,-0.42122327667260717,0.9049909801860085,12.74532243667549,-0.36462831499192494,-0.8347589832034975,-0.4125816669063376,11.919541667914515,-0.929238352057743,0.354610196060766,0.10376749931821212,9.399039046911358,57.56552607514546,65.64904804229592,46.71351943086216,18.966885973600586,5.754814424268908,57894.0,176536.08836605656, 0.0, 0.0,0.0,NaN, 102.14175349317134,102.14175349317134,0.0, 95.74998296692648, 18.218194246976974, 4.081093297569125, 18.218194246976974, 138.9324016833041, -9.741494346329349, 4.081093297569125, -9.741494346329349, 158.1782679431078, 7.84607945576253, 4.862101045192524, 10.0, 0.0
23, 0 ,1.0,1.0,1.0,81.70852260171385,22.451715078449187,41.23959535443318,12.611784522497851,11.869249868357576,13.419652314717386,66.0,49.0,64.0,-0.6458517918112933,0.2562597717192613,0.7191706281631186,14.663080676156563,-0.3624611743335736,0.7261360059005353,-0.5842502871505888,12.532836520830372,0.6719355327074683,0.638010525252688,0.37609202271773934,10.389674843515888,68.393919111239,61.42592167080191,60.52774586713035,21.01395964545026,6.199739474097545,81454.0,254286.71565799302, 0.0, 0.0,0.0,NaN, 94.23941001893014,94.23941001893014,0.0, 159.05710884191637, -30.649094956754382, -39.32379658574236, -30.649094956754382, 140.87909243750633, -1.1110647908146993, -39.32379658574236, -1.1110647908146993, 180.0870682478997, 6.804583915993731, 4.453664792109955, 19.0, 0.0
24, 0 ,1.0,1.0,1.0,152.62509706708082,85.48033271608625,71.79502419210321,10.627742647082687,12.360739159175981,11.966929535837789,48.0,59.0,60.0,-0.3076039085743211,0.7901937779885402,0.5300694564469808,12.924403496985098,0.03527143446046676,-0.5472275809233605,0.8362403366185267,11.603694172616125,-0.9508605372718447,-0.27592710614393007,-0.14045807472030503,10.356556601739179,59.73542464901298,52.7281382949445,48.93877961383009,19.45012719107112,5.535046621361108,66964.0,154144.32070773226, 0.0, 0.0,0.0,NaN, 121.2674490863109,121.2674490863109,0.0, 112.94891377262012, -15.059617811998347, -8.939727579852534, -15.059617811998347, 152.78787256118653, 12.507243397362693, -8.939727579852534, 12.507243397362693, 143.20740251570683, 6.886197010452503, 4.361044445423956, 16.0, 0.0
25, 0 ,1.0,1.0,1.0,136.1952629209567,115.75228358577424,119.96526335661696,9.763386567559747,12.521474824304285,14.149138576211021,49.0,62.0,71.0,0.056596819363601274,0.4389681053928429,0.8967183518171922,14.589313809989529,-0.32471758654152794,-0.841233561628388,0.43230149638957127,12.294934938555269,-0.9441161417053358,0.31564710871135054,-0.0949295198217902,9.39657751005422,67.54258736343021,60.694015613558946,46.33659133950725,20.339347681247677,6.2145078158660585,68861.0,189953.65211444284, 0.0, 0.0,0.0,NaN, 132.56802504493052,132.56802504493052,0.0, 95.3237172676061, 20.268116857229497, -2.5041885986708445, 20.268116857229497, 156.78733177568603, 26.16403279559055, -2.5041885986708445, 26.16403279559055, 200.19812244882286, 7.064804194740392, 4.543117077106005, 26.0, 0.0
26, 0 ,1.0,1.0,1.0,118.59792384307246,56.80072322583662,14.492697601197063,14.397827714257188,11.755089756157089,9.415657716521453,71.0,57.0,39.0,-0.918184737053368,0.34588253914839195,0.19313740640926572,14.941974572184623,0.3673668155442826,0.9258676496582647,0.0883782674255006,11.304667661808946,-0.14825117699057216,0.1520998501923694,-0.9771833114070098,9.114607684353219,74.90598145285401,52.902824321844165,44.538831180293144,19.86527733458454,6.285295913434712,64157.0,176495.71778963364, 0.0, 0.0,0.0,NaN, 100.3128029984013,100.3128029984013,0.0, 207.29744288943238, -29.310450047014864, -23.408176390409757, -29.310450047014864, 138.18213517530933, 13.024099300642307, -23.408176390409757, 13.024099300642307, 88.65461023469, 7.165272089961754, 4.662538967255971, 16.0, 0.0
27, 0 ,1.0,1.0,1.0,150.87948745927577,151.60298358560271,54.846674252934484,10.124506906120535,14.38948170225449,10.7746822224208,47.0,64.0,50.0,-0.01852366874685432,-0.9742828707827358,0.2245657173201354,14.56332894318714,0.5748335938581551,-0.1941491828361041,-0.7949040408603983,10.932299600679153,-0.8180606414369745,-0.1143633792060342,-0.5636468791968094,9.697983103680286,66.84541807649782,57.35459393907794,51.991538328599944,19.7391869266403,6.001758094168131,64151.0,199329.93301151897, 0.0, 0.0,0.0,NaN, 88.10932769398705,88.10932769398705,0.0, 102.50564009208243, -0.7116075181946145, -12.12661316815886, -0.7116075181946145, 207.05718365951677, -21.896058571994708, -12.12661316815886, -21.896058571994708, 116.09377699415084, 6.694530459422169, 4.5317935006201875, 19.0, 0.0
28, 0 ,1.0,1.0,1.0,10.842149506522619,83.46333945639653,105.51206451010306,7.098769670751524,11.364072590371169,10.747765543597998,28.0,54.0,47.0,-0.04561163878597945,-0.7561465878752094,0.6528107812007521,12.997242131676165,0.043576782544246656,-0.6543749017147366,-0.7549136056721463,8.719218144667678,-0.9980083378561266,0.005985453241614288,-0.06279754707903543,7.077857922707934,62.87853486062644,43.82623997205212,29.72954902972972,16.271684941027406,5.502854717117188,32119.0,81926.60294996097, -1.7763568394002505E-15, 0.0,0.0,87.38573860502424, 126.53715340673027,126.53715340673027,0.0, 50.39253083838171, 3.3590439006172383, -4.39128967071757, 3.3590439006172383, 129.1421458392253, -45.84935844949728, -4.39128967071757, -45.84935844949728, 115.51446418015236, 8.50683606117421, 4.700907023181041, 10.0, 0.0
29, 0 ,1.0,1.0,1.0,57.01953941771093,69.80363966718099,93.6456371580602,14.26973211044542,10.352090481742168,11.089646390983484,64.0,47.0,52.0,-0.9914417127116774,-0.0468843910669591,-0.12184081487587094,14.312079679642961,0.1266118732816438,-0.5728207735523105,-0.8098430680885313,11.680252319140665,-0.03182395072031142,-0.8183386922669688,0.5738545293881876,9.618075167509707,63.52722603735626,58.59546262802152,52.97757597286687,19.973937970261183,5.900261933455493,69347.0,197204.11019405664, 0.0, 0.0,0.0,NaN, 129.9741564501674,129.9741564501674,0.0, 203.62525450387707, 2.0359650489706778, 9.065571137191382, 2.0359650489706778, 107.16577734217681, 21.016361791876985, 9.065571137191382, 21.016361791876985, 122.98025707705303, 7.45964070384084, 4.566111638275544, 16.0, 0.0
30, 0 ,1.0,1.0,1.0,97.26671633030837,186.96160097521332,138.99674928890695,10.950893457153512,7.805059308952562,12.494863753009488,53.0,32.0,59.0,0.06804238856996417,-0.11821163551117031,0.9906544516568165,12.55420816285659,0.9956287207861584,-0.05563328245596735,-0.07502258479212835,10.954276103106444,0.06398190137383815,0.9914287403101385,0.11390947802373474,7.704435799787096,58.14069681021479,53.375219059577006,34.90742047211097,17.543915538224052,5.401265233275249,44298.0,108327.23550191468, 0.0, 0.0,0.0,NaN, 115.55176568157975,115.55176568157975,NaN, 119.92206750992759, -4.148998047815832, 2.093354263207433, -4.148998047815832, 60.91895081626705, -11.252641867793537, 2.093354263207433, -11.252641867793537, 156.12162020627036, 7.26545525606187, 4.749730803644229, 11.0, 0.0
31, 0 ,1.0,1.0,1.0,46.81153929758097,121.6536813340372,144.79438251094618,10.899380064625541,10.723990880636125,13.404473347234868,51.0,54.0,61.0,0.17199476078024337,0.3766219008611453,0.9102602628127213,13.885022645265154,-0.8217182027407224,-0.45478811738594793,0.3434340745603187,11.232497335550491,-0.5433203452372313,0.8070462886825529,-0.23125589803292146,9.722012223052296,63.23111433409301,55.55451779629206,50.6840652826465,19.494892575549642,5.781828031483421,64406.0,178041.6701123471, 0.0, 0.0,0.0,NaN, 106.66361170645443,106.66361170645443,0.0, 118.79648579315666, 18.194444369042373, 6.453905147313261, 18.194444369042373, 115.00398040796675, 28.74784495088438, 6.453905147313261, 28.74784495088438, 179.67990571672993, 7.060639725936328, 4.4461929935268865, 14.0, 0.0
32, 0 ,1.0,1.0,1.0,17.963824536567635,140.07015093834292,24.02649551393645,10.007185251904767,10.221256444450882,12.059943688247126,39.0,44.0,52.0,0.0451964345864328,-0.32008934971521813,0.9463086655523996,12.267861729881593,0.7157364647799965,-0.6504628354547454,-0.2542034867510786,10.46739671927841,-0.696906446580104,-0.6887967101337383,-0.19970101858536224,9.486477545991809,58.897409661744,54.957690343850345,51.51543947359495,17.98226784929576,5.167022810964681,52273.0,166748.55401661512, 0.0, 0.0,0.0,NaN, 67.0190889763118,67.0190889763118,0.0, 100.14375666594026, -9.987820568469267, -0.9733112119669001, -9.987820568469267, 104.47408330322867, -15.091407783169199, -0.9733112119669001, -15.091407783169199, 145.44224176369167, 7.651993797140713, 4.682563681729584, 9.0, 0.0
33, 0 ,1.0,1.0,1.0,112.9391813368915,71.53805650009326,65.15515287163375,9.99549905858891,12.017434861823554,13.490085715624586,48.0,59.0,61.0,-0.05946321293429329,-0.3110648544266218,0.9485266378168169,13.669588140927832,0.022656984016586407,-0.9503838182999321,-0.31025353984912685,11.82678303665848,-0.9979733400160562,-0.0030420805686551537,-0.0635606667917413,9.97901386733854,62.0194460702452,62.08074745691235,47.1339081581325,19.831774416913266,5.745596416385631,69699.0,181475.61274593964, 0.0, 0.0,0.0,NaN, 130.16325756459526,130.16325756459526,0.0, 99.9100014302518, 0.7467513379516914, -5.205861016329415, 0.7467513379516914, 144.4187406581721, -13.87082372762871, -5.205861016329415, -13.87082372762871, 181.9824126148985, 7.287071522724376, 4.513915121863215, 18.0, 0.0
34, 0 ,1.0,1.0,1.0,50.35981195950391,151.00837518250518,187.31315481252105,15.946443799709904,13.917387475402586,6.8547030130344595,73.0,63.0,29.0,-0.9159809705585054,0.3899697940507925,0.09435264332641004,16.4060584609063,0.3949091299536693,0.917836685174436,0.04028148988355903,13.455211915707238,0.07089175307420748,-0.07415779848394646,0.9947235697770913,6.69090543016694,71.62782670187742,60.99088997450076,31.228869965311105,21.103956750666924,7.042208947531314,62327.0,136427.84342823556, 0.0, 0.0,0.0,NaN, 71.39499985059054,71.39499985059054,1.3486991523486091E-6, 254.28906985730646, -30.75905822264595, -17.225212344980466, -30.75905822264595, 193.69367414049276, 13.294696250226535, -17.225212344980466, 13.294696250226535, 46.9869533969037, 8.828914356868696, 5.323771219718024, 13.0, 0.0
35, 0 ,1.0,1.0,1.0,188.61863734869706,10.348009937100269,46.933664570008986,7.10807536329663,6.759365875600336,10.317102817754307,31.0,29.0,48.0,-0.07310839836647177,0.06122947973667059,0.9954426718297071,10.345121159885313,0.8455263086618356,0.533128927762211,0.029305421747605313,7.301471850865773,-0.5289049285542524,0.8438154402440687,-0.09074733801456138,6.505639857919939,48.40542196382245,40.85583358670678,31.203479174445533,13.496918066679157,4.526541247354106,18919.0,61709.36913878099, 0.0, 0.0,7.105427357601002E-15,5.472148253164876, 49.39013662087721,49.39013662087721,0.0, 50.52473537030451, 4.663560002969424, -4.43615466607064, 4.663560002969424, 45.6890270402303, 4.1150564232285625, -4.43615466607064, 4.1150564232285625, 106.44261055211388, 8.368779916807162, 4.696662308555873, 5.0, 0.0
36, 0 ,1.0,1.0,1.0,171.56092118786174,103.64168064045005,124.6818575215016,11.427042705741927,11.655564107426658,13.964555439504258,53.0,58.0,66.0,-0.14646109034954496,-0.0353585202989108,0.9885843029584752,14.009878313280124,0.6471272715041175,0.7524294190711276,0.12278543802879083,12.50919552821486,-0.7481814241808328,0.6577231517580615,-0.08732017036277503,10.425047969584744,63.635492001414356,67.37320624705112,60.042443614402735,20.587285146128885,6.132045221297551,73948.0,257421.59729403877, 0.0, 0.0,0.0,NaN, 125.5648418144642,125.5648418144642,NaN, 130.57730499884977, 23.727480509476692, -8.884861904775933, 23.727480509476692, 135.85217466233257, 1.3540890726892154, -8.884861904775933, 1.3540890726892154, 195.00880862298794, 7.639473493469859, 4.725217122913254, 17.0, 0.0
37, 0 ,1.0,1.0,1.0,122.15454462769827,151.9219621634732,163.29958464710163,11.692163933682679,11.466004612842449,11.48392980543132,63.0,53.0,60.0,0.16320687129381467,0.7226888704382413,-0.6716281066983301,12.200928716104197,-0.928981776575706,-0.1166501917817746,-0.3512628525015422,11.812467637370016,0.33219930155364447,-0.68125878291731,-0.6523266779346804,10.566908241796087,58.47265103294994,66.71498633780564,49.87467463204854,19.249184668790694,5.433736522569094,65968.0,194561.21121451005, 0.0, 0.0,0.0,NaN, 98.5816064558028,98.5816064558028,0.0, 136.70669745211, 7.408707187475577, 5.018035024903009, 7.408707187475577, 131.4692617817243, -16.915409565800363, 5.018035024903009, -16.915409565800363, 131.88064377607384, 7.334199755321786, 4.432533684791605, 19.0, 0.0
38, 0 ,1.0,1.0,1.0,145.54794261160876,42.70624135168597,82.84411914645692,12.465894596968417,10.212100302093296,12.789716074832143,63.0,48.0,57.0,0.3644305881260722,0.04578571710807405,-0.9301043030472361,12.875420317995339,-0.9048420204408907,0.25349592777346286,-0.3420536984841962,12.528467375087375,-0.22011647935248116,-0.9662522872993216,-0.13381051082145218,10.02613658514006,56.9626509163469,59.663964853739785,47.7356211306816,19.768795486973463,5.697111807910524,68655.0,162235.1222290128, 0.0, 0.0,1.4210854715202004E-14,21.548920244124915, 107.9444194081818,107.9444194081818,0.0, 155.39852810272635, -11.85685082527201, -4.649915056012773, -11.85685082527201, 104.28699258001397, -7.672621150014755, -4.649915056012773, -7.672621150014755, 163.5768372748197, 7.39400746484897, 4.513119211072005, 16.0, 0.0
39, 0 ,1.0,1.0,1.0,85.03604178563032,34.60372510160895,108.34913170535084,11.338142222276867,11.151542760753525,11.016765487120317,59.0,61.0,55.0,0.6862476069053554,0.21650441718777655,-0.6943990634749252,11.977758484902761,0.5126226563205889,-0.8212439789163073,0.25055206908053,11.605991147246357,0.5160254201524337,0.5279054502767445,0.6745617846606874,9.803762949147446,59.351730727412296,55.30521012249585,48.2708742074072,18.6135056747477,5.274173233013607,59542.0,158447.210806966, 0.0, 0.0,1.4210854715202004E-14,46.02065033941663, 129.72443043867378,129.72443043867378,0.0, 128.5534690525774, -9.208451077693963, -17.609237792477163, -9.208451077693963, 124.35690594491435, -15.058534100504803, -17.609237792477163, -15.058534100504803, 121.36912179820537, 6.547038596328547, 4.246788300085658, 16.0, 0.0
40, 0 ,1.0,1.0,1.0,16.763523149543037,72.17053329316059,170.14468213317264,10.176773360931282,11.231278305699227,10.433915056225656,40.0,56.0,56.0,0.007510858196479633,-0.841253210949694,0.5405891435054739,11.756680778738211,-0.8932422029230446,-0.24865986623718803,-0.3745485787452545,10.288930854753277,0.4495130186394369,-0.480063856158463,-0.7533105203592527,9.720764926347957,54.5951562562871,52.568786366563515,50.41315371179593,17.686096112336894,5.077097214503295,49785.0,144685.80690405067, 0.0, 0.0,0.0,NaN, 79.8807961223082,79.8807961223082,0.0, 103.56671603976059, 2.2488839702798, 3.9811256955677368, 2.2488839702798, 126.14161238007011, -18.826661671399275, 3.9811256955677368, -18.826661671399275, 108.86658340053242, 7.62491525753478, 4.570624417539473, 12.0, 0.0
41, 0 ,1.0,1.0,1.0,185.78249843200348,116.03446865370456,65.23506312890295,9.177486624190198,11.4630993193049,9.621131055872766,39.0,50.0,50.0,-0.03941316955761837,-0.9398057613108005,0.3394285389775718,11.6987106975739,0.6665617365516787,-0.2777944969686366,-0.6917554978597226,9.975683158801885,-0.7444071825490625,-0.19898579964652963,-0.6373873218917983,8.474726135125804,50.920374875094765,47.815612054839654,45.939326599575395,16.76278365188227,5.215760134046009,36671.0,111852.56205155294, 0.0, 0.0,0.0,NaN, 107.27516612214431,107.27516612214431,0.0, 84.22626073718999, -2.7187989969745083, -13.63939179416605, -2.7187989969745083, 131.40264600424848, -15.425489345666561, -13.63939179416605, -15.425489345666561, 92.56616279427942, 7.516828660657475, 4.858323502571259, 10.0, 0.0
42, 0 ,1.0,1.0,1.0,81.3854247144924,104.95736700894801,76.2347975108514,12.241061285918079,11.93959733778788,11.780373668773318,62.0,63.0,62.0,0.5647975392101641,-0.5997783178881874,0.5668065887878863,13.795173528995033,-0.8251581482473394,-0.4194927842414763,0.3783382538818352,11.440864617362728,0.01085219255104295,-0.6813895900001342,-0.731840458403527,10.486876269039026,62.03101344042412,52.32444117553494,52.01555306381641,19.937316105439596,5.803291848757649,71189.0,168828.86309077468, 0.0, 0.0,0.0,NaN, 146.5211035767566,146.5211035767566,0.0, 149.84358140560238, -19.971810757160718, 19.186217335505003, -19.971810757160718, 142.55398458851144, -30.62963926385497, 19.186217335505003, -30.62963926385497, 138.77720377592775, 6.311195715408892, 3.943737334537949, 22.0, 0.0
43, 0 ,1.0,1.0,1.0,49.258514433992865,182.9882419721051,163.10752513785275,11.759049613353598,9.95567045640888,10.345420550942846,54.0,42.0,44.0,-0.9499745041023085,0.056135613183778854,0.30724132939442445,11.931175052096345,-0.21359933712408455,0.6009294236811282,-0.7702331795855184,10.41579101835887,0.2278678668345402,0.7973284271156694,0.5588771014968574,9.673505453552146,55.73641823313761,50.97815557982159,52.967772681820236,17.784074214840977,5.3051911127522375,49328.0,150499.44064620108, 0.0, 2.8421709430404007E-14,0.0,86.78197466204156, 63.85026121244686,63.85026121244686,9.5367431640625E-7, 138.27524780931142, -4.515185323311051, -11.783047367780933, -4.515185323311051, 99.11537423661261, -6.060850539654145, -11.783047367780933, -6.060850539654145, 107.02772637587059, 7.300947193948095, 4.489359195856408, 10.0, 0.0
44, 0 ,1.0,1.0,1.0,10.217864059546866,179.23853746179154,135.57619525398417,6.444691654631416,11.715421499288722,13.817669963828333,26.0,49.0,65.0,0.015956258442107036,-0.18367469735227726,0.9828575702354221,13.889199357024605,-0.001526265426017585,-0.9829860420175538,-0.1836739276884821,11.632197314933785,-0.9998715259123935,-0.001430647131124208,0.015965115671618995,6.441683126779109,67.98909234140976,52.94946950589076,26.522077843754534,18.241724157806207,6.078869500908638,42857.0,95479.11878574574, 0.0, 0.0,0.0,NaN, 68.45341255640645,68.45341255640645,0.0, 41.53405052327582, -0.30301290992716423, 2.400892850959063, -0.30301290992716423, 137.2511009059964, -10.396491683540306, 2.400892850959063, -10.396491683540306, 190.9280032292837, 7.245000944660757, 4.666763280267426, 9.0, 0.0
45, 0 ,1.0,1.0,1.0,115.24726589538218,152.40777217442894,63.27782062691585,9.265032506216373,12.327531149294973,10.665392712753397,45.0,54.0,49.0,-0.041419422927125644,-0.8996116471497051,0.43472211321369236,12.811948771315544,-0.37243585271945573,-0.389836615035547,-0.8422107510515163,10.236505188320665,-0.92713319809697,0.19678998422232022,0.3189008232919182,9.089960588803851,60.566655005841454,52.78989806201491,47.19296906084349,17.969151020490894,5.354350091105684,50565.0,150890.4359885716, -1.4210854715202004E-14, 0.0,0.0,87.62616279943462, 115.9833120362634,115.9833120362634,0.0, 85.84082734124607, 6.2546944428579865, 5.482673958304619, 6.2546944428579865, 151.96802423683783, -24.605169257517765, 5.482673958304619, -24.605169257517765, 113.75060171725326, 6.401493075509742, 3.9896354356193404, 14.0, 0.0
46, 0 ,1.0,1.0,1.0,99.47791218042448,158.61287606894413,15.07687536000709,11.314770251389094,10.839239312591847,9.64780709386968,49.0,55.0,41.0,0.808213082614645,0.3455406195765989,-0.47685772858700093,12.482845056860574,-0.22034139529402724,0.92837845884841,0.2992709586079686,10.640478930947204,-0.5461147156142334,0.13680320671998586,-0.8264645183071772,8.339790395708908,63.71462736288281,50.75627900330707,49.15257806457804,17.58094011688121,5.431745671929521,45138.0,158955.3776064473, 0.0, 0.0,0.0,NaN, 108.79366346291503,108.79366346291503,0.0, 128.02402584171963, 15.159799668588349, -36.12794885165694, 15.159799668588349, 117.48910887563657, -2.082428994621728, -36.12794885165694, -2.082428994621728, 93.08018172052213, 7.495613521103385, 4.331771298163342, 12.0, 0.0
47, 0 ,1.0,1.0,1.0,97.94662733410377,8.171431178152181,136.15391399549907,11.823668647617186,5.5601193683522725,12.759763708408704,58.0,23.0,64.0,0.5360915188730867,-0.00795043489419085,0.8441224283108109,13.35516152113505,0.8440576579175025,-0.010511912825276472,-0.5361493913076597,11.147645941762212,-0.01313596220941543,-0.9999131413646625,-0.0010752781434523713,5.558353018197188,67.88224460258976,68.5795705864162,23.44247441022046,17.190388541427932,6.1657261833586094,32882.0,109132.57595210524, 0.0, 0.0,0.0,NaN, 117.2033992327834,117.2033992327834,0.0, 139.79914028864562, -1.4570019549401776, 24.47600873006818, -1.4570019549401776, 30.914927390326078, -0.4634028706474312, 24.47600873006818, -0.4634028706474312, 162.81156989442383, 6.702913041052378, 4.179646413480907, 9.0, 0.0
48, 0 ,1.0,1.0,1.0,118.85151253545693,113.21961274863898,56.023062421818565,10.878599168345826,10.414741606979431,11.781230225896428,53.0,47.0,54.0,0.4333612500544896,0.409543644593729,0.8027901532306532,12.598855862903317,-0.9011622482470437,0.1868103168539699,0.3911630195343789,10.4406292432851,0.010228845758131955,-0.8929590744764313,0.4500216239522847,9.892938905669302,64.71287049703656,50.10246488442601,48.66276211499405,18.389917465378478,5.236323505843586,56759.0,157778.02402591924, 0.0, 0.0,0.0,NaN, 131.35637081009153,131.35637081009153,0.0, 118.34391986553447, 8.92682915917356, 17.2477733943708, 8.92682915917356, 108.46684274014851, 20.823491021899994, 17.2477733943708, 20.823491021899994, 138.7973856355756, 6.482432609101965, 3.951619092032301, 13.0, 0.0
49, 0 ,1.0,1.0,1.0,178.64099269678118,154.7120976467406,88.30774952664322,12.623921926367686,8.819117278581437,12.881346719674786,51.0,41.0,56.0,-0.5290325763353008,-0.09151630533691603,0.8436523567403311,13.05754451825475,-0.8452621046848763,-0.03128269168426627,-0.533435439003335,12.476131860994036,-0.07520975707797359,0.995312091285174,0.06080570188563514,8.770176316914139,64.09617623578822,60.870780215992,40.87498040681032,19.23396221508136,5.755347530571439,59152.0,159477.18003317819, 0.0, 0.0,0.0,NaN, 101.51581117736127,101.51581117736127,0.0, 159.36340480302684, 6.6128466598962135, -6.265800497907037, 6.6128466598962135, 77.77682957337366, -5.91146580946138, -6.265800497907037, -5.91146580946138, 165.9290933124764, 7.71342346297105, 4.611568581510515, 11.0, 0.0
