// Sample: .//bubblelabels.tif, Map: .//bubblelabels.tif, Thickness:(8.191250068658265):/gpfs/home/mader/Foam/NewValid/InSilicoTest/LatticeDataPhi_16.0/out_Step_05000.vtk/distmap.tif, Neighbors:(1.0):
//LACUNA_NUMBER, TRIANGLES, SCALE_X, SCALE_Y, SCALE_Z, POS_X, POS_Y, POS_Z , STD_X, STD_Y, STD_Z,PROJ_X, PROJ_Y, PROJ_Z, PCA1_X, PCA1_Y, PCA1_Z, PCA1_S, PCA2_X, PCA2_Y, PCA2_Z, PCA2_S, PCA3_X, PCA3_Y, PCA3_Z, PCA3_S,PROJ_PCA1, PROJ_PCA2, PROJ_PCA3,OBJ_RADIUS, OBJ_RADIUS_STD, VOLUME, VOLUME_BOX, Mask_Grad_X,Mask_Grad_Y,Mask_Grad_Z,Mask_Angle, Mask_Distance_Mean,Mask_Distance_COV, Mask_Distance_STD, SHAPET_XX, SHAPET_XY, SHAPET_XZ, SHAPET_YX, SHAPET_YY, SHAPET_YZ, SHAPET_ZX, SHAPET_ZY, SHAPET_ZZ, Thickness, Thickness_STD, Neighbors, Neighbors_STD
1, 0 ,1.0,1.0,1.0,129.4628853236145,15.155161647955348,183.139079683458,22.117142006977865,9.4295426067662,9.69659256575739,90.0,39.0,41.0,-0.9904990445277104,-0.030177344180094195,0.13416769614154056,22.293970396918326,0.06865190657492318,0.7368511583811413,0.6725602472016898,9.95295331674547,0.11915770438087764,-0.6753811503814763,0.7277786361223261,8.719274965956748,90.935990426273,55.556994339809634,46.8056436384841,24.082679986951295,9.598576788365783,78473.0,236468.21068961802, 0.0, 0.0,0.0,NaN, 74.09085034851465,74.09085034851465,0.0, 489.1679705568248, 13.749097247456708, -54.88371708004208, 13.749097247456708, 88.91627377281908, 9.711334672742424, -54.88371708004208, 9.711334672742424, 94.02390738630149, 11.840298875869927, 6.397587095185379, 12.0, 0.0
2, 0 ,1.0,1.0,1.0,180.9424691595822,165.5056952992987,92.03262211404606,11.196624995716377,16.31104449251307,15.51915603424264,48.0,72.0,80.0,0.16277385385603352,0.9414268586868763,0.29533056435766336,16.537241902212667,0.04841379827073271,0.2913411216729765,-0.9553933509080607,15.418369218455709,-0.9854748990399784,0.1698111320417284,0.001844667138333933,11.002377409346158,78.43278887861922,83.61032895488944,54.81506764079835,23.99455362153382,7.517990705632718,114217.0,359465.7725321153, 0.0, 0.0,0.0,NaN, 100.1151840217312,100.1151840217312,0.0, 125.36441129470074, 25.003702809666308, 1.9308803410299231, 25.003702809666308, 266.0501724367409, 9.904285520673483, 1.9308803410299231, 9.904285520673483, 240.8442040151697, 7.869473405215174, 5.534099360802051, 17.0, 0.0
3, 0 ,1.0,1.0,1.0,170.6788087603646,64.90429056050135,165.49850962272544,15.376715182896088,15.949768451833869,15.709579515473598,61.0,84.0,71.0,-0.5331992940328998,-0.6664909679831175,0.5210453938379503,18.13375097674693,-0.4781894237317095,-0.2706315841062454,-0.8355198505812294,14.740890916443266,-0.69787777430862,0.6946569910978168,0.17440836231378062,13.83844581370538,99.86303631231067,75.33881032344107,73.30219701175444,25.94677416050819,8.02460483135212,150633.0,551493.6496873313, 0.0, 0.0,0.0,NaN, 79.1369194947998,79.1369194947998,0.0, 236.44336981590706, 52.141160209902054, -27.848692566923237, 52.141160209902054, 254.39511366711497, -41.85911444882017, -27.848692566923237, -41.85911444882017, 246.7908885529877, 7.868808516807598, 5.427535820850562, 20.0, 0.0
4, 0 ,1.0,1.0,1.0,16.229336483559756,44.49328607993699,15.67995668438669,10.082681118037849,12.168851436175066,10.43311014410857,45.0,61.0,41.0,-0.15384740662369606,-0.9255308988526161,0.3460108824072337,12.404448605636642,0.6476930252515603,-0.3589162537739089,-0.6720661186352017,10.785933361038026,-0.7462068885474354,-0.12071320576462423,-0.6546782426798551,9.401302431270055,58.81924074487954,61.9819093889996,48.29982260655036,18.116291960013033,5.512817492209215,50790.0,176088.05673522255, 0.0, 0.0,-1.7763568394002505E-15,69.75648400096114, 49.88892573018547,49.88892573018547,0.0, 101.66045852803695, 2.8266628025377805, -15.653241493595933, 2.8266628025377805, 148.08094527569997, -14.229014269947175, -15.653241493595933, -14.229014269947175, 108.84978727910114, 9.472381762850704, 5.909456839829766, 7.0, 0.0
5, 0 ,1.0,1.0,1.0,33.34167863562478,108.81994960136919,173.86244441959872,13.719534962323095,15.010660953042514,13.9161463507887,73.0,71.0,64.0,-0.3279797236174433,0.9238760636795569,-0.19718600319442664,15.316355645591958,-0.582081428587896,-0.033237093716186106,0.8124509253452634,14.197024980374524,0.7440500731731022,0.38124574038442466,0.5486721917956403,13.078931245730118,73.76201757392133,72.52113401509733,70.66170082705969,23.634873384370174,6.971188649785909,116273.0,377991.000968855, 0.0, 0.0,0.0,NaN, 100.54173728684371,100.54173728684371,0.0, 188.22563958240576, -18.661073144783824, -10.31362562161292, -18.661073144783824, 225.31994224719517, -12.397553396538216, -10.31362562161292, -12.397553396538216, 193.65912925656966, 7.854088977588384, 5.314685470852766, 19.0, 0.0
6, 0 ,1.0,1.0,1.0,49.0430821249461,12.636995938003494,24.438831778882157,20.16497399564278,8.193319012796826,14.153174189673459,86.0,34.0,62.0,-0.982874765876992,-0.021242911600187372,0.1830462600246041,20.350530257848828,-0.18390012373932377,0.04976385752913943,-0.9816844212742102,13.901969972669587,-0.011744747375302832,0.9985350755935244,0.052818213889946855,8.16456621242175,86.6150144711251,69.56297451493596,35.52840301940539,24.371693255502244,8.949277076578852,88134.0,214065.66438840437, 0.0, 0.0,0.0,NaN, 56.23321144455316,56.23321144455316,9.5367431640625E-7, 406.62617624494953, 6.096527179333783, -39.66020201357473, 6.096527179333783, 67.13047644545794, -7.536109275628348, -39.66020201357473, -7.536109275628348, 200.31233964323897, 7.655239587956022, 5.075279605902132, 10.0, 0.0
7, 0 ,1.0,1.0,1.0,161.59975722706753,176.0818277808725,138.5514021799679,15.467651338359236,14.121631509552614,15.019540043030654,74.0,59.0,80.0,-0.8053346721858462,0.4067993767650223,-0.4312195877263752,16.719132430159863,-0.16076358010325814,0.5502814803575157,0.8193566767213926,14.984967705893572,0.5706059385317497,0.7291807453842502,-0.37776223140114307,12.656091464466437,89.8615013403596,83.01422472715748,73.60089003226571,24.544468557541734,7.862846860309882,120277.0,549046.6584283508, 0.0, 0.0,0.0,NaN, 76.30588300630595,76.30588300630595,NaN, 239.24823792504628, -44.795844680436296, 32.96901735945884, -44.795844680436296, 199.42047649158923, 8.087274372862357, 32.96901735945884, 8.087274372862357, 225.58658310420125, 7.589752245521417, 5.038160672403071, 19.0, 0.0
8, 0 ,1.0,1.0,1.0,89.1976570476651,123.69581385351174,79.54293083991617,13.551177523205775,12.456160371906696,12.674792736981898,70.0,61.0,65.0,-0.7852837862849924,-0.4605800821720776,-0.4137576137115405,13.854490553094003,-0.6087493857411634,0.4524825114719968,0.6516776520425954,13.093478269966496,-0.11293166233462698,0.7636265872259533,-0.6357050219433391,11.664245912603594,67.58454727302883,68.99977311455719,57.98694484861802,21.522927564217795,6.017001202175844,93045.0,270411.5884895467, 0.0, 0.0,0.0,NaN, 141.7943182672511,141.7943182672511,0.0, 183.63441226543742, 10.468840748240655, 4.123015303596157, 10.468840748240655, 155.15593121065876, 21.085244468398706, 4.123015303596157, 21.085244468398706, 160.65037092544907, 7.373812430384042, 4.974508622175171, 21.0, 0.0
9, 0 ,1.0,1.0,1.0,171.7911593931448,39.59471577074358,16.611561153774115,15.598294103299507,13.242678508275883,11.070786359500687,72.0,69.0,52.0,0.921716764304189,0.21385085740609938,0.3235830916276266,16.217524083442655,0.2433168836645443,-0.9684968259572081,-0.053016905177388426,13.12634579444947,-0.30205148654557457,-0.12759979975489738,0.9447132848531976,10.292161207044076,85.91946644148487,75.29215941488623,55.54394838416847,22.063871608749103,7.377207686982711,85424.0,359317.25493976066, 0.0, 0.0,0.0,NaN, 51.37532646431077,51.37532646431077,6.743495761743046E-7, 243.30677893302817, 15.321171208911629, 45.993072801359865, 15.321171208911629, 175.36853407355198, 14.277672067624701, 45.993072801359865, 14.277672067624701, 122.56231061770647, 7.594779369200291, 5.065505798994338, 14.0, 0.0
10, 0 ,1.0,1.0,1.0,76.1385834977747,54.35761085911005,43.69506163347941,12.790137339561536,14.354980139712348,16.69424581018573,64.0,68.0,81.0,-0.2361496866922951,0.5199639210372202,0.8208963675731126,18.338352676149192,0.3630833544642501,-0.73638517699942,0.5708829554352812,12.6368978140206,-0.9013344568949523,-0.43286763786997695,0.01489311581731502,12.3436034410726,88.55551386269542,60.578908134517064,63.825695214553186,24.269373886612787,7.703791423657669,117063.0,342399.090888069, 0.0, 7.105427357601002E-15,0.0,58.6701685765955, 103.25256493914141,103.25256493914141,0.0, 163.58761316484623, -24.543634803202846, -34.13711407430052, -24.543634803202846, 206.06545481153591, 75.42826200283235, -34.13711407430052, 75.42826200283235, 278.69784317090387, 7.49076298678968, 4.796362002448017, 18.0, 0.0
11, 0 ,1.0,1.0,1.0,58.372647786440886,74.40116460806117,136.19116898427242,13.537274355993464,15.041314521411849,13.418053003200056,64.0,74.0,63.0,-0.5474633296417669,0.7697085968772144,-0.32837871214629644,15.532744287615307,0.4553420596918354,0.6032278441189517,0.6548127799265984,14.582595456359128,0.7021022086371383,0.20896134564295024,-0.6807258219385692,11.64580828323597,78.262774787614,67.96995682194347,57.40753720080055,23.294509238476117,6.849009071131032,111969.0,305380.39435574936, 0.0, 0.0,0.0,NaN, 114.08096344364108,114.08096344364108,0.0, 183.25779698943825, -23.35843486385867, 41.958430227395525, -23.35843486385867, 226.24114253203496, 3.7243975704387284, 41.958430227395525, 3.7243975704387284, 180.04414639668605, 7.834237620653301, 4.968176801398361, 19.0, 0.0
12, 0 ,1.0,1.0,1.0,41.435983215496925,55.25337701902627,176.68558946944876,13.42965114766966,12.14456499572804,12.587913843953768,67.0,61.0,52.0,0.8224030922665329,0.26483908727356703,0.5035011536059752,13.91793478016535,-0.5572896620828418,0.5529610020623034,0.6194048455847311,12.368987325751677,0.11437388848000102,0.7899964481251522,-0.6023489234518539,11.815278575506747,70.38244569860636,71.79088485534395,64.18135126653087,21.20013931943511,6.070885986649992,86985.0,324296.6904729352, 0.0, 0.0,0.0,NaN, 72.8933338202382,72.8933338202382,0.0, 180.355529948105, 7.658411564412769, 17.7827062707432, 7.658411564412769, 147.4904589354628, 11.801662448621974, 17.7827062707432, 11.801662448621974, 158.45557494280294, 7.401638468104875, 4.889821998039141, 11.0, 0.0
13, 0 ,1.0,1.0,1.0,78.45375078937747,186.40653770731547,27.48462791238741,12.26335120473827,7.917038204742678,14.924765225097225,59.0,31.0,59.0,-0.219368897361828,0.009398632557288558,0.9755967161569935,15.054122051609877,0.9753337743436982,0.027245356390237865,0.21904729895537473,12.10737963287503,0.024521735149295006,-0.9995845918486449,0.01514358755532632,7.912184364071551,60.610899223719514,60.06880921763378,31.972297217937296,19.86267042691249,6.425902056694699,60174.0,116405.52437450772, 0.0, 0.0,0.0,NaN, 84.23287957506123,84.23287957506123,0.0, 150.38978277075555, 1.8936067809927637, -17.16055573037896, 1.8936067809927637, 62.67949393535516, 2.005210678686137, -17.16055573037896, 2.005210678686137, 222.74861702427143, 7.444331311507882, 4.898748980997225, 10.0, 0.0
14, 0 ,1.0,1.0,1.0,188.56946131203557,56.15524587801816,94.38375084909738,7.219958735164223,13.496442192878598,14.819556300490929,28.0,62.0,77.0,-0.041156546859134516,0.6029885822729063,0.7966874596095656,16.47318116896513,-0.09653645845543339,-0.7960324018408137,0.59750575512578,11.468706140523395,-0.9944781801726543,0.052318112237126936,-0.09097232706943989,7.141714540877566,94.53119836520932,55.87428445259091,31.329665268282668,19.803352870914743,7.85673087337432,48581.0,165479.00188521057, 0.0, 7.105427357601002E-15,0.0,52.915759721158274, 110.41902589075045,110.41902589075045,1.3486991523486091E-6, 52.127804137474165, 0.7195019201874367, -11.870308705878404, 0.7195019201874367, 182.15395186571368, 67.55883475218926, -11.870308705878404, 67.55883475218926, 219.6192489434204, 8.309818857328041, 5.078423348974397, 12.0, 0.0
15, 0 ,1.0,1.0,1.0,183.85010119595216,19.173468261269548,176.55407543698252,9.527039690814432,11.449744228277334,12.124110242329277,40.0,47.0,49.0,0.21906487508370087,0.5471449212450704,0.807863240691324,12.659514945698687,-0.18319944616987424,-0.7901836901604894,0.5848484408181349,11.073522349601609,-0.9583572107662225,0.2761198489063724,0.07286484483142901,9.271944857686684,69.90147246915092,59.34970754577742,44.495643344394836,18.401704813813872,5.498403156986254,54350.0,184596.04752818742, 0.0, 0.0,0.0,NaN, 34.32422606791889,34.32422606791889,0.0, 90.76448527035355, 14.211007284720628, 9.220957729256618, 14.211007284720628, 131.09664289297012, 15.90029764084888, 9.220957729256618, 15.90029764084888, 146.99404916815368, 8.037726145234258, 5.204186500281553, 6.0, 0.0
16, 0 ,1.0,1.0,1.0,184.9030014918957,14.628290388651479,97.02981262801224,8.384856060445877,8.593634518912674,14.030654923827424,33.0,35.0,68.0,-0.20747755439250512,-0.12760852276349047,0.9698809872048348,14.335413559882177,-0.5158883657557669,0.8566525919886671,0.0023517476357689257,8.70137690184698,-0.8311511646512619,-0.4998623826186746,-0.24356793701477383,7.732890861102089,72.89973117547294,42.95765753547789,43.01805616233938,17.475401190945227,5.968751645534466,39547.0,134715.41721779728, 0.0, 0.0,0.0,NaN, 99.28086815834952,99.28086815834952,0.0, 70.30581115439594, -3.1763187617046156, -29.33961207573135, -3.1763187617046156, 73.85055424464748, -18.001308680006645, -29.33961207573135, -18.001308680006645, 196.85927759152273, 7.824161748714349, 5.3447052753416155, 8.0, 0.0
17, 0 ,1.0,1.0,1.0,101.56006768189509,84.65628417187519,13.573155150385027,14.521922703753486,17.469875707074582,9.320596248202575,73.0,84.0,37.0,-0.15552107739748017,0.9784532088062409,0.13580321300284998,17.67194871789583,0.9864078557215485,0.14644137233103793,0.07452829422855736,14.4477738109923,-0.05303523975568602,-0.14554807675325965,0.9879286516229219,9.050987298350293,87.53471792666289,71.58675586356244,42.271603361266145,23.132838999739015,8.235779894375696,86877.0,264887.66757092485, 0.0, 0.0,0.0,NaN, 130.54247303203192,130.54247303203192,0.0, 210.88623901379094, -16.737603956754096, 4.457416690812599, -16.737603956754096, 305.19655722063465, 31.99597115399534, 4.457416690812599, 31.99597115399534, 86.87351442200793, 7.671334186681695, 4.860155208448743, 16.0, 0.0
18, 0 ,1.0,1.0,1.0,75.43486619208953,122.2495336708668,124.84059157181468,12.060450392356328,14.585918291351074,14.835496338979294,71.0,64.0,71.0,-0.14967271147780944,0.11562240145925752,-0.9819519029563897,14.911200567202352,0.15055906231963123,0.984222505466753,0.09294099464811627,14.626216310708314,-0.9772052231708107,0.1339310270756637,0.16471925143754187,11.917437718291637,72.20604851374407,66.15854659913884,67.04504525646638,23.02352869512091,6.943526057936759,105076.0,320277.3474149438, 0.0, 0.0,0.0,NaN, 131.85025872970786,131.85025872970786,0.0, 145.4544636664879, 9.264578100074432, 12.810651421042927, 9.264578100074432, 212.74901240196982, -2.5419154803474897, 12.810651421042927, -2.5419154803474897, 220.091951623868, 7.007165594662691, 4.499595297924502, 21.0, 0.0
19, 0 ,1.0,1.0,1.0,182.30234329232573,149.06906854130054,36.152255418863504,10.546520390225053,13.84542790750782,11.2987167883886,45.0,68.0,52.0,-0.05082231665348702,0.9981387927172309,0.03370523109194507,13.857270185199686,-0.48549942585051026,0.0048006448145673924,-0.8742238050454749,11.616631335699013,-0.8727585001756195,-0.06079394938933548,0.48435183089243045,10.179189887828755,69.29276019085138,58.14582142637212,50.47239230919416,19.90086131822693,5.877217550878645,68280.0,203357.53152197466, 0.0, 0.0,0.0,NaN, 64.91650332591995,64.91650332591995,0.0, 111.22909234143282, -4.557759973148783, 13.14620443955737, -4.557759973148783, 191.69587394199638, 2.8427791951471417, 13.14620443955737, 2.8427791951471417, 127.66100106421437, 7.897629920506711, 5.223609962972635, 14.0, 0.0
20, 0 ,1.0,1.0,1.0,151.7564801380338,187.49398062821066,10.113603388102428,13.509452371818274,7.407837529370538,6.578987966459625,68.0,28.0,25.0,0.9986250604307406,0.043182134839357914,0.02972022729414449,13.523132387160702,-0.03530801752434143,0.9731298709202075,-0.2275337298541059,7.435907534351305,-0.03874703315353208,0.22617152241945923,0.9733165517282975,6.518942589922109,68.19531714562066,33.069399613724215,29.808640968684585,15.644101730336692,5.993873869349936,25501.0,67223.79711945761, 0.0, 0.0,0.0,NaN, 50.85393497745612,50.85393497745612,0.0, 182.50530338642636, 5.613843366973352, 4.269145407635604, 5.613843366973352, 54.8760568615506, -2.653153283397796, 4.269145407635604, -2.653153283397796, 43.283082662820554, 7.956820542065753, 5.0922329936279525, 5.0, 0.0
21, 0 ,1.0,1.0,1.0,18.92667399655224,84.72279458674376,25.859822725360047,11.30513041768106,11.427143837424328,13.643869249687036,45.0,54.0,58.0,-0.10263175716081628,-0.3953264308901227,0.9127889873688008,14.142974796521315,-0.9668726920943925,0.2552524732053339,0.001836356365907469,11.29735759256519,-0.2337176067484552,-0.8823622770507806,-0.4084273403355082,10.811416811648247,66.03542456575327,51.15031813311451,50.27790644260966,20.24725739413908,5.881269094336358,73671.0,169825.3424847329, 0.0, 0.0,-3.552713678800501E-15,24.106340130222403, 90.58091047536668,90.58091047536668,0.0, 127.80597376077755, 0.7216480889032132, -7.807444416902349, 0.7216480889032132, 130.5796162811848, -29.994919307498474, -7.807444416902349, -29.994919307498474, 186.15516810255548, 8.02220757497229, 4.91918167436917, 10.0, 0.0
22, 0 ,1.0,1.0,1.0,41.852073983134424,175.5904361301749,185.86831565600662,12.085078501261565,13.102114828923614,8.032196403706987,68.0,60.0,32.0,0.3779889369820287,0.9050801654079995,-0.1948185250540202,13.530826971764233,0.9258064125756292,-0.3689289749033142,0.08230369317736157,11.826938528821293,-0.0026172414943003604,0.21147412527734374,0.977380092075311,7.698763597834255,69.12848600006745,70.568827955982,34.733031712687875,18.59949156008372,6.024087328883407,49687.0,169438.7125085388, 0.0, 0.0,0.0,NaN, 50.46907377199522,50.46907377199522,0.0, 146.04912238165448, 14.826105531764645, -2.975524381193378, 14.826105531764645, 171.6654129903001, -24.27890145108908, -2.975524381193378, -24.27890145108908, 64.51617906772344, 7.285328973711855, 4.807774122874726, 9.0, 0.0
23, 0 ,1.0,1.0,1.0,67.86874764949229,188.837062805566,74.38781026701767,13.466863388555254,6.697200485570713,11.739991094500475,66.0,27.0,51.0,0.9839810540556793,0.06199994192689466,0.16714452566726806,13.529592041089073,0.1711377508037923,-0.06591246474321083,-0.9830398858852545,11.707839802186268,-0.04993150818164261,0.9958973612740102,-0.07546714714476686,6.626682513666333,66.70312968283147,50.500143742530135,29.40107443302992,18.102020334193032,6.029357726105411,42544.0,99038.03777616388, 0.0, 0.0,0.0,NaN, 101.31300208087391,101.31300208087391,0.0, 181.35640952600988, 7.437433215172084, 7.21054749273757, 7.437433215172084, 44.8524943439286, 7.478170853021992, 7.21054749273757, 7.478170853021992, 137.82739089895045, 6.921332276185632, 4.726435975247304, 11.0, 0.0
24, 0 ,1.0,1.0,1.0,113.715982144147,83.65082850580026,64.463024226752,11.236089000666045,12.27055820440112,11.408164060342136,54.0,55.0,57.0,-0.39204123024891224,0.9060810921353037,-0.1591248825916809,12.555833910882797,-0.3985889239980471,-0.011407839803126624,0.9170587390440731,11.455857121729073,0.8291143126559801,0.4229502519988885,0.3656262311200859,10.866318342245503,60.443118225926355,55.36399430605481,46.020127298859336,19.452295345335745,5.345157406850342,69221.0,154000.48629027992, 0.0, 0.0,0.0,NaN, 136.3740236977511,136.3740236977511,0.0, 126.24969603088847, -13.997005411305322, -2.3416440632474975, -13.997005411305322, 150.56659864759564, -5.843179157183508, -2.3416440632474975, -5.843179157183508, 130.14620722768197, 6.9264741312949285, 4.5067304723648185, 14.0, 0.0
25, 0 ,1.0,1.0,1.0,50.440429744707274,86.15985378369828,80.29004252926083,12.601880511169385,11.968556351370038,13.623314264214534,64.0,65.0,61.0,-0.5055414560513743,0.21259546766421938,0.8362003368464332,14.472839763213893,-0.6618904869480138,-0.7172607357637302,-0.21780270939406132,12.337812340856711,0.553469799990187,-0.6635813469803871,0.5033199543416872,11.223356045559665,66.15576457959963,57.60621410301374,53.68506401787918,21.220828659523434,6.109407180605547,85353.0,204592.87376255743, 7.105427357601002E-15, 0.0,0.0,59.632697980078014, 128.11810288249484,128.11810288249484,0.0, 158.80739241779077, 3.4917199930080525, -31.512639025693048, 3.4917199930080525, 143.2463411359201, 18.94592644348339, -31.512639025693048, 18.94592644348339, 185.59469154155116, 6.861196195802156, 4.3495755178127995, 14.0, 0.0
26, 0 ,1.0,1.0,1.0,102.35382145308364,21.634020492205117,104.76702372781645,12.049549489999073,12.741079716351491,12.689129237635886,56.0,51.0,60.0,-0.4603137784409655,0.6362983769262195,0.6190602562743468,14.133726686153334,-0.004386927550915827,-0.6989531734381856,0.7151539807673252,11.758347061204995,-0.8877454478869856,-0.32647945856017824,-0.3245291710989755,11.42452626629021,74.76086880888991,60.73876437684402,57.274102821865284,20.790879774265242,6.023294303937113,81592.0,260074.98811382623, 0.0, 0.0,1.4210854715202004E-14,51.752458161808896, 138.10187108483248,138.10187108483248,0.0, 145.19164291193692, -20.257164153219207, -19.755738405705685, -20.257164153219207, 162.33511233842341, 23.406707710760195, -19.755738405705685, 23.406707710760195, 161.01400080942588, 7.237351584375264, 4.665929882540026, 15.0, 0.0
27, 0 ,1.0,1.0,1.0,144.0521876002873,73.03047205709308,113.59302840900408,13.087951648108552,9.924569369457226,11.801004325777985,58.0,46.0,59.0,-0.9121470872305792,0.235915541211622,0.33515899013989914,13.30081356696318,0.4013338150492571,0.34814737165538967,0.8471862702543358,12.080294142284226,0.08317968595022657,0.907269124915133,-0.4122424951663163,9.284939983769867,61.09879329541295,63.9143476889158,43.56176758424417,19.438483840552387,5.585750136730488,65437.0,170112.60198123317, 0.0, 0.0,0.0,NaN, 126.21320176876297,126.21320176876297,0.0, 171.29447834322738, -11.173282119824716, -7.422531473275842, -11.173282119824716, 98.49707716916858, 24.786856080695024, -7.422531473275842, 24.786856080695024, 139.2637030970307, 6.642078472679973, 4.5222293654732475, 14.0, 0.0
28, 0 ,1.0,1.0,1.0,136.9887524140595,140.9475009656238,18.242101197373504,10.339594767572821,13.71636402530391,10.876056724576369,46.0,68.0,44.0,-0.11708575882472087,-0.9884122417751939,0.09660313343455484,13.79017651078321,0.46576760318208255,0.03125891264822034,0.8843548044795531,11.045218700353267,-0.8771268237298735,0.14853996327246755,0.4567104273000089,10.058262651734786,68.429665273257,51.34813174066096,54.320681722362295,19.476159298676798,5.832125760049789,64725.0,190868.5059823267, 0.0, 0.0,0.0,NaN, 88.26318156874311,88.26318156874311,0.0, 106.90721995761925, 10.60316385790612, 7.572549241740921, 10.60316385790612, 188.13864207465127, -7.922307302144659, 7.572549241740921, -7.922307302144659, 118.28860987620286, 7.494997997088706, 4.684917304834567, 8.0, 0.0
29, 0 ,1.0,1.0,1.0,182.5767686342094,94.28973718224903,80.17638948728997,10.07946563429678,9.734563284249711,14.63575953589508,37.0,51.0,81.0,0.10429094042442844,-0.04697361500306435,0.993436902495036,14.69312769789918,0.7653549528178631,0.6416627928112829,-0.05000656475694891,10.65891846776184,-0.6351025082162364,0.7655470853025097,0.10287110499200863,9.003458366172943,80.65628356211019,56.65660627501441,48.91168638372999,19.28912791905193,6.2042204283076625,58025.0,223512.2860375001, 2.8421709430404007E-14, 1.4210854715202004E-14,0.0,84.92861828314214, 124.98950740098579,124.98950740098579,1.9073486328125E-6, 101.5956274729698, 15.324935212781888, 12.723029263746005, 15.324935212781888, 94.76172233506254, -7.33613890668351, 12.723029263746005, -7.33613890668351, 214.20545719254375, 7.362894989559744, 4.586786389479871, 12.0, 0.0
30, 0 ,1.0,1.0,1.0,59.33698862070323,11.191577745403,107.08745127377249,11.922333652635162,7.184322997191333,14.342451015048354,58.0,30.0,71.0,-0.10830819263613647,0.12493953088782367,0.9862349867194047,14.462504193310224,0.9924643040463383,0.07077712815121066,0.1000260132389799,11.90191450616522,-0.05730567687158944,0.9896366564311357,-0.13166376740049368,6.9744420076597375,73.01312162325983,60.20513422196455,31.164484621987597,19.002168913646262,6.195160558779314,50794.0,136991.74411546666, 0.0, 0.0,0.0,NaN, 110.81006877449569,110.81006877449569,0.0, 142.1420397247569, 4.361396301372943, -7.912861823309103, 4.361396301372943, 51.61449692797226, 20.437866906621245, -7.912861823309103, 20.437866906621245, 205.70590111906156, 6.776866140277873, 4.51274516255833, 12.0, 0.0
31, 0 ,1.0,1.0,1.0,160.13289924347924,10.755862094922655,41.960931913131844,13.649971365247843,7.031678264028302,13.527427133623224,62.0,31.0,64.0,-0.7682312358990983,-0.11832326527369835,-0.6291425697597599,13.884589975192254,-0.6360910606675557,0.030289785408716942,0.7710192549078901,13.367449551118955,-0.07217292240008376,0.9925130396094872,-0.0985339305892524,6.876551174495854,68.93359323095311,74.84119418649922,31.800334848478062,19.439126725330038,6.393579161389979,53138.0,164060.23100322866, 0.0, 0.0,0.0,NaN, 58.87099539802311,58.87099539802311,0.0, 186.32171827208606, 10.69370510530425, 5.877129339257174, 10.69370510530425, 49.44449920880807, 13.899717146092389, 5.877129339257174, 13.899717146092389, 182.99128485548582, 7.420233157261292, 5.055055799015517, 9.0, 0.0
32, 0 ,1.0,1.0,1.0,56.46061903487646,148.3860048166979,21.436446347337437,11.309015305980605,12.184427272752808,12.385440800353367,55.0,63.0,51.0,-0.4713174251013923,0.42504347986446184,0.772785820923561,13.934950336773849,-0.5158979567724323,-0.8435368802127614,0.14931453351549676,12.071913653675228,-0.7153385093742842,0.32830408457043253,-0.6168526931614607,9.478359500716346,65.60075055502261,60.66134681140514,51.95912248541987,19.84022088770651,6.009898010949895,67266.0,206767.68458338763, 7.105427357601002E-15, 0.0,0.0,61.88015252105014, 79.44386214545251,79.44386214545251,0.0, 127.89382719090361, 3.419751832418036, -42.31018424799883, 3.419751832418036, 148.46026796500243, 27.233768480232758, -42.31018424799883, 27.233768480232758, 153.39914381905785, 7.18018137681923, 4.549347484154925, 12.0, 0.0
33, 0 ,1.0,1.0,1.0,13.782903949527954,102.22905154111393,108.3008748287233,9.124927358395153,15.558929284709016,12.090612671750069,37.0,76.0,62.0,-0.12001657024041557,0.9700157443918888,0.2113420888029096,15.79202360106211,0.030119848529998834,-0.20922508099798998,0.9774035298718307,11.889438926864388,-0.9923148782479568,-0.12367021109884994,0.00410625066314585,8.987809919480187,72.95664901007694,58.08000396379987,41.942649366631265,20.5977884880493,6.874489360126126,66413.0,177724.5303479344, 0.0, 0.0,0.0,NaN, 134.7510903889447,134.7510903889447,0.0, 83.26429929598835, -20.01066861729213, -2.4932767187066665, -20.01066861729213, 242.08028048657584, 22.17731606922531, -2.4932767187066665, 22.17731606922531, 146.18291477828336, 7.024184616798271, 4.512671313252609, 16.0, 0.0
34, 0 ,1.0,1.0,1.0,90.50837618178802,75.02060872449826,100.69657765245756,11.847345451172568,12.88221167657114,10.59018046462173,55.0,56.0,53.0,-0.09708788193234429,0.9903751681815237,0.09864567619166295,12.918126898129442,-0.970153660344302,-0.07204295009208733,-0.23154198034607468,11.903458847031313,-0.2222067021996505,-0.11818138428470146,0.967810591958007,10.48296518707934,57.235073795355945,54.02450465108464,52.636424800015355,19.723446504800716,5.426652021730289,72348.0,162756.90544734293, 0.0, 0.0,0.0,NaN, 153.88641129870015,153.88641129870015,0.0, 140.35959423941935, -3.256772666653464, 6.597457758923706, -3.256772666653464, 165.95137767998582, 6.097713865209694, 6.597457758923706, 6.097713865209694, 112.15192227325572, 6.822088656902426, 4.410318634852951, 5.0, 0.0
35, 0 ,1.0,1.0,1.0,31.68849238113257,43.03137779977005,104.82700004366113,9.851796143410963,13.841168573585081,11.556346050860384,45.0,67.0,55.0,0.024585386674340647,0.9747415171922931,0.22197867785834635,13.959175560848694,-0.11791248292028338,-0.21766845061684112,0.9688741362930676,11.436983152064052,-0.9927196004580784,0.04999420234117223,-0.1095827294724077,9.824551023928285,67.50217284600348,55.21135066493791,46.387328393011806,19.729714911794474,5.737884477773472,68711.0,172880.29105757133, 0.0, 0.0,0.0,NaN, 109.15017153181628,109.15017153181628,0.0, 97.05788725132712, 3.236477571659263, -3.379879365246841, 3.236477571659263, 191.57794748239928, 14.047299383008168, -3.379879365246841, 14.047299383008168, 133.54913404723638, 6.767890623776713, 4.38876330592687, 10.0, 0.0
36, 0 ,1.0,1.0,1.0,22.306577213370073,178.08760299775037,100.77836348388642,12.878707649233435,12.270783790281913,11.402999756429159,51.0,55.0,59.0,0.7476933171796707,0.6270303174208282,0.21860394433769154,13.782896327603643,0.5888457680384114,-0.473896734386718,-0.6547385330044801,11.855779207034086,-0.30694521483175846,0.6182676331272248,-0.7235535701792549,10.76726136043799,73.49344241165953,61.529086753073756,57.60185507658011,20.27948419838672,5.933310175167153,75123.0,260474.68971765687, 0.0, 0.0,0.0,NaN, 104.032060838455,104.032060838455,0.0, 165.8611107144238, 27.837418837889782, 2.6066652104231087, 27.837418837889782, 150.57213482784536, 17.788767619937246, 2.6066652104231087, 17.788767619937246, 130.02840344512347, 7.248502039220113, 4.624606188593484, 12.0, 0.0
37, 0 ,1.0,1.0,1.0,133.11145430795187,42.70108311108692,32.75443585696402,11.672851298390372,11.039275781396553,15.158036162533417,63.0,51.0,65.0,0.47835479185108504,0.004994096551988372,0.8781524651862763,16.41024779864463,0.27688211181514605,-0.9498358804783864,-0.1454238505632187,11.176637072517282,0.8333744592137976,0.3127089048228046,-0.45574132089885394,9.678516335319397,77.26934499957738,52.910979516507666,51.31095872579645,20.9695824683741,6.940009986936215,73492.0,209779.55589473172, 0.0, 0.0,0.0,NaN, 85.85052773259541,85.85052773259541,NaN, 136.25545743433378, -7.7972646242163774, 72.51546312381853, -7.7972646242163774, 121.86560977772845, 5.08583855257416, 72.51546312381853, 5.08583855257416, 229.7660603046708, 6.527117041965539, 4.256299629490003, 11.0, 0.0
38, 0 ,1.0,1.0,1.0,18.918688222620595,130.94676249527163,16.64126770060688,11.184021987693368,13.517252938506195,9.736045141095655,53.0,63.0,42.0,-0.22886631909780053,0.9577595950271363,0.17411710460514485,13.728341827206169,0.9375239837214908,0.26501252281269116,-0.22542657939878902,11.13729909457759,-0.26204768254958744,0.11164641008965792,-0.9585750315882853,9.491166912846822,67.53780689886993,56.57032634944439,48.25812854459207,19.173960565195905,5.91170754169688,60803.0,184376.7324579355, 0.0, 0.0,0.0,NaN, 73.5064498165461,73.5064498165461,0.0, 125.08234782120873, -13.129059523763253, -11.097208566817207, -13.129059523763253, 182.71612700355433, 14.378300142211108, -11.097208566817207, 14.378300142211108, 94.79057498945231, 6.934245806720118, 4.461229146112308, 8.0, 0.0
39, 0 ,1.0,1.0,1.0,98.44336332862707,134.7870107336656,16.339445795839215,10.872635377297376,13.175578384890418,10.829058169778628,51.0,61.0,44.0,-0.052682459773420724,-0.9378197796529352,0.34310147088571596,13.546958737141921,-0.779838787885223,-0.17597200782442435,-0.6007373114531398,11.691534667246504,0.6237595877755532,-0.2992121544221772,-0.7220776019958738,9.426902607285538,68.26461183447363,64.13166382584734,45.86776871048474,19.26200374345747,6.168774469500525,58787.0,200805.56589718626, 0.0, 0.0,0.0,NaN, 119.20909043113403,119.20909043113403,0.0, 118.21420004765845, 11.239599779504609, 20.69429780014691, 11.239599779504609, 173.5958657763916, -25.40066339820542, 20.69429780014691, -25.40066339820542, 117.26850084444926, 7.01606282193303, 4.510012594006787, 7.0, 0.0
40, 0 ,1.0,1.0,1.0,145.8086963655755,102.94793666420543,82.74680449585692,9.714769313580444,12.718359273680537,11.063951615656846,46.0,63.0,52.0,-0.06511131571921908,0.9558239677175389,0.2866375050512622,12.886378181166402,0.10232416529992726,-0.2793376236451341,0.9547252260268199,10.893832649926217,-0.9926178931295693,-0.09149335906495909,0.07961584946494712,9.685561333833762,65.0589474152319,49.82865752080185,47.064929280999465,18.740450396343487,5.228761777543106,60945.0,152575.08818637553, 0.0, 0.0,0.0,NaN, 138.5742906949519,138.5742906949519,0.0, 94.37674281608426, -5.207121280368037, 1.0807448292262525, -5.207121280368037, 161.75666261441575, 13.162927404469182, 1.0807448292262525, 13.162927404469182, 122.41102535359575, 7.5058551524615345, 4.4990568878221735, 12.0, 0.0
41, 0 ,1.0,1.0,1.0,28.679943031734247,146.7746101690789,126.8942435271634,15.422880567575561,11.279809467204023,11.39180034989177,65.0,65.0,59.0,-0.9718269071952026,-0.22976553532255337,0.052538188295249685,15.64060244393029,-0.13121087984432853,0.3422279135869983,-0.9304105331370487,11.44589661700067,-0.19579623965205242,0.911091572752064,0.3627340328646952,10.919499423223298,70.30479318669947,57.31282014818849,65.81409459875132,21.28704426938863,6.460201862402476,82151.0,265189.07295572374, 0.0, 0.0,0.0,NaN, 94.86797607424083,94.86797607424083,0.0, 237.86524500169986, 27.470631217825694, -4.965060132442602, 27.470631217825694, 127.23410161642549, -5.262372787318965, -4.965060132442602, -5.262372787318965, 129.77311521179428, 7.05527602582185, 4.4557380556903095, 13.0, 0.0
42, 0 ,1.0,1.0,1.0,125.15712790523816,73.57423620686791,166.06852956323826,10.642735546707494,9.80773972950207,13.100189963619613,48.0,45.0,64.0,-0.09883933331327285,-0.04504948804461893,0.9940831604132045,13.124363775981381,-0.8856675771343095,-0.45146049782274306,-0.10851894635814938,10.88907954465542,-0.45367800145392706,0.8911531644630789,-0.004723183694459503,9.500188300639067,64.06172908774279,53.420713877891586,47.0123491423153,18.777253569472986,5.337537258832035,60193.0,160886.7566281756, 0.0, 0.0,0.0,NaN, 110.29944887812319,110.29944887812319,0.0, 113.26781991715124, 11.688067947360107, -5.334676002344319, 11.688067947360107, 96.19175860165332, -2.2846132333216356, -5.334676002344319, -2.2846132333216356, 171.61497708292003, 7.280001898392399, 4.545478192898044, 15.0, 0.0
43, 0 ,1.0,1.0,1.0,179.6046993780235,83.20622987847017,20.39063158427023,11.410103409751272,10.901454218189615,11.10801378662896,50.0,54.0,45.0,0.8589853535661646,0.49563784747684897,0.1284028290472113,11.663663187606296,0.1170074342983134,0.054119515948579056,-0.9916553525859766,11.098522468544488,-0.4984510233490723,0.8668415092403038,-0.011505441332485032,10.639637880949323,64.62893013824237,47.33470776157411,56.35460883677031,18.563861300014533,5.272872823257783,59327.0,172399.54152479843, 0.0, 0.0,0.0,NaN, 88.06260747022573,88.06260747022573,NaN, 130.19045982121762, 9.786834040316833, 1.3616244191398108, 9.786834040316833, 118.84170407128417, 0.9181590602331859, 1.3616244191398108, 0.9181590602331859, 123.38797028393907, 7.029477493312813, 4.408190682175053, 8.0, 0.0
44, 0 ,1.0,1.0,1.0,149.9253088100998,112.95815242642229,130.32670586538924,12.198238523713316,11.335697972097757,10.394183801119175,60.0,56.0,50.0,-0.9027562941434568,0.4215513793718085,-0.0855891811743606,12.42750210622814,0.4299520304355537,0.8782211537737852,-0.2094489355155256,11.133104118787157,0.013127258233026129,0.22588058706752065,0.9740665457130304,10.341436678112606,63.20053631341328,59.25700038982963,48.11319491373666,18.9002496794231,5.3023287848787515,62417.0,180187.4851897139, 0.0, 0.0,0.0,NaN, 122.22162591928563,122.22162591928563,0.0, 148.7970230814036, -11.656216950318347, 2.1389862176080823, -11.656216950318347, 128.4980485146212, -4.840870985142014, 2.1389862176080823, -4.840870985142014, 108.03905689144825, 6.459743325594405, 4.327377553321597, 16.0, 0.0
45, 0 ,1.0,1.0,1.0,9.64212884641763,169.06446893146176,161.84447441817932,6.3577556748444,15.007114431290976,11.224478220906088,26.0,65.0,65.0,0.049631239960694566,0.9928832637264277,0.10825693803134162,15.062501726711725,0.012097074566705682,0.10778497458901504,-0.9941006287291911,11.171226984014725,-0.9986943480399254,0.0506480391012642,-0.0066614809393479215,6.320457381463848,67.61823764705605,64.98828408943129,27.43611612727593,18.6792137840434,6.535321301702713,43742.0,120565.08318211754, 0.0, 0.0,0.0,NaN, 50.05818478139601,50.05818478139601,NaN, 40.42105722101617, 9.322211985119644, -0.015993723602580754, 9.322211985119644, 225.21348355386186, 11.001133513345069, -0.015993723602580754, 11.001133513345069, 125.9889113315951, 8.147263386666674, 4.79416116761047, 6.0, 0.0
46, 0 ,1.0,1.0,1.0,118.54726511762159,178.93685957569636,31.64980516669072,11.314922645793521,10.688170377110833,13.771121235726655,59.0,45.0,61.0,0.22560792468430743,0.18877308575989296,0.9557540407512427,13.990375189765548,-0.8968733550468346,-0.34284137995587366,0.27942436042154023,11.276716010276294,-0.3804198329828169,0.9202306831890795,-0.09195781854027033,10.440944337208828,65.55962292078623,57.27285976911003,51.15253644930098,19.899409634024657,5.993474517905481,69290.0,192066.88348355258, -1.4210854715202004E-14, -2.8421709430404007E-14,0.0,75.80875220323006, 89.88834224437807,89.88834224437807,NaN, 128.02747448029106, 9.274343843117329, 14.149680878612878, 9.274343843117329, 114.23698601014954, 13.906752743603384, 14.149680878612878, 13.906752743603384, 189.64378008908162, 6.13967872965747, 4.159095446934106, 8.0, 0.0
47, 0 ,1.0,1.0,1.0,15.873533442524318,150.22577464317948,60.805812748604474,10.280115950786278,10.308913979156092,13.712121423392746,41.0,52.0,68.0,-0.10181977540349374,0.061984422410899784,0.9928699132893338,13.7514124685517,0.6783550987482126,-0.7256989768842211,0.11487103617316599,10.69794500601664,-0.7276448950821306,-0.685214511177034,-0.03184305785149975,9.819846897437916,67.54160109913524,56.40975353426818,52.509367842293884,19.111776134937628,5.892094558751167,59834.0,200060.95777053092, 0.0, 0.0,0.0,NaN, 80.16725913888315,80.16725913888315,0.0, 105.68078396161049, -9.45413248780068, -7.964642426234295, -9.45413248780068, 106.27370742963988, 4.20136169367082, -7.964642426234295, 4.20136169367082, 188.02227392986632, 6.946876176765275, 4.397193352066006, 10.0, 0.0
48, 0 ,1.0,1.0,1.0,121.76610430761326,152.86965830264623,110.48575832833775,11.519422533014868,12.360155896777531,9.32588365716787,61.0,56.0,43.0,-0.2414434488583249,-0.96814618717637,0.06631757881026164,12.435551212127816,0.9620388910505475,-0.2298403128296657,0.14715502949133055,11.495102981136993,-0.1272251276660014,0.09932970781301675,0.9868877221022411,9.25539457707816,57.65796756121739,60.910819906749026,44.624443501655534,18.575119952652365,5.235224352243739,58385.0,156720.78132571524, 0.0, 0.0,0.0,NaN, 127.88514771375652,127.88514771375652,0.0, 132.69709549413068, 5.848044082914055, 5.474908208131918, 5.848044082914055, 152.77345379264437, -6.00079436706948, 5.474908208131918, -6.00079436706948, 86.97210598703077, 6.790827485189828, 4.420901929997269, 15.0, 0.0
49, 0 ,1.0,1.0,1.0,113.25412344348429,28.73261610115668,65.61925749148367,9.452195164028739,13.78290673871157,9.8355076876355,44.0,56.0,53.0,0.2806218461041622,-0.9528602261232647,0.11536363795153687,14.169875174854424,-0.08458365511686974,-0.14427599725491203,-0.9859158391582781,9.775973917624947,-0.9560841933512773,-0.2669116447224098,0.12108339743918511,8.927188502065317,61.22998777381572,54.557117595905,43.219527770259134,18.531297771812152,5.713206276068942,51959.0,144376.20012814077, 1.4210854715202004E-14, 0.0,0.0,73.70267807700758, 112.50021013895193,112.50021013895193,0.0, 89.34399341888829, -32.185116399462125, 5.243987068312363, -32.185116399462125, 189.96851816802084, -11.05282348911313, 5.243987068312363, -11.05282348911313, 96.73721147353703, 6.41687783488831, 4.136843861020077, 6.0, 0.0
