// Sample: .//bubblelabels.tif, Map: .//bubblelabels.tif, Thickness:(8.191250068658265):/gpfs/home/mader/Foam/NewValid/InSilicoTest/LatticeDataPhi_16.0/out_Step_02000.vtk/distmap.tif, Neighbors:(1.0):
//LACUNA_NUMBER, TRIANGLES, SCALE_X, SCALE_Y, SCALE_Z, POS_X, POS_Y, POS_Z , STD_X, STD_Y, STD_Z,PROJ_X, PROJ_Y, PROJ_Z, PCA1_X, PCA1_Y, PCA1_Z, PCA1_S, PCA2_X, PCA2_Y, PCA2_Z, PCA2_S, PCA3_X, PCA3_Y, PCA3_Z, PCA3_S,PROJ_PCA1, PROJ_PCA2, PROJ_PCA3,OBJ_RADIUS, OBJ_RADIUS_STD, VOLUME, VOLUME_BOX, Mask_Grad_X,Mask_Grad_Y,Mask_Grad_Z,Mask_Angle, Mask_Distance_Mean,Mask_Distance_COV, Mask_Distance_STD, SHAPET_XX, SHAPET_XY, SHAPET_XZ, SHAPET_YX, SHAPET_YY, SHAPET_YZ, SHAPET_ZX, SHAPET_ZY, SHAPET_ZZ, Thickness, Thickness_STD, Neighbors, Neighbors_STD
1, 0 ,1.0,1.0,1.0,170.28252123379525,61.920962694853415,167.61963747530535,12.933055202912826,12.184896871783662,10.92993255411553,59.0,59.0,59.0,-0.8511188127498316,-0.5249214863103516,-0.0073620508724657535,13.372033880907281,-0.5244698148863653,0.8508331486747632,-0.031849119128325304,11.702363463594002,0.022982163875039787,-0.023246211001362052,-0.9994655741033311,10.928973124173933,68.11986737834937,58.350032146533295,58.80785777209758,19.98138037043169,5.99528921631426,69347.0,233749.264383692, 0.0, 7.105427357601002E-15,0.0,58.337042098714946, 75.93301022946416,75.93301022946416,0.0, 167.2639168815905, 18.71383764088475, 0.6643699451141291, 18.71383764088475, 148.47171177600327, -0.24486664164071528, 0.6643699451141291, -0.24486664164071528, 119.46342563751443, 5.958644165551566, 4.241402248924987, 27.0, 0.0
2, 0 ,1.0,1.0,1.0,41.81114912350492,8.962049486832683,26.207521149919113,13.997042859769229,5.919520841706786,12.071806652108656,72.0,23.0,55.0,0.8696167539621114,-0.02485787109009012,0.49310119394833063,14.83907420156529,-0.48829837970043544,0.10439904861676023,0.8664095630992564,11.069236360217138,0.07301639275073676,0.9942247858974265,-0.07864910359874638,5.827549648145337,77.94825903985046,54.06903390953455,25.450957382802873,18.225805156396692,6.671317565563583,37707.0,107265.27568109173, 7.105427357601002E-15, 0.0,0.0,29.585865658193306, 50.153012739573896,50.153012739573896,0.0, 195.91720881821675, -8.540860996745025, 42.39045159011778, -8.540860996745025, 35.040726995401016, 5.728351838267085, 42.39045159011778, 5.728351838267085, 145.7285158458948, 6.239543526042449, 4.247554298321059, 17.0, 0.0
3, 0 ,1.0,1.0,1.0,170.26643878921996,40.28777760214969,11.989468900655972,14.74636192197067,11.24130328450416,8.2553295533386,65.0,60.0,31.0,0.9308013538499612,0.36034608653137995,0.06131506823447341,15.298452879440418,0.36304193388421935,-0.9308985813403307,-0.04035325885434409,10.51074596417298,0.04253697112730609,0.059820808921967505,-0.9973023999305508,8.213045371501286,73.55849515223804,62.90702782103704,34.10540417045053,19.150506694489003,6.725373509813942,50612.0,157817.51583277137, 0.0, 0.0,0.0,NaN, 51.48725134356342,51.48725134356342,0.0, 217.4551899337465, 41.33617163982853, 8.877302060275234, 41.33617163982853, 126.36689953420401, 5.296814697343463, 8.877302060275234, 5.296814697343463, 68.15046603422567, 6.161072473753104, 4.069980764259228, 14.0, 0.0
4, 0 ,1.0,1.0,1.0,9.53020033701554,30.118854147163454,135.1081819883917,6.228194745629378,10.474917674067196,10.446623386044196,24.0,53.0,55.0,0.047536687866614254,-0.7106190434978459,0.7019692573929992,11.491410894119827,-0.009326771115472948,-0.7030488771796078,-0.7110803665107426,9.32838490051488,-0.9988259481247129,-0.02725529883709578,0.04004839619846138,6.2108744189660205,63.588060869640096,43.978167919758064,26.092169016389935,15.222449452742557,5.09149122522125,26705.0,72966.39628658928, 0.0, 0.0,0.0,NaN, 72.17283518369948,72.17283518369948,0.0, 38.79040978948539, -2.8400620059797475, 3.4405636107980557, -2.8400620059797475, 109.72390027848533, -22.41143492346582, 3.4405636107980557, -22.41143492346582, 109.1319401698455, 6.2102425700491946, 4.1152118271390155, 12.0, 0.0
5, 0 ,1.0,1.0,1.0,59.15572900700356,74.1441743108449,142.30775579503384,9.773159435750967,9.96623454830344,10.548054511826388,49.0,56.0,55.0,-0.5956371093659654,0.39017940344207747,0.702122829051827,11.439555046667394,0.1742385268076679,-0.7905262031592081,0.5871194579424014,10.01798256452316,-0.7841284140509449,-0.472046984153347,-0.40288245808136064,8.653238473776325,56.056414209516404,54.145960169702164,48.399528101192516,16.796373077403924,4.897323948603905,42407.0,146903.62083791968, 0.0, 0.0,0.0,NaN, 111.0187096844151,111.0187096844151,1.9073486328125E-6, 95.51464535660816, -16.5210018899901, -20.806739907807682, -16.5210018899901, 99.32583107179707, 3.510490746083449, -20.806739907807682, 3.510490746083449, 111.26145398446101, 5.960948864807514, 3.8629192889316144, 21.0, 0.0
6, 0 ,1.0,1.0,1.0,28.887956539908064,106.84295862933556,174.05365649811952,12.153668522256476,12.14851927700951,9.99234287924126,58.0,57.0,49.0,-0.7155837370378244,0.6975978261673609,0.036016499185159284,12.536832512449788,-0.6892927212324649,-0.7135408470878597,0.12543924423035238,11.782428325099872,0.11320538742888824,0.06493637242495057,0.9914473298130178,9.957274160519491,65.51044886369806,59.88367104556136,48.902134908444424,19.038350184112566,5.7171949115071525,59825.0,191843.37696225676, 0.0, 0.0,0.0,NaN, 100.92552269423666,100.92552269423666,0.0, 147.71165854888793, -9.450090234978095, -4.926223827715956, -9.450090234978095, 147.58652062387168, -2.0935712026772384, -4.926223827715956, -2.0935712026772384, 99.84691621632352, 6.0424490300397515, 3.7459993115611736, 25.0, 0.0
7, 0 ,1.0,1.0,1.0,135.79658147662735,16.38703218290374,180.1807011795544,13.690936663481954,9.897851777757404,9.711559466734197,65.0,41.0,40.0,0.9673582170363546,0.2483587069221915,0.05035903720466716,13.92843660729069,-0.07681639558761585,0.09801112835791491,0.9922162365567975,9.700153227991125,-0.2414897954390023,0.9636969292334312,-0.11388989105659775,9.572318676476575,70.77884017076967,41.314703667413994,45.09040945082108,18.602127451066277,5.8038313300921995,54936.0,131853.68227259774, 0.0, 0.0,0.0,NaN, 69.16226123822868,69.16226123822868,0.0, 187.4417467234744, 24.576526952161, 4.799299834016315, 24.576526952161, 97.96746981445543, 1.5199674443045308, 4.799299834016315, 1.5199674443045308, 94.3143872759146, 6.105081097484481, 3.951212257213436, 14.0, 0.0
8, 0 ,1.0,1.0,1.0,185.16670552576358,155.23558975156084,91.13460791171214,8.379088269527433,10.744071882413717,10.264122364026212,32.0,55.0,52.0,0.1938470795183248,0.8173308594976996,0.5425804787079682,11.331898659856025,-0.20551197373189267,-0.5069675436641087,0.8371073636780423,9.79452908285145,-0.9592643735775025,0.2737776027799424,-0.06969710037749016,8.164048110749878,54.559216850486195,48.38899591227428,38.287524933210946,16.360141959560035,4.831372870080852,38601.0,101081.58212404, 0.0, 0.0,0.0,NaN, 102.61284426947478,102.61284426947478,0.0, 70.20912022853221, 12.83585865518269, 1.458402582527196, 12.83585865518269, 115.43508061447302, 14.962173924273664, 1.458402582527196, 14.962173924273664, 105.35220790370305, 6.162994605284744, 4.069930202639773, 18.0, 0.0
9, 0 ,1.0,1.0,1.0,79.30733284429593,146.66433015459015,44.86665579916863,9.63547221743847,8.898606850282428,10.396731957288756,45.0,40.0,48.0,-0.5874349347686887,-0.09973214318102197,0.8031025445295431,11.233455101636059,0.11626054692674498,-0.9924834701135659,-0.03821055848360616,8.87304440986785,0.8008768211414292,0.07092292413497307,0.5946143760375664,8.671685735811177,54.042455330586435,40.67252035286796,42.54833012744891,16.085376696755695,4.623875067958385,36807.0,93523.05342674228, -1.4210854715202004E-14, 0.0,0.0,54.02480610423907, 105.58107559281433,105.58107559281433,0.0, 92.84232485302863, 2.5798108319416486, -24.07239412068864, 2.5798108319416486, 79.18520387589336, -3.950266731906219, -24.07239412068864, -3.950266731906219, 108.09203539170929, 5.984981367727116, 3.9426459898230712, 14.0, 0.0
10, 0 ,1.0,1.0,1.0,153.2161670841076,10.740405591015593,87.34184374242547,9.46130497921478,6.823422554068773,9.598600036307356,47.0,26.0,46.0,-0.605734312674314,-0.041263805816983884,0.7945962753363968,9.762664301204246,0.7899418080710601,0.08839710190863483,0.6067766411420097,9.313463504099543,0.09527792142149866,-0.995230250094747,0.02094915239206683,6.793989492035331,47.85035777316585,49.15670799129515,27.9052263739314,14.40499585075785,4.5502312532155305,24754.0,65637.72649433388, 0.0, 0.0,0.0,NaN, 99.6628366187112,99.6628366187112,0.0, 89.5162919097144, 4.062336983213828, -4.205389264996322, 4.062336983213828, 46.55909535137442, 0.5651485775563803, -4.205389264996322, 0.5651485775563803, 92.13312265699959, 6.3276126564820405, 4.057948041816353, 15.0, 0.0
11, 0 ,1.0,1.0,1.0,98.98483942210362,90.86488911383087,12.918928867212662,11.226073714690125,11.378342431666837,8.3632701662974,59.0,54.0,33.0,0.5947667404135187,0.7985802065635357,0.09231564430159023,11.550175937198969,0.7978478998113671,-0.6004478095112638,0.05386238780184177,11.080929845496714,-0.09844416318131091,-0.04161828610196662,0.9942719270890968,8.32118531180124,57.62519470020297,59.09051581262683,36.29732723504476,17.23947952481976,5.313759603869098,43468.0,123596.11893598708, -1.4210854715202004E-14, 0.0,-1.7763568394002505E-15,53.92944494958039, 134.98638906261817,134.98638906261817,0.0, 126.02473104765654, 4.824582725821639, 5.824067684814055, 4.824582725821639, 129.46667649226998, 2.998570655128814, 5.824067684814055, 2.998570655128814, 69.94428787448017, 6.123596559560369, 3.849499965378486, 12.0, 0.0
12, 0 ,1.0,1.0,1.0,154.64444275216084,9.844686441000647,39.88131591973499,10.232182168683766,6.251635664558621,9.695467835597912,47.0,24.0,48.0,-0.9729584130028393,0.01178462734171127,0.2306795377258556,10.263730117738863,-0.23068189570154987,0.0011773976184150307,-0.9730285076658277,9.662544762737186,-0.011738379894038396,-0.9999298656872221,0.0015729412570358607,6.250893515726005,52.986172726710365,49.48179289970724,24.324690681174584,14.726320953063523,4.573627461215245,26263.0,63775.710340309655, 0.0, 0.0,0.0,NaN, 61.19284095278912,61.19284095278912,NaN, 104.69755193313, -0.7745999319931662, -2.6876697993951386, -0.7745999319931662, 39.082948482381305, 0.11795635063011997, -2.6876697993951386, 0.11795635063011997, 94.00209655111365, 5.839988308148877, 3.874974923468351, 13.0, 0.0
13, 0 ,1.0,1.0,1.0,188.57416653863882,59.11368873866954,92.91473344599785,6.9713815500563685,9.499212558298996,9.61523712254691,28.0,46.0,55.0,0.16231426171375996,-0.6286512168403151,0.7605601409550129,9.837007322938728,0.05149821667282843,-0.7643339117582171,-0.6427609236846165,9.34525506667862,-0.9853943444752642,-0.1434967557179407,0.0916878780133453,6.869314342362227,53.379972848859545,45.18350370556088,29.879149227519832,14.544001153537984,4.445223876577912,26036.0,72065.34675324193, 0.0, 0.0,0.0,NaN, 110.71641954976641,110.71641954976641,0.0, 48.60016071646634, -6.639250766414624, 4.791659614217944, -6.639250766414624, 90.23503922774538, -3.9819331310552086, 4.791659614217944, -3.9819331310552086, 92.45278492280418, 6.145712289828129, 3.943547868433555, 11.0, 0.0
14, 0 ,1.0,1.0,1.0,69.3751392339988,187.4388869848342,23.61202981749636,12.515427192086722,7.28767756509952,13.615763716851122,61.0,29.0,55.0,0.475611776972172,-0.01989199135344425,0.8794303532886317,14.03733403402367,-0.8741932125195108,0.10054917489452041,0.4750537765483495,12.082412612872327,0.09787576201588964,0.9947332165500589,-0.03043292791999079,7.218292204943111,69.05867973691947,59.87878518427922,31.21768555463754,18.85153305170435,6.305147523010604,46684.0,129089.80770979071, 0.0, 0.0,0.0,NaN, 74.35199698743016,74.35199698743016,0.0, 156.63591780042373, -9.623366201812706, 21.637231638381298, -9.623366201812706, 53.11024429285486, 1.9487644818206569, 21.637231638381298, 1.9487644818206569, 185.38902159311948, 5.4283479933870575, 3.6295119928988946, 12.0, 0.0
15, 0 ,1.0,1.0,1.0,185.49365789473686,149.08442105263157,34.20915789473684,8.471115740146809,11.624308895431046,9.117342660315028,36.0,56.0,48.0,-0.19966609978498048,0.9798061900501062,-0.010643238987679632,11.7420482105356,-0.0040683903893809145,-0.011690825489116458,-0.9999233834644645,9.117033404017153,-0.9798555489439724,-0.1996075012089418,0.006320495615734486,8.307484703353586,58.399070276889844,48.15999396314193,40.68948427708739,16.30527140863335,4.914104257721969,38000.0,114439.12863108647, 0.0, 0.0,0.0,NaN, 63.03250450908384,63.03250450908384,NaN, 71.759801882963, -13.470964592797733, 0.2037212382271171, -13.470964592797733, 135.12455729639734, -0.5532099612188095, 0.2037212382271171, -0.5532099612188095, 83.12593718560032, 5.966806635554684, 3.9117156970079683, 17.0, 0.0
16, 0 ,1.0,1.0,1.0,152.46855144769947,110.03888959959063,10.1518485352437,10.308485526572278,9.502544231946464,5.827822042523913,58.0,49.0,24.0,0.9308668870311232,0.36084046992670604,0.05727996064994648,10.458303850790381,0.3606460617553348,-0.9325968119540187,0.014057185833874445,9.351256524481897,-0.058491510233134036,-0.007572423408307043,0.9982591855997979,5.805567368384815,52.64708997276625,43.93618503447188,24.76014111623921,14.506615524614352,4.481610928225691,23451.0,57272.98663317865, 0.0, 0.0,0.0,NaN, 102.25116143417232,102.25116143417232,NaN, 106.26487385155015, 7.342402502225823, 4.307257187102566, 7.342402502225823, 90.29834688009903, 0.8595161884720495, 4.307257187102566, 0.8595161884720495, 33.96350975932759, 6.074833374658397, 3.942615372965723, 17.0, 0.0
17, 0 ,1.0,1.0,1.0,11.427559319191749,46.70067913138258,14.439087784019451,7.042351497776972,9.290620112558933,8.7919817643659,27.0,46.0,38.0,-0.18008242905395794,-0.859852591787922,0.47772778770092406,9.56284118399338,0.0396141840484822,-0.4916133321149945,-0.8699120921730913,8.57966813013453,-0.9828535166382623,0.1377310861148824,-0.12259328182822955,6.93906645778397,48.795932871334436,40.96208700046586,29.824729535213763,13.986904266053244,4.192348875192149,23854.0,59613.16975753072, 0.0, 0.0,0.0,NaN, 50.19989839990335,50.19989839990335,0.0, 49.59471461824156, 6.208508993838716, -4.60225774751458, 6.208508993838716, 86.31562207588456, -6.897204377551144, -4.60225774751458, -6.897204377551144, 77.29894334494253, 7.243305458616579, 4.1486172360232985, 10.0, 0.0
18, 0 ,1.0,1.0,1.0,62.12928687329831,12.039135337311954,104.93066747339182,10.580667749705734,7.340739254614148,11.935287744900078,50.0,28.0,56.0,0.33950277603546,0.14893994186983517,0.928738261718568,12.27181108844313,-0.9337415296268871,0.1724293450150702,0.31367957668250546,10.38058082192244,-0.11342231224172086,-0.9736965721894504,0.1976116504466719,7.06641852684642,60.15290621737,55.20949576638152,34.97737755653554,16.687893338865287,5.4591475798063165,36361.0,116160.27734237604, 0.0, 0.0,0.0,NaN, 114.20668568043428,114.20668568043428,0.0, 111.95053002966299, -4.219547735780127, 14.804128935056406, -4.219547735780127, 53.88645280423307, 17.05180441091721, 14.804128935056406, 17.05180441091721, 142.451093553562, 5.587290427729109, 3.695585629577606, 17.0, 0.0
19, 0 ,1.0,1.0,1.0,191.6583447896618,134.60632389331866,118.5996700577399,4.865879453171741,9.649868963174999,9.68964536380704,19.0,46.0,46.0,0.02432962024379306,0.7002096087002809,0.7135226509807463,10.72131019647805,0.015378166123380105,-0.7139116079766027,0.7000669453723289,8.492834847843564,-0.9995857049725526,0.006059693066564489,0.028137137993486317,4.859140361601422,49.03702872485408,45.524163828318976,19.87476202002182,13.801397776049479,4.495264237266914,18185.0,44367.81711101981, 0.0, 0.0,0.0,NaN, 104.7469799139933,104.7469799139933,0.0, 23.676782852798915, 1.0233208880499864, 2.107877375239919, 1.0233208880499864, 93.11997100644814, 21.38438481954139, 2.107877375239919, 21.38438481954139, 93.88922727634727, 6.175577851739073, 3.845239562218277, 8.0, 0.0
20, 0 ,1.0,1.0,1.0,40.28416056039449,173.01239688464906,190.29996774044886,9.888315603442079,10.260700713617577,5.017699949016048,48.0,49.0,20.0,-0.4203580298491061,0.9072406688762051,0.014611484470618294,10.361742201611916,0.9073441427461477,0.42020692515060415,0.012359072769970232,9.783833403175832,-0.005072806485233167,-0.018452880331588237,0.9998168621511797,5.014875858114488,48.953760556213766,45.08825806387357,20.560511496284505,14.39224001164539,4.593637429450768,21699.0,45381.97905999114, 0.0, 0.0,0.0,NaN, 49.44931687903964,49.44931687903964,0.0, 97.7787854732761, -4.446584597942127, 0.2864371128804239, -4.446584597942127, 105.28197913443226, 1.4563947038028922, 0.2864371128804239, 1.4563947038028922, 25.177312778355656, 6.144385670868723, 4.036136189497042, 11.0, 0.0
21, 0 ,1.0,1.0,1.0,11.577696329434593,153.32765590470544,188.0733035088665,7.282653538838885,9.993581672683149,6.082564514719516,29.0,56.0,23.0,0.08476700895668635,0.9961021719393732,0.024392975427368402,10.012368192290124,0.9949274842042043,-0.08594711139328379,0.05227231789621557,7.2623773484646685,-0.054165075164995344,-0.019838273634911197,0.9983349074992602,6.075908715706687,56.629391718171746,31.00861533735647,24.2197598020814,13.108036636200852,4.252726635359218,18553.0,42529.87458795066, 0.0, 0.0,-2.8421709430404007E-14,88.60224682032731, 49.543888067427616,49.543888067427616,0.0, 53.037042566762544, 3.9941887572558317, 0.9539876565498251, 3.9941887572558317, 99.87167464858854, 1.4677080779173501, 0.9539876565498251, 1.4677080779173501, 36.99759107572507, 6.189715046537396, 4.073552605342132, 8.0, 0.0
22, 0 ,1.0,1.0,1.0,8.503344079295578,19.153971996343166,55.213058749939854,5.359803585094576,10.353082635167267,9.615363093621685,21.0,42.0,45.0,0.005502997155953489,0.9460156518370977,0.32407422529650975,10.44660828434723,-0.05919836442898097,0.3238189491667406,-0.94426523911954,9.525250809164891,-0.9982310707803258,-0.013988375165801852,0.05778455406928092,5.339194163868556,45.214241167089625,44.23608721549886,21.849028109779404,14.360187148490606,4.706808579484338,20783.0,43700.265498237466, 0.0, 0.0,-7.105427357601002E-15,71.09050335170934, 59.056442157413265,59.056442157413265,0.0, 28.727494470792667, -0.7730693862169089, 3.622008007355971, -0.7730693862169089, 107.18632005060199, 5.691729394225682, 3.622008007355971, 5.691729394225682, 92.45520742218199, 5.51396200350651, 3.7769623652580466, 11.0, 0.0
23, 0 ,1.0,1.0,1.0,101.0916565312576,18.641109219168086,103.12928727803454,9.811503232164858,9.962733925422574,10.758121999647601,45.0,41.0,52.0,-0.5658999247268207,0.26841271235908154,0.7795587797197975,11.749147531484489,-0.037737529264661195,-0.9529642867941276,0.30072403791509483,9.832324734133584,0.8236098312181432,0.1407610881564982,0.5494116507518031,8.748815606058114,59.75589749242438,48.231152369286534,46.369508737502215,16.86870572617943,5.1677479646780125,41110.0,133641.36623762758, -1.4210854715202004E-14, 0.0,0.0,55.535192950277676, 139.69354438882718,139.69354438882718,0.0, 96.26559567478147, -8.61760397805461, -27.359648612591513, -8.61760397805461, 99.2560672687659, 7.098966297740748, -27.359648612591513, 7.098966297740748, 115.73718895930169, 5.384865673578328, 3.3788775854884756, 19.0, 0.0
24, 0 ,1.0,1.0,1.0,121.96415727158848,10.076655756253283,144.40619064937164,9.335464389147877,6.519958832428492,10.236881929094894,42.0,26.0,48.0,2.4534556368413507E-4,0.10196729310143929,0.9947877215482304,10.269107069797217,0.9767387394041475,0.2132905758723016,-0.02210351083557373,9.457531290198787,0.21443268116765868,-0.9716531281180677,0.09954307542778723,6.289280726107854,48.66555350771853,43.07011896358503,29.744772873106577,14.590164801226058,4.6456002024361,24747.0,62345.971354487716, 0.0, 0.0,0.0,NaN, 96.34211633381022,96.34211633381022,0.0, 87.15089536104814, 10.395158752810287, -1.0610057337861982, 10.395158752810287, 42.509863176562305, 6.449365835783827, -1.0610057337861982, 6.449365835783827, 104.79375163022961, 5.878963395901996, 3.7209594400183414, 9.0, 0.0
25, 0 ,1.0,1.0,1.0,57.06423535355855,151.9005580690352,19.313643984107664,8.629432724689353,11.509645253811199,11.700447818826017,40.0,55.0,46.0,0.1613860427826831,0.611029914654742,-0.774981927913138,12.465881783075035,0.2684265008596269,-0.782848413876472,-0.5613337461148659,10.9519198364337,0.9496850840311237,0.1174342551733141,0.29035742952555266,8.276277269782396,61.724988744423875,58.015198580309516,43.38203576521122,17.67070483803901,5.62011678761687,43543.0,155350.52690502506, 0.0, 0.0,0.0,NaN, 77.0902076433929,77.0902076433929,0.0, 74.46710914993953, -2.241597063112162, -18.620863565292815, -2.241597063112162, 132.47193386857865, -18.542886837122335, -18.620863565292815, -18.542886837122335, 136.9004791610705, 5.392896408400861, 3.6207137470475503, 11.0, 0.0
26, 0 ,1.0,1.0,1.0,139.66782072951312,36.362275775584756,35.4070661359795,8.742250878789875,8.98090092105194,11.091504561271,39.0,44.0,56.0,0.2229074306980546,0.41416003448788935,0.882487248164291,11.70923351180019,-0.8178506445634907,-0.41318839114752504,0.40049429035630935,8.706531483421735,-0.5305022153833816,0.8110159180027919,-0.24661828849340012,8.197265721475112,57.570316233960256,41.70735617935185,41.451673649887624,16.0343431696445,4.796336553267491,36682.0,99529.84923393234, 0.0, 0.0,0.0,NaN, 78.84064489502525,78.84064489502525,0.0, 76.42695042770235, 9.363184404489944, 10.932721794528874, 9.363184404489944, 80.65658135375159, 24.127296715527393, 10.932721794528874, 24.127296715527393, 123.0214734326954, 5.486458304758245, 3.5277235364706367, 16.0, 0.0
27, 0 ,1.0,1.0,1.0,71.08586950172324,63.870290320696306,46.786144050470234,9.093139735352237,9.250956820490266,9.584087181802902,43.0,39.0,51.0,0.4644048032422188,0.577722746172073,0.6712410947498337,10.016784756771791,-0.4826444490725252,-0.47038832877553194,0.738775443508541,9.217756494990313,-0.7425513547930777,0.6670616528531389,-0.06038407727044928,8.64968830566651,54.131996771920456,48.082049888928225,44.45286183502459,15.506415030704499,4.435224046784838,34238.0,115700.9027881459, 0.0, 7.105427357601002E-15,0.0,54.70946837923907, 106.4028105999903,106.4028105999903,0.0, 82.68519024664175, 9.150982722621505, 4.335817994381036, 9.150982722621505, 85.58020209457538, 6.368779301598775, 4.335817994381036, 6.368779301598775, 91.85472710839868, 5.635110065676117, 3.6119635649099715, 24.0, 0.0
28, 0 ,1.0,1.0,1.0,92.16159439806087,126.6970404285244,77.1644372624712,8.967583489874022,8.17899603977337,10.276448461453407,43.0,39.0,46.0,-0.09873423283735247,-0.10510854548043498,0.9895472423957364,10.308567269334757,0.9881391158150804,0.10717291613231232,0.10997751517418074,8.964350605150685,-0.11761224027375007,0.9886688827482548,0.09328022954038048,8.142037946910614,45.64340463361357,44.204748638165455,39.45032032790519,15.3267912461493,4.243629689824712,33417.0,79597.14508818099, 0.0, -1.4210854715202004E-14,0.0,83.96657963646805, 140.78861368009817,140.78861368009817,0.0, 80.41755364786113, 1.9045390575445953, -2.376842960689017, 1.9045390575445953, 66.89597621862848, -3.991867527149076, -2.376842960689017, -3.991867527149076, 105.60539298090809, 5.765989396600616, 3.6244352957103, 19.0, 0.0
29, 0 ,1.0,1.0,1.0,67.51667985506643,190.36912248552747,72.63870725917288,10.136365770287748,5.599585395694068,10.16938871552375,51.0,23.0,46.0,-0.6943693924921608,0.04000889996030307,0.7185056956587289,10.708033597025636,0.7195312255914812,0.023028373139942472,0.694078172419612,9.574240466074908,-0.011223286902163357,-0.9989339227168599,0.044777850290268484,5.5847712990683105,46.314724919296495,47.47165982549764,23.669479253327808,14.677289714910778,4.700521365199121,24011.0,52040.58969202422, 0.0, 0.0,0.0,NaN, 99.63753134554328,99.63753134554328,0.0, 102.74591102906112, -1.3168686666716845, -11.442455635221393, -1.3168686666716845, 31.355356603670295, 3.3661712365978107, -11.442455635221393, 3.3661712365978107, 103.4164668474218, 5.376491932710631, 3.6638061877667067, 15.0, 0.0
30, 0 ,1.0,1.0,1.0,125.82964139675816,74.82199276321596,165.6228635307269,8.995676917195247,9.049259153701385,9.368808594739143,43.0,43.0,44.0,-0.49354572379245426,-0.3513459233552177,0.7955932759066356,9.766277920321107,0.46469604386764485,-0.8797770993541474,-0.10024890156885992,8.984323105413257,0.7351667874298611,0.32023163115731157,0.5974792858889632,8.630621231107966,48.18646502827903,43.392682349429016,43.51191068022359,15.28005216133295,4.135924910006709,33993.0,90980.79323471375, 0.0, 0.0,0.0,NaN, 110.82129853155149,110.82129853155149,0.0, 80.92220319855937, 1.0756967637979424, -8.493954558101793, 1.0756967637979424, 81.88909123084832, -5.290561373682152, -8.493954558101793, -5.290561373682152, 87.77457448485802, 5.610426052630227, 3.63601070074217, 18.0, 0.0
31, 0 ,1.0,1.0,1.0,44.51422120653102,56.65337702029241,171.58944354194773,9.044877426999875,11.457579104111366,8.023464296211106,44.0,53.0,40.0,0.23530520715540607,-0.9684094102813171,0.0825510361179227,11.607025411799874,0.9471375876318673,0.24753485975352993,0.204100179572892,8.917966861187969,-0.21808679368645384,0.030161354170385624,0.9754631941463349,7.950392069676863,50.71566735189872,45.85513437135481,37.6264802557173,15.982173033870128,4.693831167015198,36319.0,87503.15445475493, 0.0, -7.105427357601002E-15,0.0,14.439976226043436, 77.44856832558978,77.44856832558978,0.0, 81.80980766945189, -12.469546772515143, 4.544248256025294, -12.469546772515143, 131.27611892696942, -4.8924941559630835, 4.544248256025294, -4.8924941559630835, 64.37597931257437, 5.475723999600509, 3.5286634541347275, 20.0, 0.0
32, 0 ,1.0,1.0,1.0,188.20656148782783,183.82123080137916,185.93422839828648,6.702989070108042,9.785613988646773,7.786348136311444,27.0,47.0,29.0,0.1386223029600984,-0.8935878267431715,0.4269480682922151,10.376381291200623,0.24280341701059163,-0.3872871813361034,-0.8894128062158297,7.097326099872712,-0.9601199705297352,-0.2269569013472632,-0.1632795367485748,6.578312431035417,54.44117602447996,38.23378079200893,31.428876586522307,13.444182742436954,4.5353579017079655,19142.0,65418.954875174866, 0.0, 0.0,0.0,NaN, 24.46801372147316,24.46801372147316,0.0, 44.930062473987874, -8.64414097736145, 2.27839624454996, -8.64414097736145, 95.75824113479939, -22.122822611067868, 2.27839624454996, -22.122822611067868, 60.627217299840694, 6.12075842092583, 3.832164071783716, 7.0, 0.0
33, 0 ,1.0,1.0,1.0,87.82624736472242,75.73190442726634,97.4870871398454,10.511952270825228,8.615320327586282,9.336441249335126,48.0,43.0,46.0,0.8679795588428499,0.21099009275865524,0.44954940350162254,10.99967056749191,-0.47850679551046527,0.11321272742609864,0.8707549167240165,8.885405319343583,-0.13282594656646102,0.9709099129715577,-0.199226526377101,8.482384087681273,50.06990601525409,47.783528883104864,42.64709674755744,15.825372144126531,4.631588992259785,34152.0,102033.89545059914, 0.0, 0.0,0.0,NaN, 151.50083575136415,151.50083575136415,0.0, 110.50114054410767, 8.602105905112372, 16.21967600983372, 8.602105905112372, 74.22374434692139, 5.341671640092031, 16.21967600983372, 5.341671640092031, 87.16913520228645, 5.851796983539863, 3.5926794981717407, 22.0, 0.0
34, 0 ,1.0,1.0,1.0,142.84957862935283,71.14317061536015,115.77974240737797,9.355606947795659,9.608652494664756,8.07095756694977,47.0,42.0,36.0,0.5281978263215327,0.8133411437887889,-0.24389186146641317,10.084640623785502,-0.8382003182331518,0.4535149072462691,-0.30289347206443834,9.088638472104638,0.13574712808398764,-0.3644179094470415,-0.9212883937677697,7.790418113609054,46.4674874720626,42.054993390522014,39.98284539451599,15.0712586419243,4.225056581939003,31445.0,78134.07178406358, 0.0, 0.0,0.0,NaN, 124.17960048661928,124.17960048661928,0.0, 87.52738136164241, 9.28800117699647, 0.2803683125106487, 9.28800117699647, 92.32620276322726, -11.144996034918362, 0.2803683125106487, -11.144996034918362, 65.14035604750376, 5.597446918354862, 3.5763801082189084, 19.0, 0.0
35, 0 ,1.0,1.0,1.0,146.3432917994784,106.15482468849609,84.0913358446827,9.424014808771753,9.047858477120704,9.592741674087629,43.0,48.0,45.0,-0.8197294574717993,-0.5539915243653741,0.1453857196712208,9.786353047797514,-0.027883452446052327,-0.2149364994619582,-0.9762298982712672,9.6131253804482,0.5720717871322432,-0.8042982606784435,0.16074258376968076,8.632010507835286,47.305681197733236,43.44470551839099,42.022929125552295,15.58785984845334,4.44017075220214,34510.0,86364.74184936177, 0.0, 0.0,0.0,NaN, 136.9573365260366,136.9573365260366,0.0, 88.81205511594929, 9.762439638232042, -2.0465678282225714, 9.762439638232042, 81.86374302200497, 2.04361033271104, -2.0465678282225714, 2.04361033271104, 92.02069282577752, 5.337727420362346, 3.4338362591049374, 20.0, 0.0
36, 0 ,1.0,1.0,1.0,9.027920792079208,98.53366336633664,112.87972277227723,6.050242825800632,9.688604894285545,10.810595678918345,25.0,50.0,58.0,0.015614865298092015,-0.005643782386074832,0.9998621523500634,10.811516674983542,0.03939139001474857,-0.9992042785648765,-0.006255245027266749,9.693189053052016,0.9991018438449751,0.039483634812714524,-0.015380123781939467,6.041247813996638,57.97507348914543,49.54567437316339,26.12004807059146,14.928247908199769,4.948827777675824,25250.0,75027.59470637658, 0.0, 0.0,0.0,NaN, 131.83447528796813,131.83447528796813,0.0, 36.605438251152016, -2.268761690030378, 1.2409819978433505, -2.268761690030378, 93.8690647975738, -0.09450551906687159, 1.2409819978433505, -0.09450551906687159, 116.86897893304797, 5.544051578286851, 3.5246671035522863, 16.0, 0.0
37, 0 ,1.0,1.0,1.0,101.34279498964949,97.14964387214484,171.80418230939264,9.23702612259277,8.395057635179583,8.797760362691728,41.0,41.0,46.0,-0.8669409268308782,-0.3519396823471867,0.3529190974925822,9.523442390320128,-0.25402942576937027,-0.29720585162683166,-0.9204008543031963,8.706513919579274,-0.42881520522120226,0.8875850053646306,-0.16825688105681563,8.167061411133373,44.98876115959716,45.9430568139511,39.93169269716566,14.673638381017655,4.229015056714022,28501.0,82535.66258476354, 0.0, 0.0,0.0,NaN, 141.302163961423,141.302163961423,0.0, 85.32265158946123, 8.00838494681396, -5.213285890416694, 8.00838494681396, 70.47699269798701, -0.4903630591754419, -5.213285890416694, -0.4903630591754419, 77.40058739934969, 5.360285850891853, 3.531086644396451, 15.0, 0.0
38, 0 ,1.0,1.0,1.0,116.81230429176644,38.32664087922883,158.01049917111806,9.204362055622344,8.413619281267286,9.655111109846509,45.0,38.0,47.0,-0.6075628267299928,-0.14253329024037079,0.78137806006383,10.117943101433083,0.599978565860958,0.5622893453767722,0.569083836164048,9.042491466042437,0.5204739494761373,-0.8145642720184919,0.2561091850514077,8.036853631072727,50.4233240726237,43.91095021405448,41.15980123939971,15.179330015418925,4.279997790604684,32574.0,91133.4006808465, 0.0, 0.0,0.0,NaN, 100.75833612257456,100.75833612257456,0.0, 84.72028085098037, 9.066220984085687, -12.071953339098206, 9.066220984085687, 70.78898941011263, 1.2881834843526971, -12.071953339098206, 1.2881834843526971, 93.22117054348148, 5.29910264970292, 3.4064026204589335, 13.0, 0.0
39, 0 ,1.0,1.0,1.0,180.9465509590257,160.22508752033923,8.097579014841477,10.23169307014612,9.320357473415855,5.418085243534647,44.0,48.0,21.0,-0.9838557856165417,0.17590593256543988,-0.032937759443234474,10.26675375825245,-0.17337483203364407,-0.9824856470012115,-0.0682870489472013,9.300611580412756,-0.04437297292455578,-0.06147402967834869,0.9971218495996077,5.385596133933936,46.60943301517267,44.60080372902402,22.550846261549413,14.084870787841526,4.746437517755636,20281.0,46879.10904377347, -2.8421709430404007E-14, 0.0,0.0,10.309369462074873, 44.84025389115543,44.84025389115543,0.0, 104.68754308167613, -3.4286280325404266, 3.1565887112118904, -3.4286280325404266, 86.8690634322588, 3.41484896194711, 3.1565887112118904, 3.41484896194711, 29.3556477062079, 5.81199621832128, 3.600635120886131, 12.0, 0.0
40, 0 ,1.0,1.0,1.0,56.303716164551155,82.60556660039761,72.63440893102921,9.855788564913114,8.798155256598482,8.74517513177392,47.0,43.0,45.0,0.8803954136202922,-0.41313240670780466,0.23286375888955288,10.261001486637024,-0.027374684450847692,-0.5344770212052864,-0.8447395696039937,8.758782874552951,-0.47344961962976717,-0.7373302708632957,0.4818604874246151,8.307693018434867,47.80075685399344,41.69331534219607,41.34003112922968,15.249761109981705,4.297322227785957,32695.0,82389.5257230579, 0.0, 0.0,0.0,NaN, 123.5700022176541,123.5700022176541,0.0, 97.13656823627211, -13.079623072088486, 7.613895681751914, -13.079623072088486, 77.40753591921151, -0.013508561720320389, 7.613895681751914, -0.013508561720320389, 76.478088085397, 5.257864313527411, 3.372913544522443, 19.0, 0.0
41, 0 ,1.0,1.0,1.0,154.67352110214662,180.134040136312,136.64049165525878,9.455858566864153,10.527340395082128,8.742899034753883,47.0,49.0,43.0,-0.021681809611799586,0.9279022825492872,0.37219249478163924,10.838534378136167,0.9944639955963918,-0.01826894445810058,0.10347756824957906,9.466351492081728,0.10281663578632172,0.3723756164254178,-0.9223693076514272,8.342110196148752,53.810821128774734,47.31813856615162,42.403973534778146,15.90291227182266,4.8758406287605425,34333.0,107970.18008353801, 0.0, 0.0,0.0,NaN, 80.39635158556973,80.39635158556973,0.0, 89.41326123653819, -1.3270772758593175, 1.6738493858327554, -1.3270772758593175, 110.82489579392791, 16.498950205414655, 1.6738493858327554, 16.498950205414655, 76.43828353190037, 5.34545031401112, 3.4914562076160633, 17.0, 0.0
42, 0 ,1.0,1.0,1.0,133.67883189217466,137.1987260362495,18.08502323291381,9.287489916533463,8.41056998035598,9.756524680956947,48.0,39.0,38.0,0.420405883638454,0.13746739674087838,0.8968620896411316,9.848052576464145,-0.8134219085771932,-0.3808387088208711,0.4396665515027147,9.384117222159198,-0.4019996164784341,0.914365677777189,0.048287841681462655,8.193847362885831,47.41366781310276,53.118041828572075,41.04872297717048,15.260631268853109,4.3929561197896225,32497.0,103382.07864628965, 0.0, 0.0,0.0,NaN, 93.11050110482441,93.11050110482441,0.0, 86.25746894971076, 8.206237610866774, 3.7703291836760733, 8.206237610866774, 70.73768739446518, 0.17625996128389626, 3.7703291836760733, 0.17625996128389626, 95.18977385012205, 5.339082517664106, 3.3904792121429868, 13.0, 0.0
43, 0 ,1.0,1.0,1.0,15.922450933460986,152.78771341949897,56.891846178394765,9.375015014326811,8.342052951419332,9.30363381997692,38.0,40.0,45.0,-0.8137555156204742,0.3590536347300259,-0.4570365939226462,9.472397683792297,0.5280876613611277,0.12834165362578298,-0.8394354304309145,9.387060569659424,-0.2427455101858556,-0.9244505975614695,-0.294050522789625,8.136039097803497,54.75306558777904,48.54066821267927,38.366287405713706,15.034291487216922,4.243634727064671,31335.0,101968.01532779724, 0.0, 0.0,7.105427357601002E-15,62.803950981429985, 75.62543625972654,75.62543625972654,0.0, 87.89090651885313, -5.389623628230963, -0.9661979826551983, -5.389623628230963, 69.58984744428399, -6.2232149105253916, -0.9661979826551983, -6.2232149105253916, 86.55760225621833, 5.646655516193989, 3.66644306241776, 17.0, 0.0
44, 0 ,1.0,1.0,1.0,117.81825342833613,89.42318020695335,63.21321923448745,8.340431671844549,8.73150784394674,8.682951746054867,39.0,41.0,39.0,-0.4121921921502906,-0.7155327410047998,0.5640128485065709,9.304383423283188,-0.5151880406425936,-0.3275278752115597,-0.7920270031622952,8.409843883391273,-0.751451182385911,0.6170400209950397,0.2336294779801075,7.993663471490893,49.92744830169122,41.48123872686651,40.45370466098728,14.340772995387688,3.9418156502686643,27929.0,83781.74220897755, 0.0, 0.0,0.0,NaN, 136.91696649386375,136.91696649386375,0.0, 69.56280047270766, 7.839022619159116, -2.4853986596635314, 7.839022619159116, 76.23922922890345, -7.3791413273802196, -2.4853986596635314, -7.3791413273802196, 75.39365102431725, 5.29247664888596, 3.3864781445881897, 15.0, 0.0
45, 0 ,1.0,1.0,1.0,186.9441193680515,25.04999268578116,177.1091647162083,8.161312975907917,9.196931690299676,9.603367194537427,33.0,48.0,50.0,0.0333849789216214,0.5729639680552067,-0.8189003202422355,10.031404331496088,-0.5513760882046208,0.6939463010596683,0.4630582475259187,9.149949208608147,-0.8335885391118172,-0.4360628653715393,-0.33908601402209093,7.685349705629,50.71878844797192,54.42084947800768,39.2891378167175,14.870385420824968,4.720898316638497,27344.0,108444.28902813503, 0.0, 0.0,0.0,NaN, 36.358609607946505,36.358609607946505,NaN, 66.60702949072294, -8.639321649214674, -7.431728946519691, -8.639321649214674, 84.58355251603847, -11.57885562342947, -7.431728946519691, -11.57885562342947, 92.22466147311764, 5.433492375305604, 3.536547724817948, 8.0, 0.0
46, 0 ,1.0,1.0,1.0,182.06313196785067,94.18022426756546,79.98463831993777,9.430062384690341,8.498644016443375,9.506378462934318,38.0,43.0,44.0,0.6665068176773699,-0.23323458688058835,0.7080750592078683,10.611233757339335,0.5861123153683264,0.7508881470046871,-0.3043671211899319,8.47089015980646,-0.46069622937806226,0.617874273756812,0.6371737330323081,8.195730365593908,54.774298398097415,50.732994949242425,47.624420487196566,15.202288255714382,4.518261830405946,30856.0,132341.7973271134, 0.0, 0.0,0.0,NaN, 124.85667080722169,124.85667080722169,0.0, 88.9260765791517, -5.04362447735338, 20.621173339149085, -5.04362447735338, 72.22695011822877, -8.550478794956271, 20.621173339149085, -8.550478794956271, 90.37123148054144, 5.503609638742278, 3.3846381437629582, 13.0, 0.0
47, 0 ,1.0,1.0,1.0,29.266250892906204,150.12497939447223,125.89227430078576,9.923412363430351,8.795411496132589,10.654955076545411,58.0,41.0,50.0,-0.4809654418211382,0.3947221231789982,0.7828580262390242,11.460362164679688,0.83546127976293,-0.06441379648675846,0.5457612232827186,9.525770889767223,-0.26585088638310805,-0.9165398563593548,0.2987942400952362,8.202513761904095,55.421951060029414,51.46793841426191,41.1666659234709,16.246842886413432,5.039994070273753,36398.0,117426.00292958364, 0.0, 0.0,0.0,NaN, 93.9999262235792,93.9999262235792,0.0, 98.47411293468234, -13.423846785862699, -13.423403215805461, -13.423846785862699, 77.3592633863013, 18.970164410289765, -13.423403215805461, 18.970164410289765, 113.52806768320085, 5.494321020600187, 3.344964932664892, 23.0, 0.0
48, 0 ,1.0,1.0,1.0,17.051362430672775,134.2754099348927,12.396401012780323,9.804544029543372,10.63418085091323,8.095214096441596,41.0,52.0,32.0,-0.30574963379996656,0.9068359421341183,-0.2901133149045602,11.094834235937999,-0.9289620053704111,-0.2173461195426732,0.29965022425809534,9.757592531153488,-0.20867859020362195,-0.36112219313338817,-0.9088696318048926,7.512750397653761,57.14434472890551,50.17253253163897,37.78273924434604,15.81797580243294,4.953687392039616,33176.0,108326.00360078584, 0.0, 0.0,0.0,NaN, 69.02276043478861,69.02276043478861,0.0, 96.12908362725459, -10.653041310859003, -4.879595711531771, -10.653041310859003, 113.08580236992965, -20.060613577700252, -4.879595711531771, -20.060613577700252, 65.53249126722673, 5.646526424089828, 3.493795130786232, 11.0, 0.0
49, 0 ,1.0,1.0,1.0,179.58775360547543,81.6181862625275,17.856758738694694,9.9273084743921,8.8657779308285,9.351223593671468,45.0,44.0,42.0,-0.7493364232224184,0.4965423005410784,0.438110338391603,10.677363281186253,0.5550198132883459,0.11009340612743117,0.8245195260178072,9.157044774124925,-0.361175762876749,-0.8610024307170294,0.35808781410397755,8.169534804968254,54.216967963437185,44.91355066081306,42.578914844136065,15.572334537071308,4.701196829411091,32728.0,103682.91652071492, 0.0, 0.0,0.0,NaN, 86.00611585409123,86.00611585409123,0.0, 98.55145354573722, -16.540651153323864, -7.686617303150963, -16.540651153323864, 78.60201831876567, 11.835158188667908, -7.686617303150963, 11.835158188667908, 87.44538269883793, 4.632475480061198, 3.230608000028362, 15.0, 0.0
