// Sample: .//bubblelabels.tif, Map: .//bubblelabels.tif, Thickness:(8.191250068658265):/gpfs/home/mader/Foam/NewValid/InSilicoTest/LatticeDataPhi_16.0/out_Step_02000.vtk/distmap.tif, Neighbors:(1.0):
//LACUNA_NUMBER, TRIANGLES, SCALE_X, SCALE_Y, SCALE_Z, POS_X, POS_Y, POS_Z , STD_X, STD_Y, STD_Z,PROJ_X, PROJ_Y, PROJ_Z, PCA1_X, PCA1_Y, PCA1_Z, PCA1_S, PCA2_X, PCA2_Y, PCA2_Z, PCA2_S, PCA3_X, PCA3_Y, PCA3_Z, PCA3_S,PROJ_PCA1, PROJ_PCA2, PROJ_PCA3,OBJ_RADIUS, OBJ_RADIUS_STD, VOLUME, VOLUME_BOX, Mask_Grad_X,Mask_Grad_Y,Mask_Grad_Z,Mask_Angle, Mask_Distance_Mean,Mask_Distance_COV, Mask_Distance_STD, SHAPET_XX, SHAPET_XY, SHAPET_XZ, SHAPET_YX, SHAPET_YY, SHAPET_YZ, SHAPET_ZX, SHAPET_ZY, SHAPET_ZZ, Thickness, Thickness_STD, Neighbors, Neighbors_STD
1, 0 ,1.0,1.0,1.0,170.2636267814084,61.942143032473254,167.63527152490002,12.933909033664149,12.160804630268077,10.926249172789372,59.0,58.0,59.0,0.8554152984973508,0.517868354192305,0.00877694837868332,13.360934859188944,-0.5178986061892424,0.8554407915791493,0.0014442332493376667,11.690217424604047,0.00676023697280588,0.005780988547997006,-0.9999604389011997,10.926039052946987,68.58288309002907,58.21265856917444,59.06890175259551,19.96759578561727,5.987421120538079,69257.0,235826.20826644485, 0.0, 0.0,0.0,NaN, 75.95101464047531,75.95101464047531,0.0, 167.28600289109906, 18.54006602239582, 0.43106418843427596, 18.54006602239582, 147.88516925554947, 0.290144433057873, 0.43106418843427596, 0.290144433057873, 119.38292098588046, 5.963833271320661, 4.241290681543619, 27.0, 0.0
2, 0 ,1.0,1.0,1.0,41.84251489080079,8.969371277299802,26.21826604897419,14.011461811917636,5.928315574241472,12.07278324192482,72.0,23.0,55.0,0.8709968687194941,-0.02521271515146961,0.49064118628130593,14.843586382211965,-0.48573050089672554,0.10560382015119534,0.8677060064722899,11.083771631571183,0.07369080797122537,0.9940886037794441,-0.07973401191701798,5.834040846112616,77.94686403767552,54.05681610369605,25.48566971706189,18.238696377056442,6.675929697554082,37775.0,107385.38052930692, 0.0, 0.0,0.0,NaN, 50.186085204085494,50.186085204085494,0.0, 196.32106210682625, -8.64680900784495, 42.18050204435075, -8.64680900784495, 35.144925547793996, 5.8337401407985565, 42.18050204435075, 5.8337401407985565, 145.7520952065008, 6.234652326053377, 4.248527827954232, 17.0, 0.0
3, 0 ,1.0,1.0,1.0,170.37811961068053,40.27632961325748,12.002973417646242,14.710738232447872,11.219353223613707,8.262682380069975,65.0,60.0,31.0,0.931066818438383,0.3594579394002146,0.06248655379502599,15.257485252595856,0.36256473461666944,-0.9307011846859599,-0.04839543404594139,10.499245769307798,0.04076018664544051,0.06771480359790308,-0.9968717633468842,8.21745752993138,73.56869972080744,62.63462894999557,34.23945126677809,19.119668025787682,6.707452631022979,50447.0,157773.61815375404, 0.0, 0.0,0.0,NaN, 51.41701951474466,51.41701951474466,0.0, 216.40581934360355, 40.89932032880243, 8.865567468004121, 40.89932032880243, 125.87388675621126, 5.635668138006421, 8.865567468004121, 5.635668138006421, 68.27192011391882, 6.166778909300974, 4.070918366415372, 14.0, 0.0
4, 0 ,1.0,1.0,1.0,9.536189014116148,30.116636087917026,135.14104916314076,6.231711620972104,10.486438398911217,10.434711385563917,24.0,53.0,55.0,0.04718552552471086,-0.7143734043816778,0.6981720169794036,11.50414573608919,-0.0088749171158908,-0.6992227840285477,-0.7148487491361747,9.312125648666198,-0.9988467159815579,-0.02753429511534608,0.03933319927692253,6.214641462498836,63.56312532456655,44.0254735379028,26.08849375200184,15.22334531957212,5.09240404938572,26707.0,73005.95461390205, 0.0, 0.0,0.0,NaN, 72.14315056762561,72.14315056762561,0.0, 38.83422972695876, -2.860794128092687, 3.392712621553304, -2.860794128092687, 109.96539029415965, -22.705971024195158, 3.392712621553304, -22.705971024195158, 108.88320170001724, 6.210614024245913, 4.114836947823032, 12.0, 0.0
5, 0 ,1.0,1.0,1.0,59.18771218408148,74.13136552244436,142.2681299509619,9.761501253580255,9.98425537139924,10.534312769333598,49.0,56.0,55.0,-0.59558408728827,0.3996819709074667,0.6968026385573758,11.42177989043311,0.16802836764954504,-0.7862578929377101,0.5946133142288205,10.033160390464746,-0.7855227957443549,-0.47122483797511727,-0.4011247803879698,8.650008339927506,55.74492617972945,54.13099508048734,47.22631435060258,16.793384259201748,4.891446891249629,42416.0,142506.74122871336, 0.0, 0.0,0.0,NaN, 111.04779802934833,111.04779802934833,0.0, 95.28690672364887, -16.65748614413676, -20.50664491393722, -16.65748614413676, 99.68535532131456, 3.4126739889013704, -20.50664491393722, 3.4126739889013704, 110.97174552214489, 5.957977277142783, 3.8640897606085622, 21.0, 0.0
6, 0 ,1.0,1.0,1.0,28.845807682012847,106.85534328158458,174.0847664614561,12.155988822935532,12.126156257201611,9.993612025821056,58.0,57.0,49.0,-0.7263655999970654,0.6861651303951927,0.0396286382639005,12.53436423786239,-0.6782756753139348,-0.7249439787195193,0.1199930664486014,11.76247769797786,0.11106360078049224,0.060279694326207355,0.9919834852625374,9.9608153640758,65.65353143655801,59.491840569925245,48.953182335172386,19.028181454911348,5.710719891482854,59776.0,191203.7590794876, 0.0, 0.0,0.0,NaN, 100.89403860177464,100.89403860177464,0.0, 147.76806426333357, -9.609346576780528, -4.851808543976508, -9.609346576780528, 147.04366557406976, -1.8303503815544517, -4.851808543976508, -1.8303503815544517, 99.87228132263525, 6.043431926002662, 3.746636544815403, 25.0, 0.0
7, 0 ,1.0,1.0,1.0,135.74315249240178,16.36868254863778,180.17003658070504,13.709967283881259,9.891078073863314,9.712250672893852,67.0,41.0,39.0,0.9676760178010826,0.24604980734840526,0.055340915030846316,13.945766744487322,-0.10450483888884547,0.19150153564566477,0.9759128549692171,9.702466765642782,-0.22952529974156466,0.9501508586267579,-0.21102483889196552,9.565676666678105,70.32761335692089,43.78669822252519,46.7419571071167,18.6098613210291,5.813562000491397,54947.0,143937.83629768732, 0.0, 0.0,0.0,NaN, 69.21057483653337,69.21057483653337,0.0, 187.96320292509444, 24.466963015431954, 5.246104905881876, 24.466963015431954, 97.8334254632596, 1.8948513831168508, 5.246104905881876, 1.8948513831168508, 94.32781313312707, 6.107424899634971, 3.9500096657559447, 14.0, 0.0
8, 0 ,1.0,1.0,1.0,185.1473229304143,155.18751132158476,91.08311984059209,8.396268763893433,10.7450442679764,10.255614386971589,32.0,54.0,52.0,0.1984900483038967,0.8179673359891565,0.5399362351047743,11.335732530140127,-0.20367132124654896,-0.5044474381499864,0.8390773355570986,9.785767158536064,-0.9587073034174725,0.2765180272581103,-0.0664686916922636,8.17746055047675,54.55440444964893,48.36587980860382,38.38659956236113,16.364594023923768,4.83021680287001,38643.0,101285.7978993992, 0.0, 0.0,0.0,NaN, 102.59091518054682,102.59091518054682,0.0, 70.49732915553255, 12.97405734664029, 1.6675413075462382, 12.97405734664029, 115.4559763207725, 14.98956379253887, 1.6675413075462382, 14.98956379253887, 105.17762645425863, 6.1608833962091705, 4.0685107032217145, 17.0, 0.0
9, 0 ,1.0,1.0,1.0,79.33628583072952,146.67428338540958,44.85170493139519,9.631141456579181,8.906648510970676,10.393168371489924,45.0,40.0,48.0,-0.5867579557442439,-0.10237621081772044,0.8032647215142973,11.22709687329621,0.1147087258703912,-0.9924809998013888,-0.042700974724558347,8.87975839858441,0.8015965379042173,0.0670863361038711,0.5940895672608055,8.672220524937364,54.033631300609734,41.099729657414386,42.56590217622559,16.085134013451054,4.623168396466004,36805.0,94528.9780719897, 0.0, 0.0,0.0,NaN, 105.591447272626,105.591447272626,0.0, 92.75888575663814, 2.639271689683079, -23.97999054302082, 2.639271689683079, 79.32838769797615, -4.026484479892294, -23.97999054302082, -4.026484479892294, 108.01794879813853, 5.984202039568114, 3.9434625874795772, 15.0, 0.0
10, 0 ,1.0,1.0,1.0,153.18937225335645,10.751118816272225,87.34612748457847,9.493905336622204,6.822983564639164,9.590716172162308,48.0,26.0,46.0,-0.6364055185153638,-0.044180359471488295,0.7700883792397867,9.759688679534388,0.7656224811935525,0.08530585371459282,0.6376089143142943,9.341278037441763,0.09386283766336782,-0.9953748073760932,0.02046363962704727,6.793981267624441,48.407308771169205,49.49489976855989,27.876230664124755,14.418337685812805,4.55858731811689,24803.0,66789.07628399924, 0.0, 0.0,0.0,NaN, 99.68032610494748,99.68032610494748,0.0, 90.13423854074355, 4.0647500270116455, -3.9957569969384825, 4.0647500270116455, 46.55310472333615, 0.5652802065194544, -3.9957569969384825, 0.5652802065194544, 91.98183669497563, 6.320708396195385, 4.0578099879406295, 15.0, 0.0
11, 0 ,1.0,1.0,1.0,98.91899825704064,90.9172552976791,12.941587927713053,11.299980863398218,11.339553972403278,8.379208349659374,60.0,54.0,33.0,0.6885507283856661,0.7181094510550683,0.10107774604212601,11.54508386922039,0.7176945981564952,-0.6947695516983027,0.047007805840377004,11.124678034062084,-0.10398248995169915,-0.04017569337706432,0.9937673547893978,8.332992347550661,57.40384779387726,57.98436425470868,36.27066369811994,17.264231168220494,5.332214037664055,43604.0,120727.83337729702, 0.0, 0.0,0.0,NaN, 134.97555417604514,134.97555417604514,0.0, 127.68956751316595, 4.485477151440302, 6.276389518408515, 4.485477151440302, 128.58548429304696, 2.86050016611289, 6.276389518408515, 2.86050016611289, 70.21113256700136, 6.1128629194161626, 3.849895215634105, 12.0, 0.0
12, 0 ,1.0,1.0,1.0,154.6169905312393,9.85169410959425,39.868578164809676,10.239543258158662,6.257257586483822,9.696794754082044,47.0,24.0,48.0,-0.9747254752478489,0.009503579451964478,0.22320378554239745,10.269012679121584,-0.22322855320669105,-0.0016168790465316669,-0.9747647914935156,9.665897978190088,-0.008902861118986014,-0.9999535327602727,0.003697483488395735,6.256767696931523,52.81694690353089,49.375900777223094,24.281297745239527,14.733721179309414,4.5767682214050405,26297.0,63322.81589373059, 0.0, 0.0,0.0,NaN, 61.20602053845827,61.20602053845827,NaN, 104.84824613570251, -0.5946205623518537, -2.613974245124422, -0.5946205623518537, 39.153272503609344, 0.22620279281882996, -2.613974245124422, 0.22620279281882996, 94.02782850279304, 5.835371655989823, 3.874868185517798, 13.0, 0.0
13, 0 ,1.0,1.0,1.0,188.52741694447639,59.13595432425183,92.8963865578419,6.996450890506671,9.508783769366184,9.588638022472008,28.0,46.0,54.0,0.16766194250991442,-0.6574884756591105,0.7345736024451609,9.831893988344975,0.04613962752106067,-0.7390712591603199,-0.6720452430122521,9.335942904067528,-0.9847642397071593,-0.14656936330160544,0.09357784959776633,6.890812989464039,51.51812660600953,44.93376363245109,29.90947414928044,14.547580214898113,4.435897074210063,26097.0,69237.54111832207, 0.0, -7.105427357601002E-15,0.0,48.89139021518051, 110.7177487637365,110.7177487637365,0.0, 48.95032506327159, -6.774697295436292, 4.827073434412544, -6.774697295436292, 90.41696877256177, -4.047108077833581, 4.827073434412544, -4.047108077833581, 91.94197912599589, 6.136637902491192, 3.9439264066923645, 11.0, 0.0
14, 0 ,1.0,1.0,1.0,69.43849176526165,187.41300380064848,23.611474952223485,12.464166550700506,7.300396636350842,13.597029722573742,60.0,29.0,55.0,0.46469751998003406,-0.018008562749717228,0.8852863415822563,13.99689284512573,-0.8801675797180191,0.0998510933865868,0.4640417985083105,12.053845274141965,0.09675353501412844,0.9948394095617606,-0.030550002374422982,7.233412812587934,67.48483534935073,59.594303885901354,31.29966009004798,18.816709348334953,6.2818711725459035,46571.0,125878.2118662657, 0.0, 2.8421709430404007E-14,0.0,88.96812958018975, 74.41530999314774,74.41530999314774,0.0, 155.35544780360135, -9.372634270534215, 21.09849627451924, -9.372634270534215, 53.29579104804269, 2.0186788080335996, 21.09849627451924, 2.0186788080335996, 184.87921727655376, 5.422899506374845, 3.6275663169283505, 12.0, 0.0
15, 0 ,1.0,1.0,1.0,185.1916524471168,149.77329974811084,34.28533896698356,8.393542466618294,11.02093577708642,9.223083717425084,36.0,53.0,51.0,0.12243363900808184,-0.9901209732022516,0.06834078185289305,11.064192502613325,-0.037119248353185405,-0.0733788760529337,-0.9966131154820824,9.21532022679384,-0.9917823175681915,-0.11948221195740456,0.04573658912547569,8.345020741914272,53.83976748275981,52.221467534591945,39.03938388897478,15.986139818050468,4.628302876647491,36921.0,109762.80653132664, 0.0, 0.0,0.0,NaN, 62.589879721254185,62.589879721254185,NaN, 70.45155513892472, -6.356216489738419, 1.0069592229254327, -6.356216489738419, 121.46102540266347, -2.45355523540383, 1.0069592229254327, -2.45355523540383, 85.0652732586317, 6.025361766377461, 3.9346134449462715, 17.0, 0.0
16, 0 ,1.0,1.0,1.0,154.88203907719475,110.65283482399907,9.6737937123335,12.196846360945935,9.371382942065312,5.835847397798136,63.0,49.0,24.0,0.955732107599048,0.28769088027805023,-0.0617259743472989,12.461275369228707,-0.2886929504443567,0.9573900587339574,-0.0077881834289321395,9.042625687287263,-0.05685524485933477,-0.025263270616275695,-0.9980627476715852,5.7957338708404045,61.64957718013025,45.49201267602892,26.297228390604335,15.56018508430239,5.3407522309118205,26051.0,73752.24286015109, 0.0, 0.0,0.0,NaN, 100.55908018477574,100.55908018477574,1.9073486328125E-6, 148.7630611525201, 20.14395460497289, -7.070762424551811, 20.14395460497289, 87.82281824683268, -2.5202567911272884, -7.070762424551811, -2.5202567911272884, 34.05711485038727, 5.985306108642194, 3.861992668999437, 16.0, 0.0
17, 0 ,1.0,1.0,1.0,11.449479101292832,46.696372536713945,14.434082255972553,7.057019546101358,9.28753904268227,8.794188026655222,27.0,46.0,38.0,-0.18092713807442007,-0.8587132820307533,0.47945476321773284,9.560472215030199,0.04033288932821401,-0.4935684792667486,-0.868771209417501,8.581603353820524,-0.9826691349313044,0.13784649265861532,-0.12393432016629034,6.953495832665904,48.8045536437098,40.950734515461235,30.687628557265754,13.993620596933038,4.192401696005074,23901.0,61331.75185914654, 0.0, 0.0,0.0,NaN, 50.19944731120748,50.19944731120748,0.0, 49.80152487405662, 6.185175090501744, -4.620825307556716, 6.185175090501744, 86.25838146934753, -6.879413625723117, -4.620825307556716, -6.879413625723117, 77.33774304816608, 7.234511918243237, 4.149595724741124, 10.0, 0.0
18, 0 ,1.0,1.0,1.0,62.12061796051001,12.041693057582684,104.9266103048495,10.57728381867651,7.342813725778102,11.914343100483748,50.0,28.0,56.0,0.34156230727471765,0.14911002289902525,0.9279554899456244,12.251793999829625,-0.9330936304569893,0.17205306892592567,0.315806931959648,10.375810314947033,-0.11256761101563181,-0.9737371013493442,0.1979004558004115,7.069902545462245,60.25556903826947,55.25274938791803,34.975499521813234,16.67458362086669,5.450291641653955,36313.0,116443.43583995113, 0.0, 0.0,0.0,NaN, 114.20561709309496,114.20561709309496,0.0, 111.87893298083593, -4.159766904200028, 14.739224158421557, -4.159766904200028, 53.9169134114753, 16.987500674647038, 14.739224158421557, 16.987500674647038, 141.95157151604468, 5.5883958643566025, 3.6942856919701037, 17.0, 0.0
19, 0 ,1.0,1.0,1.0,191.64692645444566,134.56020856201977,118.57442371020856,4.877082306732675,9.656205955661237,9.690858461996816,19.0,45.0,46.0,0.02511656836485154,0.7010951072724158,0.7126252932307793,10.733533276470952,0.01373999730664813,-0.7130249441130656,0.7010040239161072,8.486056057554487,-0.999590101225291,0.007815345881084667,0.02754178464028742,4.8702257654221155,49.041814779946264,45.4790561573563,19.924160705940295,13.809755199399525,4.497960020710379,18220.0,44438.35886921937, 0.0, 0.0,0.0,NaN, 104.79630057987943,104.79630057987943,0.0, 23.785931826644912, 1.1379155696747072, 2.1027040465297357, 1.1379155696747072, 93.24231345814756, 21.570903248622503, 2.1027040465297357, 21.570903248622503, 93.91273773045529, 6.166843868767522, 3.8466575502541365, 8.0, 0.0
20, 0 ,1.0,1.0,1.0,36.444465040409284,176.80507155038185,190.07770445614295,12.082181194563761,12.168055730901777,5.081252502205674,55.0,49.0,21.0,-0.7010192529712013,0.71271846733897,-0.024584411274007303,14.463707903875653,-0.7127345844520219,-0.7013675933302177,-0.00963904311547917,9.217279733521966,0.024112633404569365,-0.010765005349206797,-0.999651286984681,5.069784775031738,63.55851535958038,48.80111902724116,21.1373528271057,16.776525045033516,6.19742019659333,26974.0,65562.29106589107, 0.0, 0.0,0.0,NaN, 44.32443667689602,44.32443667689602,4.76837158203125E-7, 145.97910241827017, -62.058871610348035, 3.569489184967052, -62.058871610348035, 148.0615802703316, -2.8145781111292543, 3.569489184967052, -2.8145781111292543, 25.819126991171423, 6.1758641630594555, 3.9182326575329305, 13.0, 0.0
21, 0 ,1.0,1.0,1.0,11.565625505745267,153.33047418676162,188.07843771915628,7.287987785285977,9.973784256613476,6.083689023483751,29.0,59.0,23.0,0.08130705858393922,0.9963573070051457,0.02571534564966821,9.991255983816751,0.9951884822284627,-0.08257288654942403,0.052740906767936045,7.269926935468856,-0.05467217815521949,-0.02130340781072304,0.9982770746398086,6.076625437625354,59.709335125011535,30.904018989975896,24.251957678136648,13.09982954846333,4.242272538581757,18537.0,44751.12926669633, 0.0, 0.0,0.0,NaN, 49.53717775759641,49.53717775759641,0.0, 53.114765958477605, 3.7868035902144417, 0.9674478348517217, 3.7868035902144417, 99.47637239747083, 1.5422393338969873, 0.9674478348517217, 1.5422393338969873, 37.011272134456675, 6.198060765879346, 4.0695468880431624, 7.0, 0.0
22, 0 ,1.0,1.0,1.0,8.5133185883258,19.16237138186364,55.21146264063852,5.3641140129306075,10.35381543114808,9.614559439317143,21.0,42.0,45.0,0.004674789727504576,0.9486335570735468,0.316342410585419,10.442097241495965,-0.05867966254661376,0.3160609785676928,-0.946922465162934,9.529952757659869,-0.998265918252456,-0.014136202489448038,0.05714301562534288,5.343928515060293,44.642711315017195,44.33387371600239,21.82456009270919,14.362263781139893,4.705352847461347,20798.0,43194.82725253206, 0.0, 0.0,-7.105427357601002E-15,71.55812707262946, 59.059111721066564,59.059111721066564,9.5367431640625E-7, 28.77371914371851, -0.7978400265783469, 3.5786337555795016, -0.7978400265783469, 107.20149398228011, 5.517207936463292, 3.5786337555795016, 5.517207936463292, 92.43975321216237, 5.510953734227185, 3.77713842224952, 11.0, 0.0
23, 0 ,1.0,1.0,1.0,100.7588297515544,19.41141869404814,102.30063723846133,9.92150709309413,9.654919139317249,10.402155385901033,45.0,41.0,52.0,-0.5828691090129406,0.337021655361725,0.7393781208391975,11.9447010537734,-0.4995542471330398,-0.8662819623518381,0.0010563499375233478,9.515682130183594,0.6408659422451799,-0.3687437667555772,0.6732895948617548,8.162996606074929,59.60448290972526,47.50791873755582,43.287419076068744,16.53942166903108,5.128950585790341,38761.0,122576.33227661155, 0.0, 0.0,0.0,NaN, 140.60860049089223,140.60860049089223,0.0, 98.43630299831715, -4.588763397436543, -32.78345871094322, -4.588763397436543, 93.21746358675452, 18.926594720421466, -32.78345871094322, 18.926594720421466, 108.20483667242986, 5.407512929248341, 3.4113893731938414, 19.0, 0.0
24, 0 ,1.0,1.0,1.0,123.10263134500845,10.604409280824962,145.84651969063916,8.91424565706328,6.521895814525859,9.333564909888008,42.0,26.0,45.0,-0.6318629805270802,-0.07292431555035021,0.7716418975411767,10.093730264681646,-0.760813183626243,-0.13178246145332928,-0.6354499842425073,8.088603817133434,-0.14802862378585963,0.9885926497070545,-0.027786678197468988,6.465712042025876,47.68890654045626,42.75259890760944,27.759249732787886,13.84198406715568,4.1849506163996635,22498.0,56596.24383286588, 0.0, 0.0,0.0,NaN, 94.6480756902815,94.6480756902815,0.0, 79.46377563447155, 5.136475196487458, -17.872993775699484, 5.136475196487458, 42.53512501552992, -1.4027013402662811, -17.872993775699484, -1.4027013402662811, 87.11543392709274, 5.859412219786349, 3.791733282242263, 9.0, 0.0
25, 0 ,1.0,1.0,1.0,57.034574285518154,151.90808411321876,19.29576916916459,8.647360978496366,11.537463041160786,11.730688946946708,41.0,55.0,46.0,0.15766192131721535,0.6116886789217557,-0.7752287911613713,12.496639802828131,0.2726043899306927,-0.781501445309888,-0.5611972358886587,10.980914063293268,0.9491204165737235,0.12285133722313706,0.2899620385247143,8.291712034407015,61.93830038978905,58.289921696254154,43.42726671942053,17.70957979306211,5.645330109192345,43703.0,156788.87788230422, -7.105427357601002E-15, 0.0,0.0,80.92878826017875, 77.05907957808225,77.05907957808225,0.0, 74.77685189242163, -2.6113107817549084, -18.6129306275223, -2.6113107817549084, 133.11305342615108, -18.72084056580705, -18.6129306275223, -18.72084056580705, 137.60906317001766, 5.389161781132926, 3.623292669218305, 11.0, 0.0
26, 0 ,1.0,1.0,1.0,139.66655845034222,36.32583935286638,35.26131536942348,8.740681702364078,8.98715305442426,11.217938233702037,39.0,45.0,57.0,0.21397038915467806,0.40701241801327637,0.8880076374378669,11.827922423116428,-0.8218681947944471,-0.4163242421109515,0.3888531802828151,8.710830379085612,-0.5279671798041172,0.8130283002538893,-0.2454295011524875,8.199528042538937,58.48819178320395,41.76297962987269,41.47719944188776,16.106563585108475,4.85686980880684,36963.0,101313.91464248419, 0.0, 0.0,0.0,NaN, 78.75945108682619,78.75945108682619,0.0, 76.3995166220422, 9.286961827342967, 11.044117412767978, 9.286961827342967, 80.7689200236473, 24.864478470109496, 11.044117412767978, 24.864478470109496, 125.842138215154, 5.47392942902088, 3.526235472016431, 16.0, 0.0
27, 0 ,1.0,1.0,1.0,71.07860121912096,63.87902120337154,46.78866625834865,9.097122569172072,9.256516198475508,9.58881449521724,43.0,39.0,51.0,0.4625294457958496,0.5787660249785306,0.6716371044711092,10.026399452958803,-0.48630678466939614,-0.4678015393229689,0.7380158744848074,9.217877965040636,-0.741331385384632,0.6679757541540055,-0.06508585795769835,8.653793065829193,54.51793244395681,48.102170980378766,44.45408440287001,15.51419605718868,4.437996765881416,34287.0,116577.76492119064, 0.0, 0.0,0.0,NaN, 106.40430532362282,106.40430532362282,0.0, 82.75763903853988, 9.157291039079343, 4.347144528064584, 9.157291039079343, 85.68309213263947, 6.486551393811909, 4.347144528064584, 6.486551393811909, 91.94536342368828, 5.630225769337329, 3.6120903048704065, 24.0, 0.0
28, 0 ,1.0,1.0,1.0,92.18231219395676,126.70682551056969,77.16998089095904,8.96571558471554,8.185885904724596,10.293683004299764,43.0,39.0,48.0,-0.10258686555735096,-0.1042291297075626,0.9892483123743614,10.326720925561883,0.9878844598892301,0.10574626594620937,0.1135870641745689,8.960746718527767,-0.11644839597213014,0.9889155756478092,0.09211815953806433,8.149634774402223,46.87496685722609,42.67484271067259,39.45063414517347,15.33975791381261,4.247884288655164,33492.0,78916.33202975697, 0.0, 0.0,0.0,NaN, 140.80012094765107,140.80012094765107,0.0, 80.38405594601112, 1.8799153061167333, -2.5248388666008768, 1.8799153061167333, 67.00872804516884, -3.9808001203770624, -2.5248388666008768, -3.9808001203770624, 105.9599097930098, 5.757746747068133, 3.6248911575776055, 19.0, 0.0
29, 0 ,1.0,1.0,1.0,67.53535353535354,190.3594380014133,72.62771750426072,10.124342673903847,5.604976365096007,10.190707283714586,51.0,23.0,46.0,-0.6843309235493511,0.04106755934174089,0.7280141775019251,10.724844394617172,0.7290449564284421,0.019929892187539284,0.6841755994652572,9.565341417330954,-0.013588177962597304,-0.9989575841681698,0.04357873853785972,5.590218766328424,46.33896439378184,47.34027543797998,23.6461078965485,14.685118669080678,4.702752305755053,24057.0,51872.45123686313, 0.0, 0.0,0.0,NaN, 99.64311196802558,99.64311196802558,0.0, 102.50231457863049, -1.478954234534734, -11.685304640535968, -1.478954234534734, 31.41576005328485, 3.3260642116913055, -11.685304640535968, 3.3260642116913055, 103.85051494235351, 5.371798624725082, 3.663110720203811, 15.0, 0.0
30, 0 ,1.0,1.0,1.0,125.83777673380703,74.81317164836456,165.64008456163015,9.005640105836504,9.048927450409447,9.375152288475425,43.0,43.0,44.0,-0.49250386775247845,-0.344479252640845,0.7992333731450744,9.762237024423904,0.47801361147632404,-0.8744834266657001,-0.08235122179043224,8.994429529295136,0.7272846261899194,0.34148613586355164,0.5953522415518134,8.641590586937182,48.11490189367521,43.27188575631335,45.34113562984629,15.28920407166242,4.137434108935524,34058.0,94401.26627619752, 0.0, 0.0,0.0,NaN, 110.80455676913401,110.80455676913401,0.0, 81.10155371585093, 0.8978734322982603, -8.363160866668634, 0.8978734322982603, 81.88308800277363, -5.230111631168911, -8.363160866668634, -5.230111631168911, 87.893480432106, 5.604224242114672, 3.635685224589687, 18.0, 0.0
31, 0 ,1.0,1.0,1.0,44.538733940924566,56.684802898869,171.59813879433403,9.048971767051015,11.485472497046946,8.025229504728078,44.0,53.0,40.0,0.23379220506583748,-0.9687734850858742,0.08257808089937074,11.634398355381904,0.9477952489886166,0.24602236574473788,0.20287227890465698,8.922229179742617,-0.21685333948330152,0.030837155315169812,0.9757170178935117,7.952287626670868,50.688297634494745,45.84590311686868,37.6052053098571,16.002818996932547,4.702559013587749,36428.0,87388.88578576251, 0.0, 0.0,0.0,NaN, 77.48245879352311,77.48245879352311,0.0, 81.88389004088637, -12.518152434673995, 4.539489572888914, -12.518152434673995, 131.91607848042182, -4.952678444148971, 4.539489572888914, -4.952678444148971, 64.40430860355806, 5.469845871514594, 3.527780040143894, 21.0, 0.0
32, 0 ,1.0,1.0,1.0,188.19064766974583,183.84598924899535,185.9145660456135,6.7091279844941605,9.77300028597817,7.794096036171389,27.0,47.0,29.0,0.14045871374670788,-0.8925744109045218,0.42846501692794675,10.36668858879619,0.23770794606895948,-0.3896963297386405,-0.8897368728809145,7.1033934681752715,-0.9611276096899396,-0.22682083587421556,-0.15743578470292302,6.58372499898973,54.46731938735492,38.17384179502449,31.344606818192375,13.444864669404508,4.528518515421667,19161.0,65172.5475753716, -2.8421709430404007E-14, 0.0,0.0,81.92560910432866, 24.470641909991606,24.470641909991606,0.0, 45.012398312322674, -8.697948892363723, 2.3546834839190915, -8.697948892363723, 95.5115345897294, -22.05673584882815, 2.3546834839190915, -22.05673584882815, 60.747933021062565, 6.11956954822057, 3.831678861935924, 7.0, 0.0
33, 0 ,1.0,1.0,1.0,87.82990128591933,75.72307331790621,97.50508216409385,10.513327061105327,8.61894994917012,9.328517183848918,48.0,43.0,46.0,0.8686586307005878,0.2124971796156028,0.44752333119603316,11.001044283863358,-0.475250509932124,0.10235573106412506,0.8738765685882561,8.877682302886383,-0.1398897284243427,0.9717861148286402,-0.18990158216197384,8.485361427949252,50.2667698686424,47.77189209750983,42.54645701468591,15.823636958910297,4.631424226092725,34139.0,102168.45404338592, 0.0, 0.0,0.0,NaN, 151.51011992744915,151.51011992744915,0.0, 110.53004589376957, 8.717416642464096, 16.227862917100513, 8.717416642464096, 74.2862982262996, 5.271128233965326, 16.227862917100513, 5.271128233965326, 87.02123284936455, 5.852809481115653, 3.5925326958755592, 22.0, 0.0
34, 0 ,1.0,1.0,1.0,142.8082100662,71.14475309619587,115.774983370815,9.377666692963714,9.631111357891262,8.07111317482562,47.0,42.0,36.0,0.5338138118089919,0.8099261908964455,-0.2430275285269732,10.123390358232314,-0.8351956985121863,0.46005002937807676,-0.30133389397140825,9.093051530430472,0.1322533912937408,-0.3638317410138996,-0.9220279305542212,7.789427963146706,46.53440488819352,42.048856763144954,39.9395474354061,15.096286092054365,4.23603029971601,31571.0,78150.4523750066, 0.0, 0.0,0.0,NaN, 124.20277837124688,124.20277837124688,0.0, 87.94063260432102, 9.619286053576607, 0.11512224225647405, 9.619286053576607, 92.75830598810208, -11.280215197636867, 0.11512224225647405, -11.280215197636867, 65.1428678808437, 5.585760756647888, 3.576141564767449, 19.0, 0.0
35, 0 ,1.0,1.0,1.0,146.34840556246206,106.15935702101824,84.11188528144785,9.42407952388735,9.063289350837502,9.601729626959001,43.0,48.0,45.0,-0.8173550574725499,-0.5681894772937273,0.09534897963127742,9.78994752939842,0.017871145363372067,-0.19042216784743052,-0.9815396172114942,9.625975065828236,0.5758570414499125,-0.800562374762246,0.1657967186876385,8.639862959703613,46.9805107496631,43.842051874912485,42.12616603902413,15.60118906110009,4.444389771227724,34589.0,86768.19051955082, 0.0, 0.0,0.0,NaN, 136.96484624164776,136.96484624164776,0.0, 88.81327487255281, 9.78231774667405, -1.9678316669094709, 9.78231774667405, 82.14321385700448, 2.2182858229107665, -1.9678316669094709, 2.2182858229107665, 92.19321182922225, 5.329993992208997, 3.433246556517056, 20.0, 0.0
36, 0 ,1.0,1.0,1.0,9.07027368088966,98.52050634908116,112.88015616373531,6.072077949230138,9.688248925020083,10.82000888456533,25.0,49.0,58.0,0.015336481978601185,-0.004468698099342834,0.999872403388461,10.820888709942924,0.037859466654585665,-0.9992703295298251,-0.005046712393767976,9.692469766239466,0.9991653782558473,0.03793203472860376,-0.015156108873903562,6.063768421890474,57.979193302232716,49.09802964390292,26.071794221807963,14.943211466393942,4.950284960220911,25358.0,74217.6419760519, 0.0, 0.0,0.0,NaN, 131.8272628327719,131.8272628327719,0.0, 36.870130621526876, -2.16852836635626, 1.2207808863564074, -2.16852836635626, 93.86216723315282, -0.07055687377322778, 1.2207808863564074, -0.07055687377322778, 117.07259226207269, 5.53199376622104, 3.524653692594545, 16.0, 0.0
37, 0 ,1.0,1.0,1.0,101.37381697920698,97.19906413819794,171.76110896105266,9.226819275807905,8.377899631430312,8.786569941935994,41.0,41.0,46.0,-0.8748950111555339,-0.3522214776615403,0.33241352278311387,9.494464134549547,-0.2388051469371157,-0.2833875969405604,-0.9287968409165683,8.710860329969984,-0.42134406516705697,0.8919817826470311,-0.16382209305927933,8.154953748291964,44.72916856955684,46.3800038893059,39.84897380910238,14.654758399039366,4.214885976281339,28423.0,82668.2507639743, 0.0, 0.0,0.0,NaN, 141.32309441029807,141.32309441029807,0.0, 85.13419394842032, 7.919816470170082, -4.796037811321278, 7.919816470170082, 70.18920223432016, -0.3002270872756645, -4.796037811321278, -0.3002270872756645, 77.20381134453311, 5.367045498409534, 3.5325499807106002, 15.0, 0.0
38, 0 ,1.0,1.0,1.0,116.79848048526438,38.35307272838674,158.03094173151155,9.218285674664974,8.41809971541203,9.661143103935242,45.0,39.0,47.0,-0.6090921189398683,-0.1343458722158063,0.7816380090962284,10.124404566786026,0.6013035095176426,0.5644097635305126,0.5655755548759136,9.05740065955916,0.5171468651042063,-0.814489291181907,0.26299489436657675,8.039826188004852,50.43581361381081,43.9239153276427,41.069759329471964,15.19238037233415,4.286077261948679,32642.0,90983.41519460725, -1.4210854715202004E-14, 0.0,0.0,52.47611383480896, 100.77129000471133,100.77129000471133,0.0, 84.97679077973349, 9.002895423299053, -12.110362884937137, 9.002895423299053, 70.86440281862009, 1.5774583831974172, -12.110362884937137, 1.5774583831974172, 93.33768607471546, 5.292947985271592, 3.4066509066514374, 14.0, 0.0
39, 0 ,1.0,1.0,1.0,180.9609240599656,160.23150651265667,8.113344802162693,10.228838839156197,9.364127375800459,5.430354537220694,44.0,51.0,21.0,-0.9777676334389731,0.20769849954225783,-0.028840740057153015,10.273473815962895,-0.20534300107735343,-0.9762565147033299,-0.06897441125412211,9.333330386786791,-0.04248184209395271,-0.06151870274316183,0.9972014552261259,5.399023573885044,47.41255855093323,47.18701741443334,22.561353057581453,14.108282116042002,4.770864873555733,20345.0,50475.55015654051, 0.0, 0.0,0.0,NaN, 44.831304361818944,44.831304361818944,0.0, 104.6291439974303, -3.8949104115231314, 2.9752326919498127, -3.8949104115231314, 87.6868815102156, 3.445325435331212, 2.9752326919498127, 3.445325435331212, 29.488750399913382, 5.798321645949508, 3.602500275974501, 11.0, 0.0
40, 0 ,1.0,1.0,1.0,56.27563081822636,82.59655193532582,72.6328086722195,9.849299373899589,8.795372269732356,8.745335441758144,47.0,43.0,45.0,0.8784464005519487,-0.41521511063732736,0.2364917192118076,10.260808662429842,-0.019937025807967954,-0.5263343168621983,-0.8500439411554764,8.748492363792606,-0.47742479654837483,-0.7420030989097246,0.4706346405112019,8.308300094629107,47.800459947258275,41.75575044161971,41.24498199796147,15.24421669776883,4.296745370651218,32656.0,82322.6775063397, 0.0, 0.0,0.0,NaN, 123.55024043363707,123.55024043363707,0.0, 97.00869815669883, -13.145503551257596, 7.659330265229924, -13.145503551257596, 77.35857336317689, -0.20093537921080548, 7.659330265229924, -0.20093537921080548, 76.48089198887112, 5.261986548015332, 3.372491328367759, 20.0, 0.0
41, 0 ,1.0,1.0,1.0,154.73597715551153,180.0844430199015,136.6292141379411,9.408539012019133,10.521968908861803,8.76247617185974,45.0,49.0,43.0,0.01907668936843855,0.9254979348170052,0.3782719294002646,10.83939348911337,0.9948414708372958,-0.05527244972768577,0.08506117917938173,9.417933979029481,0.09963196186478786,0.3746979169285024,-0.9217781420843166,8.356045301274921,54.24042007592374,45.945807668662525,42.42979027605358,15.887604374528175,4.8577208607155145,34319.0,105740.12506789427, 0.0, 0.0,0.0,NaN, 80.38232190394135,80.38232190394135,0.0, 88.52060634068597, -0.19621381149428765, 1.941149488734688, -0.19621381149428765, 110.71182971905444, 16.5996834822764, 1.941149488734688, 16.5996834822764, 76.78098866240974, 5.340818776208908, 3.4946738455592414, 18.0, 0.0
42, 0 ,1.0,1.0,1.0,133.663812750231,137.19424083769633,18.122944256236526,9.256193757808466,8.409642058463897,9.774940787624763,47.0,39.0,38.0,0.39155875159239184,0.12640055033750433,0.9114300000141445,9.860357154624907,-0.8249550837881566,-0.39053805924634133,0.40856961954136595,9.35982009095137,-0.40759152810563054,0.911867822194904,0.048643818333268,8.19242299221714,46.93705075002563,52.93201635592348,41.04495121953611,15.254335385280008,4.38792910021832,32470.0,101975.06233744312, 0.0, 0.0,0.0,NaN, 93.13159631029828,93.13159631029828,0.0, 85.67712288209242, 8.091818077742351, 3.8395768247945377, 8.091818077742351, 70.72207955148488, 0.1994330328277076, 3.8395768247945377, 0.1994330328277076, 95.54946740157021, 5.337250774682101, 3.3933522759619774, 13.0, 0.0
43, 0 ,1.0,1.0,1.0,15.892160611854685,152.77973231357552,56.88645634161887,9.37890699809864,8.358333772903183,9.297282722794504,38.0,41.0,45.0,-0.8301320223559123,0.3539413579392816,-0.43082054338132564,9.474973768972784,0.50264205623612,0.14064190033796792,-0.8529776193852043,9.378964031434803,-0.24131263697122932,-0.9246325599985232,-0.294657157097141,8.156286639160047,54.36402112636415,47.50407581647044,38.727576773941195,15.04163037903804,4.244344649791143,31380.0,100014.45426099675, 0.0, 0.0,0.0,NaN, 75.61999315258815,75.61999315258815,0.0, 87.96389647898367, -5.315659204935002, -0.8770947017196343, -5.315659204935002, 69.86174345925396, -6.117329947951864, -0.8770947017196343, -6.117329947951864, 86.43946602757319, 5.641257971729383, 3.666912209840222, 18.0, 0.0
44, 0 ,1.0,1.0,1.0,117.8227140861717,89.44117331041151,63.20421904659575,8.336444606820608,8.728484478222391,8.681828519889734,39.0,42.0,39.0,-0.40873189616264366,-0.7156250625691079,0.5664088690003447,9.295186007412635,-0.5156850305034335,-0.3309584518724802,-0.7902755547584929,8.408917690416489,-0.7529987957320801,0.615099400875282,0.2337638566350802,7.996656600187936,49.48831836420604,41.48053065881692,40.46657604629457,14.337094994609739,3.937588542937548,27921.0,83069.85639074298, 0.0, 0.0,7.105427357601002E-15,55.49981700983927, 136.92188688663404,136.92188688663404,0.0, 69.4963086825884, 7.722066111046823, -2.442001207669895, 7.722066111046823, 76.1864412865692, -7.332458372406679, -2.442001207669895, -7.332458372406679, 75.37414644877076, 5.293359067043522, 3.3864699708874477, 15.0, 0.0
45, 0 ,1.0,1.0,1.0,186.78970144368887,25.068620677115533,177.17924288155933,8.26231556649029,9.177675963531065,9.555420770722355,33.0,48.0,49.0,0.015886493669929558,0.5848617594155386,-0.810977399002115,9.976641859896779,-0.5835342137278998,0.6640488789212516,0.4674686169278004,9.181102050661996,-0.8119331504057685,-0.4658066216540821,-0.3518362552315688,7.744394298593097,49.6964289548377,54.861723149088036,40.89909215887502,14.886120168004032,4.71222739913397,27499.0,111508.58246003585, -2.8421709430404007E-14, 0.0,0.0,89.08973266973196, 36.38316487139128,36.38316487139128,NaN, 68.26585852026776, -9.055171701670588, -7.14293023077, -9.055171701670588, 84.22973609157587, -11.214088923869975, -7.14293023077, -11.214088923869975, 91.30606610555219, 5.413702913686672, 3.5371675116281525, 8.0, 0.0
46, 0 ,1.0,1.0,1.0,182.91432075692092,94.82688938208153,78.20537904450414,9.497226334931508,8.437266871766997,10.524689337709532,38.0,43.0,49.0,0.15498259724725091,-0.3431523125848034,0.9264053566977024,10.863666886236262,0.9846702133063797,0.1296220013317812,-0.11671635617132896,9.469852604791033,-0.08003102884297575,0.9302927642083675,0.35798101525624176,8.028480516639274,48.46649730728936,41.37178747085264,37.98926399977957,15.80728960697471,4.720536119854887,34244.0,76174.00654616211, 0.0, 0.0,0.0,NaN, 124.09730334126316,124.09730334126316,NaN, 90.19730805691655, 0.37054939396762615, 4.791717734977662, 0.37054939396762615, 71.18747226541686, -17.40907934307272, 4.791717734977662, -17.40907934307272, 110.76908565529669, 5.380701314909876, 3.3000533393169835, 13.0, 0.0
47, 0 ,1.0,1.0,1.0,29.236797460734415,150.14882613692333,125.92538171072074,9.995288052542065,8.80813556848938,10.645781482873092,58.0,41.0,50.0,-0.494759973372532,0.3984662907840086,0.772293457085612,11.479057458486722,0.8292596209021122,-0.04928969625987222,0.5566857344893029,9.579537302585228,-0.2598866096775601,-0.915857598620792,0.30604543642874293,8.202768054772736,56.13096655248327,52.50125419197707,41.194294834763156,16.28258842083126,5.069419409072102,36546.0,121397.36827745746, 0.0, 0.0,0.0,NaN, 93.95200336336171,93.95200336336171,0.0, 99.90578325329014, -13.713263869888397, -13.337225779143553, -13.713263869888397, 77.58325219288773, 19.17188882163289, -13.337225779143553, 19.17188882163289, 113.33266338108362, 5.48638471201978, 3.3446015990011997, 23.0, 0.0
48, 0 ,1.0,1.0,1.0,15.74113348323794,130.74586058871628,12.501737530662306,9.748603616327793,12.9024267778327,8.096742140216197,41.0,59.0,32.0,-0.21252787527001626,-0.9631038981260249,0.1651144562043771,13.156094314599311,0.9751822039622473,-0.21978081349229736,-0.02675935529862661,9.563471105135534,0.06206102890338291,0.1553295703821999,0.9859113313358026,7.90710600139973,61.096561693843256,45.66430618684996,35.83455956330647,17.163778940909637,5.698229108974882,39136.0,99975.98802045704, -1.7763568394002505E-15, 0.0,1.7763568394002505E-15,75.36524418896462, 72.11249926483067,72.11249926483067,0.0, 95.03527246827932, 16.428130458510953, -4.63486041181677, 16.428130458510953, 166.4726167573343, -17.41140429578981, -4.63486041181677, -17.41140429578981, 65.55723328515275, 5.539587908576738, 3.4101607479635767, 11.0, 0.0
49, 0 ,1.0,1.0,1.0,179.60473055352352,81.64398927090953,17.872287247012924,9.93743863966988,8.886911410870436,9.354454457733548,45.0,44.0,42.0,-0.7469367888673788,0.4981753240987793,0.4403484755231525,10.690460560939288,0.5628317138536857,0.12114329888512718,0.8176458665068583,9.162932249129158,-0.35398572756117036,-0.858571865130872,0.3708752581241894,8.18476786088308,54.24002235587899,44.642026096271806,43.49512397933985,15.589876101389429,4.710781515523914,32808.0,105318.41874528161, 0.0, 0.0,0.0,NaN, 86.02980094887182,86.02980094887182,0.0, 98.75268671720394, -16.44192718650455, -7.747048859447111, -16.44192718650455, 78.97719442465915, 12.056063004301294, -7.747048859447111, 12.056063004301294, 87.50581820181102, 4.626772311279699, 3.229735138844895, 14.0, 0.0
