// Sample: .//bubblelabels.tif, Map: .//bubblelabels.tif, Thickness:(8.191250068658265):/afs/psi.ch/project/tipl/test/LabelValidation/SmallStep0500//distmap.tif, Neighbors:(1.0):
//LACUNA_NUMBER, TRIANGLES, SCALE_X, SCALE_Y, SCALE_Z, POS_X, POS_Y, POS_Z , STD_X, STD_Y, STD_Z,PROJ_X, PROJ_Y, PROJ_Z, PCA1_X, PCA1_Y, PCA1_Z, PCA1_S, PCA2_X, PCA2_Y, PCA2_Z, PCA2_S, PCA3_X, PCA3_Y, PCA3_Z, PCA3_S,PROJ_PCA1, PROJ_PCA2, PROJ_PCA3,OBJ_RADIUS, OBJ_RADIUS_STD, VOLUME, VOLUME_BOX, Mask_Grad_X,Mask_Grad_Y,Mask_Grad_Z,Mask_Angle, Mask_Distance_Mean,Mask_Distance_COV, Mask_Distance_STD, SHAPET_XX, SHAPET_XY, SHAPET_XZ, SHAPET_YX, SHAPET_YY, SHAPET_YZ, SHAPET_ZX, SHAPET_ZY, SHAPET_ZZ, Thickness, Thickness_STD, Neighbors, Neighbors_STD
1, 0 ,0.3333333432674408,0.3333333432674408,0.3333333432674408,12.757755638577557,280.5100318251003,74.2464508094645,8.766312575391074,11.192102358744977,19.17082524403536,37.0,48.0,89.0,-0.08022488958215118,-0.13071270642327146,0.9881690925499721,19.322013961850956,-0.33783799735265596,-0.9291213715333697,-0.15032951973812955,11.326495391353083,-0.9377790009571969,0.3459012363948031,-0.030378940473097787,8.24634528279783,87.85505993190621,57.317058015812506,41.388517284427124,22.445996662424108,8.112284865918923,72270.0,208415.75138925816, -1.7763568394002505E-15, 0.0,0.0,85.39850749146179, 77.8148741963546,77.8148741963546,0.0, 76.8482361694597, 22.125627883797677, -21.144090019077037, 22.125627883797677, 125.26315520862487, -31.018779256079615, -21.144090019077037, -31.018779256079615, 367.5205405373434, 6.436015455065401, 5.574719027038854, 12.0, 0.0
2, 0 ,0.3333333432674408,0.3333333432674408,0.3333333432674408,107.90768433695217,13.495042743093988,122.0443327131856,15.587561473469716,8.801495809571714,15.115381032099407,73.0,38.0,82.0,-0.9824334555813103,-0.00848500475485965,0.18642025117694605,15.603925135200985,0.18646328564641176,-0.08467452387547501,0.9788062464616815,15.135100884848747,0.007479870353840661,0.9963725356014036,0.08476922695600184,8.73838580638038,70.07380001586259,79.68560811502319,40.81661020866948,22.290983860531902,7.212848497657315,84926.0,227914.78268334997, 0.0, 0.0,0.0,NaN, 163.46560392023758,163.46560392023758,0.0, 242.9720726891974, -1.0179905434630727, -2.7361753942096314, -1.0179905434630727, 77.46632848590845, -12.921105856012996, -2.7361753942096314, -12.921105856012996, 228.4747437455505, 4.317856039433869, 4.721618825643282, 21.0, 0.0
3, 0 ,0.3333333432674408,0.3333333432674408,0.3333333432674408,162.8915432348704,16.205576323694196,150.95547039049333,15.629528368929783,10.292740479311746,16.040791846855125,78.0,43.0,78.0,-0.22064380084745017,-0.014750303756244922,0.9752429141945558,16.061067605960723,0.9714044399040976,0.08657332591228807,0.22108476513566336,15.64329802675099,0.08769109009584397,-0.9961362797226008,0.004773357122541878,10.240068402446589,80.90419473379573,73.47163328180156,45.84099453883333,23.54748501567408,7.283242143471807,106199.0,272486.3585853107, 0.0, 0.0,0.0,NaN, 203.16402591752703,203.16402591752703,0.0, 244.2821570351809, 12.259652427012629, -2.9086421910027283, 12.259652427012629, 105.9405065744626, 0.47445993309477974, -2.9086421910027283, 0.47445993309477974, 257.30700307413383, 3.8303715037452517, 4.756128907403927, 29.0, 0.0
4, 0 ,0.3333333432674408,0.3333333432674408,0.3333333432674408,225.84732664694423,265.0967963056498,218.10333357385093,14.874036511691054,14.115012735109318,15.373833842269468,75.0,71.0,72.0,0.0762491327775644,0.5013058939635014,0.8619039798191698,15.971358130899967,0.9937583820143769,0.032384935458861626,-0.1067496797723225,14.876547803659333,0.08142694840676143,-0.8646638749437727,0.4957076108356443,13.432399583585251,78.56780012229387,75.56099595521854,67.9611672717227,24.663747329732566,6.965980284807676,138590.0,403462.4267007603, 0.0, 0.0,0.0,NaN, 115.86162680219117,115.86162680219117,0.0, 221.23696215111858, 4.169327606834894, 0.5693443617082016, 4.169327606834894, 199.23358451229822, 32.11538191865733, 0.5693443617082016, 32.11538191865733, 236.35476700970997, 3.377672996891036, 4.074485850505159, 29.0, 0.0
5, 0 ,0.3333333432674408,0.3333333432674408,0.3333333432674408,124.4193962167342,154.06081596003955,206.7163003372796,15.026623396643478,15.124808127625158,14.314533607844089,76.0,71.0,71.0,0.6158652829611719,0.5403649025898432,-0.5733373573143693,16.12863761585692,0.6185022489771138,-0.7823839585235937,-0.07300896832036417,14.893684314005768,0.488021435239691,0.30964675598820834,0.8160600255205317,13.323299899920848,81.23034241624998,76.79787809195822,71.39027005707621,24.638063931976674,7.240919119554925,132531.0,445355.2020280942, 0.0, 0.0,-2.8421709430404007E-14,55.01672073046516, 213.2610611807762,213.2610611807762,0.0, 225.79941070455317, 6.053532128280384, -31.174873211905112, 6.053532128280384, 228.75982089747606, -23.066311887170002, -31.174873211905112, -23.066311887170002, 204.90587241009788, 3.3678355853255773, 4.052762063692638, 39.0, 0.0
6, 0 ,0.3333333432674408,0.3333333432674408,0.3333333432674408,112.59041144679995,111.28044040447837,168.18875915573656,13.81965049188893,14.721910926349235,15.87138825225189,71.0,82.0,73.0,0.22566497281298956,-0.41625524929674007,0.8807990051528339,16.33942671895774,-0.16001591274079366,-0.9076787999735401,-0.38796147198958436,14.362221798441826,-0.9609735832555665,0.05339254172169695,0.27143877536832045,13.651669700194871,90.65821450510039,77.82602592053183,69.42793095062552,24.60075902888444,7.377060478112602,129154.0,489853.52624448604, 0.0, 0.0,0.0,NaN, 205.99548630802275,205.99548630802275,0.0, 190.98273971796598, -4.680812848251669, 17.257966143816386, -4.680812848251669, 216.734661323361, -22.544627782498107, 17.257966143816386, -22.544627782498107, 251.9009650537193, 3.9091767893765583, 4.470051779888265, 41.0, 0.0
7, 0 ,0.3333333432674408,0.3333333432674408,0.3333333432674408,198.24411769341086,127.10022378768538,69.23914550927458,15.18374196815603,13.423658908303805,14.899792719670296,75.0,68.0,79.0,-0.8109010694629747,-0.18193564034736356,0.5561824146044164,15.840658115487576,0.4178202044673866,0.4854407568229377,0.7679671531738873,14.715190776206207,-0.40971420805560993,0.8551296360123231,-0.3176280424187956,12.856172549373332,77.57554972720813,79.13691524978267,69.38224328014094,24.154781253939227,7.020755251780411,126906.0,425943.8153766181, -2.8421709430404007E-14, -1.4210854715202004E-14,0.0,38.00291485346594, 176.92593292597505,176.92593292597505,0.0, 230.54602015554275, 23.031433242380395, -22.180265140161282, 23.031433242380395, 180.1946184864841, 10.441849150296687, -22.180265140161282, 10.441849150296687, 222.00382308913996, 3.233171021766141, 4.114446612757143, 35.0, 0.0
8, 0 ,0.3333333432674408,0.3333333432674408,0.3333333432674408,118.2868342816335,33.05443734620848,269.36267242115395,14.59976276254193,13.76820167930888,14.825432130615704,73.0,66.0,64.0,-0.672464853385122,0.2808943252518665,0.6847549919518849,15.565523232434435,0.50011082470435,-0.5095668156596502,0.7001648544393101,14.202953585162298,-0.5456007551087722,-0.8132896399314229,-0.20218748132600722,13.360407329957859,79.99249130941764,83.79173823631751,68.76425999507433,24.024475379038083,6.733087763148404,128827.0,460906.88573109097, 0.0, 0.0,0.0,NaN, 126.5820557338937,126.5820557338937,NaN, 213.15307272250595, -17.96670394262914, -21.239417756416437, -17.96670394262914, 189.56337748212388, 3.982989422329439, -21.239417756416437, 3.982989422329439, 219.79343785949249, 3.4539290103321005, 4.177307283796662, 31.0, 0.0
9, 0 ,0.3333333432674408,0.3333333432674408,0.3333333432674408,278.3671774309036,13.59730774738651,285.55829872547616,12.852249511075605,8.889501226008846,7.781286523523609,51.0,35.0,31.0,-0.976890673654075,-0.18782866006855778,0.10200493215790092,13.046223446441562,0.11290921801499701,-0.8587063608047025,-0.4998748787454581,9.12087846821214,0.18148311275413376,-0.4768058099167781,0.8600698224066904,7.1664216493971775,56.03595134286749,46.48698402268187,36.73363320842293,16.59364264843593,5.422452688528245,34915.0,95688.99772394032, 0.0, 0.0,0.0,NaN, 29.35010265715823,29.35010265715823,0.0, 165.18031749494313, 18.720507365845688, -13.63942115596734, 18.720507365845688, 79.02323204721277, 11.387073752833857, -13.63942115596734, 11.387073752833857, 60.54841996117014, 7.132282720930201, 5.380280609780298, 7.0, 0.0
10, 0 ,0.3333333432674408,0.3333333432674408,0.3333333432674408,22.26744769874477,87.04084442753899,220.18139216432104,12.940131803698689,17.65106783056839,13.96420868755421,54.0,85.0,65.0,-0.032663455708427866,-0.987588464149741,-0.15362982828714908,17.742941076088883,0.4832278907498182,0.11894735934588743,-0.8673766951596764,14.237651998702875,0.8748850806035415,-0.10256973814432623,0.473345058656303,12.509342047456162,83.24828356802061,70.92812880274772,66.02377319166706,24.835120269369273,7.56459728814653,131450.0,389846.94090515946, 0.0, 0.0,0.0,NaN, 120.1788583008729,120.1788583008729,0.0, 167.44701109709428, 7.764435704115003, -18.581148900182654, 7.764435704115003, 311.5601955593263, 19.252705252716552, -18.581148900182654, 19.252705252716552, 194.99912426956448, 3.484906868852559, 4.10809127732358, 35.0, 0.0
11, 0 ,0.3333333432674408,0.3333333432674408,0.3333333432674408,97.68647824181751,256.7860922910979,49.32084470961001,12.770115984702867,12.970307445769667,17.19061201914342,77.0,65.0,78.0,-0.11659870285516612,0.1788255684289757,0.9769473673481834,17.390709348110324,0.6743634675282342,0.7363996402491255,-0.05430914751913099,13.247823024340681,-0.7291355540335344,0.6524852380835998,-0.20645667324453065,12.20165122344377,81.18056288124768,64.3529788030875,67.66099456317873,23.98660527662659,7.173886422051551,118668.0,353475.3149312877, 1.4210854715202004E-14, 0.0,-7.105427357601002E-15,57.79438086833048, 117.65473034957864,117.65473034957864,0.0, 163.07586226276368, 10.0199848627288, -18.46684002914783, 10.0199848627288, 168.22887523778806, 25.762002579539057, -18.46684002914783, 25.762002579539057, 295.51714159271813, 3.8529781069466282, 4.115310646058142, 27.0, 0.0
12, 0 ,0.3333333432674408,0.3333333432674408,0.3333333432674408,69.47158464753943,57.38027740832225,137.28726011780353,14.842802880718809,12.873328050987,12.838331444658799,73.0,62.0,60.0,-0.8990756313110073,0.2836204057207392,0.3335003367937088,15.33192270415613,0.3232124851527433,0.9438313619836746,0.06867349981928621,12.640174791100725,-0.29529087121701136,0.1695341428587326,-0.9402454337996295,12.490486547421673,78.56616351277194,62.69648628329486,62.65822359861603,22.562630731186925,6.463885923744975,105260.0,308643.28090826585, 0.0, 0.0,0.0,NaN, 164.21506964815896,164.21506964815896,0.0, 220.30879735587456, -19.011320447194716, -23.62069451821841, -19.011320447194716, 165.72257510832875, 7.721494888889899, -23.62069451821841, 7.721494888889899, 164.8227542829149, 2.954122659654903, 3.7738082489727574, 30.0, 0.0
13, 0 ,0.3333333432674408,0.3333333432674408,0.3333333432674408,231.79562032271306,122.37644068331807,12.00539960213458,13.198914021633916,15.574754632285492,7.566353833728499,68.0,84.0,33.0,0.2631916354184079,0.9609265317151181,-0.08573426206445618,15.798378122787764,-0.9646318142937041,0.26347257641721994,-0.00822583299789685,12.985664485331672,-0.014684205740214593,-0.08486696720176334,-0.9962840819664607,7.471130443739907,84.72748206051034,61.157438700287344,35.0152402211349,20.659007538938273,6.873094721421961,63338.0,181439.02315659059, 0.0, 0.0,0.0,NaN, 140.612802621554,140.612802621554,1.9073486328125E-6, 174.21133135048441, 20.335154640903728, -3.4772190809682657, 20.335154640903728, 242.57298185589838, -16.208180597961697, -3.4772190809682657, -16.208180597961697, 57.24971033717796, 3.946675675174443, 4.283640161310812, 27.0, 0.0
14, 0 ,0.3333333432674408,0.3333333432674408,0.3333333432674408,201.89402678538488,192.29734482801027,14.419711485248362,15.696832105641487,15.597605269236205,8.355243439312732,81.0,84.0,37.0,-0.7449617647106158,-0.6670786877530361,-0.006163883916186503,16.105207890501525,-0.6661643674796119,0.7443682400071023,-0.04627049566643186,15.18717977919925,0.035454260953145765,-0.030363590275455835,-0.9989099297563575,8.334132850860348,74.83596127996844,76.81772515096489,39.207836117903746,22.388062087431607,7.632862974480026,81313.0,225395.19726929904, 0.0, 0.0,-1.7763568394002505E-15,89.64683322983166, 146.39867482597344,146.39867482597344,0.0, 246.3905381526974, 14.44950033061128, 5.8406485293665185, 14.44950033061128, 243.28529013490504, -4.770931884081706, 5.8406485293665185, -4.770931884081706, 69.81009293017844, 3.437457264628612, 4.140292822064135, 26.0, 0.0
15, 0 ,0.3333333432674408,0.3333333432674408,0.3333333432674408,268.0946040910904,104.594300203225,106.78148563180187,14.596939086696338,13.114923788872762,13.402777389134734,65.0,78.0,71.0,0.8471486866092756,0.3913608137388993,0.3594103730359018,15.26368712746398,-0.2524535353436536,-0.2987363261115268,0.9203389701375679,13.117164807994955,-0.4675535426757777,0.8703983690994687,0.15427366528450578,12.635906817722038,74.58366313029677,67.59313192351782,73.6417913266856,22.810026145664338,6.66400822819302,105302.0,371253.5572922571, 0.0, 0.0,0.0,NaN, 152.84046452703987,152.84046452703987,0.0, 213.0706307007233, 25.241292486139816, 19.44258266828759, 25.241292486139816, 172.0012259879407, 6.904729707661817, 19.44258266828759, 6.904729707661817, 179.63444174270128, 2.993574851348707, 3.822610826858937, 36.0, 0.0
16, 0 ,0.3333333432674408,0.3333333432674408,0.3333333432674408,72.89970053955648,221.0394839254383,18.675131591097976,14.009394526906819,11.61481182517246,11.10060620191457,64.0,58.0,46.0,-0.9310598414573132,-0.3544369400398301,0.08661424340536988,14.354083271860876,0.3178812292277998,-0.6714482733714162,0.6694092472405553,11.850779549467324,-0.17910638104240134,0.6507931097681856,0.7378273731355787,10.387962470527498,65.58491951932317,60.16910240473024,58.058773372555294,20.45772288365929,5.9893256056141135,75803.0,229110.70349291727, 0.0, 0.0,0.0,NaN, 109.07744944516695,109.07744944516695,0.0, 196.26313501052675, 25.439589413151225, -0.9910950030062464, 25.439589413151225, 134.903853734166, -17.634442816935298, -0.9910950030062464, -17.634442816935298, 123.22345804998419, 3.9475097499503065, 4.178362756929254, 21.0, 0.0
17, 0 ,0.3333333432674408,0.3333333432674408,0.3333333432674408,87.983115477765,286.6741098266889,173.53389786839347,10.867814270270422,8.14216917900607,15.927978767257699,55.0,33.0,70.0,0.1620289360747798,0.04008072688394217,0.9859716827611884,16.05882183062097,-0.9740588891076717,0.1664540139431408,0.15330473506237402,10.754068460186394,0.15797437901382233,0.9852342851193675,-0.06601135508778443,8.035487945909532,72.776233907192,53.008212837886575,36.01864814805003,19.855712361092348,6.622348540840522,58219.0,138950.51114488268, 0.0, 0.0,0.0,NaN, 154.63596912247428,154.63596912247428,0.0, 118.10938701309344, -7.026612446801944, 23.255686659074524, -7.026612446801944, 66.29491893955637, 8.943070891925814, 23.255686659074524, 8.943070891925814, 253.7005076102121, 4.1121429556078795, 4.184981936188984, 15.0, 0.0
18, 0 ,0.3333333432674408,0.3333333432674408,0.3333333432674408,227.1607367852643,96.8932221355573,133.47308053838924,13.603866430744963,12.495843922573908,13.7223632900097,68.0,58.0,71.0,0.5123516221570895,0.4713234391907747,0.7178788414087565,15.021923585809365,-0.8583101773937144,0.25351986645045327,0.4461292600775191,13.063579760212216,0.02827462918181785,-0.8447377658092028,0.5344330195265877,11.541197818968397,72.328014671331,60.645081786153,59.41680587539046,22.144722327108965,6.255063910231431,100002.0,260622.21514725828, 0.0, 0.0,0.0,NaN, 180.3022961303692,180.3022961303692,NaN, 185.0651818655497, 14.176509943731487, 19.663723759784215, 14.176509943731487, 156.14611533732725, 35.520355132786456, 19.663723759784215, 35.520355132786456, 188.3032542630058, 3.5349367491261523, 3.9878633661757776, 25.0, 0.0
19, 0 ,0.3333333432674408,0.3333333432674408,0.3333333432674408,255.45631604816907,34.25865282215123,262.42439788645856,12.885575997008667,14.803518362128635,12.626246972703095,78.0,70.0,70.0,0.11658823350613866,-0.9670210183863567,0.22644543229425595,14.90882132562054,0.7719993432602954,0.2316789149948887,0.5918968612456597,13.447229621119066,-0.6248393376009475,0.10580751554500008,0.773550626553042,11.895520143561603,74.44901843898276,69.7886732822476,67.19145277863495,22.3691629547855,6.650179395363183,97656.0,349106.5118714248, 0.0, 0.0,0.0,NaN, 67.59971114867629,67.59971114867629,0.0, 166.03806877468588, -2.072786997836432, 20.1015194292583, -2.072786997836432, 219.14415589787967, -12.294133143013, 20.1015194292583, -12.294133143013, 159.4221126156941, 3.448306999891872, 3.7962563823822792, 21.0, 0.0
20, 0 ,0.3333333432674408,0.3333333432674408,0.3333333432674408,51.59787437021137,63.04298959544465,280.5794800703575,14.06965227640004,11.197597560542643,10.12296260413974,71.0,56.0,42.0,-0.9524138855978841,-0.258649971905097,0.16126990591500123,14.323379315438542,-0.30393165395378957,0.8459513553374612,-0.4381687507429368,11.305746902361744,-0.023094160414588144,-0.4663330316803696,-0.8843077311199656,9.635173592483746,67.80405404359237,55.05255460447804,51.061523375640434,19.7571438964332,5.9557487562152485,67086.0,190601.75938874457, 0.0, 0.0,0.0,NaN, 83.74912400134762,83.74912400134762,0.0, 197.95511517880885, 18.67514429711584, -12.593422862325461, 18.67514429711584, 125.38619112787056, -17.65250902606933, -12.593422862325461, -17.65250902606933, 102.47437188481162, 3.8091713649845507, 4.055531905924297, 17.0, 0.0
21, 0 ,0.3333333432674408,0.3333333432674408,0.3333333432674408,132.8667699082924,251.64408256103758,252.22879715440268,13.763332381552656,13.567082934683917,10.64320038959361,65.0,64.0,48.0,0.9395169099352623,-0.28279711252194945,0.19321948425286847,13.926952906190792,-0.2699185812935662,-0.9586139733863966,-0.09057157115129298,13.538562458549807,-0.21083627633347446,-0.032939993588235704,0.976966233502592,10.465184252530987,66.03098929433868,66.9810487086599,49.01610652435701,21.156863963768146,6.257785499147155,82654.0,216789.6569371929, 0.0, 0.0,2.8421709430404007E-14,78.85927044623162, 149.24463514157577,149.24463514157577,0.0, 189.4293182450959, -3.3465816879746164, 17.13214743707843, -3.3465816879746164, 184.06573935659156, 1.7912110083990413, 17.13214743707843, 1.7912110083990413, 113.27771453304557, 3.6405050180992853, 3.9592016751063994, 28.0, 0.0
22, 0 ,0.3333333432674408,0.3333333432674408,0.3333333432674408,177.94486713696867,272.2276185666107,284.42284820541227,11.714776288349542,15.003375335604035,8.558213668221612,58.0,60.0,35.0,-0.09467433292886912,0.995502006195784,0.003539257640125828,15.030368123425532,0.9837403737136932,0.09300956180354668,0.15363625398568703,11.747023879422732,0.15261601426493848,0.018027120493351707,-0.988121133827529,8.466152620205309,62.22704560429892,58.46531946859125,38.741838763696194,19.877751651201045,6.360445379937653,61379.0,140947.6173171354, 0.0, 0.0,0.0,NaN, 126.14043081710767,126.14043081710767,0.0, 137.23598348607666, -8.46872283306326, 9.971324367081568, -8.46872283306326, 225.10127146101152, 1.4910700357155424, 9.971324367081568, 1.4910700357155424, 73.24302119093521, 3.5966771004259375, 4.143350428775114, 16.0, 0.0
23, 0 ,0.3333333432674408,0.3333333432674408,0.3333333432674408,72.89201968309732,33.696355739499744,31.505035071044432,12.757644177151645,11.802605568397482,12.94423415329758,58.0,54.0,66.0,0.5989571076938693,0.22061369180691942,0.7697921681404121,13.080698686282522,-0.7320623712309122,-0.23876086167029473,0.6380265947139139,12.744009199947266,-0.3245536439030827,0.9456864437654691,-0.01849546721364324,11.666093277516694,63.50853676292289,60.07433322602694,52.883618195176304,20.847158799928728,5.916768623153675,83117.0,201763.3253078548, 0.0, 0.0,0.0,NaN, 86.26272751560609,86.26272751560609,0.0, 162.75748495081126, 9.224777034325191, 3.8510375706849183, 9.224777034325191, 139.30149820316723, 1.9368489613805306, 3.8510375706849183, 1.9368489613805306, 167.55319781539552, 3.1768653365168387, 3.7218604299190683, 27.0, 0.0
24, 0 ,0.3333333432674408,0.3333333432674408,0.3333333432674408,237.6110358161708,34.44126204850679,91.7044289221029,14.137368180812704,12.647385583594943,14.364586049602664,68.0,66.0,75.0,0.6687691416008211,-0.02557779587443401,0.7430300206591298,15.179432016347306,-0.6290254818749432,0.5132949676578943,0.5838280734335041,13.59119354886636,0.396326605711119,0.8578310163052438,-0.32718674953337634,12.289311418251396,72.69985066159828,64.3879683061443,57.46661623798245,22.820081830200703,6.738452256958729,105511.0,269000.9823691788, 0.0, 0.0,0.0,NaN, 116.13907898444029,116.13907898444029,0.0, 199.8651790798555, -12.236748827413958, 27.07547803511575, -12.236748827413958, 159.95636210012518, 8.58831968462762, 27.07547803511575, 8.58831968462762, 206.34133237643945, 3.949088713684704, 3.994921913765534, 24.0, 0.0
25, 0 ,0.3333333432674408,0.3333333432674408,0.3333333432674408,17.09483008163029,99.88750072367279,156.02668905227813,10.374277216346943,14.939843462277917,13.56842017599311,42.0,75.0,66.0,0.05166863448388973,-0.9909223378459443,0.12410992131371877,14.968637493548826,0.07270171293105626,0.12767843215676702,0.9891474505344897,13.563217922133289,-0.9960144643264278,-0.042084894201092425,0.07863872158563101,10.339515834637849,77.52420865473272,68.38166235633975,45.236196797158314,21.699482782294616,6.637697152792206,86365.0,239807.67628352265, 0.0, 0.0,0.0,NaN, 176.062660100292,176.062660100292,0.0, 107.62562776161526, -5.2830038896182065, 6.29251915315058, -5.2830038896182065, 223.19892267736824, -4.676520455833542, 6.29251915315058, -4.676520455833542, 184.1020260722969, 3.226897932435065, 3.933208336323126, 32.0, 0.0
26, 0 ,0.3333333432674408,0.3333333432674408,0.3333333432674408,288.01080106100795,55.56294960212202,157.87794164456233,7.335659066993609,13.7671076193117,12.283845396537885,32.0,65.0,57.0,-0.0681264940992195,0.9455954755309866,0.31813201262538343,13.979192046855953,0.06065442116028979,-0.3143574283528738,0.9473650027487182,12.083587553248602,-0.9958312216412274,-0.0838367693479183,0.03593847673239306,7.266849760041519,63.57035490988099,55.971981736880906,34.60935187831734,18.82198500933326,6.322253093900678,47125.0,123145.5680108001, 0.0, 0.0,0.0,NaN, 153.06750710347742,153.06750710347742,1.9073486328125E-6, 53.81189394716554, -10.964170638673352, 2.2649576170380934, -10.964170638673352, 189.53325220171024, 15.142962039499293, 2.2649576170380934, 15.142962039499293, 150.89285772604498, 3.6880163513222803, 4.009448888286947, 15.0, 0.0
27, 0 ,0.3333333432674408,0.3333333432674408,0.3333333432674408,80.03590695642677,9.523053401769138,267.3898219941029,13.790004474726784,6.132200740865633,13.533166162144283,65.0,25.0,61.0,0.7398781151605317,-0.014169373674549308,0.672591706428328,14.964704402126475,0.6723070598402886,-0.020327946307416536,-0.7399932377311496,12.225060868730475,-0.024157648797140864,-0.9996929545858539,0.005514032644101204,6.12537383547129,71.45543389104427,59.59861426760078,25.862789743361528,19.14179410098062,6.671312787381658,45785.0,110140.43613503128, 0.0, 0.0,0.0,NaN, 86.94744767965905,86.94744767965905,0.0, 190.16422341298474, -3.484108327891452, 37.08393868388531, -3.484108327891452, 37.60388592627302, -0.09290066866385771, 37.08393868388531, -0.09290066866385771, 183.14658637220705, 3.896275297030229, 4.192643046606839, 15.0, 0.0
28, 0 ,0.3333333432674408,0.3333333432674408,0.3333333432674408,260.4569054046901,274.703583717114,53.337779895188184,14.105748041923894,13.46914276239237,12.663941656031596,76.0,54.0,70.0,0.7469351641721789,0.40671268146431266,0.5259968205789732,15.73930776986607,-0.35952967666232155,0.912523188795014,-0.1950380514424442,12.97591256329615,-0.5593087449004949,-0.043430687854183615,0.8278209366948538,11.165358790403712,82.73242406569875,63.79609770015479,59.0132100109482,22.25544984858923,6.742425741537097,94455.0,311472.0652258085, 0.0, 0.0,7.105427357601002E-15,58.264627006424874, 71.05268306741294,71.05268306741294,0.0, 198.97212782223977, 23.044290270714804, 51.41368305609369, 23.044290270714804, 181.41780675370674, 18.54709821084619, 51.41368305609369, 18.54709821084619, 160.37541826737228, 2.878311974876018, 3.5817661012221302, 25.0, 0.0
29, 0 ,0.3333333432674408,0.3333333432674408,0.3333333432674408,9.413723012690216,170.6756853265945,95.08863923529088,5.9729988687415085,12.094168292264989,12.477239577585257,24.0,60.0,59.0,0.11383939513192676,0.6425751546737111,0.757718788675623,13.352181357172903,-0.052975452940251806,-0.7576657607707263,0.6504891977131455,11.216252470038398,-0.9920857793062918,0.1141917928389468,0.052211502051318436,5.791551016575538,59.43737349889102,58.26655914159542,27.281622760204186,17.42504833714561,5.830507704497065,36406.0,94482.02253931462, 0.0, 0.0,0.0,NaN, 160.79566492391814,160.79566492391814,0.0, 35.676715485987344, 14.290881382487273, 9.305551717795117, 14.290881382487273, 146.26890668162784, 25.000235220872405, 9.305551717795117, 25.000235220872405, 155.68150747645993, 4.714677359785823, 4.212318574556165, 14.0, 0.0
30, 0 ,0.3333333432674408,0.3333333432674408,0.3333333432674408,165.0559846485968,102.2694531062605,211.39439913648357,14.472273001151862,11.009395013748358,13.03425528362499,66.0,52.0,63.0,0.8796862595558409,0.03869733135351622,0.4739774269886383,15.041139449846805,0.45512620458719394,0.22047600000491366,-0.8626995255127298,12.449794859889819,0.1378848165923633,-0.9746244661242345,-0.1763375382195772,10.923003578880923,71.86500733278132,66.79622709192988,56.64409639809284,21.43188424132149,6.420250232967418,83380.0,271909.29883687233, 0.0, 0.0,0.0,NaN, 191.10175515206066,191.10175515206066,0.0, 209.44668581986912, 7.220678734708291, 30.57065177297801, 7.220678734708291, 121.20677856874723, -4.826360822731445, 30.57065177297801, -4.826360822731445, 169.89181079870596, 3.295517888417859, 3.7694149409196105, 26.0, 0.0
31, 0 ,0.3333333432674408,0.3333333432674408,0.3333333432674408,86.24836814989347,60.207219597984285,219.6108136139702,12.476851253510885,13.439616607296879,12.772964623488015,73.0,65.0,61.0,0.16525649556650007,0.790580605023141,0.5896376833567577,14.276865520798559,0.9862248840351009,-0.1367857593998429,-0.09300609730206215,12.422576887276852,0.007125221612812772,0.5968852175976993,-0.8022950007511673,11.88673342037125,70.50206335779231,70.84001047794635,59.57295786004062,21.460443684789468,6.236432784712834,88703.0,297529.2092872704, 0.0, 7.105427357601002E-15,0.0,37.76019691959404, 132.38622129227537,132.38622129227537,0.0, 155.67181720223613, 6.412812926697055, 4.898641142583952, 6.412812926697055, 180.62329455113007, 29.316535347863685, 4.898641142583952, 29.316535347863685, 163.14862527287633, 2.9053269232915193, 3.599943597596287, 29.0, 0.0
32, 0 ,0.3333333432674408,0.3333333432674408,0.3333333432674408,286.9672989623865,27.78923476005188,25.143952658884565,8.271143799209225,13.931749547652116,14.17373374751422,36.0,62.0,56.0,1.1939959923056714E-4,-0.6678198839738161,0.7443229059440093,15.131103836525705,0.18318467474450822,-0.7317132585520293,-0.6565356671178797,13.021127497546617,-0.9830785119625411,-0.1364269395257752,-0.12224700196383595,8.056061626628606,80.41730759773507,68.5227382081184,40.99313845267659,20.398265765099485,6.878295379484211,61680.0,225889.16878554662, 0.0, -3.552713678800501E-15,0.0,48.10097542187832, 39.67759090717726,39.67759090717726,0.0, 68.41181974719723, -14.040176937240156, -12.571346424887219, -14.040176937240156, 194.0936454585049, -31.271767435708366, -12.571346424887219, -31.271767435708366, 200.8947283454235, 3.4856976532339856, 3.88479782208682, 11.0, 0.0
33, 0 ,0.3333333432674408,0.3333333432674408,0.3333333432674408,145.44086842147996,286.7384830229122,25.53537502232759,13.668140228074765,8.49232015607722,13.631907147519941,69.0,37.0,61.0,-0.720684061664146,-0.13602101801149363,0.6797887656635601,14.392396554183248,-0.681323700771973,-0.04223693212595651,-0.7307626538972628,12.970379193847872,-0.1281112720632056,0.9898051950882583,0.062234859577594816,8.330344314682845,78.26289714634919,65.04764820003611,41.043121333237366,20.0384507030175,6.574720133133434,61583.0,208943.03626193042, 0.0, 0.0,0.0,NaN, 148.25980378126349,148.25980378126349,0.0, 186.8180572943157, 16.347241705144942, -18.274660731958864, 16.347241705144942, 72.11950163331541, -9.686208617081318, -18.274660731958864, -9.686208617081318, 185.82889247860527, 3.7753219053664857, 4.045900638579391, 15.0, 0.0
34, 0 ,0.3333333432674408,0.3333333432674408,0.3333333432674408,184.33671413685306,281.6428621048975,119.05721431052449,12.635394545336487,10.035477719856502,13.57002417010854,65.0,40.0,74.0,-0.43312443415885377,0.017855526706552313,0.9011572585850953,13.829349384443772,-0.8766669427086112,0.2239575803935847,-0.42579111515646667,12.46879517925965,0.2094237238149229,0.9744353146054809,0.08134815027527223,9.888771750831408,75.88998873916373,61.208695093209656,44.94683839381929,20.193997022654198,6.059046839928713,71975.0,208783.7807394415, 0.0, 0.0,-1.4210854715202004E-14,25.68939687701798, 167.00179785781353,167.00179785781353,0.0, 159.65319531631903, -12.048082849769857, -14.948129056138338, -12.048082849769857, 100.71081306573626, -3.9967253372415814, -14.948129056138338, -3.9967253372415814, 184.14555597733, 3.6801661848607847, 4.063760832007974, 25.0, 0.0
35, 0 ,0.3333333432674408,0.3333333432674408,0.3333333432674408,187.14112974627508,14.504211884343933,10.581619488502694,15.728053719516478,9.334250356156092,6.754207700724403,71.0,37.0,28.0,-0.9922899177023956,0.12388387046141387,-0.003675032744417359,15.80814381053752,0.11830537785023384,0.9379360801589078,-0.3260057470472828,9.479851846513377,-0.03693990793012758,-0.32392699204549663,-0.9453606438954768,6.352497415461282,70.84261093197642,43.91852704271376,30.30181286454621,18.303972900425588,6.714447202890076,39531.0,94278.12502809742, 0.0, 0.0,0.0,NaN, 114.27802688326622,114.27802688326622,0.0, 247.37167380399612, -20.26472889890827, -1.1455023937253517, -20.26472889890827, 87.12822971140012, -15.235229051752615, -1.1455023937253517, -15.235229051752615, 45.619321664524826, 4.283901840404654, 4.15657309571137, 13.0, 0.0
36, 0 ,0.3333333432674408,0.3333333432674408,0.3333333432674408,106.1581018254864,35.603777296871925,162.5289975874173,11.506842106177924,11.888954426487745,16.804087827656858,62.0,64.0,82.0,-0.09684988869896728,-0.19772895548946168,0.9754605882453912,17.02150430128043,-0.5152754165373785,-0.828542648381661,-0.21910802113326408,11.752436323388828,-0.8515346993348124,0.5238514483837474,0.02164060662322167,11.326104896097327,84.88264198626032,63.85438286064411,57.85445204445145,22.52634397521654,6.978240999092414,96577.0,313578.577083642, 0.0, 0.0,0.0,NaN, 177.30044569971025,177.30044569971025,0.0, 132.40741525650918, 7.292377320211564, -14.141951646481715, 7.292377320211564, 141.34723735510252, -29.353949473682757, -14.141951646481715, -29.353949473682757, 282.3773677196054, 3.211715098723529, 3.7114213303569827, 23.0, 0.0
37, 0 ,0.3333333432674408,0.3333333432674408,0.3333333432674408,231.78301983292607,84.00388702619765,279.64604193896685,13.078989279756414,14.350116232573935,11.499845542844684,63.0,68.0,53.0,-0.2690536977694475,0.8859054238850708,0.37786464196534775,14.877619118917963,0.9135267852772485,0.35901594697694295,-0.19124947685487886,13.151373062745416,0.3050883811252122,-0.2937330927002651,0.9058929020337532,10.720544757359628,64.91482208558405,63.39601600841172,51.60525265074182,21.6322349663317,6.424846639341451,87985.0,212373.21721572007, -2.8421709430404007E-14, 0.0,0.0,74.39203587738353, 110.11127565955918,110.11127565955918,0.0, 171.05996057998317, -6.3326452552464465, -20.95687234577723, -6.3326452552464465, 205.92583588838193, 31.637825239039373, -20.95687234577723, 31.637825239039373, 132.24644750928474, 3.0002991341644236, 3.7946059028761088, 21.0, 0.0
38, 0 ,0.3333333432674408,0.3333333432674408,0.3333333432674408,257.1089288287732,10.18252938875507,23.916929158174295,14.370245511375476,6.608905624255014,12.960947543462728,71.0,28.0,49.0,-0.8721167087588223,0.011226371171627333,0.4891691066430881,14.974143382808224,0.48909001519000217,-0.00913891934778411,0.8721854373896636,12.259560078618959,-0.014261954463663499,-0.9998952188821943,-0.0024794982163419852,6.606509476398427,76.70158102569636,65.3163381971695,28.675431517977042,19.297914561703678,6.764484045447822,48573.0,143660.0810547216, 0.0, 0.0,0.0,NaN, 50.15323909106204,50.15323909106204,0.0, 206.50395605720703, -2.24469896847843, -31.542450994912976, -2.24469896847843, 43.67763355030955, 0.14157054502763272, -31.542450994912976, 0.14157054502763272, 167.98616122439253, 4.889713846122672, 4.039877049686508, 9.0, 0.0
39, 0 ,0.3333333432674408,0.3333333432674408,0.3333333432674408,151.39336061846294,96.84680049373091,158.095523939453,11.790335811353179,12.063968301706854,12.848253924021055,55.0,60.0,65.0,0.26711241030277566,0.5170531438076729,0.8132078496552055,13.153206875967395,-0.6334130658392889,-0.5417649829341927,0.5525202179924158,12.343805972996265,-0.7262498525206835,0.6626814843836483,-0.18279606661186643,11.146864204977698,66.40048235402205,65.95928692117366,52.45559971393452,20.376142883478284,5.868711938522887,76965.0,229741.28333605963, 0.0, 0.0,0.0,NaN, 227.15658995539854,227.15658995539854,0.0, 139.01201854447723, 16.38216221727132, 0.7501073570201918, 16.38216221727132, 145.53933118458775, 12.083366761126054, 0.7501073570201918, 12.083366761126054, 165.07762889612243, 2.8897314051268186, 3.5028414528038048, 22.0, 0.0
40, 0 ,0.3333333432674408,0.3333333432674408,0.3333333432674408,177.0807875627779,285.3395764690829,243.29292089184608,14.296959159269836,8.617487065869554,12.452230752550248,67.0,36.0,58.0,0.9754266058490607,0.14050891153464465,-0.16970616482948023,14.44877333550838,-0.16749629613916425,-0.027494731278868173,-0.9854892341023135,12.388150072229156,-0.14313604501118019,0.9896975727621306,-0.003284370153479908,8.455108641173556,67.25683549184288,60.94273892109908,38.60212586313668,19.87149049436146,6.232659206108382,62522.0,158223.00209043451, 0.0, 0.0,0.0,NaN, 136.16076389794245,136.16076389794245,0.0, 204.40304120182964, 19.19234508260551, -9.192804827496216, 19.19234508260551, 74.26108333042905, -1.0521896845075502, -9.192804827496216, -1.0521896845075502, 155.0580507147581, 3.5954952894338112, 4.021441586485261, 14.0, 0.0
41, 0 ,0.3333333432674408,0.3333333432674408,0.3333333432674408,48.37629553755543,105.699030958125,260.3198512069221,13.97842678325268,11.23164361040224,10.993711677379963,67.0,53.0,51.0,-0.9319574446822397,0.3257179501923548,0.15925808683969822,14.437871925582053,0.09656882517052529,0.6463794154642768,-0.7568805145260677,11.230191558500396,0.34947071881136893,0.6900010639024781,0.6338523081183141,10.384535704165204,66.83871172668452,53.607559885109225,47.79979431483454,20.204008890674473,5.848585702267443,74197.0,171269.54256288108, 0.0, 0.0,0.0,NaN, 122.82941554719037,122.82941554719037,0.0, 195.39641533475583, -29.40082408117369, -16.26924600317077, -29.40082408117369, 126.14981819108948, -3.7233365594056904, -16.26924600317077, -3.7233365594056904, 120.86169644536058, 3.1346199549740117, 3.658120343039483, 22.0, 0.0
42, 0 ,0.3333333432674408,0.3333333432674408,0.3333333432674408,56.92506682118091,132.93314143660865,283.0047849572905,11.844580999036928,11.90192491389992,9.43834463220607,59.0,59.0,40.0,-0.6716656456025597,0.7318066598449023,-0.1154308153135227,12.36735520673895,0.7399495400403208,0.6703508847535734,-0.05571686911716461,11.401437954960542,-0.0366051732875984,0.1228360855642539,0.9917516611389349,9.385520914935059,60.377696318283995,57.83813738250569,43.41533879335873,18.435730699149758,5.581764835926102,53501.0,151612.15877518468, 0.0, 0.0,0.0,NaN, 145.60398572549192,145.60398572549192,0.0, 140.29409904274664, -11.096447467909615, 3.3012875066592526, -11.096447467909615, 141.65581665611163, -7.044352146833932, 3.3012875066592526, -7.044352146833932, 89.08234939629313, 4.088911815648618, 4.004667428009279, 15.0, 0.0
43, 0 ,0.3333333432674408,0.3333333432674408,0.3333333432674408,83.55480513728963,210.5235828166519,66.60785109733294,11.439374480021517,13.011321744949772,13.03109451040645,51.0,60.0,60.0,0.30017390567983543,-0.6436832164178837,0.7039655838539566,14.336814691094059,-0.33625611827202473,-0.7620287163239429,-0.5533932222410345,11.993666344388371,-0.8926519194364305,0.07059852972699054,0.44518355576867813,10.98047896572052,63.66667371898279,58.49495509285461,56.991835778816345,20.836890080077904,5.982241885341349,81288.0,212247.81052300904, 0.0, 0.0,0.0,NaN, 139.37015649450737,139.37015649450737,0.0, 130.85928849416754, -10.45383157966966, 22.287342822573986, -10.45383157966966, 169.2944935506028, -28.688044367600813, 22.287342822573986, -28.688044367600813, 169.80942413914514, 3.44391356054325, 3.7233819309707585, 20.0, 0.0
44, 0 ,0.3333333432674408,0.3333333432674408,0.3333333432674408,285.02422022264113,219.78578795746347,8.306398264395206,8.675307679431443,16.000912234446385,5.279907064169487,34.0,69.0,23.0,-0.09706901392491261,0.9899670307226618,0.10267854994010087,16.13523687971845,0.9924073806863775,0.08844326312040932,0.08547151553481246,8.589595560432382,0.07553275643618972,0.11019558653036303,-0.9910356882647471,5.0040536784789875,70.41348884446907,37.57391956892292,22.8346907564312,17.651222460240156,6.899414463027122,28117.0,60413.98718191768, 0.0, 0.0,0.0,NaN, 82.0218876012477,82.0218876012477,0.0, 75.26096333280218, -18.33364589390881, 1.7890366248869702, -18.33364589390881, 256.02919233445607, 24.286852677969016, 1.7890366248869702, 24.286852677969016, 27.877418606266854, 3.3639253009129635, 4.042832728608289, 14.0, 0.0
45, 0 ,0.3333333432674408,0.3333333432674408,0.3333333432674408,201.03145813588148,170.90598912013294,48.293782376692675,11.94753013490468,12.104261600503802,12.232749618497246,62.0,55.0,59.0,-0.4999153656498019,0.726686332107495,0.47118107126176073,12.761797991855618,0.5537247923861791,-0.1501421763612193,0.8190520015080841,12.200440693520592,0.6659380462806634,0.6703613216808325,-0.3273258573810208,11.277523990029353,63.74413324297261,59.50360220545332,56.919562952145895,20.186188963986986,5.604869628901699,77023.0,215896.21803428273, 0.0, 0.0,7.105427357601002E-15,61.889010229453966, 169.68301429432577,169.68301429432577,0.0, 142.74347632445546, -14.763670742999983, 1.4224993222968678, -14.763670742999983, 146.51314889343087, 9.552552850313313, 1.4224993222968678, 9.552552850313313, 149.64016322884453, 2.9670320510362798, 3.417600334086346, 18.0, 0.0
46, 0 ,0.3333333432674408,0.3333333432674408,0.3333333432674408,33.005083151064895,176.82934786593188,58.4430894805655,12.59783928420024,11.462998866725627,13.069130375098434,62.0,55.0,66.0,0.5432047212243153,0.26120842308293357,0.7979340765690747,13.518116736917667,-0.7966102713512262,-0.1398665098142789,0.5880896487867293,12.289392736386493,-0.26521822414257357,0.9550955549801806,-0.13210516431903818,11.275611401087293,67.08192623900888,55.303299733364994,55.771035387275575,20.67632196256991,5.779080939954534,81839.0,206902.28011781583, 0.0, 0.0,0.0,NaN, 140.27095126566195,140.27095126566195,0.0, 158.7055546305388, 10.550849732862941, 12.907546216059485, 10.550849732862941, 131.40034301855303, 9.623531417607623, 12.907546216059485, 9.623531417607623, 170.8021687613205, 3.0554428231966844, 3.633314588166928, 22.0, 0.0
