// Sample: .//bubblelabels.tif, Map: .//bubblelabels.tif, Thickness:(8.191250068658265):/gpfs/home/mader/Foam/NewValid/InSilicoTest/LatticeDataPhi_16.0/out_Step_02000.vtk/distmap.tif, Neighbors:(1.0):
//LACUNA_NUMBER, TRIANGLES, SCALE_X, SCALE_Y, SCALE_Z, POS_X, POS_Y, POS_Z , STD_X, STD_Y, STD_Z,PROJ_X, PROJ_Y, PROJ_Z, PCA1_X, PCA1_Y, PCA1_Z, PCA1_S, PCA2_X, PCA2_Y, PCA2_Z, PCA2_S, PCA3_X, PCA3_Y, PCA3_Z, PCA3_S,PROJ_PCA1, PROJ_PCA2, PROJ_PCA3,OBJ_RADIUS, OBJ_RADIUS_STD, VOLUME, VOLUME_BOX, Mask_Grad_X,Mask_Grad_Y,Mask_Grad_Z,Mask_Angle, Mask_Distance_Mean,Mask_Distance_COV, Mask_Distance_STD, SHAPET_XX, SHAPET_XY, SHAPET_XZ, SHAPET_YX, SHAPET_YY, SHAPET_YZ, SHAPET_ZX, SHAPET_ZY, SHAPET_ZZ, Thickness, Thickness_STD, Neighbors, Neighbors_STD
1, 0 ,1.0,1.0,1.0,169.87028089427565,65.12851410320906,165.71157153386292,13.049358500498059,13.203710733986275,13.37215043305543,59.0,65.0,64.0,-0.3490208965285483,-0.6775884691011541,0.647347109615516,14.735929081713662,-0.8637852039823934,-0.035262713021189676,-0.5026247730180837,12.975434522615837,0.363399965833107,-0.7345954040228809,-0.5729834702859735,11.744302221655602,75.98415804448126,62.772905785444095,67.34526954708349,21.79034190688588,6.972742731993726,85477.0,321219.8565827369, -2.8421709430404007E-14, 0.0,0.0,69.57255953179893, 79.53124951463514,79.53124951463514,0.0, 170.28575727452093, 19.661674653724184, -4.685647540654377, 19.661674653724184, 174.33797714678437, -34.208811882722976, -4.685647540654377, -34.208811882722976, 178.81440720426448, 5.934866793431989, 4.069186537710447, 35.0, 0.0
2, 0 ,1.0,1.0,1.0,170.17870158997155,40.04753894829589,12.09357603428251,14.645200678031927,11.063951035061741,8.249027335648979,65.0,60.0,31.0,0.9393754830207823,0.33368483324624526,0.07891852736143629,15.11726389998986,0.3401225640923689,-0.9359615456953609,-0.09106385877384666,10.475028703179595,0.04347807832350087,0.11238512820198412,-0.9927130701589053,8.165872472429488,73.57045791334423,63.04336008319691,35.236604333159136,19.00029661428364,6.627827393618443,49938.0,163431.91182840796, 0.0, 0.0,0.0,NaN, 51.37479728400117,51.37479728400117,0.0, 214.48190289982682, 37.029872290147935, 10.665403649927123, 37.029872290147935, 122.4110125062438, 7.930951389615469, 10.665403649927123, 7.930951389615469, 68.04645198428408, 6.198533680612995, 4.076921671539153, 15.0, 0.0
3, 0 ,1.0,1.0,1.0,9.297596760019868,30.30095900355328,135.07118022389486,6.102992241710758,10.46973822048909,10.477388109979916,23.0,51.0,53.0,0.04967602214209495,-0.7046604147901141,0.7078036398973676,11.518299558821317,-0.008486977078744377,-0.7089508186378106,-0.7052068547403969,9.325209112611137,-0.9987293247142607,-0.029024758062780244,0.04119829335293043,6.083325126477389,63.6231313835078,43.92824842545497,25.207598105597878,15.1836622281294,5.108228230721239,26173.0,70451.52415581112, 0.0, 0.0,0.0,NaN, 72.25195540305391,72.25195540305391,0.0, 37.2465143023817, -3.0481476971946884, 3.662613274597945, -3.0481476971946884, 109.61541840557004, -22.739490567516803, 3.662613274597945, -22.739490567516803, 109.7756616071485, 6.287017071484627, 4.114979080114676, 11.0, 0.0
4, 0 ,1.0,1.0,1.0,59.18870815652994,74.13123526638378,142.26848184818482,9.762916094813814,9.984278557975388,10.534019405401747,49.0,56.0,55.0,-0.5958601767211411,0.3999491505585332,0.6964131868117936,11.422611710756357,0.16800480103549206,-0.7859023832976447,0.5950897669731067,10.033076534171352,-0.7853184300822658,-0.4715910526023465,-0.4010945555334002,8.650273452079656,55.7509170531611,54.12674770863181,47.22731598153703,16.793970121867854,4.891674700630368,42420.0,142513.89592992965, 0.0, 0.0,0.0,NaN, 111.04805898111044,111.04805898111044,NaN, 95.31453067437461, -16.67306785260257, -20.509339867862327, -16.67306785260257, 99.6858183232471, 3.4170995179434325, -20.509339867862327, 3.4170995179434325, 110.96556483338058, 5.95767160395458, 3.8640663685391856, 21.0, 0.0
5, 0 ,1.0,1.0,1.0,28.701896752405776,107.03508254233677,174.20411810029674,12.432805537281272,12.087133805914041,10.136286277797307,58.0,57.0,51.0,-0.8171659406174067,0.5763876322320659,-0.004137983178122087,12.765227603678174,0.5760434512981185,0.816382546131585,-0.04115192083322471,11.738095796638069,-0.02034128096805883,-0.03601160620723415,-0.999144332169759,10.133302915171567,66.10796990090736,55.9524915132924,51.574585241533384,19.22201053091525,5.825123846298291,60999.0,190769.5234487757, 3.552713678800501E-15, 0.0,0.0,35.197908401162444, 100.65635736544084,100.65635736544084,1.3486991523486091E-6, 154.57465352785186, -11.880015394519074, -0.6282449952327201, -11.880015394519074, 146.09880364207004, -1.3229202566375526, -0.6282449952327201, -1.3229202566375526, 102.744299505462, 5.986373926223709, 3.7398286211470624, 23.0, 0.0
6, 0 ,1.0,1.0,1.0,135.9171180739954,16.093928128872367,179.99261816250663,14.491052993730174,9.985760455988062,9.670307689078125,76.0,41.0,39.0,0.9796121002520897,0.19222929257198407,0.05837835315392317,14.654827080389904,-0.19318535072578427,0.8216087105772022,0.5363194448914038,9.843639970618634,0.055132144023658645,-0.536662860444937,0.8419937178592324,9.568681984768046,75.55857555721491,54.13233033252853,49.06109569064084,19.051517721354926,6.3451203350147685,56490.0,200667.81806266887, 0.0, 0.0,0.0,NaN, 69.03568357415472,69.03568357415472,0.0, 209.99061686709624, 22.3534213400492, 6.492802942766054, 22.3534213400492, 99.7154118843749, 3.734575465210392, 6.492802942766054, 3.734575465210392, 93.51485080144352, 6.042614417698958, 3.9337557230907376, 14.0, 0.0
7, 0 ,1.0,1.0,1.0,185.12440476190477,155.18612836438925,91.09239130434783,8.397390939686733,10.7473591594762,10.24672871477196,32.0,54.0,51.0,0.20567202136915444,0.8185625901891108,0.5363341361211497,11.3409435147998,-0.19396123459334724,-0.5030818863766445,0.8421921722948637,9.776514191671561,-0.9592069949186937,0.27724339765377853,-0.05529954209971636,8.174357669261058,54.54671953637046,48.26561316389453,38.57027511736905,16.362144009763067,4.826758358837873,38640.0,101545.15375382733, 0.0, 0.0,0.0,NaN, 102.60307099792415,102.60307099792415,0.0, 70.51617459393283, 13.210203958394995, 2.118707945134592, 13.210203958394995, 115.505728902777, 14.944837519128708, 2.118707945134592, 14.944837519128708, 104.99544935413222, 6.161652395875804, 4.06830101482976, 18.0, 0.0
8, 0 ,1.0,1.0,1.0,79.33628583072952,146.67428338540958,44.85170493139519,9.631141456579181,8.906648510970676,10.393168371489924,45.0,40.0,48.0,-0.5867579557442439,-0.10237621081772044,0.8032647215142973,11.22709687329621,0.1147087258703912,-0.9924809998013888,-0.042700974724558347,8.87975839858441,0.8015965379042173,0.0670863361038711,0.5940895672608055,8.672220524937364,54.033631300609734,41.099729657414386,42.56590217622559,16.085134013451054,4.623168396466004,36805.0,94528.9780719897, 0.0, 0.0,0.0,NaN, 105.591447272626,105.591447272626,0.0, 92.75888575663814, 2.639271689683079, -23.97999054302082, 2.639271689683079, 79.32838769797615, -4.026484479892294, -23.97999054302082, -4.026484479892294, 108.01794879813853, 5.984202039568114, 3.9434625874795772, 15.0, 0.0
9, 0 ,1.0,1.0,1.0,153.18573329569742,10.751239969353604,87.34368321303279,9.49155949774661,6.825057546671888,9.589017864116553,48.0,26.0,46.0,-0.6365072885585144,-0.04376418785023305,0.7700280303168826,9.760009189610152,0.7655706285537935,0.08530619729698113,0.6376711263641142,9.33667047282483,0.09359532203928682,-0.9953931628078114,0.020793439538089913,6.796262275221546,48.40380305143344,49.49509436908835,27.87683962278161,14.41696909535309,4.557562716696457,24799.0,66785.9608236658, 0.0, 0.0,0.0,NaN, 99.67990632599343,99.67990632599343,0.0, 90.08970169926388, 4.043460974279502, -4.04213899267026, 4.043460974279502, 46.5814105153829, 0.5758369991209364, -4.04213899267026, 0.5758369991209364, 91.94926359834638, 6.321432536051126, 4.057735406242473, 15.0, 0.0
10, 0 ,1.0,1.0,1.0,98.90313102561748,90.89773666329997,12.95225415480672,11.292965183768839,11.32641810767295,8.375581729677346,60.0,54.0,33.0,0.6935106594784428,0.7124950828171323,0.10674137975117012,11.523550236316533,0.7124327309038583,-0.7002645938043734,0.045487389470780015,11.1293627993237,-0.10715675026169007,-0.04450006320673851,0.9932457778656554,8.325518166111992,57.47195475691028,57.833385396234235,36.31968725088512,17.252641744372617,5.321234061987876,43564.0,120719.29327359436, 0.0, 0.0,0.0,NaN, 134.951801562157,134.951801562157,0.0, 127.53106264181517, 4.152154272314898, 6.46677331129517, 4.152154272314898, 128.28774714982168, 3.0901269915453864, 6.46677331129517, 3.0901269915453864, 70.15036931050498, 6.116881148915144, 3.849329690061266, 13.0, 0.0
11, 0 ,1.0,1.0,1.0,154.61306761998935,9.854947896858599,39.878641515174564,10.234408170200643,6.255946501862212,9.693774335151767,47.0,24.0,48.0,-0.97824561056197,0.008228512791090225,0.20728679888860518,10.259328966586796,-0.20730361005636488,-0.0012362268826737505,-0.9782758736679,9.667631593415026,-0.0077935020264818175,-0.999965381060935,0.002915133928622283,6.25558203676009,52.6847778759678,49.2884064619971,24.24064883898244,14.72977306757358,4.569794685437815,26294.0,62946.874482386374, 0.0, 0.0,0.0,NaN, 61.216008347598596,61.216008347598596,0.0, 104.74311059426968, -0.5183220543607083, -2.3896592844228337, -0.5183220543607083, 39.13686663416205, 0.17848705936216114, -2.3896592844228337, 0.17848705936216114, 93.96926086084709, 5.835628860827098, 3.8750191849366566, 13.0, 0.0
12, 0 ,1.0,1.0,1.0,188.52590236799756,59.128860449076555,92.90026055636447,6.996788809441735,9.506828362428726,9.589284582893033,28.0,46.0,54.0,0.16643913963092744,-0.6554650904789274,0.7366569947827605,9.83140954644392,0.04629591574488119,-0.7410590039400325,-0.6698419521534538,9.33402136720735,-0.9849643145740155,-0.14559212836846164,0.09299586642900774,6.892651841992765,51.54375317081333,44.910258303590126,29.900087836657804,14.54707892269403,4.435280462973088,26098.0,69214.01706634388, 0.0, 7.105427357601002E-15,-1.4210854715202004E-14,12.097858435942479, 110.71736749903107,110.71736749903107,0.0, 48.9550536439291, -6.720921513662813, 4.7974528264195895, -6.720921513662813, 90.37978551267923, -4.066502270329279, 4.7974528264195895, -4.066502270329279, 91.95437881170999, 6.13666004380309, 3.9439018448699956, 11.0, 0.0
13, 0 ,1.0,1.0,1.0,71.89479757432913,187.36974294763203,26.027914856006483,11.053271485300298,7.381360834309021,12.71491754602964,54.0,29.0,55.0,-0.4110061118939937,0.048295231691169255,0.9103524298762967,13.108087061964344,0.9075677122966982,-0.07251965022632638,0.41359611691551024,10.611586641010609,-0.08599316009031789,-0.996197004074469,0.0140251734653587,7.341710225325188,60.95818004857186,51.668512974996986,31.025516946952166,17.496691961285784,5.673993030330673,40731.0,97718.542668539, 0.0, 0.0,0.0,NaN, 77.49733971701335,77.49733971701335,0.0, 122.17481052775267, -6.204454873914155, -22.085546263092343, -6.204454873914155, 54.484487766271165, 3.42369699414557, -22.085546263092343, 3.42369699414557, 161.66912820233244, 5.599125648668146, 3.706878518090514, 12.0, 0.0
14, 0 ,1.0,1.0,1.0,185.50193232904803,149.00554723032838,34.168309803612274,8.466237982821713,11.687597600876245,9.084432874244587,36.0,59.0,47.0,-0.20153757878509548,0.9794807820142274,4.4746387390596864E-5,11.809745090553594,-0.028790341246401476,-0.005969553273237974,0.9995676468777056,9.085086799087263,-0.9790575675558396,-0.20144915511988568,-0.029402675271598806,8.294284939500969,61.243533104547694,47.01126702241244,40.33673708876927,16.321788635202363,4.939965552129195,38037.0,116134.9554314561, 0.0, 0.0,0.0,NaN, 63.07219335258128,63.07219335258128,9.5367431640625E-7, 71.67718558177307, -13.949020893378549, -0.39615034757120404, -13.949020893378549, 136.59993768000817, -0.07891036013780808, -0.39615034757120404, -0.07891036013780808, 82.52692064665578, 5.968220769735367, 3.9105676508014167, 17.0, 0.0
15, 0 ,1.0,1.0,1.0,152.55964320771628,109.98228842132218,10.198156288677394,10.218153921658153,9.526920966933227,5.82193105038017,51.0,49.0,24.0,0.9097103095022802,0.41227872334497756,0.049531879252667846,10.400223139686307,0.41209316623039227,-0.9110282632968768,0.014377963015915117,9.338201145442222,-0.05105267016989137,-0.007331967765352895,0.998669047841782,5.805267594544259,48.264603587849905,42.62305295944275,25.368746250273475,14.474893327952543,4.420999544973629,23431.0,52188.19803423503, 0.0, 0.0,0.0,NaN, 102.26327905034876,102.26327905034876,0.0, 104.41066956669789, 7.842100291545479, 3.672296384557743, 7.842100291545479, 90.76222311019193, 0.819821384482141, 3.672296384557743, 0.819821384482141, 33.894881155380745, 6.080294814049666, 3.9404293977670855, 17.0, 0.0
16, 0 ,1.0,1.0,1.0,11.450267692822486,46.697214321566,14.43558641458926,7.055730338712714,9.29044732582246,8.79419526152116,27.0,46.0,38.0,-0.18067145884745506,-0.859046740303819,0.4789535697030708,9.563029395680447,0.04189919146500798,-0.49324768341496084,-0.8688792669642615,8.582000732518512,-0.9826506407225872,0.1369139174049028,-0.12510914238508944,6.9520748434318,48.8020484717546,40.95127427074632,30.581635287063328,13.99492093522466,4.19235022881725,23908.0,61117.58381108362, 0.0, 0.0,1.7763568394002505E-15,61.38291971624638, 50.20084272962593,50.20084272962593,0.0, 49.78333061263104, 6.1692106336097545, -4.653090503306545, 6.1692106336097545, 86.31241151388167, -6.89032081080755, -4.653090503306545, -6.89032081080755, 77.33787029776123, 7.233062658227714, 4.14995371378345, 11.0, 0.0
17, 0 ,1.0,1.0,1.0,62.1505897916437,12.0615698379451,104.91197221915996,10.549696005374628,7.3361468891435475,11.915326194704635,50.0,28.0,56.0,0.34493017255909053,0.15077323092837602,0.9264397491978497,12.268504418969172,-0.9307763577197669,0.18234371232820087,0.3168692829611214,10.341900658121137,-0.12115505754313713,-0.9716059918556432,0.20323200688358634,7.044077328537057,60.37351212039698,51.0531137249255,34.923863300599216,16.660821190304052,5.432050494595046,36284.0,107644.27952713516, 0.0, 0.0,0.0,NaN, 114.23620400579931,114.23620400579931,0.0, 111.29608580581737, -4.48383357938856, 15.332074297059567, -4.48383357938856, 53.81905117909055, 17.406367932487964, 15.332074297059567, 17.406367932487964, 141.97499832621443, 5.592916225504223, 3.6933728192381374, 17.0, 0.0
18, 0 ,1.0,1.0,1.0,191.68630660120022,134.67790507364975,118.65657392253136,4.885599395040687,9.74647068203949,9.722284268291668,19.0,47.0,46.0,0.03373765706961003,0.7100331877801305,0.703359540168639,10.85626803157634,0.011297482165107824,-0.7039861482903248,0.7101238412503001,8.471787615813447,-0.9993668682681963,0.016011722772343237,0.03177243052835529,4.873996575426825,49.129826518192544,45.280522593021104,20.13403713126354,13.876969280726804,4.562379552373231,18330.0,44790.66664150554, 0.0, 0.0,-1.4210854715202004E-14,45.30283430382235, 104.65584813815693,104.65584813815693,0.0, 23.869081448821927, 1.8723379254493338, 2.618237864405636, 1.8723379254493338, 94.99369075585534, 22.992002860808817, 2.618237864405636, 22.992002860808817, 94.52281139347167, 6.14058564163529, 3.8505180386865243, 7.0, 0.0
19, 0 ,1.0,1.0,1.0,11.657760609474757,153.37657599656634,188.09319169483342,7.311674609568891,9.983155008837345,6.081484028327686,29.0,56.0,23.0,0.10329947964933,0.9942083337239445,0.029648046445504117,10.010854201786668,0.992661720655407,-0.10493105489495803,0.06010143146446533,7.281537471928761,-0.06286434481981143,-0.023222034202206643,0.9977518786140609,6.072102412588307,56.6790134385887,31.337064633225168,24.286032961858098,13.119444143863786,4.241297309731112,18639.0,43135.732342209994, 0.0, 0.0,0.0,NaN, 49.51180800826969,49.51180800826969,0.0, 53.4605855962144, 4.823551600520257, 1.1575443865734474, 4.823551600520257, 99.66338393047417, 1.7653783729794692, 1.1575443865734474, 1.7653783729794692, 36.98444798680474, 6.181021321564313, 4.068383784364488, 8.0, 0.0
20, 0 ,1.0,1.0,1.0,120.54848257626584,10.010892300406487,146.52314613836378,11.100823041343986,6.500304308586779,9.346159190454104,52.0,26.0,45.0,-0.8654329976863517,-0.17000197718489415,0.4713014473443101,11.925554693844797,-0.4602079455449479,-0.10216318210999019,-0.8819134487456575,8.46683231255338,-0.19807668558644942,0.9801336704625485,-0.010179128287786244,6.239135817402382,57.66572343952063,39.71279348340002,28.61212714662213,15.043797872829291,5.149472349109089,25339.0,65523.68720617339, 1.4210854715202004E-14, 0.0,0.0,30.067815241743155, 96.29400544438407,96.29400544438407,0.0, 123.22827219523354, 16.73714901175871, -28.83447196144185, 16.73714901175871, 42.25395610423184, -5.32429805178529, -28.83447196144185, -5.32429805178529, 87.3506916133097, 5.659895143223014, 3.7283042145599925, 9.0, 0.0
21, 0 ,1.0,1.0,1.0,57.836177117135975,150.013241913535,21.26915628598346,8.542855782756703,10.333455978355374,11.130851866704626,41.0,49.0,46.0,-0.4284307953882293,0.1666863158207479,0.8880668475295733,11.89732695928424,0.1751775878998013,0.9795123982860577,-0.09933918814597693,10.31765681356992,0.8864309709507087,-0.11300944085340917,0.44885298263171114,7.460303597132799,53.60528406677923,45.819161732715855,39.80822908517341,16.65401802843699,5.128376367681532,38212.0,97774.94924008453, -7.105427357601002E-15, 0.0,0.0,64.63198437188665, 79.34781897845136,79.34781897845136,0.0, 72.98038492497966, 2.582615261664638, -33.563097499470146, 2.582615261664638, 106.78031245660844, 7.771375665217457, -33.563097499470146, 7.771375665217457, 123.89586327852187, 5.51489673410222, 3.660232906779634, 13.0, 0.0
22, 0 ,1.0,1.0,1.0,139.66563861158457,36.32700267835403,35.26307388469551,8.741008694995777,8.987232718498227,11.217661990042044,39.0,45.0,57.0,0.21395119663255066,0.407004036664564,0.8880161032313831,11.827641531550395,-0.8224049407187374,-0.4155134527751753,0.38858549129408143,8.7103803542984,-0.5271385007196023,0.8134471615917058,-0.24582253020723593,8.200469215225894,58.4882101839451,41.756405809202036,41.48662404325332,16.106594532069387,4.856865042882704,36963.0,101321.01620915573, 0.0, 0.0,0.0,NaN, 78.7614795921112,78.7614795921112,0.0, 76.40523300599179, 9.272554340875393, 11.046352572598277, 9.272554340875393, 80.77035193644504, 24.863653544238126, 11.046352572598277, 24.863653544238126, 125.83594052283404, 5.473764288896471, 3.526303150775012, 16.0, 0.0
23, 0 ,1.0,1.0,1.0,71.07927060539753,63.87378555798687,46.78068563092633,9.095530954724858,9.256213630600175,9.584247977999992,42.0,39.0,51.0,0.46370753512389956,0.5799230657683578,0.6698242752089136,10.021024697843066,-0.4834523609333397,-0.46792721691943195,0.7398093905689592,9.217526607495708,-0.7424615387865537,0.6668833162224584,-0.06338379893031688,8.653337545293805,54.10716905043634,48.09351656621858,44.47227325894931,15.511071088466462,4.435161453206999,34275.0,115725.92874565578, 0.0, 0.0,7.105427357601002E-15,47.946496271424756, 106.39810026218785,106.39810026218785,0.0, 82.72868334835808, 9.149144409597387, 4.326852724749116, 9.149144409597387, 85.67749077530848, 6.4308459821849, 4.326852724749116, 6.4308459821849, 91.85780930379691, 5.630640447639706, 3.6121927626632515, 23.0, 0.0
24, 0 ,1.0,1.0,1.0,8.51262079907688,19.16250781287562,55.21164479061493,5.364937896617317,10.35363165865599,9.614714240227505,21.0,42.0,45.0,0.0051949485513407175,0.9479601694537433,0.31834655587704885,10.44322642598593,-0.058988651625760294,0.318086981094596,-0.9462246094017533,9.52880722159851,-0.998245135970581,-0.013863245917037047,0.05757133769264128,5.34451418073887,44.71038537287433,44.37354784243589,21.84338543350819,14.362513730544903,4.705441150288503,20799.0,43336.36854815896, 0.0, 0.0,0.0,NaN, 59.05922568940803,59.05922568940803,NaN, 28.78255863456064, -0.7713187317121057, 3.606829330374706, -0.7713187317121057, 107.19768852312357, 5.56101930899189, 3.606829330374706, 5.56101930899189, 92.44272992123356, 5.510800293895669, 3.7771095953078584, 12.0, 0.0
25, 0 ,1.0,1.0,1.0,92.17835820895522,126.70788059701492,77.17307462686567,8.968301241331417,8.185311415628528,10.294418881069364,43.0,39.0,48.0,-0.10447291056296232,-0.10381320752625783,0.9890946511338604,10.327796558989787,0.9879033919939312,0.10376460747301408,0.11523798992891332,8.962456664669324,-0.11459624359196222,0.9891692090734931,0.09171682929283095,8.149588885032534,46.84772668193741,42.66442830577327,39.44861027400364,15.341294877625186,4.2484681595542,33500.0,78847.17905133635, 0.0, 0.0,0.0,NaN, 140.79867874395578,140.79867874395578,0.0, 80.43042715526666, 1.8624004009801225, -2.5753767431499064, 1.8624004009801225, 66.99932297081868, -3.9663370657162265, -2.5753767431499064, -3.9663370657162265, 105.97506009891742, 5.756688810217736, 3.625109485502737, 19.0, 0.0
26, 0 ,1.0,1.0,1.0,66.44869572070297,191.09516116321223,73.09823469146505,11.617338518474472,5.572472909066558,10.032110359932217,67.0,21.0,46.0,-0.980920720119146,0.0037202744578019795,0.1943725813968999,11.677374346751856,-0.1942953792475044,-0.05281479931733907,-0.9795202410242154,9.971833939379295,0.006621664745688042,-0.9985973946145804,0.05252996311599588,5.555151042072171,65.73284907135618,46.38302488899943,22.362810986904833,15.403522977342242,5.4212292642414734,25378.0,68181.71443914983, 0.0, 0.0,0.0,NaN, 99.18708198500568,99.18708198500568,0.0, 134.96255425283064, 0.31871699245419005, -7.063858398286118, 0.31871699245419005, 31.05245432228071, 3.624035117823004, -7.063858398286118, 3.624035117823004, 100.64323827385931, 5.301197895213441, 3.631284513031125, 16.0, 0.0
27, 0 ,1.0,1.0,1.0,101.0030898806409,18.885400313971743,101.72233435498741,9.883043875732628,9.914545991790048,10.724058536989027,45.0,41.0,52.0,-0.5188015832728197,0.42520241361940336,0.741652091378329,12.478569836877195,0.5718055019369926,0.8175075398675502,-0.0687014571482278,9.502052978312221,-0.6355182020589175,0.38843832163155545,-0.6672572855652166,8.060675778200613,62.28456993966167,47.527646978577934,43.62632704055338,16.824215451321663,5.284314943797357,40131.0,129144.35701406644, 0.0, 0.0,0.0,NaN, 140.76770269785723,140.76770269785723,0.0, 97.67455624965622, -8.183493798782328, -35.908588608806575, -8.183493798782328, 98.29822222332011, 27.193367115162403, -35.908588608806575, 27.193367115162403, 115.00543150476722, 5.346610057367638, 3.390568287107004, 17.0, 0.0
28, 0 ,1.0,1.0,1.0,126.04583791712504,74.55109869961355,166.4223858283264,8.92777603877816,8.976684426667452,9.960126415283373,44.0,43.0,48.0,-0.23052156165831594,-0.36881500347840845,0.9004639375454371,10.240391066378262,0.8169561197411532,-0.5760764102255627,-0.026807983868763305,8.927823641386444,0.5286232193425575,0.729459706077622,0.4341037078637539,8.655548644593397,49.09896352081597,41.66985092393832,42.66817372253402,15.53645199357048,4.255446622207246,35451.0,87296.80028077362, 0.0, 0.0,0.0,NaN, 110.24763299119594,110.24763299119594,0.0, 79.70518499858146, 0.2929526561486465, -6.321158132944938, 0.2929526561486465, 80.58086329597397, -9.87162990967854, -6.321158132944938, -9.87162990967854, 99.2041182084256, 5.517541929692335, 3.6065208545499177, 17.0, 0.0
29, 0 ,1.0,1.0,1.0,45.05522325410567,55.817304160763946,171.0491893593578,9.21288462791507,11.946664823868627,8.279273896389105,44.0,53.0,40.0,-0.3125286756664324,0.9473604095882586,0.06952755734925006,12.25527540621489,-0.9498891798359771,-0.31214881608660416,-0.016542752076544095,8.820857243377226,0.006030996329010135,-0.07121355882483871,0.9974428585752574,8.255127015518772,54.4587106442455,44.571377753409344,40.818618008527466,16.445296478572462,5.069382956967771,38118.0,99079.02186250835, 0.0, 0.0,0.0,NaN, 77.35434068623985,77.35434068623985,0.0, 84.87724316727379, -21.427184670192734, -1.6309760113712135, -21.427184670192734, 142.72280041386003, 5.453973311783891, -1.6309760113712135, 5.453973311783891, 68.54637625143003, 5.3979407159757296, 3.4992638208303144, 22.0, 0.0
30, 0 ,1.0,1.0,1.0,188.92796648756945,177.92728348966398,186.25020489937165,6.453867178403697,11.461494377739664,7.911230370880849,26.0,48.0,30.0,0.024682775144146463,-0.9996419310963954,-0.010332966904693527,11.464068258212855,-0.2571497249940048,-0.016337077109009467,0.9662334701546217,8.01146666792822,0.9660563024724241,0.021192203882660528,0.2574608920747081,6.3243467416242805,48.59184838856109,35.59121156893774,30.451523958112432,14.485362359867,5.077410581382061,21962.0,52664.16753444487, 0.0, 0.0,0.0,NaN, 28.263963019281437,28.263963019281437,4.76837158203125E-7, 41.6524015564765, -2.1542681686254137, -6.032791906438124, -2.1542681686254137, 131.36585337095792, 0.5625888910070511, -6.032791906438124, 0.5625888910070511, 62.58756598114754, 5.856843006251538, 3.7353247408948165, 8.0, 0.0
31, 0 ,1.0,1.0,1.0,87.82948984674891,75.72329826823336,97.51135464588155,10.512273358040343,8.619737986347962,9.323882416225443,48.0,43.0,45.0,0.8689073319257313,0.21308569921234574,0.44676003997324215,10.999437792222537,-0.4748076641139362,0.10380623791237199,0.8739461923191543,8.87422902627548,-0.1398489564650907,0.9715033452138321,-0.1913727243207855,8.485457257171774,50.261314613857024,47.76560394528306,42.54781306799343,15.821052258208542,4.629995989424173,34127.0,102147.17482264605, 0.0, 0.0,0.0,NaN, 151.5140306118047,151.5140306118047,0.0, 110.50789115416477, 8.736949413158197, 16.21497854145931, 8.736949413158197, 74.29988295329001, 5.2755214909327925, 16.21497854145931, 5.2755214909327925, 86.934783311598, 5.852288279740144, 3.592198569926338, 22.0, 0.0
32, 0 ,1.0,1.0,1.0,143.10409501974272,71.39281620175774,115.85906253980384,9.199487992992852,9.653667410036634,8.236583078875347,42.0,42.0,39.0,-0.4713099017416466,-0.8593479590770361,0.19846425811821217,10.03324439030927,0.8283740242137312,-0.35407133867595825,0.43408520262289885,9.076342992560061,-0.3027597273882835,0.36899129035567724,0.8787388549014001,7.913228133813168,46.46507338585019,44.53436377981416,40.633430498806234,15.082501974048906,4.264189115747391,31404.0,84082.45221740448, 0.0, 0.0,0.0,NaN, 124.15222738807819,124.15222738807819,0.0, 84.63057933321966, 9.613771616241694, 3.5468642388670593, 9.613771616241694, 93.19329446360344, -9.526060230894867, 3.5468642388670593, -9.526060230894867, 67.84130081521567, 5.596175152937017, 3.5802587217220134, 19.0, 0.0
33, 0 ,1.0,1.0,1.0,146.3641167807329,106.1629270264807,84.08940483409859,9.432209943028306,9.061322311627078,9.61910417704718,43.0,48.0,45.0,-0.815202565141909,-0.5433409593246767,0.2005626578059621,9.80267921595923,-0.06902506620169518,-0.25267854881305735,-0.9650850176049666,9.639495766142646,0.5750481006158557,-0.8005836326642378,0.16848005546126113,8.63648731701484,48.17134929901678,43.13056972064176,42.096992857619625,15.612685953910425,4.454811883571831,34629.0,87463.14301941005, 0.0, 0.0,0.0,NaN, 136.9424413332162,136.9424413332162,0.0, 88.96658440936204, 9.844368971760813, -2.294704021287415, 9.844368971760813, 82.1075620351907, 2.126789047504004, -2.294704021287415, 2.126789047504004, 92.52716516888653, 5.3328729403451325, 3.4339868671238007, 20.0, 0.0
34, 0 ,1.0,1.0,1.0,9.064885345542093,98.50957098314717,112.87101866835063,6.070383929920397,9.68442327611564,10.815959596953164,25.0,49.0,58.0,0.015090998142761713,-0.009184032552680514,0.9998439454840573,10.81686549593041,0.039086496183726935,-0.999188086839085,-0.009767954490506174,9.68886041060324,0.9991218682378717,0.039227804742560025,-0.014719773909436712,6.061683102680707,57.96339674041728,49.04820123663822,26.12043500637116,14.937960469555959,4.947720107333683,25337.0,74260.40580474667, 0.0, 1.4210854715202004E-14,0.0,89.47378629826723, 131.82475909138785,131.82475909138785,0.0, 36.84956105663581, -2.242322875490149, 1.1892112447894172, -2.242322875490149, 93.78805419097037, -0.17941042850667546, 1.1892112447894172, -0.17941042850667546, 116.98498200292325, 5.5351959796609975, 3.524282341634131, 16.0, 0.0
35, 0 ,1.0,1.0,1.0,116.77879577141105,38.344660640416734,158.0394668300904,9.214183826935507,8.41464731750911,9.675382573159014,45.0,39.0,47.0,-0.6055332587937496,-0.13056254513019114,0.7850368744866375,10.146510946874214,0.6027684523869604,0.5688382378210032,0.5595473634999313,9.043090098564797,0.519614920206926,-0.8120200003705714,0.2657514886064179,8.03687365122865,50.41787042577421,43.844456297800036,41.065360754865054,15.195455997455218,4.2916917458028685,32635.0,90776.79160906876, 0.0, 0.0,0.0,NaN, 100.78079269775724,100.78079269775724,0.0, 84.90118359655987, 8.925512644803682, -12.43870350708061, 8.925512644803682, 70.80628947806325, 1.5384120452012942, -12.43870350708061, 1.5384120452012942, 93.61302793698916, 5.292340069301501, 3.407406195702436, 14.0, 0.0
36, 0 ,1.0,1.0,1.0,180.95386509108815,160.26932545544068,8.110241260462827,10.216971070852942,9.3255756333898,5.433172041739826,44.0,48.0,21.0,-0.9813367618323612,0.18988971870308052,-0.03033240193654961,10.255857430633926,-0.1874285429952828,-0.9797865170895105,-0.06992082808628512,9.301643454807499,-0.0429965248251622,-0.06293072111831749,0.99709128127393,5.4008364716968105,46.67993435600522,44.2911645077491,22.583334649685288,14.085705934437229,4.739736861939877,20310.0,46691.2397741038, 0.0, 0.0,0.0,NaN, 44.80019830354636,44.80019830354636,0.0, 104.38649786264591, -3.63277410380365, 3.0142440207313417, -3.63277410380365, 86.96636089407356, 3.491185637876345, 3.0142440207313417, 3.491185637876345, 29.519358435143303, 5.8064203947811865, 3.6002843115226053, 12.0, 0.0
37, 0 ,1.0,1.0,1.0,55.44379387689708,82.38969967083224,71.90157010108072,10.349078916617145,8.66362306336023,9.175272610046129,52.0,42.0,46.0,0.8700671719276892,-0.15914340754245226,0.4665366997027457,10.91592645883628,-0.2249950183230366,0.7138926144216267,0.6631248576279369,8.973911818624705,0.4385890537434438,0.681931602809279,-0.5853280541938846,8.16448912620045,53.49290365027143,40.6829798958825,42.161160618141395,15.656231796597012,4.607584226710922,34329.0,91753.25631048209, 0.0, 0.0,0.0,NaN, 122.60470086548236,122.60470086548236,0.0, 107.10343442236952, -9.497424174462717, 19.24039673483166, -9.497424174462717, 75.05836458398731, 2.669282390624312, 19.24039673483166, 2.669282390624312, 84.18562746866269, 5.233180948545245, 3.3385194815726016, 22.0, 0.0
38, 0 ,1.0,1.0,1.0,154.5197970694102,179.53150242326333,136.78133945526173,9.414023544276981,11.11590534395162,8.716484406784264,47.0,49.0,43.0,0.06784027684140455,0.9681219277455949,0.24111746070377205,11.264010919174876,-0.9975619441246555,0.06978497013775764,4.749495872153528E-4,9.404848250249264,-0.016366565684947775,-0.24056182357353728,0.9704958240851191,8.534352859127594,53.662078824134966,47.51157630674976,40.552212955989404,16.18436963014103,5.121569192795719,35283.0,103390.70367342331, 0.0, 0.0,0.0,NaN, 80.5233338401196,80.5233338401196,0.0, 88.62383929220132, 2.46229758119634, 0.8766044381288056, 2.46229758119634, 123.56335161569218, 12.615779304352747, 0.8766044381288056, 12.615779304352747, 75.97710041371322, 5.267679723623141, 3.482188853441255, 16.0, 0.0
39, 0 ,1.0,1.0,1.0,133.77352318045862,137.37126121635094,18.30795114656032,9.250839908242813,8.291058536134308,9.677704799128088,47.0,39.0,38.0,-0.2035883705278885,0.04909668805728193,-0.9778247750019455,9.707402529170988,0.9228064570267416,0.3432771249178592,-0.1748972795039432,9.359375887182917,-0.3270780002622485,0.9379500683564852,0.11519397125941296,8.13302403633938,42.84341258825729,49.630366184423735,40.716872698052754,15.149024292101839,4.299386448544384,32096.0,86577.6811884139, 0.0, 0.0,0.0,NaN, 92.9703513424825,92.9703513424825,0.0, 85.5780390079379, 6.514727622808188, 2.129252769327861, 6.514727622808188, 68.74165164960559, -2.636357984247536, 2.129252769327861, -2.636357984247536, 93.65797017906685, 5.366157700311382, 3.3991186001071956, 13.0, 0.0
40, 0 ,1.0,1.0,1.0,15.50403716058235,152.7629765875861,56.7162141097983,9.482150281569153,8.300826999221835,9.67001081894082,35.0,41.0,50.0,-0.3106377186503245,0.19586221311155796,-0.9301302065983905,9.723385467578646,-0.9320175118966306,0.1294139992045439,0.33851938545362503,9.502432621165958,-0.18667502583295792,-0.9720545305099555,-0.1423461430644875,8.214837880371473,50.08268723469334,46.071482009873485,38.20982795219959,15.253834337820187,4.4322172855197195,32077.0,88164.73129044323, 0.0, 0.0,0.0,NaN, 75.42175078908033,75.42175078908033,0.0, 89.91117396226196, -4.398004971415444, 0.6212005571836979, -4.398004971415444, 68.90372887101016, -3.9304368900833704, 0.6212005571836979, -3.9304368900833704, 93.50910923843252, 5.599889327297634, 3.6455649293991423, 16.0, 0.0
41, 0 ,1.0,1.0,1.0,117.8230427619798,89.44144402263449,63.20363870782895,8.336476232912327,8.728445390490917,8.682214613494187,39.0,42.0,39.0,-0.4087448667036308,-0.7154391095110171,0.5666343746416329,9.295667487380276,-0.5156459985172862,-0.33123493988841163,-0.790185180075045,8.408833176205052,-0.7530184846048217,0.6151668840072616,0.2335227326498524,7.996595281135644,49.489231152508914,41.48111549867551,40.46542595534578,14.337300509834911,3.9376718504919554,27922.0,83070.19882415305, 0.0, 0.0,0.0,NaN, 136.92159857255257,136.92159857255257,0.0, 69.49683598191211, 7.724273867052379, -2.4472394937547417, 7.724273867052379, 76.18575893478214, -7.3365822904053895, -2.4472394937547417, -7.3365822904053895, 75.38085059477203, 5.293252562825057, 3.3864560906355328, 15.0, 0.0
42, 0 ,1.0,1.0,1.0,184.2669935122383,11.613130345030964,96.1397080507225,8.652284703785506,7.049632368808779,11.37487301721502,33.0,28.0,51.0,-0.29376417024503415,-0.07422241169536388,0.9529919442903857,11.647874758789149,-0.9541562080174615,0.08258093514177291,-0.2876913621450041,8.31810842925428,0.057345819219749655,0.9938165941224937,0.09507909478314125,7.005938127846612,55.51950930558554,40.5702992400214,32.339282612798144,15.16536690408458,4.894765566701862,27128.0,72842.39418022247, 0.0, 0.0,0.0,NaN, 98.10828585615381,98.10828585615381,0.0, 74.86203059536064, 0.3036013311316936, -18.72161255571301, 0.3036013311316936, 49.69731653535647, -6.602505308451358, -18.72161255571301, -6.602505308451358, 129.3877361577663, 5.602184855287158, 3.610278746170778, 8.0, 0.0
44, 0 ,1.0,1.0,1.0,185.99704067497797,22.523643117995213,176.68250220375268,8.275490706716749,10.990226514133319,9.251782884852302,33.0,48.0,50.0,0.11153159628200637,0.9887081389678322,-0.10008455909656096,11.032977464139277,0.21570425392900183,-0.12239757319835443,-0.9687571981214311,9.286306848853956,0.9700682336143782,-0.08645837156643073,0.22691974818944416,8.179378044942238,51.181382720931495,55.24105534774145,39.15503773063992,15.782632022896333,5.076695603166377,31764.0,110703.57051445433, 0.0, 0.0,0.0,NaN, 35.31434655551527,35.31434655551527,0.0, 68.48374643695529, 5.535172599581218, -4.651959601840716, 5.535172599581218, 120.785078831959, -3.1326992556044884, -4.651959601840716, -3.1326992556044884, 85.59548654844598, 5.439663482385436, 3.428556600624322, 7.0, 0.0
45, 0 ,1.0,1.0,1.0,182.04057294704776,94.18001814764405,79.95271890595632,9.437750730507869,8.491971784077665,9.506260097348111,38.0,43.0,43.0,0.667865694880925,-0.23346018729755574,0.7067190067829006,10.61935268088414,0.5915471142492692,0.7427578934397556,-0.3136602036540473,8.465067889554449,-0.45169395083904035,0.6275404789174372,0.6341652167183973,8.193026237931806,54.71789533891857,50.65363914245336,47.344676104793464,15.203165920759034,4.518567323507749,30858.0,131223.36983482158, 0.0, 0.0,0.0,NaN, 124.83931311416183,124.83931311416183,0.0, 89.07113885120181, -5.12584687020708, 20.70329236923131, -5.12584687020708, 72.11358478157119, -8.586763676278233, 20.70329236923131, -8.586763676278233, 90.36898103843292, 5.505393256148823, 3.3846184283597402, 13.0, 0.0
46, 0 ,1.0,1.0,1.0,28.265047063502585,152.08468116134165,129.45323478721994,10.662148339791187,8.385159835274685,8.249444106238595,58.0,41.0,41.0,-0.9698241600986467,0.242301947974917,-0.027034505664334105,10.792624476359737,-0.18782608057107342,-0.6718412984597368,0.7164849148036847,8.738393530619092,0.15544279316283188,0.6999421659619423,0.6970785482011634,7.694502983369726,56.815508698664345,45.219054522421104,38.983312989417556,15.17442871955624,4.667156926851735,30172.0,100153.72851079561, 0.0, 0.0,0.0,NaN, 89.84228818824361,89.84228818824361,0.0, 113.68140721971199, -11.294484795414565, -0.8068248241216401, -11.294484795414565, 70.31090546310378, -8.63257373993597, -0.8068248241216401, -8.63257373993597, 68.05332806195469, 5.321125517436677, 3.420431571445819, 20.0, 0.0
47, 0 ,1.0,1.0,1.0,16.17154289372599,135.29974391805376,12.152048655569782,9.8146779560676,10.080776824932292,8.072284210278793,41.0,50.0,31.0,-0.5038788869697626,0.8598170014365183,-0.08258808211132788,10.332408458653923,-0.8086234841352693,-0.43592852370650115,0.39508781697745127,9.877972295170093,0.3037007213871097,0.2658590721788231,0.914923398743941,7.66672915436019,53.768899372482025,51.942974444313855,36.667508665553605,15.489044331309524,4.816766846096313,31240.0,102409.2923861095, 0.0, 0.0,0.0,NaN, 67.7887470245643,67.7887470245643,0.0, 96.32790338131929, -7.111470155468987, -10.397657770332923, -7.111470155468987, 101.62206139409196, -10.08885350866693, -10.397657770332923, -10.08885350866693, 65.16177237151634, 5.757830371405266, 3.5312835052398066, 12.0, 0.0
48, 0 ,1.0,1.0,1.0,181.08005018820577,84.21614387285655,18.165286491007947,10.588677638319504,9.85160556647933,8.818052060925483,45.0,47.0,42.0,-0.8400424543665541,-0.5250692771256625,0.13649516138145773,11.103671400183643,0.49218562333132654,-0.8434233830651373,-0.21538409663880023,9.341389894132437,0.22821478271086976,-0.11375082908573808,0.9669429982344034,8.739518567831437,53.76442680532213,50.956353719618384,46.42573445092666,16.199316581705755,4.951202964999493,35865.0,127189.75966111595, 0.0, 0.0,0.0,NaN, 88.20601466450506,88.20601466450506,0.0, 112.12009412824752, 16.174611764701837, -6.532679144449557, 16.174611764701837, 97.05413223748654, -1.385286515496857, -6.532679144449557, -1.385286515496857, 77.75804214919216, 4.695496061253578, 3.218075491400357, 16.0, 0.0
49, 0 ,1.0,1.0,1.0,150.2999924253901,112.721557339797,35.8933116194516,9.608490302644622,8.771050791015414,7.391205716071263,44.0,42.0,36.0,0.9836010636394348,-0.18009627858914729,0.00970968823972513,9.636461072244446,0.18000321424373592,0.9836178167241805,0.009738248542732253,8.740635317121292,0.011304444669953147,0.007830776532161493,-0.9999054397639847,7.390822151024999,45.22481436061885,41.739141454013094,36.09144859014596,14.379400368677697,4.137291970497545,26404.0,68127.83972483707, 0.0, 0.0,0.0,NaN, 106.65808513712257,106.65808513712257,NaN, 92.32308589601574, -2.9181735982628365, 0.4033509567612561, -2.9181735982628365, 76.93133197857213, 0.14170682571612347, 0.4033509567612561, 0.14170682571612347, 54.62992193728451, 5.724467754470112, 3.6335650472731005, 11.0, 0.0
50, 0 ,1.0,1.0,1.0,33.420320914386195,183.5963292669524,40.20639630728652,9.454340053494786,8.82397259150266,10.495072283136524,43.0,38.0,52.0,0.022740015532182203,-0.37023788546147585,0.9286586024275074,10.790225461692005,0.9360751669983376,0.33407269288989055,0.11026657514555827,9.60625482013494,-0.3510643437072901,0.866786792720281,0.35416730868765645,8.287610221737882,51.92250010989077,47.682447649468116,47.04563413624996,15.981459282329046,4.688980654493936,36396.0,116475.19961059662, 0.0, 0.0,0.0,NaN, 54.79555244321737,54.79555244321737,0.0, 89.38454584711577, 6.976792913346592, 3.443745172302789, 6.976792913346592, 77.86249229559016, -15.546533285342885, 3.443745172302789, -15.546533285342885, 110.14654222826051, 5.875904532707265, 3.794754881017424, 13.0, 0.0
