// Sample: .//bubblelabels.tif, Map: .//bubblelabels.tif, Thickness:(8.191250068658265):/gpfs/home/mader/Foam/NewValid/InSilicoTest/LatticeDataPhi_16.0/out_Step_05000.vtk/distmap.tif, Neighbors:(1.0):
//LACUNA_NUMBER, TRIANGLES, SCALE_X, SCALE_Y, SCALE_Z, POS_X, POS_Y, POS_Z , STD_X, STD_Y, STD_Z,PROJ_X, PROJ_Y, PROJ_Z, PCA1_X, PCA1_Y, PCA1_Z, PCA1_S, PCA2_X, PCA2_Y, PCA2_Z, PCA2_S, PCA3_X, PCA3_Y, PCA3_Z, PCA3_S,PROJ_PCA1, PROJ_PCA2, PROJ_PCA3,OBJ_RADIUS, OBJ_RADIUS_STD, VOLUME, VOLUME_BOX, Mask_Grad_X,Mask_Grad_Y,Mask_Grad_Z,Mask_Angle, Mask_Distance_Mean,Mask_Distance_COV, Mask_Distance_STD, SHAPET_XX, SHAPET_XY, SHAPET_XZ, SHAPET_YX, SHAPET_YY, SHAPET_YZ, SHAPET_ZX, SHAPET_ZY, SHAPET_ZZ, Thickness, Thickness_STD, Neighbors, Neighbors_STD
1, 0 ,1.0,1.0,1.0,129.46424293396538,15.155083212274128,183.1397660371588,22.118441459082348,9.429064854355934,9.69715169267182,90.0,39.0,41.0,-0.990509391145031,-0.03021444734722236,0.13408293413034508,22.295087467168905,0.06864817458873215,0.7363918170930245,0.6730635332894428,9.953686488226142,0.11907381819331861,-0.6758802992319988,0.7273288437364,8.718983179395622,90.93612709670026,55.55975581101903,46.80119688306425,24.083523425346215,9.599550352907194,78474.0,236457.85306261416, 0.0, 0.0,0.0,NaN, 74.08938561853074,74.08938561853074,0.0, 489.2254525788529, 13.766548965181258, -54.85459918571399, 13.766548965181258, 88.9072640276503, 9.721271342455637, -54.85459918571399, 9.721271342455637, 94.03475095068796, 11.840572698377374, 6.397184327481169, 11.0, 0.0
2, 0 ,1.0,1.0,1.0,180.94003555135245,165.5051269253334,92.0273114946454,11.195508240542008,16.31187215270459,15.512403144597533,48.0,72.0,79.0,0.16262392398531417,0.94212999576894,0.2931629758684341,16.53702975085145,0.04876427118594236,0.2890808181280959,-0.9560618842136189,15.412563752096608,-0.9854823718379353,0.16977441404053792,0.00106917438678858,11.001397857443163,78.36718446167754,83.5535414652203,54.79674990251388,23.991425702433027,7.514168082716646,114201.0,358801.2164747741, 0.0, 0.0,0.0,NaN, 100.11096130870766,100.11096130870766,0.0, 125.33940476404402, 24.998678725971043, 1.8355621151770147, 24.998678725971043, 266.07717312617956, 9.901590258578329, 1.8355621151770147, 9.901590258578329, 240.63465132051942, 7.8701077243768, 5.534181238528516, 18.0, 0.0
3, 0 ,1.0,1.0,1.0,169.96187663780145,64.00448275403382,167.38640807693844,14.85032011914999,16.055714402670365,15.736489005929398,61.0,84.0,69.0,-0.3519790596663688,-0.7562812003383681,0.5514974955257145,17.622961894082753,-0.6632161641939044,-0.21426173326835543,-0.7171026629491513,15.287635055351233,-0.6604960719855214,0.618167174534201,0.42616227334209245,13.47866786255926,95.16219817997133,76.21785499750541,73.05188565597533,25.78428922583339,7.818279092830447,150354.0,529849.6091195561, 0.0, 0.0,0.0,NaN, 77.86211560096513,77.86211560096513,0.0, 220.53200764123096, 41.70563267452832, -0.2717593738975908, 41.70563267452832, 257.7859649801166, -45.76475144687802, -0.2717593738975908, -45.76475144687802, 247.6370862337368, 7.883098248272375, 5.419197411676524, 20.0, 0.0
4, 0 ,1.0,1.0,1.0,16.207560937130236,44.524236806815495,15.685138439693933,10.075519859565427,12.155211883308981,10.435277900209737,45.0,61.0,41.0,-0.16191018639616342,-0.9222733572831932,0.3509942250048397,12.400788341882368,0.6427612653008286,-0.36845029652063005,-0.6716415225570391,10.767101957194415,-0.7487610081795374,-0.11685988806878121,-0.6524574462679646,9.4048001130515,58.869103495662,61.967540568370225,48.20737097015751,18.10566635508176,5.5086429419344745,50708.0,175859.21465242663, 0.0, 0.0,0.0,NaN, 49.91108356500125,49.91108356500125,0.0, 101.51610044049733, 3.2473062950277334, -15.575985684266374, 3.2473062950277334, 147.74917592813588, -14.347480380657629, -15.575985684266374, -14.347480380657629, 108.89502485460572, 9.482484839302987, 5.9082803133475075, 7.0, 0.0
5, 0 ,1.0,1.0,1.0,30.14516618837213,108.62804628069057,173.96304225694286,15.961244723727335,14.509969386049551,13.568179971874509,74.0,69.0,63.0,-0.9742268027174148,0.19631544707830786,0.11109627403944376,16.074715504427747,-0.12424085609950353,-0.8780704046977311,0.46212181734865587,14.738713819729837,0.18827200148366594,0.4364087643854167,0.8798301221400233,13.182180732177827,76.31061601160935,76.89125680934394,69.60000559109727,24.45153167488487,7.1776494213683675,131718.0,408386.32724917063, -3.552713678800501E-15, 1.4210854715202004E-14,0.0,66.4545524454144, 99.67691879026931,99.67691879026931,0.0, 254.7613331307137, -11.444198005838807, -11.654605528439342, -11.444198005838807, 210.53921158409517, -15.78922144813572, -11.654605528439342, -15.78922144813572, 184.09550774917653, 7.681892247448507, 5.191402192494092, 19.0, 0.0
6, 0 ,1.0,1.0,1.0,41.173093214150086,13.877851780445768,24.1525136564134,15.097576314349064,8.353082205596834,14.919106039171103,83.0,34.0,62.0,-0.749343740830242,-0.19292213409879103,0.6334548194254315,16.346614594149194,-0.6229908403492879,-0.11881879383113161,-0.7731523181582024,13.888229168823045,-0.22442453279315513,0.9739934005973976,0.031152602993826398,7.7585952190899405,93.42221742181947,80.62229262472519,39.502020179269266,21.466053319772584,7.713564207400926,68466.0,297525.7931651977, 0.0, -1.7763568394002505E-15,0.0,78.87663405448222, 49.71078646314449,49.71078646314449,0.0, 227.93681056759385, 39.74916861726753, -34.35443051065015, 39.74916861726753, 69.77398233345848, -13.10959495649633, -34.35443051065015, -13.10959495649633, 222.5797250080317, 7.559981666847254, 5.235409917660755, 10.0, 0.0
7, 0 ,1.0,1.0,1.0,159.47228444444445,176.34675555555555,137.74938666666668,13.585915773459499,14.429507134350679,15.102037009824313,74.0,59.0,80.0,-0.4944994903416733,0.7791859712245316,0.3851486418237892,15.440806142124355,0.37391646403169887,-0.209312794413271,0.9035345217649071,15.147145198920397,0.7846379623608946,0.5908107787962158,-0.18784539302402786,12.369511041026389,83.13589555023259,75.59062864928296,70.95672155605271,23.768887636326543,7.476582502822479,112500.0,445912.94267344876, 0.0, 0.0,0.0,NaN, 77.95582442176362,77.95582442176362,0.0, 184.57710740353562, -38.89242503269119, 9.554476334458863, -38.89242503269119, 208.21067614027714, 11.17808378785224, 9.554476334458863, 11.17808378785224, 228.07152184610328, 7.728216155105167, 5.103375809746667, 20.0, 0.0
8, 0 ,1.0,1.0,1.0,89.25770042648516,123.75529875500797,79.51894412613622,13.511581270051314,12.440368746759209,12.679268799582099,70.0,61.0,65.0,-0.7540719454427025,-0.4679174329418806,-0.46089996424966045,13.831258211536072,-0.6518519806740075,0.44727703175668443,0.6123987689033202,13.09909103091704,-0.08040209193565931,0.7622312856423639,-0.6422919669436624,11.627535023132186,67.38242038625381,68.72373542772223,57.74239365347534,21.49677932296833,5.998161301950316,92852.0,267391.8384425801, 0.0, 0.0,0.0,NaN, 141.7866496828874,141.7866496828874,0.0, 182.5628284172015, 9.187149564793172, 4.973793832656421, 9.187149564793172, 154.7627745553433, 22.066319836835888, 4.973793832656421, 22.066319836835888, 160.7638572920561, 7.387737891682246, 4.9717798054966655, 22.0, 0.0
9, 0 ,1.0,1.0,1.0,171.81864303750118,39.58009913027214,16.651384083044984,15.615158240821325,13.238950722916309,11.116442835730394,72.0,69.0,52.0,0.9215143547091678,0.20754188010815366,0.3282341573726271,16.24549646956682,0.23587775980342165,-0.9705699568731999,-0.04853494869961117,13.126551798460845,-0.3085011774613916,-0.12214878966378379,0.9433486612534134,10.317740391644582,85.9945618865782,75.11342868974488,55.372955882579745,22.087764010699985,7.403307737583041,85544.0,357673.1027930406, 0.0, 0.0,0.0,NaN, 51.36187028614743,51.36187028614743,0.0, 243.83316688589014, 15.039180514203869, 46.8735571479511, 15.039180514203869, 175.26981624380628, 13.828564437750938, 46.8735571479511, 13.828564437750938, 123.57530132006163, 7.59662707697436, 5.062910747715565, 13.0, 0.0
10, 0 ,1.0,1.0,1.0,76.13245681218619,54.27178963492469,43.55933963066973,12.772320466962082,14.392426543659138,16.808277227128873,64.0,67.0,81.0,-0.22917850379105545,0.5203127254543948,0.822649306284466,18.484106319761374,0.34828946530551846,-0.7453552778278737,0.568454007085296,12.597478464475461,-0.9089398559625875,-0.41679752583761037,0.010400033574809576,12.34640211422973,88.67435960939311,60.422213133082835,63.57197618559541,24.33984500567054,7.769442732229103,117510.0,340612.3583214484, 0.0, 0.0,0.0,NaN, 103.14550014177519,103.14550014177519,1.9073486328125E-6, 163.13217011077847, -24.190285130351484, -34.43597243938019, -24.190285130351484, 207.14194181462412, 78.3428628276365, -34.43597243938019, 78.3428628276365, 282.518183344019, 7.493852326189464, 4.7871997416321035, 18.0, 0.0
11, 0 ,1.0,1.0,1.0,60.63756058816342,73.42407641236609,138.7258461977109,12.37474933660901,15.323332479774066,12.060511101914027,63.0,74.0,62.0,-0.14254863123071404,0.9533697205536867,0.2660189159921451,15.656949424575261,-0.8768776243243156,0.003019501608501956,-0.4807041861367346,12.513481372503028,-0.4590920601508963,-0.301789758841188,0.8355581498405623,11.474649716889301,75.68003211070072,61.66918962418548,53.32193568703625,22.18239752951106,6.42931623983027,98204.0,248860.20579906052, -7.105427357601002E-15, 0.0,0.0,81.80464849109958, 113.23661366924897,113.23661366924897,0.0, 153.13442114390514, -15.48706619134307, 6.201142964799101, -15.48706619134307, 234.80451828569886, 28.742081883122083, 6.201142964799101, 28.742081883122083, 145.45592803939152, 8.10022435461456, 5.122547251464991, 21.0, 0.0
12, 0 ,1.0,1.0,1.0,42.64440938719106,55.50064203690795,175.61395849384257,12.933029551318896,12.347435729646952,12.246563411429962,67.0,61.0,52.0,0.7326301993365535,0.28118618376418436,0.6198284610117675,14.21645629218955,0.365745009933442,-0.9306601723024261,-0.010110954396350012,12.253250902863215,0.5740066016422358,0.23410675716465965,-0.784672191122496,10.837478981154748,69.52206576752276,52.08797273680792,58.04536182438878,20.830712833096406,5.981817510453629,81771.0,210197.54816313102, 0.0, 0.0,0.0,NaN, 74.11845882660658,74.11845882660658,0.0, 167.26325337528783, 6.312166520003065, 38.32213218776121, 6.312166520003065, 152.45916909776216, 15.062195242556209, 38.32213218776121, 15.062195242556209, 149.97831539017508, 7.514688834301803, 4.964669137726668, 12.0, 0.0
13, 0 ,1.0,1.0,1.0,77.42379299963557,186.30918540349543,26.48833008508818,12.881425582617162,7.8181384340799065,15.27945031282055,61.0,31.0,59.0,0.06525190709234965,0.023120138493473583,0.9976009461788082,15.291604991733664,-0.9972257225405012,-0.034375628316835966,0.06602404472157933,12.875399092232655,-0.035819644392228955,0.9991415191922838,-0.020812921509219345,7.804289235376523,62.84035306901798,61.81129902468627,32.70916616903145,20.376528735415793,6.731499994180227,63111.0,127050.37767349445, 0.0, 0.0,0.0,NaN, 82.96694376354276,82.96694376354276,0.0, 165.9311250405039, 3.8558179588045136, 4.352032506920009, 3.8558179588045136, 61.12328857443742, 3.750474799158228, 4.352032506920009, 3.750474799158228, 233.46160186195203, 7.337159158233451, 4.868011461702536, 9.0, 0.0
14, 0 ,1.0,1.0,1.0,188.35135707329465,55.34748274547995,93.486048185629,7.196250426268717,12.963383968425028,14.315973584382625,28.0,55.0,76.0,-0.09870078355833016,0.5671816253073565,0.8176571159347159,15.579535992931525,-0.07617918596320349,-0.8235645834106136,0.5620837202567668,11.516967972405556,-0.992197000071536,0.0068103498742033974,-0.12449390420271841,7.029932485214108,89.33860797832344,55.15414221396154,32.061981194014834,19.29829512667803,7.2359000119393775,47234.0,157982.02304973532, 0.0, -7.105427357601002E-15,0.0,55.446075173733206, 109.26424819519342,109.26424819519342,1.3486991523486091E-6, 51.7860201975727, -5.600157167379131, -19.163557092108892, -5.600157167379131, 168.04932391281903, 51.12191411121816, -19.163557092108892, 51.12191411121816, 204.94709966874112, 8.429505270897709, 5.099921685926868, 12.0, 0.0
15, 0 ,1.0,1.0,1.0,183.88093481819982,19.66286454491481,176.9699548423079,9.5520244629415,11.795076191720407,12.303217322279698,40.0,49.0,49.0,0.20162754553557577,0.6208981610897891,0.7575168687472362,13.18879273290789,-0.1720229252205742,-0.7389310410009952,0.6514514792705152,11.005260965109631,-0.9642377539174954,0.2616608304666632,0.04218013418233777,9.309894066346612,73.59116282808151,59.388542245446516,43.09751638051557,18.675720585233908,5.740349363117952,55583.0,188356.48354693042, 0.0, 0.0,0.0,NaN, 34.305035846244614,34.305035846244614,0.0, 91.24117134063283, 15.30334522350823, 9.469624905931546, 15.30334522350823, 139.12382236848958, 24.467264879369754, 9.469624905931546, 24.467264879369754, 151.36915647924323, 7.960087305237364, 5.181653187698959, 4.0, 0.0
16, 0 ,1.0,1.0,1.0,185.70483635033827,14.443659718412873,94.08543609434997,8.435232167650538,8.561247614400182,16.156633713212557,33.0,35.0,73.0,-0.23312766716487682,-0.05799673161122019,0.9707151332521187,16.538992833341265,0.39230027144580765,-0.9189969255205838,0.03930836943019508,8.691274674137134,0.889804466063083,0.3899756787366762,0.236995742932359,7.510550976961977,78.37230162325196,42.326174504237386,41.47433333728836,18.885716254662103,6.986747235199503,43752.0,137578.64671815926, 0.0, 0.0,0.0,NaN, 96.25507931998148,96.25507931998148,0.0, 71.1531417221664, -3.9610207166853195, -48.841622743590044, -3.9610207166853195, 73.2949607150728, -12.91509873897017, -48.841622743590044, -12.91509873897017, 261.0368129429166, 7.8618335555493015, 5.200533310930964, 7.0, 0.0
17, 0 ,1.0,1.0,1.0,101.56222948706143,84.65457224422138,13.573775209503637,14.519540606947213,17.468919291649435,9.320492029745813,73.0,84.0,37.0,-0.15491262936632527,0.9785283943037345,0.13595682698623868,17.67063193970332,0.9865149498866267,0.14586088777413014,0.07424860313789822,14.445948439999482,-0.05282358292465621,-0.14562548869994263,0.9879285835159869,9.050696815821402,87.52354813743466,71.59646290791304,42.2698448869828,23.13134497171431,8.23362934136705,86872.0,264878.7612969555, 0.0, 0.0,-1.7763568394002505E-15,82.18604781384909, 130.53979714572944,130.53979714572944,0.0, 210.81705943678907, -16.674344064281488, 4.43438243873079, -16.674344064281488, 305.1631412181618, 32.01628656513816, 4.43438243873079, 32.01628656513816, 86.87157167655522, 7.671044959968606, 4.8601297284928275, 16.0, 0.0
18, 0 ,1.0,1.0,1.0,77.08751870508146,124.07219634539591,126.41582186439607,11.203378635411019,14.006904643545683,14.499877752394223,59.0,63.0,70.0,0.022465536622542328,-0.6293896341562819,0.7767650790817537,15.324981548655645,0.36915380942674253,-0.7168320149525111,-0.5915042918904714,13.427467002632687,-0.9290967466577343,-0.30003424930455047,-0.21623756517836876,10.807571225891461,71.94124465512311,63.37194470847899,60.70673968589833,22.118071351026394,6.538076558672254,94894.0,276765.46092692995, 0.0, 0.0,0.0,NaN, 130.85162658450483,130.85162658450483,0.0, 125.51569284838405, -18.470868449517482, -11.804090886502964, -18.470868449517482, 196.1933776933816, -30.792197563524773, -11.804090886502964, -30.792197563524773, 210.24645483437695, 7.116228683438495, 4.5890838784462105, 20.0, 0.0
19, 0 ,1.0,1.0,1.0,182.30258205304705,149.06940640606922,36.152389460888415,10.546413085181117,13.845247817938716,11.298745238113804,45.0,68.0,52.0,-0.05090306819647847,0.9981366878057667,0.03364565505853316,13.857104004953989,-0.4854225651217844,0.004714571129977047,-0.8742669535614667,11.616558918535159,-0.8727965461198686,-0.06083523054278283,0.4842780852010909,10.179174207532995,69.29249648177206,58.14152215667724,50.47199956091359,19.9007193502428,5.877136156506493,68279.0,203340.13922094041, 0.0, 0.0,0.0,NaN, 64.91624780862671,64.91624780862671,0.0, 111.22682896327947, -4.563334793265674, 13.144211745017609, -4.563334793265674, 191.6908871401368, 2.839728559950464, 13.144211745017609, 2.839728559950464, 127.66164395579938, 7.897731283707894, 5.223581063700776, 14.0, 0.0
20, 0 ,1.0,1.0,1.0,151.75654901960783,187.49458823529412,10.113490196078432,13.509712782412647,7.4073473148093765,6.579092134081119,68.0,28.0,25.0,0.9986254737541715,0.04317108592565128,0.029722390705609895,13.523389623137389,-0.035295606635128624,0.9731235417891683,-0.22756272227226387,7.43540560512697,-0.03874768795057571,0.2262008615273277,0.9733097076073884,6.519069228217461,68.19528112154322,33.069355454406605,29.809300169194238,15.644104688088467,5.9939615883281645,25500.0,67225.15845298606, 0.0, 0.0,0.0,NaN, 50.853697700840996,50.853697700840996,0.0, 182.51233946328367, 5.612996226066911, 4.269511652441295, 5.612996226066911, 54.86879424221368, -2.6515034648212334, 4.269511652441295, -2.6515034648212334, 43.28445330872805, 7.95700331149148, 5.092249198993075, 5.0, 0.0
21, 0 ,1.0,1.0,1.0,18.913079537729434,84.69990482664853,25.83105370496261,11.308799096961417,11.421164355365674,13.635570845972408,45.0,54.0,58.0,-0.10459778325909062,-0.39847274031825763,0.9111963449007806,14.147760329458468,-0.9636769874536721,0.26699995872088483,0.006138883877468959,11.304439326499757,-0.24573556435628013,-0.8774568349875133,-0.4119266137847812,10.784769525443295,66.10945794075899,51.320213242144575,50.40857320574692,20.239987027318453,5.882486691632612,73550.0,171023.76129013018, 0.0, 0.0,0.0,NaN, 90.54844996327911,90.54844996327911,0.0, 127.88893701543535, 0.5411351673251438, -8.059375576671234, 0.5411351673251438, 130.4429952322754, -30.42524789427666, -8.059375576671234, -30.42524789427666, 185.9287922955327, 8.030161778844594, 4.918532979922273, 10.0, 0.0
22, 0 ,1.0,1.0,1.0,40.92201724702544,174.59486955572535,187.10614561729068,12.050879515566917,13.073517692175393,7.095373667069466,68.0,60.0,30.0,-0.12032609084949628,-0.9895760616129491,0.07912553408023723,13.126300695815752,0.986588905706361,-0.11034577905469345,0.12027526837191888,12.084455204244122,-0.11029035768372152,0.09253662695071958,0.9895822399753236,6.939096618531848,62.96141736605385,68.0414396422559,33.90379046854554,18.208823685264928,5.909621766291762,45805.0,145243.34606736928, 0.0, 0.0,0.0,NaN, 49.86264763627149,49.86264763627149,0.0, 145.22369709871035, 4.126489991333961, 10.433012818359474, 4.126489991333961, 170.91686484762303, -11.02002523261505, 10.433012818359474, -11.02002523261505, 50.344327475342794, 7.51425220296901, 4.877655561343714, 9.0, 0.0
23, 0 ,1.0,1.0,1.0,67.86879157558235,188.83734104317983,74.38746679829819,13.467018613408898,6.6970333011362495,11.739915317856159,66.0,27.0,51.0,0.9839809095578461,0.06199972233902147,0.16714545777734413,13.52975103618382,0.17114090412920313,-0.06595712045624108,-0.9830363417468142,11.707783342605577,-0.0499235471451359,0.9958944184455529,-0.07551123591520822,6.626469885418133,66.70313894376952,50.50053432823161,29.40167331408898,18.102003703192846,6.0294211140442355,42543.0,99040.83487849966, 0.0, 0.0,0.0,NaN, 101.31274866266352,101.31274866266352,0.0, 181.3605903339017, 7.43708806861385, 7.21135885264568, 7.43708806861385, 44.85025503652789, 7.482412388506186, 7.21135885264568, 7.482412388506186, 137.82561167043366, 6.92144044401576, 4.726438865394628, 11.0, 0.0
24, 0 ,1.0,1.0,1.0,113.71606472117885,83.65041895405952,64.46428777809882,11.23620830179403,12.270440986964964,11.407942609022676,54.0,55.0,57.0,-0.39206457460398386,0.9060867040484896,-0.15903538627343802,12.555623747033346,-0.39856272952486205,-0.011495477897490641,0.9170690293656195,11.455607540186886,0.8291158664350167,0.42293585652490207,0.365639359603501,10.8665828020954,60.442769662101654,55.36448389551829,46.01997748583449,19.452171782456194,5.345116138351586,69220.0,154000.45870160175, 0.0, 0.0,0.0,NaN, 136.3743175129651,136.3743175129651,0.0, 126.25237700130508, -13.993609735292008, -2.3391200232483738, -13.993609735292008, 150.5637220145897, -5.83935516246117, -2.3391200232483738, -5.83935516246117, 130.1411545707551, 6.926593596341206, 4.506684427785761, 14.0, 0.0
25, 0 ,1.0,1.0,1.0,50.49357842030468,85.15030613735672,77.328768942664,12.93528862682817,11.948494685410333,11.755191526550796,64.0,65.0,57.0,-0.8461614970867968,-0.05633934756285759,0.5299401841378151,13.637948490601698,0.10043605833891434,-0.9934358317550583,0.054752592363068946,11.95248865797248,0.5233768422782691,0.09955463877351794,0.8462656526561274,10.927814089801068,64.46491339411806,66.2353964239042,57.09023499507538,20.33257005085581,5.904179880351176,75293.0,243767.25907757544, 0.0, 0.0,0.0,NaN, 125.61813007349275,125.61813007349275,0.0, 167.3216918593502, 0.8345951551591941, -29.724981608067317, 0.8345951551591941, 142.76652524727896, -3.262981659970286, -29.724981608067317, -3.262981659970286, 138.18452782589165, 6.912628970593469, 4.444491780752074, 16.0, 0.0
26, 0 ,1.0,1.0,1.0,102.35372265457443,21.634156504687788,104.76720387278633,12.049779736566377,12.741332075495052,12.689009299944088,56.0,51.0,60.0,-0.46028651319256164,0.636364310341576,0.6190127545507638,14.133720092842962,-0.004508917998148589,-0.6989334414018564,0.7151725065665233,11.75834012105315,-0.8877589737262698,-0.32639318162861186,-0.32457895118881674,11.424932634666662,74.7605944173816,60.73888719081143,57.27291045555154,20.791094897699747,6.023293511589061,81595.0,260069.14505584305, -1.4210854715202004E-14, 0.0,0.0,62.594402780475754, 138.10183802287548,138.10183802287548,0.0, 145.19719169976568, -20.254660518883583, -19.75100236750249, -20.254660518883583, 162.34154305803906, 23.408441728128974, -19.75100236750249, 23.408441728128974, 161.01095701406754, 7.237229123049576, 4.665903433577092, 15.0, 0.0
27, 0 ,1.0,1.0,1.0,144.05102617785045,73.03047205709308,113.5918364228189,13.087695843888369,9.924838831191554,11.800447749782533,58.0,46.0,59.0,-0.9120613663655209,0.23596838471135614,0.33535501397798173,13.300863127723732,0.401539687185073,0.3481638357003903,0.8470819459330396,12.07938980213807,0.08312607051203955,0.9072490644399169,-0.4122974550905235,9.285265612149734,61.1003246515018,63.91683645900588,43.56122771559974,19.438202262872128,5.585433574061473,65437.0,170121.38145156179, 0.0, 0.0,0.0,NaN, 126.21453265537339,126.21453265537339,0.0, 171.28778250213287, -11.174026104476543, -7.436269110989217, -11.174026104476543, 98.50242582512774, 24.782720451317953, -7.436269110989217, 24.782720451317953, 139.25056709534766, 6.642108322823072, 4.5222171514467, 14.0, 0.0
28, 0 ,1.0,1.0,1.0,136.98853593721032,140.94767010691552,18.24182683394104,10.339527965049527,13.716402485888336,10.875916755282041,46.0,68.0,44.0,-0.11712056138041699,-0.9884122986797301,0.09656035377207636,13.790216545621758,0.46567856388860784,0.03121950226448346,0.8844030855967212,11.044968940003962,-0.8771694529773479,0.14854787274481762,0.4566259741477808,10.05831445630715,68.4306030235121,51.347193174976816,54.319487203582455,19.476075818564258,5.832115540031918,64724.0,190863.4355794275, 0.0, 0.0,0.0,NaN, 88.26316624378147,88.26316624378147,0.0, 106.9058385400412, 10.605697596244507, 7.568822005914172, 10.605697596244507, 188.13969715488375, -7.919426063182967, 7.568822005914172, -7.919426063182967, 118.28556526782465, 7.495066641807633, 4.684920946078172, 8.0, 0.0
29, 0 ,1.0,1.0,1.0,181.79000275153626,94.05376501880217,78.45116023112905,9.8647293663787,9.844828759377565,13.31174323016002,37.0,51.0,66.0,-0.13300372688072615,-0.17810246114830844,0.9749818059680665,13.449808650858117,-0.7169197137837783,-0.6619570729644578,-0.2187211867664234,10.337108219218017,-0.6843508841406007,0.728074410266727,0.03964240773130211,9.147835127424992,66.65725376105433,53.62458543637538,48.79833906463682,18.473584616413294,5.4920595425783025,54515.0,174428.0818844339, 0.0, 1.4210854715202004E-14,0.0,79.74074699810814, 123.82366193749641,123.82366193749641,0.0, 97.31288547189432, 13.300018379074324, -8.972761949445653, 13.300018379074324, 96.92065330146761, -13.525898388286398, -8.972761949445653, -13.525898388286398, 177.20250782571114, 7.360637019374967, 4.669974477271203, 12.0, 0.0
30, 0 ,1.0,1.0,1.0,59.334048584589944,11.19219260600811,107.08764124571833,11.9238932433708,7.1840591318710425,14.342015534999794,58.0,30.0,71.0,-0.10836509682059468,0.12494406621369697,0.9862281612837115,14.462076443767124,0.9924661649437364,0.07064558458837522,0.10010051358529126,11.903408039542938,-0.05716569979398066,0.9896454828352194,-0.13165827384145096,6.974278978824942,73.01316935134112,60.20684157554575,31.162923817638116,19.002694253695875,6.195236589205308,50798.0,136988.85748071634, 7.105427357601002E-15, 0.0,-1.4210854715202004E-14,31.000214970431323, 110.8083972722862,110.8083972722862,0.0, 142.17923007930384, 4.3508343570346915, -7.910019770435687, 4.3508343570346915, 51.61070561021972, 20.43673685023129, -7.910019770435687, 20.43673685023129, 205.6934096061754, 6.776469494352365, 4.512801934550145, 12.0, 0.0
31, 0 ,1.0,1.0,1.0,54.47229134823087,151.47822846531838,19.400010105731212,11.97357282019511,13.65558160865537,12.566195394898964,57.0,68.0,52.0,-0.4448324386767005,0.892474997447852,-0.07491648971618857,14.23938150205588,-0.4071347936808548,-0.12700091208714226,0.9044954549932696,12.88346691218472,0.7977251163623891,0.43285002860054184,0.4198517493891415,10.909029132580594,73.58186656732087,62.452385816688434,52.87964819017775,21.08334632916828,6.575950837582193,79163.0,243001.18509036445, -7.105427357601002E-15, 0.0,0.0,63.58738125947339, 75.48478806814563,75.48478806814563,0.0, 143.3664460805151, -30.821115999410708, -14.508186625482494, -30.821115999410708, 186.47490907064676, -10.99612928492804, -14.508186625482494, -10.99612928492804, 157.90926670277995, 7.404486007037213, 4.578011340086484, 13.0, 0.0
32, 0 ,1.0,1.0,1.0,90.9702556573542,74.68968194587575,100.61251888137555,11.539192407960476,12.803652511393995,10.673736881219108,56.0,56.0,53.0,0.1516760339666077,0.980767624129844,0.1228383009442208,12.85155923379261,-0.924825779356207,0.18467601198824524,-0.33255382787498045,11.64224930318011,-0.34884331519802003,-0.06316358171304043,0.9350501074203643,10.502885055682452,58.61645038948018,54.07987652355598,49.807422788578876,19.554974479385386,5.349589814230937,70837.0,157888.05590582459, 0.0, 0.0,0.0,NaN, 154.05196333265405,154.05196333265405,0.0, 133.1529614279327, 3.8503770608574643, 8.782000611023994, 3.8503770608574643, 163.93351763252576, 5.058760111952658, 8.782000611023994, 5.058760111952658, 113.92865900949703, 6.849956000154732, 4.439646087659835, 6.0, 0.0
33, 0 ,1.0,1.0,1.0,12.977129274207796,103.51513740102469,108.00122062862374,8.750574956467013,15.077186310261796,12.346126237281359,35.0,76.0,62.0,-0.054579927228708365,0.9429607790877135,0.32839914836369694,15.42730904594725,-0.048558377072688674,-0.3310068618001842,0.9423781308250212,11.932560661610989,-0.9973279879557053,-0.03548840012576161,-0.06385497550495466,8.713958562432365,70.13463145065819,54.582221076431544,38.41886540204344,20.25132952254467,6.79739617347054,62263.0,147071.41074407852, 0.0, 0.0,0.0,NaN, 133.9459219265962,133.9459219265962,0.0, 76.57256206874766, -7.273042486564136, -5.945830779513372, -7.273042486564136, 227.3215470343457, 29.458536362807777, -5.945830779513372, 29.458536362807777, 152.42683306688716, 7.1675909818536985, 4.552380803412088, 18.0, 0.0
34, 0 ,1.0,1.0,1.0,31.82912896295814,40.26017186381095,103.96281166590717,10.152831720440815,11.795674153056929,11.697218222461636,45.0,58.0,53.0,-0.16046830660789677,-0.8088331841503253,0.5657197210559654,11.989199418533612,-0.09299374553824125,-0.5582088585986958,-0.8244725789695555,11.557655899204782,-0.9826505410699996,0.18491011437773336,-0.014358402963098829,10.085758386496432,59.185080790865335,59.192270070787416,47.23152159391675,18.7597073779444,5.207323103713814,61444.0,165466.1558924504, 0.0, 0.0,0.0,NaN, 108.89038723488052,108.89038723488052,0.0, 103.07999194358922, 7.107342367003254, -1.37193933206895, 7.107342367003254, 139.1379287250953, -4.565043084616815, -1.37193933206895, -4.565043084616815, 136.82491414388858, 6.901836134655837, 4.488142038525018, 10.0, 0.0
35, 0 ,1.0,1.0,1.0,22.30600889220202,178.08691195655067,100.77629722318362,12.879469976913478,12.271527763517796,11.401670000032471,51.0,55.0,59.0,0.7476571288002237,0.6270617251721747,0.21863762388551167,13.784383554541414,0.5891115388347518,-0.4743080040618671,-0.6542014308258568,11.855138643327354,-0.30652310282580025,0.6179203104826259,-0.7240290583444142,10.766414310039293,73.49345894882303,61.521826485065105,57.594537622182656,20.27957688428123,5.93363132669932,75122.0,260410.92748586234, 0.0, 0.0,0.0,NaN, 104.03405525615618,104.03405525615618,0.0, 165.88074688621566, 27.85532956980394, 2.6199579275505807, 27.85532956980394, 150.59039365078806, 17.800265640289478, 2.6199579275505807, 17.800265640289478, 129.99807878964046, 7.248944677316306, 4.624555357132961, 12.0, 0.0
36, 0 ,1.0,1.0,1.0,133.1139016625398,42.696810971130034,32.75521754510081,11.673411778930976,11.041197199466026,15.157362496858102,63.0,51.0,65.0,0.4784241428633431,0.00479480886372748,0.8781157949458809,16.40974986758,0.2776552318466554,-0.9495078605681838,-0.14609036568990774,11.179821184796896,0.8330773744098783,0.31370660261969535,-0.45559878810105864,9.677495728677233,77.26925239797839,52.925307460725996,51.32934963611848,20.97041892904906,6.940010515798531,73502.0,209911.3209495311, 0.0, 0.0,0.0,NaN, 85.8467943160354,85.8467943160354,NaN, 136.26854256048446, -7.858013407122265, 72.51152783206622, -7.858013407122265, 121.90803559749642, 5.085984367671145, 72.51152783206622, 5.085984367671145, 229.74563786116047, 6.526772146265798, 4.256266762658593, 12.0, 0.0
37, 0 ,1.0,1.0,1.0,19.143296619219917,131.94198001179527,16.34147313387634,11.090755510493413,14.431160490039302,9.760561436668416,53.0,70.0,41.0,0.07569410286479612,-0.9958129991256279,-0.051253034680066964,14.4552709576849,0.9286827316166433,0.08912046802676322,-0.3600082307055495,11.289845114832422,0.3630685703672837,-0.02034730820312819,0.9315402300815266,9.492963144603273,71.02289255230141,61.028967713930946,46.60795145368852,19.6386730327747,6.391739352758151,62737.0,202020.01305882368, 0.0, 0.0,0.0,NaN, 72.56310105247373,72.56310105247373,0.0, 123.00485779354001, -5.866927017645662, -12.946472471963016, -5.866927017645662, 208.25839308927138, 4.86717506746121, -12.946472471963016, 4.86717506746121, 95.26855955897861, 6.903723053699365, 4.417071332897484, 8.0, 0.0
38, 0 ,1.0,1.0,1.0,98.4413715685274,134.7880736129537,16.342551961084464,10.873164683710325,13.173095765218818,10.82659258692556,51.0,61.0,44.0,-0.0526757328420495,-0.9378837833418447,0.34292750854071324,13.54387235206229,-0.7803710614942001,-0.1756101529949945,-0.6001517146084732,11.687908671000903,0.6230941129171166,-0.29922413523889163,-0.7226469700611556,9.43014220101519,68.26306941135104,64.12699947273344,45.8589509084058,19.260335773556626,6.165284682142325,58794.0,200747.82432403215, 0.0, 0.0,0.0,NaN, 119.207289978437,119.207289978437,0.0, 118.22571023908544, 11.20315831111799, 20.623121009113795, 11.20315831111799, 173.53045203962597, -25.37144610954949, 20.623121009113795, -25.37144610954949, 117.21510704327149, 7.014801823449008, 4.509892256935793, 7.0, 0.0
39, 0 ,1.0,1.0,1.0,145.80891353932492,102.94781838171346,82.74654173708997,9.714753025656902,12.717531763620652,11.064104961369349,46.0,63.0,52.0,-0.0652151651994898,0.9557951978408847,0.2867098219669283,12.885607845796546,0.10239066152307427,-0.2793954026905061,0.954701189581472,10.893992833188086,-0.9926042185387239,-0.09161740413106172,0.07964368524506647,9.68547828964585,65.0587138706729,49.829238149205686,47.06580392444833,18.74001203079329,5.228614366184584,60941.0,152579.1537985724, 0.0, 0.0,0.0,NaN, 138.57413170612043,138.57413170612043,0.0, 94.37642634950994, -5.213774879718868, 1.080610402330255, -5.213774879718868, 161.7356141587002, 13.159761125086906, 1.080610402330255, 13.159761125086906, 122.41441859619785, 7.506017276073367, 4.49913658497216, 12.0, 0.0
40, 0 ,1.0,1.0,1.0,28.731635114392223,146.78460395195282,126.86020758716468,15.423590932364947,11.262796209108584,11.379531485861238,65.0,65.0,59.0,-0.9731942984453099,-0.22486578352423475,0.048251806946188344,15.631010609671154,-0.12371930170162285,0.33501342794655103,-0.9340554252730209,11.43058092165979,-0.19387210180942246,0.9149870941688373,0.35385339569440877,10.919926723576637,70.21300338366366,57.43907821650741,65.95466741298429,21.275701144429192,6.4479464442175445,82086.0,265993.2077770167, 0.0, 0.0,0.0,NaN, 94.90423840424481,94.90423840424481,0.0, 237.8871572489302, 26.90001998461996, -4.55478994057878, 26.90001998461996, 126.85057844791069, -4.928668343582873, -4.55478994057878, -4.928668343582873, 129.49373683770725, 7.060899944381503, 4.456614780472272, 13.0, 0.0
41, 0 ,1.0,1.0,1.0,125.157856264744,73.57352892314849,166.06794697145895,10.643369980736463,9.807214909540859,13.100029013591014,48.0,45.0,64.0,-0.09904452369326577,-0.04509201509671834,0.9940608092571054,13.12429256655632,-0.8858505990110075,-0.45105207728818075,-0.10872322569651863,10.889145718652314,-0.45327574230065876,0.8913578034372811,-0.004729449571824633,9.500157847692819,64.06116190232453,53.42257786520025,47.01257172754153,18.777258436752877,5.337425838837838,60194.0,160891.70764269898, 0.0, 0.0,0.0,NaN, 110.29866209445066,110.29866209445066,0.0, 113.2813245468421, 11.68206678692631, -5.345211019749454, 11.68206678692631, 96.1814642819205, -2.286485917128899, -5.345211019749454, -2.286485917128899, 171.61076015692635, 7.2802663015038735, 4.5454219549517365, 15.0, 0.0
42, 0 ,1.0,1.0,1.0,179.6043352211435,83.20607470334411,20.390540722761596,11.410352000269132,10.901427864961475,11.107942217945116,50.0,54.0,45.0,0.8590018487896138,0.4955905231913802,0.12847512249038429,11.66397462776778,0.11706399269311135,0.05416503864432076,-0.9916461920480539,11.098433015257903,-0.49840931511236025,0.86686572311492,-0.011487937050418583,10.639554646263848,64.62760033741105,47.335779851130425,56.35420887359027,18.56395320526756,5.272881942045642,59328.0,172398.67529394352, 0.0, 0.0,0.0,NaN, 88.06252415344775,88.06252415344775,0.0, 130.19613277004578, 9.790021534289, 1.363564470841862, 9.790021534289, 118.84112949495851, 0.9189800620873466, 1.363564470841862, 0.9189800620873466, 123.38638031720745, 7.029478357134823, 4.408153536026075, 8.0, 0.0
43, 0 ,1.0,1.0,1.0,149.9186348341612,112.95704214068259,130.31462906585483,12.187870563596718,11.33345071507558,10.40014662831465,59.0,56.0,50.0,-0.9023164700596511,0.42344033134437165,-0.08076678556225386,12.417057344507938,0.4306573981834658,0.8772428527315557,-0.21208296188343354,11.12965850031066,0.018952394279827478,0.22614876325633756,0.9739083856445074,10.348996687898945,62.650299532632545,59.27258448117249,48.00845315097368,18.896695122903047,5.298042780925188,62410.0,178276.7585599686, 0.0, 0.0,0.0,NaN, 122.23203578441456,122.23203578441456,0.0, 148.54418887498738, -11.65416023088625, 1.899706559788706, -11.65416023088625, 128.44710511104716, -4.729762529633879, 1.899706559788706, -4.729762529633879, 108.16304989044457, 6.461357895062245, 4.326613929999378, 16.0, 0.0
44, 0 ,1.0,1.0,1.0,9.678793012660547,169.1776368506605,161.8525149385288,6.376209434249446,14.92403033274341,11.222371286025865,26.0,64.0,65.0,0.049602408221585216,0.9928233550419143,0.10881813627303111,14.97889439598659,0.0114208077867977,0.10838130724580286,-0.9940437904786628,11.169834269402243,-0.998703742982931,0.05054975690354642,-0.005962870858581947,6.339705866319329,66.74602308282198,64.98367353399766,27.41773702679579,18.6335911406729,6.489501260165328,43679.0,118921.74121104999, 0.0, 0.0,0.0,NaN, 49.98927605803926,49.98927605803926,0.0, 40.656046749411644, 9.174666201487293, 0.03397020507712972, 9.174666201487293, 222.72668137264537, 10.786220760364326, 0.03397020507712972, 10.786220760364326, 125.94161728141783, 8.15940022218844, 4.789094447342895, 6.0, 0.0
45, 0 ,1.0,1.0,1.0,118.54765615979679,178.93654023784782,31.650675441634917,11.314846743627454,10.688072937656951,13.770364913038106,59.0,45.0,61.0,0.2255398379377849,0.18893712250644204,0.9557376968823524,13.98966176702996,-0.8968943429209932,-0.342790804738509,0.2794190434151636,11.276847326787044,-0.3804107242695948,0.9202158594187074,-0.0921436537965124,10.44057890172373,65.5607699640258,57.272451208297014,51.15649623869457,19.898942682102277,5.992970042063637,69288.0,192083.7420918828, 0.0, 0.0,0.0,NaN, 89.88836915934233,89.88836915934233,9.5367431640625E-7, 128.0257568317768, 9.278475986240519, 14.13838571890834, 9.278475986240519, 114.23490312067489, 13.91712879455136, 14.13838571890834, 13.91712879455136, 189.62294983823097, 6.139778426170157, 4.159112213987552, 8.0, 0.0
46, 0 ,1.0,1.0,1.0,15.875004177667858,150.22114902576786,60.80670766351392,10.279496244180944,10.312606030978486,13.710479929971761,41.0,52.0,68.0,-0.1014223503678413,0.061211190974909825,0.9929585575165241,13.749258686934521,0.6766659912941746,-0.7274179007120308,0.11395759715602181,10.700906270654025,-0.7292713096452755,-0.6834591339817876,-0.03235690197052078,9.82057211372614,67.5560263592035,56.42419481897946,52.50297108257956,19.112324428238676,5.8918758510538005,59842.0,200130.53076152643, 0.0, 0.0,-7.105427357601002E-15,6.803362568855079, 80.17110114518712,80.17110114518712,1.3486991523486091E-6, 105.66804303413012, -9.467176987521459, -7.932352305687054, -9.467176987521459, 106.34984315017384, 4.130594411634889, -7.932352305687054, 4.130594411634889, 187.9772599101585, 6.945698593278838, 4.397360899380227, 10.0, 0.0
47, 0 ,1.0,1.0,1.0,121.76635722115648,152.87136886818305,110.48422513017265,11.5195702203697,12.359742006273898,9.326063675393467,61.0,56.0,43.0,-0.24036744876139873,-0.968420676284792,0.06621845150742979,12.43447896301577,0.9622557855730614,-0.22875668251127484,0.14742517877759354,11.496103738082377,-0.12762167804533017,0.09915530218067688,0.9868540587859749,9.255404689301285,57.64901884363698,60.91471861381437,44.62179416548382,18.575019646551436,5.235248736340807,58384.0,156697.18374960654, 0.0, 0.0,0.0,NaN, 127.88543578278245,127.88543578278245,0.0, 132.7004980620284, 5.8156060347164535, 5.498703668825014, 5.8156060347164535, 152.7632224616515, -5.989936785290567, 5.498703668825014, -5.989936785290567, 86.97546367749351, 6.790954253395622, 4.420848456236507, 15.0, 0.0
48, 0 ,1.0,1.0,1.0,113.24770889487871,28.73906430496727,65.62048517520216,9.447906517820524,13.779742249677986,9.83680565774261,44.0,56.0,53.0,0.27998145060410373,-0.9530019598944105,0.11574822571009277,14.165173672967642,-0.08573746419486111,-0.14491112803875747,-0.9857230098785206,9.777189216414717,-0.9561691662833814,-0.2660601988421936,0.12228039925104778,8.925323827532605,61.234218281187,54.57032318310678,43.006687709796964,18.52800325302867,5.71139869392766,51940.0,143709.90396083784, 0.0, 3.552713678800501E-15,0.0,17.635722974143583, 112.50751932089553,112.50751932089553,NaN, 89.26293756947555, -32.085152124522565, 5.26745933261165, -32.085152124522565, 189.88129646756053, -11.070515294965142, 5.26745933261165, -11.070515294965142, 96.76274554819702, 6.418614059221896, 4.13653441055244, 7.0, 0.0
49, 0 ,1.0,1.0,1.0,142.09690414949333,37.32218228020701,127.88871672503022,12.608378569912126,9.90279373434012,12.238029131462227,60.0,46.0,65.0,-0.9586114425354065,0.12683126034980438,-0.25490769631038435,12.694128801378291,0.24122697135870677,-0.11378035420489975,-0.9637756893002193,12.21998910013662,-0.1512403733441989,-0.9853770153576183,0.0784760286687576,9.81513378901092,56.85321041823346,62.54530571325825,45.54046530985978,19.374884337781914,5.605332088930487,64538.0,161937.40555373146, 0.0, 0.0,0.0,NaN, 99.72838600314805,99.72838600314805,0.0, 158.97121016221936, -9.3334458455548, 3.5154787195398374, -9.3334458455548, 98.06532374488594, 3.7158249889436643, 3.5154787195398374, 3.7158249889436643, 149.7693570225181, 6.77397904118777, 4.53742557287935, 11.0, 0.0
