// Sample: .//bubblelabels.tif, Map: .//bubblelabels.tif, Thickness:(8.191250068658265):/gpfs/home/mader/Foam/NewValid/InSilicoTest/LatticeDataPhi_16.0/out_Step_02000.vtk/distmap.tif, Neighbors:(1.0):
//LACUNA_NUMBER, TRIANGLES, SCALE_X, SCALE_Y, SCALE_Z, POS_X, POS_Y, POS_Z , STD_X, STD_Y, STD_Z,PROJ_X, PROJ_Y, PROJ_Z, PCA1_X, PCA1_Y, PCA1_Z, PCA1_S, PCA2_X, PCA2_Y, PCA2_Z, PCA2_S, PCA3_X, PCA3_Y, PCA3_Z, PCA3_S,PROJ_PCA1, PROJ_PCA2, PROJ_PCA3,OBJ_RADIUS, OBJ_RADIUS_STD, VOLUME, VOLUME_BOX, Mask_Grad_X,Mask_Grad_Y,Mask_Grad_Z,Mask_Angle, Mask_Distance_Mean,Mask_Distance_COV, Mask_Distance_STD, SHAPET_XX, SHAPET_XY, SHAPET_XZ, SHAPET_YX, SHAPET_YY, SHAPET_YZ, SHAPET_ZX, SHAPET_ZY, SHAPET_ZZ, Thickness, Thickness_STD, Neighbors, Neighbors_STD
1, 0 ,1.0,1.0,1.0,169.7385162459908,62.0777715799749,168.4469948403291,13.082344315398622,12.12777765161248,11.693959234327604,59.0,59.0,59.0,-0.8923745599450545,-0.3854735254090645,0.23468661225467938,13.463563809230338,-0.19621396208819614,0.7997028665380078,0.5674287676286299,12.055687105995949,-0.40640832403448973,0.4603102067732163,-0.789269781314271,11.330148458198407,67.2694092713231,65.21929478080399,63.818290686093974,20.38242164522066,6.287789277966404,71710.0,279987.65308347123, 0.0, 0.0,0.0,NaN, 75.92759220425681,75.92759220425681,0.0, 171.14773278664262, 15.53288655551678, -12.96687212033182, 15.53288655551678, 147.08299076695113, 2.9141418180935448, -12.96687212033182, 2.9141418180935448, 136.74868257411583, 5.896152840832955, 4.21365753882581, 28.0, 0.0
2, 0 ,1.0,1.0,1.0,41.75485740105786,8.936661084974617,26.202987534221087,14.03634209252635,5.901795944366145,12.062016678151075,73.0,23.0,54.0,0.8686012111802575,-0.02370093778201151,0.4949446448689421,14.908278448801484,-0.49033702435668114,0.10286664004623268,0.8654409609618868,11.012991578845329,0.07142505499630578,0.994412751282812,-0.07772864082770693,5.8137415859875885,78.751172407096,54.07264176486322,25.288704774679953,18.232262174332085,6.702757421973001,37623.0,107686.48525702392, 0.0, 0.0,0.0,NaN, 50.09918745497697,50.09918745497697,0.0, 197.01889933842702, -8.292458730385116, 43.8940051040082, -8.292458730385116, 34.83119536893668, 5.577750825134842, 43.8940051040082, 5.577750825134842, 145.49224634399468, 6.251920120765302, 4.245349835921175, 16.0, 0.0
3, 0 ,1.0,1.0,1.0,169.92082789704662,40.11647491400783,12.00583165302653,14.733304277276487,11.191517495310276,8.222366322667868,65.0,60.0,31.0,0.9401490592650523,0.3324834358254337,0.07466264973032266,15.19660093595804,0.3371869488362016,-0.9393383357949977,-0.06283671252076654,10.605741946263729,0.04924132306884682,0.08425114721830076,-0.9952271279938213,8.155316332386736,73.50023257934384,63.71878866159203,34.78024860181331,19.11562342511011,6.6723734748717245,50586.0,162887.93073580612, 0.0, 0.0,0.0,NaN, 51.55800759926748,51.55800759926748,6.743495761743046E-7, 217.07025492681362, 36.83638718282911, 10.567772817980682, 36.83638718282911, 125.250063847836, 6.795291976048098, 10.567772817980682, 6.795291976048098, 67.60730794414273, 6.163249646767091, 4.076034506322522, 15.0, 0.0
4, 0 ,1.0,1.0,1.0,9.488882267495995,30.055868002532684,135.04715259413757,6.210633949388027,10.510398622237748,10.559646689666359,24.0,53.0,56.0,0.043459127357389334,-0.6979733587459032,0.714803815553818,11.582166431713494,-0.013240710921429779,-0.7158193522235713,-0.6981599663089554,9.381770057785792,-0.9989674608432595,-0.020876912204368474,0.04035054786718202,6.1953533227034745,65.08170051556831,45.264966950839195,25.856603239876588,15.291827288764322,5.1678438088637835,26849.0,76171.51106621268, 0.0, 0.0,0.0,NaN, 72.19602810543886,72.19602810543886,0.0, 38.57197405329113, -2.43440438754655, 3.4337247215667657, -2.43440438754655, 110.46847919833715, -22.97257733588631, 3.4337247215667657, -22.97257733588631, 111.50613821058168, 6.1860425734429825, 4.1176167460924304, 12.0, 0.0
5, 0 ,1.0,1.0,1.0,59.113108667042674,74.1769129535627,142.43147208121826,9.84148262313696,9.912355866169083,10.60526134802018,50.0,56.0,56.0,-0.5989905222022126,0.3617094791305179,0.7144064718485209,11.521067390063799,0.1971048723689,-0.7981144888985368,0.5693530819260302,9.976772449920377,-0.7761185628500077,-0.48185009631353026,-0.40676831376384426,8.678142945066801,55.13093352083058,53.87913355150149,48.41615541225191,16.832298230534256,4.924924728073114,42552.0,143815.68355991849, 0.0, 0.0,0.0,NaN, 110.95363643584453,110.95363643584453,0.0, 96.85478022150674, -16.2527139040585, -21.85471129739872, -16.2527139040585, 98.25479881757663, 3.8305808933208048, -21.85471129739872, 3.8305808933208048, 112.47156825981081, 5.952301697725331, 3.86250719433242, 21.0, 0.0
6, 0 ,1.0,1.0,1.0,28.65515650741351,106.93848434925864,173.96462932454696,12.3991853747487,12.196148351247173,9.961518263530886,59.0,58.0,51.0,-0.7763452480622847,0.6298584855302264,0.023797983458251314,12.803499792668902,-0.6234741281453479,-0.7729252679525412,0.11775628091058232,11.796402332403586,0.09256385549721034,0.0765821021261675,0.9927573290031304,9.931412978466927,66.91920122534131,58.08129460125656,51.495661985376614,19.185418340797256,5.79977601000648,60700.0,200150.9620087665, 3.552713678800501E-15, 0.0,0.0,39.07284290462379, 100.79386993208357,100.79386993208357,0.0, 153.73979795738208, -12.40167455685861, -4.181439521887746, -12.40167455685861, 148.74603460562915, -2.709441088997386, -4.181439521887746, -2.709441088997386, 99.23184611465939, 6.004856560483599, 3.740431612499848, 23.0, 0.0
7, 0 ,1.0,1.0,1.0,136.11477553124885,16.504658785401244,180.27236401134314,13.451717021560517,9.970718483196986,9.673446226052452,65.0,41.0,39.0,0.961547782804982,0.2721062614938968,0.03720273966575215,13.718215270990425,0.06472343293288714,-0.3561634392309821,0.9321794257462133,9.676990942893099,-0.26690211428949895,0.8939271709770172,0.3600798166751667,9.597181662215496,70.39526942598654,45.68787010655956,49.042190203182194,18.476055575655145,5.707438142719809,54306.0,157729.9789071259, 0.0, 0.0,0.0,NaN, 68.86875408155858,68.86875408155858,0.0, 180.94869082814094, 25.104140643586042, 3.529929567953782, 25.104140643586042, 99.415227071166, 0.46194880685603307, 3.529929567953782, 0.46194880685603307, 93.57556188832841, 6.138970579999883, 3.954064984418943, 14.0, 0.0
8, 0 ,1.0,1.0,1.0,185.1954718151508,155.33196350572484,91.20038251789822,8.346884611239258,10.809439190841024,10.302972145195197,32.0,56.0,52.0,0.1846201783225836,0.8158982844821019,0.5479282609386931,11.428637623614433,-0.21211568787139395,-0.5112936874849331,0.832817927338806,9.7938492248223,-0.9596469792142227,0.2699791742287226,-0.07866969408733168,8.13218622438351,55.380700983578265,47.30527932836178,38.144750917051425,16.399037329992908,4.872090722470769,38691.0,99931.60050266438, 0.0, 0.0,0.0,NaN, 102.62513001424577,102.62513001424577,0.0, 69.67048271334272, 12.943406994034866, 1.2608489575647108, 12.943406994034866, 116.84397562048986, 16.142857174539692, 1.2608489575647108, 16.142857174539692, 106.15123502466811, 6.148652415177165, 4.074318453600004, 18.0, 0.0
9, 0 ,1.0,1.0,1.0,79.33606245239909,146.63371776738114,44.833451202263085,9.626679942610483,8.891834880650556,10.422240085214682,45.0,40.0,48.0,-0.5849052334569731,-0.08647088086923495,0.806479171855258,11.258252882916278,0.10356015294272793,-0.9941248148517036,-0.031482490666159976,8.872534194312129,0.8044632761022239,0.06510483282955803,0.5904237445641161,8.653939082934311,54.609875330653956,40.65229435110885,42.06593443728346,16.08867451879168,4.638462556111608,36764.0,93387.0780632186, 0.0, 0.0,0.0,NaN, 105.60402090587368,105.60402090587368,0.0, 92.67296671745898, 2.228386926993977, -24.474439386463597, 2.228386926993977, 79.0647275447539, -3.4964842266979703, -24.474439386463597, -3.4964842266979703, 108.62308839385572, 5.9898928284666155, 3.942533409976353, 14.0, 0.0
10, 0 ,1.0,1.0,1.0,153.0845281490482,10.677885783718105,87.30307816929931,9.554343702557619,6.801428225510002,9.578701452132387,48.0,26.0,46.0,-0.7015011409768116,-0.05354602723119315,0.7106539046371219,9.798715924491605,0.7064240070688921,0.07946861771366269,0.7033134870279465,9.350323752408102,0.09413432660279318,-0.9953981925673949,0.017921126878704955,6.771487499709144,49.396597750776095,50.273738081204215,27.63286931648956,14.42699361864782,4.599813706002099,24690.0,68622.13071120129, 0.0, 0.0,0.0,NaN, 99.68403182878575,99.68403182878575,NaN, 91.28548358660244, 4.218195721724593, -4.350608511110804, 4.218195721724593, 46.259425906764136, 0.41492023817078155, -4.350608511110804, 0.41492023817078155, 91.7515215090831, 6.343713111695658, 4.053275155924887, 15.0, 0.0
11, 0 ,1.0,1.0,1.0,99.0792722247812,90.90520497466605,12.863265776140027,11.216017968700728,11.42129842276308,8.334910472623559,60.0,55.0,33.0,0.5717177476008789,0.8160758252403953,0.08461125537648805,11.608223364228474,0.815372073480719,-0.576606017445896,0.051902624528400686,11.05031564429563,-0.0911438361378914,-0.039316003146182346,0.9950613312910306,8.297922861192035,58.26297455084391,60.065578059753626,36.17715192099822,17.244566286516296,5.323606194360216,43420.0,126605.5335807086, 0.0, 0.0,0.0,NaN, 135.0774669680549,135.0774669680549,0.0, 125.79905907421758, 5.707192180497428, 5.441309055700875, 5.707192180497428, 130.4460576618104, 2.9562690450159255, 5.441309055700875, 2.9562690450159255, 69.47073258664989, 6.131302358051535, 3.8465670362255424, 12.0, 0.0
12, 0 ,1.0,1.0,1.0,154.76822866776504,9.79160121077436,39.89179662056017,10.190553928598456,6.227156865160314,9.735315516210573,46.0,24.0,48.0,-0.9551729805491009,0.013549235025579582,0.2957380520987596,10.23833628553321,-0.29570556924831665,0.004386973084477417,-0.9552690567492935,9.685732517310319,-0.014240559837172822,-0.9998985812058031,-1.8373390057073704E-4,6.226097967636597,52.959140253502795,49.71902198961659,24.38371466964808,14.71059998578799,4.582519858471242,26099.0,64204.189951857574, 0.0, 0.0,0.0,NaN, 61.09946014277512,61.09946014277512,0.0, 103.84738937167342, -0.9263421692794859, -3.110292434278386, -0.9263421692794859, 38.777482623313226, 0.034004437688233934, -3.110292434278386, 0.034004437688233934, 94.77636820017032, 5.862077184901017, 3.875561527987594, 14.0, 0.0
13, 0 ,1.0,1.0,1.0,188.6662804619009,59.006333758158576,92.96450778202603,6.932943541887195,9.43724730970862,9.716242859271278,28.0,46.0,55.0,-0.14478415122208427,0.4668423245239456,-0.8724080430555297,9.842412687245778,0.08014775746171965,-0.8732677171224621,-0.48060361131142193,9.37598003654393,0.9862118872376048,0.1395053341804608,-0.08901895981441234,6.83744316892003,53.94110049112656,45.61753316044124,29.83673561931795,14.541418524251684,4.481056297624946,25893.0,73418.06008970701, 2.8421709430404007E-14, 0.0,0.0,81.67521993252164, 110.69146457293749,110.69146457293749,0.0, 48.065706154995375, -6.268538601002388, 4.745618960510227, -6.268538601002388, 89.06163678460261, -3.139735807988723, 4.745618960510227, -3.139735807988723, 94.4053753003401, 6.165857750858994, 3.9438423530699627, 11.0, 0.0
14, 0 ,1.0,1.0,1.0,71.76238465274405,187.4253035454104,26.039193783389994,11.160058887467098,7.354393997209477,12.803421582012211,55.0,29.0,55.0,-0.4069615990717376,0.048208102405069016,0.912172262099367,13.18053737802827,0.9087168465672242,-0.08010933172839671,0.40965374126809695,10.743628845106649,-0.0928221398476328,-0.9956196431532132,0.011206093055767535,7.308180574510469,60.9536080259073,52.37244173236399,31.089494914730608,17.599672079769995,5.72827830409863,41180.0,99246.66148347063, 0.0, 0.0,0.0,NaN, 77.36926040012531,77.36926040012531,0.0, 124.54691437173335, -6.875046255662008, -21.57793804831291, -6.875046255662008, 54.087111066190786, 3.2556474035382936, -21.57793804831291, 3.2556474035382936, 163.92760420673605, 5.595939127875798, 3.713958978432842, 12.0, 0.0
15, 0 ,1.0,1.0,1.0,185.47329202290376,149.11038774282952,34.11585222370382,8.490189213562447,11.643911348954836,9.167196093445835,36.0,59.0,49.0,-0.20171083168030804,0.9793812839571024,-0.011182174089877983,11.764342436024497,-0.004506755333988179,-0.012344803810325461,-0.9999136437589217,9.16686366821524,-0.9794347500161501,-0.2016430173683743,0.006903912468992845,8.322879678116733,61.286481462838225,49.156250993721386,40.73162811940344,16.348737252257106,4.941685831450384,38247.0,122708.65948281252, 0.0, 0.0,0.0,NaN, 62.96561961329837,62.96561961329837,NaN, 72.08331288209212, -13.65582238922574, 0.22244471583428316, -13.65582238922574, 135.5806715023192, -0.5748719661274776, 0.22244471583428316, -0.5748719661274776, 84.03748421568858, 5.944127144712428, 3.9117817739875784, 16.0, 0.0
16, 0 ,1.0,1.0,1.0,152.4655055513179,110.00101703534197,10.090685651326384,10.342903431374314,9.629552483030542,5.789847109326273,58.0,50.0,24.0,0.9127002391106864,0.4045187659446679,0.05781731164537235,10.525996180065071,0.40392852389760403,-0.9145240872930263,0.02207807380095006,9.444251513073088,-0.06180631933061625,-0.0032033981114125017,0.9980830211617373,5.76504811242891,52.25558770703651,43.37472907785633,24.7675131359763,14.576393812933775,4.555766167597477,23598.0,56137.35078295099, 0.0, 0.0,0.0,NaN, 102.27984666628358,102.27984666628358,0.0, 106.97565139073457, 7.964735480412258, 4.5919068616060645, 7.964735480412258, 92.72828102343966, 0.6841606722759688, 4.5919068616060645, 0.6841606722759688, 33.5223295493738, 6.057157009525545, 3.9390953828280573, 17.0, 0.0
17, 0 ,1.0,1.0,1.0,11.384898166145526,46.769162511620046,14.40129299416885,7.0358397337550915,9.254662397077176,8.764045771554867,27.0,45.0,38.0,-0.18384025802313037,-0.852704586930335,0.4889761210508696,9.540459814715515,0.051675930820410644,-0.50515091545034,-0.8614825307535416,8.541556325072028,-0.9815968407161023,0.13310687453189304,-0.13693137788147,6.926886544349509,48.261356437036895,40.78528257864629,29.967457589616856,13.947051579161059,4.176130670500564,23666.0,58986.53684434498, 0.0, 0.0,0.0,NaN, 50.24308617308183,50.24308617308183,0.0, 49.503040759086915, 6.0948068402625415, -4.9807900736873005, 6.0948068402625415, 85.64877608387427, -7.075836067474679, -4.9807900736873005, -7.075836067474679, 76.80849828590875, 7.280593107685951, 4.142173016867934, 10.0, 0.0
18, 0 ,1.0,1.0,1.0,62.04353890332285,12.032490086147956,104.83314645152468,10.621224562861057,7.345404543935088,11.993175764234522,50.0,28.0,57.0,0.3393922311940276,0.14415577633783977,0.9295332299350969,12.325424606206624,-0.9334420246356395,0.17367126719009968,0.3138857715741557,10.421738522257728,-0.11618476685546056,-0.9741957724713339,0.19350373859365738,7.076222049300971,60.70221269924818,55.37879096454081,35.28969173876449,16.74471761053964,5.49691515159898,36565.0,118630.36232281316, 0.0, 0.0,0.0,NaN, 114.24058627142253,114.24058627142253,0.0, 112.81041121472305, -4.507280848274723, 14.977317950202815, -4.507280848274723, 53.954967914062244, 16.837911172312204, 14.977317950202815, 16.837911172312204, 143.8362649118223, 5.588971669307473, 3.6950744361060734, 18.0, 0.0
19, 0 ,1.0,1.0,1.0,191.6838904109589,134.71128767123287,118.5254794520548,4.824556839785071,9.694019550952623,9.708870825967756,19.0,47.0,46.0,0.023505285075935523,0.7040686938110492,0.7097427533752649,10.73652781176746,0.02160896521005185,-0.7101308491794087,0.7037380405138574,8.546186147267479,-0.999490147123047,0.0012047567952859644,0.03190602396122777,4.816867172062536,49.020058868033516,46.1131226147386,19.927635058166345,13.826660610105147,4.509544638081387,18250.0,45045.78106900349, 0.0, 0.0,0.0,NaN, 104.7371526000349,104.7371526000349,0.0, 23.276348700316916, 0.7589818397447747, 2.293835121035831, 0.7589818397447747, 93.9740150542517, 21.1036028072809, 2.293835121035831, 21.1036028072809, 94.26217271532782, 6.170720877100344, 3.8391319831721926, 8.0, 0.0
20, 0 ,1.0,1.0,1.0,11.539442908781629,153.4577397405911,188.0552838613651,7.293334980316621,10.173054497052885,6.098771086007822,29.0,56.0,23.0,0.07365150792405867,0.9968968410229868,0.027787474496638098,10.18897439544653,0.9958495232648018,-0.0750109485814832,0.05154691655349732,7.277515378008097,-0.05347132309733358,-0.02387563509720919,0.9982839133507686,6.091087947685007,56.590525651024464,30.89532431184389,24.763385680639374,13.22443632308164,4.358103444320991,18812.0,43295.873705105674, 0.0, 0.0,0.0,NaN, 49.416768169642054,49.416768169642054,0.0, 53.19273513511005, 3.7135263189709065, 0.950721846420747, 3.7135263189709065, 103.49103780000793, 1.7867292509985833, 0.950721846420747, 1.7867292509985833, 37.19500875952504, 6.142434171774642, 4.071437680704557, 8.0, 0.0
21, 0 ,1.0,1.0,1.0,8.464851080209787,19.19554443535582,55.162440456142036,5.3352689911849565,10.369155297410114,9.622218833051901,21.0,42.0,45.0,0.008236312544432252,0.9444566431407959,0.32853281781717025,10.466959997507495,-0.05703221180964119,0.3284528416745405,-0.9427969333912892,9.526701331022748,-0.9983383644695673,-0.010971783042824344,0.056569691576767,5.315663855184417,45.38457982777334,44.33565573006442,21.815045098064296,14.365007746107125,4.713610560443881,20783.0,43895.254396912555, 0.0, 0.0,-7.105427357601002E-15,70.82025231906292, 59.01709470193585,59.01709470193585,NaN, 28.465095208299743, -0.5383801563764817, 3.5806987804076384, -0.5383801563764817, 107.51938158180822, 5.871906942512595, 3.5806987804076384, 5.871906942512595, 92.58709527113871, 5.512358373312348, 3.7780881241119, 11.0, 0.0
22, 0 ,1.0,1.0,1.0,100.84822296087957,19.453515724878546,102.28033750958834,9.971061492362717,9.68488291539148,10.485921427597784,45.0,41.0,52.0,-0.5824513267920663,0.3311110468763996,0.7423718250005021,12.066523477305115,-0.4997666800336136,-0.8661406927211112,-0.005793612066169309,9.559535474108852,0.6410801178061456,-0.3743871993658543,0.6699630642838834,8.135592495078246,60.42601955073244,48.07545874719993,43.45217315000866,16.62185730276802,5.1853092831073795,39110.0,126228.93713131784, 0.0, 0.0,0.0,NaN, 140.565453086146,140.565453086146,0.0, 99.42206728447859, -4.408384828870348, -34.26491732403693, -4.408384828870348, 93.79695708484178, 19.646782244756864, -34.26491732403693, 19.646782244756864, 109.95454818575436, 5.394569021913743, 3.4135171230379067, 19.0, 0.0
23, 0 ,1.0,1.0,1.0,123.03346913742497,10.577167389494896,146.00814824549875,8.947588196911077,6.496433977858577,9.53323515844743,42.0,26.0,48.0,-0.6047239864124911,-0.08177351697395283,0.7922259729263459,10.276304200724613,-0.784358268447433,-0.11142078158529177,-0.610219236134905,8.128578296231176,-0.13817021015953238,0.990403201404677,-0.003239085030906718,6.439669899353938,49.89316065957688,43.627417991453484,27.533739628471896,13.95832130503767,4.279115317652313,22827.0,59932.96019187783, 0.0, 0.0,0.0,NaN, 94.6088970387307,94.6088970387307,0.0, 80.05933454150242, 5.321682398669383, -18.94831669775077, 5.321682398669383, 42.203654428675414, -2.4818571487468986, -18.94831669775077, -2.4818571487468986, 90.88257258625819, 5.811837209579473, 3.7898233004215762, 9.0, 0.0
24, 0 ,1.0,1.0,1.0,57.45413413309892,149.88417188065566,21.049407932157816,8.710846647644876,10.198808558040087,11.234375572979005,40.0,48.0,46.0,-0.36757656420341467,0.1961590519947281,0.9090704569883141,11.790428051859415,0.2600240627929883,0.9601942356186435,-0.1020515392013104,10.213932921734225,-0.8929025457557171,0.19886843943989224,-0.40395097174991546,7.922570319115219,53.451303910431136,45.45936898781261,43.39518115692467,16.72152478585748,5.147460410051541,38678.0,105444.32542841934, 0.0, 0.0,0.0,NaN, 79.09267558608809,79.09267558608809,0.0, 75.878849318786, 4.87808368882266, -26.580946541401996, 4.87808368882266, 104.01569600355172, 9.524389770310437, -26.580946541401996, 9.524389770310437, 126.21119451474735, 5.487685684470869, 3.6509576093415546, 12.0, 0.0
25, 0 ,1.0,1.0,1.0,139.70934948210666,36.37611662191045,35.59889296870718,8.775420402021975,8.985668767401117,10.933018709415052,40.0,44.0,55.0,0.23818372551606942,0.42129389086301866,0.875088550045528,11.55577268448635,-0.8203624186914551,-0.3950311793513251,0.41346809954216246,8.714229372962063,-0.5198788463651813,0.8163711318155492,-0.2515236772954146,8.23452904724826,56.66065052064284,42.08586749563483,41.57021466294381,15.966228296329515,4.728710027011006,36494.0,99128.85891824125, 0.0, 0.0,0.0,NaN, 78.90161963457437,78.90161963457437,0.0, 77.00800323222352, 9.230324683745405, 10.942140015319705, 9.230324683745405, 80.74224319744792, 22.904110130748144, 10.942140015319705, 22.904110130748144, 119.53089810041956, 5.485805643384225, 3.5315748239473788, 16.0, 0.0
26, 0 ,1.0,1.0,1.0,70.80433800271125,62.817555354722096,46.88028129236331,8.967088575537806,10.16901816301166,9.335093196692242,42.0,49.0,49.0,0.41903379162729815,0.8960108989608813,0.1468848202428093,10.487552839285126,0.08436368099948093,-0.19949433388623422,0.9762606107364491,9.32611292991879,-0.904042836818404,0.396694441214646,0.15918564478850497,8.602117528477244,51.5646231636093,48.45014543030731,46.30292175339376,15.796520880574578,4.629416915951628,35408.0,115679.21410477247, 0.0, 0.0,0.0,NaN, 105.62698667857974,105.62698667857974,0.0, 80.40867752154064, 13.295188191863758, 3.2843591502906904, 13.295188191863758, 103.40893039966106, 2.209009747759531, 3.2843591502906904, 2.209009747759531, 87.14396499092977, 5.62307514724567, 3.573085735692373, 23.0, 0.0
27, 0 ,1.0,1.0,1.0,92.12153153153153,126.72525525525525,77.13318318318318,8.990577586679303,8.151311838876115,10.259521809774647,44.0,39.0,46.0,-0.08390132813286882,-0.10500368887333865,0.9909262295754069,10.28789617233747,0.9880178020256586,0.12051150729061078,0.09642509782692142,8.994932928775002,-0.1295430045117334,0.987142949087687,0.09363443836824605,8.110643116053557,45.75091733156346,44.87066909771677,39.520827790451435,15.313591354030946,4.245712854597568,33300.0,81131.29059898318, 0.0, 0.0,0.0,NaN, 140.73056788449676,140.73056788449676,0.0, 80.83048534210023, 2.153960720179625, -1.8893691394096745, 2.153960720179625, 66.44388469460192, -3.992327539250945, -1.8893691394096745, -3.992327539250945, 105.25778776524163, 5.777035341919722, 3.625639777894466, 19.0, 0.0
28, 0 ,1.0,1.0,1.0,67.60172595243107,190.48730793517154,72.59966322879394,10.278465367706092,5.513332888819197,10.113905678744667,52.0,22.0,46.0,-0.7555309691698393,0.04294249584489469,0.6537039824537516,10.73788480658408,0.6549418123967303,0.026706190353463777,0.7552072574937896,9.635216038459674,-0.014972541526734093,-0.9987205422175995,0.048302189938081094,5.495017716928018,46.253874746130435,48.55977967949363,22.759659509323228,14.694925677377107,4.732223290692809,23755.0,51119.969760198874, 0.0, 0.0,0.0,NaN, 99.65538501758017,99.65538501758017,NaN, 105.64685031513352, -1.6655684961204804, -11.049908911487318, -1.6655684961204804, 30.396839542935428, 3.652506775983222, -11.049908911487318, 3.652506775983222, 102.29108807854361, 5.407405651398544, 3.6683433686147358, 15.0, 0.0
29, 0 ,1.0,1.0,1.0,125.9998822074327,74.85953236350787,165.55983862418282,8.99932921100095,9.051673792093903,9.363955646457763,42.0,43.0,44.0,-0.49139808494271564,-0.37713974196178573,0.7850436530204092,9.787787530576699,0.48405065805968955,-0.867606916650138,-0.11381211979759567,8.96419744277229,0.7240323767253872,0.3240738391383022,0.6088951176019959,8.628254139660282,49.22670411186337,43.18739753327215,42.90791269785535,15.278852177751892,4.142591720855109,33958.0,91221.07416838905, 0.0, 0.0,0.0,NaN, 110.75238929517162,110.75238929517162,0.0, 80.98792624797498, 1.47542370367672, -8.563306456372626, 1.47542370367672, 81.9327984384796, -5.738723416062398, -8.563306456372626, -5.738723416062398, 87.68366534882823, 5.6132498893377125, 3.6367382689752312, 17.0, 0.0
30, 0 ,1.0,1.0,1.0,44.492064374461464,56.483586735970206,171.545181643828,9.038496304287186,11.377406707283095,8.017448394404022,43.0,54.0,40.0,0.24479845220408378,-0.9662772541781542,0.07988733226495862,11.533116640309924,0.9420114834770481,0.25653693960534696,0.21634038831270985,8.90699269603683,-0.22953884811912886,0.02229499216975578,0.9730441154070528,7.941786905742814,50.99637277233421,45.198813689760044,37.650284379064914,15.923745723809649,4.674783385989317,35977.0,86782.98501169634, 0.0, 0.0,0.0,NaN, 77.3279771527992,77.3279771527992,0.0, 81.69441544261312, -12.614001611776379, 4.6820093214919005, -12.614001611776379, 129.44538338293037, -4.496402430422768, 4.6820093214919005, -4.496402430422768, 64.27947875693162, 5.494254021121128, 3.5318401842900933, 20.0, 0.0
31, 0 ,1.0,1.0,1.0,188.7416057591911,180.03797329230093,188.16024619442766,6.501191043603098,11.317182784252086,7.056577120389076,26.0,49.0,28.0,-0.047489285364208,-0.9693536954076463,0.24103564254096693,11.546345995393091,0.6070082356143218,-0.21964594968779186,-0.7637386062535629,6.969829136453015,-0.7932753429118946,-0.11004121948291891,-0.5988365055194343,6.184073720203873,53.67027921031138,39.73878938798501,32.94744988286192,13.86003205782003,5.295177350172993,18197.0,70270.05495845743, 0.0, 0.0,0.0,NaN, 25.795614381846672,25.795614381846672,0.0, 42.26548498542514, 2.998656395032075, -5.87989901598083, 2.998656395032075, 128.0786261721718, -20.480394027606174, -5.87989901598083, -20.480394027606174, 49.79528065599859, 6.105241763655312, 3.8889997314790206, 8.0, 0.0
32, 0 ,1.0,1.0,1.0,87.74316778444175,75.84952876178096,97.36481815227347,10.47241205421033,8.563173243936228,9.324867223802222,48.0,42.0,46.0,0.8649213882725207,0.225912763482071,0.44819015540798,10.967218295079252,-0.4774959736967377,0.09527259196232214,0.873453334943651,8.885296452711811,-0.15462401887203703,0.9694774657085513,-0.19027573747376536,8.409763896559873,50.009221847835846,47.80192371464783,42.786760136472175,15.76916670481121,4.613662364789484,33847.0,102283.33355006209, 0.0, 0.0,0.0,NaN, 151.43289708665756,151.43289708665756,0.0, 109.67141423316986, 9.30888863196623, 15.780109439470317, 9.30888863196623, 73.32793600566531, 5.702012552058679, 15.780109439470317, 5.702012552058679, 86.95314874154097, 5.886371387992859, 3.590523983439446, 21.0, 0.0
33, 0 ,1.0,1.0,1.0,143.15727760191226,71.19681503973125,115.75799470250016,9.122443809108113,9.599331271601073,8.119832404910818,42.0,42.0,36.0,0.4194228383499968,0.8678978097180519,-0.26615385504824374,9.972303132085118,-0.8880161707589742,0.33139406016118167,-0.31875579580684527,8.977058664405194,0.18844565036370736,-0.37004238781049953,-0.9097015269210579,7.827094491172699,45.46737805781241,42.00167098958731,40.5817853294308,14.964242983616339,4.167643473639734,30958.0,77499.27300708913, 2.8421709430404007E-14, 0.0,0.0,65.20184577262177, 124.08383060645637,124.08383060645637,0.0, 83.21898105033495, 8.212601187788247, 1.2074528003594203, 8.212601187788247, 92.14716086193829, -10.861440071139395, 1.2074528003594203, -10.861440071139395, 65.93167828383982, 5.65149588711953, 3.5756517803276076, 19.0, 0.0
34, 0 ,1.0,1.0,1.0,146.5266502039344,106.98901251352626,84.71143974917454,9.328675416413416,9.681231660695904,9.893760136958297,43.0,50.0,45.0,0.318038942022686,0.684043624519023,0.6564568158774553,10.593772946237195,-0.708717222516815,-0.28838276886217973,0.6438596719250501,9.569085101011165,-0.6297389378664316,0.6700147001210194,-0.39307654694295713,8.651098556466737,53.195365535059295,49.837352940920184,43.30268776660464,15.999727069223148,4.758745092027937,36041.0,114800.45734436027, 0.0, 0.0,0.0,NaN, 136.6984672774329,136.6984672774329,0.0, 87.02418502479603, 11.551997821391344, 0.17325163344303557, 11.551997821391344, 93.72624646806078, 13.682603982705077, 0.17325163344303557, 13.682603982705077, 97.88648964766506, 5.235988694085738, 3.4151340501017735, 23.0, 0.0
35, 0 ,1.0,1.0,1.0,8.945504412115431,98.59265442404006,112.87216789887908,6.01370525287617,9.69837160245505,10.851619572546525,24.0,50.0,59.0,0.019191250833433593,-0.023751595630068477,0.9995336700664338,10.853522163271059,-0.040967375238164086,0.9988595186184547,0.02452215796794949,9.70282189425904,-0.9989761609055269,-0.04141888180933083,0.01819632303848734,6.003083698793737,58.877480151399325,49.56590127720679,25.188536525558888,14.940840809189554,4.975136768925563,25158.0,73508.09325596158, 0.0, 1.4210854715202004E-14,0.0,88.63900582841408, 131.87794615555126,131.87794615555126,0.0, 36.16465086847043, -2.415075553885108, 1.5100064468304513, -2.415075553885108, 94.05841173930652, -0.5177686371050205, 1.5100064468304513, -0.5177686371050205, 117.75764734727483, 5.558308343515505, 3.5256536521255057, 15.0, 0.0
36, 0 ,1.0,1.0,1.0,101.42463798384851,97.00438596491227,171.7697716513506,9.259687591968664,8.449304666743362,8.745686110284389,41.0,41.0,46.0,-0.8773757511790797,-0.32914084578478703,0.34911043364388356,9.512525856408562,-0.2376579177013974,-0.33396113020131263,-0.9121341335946693,8.654097334624403,-0.41680991518530536,0.8832532293463393,-0.2147864694353019,8.26063195802453,44.872121214674024,45.81159481998165,41.12216182885015,14.69130210049738,4.217254057303316,28728.0,84533.3244726074, 0.0, 0.0,0.0,NaN, 141.15204102549095,141.15204102549095,0.0, 85.74181430085844, 6.953616527918242, -5.372509202688155, 6.953616527918242, 71.39074935145115, -0.5293438884735585, -5.372509202688155, -0.5293438884735585, 76.48702553962129, 5.3540942809212275, 3.5239084373966842, 16.0, 0.0
37, 0 ,1.0,1.0,1.0,116.80288916715023,38.13831964083926,158.06312799682374,9.203614942598776,8.434390746609228,9.702451846313103,45.0,39.0,47.0,-0.5985931786316984,-0.17619405695601215,0.7814357688185135,10.16984423021897,0.5981038269795252,0.5506244079710811,0.5823096886528185,9.042189462818627,0.5328771140216532,-0.8159463313477657,0.22421767484316713,8.049604037448871,50.32245586149881,43.98499890146539,41.59346283407659,15.214433319455486,4.301635256037826,32743.0,92064.3501168768, 0.0, 0.0,0.0,NaN, 100.67269694098349,100.67269694098349,0.0, 84.70652801162748, 9.661323487828698, -12.160845735225834, 9.661323487828698, 71.13894726648736, 0.12088364848631068, -12.160845735225834, 0.12088364848631068, 94.13757183002456, 5.285696316095962, 3.4053789846433817, 13.0, 0.0
38, 0 ,1.0,1.0,1.0,180.85727029438002,160.27639012786202,7.991773218356626,10.28913682129342,9.343049539525852,5.3589031448386555,44.0,49.0,20.0,-0.9920311369345415,0.12163827491420061,-0.0328382921032475,10.308449663466217,-0.1193802640132401,-0.9908048822747262,-0.06367132655045171,9.339015611653332,-0.040281210464556905,-0.05924369448694546,0.9974305032166639,5.328734097529214,46.01276532759047,46.54383412434865,21.80637077520661,14.10459107449593,4.789286456492566,20178.0,46700.75299000093, 0.0, 0.0,0.0,NaN, 44.81381172172131,44.81381172172131,NaN, 105.86633652729607, -2.438744991166495, 2.9838094394324144, -2.438744991166495, 87.29257469803423, 3.399785943167086, 2.9838094394324144, 3.399785943167086, 28.71784291576163, 5.833798660367317, 3.5982190868284047, 12.0, 0.0
39, 0 ,1.0,1.0,1.0,55.55889058847297,82.43424052642212,71.89324367225605,10.389391335838322,8.709200103438157,9.195853058812997,52.0,43.0,46.0,0.8744704001726495,-0.1442444838201876,0.4631361010646151,10.934788368121785,-0.2257892050759827,0.7239895639545649,0.6518115879270893,9.049290812600972,0.429325929909948,0.6745610722331413,-0.6005385963738155,8.178879592191347,53.49001901089642,40.67333502312425,43.21953734879565,15.713159781642695,4.63140820126791,34649.0,94029.18022576686, 0.0, 0.0,0.0,NaN, 122.68183573907064,122.68183573907064,0.0, 107.9394523291924, -9.095675713416384, 19.12659344531622, -9.095675713416384, 75.8501664417272, 3.5575126470384686, 19.12659344531622, 3.5575126470384686, 84.56371347928035, 5.205021365797947, 3.3401535641021525, 23.0, 0.0
40, 0 ,1.0,1.0,1.0,154.43149419980378,179.4702776014313,136.8249841288163,9.286909716199014,11.060079383720028,8.68779578492643,45.0,48.0,43.0,0.04788042078275402,0.968808900235684,0.24313942528884896,11.20577768270151,0.9987644898652045,-0.04319430484559644,-0.024571239553659995,9.282175950768092,-0.013302597113499208,0.2440155053537191,-0.9696800885121882,8.504210709787072,52.57383820078391,46.02348112256733,39.53624093002426,16.071475080201242,5.07518791750889,34654.0,95663.11615356684, 0.0, 0.0,0.0,NaN, 80.55458306607466,80.55458306607466,0.0, 86.24669207683166, 1.8730576275696333, 0.28031431643705956, 1.8730576275696333, 122.32535597418878, 12.557518140840275, 0.28031431643705956, 12.557518140840275, 75.47779560058542, 5.323265822638806, 3.4845703612059187, 16.0, 0.0
41, 0 ,1.0,1.0,1.0,133.70609614562335,137.21244884246534,18.047828477185266,9.3819429131394,8.436908476973285,9.704681403321404,48.0,39.0,38.0,0.5041676856055816,0.16328352834671936,0.8480291470001238,9.803085915430216,0.7756900909835761,0.34603989351829106,-0.5277890438837675,9.457326045524981,0.37963117303641275,-0.923901986936112,-0.04780471728293263,8.236601800350137,48.40424294507096,53.68686384454459,41.03615355507901,15.296615924767213,4.404163923419563,32742.0,106639.5032514036, 0.0, 0.0,0.0,NaN, 93.0746065334432,93.0746065334432,0.0, 88.0208528254066, 8.12404236793855, 3.2392417517547596, 8.12404236793855, 71.18142464882366, -0.0318457909504907, 3.2392417517547596, -0.0318457909504907, 94.18084113997229, 5.323195849443413, 3.38601906632942, 12.0, 0.0
42, 0 ,1.0,1.0,1.0,15.982686605235468,152.78500143481173,56.89286739151229,9.41424052099508,8.309848057775891,9.346702108412304,39.0,40.0,44.0,-0.784687717716044,0.346078675865365,-0.514290516903492,9.530619069218664,0.573514204547324,0.09044360171720912,-0.8141875779517075,9.398302458632903,-0.23525867220579869,-0.933835909043818,-0.2694510199132119,8.11674507960961,56.543488639873104,49.684209508792165,38.08767477435666,15.057882281326858,4.278144555245073,31363.0,107000.41073451031, 0.0, 0.0,0.0,NaN, 75.64060232877648,75.64060232877648,0.0, 88.6279245871457, -5.6115085999712, -0.4121472118869008, -5.6115085999712, 69.05357474332175, -6.093849286708344, -0.4121472118869008, -6.093849286708344, 87.36084030339902, 5.641396359933356, 3.6685313237834456, 18.0, 0.0
43, 0 ,1.0,1.0,1.0,117.78480014339488,89.3814662125829,63.26994084961463,8.337591884901506,8.750399203311154,8.675073734461785,40.0,42.0,39.0,-0.4044736563295149,-0.7245970715669781,0.5579965458781919,9.303229070865969,-0.5153900940905509,-0.32342543249302896,-0.7935798891920279,8.409459936611047,-0.7554959379432609,0.6085680516534345,0.24263308566223243,8.004545045432673,49.81614853672161,42.268114231351746,40.54804337191824,14.34276113240643,3.9531041035578265,27895.0,85379.36539404963, 0.0, 0.0,0.0,NaN, 136.93601062133493,136.93601062133493,0.0, 69.51543843917545, 7.695534743650658, -2.3546709116244244, 7.695534743650658, 76.5694862173085, -7.382234829924727, -2.3546709116244244, -7.382234829924727, 75.25690429834873, 5.294931705605067, 3.387988245058477, 16.0, 0.0
44, 0 ,1.0,1.0,1.0,187.19579670532613,25.076272438501885,176.99737755780453,8.025443126335931,9.222623743033552,9.70563422273203,32.0,48.0,50.0,0.06612772909658632,0.5476705152572905,-0.8340768131067682,10.147961224673379,-0.5066605304557281,0.7385562523950548,0.44478058515013036,9.107263915236626,-0.8596058575433563,-0.39318147052726915,-0.32632208155619113,7.598716253805012,51.14649487290552,53.95130851629801,37.54533686140422,14.863783975090275,4.767786455675754,27074.0,103603.36562238079, 0.0, 0.0,-2.8421709430404007E-14,33.48016831082459, 36.35777359299523,36.35777359299523,0.0, 64.40773737405264, -7.791989369745843, -8.174562252859587, -7.791989369745843, 85.0567887055662, -12.387219644561773, -8.174562252859587, -12.387219644561773, 94.19933566546716, 5.470368053353792, 3.534932660080573, 8.0, 0.0
45, 0 ,1.0,1.0,1.0,182.12264120407832,94.16407185628742,80.0412688137239,9.391405051025478,8.560528317834565,9.503635784811857,38.0,43.0,44.0,0.6584224551466967,-0.24004998925009868,0.7133413441120765,10.595211318002628,0.5336568905899575,0.8172383566515966,-0.21755870826803575,8.513183000662284,-0.5307449422127872,0.5239250624644956,0.6661924160759564,8.189471250778928,54.80211870916128,51.40947428230592,49.252443127345444,15.209667811623483,4.523961991805281,30895.0,138761.2776756443, 0.0, 0.0,0.0,NaN, 124.87224311024843,124.87224311024843,0.0, 88.19848883242686, -4.784582238662344, 20.597592894151344, -4.784582238662344, 73.28264508044748, -8.699731076768582, 20.597592894151344, -8.699731076768582, 90.31909313035648, 5.494050271863362, 3.3830819020376452, 13.0, 0.0
46, 0 ,1.0,1.0,1.0,28.429892661851078,151.9813677175454,129.38297441436575,10.347925139064342,8.403003490589851,8.248304237477116,58.0,41.0,41.0,-0.9651236882827328,0.25887140884645254,-0.039011024049462495,10.477148239185784,-0.2098857725312238,-0.6760544917398552,0.7063273226255213,8.765469352742791,0.15647437107880086,0.6898810896670662,0.706809630180061,7.688982828747967,56.133218016596345,45.267546723452284,38.91253756152412,15.009091740110657,4.5223567171854935,29626.0,98877.26650361593, 0.0, 0.0,0.0,NaN, 90.00451180693159,90.00451180693159,0.0, 107.0795546836798, -10.14121714881041, -0.7189145393020471, -10.14121714881041, 70.61046766286522, -8.969742730144905, -0.7189145393020471, -8.969742730144905, 68.03452279398294, 5.3494323093049525, 3.428138911428734, 20.0, 0.0
47, 0 ,1.0,1.0,1.0,17.050854083964875,134.17045591242632,12.345783712257909,9.796674372177778,10.69715582690312,8.048149525238905,41.0,51.0,31.0,-0.2983366293556151,0.9133240904091625,-0.27719011790286807,11.130236308446893,-0.9305816397745775,-0.21378114862364037,0.29717912478438946,9.755939959714675,-0.2121628320398962,-0.34660745285038563,-0.9137013769987316,7.491071855262657,56.89201754173105,50.10914225132247,37.77787481067295,15.83197601136357,4.952294205288577,33252.0,107697.55084320437, 0.0, 0.0,0.0,NaN, 69.11352165271511,69.11352165271511,0.0, 95.97482875448485, -10.693679807167017, -5.198656329166002, -10.693679807167017, 114.42914278504739, -19.6376128377565, -5.198656329166002, -19.6376128377565, 64.77271078060322, 5.624148634837219, 3.496556428574507, 12.0, 0.0
48, 0 ,1.0,1.0,1.0,181.067393431167,84.2100069881202,18.177051013277428,10.593913992523449,9.860017048586299,8.788065344060707,45.0,47.0,41.0,-0.8392559869315431,-0.5286918274005629,0.1270210220373584,11.10724073199451,0.5058420730442804,-0.8448457878348734,-0.17423946715924382,9.33689616485923,0.199432157732464,-0.08197893886557658,0.9764764554481833,8.725400603928536,53.87865658635275,50.22667085294963,45.25386191100846,16.19090050447524,4.953360801016403,35775.0,122463.53704716498, 0.0, 0.0,0.0,NaN, 88.20529492025273,88.20529492025273,9.5367431640625E-7, 112.23101368098413, 16.239767243931254, -6.009220684640449, 16.239767243931254, 97.21993619841247, -1.5463922924592926, -6.009220684640449, -1.5463922924592926, 77.23009249148082, 4.700193608207023, 3.2176693662126543, 16.0, 0.0
49, 0 ,1.0,1.0,1.0,150.37506099620884,112.71326151420743,35.73743478097669,9.581181880473515,8.781582830910423,7.45311372389181,44.0,42.0,36.0,0.9801607324138882,-0.19749713967410998,0.016727774939157395,9.61427399136745,-0.19707350879488075,-0.9800940462676194,-0.024035236675336556,8.746623610578217,-0.021141683119942075,-0.020261793881848202,0.9995711525166908,7.451607776709014,45.42804895951792,41.83734129274963,36.164277967823224,14.40246421120058,4.127126369424782,26641.0,68733.42125284731, 0.0, 0.0,0.0,NaN, 106.57754703192273,106.57754703192273,NaN, 91.799046226714, -3.09286096805528, 0.7044987676318792, -3.09286096805528, 77.11619701614073, 0.37221817093504206, 0.7044987676318792, 0.37221817093504206, 55.54890418126443, 5.713469561848446, 3.6231482396102823, 11.0, 0.0
