// Sample: .//bubblelabels.tif, Map: .//bubblelabels.tif, Thickness:(8.191250068658265):/afs/psi.ch/project/tipl/test/LabelValidation/SmallStep0500//distmap.tif, Neighbors:(1.0):
//LACUNA_NUMBER, TRIANGLES, SCALE_X, SCALE_Y, SCALE_Z, POS_X, POS_Y, POS_Z , STD_X, STD_Y, STD_Z,PROJ_X, PROJ_Y, PROJ_Z, PCA1_X, PCA1_Y, PCA1_Z, PCA1_S, PCA2_X, PCA2_Y, PCA2_Z, PCA2_S, PCA3_X, PCA3_Y, PCA3_Z, PCA3_S,PROJ_PCA1, PROJ_PCA2, PROJ_PCA3,OBJ_RADIUS, OBJ_RADIUS_STD, VOLUME, VOLUME_BOX, Mask_Grad_X,Mask_Grad_Y,Mask_Grad_Z,Mask_Angle, Mask_Distance_Mean,Mask_Distance_COV, Mask_Distance_STD, SHAPET_XX, SHAPET_XY, SHAPET_XZ, SHAPET_YX, SHAPET_YY, SHAPET_YZ, SHAPET_ZX, SHAPET_ZY, SHAPET_ZZ, Thickness, Thickness_STD, Neighbors, Neighbors_STD
1, 0 ,0.3333333432674408,0.3333333432674408,0.3333333432674408,12.579322844921338,280.92936997027476,73.75616617124628,8.644987714106756,10.971673790653599,18.851151311101653,36.0,47.0,84.0,-0.08264045271679939,-0.12111445837115127,0.9891925209726492,18.987371238599973,-0.34340894434245517,-0.9283350652403176,-0.14235274353118627,11.140253350223285,-0.9355430789228057,0.3514616545495651,-0.035126241770494074,8.115037451549245,82.90549417483888,56.70014931570407,41.481760488007815,22.07291015187373,7.9539915468296245,68965.0,194995.54734332277, 0.0, 0.0,0.0,NaN, 77.21334302598167,77.21334302598167,0.0, 74.73581257705676, 21.519769181144355, -21.240558356264863, 21.519769181144355, 120.37762576851512, -27.60467939650345, -21.240558356264863, -27.60467939650345, 355.3659057540496, 6.646828553322339, 5.591382187073757, 14.0, 0.0
2, 0 ,0.3333333432674408,0.3333333432674408,0.3333333432674408,107.98795516904617,13.53529740036274,122.31881597916569,15.685236430542284,8.864861918526609,15.148220328847957,74.0,39.0,82.0,-0.9766737348514102,-0.025749061783050295,0.21317927072933257,15.71046722417605,0.21459812839358125,-0.08242919548974328,0.973217894934575,15.159951864775632,-0.007487251923731472,0.9962642287808017,0.08603213068629774,8.799890732483691,70.89536731219304,79.32493139043387,41.97025102340392,22.39227579473931,7.257202117890998,86012.0,236031.04480693873, 0.0, 0.0,0.0,NaN, 163.72689296463545,163.72689296463545,0.0, 246.02664188201084, 1.564079059977385, -3.4402374859970926, 1.564079059977385, 78.58577683454325, -13.154407818824694, -3.4402374859970926, -13.154407818824694, 229.46857913132249, 4.268980094884842, 4.711682756559638, 21.0, 0.0
3, 0 ,0.3333333432674408,0.3333333432674408,0.3333333432674408,163.0376058466305,16.17706204917176,151.03344325860317,15.597588851570126,10.28043258787618,15.955191607134822,77.0,44.0,77.0,-0.28100903484232076,-0.021534507654426747,0.9594634893090352,15.985615056434959,0.9559511329369437,0.08205934965099343,0.2818220973795881,15.598605761578057,0.08480185005977939,-0.9963947651984816,0.0024734816557256643,10.231511176713846,80.94698356316258,70.9969975673568,46.60767545918147,23.47113634132241,7.255754284965758,105223.0,267853.9750611477, 0.0, 0.0,0.0,NaN, 203.00598458211397,203.00598458211397,0.0, 243.2847779826247, 11.78789205279646, -3.32472306410601, 11.78789205279646, 105.68729419386655, 0.08911472443318434, -3.32472306410601, 0.08911472443318434, 254.56813922038543, 3.861465914084263, 4.7658955619057215, 28.0, 0.0
4, 0 ,0.3333333432674408,0.3333333432674408,0.3333333432674408,279.11101111042143,13.955216932530568,286.32310222829125,12.765742566255222,8.716744758891467,7.399661258389137,51.0,36.0,30.0,-0.9748318237103729,-0.1419457436146174,0.17191370320949284,12.990224421452723,0.08329311627708155,-0.9471647072729737,-0.30974388464883995,8.742439722448854,0.20679741841319182,-0.28762896788431197,0.9351494022729437,6.965961985117993,55.03624549651937,44.686499906367466,35.10241734529541,16.254348331523158,5.431111259767651,32222.0,86330.08415472257, 0.0, 0.0,0.0,NaN, 28.603417088185402,28.603417088185402,0.0, 162.96418326790044, 14.433870927699635, -20.867473672354674, 14.433870927699635, 75.98163919166186, 5.2532194313023615, -20.867473672354674, 5.2532194313023615, 54.7549867389051, 7.432937216267788, 5.43439315639412, 7.0, 0.0
5, 0 ,0.3333333432674408,0.3333333432674408,0.3333333432674408,225.83818683070993,265.0506303995011,217.98391932020326,15.116351245111229,14.134157881099537,15.445443171043298,76.0,71.0,73.0,0.14700220764099536,0.49029030033425675,0.8590726234415909,16.039179688157578,0.9874273555034665,-0.021710150550419964,-0.1565754992535828,15.100645183537905,0.05811685256536417,-0.8712887528031229,0.4873174947471859,13.474250951174943,78.36758010866515,75.7017000566295,69.14302474205057,24.842310641533437,7.049809267843062,141101.0,410195.07673185726, 0.0, 0.0,0.0,NaN, 115.96581590323889,115.96581590323889,0.0, 228.5040749655758, 4.459699033184828, 2.374588740823173, 4.459699033184828, 199.77441900784814, 32.04237305459606, 2.374588740823173, 32.04237305459606, 238.56171474992803, 3.3322758321053643, 4.05670305499431, 29.0, 0.0
6, 0 ,0.3333333432674408,0.3333333432674408,0.3333333432674408,124.4846578489126,154.01117409506872,206.78045274350708,15.145807335920061,15.24072121621735,14.403223767952747,76.0,72.0,71.0,0.5953660418455041,0.561235683687281,-0.5749380693372872,16.209720992572247,0.6575750843918612,-0.7515440194190053,-0.052693408150946905,15.047239189580552,0.4616646884961571,0.34669308362238127,0.8164983901785421,13.414673163051729,81.6777911880403,77.29998399503577,72.13442942688778,24.812579780823782,7.311894595602047,134955.0,455434.5665047456, 0.0, 0.0,0.0,NaN, 213.30506632418906,213.30506632418906,0.0, 229.39547985680994, 4.704065325210997, -29.952910767252327, 4.704065325210997, 232.27958319045769, -24.877951337387625, -29.952910767252327, -24.877951337387625, 207.45285490971895, 3.3226545674444186, 4.034514505392983, 37.0, 0.0
7, 0 ,0.3333333432674408,0.3333333432674408,0.3333333432674408,112.29998890456339,111.79594699551427,168.27307454548335,13.840675726053956,14.450634395577524,15.826644458638082,70.0,82.0,73.0,0.23794210045945538,-0.44894943623849753,0.8612943518507934,16.4916954447174,-0.4155391884069738,-0.848563656948024,-0.32751626372604814,13.918217876097073,0.8779013268739354,-0.2799716482219809,-0.3884651032780832,13.607902348295504,91.78642154376094,70.77060079767497,67.0562644234397,24.42566919308654,7.365765288039092,126178.0,435582.75457489723, 0.0, -1.4210854715202004E-14,0.0,63.32369917272088, 206.06213665370134,206.06213665370134,0.0, 191.56430455377918, -6.2604985470858905, 18.951343200117, -6.2604985470858905, 208.8208344346482, -31.190089791227564, 18.951343200117, -31.190089791227564, 250.4826748201395, 3.9767664112242196, 4.495001398519906, 42.0, 0.0
8, 0 ,0.3333333432674408,0.3333333432674408,0.3333333432674408,105.41774104683195,270.0001731601732,287.40569854388036,14.415428246171057,15.432092168047626,6.872125236608879,69.0,66.0,30.0,0.030868712214917018,-0.9995182812479271,-0.0032137295130270304,15.433044818485955,-0.9983629295600298,-0.0309876061021561,0.048075244652243665,14.427402466376723,-0.048151671689652724,0.0017244475196073604,-0.9988385469104825,6.844803223983187,67.39459478327541,69.78975949148065,31.57326335464802,21.067343069637708,7.0247563272657825,63525.0,148503.34638298655, 0.0, 0.0,0.0,NaN, 110.32454924904125,110.32454924904125,0.0, 207.80457152050636, -0.9131144455178148, -7.7607559584257455, -0.9131144455178148, 238.1494686831169, 0.3742863017084324, -7.7607559584257455, 0.3742863017084324, 47.22610526763664, 3.7197638557258434, 4.291697610433892, 20.0, 0.0
9, 0 ,0.3333333432674408,0.3333333432674408,0.3333333432674408,198.3779546208138,126.96852351854483,69.28523834335971,15.22933278306812,13.424986226623256,14.857964772984772,76.0,67.0,79.0,-0.8254067073754312,-0.1814272879228294,0.5345913454374431,15.857361885401804,0.3950183571643059,0.4909105485832078,0.7765097106881192,14.714078653030729,-0.40331658151241667,0.852109718573084,-0.3335337503018809,12.84374995184605,77.61396776721088,79.26053295888576,69.05689025719653,24.15492379467801,7.032894558499759,126666.0,424818.96025569993, 0.0, 0.0,0.0,NaN, 176.77242523602152,176.77242523602152,0.0, 231.93257701743335, 22.947585816818748, -22.35611371994065, 22.947585816818748, 180.2302551850241, 11.25871382434899, -22.35611371994065, 11.25871382434899, 220.7591171952564, 3.2400970214864424, 4.115241516282964, 35.0, 0.0
10, 0 ,0.3333333432674408,0.3333333432674408,0.3333333432674408,117.96181421446384,33.29235504987531,269.169911159601,14.625996910000794,13.7344724443743,14.700245352621193,73.0,66.0,64.0,-0.6847080338730533,0.2745920920553392,0.6751104289894877,15.676503760166364,0.4869902290199053,-0.5167878469366566,0.7041099616520958,13.867368760679703,-0.5422318924490134,-0.8108819299005543,-0.22012512480840193,13.43860282457612,80.28540169107714,71.52198645967846,69.58472689707114,23.961151755706695,6.672026596465417,128320.0,399567.4295460502, 0.0, 0.0,0.0,NaN, 126.38775611364235,126.38775611364235,0.0, 213.91978561135278, -15.196995482041766, -26.104359689198507, -15.196995482041766, 188.63573332527693, 7.81854568927354, -26.104359689198507, 7.81854568927354, 216.09721342726098, 3.4394404360852633, 4.184289236981605, 32.0, 0.0
11, 0 ,0.3333333432674408,0.3333333432674408,0.3333333432674408,22.16057457497939,87.25874539204554,220.21058157440388,12.881107311819386,17.310450747051128,13.969043618331122,53.0,83.0,65.0,-0.038786509280023355,-0.9858918897375494,-0.1628274806277926,17.408026272330833,0.46428715287875094,0.12651176562193647,-0.8766026539036736,14.209901251275916,0.8848350390720376,-0.10959906436162534,0.4528299887611708,12.47990937412422,81.13930970816693,69.69372814510612,64.99759104201907,24.60161105192711,7.447787853124751,128582.0,367554.94210548844, 0.0, 0.0,0.0,NaN, 120.29767664249343,120.29767664249343,0.0, 165.92292557860685, 8.344423666535194, -17.862040392642317, 8.344423666535194, 299.6517050660829, 18.524077639324336, -17.862040392642317, 18.524077639324336, 195.13417961083746, 3.5426760098548717, 4.128191154478235, 36.0, 0.0
12, 0 ,0.3333333432674408,0.3333333432674408,0.3333333432674408,97.8423475063477,256.9369135267793,49.43812362537046,12.829760637600643,13.033906912089279,16.982676620290903,78.0,65.0,77.0,-0.13483871158196514,0.1672869017073472,0.9766440571549455,17.17862211872194,0.6586196186695488,0.7515262291306214,-0.03779583088499158,13.363675312418692,-0.7402963729226927,0.6381405953595695,-0.21151326386692904,12.21490551936114,79.64807152974217,65.12540414525657,67.61676089454684,23.913421649645073,7.144582395548751,117759.0,350735.76916034194, -1.4210854715202004E-14, 0.0,0.0,82.2507065324211, 117.7781068354828,117.7781068354828,0.0, 164.60275801812685, 11.253091480266104, -19.945093240388992, 11.253091480266104, 169.88272939300867, 23.00265644590126, -19.945093240388992, 23.00265644590126, 288.41130518937524, 3.889068631951068, 4.117225695660422, 28.0, 0.0
13, 0 ,0.3333333432674408,0.3333333432674408,0.3333333432674408,69.90205369759774,57.20092322185587,137.1980781912388,15.03749643812547,12.921879377493315,12.791108843804095,75.0,63.0,59.0,-0.9046032392842963,0.2930468459236644,0.3095424455071562,15.534321007981424,-0.30268290707316264,-0.9529289820378675,0.017590138089637514,12.649976082430408,0.3001267019811764,-0.07778111137329784,0.9507229151921378,12.465019340622462,79.94363836513685,64.21388665957528,61.1627104140813,22.669331251362504,6.543328804455514,106150.0,313978.26828669227, 0.0, 0.0,0.0,NaN, 164.26063249587153,164.26063249587153,0.0, 226.12629912663618, -21.441676884242696, -24.088615930718106, -21.441676884242696, 166.97496664648702, 7.717648500586579, -24.088615930718106, 7.717648500586579, 163.61246545404333, 2.9347101709525987, 3.7655382624724067, 30.0, 0.0
14, 0 ,0.3333333432674408,0.3333333432674408,0.3333333432674408,231.70289010053895,122.52053326609726,11.940133631693403,13.175010159984666,15.645217227806294,7.554460018691257,68.0,83.0,33.0,0.24171366993369217,0.966399359340593,-0.08744586916074576,15.84434185077292,-0.9702043385232604,0.2422432177068009,-0.004665295885405914,12.992602915206005,-0.016674629765876383,-0.08596802743548093,-0.9961583483467995,7.454708699780101,84.57766670265764,61.87759475539826,35.09282493713029,20.69076591763766,6.878647158886731,63458.0,183656.98633092723, 0.0, 0.0,0.0,NaN, 140.7776370151545,140.7776370151545,0.0, 173.58089271569918, 19.047214444183524, -3.6190979940755557, 19.047214444183524, 244.77282210524686, -16.646718997164474, -3.6190979940755557, -16.646718997164474, 57.069866174004716, 3.949920411586739, 4.277689684127673, 27.0, 0.0
15, 0 ,0.3333333432674408,0.3333333432674408,0.3333333432674408,201.98792596224564,191.92944349105173,14.501728364795293,15.94231953584043,15.34339621028159,8.314836938615041,81.0,84.0,37.0,-0.9089304535942754,-0.4160127689759964,-0.027907106224559917,16.106646708921478,-0.41525401663192646,0.9092350433894943,-0.029252992044509107,15.180250014603597,-0.037543737160231995,0.015000397375683046,0.999182393699276,8.297578806639706,76.14735046121686,80.54226875099972,39.26694655140394,22.382463202615547,7.598632360353675,81580.0,240827.3389084916, 0.0, 0.0,0.0,NaN, 146.6148422462826,146.6148422462826,0.0, 254.15755218283942, 11.05065582052799, 6.796938004895062, 11.05065582052799, 235.41980726568343, -2.0854382389339667, 6.796938004895062, -2.0854382389339667, 69.13651331575716, 3.4309432516479554, 4.136532852423295, 26.0, 0.0
16, 0 ,0.3333333432674408,0.3333333432674408,0.3333333432674408,266.8498594822193,104.19588079325514,106.75902441930903,13.661944068549024,13.1941221514241,13.539938281403575,65.0,78.0,72.0,0.6979860399390226,0.45790530743880503,0.5505798919953535,14.653126075592182,-0.2579035129155306,-0.5565164928421824,0.789794385407029,13.076912255276392,-0.6680578313859288,0.693261943722581,0.27034535562853423,12.583471930420579,68.1690943300145,69.2727274614119,65.7898734701465,22.404660021203135,6.488043855999734,100699.0,310676.8282095065, 0.0, 0.0,0.0,NaN, 152.81754704742994,152.81754704742994,0.0, 186.64871573216186, 19.833936004460746, 19.08385078496869, 19.833936004460746, 174.08485934670014, 8.646404068850067, 19.08385078496869, 8.646404068850067, 183.32992866421802, 3.04159168246672, 3.883882177880651, 40.0, 0.0
17, 0 ,0.3333333432674408,0.3333333432674408,0.3333333432674408,73.0207314841442,221.25054246947792,18.695641944001466,13.993162430496982,11.739321794628772,11.166517379630793,64.0,59.0,46.0,-0.9201029724073297,-0.3819132497979309,0.08690678797412618,14.386373073895435,0.33722048538988786,-0.6595676539774835,0.6717535664661907,11.975079488270676,-0.19923068137364036,0.6473892024550778,0.7356591304020997,10.3894717104389,65.86387764347377,60.53783964510386,57.93074953828609,20.54218313682144,6.027445011524274,76502.0,230984.77868600312, 0.0, 0.0,0.0,NaN, 109.00931756290055,109.00931756290055,0.0, 195.8085948062722, 26.910585862375083, 0.11455533027653098, 26.910585862375083, 137.81167619784608, -18.9985538827823, 0.11455533027653098, -18.9985538827823, 124.69111038959656, 3.916203141575146, 4.173151186860298, 20.0, 0.0
18, 0 ,0.3333333432674408,0.3333333432674408,0.3333333432674408,87.48346876397794,286.70247502609215,172.02905546444015,10.848348182201152,7.887306273731321,14.935275909741275,54.0,32.0,67.0,0.1420218302698253,-0.02325081513149477,0.9895904199832019,15.010044090423857,0.9746411768473304,-0.17136681941384044,-0.1439027087918606,10.826049795852425,-0.1729288180739685,-0.9849328976126778,0.0016766275182524585,7.775213647177942,66.728623629684,51.824351976746584,35.26703887521438,19.10727835915275,6.153912474507037,53656.0,121959.33393381217, 0.0, 0.0,0.0,NaN, 155.58516678248264,155.58516678248264,NaN, 117.68665828226702, -10.022698386981086, 15.208928585749241, -10.022698386981086, 62.209600255641455, -2.393491101939607, 15.208928585749241, -2.393491101939607, 223.06246650009805, 4.327958952388359, 4.247616196607704, 15.0, 0.0
19, 0 ,0.3333333432674408,0.3333333432674408,0.3333333432674408,227.2723979350528,96.79652420677648,133.4803216165357,13.571477983063271,12.52690490814264,13.613559436181859,68.0,58.0,70.0,0.5204115201970148,0.47844286251146595,0.7072936285292457,14.913242663407544,-0.8536864016376918,0.2723149490101699,0.4439190198724071,13.038741469562469,0.01978325820287912,-0.8348275246165663,0.5501560022734054,11.576863819580348,72.51264340078004,60.900917568219626,59.66588151377316,22.083664754343992,6.224878533968695,99373.0,263489.6949617005, 0.0, 0.0,0.0,NaN, 180.2106197189394,180.2106197189394,NaN, 184.18501464477112, 13.64025325034737, 18.894470068952277, 13.64025325034737, 156.92334657764818, 34.25817981832443, 18.894470068952277, 34.25817981832443, 185.3290005224561, 3.556892868269842, 3.991456263605845, 26.0, 0.0
20, 0 ,0.3333333432674408,0.3333333432674408,0.3333333432674408,255.54805330002083,35.92113262544243,262.1722569227566,13.246322320842285,13.530761869472373,13.292544574020697,78.0,65.0,75.0,-0.6605975454102726,0.28246105811814176,-0.6955764757700638,14.224474306209991,0.24963930721747263,0.9564443137105689,0.15130925636820294,13.475563820672171,-0.7080191376579471,0.0736887061733215,0.702338148823342,12.300887101152588,72.26725058699515,64.49453662596741,67.35172900679939,22.192714413722495,6.536186961786651,96060.0,313915.82389224716, 0.0, 0.0,0.0,NaN, 68.53642448239002,68.53642448239002,0.0, 175.46505502764455, -2.29109877367298, 24.588979409166743, -2.29109877367298, 183.08151676836752, -5.642879258308995, 24.588979409166743, -5.642879258308995, 176.69174125232706, 3.3352761752182136, 3.811133295647401, 23.0, 0.0
21, 0 ,0.3333333432674408,0.3333333432674408,0.3333333432674408,51.71860610201717,62.81542437836072,280.7842310091798,14.273106393320248,11.265041875816008,9.947536049223324,72.0,57.0,41.0,-0.959580571226026,-0.23907544941147874,0.14848588085819242,14.499839521473953,-0.2787392690403427,0.880186485559056,-0.38415644018297257,11.340260703469454,-0.038852892046655235,-0.41001790220415757,-0.9112495666126341,9.52519548662251,68.63450716495896,56.01971222297411,49.945576477393956,19.83254872098908,6.020483307765808,67322.0,192035.01479311654, 0.0, 0.0,0.0,NaN, 83.6052482496029,83.6052482496029,0.0, 203.7215661150393, 18.126769843790502, -12.973805409258492, 18.126769843790502, 126.90116846388827, -17.0484261531134, -12.973805409258492, -17.0484261531134, 98.95347345059758, 3.7978691119500465, 4.05367622559447, 17.0, 0.0
22, 0 ,0.3333333432674408,0.3333333432674408,0.3333333432674408,133.11379033321742,251.86086164102687,252.61641026870825,13.807383756745006,13.484920649038717,10.804091678347136,64.0,63.0,48.0,0.9476858153212613,-0.24631209809457608,0.2030318836319196,13.987444537932296,-0.22488280632421936,-0.9665956546640593,-0.12296570173956045,13.465541139086957,-0.22653767646601544,-0.07087447154516796,0.9714203469274119,10.594617748689714,65.45472290010622,66.46971009618164,50.99515317431457,21.212783899498948,6.263635313787445,83399.0,221867.49187725404, 0.0, -2.8421709430404007E-14,0.0,75.7406120932688, 149.27110368267364,149.27110368267364,0.0, 190.6438462060258, -4.453537536101691, 17.957664558927267, -4.453537536101691, 181.84308491087077, 4.039207001979593, 17.957664558927267, 4.039207001979593, 116.72839699412985, 3.6059995835411383, 3.9542596652796744, 26.0, 0.0
23, 0 ,0.3333333432674408,0.3333333432674408,0.3333333432674408,177.92150797326804,272.62770462515715,284.6399292000265,11.754394650953385,14.958058614216952,8.339887148040223,58.0,59.0,35.0,0.08902206223049158,-0.9959845919156415,0.00947444472586992,14.980813353329019,-0.979788467211004,-0.0892772829648833,-0.17900873237559975,11.8247817756596,0.17913579194717463,0.006652774837706569,-0.9838018645186728,8.19834105106062,61.11931437961678,58.89653189193595,38.13956872977903,19.792010096331104,6.303916648043205,60452.0,137291.6023863866, -2.8421709430404007E-14, 0.0,0.0,84.89265044554372, 126.04892916875059,126.04892916875059,0.0, 138.16579361036156, -7.587499860279721, 12.868184080826321, -7.587499860279721, 223.74351750634997, -0.3230621554986284, 12.868184080826321, -0.3230621554986284, 69.5537176420465, 3.666297815287049, 4.144802848646249, 16.0, 0.0
24, 0 ,0.3333333432674408,0.3333333432674408,0.3333333432674408,72.92060562602123,33.83475766730536,31.493011555325676,12.88108833649151,11.947080189933297,13.021032909153167,60.0,55.0,67.0,0.6686167458778698,0.2504554007636678,0.7001597955895489,13.227252830767828,-0.654592474588074,-0.2484697263667852,0.7139828340316574,12.819603344482875,-0.35278936965893715,0.9357002123049486,0.0021847993326875865,11.785584943460044,64.02601318581483,64.06798911013846,52.60295722012762,21.031394831808253,5.990232987710618,85069.0,215778.27292810337, 0.0, 0.0,0.0,NaN, 86.33663954599388,86.33663954599388,0.0, 165.9224367324976, 10.176679557594182, 4.990299639641539, 10.176679557594182, 142.73272506469664, 1.80994561395103, 4.990299639641539, 1.80994561395103, 169.5472980212498, 3.120304338330014, 3.7027858833369134, 27.0, 0.0
25, 0 ,0.3333333432674408,0.3333333432674408,0.3333333432674408,237.86701035000394,34.80611519317374,92.88694003318322,14.413134178481775,12.82295514346643,13.05873096391283,69.0,68.0,71.0,0.8697565865474072,-0.24333336527649915,0.429316146331135,14.979470933932504,0.03997856068958842,-0.8323709913558675,-0.5527750423404073,12.740676201476264,0.49185891762027806,0.497943175565711,-0.714232034471252,12.489503205281428,71.67441564686513,61.64526515310718,60.33006768384314,22.372928387166983,6.492237305342821,101256.0,266561.66864609625, 0.0, 0.0,0.0,NaN, 117.04681835238057,117.04681835238057,1.9073486328125E-6, 207.73843684691948, -14.686446756821418, 25.399379142834253, -14.686446756821418, 164.42817861135217, -4.229404610774087, 25.399379142834253, -4.229404610774087, 170.5304543878557, 4.031386203715704, 4.034516180166906, 24.0, 0.0
26, 0 ,0.3333333432674408,0.3333333432674408,0.3333333432674408,287.9843589904439,55.63695293059825,158.0711582293039,7.367373940938615,13.908768296826496,12.394979102169826,32.0,66.0,59.0,-0.06820328652859577,0.9456490933439428,0.3179561352835907,14.1216922538154,0.04360967995117371,-0.31556781794484356,0.9479003893300635,12.187173355937052,-0.9967178675639635,-0.07851588715227525,0.01971669200035102,7.308772451275375,65.07400840453852,60.50892008172839,34.42754772376907,18.982947469728582,6.40431468817506,47823.0,135560.46506320022, 0.0, 0.0,0.0,NaN, 152.9171092018268,152.9171092018268,0.0, 54.27819878562137, -10.725603981512258, 0.7653895898525542, -10.725603981512258, 193.45383553480585, 15.450085715600512, 0.7653895898525542, 15.450085715600512, 153.6355069432267, 3.649747134802983, 3.995797201078418, 16.0, 0.0
27, 0 ,0.3333333432674408,0.3333333432674408,0.3333333432674408,17.10359605630592,99.89573146406794,155.94183621131816,10.435733583424987,15.098296551081486,13.623791953362897,42.0,77.0,66.0,0.05407869372132027,-0.9894472373653795,0.13442343305917487,15.133591356495295,0.070819273552502,0.13808193696579169,0.9878856255545332,13.611792911089479,-0.9960221510483048,-0.04390379429837409,0.07753922534636593,10.40020710165735,79.475411376717,69.0065960785065,45.25209428122244,21.84904469046342,6.714912320441353,87735.0,248177.31012417638, 0.0, 0.0,0.0,NaN, 176.1375732686389,176.1375732686389,0.0, 108.90453542422412, -5.712934442091718, 6.273775011972849, -5.712934442091718, 227.9585587443991, -5.5557312627675355, 6.273775011972849, -5.5557312627675355, 185.6077071885156, 3.183006079716853, 3.9198429245414323, 30.0, 0.0
28, 0 ,0.3333333432674408,0.3333333432674408,0.3333333432674408,80.14016143106457,9.48459860383944,267.4148560209424,13.857408083303207,6.100473343389111,13.60952732182025,65.0,25.0,61.0,0.7378041299316904,-0.012892256767230749,0.6748917361852855,15.079817945425333,-0.6744301263940116,0.027527621683977203,0.7378253415657268,12.245947862822788,0.028090398144186516,0.9995379031131697,-0.01161506660460805,6.090863600329945,71.49687333318357,59.50864489043879,25.93297723959261,19.21629902525597,6.7228431110635585,45840.0,110336.57265961262, 0.0, 0.0,0.0,NaN, 87.02984943689697,87.02984943689697,NaN, 192.0277587871971, -3.905531108849667, 38.59597622306871, -3.905531108849667, 37.21577501340112, 0.6365486114918447, 38.59597622306871, 0.6365486114918447, 185.2192339233719, 3.8858186204903102, 4.193345351769586, 15.0, 0.0
29, 0 ,0.3333333432674408,0.3333333432674408,0.3333333432674408,260.64507479224375,274.1085540166205,53.589473684210525,13.361614112748601,13.138850005247047,12.839994649683362,70.0,54.0,71.0,0.6637596402270387,0.4832303343176152,0.5708866647601406,15.308517108674899,-0.3806619895159784,0.8752801191050555,-0.29829710497619183,12.403167730415763,-0.6438319576903662,-0.019317274515971983,0.7649230374108663,11.306560394163258,79.48123372967757,60.9931379296405,58.72418645021665,21.789107992504263,6.423577403071173,90250.0,284683.6896059709, 0.0, 0.0,7.105427357601002E-15,55.18792124686792, 71.3513055449516,71.3513055449516,0.0, 178.5327316980026, 25.50080002504591, 43.31324123049922, 25.50080002504591, 172.6293794603803, 22.59504627496717, 43.31324123049922, 22.59504627496717, 164.86546260389736, 2.9410154244906352, 3.6335655374934115, 29.0, 0.0
30, 0 ,0.3333333432674408,0.3333333432674408,0.3333333432674408,9.396168915977361,170.6191227688289,94.95956682629517,5.974272270543514,12.154993366900964,12.534534267842115,24.0,62.0,60.0,0.11488051341712338,0.642399245565482,0.7577108135257917,13.40725206349731,-0.04961779949454927,-0.7580980050697105,0.6502503277066791,11.281159178762966,-0.9921393761011288,0.11229703471697067,0.05521625108098756,5.79062880117168,59.98135388011531,59.121629477958066,27.279501374768213,17.498550839282764,5.860977798007245,36752.0,96738.44173535345, 0.0, 0.0,0.0,NaN, 160.76386010307965,160.76386010307965,0.0, 35.69192916258515, 14.31692350037688, 9.703953717053308, 14.31692350037688, 147.74386374940642, 24.968383120224203, 9.703953717053308, 24.968383120224203, 157.11454931170826, 4.679691841871254, 4.209599493381612, 14.0, 0.0
31, 0 ,0.3333333432674408,0.3333333432674408,0.3333333432674408,86.24781723742896,60.206375335061004,219.59002991914048,12.674671281168806,13.537519372658183,12.737192253340519,74.0,65.0,61.0,0.21880730457144232,0.7964791533835028,0.5636881422308602,14.370468966102655,0.9756532887174475,-0.187443546562662,-0.11386648790069884,12.583525811432766,0.014967420653169217,0.5748790090771358,-0.8181015225761904,11.886643310734303,70.06131258749113,70.83894731009822,59.44813754212959,21.59404099648437,6.3123040794544405,89909.0,295045.246046627, 0.0, 0.0,2.8421709430404007E-14,55.68875692717981, 132.39810005287808,132.39810005287808,0.0, 160.64729208568528, 8.247291718954697, 6.149468277609882, 8.247291718954697, 183.26443076509563, 29.6446628796933, 6.149468277609882, 29.6446628796933, 162.2360664985577, 2.871989791589034, 3.5879634040641752, 29.0, 0.0
32, 0 ,0.3333333432674408,0.3333333432674408,0.3333333432674408,165.3810410037822,102.2797862760401,211.5611334574053,14.417427511531022,11.069398238261474,13.061033589079017,66.0,53.0,63.0,0.8706390134675046,0.044345285577589565,0.4899195891933408,15.029369021567518,0.46896238421505543,0.22589196904940767,-0.8538425501872765,12.430144540860173,0.14853279240511294,-0.9731424941733988,-0.17587409023024456,10.981528369466552,72.07856504764561,66.73704855788915,56.98948138722314,21.438776149080333,6.431428228021318,83285.0,274137.11185181566, 0.0, 0.0,0.0,NaN, 190.8005553378624,190.8005553378624,0.0, 207.86221605025162, 7.657765294229069, 31.329800441006995, 7.657765294229069, 122.53157735722624, -4.253857619312842, 31.329800441006995, -4.253857619312842, 170.5905984150503, 3.295212217914734, 3.771885563100239, 25.0, 0.0
33, 0 ,0.3333333432674408,0.3333333432674408,0.3333333432674408,145.70245547264926,287.27499290567044,25.335403208306207,13.81575226857557,8.123263502636208,13.724607872620783,69.0,36.0,61.0,-0.7304840159660675,-0.11941265789712552,0.6724088931238417,14.509812529651429,-0.6749906405446494,-0.023451576766936266,-0.7374534959739958,13.071185574477958,-0.10383033080564627,0.9925677008048815,0.06347142446567171,7.989789106669005,78.329702417666,65.67087249716928,39.332220604784965,20.018989810291615,6.668382780897304,59907.0,202324.15222170853, 0.0, 0.0,0.0,NaN, 148.43521816616678,148.43521816616678,0.0, 190.87501074665104, 14.490389245723918, -18.784289612431774, 14.490389245723918, 65.98740993326147, -9.92814583360352, -18.784289612431774, -9.92814583360352, 188.3648612572044, 3.853458458352547, 4.069217543011378, 15.0, 0.0
34, 0 ,0.3333333432674408,0.3333333432674408,0.3333333432674408,20.57551417517026,287.4001176550445,21.336516053125777,11.800046921413506,7.48088394954492,12.605553161702618,49.0,29.0,49.0,0.6037960428666365,0.10513485859988353,0.7901752970865222,13.613242018012334,-0.7825707845284452,-0.11046541027441092,0.6126829198985726,10.72485044960525,-0.1517013705314673,0.988303624722731,-0.015576891178469174,7.33225252696984,60.98092139343793,57.9266833833386,32.301638009714395,17.9209358939856,5.739752539117877,44197.0,114103.0337316295, 0.0, 0.0,0.0,NaN, 32.20800732682244,32.20800732682244,0.0, 139.24110734756036, 13.64711648587662, 33.394718593405244, 13.64711648587662, 55.96362466655881, 6.783085958697053, 33.394718593405244, 6.783085958697053, 158.89997051251086, 4.043414468967227, 4.227087610556236, 7.0, 0.0
35, 0 ,0.3333333432674408,0.3333333432674408,0.3333333432674408,287.4153815268374,26.965470041793658,26.920701549468,8.020826281257055,13.288514305145663,13.362173078435337,35.0,62.0,57.0,0.04153328348203587,-0.7014558411934785,0.7115017141361999,14.163303414626458,0.1670298096349444,-0.6972202405390736,-0.6971262287964433,12.548011211236203,-0.9850766615124504,-0.14779593715047137,-0.0882061897221439,7.8367204287347025,75.54802278189555,63.1605996956594,39.91280265952798,19.454230804553887,6.403033644561478,54793.0,190450.26106475748, 0.0, 0.0,0.0,NaN, 40.127713224222795,40.127713224222795,8.259061849445711E-7, 64.33365423410388, -15.239284181395924, -7.069738237838508, -15.239284181395924, 176.5846124380609, -22.785903905031738, -7.069738237838508, -22.785903905031738, 178.54766937806207, 3.657108473793109, 4.009695302079141, 13.0, 0.0
36, 0 ,0.3333333432674408,0.3333333432674408,0.3333333432674408,184.370754439733,282.10273311222136,119.0708258113271,12.88751246058344,9.774289748343664,13.681083335597878,68.0,39.0,74.0,-0.4825771906891092,0.031285933508865306,0.8752944906664766,13.991278216829262,-0.8514958351036868,0.21728613375452321,-0.47722277699108895,12.682540841551385,0.20511971584341238,0.9756064403449217,0.07821748992282615,9.601773294735896,76.12536737562634,62.48574002521883,43.70340495529234,20.260998949256944,6.187784766789609,71457.0,207886.16781318779, 2.8421709430404007E-14, 0.0,1.4210854715202004E-14,84.11808303274196, 166.9380009173475,166.9380009173475,0.0, 166.08797742169347, -14.265582215067065, -15.846934355199705, -14.265582215067065, 95.53674008457604, -4.282896459142596, -15.846934355199705, -4.282896459142596, 187.17204123557397, 3.696988021452668, 4.07221643160283, 26.0, 0.0
37, 0 ,0.3333333432674408,0.3333333432674408,0.3333333432674408,185.85852274206567,14.637741154416933,11.043739748496446,14.914645340906914,9.70440454018517,6.746879745145921,71.0,37.0,28.0,-0.9815015753997954,0.17574087856158827,-0.07595920675020593,15.077538787516566,-0.19022209804946724,-0.9400858765674724,0.2829383291320298,9.733874416491988,-0.02168434692072641,0.29215353545827044,0.9561255674951142,6.329455930406607,70.66958972957147,45.52597859263643,29.28446941335556,17.89808916229869,6.46536184281105,38409.0,94216.98872390926, 0.0, 0.0,0.0,NaN, 115.60495008588417,115.60495008588417,0.0, 222.44664564503628, -22.52293771165347, 11.018476966162302, -22.52293771165347, 94.17546747956655, -17.045702963873584, 11.018476966162302, -17.045702963873584, 45.520386295460284, 4.324727746388128, 4.204872975053699, 14.0, 0.0
38, 0 ,0.3333333432674408,0.3333333432674408,0.3333333432674408,106.28702024384874,35.68993678383847,162.6873578160546,11.69860189127344,11.869587082598402,16.428912746943595,62.0,63.0,80.0,-0.12292359889339714,-0.2078531469464534,0.9704055122161823,16.673723040755927,-0.6923115962989,-0.6826345883181664,-0.2339116766255069,11.816761594826191,-0.7110516454275058,0.7005762543336331,0.05998724363306745,11.40195874136478,83.70040455493293,67.54502774347077,59.12936084125637,22.370367458401493,6.871696846099053,95387.0,334290.5702061191, 0.0, 0.0,0.0,NaN, 177.27228763539696,177.27228763539696,0.0, 136.85728621050654, 8.333283473975166, -16.09561556908108, 8.333283473975166, 140.88709751138683, -28.31568982390038, -16.09561556908108, -28.31568982390038, 269.90917404668573, 3.2442560082224308, 3.7192549905435706, 23.0, 0.0
39, 0 ,0.3333333432674408,0.3333333432674408,0.3333333432674408,231.92124502680707,83.9357650499303,279.71653650408626,13.16691868881644,14.326161188493975,11.488869344834681,63.0,69.0,53.0,-0.2756339854004316,0.8837258431108006,0.37822551514986275,14.852732001765343,0.9168806052097909,0.35987877129848517,-0.17267665087909415,13.223996634170945,0.288714152549546,-0.29919208576898726,0.9094659058649754,10.72953988214163,64.78042268592215,63.97543824112245,51.750086307193726,21.66019541380652,6.437134115041698,88223.0,214470.77710544097, 0.0, 0.0,0.0,NaN, 109.96066762532504,109.96066762532504,0.0, 173.36774775790363, -5.977673672773318, -20.456564664198805, -5.977673672773318, 205.23889439871112, 31.54356134305906, -20.456564664198805, 31.54356134305906, 131.99411882268208, 2.9991158118901087, 3.7903470438810687, 21.0, 0.0
40, 0 ,0.3333333432674408,0.3333333432674408,0.3333333432674408,256.17974465309163,10.608475839895625,25.803014770979917,14.016086624465611,6.835788552682319,11.307884894889177,69.0,29.0,47.0,-0.9892628811999317,-0.03971713435636799,-0.14064672452115118,14.078502176465756,0.1357919983418659,0.10600236646413289,-0.9850502685093421,11.281558737620982,0.054032259496833095,-0.9935723665352829,-0.09947093741965547,6.750493249713392,69.52022351393379,53.27613225765117,31.585249755594013,18.201798088758547,6.304085701639956,42922.0,116984.45697890467, 0.0, 0.0,0.0,NaN, 51.94757077655612,51.94757077655612,9.5367431640625E-7, 196.45068426452383, 7.173212079940505, 10.308180910532792, 7.173212079940505, 46.72800513698264, -7.6787506820207225, 10.308180910532792, -7.6787506820207225, 127.86826079606283, 4.807223832198027, 4.101044924694607, 12.0, 0.0
41, 0 ,0.3333333432674408,0.3333333432674408,0.3333333432674408,151.28490671975092,96.89117729627645,158.28489395911492,11.814464749299816,12.223462510887641,12.914423028081178,55.0,62.0,65.0,0.25029116309647026,0.5530366016447745,0.7946727948766179,13.277011466469173,-0.6170651502765541,-0.5413623597545286,0.5711019136329195,12.398271719263686,-0.7460462009755094,0.6333066498010328,-0.2057613990227567,11.215202187669615,67.76916338719622,66.00265518861146,52.17203535623763,20.511804050087164,5.91969845740506,78366.0,233362.6302591534, 0.0, 0.0,0.0,NaN, 227.128268798472,227.128268798472,2.6973983046972182E-6, 139.58157731244796, 16.322291357298123, 0.19910640551820993, 16.322291357298123, 149.41303575507558, 13.555962734901902, 0.19910640551820993, 13.555962734901902, 166.78232214823342, 2.848230011264331, 3.4881952123587823, 23.0, 0.0
42, 0 ,0.3333333432674408,0.3333333432674408,0.3333333432674408,176.99549014953715,285.3955376216473,243.31815808212676,14.226907637876197,8.587103807094108,12.742287902826076,67.0,36.0,60.0,0.9734634635077837,0.14521904039000522,-0.17686241976077574,14.37977129370334,-0.17461301537206694,-0.028195364532435076,-0.9842333647471813,12.68590675213872,-0.1479161251456552,0.9889977005671395,-0.002090022680671982,8.414220174550021,67.35281580574289,62.1970361615281,38.543429519204096,19.976428952402046,6.28103813382865,63195.0,161464.03510546597, 0.0, 0.0,0.0,NaN, 136.22125740175835,136.22125740175835,0.0, 202.40490093666008, 19.666440829530732, -7.921059022811793, 19.666440829530732, 73.73835179381012, -0.9911809386953168, -7.921059022811793, -0.9911809386953168, 162.36590099850778, 3.562225591807211, 4.0136802111614625, 13.0, 0.0
43, 0 ,0.3333333432674408,0.3333333432674408,0.3333333432674408,48.36700642558478,105.65232376397665,260.3022162256035,13.993615054959788,11.260245584035237,11.090186564324947,67.0,53.0,52.0,-0.9294560350182945,0.33734441326496034,0.14936607984074327,14.472675024426298,0.08958218586085351,0.5991052143927247,-0.7956431197866537,11.316253020959323,0.35789175869872075,0.7261347594808881,0.5870620070564692,10.3966689931772,66.94423221626745,53.78363091193074,48.685741030134864,20.2746114266299,5.87764939834842,74857.0,175293.19934346827, 0.0, 0.0,0.0,NaN, 122.79126542185092,122.79126542185092,NaN, 195.82126230639722, -30.71188119705253, -15.495929390250764, -30.71188119705253, 126.79313061278508, -4.409988651862094, -15.495929390250764, -4.409988651862094, 122.99223803153356, 3.1122992165234495, 3.65153557872529, 23.0, 0.0
44, 0 ,0.3333333432674408,0.3333333432674408,0.3333333432674408,56.97023787639252,133.1885547262767,282.9367807639987,11.909958226247149,12.014666052014174,9.455087708413677,59.0,59.0,40.0,-0.6457409274626766,0.7530026144667169,-0.12651370362901815,12.406298296107282,0.7618896049641722,0.6463676890809642,-0.04162980134076967,11.550412144687408,-0.05042702100243283,0.12327154220834259,0.9910909355020844,9.395197216771583,61.225826391047356,58.66688423170062,43.47064724913747,18.545324225426967,5.6275161696755065,54398.0,156143.45541454636, 0.0, 0.0,0.0,NaN, 145.86278677052277,145.86278677052277,0.0, 141.84710495095212, -9.689450529397455, 3.9312042364960798, -9.689450529397455, 144.35220034142185, -7.468520171630209, 3.9312042364960798, -7.468520171630209, 89.39868357379538, 4.039342464254119, 3.995636106675927, 15.0, 0.0
45, 0 ,0.3333333432674408,0.3333333432674408,0.3333333432674408,289.08256647839056,38.79884072687271,65.18349516616954,6.294569237998684,15.819175962044541,12.128482600087338,24.0,70.0,57.0,0.03346728884985732,-0.9255868523296497,0.37705293974657206,16.466926698532028,0.045919721139908706,-0.37544182329511644,-0.9257077381826684,11.253043317551372,-0.9983843547389318,-0.04829509411245289,-0.029937670203208623,6.259182166161486,77.85054257544255,47.73404882598688,26.9679554458059,19.687925417981347,7.0252126606046605,47271.0,100216.2017514784, 0.0, 0.0,0.0,NaN, 76.6382961614234,76.6382961614234,0.0, 39.62160189195933, -8.693805406210663, -0.79012886618769, -8.693805406210663, 250.24632811812785, -50.566269900465585, -0.79012886618769, -50.566269900465585, 147.10009018062132, 3.288529901474784, 3.9036654127985693, 11.0, 0.0
46, 0 ,0.3333333432674408,0.3333333432674408,0.3333333432674408,83.11866226691808,211.77774722396816,65.89227163209722,11.460904383209787,12.46345942595865,12.634467768988603,51.0,58.0,59.0,0.32011102284400894,-0.5307632569391766,0.7847415486241824,13.217000153670275,0.33054824366261265,0.8388467088025267,0.43252058649586994,12.175999727577693,-0.8878439005057841,0.12094033328251871,0.4439669403459999,11.10746881702193,61.964682088101426,59.568375428286316,56.21764039493783,20.317919055553617,5.788099100840369,76368.0,207506.92514765103, 0.0, 0.0,0.0,NaN, 137.96256507748083,137.96256507748083,0.0, 131.35232928107732, -1.8198191041221645, 16.44704895335659, -1.8198191041221645, 155.3378208625175, -12.345975717421618, 16.44704895335659, -12.345975717421618, 159.62977580561187, 3.6007676662074464, 3.770757973608442, 21.0, 0.0
