// Sample: .//bubblelabels.tif, Map: .//bubblelabels.tif, Thickness:(8.191250068658265):/gpfs/home/mader/Foam/NewValid/InSilicoTest/LatticeDataPhi_16.0/out_Step_02000.vtk/distmap.tif, Neighbors:(1.0):
//LACUNA_NUMBER, TRIANGLES, SCALE_X, SCALE_Y, SCALE_Z, POS_X, POS_Y, POS_Z , STD_X, STD_Y, STD_Z,PROJ_X, PROJ_Y, PROJ_Z, PCA1_X, PCA1_Y, PCA1_Z, PCA1_S, PCA2_X, PCA2_Y, PCA2_Z, PCA2_S, PCA3_X, PCA3_Y, PCA3_Z, PCA3_S,PROJ_PCA1, PROJ_PCA2, PROJ_PCA3,OBJ_RADIUS, OBJ_RADIUS_STD, VOLUME, VOLUME_BOX, Mask_Grad_X,Mask_Grad_Y,Mask_Grad_Z,Mask_Angle, Mask_Distance_Mean,Mask_Distance_COV, Mask_Distance_STD, SHAPET_XX, SHAPET_XY, SHAPET_XZ, SHAPET_YX, SHAPET_YY, SHAPET_YZ, SHAPET_ZX, SHAPET_ZY, SHAPET_ZZ, Thickness, Thickness_STD, Neighbors, Neighbors_STD
1, 0 ,1.0,1.0,1.0,170.26374610142082,61.94182453505834,167.63517962342613,12.933964293051087,12.160603567445813,10.926301288233097,59.0,58.0,59.0,0.855433587998336,0.5178382580192868,0.008770122909266626,13.361020812039762,-0.5178676452062354,0.855459731604541,0.00132274397938296,11.689970620224907,0.006817519552010903,0.005673282527477931,-0.9999606668727135,10.926091755896042,68.58273075704122,58.21264003860011,59.066855070249204,19.967532919610868,5.98743688099559,69256.0,235817.4382539406, 0.0, 0.0,0.0,NaN, 75.9507473344444,75.9507473344444,0.0, 167.2874323339205, 18.542965707557663, 0.4318298630938855, 18.542965707557663, 147.88027912457585, 0.2881214436697696, 0.4318298630938855, 0.2881214436697696, 119.38405984124424, 5.963880603544976, 4.241303010403849, 27.0, 0.0
2, 0 ,1.0,1.0,1.0,41.84935023687902,8.970118836513777,26.220284254823596,14.017712659485683,5.92789264253235,12.072219989083244,72.0,23.0,55.0,0.8712413682940043,-0.025080986984802496,0.490213649611125,14.84961991414689,-0.48532037656462684,0.10553267073583056,0.8679441154236434,11.082860285644886,0.07350245073709709,0.9940994917508161,-0.07977211440352883,5.833838457170625,77.95108264209799,54.05221533546317,25.47981208156223,18.242000612242446,6.678629239077555,37783.0,107357.37161234884, 0.0, 0.0,0.0,NaN, 50.192972153419,50.192972153419,0.0, 196.4962682039052, -8.62271613113205, 42.23983955690282, -8.62271613113205, 35.13991118138917, 5.840661168348067, 42.23983955690282, 5.840661168348067, 145.73849546482103, 6.234553593395721, 4.248100130716448, 17.0, 0.0
3, 0 ,1.0,1.0,1.0,170.37057809310528,40.27263719059038,12.001307992627678,14.717234483045072,11.22104168494,8.262870776324096,65.0,60.0,31.0,0.9309573289759929,0.359691093635609,0.06277554288975762,15.265762180274223,0.3628235918216087,-0.9305925068878781,-0.048545106260065495,10.498484292851991,0.04095720746768722,0.06796987040853963,-0.9968463291165268,8.21718524790405,73.57476778832006,62.63611590721323,34.25283937994733,19.123972803835883,6.712485753315432,50459.0,157852.0757495121, 0.0, 0.0,0.0,NaN, 51.41808380672703,51.41808380672703,6.743495761743046E-7, 216.59699082893093, 41.010066730872786, 8.92127354576709, 41.010066730872786, 125.9117764951611, 5.6662638170676605, 8.92127354576709, 5.6662638170676605, 68.27503346623078, 6.166369631739121, 4.070621591899127, 14.0, 0.0
4, 0 ,1.0,1.0,1.0,9.536206380110828,30.115807997603714,135.14153062752735,6.2315956023581975,10.48711527829485,10.434812686103633,24.0,53.0,55.0,0.04717794825986902,-0.7144627213084439,0.698081127848706,11.504931139132976,-0.008884106537356187,-0.6991317891645052,-0.7149376294689419,9.312030260415321,-0.9988469922110303,-0.027527463380593576,0.039330966309106326,6.214526395354871,63.56250637995241,44.02674981860412,26.088148426920295,15.223738360795313,5.0926885559287625,26708.0,73006.39373730111, 0.0, 0.0,0.0,NaN, 72.14237432197925,72.14237432197925,0.0, 38.83278375133003, -2.861071077343216, 3.3928088918370065, -2.861071077343216, 109.97958686024528, -22.715768841955356, 3.3928088918370065, -22.715768841955356, 108.88531579406934, 6.21055975451483, 4.114769471276755, 12.0, 0.0
5, 0 ,1.0,1.0,1.0,59.18835317694212,74.13139219615702,142.26782977720146,9.760723626929972,9.984371556645158,10.534255549936258,49.0,56.0,55.0,-0.5954593001723096,0.39982407681418114,0.696827761672848,11.421289403431203,0.1680300323592886,-0.7861995007604236,0.5946900480329212,10.033260863870613,-0.7856170377885396,-0.4712017111638595,-0.4009673519535112,8.649726347949352,55.74685274435555,54.13026739810779,47.225751781555275,16.79306930931858,4.891090294215441,42415.0,142508.05292609415, 0.0, 0.0,0.0,NaN, 111.04831353682539,111.04831353682539,NaN, 95.27172572130898, -16.65860408476006, -20.49896715996861, -16.65860408476006, 99.68767538114486, 3.413094062281193, -20.49896715996861, 3.413094062281193, 110.97053999136286, 5.958094719683634, 3.8640596101640696, 21.0, 0.0
6, 0 ,1.0,1.0,1.0,28.845425498101278,106.8553791592084,174.0845810261472,12.156246272134588,12.126058001168365,9.993631274349667,58.0,57.0,49.0,-0.7265076452041869,0.6860172690105268,0.0395846950121636,12.53446676842022,-0.6781396667248635,-0.725084362029606,0.11991355367268114,11.762492378495196,0.1109650119369111,0.06027416162385149,0.9919948546068086,9.960882892663525,65.65451995617258,59.48703346240265,48.953000516614225,19.02829202911553,5.710724523110284,59777.0,191190.47781823215, 0.0, 1.4210854715202004E-14,0.0,46.68433780299581, 100.89394384368008,100.89394384368008,1.9073486328125E-6, 147.77432342878606, -9.610005463119846, -4.847491030302607, -9.610005463119846, 147.04128264769932, -1.8307174503397208, -4.847491030302607, -1.8307174503397208, 99.87266604765975, 6.043434982763304, 3.74660528077727, 25.0, 0.0
7, 0 ,1.0,1.0,1.0,135.74480398937138,16.369599242893024,180.16989407782185,13.7087150783528,9.890443970363721,9.712843758103368,67.0,41.0,39.0,0.9677244072305939,0.24590621423112408,0.05513261695868626,13.944097816448298,-0.10357947555993019,0.18867339108029293,0.976562155595328,9.703044482427105,-0.22974064484310613,0.9507536406981465,-0.20805468225034998,9.56567555152546,70.32493021717855,43.70559671575526,46.670293178280815,18.609096034965344,5.812970811996037,54946.0,143445.48824718333, 0.0, 0.0,0.0,NaN, 69.20929919181405,69.20929919181405,0.0, 187.92886909945742, 24.44382704080087, 5.224206580264631, 24.44382704080087, 97.82088193090408, 1.8832452056126197, 5.224206580264631, 1.8832452056126197, 94.33933386932756, 6.10756271499478, 3.949950863612766, 14.0, 0.0
8, 0 ,1.0,1.0,1.0,185.1473229304143,155.18751132158476,91.08311984059209,8.396268763893433,10.7450442679764,10.255614386971589,32.0,54.0,52.0,0.1984900483038967,0.8179673359891565,0.5399362351047743,11.335732530140127,-0.20367132124654896,-0.5044474381499864,0.8390773355570986,9.785767158536064,-0.9587073034174725,0.2765180272581103,-0.0664686916922636,8.17746055047675,54.55440444964893,48.36587980860382,38.38659956236113,16.364594023923768,4.83021680287001,38643.0,101285.7978993992, 0.0, 0.0,0.0,NaN, 102.59091518054682,102.59091518054682,0.0, 70.49732915553255, 12.97405734664029, 1.6675413075462382, 12.97405734664029, 115.4559763207725, 14.98956379253887, 1.6675413075462382, 14.98956379253887, 105.17762645425863, 6.1608833962091705, 4.0685107032217145, 17.0, 0.0
9, 0 ,1.0,1.0,1.0,79.33628583072952,146.67428338540958,44.85170493139519,9.631141456579181,8.906648510970676,10.393168371489924,45.0,40.0,48.0,-0.5867579557442439,-0.10237621081772044,0.8032647215142973,11.22709687329621,0.1147087258703912,-0.9924809998013888,-0.042700974724558347,8.87975839858441,0.8015965379042173,0.0670863361038711,0.5940895672608055,8.672220524937364,54.033631300609734,41.099729657414386,42.56590217622559,16.085134013451054,4.623168396466004,36805.0,94528.9780719897, 0.0, 0.0,0.0,NaN, 105.591447272626,105.591447272626,0.0, 92.75888575663814, 2.639271689683079, -23.97999054302082, 2.639271689683079, 79.32838769797615, -4.026484479892294, -23.97999054302082, -4.026484479892294, 108.01794879813853, 5.984202039568114, 3.9434625874795772, 15.0, 0.0
10, 0 ,1.0,1.0,1.0,153.1902035879863,10.751743600080628,87.34593831888732,9.494280775548328,6.823312886996499,9.590558632715222,48.0,26.0,46.0,-0.637002898727783,-0.04422099371074546,0.7695919767822663,9.760065401139725,0.7651206645866739,0.08534442249074374,0.6382058431040636,9.341125825738237,0.09390247938605825,-0.9953696967785167,0.02053024842020368,6.794282357949877,48.41737718774749,49.49639672030062,27.87781047149354,14.418620635531783,4.558635766867606,24805.0,66808.77440544404, 0.0, 0.0,0.0,NaN, 99.67983733625827,99.67983733625827,1.9073486328125E-6, 90.14136744494657, 4.066408937505328, -4.002182503064276, 4.066408937505328, 46.557598753852496, 0.5674375395165354, -4.002182503064276, 0.5674375395165354, 91.97881488754848, 6.3202775107699285, 4.057930108740821, 15.0, 0.0
11, 0 ,1.0,1.0,1.0,98.91895610695776,90.91583727010044,12.941154886942163,11.299723436154036,11.341226838301163,8.37929367967827,60.0,54.0,33.0,0.6868615224804911,0.7197214064616697,0.1011056181258886,11.545945690690056,0.7193119391607655,-0.6930882337650887,0.04710662795371187,11.125276578934379,-0.10397876281511176,-0.04037074803897217,0.99375983999466,8.333012519582422,57.414708599690314,58.02729330587586,36.2755964616236,17.264935758435154,5.333079012987,43606.0,120856.507616434, -1.4210854715202004E-14, 0.0,0.0,46.61781822880758, 134.97452661010317,134.97452661010317,0.0, 127.68374973356876, 4.486574529022039, 6.276499595708214, 4.486574529022039, 128.6234261978026, 2.8737567865679448, 6.276499595708214, 2.8737567865679448, 70.2125625702962, 6.1130080980703285, 3.8499362082225033, 12.0, 0.0
12, 0 ,1.0,1.0,1.0,154.6169905312393,9.85169410959425,39.868578164809676,10.239543258158662,6.257257586483822,9.696794754082044,47.0,24.0,48.0,-0.9747254752478489,0.009503579451964478,0.22320378554239745,10.269012679121584,-0.22322855320669105,-0.0016168790465316669,-0.9747647914935156,9.665897978190088,-0.008902861118986014,-0.9999535327602727,0.003697483488395735,6.256767696931523,52.81694690353089,49.375900777223094,24.281297745239527,14.733721179309414,4.5767682214050405,26297.0,63322.81589373059, 0.0, 0.0,0.0,NaN, 61.20602053845827,61.20602053845827,NaN, 104.84824613570251, -0.5946205623518537, -2.613974245124422, -0.5946205623518537, 39.153272503609344, 0.22620279281882996, -2.613974245124422, 0.22620279281882996, 94.02782850279304, 5.835371655989823, 3.874868185517798, 13.0, 0.0
13, 0 ,1.0,1.0,1.0,188.5288030355295,59.13203786746388,92.89770418918401,6.995607683985099,9.506258172710812,9.589125255030785,28.0,46.0,54.0,0.1672629457817556,-0.6550282437816197,0.7368589463505054,9.829827812340321,0.04666208352879088,-0.7412908211616077,-0.6695599811983255,9.335746760820722,-0.984807472011236,-0.14637594853635263,0.09342550380341187,6.890363710915254,51.555537569039714,44.90696439919353,29.907197909316807,14.54607823699811,4.435132736938375,26091.0,69241.22505581916, -2.8421709430404007E-14, 0.0,0.0,80.37128109937159, 110.71661892316797,110.71661892316797,0.0, 48.93852686823137, -6.75730046596164, 4.81780595997954, -6.75730046596164, 90.36894444623111, -4.027886663283863, 4.81780595997954, -4.027886663283863, 91.95132315666923, 6.1376560690004025, 3.943767841042966, 11.0, 0.0
14, 0 ,1.0,1.0,1.0,69.43849176526165,187.41300380064848,23.611474952223485,12.464166550700506,7.300396636350842,13.597029722573742,60.0,29.0,55.0,0.46469751998003406,-0.018008562749717228,0.8852863415822563,13.99689284512573,-0.8801675797180191,0.0998510933865868,0.4640417985083105,12.053845274141965,0.09675353501412844,0.9948394095617606,-0.030550002374422982,7.233412812587934,67.48483534935073,59.594303885901354,31.29966009004798,18.816709348334953,6.2818711725459035,46571.0,125878.2118662657, 0.0, 2.8421709430404007E-14,0.0,88.96812958018975, 74.41530999314774,74.41530999314774,0.0, 155.35544780360135, -9.372634270534215, 21.09849627451924, -9.372634270534215, 53.29579104804269, 2.0186788080335996, 21.09849627451924, 2.0186788080335996, 184.87921727655376, 5.422899506374845, 3.6275663169283505, 12.0, 0.0
15, 0 ,1.0,1.0,1.0,185.51055107350274,149.03248101332352,34.20860378945155,8.467090095691931,11.650811535735896,9.120637736509195,36.0,57.0,49.0,-0.20099697389113802,0.979565970483352,-0.007122215779789387,11.771120746968759,-0.001778637718324337,-0.0076355221784165095,-0.999969267152211,9.120492166790152,-0.9795902474680277,-0.2009781288401094,0.0032770098346290594,8.299180432201586,59.34172771469085,49.097755878777754,40.50706530786502,16.319870811360722,4.9275626379544075,38053.0,118019.1843578841, 0.0, 0.0,0.0,NaN, 63.07028377195142,63.07028377195142,0.0, 71.6916146885644, -13.719655247335371, 0.12520026222727598, -13.719655247335371, 135.7414094412366, -0.3769173070129058, 0.12520026222727598, -0.3769173070129058, 83.18603272063557, 5.963799249766249, 3.911433176085847, 17.0, 0.0
16, 0 ,1.0,1.0,1.0,152.50021301976824,109.99740115882754,10.172503408316292,10.276589862633905,9.522796799795477,5.829170782224877,57.0,49.0,24.0,0.9227128481191709,0.38171019858377814,0.05383608653069244,10.438197260045897,0.38138066821771055,-0.9242677207130938,0.016672323102520377,9.357827683677584,-0.05612295275215197,-0.005148275920612333,0.9984105916051894,5.809155627653372,51.11412825789094,43.43223194316058,25.472533729286617,14.503196594276401,4.4641324634353605,23472.0,56549.04204926616, 0.0, 0.0,0.0,NaN, 102.27500861366191,102.27500861366191,0.0, 105.60829920478994, 7.517148644947303, 4.078290622144153, 7.517148644947303, 90.68365889019499, 0.7161521262741851, 4.078290622144153, 0.7161521262741851, 33.979232008344184, 6.07264904564357, 3.9414378179276506, 16.0, 0.0
17, 0 ,1.0,1.0,1.0,11.453997992639678,46.701112412177984,14.435346269655403,7.05916246793787,9.288598116434319,8.793517329713383,27.0,46.0,38.0,-0.18161229038805043,-0.8593779394027823,0.4780026498334861,9.560674702687805,0.03990285600672015,-0.4921260120876274,-0.869608964023046,8.58237527573703,-0.9825602974181855,0.13885800479106886,-0.12366776638611253,6.955006153925578,48.800921666050485,40.959059682284504,30.690751487581757,13.995032400766942,4.192236258469476,23912.0,61345.89750096107, 0.0, 0.0,0.0,NaN, 50.20525064647255,50.20525064647255,0.0, 49.83177474874269, 6.220003498385519, -4.613253559023887, 6.220003498385519, 86.27805496862716, -6.856958021527799, -4.613253559023887, -6.856958021527799, 77.32594702796959, 7.2323377289354065, 4.149992170385118, 10.0, 0.0
18, 0 ,1.0,1.0,1.0,62.1258981912287,12.0418467637585,104.93065000137653,10.580647148845559,7.341989473556332,11.915523100420803,50.0,28.0,56.0,0.3430986407875851,0.14883798636998724,0.9274322490096187,12.255028374878774,-0.9325279085646163,0.17231885434322297,0.31732934340514657,10.376782245200651,-0.11258340214176407,-0.9737317219086408,0.19791794085180658,7.069035580717648,60.2616209854892,55.27997643040356,34.97611200983265,16.676826906592694,5.451425373455908,36323.0,116514.55744103152, 0.0, 0.0,0.0,NaN, 114.20514265438979,114.20514265438979,0.0, 111.95009408837365, -4.155393696849616, 14.811941126660958, -4.155393696849616, 53.90480942981198, 16.98880632100608, 14.811941126660958, 16.98880632100608, 141.9796907566618, 5.587294265778419, 3.6943956749895692, 17.0, 0.0
19, 0 ,1.0,1.0,1.0,191.64692645444566,134.56020856201977,118.57442371020856,4.877082306732675,9.656205955661237,9.690858461996816,19.0,45.0,46.0,0.02511656836485154,0.7010951072724158,0.7126252932307793,10.733533276470952,0.01373999730664813,-0.7130249441130656,0.7010040239161072,8.486056057554487,-0.999590101225291,0.007815345881084667,0.02754178464028742,4.8702257654221155,49.041814779946264,45.4790561573563,19.924160705940295,13.809755199399525,4.497960020710379,18220.0,44438.35886921937, 0.0, 0.0,0.0,NaN, 104.79630057987943,104.79630057987943,0.0, 23.785931826644912, 1.1379155696747072, 2.1027040465297357, 1.1379155696747072, 93.24231345814756, 21.570903248622503, 2.1027040465297357, 21.570903248622503, 93.91273773045529, 6.166843868767522, 3.8466575502541365, 8.0, 0.0
20, 0 ,1.0,1.0,1.0,40.29729480621227,173.02276602608416,190.30890824461957,9.887819906183964,10.26741113860536,5.014428640102151,48.0,49.0,20.0,-0.4184085180553015,0.908162126682377,0.013261360356636186,10.368659700345063,0.9082422848929648,0.41826780573457195,0.012165303875907765,9.782870004824918,-0.0055012681422561055,-0.017134594997511216,0.9998380577389012,5.011941645719658,48.978047374046454,45.0781045543485,20.530911705560158,14.39478885312595,4.596005052964613,21699.0,45328.91760207291, 0.0, 0.0,0.0,NaN, 49.45260742360694,49.45260742360694,0.0, 97.76898249712787, -4.492182295694195, 0.32274450038984054, -4.492182295694195, 105.41973148915741, 1.3514170849881517, 0.32274450038984054, 1.3514170849881517, 25.144494586676714, 6.144875144553605, 4.035759507713533, 11.0, 0.0
21, 0 ,1.0,1.0,1.0,11.592372515125325,153.3037489196197,188.07730121002592,7.281371353513552,9.957860163266272,6.081565217900747,29.0,56.0,23.0,0.09059104127643403,0.9955665254478759,0.02530922061414337,9.978996124082007,0.9942952977627908,-0.09185373055609354,0.054219489390176616,7.258342662556358,-0.05630385499461236,-0.02025303904535103,0.9982082399590646,6.074444951350199,56.63232661723124,31.08434516842256,24.26025671773789,13.08654152561694,4.231455330832393,18512.0,42707.24132366882, -1.7763568394002505E-15, 0.0,0.0,84.80238983597441, 49.56887846146816,49.56887846146816,0.0, 53.01836878776778, 4.211597307014467, 0.9946691297998944, 4.211597307014467, 99.15897903116539, 1.5007743785665524, 0.9946691297998944, 1.5007743785665524, 36.985435499580156, 6.198603159594273, 4.073215922314234, 8.0, 0.0
22, 0 ,1.0,1.0,1.0,8.5133185883258,19.16237138186364,55.21146264063852,5.3641140129306075,10.35381543114808,9.614559439317143,21.0,42.0,45.0,0.004674789727504576,0.9486335570735468,0.316342410585419,10.442097241495965,-0.05867966254661376,0.3160609785676928,-0.946922465162934,9.529952757659869,-0.998265918252456,-0.014136202489448038,0.05714301562534288,5.343928515060293,44.642711315017195,44.33387371600239,21.82456009270919,14.362263781139893,4.705352847461347,20798.0,43194.82725253206, 0.0, 0.0,-7.105427357601002E-15,71.55812707262946, 59.059111721066564,59.059111721066564,9.5367431640625E-7, 28.77371914371851, -0.7978400265783469, 3.5786337555795016, -0.7978400265783469, 107.20149398228011, 5.517207936463292, 3.5786337555795016, 5.517207936463292, 92.43975321216237, 5.510953734227185, 3.77713842224952, 11.0, 0.0
23, 0 ,1.0,1.0,1.0,101.06605106714746,18.62742422765812,103.1485722639119,9.801747813413636,9.962504711611006,10.73270997481696,45.0,41.0,52.0,-0.566414226039049,0.2706093182380204,0.7784250262056962,11.711601642384766,-0.033981795977714196,-0.9514179342387686,0.30602148936138895,9.834822808613852,0.8234197969946516,0.14688264462347944,0.5480924435035557,8.753940314134265,59.493354023405885,48.32533549836515,46.35939067836803,16.850849665305493,5.154191429064335,41044.0,133284.93072650005, -1.4210854715202004E-14, 0.0,0.0,55.49944457043371, 139.6964789796941,139.6964789796941,0.0, 96.07426019775899, -8.62827568173615, -26.89734868452043, -8.62827568173615, 99.2515001288715, 6.900666773699976, -26.89734868452043, 6.900666773699976, 115.19106340353545, 5.385847761410188, 3.378422172330756, 19.0, 0.0
24, 0 ,1.0,1.0,1.0,121.99931056857815,10.07697299051018,144.37578067969827,9.323902209710196,6.517911162355218,10.196320969826559,42.0,26.0,47.0,0.02885088619894565,0.11182802695850227,0.9933086724438197,10.232339535634766,0.9765018747624358,0.20916351072931205,-0.0519106382626665,9.443989153665267,0.2135689934212923,-0.9714654487762063,0.10316572533093835,6.284391470083373,47.601831671051926,42.62041754593167,29.774743499282742,14.561092647392078,4.621456542085694,24658.0,60407.29562503782, 0.0, 0.0,0.0,NaN, 96.33123435014016,96.33123435014016,0.0, 86.93515241623868, 10.36058514643662, -0.6504019680608252, 10.36058514643662, 42.48316592035475, 6.703616200419183, -0.6504019680608252, 6.703616200419183, 103.96496131972482, 5.888760855086181, 3.7221783893328464, 9.0, 0.0
25, 0 ,1.0,1.0,1.0,57.034574285518154,151.90808411321876,19.29576916916459,8.647360978496366,11.537463041160786,11.730688946946708,41.0,55.0,46.0,0.15766192131721535,0.6116886789217557,-0.7752287911613713,12.496639802828131,0.2726043899306927,-0.781501445309888,-0.5611972358886587,10.980914063293268,0.9491204165737235,0.12285133722313706,0.2899620385247143,8.291712034407015,61.93830038978905,58.289921696254154,43.42726671942053,17.70957979306211,5.645330109192345,43703.0,156788.87788230422, -7.105427357601002E-15, 0.0,0.0,80.92878826017875, 77.05907957808225,77.05907957808225,0.0, 74.77685189242163, -2.6113107817549084, -18.6129306275223, -2.6113107817549084, 133.11305342615108, -18.72084056580705, -18.6129306275223, -18.72084056580705, 137.60906317001766, 5.389161781132926, 3.623292669218305, 11.0, 0.0
26, 0 ,1.0,1.0,1.0,139.6630346617639,36.318066295355,35.24460606716055,8.738795966231606,8.989425627150874,11.23467737369803,39.0,45.0,57.0,0.21359665534823882,0.4069150076266083,0.8881422438958094,11.847762399145731,-0.8219392790925408,-0.4165092864798814,0.38850461485142684,8.707963409081142,-0.528007850612925,0.8129822819989732,-0.2454944375069659,8.197329024510218,58.89501614550285,41.76534908602689,41.476864312132484,16.115353495388195,4.867205096897654,36986.0,102023.58422091052, 0.0, 0.0,0.0,NaN, 78.75108623054437,78.75108623054437,0.0, 76.36655493942578, 9.315174937517153, 11.124710036636268, 9.315174937517153, 80.80977310607689, 25.04784118925862, 11.124710036636268, 25.04784118925862, 126.21797569108249, 5.4729415761203235, 3.5255965185121254, 16.0, 0.0
27, 0 ,1.0,1.0,1.0,71.07901184156799,63.87913434054716,46.789214256547865,9.096937486022208,9.25662748130724,9.588417423408673,43.0,39.0,51.0,0.46246739447366647,0.5790109876260469,0.6714686777929764,10.02588113347618,-0.48631155894047606,-0.46758945327663815,0.7381471200413496,9.2179694985981,-0.7413669649300689,0.6679119548209662,-0.06533485989587436,8.653780587589274,54.51619603393763,48.102959008599655,44.455050872416095,15.513959928016947,4.43781702976928,34286.0,116578.49611096726, 0.0, 0.0,0.0,NaN, 106.40488851183754,106.40488851183754,0.0, 82.75427162459606, 9.15596526487356, 4.339556045587463, 9.15596526487356, 85.6851523276924, 6.484614824684563, 4.339556045587463, 6.484614824684563, 91.93774868552703, 5.630361497443914, 3.612055546555698, 24.0, 0.0
28, 0 ,1.0,1.0,1.0,92.18231219395676,126.70682551056969,77.16998089095904,8.96571558471554,8.185885904724596,10.293683004299764,43.0,39.0,48.0,-0.10258686555735096,-0.1042291297075626,0.9892483123743614,10.326720925561883,0.9878844598892301,0.10574626594620937,0.1135870641745689,8.960746718527767,-0.11644839597213014,0.9889155756478092,0.09211815953806433,8.149634774402223,46.87496685722609,42.67484271067259,39.45063414517347,15.33975791381261,4.247884288655164,33492.0,78916.33202975697, 0.0, 0.0,0.0,NaN, 140.80012094765107,140.80012094765107,0.0, 80.38405594601112, 1.8799153061167333, -2.5248388666008768, 1.8799153061167333, 67.00872804516884, -3.9808001203770624, -2.5248388666008768, -3.9808001203770624, 105.9599097930098, 5.757746747068133, 3.6248911575776055, 19.0, 0.0
29, 0 ,1.0,1.0,1.0,67.53450282673761,190.359577652145,72.62807615563685,10.123693268335014,5.605051010348551,10.19076726761481,51.0,23.0,46.0,-0.684095658278982,0.04104664188921365,0.7282364337998097,10.724258983617458,0.7292662962467064,0.019933300603100744,0.683939568007055,9.565366046341586,-0.013557266776787502,-0.9989583758679262,0.04357021690166278,5.590307806769335,46.33951806647651,47.33775918145358,23.646051581835337,14.684792453962807,4.70259187115494,24056.0,51870.190306774384, 0.0, 0.0,0.0,NaN, 99.64278328694274,99.64278328694274,0.0, 102.4891653913317, -1.4761576925207949, -11.678450416078267, -1.4761576925207949, 31.416596828609315, 3.324997557937378, -11.678450416078267, 3.324997557937378, 103.85173750268942, 5.371925505767055, 3.6631339939065946, 15.0, 0.0
30, 0 ,1.0,1.0,1.0,125.83777673380703,74.81317164836456,165.64008456163015,9.005640105836504,9.048927450409447,9.375152288475425,43.0,43.0,44.0,-0.49250386775247845,-0.344479252640845,0.7992333731450744,9.762237024423904,0.47801361147632404,-0.8744834266657001,-0.08235122179043224,8.994429529295136,0.7272846261899194,0.34148613586355164,0.5953522415518134,8.641590586937182,48.11490189367521,43.27188575631335,45.34113562984629,15.28920407166242,4.137434108935524,34058.0,94401.26627619752, 0.0, 0.0,0.0,NaN, 110.80455676913401,110.80455676913401,0.0, 81.10155371585093, 0.8978734322982603, -8.363160866668634, 0.8978734322982603, 81.88308800277363, -5.230111631168911, -8.363160866668634, -5.230111631168911, 87.893480432106, 5.604224242114672, 3.635685224589687, 18.0, 0.0
31, 0 ,1.0,1.0,1.0,44.538389744434376,56.685250761755746,171.59768316451178,9.049086028103178,11.485632941550566,8.025590511755148,44.0,53.0,40.0,0.23387611173235157,-0.9687430433193793,0.08269752342884532,11.634715702232796,0.9477161858368192,0.24613769260746055,0.20310161836082888,8.92230099393133,-0.2171082574750878,0.030873164693357658,0.9756591885684001,7.952468835294327,50.68841008058203,45.847292466095,37.601221443733635,16.003108734897978,4.702800856239327,36429.0,87382.46974166998, 0.0, 0.0,0.0,NaN, 77.48275560777202,77.48275560777202,0.0, 81.88595794401213, -12.523424282585692, 4.545077825205976, -12.523424282585692, 131.91976406803153, -4.959975976164839, 4.545077825205976, -4.959975976164839, 64.41010306237426, 5.469722530386248, 3.527810165277793, 21.0, 0.0
32, 0 ,1.0,1.0,1.0,188.19064766974583,183.84598924899535,185.9145660456135,6.7091279844941605,9.77300028597817,7.794096036171389,27.0,47.0,29.0,0.14045871374670788,-0.8925744109045218,0.42846501692794675,10.36668858879619,0.23770794606895948,-0.3896963297386405,-0.8897368728809145,7.1033934681752715,-0.9611276096899396,-0.22682083587421556,-0.15743578470292302,6.58372499898973,54.46731938735492,38.17384179502449,31.344606818192375,13.444864669404508,4.528518515421667,19161.0,65172.5475753716, -2.8421709430404007E-14, 0.0,0.0,81.92560910432866, 24.470641909991606,24.470641909991606,0.0, 45.012398312322674, -8.697948892363723, 2.3546834839190915, -8.697948892363723, 95.5115345897294, -22.05673584882815, 2.3546834839190915, -22.05673584882815, 60.747933021062565, 6.11956954822057, 3.831678861935924, 7.0, 0.0
33, 0 ,1.0,1.0,1.0,87.82990128591933,75.72307331790621,97.50508216409385,10.513327061105327,8.61894994917012,9.328517183848918,48.0,43.0,46.0,0.8686586307005878,0.2124971796156028,0.44752333119603316,11.001044283863358,-0.475250509932124,0.10235573106412506,0.8738765685882561,8.877682302886383,-0.1398897284243427,0.9717861148286402,-0.18990158216197384,8.485361427949252,50.2667698686424,47.77189209750983,42.54645701468591,15.823636958910297,4.631424226092725,34139.0,102168.45404338592, 0.0, 0.0,0.0,NaN, 151.51011992744915,151.51011992744915,0.0, 110.53004589376957, 8.717416642464096, 16.227862917100513, 8.717416642464096, 74.2862982262996, 5.271128233965326, 16.227862917100513, 5.271128233965326, 87.02123284936455, 5.852809481115653, 3.5925326958755592, 22.0, 0.0
34, 0 ,1.0,1.0,1.0,142.80825388781554,71.14518734361639,115.77559940455453,9.37818271280397,9.631013466800582,8.071308115118216,47.0,42.0,36.0,0.5339786692428148,0.8098543146400274,-0.242904857614262,10.123157965676736,-0.8350793094028561,0.4602031689642227,-0.30142261076856247,9.093671460503677,0.13232281663009512,-0.36379806532500913,-0.9220312575313585,7.789708483119199,46.5352066419824,42.04891053760714,39.94051275437073,15.096622858148322,4.236121381694907,31573.0,78153.78768760078, 0.0, 0.0,0.0,NaN, 124.20258918871586,124.20258918871586,NaN, 87.95031099473522, 9.615049700004937, 0.11995942087137684, 9.615049700004937, 92.75642039769417, -11.276418068301247, 0.11995942087137684, -11.276418068301247, 65.14601468917316, 5.585499724570087, 3.5761807946354414, 19.0, 0.0
35, 0 ,1.0,1.0,1.0,146.3527184437957,106.15960921467179,84.10665664653004,9.427290047331685,9.062405701335676,9.605235835315204,43.0,48.0,45.0,-0.8182702305244699,-0.5618531107356699,0.12146979786795574,9.7928540193074,-0.0027659636192999913,-0.20746206491231767,-0.9782391533094418,9.629409486107289,0.5748270864205058,-0.8007999585283254,0.1682059664171994,8.63921485376684,47.32705288994484,43.600305841861655,42.105335620213005,15.603921104305105,4.447380842111193,34597.0,86883.26449655285, 0.0, 0.0,0.0,NaN, 136.95977312105575,136.95977312105575,0.0, 88.87379763651904, 9.786434914974127, -2.0645874225394656, 9.786434914974127, 82.12719709560137, 2.21999138647465, -2.0645874225394656, 2.21999138647465, 92.26055545202337, 5.331644442365408, 3.4339286575468546, 20.0, 0.0
36, 0 ,1.0,1.0,1.0,9.070113174809732,98.5193816790883,112.87988485350368,6.072012020129828,9.689713142835636,10.81988180323755,25.0,49.0,58.0,0.015340876488293312,-0.004138411839689479,0.9998737575594312,10.820760077120923,0.0377659266925062,-0.9992754875685929,-0.0047153712056902134,9.693916855532532,0.9991688507402676,0.037833496957013144,-0.015173470874407721,6.063731553299678,57.98026270292796,49.101459441060996,26.06830504367784,14.943789076766773,4.95104847766456,25359.0,74214.26214350612, 0.0, 0.0,0.0,NaN, 131.82659057478696,131.82659057478696,0.0, 36.86932997260112, -2.163865319035418, 1.2218370097586688, -2.163865319035418, 93.89054079044165, -0.06281649140330366, 1.2218370097586688, -0.06281649140330366, 117.06984223603105, 5.531814132092752, 3.5247002741830324, 16.0, 0.0
37, 0 ,1.0,1.0,1.0,101.3743887423043,97.20038698328936,171.76288478452068,9.226343216412435,8.379080613926376,8.787073426351517,41.0,41.0,46.0,-0.8750249528145959,-0.352667500794774,0.33159759624427587,9.494005668755234,-0.23679576634145774,-0.28561899149740005,-0.9286277815889261,8.712563412498966,-0.42220740992381406,0.8910933876868214,-0.16641357344353983,8.154885384028237,44.72040091235337,46.373781257962605,39.87754761603148,14.655346240122974,4.215197155996026,28425.0,82700.21520983073, 0.0, 0.0,0.0,NaN, 141.3232503919563,141.3232503919563,0.0, 85.12540914703975, 7.929480447628236, -4.789080734454506, 7.929480447628236, 70.20899193467682, -0.26889680677668804, -4.789080734454506, -0.26889680677668804, 77.21265940009299, 5.366762356870303, 3.5325869651433712, 15.0, 0.0
38, 0 ,1.0,1.0,1.0,116.8018989280245,38.349127105666156,158.0297396630934,9.219528980249338,8.420581691435931,9.66008209056982,45.0,39.0,47.0,-0.6095984646307654,-0.133101189023825,0.7814561954455648,10.124761714237074,0.6007713973703602,0.5655711758385921,0.5649805068869344,9.05628245944194,0.5171686765664348,-0.813887780066144,0.26480793310912276,8.043385163043887,50.43883416307487,43.91727661444429,41.307108515652345,15.193708940960205,4.286526012252126,32650.0,91500.87271423607, 0.0, 0.0,0.0,NaN, 100.76746659759242,100.76746659759242,0.0, 84.99971461765739, 8.953266588650866, -12.13508863274451, 8.953266588650866, 70.906196022146, 1.6012250407472823, -12.13508863274451, 1.6012250407472823, 93.31718599654776, 5.2919427409288895, 3.406845778529917, 14.0, 0.0
39, 0 ,1.0,1.0,1.0,180.95386509108815,160.26932545544068,8.110241260462827,10.216971070852942,9.3255756333898,5.433172041739826,44.0,48.0,21.0,-0.9813367618323612,0.18988971870308052,-0.03033240193654961,10.255857430633926,-0.1874285429952828,-0.9797865170895105,-0.06992082808628512,9.301643454807499,-0.0429965248251622,-0.06293072111831749,0.99709128127393,5.4008364716968105,46.67993435600522,44.2911645077491,22.583334649685288,14.085705934437229,4.739736861939877,20310.0,46691.2397741038, 0.0, 0.0,0.0,NaN, 44.80019830354636,44.80019830354636,0.0, 104.38649786264591, -3.63277410380365, 3.0142440207313417, -3.63277410380365, 86.96636089407356, 3.491185637876345, 3.0142440207313417, 3.491185637876345, 29.519358435143303, 5.8064203947811865, 3.6002843115226053, 12.0, 0.0
40, 0 ,1.0,1.0,1.0,56.27563081822636,82.59655193532582,72.6328086722195,9.849299373899589,8.795372269732356,8.745335441758144,47.0,43.0,45.0,0.8784464005519487,-0.41521511063732736,0.2364917192118076,10.260808662429842,-0.019937025807967954,-0.5263343168621983,-0.8500439411554764,8.748492363792606,-0.47742479654837483,-0.7420030989097246,0.4706346405112019,8.308300094629107,47.800459947258275,41.75575044161971,41.24498199796147,15.24421669776883,4.296745370651218,32656.0,82322.6775063397, 0.0, 0.0,0.0,NaN, 123.55024043363707,123.55024043363707,0.0, 97.00869815669883, -13.145503551257596, 7.659330265229924, -13.145503551257596, 77.35857336317689, -0.20093537921080548, 7.659330265229924, -0.20093537921080548, 76.48089198887112, 5.261986548015332, 3.372491328367759, 20.0, 0.0
41, 0 ,1.0,1.0,1.0,154.6710912312295,180.13933021580644,136.63304191234133,9.464185679161634,10.550097542765275,8.750981740208813,47.0,49.0,43.0,-0.018315655661258638,0.9282039207549031,0.37162079900474265,10.861924853343414,0.99370190798618,-0.02419678851531483,0.10941221819418169,9.476682338306343,0.11054887978774049,0.37128425353194033,-0.9219148270078454,8.346623897608627,53.846113937486734,47.4688218629592,42.40435649588754,15.923659002206206,4.8879580737147785,34429.0,108386.02669165586, 0.0, 0.0,0.0,NaN, 80.40228573695768,80.40228573695768,0.0, 89.57081056964816, -1.3056790681172332, 1.8609766945121893, -1.3056790681172332, 111.30455816186189, 16.612544597475843, 1.8609766945121893, 16.612544597475843, 76.57968141746807, 5.33764067179337, 3.49046988619982, 17.0, 0.0
42, 0 ,1.0,1.0,1.0,133.663812750231,137.19424083769633,18.122944256236526,9.256193757808466,8.409642058463897,9.774940787624763,47.0,39.0,38.0,0.39155875159239184,0.12640055033750433,0.9114300000141445,9.860357154624907,-0.8249550837881566,-0.39053805924634133,0.40856961954136595,9.35982009095137,-0.40759152810563054,0.911867822194904,0.048643818333268,8.19242299221714,46.93705075002563,52.93201635592348,41.04495121953611,15.254335385280008,4.38792910021832,32470.0,101975.06233744312, 0.0, 0.0,0.0,NaN, 93.13159631029828,93.13159631029828,0.0, 85.67712288209242, 8.091818077742351, 3.8395768247945377, 8.091818077742351, 70.72207955148488, 0.1994330328277076, 3.8395768247945377, 0.1994330328277076, 95.54946740157021, 5.337250774682101, 3.3933522759619774, 13.0, 0.0
43, 0 ,1.0,1.0,1.0,15.901808208693433,152.7874158879995,56.89498357623497,9.375123037067523,8.357571076659498,9.294162237593607,38.0,41.0,45.0,-0.8320627639387566,0.35948268931417404,-0.42242603251935856,9.472782108123594,0.497036173648888,0.14514778106880138,-0.8555040407474857,9.381650661173262,-0.24622469200116673,-0.9217940755582298,-0.2994479642854136,8.147049034098256,54.204206016268685,48.12401554303128,38.58703823280288,15.037252364898468,4.2431614716666095,31357.0,100655.21735752813, 0.0, 0.0,7.105427357601002E-15,65.01215191871057, 75.6236388900907,75.6236388900907,0.0, 87.89293196015416, -5.425759686221571, -0.9916875201318017, -5.425759686221571, 69.84899430141542, -6.234462463909767, -0.9916875201318017, -6.234462463909767, 86.38145169871099, 5.643807312740782, 3.6669324439316378, 18.0, 0.0
44, 0 ,1.0,1.0,1.0,117.8230427619798,89.44144402263449,63.20363870782895,8.336476232912327,8.728445390490917,8.682214613494187,39.0,42.0,39.0,-0.4087448667036308,-0.7154391095110171,0.5666343746416329,9.295667487380276,-0.5156459985172862,-0.33123493988841163,-0.790185180075045,8.408833176205052,-0.7530184846048217,0.6151668840072616,0.2335227326498524,7.996595281135644,49.489231152508914,41.48111549867551,40.46542595534578,14.337300509834911,3.9376718504919554,27922.0,83070.19882415305, 0.0, 0.0,0.0,NaN, 136.92159857255257,136.92159857255257,0.0, 69.49683598191211, 7.724273867052379, -2.4472394937547417, 7.724273867052379, 76.18575893478214, -7.3365822904053895, -2.4472394937547417, -7.3365822904053895, 75.38085059477203, 5.293252562825057, 3.3864560906355328, 15.0, 0.0
45, 0 ,1.0,1.0,1.0,186.78970144368887,25.068620677115533,177.17924288155933,8.26231556649029,9.177675963531065,9.555420770722355,33.0,48.0,49.0,0.015886493669929558,0.5848617594155386,-0.810977399002115,9.976641859896779,-0.5835342137278998,0.6640488789212516,0.4674686169278004,9.181102050661996,-0.8119331504057685,-0.4658066216540821,-0.3518362552315688,7.744394298593097,49.6964289548377,54.861723149088036,40.89909215887502,14.886120168004032,4.71222739913397,27499.0,111508.58246003585, -2.8421709430404007E-14, 0.0,0.0,89.08973266973196, 36.38316487139128,36.38316487139128,NaN, 68.26585852026776, -9.055171701670588, -7.14293023077, -9.055171701670588, 84.22973609157587, -11.214088923869975, -7.14293023077, -11.214088923869975, 91.30606610555219, 5.413702913686672, 3.5371675116281525, 8.0, 0.0
46, 0 ,1.0,1.0,1.0,182.04213255550155,94.17857721601037,79.9542699724518,9.436880569435484,8.491111845762092,9.505389945409988,38.0,43.0,43.0,0.6679420973935952,-0.23295796150163206,0.7068125230232194,10.616888051674694,0.5917141109917231,0.7422552382033463,-0.31453389676308124,8.465229987075832,-0.4513621222286156,0.6283213744038142,0.6336280336953081,8.193149738498061,54.52371071898344,50.648227548245444,47.32325909268231,15.201977210101663,4.517302533247601,30855.0,130684.56689996339, 0.0, 0.0,0.0,NaN, 124.83899509533835,124.83899509533835,0.0, 89.05471488178898, -5.103359273401889, 20.680228456840588, -5.103359273401889, 72.0989803772413, -8.564998462103537, 20.680228456840588, -8.564998462103537, 90.3524380143013, 5.504911688728862, 3.3844199677633062, 13.0, 0.0
47, 0 ,1.0,1.0,1.0,29.239374948687775,150.14613721573028,125.9243315727539,9.9936314075403,8.80582370108852,10.6462993577068,58.0,41.0,50.0,-0.49404470697661584,0.3979433007777375,0.7730206704057199,11.476796505962838,0.8299759377249131,-0.04895482355626777,0.5556468015279367,9.579268151284724,-0.25895901279167954,-0.9161029170440917,0.3060974927654016,8.202417535387836,56.11204092965119,51.97917717518423,41.183669523361715,16.281068303433663,5.068106616604682,36541.0,120118.66753560168, 0.0, 0.0,0.0,NaN, 93.95506018754949,93.95506018754949,0.0, 99.87266870977595, -13.663234783558007, -13.318221402448879, -13.663234783558007, 77.54253105465234, 19.156100528214683, -13.318221402448879, 19.156100528214683, 113.34369001390822, 5.486183258840458, 3.3448391183247397, 23.0, 0.0
48, 0 ,1.0,1.0,1.0,17.039529269764635,134.29508147254074,12.399969824984913,9.786483690541292,10.639686978223256,8.09806633298542,41.0,52.0,32.0,-0.3008555124140031,0.9069639547584013,-0.29479203757752215,11.105518558154712,-0.9313961854916738,-0.2130218726375953,0.2951657626309851,9.736774894484572,-0.20490755550166173,-0.36337042607643755,-0.9088315724881928,7.511294998990018,57.18292431932019,49.86023492102774,37.84832320119517,15.811885386471015,4.953903600025589,33140.0,107911.39960354929, 0.0, 0.0,0.0,NaN, 69.00174728291857,69.00174728291857,0.0, 95.77526302523071, -10.6422919954445, -4.618224516316545, -10.6422919954445, 113.20293899457351, -20.303781077807074, -4.618224516316545, -20.303781077807074, 65.57867833343194, 5.652162934359507, 3.4932531677957472, 11.0, 0.0
49, 0 ,1.0,1.0,1.0,179.60087826299096,81.63308123932667,17.867162722615273,9.936146917900526,8.875805481921203,9.35636227540743,45.0,44.0,42.0,-0.7467973764660752,0.49646093181993267,0.4425157869272807,10.694444279683092,0.5624515118128642,0.11641759482029433,0.8185934524998848,9.156693357813108,-0.35488304462570525,-0.8602171160775288,0.36617555604443097,8.175101336094171,54.25747655130873,44.68608627709341,43.4528294308204,15.584941306980651,4.707234646119904,32792.0,105353.74350287164, 0.0, 0.0,0.0,NaN, 86.0192979744908,86.0192979744908,0.0, 98.72701557410412, -16.511320832510748, -7.877152179995471, -16.511320832510748, 78.7799229529025, 12.065189737695405, -7.877152179995471, 12.065189737695405, 87.54151502866729, 4.628821341336777, 3.2296953423365897, 15.0, 0.0
