// Sample: .//bubblelabels.tif, Map: .//bubblelabels.tif, Thickness:(8.191250068658265):/afs/psi.ch/project/tipl/test/LabelValidation/Step3500//distmap.tif, Neighbors:(1.0):
//LACUNA_NUMBER, TRIANGLES, SCALE_X, SCALE_Y, SCALE_Z, POS_X, POS_Y, POS_Z , STD_X, STD_Y, STD_Z,PROJ_X, PROJ_Y, PROJ_Z, PCA1_X, PCA1_Y, PCA1_Z, PCA1_S, PCA2_X, PCA2_Y, PCA2_Z, PCA2_S, PCA3_X, PCA3_Y, PCA3_Z, PCA3_S,PROJ_PCA1, PROJ_PCA2, PROJ_PCA3,OBJ_RADIUS, OBJ_RADIUS_STD, VOLUME, VOLUME_BOX, Mask_Grad_X,Mask_Grad_Y,Mask_Grad_Z,Mask_Angle, Mask_Distance_Mean,Mask_Distance_COV, Mask_Distance_STD, SHAPET_XX, SHAPET_XY, SHAPET_XZ, SHAPET_YX, SHAPET_YY, SHAPET_YZ, SHAPET_ZX, SHAPET_ZY, SHAPET_ZZ, Thickness, Thickness_STD, Neighbors, Neighbors_STD
1, 0 ,1.0,1.0,1.0,154.91029203331325,253.53852827775512,278.1707847016279,25.489734860159356,26.61057238045276,14.769416244474135,134.0,107.0,65.0,0.6611054949649335,0.7477826868345082,-0.06132355010706131,30.429728271534902,0.7502908587881522,-0.6586983815335629,0.05639210391536955,20.86280259871696,-0.0017753157766722816,0.08329162884484975,0.996523633848322,14.65468890514546,149.51787570386514,93.44159936029399,68.18606822847613,36.974251141156465,14.45301194941441,267401.0,952640.4763017182, 0.0, 0.0,0.0,NaN, 153.90323698024707,153.90323698024707,0.0, 649.7265832412231, 242.62249661118332, -19.50402285921525, 242.62249661118332, 708.1225624153152, -40.804097626370556, -19.50402285921525, -40.804097626370556, 218.13565620253644, 5.3505185207336865, 4.010095668424158, 22.0, 0.0
2, 0 ,1.0,1.0,1.0,224.95636280762992,29.15846070343682,266.7209702618172,27.780985591454304,18.65850744529492,22.690070187568335,146.0,98.0,96.0,0.8665925120457635,-0.049477867775963996,0.4965575079148008,30.072587703062478,-0.36973695589813343,0.6046081695521396,0.7055094221581971,20.8371153178187,0.3351298278419796,0.7949848438248085,-0.5056551162397643,17.210939535918275,152.7230646816027,120.10089736241797,119.64768165878837,37.690754524974146,14.634526605723615,333477.0,2194598.968528101, -2.8421709430404007E-14, 0.0,0.0,29.934950207500552, 87.11634251946529,87.11634251946529,9.5367431640625E-7, 771.7831604325916, -56.91788663039318, 225.7027218046447, -56.91788663039318, 348.139900086126, 43.91032895358695, 225.7027218046447, 43.91032895358695, 514.8392851167773, 5.1300209948446875, 3.8091027377599476, 23.0, 0.0
3, 0 ,1.0,1.0,1.0,275.6936171596503,197.38115348814523,212.54744145777357,16.345416528531462,20.229062323489686,22.46029669563899,87.0,100.0,132.0,-0.09054454446181222,-0.5551956394263313,0.826776564393422,24.292863452241352,0.2993219126785565,-0.8069734126905682,-0.5091171808149757,18.24854509403153,-0.9498463444466442,-0.20137455939747098,-0.2392492607487451,16.053034569102675,116.58201197722306,95.09471873414344,106.64445814298347,32.46330322619332,11.268827591158015,246019.0,1182296.043663185, 0.0, 0.0,0.0,NaN, 137.00137919665917,137.00137919665917,0.0, 267.1726414911895, -1.4787117038827993, -36.3631469629531, -1.4787117038827993, 409.21496248763, -121.65858382050419, -36.3631469629531, -121.65858382050419, 504.46492765613175, 5.7011279465021785, 4.3306119739228635, 31.0, 0.0
4, 0 ,1.0,1.0,1.0,81.14753706187248,50.57649063032368,158.11320937088453,23.516599954983374,21.24983035454118,22.04858969340097,116.0,97.0,112.0,-0.6720299861354269,-0.5498819186129045,-0.4959894891198893,25.09857816396331,-0.7070327856770262,0.27730379403829014,0.6505438077406881,22.41490912512985,-0.22018251000613576,0.7878657762554228,-0.5751410095731632,18.930380188127383,118.0552173332106,106.91123212112642,101.03681273350116,36.973367390547594,11.121878205199156,413835.0,1275228.932378247, 0.0, 0.0,0.0,NaN, 171.09870113685156,171.09870113685156,NaN, 553.030473442724, 72.11209488824271, 24.257464662609426, 72.11209488824271, 451.55529009677986, 100.0591380960272, 24.257464662609426, 100.0591380960272, 486.1403074679475, 4.9333420468568265, 3.5673312502750734, 31.0, 0.0
5, 0 ,1.0,1.0,1.0,14.960509371870081,258.5393038266482,74.77626746792579,10.528211824877268,24.362435101684344,38.576420195521635,46.0,100.0,155.0,-0.009746379226203323,-0.05256387690466936,0.998570001019823,38.60993208064937,-0.06072061550674327,-0.9967434987970517,-0.05306038501833886,24.34865679735797,-0.9981072161568924,0.06115093172277,-0.00652292917145659,10.436845323508068,155.1974444647993,104.53460829512863,47.88012823942962,43.055275691835014,18.40529593662662,251604.0,776783.455150617, 0.0, 0.0,0.0,NaN, 86.80032456321564,86.80032456321564,0.0, 110.84324422948552, 29.99670324327743, -11.889127384456108, 29.99670324327743, 593.5282440837814, -46.93499510734986, -11.889127384456108, -46.93499510734986, 1488.1401951014495, 5.762198312078858, 4.146402484753021, 17.0, 0.0
6, 0 ,1.0,1.0,1.0,271.36294959499725,58.3512578609406,235.8431103149236,20.461961564457255,23.45293346103667,30.823624517237395,94.0,114.0,127.0,0.09045905087729234,0.2318666066725674,0.9685324139255891,31.427260712076215,0.6029929387932731,-0.7867452070053985,0.13202838717292958,25.669167620037317,0.792601208603565,0.5720750439970104,-0.2109821512734827,16.499966824281678,136.74668269613454,127.98098412097866,90.46587899704505,41.37450173093645,14.386743686151238,452713.0,1583241.089098509, 0.0, 0.0,2.8421709430404007E-14,14.411687029630807, 91.32938433995771,91.32938433995771,0.0, 418.691871065326, -168.42529346769624, 93.4627144745843, -168.42529346769624, 550.0400879278136, 120.49982315690792, 93.4627144745843, 120.49982315690792, 950.0958283796382, 4.980788436130145, 3.5523805347490307, 24.0, 0.0
7, 0 ,1.0,1.0,1.0,26.44275358474048,190.98040496624176,125.92627240048283,17.166954575441654,26.043471918601604,19.460144307909395,84.0,126.0,93.0,0.2719669691955193,0.9617309202524758,-0.0332806955595759,26.671954619349272,0.2065580874739577,-0.09212067858386622,-0.9740880540671613,19.616539267258986,0.9398764409036457,-0.25804537896961827,0.22370708130660943,15.983184895833018,132.27829677911188,91.65979218342923,86.07390934005474,34.769331338101026,11.948120092990107,301556.0,1043611.8238836307, 0.0, 0.0,-1.4210854715202004E-14,88.0928044248304, 168.64731660820624,168.64731660820624,0.0, 294.7043293952771, 116.79162819155235, -30.151989214443205, 116.79162819155235, 678.2624295749903, -2.9862899640051617, -30.151989214443205, -2.9862899640051617, 378.6972164846584, 5.310381999044065, 3.7607596082029398, 27.0, 0.0
8, 0 ,1.0,1.0,1.0,162.52976254709412,160.6714226061172,258.63332035263704,22.46414420816367,21.345973104878823,15.382192323362258,113.0,100.0,86.0,-0.7077615753371803,0.622114003675253,0.3347352967754972,27.32003219673991,0.649643378917645,0.7593089945731298,-0.037594294631078475,16.68531722330884,-0.2775554587910281,0.19085077204845233,-0.9415619735863443,13.119306894761511,121.43016098684357,91.27903414131194,66.75490527433496,32.64969291038619,11.441054860888672,213137.0,739913.2265482288, 0.0, 0.0,0.0,NaN, 200.05429475272223,200.05429475272223,0.0, 504.6377750051734, -200.42741367900317, -138.64716810153664, -200.42741367900317, 455.6505677942101, 116.55363775851197, -138.64716810153664, 116.55363775851197, 236.61184067290475, 5.371272748191449, 3.8284860616314895, 21.0, 0.0
9, 0 ,1.0,1.0,1.0,69.79534319167517,280.92583670086003,121.01503545154462,20.569022047327632,12.924351954560002,30.357403118835474,114.0,61.0,148.0,-0.02570846237273873,0.13794197476603468,0.9901066036342125,30.610638056313014,0.996304271159262,0.08473488355632315,0.014064095367565121,20.605575592352565,-0.08195653867899183,0.9868090043703199,-0.13961058219710967,12.251308413451877,148.10943787557113,113.14269995576134,67.11822433292684,36.278031435649524,13.985703439663316,270228.0,1124733.7577003797, 0.0, 0.0,0.0,NaN, 140.99593058717892,140.99593058717892,0.0, 423.08466798345023, 20.382734109361202, -16.18400935278603, 20.382734109361202, 167.03887344533896, 107.80203504257396, -16.18400935278603, 107.80203504257396, 921.5719241194818, 5.161463995917628, 3.6211098877129198, 20.0, 0.0
10, 0 ,1.0,1.0,1.0,281.7563700327668,141.26741142289592,164.13753237229767,11.547027382980659,22.50989057918952,21.970135351141224,50.0,112.0,111.0,0.010464621610857545,-0.7731873216931965,0.6340913635016983,23.588577003591713,0.023235403262908436,-0.6337668455160177,-0.7731750782066673,20.812722057446514,-0.9996752511339628,-0.02282435316886736,-0.0113331889894776,11.538002345421798,116.64871580970487,91.74042568757619,51.10278776273225,31.720564552439253,10.79451930807885,215462.0,546871.5183153239, 0.0, 0.0,0.0,NaN, 196.84491782719596,196.84491782719596,0.0, 133.33384138330516, -7.84332630430383, -2.581510954047639, -7.84332630430383, 506.69517388708505, -60.50433117066917, -2.581510954047639, -60.50433117066917, 482.68684734746535, 5.886270962284506, 4.277281566736993, 22.0, 0.0
11, 0 ,1.0,1.0,1.0,23.234139837947968,65.46562262344027,282.3963045376447,15.018404686512138,18.267071944026167,10.984201250070225,66.0,100.0,50.0,-0.2697608699871542,-0.9629086342782023,0.0060029206442202285,18.52040868625583,-0.9299025801011725,0.2588853868137751,-0.26126528283617007,14.959887040107333,0.2500205282470934,-0.0760612813905281,-0.9652483705908417,10.634252003757018,96.29086342782024,75.370040446778,56.72926012520878,24.677194240269547,8.421826302300182,106509.0,411709.557364198, 0.0, 0.0,0.0,NaN, 71.66214547036226,71.66214547036226,0.0, 225.55247932784977, 33.07008142989462, 26.52503504342586, 33.07008142989462, 333.6859174082279, -8.817226064796586, 26.52503504342586, -8.817226064796586, 120.6526771020443, 5.345489766401623, 3.910579090379032, 12.0, 0.0
12, 0 ,1.0,1.0,1.0,128.41306324598096,178.66798787247666,195.4068475165732,17.72919246368503,20.91664461660001,32.756724269890114,96.0,105.0,150.0,-0.2273644886611533,0.2692079594912265,0.9358592115496981,34.31554632429026,-0.01011444566041278,-0.961629813947987,0.2741638176626199,19.49414052111322,-0.9737572014033246,-0.052869419071234894,-0.2213633602072287,16.34793681581004,150.59946403986342,94.85299257282706,82.39237052331356,40.13144770236008,14.638995103388849,401401.0,1176959.3455256245, 0.0, 0.0,0.0,NaN, 205.30732944917273,205.30732944917273,0.0, 314.3242654143861, -54.62123926250387, -194.00774274512986, -54.62123926250387, 437.50602201714213, 199.61187084370712, -194.00774274512986, 199.61187084370712, 1073.002984893608, 5.14216653661303, 3.6592907214899077, 37.0, 0.0
13, 0 ,1.0,1.0,1.0,37.98671781241487,48.95438849662423,240.68364244115418,19.35555630861483,13.83144348223119,15.815306931169115,84.0,78.0,81.0,-0.8388087593460014,-0.18507544792420552,0.5120028748162226,21.275993272640054,-0.4770612652231645,0.7030016304319437,-0.527447871200275,14.003118594564395,-0.26232120476258775,-0.6866846337189172,-0.6779762527893002,12.935033901553604,106.81894019203868,67.77450491729378,68.62798883050215,26.89072882293608,9.64152609893833,135821.0,496839.241968492, 0.0, 7.105427357601002E-15,2.8421709430404007E-14,63.49217489501039, 85.77851221190129,85.77851221190129,0.0, 374.63756001595937, 34.64951455848427, -115.31136355229576, 34.64951455848427, 191.3088288021557, -37.708438570449665, -115.31136355229576, -37.708438570449665, 250.12393332708587, 4.786736591327839, 3.4951440623168923, 18.0, 0.0
14, 0 ,1.0,1.0,1.0,121.22692294002492,86.74978109983982,208.5178287951593,17.789977077264098,20.590431142680828,21.7401954831643,93.0,106.0,109.0,-0.3929920066694642,0.6140545086447234,0.684466466020794,22.850536734960112,0.3003903161025868,-0.6177882892592775,0.726707153980118,20.73832301468766,-0.8690931714641966,-0.49119720079330875,-0.05832983153689177,16.151166154800546,115.17848250011389,111.06301484114414,90.88206572387048,33.17791442003889,10.597699440623861,280950.0,1162569.702069433, 0.0, 0.0,0.0,NaN, 174.90134080311864,174.90134080311864,NaN, 316.48328440958204, -94.4564069914197, -33.34396389751351, -94.4564069914197, 423.96585464148046, 33.84823223517129, -33.34396389751351, 33.84823223517129, 472.63609964619747, 5.037328154737042, 3.5650158800210465, 33.0, 0.0
15, 0 ,1.0,1.0,1.0,182.21173772984156,142.81682461944908,285.7766479117209,23.968072343612164,23.44715127670011,8.855831650569227,106.0,107.0,37.0,-0.746086544047466,0.6556127813481712,0.11630455590484395,25.968615979368018,0.6579070425934672,0.7527522038667538,-0.022857009420801985,21.406673793495784,0.10253385829678875,-0.05946427924947599,0.9929505563703132,8.36949522368477,126.71807830425624,107.58347428975043,40.62060999144603,32.45771526700183,12.213102338490103,160491.0,553771.4787394311, 0.0, 0.0,0.0,NaN, 185.6691247020712,185.6691247020712,0.0, 574.4684918686263, -103.34852629878344, -58.27649556258825, -103.34852629878344, 549.7689029924596, 39.40070717553727, -58.27649556258825, 39.40070717553727, 78.42575422322369, 4.688690284828342, 3.446142549973054, 16.0, 0.0
16, 0 ,1.0,1.0,1.0,278.640758073959,244.66519627517187,46.6676706568526,13.740768311953666,32.0667189779025,20.617968103316503,57.0,115.0,108.0,0.0993193371661377,-0.9883155895889317,0.11561991454918805,32.31019842516574,-0.20222151625493268,-0.1338172420781223,-0.9701543197276202,20.703738338722015,-0.9742905765881322,-0.07297424955480987,0.21314931684966115,13.022675802157105,127.79068010152275,127.33573716287049,69.23414632404243,37.79569901476285,14.61741853082334,271583.0,1126600.2152935397, 0.0, 0.0,0.0,NaN, 75.47204252871961,75.47204252871961,0.0, 188.80871380278998, -78.81584926379627, 60.8634436616619, -78.81584926379627, 1028.274466007772, -66.28072342592877, 60.8634436616619, -66.28072342592877, 425.10060870937673, 6.003219626846207, 4.3047144921314295, 12.0, 0.0
17, 0 ,1.0,1.0,1.0,114.73135660613143,225.32720515442168,85.85842868039664,15.727009289762679,22.588245490693208,27.30941086379023,94.0,108.0,143.0,0.14959565293456273,-0.4996455156159051,0.853214802583733,29.874765172669232,-0.21236580032749505,-0.8590226069266805,-0.46581211624447133,19.639391669846052,-0.9656717389850159,0.11151017672753777,0.23461366757256247,15.005474933891922,142.61738739480552,112.4757184218779,90.07244237108415,36.41167130124732,13.32523059181771,308085.0,1444851.4271765747, 0.0, 2.8421709430404007E-14,0.0,60.02344972819908, 161.5889236742416,161.5889236742416,0.0, 247.33882120028161, -20.592897626934754, 101.05825291635134, -20.592897626934754, 510.2288343478221, -220.24965064830926, 101.05825291635134, -220.24965064830926, 745.8039217273039, 5.619657561196277, 4.0975427656109105, 36.0, 0.0
18, 0 ,1.0,1.0,1.0,180.037498990125,17.11776696434675,23.80553225074731,25.43344795987902,11.227844728351773,15.403632287862804,119.0,46.0,64.0,0.9813160090760309,-0.10707826032508772,0.15985348446888284,25.77503231828774,0.1584171153660772,-0.02184399993608272,-0.9871306181179285,15.035778860352671,-0.1091920688062174,-0.9940106064990177,0.004472837720415521,10.94393544778726,119.14604122236128,72.76325336544289,49.769067282505276,29.692146081119866,11.339008824796895,160911.0,431470.6187720414, 0.0, 0.0,0.0,NaN, 123.49381749760315,123.49381749760315,0.0, 646.8602751278744, -57.59129957469039, 68.80312358011044, -57.59129957469039, 126.06449724397669, -7.029288464750746, 68.80312358011044, -7.029288464750746, 237.27188765968947, 4.632501270149707, 3.260874070135546, 11.0, 0.0
19, 0 ,1.0,1.0,1.0,181.12918412102272,88.38316634056021,137.00522645795854,19.432660306249335,15.414718119379074,17.083677290954753,92.0,78.0,102.0,-0.9236258419336854,0.13854962528431192,0.35737837853718474,20.108143575521467,-0.20602940081962526,0.6067745450813232,-0.7677086279567649,17.880086685476005,-0.32321384578974444,-0.782705981052227,-0.5318873537835559,13.529926575024486,102.33105759165144,93.91894126123927,73.02955285506584,28.4272431276887,9.949155703802438,152302.0,701874.222168096, 0.0, 0.0,0.0,NaN, 201.7728600107392,201.7728600107392,0.0, 377.6282865780785, -45.39822719170141, -51.428279540389944, -45.39822719170141, 237.61353469991354, -52.69328702451364, -51.428279540389944, -52.69328702451364, 291.8520297814831, 5.523545687928655, 3.7213783737378385, 30.0, 0.0
20, 0 ,1.0,1.0,1.0,94.34886962205391,52.24801991618286,256.50662270752434,15.612385338721976,11.439088117390678,16.289782541054603,79.0,50.0,83.0,-0.6341679305476379,-0.01061816918337884,0.7731224290810088,17.570320773284994,0.7435746833327936,0.26573606655451515,0.6135805026552511,14.357203379485263,0.21196161485387552,-0.963987342974651,0.1606258896106412,11.185296920555288,88.14012494433344,75.18345025553185,52.79586147471547,23.997763534568566,8.00397860415483,104036.0,349861.2106440356, 1.4210854715202004E-14, 0.0,0.0,50.64170128394045, 116.28946062488555,116.28946062488555,NaN, 243.74657596474094, 17.245147037007833, -53.055662185874084, 17.245147037007833, 130.85273695742862, 11.702849151041317, -53.055662185874084, 11.702849151041317, 265.3570152348474, 4.639645734692102, 3.2833799066998735, 15.0, 0.0
21, 0 ,1.0,1.0,1.0,144.51741665467603,256.98251765751,187.48344667087903,17.923006878537297,22.30211445200605,21.276220090414185,91.0,92.0,99.0,-0.30600852567475517,0.7090066769103397,0.6353489704964661,24.59832015853852,-0.34245039965958257,-0.7046687201596289,0.6214255535473114,19.715324295754925,-0.8883054125622305,0.027413991412187796,-0.4584342560144231,16.6590713794458,123.66008121904346,109.42572073870016,84.69992556527549,34.03875412486458,10.614105876676842,319694.0,1146124.9634153673, 0.0, 0.0,0.0,NaN, 188.13761526258537,188.13761526258537,0.0, 321.2341755680953, -44.23978604014166, -87.34118041334372, -44.23978604014166, 497.38430903037727, 98.87060433866287, -87.34118041334372, 98.87060433866287, 452.67754133574414, 4.4217232762954355, 3.0802762065013822, 14.0, 0.0
22, 0 ,1.0,1.0,1.0,276.04315282848086,46.63862846149478,126.32689937575358,15.75021438458341,26.55464194591739,22.280863893452555,69.0,104.0,105.0,0.09201382604573358,-0.8991606561695201,0.42783591505765817,27.776165209470275,0.03746457373323011,-0.42622832082510015,-0.9038394903087623,20.852127748926762,-0.9950526928416471,-0.09919441981993653,0.005532227867083329,15.598992674958943,119.92212595544419,111.43949835063547,70.27263629895296,36.150259427233955,11.950477028835076,299401.0,939127.8373151976, 0.0, 0.0,0.0,NaN, 136.77564730996758,136.77564730996758,0.0, 248.06925316033818, -46.757329066109826, 14.3090552805986, -46.757329066109826, 705.1490088758752, -129.42271442660373, 14.3090552805986, -129.42271442660373, 496.4368958385577, 4.971736105841414, 3.533369092331695, 21.0, 0.0
23, 0 ,1.0,1.0,1.0,279.5893258426966,264.0060338537867,248.95404202539035,13.017663410053899,18.757695635569835,19.277758371489984,63.0,78.0,98.0,0.12992132931719283,0.6887344957476134,0.713277815830364,24.089942887569777,-0.8004162421783956,-0.3517219026608997,0.4854127547207759,13.281845273209056,0.5851959393617401,-0.6339846193369973,0.5055780998012603,11.670900216172033,106.32847751850431,81.69630950147331,66.85116993743033,28.06202727686264,10.269629942520421,137060.0,580712.328146513, 0.0, 0.0,0.0,NaN, 65.7103572052076,65.7103572052076,0.0, 169.4595606574561, 51.05658563788158, 25.53815236745318, 51.05658563788158, 351.8511455566756, 211.3127900718303, 25.53815236745318, 211.3127900718303, 371.63196782955214, 5.47688589365434, 3.93316371478199, 8.0, 0.0
24, 0 ,1.0,1.0,1.0,193.1101454038354,245.26464030981586,131.2994546245881,18.686271127563664,17.1265866740087,18.76186326045052,100.0,97.0,94.0,-0.5153835486910076,-0.5376366470882498,0.6673279804162036,20.77670116908592,-0.8212438984180902,0.08739420827668337,-0.5638445811309611,18.07586451864832,-0.2448229095687763,0.8386352532939433,0.48657235318386316,15.36541646662951,98.75280890657557,90.61259791224009,88.14257743368947,30.14705369451635,9.255234535057376,225166.0,788721.6921382895, 0.0, -2.8421709430404007E-14,0.0,57.4771003644703, 177.9352337248509,177.9352337248509,0.0, 349.17672865281946, 47.686305462086366, -25.29257869369431, 47.686305462086366, 293.3199711023323, -74.63498442113936, -25.29257869369431, -74.63498442113936, 352.0075130038431, 4.6009603930911736, 3.1806447851640547, 19.0, 0.0
25, 0 ,1.0,1.0,1.0,43.69372544757232,190.64069220377934,283.4804667484434,25.98882657581767,16.278935979520192,10.617649795005628,100.0,92.0,45.0,-0.9263301226870373,-0.3674855862679069,0.08286644488543812,27.521436532155292,0.3542167919135437,-0.9245553536248995,-0.1404559091317061,13.750957465837367,0.12823013736675137,-0.10075585327349229,0.9866130395965961,10.326618544417467,115.91034488911251,86.42208428139966,48.949731440969174,30.003496317203446,12.367196906577334,128806.0,490339.9152666269, 0.0, 0.0,0.0,NaN, 118.91801723879205,118.91801723879205,0.0, 675.4191067879267, 194.53576935421617, -54.0577968943517, 194.53576935421617, 265.00375662531707, -9.11114791558864, -54.0577968943517, -9.11114791558864, 112.73448716938304, 5.243745206698641, 3.5393309204715195, 15.0, 0.0
26, 0 ,1.0,1.0,1.0,193.09611458193243,213.9222488477009,247.55066448229067,18.15325503755135,15.265823631191758,15.517901143737463,89.0,74.0,76.0,0.9792973179747516,0.021158089001198654,0.20131840024517098,18.264651776896063,0.14111173389557988,0.6416942527450713,-0.7538673388275468,15.673780670798967,0.14513525265916796,-0.7666686515462607,-0.6254238060481848,14.970851360435738,91.3954101946683,83.87503999723609,80.51633082795732,27.075667731635946,8.384480448417941,163586.0,617221.5804519855, 0.0, 0.0,0.0,NaN, 146.9311156874734,146.9311156874734,0.0, 329.54066845838344, 4.218799172102985, 19.290770006876908, 4.218799172102985, 233.04537113865268, -9.954220400583011, 19.290770006876908, -9.954220400583011, 240.80525590680847, 5.083569416449352, 3.5558296049076095, 17.0, 0.0
27, 0 ,1.0,1.0,1.0,266.60988899486574,101.7653773565761,17.063569210787996,15.705150375030058,14.311698840844745,11.324262545703167,67.0,65.0,50.0,0.9219529278657875,-0.3597305193565312,-0.14351568640111148,16.068617590836404,-0.34191358764339036,-0.9300278293511441,0.13469719825306617,14.048679468523813,0.1819282753849103,0.07511451308422518,0.9804386327249613,11.142240713945267,78.15147917954107,66.89002773291747,56.20741369873255,23.020965133277414,7.05340758426503,98554.0,293827.3245794512, 0.0, 1.4210854715202004E-14,0.0,68.91635277837823, 108.45393923538633,108.45393923538633,0.0, 246.65174830230677, -21.17676133664496, -21.108853568123404, -21.17676133664496, 204.8247237110368, -2.251264171306439, -21.108853568123404, -2.251264171306439, 128.23892220401558, 4.583030541035812, 3.0896430560513624, 13.0, 0.0
28, 0 ,1.0,1.0,1.0,108.25574240290796,266.4346919913406,152.86799451657126,12.949152120091691,18.22251641988336,19.405682100784507,63.0,80.0,97.0,-0.2375552809333181,0.5728396690554751,0.7844884970839964,22.187140315808733,-0.4439949951244985,-0.7823394960820129,0.43682188266447963,16.346002288997763,-0.8639652381925382,0.24453962138385285,-0.4401868248463975,10.810187642848621,104.02238219193805,81.0899199966268,48.154177413700694,28.048191809429664,9.466788226235035,161213.0,406188.51136873505, 0.0, 0.0,0.0,NaN, 185.72496521064863,185.72496521064863,0.0, 167.68054062927516, 1.1323471673433756, -99.11732643101749, 1.1323471673433756, 332.0601046729186, 117.3288300587886, -99.11732643101749, 117.3288300587886, 376.5804977967082, 4.884430271569339, 3.4454717199358047, 8.0, 0.0
29, 0 ,1.0,1.0,1.0,41.249244823386114,19.63649208282582,197.81115712545676,12.327437240980926,13.090154676262067,14.726358323670667,74.0,55.0,74.0,0.4516165895951832,0.60742701713054,0.6535096593488965,15.878119085709098,-0.5029088095741082,-0.43170709648414035,0.7488068590083741,13.88032022862385,-0.7369702743361972,0.6668293647591774,-0.11051431147006513,9.76757556954793,77.30937706959118,64.21706560574265,52.189689456157424,22.071923294667705,7.281050056841853,82100.0,259099.9583735711, 0.0, 0.0,0.0,NaN, 111.93592643944397,111.93592643944397,0.0, 151.96570893032342, 64.1046584958478, 9.624997463358955, 64.1046584958478, 171.35214944846567, 30.76711538674957, 9.624997463358955, 30.76711538674957, 216.86562947714432, 4.996202011909177, 3.3620633262096007, 9.0, 0.0
30, 0 ,1.0,1.0,1.0,12.54290668258435,135.58096699923254,27.475299167164096,8.004270488268263,14.978926116671976,17.527178264441837,35.0,65.0,71.0,0.04101124100663055,-0.41293682986047797,0.9098358383004458,18.13352725567963,0.04754898539243598,-0.9087636286217358,-0.41459348919442274,14.265656916404266,-0.9980266389727511,-0.06026476448999499,0.017634796900431404,7.956429700724638,86.93794457280408,72.92392557737357,37.0415808953765,23.012431258670894,8.128133804052373,70362.0,234838.29629279787, 0.0, 0.0,0.0,NaN, 138.90433825053907,138.90433825053907,0.0, 64.06834604936226, -10.554929356338452, 7.143565728863621, -10.554929356338452, 224.3682276087178, -46.932751760258625, 7.143565728863621, -46.932751760258625, 307.20197791352234, 6.0114280293781635, 4.596560718436439, 8.0, 0.0
31, 0 ,1.0,1.0,1.0,37.873211034988465,243.8211653159279,243.11467281711097,19.116903243793754,19.663390090620336,19.083599043933283,93.0,100.0,94.0,-0.1491955158635435,-0.7395684646336398,0.6563377058844416,21.915122493941194,-0.9864839235602919,0.06584726092235597,-0.1500453490985807,19.059565048690565,0.06775076828570248,-0.6698526885431331,-0.7393965167947665,16.515115445808267,105.35199754042381,101.54237043022552,89.77651994588592,31.594994349665257,10.864850850492399,234563.0,960401.5196945701, 0.0, 2.8421709430404007E-14,2.8421709430404007E-14,89.94740283991176, 88.4668414111491,88.4668414111491,0.0, 365.4559896325721, 17.01841064658831, -6.923025500266751, 17.01841064658831, 386.648909855906, -101.6276424869376, -6.923025500266751, -101.6276424869376, 364.18375246961136, 5.641266271762742, 4.14096721671267, 19.0, 0.0
32, 0 ,1.0,1.0,1.0,179.93533436094512,166.29472750691525,73.8515488080407,18.526415633233203,11.148247117161276,12.090288839673933,82.0,51.0,57.0,-0.9956280426378337,-0.032323811661356644,0.08763544895096687,18.58066249972809,-0.04891219554079754,-0.6188787834623871,-0.7839621473690519,13.335656707689687,0.07957636483614439,-0.784821140502597,0.6145920432121358,9.51870870828578,82.40360056515493,66.27934084839444,47.38318125147828,23.535075057017988,7.732193497830656,94718.0,258790.6517699518, 0.0, 0.0,0.0,NaN, 194.2850356790623,194.2850356790623,0.0, 343.22807621530757, 10.83542944297659, -18.872497978744658, 10.83542944297659, 124.28341378529468, 41.60263269362544, -18.872497978744658, 41.60263269362544, 146.17508422674405, 5.123634451289994, 3.659520955160802, 19.0, 0.0
33, 0 ,1.0,1.0,1.0,221.4984235574063,158.08990928019037,35.73625817965497,13.404875515284932,13.079598297867566,18.758113771930706,67.0,61.0,81.0,0.25596987702988316,-0.1760854984789928,0.9505121352611497,19.264697290270693,0.71237624289555,-0.6303032470864833,-0.3086063921409515,13.104968977461041,-0.653451995644153,-0.7561162039909204,0.03589951881340826,12.639803713214162,90.53023501430988,63.523892890401356,61.51180594571193,25.337895865330516,7.7861700862709045,134480.0,353744.12059373513, 0.0, 0.0,0.0,NaN, 166.06640690025162,166.06640690025162,0.0, 179.69068758028547, -14.903907192389994, 48.79260921128852, -14.903907192389994, 171.0758916335801, -33.0468404048951, 48.79260921128852, -33.0468404048951, 351.86683228069637, 4.4378518333280725, 3.172954759318113, 13.0, 0.0
34, 0 ,1.0,1.0,1.0,178.51261171056976,197.81235287225317,189.87724885759633,15.595236750791791,17.968165275041674,17.59266080047144,72.0,92.0,91.0,-0.3234349761431175,0.6765625660820217,0.6615534070532861,20.22710777843628,-0.4649856350571611,-0.7225357759718908,0.5115959456750867,15.854859553698345,0.8241226701151894,-0.1421448086185638,0.5482852159095688,14.664775012148253,108.6789295234818,79.7817311187639,80.49817674880654,28.255301707453274,8.786695176554773,187762.0,697966.9385788814, 0.0, 0.0,0.0,NaN, 193.20590326918963,193.20590326918963,0.0, 243.21140931324692, -30.266716117220376, -50.1674584063588, -30.266716117220376, 322.8549633512135, 73.4409790532694, -50.1674584063588, 73.4409790532694, 309.5017140404444, 4.927769778918251, 3.483497270454814, 20.0, 0.0
35, 0 ,1.0,1.0,1.0,210.5707631373424,88.06236053776637,252.9790527725092,13.150117194334074,15.140671253721528,18.472817890039988,60.0,70.0,94.0,0.2420320834993836,0.42322985770624916,0.8730961906358862,19.776218051904102,0.1684176425589834,-0.904516022086081,0.39177322964241346,13.929806983305175,-0.9555396214871587,-0.05222311112448884,0.29020127227952924,12.580627409154767,98.31225327260626,61.19053397537924,57.710195530967326,26.060605206228043,8.015944443528033,143408.0,347171.7981779225, 0.0, 0.0,0.0,NaN, 134.0281210324585,134.0281210324585,0.0, 172.92558222472067, 18.400972506852924, 51.5602725961202, 18.400972506852924, 229.23992601326944, 73.3594801618856, 51.5602725961202, 73.3594801618856, 341.24500079858143, 5.087732066736282, 3.6740093819648805, 14.0, 0.0
36, 0 ,1.0,1.0,1.0,125.72137003825776,130.14818547170495,83.71778563583919,13.599079566722008,19.660463437428483,17.340221034897702,70.0,90.0,88.0,-0.258660488249539,0.9226194664334793,-0.28612597221593117,20.510709476274343,0.31761840657545687,-0.1985032977633147,-0.9272081689575202,17.301755749702906,-0.9122572551769476,-0.3307109930665906,-0.2416959648854972,12.333373339565254,92.61626239202116,85.83996057513947,70.27767863127187,28.09899613831254,9.088369996571394,165718.0,558719.9359411335, 0.0, 0.0,0.0,NaN, 199.38174614954642,199.38174614954642,0.0, 184.934965062036, -73.37778445328047, -23.4842923885805, -73.37778445328047, 386.53382257446225, -43.8005869118582, -23.4842923885805, -43.8005869118582, 300.6832655391088, 4.7481542431791635, 3.3676316438683243, 18.0, 0.0
37, 0 ,1.0,1.0,1.0,208.55489372405987,276.7141994717646,179.8336460822538,17.84136341927743,15.841870410904336,20.004672599058846,84.0,70.0,87.0,-0.47017295285108546,-0.34220759334254797,0.8135301822710649,21.823968546771763,-0.8821382054434828,0.15324052117574755,-0.4453644902400026,16.53889917092219,-0.02774132124184305,0.9270443925338672,0.37392394061796896,14.82043331531637,104.66332275056492,82.98426562994368,81.17931293711024,29.645648767719475,9.518484212894208,198775.0,705075.5333181197, 0.0, 0.0,0.0,NaN, 152.78870567533386,152.78870567533386,0.0, 318.31424865873095, 34.00779530858418, -76.99300379437257, 34.00779530858418, 250.96485811588633, -75.12557698939663, -76.99300379437257, -75.12557698939663, 400.18692579553584, 5.002945763216036, 3.4724070661709034, 13.0, 0.0
38, 0 ,1.0,1.0,1.0,127.28193727470264,31.98324478440534,67.59467199216247,14.953434869247086,11.890962920019591,13.653308562187252,72.0,62.0,73.0,-0.8052429158031003,0.07174678902045727,0.5885883492001643,16.568913015997797,-0.36068746538219715,0.7286071335028067,-0.5822681489872082,13.119376857549769,0.47062553996259804,0.6811637418962326,0.560827565175639,10.235532257106982,81.8943718879686,64.56236612989329,52.68238751175359,22.239901094558125,7.536567358732525,79617.0,278547.29361845745, 0.0, 0.0,0.0,NaN, 147.62336937310624,147.62336937310624,0.0, 223.60521438881463, -27.507855052005752, -66.31514126641386, -27.507855052005752, 141.39499916528084, -21.40473400859682, -66.31514126641386, -21.40473400859682, 186.41283469429575, 4.442430927192656, 2.957324557751392, 12.0, 0.0
39, 0 ,1.0,1.0,1.0,176.81330540214563,272.4351552085317,236.70684419898856,20.725877920235813,16.95371175857322,13.962555533608267,96.0,69.0,69.0,0.9520184986685989,-0.21635800108336406,0.2164485933426175,21.26082974618971,-0.17537390827736665,-0.9652925282657875,-0.19353120464091828,16.78293297750593,0.2508082344906331,0.14628585113213907,-0.9569198917726798,13.351164524582712,109.35475128343782,84.09474231405443,60.08880470594062,28.780680008410695,9.144166076788704,189036.0,552586.240051618, -2.8421709430404007E-14, 0.0,2.8421709430404007E-14,75.47715423589355, 141.21191863852673,141.21191863852673,0.0, 429.56201556451845, -38.883596258807856, 59.92361743515517, -38.883596258807856, 287.42834239278386, 6.498344210579594, 59.92361743515517, 6.498344210579594, 194.95295702909482, 4.647360352954231, 3.1625950424872222, 5.0, 0.0
40, 0 ,1.0,1.0,1.0,161.31334025468834,113.49239746100167,190.0177545897783,14.528244509753623,18.951862411838388,17.920787192856437,73.0,94.0,85.0,0.436013968942026,-0.6707251449316618,0.6000163321475709,20.719768934660618,0.19961172459217158,0.7221999275833119,0.6622555579260919,17.60730791966511,-0.8775232066975558,-0.16898237942182523,0.44877385970238637,12.331726324422613,96.6810670922459,87.48734328458426,60.02133274684101,28.249296815294336,9.663064755313647,152186.0,507682.62260877626, 0.0, 0.0,0.0,NaN, 210.26318788183553,210.26318788183553,0.0, 211.0698885351863, -58.30742292540255, 93.40907412397914, -58.30742292540255, 359.1730888772527, -36.03060372136505, 93.40907412397914, -36.03060372136505, 321.15461361164733, 4.689878144704036, 3.18318587268165, 24.0, 0.0
41, 0 ,1.0,1.0,1.0,260.5618953040195,103.62284669236215,203.9160504994887,12.078752883840524,13.585105548127295,19.32282334436689,64.0,70.0,92.0,-0.18959944115625427,0.3740719629171641,0.907811774803861,20.735765255221573,0.6798055866731637,0.7171431139069036,-0.1535256281663276,13.275199328072729,-0.7084605961104626,0.5880271428558461,-0.3902661438346895,9.880282792538791,98.54821175078126,63.43255507846709,57.652058904886815,25.04707871380099,8.744524794685487,101704.0,360392.52529590105, 0.0, 1.4210854715202004E-14,-2.8421709430404007E-14,63.36771781666342, 146.71463393355387,146.71463393355387,0.0, 145.89627122888578, 14.752558208837272, -65.40905508037285, 14.752558208837272, 184.55509275375903, 104.20733565109866, -65.40905508037285, 104.20733565109866, 373.37150199761004, 4.9279393621792975, 3.535004408824321, 10.0, 0.0
42, 0 ,1.0,1.0,1.0,86.9276764101275,122.44422330648688,109.1002110757979,18.211301742483247,25.55806318990345,18.4552162926587,99.0,124.0,95.0,0.1498587091552053,0.9771154068614974,0.15095644724299043,25.728682038826477,-0.6792098780645474,0.21269224190710243,-0.7024499638921431,21.647406278640773,-0.7184819474627582,0.0027371347100285156,0.6955402211689131,13.960151701758775,128.76226908462,109.84271089214596,74.15039354171424,34.597988388685565,11.333151064023467,290417.0,1048753.261168839, 0.0, 0.0,0.0,NaN, 185.61213538984006,185.61213538984006,0.0, 331.65151115577333, 28.851112250071665, 141.1632233424251, 28.851112250071665, 653.2145940190977, 27.999093610606117, 141.1632233424251, 27.999093610606117, 340.59500840881515, 5.2877182293611495, 3.696304854587274, 27.0, 0.0
43, 0 ,1.0,1.0,1.0,16.09443895622003,36.36009445100354,128.88455051442065,10.04596853991886,15.755070877438712,13.90584015875755,42.0,74.0,66.0,0.07145102329339945,-0.9333860737250355,0.3516890510756469,16.057135446105185,-0.05085869360249187,-0.35554083075793025,-0.9332760100575871,13.593709516137569,-0.9961466481173209,-0.04879708024178807,0.07287455251665392,9.994778418523055,75.84637671094872,70.92370610103968,45.26968454613078,22.126330035832552,7.276101423462096,83006.0,243519.49161277295, 0.0, 0.0,0.0,NaN, 134.87888936043936,134.87888936043936,0.0, 100.92148390503947, -8.997901120417936, 7.9981809570085485, -8.997901120417936, 248.22225835311744, -23.675218838108677, 7.9981809570085485, -23.675218838108677, 193.37239052091422, 4.560027299289749, 3.0080753895972863, 6.0, 0.0
44, 0 ,1.0,1.0,1.0,265.81785549459005,178.8260431089004,41.80065979522418,16.02158426317246,13.11753427224494,23.144684620592862,77.0,65.0,95.0,0.17959411163080086,-0.2705766517160964,0.9457981976159868,24.049819672384054,0.9831364716431638,0.015672128738128264,-0.18220061060777692,15.687558968236232,0.03447656004555314,0.9625708596913383,0.2688283967152719,11.829791258347882,109.92654804395853,80.81344905765846,59.369104260453014,29.316761303539202,10.245233064378764,175509.0,527408.0196858856, 0.0, 0.0,0.0,NaN, 132.6606271316055,132.6606271316055,0.0, 256.69116230193544, -19.670393278377095, 55.45956328355618, -19.670393278377095, 172.06970538352058, -112.50722786747114, 55.45956328355618, -112.50722786747114, 535.6764261867078, 4.908605273648404, 3.307264737311858, 16.0, 0.0
45, 0 ,1.0,1.0,1.0,167.9124842171717,36.05954729587542,225.21323258627947,15.032699552795926,16.519101271032145,15.412843534751167,68.0,74.0,78.0,-0.5622988449276579,-0.8110140831931506,0.1614811625403884,17.479004767873185,0.2993867069722469,-0.3816873412291512,-0.8744611902387294,15.843584557197149,0.7708356560780876,-0.44336320371428506,0.4574291867719739,13.412074007310647,89.32954526372782,72.53173056412356,60.80108714209649,26.05144779881652,7.598722001727261,152064.0,393944.0155557408, 0.0, 0.0,-2.8421709430404007E-14,80.70712135154241, 156.01430497571792,156.01430497571792,0.0, 225.9820558446308, 49.163394724678746, -30.030863983202636, 49.163394724678746, 272.88070680261586, 7.2897410230646384, -30.030863983202636, 7.2897410230646384, 237.55574582672082, 5.417806799938042, 3.680652675844836, 14.0, 0.0
46, 0 ,1.0,1.0,1.0,283.2530563248286,125.42677982878263,240.21413754251478,10.33363360042989,15.363572745352032,15.503239343382191,47.0,63.0,73.0,-0.1487359036598433,-0.6473008626105676,0.7475822524820297,16.760799525548002,0.21842214347418545,-0.7588238557171655,-0.6135781313204346,14.304728930720646,-0.9644529009768344,-0.07202742018252184,-0.2542491937828285,9.88049141039273,74.4179734748284,74.92285339265604,49.897158941426085,23.045223654352522,7.217440526167827,94967.0,278206.94450417865, 0.0, 0.0,0.0,NaN, 139.95244396030608,139.95244396030608,0.0, 106.78398338793359, -0.087213167155957, -34.72177865386651, -0.087213167155957, 236.0393675017238, -38.88146403064233, -34.72177865386651, -38.88146403064233, 240.35043013819347, 5.009102439645824, 3.2456557936941475, 6.0, 0.0
47, 0 ,1.0,1.0,1.0,276.22908884824443,244.65265720394652,278.68163785775005,13.397397806441157,15.451980483191084,10.863555954340146,61.0,70.0,42.0,0.36698613952465453,0.8344428088709247,0.41112816994264956,15.95284897488263,0.763671216395132,-0.5226171848125957,0.37904821776145736,14.774471001007422,0.5311567062989702,0.17486130750442988,-0.8290332179662474,7.968213917497993,79.51761308807414,75.28251855367716,41.569343921132486,21.95181206936594,7.374873807817305,77638.0,248845.9891367791, 0.0, 0.0,0.0,NaN, 63.89723887615667,63.89723887615667,NaN, 179.49026798403432, -3.288881231219117, 73.62543328089339, -3.288881231219117, 238.76370085291816, 34.861391691053534, 73.62543328089339, 34.861391691053534, 118.01684797307927, 4.020452649096051, 2.683316452874871, 6.0, 0.0
48, 0 ,1.0,1.0,1.0,270.9784576,93.647936,81.8644864,14.42652700843127,11.549176097883526,13.057127557938228,65.0,62.0,68.0,-0.8177581957420285,0.3744349768544706,0.4371155240948708,16.1710434290116,-0.20755210772246074,0.516518187469293,-0.8307412861976948,12.604177234041225,0.5368367124896596,0.7700697436735379,0.34467221240167595,9.572293392865086,81.0620507982994,57.28275104884639,51.378975501899276,21.531823912202707,6.9553784327683115,78125.0,238576.07759627214, 0.0, 0.0,0.0,NaN, 127.72619141691682,127.72619141691682,2.3360154559928683E-6, 208.12468152499687, -59.22295710351386, -49.12916568817656, -59.22295710351386, 133.38346853992417, -1.047223060070317, -49.12916568817656, -1.047223060070317, 170.4885800642699, 4.0913151618003845, 2.729789359863279, 11.0, 0.0
49, 0 ,1.0,1.0,1.0,289.2200799027271,215.47886051763072,254.43064095883273,6.694548592078516,9.459140047428049,11.599829553583202,28.0,41.0,55.0,0.03226181106232227,-0.4572076518078103,0.8887746276055402,12.281491030008825,0.04204447652632367,-0.8878295646192974,-0.45824766904102787,8.564905463002239,-0.9985947313803567,-0.05215196368590444,0.009419933285202575,6.682494253674066,59.61759205226838,40.09224724687397,28.8320789695307,15.585582460576342,5.092933960433477,28785.0,68914.52859263153, 0.0, 2.8421709430404007E-14,0.0,62.79293135976927, 96.62606366878724,96.62606366878724,0.0, 44.81698085170044, -2.637574479040819, 2.491536895111945, -2.637574479040819, 89.4753304368571, -31.469201145616875, 2.491536895111945, -31.469201145616875, 134.55604567218225, 4.460213354463397, 2.950801173779535, 2.0, 0.0
