// Sample: .//bubblelabels.tif, Map: .//bubblelabels.tif, Thickness:(8.191250068658265):/gpfs/home/mader/Foam/NewValid/InSilicoTest/LatticeDataPhi_16.0/out_Step_02000.vtk/distmap.tif, Neighbors:(1.0):
//LACUNA_NUMBER, TRIANGLES, SCALE_X, SCALE_Y, SCALE_Z, POS_X, POS_Y, POS_Z , STD_X, STD_Y, STD_Z,PROJ_X, PROJ_Y, PROJ_Z, PCA1_X, PCA1_Y, PCA1_Z, PCA1_S, PCA2_X, PCA2_Y, PCA2_Z, PCA2_S, PCA3_X, PCA3_Y, PCA3_Z, PCA3_S,PROJ_PCA1, PROJ_PCA2, PROJ_PCA3,OBJ_RADIUS, OBJ_RADIUS_STD, VOLUME, VOLUME_BOX, Mask_Grad_X,Mask_Grad_Y,Mask_Grad_Z,Mask_Angle, Mask_Distance_Mean,Mask_Distance_COV, Mask_Distance_STD, SHAPET_XX, SHAPET_XY, SHAPET_XZ, SHAPET_YX, SHAPET_YY, SHAPET_YZ, SHAPET_ZX, SHAPET_ZY, SHAPET_ZZ, Thickness, Thickness_STD, Neighbors, Neighbors_STD
1, 0 ,1.0,1.0,1.0,170.2758869756154,61.94077198659424,167.6333930428753,12.921937520972241,12.163639948219384,10.928088704858839,59.0,58.0,59.0,0.8531482267237607,0.5215845090533369,0.009364996192834894,13.35422318731736,-0.5216024525268951,0.8531884407313324,-6.050788096854022E-4,11.687621771578474,0.008305706233108001,0.004368583068576487,-0.999955964393404,10.927851994556491,68.60222107389274,58.31550246148072,59.038444986444205,19.96326038800239,5.985145236993824,69224.0,236187.6084964031, 0.0, 0.0,0.0,NaN, 75.94589768577788,75.94589768577788,0.0, 166.97646929591025, 18.57088779325146, 0.4761565304976572, 18.57088779325146, 147.95413678991846, 0.2789193267623103, 0.4761565304976572, 0.2789193267623103, 119.42312274126331, 5.966110203312261, 4.240995606811567, 27.0, 0.0
2, 0 ,1.0,1.0,1.0,41.83170021186441,8.96750529661017,26.213691737288137,14.006889057572058,5.927320955785488,12.072361628553367,72.0,23.0,55.0,0.8710679421574161,-0.025534263250616265,0.49049836039062616,14.83684951818054,-0.4855500914409375,0.10577108103708306,0.8677866022922596,11.086870013548022,0.07403883337372183,0.994062613629793,-0.07973563404252355,5.832426574947081,77.94787527069398,54.056756529382085,25.389099848422685,18.234800200388598,6.675331581765385,37760.0,106979.74763323348, 0.0, 0.0,3.552713678800501E-15,60.626657379751215, 50.17434532066758,50.17434532066758,0.0, 196.19294107113186, -8.705309953390957, 42.05998440122975, -8.705309953390957, 35.13313371289379, 5.828977747925186, 42.05998440122975, 5.828977747925186, 145.74191529056768, 6.236718412808348, 4.2482421742526135, 16.0, 0.0
3, 0 ,1.0,1.0,1.0,170.37057809310528,40.27263719059038,12.001307992627678,14.717234483045072,11.22104168494,8.262870776324096,65.0,60.0,31.0,0.9309573289759929,0.359691093635609,0.06277554288975762,15.265762180274223,0.3628235918216087,-0.9305925068878781,-0.048545106260065495,10.498484292851991,0.04095720746768722,0.06796987040853963,-0.9968463291165268,8.21718524790405,73.57476778832006,62.63611590721323,34.25283937994733,19.123972803835883,6.712485753315432,50459.0,157852.0757495121, 0.0, 0.0,0.0,NaN, 51.41808380672703,51.41808380672703,6.743495761743046E-7, 216.59699082893093, 41.010066730872786, 8.92127354576709, 41.010066730872786, 125.9117764951611, 5.6662638170676605, 8.92127354576709, 5.6662638170676605, 68.27503346623078, 6.166369631739121, 4.070621591899127, 14.0, 0.0
4, 0 ,1.0,1.0,1.0,9.536206380110828,30.115807997603714,135.14153062752735,6.2315956023581975,10.48711527829485,10.434812686103633,24.0,53.0,55.0,0.04717794825986902,-0.7144627213084439,0.698081127848706,11.504931139132976,-0.008884106537356187,-0.6991317891645052,-0.7149376294689419,9.312030260415321,-0.9988469922110303,-0.027527463380593576,0.039330966309106326,6.214526395354871,63.56250637995241,44.02674981860412,26.088148426920295,15.223738360795313,5.0926885559287625,26708.0,73006.39373730111, 0.0, 0.0,0.0,NaN, 72.14237432197925,72.14237432197925,0.0, 38.83278375133003, -2.861071077343216, 3.3928088918370065, -2.861071077343216, 109.97958686024528, -22.715768841955356, 3.3928088918370065, -22.715768841955356, 108.88531579406934, 6.21055975451483, 4.114769471276755, 12.0, 0.0
5, 0 ,1.0,1.0,1.0,59.18835317694212,74.13139219615702,142.26782977720146,9.760723626929972,9.984371556645158,10.534255549936258,49.0,56.0,55.0,-0.5954593001723096,0.39982407681418114,0.696827761672848,11.421289403431203,0.1680300323592886,-0.7861995007604236,0.5946900480329212,10.033260863870613,-0.7856170377885396,-0.4712017111638595,-0.4009673519535112,8.649726347949352,55.74685274435555,54.13026739810779,47.225751781555275,16.79306930931858,4.891090294215441,42415.0,142508.05292609415, 0.0, 0.0,0.0,NaN, 111.04831353682539,111.04831353682539,NaN, 95.27172572130898, -16.65860408476006, -20.49896715996861, -16.65860408476006, 99.68767538114486, 3.413094062281193, -20.49896715996861, 3.413094062281193, 110.97053999136286, 5.958094719683634, 3.8640596101640696, 21.0, 0.0
6, 0 ,1.0,1.0,1.0,28.845807682012847,106.85534328158458,174.0847664614561,12.155988822935532,12.126156257201611,9.993612025821056,58.0,57.0,49.0,-0.7263655999970654,0.6861651303951927,0.0396286382639005,12.53436423786239,-0.6782756753139348,-0.7249439787195193,0.1199930664486014,11.76247769797786,0.11106360078049224,0.060279694326207355,0.9919834852625374,9.9608153640758,65.65353143655801,59.491840569925245,48.953182335172386,19.028181454911348,5.710719891482854,59776.0,191203.7590794876, 0.0, 0.0,0.0,NaN, 100.89403860177464,100.89403860177464,0.0, 147.76806426333357, -9.609346576780528, -4.851808543976508, -9.609346576780528, 147.04366557406976, -1.8303503815544517, -4.851808543976508, -1.8303503815544517, 99.87228132263525, 6.043431926002662, 3.746636544815403, 25.0, 0.0
7, 0 ,1.0,1.0,1.0,135.74480398937138,16.369599242893024,180.16989407782185,13.7087150783528,9.890443970363721,9.712843758103368,67.0,41.0,39.0,0.9677244072305939,0.24590621423112408,0.05513261695868626,13.944097816448298,-0.10357947555993019,0.18867339108029293,0.976562155595328,9.703044482427105,-0.22974064484310613,0.9507536406981465,-0.20805468225034998,9.56567555152546,70.32493021717855,43.70559671575526,46.670293178280815,18.609096034965344,5.812970811996037,54946.0,143445.48824718333, 0.0, 0.0,0.0,NaN, 69.20929919181405,69.20929919181405,0.0, 187.92886909945742, 24.44382704080087, 5.224206580264631, 24.44382704080087, 97.82088193090408, 1.8832452056126197, 5.224206580264631, 1.8832452056126197, 94.33933386932756, 6.10756271499478, 3.949950863612766, 14.0, 0.0
8, 0 ,1.0,1.0,1.0,185.14737087258047,155.18794638236207,91.0836093572094,8.39616541633072,10.74524559533537,10.255933143078558,32.0,54.0,52.0,0.1984467587569303,0.817903861885322,0.5400482910369635,11.336261716066112,-0.20370781293992216,-0.504554939550329,0.8390038378473587,9.78570556554618,-0.958708511950375,0.2765096484545159,-0.06648611453121335,8.177358872340857,54.55491690848646,48.36646777281636,38.38615199559622,16.364826129591886,4.830375449796444,38644.0,101286.79967041947, 0.0, -2.8421709430404007E-14,0.0,35.12449056398585, 102.59115281038348,102.59115281038348,0.0, 70.49559369838802, 12.974527620133742, 1.6684050489258995, 12.974527620133742, 115.46030290407414, 14.997405683639998, 1.6684050489258995, 14.997405683639998, 105.18416463529721, 6.1607587200104295, 4.068531881990891, 17.0, 0.0
9, 0 ,1.0,1.0,1.0,79.33628583072952,146.67428338540958,44.85170493139519,9.631141456579181,8.906648510970676,10.393168371489924,45.0,40.0,48.0,-0.5867579557442439,-0.10237621081772044,0.8032647215142973,11.22709687329621,0.1147087258703912,-0.9924809998013888,-0.042700974724558347,8.87975839858441,0.8015965379042173,0.0670863361038711,0.5940895672608055,8.672220524937364,54.033631300609734,41.099729657414386,42.56590217622559,16.085134013451054,4.623168396466004,36805.0,94528.9780719897, 0.0, 0.0,0.0,NaN, 105.591447272626,105.591447272626,0.0, 92.75888575663814, 2.639271689683079, -23.97999054302082, 2.639271689683079, 79.32838769797615, -4.026484479892294, -23.97999054302082, -4.026484479892294, 108.01794879813853, 5.984202039568114, 3.9434625874795772, 15.0, 0.0
10, 0 ,1.0,1.0,1.0,153.18937225335645,10.751118816272225,87.34612748457847,9.493905336622204,6.822983564639164,9.590716172162308,48.0,26.0,46.0,-0.6364055185153638,-0.044180359471488295,0.7700883792397867,9.759688679534388,0.7656224811935525,0.08530585371459282,0.6376089143142943,9.341278037441763,0.09386283766336782,-0.9953748073760932,0.02046363962704727,6.793981267624441,48.407308771169205,49.49489976855989,27.876230664124755,14.418337685812805,4.55858731811689,24803.0,66789.07628399924, 0.0, 0.0,0.0,NaN, 99.68032610494748,99.68032610494748,0.0, 90.13423854074355, 4.0647500270116455, -3.9957569969384825, 4.0647500270116455, 46.55310472333615, 0.5652802065194544, -3.9957569969384825, 0.5652802065194544, 91.98183669497563, 6.320708396195385, 4.0578099879406295, 15.0, 0.0
11, 0 ,1.0,1.0,1.0,98.91895610695776,90.91583727010044,12.941154886942163,11.299723436154036,11.341226838301163,8.37929367967827,60.0,54.0,33.0,0.6868615224804911,0.7197214064616697,0.1011056181258886,11.545945690690056,0.7193119391607655,-0.6930882337650887,0.04710662795371187,11.125276578934379,-0.10397876281511176,-0.04037074803897217,0.99375983999466,8.333012519582422,57.414708599690314,58.02729330587586,36.2755964616236,17.264935758435154,5.333079012987,43606.0,120856.507616434, -1.4210854715202004E-14, 0.0,0.0,46.61781822880758, 134.97452661010317,134.97452661010317,0.0, 127.68374973356876, 4.486574529022039, 6.276499595708214, 4.486574529022039, 128.6234261978026, 2.8737567865679448, 6.276499595708214, 2.8737567865679448, 70.2125625702962, 6.1130080980703285, 3.8499362082225033, 12.0, 0.0
12, 0 ,1.0,1.0,1.0,154.6169905312393,9.85169410959425,39.868578164809676,10.239543258158662,6.257257586483822,9.696794754082044,47.0,24.0,48.0,-0.9747254752478489,0.009503579451964478,0.22320378554239745,10.269012679121584,-0.22322855320669105,-0.0016168790465316669,-0.9747647914935156,9.665897978190088,-0.008902861118986014,-0.9999535327602727,0.003697483488395735,6.256767696931523,52.81694690353089,49.375900777223094,24.281297745239527,14.733721179309414,4.5767682214050405,26297.0,63322.81589373059, 0.0, 0.0,0.0,NaN, 61.20602053845827,61.20602053845827,NaN, 104.84824613570251, -0.5946205623518537, -2.613974245124422, -0.5946205623518537, 39.153272503609344, 0.22620279281882996, -2.613974245124422, 0.22620279281882996, 94.02782850279304, 5.835371655989823, 3.874868185517798, 13.0, 0.0
13, 0 ,1.0,1.0,1.0,188.5288030355295,59.13203786746388,92.89770418918401,6.995607683985099,9.506258172710812,9.589125255030785,28.0,46.0,54.0,0.1672629457817556,-0.6550282437816197,0.7368589463505054,9.829827812340321,0.04666208352879088,-0.7412908211616077,-0.6695599811983255,9.335746760820722,-0.984807472011236,-0.14637594853635263,0.09342550380341187,6.890363710915254,51.555537569039714,44.90696439919353,29.907197909316807,14.54607823699811,4.435132736938375,26091.0,69241.22505581916, -2.8421709430404007E-14, 0.0,0.0,80.37128109937159, 110.71661892316797,110.71661892316797,0.0, 48.93852686823137, -6.75730046596164, 4.81780595997954, -6.75730046596164, 90.36894444623111, -4.027886663283863, 4.81780595997954, -4.027886663283863, 91.95132315666923, 6.1376560690004025, 3.943767841042966, 11.0, 0.0
14, 0 ,1.0,1.0,1.0,71.89529374217464,187.3696020425699,26.0272997324037,11.053577845359593,7.3814406587166195,12.715015093798497,54.0,29.0,55.0,-0.41095034090273674,0.04836380793139009,0.9103739667819484,13.10800526449214,0.9075921822705019,-0.0724985325751557,0.41354612010743985,10.612154586798354,-0.08600144180996261,-0.9961952142310383,0.01410131730665333,7.341745788914506,60.95814877647662,51.66874311357488,31.025595940642546,17.496975804726347,5.674037002515759,40733.0,97719.17659046169, 0.0, -2.8421709430404007E-14,-3.552713678800501E-15,85.29977584281866, 77.49761639042205,77.49761639042205,0.0, 122.18158318342444, -6.207145245585586, -22.077346786175063, -6.207145245585586, 54.48566619815484, 3.431443854581321, -22.077346786175063, 3.431443854581321, 161.67160883552359, 5.5989885975589155, 3.7068439469185823, 12.0, 0.0
15, 0 ,1.0,1.0,1.0,185.51150935463528,149.0302449022493,34.207982972461636,8.46745143694691,11.653076974223557,9.12055872833755,36.0,57.0,49.0,-0.20120448097124188,0.9795258169407781,-0.006777225361023931,11.773708103993,-0.0015703449551066548,-0.00724125861357372,-0.9999725487184203,9.120426172201308,-0.9795480033432841,-0.20118831506872425,0.0029951671059523085,8.299045260792518,59.340939358300105,49.09279124917905,40.5096001476748,16.321123231343353,4.929245864079633,38056.0,118013.06738086556, 0.0, 0.0,0.0,NaN, 63.071533951139386,63.071533951139386,1.1680077279964342E-6, 71.69773383705429, -13.745736474332176, 0.11757419219212557, -13.745736474332176, 135.79420296717927, -0.35940162921231616, 0.11757419219212557, -0.35940162921231616, 83.18459151705426, 5.963855219031109, 3.9113098473136336, 17.0, 0.0
16, 0 ,1.0,1.0,1.0,152.49712386552474,109.99757126422088,10.172525459116281,10.273595582671682,9.523302559652322,5.829521082528119,57.0,49.0,24.0,0.9221906812543289,0.3829655486433995,0.05386776364335951,10.435953435270994,0.38263146523054364,-0.9237484122731752,0.016793827387337285,9.357574626003972,-0.05619171845747416,-0.005124390212355068,0.9984068466320468,5.809479056355529,51.080435701249286,43.40089635739489,25.473992901187003,14.501918508266154,4.462928799592293,23469.0,56474.22965018381, 0.0, 0.0,0.0,NaN, 102.27629585394001,102.27629585394001,0.0, 105.54676619629109, 7.522831652832921, 4.07943011924199, 7.522831652832921, 90.69329164268046, 0.7156604010043222, 4.07943011924199, 0.7156604010043222, 33.98331605163982, 6.0731860177630415, 3.94137755132442, 16.0, 0.0
17, 0 ,1.0,1.0,1.0,11.453496152559385,46.70115423218468,14.435304449648712,7.059052543036662,9.28864673598799,8.793450441004246,27.0,46.0,38.0,-0.1815795761824062,-0.8593660262446936,0.4780364948932484,9.56066425373297,0.040238830099818435,-0.49220353443333287,-0.8695496059705466,8.582384087601636,-0.9825526418801264,0.1386568196221879,-0.12395399270150328,6.954878435314693,48.80096525501866,40.95838040791392,30.695665146912315,13.99498582679347,4.1921740609836435,23912.0,61354.756383890846, 0.0, 0.0,0.0,NaN, 50.205163034184444,50.205163034184444,9.5367431640625E-7, 49.83022280535236, 6.214648858572699, -4.620376440782498, 6.214648858572699, 86.27895818598034, -6.8568214454169265, -4.620376440782498, -6.8568214454169265, 77.32477065839777, 7.232393888870672, 4.149934773487677, 10.0, 0.0
18, 0 ,1.0,1.0,1.0,62.1258981912287,12.0418467637585,104.93065000137653,10.580647148845559,7.341989473556332,11.915523100420803,50.0,28.0,56.0,0.3430986407875851,0.14883798636998724,0.9274322490096187,12.255028374878774,-0.9325279085646163,0.17231885434322297,0.31732934340514657,10.376782245200651,-0.11258340214176407,-0.9737317219086408,0.19791794085180658,7.069035580717648,60.2616209854892,55.27997643040356,34.97611200983265,16.676826906592694,5.451425373455908,36323.0,116514.55744103152, 0.0, 0.0,0.0,NaN, 114.20514265438979,114.20514265438979,0.0, 111.95009408837365, -4.155393696849616, 14.811941126660958, -4.155393696849616, 53.90480942981198, 16.98880632100608, 14.811941126660958, 16.98880632100608, 141.9796907566618, 5.587294265778419, 3.6943956749895692, 17.0, 0.0
19, 0 ,1.0,1.0,1.0,191.64692645444566,134.56020856201977,118.57442371020856,4.877082306732675,9.656205955661237,9.690858461996816,19.0,45.0,46.0,0.02511656836485154,0.7010951072724158,0.7126252932307793,10.733533276470952,0.01373999730664813,-0.7130249441130656,0.7010040239161072,8.486056057554487,-0.999590101225291,0.007815345881084667,0.02754178464028742,4.8702257654221155,49.041814779946264,45.4790561573563,19.924160705940295,13.809755199399525,4.497960020710379,18220.0,44438.35886921937, 0.0, 0.0,0.0,NaN, 104.79630057987943,104.79630057987943,0.0, 23.785931826644912, 1.1379155696747072, 2.1027040465297357, 1.1379155696747072, 93.24231345814756, 21.570903248622503, 2.1027040465297357, 21.570903248622503, 93.91273773045529, 6.166843868767522, 3.8466575502541365, 8.0, 0.0
20, 0 ,1.0,1.0,1.0,11.63502358490566,153.41230703259006,188.10039665523155,7.321378809416292,9.999476118099096,6.079981480217163,29.0,60.0,23.0,0.09504005378193153,0.9950627566517841,0.028591930709210567,10.02312857624455,0.993501121035153,-0.09661974476055821,0.06016766095087302,7.296596555578523,-0.0626331436144011,-0.022687777479456106,0.9977787099723168,6.070820155166628,60.82491837543532,31.248984269978774,24.274099700730034,13.13201330015306,4.255409709039866,18656.0,46138.19195915063, 0.0, 0.0,2.8421709430404007E-14,88.36157975615437, 49.47107710177526,49.47107710177526,0.0, 53.60258767096993, 4.442613560511685, 1.1523156531663596, 4.442613560511685, 99.98952263643419, 1.7144483773562889, 1.1523156531663596, 1.7144483773562889, 36.96617479978369, 6.182449739418387, 4.064837390827132, 8.0, 0.0
21, 0 ,1.0,1.0,1.0,8.513199019089292,19.16194643458191,55.21243448574314,5.364215259500157,10.3538829883713,9.6137690172296,21.0,42.0,45.0,0.004677049355857266,0.9485971555795875,0.3164515154579597,10.44233907410852,-0.058742337170337444,0.31616912732788105,-0.9468824746231671,9.52898438547641,-0.9982622215796253,-0.014160485551087062,0.05720155256518998,5.343993286529833,44.64611732627513,44.336493289484835,21.826253526224125,14.361893258947799,4.7051328379087956,20797.0,43204.027333362195, 0.0, 0.0,0.0,NaN, 59.05986514159076,59.05986514159076,0.0, 28.77480535025434, -0.7989351491221289, 3.5812226154572078, -0.7989351491221289, 107.2028929368846, 5.526062444199486, 3.5812226154572078, 5.526062444199486, 92.42455471664381, 5.511171760953504, 3.777098359307693, 11.0, 0.0
22, 0 ,1.0,1.0,1.0,101.06605106714746,18.62742422765812,103.1485722639119,9.801747813413636,9.962504711611006,10.73270997481696,45.0,41.0,52.0,-0.566414226039049,0.2706093182380204,0.7784250262056962,11.711601642384766,-0.033981795977714196,-0.9514179342387686,0.30602148936138895,9.834822808613852,0.8234197969946516,0.14688264462347944,0.5480924435035557,8.753940314134265,59.493354023405885,48.32533549836515,46.35939067836803,16.850849665305493,5.154191429064335,41044.0,133284.93072650005, -1.4210854715202004E-14, 0.0,0.0,55.49944457043371, 139.6964789796941,139.6964789796941,0.0, 96.07426019775899, -8.62827568173615, -26.89734868452043, -8.62827568173615, 99.2515001288715, 6.900666773699976, -26.89734868452043, 6.900666773699976, 115.19106340353545, 5.385847761410188, 3.378422172330756, 19.0, 0.0
23, 0 ,1.0,1.0,1.0,121.99931056857815,10.07697299051018,144.37578067969827,9.323902209710196,6.517911162355218,10.196320969826559,42.0,26.0,47.0,0.02885088619894565,0.11182802695850227,0.9933086724438197,10.232339535634766,0.9765018747624358,0.20916351072931205,-0.0519106382626665,9.443989153665267,0.2135689934212923,-0.9714654487762063,0.10316572533093835,6.284391470083373,47.601831671051926,42.62041754593167,29.774743499282742,14.561092647392078,4.621456542085694,24658.0,60407.29562503782, 0.0, 0.0,0.0,NaN, 96.33123435014016,96.33123435014016,0.0, 86.93515241623868, 10.36058514643662, -0.6504019680608252, 10.36058514643662, 42.48316592035475, 6.703616200419183, -0.6504019680608252, 6.703616200419183, 103.96496131972482, 5.888760855086181, 3.7221783893328464, 9.0, 0.0
24, 0 ,1.0,1.0,1.0,57.48204918242534,149.86865068195195,20.92018731287904,8.774760483544629,10.275554024766166,11.258192526071184,41.0,49.0,46.0,-0.37550964139350845,0.20422698768286787,0.9040375250632577,11.84640075249337,0.26094773184476,0.9592574472325511,-0.10831173146970266,10.284288712637174,-0.8893249071433871,0.19523444222490957,-0.41350298923167983,7.951510919315757,54.06386334705695,45.77926540691456,44.430253667563086,16.805647674191608,5.186572786006769,39079.0,109965.05328620381, 7.105427357601002E-15, 0.0,0.0,67.94418471590724, 79.08850991051018,79.08850991051018,0.0, 76.99642154357637, 4.734905152470352, -27.379474618080845, 4.734905152470352, 105.58701051588815, 9.816994331405834, -27.379474618080845, 9.816994331405834, 126.74689895408508, 5.4449799581826435, 3.6528958572042884, 12.0, 0.0
25, 0 ,1.0,1.0,1.0,139.6630346617639,36.318066295355,35.24460606716055,8.738795966231606,8.989425627150874,11.23467737369803,39.0,45.0,57.0,0.21359665534823882,0.4069150076266083,0.8881422438958094,11.847762399145731,-0.8219392790925408,-0.4165092864798814,0.38850461485142684,8.707963409081142,-0.528007850612925,0.8129822819989732,-0.2454944375069659,8.197329024510218,58.89501614550285,41.76534908602689,41.476864312132484,16.115353495388195,4.867205096897654,36986.0,102023.58422091052, 0.0, 0.0,0.0,NaN, 78.75108623054437,78.75108623054437,0.0, 76.36655493942578, 9.315174937517153, 11.124710036636268, 9.315174937517153, 80.80977310607689, 25.04784118925862, 11.124710036636268, 25.04784118925862, 126.21797569108249, 5.4729415761203235, 3.5255965185121254, 16.0, 0.0
26, 0 ,1.0,1.0,1.0,70.86521933251478,62.882743609777876,46.919801317111286,9.000463533993036,10.19355774530648,9.423663477373648,42.0,49.0,51.0,0.41949257201239515,0.8874279687127781,0.19104340442092713,10.530267224723383,0.04802976153653073,-0.2318597057128741,0.9715627714530255,9.39395348507534,-0.9064872442749372,0.3983875967108563,0.1398863780136532,8.636521682053457,52.35408105962905,49.19033055772139,46.48114686513555,15.87307050369335,4.665622086411034,35836.0,119703.5739790605, 0.0, 7.105427357601002E-15,0.0,27.448195008804657, 105.72410562674762,105.72410562674762,0.0, 81.00834382673841, 13.360186729412515, 3.546172573993947, 13.360186729412515, 103.90861950689771, 3.0772688116559563, 3.546172573993947, 3.0772688116559563, 88.80543333478599, 5.588001123762467, 3.5743877180558963, 23.0, 0.0
27, 0 ,1.0,1.0,1.0,92.18231219395676,126.70682551056969,77.16998089095904,8.96571558471554,8.185885904724596,10.293683004299764,43.0,39.0,48.0,-0.10258686555735096,-0.1042291297075626,0.9892483123743614,10.326720925561883,0.9878844598892301,0.10574626594620937,0.1135870641745689,8.960746718527767,-0.11644839597213014,0.9889155756478092,0.09211815953806433,8.149634774402223,46.87496685722609,42.67484271067259,39.45063414517347,15.33975791381261,4.247884288655164,33492.0,78916.33202975697, 0.0, 0.0,0.0,NaN, 140.80012094765107,140.80012094765107,0.0, 80.38405594601112, 1.8799153061167333, -2.5248388666008768, 1.8799153061167333, 67.00872804516884, -3.9808001203770624, -2.5248388666008768, -3.9808001203770624, 105.9599097930098, 5.757746747068133, 3.6248911575776055, 19.0, 0.0
28, 0 ,1.0,1.0,1.0,67.53535353535354,190.3594380014133,72.62771750426072,10.124342673903847,5.604976365096007,10.190707283714586,51.0,23.0,46.0,-0.6843309235493511,0.04106755934174089,0.7280141775019251,10.724844394617172,0.7290449564284421,0.019929892187539284,0.6841755994652572,9.565341417330954,-0.013588177962597304,-0.9989575841681698,0.04357873853785972,5.590218766328424,46.33896439378184,47.34027543797998,23.6461078965485,14.685118669080678,4.702752305755053,24057.0,51872.45123686313, 0.0, 0.0,0.0,NaN, 99.64311196802558,99.64311196802558,0.0, 102.50231457863049, -1.478954234534734, -11.685304640535968, -1.478954234534734, 31.41576005328485, 3.3260642116913055, -11.685304640535968, 3.3260642116913055, 103.85051494235351, 5.371798624725082, 3.663110720203811, 15.0, 0.0
29, 0 ,1.0,1.0,1.0,125.95309887660224,74.809667673716,165.65271463350248,9.012755075897974,9.047140940860258,9.373415279800794,44.0,43.0,44.0,-0.48917113401303836,-0.3535138993118766,0.7973327565337514,9.756802602817562,0.4950954256308654,-0.865162297866985,-0.07984183032039772,8.988201689702137,0.7180474365721184,0.35569948178600325,0.5982355367991594,8.657855428707833,48.148097525824795,43.32387080814812,45.10058381000769,15.29161521952185,4.136173503080933,34093.0,94078.1020601655, 0.0, 0.0,0.0,NaN, 110.72111792913621,110.72111792913621,0.0, 81.22975405812471, 1.0026004930710697, -8.123406837211657, 1.0026004930710697, 81.85075920378982, -5.3014265316400255, -8.123406837211657, -5.3014265316400255, 87.860914007603, 5.600637331370249, 3.6358615378231103, 18.0, 0.0
30, 0 ,1.0,1.0,1.0,44.538389744434376,56.685250761755746,171.59768316451178,9.049086028103178,11.485632941550566,8.025590511755148,44.0,53.0,40.0,0.23387611173235157,-0.9687430433193793,0.08269752342884532,11.634715702232796,0.9477161858368192,0.24613769260746055,0.20310161836082888,8.92230099393133,-0.2171082574750878,0.030873164693357658,0.9756591885684001,7.952468835294327,50.68841008058203,45.847292466095,37.601221443733635,16.003108734897978,4.702800856239327,36429.0,87382.46974166998, 0.0, 0.0,0.0,NaN, 77.48275560777202,77.48275560777202,0.0, 81.88595794401213, -12.523424282585692, 4.545077825205976, -12.523424282585692, 131.91976406803153, -4.959975976164839, 4.545077825205976, -4.959975976164839, 64.41010306237426, 5.469722530386248, 3.527810165277793, 21.0, 0.0
31, 0 ,1.0,1.0,1.0,188.19064766974583,183.84598924899535,185.9145660456135,6.7091279844941605,9.77300028597817,7.794096036171389,27.0,47.0,29.0,0.14045871374670788,-0.8925744109045218,0.42846501692794675,10.36668858879619,0.23770794606895948,-0.3896963297386405,-0.8897368728809145,7.1033934681752715,-0.9611276096899396,-0.22682083587421556,-0.15743578470292302,6.58372499898973,54.46731938735492,38.17384179502449,31.344606818192375,13.444864669404508,4.528518515421667,19161.0,65172.5475753716, -2.8421709430404007E-14, 0.0,0.0,81.92560910432866, 24.470641909991606,24.470641909991606,0.0, 45.012398312322674, -8.697948892363723, 2.3546834839190915, -8.697948892363723, 95.5115345897294, -22.05673584882815, 2.3546834839190915, -22.05673584882815, 60.747933021062565, 6.11956954822057, 3.831678861935924, 7.0, 0.0
32, 0 ,1.0,1.0,1.0,87.8317658433682,75.722598224488,97.51026925668747,10.51378548928022,8.619646644873868,9.32335144088947,48.0,43.0,45.0,0.8692416447508347,0.2128858594046471,0.44620463231168833,10.999451945439976,-0.47455189839581857,0.10619562645355352,0.873798022801072,8.875418514252445,-0.13863426257527045,0.9712888858561505,-0.1933350497259326,8.485392081939525,50.2587610271878,47.75946869767594,42.53160151000394,15.821677938850636,4.630052147299781,34131.0,102089.95237962365, 0.0, 0.0,0.0,NaN, 151.5143015808844,151.5143015808844,0.0, 110.53968531459934, 8.723599045003382, 16.191965253637406, 8.723599045003382, 74.29830828248531, 5.281539636175828, 16.191965253637406, 5.281539636175828, 86.92488209033576, 5.851842066813534, 3.5922511880283357, 22.0, 0.0
33, 0 ,1.0,1.0,1.0,142.81025088697416,71.14524201723265,115.77436011150532,9.375770626906297,9.631385766404426,8.071234281649378,47.0,42.0,36.0,0.5328508324569285,0.8105325271277648,-0.24311933863400806,10.122451584658604,-0.8357325592488828,0.4589973818615105,-0.301450647462551,9.09250263610776,0.1327444151792107,-0.3638109755245959,-0.9219655602714081,7.789471046710727,46.530187671733614,42.04799498049172,39.94589134929163,15.095500043770091,4.235489096601115,31568.0,78154.18027199175, 0.0, 0.0,0.0,NaN, 124.20254135857219,124.20254135857219,0.0, 87.90507484835888, 9.609699685859852, 0.12843439774198392, 9.609699685859852, 92.76359178129776, -11.278333790903552, 0.12843439774198392, -11.278333790903552, 65.14482282927214, 5.58607888894672, 3.5761313749750894, 19.0, 0.0
34, 0 ,1.0,1.0,1.0,146.3527184437957,106.15960921467179,84.10665664653004,9.427290047331685,9.062405701335676,9.605235835315204,43.0,48.0,45.0,-0.8182702305244699,-0.5618531107356699,0.12146979786795574,9.7928540193074,-0.0027659636192999913,-0.20746206491231767,-0.9782391533094418,9.629409486107289,0.5748270864205058,-0.8007999585283254,0.1682059664171994,8.63921485376684,47.32705288994484,43.600305841861655,42.105335620213005,15.603921104305105,4.447380842111193,34597.0,86883.26449655285, 0.0, 0.0,0.0,NaN, 136.95977312105575,136.95977312105575,0.0, 88.87379763651904, 9.786434914974127, -2.0645874225394656, 9.786434914974127, 82.12719709560137, 2.21999138647465, -2.0645874225394656, 2.21999138647465, 92.26055545202337, 5.331644442365408, 3.4339286575468546, 20.0, 0.0
35, 0 ,1.0,1.0,1.0,9.07027368088966,98.52050634908116,112.88015616373531,6.072077949230138,9.688248925020083,10.82000888456533,25.0,49.0,58.0,0.015336481978601185,-0.004468698099342834,0.999872403388461,10.820888709942924,0.037859466654585665,-0.9992703295298251,-0.005046712393767976,9.692469766239466,0.9991653782558473,0.03793203472860376,-0.015156108873903562,6.063768421890474,57.979193302232716,49.09802964390292,26.071794221807963,14.943211466393942,4.950284960220911,25358.0,74217.6419760519, 0.0, 0.0,0.0,NaN, 131.8272628327719,131.8272628327719,0.0, 36.870130621526876, -2.16852836635626, 1.2207808863564074, -2.16852836635626, 93.86216723315282, -0.07055687377322778, 1.2207808863564074, -0.07055687377322778, 117.07259226207269, 5.53199376622104, 3.524653692594545, 16.0, 0.0
36, 0 ,1.0,1.0,1.0,101.45355172172941,97.11206956764686,171.7346161905427,9.238780101082867,8.416166356575914,8.772923152490437,41.0,41.0,46.0,-0.8792671975896245,-0.33434959248968293,0.3392632388645592,9.490565416340733,-0.22770470009216298,-0.3305529481723902,-0.9159068282366273,8.700062842586277,-0.41837753859262844,0.8825786641747716,-0.21451139071072586,8.20909064089529,44.74404888608983,46.11526965301729,40.3796258842593,14.676989573680483,4.21154028727169,28634.0,83318.66911990923, 0.0, 0.0,0.0,NaN, 141.21291883489016,141.21291883489016,0.0, 85.35505775616474, 7.29288791384264, -5.0345903634343125, 7.29288791384264, 70.83185614156031, -0.05938336786516925, -5.0345903634343125, -0.05938336786516925, 76.96418063950274, 5.358505024314302, 3.527054600079248, 15.0, 0.0
37, 0 ,1.0,1.0,1.0,116.80270775262657,38.34747449995405,158.0296811345606,9.219902004265446,8.419184133752509,9.660462692666762,45.0,38.0,47.0,-0.609631280249419,-0.133274760187147,0.7814010112858268,10.124982776838683,0.6010794348685978,0.5649231916608206,0.565301070671018,9.056850280353153,0.5167719178897997,-0.8143092937089759,0.26428613103923565,8.041889122008675,50.438949507178705,43.92096174511789,41.308569148530644,15.193368960023893,4.2866459531038155,32647.0,91511.99566162736, 0.0, 0.0,0.0,NaN, 100.7661942492925,100.7661942492925,0.0, 85.00659296825799, 8.967687176592152, -12.130358802103974, 8.967687176592152, 70.88266147802999, 1.601166943656171, -12.130358802103974, 1.601166943656171, 93.32453943640635, 5.292242056449588, 3.406857557439977, 14.0, 0.0
38, 0 ,1.0,1.0,1.0,180.95386509108815,160.26932545544068,8.110241260462827,10.216971070852942,9.3255756333898,5.433172041739826,44.0,48.0,21.0,-0.9813367618323612,0.18988971870308052,-0.03033240193654961,10.255857430633926,-0.1874285429952828,-0.9797865170895105,-0.06992082808628512,9.301643454807499,-0.0429965248251622,-0.06293072111831749,0.99709128127393,5.4008364716968105,46.67993435600522,44.2911645077491,22.583334649685288,14.085705934437229,4.739736861939877,20310.0,46691.2397741038, 0.0, 0.0,0.0,NaN, 44.80019830354636,44.80019830354636,0.0, 104.38649786264591, -3.63277410380365, 3.0142440207313417, -3.63277410380365, 86.96636089407356, 3.491185637876345, 3.0142440207313417, 3.491185637876345, 29.519358435143303, 5.8064203947811865, 3.6002843115226053, 12.0, 0.0
39, 0 ,1.0,1.0,1.0,55.44558695018934,82.39053306146228,71.90081561316633,10.348538423016933,8.66690979911146,9.173397240320172,52.0,42.0,46.0,0.8699704351145024,-0.15915684512853825,0.46671248180803376,10.916188004911772,-0.2233339329892172,0.7166603430063941,0.6606965318037664,8.972914566131706,0.43962870288716555,0.6790191833893121,-0.5879281862498688,8.165931270689686,53.49088850694778,40.6226564356262,42.1908905993553,15.656532352053443,4.607796067144993,34330.0,91678.35762079363, 0.0, 0.0,0.0,NaN, 122.6056293007848,122.6056293007848,0.0, 107.0922474926578, -9.480250050719073, 19.26773153409252, -9.480250050719073, 75.11532546593426, 2.650502915067904, 19.26773153409252, 2.650502915067904, 84.15121692871377, 5.2331458628524885, 3.338601242385761, 22.0, 0.0
40, 0 ,1.0,1.0,1.0,154.67144973422023,180.13916402823367,136.6340372382142,9.46421402646261,10.5496766205636,8.750260668038688,47.0,49.0,43.0,-0.018567096314848666,0.9281946038330549,0.3716315922383784,10.861610667966715,0.9937268165414098,-0.02386700113713841,0.10925831933173406,9.47664261808668,0.1102827140621343,0.3713288888194899,-0.9219287278890773,8.345821953669837,53.84339124615386,47.46625498433917,42.40448191954715,15.923116826352787,4.887579792709831,34427.0,108375.00609553664, 0.0, 0.0,0.0,NaN, 80.40134023399582,80.40134023399582,0.0, 89.57134713869162, -1.3107710714453524, 1.8547533970847827, -1.3107710714453524, 111.29567679846622, 16.615892398167414, 1.8547533970847827, 16.615892398167414, 76.56706175862487, 5.337855011734625, 3.4904542331782573, 17.0, 0.0
41, 0 ,1.0,1.0,1.0,133.663812750231,137.19424083769633,18.122944256236526,9.256193757808466,8.409642058463897,9.774940787624763,47.0,39.0,38.0,0.39155875159239184,0.12640055033750433,0.9114300000141445,9.860357154624907,-0.8249550837881566,-0.39053805924634133,0.40856961954136595,9.35982009095137,-0.40759152810563054,0.911867822194904,0.048643818333268,8.19242299221714,46.93705075002563,52.93201635592348,41.04495121953611,15.254335385280008,4.38792910021832,32470.0,101975.06233744312, 0.0, 0.0,0.0,NaN, 93.13159631029828,93.13159631029828,0.0, 85.67712288209242, 8.091818077742351, 3.8395768247945377, 8.091818077742351, 70.72207955148488, 0.1994330328277076, 3.8395768247945377, 0.1994330328277076, 95.54946740157021, 5.337250774682101, 3.3933522759619774, 13.0, 0.0
42, 0 ,1.0,1.0,1.0,15.89534327024353,152.7878139861479,56.91257859627844,9.375668381196967,8.360798523150683,9.277746880296617,38.0,41.0,44.0,-0.8414740344311252,0.35701148417033896,-0.4055419208277943,9.475768671644127,0.48175995480178857,0.15597721938855688,-0.8623099518045654,9.364189101815725,-0.24459925455238793,-0.9209852915233261,-0.30324461655585966,8.148893621877276,53.8613434515625,47.872142283453606,38.58396889723025,15.030580322755823,4.238437433173577,31331.0,99487.13931189991, 0.0, 0.0,7.105427357601002E-15,66.07490885569612, 75.63526987036549,75.63526987036549,9.5367431640625E-7, 87.90315759417655, -5.426119751665194, -0.8613084415691535, -5.426119751665194, 69.90295194471865, -6.2485135326654655, -0.8613084415691535, -6.2485135326654655, 86.0765871748536, 5.647450453168354, 3.6662475681298785, 18.0, 0.0
43, 0 ,1.0,1.0,1.0,117.8227140861717,89.44117331041151,63.20421904659575,8.336444606820608,8.728484478222391,8.681828519889734,39.0,42.0,39.0,-0.40873189616264366,-0.7156250625691079,0.5664088690003447,9.295186007412635,-0.5156850305034335,-0.3309584518724802,-0.7902755547584929,8.408917690416489,-0.7529987957320801,0.615099400875282,0.2337638566350802,7.996656600187936,49.48831836420604,41.48053065881692,40.46657604629457,14.337094994609739,3.937588542937548,27921.0,83069.85639074298, 0.0, 0.0,7.105427357601002E-15,55.49981700983927, 136.92188688663404,136.92188688663404,0.0, 69.4963086825884, 7.722066111046823, -2.442001207669895, 7.722066111046823, 76.1864412865692, -7.332458372406679, -2.442001207669895, -7.332458372406679, 75.37414644877076, 5.293359067043522, 3.3864699708874477, 15.0, 0.0
44, 0 ,1.0,1.0,1.0,186.78970144368887,25.068620677115533,177.17924288155933,8.26231556649029,9.177675963531065,9.555420770722355,33.0,48.0,49.0,0.015886493669929558,0.5848617594155386,-0.810977399002115,9.976641859896779,-0.5835342137278998,0.6640488789212516,0.4674686169278004,9.181102050661996,-0.8119331504057685,-0.4658066216540821,-0.3518362552315688,7.744394298593097,49.6964289548377,54.861723149088036,40.89909215887502,14.886120168004032,4.71222739913397,27499.0,111508.58246003585, -2.8421709430404007E-14, 0.0,0.0,89.08973266973196, 36.38316487139128,36.38316487139128,NaN, 68.26585852026776, -9.055171701670588, -7.14293023077, -9.055171701670588, 84.22973609157587, -11.214088923869975, -7.14293023077, -11.214088923869975, 91.30606610555219, 5.413702913686672, 3.5371675116281525, 8.0, 0.0
45, 0 ,1.0,1.0,1.0,182.04271731380047,94.17868023594995,79.9542360796007,9.436474478295132,8.491230163458713,9.505542117990933,38.0,43.0,43.0,0.6678530138374448,-0.23300858139622777,0.706880013088473,10.616889544055358,0.5914944409008375,0.7426383743428109,-0.31404230819568385,8.465025343030035,-0.4517816710443751,0.6278497001266979,0.633796557074246,8.193190683514771,54.52421298310625,50.65221719236368,47.33712530096267,15.201874425809821,4.517342710838358,30854.0,130734.36038886046, -2.8421709430404007E-14, 0.0,1.4210854715202004E-14,68.81066372206524, 124.83896699160049,124.83896699160049,0.0, 89.04705057951539, -5.105383436539266, 20.681510236828, -5.105383436539266, 72.10098968883109, -8.565168325236268, 20.681510236828, -8.565168325236268, 90.35533095689954, 5.505058452836653, 3.3843766268810684, 13.0, 0.0
46, 0 ,1.0,1.0,1.0,29.239374948687775,150.14613721573028,125.9243315727539,9.9936314075403,8.80582370108852,10.6462993577068,58.0,41.0,50.0,-0.49404470697661584,0.3979433007777375,0.7730206704057199,11.476796505962838,0.8299759377249131,-0.04895482355626777,0.5556468015279367,9.579268151284724,-0.25895901279167954,-0.9161029170440917,0.3060974927654016,8.202417535387836,56.11204092965119,51.97917717518423,41.183669523361715,16.281068303433663,5.068106616604682,36541.0,120118.66753560168, 0.0, 0.0,0.0,NaN, 93.95506018754949,93.95506018754949,0.0, 99.87266870977595, -13.663234783558007, -13.318221402448879, -13.663234783558007, 77.54253105465234, 19.156100528214683, -13.318221402448879, 19.156100528214683, 113.34369001390822, 5.486183258840458, 3.3448391183247397, 23.0, 0.0
47, 0 ,1.0,1.0,1.0,17.044777021919877,134.2510052910053,12.403990929705216,9.799798978657059,10.594215615471125,8.083217729630471,41.0,50.0,32.0,-0.308853389421471,0.9052977001746656,-0.2916258868847732,11.056891367425992,-0.9285401529963289,-0.22060148685939535,0.29857690511655177,9.751520987938825,-0.20596788127381274,-0.36300283477389744,-0.9087387819553486,7.500990941503775,57.18724538185015,49.95992340586326,37.835715204836,15.789363979560756,4.93030004308132,33075.0,108099.30193936227, 0.0, 0.0,0.0,NaN, 69.04573643574663,69.04573643574663,0.0, 96.03606002208794, -10.497800115977878, -4.820810599150249, -10.497800115977878, 112.23740450709224, -19.979317693073785, -4.820810599150249, -19.979317693073785, 65.33840886461239, 5.643088074565744, 3.495027521171459, 12.0, 0.0
48, 0 ,1.0,1.0,1.0,179.59856040503857,81.63098179156373,17.864671973648093,9.934826281060742,8.874765795224857,9.357165613221786,45.0,44.0,42.0,-0.746539123004973,0.4962967694767453,0.4431352552324316,10.6958587626646,0.5620406506257005,0.11396355511186979,0.8192207365237423,9.154003547186493,-0.35607533594339935,-0.8606403573579441,0.3640172117078873,8.174448841080142,54.262856469784744,44.706947435644594,43.44809557695909,15.584020773515935,4.70713139808495,32787.0,105401.89390351817, 0.0, 0.0,0.0,NaN, 86.01733796466569,86.01733796466569,0.0, 98.7007732348552, -16.541312644018575, -7.92473198166479, -16.541312644018575, 78.76146792009308, 12.048789648615898, -7.92473198166479, 12.048789648615898, 87.55654831326025, 4.6297431955177695, 3.2297527128286303, 15.0, 0.0
49, 0 ,1.0,1.0,1.0,150.29344902057363,112.72886750274694,35.880877505399155,9.607214633053541,8.778298796235068,7.374223464713131,44.0,42.0,35.0,0.9837081546823429,-0.17967226396320116,0.006011985844779781,9.634648099191987,0.17960433086366656,0.9836840172768216,0.010394156490439762,8.748396571431106,0.007781436016229475,0.009145037805876487,-0.9999279061697671,7.373966904100841,45.238472374624905,41.73669688578771,35.19184953872289,14.375371444663863,4.13339694404217,26393.0,66445.88627759487, 0.0, -1.4210854715202004E-14,0.0,79.64932930405105, 106.6509688103248,106.6509688103248,1.3486991523486091E-6, 92.29857300555807, -2.881107824376714, 0.26876837497380257, -2.881107824376714, 77.05852975598205, 0.18503237330490493, 0.26876837497380257, 0.18503237330490493, 54.379171707525735, 5.725530681747235, 3.6337541697139533, 11.0, 0.0
