// Sample: .//bubblelabels.tif, Map: .//bubblelabels.tif, Thickness:(8.191250068658265):/gpfs/home/mader/Foam/NewValid/InSilicoTest/LatticeData_OldFoam/out_Step_03500.vtk/distmap.tif, Neighbors:(1.0):
//LACUNA_NUMBER, TRIANGLES, SCALE_X, SCALE_Y, SCALE_Z, POS_X, POS_Y, POS_Z , STD_X, STD_Y, STD_Z,PROJ_X, PROJ_Y, PROJ_Z, PCA1_X, PCA1_Y, PCA1_Z, PCA1_S, PCA2_X, PCA2_Y, PCA2_Z, PCA2_S, PCA3_X, PCA3_Y, PCA3_Z, PCA3_S,PROJ_PCA1, PROJ_PCA2, PROJ_PCA3,OBJ_RADIUS, OBJ_RADIUS_STD, VOLUME, VOLUME_BOX, Mask_Grad_X,Mask_Grad_Y,Mask_Grad_Z,Mask_Angle, Mask_Distance_Mean,Mask_Distance_COV, Mask_Distance_STD, SHAPET_XX, SHAPET_XY, SHAPET_XZ, SHAPET_YX, SHAPET_YY, SHAPET_YZ, SHAPET_ZX, SHAPET_ZY, SHAPET_ZZ, Thickness, Thickness_STD, Neighbors, Neighbors_STD
1, 0 ,1.0,1.0,1.0,79.23659133892633,138.21296857572378,39.68413874205907,15.411208044738759,15.47656596982856,16.063414385235305,84.0,80.0,79.0,0.08643500101228631,-0.4703344680449597,0.8782451131483008,16.29803067201538,0.9920270611901203,-0.04052011168427098,-0.11933327455319437,15.405780217348047,0.0917131422779741,0.8815574903078982,0.463082164216612,15.234790495352208,90.07684007835627,82.38099325096387,88.9511737189637,26.098681563262474,7.343128079226209,164968.0,660072.819100292, 0.0, 0.0,7.105427357601002E-15,28.568608331656336, 164.1831080142687,164.1831080142687,NaN, 237.5053333982206, -1.5735849589647617, 1.9248403623579429, -1.5735849589647617, 239.52409421845545, -13.82361334576814, 1.9248403623579429, -13.82361334576814, 258.0332817117845, 7.064204386048711, 5.5205050176109935, 53.0, 0.0
2, 0 ,1.0,1.0,1.0,58.672953975085456,262.4650185666754,12.990393023018136,14.602514507647847,18.146669520131415,8.12967228362437,83.0,79.0,33.0,-0.34357976652564376,-0.9390967611229876,-0.007086415348981072,18.636580834384816,-0.9356643789185664,0.34165744379238155,0.08833097488530955,14.008951435084313,-0.0805302058678462,0.03697924214434052,-0.9960659725105121,8.065590527106638,87.26814650506344,73.19819470216216,37.001053391093066,23.346885261736016,7.9717980803099735,88061.0,236357.9477556369, 0.0, 0.0,0.0,NaN, 70.85295103420181,70.85295103420181,0.0, 213.23342994606583, 49.134594596021735, -10.155933738397913, 49.134594596021735, 329.3016146728665, 5.837832930666535, -10.155933738397913, 5.837832930666535, 66.09157143913026, 7.792165241322028, 5.533628964743554, 23.0, 0.0
3, 0 ,1.0,1.0,1.0,77.84501785483802,14.78373058555264,258.31746117110526,15.333526812541514,9.17809753763802,16.47616399039387,73.0,39.0,82.0,-0.575997336509546,0.10480803377042247,0.8107048441887387,17.52291382799315,0.8040198103668572,-0.10640703668120055,0.5850040060395901,14.262259883363418,-0.147577819714048,-0.9887835044143402,0.02297756572277316,8.964035517321824,94.83778274695085,88.80640625876177,40.57653130630095,23.061328341554752,7.6807313377520865,92972.0,341743.7700356433, 0.0, 0.0,0.0,NaN, 89.531221024113,89.531221024113,9.5367431640625E-7, 235.11704451092953, -24.21363664321281, -47.979055005652725, -24.21363664321281, 84.2374744103971, 11.602022025631266, -47.979055005652725, 11.602022025631266, 271.46397983835175, 7.053614759767473, 5.260822682413474, 34.0, 0.0
4, 0 ,1.0,1.0,1.0,153.99520843315764,176.5478655241194,14.222540421880746,15.768646932788442,15.347950124820288,8.863197767778585,78.0,67.0,38.0,-0.7523062920344862,-0.6575850378291022,0.04021394022749755,17.163979723893622,0.6522416043031901,-0.7520131315306045,-0.09516900557185173,13.819915542794266,0.09282312525078913,-0.04536703680903354,0.9946485305824587,8.784862447612184,81.73894693346915,68.16111071267447,40.989641250938405,22.606243131030553,7.191929177658648,89741.0,228370.40095537138, 0.0, 0.0,0.0,NaN, 191.72926047732003,191.72926047732003,0.0, 248.65022609093836, 51.73677117677944, -13.64284226405591, 51.73677117677944, 235.55957303397108, 2.395945862178997, -13.64284226405591, 2.395945862178997, 78.5562746707553, 8.117982976207418, 5.551783232091984, 23.0, 0.0
5, 0 ,1.0,1.0,1.0,17.38549858765673,164.27543741998414,12.710743969599058,10.551196462489818,14.267087012221477,8.184187983702346,45.0,73.0,35.0,-0.01925567018298555,0.9986608433569452,0.048018112326485174,14.279234537844413,0.9986345603693935,0.02154345331754044,-0.04759090727212027,10.554581251971436,0.04856165155379984,-0.047036151678786664,0.9977120658955753,8.15859835791041,73.47845891297482,47.098759847582684,37.205116584677135,18.528758189355347,6.20834692308079,49209.0,128757.3947908387, 0.0, 0.0,1.7763568394002505E-15,87.24770645323402, 137.42261626434984,137.42261626434984,0.0, 111.32774679005765, -1.6763000235139491, -2.2578758581416976, -1.6763000235139491, 203.54977181429877, 6.539709732692266, -2.2578758581416976, 6.539709732692266, 66.98093295257787, 7.5319234701402475, 5.20473192194326, 17.0, 0.0
6, 0 ,1.0,1.0,1.0,279.828644195583,207.45969180412277,208.77604310328977,12.695038572491754,14.805743299559913,14.755119990434785,51.0,77.0,76.0,0.37159435238381505,0.33748244170184466,-0.8648833671769937,15.316036646685864,-0.2080813080563946,0.9381645476115652,0.2766757142257477,14.755255631764246,-0.9047761085008783,-0.07715492951036186,-0.4188404354145598,12.074313960648453,87.00343972802133,78.29158791576975,61.92532760395454,23.372010814266588,7.199771901897371,108762.0,421812.8806379095, 0.0, 0.0,0.0,NaN, 131.50058002864162,131.50058002864162,0.0, 161.16400435705347, -2.90639859368678, -32.677459817620544, -2.90639859368678, 219.21003465246326, -7.246555111483487, -32.677459817620544, -7.246555111483487, 217.7135659321282, 6.877588305266601, 4.933704505692271, 31.0, 0.0
7, 0 ,1.0,1.0,1.0,189.75110138700512,114.00215822352463,234.55703947173023,13.186882319140269,13.16743849804448,13.362667283245017,64.0,69.0,68.0,0.6512662880204516,-0.2899263033550545,0.701280942783229,14.150069380025025,-0.08300235076496788,-0.945808670639914,-0.3139372044053519,13.088752467859141,0.7542962493977755,0.1462487509869105,-0.6400378668322816,12.421605137699965,67.12771654946701,67.86954428188682,67.28910000404042,22.098034603915533,6.124789422131967,101009.0,306564.26323762175, 0.0, 0.0,0.0,NaN, 171.5636698363166,171.5636698363166,0.0, 173.89386529885422, -7.336046689922264, 21.419829216790948, -7.336046689922264, 173.38143659978385, -4.284701705836445, 21.419829216790948, -4.284701705836445, 178.56087692270677, 6.49733274723969, 4.824466223176726, 36.0, 0.0
8, 0 ,1.0,1.0,1.0,121.75834780151007,186.5551742237655,114.65713449347922,12.527201737205322,12.67741277641594,14.698565049166383,63.0,67.0,78.0,-0.005526797980794588,-0.21024541807369188,0.9776330184087986,14.789579731518542,-0.33503533229996074,-0.9207542422252954,-0.19990735738030396,12.577555837274044,-0.9421893549678506,0.32864645076912075,0.0653508208221247,12.520735325776968,77.49474075240528,66.19782915390905,66.38886247448617,22.193800283655225,6.413315955261585,99068.0,340573.7762913119, 1.4210854715202004E-14, 0.0,0.0,89.68333618935623, 202.091766890711,202.091766890711,0.0, 156.93078336464004, 0.511929895798292, -0.2392821115406338, 0.511929895798292, 160.71679470363412, -12.473527245340259, -0.2392821115406338, -12.473527245340259, 216.04781450457554, 6.300081579053691, 4.665881965383922, 35.0, 0.0
9, 0 ,1.0,1.0,1.0,260.43682709119355,141.09502162510353,126.08324284531149,14.601213444364134,13.261636828850754,13.556121392671432,74.0,68.0,64.0,-0.8848114530228444,-0.23120173247114426,0.4045422740603804,14.923644972549978,-0.4648578181495356,0.4974006146656416,-0.7324614921178424,13.375474475002534,0.031873209829824986,0.8361449559930285,0.5475816935056911,13.084967556050495,81.12033720943083,70.47735897559818,65.83476751588137,22.952372267101943,6.7840607274262865,108670.0,376387.0518765655, 0.0, 0.0,0.0,NaN, 193.3133050371607,193.3133050371607,0.0, 213.19543404787993, 8.757728199653387, -15.816338804333542, 8.757728199653387, 175.87101138033069, -7.617286883415039, -15.816338804333542, -7.617286883415039, 183.76842721284407, 6.055846220368984, 4.611579778838104, 37.0, 0.0
10, 0 ,1.0,1.0,1.0,22.135024738812337,132.24866269908972,191.08462379943998,13.29918761790919,13.687500024892435,13.31241924438543,58.0,65.0,63.0,0.6397724167533574,0.5150696572448085,0.5704336095877278,14.08695433986583,-0.2653336191669254,0.8445945795430077,-0.46503555428198284,13.567342816980185,0.7213108381976177,-0.1461617063128565,-0.6770136116108486,12.6064063348416,76.41040564886558,75.609200956477,63.396646680288015,22.321523762250575,6.57161557741906,99641.0,366263.3307526027, 0.0, 0.0,0.0,NaN, 172.7490297477672,172.7490297477672,0.0, 176.8683912963491, 7.386793509162427, 17.526434614288647, 7.386793509162427, 187.34765693143038, 1.7331347148387122, 17.526434614288647, 1.7331347148387122, 177.22050613828353, 6.389033325860177, 4.644191617652365, 35.0, 0.0
11, 0 ,1.0,1.0,1.0,47.176814301937945,248.58767446972195,213.65527347327546,13.287443154173546,14.539508024281304,13.258756878624839,63.0,71.0,65.0,-0.053037265643790577,0.861865212368214,0.5043564257174918,15.082788154949599,-0.8016210568394594,-0.33792519686270817,0.49316350489152044,14.028902098423732,-0.5954752133251381,0.37814668719267364,-0.7088119308255101,11.808788274660941,71.14795094127322,67.48356954727679,64.611241946625,22.84132286748724,6.482441113750122,109188.0,310219.0992860228, 0.0, 0.0,0.0,NaN, 111.01482253773892,111.01482253773892,0.0, 176.55614557539343, 11.51430886807664, -25.032299425532678, 11.51430886807664, 211.3972935881404, 28.71156232406805, -25.032299425532678, 28.71156232406805, 175.79463396648148, 6.996064913090748, 4.915949752532151, 42.0, 0.0
12, 0 ,1.0,1.0,1.0,264.2998079884793,281.5982358941537,25.30820849250955,15.773909456326924,11.124268076980876,14.118545365017527,74.0,51.0,63.0,-0.9469246356116479,-0.14932535873169878,0.2846676513258883,15.991327974493169,-0.30451732782018137,0.1330284528059397,-0.9431715791950659,14.02995548609031,-0.10297053718906182,0.9797986364471571,0.17144007841601264,10.924132079003357,84.24037863964969,71.6118521553515,54.6331135719995,22.841190304563515,7.083707255359917,99994.0,329580.24217004626, 0.0, 0.0,0.0,NaN, 47.47245568713497,47.47245568713497,0.0, 248.81621953639996, 16.145343581906566, -14.504228077654165, 16.145343581906566, 123.74934024853577, -15.52170162231637, -14.504228077654165, -15.52170162231637, 199.3333232240579, 6.32427380293358, 4.72391101773589, 23.0, 0.0
13, 0 ,1.0,1.0,1.0,135.59223152209304,21.21642948803892,249.50151309111106,15.037641895830225,12.692288296397352,13.574112453537817,73.0,55.0,69.0,0.9115930481000484,0.17741367283885998,0.37084026661824204,15.443783044055506,0.2753929851075905,0.40620180000504463,-0.8712971946621844,13.359612783926154,0.3052160192538939,-0.8963952735052145,-0.32143225604832976,12.429468871962497,80.3294128499607,72.17488926289494,62.490893817881975,22.879893467453297,6.927615737423174,104422.0,362307.60929503787, 0.0, 0.0,-2.8421709430404007E-14,68.23255196784925, 146.23777661551424,146.23777661551424,0.0, 226.13067378722846, 16.271643596184255, 22.647195298112514, 16.271643596184255, 161.0941821988652, -2.9619639143004943, 22.647195298112514, -2.9619639143004943, 184.25652890129047, 6.866308012032024, 4.687264031767425, 31.0, 0.0
14, 0 ,1.0,1.0,1.0,144.40823695073956,151.83834201879912,58.68352008087713,12.280836142255822,11.700606583336608,13.459237611640319,61.0,59.0,67.0,0.3568353377028875,0.11685738393952068,0.9268294846331103,13.624591694291452,-0.7459095634166985,-0.5616567173354612,0.3579953282872054,12.513501396860656,-0.5623944033949632,0.8190763601098286,0.11325392416714918,11.254198852524377,69.72853090477028,65.48390115800089,60.15086502735163,20.834744213512177,5.898104900309083,83089.0,274654.6377716097, 0.0, 0.0,0.0,NaN, 215.05667002918557,215.05667002918557,0.0, 150.81893635293684, 14.998416622204283, 11.511246962373425, 14.998416622204283, 136.90419441801998, 0.3689422393619586, 11.511246962373425, 0.3689422393619586, 181.15107708659338, 5.723688077545145, 4.494354039706862, 31.0, 0.0
15, 0 ,1.0,1.0,1.0,32.03992513046651,11.103453198610472,72.78344939168504,16.50609560669978,7.422930989958425,13.168609213872918,75.0,31.0,63.0,-0.9976568506416494,0.02252734119232945,0.0646012946200773,16.521583741024727,-0.0655911033151913,-0.0463842987388545,-0.996767928856261,13.163073392743918,-0.019458045474342003,-0.9986696229130582,0.047753206562589655,7.398252147125159,76.60294900988576,63.984990067204066,32.662065285195496,21.118220187665955,7.4151292228884325,63043.0,160091.11837257704, 0.0, 0.0,0.0,NaN, 80.29491877230843,80.29491877230843,0.0, 272.45119217751375, -4.543968270877076, -6.315275956392843, -4.543968270877076, 55.09990448168515, 5.797857701369307, -6.315275956392843, 5.797857701369307, 173.4122686276987, 6.157724588037269, 4.443393506481247, 26.0, 0.0
16, 0 ,1.0,1.0,1.0,218.62465794364593,29.345194400082185,269.7365629056812,12.592664527119256,14.116701428885055,14.366510017005055,68.0,64.0,65.0,-0.3044629083619888,-0.6221806586918728,0.7212444560490614,15.204028295346134,-0.05024696637339085,-0.7456477355736052,-0.6644431479097563,13.491391015717342,-0.9511979708777931,0.2385386391838914,-0.19575938755080627,12.291174120029996,77.39143781438389,77.62322782958566,60.79485554067901,22.81308171177045,6.619393628240463,107073.0,365217.3864520256, 0.0, 0.0,0.0,NaN, 91.64585290087618,91.64585290087618,0.0, 158.57519989256764, 16.3308211943711, -16.55390503099361, 16.3308211943711, 199.28125923228532, -20.6084736726989, -16.55390503099361, -20.6084736726989, 206.39661006870656, 6.1900022368517575, 4.620734143492386, 35.0, 0.0
17, 0 ,1.0,1.0,1.0,161.98120810377205,256.06055442934075,281.8775479746788,14.982547586876944,13.175705521704751,10.188362616917276,72.0,67.0,43.0,-0.9239936826717976,0.3792334380277895,-0.04916984710401065,15.316477335269028,-0.38198328141635607,-0.9092502735298174,0.1653865556940635,12.866550052712139,0.01801241519069321,0.1715981922036927,0.9850023417898165,10.086431122094387,75.24991422700857,63.53787733066565,46.744604033495364,21.40050932774305,6.6254721729607216,80407.0,223496.22725022185, 0.0, 0.0,0.0,NaN, 145.9735765848096,145.9735765848096,0.0, 224.47673219303215, -24.39172587283792, 2.004787829289536, -24.39172587283792, 173.5992159946811, -12.073299353149721, 2.004787829289536, -12.073299353149721, 103.80273281379745, 6.576165251265855, 4.856879638222719, 30.0, 0.0
18, 0 ,1.0,1.0,1.0,40.70140146445162,85.50386780568459,38.1745531847886,12.416199106024143,12.422042742381457,15.672401369250768,59.0,60.0,78.0,0.09129446102798246,-0.01065070287135664,0.9957669827394138,15.697559531741868,0.6094057249858499,0.7914399990336916,-0.04740664809940673,12.475814878652866,-0.7875849057340296,0.6111540644206631,0.0787446874526958,12.330205946126107,79.54440552377648,61.613723283767115,63.25199870071622,22.566429572049522,6.696981945834904,101608.0,309999.75284879934, 0.0, 0.0,0.0,NaN, 102.10196864782141,102.10196864782141,0.0, 154.1620002404347, 1.6503164044609622, 8.475493500772489, 1.6503164044609622, 154.30714589355182, -1.1364715317851526, 8.475493500772489, -1.1364715317851526, 245.62416467889335, 5.950314317049051, 4.405493022027242, 34.0, 0.0
19, 0 ,1.0,1.0,1.0,190.702017253681,281.81751313485114,59.87259518713109,14.174951544825126,10.288996495508284,12.773146410090295,67.0,44.0,68.0,0.9803154170077912,0.16201845382421937,-0.11283485187321196,14.285254357486078,-0.1154398850322515,0.006725017077836945,-0.9932917029196628,12.753986181513286,-0.16017276959764729,0.9867648122859428,0.025296029603615294,10.159395347165976,68.85207010804675,67.04172615594105,48.626600718300125,20.75887393944897,6.246208623030415,77085.0,224458.52308642084, 0.0, 0.0,-7.105427357601002E-15,83.52124168123322, 125.94196884064515,125.94196884064515,NaN, 200.92925129814023, 15.972592290426551, -4.3390087377783955, 15.972592290426551, 105.86344888458174, -2.240892566680918, -4.3390087377783955, -2.240892566680918, 163.15326921360258, 6.1322283086501, 4.685838700498191, 34.0, 0.0
20, 0 ,1.0,1.0,1.0,281.8972393247269,103.86117179741808,167.84699106256207,10.907606603616154,13.231879184880041,13.41178039669196,45.0,67.0,68.0,-0.337748641371777,0.6934213451535911,0.6364689256647987,14.301620878123671,0.18540424060286262,-0.6139435365780891,0.7672669688318822,12.79409128958596,-0.9227952767640256,-0.37714741412261155,-0.07879533744221646,10.28149942001462,76.74087762105039,67.7948495959217,53.76336590864332,20.765802071028165,6.535734567626051,75525.0,279711.2367304798, 0.0, 0.0,0.0,NaN, 169.05404674960477,169.05404674960477,1.9073486328125E-6, 118.97588181925073, -29.745202855746225, -12.996670008122454, -29.745202855746225, 175.08262676326171, 16.304716336192833, -12.996670008122454, 16.304716336192833, 179.87585340909075, 6.137151591620356, 4.540178556853646, 26.0, 0.0
21, 0 ,1.0,1.0,1.0,277.8989892345809,207.34815496941394,11.381152842640708,12.855496016792184,12.153033140019586,7.176479189633681,49.0,66.0,28.0,-0.9215397303901519,0.38608764815675134,-0.04124140217347655,13.00347318379644,0.38736359054242553,0.921463800997407,-0.029221775673133023,12.00622780352183,-0.026720292560630333,0.04290444490026259,0.9987218003895154,7.156956405319632,64.21238078391414,61.514867284196384,30.5565098492991,18.14922031084612,5.921794323329594,45609.0,120698.7053122238, 0.0, 0.0,0.0,NaN, 95.92887836544558,95.92887836544558,1.9073486328125E-6, 165.2637778377597, -8.767283870637643, 3.427765816966961, -8.767283870637643, 147.6962145024143, -4.379033216871525, 3.427765816966961, -4.379033216871525, 51.5018535592453, 6.469791574284106, 4.687499855282325, 14.0, 0.0
22, 0 ,1.0,1.0,1.0,52.88639681178897,188.80695799253922,48.39208508074793,14.009482480744573,11.12753599358294,12.97034148543818,74.0,55.0,68.0,-0.9457781499447834,0.019340421388932178,0.32423701082313505,14.136390425163828,0.3169120987532252,0.2737796744665919,0.9080811701124486,12.972798513928861,-0.07120683078784928,0.9615979606620775,-0.26506404754263635,10.962954865363322,70.07181870550598,67.12004469454304,58.17648214471785,21.226474077739322,6.144445714851633,86318.0,273617.00398241106, 0.0, 0.0,0.0,NaN, 132.2976094155495,132.2976094155495,0.0, 196.26559937828912, 2.7170118639778202, -10.581167470263335, 2.7170118639778202, 123.82205728848389, 12.459594913001855, -10.581167470263335, 12.459594913001855, 168.22975824887868, 6.0327458925941055, 4.332170069519033, 32.0, 0.0
23, 0 ,1.0,1.0,1.0,91.06602256143677,268.3334576094251,39.3398702557602,11.326380466417232,14.71488549024576,13.565029873460116,61.0,61.0,66.0,-0.0478124544190458,-0.8549390030542382,0.5165203483494643,15.308849804954828,0.27754505516142863,-0.5081194146137407,-0.8153425064646325,13.035492579683387,-0.9595221266640316,-0.10437414214840156,-0.26157852911299695,11.159741743575534,75.95620132581317,69.42447533443091,58.667899266142115,22.05403526755676,6.514930033879444,93877.0,309368.70606003545, 0.0, 0.0,0.0,NaN, 104.13172313888901,104.13172313888901,0.0, 128.28689447003785, -1.911232466559595, -12.982344086892367, -1.911232466559595, 216.5278549910452, -29.69395377447415, -12.982344086892367, -29.69395377447415, 184.01003546786535, 5.83552687488624, 4.259487007711872, 34.0, 0.0
24, 0 ,1.0,1.0,1.0,68.66347943055712,62.38083174532003,161.4008631319359,13.54439379413435,12.753646742718844,12.010318459858063,65.0,62.0,58.0,-0.9398672851633236,0.23068944448521708,-0.25185683727631136,13.754676312105023,0.11867022421671924,0.912045194959614,0.39254418889525555,12.828015281099482,0.32026061912773146,0.3390515337735288,-0.8845774094344367,11.687803963660182,67.04012244678114,63.26904363487748,65.51454279180375,21.315374046068577,6.000723895666022,89210.0,277884.1545088888, 0.0, 0.0,0.0,NaN, 166.78058135562677,166.78058135562677,NaN, 183.4506032505851, -8.376191572399344, 13.749975474541365, -8.376191572399344, 162.655505238063, 6.952450128411578, 13.749975474541365, 6.952450128411578, 144.24774950720735, 6.250475042997261, 4.387272291161706, 37.0, 0.0
25, 0 ,1.0,1.0,1.0,124.0179765533694,169.09155752617565,274.3669168765136,13.081457746681862,11.55726963930906,13.181931120883458,68.0,57.0,61.0,-0.7366038834847682,0.30534629530101676,0.6034719204578631,13.310616807046063,0.6056673799862154,-0.09925233847512578,0.7895036403512345,13.140676919550929,0.300968011017434,0.9470547044670454,-0.11182863269774182,11.340565095337972,76.09919302486452,71.23157918758591,61.05906408759222,20.9867667434386,6.165545233483528,82997.0,330980.7740111456, 0.0, 2.8421709430404007E-14,0.0,72.22100093189994, 182.13877612889087,182.13877612889087,0.0, 171.12453677822288, -13.572160485668828, -0.514951624513618, -13.572160485668828, 133.57048151569498, 5.495557654558271, -0.514951624513618, 5.495557654558271, 173.76330807571583, 5.68127182109779, 4.221312079980556, 30.0, 0.0
26, 0 ,1.0,1.0,1.0,276.7992199146399,207.78757989748615,287.14786906001757,13.782187809445041,12.87523435692856,7.647412862201598,59.0,63.0,35.0,0.9761134116817313,0.12394049747297534,-0.17844147674014066,13.946448074961783,0.13650805988215767,-0.9888252547507556,0.059917986901372414,12.888277688884918,0.16902117359153537,0.08284545040770377,0.9821244698226821,7.320667206764819,67.61411205507088,63.218278632897054,40.43580678365629,19.22431587813502,6.680491229192876,48969.0,172840.74435344545, 0.0, 0.0,0.0,NaN, 95.95094521384453,95.95094521384453,0.0, 189.94870081481548, 1.8597987615039797, -23.62349958957506, 1.8597987615039797, 165.7716597458336, -9.782778207390272, -23.62349958957506, -9.782778207390272, 58.482923484966435, 5.608533618375624, 4.340206600179052, 16.0, 0.0
27, 0 ,1.0,1.0,1.0,12.970049740713304,249.9976540727414,81.1738984725015,8.243172412681794,11.863651573862871,13.741996285111618,33.0,58.0,60.0,-0.0641958221738829,0.04533669470854426,0.9969069568060617,13.76216255387902,-0.10882795520936588,0.9926915655502014,-0.0521529658834335,11.899010637926636,-0.9919855707520987,-0.11183934816688879,-0.058792751434491974,8.158125377214889,59.02496085367636,58.31321176481043,36.189720114175074,19.044858716668337,5.901858898124985,56694.0,124562.66580921157, 0.0, 0.0,0.0,NaN, 96.21672714102156,96.21672714102156,0.0, 67.9498914251982, -8.46336443688018, -7.435702550423144, -8.46336443688018, 140.746228666019, 1.6675155836040065, -7.435702550423144, 1.6675155836040065, 188.8424619000215, 7.816223472466661, 4.969827949554043, 25.0, 0.0
28, 0 ,1.0,1.0,1.0,60.391395134268926,44.175156606613896,34.212475112902446,11.91586559683395,12.094792866220136,14.7313835303053,62.0,60.0,68.0,-0.35867748125682913,-0.364835022629791,0.8592123548355072,15.579262767089011,-0.5477466441434924,-0.6630707581045097,-0.5102066087147977,12.028227900817107,-0.7558598271298721,0.6536303053021884,-0.03799139010049865,10.857892673789406,81.20784768918358,59.93894978337102,56.50802162758919,21.482649023752852,6.616745350826901,82372.0,275053.5357905664, 0.0, 7.105427357601002E-15,0.0,68.6025699303243, 82.27428833379984,82.27428833379984,NaN, 141.9878529218109, 26.061622286732693, -30.98163450735719, 26.061622286732693, 146.2840144767695, -30.066036892742936, -30.98163450735719, -30.066036892742936, 217.01366071695023, 6.247062057973789, 4.3335553155042446, 26.0, 0.0
29, 0 ,1.0,1.0,1.0,135.47094243729975,142.82098663131146,174.9094713291349,12.36173272476666,11.385650902289193,11.882812913758242,58.0,53.0,55.0,-0.8729993776072248,0.4381561760078817,0.21422243608816716,12.65117538104995,-0.30461946528698697,-0.14681967072880525,-0.941090306854425,11.90454556330412,-0.3808924626002313,-0.8868275760897586,0.26164438121445655,11.039759126895715,65.39885622564793,54.385829146812,58.500307527282786,19.82153190480801,5.545592675039818,72408.0,208072.19853760075, 0.0, 0.0,0.0,NaN, 233.23346850387478,233.23346850387478,0.0, 152.81243595856697, -13.715275164729206, -1.4513447730015647, -13.715275164729206, 129.6330464687987, 6.324875253677052, -1.4513447730015647, 6.324875253677052, 141.20124274337962, 5.61259728975231, 4.1043596234109625, 31.0, 0.0
30, 0 ,1.0,1.0,1.0,238.97537363023963,95.2094283815654,185.27552868516034,13.196267303925458,11.385118420037287,11.91788177085619,67.0,56.0,59.0,0.8999598689118132,-0.3810206776458611,0.21188552936555377,13.617689470883423,0.2353861325893986,0.015570139689808575,-0.9717772066346514,11.841526451787995,-0.3669681225022662,-0.9244354028034238,-0.1036994846218298,10.960615076957437,74.71587822188096,59.92501025303039,56.04992022114041,20.299715745131348,5.806878573374638,76747.0,250955.09732714866, 0.0, 1.4210854715202004E-14,-2.8421709430404007E-14,68.29521710106606, 161.09172726984696,161.09172726984696,0.0, 174.14147075665207, -22.320158186754448, 7.858492829881035, -22.320158186754448, 129.62092143827232, -5.5762905723558065, 7.858492829881035, -5.5762905723558065, 142.0359059041063, 5.840447630947749, 4.277045716092432, 30.0, 0.0
31, 0 ,1.0,1.0,1.0,275.61119845453516,65.1021815304623,239.646392716586,14.43269340638115,13.192106304185334,12.681462194922434,58.0,71.0,63.0,0.9373431441619695,-0.30151020774716875,0.1745835751633377,14.638272433571963,0.2586292985355076,0.9379020695558355,0.23119384477514132,13.05345001666772,-0.23344960062417047,-0.17155553779211022,0.9571154483244302,12.588971917025471,65.48391994540987,68.47441232050139,68.8915410168229,22.337204796859133,6.648539160447311,97317.0,308907.8053495326, 0.0, 0.0,0.0,NaN, 92.06337813142584,92.06337813142584,0.0, 208.3026389625979, -12.880131502531897, 9.843013668911434, -12.880131502531897, 174.03166874092642, -0.35446765902908567, 9.843013668911434, -0.35446765902908567, 160.81948340124688, 5.474340575240987, 4.1052048105027685, 30.0, 0.0
32, 0 ,1.0,1.0,1.0,131.47065542629403,276.29385545609176,58.83069912965745,12.90650639715914,12.204229218588623,12.301161241409819,64.0,53.0,67.0,0.7633561233778171,0.20179625428238668,-0.6136494933259451,13.311510712259974,-0.5288980204842499,0.7406525119900558,-0.41436788052485735,12.85130581270212,-0.37088315252843845,-0.6408682612209926,-0.6721112697538618,11.157388025551585,68.37720550711484,68.30040094710195,61.29687087982742,20.74652523905718,6.035012559395564,80543.0,286268.0672365463, 0.0, 0.0,7.105427357601002E-15,52.146144517697884, 145.97111251011376,145.97111251011376,0.0, 166.5779073799098, -7.811733764939465, -15.777747819264862, -7.811733764939465, 148.94321081985225, -19.008417702354215, -15.777747819264862, -19.008417702354215, 151.31856788716314, 6.209902727870917, 4.290455911113742, 23.0, 0.0
33, 0 ,1.0,1.0,1.0,36.086850611327115,176.41825549257507,209.14279524054902,12.21175549869447,13.156432930247497,12.810942583988076,66.0,63.0,66.0,0.248562781214441,0.8212077533623751,0.5136480990059854,13.53993945618245,-0.35655123513002285,-0.4154837736634693,0.8368061009275792,12.564054848385412,-0.9006041086527404,0.3911407159065436,-0.18952883642844268,12.047967255429901,59.956802848466964,63.73107622652178,73.74526992306193,21.180062357210538,6.143607103563103,85388.0,281788.9043300437, 0.0, 0.0,0.0,NaN, 157.57455384434218,157.57455384434218,0.0, 149.12697235989464, 9.674324463239131, 1.084321339018296, 9.674324463239131, 173.09172744810076, 11.68706622451675, 1.084321339018296, 11.68706622451675, 164.12024989023908, 5.576954265578171, 4.216829984098767, 41.0, 0.0
34, 0 ,1.0,1.0,1.0,200.4953332940761,175.44024555411613,193.51280767871864,12.564406279495042,10.702910009085116,11.7568997483595,64.0,53.0,56.0,0.9154210032806805,0.2680094582259671,0.30029205293183364,12.818117098121407,-0.29993789119117514,-0.04328837273173146,0.9529760638200883,11.6484160224805,-0.2684057528824268,0.9624432695425023,-0.04075910612311629,10.519104417098994,64.97217378482321,56.820093417666584,51.50554568539438,19.490107893430675,5.547699866993273,67928.0,190144.3098214538, 2.8421709430404007E-14, 0.0,0.0,23.734413993198807, 191.71810882737566,191.71810882737566,0.0, 157.86430515621444, 13.488238397136044, 7.593180426836632, 13.488238397136044, 114.55228266257434, 3.2852945231409096, 7.593180426836632, 3.2852945231409096, 138.22469169297568, 5.919688741071385, 4.199172541347748, 33.0, 0.0
35, 0 ,1.0,1.0,1.0,163.19720453916412,9.59567303256758,223.89567764553925,14.308337581208757,6.541122567406649,12.212458219356902,73.0,27.0,66.0,0.9366314164756309,-0.024534712033312804,0.34945620265820965,14.616131224927733,0.3502130172315137,0.0898131312522489,-0.9323542481354745,11.880465047621529,0.008510712805214317,-0.9956563912114003,-0.0927141758709985,6.4716460662756505,73.01717857531372,63.04412459267459,28.957380948076988,18.725693533966894,6.782871531376373,43356.0,133299.630545117, 0.0, 0.0,-2.8421709430404007E-14,69.54594234571586, 156.84052304133303,156.84052304133303,0.0, 204.7285243378309, -0.8245918541482835, 23.80378623790566, -0.8245918541482835, 42.78628444183656, -9.784615067665218, 23.80378623790566, -9.784615067665218, 149.14413575953796, 6.495168250178194, 4.290570643056345, 17.0, 0.0
36, 0 ,1.0,1.0,1.0,103.99787914046276,229.4338925136604,156.87629792185223,12.084412112581134,10.930320169241691,11.969481216179577,59.0,52.0,59.0,-0.8280065278699439,0.5432974137119221,0.13868348877460912,12.85503023153323,-0.16738780283972882,-0.0034460075062815454,-0.9858851091748748,11.967556187607562,-0.5351509256884905,-0.8395332306026987,0.09379467708003547,10.01494844400748,58.50522892289841,59.47186378897263,54.021112501936216,19.45704254025078,5.495169813590202,67897.0,187961.86945008428, 0.0, 0.0,0.0,NaN, 190.47185746992213,190.47185746992213,0.0, 146.03301610669763, -29.19441977521883, -0.3751537343219093, -29.19441977521883, 119.47189900213172, 5.039769993110535, -0.3751537343219093, 5.039769993110535, 143.26848058447575, 5.9462532989037395, 4.144229999902222, 23.0, 0.0
37, 0 ,1.0,1.0,1.0,51.94990763881343,20.3288194067152,165.5668667825709,12.450500306639725,11.469994617542298,12.28417327080945,61.0,49.0,59.0,0.6241907092465928,0.22785281542114413,-0.7473078702883393,12.77898623887676,-0.7242686438949061,0.5274260526271359,-0.44413589190786096,12.436601178147372,-0.2929520267225836,-0.8184771551575616,-0.49424109149717116,10.931839241484317,69.80156043017774,61.350416491820596,58.20459676648899,20.095277980545944,5.801417951150157,73624.0,249252.7345877744, 0.0, 0.0,0.0,NaN, 145.54834629361864,145.54834629361864,0.0, 155.01495788563588, -7.203538438933553, -9.118526503665606, -7.203538438933553, 131.5607765264493, -15.694763636032585, -9.118526503665606, -15.694763636032585, 150.90091294726935, 5.560587610011935, 4.063739133061504, 24.0, 0.0
38, 0 ,1.0,1.0,1.0,186.87606981405352,65.69634105306278,62.915307301800944,11.679165061890068,10.92485418126657,12.60212373586268,57.0,57.0,61.0,-0.5199302357217955,-0.12024272919327592,0.8457033972134859,13.043185827079393,0.6410974669478362,0.5993432155783684,0.47935555469113916,11.64293468782805,0.5645056136614999,-0.7914097522878616,0.23452935024921606,10.43485665517502,66.76738437187193,56.68797296052804,54.27207429658064,19.575812066236562,5.599682136176845,68353.0,205414.79081020068, 0.0, 0.0,0.0,NaN, 145.1598040139049,145.1598040139049,0.0, 136.4028965428736, 14.076758958063188, -18.7303912314962, 14.076758958063188, 119.35243888193764, 1.4354178800662483, -18.7303912314962, 1.4354178800662483, 158.81352265399354, 5.3724374314667775, 3.938653667649123, 34.0, 0.0
39, 0 ,1.0,1.0,1.0,92.09213335523074,158.68013357420486,106.49245907921389,11.26196118952207,11.558245444021498,13.156909614732104,57.0,56.0,61.0,-0.0964646701812657,0.20360370197861624,0.9742895359940096,13.202474270087688,0.6570134871324904,-0.7222753742362795,0.21598972544509562,12.438080950100417,-0.7476816469145305,-0.660956743147724,0.06409632247430208,10.2233993179958,62.20108543630721,57.69605383044885,53.39028656470657,20.029062315789453,5.689089640624077,73068.0,191604.77391208117, 0.0, 0.0,0.0,NaN, 199.48160194178365,199.48160194178365,0.0, 126.83176983430137, -25.18709502410834, 0.5631434482773904, -25.18709502410834, 133.59303774424373, 6.01413414352911, 0.5631434482773904, 6.01413414352911, 173.1042706102301, 6.2181745297061095, 4.295789436393246, 28.0, 0.0
40, 0 ,1.0,1.0,1.0,84.07212820479467,207.93202128074716,190.71195546132134,13.81813827056921,12.347556458262954,10.372526791504415,65.0,60.0,52.0,-0.97352903397602,0.22854916272562212,0.002549553516690504,13.899648425364111,0.22119817678026107,0.9449083922564836,-0.24128716673780048,12.36977798314075,-0.057555074448789774,-0.23433610575556602,-0.9704504124088517,10.236248047703645,65.38222163627232,59.22784114000211,54.80868315893903,20.41623575237282,5.845487618539002,76877.0,212243.76651770136, 0.0, -2.8421709430404007E-14,2.8421709430404007E-14,82.1783857200851, 165.79659865455756,165.79659865455756,0.0, 190.94094526456948, -9.592479649332553, -2.79364170080808, -9.592479649332553, 152.4621504899912, -10.944786096740744, -2.79364170080808, -10.944786096740744, 107.58931204047687, 5.657722760372133, 4.104268324199231, 21.0, 0.0
41, 0 ,1.0,1.0,1.0,288.03079546594444,76.7939612799679,283.9732504096031,8.04671849779782,11.644048104847588,8.845800664612526,37.0,61.0,36.0,0.19365385889520148,-0.9639750679117594,-0.1823465145801156,11.811887852161053,0.5060259388936326,0.2573775561971266,-0.8232220494695296,9.272202457386026,0.8404974313475413,0.06714806036300677,0.5376385457606909,7.286102607435636,60.84221283594385,49.90321885715022,38.38500098937163,15.813388933272357,5.340267286748943,29907.0,116545.39456557675, 0.0, 0.0,0.0,NaN, 79.35635480968462,79.35635480968462,NaN, 64.7496785828016, -11.852049297450431, -16.751709085740476, -11.852049297450431, 135.58385626800472, 8.2251034548424, -16.751709085740476, 8.2251034548424, 78.24818939805941, 6.584146492686192, 4.413500587851445, 9.0, 0.0
42, 0 ,1.0,1.0,1.0,120.9623042721825,235.91700898898125,76.41273197370964,11.899413101245255,12.321193061455816,13.071373749654654,61.0,61.0,65.0,-0.10914783210089828,-0.11741779212058556,0.9870662656788555,13.101667460020995,0.4169711975901577,-0.9068187414054582,-0.061763991257453445,12.415174118659461,0.9023423802126905,0.40483679715330767,0.14793713713178352,11.767684720679354,65.69564687855785,60.92379859835205,58.59523133898145,20.748797360996406,5.809995730395997,82768.0,234523.2156260619, 0.0, 0.0,0.0,NaN, 156.77185461504357,156.77185461504357,0.0, 141.59603215408723, -5.49544427743051, -3.9774342287120077, -5.49544427743051, 151.81179845766695, -2.9679942015342005, -3.9774342287120077, -2.9679942015342005, 170.86081170316078, 6.161843647878986, 4.311919796237908, 36.0, 0.0
43, 0 ,1.0,1.0,1.0,24.60494558377138,11.693344191900495,265.11990079218185,13.073569780986373,7.512460129887012,14.460189643435472,50.0,33.0,79.0,-0.2762902131361156,0.09386162022052924,0.9564798557077807,14.661281723866706,-0.9545954072106665,-0.1421656906724065,-0.2617948145551023,12.993847950206419,-0.1114061338414655,0.9853826224595273,-0.12887886055239117,7.256659162859251,81.9146037921193,64.4010650895901,35.43599192731253,19.696050145833752,6.965484706634909,54028.0,186938.5970351361, 0.0, 0.0,0.0,NaN, 44.25786897623789,44.25786897623789,0.0, 170.9182268183201, 11.558224225067107, -13.854239236908098, 11.558224225067107, 56.43705720314198, 18.894286598150348, -13.854239236908098, 18.894286598150348, 209.0970845241185, 5.819952734459547, 4.193419956312441, 22.0, 0.0
44, 0 ,1.0,1.0,1.0,23.571912763332815,188.0587326490772,122.05820568403655,12.608071428739864,12.650647230473151,12.302380455144382,53.0,61.0,58.0,-0.5828752613931638,-0.5620176626224611,0.5868497052535998,13.787553252725731,0.656116723905547,-0.7515800877539627,-0.06810445141984509,12.222572204328332,0.47934045757405397,0.34534550611254766,0.8068266276843903,11.439537113818714,72.0470125535293,64.18059900902078,59.035404808257596,20.868539028418745,5.903810988213716,83497.0,272980.91748369875, 0.0, 2.8421709430404007E-14,1.4210854715202004E-14,77.94366968770521, 167.28624564577783,167.28624564577783,0.0, 158.96346515220645, 10.267378945454471, -21.089386397472804, 10.267378945454471, 160.03887534987803, -18.58803838071467, -21.089386397472804, -18.58803838071467, 151.3485648631185, 5.967772484458515, 4.291229224563543, 22.0, 0.0
45, 0 ,1.0,1.0,1.0,216.73759162586893,135.87496957074464,206.12793811365665,12.598024664654528,12.609510074098893,11.27145063100283,69.0,58.0,59.0,0.5948066183984516,0.6881951173327661,0.41544261599977855,14.126251028756341,-0.8038617718088676,0.511376517479479,0.30380965948249344,11.676923875381553,-0.0033672739281489297,-0.5146664335760602,0.8573838834596744,10.433314419123198,65.14491215296766,59.03666889613193,53.99852256689442,20.245368555289247,5.905981810644906,73942.0,207675.00277126403, 0.0, 0.0,0.0,NaN, 184.95026360323155,184.95026360323155,0.0, 158.71022545124382, 25.82299687026552, 15.696713413476163, 25.82299687026552, 158.99974430880147, 30.202642447603804, 15.696713413476163, 30.202642447603804, 127.0455993271341, 5.733667671749372, 3.88530715124565, 29.0, 0.0
46, 0 ,1.0,1.0,1.0,125.56476992177043,91.81345370177579,213.15512061631816,12.69953765869255,10.319075309113515,12.181204775545927,62.0,51.0,65.0,0.7518017943668723,0.12672136311514418,0.6470979509448244,13.608284451841245,-0.6156467011029453,0.48637550282341846,0.6200145237607965,11.631014369954327,0.23616350566463762,0.864511750286545,-0.4436735649198434,9.781483566779682,67.13998189815345,58.04729996105435,52.74442437004288,19.599149322568717,5.658327278913436,67238.0,205560.5638968977, 0.0, 0.0,0.0,NaN, 178.15233594124305,178.15233594124305,0.0, 161.27825674455025, -3.331197996240723, 28.427800495492512, -3.331197996240723, 106.48331523515617, 19.282454533010554, 28.427800495492512, 19.282454533010554, 148.3817497837829, 6.182472892419169, 4.207842566267357, 37.0, 0.0
47, 0 ,1.0,1.0,1.0,107.58488687782805,211.0307088989442,279.5241025641026,11.814235384366963,12.1560724614283,11.311460894738797,61.0,58.0,46.0,0.4971994741530358,0.8416233725002638,0.2108619969630066,12.255161585074143,-0.7169604545148739,0.5354053213501058,-0.4464401959185745,11.925946907993673,-0.48863113855317275,0.07079011746898235,0.86961391991214,11.085044332314059,60.496762843097144,65.17135186517339,55.92801648440357,19.53845732290778,5.791725858397338,66300.0,220504.9195787173, 0.0, 0.0,0.0,NaN, 141.1003367088288,141.1003367088288,0.0, 139.5761577172284, 4.000545555305325, 9.05682278686624, 4.000545555305325, 147.77009768749548, 0.22158261205861707, 9.05682278686624, 0.22158261205861707, 127.94914757320502, 5.313695293554803, 3.9894215379154936, 26.0, 0.0
48, 0 ,1.0,1.0,1.0,279.6409248210764,233.50753525756318,46.24120266431823,11.10340028910108,12.31256247316706,14.334756380319275,48.0,62.0,68.0,0.23904596166693715,-0.007586923918801296,0.970978612944785,14.517827866966392,0.17047177514316503,-0.9841104847485479,-0.04965810797358053,12.358149674968866,0.9559269857527122,0.17739501794985044,-0.2339542808249182,10.811047301485496,71.37659992394362,60.08316457933316,55.241032970844,20.989431612262724,6.3098093246061735,80621.0,236902.9376274961, 0.0, 0.0,0.0,NaN, 83.51041033013679,83.51041033013679,0.0, 123.28549798000995, -6.183765542833781, 21.488899615848982, -6.183765542833781, 151.59919465564178, 1.0600646156884126, 21.488899615848982, 1.0600646156884126, 205.48524048310415, 5.7617856119581194, 4.07397595157415, 20.0, 0.0
49, 0 ,1.0,1.0,1.0,224.7864007930237,232.51977530995447,166.70632263996438,14.002985940651115,10.54385090706058,11.202433403681189,72.0,54.0,59.0,-0.9950129462599532,0.09044453925377412,0.04205974434372843,14.031396058266374,-0.06598519238722403,-0.280637226016746,-0.9575430547809569,11.261223937398714,0.07480101042571739,0.9555430564306344,-0.28520567341217695,10.442972826553383,72.56213706533282,54.99407726363819,54.68978318094389,19.933681014991855,5.949729620818514,69607.0,218238.91104703923, 0.0, 2.8421709430404007E-14,0.0,84.81081838412081, 167.26586816815907,167.26586816815907,0.0, 196.08361525407278, -7.574755135138679, -2.5533408276324034, -7.574755135138679, 111.17279195032222, 5.10645835743646, -2.5533408276324034, 5.10645835743646, 125.49451416391213, 5.514620437427964, 3.9649931724206007, 34.0, 0.0
