// Sample: .//bubblelabels.tif, Map: .//bubblelabels.tif, Thickness:(8.191250068658265):/gpfs/home/mader/Foam/NewValid/InSilicoTest/LatticeData_OldFoam/out_Step_03500.vtk/distmap.tif, Neighbors:(1.0):
//LACUNA_NUMBER, TRIANGLES, SCALE_X, SCALE_Y, SCALE_Z, POS_X, POS_Y, POS_Z , STD_X, STD_Y, STD_Z,PROJ_X, PROJ_Y, PROJ_Z, PCA1_X, PCA1_Y, PCA1_Z, PCA1_S, PCA2_X, PCA2_Y, PCA2_Z, PCA2_S, PCA3_X, PCA3_Y, PCA3_Z, PCA3_S,PROJ_PCA1, PROJ_PCA2, PROJ_PCA3,OBJ_RADIUS, OBJ_RADIUS_STD, VOLUME, VOLUME_BOX, Mask_Grad_X,Mask_Grad_Y,Mask_Grad_Z,Mask_Angle, Mask_Distance_Mean,Mask_Distance_COV, Mask_Distance_STD, SHAPET_XX, SHAPET_XY, SHAPET_XZ, SHAPET_YX, SHAPET_YY, SHAPET_YZ, SHAPET_ZX, SHAPET_ZY, SHAPET_ZZ, Thickness, Thickness_STD, Neighbors, Neighbors_STD
1, 0 ,1.0,1.0,1.0,79.22132550152308,138.2050328280683,39.68632507676064,15.396253851616047,15.47772676735352,16.060579734227794,84.0,80.0,80.0,0.08200450128734285,-0.4721390972667395,0.877701506550355,16.295516096977924,0.9884692293948799,-0.07395264175001295,-0.13213473925386193,15.392561539770197,0.1272943215862594,0.8784165752138008,0.4606305201368569,15.23391231185419,90.07963614876121,82.44933296703559,88.48804171805924,26.08944448806425,7.340828716972224,164798.0,657201.2091918087, 0.0, 0.0,0.0,NaN, 164.16958887480968,164.16958887480968,NaN, 237.04463266340196, -1.6511266360694532, 1.77452383615229, -1.6511266360694532, 239.56002588485163, -13.823124297738431, 1.77452383615229, -13.823124297738431, 257.94222139948846, 7.069246970521002, 5.520968775690713, 53.0, 0.0
2, 0 ,1.0,1.0,1.0,58.65502863115797,262.44447600436285,12.994853208507545,14.57995410632356,18.16125601217969,8.127753870631095,83.0,79.0,33.0,-0.34036614183205194,-0.9402668970184016,-0.007003703716622707,18.643867368717792,-0.936836980784713,0.33846771441447454,0.08818207149543023,13.994412223785561,-0.08054415514826158,0.0365755200978492,-0.9960797510244973,8.064074696604308,87.54153728410446,73.30002024749835,37.000172986562475,23.343426805710173,7.971893729248292,88016.0,237422.5788701745, 0.0, 0.0,0.0,NaN, 70.84981281710981,70.84981281710981,0.0, 212.57506174250125, 48.95075469142502, -10.133274314102925, 48.95075469142502, 329.83121993993296, 5.765171646404946, -10.133274314102925, 5.765171646404946, 66.06038298155875, 7.794061655563317, 5.534108791878057, 23.0, 0.0
3, 0 ,1.0,1.0,1.0,77.84791675624543,14.787709076837082,258.3288687276949,15.333617215018707,9.179427169462617,16.485460201455215,73.0,39.0,82.0,-0.5747001057626592,0.1049328104150069,0.8116088304933582,17.52689766613571,0.804900090272085,-0.10668043473112059,0.5837423485798923,14.268784020231976,-0.1478365080633931,-0.988740810396732,0.023151171452761198,8.964472036585832,94.83691543783988,88.76399450845747,40.580663108866815,23.06755166217165,7.683759393875735,93028.0,341612.2197598238, 0.0, 0.0,0.0,NaN, 89.52908837099913,89.52908837099913,0.0, 235.11981689671805, -24.260937480983014, -47.89770999312605, -24.260937480983014, 84.26188315946845, 11.643460339932773, -47.89770999312605, 11.643460339932773, 271.7703980537638, 7.0504749767790145, 5.260925202598038, 34.0, 0.0
4, 0 ,1.0,1.0,1.0,153.96686127328329,176.52375868779538,14.237731442869057,15.766296138577925,15.366104572978672,8.873461776873196,78.0,67.0,38.0,-0.7502632672734663,-0.659939318729991,0.03981363302109127,17.171700011182157,0.6545930168989724,-0.7499397529099808,-0.09538526737614106,13.827747442398138,0.09280631447937447,-0.045502336198392106,0.9946439188942161,8.795323017257585,81.72426467625377,68.28929833740958,40.990179378146976,22.61994151466047,7.195125673399672,89925.0,228761.7925304375, 0.0, 0.0,0.0,NaN, 191.76749665051565,191.76749665051565,3.814697265625E-6, 248.5760939293372, 51.80610287339, -13.60572210509034, 51.80610287339, 236.11716974771605, 2.4290029110071107, -13.60572210509034, 2.4290029110071107, 78.7383239056296, 8.106155166542791, 5.552732364210596, 23.0, 0.0
5, 0 ,1.0,1.0,1.0,16.984447028531086,163.81982225175463,12.961231778728353,10.313223775058042,14.09382483403843,8.134356298610768,41.0,73.0,35.0,-0.10480205555477576,0.9910017573664676,0.08325890972181804,14.165929692883058,0.9922021417378046,0.09851416215927758,0.07635358396937682,10.27139953049499,0.06746435416134074,0.09061168109370732,-0.9935985528204866,8.061701005431216,73.34223520441395,46.95819985247275,38.37331401226143,18.292078583422743,6.046990704279038,48158.0,132158.43553503306, 0.0, 0.0,0.0,NaN, 137.84594945674172,137.84594945674172,0.0, 106.36258463442243, -10.132105841883678, 1.8850858134114425, -10.132105841883678, 198.63589845255834, 11.499846508244318, 1.8850858134114425, 11.499846508244318, 66.1677523927487, 7.595348040423964, 5.231537774789644, 17.0, 0.0
6, 0 ,1.0,1.0,1.0,280.4434535754491,206.12238265381038,209.12461455631149,12.774325768923156,14.22139492918039,15.066816956288006,51.0,77.0,76.0,0.4283056719276722,0.11294065413242338,-0.8965481916989883,15.662162426751195,-0.0782538806494228,-0.9837955324505198,-0.1613154688605676,14.242250799419727,0.9002391801948478,-0.1392507054723213,0.41252716209671536,12.012302279790957,84.26211169679354,73.89346453722646,61.43786063760962,23.217197453598803,7.307680081770243,102155.0,382537.88506451715, 0.0, 0.0,0.0,NaN, 132.11283520609257,132.11283520609257,0.0, 163.18339885057415, 9.393303738434152, -38.04764489271618, 9.393303738434152, 202.2480737317177, -0.9363509488814891, -38.04764489271618, -0.9363509488814891, 227.0089731942878, 7.013822012997066, 5.027866098288512, 32.0, 0.0
7, 0 ,1.0,1.0,1.0,189.89160571775918,113.90029216259143,234.30823153395164,13.23315571038388,13.128917607017254,13.515448620265502,64.0,69.0,68.0,0.6352540872999524,-0.26495907602658847,0.7254301707261982,14.097669761720304,0.1540110265370218,-0.8769797882788001,-0.45517804720294275,13.147079923424586,0.7567911523489933,0.40087796020934835,-0.5162983756943988,12.592149767641464,67.46127064211507,67.86644196490658,63.378500805774735,22.18514580202097,6.162105544138401,101998.0,290169.36535135045, 0.0, 0.0,0.0,NaN, 171.50085565481587,171.50085565481587,2.6973983046972182E-6, 175.11641005526548, -8.692487792411663, 17.515890584515066, -8.692487792411663, 172.36847753184765, -2.0216600845086266, 17.515890584515066, -2.0216600845086266, 182.66735140703665, 6.469925103292409, 4.812137627159531, 35.0, 0.0
8, 0 ,1.0,1.0,1.0,121.77691353167278,186.56036439575072,114.61387367210436,12.52286988668695,12.662526353669204,14.728514609077509,63.0,67.0,78.0,-0.0016060923704996554,-0.20072158532363643,0.9796470107403298,14.812453730936792,-0.3318659609424315,-0.9240210949817076,-0.18986837545142288,12.570071811629525,-0.943325184883269,0.3254164427529316,0.06512859856448598,12.517008251391436,78.21414282854695,66.50443645822756,66.36223092565359,22.200814015210845,6.419878776741124,99123.0,345188.95031585544, 1.4210854715202004E-14, 0.0,-1.4210854715202004E-14,57.246213135984135, 202.0754998347164,202.0754998347164,0.0, 156.8222701988908, 0.42844080468950846, -0.014824122441513862, 0.42844080468950846, 160.3395736573671, -12.102091473391967, -0.014824122441513862, -12.102091473391967, 216.9291425898096, 6.297403670005643, 4.666402153207024, 35.0, 0.0
9, 0 ,1.0,1.0,1.0,260.1686224466206,141.07100914546749,126.24847190242369,14.358636624397292,13.308226141733961,13.463903575636518,74.0,68.0,65.0,-0.8982510376223071,-0.2769887441432072,0.3412071350784118,14.571027691473164,-0.4383711747506758,0.5095167041528758,-0.7404211243183867,13.436785579128443,-0.031237582463453747,0.8146594158341023,0.5790977893539909,13.103204705716102,78.95986473609605,70.30918300448509,66.80934710609472,22.82470564184107,6.60218453303788,108141.0,370899.01055425865, 0.0, 0.0,-1.4210854715202004E-14,70.04956367007333, 193.45863877536587,193.45863877536587,0.0, 206.17044571148327, 8.129258544236656, -9.576302097638107, 8.129258544236656, 177.10888303953118, -7.179044171392664, -9.576302097638107, -7.179044171392664, 181.27669949403784, 6.072256081838676, 4.615823433903133, 38.0, 0.0
10, 0 ,1.0,1.0,1.0,22.118429512940043,132.24790025719338,191.10025518405402,13.295361473965265,13.680155741772001,13.310326448345505,58.0,65.0,62.0,0.6405282287598084,0.5141551308362519,0.5704104571241487,14.087870844786993,-0.26144502752121085,0.8444164080735627,-0.4675547319411668,13.55910067631414,0.7220596137066915,-0.15035102663733296,-0.6752958485307338,12.600030631480275,76.41042587228029,74.25799677432302,63.31637039028922,22.31380406642423,6.570558278358502,99536.0,359262.477486706, 0.0, 0.0,0.0,NaN, 172.7364653671413,172.7364653671413,3.3036247397782844E-6, 176.7666367233998, 7.538114368351172, 17.574437308012822, 7.538114368351172, 187.14666111913746, 1.7401563588396078, 17.574437308012822, 1.7401563588396078, 177.16479016152584, 6.394341750975577, 4.644168293197032, 35.0, 0.0
11, 0 ,1.0,1.0,1.0,47.19196171724459,248.59305394471284,213.64976575556386,13.301514328051418,14.55195049380464,13.278537235464174,64.0,71.0,65.0,-0.052668525492470364,0.8613808495496025,0.5052217913467854,15.096174892560859,-0.8009375705100394,-0.33860380230830434,0.49380813400331375,14.045655594067133,-0.5964268895413125,0.37864296783588186,-0.7077460479158546,11.825149481218949,71.12951180896903,67.65004007032866,64.62504172248477,22.866199310254164,6.491997135769126,109501.0,310970.1639573783, 0.0, 2.8421709430404007E-14,2.8421709430404007E-14,19.721796164117425, 111.0230530454017,111.0230530454017,NaN, 176.93028341935718, 11.584369148063834, -25.063771802832424, 11.584369148063834, 211.75926317414107, 28.717511363673683, -25.063771802832424, 28.717511363673683, 176.31955111360855, 6.983230375004207, 4.915543985160056, 42.0, 0.0
12, 0 ,1.0,1.0,1.0,264.3123056463789,281.59885412604615,25.310495845456998,15.769301210254573,11.120224447093651,14.126511965369591,74.0,51.0,63.0,-0.946875767626929,-0.1487451263724503,0.28513359686532525,15.98551405098095,-0.3047992969540301,0.1322534537643133,-0.9431894892033836,14.038078484047976,-0.1025849367950436,0.9799917914696298,0.17056500049805798,10.921734556507303,84.250881456564,71.60083164324422,54.61944125149074,22.841346764133082,7.0824763128284225,100011.0,329488.12962209695, 0.0, 0.0,0.0,NaN, 47.464037941318324,47.464037941318324,0.0, 248.67086065973635, 16.054707884403303, -14.424813542880294, 16.054707884403303, 123.65939175373931, -15.481469210148589, -14.424813542880294, -15.481469210148589, 199.55834030773022, 6.3237139218549245, 4.723721757053807, 23.0, 0.0
13, 0 ,1.0,1.0,1.0,135.5915546877991,21.220703648405497,249.46728685731787,15.046500027773273,12.696477974012481,13.575894787601577,73.0,55.0,69.0,0.9123882650949544,0.1801097453463204,0.3675705828113867,15.449154293538152,0.27415072433593696,0.39794027893436856,-0.87549124195946,13.361179212235047,0.30395564489428356,-0.8995576768795428,-0.31369882356167605,12.438052781178518,80.23060768368703,72.14390316700491,62.59448085216602,22.887505568249463,6.932872721886212,104484.0,362306.19375321903, 0.0, 0.0,0.0,NaN, 146.2495916696811,146.2495916696811,0.0, 226.39716308578113, 16.39720673883124, 22.444957447290882, 16.39720673883124, 161.20055294458408, -2.738166943548379, 22.444957447290882, -2.738166943548379, 184.30491928402765, 6.866220256409877, 4.686532360354079, 31.0, 0.0
14, 0 ,1.0,1.0,1.0,144.40899822641555,151.82448753061544,58.65674505025156,12.2730785302213,11.70338702103844,13.430576920683457,61.0,59.0,67.0,0.3601603853055268,0.11785835806466734,0.9254155306082102,13.595739745300735,-0.7415196688055579,-0.5657600913991467,0.360644006957727,12.513800713488628,-0.5660680856849911,0.8161035022681438,0.1163700818707277,11.248945429538114,69.71468895636302,65.54018570777811,60.19775392622987,20.815255863526357,5.890945945400992,82883.0,275050.37981140707, 0.0, 0.0,0.0,NaN, 215.059422030777,215.059422030777,NaN, 150.628456608979, 15.084283836246899, 11.395231827292932, 15.084283836246899, 136.969267764211, 0.2265925490873564, 11.395231827292932, 0.2265925490873564, 180.38039642239514, 5.7323683007544615, 4.496197346297595, 31.0, 0.0
15, 0 ,1.0,1.0,1.0,34.179047814487994,11.015459333743758,72.12081879745537,15.171308625171157,7.5225588460637205,13.323579664393051,75.0,31.0,63.0,0.9772396936088508,-0.005389963611810676,0.21206963367616588,15.257360071704952,0.2117084879866719,-0.03881136452601319,-0.9765619253780203,13.231902204724662,0.013494345099970597,0.9992320182399542,-0.036786904931382945,7.51032620816555,77.9746788523749,65.70110802866608,32.23451399259656,20.35577470512411,7.065246508111795,58476.0,165138.1500916789, 0.0, 0.0,0.0,NaN, 80.56649525611631,80.56649525611631,0.0, 230.16860540019275, -1.9041976062709174, 12.017614528877385, -1.9041976062709174, 56.58889159249153, 4.296493942935611, 12.017614528877385, 4.296493942935611, 177.51777507342806, 6.279918860751893, 4.536244613157984, 25.0, 0.0
16, 0 ,1.0,1.0,1.0,218.7703753868149,29.621659753379046,269.61422914491567,12.588610155952292,13.92811735854239,14.454279379115876,68.0,64.0,65.0,-0.2869517923890729,-0.5465805411118454,0.786707303209129,15.090640022096892,-0.05717588522585775,-0.8100083619981421,-0.5836243412005073,13.472564040388818,-0.9562372022638199,0.21245273726400682,-0.20118212504020586,12.335086261657004,76.88932575188709,75.27223465284564,61.60404750486708,22.75373054934252,6.607533372572108,106317.0,356541.5178763203, 0.0, -3.552713678800501E-15,0.0,56.867261410574756, 91.64600215940473,91.64600215940473,0.0, 158.4731056585452, 13.212596099968435, -16.08082267074021, 13.212596099968435, 193.99245315332988, -18.618736861229614, -16.08082267074021, -18.618736861229614, 208.92619236953442, 6.212473024446938, 4.627990299163387, 35.0, 0.0
17, 0 ,1.0,1.0,1.0,161.97694545997166,256.05878037255343,281.8674923524584,14.978735645441137,13.172046618555704,10.195389024169927,72.0,67.0,43.0,-0.9243992183933973,0.3783429156770005,-0.048401685824999145,15.310174296900886,-0.38093348177947917,-0.9092923409945604,0.1675622901132433,12.867145224548487,0.01938472318706321,0.17333227271820323,0.984672613481914,10.091899116641668,75.25863078489564,63.536845328846766,46.77002257764735,21.39958793339128,6.623362234744278,80418.0,223640.02912367522, 0.0, 0.0,0.0,NaN, 145.97938964283722,145.97938964283722,0.0, 224.3625215360089, -24.289487691677138, 1.8637783931639544, -24.289487691677138, 173.5028121214048, -12.135524837102164, 1.8637783931639544, -12.135524837102164, 103.9459573541646, 6.575505586233135, 4.85689325162342, 30.0, 0.0
18, 0 ,1.0,1.0,1.0,40.691502088685795,85.52460334581968,38.12964560983742,12.41403579365788,12.429611885529463,15.732140188399832,58.0,60.0,78.0,0.09325944138372388,-0.008635566657629535,0.9956043911018558,15.758701795100155,0.5734214150302538,0.8179331210303918,-0.0466185618202006,12.476856204618485,-0.8139352292274226,0.5752484997894252,0.08123180480894616,12.332686171348062,79.58104850837245,61.58902533071765,63.28228201166096,22.604584866948596,6.71837139575482,101978.0,310166.66462999134, 0.0, 0.0,0.0,NaN, 102.09860916792701,102.09860916792701,NaN, 154.108284686219, 1.600080617971468, 8.840364106821935, 1.600080617971468, 154.49525162489527, -0.9638331878942682, 8.840364106821935, -0.9638331878942682, 247.50023490746509, 5.939760382499391, 4.4035106029455955, 34.0, 0.0
19, 0 ,1.0,1.0,1.0,190.73667740092452,281.81966446787516,59.876006336674806,14.164800612464585,10.296043495547755,12.744193488565623,67.0,44.0,68.0,0.9777365214586096,0.16141622569942532,-0.13407496666779323,14.281982058566896,-0.13706745360339606,0.007496953820263053,-0.9905333456507646,12.716336764779047,-0.1588830002508091,0.9868579420384522,0.029454956576651117,10.16780819501375,68.84077383086114,66.76301596691683,48.56831362032477,20.74132976907654,6.233922933232162,77012.0,223220.82820553202, 0.0, 0.0,0.0,NaN, 125.91320185063915,125.91320185063915,0.0, 200.64157639087708, 15.815547911287082, -5.268211025535924, 15.815547911287082, 106.00851166221123, -2.6100610813414957, -5.268211025535924, -2.6100610813414957, 162.41446767399842, 6.1360722220398936, 4.686177475650414, 34.0, 0.0
20, 0 ,1.0,1.0,1.0,281.0870748107529,105.39025077883815,169.02566994178096,10.76410503549993,12.09629080196168,12.91342483239192,45.0,63.0,68.0,0.1186655036360495,-0.44362409091069416,0.8883221061138032,13.144168888934471,0.32075656139910347,-0.8295509410956146,-0.4571219360813956,12.023228845972273,-0.9396987424521891,-0.3391797489400578,-0.04385625773744755,10.564825678603578,67.40981754455268,59.22102842914806,52.586357634756325,19.89821718361194,5.744884872349916,70939.0,209928.87933963074, 0.0, -1.4210854715202004E-14,0.0,63.66465794471539, 169.1717435999279,169.1717435999279,0.0, 115.86595721527496, -11.984769718503006, 1.6162116292817834, -11.984769718503006, 146.32025116562275, -11.607502878081934, 1.6162116292817834, -11.607502878081934, 166.7565409018363, 6.188408893764546, 4.627629558496306, 22.0, 0.0
21, 0 ,1.0,1.0,1.0,277.8876699730671,207.33646456020494,11.38912610304583,12.864743517180704,12.160377963403713,7.179507893761476,49.0,66.0,28.0,-0.9203532204875973,0.3889681941218996,-0.040665630447052,13.01602518985338,0.39021452110033983,0.9202657770813377,-0.029043537238329857,12.009716825146027,-0.026126175773353515,0.04259863254178817,0.9987506092338715,7.160414904819955,64.34238935775198,61.48842249972404,30.524307422977078,18.159778075525114,5.928255377420544,45669.0,120763.68440460684, 0.0, 0.0,0.0,NaN, 95.94372378021,95.94372378021,0.0, 165.50162576284296, -8.911973916795787, 3.368241409021992, -8.911973916795787, 147.87479221283462, -4.353441321233263, 3.368241409021992, -4.353441321233263, 51.54533359658334, 6.464911039146424, 4.686872457845047, 14.0, 0.0
22, 0 ,1.0,1.0,1.0,52.01016163207348,188.87518720255594,49.2662325416283,14.439751564934427,10.96546913158532,13.569165291592206,73.0,55.0,74.0,-0.8208921300370025,0.06325370773875522,0.5675694488788254,15.145868291691688,0.5650752456994043,0.23374862092347914,0.7912341934687415,12.898559596831431,0.08262007952714308,-0.9702373682113422,0.227625507764962,10.821276230696796,77.63402201713455,65.80061750633372,57.857767780367396,21.704962767390228,6.462567331144888,90143.0,295558.6877986695, 0.0, 0.0,0.0,NaN, 132.21551573513295,132.21551573513295,0.0, 208.50642525702622, 0.6772497977930535, -30.290592381085332, 0.6772497977930535, 120.24151327575049, 13.144574535192804, -30.290592381085332, 13.144574535192804, 184.1222467105506, 5.95170651498425, 4.287622123590251, 32.0, 0.0
23, 0 ,1.0,1.0,1.0,91.06410843874212,268.3566031905031,39.31770761181147,11.31744453111457,14.712526694445268,13.571126172043357,61.0,61.0,66.0,-0.04898970208365039,-0.8535344532929048,0.5187282006327948,15.312924464137499,0.274883093676278,-0.5108177721660638,-0.8145578484369652,13.032562083684905,-0.9602287716480453,-0.1026846662422454,-0.25964700155789366,11.152808073201022,76.01333268883363,69.3694988158999,58.69485063037858,22.051889689406263,6.514032480224465,93841.0,309498.3460265152, 0.0, 0.0,0.0,NaN, 104.11464132980606,104.11464132980606,0.0, 128.08455071485508, -1.779843829393002, -12.977348163304733, -1.779843829393002, 216.45844173476462, -29.83073248922831, -12.977348163304733, -29.83073248922831, 184.17546557752016, 5.837595121095459, 4.2594147303300245, 34.0, 0.0
24, 0 ,1.0,1.0,1.0,68.63750266163105,62.372023175802134,161.37368179220226,13.555288106577398,12.733846551950009,12.027508392163261,65.0,62.0,58.0,-0.941426799227214,0.21767523471916306,-0.25755207995036855,13.76420968726634,0.10140512476608982,0.9111472182474404,0.3994092479539326,12.819349326962369,0.3216093629979971,0.34989746908188607,-0.8798517936346517,11.694804671423904,66.90096737947076,63.24360160737464,65.63257705767585,21.3193204547823,6.003683630136603,89231.0,277695.24862771493, 0.0, 0.0,0.0,NaN, 166.78918474085123,166.78918474085123,0.0, 183.74583565231868, -8.249414871014698, 13.890879977256555, -8.249414871014698, 162.15084800860913, 7.078630287972318, 13.890879977256555, 7.078630287972318, 144.66095812355766, 6.24862915643635, 4.387870721406977, 37.0, 0.0
25, 0 ,1.0,1.0,1.0,124.0035530182589,169.071879365997,274.35219444042974,13.08898320458519,11.556916918431162,13.176878017987306,68.0,56.0,61.0,-0.7499375651072997,0.3069905017253183,0.5859611593709708,13.322426433204095,0.5893368864067823,-0.09227293484137511,0.8026006104010381,13.13191685714508,0.3004591199502756,0.9472288727367828,-0.11172188636300966,11.339296180947224,75.75247267895608,70.78080593397124,60.110162085115974,20.98825668373188,6.164982211499028,83028.0,322299.93345129635, 0.0, 0.0,0.0,NaN, 182.1451724969007,182.1451724969007,0.0, 171.32148132991318, -13.64515831301457, -0.742121902971732, -13.64515831301457, 133.56232865952043, 5.548924502330761, -0.742121902971732, 5.548924502330761, 173.63011430091709, 5.676990649289835, 4.22204233476015, 31.0, 0.0
26, 0 ,1.0,1.0,1.0,276.760384504549,207.5730929150714,287.0474455559672,13.8297216299763,12.65884454812934,7.647620447807438,59.0,61.0,35.0,0.9802000812907372,0.08381674579150752,-0.1793949658227723,13.991005528700608,0.10124734860774685,-0.9907539303444901,0.09030849299399622,12.697859987161374,0.17016690347283517,0.10668365681709213,0.9796233063431066,7.280780192560119,66.19577219661167,61.191116106312606,40.75842752832159,19.134244938794268,6.623768926546251,48582.0,165095.80866463028, 0.0, 0.0,0.0,NaN, 96.17994358642586,96.17994358642586,0.0, 191.2612003626343, 0.8707211441346028, -24.109993130850896, 0.8707211441346028, 160.24634529370388, -11.82960724484867, -24.109993130850896, -11.82960724484867, 58.48609851372244, 5.6349218575989575, 4.34586409529894, 17.0, 0.0
27, 0 ,1.0,1.0,1.0,12.989051994226775,250.00112648290914,81.19178371528145,8.249038076157644,11.868353528032477,13.752983223736823,33.0,57.0,60.0,-0.06324426620204265,0.04339352235286657,0.9970542437652912,13.772422038672172,-0.10924596758947137,0.9927495772618692,-0.05013576978386275,11.904223418544673,-0.9920007466519397,-0.11209495556978265,-0.05804515119976067,8.164487013322741,59.04455856449311,57.422681660291886,36.18488588561542,19.05725731184878,5.905077133329077,56814.0,122684.74306819346, 0.0, -2.8421709430404007E-14,0.0,87.5129533769396, 96.23257539708587,96.23257539708587,0.0, 68.04662918189862, -8.47726439482844, -7.346370798202818, -8.47726439482844, 140.85781546636096, 1.5870863843809588, -7.346370798202818, 1.5870863843809588, 189.14454755238648, 7.806575487386791, 4.969961745652557, 25.0, 0.0
28, 0 ,1.0,1.0,1.0,60.3373192778503,44.39019974877466,34.65739760104431,11.99098384618265,12.018067603793652,14.397705333994487,62.0,60.0,68.0,-0.37351757091853044,-0.42667055898820894,0.8236727859458574,15.485578708753696,-0.6660974075087133,-0.4946138254881643,-0.5582753866562046,11.807498770587946,-0.6455996189011355,0.7571719736814438,0.09945719856327857,10.78384839706398,81.13594605427608,59.94058604725766,54.22506142029493,21.29082086057512,6.4971153980966,81202.0,263714.7017662067, 0.0, 0.0,0.0,NaN, 82.53615656092929,82.53615656092929,0.0, 143.78369359941323, 27.302936364637667, -29.3995317564866, 27.302936364637667, 144.4339489293545, -37.020894103459455, -29.3995317564866, -37.020894103459455, 207.2939188845333, 6.286840338291774, 4.345917764084276, 27.0, 0.0
29, 0 ,1.0,1.0,1.0,135.4556923502559,142.80556093512243,174.8878129755153,12.344067144692355,11.377374000833832,11.88835773796393,58.0,53.0,55.0,-0.8719136756288312,0.4389512449240491,0.21699849499719767,12.632249205358182,-0.30520612936988206,-0.14064153335153906,-0.941843499574947,11.908710795447,-0.3829043755906639,-0.887435498318698,0.25659788673597517,11.034607819830365,66.32184487738064,54.301823854867735,58.467513472043464,19.810089839402572,5.542023374915767,72290.0,210564.73569947632, 0.0, 0.0,0.0,NaN, 233.22678269472354,233.22678269472354,NaN, 152.37599367267327, -13.610524115711849, -1.3891317615081384, -13.610524115711849, 129.44463915484965, 6.258086861029721, -1.3891317615081384, 6.258086861029721, 141.33304970580681, 5.617408530119544, 4.1053252476092, 31.0, 0.0
30, 0 ,1.0,1.0,1.0,238.84225289923768,95.22088749788969,185.346843629469,13.273208202894192,11.36746683145235,11.92108693913592,67.0,56.0,59.0,0.9110717402452404,-0.37917962003780264,0.16177484314471235,13.668437023035647,0.1913068273893567,0.0412673589941772,-0.9806623796576802,11.881947555076104,-0.36517116797568705,-0.9244024128211873,-0.11013717469428388,10.931734703042945,72.97510677347205,59.96345550108606,56.16683619323592,20.3362014509514,5.826541213989495,77003.0,245777.0642067792, 0.0, 0.0,0.0,NaN, 161.0982113868804,161.0982113868804,0.0, 176.1780559973777, -23.086371694130023, 5.855760289432386, -23.086371694130023, 129.21930216416933, -5.007018730356434, 5.855760289432386, -5.007018730356434, 142.112313810437, 5.830665344690166, 4.27392339825427, 30.0, 0.0
31, 0 ,1.0,1.0,1.0,274.94281904965067,65.07954775745294,240.49534424830676,14.280762165312218,13.422964542082752,12.124308903327513,58.0,71.0,59.0,0.8929666267981842,-0.3222310445511888,0.3142892892736289,14.750156919361148,-0.260783477777543,-0.9394641919691016,-0.22225887997129207,13.283051649504458,-0.3668822442459194,-0.11650830843889796,0.9229427029462793,11.709330520330775,69.94580816863606,68.60428817742326,64.54980057699488,22.079556332435118,6.603650783192943,93755.0,309747.53570735146, 0.0, 0.0,0.0,NaN, 91.67340895603623,91.67340895603623,1.9073486328125E-6, 203.9401680222129, -13.515338322994044, 24.860407877075186, -13.515338322994044, 180.17597709801083, 0.06413228730338992, 24.860407877075186, 0.06413228730338992, 146.99886638330682, 5.512154662380548, 4.149008212560212, 31.0, 0.0
32, 0 ,1.0,1.0,1.0,131.46551402450402,276.30672305491635,58.827128552770695,12.89479749534064,12.189623498278266,12.296318377667276,64.0,53.0,67.0,0.7519783441922417,0.22285175344904337,-0.6203754233128366,13.306170836567327,-0.5489834288995343,0.7326748556711629,-0.40224961238135487,12.826111763864155,-0.36489144229428616,-0.6430588245657834,-0.6732975445436205,11.157904991956578,68.93807039235779,68.42558613371317,61.24246057734672,20.73035856386579,6.0261432885492665,80395.0,288888.5178326128, 0.0, 0.0,-7.105427357601002E-15,51.65644494175767, 145.96295353235251,145.96295353235251,0.0, 166.27580244584325, -7.28598930692513, -15.682123093319905, -7.28598930692513, 148.58692102977767, -19.057629989212874, -15.682123093319905, -19.057629989212874, 151.19944564495802, 6.216950633173462, 4.290797037086436, 22.0, 0.0
33, 0 ,1.0,1.0,1.0,36.19153960012217,176.3837840377793,209.06527970302847,12.10155437120148,13.168573083420053,12.782296335231875,66.0,63.0,67.0,0.273573336401157,0.8223187272305296,0.4989484346666508,13.562581013304486,-0.22323189526347648,-0.4502918997709391,0.8645257231209231,12.515635316181351,-0.9355881308286331,0.34789239118819515,-0.060379910615569674,11.944090745808563,59.990400340919535,59.76520487455717,71.0791582717205,21.12647260018603,6.076034095342134,85126.0,254842.84745309222, 0.0, 0.0,0.0,NaN, 157.6702880790609,157.6702880790609,0.0, 146.44761819914567, 10.692296140591722, 2.937029984283582, 10.692296140591722, 173.41131705337511, 11.49571590468289, 2.937029984283582, 11.49571590468289, 163.38709960168222, 5.581204649888505, 4.220629852205439, 41.0, 0.0
34, 0 ,1.0,1.0,1.0,200.50600757765622,175.43273724403298,193.53387094396368,12.543242008328557,10.696616727117497,11.741019623317081,64.0,53.0,56.0,0.9188878771491537,0.27847469593088303,0.27945824903645894,12.787676447448268,-0.28656953415198555,-0.01571533134501231,0.9579305457373359,11.65310807521172,-0.27115119642781466,0.9603149858702186,-0.0653617364277151,10.501546293012137,64.6599857647335,56.5564746368064,51.37363490754947,19.469681353173556,5.525719798122993,67831.0,187870.34384539543, 0.0, 0.0,2.8421709430404007E-14,73.77212601180828, 191.705748778768,191.705748778768,0.0, 157.3329200794982, 13.73888280539954, 6.668587336031102, 13.73888280539954, 114.41760940684985, 3.759347292267962, 6.668587336031102, 3.759347292267962, 137.8515417951168, 5.925664933512408, 4.199086631547968, 34.0, 0.0
35, 0 ,1.0,1.0,1.0,32.54725100625161,288.8756529930633,207.11169392823498,13.176654882806847,6.807039287464538,13.339719239057755,76.0,27.0,86.0,0.6555428774196042,-0.04803478748083078,0.7536286851335324,13.96402560456323,0.7544607627151938,0.08453363513873235,-0.6508786538621769,12.558989234739206,0.032442154485081295,-0.9952621381937036,-0.09165578481723342,6.722046225322916,69.86515080339302,78.04812867447059,31.97235952650999,18.84322746512802,6.545296466626774,46708.0,174340.29775470437, 0.0, 0.0,0.0,NaN, 99.05206736498025,99.05206736498025,0.0, 173.62423390059752, 2.460358693249755, 18.745289704127405, 2.460358693249755, 46.33578386108573, -11.615318182427133, 18.745289704127405, -11.615318182427133, 177.9481093768876, 5.791560131483819, 4.449177577941619, 23.0, 0.0
36, 0 ,1.0,1.0,1.0,163.22497284053347,9.596236969234681,223.8871784203592,14.270572736332085,6.539871590920692,12.204536216003383,73.0,27.0,66.0,0.9357675894866925,-0.02519194281544409,0.35171634093889975,14.579452395173734,0.3525253482977247,0.08962391416203115,-0.9315006348993247,11.87197056534398,0.008055884422757922,-0.9956570293165516,-0.09274795253107694,6.47037507791343,72.99599929562098,62.901083913247106,28.951285061040874,18.69966018806477,6.759628669336544,43263.0,132930.62085295783, 0.0, 0.0,2.8421709430404007E-14,69.407669820198, 156.82046239970327,156.82046239970327,0.0, 203.64924622294458, -0.893585151782378, 23.64487188670782, -0.893585151782378, 42.76992042573154, -9.783920841207626, 23.64487188670782, -9.783920841207626, 148.95070424773817, 6.49865585303592, 4.291622337140562, 17.0, 0.0
37, 0 ,1.0,1.0,1.0,104.01493855324159,229.43111340054455,156.8853925969534,12.076059540739095,10.931700018391304,11.98626937380133,59.0,52.0,59.0,-0.8269505318257621,0.5446100593700914,0.13983097348582996,12.850380062196873,-0.16693883822651617,-3.3309720381163865E-4,-0.9859671968873173,11.983752798671853,-0.53692107632749,-0.8386893180905304,0.09119202550755867,10.013058171323959,58.504743327764594,59.50424435012573,54.03103565491372,19.462331854652568,5.497414992916216,67945.0,188097.1931228799, 1.4210854715202004E-14, 0.0,0.0,34.2132535776764, 190.47536861822735,190.47536861822735,0.0, 145.83121403147572, -29.213225110038326, -0.36615900339842594, -29.213225110038326, 119.50206529209643, 4.954376040180114, -0.36615900339842594, 4.954376040180114, 143.67065350132773, 5.943321065074061, 4.14434352985814, 23.0, 0.0
38, 0 ,1.0,1.0,1.0,51.943145719638345,20.336469278596834,165.54106594987917,12.45958299523338,11.47187378549499,12.279781957681626,61.0,49.0,59.0,0.6440297635921949,0.21237548059896943,-0.7349301455565275,12.774434469613059,-0.7069988609887139,0.5321774994715095,-0.4657678816931376,12.438346253862578,-0.29219560942636147,-0.8195631545504034,-0.4928873720591239,10.942554909353829,69.73240605418528,61.22023212271549,59.46651665431246,20.099032204368402,5.802331078231744,73662.0,253864.5865201803, -7.105427357601002E-15, 0.0,0.0,49.90703060144015, 145.57083264124594,145.57083264124594,0.0, 155.2412084151088, -7.216066176064094, -9.047541687734592, -7.216066176064094, 131.60388815032715, -15.449992120329945, -9.047541687734592, -15.449992120329945, 150.79304492820322, 5.558294160842543, 4.063852687617792, 23.0, 0.0
39, 0 ,1.0,1.0,1.0,186.8647142292895,65.69532907151948,62.92289237700961,11.675641925063479,10.92835667566985,12.600959954599759,57.0,57.0,61.0,-0.5196962437531989,-0.11903508254169068,0.8460180041542312,13.042686145174065,0.6395389901391377,0.6023894986974697,0.477615715770349,11.641199271565917,0.5664853875614333,-0.7892765934596718,0.2369319832696058,10.435736840710492,66.78227244214061,56.716601507092406,55.08220183695714,19.575281989556853,5.598403415243554,68359.0,208632.84726140037, 0.0, 0.0,0.0,NaN, 145.17148319599238,145.17148319599238,0.0, 136.3206143623, 14.039064399031776, -18.782034425568202, 14.039064399031776, 119.42897963065776, 1.4929135817666312, -18.782034425568202, 1.4929135817666312, 158.78419177742674, 5.371894446868939, 3.938744550464159, 33.0, 0.0
40, 0 ,1.0,1.0,1.0,92.09896994651382,158.67224327318988,106.49257896392761,11.266543177797116,11.555401770629476,13.16471769516265,57.0,56.0,61.0,-0.09383454338898806,0.2009922409036758,0.9750883024441934,13.209465853814608,0.6587186686714739,-0.7218505345143648,0.21218275463620326,12.440880466971768,-0.7465150996534906,-0.6622189403194724,0.06466282604011303,10.22284707479225,62.52472618589053,57.72738296964329,52.65261242167318,20.034330709618295,5.691896895481483,73103.0,190043.75028186617, 1.4210854715202004E-14, 0.0,0.0,84.6157555816806, 199.49041195262905,199.49041195262905,0.0, 126.93499517716673, -25.222571988585084, 0.6227540757011729, -25.222571988585084, 133.52731008066684, 6.016308386464378, 0.6227540757011729, 6.016308386464378, 173.3097919933286, 6.215639961848137, 4.296004595806864, 28.0, 0.0
41, 0 ,1.0,1.0,1.0,84.02896019602221,207.95138544952167,190.68803273987956,13.786608875743887,12.340068114664607,10.373003756857736,65.0,60.0,52.0,-0.9750200357882443,0.22210541344978463,0.002261664827456273,13.861876726793096,0.2151261989526182,0.9468185582262678,-0.23928087329021955,12.367337951045661,-0.055286963523872926,-0.23281710228123653,-0.970947757889001,10.239355347037451,65.41596101417815,59.383575751861855,55.05926911434577,20.394438612229155,5.832147631798721,76726.0,213885.090992196, 0.0, 2.8421709430404007E-14,0.0,77.16727578332767, 165.77973271351615,165.77973271351615,0.0, 190.07058429274014, -9.108385403498652, -2.668845094857172, -9.108385403498652, 152.2772810745621, -10.854972732584118, -2.668845094857172, -10.854972732584118, 107.59920693978471, 5.660760106806154, 4.106967646674209, 21.0, 0.0
42, 0 ,1.0,1.0,1.0,24.600758767465532,11.694642361432406,265.12867585824006,13.07636224413874,7.512988782334482,14.459143574867314,50.0,33.0,79.0,-0.2772931370621556,0.09387902692778524,0.9561878708921802,14.661203553768285,-0.9542894771848685,-0.14244340176686804,-0.26275743762511056,12.996001813178346,-0.11153524049581756,0.985340857569692,-0.12908634525528012,7.256454377234453,81.91221818246103,64.45200576994142,35.43880953833194,19.69704754627523,6.966304677647589,54035.0,187095.89060491402, 0.0, 0.0,0.0,NaN, 44.248968793594855,44.248968793594855,0.0, 170.99124953993714, 11.575895616973817, -13.88476127898938, 11.575895616973817, 56.44500044348376, 18.91918481837641, -13.88476127898938, 18.91918481837641, 209.06683291862674, 5.8198065375729096, 4.193206272161635, 22.0, 0.0
43, 0 ,1.0,1.0,1.0,288.0352359640627,76.80241140910458,283.9542767442637,8.043691489716249,11.647399020422922,8.85717963593781,37.0,61.0,36.0,0.19296389372234687,-0.964112560267376,-0.1823510538883636,11.81438693878104,0.5035537428256066,0.25680783229752896,-0.8249141563562647,9.280195382877297,0.8421392781516812,0.06735509190351063,0.5350371274863414,7.2877117631213135,60.848566288583875,49.86924510715812,38.83796694096213,15.820203415851179,5.341691839394202,29941.0,117852.72580839075, 0.0, 0.0,0.0,NaN, 79.36769627177478,79.36769627177478,NaN, 64.70097278173361, -11.817692930649814, -16.755110449390415, -11.817692930649814, 135.66190394094886, 8.208593608064643, -16.755110449390415, 8.208593608064643, 78.44963110327141, 6.580547364891174, 4.413354550007, 9.0, 0.0
44, 0 ,1.0,1.0,1.0,120.93937087772704,235.88792249522842,76.3880674542775,11.889518175250238,12.356740687997844,13.046849943871141,61.0,61.0,65.0,-0.11771612538200399,-0.12349106225405071,0.9853389626765064,13.080510961172953,0.396527811841882,-0.9155472234212119,-0.06737192383774215,12.444642447009603,0.9104441818480343,0.3827835409589545,0.15674231244302533,11.760148115080804,65.70083326619303,60.97717551936819,58.63565238099616,20.74919376756307,5.8086947177512025,82782.0,234909.15516754633, 0.0, 2.8421709430404007E-14,0.0,82.90637512510077, 156.75403267437014,156.75403267437014,0.0, 141.36064243960575, -5.538070075577417, -4.246941236584723, -5.538070075577417, 152.68904043042144, -2.969009086023746, -4.246941236584723, -2.969009086023746, 170.22029345789042, 6.160848755227898, 4.312283470477189, 36.0, 0.0
45, 0 ,1.0,1.0,1.0,23.571809361339163,187.99536790228763,121.91341175913092,12.57522105537321,12.666790678107075,12.531641783204789,53.0,61.0,64.0,-0.5592385635532598,-0.5421149916600295,0.6271870254177241,13.87410841294195,0.6200357258841908,-0.7757059151065209,-0.11762666320192752,12.224489203647252,0.5502798630353025,0.32309699640541606,0.7699353240705658,11.562733064154488,72.2584162514718,63.65317464144789,59.44013332008231,20.976194233171462,5.968675895814995,84411.0,273393.5610910702, 0.0, 0.0,0.0,NaN, 167.2230479768343,167.2230479768343,NaN, 158.13618459150172, 10.253658616297637, -21.769919150102922, 10.253658616297637, 160.44758608298028, -18.554132233975825, -21.769919150102922, -18.554132233975825, 157.0420457825641, 5.929646465967832, 4.285717783167444, 21.0, 0.0
46, 0 ,1.0,1.0,1.0,216.70762142703632,135.66261014399313,206.25025521169138,12.580970715344872,12.866118747581215,11.072060005980816,69.0,61.0,59.0,0.5775933064907502,0.7274686319105131,0.3703719237244212,14.180622097160818,0.8156678684104501,-0.5325053400319772,-0.22610615046959942,11.70021213539933,0.032739895232498276,0.43269787661100756,-0.9009443083989654,10.412652950494154,63.476898250909414,59.92822963932388,54.945021431314245,20.286065603425147,5.906258619194791,74448.0,209014.05576301808, 0.0, 0.0,0.0,NaN, 184.7457137995249,184.7457137995249,0.0, 158.28082414036524, 26.570210549703127, 14.572712567065542, 26.570210549703127, 165.53701162686082, 28.39561721479797, 14.572712567065542, 28.39561721479797, 122.59051277603992, 5.709054352234839, 3.8856563133377695, 30.0, 0.0
47, 0 ,1.0,1.0,1.0,125.61923305588586,91.80542508917955,213.18310047562426,12.70631842157018,10.302045024466048,12.19965654745155,63.0,51.0,65.0,0.7514691989686748,0.12096899764421261,0.6485834908555205,13.617179286364442,-0.6149197575897937,0.48466965227805137,0.6220683402057873,11.646280217444618,0.23909775140533665,0.8662920002918346,-0.43860054206907273,9.76477673948576,67.66003319684711,58.0935975835865,52.69602831181071,19.605004898058496,5.661983957883359,67280.0,207127.7856761237, 0.0, 0.0,0.0,NaN, 178.17295482867056,178.17295482867056,0.0, 161.45052783033367, -3.8178748523394583, 28.492637752445756, -3.8178748523394583, 106.13213168612565, 19.21310892280611, 28.492637752445756, 19.21310892280611, 148.83161987577748, 6.180854384343314, 4.207091079485674, 37.0, 0.0
48, 0 ,1.0,1.0,1.0,107.59084192750738,211.04389059767203,279.5219980700802,11.814691362504636,12.157464818960715,11.311949833991115,61.0,58.0,46.0,0.49260774971899324,0.8443478511815037,0.21074703111068308,12.25302178452269,-0.7204051872144486,0.5315062401798278,-0.44555300794004155,11.929837103467015,-0.48821508697632987,0.06765961021969169,0.8700966647411161,11.085735685780845,60.44375387658255,65.10170426094078,55.83536938932042,19.54009528337519,5.791007527096013,66324.0,219711.69776504626, 0.0, 0.0,0.0,NaN, 141.0968717927886,141.0968717927886,0.0, 139.58693199124167, 3.892468173647946, 9.064056173146508, 3.892468173647946, 147.8039508242675, 0.24702164552805872, 9.064056173146508, 0.24702164552805872, 127.96020904673159, 5.311715418800795, 3.9896121750576996, 26.0, 0.0
49, 0 ,1.0,1.0,1.0,279.6755200869694,233.48909176261304,46.31955082275041,11.10304020243986,12.334107152094514,14.395811130509845,47.0,62.0,67.0,0.23864300460331822,-0.018885896295103285,0.9709237041472576,14.580703009384308,0.16694358625320924,-0.9841284050536736,-0.060175754049534215,12.37915480296584,0.9566500694417046,0.17645000789924403,-0.23170248024036932,10.807715077572832,71.28236584108066,60.32292099148361,55.6444901607162,21.033913647365893,6.342046653626138,80948.0,239269.1109978242, 0.0, 0.0,-7.105427357601002E-15,13.850489772664588, 83.56007531541992,83.56007531541992,NaN, 123.27750173699579, -6.418064878232991, 21.828943542896347, -6.418064878232991, 152.13019923934905, 0.40132756061288066, 21.828943542896347, 0.40132756061288066, 207.23937810531112, 5.753501109552827, 4.0729477054939425, 20.0, 0.0
