// Sample: .//bubblelabels.tif, Map: .//bubblelabels.tif, Thickness:(8.191250068658265):/afs/psi.ch/project/tipl/test/LabelValidation/Step4900//distmap.tif, Neighbors:(1.0):
//LACUNA_NUMBER, TRIANGLES, SCALE_X, SCALE_Y, SCALE_Z, POS_X, POS_Y, POS_Z , STD_X, STD_Y, STD_Z,PROJ_X, PROJ_Y, PROJ_Z, PCA1_X, PCA1_Y, PCA1_Z, PCA1_S, PCA2_X, PCA2_Y, PCA2_Z, PCA2_S, PCA3_X, PCA3_Y, PCA3_Z, PCA3_S,PROJ_PCA1, PROJ_PCA2, PROJ_PCA3,OBJ_RADIUS, OBJ_RADIUS_STD, VOLUME, VOLUME_BOX, Mask_Grad_X,Mask_Grad_Y,Mask_Grad_Z,Mask_Angle, Mask_Distance_Mean,Mask_Distance_COV, Mask_Distance_STD, SHAPET_XX, SHAPET_XY, SHAPET_XZ, SHAPET_YX, SHAPET_YY, SHAPET_YZ, SHAPET_ZX, SHAPET_ZY, SHAPET_ZZ, Thickness, Thickness_STD, Neighbors, Neighbors_STD
1, 0 ,1.0,1.0,1.0,90.9344182810886,278.51080380293865,16.69267660265194,18.077675982746808,13.695022216666924,10.486801212983698,90.0,60.0,46.0,-0.9785201853839852,0.2012460763515833,0.04470194122388127,18.24760114775673,-0.20577833064235515,-0.9404782481933135,-0.2704735538149363,13.712690037974108,-0.012390538089048404,-0.2738625228619798,0.9616890314116798,10.164457014895117,94.22166241730433,74.90820592246183,49.87641626890502,23.61345847936553,8.169062417200356,94874.0,352026.5335657699, 0.0, 0.0,0.0,NaN, 94.91838301128237,94.91838301128237,0.0, 326.80236893718074, -28.82898137253764, -5.330271372328507, -28.82898137253764, 187.55363351500066, 23.6170658608499, -5.330271372328507, 23.6170658608499, 109.97299968063635, 8.193292551762434, 6.470823546066557, 24.0, 0.0
2, 0 ,1.0,1.0,1.0,11.769041365725542,279.28374917925146,14.221996060407092,8.77599731601026,15.441377243734324,9.118546724903666,31.0,66.0,36.0,-0.25529619096535733,-0.9665077898291433,-0.02620204339673647,15.836463952138041,0.37509894881170425,-0.07402942394639897,-0.9240240381021045,9.315725790667535,-0.8911367086361861,0.24572817622273022,-0.3814354859361104,7.811902260903613,69.93906832813693,46.2341099145966,41.8191571670512,18.142632217412476,8.333489705511914,30460.0,135225.19597826365, 0.0, 0.0,0.0,NaN, 27.747766661094698,27.747766661094698,0.0, 77.0181288906193, 46.109165314380824, -7.65795330646876, 46.109165314380824, 238.43613118331626, 6.567671964868671, -7.65795330646876, 6.567671964868671, 83.14789437425138, 7.666088224988545, 5.895142308564989, 6.0, 0.0
3, 0 ,1.0,1.0,1.0,28.717834695550643,167.54570673821414,17.577588419910732,15.71773274925677,17.03952107243841,10.668763400038285,64.0,81.0,47.0,0.46530432371819846,-0.8846674490543853,-0.029247066737647074,17.5148613769126,0.882656289969676,0.46621855353600417,-0.05965009736591433,15.205503349558851,0.06640602462214595,0.0019403407954243718,0.9977907971972283,10.641297499610554,91.4540350337592,76.13083190393736,48.11476000101345,24.389238957480238,7.508657450965182,120759.0,334997.65813557454, 0.0, 0.0,0.0,NaN, 136.66684106885592,136.66684106885592,0.0, 247.04712277705877, -31.119937964061297, -8.844941181857758, -31.119937964061297, 290.3452783780727, 1.7267160270977453, -8.844941181857758, 1.7267160270977453, 113.82251248599648, 8.355831324976183, 5.859478364838075, 23.0, 0.0
4, 0 ,1.0,1.0,1.0,68.46509266311247,249.16336633663366,205.15879664889565,16.901463132801656,13.819594383506525,13.952597741452436,87.0,74.0,72.0,-0.9876466990804984,-0.017140848903993925,-0.1557568267982038,16.967375554446196,0.12387549614974601,-0.6941420533444185,-0.7090991970327205,14.586673194045499,-0.09596280138183486,-0.719633935468336,0.6876904388409841,13.063413053768839,85.85521023772513,82.94282718124833,65.91940167773095,24.80447051023631,7.486913342340167,133926.0,469416.92850728513, 0.0, 0.0,0.0,NaN, 127.54091927172792,127.54091927172792,0.0, 285.6594560294535, -1.6368797871678473, 14.33553510396474, -1.6368797871678473, 190.9811889246451, 21.04427585471695, 14.33553510396474, 21.04427585471695, 194.6749837347836, 6.754358932739741, 5.159442933513996, 36.0, 0.0
5, 0 ,1.0,1.0,1.0,129.5518453427065,186.82112868580356,18.88344176199139,14.578304616786916,15.982158717031277,10.997221947580988,70.0,91.0,43.0,0.3800666536327005,0.9149349217786851,-0.13580658196962353,16.376576817055167,0.9244297554183925,-0.3707659518909815,0.08923136340696332,14.255755841082179,-0.03128843386192734,0.1594575110435549,0.9867088405797644,10.838653536076759,91.1544229462466,68.824905461802,49.63234123401785,22.965419666043577,7.841221389750319,97299.0,311378.1482916763, 0.0, 0.0,0.0,NaN, 173.05987956899338,173.05987956899338,3.3036247397782844E-6, 212.5269654998307, 23.018749589866825, -0.7059119001054758, 23.018749589866825, 255.42939725637882, -21.5640302528726, -0.7059119001054758, -21.5640302528726, 120.93889056435698, 7.276660972568932, 5.334260166477856, 24.0, 0.0
6, 0 ,1.0,1.0,1.0,137.36858792805384,205.98180012505978,190.60296465222348,13.913458690630826,15.690350897676915,15.240753426733598,77.0,83.0,75.0,-0.2777429838893269,0.7915241179837452,0.5443789172536965,16.243622054675956,-0.02778316708202167,-0.5730558575606389,0.8190452244792916,14.84970639353771,-0.9602535761595192,-0.21235949417319255,-0.1811532906335412,13.699743487130814,82.18723940567139,87.02223877944643,75.21368232932215,24.8700081593505,7.31674129626389,135935.0,537937.0990562, 0.0, 0.0,2.8421709430404007E-14,57.01776877606964, 199.1915214057926,199.1915214057926,0.0, 193.58433273589043, -16.22302654552529, -12.26414051520972, -16.22302654552529, 246.18711129223075, 17.412378964575538, -12.26414051520972, 17.412378964575538, 232.2805650144919, 6.643765573381093, 5.072971088972348, 37.0, 0.0
7, 0 ,1.0,1.0,1.0,206.15897302519136,51.106583934012036,100.89757003789849,15.239786149777757,16.400227250411763,12.887464885434557,91.0,81.0,72.0,0.2544436151910057,-0.9664767650227037,-0.03436727163713524,16.48009967273882,0.9499252010486627,0.2564354999155224,-0.17855796480620253,15.229071215681909,0.1813851126779377,0.012786596667038906,0.9833290109848715,12.797929192400531,77.97786380904915,88.984745399996,68.08128486008107,24.773580167186207,7.319495380799328,134570.0,472405.16700371396, 0.0, 0.0,0.0,NaN, 146.96374010157612,146.96374010157612,0.0, 232.25108189095795, -9.913206138814903, -12.49999788824313, -9.913206138814903, 268.96745386514857, 0.4608913795522339, -12.49999788824313, 0.4608913795522339, 166.08675117330876, 6.240733654085405, 4.87332760579709, 38.0, 0.0
8, 0 ,1.0,1.0,1.0,285.71761035322584,77.1194823387084,30.4129192467487,8.533009480981706,13.09199429548819,13.848876828820133,37.0,62.0,59.0,0.13311788439785488,0.20082985725670638,-0.9705395392706523,13.937682809496918,-0.10696741555808055,-0.970623336276225,-0.21551870240152018,13.12715605295194,0.9853109158343186,-0.1325054999245733,0.1077250742746306,8.332030167897344,64.85926516687735,63.71332317639869,43.597683206570935,19.93811759141946,6.2028559362710105,62821.0,180163.03654806258, 0.0, 0.0,3.552713678800501E-15,13.942139152647128, 84.12102512048874,84.12102512048874,NaN, 72.81225080252369, 14.020926389084652, -13.75617727452098, 14.020926389084652, 171.40031463309532, -2.80696537568787, -13.75617727452098, -2.80696537568787, 191.79138941983118, 6.925932882639401, 5.205922855334492, 17.0, 0.0
9, 0 ,1.0,1.0,1.0,146.1396883067215,59.68391728741667,173.2976644733983,15.622178631796052,13.270647328077487,13.776198372555989,79.0,67.0,74.0,0.9595794312823336,0.07093622061007493,0.2723515516119415,15.784938215392213,-0.2749808608951809,0.030209555829321257,0.9609749782787999,13.603302646438094,-0.05994031365632384,0.9970232872617137,-0.048494571414000875,13.256397321883142,75.70035418775646,73.35394657202141,68.39816950075212,23.638868481624684,7.15192870618896,115049.0,379809.5453661087, 0.0, -7.105427357601002E-15,0.0,85.93223760696829, 202.4165514701119,202.4165514701119,2.6973983046972182E-6, 244.0524652037452, 4.9210489902032535, 16.72876977851175, 4.9210489902032535, 176.11008050621015, 1.6891808583743346, 16.72876977851175, 1.6891808583743346, 189.78364160001428, 6.538898397707317, 5.04580981162622, 31.0, 0.0
10, 0 ,1.0,1.0,1.0,136.67227225103116,99.42320393628732,283.7928409437541,12.809270330314984,16.610266416195973,8.882666691747241,62.0,83.0,36.0,0.21122672911689552,0.9741267132107295,0.08037671003368374,16.82019348949735,0.9766062432979958,-0.2069425555178784,-0.05843820896558819,12.596259050416364,0.04029285864708018,-0.0908401085698991,0.9950500290020878,8.791784419527506,83.89006811416075,64.4763463163646,40.29057632072818,21.55675628101754,7.3611400618098335,75401.0,217928.70891935227, 0.0, 1.4210854715202004E-14,0.0,13.061837923367392, 169.78502727829394,169.78502727829394,1.9073486328125E-6, 164.07740639508773, 25.864362441739495, -1.1528773814523974, 25.864362441739495, 275.90095041700783, 17.083758113085977, -1.1528773814523974, 17.083758113085977, 78.90176755667588, 6.646505716743809, 5.174007113372154, 20.0, 0.0
11, 0 ,1.0,1.0,1.0,54.44683396556755,12.284466491586421,166.89350257757027,14.557181888775764,7.6508062344581935,25.14952211857635,67.0,30.0,116.0,0.07421335375450887,-0.01222242025358613,0.9971674837095584,25.197824803039573,0.997185498891208,0.01158988540663075,-0.07407263568520318,14.477087382117237,0.01065170998477669,-0.9998581334366416,-0.013048144503886805,7.643847820224574,116.68509139013173,68.6587109945956,31.30935071945706,27.838747557367633,11.311453390702285,102810.0,250833.2341736493, 0.0, 0.0,0.0,NaN, 144.33539240922264,144.33539240922264,0.0, 211.9115445429011, 1.2240433211070305, 31.497824969253724, 1.2240433211070305, 58.53483603722436, -7.156058519439826, 31.497824969253724, -7.156058519439826, 632.4984627927611, 7.130909048788291, 4.963279180856283, 22.0, 0.0
12, 0 ,1.0,1.0,1.0,160.34638032839925,111.96484672005177,153.80654371916202,14.650329140984088,15.21664659532738,14.100605146122437,67.0,79.0,80.0,-0.48993657878626273,-0.8061482240979876,0.3317938961929137,15.921043419451916,-0.8110381093928917,0.28194725928537273,-0.512565047670899,14.310457068513434,0.3196550232353881,-0.5202218601377,-0.7919532071753076,13.665165127405924,76.51545524331442,75.56805503965276,82.0853300733986,24.324000898045355,7.304007348361595,123630.0,474627.5679999782, 0.0, 0.0,0.0,NaN, 231.1099025307269,231.1099025307269,0.0, 214.63214393916758, 22.232818643591504, -3.3450102862232236, 22.232818643591504, 231.54633360708831, -20.46092987945089, -3.3450102862232236, -20.46092987945089, 198.82706548685454, 6.101808164271444, 4.517891920760005, 36.0, 0.0
13, 0 ,1.0,1.0,1.0,257.726521424056,75.106310806852,285.06975345760674,14.859752799847074,12.640390970817778,8.353982251819193,76.0,60.0,37.0,-0.9980753109829967,0.06199960985605179,-0.001312243838609413,14.867742122501713,0.06183205019668785,0.996549758312844,0.055365844842164974,12.641956639898634,0.004740377059778653,0.055178144081780935,-0.9984652729269163,8.337381670831414,77.08715461263571,60.69177142695432,38.75935347593486,20.22239826995661,6.437030747375813,64857.0,181337.8045091983, 0.0, 0.0,0.0,NaN, 87.46952141027694,87.46952141027694,0.0, 220.81225327256294, -3.812593324064687, 0.5076278131515413, -3.812593324064687, 159.7794838951316, 4.970350924492297, 0.5076278131515413, 4.970350924492297, 69.78901946371009, 6.25351539676982, 4.960935346912265, 23.0, 0.0
14, 0 ,1.0,1.0,1.0,130.32694907346485,17.82124869902262,162.38193106913423,14.306558447004743,10.519697333565308,12.959052138189634,67.0,42.0,63.0,-0.9992218119055007,-0.03635638590116042,0.015296529557209707,14.311118950404536,0.016827329698985434,-0.04217927756082254,0.9989683426013304,12.962782502695088,0.03567368200074584,-0.9984483570764455,-0.042758235041412435,10.508892571669735,67.65769913533151,62.96057943837235,43.910299862940825,21.104048436826886,6.156120408481295,83591.0,187047.68763706114, 0.0, 0.0,0.0,NaN, 190.3718557356902,190.3718557356902,0.0, 204.67761459756278, 3.3874492834839005, -0.4742278010727324, 3.3874492834839005, 110.66403198982105, -2.4793720133147854, -0.4742278010727324, -2.4793720133147854, 167.93703232031731, 6.960496703098548, 5.001948605145623, 23.0, 0.0
15, 0 ,1.0,1.0,1.0,25.332173959218352,196.42773824695553,139.89231981025205,13.065490982455438,15.483768252169872,13.019351452396306,57.0,80.0,75.0,0.07688651100111366,-0.9866492466399566,0.14356785340347492,15.541772928304297,0.7633728897855179,0.15088095362996992,0.6280897777963104,13.246568920323,-0.6413659607171114,0.061304175522691046,0.7647819967133774,12.764769963642205,77.43978502335818,65.96605607638548,65.6290775102313,23.14916318645136,6.638816905709631,112992.0,335259.3958833409, 0.0, 0.0,0.0,NaN, 175.89426819551312,175.89426819551312,1.9073486328125E-6, 170.70705461262438, -4.519712011673248, 6.876491792001346, -4.519712011673248, 239.74707928690364, -9.947179523765247, 6.876491792001346, -9.947179523765247, 169.5035122410138, 6.152594981768362, 4.739954373801456, 29.0, 0.0
16, 0 ,1.0,1.0,1.0,285.042390438247,143.66406374501992,131.4968764940239,9.089970166751193,12.65727604472735,13.773744228945914,39.0,57.0,66.0,-0.054986462173965744,0.010270465315924418,0.9984342775164449,13.786183050163254,-0.15182643097053358,-0.9884055209758571,0.0018058137208250935,12.730978011528336,0.986876498775982,-0.1514894176061117,0.055908250885001065,8.967361951357258,66.7939844473734,57.8992538541722,45.964938445786885,19.839703270079813,6.239903744800924,62750.0,177761.2113115999, 0.0, 0.0,0.0,NaN, 195.33182491140445,195.33182491140445,0.0, 82.62755763242673, 12.193109010968183, -6.041955242615222, 12.193109010968183, 160.20663687242885, 0.9785841672355099, -6.041955242615222, 0.9785841672355099, 189.71603008442088, 6.513149544477938, 4.905601025695163, 21.0, 0.0
17, 0 ,1.0,1.0,1.0,25.349020204642503,136.4190784821005,87.26081624249152,12.963176997031336,16.482426431982113,14.23152412796252,58.0,87.0,76.0,0.03919296211545403,-0.9985331348898102,-0.03735626115853145,16.488990593416343,0.3283955951023722,0.048180029419424245,-0.9433106688056179,14.396035541683496,0.9437267850590949,0.024703507691646944,0.3298022011293334,12.77176447636181,87.09038795747384,76.75322023318722,64.10506554131733,24.083564866482767,7.888759171672445,111707.0,428508.2417541625, 0.0, 0.0,0.0,NaN, 163.91213454331788,163.91213454331788,0.0, 168.04395785636237, -3.558523922942184, -13.829139656979784, -3.558523922942184, 271.67038108570256, 2.0516811697029795, -13.829139656979784, 2.0516811697029795, 202.5362790047794, 5.748022080698476, 4.444475956908986, 30.0, 0.0
18, 0 ,1.0,1.0,1.0,283.47872370188,160.30205069382274,61.3013372873769,9.549013673443238,12.980862111478823,14.097328719969962,40.0,63.0,70.0,-0.004317858036955452,-0.5150002244026084,0.857179167366564,14.690249977293815,-0.021920408165431598,-0.8569324431447677,-0.5149624098823142,12.30712470155374,-0.999750394752527,0.02101325179982018,0.007588902487433534,9.547374378160054,74.66456196892288,64.12905861905588,40.65896115252036,20.4610538843332,6.306060122940161,71488.0,194681.9396015535, 0.0, 0.0,0.0,NaN, 153.4481135892222,153.4481135892222,0.0, 91.18366213560591, 1.4101236446019554, 0.21946807875578492, 1.4101236446019554, 168.50278115722645, -28.41152047960962, 0.21946807875578492, -28.41152047960962, 198.73467703888994, 6.31341698419823, 4.882728326234091, 21.0, 0.0
19, 0 ,1.0,1.0,1.0,117.8824243212204,108.79834882662679,90.1695269669982,14.056913900696493,13.249422384739088,11.547752433697367,65.0,71.0,60.0,-0.8871779938982252,-0.46137967384673945,0.0066335287590304284,14.344507491055143,-0.4613672321091437,0.8867386475468588,-0.028893737776808065,12.938731629377413,0.0074487769914310855,-0.028694381119720218,-0.9995604775167373,11.546381981936777,68.01231607326619,75.01129406401998,59.969225743620214,21.640232125749456,6.1802072582157725,92298.0,305944.5096841266, 0.0, 0.0,0.0,NaN, 184.02143968761044,184.02143968761044,NaN, 197.5968284115943, 15.706620744399338, 0.028112273785602444, 15.706620744399338, 175.5471935292252, -1.0951999403044053, 0.028112273785602444, -1.0951999403044053, 133.35058626996346, 5.999608493481027, 4.606632417110667, 28.0, 0.0
20, 0 ,1.0,1.0,1.0,229.94387429912155,51.800354711473624,25.574383180764293,15.188992623659995,12.124687471530125,13.89001161467188,81.0,60.0,61.0,0.8645990386721905,-0.2976828897959462,0.40478809203070576,15.773098063047145,0.45714775405691027,0.13169513334175026,-0.8795864498813187,13.626666743442584,-0.20852921447089126,-0.9455375661372919,-0.24994855017647055,11.669160073297975,79.83841445379286,70.21643442635178,59.262919217954064,22.941219365492238,6.659310766431226,108257.0,332226.0757297026, -2.8421709430404007E-14, 0.0,0.0,30.163047796442616, 90.8030097052313,90.8030097052313,0.0, 230.70549692159773, -26.0049515945673, 19.504410358742053, -26.0049515945673, 147.00804628227957, -19.306583928189877, 19.504410358742053, -19.306583928189877, 192.93242265571976, 6.571356350353177, 4.660084176510951, 26.0, 0.0
21, 0 ,1.0,1.0,1.0,287.25732233797794,209.16032882661634,281.28263061293075,7.7315602465698,12.11009227855653,10.786824488371506,38.0,55.0,43.0,0.0963492659052578,0.9481391315782872,-0.3029009840351962,12.254971330629065,0.19053625390285273,-0.3162580870057579,-0.9293421105019005,10.762777536414571,-0.9769405073535367,0.031827811320146594,-0.2111261128292368,7.534270951560872,59.34202721534554,51.851288155910396,38.4522046562094,17.11201014180084,5.4741255275465495,38683.0,118315.91689914631, 0.0, 0.0,0.0,NaN, 93.61923739092659,93.61923739092659,0.0, 59.77702384633847, 4.97446131013265, -13.18647222607116, 4.97446131013265, 146.6543349951545, -9.467230438729967, -13.18647222607116, -9.467230438729967, 116.3555825429312, 6.8866545356848805, 5.1800948379945435, 11.0, 0.0
22, 0 ,1.0,1.0,1.0,193.38889263328167,62.37035788906113,282.71682280784523,12.129810814963252,13.075442726489126,10.149717446307902,62.0,70.0,46.0,0.2857935589497567,0.945634016153376,-0.15523642986254435,13.209405090142734,0.9421618122810396,-0.3068682196666707,-0.1347702312749927,12.092517350785325,0.17508044191781966,0.10774137205477131,0.978641219040776,10.019926068881492,67.01968517389147,64.53229921476465,49.98707042354607,19.52052724569915,6.329715095512263,59348.0,216190.79927635993, 2.8421709430404007E-14, 0.0,0.0,73.39371075007203, 124.71847485847047,124.71847485847047,0.0, 147.13231040679946, 6.77276639348369, -9.106309739251046, 6.77276639348369, 170.96720249369739, -8.980719911646919, -9.106309739251046, -8.980719911646919, 103.016764239887, 5.6919208299997575, 4.494515040658192, 25.0, 0.0
23, 0 ,1.0,1.0,1.0,127.47251427947756,136.19312766034852,14.70446029031906,14.032210637345374,10.593306836714726,8.969231234075323,69.0,53.0,35.0,0.9700481930936063,0.22599686513244804,0.08906132733198618,14.235650677046532,0.2324118599149782,-0.9701170423323862,-0.0696968546429698,10.37221043812868,0.07064864079859984,0.08830821664244423,-0.993584635764232,8.906834143858696,70.15959438822522,52.36917197926246,39.45587009576022,18.826036344988026,5.92862122041517,54974.0,144968.75256005567, 0.0, 0.0,-1.7763568394002505E-15,84.89039174917683, 187.1203651959593,187.1203651959593,0.0, 196.9029353708287, 20.665956923178086, 10.196637310337525, 20.665956923178086, 112.21814973678696, 4.392344473709171, 10.196637310337525, 4.392344473709171, 80.44710893031234, 7.507327555139345, 4.874170351335091, 18.0, 0.0
24, 0 ,1.0,1.0,1.0,72.09360234811244,216.63734310122655,129.87171288121033,12.719558747980281,12.437810767238565,12.655472617505207,59.0,61.0,64.0,0.5432946149258141,0.6097336309819007,0.5771099207622744,13.430477051277846,-0.7662628211315141,0.07926409810919274,0.6376193940765206,12.527683892714764,-0.34303389095566683,0.788633059160319,-0.5102799698746286,11.803674049070295,70.7375393809181,63.82830702901751,67.22255543800163,20.985092887430802,6.02272156946058,83812.0,303513.69517279655, 0.0, 0.0,0.0,NaN, 170.33344319730614,170.33344319730614,1.9073486328125E-6, 161.78717474332169, 12.528803075584383, 4.264191433767229, 12.528803075584383, 154.69913668163557, 15.335485527421177, 4.264191433767229, 15.335485527421177, 160.1609871724241, 6.029407077646324, 4.481945675149446, 25.0, 0.0
25, 0 ,1.0,1.0,1.0,270.7400292561201,10.193197952071591,174.5337090736996,12.898914350782626,6.237114910001164,13.949368403002971,60.0,25.0,66.0,0.5284138999454255,0.02092120424805919,0.8487290813665318,14.56880888534903,0.8469718530070365,0.05584564987500474,-0.5286964569617101,12.21220077344651,0.05845879367805091,-0.9982201994564371,-0.011789946516320642,6.203259836834985,68.31765105097344,60.205680102318595,26.9657019866902,18.95220854561397,6.378264961228307,46486.0,110912.91587832158, 0.0, 0.0,0.0,NaN, 129.23558848562524,129.23558848562524,0.0, 166.38199142882596, 7.155096098842344, 28.38090767447563, 7.155096098842344, 38.90160240055883, -0.18167278731009476, 28.38090767447563, -0.18167278731009476, 194.58487884269766, 6.23299978160255, 4.562533538465449, 15.0, 0.0
26, 0 ,1.0,1.0,1.0,121.87746206961899,230.76687472610772,239.53447193566345,13.41451157705839,12.827956153028245,11.759098952921654,62.0,63.0,55.0,0.7687523463224987,0.6081550070383089,0.19790734558850337,14.177640757727296,-0.6161765374024488,0.6214177407968264,0.4839074975423475,12.287084711674368,0.17130763199105242,-0.49395088706996193,0.852447192724814,11.436959383184838,69.77180410533887,60.204150276497785,55.966474180664704,21.107999785113545,6.101994196264639,84431.0,235090.09509405473, 0.0, 0.0,0.0,NaN, 152.65458224311823,152.65458224311823,0.0, 179.94912085103354, 25.09808110665842, 4.666907257362433, 25.09808110665842, 164.5564590640152, 14.514147778773934, 4.666907257362433, 14.514147778773934, 138.27640818460316, 5.939207801004555, 4.400415943339543, 24.0, 0.0
27, 0 ,1.0,1.0,1.0,84.62556076672104,165.17237629146274,13.478860793909734,13.09985663043706,12.657612513780082,8.492785641140356,53.0,55.0,34.0,-0.8819234494631387,0.46360554631528955,-0.08532834647841592,13.348045873892646,-0.45076168389748905,-0.8823590491599645,-0.1351162932270668,12.49059710605205,-0.13793090160271823,-0.0806994782586885,0.9871487530214664,8.352452425252693,60.4061964941929,61.5915420682534,38.78671866448896,19.22481152368531,5.861350365926929,58848.0,144306.40539903584, 0.0, 0.0,0.0,NaN, 159.75497907193537,159.75497907193537,0.0, 171.60624373800582, -10.018584971751256, 13.411121832412313, -10.018584971751256, 160.21515454900214, 5.99456967282794, 13.411121832412313, 5.99456967282794, 72.12740794635982, 6.926166115996143, 4.804428295312219, 9.0, 0.0
28, 0 ,1.0,1.0,1.0,271.475359196192,218.8090406411116,196.09699121659503,15.420234094474548,11.842085315076154,12.542917516539404,69.0,66.0,60.0,-0.9395473387753213,0.14551636330189982,0.3099609430421848,15.81093800428686,0.3130931241876053,-0.0014479919061274053,0.9497213269722252,12.144830511918173,-0.1386488145879939,-0.9893547853681354,0.04419971586464026,11.741410274154774,80.51729580381313,64.11422377759479,65.62062502633998,22.084181422030316,6.901616831111688,90967.0,338753.60988063825, 0.0, 0.0,0.0,NaN, 134.91279497826463,134.91279497826463,0.0, 237.78361952839526, -15.334050099519107, -29.78805604436777, -15.334050099519107, 140.23498460954232, 5.044080099634464, -29.78805604436777, 5.044080099634464, 157.324779826711, 5.485236272039749, 4.268211308242375, 32.0, 0.0
29, 0 ,1.0,1.0,1.0,25.480064066527362,271.42131166668435,233.33988141328214,13.495164102969612,13.124440410080036,12.758705353565984,55.0,62.0,65.0,-0.8009701819983467,-0.3231671289115059,-0.5039938237127807,14.453971855511602,0.04079853005410285,-0.8693129250235743,0.4925753935514672,13.201079970556773,0.5973125207920551,-0.3739759954569979,-0.709478475591041,11.574503780032137,72.7477939260715,69.46140981385368,57.19151892772658,21.841951360048512,6.331201570647646,94277.0,288998.14324982394, 0.0, 0.0,0.0,NaN, 76.8735747944794,76.8735747944794,9.5367431640625E-7, 182.11945416607963, 17.97083970934093, 31.06524716650167, 17.97083970934093, 172.2509360777418, -5.049153979608648, 31.06524716650167, -5.049153979608648, 162.78456229911333, 6.6358748335521165, 4.700348320652397, 21.0, 0.0
30, 0 ,1.0,1.0,1.0,86.94281763357704,216.68748159434577,276.48302838632026,12.248444255212434,12.912991257609637,11.418218016341383,60.0,65.0,51.0,0.11388329814153385,0.9581214620045034,0.2627429512865386,13.045804649713393,0.9832543057755284,-0.0708242005061502,-0.16791337884918223,12.25732218369852,0.142272852569599,-0.2774656675500925,0.9501427465137495,11.256574367336663,65.82324477329769,62.05224864496444,56.45962001340882,20.35728371552342,5.720702079858901,78101.0,230608.2085861258, 0.0, 0.0,0.0,NaN, 122.69098261500937,122.69098261500937,NaN, 150.02438667304648, 3.1058666700854975, -2.5839975829592077, 3.1058666700854975, 166.74534321910292, 11.22612715398408, -2.5839975829592077, 11.22612715398408, 130.37570266870293, 5.8180447488729765, 4.297883596372354, 18.0, 0.0
31, 0 ,1.0,1.0,1.0,259.8488354176832,255.89602218741172,221.12489407051694,12.202203881098383,12.02857549051424,12.292200854027834,57.0,55.0,59.0,-0.15003250845739438,0.6207631281978218,-0.769508534764908,13.02200315163381,0.9325980496918405,0.34726889467696825,0.09831171090369586,12.308137823044916,-0.3282546635113613,0.7028922061453592,0.6310241060555073,11.118263667067135,67.23515279176064,61.56031410049064,54.825143924377386,20.307217793249414,5.682914324553774,77882.0,226922.20955372258, 0.0, 0.0,0.0,NaN, 98.8865977349648,98.8865977349648,0.0, 148.89377955589242, 4.747321193759777, 7.86144908826423, 4.747321193759777, 144.68662833099992, -21.00109919900519, 7.86144908826423, -21.00109919900519, 151.09820183576264, 6.020144766868607, 4.3610348123875, 21.0, 0.0
32, 0 ,1.0,1.0,1.0,121.0547565160254,274.5211238470711,232.85383660655617,13.410188137821741,12.21386075933763,11.825744912924364,70.0,50.0,56.0,-0.9943856679018048,0.06575391054055016,-0.08290697630541631,13.427227406669722,-0.03417921523057678,-0.9410863242750288,-0.33643470615966087,12.263501571425792,-0.10014451915957971,-0.33171215460266257,0.9380501701780963,11.75482354878344,70.37031260563994,57.209936474084714,61.41270088159169,20.807532023136858,5.992194455454484,82182.0,247240.2326284998, 1.4210854715202004E-14, 0.0,0.0,6.0742138589967105, 140.75522890333255,140.75522890333255,0.0, 179.83314589177496, -2.360663616264156, 3.612478830771913, -2.360663616264156, 149.17839464848757, 3.638676834964106, 3.612478830771913, 3.638676834964106, 139.8482427455565, 5.855385118580544, 4.389331568932559, 17.0, 0.0
33, 0 ,1.0,1.0,1.0,189.9742529850294,220.88004121461907,25.485968846596762,13.48012043898009,12.45115939336481,12.137866692885622,69.0,58.0,54.0,-0.8708238382616627,-0.4771728325621851,-0.11820292119828052,13.848344344268334,0.4062402500018669,-0.5631095357534179,-0.7196363734706519,12.532039435037955,0.2768297346631078,-0.6746952931569565,0.684216018080695,11.629452767171486,67.96889068875313,62.00412327579731,61.59602447565064,21.11903800085566,6.169202465556638,82495.0,259587.29673765958, 0.0, -2.8421709430404007E-14,3.552713678800501E-15,62.900050093963664, 137.8954948228998,137.8954948228998,0.0, 181.7136470494088, 18.50242084417061, -0.5563101057009461, 18.50242084417061, 155.03137023897673, 12.025894268814838, -0.5563101057009461, 12.025894268814838, 147.32780785426215, 5.805977750746826, 4.402790894227148, 23.0, 0.0
34, 0 ,1.0,1.0,1.0,9.083704654734033,78.4574176169977,30.904841024091837,6.307585318965158,12.65514820227046,12.446562057779495,25.0,64.0,59.0,-0.015619241339272043,-0.8536744901622382,0.5205726694191973,12.79002252015814,-0.0880715139835062,-0.5174379642543463,-0.8511764573653172,12.34487625340649,0.9959916905901567,-0.05914235364407902,-0.06710241635589576,6.2349554816003625,67.71252677033391,63.29000188761549,26.810014776199644,17.857698962547122,5.996490923752923,39723.0,114895.01396579664, 0.0, 0.0,-3.552713678800501E-15,58.62932712760022, 84.81267162462699,84.81267162462699,0.0, 39.78563255602479, 6.836192795697294, 7.49604520290255, 6.836192795697294, 160.15277602142928, -5.422776764286371, 7.49604520290255, -5.422776764286371, 154.91690705815614, 6.022348694436348, 4.53370713211711, 14.0, 0.0
35, 0 ,1.0,1.0,1.0,55.82634898575514,237.86189432610846,59.55842264211455,12.22538384769834,11.572227563547933,12.637063217425501,58.0,54.0,60.0,-0.6304590574046954,0.15905616822749669,0.7597516122293981,13.381120081985449,0.4282753275448153,-0.7450385900164491,0.5113685004013093,11.717743376541279,-0.6473805841641879,-0.6477797733297085,-0.40159649464623903,11.256639964053193,69.28747760096337,72.32270493403834,57.47127336022186,20.22616951283452,5.828712945873546,74834.0,287991.87254182505, 0.0, 0.0,0.0,NaN, 102.59108696877999,102.59108696877999,0.0, 149.4600102235635, -8.629028025125221, -22.75156075802071, -8.629028025125221, 133.91645078253853, 2.289190715533769, -22.75156075802071, 2.289190715533769, 159.69536676120856, 5.687804178504998, 4.271021200655974, 23.0, 0.0
36, 0 ,1.0,1.0,1.0,11.251907198283194,110.48380680702948,163.23383624919853,6.956417531143137,12.871325592413283,22.09548736366828,30.0,66.0,94.0,0.0180534593353972,0.060687747108519534,0.9979935220014795,22.125600988308328,-0.036207902931842874,-0.9974617897630241,0.061310404728918626,12.83105730567421,-0.9991811949648088,0.03724211746984776,0.015810259803641754,6.935061538025996,95.72381942604322,66.13903014800418,31.104291497707138,24.730842324352018,9.521489754213661,76421.0,196923.77582161478, -1.7763568394002505E-15, -1.4210854715202004E-14,0.0,86.46148877792042, 176.17678771416746,176.17678771416746,0.0, 48.39174486759558, 4.692653003203819, 7.694945347046719, 4.692653003203819, 165.67102250591316, 19.609640967252332, 7.694945347046719, 19.609640967252332, 488.21056183802466, 6.536882936174937, 4.525273212530016, 26.0, 0.0
37, 0 ,1.0,1.0,1.0,87.82799350764489,18.721428863701462,217.82110560988585,13.40476037743358,10.577160499100962,12.571723181678802,69.0,43.0,61.0,-0.8372966002043404,-0.0220117446744013,0.5463056711975836,13.971493504902309,-0.524896379313896,0.3120256765369446,-0.7919114648524958,12.095125882317443,0.15303004368233172,0.9498186459940927,0.2728119232228181,10.397954024243539,77.1912151608701,65.7347600932512,51.125740705297915,20.308033018391054,6.0988477338698415,73317.0,259419.47320329308, 0.0, 0.0,0.0,NaN, 121.72764281566896,121.72764281566896,NaN, 179.6876007764133, -4.647272264275168, -23.966393021451093, -4.647272264275168, 111.87632422374172, -10.4800351763389, -23.966393021451093, -10.4800351763389, 158.04822375676017, 6.278853575177624, 4.58503221960645, 20.0, 0.0
38, 0 ,1.0,1.0,1.0,127.8811287231494,60.53444661822247,243.02289786792304,12.508747782285813,14.782433285253523,13.620254544926071,62.0,80.0,66.0,0.21557224601556388,0.850166623583131,0.4803595725007089,15.548763262455722,-0.45093018562284914,-0.3496627316650783,0.8212173535542573,13.102374146119907,-0.8661354250011646,0.39364030056610627,-0.30798821296971407,12.127002577949211,81.40224605637206,67.40132193804088,72.64989584170948,22.63680600983225,6.933646403993909,100184.0,398602.2983591573, 1.4210854715202004E-14, -7.105427357601002E-15,0.0,87.62344116118253, 152.52669431365206,152.52669431365206,0.0, 156.46877108084024, 21.235893204268343, 0.6937404247098393, 21.235893204268343, 218.5203338329713, 31.60789127463222, 0.6937404247098393, 31.60789127463222, 185.5113338685793, 5.912762158805036, 4.409209316182378, 28.0, 0.0
39, 0 ,1.0,1.0,1.0,200.8557870574733,184.23791236279098,86.84919513845973,12.22664533706222,11.890880793301847,11.379138434671964,61.0,53.0,59.0,-0.7889005814600651,-0.3571644484446206,0.5000694245194572,12.948751959299905,-0.2729776663964013,0.9327388152610324,0.23554510428837466,11.730883398924972,-0.5505624998315326,0.0493138851916578,-0.8333361113659711,10.727762634007243,66.67170911682666,56.41267922213419,59.919011109885105,19.697391436995147,5.690471362910146,67962.0,225363.17465275066, 0.0, 0.0,0.0,NaN, 175.422970532129,175.422970532129,0.0, 149.49085619830532, 9.080615330150353, -22.193726471380046, 9.080615330150353, 141.39304604051475, -4.442491924807264, -22.193726471380046, -4.442491924807264, 129.4847915154287, 5.705812348760019, 4.259215599131484, 25.0, 0.0
40, 0 ,1.0,1.0,1.0,71.32176641231003,259.4351548212146,136.9532383174623,11.361051965139707,10.744129110014326,11.856277409338675,56.0,53.0,58.0,0.33046081329464966,-0.2377715184243705,0.9133785392173431,11.980562980390205,0.9160223474744407,-0.1523383984899641,-0.37107421262185253,11.320684188299477,-0.22737350286269867,-0.9593006397223354,-0.16746215340865617,10.648443373383108,60.23080703912012,54.771505047868814,48.68178890657964,18.90761036283009,5.251989762164074,63428.0,160597.90889374324, 0.0, 0.0,0.0,NaN, 159.6511525614224,159.6511525614224,0.0, 129.0735017546048, -4.429464506939658, 4.0786933086162565, -4.429464506939658, 115.43631033265723, -5.7118044207648975, 4.0786933086162565, -5.7118044207648975, 140.57131400719462, 6.214361189113797, 4.4385649746817695, 25.0, 0.0
41, 0 ,1.0,1.0,1.0,190.9416668634721,243.68069102330963,86.4926670287887,11.679108512037267,13.23047678567242,12.928103270386096,58.0,66.0,64.0,0.23696730590834697,0.6576238793482093,-0.7151065160111135,13.751102707135583,-0.5037038435465216,0.7125760951698753,0.48838278694986215,13.021894131743306,-0.8307399917705914,-0.24447114738444092,-0.5001049131627623,10.950817017072456,71.5516835940427,69.98940954972701,59.73773910830607,21.035121852911846,6.00887630219827,84686.0,299158.2393702518, 2.8421709430404007E-14, 0.0,0.0,76.29238285161478, 150.15513990497539,150.15513990497539,0.0, 136.40157563594136, -7.04099126590997, -23.935493763760043, -7.04099126590997, 175.04551597621685, -15.251337775719167, -23.935493763760043, -15.251337775719167, 167.13585416976767, 6.126418880082082, 4.467782770865157, 30.0, 0.0
42, 0 ,1.0,1.0,1.0,69.27292013001514,44.30587053072972,168.62330347616802,12.228456936424543,11.25498605460288,14.186760508251055,57.0,52.0,79.0,-0.27269721040612815,-0.23978747739341086,0.931739339687887,14.599978655466337,0.9069105348474799,-0.3873531248876907,0.16574329073117583,12.163124495151767,0.3211689792295853,0.8902019559207028,0.3230959059715559,10.787635034108872,85.22208137756498,62.10416250167116,54.88101700074422,20.918397643570128,6.31622386234247,80606.0,290465.79458920064, 0.0, 0.0,0.0,NaN, 154.98898030615044,154.98898030615044,0.0, 149.5351590459895, -4.761058057781394, -19.846525732231076, -4.761058057781394, 126.67471108930529, -23.650677954555757, -19.846525732231076, -23.650677954555757, 201.26417371847174, 5.6278012214869575, 4.183420890788584, 23.0, 0.0
43, 0 ,1.0,1.0,1.0,108.25256094885032,166.67128619108664,170.48977352781532,12.287990854648179,14.155278318360699,13.828278599098294,60.0,79.0,65.0,-0.4375927670655598,0.8945051810574921,-0.09150437843737247,14.789498537357202,-0.32419783898548754,-0.06203518068783931,0.9439530695718757,14.084891228377437,0.8386944207570753,0.44273255744109224,0.3171427930327649,11.201539386474304,81.15855747892124,65.35381088249251,60.08565410857571,22.179974901608,7.115941672925847,86589.0,318695.57221047464, 0.0, 0.0,0.0,NaN, 215.10012003436967,215.10012003436967,3.814697265625E-6, 150.99471924391727, -35.03629049547732, -18.578293516264235, -35.03629049547732, 200.37190427025251, -11.902476943697005, -18.578293516264235, -11.902476943697005, 191.22128901427985, 5.5079703720352295, 4.203235827401129, 26.0, 0.0
44, 0 ,1.0,1.0,1.0,218.74259876604637,190.91119763160515,232.36279729326301,13.092278618792276,12.235930484599036,12.180148345140646,73.0,61.0,59.0,-0.7897129497244634,-0.3773368101631001,0.4837048570496523,13.64108369777575,-0.5718748886073483,0.7382031765513385,-0.3577920931348908,12.207042585717204,-0.22206433486226618,-0.559171710501748,-0.7987580543298013,11.592700928878529,76.18508474225305,63.62905410998731,66.1423418430984,20.774138322393693,6.15767366200928,80392.0,320630.61620927526, 0.0, 0.0,2.8421709430404007E-14,61.07234703337839, 151.91419699112612,151.91419699112612,0.0, 171.4077594320854, 9.230052898183917, -16.752694740900534, 9.230052898183917, 149.71799482394, -13.295949722900204, -16.752694740900534, -13.295949722900204, 148.3560137096324, 5.7788345850993, 4.297406546853602, 34.0, 0.0
45, 0 ,1.0,1.0,1.0,232.94355052750316,160.25728219759804,16.043709773737643,12.964663175294747,11.71656705775163,9.599943310476768,67.0,52.0,37.0,0.9825820776004903,-0.09756125815285834,-0.15815897598914627,13.06565011530906,-0.06609670621759586,-0.9789261469437521,0.1932222147089835,11.77258345174813,0.17367695933971447,0.17940289779569046,0.9683237650997829,9.392252784500238,69.63486371912032,54.397072590589545,44.69678681209692,19.06856079269112,5.823172307895434,60284.0,169308.42198479967, -2.8421709430404007E-14, 0.0,0.0,10.709475563964975, 155.82681161457162,155.82681161457162,0.0, 168.08249124884367, -4.648571240819884, -13.46375913409644, -4.648571240819884, 137.2779436187907, -8.256319066264286, -13.46375913409644, -8.256319066264286, 92.15891156436763, 6.075378666932143, 4.407974795860523, 18.0, 0.0
46, 0 ,1.0,1.0,1.0,23.238037948576928,60.33564782987305,103.44976855034602,11.221381482432689,12.799375928484151,14.547594584538084,49.0,63.0,75.0,0.09866391838979365,0.14924212889292582,0.9838659553879683,14.611631730712148,-0.1013005037928271,-0.9820475915923531,0.15912490621828504,12.775650906831899,-0.9899513317023678,0.11536600370631679,0.08177436058779392,11.16507486772192,72.39618928355817,60.7722691235154,53.99836330494962,21.479172800949843,6.326220871579692,87276.0,237575.55679187467, 0.0, 0.0,1.4210854715202004E-14,10.30611305889038, 121.99283347750443,121.99283347750443,NaN, 125.91940237428325, 5.144024890398169, 8.002429744334648, 5.144024890398169, 163.8240241586595, 7.01943810539257, 8.002429744334648, 7.01943810539257, 211.63250819608177, 5.445394460034172, 4.086697088253201, 26.0, 0.0
47, 0 ,1.0,1.0,1.0,180.3915293113565,10.016269269749827,143.4678615245106,12.355173007297529,6.14066733076322,11.685384674799788,60.0,25.0,56.0,-0.9338738913872733,0.0022524834379212162,-0.35759541566350317,12.466263751250192,0.3572512089351183,0.05019035063935766,-0.9326588349536474,11.577333460912834,0.01584704072021393,-0.9987371300903259,-0.04767616049297232,6.120778408380381,58.178005977217424,55.479241591369004,26.350766829889682,17.207545305196742,5.550377903803577,37494.0,85051.62302398247, 0.0, 0.0,0.0,NaN, 187.05490958800405,187.05490958800405,0.0, 152.65030004025346, 1.4834684781584455, 7.2104814855759205, 1.4834684781584455, 37.70779526710269, -4.61552236437699, 7.2104814855759205, -4.61552236437699, 136.54821499804575, 5.7228489717284905, 4.259456562913487, 16.0, 0.0
48, 0 ,1.0,1.0,1.0,111.628451761224,212.55509605475254,151.144742752953,11.73807478018397,12.503371502854696,12.022282722668669,64.0,58.0,56.0,-0.3335856789188834,0.7350899073341687,0.5902231975750107,13.116203569482156,-0.6758332044340516,-0.6229692343268839,0.3939020346057859,11.829707797651205,0.6572443035923774,-0.26749235730693144,0.7046117825992915,11.255007671852615,62.9818184197554,62.59487288821374,53.66750301482463,20.152310460794265,5.704065518481056,75686.0,211575.48578081132, 0.0, 0.0,0.0,NaN, 205.58552983779282,205.58552983779282,0.0, 137.78239954519097, -5.537247890551816, -12.462630989142099, -5.537247890551816, 156.3342989383989, 16.424516062682482, -12.462630989142099, 16.424516062682482, 144.53528186377756, 6.383558860714062, 4.39297048797451, 17.0, 0.0
49, 0 ,1.0,1.0,1.0,282.11340597387107,285.5856778880035,247.05860031441426,10.219629014300596,9.686270583197418,11.835617318966804,42.0,50.0,52.0,0.23304357622645228,0.1402304130568719,-0.9623025110813569,12.03759510700269,0.7666531524318272,-0.6352776231918507,0.09308751440475266,10.905226875137876,0.598275551435898,0.7594457009725004,0.25555545744213737,8.63242857853528,56.72449150394483,60.12407672583198,49.16647347194504,17.345550295582807,6.1219586134857975,36894.0,167682.63534591996, 0.0, 0.0,0.0,NaN, 57.71043864391328,57.71043864391328,9.5367431640625E-7, 104.44081718993456, -19.32681401537949, -12.615389594934335, -19.32681401537949, 93.82383781091563, -12.12398318409111, -12.615389594934335, -12.12398318409111, 140.08183732102697, 5.8029208884823325, 4.655237323425963, 10.0, 0.0
