// Sample: .//bubblelabels.tif, Map: .//bubblelabels.tif, Thickness:(8.191250068658265):/gpfs/home/mader/Foam/NewValid/InSilicoTest/LatticeData_OldFoam/out_Step_03500.vtk/distmap.tif, Neighbors:(1.0):
//LACUNA_NUMBER, TRIANGLES, SCALE_X, SCALE_Y, SCALE_Z, POS_X, POS_Y, POS_Z , STD_X, STD_Y, STD_Z,PROJ_X, PROJ_Y, PROJ_Z, PCA1_X, PCA1_Y, PCA1_Z, PCA1_S, PCA2_X, PCA2_Y, PCA2_Z, PCA2_S, PCA3_X, PCA3_Y, PCA3_Z, PCA3_S,PROJ_PCA1, PROJ_PCA2, PROJ_PCA3,OBJ_RADIUS, OBJ_RADIUS_STD, VOLUME, VOLUME_BOX, Mask_Grad_X,Mask_Grad_Y,Mask_Grad_Z,Mask_Angle, Mask_Distance_Mean,Mask_Distance_COV, Mask_Distance_STD, SHAPET_XX, SHAPET_XY, SHAPET_XZ, SHAPET_YX, SHAPET_YY, SHAPET_YZ, SHAPET_ZX, SHAPET_ZY, SHAPET_ZZ, Thickness, Thickness_STD, Neighbors, Neighbors_STD
1, 0 ,1.0,1.0,1.0,79.25273273709979,138.22904093652295,39.63441309774837,15.406356363948465,15.478687795896333,16.105477217013075,84.0,80.0,80.0,0.037839853611095424,-0.46944911587412064,0.8821483282780155,16.34662193898729,0.99182082869705,-0.09004414426329581,-0.0904626765389366,15.40770761483549,0.12189991485390131,0.8783561804239194,0.4622021538999084,15.222433639963496,89.73170934895667,82.5908426823694,88.57507335485177,26.115836853568126,7.368517769634702,165036.0,656431.4178515641, 0.0, 0.0,0.0,NaN, 164.1924179313164,164.1924179313164,0.0, 237.35581641297534, -1.1372506450857476, 0.6754806811418244, -1.1372506450857476, 239.58977588283008, -14.650844755659731, 0.6754806811418244, -14.650844755659731, 259.3863963877272, 7.063171138267828, 5.519769068754618, 52.0, 0.0
2, 0 ,1.0,1.0,1.0,58.654468404190055,262.4444659047013,12.995001022518121,14.58026523996273,18.161300031874124,8.127748985998966,83.0,79.0,33.0,-0.34038080692648026,-0.9402615764314516,-0.007005295334224233,18.643934493599172,-0.936829965415697,0.3384813882554076,0.08820411387183977,13.99472509790882,-0.080563777067008,0.03658575803962001,-0.9960777881939563,8.064033291546348,87.54184127834557,73.2991892041547,37.001120876882055,23.343634515488116,7.971949855721475,88018.0,237426.7939064717, 0.0, 0.0,1.7763568394002505E-15,89.59862286018611, 70.84938148309072,70.84938148309072,0.0, 212.58413446766542, 48.95080030856939, -10.13648383174075, 48.95080030856939, 329.832818847751, 5.76701998452681, -10.13648383174075, 5.76701998452681, 66.06030357940722, 7.793922003183973, 5.534124387112201, 23.0, 0.0
3, 0 ,1.0,1.0,1.0,76.50055984895056,14.940392552911215,258.82964125757445,14.744195507748698,9.188492089769921,16.256971268025577,73.0,39.0,77.0,-0.2380085287113586,0.05947633151454154,0.9694403056662265,16.359375745910583,0.9671349440069698,-0.07741464027476251,0.2421920179356965,14.679870680360883,-0.08945356527992597,-0.9952233615931156,0.039096293916540785,9.109392124389194,82.56086772059521,80.21764950060515,40.51679310900746,22.65339782821764,7.275463538522151,91096.0,268336.187398755, 0.0, 0.0,0.0,NaN, 88.15071993930604,88.15071993930604,0.0, 217.3913011707169, -12.535500571048473, -11.564896501538342, -12.535500571048473, 84.4283868837644, 8.16198243642581, -11.564896501538342, 8.16198243642581, 264.28911480940917, 7.116896732238138, 5.266704383871801, 33.0, 0.0
4, 0 ,1.0,1.0,1.0,153.70416160724142,176.41493542333592,14.158174191411856,16.003810511545684,15.36477607656944,8.892106041999181,81.0,67.0,38.0,-0.7687602309155364,-0.6389906773993989,0.026431450193815858,17.3908626254656,0.6351506254748476,-0.7676673517043332,-0.085267344781954,13.810570703267581,0.07477559977426049,-0.04876219154132019,0.9960074589853668,8.83707409875971,85.78440608934548,67.87539226984698,40.67353669940658,22.749731417656058,7.329226770895464,90590.0,236827.77716491002, 0.0, 0.0,0.0,NaN, 192.03175366041089,192.03175366041089,0.0, 256.12195088946015, 55.286193501991285, -10.658835761896121, 55.286193501991285, 236.0763438831206, 3.583821506998984, -10.658835761896121, 3.583821506998984, 79.06954986215834, 8.069527085748371, 5.5507308638211414, 23.0, 0.0
5, 0 ,1.0,1.0,1.0,16.95019127773527,166.09699693955625,12.244146901300688,10.519070649243753,15.730614749835478,8.226096470372807,45.0,76.0,35.0,-0.1124863857219622,0.9926462208429331,-0.044724638326683,15.79853583232841,-0.9935886035090798,-0.1128785567049151,-0.0063339097792457595,10.434349876867149,0.011335784228993707,-0.04372541231890126,-0.9989792732151433,8.20380150132611,77.29934582656082,51.49053446998274,36.37807070220748,19.415575886923886,6.986212410922886,52280.0,144791.43790670534, 0.0, 0.0,0.0,NaN, 135.52579955970617,135.52579955970617,0.0, 110.65084732378139, -15.691859601556926, 1.1787252970732027, -15.691859601556926, 247.4522404077415, -8.063237737882313, 1.1787252970732027, -8.063237737882313, 67.66866313987995, 7.310960150032369, 5.160279737312165, 17.0, 0.0
6, 0 ,1.0,1.0,1.0,279.91827093744024,207.30265876591756,208.51628846836513,12.68923467835457,14.818086357245235,14.97260380168193,51.0,77.0,76.0,0.40706150558924503,0.045131043519398686,-0.9122851087123298,15.497965872239755,-0.08241677591732538,0.9965192572184826,0.012523778987091814,14.829157449582581,-0.909674890119987,-0.07008964904730444,-0.40936418429268506,12.028315250842697,82.8994447353964,77.24901890586722,61.76736535617215,23.496493477234157,7.258513545455843,109863.0,395552.0787907458, 0.0, 0.0,-2.8421709430404007E-14,24.176928319061258, 131.77762476844603,131.77762476844603,0.0, 161.01667672235618, -4.42354047259616, -35.54459868966386, -4.42354047259616, 219.57568329077736, -2.993429160514601, -35.54459868966386, -2.993429160514601, 224.17886460214018, 6.833254148471874, 4.930501779109743, 30.0, 0.0
7, 0 ,1.0,1.0,1.0,189.74155000693028,113.99221828406233,234.55102667168288,13.205217951662926,13.154537534507972,13.35331702852003,64.0,69.0,68.0,0.6572922736534097,-0.28733216456484845,0.6967116291565756,14.151750564975696,-0.08330771840739128,-0.9465033732651942,-0.3117550135143988,13.075909048419595,0.7490171500368238,0.1468727054427981,-0.6460663412890564,12.428969107131591,66.70487057269733,67.12006875678833,69.28519496116314,22.096300245387997,6.122436608698967,101006.0,310206.13445272314, 0.0, 0.0,0.0,NaN, 171.5654969215149,171.5654969215149,0.0, 174.3777811509208, -7.347426308284254, 21.399021357782985, -7.347426308284254, 173.04185774677907, -4.29833765356576, 21.399021357782985, -4.29833765356576, 178.311075664163, 6.49733475823982, 4.824595831814025, 36.0, 0.0
8, 0 ,1.0,1.0,1.0,121.7768025584375,186.56068722698063,114.61344995611513,12.52276599993026,12.662792505364564,14.727985653809434,63.0,67.0,78.0,-0.001724882775555743,-0.20077011296907285,0.9796368646175974,14.811938891762532,-0.33050523876632193,-0.9244720962034428,-0.19004639036095697,12.57031712284331,-0.943802581013332,0.3241029235900201,0.06476096812876163,12.516914054174356,78.21343180856758,66.50050869148077,66.35094448555431,22.200651611728453,6.419549186379417,99123.0,345106.7221572848, 1.4210854715202004E-14, 0.0,1.4210854715202004E-14,57.435783400640034, 202.0750114057018,202.0750114057018,NaN, 156.8196682890093, 0.4310668987996322, -0.021831796564670058, 0.4310668987996322, 160.34631403391697, -12.100579161355606, -0.021831796564670058, -12.100579161355606, 216.91356141881647, 6.297353173743189, 4.6664326479706375, 35.0, 0.0
9, 0 ,1.0,1.0,1.0,260.4386177407071,141.09094245785963,126.0589277029941,14.628152544237821,13.262816827989296,13.583007811033495,74.0,68.0,65.0,-0.8846341073007039,-0.22808755756889632,0.40669222058276744,14.953836701973048,-0.4658409676693814,0.47040420560993035,-0.7494745333801175,13.391058120602239,0.02036391517221622,0.8524646323612175,0.5223881330314777,13.093723250712966,81.16220293879843,70.60455127354186,66.20737072458871,22.9814042941562,6.799876096918542,108981.0,379396.1021832998, 0.0, 0.0,0.0,NaN, 193.29410302319533,193.29410302319533,0.0, 213.98284685749144, 8.801239294664606, -16.020598114632875, 8.801239294664606, 175.90231021279607, -7.615841591326562, -16.020598114632875, -7.615841591326562, 184.49810119459693, 6.045405716748594, 4.609906265074913, 37.0, 0.0
10, 0 ,1.0,1.0,1.0,22.77339464848068,133.11082608604977,191.72353959415213,13.087122512154343,13.145886239265407,13.115949002144685,58.0,64.0,62.0,0.4712459917823304,-0.6369725685719216,0.6100763576110589,13.802895619809973,-0.8807464006577418,-0.3029522921769884,0.36401330524191117,12.87615620827116,-0.047042459093036816,-0.7088623671430141,-0.7037763504771117,12.641198230371023,82.76016610501681,69.15242338152424,67.3845446230286,21.849429775590956,6.222349827216436,95898.0,385646.19933157996, 0.0, 0.0,0.0,NaN, 173.0922049173364,173.0922049173364,1.9073486328125E-6, 171.272775648137, -7.621510754385921, 6.909708637515958, -7.621510754385921, 172.81432501570757, -12.599040426355359, 6.909708637515958, -12.599040426355359, 172.02811822686016, 6.436635656678733, 4.6846744563427, 35.0, 0.0
11, 0 ,1.0,1.0,1.0,47.19352540979864,248.59262134149125,213.65113921738734,13.301971597360254,14.552851220159416,13.278002302585778,64.0,71.0,65.0,-0.05214531271335593,0.8615818782068394,0.5049331970742277,15.09708680155976,-0.8010765886864718,-0.3379940535818172,0.49400032267375743,14.046317349535018,-0.5962861439111856,0.37873036172045454,-0.707817877487297,11.82422137744676,71.13127837175182,67.64954114879389,64.62181964695988,22.866654711331964,6.4922549605880375,109505.0,310960.0890741981, 7.105427357601002E-15, 0.0,0.0,87.01093800521757, 111.02284980849497,111.02284980849497,0.0, 176.94244837697892, 11.606530921246732, -25.069302244599648, 11.606530921246732, 211.78547863609543, 28.732882703873507, -25.069302244599648, 28.732882703873507, 176.3053451474732, 6.983182653305079, 4.915470945441731, 42.0, 0.0
12, 0 ,1.0,1.0,1.0,264.7955027456921,282.02666161711795,25.974001136148456,16.74337704045506,11.083208946589071,14.1854152075997,74.0,51.0,64.0,-0.9735139366552887,-0.08178846795784257,0.21349768534349767,16.889418623045383,-0.21878968564672435,0.06229059150772269,-0.9737817803102633,14.060792153573995,-0.06634522283126063,0.9947012258556472,0.07853523214929321,11.020247840865927,82.33360261514153,68.88263404777979,54.33958388383377,23.44865411479106,7.386800395941414,105620.0,308179.0935135114, 0.0, 0.0,0.0,NaN, 47.29742333969997,47.29742333969997,0.0, 280.3406747188376, 12.003331417043368, -17.798594484570252, 12.003331417043368, 122.83752055375201, -7.486070698726122, -17.798594484570252, -7.486070698726122, 201.22600461200082, 6.166355395991171, 4.666931231012547, 20.0, 0.0
13, 0 ,1.0,1.0,1.0,136.94047459167967,22.34254486100063,250.99604334755523,14.710121677794623,12.45024598404625,12.775791732617265,73.0,55.0,68.0,-0.9990248724082563,0.03866987076486742,0.021305994571851353,14.71553644113916,-0.00890044784377837,-0.6490574695136626,0.7606873098039042,13.616342997510714,0.04324449488486931,0.7597559097259785,0.648768734834381,11.518044532716532,73.79457000312165,70.47161026224498,65.96399620334037,22.1667473861012,6.576660973080436,96799.0,343040.6287215811, 0.0, 0.0,0.0,NaN, 147.15050343051828,147.15050343051828,0.0, 216.3876797755233, -2.9358594253134043, -2.142509718399829, -2.9358594253134043, 155.00862506325979, -25.969925364086983, -2.142509718399829, -25.969925364086983, 163.22085439521166, 6.821115088446636, 4.73183947015117, 31.0, 0.0
14, 0 ,1.0,1.0,1.0,144.41077806738102,151.82423496476494,58.65655468674583,12.272068177919866,11.703086284196777,13.430176493425087,61.0,59.0,67.0,0.3600698385957158,0.11790942257303887,0.9254442605592993,13.595299935393353,-0.7413688081792462,-0.5660084671932037,0.3605644260385146,12.513295011858919,-0.5663232306664975,0.815923883174216,0.11638820933998849,11.24814625599685,69.71465575233432,65.54157426174586,60.199839250912994,20.814307623203437,5.890681178783587,82872.0,275065.6043887844, 0.0, 0.0,0.0,NaN, 215.0607392657311,215.0607392657311,0.0, 150.60365736351343, 15.090192022992765, 11.394941178610434, 15.090192022992765, 136.96222857535474, 0.22777748295138395, 11.394941178610434, 0.22777748295138395, 180.36964064454776, 5.7328360321368645, 4.496289017078295, 31.0, 0.0
15, 0 ,1.0,1.0,1.0,33.91310457899051,11.135245010288926,72.09169692001406,15.276756726803496,7.633207088538391,13.443091846904752,74.0,31.0,66.0,0.9897207931869827,-0.013824620562006274,0.1423433574131446,15.314396296844823,0.14219768344551065,-0.011008348127553217,-0.9897770633300372,13.402003164718371,0.015250257573563134,0.9998438358752926,-0.008929362022049945,7.6300355298537,76.69705313543821,69.7774477591035,31.94779685974581,20.505178588008224,7.204131871686181,59773.0,170975.8109590692, 0.0, 0.0,0.0,NaN, 80.44442248180961,80.44442248180961,0.0, 233.37929608993585, -2.602438181395641, 7.753254375764131, -2.602438181395641, 58.265850456512744, 0.9757536362338093, 7.753254375764131, 0.9757536362338093, 180.71671840431702, 6.201724495343673, 4.524594505129373, 25.0, 0.0
16, 0 ,1.0,1.0,1.0,219.15615792575133,29.206336974751824,268.9409455600381,12.808374593323377,13.998126423245852,14.921703796180362,69.0,64.0,65.0,-0.38174994577634885,-0.3856849416952891,0.8399488702589322,15.606734481729868,0.011561227143613304,-0.9106958186378786,-0.4129158073293128,13.733372173927753,-0.9241933330892882,0.14791974738007746,-0.352117070600568,12.267174687521967,78.24507521328606,74.97458309315094,65.01634872052261,23.153975465968028,6.822951515752712,110305.0,381411.38106008165, 2.8421709430404007E-14, -3.552713678800501E-15,0.0,71.17987128830157, 91.39694624829285,91.39694624829285,0.0, 164.05445972289178, 13.30424591459955, -30.030241487436303, 13.30424591459955, 195.9475433611737, -15.820524191527747, -30.030241487436303, -15.820524191527747, 222.65724418094342, 6.091585705297163, 4.596210181908796, 34.0, 0.0
17, 0 ,1.0,1.0,1.0,161.97694545997166,256.05878037255343,281.8674923524584,14.978735645441137,13.172046618555704,10.195389024169927,72.0,67.0,43.0,-0.9243992183933973,0.3783429156770005,-0.048401685824999145,15.310174296900886,-0.38093348177947917,-0.9092923409945604,0.1675622901132433,12.867145224548487,0.01938472318706321,0.17333227271820323,0.984672613481914,10.091899116641668,75.25863078489564,63.536845328846766,46.77002257764735,21.39958793339128,6.623362234744278,80418.0,223640.02912367522, 0.0, 0.0,0.0,NaN, 145.97938964283722,145.97938964283722,0.0, 224.3625215360089, -24.289487691677138, 1.8637783931639544, -24.289487691677138, 173.5028121214048, -12.135524837102164, 1.8637783931639544, -12.135524837102164, 103.9459573541646, 6.575505586233135, 4.85689325162342, 30.0, 0.0
18, 0 ,1.0,1.0,1.0,40.69167712582366,85.52481761844996,38.129647787888295,12.413985159055356,12.430234865364543,15.732177535076909,58.0,60.0,78.0,0.09331487792803703,-0.00851294493463773,0.9956002527750865,15.758764354021736,0.5720671745904642,0.8188809803142789,-0.046616390203542135,12.477527488620675,-0.8148812682307525,0.5739002263878851,0.08128375507182063,12.332551647476642,79.58238037320696,61.58402232861606,63.280955586551045,22.60492260914269,6.718381513968778,101984.0,310140.15885948593, 0.0, 0.0,0.0,NaN, 102.09885923167714,102.09885923167714,0.0, 154.10702752924664, 1.6085107977185675, 8.845825276929395, 1.6085107977185675, 154.51073880812427, -0.9530430121502994, 8.845825276929395, -0.9530430121502994, 247.50140999517856, 5.939561760217853, 4.403468386049834, 34.0, 0.0
19, 0 ,1.0,1.0,1.0,190.47531659020163,282.25908516995236,58.912392334329255,14.215612938845805,10.389331684077595,13.492012584444389,69.0,44.0,71.0,-0.9875806771405575,-0.11909201864070706,-0.10247681315633797,14.284633006347,-0.07945859000399583,-0.1840924394559666,0.9796919445467174,13.572577987864051,-0.13553869784373176,0.975667497066102,0.1723432521324607,10.187769838634686,69.40044773104302,72.1275565918803,48.3788811955161,21.19335162315594,6.549665229989398,79993.0,242169.42643024007, 0.0, 0.0,0.0,NaN, 125.62271413075544,125.62271413075544,0.0, 202.08365122708025, 12.968310523021758, 3.886115268387708, 12.968310523021758, 107.9382128417786, -13.281228746627479, 3.886115268387708, -13.281228746627479, 182.03440357880575, 6.124005965531679, 4.641260413663199, 33.0, 0.0
20, 0 ,1.0,1.0,1.0,281.8737191876936,103.88588524980804,167.83937885567528,10.918223734297625,13.213146181004266,13.411149628557759,45.0,67.0,68.0,-0.33717644394372154,0.6889626065802286,0.6415937752064335,14.290200507619062,0.1880523521206583,-0.6184787830288818,0.7629680909481085,12.783996810971443,-0.9224686219657309,-0.37790808628195593,-0.07897543802572725,10.29627946694573,76.09625629518591,67.9199990426847,54.075167885492135,20.76122781382414,6.528797403410502,75538.0,279485.21538809047, 0.0, 0.0,0.0,NaN, 169.0777010474078,169.0777010474078,0.0, 119.20760951217999, -29.489217885065745, -13.004767998831339, -29.489217885065745, 174.58723200058762, 16.31217990595271, -13.004767998831339, 16.31217990595271, 179.8589343595649, 6.1348913559836245, 4.541156063571607, 26.0, 0.0
21, 0 ,1.0,1.0,1.0,277.88782570615285,207.33643529669368,11.389467922049485,12.86464572015057,12.160246437627475,7.1798008973485565,49.0,66.0,28.0,-0.9203555009779244,0.38896053235829064,-0.04068729638633284,13.015932566935277,0.3902076887145079,0.9202687891955993,-0.0290398915381449,12.009586427894225,-0.02614787730878917,0.04260351980788702,0.998749832847157,7.16069669084787,64.34200968390115,61.48849026270625,30.525252655536516,18.159753544551204,5.92820335814639,45670.0,120766.84450114887, 0.0, 0.0,0.0,NaN, 95.94375672795343,95.94375672795343,NaN, 165.49910950498835, -8.911986905518884, 3.3705987336251737, -8.911986905518884, 147.87159342383168, -4.35380281634092, 3.3705987336251737, -4.35380281634092, 51.549540925567136, 6.464865714481265, 4.686831153984554, 14.0, 0.0
22, 0 ,1.0,1.0,1.0,52.918719581979815,188.7976948776343,48.33203472711929,14.002809495701527,11.122531695120463,13.01180316886362,73.0,55.0,68.0,-0.9390708894614265,0.02157699253300361,0.34304562081355283,14.142377069975318,0.33592180597001087,0.26904302198240976,0.9026474353790734,12.998038556710805,-0.07281761352840095,0.9628864344852948,-0.25989865225549963,10.960865443750924,70.28837930870247,67.06527174774006,58.138176595389524,21.243371253127005,6.14943774575759,86503.0,274058.0889570791, 7.105427357601002E-15, 0.0,0.0,20.10389471327915, 132.29636853514685,132.29636853514685,0.0, 196.07867377290887, 2.792904207769044, -10.928805519272288, 2.792904207769044, 123.71071130895928, 12.444338435945545, -10.928805519272288, 12.444338435945545, 169.30702170524935, 6.026074815071102, 4.330351393077106, 32.0, 0.0
23, 0 ,1.0,1.0,1.0,91.05044266666667,268.3279253333333,39.276928,11.315351911041516,14.6959708188703,13.600033096142608,61.0,61.0,66.0,-0.04930114649674271,-0.8456421314117114,0.5314685150933816,15.335812755579159,0.28700043748464016,-0.5216685075667541,-0.8034256139162483,13.030251602074243,-0.9566609356703826,-0.11292189245019214,-0.2684185171848906,11.13530590996177,76.2833981692443,71.56353528018538,58.57144979700939,22.053889174640823,6.526531978670839,93750.0,319747.96716314874, 0.0, 0.0,0.0,NaN, 104.09601575758819,104.09601575758819,0.0, 128.03718887071088, -2.2202747616141925, -13.47243298679504, -2.2202747616141925, 215.97155830908738, -30.780710373375868, -13.47243298679504, -30.780710373375868, 184.96090021617428, 5.844042801618576, 4.259269479279036, 33.0, 0.0
24, 0 ,1.0,1.0,1.0,68.69121249578605,62.359062816046745,161.42285650073043,13.528151229793242,12.742654909362614,12.003379075259584,64.0,62.0,58.0,-0.9438791248155407,0.2262726076216463,-0.24060944448950802,13.720927820925413,-0.11632813238934928,-0.9095400109629844,-0.3990046792611088,12.827793412304374,-0.3091277460084342,-0.34862254014557736,0.8848176993879531,11.689785924636713,66.12075513816322,63.2600579972345,65.43697195128564,21.29616509002942,5.995047248981789,88990.0,273709.9498194577, 0.0, 0.0,0.0,NaN, 166.7655842488313,166.7655842488313,NaN, 183.01087569615638, -8.071056443171793, 13.016627416379409, -8.071056443171793, 162.3752541391031, 7.315669920577151, 13.016627416379409, 7.315669920577151, 144.08110922437965, 6.260418016951209, 4.387714046110709, 37.0, 0.0
25, 0 ,1.0,1.0,1.0,124.00726112348727,169.07196098500813,274.3444638449034,13.089300689521382,11.555289483518587,13.185350971768534,68.0,56.0,61.0,-0.7358285373446224,0.3032470821947004,0.6054730140722003,13.328237304656708,0.607084835109411,-0.10071324962688114,0.7882289288840989,13.133923225141727,0.3000072775941506,0.9475748247447239,-0.10998902172740786,11.338700935476583,76.15329968382734,71.27989105919531,60.07645364497293,20.991697342736263,6.169005633670716,83045.0,326106.93990763323, 0.0, 0.0,0.0,NaN, 182.14872699820185,182.14872699820185,0.0, 171.32979254070494, -13.636840176698891, -0.8411669781259545, -13.636840176698891, 133.52471504791527, 5.523011428296111, -0.8411669781259545, 5.523011428296111, 173.85348024871743, 5.676034331237382, 4.222137520902997, 31.0, 0.0
26, 0 ,1.0,1.0,1.0,276.67894596970376,207.72124210397203,287.1199378539158,13.72544414750629,12.796003111676521,7.702150698872472,59.0,63.0,35.0,0.9849497928217149,0.04513367051149591,-0.1668438114124121,13.860812180883888,0.057630248552085296,-0.9958221002169416,0.07083148432261248,12.820710551972525,0.16294986981365062,0.07938070612988633,0.983435835945607,7.413224986285847,64.16911741125142,62.49016344462751,40.2571303685105,19.169440680238893,6.631830974569948,48917.0,161428.6224040184, 0.0, 0.0,0.0,NaN, 96.04757529893573,96.04757529893573,1.3486991523486091E-6, 188.38781704631464, -0.18161156156594166, -22.094269395184895, -0.18161156156594166, 163.73769563403522, -8.750526962487491, -22.094269395184895, -8.750526962487491, 59.32312538814171, 5.609683947271027, 4.342089006802266, 16.0, 0.0
27, 0 ,1.0,1.0,1.0,12.98963210702341,250.00147861292027,81.19111071994367,8.248677323052759,11.86751060915386,13.752929700793056,33.0,57.0,60.0,-0.06329046235119445,0.04346873043691038,0.9970480363801814,13.772403106621839,-0.10933793706857238,0.9927351323494982,-0.05022123571371588,11.903432561686943,-0.9919876677121346,-0.11219370068424947,-0.05807788420571222,8.163992094022626,59.04387319748782,57.422633595439294,36.18721641332387,19.05662813771985,5.904784925280457,56810.0,122691.11784814572, 0.0, 0.0,0.0,NaN, 96.23190293820565,96.23190293820565,0.0, 68.04067757984481, -8.483684722707096, -7.351477482590237, -8.483684722707096, 140.83780805837938, 1.5908281411640846, -7.351477482590237, 1.5908281411640846, 189.14307535495576, 7.806847935722466, 4.970023288930396, 25.0, 0.0
28, 0 ,1.0,1.0,1.0,60.45751146305946,43.89882420901881,34.2537638549577,11.88875969179483,12.389177984600302,14.700836169575737,62.0,66.0,68.0,-0.349504304831994,-0.38914163477066843,0.8523001402040926,15.579654609774437,-0.4340709807081195,-0.7389036753232934,-0.515367579792152,12.089683404851492,-0.8303186885834838,0.5500819454242618,-0.08933492434240825,11.048205267764036,81.16430063645416,65.79264881637121,60.342259944566976,21.593281219821606,6.684244788291718,83093.0,322228.532699993, 0.0, 0.0,0.0,NaN, 82.19207867837088,82.19207867837088,9.5367431640625E-7, 141.34260700924548, 24.139931147869714, -30.5525626311493, 24.139931147869714, 153.4917311341048, -30.843146922982584, -30.5525626311493, -30.843146922982584, 216.11458408470625, 6.211613616086171, 4.332886032774098, 26.0, 0.0
29, 0 ,1.0,1.0,1.0,135.44915265961126,142.81575707269835,174.88979733001315,12.335265114728717,11.383504612045806,11.887847240870473,58.0,53.0,55.0,-0.87074052547578,0.4402068930062586,0.219154805203854,12.621127333705557,-0.30892389710444335,-0.1429439450319549,-0.9402834968117353,11.909313343916704,-0.38259242424800577,-0.8864451026027941,0.2604575147304375,11.042610888199453,65.48021864297675,54.402805357761565,58.50522780069919,19.808353263358978,5.540125966020872,72285.0,208413.61702673347, 0.0, 0.0,0.0,NaN, 233.22816347212415,233.22816347212415,NaN, 152.15876545064327, -13.439429824711787, -1.3497828029817638, -13.439429824711787, 129.58417725246815, 6.27733721852552, -1.3497828029817638, 6.27733721852552, 141.3209120222717, 5.617437356094886, 4.105526804680049, 31.0, 0.0
30, 0 ,1.0,1.0,1.0,238.95934768427918,95.19108936725375,185.27407697325506,13.193362168713909,11.384829925546983,11.90416405569449,67.0,56.0,59.0,0.900177921844634,-0.38310771969089347,0.20714290752212833,13.616066663577596,0.23147767437234795,0.01798075000294376,-0.9726740352741516,11.831312075148647,-0.36891434682138136,-0.9235286502012678,-0.1048667581589991,10.954956084203303,73.98251408325436,59.93402249927078,56.071521642307005,20.290437977235715,5.8039991648310645,76650.0,248625.03310707514, 0.0, 0.0,2.8421709430404007E-14,78.04502834129384, 161.08799503498642,161.08799503498642,0.0, 174.06480531485138, -22.466308747966828, 7.696229926270947, -22.466308747966828, 129.61435243363013, -5.53816575899905, 7.696229926270947, -5.53816575899905, 141.7091218648887, 5.845334928018628, 4.277375081653638, 30.0, 0.0
31, 0 ,1.0,1.0,1.0,275.42234491652647,64.71079967356151,239.62651002992354,14.491276184754392,13.459711803629478,12.690671941666153,58.0,71.0,65.0,-0.9669264778036634,0.21340568374471053,-0.13968249950388983,14.575162841218711,0.2217238706115421,0.9739859802810477,-0.04679567733245499,13.408663936576659,-0.12606233268997358,0.07621892390620477,0.9890899675536811,12.648574671420144,63.01775504654998,69.83192512305841,67.22098053140041,22.516241795579816,6.725543623648416,99253.0,295816.0854029124, 0.0, 0.0,0.0,NaN, 91.85046006940262,91.85046006940262,0.0, 209.9970854628298, -6.545525188316956, 6.878394870237097, -6.545525188316956, 181.1638418367627, -2.4661688422626704, 6.878394870237097, -2.4661688422626704, 161.05315433099258, 5.458126039827155, 4.077137230459515, 30.0, 0.0
32, 0 ,1.0,1.0,1.0,131.5784555337328,276.20225927918233,58.89028860227429,12.844479357425898,12.143358228042679,12.306746909860912,64.0,53.0,67.0,0.7291961845315462,0.2501634043841103,-0.6369389260922814,13.347125817915437,-0.5731037834757192,0.7318729111718472,-0.36866528892568873,12.674394917462877,-0.37393178232192603,-0.6338614304402799,-0.6770485279282061,11.185337026581239,69.70486395181419,68.26357940435449,61.27690237751838,20.682587997512954,6.010688167458348,79937.0,291574.09998623334, 0.0, 0.0,-7.105427357601002E-15,50.43606020944167, 146.10711315920565,146.10711315920565,0.0, 164.98064996334003, -5.227685165435186, -17.125235435019693, -5.227685165435186, 147.46114905457185, -18.036543604608205, -17.125235435019693, -18.036543604608205, 151.45601950337112, 6.237921619744634, 4.292753449578614, 22.0, 0.0
33, 0 ,1.0,1.0,1.0,36.1197371195614,176.39628874674915,209.1351069562569,12.165676804921345,13.153741927372051,12.835236307139823,66.0,63.0,67.0,0.25096048475997224,0.8156189382365824,0.5213296295808156,13.555130681424151,-0.34325807142888387,-0.4285834583008816,0.8357572109588891,12.579466871179108,-0.9050926645863193,0.3886926380325303,-0.17241027130466857,11.99096974061097,60.238957547061716,63.149003355885085,73.34617370535715,21.170913685816583,6.128647777571162,85362.0,279011.0548636792, 0.0, 0.0,0.0,NaN, 157.6037487911189,157.6037487911189,0.0, 148.0036921218012, 10.306196348720498, 1.0796732949099397, 10.306196348720498, 173.0209266919054, 11.811164240338233, 1.0796732949099397, 11.811164240338233, 164.74329106012033, 5.574109298524338, 4.21876200539908, 40.0, 0.0
34, 0 ,1.0,1.0,1.0,200.4552429667519,175.43222506393863,193.46814827880178,12.56169781884977,10.70000228704327,11.788006701636547,64.0,53.0,56.0,0.9097634164439407,0.2695868229194132,0.31567938008122387,12.826530615144764,-0.31708906643226265,-0.03951588909711479,0.9475721705801518,11.670376260346258,-0.26792732232709104,0.9621649751560704,-0.04953292373314547,10.513126716317798,65.14720421777486,57.04934407836393,51.48106540419275,19.503721523932924,5.55412006977992,68034.0,191334.79894336217, 0.0, 0.0,0.0,NaN, 191.76893553565188,191.76893553565188,0.0, 157.79625209209507, 13.564263828669327, 7.793257952038106, 13.564263828669327, 114.49004894273122, 3.633795333414635, 7.793257952038106, 3.633795333414635, 138.95710199782815, 5.913243362840568, 4.19922638091331, 33.0, 0.0
35, 0 ,1.0,1.0,1.0,164.11125350040345,9.70632208457924,224.02007689021787,13.364668827185877,6.562124821487194,12.326663299601366,62.0,27.0,66.0,0.8779728472016626,-0.06254572780772805,0.4746069020880411,13.76661575333208,0.47824962338838145,0.0711100845864408,-0.8753403073085233,11.921613908233962,-0.020999459647262433,-0.9955055940591753,-0.09234519419770668,6.479035086954163,62.83074706860458,59.29784020583084,28.872551141082702,18.270110152320722,6.3107494132589785,42138.0,107571.26065970877, 0.0, 0.0,0.0,NaN, 155.99010490864353,155.99010490864353,0.0, 178.61437286035394, -4.696194359782306, 19.55484075035972, -4.696194359782306, 43.061482172778334, -10.613426087701196, 19.55484075035972, -10.613426087701196, 151.94662810173924, 6.468681975381563, 4.326069459317556, 16.0, 0.0
36, 0 ,1.0,1.0,1.0,104.0147764401142,229.43140140699967,156.88518823771818,12.07604460865576,10.931877349971185,11.98629953676038,59.0,52.0,59.0,-0.826956555269294,0.5446498909687137,0.13964008008058174,12.850467472654637,-0.16674908679247655,-3.84156830435578E-4,-0.9859992872600893,11.983812549225807,-0.5369707606108713,-0.8386634299236484,0.09113755294983533,10.013086182055075,58.50520153537714,59.50410907438072,54.03125227078996,19.46243413634675,5.497438481547807,67946.0,188098.99278027943, 0.0, 0.0,0.0,NaN, 190.47532693506608,190.47532693506608,0.0, 145.83085339024385, -29.215967489074394, -0.36390264313824794, -29.215967489074394, 119.50594239481299, 4.950304099961937, -0.36390264313824794, 4.950304099961937, 143.67137658494212, 5.94324796777388, 4.144356832536695, 23.0, 0.0
37, 0 ,1.0,1.0,1.0,52.0217260849404,20.37380322413464,165.58103979705953,12.429247344558142,11.470003859336886,12.261224238830591,61.0,49.0,59.0,0.641590006719852,0.20686094673541439,-0.7386276545005258,12.774905520168351,-0.699857359748905,0.5519967028087097,-0.45332032393618243,12.423171195966159,-0.3139457585037776,-0.8077797897967249,-0.4989287242817819,10.901899114685685,69.72050536421843,61.33850961641029,58.57106938068024,20.069710831944942,5.795817892439391,73322.0,250482.21738570966, -7.105427357601002E-15, 0.0,0.0,50.08951527052259, 145.5671965269374,145.5671965269374,0.0, 154.48618955220564, -7.822351661657492, -9.758211674486697, -7.822351661657492, 131.56098853320307, -15.65504403532111, -9.758211674486697, -15.65504403532111, 150.3376198348868, 5.574428038764844, 4.065724060995694, 23.0, 0.0
38, 0 ,1.0,1.0,1.0,186.6859842382549,65.61704474535928,63.02840307107299,11.80687270811671,10.930561850726306,12.628734444737368,60.0,57.0,61.0,-0.563673657723465,-0.15113041887928214,0.8120539416061118,13.191160041349585,0.606782305409642,0.5912782951173781,0.5312299046221388,11.668683784817087,0.5604348681429537,-0.7921802662351919,0.24158473535621125,10.40189764837981,66.22318495795862,56.40172362469116,55.08068206541593,19.65743370341108,5.6524029748339295,68901.0,205731.953380797, 0.0, 0.0,0.0,NaN, 145.32116956196418,145.32116956196418,0.0, 139.4022431456712, 15.636948376810116, -21.109932673753242, 15.636948376810116, 119.47718237255329, 0.7057001122383575, -21.109932673753242, 0.7057001122383575, 159.48493367569606, 5.349051238176423, 3.9334045021742816, 33.0, 0.0
39, 0 ,1.0,1.0,1.0,92.09896994651382,158.67224327318988,106.49257896392761,11.266543177797116,11.555401770629476,13.16471769516265,57.0,56.0,61.0,-0.09383454338898806,0.2009922409036758,0.9750883024441934,13.209465853814608,0.6587186686714739,-0.7218505345143648,0.21218275463620326,12.440880466971768,-0.7465150996534906,-0.6622189403194724,0.06466282604011303,10.22284707479225,62.52472618589053,57.72738296964329,52.65261242167318,20.034330709618295,5.691896895481483,73103.0,190043.75028186617, 1.4210854715202004E-14, 0.0,0.0,84.6157555816806, 199.49041195262905,199.49041195262905,0.0, 126.93499517716673, -25.222571988585084, 0.6227540757011729, -25.222571988585084, 133.52731008066684, 6.016308386464378, 0.6227540757011729, 6.016308386464378, 173.3097919933286, 6.215639961848137, 4.296004595806864, 28.0, 0.0
40, 0 ,1.0,1.0,1.0,84.0289207189125,207.9517379801113,190.6878543407145,13.78652337007774,12.340374052303156,10.373053864570123,65.0,60.0,52.0,-0.9750025225536154,0.22218257742332553,0.002232331430283099,13.86182389272599,0.21520492318437096,0.9467871816697554,-0.2393342300279069,12.367677376443503,-0.05528943887665797,-0.2328710692966603,-0.9709346749567319,10.239321244154235,65.41498912854003,59.381986925218484,55.05972083075301,20.394568555877964,5.832227557401462,76727.0,213877.94549955236, 0.0, 0.0,2.8421709430404007E-14,89.87209672434008, 165.77963459576156,165.77963459576156,0.0, 190.06822663369968, -9.10933447909942, -2.6682699542800656, -9.10933447909942, 152.28483175075704, -10.85965664467979, -2.6682699542800656, -10.85965664467979, 107.60024647727315, 5.660699057785602, 4.1069756967361055, 21.0, 0.0
41, 0 ,1.0,1.0,1.0,288.0352359640627,76.80241140910458,283.9542767442637,8.043691489716249,11.647399020422922,8.85717963593781,37.0,61.0,36.0,0.19296389372234687,-0.964112560267376,-0.1823510538883636,11.81438693878104,0.5035537428256066,0.25680783229752896,-0.8249141563562647,9.280195382877297,0.8421392781516812,0.06735509190351063,0.5350371274863414,7.2877117631213135,60.848566288583875,49.86924510715812,38.83796694096213,15.820203415851179,5.341691839394202,29941.0,117852.72580839075, 0.0, 0.0,0.0,NaN, 79.36769627177478,79.36769627177478,NaN, 64.70097278173361, -11.817692930649814, -16.755110449390415, -11.817692930649814, 135.66190394094886, 8.208593608064643, -16.755110449390415, 8.208593608064643, 78.44963110327141, 6.580547364891174, 4.413354550007, 9.0, 0.0
42, 0 ,1.0,1.0,1.0,120.9392991314642,235.88825000301995,76.3880869260597,11.889464283869097,12.35702534150277,13.046772344986005,61.0,61.0,65.0,-0.1177094382878349,-0.12351157509917847,0.9853371904858165,13.080432475856064,0.39643578909622434,-0.9155843122073279,-0.06740943823744767,12.444928633390251,0.9104851197365151,0.38268819952587324,0.1567373238320386,11.760091089112603,65.7006516544191,60.97730259417207,58.63771834035131,20.749279111112358,5.808710806968839,82783.0,234917.272115836, 1.4210854715202004E-14, 2.8421709430404007E-14,0.0,80.61234607071418, 156.75385285953357,156.75385285953357,0.0, 141.3593609573989, -5.539948343679538, -4.247005583230225, -5.539948343679538, 152.69607529054161, -2.9684453069715135, -4.247005583230225, -2.9684453069715135, 170.2182686218916, 6.160825948653332, 4.312262417226785, 36.0, 0.0
43, 0 ,1.0,1.0,1.0,23.550719801697017,187.99907045476212,122.10229764515206,12.607560934709872,12.70189791312842,12.327869992480633,53.0,61.0,59.0,-0.5733594258020421,-0.5715358835538036,0.5870312620758162,13.820413924118657,0.6551019600907612,-0.7501055010859732,-0.09046081541642076,12.249103882046889,0.4920369810585329,0.33269876923567715,0.8044943369719082,11.455164552389201,72.67893448604175,63.839861427836524,59.178032549646986,20.909398949166782,5.921335782919514,83912.0,274575.0110295933, 3.552713678800501E-15, -2.8421709430404007E-14,0.0,61.8880026964405, 167.35535758499245,167.35535758499245,0.0, 158.95059272242247, 10.342691821724326, -21.237050466891063, 10.342691821724326, 161.33821059553608, -18.78075866126065, -21.237050466891063, -18.78075866126065, 151.97637855150444, 5.948020139214908, 4.290842014557209, 22.0, 0.0
44, 0 ,1.0,1.0,1.0,216.75040544923775,135.89067737052653,206.11841820737376,12.583032950668533,12.619408413876773,11.283184631499687,68.0,58.0,59.0,0.5907977755495828,0.6907328718533884,0.4169485437638974,14.121311062990351,-0.8068065925092557,0.5087273620967716,0.3004323440271762,11.675071728942024,-0.004594637011561202,-0.5138915944002491,0.8578428285621448,10.448622701996166,64.78209258363859,59.05414367177539,54.00431883629018,20.248886433067778,5.905509343236953,73992.0,206601.67651117663, -2.8421709430404007E-14, 0.0,0.0,53.786358768092036, 184.96086772334414,184.96086772334414,0.0, 158.33271823761007, 25.687682853266374, 15.651529184962776, 25.687682853266374, 159.2494687162239, 30.135513094381153, 15.651529184962776, 30.135513094381153, 127.31025542851071, 5.7311015461775625, 3.8850588935273387, 29.0, 0.0
45, 0 ,1.0,1.0,1.0,125.61958831834733,91.80469644051423,213.1827747640633,12.706139588574745,10.302337901997554,12.200776483799478,63.0,51.0,65.0,0.7513035349963663,0.1209854285927377,0.6487723209032539,13.617191484380385,-0.6151297865471752,0.4844999917638834,0.6219928485788427,11.647036305070992,0.23907811276733298,0.8663846051546785,-0.4384282973834857,9.76533346512,67.65732115386282,58.088456893680416,52.696318748864414,19.60563797513513,5.662336610168864,67285.0,207102.2967849198, -1.4210854715202004E-14, 0.0,0.0,41.296579378405035, 178.17298856861945,178.17298856861945,0.0, 161.4459832443464, -3.8214310754045226, 28.48462960334348, -3.8214310754045226, 106.13816624693534, 19.21160501114009, 28.48462960334348, 19.21160501114009, 148.85894680763437, 6.180502129544951, 4.207140800617312, 37.0, 0.0
46, 0 ,1.0,1.0,1.0,107.59106534390736,211.0432711153997,279.52207279196693,11.814584559191731,12.157807695881171,11.311948741193424,61.0,58.0,46.0,0.491955914710626,0.8448143423200674,0.2103998692764385,12.253051227472042,-0.7208344860560848,0.530769580150075,-0.445736801823198,11.930069203610662,-0.48823869335960135,0.06761937442497157,0.8700865465624008,11.085714456619966,60.439724889064735,65.0959031162134,55.83458067053786,19.540248234802785,5.790991238291065,66326.0,219674.37239264368, 0.0, 0.0,0.0,NaN, 141.0974218702196,141.0974218702196,0.0, 139.58440830629166, 3.887806327277146, 9.064004769419396, 3.887806327277146, 147.81228797002743, 0.24498162239692853, 9.064004769419396, 0.24498162239692853, 127.96018432338751, 5.311584698916833, 3.98962304065324, 26.0, 0.0
47, 0 ,1.0,1.0,1.0,279.675578838123,233.48859620944427,46.31863895821493,11.102887147332197,12.333161460434944,14.394459123187914,47.0,62.0,67.0,0.23861509743570003,-0.018587945919280202,0.9709363128147249,14.579255067627182,0.16669542083422886,-0.9841928619170898,-0.05980842101533594,12.37802871634063,0.9567003041437014,0.17612182947593463,-0.23174475017440863,10.807920930280437,71.278341637349,60.322667808974415,55.64171683623323,21.032641945545745,6.341088302110744,80938.0,239242.67455504197, 0.0, -2.8421709430404007E-14,0.0,88.93492781051286, 83.55995000415673,83.55995000415673,NaN, 123.27410300639448, -6.397186003266804, 21.818920924223203, -6.397186003266804, 152.10687160915782, 0.41492381524675376, 21.818920924223203, 0.41492381524675376, 207.2004534491278, 5.753735329088402, 4.072937998508405, 20.0, 0.0
48, 0 ,1.0,1.0,1.0,224.77472827649663,232.50622519983898,166.68781988613492,14.01183295177432,10.534275629089391,11.189073794389854,72.0,53.0,58.0,-0.9952975734373388,0.0878416091565197,0.040823914689040085,14.038780986991197,-0.06369974933509773,-0.2760521895492028,-0.9590294732591573,11.245118200617501,0.07297316112373461,0.9571201807222975,-0.2803495628848479,10.438282575586483,72.55589017462887,54.79567253496623,53.76132777211157,19.92800500806568,5.947471267090965,69556.0,213741.53429530378, -2.8421709430404007E-14, 0.0,0.0,5.558645456718175, 167.29132825511718,167.29132825511718,0.0, 196.33146266842863, -7.397405793083617, -2.5121132641922173, -7.397405793083617, 110.97096302962669, 4.9476849443516056, -2.5121132641922173, 4.9476849443516056, 125.19537237630175, 5.5167788439464305, 3.9653465111550377, 34.0, 0.0
