// Sample: .//bubblelabels.tif, Map: .//bubblelabels.tif, Thickness:(8.191250068658265):/gpfs/home/mader/Foam/NewValid/InSilicoTest/LatticeData_OldFoam/out_Step_07000.vtk/distmap.tif, Neighbors:(1.0):
//LACUNA_NUMBER, TRIANGLES, SCALE_X, SCALE_Y, SCALE_Z, POS_X, POS_Y, POS_Z , STD_X, STD_Y, STD_Z,PROJ_X, PROJ_Y, PROJ_Z, PCA1_X, PCA1_Y, PCA1_Z, PCA1_S, PCA2_X, PCA2_Y, PCA2_Z, PCA2_S, PCA3_X, PCA3_Y, PCA3_Z, PCA3_S,PROJ_PCA1, PROJ_PCA2, PROJ_PCA3,OBJ_RADIUS, OBJ_RADIUS_STD, VOLUME, VOLUME_BOX, Mask_Grad_X,Mask_Grad_Y,Mask_Grad_Z,Mask_Angle, Mask_Distance_Mean,Mask_Distance_COV, Mask_Distance_STD, SHAPET_XX, SHAPET_XY, SHAPET_XZ, SHAPET_YX, SHAPET_YY, SHAPET_YZ, SHAPET_ZX, SHAPET_ZY, SHAPET_ZZ, Thickness, Thickness_STD, Neighbors, Neighbors_STD
1, 0 ,1.0,1.0,1.0,79.0625845890102,135.9455359559686,39.64586904869319,18.39854329857297,17.645953232287308,19.291286894376125,99.0,93.0,88.0,0.41992102037787915,-0.38184495089870785,0.8233230047301996,19.790891068914515,0.8044528454171465,-0.26336563627672394,-0.5324416973987042,18.332536687046712,-0.42014516080166575,-0.8859079947159978,-0.1965834905408448,17.154548677919486,98.01289275834093,93.31466017862124,90.92728013202886,30.742778748983003,8.770482644525517,265992.0,831624.5212536854, 0.0, 0.0,0.0,NaN, 162.18469706133214,162.18469706133214,0.0, 338.5063955094643, -24.474387714890113, 15.769057783491796, -24.474387714890113, 311.37966547607084, -24.75908784885087, 15.769057783491796, -24.75908784885087, 372.153750041128, 7.659635796059311, 6.203238887636163, 45.0, 0.0
2, 0 ,1.0,1.0,1.0,57.57129247803233,262.1455361841886,13.540567728353775,21.269353003507977,21.311114957394647,9.036953540577803,113.0,95.0,38.0,0.7035327725440244,0.7092033790508877,-0.04552147953792755,22.828673521025355,0.7089033565530307,-0.7048543524193304,-0.025226433425544353,19.659815690303095,0.04997668480767402,0.014522706990426484,0.9986447926852193,8.975457620836606,114.40713063409115,109.90155102846474,40.8971265256911,29.467083397532583,10.950183708627009,150107.0,514220.8835211057, 0.0, 0.0,0.0,NaN, 70.21937854168074,70.21937854168074,0.0, 452.38537718783374, 66.95626815887925, -19.581581042489567, 66.95626815887925, 454.16362072728987, -8.78390909546942, -19.581581042489567, -8.78390909546942, 81.6665292945617, 7.498408537122154, 5.883123324018, 24.0, 0.0
3, 0 ,1.0,1.0,1.0,260.63152296424965,140.64718539734275,127.16597299816051,18.533518750304317,17.195027421625117,15.799720505719582,92.0,92.0,81.0,0.9340427003821498,0.26130311032901893,-0.24348494490461237,18.735164690811153,-0.33076709232120927,0.8900548657840099,-0.31368051665919816,17.358799640069144,-0.13474926530483972,-0.3735278040877138,-0.9177797203431857,15.37716269086387,104.53781381710456,87.78569710868473,83.15313472423006,28.55778840665718,8.55828105859527,204949.0,763090.06925039, 0.0, 0.0,-1.4210854715202004E-14,75.9076836507825, 193.65611901739075,193.65611901739075,NaN, 343.49131726788175, 8.859822658426136, -19.320723131861943, 8.859822658426136, 295.6689680304397, -25.399473324953863, -19.320723131861943, -25.399473324953863, 249.63116805885588, 6.367719896982821, 5.504376453751201, 45.0, 0.0
4, 0 ,1.0,1.0,1.0,78.24629982470849,16.959812514290068,262.2375428702081,17.599134288162013,10.86336529445662,18.326167021836955,83.0,46.0,81.0,-0.6205546599333958,0.15465851134482617,0.7687604691342745,19.528617384092815,0.7670707533882386,-0.08384969633859306,0.6360595001415557,16.48718983128872,-0.16283234731265053,-0.9844033590416724,0.06660070101826518,10.50696461679521,111.4307891149725,92.37014427231588,49.456657952081585,26.156488725848348,8.912279644421385,131210.0,509051.34989854164, 0.0, 0.0,0.0,NaN, 88.52187212919425,88.52187212919425,0.0, 309.72952769275986, -36.38917964350566, -50.505987904402055, -36.38917964350566, 118.01270552080457, 23.60747323797366, -50.505987904402055, 23.60747323797366, 335.84839771226433, 7.213492851703507, 5.810371885936132, 20.0, 0.0
5, 0 ,1.0,1.0,1.0,188.62932577995014,113.32746679562686,236.65615410743996,15.685569614687703,15.434278059001334,16.759150210632026,77.0,92.0,85.0,-0.19159932179227626,-0.13183840764966157,0.9725781892254944,16.79955954972035,-0.7610199462213947,-0.6058091726828156,-0.2320428575641754,16.040582535028296,-0.6197889490317857,0.7846106553965247,-0.015740968722107732,15.019908787827465,86.4920725164138,85.65908808723796,79.23736934682225,26.611200064851626,7.547660579981877,173697.0,587056.3622504191, 0.0, 0.0,0.0,NaN, 171.05257852193512,171.05257852193512,NaN, 246.0370941372141, 16.04637356797439, -4.953934252131475, 16.04637356797439, 238.21693920257002, -2.8044067867098756, -4.953934252131475, -2.8044067867098756, 280.8691157825275, 6.847623265182079, 5.6676305820995, 39.0, 0.0
6, 0 ,1.0,1.0,1.0,277.4505849840516,206.4321550098072,208.08911685267927,13.80081615263134,17.006480740808204,17.153490924113584,56.0,90.0,84.0,-0.19810859967245895,0.590169290428084,0.7825938866177204,17.81083742652811,0.17482945633524075,0.8068910565558219,-0.5642353091111484,16.56325409273191,0.9644623600396967,-0.025040596754892553,0.2630310334938016,13.503993800918405,91.16699753835243,98.41128737591387,64.50604719353294,26.599037130396056,8.149625039563826,159577.0,578739.3273929285, 0.0, 2.8421709430404007E-14,-2.8421709430404007E-14,78.40553958016504, 133.08278692073847,133.08278692073847,0.0, 190.4625264787301, -2.792490406952005, -29.983467348415527, -2.792490406952005, 289.22038718748036, 20.41262414762481, -29.983467348415527, 20.41262414762481, 294.2422508836471, 8.138372154998173, 6.006132194180738, 32.0, 0.0
7, 0 ,1.0,1.0,1.0,264.09336475205924,279.75394576814637,28.152364696777045,18.14349074703024,11.958835633232951,16.731071857010996,77.0,52.0,72.0,-0.9247641795168718,0.10287349615481106,0.36637174573289993,18.483288073671222,-0.35805790856572633,0.09079742088529777,-0.9292741051348175,16.452909665438092,0.1288632856791434,0.9905417064159713,0.0471315335472045,11.823645681486589,88.87359293499819,84.01320851354737,58.27171616375824,26.135285942872674,8.311173223984323,144712.0,435089.0141563986, 0.0, 0.0,0.0,NaN, 49.917379787085764,49.917379787085764,0.0, 329.1862564875719, -23.45680082697649, -24.82788987380578, -23.45680082697649, 143.01374970268216, -3.437660665610767, -24.82788987380578, -3.437660665610767, 279.9287654844653, 6.911301900509063, 5.69946163125314, 17.0, 0.0
8, 0 ,1.0,1.0,1.0,277.5295083427728,208.51773555128483,285.66003996385433,13.647051967395074,18.549069785671236,8.595204574746104,54.0,97.0,38.0,0.22925962756466847,0.9717039133060144,-0.05684653054222938,18.824284244774365,0.9733030465165734,-0.22819312025291474,0.024679536275964385,13.301473961613063,-0.011009214797948398,0.06098692265574557,0.9980778488948222,8.538423280482702,97.23565474902404,62.8209776295069,40.38338522769703,23.012778202986812,8.637105902809292,78571.0,246679.44090655388, 0.0, 0.0,0.0,NaN, 95.28673652623658,95.28673652623658,0.0, 186.24202740078175, 39.595132175030855, -1.169277502592529, 39.595132175030855, 344.0679899137015, -16.13251410430858, -1.169277502592529, -16.13251410430858, 73.87754168173636, 6.753633829242329, 5.530822519139141, 16.0, 0.0
9, 0 ,1.0,1.0,1.0,156.46335949274985,177.80853385998648,14.383010238553089,17.300022824422584,17.096176355809696,9.48492605985731,82.0,81.0,40.0,-0.7516358011559662,-0.6595177981063745,-0.008938478704359612,17.922919389018507,-0.6554126506456657,0.7452994110646152,0.12232352692903925,16.526962739747734,-0.07401270022267294,0.09780113418389595,-0.9924500281415142,9.336076330514,88.72207789272125,88.31313477728963,44.68465727443173,24.85344590353183,7.9899990485391115,115446.0,350118.80433445796, 0.0, 0.0,0.0,NaN, 189.0512960788049,189.0512960788049,0.0, 299.29078972554237, 25.185516156711717, -13.337728173266509, 25.185516156711717, 292.2792459889465, 18.335048926017016, -13.337728173266509, 18.335048926017016, 89.96382236096032, 8.657515457824918, 5.879514139854464, 17.0, 0.0
10, 0 ,1.0,1.0,1.0,44.615986266722196,256.3938870661371,213.88774162747467,16.91230163396541,20.435324043235706,14.431334998231767,84.0,88.0,79.0,0.24402699936172836,-0.9618208191579751,-0.12390131321657703,20.69389021123104,0.9106498616211939,0.2711995074024347,-0.3117172704775547,16.968131571874235,0.3334181355472603,-0.03676328357149414,0.9420619978903886,13.990613425670308,95.0434723888824,89.65260321348214,80.67448100858118,28.82771676671629,8.99191810235672,196894.0,687418.7591124478, 0.0, 0.0,0.0,NaN, 106.33626078516072,106.33626078516072,1.3486991523486091E-6, 286.025946558229, -31.80454558762279, -33.196460306289886, -31.80454558762279, 417.6024687520473, 19.91451281310158, -33.196460306289886, 19.91451281310158, 208.26342983118906, 7.53598076626924, 5.489874687428128, 33.0, 0.0
11, 0 ,1.0,1.0,1.0,14.277404372616395,168.8793565683646,12.448230940603406,9.131436602058608,17.875469219368668,8.167625567632722,35.0,87.0,33.0,0.030794594755484676,-0.9987030374283049,0.04054548020833078,17.893661777508733,0.9810434187175736,0.022435537706053135,-0.19248495327888918,9.15562820449685,0.19132564784884784,0.045704372649878436,0.9804619354140681,8.100430977189127,87.36395913330965,40.55621324204794,38.05563610428622,20.21513790661107,7.808574841782297,52966.0,134836.87867700245, 0.0, 0.0,0.0,NaN, 132.48179445907226,132.48179445907226,0.0, 83.38313441741568, -7.4283197911675485, -3.1205840956516506, -7.4283197911675485, 319.53239981259674, -10.386753847554008, -3.1205840956516506, -10.386753847554008, 66.71010741304775, 9.110594404837347, 5.723352176286052, 11.0, 0.0
12, 0 ,1.0,1.0,1.0,22.800518151793426,131.54154113901103,188.97544382403933,14.610647542051248,16.4542250064032,16.218478438433575,65.0,76.0,77.0,-0.4983366354000569,-0.02341951979001139,-0.8666672509740727,16.932095901178137,0.1922936071156769,0.9717515583064431,-0.13682864316889548,16.605760307179846,-0.8453897127837507,0.23484129752197438,0.47975597807385706,13.594279606920113,88.94015769027638,79.54683969431987,68.37030509542369,26.1135254386955,8.083030012310365,151693.0,483713.6503546455, 0.0, 0.0,0.0,NaN, 173.6360928703633,173.6360928703633,NaN, 213.47102159804817, 18.183627687938657, 41.613172197237176, 18.183627687938657, 270.7415205613444, -10.024521627610504, 41.613172197237176, -10.024521627610504, 263.03904285793476, 6.624298348807638, 5.154921778618306, 26.0, 0.0
13, 0 ,1.0,1.0,1.0,123.2368881118881,234.84802129688492,78.00862868192414,14.567687707869611,15.223216001204218,16.35068603322165,78.0,77.0,78.0,-0.13827293362990875,0.5348232232494584,0.8335734614888115,17.129093839117026,0.9300258785950118,-0.21923703128568633,0.2949355679747953,14.531213020572693,0.3404885621705301,0.8160264971102957,-0.4670848906194098,14.378691064620131,82.18111436543231,71.56879534237675,72.90455403820599,25.61195590548086,7.438849307951899,151008.0,428795.6696279385, 1.4210854715202004E-14, 0.0,0.0,82.05207933440238, 159.74184507907597,159.74184507907597,0.0, 212.21752515401536, -7.307635475154738, -8.778896914133053, -7.307635475154738, 231.74630541932015, 38.34876316652153, -8.778896914133053, 38.34876316652153, 267.34493375698946, 6.443104238453033, 5.098152690118212, 33.0, 0.0
14, 0 ,1.0,1.0,1.0,191.5532767543614,279.22859291136405,59.923154450994666,16.415623866100653,12.272630614477716,14.910425155998695,75.0,55.0,83.0,-0.956896358679602,0.017365291480176834,0.2899099953391176,16.556312080643625,0.28749514814971716,0.19817710868712227,0.937055160266878,14.851996779048703,0.04118128866476514,-0.9800123878014095,0.19462739072311547,12.153915805566886,76.67833153025495,78.24170952922577,59.92725500730833,24.301992121438833,7.198897580519519,125017.0,359530.1950753306, 0.0, 0.0,0.0,NaN, 125.63012208270645,125.63012208270645,0.0, 269.4727069132933, 2.051172695824199, -15.433874354854563, 2.051172695824199, 150.61746219941568, 14.167393971215754, -15.433874354854563, 14.167393971215754, 222.3207783326387, 7.029074324216987, 5.557745931082107, 30.0, 0.0
15, 0 ,1.0,1.0,1.0,173.9794102159031,102.32959452343339,11.548880989994734,14.37514466240444,17.668385811430916,7.475706226299218,70.0,86.0,30.0,-0.18053033091741943,-0.9835592836476013,0.004464881797422229,17.771833498751942,-0.9809554646523395,0.18037942792454403,0.07203914456965173,14.274284221004782,-0.07166014225188236,0.008625400409958947,-0.9973918119175672,7.423581945339416,86.81497070986667,69.394372122304,32.41857699696073,22.60914487240375,7.97053279067094,75960.0,195304.75698456733, 0.0, 0.0,0.0,NaN, 162.7449280837439,162.7449280837439,0.0, 206.64478406505486, 19.993568797191237, -10.71452804280727, 19.993568797191237, 312.1718571815733, 0.7865747174104112, -10.71452804280727, 0.7865747174104112, 55.8861835819289, 7.00482397623215, 5.183353728848843, 23.0, 0.0
16, 0 ,1.0,1.0,1.0,220.2768330537158,30.05114370392887,262.3884793677331,14.270520593015936,16.77261118002971,17.25899913084073,75.0,72.0,79.0,0.27076010564905667,0.43424179196574053,-0.8591408681347281,17.770885237179677,-0.11186235675735637,0.9006243655667353,0.4199554325023138,16.53291631624136,-0.9561253988518462,0.01760165497610991,-0.29242845862278916,13.917600754356354,94.7235320736264,87.60119052665226,71.29080346802388,26.837024802982953,7.912988974761666,171067.0,591563.5432232793, 0.0, 0.0,0.0,NaN, 93.13152565125691,93.13152565125691,0.0, 203.64775799569193, 6.333331312369083, -32.145295220105616, 6.333331312369083, 281.32048579645766, -15.433472300258437, -32.145295220105616, -15.433472300258437, 297.8730509983612, 7.734981679637534, 5.56052694528933, 34.0, 0.0
17, 0 ,1.0,1.0,1.0,158.33239043954612,254.65635189774358,279.5471256684492,18.23661734998548,15.503546732401395,11.036586610939933,87.0,84.0,49.0,-0.8861223405904992,0.4363545109628325,-0.15614716862243672,19.092978631342717,0.4593068325215771,0.8718100126412424,-0.17024845214413267,14.75048148966402,-0.061841984973088904,0.2225804183230526,0.9729509372387303,10.61234566344754,92.72179646697552,75.3722696750736,52.80671976376317,25.016931253871295,8.300214955852656,122672.0,369047.80079002347, 0.0, 0.0,0.0,NaN, 150.14685507934115,150.14685507934115,0.0, 332.57421236979144, -55.381364521900096, 26.649952318939658, -55.381364521900096, 240.35996128375396, -32.74254410395771, 26.649952318939658, -32.74254410395771, 121.80624402077859, 7.266393249324343, 5.485575070278047, 29.0, 0.0
18, 0 ,1.0,1.0,1.0,234.42366315254668,243.2761971294297,10.724787247554934,15.265973040680615,14.375851619490556,7.152866090054768,70.0,71.0,30.0,-0.9746548389684127,0.2001098351135501,-0.10001999183305771,15.3570276411026,0.20447465006331564,0.9782324247574059,-0.03537570684425036,14.35065023625199,-0.09076377227143981,0.054930656687076806,0.9943563549346806,7.007073268763743,70.95262210111798,68.02768738321208,33.25096677863396,20.979846703962508,7.122118241427674,62984.0,160493.8643359979, 0.0, 0.0,0.0,NaN, 87.36627969608926,87.36627969608926,0.0, 233.04993287878733, -5.049108411687144, 17.069760210311163, -5.049108411687144, 206.66510978560925, -9.16520702017127, 17.069760210311163, -9.16520702017127, 51.16349330225538, 6.837902709694571, 5.139546589784788, 12.0, 0.0
19, 0 ,1.0,1.0,1.0,272.8172084623323,66.98886535223508,238.62358101135192,15.104417607445534,16.16222040066224,14.616022259557795,68.0,83.0,78.0,0.4426994356751355,-0.8810050517305257,0.16687512839908283,16.516510549492672,-0.7311217280747123,-0.46240235778541283,-0.5016423808367242,14.888130875949557,0.5191129245067618,0.10007076665932235,-0.8488271987102279,14.440822155288695,86.41507492219941,78.52930405296996,73.7356452770446,25.446920909581873,7.446013863342582,147288.0,500378.6195720403, 0.0, 0.0,0.0,NaN, 94.83394458120078,94.83394458120078,0.0, 228.14343126011065, -20.62664153306554, 9.558658353488564, -20.62664153306554, 261.2173682795826, -6.403925147611708, 9.558658353488564, -6.403925147611708, 213.62810669188897, 5.980788593075109, 4.890301307796453, 30.0, 0.0
20, 0 ,1.0,1.0,1.0,278.07656255404515,206.91202310539242,12.381654041714226,13.012795629082653,14.196035960376776,7.818154877281192,54.0,75.0,32.0,0.14852175996633332,-0.9888195371967836,0.013312012411382834,14.221609849901235,0.9844589228149138,0.14911562900631797,0.09276399342497796,13.022013031934874,-0.0937118781510755,-6.72342165974412E-4,0.9955991321055929,7.756082943796399,71.4173343014256,57.05772746390733,33.19668752380106,19.744756360920867,6.490641648220276,57822.0,135273.54040772037, 0.0, 0.0,0.0,NaN, 96.43295032604979,96.43295032604979,0.0, 169.33285008427262, -4.80651873486859, 10.27306937769926, -4.80651873486859, 201.52743698831057, -0.3569493599288185, 10.27306937769926, -0.3569493599288185, 61.1235456851557, 7.463270280269102, 5.557519345915849, 12.0, 0.0
21, 0 ,1.0,1.0,1.0,40.56925921130246,85.45820564835196,36.6223042283511,13.518905499584786,13.818609941410212,17.454236767556985,63.0,71.0,81.0,0.2687161424111605,0.03268190997896366,0.9626648054062183,17.74926028998815,-0.11255642034520912,-0.9915117980747113,0.06508000090446348,13.824657056044485,0.9566204508825523,-0.12584215128000367,-0.26275666673651343,13.122796355902656,83.5161009663679,72.10328754994634,62.07919210370632,24.99352896435719,7.327255807280912,139014.0,373827.57532506087, -7.105427357601002E-15, 0.0,0.0,74.41211587479705, 101.44044002558233,101.44044002558233,0.0, 182.76080590670378, 3.3650919764745177, 36.80883187944703, 3.3650919764745177, 190.95398071284114, 3.27319613540123, 36.80883187944703, 3.27319613540123, 304.6503811379381, 6.776449100982404, 4.92995986298109, 22.0, 0.0
22, 0 ,1.0,1.0,1.0,69.89822095423654,63.73571003332328,159.8198919119523,14.664343354171706,14.398629649062917,14.336241129576525,72.0,68.0,71.0,-0.698243827795124,0.5783131082751282,0.421911727430244,14.832629336425372,0.7013720482268003,0.4346906612973451,0.5649082040004546,14.521569449052423,0.14329273153986535,0.6903607591528041,-0.7091327205183864,14.035969478801096,78.3104143632336,76.81693271958505,79.43654561122466,24.110785069954694,6.823588118861527,129339.0,477855.7695420075, 0.0, 7.105427357601002E-15,0.0,54.668017078769914, 169.1108060698543,169.1108060698543,0.0, 215.0429660090399, -5.05892355067953, -1.2808119969310172, -5.05892355067953, 207.3205357708737, 9.016873218644626, -1.2808119969310172, 9.016873218644626, 205.52780972536158, 6.867337862620138, 5.099627024561323, 31.0, 0.0
23, 0 ,1.0,1.0,1.0,66.12695293884762,42.26009369707545,34.75214264243348,14.733786490322256,13.35548148876154,16.441871457841042,77.0,68.0,75.0,-0.12516435486601218,0.06056160077908421,0.9902859065855927,16.487384277413536,0.9209840481152636,0.3782707565269462,0.09327174209670006,14.95216664139238,-0.36894751305327445,0.923711820465455,-0.10312228345123506,13.053250920447077,78.93479765158608,79.83805855031522,63.73324276195548,24.778973965606095,7.196591998087964,136397.0,401646.95940013794, 0.0, 0.0,0.0,NaN, 85.8277393533245,85.8277393533245,0.0, 217.0844643424026, 17.75791415897303, -8.00588797404932, 17.75791415897303, 178.3688857966522, 7.960372937946068, -8.00588797404932, 7.960372937946068, 270.33513703616796, 6.409832620010771, 4.926804484594304, 23.0, 0.0
24, 0 ,1.0,1.0,1.0,28.08925245648963,283.536253291375,133.90481504078093,15.029516719910411,10.612165577789122,20.090079236581303,64.0,47.0,109.0,0.1364642843660227,-0.0675488976662335,0.9883393372301571,20.20757994679834,0.9896620815462137,-0.035135889966894165,-0.13904831385475377,14.921301091201125,-0.044118742526108985,-0.9970970943996932,-0.062055788590621275,10.541546435702303,106.50080919879292,66.01692231817772,50.634930909335026,25.773568407316553,8.82263488816618,124568.0,356006.8899547863, 0.0, 0.0,0.0,NaN, 137.8062427844106,137.8062427844106,0.0, 225.88637283406663, -6.61767921210512, 24.74073812196246, -6.61767921210512, 112.61805825041233, -19.29806727830724, 24.74073812196246, -19.29806727830724, 403.61128373211517, 6.7140741642079105, 4.975848528924091, 18.0, 0.0
25, 0 ,1.0,1.0,1.0,282.5150900776817,103.74085174370558,169.21597708115254,11.065007963648895,13.414409570863643,15.460033453418815,46.0,68.0,76.0,0.0072183134204552475,-0.06997888131480651,0.997522356702491,15.468766132525953,0.37449309199326336,-0.9247633485476426,-0.06758456356503324,13.814594123886996,-0.9272016069877622,-0.37405307825611994,-0.019531375948244917,10.54834978946021,76.59871323833406,71.21075950977281,55.053619631733795,22.221298244842416,6.89980608894817,90755.0,300298.36655533337, 0.0, 0.0,0.0,NaN, 167.84620057165043,167.84620057165043,0.0, 122.43440123561349, -27.622991531739554, -1.0922845089818212, -27.622991531739554, 179.94638413487812, -3.9627175916301622, -1.0922845089818212, -3.9627175916301622, 239.01263438082887, 6.8807066590272, 5.209216332945033, 14.0, 0.0
26, 0 ,1.0,1.0,1.0,33.506952197300315,181.70428875904366,207.39561554856388,15.566064531543294,15.322785044979288,14.486561582652078,69.0,73.0,75.0,-0.7083176468168062,0.6909133831453634,-0.14465409845051394,16.706379052497763,-0.5155943724820516,-0.36642156674015625,0.7745306181762792,14.956391310212503,0.48212918836422053,0.6231965439717378,0.6157739141185992,13.570329065753938,95.23524850839236,78.67192931980195,67.38369825634817,25.0935614927524,7.56728119156056,137942.0,504861.6276178796, 0.0, 0.0,0.0,NaN, 153.92258821623705,153.92258821623705,0.0, 242.3023650001701, -38.99680237287957, -6.061369237150395, -38.99680237287957, 234.7877415346409, -20.71114269880541, -6.061369237150395, -20.71114269880541, 209.86046648797108, 6.517277182735846, 4.925910499188813, 34.0, 0.0
27, 0 ,1.0,1.0,1.0,124.34138604795658,187.5367440871819,115.78260123120693,14.163698605003018,14.138511902357335,14.59003692854013,70.0,72.0,70.0,-0.542333681172495,-0.6123251880799463,0.5752669313533925,15.040535412203008,-0.5079813750177901,-0.30639461966948384,-0.8050324587695998,14.391529993738716,-0.669200344367011,0.7288211036190229,0.1448816690220803,13.418018241015142,76.5890105987374,72.07826429175825,66.05542203503708,23.803366490968322,6.83935656763894,122319.0,364652.5465190752, 0.0, 0.0,0.0,NaN, 203.75076677819808,203.75076677819808,0.0, 200.61035817336443, 19.547540777863233, -3.3345830346284595, 19.547540777863233, 199.89751881310002, -9.587242384532537, -3.3345830346284595, -9.587242384532537, 212.8691775761647, 6.37354116636601, 4.7843659374897625, 32.0, 0.0
28, 0 ,1.0,1.0,1.0,31.851008,14.028938666666667,71.67140266666667,17.42491178506399,9.064172101571035,14.936886683391272,71.0,37.0,82.0,-0.960270229761192,-0.013270275729749953,0.2787561400515576,17.636720210312898,-0.2789850462544725,0.02073949206441785,-0.9600714647542127,14.689522701201476,-0.006959152303046185,0.9996968406726945,0.02361772529810285,9.05877328508994,81.34250694607783,74.1281024887762,38.20002928473472,23.412555019046415,7.79420412080834,93750.0,230337.22599893546, 0.0, 0.0,0.0,NaN, 79.67488808236027,79.67488808236027,NaN, 303.6275507172619, 2.1443542964907203, -25.480499707221206, 2.1443542964907203, 82.15921588689869, -3.5096481646365523, -25.480499707221206, -3.5096481646365523, 223.1105837924715, 6.701931232293447, 5.171251849728901, 17.0, 0.0
29, 0 ,1.0,1.0,1.0,235.60604797550187,273.792761143246,96.27780707723716,14.088093490210609,13.798695528797742,14.45818615205158,74.0,61.0,70.0,-0.5356967501530654,-0.5418669660082802,0.6476180842320768,15.64355680748258,-0.6927842173468042,-0.15645905215669761,-0.7039677501089119,13.639051404681908,-0.4827825805376786,0.8257728235702654,0.29158227617976185,12.929537133411358,78.59642406474345,72.1066589893594,67.71145440986625,23.493311769283768,6.780990001755373,117560.0,383742.8554570528, 0.0, 0.0,0.0,NaN, 118.7552801412637,118.7552801412637,0.0, 198.47437818891453, 24.553616424185247, -17.70997721020716, 24.553616424185247, 190.4039982964628, -25.137077119574823, -17.70997721020716, -25.137077119574823, 209.03914680737606, 5.929896451549319, 4.70281030944399, 24.0, 0.0
30, 0 ,1.0,1.0,1.0,134.557923947645,24.64145450696025,248.82375180527936,14.514124627922767,14.012709902752809,15.592875522341172,73.0,61.0,77.0,0.47392213652768667,0.05007644161966032,0.8791417169624849,15.974118419558733,-0.6272348867908033,-0.6815334479486089,0.3769463570852078,14.702391106280105,0.6180406178412233,-0.7300715782181868,-0.29158409657669165,13.372391561149318,83.11341090081382,69.25015801331573,67.30840621522043,24.482967879636988,7.123054358452686,132251.0,387401.3961450065, 0.0, 0.0,0.0,NaN, 146.05493677588052,146.05493677588052,0.0, 210.6598137148742, 17.77392713665253, 22.983180840187586, 17.77392713665253, 196.35603881870662, -6.231237093839053, 22.983180840187586, -6.231237093839053, 243.13776705522648, 7.655593322426349, 5.257370422042972, 24.0, 0.0
31, 0 ,1.0,1.0,1.0,20.74346423952723,254.15711198782066,82.06912272660304,12.132283243198591,16.96601571451343,14.938108288399194,51.0,82.0,78.0,0.1790002946057393,-0.9834915131194313,-0.02652052324350136,17.108061673121608,0.029069942335337107,0.03223114604344331,-0.999057601781472,14.939668566869074,-0.9834194593273402,-0.17806065496559562,-0.0343594262109323,11.92919083823484,85.16111870037787,78.01054156225271,54.9369760141217,24.46211509466043,7.73239873841837,122174.0,364971.87679880287, 0.0, 0.0,0.0,NaN, 96.26631080013398,96.26631080013398,0.0, 147.1922966931973, -26.397930787872255, -3.0630785232769298, -26.397930787872255, 287.8456892251166, 1.317663244739331, -3.0630785232769298, 1.317663244739331, 223.1470792359407, 6.566209219314275, 5.2094369411739345, 18.0, 0.0
32, 0 ,1.0,1.0,1.0,166.73569675155494,11.272782036415114,219.40573184138793,15.612129272228762,7.604318954822909,14.685787585950438,78.0,31.0,74.0,0.8887653660289081,0.06931395453297216,0.4530912709979109,15.916884193153464,-0.45772348616257597,0.08203663097079383,0.8853017572523734,14.423480286239014,-0.024193684355207978,0.9942160564414371,-0.1046379412610823,7.473460926059158,79.14595902754417,71.50563067069888,34.5477435430478,21.452193656385898,7.552482474526579,66401.0,195518.8681124619, 0.0, 0.0,0.0,NaN, 156.14700187693748,156.14700187693748,0.0, 243.73858041278217, 6.4518956753525645, 17.860869472091657, 6.4518956753525645, 57.82566676667898, 17.25513138592668, 17.860869472091657, 17.25513138592668, 215.672357019656, 6.793929237328556, 4.831855644442203, 17.0, 0.0
33, 0 ,1.0,1.0,1.0,59.58778283385839,112.59510667133382,158.88942441458664,13.845348335631817,12.846893848985596,14.496575818900714,71.0,65.0,70.0,0.5893829847032055,0.17275597898019626,0.7891660592479477,15.217704834900331,-0.6624884906554253,-0.4556815730579259,0.5945277989501853,13.258931963743304,-0.4623166632206094,0.8732180001019504,0.1541221178368415,12.629696960493579,75.28189996058916,65.57966116289988,64.97875870749151,22.920226680835643,6.445950005568221,111417.0,320797.62947932363, 0.0, -1.4210854715202004E-14,0.0,80.05190367732995, 190.10669754490706,190.10669754490706,0.0, 191.69367053498274, 12.255751449069889, 27.104826772513366, 12.255751449069889, 165.04268156710395, 5.412214600921132, 27.104826772513366, 5.412214600921132, 210.1507104731369, 6.720441464546274, 4.93482351634688, 25.0, 0.0
34, 0 ,1.0,1.0,1.0,144.95002547895973,153.19715350849745,58.280715556469424,13.225167452748574,14.116424475080004,14.141816235055762,65.0,68.0,67.0,0.44281372590048845,0.6195618075094899,0.6481197195192425,14.909082168091311,0.011325553521739595,-0.7266602256191619,0.6869036674385538,13.731101438939794,-0.8965420993972081,0.29683005774126586,0.32879200238108497,12.78067223265709,76.34517639928157,70.60427632587542,63.93779694655949,23.049449964284815,6.549222616769769,111857.0,344643.64669529104, 0.0, 0.0,0.0,NaN, 214.37870097127845,214.37870097127845,0.0, 174.9050541532402, 15.961514148533706, 17.11019605354007, 15.961514148533706, 199.27343996063775, 11.088169536400846, 17.11019605354007, 11.088169536400846, 199.99096642608674, 6.115435963141362, 4.701565339103433, 19.0, 0.0
35, 0 ,1.0,1.0,1.0,24.51189744124238,14.429006201469592,264.03299807181196,13.775735033034426,9.10989110580169,19.568318910637338,50.0,41.0,79.0,0.08073099167677258,0.04685447022540297,0.9956340520506425,19.6170144911675,-0.9956876592743342,-0.04200908689745001,0.08271228316785775,13.737369290446459,-0.04570111761961911,0.9980179834241161,-0.043260982540603614,9.062975453986768,82.25124491697156,54.714252101280024,42.10386479453817,24.17260988869489,8.447782420092311,95945.0,189480.66903050296, 0.0, 0.0,0.0,NaN, 45.85471146822663,45.85471146822663,0.0, 189.77087570037202, 5.602884875929143, 15.55247623848054, 5.602884875929143, 82.99011595956475, 13.750125242234208, 15.55247623848054, 13.750125242234208, 382.9191049884069, 6.239171400631292, 4.813883159181397, 10.0, 0.0
36, 0 ,1.0,1.0,1.0,53.466436513629844,19.222193328550933,164.93868364418938,15.405362722396843,11.921117792461075,15.00468025942524,88.0,48.0,77.0,-0.805700835273317,0.12452570001629497,0.5790850663549627,15.836621387447545,0.5876942120385513,0.046081205433388735,0.8077697912414112,14.6129065226668,-0.07390316080024228,-0.9911457372865297,0.11031069885770801,11.842426512686199,83.24061711791803,70.92626131046427,50.806623323690715,23.521069275877423,7.16505267512283,111520.0,299959.5484203976, 0.0, 0.0,0.0,NaN, 146.52546442714507,146.52546442714507,NaN, 237.3252006086143, -9.107163113085006, -16.787576283355378, -9.107163113085006, 142.113049421732, 10.700487428089781, -16.787576283355378, 10.700487428089781, 225.1404296875855, 6.3816784400027915, 4.76777858604055, 20.0, 0.0
37, 0 ,1.0,1.0,1.0,129.39678639112813,93.11011869678367,209.80373772454004,13.93921109995035,12.877167564282493,14.43250202276769,66.0,67.0,69.0,0.4573598350859124,0.2047867920694569,0.8653810438437445,15.056695397364042,-0.7499763717197078,0.6117448463552455,0.2516022353238153,14.354850068130844,0.4778675790554645,0.764088092271891,-0.433372777336061,11.647075531534174,69.58860248499303,71.16523358136342,58.33568171547839,22.941239242639806,6.489969739281484,110281.0,288895.1636433867, 0.0, 0.0,0.0,NaN, 183.16219113273337,183.16219113273337,0.0, 194.30160608897907, -23.774653602468895, 22.751045462496297, -23.774653602468895, 165.8214444786091, 26.972546577136495, 22.751045462496297, 26.972546577136495, 208.29711463719343, 6.73735588035017, 4.825079073467811, 27.0, 0.0
38, 0 ,1.0,1.0,1.0,281.5171970142301,254.84609753662892,244.42974234979647,10.973562227304477,14.500852166735136,14.0105126379922,44.0,77.0,77.0,-0.13934642419177748,-0.9885143038209414,0.05849824960086569,14.567632868373874,0.05704544541402469,0.05096311757129066,0.9970699964420403,14.015354076149226,-0.9885992065657754,0.142275197377529,0.049288710560375454,10.878518678101827,80.51288406763072,78.54279853387189,49.93988551100813,21.96086156893375,6.686464315885101,90161.0,315805.2152064169, 0.0, 0.0,2.8421709430404007E-14,86.64638262613587, 73.94959397584559,73.94959397584559,0.0, 120.41906795652359, 13.157746983390362, 3.6762977838159583, 13.157746983390362, 210.27471356150707, -1.4604307311834526, 3.6762977838159583, -1.4604307311834526, 196.29446437933916, 6.346093951934211, 4.974484001500117, 16.0, 0.0
39, 0 ,1.0,1.0,1.0,133.93990382344327,278.0842536869255,54.31665517208801,13.65521943058568,12.576555981966143,14.992155392529932,60.0,54.0,75.0,-0.15921947329563654,-0.023042011192250866,0.9869742778024546,15.029077986316,-0.9641078720245285,0.2187898676264573,-0.1504227540112629,13.668809994621627,0.21247392880962077,0.9754999023804222,0.05705059186363291,12.517585613483982,74.05192400389583,66.01004306209063,60.00392981039988,22.88359507947394,6.763178070806566,105847.0,293309.45112369274, 0.0, 0.0,0.0,NaN, 146.18651374793706,146.18651374793706,0.0, 186.4650176974447, -6.10518070703408, -6.499889051653284, -6.10518070703408, 158.16976036752837, -2.565504273382121, -6.499889051653284, -2.565504273382121, 224.7647233137643, 6.133385186577586, 4.640755387351296, 16.0, 0.0
40, 0 ,1.0,1.0,1.0,200.19457322817192,175.12764365799146,190.74121243465893,14.265170319311764,12.491276934530534,14.305233332993708,73.0,66.0,67.0,0.8603962019164413,0.29013836759849343,-0.41897267616760464,14.526650140996704,-0.3955101932841286,-0.13830326374281385,-0.9079889284823008,14.257687886926226,-0.3213877140404005,0.946938189580169,-0.004242920988943211,12.241795464946302,74.31013271026889,66.48681501897363,64.37583828183678,22.840932015236078,6.516027093322056,108278.0,318058.10221274954, 0.0, 0.0,0.0,NaN, 193.6277646717036,193.6277646717036,0.0, 203.4950842389733, 18.190212263003, -2.8636644893079763, 18.190212263003, 156.03199945513452, -0.7264753417995257, -2.8636644893079763, -0.7264753417995257, 204.63970071139428, 6.625503241480774, 4.841048929318788, 33.0, 0.0
41, 0 ,1.0,1.0,1.0,104.91393488268488,216.58135951885953,275.8856456043956,14.298526721556932,14.413863318686566,12.646577503518824,74.0,68.0,56.0,-0.6789288537390501,0.7194991443343837,-0.14620736254604166,14.737701792734716,0.6956542968027717,0.69407598797005,0.1852663549143246,14.059713694740864,-0.23477800344244593,-0.024072893999039845,0.9717508862224363,12.54064756779746,75.18005615435544,64.59075072803662,57.373872097212086,22.96052488040443,6.705038549155104,107744.0,278603.8662827802, 0.0, 0.0,0.0,NaN, 136.18775789404427,136.18775789404427,0.0, 204.4478664070776, -9.765778634370546, 11.156914461033208, -9.765778634370546, 207.7594557697781, -1.1086285024515035, 11.156914461033208, -1.1086285024515035, 159.9359225525084, 5.317241187520792, 4.3585519170911535, 23.0, 0.0
42, 0 ,1.0,1.0,1.0,175.51219858012377,280.4046242189161,173.93820196271054,13.631900418305026,11.04982315496643,16.01091085313678,71.0,48.0,77.0,0.3575882917006626,-0.07298008521125855,0.9310233728543867,16.382040479214204,0.8975924604129674,-0.24834478139524396,-0.36421510754435016,13.35518283036497,-0.2577952455892,-0.9659186180607068,0.02329881188597823,10.841789908618503,78.97808837787372,70.07596563536265,53.20957955323587,22.712975637333468,6.956817146913589,98741.0,294486.59864832344, 0.0, 0.0,0.0,NaN, 178.24917497354875,178.24917497354875,NaN, 185.82870901458475, -17.492853727141785, 30.331801741281996, -17.492853727141785, 122.09859175603228, -4.747197040906757, 30.331801741281996, -4.747197040906757, 256.34926634709313, 6.632679189623342, 4.939020466610664, 29.0, 0.0
43, 0 ,1.0,1.0,1.0,241.0322494778656,94.1278512633605,187.07307834063639,13.384837702418428,12.46519187872701,13.392904079087693,63.0,63.0,69.0,0.7281537966373145,-0.3987169840723725,0.5575094753050357,13.98650606730695,0.510646259026781,-0.2269922616669986,-0.829285783843697,13.118510746633435,-0.45720066336852405,-0.8885377199396389,-0.03831805918688187,12.09078543291776,65.11798386465136,66.56512116203429,61.85921271804068,21.843728679332568,6.062696260648647,97676.0,268134.10746848024, 0.0, 0.0,0.0,NaN, 158.39740408402545,158.39740408402545,NaN, 179.1538803200818, -17.35549911421009, 9.09697165349743, -17.35549911421009, 155.3810085734818, -6.111886259857866, 9.09697165349743, -6.111886259857866, 179.36987967164376, 6.80650417563324, 4.746085221076668, 19.0, 0.0
44, 0 ,1.0,1.0,1.0,118.51798430295479,169.23986649326554,271.94034940931454,14.464878056872507,12.654652953701916,14.315763790244482,70.0,62.0,63.0,-0.9603480452202682,-0.2529594226223068,-0.11723123537777555,14.614930661435606,-0.06800106066735777,-0.1952616984745199,0.978390885514047,14.36486568992186,-0.2703839636326915,0.9475676227137749,0.1703176813922751,12.424510732774891,76.7258395138659,68.34552459618598,57.309070223151195,23.02108789830108,6.659094792473775,109957.0,300521.18522068294, 0.0, 0.0,0.0,NaN, 178.69546471358979,178.69546471358979,1.9073486328125E-6, 209.23269720019175, 15.078341206193716, 3.209649763481012, 15.078341206193716, 160.14024137863663, -8.174165498064612, 3.209649763481012, -8.174165498064612, 204.94109289807506, 6.057837402409317, 4.529696628572192, 18.0, 0.0
45, 0 ,1.0,1.0,1.0,91.89912885262171,267.82843542666006,42.15180753891676,12.4166522458729,15.174115473011486,14.073888690298599,62.0,64.0,64.0,0.21245615982853785,0.7841698989038937,-0.5830436945924107,15.965801315898325,0.510086634892342,-0.5979200463958356,-0.618306754792642,13.979013538410229,0.8334710583188343,0.16603971745055074,0.5270263818575154,11.497032011973557,82.24362777357831,67.24425824859256,59.77430696178932,23.149072459718205,6.828017318725423,108822.0,330576.5292891027, 0.0, 0.0,0.0,NaN, 106.10011465481662,106.10011465481662,0.0, 154.17325299494053, 1.161297675823307, -35.14455357046719, 1.161297675823307, 230.25378038828663, -32.73415075305024, -35.14455357046719, -32.73415075305024, 198.07434286691483, 6.852937808017918, 4.686189297259148, 17.0, 0.0
46, 0 ,1.0,1.0,1.0,51.29310359312124,187.38030630161384,47.94247813631514,15.797752508021308,11.649924488374367,15.108739222345566,74.0,62.0,75.0,-0.9775762527573176,-0.20751885035838086,-0.03578542707440858,15.962836571861773,0.05626617313931741,-0.09364568701617065,-0.9940143877547881,15.14283048842284,0.20292557208301334,-0.9737383694038173,0.10322209136408916,11.377445194650932,74.90243976249087,73.67038464942911,60.925260240223196,23.773825921149292,6.954777268123948,119033.0,336191.1636207271, 0.0, 0.0,0.0,NaN, 132.71269379672782,132.71269379672782,0.0, 249.56898430469352, 24.906248632253007, -1.1993826896566275, 24.906248632253007, 135.72074058482477, 10.226382240614809, -1.1993826896566275, 10.226382240614809, 228.2740008888433, 6.662840323157882, 4.7430615368127755, 27.0, 0.0
47, 0 ,1.0,1.0,1.0,279.1375513251213,235.58665132097383,48.69053544025549,11.728626085841697,13.581729118131681,14.250200085894118,49.0,62.0,66.0,0.10099063580403946,0.5676069779729496,0.8170821317568461,14.84808327264575,-0.09376880426312188,-0.8121946036259761,0.5758014737632313,12.969292746418757,-0.9904586325672369,0.1347673714118537,0.028800221800869497,11.680073072291815,67.82343528281348,65.3679751806176,53.92096983422198,22.02013516199607,6.3408111180821,96444.0,239057.57553898657, 0.0, 0.0,0.0,NaN, 83.39717917421743,83.39717917421743,0.0, 137.5606698614863, 7.237707722367057, 5.219115308879418, 7.237707722367057, 184.46336583830598, 24.115281358361283, 5.219115308879418, 24.115281358361283, 203.0682024880167, 6.294511869479606, 4.583244045626841, 14.0, 0.0
48, 0 ,1.0,1.0,1.0,187.21817041089255,67.12193591705099,61.88803645529493,12.280226415588135,13.044467799971484,13.515558386857457,62.0,66.0,73.0,0.052679413213171405,0.3638438606867776,0.929969098660841,13.590739411785762,-0.3146367100434922,-0.8777827913473054,0.36124937634207843,13.05307831911992,-0.9477492390482429,0.3116328228140834,-0.06823755291921466,12.187754844392343,70.66928991855227,67.00827601226905,59.7662819733458,21.56273888948115,6.2193818901353675,90851.0,283018.8823469178, 0.0, 0.0,-7.105427357601002E-15,21.57000145436383, 145.10418471915648,145.10418471915648,0.0, 150.8039608181086, 6.725452754379569, -0.7107326345378168, 6.725452754379569, 170.15814018449288, 5.311634788260589, -0.7107326345378168, 5.311634788260589, 182.67031850855295, 5.833513374208277, 4.523818137827172, 32.0, 0.0
49, 0 ,1.0,1.0,1.0,232.3560940102745,243.993994876748,288.10238105236635,16.952958318076654,15.588440845952993,6.623268068597449,85.0,75.0,27.0,-0.8748236694810324,-0.4844311260851935,-0.0031672378459741486,17.520814644031226,-0.4834554332025092,0.8726074401744633,0.06947733054128782,14.97668835721736,-0.03089322616231008,0.062311631594756785,-0.9975785027481713,6.556662543627918,89.39004576591265,75.73996265200654,28.77412565442137,22.663730319219408,7.786224481004721,71439.0,194812.30372342825, 0.0, 0.0,0.0,NaN, 88.62236717689075,88.62236717689075,0.0, 287.40279573444445, 35.38718017232043, -5.358648239633098, 35.38718017232043, 242.99948800777565, 11.397302894377908, -5.358648239633098, 11.397302894377908, 43.86767990850259, 7.761579395036358, 5.227203225117182, 17.0, 0.0
