// Sample: .//bubblelabels.tif, Map: .//bubblelabels.tif, Thickness:(8.191250068658265):/afs/psi.ch/project/tipl/test/LabelValidation/SmallStep0500//distmap.tif, Neighbors:(1.0):
//LACUNA_NUMBER, TRIANGLES, SCALE_X, SCALE_Y, SCALE_Z, POS_X, POS_Y, POS_Z , STD_X, STD_Y, STD_Z,PROJ_X, PROJ_Y, PROJ_Z, PCA1_X, PCA1_Y, PCA1_Z, PCA1_S, PCA2_X, PCA2_Y, PCA2_Z, PCA2_S, PCA3_X, PCA3_Y, PCA3_Z, PCA3_S,PROJ_PCA1, PROJ_PCA2, PROJ_PCA3,OBJ_RADIUS, OBJ_RADIUS_STD, VOLUME, VOLUME_BOX, Mask_Grad_X,Mask_Grad_Y,Mask_Grad_Z,Mask_Angle, Mask_Distance_Mean,Mask_Distance_COV, Mask_Distance_STD, SHAPET_XX, SHAPET_XY, SHAPET_XZ, SHAPET_YX, SHAPET_YY, SHAPET_YZ, SHAPET_ZX, SHAPET_ZY, SHAPET_ZZ, Thickness, Thickness_STD, Neighbors, Neighbors_STD
1, 0 ,0.3333333432674408,0.3333333432674408,0.3333333432674408,12.088571095706879,271.6339003126153,70.1923651967923,8.078091223387544,16.715977735131403,19.886028555886703,33.0,69.0,97.0,-0.07254973459293612,-0.24179119288675244,0.9676122958359384,20.107201230935132,-0.08262590161096173,-0.9653768595492808,-0.24742772566901966,16.547695755717697,-0.9939363643581366,0.09790065418151818,-0.05005961962860464,7.874504747297062,102.63554914187114,81.72842861783738,36.324923847340045,25.68022705391702,8.98106561826405,103002.0,304702.25737333077, 0.0, 0.0,0.0,NaN, 76.66640264503391,76.66640264503391,NaN, 65.25555781337087, 22.900166282674256, -19.698481075031154, 22.900166282674256, 279.4239116414088, -29.487457532806538, -19.698481075031154, -29.487457532806538, 395.45413172554134, 5.042852498959128, 5.29708126207054, 18.0, 0.0
2, 0 ,0.3333333432674408,0.3333333432674408,0.3333333432674408,105.92867643455676,12.491240750722792,118.58820502768658,15.709116333839576,7.855738803572961,16.054336792442502,71.0,33.0,83.0,-0.11769666396313308,0.04386870084185073,-0.9920801542105342,16.06956561033376,0.9926371086338633,-0.023594322749548723,-0.11880605412601483,15.708899890340021,0.028619326598520324,0.9987586520378371,0.0407687272870871,7.824974333229101,83.4597009145468,69.05072762311386,34.68239963867584,22.5497948670525,7.598516265633498,81628.0,199873.0416584646, 0.0, 0.0,0.0,NaN, 159.49946068359657,159.49946068359657,0.0, 246.77633599010537, -5.362596123257881, 1.1218029312391775, -5.362596123257881, 61.71263214996193, -8.053626615931005, 1.1218029312391775, -8.053626615931005, 257.74172984517304, 4.600060333661615, 4.699670930229712, 24.0, 0.0
3, 0 ,0.3333333432674408,0.3333333432674408,0.3333333432674408,160.8301630023891,15.548764629388817,148.81071763389482,15.51684692341902,9.66583134514809,15.61053884222166,76.0,39.0,73.0,0.3643256734334614,0.04169379914640582,0.930337804665592,15.625862163811322,-0.9289247835989052,-0.054607286890955904,0.3662195934601752,15.524152606933592,-0.0660723095780831,0.9976370438847726,-0.018835566778569537,9.629271751092272,79.69931982091242,77.21217978668523,40.9943487453962,22.990664139379046,7.022757251419812,99201.0,252269.31019202148, 0.0, 1.7763568394002505E-15,0.0,87.61042860805475, 204.3395147644148,204.3395147644148,2.6973983046972182E-6, 240.77253844481834, 9.821943190854563, 0.8893354975843499, 9.821943190854563, 93.42829559284735, 2.909165768954017, 0.8893354975843499, 2.909165768954017, 243.68892294451118, 4.119038352136743, 4.797571894372619, 28.0, 0.0
4, 0 ,0.3333333432674408,0.3333333432674408,0.3333333432674408,276.4007975307222,12.880619620022623,279.35766185464234,14.024914993633198,8.159264753548106,11.685532345418263,57.0,32.0,49.0,-0.9602421312102233,-0.11134756459454001,0.25600150254971804,14.284207683798508,0.22734537210769867,0.22029098466607602,0.948570484390097,11.599069448800892,0.16201583635577305,-0.9690581003911559,0.18621833109611974,7.826014749599669,60.49339526663596,56.52316434772786,36.592044436317394,19.051752418652157,6.070769133423924,52161.0,125118.37700260448, 0.0, 1.7763568394002505E-15,0.0,83.60699741275461, 33.896000399589454,33.896000399589454,0.0, 196.69824057863727, 18.938033515918143, -19.296011938673622, 18.938033515918143, 66.57360131849242, 11.244879514749666, -19.296011938673622, 11.244879514749666, 136.55166619581647, 5.705898860357868, 5.12278768715302, 9.0, 0.0
5, 0 ,0.3333333432674408,0.3333333432674408,0.3333333432674408,224.5500580653486,263.2938536753215,216.97930436278656,14.87760907657309,14.660717811998861,15.065466501884936,75.0,72.0,75.0,-0.03329203391716814,0.6250855840317859,0.7798459162637832,15.762939551114117,0.9987994249355004,-0.0072466801560693815,0.048447852121942976,14.877810565266897,0.035935347864910844,0.7805225802386222,-0.6240938651448767,13.907863567412598,82.04171056167166,75.37538421312871,72.26796665726263,24.777264796917997,7.023911211081211,139498.0,446899.71859931905, 0.0, 0.0,0.0,NaN, 118.03588784788212,118.03588784788212,0.0, 221.34325183533, -1.347524553862924, -0.07795798050997624, -1.347524553862924, 214.93664676306068, 26.821347657749588, -0.07795798050997624, 26.821347657749588, 226.9682809194171, 3.377524250791834, 4.05669312465326, 30.0, 0.0
6, 0 ,0.3333333432674408,0.3333333432674408,0.3333333432674408,123.63758352588522,152.76514394554425,204.96847092986948,14.66340456642554,14.860870440480692,14.032054877643551,73.0,67.0,67.0,0.657171912621116,0.578707115004528,-0.48293182987357625,15.283406874771606,-0.5548905952482385,0.8050748843141522,0.20964459914724762,14.670692154572878,-0.5101191082158756,-0.13020178835058582,-0.8501917370472084,13.562733272558296,79.16846625167842,74.86052641309783,68.45950653438729,24.18002436342048,6.934399007921805,128104.0,405731.63624366606, 0.0, 0.0,2.8421709430404007E-14,61.12293983342712, 214.4652568946859,214.4652568946859,0.0, 215.01543347866937, 4.902285158619397, -19.391524075273974, 4.902285158619397, 220.84547024875278, -8.592062571066883, -19.391524075273974, -8.592062571066883, 196.8985640892002, 3.5449584676404697, 4.05618763724125, 35.0, 0.0
7, 0 ,0.3333333432674408,0.3333333432674408,0.3333333432674408,108.83186340690303,110.46856656492135,166.2708015379197,15.844656930610576,13.860137920884574,15.482384608020418,80.0,70.0,72.0,-0.9835027830155981,-0.13139921740924812,0.1243242593575789,15.86084722319823,0.1629638307132581,-0.3452808703713648,0.924242343995802,15.751590858645141,-0.07851793221827731,0.9292552750562302,0.3609980167540205,13.534464170020463,81.90152845401403,81.31494852471377,72.6003046053041,25.051041810108927,7.436808039311276,136288.0,483504.85682227527, -1.4210854715202004E-14, 0.0,0.0,10.421778575906925, 204.7710360691612,204.7710360691612,0.0, 251.05315324874576, 5.183913498144813, 1.4181396545655565, 5.183913498144813, 192.10342318594257, -21.8380956959643, 1.4181396545655565, -21.8380956959643, 239.70423315066753, 3.766198867455695, 4.402301540519303, 37.0, 0.0
8, 0 ,0.3333333432674408,0.3333333432674408,0.3333333432674408,104.03742821308337,268.5210508944485,285.4216251897815,13.926266274545322,15.774117915673486,8.312626267804403,65.0,67.0,36.0,0.012978434083425323,-0.9999153351498047,-9.395642583586463E-4,15.774407392456952,-0.9959685994914889,-0.013010604447280472,0.08875400272031735,13.96176914456106,-0.08875871267489112,-2.1611147541606983E-4,-0.9960531332314185,8.252303775678858,67.58587350285788,66.77698080110343,38.78003474738915,21.55426192522396,6.875844434985989,75745.0,175021.29960994975, 0.0, 0.0,0.0,NaN, 109.66877275728763,109.66877275728763,0.0, 193.94089234953844, -0.7019232858374918, -11.213536304878014, -0.7019232858374918, 248.82279601757125, 0.0233377600489952, -11.213536304878014, 0.0233377600489952, 69.09975546819176, 3.2889457298895812, 4.079384377716794, 18.0, 0.0
9, 0 ,0.3333333432674408,0.3333333432674408,0.3333333432674408,197.82699331305136,125.00060235911278,67.5008577898758,14.742071448855462,14.173300268031678,15.039567958672455,72.0,74.0,78.0,-0.5498161597818808,0.12229484304425742,0.8262845525649656,15.39424746787582,-0.7098659705684294,-0.5897603155251755,-0.3850624287834217,14.669446197051924,0.44021868914398327,-0.7982648317422149,0.4110726993269277,13.8644945325847,85.22193559656908,79.69548140483084,76.46031695064943,24.393624116290837,7.025013732907096,131151.0,519303.42408601986, 0.0, 0.0,0.0,NaN, 174.98811299045806,174.98811299045806,0.0, 217.3286706031594, 6.606199476391897, -14.0558023709138, 6.606199476391897, 200.88244048778682, 9.738884432711918, -14.0558023709138, 9.738884432711918, 226.18860438352718, 3.222196003899949, 4.055625945091807, 36.0, 0.0
10, 0 ,0.3333333432674408,0.3333333432674408,0.3333333432674408,117.16543499230701,31.76178859844227,267.9307232997712,13.31336712072061,13.931318721375852,15.315713572764416,65.0,64.0,65.0,-0.3281758080062128,0.3114775193405636,0.8917860696293242,15.714527975032537,0.2516450361954598,-0.881128087298443,0.40035992498247497,13.852062153747672,-0.9104808700887981,-0.35580197964490873,-0.21078315037760725,12.925650941489687,78.24966141338297,69.79487013554427,65.15779009875277,23.72193698873831,6.570249093673666,125439.0,355854.3809555458, 0.0, 0.0,0.0,NaN, 125.55870690630935,125.55870690630935,0.0, 177.2457440910846, -13.665196924360643, -20.876827541015743, -13.665196924360643, 194.0816413165573, 13.435502060128538, -20.876827541015743, 13.435502060128538, 234.57108224296013, 3.56559327862525, 4.180463055553658, 30.0, 0.0
11, 0 ,0.3333333432674408,0.3333333432674408,0.3333333432674408,21.33922641285655,83.69063926940639,218.8216435391093,12.469918432944148,18.401936641519047,14.189754018862347,53.0,84.0,69.0,-0.011775207544071043,-0.9969921124761424,-0.07660334292740459,18.42543350903156,0.2665398576899843,0.07070730447692991,-0.9612268105687697,14.291232377008393,-0.9637519643299809,0.031736489313820226,-0.26490554259233007,12.318414433245287,84.0362814900623,71.21455366536523,59.03705109660493,25.20485090212887,7.758527437600602,134904.0,353313.50662804407, 0.0, 0.0,0.0,NaN, 118.53021236339914,118.53021236339914,0.0, 155.49886572428022, 3.1935396660896322, -13.280391043113939, 3.1935396660896322, 338.6312721584813, 10.771337183931708, -13.280391043113939, 10.771337183931708, 201.34911911582012, 3.536663723714424, 4.047941658187498, 35.0, 0.0
12, 0 ,0.3333333432674408,0.3333333432674408,0.3333333432674408,94.70001002556519,254.52259929486857,45.98385884004211,13.420051907720728,12.410072319413315,16.930880849684065,74.0,61.0,81.0,-0.1085949880346765,0.2110629948490945,0.9714214022652987,17.16506675024666,0.9936534593429814,0.051873181899615345,0.0998096976016614,13.370049222558618,-0.029324585410098063,0.976095069757521,-0.21535664253880193,12.139385559867604,84.26298549393957,71.58209855504946,57.69682291266608,23.89385781866714,7.0601680621977065,119694.0,348011.15756075614, 0.0, 0.0,0.0,NaN, 114.67694252794742,114.67694252794742,NaN, 180.09779320591875, -1.7574483860439516, -12.42274951652227, -1.7574483860439516, 154.00989497306855, 30.358461258189042, -12.42274951652227, 30.358461258189042, 286.65472634619863, 3.824194922621466, 4.085842804127861, 27.0, 0.0
13, 0 ,0.3333333432674408,0.3333333432674408,0.3333333432674408,68.4069452315936,55.312679684682365,134.8018445051265,13.81125610460242,12.294295178341024,13.097682864049878,64.0,60.0,62.0,-0.8182466790372697,0.17942051253564065,0.5461507593384144,14.428445991536211,0.5494658029958506,-0.0351925876002066,0.8347747079997848,12.491024322429487,-0.16899616440204784,-0.9831427981018068,0.06978921806372564,12.216547923702523,70.0121716661686,62.35051081163735,61.34983690256331,21.826264146138357,6.08801929606428,97045.0,267810.11581635266, 0.0, -7.105427357601002E-15,0.0,79.66399187232862, 160.96751216255663,160.96751216255663,0.0, 190.7507951869176, -8.78354728329629, -23.22707448293217, -8.78354728329629, 151.14969393217936, 5.5759475535719085, -23.22707448293217, 5.5759475535719085, 171.5492964072258, 3.2183659251199095, 3.820288683205783, 23.0, 0.0
14, 0 ,0.3333333432674408,0.3333333432674408,0.3333333432674408,230.64784875913426,119.9311986605975,11.0552677932995,13.45512662715541,14.803343308266161,6.8370370056317595,65.0,69.0,29.0,0.2533978907843231,0.9666327876793664,-0.03755745903643322,14.90728363864085,-0.9673619974046331,0.2531857580705708,-0.01037968629337854,13.349696279044991,5.243313596620524E-4,-0.038961849204671814,-0.9992405613180327,6.817843093377562,69.9262243344703,62.421401639741816,29.91882830409136,20.088539009349986,6.585976096322491,57339.0,130592.48226804034, 0.0, 0.0,0.0,NaN, 138.97997064284186,138.97997064284186,0.0, 181.04043255278654, 10.783284733859729, -0.34984971341839566, 10.783284733859729, 219.13897310238852, -6.726450906981984, -0.34984971341839566, -6.726450906981984, 46.745075016378095, 4.189580164770625, 4.380213324666092, 25.0, 0.0
15, 0 ,0.3333333432674408,0.3333333432674408,0.3333333432674408,199.37188042088204,188.70069767147396,13.836040872659128,14.812926529143333,16.359517289269014,7.998073489862947,76.0,87.0,35.0,0.20171498051580897,0.9794340708270336,0.0044685051966322255,16.4245845792571,0.979192540165617,-0.20176446853671548,0.021750138392746823,14.743348810835043,0.022204412163211423,-1.1801787875503152E-5,-0.9997534515775395,7.99327624230625,87.8353887092297,75.68246624584113,35.812839640949704,22.233985600287003,7.528323994830015,78977.0,238069.3912964211, 0.0, -2.8421709430404007E-14,0.0,11.64015936594214, 150.68174798520158,150.68174798520158,0.0, 219.42279235779836, 10.352653423006752, 3.45418893563954, 10.352653423006752, 267.63380593789185, 0.2275261677188363, 3.45418893563954, 0.2275261677188363, 63.969179549248466, 3.6072353821162015, 4.139170189292097, 28.0, 0.0
16, 0 ,0.3333333432674408,0.3333333432674408,0.3333333432674408,264.8688153114349,101.21556050788419,105.43149556163152,14.068326370617822,13.915713092708213,12.87955415734733,67.0,76.0,67.0,0.7371990002392457,0.6687696954945037,0.09635729569910839,14.665607414456625,0.668375395894703,-0.7008738564164689,-0.24909871046335358,13.333080238368547,-0.09905535931415446,0.24803816597470416,-0.9636727162325645,12.829525461337042,73.4160779912427,66.61818405920371,65.71184129999139,22.705608692805043,6.473262464172574,106796.0,321386.4828040111, 0.0, 0.0,0.0,NaN, 150.31496959022266,150.31496959022266,0.0, 197.91780687022083, 18.717639262851225, 1.3926481592799063, 18.717639262851225, 193.64707087857076, 5.553246757141469, 1.3926481592799063, 5.553246757141469, 165.88291529204292, 3.0126381626958154, 3.7974822414702154, 32.0, 0.0
17, 0 ,0.3333333432674408,0.3333333432674408,0.3333333432674408,70.50320788505196,217.19455999097562,17.444352007219504,13.61684018768218,12.173133926808628,10.151484592037935,64.0,64.0,40.0,0.9151420901648153,0.397161077689808,-0.06912331862001314,13.930291739281335,0.4031295944338282,-0.9021030564568987,0.15393701836380738,11.871045221930801,0.0012185648898323242,0.1687399001404003,0.9856598608040286,10.08372069806891,64.66473153803284,63.09969558248275,44.03958651069819,20.04671479193829,5.897914188082385,70919.0,179695.82032312034, 0.0, 0.0,0.0,NaN, 110.14421743388425,110.14421743388425,0.0, 185.41833669687648, 19.302975755468257, -3.4080936008917466, 19.302975755468257, 148.18518960001924, -7.985069854278775, -3.4080936008917466, -7.985069854278775, 103.0526394223836, 4.276745948319047, 4.170539767262506, 19.0, 0.0
18, 0 ,0.3333333432674408,0.3333333432674408,0.3333333432674408,86.75314474439978,282.63960367604824,170.39195864445722,11.254172314119451,10.098177431411541,14.541124462841939,54.0,43.0,66.0,0.0030874998429630193,-0.0456796084824654,0.998951370544937,14.548883730534794,0.8995532237122782,-0.4362195051360706,-0.02272753941124679,11.590521802625304,0.43680025761618757,0.8986800969798597,0.03974441141471146,9.69864264184787,66.37523654141866,60.808361089655364,51.75227851209786,20.09081046197888,6.03599350040161,69640.0,208880.96037607727, 0.0, 0.0,0.0,NaN, 156.92589291633024,156.92589291633024,0.0, 126.65639447589275, -15.821202946655008, -0.4607099216417392, -15.821202946655008, 101.9731874362694, -4.967269126097247, -0.4607099216417392, -4.967269126097247, 211.4443006438603, 3.5449000222031786, 4.058663277081218, 17.0, 0.0
19, 0 ,0.3333333432674408,0.3333333432674408,0.3333333432674408,224.1517540442458,94.07190453734648,132.74512537674534,13.481770298001129,12.574220495636562,13.385802291322141,69.0,59.0,66.0,0.5799283870431232,0.44138845966494333,0.684733008972235,14.69291279334528,-0.8076503082269515,0.4215800468377268,0.4122756889863992,12.842269891940743,-0.10669604267484256,-0.7921152010805681,0.6009737620683783,11.757689913117284,72.76601206318003,60.86486255317776,58.3977416108866,21.936793170624668,6.150281279139155,97546.0,258637.36788520575, 0.0, 0.0,0.0,NaN, 179.50974332647255,179.50974332647255,0.0, 181.75813036806545, 10.788926220794902, 21.945942519919374, 10.788926220794902, 158.11102107288656, 28.102194765623285, 21.945942519919374, 28.102194765623285, 179.17970298236511, 3.589225294150144, 4.0163799670041245, 23.0, 0.0
20, 0 ,0.3333333432674408,0.3333333432674408,0.3333333432674408,252.7088187390434,33.57235394313138,259.5591998110181,12.884663491144451,12.513940547976869,11.865625802335133,71.0,66.0,59.0,0.8880869792376059,0.20449432160682923,0.41168384682810444,13.068488174682466,-0.3450495109697317,0.8882958631294539,0.3031027788170994,12.698607964504896,0.30371426092327725,0.4112329412603772,-0.8594446554224222,11.461514280031631,68.70673288600665,64.56802110705915,57.8714260462052,20.70126213343024,5.904581533214275,80431.0,256732.56398976143, 0.0, 0.0,0.0,NaN, 70.70372758394495,70.70372758394495,0.0, 166.01455328003073, -2.0021070315161107, 11.286164035932613, -2.0021070315161107, 156.59870803829963, 11.365856904674871, 11.286164035932613, 11.365856904674871, 140.79307568104127, 3.678041987657544, 3.929673075907766, 21.0, 0.0
21, 0 ,0.3333333432674408,0.3333333432674408,0.3333333432674408,48.868105310695846,61.17867910019651,278.47247006554454,14.506394580444919,12.041380861997062,11.516675691904023,75.0,61.0,50.0,-0.9178367732658668,-0.3314411050768309,0.21845468982457583,14.887424745635927,0.39510211270781176,-0.7096142750301753,0.5833882936837369,12.283673568313533,-0.038340294400616294,0.6217671385163805,0.7822631573111611,10.748958269984408,69.42142918331339,69.07821831772483,58.04791777222772,21.148072880580678,6.389301152498272,81929.0,278369.2912718751, 0.0, 0.0,0.0,NaN, 81.2056465904986,81.2056465904986,0.0, 210.4354837235617, 22.364459548593707, -13.124955613662209, 22.364459548593707, 144.9948530636691, -22.3154254206627, -13.124955613662209, -22.3154254206627, 132.633818992493, 3.431679063123402, 3.869675738562027, 18.0, 0.0
22, 0 ,0.3333333432674408,0.3333333432674408,0.3333333432674408,128.16002063400913,246.07875962352665,246.78826781386567,13.710431119455233,14.958973601987493,13.547937706552066,68.0,70.0,76.0,-0.2008663658883322,-0.9605713628189296,0.19223776940809306,15.14958255816278,0.733051796300249,-0.017211018806051713,0.6799550314341651,14.516445767284354,-0.649836723335788,0.2775003383130231,0.7076056777898015,12.452163643552176,75.653584396302,76.70805765407454,71.21581817641784,23.332171552564308,7.134647815315854,102743.0,413282.4500353769, 0.0, 0.0,0.0,NaN, 148.8757182850714,148.8757182850714,0.0, 187.97592148132645, 13.66316063410248, 24.873734355354934, 13.66316063410248, 223.77089122495866, -14.399936376685176, 24.873734355354934, -14.399936376685176, 183.54661610061527, 3.242069546610766, 3.7201182600613953, 34.0, 0.0
23, 0 ,0.3333333432674408,0.3333333432674408,0.3333333432674408,173.3076998842678,271.3671172834946,282.49505060205365,14.199473648293376,15.322183751837354,9.308530198715669,70.0,62.0,39.0,-0.11179485468375802,0.993642731012974,-0.013267764367682138,15.336727306233637,0.9935958906713052,0.11199006622265523,0.015014363407776505,14.185597144871318,-0.01640477087108762,0.011504267578782632,0.9997992475092904,9.305736427155795,64.82136457989802,70.08782381558211,39.8620420684104,21.811580729969737,6.877357583693844,81222.0,181100.7663347113, 0.0, 0.0,0.0,NaN, 131.0618332494116,131.0618332494116,0.0, 201.62505188857799, -3.7534534380967703, 1.930581558610669, -3.7534534380967703, 234.7693149250686, -1.7665462418067404, 1.930581558610669, -1.7665462418067404, 86.64873446040157, 2.928410575866335, 3.828947969911358, 16.0, 0.0
24, 0 ,0.3333333432674408,0.3333333432674408,0.3333333432674408,69.27106402505936,28.420711877257038,29.690758364757286,13.210142219825732,14.247018549126565,12.343383617030295,66.0,62.0,62.0,0.4812326276839814,0.8718671895219572,0.09089973535414832,14.674648527454915,-0.8108974441545497,0.48215436499871867,-0.3316210237248256,12.814370829737987,-0.33295719411958874,0.08587649356934601,0.9390232876432003,12.259327263678706,72.70590287426108,64.20322879845304,65.43752805062444,22.152398072419274,6.254260449125975,100242.0,305459.3523105354, 0.0, 0.0,0.0,NaN, 80.54662194684727,80.54662194684727,0.0, 174.50785746802234, 21.853618412154372, 6.588153804920177, 21.853618412154372, 202.9775375391564, 2.93048470185242, 6.588153804920177, 2.93048470185242, 152.3591191171719, 3.221330554730989, 3.632933334145664, 25.0, 0.0
25, 0 ,0.3333333432674408,0.3333333432674408,0.3333333432674408,235.01377476399415,33.138935425253734,87.78113726011613,13.792081726921252,12.510290344379827,15.737088657162362,69.0,66.0,77.0,0.18599838444789044,-0.07072468345549823,0.9800013368015856,15.809932500424482,0.9324539520800993,-0.30170991922715096,-0.19874796071947387,13.856994738938088,-0.3097325107782171,-0.9507729191505533,-0.009829953049539741,12.345629728904486,74.88650315177776,75.86420584489099,60.000334471971314,23.381121359450333,6.907098250406065,112815.0,340874.20561049867, 0.0, 0.0,1.4210854715202004E-14,11.477956053413115, 114.13556225043695,114.13556225043695,0.0, 190.22151836207507, -12.42427785002731, 10.440226146326076, -12.42427785002731, 156.50736450068314, -4.38579573119763, 10.440226146326076, -4.38579573119763, 247.65595940338827, 3.874650987057759, 3.9277133413644494, 24.0, 0.0
26, 0 ,0.3333333432674408,0.3333333432674408,0.3333333432674408,285.3725101626016,53.505907012195124,149.60909552845527,9.184942409894374,12.651829564403545,18.236967409072477,39.0,64.0,82.0,-0.060507296959881406,0.004432094082178645,0.998157915140012,18.262134788268718,0.007512873053908212,-0.9999597945152635,0.004895517487227403,12.651878941242462,0.9981394811112746,0.007795248234572337,0.06047156647447465,9.134732120353327,82.04166666901928,64.20609132625562,41.23504495700644,22.701703935864074,7.851851825375497,78720.0,217208.6813300085, 0.0, 0.0,0.0,NaN, 159.56104477278694,159.56104477278694,0.0, 84.36316707307627, -0.64272379605702, -15.09989986377562, -0.64272379605702, 160.0687913267156, 0.7311454595944012, -15.09989986377562, 0.7311454595944012, 332.58698027957166, 2.9792085916988884, 3.5898402678388788, 21.0, 0.0
27, 0 ,0.3333333432674408,0.3333333432674408,0.3333333432674408,16.337142307110543,98.00176010340607,155.34485651031997,9.60857772110666,13.458213863995514,13.32778837554642,40.0,64.0,63.0,0.003967520162906364,0.8691638774653497,-0.4945082536147969,13.520568613308079,-0.015544647650100888,-0.4943987898066856,-0.8690961975334601,13.26534316027949,-0.9998713030751463,0.011135113249728039,0.011549309058319785,9.607451505357366,69.4179463228098,66.90932390619946,40.54958498003154,20.355408764342904,6.0609869865774035,72723.0,188340.97589061313, 0.0, 0.0,0.0,NaN, 175.48891059023717,175.48891059023717,0.0, 92.32476582254723, 0.9550877409442655, 0.9527495851377841, 0.9550877409442655, 181.12352040904108, -2.9491239584907043, 0.9527495851377841, -2.9491239584907043, 177.6299429833503, 3.7340336267133587, 4.061018823735143, 25.0, 0.0
28, 0 ,0.3333333432674408,0.3333333432674408,0.3333333432674408,76.59428393265433,8.277509873207233,267.4070255664103,15.304045155806874,5.495849732623042,14.12729610458885,67.0,23.0,64.0,-0.9812404006757346,-0.01676048089997013,-0.19205822648802645,15.35165049492069,0.19173485180009386,0.019154549714881425,-0.9812598278898492,14.079792923485709,0.020125175450672602,-0.9996760422783082,-0.015581649715539441,5.4849718280810675,69.66807377953461,67.36376697407152,23.96767137586922,20.29740675847102,7.212068810159411,48110.0,112482.77171121832, 0.0, 0.0,0.0,NaN, 83.65108178192165,83.65108178192165,0.0, 234.21379813097585, 3.9986845814826624, 7.107103139280136, 3.9986845814826624, 30.204364283572758, -2.498798552008849, 7.107103139280136, -2.498798552008849, 199.5804952267313, 3.9368095375462744, 4.15020191386579, 16.0, 0.0
29, 0 ,0.3333333432674408,0.3333333432674408,0.3333333432674408,259.74620775580127,271.94548097388775,50.481067331152985,12.593483193787575,14.247448214394634,12.655312123652731,63.0,61.0,70.0,0.3907776663003594,0.8581343004972544,0.3330140204720108,14.767236537996876,0.5038548794751511,-0.502183458113721,0.7028100986938262,12.716708614403975,-0.7703395848260207,0.10685175107143818,0.6286172343668613,11.914552931953954,72.20540193083798,62.00858950672634,69.30132630376787,21.972254819561744,6.241998291044227,96315.0,310286.64873785496, 0.0, 0.0,7.105427357601002E-15,70.54818327829797, 70.39717314436716,70.39717314436716,0.0, 158.59581895221012, 20.524937309097417, 16.901772411802032, 20.524937309097417, 202.98978062185685, 14.77793785553537, 16.901772411802032, 14.77793785553537, 160.15692494707181, 2.888339134620208, 3.544502647637657, 28.0, 0.0
30, 0 ,0.3333333432674408,0.3333333432674408,0.3333333432674408,9.069655515157857,169.73877220057022,91.16321833067406,5.600629005811307,11.695794628387103,14.43499608295162,23.0,57.0,68.0,0.07378079302276674,0.1454229978692831,0.986614689872212,14.517660705182738,-0.07544890408985461,-0.9856617996123739,0.15092474832358144,11.661392414123176,-0.9944163400973314,0.0855743447278853,0.061750903408949696,5.4568510862947095,68.66198750729629,58.894568941429384,25.94158259179322,18.280850270353994,6.506787422214557,38231.0,104903.04270351879, 0.0, 0.0,0.0,NaN, 159.25130610260223,159.25130610260223,0.0, 31.367045260734947, 9.840460611280953, 11.965063680924269, 9.840460611280953, 136.7916119894086, 10.167117299271386, 11.965063680924269, 10.167117299271386, 208.3691119148286, 4.43553587071521, 4.227479639769511, 15.0, 0.0
31, 0 ,0.3333333432674408,0.3333333432674408,0.3333333432674408,85.56390134529148,60.359348896509275,216.5904554646971,12.007389353083559,12.625257452207077,14.000879071836653,66.0,58.0,68.0,-0.03557405198187745,0.3349463295441879,0.9415654215987687,14.190340962016187,0.12723616791683817,-0.9329765694028519,0.33669820094429453,12.421608126643525,-0.9912343034819916,-0.13177889538982646,0.00942753045120215,11.99737531817178,69.83230354332778,60.43182862755792,65.88258689821234,21.50433312895566,6.096129614282749,90984.0,278030.69652332773, 0.0, 0.0,-2.8421709430404007E-14,19.683867534101097, 133.87152173716404,133.87152173716404,0.0, 144.17739907654442, -1.914026141786527, -1.4797976355374904, -1.914026141786527, 159.39712573451033, 14.85733819772417, -1.4797976355374904, 14.85733819772417, 196.0246147841936, 2.9571524773398705, 3.554430439307958, 25.0, 0.0
32, 0 ,0.3333333432674408,0.3333333432674408,0.3333333432674408,162.6542839093197,99.94927453681169,208.63752731490592,14.783511584351631,11.952922368120083,13.554606330289865,70.0,55.0,67.0,0.9200396845563702,0.06057792088354107,0.387114058570394,15.039298731691499,-0.3910594971311322,0.08022945011706176,0.9168618789313142,13.290123722682274,-0.02448363831134918,0.994933942950657,-0.09750384925579958,11.930801555924008,75.12071131543314,65.47937965666124,58.64945010274624,22.380159347417752,6.654351077013522,96559.0,288488.29198382155, 0.0, 0.0,0.0,NaN, 192.87510109921203,192.87510109921203,3.814697265625E-6, 218.55221476465886, 3.5969270869400702, 17.567010188860685, 3.5969270869400702, 142.8723531383054, 4.487873826245125, 17.567010188860685, 4.487873826245125, 183.72735276913406, 2.9795031628568434, 3.6219499924614484, 28.0, 0.0
33, 0 ,0.3333333432674408,0.3333333432674408,0.3333333432674408,142.2228462489695,282.96917508244024,24.547493301731244,14.24455933433107,10.899616695805205,12.637110197960148,76.0,45.0,56.0,-0.9481119164916102,-0.16194519645429745,0.27360107300956465,14.429781969732604,-0.3054661007882007,0.22533826287955117,-0.9251557320536251,12.615292217660718,-0.08817173626428725,0.9607270271142604,0.26311465997989486,10.67901978035209,81.75210552657893,64.60816909302801,53.77562676292331,20.971307189823037,6.450577001346029,77632.0,284035.0016611137, 0.0, 0.0,3.552713678800501E-15,74.12133541325798, 145.32710146400476,145.32710146400476,0.0, 202.90747062927844, 11.3555012246726, -11.683373275453166, 11.3555012246726, 118.80164411547558, -13.575830179939153, -11.683373275453166, -13.575830179939153, 159.69655415538836, 3.186622174483204, 3.840844853687547, 17.0, 0.0
34, 0 ,0.3333333432674408,0.3333333432674408,0.3333333432674408,20.470204961136904,286.902265089911,18.28448297976041,11.732408744656864,7.85787423981478,11.214893072878848,45.0,30.0,45.0,0.7601137017699728,0.14612576892164475,0.6331464443859783,12.835516484366028,-0.6457553416831441,0.061458329932382746,0.7610669565613846,10.05391872076605,-0.0722993711537997,0.9873551201766169,-0.1410768145082126,7.703094449138574,58.771251978964834,54.873674676523144,34.75613493514612,17.181309974533136,5.474670466388433,38983.0,112088.34614202344, 0.0, 0.0,0.0,NaN, 30.412205917411946,30.412205917411946,NaN, 137.64941495170086, 10.051752838467957, 30.215874278043934, 10.051752838467957, 61.746187568744716, 11.70520175853294, 30.215874278043934, 11.70520175853294, 125.77382663610595, 4.233042435433925, 4.367195701767888, 7.0, 0.0
35, 0 ,0.3333333432674408,0.3333333432674408,0.3333333432674408,283.0998973962438,26.85717259736204,25.191898764293892,10.710748941658354,12.56001615844602,12.703552719539136,45.0,61.0,51.0,0.3345589138742649,-0.671327237200939,-0.6613547261034938,13.049590232264043,-0.10724479816957731,0.6701136406171931,-0.7344700551583695,12.5094544299592,0.9362525761848874,0.3166503580464205,0.15219613771786286,10.347760391724583,69.37046487992365,65.43622597058086,55.33261630538402,19.92688937116213,6.064114154535297,67249.0,251173.63682670353, 0.0, 0.0,3.552713678800501E-15,48.5967260799774, 40.51608262520469,40.51608262520469,0.0, 114.72014289123555, -17.74907412019624, -10.095275407790593, -17.74907412019624, 157.7540059004251, 3.7481477439224156, -10.095275407790593, 3.7481477439224156, 161.3802516981102, 3.4137232925905563, 3.843057950814369, 12.0, 0.0
36, 0 ,0.3333333432674408,0.3333333432674408,0.3333333432674408,183.26923031203566,279.22907578008915,118.2231441307578,12.207534371257399,11.550632502647296,14.141736838616339,60.0,46.0,70.0,-0.2717410934805481,0.03718202021168197,0.9616518473371605,14.293777809060147,0.8432161338103862,-0.47241296072367894,0.25653956073508977,12.224470285013872,-0.4638354555182917,-0.8805926935384295,-0.09702153519128165,11.343719392040418,75.6165901988644,64.6566138396456,55.859987742356964,21.085156130014365,6.151903642152888,84125.0,273105.7739489594, 0.0, 0.0,0.0,NaN, 167.43421303024,167.43421303024,0.0, 149.02389542543077, -9.032931201702612, -15.273937490847493, -9.032931201702612, 133.41711121121216, 0.18863345564538533, -15.273937490847493, 0.18863345564538533, 199.98872081267842, 3.360830452475824, 3.9114728589442973, 24.0, 0.0
37, 0 ,0.3333333432674408,0.3333333432674408,0.3333333432674408,182.42486234182985,13.730481712431171,10.023520402581774,13.248418106179173,8.16089390137294,6.029833297375459,62.0,32.0,23.0,0.9970610039510255,-0.06765430867535693,0.03594786388414023,13.273898103126683,0.06975039074496003,0.9957181644491202,-0.060664816632046904,8.137348467255679,-0.031689704812424446,0.06299390052801894,0.9975106671635987,6.005568270363889,62.75020179799904,33.67062301742412,24.235855096522894,15.726862236476954,5.580812250436671,27423.0,51206.445038361846, 0.0, 1.7763568394002505E-15,0.0,86.12073049592225, 118.79776969562198,118.79776969562198,0.0, 175.52058231613614, -7.358561879864903, 4.894977347099781, -7.358561879864903, 66.60018926946604, -2.1619866792297753, 4.894977347099781, -2.1619866792297753, 36.3588895941378, 5.398015776634242, 4.380749025375064, 14.0, 0.0
38, 0 ,0.3333333432674408,0.3333333432674408,0.3333333432674408,104.79834306914267,33.55322186585697,160.9471652205387,11.304251001205136,12.167259456136222,16.85119678845751,56.0,65.0,79.0,-0.0030309843238001642,-0.1759735917649454,0.9843902214748849,16.98387443018804,0.041481840152329606,-0.9835695510838764,-0.1756991608353286,11.982560292541569,-0.9991346606296899,-0.040301776412540805,-0.010280892295327165,11.302981232830355,79.27940838731209,63.79780349976896,55.92933562513447,22.63957587556701,6.873189270559108,99461.0,282882.30864274193, 0.0, 0.0,0.0,NaN, 177.3251315178458,177.3251315178458,0.0, 127.78609069824732, -0.5599283039232155, -0.5947930060189814, -0.5599283039232155, 148.04220267293633, -25.101947688993487, -0.5947930060189814, -25.101947688993487, 283.96283320332077, 3.189020934201439, 3.664452565530835, 25.0, 0.0
39, 0 ,0.3333333432674408,0.3333333432674408,0.3333333432674408,228.49433241300574,82.9994874124815,279.1148079544263,13.066042954819412,13.643988147895245,11.377573250709295,60.0,66.0,49.0,-0.47182452731992747,0.8000333838368531,0.37057819709999357,14.089247483151723,0.8097518043062156,0.5594817508933129,-0.17686770717172068,13.090329224227213,0.3488318088164489,-0.2166258414038077,0.9118056887264614,10.791915970400865,63.97881497309852,61.88028351453457,54.01256701873814,21.196454172876084,6.085999889050421,85839.0,213837.22247992753, 0.0, 0.0,0.0,NaN, 111.52652892732246,111.52652892732246,0.0, 170.721478497186, -6.10060985535528, -22.20624245308281, -6.10060985535528, 186.15841257990593, 18.8915067923662, -22.20624245308281, 18.8915067923662, 129.44917307525566, 3.1592309540737307, 3.785618436263703, 20.0, 0.0
40, 0 ,0.3333333432674408,0.3333333432674408,0.3333333432674408,253.9568974602171,8.969148487722626,20.620534302877015,14.449024328400379,5.7684874250092975,11.82745318507327,73.0,23.0,42.0,-0.9633877010657488,0.06156188962700111,0.26094879034171453,14.669089632032492,-0.2565639612844282,0.07089152608527738,-0.9639239209083581,11.605623691220934,0.07784003600521747,0.9955825055086359,0.052501462073479804,5.662659107297934,74.61090537068736,54.624379993080105,26.566000889993862,18.329428475049664,6.7801513138224925,37956.0,108271.71437551003, 0.0, 0.0,0.0,NaN, 51.24079772037031,51.24079772037031,0.0, 208.774304042706, -12.726827723524293, -20.654594948900993, -12.726827723524293, 33.275447172490395, -4.071091641145916, -20.654594948900993, -4.071091641145916, 139.88864884509985, 5.470582909822395, 4.167840290595015, 11.0, 0.0
41, 0 ,0.3333333432674408,0.3333333432674408,0.3333333432674408,150.8352371974381,95.12767904178335,157.26018243823995,11.452678506978916,11.696236701467434,12.373433261096645,52.0,56.0,59.0,-0.16313911510140705,0.007285066772663662,-0.9865761789776033,12.399344981185243,0.5825550689739702,0.8077521705657194,-0.0903660476014203,11.998092494676587,-0.7962507273068344,0.5894771910332807,0.13601992690356113,11.10718997562052,57.159813778820364,57.54479310673578,52.7644001692111,19.768624652561073,5.501738631916953,72134.0,173555.28520702463, 0.0, 0.0,0.0,NaN, 227.31928492625883,227.31928492625883,0.0, 131.16384498421684, 9.650171422790859, 3.8050471106341055, 9.650171422790859, 136.80195297675382, -1.720842879310591, 3.8050471106341055, -1.720842879310591, 153.10185066681274, 3.1084711687052113, 3.5277478314026993, 19.0, 0.0
42, 0 ,0.3333333432674408,0.3333333432674408,0.3333333432674408,177.34281259837798,283.3216004317388,240.9684890641162,13.340955357962079,10.015659038044507,12.327748073746815,63.0,43.0,62.0,-0.9181707772931902,-0.1906779297313862,0.34728137128007747,13.636274146208649,-0.34508972918241715,-0.04568012530707312,-0.9374574150140025,12.138638613152418,-0.19461629566309308,0.9805892377878122,0.023858838972022397,9.847505695758429,64.49667042724518,59.646687781081596,46.003789852974876,19.87477426625733,5.938117232305071,66707.0,176977.16675185537, 0.0, 0.0,0.0,NaN, 137.14107304818847,137.14107304818847,0.0, 177.9810898631371, 16.371289989461324, -12.074690930760081, 16.371289989461324, 100.31342596636264, -3.7346604688036162, -12.074690930760081, -3.7346604688036162, 151.9733725697683, 3.500475804022345, 3.9251221510563687, 13.0, 0.0
43, 0 ,0.3333333432674408,0.3333333432674408,0.3333333432674408,46.29344303514556,104.29475610437504,259.15733083757056,13.888792870075502,10.684431866412323,11.151661008935914,66.0,49.0,51.0,-0.9563172719499196,0.19236811133178777,0.22011766197401142,14.172975113214813,-0.09384825147127387,0.511089544951106,-0.8543886602345894,11.179867616611723,0.27685696860662323,0.8377242904346945,0.4707103484624476,10.273876165757445,67.80595652085142,54.405019928787,55.5339776005186,19.952065242630212,5.773238909658302,71588.0,204863.97791610958, 0.0, 0.0,0.0,NaN, 121.19654550865302,121.19654550865302,1.9073486328125E-6, 192.89856738786008, -18.467954705880928, -18.506719686328175, -18.467954705880928, 114.15708430800711, -4.451274487394246, -18.506719686328175, -4.451274487394246, 124.35954325822155, 3.2448713219800416, 3.6816115696670577, 21.0, 0.0
44, 0 ,0.3333333432674408,0.3333333432674408,0.3333333432674408,53.64834078683,130.08519670749885,282.5207725711323,13.625998992130926,11.883051633620498,10.056426106399867,66.0,60.0,42.0,-0.9994674432984614,0.027281091201057758,-0.017904520359852696,13.627549187406023,-0.03192264509116784,-0.9311884255845799,0.3631377986215334,12.180918859242391,-0.006765686721992888,0.3635159668022704,0.9315633995402515,9.691315162747884,66.21890902802663,62.528535214747976,51.101392624999505,19.748906049384036,6.163374120313512,61716.0,211588.9640388261, 0.0, 0.0,0.0,NaN, 141.79501494452686,141.79501494452686,0.0, 185.667848533553, -0.8840815324575604, 1.01131517128924, -0.8840815324575604, 141.20691612729078, -18.458166799192963, 1.01131517128924, -18.458166799192963, 101.13170603348078, 3.7424436716838607, 3.876763041101673, 17.0, 0.0
45, 0 ,0.3333333432674408,0.3333333432674408,0.3333333432674408,285.99626293080104,37.93390623025401,65.0207976024986,8.15555982406196,14.674027852073129,11.710538830671982,39.0,61.0,52.0,0.053097082716232216,-0.9498116968432867,0.30828305231832426,15.00887126364523,0.1167313226410288,-0.3006983468711818,-0.9465486265921127,11.33629486284886,-0.9917431613686588,-0.0862452591660288,-0.09490657063598323,8.07460038180335,65.2402203926363,53.63797930850859,42.28332941094459,19.48411444695488,6.272659194468363,55391.0,147964.3206348835, 0.0, 0.0,0.0,NaN, 76.56885799497111,76.56885799497111,NaN, 66.51315604385356, -10.294861645580182, -4.375380384832922, -10.294861645580182, 215.3270934034179, -28.849034319244286, -4.375380384832922, -28.849034319244286, 137.13671970467632, 3.0663896248682625, 3.724297990850705, 11.0, 0.0
46, 0 ,0.3333333432674408,0.3333333432674408,0.3333333432674408,78.82254073120205,209.49277196125638,62.30639941772577,13.12506227328579,12.384801159139254,13.31086796606598,66.0,57.0,65.0,0.48381263837103056,-0.4090365118470391,0.7737017919899563,14.024360307350705,-0.8636093983070608,-0.36636494247772644,0.3463459774257646,12.86295734509402,0.14178906201882613,-0.8357427001770932,-0.5304997653086403,11.86134106022528,64.77411066162529,67.62534010764162,59.029102854113574,21.54144142068848,6.228648887052509,89305.0,258569.38586193274, 0.0, 0.0,0.0,NaN, 135.22809864440276,135.22809864440276,0.0, 172.26725967762997, -3.245188398835556, 13.551848362041445, -3.245188398835556, 153.383299751417, -20.861997863231153, 13.551848362041445, -20.861997863231153, 177.17920601004147, 3.2992062572635747, 3.621137226370259, 20.0, 0.0
