// Sample: .//bubblelabels.tif, Map: .//bubblelabels.tif, Thickness:(8.191250068658265):/gpfs/home/mader/Foam/NewValid/InSilicoTest/LatticeDataPhi_16.0/out_Step_02000.vtk/distmap.tif, Neighbors:(1.0):
//LACUNA_NUMBER, TRIANGLES, SCALE_X, SCALE_Y, SCALE_Z, POS_X, POS_Y, POS_Z , STD_X, STD_Y, STD_Z,PROJ_X, PROJ_Y, PROJ_Z, PCA1_X, PCA1_Y, PCA1_Z, PCA1_S, PCA2_X, PCA2_Y, PCA2_Z, PCA2_S, PCA3_X, PCA3_Y, PCA3_Z, PCA3_S,PROJ_PCA1, PROJ_PCA2, PROJ_PCA3,OBJ_RADIUS, OBJ_RADIUS_STD, VOLUME, VOLUME_BOX, Mask_Grad_X,Mask_Grad_Y,Mask_Grad_Z,Mask_Angle, Mask_Distance_Mean,Mask_Distance_COV, Mask_Distance_STD, SHAPET_XX, SHAPET_XY, SHAPET_XZ, SHAPET_YX, SHAPET_YY, SHAPET_YZ, SHAPET_ZX, SHAPET_ZY, SHAPET_ZZ, Thickness, Thickness_STD, Neighbors, Neighbors_STD
1, 0 ,1.0,1.0,1.0,169.22206372392387,64.75325238508239,165.90896745332543,13.529467484494138,13.260307192079113,13.29521812716121,63.0,65.0,64.0,-0.5186860928952574,-0.6532961944780998,0.5515150218420942,15.12472275565654,-0.7910468309484466,0.1219772564237062,-0.599471817654313,13.091518447375563,-0.32436036792967304,0.7472119051485854,0.5800557908690759,11.640445377975693,73.84774086335285,62.028825635800445,67.15750855887826,22.036423849493374,7.0739724495185365,87628.0,307627.63665452634, 0.0, 0.0,0.0,NaN, 79.38805675892822,79.38805675892822,0.0, 183.04649041398412, 28.137940633572384, -9.65906556893081, 28.137940633572384, 175.83574682830502, -36.225034300956004, -9.65906556893081, -36.225034300956004, 176.762825048796, 5.883655391297491, 4.047251251533941, 34.0, 0.0
2, 0 ,1.0,1.0,1.0,41.8252496622606,8.966305528330375,26.210961299038438,14.007210981199586,5.925153549718343,12.075396790822051,72.0,23.0,55.0,0.8702399050958582,-0.024834698360303928,0.49200177371235576,14.844938806959076,-0.4871279449483706,0.10544414632035995,0.8669416919592389,11.079104818523756,0.07340894243298139,0.9941150686737038,-0.07966402831107633,5.831452645197236,77.95899754870543,54.06843544038966,25.47547686401982,18.235758324923037,6.676955146652631,37751.0,107382.21817587921, 0.0, 0.0,0.0,NaN, 50.167326382392446,50.167326382392446,0.0, 196.20195947183828, -8.58592573520186, 42.31831505628317, -8.58592573520186, 35.10744458773988, 5.834980338861904, 42.31831505628317, 5.834980338861904, 145.8152076557955, 6.235796046695635, 4.247882497967225, 17.0, 0.0
3, 0 ,1.0,1.0,1.0,170.1634326865373,40.04862972594519,12.090438087617523,14.656686487428585,11.070420338181581,8.246854231102688,65.0,60.0,31.0,0.939219917886208,0.33420706984928167,0.07855940623873442,15.131016298153275,0.3405257501508603,-0.9359839893258535,-0.08930949115213914,10.47713530906249,0.043682483102714165,0.11063275368722236,-0.9929009187635813,8.164879145735613,73.57075668616574,63.02897076034838,35.18806085055522,19.010312820154887,6.632591985318412,49990.0,163170.17243459512, 0.0, 0.0,0.0,NaN, 51.383773558655314,51.383773558655314,NaN, 214.8184587907717, 37.20071404558968, 10.663015019487164, 37.20071404558968, 122.55420646402439, 7.863995699319826, 10.663015019487164, 7.863995699319826, 68.01060470905631, 6.197033647487321, 4.076468902764862, 15.0, 0.0
4, 0 ,1.0,1.0,1.0,9.539888335144452,30.13261138381984,135.13208678382733,6.233978720157762,10.46980446319509,10.431158150930992,24.0,53.0,55.0,0.04861246554678628,-0.712302882221404,0.7001867123650253,11.485759651994826,-0.007726395905882719,-0.7012627122450903,-0.7128610742781267,9.312706733231463,-0.998787830822827,-0.02924401466521991,0.039593643511204285,6.216041752440764,63.574295712366975,43.988563479603926,26.16829838577522,15.213663764737873,5.082596915371247,26687.0,73180.74400267345, 0.0, 0.0,0.0,NaN, 72.15836682794479,72.15836682794479,0.0, 38.86249068337982, -2.9695606406895827, 3.4400229931660253, -2.9695606406895827, 109.61680549753983, -22.485684233070877, 3.4400229931660253, -22.485684233070877, 108.80906036973408, 6.212546567990217, 4.115257907773694, 12.0, 0.0
5, 0 ,1.0,1.0,1.0,59.18446991133748,74.13386625165063,142.2746179966044,9.763224373969239,9.982796276497314,10.53379121571342,49.0,56.0,55.0,-0.5960519206927705,0.39927761380767207,0.6966344055173492,11.423656032404542,0.1679915096108064,-0.7863854916122524,0.594454969935014,10.031623720631947,-0.7851757513685338,-0.4713546920248146,-0.40165133358306004,8.648938514738017,55.73995653580003,54.132770804855106,47.22834191173848,16.792985401276884,4.892153959480389,42408.0,142504.82907653257, -7.105427357601002E-15, 0.0,0.0,53.412342478397356, 111.0443665006991,111.0443665006991,0.0, 95.32055017646705, -16.667261735678746, -20.547168849920663, -16.667261735678746, 99.65622149804864, 3.41735034977532, -20.547168849920663, 3.41735034977532, 110.9607573762412, 5.9587816719033935, 3.8639724354772986, 21.0, 0.0
6, 0 ,1.0,1.0,1.0,28.71778215223097,107.02239173228347,174.1991305774278,12.429357289908834,12.083330008564527,10.135887550466785,58.0,57.0,51.0,-0.8173725028703552,0.5760992153119282,-0.003447559779203526,12.76120227543914,0.5756937372068738,0.8165406424668512,-0.04287307010937966,11.735102399281706,-0.02188406937097319,-0.03702800719457364,-0.9990745788933699,10.13267444140455,66.10964773793071,56.136217598747706,51.6059128226014,19.217594710360267,5.823749369618761,60960.0,191517.0547983288, 0.0, 0.0,0.0,NaN, 100.67388695132699,100.67388695132699,1.3486991523486091E-6, 154.48892264020986, -11.86446477424202, -0.6953109833650885, -11.86446477424202, 146.006864095876, -1.3462403746421798, -0.6953109833650885, -1.3462403746421798, 102.73621643570758, 5.987069645610557, 3.739404324018823, 23.0, 0.0
7, 0 ,1.0,1.0,1.0,136.00227016722988,16.58268780868209,179.8950350922797,14.390047672426258,10.45035607215637,9.605558664526814,76.0,46.0,39.0,0.9728496473600358,0.2258952293363928,0.050347879741982016,14.593039572278544,-0.22627635757788842,0.974061235992778,0.0019283509808361284,10.180047612421806,-0.048606312684033565,-0.013268530411478054,0.9987298796311151,9.589577569317619,76.10784456046531,52.49249960939265,40.62095117271812,19.183216691668136,6.3682312040099225,57705.0,162284.39647657852, 0.0, 0.0,0.0,NaN, 69.1006843138989,69.1006843138989,0.0, 207.07347201470037, 24.017618367507904, 5.921440956640063, 24.017618367507904, 109.20994203485554, 1.398064986694094, 5.921440956640063, 1.398064986694094, 92.26675725766616, 5.993178179788585, 3.917847402912436, 13.0, 0.0
8, 0 ,1.0,1.0,1.0,184.61019386186723,154.53944171748722,91.89754078040558,8.641416047418286,10.998595581726683,10.765524272759865,34.0,54.0,52.0,-0.35958089242499064,-0.9320678838466728,0.04417059773687521,11.345919500457269,0.1474956193675148,-0.10351624145807216,-0.9836307386523603,10.838137903612886,0.9213829953229226,-0.3471798491502345,0.17469839230450807,8.083598605432536,55.375525072589426,54.61898508357151,38.97826832951762,16.84107402673203,5.283740584897359,40338.0,117891.91550731706, 0.0, 0.0,0.0,NaN, 103.67577582932937,103.67577582932937,0.0, 74.67407130457826, 20.448043570969556, -8.5684731213472, 20.448043570969556, 120.96910477037773, 2.697444410193357, -8.5684731213472, 2.697444410193357, 115.89651286738182, 6.067554082381062, 4.035226530676911, 20.0, 0.0
9, 0 ,1.0,1.0,1.0,79.33032706726068,146.6679615342823,44.85393349994567,9.635257330356197,8.903988361550434,10.394081663151924,45.0,40.0,48.0,-0.5874936027735644,-0.10044248644860958,0.8029710913950505,11.22936289865916,0.11334355779759764,-0.9926992896251866,-0.04124752457338835,8.878063155431214,0.8012518359454287,0.06677894349022392,0.5945889909007814,8.673956979572322,54.042399415596854,40.62477052419395,42.558759944071795,16.08646972480614,4.624026165363546,36812.0,93436.05829171605, 0.0, 0.0,0.0,NaN, 105.59110980534722,105.59110980534722,0.0, 92.83818382218284, 2.5981904743868225, -24.00996499400574, 2.5981904743868225, 79.28100874262559, -3.955377888464754, -24.00996499400574, -3.955377888464754, 108.03693362027109, 5.983949576868942, 3.943104298559669, 15.0, 0.0
10, 0 ,1.0,1.0,1.0,153.18895161290322,10.750927419354838,87.34459677419355,9.490408087910643,6.825593672245758,9.590395640800962,48.0,26.0,46.0,-0.6340388852866733,-0.043560677829117864,0.7720732862180252,9.759468086583604,0.767559616457699,0.08598804693942348,0.6351836671127915,9.337695217284722,0.09405810506140841,-0.9953434196952383,0.021084348262295105,6.796506006532283,48.36153020139731,49.48002220913324,27.888240027115977,14.417257060200244,4.557955908175598,24800.0,66734.59473020196, 0.0, 0.0,0.0,NaN, 99.67916169953384,99.67916169953384,0.0, 90.06784567507975, 4.060893311004165, -4.024265342091457, 4.060893311004165, 46.58872897860133, 0.5895392852497814, -4.024265342091457, 0.5895392852497814, 91.9756885470941, 6.321192407499878, 4.057821651342972, 15.0, 0.0
11, 0 ,1.0,1.0,1.0,98.90969922737307,90.8722636129507,12.937591979396615,11.27187431575509,11.333493035868711,8.367376139400612,59.0,54.0,33.0,0.6674823927183781,0.7372797865384789,0.10433490198741947,11.519913027492724,0.7370607489614935,-0.6741053368192912,0.04820214945489218,11.11812239615805,-0.10587118470703594,-0.04472707494935119,0.99337343482459,8.318362619261485,57.5689522139959,57.79528743308382,36.294334425733375,17.241241092856754,5.315618874646556,43488.0,120759.0227187722, 0.0, 0.0,0.0,NaN, 134.93805312667126,134.93805312667126,0.0, 127.05515059017927, 4.218528771340534, 6.35651038684319, 4.218528771340534, 128.44806439408458, 3.117488121908126, 6.35651038684319, 3.117488121908126, 70.01298345821068, 6.123382652471715, 3.8488140831841187, 13.0, 0.0
12, 0 ,1.0,1.0,1.0,154.61800060864272,9.85335514303104,39.88283627510651,10.233242990422518,6.25488757181727,9.69525600662829,47.0,24.0,48.0,-0.9773352645873101,0.008793457173978773,0.21151467018857267,10.259193030158928,-0.21152941891468252,-7.718118115286566E-4,-0.9773713261806609,9.668058521557686,-0.008431223379081377,-0.9999610389497465,0.0026143937872948483,6.254476194282123,52.78236799620373,49.234472770241005,24.25167581986767,14.729227529227183,4.5706373804345315,26288.0,63023.122424855144, 0.0, 0.0,0.0,NaN, 61.2148274985628,61.2148274985628,9.5367431640625E-7, 104.7192621010316, -0.5594799016160338, -2.433907414994699, -0.5594799016160338, 39.12361853607414, 0.16400387403131458, -2.433907414994699, 0.16400387403131458, 93.99798903406192, 5.83650567866431, 3.8749379123394054, 13.0, 0.0
13, 0 ,1.0,1.0,1.0,188.52564839290503,59.12956365168755,92.90261655748381,6.997803899140883,9.505857705538096,9.59299787433638,28.0,46.0,54.0,0.16643654444509431,-0.6519844895507104,0.739739888108297,9.833349863690312,0.047063502199387985,-0.7440960512135149,-0.6664128550149543,9.334995945569343,-0.9849283747734678,-0.14573020261343844,0.09316010204128064,6.89342291610324,51.59890742521193,45.49196506953173,29.902347340529104,14.548821329639305,4.43711575959191,26103.0,70190.84725320134, -2.8421709430404007E-14, 0.0,0.0,80.41930357265204, 110.71974623195754,110.71974623195754,NaN, 48.96925941083135, -6.723814996927839, 4.81175336991019, -6.723814996927839, 90.361330717938, -4.069288939869406, 4.81175336991019, -4.069288939869406, 92.02560821702231, 6.135933557294436, 3.9439529069051074, 11.0, 0.0
14, 0 ,1.0,1.0,1.0,73.15724159194265,186.6606973099355,25.550551116363916,9.893097410005112,7.423910106549967,13.381480551634334,48.0,29.0,55.0,-0.21841948887979754,0.06445729910888764,0.973723874344814,13.569729723475556,0.9611239453888569,0.18692992002367712,0.20321901141403997,9.73657448003786,0.1689191773530939,-0.9802563244333237,0.10278059121655676,7.287893523800409,57.794288268342946,47.63751499750521,33.03150263447489,17.304733987570344,5.709467664080852,38921.0,90941.54935286936, 0.0, 0.0,0.0,NaN, 78.63046264615865,78.63046264615865,0.0, 97.87337636384984, 5.645038217496849, -19.723911842762007, 5.645038217496849, 55.11444127013474, 9.80716266392698, -19.723911842762007, 9.80716266392698, 179.06402175376792, 5.36423004806273, 3.6544232839880744, 12.0, 0.0
15, 0 ,1.0,1.0,1.0,184.43272266275574,149.40669666161227,34.76022272489995,9.47004493507166,11.528712383660888,9.228144150938842,42.0,59.0,49.0,0.3901699401191703,-0.9114699735155893,-0.13034533059106349,11.93561107541121,0.5495348837884437,0.34410984145285917,-0.7613145398026426,9.546595326650978,0.7387684544747594,0.22541274230792457,0.6351458622066244,8.611347786127682,63.1364235800341,46.6875704666752,46.15061113604702,16.7476118413689,5.2219826099677995,40229.0,136037.52071675134, 0.0, 0.0,0.0,NaN, 63.32689436779166,63.32689436779166,6.743495761743046E-7, 89.68175107227643, -21.079315307001018, -10.578511948968545, -21.079315307001018, 132.91120922517592, 3.665937408285488, -10.578511948968545, 3.665937408285488, 85.15864447050676, 5.882647142687285, 3.8667815276914257, 18.0, 0.0
16, 0 ,1.0,1.0,1.0,152.56097977297944,109.9853204745242,10.199411112059401,10.218437333932847,9.53038951145905,5.8221747831887685,51.0,49.0,24.0,0.9089186920078177,0.41398966162560225,0.04979328655468305,10.401988903468974,0.41382080361968965,-0.9102485545309119,0.014139005125527376,9.340172699682476,-0.05117766905938347,-0.0077542918119382406,0.9986594600503934,5.805368703696172,48.2504239851643,42.57549216929281,25.375989354872793,14.476758713273012,4.423342870648371,23434.0,52129.52821175761, 0.0, 0.0,0.0,NaN, 102.26011518283448,102.26011518283448,1.9073486328125E-6, 104.41646154751264, 7.866603099850862, 3.684925387081453, 7.866603099850862, 90.82832424012867, 0.8467012640841822, 3.684925387081453, 0.8467012640841822, 33.89771920599918, 6.07955288719025, 3.9406213905768332, 17.0, 0.0
17, 0 ,1.0,1.0,1.0,11.450823785230408,46.706782637785395,14.439533327757799,7.055452080722326,9.292434204170496,8.795163411746339,27.0,46.0,38.0,-0.18142411278885637,-0.8608417531348512,0.4754332417474528,9.561226690496929,0.03987567428367256,-0.4894982532690542,-0.871092067836097,8.587555960786835,-0.9825961641993108,0.1390788844730223,-0.12313343166882407,6.951292234887838,48.79059965150524,40.97334630436022,30.680128422389622,13.996494908553986,4.193061794958719,23914.0,61333.078420994694, 0.0, 0.0,0.0,NaN, 50.211005093078526,50.211005093078526,6.743495761743046E-7, 49.77940406336901, 6.234430726019736, -4.600468713162027, 6.234430726019736, 86.34933343883775, -6.796813260256017, -4.600468713162027, -6.796813260256017, 77.35489943932151, 7.231487825661187, 4.150533679086445, 10.0, 0.0
18, 0 ,1.0,1.0,1.0,62.15431248277763,12.06020942408377,104.90953430697162,10.548213455938958,7.3358615559034694,11.922221993824653,50.0,28.0,56.0,0.3439658101427935,0.15087000693137959,0.9267824785036332,12.274996947020558,-0.9311383055889779,0.18211483758263247,0.3159361356305078,10.34069273395092,-0.12111555357467046,-0.9716338955289576,0.20312212026641563,7.043690288628622,60.3713875833825,51.04825610692317,34.92060105200872,16.663776114516867,5.434851861342356,36290.0,107620.19595121843, 0.0, 0.0,0.0,NaN, 114.24011500903057,114.24011500903057,0.0, 111.26480711205168, -4.474846315096881, 15.355348798042414, -4.474846315096881, 53.814864767382474, 17.428648871294147, 15.355348798042414, 17.428648871294147, 142.1393772700363, 5.594157972022764, 3.6935982356230306, 17.0, 0.0
19, 0 ,1.0,1.0,1.0,189.841768579492,134.68170272812793,118.5030103480715,6.4258404632062165,9.206104263391264,9.16559994535618,27.0,47.0,46.0,0.060853908317395865,0.7111389429943232,0.7004128822340546,10.21513772124959,0.04999959234410609,-0.7030042427346482,0.7094258773561251,8.043967378176458,-0.996893596432398,0.008150978714354568,0.07833721298384917,6.40293322470718,48.683607170776725,44.03395819990679,28.46159100136836,13.817955342232397,4.372197832371565,21260.0,61014.02121408799, 0.0, 0.0,0.0,NaN, 104.93535603606531,104.93535603606531,0.0, 41.291425658578284, 1.9082430845447922, 3.541163067305464, 1.9082430845447922, 84.75235570843083, 19.73099111126059, 3.541163067305464, 19.73099111126059, 84.0082223583132, 5.988987062480353, 3.7184684356001645, 8.0, 0.0
20, 0 ,1.0,1.0,1.0,11.653757442471706,153.38164458509897,188.09075792522663,7.310721976067754,9.987960350843284,6.082001631842632,29.0,56.0,23.0,0.1016356644498083,0.9943967003156504,0.02907566187025712,10.014790000364648,0.9928445107173023,-0.10323209698270029,0.060024259188059155,7.281604389395834,-0.06268946682152395,-0.022767005817671382,0.997773368153175,6.072805809182572,56.67349620030423,31.310935407559022,24.40154750238935,13.122015020440363,4.24375699521576,18643.0,43300.55040716439, 0.0, 0.0,0.0,NaN, 49.50667804360892,49.50667804360892,0.0, 53.446655811359996, 4.754788166969623, 1.149431014715336, 4.754788166969623, 99.75935197001752, 1.7335330881302793, 1.149431014715336, 1.7335330881302793, 36.99074384973644, 6.179682038816741, 4.068591255345395, 8.0, 0.0
21, 0 ,1.0,1.0,1.0,8.513028846153846,19.16173076923077,55.21033653846154,5.364244467835691,10.353144119458568,9.616334204913404,21.0,42.0,45.0,0.004799631468263725,0.948191310462432,0.3176636622298885,10.442050504095796,-0.05888845449192581,0.3173840245174824,-0.9464668673063199,9.531154661991211,-0.9982530307819361,-0.014164029956970779,0.0573608471874047,5.343900026075407,44.68498300506647,44.359877866947016,21.831754694987698,14.362925780467936,4.7056305033808234,20800.0,43275.349275129585, 0.0, 0.0,7.105427357601002E-15,71.4783082264494, 59.05780936419936,59.05780936419936,0.0, 28.77511871070582, -0.7978763960798668, 3.5942547499075763, -0.7978763960798668, 107.18759315827953, 5.530597494452648, 3.5942547499075763, 5.530597494452648, 92.4738835405875, 5.510582305992452, 3.77714792498154, 11.0, 0.0
22, 0 ,1.0,1.0,1.0,120.56297378395452,10.013739734680986,146.5232154137713,11.0861881396362,6.49988829102569,9.348663997082625,52.0,26.0,45.0,-0.8646997044991604,-0.16967584678605335,0.4727626550992589,11.911996492669585,-0.46158233392139847,-0.10274767382937824,-0.8811269287306608,8.468505540527499,-0.19808122084321866,0.9801290846312479,-0.010526509828643386,6.240063081592582,57.67199027454231,39.69744287989377,28.610050714101778,15.036690262378977,5.14272104501602,25328.0,65500.7238470425, 1.4210854715202004E-14, 0.0,0.0,30.151566895300807, 96.28230682324002,96.28230682324002,0.0, 122.90356746741035, 16.660260783448514, -28.757798822842826, 16.660260783448514, 42.24854779581286, -5.291419731680029, -28.757798822842826, -5.291419731680029, 87.39751853034888, 5.657923647596142, 3.7279827739687397, 9.0, 0.0
23, 0 ,1.0,1.0,1.0,57.07560437540215,151.80705947237797,19.34212703373472,8.6442827875129,11.440028618296083,11.705550401861425,41.0,52.0,46.0,0.17808442332437063,0.5812864043715482,-0.7939723258791985,12.408652294367965,0.2563508062690088,-0.8064146663868456,-0.5328974103534586,10.95448802593232,0.9500369478575327,0.10863471788056642,0.29262312925767553,8.285066700734848,61.03320576479081,57.94761322594968,43.330417533898675,17.6475301880049,5.584126446627143,43516.0,153247.9270113186, 0.0, 0.0,0.0,NaN, 77.16412385108426,77.16412385108426,0.0, 74.7236249104918, -1.7836479838247712, -19.08150100976616, -1.7836479838247712, 130.8742547874334, -17.312425347567967, -19.08150100976616, -17.312425347567967, 137.01991021051816, 5.374079523689415, 3.612103735883813, 12.0, 0.0
24, 0 ,1.0,1.0,1.0,139.67427487123882,36.33968555164001,35.309785849823804,8.742433644285791,8.987778817749199,11.179013281994829,39.0,45.0,57.0,0.21607054861908107,0.40919746528969714,0.8864936279635275,11.790204204072555,-0.8210764723290357,-0.41515966230650897,0.39175997930014783,8.710951416350703,-0.5283435857537744,0.8125268544448444,-0.24627863528696764,8.20311296452668,58.477268514531254,41.74631840309378,41.47445292818752,16.085993106222027,4.839574139025068,36890.0,101247.8770518445, 0.0, 0.0,0.0,NaN, 78.78164021561965,78.78164021561965,0.0, 76.43014602474014, 9.268979712347747, 10.974231140457814, 9.268979712347747, 80.7801680767812, 24.618679141118545, 10.974231140457814, 24.618679141118545, 124.97033795901677, 5.476547769876992, 3.526499767685224, 16.0, 0.0
25, 0 ,1.0,1.0,1.0,71.07862415030488,63.86900837296146,46.77950229016542,9.09792028816952,9.253894369710906,9.586861393498667,42.0,39.0,51.0,0.46437030089314224,0.5778322844840873,0.6711706747588967,10.022655568396285,-0.4849585762956104,-0.4682187749465452,0.7386381780444944,9.218192630463916,-0.7410636969422715,0.6684916078721236,-0.06279782861529754,8.65366546260974,54.428588104373105,48.09605411727202,44.45541038719848,15.512274978245488,4.436659887021354,34277.0,116375.38749264568, 0.0, 0.0,0.0,NaN, 106.39428027935203,106.39428027935203,0.0, 82.77215356988657, 9.15144331285903, 4.354705526388075, 9.15144331285903, 85.63456100576721, 6.426494888200337, 4.354705526388075, 6.426494888200337, 91.90791137815522, 5.6303047868796625, 3.6123202200352345, 23.0, 0.0
26, 0 ,1.0,1.0,1.0,92.1778441325769,126.70695730068677,77.17148402508211,8.968870154079642,8.184276703424844,10.291923226680161,43.0,39.0,48.0,-0.10473250779837133,-0.10385899354452509,0.9890623899786011,10.325352715488513,0.9879702608370697,0.1029177531956327,0.11542400001167727,8.962852477586171,-0.11377989941899656,0.989252872392636,0.0918307625533076,8.148685014689374,46.843979129421086,42.66354422875315,39.447202944933395,15.339566950179476,4.247868463575128,33490.0,78836.4254221095, 0.0, 0.0,0.0,NaN, 140.79795099250023,140.79795099250023,0.0, 80.4406318407406, 1.8539672235625255, -2.5767201807521505, 1.8539672235625255, 66.98238515822264, -3.9651853024140036, -2.5767201807521505, -3.9651853024140036, 105.92368370387858, 5.757857295836075, 3.6249669917481677, 19.0, 0.0
27, 0 ,1.0,1.0,1.0,66.2830680516608,190.66242742604368,72.7514119830957,11.322303978046854,5.637830469161205,10.027162814871607,61.0,23.0,46.0,-0.9205921029628079,0.0922713271495369,0.3794682887259197,11.606444025406399,0.38150499606759775,0.004849113636812855,0.9243540577464889,9.742400104910201,-0.0834512908107292,-0.9957220939012053,0.039666028021755256,5.5587580597823925,60.07846377258845,47.87098651536853,24.069926231077915,15.263664765065279,5.248259885518806,25319.0,69225.4768114071, 0.0, 0.0,0.0,NaN, 98.86052456592124,98.86052456592124,0.0, 128.19456737129562, -8.699617574250725, -13.689970760411025, -8.699617574250725, 31.785132399002453, 3.9217314356617474, -13.689970760411025, 3.9217314356617474, 100.5439941159439, 5.310976289345419, 3.6315892540379884, 15.0, 0.0
28, 0 ,1.0,1.0,1.0,101.01074089764997,18.881750442345552,101.71149101602413,9.884172787804951,9.91432120432512,10.72201567539292,45.0,41.0,52.0,-0.5190665744115571,0.4250161469519563,0.7415734394911705,12.477921936842897,0.5721054839877067,0.8173561040226461,-0.06800231178506641,9.504148399677863,-0.6350316578878914,0.38896050448218333,-0.6674163014439506,8.057597912532094,62.28116501274046,47.52774305990649,43.62771188523918,16.82370808913377,5.283474511785468,40127.0,129141.65736356043, 0.0, 0.0,1.4210854715202004E-14,42.13437849099255, 140.7694033364222,140.7694033364222,0.0, 97.6968716991839, -8.146485768700675, -35.9294652634862, -8.146485768700675, 98.2937649425307, 27.19809666486508, -35.9294652634862, 27.19809666486508, 114.96162014337148, 5.347340780745253, 3.3903721617328153, 17.0, 0.0
29, 0 ,1.0,1.0,1.0,126.2465934793402,74.1307166105809,166.5868317978706,8.924744138224458,9.30548991155932,9.924101213344333,41.0,45.0,48.0,-0.08898594916016095,-0.5198169109791306,0.8496304372562105,10.330884844709232,-0.7328918913180149,0.6118218395762275,0.2975626190533072,9.17767095757487,-0.6745005385411992,-0.5962083659910145,-0.43541314613818943,8.589188520427903,47.23619757511331,42.26988700551941,42.785547057516,15.68508125726776,4.325414578109935,36254.0,85428.56407984125, 0.0, 0.0,0.0,NaN, 109.77872256454685,109.77872256454685,0.0, 79.65105793277183, -3.163943468268146, -4.771563862552143, -3.163943468268146, 86.59214249413229, -12.650300543115518, -4.771563862552143, -12.650300543115518, 98.48778489270246, 5.457090347168456, 3.597113583746578, 15.0, 0.0
30, 0 ,1.0,1.0,1.0,44.53533384581595,56.68119920931254,171.5935372282012,9.049666089384212,11.48300638684338,8.026650437674817,44.0,53.0,40.0,0.2344191745006597,-0.9685939716009636,0.0829057826975945,11.632647674968275,0.9472450768479106,0.24675966259436774,0.20453956415253854,8.922873533443022,-0.2185735917576177,0.030584098721156028,0.9753410674690106,7.952788519412482,50.688663615943106,45.85572273947457,37.584349654039585,16.00213010863662,4.702641943047992,36424.0,87359.75833959134, 0.0, 0.0,0.0,NaN, 77.47955492753971,77.47955492753971,0.0, 81.89645632935053, -12.537824055084144, 4.572524093655379, -12.537824055084144, 131.85943568028586, -4.961230114927729, 4.572524093655379, -4.961230114927729, 64.42711724862535, 5.469487977758059, 3.527942319955973, 21.0, 0.0
31, 0 ,1.0,1.0,1.0,188.69136487161,179.98813155121735,188.22766346847098,6.544851911691701,11.171254667661678,7.012749908251594,26.0,48.0,28.0,-0.038756468983908936,-0.9733871165095526,0.22586601675577228,11.363767608314753,0.6234204377519329,-0.20020385394745507,-0.7558209937926936,6.996419889559913,-0.7809256647755202,-0.11151653813585523,-0.6145886167324504,6.222987477457834,51.76914689905331,39.50573497343899,32.984280049653705,13.770629687484831,5.213486039262267,18031.0,67458.73040772679, 0.0, 0.0,0.0,NaN, 25.825336681058225,25.825336681058225,0.0, 42.83508654597452, 2.134598862099976, -5.609065098882988, 2.134598862099976, 124.79693084975283, -18.329891853904122, -5.609065098882988, -18.329891853904122, 49.17866127568274, 6.118990148059554, 3.8998033236765623, 8.0, 0.0
32, 0 ,1.0,1.0,1.0,87.82477279390208,75.72228085605394,97.508824391674,10.506877683544658,8.616991400479485,9.325572919991409,48.0,43.0,45.0,0.8685066428912204,0.21264313157989148,0.4477489361748597,10.993813445891076,-0.4759708909694645,0.1056000342328406,0.8730981294904695,8.876031634520245,-0.1383760174436162,0.9714069854401499,-0.1929262720173804,8.483245727840476,50.05500219921173,47.77365575242029,42.527105246638214,15.817507336901501,4.628152048717546,34110.0,101695.51091881716, 0.0, 0.0,0.0,NaN, 151.50915935543287,151.50915935543287,0.0, 110.39447865696879, 8.687952878236189, 16.181742696834853, 8.687952878236189, 74.25254079593738, 5.284318190041872, 16.181742696834853, 5.284318190041872, 86.96631028607709, 5.854557178929837, 3.5917224097005818, 22.0, 0.0
33, 0 ,1.0,1.0,1.0,143.1074511802746,71.39358414832277,115.8603421362811,9.197486348251754,9.650432229235319,8.237738394200193,42.0,42.0,39.0,-0.4708231831435235,-0.8595340901762151,0.19881317370724194,10.029132766257502,0.8282841895665475,-0.3530726181928275,0.4350689917663053,9.076495300689414,-0.3037611422296933,0.3695143760497112,0.8781732712647913,7.913195321863614,46.45961495660015,44.553667294775536,40.637937566998716,15.080068201095859,4.2633876482105215,31391.0,84118.34555692793, 0.0, 0.0,0.0,NaN, 124.15026377004664,124.15026377004664,0.0, 84.5937551262774, 9.584034935736575, 3.568477142312247, 9.584034935736575, 93.13084221106377, -9.52367006765482, 3.568477142312247, -9.52367006765482, 67.86033385127998, 5.59793268033859, 3.579963618623471, 19.0, 0.0
34, 0 ,1.0,1.0,1.0,146.4536340156081,106.93790096370151,84.75379787263587,9.306640471386064,9.690175222133872,9.883117881304846,43.0,50.0,45.0,0.3091340903870349,0.6869807515378225,0.6576424265336823,10.581700217473506,-0.706064561670911,-0.29747166498992345,0.6426378788093547,9.548408834045741,-0.6371098405401101,0.6629992877406822,-0.39309413063832876,8.66282754073428,53.14999370837853,49.16346517456809,43.42071278648407,15.988190199151706,4.750457442270151,36007.0,113459.96662379705, 0.0, 0.0,0.0,NaN, 136.7880617634883,136.7880617634883,0.0, 86.61355686364102, 11.229658834640508, 0.18964272359161635, 11.229658834640508, 93.89949583565723, 13.600480241153425, 0.18964272359161635, 13.600480241153425, 97.6760190557676, 5.2289915161358005, 3.4137356001058676, 23.0, 0.0
35, 0 ,1.0,1.0,1.0,9.058802636252418,98.51746319902126,112.86467500690635,6.067026283723118,9.6890749237046,10.81917461137538,25.0,50.0,58.0,0.015077959243389658,-0.011080980396703516,0.9998249181824299,10.820114866132894,0.03936209780466799,-0.9991568956619323,-0.011667180791713045,9.693545310850801,0.9991112452582398,0.039531123493503496,-0.014629076316395692,6.058202181022892,57.95660231339082,49.58755816663334,26.13166133812197,14.940923347718693,4.950790804868286,25339.0,75100.47109120325, 0.0, 0.0,0.0,NaN, 131.83443147381922,131.83443147381922,0.0, 36.80880792738715, -2.265520350706073, 1.1853519965156274, -2.265520350706073, 93.8781728771613, -0.2229219263015844, 1.1853519965156274, -0.2229219263015844, 117.05453927142962, 5.535207155573984, 3.523936056893735, 16.0, 0.0
36, 0 ,1.0,1.0,1.0,117.27242702847451,38.55389925317623,158.40298729506978,9.53905617615951,8.399134915589205,9.775929837698357,45.0,38.0,47.0,-0.6878714080445684,-0.18315215891476053,0.7023447961504699,10.031575963335152,-0.5805623593972249,-0.441934601946563,-0.6838429311277995,9.638486124217636,0.43563777711065227,-0.8781509518796842,0.19766292739634936,7.973389064814162,51.16116969261584,50.64129586839309,40.69401407404085,15.412786141563327,4.421977793728358,33609.0,105432.8160634296, 0.0, 0.0,0.0,NaN, 100.30237257092807,100.30237257092807,0.0, 90.9935927319269, 12.192760821146678, -6.260756097285219, 12.192760821146678, 70.54546733026967, 4.095628805230217, -6.260756097285219, 4.095628805230217, 95.568804191601, 5.241476385639844, 3.3869141664895035, 13.0, 0.0
37, 0 ,1.0,1.0,1.0,180.93354679802957,160.24812807881773,8.099704433497537,10.233479669175816,9.323087447305092,5.4246481724083075,44.0,48.0,21.0,-0.983130202848947,0.180163702978667,-0.031560170709346046,10.269673922350657,-0.17766529707717987,-0.9816445637077263,-0.06934690157133869,9.302164133585554,-0.043474664583706885,-0.0625698863038937,0.9970932568557723,5.392069495506411,46.636113583084494,44.50152718204535,22.59423820644227,14.090153677284745,4.747466991401455,20300.0,46891.59114280438, 0.0, 2.8421709430404007E-14,0.0,79.62070481684516, 44.82573112455644,44.82573112455644,0.0, 104.72410613943478, -3.5103091242204423, 3.078152772452629, -3.5103091242204423, 86.91995955009777, 3.4768861462301874, 3.078152772452629, 3.4768861462301874, 29.426807794412788, 5.809088256668868, 3.6001584953728147, 12.0, 0.0
38, 0 ,1.0,1.0,1.0,55.449264812927645,82.39309943223176,71.90135390886591,10.35060985139145,8.666412432875509,9.174429114216235,52.0,42.0,46.0,0.8705198727186592,-0.15870036508305418,0.46584261862177795,10.915009044996417,-0.22427179871313344,0.714646254453498,0.66255783996385,8.976360194672136,0.43806085365376557,0.6812451285096226,-0.5865217501321179,8.166977012784566,53.50375862810662,40.68433766108325,42.16664659345723,15.658290702384278,4.60759271245208,34345.0,91786.87971987984, 0.0, 0.0,0.0,NaN, 122.60933282695814,122.60933282695814,0.0, 107.13512429572174, -9.468293033609974, 19.203089508987894, -9.468293033609974, 75.1067044566992, 2.6932834728898256, 19.203089508987894, 2.6932834728898256, 84.1701495717785, 5.231510798779962, 3.338440985546287, 21.0, 0.0
39, 0 ,1.0,1.0,1.0,154.50929178470255,179.53382436260623,136.78781869688385,9.417195339041976,11.121156895756238,8.717113450753164,47.0,49.0,43.0,0.06788388518551339,0.9687136210988934,0.23871677450399292,11.266464837157242,-0.9976053856804391,0.06908130090344856,0.0033568328628930336,9.407934736483071,-0.01323905561217414,-0.23837301475409794,0.9710834326892517,8.538694264006464,53.636292099292774,47.495757503660116,40.441947119017556,16.189075550203533,5.124997414322082,35300.0,103025.71157837231, 0.0, 0.0,0.0,NaN, 80.52359122796256,80.52359122796256,0.0, 88.68356805367392, 2.4775327368006925, 0.8232180019099803, 2.4775327368006925, 123.68013070002652, 12.496553667873224, 0.8232180019099803, 12.496553667873224, 75.98806691330174, 5.266657659504299, 3.48194896536316, 17.0, 0.0
40, 0 ,1.0,1.0,1.0,133.77033671500593,137.37875770212236,18.29965145951329,9.266251579824273,8.293214409430568,9.676248731272075,47.0,39.0,38.0,-0.20972031568891913,0.051207388536123444,-0.9764195781254342,9.70737395845939,0.9224104316105463,0.3415918209241856,-0.18020550361668944,9.373623976296331,-0.3243090884378445,0.9384523595990417,0.11887297388222727,8.134659026194894,43.01753867350351,49.702123588181536,40.69678720017241,15.157259043978927,4.304429272800721,32134.0,87012.29589240726, 0.0, 0.0,0.0,NaN, 92.96593746804719,92.96593746804719,0.0, 85.86341834059584, 6.533585356372147, 2.140331977693651, 6.533585356372147, 68.7774052407868, -2.7383163600465625, 2.140331977693651, -2.7383163600465625, 93.62978950944444, 5.3645760794053405, 3.3977968816072703, 13.0, 0.0
41, 0 ,1.0,1.0,1.0,15.50595182303871,152.74111913019027,56.70647045958697,9.487120509519688,8.262401743240959,9.690197995925265,35.0,40.0,50.0,-0.29014510723693737,0.17801079156543975,-0.9402807957374817,9.736231104517072,-0.9395207429333956,0.13385518300151797,0.3152515877541473,9.50858312879431,-0.18197964266463096,-0.9748820175128247,-0.1284074047155284,8.183234451690655,49.94495527776943,45.56206650958151,37.461853171028,15.247783184013109,4.43596475441591,32007.0,85248.01978434421, 1.7763568394002505E-15, 0.0,0.0,73.13335642075783, 75.42851022650039,75.42851022650039,0.0, 90.0054555621491, -4.386124385112717, 0.6473089442137232, -4.386124385112717, 68.26728256671124, -3.668547060701232, 0.6473089442137232, -3.668547060701232, 93.89993720023404, 5.607734805328403, 3.645303204775462, 16.0, 0.0
42, 0 ,1.0,1.0,1.0,117.82093348139126,89.43503958161693,63.21019450514024,8.334320395808499,8.731267605778209,8.681941016782188,39.0,42.0,39.0,-0.4059622703531655,-0.7165878409775992,0.5671829521528006,9.296906837859941,-0.5175023169041403,-0.3312824772169525,-0.7889507413570545,8.407558512472358,-0.7532502818111323,0.6138027260057276,0.23634768139202852,7.997031536144719,49.46228930047265,41.46528107788731,40.46911150450096,14.337254177714495,3.9389304292130927,27917.0,83000.84170084145, 0.0, 0.0,0.0,NaN, 136.92170743973713,136.92170743973713,0.0, 69.46089645998954, 7.694156351631704, -2.426522823684637, 7.694156351631704, 76.23503400371195, -7.376502212448181, -2.426522823684637, -7.376502212448181, 75.37609981888492, 5.293531525288552, 3.386752148212687, 15.0, 0.0
43, 0 ,1.0,1.0,1.0,184.27293857221915,11.611400110680686,96.13126729385722,8.648142194592424,7.0496954641905125,11.369656979558227,33.0,28.0,51.0,-0.29335173539994736,-0.07463688363839273,0.9530866146046688,11.64194365833264,-0.9543044681628828,0.08229138006799863,-0.2872822841925014,8.315171111740355,0.05698895842350754,0.993809571481002,0.09536663069727534,7.0057652420861425,55.52097389900812,40.55664006023426,32.34265691661661,15.159812059137874,4.892623807343047,27105.0,72827.38864379651, 0.0, 0.0,0.0,NaN, 98.09885639092094,98.09885639092094,0.0, 74.79036341788986, 0.3174640096360288, -18.671762237224122, 0.3174640096360288, 49.698206137828286, -6.624215517203536, -18.671762237224122, -6.624215517203536, 129.26909983281712, 5.605209055993197, 3.6100896847651067, 8.0, 0.0
45, 0 ,1.0,1.0,1.0,186.03928255652394,22.516894025514716,176.6698244284451,8.248721260955612,10.988453701203067,9.247347841068587,33.0,48.0,50.0,0.11100020049112168,0.9888221479162462,-0.0995475528641052,11.031046362887624,0.21106359475907355,-0.1213367652170478,-0.9699121343575619,9.280667674377868,0.9711493780352789,-0.08664957701549392,0.22217276238262773,8.153905992573241,51.15730138328884,55.04368113289243,38.988641766977764,15.766252427710757,5.072104461053208,31668.0,109787.5777220272, 0.0, 0.0,0.0,NaN, 35.30168891558042,35.30168891558042,0.0, 68.04140244094114, 5.555386631055414, -4.631434305576282, 5.555386631055414, 120.74611474348339, -3.1214903394346845, -4.631434305576282, -3.1214903394346845, 85.51344209371587, 5.447113482514249, 3.4294273655681504, 7.0, 0.0
46, 0 ,1.0,1.0,1.0,182.05222888636732,94.17879721186578,79.96109580158858,9.434176770453927,8.49024868246571,9.5023852530418,38.0,43.0,43.0,0.6682332658464794,-0.23143471421613912,0.7070376761332045,10.60972762335302,0.5899068624035224,0.7439060723067277,-0.31402810268256093,8.466385596136545,-0.45329261642495355,0.6269304017519578,0.6336277102950504,8.193737500024088,54.52449674112205,50.66399879424742,47.366939649880926,15.198760126631806,4.514535428658538,30845.0,130847.80948972268, 0.0, 0.0,0.0,NaN, 124.84208094233256,124.84208094233256,0.0, 89.00369133617251, -5.032356696654787, 20.622197265800526, -5.032356696654787, 72.08432269011071, -8.494810936805333, 20.622197265800526, -8.494810936805333, 90.29532549722627, 5.504361227997738, 3.384162013483834, 13.0, 0.0
47, 0 ,1.0,1.0,1.0,28.277635899306823,152.0849723060595,129.45378262744188,10.653367666686549,8.386615660867463,8.248936412951183,58.0,41.0,41.0,-0.9697809770584641,0.24249116211713703,-0.026886666409415783,10.783513231700097,-0.18804715800505073,-0.6727004466336816,0.7156202732350929,8.740824024747349,0.15544491918925596,0.6990508889872937,0.6979718702815465,7.693396816736433,56.81293899285344,45.21250121437612,38.97451348760487,15.169661475346295,4.664320695773637,30151.0,100112.08179569774, 0.0, 0.0,0.0,NaN, 89.84566409427374,89.84566409427374,0.0, 113.49424264160241, -11.249321852476688, -0.8277209503603885, -11.249321852476688, 70.33532224310738, -8.65887005709614, -0.8277209503603885, -8.65887005709614, 68.04495194491194, 5.322616846471445, 3.420806374332162, 20.0, 0.0
48, 0 ,1.0,1.0,1.0,17.19185548071035,134.64758113900797,12.220146968769136,9.780277205452279,10.64392460579146,8.01011138268173,41.0,52.0,32.0,-0.44719176854740705,0.871072756470767,-0.20310533000850337,11.181281346831355,-0.8707989661945245,-0.3721390385410906,0.3212813353873204,9.485505278675527,-0.2042759961865068,-0.32053827997313106,-0.9249467706056805,7.623186646242483,56.05937704239008,48.1260430127372,37.092368802871555,15.763034360394137,4.963424759706596,32660.0,100072.09493026383, 0.0, 0.0,0.0,NaN, 68.67190501064096,68.67190501064096,0.0, 95.65382221548946, -15.738050931323462, -2.836970021626187, -15.738050931323462, 113.29313101377288, -15.64678837689736, -2.836970021626187, -15.64678837689736, 64.16188436296741, 5.683353051670986, 3.5005361067061664, 11.0, 0.0
49, 0 ,1.0,1.0,1.0,181.08504292563273,84.20754822165236,18.17585572527595,10.5866676479692,9.853145395621281,8.82646893488715,45.0,47.0,42.0,-0.8398257492947303,-0.5249728098914388,0.13818921700419068,11.099159831197959,0.49438105802065924,-0.8447850723163598,-0.20475729794519348,9.344065598469356,0.22423220172829328,-0.1036423198608081,0.9690088695372977,8.750179944856086,53.75211661815203,50.93260581964044,46.289186949587915,16.202699099684242,4.953897639176717,35876.0,126727.54425320876, 0.0, 0.0,0.0,NaN, 88.19891444894948,88.19891444894948,9.5367431640625E-7, 112.07753188855771, 16.068618864303016, -6.498927857559761, 16.068618864303016, 97.08447418725287, -1.5237044745903299, -6.498927857559761, -1.5237044745903299, 77.90655385852787, 4.694845834043974, 3.2177979190966535, 16.0, 0.0
50, 0 ,1.0,1.0,1.0,150.28846955401463,112.74544352241294,35.863324618241066,9.605678763236758,8.792342650704084,7.350320176386405,44.0,42.0,35.0,-0.9837686573064321,0.1794400638679236,-7.016983507973886E-4,9.632452148419638,0.17941878282086163,0.9836990778459108,0.012042616666894693,8.76319237741546,0.0028511879244498915,0.011721250964839575,-0.9999272388545274,7.350094247701473,45.26245652021049,41.73088460424856,35.226492502623394,14.37213663303668,4.1283470162522145,26391.0,66537.29087914144, 0.0, 0.0,0.0,NaN, 106.63382173614475,106.63382173614475,0.0, 92.26906450249766, -2.8235406591690246, 0.07595429052827005, -2.8235406591690246, 77.30528928739011, 0.2648560033852987, 0.07595429052827005, 0.2648560033852987, 54.02720669539307, 5.724391784218432, 3.6347864357115536, 11.0, 0.0
