// Sample: .//bubblelabels.tif, Map: .//bubblelabels.tif, Thickness:(8.191250068658265):/gpfs/home/mader/Foam/NewValid/InSilicoTest/LatticeDataPhi_16.0/out_Step_05000.vtk/distmap.tif, Neighbors:(1.0):
//LACUNA_NUMBER, TRIANGLES, SCALE_X, SCALE_Y, SCALE_Z, POS_X, POS_Y, POS_Z , STD_X, STD_Y, STD_Z,PROJ_X, PROJ_Y, PROJ_Z, PCA1_X, PCA1_Y, PCA1_Z, PCA1_S, PCA2_X, PCA2_Y, PCA2_Z, PCA2_S, PCA3_X, PCA3_Y, PCA3_Z, PCA3_S,PROJ_PCA1, PROJ_PCA2, PROJ_PCA3,OBJ_RADIUS, OBJ_RADIUS_STD, VOLUME, VOLUME_BOX, Mask_Grad_X,Mask_Grad_Y,Mask_Grad_Z,Mask_Angle, Mask_Distance_Mean,Mask_Distance_COV, Mask_Distance_STD, SHAPET_XX, SHAPET_XY, SHAPET_XZ, SHAPET_YX, SHAPET_YY, SHAPET_YZ, SHAPET_ZX, SHAPET_ZY, SHAPET_ZZ, Thickness, Thickness_STD, Neighbors, Neighbors_STD
1, 0 ,1.0,1.0,1.0,130.82338256708965,15.153387421121975,180.72478792501676,21.196625648126794,9.361038358942913,11.356648158609236,88.0,38.0,47.0,-0.978940722316228,-0.02848534005698387,0.20214758863963733,21.54091444402161,0.1803619896137396,0.3431641553646359,0.9217960268820048,10.897975676921918,0.09562747980342971,-0.9388434096667635,0.33079969351819327,9.117157807311967,89.77407589599366,55.488255847165505,45.5872950051254,24.085843719980804,9.261294062899058,86526.0,227088.86551521646, 0.0, 1.7763568394002505E-15,0.0,88.36768943919921, 73.39321051929417,73.39321051929417,0.0, 449.2969388668267, 12.827347462838793, -69.44825591070709, 12.827347462838793, 87.62903915760064, 9.081705090483847, -69.44825591070709, 9.081705090483847, 128.97345739844255, 11.26887368056078, 6.428415768040621, 12.0, 0.0
2, 0 ,1.0,1.0,1.0,180.8306175257011,165.68332575704594,92.11281383313518,11.275930961105363,16.226855481914622,15.46234536600274,49.0,67.0,78.0,0.15674627023880164,0.9111145686980234,0.38118348530916074,16.533417916944746,0.06886765087734992,0.3749318789175714,-0.9244908505950585,15.272859029183602,-0.9852349229644979,0.1711617038871554,-0.0039771464124074285,11.087265269057072,80.86621733884391,84.99680356909903,54.77466551638186,23.95845512586283,7.45211446973382,114392.0,376486.54220138665, 0.0, 0.0,0.0,NaN, 100.14923777942998,100.14923777942998,0.0, 127.14661903961452, 24.331842435384736, 1.963230652763125, 24.331842435384736, 263.31083883094266, 13.999717472422148, 1.963230652763125, 13.999717472422148, 239.0841242175464, 7.865164348413629, 5.531875397956274, 17.0, 0.0
3, 0 ,1.0,1.0,1.0,170.92209611792103,64.75284054558948,166.4661117793075,15.432149629627805,15.688619424301507,16.408164655981547,63.0,78.0,71.0,-0.4212069573775701,-0.6183453308580336,0.6635011310184772,18.37509553501061,-0.7706016815813844,-0.14179600320728358,-0.6213428536793373,15.088713019210788,-0.4782862609365572,0.7730090201805594,0.41677248867795813,13.718545568416724,102.20485157879887,78.12416829931456,72.88500200948245,26.239600631742825,8.061963017546967,156308.0,581962.6179867352, 0.0, 0.0,0.0,NaN, 78.50462732919544,78.50462732919544,0.0, 238.1512421912216, 43.23622168618171, -22.86685362785899, 43.23622168618171, 246.13277944057057, -57.83595659614205, -22.86685362785899, -57.83595659614205, 269.2278673778021, 7.737512205200379, 5.390193184480518, 18.0, 0.0
4, 0 ,1.0,1.0,1.0,16.083770157256613,44.45472370053219,15.749329758713136,10.049734527145327,11.970741343292376,10.369267807723405,45.0,57.0,41.0,0.16598872892912542,0.9273485790737067,-0.33536898300002355,12.171942346690868,0.6394950221571043,-0.3601077189049242,-0.679241155570963,10.746317171270483,-0.7506622799267181,-0.10172041916483061,-0.6528086226606942,9.39031490450059,56.664759905909065,61.352286229427015,47.857094276678474,17.96341112619779,5.397535359185442,49982.0,166375.78976242585, 0.0, 0.0,0.0,NaN, 49.82922344980708,49.82922344980708,0.0, 100.9971640660969, 2.9443414002215196, -15.199480687041993, 2.9443414002215196, 143.29864830800938, -11.97456617894524, -15.199480687041993, -11.97456617894524, 107.52171486828895, 9.586095809638392, 5.884275275738296, 7.0, 0.0
5, 0 ,1.0,1.0,1.0,30.45682315555955,108.60505291243217,173.9599784153251,16.027870512545103,14.519600965360638,13.647731574356122,74.0,69.0,64.0,-0.9867505737943143,0.08330801450896201,0.13922312967020264,16.095435287652492,-0.013029756803837203,-0.8960250116130104,0.44381235224082793,14.784117299475746,0.16172053225927832,0.43611804970956924,0.8852386775120578,13.279264326845222,77.80791466826159,76.14207661899349,71.51774270691084,24.541547014803335,7.18919276457455,133428.0,423703.7342067609, 0.0, -1.4210854715202004E-14,0.0,85.22126387644055, 99.79347250195619,99.79347250195619,0.0, 256.89263316691284, -6.307227794551974, -11.60873702932944, -6.307227794551974, 210.81881219330157, -15.83451012866562, -11.60873702932944, -15.83451012866562, 186.26057712567703, 7.634761156958492, 5.182504262042636, 19.0, 0.0
6, 0 ,1.0,1.0,1.0,40.96123311681617,13.97802424403105,24.033184569837832,14.77527296229971,8.436181105108924,14.77402097214271,80.0,35.0,61.0,-0.730948900978309,-0.1963347514129749,0.6535796581490338,15.9762272773239,-0.6416552068964196,-0.12836854259796626,-0.7561746575586801,13.818019991424215,-0.23236243160484324,0.9720978256630759,0.032148370406678846,7.846784305297725,91.03563728438104,78.50751131081012,39.49985550601569,21.24836118388756,7.500445682295225,67893.0,282304.7295939116, 0.0, 0.0,0.0,NaN, 49.50557282553923,49.50557282553923,0.0, 218.30869111046482, 38.44903244532272, -29.752915001725917, 38.44903244532272, 71.16915163819682, -12.29413177531982, -29.752915001725917, -12.29413177531982, 218.2716956853126, 7.598658743668261, 5.239634717714471, 9.0, 0.0
7, 0 ,1.0,1.0,1.0,159.34968893062566,176.3690303123335,137.80863589984378,13.50016916890479,14.413991944953759,14.917192949580013,74.0,59.0,79.0,-0.5487091081877227,0.8176217518741518,0.1743931921093201,15.350420634162505,-0.2717306550316898,0.02285036854653917,-0.9621020277357996,15.015548240266188,-0.7906204941107225,-0.5753021219494425,0.20963468885798833,12.306025933328591,78.0868003967228,78.35042676086573,69.81626497597551,23.617874338760487,7.398404462564985,110747.0,427145.27396079764, 0.0, 0.0,0.0,NaN, 77.96560964331974,77.96560964331974,0.0, 182.25456758904747, -38.23356331914848, 11.296522321206993, -38.23356331914848, 207.76316378919185, 10.378004455282824, 11.296522321206993, 10.378004455282824, 222.52264549499967, 7.794060895421155, 5.105067124458699, 21.0, 0.0
8, 0 ,1.0,1.0,1.0,88.79232206160182,123.60136067418115,79.53037636120486,13.703041584931881,12.457608393838077,12.726225634380228,72.0,61.0,64.0,-0.8863001669707637,-0.3856502752743511,-0.25640959266067515,13.856703962050526,0.4370667282006055,-0.5134920678001487,-0.7384433433963276,13.292289007201035,0.1531165867161819,-0.7665505602940657,0.623663009473258,11.671717214141617,69.0995266901054,70.81596356963087,58.240925294126576,21.63449988481047,6.072115710683628,94218.0,284993.20643953915, 0.0, 1.4210854715202004E-14,0.0,67.3158839219738, 141.58357712701945,141.58357712701945,0.0, 187.77334867837243, 9.985913777747172, -0.3809582642413792, 9.985913777747172, 155.1920068942249, 20.855987239704664, -0.3809582642413792, 20.855987239704664, 161.95681889715644, 7.328851657551418, 4.969706392442316, 21.0, 0.0
9, 0 ,1.0,1.0,1.0,172.1138174368313,39.62706219224364,16.618639701918124,15.22493073851439,13.138617833099078,10.898404818100108,70.0,69.0,50.0,0.9136006609203942,0.2718586224495217,0.30236851979937995,15.807403477302865,0.30479549396341976,-0.9500778583545384,-0.06672158514341249,12.963309415952352,-0.26913479750009023,-0.1531174466359182,0.9508530424362547,10.260391144006721,85.37877945803692,76.16711191852082,54.94354084675536,21.7442176909973,7.098311006322316,83467.0,357300.8707929337, 0.0, 0.0,0.0,NaN, 51.22618882443324,51.22618882443324,0.0, 231.7985159925603, 17.736517535956644, 38.66789177557362, 17.736517535956644, 172.62327856422908, 15.86534818121439, 38.66789177557362, 15.86534818121439, 118.77522757918766, 7.689283538140617, 5.072713598225886, 11.0, 0.0
10, 0 ,1.0,1.0,1.0,75.95208986147497,54.52346706392014,43.577472988476224,12.76802977477697,14.313606665378,16.74873957800779,63.0,66.0,81.0,-0.22616503704453741,0.5187334039794693,0.8244786423034353,18.378611509520315,0.5223454591692535,-0.6498407310809328,0.5521433197218462,12.62449703591908,-0.8221949873989164,-0.5555381893480159,0.12398678507011748,12.299224004987762,88.61142649461415,63.32000864187107,64.36053768024873,24.262964991059615,7.728565675174228,116802.0,361119.0149723461, 0.0, 7.105427357601002E-15,0.0,58.75267097013427, 103.15291836422917,103.15291836422917,0.0, 163.02258432959124, -24.632203886151004, -32.438643697509356, -24.632203886151004, 204.8793357711535, 76.85538900478089, -32.438643697509356, 76.85538900478089, 280.5202774519245, 7.518987183423812, 4.788768156147742, 18.0, 0.0
11, 0 ,1.0,1.0,1.0,60.226496007206734,74.00248669850892,137.5294884908086,12.45085191461962,16.038858601227734,12.93030257185352,63.0,78.0,61.0,-0.22876415962655322,0.9733156584427629,0.017988560267233417,16.229888603173613,-0.5074437807190169,-0.103457297712274,-0.8554515748770731,13.330857484680081,-0.8307633650323945,-0.20482484365966203,0.5175702993215971,11.761818646849214,82.61964910492699,65.25199132743259,60.0416408746029,23.045123531017495,6.955839609263993,106567.0,323690.28759082477, 0.0, 0.0,0.0,NaN, 114.04456877505869,114.04456877505869,0.0, 155.02371339978703, -25.780861068078483, 16.57618902941177, -25.780861068078483, 257.24498523017684, 5.674248928373065, 16.57618902941177, 5.674248928373065, 167.19272459968178, 7.84498345559292, 5.067308157539224, 21.0, 0.0
12, 0 ,1.0,1.0,1.0,42.42016546530925,55.2550840950187,175.74884199053776,12.927211221122937,12.377223590847136,12.1218505370861,68.0,61.0,51.0,0.7381595945700451,0.2800876464108051,0.6137355483204818,14.240369422990694,0.36615758215754274,-0.9304190793112714,-0.01577852598021715,12.29977500087066,0.5666118936033104,0.23637099479763146,-0.7893539857666196,10.638379944404745,69.72722232446878,52.96554251972062,56.545009917344885,20.771466946899444,5.982798265919043,80742.0,208828.64690598057, 0.0, 0.0,0.0,NaN, 73.76119183725076,73.76119183725076,0.0, 167.11278995552675, 5.544342127721588, 40.37762918271768, 5.544342127721588, 153.19566381782286, 15.963920269040583, 40.37762918271768, 15.963920269040583, 146.93926044345457, 7.559206168516813, 4.969315862893159, 12.0, 0.0
13, 0 ,1.0,1.0,1.0,78.49264191749191,186.10145210335463,27.642714278745306,12.243611666622423,8.079485086388914,14.960238435743435,59.0,32.0,60.0,-0.2203648289085306,0.01230472722942386,0.97533990786183,15.093611032738476,0.9753117549457977,0.01750433458999387,0.22013763634396827,12.080853273533817,0.014363942518044534,-0.9997710697746612,0.015858284805340413,8.076430531755433,63.03780671046918,59.93155594313002,32.65308020704177,19.943515515570354,6.422540684082643,61497.0,123361.82973645246, 0.0, 0.0,3.552713678800501E-15,12.750626337742974, 84.37051689731018,84.37051689731018,0.0, 149.90602664305268, 0.937174286172802, -17.61477261962105, 0.937174286172802, 65.27807926118088, 2.2623071957151764, -17.61477261962105, 2.2623071957151764, 223.80873405429517, 7.342104624418258, 4.902015826689135, 10.0, 0.0
14, 0 ,1.0,1.0,1.0,187.6487094459635,56.301413694804815,94.9144026218318,7.9653818976388155,13.457230794551498,14.340171194366114,33.0,62.0,75.0,-0.053584190472564214,0.6247027662866228,0.7790219434170267,15.896389815717573,-0.1293408094040983,-0.777912799703978,0.6149167676030727,11.654687340428758,-0.990151346792041,0.06780951150509536,-0.12248338905887474,7.852256563586381,92.94704313693668,56.846683143870806,36.29695358009832,19.833211846310267,7.538473796210461,51567.0,191783.3428426445, 2.8421709430404007E-14, 0.0,1.4210854715202004E-14,88.47006412888823, 111.04569954502055,111.04569954502055,0.0, 63.44730877523214, 1.0682434324547467, -13.873845608732015, 1.0682434324547467, 181.09706065782512, 57.4884992349533, -13.873845608732015, 57.4884992349533, 205.64050988372767, 7.989207959675947, 5.0954035442066345, 11.0, 0.0
15, 0 ,1.0,1.0,1.0,183.93696610510526,19.56871353052004,177.21072271305493,9.37872028064917,11.570993529772458,12.240234698953396,36.0,46.0,49.0,0.11624001959642243,0.574653509836851,0.810099747856035,12.847561237003102,-0.17074428284149978,-0.7919247319653556,0.5862607003531292,10.988072957939739,-0.9784347948234288,0.20646685577541848,-0.006065455056899357,9.266825442761263,69.61614968533351,58.285299645312776,40.821829928348905,18.46139896480322,5.554131715806618,54669.0,165638.58137491895, 0.0, 0.0,0.0,NaN, 34.06327592010735,34.06327592010735,0.0, 87.96039410266003, 10.003581313471582, 3.966729782311498, 10.003581313471582, 133.8878912660361, 20.67677148161499, 3.966729782311498, 20.67677148161499, 149.8233454854627, 8.041721949851494, 5.18140002116385, 3.0, 0.0
16, 0 ,1.0,1.0,1.0,184.7692924381918,14.481690286541843,97.20205337746974,8.45594596017099,8.582219737473014,13.566785900005689,35.0,32.0,64.0,-0.22056590341610696,-0.11906362953965109,0.9680777522343342,13.86951001752777,0.547511730833001,-0.8365123745933225,0.021862107686429957,8.764581483495457,0.8072060374219757,0.5348559612391792,0.2496948415094425,7.748161114294286,68.24030163176305,41.086356175553334,42.883846893492205,17.215679650601736,5.730233112893286,38668.0,120235.38581899343, 0.0, 0.0,0.0,NaN, 99.44814220077275,99.44814220077275,0.0, 71.50302208133208, -4.21187651168298, -28.054708850201678, -4.21187651168298, 73.65449562227137, -15.559595691754135, -28.054708850201678, -15.559595691754135, 184.05767965659317, 7.909499499837005, 5.353787097605326, 8.0, 0.0
17, 0 ,1.0,1.0,1.0,101.2757120937691,84.90987644351127,13.710940113750418,14.447313311710843,17.3469352723624,9.368676481976287,73.0,84.0,38.0,-0.1233350470133981,0.9828408912488238,0.13715775102932223,17.519390597958267,0.9905758006817954,0.11363503060604277,0.07646347443573269,14.410333103843492,-0.059565504126324116,-0.14529577525992401,0.9875935846337777,9.100899802033187,86.97212043848161,72.32263526024663,42.38173752229382,23.03824924463632,8.164079619658668,86681.0,266583.3728859143, 0.0, 0.0,0.0,NaN, 130.93571712503646,130.93571712503646,0.0, 208.72486192673733, -13.113913511882334, 5.66408142755021, -13.113913511882334, 300.9161633435308, 31.294642011152757, 5.66408142755021, 31.294642011152757, 87.77209902393558, 7.680004593486242, 4.862891308444941, 15.0, 0.0
18, 0 ,1.0,1.0,1.0,75.65037420955736,122.09358240614745,124.7485391819419,11.85791220687214,14.379609529221094,14.363316942697695,69.0,63.0,68.0,-0.10681458487844664,0.562450217603788,-0.8199026754284295,14.474419191001525,-0.1516588318424309,-0.8241876591018754,-0.5456320200541385,14.350591809736413,0.9826445151637669,-0.0660640242614882,-0.1733358056402171,11.757543515064404,69.11020062383736,66.43344454057362,64.56665048622602,22.548200136940558,6.728060366827685,99944.0,296440.2575053082, 0.0, 0.0,0.0,NaN, 132.11802063157597,132.11802063157597,0.0, 140.6100819058873, 4.180451553049835, 11.843704520878118, 4.180451553049835, 206.7731702128661, -2.4212567734801693, 11.843704520878118, -2.4212567734801693, 206.30487359638667, 7.152356243861785, 4.514696004475313, 20.0, 0.0
19, 0 ,1.0,1.0,1.0,182.33529505790722,148.60326663469783,36.21948065158318,10.542469454694668,13.882407997456212,11.32977963838827,44.0,67.0,52.0,-0.03173383704865876,0.9994926443508402,-0.0027235041277804545,13.885314842903007,0.45556564255232357,0.016889447776439474,0.8900419607410065,11.598099873818208,0.8896363914049702,0.027003711640657634,-0.4558704757335911,10.242603755678504,67.53626802589746,57.01290412361557,49.96047380870607,19.9404073992912,5.882939181711978,68817.0,192369.7455118249, 0.0, 0.0,0.0,NaN, 65.31092389474804,65.31092389474804,0.0, 111.1436622031701, -2.5599165079706623, 12.011606193896302, -2.5599165079706623, 192.72125180783618, 0.2057814311801586, 12.011606193896302, 0.2057814311801586, 128.36390665443744, 7.861296029082792, 5.22113564286571, 14.0, 0.0
20, 0 ,1.0,1.0,1.0,151.70531958455868,186.93213714030452,10.302386181736962,13.380268275241303,7.703634751582145,6.635580171297898,66.0,29.0,25.0,0.9980862691941209,0.05555337713429197,0.027159188779037786,13.39823567465308,-0.049392455951800085,0.9804683663794886,-0.19037375823412583,7.717043923191489,-0.037204630642028245,0.18866797507290695,0.9813359315956381,6.583540506970514,66.26256740675201,34.2095599621866,29.17225215797773,15.750384969731282,5.859510646647255,26863.0,66128.04839353988, 0.0, 0.0,0.0,NaN, 51.08115461877368,51.08115461877368,6.743495761743046E-7, 179.03157911742886, 6.765208562061232, 3.8436023159970585, 6.765208562061232, 59.3459883857841, -2.8201894796074694, 3.8436023159970585, -2.8201894796074694, 44.03092420972184, 7.737147804136514, 5.078896311153673, 5.0, 0.0
21, 0 ,1.0,1.0,1.0,19.04389013834935,84.8803244053704,25.57786410413685,11.353730631850139,11.258965545863749,13.794947823271912,44.0,52.0,58.0,-0.12292923259695712,-0.34988176122343173,0.9286932523370203,14.22377995026974,0.9573925064858895,-0.28821942803981143,0.018142486738876383,11.346331346517797,0.2613197127998375,0.8913542025836834,0.37040476945986656,10.719931845477648,66.68089167460894,50.32241167766599,51.16252629796334,20.269182937801695,5.927251715954521,73365.0,171678.07140331992, 0.0, 0.0,0.0,NaN, 90.67285346172872,90.67285346172872,0.0, 128.90719926061215, -0.05502139419741832, -9.737691302600997, -0.05502139419741832, 126.76430516294698, -28.47107412479602, -9.737691302600997, -28.47107412479602, 190.30058544679446, 8.033960352211343, 4.926018661444255, 10.0, 0.0
22, 0 ,1.0,1.0,1.0,41.02465546942291,174.3097760551249,187.02995262704565,11.819275750826145,13.292968261600981,7.1249360966895665,65.0,60.0,30.0,-0.19147397633679755,-0.9794093446617493,0.06399259312621836,13.379440115891807,0.9744918416610383,-0.1819266044398841,0.13140913641391555,11.810635281811242,-0.1170613810009635,0.08752168980439105,0.9892606263730153,6.975849431087826,63.89330193309411,64.10996266105501,33.684153285063815,18.24653297808917,5.850387434983684,46440.0,137976.9344118172, 0.0, 0.0,0.0,NaN, 50.11219503852694,50.11219503852694,6.743495761743046E-7, 139.69527927406696, 8.341500999502214, 10.034123691688775, 8.341500999502214, 176.703005203931, -10.340910820255695, 10.034123691688775, -10.340910820255695, 50.76471438190996, 7.4400307576939735, 4.887864465113278, 9.0, 0.0
23, 0 ,1.0,1.0,1.0,67.72771478722899,188.6860145168177,74.54618340528488,13.419840396886261,6.7619530510733625,11.498234333242356,64.0,26.0,51.0,-0.9900216720362782,-0.06044046829406046,-0.12729508510106294,13.464854580808055,0.13125256569434152,-0.0667696364209151,-0.9890978615136483,11.48415390733441,0.05128209138817154,-0.9959361251830429,0.0740363536260516,6.69607484092899,65.35320933234823,50.51304728076447,29.403255715157343,17.970434113244732,5.923598222911383,42158.0,97065.7264703813, 0.0, 0.0,0.0,NaN, 101.35177886010818,101.35177886010818,NaN, 180.09211627790043, 7.4028360130592334, 5.8972114262836035, 7.4028360130592334, 45.72400906492035, 6.798753018069004, 5.8972114262836035, 6.798753018069004, 132.2093927821533, 6.937157939192557, 4.740808872138449, 10.0, 0.0
24, 0 ,1.0,1.0,1.0,113.76922403350798,83.65212124750077,64.7012740619664,11.300340469033912,12.25936286471622,11.199762934332623,54.0,54.0,56.0,0.39306564552577233,-0.9071122044847413,0.15048869320397887,12.52436146675708,0.5730950854610118,0.1136935583381572,-0.8115637977465752,11.286150149693931,-0.7190698306338845,-0.4052421785392553,-0.5645505782522193,10.91730493293531,59.980921900920514,51.651884253396105,50.88871583189098,19.372048701619455,5.305477495212778,68521.0,157659.73685074988, 0.0, 0.0,0.0,NaN, 136.45394453159497,136.45394453159497,0.0, 127.69769471608559, -12.898542150775214, -1.5806505050733428, -12.898542150775214, 150.2919778487831, -5.898275421913122, -1.5806505050733428, -5.898275421913122, 125.43468978525088, 6.97014905001608, 4.5055481514928895, 14.0, 0.0
25, 0 ,1.0,1.0,1.0,50.341430827158995,86.16521316652496,79.6404226891777,12.527719964713526,12.039951698676388,13.237500640794085,63.0,65.0,61.0,-0.48258866977823417,0.30572422809494587,0.8207562806079672,14.070403652100689,-0.7206565433622927,-0.6711731423061125,-0.1737261049930361,12.387055113699187,0.49775729257418916,-0.6753216340401723,0.544222719377393,11.212503481065083,65.8950432578306,56.61039875794819,51.54245541659695,20.981498795273282,6.075552315605306,82330.0,192271.1240996261, 0.0, 0.0,0.0,NaN, 127.67654656932577,127.67654656932577,1.3486991523486091E-6, 156.9437675142819, 2.746639838321179, -25.14940218380651, 2.746639838321179, 144.96043690646044, 21.36288073098271, -25.14940218380651, 21.36288073098271, 175.23142321502382, 6.9417539075402495, 4.372874841534625, 13.0, 0.0
26, 0 ,1.0,1.0,1.0,102.24037937425052,21.508872657678936,104.65654032971159,12.155936304854043,12.770580182279241,12.719677030669628,56.0,51.0,60.0,-0.4735197897293308,0.6253131084828312,0.6202922900489978,14.150463883886282,-0.11716711188127543,-0.7427119971672886,0.6592804844352502,11.829596870333392,-0.8729552546540349,-0.23950450021516734,-0.42495495967054153,11.509548173601985,74.33451912585235,63.03217706151893,58.60576306365124,20.879905574652216,6.055925412176251,82557.0,274595.34372164874, 0.0, 0.0,1.4210854715202004E-14,51.66251781583081, 138.23874395333104,138.23874395333104,0.0, 147.76678744766858, -19.415344282031086, -20.481255894026315, -19.415344282031086, 163.08771819202332, 22.627276720429474, -20.481255894026315, 22.627276720429474, 161.7901837645445, 7.2017919099314875, 4.662148769062114, 15.0, 0.0
27, 0 ,1.0,1.0,1.0,143.7590529461344,73.00327944218834,113.64888514290092,12.999448064453409,9.959831436961924,11.774241703906544,60.0,47.0,59.0,-0.9168314364539755,0.2242847642953504,0.33032780935718875,13.179745471223827,0.3930210497814523,0.36109675773652483,0.8456616261725814,12.079883082139979,0.07038871755065032,0.9051549458833825,-0.4192134926077953,9.337419020838258,59.82791661927589,63.19690462162055,44.261981621170946,19.394426261584798,5.538311107102899,65255.0,167351.8587386645, 0.0, 0.0,0.0,NaN, 126.28950063997351,126.28950063997351,0.0, 168.9856499804215, -9.455113590230251, -6.680768966334565, -9.455113590230251, 99.19824225269502, 24.345937301041094, -6.680768966334565, 24.345937301041094, 138.63276770201207, 6.640523920037921, 4.533184551215355, 15.0, 0.0
28, 0 ,1.0,1.0,1.0,137.10698730423502,141.04899144348687,18.26434065424891,10.497169069505462,13.471738213864377,10.879904822307168,47.0,66.0,44.0,-0.1413343357103103,-0.9813273534618203,0.13046543947324057,13.582172264276677,0.5322030802965575,0.0358054104366424,0.845859240007651,11.06934109376586,-0.8347361780060708,0.18898306255081193,0.5172049063927511,10.151103499251619,66.85505236005199,52.675146255017935,56.702025107206985,19.419991569607298,5.737119953028722,64746.0,199681.8323928671, 0.0, 0.0,0.0,NaN, 88.11548442421564,88.11548442421564,0.0, 110.19055847378218, 11.665332781499497, 7.270208387979636, 11.665332781499497, 181.48773050289375, -9.835348725100024, 7.270208387979636, -9.835348725100024, 118.37232894246279, 7.486350395304848, 4.690693028763943, 8.0, 0.0
29, 0 ,1.0,1.0,1.0,182.49152395928735,94.50142563375901,79.78665606801569,10.1213763447037,9.648380322533107,14.631180341179395,37.0,50.0,80.0,0.10861606565243388,-0.021944472361713457,0.9938415318424524,14.68170369187671,0.7899074133808498,0.608879469253576,-0.07288395027342394,10.606436141259453,-0.6035303045980056,0.7929591616560397,0.08346819380811416,9.030837681013047,80.51245914202097,55.93039516453601,48.9670785557009,19.268711802715913,6.190451162831894,57869.0,220503.34077165526, -2.8421709430404007E-14, 1.4210854715202004E-14,0.0,83.65578315255948, 124.91187560275011,124.91187560275011,0.0, 102.44225911112763, 14.561690184267269, 12.68323895006591, 14.561690184267269, 93.09124284824408, -4.295432772738619, 12.68323895006591, -4.295432772738619, 214.07143817611438, 7.3490275522656425, 4.599855235565877, 11.0, 0.0
30, 0 ,1.0,1.0,1.0,59.14149774099396,11.381192275398824,107.33729159169965,11.772334981500281,7.266723759247411,14.101862459064034,57.0,29.0,69.0,-0.07716874349653552,0.12692415905147492,0.988906083951475,14.206760164175535,0.9937722008459242,0.08976163189427463,0.06602773860677537,11.780854699534123,-0.08038530868892539,0.9878426531025843,-0.133060493228582,7.045218102392964,71.00958044449915,58.995242016509486,31.720554650822766,18.80006128396865,6.067401885749123,50022.0,132884.61617299612, 0.0, 0.0,0.0,NaN, 110.51527415800628,110.51527415800628,NaN, 138.58787091665522, 6.4620151348352, -5.764610569070586, 6.4620151348352, 52.80527419321083, 19.63155259544769, -5.764610569070586, 19.63155259544769, 198.8625248143595, 6.795474149253681, 4.513414258937604, 12.0, 0.0
31, 0 ,1.0,1.0,1.0,56.454173105486625,148.10850224295982,21.06997434474067,11.40641358454932,12.098965600217204,12.273382376403298,54.0,63.0,50.0,-0.5026391255189012,0.4061999380774772,0.7631222181298669,13.927572590938892,-0.5160815402465925,-0.8491746418571796,0.11208153926242963,12.026489541656614,-0.6935515505817132,0.3374967228471781,-0.6364606890870137,9.408157388298177,65.05808538153954,61.33787686768548,52.82507784850405,19.77684696040927,6.0002898862465,66653.0,210799.78482122466, 0.0, 0.0,0.0,NaN, 79.52197821596987,79.52197821596987,0.0, 130.10627086179127, 3.062779171246913, -43.69964237714703, 3.062779171246913, 146.38496859523923, 27.35009595275389, -43.69964237714703, 27.35009595275389, 150.63591495740707, 7.239115577133938, 4.541874917403488, 11.0, 0.0
32, 0 ,1.0,1.0,1.0,12.999246432842423,103.46803073243451,108.12471536457906,8.80331302907769,14.819496910758255,12.192552976358137,37.0,73.0,61.0,-0.05839246707421316,0.9448579339095519,0.32223253174867533,15.14485190323984,-0.03885786839176467,-0.32468990243687706,0.945021975045861,11.812019180978014,-0.9975371601364208,-0.04266089525203809,-0.055674609682146846,8.768341961530842,68.82412210108433,54.33618114137481,39.64563559681292,20.033955197321397,6.664442678039209,61043.0,148260.40333075795, 0.0, 0.0,0.0,NaN, 133.89723456940993,133.89723456940993,0.0, 77.49832028792903, -7.622552472622682, -5.169343955789037, -7.622552472622682, 219.61748868797346, 27.205099389511723, -5.169343955789037, 27.205099389511723, 148.65834808129966, 7.2257709652593105, 4.544105619636775, 16.0, 0.0
33, 0 ,1.0,1.0,1.0,90.10889016581842,75.12748317189296,100.626539156132,12.086162931902821,12.841733325822078,10.542740731875307,57.0,56.0,53.0,-0.248485728095447,0.965313392791257,0.08015545290688615,12.920412193096494,-0.9515422049296086,-0.2277861903138564,-0.20659352298656228,12.082595723261171,-0.18116918935231563,-0.1276068383752692,0.9751380515749005,10.450294766956965,58.364247974795965,56.08003050250028,52.58820104296798,19.806987405588874,5.460593491776147,73092.0,172124.80043326283, 0.0, 0.0,0.0,NaN, 153.74926189984248,153.74926189984248,0.0, 146.07533441650182, -5.875015577150659, 6.080588502932544, -5.875015577150659, 164.91011481152938, 6.19759902784401, 6.080588502932544, 6.19759902784401, 111.1493821395427, 6.791561959545917, 4.409846603539606, 6.0, 0.0
34, 0 ,1.0,1.0,1.0,31.833728749775023,39.9889392476725,103.98016918369684,10.113298930060681,11.73608520097484,11.679817987654529,44.0,56.0,53.0,-0.20922564495231274,-0.7903111020849151,0.5758758472237008,11.986838863742822,-0.11784226060164808,-0.5642404410867838,-0.8171572224844399,11.525771360800881,-0.9707408671270523,0.23883275856447778,-0.024921523346293495,9.995246265663111,58.656044180311355,58.98919437748491,47.29436547061597,18.702021069381658,5.164016579987948,61117.0,163641.94715929133, 0.0, 0.0,0.0,NaN, 108.7764195874261,108.7764195874261,0.0, 102.2788152487665, 9.429186652402166, -2.1030567723424682, 9.429186652402166, 137.73569584454066, -4.737870079222111, -2.1030567723424682, -4.737870079222111, 136.41814822473827, 6.934620849369439, 4.4800675306740265, 10.0, 0.0
35, 0 ,1.0,1.0,1.0,22.187810201907336,177.4302289322558,100.81443754385053,12.934108789281378,12.753013683831812,11.297414524668318,51.0,58.0,58.0,0.6997723623158872,0.6885121080622714,0.19044610258676606,14.13914305532751,-0.6584449800498288,0.5182500722288158,0.5457719953258945,11.792743633813712,0.277071920601896,-0.507314438673367,0.8160044185710656,10.889349584951525,75.88581115059353,60.767145820487315,58.701814357119616,20.50518762969885,6.090926317562965,76966.0,270695.4423775626, 0.0, 0.0,0.0,NaN, 104.11277197034461,104.11277197034461,0.0, 167.29117017296582, 32.19623003383597, 3.476136284900374, 32.19623003383597, 162.63935802000142, 16.46109359471019, 3.476136284900374, 16.46109359471019, 127.63157494218667, 7.198908997542942, 4.613615681692019, 11.0, 0.0
36, 0 ,1.0,1.0,1.0,159.5241379310345,10.687343585824816,41.92547521253224,13.503583652250004,6.974791974647681,13.360812301463064,60.0,30.0,63.0,-0.7945917658630323,-0.09595017214854225,-0.5995143785492836,13.668555037194798,-0.605048137262354,0.04316324672733139,0.795018041133226,13.249685356838707,-0.050405130870024406,0.9944498472002601,-0.09235163336592965,6.864564154977402,68.0208703062576,73.33821256253304,31.209964648747942,19.24833958755364,6.245576276059848,52345.0,155691.81515021937, 0.0, 0.0,0.0,NaN, 59.24744884755839,59.24744884755839,0.0, 182.34677145331355, 7.297335779526427, 4.773324330288739, 7.297335779526427, 48.647723089609705, 12.443658942177986, 4.773324330288739, 12.443658942177986, 178.51130535492675, 7.4853409242893045, 5.05972365639602, 9.0, 0.0
37, 0 ,1.0,1.0,1.0,132.73640467052275,42.398562084436996,32.32880155684091,11.787854140229875,11.01151032945681,15.497666332069363,64.0,50.0,65.0,0.4763467830893012,0.04109375863669251,0.8782966726804694,16.829293858485833,0.29776716049392526,-0.9474210390567421,-0.1171669445023995,11.140613810732583,0.8273019160934292,0.31734000339344637,-0.4635373360090728,9.646041615713166,77.93424860102544,51.11030869387635,52.23640694035406,21.19470129288671,7.153262459361599,73996.0,208070.32860825714, 0.0, 0.0,0.0,NaN, 85.83228258398546,85.83228258398546,NaN, 138.95350523133462, -5.041651529042888, 78.48202976331481, -5.041651529042888, 121.25335973573402, 10.312692368313332, 78.48202976331481, 10.312692368313332, 240.17766174015628, 6.516073869291679, 4.250558794814732, 11.0, 0.0
38, 0 ,1.0,1.0,1.0,18.66863649226774,130.78353003845322,16.79698034058562,11.05055014312891,13.423626485302359,9.759273540732924,52.0,58.0,42.0,-0.2273923368229676,0.9564541671138768,0.18299768130960425,13.64462585696076,0.9353384663779747,0.26681352622359733,-0.23227676495471566,10.99962891694561,-0.27098833640562575,0.11834681421411852,-0.9552797250530761,9.507059242406083,66.68893361000211,55.47723671914808,48.45042813743534,19.066216816788355,5.83362690105901,60073.0,179252.90928668765, 0.0, 0.0,0.0,NaN, 73.63135372231152,73.63135372231152,0.0, 122.11465846580639, -13.195279926997951, -10.635848207019867, -13.195279926997951, 180.19374801691094, 14.869407759708341, -10.635848207019867, 14.869407759708341, 95.24342004284973, 6.986902841499023, 4.459090386545543, 8.0, 0.0
39, 0 ,1.0,1.0,1.0,98.36490489964063,134.6399333859234,16.387658865807694,10.654976068726695,12.941227361390638,10.798481040168369,50.0,59.0,44.0,-0.047970117973659916,-0.9364570694962357,0.3474867260372912,13.291047719113129,-0.7510605904783141,-0.1955267697907806,-0.6306165805983458,11.518631936877572,0.6584883121301088,-0.2912343374083926,-0.693956557359562,9.395756608715532,66.45478666919688,63.36933998082428,46.47913561702572,19.00920590893143,6.021724348642362,57045.0,195732.74858990358, 0.0, 0.0,0.0,NaN, 119.23148991274897,119.23148991274897,1.9073486328125E-6, 113.52851502513856, 10.489878983935933, 19.555517452000103, 10.489878983935933, 167.4753656192057, -23.282259389890736, 19.555517452000103, -23.282259389890736, 116.60719277487573, 7.084520706770265, 4.516321421483763, 7.0, 0.0
40, 0 ,1.0,1.0,1.0,145.82462662017238,103.29622014606224,82.85548391341536,9.573492371387538,12.886483520343111,11.093071055254178,46.0,62.0,50.0,-0.10413733561563257,0.9601711786363238,0.2592811660090439,13.054955136684407,0.07021271707773687,-0.2529506315879715,0.9649280555252854,10.940489937388575,-0.9920814430738225,-0.11868987191575503,0.041074622495926534,9.520675682485189,64.79531422709286,49.77759455888329,47.146708084948784,18.78564507310495,5.2791077209438875,60796.0,152064.8650407073, 0.0, 0.0,0.0,NaN, 138.38939024870666,138.38939024870666,0.0, 91.65175618501539, -8.493991394214893, -0.18614432717869528, -8.493991394214893, 166.06145752007458, 12.772955296455253, -0.18614432717869528, 12.772955296455253, 123.05622543691804, 7.505142029466261, 4.503849752865702, 12.0, 0.0
41, 0 ,1.0,1.0,1.0,29.371686400160204,146.51610803774813,126.96571879145911,15.423540189981036,11.298498067735666,10.980021808619364,66.0,65.0,57.0,-0.9713737321845386,-0.23632584114963082,0.02414889701001186,15.648347524263604,-0.18898972915058623,0.7071891632740448,-0.6812975632007985,11.063856690643037,0.1439303814261208,-0.666358450199799,-0.7316081336001227,10.900588258673483,71.13315799658892,50.73680837840327,64.02155166825605,21.097341315889118,6.403492710797101,79898.0,231058.22349047606, 3.552713678800501E-15, 0.0,1.4210854715202004E-14,81.03004388227457, 95.16947458648396,95.16947458648396,0.0, 237.88559199196024, 28.456371118213195, -2.495043066784632, 28.456371118213195, 127.65605858662657, -2.447162383096033, -2.495043066784632, -2.447162383096033, 120.56087891775684, 7.190755212062136, 4.470050719732644, 12.0, 0.0
42, 0 ,1.0,1.0,1.0,124.88773698666846,73.7252796945133,165.99242982514906,10.488591885524922,9.885983937648316,13.097540407254447,49.0,46.0,64.0,-0.07463246928062567,-0.03219044451480388,0.996691411526665,13.111869204560568,-0.8673175950437374,-0.49115199928551706,-0.08080781475443524,10.739775385144121,-0.49212821891924086,0.8704788847983499,-0.008736547578825676,9.592961665479093,64.18335154837348,52.955614023680255,48.37098798107708,18.733171816194897,5.325136296951836,59708.0,164406.64145525443, -1.4210854715202004E-14, 0.0,-2.8421709430404007E-14,44.258998178138704, 110.60643629651722,110.60643629651722,0.0, 110.01055974109923, 10.125000833930352, -4.308865526931503, 10.125000833930352, 97.73267841544052, -1.6379241237033961, -4.308865526931503, -1.6379241237033961, 171.54556471966302, 7.275051151938178, 4.556401272722524, 15.0, 0.0
43, 0 ,1.0,1.0,1.0,179.47689813112234,83.24358931496774,20.476613954732372,11.450483095669803,10.890395879774548,11.149506887905053,50.0,53.0,45.0,0.8807594824647992,0.4716100638010357,0.042973035381764696,11.669074334021243,0.03647262590403219,0.022920493368338096,-0.9990717684648169,11.148527493178102,-0.4721572636399906,0.8815092731817036,0.0029865844473433894,10.656867659252004,63.39347434883791,45.866862274241065,56.38449192334978,18.60719699063835,5.272381770837548,59822.0,163946.91808688434, 0.0, 0.0,0.0,NaN, 88.14751608190943,88.14751608190943,9.5367431640625E-7, 131.1135631242199, 9.395801551825182, 0.46467320526629674, 9.395801551825182, 118.60072241821044, 0.21249342134395147, 0.46467320526629674, 0.21249342134395147, 124.31150384344221, 6.995586415531762, 4.407909790787486, 8.0, 0.0
44, 0 ,1.0,1.0,1.0,149.9185462862952,112.9276955333884,130.2667418514518,12.18001865596052,11.319768426165073,10.51681205156453,60.0,56.0,52.0,0.8971732497296663,-0.4277100668723042,0.11020099212619827,12.424676173699984,0.4415790317886133,0.8632997931479721,-0.24437967557736853,11.114016148624263,0.009387153676180149,0.2679133551108605,0.9633972781252296,10.449852364330031,63.49773568992404,61.31589597985874,49.110097175238394,18.94678744930518,5.302130964089304,62956.0,191206.2618747653, 0.0, 0.0,0.0,NaN, 122.28027438314133,122.28027438314133,0.0, 148.35285445954634, -11.874559649672449, 2.9207200618566214, -11.874559649672449, 128.13715722200368, -5.1507368811898555, 2.9207200618566214, -5.1507368811898555, 110.60333572793296, 6.42649008576434, 4.325957336494983, 16.0, 0.0
45, 0 ,1.0,1.0,1.0,9.90816822785613,167.92074937094284,161.73588057429217,6.53975895771655,15.62803263862467,11.54117756614704,27.0,67.0,66.0,0.043626144333546724,0.9853504184065556,0.16486756041324202,15.742636037940214,0.004627434495075862,0.16482360677553426,-0.9863122048821551,11.401600806399603,-0.9990372097077178,0.04379191244430285,0.002630973942893277,6.509649807842293,71.62397508728947,65.63735068749958,28.05658224808637,19.311483120576337,6.875263680455685,47293.0,131899.82808792914, 0.0, 0.0,0.0,NaN, 50.90572614135067,50.90572614135067,0.0, 42.76844722503385, 8.898733734759979, 1.0778324346975048, 8.898733734759979, 244.235404153918, 19.132325722463083, 1.0778324346975048, 19.132325722463083, 133.1987796133357, 7.829142407392908, 4.793354321056778, 6.0, 0.0
46, 0 ,1.0,1.0,1.0,117.93706936150666,178.46441536888585,31.467052913894527,10.66753405171504,10.81400501316188,13.930689449084676,58.0,46.0,61.0,0.1474541464398783,0.1379542545469812,0.9794007853529999,14.05135537408951,-0.26085969650117996,-0.9497398839111382,0.1730501997969687,10.756725541315427,-0.9540489994958329,0.28100316112251356,0.10405637894985395,10.566710153869439,64.7858002053675,52.30379768617357,57.94629361312153,19.730222295798963,5.959985222668675,67487.0,196353.53001685723, 0.0, 0.0,0.0,NaN, 90.48912315559195,90.48912315559195,9.5367431640625E-7, 113.79628274449989, 2.7488608483358568, 12.205914823970472, 2.7488608483358568, 116.94270442469026, 10.924735542737302, 12.205914823970472, 10.924735542737302, 194.0641085268391, 6.228464143748851, 4.178418860575655, 9.0, 0.0
47, 0 ,1.0,1.0,1.0,15.996906550633987,150.0599483291974,60.68815650814155,10.279289385662594,10.254136840063673,13.467233573052313,40.0,49.0,66.0,-0.10179487663228139,0.0705765921802154,0.9922987189992971,13.507047552291333,0.7030547655581748,-0.700600858942295,0.12195258535700738,10.627349547040962,-0.7038123327403111,-0.7100544916311323,-0.021698368535345045,9.83852635028453,65.38043874539298,53.05658430808256,52.5425405048785,18.941189911208845,5.780036112996851,58834.0,182262.86209388587, -1.7763568394002505E-15, 0.0,0.0,84.15746315668079, 80.20574867444873,80.20574867444873,0.0, 105.66379027419566, -8.567173562975222, -7.266780356860386, -8.567173562975222, 105.14732233475101, 4.618551721721663, -7.266780356860386, 4.618551721721663, 181.36638011114738, 6.9798805503678745, 4.395934599894232, 10.0, 0.0
48, 0 ,1.0,1.0,1.0,121.02488953613451,152.84164363612294,110.45535935922683,12.125421320186447,12.343243644174144,9.29356069759562,65.0,56.0,44.0,-0.4893215603269996,-0.8717833816093239,0.02362511690897884,12.454125150112835,0.8677086338705071,-0.48396085631033514,0.11341788336036436,12.044943378718452,-0.0874421940811691,0.07599753357300015,0.9932664484342011,9.250182811175407,58.49716773869591,61.63378267157183,44.048193995444336,18.87469635880037,5.431170560250395,60427.0,158811.4345398359, 0.0, 0.0,0.0,NaN, 128.3714193861211,128.3714193861211,0.0, 147.02584219203203, 4.67180511975228, 5.0531739044421045, 4.67180511975228, 152.3556636594454, -4.698986649867729, 5.0531739044421045, -4.698986649867729, 86.37027043989399, 6.65558567907321, 4.420008837851987, 14.0, 0.0
49, 0 ,1.0,1.0,1.0,113.10838604524817,28.64655205867515,65.50521944972641,9.508137728288062,13.876279018990573,9.701242798692263,44.0,56.0,52.0,0.2884482676056879,-0.9519587882349378,0.10282053499931332,14.280004491478296,-0.11066717954726206,-0.13981123008419438,-0.9839743875291667,9.655368516445822,-0.9510785310826501,-0.27244684884324144,0.14567890124879612,8.940091993214482,61.48631032107704,53.82858948325143,43.34006713021218,18.544144533429126,5.760609154894141,51538.0,143443.54579957703, 0.0, 0.0,0.0,NaN, 112.52426980731235,112.52426980731235,0.0, 90.40468306009487, -33.84162442857225, 5.125826461132119, -33.84162442857225, 192.551119412878, -10.30676243749831, 5.125826461132119, -10.30676243749831, 94.11411183917848, 6.43642420367183, 4.145251271008958, 6.0, 0.0
