// Sample: .//bubblelabels.tif, Map: .//bubblelabels.tif, Thickness:(8.191250068658265):/gpfs/home/mader/Foam/NewValid/InSilicoTest/LatticeData_Phi_6.65/out_Step_03000.vtk/distmap.tif, Neighbors:(1.0):
//LACUNA_NUMBER, TRIANGLES, SCALE_X, SCALE_Y, SCALE_Z, POS_X, POS_Y, POS_Z , STD_X, STD_Y, STD_Z,PROJ_X, PROJ_Y, PROJ_Z, PCA1_X, PCA1_Y, PCA1_Z, PCA1_S, PCA2_X, PCA2_Y, PCA2_Z, PCA2_S, PCA3_X, PCA3_Y, PCA3_Z, PCA3_S,PROJ_PCA1, PROJ_PCA2, PROJ_PCA3,OBJ_RADIUS, OBJ_RADIUS_STD, VOLUME, VOLUME_BOX, Mask_Grad_X,Mask_Grad_Y,Mask_Grad_Z,Mask_Angle, Mask_Distance_Mean,Mask_Distance_COV, Mask_Distance_STD, SHAPET_XX, SHAPET_XY, SHAPET_XZ, SHAPET_YX, SHAPET_YY, SHAPET_YZ, SHAPET_ZX, SHAPET_ZY, SHAPET_ZZ, Thickness, Thickness_STD, Neighbors, Neighbors_STD
1, 0 ,1.0,1.0,1.0,153.7512442379387,181.59763824355844,183.56063249527097,13.571803678378387,11.536029379866878,9.86580224581055,60.0,51.0,43.0,-0.9571502305228871,-0.25849668360464,-0.1305484614056669,13.86149623544606,0.1572781198095779,-0.8425365103867971,0.5151658196099604,12.042527643629128,-0.24316050098473707,0.4725586664432691,0.8470898875150209,8.800246187362049,62.973284279066746,67.48066407009861,47.648787522648604,19.382767761458513,6.238284763968865,54451.0,202482.52394594045, 0.0, 0.0,0.0,NaN, 52.41991159577898,52.41991159577898,6.743495761743046E-7, 184.19385508444515, 19.42333492514379, 19.807345450926988, 19.42333492514379, 133.07997385315178, -25.4614259180016, 19.807345450926988, -25.4614259180016, 97.33405395344046, 9.79325543353681, 6.481520046067604, 14.0, 0.0
2, 0 ,1.0,1.0,1.0,185.66654280116208,36.853202486318494,16.902776839402744,8.3964327283471,16.977901070766364,10.375536274381561,37.0,80.0,48.0,0.01631755124318064,0.9909238138705669,0.13343062851398169,17.076240923684058,0.26411817468957116,-0.13298018462236208,0.9552789437103972,10.349517511637956,-0.9643522838258204,-0.019653640935269116,0.26389089995282544,8.22742022167292,84.33559833747104,56.97214335883319,40.9813726468937,20.305054431296117,7.355659375848827,59204.0,196906.4714182413, 0.0, 0.0,0.0,NaN, 43.003609077043286,43.003609077043286,0.0, 70.50008256165833, 2.235861149329492, 10.433950752710745, 2.235861149329492, 288.24912476872964, 24.59705481912124, 10.433950752710745, 24.59705481912124, 107.6517529810076, 8.53252769939606, 5.901806201542935, 16.0, 0.0
3, 0 ,1.0,1.0,1.0,169.18730135155207,186.97489974751224,80.90262884301202,15.564020964755157,7.334971420630964,14.738839247575102,64.0,29.0,62.0,0.8415325692033622,0.0013468914049537461,0.5402047027317811,16.117091719677624,-0.5401866182087449,0.010651986958201288,0.8414778384972728,14.132530508716686,0.0046208741801271125,0.9999423588674431,-0.009691566665192223,7.333817056510369,78.89335480056062,66.30620634947174,29.490471906686736,21.596264555860497,6.846553434538019,67330.0,154268.1697681726, 0.0, 2.8421709430404007E-14,0.0,89.92282878370077, 87.54605067218957,87.54605067218957,0.0, 242.23874859133807, -0.6063041841062787, 27.2971773007691, -0.6063041841062787, 53.801805741473025, 1.4580193486512656, 27.2971773007691, 1.4580193486512656, 217.23338236586022, 8.694254493095466, 5.663574072478858, 13.0, 0.0
4, 0 ,1.0,1.0,1.0,57.16797123312365,81.35580033966167,34.09616789533108,14.048970874973211,13.264351389511406,14.286236705004615,72.0,66.0,71.0,-0.06686311288127351,0.5718400811307952,0.8176357659423612,15.173910235351796,0.9919136016882809,-0.05050132997909515,0.11643462739290701,14.063851314770606,-0.10787368039335929,-0.8188092190997043,0.5638392783371196,12.221853132287698,79.76804797831798,73.1095919747958,70.41230710649488,23.020174202514468,6.890917160114098,105399.0,410631.1572984216, 7.105427357601002E-15, 0.0,0.0,86.16616556146255, 105.11656315236316,105.11656315236316,0.0, 197.37358264584557, -5.51762435329908, 1.170622525650717, -5.51762435329908, 175.94301778443315, 37.5284263395017, 1.170622525650717, 37.5284263395017, 204.0965591914211, 8.541478782784496, 5.349096058750354, 26.0, 0.0
5, 0 ,1.0,1.0,1.0,12.238476062036412,105.2931490222522,132.55511800404585,7.727754733890188,14.906025618059203,15.737254412252327,32.0,70.0,72.0,0.09246040310092754,0.5164191274305885,0.8513297590723841,16.328448572986606,0.08833423878727018,-0.8558752820576798,0.5095827350102835,14.359409837013613,-0.9917903690378763,-0.028085341132285047,0.12475206409994043,7.533796235720952,75.65484752372055,68.8564194445684,35.28033573046579,21.855153296648776,7.205639719641382,74150.0,183786.62605780887, 0.0, 0.0,0.0,NaN, 116.91013654038109,116.91013654038109,0.0, 59.71819322716221, -1.2772455045244078, 23.24558123175249, -1.2772455045244078, 222.18959972623725, 27.089256910937824, 23.24558123175249, 27.089256910937824, 247.6611764359553, 9.412494278283676, 5.370661118396217, 18.0, 0.0
6, 0 ,1.0,1.0,1.0,51.9591605524385,187.50722917565818,119.83761329305136,14.329723050229841,7.280694174215249,12.952502820142243,65.0,28.0,58.0,-0.8805811352382291,0.021583705147767255,0.473403641657567,14.854840534420479,0.4736540052302767,0.00820394654383592,0.880672798825093,12.35017621049621,-0.015124403851683477,-0.9997333839245344,0.01744744895195408,7.274864942194106,67.32051559620893,58.682098255171326,28.732296741169847,19.642182764673862,6.348342767972534,55608.0,113507.20005035942, -7.105427357601002E-15, 0.0,0.0,28.287454941431143, 96.34226450908233,96.34226450908233,NaN, 205.34096269628841, -2.8011092386361813, -28.379024244919698, -2.8011092386361813, 53.00850765845186, 2.4335937177418896, -28.379024244919698, 2.4335937177418896, 167.76732930579277, 9.809555384887691, 5.46606432692539, 10.0, 0.0
7, 0 ,1.0,1.0,1.0,26.759812924658014,51.47654031052098,49.9415690643222,13.810814776559308,13.14947258567684,13.153091725831455,64.0,67.0,65.0,0.8033776451037474,-0.12073198242635118,0.5831021760952034,14.789279342503503,-0.19434933009522834,0.8724439406219242,0.4484081939077659,13.539361422386344,0.5628611704844224,0.473566636168018,-0.6774377785962448,11.602325836892668,74.84367577043834,68.75616784221745,60.63518450049684,22.272663191073004,6.3702064643992795,99639.0,312026.4967766044, 0.0, 0.0,0.0,NaN, 76.55117315044787,76.55117315044787,0.0, 190.73860479242893, -16.415574597181905, 35.156752183857094, -16.415574597181905, 172.90862928146677, 13.130926822708519, 35.156752183857094, 13.130926822708519, 173.0038219481359, 7.875855548122435, 5.108768295934359, 19.0, 0.0
8, 0 ,1.0,1.0,1.0,90.2575577456507,180.38328795490278,86.19342715803198,13.81313757280561,11.163888684591514,12.191072459197878,69.0,49.0,59.0,-0.9234308641541927,-0.23473762604260387,0.3036011957277561,14.138559646990846,-0.33257466157364746,0.094739000556327,-0.9383062486484688,12.006020390137921,-0.19149290745772943,0.9674310149532477,0.16555270369255407,10.955091664276118,73.41261314459639,63.43067059082451,55.14545088185321,20.66976025688451,6.067819937629943,78231.0,256790.92870461335, 0.0, 0.0,0.0,NaN, 126.33506641830171,126.33506641830171,NaN, 190.80276960525404, 16.555855492025753, -14.866004062420194, 16.555855492025753, 124.63241056195046, -7.838183243645273, -14.866004062420194, -7.838183243645273, 148.622247705413, 8.292669620446762, 5.218196186248903, 18.0, 0.0
9, 0 ,1.0,1.0,1.0,187.6620334325624,19.911678497824592,111.15472864666819,7.386650444942628,10.99744994482349,12.9853835310505,30.0,45.0,66.0,-0.023956504546934813,-0.36582341606406027,0.9303758993810589,13.321797026536624,0.04687396013187159,-0.9300304850285558,-0.3644806288118826,10.596779806285003,-0.9986134976813845,-0.03487872097384038,-0.03942787176326641,7.373240620922201,71.92433825467992,53.121829627589854,31.392975946393705,17.68049663407627,5.614867256271555,43670.0,119944.78953527175, 0.0, 0.0,0.0,NaN, 91.88135067284928,91.88135067284928,0.0, 54.56260479577113, -1.4464057030136723, -3.733509500889004, -1.4464057030136723, 120.94390528889818, -22.2633893201236, -3.733509500889004, -22.2633893201236, 168.62018544847754, 9.47578229864866, 5.292874447460726, 14.0, 0.0
10, 0 ,1.0,1.0,1.0,49.86148992962873,151.2525277036318,187.7486694168082,16.301701369882096,14.15419301880854,6.4498178968751425,76.0,64.0,26.0,-0.9296208602693213,0.36300304908204617,0.06351253820517837,16.674500384743553,0.36621860226339287,0.9292185005473739,0.04936510505141146,13.761180946883934,0.0410973418650558,-0.06915030439287934,0.9967593711091952,6.346474165681357,73.0395819192652,63.140209428910254,28.446251948847788,21.329568349201757,7.261977176092487,61815.0,131186.56147924814, 0.0, 0.0,0.0,NaN, 70.79957156894596,70.79957156894596,0.0, 265.74546755281585, -29.498064511874187, -11.342682074792291, -29.498064511874187, 200.3411800136884, 12.320654701991579, -11.342682074792291, 12.320654701991579, 41.60015090285089, 8.907048801966761, 5.3181538271806845, 16.0, 0.0
11, 0 ,1.0,1.0,1.0,77.41418439716313,99.93501700974457,161.67939802802283,12.346243612552799,13.235502021523391,12.288827417654337,62.0,65.0,64.0,0.10078136922648552,0.8666459523409505,0.48863883278744985,13.717581574614801,-0.9011187035724262,-0.12865891093963444,0.41404343577428804,12.485885862722355,0.4216968077763745,-0.4820494558931415,0.7679844558220832,11.59974716836544,63.89711583911884,62.89461242313182,57.30248516843331,21.068990280111514,5.892467478035753,86715.0,230286.32978913662, 0.0, 1.4210854715202004E-14,0.0,29.928813760208868, 132.09251343702493,132.09251343702493,0.0, 152.4297313405008, 7.157549778908096, -5.322749923017521, 7.157549778908096, 175.17851376174977, 21.568983542500135, -5.322749923017521, 21.568983542500135, 151.01527930089298, 7.869600952453475, 4.960381083401939, 27.0, 0.0
12, 0 ,1.0,1.0,1.0,21.58006083034925,174.7281812324888,48.62987878878684,12.31798908325511,11.180764467963506,11.869312119197309,54.0,53.0,60.0,-0.8314123762005639,-0.5033246663864763,-0.23540972984877764,12.860745317834237,0.32196096416856856,-0.0910766846651204,-0.9423620191105202,11.88506558656617,0.45287371115155045,-0.8592841891466129,0.23777317769351036,10.534199789211165,61.59068947880546,59.63490908657674,56.422657001304344,19.621578457760755,5.711092553285688,66743.0,207237.8896053794, 0.0, 0.0,0.0,NaN, 58.900160952849745,58.900160952849745,0.0, 151.73285505519206, 21.889029015540277, 1.4643519573903925, 21.889029015540277, 125.00949408807526, 9.04851836126878, 1.4643519573903925, 9.04851836126878, 140.88057018292412, 7.8565729052337865, 5.1385409063059955, 15.0, 0.0
13, 0 ,1.0,1.0,1.0,165.01144033410526,11.079270827148031,80.21558498109772,11.705503448669708,7.184301359281124,14.176172785238663,61.0,31.0,68.0,-0.17309611137396952,0.012393871201537506,0.9848269534206757,14.249623664441096,0.9826710863680598,0.06948088345167833,0.1718427852747711,11.634457758358067,0.06629684942308446,-0.9975062901011774,0.024205969618234176,7.154333647203659,66.67579032468115,62.35617295571615,32.29180112951128,18.805117598897834,5.997034595225219,50523.0,134257.9137540488, 0.0, 0.0,0.0,NaN, 88.21275204535273,88.21275204535273,NaN, 137.0188109868184, 5.421475000730496, -11.67437816675727, 5.421475000730496, 51.614186020968596, 2.85870954121297, -11.67437816675727, 2.85870954121297, 200.9638748369413, 7.489099934771771, 5.043420235343717, 16.0, 0.0
14, 0 ,1.0,1.0,1.0,171.47594067741727,59.988744252315264,111.87832394274982,11.650029433505393,13.298106053855657,11.764540640845444,55.0,62.0,58.0,-0.10627759212576232,-0.9225342803105383,0.3709926886932765,13.555289519310934,0.7537119081006339,-0.31809950389129255,-0.5750922232228624,12.004024455629793,0.6485548804837192,0.21850219055201667,0.7291319220310674,11.096159237661457,65.134192830617,61.50112538856726,59.3697713878895,20.415679055577797,5.845278061040001,77205.0,237824.98336013473, 0.0, 0.0,0.0,NaN, 110.35262202751166,110.35262202751166,NaN, 135.723185801542, 0.9154665170478039, -11.480513092109806, 0.9154665170478039, 176.83962461959248, -16.9112717634056, -11.480513092109806, -16.9112717634056, 138.40441649010413, 7.352816006043871, 4.768174579944556, 17.0, 0.0
15, 0 ,1.0,1.0,1.0,163.34635677925166,186.81737450302828,22.76072901571731,12.692966303230525,7.480221746301822,14.07857270585238,70.0,31.0,51.0,0.38396509185301203,0.0015108440228549587,0.9233463735720447,14.35154531164275,-0.9229228411674683,0.03095697359614441,0.3837383158314208,12.38727619893288,0.028004240565951296,0.9995195761645222,-0.013280789668469052,7.473945137742168,65.72385401471729,65.54029254781362,31.7132171158149,19.347014172479348,6.400340849723998,53826.0,136606.60516555895, 0.0, 0.0,0.0,NaN, 45.11454268497282,45.11454268497282,8.259061849445711E-7, 161.1113935749456, -2.7010053293938987, 18.657149499498455, -2.7010053293938987, 55.953717373846686, 1.3686502103909366, 18.657149499498455, 1.3686502103909366, 198.2062094339716, 8.527042452110715, 4.976609274784536, 13.0, 0.0
16, 0 ,1.0,1.0,1.0,169.253010539497,91.71656057602003,10.0802671397266,11.670163285842156,15.469494548693357,6.6353939079051205,55.0,67.0,27.0,0.20824098906868196,0.9768093588587802,-0.049791233340780394,15.646587610592183,0.9772333330644708,-0.2056768120579961,0.05207745893728323,11.463895589998597,-0.040628847133554566,0.059502314472285156,0.9974010082975854,6.579499910252294,67.86212133799575,60.18115799866332,28.521426855208585,19.3437009742358,6.734066946703658,47915.0,116482.10754907124, 0.0, 0.0,0.0,NaN, 97.25696186077006,97.25696186077006,1.3486991523486091E-6, 136.1927111182182, 23.278892541728176, 2.395615599814052, 23.278892541728176, 239.30526159205348, -10.745505415326635, 2.395615599814052, -10.745505415326635, 44.02845231306439, 7.863306501931018, 4.989004048805272, 16.0, 0.0
17, 0 ,1.0,1.0,1.0,189.0810450546521,175.92104327734828,135.70019106016173,6.5040375794709515,12.628018042548263,13.917112444861097,28.0,57.0,65.0,-0.056410513139740034,0.4964365757198666,0.8662381775786868,14.536815270557382,-0.03682658517212945,-0.8680639058502732,0.4950846977886997,11.937783256227531,-0.9977282478871045,0.00397261217605812,-0.06724999420540886,6.451797891907787,69.07519181286443,64.7450029731509,29.870750324091546,18.82057651253565,6.4219360832072,45012.0,133590.16507848847, -2.8421709430404007E-14, 0.0,0.0,86.76619905695073, 69.52327066277577,69.52327066277577,0.0, 42.30250483517035, -1.527058692698977, -10.131415999899367, -1.527058692698977, 159.46683968292444, 29.616757287563637, -10.131415999899367, 29.616757287563637, 193.6860188029076, 7.677163231807037, 4.925184936468025, 11.0, 0.0
18, 0 ,1.0,1.0,1.0,189.78722788048464,24.602234879567504,176.0377467780084,6.228137320084251,13.180770762361222,12.684301847065028,27.0,55.0,54.0,-0.018324137622822922,0.8485963150650446,0.5287234816408358,13.49029736452978,-0.013940383095607465,0.528544023953246,-0.8487914234147623,12.357441714381222,-0.999734910713599,-0.022923978741440493,0.002144644290887642,6.22249443611094,73.74763971799702,61.98009513156039,27.512325950530965,18.314261155153932,6.164557085145841,41434.0,125755.69796119575, 2.8421709430404007E-14, 3.552713678800501E-15,0.0,89.47836188225823, 35.82960026164687,35.82960026164687,0.0, 38.78969447782624, -3.0676665854547758, -0.03929681916008259, -3.0676665854547758, 173.73271788991642, 13.143531994216357, -0.03929681916008259, 13.143531994216357, 160.89151334745725, 7.972079707394927, 4.921896541722556, 11.0, 0.0
19, 0 ,1.0,1.0,1.0,23.031859379291404,10.021361652781593,18.08187616344716,11.956384593950455,6.486461855120735,11.136363616282983,60.0,26.0,45.0,-0.8750045434876776,0.13170891343599408,0.46585385154298176,12.299023170886688,0.4771365071629728,0.07182770576169129,0.8758889965157286,10.864921879971293,-0.0819011746450498,-0.9886827311157619,0.12569269980885642,6.303603424595883,69.97104701612096,52.30424684865658,30.537042118582686,16.606736367522196,5.767514349361798,32769.0,111758.94503213825, -3.552713678800501E-15, 0.0,0.0,28.954486647108002, 30.949127312955586,30.949127312955586,0.0, 142.9551325584558, -10.16959020920701, -12.734885981099128, -10.16959020920701, 42.07418739793633, 11.769986471530467, -12.734885981099128, 11.769986471530467, 124.01859459407142, 7.949833714037806, 4.736627801363396, 5.0, 0.0
20, 0 ,1.0,1.0,1.0,25.08907338237453,38.41701870850935,146.94503254008384,13.841805020816535,11.948893413373625,10.405405725424155,66.0,59.0,58.0,-0.9261715685211747,-0.3567477017876223,-0.12221825940618204,14.021462883480092,0.36003401059714346,-0.7401199611780529,-0.5679770719660555,13.025023230312994,0.11216834168500056,-0.5700469457290753,0.8139193711840195,8.740219494163297,68.99558711458707,53.30740930131624,51.40852080806694,20.086271238304224,6.259855916107665,61309.0,189079.30584590876, 0.0, 0.0,0.0,NaN, 70.14384151020596,70.14384151020596,0.0, 191.59556623430186, 14.867746347727559, -5.46361582641041, 14.867746347727559, 142.77605380416358, 44.44501383235206, -5.46361582641041, 44.44501383235206, 108.27246831068977, 8.115883120991798, 4.871324107298317, 16.0, 0.0
21, 0 ,1.0,1.0,1.0,122.15548975017587,78.9138294913535,179.73404446771264,11.434784039787269,11.228827429828462,11.433854293936967,52.0,55.0,47.0,-0.3599864171986126,0.6813503851805498,-0.6373158024455564,12.512994977191045,-0.8652911989033905,0.011578017016324504,0.5011358005793476,11.460301421853973,-0.34882792395798873,-0.7318658361587089,-0.5853985628021932,9.983001729012464,60.19434694487151,53.907568950569384,49.14013425327755,18.92775595976286,5.414234001969711,61123.0,159456.34047967367, 0.0, 0.0,0.0,NaN, 112.68482246807702,112.68482246807702,0.0, 130.75428603657366, -14.277228465321144, -0.6788992461289636, -14.277228465321144, 126.08656544886806, -24.530582395964746, -0.6788992461289636, -24.530582395964746, 130.73302401498083, 7.787040527646396, 4.818622407734042, 17.0, 0.0
22, 0 ,1.0,1.0,1.0,16.086375672674468,101.24986760058084,22.78638421457248,9.846680889214102,11.735803148295878,12.520675613304958,39.0,53.0,54.0,-0.03575731720969809,-0.5125823631511648,0.8578931957139722,12.913827908023377,-0.28114935417457787,-0.8186111406006799,-0.5008301519793623,11.433685169560961,-0.9589976302959164,0.2591044605382555,0.11484086213537777,9.693163059006768,58.60742102548431,60.34384734399224,46.172486254770064,18.95182118548741,5.681724354145439,58535.0,163293.48872631378, 0.0, 0.0,0.0,NaN, 102.61373902533394,102.61373902533394,0.0, 96.95712453401421, 9.797585537054186, 2.944256281047622, 9.797585537054186, 137.72907553555143, -16.94146502985119, 2.944256281047622, -16.94146502985119, 156.76731781360948, 7.783618289794341, 4.881595832195085, 13.0, 0.0
23, 0 ,1.0,1.0,1.0,81.88424845531601,22.82434736345719,40.42656251889291,13.132243170056952,11.615836098242472,13.329675545246472,70.0,49.0,68.0,-0.7047156146818898,0.34075055682214084,0.6223061629527122,14.94152957222732,0.394457081642623,-0.5408874686306779,0.7428622732514305,12.382947856534516,-0.5897283384453484,-0.768979716444913,-0.24676037471763912,10.415229498426136,70.77602136161362,65.87903281461418,60.47784016348972,21.126655299109405,6.22319411178349,82703.0,281987.3542520793, 0.0, 0.0,0.0,NaN, 94.12910248564805,94.12910248564805,0.0, 172.45581067750746, -37.1318032319218, -37.18794381106625, -37.1318032319218, 134.9276482612329, 6.3124756503628285, -37.18794381106625, 6.3124756503628285, 177.68025014154185, 6.720675758144241, 4.4661365074329575, 18.0, 0.0
24, 0 ,1.0,1.0,1.0,153.64974185446172,82.24256959464174,70.94599874415684,10.770236871612147,10.32428023196649,12.599737319579694,46.0,52.0,63.0,-0.1034854687284249,-0.0606989976672749,0.9927771096496165,12.625141283825126,-0.9744755610459767,-0.1937334909228006,-0.11342272884653362,10.766871454310246,-0.19921882111434008,0.9791746351785531,0.039101088690206044,10.29671946549146,61.99866692892037,48.070406765030185,52.27993844372157,18.74301045636162,5.481031302032428,57332.0,155809.96004690594, 0.0, 0.0,0.0,NaN, 118.09115725359554,118.09115725359554,0.0, 115.9980022706338, 2.2048426712830604, -4.388742747829943, 2.2048426712830604, 106.59076230817405, -2.998604697812422, -4.388742747829943, -2.998604697812422, 158.7533805224093, 6.705319147700231, 4.469178171103625, 17.0, 0.0
25, 0 ,1.0,1.0,1.0,136.31942383778437,116.44848850148368,122.1174425074184,9.949540524131367,12.806254697395905,12.610217934373422,51.0,65.0,61.0,0.1923696220671039,0.7659297251102315,0.6134701172007693,13.683119849674434,-0.2560017720383096,-0.5643299802550548,0.7848533405029092,11.942095900113717,-0.9473420824702158,0.30803137758659493,-0.0875194218622335,9.600504625290938,66.02228864961438,60.898534500202544,46.18349730192406,19.698159251005084,5.830406031349891,64704.0,185688.16903939328, 0.0, 0.0,0.0,NaN, 130.77371148523594,130.77371148523594,0.0, 98.99335664133228, 21.293623881851648, 1.0826950150945573, 21.293623881851648, 164.0001593745747, 22.32296204063434, 1.0826950150945573, 22.32296204063434, 159.0175963523931, 7.261848583141329, 4.57626692417708, 26.0, 0.0
26, 0 ,1.0,1.0,1.0,116.32102272727273,58.03834376701143,15.684199782253675,13.29443956580525,11.405548952288948,9.399602978060498,69.0,64.0,42.0,-0.984347116817571,0.17546116255548036,0.0165569939184134,13.35341969012737,-0.1740623424326554,-0.9826060554623224,0.06471198278241608,11.345015743461593,0.027623442214758823,0.0608171045303373,0.9977666186221877,9.389249532151046,69.05872845816164,63.15378277290681,43.39297661649606,19.013718654285537,5.801698833336226,58784.0,189250.6539834123, 0.0, -7.105427357601002E-15,0.0,79.89450397201826, 103.03695796866796,103.03695796866796,0.0, 176.7421233688481, -8.635540031764991, -1.9261114264240136, -8.635540031764991, 130.0865469030595, -2.3166029244215753, -1.9261114264240136, -2.3166029244215753, 88.35253614516378, 7.166752820694084, 4.802491177600468, 15.0, 0.0
27, 0 ,1.0,1.0,1.0,151.08939205955335,151.53866315136477,55.03867866004963,9.951894797084726,14.439737233209618,10.845263982938299,46.0,65.0,51.0,0.010759261933233354,-0.978242520510098,0.20718544675894454,14.588613495654918,0.42007121213512394,-0.18360567776974263,-0.8887233156759425,10.826233332069709,-0.9074273607391278,-0.09659464869631615,-0.4089560597732419,9.753512207916637,66.46208209388763,54.68220473457691,52.335646006872594,19.74378970320486,5.945480672879715,64480.0,190203.08136121926, 0.0, 0.0,0.0,NaN, 88.14763120416326,88.14763120416326,0.0, 99.04021005224203, -2.9414679653298323, -7.979326051434978, -2.9414679653298323, 208.50601136414016, -20.25217782102185, -7.979326051434978, -20.25217782102185, 117.6197508596187, 6.6503417459212555, 4.547053633874042, 22.0, 0.0
28, 0 ,1.0,1.0,1.0,53.59818722520241,71.48815435620882,91.70281307360662,12.445513062453353,11.993421960736764,11.541242860682392,65.0,58.0,53.0,0.7276957482905794,-0.6260008243327745,0.28032457233446456,13.750482484333945,0.26237642532722305,-0.12355694156836736,-0.9570226191803303,11.336669655614099,-0.6337329953161047,-0.7699718502159401,-0.07433599748923972,10.692867017443733,64.07844489817782,54.11945574046014,55.834399814948426,19.949807334701802,5.825670759106271,70279.0,193627.58818582652, 0.0, 0.0,0.0,NaN, 128.03408847919303,128.03408847919303,0.0, 154.890795387697, -34.5059549671313, 11.684681603118676, -34.5059549671313, 143.8421703282829, -11.4382875128593, 11.684681603118676, -11.4382875128593, 133.20028676925227, 7.4325146636702994, 4.563979822201018, 18.0, 0.0
29, 0 ,1.0,1.0,1.0,96.77089467974406,186.94803728385767,138.80569885093098,11.44840909309481,7.645115017866077,12.595254714389077,54.0,31.0,61.0,-0.18826565889634067,0.12439264249830939,-0.9742086594629584,12.712801003311256,0.9807246917988288,0.07663317497544254,-0.17973991039631515,11.408447316066473,-0.052298380246609266,0.9892693399602916,0.13642233115626656,7.5090822479409285,61.045298256451744,52.408460384620696,34.34163243148416,17.80068019086564,5.593753700523407,45167.0,109868.844495875, 0.0, 0.0,0.0,NaN, 115.23759057262797,115.23759057262797,0.0, 131.06607076285593, 3.079644205135609, 6.29686212742563, 3.079644205135609, 58.447783636401425, -13.768172001613186, 6.29686212742563, -13.768172001613186, 158.64044132034024, 7.245859465459678, 4.701964427755258, 12.0, 0.0
30, 0 ,1.0,1.0,1.0,45.68377307283073,121.12390322132956,144.6888463970146,10.966089448977492,10.498131161201426,13.312202017295599,50.0,56.0,62.0,0.05976747358494874,0.23316412570147824,0.9705989591933105,13.45785328038624,0.8463695380270155,0.5036764924637381,-0.1731144015943302,11.34499160280741,-0.5292319474495182,0.8318320031264077,-0.1672395418957471,9.892317668063413,61.88086336075719,56.969047956121486,51.57849780672147,19.387918147356512,5.638193694921167,64849.0,181829.36226383594, 7.105427357601002E-15, 0.0,0.0,86.57353396732502, 106.61974244060583,106.61974244060583,0.0, 120.25511780297546, 14.311845724063655, 0.3094600234942053, 14.311845724063655, 110.2107578777884, 16.151538484787775, 0.3094600234942053, 16.151538484787775, 177.214722549289, 7.03366257419314, 4.454200816143952, 16.0, 0.0
31, 0 ,1.0,1.0,1.0,10.712435296715158,179.23143537031132,137.0052253268896,6.53149158845018,11.407930518134643,13.004204573132684,28.0,48.0,63.0,-0.03548186783016105,-0.06569072712642476,0.9972089878379982,13.01651920319048,-0.022375004446648597,-0.9975349624349092,-0.06650832952342954,11.402812695435259,0.9991198107490892,-0.024672395294868244,0.033924573381522716,6.515879689056738,63.50600935582048,49.63388645274796,29.36317759303457,17.6050553672821,5.654433939076701,40763.0,92554.2056185677, 0.0, 0.0,0.0,NaN, 67.18951691208844,67.18951691208844,0.0, 42.66038236999545, 2.2504448988245325, -4.362356762706392, 2.2504448988245325, 130.14087870658776, -2.5080660337530136, -4.362356762706392, -2.5080660337530136, 169.109336579885, 7.410127416242489, 4.700195122688759, 12.0, 0.0
32, 0 ,1.0,1.0,1.0,51.63612635939928,10.370833764888658,121.70050750906266,12.602432254067605,6.975140193102337,13.447025500927392,68.0,29.0,66.0,0.03780805876790527,0.03039282710018218,0.9988227203828823,13.452606222469283,0.9991561102846648,0.014904767638123146,-0.03827421040952451,12.60230329464019,0.016050482018357477,-0.999426897758167,0.029803658575188352,6.964604206088696,66.69475498482237,68.4997993052335,29.723907544655827,18.73248833479291,6.114757153097061,48275.0,135795.97020236857, 0.0, 0.0,0.0,NaN, 94.36447563951786,94.36447563951786,NaN, 158.82129871836347, 1.7950091333823461, 0.7838656634737349, 1.7950091333823461, 48.65258071343171, 3.9583742014034553, 0.7838656634737349, 3.9583742014034553, 180.82249482259158, 6.630019931241306, 4.635943573535305, 16.0, 0.0
33, 0 ,1.0,1.0,1.0,9.485962479395065,22.00185771474921,178.1088725503022,6.310857649725754,12.927979466296614,11.452492297513409,25.0,51.0,52.0,-0.05975489930310398,0.9809583057516462,0.1847976038430572,13.004144036667071,-0.08810906919388736,0.1792226307938795,-0.97985511201254,11.417630274652259,-0.9943169232870688,-0.07483348841381343,0.07572189298186469,6.216841156540305,59.08395618164376,54.42777792449303,28.142441066997787,17.465860527561585,5.750032453169498,38219.0,90500.69967304186, 0.0, 0.0,0.0,NaN, 32.454378565603015,32.454378565603015,0.0, 39.82692427510206, -9.095358416914014, 6.4773780089284045, -9.095358416914014, 167.13265308098687, 7.54342787746732, 6.4773780089284045, 7.54342787746732, 131.15957982460395, 7.816358409261912, 4.833168011628951, 8.0, 0.0
34, 0 ,1.0,1.0,1.0,113.01921710384033,71.91956313529212,66.19070349429975,10.24768951163716,11.766241400659084,12.511447944894062,49.0,58.0,57.0,0.11295935721635005,-0.4757707619397771,0.8722857133419722,12.840685033451116,0.018790086701818448,-0.8767247663123543,-0.4806252352678605,11.440318325444881,-0.9934219225782202,-0.07068144182026768,0.09009449219125959,10.209399158985331,61.734733978803376,59.59524111444713,49.64691806159131,19.230688426009973,5.4933167908851495,64734.0,182655.7953569702, 0.0, 0.0,0.0,NaN, 130.84070232106842,130.84070232106842,0.0, 105.01514032691826, -3.698580908646272, 5.735483128696839, -3.698580908646272, 138.44443669858381, -13.94153006001647, 5.735483128696839, -13.94153006001647, 156.53632967779384, 7.588314804441498, 4.500660968422356, 16.0, 0.0
35, 0 ,1.0,1.0,1.0,121.52284018664774,152.54405702118663,163.52376134458856,11.636138434889878,11.851529328790532,11.15296263556939,56.0,54.0,59.0,-0.02091513619253616,0.8615953516820352,-0.5071646744775882,12.202239347452807,0.9924666172702821,0.07914259888206111,0.09352252480700349,11.648419072738692,-0.12071690305061292,0.5013879725343474,0.8567599023739181,10.75484675255033,57.03652924543691,58.34077254616081,55.51111570197426,19.263773402878346,5.3994513554704815,66221.0,184716.3005756204, 1.4210854715202004E-14, 0.0,0.0,88.80156358280651, 98.6977564224504,98.6977564224504,0.0, 135.39971767592144, 0.9736354593778922, 2.210579891066531, 0.9736354593778922, 140.45874743118216, -14.371454277688795, 2.210579891066531, -14.371454277688795, 124.38857555040691, 7.385095841678025, 4.398402845906599, 19.0, 0.0
36, 0 ,1.0,1.0,1.0,172.05308388883608,104.65515836919776,124.35684320566952,11.40792322236116,12.147758585286175,13.369820138795664,53.0,60.0,62.0,0.24596159770248457,0.18159429250369952,-0.9521168023859901,13.456145031958691,0.5119625395575471,0.8097523614511282,0.28669752565048295,12.736110268173816,-0.8230414634424128,0.5579647175712845,-0.10619850940652933,10.638820308344258,58.30304832121479,64.68466451630383,59.70564309169893,20.48649372776196,6.063366736374167,73657.0,225168.67518562393, 0.0, 0.0,-1.4210854715202004E-14,17.802359630637582, 124.874161120461,124.874161120461,1.9073486328125E-6, 130.14071224728707, 23.355557934431843, -8.701538983859598, 23.355557934431843, 147.56803864639397, -0.3558410276823892, -8.701538983859598, -0.3558410276823892, 178.75209054374608, 7.686289092854712, 4.703782987446461, 18.0, 0.0
37, 0 ,1.0,1.0,1.0,144.56005795624623,42.821083972868834,83.4224755596599,11.571439398246778,10.147032720990229,12.512302663733234,57.0,47.0,55.0,-0.14531172880180088,0.19241125820854216,-0.9704959604177843,12.57698701637063,0.8996745842373952,-0.3824425743734295,-0.21053104232842604,11.904588389851671,0.41166751626755965,0.90372317942013,0.11753412708174979,9.670489832229974,57.143343350080215,61.24614425461279,47.58124868354017,19.085110257858542,5.401552293780877,62806.0,166525.3037859241, 0.0, 0.0,0.0,NaN, 108.93365795257365,108.93365795257365,0.0, 133.89820974729776, -18.392583968819316, -0.010740658711610845, -18.392583968819316, 102.96227304084636, -8.19371783167376, -0.010740658711610845, -8.19371783167376, 156.55771794886576, 7.797254820412441, 4.477506698393831, 13.0, 0.0
38, 0 ,1.0,1.0,1.0,84.16378717748957,35.03770068588363,110.47145715900585,11.53315259655449,10.973851429279799,12.454714214764874,60.0,62.0,59.0,-0.5831665595074074,-0.04671482621436079,0.8110083161620818,13.4553479062758,-0.46998089634247386,0.8337037860212757,-0.28992404910064834,11.418484894592845,-0.6625969521099672,-0.5502324256035377,-0.508143244439035,9.855493169386227,62.31024297666267,57.01091642859929,48.241731254245906,19.401865047981428,5.668029890418034,65463.0,171372.19205798546, 0.0, 0.0,0.0,NaN, 127.77536352772803,127.77536352772803,0.0, 133.0136088154116, -10.742514500619352, -35.1574013360047, -10.742514500619352, 120.42541519190628, -11.216374994553204, -35.1574013360047, -11.216374994553204, 155.1199061714662, 6.376718040695422, 4.187905671537397, 19.0, 0.0
39, 0 ,1.0,1.0,1.0,16.620599123602297,71.9001586582049,169.88740933816862,10.000253070418712,11.734847162699142,10.838877263486342,41.0,60.0,59.0,0.054303016457452516,-0.8365091890203272,0.5452554989068662,12.347433648015643,-0.5106157797423446,-0.49252672354849936,-0.7047616278350415,10.224832391171406,-0.8580924821263379,0.24014537945822334,0.45388047858784036,9.908917429141853,58.294880062182514,52.288808018615384,51.81200207995677,18.10154639938158,5.2466158319691365,52944.0,157931.77960522083, 0.0, 0.0,0.0,NaN, 79.70348327814501,79.70348327814501,NaN, 100.00506147241886, -0.8656979645027904, 3.8958785013559347, -0.8656979645027904, 137.7066379319081, -22.54644821393018, 3.8958785013559347, -22.54644821393018, 117.48126033292118, 7.387488808265605, 4.562279583108129, 12.0, 0.0
40, 0 ,1.0,1.0,1.0,186.24152934901608,116.01058305027651,65.20152710327598,8.898940230624044,11.564789269419524,9.545145115221288,36.0,51.0,51.0,0.023557346075424025,0.9601293470611244,-0.27856182142903513,11.72604571008335,0.5914162025607516,-0.23803584436758288,-0.7704322242383375,9.84795776786039,-0.8060222867852368,-0.14659663607392476,-0.573443545170147,8.340435429424952,51.78188897028869,47.74966831802254,42.37080399055961,16.63388980563506,5.230582499007875,35623.0,104764.69506483918, 2.8421709430404007E-14, 0.0,0.0,88.65013862310936, 107.2136036648695,107.2136036648695,0.0, 79.1911372282191, -2.32344430745808, -12.939363310125069, -2.32344430745808, 133.74435084608098, -13.141733591161211, -12.939363310125069, -13.141733591161211, 91.10979527063283, 7.6849685202625935, 4.823603220610147, 10.0, 0.0
41, 0 ,1.0,1.0,1.0,165.64445880452342,93.26455573505655,190.25835218093698,10.675095387897391,13.72081401528531,5.0650062266779,48.0,63.0,21.0,-0.2860198402960464,-0.9579538138485238,-0.022740745152519528,13.989724487299183,0.9559820323998319,-0.2836479868292801,-0.0751144013913674,10.346817347413642,0.06550576070629939,-0.04322395285908429,0.9969155858012879,5.010355916276357,62.72128066308514,47.24244503152494,22.34996789664072,17.10642605826193,5.936570927081322,30950.0,66225.33859195218, 0.0, 0.0,0.0,NaN, 99.86731331883428,99.86731331883428,0.0, 113.95766154070816, 24.52317193242537, -4.775188775475465, 24.52317193242537, 188.2607372420498, 5.462733839821816, -4.775188775475465, 5.462733839821816, 25.6542880762859, 7.404449354610459, 4.546376937655128, 11.0, 0.0
42, 0 ,1.0,1.0,1.0,120.69390787518573,8.053882849769296,164.4726675529835,11.241092527527673,5.823992806668854,10.737747695201648,57.0,25.0,51.0,-0.9358974886328816,0.19926573578332266,-0.29049794717587224,11.485576466762797,0.2909535597035388,-0.027658141679242992,-0.956337311462169,10.670615500079364,-0.19859989140607348,-0.979555099900757,-0.03209188981524661,5.458917206368669,57.08180189296269,47.71951900515961,27.86507565142217,15.708710149705594,5.368119263103047,25574.0,75902.12903838103, 1.4210854715202004E-14, 0.0,0.0,20.6263724725828, 87.27263390014173,87.27263390014173,0.0, 126.36216121243848, -19.720818215844417, 4.3733495583309585, -19.720818215844417, 33.91889221213055, -3.687781961680259, 4.3733495583309585, -3.687781961680259, 115.29922556580831, 7.307026280063847, 4.402995289070092, 10.0, 0.0
43, 0 ,1.0,1.0,1.0,81.92682766443637,104.9486757960841,74.80889049630933,11.662740621910174,10.853818914440247,11.443420417488275,59.0,58.0,54.0,-0.9139274647613047,-0.40356365005357836,0.043277817763921644,11.859300477809423,0.04771681178478457,-0.21272125536235897,-0.9759471160827095,11.481571898515698,0.4030628921496864,-0.8898797940578804,0.21366856834694997,10.597512614243302,58.12647199314635,56.46710425535922,55.40573791599674,18.857160528586213,5.402246892909239,60829.0,181854.5720738547, 0.0, 0.0,0.0,NaN, 146.09287943416334,146.09287943416334,0.0, 136.01951881395374, 10.252881947235139, -2.0297494353174748, 10.252881947235139, 117.80538502746087, 3.55738802428912, -2.0297494353174748, 3.55738802428912, 130.95187085138753, 6.163329970076944, 4.028343151101158, 17.0, 0.0
44, 0 ,1.0,1.0,1.0,49.30422764535489,182.41354436850375,161.778413071054,11.665135938624227,9.858369568311883,11.410858896800287,52.0,43.0,50.0,-0.7868275377328672,0.16685682494815318,0.594189553790249,12.203342566775753,0.5529968839601214,-0.23688209463222099,0.7987999246200814,10.970546501269489,-0.2740380853013496,-0.9571027495576808,-0.09411405098866635,9.705466883982938,63.60542378211675,56.957190399924684,46.76351025865455,18.259267107842547,5.483585730077429,52819.0,169414.20116366746, 0.0, 0.0,-2.8421709430404007E-14,53.54512123183492, 64.81573877346875,64.81573877346875,0.0, 136.0753964665825, -10.611186210596086, -14.031169080042783, -10.611186210596086, 97.18745054541783, 0.4763082089583799, -14.031169080042783, 0.4763082089583799, 130.20770076268624, 7.06080738977327, 4.475780572575662, 10.0, 0.0
45, 0 ,1.0,1.0,1.0,178.19657435830447,155.5519397818562,88.49410554503298,12.562245543043888,9.252012138945627,12.740915199640577,52.0,41.0,57.0,0.4867707286603326,0.1382958773082911,-0.8625129031145091,12.874843614389086,-0.8697727867792191,-0.01474455503758463,-0.49323209290865777,12.48832774193092,0.0809293339760062,-0.9902811966387494,-0.11310877280709195,9.166282449417471,64.90929626095232,59.44091819411983,42.633005292510376,19.318050834312256,5.705573922955202,61244.0,164489.56727253174, 0.0, 0.0,0.0,NaN, 101.40131233413166,101.40131233413166,0.0, 157.810013083726, 6.425220380220697, -3.457359686771907, 6.425220380220697, 85.59972861919725, -9.22704672684259, -3.457359686771907, -9.22704672684259, 162.33092012443228, 7.61863916268558, 4.608237966046752, 9.0, 0.0
46, 0 ,1.0,1.0,1.0,115.48910302409021,154.01107124551513,62.2867042542286,9.515211548357332,11.603947808691865,10.404108252667971,45.0,53.0,50.0,-0.1634151017515716,-0.953952824381638,0.2515343184812368,11.767920503750396,-0.30021256114608375,-0.19478587553274443,-0.9337723924078347,10.373250657037165,-0.9397701435189524,0.2281062724855218,0.2545576669501994,9.346017435986324,56.186582511617445,52.11451226746186,45.44479208494084,17.546602298096072,5.055004637241016,48775.0,133068.5473298269, -1.4210854715202004E-14, 0.0,0.0,80.59482312991248, 114.61547366089653,114.61547366089653,NaN, 90.53925080999274, 9.156122693326385, 3.576532717808786, 9.156122693326385, 134.65160474684473, -8.585829221881854, 3.576532717808786, -8.585829221881854, 108.24546853323376, 6.308780858481255, 4.052378704870406, 16.0, 0.0
47, 0 ,1.0,1.0,1.0,99.24517464769919,158.13096907767314,15.2495825819809,11.380726482730086,10.442096998297506,9.671213933188659,50.0,52.0,41.0,-0.8539117788419306,0.010722826829431945,0.5203073081745018,12.273447116720245,0.10030328544605914,0.9844333639916444,0.14432672236568256,10.499210793198646,0.5106602832448757,-0.17543082068120336,0.8416947797577119,8.439180797395133,58.77150136135893,53.499762485416426,49.460471478760795,17.45130972581585,5.2480942056825715,44919.0,155516.64950323116, 0.0, 0.0,0.0,NaN, 108.78956848040042,108.78956848040042,0.0, 129.5209352747139, 3.1251060252362324, -34.72024428360738, 3.1251060252362324, 109.0373897218538, 5.986146300456455, -34.72024428360738, 5.986146300456455, 93.53237894150244, 7.470569569838859, 4.36313968417838, 13.0, 0.0
48, 0 ,1.0,1.0,1.0,95.57246572567028,8.868069156480043,133.6014047410009,11.261706258083196,5.9282293387594125,10.747089459095008,54.0,24.0,54.0,-0.828812776897857,0.021734483354220624,0.5591037408962563,11.659841537230216,0.5583256780597851,0.0975439170954165,0.8238674780914488,10.349581858337533,0.03663083496105935,-0.9949938675544728,0.09298056495337086,5.865501978715937,60.069035790225406,50.500334231837144,26.145210260047865,15.843659930060532,5.142791343100256,29614.0,79311.66224508904, 0.0, 0.0,0.0,NaN, 116.71123471121757,116.71123471121757,NaN, 126.82602784335023, 2.1306011882958646, -13.610981784770257, 2.1306011882958646, 35.14390309292786, 7.077182694774447, -13.610981784770257, 7.077182694774447, 115.49993184179102, 6.483518887904217, 4.138003205907924, 9.0, 0.0
49, 0 ,1.0,1.0,1.0,117.71680519809291,111.09997468461246,51.72513817982364,10.68283862434392,11.59062124037033,9.070845476331831,50.0,50.0,44.0,0.4389626275900224,0.8768770808355839,0.19595508843744788,11.981677255170233,-0.8943309172300118,0.44740413257705614,0.0013238729160027379,10.36108253968571,0.08651024254843492,0.17582982471195474,-0.9806119776323224,8.934940303423634,58.06908566517983,50.54805587671504,46.03828643491664,17.461864295819208,5.082231279799624,47402.0,135135.2331812193, 0.0, 0.0,0.0,NaN, 131.71647037332494,131.71647037332494,0.0, 114.12304107377433, 13.51867136758439, 5.449058160540743, 13.51867136758439, 134.34250073772387, 10.966490235977666, 5.449058160540743, 10.966490235977666, 82.28023765548964, 6.430605442227153, 4.083482633390195, 12.0, 0.0
