// Sample: .//bubblelabels.tif, Map: .//bubblelabels.tif, Thickness:(8.191250068658265):/afs/psi.ch/project/tipl/test/LabelValidation/SmallStep0500//distmap.tif, Neighbors:(1.0):
//LACUNA_NUMBER, TRIANGLES, SCALE_X, SCALE_Y, SCALE_Z, POS_X, POS_Y, POS_Z , STD_X, STD_Y, STD_Z,PROJ_X, PROJ_Y, PROJ_Z, PCA1_X, PCA1_Y, PCA1_Z, PCA1_S, PCA2_X, PCA2_Y, PCA2_Z, PCA2_S, PCA3_X, PCA3_Y, PCA3_Z, PCA3_S,PROJ_PCA1, PROJ_PCA2, PROJ_PCA3,OBJ_RADIUS, OBJ_RADIUS_STD, VOLUME, VOLUME_BOX, Mask_Grad_X,Mask_Grad_Y,Mask_Grad_Z,Mask_Angle, Mask_Distance_Mean,Mask_Distance_COV, Mask_Distance_STD, SHAPET_XX, SHAPET_XY, SHAPET_XZ, SHAPET_YX, SHAPET_YY, SHAPET_YZ, SHAPET_ZX, SHAPET_ZY, SHAPET_ZZ, Thickness, Thickness_STD, Neighbors, Neighbors_STD
1, 0 ,0.3333333432674408,0.3333333432674408,0.3333333432674408,12.441051881055236,280.48897649904234,74.30180765843224,8.599508117824215,11.137175505573456,19.50348270387294,36.0,48.0,90.0,-0.08066114672325043,-0.1210417515036217,0.9893647829805877,19.645619447919557,-0.3205914499932588,-0.9367040128447777,-0.14073632975074346,11.263024279368798,-0.9437769342384408,0.3285338440913291,-0.03675066919206029,8.097405527736322,88.76016623479029,57.30366705588122,41.3161883888065,22.577513064503474,8.284320099610728,71529.0,210145.82719459612, 0.0, 0.0,0.0,NaN, 77.82170925437637,77.82170925437637,0.0, 73.95153986852458, 21.53267582949847, -22.802337905020682, 21.53267582949847, 124.03667824194537, -30.287757757851185, -22.802337905020682, -30.287757757851185, 380.38583758027096, 6.45807130909959, 5.59405894422368, 15.0, 0.0
2, 0 ,0.3333333432674408,0.3333333432674408,0.3333333432674408,108.75502644346344,13.96833340618034,122.10003715197342,15.725613862565321,9.188063949847406,15.727349596400243,74.0,40.0,83.0,0.692546775444711,0.05343782669551712,-0.7193909663730791,16.064265897098124,0.72135399249113,-0.04406719026014433,0.6911631502472354,15.407158164350792,-0.005232718054647927,0.9975983567652039,0.06906618015443193,9.144605749532996,88.1004702547956,77.152357674753,42.622638041460235,22.86561934511416,7.498561714944912,91516.0,289712.84744383016, 0.0, 0.0,0.0,NaN, 164.10724903969944,164.10724903969944,0.0, 247.29493135450662, 1.5679669853703695, -10.247511550875302, 1.5679669853703695, 84.42051914648552, -11.388883827239294, -10.247511550875302, -11.388883827239294, 247.3495253273909, 4.040596316785885, 4.662250484676496, 23.0, 0.0
3, 0 ,0.3333333432674408,0.3333333432674408,0.3333333432674408,163.43389137424856,16.54449182161331,151.7174699426814,15.930757060935598,10.608402138336762,16.676202317676445,79.0,44.0,82.0,-0.36529366788914774,-0.053344127802183894,0.9293626526975984,16.807183928221107,-0.9262966430184126,-0.07825129952263217,-0.36858006356263806,15.83493656892572,-0.09238541731741015,0.9955054686700838,0.020827782288193496,10.544965266151411,85.91874939752967,70.51351412709425,47.72304704310343,24.222740719518175,7.5948516929706305,114448.0,289126.8806528961, 0.0, 0.0,0.0,NaN, 202.26648500187957,202.26648500187957,0.0, 253.7890205345494, 13.452761298776107, -10.505619341654503, 13.452761298776107, 112.53819592866797, -4.4667871605280425, -10.505619341654503, -4.4667871605280425, 278.0957237400773, 3.580603289864379, 4.672957645645885, 32.0, 0.0
4, 0 ,0.3333333432674408,0.3333333432674408,0.3333333432674408,279.04576735688187,14.114311814859926,286.39080389768577,13.046618617817538,8.91894218178996,7.3834641405983925,55.0,37.0,30.0,-0.9696278615729735,-0.18644251043658167,0.15830666556884987,13.32144095887985,0.12707711152115042,-0.9370516724041793,-0.3252469384513428,8.877043101009965,0.2089813814407008,-0.29525133961869776,0.9322839849876755,6.929260153745666,59.92891938275952,46.57352260905754,35.236759025902586,16.50437724953162,5.646491062735135,32840.0,98349.34918929981, 0.0, 0.0,0.0,NaN, 28.696757346784963,28.696757346784963,0.0, 170.21425735878321, 19.73517628935036, -21.142277048057476, 19.73517628935036, 79.54752964211227, 5.562512855301032, -21.142277048057476, 5.562512855301032, 54.515542715502356, 7.302729504684329, 5.459725902935618, 8.0, 0.0
5, 0 ,0.3333333432674408,0.3333333432674408,0.3333333432674408,226.21254901437754,265.38948758302433,218.1610205660327,15.426743389186653,14.366653802202414,15.883975830523262,79.0,72.0,74.0,0.18190161679326017,0.45681209470302186,0.8707666231207045,16.427662419132666,-0.9804459523565637,0.0166403872724942,0.19608373726306794,15.400338229114887,-0.07508352892364858,0.8894075599209048,-0.450906482588034,13.771250165641364,79.02648070957918,76.81342968651379,72.42772259058907,25.384124643090892,7.234089946690927,149956.0,439657.64370508835, 0.0, 0.0,0.0,NaN, 115.49932487904242,115.49932487904242,NaN, 237.9844115958141, 5.890593655914138, 3.5701858645124327, 5.890593655914138, 206.4007414723371, 32.06501528995357, 3.5701858645124327, 32.06501528995357, 252.30068818464713, 3.187795022186097, 3.992737538300629, 31.0, 0.0
6, 0 ,0.3333333432674408,0.3333333432674408,0.3333333432674408,125.18872096296856,154.13249057562504,207.64238187773375,15.573774997161458,15.632439389419467,14.80965867006469,78.0,74.0,73.0,0.5956114741404691,0.5572998185406759,-0.578501412380944,16.522114053932928,0.6664391607400312,-0.7448959606750694,-0.03144602998931349,15.524042031277611,0.4484482321342568,0.3668063794762786,0.8150750045677785,13.865983017798095,85.78272156752844,79.15384528808548,75.07303244896252,25.484734607017554,7.534581664552126,145633.0,509748.3130363405, 0.0, 0.0,0.0,NaN, 213.2591751536906,213.2591751536906,0.0, 242.54246766221135, 2.600864014471244, -28.832484557260816, 2.600864014471244, 244.37316126387327, -24.88087698756981, -28.832484557260816, -24.88087698756981, 219.32598992382228, 3.137571289226271, 3.959796295093963, 40.0, 0.0
7, 0 ,0.3333333432674408,0.3333333432674408,0.3333333432674408,112.04507754989719,112.25531459497473,168.24670728258127,14.461555484194346,14.475766178485284,16.097359650725707,79.0,81.0,74.0,0.36200870504569105,-0.42892376649549896,0.8276316209561211,17.026078296400826,0.9254004118041718,0.27220486715484526,-0.26370170293322476,14.037364104024915,-0.11217742778211423,0.8613529548521489,0.49546676161339115,13.815731904509565,99.33036223286959,75.51912043685846,78.59992932238788,24.874071598803894,7.686998328275962,130819.0,589604.9186792561, -1.4210854715202004E-14, 0.0,0.0,68.77639117254716, 206.18992506876043,206.18992506876043,0.0, 209.13658702243154, -13.81913628881561, 28.158808484659087, -13.81913628881561, 209.5478064541784, -35.59178730336009, 28.158808484659087, -35.59178730336009, 259.124987724812, 3.848360445286934, 4.4660489524316125, 47.0, 0.0
8, 0 ,0.3333333432674408,0.3333333432674408,0.3333333432674408,105.40162143332172,269.7631503942743,287.7675206637743,14.54710795895055,15.717730337369492,6.657264305989282,67.0,67.0,29.0,0.035941247379691954,0.9993510131146545,-0.002404022359650195,15.719183729994931,0.998244214449853,-0.036014566656552775,-0.04702594290322574,14.55834307747667,-0.047082003506526,-7.09630364780791E-4,-0.9988907754957782,6.629213729287696,67.22974281157659,68.169035078607,30.44607138699513,21.246666288489305,7.180789412935487,63154.0,139533.9401135291, 0.0, 0.0,0.0,NaN, 110.33314291528058,110.33314291528058,0.0, 211.61834996936244, 1.25680801532168, -7.9039869860337255, 1.25680801532168, 247.04704695826527, -0.20352512764433203, -7.9039869860337255, -0.20352512764433203, 44.31916803979897, 3.7305256584887796, 4.29666212838875, 20.0, 0.0
9, 0 ,0.3333333432674408,0.3333333432674408,0.3333333432674408,198.92657037285858,126.83709924233942,69.62473034001418,15.504135680946751,13.654270390252302,15.315617566482151,76.0,71.0,81.0,-0.8071720031492684,-0.18555447085625282,0.5603953030471027,16.191621924199826,0.4176083251431647,0.4914690414737176,0.7642391432294127,15.210768616788988,-0.41722493226450263,0.8508981840491616,-0.3192109588950856,12.955669110329355,79.86805971524294,83.8738534232671,72.53172866070761,24.676321573193626,7.243246382828252,133965.0,485878.58548023476, 0.0, 0.0,0.0,NaN, 176.49671667122723,176.49671667122723,0.0, 240.37822321320616, 27.163166090000477, -22.391964525400628, 27.163166090000477, 186.43909989012073, 14.049718136902342, -22.391964525400628, 14.049718136902342, 234.56814144273667, 3.0849285402899693, 4.059368618658673, 37.0, 0.0
10, 0 ,0.3333333432674408,0.3333333432674408,0.3333333432674408,118.32130838904784,33.64434380420119,269.2365210430348,14.844428636869424,14.039489484638352,14.889064706799065,74.0,67.0,64.0,-0.6848096394246619,0.2652603680908158,0.6787287343787571,15.853753905592967,0.44335877024951814,-0.5875191210192298,0.6769448155349348,14.050081276389426,-0.5783327403786678,-0.7644986720440505,-0.28473324682759443,13.798633179245567,80.9413101220338,71.6010986396949,73.49373185729971,24.35416589615061,6.7840384646826575,134914.0,425931.9477225882, 0.0, 0.0,0.0,NaN, 126.80010065629716,126.80010065629716,0.0, 220.35706155510903, -12.893811313639198, -26.222897184091718, -12.893811313639198, 197.10726498927085, 8.186466854499372, -26.222897184091718, 8.186466854499372, 221.68424784324952, 3.295206623639394, 4.136364167174903, 34.0, 0.0
11, 0 ,0.3333333432674408,0.3333333432674408,0.3333333432674408,22.41696283356424,87.62825281609541,220.17352870309017,13.19319255127319,17.85545521993131,13.71917221391295,55.0,87.0,64.0,-0.028400810681709413,-0.9923725202026308,-0.1199590559286814,17.916275288081998,0.5770712191658054,0.08171219204115433,-0.8125957947727274,14.084379342159473,0.8161998541797911,-0.09230329798283657,0.570348927603427,12.717336017765586,86.14991451180742,72.71054349858456,67.90983134000555,24.956880087830307,7.6320006107609135,132808.0,425387.6661156981, 0.0, 0.0,0.0,NaN, 120.63787313277412,120.63787313277412,0.0, 174.0603296949704, 6.216348955303153, -16.63842031701657, 6.216348955303153, 318.8172811109723, 16.526431281250133, -16.63842031701657, 16.526431281250133, 188.21568623500116, 3.431514032564541, 4.1072611962337175, 36.0, 0.0
12, 0 ,0.3333333432674408,0.3333333432674408,0.3333333432674408,98.39910766278183,257.5321052761078,49.92130537124673,13.04269118357225,13.362392934649794,16.987604490227067,82.0,67.0,75.0,-0.14011782087790361,0.14219403133469435,0.9798713454965483,17.151133135486813,0.6195553422085306,0.7845465823800276,-0.025255455186730905,13.768920421303006,-0.7723458902676302,0.6035457874334034,-0.1980260292438732,12.389491804227735,78.60103119846295,65.37326475388443,70.17667911604802,24.19067095306838,7.214948607354788,121927.0,360596.27060652635, 0.0, 0.0,0.0,NaN, 118.22877484386187,118.22877484386187,0.0, 170.1117933100333, 14.736651382007631, -19.877119604153563, 14.736651382007631, 178.55354493997874, 18.883713616542984, -19.877119604153563, 18.883713616542984, 288.5787063163828, 3.807983824092255, 4.087296066453256, 29.0, 0.0
13, 0 ,0.3333333432674408,0.3333333432674408,0.3333333432674408,70.24323169512174,57.44552628229604,137.50244549900907,15.251765492050259,13.152269440491324,12.875253355480067,76.0,65.0,61.0,-0.8984720106638212,0.3142792377741723,0.3065560417897435,15.796308754406784,0.3441801286322511,0.9377057308948196,0.0474130920917328,12.836718759302315,-0.27255840678356785,0.14810983407963577,-0.950671021931617,12.532596389320334,82.09654218353805,66.4578053911901,62.69886406598032,22.96194628043598,6.642267236558587,109998.0,342082.24508138746, 0.0, 0.0,0.0,NaN, 164.74532651044302,164.74532651044302,0.0, 232.61635062449506, -23.617239001462497, -25.339823717939865, -23.617239001462497, 172.98219143528195, 9.250755954017848, -25.339823717939865, 9.250755954017848, 165.77214896780072, 2.84424962827739, 3.7325437565380204, 30.0, 0.0
14, 0 ,0.3333333432674408,0.3333333432674408,0.3333333432674408,232.11118934547798,122.97462210303965,12.096522898533355,13.565987826827037,15.8990185224851,7.6984884320543765,70.0,84.0,34.0,0.2927187620650493,0.9518371224865235,-0.09122400227834887,16.17906553634551,-0.9561046931494911,0.2926918798863088,-0.013974232935514747,13.295691189017111,-0.013399331051306097,-0.09131021687190177,-0.9957323446700845,7.585774450334548,85.23829298739724,63.68013561882603,36.303417314170574,21.108956673420273,7.105877003864668,66751.0,197054.4430156465, -2.8421709430404007E-14, 1.4210854715202004E-14,0.0,87.79102724386667, 140.9892696615799,140.9892696615799,0.0, 184.03602571761937, 23.5331808474951, -3.860202737830371, 23.5331808474951, 252.7787899783243, -18.220019029076852, -3.860202737830371, -18.220019029076852, 59.266724138475055, 3.805218413162995, 4.233321392074233, 28.0, 0.0
15, 0 ,0.3333333432674408,0.3333333432674408,0.3333333432674408,202.33329581523085,192.58323391036174,14.820824797965019,16.306478769238748,15.958186302772196,8.584259762987848,86.0,88.0,39.0,0.8772238588305072,0.47952891979616996,0.02302860346684841,16.456736335676784,-0.47955756402445554,0.8774982479323101,-0.0046225169179102575,15.806617499762888,0.02242418973887243,0.0069885588532084195,-0.9997241198249198,8.577945441554021,76.83123500070548,82.1850751011176,40.109295653979274,23.075067564688997,7.861026172772691,88846.0,253265.36712683173, 0.0, 2.8421709430404007E-14,0.0,61.345360455047974, 145.93424406616575,145.93424406616575,0.0, 265.9012498516341, 8.795604500442996, 4.375298112269072, 8.795604500442996, 254.66371007398615, 1.4631440989920679, 4.375298112269072, 1.4631440989920679, 73.6895156784522, 3.208437713170726, 4.049677866836134, 27.0, 0.0
16, 0 ,0.3333333432674408,0.3333333432674408,0.3333333432674408,267.5474515745049,104.70693106806623,106.82771525448184,13.967413453593252,14.062427659048016,13.977057836431465,66.0,83.0,73.0,0.6569055833165249,0.5431826233080961,0.5229031385865945,15.12665048077444,0.05271470436444932,-0.724921215588302,0.686811758150476,13.783941782113535,-0.7521277913701535,0.42360579425465156,0.5048385053881499,13.01483961454453,72.20698298133928,72.4515094680022,66.05245855515601,23.25991874717318,6.868393981663723,110892.0,345553.7613234022, 0.0, 0.0,0.0,NaN, 153.06492106127558,153.06492106127558,0.0, 195.0886385836178, 20.417988932653692, 21.160138353812727, 20.417988932653692, 197.75187166595867, 6.6179789169229455, 21.160138353812727, 6.6179789169229455, 195.35814576295024, 2.801511005221286, 3.788478820943453, 44.0, 0.0
17, 0 ,0.3333333432674408,0.3333333432674408,0.3333333432674408,73.11932064175356,221.69286624361402,19.04772330871711,14.30167241739232,11.915718785547902,11.424394547649678,66.0,59.0,47.0,-0.9210078236910486,-0.3744265522865,0.10746788191233343,14.698709137429406,0.3419169319022088,-0.6448423465305857,0.6835723515470096,12.181579016351778,-0.18664779767910122,0.6663205722951778,0.7219276241824856,10.611129122419278,68.09604855259447,62.78798353865591,60.4272608073143,20.949447572612833,6.177347755578935,80841.0,258363.61664213, 0.0, 0.0,0.0,NaN, 108.8175445941395,108.8175445941395,0.0, 204.53783393440028, 27.78464655575872, -1.873805853909326, 27.78464655575872, 141.98435417625916, -19.94116943095532, -1.873805853909326, -19.94116943095532, 130.5167907803677, 3.7464841215421254, 4.131604950053316, 20.0, 0.0
18, 0 ,0.3333333432674408,0.3333333432674408,0.3333333432674408,87.36069708347556,287.4332878218986,172.73023097053135,10.99040063979563,7.463455430407446,15.428903191720075,57.0,30.0,71.0,0.1675730783577603,-0.015453593962145063,0.9857385301606898,15.541286850442194,0.9736345829824327,-0.15438038816271463,-0.16793568581857088,10.90399496034321,-0.15477390681354586,-0.9878906225814588,0.010823843369579086,7.356250663310135,70.15500871976673,52.670288044288185,33.27174980695611,19.322057476734216,6.418817784462555,52734.0,122941.92756583546, 0.0, 0.0,0.0,NaN, 154.8786872319504,154.8786872319504,0.0, 120.7889062232202, -10.222827163885329, 20.365689625470676, -10.222827163885329, 55.7031669616784, -1.1754095544747696, 20.365689625470676, -1.1754095544747696, 238.0510536994699, 4.3634651990670745, 4.269681463556993, 14.0, 0.0
19, 0 ,0.3333333432674408,0.3333333432674408,0.3333333432674408,227.7619422467566,97.42208892166046,133.91355945714344,13.541843661247633,12.654491522593398,13.680748086808768,68.0,59.0,70.0,0.5119516179236907,0.4748183818935868,0.7158582577027885,15.042198938114183,-0.8570350097250113,0.33886667202273835,0.3881499332704865,12.97293452978436,-0.05827978218014357,-0.8122295751868371,0.5804193175462418,11.666866522246146,73.09789764509358,61.25535022887158,59.41552486373081,22.169349881806504,6.261028627455879,100358.0,266041.1715911665, 0.0, 0.0,0.0,NaN, 180.67164084134163,180.67164084134163,NaN, 183.38152974567268, 12.56840636947121, 22.333972867042117, 12.56840636947121, 160.1361556953882, 34.87573109662819, 22.333972867042117, 34.87573109662819, 187.16286821472175, 3.5311740242403147, 3.9833710109207976, 25.0, 0.0
20, 0 ,0.3333333432674408,0.3333333432674408,0.3333333432674408,256.114482421875,36.333447265625,262.44580078125,13.359243392103624,13.909818166913482,13.707611934421214,79.0,69.0,79.0,-0.6196099492632647,0.14646598984713158,-0.7711233523840884,14.440890365830912,0.1932151147517792,0.9806661015027273,0.03101478348948545,13.920370773964898,-0.7607571427238996,0.12977561859433717,0.6359299164318544,12.55129528567245,73.53716193109415,69.96778042484979,66.83965391834681,22.693776454521913,6.696533478075965,102400.0,343905.52614686894, 0.0, 0.0,0.0,NaN, 68.23764300051282,68.23764300051282,0.0, 178.46938400946433, 2.2383300557139965, 24.586815209386994, 2.2383300557139965, 193.48304143659635, -4.658299489020904, 24.586815209386994, -4.658299489020904, 187.8986249446869, 3.188754169823369, 3.7554087816593222, 24.0, 0.0
21, 0 ,0.3333333432674408,0.3333333432674408,0.3333333432674408,52.13730517115805,63.038951201748,281.10148579752365,14.698489382106557,11.3615096529844,9.75144260599604,73.0,58.0,41.0,-0.97808729162844,-0.18732324766827,0.09085841093677276,14.828160688286422,0.20756222764151222,-0.911361545178539,0.35544064993508967,11.48065071767777,0.016222564884642264,0.36651075680366885,0.9302723759930555,9.409592675022333,70.84400897166603,57.506268380815925,48.952881738554254,20.05863312219784,6.153971228226027,68650.0,199432.79646177942, 0.0, 7.105427357601002E-15,0.0,79.20338696296895, 83.96047759623589,83.96047759623589,0.0, 216.04559011589916, 15.878628491949339, -8.479397015694964, 15.878628491949339, 129.08390159485774, -16.250304049855533, -8.479397015694964, -16.250304049855533, 95.09063289803485, 3.7246750896418086, 4.043398854099852, 18.0, 0.0
22, 0 ,0.3333333432674408,0.3333333432674408,0.3333333432674408,133.90911905499058,252.91962180571102,252.99042606396912,13.820119177133634,13.458741396007543,10.911858890332807,64.0,63.0,48.0,0.8960962530823139,-0.41078983390215723,0.1681166784542101,14.068934868154473,-0.38550987210495813,-0.9080292640240404,-0.16390544281865496,13.350652931228579,-0.2199855534380773,-0.08206441396000136,0.9720451575106707,10.725074193814427,67.54874511016357,70.6069785757175,50.99420610184933,21.25881467527658,6.266169250794691,83978.0,243212.4192473112, 0.0, 0.0,0.0,NaN, 149.52629942136625,149.52629942136625,0.0, 190.99569407017682, -8.391048207611647, 16.484173613567958, -8.391048207611647, 181.13771996460707, 3.6823498527208245, 16.484173613567958, 3.6823498527208245, 119.06866444253512, 3.537944153055221, 3.9587795643865, 26.0, 0.0
23, 0 ,0.3333333432674408,0.3333333432674408,0.3333333432674408,178.44447005016752,272.60546701884385,285.80243214975803,11.771219427992076,15.265637162271092,7.548937569401498,56.0,60.0,31.0,0.07787059128855449,-0.9969126805737022,0.010063713217641214,15.284601583268826,-0.9870130547268431,-0.07851207773583119,-0.14014664979366845,11.817653244022189,0.14050409535368444,9.802861617039756E-4,-0.990079612065557,7.437188276731981,62.499976676651016,56.25278665594044,34.88308368060015,19.672699251244985,6.447685428803804,56411.0,122641.87074490887, 0.0, 0.0,0.0,NaN, 125.41043908503987,125.41043908503987,0.0, 138.56160682193808, -7.305913289313619, 11.806910331479667, -7.305913289313619, 233.0396779701122, -0.8608262586195734, 11.806910331479667, -0.8608262586195734, 56.98645842672139, 3.8680902052024138, 4.202721480810634, 15.0, 0.0
24, 0 ,0.3333333432674408,0.3333333432674408,0.3333333432674408,73.142201326207,34.1152558160165,31.515291299815928,12.918913316752816,12.266840358044094,13.501008175908481,60.0,57.0,69.0,0.4069463035195766,0.176863523374285,0.8961662792983154,13.612753809211824,-0.7827888112859991,-0.4381130422679207,0.441926056167997,13.043279427801245,-0.47078273436608215,0.8813491114730762,0.03984169585263627,12.009026226948878,67.52227540771815,64.39027085367294,55.46691321059802,21.4860749869132,6.164373210490166,90182.0,241157.8029179503, 0.0, 0.0,0.0,NaN, 86.64205606948568,86.64205606948568,0.0, 166.89832128577325, 11.84341619630731, 6.02198780655983, 11.84341619630731, 150.47537236973935, 1.4961750929199475, 6.02198780655983, 1.4961750929199475, 182.27722176594767, 2.969052607925949, 3.6552910380969514, 27.0, 0.0
25, 0 ,0.3333333432674408,0.3333333432674408,0.3333333432674408,238.1527321311891,35.09456889573723,93.07980378197564,14.551711230325944,12.927610898667064,13.09009504249606,70.0,68.0,71.0,0.8745374304450039,-0.2443055323648532,0.41892611473453856,15.119901885982893,-0.010364277886872815,-0.8730581350795669,-0.48750597382521643,12.833217540868572,0.4848472589326807,0.4220003550085171,-0.7660540685083213,12.52689530596882,73.13204423767212,62.54072905233462,60.815552537342626,22.512185642343653,6.589955167094509,102539.0,278154.0000414946, 2.8421709430404007E-14, 0.0,-1.4210854715202004E-14,52.90010336751514, 117.13480772556542,117.13480772556542,0.0, 211.7522997307942, -15.24622868836379, 26.303457152600195, -15.24622868836379, 167.12312354733544, -4.030630855321584, 26.303457152600195, -4.030630855321584, 171.35058822157993, 3.982990857351319, 4.030877725123047, 25.0, 0.0
26, 0 ,0.3333333432674408,0.3333333432674408,0.3333333432674408,288.9651237890204,55.86021528525296,158.60269106566201,6.680507610026864,14.244046498944552,12.812380200698433,29.0,67.0,60.0,-0.05486152361013791,0.9400500807450511,0.3365947993038466,14.46707083918563,0.040597693648942196,-0.3347236809459921,0.9414413867492506,12.58730305597678,-0.9976683018406275,-0.06531388141266974,0.019800414067660164,6.62893597117614,65.82765922521077,59.026488934604174,31.05611314750928,19.18068932860006,6.616667278826784,46450.0,120670.87544101833, 0.0, 0.0,0.0,NaN, 152.43139807329416,152.43139807329416,0.0, 44.62918192762684, -10.083604978210865, 1.3226988057345932, -10.083604978210865, 202.89286066409454, 16.23970447985677, 1.3226988057345932, 16.23970447985677, 164.1570864072492, 3.6889083434068732, 4.035870551779998, 15.0, 0.0
27, 0 ,0.3333333432674408,0.3333333432674408,0.3333333432674408,17.359901947021154,100.34485923782167,156.0466723540274,10.651990958191528,15.287393275663309,14.033965057032598,44.0,78.0,68.0,-0.05651351702475733,0.98015294733943,-0.19001689981504982,15.345939557945687,-0.017401293226342318,-0.191259133680042,-0.9813853161618076,13.984805027303821,-0.998250177754827,-0.05215499598111475,0.027864655150684453,10.632443143152818,80.06798075010954,72.29811766895048,45.62486638090169,22.289071950147314,6.878862650277149,92603.0,264111.59741455206, 0.0, 0.0,0.0,NaN, 176.33212274403428,176.33212274403428,0.0, 113.46491137339407, -6.508023159919965, 2.7242476354435117, -6.508023159919965, 233.70439316479573, -7.315567331790884, 2.7242476354435117, -7.315567331790884, 196.95217522201196, 3.035620022197638, 3.871483162432483, 30.0, 0.0
28, 0 ,0.3333333432674408,0.3333333432674408,0.3333333432674408,79.97424258418664,9.625292937823287,267.76685316161723,13.747244535247605,6.235451470576807,13.949522458033949,64.0,26.0,63.0,0.6825442993783435,-0.00861582065587744,0.7307934366293609,15.241118711093298,-0.7299565307233972,0.04123214370049009,0.6822487622415476,12.308142792389242,0.036010312972644676,0.9991124451032968,-0.021853590078618902,6.218897458354304,71.39768023701461,58.32667933920975,26.98150130149429,19.411829736767814,6.755562924845695,47365.0,112361.48343250563, 0.0, 0.0,0.0,NaN, 86.76117505058347,86.76117505058347,0.0, 188.98673231189514, -4.534089361677477, 40.39239017960867, -4.534089361677477, 38.880855041918466, 1.954483477512624, 40.39239017960867, 1.954483477512624, 194.5891768071935, 3.7993156165435122, 4.161193165290276, 15.0, 0.0
29, 0 ,0.3333333432674408,0.3333333432674408,0.3333333432674408,260.78824115078663,274.3847190964624,54.52194024123376,13.820761723552458,13.044044743770408,13.552435357399,74.0,53.0,74.0,0.665721012764719,0.4120728608958034,0.6221024758644389,15.821652436862712,0.3652872907089937,-0.9069349997214129,0.20984304021531078,12.40444245396485,0.6506771306954013,0.08754920669811359,-0.7542906654576415,11.85892843331835,81.10823099036566,59.43443833096424,60.68100478399063,22.36427470665807,6.683433164034261,96421.0,292520.1959237863, 0.0, 0.0,0.0,NaN, 71.8773025056218,71.8773025056218,0.0, 191.0134546192127, 25.7059270751349, 46.44253820065748, 25.7059270751349, 170.14710327748443, 25.600332155354543, 46.44253820065748, 25.600332155354543, 183.66850411647857, 2.779473678028488, 3.5744618573062157, 31.0, 0.0
30, 0 ,0.3333333432674408,0.3333333432674408,0.3333333432674408,9.477816067197933,171.01553413741115,95.06297113934956,6.0611601268869455,12.10631395259981,12.673403867369068,25.0,62.0,61.0,0.11820549694866604,0.620685636353131,0.7750979301456227,13.607647711849623,-0.05585691310369921,-0.7751782590806244,0.629268362391801,11.153394044534481,-0.9914168980553258,0.11767755722159713,0.05696074768393588,5.8608352839555895,61.52921885222014,58.44523563264326,28.11857449200317,17.576553188588093,5.91442670060624,37144.0,101116.91594377048, 0.0, 0.0,0.0,NaN, 160.51102738784581,160.51102738784581,0.0, 36.73766208376418, 14.964363023078459, 10.653009590211772, 14.964363023078459, 146.56283751891286, 28.63231385022065, 10.653009590211772, 28.63231385022065, 160.61516558544523, 4.646632979934281, 4.203696577512767, 14.0, 0.0
31, 0 ,0.3333333432674408,0.3333333432674408,0.3333333432674408,86.20830351504947,60.13305619869501,219.73561355504106,13.063504384187508,13.795023785048505,12.92061072375147,74.0,66.0,61.0,0.20014838913527278,0.8027159409707445,0.5617719648024528,14.608303999055957,0.9761469175414974,-0.21260872927495325,-0.04398549318039315,13.001738574323321,0.08412976703158179,0.5571755974085214,-0.8261219861204938,12.060358942277821,71.27890535081144,71.41378500089735,60.389322112532355,22.04477189725178,6.47518659952175,95020.0,307399.55026568926, 0.0, 0.0,0.0,NaN, 132.25062485343506,132.25062485343506,0.0, 170.65514679568628, 6.020631642383022, 6.627183760314378, 6.020631642383022, 190.302681230054, 30.862362006142305, 6.627183760314378, 30.862362006142305, 166.94218147472145, 2.7377692397610938, 3.53980337160317, 29.0, 0.0
32, 0 ,0.3333333432674408,0.3333333432674408,0.3333333432674408,165.38847433460077,102.40851948669201,211.83319866920152,14.61283260236438,11.313723040374997,12.871468305032046,67.0,56.0,62.0,0.8952671610849998,0.07914453396131405,0.4384436714412138,15.163946121653582,0.4062343960177781,0.2590918310217096,-0.8762676751939954,12.315359535392881,0.1829489704121775,-0.9626045739772195,-0.19980517606723758,11.206987086638174,73.44581839431171,66.32790904580561,60.31942648083516,21.564880685942505,6.493521619858524,84160.0,293846.5422521321, 0.0, 0.0,0.0,NaN, 190.7384401800725,190.7384401800725,0.0, 213.53487666472336, 10.137759789711147, 31.678712009376287, 10.137759789711147, 128.00032903431207, -2.298172569460709, 31.678712009376287, -2.298172569460709, 165.6746963274445, 3.253062599260686, 3.770175310888625, 28.0, 0.0
33, 0 ,0.3333333432674408,0.3333333432674408,0.3333333432674408,146.66036275956384,288.412297117357,25.700903300104365,13.917714644448385,7.421165958319288,14.00793595324572,68.0,33.0,62.0,-0.6918995765518147,-0.10435569671243053,0.7144122511065181,14.87117953369134,-0.7149440386137577,-0.03890942039329674,-0.6980981869732277,13.068350021453023,-0.10064788928770073,0.9937786199996055,0.047687071765938935,7.284572861119098,80.24982487474378,65.73694998436787,36.47120265182946,19.934760613641657,6.899570570133809,55574.0,192399.40650980608, 0.0, 0.0,0.0,NaN, 149.3454830026827,149.3454830026827,0.0, 193.70278092429302, 15.41114744467042, -24.333077522052253, 15.41114744467042, 55.073704180917034, -9.333893499033397, -24.333077522052253, -9.333893499033397, 196.2222696702341, 4.038042824403136, 4.144476694828914, 15.0, 0.0
34, 0 ,0.3333333432674408,0.3333333432674408,0.3333333432674408,21.136156396794696,288.01234226766144,21.704061895551256,12.07676307595676,7.123522623866262,12.85106856403765,50.0,27.0,51.0,0.6200042502002182,0.09700397705789714,0.7785788066526184,14.04853073881193,-0.7731492029134164,-0.09337009931712235,0.6273135855278912,10.752583935743774,-0.13354789316201637,0.9908946730043825,-0.017108689123512162,6.9830843463733805,63.03569230492319,58.510071873470054,30.66981557686836,18.074045029834423,5.922131412136207,43428.0,113117.11576156275, 0.0, 0.0,0.0,NaN, 32.58078187986565,32.58078187986565,0.0, 145.84820639279258, 13.763263796889365, 39.30648157897413, 13.763263796889365, 50.74457457273447, 7.3070512762268915, 39.30648157897413, 7.3070512762268915, 165.1499632375967, 4.137920957301256, 4.227584846089383, 8.0, 0.0
35, 0 ,0.3333333432674408,0.3333333432674408,0.3333333432674408,288.17220283073146,26.634210425376857,26.849123547236392,7.55296944591085,13.370180748822131,13.513241200965496,33.0,62.0,59.0,0.03209600540901843,-0.6879049051122161,0.7250908135946398,14.444427846602707,0.14491021429778594,-0.7145964520215536,-0.6843631642266965,12.449523868430145,-0.9889241003378136,-0.12703838900410824,-0.07674875562696022,7.4016638734938835,77.56602089494737,65.00476222955336,37.03317790403696,19.38751434916676,6.5223504830209,52142.0,186727.23590398778, 0.0, 0.0,0.0,NaN, 39.625161023210666,39.625161023210666,0.0, 57.047347450862844, -13.773571696702463, -6.3569153528947, -13.773571696702463, 178.76173325617393, -27.737709842038285, -6.3569153528947, -27.737709842038285, 182.6076877554714, 3.7731215341919646, 4.054859685638671, 13.0, 0.0
36, 0 ,0.3333333432674408,0.3333333432674408,0.3333333432674408,184.3472072924281,283.18926201430395,119.68294850295968,13.01605742826637,9.1281862866301,14.303345075608668,67.0,36.0,76.0,-0.4567237484305299,0.040035514395542135,0.8887072494396845,14.721477018147489,-0.8747741528948183,0.16146246424199628,-0.4568370103965463,12.631116362261203,0.16178256719040554,0.9860664431101924,0.038721708708366276,9.003345492563383,77.16609707922032,60.51986743252735,40.24259957391092,20.38766753697727,6.4552481449550845,69771.0,187936.2385157622, 0.0, 0.0,-1.4210854715202004E-14,27.288752713683802, 167.2787420297224,167.2787420297224,0.0, 169.41775097592816, -13.566049967701588, -23.69936545963502, -13.566049967701588, 83.32378488342181, -0.962381719934852, -23.69936545963502, -0.962381719934852, 204.58568035193875, 3.7324414672938837, 4.106007926136659, 26.0, 0.0
37, 0 ,0.3333333432674408,0.3333333432674408,0.3333333432674408,186.36539599566032,14.854818029391458,11.262747805503501,15.155356666942689,9.929653406875294,6.913988643541624,71.0,38.0,30.0,-0.9785692798163292,0.18850768778110116,-0.08286746193273804,15.346723094338653,-0.20448870723760532,-0.9369453239299275,0.28340400240317143,9.932110262784205,-0.02421844776288874,0.2942759106914238,0.9554136042440938,6.474362319142031,71.08389700132679,46.467248041674274,30.013181739797396,18.23600781836481,6.598038367157757,40556.0,99135.73246167402, 0.0, -1.7763568394002505E-15,0.0,79.13429263761462, 115.15354242940073,115.15354242940073,2.3360154559928683E-6, 229.6848357022442, -24.844746729893295, 12.412055929337503, -24.844746729893295, 98.59801678067014, -18.087926346809013, 12.412055929337503, -18.087926346809013, 47.80323896302255, 4.148636376006661, 4.174603779886882, 15.0, 0.0
38, 0 ,0.3333333432674408,0.3333333432674408,0.3333333432674408,107.00123146337172,35.94324920058365,163.79434561692176,11.808001506756192,12.12622804615219,16.233778448053496,63.0,65.0,80.0,-0.1211896442357676,-0.2435039034546099,0.9622987681236926,16.525013815265808,-0.6439280863062129,-0.7184963951241836,-0.262905971517521,12.040437752646284,-0.7554268262353584,0.6515126853683827,0.06972468004983846,11.487456030003111,84.04373611597694,67.90680567248273,59.02038904889171,22.432420252143785,6.840788736880085,96633.0,336837.7209188714, 0.0, 0.0,0.0,NaN, 176.89873087078908,176.89873087078908,1.9073486328125E-6, 139.4288995835565, 10.183744200688452, -14.254276770135547, 10.183744200688452, 147.04540662728797, -30.608785907886283, -14.254276770135547, -30.608785907886283, 263.53556270048614, 3.2010963150480185, 3.7101898129065627, 24.0, 0.0
39, 0 ,0.3333333432674408,0.3333333432674408,0.3333333432674408,232.08297867445765,84.2561020497366,280.0440543835837,13.206179496086698,14.30100673776201,11.24568787470455,63.0,68.0,52.0,-0.22679496234119095,0.9085137745296761,0.3509512310086676,14.746495571847133,0.9449035556861402,0.29258671475030784,-0.14680015259975532,13.259331711563231,0.23605362845833844,-0.2983215309719753,0.9248150888962561,10.588600345837914,66.17505865827603,63.28942095755508,51.29663557918718,21.552779890191836,6.392585187274519,86938.0,214839.60189952567, -2.8421709430404007E-14, 0.0,0.0,76.89154911282388, 110.04568271311312,110.04568271311312,0.0, 174.40317688286072, -4.096534544006137, -17.219245995113482, -4.096534544006137, 204.51879371351444, 30.851585372903386, -17.219245995113482, 30.851585372903386, 126.46549577527695, 3.0259647554020126, 3.8070428915603047, 20.0, 0.0
40, 0 ,0.3333333432674408,0.3333333432674408,0.3333333432674408,256.6479490869839,10.903706035801026,25.88335432220923,14.04433384004453,7.047669306048249,11.394578569282261,70.0,30.0,47.0,0.9864459597989725,0.06219235138398009,0.15184360317648,14.12878772197455,0.14504164777840345,0.10223231702391207,-0.9841298053436084,11.352773498755218,0.07672867003936855,-0.9928145168082776,-0.09182617496517978,6.945593410423874,70.26704093303618,53.33239553311747,32.74169404429083,18.346998962483728,6.335377297384781,44468.0,122699.8134055017, 0.0, 0.0,0.0,NaN, 51.65500125495045,51.65500125495045,0.0, 197.24331301061994, 10.48294319489214, 11.163598810699508, 10.48294319489214, 49.66964264741461, -6.6840306915599745, 11.163598810699508, -6.6840306915599745, 129.83642077154659, 4.699052877796552, 4.086599606811246, 11.0, 0.0
41, 0 ,0.3333333432674408,0.3333333432674408,0.3333333432674408,151.50246396224793,96.56714143511975,158.91208386074004,11.95909813553868,12.45243289831101,13.119573114301994,56.0,64.0,65.0,0.35346174756351123,0.5913937293341323,0.724788417342341,13.523931762395721,-0.5318682597464173,-0.510327294402638,0.6757826624455532,12.71055338471941,-0.7695329409997117,0.6243552750573587,-0.13416237633697384,11.21389380831479,68.536384042415,69.45505858728565,52.11332549479907,20.82328288128063,6.049562137044136,81373.0,248069.7774475622, 0.0, 0.0,0.0,NaN, 226.45646622420114,226.45646622420114,0.0, 143.0200282154447, 21.66429022086274, 1.7698453686841145, 21.66429022086274, 155.06308508693832, 12.145814088541153, 1.7698453686841145, 12.145814088541153, 172.12319870151572, 2.7623575344159295, 3.456706227431241, 24.0, 0.0
42, 0 ,0.3333333432674408,0.3333333432674408,0.3333333432674408,177.43099960150815,285.2161205284615,244.6309352297459,14.228419379412522,8.681517743809996,12.999642130713866,68.0,38.0,60.0,0.9599609584989096,0.15208496102805952,-0.23525544156713646,14.412539620153947,-0.23798818285933115,-2.4146224929348648E-4,-0.9712680199179293,12.917085479501834,-0.1477720642650981,0.9883673944060863,0.035962629183027006,8.499115737057371,68.41431178282402,63.97041399321347,39.9981608215719,20.169230444851905,6.325306882803982,65246.0,175051.62476292413, 0.0, 0.0,-2.8421709430404007E-14,76.39331934685526, 135.30504899835435,135.30504899835435,0.0, 202.44791803644182, 19.78584855192861, -8.72714847800152, 19.78584855192861, 75.36875033608781, -4.825350483931892, -8.72714847800152, -4.825350483931892, 168.99069552663093, 3.4697760900037355, 3.987910828459311, 13.0, 0.0
43, 0 ,0.3333333432674408,0.3333333432674408,0.3333333432674408,49.08045057321815,106.12770825259105,260.2559040844137,14.298077211515828,11.522294900993101,11.3590152815192,67.0,55.0,53.0,-0.9361162245612201,0.3074522723741237,0.17076157157052216,14.74548781863235,0.08096869430003398,0.6609108379782808,-0.7460837317528068,11.741046886583664,0.34224331206992853,0.6845947446882971,0.6435833674735317,10.532992304911062,68.04001120558074,55.3801700678396,49.276168659174346,20.737746781955433,6.014264568939097,79987.0,185675.92432647836, 0.0, 0.0,0.0,NaN, 123.49726412987664,123.49726412987664,1.3486991523486091E-6, 204.43501194646822, -29.207756292965293, -18.647502003865625, -29.207756292965293, 132.7632797854516, -7.677723382828094, -18.647502003865625, -7.677723382828094, 129.0272281657867, 2.9530145570412056, 3.6015525891573272, 23.0, 0.0
44, 0 ,0.3333333432674408,0.3333333432674408,0.3333333432674408,57.473282304616106,133.4011725747788,283.3135189910066,12.28900626708818,12.245239693701144,9.177782496169234,62.0,61.0,39.0,-0.7013043106419549,0.7023077655933453,-0.12221320003295454,12.737584648400471,0.7122137731731332,0.6976025358920444,-0.0781168561802006,11.843099947081193,-0.030394163543377317,0.14182561230000562,0.9894249291978783,9.093524218035332,62.60639611497278,61.377760274864045,42.48779730332109,18.754077417617857,5.786349622147534,55263.0,163265.32525285336, 0.0, 0.0,0.0,NaN, 146.21042942162336,146.21042942162336,NaN, 151.01967503253255, -10.581160427290223, 3.615672525744483, -10.581160427290223, 149.9458951561941, -9.965288095662586, 3.615672525744483, -9.965288095662586, 84.23169154699038, 3.983689751056421, 3.988483860046007, 15.0, 0.0
45, 0 ,0.3333333432674408,0.3333333432674408,0.3333333432674408,289.1285130514553,38.977545659244434,65.18849553832041,6.22784095423074,15.783626299379328,12.49130363145111,24.0,71.0,58.0,0.028195136161819564,-0.9082794596243372,0.4174128142754345,16.563058494536268,0.032867008026383294,-0.416510681565852,-0.9085365220644369,11.450246347956263,-0.9990619570778431,-0.03933542126469872,-0.018108852910070698,6.204714368964953,78.80347480867427,49.37831279511326,26.357643934590328,19.854471871136383,7.052763659798764,47964.0,102562.40620500463, 0.0, 0.0,0.0,NaN, 76.72664624913878,76.72664624913878,9.5367431640625E-7, 38.78600295119366, -7.307326149686928, 0.010155814815164562, -7.307326149686928, 249.12285915845877, -54.36717100961627, 0.010155814815164562, -54.36717100961627, 156.0326664131037, 3.2471120452268956, 3.8896331986672563, 12.0, 0.0
46, 0 ,0.3333333432674408,0.3333333432674408,0.3333333432674408,83.06914425941235,212.29424038423684,66.22394131464641,11.616297642356523,12.25864723390675,12.649637365508541,53.0,58.0,60.0,0.40182466351849205,-0.42084684852034265,0.8132803144542148,13.229193973976304,-0.3110856950118527,-0.8980517355125909,-0.3110124928388193,12.056474998030312,0.8612564253155063,-0.1280273815764416,-0.49177877081004306,11.173896626550484,62.34116658922783,59.55728254507591,57.223012912546125,20.293585852390297,5.778970639455883,76203.0,212461.63500445764, 0.0, 2.8421709430404007E-14,0.0,65.1119358759618, 137.76208985426587,137.76208985426587,0.0, 134.9383709158177, -2.7538069706513193, 18.374316670119885, -2.7538069706513193, 150.2744320053696, -11.44009044469378, 18.374316670119885, -11.44009044469378, 160.01332547886986, 3.6171048586989425, 3.768508147024485, 21.0, 0.0
