// Sample: .//bubblelabels.tif, Map: .//bubblelabels.tif, Thickness:(8.191250068658265):/gpfs/home/mader/Foam/NewValid/InSilicoTest/LatticeDataPhi_16.0/out_Step_02000.vtk/distmap.tif, Neighbors:(1.0):
//LACUNA_NUMBER, TRIANGLES, SCALE_X, SCALE_Y, SCALE_Z, POS_X, POS_Y, POS_Z , STD_X, STD_Y, STD_Z,PROJ_X, PROJ_Y, PROJ_Z, PCA1_X, PCA1_Y, PCA1_Z, PCA1_S, PCA2_X, PCA2_Y, PCA2_Z, PCA2_S, PCA3_X, PCA3_Y, PCA3_Z, PCA3_S,PROJ_PCA1, PROJ_PCA2, PROJ_PCA3,OBJ_RADIUS, OBJ_RADIUS_STD, VOLUME, VOLUME_BOX, Mask_Grad_X,Mask_Grad_Y,Mask_Grad_Z,Mask_Angle, Mask_Distance_Mean,Mask_Distance_COV, Mask_Distance_STD, SHAPET_XX, SHAPET_XY, SHAPET_XZ, SHAPET_YX, SHAPET_YY, SHAPET_YZ, SHAPET_ZX, SHAPET_ZY, SHAPET_ZZ, Thickness, Thickness_STD, Neighbors, Neighbors_STD
1, 0 ,1.0,1.0,1.0,169.2431786360687,64.79314505572061,165.82630422657058,13.502340397897193,13.327474992726826,13.292521366251595,63.0,65.0,64.0,-0.4921819096942069,-0.6661121100300965,0.5604030912129379,15.170595442806187,0.8130935863896132,-0.12188974573302883,0.5692290485008781,13.10497047899975,-0.31086297229139576,0.7358243994027319,0.6016034123089472,11.60769972173444,74.32940256457098,61.71369270353267,67.55098693947295,22.058104095179637,7.075729920014597,87849.0,309865.9631645828, 0.0, 0.0,0.0,NaN, 79.44794012080705,79.44794012080705,0.0, 182.31319622068654, 27.612301132336842, -9.189863711510453, 27.612301132336842, 177.6215896817589, -38.18236291357524, -9.189863711510453, -38.18236291357524, 176.69112427225517, 5.875070007923819, 4.046543389260388, 35.0, 0.0
2, 0 ,1.0,1.0,1.0,41.76244253713496,8.937182791698776,26.2049796720963,14.041568010447138,5.901604868950455,12.062282223013897,73.0,23.0,54.0,0.868637514598399,-0.023504278097793364,0.4948903081930558,14.914891263879062,-0.49031712981752223,0.10260235829932013,0.8654836037031117,11.01067328866981,0.07111948003060298,0.9944447219340649,-0.07759970732971297,5.814147999982998,78.75213811966785,54.06981201399873,25.278884509939363,18.23580117277009,6.704385149741161,37633.0,107640.35443777776, 0.0, 0.0,0.0,NaN, 50.10664429528998,50.10664429528998,0.0, 197.1656321920124, -8.250035496564546, 43.99459299733472, -8.250035496564546, 34.82894002921972, 5.569515370680783, 43.99459299733472, 5.569515370680783, 145.49865242763707, 6.250635138208593, 4.245472028025812, 17.0, 0.0
3, 0 ,1.0,1.0,1.0,169.93220071118134,40.10027657052549,11.997412090082971,14.735132407989145,11.203786503039513,8.224911160076664,65.0,60.0,31.0,0.9406350078592138,0.33125839111838534,0.07398418954990033,15.192287619183606,0.33610543811657473,-0.939439881367693,-0.06697644186070373,10.627824922352533,0.047317189880232535,0.0878668743583942,-0.9950077868701954,8.157319228376377,73.47850201920372,64.09504826342496,34.792649277504516,19.12387656853451,6.6764861768225945,50620.0,163859.7440144771, 0.0, 0.0,0.0,NaN, 51.53680851551237,51.53680851551237,0.0, 217.12412708097196, 36.52985280896969, 10.386746706700336, 36.52985280896969, 125.52483200569036, 6.945814623286759, 10.386746706700336, 6.945814623286759, 67.64916359115364, 6.161837629290943, 4.075491000252591, 15.0, 0.0
4, 0 ,1.0,1.0,1.0,9.493551513344267,30.075182644997764,135.0358580587446,6.2128030860646835,10.490382960503078,10.555708050021483,24.0,50.0,56.0,0.045033042886586334,-0.6951913505606934,0.7174127202342977,11.559965068760771,-0.01194384773278754,-0.7184646276193597,-0.6954609430881875,9.382884867372391,-0.9989140951802165,-0.022750054183992712,0.040657908024325735,6.196669142061851,63.09597644256807,45.22615062184795,25.931361659630056,15.28065480538258,5.1547665320795595,26828.0,73997.42593619549, 0.0, 0.0,0.0,NaN, 72.21484521641015,72.21484521641015,0.0, 38.59892218621485, -2.5554828314602527, 3.489086157900821, -2.5554828314602527, 110.04813465801334, -22.69372766156571, 3.489086157900821, -22.69372766156571, 111.42297243728835, 6.1883910988051065, 4.1177711041174, 12.0, 0.0
5, 0 ,1.0,1.0,1.0,59.11455763130067,74.17668899071789,142.431418164728,9.842658948633769,9.912229640759785,10.604956680249519,50.0,56.0,56.0,-0.5992111144035905,0.36175098932313327,0.7142004355213886,11.521318478178678,0.19715338247333714,-0.7979420412522414,0.5695779512775474,9.976739017541822,-0.7759359407544733,-0.48210447055170547,-0.4068153086101,8.678665618658393,55.13382972413524,53.876976047074706,48.41644327335845,16.832691034893337,4.925022877515864,42555.0,143818.33455712057, 0.0, 0.0,0.0,NaN, 110.9542866593917,110.9542866593917,0.0, 96.8779351791204, -16.256594027252973, -21.854615522337, -16.256594027252973, 98.25229645115685, 3.829612661717958, -21.854615522337, 3.829612661717958, 112.4651061899689, 5.952051337079595, 3.8625144554474886, 21.0, 0.0
6, 0 ,1.0,1.0,1.0,28.784218527781864,106.98414333120822,174.13460186683668,12.437514648313568,12.164191087616047,10.108467765367717,59.0,58.0,51.0,-0.799950337235451,0.6000649730895437,0.001219027454012456,12.780966373103443,0.5989944450531853,0.7986412770571215,-0.05811854588680545,11.8081564387868,-0.03584846931620952,-0.045761759708463245,-0.9983089444636214,10.102216395092087,66.80502251582033,57.3507484762999,51.879360933295715,19.254122051996177,5.841165980636812,61173.0,198766.3316164489, 0.0, -1.4210854715202004E-14,0.0,53.125448857653055, 100.74472516549623,100.74472516549623,NaN, 154.6917706270146, -11.543708957024359, -1.3609967691261657, -11.543708957024359, 147.96754481603767, -1.6900828174058335, -1.3609967691261657, -1.6900828174058335, 102.18112056347822, 5.97731506561367, 3.740653742026226, 23.0, 0.0
7, 0 ,1.0,1.0,1.0,136.4676340071846,16.741124885539197,180.0367507219835,14.023986982216787,10.53276121927516,9.562243772980553,75.0,47.0,39.0,0.9693886520043526,0.24416812605245625,0.025837329297290337,14.232695968911333,-0.24142889591343364,0.9670553134759196,-0.0807224187943557,10.257033610819054,-0.04469596831041105,0.07201351885599472,0.9964016878341647,9.553606790978023,75.9031216376589,53.98307186960239,40.54823374695329,18.992273626873857,6.192036679112063,56788.0,166145.72564547075, 0.0, 0.0,-2.8421709430404007E-14,88.51946532004767, 68.66700891122673,68.66700891122673,0.0, 196.67221087738588, 23.09004873458506, 3.0592034906495345, 23.09004873458506, 110.93905890226675, -0.3856928864569457, 3.0592034906495345, -0.3856928864569457, 91.43650597390537, 6.043880686164952, 3.9227439197783545, 13.0, 0.0
8, 0 ,1.0,1.0,1.0,184.66053954963212,154.6944533901454,92.0066886318032,8.59246990914766,11.056579926580266,10.790177413127253,34.0,56.0,52.0,-0.3341465921815059,-0.9408111097277477,-0.056749544018699014,11.38966334575186,0.19098023666121008,-0.008622920538341976,-0.9815560067801624,10.87088248863269,0.922969449190121,-0.3388216360479855,0.18255764790183976,8.037780179129243,55.46427174918,55.155462291872574,38.77670200633328,16.863537818788874,5.303538408789755,40367.0,118624.04066831086, 0.0, 0.0,0.0,NaN, 103.69726299915389,103.69726299915389,0.0, 73.83053913960799, 20.38301322380069, -8.80732642203782, 20.38301322380069, 122.24795967285769, 3.9301285105323096, -8.80732642203782, 3.9301285105323096, 116.42792860676153, 6.054161547039003, 4.04166822492856, 21.0, 0.0
9, 0 ,1.0,1.0,1.0,79.33606245239909,146.63371776738114,44.833451202263085,9.626679942610483,8.891834880650556,10.422240085214682,45.0,40.0,48.0,-0.5849052334569731,-0.08647088086923495,0.806479171855258,11.258252882916278,0.10356015294272793,-0.9941248148517036,-0.031482490666159976,8.872534194312129,0.8044632761022239,0.06510483282955803,0.5904237445641161,8.653939082934311,54.609875330653956,40.65229435110885,42.06593443728346,16.08867451879168,4.638462556111608,36764.0,93387.0780632186, 0.0, 0.0,0.0,NaN, 105.60402090587368,105.60402090587368,0.0, 92.67296671745898, 2.228386926993977, -24.474439386463597, 2.228386926993977, 79.0647275447539, -3.4964842266979703, -24.474439386463597, -3.4964842266979703, 108.62308839385572, 5.9898928284666155, 3.942533409976353, 14.0, 0.0
10, 0 ,1.0,1.0,1.0,153.07586626139818,10.673677811550151,87.2978318135765,9.550891741831228,6.799923873876846,9.577456293705103,48.0,26.0,46.0,-0.6994888051410071,-0.052596510630836105,0.7127054220025733,9.80014666003608,0.708576041037373,0.07863578182499255,0.7012391944868562,9.343422475244974,0.09292688281767075,-0.9955149526181076,0.017736221794915012,6.770801186226228,49.36044490890204,50.281533787922285,27.61428022443924,14.423626130320184,4.59838842044463,24675.0,68536.40340450243, 0.0, 0.0,0.0,NaN, 99.68306357899749,99.68306357899749,0.0, 91.21953306417996, 4.156752791764044, -4.427134393313735, 4.156752791764044, 46.2389646905203, 0.40422053750426357, -4.427134393313735, 0.40422053750426357, 91.72766905783148, 6.346560166327786, 4.0528221359929475, 15.0, 0.0
11, 0 ,1.0,1.0,1.0,99.05463182897863,90.87514701473607,12.878444757050943,11.204033795698003,11.402712967334505,8.329808160727726,60.0,55.0,33.0,0.5662622629056319,0.8190736804535484,0.09200736708150728,11.575463780447677,0.8186098983734446,-0.5718974459843498,0.0530202372834807,11.057321872692432,-0.09604625913595956,-0.045294781872263566,0.9943457642294917,8.28747317198126,58.45909918666078,60.123347689294775,36.08062424893666,17.227312399889804,5.306378028531952,43363.0,126814.61747893422, 1.4210854715202004E-14, 0.0,0.0,55.510008914473595, 135.04061156216974,135.04061156216974,0.0, 125.53037329514301, 5.20599997052995, 5.728246762690117, 5.20599997052995, 130.0218630154185, 3.2970251116087677, 5.728246762690117, 3.2970251116087677, 69.38570399452622, 6.137194051162329, 3.8457134473881442, 13.0, 0.0
12, 0 ,1.0,1.0,1.0,154.75988808830292,9.795301241759926,39.90115744289437,10.18242448117996,6.226115496679727,9.733345121042328,46.0,24.0,48.0,0.9594995082960431,-0.012317687230459996,-0.2814408786245232,10.224271812127741,-0.2814034106327255,0.004711805754536985,-0.9595779902492558,9.689955962251156,0.013145876308588923,0.9999130329522782,0.0010547361069060902,6.225215586597002,52.99713917851325,49.7415468989624,24.362344076148737,14.705490473733576,4.575242033509299,26092.0,64223.02926027712, 0.0, 0.0,0.0,NaN, 61.11233932261426,61.11233932261426,0.0, 103.68176831493295, -0.8505839997077271, -2.8741471953191255, -0.8505839997077271, 38.764514177995444, -0.021267748639485395, -2.8741471953191255, -0.021267748639485395, 94.7380072453185, 5.8632895973527175, 3.875342635093315, 14.0, 0.0
13, 0 ,1.0,1.0,1.0,188.66383504517722,59.00308904162483,92.96741061085798,6.933716795542721,9.438314088587553,9.715579336031466,28.0,46.0,55.0,-0.1445394673966693,0.46990176796485944,-0.8708046111661254,9.84356001859549,0.07901838184645664,-0.8717539759832047,-0.4835298343306666,9.374562445627358,0.9863389061043141,0.13869871600333433,-0.08887197805816882,6.839048792316423,53.93636495793844,45.56812829330573,29.83258807575851,14.542023063149285,4.481099028272541,25898.0,73321.91439742602, 0.0, 0.0,0.0,NaN, 110.6924233541968,110.6924233541968,NaN, 48.07642860079122, -6.236161356228811, 4.7380599574534, -6.236161356228811, 89.08177283483029, -3.1814191384997277, 4.7380599574534, -3.1814191384997277, 94.39248183472161, 6.165011456160437, 3.9440219851882277, 11.0, 0.0
14, 0 ,1.0,1.0,1.0,73.08428327340422,186.6841353632724,25.586438171014713,9.960363704319121,7.398152306662677,13.470751831969352,49.0,29.0,55.0,-0.21225052508436307,0.06406969925050476,0.975112705403515,13.649903165420403,0.9636349135225929,0.17950022533479537,0.19795813331374637,9.813280514802145,0.1623498322811498,-0.9816693652868603,0.09983881617675051,7.265144644523759,57.96032042546394,49.38444693891438,33.109261458305355,17.383507249512498,5.763361284836578,39213.0,94769.90942857349, 0.0, 0.0,0.0,NaN, 78.57029038313404,78.57029038313404,0.0, 99.20884512231771, 5.711497019467561, -19.336525594961046, 5.711497019467561, 54.732657552578296, 9.889134296947198, -19.336525594961046, 9.889134296947198, 181.46115491850566, 5.343562754103029, 3.651611233659926, 13.0, 0.0
15, 0 ,1.0,1.0,1.0,184.31795643486197,149.52603794064683,34.71862742679527,9.545301586868467,11.488789009727148,9.283554877278778,42.0,59.0,49.0,0.405864719190906,-0.9032729151061751,-0.13918286730657584,11.919173452795436,0.5456011370635673,0.3616429639871006,-0.7559985223752538,9.616656333945242,0.73320749379083,0.23089479733033666,0.6396048495866437,8.645384410812223,63.5569846885835,47.462570054499196,47.31839093154289,16.790147956280162,5.232626306162992,40537.0,142739.60942501464, 0.0, 0.0,0.0,NaN, 63.23709691904374,63.23709691904374,0.0, 91.11278238427367, -21.181614402077045, -11.119308012530784, -21.181614402077045, 131.9922729100273, 3.614549393172144, -11.119308012530784, 3.614549393172144, 86.18439115944658, 5.857779224476423, 3.866786218929106, 18.0, 0.0
16, 0 ,1.0,1.0,1.0,152.59126073280626,109.97424126498342,10.135892204369634,10.231448841946776,9.637487709633549,5.775896971848303,52.0,50.0,24.0,0.8853130793218442,0.46238796225731854,0.049174423648870334,10.457641281502305,0.4621086975285173,-0.8866488641793402,0.017588158459127833,9.402276857413671,-0.05173299962471949,-0.007152902139043985,0.998635335215422,5.758439833156218,46.322848150910005,42.388048323935934,24.511787111905832,14.523516194186668,4.47126133717413,23526.0,48129.754993376715, 0.0, 0.0,0.0,NaN, 102.2495090721651,102.2495090721651,0.0, 104.68254540537401, 8.559479044634886, 3.7664600627908933, 8.559479044634886, 92.88116935333771, 0.8711787246385894, 3.7664600627908933, 0.8711787246385894, 33.36098582940639, 6.069457160663181, 3.9383060577015114, 16.0, 0.0
17, 0 ,1.0,1.0,1.0,11.383747464503042,46.76855138607167,14.401538201487492,7.035017542646251,9.254810153897356,8.763940368233836,27.0,45.0,38.0,-0.18360095178945804,-0.8528074579473317,0.488886623023595,9.5403423306474,0.05172520532359205,-0.5050334609918027,-0.8615484353261132,8.541538258853365,-0.9816390342871651,0.13289335178273992,-0.13683626498743548,6.926299587411894,48.25649044771906,40.782803272547376,29.963168585015502,13.946689895978704,4.176059689872672,23664.0,58968.56318439785, 0.0, 0.0,1.7763568394002505E-15,60.73257122462679, 50.24232685352172,50.24232685352172,0.0, 49.491471825340504, 6.087085229170193, -4.977069320812557, 6.087085229170193, 85.65151098468162, -7.075463796080722, -4.977069320812557, -7.075463796080722, 76.80665077795862, 7.280929854890285, 4.14218228300557, 10.0, 0.0
18, 0 ,1.0,1.0,1.0,62.084534049197394,12.053224127540679,104.80526488796362,10.58506425966089,7.336802732918189,11.982881730111512,50.0,28.0,57.0,0.3456243294282798,0.14513226363785614,0.9270816840810758,12.335043003358734,-0.9296564886127986,0.1873064402074957,0.3172618959738425,10.376682017803658,-0.12760343289807505,-0.9715209331291572,0.19966081339231018,7.045062007351487,60.805552785883265,51.21190473550513,35.22805338762225,16.720286905586132,5.467514981747252,36506.0,109699.03717474866, 0.0, 0.0,0.0,NaN, 114.28826349641267,114.28826349641267,0.0, 112.04358538115032, -4.96445103976311, 15.730426575240903, -4.96445103976311, 53.82867434175581, 17.243257829471542, 15.730426575240903, 17.243257829471542, 143.58945455784024, 5.595934384674469, 3.6940365283848036, 18.0, 0.0
19, 0 ,1.0,1.0,1.0,189.86530096814928,134.84827650717926,118.46489874187363,6.402492626134948,9.256762808143288,9.192506211874447,27.0,47.0,46.0,0.06425891846134607,0.7144330550945133,0.6967468702380355,10.252197439803805,0.06138662541771165,-0.699697505040183,0.711797080396069,8.089622937820765,-0.9960434095048285,0.0029683714159300014,0.08881843926310265,6.374338267495059,49.3837124346195,44.126429398306655,28.521587677525503,13.851235051449871,4.396024058029055,21381.0,62152.158943724775, 0.0, 0.0,0.0,NaN, 104.85910516366278,104.85910516366278,NaN, 40.99191182771238, 1.8943471465635968, 3.9707641539963605, 1.8943471465635968, 85.68765768622481, 19.73813813753512, 3.9707641539963605, 19.73813813753512, 84.5021704553503, 5.974581594319357, 3.715554533697751, 8.0, 0.0
20, 0 ,1.0,1.0,1.0,11.53984370846845,153.4583488384456,188.0558715645101,7.29332166535834,10.17298187198414,6.098400486194045,29.0,56.0,23.0,0.07356461139618475,0.9969062065237728,0.02768146210929512,10.188851563285073,0.9958697153735808,-0.0749125718367744,0.05129928442525583,7.277518527701245,-0.05321426455257537,-0.023793317868261832,0.998299614380847,6.090781351552807,56.59007514140245,30.891466026821888,24.755858844307,13.224200558055111,4.358108439730903,18811.0,43276.96413715005, 0.0, 0.0,0.0,NaN, 49.41614604300071,49.41614604300071,0.0, 53.19254091438535, 3.709131228833388, 0.9463411972994382, 3.709131228833388, 103.48956016771793, 1.7800901265639366, 0.9463411972994382, 1.7800901265639366, 37.19048849001176, 6.142708786748051, 4.071371676717661, 8.0, 0.0
21, 0 ,1.0,1.0,1.0,8.464851080209787,19.19554443535582,55.162440456142036,5.3352689911849565,10.369155297410114,9.622218833051901,21.0,42.0,45.0,0.008236312544432252,0.9444566431407959,0.32853281781717025,10.466959997507495,-0.05703221180964119,0.3284528416745405,-0.9427969333912892,9.526701331022748,-0.9983383644695673,-0.010971783042824344,0.056569691576767,5.315663855184417,45.38457982777334,44.33565573006442,21.815045098064296,14.365007746107125,4.713610560443881,20783.0,43895.254396912555, 0.0, 0.0,-7.105427357601002E-15,70.82025231906292, 59.01709470193585,59.01709470193585,NaN, 28.465095208299743, -0.5383801563764817, 3.5806987804076384, -0.5383801563764817, 107.51938158180822, 5.871906942512595, 3.5806987804076384, 5.871906942512595, 92.58709527113871, 5.512358373312348, 3.7780881241119, 11.0, 0.0
22, 0 ,1.0,1.0,1.0,120.45040328835117,9.961338607104079,146.80033348844424,11.10350705864183,6.476785736315928,9.649658201708547,51.0,26.0,48.0,-0.8372276849799924,-0.1712700058611163,0.5193422653658917,12.100515264993328,-0.5114925994858198,-0.09070663511522774,-0.8544867623417651,8.56940144058875,-0.1934557421589798,0.9810396992162991,0.011661234382007007,6.204467354814137,58.04854834820972,40.039264492558544,28.644769483616695,15.193969443087438,5.243645530333381,25788.0,66576.77995075095, -1.4210854715202004E-14, 0.0,0.0,33.15148245272846, 96.21627264019376,96.21627264019376,0.0, 123.28786900130895, 17.096907556944608, -31.656850995357647, 17.096907556944608, 41.948753474145455, -6.891812762215819, -31.656850995357647, -6.891812762215819, 93.11590340980102, 5.611577773605675, 3.7150993275320405, 9.0, 0.0
23, 0 ,1.0,1.0,1.0,57.081094272963924,151.76643268873187,19.48133599851246,8.574764792884837,11.320834888707692,11.711200521924397,40.0,51.0,46.0,0.18789983905833868,0.5511623839297252,-0.8129659753167741,12.374326581523249,0.23169648944334567,-0.8292226116844512,-0.5086320841736668,10.857646681481452,0.9544686413190746,0.09278947576164297,0.28351318474878634,8.235755077060201,60.32106279796889,56.71269958124458,42.9384770758565,17.554094929127235,5.540204212353139,43024.0,146891.25535689507, 0.0, 0.0,0.0,NaN, 77.22856201727808,77.22856201727808,0.0, 73.52659125329733, -0.7845175634758293, -18.92911819679337, -0.7845175634758293, 128.1613025773813, -17.10512863868919, -18.92911819679337, -17.10512863868919, 137.1522176647223, 5.39718843712868, 3.607354643239738, 12.0, 0.0
24, 0 ,1.0,1.0,1.0,139.70925931000465,36.37662017373195,35.59937522264544,8.775523728656939,8.985276966096292,10.932780349923688,40.0,44.0,55.0,0.23826698313847366,0.42121180083906057,0.8751054014117419,11.555338308949159,-0.8202970563069354,-0.3951108282206184,0.413521671544545,8.714337164545931,-0.5199438278893864,0.8163749458776483,-0.25137693526455396,8.234390651268898,56.66129803559077,42.08536775161346,41.56936169224124,15.965957433092681,4.728520729999658,36493.0,99126.78064562603, 0.0, 0.0,0.0,NaN, 78.90213827555579,78.90213827555579,0.0, 77.009816712221, 9.232234676329586, 10.944026830139274, 9.232234676329586, 80.73520215746059, 22.895875563531416, 10.944026830139274, 22.895875563531416, 119.5256861796775, 5.48589240680089, 3.5315843157209623, 16.0, 0.0
25, 0 ,1.0,1.0,1.0,71.02068863602778,63.81377272055564,46.74233781587114,9.06343263238936,9.225582971863995,9.493391261495717,42.0,39.0,49.0,0.48959103335207893,0.5966360399450654,0.6358663821117719,9.924799849908657,-0.4412234308267387,-0.459472039413355,0.7708484475477747,9.190377090536446,-0.7520787885259933,0.6579596346555027,-0.03829640992666921,8.6265280831541,53.715789532363345,47.98881927924208,44.52321083542648,15.429493419619302,4.39458788856886,33835.0,114770.03247665055, 0.0, 0.0,0.0,NaN, 106.3060767202861,106.3060767202861,0.0, 82.14581108186032, 9.071947956128591, 4.081080642201566, 9.071947956128591, 85.11138117074691, 5.579118385630369, 4.081080642201566, 5.579118385630369, 90.12447764384324, 5.669387105703177, 3.610964023433917, 23.0, 0.0
26, 0 ,1.0,1.0,1.0,92.11762233563495,126.72632842990093,77.13707595316721,8.993438275936674,8.150529927291643,10.260407229028802,44.0,39.0,46.0,-0.08581814515942493,-0.10461992401331119,0.9908026632285787,10.28902695350849,0.988145409992612,0.11812183318987106,0.09806059980643007,8.996894268556195,-0.12729451941041456,0.9874724826663845,0.09324270108034356,8.110539100125374,45.7379477690896,44.83792190491384,39.520870225362444,15.315326442975673,4.246151500987756,33310.0,81049.18448539451, 0.0, 0.0,0.0,NaN, 140.72958387182882,140.72958387182882,0.0, 80.8819320230828, 2.129758187080393, -1.9389391649507326, 2.129758187080393, 66.43113809567672, -3.9792979769116283, -1.9389391649507326, -3.9792979769116283, 105.27595650550651, 5.775817783722216, 3.6258000806662722, 19.0, 0.0
27, 0 ,1.0,1.0,1.0,66.13541625312637,190.8128151177101,72.7311524871968,11.652346047608665,5.541095260135035,9.934569707874287,62.0,22.0,46.0,-0.9473196773267674,0.09402788460429283,0.30617672326019757,11.8747361563096,0.30906185815774656,0.017469325798850306,0.9508814807788695,9.71943233182752,-0.08406067321637785,-0.9954162845628832,0.04560946881332792,5.449757493759243,61.665729003427245,47.53542662699371,23.275251001971355,15.371830800785709,5.374327698208488,25189.0,68226.90005446854, 0.0, 0.0,0.0,NaN, 98.73255892131805,98.73255892131805,0.0, 135.7771684132213, -9.565147975962066, -13.251060428513515, -9.565147975962066, 30.703736681890952, 4.280375718652329, -13.251060428513515, 4.280375718652329, 98.69567528061339, 5.347541410991674, 3.6350292366020938, 15.0, 0.0
28, 0 ,1.0,1.0,1.0,101.09459125710052,18.926673252654975,101.68636700419857,9.928765441534933,9.942031653691334,10.81664260929724,45.0,41.0,53.0,-0.5188016928929413,0.41816240422799594,0.7456440217299942,12.59821828404349,0.5713495422011309,0.8184041926300045,-0.061435153716647144,9.548330729648857,-0.6359280651755954,0.39415070870910757,-0.6635063788285172,8.03358016566206,63.49727880200806,48.40571788837272,43.792821868380344,16.908536868850213,5.3409282796175095,40490.0,134602.99082889385, 0.0, 0.0,0.0,NaN, 140.73403736071072,140.73403736071072,0.0, 98.58038319301836, -7.977924390162259, -37.36625798039213, -7.977924390162259, 98.84399340300043, 28.025285839354613, -37.36625798039213, 28.025285839354613, 116.9997573372646, 5.337554029706349, 3.390222036308178, 17.0, 0.0
29, 0 ,1.0,1.0,1.0,126.27719668174126,74.19690369836029,166.43894792331383,8.913546372529908,9.3179547862545,9.86635777842097,42.0,46.0,47.0,-0.11072314752150264,-0.53675464163603,0.8364417728001801,10.30931266650838,-0.7327734450029366,0.6126508764933665,0.29614520396325605,9.155072637363132,-0.6714040980672221,-0.5801321902929423,-0.46115418125010355,8.57457424566998,46.355538285677575,41.97043492840402,42.63173289090338,15.652448796639323,4.315258139940071,36043.0,82942.6839058676, 0.0, 0.0,0.0,NaN, 109.84796977650726,109.84796977650726,0.0, 79.45130893524106, -2.6735639333661907, -5.267334259130157, -2.6735639333661907, 86.82428139868314, -12.840113570228805, -5.267334259130157, -12.840113570228805, 97.34501581180795, 5.468853032684378, 3.6012733682144207, 15.0, 0.0
30, 0 ,1.0,1.0,1.0,44.492064374461464,56.483586735970206,171.545181643828,9.038496304287186,11.377406707283095,8.017448394404022,43.0,54.0,40.0,0.24479845220408378,-0.9662772541781542,0.07988733226495862,11.533116640309924,0.9420114834770481,0.25653693960534696,0.21634038831270985,8.90699269603683,-0.22953884811912886,0.02229499216975578,0.9730441154070528,7.941786905742814,50.99637277233421,45.198813689760044,37.650284379064914,15.923745723809649,4.674783385989317,35977.0,86782.98501169634, 0.0, 0.0,0.0,NaN, 77.3279771527992,77.3279771527992,0.0, 81.69441544261312, -12.614001611776379, 4.6820093214919005, -12.614001611776379, 129.44538338293037, -4.496402430422768, 4.6820093214919005, -4.496402430422768, 64.27947875693162, 5.494254021121128, 3.5318401842900933, 20.0, 0.0
31, 0 ,1.0,1.0,1.0,188.71558513588462,179.88901830282862,188.2663338879645,6.528598805367221,11.289821186830837,7.005389988364031,26.0,49.0,28.0,-0.04328192690681047,-0.9725969544115723,0.22843344560849077,11.493412763994089,0.6265343534080143,-0.20452251900933072,-0.7520806095211336,6.969009686168577,-0.7781910940140829,-0.11056990317175734,-0.6182175326774174,6.204234095492689,52.7813742344419,39.55899757516268,32.965827150159384,13.829505756389363,5.282321858342541,18030.0,68831.93025929267, 0.0, 0.0,0.0,NaN, 25.874089821250926,25.874089821250926,0.0, 42.6226023614423, 2.649466769656411, -5.672669984609272, 2.649466769656411, 127.46006243061444, -19.24714730394778, -5.672669984609272, -19.24714730394778, 49.07548888907099, 6.127224535502068, 3.895625749081997, 8.0, 0.0
32, 0 ,1.0,1.0,1.0,87.7422071206973,75.84922440537746,97.3656670113754,10.4719052441471,8.563186352084731,9.32517011151642,48.0,42.0,46.0,0.8647639106181446,0.2258518681085462,0.4485245952724257,10.967416229958651,-0.47776863461031027,0.09494015841264039,0.8733404250938938,8.884666329366762,-0.1546625703750382,0.9695242647775577,-0.19000576131402908,8.409889595369314,50.01121139507741,47.80481566711518,42.78525988875839,15.76898909465597,4.6137555726632575,33845.0,102290.00424378709, 0.0, 0.0,0.0,NaN, 151.4327337991317,151.4327337991317,0.0, 109.66079944239554, 9.306647449753738, 15.795847087435023, 9.306647449753738, 73.32816050053022, 5.701048862728474, 15.795847087435023, 5.701048862728474, 86.95879760871914, 5.886470342641356, 3.5905637922965985, 21.0, 0.0
33, 0 ,1.0,1.0,1.0,143.17997120460726,71.43554631258999,115.88987362022077,9.184614746382948,9.593017090633921,8.279625467880074,42.0,42.0,40.0,-0.4703411543905022,-0.8593368931132644,0.20079666984552144,9.955623381654872,0.8227284331188922,-0.34468646892945537,0.4520057117721815,9.095960795888114,-0.3192132889219097,0.3777980178235256,0.8691211272913995,7.942567790793552,46.45193947271122,44.82054429966736,40.69865486967567,15.058646873015746,4.262918857174224,31255.0,84734.64872238015, 0.0, 0.0,0.0,NaN, 124.12117590850437,124.12117590850437,0.0, 84.35714803947509, 8.989667316963084, 3.9054058834189096, 8.989667316963084, 92.02597690119451, -9.278862568935141, 3.9054058834189096, -9.278862568935141, 68.55219788836833, 5.613115832741175, 3.579646056702972, 18.0, 0.0
34, 0 ,1.0,1.0,1.0,146.51790771281026,106.98647898273086,84.72622022322172,9.325114997310298,9.68490529729609,9.88026948374325,43.0,50.0,45.0,0.3224710241348807,0.6864259548620288,0.6517912603626662,10.595588108714454,-0.7077664744319073,-0.2823840059972391,0.6475537744675571,9.551643507630358,-0.628553145138603,0.6701333312473744,-0.3947686184180136,8.653005508819183,53.297200512234895,49.183218959867204,43.29739907315888,15.99324372440472,4.753003321463048,36018.0,113496.67944064416, 0.0, 0.0,0.0,NaN, 136.71277073031368,136.71277073031368,0.0, 86.95776971306144, 11.546427371207155, 0.3614050740191233, 11.546427371207155, 93.79739061759386, 13.737955168213267, 0.3614050740191233, 13.737955168213267, 97.61972507138812, 5.234251440182023, 3.414543345082855, 23.0, 0.0
35, 0 ,1.0,1.0,1.0,8.945504412115431,98.59265442404006,112.87216789887908,6.01370525287617,9.69837160245505,10.851619572546525,24.0,50.0,59.0,0.019191250833433593,-0.023751595630068477,0.9995336700664338,10.853522163271059,-0.040967375238164086,0.9988595186184547,0.02452215796794949,9.70282189425904,-0.9989761609055269,-0.04141888180933083,0.01819632303848734,6.003083698793737,58.877480151399325,49.56590127720679,25.188536525558888,14.940840809189554,4.975136768925563,25158.0,73508.09325596158, 0.0, 1.4210854715202004E-14,0.0,88.63900582841408, 131.87794615555126,131.87794615555126,0.0, 36.16465086847043, -2.415075553885108, 1.5100064468304513, -2.415075553885108, 94.05841173930652, -0.5177686371050205, 1.5100064468304513, -0.5177686371050205, 117.75764734727483, 5.558308343515505, 3.5256536521255057, 15.0, 0.0
36, 0 ,1.0,1.0,1.0,117.24365029854737,38.34967174642783,158.40938121973682,9.492754911665584,8.43199301410803,9.80358045541193,45.0,39.0,47.0,-0.6633637033945603,-0.215333102921233,0.7166451365947917,10.071321346929263,0.5869215754970465,0.4443633732536324,0.6768044449667256,9.59935540482936,0.46418925152863966,-0.869581995729538,0.1683908889112311,7.983855828314584,50.848389596112725,50.52086204108002,41.31128248075812,15.419357624318911,4.423177839745033,33663.0,106124.73846570481, 0.0, 0.0,0.0,NaN, 100.24515105227317,100.24515105227317,0.0, 90.11239581295105, 12.792115745352477, -6.633863433570424, 12.792115745352477, 71.09850618996664, 2.7267674795020627, -6.633863433570424, 2.7267674795020627, 96.11018974573479, 5.235204403696045, 3.3865947948727095, 12.0, 0.0
37, 0 ,1.0,1.0,1.0,180.85727029438002,160.27639012786202,7.991773218356626,10.28913682129342,9.343049539525852,5.3589031448386555,44.0,49.0,20.0,-0.9920311369345415,0.12163827491420061,-0.0328382921032475,10.308449663466217,-0.1193802640132401,-0.9908048822747262,-0.06367132655045171,9.339015611653332,-0.040281210464556905,-0.05924369448694546,0.9974305032166639,5.328734097529214,46.01276532759047,46.54383412434865,21.80637077520661,14.10459107449593,4.789286456492566,20178.0,46700.75299000093, 0.0, 0.0,0.0,NaN, 44.81381172172131,44.81381172172131,NaN, 105.86633652729607, -2.438744991166495, 2.9838094394324144, -2.438744991166495, 87.29257469803423, 3.399785943167086, 2.9838094394324144, 3.399785943167086, 28.71784291576163, 5.833798660367317, 3.5982190868284047, 12.0, 0.0
38, 0 ,1.0,1.0,1.0,55.556450216450216,82.43417027417027,71.89474747474748,10.389766420545167,8.706210721067782,9.19789665403501,52.0,42.0,46.0,0.8745716247639672,-0.14440593862749332,0.4628945863226604,10.934418487096984,-0.2271808471164105,0.7213433240775409,0.654257343491255,9.051408787237994,0.42838456538627123,0.6773556921572861,-0.5980601394851017,8.176621892124793,53.49133839383903,40.69561827714655,43.1567657833092,15.713033621506128,4.631115271817208,34650.0,93946.37044881328, 0.0, 0.0,0.0,NaN, 122.68156464563664,122.68156464563664,NaN, 107.9472462734879, -9.125952007396174, 19.096489868380637, -9.125952007396174, 75.79810511963558, 3.58959362164222, 19.096489868380637, 3.58959362164222, 84.60130285830843, 5.205128347826382, 3.3399852127194554, 23.0, 0.0
39, 0 ,1.0,1.0,1.0,154.43087976454973,179.46893845399197,136.82537438324147,9.28645463439662,11.062472689012392,8.688355732915474,45.0,48.0,43.0,0.04790933153136251,0.9688050938423384,0.24314889696923625,11.2083059320794,0.9987526247612859,-0.04303522475763949,-0.025321215660027752,9.28172215771613,-0.014067355283072052,0.24405872157166972,-0.9696584192075798,8.504562242315114,52.57416245003833,46.024856343788485,39.534584649755985,16.07273012930546,5.076555249781177,34657.0,95662.55693826143, 0.0, 0.0,0.0,NaN, 80.55496588700473,80.55496588700473,0.0, 86.23823967670646, 1.8797167113869508, 0.27130693179025184, 1.8797167113869508, 122.37830199514507, 12.570274851359121, 0.27130693179025184, 12.570274851359121, 75.48752534168517, 5.323100922259524, 3.4844897906026495, 16.0, 0.0
40, 0 ,1.0,1.0,1.0,133.8179655151103,137.39178666337062,18.236141153204375,9.375985842897762,8.318823003889824,9.608351539027566,48.0,39.0,38.0,-0.21627034542980858,0.05811324076844771,-0.974602477390172,9.634241635849987,0.9290523369463197,0.31912812376289695,-0.1871336309650288,9.478929188159078,-0.3001481182720521,0.9459281642233527,0.12300819170601898,8.170901758173306,42.971377329353736,49.84696938039332,40.67011575054141,15.19170896840339,4.317907434527392,32362.0,87115.10039870592, 0.0, 0.0,0.0,NaN, 92.91074700982453,92.91074700982453,0.0, 87.90911052621927, 6.517366517332597, 1.478064011294943, 6.517366517332597, 69.2028161700465, -2.854398173211659, 1.478064011294943, -2.854398173211659, 92.32041929753342, 5.353036737367055, 3.3912944302644425, 14.0, 0.0
41, 0 ,1.0,1.0,1.0,15.588865966491623,152.74846836709176,56.69370467616904,9.51314116251743,8.218259478253321,9.732194217126699,37.0,41.0,50.0,-0.31097002114794564,0.16810684604642726,-0.9354345162861849,9.779446100256948,-0.932753023134567,0.13490754867663104,0.33432282474187824,9.53182290501258,-0.18239913316836873,-0.9764937488905838,-0.1148499655944329,8.14014950657573,52.81292157985234,46.03694508108317,37.548965035191685,15.259900595998943,4.45989705150139,31992.0,91294.50980928555, 0.0, 0.0,-7.105427357601002E-15,20.701542185509368, 75.4314001837805,75.4314001837805,0.0, 90.49985477798349, -4.630388708666032, 0.8758220056780296, -4.630388708666032, 67.53978885190054, -3.5101512400246744, 0.8758220056780296, -3.5101512400246744, 94.71560427987434, 5.606010031755282, 3.6482574210198053, 17.0, 0.0
42, 0 ,1.0,1.0,1.0,117.78480014339488,89.3814662125829,63.26994084961463,8.337591884901506,8.750399203311154,8.675073734461785,40.0,42.0,39.0,-0.4044736563295149,-0.7245970715669781,0.5579965458781919,9.303229070865969,-0.5153900940905509,-0.32342543249302896,-0.7935798891920279,8.409459936611047,-0.7554959379432609,0.6085680516534345,0.24263308566223243,8.004545045432673,49.81614853672161,42.268114231351746,40.54804337191824,14.34276113240643,3.9531041035578265,27895.0,85379.36539404963, 0.0, 0.0,0.0,NaN, 136.93601062133493,136.93601062133493,0.0, 69.51543843917545, 7.695534743650658, -2.3546709116244244, 7.695534743650658, 76.5694862173085, -7.382234829924727, -2.3546709116244244, -7.382234829924727, 75.25690429834873, 5.294931705605067, 3.387988245058477, 16.0, 0.0
43, 0 ,1.0,1.0,1.0,184.1635629017447,11.644995408631772,96.06475665748393,8.721847333824247,7.051936101366351,11.304050378883439,34.0,28.0,49.0,-0.29720513494941175,-0.07236710310804155,0.9520672823637268,11.5720339935442,-0.9521567152189014,0.09679796984015364,-0.28987539167438303,8.401542558840521,0.07118073772625709,0.9926697111439308,0.09767367687443237,7.006003892724793,54.644888589387755,41.57095845359578,32.66343829630851,15.161334761119509,4.869898040196139,27225.0,74199.58581634978, 0.0, 0.0,0.0,NaN, 98.05527078997667,98.05527078997667,0.0, 76.07062091453712, -0.1572879542566374, -18.068185909854, -0.1572879542566374, 49.72980277775406, -6.447828352816077, -18.068185909854, -6.447828352816077, 127.78155496833482, 5.597627940010433, 3.6066419346016816, 8.0, 0.0
45, 0 ,1.0,1.0,1.0,186.4395502008032,22.634409638554217,176.48877108433734,8.043091802376882,10.97768594320012,9.435718390349267,32.0,49.0,52.0,-0.12143799149017097,-0.9794332406364734,0.16113144124958645,11.04771549374051,0.17963634326334607,-0.1813381763155958,-0.9668749919144187,9.445007462751803,-0.9762087883244068,0.08847029414933408,-0.19796314973076148,7.9355851925928915,51.75444888517057,56.217411738605904,37.49379182045794,15.74372275966162,5.13506471408901,31125.0,109088.23087999175, 0.0, 0.0,0.0,NaN, 35.34091373418497,35.34091373418497,0.0, 64.69132574146221, 6.172229453331419, -5.712606496540592, 6.172229453331419, 120.50958866753352, -4.723864219480381, -5.712606496540592, -4.723864219480381, 89.03278154197535, 5.493717966548889, 3.4321258924064058, 7.0, 0.0
46, 0 ,1.0,1.0,1.0,182.12737987307344,94.1584639295428,80.04688511850796,9.389620253970344,8.556800469093517,9.50057788402517,38.0,43.0,44.0,0.658978715921432,-0.23801600766812914,0.7135092375409484,10.587515441185353,0.53401370039078,0.8160903842566385,-0.22096572702298883,8.512790721737684,-0.5296946476579565,0.526635419258501,0.6648900025003656,8.190341496093788,54.14837620042789,51.40686573044857,49.200563853670864,15.205668586114328,4.520224083088424,30884.0,136954.60614109732, 0.0, 0.0,0.0,NaN, 124.87093615789082,124.87093615789082,0.0, 88.16496851377012, -4.713100540694879, 20.52938589378943, -4.713100540694879, 73.21883426787903, -8.615770488601578, 20.52938589378943, -8.615770488601578, 90.26098013042815, 5.492805243609576, 3.382912370281885, 13.0, 0.0
47, 0 ,1.0,1.0,1.0,28.428788492706644,151.98004457050243,129.38935035116154,10.347500485935058,8.405377140965117,8.241725138734589,58.0,41.0,41.0,-0.9648816735106105,0.25974474086114185,-0.03919216399157424,10.477563655742463,-0.21120829577820344,-0.6784066177542293,0.7036728762583755,8.762650065154217,0.15618710547875309,0.6872387726127263,0.709442356714006,7.686597955288952,56.11990571958171,45.24930513005209,38.87587787509153,15.006872866014804,4.521164809427736,29616.0,98720.88869537221, -3.552713678800501E-15, 0.0,0.0,15.229434381523676, 89.99986654681767,89.99986654681767,1.6518123698891422E-6, 107.07076630642626, -10.16928639927102, -0.7135453845691648, -10.16928639927102, 70.6503648818589, -8.965758169316, -0.7135453845691648, -8.965758169316, 67.92603326244969, 5.350797503923988, 3.427898384927425, 20.0, 0.0
48, 0 ,1.0,1.0,1.0,17.235460776846914,134.59168316831682,12.124112718964204,9.765489578457,10.782096143287871,7.963894849021174,41.0,52.0,32.0,-0.41691231320186534,0.8867959749483789,-0.19944177575429028,11.274211888237874,-0.8872409809161749,-0.34937371262825656,0.30123321647396856,9.498450185544632,-0.19745269024142037,-0.30254075384930057,-0.9324599333894851,7.5969464581609625,56.036967882626385,48.17293120352646,36.93672808860869,15.813911683544278,4.996218808398493,32825.0,99709.40464036794, 0.0, 0.0,0.0,NaN, 68.71901576831719,68.71901576831719,0.0, 95.36478670695229, -15.57971421806308, -2.9179060839259257, -15.57971421806308, 116.25359724310319, -15.694486434964842, -2.9179060839259257, -15.694486434964842, 63.423621166265995, 5.669241170232203, 3.501386465194938, 11.0, 0.0
49, 0 ,1.0,1.0,1.0,181.06949418084153,84.19415846016115,18.17242054610564,10.598178105376746,9.849528929287667,8.790169293789043,45.0,47.0,41.0,-0.8406517316433213,-0.5262712456805868,0.12784069013772176,11.110003134160399,0.5043637178921686,-0.8467550150380632,-0.16918387801997853,9.326502839905434,0.19728635573468967,-0.07774651424786533,0.9772581917606178,8.728450643259404,53.83626736131302,50.170140744941854,45.179510690597105,16.188067021102164,4.954610137632423,35744.0,122028.64352985857, -2.8421709430404007E-14, 0.0,0.0,32.790995007412185, 88.18875913566558,88.18875913566558,0.0, 112.32137915328704, 16.290837913634803, -5.998917094799877, 16.290837913634803, 97.01322012887466, -1.6318150903640507, -5.998917094799877, -1.6318150903640507, 77.26707621347177, 4.7032590144653215, 3.2173556180637934, 16.0, 0.0
50, 0 ,1.0,1.0,1.0,150.3688339965463,112.72760717771604,35.72336511750132,9.578885995280206,8.793655947719033,7.432248926574701,44.0,42.0,36.0,-0.9803963645612868,0.19671178449782717,-0.011289029838467322,9.610804682628162,0.19637337852902775,0.9801899239852133,0.02579164831796222,8.759847136351976,0.016138914465000813,0.02306917331727854,-0.9996035957730188,7.430967463535214,45.44786142133394,41.82618904856517,36.21414278424102,14.39896627704524,4.12207909876975,26638.0,68839.85671247705, 0.0, 1.4210854715202004E-14,0.0,78.65526134360584, 106.56398079608198,106.56398079608198,0.0, 91.75505691057528, -3.0228523358007466, 0.5201192927603269, -3.0228523358007466, 77.32838492685433, 0.46143619237888467, 0.5201192927603269, 0.46143619237888467, 55.23832410657079, 5.713315579931973, 3.6235991296978782, 11.0, 0.0
