// Sample: .//bubblelabels.tif, Map: .//bubblelabels.tif, Thickness:(8.191250068658265):/gpfs/home/mader/Foam/NewValid/InSilicoTest/LatticeData_OldFoam/out_Step_07000.vtk/distmap.tif, Neighbors:(1.0):
//LACUNA_NUMBER, TRIANGLES, SCALE_X, SCALE_Y, SCALE_Z, POS_X, POS_Y, POS_Z , STD_X, STD_Y, STD_Z,PROJ_X, PROJ_Y, PROJ_Z, PCA1_X, PCA1_Y, PCA1_Z, PCA1_S, PCA2_X, PCA2_Y, PCA2_Z, PCA2_S, PCA3_X, PCA3_Y, PCA3_Z, PCA3_S,PROJ_PCA1, PROJ_PCA2, PROJ_PCA3,OBJ_RADIUS, OBJ_RADIUS_STD, VOLUME, VOLUME_BOX, Mask_Grad_X,Mask_Grad_Y,Mask_Grad_Z,Mask_Angle, Mask_Distance_Mean,Mask_Distance_COV, Mask_Distance_STD, SHAPET_XX, SHAPET_XY, SHAPET_XZ, SHAPET_YX, SHAPET_YY, SHAPET_YZ, SHAPET_ZX, SHAPET_ZY, SHAPET_ZZ, Thickness, Thickness_STD, Neighbors, Neighbors_STD
1, 0 ,1.0,1.0,1.0,78.8699358238568,135.9141649015269,39.61461969619874,18.026792791749898,17.270300533773536,18.966923658801807,97.0,91.0,87.0,0.39963155059942324,-0.38818530993294276,0.8304256673042844,19.50850940705726,0.838553411488353,-0.21114226443153208,-0.50224209326974,17.910606350853673,-0.3703009584739767,-0.8970680628151857,-0.2411350054020862,16.780970556612008,96.23056304068088,91.18590754030484,89.86462065494582,30.173017731658934,8.518317493929487,253521.0,788550.4738388732, 0.0, 0.0,0.0,NaN, 162.05691929508347,162.05691929508347,0.0, 324.9652583566861, -22.29357065701457, 16.343598636256658, -22.29357065701457, 298.2632805268585, -27.751646848943235, 16.343598636256658, -27.751646848943235, 359.7441930788158, 7.925888821142046, 6.224459680295639, 42.0, 0.0
2, 0 ,1.0,1.0,1.0,57.13568139325532,258.0818502873762,14.543781594072433,17.550231654838818,18.018137022233596,9.251447553894494,98.0,86.0,38.0,0.6302949801483954,0.7692732420732082,-0.10462751564435321,18.69124166312809,0.761115192487798,-0.63885682529788,-0.11209647868945816,16.996303076677606,0.1530748240697854,0.008979743898894912,0.9881738017350562,8.94518538372547,98.53547420618497,81.47077446048186,42.80046638158789,25.372902422398504,8.629542131325906,115528.0,343591.93172360014, 0.0, 0.0,0.0,NaN, 72.34043783844278,72.34043783844278,0.0, 308.0106311385064, 29.04176473881116, -35.581770449476075, 29.04176473881116, 324.653261751985, -6.721833657239355, -35.581770449476075, -6.721833657239355, 85.58928184246042, 8.34338017786112, 6.230300354756556, 26.0, 0.0
3, 0 ,1.0,1.0,1.0,258.5917122876217,140.15365477688235,127.28622190485906,16.51705080310335,16.91213183865334,14.963815750183361,89.0,86.0,73.0,0.40993478155329066,0.8766542719395618,-0.25185464530751134,17.19726738236495,0.9114262238280917,-0.4044276118447596,0.07576638632012048,16.37850546364462,0.035436046496769055,0.26060620535140927,0.9647946373923404,14.790115135540189,89.15648102460898,92.76956827787805,76.35596606622622,26.874934058765668,7.7773306283667525,176454.0,631540.8255627526, 0.0, 0.0,-1.4210854715202004E-14,75.41271227969493, 193.80267161574847,193.80267161574847,3.814697265625E-6, 272.812967232297, 9.422115139048795, -4.5308376635629575, 9.422115139048795, 286.0202033279921, -18.517479538613095, -4.5308376635629575, -18.517479538613095, 223.9157818054356, 6.856160287111611, 5.705799563687791, 41.0, 0.0
4, 0 ,1.0,1.0,1.0,78.50386637526222,16.941403129964627,261.31897376482254,16.134770091292207,10.240224392241977,16.787583381026035,78.0,45.0,77.0,0.32533632045398364,0.0104231747334529,0.9455409224470078,16.878731012120895,-0.9382303094925387,0.12814274271361503,0.3214083443835388,16.12048964112157,0.11781411181602167,0.9917009604302633,-0.051468826863391305,10.112082398209942,87.31128417731401,76.5724893843313,46.0688679244347,24.269756267158314,7.615437479890303,113931.0,307999.97583106504, 0.0, 0.0,0.0,NaN, 89.14084342479315,89.14084342479315,0.0, 260.33080589885753, -18.330429716922914, 8.652789776764799, -18.330429716922914, 104.86219560346758, 8.29158410664299, 8.652789776764799, 8.29158410664299, 281.8229557749016, 7.760852368619483, 5.93974199945713, 23.0, 0.0
5, 0 ,1.0,1.0,1.0,188.21686032021077,113.16028935281342,236.22350071804124,15.983687597137047,14.975503975257347,16.286287015105437,81.0,88.0,82.0,0.15180013331852021,0.1347602232995795,-0.9791814958120519,16.298515294329935,0.9175691175377566,0.349079315434326,0.19029068836095253,16.16121439451882,-0.36745562189938297,0.9273528528840309,0.0706615325505178,14.770263428561599,81.164042242605,84.01344616311832,84.9108720137648,26.27849489499254,7.377522572523556,168514.0,578996.273701943, 0.0, 0.0,-2.8421709430404007E-14,11.711667402432557, 171.37141903988953,171.37141903988953,0.0, 255.47826920287267, 14.752129709642887, 0.45467076776938253, 14.752129709642887, 224.2657193129486, -3.407384418475591, 0.45467076776938253, -3.407384418475591, 265.24314473839195, 7.003349030281683, 5.680913002596232, 39.0, 0.0
6, 0 ,1.0,1.0,1.0,274.4009642210659,206.0960457377725,208.88974783289225,15.059391803663384,15.943712425775317,17.142382651699613,61.0,88.0,86.0,-0.2414463134065077,0.36709394366432246,0.8983015720054052,17.551640032363647,-0.20017050882628207,-0.9246214829122015,0.3240476519487061,15.688122924140776,-0.9495448620990133,0.10157337181672102,-0.2967278298359431,14.855007966363964,89.75416926291052,84.20584247548356,72.1503493879676,26.697993727085958,7.878176269772076,167389.0,545299.7459989183, 0.0, 0.0,0.0,NaN, 133.32044595202802,133.32044595202802,0.0, 226.78528149624393, -3.0359898307659203, -20.604443573354374, -3.0359898307659203, 254.20196591582226, 21.19327747994672, -20.604443573354374, 21.19327747994672, 293.86128297729186, 7.8645818283672995, 5.997171330120881, 37.0, 0.0
7, 0 ,1.0,1.0,1.0,263.5345981466901,279.67476227969235,27.6768063715099,17.540225597448583,11.462025087431226,15.796595818866312,80.0,50.0,68.0,0.9800715089796342,-0.10160973882508907,-0.1706906507758432,17.648920140872022,-0.16854216753421153,0.02943061726434529,-0.9852549804646051,15.738170681505776,0.10513503245471284,0.9943889076932313,0.01171858384830331,11.375217538132263,84.29979227688682,74.62724990000075,55.06994567818367,25.071209188882595,7.746253441904242,132088.0,346448.4241367335, 0.0, 0.0,-3.552713678800501E-15,80.17202263111034, 50.0883861951695,50.0883861951695,0.0, 307.65951400939053, -18.72005529357829, -10.817841174957591, -18.72005529357829, 131.3780191049028, -0.2720262119186072, -10.817841174957591, -0.2720262119186072, 249.53243946462462, 7.290573061704067, 5.792763702250115, 24.0, 0.0
8, 0 ,1.0,1.0,1.0,276.9068282780736,207.27220440704892,284.696787384896,13.044788709051211,15.07609085445706,8.838471231837742,53.0,75.0,39.0,0.1398711236678258,0.9770304121111836,-0.1607720204940861,15.245143691473082,0.9884185478647669,-0.14742332954170412,-0.03598799999643681,13.010050408019929,0.05886291702596118,0.15387636503598986,0.986335247916501,8.596382020290633,76.64062303048254,58.41665422981873,43.0842618164059,20.74160999079635,6.734925138514143,67982.0,192892.06498020855, 0.0, 0.0,0.0,NaN, 96.7777193988863,96.7777193988863,0.0, 170.16651246378999, 7.766616791419122, -6.95682016863389, 7.766616791419122, 227.28851545184384, -24.39370790146652, -6.95682016863389, -24.39370790146652, 78.11857371602336, 7.136571845287139, 5.72585646582311, 16.0, 0.0
9, 0 ,1.0,1.0,1.0,154.19301754134233,178.0296391290311,15.35505075868996,16.851593016993704,16.514504892785837,9.64027738367928,82.0,77.0,41.0,-0.7391412650508578,-0.6733348743867483,0.017039285008440506,18.429561396187076,-0.6726644331506697,0.7392298771894691,0.03258449085884718,14.739750132253283,0.03453622262358386,-0.012622820802951079,0.9993237281891543,9.62969573150818,86.66340409788944,74.10973307617135,41.92666426841272,24.28729380303304,7.7309357016946905,111508.0,269278.26709933684, 0.0, 0.0,0.0,NaN, 190.71502994912495,190.71502994912495,3.814697265625E-6, 283.97618721039095, 60.96576996292483, -5.839273930832491, 60.96576996292483, 272.72887185384735, 0.16666568535462903, -5.839273930832491, 0.16666568535462903, 92.93494803427821, 8.630564987386041, 5.947347348044599, 18.0, 0.0
10, 0 ,1.0,1.0,1.0,47.59300272215528,249.45662082990674,213.30388688074154,15.556782852143268,16.45263455816338,14.50286961253713,85.0,74.0,74.0,-0.4295001155133673,-0.860478338066134,-0.27405598058233926,17.360365536563336,-0.7714494780859749,0.19183822929828054,0.6066826159867917,15.794684801402004,-0.4694628350944094,0.4719905968328649,-0.746210106448898,13.12179652611364,81.79244232451487,76.98605104061866,72.69209585411234,25.8483057929876,7.409520311304968,156861.0,457733.19660842593, 0.0, 2.8421709430404007E-14,0.0,30.6296668453881, 111.06729093675668,111.06729093675668,1.9073486328125E-6, 242.01349270873885, 36.31094145149488, -20.966054365073024, 36.31094145149488, 270.68918390447186, 39.46347274516902, -20.966054365073024, 39.46347274516902, 210.3332269982529, 7.514600826739176, 5.5152177335332855, 32.0, 0.0
11, 0 ,1.0,1.0,1.0,14.277833543344084,164.88988317707108,13.75101979796254,8.881420191436273,15.107825115504632,8.253117473668668,35.0,74.0,34.0,-0.056248101576380646,0.9925095073905231,0.10844827711160016,15.187858871536053,0.9970634181194725,0.05018575669019978,0.05784401501751063,8.856136930854445,0.05196817600192536,0.11138342589835058,-0.9924177754948665,8.132510924183212,72.9711478688192,37.78762664370681,36.0218410607944,18.349691120750343,6.207156204314448,46823.0,99326.85837428202, 0.0, 0.0,0.0,NaN, 136.5565477891152,136.5565477891152,0.0, 78.87962461685193, -8.570221691273902, -0.29464187582375817, -8.570221691273902, 228.24637972067254, 17.74538705504327, -0.29464187582375817, 17.74538705504327, 68.11394803417511, 9.769188942257578, 5.701555642693197, 12.0, 0.0
12, 0 ,1.0,1.0,1.0,24.157494586574707,132.4042104418959,190.7473734862459,13.491729442276265,14.916418671725832,14.484120708733691,61.0,73.0,70.0,-0.08206863745675158,-0.9195624307527025,0.3842781215398225,15.022271927095558,-0.08661265403295026,-0.3775392368094856,-0.9219340393057847,14.391306866241617,-0.9928559749064114,0.10894521842418577,0.04866161192506621,13.473592500481342,74.26172525653934,78.63477527282473,62.51649964458072,23.843191950850965,6.768918645831429,124690.0,365068.480374293, 0.0, 0.0,0.0,NaN, 173.35107697270325,173.35107697270325,NaN, 182.0267633435842, 4.166638185436276, 0.6501891047967224, 4.166638185436276, 222.49954599021106, -6.6936993430127, 0.6501891047967224, -6.6936993430127, 209.78975270516815, 7.212887442744632, 5.320225891590652, 28.0, 0.0
13, 0 ,1.0,1.0,1.0,123.15669702254975,234.9288969163846,76.56214453628574,14.328820082047294,14.503990365511505,16.480398105199843,75.0,70.0,78.0,-0.15271801267656301,0.3811220190304679,0.9118241141877423,16.897541558078267,0.8202971437460856,-0.46568768445069014,0.33203550489814815,14.406575185376184,-0.5511713023789747,-0.7986745189131138,0.24151440593217433,13.935853898973255,80.66781297638225,70.03294164012856,71.46658572424758,25.19615888055393,7.2414032368199335,145057.0,403743.6322953833, 0.0, 0.0,0.0,NaN, 158.94521840564354,158.94521840564354,0.0, 205.31508494368182, -10.41158183961772, -9.082571301693722, -10.41158183961772, 210.36573652285057, 29.671887318413702, -9.082571301693722, 29.671887318413702, 271.6035217058746, 6.579926863413496, 5.137118302078829, 32.0, 0.0
14, 0 ,1.0,1.0,1.0,190.90232388044817,279.2435586289438,59.728506599288544,16.221145262511023,11.950626356430908,14.629021400300307,72.0,53.0,77.0,-0.9260944563743375,0.06232688044067903,0.37210807280580954,16.507539328995183,0.37729111370482293,0.15118777947874434,0.9136704388649449,14.375387786961248,-6.880349516930989E-4,-0.9865381975933923,0.1635295425820221,11.86594548888169,77.77971616268589,72.23907936112488,57.849281060045314,23.901119224200503,6.977663713554599,120316.0,325039.7853401637, 0.0, 0.0,0.0,NaN, 126.09768948580296,126.09768948580296,0.0, 263.12555362748384, -3.8454295271838554, -22.683970464819122, -3.8454295271838554, 142.81747031102108, 12.15078495473974, -22.683970464819122, 12.15078495473974, 214.00826713044435, 7.2212210986451755, 5.571115103923602, 30.0, 0.0
15, 0 ,1.0,1.0,1.0,280.10251407008434,287.05078131299285,148.9534921223654,11.242731651254942,7.702452985945639,17.27958213714731,49.0,32.0,75.0,-0.009790010387489698,0.004496253210757793,0.9999419680179835,17.280169422998213,0.985453197018315,-0.16962785689576806,0.010410890996034856,11.3327400813651,-0.1696648230570948,-0.9854979319471012,0.0027701886201279445,7.568058058574314,75.085861436149,52.92765180646833,34.740758497349816,20.780091124755124,7.245589600861415,62011.0,138063.8851313466, 0.0, 0.0,0.0,NaN, 150.8334678590355,150.8334678590355,0.0, 126.39901498212969, -11.904997771471168, -1.6324579416858271, -11.904997771471168, 59.32778200070289, 0.9593532325984604, -1.6324579416858271, 0.9593532325984604, 298.58395883442046, 8.043030296028352, 5.889712748681356, 19.0, 0.0
16, 0 ,1.0,1.0,1.0,172.62005720520153,100.21099578332793,12.03550260961873,14.252033825778176,15.41855967384777,7.540604080614053,69.0,76.0,30.0,-0.3229088684144615,-0.9448602866153066,-0.0544876268205212,15.599731996528504,0.9446001313567377,-0.31817158318803773,-0.08060667151328979,14.10645568021037,0.05882562825950864,-0.07749762853699384,0.9952555767394708,7.4410637859413935,80.20227426448359,69.27710310129731,33.31333584064798,21.152587026876972,7.090925366840158,67826.0,185094.93107926945, 0.0, 0.0,0.0,NaN, 162.51998900245604,162.51998900245604,0.0, 203.1204681711253, 14.18901839023973, -7.628123400320381, 14.18901839023973, 237.73198241600466, 13.361379443778713, -7.628123400320381, 13.361379443778713, 56.86070990057331, 7.374889326808542, 5.2723629587225025, 22.0, 0.0
17, 0 ,1.0,1.0,1.0,219.19532279314888,31.126305323769092,262.0480895915679,14.81333358778781,16.18472264609775,16.0093935268117,84.0,71.0,74.0,0.42506632785118914,0.6403942517829845,-0.6396982251111988,16.45349415492601,0.11558034504819209,-0.7393374039800745,-0.6633410788685908,16.114972817501723,-0.8977526389633433,0.2080274149224495,-0.3882844239407972,14.396908049838634,81.23798138938216,83.74786673616234,72.54676417854222,26.14104113660489,7.370668117944478,163944.0,493572.4642961371, 0.0, 0.0,0.0,NaN, 94.54411798341323,94.54411798341323,0.0, 219.43485198308247, 12.791218043492137, -21.27111040904948, 12.791218043492137, 261.94524713110934, -0.2822658418277041, -21.27111040904948, -0.2822658418277041, 256.3006810963204, 7.887029787627788, 5.603803327544753, 38.0, 0.0
18, 0 ,1.0,1.0,1.0,158.51975836447886,254.25310783074758,279.48142471744956,17.1304966451132,14.22941356861411,10.84634583247564,82.0,78.0,48.0,-0.9515260404433267,0.29646816082692484,-0.08188298952862744,17.43640541498388,0.30405067634339494,0.946844856335171,-0.10506190673480524,13.929557089912814,-0.04638297719388998,0.12486571846399361,0.9910888818764452,10.74767645659916,81.00957231957548,74.67841249217511,50.79035844565209,23.67980808970472,7.269114978269824,111573.0,307264.71769478585, 0.0, 0.0,0.0,NaN, 150.1014618450345,150.1014618450345,0.0, 293.4539153082346, -30.574708721759674, 12.17971820431812, -30.574708721759674, 202.47621050665933, -12.387310854963507, 12.17971820431812, -12.387310854963507, 117.64321791766167, 7.67449996899033, 5.552962419654189, 28.0, 0.0
19, 0 ,1.0,1.0,1.0,235.0108764980362,243.15319413206217,10.738208734767868,14.912870895736651,13.678345286082324,7.18312360951756,67.0,65.0,30.0,-0.9933589605676318,0.05066530434605921,-0.10330054402332928,14.975696972371669,0.056301788905403834,0.9970379357189173,-0.05239716884920027,13.691789721768577,-0.10033984266504478,0.057865202608143124,0.9932691147423607,7.025062797895744,67.98038947302149,64.83807237836021,33.23241275062723,20.372488357829226,6.786002580159648,59578.0,146479.08435564296, 2.8421709430404007E-14, 0.0,0.0,6.6068781938158505, 87.00835958557062,87.00835958557062,0.0, 222.39371835290925, -1.0505097485241846, 17.541888629022036, -1.0505097485241846, 187.09712976529053, -8.13081390987037, 17.541888629022036, -8.13081390987037, 51.59726478960858, 7.127146716219144, 5.128777424702795, 11.0, 0.0
20, 0 ,1.0,1.0,1.0,271.38543870657077,67.23593702120209,238.65800878434578,15.500355652853715,15.160205469965996,13.802184447184013,72.0,79.0,70.0,-0.9632612376445666,-0.19877352684562774,-0.18060142047284183,15.618111782487752,0.12431199379105196,-0.9260891236791645,0.3562379306065672,15.328166801556339,-0.2380636810837618,0.32069926727154585,0.9167756888794236,13.480172017597269,78.83918279337053,73.9069127334003,78.5155675125348,24.70673953627574,7.0830905865553335,137062.0,457491.41547927464, 0.0, 0.0,0.0,NaN, 95.40599683162412,95.40599683162412,0.0, 240.26102536495412, 5.782541354327963, 13.180123257590177, 5.782541354327963, 229.83182989158692, -15.33025702286736, 13.180123257590177, -15.33025702286736, 190.50029551408824, 6.11075468851589, 4.9658669906852175, 30.0, 0.0
21, 0 ,1.0,1.0,1.0,69.87459607456105,63.683911430890944,159.59119561929927,14.574780897104663,14.282297049085496,14.064781087966828,71.0,65.0,70.0,-0.8497734742561515,0.489273318231231,0.19620566382658408,14.622478520900321,-0.5016717619603077,-0.6362911707786033,-0.5860537426216429,14.51912425677288,-0.16189652776471275,-0.5964437660468879,0.786157966468276,13.76969378641191,79.34814358158448,78.03680484703597,80.30509687885035,23.854740018232523,6.721435331225058,125642.0,497255.2305898942, 0.0, 0.0,0.0,NaN, 169.27117917512865,169.27117917512865,0.0, 212.424238198607, -3.299432446911671, 2.1961436317288503, -3.299432446911671, 203.98400899831628, 10.230032495700549, 2.1961436317288503, 10.230032495700549, 197.81806705242934, 7.010519898833349, 5.100055906007702, 29.0, 0.0
22, 0 ,1.0,1.0,1.0,277.48554011908135,207.0615785370003,12.358254182024384,13.154538938432946,13.537260621106794,7.795358697603457,55.0,72.0,31.0,-0.5473856429710491,0.8352587720222396,-0.05207438553714579,13.809534662369348,0.8341155790166135,0.5495738337627106,0.0471147756562249,12.891289172505141,-0.06797174935920836,0.01764610447823132,0.9975311806083017,7.757470780511542,63.024208095148666,67.29061415613438,32.4822340724095,19.44076373839454,6.254889471344964,56432.0,137755.13006481266, 0.0, 0.0,0.0,NaN, 96.42187269593546,96.42187269593546,0.0, 173.0418946827486, -11.082652606921766, 7.886568532260567, -11.082652606921766, 183.2574251237687, -2.932413050796427, 7.886568532260567, -2.932413050796427, 60.767617224301866, 7.582413054303471, 5.569179242435759, 13.0, 0.0
23, 0 ,1.0,1.0,1.0,41.412317923713125,85.22160844340205,38.68720682631774,13.263132009374264,14.151352383428637,16.048417915294376,62.0,70.0,80.0,0.15351848295733675,0.031195545142468067,0.9876532353785624,16.11147963354418,-0.17855579766373958,-0.9821726545005895,0.05877672899992544,14.183549897582699,0.9718795720207019,-0.18537452552745562,-0.14521151047464237,13.151817322433956,78.60917598618792,71.90286222266073,59.60152002743633,24.20539080514212,6.91536105581798,129616.0,336881.1866588538, 0.0, 0.0,0.0,NaN, 102.34452888903009,102.34452888903009,0.0, 175.9106706980882, 5.360777835755305, 12.836004857278969, 5.360777835755305, 200.2607742799714, 1.0403551345577988, 12.836004857278969, 1.0403551345577988, 257.5517175839415, 6.872473103936392, 5.018305201500524, 23.0, 0.0
24, 0 ,1.0,1.0,1.0,65.50375388002875,42.59250905977156,35.7487576262634,14.788432295457513,13.141644112692763,15.840002655685351,77.0,69.0,76.0,0.23839435118511793,0.2486226055706499,-0.9388050560804877,16.01136944096349,-0.9114687489323539,-0.2764213877119186,-0.3046570795749,14.958873974133445,0.33525043332219034,-0.9283199967762615,-0.1607144378785096,12.734769802595402,84.26024774333767,83.94884446818044,62.57698036319097,24.356180696322582,7.005903636403739,130798.0,442641.42652234336, 0.0, 0.0,0.0,NaN, 85.92343843331358,85.92343843331358,0.0, 218.69772975733076, 21.101099237386308, -3.9765488768521164, 21.101099237386308, 172.70280998467234, -16.79759604334848, -3.9765488768521164, -16.79759604334848, 250.905684132119, 6.502843644168018, 4.977308962144325, 24.0, 0.0
25, 0 ,1.0,1.0,1.0,29.83698029551775,282.0913076610948,137.114733331354,14.739076305241179,10.723565618295101,15.53081734447535,64.0,47.0,70.0,0.4646476613455755,0.008409467606349615,0.8854557197628038,15.81770743971211,0.880017596451324,0.10667075963117055,-0.4628070645266162,14.468671101090987,0.09834419526398915,-0.994258834456243,-0.04216383952620439,10.672357059674763,82.73630737601657,70.68024844790226,50.32696518646773,22.913632094911794,6.957512594890886,101043.0,294303.17250942317, 0.0, 0.0,0.0,NaN, 141.46171478874768,141.46171478874768,0.0, 217.24037033172198, 9.492048135878335, 17.20552524602475, 9.492048135878335, 114.9948595698808, -3.6969164584888214, 17.20552524602475, -3.6969164584888214, 241.2062873874564, 7.216233479181536, 5.215665205045076, 25.0, 0.0
26, 0 ,1.0,1.0,1.0,280.7016951512409,105.25988838223861,168.88716395744137,11.645024961754617,12.250843449003915,14.65450346815326,49.0,59.0,71.0,0.2072385253485049,-0.1421139414440727,0.9679131269171879,14.80303060291767,0.4558821753136413,-0.8613709802605165,-0.22407917483858103,12.498451835284465,-0.8655770536715258,-0.4876921795684935,0.11372203895926622,11.184955527858099,68.55358849653337,69.17278624738194,57.4469004478064,21.44693181850996,6.361867575029222,86187.0,272415.65625969274, 0.0, 0.0,-2.8421709430404007E-14,14.553568134097116, 169.24137924101134,169.24137924101134,0.0, 135.6066063598881, -14.984850031822099, 15.68286383498457, -14.984850031822099, 150.08316521200214, -6.929381292801778, 15.68286383498457, -6.929381292801778, 214.75447189811592, 6.955945041152837, 5.284369068914961, 18.0, 0.0
27, 0 ,1.0,1.0,1.0,35.9009900990099,179.01750495049504,207.62795247524753,13.475836350903332,14.927178299751581,14.669474618739585,69.0,70.0,75.0,-0.15543096395938816,-0.74375047988479,0.6501357082285205,15.594046818109014,0.2727819915450746,-0.6648593950692054,-0.6953790116741466,14.065205007119099,-0.9494373073201612,-0.06926188316350401,-0.3062214737886402,13.36443095986818,75.59070106107991,70.32004385174673,74.50094677015407,23.953290263792937,6.771424405336671,126250.0,396012.8678942195, 0.0, 0.0,0.0,NaN, 156.39130526473596,156.39130526473596,0.0, 181.59816535632763, 3.9778519752965407, -10.170658170767696, 3.9778519752965407, 222.8206519925745, -22.333416039368558, -10.170658170767696, -22.333416039368558, 215.1934855898449, 6.6071603865906745, 5.027966871187343, 33.0, 0.0
28, 0 ,1.0,1.0,1.0,123.93200911807585,187.31641817493497,114.12060507938043,13.967929492427896,13.932316470761858,15.149112699827892,70.0,71.0,73.0,-0.19660691170513858,-0.3357423173207179,0.9212072614943297,15.305413622734283,-0.7257860096484244,-0.5818678918097933,-0.3669665171094554,14.346080276705317,-0.65922711599902,0.7407474960072028,0.1292778275292158,13.365717589053437,75.652341956202,68.48522315737881,65.93026402835034,23.91306710969016,6.8464102671738845,124149.0,341589.1496246457, 0.0, 0.0,0.0,NaN, 202.6826213582528,202.6826213582528,0.0, 195.103054305437, 15.144188723345573, -2.8366396227517567, 15.144188723345573, 194.10944224146215, -11.399541916030744, -2.8366396227517567, -11.399541916030744, 229.49561559208675, 6.335573858671361, 4.7660380779617615, 32.0, 0.0
29, 0 ,1.0,1.0,1.0,33.472482172048615,14.170923262811248,71.27401738965624,16.705990126063668,8.811587020405772,13.645381791607381,73.0,36.0,66.0,-0.9998010925953034,0.008399551157953364,0.01808930030661946,16.707317196447338,-0.01816398506373989,-0.008902028357471285,-0.9997953908364086,13.644593146614202,-0.008236801068519931,-0.9999250979105727,0.009052826999889345,8.810292055869352,73.57273692042693,65.52637356704238,36.553096242518656,22.210173038063218,7.045482933647868,84418.0,176220.8190755519, 0.0, 0.0,0.0,NaN, 80.00754766732709,80.00754766732709,0.0, 279.0901060921368, -1.6747310438590333, -1.6731438508827763, -1.6747310438590333, 77.64406581818348, 0.9967684982426206, -1.6731438508827763, 0.9967684982426206, 186.19644423873024, 7.094266672068552, 5.262592577788287, 21.0, 0.0
30, 0 ,1.0,1.0,1.0,234.97270919438054,273.37265970803054,95.85322715151071,13.530000765060374,13.04448830608927,14.324467184309789,69.0,60.0,68.0,-0.48581841337652454,-0.3034217029574298,0.8197046659613016,14.795645961701581,-0.7058723604063843,-0.416887946337974,-0.5726680111656544,13.307753835633834,-0.5154848979733894,0.8568195319742192,0.011645153019373597,12.743724118591023,72.9822789147393,69.90469988895,68.88200595418998,22.74840673184798,6.396870105541315,109121.0,351422.5144966601, -2.8421709430404007E-14, 0.0,0.0,60.933893451215084, 118.85034689012083,118.85034689012083,0.0, 183.06092070253428, 12.653758493878547, -16.563613690699817, 12.653758493878547, 170.15867516769973, -10.54663613893006, -16.563613690699817, -10.54663613893006, 205.19036011436802, 6.17907351803909, 4.755637630544057, 24.0, 0.0
31, 0 ,1.0,1.0,1.0,135.1428844111008,25.29395996547603,250.8433972911964,15.033726126655472,13.484944122964423,13.76793229178338,75.0,60.0,68.0,-0.986180424023248,-0.13325187117922088,0.09844851497388386,15.043265741634368,0.16201194579397438,-0.6513828713053056,0.7412506218480401,14.790187513648604,-0.03464535601458057,0.7469566880330424,0.6639694311557808,12.34354519494178,71.7101730989811,74.0668750356376,66.1676225353603,23.532517689582406,6.605543886107585,120496.0,351439.29805057676, 0.0, 0.0,-2.8421709430404007E-14,84.35016393265217, 146.01285973351256,146.01285973351256,0.0, 226.0129212512833, 2.710163750451479, 0.7940863500653051, 2.710163750451479, 181.84371799947272, -33.0238761075182, 0.7940863500653051, -33.0238761075182, 189.55595959113154, 7.877435289778912, 5.28133929068386, 21.0, 0.0
32, 0 ,1.0,1.0,1.0,20.116085342157408,250.2685892379615,80.9725658438985,11.794477068430236,13.22528267531816,15.561178912085905,49.0,66.0,81.0,-0.0473643518394224,-0.07008054366006594,0.9964162461417119,15.583079942721962,0.3733044374356838,-0.926496266996936,-0.04741797371851146,13.466826965489494,0.9264990098028482,0.3697206846269913,0.07004427309416213,11.488266678400437,80.80637660935565,70.72449377859482,56.56369215182093,22.64631056877453,6.581238326966862,103958.0,323260.93952333916, 0.0, 0.0,0.0,NaN, 97.13097613645216,97.13097613645216,NaN, 139.1096893177267, -16.709193471630094, -6.105628471152628, -16.709193471630094, 174.90810184207066, -5.5715575856917265, -6.105628471152628, -5.5715575856917265, 242.1502891339471, 7.074450680791429, 5.376562965750156, 21.0, 0.0
33, 0 ,1.0,1.0,1.0,166.40890793403454,12.055528502791844,220.8233995584989,15.115635950574841,7.701849256282207,12.950115919339373,73.0,32.0,66.0,0.9410757977869728,0.009811501101530702,0.3380533645236323,15.410228885353016,-0.3381830515279268,0.03595149983925223,0.9403933822175531,12.603920352122179,0.002926854774830416,0.9993053707978574,-0.03715116977544775,7.692364522012999,72.11624649918286,64.50965313210796,33.10018958082201,20.28438358106692,6.637033766471663,61608.0,153988.50491756885, 0.0, 0.0,0.0,NaN, 155.75894742945587,155.75894742945587,0.0, 228.48245019031057, 0.4343287553186531, 25.021359536461137, 0.4343287553186531, 59.318481966494794, 3.9616470281519365, 25.021359536461137, 3.9616470281519365, 167.70550232432706, 6.9067352366124695, 4.9355235435563, 19.0, 0.0
34, 0 ,1.0,1.0,1.0,58.854702577631315,111.65417145060782,158.0901513624372,13.926224506184875,12.574630728530634,15.013119265559327,71.0,63.0,73.0,0.5115895528018175,0.14841206531895534,0.846315537097009,15.60542239364235,-0.8015544033753453,-0.27235187982939185,0.5322922054501561,13.40346312704768,-0.309494213021231,0.9506830767512163,0.020372031936214882,12.42065961031695,75.28468320687074,65.26628438171663,61.69254247534444,23.129697866158896,6.517046390628549,114097.0,303129.4873186443, -7.105427357601002E-15, 0.0,0.0,59.23023282623619, 189.9182328218098,189.9182328218098,0.0, 193.93972899666414, 12.317474204476712, 27.816336356666, 12.317474204476712, 158.12133795890685, 7.53154940497151, 27.816336356666, 7.53154940497151, 225.39375008190862, 6.6014320717517325, 4.937992730781288, 24.0, 0.0
35, 0 ,1.0,1.0,1.0,144.75600335070737,152.4209139985108,58.41469657483246,13.320238266143667,13.924860856467886,13.667045914367659,66.0,66.0,63.0,0.5353497443170863,0.6665512768430931,0.5187581773798581,14.778949050413207,0.064159923831402,-0.6445013754010952,0.7619064780404776,13.373218071878757,-0.8421900945947886,0.37460295306489283,0.3877995256849635,12.682994312524519,75.17520728267982,66.21321869907523,64.09713308057525,22.728708904707354,6.443945444328983,107440.0,319049.4050832084, 0.0, 0.0,7.105427357601002E-15,58.75101070120664, 214.81658201133985,214.81658201133985,0.0, 177.42874746683805, 19.79555342955058, 16.86427094852292, 19.79555342955058, 193.90174987199154, 11.071343789988166, 16.86427094852292, 11.071343789988166, 186.78814402543372, 6.237211871936595, 4.742907288035594, 19.0, 0.0
36, 0 ,1.0,1.0,1.0,27.438861442476338,13.642781593498547,262.4829229759944,12.441199107407735,8.702234410979013,16.68418205161201,50.0,40.0,75.0,0.04538504311500241,0.0729944313572671,0.9962991573078233,16.72318752044358,0.9949762168387215,0.08578323287455432,-0.05160973631879406,12.456847952400802,-0.0892329859791481,0.9936362764857265,-0.0687344474395914,8.60442839193694,75.32038428008502,52.29162924646848,41.70979470789352,21.429741294903902,7.045597046288483,74691.0,164279.26560248507, 0.0, 0.0,0.0,NaN, 48.44117747632157,48.44117747632157,0.0, 154.783435230163, 7.606435342232811, 5.131518760893278, 7.606435342232811, 75.72888374362725, 14.594996290349673, 5.131518760893278, 14.594996290349673, 278.36193073133234, 6.929755274717778, 5.071299258648873, 18.0, 0.0
37, 0 ,1.0,1.0,1.0,30.90861630861631,288.2680372680373,206.71460691460692,14.513806698447512,6.875179704043768,15.97620424592019,66.0,28.0,76.0,0.015981496999303478,-0.07049417604747527,0.9973841601394364,16.009609938183697,-0.9992953184740573,-0.03500850975754382,0.01353775167405451,14.519954145514236,0.03396260045246331,-0.9968976754852744,-0.0710039884975684,6.7838856262121,77.46021545548524,66.0799873066439,31.392330349968574,21.44677597234507,7.29339312955028,64935.0,160683.84205677066, 0.0, 0.0,0.0,NaN, 98.97043030498416,98.97043030498416,0.0, 210.65058487989987, 5.528706139193521, 1.1223450747867507, 5.528706139193521, 47.26809596289536, -14.863305356875681, 1.1223450747867507, -14.863305356875681, 255.23910210735832, 6.082816616296218, 4.844298897679334, 19.0, 0.0
38, 0 ,1.0,1.0,1.0,53.342354337318014,20.193261744189414,164.8398409987747,14.363188866899502,11.577261957519573,14.776240812422616,77.0,47.0,76.0,-0.5481444569423881,0.011840557443967382,0.8362998598127049,15.07678355078848,-0.8343922886537773,0.061217002880974536,-0.5477608850523942,14.056361232130552,0.05768156515253405,0.9980542469012829,0.023676090975223937,11.566364514422434,78.24889437764044,67.33492100668556,48.923109650639,22.685247797988332,6.637093772861506,103647.0,257770.1467031903, 0.0, 0.0,0.0,NaN, 146.70188535718907,146.70188535718907,0.0, 206.3011944262258, -3.8658977079010075, -13.714887242279683, -3.8658977079010075, 134.03299443302993, -1.2132319801486169, -13.714887242279683, -1.2132319801486169, 218.33729254670376, 6.574819657724762, 4.841066884245401, 23.0, 0.0
39, 0 ,1.0,1.0,1.0,128.61909746452665,93.01458299783492,209.46432086173886,14.403141983398688,12.616933240656115,14.438681516298082,69.0,63.0,69.0,0.6642767283346209,0.07868001350199844,0.7433343014205508,15.358356880398123,-0.6355207970611514,0.5829668450212684,0.5062242330318729,14.287328347399145,0.39350952300524034,0.808677385043797,-0.4372540934318562,11.623517107577001,72.2931914209247,71.01180406336186,58.84019095564588,23.071450631167163,6.543790422635465,111774.0,302066.11982574355, 0.0, 0.0,0.0,NaN, 182.73284893493206,182.73284893493206,0.0, 207.45049899394192, -20.30471423468049, 27.55429223870174, -20.30471423468049, 159.18700439917322, 26.262862177209243, 27.55429223870174, 26.262862177209243, 208.47552392908787, 6.66759188261147, 4.831171393144878, 27.0, 0.0
40, 0 ,1.0,1.0,1.0,281.18023206776473,254.22950128324075,242.8113937320015,10.972465458481148,13.700185362659228,13.274427911408873,45.0,68.0,70.0,0.13405020160518344,0.9323540673986707,-0.335777361438743,13.793470017598139,0.06758298929549139,-0.346647853982734,-0.9355574834755217,13.235788801746498,-0.9886673267623923,0.10271883144934915,-0.10947948966900192,10.902045370166006,72.12768055081378,69.6820532025198,49.508422170731905,21.11720234727807,6.193890425903306,82993.0,248829.57111019397, 0.0, 0.0,-2.8421709430404007E-14,70.38018418245395, 75.62842656488503,75.62842656488503,0.0, 120.3949982375619, 7.604678946480822, -6.775738043488805, 7.604678946480822, 187.6950789712222, -4.085544761768097, -6.775738043488805, -4.085544761768097, 176.21043637519094, 6.6203167322792495, 5.049405306009191, 17.0, 0.0
41, 0 ,1.0,1.0,1.0,133.97208457881115,278.0420887917026,54.703773547053984,13.176939181615403,12.187734367530657,14.793821049890806,59.0,52.0,70.0,-0.16561303376759756,-0.009071256117103283,0.9861490938791917,14.838464014442792,-0.9845453686740022,0.05926080790859038,-0.16479858515349716,13.130074530148852,0.05694506184794168,0.9982013168487001,0.01874542537941023,12.18404140630251,71.23783354722482,61.687277710206274,53.18966283044881,22.331267428703555,6.507244539230595,99694.0,233740.27238283333, 0.0, 0.0,0.0,NaN, 146.36656773768718,146.36656773768718,0.0, 173.63172619599118, -1.289484491470751, -7.82914115411708, -1.289484491470751, 148.5408690134879, -0.8755394888702542, -7.82914115411708, -0.8755394888702542, 218.85714125619228, 6.351117565213018, 4.680028405481005, 20.0, 0.0
42, 0 ,1.0,1.0,1.0,199.96186293879157,175.0275096208766,190.4342643657712,14.413841735715181,12.343441122252313,14.163341156240557,75.0,65.0,66.0,0.9012222735039701,0.2925752880499816,0.31968439837252827,14.663768617695768,0.32601388234239304,0.028273978633769015,-0.9449420779350748,14.11543367572866,-0.2855054504915372,0.9558243996439342,-0.06990246622929047,12.101571265814949,75.10304188824216,68.2568287220616,62.2860776660374,22.765016299420573,6.517180212012426,106799.0,319296.83757616044, 0.0, 0.0,0.0,NaN, 193.9855732865383,193.9855732865383,0.0, 207.75883358224482, 18.569022618993795, 3.492801980933997, 18.569022618993795, 152.36053873850943, 5.003624858784786, 3.492801980933997, 5.003624858784786, 200.60023270805763, 6.705750894676937, 4.827673279247528, 34.0, 0.0
43, 0 ,1.0,1.0,1.0,104.62921942569145,216.23123749079633,275.1523296933495,13.77497142726969,13.740442424583689,12.021496329789791,72.0,66.0,54.0,-0.7513321207014503,0.6421381320777082,-0.1521797086802752,14.099106614733085,0.6275897631018685,0.7665593641565402,0.13608023542623954,13.483196973765715,-0.2040370889127796,-0.006735024548783807,0.9789399909046139,11.936689737342183,72.88577169787328,66.674131320566,55.94435622255378,21.985316506555314,6.301732139588926,96429.0,271866.942509512, 0.0, 0.0,0.0,NaN, 136.31539109587317,136.31539109587317,0.0, 189.7498378220964, -8.250135693142784, 9.79457835149185, -8.250135693142784, 188.79975802329926, -1.4009027108267011, 9.79457835149185, -1.4009027108267011, 144.5163740071494, 5.60201209790168, 4.475637186768284, 25.0, 0.0
44, 0 ,1.0,1.0,1.0,176.326087183503,279.17533803184546,173.82200991908118,12.346528376275417,11.308594869225342,16.27023705946783,67.0,50.0,76.0,0.172434114103834,0.024370911554289797,0.9847195209618005,16.38216640660725,-0.9802423325654139,0.10259861444623138,0.16911089190359527,12.210329095395009,0.09690947187938811,0.994424246980999,-0.041580900379039186,11.294874149015703,78.41036377349758,67.21521549857617,51.90787352786657,22.34405026799766,6.7664697187561975,95775.0,273573.67336586094, 0.0, 0.0,0.0,NaN, 177.90387415200055,177.90387415200055,NaN, 152.4367629461741, -1.572393443722954, 20.3409115971514, -1.572393443722954, 127.88431791626974, 3.7523673968036677, 20.3409115971514, 3.7523673968036677, 264.72061397128044, 6.663287302138319, 4.996918003330886, 27.0, 0.0
45, 0 ,1.0,1.0,1.0,240.03221089402493,93.84722165806897,186.7457045371461,13.640772535416742,12.282614163332225,13.44697941027412,66.0,61.0,69.0,0.7833174100027975,-0.3793120620530993,0.49247963893701785,14.316468767932415,0.43529206431423806,-0.23087819647439667,-0.8701816345670481,13.156848627178954,-0.4437732010065041,-0.8960009028866854,0.015739380378057433,11.819077693581686,70.37890481350286,66.68099101686956,59.5970089445637,21.92077129765578,6.101993692597916,98476.0,279684.89630181773, 0.0, 0.0,0.0,NaN, 158.83945411636506,158.83945411636506,0.0, 186.0706753629797, -22.75123265668178, 12.523402912467771, -22.75123265668178, 150.86261068528935, -5.480105561138086, 12.523402912467771, -5.480105561138086, 180.8212552603361, 6.767220279879996, 4.74794499786185, 19.0, 0.0
46, 0 ,1.0,1.0,1.0,119.04864802403513,169.36835567367692,271.1465892458208,14.2247977715353,12.080032484716943,14.113049250777074,69.0,58.0,63.0,-0.7324623011696745,0.03562514378852653,-0.6798748609084403,14.648630372508467,-0.6525419097083607,-0.3214987563003062,0.6861687881064842,13.87094669507563,-0.19413406048241455,0.9462396096271822,0.2587326182243108,11.851779681539163,71.87859590937398,70.4915529813031,58.80165888044115,22.501434640500182,6.413708345959116,103848.0,297938.2357554933, 0.0, 0.0,0.0,NaN, 179.0802233857747,179.0802233857747,0.0, 202.34487164107566, 8.962214651573273, 13.653671049322677, 8.962214651573273, 145.9271848318166, -13.25293196229573, 13.653671049322677, -13.25293196229573, 199.17815915485934, 6.169166206649465, 4.584485908531703, 19.0, 0.0
47, 0 ,1.0,1.0,1.0,91.91187248251514,265.89584668816195,41.930299754111694,12.388450886874347,13.894683160915521,14.563848939674298,63.0,65.0,72.0,0.443479934877486,0.2575679503215109,-0.8584778962374258,15.322015970545028,-0.04695043365512155,0.9631796572746395,0.26472741564088936,13.800805964616886,-0.8950537437163519,0.07709538753702312,-0.4392437786467319,11.55055032376109,80.36572958190945,68.02510215034485,56.10573386936598,22.69128610374362,6.614164075260133,104519.0,306723.7051071082, 0.0, 0.0,0.0,NaN, 106.62567989855509,106.62567989855509,0.0, 153.4737153764978, 8.996944515778605, -39.294386752311574, 8.996944515778605, 193.06222014222934, -7.864060667216138, -39.294386752311574, -7.864060667216138, 212.10569593765214, 6.97526242183906, 4.69427979209193, 19.0, 0.0
48, 0 ,1.0,1.0,1.0,51.592120967675555,187.16340843053166,47.31427230897133,15.81189139039535,11.612861883647264,15.464173360067221,74.0,59.0,76.0,-0.9650063637854118,-0.19682562747453325,0.17326970370758377,16.011040564536465,-0.14930175725808467,-0.13080037219251245,-0.9801021619779993,15.481857206265145,0.21557296475510454,-0.9716742947117395,0.09683677949590201,11.312550802808474,75.8634471557836,73.39509364888588,58.697158550255836,23.972741853922717,7.023017598278878,121487.0,326826.06105464, 0.0, 0.0,0.0,NaN, 132.7873627537115,132.7873627537115,0.0, 250.01590934165864, 26.565798929512813, -5.118656140540611, 26.565798929512813, 134.8585611286675, 9.943245500525563, -5.118656140540611, 9.943245500525563, 239.1406577102127, 6.573833960979098, 4.740062461697817, 29.0, 0.0
49, 0 ,1.0,1.0,1.0,278.63217362003246,235.42156140092243,48.39150853989849,11.798166291717415,13.570396768664162,13.848493841365439,50.0,60.0,64.0,0.16033525860676198,0.6130043520970443,0.7736396248626268,14.44207030533676,0.09401236695986709,-0.789700471364642,0.6062465178333528,13.01874288052588,-0.9825753302959049,0.02447099990898042,0.1842468193954746,11.707780194673592,67.52002240322835,62.7789606301547,56.68431475016595,21.828911143858697,6.215449803021999,94966.0,240275.56094425198, 0.0, 0.0,0.0,NaN, 83.47872085068347,83.47872085068347,0.0, 139.19672784701706, 4.62100711091996, 10.716654221586525, 4.62100711091996, 184.15566845897075, 18.390037983212217, 10.716654221586525, 18.390037983212217, 191.7807816743365, 6.340567932956666, 4.598358783094793, 14.0, 0.0
