// Sample: .//bubblelabels.tif, Map: .//bubblelabels.tif, Thickness:(8.191250068658265):/afs/psi.ch/project/tipl/test/LabelValidation/Step3500//distmap.tif, Neighbors:(1.0):
//LACUNA_NUMBER, TRIANGLES, SCALE_X, SCALE_Y, SCALE_Z, POS_X, POS_Y, POS_Z , STD_X, STD_Y, STD_Z,PROJ_X, PROJ_Y, PROJ_Z, PCA1_X, PCA1_Y, PCA1_Z, PCA1_S, PCA2_X, PCA2_Y, PCA2_Z, PCA2_S, PCA3_X, PCA3_Y, PCA3_Z, PCA3_S,PROJ_PCA1, PROJ_PCA2, PROJ_PCA3,OBJ_RADIUS, OBJ_RADIUS_STD, VOLUME, VOLUME_BOX, Mask_Grad_X,Mask_Grad_Y,Mask_Grad_Z,Mask_Angle, Mask_Distance_Mean,Mask_Distance_COV, Mask_Distance_STD, SHAPET_XX, SHAPET_XY, SHAPET_XZ, SHAPET_YX, SHAPET_YY, SHAPET_YZ, SHAPET_ZX, SHAPET_ZY, SHAPET_ZZ, Thickness, Thickness_STD, Neighbors, Neighbors_STD
1, 0 ,1.0,1.0,1.0,137.55542344373671,243.59171210070724,276.4574411031058,40.0344481300541,27.385151016991134,15.08588705811432,218.0,133.0,68.0,-0.9403216212884815,-0.3397916751993121,-0.01835390973736417,41.614269488314015,-0.33797027681292857,0.9388433898890891,-0.06594832259091452,24.963851368814463,-0.03964013784529663,0.05580955766540806,0.9976542250423225,15.011536277853141,213.7974104765231,151.90279223424739,73.27171900652831,46.599058210464165,20.219181376339968,438181.0,2379603.386102645, 0.0, 0.0,0.0,NaN, 150.52455461461741,150.52455461461741,0.0, 1602.7570370779927, 355.07793691597317, 34.86579932514401, 355.07793691597317, 749.9464962234106, -15.238116113866585, 34.86579932514401, -15.238116113866585, 227.5839883301811, 4.958304736206096, 3.764444786485117, 13.0, 0.0
2, 0 ,1.0,1.0,1.0,269.73348132461155,180.64953586996833,193.1256424451886,22.655051664005406,31.863336716070332,45.0763018363682,104.0,178.0,194.0,0.05555836442397964,-0.014606704756899435,0.9983485925861151,45.130799483080416,-0.022893799993789207,0.9996114687606359,0.015899227781535314,31.8644011122192,-0.9981929382961875,-0.023739328093893633,0.055202375286520146,22.544787858868705,194.94467336634932,178.01033757830095,108.2845895058498,55.60084373002089,21.655086153918884,930235.0,3757709.9210150144, 0.0, 0.0,0.0,NaN, 163.0420919380492,163.0420919380492,0.0, 513.2513658987541, -12.844741188450659, 84.59734787792604, -12.844741188450659, 1015.2722266816756, -14.23086295814968, 84.59734787792604, -14.23086295814968, 2031.8729872433714, 5.014979874674231, 3.6604567095725975, 29.0, 0.0
3, 0 ,1.0,1.0,1.0,260.86141737224904,61.915364413254416,229.53158063341507,25.468526283927368,34.73501611604402,44.66319454514551,103.0,138.0,180.0,-0.20054691656910484,0.28872684182064073,0.9361718565877224,46.28590791592237,-0.028453570507707047,-0.9568989119787203,0.28902398962595516,33.496026122958696,-0.979270814728994,-0.031325438005236635,-0.2001184358168748,24.199154634062637,221.51343439363703,149.60660933639633,115.14137532729274,58.672957972123406,20.185443404499686,1370381.0,3815770.6523514814, 0.0, 7.105427357601002E-15,0.0,73.21825075299446, 101.64221135217524,101.64221135217524,0.0, 648.6458310750992, -75.53877515005897, -296.6920710300971, -75.53877515005897, 1206.521344581838, 272.44994152473237, -296.6920710300971, 272.44994152473237, 1994.8009469775157, 4.989437693359386, 3.5847624025869527, 17.0, 0.0
4, 0 ,1.0,1.0,1.0,21.288620024829736,254.59630826085981,70.98223583117063,13.735409943666992,29.863278641501797,51.69510660123036,52.0,128.0,236.0,-0.05710075261410948,0.30596829591169866,0.9503277886854583,53.74763155045195,-0.08002472909596632,-0.9502207447735026,0.3011255202323565,26.22035568358637,-0.9951560414246701,0.058855230005339904,-0.07874334966839479,13.287061172291459,252.32841153534804,132.29633116771143,61.45100689600699,54.86973204739564,27.242860516112096,623446.0,2051365.0765451079, 0.0, 0.0,0.0,NaN, 86.9090235228562,86.9090235228562,0.0, 188.66148632058608, -8.531911524255698, -159.49222953267696, -8.531911524255698, 891.8154112199775, 642.4406574330053, -159.49222953267696, 642.4406574330053, 2672.3840465125704, 4.961252375160715, 3.6489991921133096, 16.0, 0.0
5, 0 ,1.0,1.0,1.0,37.14673210227543,170.48876073292953,131.03628633506708,23.412756413196497,35.35476021032321,30.390138797273085,112.0,188.0,178.0,-0.18675170819744286,0.9448131660382573,0.26916887035112547,36.16111887518524,0.031626375366385816,-0.26806512252238396,0.962881541243908,29.895227638132802,-0.9818979437123398,-0.18833260834975704,-0.020180603698982665,22.81064695859351,198.76205615273386,163.42371735916603,116.1807795177429,49.535475185849535,16.368062396697287,841336.0,3773834.5127952644, 0.0, 0.0,0.0,NaN, 187.94560154165964,187.94560154165964,NaN, 548.1571628636738, -142.08133017158585, -28.204925956274764, -142.08133017158585, 1249.9590695294528, 103.84199965719374, -28.204925956274764, 103.84199965719374, 923.5605361175228, 4.809662768715942, 3.3751792313582465, 21.0, 0.0
6, 0 ,1.0,1.0,1.0,129.259171509887,175.8084457397722,194.31914493158655,27.929799900790282,27.092828329668176,37.921589988769,146.0,159.0,189.0,9.03594611250994E-4,0.27130375146831176,0.9624933547593972,38.71466712802647,0.981217414171693,-0.185908557060722,0.05148198265234783,28.006572123145116,0.1929030057904616,0.9443687218723528,-0.26637595144116183,25.86403920025909,191.44301913536702,155.57061307973353,139.65731418294578,51.197829678440094,18.191324660210924,876655.0,4159400.919828257, 0.0, 0.0,-2.8421709430404007E-14,15.741951965667702, 208.0863251080775,208.0863251080775,NaN, 780.0737224981849, -20.851013347173282, 6.552168179002029, -20.851013347173282, 734.0213469008705, 215.5994764769704, 6.552168179002029, 215.5994764769704, 1438.0469872763051, 4.87674586693104, 3.4928873821984725, 24.0, 0.0
7, 0 ,1.0,1.0,1.0,114.23281716159268,213.58945355074235,59.79403248511954,29.67385046372078,36.20584409510218,34.90390002523202,149.0,173.0,159.0,-0.055621301529265685,0.7496642395970724,0.6594769129283707,42.32608546920898,-0.7673796688995161,0.3904683341651664,-0.5085891502715624,34.45815424266815,0.6387759502171789,0.5343575655716153,-0.5535587390155775,20.756225090203834,225.33517984881462,167.36882730230434,134.28885362084634,55.084966762020606,19.37341533602028,887237.0,5064581.213319239, 0.0, 0.0,0.0,NaN, 155.2135476534336,155.2135476534336,0.0, 880.5374013432619, -283.42532027323, 245.3536084200226, -283.42532027323, 1310.8631466388451, 522.459396892553, 245.3536084200226, 522.459396892553, 1218.2822369713917, 5.052476795160314, 3.6475287106645453, 25.0, 0.0
8, 0 ,1.0,1.0,1.0,171.54195023035624,18.67935047876794,28.161388248459332,30.709358722198402,13.607950970009018,17.850312089478564,136.0,62.0,74.0,0.9832584746673018,-0.1149656773150458,0.14137066539570098,31.063573795476827,0.17158657701387794,0.32306596572570495,-0.9306913711743424,18.026837161103185,-0.06132551331697952,-0.9393674865723264,-0.3373839157209464,12.52845598797599,137.3850572331658,83.85742036249964,63.82215461914985,35.45427642494823,13.779294887834263,252001.0,735279.50241267, 0.0, 0.0,0.0,NaN, 132.82865832722013,132.82865832722013,0.0, 943.0647131286631, -82.02210012494483, 85.4834896850866, -82.02210012494483, 185.17632960216935, -63.64672038591741, 85.4834896850866, -63.64672038591741, 318.6336416917846, 4.6904403403151305, 3.326692466846111, 5.0, 0.0
9, 0 ,1.0,1.0,1.0,190.8804401713008,92.0025170351462,133.01338287414032,43.26155452481111,22.743248639557915,24.770440398349404,209.0,124.0,128.0,0.9663142880290175,-0.21086672114444655,0.14755311811264205,44.35155567896973,0.19108432024747743,0.20377105315688185,-0.9601896377543839,24.33108980016997,-0.17240498631574586,-0.9560400534544177,-0.23720020422491625,21.055397267766054,196.31405982141393,127.01457086457259,118.25270512784434,51.336308214970394,19.156608127983876,758432.0,2948601.173613664, 0.0, 0.0,0.0,NaN, 195.1002344991776,195.1002344991776,0.0, 1871.5620999032046, -304.6918309885192, 189.97966928117273, -304.6918309885192, 517.2553586807529, -76.49845015493048, 189.97966928117273, -76.49845015493048, 613.5747175281801, 4.62572224542557, 3.235394320167784, 26.0, 0.0
10, 0 ,1.0,1.0,1.0,138.70547017047662,257.50251907566553,177.07978057157067,28.54251988140043,23.833292962132624,25.48870270839877,139.0,94.0,112.0,-0.7966066137410469,0.38410511680324955,0.46677742253624976,32.48711848914361,0.13701235832783284,-0.6373513315406851,0.7582947275622854,24.307811806518977,-0.5887660966882077,-0.6680168706169611,-0.4550911380829714,19.64924115092781,165.5154910506655,124.17837562827104,103.9423928656081,43.038186392732975,13.419753067048331,643490.0,2136374.236220715, 0.0, 0.0,0.0,NaN, 190.1436922026612,190.1436922026612,0.0, 814.6754411801389, -222.68120105541098, -227.60320506552455, -222.68120105541098, 568.0258534188405, 21.03471176815943, -227.60320506552455, 21.03471176815943, 649.6739657571347, 4.4390238015823975, 3.1340590364728316, 15.0, 0.0
11, 0 ,1.0,1.0,1.0,189.63609863343552,195.84493075571638,257.2802913069225,17.390417591579563,28.035612536369534,23.829368813101112,91.0,125.0,107.0,-0.07824308300363404,-0.7941033228072294,0.6027254206258459,33.02038644595734,0.9467304435198028,0.13025176118561868,0.29450967050479304,17.353515350636062,-0.3123771554945778,0.5936618493844461,0.7416104916400212,16.27177299081544,143.8573689037099,92.79016818937808,88.55015346322634,38.06904463387272,14.387802229461464,305657.0,1182016.1028275727, 0.0, 0.0,0.0,NaN, 157.64974685977674,157.64974685977674,0.0, 302.4266240095199, 55.78093353997309, -28.791568582503704, 55.78093353997309, 785.9955702894406, -393.74671200932744, -28.791568582503704, -393.74671200932744, 567.8388180307959, 4.873004365494328, 3.4787404474712678, 13.0, 0.0
12, 0 ,1.0,1.0,1.0,222.17716780762763,146.33232246596248,41.378747297004786,28.844722734763717,23.760313393052833,21.666771971838333,142.0,100.0,97.0,0.7821395759177457,-0.5804767998394649,0.22650467684209666,33.83883465575818,0.38980370054389063,0.17222654094903525,-0.90464970769631,21.45570122134693,-0.48611805029796823,-0.7958546999552515,-0.3609771983569574,16.1432860379066,147.3999005617862,106.63302673147153,89.74342298623239,40.79000457300303,14.219530821911713,457363.0,1410559.9784166075, 0.0, 0.0,0.0,NaN, 170.82664469161114,170.82664469161114,0.0, 832.0180296453949, -388.1480401550135, 86.25361060366441, -388.1480401550135, 564.5524925360859, -147.41021805254235, 86.25361060366441, -147.41021805254235, 469.4490076796392, 4.73087168126235, 3.3909007295745215, 15.0, 0.0
13, 0 ,1.0,1.0,1.0,210.58622135658538,271.0765834453886,169.6482560960395,18.250110296727986,17.922201388645952,23.627794758345015,86.0,79.0,103.0,-0.31773404130586846,0.20679542521831862,0.9253543813611174,24.622370414791362,0.6626442665596777,0.7464696165024757,0.060709864389847705,18.319131441796515,-0.6781944079620741,0.6324703659045396,-0.37421061083506263,16.45274481584716,112.04656704538456,93.90395199646025,85.45370956539642,33.26265211062033,10.302450590428414,288548.0,899111.0710963651, 0.0, 0.0,0.0,NaN, 160.69525498685024,160.69525498685024,0.0, 333.0665258427368, 10.052444239648839, -96.05187512446285, 10.052444239648839, 321.20530261518286, 67.15507588612513, -96.05187512446285, 67.15507588612513, 558.2726851424762, 4.752649418151501, 3.344016373924578, 10.0, 0.0
14, 0 ,1.0,1.0,1.0,158.13826220327798,108.0526363895775,195.35990084000642,28.98294190333682,22.044949801745243,23.935319216623213,126.0,106.0,124.0,0.8244798136685361,0.4329971104227206,0.364343984743361,32.849605849529816,-0.18825315516594,-0.39730503609215967,0.8981700606599378,22.567602119724338,-0.5336607409423751,0.809111988949232,0.2460569099120227,17.620924187785036,144.125783250648,120.17919102043905,91.95208411448493,41.23769580988342,14.083418740756656,448568.0,1592694.6961135291, 0.0, -1.4210854715202004E-14,-2.8421709430404007E-14,56.98735809320449, 206.75994591230057,206.75994591230057,0.0, 840.0109213721972, 289.25706356921995, 197.26920099049227, 289.25706356921995, 485.97981176146766, 50.31302362465962, 197.26920099049227, 50.31302362465962, 572.8995060016525, 4.9457933392600735, 3.624477610022373, 21.0, 0.0
15, 0 ,1.0,1.0,1.0,177.60122826244287,272.64779988006865,237.24500113728004,21.134217015660372,16.887666872389175,14.279285642881945,96.0,69.0,69.0,0.9535583156343614,-0.14047305274616123,0.2664467303922755,21.741087669155792,-0.08232208450189292,-0.9724543344935346,-0.2180725606948303,16.88810801724773,0.2897405962025734,0.18601045340762834,-0.9388559517493972,13.336541316574126,107.73591407409023,80.43664723388378,58.97104163615903,29.123809729599405,9.356822460763198,193444.0,511038.07643277466, 0.0, 0.0,0.0,NaN, 140.24190549376948,140.24190549376948,0.0, 446.6551288650284, -30.89635097108954, 76.83058346461736, -30.89635097108954, 285.1932923927908, 11.729772815306067, 76.83058346461736, 11.729772815306067, 203.89799847101443, 4.639608375917626, 3.159981929194107, 4.0, 0.0
16, 0 ,1.0,1.0,1.0,273.2813786664067,169.39386076091765,59.69886342330451,16.945751357504328,26.135927612634642,33.58988453192804,78.0,125.0,123.0,0.08042831096799634,-0.17604139706002372,0.9810915927251596,33.85154064514659,0.21898249950584567,-0.9571124084287549,-0.18969054415515924,26.302807792145376,-0.9724083256045312,-0.23009837929212637,0.038428949271730795,16.14809717307092,135.97842002365533,132.66590931435127,82.28970133812658,43.371879511441655,14.744680795352854,533356.0,1484481.5860881517, 0.0, 0.0,0.0,NaN, 146.0678014722645,146.0678014722645,0.0, 287.1584890703598, -102.88253746783792, 51.93979831809899, -102.88253746783792, 683.086712172878, -74.61520230691443, 51.93979831809899, -74.61520230691443, 1128.280342868259, 4.598544260847521, 3.1541351523821204, 8.0, 0.0
17, 0 ,1.0,1.0,1.0,161.31330214046557,34.68010218563724,220.62639673543137,24.636474707362055,17.447037650706065,19.260998070472453,110.0,80.0,99.0,0.9466858988347014,0.20055179274857632,0.25212058101802204,25.3170050550653,-0.2023010810292228,-0.2389792942815855,0.9497174156132351,18.846789109722533,-0.2507191288313294,0.9500883513284474,0.18566648353445983,16.917117093578057,110.81459325089804,92.62534694909942,91.7549159608688,34.256211844274475,10.43326437614879,327639.0,941794.4920798624, 0.0, 0.0,0.0,NaN, 163.51415396224627,163.51415396224627,0.0, 606.9558860064902, 70.69140276537459, 71.41489985962542, 70.69140276537459, 304.39912278515504, 2.2746140362915237, 71.41489985962542, 2.2746140362915237, 370.9860466707435, 4.828520925785566, 3.3477996311661946, 12.0, 0.0
18, 0 ,1.0,1.0,1.0,278.07378948363913,248.8746295946031,272.1949199293866,13.528173982757842,17.947338887380155,13.532231465015423,62.0,86.0,58.0,0.21083107702793455,0.9631842922056539,0.16681209850468087,18.166636454581425,-0.6671179501573955,0.26650361633724934,-0.6956503885264227,14.897462964654665,-0.7144955545957133,0.03538137543203021,0.6987447751042594,11.673845553749802,88.2332854471411,76.36638076517141,60.54106363132021,25.054403353554942,7.779243245096611,126888.0,407929.11776843446, 0.0, 0.0,0.0,NaN, 62.190712203913776,62.190712203913776,6.743495761743046E-7, 183.01149130776616, 24.11557312831576, 46.5651437858696, 24.11557312831576, 322.106973138468, 15.249643671873521, 46.5651437858696, 15.249643671873521, 183.12128842275345, 4.28878287669962, 3.0041021303101534, 4.0, 0.0
19, 0 ,1.0,1.0,1.0,48.88592521355434,142.35937234824914,15.338342196073995,16.68783954551274,23.277511571445107,9.669866081927063,82.0,104.0,38.0,0.02398095865060003,-0.999637023316852,0.012277427923712862,23.281613117188716,-0.9711013737520915,-0.026209954346019023,-0.23722386092039677,17.031997774474885,0.2374595450155633,-0.006233771523192073,-0.9713774264278525,9.03937974474865,104.34651966055904,85.79546448798936,45.039808973834525,28.502009452377834,10.073147515769032,141416.0,403217.0036603577, 0.0, 0.0,-1.7763568394002505E-15,89.29653752317657, 151.2986758722512,151.2986758722512,0.0, 278.48398869677885, -5.731222812680621, 48.13936991789073, -5.731222812680621, 541.8425449587609, -4.353912490429674, 48.13936991789073, -4.353912490429674, 93.50631004240344, 5.606130671728466, 4.253045173466139, 4.0, 0.0
20, 0 ,1.0,1.0,1.0,278.74156788144865,278.64358323609935,190.61334610617502,13.38219763421307,12.687404020449568,34.88234312016502,54.0,50.0,161.0,0.07023609041010999,-0.07380371842287005,0.9947964127151145,35.03976908224787,0.9829905340234144,-0.16452841916777688,-0.08160888007144292,13.208304467097522,-0.16969531998339163,-0.9836073456583733,-0.060992523661710284,12.433284828209276,160.38363360240209,61.93612631866043,58.62826056440531,36.19752980362841,15.702551766117441,220259.0,582386.2295032333, 0.0, 0.0,2.8421709430404007E-14,5.847598636535847, 113.46126001071876,113.46126001071876,NaN, 179.08321352113785, -8.777139436003754, 73.3908529824235, -8.777139436003754, 160.97022077811988, -78.52707892654112, 73.3908529824235, -78.52707892654112, 1216.7778615529237, 5.587068108681871, 4.094150789385856, 6.0, 0.0
21, 0 ,1.0,1.0,1.0,27.004395831391527,101.35301171130094,211.4814027362476,19.13347682092764,21.926498725880023,36.65834096296874,90.0,121.0,156.0,-0.2747124614247901,-0.31351122012827015,0.9089795258374176,39.6391895595277,0.4380073008802125,-0.8823716104658691,-0.17195913880773936,19.532341308741785,0.8559688475134852,0.3509003503810613,0.3797186803264807,15.424575775460244,173.38795592722022,109.04785300657558,84.18286671032021,42.99628770347712,18.493633702180496,396967.0,1591694.6515559412, 0.0, 0.0,0.0,NaN, 137.2487247252665,137.2487247252665,0.0, 366.0899352569753, 59.33789205290105, -343.7630887397968, 59.33789205290105, 480.77134637601824, -358.1832567720754, -343.7630887397968, -358.1832567720754, 1343.8339621572718, 5.183593583151454, 3.812346526207498, 9.0, 0.0
22, 0 ,1.0,1.0,1.0,192.75239243361125,46.2830013612998,149.58304267437845,22.931335234811193,11.098245191883098,15.331284650808737,109.0,52.0,72.0,-0.9493451955343909,0.1970670418086425,0.2447616815364696,23.830362502702894,-0.1910892849271112,0.25629523709331237,-0.9475218396582363,14.810468747690878,0.24945657919127875,0.9462966408458151,0.20565525187096906,9.840188488947602,113.97542176785663,73.17110452412112,46.22986652269125,28.034298887138377,9.906743003714146,147653.0,385543.5645335441, 0.0, 0.0,0.0,NaN, 189.78738682918083,189.78738682918083,0.0, 525.8461356512934, -94.12799245684872, -87.27259154791993, -94.12799245684872, 123.1710463391563, -7.032400433391537, -87.27259154791993, -7.032400433391537, 235.04828904412355, 4.420923635773415, 3.0477817256470345, 2.0, 0.0
23, 0 ,1.0,1.0,1.0,273.9865175585284,244.19781848586197,159.90503382487077,12.921911207851515,12.181434491041221,16.66407779622309,57.0,54.0,72.0,0.17882390254526806,-0.32633168391639905,0.9281862118943417,17.25670081311273,0.896235933141543,-0.3352016151793469,-0.29051855246621516,13.05409931714746,-0.40593492584943797,-0.8838254970600494,-0.23252812028261696,11.173691976534307,72.22895568380596,56.97325570739429,52.36008720761538,23.374500567052277,6.832814029567895,105248.0,215467.97722976818, -5.6843418860808015E-14, 0.0,0.0,79.69873704692465, 153.02674366946505,153.02674366946505,0.0, 166.97578926359859, -23.77876344983837, 16.843182226716884, -23.77876344983837, 148.3873462595287, -47.94708502046431, 16.843182226716884, -47.94708502046431, 277.69148879857534, 3.8139944449483365, 2.548268256003797, 3.0, 0.0
24, 0 ,1.0,1.0,1.0,174.82840536591146,163.14375798106923,233.78743697423678,13.859708937611599,17.842451939938318,17.57292207042311,62.0,82.0,75.0,0.16038261626753414,0.6602982633201046,-0.7336781445945049,20.471547290556416,-0.6453687884877625,0.6325592537881602,0.42821480274834484,17.220093192359382,-0.746844390248075,-0.4048147649276392,-0.5275873983062537,10.180194258188475,96.71498713340382,87.85565877255749,50.10737871535542,27.23270969861543,8.81088733493497,151922.0,425760.33792117645, 0.0, 0.0,0.0,NaN, 196.930603475502,196.930603475502,0.0, 192.0915318353108, -45.34035474250973, -90.42635895734415, -45.34035474250973, 318.35309122900867, -100.56782180010852, -90.42635895734415, -100.56782180010852, 308.80759009316364, 4.8552917347722255, 3.5084292194947047, 2.0, 0.0
25, 0 ,1.0,1.0,1.0,27.36967508787852,193.3876453818153,255.32976558055722,14.623465556976578,29.707421945410214,23.416885883144396,64.0,136.0,96.0,-0.0714435766443865,-0.9841010527847845,0.16260668271672185,29.971249626303713,0.3067295663935844,0.1334475763535697,0.9423952023781539,23.960607334396833,-0.9491115785071118,0.11720436115280515,0.29231891705892316,13.127859688752249,142.4945235288406,113.75123141231234,71.32684786942107,38.270832969099395,13.419036919824087,304113.0,1156131.7074108717, 0.0, 0.0,0.0,NaN, 118.7885647473593,118.7885647473593,1.9073486328125E-6, 213.84574489608028, 67.48420404007824, 107.70249139017169, 67.48420404007824, 882.5309186426404, -65.63841862979007, 107.70249139017169, -65.63841862979007, 548.3505444642074, 4.565391956484223, 3.190443653065568, 12.0, 0.0
26, 0 ,1.0,1.0,1.0,209.38683599874568,88.75430542489809,58.532273439949826,15.269366601299856,15.650131851313335,17.13835870521874,72.0,71.0,72.0,0.5767965730491411,0.06508606799260772,0.814290806206252,18.741227372963547,-0.18800812654621915,-0.9594839501151673,0.20986541836133027,15.828857116113497,0.7949582741700014,-0.27414294305098746,-0.5411903446145319,13.039064438435584,94.332167604799,66.9047742939645,65.95590567940414,26.64038815902088,7.879926472610472,159450.0,416265.68596133625, 0.0, 0.0,7.105427357601002E-15,35.482701344931094, 139.69287474965702,139.69287474965702,0.0, 233.1535564048915, 21.330985808007995, 81.93610437096754, 21.330985808007995, 244.9266269634921, -6.6125472293290075, 81.93610437096754, -6.6125472293290075, 293.72333910874687, 4.656197154160277, 3.298346719580557, 7.0, 0.0
27, 0 ,1.0,1.0,1.0,75.51528681298637,40.76785931420233,55.321447389753565,34.07805272203699,22.703039289888792,35.08360517310921,156.0,105.0,147.0,-0.689404486419682,-0.30454294074619265,0.6572480896480991,40.9114287588981,-0.5813638957651573,-0.3086556310646828,-0.7528264887162389,29.921612001729773,-0.43213131662166493,0.9011022686985775,-0.0357383063547064,18.399813977057722,201.3068822194619,182.02532572593896,91.50558557499278,50.65389893820021,18.487388799508576,789504.0,3353034.670778365, 0.0, 0.0,7.105427357601002E-15,48.909667367702575, 102.10308240600506,102.10308240600506,0.0, 1161.3136773259328, 380.23175272822317, -361.3179902173305, 380.23175272822317, 515.4279929982342, -137.8836907833192, -361.3179902173305, -137.8836907833192, 1230.8593519426156, 5.24639700701897, 3.669871100919965, 12.0, 0.0
28, 0 ,1.0,1.0,1.0,263.693728986641,35.27437251049548,83.18453237624885,18.160454377190714,20.455196340114714,24.650386877314876,79.0,93.0,109.0,0.41861584443370253,0.1911294106218216,0.8878233626034024,26.55495805611055,0.2432100694898676,-0.9654882498958118,0.09317350166144775,20.328670169351,0.8749912210346978,0.17692367763664935,-0.45065327625984375,15.409026753299951,115.36896998134816,96.35094607669667,63.258975518745615,35.08642076458967,11.171473118189306,334906.0,703181.0409572492, 0.0, 0.0,0.0,NaN, 97.37603964815915,97.37603964815915,0.0, 329.80210318602536, -3.8618629193071468, 177.8183724833266, -3.8618629193071468, 418.4150573126424, 63.5522101857805, 177.8183724833266, 63.5522101857805, 607.6415732012974, 4.495594143903266, 3.1040664879148823, 5.0, 0.0
29, 0 ,1.0,1.0,1.0,62.55314557030323,111.8501880120527,277.7024595130778,20.56570423619153,12.737745863939317,13.04361773129842,98.0,63.0,54.0,-0.9518024244443077,-0.12970296147559668,0.2779375588264348,21.1197852153806,0.2838240875071948,-0.7159519074454245,0.6378532382734817,14.79923630993707,0.11625847140164106,0.685995632646243,0.7182575859798737,9.501136829026487,102.24282390061924,75.81909582920042,42.751536577101035,25.973134036668426,8.985022663200157,120471.0,331408.1357823423, 0.0, 0.0,0.0,NaN, 130.07897943494567,130.07897943494567,0.0, 422.94819073050616, 17.75912187375245, -70.80907020803726, 17.75912187375245, 162.25016969430317, -71.6200331258807, -70.80907020803726, -71.6200331258807, 170.13596352024257, 4.652420324055131, 3.256580711598539, 4.0, 0.0
30, 0 ,1.0,1.0,1.0,38.49166854507308,10.157595408596745,23.822915402354656,15.489396006133518,6.8383301521039455,13.494698439680478,67.0,27.0,54.0,-0.9912109064539217,-0.038164450939398006,-0.12666654495678603,15.532373011182502,-0.12394741969769925,-0.06674101243473823,0.9900417538717592,13.478245358789769,-0.04623825339562043,0.9970401756918729,0.061424034214971224,6.772984908566169,67.62745853890263,57.46671056008848,29.872523851624596,20.541755517903496,6.843048598730746,57673.0,116094.41350112607, 0.0, 0.0,0.0,NaN, 46.393066185975044,46.393066185975044,0.0, 239.92138863482495, 8.514386707711258, 7.867570801776119, 8.514386707711258, 46.76275926917397, -8.027993655471327, 7.867570801776119, -8.027993655471327, 182.10688597791471, 3.9022216440650617, 2.561589183027217, 1.0, 0.0
31, 0 ,1.0,1.0,1.0,94.49506108132081,129.04514238868953,9.791140856616806,15.128837600506714,18.46209707936759,6.559733645408006,66.0,82.0,26.0,0.09958375218287759,0.9948765030510788,0.017430432525796017,18.495296790097775,-0.9950255374534168,0.0995206839012157,0.004451212348722685,15.091365046557177,-0.0026937180101737897,0.01778699391947426,-0.9998381702708645,6.552523093202191,82.2595290829428,66.16928889143159,26.86034300721794,23.394256849890773,8.091329164639914,74409.0,146202.31205782524, 1.4210854715202004E-14, 0.0,0.0,84.2847984107879, 160.24303973075965,160.24303973075965,0.0, 228.88172714250572, 11.335605771181447, -0.2993086284615117, 11.335605771181447, 340.84902856799334, 5.26930287818168, -0.2993086284615117, 5.26930287818168, 43.03010549869781, 3.8891540554071278, 2.654871244454189, 1.0, 0.0
32, 0 ,1.0,1.0,1.0,176.89540995681142,196.53802716305646,73.88907116631513,12.456895126323358,13.560281666740853,13.153038227952273,57.0,63.0,63.0,0.35686896120929185,0.7611614715424275,0.5415512522049662,15.48822039656892,-0.7260617645239287,-0.13875786864399514,0.6734839032863184,12.976377772698504,-0.587774496403,0.6335451587130483,-0.5031318646731272,10.187567842378428,76.17356390500626,60.25334701701192,46.67025367041438,21.744623966880415,6.263323258026217,89607.0,214203.03169102967, 0.0, 0.0,0.0,NaN, 176.9709432388118,176.9709432388118,NaN, 155.17423618821863, 43.47731081915681, -5.285966777476035, 43.47731081915681, 183.88123888134805, 50.06392346581086, -5.285966777476035, 50.06392346581086, 173.00241462597387, 4.701266059107793, 3.2604197086519675, 4.0, 0.0
33, 0 ,1.0,1.0,1.0,173.4296808432943,73.13182559583221,209.7187233731772,12.284362858253004,8.594249152456186,10.599440072481835,57.0,37.0,46.0,-0.8818545570807897,0.14364167227095423,0.4491097974249145,12.542630774413219,0.4473752175619166,0.5557764566411657,0.7006910481480539,11.751514159917706,-0.14895621795437658,0.8188281872472357,-0.5543757253904018,6.457487699086204,59.580644674266324,55.89794750724627,30.74738017411687,17.5092791722227,5.52629731800638,41077.0,102402.17410306257, 0.0, 0.0,0.0,NaN, 171.8109964925949,171.8109964925949,0.0, 150.90557083322594, 9.323180325571737, -15.572278100554986, 9.323180325571737, 73.86111849449388, 44.99905331290482, -15.572278100554986, 44.99905331290482, 112.34812985013372, 3.3546597345755482, 2.168255097918212, 2.0, 0.0
34, 0 ,1.0,1.0,1.0,49.61290536727852,155.72071563713612,107.3812195040993,8.638865075324404,8.344178979722857,9.380489519697132,38.0,36.0,41.0,0.042342037183390704,-5.799494136219576E-4,0.9991030054733285,9.381770169682982,-0.9946575645306404,0.0942060868153247,0.042208322981599836,8.640079228285776,0.0941460631632355,0.9955525485204796,-0.0034120265595320217,8.341481623587473,41.219015295747695,38.21602012240723,36.60670835828128,14.752385379778147,3.8230906176772543,30127.0,57663.86506283103, 0.0, 0.0,-1.4210854715202004E-14,2.4269732826288624, 186.57084064084137,186.57084064084137,0.0, 74.62998978965972, -0.4755871556981614, 0.5670920389287362, -0.4755871556981614, 69.62532284564878, 0.00947923482229297, 0.5670920389287362, 0.00947923482229297, 87.99358362914774, 3.7038341131449957, 2.167635666712469, 0.0, 0.0
35, 0 ,1.0,1.0,1.0,116.81722168587812,119.16631965849743,223.38061949681878,12.500763272880748,12.333690875813014,13.749525287043454,57.0,59.0,64.0,0.5452258851765778,0.3056032662751422,0.78059937085254,15.33841904028055,0.39241726873343014,-0.9158993690365608,0.0844809623419658,12.072492562810082,0.7407681292639497,0.26025946561152,-0.6192960432833345,10.790101172343984,75.16182930769659,56.29784419515086,52.946222731016235,21.440250642559626,6.144437405327694,85973.0,224039.23888803658, 0.0, 0.0,0.0,NaN, 183.62299554263365,183.62299554263365,0.0, 156.26908240460418, 9.263984589505691, 51.55097594329639, 9.263984589505691, 152.1199306201132, 26.081345559825866, 51.55097594329639, 26.081345559825866, 189.04944561904736, 4.976505123745859, 3.433310313846689, 6.0, 0.0
36, 0 ,1.0,1.0,1.0,151.4980795476701,207.75909534022227,12.727997660362643,16.535818316665658,17.461049532329177,8.628712261099919,73.0,78.0,34.0,0.14893177377210973,0.9886884800856633,0.017731782397530513,17.482044067515915,-0.9866728130360364,0.1497689363957972,-0.06360837764340772,16.540310657693507,-0.06554454040305555,-0.008022159109115383,0.9978173972158336,8.577439712729353,78.0651260256335,74.57318727035923,36.47263915441826,24.346435647211003,7.747727714200925,102580.0,212327.84912918392, 0.0, 0.0,0.0,NaN, 175.2803662562539,175.2803662562539,0.0, 273.4332874017755, 4.6126295747906045, 13.16552364534119, 4.6126295747906045, 304.88825077045294, 2.162704993009148, 13.16552364534119, 2.162704993009148, 74.45467528485608, 6.997219874015339, 5.300611745468307, 4.0, 0.0
37, 0 ,1.0,1.0,1.0,76.99424219211112,170.57493312905777,58.18458891637679,15.620480001015986,14.531814967285177,17.166311659751745,67.0,63.0,79.0,0.5487955949017743,-0.4900749683378666,0.6772369750870421,18.991935349043047,0.5854235448428244,-0.35300255937117625,-0.7298413979907284,15.499000714275855,-0.59674338551849,-0.7970042148483517,-0.09317517563113523,12.204206908354516,89.45013485042819,72.8014421100052,56.532997751454445,26.321937107746198,7.5505579000028025,159262.0,368148.4676116894, 0.0, 2.8421709430404007E-14,-7.105427357601002E-15,53.73796176263408, 161.4447510842427,161.4447510842427,0.0, 243.9993954621404, -75.8134318690004, 39.70102892112579, -75.8134318690004, 211.1736462434135, -46.76341427414012, 39.70102892112579, -46.76341427414012, 294.68225599972874, 5.723718626691117, 4.2400778134040555, 4.0, 0.0
38, 0 ,1.0,1.0,1.0,12.611080412272061,133.38977248156067,258.6936309252096,8.64198639379382,13.048225209019185,21.01102819716295,37.0,58.0,91.0,-0.007590529631122561,-0.3703628116752881,0.9288561630241217,22.199376048732894,0.16770988557602945,-0.916197328368621,-0.3639448444067804,10.965892142497346,-0.98580717087065,-0.15301582669180128,-0.06906792773661652,8.563896800162698,103.79236757194116,50.45083106052738,39.68819768274187,24.388647576454172,9.570647064296958,83246.0,207823.72292294627, 0.0, 0.0,0.0,NaN, 140.20729966014648,140.20729966014648,0.0, 74.6839288305175, -6.028802899082242, -5.820772231283423, -6.028802899082242, 170.25618110528373, -128.66206475542654, -5.820772231283423, -128.66206475542654, 441.4633059019765, 4.673782565385046, 3.1176512834703427, 2.0, 0.0
39, 0 ,1.0,1.0,1.0,124.55225161362534,259.111965078536,264.6611200238779,7.9648745058029835,8.289561054426768,9.694180093173266,36.0,37.0,42.0,0.08065129891764104,0.11453517208864626,0.9901399205857329,9.702822469567328,-0.6546284522022141,-0.743010935514797,0.1392707409069127,9.277146366712442,-0.7516361869616386,0.6594061298320263,-0.015053185367824733,6.776648689565498,42.71022806489185,40.99107971884649,29.71097646935138,14.48384418657476,4.043690594760959,26803.0,52016.14631950582, 0.0, 0.0,0.0,NaN, 135.7716141898941,135.7716141898941,0.0, 63.439225893190326, 19.970588848543436, 0.19098986705069057, 19.970588848543436, 68.71682247506904, 1.31470278731271, 0.19098986705069057, 1.31470278731271, 93.97712767887684, 3.942840819675184, 2.4254857604847477, 1.0, 0.0
40, 0 ,1.0,1.0,1.0,11.258259074661431,229.28847606101797,273.4231787746061,7.621377439766124,21.479097520051415,15.943407518190778,30.0,93.0,64.0,-0.008544378195919682,-0.9833123119294676,0.18172476663672216,21.65180886543849,-0.14677470364136824,-0.17852983495612024,-0.9729256314855362,15.843671234247369,-0.9891330446265729,0.03498564331931823,0.14279994674123597,7.335292926799783,94.8246786145324,70.34357932917135,32.97526860508739,26.150168506707132,9.476178275933165,99315.0,219955.17497790357, 0.0, 0.0,0.0,NaN, 76.37535886404707,76.37535886404707,NaN, 58.08539407937604, 8.65446183870463, 27.51815826018347, 8.65446183870463, 461.35163027587885, -39.900670310552215, 27.51815826018347, -39.900670310552215, 254.19224329110224, 4.888296940457765, 3.343713819075075, 1.0, 0.0
41, 0 ,1.0,1.0,1.0,5.521651227760623,56.36715188942802,141.24444934568444,3.7079567251433283,14.789274726107845,11.55064733040249,14.0,63.0,49.0,-0.0019959994503457685,0.9997035938677159,0.024263973173570305,14.791001498500709,0.0017625421683528629,0.02426750082322441,-0.9997039471007902,11.548487510439523,-0.9999964547093652,-0.001952642253031478,-0.0018104576583501753,3.707796467409484,63.2016981716786,49.01328599309866,14.099070624979168,17.990617049721774,6.49821067074745,27204.0,43675.01405281367, 0.0, 0.0,0.0,NaN, 152.17667007584473,152.17667007584473,NaN, 13.748943075535635, -0.4039939884896756, -0.22070212706250042, -0.4039939884896756, 218.7226469242923, 2.071255695313293, -0.22070212706250042, 2.071255695313293, 133.4174537513342, 5.470470416868606, 3.8018324786664928, 2.0, 0.0
42, 0 ,1.0,1.0,1.0,66.61773585256196,224.59030951584737,219.87938914279346,16.707993042781904,19.561179108468842,15.564767956165168,77.0,91.0,74.0,0.3800574357428048,-0.8931528447232303,0.24048771590126067,20.455185545447126,-0.9038572558909055,-0.3033890429093591,0.3016573380773381,16.028663063454324,-0.1964647716766703,-0.3320136813526587,-0.9225879410032897,15.123693525726397,99.43385690922307,73.88862441419096,70.71625518309276,28.92212583769405,8.220060716875519,215304.0,519554.5124730383, 0.0, 0.0,0.0,NaN, 128.62292343579097,128.62292343579097,0.0, 279.1570315176485, -56.65884403409742, 9.650690951488775, -56.65884403409742, 382.6397281135978, -43.323741511966375, 9.650690951488775, -43.323741511966375, 242.262001529266, 5.778845282739986, 4.4080739696942075, 7.0, 0.0
43, 0 ,1.0,1.0,1.0,61.377754531189595,53.86856328504613,252.53081815356393,14.588902507330971,13.509243325734962,16.63641197413852,66.0,62.0,76.0,-0.567799374212596,0.019864076022465402,0.8229272684311526,18.32997976542782,-0.38847606133605306,-0.8878462599407261,-0.24660772185414465,13.89151235684942,0.7257342629451992,-0.45971125415094827,0.5118352688066254,11.964266012342287,80.25425069781488,64.18474153690235,53.79255265916427,24.88384008008647,7.273268718001788,131919.0,277090.72861429985, 0.0, 0.0,-2.8421709430404007E-14,34.621092700166614, 94.45831930992632,94.45831930992632,0.0, 212.8360763684079, 15.011816992368797, -85.33423738086658, 15.011816992368797, 182.4996552339146, 14.062734374613372, -85.33423738086658, 14.062734374613372, 276.7702033732596, 4.453344722908751, 3.2840456178771955, 4.0, 0.0
44, 0 ,1.0,1.0,1.0,243.99315278970633,123.76128528992302,199.0521380788414,15.12487582622477,14.351832644607068,15.290688600664556,68.0,62.0,72.0,-0.6378815728149576,0.3046855239349123,0.7073003821345099,17.394166130796624,0.46593864875051555,0.883937926202247,0.03943245137972965,14.18167712874792,-0.6131951358773647,0.3547118184185279,-0.7058124759527574,12.83998229477814,78.19658428399607,64.0083190376159,64.38241024652416,24.895334082481273,6.983156007246746,126913.0,322248.8944984532, 0.0, 0.0,0.0,NaN, 169.24566020286665,169.24566020286665,0.0, 228.76186875871844, -11.828925666267935, -61.45686172424881, -11.828925666267935, 205.97510025880914, 30.93686679250026, -61.45686172424881, 30.93686679250026, 233.80515788249298, 5.075417661752957, 3.8398058377120767, 3.0, 0.0
45, 0 ,1.0,1.0,1.0,280.77349434407614,258.5619886091222,84.59793151774754,11.898366971438621,20.47692829257903,19.52831542219401,50.0,83.0,79.0,-0.10063773180030317,-0.8045545635881508,0.5852896728523157,21.530709777082937,0.026671145416690155,-0.5902464766161388,-0.8067823416785944,18.453407592643558,-0.9945655820207393,0.06558239894753976,-0.08085945837089012,11.752919502401763,100.99131143519557,89.83689727325,53.79176825019127,29.299590414644207,9.152313021810308,189801.0,488039.0540383883, 0.0, 0.0,0.0,NaN, 96.14352461216146,96.14352461216146,0.0, 141.57113658702147, 23.164184868861387, -23.524303486918082, 23.164184868861387, 419.3045922994235, -56.8674346461406, -23.524303486918082, -56.8674346461406, 381.3551032287004, 4.6038835025129, 3.1929287323111075, 3.0, 0.0
46, 0 ,1.0,1.0,1.0,219.39811898480718,16.364444866670077,179.31359753290315,18.64397359009835,10.776941599525493,18.166176393775007,91.0,46.0,77.0,-0.7479452141198791,0.09543163475854506,0.6568643389334509,20.46897675019175,0.6514326753672208,-0.08430311792017858,0.7540082584248274,16.20152420306661,-0.1273319525455921,-0.9918597619604538,-8.868284383549004E-4,10.59631023211252,99.16264252432306,75.47644888477319,50.60657128291099,26.7557928585628,8.824836244790532,136841.0,378762.0548599075, -2.8421709430404007E-14, 0.0,0.0,41.58730187977514, 146.04679393753108,146.04679393753108,0.0, 347.59775122828484, -30.14039353623004, -76.90008462372657, -30.14039353623004, 116.14247023958308, 9.677527768991963, -76.90008462372657, 9.677527768991963, 330.00996476974836, 4.049600905012019, 2.7639775861775076, 3.0, 0.0
47, 0 ,1.0,1.0,1.0,7.0212765957446805,200.47912739025048,186.81147320226233,4.7921270143950805,13.955039501579222,13.811614210894522,18.0,61.0,58.0,0.010156392457228852,-0.9933400801309167,0.1147707841646071,13.957199376690635,0.028338727001920857,0.11501653428404983,0.9929592707625003,13.814959018519348,-0.9995467794176345,-0.00683242612767032,0.029318146412155428,4.776168841158431,61.866379906253826,60.49538978832817,18.948531551187934,19.121367189911936,6.545350465167867,37130.0,70917.35717714555, 8.881784197001252E-16, 0.0,0.0,89.4180715722865, 150.8818909236033,150.8818909236033,0.0, 22.964481322095107, -1.1874632544653356, 4.929031407762187, -1.1874632544653356, 194.74312749063648, -0.4167010037233308, 4.929031407762187, -0.4167010037233308, 190.76068711058352, 3.3193966551888767, 2.09556938747556, 1.0, 0.0
48, 0 ,1.0,1.0,1.0,51.87259995482268,118.99608463218131,42.31676831563888,7.021691514856359,7.026961942551928,5.982331964876178,30.0,31.0,26.0,-0.4769742131967026,0.8725123797161388,0.10591386683275363,7.058963722943114,-0.8774567009852335,-0.46576720173991254,-0.11458905567061023,7.013932404419592,-0.0506491642724439,-0.14759085684909984,0.9877507788572237,5.953690031758799,33.11743323087056,30.78501702931314,25.829111107136914,11.200675792653165,3.0025827878232816,13281.0,26333.314623935385, 0.0, 0.0,0.0,NaN, 136.53403848323606,136.53403848323606,0.0, 49.304151729805795, -0.3665104135493714, 0.655822000606952, -0.3665104135493714, 49.37819414207316, 2.0629073076135733, 0.655822000606952, 2.0629073076135733, 35.788295737979276, 3.9362800203437107, 2.4106204978818497, 1.0, 0.0
49, 0 ,1.0,1.0,1.0,247.44864704903176,220.78800377309634,151.4249727190338,10.490832251632545,11.335042131127931,10.538991701582995,49.0,51.0,47.0,0.3604503081243093,-0.812197180031845,0.4587061326398514,12.08022411456676,-0.7800075655741077,0.0072290980982093874,0.6257283258634214,10.441194838173383,-0.5115308133634222,-0.5833382216939023,-0.6309142145258344,9.729374246348797,54.59592852745009,46.50603589773566,43.64634625972718,18.06107424540505,4.838252229302864,54067.0,110819.82825891789, 0.0, 0.0,0.0,NaN, 176.38232273889608,176.38232273889608,0.0, 110.05756133189357, -15.090916964580952, 1.469536625934428, -15.090916964580952, 128.48318011444522, -19.036602043657613, 1.469536625934428, -19.036602043657613, 111.07034608603526, 4.569977937853925, 3.020860511664707, 2.0, 0.0
