// Sample: .//bubblelabels.tif, Map: .//bubblelabels.tif, Thickness:(8.191250068658265):/afs/psi.ch/project/tipl/test/LabelValidation/Step3500//distmap.tif, Neighbors:(1.0):
//LACUNA_NUMBER, TRIANGLES, SCALE_X, SCALE_Y, SCALE_Z, POS_X, POS_Y, POS_Z , STD_X, STD_Y, STD_Z,PROJ_X, PROJ_Y, PROJ_Z, PCA1_X, PCA1_Y, PCA1_Z, PCA1_S, PCA2_X, PCA2_Y, PCA2_Z, PCA2_S, PCA3_X, PCA3_Y, PCA3_Z, PCA3_S,PROJ_PCA1, PROJ_PCA2, PROJ_PCA3,OBJ_RADIUS, OBJ_RADIUS_STD, VOLUME, VOLUME_BOX, Mask_Grad_X,Mask_Grad_Y,Mask_Grad_Z,Mask_Angle, Mask_Distance_Mean,Mask_Distance_COV, Mask_Distance_STD, SHAPET_XX, SHAPET_XY, SHAPET_XZ, SHAPET_YX, SHAPET_YY, SHAPET_YZ, SHAPET_ZX, SHAPET_ZY, SHAPET_ZZ, Thickness, Thickness_STD, Neighbors, Neighbors_STD
1, 0 ,1.0,1.0,1.0,78.65592308271242,138.2165148892401,39.296787586864355,15.172809078968147,15.406679729673701,15.75384174517845,84.0,78.0,78.0,-0.0020352455935355087,-0.5211050747692407,0.8534901047025195,15.956921122112137,0.657327804541937,-0.6438916867264624,-0.3915656434630447,15.270593193023291,-0.7536020270351261,-0.5602258444719371,-0.34384733245185134,15.09798321656128,88.36410187293302,76.33944079068112,76.49122608147577,25.762643063587507,7.2145455677980115,159444.0,515984.27248075773, 0.0, 0.0,0.0,NaN, 163.81329841856012,163.81329841856012,0.0, 230.2141353468182, -2.190341290116894, -1.3955365908849615, -2.190341290116894, 237.36578029273852, -10.541956430306286, -1.3955365908849615, -10.541956430306286, 248.1835297321272, 7.243500111999782, 5.52539093622392, 47.0, 0.0
2, 0 ,1.0,1.0,1.0,59.180239736879486,262.63942218385654,12.834304009091207,14.557166547422835,19.161372973773233,8.364805202911834,81.0,89.0,34.0,-0.31802930443736316,-0.9480053605134672,0.011966534870978788,19.664936450679267,-0.9356532086732688,0.3158724566402331,0.15740922538237836,13.98565114956857,-0.15300468822393423,0.038864219711650036,-0.9874609550800991,8.168911465148323,92.32320969663263,68.9344291464291,40.995625946895515,23.999280999075637,8.548320872543169,91517.0,260906.32049587995, 0.0, 0.0,-1.7763568394002505E-15,89.31435169192669, 71.15358676460671,71.15358676460671,0.0, 211.91109788940648, 58.38510583910555, -20.197382394855477, 58.38510583910555, 367.15821424004724, 2.7774970551482516, -20.197382394855477, 2.7774970551482516, 69.96996608266087, 7.645148944140981, 5.493340355122879, 22.0, 0.0
3, 0 ,1.0,1.0,1.0,76.07137876386687,15.57608029582673,259.5405705229794,14.652093477226828,9.810854972207508,16.168972624882876,70.0,43.0,76.0,-0.157356419296119,0.04320321412008517,0.9865963914367406,16.20726666967883,0.972403029813947,-0.16748110270377428,0.16242668452500017,14.739852288365809,-0.1722536063917387,-0.9849282017115877,0.015656709686840038,9.61424234718309,80.00444082691646,72.8486075291975,43.99607578957196,22.806325347481675,7.227995464867259,94650.0,256418.46172654902, 0.0, 0.0,0.0,NaN, 87.55817710541798,87.55817710541798,NaN, 214.68384326539297, -21.486994173043936, -6.7134716793792055, -21.486994173043936, 96.25287528568877, 3.8606217819757274, -6.7134716793792055, 3.8606217819757274, 261.43567574421184, 6.972690979860097, 5.2346305748173085, 30.0, 0.0
4, 0 ,1.0,1.0,1.0,155.3830359374219,172.74844804318488,13.532313690208428,16.27714812788092,17.90875948195136,9.039535570967399,77.0,98.0,38.0,-0.2088778268620036,0.9690658158495074,0.1314591115036722,18.06402967260534,0.9662103289352174,0.225257995684063,-0.1252854167064048,16.332005329367707,0.15102203052636262,-0.10084780578836011,0.9833728013136055,8.621998295458159,103.7304124807838,78.15861040468764,43.01114936725398,24.345209958927075,8.642521203556448,100035.0,348709.66319438635, 0.0, 0.0,0.0,NaN, 193.10656975852797,193.10656975852797,0.0, 264.9455511769774, -9.128677799477337, -30.2087035904204, -9.128677799477337, 320.7236661823828, 26.669437114014677, -30.2087035904204, 26.669437114014677, 81.71320333878488, 7.973018929398792, 5.410725909132143, 28.0, 0.0
5, 0 ,1.0,1.0,1.0,16.810764630499786,165.88973243757525,12.529377499902916,10.405404838273757,15.233359330943145,8.597092793591232,44.0,73.0,41.0,0.13255010903657724,-0.9904413756179846,0.038162154791706926,15.315307816976114,0.9907412459906907,0.13125305043539642,-0.03470475823596915,10.297690122256611,0.02936412926012355,0.04240894027629105,0.9986687287070906,8.581177976995399,76.54789364022095,51.18571895562437,42.680963138985845,19.184632186996957,6.796144399968754,51502.0,167230.7985931681, 0.0, -2.8421709430404007E-14,0.0,7.928332842024334, 135.73927572247575,135.73927572247575,0.0, 108.27244984837093, -16.912365882167748, -0.30021527097872774, -16.912365882167748, 232.05523650563256, -6.230042817328621, -0.30021527097872774, -6.230042817328621, 73.91000450161829, 7.368552480689354, 5.167305411899892, 14.0, 0.0
6, 0 ,1.0,1.0,1.0,189.65277693474962,114.06893272635305,234.64448153768336,13.251165098079404,12.808795936285875,13.321790279602025,65.0,65.0,70.0,0.6678701593886337,-0.2765078756585307,0.6910085707840444,14.184264745726015,0.1051623299553303,0.9541721401534682,0.2801721101632294,12.691723338537328,-0.7368109218494036,-0.114450520548213,0.6663413117837403,12.444095723227594,66.74963784185192,65.4557838039247,69.57073646862278,21.9188440750945,6.05747475928467,98850.0,303964.9737501063, 0.0, 0.0,0.0,NaN, 171.63791785331,171.63791785331,3.3036247397782844E-6, 175.59337645655773, -7.932706343281535, 21.56849306846642, -7.932706343281535, 164.06525333741354, -7.1897774122186116, 21.56849306846642, -7.1897774122186116, 177.470096253699, 6.600941753652763, 4.823850607876961, 35.0, 0.0
7, 0 ,1.0,1.0,1.0,121.32991993084,186.56686495276125,114.49991766667353,12.603100430793031,12.273681631643045,14.70106642970574,64.0,64.0,77.0,-0.020133665263944764,-0.10501366657486312,0.9942669487393931,14.726964667780672,0.9997951030289839,-3.126631870131278E-5,0.020242306728255624,12.602168087795942,-0.002094631782173696,0.9944707782810517,0.10499277909826142,12.243554491857568,77.3583970550043,63.92537801570268,61.82145456145557,22.029853286507496,6.347308060049225,97166.0,305717.27940133313, 1.4210854715202004E-14, 0.0,1.4210854715202004E-14,56.45967050029031, 201.73808946935173,201.73808946935173,0.0, 158.83814046865547, 0.1413355516264566, -1.1604765107192316, 0.1413355516264566, 150.64326079493188, -6.993376953670798, -1.1604765107192316, -6.993376953670798, 216.1213541706211, 6.381731089757788, 4.67163293491099, 34.0, 0.0
8, 0 ,1.0,1.0,1.0,259.9650549061282,140.56252213956785,125.55495040736805,15.289571837253627,13.4239505908637,13.600247385516957,77.0,74.0,66.0,-0.9276717396675801,-0.2351311119438146,0.29006637795199736,15.549686960726515,-0.3731499926560693,0.5555388169757508,-0.7430583461707156,13.57473073439179,-0.013573002722358627,0.7975524954692634,0.6030968334918118,13.148159806296876,85.41547028774386,72.21289474418518,66.65283805639191,23.422568578598984,7.093903478377389,112920.0,411121.2614658299, 0.0, 0.0,0.0,NaN, 192.67761943386805,192.67761943386805,0.0, 233.77100696653923, 12.669799082206428, -15.384388644106691, 12.669799082206428, 180.2024494659499, -9.406070225611066, -15.384388644106691, -9.406070225611066, 184.96672894726083, 5.920716499090934, 4.585157779933803, 38.0, 0.0
9, 0 ,1.0,1.0,1.0,22.584732364676654,133.0355233864983,191.87798582506105,12.87822151335152,12.979494391991912,12.966139958387798,57.0,65.0,62.0,0.39069110364201803,-0.6454819444968812,0.6562876814808486,13.459946472752724,0.9071160061492006,0.39120020413443324,-0.15525125337046783,12.776515239428571,-0.1565279940550744,0.6559843440309411,0.7383654430316952,12.570884961946042,78.05853003644786,66.63825050841719,67.53632803933772,21.57212824553616,6.089329388144755,92981.0,351302.62880148896, 0.0, 0.0,0.0,NaN, 172.91295662254262,172.91295662254262,1.9073486328125E-6, 165.8485893469499, -3.9866786870493187, 5.199963311614815, -3.9866786870493187, 168.4672746717495, -10.120443823794288, 5.199963311614815, -10.120443823794288, 168.1207854205007, 6.577046472575675, 4.683668261304567, 34.0, 0.0
10, 0 ,1.0,1.0,1.0,47.02644852560786,248.8615309289779,213.54312319858104,13.41406767421972,14.49342021789539,13.110590354961147,64.0,71.0,65.0,-0.14211698384482774,-0.8948212898286049,-0.42319927005173436,15.083943137167237,-0.8127517175520136,-0.13855356461339013,0.5658953572429931,14.176941891390802,-0.565010980883647,0.4243792749444711,-0.7075767255065022,11.548722815942881,73.65012676994786,69.67292282067737,63.06380697191604,22.799964194769768,6.4842619744927905,108248.0,323606.8550312582, 0.0, 0.0,0.0,NaN, 110.91177316279487,110.91177316279487,0.0, 179.93721156854642, 19.58712804809673, -25.434585042842002, 19.58712804809673, 210.05922961249883, 30.353039997261636, -25.434585042842002, 30.353039997261636, 171.88757945560025, 7.048816510716591, 4.905216576266038, 39.0, 0.0
11, 0 ,1.0,1.0,1.0,264.4420769738773,280.64427098620484,25.048136190196654,16.598384486235606,12.28769693552864,14.436739992050267,71.0,56.0,65.0,0.9414434628868049,0.30402173930859094,0.14579090580512938,17.05296615165119,-0.17821738130008702,0.08163625194570655,0.9805988412040862,14.418309467019185,-0.2862215421491549,0.9491608422159208,-0.1310378739667405,11.671419051438173,83.58842614831656,72.53023472400056,60.70421831237596,23.94324271622468,7.850761323745543,109024.0,368030.74615548796, 0.0, 0.0,0.0,NaN, 47.60692451933623,47.60692451933623,0.0, 275.50636755290685, 43.20158012252274, 8.692663817518087, 43.20158012252274, 150.98749597939994, 12.588621458251254, 8.692663817518087, 12.588621458251254, 208.41946159806355, 6.26281372248653, 4.706260983357263, 20.0, 0.0
12, 0 ,1.0,1.0,1.0,136.62974031657257,22.209785358252127,250.81397359404852,14.694643273065187,12.418545557323265,12.295924068707249,73.0,54.0,62.0,-0.9854925465937926,-0.08023208843909409,0.14955685404816013,14.738617537357348,0.16038599244899837,-0.7284477918306458,0.6660631711806365,13.334123126737003,0.055504720828332195,0.6803871152232072,0.7307479725623679,11.239078116726812,67.91367048826864,64.49264461732247,61.23383263543133,21.896224015015843,6.472861598210389,93691.0,268200.03623587993, 0.0, 0.0,0.0,NaN, 146.90209562235876,146.90209562235876,0.0, 215.93254092264, 1.1732979056447872, -7.89928868325097, 1.1732979056447872, 154.22027375931341, -26.06950135008835, -7.89928868325097, -26.06950135008835, 151.1897487034142, 6.959292439362385, 4.728457327239812, 30.0, 0.0
13, 0 ,1.0,1.0,1.0,144.51178489995644,151.8361130325622,58.537916634642485,12.035717675327808,11.567480940189288,12.885400232174096,60.0,57.0,64.0,0.4520067024080068,0.14792837415802867,0.8796630815813531,13.11602582469422,0.669073351887439,0.5959762265392933,-0.44401935452645847,12.193946191401942,0.5899413451965776,-0.7892588507701055,-0.1704103157344216,11.13445989944287,64.54626146604004,62.06121194901809,59.13226996048944,20.313073401013924,5.6637181612585,78066.0,236873.18313735735, 0.0, 0.0,0.0,NaN, 215.08807744781052,215.08807744781052,NaN, 144.8584999601982, 13.068708221377358, 11.764194613482521, 13.068708221377358, 133.80661530164247, -0.2873836827349583, 11.764194613482521, -0.2873836827349583, 166.03353914331225, 5.9733324725790435, 4.516757139895, 29.0, 0.0
14, 0 ,1.0,1.0,1.0,31.305010508751945,10.964735516372796,73.32177638017616,16.77737790966676,7.398690841753628,12.869088764709625,74.0,31.0,61.0,-0.9984490051678176,0.008975136519868285,0.054945709603619775,16.788262861246587,-0.055292632893693405,-0.044552290286309616,-0.9974757231020352,12.864163117215599,-0.006504523585847293,-0.9989667363604727,0.04497944884307755,7.382548254157029,75.55154794356685,62.031209513761254,32.134795487313795,21.106456944727594,7.5067940274198115,62329.0,150601.45110315972, 0.0, 0.0,0.0,NaN, 80.47553665208848,80.47553665208848,0.0, 281.48040952377426, -1.763875353395078, -6.351045111641876, -1.763875353395078, 54.74062617184901, 5.044253308791542, -6.351045111641876, 5.044253308791542, 165.61344563397552, 6.225460581651796, 4.429178746200751, 24.0, 0.0
15, 0 ,1.0,1.0,1.0,219.10805540368142,29.184508839074176,268.8781848004374,12.722049513421634,13.936037483517214,15.022203836783964,69.0,64.0,66.0,-0.3882162430778834,-0.3519366597946434,0.8517210435953096,15.738111649995625,0.018261517380938015,-0.9269645765691634,-0.37470413764581983,13.69087593191217,-0.921387359145674,0.12991251394127212,-0.3662896028117906,12.107933373912132,78.92245991337032,74.19485551194654,64.89089102596722,23.13251563817731,6.827665261806742,109740.0,379977.73021645163, 0.0, -3.552713678800501E-15,0.0,69.3941842849739, 91.45386617342976,91.45386617342976,0.0, 161.85054382195165, 13.119847769147539, -33.703759024636064, 13.119847769147539, 194.21314074199682, -16.116169909232894, -33.703759024636064, -16.116169909232894, 225.66660811388687, 6.106645316299692, 4.601577123814222, 36.0, 0.0
16, 0 ,1.0,1.0,1.0,159.94936041608096,259.4821713054072,282.65905257239245,15.026528288251832,15.655562178623333,9.766142863806614,68.0,79.0,41.0,-0.6558527626561406,0.7546260226512432,0.01991782251836665,17.459898494842086,-0.7548555231676094,-0.6558433702458756,-0.007912828058669056,12.889247284067062,-0.007091745882568189,0.02022472848016235,-0.9997703073697684,9.761658412515544,88.59431231136557,68.24970396050315,41.728916100831526,22.5131088015534,7.709128229057297,85368.0,252315.37624546126, 0.0, 0.0,0.0,NaN, 146.82160790454586,146.82160790454586,0.0, 225.79655239763255, -68.6433391135634, -2.314343966469157, -68.6433391135634, 245.09662712874137, 3.5174079047792106, -2.314343966469157, 3.5174079047792106, 95.37754643628085, 6.788999503966281, 4.8039756837432614, 27.0, 0.0
17, 0 ,1.0,1.0,1.0,40.50240576202143,85.2108116617961,37.967155690684926,12.418119485201652,12.387475189816135,15.823138159361003,59.0,60.0,78.0,0.07480423002280101,0.019056866945762092,0.9970161297556361,15.841070621415152,-0.7151754334811965,-0.6957305099315884,0.06695638054222756,12.558431121739309,-0.6949305192000699,0.7180500632773068,0.038414582020074264,12.221997531710969,79.64448006031088,62.582624069031326,61.45274159140131,22.629517082749263,6.777602152593931,101631.0,306302.6211717543, 0.0, 0.0,0.0,NaN, 101.69971586889622,101.69971586889622,0.0, 154.20969154874496, 4.29300072368359, 7.1753995378734485, 4.29300072368359, 153.44954157831026, 1.5413179967439101, 7.1753995378734485, 1.5413179967439101, 250.37170121022632, 5.971424570768898, 4.403368455629162, 32.0, 0.0
18, 0 ,1.0,1.0,1.0,189.73495593896683,282.32276465397064,59.28330796679755,13.975378210673139,10.541136816803261,13.213270823590888,67.0,44.0,70.0,-0.9737782777863178,-0.13572079467573459,0.18258075365191137,14.05135591666666,0.19335413919022315,-0.07085523397387194,0.9785671733082588,13.206620513208385,-0.11987511238585191,0.9882102011774098,0.09523946513596346,10.448055268935994,69.64820994324919,73.01047303809912,47.22098570126781,20.972898661673643,6.41520140811615,78187.0,240121.01451296353, 0.0, 0.0,-7.105427357601002E-15,79.47988236783297, 126.43328357179789,126.43328357179789,0.0, 195.31119613135752, 10.773116399455578, -3.348843273230255, 10.773116399455578, 111.11556539056521, -6.711966949110842, -3.348843273230255, -6.711966949110842, 174.5905258575582, 6.197931969639745, 4.6586553641249955, 33.0, 0.0
19, 0 ,1.0,1.0,1.0,277.37838865603027,206.72411607625745,209.20127433747973,14.254915243480307,14.585973065766817,14.67135814190351,58.0,77.0,78.0,0.6099841118426794,0.2533067775027539,-0.7508362403152024,15.763929112797957,0.27864874584846294,-0.9555824774193349,-0.09600523572287561,14.53497331345473,0.741804731540974,0.15065790825674086,0.6534737446471183,13.093321133536763,89.10641718909571,81.64640034806328,72.5181579059489,24.010612780188207,7.395433896814245,118336.0,527585.4230547184, 0.0, 0.0,0.0,NaN, 132.1231864719086,132.1231864719086,0.0, 203.20260859880722, 1.3020573152161783, -36.361804193222, 1.3020573152161783, 212.75061027527502, -11.003329474581106, -36.361804193222, -11.003329474581106, 215.24874972799844, 6.521467123516337, 4.902786648977318, 36.0, 0.0
20, 0 ,1.0,1.0,1.0,282.03173966559257,103.88736913438532,167.31485195071016,10.957812753000232,13.150534006384609,12.750654812519775,45.0,66.0,59.0,-0.3550390736817642,0.7857417240280571,0.5065147572189896,14.05512392084241,0.17092279194974935,-0.47812061710001796,0.8615022197858816,12.271312619569244,-0.9190933877203652,-0.392441866555182,-0.03545033178105892,10.366184509909635,75.47624335427022,62.94357138354725,53.21095078014821,20.380812098181988,6.341285465071576,72307.0,252791.62171932912, 0.0, 0.0,0.0,NaN, 169.4720990545967,169.4720990545967,0.0, 120.07366032981452, -28.65640272951967, -9.850368363047696, -28.65640272951967, 172.93654465307802, 18.090159379957885, -9.850368363047696, 18.090159379957885, 162.5791981480337, 6.311935597653377, 4.553500720800844, 26.0, 0.0
21, 0 ,1.0,1.0,1.0,274.4990397805213,209.23148675741268,10.604094122612642,14.676243820016236,13.180553799227013,6.866014170586184,60.0,76.0,28.0,-0.8005197784761922,0.5952953268006114,-0.06922108174380587,16.350084553105326,0.5984025887121086,0.8003037394929836,-0.037792411621831654,11.088934203940287,-0.03290024454431589,0.07167564748853575,0.9968852368582973,6.7802326683206715,92.67833621861737,59.97923850726664,31.683393903614885,19.476092870842717,7.546064417687124,47385.0,176120.8906600861, 0.0, 0.0,0.0,NaN, 94.8771246431215,94.8771246431215,0.0, 215.39213266456474, -68.61295699804914, 10.524638309224098, -68.61295699804914, 173.72699845431765, -11.45000123311039, 10.524638309224098, -11.45000123311039, 47.142150590690285, 6.707492157371912, 4.7654316119190705, 15.0, 0.0
22, 0 ,1.0,1.0,1.0,52.51475900859704,188.41137735503932,47.79106456923358,14.265598640745077,11.171713053492347,13.165954832643292,82.0,52.0,67.0,-0.9682825403297105,-0.06821461463769282,0.2403657389115035,14.372650239298366,-0.20362542537921632,-0.34205465650464695,-0.9173523304067097,13.332815265608223,0.14479505596454342,-0.9372008206960339,0.3173153218092468,10.831426774694245,79.80522681950325,66.85051304308621,58.95808648656073,21.451621008214044,6.440869499035145,87472.0,314542.5915804088, 0.0, 0.0,0.0,NaN, 132.26415413932494,132.26415413932494,0.0, 203.50730457882779, 10.105266963538595, -9.482237337192268, 10.105266963538595, 124.80717254957129, 17.50301047810379, -9.482237337192268, 17.50301047810379, 173.34236665520328, 6.023737229117232, 4.306749153743172, 35.0, 0.0
23, 0 ,1.0,1.0,1.0,90.91309842246045,268.8293771983403,38.04255565618484,10.96192922497033,14.641231227615112,14.326557430907357,59.0,61.0,73.0,-0.09470764834888182,-0.7349999854936498,0.671420496163588,15.77588803194678,0.2113041489914512,-0.6739257794320103,-0.7079368618993902,13.210667500213582,-0.9728211644301452,-0.07482690118728641,-0.21913447217515758,10.787929042087555,79.96676202875096,70.74631635436307,56.9259594707172,22.25273049097725,6.678007016374567,94958.0,322050.29565327126, 0.0, 0.0,0.0,NaN, 103.36360690044272,103.36360690044272,0.0, 120.1638923332586, 0.9436279264591921, -17.122957841626366, 0.9436279264591921, 214.3656518604919, -37.64806033465863, -17.122957841626366, -37.64806033465863, 205.25024782108682, 5.8272421279906315, 4.24502350951493, 30.0, 0.0
24, 0 ,1.0,1.0,1.0,68.38853416501276,62.23907003118798,161.11892259710802,13.435118620227389,12.571506796889071,12.240366957128114,64.0,59.0,60.0,0.9067284288808777,-0.15304414186322357,0.3929644346509805,13.790664289878979,0.05414151891489286,-0.8818672521951111,-0.46837895494506554,12.762901922601825,0.41822512142242707,0.4459682053097428,-0.7913280657628685,11.631753594659141,66.60966901975902,64.06673828296793,66.32865333295338,21.266533916675527,6.008852960415757,88175.0,283055.1556686384, 0.0, 0.0,0.0,NaN, 166.84917471828953,166.84917471828953,1.9073486328125E-6, 180.5024123395807, -8.93381684375926, 18.85634058118028, -8.93381684375926, 158.04278314422814, 8.096820092463203, 18.85634058118028, 8.096820092463203, 149.82658324515376, 6.282524533352231, 4.396465353952258, 37.0, 0.0
25, 0 ,1.0,1.0,1.0,123.72243683110632,168.7582926983725,274.43894623519725,12.718184456087622,11.486866977056641,12.805445595471417,67.0,56.0,60.0,-0.7456782341730875,0.366133429693292,0.5566958619762976,13.057290428166542,0.5568014017905205,-0.11649357367670055,0.8224362870497272,12.719106150560616,0.3659729088943836,0.923241874566496,-0.1169968845838415,11.198717386894051,71.98845148257791,69.46495945663776,59.44179487347958,20.549628085983,5.949163910501928,78955.0,297249.0894700905, 1.4210854715202004E-14, 0.0,0.0,41.78261277556215, 182.16749045985208,182.16749045985208,0.0, 161.7522158590688, -14.66679773941035, -2.061598293403176, -14.66679773941035, 131.94811294859437, 5.70472864229651, -2.061598293403176, 5.70472864229651, 163.9794368985783, 5.8274223501222835, 4.251322394342682, 28.0, 0.0
26, 0 ,1.0,1.0,1.0,276.13250121971055,207.59641811676696,286.9727394698325,14.000178858551749,12.605789688293267,7.947804554970846,61.0,74.0,36.0,0.9692846055642242,0.17308939434796436,-0.17472096319692668,14.184378086521376,0.18557064055672162,-0.9809354468819368,0.05769910236653077,12.58585944011875,0.16140288343017567,0.08834993273789368,0.9829259374976503,7.647097451525102,72.66812291978306,67.68454583485364,43.42331481343041,19.2651935245427,6.850610005165526,49192.0,213577.96022524024, 0.0, 0.0,0.0,NaN, 96.32127989078703,96.32127989078703,0.0, 196.00500807143936, 5.754524042830333, -23.10006334087581, 5.754524042830333, 158.9059336654809, -9.971849148345221, -23.10006334087581, -9.971849148345221, 63.16759724401532, 5.5948597049453594, 4.333334194467424, 15.0, 0.0
27, 0 ,1.0,1.0,1.0,13.130570039770216,249.3835969951392,80.63987627043747,8.190064876956166,11.72596001891532,13.73493202530738,32.0,53.0,60.0,-0.06340156054319548,0.08403662562417558,0.994443607086088,13.763961186208359,-0.08232802284205543,0.9926116132808734,-0.0891307008547572,11.733750567670532,-0.9945865164859242,-0.08752160152581946,-0.05601455606134989,8.129952575138873,58.74006347452314,54.02515603921,34.93554897327354,18.963199516808164,5.798337941131762,56575.0,110865.90678692107, 1.7763568394002505E-15, -2.8421709430404007E-14,0.0,84.6538699185144, 96.11046648326736,96.11046648326736,0.0, 67.07716268875103, -6.507107927584449, -7.251873902071971, -6.507107927584449, 137.49813836520056, 3.9751021684306966, -7.251873902071971, 3.9751021684306966, 188.6483577398143, 7.814548819322161, 4.9721128018383896, 27.0, 0.0
28, 0 ,1.0,1.0,1.0,60.60713793103448,44.07980459770115,33.51494252873563,12.11726485930761,12.426556155784386,15.396479883819474,61.0,70.0,70.0,-0.3483115302953127,-0.3539858257836187,0.8679706867214049,16.320806730128375,-0.4854128910008125,-0.7240195984537516,-0.4900713685832935,12.171008639479304,-0.8019061061705236,0.5920216686905626,-0.08035509123428766,11.126401698296172,83.57410069983115,67.20917282463101,62.59076971497678,22.12014327263688,6.999875711345716,87000.0,351568.98470345966, 0.0, 0.0,0.0,NaN, 82.09449259400661,82.09449259400661,0.0, 146.8281076706111, 26.13181196948074, -37.31357217598101, 26.13181196948074, 154.4192978928628, -35.16996834456271, -37.31357217598101, -35.16996834456271, 237.0515928128577, 6.048497873390543, 4.317831321074451, 25.0, 0.0
29, 0 ,1.0,1.0,1.0,135.58899443078053,142.43315523139117,174.84260594238543,12.133176808348177,11.216599031971061,11.987355649272029,58.0,51.0,55.0,-0.8675144850066399,0.4125786760055961,0.27784429886023143,12.31137490696679,-0.3702065429773918,-0.16247759421157423,-0.914630060142322,12.059992287965695,-0.33221338600422584,-0.8963146029629822,0.2936909918177928,10.941179218123729,66.07687269788231,55.82731668840495,56.685469210915485,19.661447112659868,5.490925805812342,70746.0,209106.71548212436, 0.0, 0.0,0.0,NaN, 233.1007344630489,233.1007344630489,0.0, 147.21397946263804, -9.855555725225946, 1.0341143384324984, -9.855555725225946, 125.81209384401413, 7.476510099532666, 1.0341143384324984, 7.476510099532666, 143.69669546213402, 5.688916943680677, 4.112025993919372, 30.0, 0.0
30, 0 ,1.0,1.0,1.0,238.21683522478705,94.784309941069,184.61809362052549,13.602828850526402,11.316221295173051,11.894942753096789,67.0,56.0,59.0,0.9085354680205027,-0.30710440807938155,0.2832846375767288,14.017820543429453,0.3258665277239826,0.09650996434232174,-0.9404769177878628,11.718570445918713,-0.2614848168783053,-0.9467696178695513,-0.18775777273195046,10.98905337841886,72.03232241148208,59.62867907624043,54.18577048435279,20.47752501574915,5.937545744387834,77718.0,232738.30069639496, 0.0, 0.0,0.0,NaN, 161.59891453969476,161.59891453969476,0.0, 185.03695273671343, -20.611636829652, 14.416658770258561, -20.611636829652, 128.05686440132803, -8.092808572520156, 14.416658770258561, -8.092808572520156, 141.4896630994498, 5.840949995984441, 4.247119018352523, 34.0, 0.0
31, 0 ,1.0,1.0,1.0,274.59709188512846,64.4649855704224,239.4746221065165,14.771475118751576,13.056771575291444,12.649342649074102,60.0,67.0,62.0,-0.9946523628998445,0.0971579727805468,-0.03502863547057405,14.788949549260803,-0.10229292510064647,-0.9735274687756966,0.20440260520242706,13.05741097547605,-0.014241996071804347,0.20689271583204752,0.9782599703982222,12.628246927181026,61.854962711579105,66.2452305633424,62.24049083959997,22.45952739531268,6.652162038475459,99102.0,255036.40287798923, 0.0, 0.0,0.0,NaN, 92.00197538333813,92.00197538333813,0.0, 218.1964771838969, -4.627137607299664, 1.833526932767292, -4.627137607299664, 170.4792839693386, -2.395169232612649, 1.833526932767292, -2.395169232612649, 160.00586945368502, 5.475357586752081, 4.073701190649631, 30.0, 0.0
32, 0 ,1.0,1.0,1.0,131.09623098463635,276.7096672469033,58.57997174499861,12.977855908707891,12.026297536042321,12.246046135135861,63.0,52.0,65.0,0.7455632757557444,0.26669555959537866,-0.6107445295182528,13.536036311979164,-0.5795764356196216,0.7118631000051058,-0.3966636889426296,12.625845953269813,-0.32897804960030164,-0.6497110167937962,-0.6853094465553159,10.972053466947735,70.43966536773642,68.06220952226712,60.101393979274235,20.655009538291065,6.032644803863665,79278.0,288142.86682845675, 0.0, 0.0,0.0,NaN, 145.46571578132054,145.46571578132054,0.0, 168.42474398718434, -3.606650665085144, -19.641383542000128, -3.606650665085144, 144.63183242541763, -21.25507442601153, -19.641383542000128, -21.25507442601153, 149.96564594387596, 6.2769808460372545, 4.290364528106322, 22.0, 0.0
33, 0 ,1.0,1.0,1.0,36.15743944636678,175.78266188828474,208.72061295106278,11.612073028019577,12.97891016908698,12.651997090208392,57.0,62.0,65.0,0.2158971056851139,0.8596268861759098,0.46306593085682657,13.22367315745885,-0.13145483797861587,-0.4443433978003374,0.8861594497624377,12.491757343962545,-0.9675267775771411,0.2521915172934246,-0.017069659528934293,11.508946356647543,59.09087519376004,59.93641267357134,59.27850619115326,20.70276564813342,5.895835316100225,80920.0,209946.39377768178, 0.0, 0.0,-2.8421709430404007E-14,62.41487593695484, 158.33266881761188,158.33266881761188,0.0, 134.84024000805974, 9.248663958764476, 1.492108143888602, 9.248663958764476, 168.4521091772294, 7.593715026820882, 1.492108143888602, 7.593715026820882, 160.0730303706416, 5.767526592298775, 4.238221511805704, 38.0, 0.0
34, 0 ,1.0,1.0,1.0,52.09560537121296,20.361821662412606,165.31376928198867,12.312531120431993,11.353380841921554,12.206454389014597,58.0,47.0,58.0,0.7123398678880899,0.06568629074939025,-0.6987540510256564,12.780786700360679,-0.5844562035661905,0.6067311566934601,-0.5387840472864908,12.233793821010304,-0.3885651280418437,-0.7921884969532204,-0.470589552120341,10.792635820285284,63.88772481554493,60.4602032794745,56.519174909096066,19.92240026855709,5.709043301973559,72088.0,218314.62910869255, 0.0, 0.0,0.0,NaN, 145.8387349966751,145.8387349966751,0.0, 151.5984225916063, -9.574584880942046, -12.878599737702045, -9.574584880942046, 128.8992565417114, -12.999140552964617, -12.878599737702045, -12.999140552964617, 148.9975287510937, 5.630829139430609, 4.07365659840516, 22.0, 0.0
35, 0 ,1.0,1.0,1.0,103.78769618004145,229.416523541605,156.67592537755405,12.077513922390475,10.952027705571414,11.943256581483693,58.0,52.0,58.0,-0.8062965120010099,0.5441130836641136,0.23200622172806967,12.960862443476097,0.21524235411612536,-0.09544746458207776,0.9718850294656262,11.88576324268179,-0.5509597659807419,-0.8335650746584706,0.04015722326137884,9.959884941127495,60.14121249208387,59.5960247855224,54.119535785576176,19.443723078739154,5.513280694613689,67540.0,193974.00571280628, 0.0, 0.0,0.0,NaN, 190.51431283159238,190.51431283159238,0.0, 145.86634254553576, -31.04130099107083, -4.066166805022971, -31.04130099107083, 119.94691086360385, 4.780439254940101, -4.066166805022971, 4.780439254940101, 142.64137777115354, 5.970543949609153, 4.142241559894821, 22.0, 0.0
36, 0 ,1.0,1.0,1.0,187.56718237818492,65.76715387417062,60.663636795515366,11.284013283549518,11.478337877257736,11.42286797457776,57.0,62.0,57.0,0.06396425386436994,0.7214995517576752,0.6894541109030019,12.453184965037918,-0.9515431019344339,-0.1641382032505923,0.2600468715340807,11.376711746552187,0.3007894602351783,-0.6726790074375308,0.6760389438222393,10.249474280901474,63.6360090318241,61.135634540083004,51.73712981592789,18.989371568319378,5.382088480574396,63149.0,201279.56770173006, 0.0, 0.0,7.105427357601002E-15,46.4130874629455, 143.68901780006493,143.68901780006493,0.0, 127.32895578332196, 6.116341504834912, -3.8258480594304825, 6.116341504834912, 131.75224042448966, 23.84647603986208, -3.8258480594304825, 23.84647603986208, 130.48191276463422, 5.448730998041492, 4.016643179555914, 29.0, 0.0
37, 0 ,1.0,1.0,1.0,91.99886310344337,158.6752454986002,106.47996930379297,11.227582363311953,11.3851816620622,12.802813197151176,56.0,56.0,61.0,0.018983694990795885,0.033191798475940254,0.9992686945153586,12.805899072627476,-0.6779532174309214,0.7350145458431933,-0.011534833071464235,12.232530686798768,-0.7348598875292882,-0.6772384527718857,0.036455778521167825,10.294033947023125,61.10272167592122,56.70204218621792,52.83680658143339,19.72027980742422,5.541079071909552,70367.0,183060.99448340797, 0.0, 0.0,1.4210854715202004E-14,2.1913589197337413, 199.43535521602917,199.43535521602917,0.0, 126.05860572495364, -21.723279099011055, 1.4421873540765857, -21.723279099011055, 129.62236147815742, 1.5542833790022534, 1.4421873540765857, 1.5542833790022534, 163.9120257611483, 6.377587126535163, 4.290259547630875, 26.0, 0.0
38, 0 ,1.0,1.0,1.0,82.68651925820257,207.87774079357533,190.26713161092619,13.584179022377544,12.570485148002,10.21690290707952,68.0,61.0,49.0,-0.9963702236125153,-0.04519710075222111,0.07213597980162101,13.59955461170382,0.05611493402654102,-0.9859505189164635,0.1573298713771587,12.626798192592329,0.06401165266998834,0.16080670487249582,0.9849079713305738,10.126608679496979,68.00520268145189,65.82784660437272,52.372787830027875,20.321957619734242,5.826676589836385,75708.0,234453.91006058073, 0.0, -2.8421709430404007E-14,0.0,87.40951440520288, 165.42331611120179,165.42331611120179,0.0, 184.5299197120021, 0.5633013981867531, -5.4201691429952525, 0.5633013981867531, 158.01709685613886, -9.093060572320848, -5.4201691429952525, -9.093060572320848, 104.38510501268993, 5.673585110374747, 4.13244635333318, 22.0, 0.0
39, 0 ,1.0,1.0,1.0,22.81382882720283,11.662617767028841,264.4635599032596,13.744581579725928,7.41338501179603,14.230758648281665,50.0,32.0,81.0,0.3073644434902828,0.14154026022994332,0.94100661719881,14.395228286965676,-0.9504834622666269,-0.002050833870130954,0.310768373613022,13.6864446811218,-0.045916084714992075,0.9899303757408782,-0.13390132318229217,7.200342102792252,81.87353491048935,61.48441908287939,34.26781324888664,19.91954499583506,7.042586101669645,55406.0,172502.34652501333, 0.0, 0.0,0.0,NaN, 43.81011314395282,43.81011314395282,NaN, 188.9135228017413, 7.023696030518447, 4.923900306864367, 7.023696030518447, 54.95827733312203, 20.60845982874848, 4.923900306864367, 20.60845982874848, 202.5144917056434, 5.8508466610363135, 4.134112815111922, 18.0, 0.0
40, 0 ,1.0,1.0,1.0,287.86954926100157,76.90885129950289,283.81449971641143,8.11944563653949,11.269836186856748,8.999932565766583,37.0,59.0,37.0,0.17727738312506464,-0.972449015444525,-0.15137913262171612,11.375235380848057,0.4902890721262332,0.22063433182421094,-0.8431708708050116,9.431485892513642,0.8533401169439572,0.07525559103121947,0.5158946024457083,7.455500332054896,60.4020745636613,50.882458211225554,40.33164066009573,15.719659308761882,5.179353485533031,29973.0,123955.50780041516, 0.0, 0.0,0.0,NaN, 79.52414515586044,79.52414515586044,0.0, 65.92539744472018, -9.114983198843767, -15.775241254089794, -9.114983198843767, 127.00920767858584, 4.658066033604732, -15.775241254089794, 4.658066033604732, 80.99878618834589, 6.493783717157763, 4.429798600084912, 9.0, 0.0
41, 0 ,1.0,1.0,1.0,120.80058699811067,235.7102795964685,75.47280677780815,11.70248172838182,12.462065035597558,13.369421672894564,59.0,62.0,66.0,-0.13561967974561093,-0.1293797819357092,0.982277035510841,13.423711584962566,0.29289114052263265,-0.9523600391686396,-0.08500079763189622,12.514801466940193,0.9464787806755359,0.27617246028700126,0.1670529554062877,11.583449009213517,66.99395932183538,60.075790850189236,58.39922844530608,20.895402385193375,5.862997406025398,84157.0,235040.25587735043, 0.0, 0.0,0.0,NaN, 156.275700387401,156.275700387401,0.0, 136.94807860311033, -5.452987723089779, -6.689334893767803, -5.452987723089779, 155.30306495146314, -4.031631654449195, -6.689334893767803, -4.031631654449195, 178.7414358676629, 6.09531980773024, 4.309749072237901, 35.0, 0.0
42, 0 ,1.0,1.0,1.0,23.027908245564095,187.50194515608692,122.19550004744283,12.544154547487556,12.988944623388539,12.239516977442674,52.0,63.0,59.0,-0.5270010799298988,-0.6484692479561636,0.5493245818347183,13.946601524228685,-0.6589269851958838,0.719989049614431,0.2177865850229797,12.348381573960673,-0.5367355866098167,-0.24719102510098562,-0.8067288932325035,11.352711130389286,75.02720536376391,62.242970730984496,58.79966212995657,20.978281587300046,5.9821378474435996,84312.0,274589.4916473065, 3.552713678800501E-15, 0.0,1.4210854715202004E-14,68.70584978578285, 167.6837414112495,167.6837414112495,NaN, 157.35581331125275, 11.230891486949984, -22.38420404701139, 11.230891486949984, 168.71268242945402, -19.676126316630697, -22.38420404701139, -19.676126316630697, 149.80577584110745, 5.935269741698306, 4.287423070454989, 22.0, 0.0
43, 0 ,1.0,1.0,1.0,215.84792994766042,135.64575935195882,206.3706698612359,11.714396182692907,12.61418533331153,11.232712580188515,60.0,58.0,59.0,0.39819340260988667,0.7753192290216785,0.49022658763799287,13.5406539336914,0.8607398027697474,-0.5005660408697127,0.09252367619111136,11.460709698968024,0.3171261673937632,0.3851152189114986,-0.8666702153165825,10.383708667972877,64.5784391278674,59.89949524749147,50.566635529345746,19.765607257880973,5.642636899943956,70119.0,195602.66394994914, 0.0, 0.0,0.0,NaN, 185.0615961956912,185.0615961956912,0.0, 137.22707792509016, 13.180959967633049, 16.61704320840739, 13.180959967633049, 159.11767162313174, 27.61719460749915, 16.61704320840739, 27.61719460749915, 126.17383190912533, 5.86885005132816, 3.9136106494569676, 31.0, 0.0
44, 0 ,1.0,1.0,1.0,125.5097386812519,91.4692646611972,213.327484047402,12.666866626809398,10.17944499027745,12.106617722025453,63.0,51.0,65.0,0.7506929104650449,0.12468009897459227,0.648779644484324,13.672339836495965,-0.6073617465183335,0.516643981994038,0.603482149475478,11.520172939163098,0.25994588483705533,0.8470737091829905,-0.4635668971866416,9.539053515200706,66.47145741226177,58.16700368218396,51.77231954274447,19.466788378766864,5.6289389173282265,65820.0,200174.85233784807, -1.4210854715202004E-14, 0.0,-2.8421709430404007E-14,22.310674973825186, 177.85231486559186,177.85231486559186,0.0, 160.4495101413777, -4.111991775263345, 31.433722010416624, -4.111991775263345, 103.62110031008466, 20.768474631234923, 31.433722010416624, 20.768474631234923, 146.57019266726076, 6.274606417994737, 4.202094650514916, 33.0, 0.0
45, 0 ,1.0,1.0,1.0,107.32630642720052,210.87368733128403,279.6082200758344,11.3636562506723,12.121652373730035,11.257409880931096,56.0,57.0,45.0,-0.16627718953322945,0.9851117137453723,-0.043667009086787285,12.141034612906422,-0.7478573945917608,-0.1548461621018771,-0.6455478165378161,11.566992723407628,-0.6426983846217083,-0.07468318099796141,0.762470464267746,11.027074623177581,55.353545123075776,62.829574400335275,55.36762920810624,19.258431838723627,5.648824655934642,64087.0,192559.73793787233, 0.0, 0.0,0.0,NaN, 140.9902845933104,140.9902845933104,0.0, 129.1326833834436, -2.8147759993728876, 6.076769107215998, -2.8147759993728876, 146.93445626955497, 0.10921936607872004, 6.076769107215998, 0.10921936607872004, 126.72927722728508, 5.431476604994868, 4.000883912482477, 25.0, 0.0
46, 0 ,1.0,1.0,1.0,280.2213414264036,233.70056449165403,48.2226282245827,11.282633213121093,11.99592855753668,15.381360424543699,48.0,59.0,69.0,0.373805143520955,-0.08173126574552926,0.9238991908627869,16.075105657359053,-0.07525713330170496,0.9901528644053753,0.11804096321633117,11.984354353215027,-0.9244490675880896,-0.11365432376053078,0.36397337282560777,10.28360790434881,83.48977890493977,59.876752664623325,56.97633593839657,21.47867039710789,6.815649687409112,82375.0,284830.22103074525, 0.0, 0.0,0.0,NaN, 84.33405217693824,84.33405217693824,0.0, 127.29781222182321, -7.48597744918147, 52.38472618611456, -7.48597744918147, 143.90230195752403, -7.1008637597867565, 52.38472618611456, -7.1008637597867565, 236.58624850971913, 5.7727493346641925, 4.0506244226569645, 19.0, 0.0
47, 0 ,1.0,1.0,1.0,224.51179938866272,232.1576149154703,166.49214098422402,14.226895282652919,10.24082890312881,11.19936698371535,74.0,51.0,58.0,-0.9994897161130428,0.027807348155147512,-0.015718103347648095,14.230281622752372,0.012950368910757772,-0.0970540253512232,-0.9951948573561862,11.20727368639227,0.029199235081491637,0.9948905806930244,-0.09664438482888307,10.227465389729726,73.99970939597478,58.27802010686247,50.973765998673514,19.917153424436304,6.000995443267572,69029.0,219827.24854180266, 2.8421709430404007E-14, 0.0,0.0,1.8304675205701557, 167.70630895846296,167.70630895846296,0.0, 202.4045493835719, -2.7473435418252024, 1.2673391062937558, -2.7473435418252024, 104.87457662315843, 1.9857379665306039, 1.2673391062937558, 1.9857379665306039, 125.42582083593348, 5.547271837147808, 3.9638966634927866, 34.0, 0.0
48, 0 ,1.0,1.0,1.0,199.73613733151865,175.27504353807203,192.7410399379491,12.48757299246042,10.671763449717973,12.046165643534904,62.0,54.0,57.0,0.7947860170228032,0.2794947779057043,0.5387001543237848,13.156351160391646,-0.5148102715079934,-0.15956074133601944,0.8423246133018826,11.56206568731451,-0.321380726701049,0.9467961971553018,-0.017070136419041364,10.400249144464281,66.74298811840367,59.87759475417246,51.80555145179933,19.580532202822397,5.615948694075536,68331.0,207036.20290847987, 0.0, 0.0,0.0,NaN, 192.64901098948457,192.64901098948457,0.0, 155.9394792420269, 16.518198694464413, 16.73269745915052, 16.518198694464413, 113.88653512673645, 6.345844425022265, 16.73269745915052, 6.345844425022265, 145.11010671148068, 5.899783426348401, 4.195219593656514, 30.0, 0.0
49, 0 ,1.0,1.0,1.0,237.18729942132262,273.7493998433275,95.77086649988628,12.194265749440426,12.664042794128067,12.819446405766941,62.0,57.0,64.0,-0.6014427069294356,-0.7878688088651243,-0.13239867936971125,13.713513759956964,0.38930584527695977,-0.14431033930544018,-0.9097337439068316,13.179209847562909,0.6976443428528503,-0.5986963053059533,0.3935163337123579,10.567131652401502,65.02863557333865,68.69898062474203,56.65974572837359,20.84610226091193,6.233484076938621,79146.0,253121.80332753764, -2.8421709430404007E-14, 0.0,0.0,53.026706054302714, 117.50143927931738,117.50143927931738,0.0, 148.7001171679759, 32.71619408084386, -15.884432883460063, 32.71619408084386, 160.377979891507, 16.112290781072986, -15.884432883460063, 16.112290781072986, 164.33820615033093, 5.654511103763846, 4.070673589217515, 24.0, 0.0
