// Sample: .//bubblelabels.tif, Map: .//bubblelabels.tif, Thickness:(8.191250068658265):/afs/psi.ch/project/tipl/test/LabelValidation/SmallStep0500//distmap.tif, Neighbors:(1.0):
//LACUNA_NUMBER, TRIANGLES, SCALE_X, SCALE_Y, SCALE_Z, POS_X, POS_Y, POS_Z , STD_X, STD_Y, STD_Z,PROJ_X, PROJ_Y, PROJ_Z, PCA1_X, PCA1_Y, PCA1_Z, PCA1_S, PCA2_X, PCA2_Y, PCA2_Z, PCA2_S, PCA3_X, PCA3_Y, PCA3_Z, PCA3_S,PROJ_PCA1, PROJ_PCA2, PROJ_PCA3,OBJ_RADIUS, OBJ_RADIUS_STD, VOLUME, VOLUME_BOX, Mask_Grad_X,Mask_Grad_Y,Mask_Grad_Z,Mask_Angle, Mask_Distance_Mean,Mask_Distance_COV, Mask_Distance_STD, SHAPET_XX, SHAPET_XY, SHAPET_XZ, SHAPET_YX, SHAPET_YY, SHAPET_YZ, SHAPET_ZX, SHAPET_ZY, SHAPET_ZZ, Thickness, Thickness_STD, Neighbors, Neighbors_STD
1, 0 ,0.3333333432674408,0.3333333432674408,0.3333333432674408,163.288711001051,16.775105460932664,156.49581035748736,16.42737467904002,11.716596183460323,19.646536094338135,98.0,46.0,90.0,-0.3215063697569359,-0.02476501778854213,0.9465835135367878,20.03765976972668,-0.9433264332747854,0.09523333265146955,-0.3179085601822747,15.987004061398782,0.08227329147900184,0.9951468767202296,0.05397961896108067,11.663255873531593,99.6257660193604,85.9237439849089,49.99016564847407,26.636735695374647,9.143738675875824,138914.0,427926.7564864447, 0.0, 0.0,0.0,NaN, 198.90910775510957,198.90910775510957,0.0, 269.8586388455652, -8.626404679270411, -44.94022899201925, -8.626404679270411, 137.278626126277, -9.842855209854685, -44.94022899201925, -9.842855209854685, 385.98638050613107, 3.3163209490492305, 4.372244239527307, 21.0, 0.0
2, 0 ,0.3333333432674408,0.3333333432674408,0.3333333432674408,17.187229807884925,281.57187352585765,75.13018978875742,11.381200288712458,11.901494643143797,32.4293224187395,53.0,51.0,142.0,0.10228648761295965,0.021909737695028412,0.994513669009099,32.586391418934134,-0.5044448060922216,-0.860533002125476,0.07084059471445417,12.358683556354553,-0.8573639320955748,0.5089232905331136,0.07696864487935039,10.403282286713019,143.1697587317101,69.41846772114133,56.254364625109105,33.096379780079445,15.082038746272953,154751.0,559091.0501012214, 0.0, 0.0,0.0,NaN, 79.24356208242246,79.24356208242246,0.0, 129.53172001178854, 21.45806189596069, 95.41926631207888, 21.45806189596069, 141.6455747407805, 18.066186739162728, 95.41926631207888, 18.066186739162728, 1051.6609525385604, 5.020597363415205, 4.870170346972867, 13.0, 0.0
3, 0 ,0.3333333432674408,0.3333333432674408,0.3333333432674408,223.6477403837349,93.46117782078126,136.19273430966174,15.00888570309581,16.705905805069,16.90940736062924,76.0,99.0,87.0,-0.1658197208623169,0.6318276262069269,0.7571642298305324,17.277337859566558,0.12068948470540332,-0.7490198015787044,0.6514624970975249,16.409766403936658,-0.9787430042941241,-0.19940709015658994,-0.047947303788576597,14.91627162392647,91.15656707634801,84.84582710548497,74.4644393446016,26.85251852173415,8.320110885327853,163811.0,575926.9124088762, 0.0, 0.0,0.0,NaN, 181.97010794880393,181.97010794880393,0.0, 225.2666500485938, -12.19299189327732, -5.864944719190473, -12.19299189327732, 279.0872887678381, 13.534309013694504, -5.864944719190473, 13.534309013694504, 285.92805728770225, 3.34479474589858, 3.6595319447759262, 28.0, 0.0
4, 0 ,0.3333333432674408,0.3333333432674408,0.3333333432674408,201.835345806683,189.58169446270946,13.800924542212126,18.90111780215332,15.92134248879828,8.75322716118756,99.0,89.0,40.0,-0.962399364652936,0.2331160806038286,0.13944302018937463,19.19892268008018,0.24446045409113726,0.9670971910528092,0.0704422418959086,15.774603148385996,0.11843373379734334,-0.10188187288068504,0.9877213851472204,8.362036234499095,100.3539214915561,89.1791936649889,40.26654268404212,24.68738488517478,8.825724564198325,100374.0,360364.69088915084, 0.0, 0.0,0.0,NaN, 148.38789387561167,148.38789387561167,0.0, 357.25225417087717, -24.709539677753156, -37.00117679967849, -24.709539677753156, 253.4891466456134, 21.897308254666488, -37.00117679967849, 21.897308254666488, 76.61898573535163, 3.5309249382181562, 3.901710571325668, 20.0, 0.0
5, 0 ,0.3333333432674408,0.3333333432674408,0.3333333432674408,265.1945739668205,11.902473741042504,23.111232453126533,21.1834512893453,7.854528322097521,12.851536073824315,79.0,33.0,46.0,-0.9916344739061337,-0.12419710625400636,-0.03515891009454539,21.3339079819777,0.050704890693688956,-0.12431966226544794,-0.9909458288089952,12.911305268437093,-0.11870166056398021,0.9844387743137382,-0.12957706358386764,7.33190081965389,83.29788032136008,50.90297435662209,36.51018910042134,24.340992280998872,9.116484954406603,81496.0,154807.21301273143, 0.0, 1.7763568394002505E-15,0.0,82.86560794444077, 43.44209511533469,43.44209511533469,NaN, 448.7386085280651, 48.721108691080666, 8.318975004795023, 48.721108691080666, 61.693615162632106, 15.666831200763736, 8.318975004795023, 15.666831200763736, 165.16197945680767, 4.3859440479798755, 4.017587330357437, 6.0, 0.0
6, 0 ,0.3333333432674408,0.3333333432674408,0.3333333432674408,177.8769481552163,18.30838501908397,10.240259223918574,21.142615360009685,11.582862823154413,6.573401715315387,93.0,50.0,26.0,-0.9302588459495875,0.366895999550395,0.002409366401849526,22.464824047388188,0.34868802074193156,0.8860981001319497,-0.3053634246821689,8.962381185746263,-0.11417155391609675,-0.28322690983814497,-0.9522328359282298,6.276138108224853,101.14024663343488,48.876493991679354,31.72654921619342,22.75516260042215,10.324005064924211,50304.0,156836.40970539104, -2.8421709430404007E-14, 0.0,0.0,21.524799669298606, 123.91166072191832,123.91166072191832,0.0, 447.0101842613174, -146.155794702844, -5.401395423901544, -146.155794702844, 134.16271118001262, -10.664800837719643, -5.401395423901544, -10.664800837719643, 43.20961011091127, 3.9879904330338403, 4.040168179925414, 11.0, 0.0
7, 0 ,0.3333333432674408,0.3333333432674408,0.3333333432674408,29.26122825175459,171.82134519933217,228.9924225826679,15.990952809011386,14.94902814765914,15.785504366898158,77.0,81.0,84.0,-0.7156255758023605,0.08180802358444282,0.6936767853508918,18.520389381574297,-0.12417945371725866,-0.9921977459394703,-0.011094873911767989,14.940287752124789,0.6873568931290523,-0.09408017979278151,0.720200958926142,12.733779543225772,106.37937959540196,78.6849794386143,70.74050671243046,25.66905598255715,8.33461021171517,132367.0,592130.5320259024, 0.0, 0.0,2.8421709430404007E-14,46.078132330005594, 149.42577781624047,149.42577781624047,0.0, 255.7105717400291, -3.0643851889255544, -89.69495409024387, -3.0643851889255544, 223.47344255950526, 10.93545830331506, -89.69495409024387, 10.93545830331506, 249.18214811736078, 2.640852973655266, 3.2267158856190585, 24.0, 0.0
8, 0 ,0.3333333432674408,0.3333333432674408,0.3333333432674408,59.8468779342723,132.99291079812207,283.1487323943662,16.151182884314448,15.103760731714669,10.318042940900813,83.0,79.0,45.0,-0.9287276063581101,-0.3625237819836367,-0.07772734836989671,16.480564210016944,0.3105908587496446,-0.8752030595831022,0.3708812787908485,15.491500781722694,-0.20248049696080125,0.3203062784159207,0.9254218153673761,9.157003537354612,82.98683401902991,80.77971263819038,49.21057292721184,22.97616179810619,8.21841200968566,85200.0,329890.5853877177, 0.0, 0.0,0.0,NaN, 146.8084750310881,146.8084750310881,0.0, 260.8607085625719, 20.773128101787524, 31.539464352311267, 20.773128101787524, 228.12358824088602, -45.39049490180552, 31.539464352311267, -45.39049490180552, 106.4620101302731, 3.737152217332046, 3.70319251012618, 15.0, 0.0
9, 0 ,0.3333333432674408,0.3333333432674408,0.3333333432674408,133.13699843039402,169.489445405884,130.49355052923895,14.534557332012925,13.171524296081499,15.11931819257977,79.0,67.0,71.0,0.6173417257559471,0.4699369689252351,0.6309108010472094,17.06485968172345,-0.5660892240194673,-0.29153978069493536,0.7710690933511642,13.705737364826684,-0.5462894691367447,0.8331649305567966,-0.08604658273622501,11.587903997608565,82.86171973996193,74.66525745046005,61.98541806805117,23.523842702323307,7.74370817145423,99388.0,383497.06467184366, 0.0, 0.0,0.0,NaN, 227.56764256204244,227.56764256204244,0.0, 211.25335683757066, 54.367888591715904, 37.74026860379413, 54.367888591715904, 173.48905228226522, 34.486006706094756, 37.74026860379413, 34.486006706094756, 228.59378260847365, 2.8889036278636606, 3.262854319073903, 25.0, 0.0
10, 0 ,0.3333333432674408,0.3333333432674408,0.3333333432674408,253.7693881396538,49.19268351772592,10.360144283829982,17.616435711774074,17.179226161243523,6.961934761024153,79.0,67.0,30.0,-0.7316934952122213,0.6799253881507614,0.048229613435722296,20.14229601404313,0.681217875224598,0.7318856608590861,0.016899287066113735,14.16436575777406,0.023808308184483373,-0.04521997320758593,0.9986933055170131,6.898681632430868,90.71188996548767,81.44768986159863,31.210138423065008,23.931301558283366,9.012544592367812,74298.0,230589.05052317958, -2.8421709430404007E-14, 0.0,0.0,42.971445762221045, 68.297307225387,68.297307225387,0.0, 310.33880718706894, -101.86332822696886, -10.876030146718104, -101.86332822696886, 295.12581149915394, 13.636493235789384, -10.876030146718104, 13.636493235789384, 48.46853561675644, 2.952338477295852, 3.254113971079309, 11.0, 0.0
11, 0 ,0.3333333432674408,0.3333333432674408,0.3333333432674408,281.0935042560877,226.3201467169308,274.33751377786837,12.09847207850805,17.555587323843017,13.369716353441717,50.0,99.0,59.0,-0.22523190142335378,-0.9637668133957069,0.14291298044021764,17.90907841325983,-0.11193671556222179,-0.12011394646093489,-0.986429324166066,13.268476972343109,-0.9678536884727789,0.23817256194336278,0.08082739911052485,11.684751495565282,97.92035404678208,61.91468523518813,59.161109662483284,23.907748342090954,7.857515988035016,107963.0,358676.52685988735, 0.0, 0.0,0.0,NaN, 80.27913527330918,80.27913527330918,0.0, 146.3730266344389, 40.51618720202851, -1.565584520507709, 40.51618720202851, 308.1986462850776, -20.688604672140144, -1.565584520507709, -20.688604672140144, 178.7493153714869, 2.9146518588041808, 3.556940385519269, 12.0, 0.0
12, 0 ,0.3333333432674408,0.3333333432674408,0.3333333432674408,79.9064470954903,208.67799269266,67.4389036884167,11.703722378897956,13.650690203791045,15.055776650326822,52.0,67.0,71.0,-0.18697704021228212,-0.4343858350186248,0.8811064253361379,15.58404561808337,-0.05902229083118891,-0.8903365257819538,-0.4514612276193382,13.196200600001683,-0.9805895959158928,0.13641780380028593,-0.1408340412961778,11.532245358330343,74.50235966673144,68.70248887880786,57.91920378886505,22.424132179835098,6.866816372093009,94973.0,296459.30190636776, 0.0, 0.0,0.0,NaN, 138.82634849610426,138.82634849610426,0.0, 136.97711752231683, 11.085908258918712, -17.00426795750789, 11.085908258918712, 186.3413430398768, -25.51243455930517, -17.00426795750789, -25.51243455930517, 226.6764105445263, 3.487571688906511, 3.6459633063983716, 23.0, 0.0
13, 0 ,0.3333333432674408,0.3333333432674408,0.3333333432674408,225.4978031679029,202.71022110379397,246.67009974530953,13.038718155698046,14.557733196003452,12.194451740643085,61.0,67.0,58.0,0.034185823532872125,0.9135500128360858,-0.40528718646974954,15.109536573170983,-0.9101318022608617,-0.13908425322340578,-0.3902764059210897,13.404044662140585,0.4129060813099934,-0.3822066777968088,-0.8266962099010441,11.075825542322917,67.3138927688843,62.38645990032438,54.207459516483766,22.137639507507064,6.369092340381187,98551.0,227642.89663677817, 0.0, 0.0,0.0,NaN, 133.64114887135784,133.64114887135784,0.0, 170.00817114372984, 10.513340938894213, 18.78118513860709, 10.513340938894213, 211.92759580602092, -36.01363041951337, 18.78118513860709, -36.01363041951337, 148.7046532548732, 3.005257742343078, 3.3437966394851517, 22.0, 0.0
14, 0 ,0.3333333432674408,0.3333333432674408,0.3333333432674408,158.02607373818051,215.98354503216277,165.16348474308435,13.56142075438871,12.68914251403499,16.713280490244475,75.0,69.0,82.0,0.23004669525311186,-0.16909777153799388,0.9583759500655296,16.924367541428612,0.7859447211084506,-0.5484711629462375,-0.28542998927611263,14.11957085953864,-0.57390714698885,-0.8188927445504,-0.006727522414076151,11.767060696271885,82.53107264917674,71.54392662889299,59.43365086089304,23.935544642277698,7.16588571232957,116439.0,350931.75694174797, 0.0, 0.0,0.0,NaN, 213.0639488280165,213.0639488280165,0.0, 183.91213287756483, -32.00753220757223, 18.96172811789823, -32.00753220757223, 161.0143377414902, -14.446308910521765, 18.96172811789823, -14.446308910521765, 279.3337447455866, 3.235210292078094, 3.441520733988885, 23.0, 0.0
15, 0 ,0.3333333432674408,0.3333333432674408,0.3333333432674408,78.57929007229163,42.78914087467742,92.40295318988943,16.318902258145485,13.68489580214604,13.005356134573129,78.0,68.0,61.0,-0.865440711640482,-0.49114699365273984,0.09892929425145645,17.477978068835938,-0.040711259644513456,-0.1278666926888705,-0.9909554491696216,12.959419893905801,-0.4993545513694384,0.8616407253180907,-0.09066582873355203,12.218672221330252,76.45956423739725,57.228102563746646,59.012085810427294,23.894841320678005,7.194358239144599,117026.0,258215.39436985774, 0.0, 0.0,0.0,NaN, 128.62317506293815,128.62317506293815,0.0, 266.30657091090586, 66.48434161488771, -12.619631557508379, 66.48434161488771, 187.2763731155943, -5.2255629269247, -12.619631557508379, -5.2255629269247, 169.1392881870789, 3.360828493976113, 3.5343587633901077, 24.0, 0.0
16, 0 ,0.3333333432674408,0.3333333432674408,0.3333333432674408,142.96148596469172,189.22442125680215,74.1611052244033,16.46697798504306,12.846988266623399,12.71485721796416,77.0,63.0,68.0,-0.9772685143787684,-0.10429534276903651,-0.18457717161286286,16.683167079853323,-0.049777756922853994,-0.7334059036237939,0.6779660429885077,14.34350577838296,-0.2060786881743093,0.6717427052126838,0.7115429096505006,10.668169652150285,80.04044078203137,72.59546984792794,51.358044252690746,23.43641172311995,6.971991903335168,111362.0,298419.68608839146, 0.0, 0.0,0.0,NaN, 195.47144252608408,195.47144252608408,0.0, 271.16136395989275, 20.124427926675498, 26.573741314884586, 20.124427926675498, 165.04510752275925, -42.54093264999092, 26.573741314884586, -42.54093264999092, 161.66759407321533, 3.328892793422419, 3.379296300402314, 19.0, 0.0
17, 0 ,0.3333333432674408,0.3333333432674408,0.3333333432674408,158.27659085424017,130.3444887545539,9.23735533770816,19.97604793778835,18.07760046452399,5.878644030341975,89.0,81.0,23.0,-0.9000709332804064,-0.43573548461992234,0.0026272622213637004,20.521437558137265,-0.43557779456325735,0.8995462774236772,-0.03299211506730224,17.464538513290865,0.012012491296443606,-0.03083962088364226,-0.9994521588533419,5.853296547118141,85.73121942722543,79.43216254857519,23.605808856584776,25.940127797865046,9.354696961088205,87013.0,160751.218551355, 0.0, 0.0,0.0,NaN, 192.77069067214953,192.77069067214953,0.0, 399.0424912128183, 45.64145804815701, 2.9759986333924275, 45.64145804815701, 326.799638554958, -8.478155289988702, 2.9759986333924275, -8.478155289988702, 34.55845563547533, 3.0783509591074223, 3.3184359344519456, 18.0, 0.0
18, 0 ,0.3333333432674408,0.3333333432674408,0.3333333432674408,108.39639576071464,288.49646491017626,23.67652164095906,19.034373415619427,7.008848123994809,14.058291409178855,83.0,27.0,64.0,-0.9172085710032276,0.040208497722864715,0.3963732003921145,20.00828803438506,0.39834382466442386,0.07478331964743372,0.9141825050033655,12.681183932781781,-0.0071158014261108885,-0.9963888456889609,0.08460870851563702,6.92263423068833,89.60500020659978,66.5493401331513,29.140246987932187,23.1368877299699,8.587858107040223,70861.0,173767.76979110212, 0.0, 0.0,0.0,NaN, 111.54679560835032,111.54679560835032,0.0, 362.3073713252396, -9.633764734648723, -87.01087786473359, -9.633764734648723, 49.12395202522555, 13.334301924486988, -87.01087786473359, 13.334301924486988, 197.635557345392, 4.354500473569723, 3.9316676036584233, 11.0, 0.0
19, 0 ,0.3333333432674408,0.3333333432674408,0.3333333432674408,7.8304271503803395,96.28058513750732,38.0012638970158,5.368421732201864,14.312019397975323,14.523948006426224,22.0,63.0,74.0,0.043711788263630175,-0.655560739196849,0.753876247663021,15.20795072508346,-0.020383680429362262,-0.7550256503004662,-0.6553783433716065,13.599631318813174,-0.9988362153721445,-0.013280986862378668,0.04636626196936875,5.326084825832276,66.56041283219821,62.31683593244533,23.630301182222073,19.789771562481633,7.277627246635468,42725.0,98014.57437875515, -8.881784197001252E-16, 0.0,0.0,87.49470076410923, 103.80444461365248,103.80444461365248,NaN, 28.819951894777265, -3.404825293827038, 8.778494018347041, -3.404825293827038, 204.8338992480219, -22.80129085073103, 8.778494018347041, -22.80129085073103, 210.94506569337227, 3.2214997448092526, 3.2935146040934873, 10.0, 0.0
20, 0 ,0.3333333432674408,0.3333333432674408,0.3333333432674408,147.0247942413375,96.05201372584432,93.96772362548053,12.51581127802,12.901757861850522,11.483389190848607,62.0,70.0,57.0,0.3938377998643189,0.8367356473938499,-0.3804802804067864,13.562666167154886,-0.8966211372495795,0.2585714220200399,-0.3594598113166551,12.384052524008272,0.2023915107787463,-0.4827155229479664,-0.8520700676996976,10.8470477413096,67.7147243737102,65.22855238500925,54.10366788656664,20.494809535816096,5.91032124948237,77518.0,238972.30024199618, 0.0, 0.0,0.0,NaN, 199.17884562837517,199.17884562837517,0.0, 156.64553194701259, 13.566075358225307, 1.575105590853965, 13.566075358225307, 166.45535592582172, -24.42213242934459, 1.575105590853965, -24.42213242934459, 131.86822730849863, 2.6201486279766746, 3.026736772350542, 16.0, 0.0
21, 0 ,0.3333333432674408,0.3333333432674408,0.3333333432674408,261.3448769778587,225.02912907284946,158.70174827983186,14.020388095703568,10.108587312643959,13.22755683822135,73.0,47.0,59.0,0.7807510564153852,0.13779125608347872,0.609459890110249,15.114012346902415,-0.6248029267095693,0.16122456858076017,0.7639554576420697,12.117396919655528,-0.007006474250027529,0.9772513536613212,-0.21196863231548857,9.922620741975035,79.63683601257327,60.44189019189743,46.14878874401566,20.758819341461308,6.541750474331218,74702.0,222132.6211590796, 0.0, 0.0,0.0,NaN, 164.5601590987574,164.5601590987574,0.0, 196.57128235414635, 9.110017773234796, 38.75739416704607, 9.110017773234796, 102.18353745734642, 16.87308232367384, 38.75739416704607, 16.87308232367384, 174.9682599083764, 2.723949133419473, 2.9618268431860515, 19.0, 0.0
22, 0 ,0.3333333432674408,0.3333333432674408,0.3333333432674408,16.21563593739682,97.5090966122961,152.20970085187875,9.942810093149307,19.706431496157617,15.358691158619749,41.0,95.0,72.0,0.017997452849835546,0.9916918110938961,0.12737128208598125,19.775174810731226,-0.09710626083372031,-0.12505596119757756,0.9873861355497369,15.315453427334825,-0.9951112831225518,0.03013898436010451,-0.09404879490950407,9.872773495184035,95.61180615686594,70.57238362581909,43.855958896258784,25.511901153633247,8.499129866889675,121144.0,295920.4097926466, 0.0, 0.0,0.0,NaN, 177.80029047583545,177.80029047583545,0.0, 98.85947254843174, 6.904699111775969, -12.471513367179826, 6.904699111775969, 388.34344231275287, 20.155879859186328, -12.471513367179826, 20.155879859186328, 235.88939410586443, 3.050780559203058, 3.694094594827778, 19.0, 0.0
23, 0 ,0.3333333432674408,0.3333333432674408,0.3333333432674408,258.0280021933833,176.02640589776396,170.85000913909707,13.702150432412488,11.84300096627384,13.577897843398372,74.0,61.0,65.0,0.7168216971924275,-0.07176279639119207,0.6935537149264533,15.514224069254011,-0.057207158572686524,0.98528283717112,0.16107473974546185,11.82941489067153,-0.6949057457254239,-0.15513810566764405,0.7021667698828024,11.477748171079776,82.01395085960161,64.94056851706506,64.49482714670086,21.533741129319743,6.975879957453129,82065.0,343501.551602098, 0.0, 0.0,0.0,NaN, 183.87718937887843,183.87718937887843,0.0, 187.7489264724617, -6.066626220106813, 54.09065593125455, -6.066626220106813, 140.2566718871631, -4.121915186796225, 54.09065593125455, -4.121915186796225, 184.35930984576217, 3.0942662619791976, 3.260829774255499, 17.0, 0.0
24, 0 ,0.3333333432674408,0.3333333432674408,0.3333333432674408,277.48173895081396,77.66307033503087,203.9173346892404,14.254009025110022,20.596993362725005,11.469510955285067,62.0,106.0,58.0,-0.059958053621326356,0.9979716818561666,0.021390512362168042,20.621667884349986,-0.9329374675936043,-0.04840380230308787,-0.3567698886994745,14.642555041871535,-0.35501086372951174,-0.041347238550808345,0.9339473713749872,10.92268217695594,104.59426417125749,73.32134837007322,59.45042426484905,25.959772978704862,9.222406265153056,125869.0,455924.8566682248, 0.0, 0.0,0.0,NaN, 125.58066390875105,125.58066390875105,0.0, 203.176773287918, -14.012377414891281, 31.260886268924107, -14.012377414891281, 424.23613558413797, 8.173388577298132, 31.260886268924107, 8.173388577298132, 131.54968155340416, 2.9756326200056287, 3.4258904174444185, 25.0, 0.0
25, 0 ,0.3333333432674408,0.3333333432674408,0.3333333432674408,21.618429894878318,87.75011400182403,221.41622665962655,12.994888397308436,19.690414911475724,16.676421552246794,53.0,98.0,85.0,0.013226937241766382,0.9928863625875831,-0.1183288600418382,19.729179718467257,-0.23759130905196335,0.1180707880307259,0.9641626724141406,16.836675069081206,0.9712751505079165,0.015360989597091208,0.23746288553039452,12.72668220265626,99.89429866752994,90.75969549905042,59.48098764100472,27.506644032136684,8.835560747460322,166664.0,539277.006487041, 0.0, 0.0,0.0,NaN, 119.76163179776765,119.76163179776765,0.0, 168.86712445850142, -0.42380628190875236, -28.189713926269086, -0.42380628190875236, 387.71243938606557, -12.869458361172969, -28.189713926269086, -12.869458361172969, 278.10303578824136, 3.279580478760976, 3.841958965004168, 17.0, 0.0
26, 0 ,0.3333333432674408,0.3333333432674408,0.3333333432674408,219.81382450659854,100.44750949739897,245.19348220313182,13.192203613997343,14.090824916560226,9.911618429724623,62.0,70.0,51.0,-0.2616210132282724,0.9173358795003861,-0.30008220476840025,14.636069488935942,0.9643195498041081,0.23538129828654392,-0.12117528742504718,13.085616632258871,0.04052469991269321,0.32107713808085603,0.9461856160916802,9.240014620516792,71.77490774055606,62.129230440826575,47.374151354797334,20.752257563106593,6.33794674586241,75547.0,211256.4903336974, 0.0, 0.0,2.8421709430404007E-14,72.53745940216302, 139.7257288315472,139.7257288315472,0.0, 174.03423619316456, -11.43235044302343, 0.08232394651078734, -11.43235044302343, 198.5513468291545, -37.91446710423291, 0.08232394651078734, -37.91446710423291, 98.24017989645678, 2.573184056625768, 3.02031412075961, 18.0, 0.0
27, 0 ,0.3333333432674408,0.3333333432674408,0.3333333432674408,98.51690675407573,178.67463124299147,284.38248655798037,14.186159677417109,16.448965891056098,8.207061624400371,68.0,75.0,35.0,-0.5550690414855747,-0.8316885316273291,-0.013876078115321556,18.06997298566823,0.8293105054024578,-0.5520371385380095,-0.08659724766923757,12.08038969966137,0.06436182730008434,-0.05957502861387391,0.9961467618540205,8.167724700707248,78.75392168767723,65.6311748177012,37.792273129891214,21.89624664139209,7.728250047994833,69558.0,195337.3908210812, -1.4210854715202004E-14, 0.0,0.0,56.28452968137364, 157.06474062158895,157.06474062158895,0.0, 201.2471263931751, 83.67129063023987, -3.6884370481063793, 83.67129063023987, 270.5684788851269, 6.785681528799095, -3.6884370481063793, 6.785681528799095, 67.35586050670526, 3.1897180574385664, 3.3460467516773384, 18.0, 0.0
28, 0 ,0.3333333432674408,0.3333333432674408,0.3333333432674408,242.91403729640413,228.17190573609253,283.1443071838854,10.338811772017698,12.122521109636908,10.066041430073929,52.0,59.0,45.0,0.10150714390904012,0.9804185698193546,0.16874752646720706,12.189771828251981,-0.8644985235408741,0.17086586346697222,-0.4727019774628987,10.464017218585758,-0.49227898851269114,-0.09789935982966091,0.8649145118529715,9.853199653263104,60.91680396502272,47.7531338742283,56.44461571081686,18.038959124509002,5.455977518930311,50836.0,164195.59752237852, 0.0, 0.0,0.0,NaN, 93.28556503389115,93.28556503389115,0.0, 106.89102885721174, 3.2926120872359017, 5.953627791202695, 3.2926120872359017, 146.95551805359244, 7.518803594303871, 5.953627791202695, 7.518803594303871, 101.32519007196478, 2.7561296060861906, 3.3718444351556447, 8.0, 0.0
29, 0 ,0.3333333432674408,0.3333333432674408,0.3333333432674408,201.55236197742735,236.4055152427635,83.26647950462434,14.039576398256663,15.681099070233135,10.848456048465522,62.0,81.0,46.0,0.5666868742022796,0.7940961012763498,0.21972111538163794,16.5500590321728,-0.6636348092548991,0.5979561133887993,-0.4494856242486243,14.207053780405692,-0.48831836597865497,0.10890302290874637,0.8658436955070317,9.216872627995674,84.35671643712857,66.15733340280576,46.602456221207554,22.505466408728854,7.362034627329578,88337.0,260079.70601409854, 0.0, 0.0,0.0,NaN, 143.76892060823127,143.76892060823127,0.0, 197.10970544248553, 38.64522554812363, 58.39472020842175, 38.64522554812363, 245.89686805046645, 1.5518431821928096, 58.39472020842175, 1.5518431821928096, 117.68899863548816, 2.932253982277366, 3.0121540026844458, 21.0, 0.0
30, 0 ,0.3333333432674408,0.3333333432674408,0.3333333432674408,25.192240640605146,272.6128963153385,234.46266583931686,14.756770089128551,14.832956158681995,15.519315665064772,62.0,65.0,80.0,0.3185745706129297,0.5815395267013985,0.7485466063263533,16.782420845634455,0.9460932958524388,-0.24377877279301782,-0.21325896341912604,14.513386701049042,0.05846125641702714,0.7761338085790642,-0.6278523653524761,13.650639824071733,81.07157792247256,70.83471807532982,75.29920507071068,24.939893892517652,7.52527097257496,135372.0,432419.41713794187, 0.0, 0.0,2.8421709430404007E-14,41.5353631921179, 75.36474378393125,75.36474378393125,0.0, 217.76226346339908, 12.05329747872251, 17.825780694660818, 12.05329747872251, 220.01658840538212, 42.75243091612587, 17.825780694660818, 42.75243091612587, 240.84915871192484, 2.135231131943411, 2.71809144004696, 14.0, 0.0
31, 0 ,0.3333333432674408,0.3333333432674408,0.3333333432674408,260.106944877911,260.90378527798833,152.46329900277914,12.17835051031387,12.070814620620911,13.439546662422629,67.0,58.0,62.0,0.6369876873945365,-0.20433447689226508,0.7432994737391685,15.800256282387123,0.09016447097573965,-0.9378624127095124,-0.33508873899365327,12.116483729839693,0.7655828200014841,0.28046660474975665,-0.5789830993549965,8.841997776764535,86.67560047225763,62.52831414397511,49.06619276794211,20.59490586392138,7.10549461368664,67287.0,265923.0231383511, 0.0, 0.0,0.0,NaN, 157.7562930399514,157.7562930399514,0.0, 148.31222115206208, -28.121251339194824, 79.11153863860832, -28.121251339194824, 145.70456560539557, -4.475123014193112, 79.11153863860832, -4.475123014193112, 180.62141449143522, 2.7349214397785713, 3.046780899235989, 14.0, 0.0
32, 0 ,0.3333333432674408,0.3333333432674408,0.3333333432674408,121.71729281687473,184.9020496161522,164.79550453770742,15.94167670820645,10.940634665165085,9.74492766525065,76.0,47.0,47.0,-0.9993276765637192,-0.009329411879435194,0.035456408838775655,15.94835154858358,-0.00822162055441654,0.9994774050563877,0.03126214543516819,10.941192228961716,-0.03572953692979769,0.030949618022429043,-0.9988821358574034,9.73337319937189,76.16722558791221,47.70106466643102,46.85939145013802,20.57120528785532,6.754529691360796,68647.0,170252.2472979304, 0.0, 0.0,0.0,NaN, 215.2739955183733,215.2739955183733,0.0, 254.137056268972, 1.2828831107063343, -5.661859126206714, 1.2828831107063343, 119.69748687661195, 0.7274458098906187, -5.661859126206714, 0.7274458098906187, 94.9636152009675, 3.625114359600743, 3.3073680748080037, 14.0, 0.0
33, 0 ,0.3333333432674408,0.3333333432674408,0.3333333432674408,224.1585875278294,282.8847345589754,177.8724896141752,19.95549613657808,11.241990002132125,10.762556062838549,92.0,50.0,51.0,0.9593358620399011,0.2787980921008368,0.04411720350489899,20.58421948600891,-0.14484386456755607,0.3520790295065361,0.9246948750149264,10.862363619883867,-0.24227042473503627,0.8934830612958863,-0.3781442323717712,9.936586084365112,97.42456950045994,57.8689979704921,54.84011433710609,23.723332441176073,8.81137197922695,87138.0,309181.0084708985, 0.0, 0.0,0.0,NaN, 144.77562277514258,144.77562277514258,0.0, 398.22182605698265, 85.9360193386294, 11.174987560211632, 85.9360193386294, 126.38233920803864, 10.265949249292051, 11.174987560211632, 10.265949249292051, 115.8326130057428, 3.0622043620772184, 3.2993069637247845, 15.0, 0.0
34, 0 ,0.3333333432674408,0.3333333432674408,0.3333333432674408,216.51297191571024,161.71449483952713,228.32074891439396,10.79202662352346,13.01116954425363,14.046965086485484,58.0,67.0,67.0,0.26818788607167837,0.14508321835568583,-0.952379187884721,14.274162199045954,-0.1810968647067118,-0.963377810480791,-0.19775520186997822,13.111018527132552,0.9461919379057314,-0.22550843448703486,0.23209214251543153,10.364607391966619,71.15992162335759,67.4938381490102,54.90007232246583,21.06053764022893,6.287237389950991,81291.0,263677.1545320046, 2.8421709430404007E-14, 0.0,0.0,74.44353607341898, 176.72260702023243,176.72260702023243,0.0, 116.4678386428392, 14.996414919138953, -22.29442656296808, 14.996414919138953, 169.29053290931319, -1.0267771148814275, -22.29442656296808, -1.0267771148814275, 197.31722814094215, 2.8971012016916124, 3.1257598236978725, 17.0, 0.0
35, 0 ,0.3333333432674408,0.3333333432674408,0.3333333432674408,27.453537752825163,216.00241128625927,44.447923414669255,11.903030064302376,11.732881431003182,9.828373443090484,56.0,50.0,52.0,-0.8377525951113978,0.36047810584892526,0.4101537816328043,12.127331440386795,0.46807041849610664,0.8608957432050208,0.19942066758577115,12.060034449463243,0.28121286014867575,-0.3590460340054545,0.8899467808537517,9.133616870401209,59.45100994795922,57.48123990645519,47.49636058988854,18.56997175307454,5.5763523034826505,55572.0,162310.15684040583, 3.552713678800501E-15, 0.0,0.0,33.09644537639774, 98.91870167336832,98.91870167336832,1.3486991523486091E-6, 141.6821247116862, 5.770643956329407, -16.08107431338311, 5.770643956329407, 137.66050667397928, 20.058500292636808, -16.08107431338311, 20.058500292636808, 96.5969245368463, 3.142302203796097, 3.172568485558433, 11.0, 0.0
36, 0 ,0.3333333432674408,0.3333333432674408,0.3333333432674408,91.19974379024073,174.8066780907382,86.26624186866755,15.682749213388414,11.334129956106935,8.82134721526672,71.0,55.0,42.0,-0.9520421122066313,0.3058932645108231,0.0067176865100720224,16.108656393287323,0.305411929551486,0.9514077550869984,-0.03932984678277142,10.723251188357443,-0.01842199426701827,-0.0353920088046698,-0.999203700873849,8.817616718742283,72.63162932874167,49.49906163063554,42.88429744837909,20.227186448862966,6.56416177491585,60107.0,154177.51882458146, 0.0, 0.0,0.0,NaN, 177.29248603430733,177.29248603430733,0.0, 245.9486228900349, -42.10624348507485, -1.6096045364969929, -42.10624348507485, 128.4625018619206, -1.0199356062698055, -1.6096045364969929, -1.0199356062698055, 77.81616669229389, 2.254397665932513, 2.6296125191541018, 12.0, 0.0
37, 0 ,0.3333333432674408,0.3333333432674408,0.3333333432674408,16.468009430094302,214.47854653546534,152.18328208282082,11.385284553348313,15.364770402292429,14.582248855502357,51.0,70.0,74.0,0.11177950757793785,-0.7578557796730757,0.6427752009075557,16.7167531002692,-0.4334075465297091,-0.6192470227041086,-0.6547450064591519,13.58305891484398,-0.8942389167871926,0.20539654838436672,0.3976795413584368,10.69549119303038,74.66749810806598,69.93212251360336,55.223698406044505,22.969733341433823,7.122794801421138,97560.0,288359.19066529453, 0.0, 0.0,0.0,NaN, 171.56601188196677,171.56601188196677,0.0, 129.62470436071172, 4.833108279388982, 31.753213646786783, 4.833108279388982, 236.07616951516147, -51.97964217507782, 31.753213646786783, -51.97964217507782, 212.64198168379977, 2.9582199129662023, 3.068142749242746, 19.0, 0.0
38, 0 ,0.3333333432674408,0.3333333432674408,0.3333333432674408,87.52126173982093,11.253169409380904,63.04690452068673,9.971743079237259,7.225117805869498,12.102867977644816,50.0,31.0,56.0,-0.17342463293003715,0.062248212479005534,0.9828779460015625,12.18301468555127,0.9837744612315791,0.0575165758880122,0.1699401451294994,9.900375492759148,0.04595330370711815,-0.9964020290732489,0.07121299275493366,7.188471249530398,59.13213975947831,49.80574790113985,32.6091361932714,16.476440453053435,5.161812726968173,36521.0,96037.83371992636, 0.0, 0.0,0.0,NaN, 108.45052903479566,108.45052903479566,0.0, 99.43566003831617, 1.5777885039734916, -8.744035523679928, 1.5777885039734916, 52.202327308692475, 6.372479417368835, -8.744035523679928, 6.372479417368835, 146.47941328430034, 4.313811115927276, 3.4534177551162855, 9.0, 0.0
39, 0 ,0.3333333432674408,0.3333333432674408,0.3333333432674408,227.42598515301782,101.1830198644406,60.14192658666119,9.594153668639896,11.019634739945083,16.578853444531376,53.0,53.0,71.0,0.019073960026581807,0.054297989729877864,0.9983425826639866,16.59258924075609,-0.5406413084737414,-0.8393884585091853,0.05598206224653,11.895803252988472,-0.8410369549673218,0.5408130398140077,-0.01334527431067662,8.456616534304068,72.54648709074267,57.55402265615689,46.39337311681055,20.972974520209572,6.962245020761026,68162.0,193708.20679555595, 0.0, 0.0,0.0,NaN, 138.2824734861693,138.2824734861693,0.0, 92.04778461747637, 31.9757171916331, 1.7623165345750154, 31.9757171916331, 121.43234980180452, 7.758420613118736, 1.7623165345750154, 7.758420613118736, 274.8583815352499, 2.4458906732134293, 2.9804647380067064, 15.0, 0.0
40, 0 ,0.3333333432674408,0.3333333432674408,0.3333333432674408,251.5302399162342,232.39948101611583,108.04415915505781,11.268333697180267,13.687098272217556,14.108457032856599,52.0,73.0,66.0,-0.40359654390451366,0.6222469498314182,0.6707596910770864,15.135830397646217,0.14527220765727908,-0.680238620712971,0.7184506973849316,13.379933428044474,-0.9033304021401647,-0.38740695956062887,-0.18414676824011017,10.258878247990708,76.00023415664008,65.09703989030221,50.00996636647233,21.684613030274445,6.567961708134971,87864.0,247418.82123291332, 0.0, 0.0,0.0,NaN, 136.35500774446004,136.35500774446004,0.0, 126.97534431100831, -38.39370414572313, -25.82760096142946, -38.39370414572313, 187.3366591133408, 15.635129446160429, -25.82760096142946, 15.635129446160429, 199.04855984796083, 2.504340614819938, 2.862788336341028, 17.0, 0.0
41, 0 ,0.3333333432674408,0.3333333432674408,0.3333333432674408,197.6049999496379,224.96906759601535,195.45504175018382,11.86052226407835,12.473389249720276,15.688526043124057,63.0,60.0,74.0,0.0519196843530059,-0.21125985247538506,0.9760500095326892,15.843748532850931,-0.41718067431051026,-0.8925905262429887,-0.17100420299832425,12.403020702500466,-0.9073393143463544,0.3983107168949169,0.13447654608943949,11.727232710177029,72.3657674328118,56.48158939584209,56.00288820012055,22.346517607806007,6.558995956807893,99281.0,228902.48453477217, 0.0, 0.0,0.0,NaN, 164.45067694655677,164.45067694655677,0.0, 140.6719883766982, 4.827348181880891, 6.91489728422562, 4.827348181880891, 155.58543937503734, -20.913936873975832, 6.91489728422562, -20.913936873975832, 246.12984940578175, 2.6578488090338577, 3.106268992117771, 19.0, 0.0
42, 0 ,0.3333333432674408,0.3333333432674408,0.3333333432674408,166.62837171891107,16.135967645092954,272.95449241540257,14.102254962181611,10.934926288469331,15.31834446591125,68.0,47.0,65.0,0.5478577597874346,-0.0027692125252481224,0.8365669169305486,16.170565512449635,-0.8324744417302828,0.0970426610763197,0.5454988779063439,13.135553383330889,0.08269328211255991,0.9952763703581113,-0.05086027625009538,10.911825394964225,84.1611961226539,62.790221098296854,51.74508253719914,22.354400821205022,7.306069329942383,88271.0,273446.89448597154, 0.0, 0.0,0.0,NaN, 137.03948395517608,137.03948395517608,0.0, 198.87359501837585, -4.536061870494197, 40.98988534393913, -4.536061870494197, 119.57261293425766, 2.5008460539735875, 40.98988534393913, 2.5008460539735875, 234.65167717631385, 2.741871866300187, 3.1502835276106174, 9.0, 0.0
43, 0 ,0.3333333432674408,0.3333333432674408,0.3333333432674408,82.15835193452381,253.94373139880952,151.26422991071428,13.493944953528997,10.48448824763317,8.840974360530092,59.0,48.0,41.0,0.972526104049616,-0.1647358502438604,0.16448427458729264,13.666286991751633,0.19959225001637254,0.9537127017237714,-0.22493335969603645,10.496948465214757,-0.11981615364998682,0.25158335043316576,0.960390497198585,8.556900411065032,63.801222541872235,53.11541692524909,44.26395915388892,18.42160497729917,5.551427017222957,53760.0,150002.96788163972, 0.0, 0.0,0.0,NaN, 176.0497201761904,176.0497201761904,0.0, 182.08655040887066, -11.15483603791043, 16.503992015813086, -11.15483603791043, 109.92449381475804, -11.006597926341467, 16.503992015813086, -11.006597926341467, 78.16282764355049, 2.8483886639670737, 3.0646314985478416, 17.0, 0.0
44, 0 ,0.3333333432674408,0.3333333432674408,0.3333333432674408,220.5063848787022,261.6890311058193,290.20092275636256,12.923578574850708,12.386743423901859,5.7923993991325355,72.0,62.0,22.0,-0.8156957142563321,-0.5733505515457806,0.07687422705953854,13.563807560734887,0.5630634799434207,-0.8173900618175872,-0.12179082229727593,11.788898195778403,0.13266506434573272,-0.056059181977538126,0.9895743270811707,5.572000575548356,72.02944985379702,51.3425381941081,26.806326721729192,17.622211012373743,6.592409700887302,33595.0,99134.48143261405, -2.8421709430404007E-14, 0.0,0.0,35.3437892734403, 88.7861875377622,88.7861875377622,0.0, 167.01888318034025, 21.84769170495017, -16.991073014771537, 21.84769170495017, 153.43141264957592, 4.004079179512354, -16.991073014771537, 4.004079179512354, 33.55189079907096, 3.8361350484974133, 3.4183293189744326, 12.0, 0.0
45, 0 ,0.3333333432674408,0.3333333432674408,0.3333333432674408,132.2574577969629,245.0336390965852,13.344700531873892,13.484175659396568,14.670932798107327,8.46857867663771,65.0,72.0,35.0,-0.5004614237113552,-0.8576043774106011,0.11854575160240163,15.583705951809977,0.830268402380632,-0.43662234532220134,0.34643225538863015,13.065374163974289,-0.2453420946048928,0.2718007715432668,0.9305544568714764,7.431029130969848,75.67708268889982,63.93973513955101,36.01984293089421,20.58940021263472,6.69721479918409,64865.0,174291.82986821377, 0.0, 2.8421709430404007E-14,0.0,30.951342697631777, 143.84511464128792,143.84511464128792,0.0, 181.8229932134629, 38.666665028706134, 22.085076714988464, 38.666665028706134, 215.23626916658125, -36.54373138920096, 22.085076714988464, -36.54373138920096, 71.71682480240293, 3.042224014477567, 3.1486162305145857, 12.0, 0.0
46, 0 ,0.3333333432674408,0.3333333432674408,0.3333333432674408,178.0246261973895,17.69280345173808,44.180849909093375,14.67303700758849,11.587479337170986,11.878223274430212,67.0,52.0,54.0,0.83655119665846,-0.341778846175447,0.4282164355513207,16.12577863020628,-0.04545403632763576,-0.8221749446210441,-0.5674172107179234,10.940322097920452,0.5460000237644905,0.45520938121304405,-0.7033266618754138,10.532259801959757,82.0688653589202,53.46000688300046,56.150705418187215,21.029551686916324,6.958292636843282,73702.0,246355.72325948914, 0.0, 0.0,0.0,NaN, 130.93118271427258,130.93118271427258,0.0, 215.2980150260614, -42.30604920171634, 53.64171606489649, -42.30604920171634, 134.26967738936457, -17.735683932704784, 53.64171606489649, -17.735683932704784, 141.0921881572156, 2.7418161912802708, 3.04247053492004, 16.0, 0.0
