// Sample: .//bubblelabels.tif, Map: .//bubblelabels.tif, Thickness:(8.191250068658265):/gpfs/home/mader/Foam/NewValid/InSilicoTest/LatticeDataPhi_16.0/out_Step_05000.vtk/distmap.tif, Neighbors:(1.0):
//LACUNA_NUMBER, TRIANGLES, SCALE_X, SCALE_Y, SCALE_Z, POS_X, POS_Y, POS_Z , STD_X, STD_Y, STD_Z,PROJ_X, PROJ_Y, PROJ_Z, PCA1_X, PCA1_Y, PCA1_Z, PCA1_S, PCA2_X, PCA2_Y, PCA2_Z, PCA2_S, PCA3_X, PCA3_Y, PCA3_Z, PCA3_S,PROJ_PCA1, PROJ_PCA2, PROJ_PCA3,OBJ_RADIUS, OBJ_RADIUS_STD, VOLUME, VOLUME_BOX, Mask_Grad_X,Mask_Grad_Y,Mask_Grad_Z,Mask_Angle, Mask_Distance_Mean,Mask_Distance_COV, Mask_Distance_STD, SHAPET_XX, SHAPET_XY, SHAPET_XZ, SHAPET_YX, SHAPET_YY, SHAPET_YZ, SHAPET_ZX, SHAPET_ZY, SHAPET_ZZ, Thickness, Thickness_STD, Neighbors, Neighbors_STD
1, 0 ,1.0,1.0,1.0,129.5007669003283,15.141806842525574,183.03762248222185,22.16896067527697,9.422036253626379,9.801321049388115,90.0,39.0,43.0,-0.9899163164107605,-0.02650403282692107,0.13915179750064158,22.35649365775684,0.07868721300668076,0.7139507004665222,0.6957605333824297,10.008484158135934,0.11778798331320274,-0.6996941714401164,0.7046659190281144,8.736184240663947,90.92131424393767,56.89622091056536,46.61753736101042,24.15525604048253,9.634681339751337,78889.0,241156.21197784116, 0.0, -1.7763568394002505E-15,0.0,88.48125293274363, 74.07522145193914,74.07522145193914,0.0, 491.4628174219767, 12.450860331427972, -57.02976683898001, 12.450860331427972, 88.7747671646498, 10.284768691344816, -57.02976683898001, 10.284768691344816, 96.06589431317853, 11.8053212439731, 6.400483927875173, 12.0, 0.0
2, 0 ,1.0,1.0,1.0,169.4116182572614,62.64882808119323,168.5239729355912,15.163619588222517,15.217006304715369,13.845841602293886,61.0,79.0,69.0,0.6835612930145748,0.7135356895780569,0.1536579916262386,16.431400724082593,-0.6500691146829731,0.49943303171127335,0.5726925815574895,14.037786549933235,0.33189471949330307,-0.49135879612972466,0.8052406029494594,13.643664778680854,80.40065623775291,71.62102862730615,73.31056267723025,24.542851305911277,7.13080776250184,133755.0,422149.90944591025, 0.0, -7.105427357601002E-15,0.0,44.47667821051412, 76.493562064698,76.493562064698,0.0, 229.9353590163256, 37.351165348299794, 4.744616246555944, 37.351165348299794, 231.55728087774727, 12.312859577269267, 4.744616246555944, 12.312859577269267, 191.7073296758121, 8.22811159671349, 5.560969820848449, 19.0, 0.0
3, 0 ,1.0,1.0,1.0,180.16799937968267,162.07231543136285,91.84373818731645,11.385300491539201,13.849333990356428,15.748164305903511,51.0,72.0,79.0,0.025978780641068344,0.21544080385661235,0.976171277486702,15.841223563320355,-0.027686516419271306,-0.9759711992031453,0.21613346602166697,13.747433803669239,-0.9992790199763869,0.03264166600512734,0.019389736342741822,11.379696748835373,77.64605575399335,78.37156071633336,52.974041290321594,22.83147717237622,6.939556786428539,103173.0,322359.8913188456, 0.0, 0.0,0.0,NaN, 101.32664876310986,101.32664876310986,0.0, 129.62506728264276, 2.287338321345612, 2.723847188695072, 2.287338321345612, 191.80405197644188, 12.991382138586905, 2.723847188695072, 12.991382138586905, 248.00467900573344, 8.162243146205496, 5.670794612966712, 19.0, 0.0
4, 0 ,1.0,1.0,1.0,16.229336483559756,44.49328607993699,15.67995668438669,10.082681118037849,12.168851436175066,10.43311014410857,45.0,61.0,41.0,-0.15384740662369606,-0.9255308988526161,0.3460108824072337,12.404448605636642,0.6476930252515603,-0.3589162537739089,-0.6720661186352017,10.785933361038026,-0.7462068885474354,-0.12071320576462423,-0.6546782426798551,9.401302431270055,58.81924074487954,61.9819093889996,48.29982260655036,18.116291960013033,5.512817492209215,50790.0,176088.05673522255, 0.0, 0.0,-1.7763568394002505E-15,69.75648400096114, 49.88892573018547,49.88892573018547,0.0, 101.66045852803695, 2.8266628025377805, -15.653241493595933, 2.8266628025377805, 148.08094527569997, -14.229014269947175, -15.653241493595933, -14.229014269947175, 108.84978727910114, 9.472381762850704, 5.909456839829766, 7.0, 0.0
5, 0 ,1.0,1.0,1.0,33.33755884917175,108.54756756756757,173.89512641673932,13.062799959295717,14.923764852704558,14.089325036959952,64.0,69.0,64.0,-0.23991925783893908,0.961310070095782,-0.13535767008358257,15.102960810556027,-0.43797345304082985,0.017251701668599892,0.8988223591016362,14.37944395991583,0.8663821351744884,0.27492785948677706,0.4168892753819823,12.529834249141198,71.35317707880273,72.60587755186202,63.46028582408755,23.38796131756767,6.698346479579577,114700.0,328766.16676382377, 0.0, 0.0,0.0,NaN, 100.77898914272076,100.77898914272076,0.0, 170.6367427765762, -16.774958335493366, -17.284075890177252, -16.774958335493366, 222.7187573788199, -8.480159631470954, -17.284075890177252, -8.480159631470954, 198.50907999710657, 7.908927355491034, 5.323242322821852, 20.0, 0.0
6, 0 ,1.0,1.0,1.0,43.77135602525391,12.003280263519077,26.0754048860829,16.4597046707491,7.797139948786678,13.839599010178107,78.0,33.0,62.0,-0.9948565075106867,0.08539264597385458,-0.054485094082904445,16.513116438863623,0.05700831174698123,0.02739208593231766,-0.9979978587251754,13.83581468110549,-0.08372921745363456,-0.9959707674635138,-0.03211928552663528,7.690187746629169,79.79128385545276,64.36128915166043,35.91121568930961,21.684902203040775,7.281262695184666,72860.0,184420.96695767558, 0.0, 0.0,0.0,NaN, 52.34440834843082,52.34440834843082,0.0, 270.92187784827973, -17.934715263382113, 4.0485474882961325, -17.934715263382113, 60.79539138096512, -4.610005788742376, 4.0485474882961325, -4.610005788742376, 191.53450076252284, 8.24053062516158, 5.213272522707144, 13.0, 0.0
7, 0 ,1.0,1.0,1.0,159.18071780436313,175.96038881069668,136.65051020408163,13.440510405608823,14.170119960963447,15.281263097364388,74.0,59.0,84.0,0.496445491147423,-0.30087511364881614,0.8142579691389007,15.786846478770464,-0.35750829545730306,0.783901735351539,0.5076277060918363,14.838060548957515,0.7910307787934727,0.5431134644801745,-0.2815991329918013,12.064993117422302,72.5154570074462,78.87460353592499,71.98877961955827,23.713471220931098,7.2545092305632055,113680.0,411749.03396032227, 0.0, 0.0,0.0,NaN, 79.10293649734554,79.10293649734554,0.0, 180.64731996327905, -36.391434093305286, 28.363941927932537, -36.391434093305286, 200.7922997080947, 4.291407876925292, 28.363941927932537, 4.291407876925292, 233.51700185087063, 7.630541915353191, 5.119048657831166, 22.0, 0.0
8, 0 ,1.0,1.0,1.0,89.5878518452823,123.14942961985743,78.9672405574094,13.505366176365103,12.061726122570647,12.425682849204009,70.0,58.0,65.0,0.8655242856045673,0.3638972557759865,0.34416057047170634,13.908988271391614,-0.4544734878256123,0.2817691977889218,0.8450206908952056,12.33103374100888,-0.21052686263830284,0.8877977846424795,-0.40925973866430987,11.694588450518618,69.02342909898225,63.837268490016676,60.98018697127335,21.1857718253854,5.782803735674357,90203.0,268694.9962069696, 0.0, 0.0,0.0,NaN, 142.01344460035205,142.01344460035205,0.0, 182.39491555770655, 15.899142434037014, 11.016386397379398, 15.899142434037014, 145.48523705590313, 10.7414228409996, 11.016386397379398, 10.7414228409996, 154.39759426900267, 7.481799399670178, 4.996429203811775, 21.0, 0.0
9, 0 ,1.0,1.0,1.0,172.08679023932427,39.804258564054436,16.906827780384795,15.21308832485314,13.252588466314709,11.16032433894512,71.0,69.0,52.0,0.9201961801454184,0.21681958064087625,0.32592677014399307,15.756973361269475,0.262375332489206,-0.9595103269294766,-0.10246520100437859,13.200693050003654,-0.29051363986387857,-0.17980323124572484,0.939825847211406,10.444208456343668,82.05274807188324,76.3317069549064,56.699860519894045,21.925610902282234,7.1336935278585445,85240.0,355124.05878639076, 0.0, 0.0,0.0,NaN, 51.4720031140539,51.4720031140539,0.0, 231.43805637978292, 11.3644661560667, 39.996366589403685, 11.3644661560667, 175.63110105749763, 16.24488997554979, 39.996366589403685, 16.24488997554979, 124.55283935045082, 7.578662400851083, 5.08218543985404, 14.0, 0.0
10, 0 ,1.0,1.0,1.0,73.9314299203598,60.528818318486216,51.051946277038525,13.354979150470493,12.153088186679089,11.88784387903457,65.0,62.0,58.0,-0.8462260101061351,0.13378330799992025,-0.5157553357168981,13.866237543301832,-0.406199562258744,-0.7884104494795849,0.4619641531246814,13.14018099952608,0.34482380347165226,-0.6004256737115741,-0.721516150136188,10.121114186067697,65.21925768382184,65.09136429710189,50.89724860307373,20.813748064783283,5.844804887314569,80487.0,216069.5322101722, 0.0, 0.0,0.0,NaN, 108.33233771951481,108.33233771951481,0.0, 178.35546810950157, 12.32009577074215, 26.030199802489335, 12.32009577074215, 147.6975524731988, -31.77664702858291, 26.030199802489335, -31.77664702858291, 141.32083209229967, 7.552246299257798, 5.063087133387838, 16.0, 0.0
11, 0 ,1.0,1.0,1.0,160.24251825507926,10.751257992508796,41.89292875789792,13.585882261147063,7.012992546504598,13.499710267497141,61.0,31.0,64.0,-0.7340766548186125,-0.1200698812666192,-0.6683671808691202,13.903792155954685,0.6754920145681682,-0.02825702517045986,-0.7368256773370165,13.255775120974532,0.06958450333912365,-0.9923632218805456,0.1018490684980059,6.853424560291951,68.99366584957079,69.57156887996713,31.895642704848424,19.387073222742757,6.335758078832976,52862.0,153099.0076661565, 0.0, 0.0,0.0,NaN, 58.74746277954054,58.74746277954054,0.0, 184.5761968137504, 10.441581335099679, 7.7226297401489195, 10.441581335099679, 49.18206445732905, 14.424938902001527, 7.7226297401489195, 14.424938902001527, 182.24217730636775, 7.44371448366304, 5.0552735740833175, 12.0, 0.0
12, 0 ,1.0,1.0,1.0,60.38493995456021,73.93104459172243,139.04028855315096,12.090432084745474,14.915589594452234,12.070688070816448,63.0,66.0,63.0,-0.004084698937521343,0.9551366755967848,0.29613720834186386,15.187686113577708,-0.8495397713515527,0.15290308944228734,-0.5048790173209373,12.313185778313542,-0.527508760236777,-0.2536426150490617,0.8108020299089862,11.492367813166307,68.88342972233576,58.64247449636552,53.19088461664748,21.831642614958106,6.142821190762355,95511.0,214864.30025861316, 0.0, 0.0,0.0,NaN, 113.26176207097518,113.26176207097518,NaN, 146.1785479958428, -2.9228443368750185, 8.261747349047264, -2.9228443368750185, 222.47481295013176, 26.378253189800542, 8.261747349047264, 26.378253189800542, 145.7015105029505, 8.218072652158389, 5.130809581895736, 19.0, 0.0
13, 0 ,1.0,1.0,1.0,10.096208160567274,30.55579592572562,136.80401818800954,6.38790877572818,14.21830486755288,13.543775633883602,24.0,61.0,67.0,0.05269030352200352,0.8929518160828941,0.44705792249888654,14.425042482943667,0.08239900887038315,-0.45004083585601173,0.8891983183740286,13.376395058119948,0.9952055743673958,-0.010014999564821946,-0.09729113285278834,6.2761162249481055,74.0131853563853,65.46798408885489,27.58771455881432,19.56358000918496,6.608007829816285,49923.0,133676.10650719382, 1.7763568394002505E-15, 0.0,0.0,86.97966934476796, 70.91771429662356,70.91771429662356,0.0, 40.80537852702509, 2.7624644386101753, 14.19749014768735, 2.7624644386101753, 202.1601933066779, 11.502311706774353, 14.19749014768735, 11.502311706774353, 183.43385842097913, 7.632598331051803, 5.191441438873422, 11.0, 0.0
14, 0 ,1.0,1.0,1.0,42.7318284646405,55.514163470050164,175.59180436706993,12.848225512520973,12.2739377782624,12.275915361948233,63.0,61.0,52.0,0.7238390868222766,0.261880270096711,0.6383382336366566,14.190680481055676,0.364413947803092,-0.9307075720444266,-0.03139888510336528,12.217087524337712,0.5858834790594958,0.25534709607364425,-0.7691153421248982,10.760664723251331,69.44534463390764,51.96074152703681,58.30939805880148,20.768122963707835,5.925336610124852,81336.0,210405.4746943687, 0.0, 0.0,0.0,NaN, 74.18619496756993,74.18619496756993,0.0, 165.0768988205948, 4.872945972370624, 39.161299262989324, 4.872945972370624, 150.64954858465697, 15.284803056077603, 39.161299262989324, 15.284803056077603, 150.6980979737166, 7.545440792156199, 4.959111666929948, 10.0, 0.0
15, 0 ,1.0,1.0,1.0,78.28139152604918,186.44904223556645,27.561139253245663,12.185146623853816,7.870127436870452,14.780229774283017,57.0,31.0,58.0,-0.21222527135171232,-0.006819115931996571,0.9771969780231611,14.896949100787747,-0.9767689400593547,-0.02892480266232685,-0.21233415534546157,12.045371468437049,-0.02971316097316535,0.9995583301883146,5.221265472311024E-4,7.86522917491291,60.34654186106455,58.10732430206309,32.190498471181286,19.7278821205136,6.299409761008779,59618.0,112878.4318917465, 0.0, 0.0,-3.552713678800501E-15,12.259212523458029, 84.09055305160541,84.09055305160541,0.0, 148.47779824481606, 2.5830934861306467, -15.931776847805132, 2.5830934861306467, 61.938905872581074, -0.5553903007252098, -15.931776847805132, -0.5553903007252098, 218.45519218060218, 7.4819869510315815, 4.9033905551825505, 13.0, 0.0
16, 0 ,1.0,1.0,1.0,188.3410951350893,55.38512109259024,93.5525300080587,7.193284915681713,12.932439839024303,14.238751520291753,28.0,55.0,76.0,-0.09737334314693812,0.5679879750720642,0.8172564421391397,15.472351430266428,-0.07737288883289295,-0.8229936172297171,0.5627565566679782,11.528097140050422,-0.9922357926007517,0.008436004544977102,-0.1240845103519199,7.031551071610126,88.20066675892595,55.1837037796658,32.060527576601174,19.24875069324784,7.156744348793414,47154.0,156046.26517270578, 0.0, 7.105427357601002E-15,0.0,55.38996002214087, 109.34128941986484,109.34128941986484,0.0, 51.74334787817406, -5.191442669831087, -18.749881084310324, -5.191442669831087, 167.24800018998295, 49.52222621736608, -18.749881084310324, 49.52222621736608, 202.7420448566107, 8.420557327056278, 5.101101005225151, 12.0, 0.0
17, 0 ,1.0,1.0,1.0,183.80302083716145,19.137664914924112,176.51517768549485,9.576026071306027,11.442855109202005,12.150459189114349,40.0,47.0,49.0,0.23179633088560822,0.5429290380409293,0.8071545828649679,12.711718522903807,-0.18506288672789703,-0.789987110328178,0.5845272392893871,11.056637331260356,-0.9549985282417495,0.2848656265106166,0.08264009855274129,9.297088253550179,69.93596229690485,59.383803092271634,45.10222891547468,18.4285274844365,5.5373496936916915,54422.0,187312.41680357873, 0.0, 0.0,0.0,NaN, 34.35300906094286,34.35300906094286,0.0, 91.70027531833274, 14.693612287089572, 10.186500032863412, 14.693612287089572, 130.93893305019046, 16.396150247698824, 10.186500032863412, 16.396150247698824, 147.63365850633332, 8.028157816700196, 5.207003156351029, 7.0, 0.0
18, 0 ,1.0,1.0,1.0,184.902164020629,14.62938618667206,97.02260086965315,8.383038867272962,8.596223307335261,14.033002679150272,33.0,35.0,68.0,-0.20680180440097487,-0.12759357784734193,0.9700272638377824,14.336253427613517,-0.5147482101332846,0.8573360460980903,0.003030548708273417,8.702810398900825,-0.8320260175385628,-0.49869307489979003,-0.2429772071325036,7.734887769893316,72.89205828089092,42.9754749741383,42.98706559625896,17.477407187562296,5.96957268094127,39556.0,134660.027602129, 0.0, 0.0,0.0,NaN, 99.27410876442458,99.27410876442458,0.0, 70.27534065020915, -3.176945986894019, -29.252667980443643, -3.176945986894019, 73.89505514957398, -17.991800769817164, -29.252667980443643, -17.991800769817164, 196.9251641930387, 7.822816719745846, 5.3448662934579305, 7.0, 0.0
19, 0 ,1.0,1.0,1.0,102.6429491160832,90.29067001954161,15.473800615030372,13.773443986140173,11.633436166592281,9.498640272701392,62.0,52.0,37.0,0.9716909500522605,0.20097239497832484,-0.12420464581975682,13.923914705755147,0.1964947794501188,-0.9793568504161367,-0.04743375582677174,11.527996805706895,0.13117354624841226,-0.0216853867768296,0.991122214847874,9.407372227469795,61.9913842894007,52.43286715487042,40.824643430179435,19.563526227127515,5.704139275314556,66013.0,132695.85016233177, 0.0, 0.0,0.0,NaN, 133.67961308615847,133.67961308615847,0.0, 189.70775923934087, 12.034782427106647, -13.131557715960893, 12.034782427106647, 135.3368370421773, -0.5679833699603906, -13.131557715960893, -0.5679833699603906, 90.22416703018479, 8.167851317921718, 5.112975782444082, 15.0, 0.0
20, 0 ,1.0,1.0,1.0,77.99667339113707,119.12658481516613,128.14900268533486,11.786350842414004,11.04364551084791,13.55015895966599,64.0,52.0,62.0,-0.44437575945235286,0.16417646455923138,0.8806680832731347,14.204465977379769,-0.801886160660245,-0.5111689277117861,-0.3093297798201058,11.172950373579646,0.39938549016297176,-0.8436542039406992,0.3588019152965445,10.85750000824076,63.53033958453071,58.99334831978112,52.48073682479043,20.263046014143118,5.822022536086178,74851.0,196690.8454017806, 0.0, 0.0,0.0,NaN, 133.3662481996635,133.3662481996635,0.0, 138.91806618047332, -3.271064920722832, -31.103029997346177, -3.271064920722832, 121.9621061692712, 13.22686670260211, -31.103029997346177, 13.22686670260211, 183.6068078322165, 6.817061560464698, 4.630991314936366, 17.0, 0.0
21, 0 ,1.0,1.0,1.0,182.40706554506045,148.67300680428355,36.60935660761965,10.490876041740547,13.994686822210165,11.640733702691051,45.0,67.0,52.0,0.09660336576412355,-0.9877569788445013,0.12249057297207329,14.045028293298827,0.40832041775219974,0.15156285623871077,0.9001683937216596,11.892481060161137,-0.9077126341357777,-0.036943894661333715,0.4179628242769207,10.135210653263213,66.84205021679512,54.83866117049297,49.67491252732964,20.122112507123838,6.042930478046423,69662.0,182084.80977869668, 0.0, 0.0,0.0,NaN, 65.45392703629621,65.45392703629621,0.0, 110.05848012316582, -6.625569951323044, 15.34632187817935, -6.625569951323044, 195.85125925174282, -6.157423930335472, 15.34632187817935, -6.157423930335472, 135.5066811369673, 7.801151161023612, 5.22121253294821, 14.0, 0.0
22, 0 ,1.0,1.0,1.0,18.912124219886604,84.69862808816131,25.832243327396085,11.30807973345266,11.420948947346353,13.634847557567971,45.0,54.0,58.0,-0.1041887924105624,-0.3983919090508792,0.9112785426744255,14.146371102740513,-0.9634044209672639,0.267960715197386,0.00699834063450308,11.304308972933862,-0.24697493232463877,-0.8772006280855607,-0.4117310297870913,10.784831630680516,66.09871350144897,51.329035333737934,50.44195849477663,20.23924471001087,5.881563023757797,73547.0,171138.62939806722, 0.0, 0.0,0.0,NaN, 90.54739553322828,90.54739553322828,0.0, 127.87266725812277, 0.516394051882296, -8.034443435830623, 0.516394051882296, 130.4380748578918, -30.404358119954544, -8.034443435830623, -30.404358119954544, 185.90906791811724, 8.030100911875959, 4.918698259393929, 11.0, 0.0
23, 0 ,1.0,1.0,1.0,41.08751261462858,174.56267825018648,187.06728533192927,11.834328630178966,13.074680465625304,7.08784930267402,58.0,60.0,30.0,-0.1424538762676767,-0.9867714607015501,0.0773884841642641,13.139519215890077,0.9809787109851642,-0.13033590626999397,0.14385172967561255,11.87582649360205,-0.13186228319803833,0.09640869194065656,0.9865686506209757,6.895940183311414,62.74841159312575,58.74849957173066,32.63548937794704,18.113059617685337,5.757888712789971,45582.0,120306.65318709138, 0.0, 0.0,0.0,NaN, 50.02495516586228,50.02495516586228,0.0, 140.05133412707355, 5.632036252468217, 11.812592664010731, 5.632036252468217, 170.94726927820392, -11.305377872698088, 11.812592664010731, -11.305377872698088, 50.237607737416596, 7.5390689026120254, 4.875546131444519, 10.0, 0.0
24, 0 ,1.0,1.0,1.0,152.47454903378733,187.30143425334458,10.30163512916315,12.8504978486646,7.381964833077952,6.540366811841304,66.0,28.0,25.0,-0.9946607824744867,-0.10256796094763432,0.011390399215422592,12.897206171114474,0.10319372982380345,-0.9895978091253996,0.10023587331520095,7.308553591430642,9.909249689002558E-4,0.10087610996293282,0.9948985016103163,6.530866341437501,66.6732912527925,32.110574759831536,26.70903159239201,15.246396127957231,5.472887985166731,24891.0,57181.83857299762, 0.0, 0.0,0.0,NaN, 50.25978260894514,50.25978260894514,0.0, 165.1352949585335, 11.519362765637764, -1.2899808824745889, 11.519362765637764, 54.493404796799595, -1.2120914537025969, -1.2899808824745889, -1.2120914537025969, 42.776398033435186, 8.05596569506996, 5.106280704305775, 6.0, 0.0
25, 0 ,1.0,1.0,1.0,113.78025048867009,83.66719756750886,64.47193223774705,11.204115618194484,12.279858533106927,11.415625743777282,61.0,55.0,57.0,-0.3945665015203662,0.9058728685848111,-0.15398578453839315,12.576772306329746,-0.38152916460596115,-0.009060496958571168,0.9243123952160013,11.464719533079041,0.8359143331903431,0.42345277582841434,0.3491918873773481,10.817977994225734,60.42579205806201,55.594906772072825,45.93667873323159,19.443232923370594,5.348302252919812,69065.0,154318.12937230282, 0.0, 0.0,0.0,NaN, 136.347626312546,136.347626312546,0.0, 125.53220678586956, -14.65707583461827, -2.582154266672131, -14.65707583461827, 150.794925593119, -5.860285781732808, -2.582154266672131, -5.860285781732808, 130.31651112199063, 6.934559086608324, 4.5070778042849655, 14.0, 0.0
26, 0 ,1.0,1.0,1.0,53.146312444228755,83.8262441880489,75.13851621084271,11.793618882283875,11.486962972619828,11.039162935402357,60.0,60.0,57.0,-0.6272957942265214,-0.7050218752715129,0.33082343014719606,12.999889325425777,-0.643856386136167,0.23051916640281117,-0.7295956880030391,11.53344345937168,0.4381197788018619,-0.6706750847538561,-0.5985365403323472,9.533385677996055,61.05709783539687,55.06420377091477,46.40215278690374,19.084528919614897,5.355710868377459,63877.0,156006.8439264845, 0.0, 0.0,0.0,NaN, 124.48761528546146,124.48761528546146,NaN, 139.08944634056274, 28.29174697964075, 3.5830021368170692, 28.29174697964075, 131.95031833433896, -25.305080210026066, 3.5830021368170692, -25.305080210026066, 121.86311831436119, 6.914379618797058, 4.517944799765893, 13.0, 0.0
27, 0 ,1.0,1.0,1.0,102.82357333480827,21.201233424134735,103.43609563185332,11.494038280763867,12.508673382981211,11.458269869172852,55.0,51.0,59.0,0.0480652350258516,-0.9936191458377418,0.1020329662735861,12.51771481570634,0.722699585450535,0.10510850916562917,0.6831233493964355,11.896108328181617,-0.6894889718998668,0.04090469808782277,0.7231402099889132,11.03001344665438,52.571040058118996,57.09862106368567,54.52974184233652,19.747515517030042,5.468766323514243,72319.0,163683.77438477683, 0.0, 0.0,0.0,NaN, 138.62661297507276,138.62661297507276,0.0, 132.11291599966518, -0.16476254845152985, 9.97466978479816, -0.16476254845152985, 156.4669098021026, -2.125893606526435, 9.97466978479816, -2.125893606526435, 131.29194839479447, 7.437608604553116, 4.79467528089677, 16.0, 0.0
28, 0 ,1.0,1.0,1.0,143.61153231617533,72.80011905134873,113.14201572730975,12.924052451519136,9.916223465331322,11.5565526723357,58.0,46.0,58.0,-0.8660493913431571,0.2738471323206014,0.41828961243847584,13.396027131198446,0.4889199503527919,0.28905821734046544,0.8230447309441794,11.474838766080762,-0.10447838963714459,-0.9173075248289067,0.3842280195288909,9.369688449736202,61.44658674195305,58.77601591663063,43.685865703225446,19.212423084832896,5.458876117102067,63838.0,157775.24176592968, 0.0, 0.0,0.0,NaN, 126.58525211704242,126.58525211704242,0.0, 167.0311317696178, -15.53762410547948, -15.547810895993795, -15.53762410547948, 98.33148781438753, 20.93930136721817, -15.547810895993795, 20.93930136721817, 133.5539096684694, 6.715216208147209, 4.544821200836413, 15.0, 0.0
29, 0 ,1.0,1.0,1.0,137.36432772577788,140.51555780419935,18.572065519858334,10.147969098222383,13.558742564222182,10.774930443626214,46.0,68.0,44.0,-0.20507889105855037,-0.9785742976331973,0.018302799072551588,13.696691588177009,-0.15424142156611392,0.013846329938366826,-0.9879361634339047,10.793194419709017,-0.9665155106440144,0.2054279025812535,0.15377628076399688,9.94120196772167,69.88297099447237,47.02865842480671,50.20933759252421,19.245158785720637,5.70471437661439,63248.0,165013.10712499302, 0.0, 0.0,0.0,NaN, 88.35467119662218,88.35467119662218,0.0, 102.98127681847639, 17.777447532219806, 2.3586816061521203, 17.777447532219806, 183.83949992285034, -1.8316138450471047, 2.3586816061521203, -1.8316138450471047, 116.09912606498303, 7.538935319359619, 4.713984031948248, 9.0, 0.0
30, 0 ,1.0,1.0,1.0,181.00053263689628,93.37162591708046,77.2495489768217,10.16742457343369,10.292152596150302,13.75716638678461,40.0,52.0,66.0,0.07162783345000835,0.016446233322767345,0.9972958311778664,13.77209621638276,0.6826922973430429,0.7281519911862834,-0.06104019069374944,11.334932292013017,-0.7271868264921585,0.6852183587302259,0.04092823274122329,8.967342429881848,64.94554462301632,60.15420068507913,48.58212948802622,19.07677053457268,5.885692863535252,58201.0,189798.10441309036, 2.8421709430404007E-14, 0.0,0.0,85.89251005045276, 122.66512586551741,122.66512586551741,0.0, 103.37652245646326, 24.02322089992597, 5.8016574282524775, 24.02322089992597, 105.9284050624434, -0.3444183917746795, 5.8016574282524775, -0.3444183917746795, 189.2596269936763, 7.20978857354844, 4.620820511194721, 11.0, 0.0
31, 0 ,1.0,1.0,1.0,58.6930893424431,11.378932938770182,108.67026415422777,12.095371502168302,7.018904618177045,12.587481583324216,58.0,28.0,61.0,-0.3575152107082423,0.023245159170475465,0.9336179822000971,12.675898015805558,0.9333507908909334,0.043400238155442084,0.35633231746688426,12.012664555611286,0.03223624133658502,-0.9987873056377866,0.03721213298507967,7.0018016390294395,62.35991539317051,63.12945428465713,29.268040994821295,17.97219520744962,5.568476079711016,45958.0,115220.88510920259, -7.105427357601002E-15, 0.0,1.4210854715202004E-14,8.023393040349491, 109.15804826508933,109.15804826508933,0.0, 146.29801177546508, 2.931629946937563, -5.579745073863604, 2.931629946937563, 49.26502203906705, 3.8965870959163262, -5.579745073863604, 3.8965870959163262, 158.4446926105263, 6.826578051002915, 4.588926308593762, 13.0, 0.0
32, 0 ,1.0,1.0,1.0,55.84889128426239,149.8352325223283,23.27477671696951,11.382506048797898,10.884002854632492,12.764361817919774,55.0,51.0,58.0,-0.5702757215916117,-0.06377992928586645,0.8189735783182851,13.87589368532841,-0.33791847395856073,-0.890504061398889,-0.304653280943437,11.149767937806871,0.7487300623860936,-0.45048267142296683,0.4862804298210475,9.700213609805417,68.35678045015027,54.47084004713858,53.64599707593322,19.45610403123851,5.693145934802287,64940.0,199748.25508647587, 0.0, 0.0,0.0,NaN, 78.59591455664227,78.59591455664227,0.0, 129.56144395092073, 12.675394775817685, -42.86700979483162, 12.675394775817685, 118.46151813964823, 3.05714676426806, -42.86700979483162, 3.05714676426806, 162.9289326187682, 7.129919863973429, 4.59212897240807, 12.0, 0.0
33, 0 ,1.0,1.0,1.0,25.59819034852547,181.44621313672923,100.40921277114306,11.431452996549732,11.205889555893492,12.612257874212514,51.0,45.0,63.0,-0.38849626547622795,0.0812277280682672,0.9178631204618106,12.828084805835955,-0.6307384515619882,0.7027269204901225,-0.3291563168764269,11.700191045882097,-0.6717437438727735,-0.7068075632103391,-0.22177333283434575,10.670749586649732,65.36344618970004,61.68071371408714,54.47967737731034,19.557846257405846,5.7279819141235775,65648.0,219643.7546561969, 0.0, 0.0,0.0,NaN, 104.4884455667251,104.4884455667251,0.0, 130.67811761232585, -11.807317662066843, -13.295893028314518, -11.807317662066843, 125.57196073888284, -1.5472987707940797, -13.295893028314518, -1.5472987707940797, 159.06904868563555, 7.060618064273898, 4.70508818898842, 14.0, 0.0
34, 0 ,1.0,1.0,1.0,31.76816867548163,40.23441408661187,104.31722491147136,10.131514989070702,11.78047980901675,11.701003555517127,46.0,58.0,54.0,-0.13510706591149074,-0.807929697983157,0.5735814535509604,11.962841832059922,-0.13323362659049465,-0.5588180969017731,-0.8185176450881342,11.572629017299999,-0.981832410081442,0.18700785462628247,0.032143130241817384,10.065061233778122,59.23107547398469,60.87744882074564,48.080323387400405,18.749597267498864,5.176232898280237,61562.0,173369.79778017, -3.552713678800501E-15, 7.105427357601002E-15,0.0,56.39634784572519, 108.550532318035,108.550532318035,0.0, 102.6475959737643, 6.991903411912062, 0.317768005207549, 6.991903411912062, 138.77970453065132, -4.451997542273702, 0.317768005207549, -4.451997542273702, 136.91348420622447, 6.900975304583388, 4.485364907565425, 12.0, 0.0
35, 0 ,1.0,1.0,1.0,90.97076933965603,74.79498902965531,100.55355651496922,11.558259213980532,12.76216663613392,10.617018362069304,56.0,56.0,52.0,0.15297743547757797,0.9755436534894948,0.15783689166691,12.82724218776876,-0.9332097196687728,0.19515513195896084,-0.3017185668562856,11.651643131782624,-0.3251423124578434,-0.10113878883222288,0.940241151004952,10.4349605841345,59.27871556765899,54.37839673389993,50.26425583940615,19.517939547966197,5.3138844556917,70645.0,162025.8994637403, 0.0, 0.0,0.0,NaN, 154.1413843846505,154.1413843846505,0.0, 133.59335605756587, 3.410937112976677, 8.91005866237387, 3.410937112976677, 162.87289724844976, 6.986469799791905, 8.91005866237387, 6.986469799791905, 112.72107890051677, 6.861717544321515, 4.439902521155099, 7.0, 0.0
36, 0 ,1.0,1.0,1.0,9.041928909668524,96.62392855002098,108.59500689324462,5.986543936990522,12.003300130947759,12.76589445140996,25.0,53.0,60.0,0.1668857079378819,0.4346961245268628,0.8849793442829034,13.164625023034695,-0.01700817706749778,0.8987022429300745,-0.4382293925164014,11.734978479436517,0.9858295402344728,-0.05808233702064558,-0.15737394869325566,5.645255669827419,63.95022287384484,55.2812334616442,26.344676005866766,17.604247524471397,5.742512741370975,33366.0,93134.9421008021, 0.0, 0.0,0.0,NaN, 133.3147134103849,133.3147134103849,0.0, 35.838708309517976, 8.642783790640792, 21.67798313721605, 8.642783790640792, 144.07921403361047, 12.726852079854451, 21.67798313721605, 12.726852079854451, 162.96806114453958, 7.003191445092714, 4.693954274822524, 9.0, 0.0
37, 0 ,1.0,1.0,1.0,189.23774910817264,32.25550519003299,134.4640989190784,6.406184717655881,12.025328946219366,11.384557570306278,24.0,56.0,52.0,0.05492395293087481,0.9379790021796661,-0.34231381927185467,12.140334442178252,-0.03802502250711347,-0.34061773683408775,-0.9394326239903302,11.281687369034694,-0.9977662336728882,0.06461384390408134,0.016958600123785108,6.371161566979012,60.40004196531395,52.031738612255225,26.302328815184268,16.93631712710898,5.3307646865268845,37283.0,82660.83365931541, 0.0, 0.0,0.0,NaN, 73.83222866615382,73.83222866615382,0.0, 41.039202636727765, 6.624606442495216, 1.0886523933505574, 6.624606442495216, 144.60853626478135, -6.552369881800048, 1.0886523933505574, -6.552369881800048, 129.60815107161798, 8.01540954872377, 4.79306761799736, 4.0, 0.0
38, 0 ,1.0,1.0,1.0,9.977705154125239,135.4485833771845,118.82917439831611,6.464860250095049,10.642959498918085,13.969410920186345,26.0,48.0,72.0,-0.08303992616997251,0.00910097639622901,0.9965046627539286,14.0070729720442,0.21289088872440398,-0.9767121778584911,0.02666066617803103,10.813672923386928,0.973540877498125,0.21436066302276197,0.07916859218542918,6.089156843745148,71.42527698999919,50.90860546472251,29.17018209162152,17.721193927089654,6.014210854665431,36107.0,106067.48567468056, 0.0, 0.0,0.0,NaN, 104.18801714695381,104.18801714695381,0.0, 41.79441805325902, -16.725313384700055, -12.713892447707092, -16.725313384700055, 113.27258689561069, -0.6363901107687606, -12.713892447707092, -0.6363901107687606, 195.14444145702151, 7.321785449639979, 4.926093114058486, 12.0, 0.0
39, 0 ,1.0,1.0,1.0,137.1367726153176,42.219258415294135,38.61699311361694,10.951476206888135,11.67717988529393,11.734707645714009,57.0,57.0,65.0,0.39458080962060216,0.6351588912936181,0.6639873247960476,13.413268740005787,-0.8470865857450064,0.5314316738387437,-0.004969133910388239,10.471926231484762,-0.35602008500928484,-0.56049403105797,0.747727316752818,10.218498295965688,70.28914345221757,52.64357524282076,54.15223321020924,18.99571224311258,5.7582671951563515,59683.0,200377.98210893257, 0.0, 0.0,0.0,NaN, 85.00307815304576,85.00307815304576,0.0, 119.93483111003694, 16.560967001591152, 19.802313643978252, 16.560967001591152, 136.35653007351314, 31.82651723464339, 19.802313643978252, 31.82651723464339, 137.7033635303788, 6.798187750973007, 4.402309073795076, 13.0, 0.0
40, 0 ,1.0,1.0,1.0,18.776555443431654,131.07515426227067,16.708316101176198,11.05048722686369,13.448006314343036,9.713280308298133,45.0,63.0,41.0,-0.17911616715336826,0.9711823505301789,0.1572330775726381,13.593885646747127,0.951774075022851,0.21151577711171438,-0.22223227971477055,11.048152679361667,-0.249085344367514,0.10984497280942873,-0.9622320786430957,9.510759776481379,67.03777523173531,51.11400631010347,47.23813722945023,19.074667675094307,5.7850677795475836,60449.0,161864.7492234548, 0.0, 0.0,0.0,NaN, 73.36457742825806,73.36457742825806,0.0, 122.11326795107753, -10.047724385506944, -9.342251723294247, -10.047724385506944, 180.8488738306102, 12.920066832409933, -9.342251723294247, 12.920066832409933, 94.34781434757227, 6.957269504321957, 4.461543693696307, 9.0, 0.0
41, 0 ,1.0,1.0,1.0,99.19162086568741,133.31552799890468,18.016488352533887,10.052133639241745,11.445833218086234,10.544034336438145,44.0,58.0,44.0,0.38495891373141033,-0.8112061607099351,0.4401717841536183,11.893363038673733,-0.3904775759493836,-0.575292089936326,-0.7187254510154678,10.563804947743101,-0.8362618593595105,-0.10480255761641205,0.5382216332493827,9.496477741866004,71.9560776100968,56.09952665812892,48.18546571016482,17.804621732355546,5.120995392806324,51127.0,194510.36070041024, 0.0, 0.0,0.0,NaN, 120.87344749192904,120.87344749192904,0.0, 101.04539070117549, -11.200622524405318, 14.696314346827045, -11.200622524405318, 131.0070980562463, -9.453713108593714, 14.696314346827045, -9.453713108593714, 111.1766600879866, 7.13523760718344, 4.636505046150336, 9.0, 0.0
42, 0 ,1.0,1.0,1.0,146.11964598419235,102.07239654818811,81.92179784498398,9.682454581236126,13.234601064832432,11.643902764023778,46.0,63.0,56.0,-0.12648592336736555,0.87253933649205,0.4718860216873549,13.904435193283705,0.03800143276178375,-0.471095330354824,0.8812633436300024,10.91148504755385,-0.9912402344023152,-0.12939975267323045,-0.026429182926269994,9.596418063724975,69.45319342170743,50.096950596679804,46.88830214728071,19.26759330877949,5.765840071360219,63387.0,163142.83963339476, 0.0, 0.0,0.0,NaN, 138.57881883187812,138.57881883187812,0.0, 93.74992671770045, -11.656286863575446, -5.139648742744753, -11.656286863575446, 175.15466534526374, 30.488789021240276, -5.139648742744753, 30.488789021240276, 135.58047157804057, 7.399780662868712, 4.475033968869632, 12.0, 0.0
43, 0 ,1.0,1.0,1.0,178.47922587200534,82.37115595281566,21.85781192944576,11.577649590581279,10.675194948867883,12.100442096559451,50.0,51.0,50.0,-0.5758829146139914,-0.31524458500744845,0.7543074441361268,12.810305925505101,-0.7058918678805974,-0.27369668238722683,-0.653304520809604,11.10114270263658,-0.4124021575061595,0.908686402271822,0.06491134577681544,10.348098809031388,65.97142269905196,61.705815086885366,54.97358190045925,19.069678383736328,5.547055300935535,62987.0,223787.57921594867, 0.0, 0.0,0.0,NaN, 87.89718422346796,87.89718422346796,0.0, 134.04197004228686, 13.472393629864222, -17.320622558469665, 13.472393629864222, 113.95978719633437, -10.670915066388059, -17.320622558469665, -10.670915066388059, 146.4206989321881, 6.90844154579865, 4.360867535848359, 9.0, 0.0
44, 0 ,1.0,1.0,1.0,33.99055735135665,149.26396316975217,129.78080125379566,10.106432769352782,11.707123528502212,10.585641286864679,46.0,55.0,56.0,-0.3565473677344231,0.9155615456729409,-0.1860672745181969,12.149646900466276,-0.5462528491871099,-0.042721463748981565,0.8365301556370277,11.033767235259456,0.7579457759738617,0.3999024038688947,0.5153603283754589,9.049562800452687,55.822939951034826,58.41998735568674,48.648623833620036,18.008708012312773,5.190275697349381,51045.0,158651.69753259709, 0.0, 0.0,0.0,NaN, 93.06040669831114,93.06040669831114,1.3486991523486091E-6, 102.13998332144774, -20.523533543974512, -13.849537737205866, -20.523533543974512, 137.0567413116101, -12.619816164044407, -13.849537737205866, -12.619816164044407, 112.05580145417409, 6.800604975224125, 4.3157396035097495, 9.0, 0.0
46, 0 ,1.0,1.0,1.0,142.20130148522432,37.08955749502373,128.12719338539273,12.58286664424659,10.107504498814501,12.366880761638344,60.0,50.0,65.0,-0.861671298404761,0.16587228629430437,-0.4795924917520639,12.795721178510655,0.4706056996032189,-0.09242141966689014,-0.8774899182826669,12.235870585575487,-0.18987587789505564,-0.9818068373291442,0.0015764413484640287,9.999145487885038,62.71571538373874,57.69737830358612,48.30471667241699,19.50989364012938,5.726601968347386,65310.0,174792.18023020582, 0.0, 0.0,0.0,NaN, 99.4083756825316,99.4083756825316,0.0, 158.3285329868934, -11.274390022769506, 5.806167333673877, -11.274390022769506, 102.16164719355537, -1.037849550010197, 5.806167333673877, -1.037849550010197, 152.9397397725806, 6.720783141938035, 4.539042269730698, 11.0, 0.0
47, 0 ,1.0,1.0,1.0,149.05341226215646,114.1026131078224,129.90914164904862,11.95541493569209,10.7918193480921,10.469833770346854,58.0,56.0,50.0,-0.9920192852725889,-0.049557502795388765,0.11593874056564216,11.979219711422408,0.0017354964157269763,-0.9247991623144488,-0.3804517018422773,10.855884359052476,0.1260742864324571,-0.37721421407362044,0.917504610888342,10.375972252924958,59.009761001084584,54.204551612479406,54.35713126040312,18.508474643453123,5.142868526198394,59125.0,173866.59153966568, 0.0, 0.0,0.0,NaN, 122.01083681955207,122.01083681955207,0.0, 142.9319462845695, 1.7456566225031136, -4.1289144918004155, 1.7456566225031136, 116.46336484185498, 3.3791329829212584, -4.1289144918004155, 3.3791329829212584, 109.61741917869544, 6.5778558983863284, 4.3797594389922825, 15.0, 0.0
48, 0 ,1.0,1.0,1.0,10.034679585571757,169.37346508058326,161.38675172678435,6.335372133809377,14.471137284853771,10.606655127892878,26.0,61.0,58.0,0.045339912683850916,0.997687184469357,-0.05064162579763126,14.492337922695407,-0.04095127892659838,-0.048794896958297085,-0.9979689628365725,10.599962948407933,-0.9981318976328211,0.04732166497953853,0.03864420980519058,6.298000827228674,62.2957151220794,57.78634323937271,27.722811565194018,18.040526060560733,6.049074875650263,41696.0,99797.7296867184, 0.0, 0.0,0.0,NaN, 50.29574910232807,50.29574910232807,0.0, 40.13694007384838, 7.851639713485143, 2.5797140493828894, 7.851639713485143, 209.41381431708498, -5.067596361509104, 2.5797140493828894, -5.067596361509104, 112.5011330020563, 8.364206934844502, 4.78184244867863, 8.0, 0.0
49, 0 ,1.0,1.0,1.0,119.09092976710335,179.20693837942747,33.322825691411936,11.44324545494504,10.66136014249161,12.599414061334421,59.0,45.0,61.0,0.2577768888113792,0.1593264228221683,0.9529775267997759,12.713613224312912,-0.9076680702637352,-0.2981543482063427,0.29536868295294627,11.453867054773056,-0.33119442902686813,0.9411264928989846,-0.06775820647880582,10.513356723384817,64.33254752773898,57.95859870319626,50.33734149393496,19.304440715428544,5.540421462621633,65952.0,187689.03497933815, 1.4210854715202004E-14, 0.0,0.0,75.06180861760254, 89.93908921914294,89.93908921914294,0.0, 130.94786654212032, 7.69015330147034, 7.01531438513781, 7.69015330147034, 113.66460008790871, 5.940078768856317, 7.01531438513781, 5.940078768856317, 158.74523468895154, 6.131283234010014, 4.217087363488305, 11.0, 0.0
50, 0 ,1.0,1.0,1.0,125.16318429444593,73.57897621578527,166.0610550093011,10.64798787563538,9.806341728500875,13.100799165521632,48.0,45.0,64.0,-0.10136723988064793,-0.0451102421600455,0.9938258140797315,13.125992339046174,-0.8853897922020518,-0.4514516178578976,-0.11079870305150102,10.894793844551675,-0.45366242796090867,0.8911545897237745,-0.0058222565096411796,9.496668619635413,64.05543130278548,53.77674366649404,47.0252708336933,18.779600872152546,5.338680900169031,60208.0,161987.5982035159, 0.0, 0.0,0.0,NaN, 110.30080105326455,110.30080105326455,0.0, 113.37964579967806, 11.771119430638919, -5.474552641947755, 11.771119430638919, 96.16433809613754, -2.2548385026777176, -5.474552641947755, -2.2548385026777176, 171.63093877533228, 7.279287178392086, 4.545289819479661, 13.0, 0.0
