// Sample: .//bubblelabels.tif, Map: .//bubblelabels.tif, Thickness:(8.191250068658265):/gpfs/home/mader/Foam/NewValid/InSilicoTest/LatticeData_Phi_6.65/out_Step_03000.vtk/distmap.tif, Neighbors:(1.0):
//LACUNA_NUMBER, TRIANGLES, SCALE_X, SCALE_Y, SCALE_Z, POS_X, POS_Y, POS_Z , STD_X, STD_Y, STD_Z,PROJ_X, PROJ_Y, PROJ_Z, PCA1_X, PCA1_Y, PCA1_Z, PCA1_S, PCA2_X, PCA2_Y, PCA2_Z, PCA2_S, PCA3_X, PCA3_Y, PCA3_Z, PCA3_S,PROJ_PCA1, PROJ_PCA2, PROJ_PCA3,OBJ_RADIUS, OBJ_RADIUS_STD, VOLUME, VOLUME_BOX, Mask_Grad_X,Mask_Grad_Y,Mask_Grad_Z,Mask_Angle, Mask_Distance_Mean,Mask_Distance_COV, Mask_Distance_STD, SHAPET_XX, SHAPET_XY, SHAPET_XZ, SHAPET_YX, SHAPET_YY, SHAPET_YZ, SHAPET_ZX, SHAPET_ZY, SHAPET_ZZ, Thickness, Thickness_STD, Neighbors, Neighbors_STD
1, 0 ,1.0,1.0,1.0,160.2305834576751,182.15813195096064,184.44770724053592,18.78635233381455,11.282981502108141,9.269952362844926,73.0,53.0,41.0,0.9831244017165727,0.15233202869822465,0.10129838982981862,19.031539024274075,0.09006380967084152,-0.8850082772858106,0.4567809752202644,11.605432314732283,0.15923228610117068,-0.4399492040773397,-0.8837928359602775,8.32341189370374,75.98872318056553,65.36326725116629,46.10193041137387,22.369755278932075,8.109178204802786,65009.0,228982.35140783602, 0.0, 0.0,0.0,NaN, 46.2797208037425,46.2797208037425,0.0, 352.92703401021936, 38.65473399152624, 31.862417026328412, 38.65473399152624, 127.30567157691449, -21.92100217558664, 31.862417026328412, -21.92100217558664, 85.93201680941424, 9.40712712268821, 6.220382597938768, 11.0, 0.0
2, 0 ,1.0,1.0,1.0,184.07967237527922,35.45239405613649,15.557301952151251,9.679994135030663,15.920406088895952,10.283927473645944,43.0,72.0,47.0,-0.012070617173907,0.9998205347185153,0.014601320358888403,15.922354004976253,0.5992329117529566,-0.004456955920921366,0.8005623354967382,11.003173671272686,0.800483739793079,0.018412873189724156,-0.5990715720410917,8.850400718206005,72.09687985180027,63.45584235661673,43.01665081631471,20.16937287194671,6.790963018976376,61778.0,196799.81137387812, 0.0, 0.0,-1.7763568394002505E-15,89.16337623849164, 41.861183929989835,41.861183929989835,0.0, 93.70228645422803, -2.2284418975088736, 20.472610958456137, -2.2284418975088736, 253.4593300353553, 2.405071789978219, 20.472610958456137, 2.405071789978219, 105.75916428320984, 8.366395888343623, 5.861636890515293, 13.0, 0.0
3, 0 ,1.0,1.0,1.0,170.8179222461632,186.9034884796891,79.02223426615025,16.30277300601675,7.646693483687086,15.621625932980296,65.0,33.0,64.0,-0.8688021667669958,-0.02168728710096331,0.49468419885738596,16.629937996872737,0.4937477866272094,0.0374382246023462,0.8687988849781956,15.28428829325724,0.03736198899557362,-0.9990635820190951,0.021818360650378364,7.6238585570497985,73.77308956555032,77.98934027399083,33.97815831434613,22.69379736342801,7.299252491648906,75649.0,195493.82943952974, 0.0, 0.0,0.0,NaN, 85.25037116896878,85.25037116896878,NaN, 265.7804076857084, 7.359550692266109, -18.600229285490386, 7.359550692266109, 58.47192123346254, 3.36450359392935, -18.600229285490386, 3.36450359392935, 244.03519678996247, 8.36379148790823, 5.58122484655653, 12.0, 0.0
4, 0 ,1.0,1.0,1.0,55.509852992649634,79.13449422471123,30.376925096254812,13.48173971669357,13.922400075746104,15.027663486349956,68.0,69.0,66.0,0.08612525358350008,0.5937254737927745,0.8000453127571735,16.376219021914753,0.9599937056007612,-0.2642193649325569,0.09273733014032154,13.547341556366208,0.26644797972980866,0.7600514383672873,-0.5927286775023811,12.235611419876582,79.32283639978613,66.62758943220197,71.82993065578628,23.53998968259463,6.876778697915056,114280.0,379627.6034051442, 0.0, 0.0,3.552713678800501E-15,36.865570378388256, 101.32309476999755,101.32309476999755,0.0, 181.75730578867282, -2.5205236305305445, 11.174020671522898, -2.5205236305305445, 193.8332238691351, 55.44558681545725, 11.174020671522898, 55.44558681545725, 225.83066985897574, 8.271827378287771, 5.322818657251151, 23.0, 0.0
5, 0 ,1.0,1.0,1.0,13.728429367594487,106.9554615420641,138.53113633170457,8.090340403097517,15.308288370441446,12.403158219003503,33.0,76.0,62.0,0.0077420145901324604,0.998537049513608,-0.053514689186649395,15.316214164989349,-0.009404964375635198,-0.053441214812272486,-0.9985267063050852,12.394093295224094,-0.9999258011748569,0.008233912074224477,0.00897746271363635,8.089231701322426,75.91340063269315,61.965085577169106,33.50497007473316,20.25257849942612,6.593079599157306,64057.0,157606.7214170339, 0.0, 0.0,0.0,NaN, 112.35736340099315,112.35736340099315,0.0, 65.4536078379921, 1.351971041193717, 0.7580068942712298, 1.351971041193717, 234.3436928325928, -4.3334166140411225, 0.7580068942712298, -4.3334166140411225, 153.83833380563414, 9.0518324589878, 5.476568060307572, 16.0, 0.0
6, 0 ,1.0,1.0,1.0,51.698670767878724,185.24087820341802,121.49384033521132,14.44398261726202,8.651555810289828,12.262012875201423,65.0,34.0,55.0,-0.9579841822762645,0.015786942222450414,0.2863862408771447,14.64250910325526,-0.28586703892611814,0.02881657881387027,-0.9578359154057011,12.028108113167994,0.023373971936541997,0.9994600428434992,0.023092860264175424,8.646187247391863,65.52533575927069,58.31186638939428,35.071784787525445,19.92283615031819,6.075821859254473,63721.0,134005.94466360044, 0.0, 0.0,0.0,NaN, 95.15146525768877,95.15146525768877,0.0, 208.6286338477674, -2.6879348663106426, -19.16777470101878, -2.6879348663106426, 74.8494179385597, -1.298503716281158, -19.16777470101878, -1.298503716281158, 150.35695975160544, 9.230104646796335, 5.473089061604593, 11.0, 0.0
7, 0 ,1.0,1.0,1.0,56.62852233676976,149.6175556551621,11.942178395338413,12.947979997979724,17.04251965089593,8.264178224183354,60.0,87.0,32.0,-0.24462606034204576,0.9672054436549778,-0.06834998438703258,17.305269750653675,0.9592072218144169,0.2516994771333328,0.12872015704572218,12.700519012724328,-0.1417024919350337,0.03407349373023982,0.9893226980133516,8.100540689661532,94.00588507972381,58.597458566054854,36.626347828508784,21.388854948905884,8.301276273861069,66930.0,201756.45515710046, -7.105427357601002E-15, 0.0,0.0,75.84026385858043, 76.73197420262825,76.73197420262825,0.0, 167.65018602808303, -32.22933981392053, 15.724165268837533, -32.22933981392053, 290.44747605117396, -12.359645295300883, 15.724165268837533, -12.359645295300883, 68.29664172106632, 8.358076630288508, 5.311178517718132, 18.0, 0.0
8, 0 ,1.0,1.0,1.0,26.31735470693817,50.915846588681895,50.41656866992635,13.751436100502062,13.282739937865832,12.90011934172741,63.0,66.0,63.0,0.8197161146146312,-0.23409615322078758,0.5227470540216582,14.845817935027924,-0.07504233976995789,0.8609039958781926,0.5032026998365676,13.698181238281832,0.5678328439628543,0.45171152401526166,-0.6881297554886484,11.1313869179525,75.20504598060566,67.47488989136178,60.95664423868595,22.155337060852247,6.409937116225883,96942.0,309321.5772675415, -3.552713678800501E-15, 0.0,0.0,34.94361417296171, 76.33385218277922,76.33385218277922,0.0, 189.10199482619137, -22.633182937228668, 38.93996683449557, -22.633182937228668, 176.43118025697603, 15.801617123736515, 38.93996683449557, 15.801617123736515, 166.41307903080963, 7.939980173945127, 5.143928846585262, 21.0, 0.0
9, 0 ,1.0,1.0,1.0,90.59476998448181,179.82001462044553,86.20040270349993,13.112164554837625,12.200266359357453,12.27753129536208,62.0,56.0,60.0,-0.8051716673402922,-0.539501168093677,0.24624596593246242,13.92961322950335,-0.17898222149187584,-0.17479830449397737,-0.9681998332657693,12.164758500561327,-0.5653883183284623,0.8236407240851975,-0.04418152471480361,11.379703825692067,78.72153760444213,58.01870127013976,59.72824882378737,20.76788491051317,6.3409849080719525,77973.0,272798.1074724213, 0.0, 0.0,0.0,NaN, 126.66946587361042,126.66946587361042,1.9073486328125E-6, 171.92885931314015, 28.612340194196783, -9.59261379936007, 28.612340194196783, 148.84649923926915, -5.4454945745202075, -9.59261379936007, -5.4454945745202075, 150.73777470859528, 8.380364269133219, 5.219483088329655, 18.0, 0.0
10, 0 ,1.0,1.0,1.0,186.18376469179654,20.452956318719693,110.90826731586614,8.484237987827472,11.041714039760073,13.327452968629917,34.0,44.0,65.0,0.03098077136333688,-0.36351731987958374,0.9310721507774238,13.697263236738896,0.11533443916247017,-0.9239968643079312,-0.3645925971439771,10.610652569289165,-0.9928434715244954,-0.11868004422259172,-0.013299930620591835,8.445222180516637,74.02189123244604,56.50312463386398,36.027956796770894,18.36869326624173,5.8407065918200125,50113.0,150685.78166584083, 0.0, 0.0,0.0,NaN, 92.44754519687514,92.44754519687514,NaN, 71.98229423409475, -5.707167296691244, 1.6193555821480652, -5.707167296691244, 121.91944893583472, -25.459536643242778, 1.6193555821480652, -25.459536643242778, 177.6210026310424, 8.684653397788166, 5.4019972732608785, 10.0, 0.0
11, 0 ,1.0,1.0,1.0,77.25637045131903,100.38008231797616,160.1917518613463,11.853572919789785,14.63378083605411,13.715976828983694,58.0,80.0,76.0,0.16576010165712682,0.8242797837147828,0.5413745716763291,15.365313041046992,0.04081017405166311,-0.5542322285974328,0.8313610325711663,12.997564067836269,-0.9853213274828128,0.11571289877551498,0.12550859199463402,11.736832466589032,73.40448159026988,68.51509475397467,60.65124645677986,22.326124654092222,6.657845809684751,97913.0,305034.22427270835, 0.0, 1.4210854715202004E-14,0.0,34.48445976239325, 132.20200979619514,132.20200979619514,0.0, 140.50719096477374, 12.731089575992536, 9.882820920372966, 12.731089575992536, 214.14754155766448, 29.51517116705691, 9.882820920372966, 29.51517116705691, 188.1280203732176, 7.537390116507484, 4.842967905129824, 30.0, 0.0
12, 0 ,1.0,1.0,1.0,20.96463168918688,177.6159345225221,48.02621603469669,13.004925512727455,12.645919511095501,13.848696995226687,53.0,51.0,81.0,0.05583502343035396,-0.5495025750951739,0.8336242379647468,14.717704226702311,0.9975101015736743,0.06672721079569136,-0.02282710226695055,13.00163995468087,-0.043081868773420996,0.8328231500764135,0.5518600848764021,11.62670706272635,89.88461835152832,56.34311263279616,60.57300419202093,21.79248864515019,6.776519386030395,87847.0,306764.6610418437, 0.0, 0.0,0.0,NaN, 56.98315185890153,56.98315185890153,6.743495761743046E-7, 169.12808759158946, -0.24449658427174392, 3.0191634685283026, -0.24449658427174392, 159.91928028110587, -37.35315374691627, 3.0191634685283026, -37.35315374691627, 191.78640846560066, 7.661281496353225, 4.818731559198826, 12.0, 0.0
13, 0 ,1.0,1.0,1.0,175.58668492923255,61.539285269580375,109.06108620761216,13.227043671467294,13.101065858862372,13.64304311758179,55.0,65.0,66.0,-0.6083589069872701,-0.4823748247916915,0.6302491322456852,15.133370533729298,-0.17657269492471786,-0.6919390007234292,-0.700030358402323,12.707056365452516,-0.7737709762560732,0.5371544914501297,-0.33577303140466164,11.926317589575358,77.05411478417038,66.71780679566749,68.66514243567607,22.135570788676276,6.537716902175965,96372.0,352999.36339376046, 0.0, 0.0,-1.4210854715202004E-14,50.931494546235925, 112.4854640652502,112.4854640652502,1.3486991523486091E-6, 174.954684286903, 27.81649037954987, -30.896472151438992, 27.81649037954987, 171.63792663824927, -17.06742386151622, -30.896472151438992, -17.06742386151622, 186.13262550819587, 7.116844569363165, 4.517750433860722, 19.0, 0.0
14, 0 ,1.0,1.0,1.0,169.91699055690412,186.79289733264113,23.434073720692027,16.22341739583645,7.4805121894627336,14.784978711368513,74.0,31.0,52.0,0.937517585369838,0.007338614456318102,0.3478604919506825,16.439490446407653,0.3473908500341873,-0.07578396977789863,-0.9346530838964946,14.57579011769985,0.019503190375790642,0.9970972543651722,-0.07359817186996975,7.4190583242810915,86.17634553338921,66.35691276308305,32.57516539463461,21.93389863742065,7.527085802301008,71269.0,186277.70340128045, 0.0, 0.0,0.0,NaN, 40.35555512152425,40.35555512152425,0.0, 263.1992719995287, -2.6634191497018853, 19.07703181090804, -2.6634191497018853, 55.95806261670054, 11.69911080718687, 19.07703181090804, 11.69911080718687, 218.59559549562013, 8.394250442037533, 4.996187589772903, 11.0, 0.0
15, 0 ,1.0,1.0,1.0,189.66729198328267,24.463217135258358,175.839570668693,6.332808989644203,13.138330022870603,12.830834830986335,27.0,56.0,54.0,-0.022795441965010908,0.796353868196739,0.6044012611119461,13.551846286351337,0.012196061255000631,-0.6042918551595323,0.7966696993595999,12.396977384971537,-0.9996657560982489,-0.025531752700155355,-0.004062719357033768,6.325576803489426,76.11586396469862,61.97160911689622,27.696024588110276,18.402995904073723,6.2193447969923765,42112.0,130642.77305965387, 0.0, 3.552713678800501E-15,0.0,37.21668043825513, 35.90181322772727,35.90181322772727,0.0, 40.10446969931843, -3.4452855413633836, -0.8745434878643096, -3.4452855413633836, 172.61571578986306, 14.41207957270623, -0.8745434878643096, 14.41207957270623, 164.63032246005216, 7.882294847929318, 4.935160335735035, 10.0, 0.0
16, 0 ,1.0,1.0,1.0,189.36907805685067,174.70687321401715,138.2563919386374,6.738291845587361,14.963363017752462,14.367494592436172,28.0,65.0,68.0,-0.043734446794045354,0.7684103532367526,0.6384612965577386,16.284339842116093,0.06618536081766185,-0.635440324828422,0.7693081902562756,12.888075961527791,-0.9968484318977757,-0.07590205939577253,0.02306688540800194,6.6670446659216145,85.19324761144668,74.74570481368139,31.184432674834028,20.47631689679491,7.513465046372492,53192.0,198577.14527831532, 0.0, 0.0,0.0,NaN, 67.56501979877086,67.56501979877086,0.0, 45.40457699630913, -12.534203168476163, 0.030803757344644713, -12.534203168476163, 223.90223280104206, 48.820304991488186, 0.030803757344644713, 48.820304991488186, 206.42490086368264, 7.414249408091458, 4.7439548649092185, 14.0, 0.0
17, 0 ,1.0,1.0,1.0,21.2193155050575,9.761784675072745,20.4189275322156,12.132980253855852,6.395704662822057,12.120107063036583,56.0,25.0,47.0,-0.7067785100017642,0.04486634476696642,0.7060107286061147,13.576744949655161,0.707413620284977,0.03708273116142223,0.7058263532094219,10.49587800071864,-0.0054870424627241655,-0.9983045037246209,0.057948340857619685,6.36551527843682,72.85183349412011,56.00759897529809,27.796412505140854,17.28115305684576,6.031002588282309,36085.0,113416.48654530715, 0.0, 0.0,0.0,NaN, 31.02393257005841,31.02393257005841,0.0, 147.20920984045603, -2.7332898411674673, -36.98546189524596, -2.7332898411674673, 40.90503813404381, 6.378137759925829, -36.98546189524596, 6.378137759925829, 146.89699521946926, 7.966049708755323, 4.679687364811473, 4.0, 0.0
18, 0 ,1.0,1.0,1.0,22.29555510452608,39.38788985860226,144.91219809214533,14.0826468255158,13.192934455137081,11.25455609336426,59.0,64.0,59.0,0.8583424378595952,0.3320419454440785,0.39114754995392603,14.550247834960372,-0.43939868312490593,0.869330868566223,0.22625790201889953,13.434147876396448,0.2649095253805457,0.366076477561188,-0.8920823706020917,10.336994378676023,73.32534509165333,63.82792340060269,50.048402457343386,21.324126395985964,6.657411468166533,73905.0,234236.75889078586, 0.0, 0.0,0.0,NaN, 71.29630820716721,71.29630820716721,0.0, 198.32094161221022, 1.761955507997512, 27.884890833817263, 1.761955507997512, 174.05351953754317, 28.09956048024474, 27.884890833817263, 28.09956048024474, 126.66503285868258, 7.669561990671523, 4.789651596146306, 18.0, 0.0
19, 0 ,1.0,1.0,1.0,121.85850928270723,78.95673984225043,179.46740971337323,11.47489817460762,11.196455414116178,11.6773011681294,55.0,55.0,48.0,-0.29997444599364753,0.6548037998438017,-0.693719911391422,12.56251037215631,-0.8630765198393364,0.12346892093515856,0.48974926897865456,11.641486753100068,-0.4063425311886799,-0.7456456325046276,-0.5281082635918044,10.002618849879358,60.37309894622729,60.89779257061949,50.57527647320853,19.05845776474906,5.492581556825263,61997.0,185944.47766432067, 0.0, 0.0,0.0,NaN, 112.9683433618288,112.9683433618288,0.0, 131.67328811761328, -15.126304145422816, -2.972980660262402, -15.126304145422816, 125.36061384029149, -24.094511140034797, -2.972980660262402, -24.094511140034797, 136.35936257119627, 7.724812166250346, 4.8177367527686705, 17.0, 0.0
20, 0 ,1.0,1.0,1.0,170.17971850686249,89.76111548212256,9.705760993093802,13.449957873112083,16.789592895527942,6.678053809922403,58.0,81.0,26.0,-0.3195966059147517,-0.9475522848279365,0.0016361555941765504,17.171228495682087,-0.9472954800778306,0.3195493450327057,0.02279231259179382,12.961694405242863,-0.022119740321357488,0.00573442294621785,-0.9997388826496597,6.673199320299267,88.60582917811803,68.6609673683287,26.9779396062217,21.158043878197404,7.7282196088453965,57195.0,164127.36235356794, 0.0, 0.0,0.0,NaN, 95.08159042306751,95.08159042306751,0.0, 180.9013667884897, 38.42887479603586, -2.7968269472508163, 38.42887479603586, 281.8904295975624, 0.5112127362292783, -2.7968269472508163, 0.5112127362292783, 44.59640268821912, 7.2639542147458585, 4.877453576209719, 13.0, 0.0
21, 0 ,1.0,1.0,1.0,15.871501496215455,101.94532652701989,22.658000352050696,9.72420419229533,11.542417111955181,12.430680376588297,39.0,52.0,54.0,-0.10033141370871553,-0.508913107828814,0.8549509085925511,12.835520956035268,-0.3252395173532198,-0.7953043611212866,-0.5115762206487969,11.303589773630659,-0.9402940304899605,0.32939098630879354,0.08572464268496513,9.475632675518776,59.07652891079856,59.092479125171124,46.01598306563429,18.740062816239572,5.578476514969687,56810.0,160640.80990596657, -1.7763568394002505E-15, -1.4210854715202004E-14,0.0,58.760539598487064, 101.88232687561984,101.88232687561984,0.0, 94.56014717345407, 13.652594325774452, -0.11032560165517089, 13.652594325774452, 133.2273927863558, -17.16214136431132, -0.11032560165517089, -17.16214136431132, 154.5218146248974, 7.916450508357228, 4.872603172650318, 11.0, 0.0
22, 0 ,1.0,1.0,1.0,80.59078513731825,23.20221001615509,41.90534410339257,11.92609120522115,11.663425413207657,13.421279725481023,61.0,49.0,64.0,-0.4538759539795621,-0.028171893365370432,0.8906194264798819,13.937251163316544,-0.576033393772822,0.7718471231943629,-0.2691422443154394,12.345563997545035,-0.6798397955825392,-0.6351837236900812,-0.3665508007104824,10.57061837677772,63.19128288159388,61.186399865984235,60.313395159929414,20.56581778001795,5.953573071144278,77375.0,233198.55195429074, 0.0, 0.0,0.0,NaN, 93.75113366304913,93.75113366304913,0.0, 142.23165143525324, -17.029485289285716, -27.046631207163372, -17.029485289285716, 136.03549236945818, -10.519870938179974, -27.046631207163372, -10.519870938179974, 180.13074946960796, 6.860523665182425, 4.519408380390698, 19.0, 0.0
23, 0 ,1.0,1.0,1.0,159.24941697761193,80.9931494869403,69.91069554570896,14.988168713549879,9.98285667619721,11.020557394196775,69.0,49.0,58.0,-0.9856808191809519,0.16536989091401402,-0.03295636323768618,15.109143074476965,0.07889407026137711,0.2795486704110742,-0.956884667318373,11.129172193076359,0.14902700552705236,0.9457829243809002,0.28859246624462015,9.675258959529542,72.4098747022375,55.614642182589094,51.580767908242066,20.14386263370569,6.322982862266729,68608.0,207718.29385672032, 0.0, 0.0,0.0,NaN, 114.49019884760098,114.49019884760098,0.0, 224.6452013858354, -21.28526956070063, 2.091376775620891, -21.28526956070063, 99.65742741749521, -8.82515119364386, 2.091376775620891, -8.82515119364386, 121.45268527878521, 6.766141576035671, 4.339479350547298, 17.0, 0.0
24, 0 ,1.0,1.0,1.0,136.8735126004796,117.86607748804802,123.27568733316241,10.379461110119903,12.274296040239001,13.21089222311854,49.0,60.0,67.0,0.3383193779390576,0.5839860979310265,0.7379025924430826,14.09986323756454,-0.3394904837963524,-0.6555918387162835,0.6744965177229019,12.06543866591627,-0.8776595068263362,0.47870615040115766,0.023541700139467825,9.409477989333988,69.51352928181402,63.45331477645726,48.69810731231102,19.929718584348336,5.977085134031816,66307.0,214800.7213381917, 0.0, 0.0,0.0,NaN, 128.90909507400863,128.90909507400863,0.0, 107.7332129364915, 34.48050419853479, 14.467494980367551, 34.48050419853479, 150.65834328342683, 22.295928084794564, 14.467494980367551, 22.295928084794564, 174.52767333085393, 7.205367019831454, 4.570546532573986, 22.0, 0.0
25, 0 ,1.0,1.0,1.0,118.61753379379161,56.78410951215329,14.490731068460686,14.40591458360735,11.751206676804536,9.411857708424558,71.0,58.0,39.0,-0.9180643535669474,0.34614130511503477,0.19324605973463888,14.953599102839657,0.3673576591610636,0.9260495197712636,0.08649067687974496,11.295828066614837,-0.1490174250395138,0.15039442750538687,-0.9773307133258017,9.110348019468121,74.90647905076682,52.94462447062533,44.54292513092758,19.86599487485308,6.288604495999631,64139.0,176652.58204675422, 0.0, 0.0,-1.7763568394002505E-15,78.85771853431386, 100.28719851402431,100.28719851402431,0.0, 207.53037499019092, -29.511966347423154, -23.52925483963912, -29.511966347423154, 138.09085836097552, 12.97758233064069, -23.52925483963912, 12.97758233064069, 88.58306552363076, 7.168455443217274, 4.662011555793541, 15.0, 0.0
26, 0 ,1.0,1.0,1.0,150.94080744552443,152.0411346166063,54.60197890858268,10.138901268570976,14.116080527328668,10.643002052295197,47.0,64.0,50.0,0.006804369520119412,-0.9842354931802817,0.17673198499310236,14.218341126821112,0.5812991321868938,-0.13991346849016384,-0.8015706707794494,10.876161214968635,-0.8136614894869967,-0.10818833254663095,-0.5711832151127882,9.740761464093907,65.21392092625707,55.780675657332786,52.01565607179086,19.525703427874248,5.837931715916227,62964.0,189216.13344514146, 0.0, 0.0,0.0,NaN, 87.6825709231481,87.6825709231481,0.0, 102.79731893383016, -2.622303082458392, -10.778213337902862, -2.622303082458392, 199.2637294540276, -16.035434936999188, -10.778213337902862, -16.035434936999188, 113.27349268515977, 6.749083636675643, 4.551381356705714, 20.0, 0.0
27, 0 ,1.0,1.0,1.0,10.84203309545327,83.46536196204306,105.50497055065598,7.102715903848883,11.36751831940875,10.728800201608259,28.0,54.0,47.0,-0.04482260628596467,-0.7579720642076951,0.650745175814972,12.988529235636905,0.042819694571836604,-0.6522588978708688,-0.7567858375426001,8.712697415882081,-0.9980768546171724,0.006056403966472801,-0.06169207605914122,7.082599222968771,62.90377795024591,43.79112344680166,29.702684042374734,16.264119560047604,5.500419498124464,32089.0,81819.81856891347, 0.0, 0.0,0.0,NaN, 126.54377471740821,126.54377471740821,0.0, 50.448573210787856, 3.3081404775965844, -4.291916366316369, 3.3081404775965844, 129.22047274209353, -45.75913008298626, -4.291916366316369, -45.75913008298626, 115.10715376602943, 8.511726505990087, 4.701080669407302, 10.0, 0.0
28, 0 ,1.0,1.0,1.0,57.68419784580499,69.98715986394558,93.89739229024943,14.899008084496721,10.250217330003704,11.04274004549164,70.0,47.0,52.0,-0.9796666210321457,-0.09541229804160728,-0.17649307356912936,15.02550763641316,0.19946486423205523,-0.5579367256269532,-0.8055559435157573,11.49797112852718,-0.021612023791083318,-0.8243804361938083,0.5656233878196337,9.540455184222438,71.60213085766378,58.96154419627777,52.90170816418602,20.26069206858304,6.204342175330952,70560.0,223338.9610246935, 0.0, 0.0,0.0,NaN, 130.5465032310113,130.5465032310113,0.0, 221.98044190189867, 8.01176138390447, 16.680804881003855, 8.01176138390447, 105.06695531230825, 20.77875619919173, 16.680804881003855, 20.77875619919173, 121.94210771230468, 7.549186354258062, 4.542776642751866, 18.0, 0.0
29, 0 ,1.0,1.0,1.0,97.2669598556608,186.9643211547136,139.01314839873703,10.952502320743761,7.802731840728207,12.50767859283922,53.0,32.0,59.0,0.07013747065024586,-0.11712320241054958,0.9906376182378112,12.566607348496339,0.9955174068695185,-0.05494777472441782,-0.07697944318208841,10.95513956424442,0.06344941158573227,0.9915961362923578,0.11274428881097404,7.703716760280335,58.23788931806054,53.34455362475588,34.88108517391893,17.55177756295393,5.40528069822177,44340.0,108364.16771685636, 0.0, 0.0,0.0,NaN, 115.54300701796993,115.54300701796993,0.0, 119.95730708589747, -4.128364219854419, 2.199647325307844, -4.128364219854419, 60.88262417831379, -11.18040593669803, 2.199647325307844, -11.18040593669803, 156.44202378176848, 7.261499989967681, 4.749482422952349, 11.0, 0.0
30, 0 ,1.0,1.0,1.0,46.79209853590518,121.64192423890309,144.8024479045627,10.92243880902065,10.721013089591954,13.407629789599996,51.0,54.0,61.0,0.17565516346020704,0.3756236336221377,0.9099737080895633,13.887930037685265,-0.8241849076071343,-0.44940779292032595,0.34460393749216023,11.246052773011794,-0.5383906589293573,0.8105180574959341,-0.23064253044620694,9.72913275035163,63.279245074902235,55.49979441623623,50.68903544618969,19.507632511623637,5.784168183102691,64545.0,178019.13683878793, 0.0, -1.4210854715202004E-14,0.0,67.93713755786992, 106.65954378162405,106.65954378162405,0.0, 119.29966953680042, 18.265597356291593, 6.6626392196347615, 18.265597356291593, 114.94012166720204, 28.644328390584345, 6.6626392196347615, 28.644328390584345, 179.76453657496924, 7.052555565766079, 4.445867645275613, 14.0, 0.0
31, 0 ,1.0,1.0,1.0,17.961847389558233,140.07469879518072,24.027003251099636,10.00490689092122,10.225224479355559,12.061780684774973,39.0,44.0,52.0,0.04435446214928674,-0.32029001233473675,0.9462806083218984,12.269867886467521,0.7137089112799085,-0.6526296227077222,-0.2543504777350031,10.46886035419447,-0.6990366740358445,-0.6866504813680622,-0.1996468000993605,9.486476467573931,58.89419214978967,55.385481391306556,51.51797907858652,17.984194756126982,5.168043131642814,52290.0,168045.62959755657, 0.0, 0.0,0.0,NaN, 67.01467429871198,67.01467429871198,0.0, 100.09816189600289, -9.991489307776133, -1.0170611687522646, -9.991489307776133, 104.55521565321214, -15.099530975306687, -1.0170611687522646, -15.099530975306687, 145.4865532876106, 7.650629048648745, 4.682602842550129, 9.0, 0.0
32, 0 ,1.0,1.0,1.0,112.42884128649916,71.16191122908822,69.54147786900425,9.855572020688994,11.499763775875861,16.548845294282703,48.0,59.0,75.0,-0.09576015047691551,-0.14110468874607426,0.9853524549086546,16.69014794988793,0.055190343656084,-0.9891315237998104,-0.13628226074067262,11.372395401738421,-0.9938732411871053,-0.04133153081291394,-0.10250699982391119,9.764667509311712,74.04999024714763,61.22407457654201,46.84532048334613,21.40025511899813,6.728315403711473,80995.0,212379.91831570753, 0.0, 0.0,0.0,NaN, 132.5471334748775,132.5471334748775,0.0, 97.13229985498774, 0.6204725645885687, -17.543054414494684, 0.6204725645885687, 132.24456690094664, -20.892548191544414, -17.543054414494684, -20.892548191544414, 273.86428057410274, 7.304937543977712, 4.415557502119465, 23.0, 0.0
33, 0 ,1.0,1.0,1.0,188.48369989081266,10.213123277699786,47.18712629334997,7.185059412870729,6.735371321114407,10.433652275252115,31.0,29.0,49.0,-0.08756377956103366,0.03559436766528875,0.9955227900452581,10.460488788020436,0.8604127555009156,0.5063347528853462,0.057576107821362674,7.364635553885738,-0.5020184007387665,0.8616020885600523,-0.07496243264894668,6.4955155973015115,48.977807873978925,40.553666606523876,30.704769609261433,13.59715552652218,4.579166625950415,19233.0,60986.725072872025, 0.0, 0.0,0.0,NaN, 49.63424163936548,49.63424163936548,0.0, 51.62507876648226, 5.038439876647342, -5.263808865337335, 5.038439876647342, 45.36522683329043, 2.733477321455742, -5.263808865337335, 2.733477321455742, 108.86109980087365, 8.318590597135628, 4.686269120606277, 7.0, 0.0
34, 0 ,1.0,1.0,1.0,172.56034207263292,103.6463459842258,124.09509261271396,12.017866048655286,11.816412470644424,14.161935832284419,52.0,58.0,66.0,-0.34797394931083475,0.02174647057566525,0.937251952048393,14.484949953225627,0.6116092868438752,0.7629536254276841,0.20937011652353876,12.276451276259534,-0.7105267136760929,0.6460873442997129,-0.2787883295412444,11.139663525966062,72.22014190052612,68.11424566948321,61.01139943784993,21.072586415485812,6.368927407295187,78229.0,300128.52609775943, 0.0, 0.0,-1.4210854715202004E-14,20.404936768198226, 125.69214945586263,125.69214945586263,NaN, 144.42910436342143, 11.77260892739857, -24.54854829639023, 11.77260892739857, 139.62760367640107, 5.999307574215956, -24.54854829639023, 5.999307574215956, 200.56042651774138, 7.525782475878258, 4.675324486055425, 16.0, 0.0
35, 0 ,1.0,1.0,1.0,124.09472477384897,151.34970568907903,162.64953930903346,13.107229549395207,11.318086819876703,11.394899451805664,69.0,53.0,60.0,-0.9774712408849724,0.08932389066510851,0.19123602118649002,13.202944922989552,0.0736668929935022,-0.7046851467268727,0.7056855056320837,11.867175684595546,0.1977957585982971,0.7038750503739802,0.6822292513089354,10.704890278326785,67.61157516253702,57.45986335846531,53.601971993772906,19.909528132870495,5.775203785669886,71523.0,208241.08134843942, 0.0, 0.0,0.0,NaN, 97.58851806193393,97.58851806193393,0.0, 171.79946646053887, -6.57643353946999, -9.800045143781714, -6.57643353946999, 128.09908926226674, -12.02620523744164, -9.800045143781714, -12.02620523744164, 129.84373351676103, 7.2594388223859605, 4.365455817818924, 22.0, 0.0
36, 0 ,1.0,1.0,1.0,145.32971311181026,42.86480196526311,83.0394920197101,12.648745927007434,10.256464106796916,12.83239122011537,64.0,48.0,57.0,0.6608411079256004,-0.0877089467652968,-0.7453832374912837,13.103195511590103,0.7053701870224888,-0.26670718532005727,0.656749706173145,12.552560221321842,0.25640189027291677,0.9597783170899286,0.11438379565524212,10.02973545021145,63.55622781025234,62.81594426551817,47.27251341406205,19.907005380672103,5.793723388290001,69609.0,188728.15722116013, 0.0, 0.0,0.0,NaN, 108.2672099522736,108.2672099522736,0.0, 159.99077352598718, -14.838800584762883, -8.629521776557063, -14.838800584762883, 105.19505597401344, -5.330896013482187, -8.629521776557063, -5.330896013482187, 164.67026442609404, 7.335976937034869, 4.515041850523726, 17.0, 0.0
37, 0 ,1.0,1.0,1.0,85.77795897485092,35.75370521367931,108.22674149039922,11.576428223449826,12.072245915393587,10.716016573825522,58.0,70.0,55.0,0.5228586258381327,0.7002742690659964,-0.4860399216841586,12.777024778802053,0.7183207466985062,-0.6689568654063562,-0.1910811793144543,11.538981769237592,0.4589489756488838,0.24922411662956276,0.8527914032405897,9.90885263771779,59.93891708182187,57.33342935848445,53.87847565146981,19.066910567428444,5.571242633257149,62547.0,185153.57922055735, 0.0, 0.0,0.0,NaN, 130.60825647664046,130.60825647664046,0.0, 134.0136904126857, 7.023429708980095, -21.334388766548894, 7.023429708980095, 145.73912144173715, -17.677171524460142, -21.334388766548894, -17.677171524460142, 114.83301121050329, 6.537261004089396, 4.194072704147497, 15.0, 0.0
38, 0 ,1.0,1.0,1.0,16.75938641930691,72.16459864273381,170.13944103120107,10.17226092465006,11.243689972408038,10.433139084593206,40.0,56.0,56.0,0.007230161622080476,-0.8427771855023883,0.5382140283935293,11.7665609801044,-0.8910652315109427,-0.24969371981507454,-0.37901952387345555,10.286051910592088,0.45381767038676296,-0.47684343539738794,-0.7527747738621081,9.720649487937894,54.637916014952715,52.65369839323476,50.467788889714,17.690052528109643,5.080146575245391,49806.0,145190.19394170924, 0.0, 0.0,0.0,NaN, 79.87652541484029,79.87652541484029,0.0, 103.47489231916248, 2.2489368777762713, 3.9914279668697428, 2.2489368777762713, 126.42056419562905, -18.86989795554315, 3.9914279668697428, -18.86989795554315, 108.85039115846637, 7.62283029479396, 4.570800760194549, 12.0, 0.0
39, 0 ,1.0,1.0,1.0,186.7724384164552,111.25670850829722,65.69954864931624,8.84950520728543,14.765547967633312,9.548623227007932,38.0,70.0,53.0,0.15445565302890132,-0.9767147136246032,0.14890204644874647,15.005039025477663,0.4883120845790591,-0.055549611129379416,-0.8708992758967178,9.685096373110397,-0.858891587629934,-0.20722598508050027,-0.46836164638657923,8.28004026663299,67.92332381437598,50.398376529499956,46.39863738380461,18.614164897753923,6.405015213785744,44533.0,158832.98699900374, 0.0, 1.4210854715202004E-14,0.0,12.388672303038696, 111.20598393500084,111.20598393500084,NaN, 78.31374241377193, -24.308052814248196, -7.133266880466819, -24.308052814248196, 218.0214067844802, -21.552786476522744, -7.133266880466819, -21.552786476522744, 91.17620553135538, 7.289709284283595, 4.651769594580544, 11.0, 0.0
40, 0 ,1.0,1.0,1.0,50.50673237984796,150.9479126401237,187.28403234119315,15.819545118649849,13.936776008469112,6.854672616866582,72.0,63.0,29.0,-0.9125601274231305,0.398267342520077,0.09282853935872509,16.272113402182715,0.40309364979523815,0.9142815197179608,0.04006010730102187,13.484244016586901,0.06891678556224665,-0.07397585135847426,0.9948758968251045,6.6986385693889225,69.48949931863068,60.86205247110948,31.19142278683313,21.037960260133,6.991601965838302,62088.0,131917.0594953035, 0.0, 0.0,0.0,NaN, 71.54532216399855,71.54532216399855,0.0, 250.25800776099828, -29.451862316124892, -16.4174111828149, -29.451862316124892, 194.23372551024022, 13.14626917587002, -16.4174111828149, 13.14626917587002, 46.98653668442055, 8.825834090054043, 5.33434444920465, 14.0, 0.0
41, 0 ,1.0,1.0,1.0,81.45831706364702,104.81958777263345,76.39287108830256,12.226821038131854,12.036218032588529,11.897917467283307,62.0,63.0,62.0,0.5383647150196601,-0.6093227599249763,0.5821419138485137,13.993029052559425,-0.8426656831373323,-0.3964818908304995,0.3643029737816661,11.427915112277832,0.008830633300823539,-0.6866788801768131,-0.7269072399107225,10.465372970209813,65.73106293839035,52.151069744039944,52.69010553867662,20.030719600174553,5.890365827686484,71708.0,180618.79687947684, 0.0, -1.4210854715202004E-14,0.0,52.45944980777971, 146.7332240623339,146.7332240623339,0.0, 149.49515269850372, -21.262784517035826, 20.571641820758348, -21.262784517035826, 144.87054452800928, -33.64867834454472, 20.571641820758348, -33.64867834454472, 141.56044005828522, 6.347284006076323, 3.958278289940776, 21.0, 0.0
42, 0 ,1.0,1.0,1.0,49.24824559629502,182.97387101340829,163.06518090076244,11.75120074966381,9.947808308972137,10.381932150470446,53.0,42.0,44.0,-0.9487259362491327,0.053726828945072684,0.3115004425995464,11.922855036161751,-0.22567364903114762,0.5749034469726327,-0.7864842215785082,10.429510612111207,0.2213379814247271,0.816455421018498,0.5333010814430577,9.690457190786116,55.87545045206808,50.87051940918488,52.73903821479999,17.795812922126856,5.305013367431529,49447.0,149906.13767661827, -7.105427357601002E-15, 0.0,0.0,18.427221850805218, 63.87064759711188,63.87064759711188,0.0, 138.09071905889925, -4.388583062462662, -11.61989798282724, -4.388583062462662, 98.95889015205509, -5.915885418250154, -11.61989798282724, -5.915885418250154, 107.78451517697191, 7.293652321428424, 4.488343593419706, 10.0, 0.0
43, 0 ,1.0,1.0,1.0,178.9333654740177,154.97649712455663,88.38560212128517,12.558707568437642,8.722780461146762,13.005553307233056,51.0,40.0,56.0,0.40863134000390083,0.08294658987073245,-0.9089225991224077,13.142174937227399,-0.9121068210113227,0.0012286092466974488,-0.40995077458633694,12.442601965906332,0.03288730805698774,-0.9965532367857404,-0.07615819864354301,8.684316082888348,62.97094064251595,59.97081869054168,40.545816698753185,19.216010744641405,5.804944672603335,58078.0,153117.98703928982, 0.0, 0.0,0.0,NaN, 101.40480049666533,101.40480049666533,0.0, 157.7211357895329, 3.2089439008236793, -6.448857050701641, 3.2089439008236793, 76.08689897336373, -7.375592360350674, -6.448857050701641, -7.375592360350674, 169.14441682728068, 7.751997941335542, 4.628753329439931, 10.0, 0.0
44, 0 ,1.0,1.0,1.0,115.23254618092639,152.4233811953641,63.273387128673704,9.264110084156803,12.319486258710029,10.660011839266302,45.0,54.0,49.0,-0.044976241350762225,-0.9002622498579292,0.4330184975202523,12.799666939713877,-0.3683925097069842,-0.38796150934724394,-0.8448507714719788,10.233930625360529,-0.9285817661928044,0.19751898325413467,0.3142008191404112,9.092003075831096,60.49032394785735,52.79654158725688,47.15697925078952,17.962559483808352,5.345632472762165,50562.0,150604.2969637475, 0.0, 0.0,0.0,NaN, 115.985246486721,115.985246486721,NaN, 85.82373565137576, 6.440605274809367, 5.287854794926123, 6.440605274809367, 151.76974167854524, -24.407843800947326, 5.287854794926123, -24.407843800947326, 113.63585241329773, 6.401802875677136, 3.9894277930687885, 15.0, 0.0
45, 0 ,1.0,1.0,1.0,99.4896910641125,158.58086590632266,15.073568818514007,11.319512738874879,10.83153271445761,9.640458892947041,49.0,55.0,41.0,0.8119535269073895,0.3339179115531322,-0.47878001053369557,12.464380710606122,-0.21305373036428166,0.9331633010765753,0.28950710095217497,10.649953827130735,-0.5434515416488529,0.1330604444147982,-0.8288276901815126,8.343237635209196,63.64368675694121,50.358827239765276,49.087928132828665,17.578189246337836,5.422101075824446,45155.0,157327.86143812237, 0.0, 0.0,0.0,NaN, 108.81615585026448,108.81615585026448,0.0, 128.13136864555065, 14.538941270720207, -36.03786410619074, 14.538941270720207, 117.32210094436545, -1.8732064342997548, -36.03786410619074, -1.8732064342997548, 92.93844766660169, 7.493843269063024, 4.3316730930582645, 12.0, 0.0
46, 0 ,1.0,1.0,1.0,95.9236271828319,8.447682165649764,133.2038361736447,11.285573938222583,5.662732104110465,10.81003866697916,57.0,23.0,54.0,-0.8214584803131901,0.006188677206197767,0.5702347458687361,11.70670911825433,0.5690464070456845,0.07431975266182145,0.8189400228299282,10.372928403653896,0.037311549819610504,-0.9972152599307349,0.06457223560738434,5.625208256842395,67.14368123512526,51.42818618618384,24.65503256032624,15.77779197918095,5.229620468187339,28518.0,85135.74410775663, 0.0, 0.0,0.0,NaN, 117.19399766114329,117.19399766114329,0.0, 127.3641791150888, 2.6763816451639313, -13.977805063952646, 2.6763816451639313, 32.066534882923335, 4.994832161129027, -13.977805063952646, 4.994832161129027, 116.85693598158457, 6.574232413663596, 4.16423688650799, 9.0, 0.0
47, 0 ,1.0,1.0,1.0,117.62699017292603,113.00432315075798,54.63344633198751,10.2946295701926,10.68789094125848,11.055708382936906,49.0,48.0,53.0,0.06403166800658164,0.6346405612571665,0.770150182431637,11.711998533009012,-0.8492956190488764,-0.3705805467488745,0.3759880448042076,10.478832220502143,0.524019939464788,-0.6781603176082297,0.5152685578073101,9.770479223949113,58.26298197924666,51.15619244063359,49.69156940311806,17.819995514227447,4.988673018067173,52508.0,148106.3347214296, 0.0, 0.0,0.0,NaN, 131.67525962206844,131.67525962206844,0.0, 105.97939798748385, 6.209333305986364, -2.5234691883464238, 6.209333305986364, 114.23101277223508, 18.387316364794856, -2.5234691883464238, 18.387316364794856, 122.22868784854138, 6.579431480771155, 4.022375276620336, 12.0, 0.0
48, 0 ,1.0,1.0,1.0,108.58661203719295,53.554358197227366,129.05685581186506,10.765023130056974,11.11297147344314,11.333477127002695,51.0,53.0,49.0,-0.26312449905738305,-0.6029521482244381,0.7531362459391642,12.547219649528998,-0.8251582675154001,0.5451317386579123,0.14813919487693278,11.027364624654188,-0.49987931698239485,-0.5824775484594559,-0.6409684656782092,9.423166678453413,58.87328075324356,53.164476886303795,48.0129973699747,18.393749060503122,5.431533599983373,53451.0,150279.1056850481, 0.0, 0.0,0.0,NaN, 127.50453516661324,127.50453516661324,1.9073486328125E-6, 115.88572299066166, -3.867802310042143, -17.61186346337825, -3.867802310042143, 123.49813496956101, -28.51893686855926, -17.61186346337825, -28.51893686855926, 128.44770378829324, 7.168904283296355, 4.1569069636771685, 15.0, 0.0
49, 0 ,1.0,1.0,1.0,16.184502323570733,49.5129363449692,93.15309629309414,9.4548991006505,10.611281623316973,11.005694584227692,38.0,56.0,49.0,0.21211992110330335,0.4742765132266781,-0.8544395403260975,11.440444966552581,-0.4406767057307333,0.8268156307022155,0.3495424921991694,10.523484028677885,-0.8722437618564187,-0.30238667600944674,-0.3843866778057229,9.027304738379447,54.37508760549841,51.55151245009584,44.11630913386489,17.255502681314514,5.036601551562328,46265.0,123663.22047683627, 0.0, 0.0,0.0,NaN, 106.72847946988239,106.72847946988239,0.0, 89.39511700348164, -5.689061377729552, -13.457664108026622, -5.689061377729552, 112.5992976893445, -11.561571990304024, -13.457664108026622, -11.561571990304024, 121.12531328129876, 7.281637650337862, 4.213590391417431, 9.0, 0.0
