// Sample: .//bubblelabels.tif, Map: .//bubblelabels.tif, Thickness:(8.191250068658265):/gpfs/home/mader/Foam/NewValid/InSilicoTest/LatticeData_OldFoam/out_Step_03500.vtk/distmap.tif, Neighbors:(1.0):
//LACUNA_NUMBER, TRIANGLES, SCALE_X, SCALE_Y, SCALE_Z, POS_X, POS_Y, POS_Z , STD_X, STD_Y, STD_Z,PROJ_X, PROJ_Y, PROJ_Z, PCA1_X, PCA1_Y, PCA1_Z, PCA1_S, PCA2_X, PCA2_Y, PCA2_Z, PCA2_S, PCA3_X, PCA3_Y, PCA3_Z, PCA3_S,PROJ_PCA1, PROJ_PCA2, PROJ_PCA3,OBJ_RADIUS, OBJ_RADIUS_STD, VOLUME, VOLUME_BOX, Mask_Grad_X,Mask_Grad_Y,Mask_Grad_Z,Mask_Angle, Mask_Distance_Mean,Mask_Distance_COV, Mask_Distance_STD, SHAPET_XX, SHAPET_XY, SHAPET_XZ, SHAPET_YX, SHAPET_YY, SHAPET_YZ, SHAPET_ZX, SHAPET_ZY, SHAPET_ZZ, Thickness, Thickness_STD, Neighbors, Neighbors_STD
1, 0 ,1.0,1.0,1.0,79.30045787159085,138.26132463035466,39.69620008807543,15.430976942767808,15.512397784359495,16.095189073431044,84.0,81.0,79.0,0.09892524560167595,-0.4695987899771121,0.8773202221735688,16.33143459141318,0.9947073750185323,0.022064244744790733,-0.10035141846323047,15.421931120787528,0.027767496581228127,0.8826041839668974,0.4692960905204063,15.272620286971224,90.21914028027925,83.51129101206715,90.43119951726815,26.146043026123834,7.361323237971761,165767.0,681337.3128935279, 0.0, 0.0,-7.105427357601002E-15,28.67922609111275, 164.257556321214,164.257556321214,0.0, 238.11504940823176, -1.453935551342822, 2.44672979792915, -1.453935551342822, 240.63448502020134, -13.796447372608954, 2.44672979792915, -13.796447372608954, 259.055111309494, 7.039627931630534, 5.519184266099246, 53.0, 0.0
2, 0 ,1.0,1.0,1.0,58.76216822938515,262.5338374848358,13.002573666965228,14.670263468335092,18.08394328982368,8.140744744142696,83.0,79.0,34.0,-0.35481866052512767,-0.9349104376913556,-0.0067964431073909565,18.5990937904144,-0.9315740368683528,0.3529178914189643,0.08728559875027228,14.047727410316048,-0.07920563096115972,0.03730194917360366,-0.9961601440591241,8.077897307470355,87.463205409095,73.79151961724565,37.62941150235833,23.347049879867996,7.964459933737792,88201.0,242861.8337948817, 7.105427357601002E-15, 0.0,-1.7763568394002505E-15,78.39056825773349, 70.89268418247482,70.89268418247482,0.0, 215.21663023036717, 49.680290574023296, -10.063480144080728, 49.680290574023296, 327.02900490955886, 5.852289870760661, -10.063480144080728, 5.852289870760661, 66.27172498928694, 7.789009622369994, 5.530597794195942, 22.0, 0.0
3, 0 ,1.0,1.0,1.0,77.867296697167,14.760885189277325,258.27808588009395,15.37698692200745,9.175674860598598,16.512618263547758,73.0,39.0,82.0,-0.5788780246732179,0.10446241482592128,0.8086951443153164,17.583009990827623,0.8019288798265599,-0.10668846403661017,0.5878159944588341,14.277960131266473,-0.1476831210753363,-0.9887897529456128,0.022011819988395912,8.960408027376943,95.6477495174031,88.9956887692889,40.413832515435,23.102983471906782,7.71773623295617,93223.0,344012.134494858, 0.0, 0.0,0.0,NaN, 89.56515921006604,89.56515921006604,NaN, 236.45172679958816, -24.41252790967314, -48.89398323994449, -24.41252790967314, 84.19300914742108, 11.58527200747829, -48.89398323994449, 11.58527200747829, 272.666561917651, 7.04820461217721, 5.257907345747948, 35.0, 0.0
4, 0 ,1.0,1.0,1.0,154.08839520998032,176.61103883829793,14.219987324460456,15.835018285703528,15.32184830011866,8.858747483214028,78.0,67.0,38.0,-0.7620310948261649,-0.6461727317453789,0.04206437051413829,17.168558446744296,0.6409418687912493,-0.7619227898094532,-0.09309770780937816,13.861082264477,0.09220700270812976,-0.04398253196092752,0.9947680159383335,8.780389839289107,81.07862665614351,67.43365034736595,40.96323747454891,22.62970460136065,7.202826949650965,89937.0,223963.54173137515, 0.0, 0.0,0.0,NaN, 191.61743184916847,191.61743184916847,3.814697265625E-6, 250.7478041085651, 51.00181506204962, -13.841209949514152, 51.00181506204962, 234.75903533184905, 2.2434659437637814, -13.841209949514152, 2.2434659437637814, 78.47740697135089, 8.108786108298641, 5.549927517779458, 23.0, 0.0
5, 0 ,1.0,1.0,1.0,17.386243386243386,164.27669322305337,12.710454296661194,10.557532444118038,14.296337239039204,8.181981909397207,45.0,73.0,35.0,-0.02384077586997542,0.9985353611319349,0.04856696382351072,14.309393151719014,0.9983337052075407,0.026333318221310572,-0.051345587912093864,10.56091182084314,0.052549314481741535,-0.04726191829128157,0.9974993135972211,8.154752410009761,73.47588492851338,47.38705050944802,37.27622118531254,18.55045189936476,6.218706622444961,49329.0,129788.55083639588, 0.0, 0.0,0.0,NaN, 137.42144341398242,137.42144341398242,0.0, 111.46149130860502, -2.1074790889505266, -2.468472616803181, -2.1074790889505266, 204.3852584523391, 6.644083790566706, -2.468472616803181, 6.644083790566706, 66.94482796570317, 7.519018395268003, 5.205467053323499, 17.0, 0.0
6, 0 ,1.0,1.0,1.0,279.87949826350405,207.49048621887238,208.75929210079067,12.66663480044738,14.81574130547912,14.698671426341107,51.0,77.0,75.0,0.3640276329366133,0.36153354069154753,-0.8583573739495687,15.247159961509325,-0.21823623761464644,0.9290425973847708,0.2987520658277734,14.767253662143888,-0.9054594563261072,-0.0785706764613342,-0.41709689731528615,12.060393927412404,86.14363825506251,78.16935083081341,61.12995992905206,23.332376200860388,7.183382916126595,108264.0,411636.45228380075, 0.0, 0.0,0.0,NaN, 131.48274224436383,131.48274224436383,0.0, 160.44363716790463, -3.270580403352794, -31.926275357027, -3.270580403352794, 219.50619043088014, -6.849783207124924, -31.926275357027, -6.849783207124924, 216.0509416995365, 6.894602347942997, 4.936616647135064, 31.0, 0.0
7, 0 ,1.0,1.0,1.0,189.77224955056403,114.04711669531204,234.55606590410716,13.159115774206251,13.183466974639574,13.412739876800298,64.0,69.0,69.0,0.6369437175686605,-0.2817746971735985,0.7175693142007548,14.157272044199114,-0.05974734862236402,-0.9460512906045513,-0.3184606881203082,13.11470393988588,0.7685915397546424,0.1599686706145597,-0.6194167171132842,12.427546389724926,67.5043870296912,67.73986576197004,67.1887140763063,22.11855944685988,6.134904109157473,101238.0,307236.39380397025, 0.0, 0.0,0.0,NaN, 171.58033193115352,171.58033193115352,NaN, 173.1623279589638, -7.260955672338252, 21.351204207422146, -7.260955672338252, 173.80380147141233, -4.0097931049861755, 21.351204207422146, -4.0097931049861755, 179.9015910027089, 6.487559436011697, 4.823753325760822, 36.0, 0.0
8, 0 ,1.0,1.0,1.0,121.75825743776564,186.55989678202792,114.7491600890508,12.551576658868912,12.684224110943141,14.617290824819902,63.0,67.0,76.0,-0.012015732952621098,-0.21896161475685785,0.9756594864114636,14.712983003880124,-0.2604218126515796,-0.9413720932948009,-0.2144739179038575,12.57517978968668,-0.965420168453548,0.25666007330481755,0.04571110493401754,12.549493749233415,76.14480696598817,65.63004925527628,66.65375013604427,22.163952298206517,6.391871987173725,98820.0,333094.6132062935, -1.4210854715202004E-14, 0.0,0.0,89.31153264680943, 202.14128725603777,202.14128725603777,0.0, 157.5420766234629, 0.31339176508672373, -0.6554170677257001, 0.31339176508672373, 160.88954129663134, -12.470160681714944, -0.6554170677257001, -12.470160681714944, 213.6651910573641, 6.310140360896946, 4.666305038973351, 35.0, 0.0
9, 0 ,1.0,1.0,1.0,260.51746349975406,141.1401163923927,126.12901549114062,14.521762719523075,13.22128763323702,13.52355835242663,74.0,67.0,64.0,-0.880966438814454,-0.23094201604856435,0.4129938485086714,14.844538132695627,-0.4715566586818479,0.5007031561368558,-0.7258999015617811,13.344652621047777,0.03914653669726581,0.8342434504735511,0.5500049218021542,13.043412273056171,80.73879388275301,70.46982917942661,65.8917146818157,22.870686656078,6.745543829358051,107739.0,374900.72940891824, 0.0, 0.0,0.0,NaN, 193.3595916744649,193.3595916744649,3.814697265625E-6, 210.88159248213023, 8.3424699598819, -15.554244448589554, 8.3424699598819, 174.80244668078618, -7.6799916265628605, -15.554244448589554, -7.6799916265628605, 182.88663051148805, 6.089293968249983, 4.615418739394755, 37.0, 0.0
10, 0 ,1.0,1.0,1.0,22.195561180761796,132.22867792150845,191.08090331067748,13.331726129711578,13.719080091677302,13.35191359202643,58.0,65.0,63.0,0.6540136802322801,0.46595563024757775,0.5959458504844302,14.091411955670758,-0.23352102687022336,0.8736649313379705,-0.4268225834696376,13.638218067031678,0.7195373764291225,-0.13998192165705448,-0.680199254285605,12.6353786559842,77.17628538476657,73.27859044580008,64.04193591802803,22.37839684117847,6.590070678466995,100342.0,362180.805273611, 0.0, 0.0,0.0,NaN, 172.74384453466624,172.74384453466624,0.0, 177.73492159763444, 6.483502951368927, 17.793600230558734, 6.483502951368927, 188.2131585618565, 0.9808713463272598, 17.793600230558734, 0.9808713463272598, 178.27359656894012, 6.358268706916965, 4.643278546151633, 35.0, 0.0
11, 0 ,1.0,1.0,1.0,47.16522535727373,248.55010076951265,213.6936240381092,13.286230082888554,14.554243946211434,13.223854699382821,62.0,71.0,65.0,0.05080195766786848,-0.867635727887685,-0.4945982256235051,15.08164158955279,-0.8062754417760081,-0.32787871866248697,0.49235704304615024,13.997117330370054,-0.5893547938941491,0.37376970120791353,-0.7162102605889781,11.825610055121892,71.30431471287949,67.74058537402769,64.52763552296568,22.83163195758235,6.475866113902846,109160.0,311681.1281762044, 0.0, 0.0,-2.8421709430404007E-14,60.35673962902216, 110.99748260886354,110.99748260886354,0.0, 176.5239098154528, 10.962141650064751, -24.461452942024128, 10.962141650064751, 211.82601684583216, 28.544288843308802, -24.461452942024128, 28.544288843308802, 174.8703331103891, 6.996213189626885, 4.9166829290418566, 42.0, 0.0
12, 0 ,1.0,1.0,1.0,264.3010700097818,281.5921486035973,25.34319166350588,15.790492914198012,11.128329432993318,14.127439370249888,74.0,51.0,63.0,-0.9463917214309894,-0.14974884690907989,0.2862131940639521,16.011110426617734,-0.30614250505236235,0.13314137864648648,-0.9426293756786797,14.036235965349556,-0.10305084282601924,0.9797186617297406,0.17184838565239188,10.926680577116281,84.27360524070701,71.63719569028139,54.639811460831,22.857940817291542,7.090731076255744,100186.0,329867.3581139338, 0.0, 0.0,0.0,NaN, 47.49252529790069,47.49252529790069,0.0, 249.33966647333764, 16.246631482140124, -14.698697324439731, 16.246631482140124, 123.8397159692254, -15.612249669988339, -14.698697324439731, -15.612249669988339, 199.58454316008655, 6.315653411506014, 4.723563333652509, 23.0, 0.0
13, 0 ,1.0,1.0,1.0,135.61690017513135,21.24064379806594,249.49227137744612,15.050845394208654,12.71538596170578,13.650388588714685,73.0,55.0,69.0,0.9025552355189512,0.1705342384464452,0.3953632764367746,15.495503474171786,0.29977158818758376,0.4102583065280371,-0.8612927010257552,13.389684886274232,0.30908096310323674,-0.895882913913553,-0.3191594629725674,12.455834238887332,80.85838524333604,72.37891572663875,62.0063507516941,22.938296292347015,6.955333138164193,105064.0,362888.58698935184, 0.0, 0.0,0.0,NaN, 146.26735525289777,146.26735525289777,0.0, 226.52794708037183, 16.04550476730516, 24.086232419689413, 16.04550476730516, 161.6810401551444, -2.8000180579073133, 24.086232419689413, -2.8000180579073133, 186.33310862291208, 6.845864939366435, 4.688111180871837, 31.0, 0.0
14, 0 ,1.0,1.0,1.0,144.41832196501997,151.8733981467052,58.79381196130378,12.274328219968396,11.70307184760998,13.519322212953561,61.0,59.0,67.0,0.3562005781204167,0.12170926389182776,0.9264491368821014,13.69736242474123,-0.7443382913568526,-0.5624156467911934,0.3600682550078602,12.485319508659815,-0.5648731328065114,0.8178480881724633,0.10973991300344779,11.26464186698624,69.82509338655558,65.50756744201155,60.15009510325618,20.86698450097978,5.9128719633845535,83419.0,275130.8666611399, 0.0, 0.0,0.0,NaN, 215.06941721392616,215.06941721392616,0.0, 150.65913325151254, 14.769080164861379, 12.26958052480057, 14.769080164861379, 136.96189067032128, 0.9763416982141826, 12.26958052480057, 0.9763416982141826, 182.7720730976596, 5.7095263776868315, 4.491539331432681, 31.0, 0.0
15, 0 ,1.0,1.0,1.0,31.972586884830037,11.109446347031964,72.84409880771182,16.49346341451475,7.431002908196706,13.20777546342992,75.0,31.0,63.0,-0.9967337164323213,0.02415237378782582,0.0770620617906504,16.514439039546396,-0.07814914666282219,-0.04786761620528578,-0.995791846820758,13.196723700713731,-0.0203619597015015,-0.9985616426436761,0.04959875439845065,7.404002910323058,76.86558938663862,64.39325132678908,32.73001531357548,21.13120407860339,7.427764570070722,63072.0,162001.30910813986, 3.552713678800501E-15, 0.0,0.0,4.6321525642007675, 80.32389956515601,80.32389956515601,0.0, 272.03433540593653, -4.799384311041063, -7.45092201232664, -4.799384311041063, 55.219804221627896, 6.093784657698598, -7.45092201232664, 6.093784657698598, 174.44533269238144, 6.157601205065076, 4.442317756872744, 26.0, 0.0
16, 0 ,1.0,1.0,1.0,218.57603586185982,29.381600894651047,269.83191174798134,12.538525099203248,14.105834981926204,14.188530765121671,68.0,65.0,64.0,-0.3124611898399536,-0.6572900044509256,0.6858118217796352,15.107696948649332,-0.030513579559959394,-0.714642571152658,-0.6988239527654702,13.407557257141944,-0.9494403226671168,0.23928193735679215,-0.20324179724786393,12.226957870939074,76.93881343533637,77.48906717304612,59.953008091824614,22.681094089791156,6.562893292107582,105516.0,357434.85109962267, 0.0, 0.0,0.0,NaN, 91.66926396499147,91.66926396499147,0.0, 157.2146116633498, 16.83220474641, -16.228680275541688, 16.83220474641, 198.97458053733303, -20.3818371292745, -16.228680275541688, -20.3818371292745, 201.31440527280415, 6.254038330323017, 4.62231209938989, 34.0, 0.0
17, 0 ,1.0,1.0,1.0,162.04443084302434,256.04296938431366,281.9553193349738,14.970719747166381,13.188072473711799,10.133164830510518,71.0,67.0,43.0,-0.9247334878423836,0.3774613504791632,-0.048896884944816574,15.296094276155044,-0.3802502775529636,-0.9105667250618722,0.16210479829724436,12.888620049417455,0.016664419694501435,0.1684967895971386,0.9855613268649003,10.03203408681902,75.19040516867794,63.54788606949083,46.660067066549345,21.375239601265434,6.620261837029448,80057.0,222950.72656976816, 0.0, 0.0,0.0,NaN, 145.90945857714726,145.90945857714726,0.0, 224.12244974819745, -23.868354323794303, 1.9927792588467355, -23.868354323794303, 173.92525557187486, -12.125364409262211, 1.9927792588467355, -12.125364409262211, 102.68102948229526, 6.596825724955044, 4.857161239521163, 30.0, 0.0
18, 0 ,1.0,1.0,1.0,40.72509712662946,85.53153410771688,38.175251937602305,12.429452243968898,12.399629433361618,15.640386560175292,59.0,60.0,78.0,0.09188365508414635,-0.01086852562637443,0.9957104343528225,15.665564224597293,0.7019907141033271,0.7098989739748057,-0.05703055376041179,12.463966316266035,-0.7062339776880455,0.7042196545824515,0.07285771653499934,12.333021775441182,79.55149653378174,61.084803320257365,62.51120638085102,22.543235143793797,6.68328767696919,101414.0,303766.17612213443, 0.0, 0.0,0.0,NaN, 102.13484578385746,102.13484578385746,1.9073486328125E-6, 154.49128308510348, 1.524953550683716, 8.40656959363051, 1.524953550683716, 153.75081008468774, -1.1412128078612227, 8.40656959363051, -1.1412128078612227, 244.62169175171192, 5.9568408740670105, 4.406253473622542, 34.0, 0.0
19, 0 ,1.0,1.0,1.0,190.7016967565051,281.8855723966686,59.92482282344421,14.214523517303505,10.240025563418238,12.85418394693713,67.0,44.0,68.0,0.9804612291335586,0.16084518293813035,-0.11324577383510348,14.325039724911036,-0.1153418599974893,0.0037244345683377367,-0.9933188732322898,12.835183568734081,-0.1593487794061557,0.986972621561888,0.022203846266420323,10.109013153703435,69.00954628670118,67.18103562696155,47.910765018361815,20.80212188844447,6.277943313176419,77324.0,222120.66858481008, 0.0, 0.0,7.105427357601002E-15,83.4975457052617, 125.95727835152871,125.95727835152871,0.0, 202.05267882397442, 16.2187886413216, -4.27162377469395, 16.2187886413216, 104.85812353945899, -2.1078212153815645, -4.27162377469395, -2.1078212153815645, 165.2300449416962, 6.12229727999499, 4.682566814495256, 34.0, 0.0
20, 0 ,1.0,1.0,1.0,282.0020375277996,103.89396865136968,167.78430171392046,10.841531660955415,13.252624023160633,13.38882350854303,45.0,66.0,68.0,-0.3359212792368811,0.7037173573409519,0.6260501378746943,14.302702068247045,0.17889382484439514,-0.6049071732532284,0.7759409199026245,12.787904541263936,-0.9247453128231578,-0.37265157013469713,-0.07731050179467733,10.214384865871763,76.72134757682124,67.69865391888104,53.59697378542012,20.73139849516277,6.529974244393397,75091.0,278379.0349851089, 0.0, 0.0,0.0,NaN, 169.11201686621249,169.11201686621249,NaN, 117.53880875549868, -30.100528388270877, -12.862313701538406, -30.100528388270877, 175.63204349925434, 16.37380791634484, -12.862313701538406, 16.37380791634484, 179.26059494291448, 6.1626415376012895, 4.540368421327585, 26.0, 0.0
21, 0 ,1.0,1.0,1.0,277.9335537986465,207.2786842162896,11.385712095661505,12.839305987481717,12.19943946227402,7.189054493678614,49.0,66.0,28.0,-0.9131134002928601,0.4057748965449955,-0.039631446346417326,12.994848374839053,0.4069087827048445,0.9130875190674992,-0.026389867010299033,12.043988811756813,-0.025478633465566603,0.04022332478870354,0.9988658185060039,7.1716703189823665,64.86780567354057,61.3221815343378,30.424694007041673,18.165547639570136,5.94722497484886,45661.0,121024.42349378196, 0.0, 0.0,0.0,NaN, 95.98856644697359,95.98856644697359,NaN, 164.84777824018386, -8.725509123492134, 3.244305873682935, -8.725509123492134, 148.8263231936886, -4.144503765079499, 3.244305873682935, -4.144503765079499, 51.68250451308067, 6.469420537583287, 4.684189892718885, 14.0, 0.0
22, 0 ,1.0,1.0,1.0,52.948742634436044,188.80640746067832,48.378485593652854,13.917373081337695,11.162640544289262,12.998270701769064,73.0,56.0,68.0,-0.9343575971790925,0.034207957297394176,0.3546909869890306,14.055870997248567,0.35031716392342976,0.27036838628875914,0.8967601799568584,12.986574310010452,-0.06522089584142401,0.9621490276215805,-0.26460439034999067,11.001556110019383,70.1386135317803,67.3065015902662,58.35004410091756,21.20628620696425,6.127502260379781,86212.0,275457.99562358105, 0.0, 2.8421709430404007E-14,-7.105427357601002E-15,88.49416531837272, 132.31803443485592,132.31803443485592,0.0, 193.6932734851431, 2.063825390534237, -10.40489110752098, 2.063825390534237, 124.60454392101049, 12.473575889181088, -10.40489110752098, 12.473575889181088, 168.95504123646805, 6.037528027502898, 4.332410518982534, 32.0, 0.0
23, 0 ,1.0,1.0,1.0,91.17891288573989,268.3299009774211,39.37883605787699,11.33960474949774,14.672799450035738,13.556812190391176,62.0,61.0,66.0,-0.05378755222590641,-0.8519000129363925,0.5209349932424575,15.267940645926023,0.2843484146338102,-0.5131586239220332,-0.8098235646050833,13.036415869208676,-0.9572109894483996,-0.10456861218080185,-0.2698379643893663,11.162736495092224,76.09758841432173,68.87929298622971,58.53904622873975,22.03190962957871,6.50075337290954,93716.0,306835.22582982376, 0.0, 0.0,0.0,NaN, 104.24625679801866,104.24625679801866,NaN, 128.5866358748317, -1.6442384404842423, -13.481112554765447, -1.6442384404842423, 215.29104370096906, -29.309642690697228, -13.481112554765447, -29.309642690697228, 183.78715676553878, 5.835154103819188, 4.261852083191828, 34.0, 0.0
24, 0 ,1.0,1.0,1.0,68.70976371934084,62.320833614352196,161.4237876846294,13.520347749897736,12.749545795771644,11.999386323655617,65.0,62.0,58.0,-0.9390211329755859,0.23895903957616488,-0.24726077171699656,13.729298219645584,-0.12791896373409964,-0.9102234121473106,-0.3938655591646749,12.82039633367103,-0.3191802790625415,-0.3382187419167435,0.885286412452949,11.682457004611996,67.15211376235357,63.269083034369004,65.1717194806873,21.2935521321537,5.993382268485795,88962.0,276891.99943030765, 0.0, 0.0,0.0,NaN, 166.75816187650335,166.75816187650335,0.0, 182.79980327816477, -8.42473276317327, 13.4815449070067, -8.42473276317327, 162.5509179984784, 6.922880015122285, 13.4815449070067, 6.922880015122285, 143.98527214433346, 6.260390376581238, 4.3887372072804895, 37.0, 0.0
25, 0 ,1.0,1.0,1.0,124.03751609293596,169.08418861522543,274.40283476314806,13.065368044900888,11.614297861508371,13.151390340900516,68.0,57.0,61.0,-0.7622804536275535,0.32084572577529386,0.5621267919865555,13.294304554482208,0.5679534474467055,-0.0849443907036875,0.8186655800883422,13.117426297398127,0.31041487005421253,0.9433146191699269,-0.11747398737389546,11.390760229602247,75.12965211788797,70.17434319365725,61.232462031465246,20.99067675875242,6.1600579601852985,83111.0,322828.193772544, 0.0, 0.0,0.0,NaN, 182.15232619212392,182.15232619212392,0.0, 170.70384214871723, -13.533918495773994, -0.4586641815342775, -13.533918495773994, 134.89191481583794, 5.531967671695149, -0.4586641815342775, 5.531967671695149, 172.9590678987314, 5.675655955305784, 4.220830784183741, 30.0, 0.0
26, 0 ,1.0,1.0,1.0,276.71619983148724,207.73029736339163,287.3031380366207,13.843492135465386,12.90389235777609,7.536859154996082,59.0,63.0,34.0,0.9750067388377491,0.13612010551055073,-0.1755937814866278,14.00866809596565,0.14820658473656323,-0.9872776337316321,0.05759932442305945,12.912741981864874,0.16551938696630383,0.08218388412009611,0.982776241943828,7.209387705961648,68.11959422851976,63.137898892936505,39.53054821276061,19.23379127474067,6.7095626986943975,48661.0,170018.04375984354, 0.0, 0.0,0.0,NaN, 96.00543567242681,96.00543567242681,NaN, 191.642274504692, 2.354563337959334, -23.719645377494682, 2.354563337959334, 166.5104379810722, -9.974468597180502, -23.719645377494682, -9.974468597180502, 56.80424592224826, 5.634682498326742, 4.342763174757815, 16.0, 0.0
27, 0 ,1.0,1.0,1.0,13.0012528895869,250.03248689759835,81.28731758104078,8.27559464181888,11.896624550225326,13.674209042074557,33.0,57.0,59.0,-0.06597061997171205,0.038410099919191296,0.9970820134395896,13.694122524636807,-0.11220273859748925,0.9926356209775458,-0.04566256035031247,11.935620374036835,-0.9914930270817702,-0.1148877199300263,-0.06117506892115765,8.186031386342863,58.339357073852966,58.51771021400137,36.45537627475757,19.032061257829813,5.89743839046431,56669.0,124454.48379050296, 1.7763568394002505E-15, 0.0,0.0,86.21741480040936, 96.29856147346467,96.29856147346467,0.0, 68.48546667570137, -8.708505648056745, -7.540884779125315, -8.708505648056745, 141.52967568902392, 1.195822201438206, -7.540884779125315, 1.195822201438206, 186.98399292635358, 7.82993470431142, 4.961425445709152, 26.0, 0.0
28, 0 ,1.0,1.0,1.0,60.372961451799526,44.160136410693624,34.275172035807806,11.902774420552955,12.100534214675008,14.683264167528257,62.0,60.0,68.0,-0.3600102482640742,-0.36432395577047744,0.8588717461860014,15.520029114455667,-0.5367836315770836,-0.6720683667126963,-0.5100857215557467,12.031328621321322,-0.763056979534135,0.6446643822299168,-0.046388363501662956,10.866141987510217,80.866266480732,60.1491882114682,56.93788280785681,21.45014832322818,6.602147431859772,82105.0,276948.1555781518, 0.0, 0.0,0.0,NaN, 82.27879155867423,82.27879155867423,0.0, 141.67603890656972, 25.731152826645644, -30.664457926806953, 25.731152826645644, 146.42292828052052, -29.2783260693846, -30.664457926806953, -29.2783260693846, 215.5982466134193, 6.260132937434675, 4.333696122581393, 26.0, 0.0
29, 0 ,1.0,1.0,1.0,135.4355448275862,142.83068965517242,174.93427586206897,12.368051055443319,11.415931224883776,11.86039123881328,58.0,52.0,55.0,-0.868701571328796,0.44854737442682185,0.21014954881151868,12.67198081624489,-0.30895509891927286,-0.1590369504026884,-0.9376854457964011,11.88640375587016,-0.38717480137873495,-0.8794955948163795,0.2767366471501741,11.049676960174226,65.98370244814203,54.493617540800926,58.71372093451967,19.82913139523266,5.546764921070926,72500.0,211116.377105323, 0.0, 0.0,0.0,NaN, 233.20554895684268,233.20554895684268,0.0, 152.9686869100526, -14.052368099881136, -1.465732812366278, -14.052368099881136, 130.3234857312764, 6.489479120095279, -1.465732812366278, 6.489479120095279, 140.66888033771883, 5.609945805627724, 4.102996468749358, 31.0, 0.0
30, 0 ,1.0,1.0,1.0,238.99946845059833,95.25401579090662,185.3039555054257,13.238860747421278,11.396251806216197,11.925137141539198,67.0,56.0,59.0,0.9060317769114374,-0.3722223150859002,0.2013876048290866,13.634441147480912,0.2272516407977691,0.02646572092801939,-0.973476377407527,11.85768991130998,-0.35701976273229613,-0.9277661956375934,-0.10856691600447059,10.993092809938092,74.62954407374488,60.17705330518493,56.13431102063288,20.334915919544724,5.817394563707536,77133.0,252098.4078248484, 2.8421709430404007E-14, 0.0,2.8421709430404007E-14,44.22654000933882, 161.08871778093337,161.08871778093337,0.0, 175.26743388961185, -21.818943712192794, 7.498573401471924, -21.818943712192794, 129.87455523068596, -5.385209964837393, 7.498573401471924, -5.385209964837393, 142.20889584451768, 5.820555027689296, 4.276278408327928, 31.0, 0.0
31, 0 ,1.0,1.0,1.0,275.68159447813923,65.07647695480814,239.71312462986788,14.39810211897105,13.214531992557045,12.792405263939393,58.0,71.0,64.0,0.9273253225456447,-0.3174447313779729,0.1982336719278122,14.632283176259488,0.2600488274705553,0.9274553360589729,0.2687028227371778,13.062321302972636,-0.26915117220031964,-0.19762449781366825,0.9426039488391132,12.682542492542948,66.0603104851661,67.87788971083666,70.25578888612972,22.386961663101733,6.663240978854257,97938.0,315029.37903859006, 0.0, 0.0,0.0,NaN, 91.98282471129698,91.98282471129698,0.0, 207.30534462831864, -13.319315716486406, 10.473249182725755, -13.319315716486406, 174.62385578231368, -0.9147450782913757, 10.473249182725755, -0.9147450782913757, 163.6456324368643, 5.461709992502698, 4.101559354177256, 30.0, 0.0
32, 0 ,1.0,1.0,1.0,131.55527713366743,276.27178547385745,58.84168598997681,12.829417025810136,12.212082604491748,12.303448882095132,63.0,53.0,67.0,0.715044001990146,0.2580788451800332,-0.6496979181807929,13.248458643883533,-0.5884975050214332,0.7238508887797837,-0.3601535469716574,12.839344666631328,-0.3773364040236037,-0.6398712374245756,-0.6694639928444828,11.168407641564588,69.66860396339595,68.81864250391996,60.72351777127162,20.710052906434026,6.0164329771109735,80214.0,291138.83004414284, 0.0, 0.0,-7.105427357601002E-15,49.48116992986856, 146.0553426494824,146.0553426494824,0.0, 164.59394122214698, -7.716191647232299, -15.091910834512133, -7.716191647232299, 149.13496153892996, -18.973839931526665, -15.091910834512133, -18.973839931526665, 151.37485439432797, 6.228097911792136, 4.289225741930435, 23.0, 0.0
33, 0 ,1.0,1.0,1.0,36.07891232742308,176.45797416310415,209.1826453617399,12.238714934636425,13.155803967086321,12.843096868723569,66.0,63.0,67.0,0.23839609376827797,0.8140646939474827,0.5295903856229055,13.555450725877787,-0.4035597750206802,-0.41296465683155065,0.816455571475422,12.592815005311376,-0.8833497667749082,0.40836119585018277,-0.23007460368872584,12.061393962200968,60.10032614013633,65.54303424806812,74.27865973505195,21.208360729783887,6.165378626367508,85614.0,292595.35700533347, 0.0, 0.0,2.8421709430404007E-14,58.02221698782459, 157.5186083169402,157.5186083169402,0.0, 149.78614325129266, 9.611125827015067, 0.5151733120293456, 9.611125827015067, 173.07517802040417, 12.082809563990864, 0.5151733120293456, 12.082809563990864, 164.94513717941715, 5.56987129864732, 4.214757682604194, 41.0, 0.0
34, 0 ,1.0,1.0,1.0,200.5748368618419,175.46576313225265,193.54687453863644,12.502107273255557,10.69088850687929,11.78003500889881,63.0,53.0,56.0,0.9134256241423726,0.26628104328241675,0.3078116878036734,12.746807368923806,-0.3066209670968912,-0.04713094442308534,0.9506641134566696,11.676036993531486,-0.2676512874930459,0.962742478582002,-0.03859673868474755,10.514564668811962,64.72974356764422,56.920358463432564,51.10402974088025,19.462510141217777,5.529711308231766,67734.0,188289.74192297034, 0.0, 0.0,0.0,NaN, 191.64135028165077,191.64135028165077,0.0, 156.30268627198953, 13.002082361629387, 7.086513316261617, 13.002082361629387, 114.29509706652368, 3.1011929319866987, 7.086513316261617, 3.1011929319866987, 138.76922481088158, 5.931701499429889, 4.198763918768814, 33.0, 0.0
35, 0 ,1.0,1.0,1.0,163.2551534479571,9.576978184507302,223.9679238306526,14.2252466136058,6.533181773067829,12.270672731271913,72.0,27.0,66.0,0.9297001179027051,-0.0257704663342126,0.367414716412684,14.55475983193596,0.3682114816779935,0.08894986502891028,-0.9254772964648212,11.916034172362014,0.008831507922918494,-0.9957026687602356,-0.09218568159726091,6.463482839274283,73.0804151948538,62.71983520188566,29.035698162586957,18.705162392612884,6.762130909840027,43272.0,133087.78212577172, 2.8421709430404007E-14, 0.0,2.8421709430404007E-14,28.29439875131243, 156.7537820159684,156.7537820159684,0.0, 202.35764121790328, -0.7922540241992597, 23.941050863971252, -0.7922540241992597, 42.6824640799457, -9.860074743018652, 23.941050863971252, -9.860074743018652, 150.56940927798013, 6.496141860710949, 4.291117334399127, 16.0, 0.0
36, 0 ,1.0,1.0,1.0,104.00404810622231,229.41454079755053,156.82347312793488,12.08922337999756,10.932818506325733,11.969949400902301,59.0,52.0,59.0,-0.826216451435083,0.5421800718492927,0.15299393800904568,12.856187864334304,-0.18326102902643962,-0.0018640867242585846,-0.9830625211149364,11.96652468782844,-0.5327117143617079,-0.8402602542487543,0.10090061700321434,10.023784294189259,59.63954932944445,59.633261226500906,53.99486410605155,19.46104014828316,5.497585600133018,67933.0,192032.7787169889, 0.0, 0.0,0.0,NaN, 190.5220903739229,190.5220903739229,0.0, 146.1493219314796, -29.015471107109445, -0.49521521366895765, -29.015471107109445, 119.52652049225843, 5.453905660639693, -0.49521521366895765, 5.453905660639693, 143.27968866016136, 5.944940597327818, 4.143985558454935, 23.0, 0.0
37, 0 ,1.0,1.0,1.0,51.93058751446661,20.310286609027163,165.65612362992715,12.412090569649884,11.48897826914212,12.274285522015006,61.0,49.0,59.0,0.5587851662912298,0.27949763310410736,-0.7807946023264274,12.749978228325299,-0.7758803578631397,0.5086697448587539,-0.3731819408110416,12.432259621472818,-0.292863121978593,-0.8143317283236182,-0.5010938315629319,10.935797864604396,70.99961863598872,61.70394022960374,58.82157163855614,20.077647695079072,5.796788946147481,73445.0,257694.73041302303, 0.0, 0.0,0.0,NaN, 145.45642227098782,145.45642227098782,0.0, 154.05999230919159, -7.090205716756236, -8.622575828642217, -7.090205716756236, 131.99662166881987, -16.01552728439553, -8.622575828642217, -16.01552728439553, 150.6580850759472, 5.571197739330141, 4.063148241145011, 25.0, 0.0
38, 0 ,1.0,1.0,1.0,186.9166301201649,65.70125427594071,62.94240271321229,11.700474908450502,10.931320598436002,12.586386038450987,58.0,57.0,61.0,-0.5291477826734259,-0.12659926460132545,0.8390323297073836,13.039891775586746,0.6354243023323651,0.5961974429386302,0.4906980385520868,11.6523493174124,0.5623509403363914,-0.7927933118006499,0.23503230558145494,10.440113719877232,66.18448062872628,56.5198409847346,55.057656009812284,19.581448141381536,5.601685934105,68406.0,205956.1735736239, 0.0, 0.0,0.0,NaN, 145.14216966865146,145.14216966865146,0.0, 136.90111308327977, 14.235012325463991, -18.750862165987748, 14.235012325463991, 119.49377002579125, 1.3509186598719702, -18.750862165987748, 1.3509186598719702, 158.41711350891393, 5.371112553278344, 3.937694972029032, 34.0, 0.0
39, 0 ,1.0,1.0,1.0,92.14254747719868,158.6582732341754,106.43493612902346,11.284842840127816,11.569576976190598,13.179611575793373,57.0,56.0,61.0,-0.11060321679565674,0.21716209336011852,0.9698492427392542,13.231775080247376,0.657746718731073,-0.715565309063544,0.23523507915126624,12.464330968634808,-0.7450746153459801,-0.6639329135328712,0.06369382933058258,10.220838143383656,62.706675079727944,57.420189227181766,53.3556566469976,20.05935958509361,5.703248518067267,73351.0,192113.93258109962, 0.0, 0.0,0.0,NaN, 199.48966993185923,199.48966993185923,0.0, 127.34767792638402, -25.649887594396002, 0.29989104217977847, -25.649887594396002, 133.85511140799957, 6.305614224892788, 0.29989104217977847, 6.305614224892788, 173.7021612887867, 6.205125223120561, 4.293688511443815, 28.0, 0.0
40, 0 ,1.0,1.0,1.0,84.22469414789994,207.98753214369205,190.71877191615366,13.865536118507265,12.312371151583378,10.387891367372987,64.0,60.0,52.0,-0.9718351385476713,0.2356587284257514,-0.001194655091159735,13.956592667675888,0.22874407160332572,0.942076229394891,-0.24529273881515087,12.323801137317792,-0.05667991875754121,-0.23865737308087343,-0.9694483199654198,10.251502764216308,64.53492166984992,59.05263048149652,55.12189047997455,20.43199625804792,5.855714405557671,76998.0,210067.1479022813, 0.0, 0.0,0.0,NaN, 165.83871730337592,165.83871730337592,0.0, 192.2530918536295, -10.460236546637757, -2.52081187720945, -10.460236546637757, 151.5944833743426, -10.836021441602472, -2.52081187720945, -10.836021441602472, 107.90828706034222, 5.658847520859858, 4.099964520667506, 21.0, 0.0
41, 0 ,1.0,1.0,1.0,288.07639332146334,76.76762858198677,284.070816676185,8.012454363038476,11.742714578900035,8.76421855081357,36.0,61.0,36.0,0.19132716784133394,-0.964639771201593,-0.18128438063427324,11.91710028961332,0.5150247408556012,0.2558932654741948,-0.8180881083303768,9.190527579683673,0.8355497777825298,0.0631565396541908,0.5457726819349553,7.240111939886168,60.86728259189537,49.52742216354039,38.302841619368564,15.813291928312273,5.370483758255002,29767.0,115467.73105817717, 0.0, 0.0,0.0,NaN, 79.30435092534344,79.30435092534344,9.5367431640625E-7, 64.1994249197743, -12.312916565170914, -16.610039208574516, -12.312916565170914, 137.89134568151144, 8.959647896972188, -16.610039208574516, 8.959647896972188, 76.81152680642471, 6.615560051029608, 4.409709631326279, 9.0, 0.0
42, 0 ,1.0,1.0,1.0,120.95487541217253,235.94294203616246,76.4792313359825,11.878699087724842,12.293856931168417,13.126289508595718,61.0,61.0,67.0,-0.08087219246611742,-0.11861848305801212,0.9896410177244771,13.150642126929807,0.4340002340921113,-0.8980173787700662,-0.07217052192503694,12.397823390793983,0.8972755904925287,0.4236678450200768,0.12410508370863949,11.742932910662633,67.51365146324939,61.16899597401229,58.79056378810844,20.753771342371873,5.815742565896239,82793.0,242789.87662016647, 0.0, 0.0,0.0,NaN, 156.78795038745596,156.78795038745596,0.0, 141.10349201671497, -5.825446215898665, -3.299827180181483, -5.825446215898665, 151.13891824403774, -3.089054765122874, -3.299827180181483, -3.089054765122874, 172.29947626347004, 6.16156963425815, 4.310605375551912, 36.0, 0.0
43, 0 ,1.0,1.0,1.0,24.57771753162923,11.706853306775848,265.1232341116152,13.049082668439025,7.525219096756041,14.533711617133292,50.0,33.0,79.0,-0.26283191911238135,0.09648498872724892,0.9600052235514166,14.730246060799658,0.9583724244637296,0.14113450947535897,0.24820021406651283,12.975261631764067,0.11154227146340327,-0.9852774721800214,0.12956320654928222,7.266270768936444,81.97026060507588,63.68736989281129,35.443464188264684,19.729789196429273,6.990827746150611,54222.0,185031.55238501195, 0.0, 0.0,0.0,NaN, 44.24368217321118,44.24368217321118,4.76837158203125E-7, 170.27855848775576, 11.466873596791787, -13.93851773350943, 11.466873596791787, 56.628922454181804, 19.25546468599695, -13.93851773350943, 19.25546468599695, 211.22877336999522, 5.807530013103394, 4.192438155710153, 22.0, 0.0
44, 0 ,1.0,1.0,1.0,23.606042354301685,188.20084564049438,121.97744958681668,12.601804581259321,12.597320716181862,12.260291167396531,52.0,61.0,58.0,-0.5946445951777544,-0.5514176396717804,0.5850951991639372,13.745511482469144,0.6506780435611863,-0.757527848268515,-0.05262739519546963,12.196005659170108,0.4722455812956556,0.34941400337776335,0.8092551916362679,11.407500492515185,71.43738915176147,63.857266817943284,58.73747666240979,20.815461792679738,5.8761601235339604,83014.0,267948.41074909165, 3.552713678800501E-15, 0.0,0.0,53.512699758503636, 167.13705262100936,167.13705262100936,0.0, 158.80547870424843, 10.109276216381945, -21.098025498262523, 10.109276216381945, 158.6924892263447, -18.23135877034073, -21.098025498262523, -18.23135877034073, 150.3147395093414, 5.990247482348517, 4.292070031841322, 22.0, 0.0
45, 0 ,1.0,1.0,1.0,216.73206945045436,135.88546624837733,206.09057226308957,12.618237434235079,12.576198893200077,11.291888784080797,69.0,58.0,59.0,0.6012961167008896,0.6811751176700519,0.4176642660171217,14.14203779722521,-0.7989971090481442,0.5081243839719264,0.32157927505649,11.667445611249436,0.006826402649817757,-0.52707691040335,0.8497901686572522,10.428850689817061,65.31875428915146,58.07559248085346,53.842607582090594,20.247474527623943,5.909925728239329,73952.0,204247.91280564928, 2.8421709430404007E-14, 0.0,0.0,53.037218326107116, 184.97942808165683,184.97942808165683,0.0, 159.21991594673148, 26.258013687869923, 15.881025514129213, 26.258013687869923, 158.16077860132683, 30.42900999389285, 15.881025514129213, 30.42900999389285, 127.50675231204968, 5.734089193849537, 3.884519900487962, 29.0, 0.0
46, 0 ,1.0,1.0,1.0,125.54437332539446,91.82729979160464,213.1290711521286,12.68946364869393,10.364404191800148,12.13316005209057,62.0,51.0,65.0,0.7564193943191297,0.12852505762808958,0.641335333082138,13.585664191968322,-0.6074216079037632,0.5017398078866223,0.6158702423672563,11.61209636439373,0.2426287084198575,0.8554171349368631,-0.45759461874777346,9.810498523483867,67.21873693178094,57.90535398194659,52.81027556120223,19.58881035852528,5.6511453290389415,67180.0,205554.74295146947, 0.0, 0.0,0.0,NaN, 178.1577978635097,178.1577978635097,0.0, 161.02248769152467, -3.1756799743788604, 28.40971626816858, -3.1756799743788604, 107.42087425100449, 19.206452567832446, 28.40971626816858, 19.206452567832446, 147.21357284964645, 6.18594243183142, 4.207902352464197, 37.0, 0.0
47, 0 ,1.0,1.0,1.0,107.61748905241298,211.0366725354762,279.56689690457915,11.85264207407687,12.15485015789741,11.295130442206982,61.0,58.0,46.0,0.5436259958281165,0.8057735907789855,0.23494615779584188,12.282828957205155,-0.6968266049490331,0.5893247975858286,-0.40881409660825757,11.922232171010183,-0.4678711994717055,0.05852523689453961,0.8818567555739116,11.081424595789091,61.61681137945766,64.95160443321853,55.281643702714206,19.551620155837195,5.791340732980559,66453.0,221243.2610463932, 0.0, 0.0,0.0,NaN, 141.11523406639844,141.11523406639844,0.0, 140.48512413617726, 4.352943872801367, 9.095073998426887, 4.352943872801367, 147.7403823609387, 0.6541385978591769, 9.095073998426887, 0.6541385978591769, 127.57997170647091, 5.305128024520665, 3.9889783690075657, 26.0, 0.0
48, 0 ,1.0,1.0,1.0,279.6231504468719,233.50350049652434,46.28284508440914,11.102386540601776,12.32179778909955,14.319069917619977,48.0,62.0,68.0,0.24155008816076895,0.0010473397272331361,0.9703877874277997,14.506576988659626,0.1706431632494777,-0.9844621767039684,-0.041414169984402775,12.367005580246426,0.9552666987526244,0.17559363803617928,-0.23797564693783796,10.804714156715496,71.28895074762775,59.94644938960545,55.13174361425678,20.984162549410428,6.307961085644374,80560.0,235606.58019332337, 0.0, 0.0,0.0,NaN, 83.5410210198198,83.5410210198198,0.0, 123.26298689693546, -6.057761028128406, 21.706937610694784, -6.057761028128406, 151.82670075545855, 1.5711672999778332, 21.706937610694784, 1.5711672999778332, 205.03576330568936, 5.7629872869530026, 4.074462211551857, 20.0, 0.0
49, 0 ,1.0,1.0,1.0,224.823781844277,232.54438464298528,166.73827054180123,13.973119097605831,10.562653635286962,11.227641004248474,72.0,54.0,59.0,-0.994230590301598,0.09514495420111184,0.04952747720815164,14.005150457731734,-0.07537272730840962,-0.2911735246546552,-0.9536964561737017,11.291545922706467,0.07631831553845887,0.9519272116240048,-0.2966649599853664,10.451525390434968,72.60121952179503,54.524200801576,54.60828227633374,19.937505634191382,5.9475625883032235,69675.0,216168.16713711835, -2.8421709430404007E-14, 0.0,0.0,6.1576123341324625, 167.21367275907954,167.21367275907954,0.0, 195.24805731587682, -7.820481454659846, -2.9666812240798635, -7.820481454659846, 111.56965181904089, 5.481469656971201, -2.9666812240798635, 5.481469656971201, 126.05992252028166, 5.5098428834092035, 3.9657345558785217, 34.0, 0.0
