// Sample: .//bubblelabels.tif, Map: .//bubblelabels.tif, Thickness:(8.191250068658265):/gpfs/home/mader/Foam/NewValid/InSilicoTest/LatticeData_OldFoam/out_Step_07000.vtk/distmap.tif, Neighbors:(1.0):
//LACUNA_NUMBER, TRIANGLES, SCALE_X, SCALE_Y, SCALE_Z, POS_X, POS_Y, POS_Z , STD_X, STD_Y, STD_Z,PROJ_X, PROJ_Y, PROJ_Z, PCA1_X, PCA1_Y, PCA1_Z, PCA1_S, PCA2_X, PCA2_Y, PCA2_Z, PCA2_S, PCA3_X, PCA3_Y, PCA3_Z, PCA3_S,PROJ_PCA1, PROJ_PCA2, PROJ_PCA3,OBJ_RADIUS, OBJ_RADIUS_STD, VOLUME, VOLUME_BOX, Mask_Grad_X,Mask_Grad_Y,Mask_Grad_Z,Mask_Angle, Mask_Distance_Mean,Mask_Distance_COV, Mask_Distance_STD, SHAPET_XX, SHAPET_XY, SHAPET_XZ, SHAPET_YX, SHAPET_YY, SHAPET_YZ, SHAPET_ZX, SHAPET_ZY, SHAPET_ZZ, Thickness, Thickness_STD, Neighbors, Neighbors_STD
1, 0 ,1.0,1.0,1.0,78.86988419425073,135.9140410526648,39.61486699693919,18.027006969037902,17.270242375835966,18.96715085863906,97.0,91.0,87.0,0.39953907779078024,-0.3881692439780957,0.8304776717935082,19.50847010629754,0.8385925431007498,-0.2111926523345459,-0.5021555638004188,17.911125806228544,-0.3703121277704928,-0.897063153646037,-0.24113611591115344,16.7808888364527,96.23198197971962,91.18482135194479,89.86445492715222,30.173249901095964,8.518336344762599,253528.0,788551.2537356921, 0.0, 0.0,0.0,NaN, 162.0568507507941,162.0568507507941,0.0, 324.97298026174116, -22.29533074750991, 16.331538262026175, -22.29533074750991, 298.2612717201203, -27.750174353664317, 16.331538262026175, -27.750174353664317, 359.7528116943723, 7.925699839374869, 6.224477798223634, 42.0, 0.0
2, 0 ,1.0,1.0,1.0,54.74387097770843,259.738989387175,13.812360001853769,18.845660513559217,19.850526656362522,9.229760104120535,110.0,95.0,38.0,-0.23327433283173415,0.9722544057919659,-0.017448669290840643,19.916842892841114,-0.9703139835261014,-0.2315560216736425,0.06980388384885827,18.813115717533112,0.06382678916895698,0.03321414224073142,0.9974081219538942,9.152969271634875,105.66080552164561,112.98655077305949,41.60086091073497,27.18276813386137,9.771791897472365,129466.0,496641.4764277752, 0.0, 0.0,0.0,NaN, 69.34422596013891,69.34422596013891,0.0, 355.158920192325, -10.267893593076787, -17.024532636665743, -10.267893593076787, 394.04340853495904, -9.674947328390378, -17.024532636665743, -9.674947328390378, 85.18847157961511, 8.026182228278962, 6.05176481879214, 25.0, 0.0
3, 0 ,1.0,1.0,1.0,259.7386555036786,140.42791149345197,126.62212992884143,17.44462717048166,16.798788945861705,15.244997432245194,89.0,88.0,76.0,0.7874525132715849,0.5045281129610901,-0.3540761536367352,18.125696583718245,0.5710286559965403,-0.8134023319261379,0.11091853067862614,16.50823371524225,0.23204485207185382,0.28953070588288493,0.928615720832848,14.760136070910681,98.85950561123263,94.89309966695124,76.5809183191507,27.410633399337417,8.220793788980245,182269.0,718412.09792636, 0.0, 0.0,-1.4210854715202004E-14,69.2631654022415, 193.32391982054534,193.32391982054534,0.0, 304.3150171171069, 18.58364046541404, -27.39734041904908, 18.58364046541404, 282.1993100476055, -24.70341102326841, -27.39734041904908, -24.70341102326841, 232.40994670916257, 6.7940305062432795, 5.644262617729552, 41.0, 0.0
4, 0 ,1.0,1.0,1.0,77.75492598176959,17.386171269960936,261.95737098211225,16.65258021637233,10.531673330978249,17.096883909996983,81.0,45.0,77.0,-0.5482809138170481,0.17194903780560872,0.8184262752023967,17.43245751304444,-0.8184395169807106,0.09081726150124957,-0.5673702336726834,16.523946728239427,0.171885998814111,0.9809106755516219,-0.09093651632065347,10.17824248204342,94.66583230339765,91.51773366179268,48.90917572187871,24.767391090806697,8.191724421640055,116728.0,423729.65351668163, 0.0, 0.0,0.0,NaN, 88.29127413539527,88.29127413539527,9.5367431640625E-7, 277.308427862715, -31.477510095951473, -11.19460188056606, -31.477510095951473, 110.91614315043849, 19.455936778145, -11.19460188056606, 19.455936778145, 292.30343943191366, 7.69252267334061, 5.90989458192701, 23.0, 0.0
5, 0 ,1.0,1.0,1.0,188.2174694720353,113.1609764201882,236.22105925213904,15.982959964750368,14.97577418578059,16.289497880739145,81.0,88.0,82.0,0.15199226763997217,0.13471827736123976,-0.9791574624760204,16.30185548981045,0.9174050515871432,0.34940708267565185,0.19048008268184266,16.160646672618952,-0.3677857010543648,0.927235502081812,0.07048405336697983,14.770225780840907,81.48672355718381,84.0145980545293,84.9066184280164,26.279939412206414,7.378438005133053,168534.0,581277.0205646547, 0.0, 0.0,0.0,NaN, 171.37238400198822,171.37238400198822,0.0, 255.45500923481308, 14.760256406562831, 0.4326602190054715, 14.760256406562831, 224.2738124634923, -3.4154077961156553, 0.4326602190054715, -3.4154077961156553, 265.3477412066051, 7.003041661652722, 5.68067781866158, 39.0, 0.0
6, 0 ,1.0,1.0,1.0,274.8140704106507,205.9597435777236,208.40213646165384,15.208236914056034,16.132861754189005,17.377146654167746,61.0,88.0,86.0,-0.32182828228751376,0.34123637580180843,0.8831671939952908,17.926344576189237,-0.1688548244451908,-0.9385255179841662,0.301094504025128,15.884559873264807,-0.9316193455384298,0.052226314461208914,-0.3596634636661705,14.827402065860374,93.15875770763162,85.45280190548834,73.77249412633068,26.9877809862612,8.073698142237996,170656.0,587278.9874973327, 0.0, 0.0,0.0,NaN, 133.6714983907813,133.6714983907813,0.0, 231.2904700340566, -6.001642698052383, -30.50040555311033, -6.001642698052383, 260.26922837977435, 21.41473301549065, -30.50040555311033, 21.41473301549065, 301.96522584045323, 7.777985629718873, 5.977676735127817, 34.0, 0.0
7, 0 ,1.0,1.0,1.0,263.46933249874445,279.8517173364,27.436703471064757,18.244631341005906,11.6459416977611,16.006593271467306,80.0,50.0,68.0,-0.9877031103382128,0.14698275396012556,0.053278850086290144,18.37282888210122,-0.05299816320433179,0.005828001886563971,-0.9985776029387886,15.999373921371934,-0.14708419536166084,-0.989121885528931,0.0020334803921846756,11.452718103061772,82.54199949540171,70.25796204214922,56.977723043813114,25.65254521217866,8.16409720007068,137393.0,330427.072791519, 0.0, 0.0,-3.552713678800501E-15,86.9459006762854, 49.932110507555656,49.932110507555656,0.0, 332.866572769215, -30.00217106405037, -4.255755023361226, -30.00217106405037, 135.62795802765066, 0.8899140408620512, -4.255755023361226, 0.8899140408620512, 256.2110281581824, 7.146563943737326, 5.742966718273496, 18.0, 0.0
8, 0 ,1.0,1.0,1.0,277.076943787108,206.76908361791672,285.0769296169815,13.098756477347605,15.929496622869193,8.904820071657504,53.0,83.0,39.0,0.039831599974293724,0.9870844195255586,-0.15517020452837993,16.069912296794605,0.9978494524026893,-0.04738544762059404,-0.0452889577430155,13.103551219305926,0.05205683416363841,0.15303257196978473,0.9868490856930314,8.641583687947884,82.48564922026148,55.36390586319277,44.45447748174479,21.29581598811062,7.149148608047936,70571.0,203011.49452709113, 0.0, 0.0,0.0,NaN, 97.16052853519753,97.16052853519753,0.0, 171.57742125285583, 2.6295202838944554, -5.519317110714293, 2.6295202838944554, 253.74886265800103, -27.907729165827604, -5.519317110714293, -27.907729165827604, 79.29582050859435, 6.98338774184933, 5.684034720333943, 12.0, 0.0
9, 0 ,1.0,1.0,1.0,154.19231459061967,178.03064299165993,15.354685678414493,16.851152427017965,16.515623432125818,9.640476812539076,82.0,78.0,41.0,-0.7390071213593192,-0.6734815606921479,0.017060538909447646,18.429334115339447,-0.6728150852782092,0.7390981350660061,0.03246240539498194,14.740757115464795,0.034472243940427444,-0.012511360822092615,0.9993273388875594,9.629936259993611,86.66080376665559,74.32585366151605,41.92513236389981,24.28768269158218,7.7313917321852825,111510.0,270045.5724036444, 0.0, 0.0,-1.7763568394002505E-15,89.02245569936076, 190.7148959723693,190.7148959723693,0.0, 283.9613381185934, 60.94846974301718, -5.833353370761424, 60.94846974301718, 272.7658173517833, 0.15149348970373192, -5.833353370761424, 0.15149348970373192, 92.93879317310359, 8.630393770882586, 5.947415224153632, 17.0, 0.0
10, 0 ,1.0,1.0,1.0,44.08724775436065,256.4386722735077,213.4368608325661,17.091127464195097,20.821497321080507,14.363414707562974,85.0,89.0,78.0,0.20153519138931394,-0.9756013688466763,-0.0870949811192618,20.986258643358823,0.9206220486936189,0.21903379290644004,-0.32323248757540235,17.262918480729997,0.33442280139194547,-0.015038838702194194,0.9423031482700526,13.911062663660209,94.25764874489022,89.90225598430435,80.34577908979801,29.126863931207172,9.141929133579001,200945.0,680848.1447297694, 0.0, 0.0,0.0,NaN, 106.46338220425731,106.46338220425731,0.0, 292.106637997364, -27.475775970037706, -35.4276694822792, -27.475775970037706, 433.53475069176267, 13.581727111747592, -35.4276694822792, 13.581727111747592, 206.30768206143634, 7.515890376194216, 5.469351670872422, 32.0, 0.0
11, 0 ,1.0,1.0,1.0,14.42738432483475,168.3831728045326,12.766742209631728,9.084461817323719,17.390800432908488,8.348640181529987,35.0,82.0,34.0,0.0477659419440816,-0.9978791232083152,0.04422296072401567,17.41886718096878,0.9711331748327074,0.03603573065929969,-0.23580030291582768,9.099936386206918,0.23370659282429393,0.05420960782788992,0.9707948016391545,8.272931946237419,82.40807255493417,41.925391635182024,39.74112020967695,19.959043969080334,7.503582006527596,52950.0,137305.20135857878, 0.0, -2.8421709430404007E-14,0.0,3.7322621203347537, 133.01927802429694,133.01927802429694,0.0, 82.52744651041256, -10.69722758388239, -2.793699267308113, -10.69722758388239, 302.43993969725005, -10.491358502194782, -2.793699267308113, -10.491358502194782, 69.69979288065706, 9.102082211415198, 5.724264421163294, 11.0, 0.0
12, 0 ,1.0,1.0,1.0,22.132117848176414,131.32341012967876,188.78430264579026,14.074827606214205,15.968636783575588,15.611994052591067,61.0,75.0,75.0,-0.46220523973022165,-0.6680735439814854,-0.5831329661388961,16.374419215212214,-0.1488876540499841,0.7067195728794227,-0.691650136832646,15.866334567469144,0.8741846388706563,-0.23286301797654446,-0.4261173923010354,13.30301897789274,86.74337346177128,85.17999680406196,66.37217649294881,25.26170575016146,7.660203245396622,139807.0,490410.75587348576, 0.0, 0.0,0.0,NaN, 173.50677227853834,173.50677227853834,0.0, 198.1007721446495, 20.27887939441297, 32.267448309667124, 20.27887939441297, 254.99736072576334, -1.0375749721346137, 32.267448309667124, -1.0375749721346137, 243.73435829813883, 6.99679033584993, 5.185454712289217, 25.0, 0.0
13, 0 ,1.0,1.0,1.0,123.1565363059169,234.9290840278783,76.56255041052262,14.328692015437824,14.504137734648806,16.480516890133497,75.0,70.0,78.0,-0.15279820146920164,0.3811518044017385,0.911798229669852,16.897814143287857,0.8201762437855273,-0.46580967858354033,0.3321630209215991,14.406382215593485,-0.5513289750753544,-0.79858915929231,0.24143677413178194,13.935885041935562,80.66719110936637,70.03271533201905,71.46811440189975,25.196251591905995,7.24139275155521,145059.0,403747.8511967975, 0.0, 0.0,0.0,NaN, 158.94521278001852,158.94521278001852,0.0, 205.31141487327164, -10.413402208901406, -9.090941149268893, -10.413402208901406, 210.3700114256634, 29.6760280718403, -9.090941149268893, 29.6760280718403, 271.6074369659755, 6.579831093122393, 5.137137735090575, 32.0, 0.0
14, 0 ,1.0,1.0,1.0,191.1641364188851,279.8487809528349,60.49193260087228,16.718319613801786,12.063561385353692,15.010882885416503,76.0,53.0,77.0,-0.9426404000816704,0.0562009863905794,0.3290448681602488,16.92980256914721,0.3327804006989493,0.23557398227429027,0.9131057462233385,14.942116475697125,0.026196966322770857,-0.9702300490111397,0.2407641396706023,11.85214196689836,80.47684191032627,74.5336936378271,59.581976380068056,24.43639805798361,7.295257292172964,125877.0,357386.7723501219, 0.0, 0.0,0.0,NaN, 126.13719015549043,126.13719015549043,1.9073486328125E-6, 279.5022107092295, -1.2518145750735437, -20.17196008378488, -1.2518145750735437, 145.5295132981967, 20.51183247978287, -20.17196008378488, 20.51183247978287, 225.3266049996901, 7.0340514467863695, 5.527912957827553, 26.0, 0.0
15, 0 ,1.0,1.0,1.0,172.62083505337029,100.21070944152858,12.035545792298166,14.252547695795766,15.41842276374693,7.540509320637305,69.0,76.0,30.0,-0.3228999012004787,-0.9448633480836781,-0.05448767982602654,15.599503231942803,0.9446043929696769,-0.318164250385403,-0.08058567216995317,14.10706454490549,0.05880641620698806,-0.07749040730824197,0.99525727437085,7.440993616423638,80.20222309453715,69.27662123720981,33.31292746360033,21.15280358666169,7.0909137338794475,67828.0,185091.2565407823, 0.0, 0.0,0.0,NaN, 162.51920597822792,162.51920597822792,0.0, 203.1351158209332, 14.181076036699203, -7.626906783535944, 14.181076036699203, 237.7277605216295, 13.360529273109378, -7.626906783535944, 13.360529273109378, 56.85928081461808, 7.374720464709296, 5.272378193512066, 22.0, 0.0
16, 0 ,1.0,1.0,1.0,219.50093025910283,29.517829014952632,262.7375356694441,14.86814030012999,16.866439781523056,17.02550852288782,84.0,71.0,74.0,0.3175397080402396,0.4871915618002133,-0.8135188479244894,17.639777920856037,-0.19604483111064047,0.8731147392603352,0.446359805853033,16.619261618627462,-0.9277580277273381,-0.017749202715208957,-0.37275998684200895,14.423754903128195,89.2272248810236,92.12080922708047,76.3553994901938,27.04988560543014,7.981855428661475,175220.0,627617.2678060387, 0.0, 0.0,0.0,NaN, 93.48739865292944,93.48739865292944,0.0, 221.06159598434954, 4.286391929406401, -32.6016876972614, 4.286391929406401, 284.47679090374345, -14.307713511193619, -32.6016876972614, -14.307713511193619, 289.8679404629258, 7.61665723148056, 5.553112140030326, 34.0, 0.0
17, 0 ,1.0,1.0,1.0,158.6466544214117,254.32241756319425,279.5435231347853,17.252086110450872,14.866572094261445,10.994874854193723,82.0,83.0,48.0,-0.8942761169545108,0.42586973571228764,-0.13749616303413392,17.93886410813446,0.44361166911710603,0.8840914127106929,-0.14693897030518174,14.235343088529854,-0.058982316569443693,0.19239891417458177,0.9795426198775343,10.727948346137621,86.16035177120837,74.23361066212493,51.61451664725422,24.087358718023133,7.702977609011215,114330.0,330126.1391962661, 0.0, 0.0,0.0,NaN, 149.95225003069496,149.95225003069496,0.0, 297.63447516241195, -44.38708978642604, 19.71020946032606, -44.38708978642604, 221.0149658338731, -23.478425170947123, 19.71020946032606, -23.478425170947123, 120.88727305938143, 7.581722784908302, 5.529925987596658, 29.0, 0.0
18, 0 ,1.0,1.0,1.0,235.01077633235417,243.15338648762065,10.737406630297944,14.913056226649775,13.678662411188677,7.182414283247934,67.0,65.0,30.0,-0.9933608937551457,0.050657056824042784,-0.10328599785016528,14.975869727828716,0.056290170085761516,0.9970398870889658,-0.052372514789134995,13.69209472826618,-0.10032722217670877,0.057838794485603126,0.9932719276928941,7.024385678618211,67.98016645840914,64.83790223972517,33.23175909697419,20.372558511827787,6.786087679716546,59575.0,146475.33834893737, 0.0, 2.8421709430404007E-14,0.0,87.09632166437166, 87.00820973846947,87.00820973846947,0.0, 222.39924601921766, -1.0504150083937, 17.541126058637715, -1.0504150083937, 187.10580535926604, -8.128164864249069, 17.541126058637715, -8.128164864249069, 51.58707493620393, 7.12741135225244, 5.128769004237083, 11.0, 0.0
19, 0 ,1.0,1.0,1.0,272.247096292054,65.91669169361428,238.2437508293814,15.756966824493164,16.127726150630462,13.739270372960613,72.0,82.0,70.0,-0.5978023804573098,0.7997493062297661,-0.05507595759114695,16.58459714474083,0.7993855301247121,0.5998629774554106,0.03387008275104109,15.285654021791037,-0.060125603088923216,0.023779307461266712,0.9979075389984065,13.727819322528205,88.043470906599,79.52838953091995,70.06889616591133,25.31072136113976,7.518010964205823,143179.0,490619.2893783766, 0.0, 0.0,0.0,NaN, 94.49374698717926,94.49374698717926,0.0, 248.28200350817815, -19.727261926876945, 4.074880669702351, -19.727261926876945, 260.10355078972964, -2.8959731532356385, 4.074880669702351, -2.8959731532356385, 188.76755038131324, 6.09349986069218, 4.917408576973888, 29.0, 0.0
20, 0 ,1.0,1.0,1.0,277.6587875807811,207.28715931441417,12.389786456869908,13.220644560207836,13.684722934866707,7.772679904037103,55.0,72.0,31.0,0.4126397292198641,-0.9099325467211641,0.04184751231428082,13.798840211704585,0.9080222685005213,0.4145496864288992,0.06036652539999159,13.125847227562856,-0.07227733930163682,0.013088846367720208,0.9972986856124085,7.731479848810787,66.04757724816928,63.488151251283966,32.46593944240081,19.551027871168035,6.34262930202065,56944.0,136137.42961467986, 0.0, -2.8421709430404007E-14,0.0,24.503968349742625, 96.16812054313172,96.16812054313172,1.9073486328125E-6, 174.78544258735306, -6.6972024185328385, 8.423004194594355, -6.6972024185328385, 187.2716418040669, -2.158660932543216, 8.423004194594355, -2.158660932543216, 60.414552890622225, 7.5393230011218275, 5.564569188844713, 12.0, 0.0
21, 0 ,1.0,1.0,1.0,40.76145843233877,85.1893885667912,36.945641445564675,13.302596194632875,13.874967972540967,17.308346775900684,62.0,70.0,80.0,0.2412728299255495,0.02611653297706632,0.970105843836112,17.540926646496967,-0.15955562201606574,-0.9849668280885703,0.06619932815525677,13.898360489505995,0.9572509728502675,-0.17075794057787996,-0.23347869433166268,12.969353798755028,82.81200363334278,71.83156455923327,61.09296444972727,24.828526941726,7.252373389124314,136777.0,363412.46339801466, 0.0, 0.0,0.0,NaN, 101.40862310345823,101.40862310345823,0.0, 176.95906551746103, 4.801576147807741, 32.38306472173301, 4.801576147807741, 192.5147362390376, 1.9063227296556189, 32.38306472173301, 1.9063227296556189, 299.5788681148316, 6.838777786670141, 4.9395875025611975, 22.0, 0.0
22, 0 ,1.0,1.0,1.0,69.87522780992097,63.68360484827262,159.59065044209052,14.575670648700708,14.282621547499263,14.06496077427597,71.0,65.0,70.0,-0.8509967375855619,0.4875142982280116,0.19528021313481708,14.62297103001135,-0.49981029622226997,-0.6376738372460122,-0.5861414036579852,14.519736977621033,-0.16122723221880647,-0.5964074834500285,0.7863230209499574,13.769986603717541,79.362577645203,78.02960338170831,80.29666952810602,23.855510095525712,6.721697166096511,125653.0,497247.6013158324, 0.0, 0.0,0.0,NaN, 169.27177683014526,169.27177683014526,0.0, 212.45017485939533, -3.2876687638877615, 2.1889984133374747, -3.2876687638877615, 203.99327826909024, 10.233356139334012, 2.1889984133374747, 10.233356139334012, 197.82312158192173, 7.010081062904398, 5.100058880793961, 29.0, 0.0
23, 0 ,1.0,1.0,1.0,65.61936723832052,42.01984772324069,34.73142371377883,14.612390559014408,13.319753438935418,16.527528604948607,77.0,69.0,76.0,-0.12245769472812992,-0.017017221583995677,0.9923278325087097,16.553845802135893,0.9106657287209768,0.39558546816182844,0.1191640378313827,14.856691769997674,0.39457831102959084,-0.9182715020889781,0.032945484004449785,13.013296666140794,79.16572078950533,80.53798396107761,62.095699589012995,24.74175945701056,7.207102766159113,135280.0,395912.7141654249, 0.0, 0.0,0.0,NaN, 85.31026170765125,85.31026170765125,0.0, 213.52195784917342, 18.725938785963233, -7.145812611844821, 18.725938785963233, 177.4158316740319, 0.6540517987027527, -7.145812611844821, 0.6540517987027527, 273.15920178739447, 6.433349706745849, 4.935469140345086, 23.0, 0.0
24, 0 ,1.0,1.0,1.0,28.494176023642517,282.9261901069933,137.80950991033723,15.359482965228105,10.821005788139688,16.815917855148456,64.0,47.0,104.0,0.14538010573804722,0.013121488080234419,0.9892888614586514,16.84771374920549,-0.98928133272829,0.015750895442421607,0.14517008647824237,15.326490565609229,0.013677337859856854,0.9997898458392755,-0.015270710060280855,10.818327269236647,102.97115722782276,65.78189676474068,48.06571329577983,23.994521346588954,7.748930370399437,109633.0,325579.7437359799, 0.0, 0.0,0.0,NaN, 141.75646042863863,141.75646042863863,0.0, 235.91371695913236, -1.5183761058866825, 7.063907510308869, -1.5183761058866825, 117.09416626695264, 2.434846754120185, 7.063907510308869, 2.434846754120185, 282.7750933111006, 6.964394079836748, 5.12940278255592, 19.0, 0.0
25, 0 ,1.0,1.0,1.0,281.4063947589006,104.13526271672475,168.37495036837694,11.789900293627861,13.014161113470914,14.963777821896,49.0,64.0,73.0,0.12101870638251849,-0.060840449052487144,0.9907839888010871,14.998700056632371,0.5074562400731362,-0.8540460592711775,-0.11442680216718168,13.676692261432358,0.8531369392520385,0.5166273012554247,-0.07248168376354941,10.966853264331746,71.9006858473895,71.04848565848133,58.081011224201006,22.06016833642768,6.755276315047149,90668.0,296703.06170199485, 0.0, 0.0,-2.8421709430404007E-14,7.784724197556868, 168.86393572184193,168.86393572184193,0.0, 139.00174893368632, -29.712677298751064, 8.674893057930086, -29.712677298751064, 169.36838948737852, 0.215496191403903, 8.674893057930086, 0.215496191403903, 223.9146467030666, 6.858619828024163, 5.2211066565956274, 16.0, 0.0
26, 0 ,1.0,1.0,1.0,33.766613801497435,180.56152399218087,207.36356729244275,15.196905251242374,15.601221740255825,14.352055553421671,69.0,73.0,75.0,0.5909237633532417,-0.767529387238562,0.24841043784358033,16.814364709320365,0.6382325222591028,0.2564488909433425,-0.7258741033159359,14.701416021941215,-0.4934251244466846,-0.587479877152509,-0.6414039604692561,13.471119255063504,95.03462201337791,76.01164655498901,67.3148424621483,24.960912551894793,7.568248951309487,135565.0,486264.7921198402, 0.0, 0.0,2.8421709430404007E-14,75.61652999408483, 154.87815347385714,154.87815347385714,0.0, 230.945929215238, -40.249857576892005, -1.194512554378921, -40.249857576892005, 243.39811978863102, -25.756956685004273, -1.194512554378921, -25.756956685004273, 205.98149860850185, 6.586394681430147, 4.930659826801118, 35.0, 0.0
27, 0 ,1.0,1.0,1.0,123.98680265875791,187.34611273197822,114.16982936689733,14.00136350863148,13.932260412674951,15.169657175639111,70.0,71.0,73.0,-0.17211539397975303,-0.31822343635575845,0.9322607659389764,15.299415720952476,-0.7372197089703876,-0.586088564903017,-0.3361655764582976,14.419285390997812,-0.653363139349636,0.7451402811845937,0.13372572488243809,13.352027806452297,75.13499930211907,68.22132002175576,66.03198552355641,23.94039305174876,6.864556770947441,124419.0,338467.33460595005, 0.0, 0.0,0.0,NaN, 202.72734272367993,202.72734272367993,0.0, 196.03818010083722, 15.862346724422345, -1.6073360192540453, 15.862346724422345, 194.1078802065896, -10.713101391481429, -1.6073360192540453, -10.713101391481429, 230.11849882641917, 6.326413265014291, 4.7652452829330185, 31.0, 0.0
28, 0 ,1.0,1.0,1.0,31.815104628480228,14.026777797481824,71.35255586096825,17.551016123168417,8.976808818783178,14.203066835695303,73.0,36.0,72.0,0.995126508358648,-0.0029114687654798266,-0.09856346032659863,17.58107459760886,-0.09852310274671935,0.011732173683051142,-0.9950656030261672,14.166494348221438,0.004053466058168181,0.9999269370560522,0.011388150096346668,8.975779907008164,76.36053191493725,68.68903033548247,36.66251592807493,23.07210581884691,7.61749986201912,90224.0,192299.69491453556, 0.0, 0.0,0.0,NaN, 79.37341246156466,79.37341246156466,0.0, 308.03816695571766, -0.8009652950701254, -10.63820782859702, -0.8009652950701254, 80.58309656898345, -1.3367925935461755, -10.63820782859702, -1.3367925935461755, 201.72710753922777, 6.8400272675747775, 5.209575602581737, 16.0, 0.0
29, 0 ,1.0,1.0,1.0,234.35448600667058,274.19413829628917,95.19800758099673,13.796101658115486,13.347011080344792,14.492327626857188,69.0,60.0,71.0,-0.33427556176436196,-0.42156851054348343,0.8429352523920618,15.050163934481496,-0.9326954228250111,0.2764814810310335,-0.23159714784116067,13.645626830337621,-0.1354219223331083,-0.8636191183415494,-0.48561602258015557,12.876028880694323,76.88727662430864,73.29402888472998,67.62951837061848,23.141990189380863,6.553699402527844,114233.0,381117.91849133297, 0.0, 0.0,0.0,NaN, 118.4817988262795,118.4817988262795,0.0, 190.33242096105684, 3.292556125025758, -12.698940927620377, 3.292556125025758, 178.14270477884665, -22.882452654870175, -12.698940927620377, -22.882452654870175, 210.0275600441681, 6.08545649194817, 4.689041919253262, 23.0, 0.0
30, 0 ,1.0,1.0,1.0,135.14261410788382,25.29463070539419,250.84363485477178,15.033836297842859,13.485336965734119,13.767916209302722,75.0,60.0,68.0,-0.9863524407508939,-0.132540803992876,0.09768212682817619,15.04328200650624,0.160970312898029,-0.6515873587328601,0.7412978296913098,14.790280438765926,-0.034603771330080704,0.7469048461594404,0.6640299163390747,12.343959440612917,71.73702719777,74.0915506587549,66.16721927732408,23.53278092916112,6.605625284269209,120500.0,351685.8890415342, 0.0, 0.0,-2.8421709430404007E-14,84.3942874160538, 146.0126457698979,146.0126457698979,0.0, 226.01623383033746, 2.702371546288771, 0.7980177180144749, 2.702371546288771, 181.8543130793951, -33.019556582972236, 0.7980177180144749, -33.019556582972236, 189.55551674638062, 7.877231546240971, 5.281370779308864, 21.0, 0.0
31, 0 ,1.0,1.0,1.0,20.00757611230252,251.27715085734621,80.86923012089939,11.811064288431364,14.472853187825226,15.40790685148173,49.0,81.0,81.0,-0.00850392619221435,0.28304589059935376,-0.9590686664958541,15.490576956173287,-0.2808236016028054,0.9198296106020094,0.2739554566760526,14.602384393519724,-0.9597217242628963,-0.27165881409329323,-0.07166380329901118,11.540394627329857,79.26805882672856,85.35529674737094,55.23611450809173,23.127082170220454,7.176794748189378,106783.0,373724.716251127, 0.0, 0.0,0.0,NaN, 96.50933380152595,96.50933380152595,0.0, 139.50123962545868, -20.934439143342942, -5.287557075262977, -20.934439143342942, 209.4634793963428, -8.81408899757478, -5.287557075262977, -8.81408899757478, 237.40359354393763, 7.007135366979711, 5.34156830386996, 18.0, 0.0
32, 0 ,1.0,1.0,1.0,166.82700937761135,11.669400513756925,219.48269939030052,15.236906039344719,7.747248223904671,14.108424195546853,73.0,32.0,73.0,-0.9528793089103443,-0.011456846252883469,-0.3031332435159201,15.355667907146538,-0.30259968042345414,0.1061242837534492,0.947191147448835,14.035605436278313,0.02131797500157339,0.9942868686006847,-0.10459047217637514,7.644346743747959,72.0824476965384,72.87078895386779,34.846304682673804,20.974855022678547,7.161441946547178,64622.0,183037.35303185714, 0.0, 0.0,2.8421709430404007E-14,72.35410944022375, 156.05850197004327,156.05850197004327,0.0, 232.16330565181957, -2.513428424634268, 11.515816540561538, -2.513428424634268, 60.01985504279408, 14.54423245604277, 11.515816540561538, 14.54423245604277, 199.04763328149187, 6.835382621924302, 4.870027975622101, 19.0, 0.0
33, 0 ,1.0,1.0,1.0,58.855649048996405,111.65411517223245,158.09033219388203,13.925486843874838,12.57439695517333,15.013125129938592,71.0,63.0,73.0,0.5114710284152699,0.14833270825314032,0.8464010838568877,15.605117943075763,-0.8015110911478197,-0.272763568764969,0.5321466022832704,13.403199142852035,-0.30980212694372716,0.9505774262083476,0.020620352185552204,12.420270347788023,75.28162753470787,65.26972592519257,61.69959821191543,23.12918168666365,6.516864529641335,114090.0,303167.83658700564, 0.0, 0.0,0.0,NaN, 189.91835792443956,189.91835792443956,0.0, 193.9191838389312, 12.320936302668924, 27.813802093971063, 12.320936302668924, 158.1154587862723, 7.521778324437081, 27.813802093971063, 7.521778324437081, 225.39392616719368, 6.601730098534669, 4.937994458559566, 23.0, 0.0
34, 0 ,1.0,1.0,1.0,144.7558194730131,152.42086354371236,58.41444141435765,13.320312635785045,13.924805874871184,13.667238220984036,66.0,66.0,63.0,0.5353731235302547,0.6664640717315202,0.5188460847809313,14.779134469452542,0.06412550383850212,-0.6445988564595206,0.7618269055425491,13.373276996746744,-0.8421778543507996,0.3745903834084915,0.38783824759680724,12.68294108868888,75.1747172836719,66.21558421811153,64.09722816750997,22.728816313973024,6.444009382577861,107441.0,319059.19702257216, 0.0, 0.0,0.0,NaN, 214.81642338107798,214.81642338107798,0.0, 177.43072871505473, 19.796365959636294, 16.869154889712966, 19.796365959636294, 193.90021865284703, 11.072623934304461, 16.869154889712966, 11.072623934304461, 186.79340058912686, 6.237166318418852, 4.742908719531885, 19.0, 0.0
35, 0 ,1.0,1.0,1.0,24.66353135139134,14.454476279050105,264.94423013918686,13.857606481330699,9.131545160031996,19.207789167243625,50.0,41.0,79.0,0.09266122260427676,0.07153687056461433,0.9931245510887858,19.284259916331386,0.99321873910615,0.06369744607754849,-0.09725827292106179,13.821018996099582,-0.07021705002255942,0.9954019848850109,-0.06514947715147047,9.025203182379496,83.0510190534458,55.6436922191319,42.53070565057912,23.975445964075533,8.33879667086872,94621.0,196545.6760233921, 0.0, 0.0,0.0,NaN, 45.23415373096948,45.23415373096948,8.259061849445711E-7, 192.03325739141857, 8.856925643315122, 16.142457329147952, 8.856925643315122, 83.38511700970376, 19.95471693730282, 16.142457329147952, 19.95471693730282, 368.93916469328155, 6.295018583053307, 4.820274869813242, 11.0, 0.0
36, 0 ,1.0,1.0,1.0,53.483025862151756,20.12168560151351,164.85208731477303,14.571559375533903,11.600550895813978,14.746957269030075,85.0,47.0,76.0,-0.6439184437730204,0.03332672792017786,0.764367952608602,15.133721059349115,-0.7601051400030163,0.0860394157557583,-0.6440787180752074,14.190778046881269,0.08723080826133847,0.9957341754416899,0.030070549504978537,11.574462308791935,78.06251257633733,73.18656185976695,49.77727708765932,22.77560766607725,6.756298384222341,104129.0,284383.90101686097, 0.0, 0.0,0.0,NaN, 146.73198216473287,146.73198216473287,0.0, 212.33034263471, -6.448534228690784, -13.786547798126547, -6.448534228690784, 134.5727810863705, -1.314022014669255, -13.786547798126547, -1.314022014669255, 217.47274869459895, 6.566066955686134, 4.8355814654688, 23.0, 0.0
37, 0 ,1.0,1.0,1.0,128.6190284487386,93.01504741456432,209.4651010914296,14.403345260154339,12.617170538516163,14.439072102425051,69.0,63.0,69.0,0.664238110393874,0.07868637924430807,0.7433681365392231,15.358770172855989,-0.6355373162676853,0.5829912737821378,0.5061753592631207,14.287660030641332,0.3935480305269537,0.8086591546599229,-0.43725315236491347,11.623557970193264,72.29256571098801,71.01211298306953,58.83938338362741,23.071907077114062,6.543947897508816,111780.0,302060.67365580634, 0.0, 0.0,0.0,NaN, 182.732650188783,182.732650188783,0.0, 207.45635468321046, -20.308876416628966, 27.55828708157608, -20.308876416628966, 159.19299239800023, 26.265697798928574, 27.55828708157608, 26.265697798928574, 208.48680317902938, 6.6673224520269505, 4.8311837816544685, 27.0, 0.0
38, 0 ,1.0,1.0,1.0,281.28501207931686,254.47313846963428,242.78088597603272,11.001290963555423,13.93822209171224,13.231959563590605,45.0,74.0,70.0,0.1609727186791823,0.9508706684439576,-0.26444802085471153,14.054534155237661,-0.07131478060022486,0.27844802211710784,0.9578000318683499,13.196720151336356,0.9843789848980803,-0.13532062249343826,0.11263366823030183,10.895129130109888,79.09131439071359,69.55087974358992,50.49751379467793,21.228252633876096,6.304639715917332,83614.0,277780.2837520216, 0.0, 0.0,2.8421709430404007E-14,74.66584330474497, 75.47829425314393,75.47829425314393,0.0, 121.0284028648062, 10.964367655298686, -7.143041759691511, 10.964367655298686, 194.2740350778951, -5.033016362066714, -7.143041759691511, -5.033016362066714, 175.08475389249688, 6.5937392473941525, 5.042348487396357, 16.0, 0.0
39, 0 ,1.0,1.0,1.0,133.91606432782905,278.4771013300425,54.525298231180585,13.452961074592237,12.367591391590517,14.865129943988117,59.0,52.0,72.0,-0.04797987810243428,-0.05955689576119499,0.9970711646941582,14.876940025797147,0.9948689748475074,-0.09186453707652545,0.04238666905508566,13.457966681065836,0.0890710625464029,0.9939888746837191,0.06365895712190814,12.347929180054713,72.85613255927873,61.207435347996096,55.34087937068398,22.59252481209101,6.670036684346755,102102.0,246783.63228116924, 0.0, 0.0,0.0,NaN, 146.18397860029563,146.18397860029563,0.0, 180.9821616744939, -2.4212575816491566, -2.085876811020133, -2.4212575816491566, 152.95731682934385, -4.200141551933288, -2.085876811020133, -4.200141551933288, 220.97208825165217, 6.267757258749013, 4.662396766408619, 17.0, 0.0
40, 0 ,1.0,1.0,1.0,199.9621510773178,175.02855992433962,190.43404530259474,14.413813768352728,12.34263616034847,14.163438688992343,75.0,65.0,66.0,0.9011387368663812,0.292557519002695,0.3199360482875452,14.663829591810645,0.32629382570863785,0.028215551908059744,-0.9448471950188266,14.115477765097095,-0.28544932338908025,0.9558315650288552,-0.07003358530880008,12.100705739655412,75.09881764389303,68.25866742746128,62.28506384395483,22.764632010383437,6.517148123534542,106793.0,319282.28216094594, 0.0, 0.0,0.0,NaN, 193.9848717823522,193.9848717823522,0.0, 207.7580273487547, 18.571858073227297, 3.493903262508663, 18.571858073227297, 152.3406673867416, 5.012876891060996, 3.493903262508663, 5.012876891060996, 200.60299549684515, 6.706062486827461, 4.827629714776134, 34.0, 0.0
41, 0 ,1.0,1.0,1.0,104.78511931784537,216.10098099204546,276.1064386238478,13.877878353633932,14.178068761319052,12.483021277651291,72.0,67.0,54.0,-0.608475087322376,0.7709413084476567,-0.1881689853218153,14.503090732664411,0.7333809149275315,0.6368710100304371,0.23779770857362628,13.68806521546038,-0.3031674483319131,-0.006694438873100027,0.9529137855861312,12.31812451124985,72.11003737463334,64.11153225059115,57.080597179313116,22.497786507252183,6.579404524076826,101326.0,263888.4518535586, 0.0, 0.0,0.0,NaN, 136.34466948211858,136.34466948211858,0.0, 192.59550759826124, -10.850555048656764, 12.923074908286477, -10.850555048656764, 201.01763380069116, -3.1058670035253058, 12.923074908286477, -3.1058670035253058, 155.8258202182949, 5.507437078446909, 4.407325346012898, 21.0, 0.0
42, 0 ,1.0,1.0,1.0,175.46278447797346,279.6905182419135,173.4120906292577,13.02154909975597,11.474232797280882,16.186857212695646,70.0,50.0,76.0,0.28632192407728624,-0.04716341789306824,0.9569719785894071,16.462409158202192,0.8912767275139574,-0.35344218006677053,-0.28408523429009724,12.876590502624019,-0.35163269299752514,-0.934266684283611,0.05916258828868132,11.243469544736719,79.07577816653574,71.78028099385969,56.02324348677854,22.697520988799482,6.932218016669406,99085.0,317992.5002167945, 0.0, 0.0,0.0,NaN, 178.73581593546666,178.73581593546666,NaN, 169.56074095735553, -14.361343432234223, 29.645673756828497, -14.361343432234223, 131.65801828619624, -2.5710172160650906, 29.645673756828497, -2.5710172160650906, 262.014346424197, 6.598245399841153, 4.94854687317196, 27.0, 0.0
43, 0 ,1.0,1.0,1.0,240.05856222172525,93.82655986337853,186.74893772744832,13.62519576125029,12.272451097207908,13.453861019012216,66.0,61.0,69.0,0.7793627049411165,-0.37380632188087715,0.5028544599272804,14.29631500356449,0.44588756888488196,-0.2329556581210575,-0.864242985081924,13.156902230221064,-0.440202283116292,-0.8977753032197285,0.014881359747301417,11.822719349113797,70.43781972755392,66.62143171485762,59.608953084230706,21.910962175268732,6.097140997105268,98374.0,279725.0503239382, 0.0, 0.0,0.0,NaN, 158.81499426875385,158.81499426875385,0.0, 185.64595953239285, -22.28405687857474, 12.477355497917847, -22.28405687857474, 150.6130559333596, -5.434552061462257, 12.477355497917847, -5.434552061462257, 181.0063763188964, 6.772054027928294, 4.747998498374857, 19.0, 0.0
44, 0 ,1.0,1.0,1.0,118.51049329698644,169.7297415885582,271.8249467866612,14.476104230368607,12.115192075296118,14.424851906560013,69.0,58.0,63.0,-0.816301182191272,-0.006696914161604663,-0.5775876827753896,14.531565813593078,0.5738420429643933,0.10487309615390532,-0.8122234565866375,14.392420887211964,0.06601279936181724,-0.9944630636900529,-0.08176506146643939,12.087333918054874,72.1683450981123,75.89814184596457,57.97034203487328,22.822937441782685,6.597374611499437,107116.0,317529.26117444417, 1.4210854715202004E-14, 0.0,0.0,35.28377625927937, 178.35052809468596,178.35052809468596,0.0, 209.5575936884959, 4.0289897910160395, 2.22700866174792, 4.0289897910160395, 146.77787902131786, -4.947585939289553, 2.22700866174792, -4.947585939289553, 208.07635252618806, 6.107277011829827, 4.553383648763101, 18.0, 0.0
45, 0 ,1.0,1.0,1.0,91.96339326527503,266.0358353649246,41.90957831784245,12.385596111836968,14.015648616312165,14.536697706309342,63.0,65.0,72.0,0.4447867011908694,0.30491013867035016,-0.8421369234155288,15.335268375785953,-0.058266022909379364,0.9481254656837717,0.31251107483776425,13.892573037043949,-0.8937392578476496,0.08993280079013888,-0.4394794993216101,11.531822737066422,79.98034466320445,68.01608977231007,55.95294028694383,22.740291421316314,6.63597193030019,105008.0,304381.2144471558, 0.0, 0.0,0.0,NaN, 106.6172731549701,106.6172731549701,0.0, 153.40299104555103, 10.542918169499314, -39.36941548211743, 10.542918169499314, 196.4384061359331, -8.455210490724825, -39.36941548211743, -8.455210490724825, 211.31558020461927, 6.953797989995883, 4.694864109412582, 18.0, 0.0
46, 0 ,1.0,1.0,1.0,51.556137933297244,187.1612448119166,47.18579490460488,15.806631560600968,11.593787206043212,15.588885202630717,74.0,59.0,80.0,-0.9708483138430274,-0.20167893310827045,0.1295343948473167,15.996043662686036,-0.1075822883874448,-0.11628657492579805,-0.9873720087775161,15.613340557683376,0.21419524442309967,-0.9725240564800114,0.09119954404596584,11.297301832899663,74.5871084812251,80.66755588370863,58.72349418657407,24.027585421660852,7.0678132217244025,121914.0,353325.1557086512, 0.0, 0.0,0.0,NaN, 132.72949661538246,132.72949661538246,0.0, 249.8496012925866, 26.563253117010404, -3.79018062180815, 26.563253117010404, 134.41590177901128, 9.9855196594756, -3.79018062180815, 9.9855196594756, 243.01334186079893, 6.558358668883769, 4.739647710801326, 27.0, 0.0
47, 0 ,1.0,1.0,1.0,278.84279248816523,235.47255891380118,48.10186755449202,11.885128191010825,13.527484444511751,14.02107702697869,50.0,60.0,66.0,0.11233011019544845,0.5606336083505342,0.8204095949776177,14.455405221408183,-0.04534203824687751,-0.8218831268737979,0.5678487697686483,13.097897180740235,-0.9926359080302795,0.10098555811604247,0.0669019516971986,11.845930011500965,66.5217167916291,64.85049789655372,54.9044754185621,21.944065832805197,6.26878642443379,96115.0,236856.06517794903, 0.0, 0.0,0.0,NaN, 83.21783309520616,83.21783309520616,0.0, 141.25627211676024, 5.485984135541154, 5.5208991182268585, 5.485984135541154, 182.9928353965074, 16.9928749484989, 5.5208991182268585, 16.9928749484989, 196.59060099646956, 6.302888850529695, 4.587825219945305, 12.0, 0.0
48, 0 ,1.0,1.0,1.0,187.3842438355217,66.99062791796834,61.808062526657984,11.894382862154883,12.754049988116021,13.470355366086258,58.0,63.0,73.0,0.1024417543474514,0.37079708296278263,0.9230466999196237,13.605214730859153,-0.2167929539760266,-0.8973009969367838,0.38451493599417286,12.666731731998764,-0.9708277406793467,0.2395004053494392,0.011534893362725781,11.834046130395292,69.30668743304898,63.54594060953849,57.3415899306635,21.184092070032825,6.068513131560364,86747.0,252541.4589231216, 0.0, 0.0,-7.105427357601002E-15,22.624366837901455, 144.88025869192867,144.88025869192867,0.0, 141.47634367152378, 5.680166348557061, 2.559877112308639, 5.680166348557061, 162.66579109936228, 8.382398870671492, 2.559877112308639, 8.382398870671492, 181.45047368864886, 6.014727381157851, 4.541097240950228, 30.0, 0.0
49, 0 ,1.0,1.0,1.0,230.41253941754778,242.2838295306993,286.2126692635875,18.077125429614373,15.007429251157479,7.900225873579046,91.0,69.0,32.0,-0.9639984508087357,-0.26571770631310115,0.010054222499153557,18.309986611780367,-0.2634012253760863,0.9594077742615363,0.10077954731442537,14.777622517811457,-0.03642500938550493,0.0945030329578308,-0.9948579775289724,7.796488208005623,96.23687984811326,72.92016946450204,35.455104566499585,23.492510937692256,7.907015569891875,86256.0,248810.08172314992, 0.0, 0.0,0.0,NaN, 91.45305622444198,91.45305622444198,0.0, 326.7824637980106, 30.480815363333537, -6.843612306106216, 30.480815363333537, 225.22293272849714, 14.504178620488698, -6.843612306106216, 14.504178620488698, 62.41356885356781, 6.862005484215272, 5.186345372161067, 20.0, 0.0
