// Sample: .//bubblelabels.tif, Map: .//bubblelabels.tif, Thickness:(8.191250068658265):/gpfs/home/mader/Foam/NewValid/InSilicoTest/LatticeData_Phi_6.65/out_Step_03000.vtk/distmap.tif, Neighbors:(1.0):
//LACUNA_NUMBER, TRIANGLES, SCALE_X, SCALE_Y, SCALE_Z, POS_X, POS_Y, POS_Z , STD_X, STD_Y, STD_Z,PROJ_X, PROJ_Y, PROJ_Z, PCA1_X, PCA1_Y, PCA1_Z, PCA1_S, PCA2_X, PCA2_Y, PCA2_Z, PCA2_S, PCA3_X, PCA3_Y, PCA3_Z, PCA3_S,PROJ_PCA1, PROJ_PCA2, PROJ_PCA3,OBJ_RADIUS, OBJ_RADIUS_STD, VOLUME, VOLUME_BOX, Mask_Grad_X,Mask_Grad_Y,Mask_Grad_Z,Mask_Angle, Mask_Distance_Mean,Mask_Distance_COV, Mask_Distance_STD, SHAPET_XX, SHAPET_XY, SHAPET_XZ, SHAPET_YX, SHAPET_YY, SHAPET_YZ, SHAPET_ZX, SHAPET_ZY, SHAPET_ZZ, Thickness, Thickness_STD, Neighbors, Neighbors_STD
1, 0 ,1.0,1.0,1.0,160.2329506985905,182.1572444143534,184.45582261340556,18.789615362307853,11.285398627631634,9.260845056753443,73.0,53.0,41.0,0.9831025722815113,0.1528792698368881,0.10068396708322468,19.034993694245667,0.09097967517701411,-0.8853390493150515,0.45595774635661857,11.604556602222843,0.15884593503820318,-0.4390930386741075,-0.884288003033954,8.317235113849677,75.92687570555137,65.34429818878804,46.079504317008116,22.369424731519224,8.110607621751864,64988.0,228618.3185024258, 0.0, 2.8421709430404007E-14,-2.8421709430404007E-14,89.64517050699381, 46.27530213467838,46.27530213467838,0.0, 353.0496454634753, 38.78493686235983, 31.733909359507198, 38.78493686235983, 127.36022218454998, -21.924171405280656, 31.733909359507198, -21.924171405280656, 85.76325116519467, 9.409597716930225, 6.219554442915197, 11.0, 0.0
2, 0 ,1.0,1.0,1.0,184.05057441548578,35.48129716104639,15.55431498327651,9.699761535626433,15.923003124221415,10.28258775559832,43.0,72.0,47.0,-0.014085981099903786,0.9998083104284229,0.013598806371004139,15.925102290658009,0.6026464021284856,-0.002363500557680101,0.7980048420070556,11.007290660045832,0.7978840135872162,0.019435952854870736,-0.6024975888736638,8.86508221343211,72.08187717017238,63.450748373106336,43.0814523770091,20.179399124715932,6.793442739804821,61889.0,197039.44376196354, 0.0, 0.0,0.0,NaN, 41.89562434557355,41.89562434557355,0.0, 94.08537384801807, -2.525480458790328, 20.439383316944152, -2.525480458790328, 253.54202849396495, 2.299303908499839, 20.439383316944152, 2.299303908499839, 105.73161095158048, 8.359432716931611, 5.859425981522648, 13.0, 0.0
3, 0 ,1.0,1.0,1.0,170.81234388422652,186.91356637811407,79.0051410824027,16.30095859707895,7.638236149687886,15.639082961630868,64.0,33.0,64.0,-0.8682525873011866,-0.02185980962454102,0.4956405889028611,16.621915087054926,0.49470460111261766,0.03732686835354733,0.8682592139084523,15.308956734256657,0.03748069213344428,-0.9990639887525204,0.02159500162311191,7.615287328147737,73.82257899991131,78.50124510598326,33.97786549097941,22.699858883805156,7.304876809239809,75665.0,196907.31540855815, 0.0, 0.0,0.0,NaN, 85.23488917059159,85.23488917059159,NaN, 265.7212511836821, 7.400049283061395, -18.184338885494267, 7.400049283061395, 58.34265147839883, 3.3509498801152104, -18.184338885494267, 3.3509498801152104, 244.58091588077292, 8.36446403965737, 5.580486534028022, 12.0, 0.0
4, 0 ,1.0,1.0,1.0,55.50144780022112,79.17217415720478,30.426144639629364,13.457079406897147,13.897635323213368,15.035352480843649,67.0,69.0,66.0,0.08502454189965578,0.5911201895294141,0.802089613949378,16.376227088717748,0.9606735358576246,-0.2622054333637738,0.09140387419210008,13.521021046518431,0.2643429302583356,0.762774692976389,-0.590167419447407,12.218848315701733,80.20868069092383,66.66494485667218,71.87522784666612,23.517703164936908,6.871442047328997,113966.0,384324.55373180937, 0.0, 0.0,0.0,NaN, 101.36268616375102,101.36268616375102,0.0, 181.0929861635353, -2.4680115888592984, 11.050503537322188, -2.4680115888592984, 193.14426757702793, 55.56169550463497, 11.050503537322188, 55.56169550463497, 226.06182422321126, 8.28637930666748, 5.321997007284016, 23.0, 0.0
5, 0 ,1.0,1.0,1.0,13.685414934830685,106.96723497027777,138.53230233542985,8.061594686972867,15.284175238903957,12.400630150935154,33.0,76.0,62.0,0.007149953801608326,0.9983646103565587,-0.056718453330735746,15.292934672605051,-0.00990314483023254,-0.05664642678171872,-0.9983451858226865,12.3905249748815,-0.999925400158985,0.007699813014571245,0.009481929995224203,8.060520437112478,75.89097264886593,61.95682038998797,33.4762054657434,20.22441369083906,6.583619113577759,63757.0,157403.8915862322, 0.0, 0.0,0.0,NaN, 112.34172780938077,112.34172780938077,0.0, 64.98930889702916, 1.2553418730313814, 0.8070076688319101, 1.2553418730313814, 233.60601273352484, -4.556268651619318, 0.8070076688319101, -4.556268651619318, 153.775628140282, 9.080010075457212, 5.472352654409285, 16.0, 0.0
6, 0 ,1.0,1.0,1.0,51.64243093922652,185.33741120757696,121.51627466456196,14.45761316618574,8.594510863110763,12.245245019397117,65.0,34.0,55.0,-0.9581748226448302,0.013417966593387618,0.2858687940682695,14.65738483168014,-0.2853752815530847,0.03022229146559772,-0.957939226557231,12.009138745010274,0.021493206555690664,0.999453136105474,0.02512908277051158,8.589288534179767,65.50159088490844,58.27327392584702,34.92839591896947,19.896299138465697,6.0804195264031575,63350.0,133321.4129724525, 0.0, -2.8421709430404007E-14,0.0,89.23118407353702, 95.08747197153234,95.08747197153234,0.0, 209.02257846306722, -2.421167503172316, -19.381599783715696, -2.421167503172316, 73.86561697612892, -1.4983326117602564, -19.381599783715696, -1.4983326117602564, 149.9460255850699, 9.269544312402594, 5.464193717447305, 11.0, 0.0
7, 0 ,1.0,1.0,1.0,56.62042366166863,149.6494102521938,11.935000672716129,12.951525913503136,17.038935561235213,8.262566434226807,59.0,87.0,32.0,-0.24552078423005633,0.9669075386378386,-0.06934952225051538,17.30397085412065,0.9588543717396724,0.2527490478800775,0.12929119301573844,12.70301436268221,-0.14254065492615325,0.03475241748470062,0.9891786649398542,8.095886079319138,94.00248962382376,58.63781290763565,36.686985054698326,21.38662708268659,8.303585650441477,66893.0,202222.3449732885, 0.0, 0.0,0.0,NaN, 76.70396668123799,76.70396668123799,0.0, 167.74202348814327, -32.30040249781777, 15.861623818350884, -32.30040249781777, 290.32532505992594, -12.551662568930299, 15.861623818350884, -12.551662568930299, 68.2700040800115, 8.361639327290842, 5.3104642747983855, 18.0, 0.0
8, 0 ,1.0,1.0,1.0,26.3337359721663,50.93629014773748,50.41431535912287,13.742722733454066,13.258420417363778,12.913347602847745,63.0,66.0,63.0,0.8181831373072523,-0.22368180982803842,0.5296629133497233,14.835715674896427,-0.08728494945086382,0.8622208539859033,0.498955445456987,13.680171183345477,0.5682936665364335,0.4544685323582628,-0.6859305079020063,11.14258243012516,75.1635828295126,67.50620514386895,61.484150187565085,22.145178155524285,6.402637805170583,96861.0,311971.0847940654, 0.0, 0.0,0.0,NaN, 76.35165025980352,76.35165025980352,NaN, 188.86242812859518, -22.299031760108686, 38.83395630543808, -22.299031760108686, 175.7857119635687, 15.732149576002389, 38.83395630543808, 15.732149576002389, 166.7545463119736, 7.944245429001329, 5.1435732719392, 21.0, 0.0
9, 0 ,1.0,1.0,1.0,90.57222627783968,179.77415760556346,86.20050972707828,13.139154298233445,12.232299369900463,12.263953878875522,62.0,56.0,60.0,-0.8045077970315533,-0.5447654846639126,0.2366384821501554,13.978508651434753,-0.16407449523531284,-0.17907476709817743,-0.9700576208669313,12.15703711333335,-0.570829891061001,0.8192452590693617,-0.05468492446424125,11.37887660525585,79.36862331956604,57.90408696263512,59.77323145560559,20.788894664204253,6.363406865149835,78081.0,274703.8844638716, 0.0, 0.0,0.0,NaN, 126.6607308943735,126.6607308943735,NaN, 172.6373756727864, 29.428691207636053, -9.634658554652614, 29.428691207636053, 149.62914787486727, -5.316392098879801, -9.634658554652614, -5.316392098879801, 150.40456474318597, 8.377897449101024, 5.219632437253701, 18.0, 0.0
10, 0 ,1.0,1.0,1.0,186.25748250907122,20.423370687408536,110.94182386785077,8.442100894388934,11.035940827382925,13.345019783101417,34.0,44.0,66.0,0.029090636890981764,-0.3602927623420736,0.9323855748826206,13.709403405882766,0.1113618241371295,-0.9258052690240476,-0.3612245118650744,10.60908662132972,-0.993354055193881,-0.11434040952886379,-0.013190594324882343,8.405364345690227,73.82621242405355,56.42595411382747,35.972821070150474,18.3562479179196,5.847971686301155,49883.0,149852.50142546438, 0.0, 0.0,0.0,NaN, 92.3976709295678,92.3976709295678,0.0, 71.26906751104245, -5.54954138902909, 1.4959447956480185, -5.54954138902909, 121.7919899454973, -25.39078199516654, 1.4959447956480185, -25.39078199516654, 178.0895530113682, 8.711216464234539, 5.398258327778351, 10.0, 0.0
11, 0 ,1.0,1.0,1.0,77.22272694719827,100.38340341507832,160.21218910817143,11.845652496870997,14.64353666740847,13.689037907607355,58.0,80.0,76.0,0.1635495204383975,0.8292869138192638,0.5343545348665919,15.35627517033556,0.039050008948338426,-0.5466651515479307,0.8364402602004595,12.987722202210369,-0.98576196475899,0.11593285406302783,0.12179048478143016,11.732275692866287,73.69253373515915,68.7689961187247,60.624111184625264,22.31318395567111,6.65313683931553,97743.0,307228.5406593408, 0.0, 0.0,0.0,NaN, 132.17369544613817,132.17369544613817,0.0, 140.31948307662608, 12.652090765105719, 9.593000451337769, 12.652090765105719, 214.4331661297364, 29.31122651413695, 9.593000451337769, 29.31122651413695, 187.38975883591118, 7.543616293700676, 4.843584401594369, 29.0, 0.0
12, 0 ,1.0,1.0,1.0,21.008318559934544,177.60311832356015,48.05468430383199,13.03328142614526,12.640628241661284,13.85724988811474,53.0,51.0,80.0,0.07161309621634297,-0.5481676973334804,0.8332969099009182,14.736467103692375,0.9960648758017469,0.08303733158791267,-0.03097684226660179,13.02759847025375,-0.05221424752268002,0.8322361306521538,0.5519571497795563,11.610060160838026,90.07092180585654,57.148952440911614,60.82366112730264,21.809542878172962,6.783739454297648,87996.0,313087.29133537255, 0.0, 0.0,0.0,NaN, 57.028260021546274,57.028260021546274,6.743495761743046E-7, 169.866424733103, -0.34486206887632037, 3.8378218451928814, -0.34486206887632037, 159.78548234388484, -37.71531893919046, 3.8378218451928814, -37.71531893919046, 192.023374461656, 7.655040399469491, 4.818710205394056, 12.0, 0.0
13, 0 ,1.0,1.0,1.0,175.6044444905324,61.522720202418235,109.04502561337287,13.221376807504068,13.118820696145962,13.642070520603136,55.0,65.0,66.0,-0.6080673422403046,-0.48268345290735537,0.6302942103416828,15.133692720082266,-0.16060322988928802,-0.7027286083301612,-0.6930938649154849,12.719834454478422,-0.7774707131782785,0.5226750303236121,-0.34978579563251344,11.924407965913268,77.05447705844003,67.23039090695218,68.63726286631366,22.141367196198207,6.540199378910817,96434.0,355568.6559546494, 0.0, -7.105427357601002E-15,0.0,61.13919028731901, 112.48553504959006,112.48553504959006,0.0, 174.8048046860065, 27.699423047071058, -31.099285500736425, 27.699423047071058, 172.10345645762763, -16.87106882550679, -31.099285500736425, -16.87106882550679, 186.10608808910914, 7.114924941423865, 4.51795336580226, 19.0, 0.0
14, 0 ,1.0,1.0,1.0,169.91849582642422,186.80901323740198,23.422416458222084,16.2281991811607,7.471421713452472,14.780019548127477,74.0,31.0,51.0,0.9377060707535101,0.006676347503994054,0.34736544338206626,16.445009391521115,0.3468513910020838,-0.07564766163078579,-0.9348644521264644,14.569667847035225,0.020035903571667422,0.9971122593137645,-0.07325097196806876,7.4102640888536975,86.15725938315485,66.33670891552623,32.58339317950748,21.929057298976634,7.532729578645304,71162.0,186226.76815533388, 0.0, 0.0,3.552713678800501E-15,69.67374172550944, 40.34239231699436,40.34239231699436,0.0, 263.3544486634249, -2.779681897966167, 19.176231913910463, -2.779681897966167, 55.82214242024907, 11.628608837352786, 19.176231913910463, 11.628608837352786, 218.44897784303035, 8.399421529040474, 4.994858212269128, 11.0, 0.0
15, 0 ,1.0,1.0,1.0,189.6601955572432,24.46537402696032,175.84887032466298,6.337377031229562,13.140340069215933,12.827542328251324,27.0,56.0,54.0,-0.02293438410856156,0.7980191864329916,0.6021954766605168,13.549734671893118,0.011879230707268271,-0.6020938585291776,0.7983369397686982,12.398007820322984,-0.9996663933049688,-0.02546298502283258,-0.004328797796450044,6.33015160657189,76.02617361070298,61.935475897522096,27.70217641085634,18.40450124236376,6.2169977459813826,42136.0,130441.71574125637, 2.8421709430404007E-14, 0.0,0.0,88.68584136283876, 35.89906888470036,35.89906888470036,0.0, 40.16234763595602, -3.4395949943512005, -0.9044967413015106, -3.4395949943512005, 172.66853713464178, 14.348977164507472, -0.9044967413015106, 14.348977164507472, 164.5458421830794, 7.878877225809205, 4.935883934122149, 10.0, 0.0
16, 0 ,1.0,1.0,1.0,189.40124095139606,174.62750775594623,138.22754536053398,6.720263022851534,15.018822170464666,14.370107697060138,28.0,65.0,68.0,-0.0447205485316818,0.7724363460049295,0.6335157171764401,16.33999023627575,0.06636274493628164,-0.6304523995802037,0.7733859049323859,12.88611954888234,-0.9967928865233474,-0.07662808384735309,0.023066819077096744,6.646773033568956,85.18588858061969,74.63061270570871,31.20756024577662,20.50192824384516,7.543068871067878,53185.0,198401.2859039009, 0.0, 0.0,0.0,NaN, 67.61607211477032,67.61607211477032,0.0, 45.16193509630564, -12.795863787005553, -0.057644410901498994, -12.795863787005553, 225.56501938804098, 49.612031609241704, -0.057644410901498994, 49.612031609241704, 206.49999522510703, 7.417086821514895, 4.742283188651589, 14.0, 0.0
17, 0 ,1.0,1.0,1.0,21.251594122539508,9.743138342112559,20.38630440809537,12.170849410079965,6.391395433724188,12.111822160662285,57.0,25.0,47.0,-0.7120242553637993,0.0457921899709605,0.700660071012535,13.609583212065443,0.7021132831828555,0.03557288065301966,0.7111761439617034,10.487926760688783,-0.007641816002644185,-0.9983174071905736,0.057480058702755715,6.360690533336678,73.60799027326763,55.26964204202872,27.819976074849386,17.292963649466042,6.052202510064155,36070.0,113179.65462374939, 0.0, 0.0,0.0,NaN, 31.018710561888746,31.018710561888746,NaN, 148.12957536284384, -2.983198792754962, -37.497801843733306, -2.983198792754962, 40.8499355902304, 6.403884400914952, -37.497801843733306, 6.403884400914952, 146.69623605151003, 7.969325224398774, 4.678927528346895, 4.0, 0.0
18, 0 ,1.0,1.0,1.0,22.298655036502282,39.41486638403922,144.93997101488534,14.07499819907975,13.181856033019994,11.257548655102003,58.0,64.0,59.0,0.858182307229629,0.33284224726056627,0.39081858450765494,14.541271715072293,-0.44032129293361244,0.8686445850644057,0.22709853330120522,13.421705559452814,0.26389446100155833,0.36697768770978756,-0.8920129428297972,10.344493283150438,72.82869676998858,63.545773973350975,50.17950089408427,21.315057552686238,6.653392069240527,73831.0,232228.51740847074, 0.0, 0.0,0.0,NaN, 71.29073221920406,71.29073221920406,0.0, 198.1055743040982, 1.8598311851652911, 27.71542629954606, 1.8598311851652911, 173.7613284752656, 28.01257856204115, 27.71542629954606, 28.01257856204115, 126.73240172198892, 7.672769706066316, 4.789669764413541, 17.0, 0.0
19, 0 ,1.0,1.0,1.0,121.8674184896759,78.9408989562801,179.4893850777135,11.476010117743103,11.191789155951527,11.657397892097599,55.0,55.0,48.0,-0.3075142610874118,0.6561285961752513,-0.6891518297943913,12.548917559339763,-0.8626714919277497,0.11338248080611886,0.4928917833169886,11.630473790689269,-0.4015381379682558,-0.7460828897162467,-0.5311567051536124,10.00532987169748,60.33506298885965,60.80353808555067,50.38559234436602,19.04573932576266,5.487229891633426,61894.0,184843.84342332504, 0.0, 0.0,0.0,NaN, 112.94711658994834,112.94711658994834,0.0, 131.69880822254206, -15.014411464193083, -2.792905710606578, -15.014411464193083, 125.25614451127421, -23.975536067886154, -2.792905710606578, -23.975536067886154, 135.89492561468154, 7.731661255354854, 4.818069125326271, 17.0, 0.0
20, 0 ,1.0,1.0,1.0,170.21781414828183,89.77852348993288,9.699546147510821,13.453330702819825,16.76862266628319,6.667885263741429,58.0,80.0,26.0,-0.3243801493494593,-0.9459247933020934,0.0019504164721896432,17.16206270328225,-0.9456887739457225,0.3243440874511978,0.021763634082724644,12.94997182997068,-0.021219367122025833,0.005215203911872641,-0.9997612415507507,6.663433078047331,87.740232381951,68.75321738108795,26.914145614068627,21.14230281964999,7.722858181805442,57067.0,162357.51829510715, 0.0, 0.0,0.0,NaN, 95.0854514087534,95.0854514087534,0.0, 180.99210699943455, 38.931483221829275, -2.695977686115639, 38.931483221829275, 281.1867061241863, 0.40888015417654444, -2.695977686115639, 0.40888015417654444, 44.4606938904201, 7.272316842220521, 4.876362863528777, 12.0, 0.0
21, 0 ,1.0,1.0,1.0,15.87278611252792,101.92217317128937,22.66375292400232,9.726147040853062,11.552436686644262,12.433773506537326,39.0,52.0,54.0,-0.09708327811915173,-0.5103311284436491,0.85448053017671,12.840004867114063,-0.32570437849100753,-0.7949726377055814,-0.5117960171115217,11.31103230835172,-0.9404740798881306,0.32799488508338387,0.08903853333086667,9.478938569428507,58.37687693182974,59.092069315457636,45.45978936196582,18.74768697879752,5.583877346086978,56857.0,156818.56480495224, 1.7763568394002505E-15, 0.0,0.0,84.42876278127504, 101.90608986226894,101.90608986226894,0.0, 94.59793626029477, 13.578892283235804, 0.12628040345620337, 13.578892283235804, 133.45879339892426, -17.21472981886605, 0.12628040345620337, -17.21472981886605, 154.5987236118695, 7.911566251653882, 4.873750609889173, 11.0, 0.0
22, 0 ,1.0,1.0,1.0,80.60277688085243,23.191617694543105,41.87839845011301,11.944037197626097,11.66265640989006,13.411415492068512,61.0,49.0,64.0,-0.4565942566932268,-0.02590714982367104,0.8892977591014012,13.926390824996115,-0.5782102344859105,0.7683285933888879,-0.2744887926979931,12.352132261821628,-0.6761616740769241,-0.6395310720903773,-0.36579420216895825,10.584144357965371,63.256924742347515,61.25017289569735,61.31907180244541,20.56932197675928,5.9537079228583805,77425.0,237580.59514201846, 0.0, 0.0,0.0,NaN, 93.74678143243506,93.74678143243506,0.0, 142.66002457827588, -17.045990284847573, -26.827624871382262, -17.045990284847573, 136.01755453514969, -10.439495245797488, -26.827624871382262, -10.439495245797488, 179.86606550089527, 6.8557179618890265, 4.520711319092291, 19.0, 0.0
23, 0 ,1.0,1.0,1.0,159.25258572968562,80.99895114063456,69.90978352708096,14.981467159268307,9.990309324647034,11.023978633237792,69.0,51.0,58.0,-0.985556066476465,0.16597023156297358,-0.033661878532995064,15.103139645907435,0.08006289154842068,0.28148619314666246,-0.9562193558304002,11.134069975180635,0.14922859386975107,0.9451028543511714,0.2907084819349519,9.680206721782737,72.42191940421435,55.612885146487514,51.61460351480429,20.14545185453799,6.319771604171703,68646.0,207882.5583109326, 0.0, 0.0,0.0,NaN, 114.49261848871674,114.49261848871674,0.0, 224.4443582442348, -21.30196681274149, 2.1420368764957383, -21.30196681274149, 99.80628040212949, -8.89602446735442, 2.1420368764957383, -8.89602446735442, 121.5281049060834, 6.762844241233645, 4.339450062115239, 17.0, 0.0
24, 0 ,1.0,1.0,1.0,136.90191405601894,117.88983242582844,123.31451454773074,10.38697919992087,12.278746001655476,13.208398194796203,49.0,60.0,67.0,0.3409492382182087,0.5856034183490461,0.7354061825796239,14.11284713624128,-0.3382518492342964,-0.6534668305063186,0.6771755960735772,12.059566471954078,-0.8771198911482978,0.4796350048171401,0.0247175788875065,9.408141440404798,69.8509272297135,62.87211676719673,49.19376525003903,19.933385485380757,5.981543800415215,66299.0,216043.06113210198, 0.0, 0.0,0.0,NaN, 128.85694295575522,128.85694295575522,0.0, 107.88933689958877, 34.67575046780749, 14.708431320289844, 34.67575046780749, 150.76760337317032, 22.468366253738633, 14.708431320289844, 22.468366253738633, 174.46178287229557, 7.208046532934627, 4.570021442210138, 22.0, 0.0
25, 0 ,1.0,1.0,1.0,118.69647549011987,56.728751107725316,14.47042179070599,14.462407377123677,11.771308848888683,9.408621680636,70.0,58.0,40.0,-0.9169868431784504,0.349027332413545,0.1931710399255149,15.025446881892968,0.37028302229943383,0.9248676675692328,0.08666187675006612,11.297340342707843,-0.148410285473807,0.15099575726930736,-0.9773303783533241,9.10237047518826,75.25592202995959,52.912998411580645,45.36005825737437,19.90666274326084,6.322331809801442,64321.0,180624.49964314295, 1.4210854715202004E-14, 0.0,0.0,23.510520283792903, 100.18885869582438,100.18885869582438,0.0, 209.16122714188137, -30.404760375676336, -23.877706431492786, -30.404760375676336, 138.56371201592503, 13.224226131161906, -23.877706431492786, 13.224226131161906, 88.52216192933376, 7.165773967999012, 4.659406961527737, 15.0, 0.0
26, 0 ,1.0,1.0,1.0,150.93032930043503,151.9889492235877,54.62965609221683,10.13003032025725,14.12950076006698,10.646483125414221,47.0,64.0,50.0,0.005698748620748293,-0.9840664323276745,0.17770982254799614,14.233012789670012,0.5775344154058983,-0.14183860621672736,-0.8039501283091279,10.873427260334365,-0.8163464480757694,-0.10721504816199494,-0.5675239291533851,9.736418001560002,65.20394951747912,55.729942870267806,52.046044013849325,19.53100296069089,5.84361466108903,62982.0,189125.5591469175, 0.0, 0.0,0.0,NaN, 87.73421740673857,87.73421740673857,0.0, 102.61751428933118, -2.5240305294670984, -10.771269077948077, -2.5240305294670984, 199.64279172873336, -16.17636403035492, -10.771269077948077, -16.17636403035492, 113.34760293972977, 6.747569583978859, 4.551423451042622, 20.0, 0.0
27, 0 ,1.0,1.0,1.0,10.8604788373754,83.46001925286464,105.54342763096606,7.112901303116029,11.365338722897006,10.75106416849788,28.0,54.0,47.0,-0.045064493596077386,-0.756061436665983,0.6529473909921829,12.998123215849837,0.04134530279668136,-0.6544629427301885,-0.7549627954605398,8.722964579392434,-0.9981281267220055,0.007025708470433296,-0.06075263012338356,7.092838063953052,62.92441482802351,43.826352315853995,29.693294188604007,16.279964203053815,5.505673032109177,32203.0,81886.6099984948, 0.0, 0.0,0.0,NaN, 126.51311741464662,126.51311741464662,0.0, 50.59336494786971, 3.344715290597797, -4.295791685683631, 3.344715290597797, 129.17092428618216, -45.83157894994667, -4.295791685683631, -45.83157894994667, 115.58538075515901, 8.501421545660207, 4.7014706185835164, 10.0, 0.0
28, 0 ,1.0,1.0,1.0,57.69364908198303,69.98498822327535,93.89290274979426,14.877041075560632,10.254620530527124,11.039137728632483,71.0,47.0,53.0,-0.9791520957327788,-0.09606779865474933,-0.17897528176744879,15.006414113558112,0.2018424288491193,-0.5591391318037836,-0.8041287615811284,11.48954740805472,-0.022821203701719944,-0.823489167717063,0.5668728105265437,9.54693620965442,72.32408004571221,58.98838369968446,53.12119042289135,20.247449364946,6.195720248254985,70478.0,226629.90332475194, 0.0, 0.0,0.0,NaN, 130.5462864572919,130.5462864572919,0.0, 221.32635116391825, 7.997245675653966, 16.858390749890688, 7.997245675653966, 105.15724222510838, 20.678831566010395, 16.858390749890688, 20.678831566010395, 121.86256179171714, 7.551683581190597, 4.542471144396114, 18.0, 0.0
29, 0 ,1.0,1.0,1.0,97.25260734118922,186.9881935979051,138.9886450855569,10.946156917112397,7.78926182538826,12.518806376062333,53.0,32.0,59.0,0.06969414276123935,-0.11546576865630626,0.9908634531222676,12.576466464554526,0.9956138874883603,-0.05409615597200799,-0.07633212265728069,10.948459645244753,0.06241565112285497,0.9918373163869468,0.11118913758658933,7.692540983460524,58.24978789809278,53.33737026440757,34.844242984320374,17.549434685972624,5.406367201980219,44298.0,108257.24767993894, 0.0, 0.0,0.0,NaN, 115.54117088294227,115.54117088294227,0.0, 119.81835125404758, -4.065508292937777, 2.223600647718144, -4.065508292937777, 60.672599784450846, -11.075171308417014, 2.223600647718144, -11.075171308417014, 156.72051308133894, 7.267205261595201, 4.7483559206711545, 11.0, 0.0
30, 0 ,1.0,1.0,1.0,46.757244920050724,121.61089289580305,144.80352890235983,10.939290066393779,10.724426278786474,13.406109153564676,51.0,53.0,61.0,0.17868446051521136,0.37453085717167006,0.9098343259058993,13.883719650256152,-0.8244074876261065,-0.4477519490583563,0.34622317435500166,11.258058049360914,-0.5370513550084373,0.8119389319035625,-0.22875972753722185,9.741848204187407,63.33521748545084,55.29571895937271,50.409339774428624,19.51736602140578,5.785980676567513,64666.0,176541.895313894, 0.0, 0.0,0.0,NaN, 106.66650123979645,106.66650123979645,0.0, 119.66806715670161, 18.301871101944126, 6.820319746222728, 18.301871101944126, 115.01331900912591, 28.40890721926767, 6.820319746222728, 28.40890721926767, 179.7237626372906, 7.045974275935162, 4.445352347859515, 14.0, 0.0
31, 0 ,1.0,1.0,1.0,17.964175228201505,140.0684986441584,24.033342244968107,10.00165436486116,10.237575569708959,12.069071497543826,39.0,44.0,52.0,0.041919627838671134,-0.321664456105973,0.9459253260590481,12.279073658236006,0.7093367497279237,-0.6571640748963522,-0.2549053827423958,10.475335228240453,-0.7036221431189419,-0.6816651350506866,-0.20062034634861153,9.486581699646713,58.89366283269175,55.54512810119982,51.535372085505074,17.99329614853037,5.171539819410351,52366.0,168585.39753770473, 0.0, 0.0,0.0,NaN, 67.02311531000734,67.02311531000734,0.0, 100.03309003414628, -10.020175238581396, -1.1586802495596684, -10.020175238581396, 104.8079535455017, -15.187384918319063, -1.1586802495596684, -15.187384918319063, 145.66248681282477, 7.645675513122356, 4.6818004563746145, 9.0, 0.0
32, 0 ,1.0,1.0,1.0,112.45044540658903,71.16309594903952,69.62108091967751,9.8534149312501,11.469611711988247,16.455903219741465,48.0,59.0,75.0,-0.09913690238272711,-0.1390160823731724,0.9853153827214783,16.596598459532622,0.054052106198381376,-0.9894836630838992,-0.13416575682933193,11.347729950180971,-0.9936046720912077,-0.039957594167866047,-0.10560845736416938,9.758097865847787,73.7280562732266,61.19894603269926,46.938245830995115,21.323937802989533,6.687914920426718,80376.0,211789.0891272293, 0.0, 0.0,0.0,NaN, 132.57528292627225,132.57528292627225,0.0, 97.08978580738243, 0.6894111571243312, -17.84804213567393, 0.6894111571243312, 131.55199282377794, -20.232491661391908, -17.84804213567393, -20.232491661391908, 270.79675077749755, 7.3342030736119685, 4.410306789659365, 23.0, 0.0
33, 0 ,1.0,1.0,1.0,188.48707949877814,10.224613944782405,47.178131336764935,7.176717873016245,6.740735269394177,10.431729018410103,31.0,29.0,49.0,-0.08882758898186618,0.03580538765080271,0.9954032517783153,10.459286331495191,0.8577787842525258,0.5107163353009709,0.05817544278305836,7.355559843784193,-0.5062857066142865,0.8590033754717857,-0.07607880260723555,6.500986889293974,48.9365694617112,40.60231269408695,30.776421717716076,13.594831530776307,4.576496188600055,19233.0,61150.83859759758, 0.0, 0.0,0.0,NaN, 49.62727219197459,49.62727219197459,0.0, 51.505279428870814, 4.973993478151015, -5.3450181647591535, 4.973993478151015, 45.437511972054594, 2.74452621146863, -5.3450181647591535, 2.74452621146863, 108.82097031353942, 8.316768864324187, 4.687231809097929, 7.0, 0.0
34, 0 ,1.0,1.0,1.0,172.56435377286,103.66908713692946,124.04709031299626,11.999898411478775,11.837058714041888,14.11453486203809,52.0,59.0,66.0,-0.3464851486339543,0.016393436228650644,0.9379122011279754,14.427305340584093,0.6012858106671479,0.7713118617557432,0.2086465571372798,12.278562997291903,-0.7200023719866883,0.6362462315515173,-0.2771052456559351,11.154522248319834,71.40310156613967,67.98512049297557,60.80811189585788,21.04720426608327,6.35207114561431,78084.0,295183.7645528018, 0.0, 0.0,1.4210854715202004E-14,20.296157229643036, 125.70283985199147,125.70283985199147,1.9073486328125E-6, 143.99756188581082, 11.740258402962525, -23.903451780426078, 11.740258402962525, 140.115958999675, 5.526199561978209, -23.903451780426078, 5.526199561978209, 199.2200943716886, 7.533413127217755, 4.674378186715715, 16.0, 0.0
35, 0 ,1.0,1.0,1.0,124.06579885627997,151.34879266229498,162.66802757232142,13.115855888344472,11.321742927872323,11.387335548558102,69.0,53.0,60.0,-0.9781917018130463,0.09416514386486259,0.18513216950332073,13.20985775879108,0.06548431572204302,-0.7060511579542926,0.7051266317093818,11.868386675543599,0.19711113337026984,0.7018722733035636,0.6844870437555229,10.701402021061943,68.06021828828938,57.52809421886572,53.69634216132832,19.91181324735838,5.779155881818769,71521.0,210241.2969093617, 0.0, 0.0,2.8421709430404007E-14,79.33116173705632, 97.60440074142277,97.60440074142277,0.0, 172.02567568382037, -6.742654860373357, -9.645946473837663, -6.742654860373357, 128.18186292482696, -12.067177693532512, -9.645946473837663, -12.067177693532512, 129.67141089545507, 7.257825648269521, 4.36648075984144, 22.0, 0.0
36, 0 ,1.0,1.0,1.0,145.3256184811654,42.88841479182829,83.05973622963538,12.668440922746335,10.256287088608174,12.815495624117123,64.0,48.0,57.0,0.6857335408617832,-0.09806768896286273,-0.7212158063427647,13.104156206049776,0.6806991780766043,-0.2644429869188615,0.683168014206803,12.55751209965019,0.2577171703689854,0.9594022279789197,0.11458283050304431,10.02535427520724,64.57206791944411,63.188409975756656,47.26877706169516,19.907519060959032,5.797278084273587,69606.0,192866.36199238905, 0.0, 0.0,0.0,NaN, 108.29415450687817,108.29415450687817,0.0, 160.489395413114, -15.082190059144175, -8.626237991619796, -15.082190059144175, 105.19142484395074, -5.294069889153561, -8.626237991619796, -5.294069889153561, 164.23692809176512, 7.336750881799342, 4.514915643337463, 16.0, 0.0
37, 0 ,1.0,1.0,1.0,85.79474121140522,35.75110955011335,108.25042306587056,11.57643818565816,12.086163592824803,10.733615840743523,58.0,70.0,55.0,0.520088227770674,0.7020557191848482,-0.48644218823433144,12.796250952352544,-0.7186757722343651,0.6674636263911846,0.19492932526448672,11.537561528343646,-0.4615337146273264,-0.24821376795934214,-0.851690410687902,9.921714368981283,60.13929399428666,57.313899277498976,53.87383852308666,19.082305409729475,5.582598026492698,62638.0,185693.2861061505, 0.0, 0.0,0.0,NaN, 130.60193077128662,130.60193077128662,0.0, 134.01392106636442, 7.211165993259862, -21.37899215559425, 7.211165993259862, 146.07535039252377, -17.790317449520835, -21.37899215559425, -17.790317449520835, 115.2105090166603, 6.533320322266434, 4.194596714204159, 15.0, 0.0
38, 0 ,1.0,1.0,1.0,16.762687104778674,72.14736252301289,170.11680541103019,10.173914630529172,11.260709855776682,10.454793812217039,40.0,56.0,56.0,0.012060166491682584,-0.8412435750327616,0.5405217848063953,11.789567733647807,-0.8872784040030276,-0.2582614003422325,-0.3821492939717534,10.289106952590659,0.4610765513166262,-0.47498452244190803,-0.7495319321193722,9.734228772385329,55.433146635527244,52.74028245426598,50.596761194311654,17.71157211635674,5.090682880359416,49972.0,147922.65758870868, 0.0, 0.0,0.0,NaN, 79.8701127884642,79.8701127884642,0.0, 103.50853890929554, 2.0971458448813185, 4.0556550742295485, 2.0971458448813185, 126.8035864559861, -19.0192538831111, 4.0556550742295485, -19.0192538831111, 109.30271365597169, 7.610417118527572, 4.570424562002254, 12.0, 0.0
39, 0 ,1.0,1.0,1.0,186.79991903198237,111.24144213035851,65.68807071206874,8.829695419580048,14.786420563117163,9.534188134929437,38.0,70.0,53.0,0.15302288758270596,-0.9771475306411647,0.14753541689277627,15.022229430568709,0.4853026542377049,-0.05574610407340937,-0.8725673072436733,9.667748765562388,-0.860851514295984,-0.20512209837682388,-0.46568186038517695,8.268600510695784,67.95772089420318,50.394665308586546,46.133297226227256,18.611750496429046,6.411336921645345,44462.0,157993.00747186312, 0.0, 0.0,0.0,NaN, 111.20812185508063,111.20812185508063,0.0, 77.96352120255288, -24.199004336474548, -7.075770836791901, -24.199004336474548, 218.6382330693741, -21.455927288337385, -7.075770836791901, -21.455927288337385, 90.90074339222926, 7.300259934463544, 4.650301230127689, 11.0, 0.0
40, 0 ,1.0,1.0,1.0,50.48522725447038,150.94542358176824,187.2778625708915,15.851282749260792,13.948258650419449,6.848820390587201,72.0,63.0,29.0,-0.9143281568973354,0.3944932515123991,0.09153740227850587,16.29491957586184,0.39932281040674145,0.9158654115268999,0.04161539447757042,13.504822406921376,0.06741894832747929,-0.07460309966641797,0.9949316875678345,6.694683912795728,69.336058675122,60.952549938295164,31.17123820168021,21.063546184891425,7.00360243271117,62243.0,131736.185474736, 0.0, 0.0,0.0,NaN, 71.53294639026679,71.53294639026679,0.0, 251.26316479701276, -29.297907925655423, -16.186012971194508, -29.297907925655423, 194.55391937900097, 13.212905855330341, -16.186012971194508, 13.212905855330341, 46.90634074252302, 8.820186004136232, 5.333385393320854, 14.0, 0.0
41, 0 ,1.0,1.0,1.0,81.46169046227492,104.87505218335143,76.39883387604019,12.227360135843185,12.070827071156748,11.89577909596465,63.0,63.0,62.0,0.5361132714835614,-0.6139074032190326,0.5793964622018825,14.00878974812741,-0.8440747502375392,-0.39877777671687686,0.3584886341408614,11.43067465060681,0.01097160656553682,-0.6812444385604988,-0.7319737965117071,10.479324844573837,65.72687491082237,52.23598162561822,52.64399977539378,20.048502750628497,5.897482499458571,71862.0,180743.05663932828, 0.0, 0.0,0.0,NaN, 146.70223082049705,146.70223082049705,0.0, 149.50833589160706, -21.430081007197646, 20.539819232149533, -21.430081007197646, 145.70486618177057, -33.72257758797451, 20.539819232149533, -33.72257758797451, 141.50956029998954, 6.343857805558746, 3.9583016786077128, 21.0, 0.0
42, 0 ,1.0,1.0,1.0,49.23311854889207,182.97113539499466,163.05776960833822,11.758286807172539,9.942358924790243,10.398276770405978,53.0,42.0,44.0,-0.9481387152507864,0.054081750629619736,0.3132221909306938,11.931147099031953,-0.23048177697170746,0.5616143653112179,-0.7946492655002222,10.43246797606067,0.21888610537572403,0.8256297408190391,0.5200234648057087,9.697593013360507,55.898276212991945,50.76053430975695,52.6112892377964,17.805619602926807,5.309602619680342,49507.0,149280.65931495687, 0.0, 0.0,0.0,NaN, 63.86400064273677,63.86400064273677,9.5367431640625E-7, 138.25730863972777, -4.391982418519227, -11.63731833982736, -4.391982418519227, 98.85050098935619, -5.783615392362385, -11.63731833982736, -5.783615392362385, 108.1241597939646, 7.285256650687338, 4.490763905587902, 10.0, 0.0
43, 0 ,1.0,1.0,1.0,178.92455621301775,155.0132792073758,88.38917366175863,12.54276783247537,8.738624432806466,13.006291378305017,51.0,40.0,56.0,0.4044779000483453,0.08467058123226934,-0.9106198553986564,13.144572298374904,-0.9139438230941127,0.0012423944558350732,-0.4058388161378027,12.425827589102296,0.03323125938928357,-0.9964082241379808,-0.07788667581554859,8.698690999977627,62.53065055333937,59.417050207233274,40.558350259580806,19.215193767855062,5.79866586019093,58136.0,150689.95932288092, 0.0, 0.0,0.0,NaN, 101.39341891414995,101.39341891414995,0.0, 157.32102489937887, 3.236449748925783, -6.565520233925979, 3.236449748925783, 76.36355697764213, -7.527340065826275, -6.565520233925979, -7.527340065826275, 169.1636154173714, 7.750679361907573, 4.6269952750321, 10.0, 0.0
44, 0 ,1.0,1.0,1.0,115.2333234450707,152.41995451399188,63.26979135765846,9.280168731859133,12.318131530397938,10.649152076784905,45.0,54.0,49.0,-0.04700295196032676,-0.9010448066751493,0.43117163504891887,12.795733907871076,-0.37311155188790696,-0.3845692143835534,-0.8443306752666365,10.227755443771946,-0.9265951070207595,0.20056115205133632,0.3181143378300133,9.106291692440113,60.463810460831894,52.786841823035616,47.19508749267613,17.96310575936086,5.3468839078923605,50565.0,150632.2586458382, 0.0, 0.0,-7.105427357601002E-15,64.45806195259598, 115.98412253864852,115.98412253864852,0.0, 86.12153169177594, 6.533439664667736, 5.192959587903575, 6.533439664667736, 151.73636440018385, -24.353268456044262, 5.192959587903575, -24.353268456044262, 113.40443995449226, 6.399945478673081, 3.9886664835157437, 15.0, 0.0
45, 0 ,1.0,1.0,1.0,99.47037201062888,158.5703720106289,15.078653675819309,11.322393643766494,10.820768214451679,9.64891057305201,49.0,55.0,41.0,0.8135017898732891,0.32758857217580395,-0.480521139236115,12.45866740416562,-0.20720678716470528,0.9353020690010161,0.286836864916801,10.647964376192183,-0.5433968947517426,0.13377506158562102,-0.8287484827569385,8.354014542587885,63.60263446885743,50.12389795122749,48.55430814676794,17.57805295893859,5.422098486269238,45160.0,154791.7150593893, 0.0, 0.0,0.0,NaN, 108.8031928756959,108.8031928756959,0.0, 128.1965978244039, 14.318559737604586, -35.98526929543292, 14.318559737604586, 117.08902475088779, -1.7534535292682218, -35.98526929543292, -1.7534535292682218, 93.10147524675486, 7.493005459921961, 4.332189176229468, 12.0, 0.0
46, 0 ,1.0,1.0,1.0,95.90981739160912,8.461007325365392,133.21986611054643,11.283122601298105,5.673457866982768,10.798097969900258,57.0,23.0,54.0,-0.8241133813451952,0.0062806615282795,0.56639004932869,11.696472889140313,0.5651942278084137,0.07499715779410723,0.8215417890617959,10.369697736540505,0.0373178179940818,-0.9971639682687964,0.06535595494358282,5.635405076683419,66.84207909387824,51.465363956583104,24.671144822893794,15.773810821791855,5.223293188233547,28531.0,84870.01931843239, 0.0, 0.0,0.0,NaN, 117.17451941162396,117.17451941162396,0.0, 127.30885563592412, 2.6681214064759478, -13.85034820011791, 2.6681214064759478, 32.188124168428665, 5.042308403069783, -13.85034820011791, 5.042308403069783, 116.59891976756408, 6.572661775208928, 4.1637325158141385, 9.0, 0.0
47, 0 ,1.0,1.0,1.0,117.63199832648715,112.96576905522592,54.63616309143465,10.2840993613057,10.712620527085832,11.066097997015566,49.0,48.0,53.0,0.07200741989081999,0.6402450895093126,0.7647883085141136,11.750902210441092,-0.8467348902721226,-0.3659960298205945,0.38611776927696373,10.467800780639768,0.5271194903212398,-0.6753762888307329,0.5157634258152688,9.763345080841349,58.447158495112774,51.07989262772455,49.676174818970466,17.83283709018367,4.997137623185138,52584.0,148306.95716986485, 0.0, 0.0,0.0,NaN, 131.69872958077437,131.69872958077437,0.0, 105.7626996732083, 6.3880761636178045, -2.304666971277346, 6.3880761636178045, 114.76023855734074, 18.923856944404477, -2.304666971277346, 18.923856944404477, 122.45852487955192, 6.577051963394165, 4.021750204617147, 12.0, 0.0
48, 0 ,1.0,1.0,1.0,108.59721780752763,53.50341229923527,129.0582054110652,10.750601851000944,11.153725350811557,11.329856366291784,51.0,53.0,49.0,-0.2593353691388455,-0.6136260555508685,0.7457936914876001,12.590569254580096,-0.8280570221869888,0.5387061786217199,0.15529720255561746,11.000148703467136,-0.4970580794237587,-0.577285645988073,-0.6478229299860404,9.4244877308062,59.165312425991814,53.238710880976456,47.82360719707049,18.404244925203525,5.4433852862024255,53483.0,150638.8611592125, 0.0, 7.105427357601002E-15,0.0,52.14784526056862, 127.4747894278909,127.4747894278909,0.0, 115.57544015874491, -3.2639248406012134, -17.619489165432636, -3.2639248406012134, 124.40558920133641, -29.20571251589361, -17.619489165432636, -29.20571251589361, 128.36564528080245, 7.17198099974658, 4.158163773369789, 15.0, 0.0
49, 0 ,1.0,1.0,1.0,16.14761058879598,49.52729517785191,93.18588882630735,9.449321638156727,10.582618475021725,11.012966319183032,38.0,55.0,49.0,0.21779172732104402,0.46110083125353896,-0.8602050842257397,11.440703821763785,-0.4375906050744415,0.8339438851835057,0.336232150032719,10.500238184319453,-0.8723996938680689,-0.3031890825579584,-0.38339947099150207,9.0234258733536,54.42223341732493,51.186417174136835,44.103476968051154,17.24113826232429,5.03091162475573,46162.0,122858.13593459415, 0.0, 0.0,0.0,NaN, 106.75817613518124,106.75817613518124,0.0, 89.28967942133693, -5.55411354234833, -13.509740619177165, -5.55411354234833, 111.99181378787115, -11.536170874770372, -13.509740619177165, -11.536170874770372, 121.28542714745987, 7.296017858023728, 4.209654030294392, 9.0, 0.0
