// Sample: .//bubblelabels.tif, Map: .//bubblelabels.tif, Thickness:(8.191250068658265):/gpfs/home/mader/Foam/NewValid/InSilicoTest/LatticeDataPhi_16.0/out_Step_05000.vtk/distmap.tif, Neighbors:(1.0):
//LACUNA_NUMBER, TRIANGLES, SCALE_X, SCALE_Y, SCALE_Z, POS_X, POS_Y, POS_Z , STD_X, STD_Y, STD_Z,PROJ_X, PROJ_Y, PROJ_Z, PCA1_X, PCA1_Y, PCA1_Z, PCA1_S, PCA2_X, PCA2_Y, PCA2_Z, PCA2_S, PCA3_X, PCA3_Y, PCA3_Z, PCA3_S,PROJ_PCA1, PROJ_PCA2, PROJ_PCA3,OBJ_RADIUS, OBJ_RADIUS_STD, VOLUME, VOLUME_BOX, Mask_Grad_X,Mask_Grad_Y,Mask_Grad_Z,Mask_Angle, Mask_Distance_Mean,Mask_Distance_COV, Mask_Distance_STD, SHAPET_XX, SHAPET_XY, SHAPET_XZ, SHAPET_YX, SHAPET_YY, SHAPET_YZ, SHAPET_ZX, SHAPET_ZY, SHAPET_ZZ, Thickness, Thickness_STD, Neighbors, Neighbors_STD
1, 0 ,1.0,1.0,1.0,130.82319969489293,15.153466548013915,180.72462930645926,21.196571419138238,9.361013201898464,11.356678379789765,88.0,38.0,47.0,-0.9789421702576336,-0.028482780530545267,0.2021409372307445,21.540832023067974,0.18036168242534023,0.3431140133199102,0.9218147522014422,10.898004478001761,0.0956132355062614,-0.9388618136215543,0.3307515746285584,9.117203851299616,89.77388201097094,55.487448196383355,45.586542285512905,24.085823496266904,9.261234173770488,86527.0,227081.320181576, 0.0, 1.7763568394002505E-15,0.0,88.36783614878958, 73.3934408802847,73.3934408802847,0.0, 449.29463992662795, 12.825947175465627, -69.444943438116, 12.825947175465627, 87.62856816611733, 9.080514145174652, -69.444943438116, 9.080514145174652, 128.97414382198428, 11.268785772404604, 6.428430629249118, 12.0, 0.0
2, 0 ,1.0,1.0,1.0,180.83052862550375,165.6835939890376,92.11301588411676,11.27594015949592,16.226672806171177,15.462261939008597,49.0,67.0,78.0,0.156782419340759,0.9111396357154616,0.38110869474987674,16.533163140613567,0.06884242887507772,0.3748602245334036,-0.9245217856001804,15.272893840974735,-0.9852309338283275,0.17118521049162694,-0.0039535726500387015,11.087222889333239,80.86400771992953,84.99393667670981,54.77579121359082,23.958318743708453,7.451995979910284,114391.0,376471.29347911983, 0.0, 0.0,0.0,NaN, 100.1493487225673,100.1493487225673,1.9073486328125E-6, 127.14682648053288, 24.334782920609964, 1.965302566893305, 24.334782920609964, 263.30491035853515, 13.993640206919371, 1.965302566893305, 13.993640206919371, 239.08154427051392, 7.865224567420731, 5.53186208373405, 17.0, 0.0
3, 0 ,1.0,1.0,1.0,170.0384018258781,64.36560024415812,167.46630883348152,14.990642935076352,15.754223301645295,15.805162769883664,63.0,78.0,67.0,-0.30669619306668017,-0.7191680772466618,0.6234859435686946,17.469773046258187,-0.7647065539689817,-0.20384186369948876,-0.6112874781315288,15.325965940644378,-0.5667109770202893,0.6642633297667865,0.4874350184915427,13.514432852547458,95.5772611517534,77.8715094783604,73.14960343040433,25.74732717146859,7.732608948666917,150722.0,544433.8889047398, 0.0, 0.0,0.0,NaN, 78.09653590817402,78.09653590817402,0.0, 224.71937560695451, 35.175016956959254, 0.9876793332878115, 35.175016956959254, 248.1955518381036, -48.44163746473688, 0.9876793332878115, -48.44163746473688, 249.80317018251665, 7.862141160539228, 5.426654193143383, 19.0, 0.0
4, 0 ,1.0,1.0,1.0,16.083770157256613,44.45472370053219,15.749329758713136,10.049734527145327,11.970741343292376,10.369267807723405,45.0,57.0,41.0,0.16598872892912542,0.9273485790737067,-0.33536898300002355,12.171942346690868,0.6394950221571043,-0.3601077189049242,-0.679241155570963,10.746317171270483,-0.7506622799267181,-0.10172041916483061,-0.6528086226606942,9.39031490450059,56.664759905909065,61.352286229427015,47.857094276678474,17.96341112619779,5.397535359185442,49982.0,166375.78976242585, 0.0, 0.0,0.0,NaN, 49.82922344980708,49.82922344980708,0.0, 100.9971640660969, 2.9443414002215196, -15.199480687041993, 2.9443414002215196, 143.29864830800938, -11.97456617894524, -15.199480687041993, -11.97456617894524, 107.52171486828895, 9.586095809638392, 5.884275275738296, 7.0, 0.0
5, 0 ,1.0,1.0,1.0,30.45621477395371,108.60480873006355,173.96002218491427,16.02696366522932,14.519438662462717,13.648002178789895,74.0,69.0,64.0,-0.9867303567512732,0.08375593571850838,0.13909761427653014,16.094592651254075,-0.013458433733464233,-0.8959259529590587,0.443999501549094,14.783931982490946,0.16180875633582736,0.4362357505367011,0.8851645588966683,13.279498085361931,77.8041937993172,76.14874125924328,71.51750060518191,24.541127758815534,7.1887881591711595,133424.0,423719.12239474815, 0.0, 0.0,0.0,NaN, 99.79349903794144,99.79349903794144,0.0, 256.8635643265809, -6.324871892606755, -11.601754934612453, -6.324871892606755, 210.8140990730171, -15.83118442134684, -11.601754934612453, -15.83118442134684, 186.26796347225374, 7.634804301388943, 5.182573167234701, 19.0, 0.0
6, 0 ,1.0,1.0,1.0,40.961469916783265,13.97839310700346,24.03334560718757,14.77584644600097,8.43636595087887,14.774174362068214,80.0,35.0,61.0,-0.7310028754096717,-0.19634064271556873,0.653517519398547,15.976999276820472,-0.6415894635888741,-0.12837549391490094,-0.7562292594007766,13.817959401449961,-0.23237417316589612,0.9720957178077391,0.03212723245664707,7.846886568703569,91.03559630948476,78.50712807904425,39.499369938886375,21.248809238148475,7.500816135227594,67895.0,282299.75414822134, 0.0, 0.0,0.0,NaN, 49.50595108339991,49.50595108339991,0.0, 218.3256381957995, 38.454444014550695, -29.765457955536057, 38.454444014550695, 71.17227045714833, -12.294205493692422, -29.765457955536057, -12.294205493692422, 218.27622808079374, 7.598580553566938, 5.239591688108243, 9.0, 0.0
7, 0 ,1.0,1.0,1.0,159.34968893062566,176.3690303123335,137.80863589984378,13.50016916890479,14.413991944953759,14.917192949580013,74.0,59.0,79.0,-0.5487091081877227,0.8176217518741518,0.1743931921093201,15.350420634162505,-0.2717306550316898,0.02285036854653917,-0.9621020277357996,15.015548240266188,-0.7906204941107225,-0.5753021219494425,0.20963468885798833,12.306025933328591,78.0868003967228,78.35042676086573,69.81626497597551,23.617874338760487,7.398404462564985,110747.0,427145.27396079764, 0.0, 0.0,0.0,NaN, 77.96560964331974,77.96560964331974,0.0, 182.25456758904747, -38.23356331914848, 11.296522321206993, -38.23356331914848, 207.76316378919185, 10.378004455282824, 11.296522321206993, 10.378004455282824, 222.52264549499967, 7.794060895421155, 5.105067124458699, 21.0, 0.0
8, 0 ,1.0,1.0,1.0,88.9031236673774,123.69170575692964,79.4648933901919,13.63568576481669,12.433673390329265,12.717021983271117,72.0,61.0,64.0,-0.8370739608274169,-0.41191673306174414,-0.360044148860164,13.79962403365962,-0.5372071254361445,0.4943450683314396,0.6833969986742836,13.300598914349079,-0.10351660970749928,0.7654721147371235,-0.6350879884508451,11.61530255423712,68.73934771568099,70.77617643716772,57.96022423499946,21.58281454292574,6.035969249659759,93800.0,281982.76232130086, 0.0, 0.0,0.0,NaN, 141.56761794145783,141.56761794145783,0.0, 185.93192627682453, 7.990336142998053, 1.3152610472969737, 7.990336142998053, 154.59623397738204, 22.419112868427998, 1.3152610472969737, 22.419112868427998, 161.72264812300085, 7.352293863225339, 4.968715383904448, 22.0, 0.0
9, 0 ,1.0,1.0,1.0,172.1725188468477,39.5989175756562,16.699023906524413,15.254013375152166,13.130993295774553,10.992899286549887,70.0,69.0,51.0,0.9142901756152308,0.2575523542456095,0.31263438645807,15.85294784929462,0.28848104838380123,-0.9558332954021969,-0.056226293884259315,12.966949578274292,-0.28434514150386464,-0.1415962436758836,0.9482079646786494,10.319593346119007,85.1895279567105,75.84390729971933,55.30834868025039,21.79112637635362,7.148325325346611,83701.0,357353.1400810132, 0.0, 0.0,0.0,NaN, 51.198636504533326,51.198636504533326,9.5367431640625E-7, 232.68492404932115, 17.10357857382248, 40.39575506612573, 17.10357857382248, 172.42298493367628, 14.974157197237203, 40.39575506612573, 14.974157197237203, 120.84383472422901, 7.690455544978475, 5.067258243568081, 11.0, 0.0
10, 0 ,1.0,1.0,1.0,75.95300433226596,54.52300553091663,43.57607150807377,12.767914181051069,14.313553735743701,16.74876162021245,63.0,66.0,81.0,-0.22621108538896012,0.5187568036070834,0.8244512863465678,18.379138005028132,0.5226732506716281,-0.6495826489214116,0.5521368084565594,12.624005904095252,-0.8219739764004101,-0.5558181005793202,0.12419750878698926,12.298789778547622,88.61110602293219,63.32435616262096,64.36052462998347,24.26283097022414,7.7287451893344254,116798.0,361142.4298876266, 0.0, 0.0,0.0,NaN, 103.1527556941565,103.1527556941565,0.0, 163.01963253468497, -24.64122007774869, -32.449228098872275, -24.64122007774869, 204.8778205460225, 76.87099176233897, -32.449228098872275, 76.87099176233897, 280.5210158107015, 7.519157932796224, 4.788756700076633, 18.0, 0.0
11, 0 ,1.0,1.0,1.0,60.639231634848876,73.05868359228477,138.7666278404043,12.507300944779377,15.828436332721521,12.023574744138834,63.0,78.0,61.0,-0.14653982102309,0.9614395330264438,0.2327232373193814,16.133293145635058,-0.8832320640419815,-0.02122670141493294,-0.46845549222437644,12.64794579602642,-0.4454516830169825,-0.2741960092359725,0.8522847802327599,11.457951069365466,79.94853034608424,62.66632917550987,53.8583996671216,22.523219507913648,6.651534130449786,101306.0,269834.940541375, 7.105427357601002E-15, 0.0,0.0,81.5735430047887, 112.97881893318758,112.97881893318758,0.0, 156.4325769232791, -17.636687186041936, 7.469663339891893, -17.636687186041936, 250.5393967390187, 29.14857360362467, 7.469663339891893, 29.14857360362467, 144.56634962789323, 7.950841026959129, 5.131230181416811, 22.0, 0.0
12, 0 ,1.0,1.0,1.0,42.42133293699451,55.255750009289194,175.74880788714253,12.926008530485271,12.376927045561835,12.122073085928875,68.0,61.0,51.0,0.7380471967538847,0.27993446786662607,0.6139405745379283,14.239635409593525,0.36614433266618085,-0.9304218635477561,-0.015921164805303124,12.299898811958341,0.56676685067157,0.23654143301449193,-0.7891916671172352,10.637666479984002,69.72731769645233,52.966482259117576,56.55026023555422,20.770869392577527,5.982111683881715,80739.0,208852.02821112226, 0.0, 0.0,0.0,NaN, 73.76237330872101,73.76237330872101,0.0, 167.081696530178, 5.524429286763525, 40.380324914789504, 5.524429286763525, 153.18832309116004, 15.96498428192561, 40.380324914789504, 15.96498428192561, 146.94465590060122, 7.559422025964956, 4.969280804937252, 12.0, 0.0
13, 0 ,1.0,1.0,1.0,77.59915177596906,185.98963108491597,26.762887080175883,12.766977402932868,7.986165518563878,15.277807687535708,59.0,32.0,60.0,0.01802351298895504,0.025792809912987893,0.9995048193662343,15.282157538032381,0.9993012422379324,0.0322738810590912,-0.01885268848489794,12.770259290131998,-0.03274416346865404,0.9991461992912621,-0.02519309827238317,7.9725841531952355,61.38980592882246,59.9301781133738,33.43113224587174,20.386532953290054,6.6764686458239755,64134.0,122996.54563040183, 0.0, 0.0,3.552713678800501E-15,1.803172929095106, 83.27166936211187,83.27166936211187,0.0, 162.9957120069985, 3.288590075950649, 1.1873000445498265, 3.288590075950649, 63.77883968989865, 4.321597279263969, 1.1873000445498265, 4.321597279263969, 233.41140773732516, 7.2501278581559445, 4.86966308587584, 9.0, 0.0
14, 0 ,1.0,1.0,1.0,187.33081057144582,55.21557537086613,93.74330226847286,7.930791151280709,12.8083601152672,13.783892016021301,33.0,54.0,75.0,-0.15326445770868946,0.5661145044060031,0.8099533158796296,14.887685778932127,-0.09208095570110092,-0.8242526131857861,0.5586848192438868,11.700722455892986,-0.9838857167376875,-0.011045250452019824,-0.17845699437684956,7.641800991577803,86.79107819274094,56.17081022140318,38.055621730286106,19.240255213970205,6.838113448766936,49681.0,185525.91981685418, 0.0, 7.105427357601002E-15,0.0,55.5202796729955, 109.53115924023929,109.53115924023929,NaN, 62.89744828523239, -8.205349755845909, -24.303761453722764, -8.205349755845909, 164.05408884236763, 38.699064686794905, -24.303761453722764, 38.699064686794905, 189.99567910933578, 8.162445324491623, 5.116390468381369, 12.0, 0.0
15, 0 ,1.0,1.0,1.0,183.93746227433192,19.569570704761208,177.21060525690038,9.378911872863013,11.57165130220023,12.240063571935774,36.0,46.0,49.0,0.11632877694813656,0.5748220893778482,0.8099673951567655,12.847579463170478,-0.1709119015944434,-0.7917537527867176,0.5864427651881479,10.988739640276691,-0.978394980336225,0.20665323736016125,-0.006140190668282998,9.266798858257587,69.62008178250665,58.290578483664916,40.82602695395161,18.461743792905754,5.554302309812018,54671.0,165679.97197049897, 0.0, 0.0,0.0,NaN, 34.063612969178344,34.063612969178344,0.0, 87.96398791893077, 10.014895689480282, 3.965266034521545, 10.014895689480282, 133.90311385971228, 20.67344593852942, 3.965266034521545, 20.67344593852942, 149.81915624502915, 8.04151931769045, 5.181414617931379, 3.0, 0.0
16, 0 ,1.0,1.0,1.0,185.63034642032332,14.397644341801385,93.92741339491917,8.48522602050312,8.550439071046956,15.983755365143608,35.0,32.0,70.0,-0.23897409448335347,-0.06105337547795787,0.9691046731435207,16.38053710232915,0.41718961097778867,-0.9076700881382486,0.045692883377011675,8.699744732130817,0.8768376193218805,0.415219817014857,0.24238047136699367,7.522097469087114,75.82120146547442,40.1786712460952,41.34966842849897,18.784668262067076,6.908382066993254,43300.0,125967.42841047798, 0.0, 0.0,0.0,NaN, 96.10482866980702,96.10482866980702,0.0, 71.99906061902323, -4.144649068478682, -48.67290580140723, -4.144649068478682, 73.11000830768633, -13.320351127799672, -48.67290580140723, -13.320351127799672, 255.4804355727571, 7.9002004307770015, 5.19124480767205, 7.0, 0.0
17, 0 ,1.0,1.0,1.0,101.27757974274672,84.9057507065813,13.71076887581473,14.445781017877371,17.34899882092772,9.368542260926503,73.0,84.0,38.0,-0.12305891919082965,0.9828591429729866,0.1372749339172718,17.521508249233193,0.9906180944918824,0.11337303582283977,0.07630429616728729,14.40889818997794,-0.059433099135556125,-0.14537695767459022,0.9875896146195661,9.10045795675619,86.96674228449501,72.32595498218832,42.38154036922195,23.038842380530387,8.163925230232342,86685.0,266577.88374221564, 0.0, 0.0,0.0,NaN, 130.9316155390434,130.9316155390434,0.0, 208.68058921646616, -13.099084887832472, 5.646149614237426, -13.099084887832472, 300.9877600885514, 31.327069062875985, 5.646149614237426, 31.327069062875985, 87.76958409476589, 7.679486839883831, 4.862742080781297, 15.0, 0.0
18, 0 ,1.0,1.0,1.0,77.16712810371347,123.77865304328719,126.2795759173808,11.096428013026756,13.865015167819177,14.07077826741025,57.0,62.0,67.0,0.06095150024716095,-0.6879432106493931,0.723200562457625,14.980388453511964,0.39991904394771893,-0.6470171525396416,-0.6491791452345308,13.283893057723025,-0.9145215540956718,-0.3287901203517207,-0.23568492496029228,10.605767691007987,69.9463278900183,62.486359184114846,58.164667205729685,21.741938952514545,6.37528445545147,91020.0,254219.8088871415, 0.0, 0.0,0.0,NaN, 131.14556919161143,131.14556919161143,0.0, 123.13071464828492, -21.248328610135008, -11.676421762856608, -21.248328610135008, 192.23864560385584, -28.8140670621023, -11.676421762856608, -28.8140670621023, 197.9868010506246, 7.250238792494781, 4.598322225074237, 19.0, 0.0
19, 0 ,1.0,1.0,1.0,182.33589095242246,148.60367076466997,36.219214113407155,10.542289049753508,13.882037268044675,11.329877299146888,44.0,67.0,52.0,-0.031769937379438604,0.9994915907194125,-0.0026890816434147376,13.884951119220013,0.4555565858030467,0.016874992307812812,0.8900468705445138,11.59827259037645,0.8896397406874188,0.02705170448954493,-0.45586109405588926,10.242321127061553,67.537296408689,57.01307590530857,49.960748883635205,19.94012656065703,5.8828810525660025,68814.0,192374.3135523142, 0.0, 0.0,0.0,NaN, 65.31029687808794,65.31029687808794,0.0, 111.13985840855274, -2.563072137277044, 12.015317885643892, -2.563072137277044, 192.71095871138124, 0.20858584757386994, 12.015317885643892, 0.20858584757386994, 128.36611961372398, 7.861482629441884, 5.221161250876712, 14.0, 0.0
20, 0 ,1.0,1.0,1.0,151.70531958455868,186.93213714030452,10.302386181736962,13.380268275241303,7.703634751582145,6.635580171297898,66.0,29.0,25.0,0.9980862691941209,0.05555337713429197,0.027159188779037786,13.39823567465308,-0.049392455951800085,0.9804683663794886,-0.19037375823412583,7.717043923191489,-0.037204630642028245,0.18866797507290695,0.9813359315956381,6.583540506970514,66.26256740675201,34.2095599621866,29.17225215797773,15.750384969731282,5.859510646647255,26863.0,66128.04839353988, 0.0, 0.0,0.0,NaN, 51.08115461877368,51.08115461877368,6.743495761743046E-7, 179.03157911742886, 6.765208562061232, 3.8436023159970585, 6.765208562061232, 59.3459883857841, -2.8201894796074694, 3.8436023159970585, -2.8201894796074694, 44.03092420972184, 7.737147804136514, 5.078896311153673, 5.0, 0.0
21, 0 ,1.0,1.0,1.0,19.039027118459103,84.87004146887107,25.561548534948436,11.357609718304179,11.257179059953925,13.788234881270448,44.0,52.0,58.0,-0.12429596776182396,-0.3519168131190402,0.927741919416327,14.223953136209229,0.9565065378089821,-0.2911734035447543,0.017700062057469573,11.351118071980752,0.26390482285632105,0.8895912576640482,0.372802412493363,10.708224677188154,66.7408273369665,50.36304339725062,51.14170363876039,20.265673506397132,5.9276704846320785,73308.0,171901.13471811084, 0.0, 0.0,0.0,NaN, 90.65760451307898,90.65760451307898,0.0, 128.99529851331752, -0.11558341030228556, -9.867771462302743, -0.11558341030228556, 126.72408038786513, -28.691317824896785, -9.867771462302743, -28.691317824896785, 190.1154211410831, 8.037252805691265, 4.926118649370488, 10.0, 0.0
22, 0 ,1.0,1.0,1.0,41.02459192902364,174.3091864421379,187.03038459881992,11.818833498817527,13.292950883786117,7.124709901333723,65.0,60.0,30.0,-0.19143421510707506,-0.9794193358009458,0.0639586268268146,13.379378837913553,0.9745028308503687,-0.1818942937907226,0.13137236600971794,11.810174657007822,-0.11703492620134893,0.08747702867386291,0.9892677066918929,6.975733375943018,63.892037427656845,64.11064801510346,33.68318659740433,18.24619366819838,5.850237283416694,46438.0,137971.71900211822, 0.0, 0.0,0.0,NaN, 50.11233349049185,50.11233349049185,NaN, 139.68482527277135, 8.340990332983287, 10.030994030495677, 8.340990332983287, 176.7025431987501, -10.335442139408652, 10.030994030495677, -10.335442139408652, 50.7614911781628, 7.440264432107151, 4.887838035875469, 9.0, 0.0
23, 0 ,1.0,1.0,1.0,67.72771478722899,188.6860145168177,74.54618340528488,13.419840396886261,6.7619530510733625,11.498234333242356,64.0,26.0,51.0,-0.9900216720362782,-0.06044046829406046,-0.12729508510106294,13.464854580808055,0.13125256569434152,-0.0667696364209151,-0.9890978615136483,11.48415390733441,0.05128209138817154,-0.9959361251830429,0.0740363536260516,6.69607484092899,65.35320933234823,50.51304728076447,29.403255715157343,17.970434113244732,5.923598222911383,42158.0,97065.7264703813, 0.0, 0.0,0.0,NaN, 101.35177886010818,101.35177886010818,NaN, 180.09211627790043, 7.4028360130592334, 5.8972114262836035, 7.4028360130592334, 45.72400906492035, 6.798753018069004, 5.8972114262836035, 6.798753018069004, 132.2093927821533, 6.937157939192557, 4.740808872138449, 10.0, 0.0
24, 0 ,1.0,1.0,1.0,113.76943171536149,83.65171769650622,64.70127842152885,11.300388778510312,12.259728520155893,11.199681268325618,54.0,54.0,56.0,0.3931003112847968,-0.9071078372031876,0.1504244559649496,12.524819972604273,0.5730616758520557,0.11375655157755327,-0.8115785622124438,11.286082494421477,-0.7190775069055005,-0.405234276262187,-0.5645464732020136,10.917225702002108,59.9806482960668,51.653043869421936,50.88863579799923,19.3722209085278,5.305624140167211,68522.0,157662.30926152947, 0.0, 0.0,0.0,NaN, 136.45356796232142,136.45356796232142,0.0, 127.6987865454818, -12.904096671330302, -1.580565398240855, -12.904096671330302, 150.30094338792378, -5.898309892738142, -1.580565398240855, -5.898309892738142, 125.43286051208372, 6.970120375896428, 4.505521526865141, 14.0, 0.0
25, 0 ,1.0,1.0,1.0,50.07694065154284,85.07621492312654,77.2523384582303,12.924401877478585,11.933055653925855,11.694500592915084,63.0,66.0,56.0,-0.848343826643214,-0.06607093266872763,0.5253069423228982,13.630872552505755,0.09838672341228755,-0.9945742187674023,0.033796094736020986,11.93169357232376,0.5202238022741197,0.08035393717483016,0.850241401207893,10.864314391689351,64.53724258142887,67.33626258821036,55.02693964396421,20.27950771286399,5.911082148966922,74408.0,239130.39074724648, 0.0, 0.0,0.0,NaN, 125.3538436902879,125.3538436902879,1.3486991523486091E-6, 167.04016389057196, 1.417464110916988, -30.11900115140009, 1.417464110916988, 142.39781723969182, -3.169901239068886, -30.11900115140009, -3.169901239068886, 136.76134411769127, 6.972413623432948, 4.450685142671628, 14.0, 0.0
26, 0 ,1.0,1.0,1.0,102.24067299772275,21.508878821648334,104.65654828237803,12.15571716167938,12.770657404190391,12.71975386185248,56.0,51.0,60.0,-0.47348290932592285,0.6253275012940217,0.6203059331504376,14.150500101897713,-0.11708500482026662,-0.7426849262508314,0.6593255659884846,11.829664547078744,-0.8729862749336316,-0.23955086400422942,-0.42486509309700765,11.509373229061678,74.33447958389118,63.03247968002857,58.60611271492252,20.879864690423627,6.055950715256621,82556.0,274598.1542740707, 0.0, 0.0,-1.4210854715202004E-14,51.66152122396742, 138.23853178304896,138.23853178304896,0.0, 147.7614597147466, -19.415728878668123, -20.48169676125988, -19.415728878668123, 163.08969053520286, 22.627546757461822, -20.48169676125988, 22.627546757461822, 161.79213830611107, 7.201855484815154, 4.6621412196851715, 15.0, 0.0
27, 0 ,1.0,1.0,1.0,143.75982653201956,73.00398424690071,113.64980002145364,12.999999859276217,9.959469301357002,11.774734539490437,60.0,47.0,59.0,-0.9171195103323226,0.22394293868855075,0.32975955479612173,13.179474775942383,0.3923644436404333,0.3612710230373948,0.8458920683398367,12.081216591310962,0.07029898387980858,0.9051700437625242,-0.41919595029104995,9.337079248108287,59.82243056804995,63.429537224868284,44.26018017097227,19.39480832575607,5.5386648741841356,65257.0,167945.65583322875, 0.0, 0.0,0.0,NaN, 126.28893801107525,126.28893801107525,1.3486991523486091E-6, 168.99999634118166, -9.437861913638768, -6.658177425621917, -9.437861913638768, 99.19102876467252, 24.350430635708562, -6.658177425621917, 24.350430635708562, 138.64437347546905, 6.64054863606442, 4.533070930786057, 15.0, 0.0
28, 0 ,1.0,1.0,1.0,137.10698730423502,141.04899144348687,18.26434065424891,10.497169069505462,13.471738213864377,10.879904822307168,47.0,66.0,44.0,-0.1413343357103103,-0.9813273534618203,0.13046543947324057,13.582172264276677,0.5322030802965575,0.0358054104366424,0.845859240007651,11.06934109376586,-0.8347361780060708,0.18898306255081193,0.5172049063927511,10.151103499251619,66.85505236005199,52.675146255017935,56.702025107206985,19.419991569607298,5.737119953028722,64746.0,199681.8323928671, 0.0, 0.0,0.0,NaN, 88.11548442421564,88.11548442421564,0.0, 110.19055847378218, 11.665332781499497, 7.270208387979636, 11.665332781499497, 181.48773050289375, -9.835348725100024, 7.270208387979636, -9.835348725100024, 118.37232894246279, 7.486350395304848, 4.690693028763943, 8.0, 0.0
29, 0 ,1.0,1.0,1.0,181.6294417183594,94.26167947412277,77.9048236274419,9.894604657441556,9.76557930330745,13.212496850331766,37.0,50.0,65.0,-0.15480655901565257,-0.1468066111541988,0.9769763293996191,13.335748415918697,-0.727937806065515,-0.6516326938050558,-0.2132636463743673,10.294278527752624,-0.6679382305170577,0.7441926170594454,0.005989067369439624,9.166540091913141,66.57559274770394,53.262526538615816,48.9031611403759,18.389802425945255,5.445638641237726,54005.0,173409.8404283952, 0.0, -1.4210854715202004E-14,0.0,81.55808993124768, 123.66043495509888,123.66043495509888,0.0, 97.90320132706412, 12.542518834110508, -10.781995547961085, 12.542518834110508, 95.36653912918682, -10.405887741931496, -10.781995547961085, -10.405887741931496, 174.57007302002683, 7.38259685220525, 4.679022749902097, 10.0, 0.0
30, 0 ,1.0,1.0,1.0,59.1418747376207,11.381384563100973,107.33722487655679,11.772519266630969,7.266778386243156,14.101729398763569,57.0,29.0,69.0,-0.07719002259949348,0.12691834183182632,0.9889051698306313,14.206626952636432,0.9937675779592149,0.08980058247658568,0.06604435164298021,11.781055738311418,-0.08042202066701244,0.9878398604498231,-0.133059042151629,7.0452484947902585,71.00958871025055,58.99573350458668,31.721522239909582,18.80011265336402,6.067356446987351,50023.0,132889.79218512127, -7.105427357601002E-15, 0.0,1.4210854715202004E-14,32.19618376757536, 110.51555164605303,110.51555164605303,0.0, 138.59220988319737, 6.46551213952926, -5.765753452390281, 6.46551213952926, 52.80606811477069, 19.63051843761979, -5.765753452390281, 19.63051843761979, 198.8587720359527, 6.7953773503744594, 4.513421069347888, 12.0, 0.0
31, 0 ,1.0,1.0,1.0,54.384252008607405,151.2031908527191,19.0552096464087,12.105353912604572,13.570159262495773,12.43395509792978,57.0,69.0,50.0,-0.48775382774034537,0.8721537343483033,-0.03800088402852928,14.228834178763671,-0.4141310036845938,-0.19284460293139769,0.889554085431247,12.80014210508938,0.7684996521221282,0.44962075439478927,0.4552465946117863,10.908193944875078,73.07922738934614,63.67978868642918,53.84881938042648,21.028584280551474,6.564350561321211,78537.0,250594.62222890518, 0.0, 0.0,0.0,NaN, 75.51077051759215,75.51077051759215,0.0, 146.5395933494108, -31.92602077432737, -14.977056886681877, -31.92602077432737, 184.1492224094998, -10.46112068881459, -14.977056886681877, -10.46112068881459, 154.60323937733398, 7.462521463678879, 4.562784412558113, 12.0, 0.0
32, 0 ,1.0,1.0,1.0,90.70747161964707,74.72952961672473,100.51445712037766,11.673090712992686,12.755248362020458,10.642425824543658,56.0,56.0,53.0,0.13967989709646575,0.9828085931376919,0.12073440107041196,12.79450768837557,-0.9391263788721972,0.17013959795950656,-0.29848645147237673,11.772703593610764,-0.31389675190023036,-0.07169230405620859,0.9467465567328971,10.484400703453575,58.507522612350115,54.54541834344698,50.162820902841375,19.58580958801599,5.349270771188274,71176.0,160085.47802003796, 0.0, 0.0,-1.4210854715202004E-14,83.06551116595377, 153.97961308699016,153.97961308699016,0.0, 136.26104679375607, 2.8008111744102706, 8.944665501059129, 2.8008111744102706, 162.69636077682557, 4.924901849280512, 8.944665501059129, 4.924901849280512, 113.26122743091373, 6.826092017331113, 4.444265593809662, 7.0, 0.0
33, 0 ,1.0,1.0,1.0,12.910263997106881,103.47059210310024,108.09417431041851,8.69689099594679,14.845613693478034,12.234345785912563,35.0,73.0,61.0,-0.05865244707542923,0.944536281633594,0.32312706963336874,15.171323384793498,-0.043358236021808855,-0.32578916707321137,0.9444477126801778,11.855782087567649,-0.9973364296069513,-0.04138394973328528,-0.0600617589097408,8.65902728871827,68.81376403714265,54.323907732540626,38.205042808969125,20.029922168760297,6.6715510680863686,60834.0,142819.33530111777, 0.0, 0.0,0.0,NaN, 133.9077380179532,133.9077380179532,0.0, 75.63591299538035, -7.671072717710107, -5.626703857044184, -7.671072717710107, 220.39224593598252, 27.18627704641062, -5.626703857044184, 27.18627704641062, 149.67921680927648, 7.203839307538064, 4.543588784723351, 17.0, 0.0
34, 0 ,1.0,1.0,1.0,31.833878726398115,39.98897215223011,103.98062763833894,10.113251802276524,11.736024073601953,11.67997816085642,44.0,56.0,53.0,-0.20924555597619052,-0.7902374007654493,0.5759697455037736,11.98679053680473,-0.11790071847087918,-0.5643236740811222,-0.817091311577619,11.525962396333524,-0.9707294771913879,0.23887997258675794,-0.024912663620824393,9.995151643450491,58.65626187630645,58.98867774911972,47.295135292743225,18.7020736832565,5.163957092825059,61118.0,163643.7849427678, -3.552713678800501E-15, 0.0,0.0,77.9218564284497, 108.77607088549475,108.77607088549475,0.0, 102.27786201624936, 9.431150140082991, -2.10258332386436, 9.431150140082991, 137.73426105616457, -4.735676183313609, -2.10258332386436, -4.735676183313609, 136.4218898380829, 6.934585287950497, 4.4800313408426815, 10.0, 0.0
35, 0 ,1.0,1.0,1.0,22.187810201907336,177.4302289322558,100.81443754385053,12.934108789281378,12.753013683831812,11.297414524668318,51.0,58.0,58.0,0.6997723623158872,0.6885121080622714,0.19044610258676606,14.13914305532751,-0.6584449800498288,0.5182500722288158,0.5457719953258945,11.792743633813712,0.277071920601896,-0.507314438673367,0.8160044185710656,10.889349584951525,75.88581115059353,60.767145820487315,58.701814357119616,20.50518762969885,6.090926317562965,76966.0,270695.4423775626, 0.0, 0.0,0.0,NaN, 104.11277197034461,104.11277197034461,0.0, 167.29117017296582, 32.19623003383597, 3.476136284900374, 32.19623003383597, 162.63935802000142, 16.46109359471019, 3.476136284900374, 16.46109359471019, 127.63157494218667, 7.198908997542942, 4.613615681692019, 11.0, 0.0
36, 0 ,1.0,1.0,1.0,132.75272663463096,42.37003941471843,32.34161222396199,11.78314556015856,11.032872809437121,15.489140810389948,64.0,51.0,65.0,0.4764772146986106,0.03956188543448021,0.8782962604348964,16.819471512582044,0.295354313445996,-0.9481319814155431,-0.1175226588615214,11.1636439087084,0.8280913557101651,0.31540545816124765,-0.46344805918268267,9.641510124570098,77.92936852731222,51.15937344382247,52.20816695545025,21.198280010252795,7.149350276217941,74084.0,208144.4423655801, 0.0, 0.0,0.0,NaN, 85.81023188598544,85.81023188598544,9.5367431640625E-7, 138.8425192918844, -5.287852275279087, 78.38669610618658, -5.287852275279087, 121.72428242921696, 10.128408866857958, 78.38669610618658, 10.128408866857958, 239.91348304408737, 6.512313439157211, 4.250008766001289, 12.0, 0.0
37, 0 ,1.0,1.0,1.0,18.883299148888064,131.71905231027634,16.50822849206221,10.962300982207482,14.26912122180789,9.780672302895642,52.0,67.0,41.0,0.08652975859582512,-0.9941932312855845,-0.06397202312945788,14.302429760451934,0.9214822382170914,0.1042770129299213,-0.37416144807399937,11.155706419010139,0.3786595905662066,-0.02657298327890075,0.9251544687412433,9.509581021474087,68.91358869294615,59.84111712964246,46.819876859704436,19.497179046397626,6.269084717603181,61919.0,193078.90452353575, 0.0, 0.0,0.0,NaN, 72.74193021977977,72.74193021977977,0.0, 120.17204282450712, -6.54933264435691, -12.360463523576986, -6.54933264435691, 203.6078204426483, 5.931315797217474, -12.360463523576986, 5.931315797217474, 95.66155069662994, 6.937980161038139, 4.420008870419739, 8.0, 0.0
38, 0 ,1.0,1.0,1.0,98.35710155086305,134.6437045474459,16.387838429860686,10.660108061106007,12.939702582855585,10.795735631355903,50.0,59.0,44.0,-0.04713082650959926,-0.9364474813306236,0.34762738658231834,13.28910803967351,-0.7524304637295487,-0.19561098037212313,-0.6289552779090051,11.518072872927794,0.6569833197610566,-0.2912086177766505,-0.6953923054566777,9.399751030381273,66.45102782114505,63.372362943645555,46.46775530908931,19.010034177474047,6.019992956860304,57065.0,195683.0898581412, 0.0, 0.0,0.0,NaN, 119.22300964650886,119.22300964650886,1.9073486328125E-6, 113.63790387445727, 10.416552856078997, 19.524009961908355, 10.416552856078997, 167.4359029327595, -23.2752732680994, 19.524009961908355, -23.2752732680994, 116.54790782212743, 7.082270929640624, 4.516433011955484, 7.0, 0.0
39, 0 ,1.0,1.0,1.0,145.82449791930523,103.2964948928401,82.85527246410184,9.573466232253304,12.886555604408555,11.09310234445424,46.0,62.0,50.0,-0.10415714551599659,0.9601884853361278,0.259209107991738,13.054962934206507,0.07025554460330918,-0.25287226751751046,0.9649454776167643,10.940621797380373,-0.9920763314838488,-0.11871684357522964,0.04112011139433485,9.520621205747224,64.794883708902,49.77870167402714,47.14699708455626,18.785705597316515,5.279086652167001,60797.0,152068.1689078661, 0.0, 0.0,0.0,NaN, 138.3891220465193,138.3891220465193,0.0, 91.65125570009427, -8.4960014391073, -0.18448678072984143, -8.4960014391073, 166.06331534551353, 12.769213259899, -0.18448678072984143, 12.769213259899, 123.05691962453615, 7.505159144819921, 4.503814689782764, 12.0, 0.0
40, 0 ,1.0,1.0,1.0,29.389189797730882,146.51236506010534,126.95839535669164,15.43350460138848,11.296336318885013,10.981995528948678,66.0,65.0,57.0,-0.971673633379946,-0.234938230569693,0.025580813337270556,15.65625671275858,-0.1888396556753046,0.7067838584814394,-0.6817596070716723,11.061989704247615,0.14209128980569843,-0.6672785064775204,-0.7311288943507038,10.904976562818026,71.12273418295842,50.73323914941035,64.02999399596115,21.103510217100915,6.406743386854701,79943.0,231038.5746010687, 0.0, 0.0,0.0,NaN, 95.18260123205215,95.18260123205215,0.0, 238.1930642810794, 28.34897096537469, -2.692800554554402, 28.34897096537469, 127.60721422936061, -2.420422973994868, -2.692800554554402, -2.420422973994868, 120.60422579784874, 7.1905680539377075, 4.469714833071519, 12.0, 0.0
41, 0 ,1.0,1.0,1.0,124.88837715625523,73.7252721487188,165.99204488360408,10.489005842931375,9.88604249843266,13.097505596260367,49.0,46.0,64.0,-0.07475424157028053,-0.03218760314428527,0.9966823774759329,13.111872582063711,-0.8673653390360253,-0.49105029141469003,-0.08091341013990822,10.740063563690308,-0.49202558064207713,0.8705363688585183,-0.00878968079357036,9.593099850285858,64.18325193417368,52.955944979345304,48.371892485358394,18.73339612694157,5.325185653949245,59710.0,164410.48808514228, 0.0, 0.0,2.8421709430404007E-14,4.668434367599478, 110.60611488892651,110.60611488892651,0.0, 110.01924357304853, 10.125287872570969, -4.315843591538543, 10.125287872570969, 97.73383628081667, -1.6364343615702164, -4.315843591538543, -1.6364343615702164, 171.54465284407163, 7.274864720509113, 4.556438828346848, 15.0, 0.0
42, 0 ,1.0,1.0,1.0,179.47670550475584,83.24394443422878,20.476906103207902,11.450481876264359,10.890140535264115,11.149371105578354,50.0,53.0,45.0,0.8807652813501222,0.4716006186051148,0.04295783629924149,11.669171591209444,0.036149250395396376,0.023492105112536146,-0.9990702441236212,11.148394056019592,-0.472171315164412,0.8814992782349027,0.0036430217203694084,10.656496444563011,63.39336754987664,45.867260648917984,56.37783124091008,18.607008569978507,5.272229528686426,59821.0,163928.6987032771, 0.0, 0.0,0.0,NaN, 88.14796415951466,88.14796415951466,0.0, 131.11353519865855, 9.400050760921602, 0.46804748591334777, 9.400050760921602, 118.59516087780256, 0.20629058751759408, 0.46804748591334777, 0.20629058751759408, 124.3084760499055, 6.995687031277212, 4.407877937375695, 8.0, 0.0
43, 0 ,1.0,1.0,1.0,149.90174825174824,112.93095994914177,130.2585187539733,12.164509025954365,11.319505981755515,10.523195804298183,59.0,56.0,52.0,0.8964946318974714,-0.42980723492410317,0.1075319291462552,12.40761448644126,0.4428645560749912,0.8622084309017419,-0.24590161986952755,11.114386025399408,0.012975359398449182,0.2680715622531678,0.9633116201726355,10.457804333768268,62.99198691313981,61.317496147444174,49.05621222606618,18.94130546943473,5.298215979241639,62920.0,189480.15516517844, 0.0, 0.0,0.0,NaN, 122.28952027871831,122.28952027871831,NaN, 147.9752798425252, -11.770435562530265, 2.7554380632082496, -11.770435562530265, 128.1312156709989, -5.0635568107555535, 2.7554380632082496, -5.0635568107555535, 110.73764993559887, 6.4294103315148625, 4.325506957074456, 16.0, 0.0
44, 0 ,1.0,1.0,1.0,9.908702638700948,167.92107154939106,161.73513616373478,6.53995180376864,15.627845045512286,11.54188430274055,27.0,67.0,66.0,0.04364497444933774,0.9853385501184716,0.1649334952510998,15.742528172363356,0.004674326785635962,0.16488759916519102,-0.9863012877973141,11.402224033260573,-0.9990361689520643,0.04381804755996346,0.002590720674838931,6.509815470325507,71.62542169647497,65.63729105997464,28.05669835124293,19.311823132153766,6.8752520631899126,47296.0,131902.9181154014, 0.0, 0.0,0.0,NaN, 50.90618668619174,50.90618668619174,0.0, 42.7709695956167, 8.902913289713126, 1.0749179202258632, 8.902913289713126, 244.2295407665429, 19.137036182747394, 1.0749179202258632, 19.137036182747394, 133.2150932578487, 7.828841975345673, 4.793375001449848, 6.0, 0.0
45, 0 ,1.0,1.0,1.0,117.93733515099429,178.4642148001067,31.46686720208636,10.667389624925445,10.813959608426623,13.93070912037161,58.0,46.0,61.0,0.147492977936997,0.1379299634408679,0.9793983595271525,14.051389787118877,-0.2613264899133552,-0.9496045409619989,0.1730886520079109,10.756780423990067,-0.953915241061197,0.28147209625387654,0.10401524840910088,10.566442181717058,64.78528273099658,52.314425698538685,57.951553456198404,19.730134870723653,5.959979731685227,67486.0,196409.68660610108, 0.0, 2.8421709430404007E-14,0.0,82.07192019218161, 90.48886526976631,90.48886526976631,NaN, 113.79320140996703, 2.7524992500615144, 12.2094268647957, 2.7524992500615144, 116.94172241268248, 10.922383669102391, 12.2094268647957, 10.922383669102391, 194.06465659640477, 6.228496739769174, 4.178441237791759, 9.0, 0.0
46, 0 ,1.0,1.0,1.0,16.0008835873647,150.05534315474674,60.68977587466653,10.280554074854402,10.257355803096171,13.46687044255183,40.0,49.0,66.0,-0.10183821628943303,0.06980413695848892,0.9923489104979493,13.506381954305951,0.7019993590634191,-0.701753403924335,0.12140453020854387,10.632295763511513,-0.7048587642765995,-0.7089919199427376,-0.022462855525857958,9.83827591478334,65.39654406442315,53.05742891433349,52.545370182706336,18.943185047375344,5.780612418653037,58851.0,182320.4798286408, 0.0, 0.0,-7.105427357601002E-15,7.092127960564356, 80.21063469817301,80.21063469817301,0.0, 105.68979208600545, -8.615960269902999, -7.268489377334119, -8.615960269902999, 105.21334807131069, 4.546862414847877, -7.268489377334119, 4.546862414847877, 181.35659951647614, 6.978185841039932, 4.396441371258244, 10.0, 0.0
47, 0 ,1.0,1.0,1.0,121.03082118087167,152.84405674275405,110.45407445417376,12.12025486001287,12.343589056520013,9.294116989961319,65.0,56.0,44.0,-0.48210336208131344,-0.8757831062331902,0.02408939821661527,12.4513077010111,0.8716810445981853,-0.4767199082222073,0.11362343769146867,12.043160968271636,-0.08802559149537474,0.07577651312349455,0.9932318034078119,9.250545374086549,58.509333503888115,61.77822087635518,44.04616458312283,18.872335852697606,5.42957813775571,60413.0,159209.37787427162, 0.0, 0.0,0.0,NaN, 128.36778010741918,128.36778010741918,0.0, 146.9005778716656, 4.617704241553827, 5.0829211157582606, 4.617704241553827, 152.36419079624062, -4.686477489401584, 5.0829211157582606, -4.686477489401584, 86.38061062308763, 6.656651128037034, 4.41993022289365, 14.0, 0.0
48, 0 ,1.0,1.0,1.0,113.1059556383536,28.649414915293708,65.5054821369661,9.506490279777108,13.874773183208255,9.701689768727155,44.0,56.0,52.0,0.2881755201480248,-0.9520307225705792,0.10291925412261559,14.277727016461844,-0.11105158865087705,-0.13998007416270786,-0.9839070705587589,9.655838487890241,-0.9511164041512118,-0.2721085851625101,0.14606335486810262,8.939617834827713,61.48554623919624,53.83306815007296,43.34357344994763,18.54272282617308,5.759592249912797,51531.0,143465.30370537, 0.0, 0.0,0.0,NaN, 112.52702835545249,112.52702835545249,0.0, 90.37335743949662, -33.79524568584948, 5.131048641248693, -33.79524568584948, 192.50933088547492, -10.30928877207086, 5.131048641248693, -10.30928877207086, 94.12278436862515, 6.437007133293924, 4.145189748848465, 7.0, 0.0
49, 0 ,1.0,1.0,1.0,142.0751879699248,37.32149556280639,127.57084535237465,12.636860891927167,9.77153689953981,12.00274228448467,59.0,45.0,63.0,-0.9883448493577189,0.1368054102145735,-0.06677378590502364,12.695822029118569,0.04249990181456366,-0.17322757851195372,-0.9839644121555601,12.059880047303372,-0.14617871628188597,-0.9753340380499943,0.1653943684871787,9.623637834953287,57.54712748929444,62.983395563803754,44.70945705332518,19.21978498247783,5.462497062338825,63441.0,162050.03040897645, 0.0, 0.0,0.0,NaN, 99.97079734969483,99.97079734969483,0.0, 159.6902532019183, -9.660259671735682, 2.316168844582702, -9.660259671735682, 95.48293337906809, 8.377847735580849, 2.316168844582702, 8.377847735580849, 144.0658223477563, 6.826660741006131, 4.550385813639903, 11.0, 0.0
