// Sample: .//bubblelabels.tif, Map: .//bubblelabels.tif, Thickness:(8.191250068658265):/gpfs/home/mader/Foam/NewValid/InSilicoTest/LatticeData_Phi_6.65/out_Step_06000.vtk/distmap.tif, Neighbors:(1.0):
//LACUNA_NUMBER, TRIANGLES, SCALE_X, SCALE_Y, SCALE_Z, POS_X, POS_Y, POS_Z , STD_X, STD_Y, STD_Z,PROJ_X, PROJ_Y, PROJ_Z, PCA1_X, PCA1_Y, PCA1_Z, PCA1_S, PCA2_X, PCA2_Y, PCA2_Z, PCA2_S, PCA3_X, PCA3_Y, PCA3_Z, PCA3_S,PROJ_PCA1, PROJ_PCA2, PROJ_PCA3,OBJ_RADIUS, OBJ_RADIUS_STD, VOLUME, VOLUME_BOX, Mask_Grad_X,Mask_Grad_Y,Mask_Grad_Z,Mask_Angle, Mask_Distance_Mean,Mask_Distance_COV, Mask_Distance_STD, SHAPET_XX, SHAPET_XY, SHAPET_XZ, SHAPET_YX, SHAPET_YY, SHAPET_YZ, SHAPET_ZX, SHAPET_ZY, SHAPET_ZZ, Thickness, Thickness_STD, Neighbors, Neighbors_STD
1, 0 ,1.0,1.0,1.0,184.4415010802584,36.183473642759076,21.159229025425983,9.71733683348409,18.691695919671584,13.260207602385426,43.0,84.0,58.0,-0.05152491203458939,-0.9986566137891125,-0.005491008567740261,18.70956408598417,0.3150748803399486,-0.02147305207082509,0.9488238655375036,13.639949798692122,0.9476671373528758,-0.04715798734071246,-0.3157580102093665,9.140197938164377,85.51865322148205,67.56676103404303,45.099385272786435,23.556600272066916,8.0452359051321,93959.0,260594.09809012493, 0.0, 0.0,0.0,NaN, 44.71044202915322,44.71044202915322,NaN, 94.42663513538662, 13.019667758037256, 30.71933186111206, 13.019667758037256, 349.3794963534674, -0.6270389123907284, 30.71933186111206, -0.6270389123907284, 175.83310565836024, 10.609984320257318, 7.145445953970181, 9.0, 0.0
2, 0 ,1.0,1.0,1.0,60.624768548224466,83.5051148550791,32.991906062661556,16.349989739761273,17.746788180220207,17.51428704598308,79.0,84.0,71.0,-0.07297830059272267,0.7409168413725422,0.667619953126877,18.542489904709452,-0.49976964915088234,-0.6064612973581855,0.618413286236826,16.852921041406805,-0.8630784816169396,0.28852543904682354,-0.4145462647191934,16.160941384673396,92.99218998342607,89.58242569395723,75.99016144172542,28.695000369750566,8.100485152949705,218188.0,633033.4523727584, 7.105427357601002E-15, 0.0,0.0,85.81493092959883, 108.33712491169972,108.33712491169972,NaN, 267.3221644902989, 2.455246201899983, -11.08729929576234, 2.455246201899983, 314.9484907136037, 32.314013753436036, -11.08729929576234, 32.314013753436036, 306.7502507290908, 10.727310700778704, 6.710907183474761, 20.0, 0.0
3, 0 ,1.0,1.0,1.0,56.46463406931524,147.7474261687134,13.910879117904482,15.684772619284995,19.517436625743322,8.785305692954157,80.0,89.0,35.0,-0.2619749750868898,0.9650732392773762,0.001659897254793116,19.790848785428516,0.9613618059292923,0.26081598501096714,0.0880823481926409,15.378928179526282,0.0845729893559038,0.024671132795886883,-0.9961118133412403,8.714062948964013,89.46181483693498,71.41685167885844,37.75705859773118,25.150860819409342,8.459209225450309,110827.0,241232.9117864791, 0.0, 0.0,0.0,NaN, 78.179913855214,78.179913855214,1.3486991523486091E-6, 246.0120921186723, -39.56496127416384, 13.46016034633016, -39.56496127416384, 380.9303324399068, 4.194765971003434, 13.46016034633016, 4.194765971003434, 77.18159611865273, 10.677272947468898, 6.730829494592764, 12.0, 0.0
4, 0 ,1.0,1.0,1.0,167.73445256697596,185.14626840661066,81.53436249764353,17.895290085015635,8.381972583809027,16.028970649816227,72.0,35.0,69.0,0.9427285023051165,0.07240941675358233,-0.3256068907547226,18.174948197946282,-0.32548758820082757,-0.013773132440044269,-0.9454459956814019,15.755809988730752,-0.07294381994905602,0.9972798890924227,0.010584041904899165,8.297739530512922,80.63439094568676,70.3110202629137,35.83695357093703,24.16901455098839,7.955218875012201,95482.0,203177.1171489855, 0.0, 0.0,0.0,NaN, 88.93565742320858,88.93565742320858,0.0, 320.24140722685894, 18.65321877892815, -25.05766782086912, 18.65321877892815, 70.25746439572619, -3.828814924719788, -25.05766782086912, -3.828814924719788, 256.9279000926701, 11.060913743212891, 6.8405422910165345, 15.0, 0.0
5, 0 ,1.0,1.0,1.0,13.916160240148136,115.76585556851644,143.88763449192845,8.757628489813175,17.36993815877037,20.403628155420215,35.0,86.0,101.0,-0.02343999279607035,0.13090780279888198,0.9911174067203586,20.456131087750904,0.05463913680591146,-0.9897402583054652,0.1320181268558813,17.332865913348552,-0.9982310010547786,-0.05724830351896665,-0.016046815178571518,8.708462003154256,99.60664254519776,84.92082210332711,37.49922122168471,26.61329071279247,9.297935671215795,122591.0,317193.83651091065, 0.0, 0.0,0.0,NaN, 102.1648088474937,102.1648088474937,0.0, 76.69605676558739, -13.196862220446846, -6.339526496169826, -13.196862220446846, 301.714751639507, 15.106840310106875, -6.339526496169826, 15.106840310106875, 416.3080419046565, 11.418379966822846, 6.923826614082551, 17.0, 0.0
6, 0 ,1.0,1.0,1.0,58.800090126091504,146.96667035106663,184.70822102998818,18.26845985202152,18.721101338074842,8.429829514029086,89.0,90.0,36.0,-0.6288209636213364,-0.7774044200742452,0.015052021769879406,19.539296984085937,0.7769331909739119,-0.6289752888900242,-0.027656874892254428,17.397699363927284,0.03096792652776783,-0.005696807416220975,0.9995041440193398,8.415118330783002,103.18368608246146,98.62653876996653,37.51170022791217,25.968388236079083,8.99561552820958,117613.0,381743.4372162255, 0.0, 0.0,0.0,NaN, 80.64628420799447,80.64628420799447,NaN, 333.736625364922, 38.71084279198951, -7.925563561366266, 38.71084279198951, 350.4796353104677, 0.39460116175565746, -7.925563561366266, 0.39460116175565746, 71.06202563559586, 9.928763627002038, 6.536358671675289, 22.0, 0.0
7, 0 ,1.0,1.0,1.0,186.0408525028294,175.74501274936253,137.08255041793365,8.587450047604552,14.63615554771142,15.261185283672207,37.0,59.0,71.0,-0.0804190202630506,0.599236577163381,0.7965226335575447,15.96502158785902,0.10386113074634823,-0.7897232348725107,0.6046073749323506,13.955617486016724,-0.9913352847044339,-0.13134967412222032,-0.0012713803386541975,8.439428303070066,75.26932090039875,72.81806965060764,37.942916521005486,21.670034230862925,7.16063825596137,73337.0,207963.86012666643, 0.0, 0.0,0.0,NaN, 68.8604942422592,68.8604942422592,0.0, 73.74429832010343, -18.983038005332762, -4.006890397100221, -18.983038005332762, 214.21704921680376, 28.676243817109295, -4.006890397100221, 28.676243817109295, 232.90377626257313, 11.741476837281844, 6.80069742690752, 8.0, 0.0
8, 0 ,1.0,1.0,1.0,78.29453324292034,24.32650069424263,45.776499079724886,17.16369349686733,13.975365257777923,14.955632464971826,86.0,57.0,77.0,-0.9525363335415711,-0.294641561150056,0.0765564087861888,17.4791290395195,-0.08183519074211498,0.0056087528326867475,-0.9966300935893231,14.940612736980848,-0.2932192606896447,0.9555913835603164,0.029454589216257702,13.595303969879572,90.49020354931099,75.96933142336641,64.13322656852918,25.681728448788544,7.350032302829773,154845.0,440882.60031234665, 1.4210854715202004E-14, 0.0,0.0,17.723569205471534, 93.90048157357766,93.90048157357766,0.0, 294.5923744544059, 33.854191500130874, -5.669842704181701, 33.854191500130874, 195.3108340883062, -2.9369076429568097, -5.669842704181701, -2.9369076429568097, 223.67094242731923, 9.34352242155399, 6.295133350077482, 19.0, 0.0
9, 0 ,1.0,1.0,1.0,51.77620713176494,183.33837423624516,121.83935387428704,14.942586432031268,9.535194181698651,12.333955178437643,64.0,35.0,56.0,-0.9834746213634414,0.034928208311751786,0.17764484061792057,15.030543770755658,-0.1738370892273039,0.09194661001945824,-0.9804725836630559,12.25406598644628,0.05057999152840982,0.9951511649845269,0.08435533940969886,9.499888865684285,63.10716461194842,59.35295322392986,38.743723635948356,20.63076144640796,6.379572857688924,68903.0,145118.3591078928, -7.105427357601002E-15, 0.0,0.0,10.43069468411773, 95.22327447022484,95.22327447022484,0.0, 223.28088927872494, -5.618032150662479, -13.490750232333784, -5.618032150662479, 90.91992808269983, -4.559533482997839, -13.490750232333784, -4.559533482997839, 152.12645034370874, 10.987305604777275, 6.540393674178058, 9.0, 0.0
10, 0 ,1.0,1.0,1.0,169.83905735702234,96.05398253750197,16.701201353481895,15.974100665284542,15.321562226400449,10.494908185756525,66.0,69.0,41.0,0.9548963848888783,0.26419500965733206,0.1355503264411891,16.101112758464435,0.27165718732138583,-0.9615815636196665,-0.0395381977762104,15.286225477600702,-0.11989690030515546,-0.0745781025430339,0.9899812321040717,10.351364042324535,73.76276341837467,69.45597154362085,44.896939883708015,23.4629125775213,7.039672743045453,108461.0,230018.89363890022, 0.0, 0.0,0.0,NaN, 102.05381006644126,102.05381006644126,0.0, 255.17189206464406, 5.321288934959575, 18.32775071985659, 5.321288934959575, 234.75026905746108, 10.25689848033254, 18.32775071985659, 10.25689848033254, 110.14309782745931, 9.785191309560483, 6.062507641240618, 14.0, 0.0
11, 0 ,1.0,1.0,1.0,90.83684685779777,180.16567107159602,85.80448712383003,16.702161216146475,11.635052988272584,14.51754660890176,80.0,50.0,72.0,0.8730390922094664,-0.18195815126055576,0.45243118224091383,17.454785245828223,0.48705009956016593,0.27934406967842407,-0.8274956744623673,14.026604253015126,-0.024185615404681775,-0.942792724794446,-0.3325010286933869,11.121180334074639,92.1124271391298,69.81530450154582,61.08049382943983,23.89884454246774,7.344456168203932,115174.0,392799.930413294, 0.0, -2.8421709430404007E-14,0.0,79.51616260185382, 126.51933987217386,126.51933987217386,0.0, 278.9621892901475, -18.81045092549991, 42.041303745149875, -18.81045092549991, 135.37445803991076, -31.789053248214334, 42.041303745149875, -31.789053248214334, 210.75915954163503, 10.845141571241468, 6.517368295449789, 14.0, 0.0
12, 0 ,1.0,1.0,1.0,153.00149026984013,180.99534109816972,183.83047095420676,15.912227984886409,12.059874080088631,9.630805120328189,71.0,54.0,40.0,-0.9968264880832426,-0.06405332380946371,-0.04726652477799142,15.94478815252431,0.03504130220411411,-0.8862131499407228,0.4619506034328592,12.819498925814708,-0.07147768739591713,0.45882831710902816,0.8856452538253843,8.533237814481167,69.54770928656987,66.50874074513399,42.577785956088974,21.071024269434968,6.885049438693552,69115.0,196944.85038775596, 0.0, 0.0,0.0,NaN, 53.21175289720871,53.21175289720871,0.0, 253.19899944300215, 8.741510234636431, 10.029406952061292, 8.741510234636431, 145.44056282759362, -36.91920116259481, 10.029406952061292, -36.91920116259481, 92.75240726573966, 11.281596000579782, 6.61967472471207, 11.0, 0.0
13, 0 ,1.0,1.0,1.0,21.594316475871146,46.22959612192396,57.33613739922888,12.569366066996032,16.140829741636384,17.28397955368307,55.0,85.0,84.0,0.14494851362275954,0.013272275266334,-0.9893501782017361,17.376576676349625,0.24666927174243627,-0.9688233603763756,0.023142315508267005,16.367485554284606,0.9581984130526459,0.24739673218998426,0.1437033685238745,12.141305404609781,87.2436070019811,86.06787843472185,64.90503584974067,25.71932698780479,7.467765166438237,151209.0,487363.6168432179, 0.0, 0.0,0.0,NaN, 76.75234663200558,76.75234663200558,0.0, 157.98896332615132, -28.495677407381745, -21.473161805972243, -28.495677407381745, 260.5263847484937, -4.73050997023345, -21.473161805972243, -4.73050997023345, 298.73594921213447, 11.071204272564344, 6.228807435077815, 16.0, 0.0
14, 0 ,1.0,1.0,1.0,140.27043331893407,114.32133724596447,120.73180105164376,17.062608727660205,16.08103912534738,17.784173993790667,86.0,84.0,87.0,0.5606535377364813,-0.2977793848346315,0.7726545467355231,19.185786196907404,-0.7112085393301218,-0.6510588870508397,0.26515040859111844,16.231376119326722,0.42408728371348636,-0.6981760261994332,-0.5768017096306898,15.31199914658786,97.0804936455254,75.96075828584338,72.20765488133107,28.245347414867783,8.258912155873857,201399.0,532481.4807040051, 0.0, -1.4210854715202004E-14,1.4210854715202004E-14,41.84410694764672, 131.11789256903057,131.11789256903057,0.0, 291.1326165932262, -8.882614278628267, 52.42165778241764, -8.882614278628267, 258.5998193509532, -35.75356863072439, 52.42165778241764, -35.75356863072439, 316.2768446414202, 9.848457128495395, 6.062508615178813, 27.0, 0.0
15, 0 ,1.0,1.0,1.0,77.42963066357723,92.8164763686106,156.98209430222497,14.193470175706128,17.835339839451656,17.895268921325016,77.0,83.0,84.0,-0.1606710786453136,-0.7044558525967686,0.6913224690613715,18.526984113292464,-0.08722357606711298,-0.6875479238224572,-0.7208813357449985,17.310424309900984,-0.9831464042883014,0.17612439975650218,-0.04902390789600293,14.031915851405657,101.9420788671939,85.20346879979112,76.04109216057086,27.721268981649043,8.445462606093184,179105.0,660479.143005352, 0.0, 0.0,0.0,NaN, 128.2995954818467,128.2995954818467,0.0, 201.45459562865938, 22.7275562374683, -9.79531657107338, 22.7275562374683, 318.0993471887314, -20.345437370736967, -9.79531657107338, -20.345437370736967, 320.24064976654097, 10.034739130529234, 6.298519479243118, 23.0, 0.0
16, 0 ,1.0,1.0,1.0,116.01532539907434,58.28841976008312,14.90495418909984,15.92910172026758,13.629852806554606,9.132405606796931,77.0,67.0,37.0,-0.9818963476996204,0.18523023473591801,-0.039614675485523526,16.013552558348167,0.18717077139006993,0.9809129156482304,-0.05269681443630683,13.550925194729341,-0.029097503525091127,0.05915751899940704,0.9978244952066678,9.102118552177975,75.9625508522405,67.22575648072917,38.76901174786427,21.843553681674216,6.765291114641989,84696.0,197979.38402942204, 0.0, 0.0,0.0,NaN, 103.31080826965872,103.31080826965872,NaN, 253.73628161463157, -13.068307462555405, 5.758021269747567, -13.068307462555405, 185.77288752834448, -6.483106887354027, 5.758021269747567, -6.483106887354027, 83.40083216705602, 9.801506365024737, 6.109520231845349, 9.0, 0.0
17, 0 ,1.0,1.0,1.0,48.97207609758513,13.11318092361773,119.34078053248506,15.639303866287694,8.256758887706283,15.305575561521136,71.0,33.0,73.0,-0.8126672541070564,0.06453965900005267,0.5791429586192466,16.088953312848982,-0.5725531127089343,0.09647620144610128,-0.8141715271868958,14.908147072011909,0.10841986547403597,0.993240643032034,0.041450667062229024,8.118821847870503,76.53086277720897,78.79341208898089,37.53458824971657,22.214346027109002,7.317469959561546,80791.0,226338.36437882762, 0.0, 0.0,0.0,NaN, 95.26872223532727,95.26872223532727,0.0, 244.5878254220812, -18.755253231626263, -17.92914061119078, -18.755253231626263, 68.17406732971669, -5.0684122883619365, -17.92914061119078, -5.0684122883619365, 234.26064326943307, 8.647670206358262, 5.736930366749948, 10.0, 0.0
18, 0 ,1.0,1.0,1.0,101.42496709386907,23.273515760304814,186.79927952892277,17.06074617514083,14.537664863845356,7.487010492685138,78.0,60.0,34.0,-0.988166085850819,0.150870546355234,0.027674266327135797,17.11476139630994,-0.15338356904003114,-0.9732479563335591,-0.17106108920819157,14.644573825815218,0.0011258431569542463,-0.1732815447040569,0.984871686435427,7.14769093283072,77.6376675551121,64.85412961711509,37.14143742494406,22.34515600458464,7.691689605958776,72175.0,187011.7190087972, 1.4210854715202004E-14, 0.0,0.0,8.823300149888375, 102.14182624784752,102.14182624784752,0.0, 291.06906005258253, -11.664084175962204, -2.3265466118617115, -11.664084175962204, 211.3436996934838, 28.2089840362944, -2.3265466118617115, 28.2089840362944, 56.055326117577344, 8.731022785857428, 6.1742923951315705, 14.0, 0.0
19, 0 ,1.0,1.0,1.0,169.11223584449104,11.751129214389417,73.87105447115125,17.50420099636193,7.881846859046807,14.915936927206063,77.0,34.0,69.0,-0.8563780863710416,-0.13104772736639056,0.4994427558144945,18.791352984203595,-0.5093500455019707,0.05567898564086593,-0.8587562993685373,13.462725227215486,-0.0847295953643887,0.989811266712048,0.1144314290712064,7.526341696099911,85.59992416200402,62.68249314280193,36.84891127069129,22.89468702660893,8.175514833973963,74388.0,197717.13219142705, 0.0, 0.0,0.0,NaN, 80.92635974155402,80.92635974155402,0.0, 306.39705252103806, 29.73801987133767, -72.30274283190215, 29.73801987133767, 62.12350990946602, -25.361821376775964, -72.30274283190215, -25.361821376775964, 222.48517441638944, 10.044271359508102, 6.276331212047045, 11.0, 0.0
20, 0 ,1.0,1.0,1.0,186.61394284538946,27.999241538006657,171.92192983583797,7.898416385144995,15.867439493594274,15.163323389728667,32.0,71.0,58.0,0.03950106521319869,0.7996804286762097,0.599125093648443,16.757654928550544,-0.03958417774244581,-0.5978700387136819,0.8006150820968556,14.193078882397751,-0.9984351549897855,0.05534102276551777,-0.00803818883762758,7.862856149717819,81.56777292360991,73.73566828115776,33.620046429672044,22.14203278614357,7.336032837632925,77789.0,202206.23102413697, 0.0, 0.0,0.0,NaN, 41.85118967238259,41.85118967238259,4.76837158203125E-7, 62.38498139312693, 10.22189798850586, 0.7579795973729884, 10.22189798850586, 251.7756360828753, 38.09159899034998, 0.7579795973729884, 38.09159899034998, 229.9263762214925, 8.782429810721672, 5.640508577227518, 7.0, 0.0
21, 0 ,1.0,1.0,1.0,22.443807625218042,178.23787346296947,41.31660895194067,14.327385308226205,12.65743292246073,17.113192002880343,59.0,55.0,75.0,0.31426230356757806,-0.3172991794360072,0.8947404289991799,18.150648073219482,-0.9184522325651857,-0.3400641597121367,0.20199471224590163,13.987935595660236,0.24017639570204613,-0.8852556681594962,-0.3982934859360108,11.542857132365963,86.30779345290597,73.41383154165771,65.73058298796673,24.395799090014094,7.94927073661252,116377.0,416481.18716430775, 0.0, 0.0,0.0,NaN, 51.81097207560487,51.81097207560487,0.0, 205.27396977037608, -0.06765878557565108, 43.58932146593364, -0.06765878557565108, 160.2106081865928, -59.991696689352146, 43.58932146593364, -59.991696689352146, 292.8613405274477, 10.061667435100969, 5.959687339863345, 10.0, 0.0
22, 0 ,1.0,1.0,1.0,109.83857498977395,72.04207731668352,61.90997985660371,13.060242705526003,14.35943472970818,15.85478660113808,63.0,72.0,71.0,-0.2128353380384449,0.36922098001558246,0.9046419108124459,16.30062814212662,-0.11961086935529931,-0.9287369964090709,0.35091427932349395,14.029958370075388,-0.9697393251869962,0.0335180461451831,-0.241830894983414,12.868074982594855,75.33355792184287,66.6078290314485,60.19328999913748,24.129446999596794,6.775496361549521,129571.0,302038.17625843146, 0.0, 0.0,0.0,NaN, 130.9656026207748,130.9656026207748,0.0, 170.56993952724514, -4.3962685388262015, -20.589444098751176, -4.3962685388262015, 206.19336575674944, 23.257031201594316, -20.589444098751176, 23.257031201594316, 251.37425816762763, 9.261444611219492, 5.718095086640476, 12.0, 0.0
23, 0 ,1.0,1.0,1.0,141.8994058676574,40.67495676125809,87.60868137851514,15.213407609416768,12.54752645642314,15.850578750943445,77.0,62.0,76.0,-0.5865265636796367,-0.10474778277610136,0.8031279425481647,16.458027243506272,-0.7760407416453526,-0.21115535938332153,-0.5942845963932024,14.693519531762655,-0.23183476314972332,0.9718237063414283,-0.04255968031036634,12.383975978112739,78.67235631447153,67.66186319676888,61.34679762014457,24.289005739343782,7.083307010064326,124888.0,326556.2555564372, 0.0, 0.0,0.0,NaN, 112.71828688790299,112.71828688790299,0.0, 231.44777109026003, 17.466702019342964, -26.509633718545345, 17.466702019342964, 157.44042017463866, -2.0376112046034467, -26.509633718545345, -2.0376112046034467, 251.24084673985988, 9.014298741371451, 5.72580556147498, 17.0, 0.0
24, 0 ,1.0,1.0,1.0,54.81727601381953,76.98452116616299,93.72618255565085,14.188651224072993,14.95475218624369,14.435810315228599,69.0,74.0,64.0,-0.18538966255274647,0.7808219847972133,0.5966135273993701,16.280875626496453,-0.8499083772046236,0.17733952257973382,-0.49619194278887235,14.635142382805178,0.4932407357224079,0.5990556917253451,-0.6307502317363709,12.413732405573354,76.73460185989146,71.49226750460338,62.75406019078766,24.183565544220514,6.964927389146357,124751.0,344264.4242851399, 0.0, 0.0,0.0,NaN, 133.10201931305875,133.10201931305875,0.0, 201.31782355838803, -25.119452669856674, 13.06607827877987, -25.119452669856674, 223.64461295196043, 46.40617917704122, 13.06607827877987, 46.40617917704122, 208.39261945726042, 8.70938797197947, 5.62065053244601, 10.0, 0.0
25, 0 ,1.0,1.0,1.0,116.90835985206846,151.2921576216278,158.55926578939824,16.886847613558416,13.640311956886029,14.71027766349397,77.0,73.0,78.0,-0.9148643150901508,-0.4037503408243103,-0.0029911968980436934,17.582634692077715,0.022081269113136112,-0.05742879328659421,0.9981053808371134,14.717273427750936,0.40315716851989963,-0.9130649462036636,-0.06145487356685585,12.722767846642588,88.79934947607879,78.99180562104951,67.4269160885703,25.140346209275105,7.455132059168341,139524.0,472960.7730139127, 0.0, 0.0,0.0,NaN, 104.8523200675285,104.8523200675285,0.0, 285.1656223235436, 54.33249138033691, 1.609241222895464, 54.33249138033691, 186.05811028116796, -2.959213836854218, 1.609241222895464, -2.959213836854218, 216.39226893708965, 9.035505365137848, 5.781064930570515, 17.0, 0.0
26, 0 ,1.0,1.0,1.0,15.79172981465775,97.69736238372658,23.41334241737462,9.47712507462648,13.222843992658436,14.607887898386318,38.0,59.0,58.0,-0.02586512079030656,0.3086753249677213,0.9508157230938993,14.784205506311642,-0.31274496879684505,-0.9058881495724985,0.28558229104125976,13.39721546862056,-0.9494849024701569,0.2899762131971964,-0.11996756128658587,8.943812219664343,65.79575758857456,65.40751966003373,42.34120175685517,20.914083931579203,6.375812504226189,71921.0,182216.94142709186, 0.0, 0.0,0.0,NaN, 101.69728585576696,101.69728585576696,0.0, 89.81589968011396, 27.081308535001703, -12.294330500551268, 27.081308535001703, 174.8436032541833, 14.933035011423328, -12.294330500551268, 14.933035011423328, 213.39038885182146, 10.894587600533749, 6.507541316926717, 5.0, 0.0
27, 0 ,1.0,1.0,1.0,174.4695676220551,64.61133263753223,114.70933354742598,13.474509541435499,13.944786403874714,14.532490815559024,60.0,69.0,73.0,-0.5401230214239143,0.3800481958522979,0.7508864698190495,15.214262179443539,0.18919155216285183,-0.8145581588841034,0.5483626194276464,14.022525406802101,-0.8200449245731067,-0.43824465156434306,-0.3680597058319953,12.613792930240145,86.22954069548551,69.32948963137491,63.036498874412075,23.25687543835609,6.806651848079087,112101.0,376847.95239434077, 0.0, 0.0,0.0,NaN, 110.00420476748553,110.00420476748553,0.0, 181.5624073822363, -20.637415711786772, -25.456665048508412, -20.637415711786772, 194.45706784968905, 3.8905867268031034, -25.456665048508412, 3.8905867268031034, 211.1932893043074, 9.673671535269284, 5.468665522242493, 11.0, 0.0
28, 0 ,1.0,1.0,1.0,184.21148323978008,20.69211122494625,115.50182537048528,9.79106451068644,11.41945200852201,16.442936723533563,38.0,45.0,81.0,-0.22341077045217955,-0.28644364885510026,0.9316853887855808,17.190928232998754,0.01215288032367729,-0.9565892365694498,-0.29118609166530385,10.758250688536146,-0.9746486213737761,0.05373144805467493,-0.21719345373225674,9.239644210248969,90.4070811515085,54.62512043167974,44.196549028978325,21.04688738898909,7.325812429805377,69301.0,218264.55554093982, 0.0, 0.0,0.0,NaN, 88.41596147841892,88.41596147841892,NaN, 95.8649442524235, 13.095863232668913, -43.851340566943065, 13.095863232668913, 130.40388417493736, -47.62659344121952, -43.851340566943065, -47.62659344121952, 270.37016809412864, 9.178734251930212, 5.837704543840733, 6.0, 0.0
29, 0 ,1.0,1.0,1.0,11.229663709387363,174.8389281860688,137.33697997841986,6.996701617759939,13.525024207915834,16.42544484644837,28.0,49.0,73.0,0.026998311874867002,0.06778669334025046,0.9973344751696405,16.44227455782048,-0.023303448798207116,-0.9973843427942809,0.06842091802167995,13.513229838369977,-0.999363817851145,0.025088582160316765,0.02534802980841496,6.979941149968811,74.39034529147204,52.00184929061058,29.545462423214648,21.25974335760478,7.049727946893039,66728.0,114294.71642644101, 0.0, 0.0,0.0,NaN, 68.45318809286158,68.45318809286158,0.0, 48.95383352796455, 3.5174952875628422, 5.754177883807486, 3.5174952875628422, 182.92627982470935, 5.846673972066619, 5.754177883807486, 5.846673972066619, 269.7952384037174, 10.178395900252289, 5.925612565128004, 8.0, 0.0
30, 0 ,1.0,1.0,1.0,11.264133988193917,25.083727127651333,170.4092000681716,7.095553938949249,13.902097884518279,15.73388913443399,29.0,51.0,60.0,0.022221342900943224,-0.15902908990138606,0.9870237892192951,15.781785166456917,0.03405552688730755,-0.9865742084141094,-0.1597233620373103,13.857190209940425,-0.9991728744357038,-0.03716288278929246,0.01650718433539585,7.077006078226678,67.3402135226502,59.83873686029318,28.996669057089306,21.042179618313035,6.956806415056462,64543.0,116843.62398378199, 0.0, 0.0,0.0,NaN, 40.39417682938907,40.39417682938907,0.0, 50.3468857005382, -5.472032289670448, 3.592178194967802, -5.472032289670448, 193.26832559072758, -8.866713929758314, 3.592178194967802, -8.866713929758314, 247.55526729465998, 8.677574058857369, 5.237005848689397, 6.0, 0.0
31, 0 ,1.0,1.0,1.0,98.73970501308864,185.6311396965688,142.25587581276213,13.472337665644389,8.663017523258732,15.10786268384312,66.0,35.0,65.0,-0.24962680951503585,0.07007556595943015,0.9658032258316445,15.271147297696341,0.952810029131827,0.19569570966390928,0.23206946719667065,13.47668009447578,0.17274114841910673,-0.9781577604224205,0.11561959768241642,8.364832544797887,70.96676962410226,68.92551143712416,38.326940618524674,20.97749432461073,6.689095717676743,71054.0,187473.19804420188, 0.0, 0.0,0.0,NaN, 115.28389900867525,115.28389900867525,0.0, 181.5038821771405, 17.962970820615876, -14.667050086454886, 17.962970820615876, 75.04787260828788, 16.1183923378934, -14.667050086454886, 16.1183923378934, 228.24751487385942, 9.703742993157888, 5.540769807400803, 7.0, 0.0
32, 0 ,1.0,1.0,1.0,175.93502599391678,150.58203723278038,93.06797247449144,14.126479375790119,11.576902095592333,14.070843179989364,62.0,55.0,67.0,-0.6973428170612245,-0.1287090381978604,0.7050865046072698,15.057909161299488,-0.7148919121237584,0.19545958515954012,-0.6713606367290963,13.192726125746429,0.05140573385482179,0.9722291571720336,0.2283153881616503,11.435998362299092,72.8053593761099,65.96830827623035,54.70790282146967,22.08592165778905,6.616855295941154,92714.0,262753.65365180525, 0.0, 0.0,0.0,NaN, 108.08749011096734,108.08749011096734,0.0, 199.55741955462358, 2.56703617889711, -26.41607021392361, 2.56703617889711, 134.02466213093015, -14.385864040393468, -26.41607021392361, -14.385864040393468, 197.98862779585318, 9.245777277364196, 5.540171953926651, 9.0, 0.0
33, 0 ,1.0,1.0,1.0,19.86425173457684,75.8966587067296,174.83670533817198,11.610534610856627,15.553661425413319,14.52295301682434,47.0,73.0,60.0,0.03489616922939702,0.8095908009219498,0.5859564765711434,16.613855145371918,0.03838201535573898,-0.5869666923626294,0.8087007623058768,13.305908181953361,-0.9986536327828309,0.005730368175819906,0.05155661558155704,11.600417521675789,85.13655917645535,67.2748913671163,48.05957233923897,23.161069641766314,7.1555513459512685,106366.0,275263.7366749944, 0.0, 0.0,0.0,NaN, 82.38982156831277,82.38982156831277,NaN, 134.80451394989964, 3.0392310989080373, 4.210811616285795, 3.0392310989080373, 241.91638373639026, 46.938749836197566, 4.210811616285795, 46.938749836197566, 210.9161643288872, 8.460584811909293, 5.130905454141186, 8.0, 0.0
34, 0 ,1.0,1.0,1.0,105.1067819508241,15.463550391786004,9.83839502837071,16.247360060521935,9.35641116399493,6.498902367500089,75.0,38.0,26.0,0.9913576055624486,-0.0203764401578458,0.12959513331905004,16.36713240021557,0.031593581733563636,0.9958716104468424,-0.08509747998182382,9.373243085053055,-0.1273261304160825,0.08845640843096675,0.9879086599077674,6.165562573730749,74.97371618820715,39.71526575658013,29.18373432974277,18.57669340947981,6.97576753902038,37010.0,86897.51836760223, 1.4210854715202004E-14, 0.0,0.0,7.53820506320855, 96.64697739289117,96.64697739289117,0.0, 263.97670893624337, -3.0751945730434613, 29.3984237462272, -3.0751945730434613, 87.54242986972896, -4.831059311178768, 29.3984237462272, -4.831059311178768, 42.23573198229827, 10.857480944161221, 5.969663761012114, 5.0, 0.0
35, 0 ,1.0,1.0,1.0,88.1597627890024,37.71718893146691,106.77880665530523,13.37807570427815,12.820710984043432,13.575685826490313,67.0,64.0,61.0,-0.6992930175734677,0.41682409033860834,0.5807296731581623,14.265537963821366,0.3674231092098418,-0.4872792076788464,0.7921863622800185,13.266732827553469,-0.6131798548481244,-0.7673438938815296,-0.1876001442727734,12.170908430779756,69.36481330687396,70.00350579434168,60.67178303695309,22.1378521734508,6.128481581253435,101513.0,294608.8373243117, 0.0, 0.0,-1.4210854715202004E-14,54.498119658883354, 133.73451687770853,133.73451687770853,0.0, 178.9729095493973, -21.131405535158265, -14.37405737526938, -21.131405535158265, 164.3706301363719, 2.643816656656257, -14.37405737526938, 2.643816656656257, 184.29924565956995, 8.359217626042177, 5.328224490075464, 11.0, 0.0
36, 0 ,1.0,1.0,1.0,105.39487815998784,159.0456203455089,17.461459547089518,10.963147055127704,16.527053383302515,10.338224753102756,51.0,83.0,41.0,-0.014270172296073953,0.999010028914556,-0.04213459755093037,16.537248681946878,-0.9080373113925672,0.004695422443969203,0.418862977746937,11.127753722108737,0.41864615524521276,0.044237033537650065,0.9070713762225056,10.144233882560782,83.18288239949793,59.17726963007675,48.486497346745004,21.323315398023787,6.747532761609093,78956.0,238676.52193270187, 0.0, 0.0,0.0,NaN, 104.557605465898,104.557605465898,0.0, 120.19059335235526, -2.52092749293628, -7.854759432584615, -2.52092749293628, 273.1434935345311, -7.138851731199869, -7.854759432584615, -7.138851731199869, 106.87889104566655, 8.474053441610033, 5.33987676083236, 15.0, 0.0
37, 0 ,1.0,1.0,1.0,170.24148075871142,88.22780562085126,186.56956579589303,13.963358465142814,15.701181094434169,7.841702851104715,61.0,76.0,34.0,-0.3855711602213159,0.9223995753207188,0.02266944758361813,16.04846702863954,-0.9226629087527763,-0.3855894178363549,-0.0037359957825524783,13.56656532344747,-0.005295018173212675,0.022356750675780405,-0.9997360344019646,7.835163198467462,75.40910939215232,66.20366065689984,35.022377362960015,21.24424449478108,7.188660990565018,67641.0,174844.2839336513, 0.0, 1.4210854715202004E-14,0.0,22.72055648967835, 94.07492606967969,94.07492606967969,0.0, 194.9753796260755, -26.126372717892828, -1.2917799516581043, -26.126372717892828, 246.52708776021697, 4.2785375829908086, -1.2917799516581043, 4.2785375829908086, 61.49230360502382, 8.100301044921794, 5.186604446812712, 10.0, 0.0
38, 0 ,1.0,1.0,1.0,153.41253165238942,90.19289908948872,69.71140563547223,10.924615558592855,13.19619525505894,15.071753592066866,53.0,64.0,67.0,-0.1037869780983327,-0.20252813816377963,0.9737610674231791,15.210879975207131,0.2278706678158826,-0.9578486301141992,-0.1749313023375055,13.200594667526609,0.968144215458813,0.2037359934824109,0.14556243689006826,10.724643651710785,67.8522781179232,68.74839204608087,48.909144822446564,21.914187236535817,6.357117933052933,92805.0,228148.20051803035, 0.0, 0.0,0.0,NaN, 123.14556966809509,123.14556966809509,0.0, 119.34722510304908, -10.483843991606955, -14.120372444954985, -10.483843991606955, 174.13956920964011, -13.020684054589712, -14.120372444954985, -13.020684054589712, 227.1577563399805, 7.839052252807428, 5.061779568201712, 7.0, 0.0
39, 0 ,1.0,1.0,1.0,154.12450230202083,52.59531654128076,157.00531235578833,12.01704763990348,14.9880229914922,12.345324964564782,56.0,79.0,59.0,-0.03865178881540409,0.9895225283186266,0.13910860926370705,15.045047780960743,-0.6072533436486272,0.08729698618140705,-0.7896977984211461,12.650831257948807,-0.793567524441954,-0.11499740063826039,0.5975166792630242,11.621545568702505,80.1043017208655,64.19849214986931,59.175795980227235,21.89386489606038,6.489683780198872,93179.0,304315.9918074003, 0.0, 0.0,-2.8421709430404007E-14,82.00373139882434, 81.97177426857455,81.97177426857455,9.5367431640625E-7, 144.40943397970977, -4.8160665728908345, 11.489749528976702, -4.8160665728908345, 224.64083319349876, 10.844303097393885, 11.489749528976702, 10.844303097393885, 152.40704848070644, 8.00092247169714, 4.917943410438695, 10.0, 0.0
40, 0 ,1.0,1.0,1.0,121.86022054700642,79.58570805557287,178.05032708242476,14.221155207104136,11.842655341669891,12.556480945815931,73.0,56.0,50.0,-0.7570119308309153,-0.3274831934827467,0.5654093159526044,15.605805110641434,-0.6108824290543879,0.6617775630316375,-0.4345953462020945,12.37056802242726,-0.23185252737949769,-0.6743924784976845,-0.701027239480386,10.17756593493473,84.96524988449326,60.56914674651421,55.51427533060257,21.338447432238176,6.695193491628964,80255.0,285691.5989617516, 0.0, 0.0,0.0,NaN, 113.67276807071202,113.67276807071202,0.0, 202.24125542454507, 14.706578692510272, -46.77736503382166, 14.706578692510272, 140.24848554158243, -40.136510807257004, -46.77736503382166, -40.136510807257004, 157.66521374263854, 8.470918911365725, 4.981927725894071, 7.0, 0.0
41, 0 ,1.0,1.0,1.0,187.2740118933205,108.10670951465642,136.74433865929842,7.609538768193017,14.794412304126956,14.761281393052114,29.0,64.0,67.0,-0.08823650290125228,-0.7096495945087193,0.6990077056580765,15.975995699568719,-0.0038938713039707654,-0.7014937265992388,-0.7126649909376641,13.53099940147729,-0.9960919422031408,0.06560491258680849,-0.059134069050352,7.506980795138974,74.24892388168327,63.81505074471238,31.348195261729728,21.11005363824674,7.002912211671262,66592.0,148533.98258979633, 0.0, 0.0,0.0,NaN, 112.28359764972181,112.28359764972181,0.0, 57.90508026463251, 12.79929828637159, -11.914688664046968, 12.79929828637159, 218.87463542450308, -35.295655191509184, -11.914688664046968, -35.295655191509184, 217.89542836486658, 9.03412180322597, 5.21319270963177, 7.0, 0.0
42, 0 ,1.0,1.0,1.0,48.22457761184585,34.34345799320804,11.519964563690438,12.908366018552654,11.595045198753535,7.519441013543162,58.0,56.0,31.0,-0.9759490275526286,0.20404232549050538,0.07674780145063326,13.002422357069312,-0.1947565683644469,-0.9742539722673867,0.11357410180196284,11.562774790287051,0.09794577427323602,0.0958953957687476,0.9905607999372734,7.406229241908719,57.53779461380922,54.62165669963473,34.01293658129164,18.05607058116192,5.620613378834339,47409.0,106896.18581079658, 7.105427357601002E-15, 0.0,0.0,12.591522563123934, 60.3141158960394,60.3141158960394,1.1680077279964342E-6, 166.6259132689249, -7.783011606523762, -10.298615509916049, -7.783011606523762, 134.4450731611374, -6.935741799881176, -10.298615509916049, -6.935741799881176, 56.541993156155016, 8.206853314329912, 4.954058833492173, 3.0, 0.0
43, 0 ,1.0,1.0,1.0,10.148073412126454,42.65036353736267,12.749175234617725,6.6746288011478185,14.636405980042179,7.840509218609258,27.0,57.0,32.0,-0.023962674285324507,-0.9963430351992963,0.08201430637974368,14.674478847019415,0.32004047762172305,-0.08536581159466744,-0.9435500892345056,7.906875655423972,-0.9471007775969541,-0.0036379143253722534,-0.3209156939986051,6.510731325347929,57.64949513520419,38.258883102318094,30.220971027089238,16.849181218984953,6.029405169885053,31221.0,66655.53372601567, 0.0, 0.0,0.0,NaN, 45.657183148000854,45.657183148000854,0.0, 44.550669633111966, 3.5792693817229537, -6.418354220224737, 3.5792693817229537, 214.22438001261446, -12.51122651865471, -6.418354220224737, -12.51122651865471, 61.47358480709675, 9.685612369825943, 5.804272509618842, 2.0, 0.0
44, 0 ,1.0,1.0,1.0,46.1309147221156,22.70639153971384,166.62083570473706,12.016863788865583,13.21640872069671,11.59092391909947,52.0,53.0,58.0,0.3744052489014245,-0.890374608310473,0.25894742028264217,13.488733012785891,0.72684415574892,0.45520794048800023,0.514279402825267,12.118365927999534,-0.5757762437342333,-0.004334488740972003,0.8175958227380156,11.163658944803407,64.52462274210092,66.58841530748786,62.35808875862409,20.45516670446793,5.917275317518248,75553.0,267927.2887865093, 0.0, 0.0,0.0,NaN, 61.30097975484607,61.30097975484607,NaN, 144.4050153201489, -11.753483233217834, 13.865780499047206, -11.753483233217834, 174.67345947250806, -8.01184600958048, 13.865780499047206, -8.01184600958048, 134.34951729835223, 8.007054540847749, 4.874842970603413, 5.0, 0.0
45, 0 ,1.0,1.0,1.0,34.76170646124062,54.57458457691377,127.9355690892958,14.322915075964213,13.303563346412048,12.495576488609114,71.0,64.0,61.0,-0.9243820749156644,-0.2022734882239741,-0.32342420369588376,14.476721729490503,-0.33763901267853635,0.8284160790280075,0.4469079291367793,13.799884258214407,0.1775321849470506,0.5223143076439389,-0.834068394880395,11.75830975075694,72.94873328854558,65.66920107369802,53.40060367827741,22.29383531294665,6.4230080808899235,99176.0,255814.792748557, 0.0, 0.0,0.0,NaN, 96.850625812763,96.850625812763,NaN, 205.14589627328294, -1.2599201691315856, 13.44818609630685, -1.2599201691315856, 176.98479771199814, 23.983600825264766, 13.44818609630685, 23.983600825264766, 156.13943178268087, 8.301802172312104, 4.922420623613814, 6.0, 0.0
46, 0 ,1.0,1.0,1.0,59.321585962453334,144.29325750326814,87.24796161776796,12.129445133626689,12.830945201548978,11.239150165288887,62.0,60.0,54.0,0.4707607575245093,-0.8130735235936783,0.342484677622095,13.386181353791248,0.842491704095018,0.5295221844729657,0.09906555749629188,11.824687490756192,-0.26190081654325337,0.24190432278472948,0.9342859631355052,10.911553737304864,65.30952443374554,55.66691366648631,49.56941751281566,20.129489016615334,5.734000556571048,74201.0,180213.56598102234, 0.0, 0.0,0.0,NaN, 119.3084176709818,119.3084176709818,0.0, 147.12343924966015, -13.752762234241965, 11.427085078055798, -13.752762234241965, 164.63315476515277, -15.654433832463427, 11.427085078055798, -15.654433832463427, 126.31849643791323, 7.183513604719535, 4.670243881191464, 13.0, 0.0
47, 0 ,1.0,1.0,1.0,131.3546708078774,119.87934741800062,183.13490221509267,14.783925528049249,10.607583117207717,9.386113477666827,69.0,50.0,38.0,-0.9779590984128186,-0.006646771180995388,0.208690733537583,14.994780464380227,-0.07790920381548805,-0.9156905804096646,-0.3942599610787895,10.946937998538182,0.19371669466626723,-0.4018290449704692,0.894990089791891,8.631657262902493,68.65832108283388,53.74448566914066,43.610333524469326,19.480457127728094,6.300491244169934,58598.0,160922.39906163717, 0.0, 0.0,-2.8421709430404007E-14,77.95436308034037, 106.84536355572389,106.84536355572389,0.0, 218.56445401890628, 4.211108273519472, -29.29024322905831, 4.211108273519472, 112.5208195884702, 16.15648586403415, -29.29024322905831, 16.15648586403415, 88.09912621563886, 7.794498233116667, 4.90254122599996, 8.0, 0.0
48, 0 ,1.0,1.0,1.0,123.88102627131664,9.478322322937471,48.800122906744505,9.045062812155955,6.338170563825312,13.681178469836807,43.0,26.0,59.0,-0.11201953576718204,0.039281369160642315,0.9929293014325696,13.739331843512282,0.9936106658568502,0.018268832195681324,0.11137367043297254,8.970047818275319,0.013764748526993272,-0.999061171203781,0.04107685346904332,6.318956743578644,59.66956734474752,43.53189552511097,27.221443411784662,16.65076649002961,5.649087270524112,32545.0,70708.49880163901, 0.0, 0.0,0.0,NaN, 90.91418344394262,90.91418344394262,0.0, 81.8131612758466, 0.0808131520790786, -12.06968579213671, 0.0808131520790786, 40.172406096141664, 5.88777037058547, -12.06968579213671, 5.88777037058547, 187.1746443235262, 8.677985077218208, 4.75152493552733, 4.0, 0.0
49, 0 ,1.0,1.0,1.0,48.77335842892148,182.95839696011933,163.71664476721475,15.169716596767415,9.850816908889302,9.151638151838005,62.0,42.0,41.0,-0.9969014467705086,0.03347254440182792,0.0711835247661576,15.195970903984753,-0.06893649923532341,-0.8076130000779677,-0.5856697031418334,10.607664269608351,0.037884884849300485,-0.5887621173923581,0.8074180482399574,8.214091750729372,63.24340561638583,51.15022687358558,41.04884469782846,19.31220531409217,6.1603654248116735,56318.0,132789.5047904672, 0.0, 0.0,0.0,NaN, 63.13270621122938,63.13270621122938,0.0, 230.12030162624075, -2.9458258674143085, -9.779728438354887, -2.9458258674143085, 97.03859377245938, 21.698428543087505, -9.779728438354887, 21.698428543087505, 83.75248086217695, 8.562486651301779, 5.187994145998952, 7.0, 0.0
