// Sample: .//bubblelabels.tif, Map: .//bubblelabels.tif, Thickness:(8.191250068658265):/gpfs/home/mader/Foam/NewValid/InSilicoTest/LatticeData_Phi_6.65/out_Step_03000.vtk/distmap.tif, Neighbors:(1.0):
//LACUNA_NUMBER, TRIANGLES, SCALE_X, SCALE_Y, SCALE_Z, POS_X, POS_Y, POS_Z , STD_X, STD_Y, STD_Z,PROJ_X, PROJ_Y, PROJ_Z, PCA1_X, PCA1_Y, PCA1_Z, PCA1_S, PCA2_X, PCA2_Y, PCA2_Z, PCA2_S, PCA3_X, PCA3_Y, PCA3_Z, PCA3_S,PROJ_PCA1, PROJ_PCA2, PROJ_PCA3,OBJ_RADIUS, OBJ_RADIUS_STD, VOLUME, VOLUME_BOX, Mask_Grad_X,Mask_Grad_Y,Mask_Grad_Z,Mask_Angle, Mask_Distance_Mean,Mask_Distance_COV, Mask_Distance_STD, SHAPET_XX, SHAPET_XY, SHAPET_XZ, SHAPET_YX, SHAPET_YY, SHAPET_YZ, SHAPET_ZX, SHAPET_ZY, SHAPET_ZZ, Thickness, Thickness_STD, Neighbors, Neighbors_STD
1, 0 ,1.0,1.0,1.0,160.11046556665892,182.14403904252848,184.52138817879,18.728904679287762,11.313266082329067,9.224585904269038,73.0,54.0,41.0,0.9820607296531393,0.15759231211308766,0.10354412796481864,18.98826910911471,0.09513492775883955,-0.888194074457633,0.4495115478145904,11.605573281811711,0.1628068450448689,-0.4315969755005237,-0.8872530540636852,8.283184778875912,76.03397783039574,66.10704869783389,45.97285900480071,22.316375602258745,8.113829245158442,64545.0,231077.14524936114, 0.0, -2.8421709430404007E-14,0.0,80.93282706407093, 46.36375440939995,46.36375440939995,0.0, 350.771870485847, 39.59916339959354, 32.51250294035516, 39.59916339959354, 127.98998944957728, -21.618085768040494, 32.51250294035516, -21.618085768040494, 85.09298510523901, 9.439103497188368, 6.2227763002558625, 11.0, 0.0
2, 0 ,1.0,1.0,1.0,183.89820013474926,35.61105585678077,15.46167666591806,9.79490994368943,15.961347073763253,10.242194419629238,43.0,72.0,47.0,-0.017699153472486184,0.9997008529869392,0.016880299272918398,15.964633046883232,-0.6277448406653993,0.0020299589662135468,-0.7784165300689396,11.024121410258978,-0.7782179354039137,-0.024373834408672638,0.6275211241160643,8.899811602153967,72.0982612183692,63.60296456944691,43.419691145277454,20.22964127498735,6.809480275969388,62338.0,199108.07783386964, 0.0, 0.0,1.7763568394002505E-15,89.03278415722869, 42.02949801575964,42.02949801575964,0.0, 95.94026080498607, -3.162087964529966, 20.629307968203598, -3.162087964529966, 254.7646004091308, 2.897475254930189, 20.629307968203598, 2.897475254930189, 104.9025465294843, 8.3335019697556, 5.848899721643844, 13.0, 0.0
3, 0 ,1.0,1.0,1.0,170.917468703952,186.96775478235475,78.94342152424697,16.264390306821376,7.601716517940136,15.653554549346048,64.0,32.0,64.0,-0.8680295590936848,-0.020613257352900375,0.49608444660251794,16.56215806766194,0.4952142137137676,0.036264178682222724,0.8680137048920132,15.348793853003405,0.035882684897848786,-0.9991296227045854,0.0212704010003283,7.5802179058973405,73.58062285817121,78.87113830058382,33.024765973098056,22.671906329530163,7.303076029047624,75329.0,191655.5134340165, 0.0, 0.0,0.0,NaN, 85.13340615735628,85.13340615735628,0.0, 264.53039205262513, 7.078874423952262, -16.80923347427614, 7.078874423952262, 57.7860940191239, 3.38956538494328, -16.80923347427614, 3.38956538494328, 245.03377002935235, 8.39556124753746, 5.576891334994002, 12.0, 0.0
4, 0 ,1.0,1.0,1.0,55.61641508259133,79.3968119835262,30.52815755063556,13.403766264304627,13.743020853935679,15.007329910832402,67.0,68.0,66.0,0.0724904200129472,0.5794696187748488,0.8117635739076235,16.2842985412091,0.9657979926073972,-0.24394508363799547,0.0878921705521804,13.466011613095601,0.24895657549433922,0.7776282897926122,-0.5773342761627348,12.134235681291846,79.80934797844827,66.7676497723703,72.15051986386328,23.390505754335063,6.829038282858349,112421.0,384467.2193744887, 0.0, 0.0,-3.552713678800501E-15,35.7314030398828, 101.63172626312578,101.63172626312578,1.3486991523486091E-6, 179.66095006811082, -3.0784219748481108, 9.834201244038336, -3.0784219748481108, 188.87062219171096, 54.74646099630931, 9.834201244038336, 54.74646099630931, 225.21995105256485, 8.357378713339717, 5.31785795948194, 23.0, 0.0
5, 0 ,1.0,1.0,1.0,13.487035907967782,106.57179989089626,138.47734492828033,7.9712796574756455,15.341282322216008,12.225551121796475,32.0,76.0,60.0,0.002926943639014812,0.9993816161572345,-0.03504023812545043,15.344774359674584,0.0019765953121182404,-0.035046101625471726,-0.9993837420289712,12.221241815906389,-0.9999937630165031,0.0028558795162522623,-0.0020779509817384816,7.971166240086565,75.90349404271475,59.98621105149104,32.15663880463838,20.118886694355204,6.60232845888311,62326.0,146414.41843385025, 0.0, -1.4210854715202004E-14,0.0,2.0150650925943987, 112.67548890634262,112.67548890634262,0.0, 63.54129937768505, 0.49695174264101866, -0.18715793245134862, 0.49695174264101866, 235.35494328993738, -3.014706840708629, -0.18715793245134862, -3.014706840708629, 149.46410023165902, 9.21480969863849, 5.4506627447362375, 16.0, 0.0
6, 0 ,1.0,1.0,1.0,51.71778785671721,186.03171555320134,121.13873071575183,14.600074627303691,8.204018521433227,12.039887344652575,65.0,33.0,54.0,-0.9636064581229005,0.022590613176538918,0.2663686506707321,14.794619936041274,0.266471785101733,0.0016296765292254031,0.9638413416631942,11.803299219860861,-0.021339672174949958,-0.9997434712718648,0.0075901278479079655,8.199288674592681,65.2683434922796,57.38175718143482,34.05851816071899,19.69667337778358,6.1211146161215,60412.0,127556.37902055262, 7.105427357601002E-15, 0.0,0.0,15.50514370231346, 95.33594466045736,95.33594466045736,NaN, 213.162179122837, -3.269934475492795, -20.410097001045568, -3.269934475492795, 67.30591990001942, 1.0257927555555753, -20.410097001045568, 1.0257927555555753, 144.95888727192525, 9.541050654422907, 5.425797110880474, 11.0, 0.0
7, 0 ,1.0,1.0,1.0,56.64077888204344,149.64797409722536,11.895444529387957,12.96677342788924,16.97960662598313,8.258691718503519,59.0,87.0,32.0,-0.2512235377380886,0.9652992998081239,-0.0713021449628633,17.254663019830513,0.9574302112472668,0.25864381720601465,0.1281825511218891,12.707463786067345,-0.14217638579375014,0.03606435374504316,0.989184127304709,8.08994508031444,93.89981935681963,58.079906458636245,36.73926778076218,21.35924174694442,8.272426197928393,66711.0,200364.677407737, 7.105427357601002E-15, 0.0,0.0,75.45007334575735, 76.71379240677632,76.71379240677632,0.0, 168.1372131302145, -32.547510136770256, 15.94637215305187, -32.547510136770256, 288.30704117313024, -12.803261541153029, 15.94637215305187, -12.803261541153029, 68.20598890127862, 8.372893118674817, 5.310021086525037, 18.0, 0.0
8, 0 ,1.0,1.0,1.0,26.556174996669366,51.12721999610572,50.4243740968856,13.73576570341317,13.17988974739081,12.990370966202827,64.0,66.0,63.0,0.8128043402655719,-0.20344258850138047,0.5458573235098219,14.788747058509248,-0.11544073058231825,0.8621992493012735,0.49324019729432145,13.581008234279667,0.5709838370462588,0.4639219413739539,-0.6773137309576355,11.312809855728426,75.74015920711776,67.39631615705721,61.1956283554091,22.14852192345355,6.369730579733255,97579.0,312379.6766706668, 0.0, -7.105427357601002E-15,0.0,78.26165516580328, 76.56265772585606,76.56265772585606,0.0, 188.6712594590615, -20.622627372781583, 37.038418034494356, -20.622627372781583, 173.7094937533774, 13.937238749743889, 37.038418034494356, 13.937238749743889, 168.74973783956534, 7.939565511346248, 5.129181778890152, 21.0, 0.0
9, 0 ,1.0,1.0,1.0,90.53364307747444,179.58545482471297,86.07139474458907,13.173683165078335,12.39540101915101,12.222253396793143,63.0,57.0,60.0,-0.7901424753167184,-0.5809389707717592,0.195409265233301,14.147580409532564,-0.096638892304887,-0.1967476877841697,-0.9756799023479306,12.147411506558074,-0.6052567993789526,0.789810268096226,-0.09931740640650068,11.351728278152663,80.53471973832244,57.758392023137674,59.987883901432674,20.853176978189595,6.459131719598448,78129.0,279036.9961372262, 0.0, 0.0,0.0,NaN, 126.5755868122769,126.5755868122769,0.0, 173.54592813386836, 33.08042637168348, -9.24461673752564, 33.08042637168348, 153.6459664255699, -4.503867539738483, -9.24461673752564, -4.503867539738483, 149.3834780954215, 8.395627818025257, 5.213171184997997, 19.0, 0.0
10, 0 ,1.0,1.0,1.0,186.50400114318376,20.275997223696567,111.03794961825828,8.2940657383684,10.998079541155816,13.385243746999341,33.0,44.0,66.0,0.02537558239174262,-0.34830185738689745,0.9370388977833938,13.729267345799435,0.08459718957163345,-0.9332302327189721,-0.34917710156291004,10.583912557366723,-0.9960920616764602,-0.08813142958179572,-0.005784097596685986,8.270552784314477,74.30220872707065,56.011063956390025,34.7667008716829,18.290455939666124,5.862870606765353,48986.0,144690.1701196766, 0.0, 0.0,0.0,NaN, 92.23613422451143,92.23613422451143,0.0, 68.79152647237657, -4.504921721631859, 1.5670816534279801, -4.504921721631859, 120.95775359359011, -24.98109824927206, 1.5670816534279801, -24.98109824927206, 179.16475016658498, 8.82021183674203, 5.379990316331855, 10.0, 0.0
11, 0 ,1.0,1.0,1.0,77.17445259217476,100.4489308240603,160.29012871134813,11.905175730882497,14.650536617431571,13.589546574576882,59.0,80.0,76.0,0.1663928246048503,0.8423399046273806,0.5126177064756494,15.316347926682496,0.03411557023747472,-0.5244713941821244,0.8507443120891443,12.938374053161718,-0.9854692059051827,0.12406950373477971,0.11600518288255064,11.792165683782244,73.22538533346557,69.08030291744252,62.11601195887007,22.2919440478776,6.642020703881055,97505.0,314209.61018703796, 0.0, 0.0,0.0,NaN, 132.07265191831297,132.07265191831297,0.0, 141.7332091831936, 12.882977146635957, 8.97148772493673, 12.882977146635957, 214.63822317870333, 28.604114618923443, 8.97148772493673, 28.604114618923443, 184.67577610259426, 7.548026542528539, 4.847540193495542, 30.0, 0.0
12, 0 ,1.0,1.0,1.0,21.13713092079264,177.66505956077458,47.983097160277765,13.100861845626333,12.619747128138892,13.972711626668843,54.0,51.0,81.0,0.0825993325968724,-0.537839018872761,0.8389913825734668,14.867371276578652,0.9951562706689767,0.08954271817774787,-0.04057214031271558,13.092023459863427,-0.05330428878397602,0.838278767117077,0.5426300410020699,11.562329433516162,91.95172943525361,57.52819850174025,60.77989350898349,21.891316037924096,6.848178663429789,88565.0,321514.5348217019, 0.0, 0.0,0.0,NaN, 56.9912754821221,56.9912754821221,0.0, 171.63258109818784, -0.5199700600192815, 4.5307433522095275, -0.5199700600192815, 159.2580175781698, -39.553597988342666, 4.5307433522095275, -39.553597988342666, 195.2366702020467, 7.640236269747633, 4.817781045976007, 12.0, 0.0
13, 0 ,1.0,1.0,1.0,175.71208994301554,61.4466964423225,108.87501411776785,13.167867631659965,13.261483869013697,13.720942366565549,54.0,67.0,66.0,-0.5980781886234202,-0.49243551193475915,0.6323051058456519,15.176885578181562,-0.12007476255498932,-0.7250002777806632,-0.6782010384947259,12.886659653591883,-0.7923916529660647,0.48154113407217164,-0.3744777757173245,11.87939808739962,77.0628538269666,66.85515732119579,68.32699081623863,22.231794381489404,6.5780901771591065,97395.0,352024.01948162145, 0.0, -7.105427357601002E-15,0.0,60.49921320426365, 112.55826105021391,112.55826105021391,0.0, 173.3927379649182, 28.44760834682706, -31.707826162777607, 28.44760834682706, 175.86695440811047, -15.513890489323025, -31.707826162777607, -15.513890489323025, 188.2642594266134, 7.08321947280255, 4.51581319644949, 19.0, 0.0
14, 0 ,1.0,1.0,1.0,169.90113689062522,186.79367332312145,23.31854017060386,16.26361409353628,7.477719038084959,14.779832158614727,74.0,31.0,51.0,0.9342772303558627,0.008291305108267512,0.3564509939643588,16.50076899025314,-0.3559557279350071,0.07926098923628408,0.9311354441409396,14.548984109140088,0.02053233033137727,0.9968194168679134,-0.07700307504428598,7.410570029027575,86.37053233324704,66.41390687668418,32.646759381898335,21.948900105868333,7.557158736945526,71159.0,187268.4877918533, 0.0, 0.0,0.0,NaN, 40.300160551310235,40.300160551310235,0.0, 264.5051433834719, -2.7388876764970496, 20.429909499855153, -2.7388876764970496, 55.91628201253824, 12.21143926678036, 20.429909499855153, 12.21143926678036, 218.4434386368221, 8.417197717280802, 4.99008526095916, 11.0, 0.0
15, 0 ,1.0,1.0,1.0,189.71313276026743,24.431518624641832,175.88779847182425,6.301334694699647,13.13196337809757,12.819312009124145,27.0,55.0,54.0,-0.022936033893704848,0.7997040690967038,0.5999561152446082,13.530089340247436,0.01038023362861423,-0.5998911408127693,0.8000142935749146,12.401921998594458,-0.9996830443190693,-0.02457683959603743,-0.005458008467237706,6.294366899958838,74.71910188115596,61.878525817375476,27.7095337444064,18.382361309528942,6.211186212916368,41880.0,128115.2474744162, 0.0, 0.0,0.0,NaN, 35.83457830712488,35.83457830712488,0.0, 39.70681893462549, -3.3421140220523626, -1.0256205625476962, -3.3421140220523626, 172.44846216369572, 14.021172541002718, -1.0256205625476962, 14.021172541002718, 164.33476038727454, 7.910376146111954, 4.933046821670577, 10.0, 0.0
16, 0 ,1.0,1.0,1.0,189.47330967536004,174.36418257947014,138.0921722150247,6.676275220061877,15.160171340424684,14.404153815197832,28.0,65.0,68.0,-0.0454437473398724,0.7776313972088307,0.6270759729911136,16.53720153555286,0.06370149808857199,-0.6241911514767027,0.7786703574423903,12.837363733791188,-0.9969337916677226,-0.07533137787954297,0.02117069998342058,6.603495343814174,85.17155057510485,74.4041086671374,31.11053401410328,20.583983320648123,7.627760069129719,53259.0,197150.97900585522, 0.0, 0.0,0.0,NaN, 67.82761594707402,67.82761594707402,0.0, 44.572650814012256, -12.94217530301512, -0.5392042133037405, -12.94217530301512, 229.83079507103395, 53.18988767564874, -0.5392042133037405, 53.18988767564874, 207.47964713187824, 7.40890843281845, 4.744572584619789, 13.0, 0.0
17, 0 ,1.0,1.0,1.0,21.0595690747782,9.732352454951231,20.32203670028104,12.307837666014217,6.357149403270248,12.098542000993445,57.0,25.0,47.0,-0.7281207980178493,0.05276341790123999,0.6834150460922185,13.733009541764343,0.684978495623471,0.019080700740260866,0.728313385427363,10.473833100039,-0.02538826554249344,-0.9984247335631463,0.050034861667682416,6.322515655702003,73.7816829070554,55.26229524281109,27.01946436162668,17.350081788849412,6.102917090904891,36294.0,110167.68181703729, 0.0, 0.0,0.0,NaN, 30.841681367433893,30.841681367433893,NaN, 151.48286801295828, -4.798433515391075, -39.16995215038305, -4.798433515391075, 40.41334853549927, 6.328160701673252, -39.16995215038305, 6.328160701673252, 146.37471854980248, 7.970968595768897, 4.663697576837111, 4.0, 0.0
18, 0 ,1.0,1.0,1.0,22.40296018632085,39.456169122004326,145.0704353458374,13.984057696540978,13.118526680381047,11.13345249162673,58.0,64.0,60.0,0.8510322624740781,0.35860606117813987,0.3835958564877258,14.451894811200518,-0.4600017221210501,0.8614388990758757,0.2152241594352533,13.317243865242048,0.25326370421740185,0.3596174579261184,-0.8980717009687129,10.266310364830892,73.66136507083733,63.017193258476716,50.94350872549826,21.169328581013872,6.592640118832452,72563.0,236476.32771410714, 0.0, 0.0,0.0,NaN, 71.24562428661785,71.24562428661785,0.0, 195.55386966018693, 3.0626299198295692, 26.651330161207625, 3.0626299198295692, 172.09574226386937, 27.572006664793882, 26.651330161207625, 27.572006664793882, 123.95376438330946, 7.724189967957776, 4.793394195493225, 17.0, 0.0
19, 0 ,1.0,1.0,1.0,121.85457736750581,78.94459703239018,179.59841380767418,11.46857947307741,11.191437954425647,11.602668270315274,55.0,55.0,47.0,-0.3417450963071994,0.6633470801929034,-0.6657183641372177,12.527455818345102,-0.8485319960765837,0.086708272535759,0.5219915009922604,11.600875809499415,-0.4039848274183966,-0.7432713681243314,-0.533239095099294,9.994050269085857,60.34400736354468,60.71105704131608,49.978524643788575,19.009499442294956,5.480642349438261,61531.0,183098.74764902922, -1.4210854715202004E-14, 0.0,0.0,70.01676952000871, 112.93883830720281,112.93883830720281,0.0, 131.52831513029253, -15.487359960900518, -2.3886235108958402, -15.487359960900518, 125.24828348775888, -23.625587221556994, -2.3886235108958402, -23.625587221556994, 134.6219109909808, 7.758125713781116, 4.817453519966119, 16.0, 0.0
20, 0 ,1.0,1.0,1.0,170.3453195231581,89.87862206193259,9.628972942242436,13.444020286417139,16.68436560395924,6.600459952020748,58.0,79.0,26.0,0.3328832334281075,0.942954008089268,-0.005146992406502961,17.095742632021942,0.9427917807440366,-0.33292158298729146,-0.01751792632491852,12.918582331026068,-0.01823214370109095,9.788818215912833E-4,-0.9998333014690213,6.597092015621123,87.55724339697593,68.66462976862036,26.680410584259974,21.05951560464009,7.692373570254234,56287.0,160404.914981493, 0.0, 0.0,0.0,NaN, 95.13298007451327,95.13298007451327,0.0, 180.7416814615956, 39.35649835632034, -2.4637011579644055, 39.35649835632034, 278.3680556065782, -0.4877477367524971, -2.4637011579644055, -0.4877477367524971, 43.56607157822974, 7.322835343622295, 4.876355974766232, 12.0, 0.0
21, 0 ,1.0,1.0,1.0,15.850325721490613,101.78134631549453,22.708094003922668,9.71793977262072,11.58922188587826,12.489675772100846,39.0,52.0,54.0,-0.08276366725473322,-0.5050640322942991,0.8591044748254838,12.89268885849376,-0.31635007879296384,-0.8041600786111978,-0.503238706396594,11.33320790880902,-0.945025292270124,0.3134276491483398,0.09322180924607634,9.490910953664333,58.611511344369084,59.47860936486205,45.22207157294192,18.79272558483917,5.619064275270926,57104.0,157650.0740754139, 0.0, 1.4210854715202004E-14,0.0,59.66439693851816, 102.04799993319396,102.04799993319396,0.0, 94.43835342428365, 12.942598889019502, 0.6935254877333982, 12.942598889019502, 134.31006392011963, -17.513707240596357, 0.6935254877333982, -17.513707240596357, 155.99200089220284, 7.888363868754349, 4.8770459872326075, 11.0, 0.0
22, 0 ,1.0,1.0,1.0,80.66221632279598,23.19647666791242,41.707591788342334,11.951008148726972,11.630112386139407,13.492229234712008,63.0,49.0,67.0,-0.4429422138544997,-0.02444228864092715,0.8962169211254987,13.978156253870443,-0.5954922836581101,0.755294195391941,-0.2737144835606798,12.35017980823766,-0.6702172299257336,-0.6549299603264721,-0.34910687729897577,10.592948883751424,62.95081183747643,61.75384548063812,61.85567688179815,20.600113579638982,5.980107031911169,77597.0,240461.14225452315, 0.0, 0.0,0.0,NaN, 93.72295815163721,93.72295815163721,0.0, 142.82659577093847, -17.232639793514497, -26.44811412342949, -17.232639793514497, 135.25951411423327, -10.156873904984314, -26.44811412342949, -10.156873904984314, 182.0402497220174, 6.838577141895066, 4.524968585880072, 19.0, 0.0
23, 0 ,1.0,1.0,1.0,159.22612515323098,81.04275874146285,69.9010419706964,14.884959195629579,9.996214271509873,11.051054014881153,69.0,51.0,58.0,-0.9860146278539904,0.16355715560349748,-0.03200328903175877,15.00058477801715,0.07724410960842593,0.27834185685405566,-0.9573709616725579,11.159501583337377,0.14767701645401177,0.9464538380575833,0.2870829692568193,9.698457897332283,72.34796123523506,55.60947756140543,51.59590251080891,20.104868388737334,6.277449476407512,68524.0,207582.30291831767, 0.0, 0.0,1.4210854715202004E-14,88.1660334557456, 114.52769657613828,114.52769657613828,0.0, 221.56201025555754, -20.464268675193562, 1.8788359503829943, -20.464268675193562, 99.92429976193765, -8.806185467487799, 1.8788359503829943, -8.806185467487799, 122.12579483982086, 6.767040467433713, 4.339638015879912, 17.0, 0.0
24, 0 ,1.0,1.0,1.0,136.96967165811134,118.10111472223066,123.59218479482429,10.409192129119814,12.345252546164955,13.05809226601642,49.0,60.0,65.0,0.36052066988954706,0.6190428760039531,0.6977182556384387,14.065254151198662,-0.3118555195609715,-0.6249783785556463,0.7156452761370755,12.029709376247217,-0.8790739340361245,0.47559220347552894,0.03226568597663373,9.419396627307846,69.17934301540691,61.91052388630716,48.651805814601005,19.890019854719633,5.9713838443151,65846.0,208372.24793904505, 0.0, 0.0,0.0,NaN, 128.5239430030677,128.5239430030677,0.0, 108.3512807809299, 35.26250533214276, 14.949330149671447, 35.26250533214276, 152.40526042859233, 22.08319766783169, 14.949330149671447, 22.08319766783169, 170.51377362779786, 7.249709606114983, 4.561337264081117, 23.0, 0.0
25, 0 ,1.0,1.0,1.0,118.88683535358192,56.56444055245733,14.403020386843036,14.70141304489213,11.833216727275676,9.395016951661702,71.0,59.0,40.0,-0.9166448652225768,0.35193603370320853,0.18948144828013588,15.29763912042817,0.37297979150770505,0.9235662001366426,0.08894688916444318,11.3110474197275,-0.14369504580169984,0.15220546030421156,-0.9778472435230517,9.081043484260693,76.64879843565608,53.67085450064782,45.25971705312612,20.070275195184706,6.450345784743382,65091.0,186189.71858554703, 0.0, 0.0,0.0,NaN, 99.93161867113542,99.93161867113542,0.0, 216.13154551652448, -33.22621147148764, -24.81408108387499, -33.22621147148764, 140.02501811467687, 13.84197555710292, -24.81408108387499, 13.84197555710292, 88.26634352201076, 7.1463105919290015, 4.647671366621962, 15.0, 0.0
26, 0 ,1.0,1.0,1.0,150.88231664873757,151.87891539581094,54.64663355059166,10.111209717098156,14.195343284618737,10.66266224832912,47.0,64.0,50.0,-0.003076248158464231,-0.9837042062287783,0.1797681043596951,14.301408213558904,0.5631130661280411,-0.1502611804853353,-0.8126039948185284,10.86199859255634,-0.8263741352759926,-0.0987299968953925,-0.5543989324122943,9.742864507818407,65.24483458478242,55.535097839000194,52.02510772884324,19.570433793445005,5.868118972004654,63212.0,188506.64495122808, 0.0, 0.0,-7.105427357601002E-15,79.64374716414939, 87.83188578011436,87.83188578011436,0.0, 102.23656194314016, -1.6194828255800402, -10.612410507769836, -1.6194828255800402, 201.50777096817026, -16.567086420359544, -10.612410507769836, -16.567086420359544, 113.69236622194302, 6.731488909481605, 4.551610310263532, 21.0, 0.0
27, 0 ,1.0,1.0,1.0,10.671284080914688,83.58911295388867,105.56919839175775,7.043055416421244,11.425614743859551,10.67888818977316,28.0,55.0,47.0,-0.04444139381523955,-0.7664495557883076,0.640765199544782,12.990636131224154,0.05157139257530624,-0.6423038185116958,-0.7647131463451753,8.725480494469359,-0.9976799857587616,9.397644380985285E-4,-0.06807174787823835,7.021204874544423,64.53706615860905,44.290086908418985,29.719001512651,16.238905696831175,5.521403500287109,31836.0,84947.3754054817, 0.0, 0.0,0.0,NaN, 126.56299775498663,126.56299775498663,0.0, 49.60462959878062, 3.180081262170021, -4.460150107747663, 3.180081262170021, 130.54467227510077, -45.48656602077581, -4.460150107747663, -45.48656602077581, 114.03865296967668, 8.596349060221831, 4.673676557976804, 10.0, 0.0
28, 0 ,1.0,1.0,1.0,57.62649660154139,69.91446975514035,93.83698774279783,14.822341916820818,10.239977058529316,11.05020898754975,70.0,47.0,53.0,-0.978196445366224,-0.09942351281937051,-0.1823367197564455,14.956673712813995,0.20678828041947456,-0.547629151938573,-0.8107656375477416,11.458487282765292,-0.01924373544925076,-0.8307931614100446,0.5562485070544128,9.574291063363416,71.67231735573058,58.88238210830009,53.12891874125586,20.215214118865024,6.165321309989905,70326.0,224216.61680086522, 0.0, 0.0,0.0,NaN, 130.4385926800496,130.4385926800496,0.0, 219.70181989914346, 8.353345520266636, 16.905698561557177, 8.353345520266636, 104.85713015920672, 19.98922846845914, 16.905698561557177, 19.98922846845914, 122.10711866852527, 7.5455997734088065, 4.544714433453349, 18.0, 0.0
29, 0 ,1.0,1.0,1.0,97.24338863523349,187.0963338004611,138.93901722345282,10.990314675311081,7.71596585907622,12.577886697310987,54.0,32.0,59.0,0.07283366241793848,-0.1045247975084449,0.9918517148871642,12.627633744654883,0.9954068515686226,-0.05433659088606388,-0.07882090294536714,10.991981440029324,0.06213257977126174,0.9930368077753717,0.10008716668119183,7.6318798211243335,58.65546711094164,53.59969614558236,34.71428507424051,17.57684857024034,5.438821003673149,44242.0,109138.7690027453, 0.0, 0.0,0.0,NaN, 115.54750041558654,115.54750041558654,0.0, 120.78701666235811, -4.155176582509051, 2.40173732059717, -4.155176582509051, 59.53612913842982, -10.224901482897437, 2.40173732059717, -10.224901482897437, 158.20323377039267, 7.27861964000963, 4.743841733653914, 11.0, 0.0
30, 0 ,1.0,1.0,1.0,46.626165945253916,121.5168566725599,144.80607205998902,11.082504295311644,10.734970691744255,13.401717211482664,52.0,55.0,62.0,0.19339273580679778,0.3693267327351744,0.9089538020297416,13.869671755658693,-0.8400444975565081,-0.4162975259708068,0.34788160629101805,11.343426015451412,-0.5068771960368663,0.8308394155056352,-0.22974197217761072,9.829873501069246,63.145858362786385,56.28242827913189,50.459610743176135,19.59529565993997,5.804473225386328,65612.0,179333.56983419837, 0.0, 0.0,0.0,NaN, 106.67695542504477,106.67695542504477,0.0, 122.82190145560105, 18.04541029788069, 7.464645727723882, 18.04541029788069, 115.23959575260814, 27.499367254490554, 7.464645727723882, 27.499367254490554, 179.60602421655065, 7.008577453460023, 4.433774924318341, 16.0, 0.0
31, 0 ,1.0,1.0,1.0,18.01231322110838,140.0069226404388,24.100416114999053,9.985032286267169,10.306762097158604,12.07588694094077,39.0,45.0,52.0,0.03392472833163537,-0.31632596346558906,0.9480437741186802,12.2712335867616,0.673752561122102,-0.693392748616375,-0.2554681634717639,10.53383186482438,-0.7381778912897843,-0.6474136089114854,-0.18960226741042083,9.498024668232405,58.77705174965818,56.22986525237491,51.73109852871964,18.0288436024462,5.168951388250131,52870.0,170972.61011708793, 0.0, 0.0,0.0,NaN, 67.1151459475558,67.1151459475558,0.0, 99.70086975779778, -10.341337367863167, -1.6297403232620389, -10.341337367863167, 106.22934492742522, -14.429123364821002, -1.6297403232620389, -14.429123364821002, 145.82704541038382, 7.618252019353347, 4.674762599298905, 9.0, 0.0
32, 0 ,1.0,1.0,1.0,112.46357158118316,71.09806829464476,69.89220405444468,9.895488760274198,11.395976669518863,16.31738171852694,48.0,58.0,74.0,-0.10271841775611167,-0.1291435952787385,0.9862914672915725,16.447809097573966,0.06185725407713779,-0.9904464841399807,-0.12324545497821572,11.294142070961993,-0.992785277273851,-0.0483497037553734,-0.10972556390855452,9.795808234940994,73.10871911474818,59.97360054011246,47.56728060813914,21.215553777042718,6.629193475722873,79567.0,208563.17111019135, 1.4210854715202004E-14, 0.0,0.0,84.10426930661728, 132.6743449320205,132.6743449320205,0.0, 97.92069780471299, 0.3797774322524191, -17.926903698118583, 0.3797774322524191, 129.86828425221822, -18.378547239896328, -17.926903698118583, -18.378547239896328, 266.25694614811715, 7.3783650662537585, 4.403883769011763, 23.0, 0.0
33, 0 ,1.0,1.0,1.0,188.5478621404509,10.195491059860068,46.985177507126195,7.114251231054569,6.725933102061034,10.564658605069534,31.0,29.0,49.0,-0.08098640435489995,0.031585034199078925,0.9962146294470424,10.588316045485014,0.8417147162622295,0.5374716974840711,0.05138590109344774,7.32208160130219,-0.53381414250398,0.842690073525394,-0.07011348832076998,6.460452186838638,49.14818352085261,40.88950661599836,30.632331980573923,13.644761128682992,4.613377488870189,19295.0,61560.1120446502, 0.0, 0.0,0.0,NaN, 49.423743331337846,49.423743331337846,0.0, 50.612570578561446, 5.192405493973395, -5.164203753709827, 5.192405493973395, 45.23817609340036, 2.542363847790525, -5.164203753709827, 2.542363847790525, 111.61201144166974, 8.295821506422893, 4.694861800495396, 7.0, 0.0
34, 0 ,1.0,1.0,1.0,172.53553632644739,103.96257120646369,124.03238221463253,11.97349006762157,12.040627271412031,13.946143936448196,52.0,59.0,66.0,-0.35204840545584587,0.005445180750473934,0.9359659556963549,14.24720217387054,0.5265018901004856,0.8279265484763713,0.19321850338054913,12.390934839830303,-0.773858953515828,0.5608101107635254,-0.29433711918273203,11.239130936000901,70.43086017044247,66.89159646545346,60.17746812085272,21.045810361313755,6.317433531122235,78469.0,283510.05424429, 0.0, 0.0,-1.4210854715202004E-14,20.615233687978446, 125.49328048199685,125.49328048199685,NaN, 143.36446439943242, 11.717147793278489, -22.49262508513571, 11.717147793278489, 144.97670508907115, 4.7446775996174875, -22.49262508513571, 4.7446775996174875, 194.49493069613078, 7.508619071814601, 4.671894136506088, 17.0, 0.0
35, 0 ,1.0,1.0,1.0,123.82203617922457,151.3166886235179,162.78934171943393,13.014658825082508,11.270788362361026,11.358994818506604,69.0,53.0,60.0,-0.97999452765454,0.10466985905998899,0.16927771965476554,13.099349158652341,0.05033402154944649,-0.6925427097825656,0.7196187055668314,11.820484278907898,0.19255443916413675,0.7137428218422825,0.6734196108124569,10.682789006673124,68.18303370192841,57.650765891597146,52.69207770072458,19.81164004351791,5.739137279710496,70593.0,207122.23578692327, 0.0, 0.0,0.0,NaN, 97.76389961602361,97.76389961602361,0.0, 169.38134433329802, -6.787577250191146, -8.606596971070099, -6.787577250191146, 127.03067030913273, -11.740831576497127, -8.606596971070099, -11.740831576497127, 129.02676328685988, 7.283041982326833, 4.36995618860633, 22.0, 0.0
36, 0 ,1.0,1.0,1.0,145.2038320187098,42.896965471158175,83.0622013044552,12.607944649566727,10.212283313104455,12.784005604323117,64.0,48.0,57.0,0.6776482456810141,-0.11564493017129492,-0.726236259939643,13.004297853932776,0.6838120332915769,-0.26422449383573937,0.680137133218652,12.583351531261128,0.27054381946568834,0.9575028287075311,0.09997186987344717,9.961390445712007,64.52983884844073,63.28229400047579,46.631554657383774,19.83185735385105,5.7774762605732475,68841.0,190424.4409756139, 0.0, 0.0,0.0,NaN, 108.36096602379175,108.36096602379175,0.0, 158.96026828653825, -16.15669760014079, -6.899548360775064, -16.15669760014079, 104.2907304671117, -4.753734055976743, -6.899548360775064, -4.753734055976743, 163.43079929136485, 7.3847941943553606, 4.512590546794974, 16.0, 0.0
37, 0 ,1.0,1.0,1.0,85.79734071317237,35.83206094729141,108.38061837961638,11.569292023052714,12.175239984334162,10.759837106716244,58.0,71.0,56.0,0.4908457066022881,0.7286603289152043,-0.47762392881354576,12.862116194822148,-0.7405463073272194,0.6377312316389395,0.2118727044626116,11.546309841460163,-0.45897893090437203,-0.2497058294423015,-0.8526343528901543,9.955288905389049,60.63353023755504,56.76072343717527,54.641556559310715,19.135238217266618,5.630429781313984,62874.0,188054.54721039758, 0.0, 0.0,0.0,NaN, 130.5344067810632,130.5344067810632,0.0, 133.84851791467116, 7.566134182498114, -20.91702707966629, 7.566134182498114, 148.23646867612933, -18.460922647352092, -20.91702707966629, -18.460922647352092, 115.77409456306779, 6.525744275481536, 4.196210056895637, 15.0, 0.0
38, 0 ,1.0,1.0,1.0,16.649391331932275,72.12530235140171,170.0084063602839,10.102723746048715,11.35168977040631,10.540852379697895,40.0,56.0,57.0,0.023443641543803254,-0.8437581490773872,0.5362113217162324,11.861020562448804,-0.8033984027275027,-0.335111115511092,-0.4921905593932186,10.264840009902997,0.5949801695569892,-0.4192525803455658,-0.6857301741264727,9.797178543405643,56.31916153442203,54.88146297992236,52.53453081848012,17.77164820476568,5.118981999299749,50438.0,162377.82443404218, 0.0, 0.0,0.0,NaN, 79.86712189665278,79.86712189665278,0.0, 102.06502708897658, 1.6417749867597484, 4.2718715665823614, 1.6417749867597484, 128.86086064354726, -18.675842186388426, 4.2718715665823614, -18.675842186388426, 111.10956889058278, 7.5790728460650945, 4.565851266741135, 12.0, 0.0
39, 0 ,1.0,1.0,1.0,186.8691172500675,111.19029514982454,65.71607576711959,8.795593793126484,14.862205880085803,9.539101465449406,37.0,70.0,54.0,0.15309102624208895,-0.977838836745547,0.1428087778683757,15.0933530274818,0.4685278483433108,-0.05541646159836998,-0.8817089492064285,9.66278355197237,-0.8700832103948055,-0.20189161730005378,-0.4496609632301173,8.250054483421263,68.61209184680409,51.27431156330781,44.70791338172279,18.643627652919122,6.454241899958762,44452.0,157284.12808986436, 0.0, 0.0,0.0,NaN, 111.25729805993653,111.25729805993653,0.0, 77.36247017368513, -24.57074738635662, -6.961551138011775, -24.57074738635662, 220.885163622057, -21.07107182835553, -6.961551138011775, -21.07107182835553, 90.994456768139, 7.3107867097318, 4.645863938637981, 11.0, 0.0
40, 0 ,1.0,1.0,1.0,50.41848400422711,151.01577160790342,187.33242066160693,15.938914771719409,14.016072018998099,6.802849329576997,74.0,63.0,29.0,-0.9147660557013401,0.39395470285556183,0.0894581211215579,16.381247571139035,0.39890964531566325,0.915838520594687,0.04594452164368781,13.573633012704192,0.06382913293116799,-0.07771419621228752,0.9949303219303016,6.64749973992337,69.53708440547351,61.62421630628961,30.998303216218375,21.14223953005427,7.055759746232315,62454.0,132832.94724793505, 0.0, 0.0,0.0,NaN, 71.42790579842075,71.42790579842075,0.0, 254.04900410013516, -29.61355888724763, -15.776541877410132, -29.61355888724763, 196.45027484174145, 13.792976681210881, -15.776541877410132, 13.792976681210881, 46.2787590009262, 8.818928319517644, 5.329572998498245, 14.0, 0.0
41, 0 ,1.0,1.0,1.0,81.42395833333333,105.12745339912281,76.43712993421053,12.285285357096816,12.21692512331718,11.928475861982676,63.0,64.0,62.0,0.5303803901593581,-0.6266823240338747,0.570934240064396,14.131273830767553,-0.8475491268136043,-0.4069835075626651,0.34062428305904213,11.48267270813593,0.018897602279219647,-0.6645552567811742,-0.747000128053941,10.532110878719122,66.7112993189386,53.01587413512887,53.1890850628121,20.175753257263587,5.95054725768836,72960.0,188116.9140282952, 0.0, 0.0,0.0,NaN, 146.53769454233748,146.53769454233748,0.0, 150.92823630529745, -22.28623065435439, 20.838537511992666, -22.28623065435439, 149.2532594687385, -34.66152509948231, 20.838537511992666, -34.66152509948231, 142.28853638990333, 6.321523703375357, 3.9557998547946687, 21.0, 0.0
42, 0 ,1.0,1.0,1.0,49.188525564803804,182.9210661910424,162.68876337693223,11.777987856376525,9.909249940156895,10.679298866188851,54.0,42.0,46.0,-0.9385366595061351,0.06840439445932993,0.33833382565406867,11.955168261783713,-0.2933377364836447,0.35857582866012594,-0.8862146170400016,10.590326643037198,0.18193930613728676,0.9309909848754483,0.31647097017408454,9.791863460090262,56.20302733323943,51.0044665225178,49.190922235683985,17.947839815393294,5.369981615966919,50460.0,141010.9645948073, 0.0, 0.0,0.0,NaN, 64.05723538861685,64.05723538861685,0.0, 138.7209979449529, -4.73212648980155, -10.708050059547226, -4.73212648980155, 98.19323437649943, -4.082811245930982, -10.708050059547226, -4.082811245930982, 114.0474242733825, 7.2033497531098405, 4.4973451560379045, 10.0, 0.0
43, 0 ,1.0,1.0,1.0,178.73432414280055,155.19067628773658,88.49312001653263,12.539548004320075,8.755145393439099,12.913244754250213,50.0,40.0,57.0,0.41508081962661986,0.08883904589401402,-0.9054366554887946,13.042711923464953,-0.9093725217508526,0.010565115767226182,-0.41584852412064693,12.435118234399615,0.027377543034183036,-0.9959899609200218,-0.0851731641066897,8.712073534703633,62.71579959568889,59.29355887805727,41.205409597512045,19.17056721506218,5.756220786989983,58067.0,153228.20614523295, 0.0, 0.0,0.0,NaN, 101.44524016174606,101.44524016174606,0.0, 157.24026415264757, 2.7176806635595394, -5.634312733652237, 2.7176806635595394, 76.65257086025787, -7.924153560939077, -5.634312733652237, -7.924153560939077, 166.75189008317065, 7.773792692346004, 4.619529742427228, 10.0, 0.0
44, 0 ,1.0,1.0,1.0,115.32292834523318,152.52308176471746,63.23138805294939,9.375787674262611,12.21131316866852,10.631904350449025,46.0,54.0,49.0,-0.043433980212864355,-0.8977086832336336,0.43844339362089124,12.686933694254321,-0.39647764076411063,-0.3873313773862327,-0.8323339981438994,10.220190944289708,-0.9170163410414196,0.2099845807172979,0.3390980774407125,9.200454577525065,60.22916275018372,52.725586375340384,47.34825126699731,17.94106790843914,5.308204615315943,50841.0,150359.95534141353, 0.0, 0.0,0.0,NaN, 115.85539549045134,115.85539549045134,NaN, 87.90539451285468, 6.016660639776292, 5.082139827042684, 6.016660639776292, 149.1161693032972, -23.650587790958973, 5.082139827042684, -23.650587790958973, 113.03739011709692, 6.382947332431803, 3.9800922195169757, 16.0, 0.0
45, 0 ,1.0,1.0,1.0,99.51605499525523,158.58007635777813,15.057356608478804,11.40552464027339,10.793104769383248,9.670900444634869,49.0,55.0,41.0,0.8185791979534494,0.31248584680905805,-0.48195507282516914,12.529789486445255,-0.20016452631063808,0.9416599444134577,0.2705747798559237,10.622876505899725,-0.5383885762947854,0.12501657742583416,-0.8333718235481719,8.382260343044436,63.488105821143805,49.81235168635186,48.704952403306415,17.617288970126374,5.452939357434328,45313.0,154029.01527669432, 0.0, 0.0,0.0,NaN, 108.83831707804497,108.83831707804497,0.0, 130.08599231988345, 14.159523634491313, -36.524181293065645, 14.159523634491313, 116.49111056288343, -2.212645784959415, -36.524181293065645, -2.212645784959415, 93.5263154100389, 7.476655292618981, 4.334351077747436, 12.0, 0.0
46, 0 ,1.0,1.0,1.0,95.74787064607715,8.506613115435218,133.25088290284606,11.345207425597712,5.720533881601754,10.806655982953686,57.0,24.0,54.0,-0.8325078479828767,0.010531405537460452,0.5539131453073897,11.749539815530516,0.552897206772711,0.0792240595152045,0.829474669376266,10.389065943201027,0.03514771386383443,-0.9968012027938854,0.07177743600052278,5.677823166089578,65.80580096893007,51.58548708271741,25.467184745200917,15.835773296032594,5.239306926583516,28882.0,86451.52408297519, 0.0, 0.0,0.0,NaN, 117.02761141373084,117.02761141373084,0.0, 128.71373152983747, 2.387928699764525, -14.079948435062478, 2.387928699764525, 32.72450789055363, 5.59151310039323, -14.079948435062478, 5.59151310039323, 116.7838135339087, 6.535206111965108, 4.157335753817225, 9.0, 0.0
47, 0 ,1.0,1.0,1.0,117.64234512940466,112.76820342563948,54.63280012072738,10.235562923080105,10.8557553769287,11.06990274044094,50.0,48.0,53.0,0.09250292718294703,0.6718929455941398,0.7348490172296737,11.887984292263466,-0.8423541528271542,-0.3407119897645349,0.41755816510462157,10.382325803896686,0.5309262563458633,-0.6576284739056867,0.534454956596947,9.800003071811178,59.03959192820706,50.73853497782589,49.032130623474515,17.887284259487004,5.0201575333022905,53012.0,146879.78753635447, 0.0, 1.4210854715202004E-14,0.0,47.78666810528298, 131.8215175849757,131.8215175849757,0.0, 104.76674835233213, 6.187507299293106, -1.0555555291445171, 6.187507299293106, 117.84742480371636, 20.68655866376493, -1.0555555291445171, 20.68655866376493, 122.54274668282183, 6.558918466810203, 4.013825963966897, 12.0, 0.0
48, 0 ,1.0,1.0,1.0,108.70687229132662,53.336822948912776,129.0522129040731,10.684455942255786,11.227027803938991,11.27496568315934,51.0,53.0,49.0,-0.2515184596001202,-0.6417178532095011,0.7245251281719445,12.655827071788682,-0.8411257926693276,0.5152568369804328,0.16437090025705686,10.872556863107187,-0.4787962670977902,-0.5680744571067328,-0.6693620438866495,9.431126742671124,60.12197465770642,52.0478874190795,48.22831023631943,18.376535567077028,5.443486364526042,53301.0,150917.07824449724, 0.0, 0.0,0.0,NaN, 127.3296522532155,127.3296522532155,0.0, 114.15759878200498, -1.1881105091121347, -17.025482178322147, -1.1881105091121347, 126.04615331041919, -30.636186530587285, -17.025482178322147, -30.636186530587285, 127.12485115642077, 7.189990643305849, 4.150956948829022, 14.0, 0.0
49, 0 ,1.0,1.0,1.0,15.837295739954694,49.691921968813915,93.53742110009017,9.296386419190284,10.572559955612748,11.02962525105032,38.0,55.0,50.0,0.2008122785281234,0.4495051701111451,-0.8704134252386585,11.40189828021549,-0.3753150288053907,0.8560199615218981,0.3554834097800576,10.466801629348431,-0.904882897365815,-0.2552938062691666,-0.3406053648072052,8.96087255282803,54.929154568555305,51.06057754589827,43.58125408035056,17.164778908095435,5.0224319492396425,45469.0,122232.96898813178, -1.7763568394002505E-15, 0.0,0.0,78.41553711923305, 107.09508014547201,107.09508014547201,0.0, 86.42280045490556, -4.91273529821877, -12.591483399712587, -4.91273529821877, 111.77902401502625, -10.544916431633403, -12.591483399712587, -10.544916431633403, 121.6526331786068, 7.39423858996913, 4.186256452331618, 9.0, 0.0
