// Sample: .//bubblelabels.tif, Map: .//bubblelabels.tif, Thickness:(8.191250068658265):/afs/psi.ch/project/tipl/test/LabelValidation/Step4900//distmap.tif, Neighbors:(1.0):
//LACUNA_NUMBER, TRIANGLES, SCALE_X, SCALE_Y, SCALE_Z, POS_X, POS_Y, POS_Z , STD_X, STD_Y, STD_Z,PROJ_X, PROJ_Y, PROJ_Z, PCA1_X, PCA1_Y, PCA1_Z, PCA1_S, PCA2_X, PCA2_Y, PCA2_Z, PCA2_S, PCA3_X, PCA3_Y, PCA3_Z, PCA3_S,PROJ_PCA1, PROJ_PCA2, PROJ_PCA3,OBJ_RADIUS, OBJ_RADIUS_STD, VOLUME, VOLUME_BOX, Mask_Grad_X,Mask_Grad_Y,Mask_Grad_Z,Mask_Angle, Mask_Distance_Mean,Mask_Distance_COV, Mask_Distance_STD, SHAPET_XX, SHAPET_XY, SHAPET_XZ, SHAPET_YX, SHAPET_YY, SHAPET_YZ, SHAPET_ZX, SHAPET_ZY, SHAPET_ZZ, Thickness, Thickness_STD, Neighbors, Neighbors_STD
1, 0 ,1.0,1.0,1.0,94.94057050568541,279.34615552500054,16.424878325585457,17.470637833485995,12.843954216606987,10.678874027352094,79.0,54.0,47.0,-0.9618055017724952,0.2529947874945456,0.10451705248785162,17.79603650464953,-0.2737261671441859,-0.8917569347051437,-0.36033811181422337,12.788663866731548,0.0020401423263579077,-0.37518423061993983,0.9269480195315225,10.19705143402346,86.41142095534083,70.23160485908167,50.81459279390897,22.92616457133008,7.656348657652748,91638.0,308384.24974389287, 0.0, 0.0,0.0,NaN, 98.53968666254613,98.53968666254613,1.9073486328125E-6, 305.2231863088322, -37.22041988051744, -15.507967356760773, -37.22041988051744, 164.96715991829637, 24.766662679609862, -15.507967356760773, 24.766662679609862, 114.03835049205513, 8.44680589736295, 6.4541253999304296, 15.0, 0.0
2, 0 ,1.0,1.0,1.0,28.949475633719047,166.33310245657887,16.77387127617126,16.44689849233685,18.004514262699896,10.87046245521114,66.0,85.0,48.0,-0.06325014989145106,0.9958514021973548,0.06541714821261507,18.034546082695908,0.9977166866285575,0.06465177587945048,-0.01953358898325157,16.44283480798756,0.02368188678383265,-0.06403227793227087,0.9976667958898711,10.826739532818806,85.02687008612386,69.00704564006568,50.579091779236116,25.489148324910047,7.9456450659417985,132827.0,296770.4490912192, 0.0, 0.0,0.0,NaN, 137.79069052711907,137.79069052711907,0.0, 270.50047001723215, -3.224408813071845, -3.845449719301093, -3.224408813071845, 324.16253383576395, 13.358639925510198, -3.845449719301093, 13.358639925510198, 118.16695399015501, 8.017199712568733, 5.7560926984860314, 17.0, 0.0
3, 0 ,1.0,1.0,1.0,70.39782750414314,251.13517228379112,206.40576818856573,15.738555811428135,13.150631286623168,14.13096225715145,81.0,73.0,72.0,0.9168390322305177,0.03445312318322968,0.39776773534504917,16.090348925707122,-0.3992236836494362,0.06623112956221931,0.91445824830349,13.735314162913678,-0.00516133625941208,0.9972093159311308,-0.07447778748179594,13.14409193798673,83.53105256355202,75.88739148156648,73.82864641519888,23.973388614010364,6.752923436618422,127319.0,467996.3703819467, -1.4210854715202004E-14, 0.0,0.0,23.531741065610174, 126.89958917746883,126.89958917746883,0.0, 247.7021390294383, 2.3005473547050497, 25.609818137756186, 2.3005473547050497, 172.93910323671213, 2.14287521481313, 25.609818137756186, 2.14287521481313, 199.6840943130388, 6.995963788180514, 5.16871792126255, 31.0, 0.0
4, 0 ,1.0,1.0,1.0,130.13787330561107,190.4019333585354,18.702705621860993,14.621364369394989,13.485364308633713,11.188749649800526,71.0,63.0,44.0,-0.9940226919521565,-0.02839833084918993,-0.10541547651634349,14.661313917998854,-0.007222689322279358,-0.9463545413134825,0.3230494000834902,13.761814316484365,-0.10893447867016973,0.3218798175411578,0.940492776376581,10.792859037418951,70.76084978360447,71.25011450575505,51.9859634242623,21.895366572018453,6.43586730457339,92585.0,262098.6013138569, 0.0, 0.0,0.0,NaN, 171.1648137837686,171.1648137837686,1.9073486328125E-6, 213.78429602261332, 3.277921052851991, 10.147939328583968, 3.277921052851991, 181.85505053657204, -21.992685470716573, 10.147939328583968, -21.992685470716573, 125.18811872591138, 7.553953125532911, 5.316389186089913, 21.0, 0.0
5, 0 ,1.0,1.0,1.0,138.03361639917875,208.0784169615824,191.77559775358094,13.649911322258584,14.554816139274537,14.87785830627464,69.0,79.0,71.0,-0.12284373620566022,0.6416038845458439,0.7571353061446268,15.376085272950242,0.5401202486393591,-0.5968066950373481,0.5933733106302936,14.361272452247642,-0.8325740408424895,-0.4818363042510201,0.2732292854379398,13.298243303777788,74.23408389897992,72.1023128325071,67.66065659986805,23.943430753051235,6.798936939629523,125177.0,362150.22323783906, 0.0, 0.0,-2.8421709430404007E-14,40.78770047856319, 198.02873005228068,198.02873005228068,0.0, 186.3200791055231, -14.17391356698374, 3.881849578220633, -14.17391356698374, 211.84267284808655, 18.530766294533873, 3.881849578220633, 18.530766294533873, 221.3506677815853, 7.020083979498669, 5.0958292560494325, 33.0, 0.0
6, 0 ,1.0,1.0,1.0,207.76101782129425,52.1880621244954,100.6373776099608,15.41737932832507,16.14296461080585,13.337618461218057,80.0,78.0,71.0,-0.3094183106462131,0.9496197701315209,-0.049825708346199954,16.234147831756324,-0.9509023163362136,-0.3093555822734753,0.009160158440907508,15.328448468943042,0.006715193464604145,-0.05021370222953139,-0.9987159207127607,13.3294437133685,76.35348175400398,79.09245986210456,71.64569866665249,24.95986298090416,7.293023925018991,137981.0,432667.277421083, 0.0, 0.0,0.0,NaN, 146.14891526755724,146.14891526755724,0.0, 237.6955853534652, -8.38016575792869, 0.8249144932162377, -8.38016575792869, 260.59530642573014, -4.2254825780426515, 0.8249144932162377, -4.2254825780426515, 177.89206621702473, 6.134306134332777, 4.862028703153313, 40.0, 0.0
7, 0 ,1.0,1.0,1.0,148.74401061170715,60.61132817787242,173.83663746040912,14.651690900579789,12.348449372233578,14.04294251992236,70.0,62.0,68.0,0.7951404878517037,0.19858731402422022,0.5729875070955739,15.334709935929414,-0.5973082130311964,0.09324797674404767,0.7965724784843001,13.431420580787966,-0.10475926319153553,0.9756371731037041,-0.19276307538991846,12.198528399995007,73.60673926528847,66.59500161957435,65.37137686391762,22.874931965640428,6.4107698702968,110821.0,320440.090146435, 0.0, 0.0,0.0,NaN, 204.24423576600066,204.24423576600066,NaN, 214.67204624613257, 11.874967461745127, 24.306427194434104, 11.874967461745127, 152.48420189861582, 12.172643139227077, 24.306427194434104, 12.172643139227077, 197.20423461784333, 6.894698597376428, 4.96290447589487, 30.0, 0.0
8, 0 ,1.0,1.0,1.0,139.11684984602314,103.88908357226293,284.9602314962302,14.206730372925291,15.228141505185715,9.012095318272747,80.0,72.0,38.0,0.5013059551800019,0.8480883439549529,0.1715765139779083,15.911983131134997,-0.8606800541240265,0.5091424755081507,-0.001945267718020318,13.629119436431813,0.08900664994329593,0.14669730904545492,-0.9851688767844291,8.717868996408653,69.23917444354171,74.57624867257273,41.08241669826381,21.551849971242145,7.103738905227432,75336.0,212133.08022794707, 0.0, 0.0,0.0,NaN, 174.27746335430913,174.27746335430913,0.0, 201.83118788899796, 27.238483557839157, 15.424273682418448, 27.238483557839157, 231.89629370195985, 25.674573834322384, 15.424273682418448, 25.674573834322384, 81.21786202563358, 6.768071576078676, 5.126524127213848, 15.0, 0.0
9, 0 ,1.0,1.0,1.0,57.11948250808581,10.930016718488774,181.31982312776364,12.963835066397655,7.259585089842383,16.902298684599625,65.0,31.0,69.0,-0.2374917672054161,0.07213709114859743,0.9687073348490074,17.1645173291007,0.9712371326792796,0.03529902680007792,0.23548335570035242,12.670057440340472,0.017207341880133283,-0.9967698925968753,0.07844544982236944,7.162351949347112,73.9280785886893,59.399032636425005,32.00366940487106,21.299781028995096,7.26427038632785,64001.0,140536.31658825913, 0.0, 0.0,0.0,NaN, 132.16309972864312,132.16309972864312,0.0, 168.06101962876147, -0.42372522064160534, -30.996260799956943, -0.42372522064160534, 52.70157567666183, 17.911196509261885, -30.996260799956943, 17.911196509261885, 285.68770082341825, 8.390460923942495, 5.278916278581539, 16.0, 0.0
10, 0 ,1.0,1.0,1.0,159.426026421093,113.1770450766504,156.04294798004713,14.266476942119542,14.553947627448608,12.50838199538066,65.0,71.0,60.0,-0.6275419719124451,-0.7756382904425211,0.06764847291434702,15.217830263004087,0.7451452558662467,-0.5731304005250974,0.34099866811171925,13.725176119944244,-0.2257202276010396,0.2643989152650678,0.93762657409994,12.322603563688071,75.55598937572375,71.4862068690924,60.105774789583904,22.980444574754607,6.6112436932518515,109458.0,324643.9771689113, 0.0, 0.0,0.0,NaN, 230.85432291018682,230.85432291018682,0.0, 203.53236434002855, 23.20868309292725, 5.898063638970596, 23.20868309292725, 211.81739154251696, -11.323862019270573, 5.898063638970596, -11.323862019270573, 156.45962014236304, 6.3750152868458505, 4.6206884062009905, 34.0, 0.0
11, 0 ,1.0,1.0,1.0,262.9295714949821,74.45775110065902,285.4260575897618,17.879090444520166,13.742273863386952,8.05404593546038,74.0,65.0,34.0,-0.9997349432189161,0.02067333725459723,0.010131951136300249,17.881335830750157,0.021018069889797153,0.9991596284610383,0.03518916867032038,13.74590299385523,-0.009395958981300714,0.035392795599646386,-0.9993293080734015,8.042860298526808,74.4606818514259,66.60818915407134,35.433610619699664,22.444151895263722,8.345038507550575,73138.0,175739.76611217446, 0.0, 0.0,0.0,NaN, 84.44272121320034,84.44272121320034,0.0, 319.6618751233323, -2.6618737739684457, -2.4916100707585103, -2.6618737739684457, 188.85009093632814, 4.422434547736625, -2.4916100707585103, 4.422434547736625, 64.86765593050588, 6.078884616512923, 4.807409078263898, 19.0, 0.0
12, 0 ,1.0,1.0,1.0,25.134796638870252,196.5038899006358,140.16563628230935,13.803267802177075,15.809735569916556,14.410760667197968,60.0,88.0,74.0,0.23565776475922862,0.8604302061293583,0.45180225573681476,16.120295591614475,0.5958501612230569,-0.4951863874909904,0.6322602525970458,15.004099869817779,0.7677421463480697,0.12020940904859653,-0.6293819942586903,12.773449845365668,93.70570310805661,80.23077176198817,67.20141582529395,24.34335124906913,7.453134493675484,125196.0,505225.6793484028, 0.0, 0.0,0.0,NaN, 176.03865598839852,176.03865598839852,0.0, 190.53020201861833, 1.3258518965212285, 33.63911564347001, 1.3258518965212285, 249.9477387906848, 18.193231693748388, 33.63911564347001, 18.193231693748388, 207.67002300726003, 6.098201253232316, 4.627207781634876, 29.0, 0.0
13, 0 ,1.0,1.0,1.0,287.67197487259085,137.09010913801743,133.66533859672708,8.300925642959587,17.733867062970972,15.295584004164045,40.0,87.0,81.0,-0.08164530053610962,0.9698582748097531,-0.22958434546679746,17.92281908615931,0.03955025295486792,-0.2270191712971356,-0.9730868786263475,15.13823557433521,-0.9958764091952247,-0.08852808959088258,-0.019823091631084363,8.182705986789745,88.51018812685086,80.20543757384203,44.18487177182476,23.394515250930233,8.369405817587605,81823.0,313668.3326186724, 0.0, -2.8421709430404007E-14,0.0,14.103231257590698, 191.8647986713385,191.8647986713385,0.0, 68.90536652994403, -21.590695412483175, -1.4765935258279346, -21.590695412483175, 314.4900410071267, -20.783417150112655, -1.4765935258279346, -20.783417150112655, 233.954890028439, 6.415008239273878, 4.690847136300787, 22.0, 0.0
14, 0 ,1.0,1.0,1.0,285.9541518788063,157.69542761658818,64.98663223454352,8.833694705867735,15.767704943641256,13.55000979798782,35.0,79.0,66.0,0.0884867011580749,-0.9429529782468985,0.32095137409499713,16.071509378668356,-0.039731234241726775,-0.3253001687715797,-0.9447757560515675,13.248019535303655,-0.9952846491048633,-0.07084829576275675,0.06624942447842345,8.7437984626453,73.1975451620552,68.56073375062967,39.14204372805659,21.378679006657567,7.294486328868973,72413.0,196433.4620369408, 0.0, 0.0,0.0,NaN, 157.0704922633693,157.0704922633693,0.0, 78.03416215647566, -13.89220416655749, 8.882502023375414, -13.89220416655749, 248.6205191897289, -24.58880071350646, 8.882502023375414, -24.58880071350646, 183.6027655255659, 6.6252030389422, 4.7620624164843965, 18.0, 0.0
15, 0 ,1.0,1.0,1.0,22.047538623401074,142.19592262399172,91.39315576720749,14.250476015748998,12.820611104546764,15.613685504718129,58.0,69.0,79.0,-0.3491999145544252,-0.22877837986673777,0.9086912966352942,16.037234780626893,-0.9345178335896567,0.15624438962723597,-0.31978760046772686,13.991525100489463,0.06881742786588538,0.960858024692287,0.2683580034326545,12.580764553998092,83.86276556478194,68.36619227166177,68.84798173116614,23.547876864215237,7.5318527599481095,108354.0,394731.5007061327, 0.0, 0.0,0.0,NaN, 170.4654900304682,170.4654900304682,0.0, 203.07606667543743, 2.428824063383163, -20.184996819285846, 2.428824063383163, 164.3680690940278, -22.43684869762117, -20.184996819285846, -22.43684869762117, 243.78717504024502, 6.223896891243113, 4.484490621878832, 27.0, 0.0
16, 0 ,1.0,1.0,1.0,118.7666638281566,110.26885657718263,90.69948693930556,13.924279215680963,12.67773150889367,12.380102571505613,67.0,65.0,64.0,0.8574421822870772,0.46749240223324134,0.2150436185729952,14.403699809215073,-0.4670405731066447,0.5315767048540609,0.7066111447810003,12.626484574063669,-0.2160231633575241,0.7063122968706489,-0.6741342093250549,11.87361304219529,67.85983164049983,60.104919392538676,58.36950484397131,21.686847288455724,6.128460023205395,93946.0,238072.26621839486, 0.0, 0.0,0.0,NaN, 185.71789924173407,185.71789924173407,0.0, 193.88555167624486, 22.070504385800728, 6.171507602202511, 22.070504385800728, 160.7248762115954, 13.612142708439366, 6.171507602202511, 13.612142708439366, 153.2669396809999, 5.9332336258218765, 4.598839276739037, 29.0, 0.0
17, 0 ,1.0,1.0,1.0,131.18264786188809,17.55361941822716,163.53666716831853,14.78566641563548,11.078647436555794,13.719538519748394,74.0,46.0,67.0,-0.9901805623203935,-0.10849736637212648,0.08815200220744855,14.817846101022658,0.11658587548780198,-0.292963735853073,0.9489889267592925,13.980425889552203,-0.0771374593800716,0.949947667487701,0.3027362571530942,10.703140961697233,76.16887032097591,68.06069616044275,53.081363171561016,22.056289356829872,6.564921734538786,93026.0,275179.4313429214, 0.0, 0.0,0.0,NaN, 190.10328209230468,190.10328209230468,0.0, 218.61593135445096, 8.518569566195554, -0.2159343823975482, 8.518569566195554, 122.73642902350427, -23.494753035018107, -0.2159343823975482, -23.494753035018107, 188.22573719485993, 6.547511875159449, 4.932265977773299, 23.0, 0.0
18, 0 ,1.0,1.0,1.0,285.26968506506216,76.82782338584424,28.72895756927133,8.675448155018271,13.980941325422066,15.943352168375801,36.0,77.0,63.0,0.05728948873409401,-0.0702568200334519,0.9958824698323459,15.976413149824026,0.1653276232464073,0.9844157210710416,0.05993717627545759,14.088843288290862,-0.9845733550489166,0.16121311158515728,0.06801206643494567,8.436783573392715,65.1585553024845,79.24092124552924,40.62612496161856,21.81778346963422,6.993205550561514,76619.0,209761.7813648842, 0.0, 0.0,0.0,NaN, 83.33576439504182,83.33576439504182,0.0, 75.26340069040992, 19.97998780169801, 11.763264330598862, 19.97998780169801, 195.4667203448945, -5.36662696910913, 11.763264330598862, -5.36662696910913, 254.19047836485336, 6.580905888191344, 4.983796249778133, 19.0, 0.0
19, 0 ,1.0,1.0,1.0,232.37487486679368,53.80251558110246,25.567765686052894,15.636974808249466,12.91076067759509,15.376084839998786,80.0,64.0,64.0,-0.656959286434343,0.20131584807046293,-0.7265510479542017,16.161932617467357,-0.7394412635537317,-0.36004890472889184,0.5688509505640169,15.330433624866483,0.14707519750705492,-0.9109537395055775,-0.38539871660277375,12.304326327630148,84.25660802098018,83.6060393587247,58.79937226739911,24.361450484852014,7.358426306549872,123868.0,414204.0216671289, 0.0, 0.0,0.0,NaN, 90.11980289766224,90.11980289766224,0.0, 244.51498115382844, 7.740822399582899, 17.23901895863449, 7.740822399582899, 166.6877412741356, -33.189470369973094, 17.23901895863449, -33.189470369973094, 236.42398500684047, 6.39716736567166, 4.604521738079852, 24.0, 0.0
20, 0 ,1.0,1.0,1.0,192.88970420032027,66.08661070932095,285.6380017244717,12.745994479242329,13.877575053839337,8.390308638902129,63.0,75.0,36.0,-0.20916810785161047,-0.9778183263160791,-0.010955518162066852,13.93041131621679,0.9776925621030748,-0.2088957870504747,-0.021904432448432862,12.690527077183505,0.019129993886619515,-0.015292837309840041,0.9997000412428285,8.386829362765587,72.70887015015111,65.30933935692465,37.010598106894406,19.570644547636192,6.514185727006925,56829.0,175747.35200527988, 0.0, 0.0,0.0,NaN, 126.67408012615093,126.67408012615093,0.0, 162.46037526487592, 6.777382602650245, -1.6591353919831637, 6.777382602650245, 192.58708937494387, 1.7403923263149164, -1.6591353919831637, 1.7403923263149164, 70.3972790560357, 5.944499956225059, 4.482198429679458, 19.0, 0.0
21, 0 ,1.0,1.0,1.0,128.86955459984534,138.81684733207615,14.78982213840915,13.249756539092079,14.512351901647655,9.34777888553031,67.0,68.0,38.0,-0.018539315066056893,0.980897294585007,0.19364088223486167,14.683290151701744,0.9994230790380441,0.023693261616545686,-0.02433389488111493,13.252088610814086,0.028457035738050883,-0.1930780330068236,0.980770651216287,9.073506154034728,71.65912040970372,66.98247702410723,40.790874321405724,20.783595662407222,6.448839236392516,73709.0,195792.33737171776, 0.0, 0.0,1.7763568394002505E-15,78.83466135388645, 189.99004722580926,189.99004722580926,0.0, 175.55604834521333, -0.21449229947616424, -2.747220287064376, -0.21449229947616424, 210.6083577172563, 25.259854276527008, -2.747220287064376, 25.259854276527008, 87.38097009276629, 6.959847284068241, 4.652914206519544, 16.0, 0.0
22, 0 ,1.0,1.0,1.0,72.4889511086558,217.7002611556136,129.58069457348768,12.904898130688165,11.601090753204419,12.449930294258412,60.0,54.0,62.0,-0.758417070516686,-0.3968065464794156,-0.5170571649440396,13.254737199474079,-0.6324341721028355,0.2562394015462206,0.7310050526855719,12.489535632622351,-0.15757717190471873,0.8814113306319105,-0.44529035597932765,11.155532627972187,65.1125037596957,61.670102157405296,59.968716755613485,20.55148823079343,5.810232203532568,79646.0,240804.06781122662, 0.0, 2.8421709430404007E-14,0.0,66.62130853468048, 169.76174908628502,169.76174908628502,0.0, 166.53639576343892, 10.309440898688354, 5.511814921335173, 10.309440898688354, 134.58530666408507, 16.421752775441902, 5.511814921335173, 16.421752775441902, 155.00076433189335, 6.231888583591294, 4.498661187001013, 25.0, 0.0
23, 0 ,1.0,1.0,1.0,274.03884357138895,9.838373749144516,178.08199692950816,14.60749145934169,6.330109240750531,14.88858765963928,60.0,26.0,65.0,0.6845840371507523,-0.007549303055846612,0.7288948511971727,16.846522592966377,0.7289335606022864,0.0060631472530112964,-0.6845575961692787,12.298841651556987,-7.485359378936557E-4,-0.9999531220356078,-0.009653674180869957,6.328688867999362,79.21422716764192,64.36441741792585,26.31144142640311,20.530099966189095,7.323532454467087,54063.0,134150.92542930093, 0.0, 0.0,0.0,NaN, 125.03909274237047,125.03909274237047,0.0, 213.37880673474038, -0.768244175743187, 66.13720671157762, -0.768244175743187, 40.070282999835264, -1.8028690755221846, 66.13720671157762, -1.8028690755221846, 221.67004249876305, 5.933856291666903, 4.407995218780915, 11.0, 0.0
24, 0 ,1.0,1.0,1.0,122.80249282048868,231.73571159549928,240.16860081917048,13.445742383019969,12.854099189182088,11.870509438029146,60.0,64.0,54.0,0.6779719594677219,0.6090523317228917,0.41159358522504375,14.545812633931542,-0.7350787375105048,0.5644974462942508,0.37550217414447906,12.433639071882629,-0.003643053040921926,-0.55713363778377,0.830414858859331,10.988576011609572,73.50854524668517,61.31075933565491,52.58071054430444,21.18364655122018,6.1788321960712205,84964.0,236974.1496587159, 0.0, 0.0,0.0,NaN, 152.70973001821068,152.70973001821068,0.0, 180.78798823053953, 23.461689377666712, 16.004075730268024, 23.461689377666712, 165.22786596533163, 29.944375634321048, 16.004075730268024, 29.944375634321048, 140.90899431833904, 5.951748435461773, 4.373421896099023, 24.0, 0.0
25, 0 ,1.0,1.0,1.0,86.01186615953587,165.1206947925613,13.842199358491227,12.22447699968361,12.568773802834228,8.780097654353058,52.0,57.0,36.0,-0.39959683550645386,0.9166281627877957,0.01073220562134269,12.65331142460744,0.9078736977342357,0.3941062392733649,0.14298818527476728,12.198876145011685,0.12683736837223503,0.06688111355290005,-0.9896662056644805,8.693857511665653,61.85322607437702,55.56362063657534,38.50576197802595,18.800132922831096,5.572883430189004,57053.0,132336.18647046844, 0.0, 0.0,0.0,NaN, 160.56797494073197,160.56797494073197,0.0, 149.43783791579358, -4.757886708403843, 9.143810685403295, -4.757886708403843, 157.97407490681198, 4.958154964987437, 9.143810685403295, 4.958154964987437, 77.0901148199761, 7.012653158640019, 4.816020645897696, 11.0, 0.0
26, 0 ,1.0,1.0,1.0,273.67907990592556,219.82096024780589,197.31500028681236,14.275569614706928,11.146138396008071,13.110465735029738,60.0,58.0,64.0,-0.8694490025373023,0.013017554351325372,0.4938511671198119,14.79654080865908,0.49276409527508364,0.09416316600157577,0.8650530877213768,12.531893733947555,0.03524171384338009,-0.9954716678275027,0.08828465414844953,11.132233392066054,72.05635964893601,68.03956163297158,58.585322300716285,21.435506848087638,6.358588437878461,87165.0,287225.2709215787, 0.0, 0.0,-2.8421709430404007E-14,60.40597650703276, 132.91229595594203,132.91229595594203,0.0, 203.7918878243437, 0.461512315859476, -26.67696319597304, 0.461512315859476, 124.23640114296536, 3.308769511569915, -26.67696319597304, 3.308769511569915, 171.88431178938885, 5.771237969747244, 4.249753221067091, 24.0, 0.0
27, 0 ,1.0,1.0,1.0,25.95989195383482,273.41220339599647,234.38046256127618,13.770112918258572,13.899988083682016,13.645970133483598,60.0,58.0,70.0,-0.2009030946768518,0.7768565656275674,0.596767813299783,14.644097510971735,-0.8878131530720934,0.11308405878165488,-0.44609393728412766,13.958515649680058,0.41403593054401916,0.6194399664945814,-0.6669845396467144,12.63916248565578,76.48547181661058,68.41220986940966,69.72023841961476,22.935036894366974,6.559135769740777,109953.0,364813.94678975537, 0.0, 0.0,0.0,NaN, 75.41054708847243,75.41054708847243,NaN, 189.6160097815916, -12.060491146432097, 7.339752802517682, -12.060491146432097, 193.20966872650206, 23.589381784355854, 7.339752802517682, 23.589381784355854, 186.21250088392637, 6.3102060798957265, 4.539920634906994, 16.0, 0.0
28, 0 ,1.0,1.0,1.0,85.8656639183082,216.74762249744137,277.6902404526167,13.58658140354877,12.77816026761651,11.97559692511648,65.0,65.0,52.0,-0.9166373780772779,0.2193117224032772,0.3341830120280213,13.836753091779082,0.26679480775083264,0.9582399840211904,0.10294009704806183,12.758016989339355,0.2976515541179136,-0.18351703310476594,0.9368698153380837,11.707636915700796,68.22556274982551,67.95256008021107,59.600590870597244,21.291002339033835,6.163174115037631,86961.0,276314.3977812701, 0.0, 0.0,0.0,NaN, 121.6618098296357,121.6618098296357,1.9073486328125E-6, 184.59519423525728, -4.3635339288288915, -15.954296880584986, -4.3635339288288915, 163.28137982489324, 6.520942804401766, -15.954296880584986, 6.520942804401766, 143.4149217128593, 5.669394351321891, 4.2250992891413395, 17.0, 0.0
29, 0 ,1.0,1.0,1.0,260.9427254932951,256.1439947479119,221.25451959199057,12.001154502047699,12.72352384808583,12.641704126154636,63.0,63.0,61.0,-0.043080546950053755,0.7100048715258959,-0.7028777624053708,13.761821256891402,-0.8099554284191814,-0.43670308763222887,-0.39148769741433564,12.511066176717488,0.5849070613770915,-0.552434155046531,-0.5938857077664362,10.94595589810371,67.71925210805003,67.2177553505528,57.17842866201846,20.75916392948377,5.897928844680985,82253.0,260272.55475272873, 0.0, 0.0,0.0,NaN, 98.23273676963029,98.23273676963029,0.0, 144.02770938201976, 10.857614424488437, 13.74790028081489, 10.857614424488437, 161.88805911280883, -28.443990250173975, 13.74790028081489, -28.443990250173975, 159.81268321323515, 5.844359792195666, 4.326201477043264, 21.0, 0.0
30, 0 ,1.0,1.0,1.0,124.50782785841609,277.3792309651133,231.87300229182583,14.940589837539063,12.747448244253844,12.649187379253911,68.0,48.0,65.0,-0.9737295148458058,-0.026829998165867237,-0.22612161134347825,15.073548736804316,-0.13023252983216713,-0.748971562209647,0.6496776794493985,13.612495042541342,-0.18678950744531989,0.6620587211113987,0.7258015773671715,11.54160777296451,71.01968759019235,69.46193834438989,63.38798746974879,22.39241038386498,6.655866584412992,98175.0,312703.4113880746, 0.0, 0.0,-2.8421709430404007E-14,76.93115829636615, 143.71912261936555,143.71912261936555,0.0, 223.22122469357555, 7.536858273525029, 16.29033458353686, 7.536858273525029, 162.49743673993044, -24.7768143450674, 16.29033458353686, -24.7768143450674, 160.00194135547642, 5.87457241198778, 4.2758483451793685, 17.0, 0.0
31, 0 ,1.0,1.0,1.0,190.76938760824197,222.04727865863896,25.538859171484084,13.968823887117791,11.16251159183595,13.18537149267781,71.0,55.0,59.0,0.9141122134016402,0.12735275931028378,0.38494173066324167,14.183658854934652,-0.383955679093563,-0.033200086192888736,0.9227544585471187,13.004601114414934,-0.13029542509910175,0.9913016841369947,-0.018549210910512336,11.10350839009441,69.84693131364679,65.84282843753643,56.19229802683682,21.302935696741823,6.306239602775065,83378.0,258423.85600926637, 0.0, 0.0,0.0,NaN, 136.6022941819912,136.6022941819912,0.0, 195.1280407893126, 9.65157564403514, 11.16927947599229, 9.65157564403514, 124.60166503787195, 2.414267758233605, 11.16927947599229, 2.414267758233605, 173.85402139992064, 5.960646459654561, 4.338962193845291, 22.0, 0.0
32, 0 ,1.0,1.0,1.0,57.16849273271941,237.802895817153,58.87802341062909,11.811792638125223,11.436668504783603,12.46578598192637,63.0,56.0,61.0,-0.5747956483355591,0.23017368617581108,0.7852579428740242,13.196915297485372,0.19404317158483975,-0.893914601294929,0.40405931885432983,11.38203671169514,0.7949573637722975,0.38462547989436163,0.46915459072701343,11.04546598773411,62.163794937833444,61.445616235272524,56.90584058504916,19.858105223098576,5.600652543227142,72104.0,217362.82315751762, 0.0, 0.0,0.0,NaN, 102.97251075313986,102.97251075313986,0.0, 139.5184453260692, -8.209757867560606, -22.94956044624047, -8.209757867560606, 130.7973864883092, 6.700564028512224, -22.94956044624047, 6.700564028512224, 155.39582014719198, 5.810433086445957, 4.290366444766241, 22.0, 0.0
33, 0 ,1.0,1.0,1.0,10.634946245988179,112.48141847454357,174.52543888879146,7.163542438938923,13.827652302591147,16.12457741208995,31.0,70.0,74.0,0.07600580354677725,-0.012036438644268083,0.9970347245567587,16.162446581748956,0.026947456386255328,-0.9995371102193867,-0.014120902541546593,13.831274640098908,0.9967431727488884,0.02794082030005119,-0.075646269831636,7.070605880444966,73.15602465489974,69.59409943891632,32.955779472591765,20.9734748844623,7.914269168101756,57019.0,167785.37582280143, 0.0, 0.0,0.0,NaN, 168.84619353053495,168.84619353053495,0.0, 51.31634027447902, -3.999443596912893, 15.953419219386332, -3.999443596912893, 191.20396820135426, -0.540421569956119, 15.953419219386332, -0.540421569956119, 260.0019967184814, 7.409187384649747, 4.661077227367505, 19.0, 0.0
34, 0 ,1.0,1.0,1.0,129.1342766694287,63.120222236386425,246.98083582977458,12.81212298936834,13.092078369779312,13.264596212962601,60.0,60.0,61.0,0.6648059259721582,0.7300611286352952,-0.1582524225661664,14.290474188509616,-0.07483169511328003,-0.14569563338971003,-0.9864953116044924,13.240189465939613,-0.7432585675246366,0.6676702261348265,-0.042227608673652745,11.488352997782052,70.56401959169153,61.948220212379,57.07267264759713,21.755877918009585,6.179344645246953,94134.0,249482.65427539157, 0.0, 0.0,0.0,NaN, 153.20200924079515,153.20200924079515,0.0, 164.15049549470075, 35.53168239883619, -4.40172270261938, 35.53168239883619, 171.40251604044332, -2.1192886638787507, -4.40172270261938, -2.1192886638787507, 175.94951269294177, 6.156310573266793, 4.412767788627618, 29.0, 0.0
35, 0 ,1.0,1.0,1.0,201.32078562089626,184.0572549244982,86.5588138101464,12.316239588868825,12.226232724887074,11.229676015815391,65.0,56.0,55.0,-0.8268866737061015,0.1177315031233671,0.5499070121571207,13.047417544503418,0.18954752630731742,0.9789700006531858,0.07542859598240986,12.264663948818335,0.5294621460671538,-0.16660441468764609,0.8318129626836497,10.325650648537305,60.02821545357669,56.030779319415075,52.01588861954562,19.859458610381804,5.733938557066953,69601.0,174951.68025990174, -2.8421709430404007E-14, 0.0,0.0,34.219760175524684, 175.13633470624964,175.13633470624964,0.0, 151.68975761041972, 1.935068020584707, -28.300637001467532, 1.935068020584707, 149.4807666430996, 7.353100199229979, -28.300637001467532, 7.353100199229979, 126.10562342017946, 5.71650458834231, 4.213072680346955, 24.0, 0.0
36, 0 ,1.0,1.0,1.0,71.45861866000546,260.66151284149475,136.99546348536398,11.663412289947475,11.72714099336865,12.013661922666525,64.0,57.0,60.0,0.2467481597217553,-0.6403778249030645,0.7273455760822001,12.704524503841858,-0.926692530889835,0.06362735063642225,0.37039507751046347,11.647310015156611,-0.2834718660941854,-0.765420016476843,-0.5777334156076405,10.992011711142187,68.17686240805806,61.52430309174451,54.96225598659419,19.65955641838622,5.602761493026535,69657.0,230541.0485195509, 0.0, 0.0,0.0,NaN, 159.44154969231093,159.44154969231093,0.0, 136.0351862452978, -7.286973157534661, 2.1908770618392444, -7.286973157534661, 137.52583587834746, -18.551846360625646, 2.1908770618392444, -18.551846360625646, 144.32807279212756, 5.91639978398944, 4.384001166233512, 23.0, 0.0
37, 0 ,1.0,1.0,1.0,190.90918865176073,244.7868736849407,86.63111285810076,12.209730712357937,13.080923867214901,12.600455580367665,61.0,62.0,63.0,0.27836479892532584,0.7877023916532795,-0.5495798221395748,13.283929564217754,0.5415137718215737,-0.6012941247416458,-0.5875442200198647,12.787601256555291,-0.7932691054407928,-0.13405341373826368,-0.5939308113057299,11.788725272786486,65.4042648616136,64.19211006315348,62.24099424385628,21.074091191479564,5.902732805590768,86498.0,261314.9409883937, 0.0, -2.8421709430404007E-14,0.0,38.02868813521923, 149.8474028908503,149.8474028908503,0.0, 149.07752406829664, 0.22682481439120727, -13.545661269620341, 0.22682481439120727, 171.11056921987245, -7.556341585480666, -13.545661269620341, -7.556341585480666, 158.77148083281864, 6.167328205503062, 4.399051900772185, 29.0, 0.0
38, 0 ,1.0,1.0,1.0,68.19751080929233,43.50004885555854,170.17794415809658,12.219627995992756,12.366812736364844,12.934325633089383,57.0,60.0,59.0,0.20637444442799435,-0.04232756065234711,-0.9775571422153587,12.961882411073745,0.5904370725095769,-0.7912846884237504,0.15891068331754107,12.616526993709922,0.7802523002807213,0.6099810812437947,0.13830917695978678,11.931764168723944,64.25477692985561,67.83671453985085,63.408036048585785,20.821578530786788,6.001334242135726,81874.0,276385.03748359386, 0.0, 0.0,0.0,NaN, 152.9605207693731,152.9605207693731,0.0, 149.31930836044992, -8.07758616951976, -3.596166487292643, -8.07758616951976, 152.93805725631574, -1.0526566648340943, -3.596166487292643, -1.0526566648340943, 167.29677958279308, 5.766157677936447, 4.178368912640821, 26.0, 0.0
39, 0 ,1.0,1.0,1.0,109.85153236108827,171.09138513299857,169.96232023374355,13.613117720375799,10.350203332659149,13.236138598410696,67.0,50.0,61.0,-0.9416936438378222,-0.011742540956632744,-0.33626655184143267,13.664531641058533,-0.33476468835908385,0.13323305085789372,0.9328352253141723,13.229944227247252,0.03384796276425686,0.9910151698591598,-0.1293957052058908,10.290199165563942,74.20462562950229,60.059156357540246,50.46639180875894,20.746828683698833,6.099848167110248,79061.0,224911.91373932152, 0.0, 0.0,0.0,NaN, 213.52889337979434,213.52889337979434,0.0, 185.31697406880957, -2.1900851406997557, 4.0039553623617365, -2.1900851406997557, 107.12670902738856, 8.91260212128866, 4.0039553623617365, 8.91260212128866, 175.19536499633745, 5.883651096022052, 4.286979955825975, 22.0, 0.0
40, 0 ,1.0,1.0,1.0,221.26917348759923,191.72115207089666,233.25831743491906,12.075210206041511,12.664705978697532,12.361211635786443,58.0,62.0,62.0,-0.3756183416273354,-0.8064692874834624,0.45663787597947547,13.34588287340152,-0.656684374799816,-0.11607897193438217,-0.745178706196327,12.431648146842111,0.6539697954239976,-0.5797697479349653,-0.4859943889105317,11.240398873448088,68.00153248414887,67.10279981053549,53.27178704044202,20.625566051136538,5.79577925923989,81245.0,243084.1303197758, 0.0, 0.0,0.0,NaN, 149.59045472154185,149.59045472154185,0.0, 145.81070152008905, 17.8307603589335, 4.9202640902917425, 17.8307603589335, 160.394777526857, -16.624356188219142, 4.9202640902917425, -16.624356188219142, 152.79955310470217, 5.79685341165362, 4.259811959518005, 30.0, 0.0
41, 0 ,1.0,1.0,1.0,235.42326013361694,159.40047634740407,15.933730788819318,12.729409787504533,12.776707687721954,10.260810541860925,60.0,59.0,42.0,-0.727413514266575,0.6486596045289642,0.22385329283858757,13.465656118227564,0.617112916737365,0.7610435326859919,-0.19996096957338308,12.252181632360848,0.3000687042299694,0.007311553128642068,0.9538895711415414,9.956230029732838,66.52534941011754,69.26039471583607,48.50405246495956,19.851234030872398,6.041098683452477,66758.0,223485.91202346366, 2.8421709430404007E-14, 0.0,0.0,43.33000417450107, 155.53862915674023,155.53862915674023,0.0, 162.0378735382162, -14.837141011897504, -19.676540596915864, -14.837141011897504, 163.2442593374933, 4.175914607401113, -19.676540596915864, 4.175914607401113, 105.2842329759643, 5.867564622378073, 4.313034655944411, 20.0, 0.0
42, 0 ,1.0,1.0,1.0,112.50774393735601,212.25787377981382,151.33649838196322,11.400791927903677,12.879097410128628,11.60327280747879,54.0,61.0,55.0,-0.07845256379742903,0.9296422459666316,0.3600145687992751,13.101830435022036,0.9392884642122439,-0.052074635419808134,0.33915396701748696,11.393359627469001,0.33403948304267117,0.36476502965609503,-0.869116848823318,11.35863293617688,62.165169554440894,50.35705461952253,55.889022256169255,19.995677845694185,5.536967944545986,75091.0,174958.06015119082, -1.4210854715202004E-14, 0.0,0.0,85.50037540920974, 206.05220181509532,206.05220181509532,0.0, 129.97805658335363, -3.1484592508151668, -0.952613146836544, -3.1484592508151668, 165.8711500995819, 14.25680900949077, -0.952613146836544, 14.25680900949077, 134.63593984477671, 6.4252050987723965, 4.3814655425704325, 16.0, 0.0
43, 0 ,1.0,1.0,1.0,20.72638203729405,259.71788987674,15.069064075962238,12.537591761039454,15.968788814282117,9.677007192048933,49.0,74.0,37.0,0.41143617075481514,-0.9001898267249372,0.14275347020489842,16.903148537727375,0.9095648847341959,0.39548520901152495,-0.12760552461229555,11.453142206271181,0.05841230908878243,0.18234507208596684,0.9814979759698333,9.431171436838977,79.36643740357977,56.72541007601646,43.36692346261594,21.271058549579934,7.306159027626496,72773.0,195241.9532559511, 0.0, 0.0,0.0,NaN, 47.74209882759415,47.74209882759415,0.0, 157.19120716648442, -57.687581613707316, 6.655891661475362, -57.687581613707316, 255.00221619514167, -27.41695566378331, 6.655891661475362, -27.41695566378331, 93.64446819496678, 7.5562407097776925, 5.007782483723842, 10.0, 0.0
44, 0 ,1.0,1.0,1.0,89.19110698499355,18.47344427662847,218.2530310798265,12.778410947424673,10.757829728580413,12.44824305420486,61.0,43.0,57.0,-0.7655413937449168,0.019789403879333884,0.6430822295454847,13.579397470128987,-0.5828054905691058,0.40208960159642837,-0.7061598349173723,11.75658379695489,0.2725511596482301,0.9153864384958551,0.29628286078050253,10.552731576249965,67.10210325180356,62.17695482896562,54.050762271895564,20.00473535587377,5.81274507340707,72169.0,225510.83048839288, 0.0, 0.0,0.0,NaN, 122.38827001100258,122.38827001100258,0.0, 163.28778634126272, -7.400223689718048, -24.904831778921217, -7.400223689718048, 115.73090046912853, -6.696276322735728, -24.904831778921217, -6.696276322735728, 154.95875513655957, 6.324876321218718, 4.601033783278664, 18.0, 0.0
45, 0 ,1.0,1.0,1.0,161.51671478986205,98.76701957009945,215.44556945781198,11.782047799763342,12.403251894528088,12.313014355802157,58.0,57.0,60.0,-0.07799796580313556,0.7190195189859467,0.6905991953715203,12.869620988754768,-0.6739016917506148,-0.5485086832158551,0.49496942763414037,12.12725600242629,0.7346923350534107,-0.42678935759227565,0.5273310317625358,11.47040312711943,62.552171365592756,59.257041542908695,59.261261698586196,20.30983469859394,5.637219612279485,77925.0,219661.14781928243, 0.0, -1.4210854715202004E-14,0.0,44.026410668245845, 189.952615569427,189.952615569427,0.0, 138.81665035590822, 3.819518216361192, -7.004746284488955, 3.819518216361192, 153.84065755911462, 12.7029234970366, -7.004746284488955, 12.7029234970366, 151.61032252619, 5.83026878743704, 4.275248217401081, 23.0, 0.0
46, 0 ,1.0,1.0,1.0,13.390591934216095,142.23649152508213,239.63306931092166,8.30419153680388,11.32882883033118,12.674468512817963,34.0,53.0,61.0,0.017528093866229423,0.4149784863767815,0.9096623669086528,12.99780684599052,-0.1985907662502485,-0.8902305794534684,0.40994051149658406,11.057247234283775,-0.9799257489654793,0.18783602223848614,-0.06680685042768511,8.169358152482232,64.01683932922444,60.289112747353826,36.33811281338315,18.091757687634427,5.534655870170791,49617.0,140247.61662518, 0.0, 0.0,-2.8421709430404007E-14,24.541265238060433, 155.0957568553487,155.0957568553487,0.0, 68.9595970799252, 10.559642748330432, -2.890639967060829, 10.559642748330432, 128.34236266694293, 18.31810800140278, -2.890639967060829, 18.31810800140278, 160.642152082414, 6.116489985594763, 4.301347252017011, 15.0, 0.0
47, 0 ,1.0,1.0,1.0,240.83655536028118,278.8020559982666,286.7802922695428,11.890658505412832,11.843559093868825,7.63597312044035,71.0,57.0,30.0,-0.7112389368236173,0.7023149176650072,-0.02988195393886475,12.224793555856388,-0.6935957964894148,-0.6942278238929939,0.1922826035423189,11.629853403972906,0.11429805701858824,0.15748487215600307,0.9808845340832849,7.434155602164173,61.64576300553085,68.15259073464097,34.66613408264362,17.52010949578883,5.7455635453786735,41537.0,145643.46894178895, 0.0, 0.0,0.0,NaN, 64.2216994793536,64.2216994793536,0.0, 141.38775969234652, -8.528922209783273, -8.665950737464868, -8.528922209783273, 140.26989200996292, -12.653765003728786, -8.665950737464868, -12.653765003728786, 58.308085496087536, 6.086763106545718, 4.482932220144354, 16.0, 0.0
48, 0 ,1.0,1.0,1.0,247.42365757206457,89.44563135772378,118.82924615116771,11.96832337743346,11.270370999677874,14.037210576119934,69.0,63.0,66.0,0.36648041551880317,0.03735014568836077,0.9296757884651098,14.365370817685017,0.7049818723693014,0.6409321589705375,-0.30365527696392763,12.270101115822788,0.6072006790772221,-0.7666882901247575,-0.20855790829823945,10.506476458519373,62.86318309856017,61.63243127965151,54.80937889215406,20.77489649526281,5.975699398957558,80414.0,212354.05019751986, 0.0, 1.4210854715202004E-14,0.0,87.85949641201108, 157.75038032580505,157.75038032580505,0.0, 143.24076446682025, 19.464088727150376, 24.101303779466654, 19.464088727150376, 127.02126247038005, -4.485164720410444, 24.101303779466654, -4.485164720410444, 197.04328075833334, 6.559567079952377, 4.304390991186283, 19.0, 0.0
49, 0 ,1.0,1.0,1.0,46.691922639362915,111.47327929465301,108.03084470989761,11.75564384827761,11.461895738576436,13.088000749577928,62.0,57.0,59.0,-0.14734574864392164,0.4351816419144139,0.88820390051904,13.83590198570444,0.8112805800644202,0.5668607969496184,-0.1431525664875814,12.661020783049038,0.5657853398303103,-0.6994896535491557,0.43657894338914427,9.440992998815139,64.88653379687665,57.58849227566274,44.22591130222934,20.13734381216526,5.945869492438523,70320.0,165259.74336611753, 0.0, 0.0,0.0,NaN, 162.10210068101517,162.10210068101517,0.0, 138.19516228754722, 26.16978274515581, -21.653651595630993, 26.16978274515581, 131.37505392199665, 33.76675849274622, -21.653651595630993, 33.76675849274622, 171.29576362095239, 6.490438371267386, 4.311704503657705, 21.0, 0.0
