// Sample: .//bubblelabels.tif, Map: .//bubblelabels.tif, Thickness:(8.191250068658265):/gpfs/home/mader/Foam/NewValid/InSilicoTest/LatticeDataPhi_16.0/out_Step_05000.vtk/distmap.tif, Neighbors:(1.0):
//LACUNA_NUMBER, TRIANGLES, SCALE_X, SCALE_Y, SCALE_Z, POS_X, POS_Y, POS_Z , STD_X, STD_Y, STD_Z,PROJ_X, PROJ_Y, PROJ_Z, PCA1_X, PCA1_Y, PCA1_Z, PCA1_S, PCA2_X, PCA2_Y, PCA2_Z, PCA2_S, PCA3_X, PCA3_Y, PCA3_Z, PCA3_S,PROJ_PCA1, PROJ_PCA2, PROJ_PCA3,OBJ_RADIUS, OBJ_RADIUS_STD, VOLUME, VOLUME_BOX, Mask_Grad_X,Mask_Grad_Y,Mask_Grad_Z,Mask_Angle, Mask_Distance_Mean,Mask_Distance_COV, Mask_Distance_STD, SHAPET_XX, SHAPET_XY, SHAPET_XZ, SHAPET_YX, SHAPET_YY, SHAPET_YZ, SHAPET_ZX, SHAPET_ZY, SHAPET_ZZ, Thickness, Thickness_STD, Neighbors, Neighbors_STD
1, 0 ,1.0,1.0,1.0,130.5732123370283,15.313859054620643,180.62693699385446,21.001176598988504,9.434987092603581,11.40638519682256,86.0,38.0,46.0,-0.97856999966218,-0.028820705345566758,0.20388752464176252,21.344890831957528,0.18262763129316972,0.33591892190946865,0.9240160313497959,10.946002625465715,0.09512047124256327,-0.9414498631613709,0.32345672215000926,9.206230777734415,88.0171440268085,55.230413262766604,45.51642057380175,24.01063455283769,9.146772742771901,87055.0,221265.4814407729, 0.0, 0.0,0.0,NaN, 73.68791416904288,73.68791416904288,0.0, 441.0494185419023, 12.609983565738647, -68.07481227879272, 12.609983565738647, 89.0189814375962, 8.703339274216605, -68.07481227879272, 8.703339274216605, 130.10562325829284, 11.244479876757696, 6.419759962563623, 12.0, 0.0
2, 0 ,1.0,1.0,1.0,180.78430944246884,165.68811106936593,92.15237962097316,11.321780383604143,16.203767515634798,15.417237380920163,49.0,67.0,80.0,0.15534238664295327,0.9048480478956866,0.396382079730451,16.534970506989822,0.07395784309021736,0.389474249386278,-0.9180632039845832,15.199970482221726,-0.9850883109434981,0.17192969285252033,-0.006418750511121479,11.135153743326239,81.23668735499444,84.7239085793144,54.91195634496228,23.94242064439237,7.429434359479182,114451.0,377941.95484601986, 0.0, 0.0,0.0,NaN, 100.1928617986277,100.1928617986277,0.0, 128.18271105456355, 24.08523044672717, 1.9318279728735368, 24.08523044672717, 262.5620817007415, 15.313412228379345, 1.9318279728735368, 15.313412228379345, 237.691208459642, 7.859934350451696, 5.533148220645743, 16.0, 0.0
3, 0 ,1.0,1.0,1.0,170.69213761792918,65.45104381257299,165.5222408838619,15.67672511282796,15.605619825867441,15.827201554056025,65.0,78.0,72.0,-0.5569923335564726,-0.6082179906809532,0.5655355127410999,18.030915552967723,-0.6499646071377716,-0.10467504246658481,-0.7527211601601621,14.81433107981419,-0.5170160053881864,0.7868379828761717,0.33701697119848467,13.972010178381257,102.77348144752173,78.84443223318999,76.11338077682265,26.00371847342133,7.975087146890369,152422.0,616755.613971934, 0.0, 0.0,0.0,NaN, 79.57075975025118,79.57075975025118,0.0, 245.7597102631708, 45.655182525520196, -29.054551485513116, 45.655182525520196, 243.53537014950695, -42.769997366028484, -29.054551485513116, -42.769997366028484, 250.50030903271346, 7.808399980330305, 5.432853078221705, 22.0, 0.0
4, 0 ,1.0,1.0,1.0,16.023612327785298,44.425420084415066,15.879429800111492,10.04556196527986,11.951832218323446,10.449459538378402,44.0,57.0,41.0,0.1668964781468158,0.9226928204391138,-0.34753924194586044,12.15248660647403,0.6189038046955848,-0.3724284685092605,-0.6915599152475342,10.820050778889264,-0.7675308763271479,-0.09967444483898846,-0.6332150968908752,9.391186487295744,56.04108008336455,61.28417593139507,47.749071377904684,17.99275881802371,5.40476117269366,50228.0,163990.91059659017, 0.0, 0.0,-1.7763568394002505E-15,69.66312217848817, 49.82499766667903,49.82499766667903,0.0, 100.91331519827737, 2.5043292940169666, -15.811041724594498, 2.5043292940169666, 142.84629337495434, -11.638302460157215, -15.811041724594498, -11.638302460157215, 109.19120464420736, 9.55543826100773, 5.8875009131729295, 7.0, 0.0
5, 0 ,1.0,1.0,1.0,30.621143801062548,108.60097176957305,173.96144173102965,16.09267524218891,14.570797544604371,13.641857961311857,74.0,71.0,64.0,-0.9869877008135222,0.027076642476250197,0.15849963367481704,16.158197702036755,0.04227212144731129,-0.9073544619442122,0.41823551754755733,14.830779697083116,0.1551397634108728,0.41949342762687303,0.8944031070980666,13.27942945956255,78.2715379926523,76.86396222197862,71.79749274481804,24.605108324869562,7.209110242919279,134394.0,431952.4224230062, 0.0, 0.0,0.0,NaN, 99.84709973693927,99.84709973693927,0.0, 258.97419645055993, -3.9373775717696837, -12.486139506398345, -3.9373775717696837, 212.30814108584875, -16.18531157856818, -12.486139506398345, -16.18531157856818, 186.10028863660767, 7.604234936897601, 5.180615100417644, 18.0, 0.0
6, 0 ,1.0,1.0,1.0,48.6957674386577,12.874136387632841,24.216804003029814,19.853381279160867,8.302192285326301,13.96999075588173,85.0,35.0,61.0,-0.9828312481469104,-0.024866239805693607,0.18282343335555284,20.036091583454404,-0.18377258575691693,0.04362454536818736,-0.9820002727930556,13.722474858083821,-0.016443065109741497,0.9987384888745127,0.047445299561201,8.276019846905445,87.07292796528237,68.0613096439364,35.64971163995066,24.099857326536142,8.800037699821749,87134.0,211270.7973899829, 0.0, 0.0,0.0,NaN, 55.88805552431008,55.88805552431008,6.743495761743046E-7, 394.15674821573526, 7.1765841290399255, -38.20425715201475, 7.1765841290399255, 68.92639674253155, -6.646387294268277, -38.20425715201475, -6.646387294268277, 195.160641719421, 7.647848878554574, 5.083169699152311, 10.0, 0.0
7, 0 ,1.0,1.0,1.0,161.53866935415573,175.9607039414624,138.5231880621284,15.373122310682,14.139456027636351,14.733436039450682,73.0,59.0,79.0,0.8052876114686108,-0.4344038392341487,0.4034912232921701,16.662916763703414,-0.10233221816428661,0.5685028063951731,0.8162920287779303,14.742184293169556,0.583986284034785,0.698640010004755,-0.4133547586272585,12.583578626819616,89.88424046873976,83.17552196094925,74.25237357686964,24.351432100544052,7.767818131090127,118078.0,555123.2650769328, 0.0, 0.0,0.0,NaN, 76.39738291383685,76.39738291383685,0.0, 236.33288957918865, -45.167301056900136, 33.83855267965477, -45.167301056900136, 199.92421675746195, 6.461293319739996, 33.83855267965477, 6.461293319739996, 217.07413752858417, 7.661454477361709, 5.037736016947488, 20.0, 0.0
8, 0 ,1.0,1.0,1.0,88.63884606449706,123.56441257840383,79.52708496124686,13.802036342068988,12.446596693371315,12.757137902151646,74.0,60.0,63.0,-0.932457474035854,-0.3281704619199803,-0.1510867533501915,13.917838544003661,0.3183612475778268,-0.5486850299653998,-0.7730400079766621,13.368589579478611,0.17078985671100158,-0.7689271004556248,0.61610221475786,11.650456077263712,71.39831915885873,71.44467386653936,57.82410336306532,21.696552743299062,6.1170371052463635,94702.0,294962.4644052975, 0.0, 0.0,0.0,NaN, 141.5054815141924,141.5054815141924,0.0, 190.49620718779306, 10.231252127796237, -2.4117615272690465, 10.231252127796237, 154.91776924744175, 21.107207680263627, -2.4117615272690465, 21.107207680263627, 162.74456745451408, 7.311045528060833, 4.967321815744698, 21.0, 0.0
9, 0 ,1.0,1.0,1.0,172.22464179230593,39.52244607269172,16.6473691199015,15.146150705704931,13.050955011689622,10.875386500291727,69.0,69.0,50.0,0.907010138420919,0.2999999148178741,0.29552099741123855,15.752172823816611,0.33402715658897336,-0.9398804483957158,-0.07106758321874831,12.82005717112879,-0.25643413864528747,-0.1631710569700905,0.9526892141220623,10.272415728805106,84.93140997055835,76.17309289441583,54.930762744688614,21.64851766826893,7.02488592180905,82843.0,355373.92036881257, 0.0, 0.0,0.0,NaN, 51.0943163742191,51.0943163742191,0.0, 229.40588119992597, 20.33433456764219, 36.82827107515004, 20.33433456764219, 170.32742671714644, 16.572772800617308, 36.82827107515004, 16.572772800617308, 118.27403153072753, 7.72479927443198, 5.071700028139927, 11.0, 0.0
10, 0 ,1.0,1.0,1.0,75.96846666268627,54.61230286333279,43.5319470151227,12.792458213994573,14.33908821164082,16.785004023913867,64.0,69.0,81.0,-0.230047108926166,0.52002641277135,0.8225879027161016,18.43549574978582,0.5607664758450365,-0.6199909063114952,0.5487733919017841,12.681073685441705,-0.7953736777408785,-0.5875234515414793,0.1489862632786533,12.260328895459763,89.13845048587163,64.23329679578393,64.08183882959024,24.310112953580834,7.746690013473843,117241.0,366910.5999727764, 0.0, -7.105427357601002E-15,0.0,58.66597676938498, 103.19274180892525,103.19274180892525,1.9073486328125E-6, 163.64698715679722, -26.324633160022625, -32.64029982587219, -26.324633160022625, 205.60945074121676, 77.51369503523028, -32.64029982587219, 77.51369503523028, 281.7363600828047, 7.4958737769506545, 4.790430179245758, 18.0, 0.0
11, 0 ,1.0,1.0,1.0,58.38384997756222,74.06953122303152,136.18291967275363,13.660108028684741,15.638061674242289,13.379795363745265,64.0,79.0,62.0,-0.4647401979700982,0.8508043330860842,-0.24525198305550397,16.10468509952681,-0.5510076549079591,-0.49470596794342886,-0.6720539930050168,14.65074066863532,-0.6931140689839919,-0.17719478571080685,0.6987094498383115,11.668820161606588,84.04724451328781,67.93538977846723,57.57732034887644,23.66873478250758,7.068057870009419,115876.0,328753.9655201075, -7.105427357601002E-15, 0.0,0.0,62.306590594433594, 113.87532276703477,113.87532276703477,0.0, 186.59855135533732, -27.32007213978122, 43.104826848317444, -27.32007213978122, 244.54897292740554, 0.3861301408112957, 43.104826848317444, 0.3861301408112957, 179.0189239756993, 7.705900363909321, 4.964825157532229, 21.0, 0.0
12, 0 ,1.0,1.0,1.0,41.16346209836142,55.015547299894024,176.82943389194918,13.38931849004159,12.225096895307354,12.440288578361029,70.0,60.0,49.0,0.8131010358538509,0.26514960092454626,0.5182300595516905,13.965329252970479,-0.5100988481521717,0.7534649954651619,0.4148369146092369,12.339478190233853,-0.28047436711261603,-0.6016528814343348,0.7478956743119592,11.67023909306031,73.3392269651247,67.42002041025344,62.335901322087,21.135712697730785,6.063767178850304,85867.0,308221.8699853579, 0.0, -7.105427357601002E-15,0.0,74.62415770418256, 72.51217960037933,72.51217960037933,0.0, 179.2738496277696, 6.508947303372524, 21.39173449512159, 6.508947303372524, 149.45299409965352, 13.1069293879401, 21.39173449512159, 13.1069293879401, 154.76077991289986, 7.433277907275951, 4.9028105744880826, 11.0, 0.0
13, 0 ,1.0,1.0,1.0,78.66727493917276,185.97653348700217,27.553656037904982,12.346189029251533,8.148726375923719,14.986593950010635,60.0,33.0,60.0,-0.22195083618357347,0.01958332745802406,0.9748611796574341,15.119859284791893,0.975057040661237,0.005752197508215331,0.22187987669182177,12.185285711582493,0.0012624477668792189,-0.999791681056358,0.020371566364362347,8.14474006051618,63.10682542290013,61.053712722346035,33.040008444328606,20.04350806404915,6.456462483795532,62472.0,127300.04645104843, 0.0, 0.0,0.0,NaN, 84.5245628231921,84.5245628231921,0.0, 152.4283835460109, -0.24460198071408762, -17.33971548207398, -0.24460198071408762, 66.4017415496749, 3.2028054128500445, -17.33971548207398, 3.2028054128500445, 224.59799822249533, 7.270768306920903, 4.902101807771937, 10.0, 0.0
14, 0 ,1.0,1.0,1.0,187.36956980784367,56.473844854395026,95.18275008158486,8.16091904972907,13.37061624018806,14.112792427021132,33.0,61.0,73.0,-0.06711296962440522,0.6293244350763723,0.7742393717216912,15.588526182185637,-0.14256340158909678,-0.7740752031811013,0.6168332484127971,11.714475228654862,-0.987507734569983,0.06898068741279814,-0.1416691177657228,8.019589144796702,90.83179919419676,57.5977806146073,37.20497866848589,19.75948649130365,7.355785618593443,52093.0,194645.66054272512, 0.0, 0.0,-1.4210854715202004E-14,39.26387779989334, 111.39380069182779,111.39380069182779,1.3486991523486091E-6, 66.60059973623085, 0.49948244223188815, -15.696913300646948, 0.49948244223188815, 178.7733786423807, 52.250321482465914, -15.696913300646948, 52.250321482465914, 199.170910088185, 7.917153137808554, 5.106238814426048, 11.0, 0.0
15, 0 ,1.0,1.0,1.0,183.65243551412283,18.99782725770209,176.82651488421325,9.51406084532556,11.18424896645324,12.037613756963301,37.0,45.0,49.0,0.12948148335088228,0.44570617017171715,0.8857655193899313,12.309862987979557,-0.20062320267947764,-0.8630350096482525,0.4635956240820965,10.992625709472446,-0.9710740836907782,0.23773216440418696,0.022328053919144657,9.388204136181514,66.17839925820246,57.16538269475396,43.19915821224444,18.222750361541216,5.332944115113383,53849.0,163427.3194733242, 0.0, 0.0,0.0,NaN, 34.134597076060395,34.134597076060395,0.0, 90.51735376855689, 9.320272149067772, 4.2294017079784965, 9.320272149067772, 125.08742494361037, 11.944505974882613, 4.2294017079784965, 11.944505974882613, 144.90414496183212, 8.082749435962144, 5.206378883847865, 6.0, 0.0
16, 0 ,1.0,1.0,1.0,184.78991487930455,14.492691004113736,97.11733202245738,8.452828791576312,8.61002537385714,13.515608558684466,35.0,31.0,63.0,-0.220652720574654,-0.11619718286093779,0.9684062120815756,13.812204174316513,0.5323308415294374,-0.8463060806724935,0.019745707719013846,8.782853521328716,0.8172736702351088,0.5198694379475924,0.24859508327497115,7.76781990648775,66.46330827129583,40.944098253365354,42.7207634775493,17.19615796655133,5.704969537094876,38651.0,116255.16881006424, 0.0, 0.0,0.0,NaN, 99.36378093188556,99.36378093188556,0.0, 71.45031457970147, -4.224091201950721, -27.69559038518186, -4.224091201950721, 74.13253693846376, -14.958406087906065, -27.69559038518186, -14.958406087906065, 182.6716747115848, 7.910931615100074, 5.353795391851516, 8.0, 0.0
17, 0 ,1.0,1.0,1.0,101.1794806839772,85.03886234095228,13.823018020611434,14.436844195176487,17.21039263341098,9.419229340189082,73.0,83.0,38.0,-0.14106826959206575,0.9804166368219811,0.13741528865805203,17.39523378242251,0.9878505868995443,0.13025812181229257,0.08475871438477603,14.389070518008333,-0.06519939628958513,-0.14770253872093547,0.986880437935044,9.148904719019479,86.28639942540863,71.99089352646041,42.54504536845826,22.976898726237152,8.087279592005594,86845.0,264282.80163328804, 0.0, 0.0,0.0,NaN, 131.10369549837264,131.10369549837264,0.0, 208.42247031580104, -14.402749119792956, 6.084168554467595, -14.402749119792956, 296.1976145961669, 30.85178552801452, 6.084168554467595, 30.85178552801452, 88.72188136307885, 7.672670778498158, 4.863557946966044, 15.0, 0.0
18, 0 ,1.0,1.0,1.0,75.77036534626403,121.99210390451799,124.87582883694563,11.805439557313306,14.269470448365457,14.315755635813714,69.0,63.0,67.0,-0.11330392959351968,0.4486631347264632,-0.8864894872902276,14.403939045418882,-0.11832923069457547,-0.8919783916945159,-0.43631724915856274,14.244215495829467,0.9864889318699409,-0.055461160170781516,-0.1541546204646953,11.72842335212684,68.01519463284488,67.17488113982301,64.90472500946592,22.435362227043154,6.676943251503743,98783.0,296544.01687945274, 0.0, 0.0,0.0,NaN, 132.17420781259003,132.17420781259003,0.0, 139.3684031413778, 3.342355313870743, 10.39624531890363, 3.342355313870743, 203.61778687677506, -2.378596048987908, 10.39624531890363, -2.378596048987908, 204.94085942433213, 7.166300650034025, 4.514065412468318, 20.0, 0.0
19, 0 ,1.0,1.0,1.0,182.37352390082356,148.4822868098828,36.271195549551905,10.515656409535017,13.889418497930071,11.328448587931543,44.0,67.0,52.0,0.020872968065853766,-0.9997289242968589,0.010314898369236858,13.890781403219934,-0.4389335856996201,-0.01843303037503793,-0.8983304128972075,11.57200924225257,0.8982770321838339,0.014223266693652046,-0.43919935352361916,10.245170445074379,67.25464554070992,57.91660073135073,49.688493913522095,19.93355661628358,5.872141344420429,68847.0,193544.65646653893, 0.0, 0.0,0.0,NaN, 65.42451420230684,65.42451420230684,0.0, 110.57902972339488, -1.6019069473317333, 11.433307700375199, -1.6019069473317333, 192.91594621064203, -0.42801831637284243, 11.433307700375199, -0.42801831637284243, 128.33374740940818, 7.862901128820409, 5.21792096606861, 14.0, 0.0
20, 0 ,1.0,1.0,1.0,151.78552962032796,186.8422218939282,10.419670556950805,13.226569734381137,7.72550377807248,6.69616956084671,65.0,30.0,25.0,-0.9980604074234016,-0.05911767473780207,-0.019507015851452068,13.244037035676707,0.054268775580613514,-0.9797661766131686,0.19264770738784737,7.736377416814583,-0.030501198842247647,0.19121542745920922,0.9810740732334013,6.648923959054902,65.18902187206155,34.952698884085635,29.243531148129936,15.699500384320933,5.743686101605232,27076.0,66632.32888461588, 0.0, 0.0,0.0,NaN, 51.05224591725894,51.05224591725894,0.0, 174.9421469384471, 6.909210464545717, 2.7178322840971374, 6.909210464545717, 59.683408625012156, -2.801380092358762, 2.7178322840971374, -2.801380092358762, 44.83868678761002, 7.7058641641202765, 5.075684795295832, 5.0, 0.0
21, 0 ,1.0,1.0,1.0,19.15204757951468,84.97411434870776,25.452522558079398,11.39930182748788,11.235331853858295,13.869592852825157,44.0,51.0,58.0,-0.13362230780851453,-0.34639627251863114,0.92852285983767,14.314305673349981,0.9539251758975505,-0.2989371003190045,0.025755947695486604,11.390614090522872,0.2686481670228812,0.8891829015664126,0.3703807904268017,10.67225063678288,67.3893890221948,50.27581297736472,51.47873456393038,20.318102197512435,5.976377917689464,73477.0,174412.85194059028, 0.0, -1.4210854715202004E-14,0.0,69.73294724720955, 90.74817871673676,90.74817871673676,0.0, 129.9440821541685, -0.3074404984384756, -10.901392027694044, -0.3074404984384756, 126.23268186632288, -29.391759354553912, -10.901392027694044, -29.391759354553912, 192.36560590313866, 8.02802298203968, 4.925693316028527, 10.0, 0.0
22, 0 ,1.0,1.0,1.0,41.878884286771914,175.28961322208215,185.9272065149969,11.79650839157368,13.32959169109204,7.975409885450286,63.0,60.0,32.0,0.3331422931930836,0.927261848369723,-0.17088498191478785,13.709720774355008,0.9427099269045602,-0.3241600843684834,0.0788557760586781,11.536536108503098,-0.017725862507994468,0.187365162877685,0.9821303831661894,7.706794316125174,67.29120368265123,65.38491374716844,35.10970418046256,18.581260435802488,5.931234976081674,49977.0,154476.71390048403, 0.0, 0.0,0.0,NaN, 50.62102014272999,50.62102014272999,NaN, 139.15761023246824, 17.193049379379755, -1.8403989628173132, 17.193049379379755, 177.67801465122992, -22.255105090303093, -1.8403989628173132, -22.255105090303093, 63.60716284093815, 7.2349300215398955, 4.820475639299782, 9.0, 0.0
23, 0 ,1.0,1.0,1.0,67.7236331611644,188.64646656987122,74.63216147382953,13.354285672308118,6.779827236906713,11.44963422144654,64.0,26.0,50.0,-0.990507502429992,-0.05717487494147582,-0.12500368516698335,13.396203329422821,0.12861840064632366,-0.06463802449224676,-0.9895853842922915,11.435446420581755,0.0484994293273798,-0.9962695214976549,0.07137818917395017,6.720820523090958,65.317961571203,50.10037325592309,29.450836684651563,17.915012792183017,5.869364841338162,42013.0,96376.51582297913, 0.0, 0.0,0.0,NaN, 101.41672808838187,101.41672808838187,NaN, 178.33694581761387, 6.89341687912731, 5.732178774965739, 6.89341687912731, 45.96605736230211, 6.4351627917737515, 5.732178774965739, 6.4351627917737515, 131.09412380491972, 6.9449730354895225, 4.745479050393979, 10.0, 0.0
24, 0 ,1.0,1.0,1.0,113.90595798650087,83.65918334621047,64.74233567065615,11.330914074256992,12.254522320722186,11.185767812825349,54.0,54.0,55.0,0.3980513594694539,-0.9032203439244159,0.1604622246685503,12.527024178262195,0.6176359596775187,0.1345332261560637,-0.7748720103173635,11.280797285085152,-0.6782926628954131,-0.4075460972468047,-0.6114124974852476,10.931679215919344,59.5099197759521,52.14819897343665,51.12196423875265,19.379174189244402,5.303955163144119,68597.0,158648.5879134734, 0.0, 0.0,0.0,NaN, 136.39139656323243,136.39139656323243,0.0, 128.3896137581952, -12.81087523118495, -1.3209497877253953, -12.81087523118495, 150.1733173090783, -6.232472766385133, -1.3209497877253953, -6.232472766385133, 125.12140156243957, 6.96130191634476, 4.508844849836348, 14.0, 0.0
25, 0 ,1.0,1.0,1.0,49.892753657751335,86.0471244768253,80.28692033435485,12.530821701323953,11.907535084750725,13.610772957986619,62.0,65.0,61.0,-0.49971516127721344,0.19664232235080698,0.8435736806291249,14.420504165284187,-0.6570931994397536,-0.7206022458485752,-0.221271169672006,12.304469965328286,0.5643698121265135,-0.6648790870064049,0.4893082002396979,11.167502107013732,65.83678759201202,55.6501490837081,52.807060028495314,21.133854943373322,6.117532186369685,83863.0,193475.93468285812, 0.0, 0.0,0.0,NaN, 127.82560023351493,127.82560023351493,NaN, 157.02149251037133, 4.456933779432807, -31.2084642632963, 4.456933779432807, 141.78939179456944, 18.0628655168385, -31.2084642632963, 18.0628655168385, 185.2531405138598, 6.9278809949968005, 4.360469978783132, 13.0, 0.0
26, 0 ,1.0,1.0,1.0,102.1877903118779,21.485202388852024,104.655944984014,12.185660361215756,12.783360676970734,12.719849756425155,56.0,51.0,61.0,-0.4754525977302174,0.6262660165005711,0.6178476380857131,14.13150759672287,-0.13157623516539696,-0.7450280083716703,0.6539273362396181,11.858710392869753,-0.8698462632277546,-0.22961738461677678,-0.4366272266252563,11.548622745776331,74.2031265889014,63.357868759069525,58.59654640540599,20.903956668460623,6.0600166720492075,82885.0,275482.9880539295, -1.4210854715202004E-14, 0.0,0.0,61.61117728980078, 138.27266943490483,138.27266943490483,0.0, 148.49031843890492, -19.038537433581592, -20.109088299163734, -19.038537433581592, 163.41431019752164, 22.12885946218097, -20.109088299163734, 22.12885946218097, 161.79457782602907, 7.186409995097364, 4.660259928088028, 15.0, 0.0
27, 0 ,1.0,1.0,1.0,143.63500123092072,73.01724827671097,113.6742214426391,12.894248922226188,9.979807642023777,11.763866710646735,59.0,47.0,59.0,-0.9134623257148714,0.2266548708658429,0.3379558388493476,13.063552906867299,0.4010228633788025,0.3604991003144223,0.8421526356427075,12.074150226438702,0.06904522102973132,0.9048027233520468,-0.4201961319047038,9.370445965100004,59.329758324446644,63.552651763097344,44.462050476133776,19.341062931732623,5.492727964937433,64992.0,167646.9833258184, 0.0, 0.0,0.0,NaN, 126.33555190711628,126.33555190711628,0.0, 166.2616552683312, -8.771507822191323, -5.995878245595119, -8.771507822191323, 99.59656057179619, 23.94875058103795, -5.995878245595119, 23.94875058103795, 138.38855998586243, 6.6546752302256715, 4.535549557505653, 15.0, 0.0
28, 0 ,1.0,1.0,1.0,137.14435602256046,141.18669551108707,18.31807154446419,10.524100607442454,13.341967709801567,10.91139878433843,47.0,65.0,44.0,-0.15568408352473012,-0.9759108653643106,0.1528412542507667,13.479447716948803,-0.5331996525939049,-0.04722741706365982,-0.8446701732340466,11.082248002187466,-0.8315410973672943,0.21299660546914304,0.5130027772320712,10.16423572433639,66.18819165446796,52.589767132868616,57.632312854654515,19.380169835873037,5.677361757766118,64715.0,200607.79863870738, 0.0, 0.0,0.0,NaN, 88.00788890680384,88.00788890680384,0.0, 110.75669359557065, 12.4003073558745, 6.919270271677592, 12.4003073558745, 178.0081023693877, -10.913620341500888, 6.919270271677592, -10.913620341500888, 119.0586234308622, 7.489515854477339, 4.688864496227944, 8.0, 0.0
29, 0 ,1.0,1.0,1.0,182.43291536590834,94.55785715517688,79.64504389520343,10.167479220554089,9.602022814776117,14.702086517220733,38.0,50.0,81.0,0.11033002714890286,-0.013450132848315864,0.9938039942743664,14.752116616952684,0.8083481003509396,0.582986936527068,-0.08185096516114858,10.596252403629139,-0.5782738397751962,0.8123701901012533,0.07519335387189104,9.045568755702215,81.86160051062123,55.64228725619844,48.585732897752585,19.308616365173645,6.237399927715624,57979.0,221306.39500048544, 0.0, 0.0,0.0,NaN, 124.87243022136254,124.87243022136254,0.0, 103.3776337003992, 14.15212034365996, 12.875030584011252, 14.15212034365996, 92.19884213548106, -3.2686541635153783, 12.875030584011252, -3.2686541635153783, 216.1513479598437, 7.330195453630854, 4.6075451217380055, 11.0, 0.0
30, 0 ,1.0,1.0,1.0,59.10834859984298,11.450325126326174,107.47605338916514,11.698606098691045,7.298016220281831,14.014988457565892,57.0,29.0,68.0,-0.061345510948235954,0.12666459019686666,0.9900468725655165,14.112581997531978,0.9938984014795695,0.09884874147519743,0.04893765263195761,11.720013508363703,-0.091666219638733,0.9870081093380282,-0.13195566027311662,7.072102911881423,69.96724945538774,58.56953826288334,32.38280894856609,18.717318270482437,6.016670477183979,49673.0,132703.11554915647, 0.0, 0.0,0.0,NaN, 110.388348643069,110.388348643069,1.9073486328125E-6, 136.8573846523313, 7.422228376987757, -4.810301760322068, 7.422228376987757, 53.261040751496694, 19.12655087749436, -4.810301760322068, 19.12655087749436, 196.41990146570515, 6.806210714917132, 4.5150270966517585, 12.0, 0.0
31, 0 ,1.0,1.0,1.0,159.39253233048083,10.719732146283434,41.989024905023214,13.477283157900256,6.992772451729187,13.26901382367881,60.0,30.0,62.0,-0.8326101770961456,-0.08682829914996218,-0.5470110962884116,13.62345569225789,-0.5521055561879078,0.051578431690087655,0.8321773369966476,13.171234204197631,-0.044042568298931904,0.9948871854894484,-0.09088311353886523,6.893678283189929,66.6646670131926,72.48517196402511,31.273490674652372,19.186271020537443,6.204011610194728,52118.0,151119.75702132922, 0.0, 0.0,0.0,NaN, 59.388191589690344,59.388191589690344,6.743495761743046E-7, 181.63716131822193, 6.395174790884792, 5.01453487265501, 6.395174790884792, 48.89886656166263, 11.964497616704941, 5.01453487265501, 11.964497616704941, 176.06672785297934, 7.496615732190541, 5.063625159708735, 9.0, 0.0
32, 0 ,1.0,1.0,1.0,56.58628696407706,147.9561374599275,20.945201785660785,11.432183173062402,12.13722433491972,12.274764996161759,54.0,62.0,49.0,-0.5096362173278898,0.4048420235047053,0.7591929017004405,13.991942028923333,-0.5099210289828116,-0.8528364665163728,0.1124744663511604,12.055086510719278,-0.6930017822407311,0.3298073640543563,-0.6410738119956911,9.35827600832223,65.03201762539365,61.86072109035128,52.30276439176396,19.806136412161557,6.032730956413387,66754.0,210410.2294208388, -7.105427357601002E-15, 0.0,0.0,59.36039859993468, 79.68232538218803,79.68232538218803,0.0, 130.69481210245112, 2.7898500199361473, -45.174796450930764, 2.7898500199361473, 147.31221455616745, 27.715426054294806, -45.174796450930764, 27.715426054294806, 150.66985571099798, 7.24725012818461, 4.539507918215124, 11.0, 0.0
33, 0 ,1.0,1.0,1.0,13.680589872705095,102.18317017483501,108.4591530353736,9.01366873858487,15.204161910101565,11.925870010195773,37.0,73.0,61.0,-0.12780037881959272,0.9721255100582633,0.19656819648033225,15.41572859250953,0.027654218326170196,-0.19462359002640028,0.9804880939685114,11.763994661311564,-0.9914142965392103,-0.13074268965872482,0.002010402562987702,8.865826559792923,70.85745339058495,57.48511645892913,41.9240989736777,20.248022562178285,6.682568468720415,63946.0,170767.29254937763, 0.0, 0.0,0.0,NaN, 134.6663187263675,134.6663187263675,0.0, 81.24622412894219, -20.08082990615522, -2.3742188604836896, -20.08082990615522, 231.1665393885833, 18.981890039981913, -2.3742188604836896, 18.981890039981913, 142.22637550008693, 7.067137109075814, 4.505799784095925, 16.0, 0.0
34, 0 ,1.0,1.0,1.0,90.02575697726685,75.1632864322977,100.63824454826539,12.166025686915425,12.878053681259802,10.503180880076748,57.0,56.0,53.0,-0.27808218165973153,0.9574086010586078,0.0777114590157919,12.968472543468623,-0.948089412009613,-0.26058036276083735,-0.18227545467971257,12.13748303515359,-0.15426200789121627,-0.12436496758504528,0.9801717134048202,10.424657389687399,58.859879490385104,56.104954378976174,52.86907745749286,19.851443999201578,5.485747659004029,73417.0,174591.18568713698, 0.0, 0.0,0.0,NaN, 153.7104908361295,153.7104908361295,0.0, 148.01218101468595, -6.295868458851178, 5.392403388305608, -6.295868458851178, 165.84426661740915, 6.263014347566742, 5.392403388305608, 6.263014347566742, 110.31680859960977, 6.777174646464592, 4.410566613680274, 6.0, 0.0
35, 0 ,1.0,1.0,1.0,31.65003655505191,42.74344202368767,104.85572452112882,9.83918504931643,13.8545472080864,11.491829067210702,45.0,67.0,54.0,0.0502869067932036,0.9792855079710002,0.1961405640941009,13.957417702142466,-0.1532054036050773,-0.18650085901805308,0.9704357443394865,11.41322412286393,-0.9869140445405451,0.07885000610975726,-0.14065328017900697,9.785140892954601,67.77968936524954,56.19573383520999,47.44135981090594,19.69509455438907,5.737893914970021,68390.0,180700.78935336665, 0.0, 0.0,0.0,NaN, 109.00073305426803,109.00073305426803,0.0, 96.80956243469197, 5.864388673708736, -4.154146648798174, 5.864388673708736, 191.94847834109464, 12.780955438627299, -4.154146648798174, 12.780955438627299, 132.0621353099888, 6.796302698255196, 4.379315156765098, 10.0, 0.0
36, 0 ,1.0,1.0,1.0,22.217383417339363,177.31952524715913,100.8387602524068,12.955895005490941,12.836899627112015,11.238399009703713,52.0,58.0,57.0,0.6963924406222032,0.6966548809395454,0.17236457149704024,14.180955797524131,-0.67052581829878,0.5460025739900971,0.5022711580321323,11.796248482878733,0.2557981540961588,-0.4653527329449082,0.8473571492007972,10.894578198811137,76.96311914984227,61.13045181044245,58.84593061813039,20.53213626146667,6.113444223328284,77177.0,276857.7604107911, 0.0, 0.0,0.0,NaN, 104.11996700540669,104.11996700540669,0.0, 167.8552153933051, 32.48923027493186, 3.0011547383983217, 32.48923027493186, 164.78599203654858, 15.50628000797713, 3.0011547383983217, 15.50628000797713, 126.30161230130938, 7.190213222095002, 4.611552725930572, 11.0, 0.0
37, 0 ,1.0,1.0,1.0,132.65367765109255,42.32660752673542,32.37684018612752,11.743335943667523,10.977922071366365,15.577523916602914,63.0,50.0,65.0,0.4721173876337307,0.05391584377395156,0.8798853641719725,16.920489662136823,0.31234817537699944,-0.9436037130670801,-0.10977545274185022,11.111900082926594,0.824344460545809,0.32665748801483474,-0.4623322354014233,9.555243042630522,77.93535665694179,50.80142338458983,51.60921044939191,21.19898550085358,7.1890873689067645,73498.0,204332.58204854545, 0.0, 0.0,0.0,NaN, 85.87973345954963,85.87973345954963,9.5367431640625E-7, 137.9059390858336, -4.518388691045672, 79.90180807773906, -4.518388691045672, 120.51477300499279, 12.583253303926854, 79.90180807773906, 12.583253303926854, 242.6592513723358, 6.532809696407324, 4.254763956472777, 11.0, 0.0
38, 0 ,1.0,1.0,1.0,18.589968179534416,130.7035002512142,16.910852453525372,11.040197097429333,13.332526696139883,9.739606295551107,51.0,56.0,42.0,-0.2453288437986783,0.9510534624617873,0.18791239964368858,13.57822976111053,0.9356441466549836,0.2830200139358595,-0.2108784070074822,10.950779102856652,-0.25373960910876947,0.12408458103725656,-0.9592805780990968,9.49811899486624,66.59234578312855,54.543648524349635,48.35374730130013,19.00203316486631,5.781425987334536,59710.0,175629.97336916078, 0.0, 0.0,0.0,NaN, 73.71274465826434,73.71274465826434,0.0, 121.88595195008708, -14.10196287639463, -10.201601061469521, -14.10196287639463, 177.75626810328268, 15.053822338590184, -10.201601061469521, 15.053822338590184, 94.85993079233876, 7.009583343275227, 4.461528047288777, 8.0, 0.0
39, 0 ,1.0,1.0,1.0,98.31751850797266,134.5439742312073,16.508239607061505,10.510171775743446,12.85706929457775,10.820445621204765,49.0,59.0,44.0,-0.06270843167065986,-0.9370245526781273,0.3435878930867055,13.199522150083842,-0.7198644958418438,-0.19598604948971832,-0.6658712908902007,11.469504909427565,0.6912761823061568,-0.2890924697804649,-0.6622407294122407,9.331294507447545,66.43734074706266,62.28260364739518,46.747776280958206,18.90170066698355,5.964536607182249,56192.0,193437.18222708564, -1.4210854715202004E-14, 0.0,0.0,86.40471257487637, 119.26167754117229,119.26167754117229,0.0, 110.46371075563412, 11.396024554506017, 19.44141495107504, 11.396024554506017, 165.30423084557398, -22.255113896445323, 19.44141495107504, -22.255113896445323, 117.08204344144937, 7.107066658032731, 4.526000959473012, 7.0, 0.0
40, 0 ,1.0,1.0,1.0,145.81719912327313,103.35392866631243,82.92233993092455,9.511183697202469,12.830211353184238,11.10407618107079,44.0,63.0,50.0,-0.11532500783666849,0.9578778279863309,0.2630022988866488,13.005215211313338,0.04388445725258062,-0.25959723171563726,0.964719353852313,10.949853554220281,-0.9923579480102526,-0.12279798018602532,0.012097895813477567,9.45211780358693,65.37277364311883,49.48497550881383,45.320612933936815,18.727546451978817,5.258940046561529,60224.0,146610.82787609933, 0.0, 0.0,0.0,NaN, 138.3920282194862,138.3920282194862,NaN, 90.46261532193002, -9.162636146927571, -1.1265269610197326, -9.162636146927571, 164.6143233673777, 12.449211682590663, -1.1265269610197326, 12.449211682590663, 123.30050783502365, 7.550001371920101, 4.495722752304951, 12.0, 0.0
41, 0 ,1.0,1.0,1.0,29.5617342130066,146.47474709393654,126.9608671065033,15.479064527654797,11.313235865141202,10.869087121558005,66.0,65.0,56.0,-0.9720030662661406,-0.23409313602591728,0.02025938880550679,15.700742182757322,-0.22683742772964977,0.9123882496276274,-0.340723441110867,11.02682729332627,0.06127659055640272,-0.3357798171525297,-0.9399452610885368,10.84544024009058,71.10297842876095,60.32273355396446,57.353721998716054,21.085410485108614,6.413521959278226,79575.0,245997.34152060878, 0.0, 0.0,0.0,NaN, 95.25525582440252,95.25525582440252,0.0, 239.60143865130104, 28.50637517940366, -2.2314892825724284, 28.50637517940366, 127.9893057403172, -1.8446074464276705, -2.2314892825724284, -1.8446074464276705, 118.13705485601808, 7.225212816159529, 4.478725511722002, 12.0, 0.0
42, 0 ,1.0,1.0,1.0,124.58928662182994,73.84705822561791,165.9396737196971,10.317521363995597,9.897349819215076,13.198173099498462,48.0,45.0,64.0,-0.08635145075597059,-0.025483895528415665,0.9959387521434419,13.217665757266031,-0.8174095704490915,-0.5696841322933518,-0.08544930398430439,10.652291534650903,-0.5695480849678722,0.8214685389483078,-0.028362271198935442,9.509077278829356,64.24828907754538,51.88002701738594,47.09180103432998,18.70605524778713,5.355749319326479,59029.0,156966.5312192704, 1.4210854715202004E-14, 0.0,0.0,85.04625693582153, 110.9065801794601,110.9065801794601,0.0, 106.45124709650557, 10.918482095612028, -5.63861068863886, 10.918482095612028, 97.95753344391672, -1.0171716556026762, -5.63861068863886, -1.0171716556026762, 174.19177316432484, 7.2886013455721645, 4.565434581546698, 15.0, 0.0
43, 0 ,1.0,1.0,1.0,179.37026413092138,83.1422128633251,20.572250501566877,11.487536712512217,10.891337564409532,11.201723876484623,50.0,53.0,45.0,0.8755491016050674,0.48017667974742523,-0.05333035632074723,11.7349329911182,-0.06000823973962288,-0.0014453690547062692,-0.9981968353344179,11.20059320993876,-0.4793879241719709,0.8771706032095662,0.02754906573832379,10.625507560002925,64.5850433783549,47.25773357083939,55.86765147427411,18.658793519971233,5.28325428569866,60311.0,170516.0486713192, 0.0, 0.0,0.0,NaN, 88.09898440128372,88.09898440128372,NaN, 131.963499721316, 10.430505953293503, -0.40647520270754056, 10.430505953293503, 118.62123394191815, -0.617154292781239, -0.40647520270754056, -0.617154292781239, 125.47861780500568, 6.962555590329221, 4.407624870574561, 8.0, 0.0
44, 0 ,1.0,1.0,1.0,149.98837503959456,112.92481786506177,130.27941083306936,12.17956629298361,11.321401094807454,10.54599758951595,60.0,56.0,52.0,0.8984947345223999,-0.4254876717904737,0.10801598580693739,12.418668023783146,0.4387044970514402,0.8615315169135106,-0.25554218757682234,11.122984138906785,0.015670874333147733,0.27699040871305813,0.9607448866263133,10.478069066076063,63.47820772107997,61.888811558881116,49.350020882442806,18.963327419906786,5.303417403735499,63140.0,193876.03978261043, -2.8421709430404007E-14, 0.0,0.0,26.039093165820454, 122.24651540553964,122.24651540553964,0.0, 148.3418350851825, -11.72154234537606, 2.7505873859910053, -11.72154234537606, 128.1741227495074, -5.10911683204654, 2.7505873859910053, -5.10911683204654, 111.21806515807623, 6.417267380997958, 4.324416516886766, 16.0, 0.0
45, 0 ,1.0,1.0,1.0,10.03908606371111,167.58643556583894,161.7107176796265,6.642321930669389,15.827859322068361,11.580337027483932,27.0,69.0,66.0,0.042439743868883134,0.9822466955786603,0.18273012112168263,15.971208249038368,-0.0030444840609926624,-0.1827669128561975,0.9831515583478557,11.39856545527487,-0.9990943895634415,0.042281019261794554,0.004766146560671568,6.613545920882096,74.17057623418646,65.6495153429932,28.094533905046518,19.487718853843976,6.998184828474177,48406.0,136799.6570972888, 0.0, 0.0,0.0,NaN, 51.16142637702135,51.16142637702135,0.0, 44.120440630651515, 8.857961077334055, 1.3809718247767424, 8.857961077334055, 250.52113071918632, 22.44570626014217, 1.3809718247767424, 22.44570626014217, 134.1042056701154, 7.747125403182677, 4.78210181997377, 6.0, 0.0
46, 0 ,1.0,1.0,1.0,118.05915526578842,178.3924388679189,31.498038104047623,10.455595390905007,10.869926399207603,14.040045166491776,57.0,46.0,61.0,0.12843854205105948,0.12994501585264187,0.9831672460832158,14.142846637443618,-0.088689373941165,-0.9859009664585044,0.14189249200049348,10.80982842313589,-0.9877437602261644,0.10542095233511493,0.11510294063591535,10.379072291478973,64.64067726516019,50.1580197914036,56.45522522673048,19.717357375141976,5.985270363195853,67027.0,183041.8619465214, 0.0, 2.8421709430404007E-14,0.0,82.53358499439476, 90.40638881316313,90.40638881316313,0.0, 109.319474978314, 2.338475239660159, 11.539831395071463, 2.338475239660159, 118.15529992419039, 10.514562873336574, 11.539831395071463, 10.514562873336574, 197.1228682771291, 6.259181128798504, 4.179802680293198, 9.0, 0.0
47, 0 ,1.0,1.0,1.0,16.01742001015744,150.01462671406804,60.80937870323345,10.277106160517652,10.261656663006407,13.525277205439432,40.0,49.0,66.0,-0.10578875286098302,0.062033141271289366,0.9924518271191474,13.565578721280312,0.6945615973419317,-0.7096251307292444,0.11839071473442273,10.604452633174724,-0.7116129054942316,-0.7018433323908685,-0.031984519889134345,9.8678412175842,65.62921099940422,52.59349142782216,53.26804566693504,18.976662347856518,5.808607244716588,59070.0,183863.68035584837, 0.0, 0.0,0.0,NaN, 80.32979412763994,80.32979412763994,NaN, 105.61891103454987, -8.001304399674614, -7.85743779728509, -8.001304399674614, 105.3015974694238, 4.067711135947312, -7.85743779728509, 4.067711135947312, 182.93312348397947, 6.963561577632562, 4.397593432878252, 10.0, 0.0
48, 0 ,1.0,1.0,1.0,120.83601487184549,152.8554107853782,110.45790149047478,12.198622580341027,12.379105909144311,9.292882265940698,65.0,56.0,44.0,-0.5031105022783806,-0.8639003776167857,0.02357880511753325,12.481900665291157,0.8613495996255308,-0.49902897640321076,0.09511544530149528,12.11785043186283,-0.07040376213053709,0.06816317380770287,0.9951869633462486,9.261002832785382,58.71986023988171,61.050578371626244,43.96077573191097,18.93265313047422,5.473660769284201,60786.0,157594.16854975699, 0.0, 0.0,0.0,NaN, 128.48087888505285,128.48087888505285,0.0, 148.80639285760597, 4.185515327684834, 4.1730556716522536, 4.185515327684834, 153.2422631098116, -4.325527322084366, 4.1730556716522536, -4.325527322084366, 86.3576608086351, 6.634899736609283, 4.418676757226871, 14.0, 0.0
49, 0 ,1.0,1.0,1.0,113.17717156375957,28.58948147282746,65.5076425803688,9.512422578079697,13.89800091884132,9.665905148582626,44.0,56.0,52.0,0.29711908618732746,-0.9495833741560586,0.10005830375137657,14.327325520972241,-0.13056358314058608,-0.14421029751955347,-0.9808957849062323,9.627041851888041,-0.9458717668800029,-0.278378888595592,0.16682863963835518,8.894838041446521,61.70834327375441,54.06413008487344,42.78743187645466,18.53945723579363,5.775712993877888,51357.0,142747.7681645434, 0.0, 0.0,0.0,NaN, 112.45805095675156,112.45805095675156,0.0, 90.4861833039604, -35.33768896004929, 5.487313514442607, -35.33768896004929, 193.15442954011417, -10.067982387563022, 5.487313514442607, -10.067982387563022, 93.42972234139613, 6.452647411714989, 4.1463034168245185, 6.0, 0.0
