// Sample: .//bubblelabels.tif, Map: .//bubblelabels.tif, Thickness:(8.191250068658265):/gpfs/home/mader/Foam/NewValid/InSilicoTest/LatticeData_OldFoam/out_Step_07000.vtk/distmap.tif, Neighbors:(1.0):
//LACUNA_NUMBER, TRIANGLES, SCALE_X, SCALE_Y, SCALE_Z, POS_X, POS_Y, POS_Z , STD_X, STD_Y, STD_Z,PROJ_X, PROJ_Y, PROJ_Z, PCA1_X, PCA1_Y, PCA1_Z, PCA1_S, PCA2_X, PCA2_Y, PCA2_Z, PCA2_S, PCA3_X, PCA3_Y, PCA3_Z, PCA3_S,PROJ_PCA1, PROJ_PCA2, PROJ_PCA3,OBJ_RADIUS, OBJ_RADIUS_STD, VOLUME, VOLUME_BOX, Mask_Grad_X,Mask_Grad_Y,Mask_Grad_Z,Mask_Angle, Mask_Distance_Mean,Mask_Distance_COV, Mask_Distance_STD, SHAPET_XX, SHAPET_XY, SHAPET_XZ, SHAPET_YX, SHAPET_YY, SHAPET_YZ, SHAPET_ZX, SHAPET_ZY, SHAPET_ZZ, Thickness, Thickness_STD, Neighbors, Neighbors_STD
1, 0 ,1.0,1.0,1.0,78.89129587390538,135.87773776856665,39.507674435657854,18.148402849976335,17.553591861581765,19.10448212959823,98.0,93.0,87.0,0.40149625295434727,-0.4004866938711806,0.823657190156044,19.641012643478536,0.8093958848212529,-0.2656833370017066,-0.5237276640335686,18.06796001563061,-0.42857795148378763,-0.8769394348937491,-0.21748141766641008,17.036836381806527,96.82817004080667,92.26293679247861,90.99244998280653,30.452457840344405,8.667304204315371,259107.0,812894.8220096162, 0.0, 0.0,0.0,NaN, 162.01065559117208,162.01065559117208,0.0, 329.3645260050291, -23.142318185191925, 16.242371522787398, -23.142318185191925, 308.12858724298957, -26.470417169557543, 16.242371522787398, -26.470417169557543, 364.98123744013816, 7.807472256660658, 6.2135216928869825, 43.0, 0.0
2, 0 ,1.0,1.0,1.0,57.9213806393418,262.0990173434105,13.517247741529882,20.788226656800507,21.265921724617847,9.008793057530099,114.0,96.0,38.0,0.6507127931841528,0.7571789961081428,-0.057033574665667906,22.514029419309924,0.7568889573985179,-0.652804268362852,-0.03107560740236857,19.47274940043889,0.060761558198115614,0.02294678757271853,0.997888509797277,8.915080301356872,109.706835356759,107.6474887031117,41.496616501465304,29.144610665175755,10.776818447980489,146338.0,490061.1527831108, 0.0, 0.0,-1.7763568394002505E-15,86.7304426931232, 70.52720615484859,70.52720615484859,0.0, 432.1503675345112, 62.49750710366406, -22.911376844932246, 62.49750710366406, 452.2394267975733, -12.377242546534632, -22.911376844932246, -12.377242546534632, 81.15835235340252, 7.59367663693565, 5.910430657091329, 23.0, 0.0
3, 0 ,1.0,1.0,1.0,260.79828748181984,140.52601040621096,127.03187414220456,18.478834421161558,17.107594263826325,15.421915094530934,92.0,102.0,77.0,0.9008683443956047,0.3718067522994203,-0.22404456032334452,18.779469294986164,-0.42825153628553686,0.8456070772693878,-0.3186679973593234,17.179116385579036,-0.07097075267319831,-0.3830253383478467,-0.9210074605824421,14.972710557969517,111.17081867218081,88.65487324011872,79.59539213727584,28.215164885941213,8.71074271821277,195268.0,784479.0387216775, 0.0, 0.0,-1.4210854715202004E-14,77.05329875608477, 193.44619642971907,193.44619642971907,0.0, 341.46732156470523, 17.346710663702762, -16.25182590740344, 17.346710663702762, 292.6697814957033, -29.819130061086792, -16.25182590740344, -29.819130061086792, 237.8354651829211, 6.575970750006828, 5.549432470175329, 44.0, 0.0
4, 0 ,1.0,1.0,1.0,79.61702740172274,16.5785422616838,263.5475117235737,17.965463653805067,10.524999905969052,19.050848369530307,85.0,45.0,80.0,0.029025347032368233,0.05303355246529995,0.9981708128083895,19.07302590151415,-0.9893121784628842,0.14427789993028436,0.02110215952762062,18.090233490344865,0.1428948661592602,0.9881150388009571,-0.056654455435649176,10.267982574033251,81.48874837046083,87.6867540814068,47.53962207040978,26.62741096338899,9.351433916917632,131999.0,339693.60120497766, 0.0, 0.0,0.0,NaN, 89.12072159353347,89.12072159353347,0.0, 322.7578842961909, -31.264718153829982, 2.853989898787929, -31.264718153829982, 110.77562302064857, 14.351458512609671, 2.853989898787929, 14.351458512609671, 362.9348235988355, 7.263491097062849, 5.767913607268278, 19.0, 0.0
5, 0 ,1.0,1.0,1.0,188.44833831173412,113.25509796081568,236.3225768516123,15.851013659420362,15.186137787462467,16.40181699064238,79.0,91.0,83.0,-0.19183347779910281,-0.14496681648093832,0.9706619076253499,16.42136078545586,-0.8576941555346089,-0.4559654652362109,-0.23760519790968346,16.107490590119404,-0.47703317741775075,0.8781116766284954,0.03686775028961074,14.892302453568375,83.21772944515149,84.67330490984938,84.2818542034154,26.37660945377189,7.427482026145667,170068.0,593876.9300151542, 0.0, 0.0,0.0,NaN, 171.24632743024333,171.24632743024333,0.0, 251.2546340311309, 16.063699759412206, -1.238609496094115, 16.063699759412206, 230.61878089979544, -2.6562120688803277, -1.238609496094115, -2.6562120688803277, 269.01960059452506, 6.954337801542186, 5.678191518908477, 39.0, 0.0
6, 0 ,1.0,1.0,1.0,276.3632240203145,206.24304403684113,207.92352511867207,14.492040738903635,16.868956626373265,17.165643020350764,58.0,91.0,84.0,-0.2608525017556935,0.501178324772204,0.8250916670930104,17.756587626646443,-0.18463815145386497,-0.8648047994128156,0.4669276303028767,16.563374089568203,-0.947557241202607,0.03054415968867818,-0.31812313489184807,14.127932522802812,91.42677389280752,99.50758982132812,68.68859544020819,26.871172377935878,8.19636125227418,165793.0,624905.3439914599, 0.0, 0.0,0.0,NaN, 133.5183178322861,133.5183178322861,0.0, 210.01924477804258, -3.1903283727212233, -31.345471055149755, -3.1903283727212233, 284.56169766246245, 17.66029660687206, -31.345471055149755, 17.66029660687206, 294.65930030211695, 7.966148289105659, 5.972503475410683, 33.0, 0.0
7, 0 ,1.0,1.0,1.0,261.3238224637681,277.12217713917016,25.35439001389716,19.231420837774074,13.766137624665747,16.533805958185283,81.0,59.0,70.0,0.9232001024917437,0.21734270763207253,0.31696012083287955,19.6977251194695,-0.3691623713449341,0.2721698632022995,0.888618427193262,16.520189257170063,-0.10686774229026809,0.9373823728893143,-0.3315019949475113,13.107395013076975,95.94557673135188,91.4096493050928,62.782272841234914,27.42564402038236,8.975237159609637,161184.0,550622.6021293052, 0.0, 0.0,0.0,NaN, 51.595412399189556,51.595412399189556,0.0, 369.8475474395709, 33.22071647447096, 30.0934125795647, 33.22071647447096, 189.5065451012379, 39.34822313291825, 30.0934125795647, 39.34822313291825, 273.3667394629232, 7.24497100808716, 5.792380142647608, 20.0, 0.0
8, 0 ,1.0,1.0,1.0,155.84841024610412,176.6272766096415,14.571800604583784,17.32058658198782,17.45825509313166,9.597616781107028,81.0,81.0,41.0,-0.6575697449644664,-0.7533073611466747,-0.011403953244360842,17.948029149147597,-0.7486723072885137,0.651682062663721,0.12165634180613792,16.899675630253,-0.08421286603993396,0.08853535364243809,-0.9925067679108034,9.443349594903403,85.81621083191646,88.06654874048246,44.46032504926966,25.133605823158028,8.07523972672699,119421.0,336010.5744423771, 0.0, 0.0,0.0,NaN, 190.29673428146148,190.29673428146148,0.0, 300.0027195441365, 19.56104528068212, -16.143372553028467, 19.56104528068212, 304.7906708968575, 17.573838912004394, -16.143372553028467, 17.573838912004394, 92.11424787698724, 8.521985286496239, 5.855725827576335, 18.0, 0.0
9, 0 ,1.0,1.0,1.0,44.014569631454336,258.0389591753761,214.79183985841723,16.90121372503525,21.39559948031535,15.332360903810962,84.0,88.0,91.0,-0.1887420535884588,0.9540452905016996,0.23275313290854044,21.837251605904264,-0.9307850964707352,-0.24935706595375803,0.26732032815874174,16.901844164796383,0.31307433844883503,-0.1661885595655202,0.9350753024619793,14.695785093538618,98.67022388262015,89.97651620911606,87.27803116954277,29.774451913329408,9.590933564919565,209065.0,774854.6224291422, 0.0, 0.0,-2.8421709430404007E-14,76.54078543101224, 104.68257659057457,104.68257659057457,0.0, 285.65102537932, -30.801098556181962, -28.805543463557658, -30.801098556181962, 457.77167712207046, 53.28806574200942, -28.805543463557658, 53.28806574200942, 235.08129088471088, 7.413209695598423, 5.41904965479914, 31.0, 0.0
10, 0 ,1.0,1.0,1.0,278.2898068207712,209.38523178975618,285.3223915740436,13.442422289981703,19.03666228938024,8.994804472819704,53.0,105.0,40.0,0.24815842389848963,0.9682815626693762,-0.02912408011883799,19.377049693575817,0.9682876049149376,-0.2470380480352559,0.03730036180822309,12.961289525893045,-0.02892249671641922,0.037456884780792454,0.9988796078438118,8.974110242527361,109.36247522113771,62.5992211539334,41.42311359876226,23.207914031930944,9.240804182146608,78994.0,283582.8748041611, 0.0, 0.0,0.0,NaN, 94.32815536615435,94.32815536615435,0.0, 180.69871702219692, 49.94834909786948, 1.0272361153431802, 49.94834909786948, 362.3945111199117, -9.12318274792673, 1.0272361153431802, -9.12318274792673, 80.90650750425736, 6.787014590653585, 5.5163263203461455, 14.0, 0.0
11, 0 ,1.0,1.0,1.0,14.207392470561379,168.50107481880266,12.517282705880115,9.064878830798738,17.830591358440405,8.158790918152889,35.0,86.0,33.0,0.03591040611825526,-0.9986988794979208,0.0362076072396272,17.8486046644235,0.9870503027201221,0.029776966443960343,-0.15762306991525857,9.07023753220961,0.1563398306016007,0.04139903814090861,0.986835334292642,8.113321656220878,86.25047691033882,40.091731277702,37.389723207466446,20.15772526709901,7.767496231800986,52567.0,129291.080824179, 0.0, 0.0,1.7763568394002505E-15,87.92500336679001, 132.85518315429633,132.85518315429633,0.0, 82.17202821706312, -8.581138692993425, -2.229638671780879, -8.581138692993425, 317.9299881916896, -9.216623099527922, -2.229638671780879, -9.216623099527922, 66.56586924613404, 9.134120842469235, 5.7373111045597325, 11.0, 0.0
12, 0 ,1.0,1.0,1.0,22.48241744565518,131.41644311079153,188.86347419658168,14.35485982920874,16.13179525423534,15.86250970103711,63.0,75.0,76.0,-0.5213418550831364,-0.29469777899048144,-0.8008469823858682,16.574170156742557,-0.027671308763998186,-0.9321448135572846,0.36102679295246504,16.212882405854142,0.8528991551231373,-0.21037886209486922,-0.4778114330715693,13.429644841379337,87.6211556992256,80.74280469237767,67.80107802056196,25.619585364984225,7.845564261567561,144632.0,479677.5657686206, 0.0, 0.0,0.0,NaN, 173.57150682570708,173.57150682570708,0.0, 206.06200071623076, 16.623461715462245, 38.56740427348055, 16.623461715462245, 260.23481812456976, -5.4975933011658755, 38.56740427348055, -5.4975933011658755, 251.61921401549642, 6.835008546917307, 5.176861320689689, 26.0, 0.0
13, 0 ,1.0,1.0,1.0,123.29438846596531,235.14052056620156,77.35808277635307,14.387040378927459,14.931972532174006,16.476543906724515,76.0,72.0,79.0,-0.13816606084929997,0.4763163280886297,0.8683506752606069,17.120721034857308,0.7876628843979441,-0.4786712358238065,0.3878930632749445,14.440189156707964,-0.6004142904456038,-0.7375612541281399,0.309040573772486,14.134676580728593,81.9883999248568,69.91615083438055,74.97217961850032,25.44197385276618,7.357526768675997,148569.0,429764.02504230704, 0.0, 0.0,0.0,NaN, 159.35034129380702,159.35034129380702,0.0, 206.98693086488916, -9.433596160733169, -8.53015411283213, -9.433596160733169, 222.963803701599, 36.98126329098362, -8.53015411283213, 36.98126329098362, 271.47649911022074, 6.501412607919951, 5.113401346240975, 32.0, 0.0
14, 0 ,1.0,1.0,1.0,191.04317444670568,279.7748346476723,60.29712541338082,16.588786993455724,12.164279646472702,15.156452341326398,76.0,53.0,79.0,-0.9078825188470306,0.08569507255725439,0.410372619105341,16.91200740615007,0.41859545141729065,0.23891692018856933,0.8761829451092752,14.988396177171415,0.022960401231796573,-0.9672512909203146,0.2527800628773148,11.925082236077568,80.36232739669848,73.46121948916272,60.11162061948269,24.472490993169178,7.346617275730606,125792.0,354869.8282465306, 0.0, 0.0,0.0,NaN, 126.16017787438706,126.16017787438706,0.0, 275.1878539142458, -2.9432167941640777, -23.340885653460216, -2.9432167941640777, 147.96969931759006, 22.315797349661313, -23.340885653460216, 22.315797349661313, 229.71804757489843, 7.0207706034582475, 5.5403206999798105, 26.0, 0.0
15, 0 ,1.0,1.0,1.0,174.49714366771119,100.37583658942319,10.977768321147176,14.882324822069835,18.370555616603117,7.403723006103752,82.0,85.0,30.0,-0.02697573465393165,-0.9984727078325357,-0.048213706074567556,18.392014458922453,0.9948709062689496,-0.022112148986308745,-0.09870629527444891,14.933870541688915,0.09748943327089386,-0.050629088286985965,0.9939479391898496,7.2449523746038285,85.35976807125707,83.6506497644894,33.27579325981371,23.257583634912372,8.535855176164635,77547.0,237602.47628564647, 0.0, 0.0,0.0,NaN, 161.0800636823269,161.0800636823269,0.0, 221.48359210959595, 3.94579735907978, -16.374481595894853, 3.94579735907978, 337.47731366270835, 14.129520707186186, -16.374481595894853, 14.129520707186186, 54.81511435110997, 6.972446640028933, 5.130499510519766, 23.0, 0.0
16, 0 ,1.0,1.0,1.0,218.39828025303282,28.533428266286936,262.83804255552207,15.83510012708103,17.077338858306867,17.05175826667666,83.0,72.0,79.0,-0.5116236351908842,-0.5845917760433583,0.6296774660860405,18.82302582720968,0.07838558389647958,-0.7615575988378238,-0.6433395090382493,16.286169594358434,-0.8556266453023026,0.2797900624304579,-0.4354544348308873,14.615154366385852,93.95797697442926,89.77861222678652,75.2432277697003,27.633022554870728,8.340528939068843,182585.0,634707.9861400359, 0.0, 0.0,0.0,NaN, 94.09573994286409,94.09573994286409,NaN, 250.7503960346817, 39.000712525539385, -47.93271875913888, 39.000712525539385, 291.6355024814377, -26.49475035045394, -47.93271875913888, -26.49475035045394, 290.7624599851758, 7.549047590491153, 5.507498989414696, 36.0, 0.0
17, 0 ,1.0,1.0,1.0,157.0299181125466,258.169201634755,279.93083728798337,17.31202137397462,17.994564175417477,11.070249970609229,84.0,84.0,50.0,-0.6548160977362303,0.7538683026661254,-0.05383735116803676,19.92859530648535,0.7531108368200581,0.6568294428863167,0.037405219179186155,15.07673921737244,-0.06356056646764405,0.01605195293245243,0.9978488809420825,11.027415019378736,95.00370175654587,72.48517286736279,51.97647976865261,25.941687136697986,8.549252998338009,133598.0,357928.73795851495, 0.0, 0.0,0.0,NaN, 150.3097844411345,150.3097844411345,0.0, 299.7060840529541, -83.73325423235565, 12.69166037934661, -83.73325423235565, 323.80433986321805, -8.586315490462901, 12.69166037934661, -8.586315490462901, 122.55043441177362, 7.406158776720062, 5.441862497263719, 28.0, 0.0
18, 0 ,1.0,1.0,1.0,272.50408291669766,66.52418967465209,238.41381899858604,15.580065192915894,16.30003272079023,14.186189706425617,71.0,83.0,75.0,-0.5212220053598493,0.8480418972703734,-0.09566902112346365,16.717564704343324,0.8343423001190947,0.5299287348643126,0.15181719993823928,15.178481009661594,-0.1794451096035645,6.902457343666013E-4,0.9837677450497098,14.135565821588973,89.0649928588793,79.30086436657587,73.78603210740005,25.54882139741818,7.545541842958963,147811.0,521145.6475256775, 0.0, 0.0,-2.8421709430404007E-14,84.51017270977763, 94.73305103531632,94.73305103531632,0.0, 242.73843141550938, -21.695184042247632, 7.844854308775071, -21.695184042247632, 265.69106669883223, -4.003552576123712, 7.844854308775071, -4.003552576123712, 201.24797838669613, 5.977322297969658, 4.889552601422103, 29.0, 0.0
19, 0 ,1.0,1.0,1.0,276.84886649874056,206.0525512774379,11.849571788413098,15.064656189688181,17.72799930860672,7.584534628025561,61.0,84.0,31.0,-0.5565904438236065,0.8305884283251508,-0.018164266475599947,19.625397147142216,-0.8260130934448795,-0.5556003530649637,-0.0949242705092258,12.533326684324992,-0.08893507351917873,-0.03783001991069464,0.9953187641613589,7.517346617265895,100.56256973753244,68.2315353172769,33.779763709221655,22.726808726774838,9.0688012559423,69475.0,231781.1501792663, 0.0, 0.0,-1.7763568394002505E-15,88.9592069543363, 97.48082096207604,97.48082096207604,0.0, 226.9438661135104, -105.7754762373068, 11.208485120954787, -105.7754762373068, 314.28195948596033, 0.3459692464988259, 11.208485120954787, 0.3459692464988259, 57.52516552371884, 7.3477452060930935, 5.404044462191639, 11.0, 0.0
20, 0 ,1.0,1.0,1.0,40.54519715692925,85.33230601350753,36.500361282331085,13.329064033733454,13.703438463936573,17.354260443711194,61.0,70.0,80.0,0.2409490318262624,0.03562533177488873,0.9698837042645454,17.590181909586537,-0.08791943752005604,-0.9944160643012064,0.0583683438676845,13.70443885267524,0.9665473276400613,-0.09933542568302803,-0.2364714287947444,13.015082997021654,82.9150252191973,70.39966559532792,61.44934365060661,24.777084199979733,7.260483995272891,135628.0,358691.4972294095, 0.0, 0.0,0.0,NaN, 101.28075748047034,101.28075748047034,0.0, 177.6639480153667, 2.812302504919339, 32.62760112468852, 2.812302504919339, 187.78422573489635, 3.769005787929738, 32.62760112468852, 3.769005787929738, 301.1703555481591, 6.894037817135512, 4.930657553229398, 22.0, 0.0
21, 0 ,1.0,1.0,1.0,69.97418676033162,63.584614897791276,159.65745047781786,14.60572167518994,14.29685826717614,14.174346413607529,72.0,66.0,71.0,-0.8205463269590535,0.49440198495004145,0.2868281760766629,14.680631562636,-0.5581265603917462,-0.5848107897997025,-0.5886349316164702,14.47581717654256,-0.1232820664139134,-0.6430886543947941,0.7558032248471875,13.912912427354513,77.99493041082351,78.64289352332199,79.91640717463379,23.93164200800914,6.776124926406246,126408.0,490187.02337013255, 0.0, 0.0,0.0,NaN, 169.2200380299459,169.2200380299459,0.0, 213.32710565311325, -3.6895085879731013, 0.0835173478665649, -3.6895085879731013, 204.40015631172272, 8.613959636172416, 0.0835173478665649, 8.613959636172416, 200.9120962529486, 6.9834449331782835, 5.097742859437611, 30.0, 0.0
22, 0 ,1.0,1.0,1.0,65.9682394019428,42.00434964262799,34.90118178969515,14.730642261687812,13.300566055793157,16.21067996582073,76.0,69.0,73.0,-0.15710506405503538,0.03196169680984293,0.987064561609472,16.255986268897335,0.9195000805587775,0.3694035712618913,0.1343897443682454,14.92988299408157,-0.36032984986074207,0.9287192533139371,-0.08742395451670407,13.020158524728377,77.21632867448031,81.7965235211184,63.634649427083005,24.61358926237571,7.131216405615407,134034.0,401918.17948435113, 0.0, 0.0,0.0,NaN, 85.64033213976653,85.64033213976653,0.0, 216.99182144182302, 17.654658642050933, -8.0945929325489, 17.654658642050933, 176.90505740451712, 5.638491808172456, -8.0945929325489, 5.638491808172456, 262.7861449542616, 6.480976444391507, 4.933188335654988, 22.0, 0.0
23, 0 ,1.0,1.0,1.0,25.909891633524282,281.62389170649834,134.30177691830553,15.586989227106049,11.691031427838238,19.467084414832833,64.0,48.0,106.0,0.11139480991408744,-0.07337642175679038,0.9910636190751703,19.55890899046061,0.9615566121681898,0.2598389644946399,-0.08884027310846615,15.778991988328048,-0.2509981631802069,0.9628601213366992,0.0995002955756373,11.272724407258757,104.27297995256944,73.14353630791447,57.28173863674405,26.138279767398522,8.682865623066396,137035.0,436881.77707806526, 0.0, 0.0,0.0,NaN, 138.00714156843398,138.00714156843398,0.0, 242.95423316592002, 28.36906494539221, 17.790953708083652, 28.36906494539221, 136.6802158467014, -21.39245023264573, 17.790953708083652, -21.39245023264573, 378.9673756142274, 6.59250371389467, 4.895050547769935, 17.0, 0.0
24, 0 ,1.0,1.0,1.0,282.13623124203997,104.05851929785702,168.58658840467356,11.260539405827407,13.207700613304159,15.25074501554261,46.0,66.0,74.0,0.028368092665238605,-0.054995416971187885,0.9980835413083923,15.256567086819414,0.4115430512454766,-0.9092926207292416,-0.061800055492786506,13.65895254327492,-0.9109487188036988,-0.41250749568888273,0.0031619156198248633,10.700397323272941,74.03586948516622,69.85314844641286,55.91624825591282,22.08633761410692,6.783952942468457,90295.0,289178.62681337784, 0.0, 0.0,0.0,NaN, 168.57275705114105,168.57275705114105,NaN, 126.79974771019187, -27.15347301492825, 1.5155587356345752, -27.15347301492825, 174.44335549067503, -2.441691490451127, 1.5155587356345752, -2.441691490451127, 232.58522352909776, 6.891035258454786, 5.217080926595229, 14.0, 0.0
25, 0 ,1.0,1.0,1.0,33.645813211038934,181.0371380751904,207.30203717494047,15.311091935977634,15.494923340455802,14.33796461866613,69.0,73.0,74.0,-0.6334398841253631,0.7458216196014554,-0.20616504294935262,16.758146270891807,-0.5999600898943309,-0.3051230918042085,0.739559185854538,14.761939947131175,0.4886735144585114,0.5921570826925087,0.6407403418576552,13.466591163519112,95.76495672089499,77.37040959904185,67.38159457280997,24.959211469484476,7.558913799368468,135629.0,499255.4299692807, 0.0, 0.0,0.0,NaN, 154.52221709479048,154.52221709479048,0.0, 234.42953627195934, -40.30687361216253, -3.2322197921551488, -40.30687361216253, 240.09264932660201, -23.548572659609597, -3.2322197921551488, -23.548572659609597, 205.57722940612177, 6.592548890749135, 4.928385323910963, 34.0, 0.0
26, 0 ,1.0,1.0,1.0,124.32956654431476,187.49536849919576,114.77776219738524,13.924681527034405,13.868226107910397,14.872254110177332,70.0,71.0,72.0,-0.28267685446217866,-0.4036092534232109,0.8701685851043617,15.07967582549399,-0.7019376108940634,-0.5312286464824919,-0.4744256691713825,14.276831733594799,-0.653741069815644,0.7449132135407035,0.13314247229475365,13.273426308823957,77.0423151466516,68.51248506539494,65.36967300375633,23.69780526791515,6.769225864981507,121235.0,345044.69765108085, -1.4210854715202004E-14, 0.0,0.0,73.57996708298766, 203.1971159275359,203.1971159275359,0.0, 193.89675562933323, 16.151099530784272, -3.391186444480134, 16.151099530784272, 192.32769538012755, -11.019245981161227, -3.391186444480134, -11.019245981161227, 221.18394231768656, 6.4321884952493855, 4.7756076162314445, 30.0, 0.0
27, 0 ,1.0,1.0,1.0,31.96735180807285,13.951799317047543,71.29202784344628,17.60878530133619,8.965856761768324,14.448652972812322,72.0,37.0,77.0,0.9907277827117187,0.005960877265237325,-0.13573108894188757,17.663844603704483,-0.13582058292545085,0.018812814480067434,-0.9905548179001147,14.383132619245114,-0.0033510918985506883,0.999805254013784,0.01944798780131572,8.962899634785934,77.11655837251635,72.06228290761986,37.97931499370859,23.235720553125347,7.701997816603569,91368.0,211058.4687408533, 0.0, 0.0,0.0,NaN, 79.36698003474106,79.36698003474106,0.0, 310.06931978855346, 1.0448649129099075, -14.129781553093016, 1.0448649129099075, 80.38658747254676, -2.545551061394208, -14.129781553093016, -2.545551061394208, 208.76357272875833, 6.7920828660205235, 5.198511112272512, 16.0, 0.0
28, 0 ,1.0,1.0,1.0,235.41626760250543,274.13203322819953,95.65238327928569,13.64783194230162,13.513599043414604,14.459552113116716,78.0,60.0,82.0,-0.4716976965891791,-0.5177623549062248,0.7137390467631873,15.36285441110866,-0.6512050625260426,-0.34119249560409115,-0.6778787852440181,13.512002155589302,-0.594502522764131,0.784544342140973,0.1762297524303758,12.624097006671484,78.84496011434226,103.17087873395172,65.99047567773604,23.108963548804333,6.628357778770875,112555.0,536799.7764010172, 0.0, 0.0,1.4210854715202004E-14,44.46004544266732, 118.27759137852586,118.27759137852586,0.0, 186.2633167253084, 23.876032581042054, -15.561326585086128, 23.876032581042054, 182.6173591061761, -22.958261009401724, -15.561326585086128, -22.958261009401724, 209.07864731193808, 6.111071421623092, 4.72061313980119, 24.0, 0.0
29, 0 ,1.0,1.0,1.0,135.30402412379158,23.79370566579869,250.19804106432014,15.947293025085925,13.951406317606473,14.690567283337755,77.0,60.0,76.0,0.8399849352312374,-0.13173464059829687,0.5263756197346258,16.617316525195147,-0.46408987727160794,-0.6770646174200956,0.5711427926988173,14.52476110945284,0.28115101706840395,-0.7240369384943132,-0.6298607919986646,13.329169756139358,86.47807321008997,74.66456538720766,69.364092923073,24.711978150213085,7.354508554387389,133644.0,447873.3874428337, 0.0, 0.0,-2.8421709430404007E-14,58.239104458095845, 146.128554660728,146.128554660728,0.0, 254.3161548279542, -0.43194647651295565, 34.71052492828293, -0.43194647651295565, 194.6417382389498, -19.705860404183078, 34.71052492828293, -19.705860404183078, 215.81276710627364, 7.619755138922084, 5.237236087217446, 20.0, 0.0
30, 0 ,1.0,1.0,1.0,19.800479112920026,253.96012466550226,83.24819331164773,12.004311085436678,16.333743649327985,16.234367653963467,50.0,81.0,89.0,0.2218917487647584,-0.7423457137425425,-0.6322079508501868,16.80870284319049,-1.6803595312208774E-4,0.648341870967966,-0.7613493220025063,15.968156595250075,0.9750712915443857,0.16904336614559157,0.14373697077694256,11.701916212349465,79.61445153879319,78.31977620427332,55.68534478025232,24.757021428421762,7.84469561899047,124814.0,347219.6207594951, 0.0, 0.0,0.0,NaN, 97.16990677967509,97.16990677967509,0.0, 144.10348463593792, -23.99576181722375, -20.409587401734225, -23.99576181722375, 266.7911816019623, 10.061613746150801, -20.409587401734225, 10.061613746150801, 263.5546931240553, 6.523834070040688, 5.187593653679323, 17.0, 0.0
31, 0 ,1.0,1.0,1.0,165.66636644364385,11.104649167953337,220.49692628809973,16.457475555321455,7.588521804650288,15.464733406818246,84.0,31.0,84.0,0.842492598583559,0.03480269655901896,0.5375825458886684,17.104787642977737,-0.5385034666605004,0.026917145913129922,0.8421932578989899,14.759208221606512,-0.014840408570673293,0.9990316509340993,-0.04141886895297086,7.562020664975396,82.3639395145629,73.626439200269,33.415037197631506,22.33187383160402,8.299370780183535,69948.0,202634.2517640811, 0.0, 0.0,0.0,NaN, 156.49146004570522,156.49146004570522,0.0, 270.8485016540032, 4.573242946653574, 33.751483513258364, 4.573242946653574, 57.585663179652855, 8.04582689385145, 33.751483513258364, 8.04582689385145, 239.15797934396025, 6.739239193168463, 4.781428515613122, 18.0, 0.0
32, 0 ,1.0,1.0,1.0,58.995020418917136,111.9006981952312,158.36478285689194,13.939280971528948,12.858793923468802,14.678197239286922,71.0,66.0,71.0,0.571966297276051,0.15630598973851934,0.8052471622751528,15.369671996324433,-0.7222990675887587,-0.3692885854557965,0.5847307052075054,13.32579700775666,-0.38876549710684677,0.9160755308509875,0.09832095420279188,12.700312051219118,75.28600177983091,65.94135181447132,64.67939276444699,23.087729581234694,6.4852411018108045,113865.0,321098.30542378954, 7.105427357601002E-15, 1.4210854715202004E-14,0.0,68.22054881457835, 189.90185208676624,189.90185208676624,0.0, 194.303554003229, 11.040966898315544, 27.634899502743696, 11.040966898315544, 165.34858116623818, 5.915738811424879, 27.634899502743696, 5.915738811424879, 215.44947419541023, 6.618268374223271, 4.932032899618659, 25.0, 0.0
33, 0 ,1.0,1.0,1.0,144.74511459808943,152.60231193926847,58.36580581889506,13.382899527410476,13.968239428008854,13.912507356409785,67.0,67.0,64.0,0.522996267221345,0.6187753743311846,0.5861671609650629,14.952313723855598,0.008477834570791189,-0.6914617776063634,0.7223632994764048,13.484921174430447,-0.8522928081319998,0.372823880982362,0.3668778038744232,12.741930334289936,75.64227600779421,67.63088899240958,64.55140427170434,22.922998562976456,6.504437739181077,110124.0,330229.12860985525, 0.0, 0.0,-7.105427357601002E-15,54.11451255521768, 214.6713626326337,214.6713626326337,0.0, 179.10199976076353, 19.69596358489759, 18.885572659280463, 19.69596358489759, 195.1117127181811, 12.469847316102797, 18.885572659280463, 12.469847316102797, 193.5578609421564, 6.145039850601085, 4.728115554455188, 19.0, 0.0
34, 0 ,1.0,1.0,1.0,24.683210368685234,14.421686998445114,264.43568096674215,13.829749235841588,9.14431577338097,19.44002463189683,50.0,41.0,78.0,0.08605693912086125,0.056539688609726274,0.9946846067176591,19.49919001559033,-0.9946872297782259,-0.05173660598193366,0.0889979691767697,13.791259200337976,-0.056493523038198525,0.9970589687743577,-0.051787012284424866,9.076221184133626,81.64711865110627,55.42808500377038,42.150545079097505,24.1286567875528,8.402556409020997,95827.0,190754.12247613672, 0.0, 0.0,0.0,NaN, 45.62966927652706,45.62966927652706,0.0, 191.26196392626096, 6.997841445644634, 15.950138970304602, 6.997841445644634, 83.618510963304, 16.25384878807778, 15.950138970304602, 16.25384878807778, 377.91455768875545, 6.247623709941304, 4.812978387007804, 10.0, 0.0
35, 0 ,1.0,1.0,1.0,53.40391548921469,19.073827346414493,163.7152323160739,15.146739710992271,12.003864935055503,15.64188294568507,87.0,48.0,80.0,-0.5743271596836992,0.18506545756564308,0.7974328122579818,16.32292782170655,0.8138974813415575,0.024540812676670538,0.5804899985176638,14.561531107572202,-0.08785899792009681,-0.9824197295093317,0.1647187650369217,11.819849342046801,88.04798439747827,76.99197275168683,52.86120126863274,23.74603892653391,7.369574929236603,112885.0,358345.4498887793, 0.0, 0.0,0.0,NaN, 147.61208277739908,147.61208277739908,0.0, 229.42372387255023, -12.025116106542928, -23.8676594116465, -12.025116106542928, 144.09277337905507, 19.732721387942014, -23.8676594116465, 19.732721387942014, 244.66850208651348, 6.383328861244471, 4.749417868271933, 21.0, 0.0
36, 0 ,1.0,1.0,1.0,128.879649440053,92.9803503809072,209.5655151422919,14.379468671580764,12.632530658029655,14.425527770086845,69.0,64.0,69.0,0.6526032631299908,0.0839664041588023,0.7530329500923105,15.254567963398685,-0.6470641910581938,0.5788532194662387,0.49622261432120934,14.394455363831547,0.39422951893826125,0.8110971540365625,-0.4320931532800488,11.599293624065663,72.05788904672082,71.28320549338463,59.27142730450775,23.060012320360073,6.533118193744983,111707.0,304448.71247652266, 0.0, 0.0,0.0,NaN, 182.8488601228519,182.8488601228519,0.0, 206.76911927697265, -21.83520432451938, 24.908875769405476, -21.83520432451938, 159.58083082605913, 27.076416927652854, 24.908875769405476, 27.076416927652854, 208.0958514455467, 6.677494689564611, 4.8249035970631455, 27.0, 0.0
37, 0 ,1.0,1.0,1.0,282.23417905780616,255.26277482451127,246.24784076082855,11.088054621854482,14.19213818606025,15.770668056634326,44.0,75.0,89.0,0.23136841584300927,0.4152540187750412,0.8797913139156772,16.37267599549261,-0.10856529002348744,-0.887660191443331,0.4475186726036181,13.82890996512991,-0.9667896534160946,0.19905648549586638,0.16029435931941485,10.66641657094618,93.4015104236442,76.23919194421183,53.446048182523214,22.70721490183438,7.580112396525285,92741.0,380581.59583112836, 0.0, 0.0,0.0,NaN, 72.1549605573014,72.1549605573014,0.0, 122.94495529722856, 22.28922543816935, 27.64336587222919, 22.28922543816935, 201.41678629222952, 25.595520003650318, 27.64336587222919, 25.595520003650318, 248.7139709525463, 6.391686826354353, 4.9053920209705995, 16.0, 0.0
38, 0 ,1.0,1.0,1.0,133.72636204201456,278.38065690647755,54.5574173624614,13.723438094535695,12.458895283576013,15.010311729351168,62.0,53.0,76.0,-0.11892948458833152,-0.019420678732603537,0.9927127555003605,15.030234933269945,-0.972597152395508,0.20344441063906094,-0.11253955274423902,13.756124208442554,0.19977626697809223,0.9788938701500233,0.04308403573259862,12.398684109476127,74.82723027369613,67.02342115660481,57.89128837138628,22.85879141528152,6.807491319618817,104916.0,290335.05612369446, 0.0, 0.0,0.0,NaN, 146.036460139409,146.036460139409,1.9073486328125E-6, 188.3327531345535, -6.858360220289817, -4.635776287141974, -6.858360220289817, 155.2240716871126, -2.204454775292593, -4.635776287141974, -2.204454775292593, 225.30945821229722, 6.178389645357607, 4.639203678887133, 15.0, 0.0
39, 0 ,1.0,1.0,1.0,199.82546887515997,175.04254633508577,190.52043531502335,14.455185433875497,12.415843672950164,14.250101506695405,76.0,65.0,67.0,-0.9597136554094206,-0.26962163473564327,-0.07908143715921903,14.613830013092825,0.09169750651125969,-0.03450157218663852,-0.9951890317001425,14.254131171675114,0.2655960596852024,-0.9623480740351327,0.05783526156735895,12.224020201189663,77.04389469228377,67.80072956418266,63.09449169691818,22.878816518504177,6.5368729299764015,108611.0,329582.42279911955, 0.0, 0.0,0.0,NaN, 193.99762110941649,193.99762110941649,0.0, 208.95238592772634, 16.426094118716097, -0.03761707532782363, 16.426094118716097, 154.15317411113662, 3.2132018709824215, -0.03761707532782363, 3.2132018709824215, 203.06539295112265, 6.618089965317399, 4.834576634960205, 33.0, 0.0
40, 0 ,1.0,1.0,1.0,104.92905177892231,216.14152652495991,275.94028208557415,14.104620623774727,14.362640303254375,12.613578888026852,73.0,69.0,54.0,0.5713077431444504,-0.8106655840356352,0.1281747770950138,14.532461275201392,0.7798346157445686,0.5848618495865712,0.2231470120451893,14.034567201693218,-0.2558621400475566,-0.027530487796928824,0.9663211875623694,12.49666453625462,70.55796475781071,64.48618662412855,57.33025021118402,22.80135999567059,6.665291751571487,105429.0,260853.44585374347, 0.0, 0.0,0.0,NaN, 136.45958928162398,136.45958928162398,0.0, 198.94032294061134, -6.87481036141195, 11.129739540355185, -6.87481036141195, 206.28543648066693, -0.3924247502950045, 11.129739540355185, -0.3924247502950045, 159.10237236447674, 5.38568700085751, 4.375993668426794, 22.0, 0.0
41, 0 ,1.0,1.0,1.0,175.611638452237,280.20149133413946,173.3727932285369,13.304207087045908,11.388268260053987,15.999959108457746,71.0,49.0,75.0,0.29091978012670455,-0.10064462757494314,0.9514390892071498,16.271335762986087,0.9188716047769349,-0.24764666364936952,-0.3071581089894851,13.135759971909929,-0.2665345295936163,-0.9636087322786346,-0.02043417751397842,11.19771021677264,77.66847300189858,71.63399207537779,55.27327608009165,22.69480572232598,6.902105829114445,99240.0,307524.07976024185, 0.0, 0.0,0.0,NaN, 178.60261736232206,178.60261736232206,1.9073486328125E-6, 177.00192621500258, -14.812014535376976, 25.265677386346535, -14.812014535376976, 129.69265396295307, -9.758196023759039, 25.265677386346535, -9.758196023759039, 255.99869147232002, 6.623815073444388, 4.929055297464644, 29.0, 0.0
42, 0 ,1.0,1.0,1.0,240.57001073504688,94.01025905896174,186.56832958619432,13.419764844096886,12.266390150053745,13.716605714561954,65.0,61.0,71.0,0.6288561321965644,-0.3281716420070715,0.7048711501977927,14.105645211533705,0.6601684930750542,-0.25355928689209356,-0.707025635165929,13.330000065286235,-0.4107523898284579,-0.9099511313324226,-0.057196265936293504,11.918118959750029,64.94476986932045,65.12762124481914,60.20714784358023,21.940516787277566,6.108470448490988,98742.0,254658.07533000698, 0.0, 1.4210854715202004E-14,0.0,70.8421608813377, 158.86030430926343,158.86030430926343,NaN, 180.09008847085872, -17.715393863549586, 8.595290125484937, -17.715393863549586, 150.46432731333553, -6.7778323091574295, 8.595290125484937, -6.7778323091574295, 188.14527232875366, 6.749479740645898, 4.751905321359875, 19.0, 0.0
43, 0 ,1.0,1.0,1.0,118.37199515924968,169.50978234959751,271.7973944294699,14.425062668641763,12.41789658307322,14.473705831965265,69.0,60.0,63.0,-0.7539475799746637,-0.08062017190064545,-0.6519688907709166,14.544941979624006,0.6225824241489291,0.22903778254495313,-0.7482865890203666,14.473889200785548,0.20965250246823286,-0.9700732354052457,-0.12248977981532336,12.27704945274572,71.17792222107232,75.14974507666881,57.04897807368843,22.9691359765595,6.647822315821741,109074.0,305155.1383189211, 1.4210854715202004E-14, 0.0,0.0,41.06650358828312, 178.42368985478845,178.42368985478845,0.0, 208.08243299424223, 12.07736565235595, 2.522679291345936, 12.07736565235595, 154.20415554790156, -6.874620164807754, 2.522679291345936, -6.874620164807754, 209.48816051026535, 6.069699896011013, 4.535442302722537, 17.0, 0.0
44, 0 ,1.0,1.0,1.0,91.90659275100272,268.20572173322444,42.05670334915055,12.120391823695535,15.53090844935454,14.045474516322098,61.0,64.0,65.0,0.19157799256431685,0.8484252870113634,-0.4934292301077353,16.100963596540364,0.4275493029492581,-0.524674778568405,-0.7361507795837744,14.001148222819383,-0.8834588084979573,-0.0699350348100348,-0.46325978089349484,11.406804518195049,81.43540031714608,68.99577309359404,57.64876836786547,23.199626878415874,6.8677275945614396,108953.0,323911.04270970286, 0.0, 0.0,0.0,NaN, 105.95501034968697,105.95501034968697,0.0, 146.90389795990555, 6.201285233807467, -32.95304333075446, 6.201285233807467, 241.2091172622322, -28.597211172412454, -32.95304333075446, -28.597211172412454, 197.27535438865348, 6.899992431894972, 4.658509306789985, 15.0, 0.0
45, 0 ,1.0,1.0,1.0,50.84754605397322,187.03588301271157,47.80337842430834,15.77794293860269,11.587821661241284,14.964035402340203,75.0,60.0,73.0,-0.9814470472062542,-0.19128550920663764,0.013097614198077805,15.92247271525021,-0.005619382942228704,0.09697961939551736,0.9952705039120014,14.993559726549448,-0.19165102677907295,0.9767316967261064,-0.09625526762244813,11.349514487744981,74.55303419952727,72.4622376561627,59.85092274032911,23.65693815955616,6.891496692596593,117688.0,323331.42387825897, 0.0, 0.0,0.0,NaN, 132.78376276942276,132.78376276942276,0.0, 248.94348337380248, 23.361003781303825, -2.1400294364001526, 23.361003781303825, 134.2776108527327, 8.953107648308476, -2.1400294364001526, 8.953107648308476, 223.9223555224909, 6.7142930660371745, 4.744123155362054, 26.0, 0.0
46, 0 ,1.0,1.0,1.0,280.09451434227304,235.02864647772046,50.98319279745703,12.071214688351077,13.375266918380628,16.466424056679596,49.0,61.0,80.0,0.30846377783322537,0.024643743104116086,0.9509168121821556,16.910616210977725,0.01897065335660526,-0.9996249112546545,0.019752243172553648,13.373090119760553,0.9510469031946208,0.011946661665189566,-0.30881558444965085,11.443191443752333,90.3247051016929,60.67458322041804,59.89231504953656,23.264564152869188,7.383438574377116,105074.0,328234.6721006348, 0.0, 0.0,0.0,NaN, 84.95169854458281,84.95169854458281,NaN, 145.71422405226278, 0.27021443772730136, 45.4896160070851, 0.27021443772730136, 178.89776513792722, 2.6871784616520316, 45.4896160070851, 2.6871784616520316, 271.14312121439656, 6.217981045844633, 4.527480693410372, 14.0, 0.0
47, 0 ,1.0,1.0,1.0,187.32529068118654,67.15437581532528,61.81946571379956,11.987116126522952,12.926819893539866,13.50666550297618,59.0,64.0,73.0,0.06299937616398392,0.37233070718877426,0.9259594608228027,13.61081816477424,-0.21771638039313895,-0.9003294111009771,0.3768375368976357,12.866396253502229,-0.9739767226743453,0.22533707194084662,-0.024342302636909046,11.934199383845021,69.72816090926094,65.14436856371186,57.832038159536836,21.33931520405248,6.152825791633055,88155.0,262696.07742296765, -2.8421709430404007E-14, 0.0,0.0,86.38800965724229, 145.0067124389926,145.0067124389926,0.0, 143.69095303074664, 5.53634075344259, 0.6016675309521611, 5.53634075344259, 167.10267256001802, 6.922169940455086, 0.6016675309521611, 6.922169940455086, 182.43001300928677, 5.9559688211673985, 4.532801560465278, 29.0, 0.0
48, 0 ,1.0,1.0,1.0,230.99622663827773,242.47660279157796,286.3061864206293,17.91550027716114,14.94239816220907,7.915822634648168,98.0,75.0,33.0,-0.9580845138794516,-0.2864650877911718,0.003437694164920468,18.182345274350958,-0.2843357468039923,0.9522933184092067,0.11086306329250574,14.681567864405652,-0.03503209034287397,0.10523872476412088,-0.9938297457091082,7.794520278329949,106.21028113520663,77.7228595616017,35.766876220856204,23.32442860085717,7.929167134425965,84540.0,295254.37447923, 0.0, 0.0,0.0,NaN, 90.87344218692492,90.87344218692492,0.0, 320.9651501809609, 32.14684216099486, -5.768220091457555, 32.14684216099486, 223.27526283798898, 16.07649795055628, -5.768220091457555, 16.07649795055628, 62.66024798320827, 6.951197779706347, 5.195089358530823, 18.0, 0.0
49, 0 ,1.0,1.0,1.0,80.84244791666667,280.08402862055016,121.22548796521036,11.979400462957928,11.739750176003446,13.475769604876245,61.0,49.0,63.0,-0.3546149031924298,0.3008743771930805,0.8852812432117259,13.872408456118434,0.7159214138558218,-0.5216367713543238,0.4640599184951418,11.93103925840543,-0.6014189884070044,-0.7983543623728205,0.030422236337634915,11.319484172505307,70.30929680007662,60.99614747931727,57.566417022919524,20.65605844496035,6.0209123568578145,79104.0,246879.11940966354, 0.0, 0.0,0.0,NaN, 147.06381687399994,147.06381687399994,0.0, 143.50603545191663, -12.17193506399255, -15.466054099534361, -12.17193506399255, 137.82173419497292, 13.688311355876337, -15.466054099534361, 13.688311355876337, 181.59636644370647, 6.803112243131499, 4.803311652160984, 18.0, 0.0
