// Sample: .//bubblelabels.tif, Map: .//bubblelabels.tif, Thickness:(8.191250068658265):/gpfs/home/mader/Foam/NewValid/InSilicoTest/LatticeDataPhi_16.0/out_Step_02000.vtk/distmap.tif, Neighbors:(1.0):
//LACUNA_NUMBER, TRIANGLES, SCALE_X, SCALE_Y, SCALE_Z, POS_X, POS_Y, POS_Z , STD_X, STD_Y, STD_Z,PROJ_X, PROJ_Y, PROJ_Z, PCA1_X, PCA1_Y, PCA1_Z, PCA1_S, PCA2_X, PCA2_Y, PCA2_Z, PCA2_S, PCA3_X, PCA3_Y, PCA3_Z, PCA3_S,PROJ_PCA1, PROJ_PCA2, PROJ_PCA3,OBJ_RADIUS, OBJ_RADIUS_STD, VOLUME, VOLUME_BOX, Mask_Grad_X,Mask_Grad_Y,Mask_Grad_Z,Mask_Angle, Mask_Distance_Mean,Mask_Distance_COV, Mask_Distance_STD, SHAPET_XX, SHAPET_XY, SHAPET_XZ, SHAPET_YX, SHAPET_YY, SHAPET_YZ, SHAPET_ZX, SHAPET_ZY, SHAPET_ZZ, Thickness, Thickness_STD, Neighbors, Neighbors_STD
1, 0 ,1.0,1.0,1.0,170.29687928323065,61.920257967710754,167.6180259987592,12.919461966779458,12.188428104425704,10.931598782759352,59.0,59.0,59.0,-0.84845599783971,-0.5292059793932261,-0.00796562014398015,13.364636200131466,-0.5286799706443909,0.8481286769674801,-0.03428171443841896,11.699614700894651,0.02489795913860179,-0.02487526240762095,-0.9993804645633637,10.93049148958025,68.13663783507161,58.45011601497171,58.78925248219218,19.97647957575437,5.992528087086695,69311.0,234133.74691211834, 0.0, 0.0,0.0,NaN, 75.92750468255791,75.92750468255791,0.0, 166.91249751106096, 18.74901316960386, 0.7151372657087003, 18.74901316960386, 148.55777965675435, -0.2567726667468606, 0.7151372657087003, -0.2567726667468606, 119.49985194722574, 5.961161348419714, 4.241047697830113, 27.0, 0.0
2, 0 ,1.0,1.0,1.0,41.79397638317633,8.960329043385963,26.20055725089558,13.985927490732195,5.919686466170672,12.071264869071467,72.0,23.0,55.0,0.8694587239013666,-0.025249203613745785,0.49335991441206367,14.82587525897792,-0.48850345618510765,0.10469537502550391,0.8662581900008067,11.072725325565052,0.07352483068332656,0.9941837637806912,-0.07869398393681332,5.826874620487241,77.94568387489986,54.073888659525,25.357568079677964,18.218372749319148,6.667472200161036,37685.0,106877.74310526393, -7.105427357601002E-15, 1.7763568394002505E-15,0.0,67.44062939166493, 50.13475001175037,50.13475001175037,0.0, 195.60616777601857, -8.614143699274294, 42.20804369101622, -8.614143699274294, 35.04268785776422, 5.7250320575847455, 42.20804369101622, 5.7250320575847455, 145.71543553927896, 6.241611679265872, 4.247733867362581, 16.0, 0.0
3, 0 ,1.0,1.0,1.0,170.26709608583116,40.287862322420025,11.98958724387979,14.745766178248964,11.241398182259053,8.255368178439975,65.0,60.0,31.0,0.9307870937529794,0.36038548240600576,0.06130000141822095,15.297906000994455,0.3630809812635308,-0.9308827917055121,-0.04036618821816378,10.510791961183967,0.042515728237850825,0.05982919168385395,-0.9973028029013367,8.213104246917599,73.55858204028806,62.90719112303521,34.104857010205976,19.150209385643727,6.725119889138476,50611.0,157815.5800220443, 0.0, 0.0,0.0,NaN, 51.48696561226028,51.48696561226028,0.0, 217.43762018359104, 41.334169985290025, 8.873540527498832, 41.334169985290025, 126.36903309209711, 5.296411915273562, 8.873540527498832, 5.296411915273562, 68.15110376159936, 6.161107370097622, 4.070013400930119, 14.0, 0.0
4, 0 ,1.0,1.0,1.0,9.52988092563469,30.117913577473228,135.10877705384559,6.228296864520424,10.475849218111662,10.446880398824712,24.0,53.0,55.0,0.047422675023531036,-0.7107296894273714,0.701864943176452,11.492528403020597,-0.009382937242092939,-0.7029414532228649,-0.7111858222923437,9.328293409604559,-0.9988308417256265,-0.02714077941766277,0.04000409616874581,6.211049968455145,63.587586903442826,43.98010255963665,26.086228707673353,15.223047305041469,5.092272526976074,26706.0,72952.44965217823, -1.7763568394002505E-15, 0.0,0.0,87.28186140977975, 72.17186546130313,72.17186546130313,0.0, 38.79168183259495, -2.8319327130536944, 3.435358942223861, -2.8319327130536944, 109.74341684061072, -22.425542535106594, 3.435358942223861, -22.425542535106594, 109.13731006734797, 6.2100465994559535, 4.115259390088172, 12.0, 0.0
5, 0 ,1.0,1.0,1.0,59.15572900700356,74.1441743108449,142.30775579503384,9.773159435750967,9.96623454830344,10.548054511826388,49.0,56.0,55.0,-0.5956371093659654,0.39017940344207747,0.702122829051827,11.439555046667394,0.1742385268076679,-0.7905262031592081,0.5871194579424014,10.01798256452316,-0.7841284140509449,-0.472046984153347,-0.40288245808136064,8.653238473776325,56.056414209516404,54.145960169702164,48.399528101192516,16.796373077403924,4.897323948603905,42407.0,146903.62083791968, 0.0, 0.0,0.0,NaN, 111.0187096844151,111.0187096844151,1.9073486328125E-6, 95.51464535660816, -16.5210018899901, -20.806739907807682, -16.5210018899901, 99.32583107179707, 3.510490746083449, -20.806739907807682, 3.510490746083449, 111.26145398446101, 5.960948864807514, 3.8629192889316144, 21.0, 0.0
6, 0 ,1.0,1.0,1.0,28.888038245520193,106.84340732816261,174.05385798341803,12.153753670056311,12.148125082925537,9.992304866855314,58.0,57.0,49.0,-0.7157975913644724,0.6973797386719482,0.035990391588105984,12.53677383491406,-0.6890639155061075,-0.7137417154724282,0.12555351027298295,11.78221360652522,0.1132463180161378,0.06507122009245735,0.9914338141154291,9.957186962060037,65.51255860529966,59.88019878622306,48.900586454953014,19.03816601433792,5.7170851546470915,59824.0,191832.3566855506, 0.0, 0.0,0.0,NaN, 100.92508012107747,100.92508012107747,0.0, 147.71372827240725, -9.4524414568729, -4.927291040837556, -9.4524414568729, 147.57694303040458, -2.099014750122715, -4.927291040837556, -2.099014750122715, 99.84615655218039, 6.0424990168647845, 3.746010667598065, 25.0, 0.0
7, 0 ,1.0,1.0,1.0,135.79658147662735,16.38703218290374,180.1807011795544,13.690936663481954,9.897851777757404,9.711559466734197,65.0,41.0,40.0,0.9673582170363546,0.2483587069221915,0.05035903720466716,13.92843660729069,-0.07681639558761585,0.09801112835791491,0.9922162365567975,9.700153227991125,-0.2414897954390023,0.9636969292334312,-0.11388989105659775,9.572318676476575,70.77884017076967,41.314703667413994,45.09040945082108,18.602127451066277,5.8038313300921995,54936.0,131853.68227259774, 0.0, 0.0,0.0,NaN, 69.16226123822868,69.16226123822868,0.0, 187.4417467234744, 24.576526952161, 4.799299834016315, 24.576526952161, 97.96746981445543, 1.5199674443045308, 4.799299834016315, 1.5199674443045308, 94.3143872759146, 6.105081097484481, 3.951212257213436, 14.0, 0.0
8, 0 ,1.0,1.0,1.0,185.16670552576358,155.23558975156084,91.13460791171214,8.379088269527433,10.744071882413717,10.264122364026212,32.0,55.0,52.0,0.1938470795183248,0.8173308594976996,0.5425804787079682,11.331898659856025,-0.20551197373189267,-0.5069675436641087,0.8371073636780423,9.79452908285145,-0.9592643735775025,0.2737776027799424,-0.06969710037749016,8.164048110749878,54.559216850486195,48.38899591227428,38.287524933210946,16.360141959560035,4.831372870080852,38601.0,101081.58212404, 0.0, 0.0,0.0,NaN, 102.61284426947478,102.61284426947478,0.0, 70.20912022853221, 12.83585865518269, 1.458402582527196, 12.83585865518269, 115.43508061447302, 14.962173924273664, 1.458402582527196, 14.962173924273664, 105.35220790370305, 6.162994605284744, 4.069930202639773, 18.0, 0.0
9, 0 ,1.0,1.0,1.0,79.30733284429593,146.66433015459015,44.86665579916863,9.63547221743847,8.898606850282428,10.396731957288756,45.0,40.0,48.0,-0.5874349347686887,-0.09973214318102197,0.8031025445295431,11.233455101636059,0.11626054692674498,-0.9924834701135659,-0.03821055848360616,8.87304440986785,0.8008768211414292,0.07092292413497307,0.5946143760375664,8.671685735811177,54.042455330586435,40.67252035286796,42.54833012744891,16.085376696755695,4.623875067958385,36807.0,93523.05342674228, -1.4210854715202004E-14, 0.0,0.0,54.02480610423907, 105.58107559281433,105.58107559281433,0.0, 92.84232485302863, 2.5798108319416486, -24.07239412068864, 2.5798108319416486, 79.18520387589336, -3.950266731906219, -24.07239412068864, -3.950266731906219, 108.09203539170929, 5.984981367727116, 3.9426459898230712, 14.0, 0.0
10, 0 ,1.0,1.0,1.0,153.21676429004242,10.740820036356292,87.34191072510603,9.461580441789957,6.823596297048556,9.598411947907334,47.0,26.0,46.0,-0.6061369360432955,-0.04136734133306376,0.7942838018209109,9.762601667136016,0.7896173510519509,0.08849376260714693,0.6071847271607962,9.313675893816653,0.09540678006172552,-0.9952173617108293,0.02097496764216312,6.794080720528636,47.85885047320114,49.158999123944426,27.90759796022507,14.405136876805441,4.550221353274572,24755.0,65658.01562800168, 0.0, 0.0,0.0,NaN, 99.66265964572305,99.66265964572305,0.0, 89.52150445646224, 4.068299724698538, -4.204229163842425, 4.068299724698538, 46.56146642509476, 0.5658129352567578, -4.204229163842425, 0.5658129352567578, 92.12951192173027, 6.32739649971575, 4.0580085895806475, 15.0, 0.0
11, 0 ,1.0,1.0,1.0,98.98477075617106,90.86539832984425,12.918677678345487,11.225953715091277,11.378706842955609,8.363337937894324,59.0,54.0,33.0,0.5943540742491262,0.7988976977046833,0.09222636838573682,11.550264109977686,0.7981519650293228,-0.600032050832522,0.05399054263061878,11.081076727394626,-0.09847169716875721,-0.04152115817116464,0.9942732613727627,8.321271852672133,57.63080045308669,59.09681548796902,36.29540962797279,17.239658687856167,5.313811816477671,43469.0,123614.78926876797, 0.0, 0.0,0.0,NaN, 134.98665744528228,134.98665744528228,0.0, 126.02203681337164, 4.822951843712909, 5.824683443904222, 4.822951843712909, 129.4749694179248, 2.9929417077914597, 5.824683443904222, 2.9929417077914597, 69.94542146342248, 6.1235764511484065, 3.849457969389487, 12.0, 0.0
12, 0 ,1.0,1.0,1.0,154.64514163874506,9.84431160523911,39.880520865062444,10.232614208757893,6.251811769546173,9.696139364891716,47.0,24.0,48.0,-0.9726878970843956,0.01190896766375833,0.23181119764739627,10.26449904478258,-0.23181495288821835,0.001083146789070697,-0.9727592993184215,9.662868924585313,-0.011835644594605373,-0.9999284990849182,0.0017071130054265612,6.251054793909076,53.0096589990097,49.48180782946635,24.32808906012494,14.726890942925166,4.5744229893731045,26264.0,63812.912351781924, 0.0, 0.0,0.0,NaN, 61.19174447929414,61.19174447929414,NaN, 104.7063935452739, -0.7814504964655262, -2.7021605824557757, -0.7814504964655262, 39.085150401836046, 0.1257786253899638, -2.7021605824557757, 0.1257786253899638, 94.01511858340271, 5.839817081681619, 3.8750005081111913, 13.0, 0.0
13, 0 ,1.0,1.0,1.0,188.57376608411752,59.11407720376416,92.9135010562704,6.971215977719202,9.49918818502758,9.61336532891251,28.0,46.0,54.0,0.1622527245787736,-0.6299241334123957,0.759519347687343,9.835141150971799,0.05130096060967423,-0.7632926713467251,-0.6440128176588611,9.345119442846693,-0.9854147679060271,-0.14345690646679696,0.09153060242174407,6.869349493882372,51.97044438015672,45.20066905108615,29.877240280540775,14.543195577670982,4.4434990400945145,26035.0,70184.59098930955, 0.0, 0.0,0.0,NaN, 110.71563405267847,110.71563405267847,0.0, 48.597852208007495, -6.635455550982493, 4.778994477489218, -6.635455550982493, 90.23457617456755, -3.9696215915929653, 4.778994477489218, -3.9696215915929653, 92.41679294713714, 6.14580767172322, 3.943593571344921, 11.0, 0.0
14, 0 ,1.0,1.0,1.0,71.8593233211652,187.39422299532058,26.03150648014308,11.079907225867133,7.369003744000858,12.739369392361457,54.0,29.0,55.0,-0.40964148437717063,0.04839025338009285,0.9109622591826068,13.127904614629774,0.9079145298048146,-0.0755764138162491,0.41228559548446236,10.645776219736637,-0.08879786510142544,-0.9959651545372886,0.012974979805131254,7.326913534117183,60.934482123313536,52.05910794277892,31.00116326421042,17.521154404527287,5.689221489859291,40817.0,98341.728351801, 0.0, -2.8421709430404007E-14,0.0,87.22635952560837, 77.46165045810213,77.46165045810213,0.0, 122.76434413382272, -6.445044260011007, -21.951664497415834, -6.445044260011007, 54.30221617909865, 3.3720515772354482, -21.951664497415834, 3.3720515772354482, 162.29153251503593, 5.601239380608945, 3.7091188940552464, 12.0, 0.0
15, 0 ,1.0,1.0,1.0,185.4936842105263,149.0841052631579,34.209552631578944,8.4711561446234,11.62499032209995,9.116812595700614,36.0,57.0,48.0,-0.19968815355042896,0.9798004006288938,-0.010761796275689905,11.742784308114606,-0.004301323035792129,-0.011859418647081038,-0.9999204232385169,9.116498123682392,-0.9798500599335401,-0.19962597305163574,0.006582623445520561,8.307444671776413,59.34805618353299,48.16221217650795,40.690833923783686,16.305379041934614,4.914445301300692,38000.0,116307.98083459833, 0.0, 0.0,0.0,NaN, 63.032967769968494,63.032967769968494,9.5367431640625E-7, 71.76048642659079, -13.475837229916895, 0.20865243767310493, -13.475837229916895, 135.14039998891752, -0.559124479224354, 0.20865243767310493, -0.559124479224354, 83.11627190512536, 5.967073287226651, 3.9116133988546387, 17.0, 0.0
16, 0 ,1.0,1.0,1.0,152.46607531238007,110.03944731118598,10.151520320695978,10.305709744067574,9.503294959625727,5.828137818039112,58.0,49.0,24.0,0.9303639811206648,0.36214501119382925,0.057217597823818835,10.45627902713153,0.36194370452081,-0.932091669452955,0.014208254437317307,9.351199415289143,-0.05847749473993815,-0.007490701157056954,0.9982606232868828,5.805924323218497,52.61208363993131,43.90539804390269,24.759263384738787,14.505605864862826,4.480497443133878,23449.0,57192.77123174751, 0.0, 0.0,0.0,NaN, 102.25178923181106,102.25178923181106,NaN, 106.20765332896934, 7.351395809460923, 4.302103902729914, 7.351395809460923, 90.31261508964774, 0.8553816240929876, 4.302103902729914, 0.8553816240929876, 33.967190426057705, 6.075153668495713, 3.9426114516862163, 17.0, 0.0
17, 0 ,1.0,1.0,1.0,11.426451477677636,46.70031439949696,14.440159295745127,7.042764568360687,9.2899328604994,8.793168990338282,27.0,46.0,38.0,-0.18026083494405776,-0.8592988131663448,0.4786560153974693,9.562835401768574,0.040048362249420696,-0.49263577030223404,-0.8693135950276307,8.580357089296715,-0.9828032153317422,0.13753380497039913,-0.12321644542817287,6.939226002186937,48.79987811137263,40.95613729813513,29.836715038982035,13.987324290061759,4.192608426178834,23855.0,59633.28501841188, 0.0, 0.0,0.0,NaN, 50.19961512671267,50.19961512671267,0.0, 49.6005327653567, 6.2038022055718764, -4.622332446682673, 6.2038022055718764, 86.30285255258657, -6.900075505961898, -4.622332446682673, -6.900075505961898, 77.31982089264677, 7.243001819737576, 4.148782084351939, 10.0, 0.0
18, 0 ,1.0,1.0,1.0,62.12919370806292,12.038719612803872,104.92885821141789,10.580815860897724,7.341054887802142,11.93654730161538,50.0,28.0,56.0,0.3392029673881156,0.149018351457198,0.9288352264228976,12.272882889449482,-0.9338354066042489,0.1725186556268719,0.3133508366559353,10.381158498062783,-0.11354637945515841,-0.9736687549622183,0.19767745274297077,7.066385671020724,60.15287948414736,55.20258070461119,34.98037548634642,16.68880030988326,5.459840368408103,36364.0,116155.63140593527, 0.0, 0.0,0.0,NaN, 114.20809726860175,114.20809726860175,0.0, 111.95366428222486, -4.227777602600209, 14.800248160894323, -4.227777602600209, 53.89108686572372, 17.063308976964183, 14.800248160894323, 17.063308976964183, 142.4811614837014, 5.587715783620835, 3.695828465556651, 17.0, 0.0
19, 0 ,1.0,1.0,1.0,191.65792367755415,134.60706037611348,118.60007698229407,4.866077041474464,9.650114727574321,9.689534342095483,19.0,46.0,46.0,0.024259147198406522,0.7002697054619605,0.7134660702440063,10.721552540804687,0.015420683122459328,-0.713853312349492,0.7001254537436101,8.492666854580165,-0.9995867627721182,0.005982312251858198,0.028116109810543213,4.859363806861908,49.036270281013,45.523385249140205,19.87332111194644,13.801579040658783,4.4952098705183134,18186.0,44363.15555896823, 0.0, 0.0,0.0,NaN, 104.74623743749095,104.74623743749095,0.0, 23.678705773564868, 1.0176246893105767, 2.1046452714644213, 1.0176246893105767, 93.12471425534682, 21.388658864811998, 2.1046452714644213, 21.388658864811998, 93.88707576664774, 6.175439661196863, 3.845178998081734, 8.0, 0.0
20, 0 ,1.0,1.0,1.0,11.619391411305417,153.42954168672122,188.0980801112359,7.323370547278712,10.035137799274224,6.081228689608232,29.0,60.0,23.0,0.0880307270095047,0.9956881680170144,0.02925172085708677,10.056090255338013,0.9943893019844448,-0.0895692621578208,0.05627844503353323,7.3019075346118045,-0.05865583688830072,-0.024133365853655997,0.9979865096540669,6.0724199732035276,60.76868264871605,31.101890188882827,24.361106168656818,13.153853474936703,4.277058330018746,18699.0,46042.999675875704, 0.0, 0.0,2.8421709430404007E-14,88.32376074404723, 49.451729406730685,49.451729406730685,0.0, 53.6317561727493, 4.1670703344775015, 1.085674963990898, 4.1670703344775015, 100.70399065042231, 1.7884496789429079, 1.085674963990898, 1.7884496789429079, 36.981342375314256, 6.173880037757647, 4.0647110531981845, 8.0, 0.0
21, 0 ,1.0,1.0,1.0,8.502983063895304,19.154878752886837,55.21218244803695,5.359927328841333,10.353658813776317,9.615961647624882,21.0,42.0,45.0,0.005415490822487521,0.9462539915863122,0.32337912094958016,10.446682725121528,-0.05931548321941543,0.32311842696352805,-0.944497832505222,9.526445010089722,-0.998224596926763,-0.014066469478402774,0.05787735763504036,5.339237372652102,45.19125432222761,44.219713541619896,21.851146240699073,14.36080039914608,4.707568598229972,20784.0,43666.113991222584, 0.0, 0.0,0.0,NaN, 59.055865006771384,59.055865006771384,NaN, 28.728820970460184, -0.7798355697978577, 3.6284086166388234, -0.7798355697978577, 107.19825083208802, 5.674941527125132, 3.6284086166388234, 5.674941527125132, 92.46671840859263, 5.513808307696056, 3.7769364948721735, 11.0, 0.0
22, 0 ,1.0,1.0,1.0,101.09138673347766,18.641580112378684,103.12962467466129,9.811536398770544,9.963070243352774,10.75820865853736,45.0,41.0,52.0,-0.5658842761244188,0.26858724153159497,0.7795100254144207,11.74951880126724,-0.03785696510845879,-0.9529183860779552,0.30085444930624144,9.83244264430139,0.823615101991166,0.14073891843066558,0.5494094289426121,8.748711236759398,59.75585926219078,48.234217095766475,46.36898725469685,16.86893429314798,5.167893626271639,41111.0,133648.26957636568, 0.0, 0.0,1.4210854715202004E-14,38.7842643414504, 139.69356428649354,139.69356428649354,0.0, 96.26624650439926, -8.622617218802956, -27.362725302298138, -8.622617218802956, 99.26276867398153, 7.105325085284611, -27.362725302298138, 7.105325085284611, 115.73905354062822, 5.384791111602348, 3.3788703113982064, 19.0, 0.0
23, 0 ,1.0,1.0,1.0,121.96415727158848,10.076655756253283,144.40619064937164,9.335464389147877,6.519958832428492,10.236881929094894,42.0,26.0,48.0,2.4534556368413507E-4,0.10196729310143929,0.9947877215482304,10.269107069797217,0.9767387394041475,0.2132905758723016,-0.02210351083557373,9.457531290198787,0.21443268116765868,-0.9716531281180677,0.09954307542778723,6.289280726107854,48.66555350771853,43.07011896358503,29.744772873106577,14.590164801226058,4.6456002024361,24747.0,62345.971354487716, 0.0, 0.0,0.0,NaN, 96.34211633381022,96.34211633381022,0.0, 87.15089536104814, 10.395158752810287, -1.0610057337861982, 10.395158752810287, 42.509863176562305, 6.449365835783827, -1.0610057337861982, 6.449365835783827, 104.79375163022961, 5.878963395901996, 3.7209594400183414, 9.0, 0.0
24, 0 ,1.0,1.0,1.0,57.49874268705737,149.88971569331827,20.92556194190701,8.759348517532857,10.274950979162208,11.225926556643678,40.0,49.0,46.0,-0.37583071755620606,0.20316902939739873,0.9041424761811082,11.809855214968586,0.2594329642091367,0.959723768582462,-0.10781848217971805,10.285602094315003,-0.8896324009515657,0.19404286513962948,-0.4134024161341532,7.940777070907568,53.871160879228455,45.76379006500122,44.427910626373006,16.780284808234185,5.1714865256989695,38972.0,109530.28268913033, 0.0, 0.0,0.0,NaN, 79.08871693530939,79.08871693530939,0.0, 76.72618645160505, 4.806029869367031, -27.162197153465243, 4.806029869367031, 105.57461762418643, 9.614955999854164, -27.162197153465243, 9.614955999854164, 126.0214270551578, 5.456286334158991, 3.65249623499892, 12.0, 0.0
25, 0 ,1.0,1.0,1.0,139.66782072951312,36.362275775584756,35.4070661359795,8.742250878789875,8.98090092105194,11.091504561271,39.0,44.0,56.0,0.2229074306980546,0.41416003448788935,0.882487248164291,11.70923351180019,-0.8178506445634907,-0.41318839114752504,0.40049429035630935,8.706531483421735,-0.5305022153833816,0.8110159180027919,-0.24661828849340012,8.197265721475112,57.570316233960256,41.70735617935185,41.451673649887624,16.0343431696445,4.796336553267491,36682.0,99529.84923393234, 0.0, 0.0,0.0,NaN, 78.84064489502525,78.84064489502525,0.0, 76.42695042770235, 9.363184404489944, 10.932721794528874, 9.363184404489944, 80.65658135375159, 24.127296715527393, 10.932721794528874, 24.127296715527393, 123.0214734326954, 5.486458304758245, 3.5277235364706367, 16.0, 0.0
26, 0 ,1.0,1.0,1.0,70.86722153949279,62.87222098089599,46.91743939224668,8.996636574065317,10.192873006244804,9.418546891714692,42.0,49.0,51.0,0.4201119720614228,0.8883057679126672,0.1855230272061902,10.528814271773973,0.05163732748026895,-0.2275085593424055,0.972406006684779,9.391692449786557,-0.906001941135535,0.3989394918017386,0.14144880536650944,8.630373009191612,52.144297914742864,49.27164195525839,46.48062470412455,15.868017670890216,4.66360059556886,35804.0,119419.65603242913, 0.0, 0.0,0.0,NaN, 105.71814120066294,105.71814120066294,0.0, 80.93946964580972, 13.412622571309875, 3.5238383105446625, 13.412622571309875, 103.894660121434, 2.958839381620184, 3.5238383105446625, 2.958839381620184, 88.70902555142848, 5.590874583437188, 3.5740710950605252, 23.0, 0.0
27, 0 ,1.0,1.0,1.0,92.16159439806087,126.6970404285244,77.1644372624712,8.967583489874022,8.17899603977337,10.276448461453407,43.0,39.0,46.0,-0.09873423283735247,-0.10510854548043498,0.9895472423957364,10.308567269334757,0.9881391158150804,0.10717291613231232,0.10997751517418074,8.964350605150685,-0.11761224027375007,0.9886688827482548,0.09328022954038048,8.142037946910614,45.64340463361357,44.204748638165455,39.45032032790519,15.3267912461493,4.243629689824712,33417.0,79597.14508818099, 0.0, -1.4210854715202004E-14,0.0,83.96657963646805, 140.78861368009817,140.78861368009817,0.0, 80.41755364786113, 1.9045390575445953, -2.376842960689017, 1.9045390575445953, 66.89597621862848, -3.991867527149076, -2.376842960689017, -3.991867527149076, 105.60539298090809, 5.765989396600616, 3.6244352957103, 19.0, 0.0
28, 0 ,1.0,1.0,1.0,67.51745106205748,190.36897126197417,72.63819241982507,10.135872411287677,5.5996529745744175,10.16928757225583,51.0,23.0,46.0,-0.6942367211520237,0.03998189198360973,0.7186353896918092,10.70732516878598,0.7196596754322804,0.023030171874082146,0.6939449277429406,9.574392569190895,-0.01119493460419189,-0.9989349625960946,0.0447617464175234,5.584856968777637,46.31477863308673,47.47033956050869,23.669302213182164,14.676963391768043,4.700338104594189,24010.0,52038.81347367821, 0.0, 0.0,0.0,NaN, 99.63769322143874,99.63769322143874,0.0, 102.73590953790267, -1.314123238599225, -11.43339869320726, -1.314123238599225, 31.356113435660124, 3.364442038849128, -11.43339869320726, 3.364442038849128, 103.41440972723687, 5.376675183024073, 3.6637724485036776, 15.0, 0.0
29, 0 ,1.0,1.0,1.0,125.95955201505042,74.8258620182839,165.62309297745378,9.005379933007413,9.043653024693807,9.367914419735413,41.0,43.0,44.0,-0.4921247207955663,-0.3556636668603715,0.7945543500965309,9.761314830503244,0.4845455525435901,-0.870185327784817,-0.08940415436799827,8.978572506493135,0.7232073469566752,0.3409997820871219,0.6005749594550396,8.645479562742354,48.6426672726149,43.3128999677377,44.774929660202474,15.282043976098599,4.135393603627573,34019.0,94334.28361177734, 0.0, 0.0,0.0,NaN, 110.73693738327817,110.73693738327817,0.0, 81.0968677378126, 1.1197091665586445, -8.285447075546582, 1.1197091665586445, 81.78766003105343, -5.347476327980436, -8.285447075546582, -5.347476327980436, 87.75782057548668, 5.607763770871904, 3.6360324280765433, 17.0, 0.0
30, 0 ,1.0,1.0,1.0,44.51422120653102,56.65337702029241,171.58944354194773,9.044877426999875,11.457579104111366,8.023464296211106,44.0,53.0,40.0,0.23530520715540607,-0.9684094102813171,0.0825510361179227,11.607025411799874,0.9471375876318673,0.24753485975352993,0.204100179572892,8.917966861187969,-0.21808679368645384,0.030161354170385624,0.9754631941463349,7.950392069676863,50.71566735189872,45.85513437135481,37.6264802557173,15.982173033870128,4.693831167015198,36319.0,87503.15445475493, 0.0, -7.105427357601002E-15,0.0,14.439976226043436, 77.44856832558978,77.44856832558978,0.0, 81.80980766945189, -12.469546772515143, 4.544248256025294, -12.469546772515143, 131.27611892696942, -4.8924941559630835, 4.544248256025294, -4.8924941559630835, 64.37597931257437, 5.475723999600509, 3.5286634541347275, 20.0, 0.0
31, 0 ,1.0,1.0,1.0,188.20656148782783,183.82123080137916,185.93422839828648,6.702989070108042,9.785613988646773,7.786348136311444,27.0,47.0,29.0,0.1386223029600984,-0.8935878267431715,0.4269480682922151,10.376381291200623,0.24280341701059163,-0.3872871813361034,-0.8894128062158297,7.097326099872712,-0.9601199705297352,-0.2269569013472632,-0.1632795367485748,6.578312431035417,54.44117602447996,38.23378079200893,31.428876586522307,13.444182742436954,4.5353579017079655,19142.0,65418.954875174866, 0.0, 0.0,0.0,NaN, 24.46801372147316,24.46801372147316,0.0, 44.930062473987874, -8.64414097736145, 2.27839624454996, -8.64414097736145, 95.75824113479939, -22.122822611067868, 2.27839624454996, -22.122822611067868, 60.627217299840694, 6.12075842092583, 3.832164071783716, 7.0, 0.0
32, 0 ,1.0,1.0,1.0,87.82730547339445,75.7318944563212,97.49049696898703,10.512339745158247,8.615851087867405,9.332847848999089,48.0,43.0,45.0,0.8684105840133567,0.21114291700474905,0.4486443203388475,10.998603443256235,-0.47791898658577253,0.11532586563577431,0.8708004289021612,8.883681887083704,-0.13212304808173794,0.9706279479358119,-0.20105941124828222,8.482637814123597,50.0646415967431,47.77396349276262,42.639668091695995,15.824080736751037,4.63062573474598,34147.0,101984.97653327929, 0.0, 0.0,0.0,NaN, 151.50363831908587,151.50363831908587,0.0, 110.50928691763377, 8.603302826278286, 16.19777610408296, 8.603302826278286, 74.23288996830594, 5.342445888396568, 16.19777610408296, 5.342445888396568, 87.1020489725669, 5.851159414288645, 3.592541339536286, 22.0, 0.0
33, 0 ,1.0,1.0,1.0,142.85084120471964,71.14314791845561,115.77912412937697,9.35451056080817,9.608950210893212,8.070762119648627,47.0,42.0,36.0,0.5276574544139402,0.8136958600432271,-0.24387836753167424,10.084448110824834,-0.8384643347776518,0.45286389333574645,-0.30313669098058704,9.088198533325862,0.13621736345734664,-0.3644356479013868,-0.9212119671559994,7.790028684067003,46.464083322365624,42.05637017426727,39.98877113466487,15.070756774143428,4.224722882540173,31443.0,78142.48507477065, 0.0, 0.0,0.0,NaN, 124.17942574827087,124.17942574827087,0.0, 87.50686783227155, 9.28866087006826, 0.2915145554424711, 9.28866087006826, 92.33192415542472, -11.146354918624775, 0.2915145554424711, -11.146354918624775, 65.13720119195521, 5.597663181442206, 3.5763777917259367, 19.0, 0.0
34, 0 ,1.0,1.0,1.0,146.3432917994784,106.15482468849609,84.0913358446827,9.424014808771753,9.047858477120704,9.592741674087629,43.0,48.0,45.0,-0.8197294574717993,-0.5539915243653741,0.1453857196712208,9.786353047797514,-0.027883452446052327,-0.2149364994619582,-0.9762298982712672,9.6131253804482,0.5720717871322432,-0.8042982606784435,0.16074258376968076,8.632010507835286,47.305681197733236,43.44470551839099,42.022929125552295,15.58785984845334,4.44017075220214,34510.0,86364.74184936177, 0.0, 0.0,0.0,NaN, 136.9573365260366,136.9573365260366,0.0, 88.81205511594929, 9.762439638232042, -2.0465678282225714, 9.762439638232042, 81.86374302200497, 2.04361033271104, -2.0465678282225714, 2.04361033271104, 92.02069282577752, 5.337727420362346, 3.4338362591049374, 20.0, 0.0
35, 0 ,1.0,1.0,1.0,9.027920792079208,98.53366336633664,112.87972277227723,6.050242825800632,9.688604894285545,10.810595678918345,25.0,50.0,58.0,0.015614865298092015,-0.005643782386074832,0.9998621523500634,10.811516674983542,0.03939139001474857,-0.9992042785648765,-0.006255245027266749,9.693189053052016,0.9991018438449751,0.039483634812714524,-0.015380123781939467,6.041247813996638,57.97507348914543,49.54567437316339,26.12004807059146,14.928247908199769,4.948827777675824,25250.0,75027.59470637658, 0.0, 0.0,0.0,NaN, 131.83447528796813,131.83447528796813,0.0, 36.605438251152016, -2.268761690030378, 1.2409819978433505, -2.268761690030378, 93.8690647975738, -0.09450551906687159, 1.2409819978433505, -0.09450551906687159, 116.86897893304797, 5.544051578286851, 3.5246671035522863, 16.0, 0.0
36, 0 ,1.0,1.0,1.0,101.42180259903147,97.06616033167265,171.77936104239976,9.254077775376908,8.426646669397437,8.781169206720548,41.0,41.0,46.0,-0.8741180140852626,-0.33190638724565524,0.35462070943075685,9.518107876674177,-0.24298420350372885,-0.3333611483077338,-0.9109495165192235,8.693387976387067,-0.42056672990061217,0.882444612938674,-0.21074897578925325,8.221063808331051,44.95989453889061,45.7842449474648,41.07342826026834,14.693854991816263,4.224439333228024,28703.0,84547.7965562061, 0.0, 0.0,0.0,NaN, 141.1945641571712,141.1945641571712,0.0, 85.63795547272484, 7.322474893371393, -5.3638199540233575, 7.322474893371393, 71.00837409086692, -0.2820264996522116, -5.3638199540233575, -0.2820264996522116, 77.1089326370572, 5.352475565062231, 3.525929446439386, 15.0, 0.0
37, 0 ,1.0,1.0,1.0,116.81336730934545,38.32549428957387,158.01025420606655,9.204604663867684,8.412707251486003,9.655770270560552,45.0,38.0,47.0,-0.6074692227610807,-0.1427844138386149,0.7814049875466701,10.11801399693162,0.6002727304597945,0.5617526002508355,0.5693036669280883,9.043759988067462,0.5202439739818148,-0.8148905615333807,0.25553782549638454,8.035451939453482,50.42264459613523,43.91370193813677,41.163573214540804,15.179310909572653,4.280281549814488,32572.0,91146.23558491495, 0.0, 0.0,0.0,NaN, 100.75712442695647,100.75712442695647,0.0, 84.72474701809472, 9.08619918292765, -12.060501801587911, 9.08619918292765, 70.77364329920519, 1.289367705614715, -12.060501801587911, 1.289367705614715, 93.23389951784098, 5.2990757107796895, 3.4065882058536796, 13.0, 0.0
38, 0 ,1.0,1.0,1.0,180.9456607495069,160.22633136094674,8.09758382642998,10.231159907101032,9.318903872308347,5.418218780542557,44.0,48.0,21.0,-0.9840728476894979,0.17467312980669011,-0.03301406009290744,10.265825137717675,-0.1721403484883733,-0.9827047238341948,-0.06825779205527213,9.299595501520088,-0.04436587497823471,-0.06148758799542003,0.9971213294579157,5.3857269639047205,46.598789105980714,44.558080225738735,22.55071794597932,14.084028705365922,4.7450851000004555,20280.0,46823.24146480703, 0.0, 0.0,0.0,NaN, 44.83952971551051,44.83952971551051,NaN, 104.67663304467159, -3.406340376737508, 3.156831231593945, -3.406340376737508, 86.84196938132351, 3.414895968278431, 3.156831231593945, 3.414895968278431, 29.35709475382408, 5.812234647527954, 3.6005637903477115, 12.0, 0.0
39, 0 ,1.0,1.0,1.0,55.46207758971674,82.40068632583028,71.89347408829174,10.358533778637824,8.672497821000526,9.175823795439905,52.0,43.0,46.0,0.8706748395375545,-0.15362948498106235,0.4672507946924299,10.924091270131449,-0.224443891704241,0.7212027077855789,0.6553560816528703,8.984262952055502,0.43766455565068124,0.675473637995741,-0.5934518523855911,8.164216554793343,53.525614135686276,40.611512162287596,42.218830320664274,15.666391259804914,4.612089300750718,34386.0,91773.44118840095, 0.0, 0.0,0.0,NaN, 122.61560575236541,122.61560575236541,1.9073486328125E-6, 107.2992220431808, -9.323024051390611, 19.363537201510532, -9.323024051390611, 75.21221845525886, 2.8649367187669164, 19.363537201510532, 2.8649367187669164, 84.1957423249612, 5.227793760275727, 3.3387964180366385, 21.0, 0.0
40, 0 ,1.0,1.0,1.0,154.67389024816498,180.13363625771873,136.6399860188745,9.45574889108762,10.527227721550972,8.742524356353742,47.0,49.0,43.0,-0.02144147170347794,0.9279520639422707,0.37208228971085056,10.838176013373596,0.9944487543177715,-0.018552105150586643,0.10357361840890779,9.46630111313166,0.10301426273590192,0.37223754031500067,-0.92240298961637,8.341973786388321,53.81312907948606,47.320354872926174,42.40243835219199,15.902623270783176,4.875655424829593,34332.0,107975.95902768688, 0.0, 0.0,0.0,NaN, 80.39664175364813,80.39664175364813,0.0, 89.41118709130474, -1.3219972171321372, 1.6803065206605716, -1.3219972171321372, 110.82252350139126, 16.49241943799971, 1.6803065206605716, 16.49241943799971, 76.43173212143843, 5.34550644731648, 3.491491563543803, 17.0, 0.0
41, 0 ,1.0,1.0,1.0,133.67883189217466,137.1987260362495,18.08502323291381,9.287489916533463,8.41056998035598,9.756524680956947,48.0,39.0,38.0,0.420405883638454,0.13746739674087838,0.8968620896411316,9.848052576464145,-0.8134219085771932,-0.3808387088208711,0.4396665515027147,9.384117222159198,-0.4019996164784341,0.914365677777189,0.048287841681462655,8.193847362885831,47.41366781310276,53.118041828572075,41.04872297717048,15.260631268853109,4.3929561197896225,32497.0,103382.07864628965, 0.0, 0.0,0.0,NaN, 93.11050110482441,93.11050110482441,0.0, 86.25746894971076, 8.206237610866774, 3.7703291836760733, 8.206237610866774, 70.73768739446518, 0.17625996128389626, 3.7703291836760733, 0.17625996128389626, 95.18977385012205, 5.339082517664106, 3.3904792121429868, 13.0, 0.0
42, 0 ,1.0,1.0,1.0,15.916581502299438,152.78810040878895,56.90738375063873,9.37543068485089,8.344965356449556,9.289228940005366,38.0,40.0,44.0,-0.8260606937644627,0.35632475931265606,-0.4366421831639179,9.47500474339475,0.5092941510324522,0.1402005942135624,-0.8490955547559405,9.37164835897365,-0.24133627564356808,-0.9237837730134374,-0.29728831590822724,8.137776955349267,54.396554990906274,48.28264272533708,38.369352734477985,15.02841980506666,4.239518815775508,31312.0,100773.62984924477, 0.0, 0.0,0.0,NaN, 75.63564870530558,75.63564870530558,1.3486991523486091E-6, 87.89870052644362, -5.389897858081362, -0.8474359237139477, -5.389897858081362, 69.63844680034326, -6.2362834956091655, -0.8474359237139477, -6.2362834956091655, 86.2897742998332, 5.649875293999309, 3.6658460187097397, 17.0, 0.0
43, 0 ,1.0,1.0,1.0,117.81825342833613,89.42318020695335,63.21321923448745,8.340431671844549,8.73150784394674,8.682951746054867,39.0,41.0,39.0,-0.4121921921502906,-0.7155327410047998,0.5640128485065709,9.304383423283188,-0.5151880406425936,-0.3275278752115597,-0.7920270031622952,8.409843883391273,-0.751451182385911,0.6170400209950397,0.2336294779801075,7.993663471490893,49.92744830169122,41.48123872686651,40.45370466098728,14.340772995387688,3.9418156502686643,27929.0,83781.74220897755, 0.0, 0.0,0.0,NaN, 136.91696649386375,136.91696649386375,0.0, 69.56280047270766, 7.839022619159116, -2.4853986596635314, 7.839022619159116, 76.23922922890345, -7.3791413273802196, -2.4853986596635314, -7.3791413273802196, 75.39365102431725, 5.29247664888596, 3.3864781445881897, 15.0, 0.0
44, 0 ,1.0,1.0,1.0,186.9441193680515,25.04999268578116,177.1091647162083,8.161312975907917,9.196931690299676,9.603367194537427,33.0,48.0,50.0,0.0333849789216214,0.5729639680552067,-0.8189003202422355,10.031404331496088,-0.5513760882046208,0.6939463010596683,0.4630582475259187,9.149949208608147,-0.8335885391118172,-0.4360628653715393,-0.33908601402209093,7.685349705629,50.71878844797192,54.42084947800768,39.2891378167175,14.870385420824968,4.720898316638497,27344.0,108444.28902813503, 0.0, 0.0,0.0,NaN, 36.358609607946505,36.358609607946505,NaN, 66.60702949072294, -8.639321649214674, -7.431728946519691, -8.639321649214674, 84.58355251603847, -11.57885562342947, -7.431728946519691, -11.57885562342947, 92.22466147311764, 5.433492375305604, 3.536547724817948, 8.0, 0.0
45, 0 ,1.0,1.0,1.0,182.0636201588073,94.18003565062389,79.98528601523255,9.429825275144745,8.49871715172998,9.505851671762212,38.0,43.0,44.0,0.6665445900511558,-0.23323461996587727,0.7080394914995275,10.610408912829008,0.586078732196755,0.7509114250967392,-0.3043743604935032,8.471022380313183,-0.46068430528962134,0.6178459708605029,0.6372097983798287,8.195853615408486,54.77401580582659,50.73319357759425,47.62507752726773,15.201942507390584,4.5179594899028555,30855.0,132343.45850855586, 0.0, 0.0,0.0,NaN, 124.85687332261243,124.85687332261243,0.0, 88.92160471975868, -5.040946685535029, 20.6120850284263, -5.040946685535029, 72.22819322510935, -8.546986349525987, 20.6120850284263, -8.546986349525987, 90.36121600554443, 5.503562481549006, 3.3846828543273992, 13.0, 0.0
46, 0 ,1.0,1.0,1.0,29.26595043138979,150.1251579930758,125.89075122272902,9.92312716087215,8.794989545733431,10.654270551385727,58.0,41.0,50.0,-0.4810942457285439,0.39490894896784173,0.7826846419548539,11.460432121696543,0.8352923665671805,-0.06455600886682213,0.5460029158106997,9.525329165043065,-0.2661484343021438,-0.9164493678017901,0.2988069061688775,8.201242261029117,55.426180983576515,51.46355879521796,41.17041327025356,16.246125689794304,5.039560974319288,36394.0,117435.66115046253, 0.0, 0.0,0.0,NaN, 94.00093868786448,94.00093868786448,0.0, 98.46845265083859, -13.44033093957744, -13.424728831257736, -13.44033093957744, 77.35184110956035, 18.97946442217038, -13.424728831257736, 18.97946442217038, 113.51348098212512, 5.4946967897619485, 3.344934899472448, 23.0, 0.0
47, 0 ,1.0,1.0,1.0,17.053305548005195,134.2306484249947,12.398900667451905,9.816009829758356,10.593184787914318,8.08066778609857,41.0,50.0,32.0,-0.31365317973803664,0.9050670768867334,-0.2871850782612556,11.052344135451028,-0.9260367408589408,-0.22469192613633043,0.30326472414129746,9.770116855446297,-0.2099467490092911,-0.36106387892566905,-0.9086007032330423,7.500487353538338,57.14900783886419,50.27868139549052,37.77582119309085,15.796802751761152,4.93232476830817,33111.0,108544.16660031916, 0.0, 0.0,0.0,NaN, 69.0663128773472,69.0663128773472,0.0, 96.35404897791267, -10.550635573377885, -5.072334259854789, -10.550635573377885, 112.2155639508993, -19.799051807475745, -5.072334259854789, -19.799051807475745, 65.29719186929115, 5.638748203047284, 3.4953273903315103, 12.0, 0.0
48, 0 ,1.0,1.0,1.0,179.5876745393993,81.61825903632864,17.853249411836597,9.926816242306646,8.865790114872086,9.352145317809356,45.0,44.0,42.0,-0.749304586220347,0.4961193737189953,0.4386435957469645,10.678385711180002,0.5544994407254716,0.10791556047734827,0.825157319571243,9.154554682267971,-0.36204006312049697,-0.8615217924275227,0.35595953965047045,8.171459128426354,54.22132487500264,44.93600648481858,43.4332151244912,15.572528724383698,4.701370677064537,32729.0,105824.5859012525, 0.0, 0.0,0.0,NaN, 86.00547513613289,86.00547513613289,0.0, 98.54168070852306, -16.547605924554382, -7.738226013237948, -16.547605924554382, 78.60223436096358, 11.800406310962183, -7.738226013237948, 11.800406310962183, 87.46262204542346, 4.632643535548831, 3.2306071223406745, 15.0, 0.0
49, 0 ,1.0,1.0,1.0,150.2889485221861,112.73894474261093,35.86310378713433,9.59990690496666,8.788435429529697,7.384329024213049,44.0,42.0,35.0,-0.9827104992361678,0.1849635618755606,-0.008279823023931841,9.628601290101724,0.18482220589057555,0.9826506698257538,0.015440637964103488,8.757439772149908,0.010992129035976904,0.013643381886562396,-0.9998465038344403,7.383793798197031,45.301640214061734,41.874874126050585,35.281525771456856,14.382406850982777,4.131524923520408,26458.0,66929.07138241679, 0.0, 0.0,0.0,NaN, 106.63884197097107,106.63884197097107,0.0, 92.15821258402656, -2.914703777959812, 0.3740105657025482, -2.914703777959812, 77.23659729901284, 0.277929467750277, 0.3740105657025482, 0.277929467750277, 54.52831513783523, 5.720983649325872, 3.63228777652874, 11.0, 0.0
