// Sample: .//bubblelabels.tif, Map: .//bubblelabels.tif, Thickness:(8.191250068658265):/gpfs/home/mader/Foam/NewValid/InSilicoTest/LatticeData_OldFoam/out_Step_07000.vtk/distmap.tif, Neighbors:(1.0):
//LACUNA_NUMBER, TRIANGLES, SCALE_X, SCALE_Y, SCALE_Z, POS_X, POS_Y, POS_Z , STD_X, STD_Y, STD_Z,PROJ_X, PROJ_Y, PROJ_Z, PCA1_X, PCA1_Y, PCA1_Z, PCA1_S, PCA2_X, PCA2_Y, PCA2_Z, PCA2_S, PCA3_X, PCA3_Y, PCA3_Z, PCA3_S,PROJ_PCA1, PROJ_PCA2, PROJ_PCA3,OBJ_RADIUS, OBJ_RADIUS_STD, VOLUME, VOLUME_BOX, Mask_Grad_X,Mask_Grad_Y,Mask_Grad_Z,Mask_Angle, Mask_Distance_Mean,Mask_Distance_COV, Mask_Distance_STD, SHAPET_XX, SHAPET_XY, SHAPET_XZ, SHAPET_YX, SHAPET_YY, SHAPET_YZ, SHAPET_ZX, SHAPET_ZY, SHAPET_ZZ, Thickness, Thickness_STD, Neighbors, Neighbors_STD
1, 0 ,1.0,1.0,1.0,78.92330368428077,135.77773808869594,39.44842948994732,18.004184359945786,17.342083331948867,19.0721077860972,97.0,91.0,87.0,0.37464150330750673,-0.3601148292591022,0.8543775826572106,19.48693026942792,0.8084434353493998,-0.3242822431342672,-0.4911824901482833,18.023788675753966,-0.45394157756252274,-0.8747332945163887,-0.16964288262273883,16.853675996942076,96.15814171542412,92.07252224377027,87.63635142589797,30.251325154419195,8.573280035392093,254758.0,775890.4216125959, 0.0, 0.0,0.0,NaN, 161.92794883573083,161.92794883573083,0.0, 324.1506544669165, -23.609518741255666, 14.424661301329675, -23.609518741255666, 300.7478542922587, -22.942198388237582, 14.424661301329675, -22.942198388237582, 363.7452954045094, 7.903145395380119, 6.21971361557062, 42.0, 0.0
2, 0 ,1.0,1.0,1.0,57.0090813064037,262.40819089884377,13.658341545027259,19.864422783325907,21.079440346562496,9.148686648700481,112.0,95.0,38.0,0.5489875047364132,0.8337294709717996,-0.05922743347782628,21.955198971794346,0.8327358045386042,-0.5516720583347606,-0.047000211617952564,18.94529361939517,0.07185958170439574,0.02351827556969116,0.9971374485152473,9.037790273011394,106.63549422881218,100.71797763911422,42.08390181299937,28.531862501569467,10.419663498725646,141059.0,451985.79038932046, -7.105427357601002E-15, 0.0,0.0,56.70242074056236, 69.6400011247741,69.6400011247741,0.0, 394.5952925147173, 55.87822193166462, -23.868326980336043, 55.87822193166462, 444.34280532428676, -12.58056308226385, -23.868326980336043, -12.58056308226385, 83.69846739611046, 7.724740600499568, 5.95769037046037, 22.0, 0.0
3, 0 ,1.0,1.0,1.0,260.9075415220789,140.32214775767528,126.99667823368917,18.241983824494508,16.750301339320377,15.243821642256842,89.0,99.0,76.0,-0.9214730852680363,-0.32682105259460376,0.2099413077685313,18.47733174063941,0.38335510269089856,-0.8523234134353564,0.3557859808238002,16.908414997076708,0.06265954330711938,0.40832927704348837,0.9106816036034139,14.778713783854338,107.00738720086244,86.90319514649889,79.42077243449202,27.82100259911938,8.468086056004289,188755.0,738556.3066161002, 0.0, 0.0,1.4210854715202004E-14,77.88108724657715, 193.25289582194114,193.25289582194114,NaN, 332.7699738531192, 14.992779649105687, -14.590951081908692, 14.992779649105687, 280.572594958038, -28.903727124346982, -14.590951081908692, -28.903727124346982, 232.3740982609381, 6.724345136591433, 5.57917438704009, 42.0, 0.0
4, 0 ,1.0,1.0,1.0,79.26633259238032,16.561260291372673,263.09149349794365,17.6397111034857,10.57444051269343,18.91884031687548,82.0,45.0,80.0,-0.14248262995539734,0.07274991428595838,0.9871201295345864,18.96248386757533,0.977229045424133,-0.1480842095404601,0.151968614076114,17.76075269546043,-0.15723260775179887,-0.9862953497082724,0.04999390166216365,10.289829355679439,91.56540857255578,84.84878751899836,47.51142503427764,26.364052415166785,9.264850735812125,129113.0,369126.42359806807, 0.0, 0.0,0.0,NaN, 88.99249787086993,88.99249787086993,0.0, 311.1594078144366, -32.95613189716807, -4.559666237433543, -32.95613189716807, 111.81879215649211, 13.50253523795624, -4.559666237433543, 13.50253523795624, 357.9225189354332, 7.360079459346345, 5.785866856873046, 19.0, 0.0
5, 0 ,1.0,1.0,1.0,188.21739156233312,113.16074289444016,236.22251231234796,15.982216654333849,14.97465519852731,16.29134512910976,81.0,88.0,82.0,0.14716637254450896,0.1328652275428451,-0.980147381826875,16.303538358298553,0.9183135270390966,0.3498056079866504,0.18530057387419252,16.15973159705674,-0.3674810537280878,0.9273526125110538,0.07053231330260035,14.769468010974164,81.44500622653572,83.99200777205476,84.91187891535893,26.279935371239862,7.378649639336247,168530.0,580859.2031460766, 0.0, 0.0,0.0,NaN, 171.37173984440653,171.37173984440653,0.0, 255.43124918606625, 14.744928870684424, 0.4411251196373783, 14.744928870684424, 224.240298314781, -3.420499961677725, 0.4411251196373783, -3.420499961677725, 265.4079261157683, 7.00310718612767, 5.680733461294821, 39.0, 0.0
6, 0 ,1.0,1.0,1.0,274.9749013087133,206.2477020482439,208.2402834867239,15.26013764780438,16.40031775851665,17.408883600744513,61.0,90.0,86.0,-0.34530647850155816,0.2672652981591626,0.8996291993397874,17.903207015767023,0.2082324003985174,0.9565173583034257,-0.20423959138351971,16.30015992950502,-0.9150971004921413,0.1168066935758799,-0.38594493520027706,14.788218846692585,92.9538587143323,93.64121495098752,74.3699323217071,27.14668366170112,8.24433247788385,172001.0,647339.1140098764, 0.0, -2.8421709430404007E-14,0.0,74.49839925400615, 133.54997008738073,133.54997008738073,0.0, 232.8718010299366, -0.03592810656761884, -33.633360830400406, -0.03592810656761884, 268.9704225803166, 15.302188487555911, -33.633360830400406, 15.302188487555911, 303.0692282242713, 7.755961499890314, 5.9663866302244655, 34.0, 0.0
7, 0 ,1.0,1.0,1.0,261.52307526006564,277.4972594551975,25.122046443014472,19.260694297244488,13.52125077299737,16.31767749025566,81.0,59.0,68.0,0.9356946338748333,0.1944800160781978,0.29436894449664003,19.667234734435183,-0.3404590814366927,0.2788864078136818,0.8979476518172229,16.325596282497866,-0.0925373762602207,0.9404253797526971,-0.32716500288366684,12.912782421914446,93.7311408951058,89.51582383422746,61.15232109854793,27.21135974440216,8.922279238787109,157268.0,513093.6761017821, 0.0, 0.0,0.0,NaN, 51.16604623140475,51.16604623140475,0.0, 370.97434481190635, 30.570668829241736, 30.10749226452595, 30.570668829241736, 182.82422246628195, 37.586931874360104, 30.10749226452595, 37.586931874360104, 266.2665986759963, 7.3128230544777155, 5.792866943593423, 20.0, 0.0
8, 0 ,1.0,1.0,1.0,155.61237858594984,176.18763647315714,14.727112248910306,17.240575095297892,17.47169501624307,9.664175511971074,82.0,81.0,41.0,-0.641933523427845,-0.7667560824114372,-0.002541964708179114,18.011324155835755,-0.7606698590265571,0.6364140773120858,0.12790030401654276,16.769460928467947,-0.0964505939226404,0.0840370887410529,-0.9917837721236915,9.501117145125338,84.71488590756664,87.55824044873651,44.66008102609307,25.116495941621494,8.0656975084542,119529.0,331265.54139566945, 0.0, 0.0,1.7763568394002505E-15,89.85435599370133, 190.7725724911791,190.7725724911791,2.6973983046972182E-6, 297.2374296166059, 22.80754104087138, -18.194826655317975, 22.80754104087138, 305.260126740613, 15.99868924262247, -18.194826655317975, 15.99868924262247, 93.39628832618135, 8.518580073097466, 5.85373979073486, 18.0, 0.0
9, 0 ,1.0,1.0,1.0,43.96344618639992,257.66617774357985,214.36058478407233,16.92093068740067,21.51507036931006,15.077379738763797,85.0,89.0,90.0,-0.19172617656746993,0.9607164233828573,0.2006614737842543,21.87802303953276,-0.9135217495117414,-0.2494265254715416,0.32134782022008795,17.027381154376666,0.35877442270572574,-0.12169783167190829,0.9254569419365384,14.420954441933388,97.61693188033334,90.93356287412884,86.81194964328174,29.741943090001683,9.589595890453607,207940.0,770599.7626897993, 0.0, 0.0,-2.8421709430404007E-14,78.42435712408262, 105.16200143563606,105.16200143563606,0.0, 286.3178953278177, -31.181597494329786, -34.47608538547759, -31.181597494329786, 462.89825299636374, 45.61218617286681, -34.47608538547759, 45.61218617286681, 227.32737978688507, 7.439891543790069, 5.423917854998585, 30.0, 0.0
10, 0 ,1.0,1.0,1.0,278.2569253985959,209.55501607506068,285.4408765829014,13.456367365817151,18.39675752829018,8.844982934295476,53.0,103.0,39.0,0.2694318740193789,0.9621085978440829,-0.04187494736591413,18.77208716134518,0.9627849056502252,-0.2681518458350182,0.033761117092885436,12.950199481755668,-0.021253016597471794,0.04941288829612367,0.9985522899456705,8.811884607511777,107.71900554656068,62.39319796671941,41.03162942393277,22.775203776855715,8.890350176972941,76205.0,275770.8419982366, 0.0, 0.0,0.0,NaN, 94.15425898481207,94.15425898481207,0.0, 181.0738226838288, 47.96875979616027, -0.17244173763696946, 47.96875979616027, 338.4406875547014, -11.884179188685813, -0.17244173763696946, -11.884179188685813, 78.23372310797822, 6.918014554245392, 5.55997345646249, 13.0, 0.0
11, 0 ,1.0,1.0,1.0,14.42738432483475,168.3831728045326,12.766742209631728,9.084461817323719,17.390800432908488,8.348640181529987,35.0,82.0,34.0,0.0477659419440816,-0.9978791232083152,0.04422296072401567,17.41886718096878,0.9711331748327074,0.03603573065929969,-0.23580030291582768,9.099936386206918,0.23370659282429393,0.05420960782788992,0.9707948016391545,8.272931946237419,82.40807255493417,41.925391635182024,39.74112020967695,19.959043969080334,7.503582006527596,52950.0,137305.20135857878, 0.0, -2.8421709430404007E-14,0.0,3.7322621203347537, 133.01927802429694,133.01927802429694,0.0, 82.52744651041256, -10.69722758388239, -2.793699267308113, -10.69722758388239, 302.43993969725005, -10.491358502194782, -2.793699267308113, -10.491358502194782, 69.69979288065706, 9.102082211415198, 5.724264421163294, 11.0, 0.0
12, 0 ,1.0,1.0,1.0,22.126122773240958,131.32278612377524,188.80096048553904,14.0762644357185,15.972891438219838,15.60159700007489,61.0,75.0,75.0,-0.4623426957035977,-0.6727924462029865,-0.5775721219568446,16.377250231617307,-0.154745819811674,0.7025979048901971,-0.6945573520557671,15.86378694325951,0.8730939027277329,-0.23174664695763614,-0.4289528279934163,13.29700150349829,86.75191422376153,84.45954834613816,66.42226784294023,25.25845673843223,7.66124490581985,139721.0,486677.78266596474, 0.0, 0.0,0.0,NaN, 173.4948582904577,173.4948582904577,0.0, 198.14122046427346, 20.29427117560575, 32.45301332171822, 20.29427117560575, 255.13326089715662, -1.0077820649566336, 32.45301332171822, -1.0077820649566336, 243.4098289527458, 7.000335908759601, 5.18506203292944, 25.0, 0.0
13, 0 ,1.0,1.0,1.0,123.1568538241478,234.9290662806328,76.56171371454175,14.329334876066289,14.504331261878972,16.479749939034818,75.0,70.0,78.0,-0.15294642118830495,0.38121527674190053,0.9117468426182163,16.8971897181382,0.8205826791189872,-0.46511908684734515,0.3321269362460649,14.40636934162017,-0.5506827207890179,-0.7989612930730049,0.24168035335028093,13.93661090150538,80.66611488263402,70.02775329112097,71.46259589332999,25.196321793366373,7.241062731603064,145065.0,403682.6848086827, 1.4210854715202004E-14, 2.8421709430404007E-14,0.0,73.25980986896877, 158.94506304343093,158.94506304343093,0.0, 205.3298379904497, -10.404142792193221, -9.101011504227051, -10.404142792193221, 210.37562535431965, 29.67162330074509, -9.101011504227051, 29.67162330074509, 271.58215805311806, 6.579584193167838, 5.1371725616790425, 32.0, 0.0
14, 0 ,1.0,1.0,1.0,190.88710917478215,279.8330503587904,60.34184392619169,16.6880204540996,12.1246587638238,14.995084175977695,76.0,52.0,77.0,-0.9106499200076865,0.08586991430283616,0.40415724787218377,17.059768689385493,0.41264928253198485,0.23852184089263104,0.8791063081579091,14.756101257989442,0.020911547427970512,-0.9673332875668108,0.252644053857109,11.898390403281331,80.31437543360227,72.35400705982377,59.122961291045044,24.421916175903384,7.343019580350775,124864.0,343567.4826273539, 0.0, 0.0,0.0,NaN, 126.30703436657782,126.30703436657782,0.0, 278.4900266764466, -4.190521864928983, -27.37766984892676, -4.190521864928983, 147.0073501391693, 21.15910173056601, -27.37766984892676, 21.15910173056601, 224.8525494446567, 7.0641335130188, 5.538178474754891, 26.0, 0.0
15, 0 ,1.0,1.0,1.0,173.77992743294027,100.9412077232085,11.270817675262407,14.379094036491656,18.399482029630462,7.512149186559496,80.0,86.0,30.0,-0.11821739809685365,-0.992213374901929,-0.03920797690438341,18.466740874175255,0.988421672492818,-0.1137998293849709,-0.1003603316976018,14.36134009083869,0.09511700233770581,-0.05061835139231811,0.9941783232240647,7.379909345745717,86.74836555134443,82.60501280395121,33.322998186242515,23.04316257972937,8.410964748126071,77170.0,238787.60145748782, 0.0, 0.0,0.0,NaN, 162.01131277328372,162.01131277328372,0.0, 206.75834531026993, 16.539180131699496, -13.728608311792273, 16.539180131699496, 338.54093895869437, 12.881387842330593, -13.728608311792273, 12.881387842330593, 56.432385401126496, 7.000709716961979, 5.131128244886713, 22.0, 0.0
16, 0 ,1.0,1.0,1.0,217.7194316784258,28.308995188469588,263.1916574967096,16.3245760191332,17.19060098565368,16.80057762311437,85.0,71.0,74.0,-0.5618058541821326,-0.6197680413339021,0.5479614558961451,18.78544615312753,0.13697911028399015,-0.7229216452642255,-0.6772156363775657,16.304454450181744,-0.8158498057562376,0.305404436362021,-0.49103688730878997,15.017980251438678,90.50539790963894,92.38690672234236,79.94120822599956,27.806460341133445,8.430226344509045,185388.0,668429.5121367446, 0.0, 0.0,0.0,NaN, 94.47933747514092,94.47933747514092,1.3486991523486091E-6, 266.4917822044588, 40.35277405081886, -42.943427443881475, 40.35277405081886, 295.51676224795733, -23.522687056559924, -42.943427443881475, -23.522687056559924, 282.25940847029136, 7.508831390750158, 5.4920746569491765, 34.0, 0.0
17, 0 ,1.0,1.0,1.0,157.23305690367368,257.8239331542823,280.1559628704707,17.048982432792812,17.597333687982523,10.912310478610957,82.0,83.0,48.0,-0.6665831630871252,0.7443735372839274,-0.039685308114930234,19.61402006436905,0.7416641408156612,0.6676195883633518,0.06494911440285878,14.712516344180928,-0.07484109109927695,-0.0138608161723007,0.9970991369257662,10.874031204581954,93.09659644674323,71.68790557826298,50.361023006754294,25.472683799143734,8.39969374263954,127338.0,336104.43223704613, 0.0, 0.0,0.0,NaN, 150.1832429575359,150.1832429575359,0.0, 290.66780199367787, -83.58613975576593, 11.779943849385177, -83.58613975576593, 309.6661529262046, -3.612898839655374, 11.779943849385177, -3.612898839655374, 119.07851998160248, 7.587784709230628, 5.464642209523723, 28.0, 0.0
18, 0 ,1.0,1.0,1.0,272.2963935975758,66.05477367027376,238.2468602962129,15.787724334351973,16.209385226477128,13.713007363737562,72.0,82.0,70.0,-0.5726797700061873,0.8182311008467958,-0.050356197559994265,16.604861617549336,0.8180422509615889,0.5743837637645204,0.029835676050660783,15.379901890017667,-0.053336260342819845,0.024107209103172666,0.9982855732714457,13.70329042789406,88.04440639583618,79.68381387259464,70.08309148609956,25.361164697164796,7.540179390373572,143883.0,491682.9325337571, 0.0, 0.0,0.0,NaN, 94.5736390100697,94.5736390100697,0.0, 249.2522396574894, -18.296462250178518, 3.726155249805062, -18.296462250178518, 262.744169420335, -2.7878172264578054, 3.726155249805062, -2.7878172264578054, 188.0465709579206, 6.073893225333332, 4.913983941920647, 28.0, 0.0
19, 0 ,1.0,1.0,1.0,276.3985417467709,206.47660956124236,11.7943065464747,15.346413340739781,17.840461435021936,7.543675221039962,63.0,84.0,31.0,0.574403054860942,-0.8182693157169029,0.022281326769482062,19.957990563230737,0.8142239047876462,0.573941837660739,0.08735101519141837,12.506374745243223,-0.08426484105945468,-0.032032701085058096,0.9959283822757636,7.481357222416843,102.0487732618339,68.12897627220764,33.51169152759589,22.915011914721898,9.252228457403639,70221.0,232989.31324115652, 0.0, 0.0,0.0,NaN, 97.17385995087074,97.17385995087074,0.0, 235.51240242483595, -113.97370295468588, 11.525092735653933, -113.97370295468588, 318.282064214505, -1.206346413429223, 11.525092735653933, -1.206346413429223, 56.907035840532316, 7.397526927260834, 5.433242582499666, 11.0, 0.0
20, 0 ,1.0,1.0,1.0,40.761842441966735,85.18925973313837,36.94615975141656,13.3023483360483,13.875030618588747,17.30821874910723,62.0,70.0,81.0,0.24120793768311735,0.02611517335171984,0.9701220173356894,17.54066321412081,-0.15963224875506382,-0.9849540390927634,0.06620487921787585,13.898451667957016,0.9572545512851113,-0.17083190157479844,-0.23340990863345856,12.969254312779174,83.00614318005975,71.83192311266384,61.09289946056683,24.828354630401957,7.252322975037355,136775.0,364265.8567698784, 0.0, 0.0,0.0,NaN, 101.4088580624051,101.4088580624051,0.0, 176.95247125356698, 4.8038892088997125, 32.37306677201751, 4.8038892088997125, 192.51647466677522, 1.9055800305233512, 32.37306677201751, 1.9055800305233512, 299.574436266947, 6.8387822819091655, 4.939615177283143, 22.0, 0.0
21, 0 ,1.0,1.0,1.0,69.87459607456105,63.683911430890944,159.59119561929927,14.574780897104663,14.282297049085496,14.064781087966828,71.0,65.0,70.0,-0.8497734742561515,0.489273318231231,0.19620566382658408,14.622478520900321,-0.5016717619603077,-0.6362911707786033,-0.5860537426216429,14.51912425677288,-0.16189652776471275,-0.5964437660468879,0.786157966468276,13.76969378641191,79.34814358158448,78.03680484703597,80.30509687885035,23.854740018232523,6.721435331225058,125642.0,497255.2305898942, 0.0, 0.0,0.0,NaN, 169.27117917512865,169.27117917512865,0.0, 212.424238198607, -3.299432446911671, 2.1961436317288503, -3.299432446911671, 203.98400899831628, 10.230032495700549, 2.1961436317288503, 10.230032495700549, 197.81806705242934, 7.010519898833349, 5.100055906007702, 29.0, 0.0
22, 0 ,1.0,1.0,1.0,65.60822625904594,41.99122729286664,34.70009599763698,14.60873014923649,13.342463711665525,16.547975169012837,77.0,69.0,76.0,-0.1126302174166301,-0.006542988764045452,0.9936154303465281,16.570981726292366,0.9083691720362365,0.4046077335017956,0.10563157333270218,14.869065013468978,0.4027156334423644,-0.9144669328568276,0.0396276077065188,13.022491578676687,78.90816461479098,80.54728930123669,62.21366855087003,24.760131325488793,7.225490530695765,135420.0,395420.04619249643, 0.0, 0.0,0.0,NaN, 85.27484497004129,85.27484497004129,0.0, 213.4149965732112, 19.006746217661693, -6.810110079318892, 19.006746217661693, 178.02133789711138, 1.5185328167567638, -6.810110079318892, 1.5185328167567638, 273.83548219426547, 6.429211264485808, 4.934781373561489, 22.0, 0.0
23, 0 ,1.0,1.0,1.0,25.716886600928074,281.6557424593968,133.6036687935035,15.526046119800302,11.673358754494924,19.750247756011785,63.0,47.0,107.0,0.13638511483341512,-0.07393931538960877,0.9878927462491016,19.875520672905456,0.9569053478336447,0.2679100178103618,-0.11205524371587139,15.69000830647373,-0.25638107523615694,0.9606025192537071,0.10729186485556362,11.23321042591347,105.02259827448682,72.3409877149859,56.74405514233419,26.27034388403324,8.790149678129234,137920.0,431109.4687061716, 0.0, 0.0,0.0,NaN, 137.28732773364464,137.28732773364464,0.0, 241.058108114166, 28.050368154089924, 23.3571523736941, 28.050368154089924, 136.26730461114326, -23.240232059778084, 23.3571523736941, -23.240232059778084, 390.0722864238486, 6.611213596751632, 4.878327343131946, 16.0, 0.0
24, 0 ,1.0,1.0,1.0,281.50655604929625,104.29791169581682,168.22760107698707,11.803682569065844,13.103469721393646,15.006560464956499,49.0,65.0,73.0,0.1093975672324911,-0.10687362155449923,0.9882359036684707,15.041433638304063,0.4811498480251352,-0.8642713459153267,-0.14673058432071548,13.654574292609313,-0.869785603484561,-0.4915415238263547,0.04312695590304444,11.114520813388769,71.67334335073252,70.97940039073605,58.91053534527828,22.13801281292575,6.792134172253747,91366.0,299697.38886146824, 0.0, 0.0,0.0,NaN, 169.06811340756093,169.06811340756093,NaN, 139.32692219126884, -27.36363580660018, 6.662523990925278, -27.36363580660018, 171.70091873948004, -2.8695365203084044, 6.662523990925278, -2.8695365203084044, 225.1968569883954, 6.8224118586826235, 5.218473696583795, 15.0, 0.0
25, 0 ,1.0,1.0,1.0,33.76693221214133,180.56185734307,207.36362764623442,15.19696085944389,15.601336314626645,14.352379206112873,69.0,73.0,75.0,0.5908642738945852,-0.7675596101534661,0.24845855730097816,16.814329568125192,0.6382888158452872,0.2563972764727169,-0.7258428371102064,14.702017389254417,-0.493423547676685,-0.5874629192369776,-0.6414207052471274,13.47104706034948,95.0338909981339,76.01025807586021,67.31499817662632,24.96119135995373,7.568291018015778,135570.0,486253.29417002405, 0.0, 0.0,0.0,NaN, 154.87792972280465,154.87792972280465,0.0, 230.94761936346956, -40.24481812739498, -1.2028358579477825, -40.24481812739498, 243.40169480208812, -25.763678405553065, -1.2028358579477825, -25.763678405553065, 205.99078887606117, 6.586205796838387, 4.930668689147872, 35.0, 0.0
26, 0 ,1.0,1.0,1.0,123.98486432581107,187.36549194962282,114.18041369770472,14.005787996324774,13.91509578000854,15.168425936314764,70.0,71.0,73.0,-0.17335918731870376,-0.32157818014590883,0.9308781156661939,15.303334180980965,-0.7447661102565784,-0.5756520329094688,-0.33756210987088303,14.413615233257485,-0.6444144886526718,0.7518059663644877,0.13970596176711259,13.338995172167218,75.1818393549223,67.923514810819,66.17144512521945,23.933266435663377,6.8608957920820455,124342.0,337912.07961951377, 1.4210854715202004E-14, 0.0,0.0,80.01681292526898, 202.72135027623327,202.72135027623327,NaN, 196.1620973979951, 15.922712002776192, -1.5817781716628667, 15.922712002776192, 193.62989056681147, -11.04715285990177, -1.5817781716628667, -11.04715285990177, 230.08114538546639, 6.329296119823311, 4.7652771032118695, 31.0, 0.0
27, 0 ,1.0,1.0,1.0,31.814878854381416,14.026711888452928,71.35269668151892,17.550839489260454,8.97689246128708,14.202967236582667,73.0,36.0,72.0,0.99511988206433,-0.002910380429487621,-0.09863037060677315,17.580938751415054,-0.09859005684825858,0.011723409240780636,-0.9950590748123601,14.166343295139685,0.004052284655711027,0.9999270430194039,0.011379263049084262,8.975865062821589,76.3626016694586,68.68655168104218,36.66203635105372,23.071947900658166,7.617484061817605,90222.0,192295.45242915137, 0.0, 0.0,0.0,NaN, 79.37343690836043,79.37343690836043,0.0, 308.0319667777842, -0.8006789700855236, -10.645300037964876, -0.8006789700855236, 80.58459826151282, -1.3356498304456228, -10.645300037964876, -1.3356498304456228, 201.7242783234407, 6.840157244196014, 5.209560198362361, 16.0, 0.0
28, 0 ,1.0,1.0,1.0,235.47135901852567,274.2485587232397,95.33230217597638,13.779734818596229,13.472071930255638,14.513422871251342,80.0,60.0,84.0,-0.48471744325290606,-0.48713095932827144,0.7264657105949897,15.321208260893195,-0.6806474039709951,-0.3115583871922032,-0.6630614472563897,13.613207360293849,-0.5493342440390102,0.815864449424113,0.18054663799688467,12.72628853973365,78.38225639241782,103.37751857079854,67.56171628448577,23.19081502629681,6.648560417162413,113788.0,547450.0984733278, 0.0, 0.0,0.0,NaN, 117.96325730039042,117.96325730039042,0.0, 189.88109167083326, 22.1390792779471, -15.085343157525362, 22.1390792779471, 181.49672209398187, -20.93005855136829, -15.085343157525362, -20.93005855136829, 210.63944343976155, 6.08681383759677, 4.705398245836117, 25.0, 0.0
29, 0 ,1.0,1.0,1.0,135.09335270890236,23.81280004869253,250.1712151068573,15.84955714086402,13.901164219181926,14.440011836985635,75.0,60.0,75.0,0.8902815407534286,-0.046675623351146424,0.45301232254595886,16.28507512540732,0.35687254785219613,0.6894617018257038,-0.6303051215919848,14.516432012600461,-0.28291476239882557,0.7228166765511067,0.6304722748197813,13.30542370035058,80.74518943357893,76.08808746023465,69.13861679494875,24.51306109962622,7.216273663631194,131437.0,424770.17198051326, 0.0, 0.0,-2.8421709430404007E-14,63.06288368054293, 145.9457817006644,145.9457817006644,0.0, 251.20846156151364, 4.626208323398447, 27.980714643811282, 4.626208323398447, 193.24236664866382, -16.50609989801777, 27.980714643811282, -16.50609989801777, 208.51394185228523, 7.694693010680219, 5.226944040766193, 19.0, 0.0
30, 0 ,1.0,1.0,1.0,19.413560269748213,253.08588905079807,82.83069571994984,11.746905623173587,15.5836633920232,16.2717528212727,49.0,81.0,89.0,-0.21195176822819844,0.41670264693192177,0.8839883211812641,16.575321697798067,0.09477134652187248,-0.8915121191806283,0.44297238427750424,15.503041392876,-0.9726740665934149,-0.17766554363183554,-0.1494660991082356,11.424741331754754,83.72562177434082,85.98757390949413,54.91432429240609,24.229267455094032,7.651986337003364,118036.0,395348.15944717266, 0.0, -2.8421709430404007E-14,0.0,65.37341387944304, 97.15320006027642,97.15320006027642,NaN, 137.98979171974725, -22.015966942413478, -22.410488423611195, -22.015966942413478, 242.850564715884, 9.754230970137412, -22.410488423611195, 9.754230970137412, 264.7699398765961, 6.696522738063075, 5.238887773687156, 16.0, 0.0
31, 0 ,1.0,1.0,1.0,165.64769428517786,11.289438338556636,220.2939732239569,16.473452760905413,7.696620767234849,14.898841063747565,85.0,32.0,81.0,0.912074730854628,0.035715333884745966,0.40846554354309905,16.845518867191974,-0.4098031041116818,0.04670767838852856,0.9109773919477827,14.498154535749668,-0.013457384474263713,0.9982699072420516,-0.05723714788541573,7.656375859100988,83.41202752333004,76.07172266027146,34.56050778453297,22.074837262562653,8.080200614746847,69241.0,219296.6733787965, 0.0, 0.0,-2.8421709430404007E-14,65.8915209668364, 156.6238940050732,156.6238940050732,0.0, 271.3746458657822, 4.43300297267157, 27.29370146048158, 4.43300297267157, 59.23797123463076, 9.73413848180532, 27.29370146048158, 9.73413848180532, 221.97546504281067, 6.735500237125022, 4.793481451938799, 17.0, 0.0
32, 0 ,1.0,1.0,1.0,58.8359074542922,111.65083355964573,158.08234850940437,13.946140022505025,12.564125880324001,15.011288864275881,71.0,63.0,73.0,0.5163009305647611,0.14695292335208668,0.8437050357893082,15.613549193812617,-0.8008040097174539,-0.26635445169870026,0.5364403453141211,13.409396025520778,-0.30355606915100625,0.9526070251570478,0.019838561012053,12.413543161958957,75.39265408868499,65.16358196821236,61.63748412264181,23.13430522499332,6.518803248104629,114149.0,302816.04637589015, 7.105427357601002E-15, -1.4210854715202004E-14,0.0,86.9248390791267, 189.91627746230682,189.91627746230682,0.0, 194.49482152731647, 12.289847159464605, 28.021002986707366, 12.289847159464605, 157.85725913662736, 7.44545431444269, 28.021002986707366, 7.44545431444269, 225.33879336673309, 6.600615143179888, 4.936876374793974, 23.0, 0.0
33, 0 ,1.0,1.0,1.0,144.74893478463113,152.42210438180297,58.429909759047355,13.320042509310289,13.921659352441146,13.679668081553398,66.0,66.0,64.0,0.5336572787471456,0.6657384575768511,0.5215383158919262,14.776889384960217,0.05176595996915197,-0.6412516673468291,0.7655825131972281,13.377430191062379,-0.8441150361346866,0.3815607490663931,0.37667121013322685,12.69083732401526,75.19568125417894,66.03680929410504,64.7380264485935,22.733559166556887,6.446296457455633,107490.0,321468.5085022583, 0.0, 0.0,0.0,NaN, 214.81513855133971,214.81513855133971,0.0, 177.42353244983312, 19.762874043647756, 16.65697250597681, 19.762874043647756, 193.81259912541205, 11.1078903564283, 16.65697250597681, 11.1078903564283, 187.13331882147082, 6.234776229706018, 4.743139367259185, 19.0, 0.0
34, 0 ,1.0,1.0,1.0,24.736201358538256,14.41674477384024,265.0460849876257,13.886690680702316,9.13822071493522,19.249559087429507,50.0,41.0,79.0,0.10253781030392035,0.06720702456966857,0.9924561518306836,19.33116374673978,-0.9927687164992595,-0.055693376783831065,0.10634154090865233,13.832919207579138,-0.062420132957961255,0.9961834487838606,-0.06101035461791885,9.04705672305294,83.30857815471796,55.99855139131135,42.62550968911831,24.019244551872184,8.364727856538872,94955.0,198854.80978622078, 0.0, 0.0,0.0,NaN, 45.18294326641953,45.18294326641953,NaN, 192.84017806150453, 8.065526194933947, 18.139122561792846, 8.065526194933947, 83.50707783487117, 18.817527511660227, 18.139122561792846, 18.817527511660227, 370.5455250604399, 6.282563712937303, 4.817340273732107, 10.0, 0.0
35, 0 ,1.0,1.0,1.0,53.90768981034747,19.146915328217013,163.45237043115964,14.94846453526564,11.904298222203714,15.513872624254956,85.0,47.0,79.0,-0.530680618794116,0.19991947808051547,0.8236566536611653,16.04387522048338,0.8395498590317171,-0.009396730712210859,0.543201376702735,14.544906184684987,-0.11633621549680288,-0.97976727019019,0.16285570677119343,11.699954013376988,86.72350608326244,75.86398243509097,51.606669983301195,23.527379626373133,7.232673077322687,110887.0,339530.11506909446, 0.0, 0.0,0.0,NaN, 148.04694704094305,148.04694704094305,0.0, 223.4565919620946, -13.375095139199235, -18.627075637961315, -13.375095139199235, 141.7123161631625, 19.46381842150898, -18.627075637961315, 19.46381842150898, 240.68024380160736, 6.436268577739403, 4.76292379333807, 21.0, 0.0
36, 0 ,1.0,1.0,1.0,128.61921291119083,93.01492230204242,209.4649978976373,14.40327765349667,12.617157638147791,14.439095470567787,69.0,63.0,69.0,0.6642183471064315,0.07870373636272733,0.7433839581600792,15.358834166604014,-0.6355551442005403,0.582994110423349,0.506149706995784,14.287494080155804,0.39355259629105593,0.8086554204939418,-0.4372559489113158,11.623608647491054,72.29221906951841,71.01204645116397,58.839257489823666,23.071868578402864,6.543961517203894,111779.0,302058.2959878226, 0.0, 0.0,0.0,NaN, 182.73276746775343,182.73276746775343,0.0, 207.4544071637165, -20.306478382664526, 27.56066139896555, -20.306478382664526, 159.19266686587116, 26.264489604547965, 27.56066139896555, 26.264489604547965, 208.4874780081712, 6.667370085536643, 4.8311791435049605, 27.0, 0.0
37, 0 ,1.0,1.0,1.0,282.3522011195302,255.2487820435275,245.73823008654915,11.142033277377296,13.833595223394568,15.787627749080787,45.0,73.0,89.0,0.21060227761926187,0.3548575910429093,0.9108911958849986,16.257031383903694,-0.13679943251867482,-0.9119229362608486,0.3868881926137855,13.570540007301016,-0.9679527859994763,0.20608893323178787,0.14350873031016562,10.784796094292496,93.41996381007215,77.06763695463343,54.82592913070749,22.53868645691781,7.5345912363662215,90931.0,394727.82168430317, 0.0, 0.0,0.0,NaN, 72.51521211479351,72.51521211479351,0.0, 124.14490555418305, 19.523094503239264, 24.796795847930266, 19.523094503239264, 191.368356804725, 23.894807700147602, 24.796795847930266, 23.894807700147602, 249.2491899435457, 6.438334771556414, 4.927352475913462, 16.0, 0.0
38, 0 ,1.0,1.0,1.0,133.69324777599533,278.6076223810218,54.548986437217444,13.651657313932152,12.415015827485593,14.827316394942606,62.0,52.0,72.0,-0.07545488843648422,-0.04952634763979706,0.9959185211153067,14.84098452081061,0.9791423705175277,-0.19263042221989263,0.06460447889041931,13.690034511603002,0.18864458133843764,0.9800207453543257,0.06302825244918091,12.356286271111866,72.06010062294871,67.31376771974527,57.523316657878695,22.691343771731255,6.741853952928364,102855.0,279024.7209642046, 0.0, 0.0,0.0,NaN, 145.96955244986665,145.96955244986665,0.0, 186.3677474170372, -6.2997219994789075, -2.8807051569621263, -6.2997219994789075, 154.1326179967178, -3.7655048890842817, -2.8807051569621263, -3.7655048890842817, 219.8493114757338, 6.250320575835436, 4.652876024852116, 15.0, 0.0
39, 0 ,1.0,1.0,1.0,199.96200089894373,175.02850400779084,190.4338059030639,14.413797703370697,12.34268042197004,14.163288933288598,75.0,65.0,66.0,0.9012266096424928,0.2925672654590603,0.31967951647564985,14.663708523699256,0.32604993447273894,0.028134070227535904,-0.9449338147842707,14.115427146249948,-0.2854505881980628,0.9558309836337383,-0.07003636500518909,12.100762226045603,75.10313799228214,68.25492393459109,62.28500205073526,22.764557536898042,6.517131101158594,106792.0,319282.8220156685, 0.0, 0.0,0.0,NaN, 193.98512046948642,193.98512046948642,0.0, 207.75756423369438, 18.571135190497518, 3.4900964899490576, 18.571135190497518, 152.34175999888254, 5.011494258287883, 3.4900964899490576, 5.011494258287883, 200.59875340781528, 6.7061127075004965, 4.827624421603007, 34.0, 0.0
40, 0 ,1.0,1.0,1.0,104.7855098495914,216.1013678891477,276.10640124748335,13.877691415781346,14.177864497862327,12.483140850634598,72.0,67.0,54.0,-0.6085381138450454,0.7708873271895474,-0.18818632462660576,14.503108185010698,0.733294107519721,0.6369355427051906,0.23789255203915144,13.687692079056307,-0.30325091240550406,-0.006770761951206218,0.9528866883884093,12.318194054770915,72.11143880216588,64.11587149314721,57.081475893211774,22.497620843493916,6.5793633909740485,101324.0,263915.50416890945, 0.0, 0.0,0.0,NaN, 136.34473809376442,136.34473809376442,0.0, 192.59031903165126, -10.85676613304992, 12.923911593615964, -10.85676613304992, 201.01184171974495, -3.10498842537699, 12.923911593615964, -3.10498842537699, 155.82880549678228, 5.507487954475442, 4.407345422602714, 21.0, 0.0
41, 0 ,1.0,1.0,1.0,175.50934686365218,279.8924439138437,173.07385962294185,13.015758844491994,11.52995843068153,16.359887535453517,70.0,50.0,76.0,0.251929130700129,-0.07559916762116604,0.9647883078477189,16.589063760296376,0.9167486797458444,-0.30071579022510564,-0.26294842021495846,12.886945001697283,-0.3100057600899204,-0.9507127743773496,0.006453630512624452,11.345723950632406,78.68248298391879,71.99958287993094,56.42900130378575,22.831752509007597,6.979034120231571,100515.0,319676.2713094607, 0.0, 0.0,0.0,NaN, 178.92032204612494,178.92032204612494,1.9073486328125E-6, 169.40997829797158, -13.08574293445803, 26.598135690038664, -13.08574293445803, 132.9399414132441, -7.730025405326463, 26.598135690038664, -7.730025405326463, 267.64592017268734, 6.555302854435945, 4.931702885064682, 26.0, 0.0
42, 0 ,1.0,1.0,1.0,240.0580144756638,93.82665799211158,186.748637823771,13.62478600026175,12.272526736424906,13.453801447375634,66.0,61.0,69.0,0.7793368077973124,-0.3738635105908561,0.5028520810944063,14.295803830858484,0.44587366543853996,-0.23297648868019966,-0.8642445430493879,13.157011996634392,-0.44026221105234076,-0.8977460839073179,0.014871259138988012,11.822753807156342,70.4366768354434,66.62131800229483,59.608514685742904,21.910747375670358,6.097018031310361,98372.0,279717.9769703262, 0.0, 0.0,0.0,NaN, 158.8154728398332,158.8154728398332,1.9073486328125E-6, 185.63479355292858, -22.282232110366518, 12.469925628631465, -22.282232110366518, 150.61491249626417, -5.432422110245296, 12.469925628631465, -5.432422110245296, 181.0047733854067, 6.7721383466781, 4.748006419817337, 19.0, 0.0
43, 0 ,1.0,1.0,1.0,118.51067504364305,169.73002921983962,271.82452226028994,14.476440103089498,12.115177470250003,14.425119103038961,69.0,58.0,63.0,-0.8170158851580058,-0.0067904188494721,-0.5765751760276616,14.531463519384587,0.5728284832224255,0.10484983630945117,-0.8129415973087963,14.393130223740188,0.06597402677247904,-0.9944648822546378,-0.08177423649105023,12.08731875471572,72.16607307065487,75.88463906008117,57.97139246431453,22.82325669292274,6.597564570344797,107119.0,317468.5282814077, -1.4210854715202004E-14, 0.0,0.0,35.21282151978816, 178.35050583675027,178.35050583675027,1.9073486328125E-6, 209.5673180583379, 4.028204254952937, 2.2142771944786435, 4.028204254952937, 146.77752513565326, -4.949744123401909, 2.2142771944786435, -4.949744123401909, 208.08406113685956, 6.107160674675879, 4.553378818677129, 18.0, 0.0
44, 0 ,1.0,1.0,1.0,92.02647381337789,268.2678624266792,40.784815414338674,12.222098716164917,15.397634107696211,14.944299643964708,63.0,65.0,74.0,0.2803610752888077,0.6807629371308801,-0.6767270431214054,16.445326219414977,0.3122467693814076,-0.7313379113694002,-0.6063388610378836,14.440194260746432,0.9076891662203403,0.041312017897719516,0.4176047110647113,11.438136222291709,83.95738207460454,69.2916179418495,57.66590276310154,23.664323834956946,7.05681956867514,114906.0,335473.85985337227, 0.0, 0.0,0.0,NaN, 105.54241614572867,105.54241614572867,NaN, 149.37969702768012, 8.90664684610068, -41.19790444789688, 8.90664684610068, 237.0871361144897, -29.870649345011017, -41.19790444789688, -29.870649345011017, 223.33209184860368, 6.731748742450695, 4.622072906752954, 15.0, 0.0
45, 0 ,1.0,1.0,1.0,51.5558417482179,187.16139352129082,47.18562510766404,15.806555082262499,11.593596964821923,15.588579742810655,74.0,59.0,80.0,-0.9708508775189172,-0.20171073645558682,0.1294656418486896,15.996010552222799,-0.10751460592693418,-0.11626263065243954,-0.9873822006832764,15.613028053169085,0.214217606963397,-0.9725203234443586,0.09118682665032447,11.297056872186905,74.58470454530877,80.66706962586554,58.72334759798514,24.027238400530578,7.0678361181735125,121907.0,353310.7563672127, 0.0, 0.0,0.0,NaN, 132.72919478104768,132.72919478104768,0.0, 249.84718356859844, 26.566889625729793, -3.7903085378232895, 26.566889625729793, 134.4114905827281, 9.983559812042245, -3.7903085378232895, 9.983559812042245, 243.0038183979667, 6.558649132127735, 4.739625457114792, 27.0, 0.0
46, 0 ,1.0,1.0,1.0,279.91515702463846,234.97627995464046,50.81822441730785,12.275941230171039,13.405136823846304,16.539643551860376,50.0,60.0,80.0,0.3277582718344301,-0.023127621038792612,0.9444784954614868,17.042090076202815,-0.0012053527282079048,0.9996892734217606,0.02489786597830654,13.403073897011602,-0.9447608492993922,-0.009298911256653108,0.3276285516870173,11.57069622456167,91.87283878823274,60.79176153793574,62.05571858093862,23.40970138337259,7.479446257350801,106703.0,346588.1203592239, 0.0, 0.0,0.0,NaN, 84.93513418374097,84.93513418374097,0.0, 150.69873308661323, -1.2418464107910294, 48.46090911829913, -1.2418464107910294, 179.69769326604015, -2.28063947592667, 48.46090911829913, -2.28063947592667, 273.5598088225965, 6.184545252570791, 4.520289168678386, 14.0, 0.0
47, 0 ,1.0,1.0,1.0,187.38414275668885,66.99069729910431,61.80775570899953,11.89457838270269,12.754237432615309,13.470353568944702,58.0,63.0,73.0,0.10239808062101548,0.37081054316000356,0.9230461386986648,13.605208995847091,-0.21645221259426733,-0.8973838729670529,0.3845134902727039,12.66677251526778,-0.9709083750530622,0.23916882242473347,0.011627623651814566,11.834405557016503,69.30653416739267,63.54050638346224,57.340332561530005,21.18428661789524,6.068607183950126,86749.0,252513.7668700118, 0.0, 0.0,0.0,NaN, 144.88023844903563,144.88023844903563,0.0, 141.48099490225815, 5.671846398282963, 2.5605407411417476, 5.671846398282963, 162.67057248752556, 8.381939375176378, 2.5605407411417476, 8.381939375176378, 181.4504252723813, 6.014661890865547, 4.541077634070332, 30.0, 0.0
48, 0 ,1.0,1.0,1.0,230.50534147491405,242.55161509182278,286.2909350168466,18.231744840289004,15.249463482170835,7.917674276212205,105.0,77.0,32.0,-0.9600791170891788,-0.2797136432284511,0.002892528501166436,18.48494992866346,-0.2777342130655832,0.9544156448881188,0.10933656152284056,15.007268726339147,-0.03334360241642345,0.1041683953253742,-0.9940005782660449,7.792350984773904,112.55628030995868,79.62977075264544,35.84551749593882,23.680956968941057,8.175848542801521,86961.0,321277.30817756144, 0.0, 0.0,0.0,NaN, 91.2017705682774,91.2017705682774,0.0, 332.3965199214047, 31.85046486114275, -5.775487164537108, 31.85046486114275, 232.54613649406187, 16.938387762064256, -5.775487164537108, 16.938387762064256, 62.689565944192466, 6.828534645880419, 5.18088859356662, 18.0, 0.0
49, 0 ,1.0,1.0,1.0,80.65670370416765,279.82319708376656,120.79028924325746,11.853561515656207,11.930284637683737,13.458058756885475,59.0,49.0,63.0,-0.31431273745634314,0.3022372198813864,0.8999223110863904,13.77955470011428,0.5695112505775546,-0.6984001559375229,0.4334675970035514,11.99940584901122,-0.7595159238214099,-0.6487602678222628,-0.04738856778692808,11.405967262036745,67.5733936923667,65.07435599330049,56.77557398122673,20.689800057131073,5.990837273815373,79829.0,249658.95195085305, 0.0, 0.0,-1.4210854715202004E-14,25.852142745590545, 146.63867567532182,146.63867567532182,0.0, 140.50692060544586, -11.203488505673414, -13.480340769501337, -11.203488505673414, 142.33169153615256, 12.054706214274855, -13.480340769501337, 12.054706214274855, 181.11934550378183, 6.755219019667481, 4.807862226782229, 18.0, 0.0
