// Sample: .//bubblelabels.tif, Map: .//bubblelabels.tif, Thickness:(8.191250068658265):/afs/psi.ch/project/tipl/test/LabelValidation/SmallStep0500//distmap.tif, Neighbors:(1.0):
//LACUNA_NUMBER, TRIANGLES, SCALE_X, SCALE_Y, SCALE_Z, POS_X, POS_Y, POS_Z , STD_X, STD_Y, STD_Z,PROJ_X, PROJ_Y, PROJ_Z, PCA1_X, PCA1_Y, PCA1_Z, PCA1_S, PCA2_X, PCA2_Y, PCA2_Z, PCA2_S, PCA3_X, PCA3_Y, PCA3_Z, PCA3_S,PROJ_PCA1, PROJ_PCA2, PROJ_PCA3,OBJ_RADIUS, OBJ_RADIUS_STD, VOLUME, VOLUME_BOX, Mask_Grad_X,Mask_Grad_Y,Mask_Grad_Z,Mask_Angle, Mask_Distance_Mean,Mask_Distance_COV, Mask_Distance_STD, SHAPET_XX, SHAPET_XY, SHAPET_XZ, SHAPET_YX, SHAPET_YY, SHAPET_YZ, SHAPET_ZX, SHAPET_ZY, SHAPET_ZZ, Thickness, Thickness_STD, Neighbors, Neighbors_STD
1, 0 ,0.3333333432674408,0.3333333432674408,0.3333333432674408,12.7580600525806,280.510599142106,74.24613255846133,8.766529332064806,11.191747006890624,19.170804431465484,37.0,48.0,89.0,-0.08023130743329947,-0.1306987096154428,0.9881704228585277,19.32197859512039,-0.33790897660996916,-0.9290969567835707,-0.15032088484941405,11.326278720860225,-0.9377528783394622,0.34597209743036433,-0.030378396364647797,8.246425507624073,87.85529323836485,57.31841288681778,41.38905842263407,22.44589689168543,8.112255720419759,72270.0,208423.9564608249, 0.0, 0.0,0.0,NaN, 77.81447835713828,77.81447835713828,0.0, 76.85203652995263, 22.127035090628475, -21.14569492480001, 22.127035090628475, 125.25520106624526, -31.015836966096558, -21.14569492480001, -31.015836966096558, 367.51974254949664, 6.43591241132954, 5.574769164572914, 12.0, 0.0
2, 0 ,0.3333333432674408,0.3333333432674408,0.3333333432674408,107.90758796100043,13.494924874004992,122.04441618388206,15.587140110290909,8.801509410510366,15.115549037013533,73.0,38.0,82.0,-0.9823937153953818,-0.008524387250967446,0.18662776528066127,15.603519445075838,0.18667344081363305,-0.08466531325896787,0.9787669851530344,15.135249754367573,0.007457509400401999,0.9963729821471259,0.08476594835655728,8.738405072526657,70.0691888853408,79.68152964581225,40.81679984022162,22.290815606545056,7.2128265615146825,84924.0,227889.17938461833, 0.0, 0.0,0.0,NaN, 163.4655928890869,163.4655928890869,0.0, 242.95893681783966, -1.0142107012011734, -2.735568529378, -1.0142107012011734, 77.46656790330255, -12.921068916027783, -2.735568529378, -12.921068916027783, 228.47982269036078, 4.31795772696718, 4.721627926776206, 21.0, 0.0
3, 0 ,0.3333333432674408,0.3333333432674408,0.3333333432674408,162.8915432348704,16.205576323694196,150.95547039049333,15.629528368929783,10.292740479311746,16.040791846855125,78.0,43.0,78.0,-0.22064380084745017,-0.014750303756244922,0.9752429141945558,16.061067605960723,0.9714044399040976,0.08657332591228807,0.22108476513566336,15.64329802675099,0.08769109009584397,-0.9961362797226008,0.004773357122541878,10.240068402446589,80.90419473379573,73.47163328180156,45.84099453883333,23.54748501567408,7.283242143471807,106199.0,272486.3585853107, 0.0, 0.0,0.0,NaN, 203.16402591752703,203.16402591752703,0.0, 244.2821570351809, 12.259652427012629, -2.9086421910027283, 12.259652427012629, 105.9405065744626, 0.47445993309477974, -2.9086421910027283, 0.47445993309477974, 257.30700307413383, 3.8303715037452517, 4.756128907403927, 29.0, 0.0
4, 0 ,0.3333333432674408,0.3333333432674408,0.3333333432674408,226.4996264157364,265.38661162771774,217.94911116536096,14.460516965202215,14.150684704644553,15.517280645201824,75.0,71.0,72.0,0.041227537259606956,0.4950322704925604,0.8678959277139678,16.148897473705897,0.9841380645734332,-0.17012747516823362,0.05028828939762321,14.488907757856522,0.17254726897046146,0.8520561562267261,-0.49419403740532164,13.394741113630298,79.50908769486648,71.49062155549674,67.24860846379156,24.526060239019216,6.971857448704006,135177.0,382251.4534257172, 0.0, 0.0,0.0,NaN, 115.46748429835584,115.46748429835584,0.0, 209.10655090090108, -3.4475167825354647, 4.421365543797263, -3.4475167825354647, 200.24187761026127, 34.69755580747574, 4.421365543797263, 34.69755580747574, 240.78599862195514, 3.3870191607810782, 4.114346400527776, 30.0, 0.0
5, 0 ,0.3333333432674408,0.3333333432674408,0.3333333432674408,124.43820140035122,153.99648027976878,206.7433242137156,15.027099858844851,15.129823195602706,14.327648609637809,75.0,71.0,71.0,0.6006267420542748,0.5490549060761609,-0.581193794566809,16.123993635561444,0.6408257280040676,-0.7652820242455496,-0.06071086965849646,14.92981779565844,0.47811076442318756,0.33597936466445755,0.8114973588757656,13.308800269294137,81.55788273652196,76.70051568024311,70.99588330172926,24.647960780470594,7.2446410638178,132681.0,444116.99598489987, 0.0, 0.0,2.8421709430404007E-14,54.465448335390136, 213.30424589575915,213.30424589575915,0.0, 225.81373016769496, 4.876226739729053, -30.705358062643747, 4.876226739729053, 228.91154993019765, -24.31415099066391, -30.705358062643747, -24.31415099066391, 205.28151468125623, 3.364466116077273, 4.0518377335647715, 38.0, 0.0
6, 0 ,0.3333333432674408,0.3333333432674408,0.3333333432674408,112.5556686103393,111.59322975775838,168.37990842562516,13.885994575714701,14.487873940708933,15.850104171695758,71.0,82.0,73.0,0.22733802560715682,-0.42772640893348984,0.8748528683235262,16.424945936448328,-0.44021222825637224,-0.8464837928777633,-0.2994634910783544,14.068710668564076,0.8686372178341197,-0.3170414917579986,-0.38072834974199604,13.646892321742685,90.91368785349427,70.8590992727799,67.7166313553667,24.495596402103242,7.342403954939402,127765.0,436234.739847942, 0.0, 0.0,2.8421709430404007E-14,28.972432575244383, 206.02348402581484,206.02348402581484,0.0, 192.82084535677808, -3.7669889770442273, 18.156470092143728, -3.7669889770442273, 209.89849132187302, -28.2973645302847, 18.156470092143728, -28.2973645302847, 251.2258022536073, 3.939263339108536, 4.48326491072694, 42.0, 0.0
7, 0 ,0.3333333432674408,0.3333333432674408,0.3333333432674408,198.23667604169128,127.09867410366098,69.23766869135686,15.190459612821156,13.423205119107722,14.898686740989996,75.0,68.0,79.0,-0.8126696254838379,-0.1833377199227171,0.5531323171443685,15.843700645339496,0.41509437575278196,0.4840677813740718,0.7703084072330982,14.717703744538262,-0.40898012058578975,0.855608358706905,-0.3172847261948005,12.855726812336005,77.52305802053745,79.0491987220347,69.38777602107855,24.157496743685073,7.022728572526731,126933.0,425217.7017583327, 0.0, 0.0,0.0,NaN, 176.9285218040506,176.9285218040506,0.0, 230.75006324875068, 23.09277833642812, -22.130872529804964, 23.09277833642812, 180.18243566963974, 10.447915038963627, -22.130872529804964, 10.447915038963627, 221.9708666061511, 3.2325275337124224, 4.1142574530381815, 35.0, 0.0
8, 0 ,0.3333333432674408,0.3333333432674408,0.3333333432674408,118.28696954878171,33.05450636114539,269.3628996576858,14.599825905965004,13.768366555215021,14.825429750757285,73.0,66.0,64.0,-0.6724862557199177,0.2809825023424115,0.6846977940998507,15.565546520809642,0.500036149102786,-0.5095553323733826,0.7002265439415354,14.203137744092732,-0.5456428185711429,-0.8132663749518037,-0.20216754911333026,13.360420693553356,79.99314903410243,83.79060242873811,68.76421452113325,24.02459986099212,6.733112422732064,128829.0,460904.12296039733, 0.0, 0.0,0.0,NaN, 126.58214515956998,126.58214515956998,0.0, 213.15491648448685, -17.971164102581795, -21.23685971593801, -17.971164102581795, 189.56791759876356, 3.983603991364872, -21.23685971593801, 3.983603991364872, 219.79336729463924, 3.4538905519554404, 4.177286261882454, 30.0, 0.0
9, 0 ,0.3333333432674408,0.3333333432674408,0.3333333432674408,22.24009694133378,86.98808745992433,220.1865284974093,12.95318106737559,17.69817350624395,13.955765578727943,54.0,90.0,65.0,-0.040083491729271496,-0.9881269955506032,-0.1483184221697604,17.788720287176844,0.4882269907189341,0.11014283596488222,-0.8657383907504318,14.24314543894186,0.8717956866286525,-0.10711487454948035,0.47801536003137557,12.508712030399966,88.86721999061584,71.36697401266213,66.08318227362535,24.861636557037173,7.594252156435714,131626.0,419111.7395898421, 0.0, 0.0,0.0,NaN, 120.13217514550473,120.13217514550473,0.0, 167.7848997642174, 8.83116156385516, -18.660871409171797, 8.83116156385516, 313.22534545711534, 19.0204934943242, -18.660871409171797, 19.0204934943242, 194.76339288840768, 3.4830601937679315, 4.105968366699162, 34.0, 0.0
10, 0 ,0.3333333432674408,0.3333333432674408,0.3333333432674408,97.67019382494156,256.78153557957626,49.363896412930664,12.767020922778421,12.976988505975598,17.162042098643372,77.0,65.0,78.0,-0.11385840063809043,0.18182526448482172,0.9767168667526741,17.362556615180218,0.6736230218122295,0.7367462012065167,-0.058626440215375636,13.243775034384154,-0.7302522092323285,0.6512638545188818,-0.20636642824963627,12.209782698548597,81.25332400474637,64.38840286694358,67.65956214295193,23.970771494786597,7.164974310293578,118509.0,353979.38653348194, 0.0, 0.0,-7.105427357601002E-15,12.388097274197495, 117.66093955823928,117.66093955823928,0.0, 162.99682324266197, 9.907115224394236, -17.98512440996562, 9.907115224394236, 168.40223068422276, 25.924581914713286, -17.98512440996562, 25.924581914713286, 294.5356889956074, 3.8579662274864286, 4.115782885311272, 27.0, 0.0
11, 0 ,0.3333333432674408,0.3333333432674408,0.3333333432674408,69.47153104365589,57.38052349057052,137.28653270628473,14.842775349467527,12.873155955365526,12.838074821555786,73.0,62.0,60.0,-0.8990692277048525,0.28365690671645266,0.33348655605024646,15.331934759649169,0.3235998895169363,0.9436163914869655,0.06979410592409928,12.639981175620756,-0.29488580043607887,0.17066594560477402,-0.9401678040179857,12.490193827783584,78.56621338939894,62.68378500623979,62.66456425260621,22.562362163983124,6.463907721422546,105255.0,308612.1773814221, 0.0, 0.0,0.0,NaN, 164.21452482687198,164.21452482687198,NaN, 220.30798007476088, -19.013878308493783, -23.620330670711297, -19.013878308493783, 165.7181442511629, 7.7269563635729615, -23.620330670711297, 7.7269563635729615, 164.8161651238646, 2.9542537124447117, 3.7738490186275175, 30.0, 0.0
12, 0 ,0.3333333432674408,0.3333333432674408,0.3333333432674408,231.73325122403674,121.19032630842685,11.715506492716601,13.024951215576673,16.463955651180534,7.591238792363056,68.0,89.0,33.0,0.19556009967977409,0.9801445852812168,-0.032754226553952034,16.597580253024685,-0.9804845068910459,0.19609624189168398,0.014014123682225522,12.864165257227581,-0.02015884817789341,-0.029374408247128555,-0.9993651809925497,7.574409431369086,90.39458391145862,61.728478265656605,34.19780045507391,21.12425101098535,7.218318050611215,65766.0,190820.99441929263, 0.0, -1.4210854715202004E-14,0.0,11.436636904364871, 139.58759712655112,139.58759712655112,0.0, 169.64935416815226, 21.019111614340527, -2.882642544753725, 21.019111614340527, 271.06183568403947, -6.704999464302819, -2.882642544753725, -6.704999464302819, 57.626906402677704, 3.945380185840901, 4.231633791511147, 27.0, 0.0
13, 0 ,0.3333333432674408,0.3333333432674408,0.3333333432674408,201.89340925582025,192.29767190171071,14.419672615021337,15.696418463531186,15.597562266504976,8.35527039458627,81.0,84.0,37.0,-0.7448112433676026,-0.6672469790559864,-0.00613846021943709,16.10512862883071,-0.6663332934580883,0.7442170209500227,-0.04627059279467455,15.186789359164175,0.035442259839105976,-0.030372597335978614,-0.9989100818134553,8.334164950109129,74.84271033282585,76.81274959384537,39.20756287373977,22.387798183046666,7.63272802618034,81311.0,225399.353225615, 0.0, 0.0,0.0,NaN, 146.39884420159171,146.39884420159171,0.0, 246.3775525822827, 14.454820656148925, 5.837750151325044, 14.454820656148925, 243.28394865749988, -4.77242631346294, 5.837750151325044, -4.77242631346294, 69.8105433666498, 3.4375177928562235, 4.1403229197510445, 26.0, 0.0
14, 0 ,0.3333333432674408,0.3333333432674408,0.3333333432674408,268.09440107876094,104.59382181452149,106.78133249767345,14.59738624718016,13.115291769802313,13.402607067393621,65.0,78.0,71.0,0.8471709446012762,0.3914605073222967,0.3592493031730915,15.264225193372424,-0.25218675364588283,-0.29887142880245315,0.9203682471332504,13.117215376108884,-0.46765717348174274,0.8703071528216637,0.1544740361307269,12.635922193577535,74.58491142864654,67.59623970511547,73.63761284273271,22.81038100408962,6.664154718166686,105306.0,371255.7741246434, 0.0, 0.0,0.0,NaN, 152.84007254077557,152.84007254077557,0.0, 213.08368524936444, 25.25294681539471, 19.440779952145018, 25.25294681539471, 172.0108782070443, 6.903081827464685, 19.440779952145018, 6.903081827464685, 179.62987620294945, 2.9935051952716805, 3.822561949821505, 36.0, 0.0
15, 0 ,0.3333333432674408,0.3333333432674408,0.3333333432674408,72.89530004750092,221.03443816963107,18.676888161714256,14.007250592639831,11.610403699450016,11.100979548798943,64.0,58.0,46.0,-0.9315909403789097,-0.35321152665612676,0.08590656110674287,14.349071855693083,0.31640973042626946,-0.6715780428280421,0.6699759808253065,11.849781104708144,-0.17895027883608844,0.6513252258499618,0.7373955843887202,10.3886050470081,65.59059953286821,60.15333301918632,58.0606383573724,20.45479265365181,5.986463703067712,75788.0,229077.85246971983, 0.0, 0.0,0.0,NaN, 109.07846201522182,109.07846201522182,0.0, 196.20306916500888, 25.3329849959891, -0.9523920994985513, 25.3329849959891, 134.8014740642026, -17.593282288780227, -0.9523920994985513, -17.593282288780227, 123.23174694285238, 3.9479382716199116, 4.178656353341099, 21.0, 0.0
16, 0 ,0.3333333432674408,0.3333333432674408,0.3333333432674408,87.98311199683887,286.6740426409195,173.54051918154173,10.869166822507136,8.141852950107195,15.923059948422075,55.0,33.0,70.0,0.16230192708945687,0.04012441478945327,0.9859250051605607,16.05422154751099,-0.9740449829854457,0.16628246215236114,0.15357901517274475,10.754932933664989,0.15777976924793036,0.9852614749995822,-0.06607094896940194,8.035283634913233,72.77879775942796,53.008756057579866,36.018326552536166,19.853050060989762,6.620332187549572,58207.0,138955.58957247282, 0.0, 0.0,0.0,NaN, 154.63055786311557,154.63055786311557,2.6973983046972182E-6, 118.13878741548987, -7.018956759220816, 23.266331031584738, -7.018956759220816, 66.28976946116924, 8.946866707292784, 23.266331031584738, 8.946866707292784, 253.54383812104325, 4.112749520871587, 4.185162525878174, 15.0, 0.0
17, 0 ,0.3333333432674408,0.3333333432674408,0.3333333432674408,227.16069160691606,96.89345893458935,133.47365473654736,13.60397659316939,12.495710885852525,13.7220102889377,68.0,58.0,71.0,0.5124421072568449,0.4712983221149787,0.7178307448708017,15.021850318573845,-0.8582603548055541,0.25369623463408425,0.44612485236930355,13.063486727631386,0.028146937297143196,-0.8446988292309241,0.5345012982366807,11.540964586350116,72.32901794188328,60.64593726923758,59.41615905770953,22.144508708521716,6.255019593748345,99999.0,260626.66951784203, 0.0, 0.0,0.0,NaN, 180.30286669995792,180.30286669995792,0.0, 185.06817914750067, 14.17419182571913, 19.668465105035228, 14.17419182571913, 156.1427905428133, 35.52090838471565, 19.668465105035228, 35.52090838471565, 188.2935663697121, 3.5350159400930945, 3.9878909449520146, 25.0, 0.0
18, 0 ,0.3333333432674408,0.3333333432674408,0.3333333432674408,255.45620789220405,34.25906661478918,262.4241496528987,12.886355156296636,14.804254256821578,12.626746717453871,78.0,70.0,70.0,0.11661758470590537,-0.9669819421890011,0.22659713682601665,14.90968821323562,0.7720217251688475,0.2317902156421386,0.5918240885600105,13.448429604841314,-0.624806205798788,0.10592081671210064,0.7735618823225228,11.895367355794248,74.4496888643342,69.78786675698223,67.1917921017089,22.370211315659898,6.650749707671236,97666.0,349107.3840992713, 0.0, 0.0,0.0,NaN, 67.60013010317999,67.60013010317999,0.0, 166.0581492142129, -2.0680274823228615, 20.118982942533645, -2.0680274823228615, 219.16594410061978, -12.304874106830026, 20.118982942533645, -12.304874106830026, 159.43473266673212, 3.4479939281742724, 3.7961911869789353, 22.0, 0.0
19, 0 ,0.3333333432674408,0.3333333432674408,0.3333333432674408,51.59766859459782,63.043274104108285,280.5797060401884,14.06980279164513,11.197267494582823,10.123053938083151,71.0,56.0,42.0,-0.952389523677961,-0.25875302469494865,0.16124846479790525,14.323723545752436,-0.3040156124536763,0.8458720435237566,-0.4382636117331211,11.305132533462555,-0.022993533283995227,-0.4664197232066404,-0.8842646319009699,9.635314896777926,67.80378000153988,55.05252903133764,51.06135207454989,19.757073376586522,5.9558729474849414,67084.0,190600.26107217968, 0.0, 0.0,0.0,NaN, 83.74915899069775,83.74915899069775,0.0, 197.95935059578505, 18.689851053453616, -12.591701955388947, 18.689851053453616, 125.37879934524108, -17.649482538826973, -12.591701955388947, -17.649482538826973, 102.4762210333408, 3.8092266946473927, 4.055576194020933, 17.0, 0.0
20, 0 ,0.3333333432674408,0.3333333432674408,0.3333333432674408,132.86700705375617,251.644698793723,252.2293499171214,13.763293508264509,13.566898688968589,10.642983294380576,65.0,64.0,48.0,0.9394185924697622,-0.2831455869501674,0.19318717533204902,13.926978088150081,-0.2702863621717342,-0.9585152056183626,-0.09052006972135511,13.538251469793442,-0.21080320335825273,-0.032820377649167634,0.9769773959846076,10.465042288909336,66.03471693382684,66.98821008636372,49.01332741208569,21.156619318667655,6.2577584357979905,82651.0,216812.78149717348, 0.0, 0.0,0.0,NaN, 149.2444696714538,149.2444696714538,0.0, 189.42824819463596, -3.350225295028462, 17.129944154202605, -3.350225295028462, 184.0607400367376, 1.7813225449924879, 17.129944154202605, 1.7813225449924879, 113.273093404464, 3.64056625878134, 3.959240075346296, 28.0, 0.0
21, 0 ,0.3333333432674408,0.3333333432674408,0.3333333432674408,177.94486713696867,272.2276185666107,284.42284820541227,11.714776288349542,15.003375335604035,8.558213668221612,58.0,60.0,35.0,-0.09467433292886912,0.995502006195784,0.003539257640125828,15.030368123425532,0.9837403737136932,0.09300956180354668,0.15363625398568703,11.747023879422732,0.15261601426493848,0.018027120493351707,-0.988121133827529,8.466152620205309,62.22704560429892,58.46531946859125,38.741838763696194,19.877751651201045,6.360445379937653,61379.0,140947.6173171354, 0.0, 0.0,0.0,NaN, 126.14043081710767,126.14043081710767,0.0, 137.23598348607666, -8.46872283306326, 9.971324367081568, -8.46872283306326, 225.10127146101152, 1.4910700357155424, 9.971324367081568, 1.4910700357155424, 73.24302119093521, 3.5966771004259375, 4.143350428775114, 16.0, 0.0
22, 0 ,0.3333333432674408,0.3333333432674408,0.3333333432674408,72.89219755760091,33.69651687421043,31.504529868254828,12.757565772930315,11.8026101141245,12.944130518623979,58.0,54.0,66.0,0.5990191915760278,0.2207200001018637,0.769713381511998,13.080522921801219,-0.7319556410924404,-0.23883374062529014,0.6381217625280344,12.744114487855201,-0.3246797616060414,0.9456432339386582,-0.01849125494604316,11.665979206758504,63.50805835076228,60.07923734127923,52.88252715452171,20.84704025047954,5.916799610822924,83115.0,201774.11318167302, 0.0, 0.0,-3.552713678800501E-15,39.67184226310337, 86.2627562534958,86.2627562534958,0.0, 162.75548445064308, 9.228897204992212, 3.847627836366665, 9.228897204992212, 139.30160550603392, 1.936139823098255, 3.847627836366665, 1.936139823098255, 167.5505148831727, 3.176941781570957, 3.721872583191105, 27.0, 0.0
23, 0 ,0.3333333432674408,0.3333333432674408,0.3333333432674408,237.61185089706288,34.44169802200718,91.70419197998314,14.137310134736223,12.647142551603302,14.364835521120302,68.0,66.0,75.0,0.6687137079747256,-0.025604568689603487,0.7430789882838246,15.179492461252618,-0.6290873213702572,0.513234353949936,0.5838147309008108,13.591376748184825,0.39632198886497316,0.8578664837769399,-0.327099338358091,12.289008862508231,72.69874070789547,64.38894618583686,57.46697468395416,22.820071795792238,6.73844012735214,105511.0,269002.6385857825, 0.0, 0.0,0.0,NaN, 116.13858332970594,116.13858332970594,NaN, 199.86353784571554, -12.242009830318338, 27.07392099732018, -12.242009830318338, 159.9502147205749, 8.588761711715843, 27.07392099732018, 8.588761711715843, 206.34849954883956, 3.949088713684704, 3.9949219137655336, 24.0, 0.0
24, 0 ,0.3333333432674408,0.3333333432674408,0.3333333432674408,17.09483008163029,99.88750072367279,156.02668905227813,10.374277216346943,14.939843462277917,13.56842017599311,42.0,75.0,66.0,0.05166863448388973,-0.9909223378459443,0.12410992131371877,14.968637493548826,0.07270171293105626,0.12767843215676702,0.9891474505344897,13.563217922133289,-0.9960144643264278,-0.042084894201092425,0.07863872158563101,10.339515834637849,77.52420865473272,68.38166235633975,45.236196797158314,21.699482782294616,6.637697152792206,86365.0,239807.67628352265, 0.0, 0.0,0.0,NaN, 176.062660100292,176.062660100292,0.0, 107.62562776161526, -5.2830038896182065, 6.29251915315058, -5.2830038896182065, 223.19892267736824, -4.676520455833542, 6.29251915315058, -4.676520455833542, 184.1020260722969, 3.226897932435065, 3.933208336323126, 31.0, 0.0
25, 0 ,0.3333333432674408,0.3333333432674408,0.3333333432674408,288.102645325054,55.29709035222052,158.0192577985693,7.347787992797285,13.916310341486376,12.289336946443367,32.0,65.0,57.0,-0.08176932106546835,0.9677480715368119,0.23828018836922238,14.059040652164013,-0.06668751473141588,0.23323235585650637,-0.9701316630027959,12.183226305191829,-0.9944176956950428,-0.09521732099992933,0.04546546238802426,7.252162245024307,62.74111919529496,55.926481916082935,34.9875713365077,18.93262236153038,6.343287397445566,47669.0,122767.54156857883, 0.0, 0.0,0.0,NaN, 152.8327399667762,152.8327399667762,0.0, 53.98998838709595, -12.969742664906198, 3.3738440410246353, -12.969742664906198, 193.66369352056066, 11.766080074192244, 3.3738440410246353, 11.766080074192244, 151.02780258321798, 3.6634229625778607, 3.9953674924783167, 14.0, 0.0
26, 0 ,0.3333333432674408,0.3333333432674408,0.3333333432674408,80.03584064998034,9.522910933473113,267.3892456209322,13.789861180662305,6.132209547763449,13.533580323361603,65.0,25.0,61.0,0.7398093463801506,-0.01415224965851599,0.6726677075928185,14.964830085197844,0.672382596722805,-0.02035156428757853,-0.7399239538326534,12.225204655078091,-0.024161428618209076,-0.9996927166187878,0.005540551098544676,6.125381078032057,71.45548857362772,59.596558190391434,25.86258646729877,19.141974977567237,6.671345864715058,45786.0,110135.85506128636, 0.0, 0.0,0.0,NaN, 86.9475872141821,86.9475872141821,0.0, 190.16027138193718, -3.4835997213522067, 37.08487852042231, -3.4835997213522067, 37.6039939376812, -0.08913900878776665, 37.08487852042231, -0.08913900878776665, 183.15779636888035, 3.896211530302625, 4.192619463409224, 15.0, 0.0
27, 0 ,0.3333333432674408,0.3333333432674408,0.3333333432674408,260.58331649956943,274.70158520896905,53.382034298351,13.994274845993303,13.485191492515092,12.665155839702685,73.0,54.0,70.0,0.7359688714703294,0.4236165808876801,0.5281087128837413,15.65989428489995,-0.36631424526655115,0.905173175612415,-0.21558152951153617,12.963517904498216,-0.5693537511437745,-0.03479244959424492,0.8213560686509507,11.171893529051792,81.79675529987986,64.46140913516355,58.928849453761615,22.206385767607017,6.706170415304766,94057.0,310716.1545375029, 0.0, 0.0,0.0,NaN, 71.01638060998667,71.01638060998667,0.0, 195.83972846520086, 23.20556181368642, 50.21906597298398, 23.20556181368642, 181.85038958980144, 18.50197155646185, 50.21906597298398, 18.50197155646185, 160.406172443955, 2.88957253466672, 3.584959431806998, 26.0, 0.0
28, 0 ,0.3333333432674408,0.3333333432674408,0.3333333432674408,165.07317600172857,102.28348498307444,211.39458142270664,14.468378367050088,11.005587624211904,13.040497631240331,66.0,52.0,63.0,0.8789276953183891,0.03671912472387346,0.4755394960272149,15.03850090906013,0.45763785871244567,0.215951013574872,-0.8625153621872906,12.451600175953052,0.1343640453223729,-0.9757135161590714,-0.17300126505060376,10.923033162227304,71.8717819651701,66.77962965039663,56.57877618481113,21.430163686420872,6.42336316659232,83306.0,271553.8523707566, 0.0, 0.0,0.0,NaN, 191.0970416720277,191.0970416720277,0.0, 209.33397257212295, 6.979291714200393, 30.553761213444066, 6.979291714200393, 121.12295895420623, -4.7894081444148835, 30.553761213444066, -4.7894081444148835, 170.05457847038468, 3.2964346593791114, 3.7708438457551265, 25.0, 0.0
29, 0 ,0.3333333432674408,0.3333333432674408,0.3333333432674408,86.24863591269842,60.207172168109665,219.61093073593074,12.477035784826874,13.43954827549059,12.772940257176318,73.0,65.0,61.0,0.16529119319030539,0.7905680519973722,0.5896447885081373,14.276802903043391,0.9862175150539958,-0.13694064460768146,-0.09285619448994444,12.42274761842141,0.007337196634059819,0.5968663292693883,-0.8023071422653794,11.886720452469003,70.5012381686023,70.8402071091991,59.57237466317608,21.46049712209824,6.236420921567807,88704.0,297523.6400376854, 0.0, 0.0,2.8421709430404007E-14,53.868194632556545, 132.38630304689732,132.38630304689732,0.0, 155.67642197585036, 6.411614107958232, 4.901367724330872, 6.411614107958232, 180.6214578492421, 29.31571209715237, 4.901367724330872, 29.31571209715237, 163.14800281339544, 2.9052941702372794, 3.599936522192303, 29.0, 0.0
30, 0 ,0.3333333432674408,0.3333333432674408,0.3333333432674408,145.60605719070008,286.84791009209766,25.545501384684744,13.86529770128586,8.495087172345226,13.623560865539385,69.0,37.0,61.0,-0.777595111236222,-0.14344362177675038,0.6121844251147658,14.414352969062454,-0.6149301532036616,-0.02962728976794326,-0.7880248285313909,13.153562972281893,-0.1311745008088424,0.9892149165234897,0.06516977263253355,8.32013261225918,77.1660112911695,65.9685114313154,41.17872120155559,20.14909424155352,6.635389838813789,62108.0,209621.38790054803, 0.0, 0.0,0.0,NaN, 148.4138605405907,148.4138605405907,0.0, 192.24648034528295, 17.344847945889363, -15.658324493155513, 17.344847945889363, 72.16650606574441, -9.743305112388883, -15.658324493155513, -9.743305112388883, 185.60141065705625, 3.750878446480223, 4.038892598301406, 14.0, 0.0
31, 0 ,0.3333333432674408,0.3333333432674408,0.3333333432674408,286.8978096138222,28.26195095259414,25.649488467724552,8.318418928068391,13.708574487873094,13.945236001420493,36.0,62.0,56.0,8.523583351367353E-4,-0.6797502351117635,0.7334431752704303,15.301449226852952,0.1998981786554773,-0.7185242848198083,-0.6661558153273202,12.31641895692678,-0.9798163050569692,-0.14718175834554303,-0.13526839377630964,8.1093890474697,80.5102644683183,64.5291502110328,41.34780055144057,20.146417269409596,6.76110836286977,60309.0,214812.53085312963, 0.0, 0.0,0.0,NaN, 40.35221831843228,40.35221831843228,6.743495761743046E-7, 69.19609346284648, -12.44011003795712, -11.33773072963307, -12.44011003795712, 187.92501448956503, -42.81204494872988, -11.33773072963307, -42.81204494872988, 194.46960713531425, 3.4846310574677424, 3.9128145766113493, 12.0, 0.0
32, 0 ,0.3333333432674408,0.3333333432674408,0.3333333432674408,184.3370057517575,281.64227958542887,119.05650337603157,12.635337676400313,10.035735569640849,13.570232192808884,65.0,40.0,74.0,-0.4331674799694787,0.01796677744399671,0.901134356910871,13.829665298617204,-0.8766312876100046,0.22397625721167272,-0.42585469562830414,12.468630025911061,0.2094839370455793,0.9744289769468724,0.0812689916644429,9.889012660136233,75.89052847125966,61.20851579779141,44.949224138353486,20.194221668436942,6.05907250272231,71978.0,208795.736165973, 0.0, 0.0,0.0,NaN, 167.00115309007768,167.00115309007768,0.0, 159.6517581966613, -12.051429268717513, -14.953355225102046, -12.051429268717513, 100.71598842375455, -3.987762247824847, -14.953355225102046, -3.987762247824847, 184.15120176674662, 3.6800992985531953, 4.0637049928702655, 25.0, 0.0
33, 0 ,0.3333333432674408,0.3333333432674408,0.3333333432674408,187.1397960990665,14.50406031015204,10.581497128690328,15.72718882327411,9.334347660797112,6.754352913912847,71.0,37.0,28.0,-0.992286008226577,0.12391547212058913,-0.0036651939781786936,15.807311548338197,0.11833077062057683,0.9379213966402434,-0.32603877445597884,9.479963541270244,-0.03696358481136012,-0.3239574192599203,-0.9453492920102844,6.352557806993212,70.84237897033961,43.91903797267367,30.302961903555513,18.303476597855315,6.714055574168724,39529.0,94282.48815862705, 0.0, 0.0,0.0,NaN, 114.27931340153077,114.27931340153077,1.3486991523486091E-6, 247.34446828291811, -20.266625446479818, -1.1483051211298858, -20.266625446479818, 87.13004625262853, -15.236695344915065, -1.1483051211298858, -15.236695344915065, 45.62128328568296, 4.284093880470778, 4.156589111684884, 13.0, 0.0
34, 0 ,0.3333333432674408,0.3333333432674408,0.3333333432674408,106.1584571576495,35.60368625420657,162.52917421692985,11.50659823995895,11.888851671794894,16.804229325897097,62.0,64.0,82.0,-0.0968564310699823,-0.1976826153492662,0.9754693308090524,17.021572724815154,-0.5150212088925934,-0.8287084870247469,-0.21907851999675246,11.752360352228855,-0.8516877280736158,0.5236065575619062,0.02154499308360693,11.325935214908073,84.88291347156235,63.85364862132454,57.85182579398623,22.526256642386556,6.978286469359538,96575.0,313561.73978117673, 0.0, 0.0,0.0,NaN, 177.30050322111245,177.30050322111245,0.0, 132.40180305582643, 7.291626085962989, -14.144167259039172, 7.291626085962989, 141.34479407394025, -29.347630194368907, -14.144167259039172, -29.347630194368907, 282.38212323733995, 3.2117816110734894, 3.7114309816454614, 23.0, 0.0
35, 0 ,0.3333333432674408,0.3333333432674408,0.3333333432674408,231.78290767324762,84.00301201395756,279.64618497175525,13.079001074619622,14.349226423359202,11.499719225468532,63.0,68.0,53.0,-0.2691009293787283,0.8858773868003389,0.3778967390217952,14.876677096022949,0.9135219095298761,0.3590578432460606,-0.19119410559004235,13.151381272836996,0.30506132271462,-0.29376643913028827,0.9058912013174192,10.720529815288062,64.91344019130656,63.396948206868586,51.605200240892714,21.631694833891864,6.424475771357141,87981.0,212371.60332025588, -2.8421709430404007E-14, 0.0,0.0,74.38922607604889, 110.11065116117405,110.11065116117405,0.0, 171.0602691099012, -6.327394216176423, -20.9539771887054, -6.327394216176423, 205.9002989488299, 31.631099453091007, -20.9539771887054, 31.631099453091007, 132.24354226461057, 3.000398075939928, 3.7946583703534755, 21.0, 0.0
36, 0 ,0.3333333432674408,0.3333333432674408,0.3333333432674408,255.31425882568976,10.587315796722214,26.062778313363633,13.913021041019277,6.690530243480465,11.754846062071579,68.0,29.0,49.0,-0.9987496142057017,-0.029620425559215277,0.040272056238207926,13.920435408926233,0.042137097085217935,-0.06529769002853436,0.9969757653655222,11.768738618235055,-0.02690117419729696,0.9974261085747798,0.06646416147201617,6.650565745208982,68.5759609942015,49.15242236051293,30.438215953362658,18.349734762804797,6.308644030573449,43566.0,102597.32133963703, 2.8421709430404007E-14, 0.0,0.0,2.865529666956432, 52.80317351720923,52.80317351720923,0.0, 193.57215448784515, 4.164762875340281, -2.0547100465560497, 4.164762875340281, 44.763194938926766, -6.31559722499278, -2.0547100465560497, -6.31559722499278, 138.1764059429997, 4.753491558777243, 4.100048950799883, 10.0, 0.0
37, 0 ,0.3333333432674408,0.3333333432674408,0.3333333432674408,151.3969281147669,96.84769218774365,158.09423566713446,11.7873765256931,12.06465065889753,12.848086334402318,55.0,60.0,65.0,0.26644995478138794,0.51706451419097,0.8134179182692329,13.153589479077946,-0.6326714249324341,-0.5428431560289415,0.5523116656621525,12.340989486249834,-0.727139113011368,0.6617896917578837,-0.18249140859790042,11.1469469206646,66.40019022657498,65.93659583326176,52.43108680739951,20.375012268054398,5.867728556483715,76956.0,229553.91566406688, 0.0, 0.0,0.0,NaN, 227.15544106781698,227.15544106781698,0.0, 138.94224535846072, 16.350114278719925, 0.7685232770897286, 16.350114278719925, 145.5557955212366, 12.100401999252433, 0.7685232770897286, 12.100401999252433, 165.07332245625557, 2.8900138357437055, 3.5029174822608136, 22.0, 0.0
38, 0 ,0.3333333432674408,0.3333333432674408,0.3333333432674408,177.0809967850802,285.3395179219782,243.29334143727706,14.296977782582033,8.617543547789081,12.451886333630485,67.0,36.0,58.0,0.975415323960909,0.1405121865471402,-0.16976828683230596,14.448855366243505,-0.167553401707934,-0.027533770444393528,-0.9854784366292421,12.387742940738862,-0.14314609096421083,0.9896960224820835,-0.0033135667804902722,8.455146788725186,67.25571680159186,60.94401666798058,38.60198905179857,19.87133421069233,6.232590189187272,62521.0,158223.12688704184, 0.0, 0.0,0.0,NaN, 136.1604061813077,136.1604061813077,0.0, 204.40357371564428, 19.193417911472313, -9.198453016400377, 19.193417911472313, 74.26205679804121, -1.0506671148746998, -9.198453016400377, -1.0506671148746998, 155.04947326565363, 3.595552798035552, 4.02144803811596, 14.0, 0.0
39, 0 ,0.3333333432674408,0.3333333432674408,0.3333333432674408,48.37633089840696,105.69873851047198,260.3199951481172,13.978335904679659,11.231850415587267,10.993707510678256,67.0,53.0,51.0,-0.9319520804891394,0.32574127790815166,0.15924176442984114,14.437803118801556,0.09663589305558254,0.6464512948716672,-0.7568105625135625,11.230402521591396,0.34946648458087487,0.6899227081532459,0.633939928486269,10.384500159289598,66.83811828789715,53.60977544364694,47.79855071945559,20.204063189170828,5.848570244124509,74198.0,171270.644269019, 0.0, 0.0,0.0,NaN, 122.82913131233462,122.82913131233462,0.0, 195.39387466405648, -29.401195118843667, -16.26864908111912, -29.401195118843667, 126.15446375812789, -3.7264097206682405, -16.26864908111912, -3.7264097206682405, 120.86160483034348, 3.134617196621575, 3.6580957690468736, 22.0, 0.0
40, 0 ,0.3333333432674408,0.3333333432674408,0.3333333432674408,56.92506822174872,132.93364734028634,283.0048035587455,11.844470310068983,11.902388917783451,9.438257406958371,59.0,59.0,40.0,-0.6714518239439031,0.7320041182965169,-0.11542278336335363,12.367531253697674,0.7401431075656361,0.670142813637312,-0.05564880639645261,11.401601163378734,-0.03661459334047887,0.12279487011762695,0.9917564173865004,9.385451686324759,60.378074532272194,57.83667425000158,43.41438089557357,18.435892100024137,5.581838785968676,53502.0,151605.9280910096, 0.0, 0.0,0.0,NaN, 145.60444598060596,145.60444598060596,0.0, 140.29147692610562, -11.09620215716829, 3.3012271964975537, -11.09620215716829, 141.6668619501743, -7.043717008082892, 3.3012271964975537, -7.043717008082892, 89.08070288000455, 4.088871899234246, 4.004640645629001, 15.0, 0.0
41, 0 ,0.3333333432674408,0.3333333432674408,0.3333333432674408,83.55512634401988,210.52344807223875,66.6078660531949,11.439189695165373,13.010995828511135,13.031140240927042,51.0,60.0,60.0,0.3001629219955553,-0.6436588032010047,0.7039925889673422,14.336930351926803,-0.3361447699987799,-0.7620560270330263,-0.5534232605023998,11.993081308844467,-0.892697548927719,0.07052628392656538,0.4451035041582484,10.980442528134535,63.666094194038656,58.493553634629706,56.99036023462414,20.83665091886448,5.982112318874219,81286.0,212235.29841343744, 0.0, -2.8421709430404007E-14,0.0,49.934808532066256, 139.3704427179839,139.3704427179839,0.0, 130.85506088197766, -10.458554619635636, 22.28458347336112, -10.458554619635636, 169.28601244953416, -28.694622600415645, 22.28458347336112, -28.694622600415645, 169.81061597870809, 3.4439982962556863, 3.723388548120608, 20.0, 0.0
42, 0 ,0.3333333432674408,0.3333333432674408,0.3333333432674408,285.0212046821077,219.7970612302985,8.307432312235386,8.67510562727265,15.992478349585541,5.279819034584252,34.0,69.0,23.0,-0.09674311962989682,0.9899985657809762,0.10268207514403808,16.126322413800704,0.9924404585882746,0.08812211984062313,0.08541913223564418,8.59023588999745,0.07551625627221646,0.11016955907329991,-0.9910398394071875,5.004286483066978,70.4127740172849,37.56628911288914,22.83477925983645,17.645273657714135,6.89475365685039,28107.0,60401.3393140141, 0.0, 0.0,0.0,NaN, 82.01151826477897,82.01151826477897,NaN, 75.25745764433759, -18.245314280900054, 1.7980492525672478, -18.245314280900054, 255.75936376196228, 24.25746589493708, 1.7980492525672478, 24.25746589493708, 27.87648903795818, 3.364301216226125, 4.043289424948022, 14.0, 0.0
43, 0 ,0.3333333432674408,0.3333333432674408,0.3333333432674408,201.03164154299589,170.90638673574054,48.29352497435698,11.947498666539163,12.104042149497053,12.232550896311889,62.0,55.0,59.0,-0.4998833191234955,0.7265912727381424,0.47136163361356015,12.76174060903688,0.5538752969937886,-0.15021191836998282,0.8189374426411651,12.20003857536469,0.665836933972665,0.6704487317911612,-0.3273525246542388,11.277539517194771,63.746458544827405,59.50480493020005,56.92063007480661,20.185919504119983,5.604865381776462,77019.0,215912.50546622695, 0.0, 2.8421709430404007E-14,0.0,43.39861557177388, 169.6825315574502,169.6825315574502,NaN, 142.74272438695508, -14.760966313182397, 1.416931921181548, -14.760966313182397, 146.50783635680122, 9.55539951265401, 1.416931921181548, 9.55539951265401, 149.63530143086078, 2.967062508093775, 3.4176719436176866, 18.0, 0.0
44, 0 ,0.3333333432674408,0.3333333432674408,0.3333333432674408,32.68370637902086,176.65265077850387,58.42330317561936,12.880114019713185,11.51808716679598,13.002399246520124,62.0,55.0,66.0,0.6653313542732255,0.31198296338016274,0.6782336025157466,13.660671607641119,-0.6728869871363101,-0.14288819384152324,0.7258140716487431,12.442264394535995,-0.3233531994021014,0.9392814246120482,-0.11486128074849962,11.233973619039665,64.03045118043244,57.08065209128411,56.84154149350549,20.809436206321998,5.88161713167712,82787.0,207750.14472279575, 0.0, 0.0,0.0,NaN, 140.34270760032422,140.34270760032422,0.0, 165.89733716081213, 15.290367577459252, 13.289045304861801, 15.290367577459252, 132.66633198191022, 9.816052111057234, 13.289045304861801, 9.816052111057234, 169.06238616590707, 3.0360844927686297, 3.6200312871754345, 23.0, 0.0
45, 0 ,0.3333333432674408,0.3333333432674408,0.3333333432674408,23.751146434901937,129.68350391674767,59.178855280462,13.058660080351844,12.660533301830739,12.477590274527108,56.0,61.0,60.0,0.6430289089714242,-0.6498722520745978,0.405191162552332,14.195994425498798,0.6503179531465371,0.1839160641793951,-0.7370627118176984,12.509174642251768,-0.4044754405922797,-0.737455718887752,-0.5408869388674777,11.33588363034686,71.65656165709967,64.88076531230857,59.65201443065186,21.211153050772683,6.049376157640042,87445.0,277330.1225568221, 3.552713678800501E-15, 0.0,0.0,49.98194979603638, 144.5132002877354,144.5132002877354,0.0, 170.52860309417483, -27.16957254580193, 5.616205269119348, -27.16957254580193, 160.28910348676516, -23.021384884875097, 5.616205269119348, -23.021384884875097, 155.69025905897348, 3.8908136101667834, 3.789438114530346, 20.0, 0.0
46, 0 ,0.3333333432674408,0.3333333432674408,0.3333333432674408,75.32971583797172,141.52466110948362,74.8660949692402,12.646985503477616,11.443009200141493,12.312829128687287,65.0,57.0,64.0,0.8115975226084342,0.21489804897238574,0.5432571120967633,12.912383966797606,-0.5793718089934103,0.17654991580691362,0.7957125323710037,12.131014906453244,-0.07508507334721413,0.9605461757648271,-0.2677933456679041,11.340338648618184,61.80934924317316,59.245523278902056,56.37401404357769,20.21778178771187,5.808249531175116,75098.0,206437.53762276165, 0.0, 0.0,0.0,NaN, 176.94272510144927,176.94272510144927,0.0, 159.94624232517296, 4.751363102453822, 8.254555680133276, 4.751363102453822, 130.94245955452283, 7.0581772100051605, 8.254555680133276, 7.0581772100051605, 151.60576115225015, 3.296227821707567, 3.635155776886516, 20.0, 0.0
