// Sample: .//bubblelabels.tif, Map: .//bubblelabels.tif, Thickness:(8.191250068658265):/afs/psi.ch/project/tipl/test/LabelValidation/Step3500//distmap.tif, Neighbors:(1.0):
//LACUNA_NUMBER, TRIANGLES, SCALE_X, SCALE_Y, SCALE_Z, POS_X, POS_Y, POS_Z , STD_X, STD_Y, STD_Z,PROJ_X, PROJ_Y, PROJ_Z, PCA1_X, PCA1_Y, PCA1_Z, PCA1_S, PCA2_X, PCA2_Y, PCA2_Z, PCA2_S, PCA3_X, PCA3_Y, PCA3_Z, PCA3_S,PROJ_PCA1, PROJ_PCA2, PROJ_PCA3,OBJ_RADIUS, OBJ_RADIUS_STD, VOLUME, VOLUME_BOX, Mask_Grad_X,Mask_Grad_Y,Mask_Grad_Z,Mask_Angle, Mask_Distance_Mean,Mask_Distance_COV, Mask_Distance_STD, SHAPET_XX, SHAPET_XY, SHAPET_XZ, SHAPET_YX, SHAPET_YY, SHAPET_YZ, SHAPET_ZX, SHAPET_ZY, SHAPET_ZZ, Thickness, Thickness_STD, Neighbors, Neighbors_STD
1, 0 ,1.0,1.0,1.0,79.57600495107863,137.9433160438524,39.90899445950725,16.130395750763423,15.735115802853715,16.067766735615475,98.0,82.0,80.0,0.1305408965449731,0.5473715609343389,-0.8266459027960765,16.295403391916178,0.9793088647622372,0.058858805871835375,0.19362279919844258,16.143192212488568,-0.15463900454714988,0.8348173544264919,0.5283623406536649,15.48592385881415,88.78326409794477,101.56095682141125,96.3141973090964,26.558578870001934,7.7845072214959,169660.0,868456.7620254525, 0.0, 0.0,-7.105427357601002E-15,34.24428291429677, 164.17498848459596,164.17498848459596,0.0, 260.18966707624674, 3.036546266736528, 1.165746295206007, 3.036546266736528, 247.59386932921672, -11.403797007444071, 1.165746295206007, -11.403797007444071, 258.1731278701512, 6.9607761902505185, 5.490233370502485, 50.0, 0.0
2, 0 ,1.0,1.0,1.0,57.44933798027021,265.2997780609446,15.617269052581834,15.292119051241043,20.422264183744062,10.507699089679154,88.0,90.0,45.0,0.01778075498888848,-0.9973032286840415,-0.07120473866541985,20.45937205550164,0.9528872595831485,0.03847054137022128,-0.30087520331659023,15.742064014962128,0.30280309654318666,-0.0625003000238217,0.9510015758245566,9.743255886540275,93.3881602225311,85.44427221731284,50.342464053318544,26.06163781691977,9.062039170455003,118501.0,401706.85541944666, 0.0, 0.0,0.0,NaN, 68.9088595875142,68.9088595875142,0.0, 233.84890507732925, -0.13496326960204238, -44.24093235705051, -0.13496326960204238, 417.0688743906356, 21.214033081375952, -44.24093235705051, 21.214033081375952, 110.41174015924412, 6.752833668127311, 5.2366766860857314, 19.0, 0.0
3, 0 ,1.0,1.0,1.0,78.01009049561588,15.28909832606555,256.8209499695222,14.960939481107502,9.656526231940868,18.65128974269944,77.0,40.0,83.0,-0.11968437246186565,-0.020613628979348965,0.9925979696174637,18.70587884726057,-0.9820874097627998,0.14901361718342993,-0.11532242400897197,14.996428091802896,0.14553340020010647,0.9886202608657239,0.038078986751011686,9.494527851907295,88.01079698395722,79.55207997644716,43.266085959937584,24.442323657339713,8.217154758276179,106635.0,302924.98970471654, 0.0, 1.7763568394002505E-15,0.0,88.81884239904565, 90.46414266599108,90.46414266599108,9.5367431640625E-7, 223.82971015736123, -19.07856772916036, -15.59856840781254, -19.07856772916036, 93.24849886816209, -7.630611390823357, -15.59856840781254, -7.630611390823357, 347.8706090661254, 6.7521750279626485, 5.099804126438579, 29.0, 0.0
4, 0 ,1.0,1.0,1.0,156.2162516881289,173.2657447739334,14.022996595210468,16.89245563663122,17.61235769311513,9.640268676522583,88.0,92.0,45.0,-0.35787873163593675,-0.9328061251785,0.0423738866771276,17.698825480599293,0.9096904481902018,-0.35853017244079655,-0.20956956821323655,17.084263925351223,0.21068009377765778,-0.03645337129876708,0.9768751454545208,9.130415315721402,92.36178682157703,81.75892421105479,48.61846401060675,24.755519904177266,8.697655740207269,105146.0,367137.4851126714, 0.0, 0.0,0.0,NaN, 192.176955329786,192.176955329786,0.0, 285.3550574355538, 8.737436472431543, -43.23672699467372, 8.737436472431543, 310.1951435102317, 6.580102230580512, -43.23672699467372, 6.580102230580512, 92.93478015554247, 7.75310452574341, 5.388036099558244, 24.0, 0.0
5, 0 ,1.0,1.0,1.0,16.11864107499161,166.54461179877455,13.74686137057899,10.619028063231564,15.386749565617151,9.59153326465111,45.0,76.0,44.0,-0.16142282940629946,0.9868376816554287,0.009698464383803462,15.496127540753362,0.863901011047983,0.14605057346171704,-0.48202102972979954,10.814821773078814,-0.4770929817726703,-0.06943068526554147,-0.8761059677269751,9.188198453825073,77.75229175208507,63.58968456835163,44.88220972483341,19.823972256723238,6.9658778007001265,56633.0,221908.58298743315, 0.0, 0.0,0.0,NaN, 135.1263387633444,135.1263387633444,0.0, 112.7637570076995, -20.69848404068234, -13.792932769744281, -20.69848404068234, 236.75206219501962, -0.8003716075922678, -13.792932769744281, -0.8003716075922678, 91.99751036690877, 6.991893735780217, 5.107132231149119, 15.0, 0.0
6, 0 ,1.0,1.0,1.0,190.86549267980982,113.38068747768234,234.22058298408163,14.073931836957657,13.31659446494992,13.25977411027551,81.0,68.0,69.0,0.8605877792739363,-0.3097681901118099,0.40426766202506137,14.502381806131254,0.018293741540887948,0.8120567281386581,0.5832917017283664,13.334583890807288,-0.5089734896679697,-0.49457814213690454,0.7045129155208002,12.771008157503228,75.20462822008528,71.28406704226165,62.57474193101703,22.592607278601978,6.38771878730305,106418.0,335456.418397668, 0.0, 0.0,0.0,NaN, 170.5650980824817,170.5650980824817,1.9073486328125E-6, 198.0755573513303, -12.369588222335041, 16.585346697308104, -12.369588222335041, 177.33168814393488, 1.0554205317603773, 16.585346697308104, 1.0554205317603773, 175.8216094555327, 6.360832376030645, 4.7752541585069945, 35.0, 0.0
7, 0 ,1.0,1.0,1.0,262.3524826229065,140.2834049812927,126.66953540028547,16.047588004565988,13.427326659055815,13.350009145949572,74.0,81.0,65.0,-0.9994467942016783,-0.03254371967429713,0.006856520236109078,16.05011507053097,-0.02870501139310531,0.7399695184984394,-0.6720276289068099,13.767351881710784,0.016796662790837344,-0.6718526758173612,-0.7404943309142498,12.99595146797985,74.80191973102123,72.54332725676257,69.55122217667846,23.783109742935284,7.099620914220407,118403.0,377411.370904851, 0.0, 0.0,0.0,NaN, 192.72244414267917,192.72244414267917,3.814697265625E-6, 257.5250807642902, 2.44688135525069, -0.20965735607132935, 2.44688135525069, 180.29310120899098, -10.286250600846298, -0.20965735607132935, -10.286250600846298, 178.22274419693724, 5.945555003778196, 4.5303768773789415, 35.0, 0.0
8, 0 ,1.0,1.0,1.0,22.098630498921132,135.78625214672596,190.1415474041129,13.891570203797658,15.555368695813629,14.054116531005528,67.0,77.0,72.0,0.2309426508174108,-0.8127853447561476,0.5348321936673761,16.709924236131677,0.9655693263565043,0.259112646464765,-0.023162738211894632,13.72865174250099,-0.11975545095265833,0.5217668251160239,0.8446407592435201,12.836119460829423,83.11773587099246,79.14848253922099,71.1492057668865,23.964959110347987,7.625230770021381,113545.0,468065.2007303181, 0.0, 0.0,0.0,NaN, 176.05435339333377,176.05435339333377,0.0, 192.97572272703889, -15.552082767107155, 13.606770977330282, -15.552082767107155, 241.96949526269862, -49.8965841252556, 13.606770977330282, -49.8965841252556, 197.51819146708286, 5.98808705916314, 4.520110068197994, 31.0, 0.0
9, 0 ,1.0,1.0,1.0,47.25735480211197,249.31695248069119,214.1803028319588,13.355692252725733,15.248702277523206,13.578054487784527,64.0,76.0,69.0,-0.09916327897967081,-0.8740715065394739,-0.4755687600734671,16.067346923907532,-0.7987248488999781,-0.2151204823792409,0.561926858061287,14.13667107666362,-0.5934688364621238,0.4355710958233315,-0.6768105795801032,11.715626063865582,82.08108394382475,69.52002666101987,64.03079802076121,23.413413645940185,6.860981111717302,114585.0,365377.6073285173, 7.105427357601002E-15, -2.8421709430404007E-14,0.0,37.578863115511915, 110.30434855775863,110.30434855775863,0.0, 178.37451554951815, 21.233698898607056, -22.39006807358395, 21.233698898607056, 232.5229211485414, 42.69144968144961, -22.39006807358395, 42.69144968144961, 184.36356367324552, 6.772727467483493, 4.910685932237418, 35.0, 0.0
10, 0 ,1.0,1.0,1.0,31.530045580630322,11.11749208960009,73.59157246205099,18.081960942714407,7.4583473351117044,13.808799805688091,75.0,31.0,67.0,0.9891450376122783,-0.032453033457627664,0.14331397414907804,18.170068478414255,0.14381501458438223,0.01365819972884828,-0.9895103310022897,13.704125311307957,-0.03015520099582247,-0.9993799348593932,-0.018177173964523816,7.437255509950811,77.85803378752263,69.77960549799582,33.07020759729707,22.537943273399964,8.081356419785962,71741.0,179667.22618164928, 0.0, 0.0,0.0,NaN, 80.82983324315502,80.82983324315502,0.0, 326.9573115338493, -8.562283132366883, 20.106436564280266, -8.562283132366883, 55.62694497116786, -3.0688638893049247, 20.106436564280266, -3.0688638893049247, 190.68295207357144, 5.864689808697021, 4.316154539340433, 23.0, 0.0
11, 0 ,1.0,1.0,1.0,139.21826085596786,19.326335788337946,246.49982017482134,16.743622204772006,12.856978788616836,15.11096790938375,79.0,55.0,70.0,-0.8535111986161221,0.2569169199351396,0.4533346777910469,17.411491059984954,0.5141999283269543,0.27441936623163354,0.8125838080749479,14.866506261354097,-0.08436271418954112,-0.9266540388343808,0.36632666401246844,12.240061679366102,92.4029136496983,83.24651975483928,63.2526886022008,24.800272919666266,7.677148062633135,127902.0,486553.6580886747, 0.0, 0.0,-2.8421709430404007E-14,63.04216443837475, 150.39115882288544,150.39115882288544,0.0, 280.34888453613416, -23.578904081775526, -29.58463495488977, -23.578904081775526, 165.30190357094324, 33.73495336838389, -29.58463495488977, 33.73495336838389, 228.34135115842545, 6.99770171211288, 4.719606833567844, 28.0, 0.0
12, 0 ,1.0,1.0,1.0,223.31982459642208,26.11074378103246,270.9029604032037,17.48508801981409,14.903723868466724,16.00139549444737,90.0,68.0,74.0,-0.9474371088519368,0.2666750345364854,-0.17676920185724526,17.619467559785836,-0.2900780788629155,-0.4829041148178523,0.8262313986137216,16.722290949861033,0.13497271181051163,0.8340791580221569,0.5348778600947749,13.9216843189221,89.12312074787673,83.55034396775997,85.23095996522389,26.724765259780142,8.347506680884996,160316.0,634652.5181454091, 0.0, 3.552713678800501E-15,0.0,74.5334925888478, 86.07123766984958,86.07123766984958,NaN, 305.72830306064617, -17.4461760890047, -1.0357137700128687, -17.4461760890047, 222.1209851475047, -39.74009555502122, -1.0357137700128687, -39.74009555502122, 256.0446577697205, 6.00391819161487, 4.398061230420542, 38.0, 0.0
13, 0 ,1.0,1.0,1.0,162.49991488589035,255.07009998070748,281.1507087168197,16.299611331744593,13.350986887623296,10.94973364050431,91.0,67.0,51.0,-0.9145551260574047,0.39596853369306706,0.08244902502205201,16.954456340199933,0.38398489207510056,0.9140622224647862,-0.13055977987423711,12.582139088226702,-0.12706110364780293,-0.08774493596612003,-0.988006225765862,10.865497384390178,96.498656124512,63.57574763927582,56.83249870247664,22.54565886070736,7.450913620090178,88117.0,348665.91378983995, 0.0, 2.8421709430404007E-14,0.0,66.67360727404655, 145.87756888572414,145.87756888572414,0.0, 265.67732956593676, -47.21609875790306, -14.790969616357826, -47.21609875790306, 178.2488508734892, 0.7266937396438223, -14.790969616357826, 0.7266937396438223, 119.89666679799176, 6.318713506398107, 4.76407881308717, 32.0, 0.0
14, 0 ,1.0,1.0,1.0,41.1700613520311,85.92354812895358,38.41576480451185,12.634029268328586,12.546837588282111,15.944259517388074,59.0,60.0,78.0,0.1055512513837238,0.07722117512465233,0.9914110264888613,15.993490507770293,-0.7470266951350915,-0.6518977271647328,0.1303091327305896,12.804499965232122,-0.656361219213074,0.7543647946649042,0.011122341628625744,12.30911380221032,80.5427425681573,63.68610179124614,61.52841252443456,22.892700878173684,6.869169315134756,104968.0,315607.1187743923, 0.0, 0.0,0.0,NaN, 102.73072111259698,102.73072111259698,0.0, 159.61869555298335, 6.908493468009768, 9.701024907349506, 6.908493468009768, 157.42313346672887, 6.926430079226176, 9.701024907349506, 6.926430079226176, 254.21941155782017, 5.84629113551619, 4.3825883016247085, 31.0, 0.0
15, 0 ,1.0,1.0,1.0,190.37293854448097,282.51992078142763,59.5369381043778,14.08785722976841,10.430960647264028,13.996904152483694,69.0,44.0,71.0,-0.9873116832510765,-0.11715131006844438,-0.10719706462946303,14.140126056469919,-0.098630244625942,-0.07664226759173828,0.9921683514723818,14.008481562947415,-0.12444964829581845,0.9901522778682293,0.06411514385387837,10.34433500098614,69.33583622676466,70.59597488161069,47.122514699923556,21.41958908595566,6.662371244055648,81799.0,230656.74352036873, 0.0, 0.0,0.0,NaN, 125.96941204794211,125.96941204794211,1.9073486328125E-6, 198.46772132633805, 11.424177516128124, 1.104184234377552, 11.424177516128124, 108.80494002477077, -5.61826477880019, 1.104184234377552, -5.61826477880019, 195.91332585381525, 6.063181097338367, 4.618125419480546, 32.0, 0.0
16, 0 ,1.0,1.0,1.0,279.95192929707076,207.45447587809213,208.86811534782015,12.68079040340492,15.098925847209536,14.645765783134083,51.0,79.0,76.0,0.2825218325799688,0.6509084085511687,-0.7046273183698183,15.249791380463844,-0.32402786732041766,0.7561328135243095,0.56856759449655,15.008188815921578,-0.9028772648125758,-0.06768612848432706,-0.42453649159449813,12.061367819904044,82.31921114895613,78.13966553199805,62.07151862278505,23.4695719746813,7.242765610916669,109755.0,399268.5648906989, 0.0, 0.0,0.0,NaN, 131.42153390585005,131.42153390585005,0.0, 160.8024452550863, -3.5305196598532596, -32.031158702789604, -3.5305196598532596, 227.9775617395322, -5.645086434919862, -32.031158702789604, -5.645086434919862, 214.4984553744211, 6.831015150838439, 4.934834538354807, 29.0, 0.0
17, 0 ,1.0,1.0,1.0,84.4273403294183,269.8761553964834,40.769391742148706,16.902416237031655,15.071074507753197,13.22771926994261,86.0,65.0,73.0,0.9313151329055676,-0.11597039597449658,-0.34525786084983556,17.531755079586652,-0.014883048738084739,0.9350427519570781,-0.3542224539364991,15.381706252483765,-0.3639101785899177,-0.33503122133624186,-0.8690934717558294,11.993422995301225,91.1493129582945,71.14474438817857,63.101941547400344,25.040054381019782,7.797255616437051,129501.0,409203.1280024849, 0.0, 0.0,0.0,NaN, 98.47621597025864,98.47621597025864,0.0, 285.69167464987135, -18.95180203856936, -52.08993682212662, -18.95180203856936, 227.13728681824827, -24.17427274877742, -52.08993682212662, -24.17427274877742, 174.97255708441102, 5.795585835367599, 4.221425825909367, 31.0, 0.0
18, 0 ,1.0,1.0,1.0,54.80722973696768,189.61791658145626,48.959732001129645,17.146421132080533,11.22547184483943,13.423227870367898,96.0,55.0,74.0,-0.9530878467220328,-0.1781796825919767,0.24469482451041322,17.583365641138066,0.20642384090931065,0.2086524223688905,0.9559567796421773,13.173227933678957,0.22138824344351926,-0.9616216341945599,0.1620835534962643,10.839065493627572,98.11044728438162,67.4494985132124,59.46755969215474,23.283716144717996,7.619880886869472,102687.0,393526.60410783504, 0.0, 2.8421709430404007E-14,0.0,79.73625061547025, 132.60879355789925,132.60879355789925,0.0, 293.99975763865785, 34.966925304371124, -33.6447759213694, 34.966925304371124, 126.01121813928275, 2.822013351878255, -33.6447759213694, 2.822013351878255, 180.1830464598215, 5.702424217504715, 4.154140801585525, 35.0, 0.0
19, 0 ,1.0,1.0,1.0,73.87519712048181,62.655518037080924,159.79727550538573,17.41759142334077,13.056319946022379,12.068653677601317,81.0,62.0,60.0,-0.9906790769585977,0.10706518579753573,0.08421408710305064,17.491516079042878,-0.12585162257516225,-0.9559620660484041,-0.26513750653512863,13.07878321912867,0.05211847629833372,-0.27326465974693037,0.9605259445541979,11.936694595943987,79.61699473421098,62.81591296825184,64.4900395454847,23.793492781422366,7.304935617353188,112241.0,322528.50230847846, 0.0, 0.0,0.0,NaN, 170.41145104070245,170.41145104070245,1.9073486328125E-6, 303.37249099043396, -13.901421970016045, -12.684712045692326, -13.901421970016045, 170.46749053290182, 8.715261423327807, -12.684712045692326, 8.715261423327807, 145.6524015898798, 5.861886655698806, 4.178475044710285, 36.0, 0.0
20, 0 ,1.0,1.0,1.0,282.5835683033544,102.85753524550316,165.89878463782208,10.982308542737538,14.48545698707138,14.26349759412444,46.0,71.0,72.0,-0.3054915620101305,0.753271689674218,0.5824574379952236,15.580352401120425,0.11468160481961572,-0.5781404336296123,0.8078377117457205,13.572818641865103,-0.9452634738826038,-0.31358475814030357,-0.09023061789370151,10.340122912311768,75.53956005745977,69.42544762284271,54.385070561031455,21.932655046619317,7.269495943728425,82280.0,285215.3112315093, 0.0, 0.0,0.0,NaN, 169.90038437695503,169.90038437695503,0.0, 120.61110092788591, -36.382139187506944, -17.007195468760486, -36.382139187506944, 209.8284641242951, 23.490903664614525, -17.007195468760486, 23.490903664614525, 203.44736361759368, 5.985236368841579, 4.447867112272495, 26.0, 0.0
21, 0 ,1.0,1.0,1.0,13.381433437935259,250.80342669195014,79.9302075816818,8.603528818241791,12.384029563143889,14.849236321236399,36.0,73.0,79.0,-0.046677329754827274,-0.307879973839982,0.950279510773147,15.138915897793202,0.18622702915478676,-0.9373202548027112,-0.29453392597248157,12.15238933457252,-0.9813973305950762,-0.16321967297134618,-0.10108717948377811,8.427180701253393,94.14295480077152,64.31176962363168,40.03212066058208,19.87398889606666,7.273876616367214,59591.0,242374.47537357095, 1.7763568394002505E-15, 0.0,0.0,87.32461389581874, 94.80613730217553,94.80613730217553,0.0, 74.02070812631699, -11.108840071621978, -11.220832312457087, -11.108840071621978, 153.36418822082183, -25.111334738268944, -11.220832312457087, -25.111334738268944, 220.4998193239263, 7.649742711820344, 4.961704023865568, 27.0, 0.0
22, 0 ,1.0,1.0,1.0,272.6794869536109,210.02050776088373,287.93063655103157,16.87515196988159,14.47616305632776,7.571134631050118,77.0,76.0,35.0,-0.8786926494260482,0.45487439287003123,0.14487413349440068,17.938254700711294,0.4367424695208478,0.8885031607390499,-0.14077694652729936,13.449492630865953,0.19275695360080805,0.06042698129014415,0.9793841619970666,6.9987353647759285,94.99541174956786,91.25111051682086,42.16462261334624,21.766312410050915,8.82495181344022,56759.0,365501.3670006317, 0.0, 2.8421709430404007E-14,0.0,62.94314726282673, 94.80711466335424,94.80711466335424,0.0, 284.7707540065985, -57.8502602726262, -42.83727443865631, -57.8502602726262, 209.5592968333887, 1.4783336396799929, -42.83727443865631, 1.4783336396799929, 57.32207960148641, 5.859068298980847, 4.491455072306352, 16.0, 0.0
23, 0 ,1.0,1.0,1.0,238.1797077700396,95.1323973036386,185.5450697056596,13.609686768043744,11.29377384038287,12.292126711232582,67.0,56.0,66.0,-0.9598833609464041,0.2770653620923089,-0.0431128577908444,13.80098462127966,0.0664730553897592,0.07547724393922833,-0.9949294038043547,12.298942921161482,0.2724064358369416,0.9578820234120675,0.09086673174830379,11.051611062292826,70.75447990787583,66.44500893866561,55.39846289065963,20.69810158610786,5.954651232283259,80553.0,260443.79918154064, -2.8421709430404007E-14, 0.0,0.0,16.284055280117876, 161.15785000060458,161.15785000060458,0.0, 185.22357392426497, -18.02601496365717, 0.9014136151461792, -18.02601496365717, 127.54932755771645, -3.003391163716593, 0.9014136151461792, -3.003391163716593, 151.09637908499752, 5.698786549667965, 4.239813316848984, 30.0, 0.0
24, 0 ,1.0,1.0,1.0,134.80762293348593,141.10824864098322,174.26152831855106,12.511688989746062,12.933831867283864,11.76180119144438,62.0,64.0,54.0,-0.5868596548429221,0.8042588336041582,0.09361342899032193,13.540145761456676,-0.6423136897191951,-0.3920315888456812,-0.6585927097580453,12.296998333240394,-0.492979583265839,-0.44663067731271106,0.7466539818190411,11.296664116682976,71.39492421473132,62.63541139298252,60.069493064703195,20.660638370395144,5.941747010946669,80389.0,268621.78956626466, 0.0, 0.0,0.0,NaN, 232.15252808506955,232.15252808506955,2.6973983046972182E-6, 156.54236137613285, -20.35651562735188, 6.922807043829298, -20.35651562735188, 167.28400677116758, 10.288860174550841, 6.922807043829298, 10.288860174550841, 138.33996726706246, 5.510599748528921, 3.998680101120623, 33.0, 0.0
25, 0 ,1.0,1.0,1.0,128.51609523996007,278.2847506412641,62.537056255017525,13.621155311343077,12.756962702379141,15.20070255381738,67.0,53.0,72.0,-0.5819163582630628,0.24822731142900487,0.7744395094819104,16.756835407185452,0.36192456566090725,-0.7737317323190959,0.5199517431201224,13.037871697261327,-0.7282746465153225,-0.58285710792888,-0.3604075900695821,11.338416832940137,77.04105636633278,70.0969926958553,63.71968975549268,22.993040491122244,7.117402370865347,102142.0,344108.3949749684, 0.0, 0.0,0.0,NaN, 144.56424936851363,144.56424936851363,0.0, 185.53587201572972, -33.59025307957745, -60.80889272271172, -33.59025307957745, 162.74009738989253, 12.598624648262316, -60.80889272271172, 12.598624648262316, 231.0613581296302, 6.208353203137743, 4.249886791375892, 26.0, 0.0
26, 0 ,1.0,1.0,1.0,274.84990741643117,63.94928369554624,240.0261280576942,14.709375538123922,13.932443150807133,12.687259839404971,58.0,72.0,65.0,-0.978307267748134,-0.20390372246297192,0.03658089442487796,14.740086483112018,0.20533635298301467,-0.931087988980847,0.3015163990884017,14.031722926196291,-0.027420284732575836,0.30248707202349134,0.9527589932631647,12.541366165511844,66.34087812923775,69.4935688620023,64.77875705386202,22.884606452111196,6.909417532358146,102610.0,298647.1963971024, 0.0, -7.105427357601002E-15,0.0,78.23466846589797, 91.208022442588,91.208022442588,0.0, 216.36572872155844, 4.3940738543534, 0.3052567802025549, 4.3940738543534, 194.11297215047261, -11.565607928932481, 0.3052567802025549, -11.565607928932481, 160.96656223257827, 5.37058608816121, 4.04706912483305, 27.0, 0.0
27, 0 ,1.0,1.0,1.0,200.49286604993765,175.18928167502827,193.01158541890206,12.45533154554378,10.84449745146776,12.093649345117717,64.0,53.0,58.0,-0.8160144251411076,-0.3311836489036792,-0.47374871890114073,12.769368522504655,-0.5319101303189495,0.10942237126940772,0.8397013504394633,12.015648693542776,-0.2262566490198814,0.9372001575782121,-0.2654501712368437,10.562299814756534,65.77846803738498,62.38246269855233,49.74999539607917,19.66549856193179,5.680046626353625,68966.0,204145.2668364929, 0.0, 0.0,2.8421709430404007E-14,61.722089533840396, 192.16114583944378,192.16114583944378,0.0, 155.135283909418, 12.006599289274632, 5.251010643303942, 12.006599289274632, 117.60312497489073, 11.094376416519061, 5.251010643303942, 11.094376416519061, 146.25635448266618, 5.897578872001109, 4.178532249788701, 35.0, 0.0
28, 0 ,1.0,1.0,1.0,33.477987666089525,176.19682703344162,205.06255471470536,13.87642948583845,12.575100237125753,15.707590775750331,66.0,64.0,82.0,0.459069821300476,0.08800164290960327,0.8840308874786899,16.355579711294496,-0.88504376999719,-0.041114624705673744,0.46368859466723306,13.139961108684105,-0.07715195629607151,0.9952714697410564,-0.05901082239019195,12.54006712890345,82.47899113381828,82.34319685942353,64.04706012588056,23.304121090929563,7.371213564056548,102806.0,434980.9762254439, 0.0, 0.0,0.0,NaN, 159.5654091965321,159.5654091965321,0.0, 192.55529527544675, 5.014618986991792, 38.421561594841684, 5.014618986991792, 158.13314597376018, 8.28346794299892, 38.421561594841684, 8.28346794299892, 246.7284079784369, 5.3581774957392385, 4.016043131347725, 36.0, 0.0
29, 0 ,1.0,1.0,1.0,104.01807342666774,229.80295918642605,157.00766097488602,13.567327359759194,12.055805936656169,11.606227131225326,68.0,57.0,59.0,-0.7984405535351757,0.5998250612489543,0.05198632866562247,15.287353666799145,0.11068827304655066,0.061367413886904226,0.9919587424499093,11.617390496372927,-0.5918114468987685,-0.7977743643477908,0.11539183207257024,9.769974033320775,84.40249176693747,58.797397850048014,53.884973466758794,20.549632403048037,6.467761961482022,74142.0,267412.0958824035, 0.0, 0.0,0.0,NaN, 190.24771525106772,190.24771525106772,0.0, 184.07237168687035, -65.94332450311315, -1.4002355710171117, -65.94332450311315, 145.34245678231414, 6.716246111274358, -1.4002355710171117, 6.716246111274358, 134.70450822159086, 5.76089703512111, 4.0952898974452365, 29.0, 0.0
30, 0 ,1.0,1.0,1.0,51.87825197507436,20.428096526291707,165.42049232177226,12.561280678976141,11.57444692007807,12.2738793598195,61.0,49.0,59.0,-0.8877894375397638,0.09059468896534302,0.4512455173451611,12.765271406040949,-0.3161094428674345,0.5925840391073021,-0.740890664487895,12.659798206092983,-0.3345216506040669,-0.800397875388577,-0.4974520141185299,10.916916398518657,64.56320578316542,65.75577826680855,59.1441008312711,20.19623798474119,5.874834432114444,74301.0,251090.59299961195, 7.105427357601002E-15, 0.0,0.0,27.403230351203373, 145.6719054677015,145.6719054677015,0.0, 157.7857722960193, -11.217930294655117, -7.912265332327276, -11.217930294655117, 133.96782150570473, -16.25131586076825, -7.912265332327276, -16.25131586076825, 150.64811453940314, 5.5311749000901225, 4.058643371318171, 21.0, 0.0
31, 0 ,1.0,1.0,1.0,190.4017612023638,60.51917081569029,60.05389465357592,12.562258233380039,14.812082484291972,11.544742800915433,62.0,76.0,62.0,-0.3574443828255976,0.9149688084019987,0.18725809151503892,15.281960977930447,0.9028047301335678,0.3898490101614768,-0.1815526604723054,12.163929197305825,-0.239117403036423,0.10416251210269303,-0.9653875069823379,11.357363291487346,73.17961154390272,59.79585463821405,63.74552733347089,21.632073696027714,6.522468351207765,85964.0,278940.0635039213, 0.0, 0.0,0.0,NaN, 138.8553716887654,138.8553716887654,0.0, 157.81033192212456, -27.515525132165937, -10.107444507590891, -27.515525132165937, 219.39778752146904, 16.570107040283382, -10.107444507590891, 16.570107040283382, 133.28108633928872, 5.5238692359288555, 3.9593807678067807, 37.0, 0.0
32, 0 ,1.0,1.0,1.0,84.47929134888813,205.5648268230871,190.2358561281188,13.41494615554371,14.148751309686922,10.180760434147276,65.0,70.0,52.0,0.5189724670152877,-0.8545478609138588,-0.020384599275268336,14.558635199832572,0.8536925749651557,0.5193667501550231,-0.0383036066548862,12.974369320321813,0.04331934821102742,0.002476336196332832,0.9990582074281832,10.173873837191563,71.48023108888826,64.94981648031879,52.26664390472439,21.12139931227705,6.1385925168864945,84047.0,242654.578771182, 0.0, -2.8421709430404007E-14,0.0,31.29017975085073, 167.63925518711568,167.63925518711568,NaN, 179.96078035613695, -19.351671313841216, -3.267052868145336, -19.351671313841216, 200.1871636233674, 0.5994555175788201, -3.267052868145336, 0.5994555175788201, 103.64788301749864, 5.690491729509665, 4.0520438641650465, 21.0, 0.0
33, 0 ,1.0,1.0,1.0,287.634399261632,76.53588685596395,285.47578587328303,8.079750855513632,15.370188214454949,8.790054021680854,34.0,73.0,36.0,0.21368961441987003,-0.9749307071587863,-0.06202309995442444,15.657132010621478,0.42493962962715437,0.14993307271524978,-0.8927185362019205,9.118396555325255,-0.8796380277485869,-0.16440860666349802,-0.4463258341095022,7.10627685928546,75.71944662536309,46.45996568479205,39.851325810404376,18.126891416265202,7.085613376550917,36838.0,140193.89134042148, 0.0, 0.0,0.0,NaN, 78.87713771713808,78.87713771713808,0.0, 65.28237388717326, -38.471270856829285, -14.96408914323857, -38.471270856829285, 236.2426857477698, 7.400334195002895, -14.96408914323857, 7.400334195002895, 77.26504970406775, 6.316833839615715, 4.2397498735038495, 10.0, 0.0
34, 0 ,1.0,1.0,1.0,60.50348934143146,43.73795403120162,33.959818982970106,11.862787579684783,12.535803168816626,14.916436057485086,59.0,66.0,68.0,-0.3437654916889841,-0.34266200393641544,0.874304316460871,15.630247414896198,-0.38089968596023877,-0.800134305373197,-0.4633578774557988,12.438244851957545,-0.8583360157649348,0.4923086881451838,-0.1445387132139541,11.016241902616343,81.07681486316817,66.78729834654348,60.83138335187735,21.76357101488591,6.835139470781321,83970.0,329395.9442905832, 0.0, -7.105427357601002E-15,0.0,69.96085903127491, 82.01798675095795,82.01798675095795,NaN, 140.72572916072355, 24.647419071916772, -31.065978646683835, 24.647419071916772, 157.14636108731295, -24.468478541129514, -31.065978646683835, -24.468478541129514, 222.5000646570412, 6.171920729564374, 4.329794323820008, 24.0, 0.0
35, 0 ,1.0,1.0,1.0,121.37341303862732,234.95030946480793,78.1139088869837,11.916888921350875,12.515400103637958,13.486462559290574,63.0,64.0,69.0,-0.060235932878532045,-0.13363687109999706,0.9891980686762665,13.515825761230744,0.4707189991166557,-0.8776901725481712,-0.08990875865551237,12.714100272699858,0.8802245487719976,0.4602185868638555,0.11577390053103093,11.670743846425886,69.43106856787648,63.006024581880155,60.425096999287746,21.074468423323033,6.033152936524688,85147.0,264334.1557422455, 0.0, 0.0,0.0,NaN, 158.3185093189469,158.3185093189469,0.0, 142.01224156381522, -10.137199072586913, -3.8457577255998294, -10.137199072586913, 156.63523975414103, -4.135507434192303, -3.8457577255998294, -4.135507434192303, 181.88467236314645, 6.079371939735861, 4.294819931291286, 33.0, 0.0
36, 0 ,1.0,1.0,1.0,25.17779640764724,189.0142711224175,126.8843952358927,12.510063971509313,12.723568774663455,16.01692538528579,54.0,69.0,81.0,0.04397107318910473,-0.07483967655882987,0.9962256609499515,16.04481522946746,0.6701756149447646,0.7417420291125042,0.026142061538293182,13.534135613493564,-0.7408989066370694,0.6664966504496742,0.08277091930962205,11.589817909720285,80.24990414132404,81.6105846229507,62.57636947675775,22.947798865702218,6.952073715935858,103776.0,409827.76171043597, 0.0, 0.0,0.0,NaN, 170.4447218332425,170.4447218332425,NaN, 156.50170057125536, 23.87755052729199, 6.248766800633632, 23.87755052729199, 161.88920236359093, -8.231689305276397, 6.248766800633632, -8.231689305276397, 256.5418987978124, 6.098437137359588, 4.2518697099721185, 24.0, 0.0
37, 0 ,1.0,1.0,1.0,217.323945297381,135.19391046316605,206.85199329118822,12.740397461897752,13.308097205897482,11.2033537119904,69.0,61.0,59.0,0.5537857792675733,0.7566475511781376,0.3475712789876838,13.959494870039247,0.7500753139031168,-0.6345637987941377,0.18632178813304234,12.478719048939267,-0.36153607586815983,-0.15752227955461007,0.9189550572741694,10.693567552304717,63.68566596252441,64.91247694386811,54.19624953474417,20.67720242486207,6.114868192044516,77510.0,224046.98792876318, 0.0, 0.0,-2.8421709430404007E-14,69.6611645517787, 183.81859155520112,183.81859155520112,0.0, 162.31772748713067, 14.048472483297106, 21.278677595813765, 14.048472483297106, 177.10545124161638, 16.283751010623725, 21.278677595813765, 16.283751010623725, 125.51513439596908, 5.6036174932713205, 3.8725626765906545, 29.0, 0.0
38, 0 ,1.0,1.0,1.0,107.48408191621107,210.93389615489173,279.24142930498084,11.658707678841953,12.134116063325516,11.441875757211944,58.0,58.0,46.0,-0.09708114740811882,-0.9951015508576586,0.0186588932846009,12.139280145270371,0.9008027718451204,-0.07987829010059998,0.426818257583661,11.71364591371524,-0.423237069565121,0.058243988971286444,0.9041449113359216,11.38012017446054,60.91171994060093,61.68901391687743,55.58754099636846,19.514589405962685,5.767110068233749,66214.0,208874.85126294367, 0.0, 0.0,0.0,NaN, 141.1258905262195,141.1258905262195,0.0, 135.92546474068834, 1.170671256037282, 2.9290552826811367, 1.170671256037282, 147.23677263825434, -0.5941230545219246, 2.9290552826811367, -0.5941230545219246, 130.91652084347442, 5.316677027794831, 3.9905693909460314, 26.0, 0.0
39, 0 ,1.0,1.0,1.0,223.7405958203646,233.1098414109975,166.96239810286053,13.15940615971299,10.714623485895448,11.347676346734294,66.0,53.0,58.0,-0.9970359598104386,-0.05941402389289598,-0.048880145353013583,13.170092817173973,0.0659732278501226,-0.33336490196737634,-0.9404867757407958,11.433294282725678,0.039583178901057725,-0.9409239161064702,0.3362965299359348,10.609963356328917,66.11872197668683,57.35102099485019,53.526196916009155,19.597288931365874,5.717442779047677,67470.0,202970.06543705385, 2.8421709430404007E-14, 0.0,0.0,4.412523229840323, 167.29851631271768,167.29851631271768,0.0, 173.16997047629218, 3.2072542518938847, 1.840920284515623, 3.2072542518938847, 114.80315644450232, 5.866943347557327, 1.840920284515623, 5.866943347557327, 128.76975847023297, 5.524199110005402, 4.0166377945991485, 33.0, 0.0
40, 0 ,1.0,1.0,1.0,28.04243618062988,285.1772595814451,134.45335094391183,15.928912357886976,9.326931294935974,15.562582284974365,64.0,43.0,78.0,0.7773946266922163,-0.027286825115987463,0.6284210559530607,16.58135649789286,0.6290014970897199,0.0398149436690384,-0.7763838528199328,14.877384398860183,0.0038354985284347483,-0.9988344204299937,-0.0481153771191452,9.307948957779923,93.7427300250161,87.61235675742725,44.233309975565476,22.86790112093643,7.744350326877601,87826.0,363289.1261271127, 0.0, 0.0,0.0,NaN, 138.14411113220598,138.14411113220598,0.0, 253.7302489052444, -0.6210649062925421, 26.21248105381157, -0.6210649062925421, 86.99164738045606, -7.392717048423313, 26.21248105381157, -7.392717048423313, 242.19396737659793, 5.954377042743448, 4.222780027551654, 19.0, 0.0
41, 0 ,1.0,1.0,1.0,124.72837639210809,91.89227768669795,212.3564644694443,13.78399372600741,10.217136994096789,12.645973523227772,76.0,51.0,69.0,0.8423027276791738,0.01998301433503077,0.5386341931982308,14.489745545918188,-0.49660880595270307,0.41725218724386715,0.7611046617190299,12.228638796838455,0.20953712987070744,0.9085710161447451,-0.36137639633386637,9.73738593955955,76.34128953968622,61.37781900832938,52.44654160404386,20.322660118117504,6.426391169886577,70756.0,245746.7592754267, 0.0, 0.0,0.0,NaN, 177.99648281962308,177.99648281962308,0.0, 189.99848303861162, -9.401256644515694, 31.552728964868802, -9.401256644515694, 104.38988835614117, 18.617770537991106, 31.552728964868802, 18.617770537991106, 159.92064635017783, 6.060575684821571, 4.175129042229049, 38.0, 0.0
42, 0 ,1.0,1.0,1.0,280.4198585424227,230.88194032319262,43.282428711802076,11.421891977252676,14.273121296815635,18.97604886805954,50.0,75.0,88.0,0.11888112271372704,0.41893378483001203,0.9002009567814984,20.263510420800102,0.4694681169623587,-0.8226012039470179,0.3208222972624151,13.025461380032281,-0.8749096900927208,-0.38447593317777096,0.2944678097669449,10.677056701171825,95.65771191413364,66.81681905242485,58.24173774966374,24.67241345905064,9.249002791774647,102787.0,372254.63109045767, 0.0, 0.0,0.0,NaN, 83.86928369896617,83.86928369896617,0.0, 130.45961634002904, -6.724080054751063, 40.12606172486227, -6.724080054751063, 203.72199155361204, 97.16906099426521, 40.12606172486227, 97.16906099426521, 360.0904306429837, 6.065372780219246, 4.356057943884618, 21.0, 0.0
43, 0 ,1.0,1.0,1.0,60.04052135759453,110.15243022560095,159.17836905641784,12.195227179692154,12.662004522281174,13.562438821720466,63.0,69.0,75.0,0.43052635280723306,0.3643348662184256,0.8257767039557995,14.043301481563141,-0.2772210123220665,-0.8173078191705051,0.5051301209093376,12.667122237382825,-0.8589502720563228,0.4463944824707796,0.25087127407101456,11.632685373576033,77.6023224209259,60.6477832056066,58.980266321778196,21.253210807888774,6.425784126060976,85239.0,277585.2460023569, 0.0, 0.0,0.0,NaN, 188.59786274268356,188.59786274268356,0.0, 148.72356596430225, 15.403905559670674, 18.484859199182686, 15.403905559670674, 160.32635852226892, 8.244095435774474, 18.484859199182686, 8.244095435774474, 183.93974679291043, 5.585806354103974, 4.100942216258934, 33.0, 0.0
44, 0 ,1.0,1.0,1.0,283.09162763161993,266.47825635379775,248.40830485765625,10.356523849376536,17.198696742957278,14.643990258660942,46.0,68.0,72.0,0.020499136410028,0.8242512634586449,0.5658530198675901,19.17972724982386,0.26394479891650857,-0.5503543389841161,0.7921131514413082,12.056174330305216,-0.9643199305891004,-0.13311632600167764,0.2288386226589563,10.21204826341536,84.7715440695589,64.3090614347797,53.174277454362965,23.599235216331216,7.783013799229269,96281.0,289883.7442929883, 0.0, 0.0,0.0,NaN, 63.80676579243017,63.80676579243017,NaN, 107.257586242705, -1.511795448252528, 11.643064930212134, -1.511795448252528, 295.79516965620934, 105.03101116751374, 11.643064930212134, 105.03101116751374, 214.44645069575654, 5.955029532928238, 4.278856449222715, 17.0, 0.0
45, 0 ,1.0,1.0,1.0,167.8497456765005,159.13149251562274,254.14816160441796,13.052841930665176,11.144032166332964,11.106032990681994,59.0,52.0,54.0,-0.9667904726905163,0.19194211330954025,-0.1687436133698565,13.213851412284892,-0.01863842505441675,-0.7114578627488406,-0.70248154327665,11.557449350559201,-0.2548897624981024,-0.6760073480895904,0.691408182120042,10.475189714016015,63.67852608239977,60.06100763793063,55.46377699496685,19.65033544097206,5.636880452742835,68810.0,212126.56412195147, 0.0, 0.0,-2.8421709430404007E-14,80.28522187883138, 198.51956377872742,198.51956377872742,0.0, 170.376682466931, -11.722751037363327, 10.896102933127194, -11.722751037363327, 124.1894529242638, 9.816137680615986, 10.896102933127194, 9.816137680615986, 123.34396879011683, 5.596949228747018, 4.05619489230316, 25.0, 0.0
46, 0 ,1.0,1.0,1.0,80.87159689779762,282.13788461095896,123.51141463190113,12.872903487084717,10.986133407576633,16.95855016592294,60.0,48.0,78.0,-0.4202955496651242,-0.05116429939519977,0.905943632572739,17.949218890240907,-0.792713599957644,0.5065346902863199,-0.3391574206452444,11.736598433074363,0.44153912553009883,0.8607001928685394,0.25345291204122167,10.68068319996289,84.53335647962275,65.2790495654043,59.83295524224246,22.66098632359435,7.776817730200971,86906.0,330173.6341219977, 0.0, 0.0,0.0,NaN, 148.70890993933313,148.70890993933313,0.0, 165.71164418779787, -5.029725745360636, -72.87204708676812, -5.029725745360636, 120.69512724907136, -13.712244051435603, -72.87204708676812, -13.712244051435603, 287.592423730125, 5.544427736387923, 3.892799088232285, 21.0, 0.0
47, 0 ,1.0,1.0,1.0,284.268280577037,148.14598844004675,176.01349728613286,9.80300602429047,11.208661753218717,14.470109958018302,40.0,54.0,71.0,0.03887317737305899,0.20312613255516815,0.9783806265222666,14.600185918663533,-0.3204028685406573,-0.9248887182030509,0.20475072837876873,11.198617016345478,-0.9464834271723097,0.3214352706438706,-0.029128832353197263,9.619909337886739,71.49628580863259,58.9344753699589,45.597103789511294,19.776067460790635,6.326473219241144,62457.0,192127.77847227184, 0.0, 0.0,0.0,NaN, 193.82304749976737,193.82304749976737,0.0, 96.09892711227523, 10.691977163465724, 2.4314942996552333, 10.691977163465724, 125.6340982980681, 17.747969510944362, 2.4314942996552333, 17.747969510944362, 209.38408219714043, 5.851776194279087, 4.197747269585704, 18.0, 0.0
48, 0 ,1.0,1.0,1.0,181.30165240676638,237.6486970152178,214.0862125269414,11.413665696276162,12.802339228444897,13.061410493900121,62.0,65.0,66.0,0.5117535102624061,0.035582259549717304,-0.8583951581523758,13.929275765439023,0.2506015477783378,-0.9618741625232289,0.10953063371193678,12.991571553319131,0.8217707764244281,0.2711678415217658,0.5011594484185841,10.097843515426279,69.21800671417357,65.4690322804638,55.91797239778879,20.655311908084443,6.174964649001872,76555.0,253399.89206545657, 2.8421709430404007E-14, 2.8421709430404007E-14,0.0,66.29543770219959, 159.24246162135933,159.24246162135933,0.0, 130.2717646263512, -14.429121026352751, -38.60602058499984, -14.429121026352751, 163.89988972017906, -9.851014307366178, -38.60602058499984, -9.851014307366178, 170.6004440901642, 5.580571199670637, 3.899911337096404, 31.0, 0.0
49, 0 ,1.0,1.0,1.0,130.22469865817604,177.40109165340004,203.0114509893109,14.502693967004772,10.080408300878158,14.462295393434603,71.0,51.0,72.0,0.698891781629067,-0.06717035993916133,0.712066303315212,16.13223127989801,0.6911336491460682,0.3196569151909368,-0.6481926685705824,12.945438147211263,0.1840775830713431,-0.9451495116203876,-0.26982928694705305,9.65750987411233,73.90756382283769,60.98440720464242,48.37340799453216,21.8329076477335,6.665200334990205,87940.0,218029.05830995843, 0.0, 0.0,0.0,NaN, 203.45943848243957,203.45943848243957,3.814697265625E-6, 210.32813230059662, 8.579593233213721, 49.806455861396465, 8.579593233213721, 101.61463151241327, -23.385079591709776, 49.806455861396465, -23.385079591709776, 209.15798804695976, 5.988434345980571, 4.134377239582618, 23.0, 0.0
