// Sample: .//bubblelabels.tif, Map: .//bubblelabels.tif, Thickness:(8.191250068658265):/gpfs/home/mader/Foam/NewValid/InSilicoTest/LatticeDataPhi_16.0/out_Step_02000.vtk/distmap.tif, Neighbors:(1.0):
//LACUNA_NUMBER, TRIANGLES, SCALE_X, SCALE_Y, SCALE_Z, POS_X, POS_Y, POS_Z , STD_X, STD_Y, STD_Z,PROJ_X, PROJ_Y, PROJ_Z, PCA1_X, PCA1_Y, PCA1_Z, PCA1_S, PCA2_X, PCA2_Y, PCA2_Z, PCA2_S, PCA3_X, PCA3_Y, PCA3_Z, PCA3_S,PROJ_PCA1, PROJ_PCA2, PROJ_PCA3,OBJ_RADIUS, OBJ_RADIUS_STD, VOLUME, VOLUME_BOX, Mask_Grad_X,Mask_Grad_Y,Mask_Grad_Z,Mask_Angle, Mask_Distance_Mean,Mask_Distance_COV, Mask_Distance_STD, SHAPET_XX, SHAPET_XY, SHAPET_XZ, SHAPET_YX, SHAPET_YY, SHAPET_YZ, SHAPET_ZX, SHAPET_ZY, SHAPET_ZZ, Thickness, Thickness_STD, Neighbors, Neighbors_STD
1, 0 ,1.0,1.0,1.0,169.77010812599988,61.97649914492194,168.45928725106197,13.055077728960624,12.302380574791513,11.726164550642888,60.0,62.0,60.0,-0.8661383501417713,-0.44530007615350536,0.22696299388088195,13.47965440127223,0.2958939479902477,-0.8228254897345294,-0.48518551605120797,12.088013584540304,0.40280408383783234,-0.3530808060781766,0.8444423097066788,11.465836305616632,68.35841759900734,65.83751479829937,66.24178160407897,20.47780969514347,6.320274319547681,72508.0,298124.33959188213, 0.0, 0.0,0.0,NaN, 75.82710181515095,75.82710181515095,0.0, 170.43505450920367, 15.807514539729064, -11.979273194848172, 15.807514539729064, 151.34856780700758, 0.7733301908177065, -11.979273194848172, 0.7733301908177065, 137.50293506875394, 5.848898380962326, 4.213142330964615, 29.0, 0.0
2, 0 ,1.0,1.0,1.0,41.600572579790054,8.882568126391687,26.234625172304103,14.144326116436137,5.87554669869863,12.114207013812475,74.0,23.0,55.0,0.8639996415795689,-0.021152772085206484,0.5030478899503389,15.093867887000728,-0.4984407188318839,0.10524204373758769,0.8605120348027042,10.95613153823671,0.07114400298501346,0.9942216415181511,-0.08038568514493975,5.785875542803542,80.05465872738415,54.06343779549198,25.163036322726,18.309777954214045,6.788965542525315,37724.0,108906.37766469449, 0.0, 0.0,0.0,NaN, 49.97762712872293,49.97762712872293,0.0, 200.06196128809736, -8.092605860235675, 47.343291594111584, -8.092605860235675, 34.522049008588375, 5.771057934293996, 47.343291594111584, 5.771057934293996, 146.75401157350336, 6.237573134435878, 4.244434309189506, 16.0, 0.0
3, 0 ,1.0,1.0,1.0,169.6542831831138,40.18347970110161,11.960519220399044,14.94015037800988,11.436314440257226,8.200097825791254,65.0,62.0,31.0,0.938137089832192,0.33850382541222457,0.07289691943062465,15.420542563369048,0.3425012708357715,-0.9380978334369982,-0.051626876495593055,10.828305937196733,-0.050908546994257675,-0.0734003752177034,0.9960023618249274,8.13594759252569,73.68037238573899,65.82427333981794,34.668099211020575,19.36653531008881,6.795314248038562,51924.0,168138.78946402302, 0.0, 0.0,0.0,NaN, 51.755469179991316,51.755469179991316,6.743495761743046E-7, 223.20809331754876, 38.088545645837684, 10.832395049021326, 38.088545645837684, 130.78928797643596, 6.707189996673062, 10.832395049021326, 6.707189996673062, 67.24160435254643, 6.095034218968733, 4.065175241593571, 15.0, 0.0
4, 0 ,1.0,1.0,1.0,9.39653459883015,29.771254092631423,135.1237170290255,6.16239285199604,10.68947420800894,10.737182543659943,24.0,53.0,57.0,0.030220644619850766,-0.6989541089455139,0.7145277225041335,11.829549775530632,-0.026295491856376058,-0.7151627612909909,-0.6984631500449234,9.473268905589423,-0.9991973077159445,-0.0023191487293067266,0.03999202173408353,6.15190717034415,67.25533593055313,47.577673920201704,25.186320496721354,15.459967238020523,5.340079257954462,27183.0,80592.50915392097, 0.0, 0.0,0.0,NaN, 71.99690635607193,71.99690635607193,0.0, 37.975085662331885, -1.1805300321698842, 3.157688781375266, -1.1805300321698842, 114.26485884368836, -25.063890207612413, 3.157688781375266, -25.063890207612413, 115.28708897587579, 6.141786159627446, 4.116567429147979, 13.0, 0.0
5, 0 ,1.0,1.0,1.0,59.08551202074718,74.27905890049298,142.63872339431322,9.944425168179375,9.834100753964835,10.6947561196511,52.0,56.0,57.0,-0.6037498527852341,0.3224118108744409,0.7290656619746065,11.621064683997128,0.24115741541109195,-0.7978415841604299,0.5525322683578011,9.943069245471383,-0.7598218319145943,-0.5094108663868872,-0.40394473997430774,8.721534705175548,55.04740017283348,52.90339243241455,48.822108113585756,16.89087213569774,4.967632888910626,42801.0,142179.46075036647, 0.0, 0.0,0.0,NaN, 110.89992053978614,110.89992053978614,NaN, 98.8915919255194, -15.868329141277194, -22.92520566396075, -15.868329141277194, 96.70953763913174, 3.813978359812208, -22.92520566396075, 3.813978359812208, 114.37780845881463, 5.930331989603007, 3.8648070022557497, 21.0, 0.0
6, 0 ,1.0,1.0,1.0,28.933818322281596,106.81587587716474,173.92092641472993,12.578295231365717,12.366858447423997,9.93173969073591,60.0,59.0,51.0,-0.7774690355376662,0.6287696409523067,0.013807150207010403,12.981129363338308,-0.624033525049442,-0.7739726613510768,0.10746385017995193,11.965655302281235,0.07825636328439478,0.07493369134000362,0.994113114040682,9.904823355811237,66.93336481940459,58.44223367175178,51.563911484147525,19.371741608315357,5.876034303106168,62132.0,201704.3751930637, 3.552713678800501E-15, 1.4210854715202004E-14,0.0,64.64271472672253, 100.99784606768947,100.99784606768947,0.0, 158.21351092739752, -12.648218605438418, -3.778297022188723, -12.648218605438418, 152.9391878586223, -3.1375555561626354, -3.778297022188723, -3.1375555561626354, 98.63945328453903, 5.9223177727137495, 3.743842657759948, 25.0, 0.0
7, 0 ,1.0,1.0,1.0,136.40224437033984,16.58192513769718,180.48008542845366,13.345841181683586,9.98996484129506,9.562664515703537,67.0,42.0,39.0,0.957423999820354,0.2884275918451108,0.012198722491518885,13.636371235739666,0.22071173095577082,-0.758572936116946,0.6130688643288159,9.633173839237404,0.18607959691084464,-0.5842744430944645,-0.7899352877040952,9.518758759473448,71.18601405801297,53.88486593186532,50.93032140129563,18.363183913007397,5.670000316927678,53378.0,195361.01343985533, 0.0, 0.0,-2.8421709430404007E-14,89.30104734999932, 68.56137270564695,68.56137270564695,0.0, 178.11147684672153, 25.962090849572846, 1.4100581843769873, 25.962090849572846, 99.79939753031147, -0.6836039862606297, 1.4100581843769873, -0.6836039862606297, 91.44455263989555, 6.1856031160598, 3.9606954626469038, 14.0, 0.0
8, 0 ,1.0,1.0,1.0,185.29116090880797,155.70746446726838,91.46392260607946,8.270894981684686,10.769182673691416,10.444788142656419,32.0,57.0,53.0,0.1662447752957528,0.78469248313071,0.5971770102783802,11.494201537930362,-0.2539765258830765,-0.5510993071323035,0.7948493429440944,9.844658681931103,-0.9528161412293705,0.28380849281946285,-0.10767609027224753,8.027616398663193,55.652341587764994,47.56810854276013,38.18218235974301,16.411759689177455,4.912305213131167,38556.0,101078.7988641023, 0.0, 0.0,0.0,NaN, 102.68314267599996,102.68314267599996,0.0, 68.40770379805691, 13.37350876362796, 0.16275041041995864, 13.37350876362796, 115.97529545933538, 17.486839482154917, 0.16275041041995864, 17.486839482154917, 109.09359934497611, 6.1591561067826595, 4.074593868905379, 19.0, 0.0
9, 0 ,1.0,1.0,1.0,79.37042524005487,146.5738545953361,44.81846364883402,9.58649386911469,8.813117924796083,10.459017642215217,45.0,40.0,50.0,-0.5743793981720328,-0.07696744062424868,0.8149627721799853,11.2714299410272,0.16868294051550065,-0.9853318919561032,0.025828826400947972,8.800353792469483,0.8010208315234865,0.15230586258565046,0.5789374333099072,8.629693071656044,55.547760552413635,41.03473744848742,41.690972246027,16.045944218966778,4.6357994370889415,36450.0,95029.89226199545, 0.0, 0.0,0.0,NaN, 105.65373679822824,105.65373679822824,0.0, 91.90086470257356, 1.8297891701995077, -24.59659523145555, 1.8297891701995077, 77.67104755636201, -3.373410264544904, -24.59659523145555, -3.373410264544904, 109.39105004016918, 6.025185327266633, 3.9398930345139767, 14.0, 0.0
10, 0 ,1.0,1.0,1.0,152.83414634146342,10.601330376940133,87.1614996976416,9.670223902187175,6.7841918653721,9.623128241179929,48.0,26.0,47.0,-0.7536414098765309,-0.0542166829657879,0.6550459347309179,9.885609645254473,0.6510485586214521,0.07539321515490562,0.7552824884938985,9.422899869871937,0.09033493032179911,-0.9956788711210022,0.02152175566635528,6.754758819885946,50.99927443041355,52.29246483878103,27.44939634532384,14.49988798989261,4.679351986266044,24805.0,73204.18477480164, 0.0, 0.0,0.0,NaN, 99.67012083187969,99.67012083187969,1.9073486328125E-6, 93.51323031843215, 4.247444997812209, -4.49448055810931, 4.247444997812209, 46.025259266180974, 0.6076625885901239, -4.49448055810931, 0.6076625885901239, 92.60459714619472, 6.329707389089567, 4.050723669066722, 15.0, 0.0
11, 0 ,1.0,1.0,1.0,98.98689967842269,88.48921925246455,13.24555854288576,11.30445360625056,9.917419700910745,8.468683688847973,58.0,50.0,33.0,-0.9950730452365398,0.03917586936533833,-0.09107626421383827,11.330460948828499,-0.009755709080229338,-0.9528529744755743,-0.30327551034231764,10.065504541548155,-0.09866337103515604,-0.30089277208421156,0.9485404993585977,8.256558683421895,59.55149331222681,55.077352317278006,40.13506749743152,16.494504295966607,5.078958191596044,37938.0,131640.55622258518, 0.0, 0.0,0.0,NaN, 133.4323538463212,133.4323538463212,0.0, 127.7906713358713, -2.039007275858665, 5.55461654794178, -2.039007275858665, 98.35521352401258, 9.362919327430053, 5.55461654794178, 9.362919327430053, 71.71860342175971, 6.289365529881279, 3.9658162106413544, 12.0, 0.0
12, 0 ,1.0,1.0,1.0,154.96353830377151,9.770367275627635,39.9202020585666,10.273725325432222,6.221894962824729,9.832999835924033,47.0,24.0,49.0,0.9423969394150494,-0.01920359360161867,-0.33394495141255215,10.337219114543595,-0.33375504980861587,0.012459076235428697,-0.9425774971569223,9.767966474166663,0.02226152080151805,0.9997379623742134,0.005332098973194123,6.219166077666994,56.54694466059637,51.32606521749992,24.64276104938086,14.802468047266167,4.672925686741364,26329.0,71521.47813892279, 0.0, 0.0,0.0,NaN, 60.970201666168826,60.970201666168826,0.0, 105.54943206242743, -1.469803160598472, -3.6085535350289017, -1.469803160598472, 38.71197692842374, -0.22904243814448969, -3.6085535350289017, -0.22904243814448969, 96.68788577328206, 5.823035218740434, 3.881306068474556, 15.0, 0.0
13, 0 ,1.0,1.0,1.0,189.00125053734027,58.99402086834186,93.1722224393294,6.718457768079094,9.48690318413765,9.919843693635423,27.0,47.0,57.0,-0.11032940849395845,0.3161271787228279,-0.9422796975920251,9.992481711444043,0.07738411761020361,-0.9424573014309789,-0.3252474954878617,9.460646767038911,0.9908779541210223,0.10880184673148556,-0.0795175338196232,6.647464005814131,54.50321150753865,48.49228855850413,29.013537327880925,14.579523960410027,4.580369723139857,25589.0,76682.35729462733, 0.0, 0.0,0.0,NaN, 110.82567402114273,110.82567402114273,0.0, 45.137674781462316, -5.246231141028872, 4.6460388792817895, -5.246231141028872, 90.0013320252011, -2.689774901980662, 4.6460388792817895, -2.689774901980662, 98.40329890615847, 6.204209959574771, 3.9469834097625873, 13.0, 0.0
14, 0 ,1.0,1.0,1.0,71.63603469759417,187.61137736029906,25.97869740247292,11.427089509278591,7.255988246109706,12.919049941261079,58.0,28.0,56.0,-0.4297316676447219,0.049556140978360294,0.9015957424004504,13.322945386481337,0.8969372619696281,-0.0916731831206512,0.4325500844838135,10.99404112007508,-0.10408766456075756,-0.9945552857372285,0.00505387954217396,7.194426839191483,63.49168374910987,55.19788296297908,30.807487524223177,17.77564073433639,5.844329555166109,41732.0,107968.12191041649, 0.0, 0.0,0.0,NaN, 77.20163312283672,77.20163312283672,0.0, 130.57837465306483, -8.360270039164947, -21.905361956144763, -8.360270039164947, 52.64936542768221, 2.87766017620303, -21.905361956144763, 2.87766017620303, 166.90185138479788, 5.5985472968540355, 3.7250096566742394, 14.0, 0.0
15, 0 ,1.0,1.0,1.0,185.46919344262295,149.60857704918033,34.02195409836066,8.49693494238023,11.45340701869374,9.277586775568901,37.0,56.0,51.0,0.18583879938371617,-0.9819192903907386,0.036033981214520616,11.55100443867683,-0.02632275989502631,-0.04163481633806204,-0.998786090401746,9.275244493905962,-0.9822275973292176,-0.18466469404584446,0.033584189998076996,8.366372461530245,58.27418446400496,51.437708406545795,42.10061080660029,16.299165057958977,4.87742458091729,38125.0,126196.18127752295, 0.0, 0.0,0.0,NaN, 62.51346420481965,62.51346420481965,0.0, 72.19790341504213, -11.556963311626035, 0.8463025596989329, -11.556963311626035, 131.18053233586303, -1.5775312522010434, 0.8463025596989329, -1.5775312522010434, 86.07361637821096, 5.945607042898898, 3.913734903270203, 16.0, 0.0
16, 0 ,1.0,1.0,1.0,152.5535953737848,109.94879316124707,9.921681193429434,10.593381057963688,9.725488424443858,5.684700127918791,57.0,52.0,22.0,0.9199612496551655,0.38767478957715606,0.058133954443274516,10.790073024701268,0.3863988959830872,-0.9217681178729363,0.03224019317615242,9.52500234236831,-0.06608473587717995,0.007196832587444779,0.9977880603037659,5.654141612753204,54.47282491572503,45.323870437039545,23.464769229711923,14.727063502582437,4.715322201979549,23864.0,57932.62065499943, 0.0, 0.0,0.0,NaN, 102.2683769440703,102.2683769440703,0.0, 112.21972223922387, 9.193743443964271, 5.248770941736706, 9.193743443964271, 94.58512509399148, 0.15727851233539716, 5.248770941736706, 0.15727851233539716, 32.31581554435992, 6.015321831311001, 3.9397927337383165, 17.0, 0.0
17, 0 ,1.0,1.0,1.0,11.287742708066034,46.87032760242922,14.462620819433752,7.003274241448541,9.172178186061858,8.79359888466928,27.0,45.0,38.0,-0.1785798759017676,-0.8240801540737575,0.5375882509734391,9.502789903814746,0.021833521127092952,-0.5495553559877335,-0.8351719631671004,8.516132856187896,-0.9836831427233581,0.13740746110371085,-0.1161320987278286,6.904675904195357,49.47391935934117,41.389296252267556,29.535217590459446,13.895397026164204,4.173730418646509,23382.0,60478.990533815406, 0.0, 0.0,0.0,NaN, 50.33297275116239,50.33297275116239,0.0, 49.04585010093665, 5.9752132362866615, -4.545569791854832, 5.9752132362866615, 84.128852676869, -7.479613962684224, -4.545569791854832, -7.479613962684224, 77.32738134445678, 7.339722657332917, 4.129214436205415, 10.0, 0.0
18, 0 ,1.0,1.0,1.0,62.02464656238241,12.032091598129334,104.84252539912917,10.70514748810569,7.364642818224335,12.131390160203852,52.0,29.0,58.0,0.31671639190793904,0.1378256900438622,0.9384534118754909,12.426123123383983,-0.9403466452009316,0.17523103741956636,0.2916200788426882,10.54539473334272,-0.12425342633573484,-0.9748323767134508,0.18510246717705936,7.098935683727468,60.914039242023975,55.926581886824174,36.057219269392,16.88272581489062,5.566178479031216,37206.0,122836.63382046661, 0.0, 0.0,0.0,NaN, 114.2224714398599,114.2224714398599,NaN, 114.60018274209557, -5.4798534643735985, 14.239622754636326, -5.4798534643735985, 54.237963840023276, 16.560904818401355, 14.239622754636326, 16.560904818401355, 147.17062721909082, 5.543528566145867, 3.6995739708522364, 18.0, 0.0
19, 0 ,1.0,1.0,1.0,191.7885098939543,135.18678255165628,118.55460806821908,4.7134387793048935,9.791113288167107,9.755844557800382,18.0,48.0,47.0,0.01911230574369036,0.7123767261589082,0.7015369696575335,10.796362299370415,0.02261250300885797,-0.7017936408811359,0.7120213201347788,8.63378451652125,-0.9995616011416375,-0.002255137670764119,0.029521515497206614,4.706934629560109,48.96572568485345,44.621065487664154,18.930031903447798,13.879652206635942,4.540282172592708,18294.0,41360.280702525706, -2.8421709430404007E-14, 0.0,0.0,88.90487886620465, 104.41040940772801,104.41040940772801,0.0, 22.216505126255203, 0.45401015045140436, 2.1092586977117977, 0.45401015045140436, 95.86589942172252, 21.00294655247047, 2.1092586977117977, 21.00294655247047, 95.17650303596331, 6.180610582867815, 3.823382604916768, 8.0, 0.0
20, 0 ,1.0,1.0,1.0,11.458969115410833,153.41335011273662,188.03340149965916,7.307509708888094,10.435980204083897,6.07855745582655,29.0,58.0,24.0,0.034618100526800415,0.9991645612156796,0.021720191679512835,10.440774013854446,0.9990384620678723,-0.03518240846846177,0.026160073459740068,7.303758473605075,-0.026902386975453045,-0.02079369483850224,0.9994217747427692,6.07483266108401,58.254285172418406,30.129507153161832,24.80306467680063,13.374081125042034,4.515771890843695,19071.0,43533.667002430055, 0.0, 0.0,0.0,NaN, 49.44515548134878,49.44515548134878,0.0, 53.399698145493744, 1.9162050476227217, 0.4839094265368012, 1.9162050476227217, 108.90968282003098, 1.5497192584650425, 0.4839094265368012, 1.5497192584650425, 36.948860743784536, 6.0807348397811865, 4.078013690147191, 9.0, 0.0
21, 0 ,1.0,1.0,1.0,8.388997173764741,19.242179124841634,55.094142871065195,5.269788170315368,10.397752754340871,9.512542092897363,21.0,42.0,45.0,0.009513921334833933,0.9509365670820158,0.309239600774391,10.496759786879776,-0.054599585562268016,0.30928626558870115,-0.9494002797422295,9.413243922326808,-0.9984630041004339,-0.007851834464985899,0.05486326765943941,5.251786325133974,44.725779153679504,42.53419539084277,22.072840273762885,14.29867852734044,4.681899095592739,20522.0,41990.82016761696, 0.0, 0.0,0.0,NaN, 58.95762299950082,58.95762299950082,0.0, 27.770667359995798, -0.28327238834473406, 3.4065128866721732, -0.28327238834473406, 108.11326234040317, 6.370144719364925, 3.4065128866721732, 6.370144719364925, 90.48845706914412, 5.559276407313166, 3.7757398865602525, 11.0, 0.0
22, 0 ,1.0,1.0,1.0,101.05208123868891,19.62746330182988,102.25341845968228,10.033151974327506,9.768167337986007,10.594531324450081,46.0,42.0,53.0,-0.5777976610403521,0.33603025522024144,0.7437966996921387,12.231185441158757,-0.5028132676776973,-0.8643950549512588,-8.260197695035234E-5,9.630146467443623,0.6429064323395547,-0.3740385762891702,0.6684059116315441,8.12303560174223,60.64167982846836,49.37856328734251,43.905140773855436,16.754675614378986,5.2541574704725695,39784.0,131469.51073717035, 0.0, 0.0,0.0,NaN, 140.46466511431862,140.46466511431862,0.0, 100.66413853995194, -4.606150813427286, -35.93497594632207, -4.606150813427286, 95.41709314289665, 20.901289839909367, -35.93497594632207, 20.901289839909367, 112.24409398475397, 5.36230601866241, 3.4117893569777946, 19.0, 0.0
23, 0 ,1.0,1.0,1.0,122.98387857479742,10.540067744286755,146.36200317283368,8.945522829703108,6.485096839226723,9.85521957976496,42.0,26.0,49.0,-0.5584489643418369,-0.0902891260596407,0.8246105916982368,10.562442187457293,-0.8174817579303709,-0.10896822831849179,-0.565552385432331,8.152080557213104,-0.14091958585165032,0.9899362600352184,0.012956519242605378,6.4173678639767155,51.75547653216964,43.506459280865386,27.785456919220746,14.131370382857096,4.416852247787893,23323.0,62564.4447790769, -1.4210854715202004E-14, 0.0,0.0,56.051398980571186, 94.44369058368487,94.44369058368487,0.0, 80.0223786967395, 5.80020003738164, -20.726574060241376, 5.80020003738164, 42.05648101414844, -3.682664835784963, -20.726574060241376, -3.682664835784963, 97.12535296538263, 5.7488430928880865, 3.7825190825865325, 9.0, 0.0
24, 0 ,1.0,1.0,1.0,57.543936454674146,150.17815760499136,21.407749174225344,8.58439504369326,10.187068546296366,11.126579081408902,41.0,47.0,46.0,-0.3757253904865725,0.15733118151015735,0.9132783421653718,11.665462308315906,0.23171790454386854,0.9701299911139902,-0.07179563395477322,10.221899419289157,0.8972944018868673,-0.1846475011089699,0.40095892143298395,7.790938793442631,52.85098234858329,45.13411568933526,41.61430940434968,16.598995580977125,5.0736881645085115,38146.0,99266.03922782237, 0.0, 0.0,0.0,NaN, 79.06840283602043,79.06840283602043,0.0, 73.69183826618539, 5.387285897709721, -26.595983526870516, 5.387285897709721, 103.77636556694077, 7.781836538876025, -26.595983526870516, 7.781836538876025, 123.80076205484616, 5.544479323748036, 3.645896572854246, 12.0, 0.0
25, 0 ,1.0,1.0,1.0,139.86119882711176,36.55021427765873,36.243120559377466,8.745518244874605,9.034742985592263,10.503962008219524,40.0,44.0,52.0,0.26919883168442627,0.45858101493278186,0.8468975391173121,11.157344321537373,-0.7467768510504316,-0.4558963232212752,0.48423432056032967,8.70096509812991,-0.608158140416571,0.7627987907807288,-0.21973092870262095,8.261401945738095,54.101227010173986,42.515231704665965,40.357070088633776,15.735408777685766,4.565172357793357,35468.0,92826.3543405326, 0.0, 0.0,0.0,NaN, 79.1590636512113,79.1590636512113,0.0, 76.48408937143458, 9.480678495796596, 10.124587868326785, 9.480678495796596, 81.62658081570862, 20.19427377590265, 10.124587868326785, 20.19427377590265, 110.33321787011914, 5.5334670288509065, 3.5453457944871327, 15.0, 0.0
26, 0 ,1.0,1.0,1.0,70.71100982362766,62.74045239645557,46.98946861818079,8.953253307695995,10.25250173347473,9.263896578264676,42.0,50.0,49.0,0.4020826853889495,0.9110691168493958,0.09100867229925447,10.542022204921587,0.1384267962348893,-0.15874334027831621,0.9775676825680295,9.276314618458537,-0.9050787458528434,0.3804650000204285,0.189944327540729,8.597096680261785,52.24292735796165,49.1060245238606,45.09626454557866,15.796728668834364,4.643024850529471,35323.0,115691.87239550392, 0.0, 0.0,0.0,NaN, 105.56714184919507,105.56714184919507,0.0, 80.16074479176928, 13.369377970812797, 3.0049400009735803, 13.369377970812797, 105.11379179490234, 1.2025436200625517, 3.0049400009735803, 1.2025436200625517, 85.81977981278398, 5.636495716843044, 3.570687777268324, 23.0, 0.0
27, 0 ,1.0,1.0,1.0,92.08122180849453,126.7190688099779,77.13053613053613,9.027006644830676,8.081620829995007,10.247544756167223,44.0,38.0,47.0,-0.06819308969214725,-0.10575202029084693,0.9920515171716855,10.273464249650411,0.9868470017358101,0.13893414509222224,0.08264561992347798,9.04136156494415,-0.14656977070078733,0.9846389254604441,0.09488671553395112,8.03251710850231,46.41491726648753,45.295749596407774,38.026948930145636,15.287542734677952,4.254721479800574,33033.0,79947.79925105792, 0.0, -1.4210854715202004E-14,0.0,83.92950461460823, 140.7059554162718,140.7059554162718,0.0, 81.48684896581717, 2.657486101257225, -1.3703941040241083, 2.657486101257225, 65.3125952398092, -4.105973563061931, -1.3703941040241083, -4.105973563061931, 105.01217352965034, 5.804822692199353, 3.625048543460842, 18.0, 0.0
28, 0 ,1.0,1.0,1.0,67.62072012370223,190.96673293571902,72.65085045283853,10.191397599680196,5.241320046045289,10.240155090688946,50.0,21.0,47.0,-0.6849640078295545,0.043447149095672905,0.7272803126811092,10.682331791171412,0.7284949193983089,0.02586692173972139,0.6845626740997219,9.73767404119973,-0.01092979363598052,-0.9987208056284649,0.049368937763591546,5.221330186061747,46.22209776844793,48.39266608700578,21.724600778287623,14.612736677888435,4.760748252523671,22635.0,48593.81606658619, 0.0, 0.0,0.0,NaN, 99.66096415058104,99.66096415058104,0.0, 103.86458503476725, -1.311535133503529, -9.573026236464791, -1.311535133503529, 27.471435825076195, 3.940626922508838, -9.573026236464791, 3.940626922508838, 104.86077628136272, 5.541830780143003, 3.685382580940762, 15.0, 0.0
29, 0 ,1.0,1.0,1.0,126.13698304076168,74.9923237131806,165.54623623921452,8.969639242956008,8.964895701543124,9.409081448936302,43.0,42.0,45.0,-0.48065931647472665,-0.3582574943019505,0.8003862750338342,9.841431677743644,0.5273254926968702,-0.847353897688669,-0.06260348891095063,8.880492099965261,0.7006385988782318,0.3919731366411588,0.5962068549703532,8.581239968431055,49.675510077950676,41.4645232720358,42.64661510253029,15.236567996025478,4.147480259569871,33610.0,87842.2756930332, 0.0, 0.0,0.0,NaN, 110.75493545439504,110.75493545439504,0.0, 80.45442814877643, 1.6629081114107809, -9.104042595815056, 1.6629081114107809, 80.3693549395464, -6.379889052373703, -9.104042595815056, -6.379889052373703, 88.53081371271726, 5.652238516598647, 3.6329851596993037, 17.0, 0.0
30, 0 ,1.0,1.0,1.0,44.49581536900837,56.32724659734551,171.53771803759122,9.104081462779842,11.216612737781006,7.959794962984795,44.0,53.0,40.0,0.25969767809428174,-0.9627712406116582,0.07502435766820387,11.37511145003632,0.9404959816769644,0.2697881863860281,0.20659536039325962,8.970012584485143,-0.21914475682051263,0.016907771515659975,0.9755458486511294,7.886745220715025,50.66728471544366,45.42402915217721,37.75703244678601,15.830429678800499,4.631687881063252,35487.0,86898.27149079336, 0.0, 0.0,0.0,NaN, 77.21876578331664,77.21876578331664,0.0, 82.88429928093156, -12.166790765077149, 4.8571829438550145, -12.166790765077149, 125.81240130935112, -3.835616410813731, 4.8571829438550145, -3.835616410813731, 63.3583358527581, 5.5143905905755535, 3.5380562134714477, 19.0, 0.0
31, 0 ,1.0,1.0,1.0,188.75787139689578,179.9278824833703,188.28054323725055,6.470504381780184,11.467367117092014,6.993785532065478,26.0,49.0,27.0,-0.0471434442390675,-0.969363532956664,0.24106396794015497,11.70662413953727,0.6275126159232209,-0.21650754975847689,-0.7478986547352365,6.869222278380448,-0.7771778512814644,-0.11601216260097377,-0.6184947579455875,6.168444550057434,53.33149178967932,38.95620483925501,32.29477072026225,13.903342991557615,5.383124118988433,18040.0,67095.37403643943, 0.0, -2.8421709430404007E-14,0.0,14.21909718271482, 25.819005092065048,25.819005092065048,0.0, 41.86742695463657, 3.2827045835566038, -5.412948289339851, 3.2827045835566038, 131.5005085981632, -21.653659270972167, -5.412948289339851, -21.653659270972167, 48.9130360685284, 6.149536915156503, 3.8800772236392254, 8.0, 0.0
32, 0 ,1.0,1.0,1.0,87.72906095158498,76.00910393409349,97.42463136529163,10.526237414988085,8.56043948699485,9.149037604422668,48.0,44.0,44.0,0.881163664429797,0.2451080004632039,0.40431752942159455,10.980420702363832,-0.4572509591146596,0.22418938896840016,0.8606164524703783,8.795495803879728,-0.12030027796051031,0.9432185250422647,-0.3096234118081492,8.358068088821105,50.25507991826187,46.215161319393275,43.66286324811881,15.707410852488241,4.589654859078955,33502.0,101409.03569839717, 0.0, 0.0,0.0,NaN, 151.543164850724,151.543164850724,0.0, 110.80167411669504, 10.183679673146651, 15.114541785647189, 10.183679673146651, 73.28112421050066, 6.473389273284767, 15.114541785647189, 6.473389273284767, 83.70488908714006, 5.8920114904884064, 3.587881075146182, 22.0, 0.0
33, 0 ,1.0,1.0,1.0,143.43970176466757,71.28749104642834,115.79768183890083,9.102855549320479,9.549212205014982,8.14476525823637,42.0,43.0,37.0,0.3853865734335606,0.8799505727372243,-0.27778441021153255,9.890938748683016,-0.895621542674503,0.28423721447973876,-0.3421567743040342,9.023702062097705,0.22212438253033312,-0.3806523288306919,-0.8976438955628724,7.818488713573124,45.67887269233127,42.19175013640918,40.88124707177771,14.932637759691763,4.171685934703063,30714.0,78789.2657650767, 0.0, 0.0,0.0,NaN, 123.97985360479872,123.97985360479872,0.0, 82.86197915179464, 7.279039962817788, 2.291212696673977, 7.279039962817788, 91.18745373640708, -10.945384210376163, 2.291212696673977, -10.945384210376163, 66.33720111177418, 5.678188332900557, 3.574544562823297, 19.0, 0.0
34, 0 ,1.0,1.0,1.0,146.72639947002318,107.08766699790218,84.7072706194104,9.362785659987292,9.676211012402874,9.984763435027563,44.0,49.0,46.0,0.3071664916543266,0.6679200955569432,0.6778875219060874,10.706794697567842,-0.7310711867676413,-0.29041435811452265,0.6174094431405159,9.616259999360368,-0.6092484438083737,0.6852315276985824,-0.39909157741668966,8.595254891724187,52.30516211663135,50.015284176014376,41.90118260502883,16.058985291541763,4.80575770622164,36228.0,109615.90498780175, 0.0, 0.0,0.0,NaN, 136.55072256531741,136.55072256531741,0.0, 87.66175531486368, 12.309593554245522, 0.09380772826536711, 12.309593554245522, 93.62905955654664, 15.119761193351966, 0.09380772826536711, 15.119761193351966, 99.69550085346343, 5.246292570710965, 3.4147396086066997, 24.0, 0.0
35, 0 ,1.0,1.0,1.0,8.838358657803102,98.82098765432099,112.78854067742957,5.9910529178754555,9.805548792496955,10.920081422570666,25.0,50.0,60.0,0.03627463695076255,-0.07919643291734176,0.9961988133536697,10.931165825432139,-0.04235077894459303,0.9958375042174922,0.08070983035952098,9.804350746904133,-0.9984440706603834,-0.04511751552385621,0.03276961330376027,5.972771600436466,59.45514306955083,49.6872150153371,26.114209836895668,15.02585498544826,5.051075372499149,25272.0,77145.56660036927, 0.0, 0.0,0.0,NaN, 132.09671768031097,132.09671768031097,0.0, 35.89271506478401, -2.7902922377373582, 2.8222217737927315, -2.7902922377373582, 96.14878712203848, -1.7540219205172463, 2.8222217737927315, -1.7540219205172463, 119.24817827557298, 5.523404775139613, 3.531819207569057, 16.0, 0.0
36, 0 ,1.0,1.0,1.0,101.51928977762455,96.88533011549733,171.80799862092744,9.318058711316349,8.484327719856527,8.717492859506914,42.0,40.0,46.0,-0.8831477308224005,-0.3137352561191428,0.3487409849890045,9.557384228912346,-0.2577465473554277,-0.2966163533023445,-0.9195572066380511,8.60477048816881,-0.39193979495529857,0.9019916452060267,-0.1810918802954011,8.331809425802714,44.76411360452008,46.53796251179463,41.46696174583726,14.73109459769891,4.218953509422796,29005.0,86385.24528984577, 0.0, 0.0,0.0,NaN, 140.99647661998512,140.99647661998512,0.0, 86.8262181475385, 6.428172997772102, -5.6568203836720805, 6.428172997772102, 71.98381685792585, -1.1378588721529124, -5.6568203836720805, -1.1378588721529124, 75.99468175555401, 5.332900745702024, 3.518402078862982, 17.0, 0.0
37, 0 ,1.0,1.0,1.0,116.76395155545,37.95039776775113,158.3394977440038,9.235945413767285,8.565749510228878,9.932137587148338,45.0,41.0,48.0,-0.5667054623416159,-0.22947396613666038,0.7913195421684508,10.465251061967004,-0.580605628870779,-0.5702197702164304,-0.5811596315797316,9.055025518796725,-0.5845870531201861,0.7887909181271248,-0.1899127820985848,8.11216016065133,51.54392924562427,46.206531929990064,40.6310431672075,15.415776961792806,4.435755862575879,33688.0,96769.58268936114, 0.0, 0.0,0.0,NaN, 100.51900267917439,100.51900267917439,0.0, 85.30268768608893, 11.04365242962356, -14.141810553897033, 11.04365242962356, 73.37206467198627, -2.5739936852816703, -14.141810553897033, -2.5739936852816703, 98.64735705004482, 5.221581954475403, 3.4018195345126623, 13.0, 0.0
38, 0 ,1.0,1.0,1.0,180.61034136546184,160.30185742971886,7.820080321285141,10.374947306390508,9.340759912701976,5.250603177587041,44.0,48.0,20.0,-0.9994750715220525,0.014664920231851087,-0.028888086135659307,10.378519626978523,-0.013054211984951904,-0.9983912292671735,-0.05517735832597976,9.350173647177176,-0.029650783386611656,-0.05477128295900209,0.9980585842562474,5.2267336076810045,44.51508765226836,47.37988695272301,21.39181652918616,14.109142894014981,4.836346542781444,19920.0,45117.90424152244, 0.0, 0.0,0.0,NaN, 44.86708193905236,44.86708193905236,NaN, 107.63953161037968, -0.39497904771697334, 2.3645312978822868, -0.39497904771697334, 87.24979574674022, 3.277151457234558, 2.3645312978822868, 3.277151457234558, 27.568833728487128, 5.873002107423472, 3.6049389866665056, 11.0, 0.0
39, 0 ,1.0,1.0,1.0,55.790151772567675,82.49756484313059,72.05357345112697,10.502225673840716,8.769558970153014,9.278396762284462,52.0,43.0,48.0,0.8767614008904476,-0.12315581974394493,0.46488933088619844,11.039413950601103,-0.2410173434874614,0.7239838306257526,0.6463420558270282,9.137605699199241,0.4161731443123972,0.6787341578671718,-0.6050783890517608,8.241726568315432,53.54772873225059,40.693564461662476,43.562487521255946,15.849223242161177,4.700284856663736,35316.0,94924.74917110549, 0.0, 0.0,0.0,NaN, 122.92317392147676,122.92317392147676,0.0, 110.29674410427909, -8.541441469802898, 19.56138953579956, -8.541441469802898, 76.9051645309912, 4.197321534624419, 19.56138953579956, 4.197321534624419, 86.0886464783708, 5.174729261162941, 3.350486842356388, 22.0, 0.0
40, 0 ,1.0,1.0,1.0,154.39406521297292,179.56392090821984,137.0034261490665,9.31702408833985,11.016356448843544,8.688833161927972,46.0,48.0,44.0,0.02162512853575197,0.9650204369853561,0.26128128523949895,11.181773680858587,0.9907968076647403,0.01424217445723021,-0.13460626429735553,9.330913135007389,-0.1336190096399906,0.26178754108498353,-0.9558311794430573,8.45960202394331,52.30704566445934,46.27678003688662,38.83144850447296,16.055580367147346,5.08735766981109,34441.0,93995.46818954061, 0.0, 0.0,0.0,NaN, 80.41208201135062,80.41208201135062,0.0, 86.80693786270501, 1.3345276105118942, -1.7652361921876005, 1.3345276105118942, 121.36010940797672, 13.451597146797024, -1.7652361921876005, 13.451597146797024, 75.49582171581923, 5.347233703379701, 3.483830624572688, 16.0, 0.0
41, 0 ,1.0,1.0,1.0,133.9491485054186,137.33208288674527,18.060587114445635,9.598193421052375,8.544864309634303,9.685186496826816,50.0,40.0,38.0,0.759007926049808,0.25852943896214076,0.5975529243368234,9.862539822211831,0.5419028768985594,0.2578891379107906,-0.7998965336571306,9.590870203819119,0.3608992105874347,-0.9309434578628016,-0.05564205297988752,8.347956485577306,48.77515177500122,50.65148754688781,42.55181727503175,15.454453866046117,4.483605267926561,33588.0,105125.7110303606, 0.0, 0.0,0.0,NaN, 92.82331401857773,92.82331401857773,0.0, 92.12531694793309, 8.52811115787066, 2.844691044166765, 8.52811115787066, 73.01470607006212, -0.3385074632168213, 2.844691044166765, -0.3385074632168213, 93.80283747831648, 5.2534512577897186, 3.380694516279073, 14.0, 0.0
42, 0 ,1.0,1.0,1.0,16.254530822469018,152.7990342829551,56.92361178174795,9.40669774634691,8.25479170315044,9.34464789354025,39.0,40.0,45.0,-0.7314881426826181,0.35857990001168044,-0.5799530605336498,9.572444666016228,0.6381471052680773,0.06040227901144906,-0.7675414234607774,9.366946408508998,-0.24019444030349102,-0.9315428170502077,-0.2730102760876526,8.03608181292061,56.883485325621336,48.76792751778559,37.13155532016586,15.018912261623289,4.287454639460222,31065.0,103006.26476204726, 0.0, 0.0,0.0,NaN, 75.7128688873919,75.7128688873919,0.0, 88.48596249112803, -6.203185709812533, 0.13230328799995622, -6.203185709812533, 68.14158606240133, -6.699722892211493, 0.13230328799995622, -6.699722892211493, 87.32244425424622, 5.671646971115835, 3.6702699113983446, 19.0, 0.0
43, 0 ,1.0,1.0,1.0,117.91395793499044,89.28648820905035,63.31176970469514,8.36275858206945,8.854829766520425,8.666596941570303,41.0,42.0,39.0,-0.37160634014856886,-0.7624151185991492,0.5297470291496041,9.300607993865581,-0.48644082764931496,-0.32611268788222925,-0.8105713022295309,8.433572655678667,-0.7907490430959976,0.5589040183552745,0.24968429888379312,8.11339553143447,49.848643786669165,43.31612490557757,40.69128333836731,14.40891062483,3.979565108064563,28242.0,87862.65682959282, 0.0, 0.0,0.0,NaN, 136.815845068266,136.815845068266,0.0, 69.93573110197623, 6.697796414842873, -1.9808936908714314, 6.697796414842873, 78.40801019405616, -6.949561953143826, -1.9808936908714314, -6.949561953143826, 75.10990254763573, 5.25838281083703, 3.3873045062259224, 16.0, 0.0
44, 0 ,1.0,1.0,1.0,187.6103548399261,25.141521173498248,176.87310984577095,7.795940016485317,9.318207213407774,9.814398142474891,31.0,49.0,52.0,0.11063019364802729,0.5234474199383907,-0.8448454052743855,10.255960509024485,-0.4174598312948278,0.7959122661732221,0.438464313040754,9.138027568333758,-0.9019358344742121,-0.3041816284966079,-0.3065701997527772,7.432348451825907,52.94119740686871,53.45964042037279,36.85265619351301,14.846085390347293,4.849930504056037,26519.0,104301.02793993882, 0.0, 0.0,0.0,NaN, 36.33803024815434,36.33803024815434,0.0, 60.77668074063709, -6.498686289612844, -9.841553450871018, -6.498686289612844, 86.82898567200466, -12.223793553722874, -9.841553450871018, -12.223793553722874, 96.3224108990146, 5.545622618975218, 3.53369283741827, 8.0, 0.0
45, 0 ,1.0,1.0,1.0,182.2956059462475,94.22656121812753,80.21596167098743,9.291325157675335,8.562084111286367,9.46242139070366,38.0,45.0,44.0,0.6461841084216104,-0.24012956408218292,0.7244196922206554,10.508477618088795,0.5131829956744293,0.8392873831274874,-0.17955473113686796,8.528528602732392,-0.564879908453104,0.4877852816319027,0.6655645784214315,8.124747633750939,54.15099829200247,52.726682708503915,49.32171910006487,15.130876686644987,4.497999197774479,30473.0,140823.49593977167, 0.0, 0.0,0.0,NaN, 125.00676347544322,125.00676347544322,0.0, 86.32872318565057, -3.9958278952808377, 20.172172653422507, -3.9958278952808377, 73.30928432874246, -8.739802427607795, 20.172172653422507, -8.739802427607795, 89.53741857524619, 5.513293439838949, 3.3766232358769015, 14.0, 0.0
46, 0 ,1.0,1.0,1.0,28.633579725448786,151.98722621521273,129.38777804271552,10.193537819361019,8.403146809971412,8.241309708151755,56.0,40.0,41.0,-0.9584382401646304,0.27822785969757124,-0.06313000774777995,10.332775178584779,-0.2406237698525578,-0.6694280167354413,0.7028273840649614,8.767376928354842,0.15328516292214764,0.6888072215778245,0.7085536467552536,7.6685809766426765,54.203289339908,44.75583493141771,38.51608551571502,14.923728263117532,4.441014525869755,29357.0,93436.6906810686, 0.0, 0.0,0.0,NaN, 90.06216866225017,90.06216866225017,NaN, 103.9082132747434, -9.879906243926701, -0.1523885817525341, -9.879906243926701, 70.61287630993272, -9.339359717749778, -0.1523885817525341, -9.339359717749778, 67.91918570567636, 5.354652020299971, 3.4351182210532873, 20.0, 0.0
47, 0 ,1.0,1.0,1.0,17.2091516862279,134.22454315852028,12.3134452533056,9.89157500188174,10.747061702414982,8.06496145122339,43.0,52.0,32.0,-0.3046165558621498,0.9133632192169248,-0.2701414142192522,11.173424061506708,-0.9284486186515213,-0.2214379189336597,0.2982422012097083,9.854317923132585,-0.21258390442073405,-0.3416619350176808,-0.9154644754119133,7.512203902627829,56.820514739523404,51.37420310095848,37.887262815396916,15.918768205197615,4.997900888598925,33655.0,110597.03715972316, 0.0, 0.0,0.0,NaN, 69.09548869840286,69.09548869840286,0.0, 97.84325601785176, -10.671625591823698, -5.633229568801599, -10.671625591823698, 115.49933523551482, -19.566058706855564, -5.633229568801599, -19.566058706855564, 65.0436032097193, 5.589293546187649, 3.4963910494367765, 12.0, 0.0
48, 0 ,1.0,1.0,1.0,181.05371969908052,84.26372248537197,18.21200891613263,10.608027300079167,9.8878284794437,8.767651580800129,46.0,47.0,41.0,-0.8386721051662347,-0.532983927127577,0.1120590622828049,11.11275001910497,0.5186423816307747,-0.8443620538470679,-0.13439792408932377,9.360032359392887,0.1662503533602073,-0.05459721098029968,0.9845709545587755,8.721679352305395,54.448494051431,49.14395693610842,44.06967924013743,16.206155838383882,4.952940785277433,35890.0,117922.28438098585, 0.0, 0.0,0.0,NaN, 88.26671928362403,88.26671928362403,NaN, 112.5302431992249, 16.144428616556286, -5.261653752864127, 16.144428616556286, 97.7691520388979, -1.522671061331649, -5.261653752864127, -1.522671061331649, 76.87171424230701, 4.700923059421118, 3.216020574632162, 16.0, 0.0
49, 0 ,1.0,1.0,1.0,150.4883703731095,112.6992567392671,35.43593536220094,9.585294184523745,8.761929190422759,7.559332195117772,45.0,42.0,36.0,-0.9853916394780926,0.16979744668471847,0.013120363791724574,9.609571344488169,-0.17009183191240992,-0.9850821077549443,-0.02611531538691176,8.73639307028201,0.008490321746399944,-0.027965480157288135,0.9995728319418327,7.55806494247778,45.61708039910428,41.01245674357021,36.62883477051574,14.452368320311857,4.113614093718243,27043.0,68527.734505805, 0.0, 0.0,0.0,NaN, 106.4355521298258,106.4355521298258,0.0, 91.87786460386472, -2.675741735587786, -0.3700550356317049, -2.675741735587786, 76.77140313798243, 0.5724018156556964, -0.3700550356317049, 0.5724018156556964, 57.14350323614407, 5.6771526141874284, 3.6148627123454893, 11.0, 0.0
