// Sample: .//bubblelabels.tif, Map: .//bubblelabels.tif, Thickness:(8.191250068658265):/gpfs/home/mader/Foam/NewValid/InSilicoTest/LatticeData_Phi_6.65/out_Step_03000.vtk/distmap.tif, Neighbors:(1.0):
//LACUNA_NUMBER, TRIANGLES, SCALE_X, SCALE_Y, SCALE_Z, POS_X, POS_Y, POS_Z , STD_X, STD_Y, STD_Z,PROJ_X, PROJ_Y, PROJ_Z, PCA1_X, PCA1_Y, PCA1_Z, PCA1_S, PCA2_X, PCA2_Y, PCA2_Z, PCA2_S, PCA3_X, PCA3_Y, PCA3_Z, PCA3_S,PROJ_PCA1, PROJ_PCA2, PROJ_PCA3,OBJ_RADIUS, OBJ_RADIUS_STD, VOLUME, VOLUME_BOX, Mask_Grad_X,Mask_Grad_Y,Mask_Grad_Z,Mask_Angle, Mask_Distance_Mean,Mask_Distance_COV, Mask_Distance_STD, SHAPET_XX, SHAPET_XY, SHAPET_XZ, SHAPET_YX, SHAPET_YY, SHAPET_YZ, SHAPET_ZX, SHAPET_ZY, SHAPET_ZZ, Thickness, Thickness_STD, Neighbors, Neighbors_STD
1, 0 ,1.0,1.0,1.0,156.07347547600244,182.03160480828288,183.77430902869176,15.892072241625652,11.576135603021623,9.218732991290215,74.0,54.0,41.0,-0.9536403881035402,-0.3009423010050038,-0.0019343328416215196,16.300413288951134,-0.2676768651888541,0.8511298685094094,-0.4515828193962023,11.542008351523714,0.13754674122056296,-0.43012983899860835,-0.8922271098675686,8.522234649435454,78.9628195456516,66.83590788471908,45.61955595181465,20.443080268382975,7.323276775987492,56985.0,240759.56659367055, 0.0, 0.0,0.0,NaN, 50.156513335951445,50.156513335951445,0.0, 252.55796013304857, 41.606767933100166, 7.680108240710141, 41.606767933100166, 134.0069154995448, -23.175511635704723, 7.680108240710141, -23.175511635704723, 84.98503796470263, 9.752323896521757, 6.407837900031373, 12.0, 0.0
2, 0 ,1.0,1.0,1.0,185.39495318949028,36.26725613234455,16.20876816214221,8.634500110601651,16.669057740052864,10.291096598598708,36.0,74.0,48.0,0.03337334559720292,0.9972001742018562,0.06691810200116527,16.697772807712536,0.2952555204609447,-0.07380404161318216,0.9525634577700828,10.413353162627907,-0.9548352724114181,0.012032290444814443,0.2968919442249408,8.430018177636953,75.26295420528187,56.05671371103953,40.00689977353554,20.201042643627556,7.087779864895251,59602.0,168788.86517960124, 0.0, 0.0,0.0,NaN, 42.32428883088691,42.32428883088691,0.0, 74.55459215997992, 6.099523348958324, 10.975027641071973, 6.099523348958324, 277.8574859412163, 11.235923827140759, 10.975027641071973, 11.235923827140759, 105.90666920168988, 8.523922793604433, 5.882957108129385, 12.0, 0.0
3, 0 ,1.0,1.0,1.0,171.08522541653053,187.27231024719592,79.05789230099096,16.207979286691454,7.36073784578297,15.622414970327586,64.0,29.0,65.0,-0.8810542434477263,-0.015672117615093344,0.47275554447538015,16.44482062505786,-0.4720874860384338,-0.033432497672940174,-0.8809175180601533,15.381276283379687,0.029611241592777435,-0.9993180939164502,0.0220572333379921,7.34323622126441,71.65929007842507,76.61534027261996,29.97642897234485,22.532245987955058,7.296354873191732,73464.0,164576.617114505, 0.0, 0.0,0.0,NaN, 85.13641177975245,85.13641177975245,0.0, 262.6985925578192, 5.8724962640518745, -14.217977018628355, 5.8724962640518745, 54.180461634341725, 3.775452800265088, -14.217977018628355, 3.775452800265088, 244.0598495051155, 8.530111642602881, 5.559394038030055, 13.0, 0.0
4, 0 ,1.0,1.0,1.0,56.27014585703941,80.7039929657598,29.202846453570565,12.7687529448492,13.840535004614972,15.838722290312575,66.0,67.0,66.0,0.06528174910501504,0.36319768655199125,0.9294222580275723,16.189089718827397,0.09819489113837872,-0.9292266338331256,0.35622412373319096,13.451468352623472,-0.9930236938704493,-0.06800958357789953,0.09632569726427559,12.745115064382045,75.9229239564679,76.26201252901912,66.13445673651654,23.608841141770558,6.934638037628342,116004.0,382920.81775598234, 0.0, 0.0,0.0,NaN, 102.6268485162665,102.6268485162665,1.9073486328125E-6, 163.04105176659513, 0.6742807872057061, 6.693374347763482, 0.6742807872057061, 191.56040921397238, 27.512726643242726, 6.693374347763482, 27.512726643242726, 250.8651237896444, 8.386721682900589, 5.242635025210531, 24.0, 0.0
5, 0 ,1.0,1.0,1.0,13.498798299131078,107.0876485319081,138.32856014386797,7.910730127815118,14.584899888001647,12.238971897682463,32.0,70.0,62.0,-0.058110568802211916,0.9970094014843581,-0.05094521709921557,14.60845897287372,0.022945333292497965,-0.049684088297966306,-0.9985013785919861,12.233642443337814,-0.9980464285160183,-0.05919243804577338,-0.019989542381398363,7.875424307098775,69.94349375520272,61.87257507125706,33.260485080999416,19.66080249295137,6.208400304715722,59499.0,143937.5453343024, 0.0, 0.0,0.0,NaN, 112.33115820990798,112.33115820990798,NaN, 62.57965115512179, -8.870657206507186, -1.5597406334512363, -8.870657206507186, 212.71930474303045, -3.341492145250747, -1.5597406334512363, -3.341492145250747, 149.79243311226108, 9.484618942152222, 5.413342669960271, 17.0, 0.0
6, 0 ,1.0,1.0,1.0,51.662151484366184,187.6715016743801,120.90903788990481,14.61546396166883,7.181874296412502,12.01276678345055,65.0,28.0,54.0,-0.951771593161166,0.013198184535430027,0.3065234776920433,14.888278626413584,0.3065619197420855,9.454602929654049E-4,0.9518502484471395,11.674211747494464,-0.012272889452080559,-0.9999124531826793,0.004945923037598042,7.179805751886488,65.74913909671014,57.22742627212406,28.339543895531733,19.266198575002782,6.189609316148511,53154.0,106631.8984832848, 0.0, 0.0,-1.4210854715202004E-14,72.15015652707623, 95.26988010100004,95.26988010100004,1.3486991523486091E-6, 213.61178681484031, -2.112318413129456, -24.901785332676493, -2.112318413129456, 51.579318409470574, 0.7644525453518307, -24.901785332676493, 0.7644525453518307, 144.30656579357287, 10.07432500917742, 5.434516564303108, 11.0, 0.0
7, 0 ,1.0,1.0,1.0,56.29506545820745,149.18262120558194,11.378506689684938,13.382929736655058,17.818923199053895,8.273750586637878,63.0,91.0,34.0,0.31899378765270153,-0.9460070307481148,0.057564409265780804,18.315831535430956,0.9324194427817478,0.3241348238070943,0.15978297380546702,12.829083554602748,-0.169814446268737,0.0027043983950414616,0.9854723436341392,8.063294078393264,99.59950769802347,60.779269372719114,35.679052958537646,22.08995241206224,8.780989893668705,69510.0,215986.19078489344, 7.105427357601002E-15, 0.0,0.0,71.39791565505121, 76.6877486758246,76.6877486758246,0.0, 179.10280833624623, -51.52209122322648, 19.80045788799505, -51.52209122322648, 317.5140239737811, -9.571094287423776, 19.80045788799505, -9.571094287423776, 68.45494876989063, 8.25054307689711, 5.252536630597523, 16.0, 0.0
8, 0 ,1.0,1.0,1.0,25.61325648967693,50.87561492505826,48.25785138232276,14.10822313522381,13.096276116070891,14.705873959640487,64.0,66.0,81.0,0.6174779349133234,0.22129435248812415,0.7548177326030701,16.73850758221654,0.5061444994054584,-0.8463371113409178,-0.165925403988387,13.34910874339775,0.602111904563243,0.4845021192151524,-0.6346014110126539,11.33317240385439,88.86715130929886,65.275781667826,61.55770652676376,23.099607071660593,7.295566475157045,104281.0,357088.4233474502, 0.0, 0.0,0.0,NaN, 74.65378303908743,74.65378303908743,0.0, 199.04196003326436, -0.5807524867656281, 66.54322595917772, -0.5807524867656281, 171.51244810836886, 32.333096060453286, 66.54322595917772, 32.333096060453286, 216.26272891683215, 8.062635834192482, 5.101268260713188, 20.0, 0.0
9, 0 ,1.0,1.0,1.0,88.42118528119825,178.08643232622495,80.9217150675349,13.091732331971203,12.295802553710331,15.550682384216982,69.0,58.0,73.0,0.41826240087895605,0.268787596643046,0.8676461213546837,16.137124538267383,-0.6471002145347143,-0.5821598801281833,0.4922917695008373,13.659563670631398,-0.6374306835728085,0.7673611287131987,0.06956307770583385,10.835749649702208,76.77408540711218,77.9845062659843,59.34907150454145,22.68076739770054,7.070129331068245,97209.0,355334.11664791655, 0.0, 0.0,0.0,NaN, 121.84758686242586,121.84758686242586,1.3486991523486091E-6, 171.39345545198015, 42.13335392059756, 29.857803495456682, 42.13335392059756, 151.1867604398295, 13.524167001024226, 29.857803495456682, 13.524167001024226, 241.82372261479637, 8.376026628012127, 5.002494762386618, 23.0, 0.0
10, 0 ,1.0,1.0,1.0,187.761950201944,20.118303670498424,111.20964448981404,7.435855087168676,11.155658755738132,13.521512856915454,30.0,44.0,69.0,0.011953815511034756,-0.35476709434197046,0.9348782889055043,13.879917427614275,0.03263749155790129,-0.9343085022839681,-0.35496819111674827,10.71031960731028,-0.9993957676714146,-0.034755306530713945,-4.1015657991348177E-4,7.4302704663729155,76.45299235798552,56.1488341984643,30.707222744908393,18.078698187104983,5.977678893279922,45062.0,131818.3196430141, 0.0, 0.0,0.0,NaN, 91.85991093542003,91.85991093542003,0.0, 55.29194087737228, -2.397296092640452, 0.8466303413571163, -2.397296092640452, 124.44872227447685, -25.851129882721363, 0.8466303413571163, -25.851129882721363, 182.8313099397299, 9.268816612010434, 5.343246475419027, 9.0, 0.0
11, 0 ,1.0,1.0,1.0,77.12062161583407,100.85034721160024,160.3380545953277,11.997257584679822,14.752633733090887,13.479506405915,62.0,79.0,75.0,0.1781597839968585,0.9126567155727069,0.3678543337874828,15.099390691189859,-0.10684385984627395,-0.3536826719052254,0.9292432174663052,13.20979719144482,-0.9781837664668858,0.20485674778737697,-0.03449973777634425,11.86512298624409,75.23483322233255,70.93759652498673,63.851818652250884,22.344653200550063,6.6323418119203295,98067.0,340775.76697096496, 0.0, 0.0,0.0,NaN, 131.7243858962952,131.7243858962952,0.0, 143.93418955315752, 15.4544570837692, 2.3678826944014717, 15.4544570837692, 217.64020206273116, 18.197174271070015, 2.3678826944014717, 18.197174271070015, 181.6970929471035, 7.5021151683497, 4.851126797673462, 30.0, 0.0
12, 0 ,1.0,1.0,1.0,20.88905874645119,177.18788289789774,48.365650969529085,12.971476637561233,12.335239076758434,14.160489549256267,60.0,54.0,81.0,0.3240948382414053,-0.4665353489565186,0.8229868188490608,15.09996136905302,-0.9358223392322715,-0.030687591896214644,0.351133622852398,12.724360861335672,-0.13856076363500616,-0.8839700446721201,-0.44653989172665537,11.446335694788804,90.94304241420255,69.47884791033337,54.560895665659274,21.76559383072402,6.869914024946077,87001.0,344749.4472134986, 0.0, 0.0,0.0,NaN, 57.410640613905585,57.410640613905585,NaN, 168.25920615879687, -13.777962946052265, 15.719132689944868, -13.777962946052265, 152.15812308078824, -37.572498370683576, 15.719132689944868, -37.572498370683576, 200.51946427459595, 7.68351568940908, 4.844760352172242, 11.0, 0.0
13, 0 ,1.0,1.0,1.0,167.39920391149,187.34108004763993,25.17517081426691,15.596137194376436,7.296950931540828,14.521474457073621,77.0,31.0,52.0,0.7811054365042472,0.03047351183392163,0.6236550826699133,17.32980594009672,-0.6240490145641729,0.004655788524276439,0.7813713272540154,12.410575760704761,-0.020907522210760945,0.9995247314147487,-0.02265362675779489,7.281046906658696,90.97847926815811,62.13044517042952,32.20493311262314,21.210298980671496,7.5816506013567135,63812.0,182039.46063902762, 0.0, 0.0,3.552713678800501E-15,51.416457959639, 43.09117526237113,43.09117526237113,0.0, 243.2394953858121, 5.59321643055259, 71.22069044501622, 5.59321643055259, 53.245492897314556, 5.0675485367560045, 71.22069044501622, 5.0675485367560045, 210.8732204074416, 8.564944666257075, 5.0248840303542694, 13.0, 0.0
14, 0 ,1.0,1.0,1.0,176.1882223284211,61.15238020929847,108.13026050149708,13.384566524970465,13.516787753202102,14.085203886168637,55.0,69.0,66.0,-0.6205514494214092,-0.37650761735534954,0.6878647488383061,15.562810498817168,-0.04960567020625284,-0.8565880886182816,-0.5136108681878404,13.36184087674648,-0.7825951546645156,0.35284396056993306,-0.5128800672525178,11.811150600336418,77.05476774427522,66.47768402635499,67.26889945727206,22.69002831011187,6.73837933242872,102533.0,344579.7243204113, 0.0, 0.0,0.0,NaN, 112.90112221172159,112.90112221172159,NaN, 179.14662106135995, 25.653235683543127, -42.84256675819844, 25.653235683543127, 182.70355116511433, -9.423533789856918, -42.84256675819844, -9.423533789856918, 198.3929685149401, 6.911042427135786, 4.492828662164802, 18.0, 0.0
15, 0 ,1.0,1.0,1.0,189.82904116164647,24.547653906156246,175.8751230049202,6.236479935985403,13.16604226724261,12.835647724751967,27.0,55.0,54.0,-0.024188325053397134,0.8007514082196394,0.5985082348350571,13.579082334539288,0.009263331539470742,-0.5984781709519179,0.8010855569680664,12.401697285498672,-0.999664501530339,-0.02492109805590582,-0.0070585587613109695,6.228854700452999,74.71037737898847,62.980367756399275,27.811608638033476,18.388815686544074,6.232468301969174,41665.0,130861.6017569568, 0.0, 0.0,0.0,NaN, 35.88934947885849,35.88934947885849,0.0, 38.8936819919485, -3.457531770705627, -1.2543261451086332, -3.457531770705627, 173.34466898281892, 14.639924235539022, -1.2543261451086332, 14.639924235539022, 164.75385251393033, 7.94230254846905, 4.925408899408239, 10.0, 0.0
17, 0 ,1.0,1.0,1.0,19.142720885869817,11.8458335271949,19.112594798306425,12.724578136021464,7.9875609028406,12.004166371024812,60.0,35.0,48.0,-0.858275884621442,0.18539061492420217,0.4785319485418992,13.453399504807049,-0.41998329773113796,0.28212605685462727,-0.8625653121187622,11.664387633358496,0.2949178453470712,0.9412944321208354,0.1642810291973945,7.263892281852545,74.72911711845259,58.25907201644648,35.402841492081286,18.14584480713417,6.367444103794802,42986.0,154131.546023104, 0.0, 0.0,0.0,NaN, 29.530641963773512,29.530641963773512,NaN, 161.91488873971545, -30.272790878177755, -22.4913173844417, -30.272790878177755, 63.801129176587736, -8.893775514623972, -22.4913173844417, -8.893775514623972, 144.100010263243, 7.998879314285644, 4.605135541486828, 3.0, 0.0
18, 0 ,1.0,1.0,1.0,28.391921220936943,41.74388723418993,141.1241716884856,13.45790337300822,12.649056400045819,13.00960868520895,59.0,63.0,71.0,-0.7667565074517483,-0.43143664419406225,0.4753387006408825,15.115300920001815,0.07495253010784508,0.6752404637443554,0.7337795543300046,13.004150473431622,0.637547313154741,-0.598258086588785,0.4854077516071379,10.619955636120645,65.88851446070652,60.20901628263948,54.27097600149457,21.666693621573895,6.396725463850239,86622.0,215297.4467515814, 0.0, 0.0,0.0,NaN, 77.55653725769076,77.55653725769076,0.0, 181.11516319722602, 41.12130604565233, -39.06724047761972, 41.12130604565233, 159.99862781154008, 4.182214090058562, -39.06724047761972, 4.182214090058562, 169.24991814226414, 8.345253885484556, 4.735496184016575, 19.0, 0.0
19, 0 ,1.0,1.0,1.0,121.92980503216724,78.94625697775304,179.8794506196081,11.484673964940011,11.251320533835342,11.448115394513746,55.0,55.0,47.0,-0.41522042102881435,0.6866566480599022,-0.596736666910786,12.512736809877037,0.8179770300760808,-0.0052691933863750285,-0.5752267499595021,11.538340834792285,0.3981275929002769,0.7269627798424049,0.5594814889656625,9.992367298548002,60.341253544844335,59.35346266295811,48.93163534844106,18.963387585770118,5.471674989804163,61087.0,175246.80920129197, 0.0, 0.0,0.0,NaN, 112.83750857087209,112.83750857087209,0.0, 131.89773608097093, -16.31545910061709, -1.6075419605336672, -16.31545910061709, 126.59221375510482, -23.140795318411893, -1.6075419605336672, -23.140795318411893, 131.05934608610264, 7.789459257697381, 4.817129228992939, 16.0, 0.0
20, 0 ,1.0,1.0,1.0,16.11856857625557,101.23249543507568,22.816481509923378,9.891224108571578,11.710812676239849,12.543154023115296,42.0,53.0,54.0,-0.042046022288527454,-0.493322102629136,0.8688299229810632,12.898747654561916,-0.27793726611303227,-0.8294988861127413,-0.48444037202047274,11.445970797801898,-0.959678596257792,0.2618490041899883,0.10223546786406983,9.74280361042757,58.21909425440694,60.26158735483139,47.9147129487836,18.96888003461658,5.700153593011012,58599.0,168102.78267707082, 0.0, 0.0,0.0,NaN, 102.64219424497158,102.64219424497158,0.0, 97.83631436598759, 9.802191534276956, 2.248708791430743, 9.802191534276956, 137.14313353797993, -16.125031896298616, 2.248708791430743, -16.125031896298616, 157.33071284759345, 7.775877682833617, 4.88204611896249, 10.0, 0.0
21, 0 ,1.0,1.0,1.0,80.73409592871096,23.277751535191307,41.423866001097934,12.039654629013691,11.6149389317579,13.604843140702444,61.0,49.0,68.0,-0.43667361075773403,-0.010684881047810846,0.8995565524105738,14.06254252286866,-0.6193067396871091,0.7288416951724302,-0.2919742207050156,12.42596499500097,-0.6525146127451293,-0.6845988728410034,-0.32488315354739716,10.62036433428891,63.839477808353834,63.078837704707865,61.686381208515854,20.69873408120293,6.042702565338519,78329.0,248406.12590667393, -1.4210854715202004E-14, 0.0,0.0,64.1081637691646, 93.67915796182906,93.67915796182906,0.0, 144.95328358593082, -18.386472328575753, -25.850090246640978, -18.386472328575753, 134.90680638846536, -9.671892003215829, -25.850090246640978, -9.671892003215829, 185.09175688311834, 6.792457282825115, 4.529481449977607, 20.0, 0.0
22, 0 ,1.0,1.0,1.0,172.40508030488635,93.07962433646387,11.362426840887437,13.361724003712173,15.027042995909547,7.725390974201905,58.0,67.0,32.0,0.4304214844001352,0.8999257348953817,0.06979267468574821,15.504231640040397,0.9004107383666367,-0.4334950676225274,0.03664053194194163,12.845016703248852,-0.06322853786726501,-0.047071201598715924,0.9968883859185145,7.658570519476893,75.22677600018616,70.68709938900467,34.643165306980364,20.419846876230377,6.859971487397019,58776.0,184217.19989931252, 0.0, 0.0,0.0,NaN, 97.74661530360797,97.74661530360797,0.0, 178.53566835137806, 28.884361374934176, 8.96748637786361, 28.884361374934176, 225.81202120091416, 9.724919055135551, 8.96748637786361, 9.724919055135551, 59.681665704280256, 7.297106499945824, 4.783015104613971, 12.0, 0.0
23, 0 ,1.0,1.0,1.0,159.64554064046413,81.19259427791366,69.90041806495648,15.023928826959585,10.095176940023391,11.215225931661536,69.0,53.0,59.0,-0.9886749383941493,0.14976053070342582,-0.009677274138597964,15.11979898414243,-0.05308318117668952,-0.2886672115173967,0.9559568070111396,11.338047162251797,-0.14037108700686216,-0.945644237775602,-0.29334780294782004,9.810845670573984,72.02064766161352,59.98737615828309,52.64812119778995,20.321118611446092,6.361168597487707,70324.0,227457.24073553056, 0.0, 0.0,0.0,NaN, 114.4848819776394,114.4848819776394,0.0, 225.71843739754723, -19.102243934281624, -0.3726647928847876, -19.102243934281624, 101.91259745038003, -9.10473326704628, -0.3726647928847876, -9.10473326704628, 125.78129269821335, 6.713839545532384, 4.3358745636855325, 16.0, 0.0
24, 0 ,1.0,1.0,1.0,136.37692630085758,117.52661357921207,122.84325230511315,10.154261307522443,12.102925367575224,12.3342383303337,50.0,62.0,62.0,0.32410544586969736,0.7822600687619847,0.5320007939637865,12.621659453420698,-0.23454208505750807,-0.47835492179347516,0.8462662578248257,12.221516740386514,-0.9164854992276099,0.3990560782853118,-0.028435472372827054,9.64632062241062,57.72856368400505,62.48665151573566,45.3932986247902,19.25833319838915,5.553364994655039,62036.0,163745.64108691426, 0.0, 0.0,0.0,NaN, 129.62607256833613,129.62607256833613,0.0, 103.10902270144739, 23.116000301071622, 0.24645740134021155, 23.116000301071622, 146.48080245309586, 4.776013773361485, 0.24645740134021155, 4.776013773361485, 152.1334351894731, 7.383395373716531, 4.610266066563827, 24.0, 0.0
25, 0 ,1.0,1.0,1.0,116.16176750133928,58.361501373840014,15.58513487825531,13.248734517929716,11.163466902841371,9.42418913859933,69.0,63.0,42.0,0.9921038929692485,-0.12097510605836818,-0.0330891110401665,13.281588152163554,-0.12017275825439208,-0.9924317040737424,0.025255116765116534,11.129682639824322,0.03589392328505413,0.02107928991818239,0.9991332692928165,9.417902156563972,68.98142968172063,62.35777337595197,43.0842676047091,18.871783496167055,5.729143758999829,57867.0,185328.19893882336, 0.0, 7.105427357601002E-15,0.0,83.0516179515358, 103.33349166790808,103.33349166790808,1.3486991523486091E-6, 175.52896632658232, -6.331346265756243, -2.985871871625397, -6.331346265756243, 124.62299329083473, -0.5304998793478114, -2.985871871625397, -0.5304998793478114, 88.81534092009358, 7.239906729897174, 4.801844856315819, 17.0, 0.0
26, 0 ,1.0,1.0,1.0,151.17292419888136,151.40303142671735,54.64761595747968,10.090437008034144,14.567234427290588,10.774373010327926,46.0,64.0,50.0,-0.03160532551762221,0.9917498128060911,-0.12423128510165592,14.62702199012913,-0.5230063227099369,0.0895090792505169,0.8476157803728962,11.053065021932845,0.8517426194598663,0.09176292023910565,0.5158624590574865,9.694758014495854,65.74851654481262,57.53925477819257,52.405515048347155,19.835717658079563,6.054143756748949,64722.0,198256.38587869253, 0.0, 0.0,-7.105427357601002E-15,82.86363435612411, 87.93242073113304,87.93242073113304,0.0, 101.81691901310504, -5.079443276286537, -12.022266274158946, -5.079443276286537, 212.20431885964015, -12.641869260079018, -12.022266274158946, -12.641869260079018, 116.08711376568284, 6.640918341866677, 4.543093620259397, 20.0, 0.0
27, 0 ,1.0,1.0,1.0,11.47199546863026,84.85426315263386,104.89504548029187,7.399283681555702,10.575166985271974,9.961836003748585,29.0,52.0,44.0,0.18477265659468706,-0.7673672345485439,0.6140086259298493,11.678641250447969,-0.03461418815914609,-0.6294600417252614,-0.7762614983685042,8.80905618280226,-0.9821715345870217,-0.12217848915644633,0.14286879797360605,7.199416646067425,59.96430715521454,44.00872273181628,32.59795545651666,15.536280574497404,4.944261142234961,30013.0,86024.45824394276, 0.0, 0.0,0.0,NaN, 127.97189155984397,127.97189155984397,0.0, 54.749399000136506, -11.428064232839525, 10.285769024295771, -11.428064232839525, 111.83415676638633, -27.250860329497456, 10.285769024295771, -27.250860329497456, 99.23817656558158, 8.77320618991377, 4.678259945788644, 10.0, 0.0
28, 0 ,1.0,1.0,1.0,52.72954693611473,67.76944806605823,97.00755106475445,12.400583685454752,10.52567311499344,13.528244092366949,59.0,52.0,62.0,-0.5409899668434435,-0.011629268698344098,0.840948640455689,14.277528859656769,-0.8098141282450575,0.2770895630697634,-0.5171290474654322,11.617418650092516,0.22700425870328436,0.9607737164115961,0.15932021963085252,10.429065732675879,66.57486548047888,57.39588469481902,52.93697094610812,20.306704425973575,5.934257648808292,73632.0,202278.69325603178, 0.0, 0.0,0.0,NaN, 129.55141131939487,129.55141131939487,0.0, 153.77447573996653, -5.280628140109145, -32.28567237201882, -5.280628140109145, 110.7897945236957, -4.683952807539208, -32.28567237201882, -4.683952807539208, 183.01338822266126, 7.5460011744102715, 4.546595024888942, 17.0, 0.0
29, 0 ,1.0,1.0,1.0,97.13118889236127,187.4465601142908,139.17561051832672,11.151680209348287,7.50606636652095,13.023322730915998,54.0,31.0,63.0,0.11138572419491091,-0.08424790975145258,0.9901997324520373,13.074593959995054,0.9922257342344661,-0.04622804554435906,-0.11554678761446985,11.135026708619773,0.05550957366481878,0.9953719191878284,0.07844379977978036,7.44137834835495,61.83792630880595,53.6496950007027,33.74200499874934,17.8367540091322,5.67081521137163,44798.0,111941.99954728139, 0.0, 0.0,0.0,NaN, 115.28947508088486,115.28947508088486,NaN, 124.35997149157026, -4.231783423181575, 4.880216460194484, -4.231783423181575, 56.341032298617016, -9.274679414686585, 4.880216460194484, -9.274679414686585, 169.60693495359334, 7.2644072148189345, 4.713923675678026, 11.0, 0.0
30, 0 ,1.0,1.0,1.0,50.01348605678874,122.295067811246,143.2859374206329,13.689685837202918,10.616870217204044,13.576304838551465,62.0,56.0,62.0,-0.7856558846616335,-0.15305994152082272,0.5994309678338188,14.62259968347516,0.48318127921581544,0.4532982560023557,0.7490370768664204,13.360608028656507,-0.386368583494976,0.8781192091093696,-0.28218074399437737,9.59766722703886,73.96073055393437,67.50070372087191,51.53860119398929,21.06161530521179,6.3913883730231795,78748.0,257301.3826985423, 0.0, 0.0,0.0,NaN, 108.42458285955186,108.42458285955186,0.0, 187.40749832131416, 33.55707621761133, -26.050079564442285, 33.55707621761133, 112.71793320895422, 18.166517982604915, -26.050079564442285, 18.166517982604915, 184.31605306927594, 6.8817369720956805, 4.304623128609688, 19.0, 0.0
31, 0 ,1.0,1.0,1.0,17.65032913691048,139.925215204903,23.40498681706274,10.184740005244562,10.476797127062923,12.66649363632187,41.0,47.0,53.0,0.15471326454465092,-0.2358815256321368,0.9593871541976119,12.82926516297998,0.579991415285707,-0.7644457976318888,-0.28148282483630754,10.60691873195702,-0.7997960764900137,-0.5999854401136749,-0.018539354972065665,9.840502956996293,59.90474434999671,58.10647970650818,49.56295081694677,18.571576818290353,5.387838391919016,57271.0,172521.38628001505, 0.0, 0.0,0.0,NaN, 66.84539845588004,66.84539845588004,0.0, 103.72892897442898, -9.42081752207242, 7.49835459479489, -9.42081752207242, 109.76327804163391, -11.960860495931929, 7.49835459479489, -11.960860495931929, 160.44006103898244, 7.365808375620134, 4.62762218860132, 8.0, 0.0
32, 0 ,1.0,1.0,1.0,113.34381952415366,71.12997208405957,69.3942099222038,9.684011888388325,11.431281814151657,14.563474146352803,49.0,58.0,70.0,-0.00670679702707558,-0.22910878001997806,0.9733777199994844,14.726454795296888,-0.06678279793278911,-0.9711238139410807,-0.22903841576643308,11.22722807055797,-0.9977449958651289,0.06654100175295298,0.008787395052439691,9.676256941309473,70.56944861883167,60.11395870271454,49.33644594183778,20.01807290528825,5.985467946531257,70569.0,209295.51105288716, 0.0, 0.0,0.0,NaN, 131.8496223508753,131.8496223508753,0.0, 93.78008625444642, 2.291990637878706, -0.30863006904509027, 2.291990637878706, 130.6742039145544, -20.27218315983594, -0.30863006904509027, -20.27218315983594, 212.09477921148653, 7.633806380530338, 4.429302057501182, 21.0, 0.0
33, 0 ,1.0,1.0,1.0,178.49263878863167,155.99603820779265,88.41266430525944,12.520186672689904,9.027874101142368,12.806270684853859,52.0,40.0,57.0,0.4821470169189157,0.10033341335470397,-0.8703260654724667,12.9753103802241,-0.8756229955065312,0.022744571771503883,-0.48245938087584134,12.382173840370836,0.028611602827521097,-0.9946938677902487,-0.09882047138176957,8.97670571437603,63.5017846797812,59.87944254472711,41.60812046220849,19.22836649212985,5.703339022289884,59569.0,158212.85869981576, 0.0, 0.0,0.0,NaN, 101.0728175586335,101.0728175586335,0.0, 156.75507431900192, 2.7976676250082533, -6.105693342210585, 2.7976676250082533, 81.50251078607712, -8.463137054910385, -6.105693342210585, -8.463137054910385, 164.00056885374732, 7.696267547157393, 4.620583394776984, 13.0, 0.0
34, 0 ,1.0,1.0,1.0,121.4210027100271,152.50826558265584,163.4927431496537,11.758476349114506,11.84803434451811,11.155505823612735,63.0,54.0,59.0,0.007412729796583849,0.8655493210165874,-0.5007688332201681,12.183635416102328,0.9859652925978444,0.07719932227368263,0.14802941070250855,11.785828754278146,-0.16678577046442147,0.494837991193289,0.85282933183749,10.75807894954072,57.49557539509516,65.86750257198577,54.866341389385326,19.316395507888295,5.4735599608532075,66420.0,207783.77062942775, 0.0, 0.0,0.0,NaN, 98.8074058752798,98.8074058752798,0.0, 138.2617660526852, 1.9734021305659224, 3.260229197624721, 1.9734021305659224, 140.3759178288807, -13.910757542745435, 3.260229197624721, -13.910757542745435, 124.44531018065766, 7.369437465964133, 4.401381251809776, 19.0, 0.0
35, 0 ,1.0,1.0,1.0,145.0754584657624,42.99816464479162,83.23343330796664,12.598601607771249,10.106174027999508,12.60655505893301,65.0,48.0,56.0,-0.8355578471844778,0.2222856636663253,0.5024262808978674,12.941922923642554,-0.46045377566689427,0.21554366977812822,-0.8611174408248147,12.510925718381499,-0.2997088662060945,-0.9508575130622875,-0.07774693158227378,9.786118490857,69.87307047814602,61.663372016447056,45.298143649235485,19.663663056751346,5.755441043045469,67017.0,195171.99569891917, 0.0, 0.0,0.0,NaN, 108.59719999060071,108.59719999060071,0.0, 158.7247624713363, -19.351533470741927, -6.021001719539534, -19.351533470741927, 102.1347534842118, -3.2662352493118987, -6.021001719539534, -3.2662352493118987, 158.92523045390948, 7.508150891001187, 4.500539395820614, 16.0, 0.0
36, 0 ,1.0,1.0,1.0,85.36842353681561,35.46343612334802,108.94010383889238,12.058578197714175,11.600036230677572,11.065828668365965,63.0,63.0,56.0,0.729643857951195,0.3936204582793846,-0.5591804497458973,12.857097623775159,0.5422210437623298,-0.831279164276899,0.12235722594268958,11.613386385226965,0.4166727495953941,0.39247660549773955,0.8199670321918962,10.11172636997216,65.58018601205544,58.34981446173774,53.2488902867797,19.235841124940844,5.692550310453963,63560.0,203761.76086915281, 0.0, 0.0,0.0,NaN, 129.7587289075676,129.7587289075676,0.0, 145.40930815038763, 3.405690942409694, -23.563395399549197, 3.405690942409694, 134.56084055303234, -17.1976195512653, -23.563395399549197, -17.1976195512653, 122.45256411763008, 6.438978360596601, 4.203718090041178, 17.0, 0.0
37, 0 ,1.0,1.0,1.0,16.0744109806182,72.20520210389797,170.72676345558037,10.12801340476183,11.747064376458747,11.497087250878673,41.0,62.0,58.0,-0.010617490124362694,-0.7708133835485634,0.6369725242472198,12.252447912043454,0.33183017728943837,-0.603626832370253,-0.7249299143246302,11.069292990573576,-0.9432793872143711,-0.20366976944325893,-0.262188143651483,10.005071968632658,57.55847400604087,58.61236454962216,50.01903635166282,18.51537610274168,5.47120096688352,55516.0,168746.13483242734, 0.0, 0.0,0.0,NaN, 79.55438565550058,79.55438565550058,0.0, 102.57665552703531, -4.082943473794336, -5.733378842766024, -4.082943473794336, 137.99352146466612, -14.745556043049861, -5.733378842766024, -14.745556043049861, 132.18301525431693, 7.293170457447509, 4.519388937456325, 12.0, 0.0
38, 0 ,1.0,1.0,1.0,185.58232534388662,111.29116267194331,57.9607123480037,8.681894250248432,12.97130442741259,14.165718875456399,36.0,68.0,70.0,0.13032636141742784,-0.3293923063093106,0.9351554673229086,14.348804293586442,0.160213577056824,-0.9238074881223193,-0.34772307173351064,12.954864861952158,-0.9784409278266885,-0.19514208524396856,0.06762334892834385,8.40124451093316,71.40578912931235,66.05066070397643,39.90921175255724,20.046878024861083,6.513086751754481,62666.0,188227.78835380438, 0.0, 0.0,7.105427357601002E-15,20.74672369727044, 106.9419063719793,106.9419063719793,0.0, 75.37528777249676, -20.201817703772154, 11.072969153873636, -20.201817703772154, 168.2547385486135, -10.440336984994675, 11.072969153873636, -10.440336984994675, 200.66759125846173, 7.612450761688496, 4.454217708392258, 12.0, 0.0
39, 0 ,1.0,1.0,1.0,47.70126211243757,152.47864938317278,187.99739609271617,17.948985114745714,15.094303048180276,6.655198984438859,88.0,79.0,28.0,-0.9387890164899614,0.32884786588706044,0.10263656083159467,18.36811972398826,0.3369744831101165,0.9385015647189685,0.07525297836443641,14.722340556775368,0.07157779160103514,-0.10523257158111629,0.9918683005459669,6.337238437813773,83.10567807188231,72.79188807721829,30.500313886261267,22.97420425070755,8.153628868724406,70279.0,184509.18494166943, 0.0, 0.0,0.0,NaN, 68.39409091523947,68.39409091523947,0.0, 322.1660666493632, -35.913882613587106, -24.161110275237764, -35.913882613587106, 227.83798451030438, 22.50340205234972, -24.161110275237764, 22.50340205234972, 44.29167352247602, 8.422111422603766, 5.234699336467171, 12.0, 0.0
40, 0 ,1.0,1.0,1.0,80.94455343314404,107.44618334685448,74.68913636698872,12.690968311847051,11.71318899235133,10.806939141483086,63.0,62.0,54.0,0.8717061668836257,-0.4194127193661079,0.253419276005166,13.110684458970733,0.43929286476323814,0.8979996678941844,-0.02486715564840787,11.408865913842568,-0.21714082431722478,0.13300213267410718,0.967036863371286,10.630011206383086,63.401258628283685,56.95197584046812,52.56640015883875,19.589362659912307,5.595201269748261,67795.0,189808.17433979362, 0.0, 0.0,0.0,NaN, 143.86346582368236,143.86346582368236,0.0, 161.060676692306, -14.760156306500104, 12.822353619050256, -14.760156306500104, 137.19879637054038, -6.642874636256975, 12.822353619050256, -6.642874636256975, 116.78993360771918, 6.167026653251726, 3.9583400524376446, 21.0, 0.0
41, 0 ,1.0,1.0,1.0,48.746738743404656,183.9700903117211,165.76465542355874,11.557372706748776,9.943584371186946,13.896169703434841,54.0,43.0,62.0,-0.29670795512372145,0.2726019130723965,0.9152336239210017,14.457506924828976,0.9521614440828909,0.011021978590186684,0.3053966279937307,11.247390684760248,-0.07316401962907376,-0.9620637780195378,0.2628313399396833,9.488306632859508,74.46540872333574,56.85003051841893,47.73634409054574,19.66511596831567,6.231731734354549,61786.0,202085.1658266053, 0.0, 0.0,0.0,NaN, 61.68680054111894,61.68680054111894,0.0, 133.5728638827015, -9.241608565082393, -21.706303562816018, -9.241608565082393, 98.87487014691327, 29.810508581600352, -21.706303562816018, 29.810508581600352, 193.10353242666037, 7.13902257762236, 4.490924351476937, 9.0, 0.0
42, 0 ,1.0,1.0,1.0,172.72847182475675,104.41569540558822,123.73418231957959,11.836224417055085,12.044510162838591,13.646525291346963,52.0,60.0,65.0,-0.32527056784336017,-0.04714921389283845,0.9444448153937557,13.861115689195982,0.49084464184984467,0.8452494759392201,0.21124597272320075,12.32784924808619,-0.8082515668170123,0.5322877746611895,-0.25179183800132066,11.282184664690227,67.8575902497884,65.32465615515875,59.20329462732785,20.81168493240868,6.186101867511753,76876.0,262434.8103721736, 0.0, 0.0,-1.4210854715202004E-14,19.18807178766273, 125.285954840411,125.285954840411,0.0, 140.096208450891, 11.237229120873225, -17.359835036436593, 11.237229120873225, 145.0702250627221, 1.5207702743795073, -17.359835036436593, 1.5207702743795073, 186.2276525273723, 7.6095073744251485, 4.654788834418808, 17.0, 0.0
43, 0 ,1.0,1.0,1.0,115.23828435266084,152.9576950716744,62.95287265025152,9.832293581442913,12.23731850599491,10.675897277592734,45.0,55.0,49.0,0.024259581399464783,-0.8840184185791395,0.4668221377817892,12.778343396614565,-0.6333928296171089,-0.3748679206307964,-0.676969397736393,10.407157898453084,-0.7734500605080814,0.2792588005681829,0.569025066412074,9.4236801985967,60.781184871128744,51.33499717623809,48.11639216452699,18.196572020093342,5.4116088816667265,52878.0,150132.8608380901, 0.0, 0.0,7.105427357601002E-15,62.17178844403164, 115.58802302733935,115.58802302733935,0.0, 96.6739970716835, 3.033511897138734, 9.206206827165495, 3.033511897138734, 149.7519642171655, -25.78708392680171, 9.206206827165495, -25.78708392680171, 113.97478268171193, 6.263698307959561, 3.9577591543338855, 16.0, 0.0
44, 0 ,1.0,1.0,1.0,98.7614856833017,159.24587599841504,16.15849513044566,11.909119966035222,10.674653180143347,10.652074626771924,52.0,53.0,45.0,-0.7928951402648432,0.02213989247659362,0.6089557633404249,13.484647671916965,-0.15313820719522458,-0.9745072454018839,-0.16396438075467812,10.777485232644244,0.5898016497445789,-0.22326095453607073,0.7760725224733938,8.441098385902217,63.980847654382565,53.401504881529775,50.28415026482976,18.26097636247053,5.981537847858463,47951.0,171804.5261105938, 0.0, 0.0,0.0,NaN, 108.05473910194873,108.05473910194873,0.0, 141.82713836541876, 4.75967307864009, -52.26650729271734, 4.75967307864009, 113.94822051634448, 8.665561561011092, -52.26650729271734, 8.665561561011092, 113.46669385431821, 7.247609130870225, 4.3398251575955875, 13.0, 0.0
45, 0 ,1.0,1.0,1.0,117.84263666790629,112.33955001859427,54.5560803272592,10.176425511283433,11.19418219799982,11.014753841515256,49.0,50.0,53.0,0.17004890298660927,0.7335059243908749,0.6580671922201702,12.176819202198246,-0.8116251148133098,-0.27448288783698677,0.5156780170697113,10.223297682776224,0.5588810639101415,-0.6217943415375826,0.5486563161347107,9.869316696925367,62.1871467633693,49.85072738796845,49.09577107569777,18.005861452093583,5.0973627324210655,53780.0,152200.5479861195, 0.0, 0.0,-7.105427357601002E-15,48.84736805536233, 131.94905358242835,131.94905358242835,0.0, 103.5596361867003, 7.929780807128319, 2.715900108025191, 7.929780807128319, 125.3097150820161, 23.548761940199242, 2.715900108025191, 23.548761940199242, 121.32480218917509, 6.5078694969083175, 3.996247906104737, 13.0, 0.0
46, 0 ,1.0,1.0,1.0,109.33241272002334,52.922162792959256,129.11173781970243,10.440040790193404,11.027951981007941,11.228947207854514,50.0,53.0,49.0,-0.32801106205209474,-0.608213454718871,0.7228313334868608,12.632998593005349,0.8027224300652849,-0.5828537691178559,-0.12616728615292006,10.408063911405998,0.4980416081428745,0.5388486590166537,0.6794090661997483,9.422260034530769,59.84317181501133,49.713385068290336,45.51700924481406,18.10973376344181,5.360687923237968,51415.0,135413.40492504582, 0.0, -7.105427357601002E-15,0.0,52.539564087436446, 126.67482943662988,126.67482943662988,0.0, 108.9944517009021, 4.98108170194562, -18.76953634302312, 4.98108170194562, 121.61572489541697, -29.694657692220293, -18.76953634302312, -29.694657692220293, 126.0892553967837, 7.279264566300271, 4.138588502684626, 16.0, 0.0
47, 0 ,1.0,1.0,1.0,17.573278998690146,50.13229515354388,94.27602553173794,9.53214777691862,10.665330833285603,11.047568317247988,38.0,55.0,48.0,-0.4029253195716893,0.3698188994844349,-0.8371888487266024,11.609206832894442,-0.15985714682114982,-0.92910370319891,-0.3334846342971031,10.508011306037321,0.9011641800794423,5.387821384904012E-4,-0.4334776006387805,9.025957226354302,57.78287364020918,57.112035206434825,45.886181488324006,17.379557713065076,4.960933626543711,48097.0,151428.87344136427, 0.0, 0.0,0.0,NaN, 108.21292040319746,108.21292040319746,1.3486991523486091E-6, 90.86184124101459, -3.643237088979833, 19.52469276697891, -3.643237088979833, 113.7492817834326, -7.533865947116193, 19.52469276697891, -7.533865947116193, 122.04876572426156, 7.296818961486238, 4.149195562060211, 9.0, 0.0
48, 0 ,1.0,1.0,1.0,127.49338684348281,9.294363985342873,49.49589949398011,10.924033775807704,6.226599998464173,11.046247647704185,52.0,26.0,56.0,-0.03995484339817005,0.14076957316041733,0.9892358352593489,11.11881385165775,0.9917338997553801,-0.1152257986573936,0.056452523413500544,10.981286370604362,-0.12193228680301929,-0.9833142644119427,0.13500212901649564,5.992326488871781,55.23738740093086,50.13100067997755,27.795857856923554,15.862475709971397,5.339149082094945,28655.0,76969.66301770673, 0.0, 0.0,0.0,NaN, 88.28045208334092,88.28045208334092,0.0, 119.33451393498751, -10.170117537071246, 1.2738081645125567, -10.170117537071246, 38.770547540874034, 11.664564221540797, 1.2738081645125567, 11.664564221540797, 122.01958709441023, 6.614592745887154, 4.200585531781407, 12.0, 0.0
49, 0 ,1.0,1.0,1.0,149.30341074642214,52.419487531065215,160.0240808981061,10.482914101854984,9.048604762015819,11.003805982580742,48.0,44.0,50.0,0.4842855185238716,-0.11134700676177563,0.8677957021288234,11.19459073990056,0.8258469021480039,-0.2693062819962983,-0.49543013704242406,10.408770370606524,-0.288867496891931,-0.9565960331103841,0.03846555182064806,8.898939254003345,50.364435380329695,48.007619379420504,41.48636558548647,17.059942033973506,4.670209856713901,46676.0,100308.91439352206, 0.0, 0.0,0.0,NaN, 83.16261746125271,83.16261746125271,9.5367431640625E-7, 109.8914880668701, -8.970815460085387, 7.458414738217094, -8.970815460085387, 81.87724813917535, -0.5677115430824777, 7.458414738217094, -0.5677115430824777, 121.08374610227975, 6.650443743138277, 4.040238059754962, 14.0, 0.0
50, 0 ,1.0,1.0,1.0,134.49174086055368,117.03423892817268,185.16589848558587,9.952896948149446,10.389443746412992,7.8638605553177365,50.0,48.0,32.0,-0.2676167862534848,0.9589074306731048,0.09422205217071482,10.44743308844214,0.9634781552712778,0.26728977195566256,0.01631018463858633,9.913904228138259,0.009544633592314144,-0.09514576820749385,0.9954175921500457,7.836239319448539,49.55172300438029,52.275611104774754,33.52780824216711,15.752945217217913,4.548155542322931,34931.0,86848.64413076197, 0.0, 0.0,0.0,NaN, 106.74596054862373,106.74596054862373,0.0, 99.06015766048255, -2.7542618897031814, -0.6243061546164997, -2.7542618897031814, 107.94054135988002, 4.474294621145664, -0.6243061546164997, 4.474294621145664, 61.84030283348218, 7.028969869605013, 4.305720024611199, 13.0, 0.0
