// Sample: .//bubblelabels.tif, Map: .//bubblelabels.tif, Thickness:(8.191250068658265):/gpfs/home/mader/Foam/NewValid/InSilicoTest/LatticeData_Phi_6.65/out_Step_03000.vtk/distmap.tif, Neighbors:(1.0):
//LACUNA_NUMBER, TRIANGLES, SCALE_X, SCALE_Y, SCALE_Z, POS_X, POS_Y, POS_Z , STD_X, STD_Y, STD_Z,PROJ_X, PROJ_Y, PROJ_Z, PCA1_X, PCA1_Y, PCA1_Z, PCA1_S, PCA2_X, PCA2_Y, PCA2_Z, PCA2_S, PCA3_X, PCA3_Y, PCA3_Z, PCA3_S,PROJ_PCA1, PROJ_PCA2, PROJ_PCA3,OBJ_RADIUS, OBJ_RADIUS_STD, VOLUME, VOLUME_BOX, Mask_Grad_X,Mask_Grad_Y,Mask_Grad_Z,Mask_Angle, Mask_Distance_Mean,Mask_Distance_COV, Mask_Distance_STD, SHAPET_XX, SHAPET_XY, SHAPET_XZ, SHAPET_YX, SHAPET_YY, SHAPET_YZ, SHAPET_ZX, SHAPET_ZY, SHAPET_ZZ, Thickness, Thickness_STD, Neighbors, Neighbors_STD
1, 0 ,1.0,1.0,1.0,153.72372394222722,181.67184487212137,183.27734929239276,13.41726060251524,11.522506082603693,10.107421588829073,59.0,50.0,45.0,-0.9592900445496287,-0.2549793390667234,-0.12144194941233717,13.675111420038608,0.14978292124624765,-0.8238680194194214,0.5466320179799763,12.133406179333862,-0.2394320089940193,0.5061887229354458,0.8285199393147221,8.98458578959583,61.10236056149435,67.88880267751746,48.65803691366065,19.40139478458939,6.207807993671376,54974.0,201841.61918323953, 0.0, 0.0,0.0,NaN, 52.50773317193778,52.50773317193778,0.0, 180.02288207580764, 17.79164659507736, 17.826597683502527, 17.79164659507736, 132.7681464236391, -26.6558303700885, 17.826597683502527, -26.6558303700885, 102.15997117432802, 9.735118184788513, 6.480953122660943, 14.0, 0.0
2, 0 ,1.0,1.0,1.0,185.51249451254517,36.162124742511736,16.81888022152433,8.48519705777014,16.70445313594568,10.302197852329416,37.0,78.0,47.0,0.014257204705648417,0.9937987408360343,0.11027599388213587,16.76915843535086,0.2758530961119968,-0.10991645086418533,0.954894467045886,10.338749802200224,-0.9610940648445432,-0.01680584845025023,0.2757095609123132,8.31132854400204,81.46150479931931,55.95744036260173,41.28633166163931,20.149490836311422,7.15336447457599,59226.0,188198.67690861426, 0.0, 0.0,0.0,NaN, 42.43184904111528,42.43184904111528,0.0, 71.99856910919104, 1.859099511878938, 10.293478010266952, 1.859099511878938, 279.0387545710055, 19.278747714060167, 10.293478010266952, 19.278747714060167, 106.13528058854082, 8.526627020952839, 5.905255100727628, 15.0, 0.0
3, 0 ,1.0,1.0,1.0,168.84039838429794,186.5393207635213,81.20412091517564,15.721248358370158,7.630340054873068,14.487671568983657,65.0,33.0,62.0,0.8907302889748223,0.0030460463494131882,0.4545220279639558,16.133011513389796,-0.4545309643615428,0.00833331886307474,0.8906919547370418,14.028104474534587,0.001074588012136548,0.9999606379244953,-0.008807261903714633,7.629586564792954,78.4272236670466,66.1259593436674,33.233062801065614,21.655874522539023,6.804077119881851,68577.0,172349.16958035724, 0.0, 0.0,0.0,NaN, 88.0126122323562,88.0126122323562,0.0, 247.15764994555636, 0.02334406224739592, 25.704173460731834, 0.02334406224739592, 58.222089353000335, 1.3083335222046546, 25.704173460731834, 1.3083335222046546, 209.89262749073737, 8.544066392397761, 5.704770114484395, 13.0, 0.0
4, 0 ,1.0,1.0,1.0,56.385347004153736,80.72852320751473,33.4355175877578,14.393666160131463,13.665360886482906,14.276129764688044,72.0,69.0,71.0,0.016840424577101817,0.6273094656490088,0.7785879747383833,15.36037457674329,0.9911739841206052,-0.11288216811306782,0.06951078567085082,14.426051095776124,-0.13149347247125542,-0.7705455537664516,0.623673805982104,12.396593781742517,76.71352434225035,71.31341378785933,73.08450043959174,23.42512530687352,6.999364192739301,110503.0,399823.61806581594, 0.0, 0.0,0.0,NaN, 103.99199802103205,103.99199802103205,0.0, 207.17762552931364, -5.221486975216884, 4.829097762758983, -5.221486975216884, 186.74208815781688, 39.75265913246833, 4.829097762758983, 39.75265913246833, 203.80788105821188, 8.293685119668517, 5.3606148868645125, 26.0, 0.0
5, 0 ,1.0,1.0,1.0,12.717018941134427,105.57272680859754,133.02348496451728,7.960989588118833,15.03680437510342,16.05034597152782,33.0,73.0,76.0,0.10862123224195905,0.4914827805875598,0.8640868615435369,16.650174830785975,0.07259052398795054,-0.8708308661945758,0.48619360167525844,14.485955373324648,-0.9914292933605469,-0.009913569928426201,0.13026771433429327,7.747594586019135,77.5677799360958,70.23189292625639,36.344588808808325,22.21051077999508,7.334143285667404,78348.0,197995.58002573036, 0.0, 0.0,0.0,NaN, 116.4649563577438,116.4649563577438,0.0, 63.37735522213647, 2.1249033296755044, 25.673810245932497, 2.1249033296755044, 226.10548581512936, 28.810973894319783, 25.673810245932497, 28.810973894319783, 257.6136058057392, 9.120026940171098, 5.411758966616653, 18.0, 0.0
6, 0 ,1.0,1.0,1.0,52.13034970425605,184.95908504677053,120.45583112204812,14.185839611965477,8.747019826908566,13.38947270388145,64.0,34.0,60.0,-0.863441105248415,0.030988535973747053,0.5034969398175119,14.589526724301079,-0.502537601760351,0.03398027771616193,-0.8638873187767531,12.957572608467688,0.043879569099414234,0.9989419659642578,0.013767063997579737,8.733464529836908,66.94289140617593,60.11696947266324,35.17283039578882,20.424743445800882,6.313179532524156,67457.0,141549.67086218638, 0.0, 2.8421709430404007E-14,0.0,88.22420338494781, 96.28643354804683,96.28643354804683,0.0, 201.23804549640886, -5.219091196113865, -19.599346591994582, -5.219091196113865, 76.51035585233157, -0.5586507864735154, -19.599346591994582, -0.5586507864735154, 179.27797928798643, 8.943549001942497, 5.470503112958876, 12.0, 0.0
7, 0 ,1.0,1.0,1.0,26.330906576646196,50.66064383617359,50.32733761744011,13.930269033102237,13.418652880595996,12.794758726016216,63.0,67.0,63.0,-0.8430082548664495,0.26719504820325657,-0.4668446084541226,14.919516428021621,-0.018037238038105013,0.8533712219221506,0.520991569642977,13.832867479048371,0.5375981215285078,0.44762078125435095,-0.7145795238587966,11.130062811259476,75.55314435089883,70.3789775008733,60.52014905754828,22.2763246084817,6.44855435419615,98348.0,321806.9989592608, 0.0, 0.0,0.0,NaN, 76.10951574345684,76.10951574345684,9.5367431640625E-7, 194.0523953346071, -23.27354895884437, 38.215114944666205, -23.27354895884437, 180.0602451299272, 17.683673211271504, 38.215114944666205, 17.683673211271504, 163.7058508569681, 7.869809586255524, 5.144288574754829, 19.0, 0.0
8, 0 ,1.0,1.0,1.0,90.48531233866804,180.71165462054725,86.34512132163138,13.469958967934957,11.136697603142927,12.28445102196168,68.0,47.0,60.0,-0.9148379800420318,-0.1955228715757886,0.3533302661298243,13.736988466958826,-0.3829367201218424,0.14230293325146823,-0.9127482366843299,12.114362912855684,-0.12818322298546195,0.9703198863667519,0.205057015159866,10.995950349421516,70.90800815403941,64.78841969478526,54.858345410879025,20.522484857764447,5.933058256536847,77480.0,252020.21485754292, 0.0, 0.0,0.0,NaN, 126.55082770393331,126.55082770393331,NaN, 181.43979459785137, 10.717944798118051, -12.879585079194376, 10.717944798118051, 124.02603350384942, -8.040651065480588, -12.879585079194376, -8.040651065480588, 150.90773691097533, 8.334841030790717, 5.221429255635607, 16.0, 0.0
9, 0 ,1.0,1.0,1.0,186.06629414302444,20.23341619245229,110.87456088090885,8.452792464618428,10.886705995228231,12.847670559185202,34.0,45.0,62.0,-0.014725872435780076,-0.37060137264945897,0.9286752776247149,13.190307733198306,0.15081651133904722,-0.9189733673713455,-0.3643382082209996,10.513390236279637,-0.9884520871486508,-0.1346943675604375,-0.06942549070024329,8.39744689277828,67.68963994307313,53.86178712958882,37.23704260408644,18.01269380044344,5.529517946916081,48677.0,135761.97423648016, 0.0, 0.0,0.0,NaN, 92.44935471865949,92.44935471865949,1.3486991523486091E-6, 71.44970044991008, -4.981166342482975, -3.61368219000133, -4.981166342482975, 118.52036742653831, -22.212641714339426, -3.61368219000133, -22.212641714339426, 165.06263879735423, 8.860717914527255, 5.376276943853054, 14.0, 0.0
10, 0 ,1.0,1.0,1.0,49.97918343875791,151.26387907664503,187.6514088556642,15.918423759619424,13.957840334241391,6.571829409237838,72.0,63.0,27.0,-0.9270393585669722,0.36891918491997816,0.06705715969019342,16.28246051535851,0.37163126414634523,0.9277784281241735,0.03342741115353525,13.574280856418444,0.04988217293509208,-0.05590906282005769,0.997189021960158,6.482811301278035,71.6940530393725,61.5862983993039,29.16380021343727,21.016003015577976,7.052239418819997,60865.0,128769.00774275305, 0.0, 0.0,0.0,NaN, 70.89157892945298,70.89157892945298,0.0, 253.3962149908162, -27.256775900926396, -12.101481392916497, -27.256775900926396, 194.8213067961758, 9.930135913401449, -12.101481392916497, 9.930135913401449, 43.18894178412336, 8.929366800176043, 5.335581169972541, 16.0, 0.0
11, 0 ,1.0,1.0,1.0,77.74378747942588,99.87961694731875,161.10554666728052,12.137053728910061,13.182002696059763,12.461662592793104,58.0,64.0,65.0,0.11809795832871768,0.8331562802827795,0.5402809314273004,13.768098712850241,-0.8420969612812531,-0.2043080949284319,0.4991301535146868,12.286128529793682,0.5262371899053397,-0.5139151826635188,0.6774700030174428,11.655762800288825,64.13346003599958,60.95483093844067,59.12869400438903,21.033374087821898,5.827819262455393,86881.0,231148.50491753736, 0.0, 0.0,0.0,NaN, 132.41152847558385,132.41152847558385,0.0, 147.3080732184496, 7.8806905220625065, -2.916846389732407, 7.8806905220625065, 173.7651950789269, 22.635074557073526, -2.916846389732407, 22.635074557073526, 155.29303457661896, 7.863733478017325, 4.95790863974668, 26.0, 0.0
12, 0 ,1.0,1.0,1.0,19.346953646852437,176.6556642601714,48.7015585992848,12.313278214476524,12.188174744480902,11.81947269644272,51.0,51.0,57.0,-0.5958176247676995,0.7232116824249013,0.34923662525617377,12.61777009288863,0.7651688924181742,0.3790879005623721,0.5203930531077042,12.208500688993638,0.2439629563924028,0.5772843545873708,-0.7792463345161919,11.472259917771495,65.4243203242697,63.95622682278673,56.8062850364953,20.153898395473135,5.804200054789277,74105.0,237694.12211004525, 0.0, 0.0,0.0,NaN, 57.36814827538768,57.36814827538768,9.5367431640625E-7, 151.6168203871022, -6.833679020218119, 1.2002324654714982, -6.833679020218119, 148.5516036020021, 10.409252692503491, 1.2002324654714982, 10.409252692503491, 139.69993482195494, 7.91307809444005, 4.9887513191420885, 14.0, 0.0
13, 0 ,1.0,1.0,1.0,164.48560821046792,10.737299165724284,79.37435722363283,11.669310565374623,6.98871679533502,13.563631906453644,60.0,28.0,65.0,-0.2510594949306962,-0.005767004207861157,0.9679544780967805,13.69002827627878,-0.9675659767625062,-0.027453136588478425,-0.2511222927242262,11.523713874241595,-0.028021609817448497,0.9996064560385357,-0.001312413546794144,6.983854691331144,62.49902309809707,61.06338205501319,28.710519631263917,18.306690659950554,5.818260830454393,46867.0,109570.87666087771, 0.0, 0.0,0.0,NaN, 87.61763636517206,87.61763636517206,9.5367431640625E-7, 136.17280907116378, 2.432581737411842, -13.276740479498605, 2.432581737411842, 48.84216244539779, -0.19467672056317536, -13.276740479498605, -0.19467672056317536, 183.9721104937673, 7.758601978053984, 5.089673395652705, 13.0, 0.0
14, 0 ,1.0,1.0,1.0,171.42979161375698,60.34226671835109,111.99982623340863,11.684116543295957,12.816370999507631,11.733265073271777,54.0,59.0,57.0,-0.1941474196163768,-0.8479728346209402,0.49320264719608836,13.291814823690546,-0.8350897799555306,0.4066699289124472,0.3704654212368123,11.828703106412297,-0.5147152988498843,-0.3399435845302452,-0.7870873652057955,11.038881093076151,65.5835426676378,63.766585347790425,58.25114875149549,20.145245077380626,5.711090530388279,74813.0,243608.55087952426, 0.0, 0.0,0.0,NaN, 110.4602939652627,110.4602939652627,0.0, 136.51857939732227, 2.8906307184331395, -10.836464420742692, 2.8906307184331395, 164.25936559702026, -20.203982603727404, -10.836464420742692, -20.203982603727404, 137.66950927965937, 7.487692904993722, 4.769081510567285, 16.0, 0.0
15, 0 ,1.0,1.0,1.0,163.29300894854586,186.73467561521252,22.644108873974645,12.653693299114424,7.560232784072493,13.826178062685603,70.0,31.0,51.0,0.3058425332288396,-0.011692047896321285,0.9520103155345306,13.954771316906294,0.9517325570025954,-0.02333877934400217,-0.3060399341916572,12.514653176583698,-0.025796992256230167,-0.9996592406388903,-0.003989711243924133,7.555401183337609,62.54987447332621,67.08099569340688,31.697924384455575,19.21208480329216,6.27152861666329,53640.0,133001.57007575873, 0.0, 0.0,0.0,NaN, 45.123471606045435,45.123471606045435,0.0, 160.1159541080533, -2.703074135799677, 11.088712543395777, -2.703074135799677, 57.15711974936452, -0.8212722316478739, 11.088712543395777, -0.8212722316478739, 191.1631998210886, 8.500030597062096, 4.993162079892211, 13.0, 0.0
16, 0 ,1.0,1.0,1.0,168.51561936801633,91.183527574192,10.301293604069045,11.621126841589202,15.722694147429047,6.82707916322521,56.0,68.0,27.0,0.1761782803915288,0.9834153238524211,-0.043075681428409965,15.85454098561304,0.9835998195110571,-0.1741563885698337,0.04691425559602269,11.465435584602501,-0.038634292747501395,0.05063450535505577,0.9979697081030812,6.785280186823215,67.29221094555899,59.9984706740173,28.396104252196654,19.572905700566402,6.764914830179547,49938.0,114647.27595013588, 0.0, 0.0,0.0,NaN, 97.01452764699879,97.01452764699879,1.3486991523486091E-6, 135.05058906830504, 20.942315440989436, 2.3832951057076, 20.942315440989436, 247.20311125359964, -9.395777882199818, 2.3832951057076, -9.395777882199818, 46.60900990094383, 7.65959519390586, 5.007098192141131, 17.0, 0.0
17, 0 ,1.0,1.0,1.0,188.57347235167884,176.27923612164827,135.97110528255263,6.806038508368744,12.473029347663672,13.723338255013832,28.0,52.0,63.0,-0.06187238287340589,0.47968278447824586,0.8752578103123462,14.26089052334844,-0.040732785636118665,-0.877420931901062,0.477988858066999,11.88681877066333,-0.9972525499650972,0.0060773791282479955,-0.073826939873212,6.749753709660842,66.83838675053894,64.37303013673156,30.057975276217604,18.741539988984044,6.243661825238714,46133.0,129327.12835130854, 0.0, -2.8421709430404007E-14,0.0,61.335313780011205, 69.2310590111716,69.2310590111716,0.0, 46.32216017739823, -1.2621436029377215, -10.410282473613561, -1.2621436029377215, 155.57646110767925, 26.105547476863833, -10.410282473613561, 26.105547476863833, 188.3300128615261, 7.548350319800892, 4.935112733908145, 11.0, 0.0
18, 0 ,1.0,1.0,1.0,189.62679905482491,24.509917177840897,175.98350717235124,6.324428196246414,13.150571865234156,12.695445903725233,27.0,56.0,54.0,-0.01759424787533998,0.8406307750101212,0.5413227711334374,13.468051830562926,0.01684845187309644,-0.5410804317315118,0.8408020552227027,12.361201444508573,-0.999703242022942,-0.02391373043093642,0.004643423919421594,6.3184300126002935,75.24170174738087,60.89610267759244,27.431024919381343,18.335303149564005,6.158485000400383,41897.0,125686.93712674474, -2.8421709430404007E-14, -3.552713678800501E-15,0.0,89.50451048481554, 35.84872753186793,35.84872753186793,0.0, 39.99839200947667, -3.121343652463917, 0.25169148499640515, -3.121343652463917, 172.93754038268813, 13.022086373007275, 0.25169148499640515, 13.022086373007275, 161.1743466944138, 7.910246393115895, 4.931449867251603, 11.0, 0.0
19, 0 ,1.0,1.0,1.0,23.157731958762888,9.976257419556388,18.302061855670104,11.47591179088008,6.4200802694849965,11.19002931793005,56.0,25.0,46.0,-0.802889355104275,0.115935928622443,0.5847457087612472,11.756621143116481,0.5939844398459728,0.0724748906379048,0.8012052642412489,10.97487579919995,0.05050909503354383,0.9906090301836921,-0.12705345582634475,6.282093498523139,65.6395112871318,55.0515351184089,30.533140361811355,16.359403901537746,5.522738652260337,32010.0,110333.20830240312, 0.0, 0.0,-3.552713678800501E-15,54.21497246659526, 31.15720991590769,31.15720991590769,0.0, 131.69655143206043, -5.706095711069686, -7.823183702258188, -5.706095711069686, 41.21743066663055, 11.397268572643306, -7.823183702258188, 11.397268572643306, 125.21675613613404, 8.008606658805649, 4.752835175798219, 5.0, 0.0
20, 0 ,1.0,1.0,1.0,24.713558466971396,37.71976518429059,146.34332625013377,13.913992668539025,12.242087703935626,10.778850902943622,64.0,60.0,57.0,-0.9330139998618974,-0.32805105346904423,-0.14787624007782255,13.99147810166779,0.3515844881643791,-0.7435529957769973,-0.568785803403394,13.555930159099482,0.07663696069061673,-0.5826761096774974,0.8090830164248918,8.951359012522397,68.47337871488544,55.69159521255678,54.12233835780627,20.484327463563474,6.328021688042309,65413.0,206389.67534923134, 0.0, 0.0,0.0,NaN, 70.08979451787555,70.08979451787555,0.0, 193.59919198015774, 8.300203938942545, -4.770643389712237, 8.300203938942545, 149.86871135085187, 49.43970638086017, -4.770643389712237, 49.43970638086017, 116.18362678788853, 7.789063228754782, 4.905323714429981, 17.0, 0.0
21, 0 ,1.0,1.0,1.0,122.04638416891663,78.91166152005562,179.36117892422357,11.399737662927016,11.18387082179252,11.64390717545356,53.0,55.0,48.0,-0.276028335191321,0.6502277993554773,-0.7078221295755316,12.579185629766835,-0.8897130281276842,0.10574815243733443,0.444103654382574,11.498107227473273,-0.3636194243317786,-0.752343762652036,-0.5493266578705267,10.0085552768655,60.331951985671026,55.292302282540945,51.27251628014159,19.00365667108918,5.429050817597556,61853.0,171039.6038731314, 0.0, 0.0,0.0,NaN, 112.82631554913894,112.82631554913894,0.0, 129.95401878355673, -13.435590139541153, -1.3133109523159723, -13.435590139541153, 125.07896655854206, -25.219561191179654, -1.3133109523159723, -25.219561191179654, 135.5805743105789, 7.7365731159068964, 4.817621688320613, 17.0, 0.0
22, 0 ,1.0,1.0,1.0,15.873451358580882,101.94748697733353,22.619386174855695,9.725043134689582,11.545848548387918,12.427089972598068,39.0,52.0,53.0,-0.10077954306058706,-0.515358505828963,0.8510282569751946,12.851063504825664,-0.32617759621598225,-0.7909922546529361,-0.5176286591812981,11.28482098544987,-0.9399210921280908,0.32975273091940177,0.08838256063236499,9.47726912049141,58.562430005756404,58.707508480294976,46.10399666322932,18.740269399562067,5.578346591309248,56824.0,158508.0465657675, -1.7763568394002505E-15, 1.4210854715202004E-14,0.0,61.16511623544416, 101.87197062499904,101.87197062499904,0.0, 94.57646397157296, 13.595036936048315, -0.12459513615044376, 13.595036936048315, 133.30661870231137, -17.673408272106727, -0.12459513615044376, -17.673408272106727, 154.43256518704746, 7.918435989484541, 4.871841977776543, 12.0, 0.0
23, 0 ,1.0,1.0,1.0,81.62376665555267,22.83715531187098,40.88346361402339,12.907285174629873,11.646953848200262,13.176945596697028,67.0,49.0,64.0,-0.6946891064898412,0.3379215792517956,0.6349929539769077,14.754855203059094,0.3629397853806103,-0.5975009237257728,0.7150296205995423,12.238673815270923,-0.6210328151653687,-0.7271874946826444,-0.29243219738078835,10.411078280360877,70.95398063673419,63.60144832835278,59.594263657823234,20.935622612163392,6.130346288811382,80979.0,268935.55878930865, 0.0, 0.0,0.0,NaN, 94.10330782102085,94.10330782102085,0.0, 166.5980105792201, -34.638491326309584, -37.478994727911534, -34.638491326309584, 135.6515339421069, 5.771573305154774, -37.478994727911534, 5.771573305154774, 173.63189525831316, 6.811882924880986, 4.460495538788084, 17.0, 0.0
24, 0 ,1.0,1.0,1.0,153.51057455370596,82.13141519970218,70.64551755925473,10.882460423631168,10.176113074174646,12.325169270000085,47.0,50.0,61.0,-0.09963211496333524,-0.1052646927346055,0.9894406430561772,12.359802378826611,0.9866155563458354,0.11855234287342585,0.11196019817604397,10.878678420116715,-0.12908596222800578,0.987352361856045,0.0920441627315883,10.13807973397725,59.670967506031914,47.257284085386516,49.47986416331042,18.576013883666718,5.368680275304763,56409.0,139527.66842108572, 0.0, 1.4210854715202004E-14,0.0,83.9575831498041, 117.88818936707516,117.88818936707516,0.0, 118.42794487189863, 2.3447873714013374, -3.2080971338632973, 2.3447873714013374, 103.55327729838818, -4.999401188937321, -3.2080971338632973, -4.999401188937321, 151.90979753415442, 6.763925631487574, 4.472551683794663, 17.0, 0.0
25, 0 ,1.0,1.0,1.0,136.11804446067467,115.88162079091919,121.3754355533239,9.921565325852168,12.744781957242628,12.8552390297131,49.0,63.0,62.0,0.1651897280091226,0.71481861387667,0.6795194647805968,13.803650275128609,-0.30514692011132516,-0.6181355460732448,0.7244265344583293,12.038451143828226,-0.9378687066465353,0.32702109402325785,-0.11601505573410258,9.521503521160465,66.30054605621626,62.62779399577035,46.01003701350879,19.797902217303708,5.845268510336969,65721.0,191045.49550892753, 0.0, 0.0,0.0,NaN, 131.6762245005551,131.6762245005551,0.0, 98.43745851515204, 22.029737616652746, -0.7840055541255686, 22.029737616652746, 162.42946713765724, 24.216215343723672, -0.7840055541255686, 24.216215343723672, 165.25717051105903, 7.205031327547866, 4.573974244976165, 25.0, 0.0
26, 0 ,1.0,1.0,1.0,116.17568273651943,58.29683363522363,15.606067994983977,12.969003362390188,11.236800086946278,9.330082513121406,64.0,59.0,39.0,0.995469775049914,-0.08688317759386252,-0.038616582102352665,12.986607325694337,-0.08493085075744718,-0.9951510183639392,0.049610495248801706,11.226185253488374,0.042739648474112074,0.04610600937414186,0.9980218225810001,9.318366752383179,63.961032065495445,60.09545388672705,40.64355914554986,18.723586563058245,5.562236090369543,57416.0,156224.38169063666, 0.0, 0.0,1.7763568394002505E-15,87.78688254536645, 103.28884903437374,103.28884903437374,0.0, 168.195048213688, -3.7638316998484633, -3.3104432190574693, -3.7638316998484633, 126.26567619399589, -1.6605513591770946, -3.3104432190574693, -1.6605513591770946, 87.05043970165384, 7.280193137995597, 4.796577246959555, 15.0, 0.0
27, 0 ,1.0,1.0,1.0,150.99527763691682,152.00131528904666,54.6473599137931,10.098254775184019,14.117217970420867,10.666252766940632,47.0,64.0,50.0,0.020426775281357955,-0.9834721420737241,0.17990356476881045,14.225896214512279,0.5464845719532855,-0.13969873714091385,-0.8257353543710412,10.8287426058875,-0.837220018554645,-0.11518163311116315,-0.5345987578784728,9.767382007812085,65.40746149916441,55.573953519018744,52.61662136576072,19.524921650167578,5.8152364846166,63104.0,191258.85229680827, 0.0, 0.0,0.0,NaN, 87.7021692628638,87.7021692628638,0.0, 101.97474950452684, -3.8178817197621258, -9.471207637323886, -3.8178817197621258, 199.2958432243739, -16.40535831124583, -9.471207637323886, -16.40535831124583, 113.76894808826867, 6.732740688480581, 4.555927594505285, 21.0, 0.0
28, 0 ,1.0,1.0,1.0,53.05339648440253,71.60634893784976,91.71084422266391,12.542336775229277,12.042360086518018,11.540762851469816,66.0,57.0,53.0,0.7371360218386835,-0.6257313071240735,0.2551290195031509,13.847758129402077,0.23222924502073838,-0.11997865590193048,-0.9652329769983328,11.364933840342532,-0.6345865292179927,-0.7707564163941583,-0.056872519922162044,10.704939468521651,65.77602841762379,53.52623183740778,55.354467639577706,20.02645810524172,5.870164494245195,70941.0,194888.8514951903, 0.0, 0.0,0.0,NaN, 127.87889206109834,127.87889206109834,NaN, 157.31021178326876, -35.99798212284304, 11.246913943763778, -35.99798212284304, 145.01843645336223, -10.631890785834601, 11.246913943763778, -10.631890785834601, 133.18920719386574, 7.425957031944913, 4.550322790969524, 18.0, 0.0
29, 0 ,1.0,1.0,1.0,96.93393996163968,186.49852803425665,138.78092243186583,11.203979504879477,7.950022032957315,12.173272680594303,53.0,32.0,58.0,-0.0915827970379273,0.16671305348343535,-0.9817430158065497,12.28954797477869,0.9945238712103287,0.06515916468405186,-0.0817101759299175,11.201775749241087,-0.05034740191441147,0.9838501110717556,0.1717675698860611,7.772245844393824,57.65938751699251,52.464634646357666,35.94916037133379,17.55617982001736,5.357343087164289,44838.0,108749.03932262899, 0.0, 0.0,0.0,NaN, 115.4393950089039,115.4393950089039,0.0, 125.5291567457594, 2.833146885174881, 2.860254521682196, 2.833146885174881, 63.202850324506755, -15.179021346168554, 2.860254521682196, -15.179021346168554, 148.18856775610362, 7.240895996692508, 4.730913540222954, 12.0, 0.0
30, 0 ,1.0,1.0,1.0,46.03911540008042,121.35739445114596,144.4131242460796,10.559900079448013,10.496929558840963,13.218307107656804,47.0,54.0,61.0,0.05390179244162298,0.28107463724263293,0.9581709894744791,13.436247498586381,0.7866637237932149,0.5790624774759295,-0.2141187353951795,11.040648313186544,-0.6150242128887059,0.7652997422437569,-0.18989871532547734,9.694947169778077,61.80261683695696,56.97966905808006,50.457331360162144,19.12180949012282,5.547708037289595,62175.0,177685.1217400456, 0.0, 0.0,0.0,NaN, 106.74343216524544,106.74343216524544,0.0, 111.51148968792616, 14.022128133410714, -0.23053828977031052, 14.022128133410714, 110.1855301632691, 19.847188840013807, -0.23053828977031052, 19.847188840013807, 174.72364279233037, 7.155907316396262, 4.474905312680662, 14.0, 0.0
31, 0 ,1.0,1.0,1.0,10.55663948747816,178.85750339739857,136.69006018248885,6.431534277631181,11.695647844722894,13.055343280566625,26.0,49.0,63.0,-0.03715086945000151,-0.027792888316607832,0.9989231042768655,13.062987346328558,-0.025720813820815973,-0.999255410824177,-0.028758714766141853,11.697461497276432,0.9989786046935661,-0.026761526444243657,0.03640835160880229,6.412687108767083,63.163575602025205,49.839845783408435,27.38029574047942,17.76609817617689,5.741128411733908,41208.0,86194.89231173942, 0.0, 0.0,0.0,NaN, 67.57659564935541,67.57659564935541,0.0, 41.36463316434484, 2.593588309805637, -4.735769764752836, 2.593588309805637, 136.78817850777125, -0.8454418221806826, -4.735769764752836, -0.8454418221806826, 170.4419881734361, 7.379874558130345, 4.691811600558643, 12.0, 0.0
32, 0 ,1.0,1.0,1.0,51.898731436983155,10.089080833008616,121.78313200848595,12.57574553651079,6.757859692774846,13.131041146831661,68.0,28.0,63.0,0.2507666355938923,0.008798361456348543,0.9680075843239059,13.170186530484422,-0.9679311061405846,-0.013231694380012635,0.2508670883741,12.535917251581248,-0.015015599834325249,0.999873747579922,-0.005198140253785751,6.755682825580435,65.91182690972042,69.33145445479715,28.24826845194865,18.453153525737005,5.976906388899999,46194.0,129087.88705430557, 0.0, 0.0,0.0,NaN, 94.40946094129032,94.40946094129032,0.0, 158.14937579907107, 1.7101511048364402, 3.949138233010733, 1.7101511048364402, 45.66866762723094, 0.7184355497485233, 3.949138233010733, 0.7184355497485233, 172.42424159978614, 6.792209241757786, 4.651582890893476, 15.0, 0.0
33, 0 ,1.0,1.0,1.0,9.41623901770601,21.70579542706682,178.25406378462614,6.30878251792948,12.781024580239224,11.272710847732046,24.0,51.0,48.0,-0.0762479291618753,0.9908501054631492,0.11136571196823511,12.832725404145933,-0.08439011741552549,0.10487711828118115,-0.990898127025997,11.274540257123109,-0.9935112286135066,-0.08495209570517617,0.07562129365581588,6.199615853267498,55.544812417191196,50.68908709305404,27.77992956353274,17.26682164104447,5.664468770517163,37219.0,78214.83155859691, 0.0, 0.0,0.0,NaN, 32.1355388043106,32.1355388043106,0.0, 39.80073685853263, -10.32260895661139, 6.343615998511023, -10.32260895661139, 163.35458932067922, 4.71471556037664, 6.343615998511023, 4.71471556037664, 127.07400985657577, 7.933597660012009, 4.819360035852871, 8.0, 0.0
34, 0 ,1.0,1.0,1.0,112.73531461073587,71.80688233202986,64.5747458229648,10.09754145082235,12.116892615441232,13.447671805166532,48.0,59.0,61.0,0.07701052510539262,-0.417913833558789,0.9052167733439256,13.8013030016485,0.03262110746400293,-0.9063708034632768,-0.4212218298915139,11.736694714965623,-0.99649648387278,-0.061967687947270186,0.05616727943968888,10.069425982103786,64.371048549047,61.642197709592125,48.30728482446776,19.908110203479296,5.769441490369444,70325.0,191681.9971253472, 0.0, 0.0,0.0,NaN, 130.15856277799682,130.15856277799682,0.0, 101.96034335107552, -3.941965051853462, 5.7104915570375905, -3.941965051853462, 146.81908665413428, -19.819827614337942, 5.7104915570375905, -19.819827614337942, 180.83987697947092, 7.249506912619628, 4.513885166374984, 19.0, 0.0
35, 0 ,1.0,1.0,1.0,122.21704884131135,151.94694665774588,163.31517243476674,11.60647904798631,11.466864844821824,11.471612872914676,57.0,53.0,60.0,0.1342640293759084,0.7205770838435087,-0.6802513040452997,12.200332294457404,-0.9376885824911747,-0.1296308897017366,-0.3223909966187461,11.708540550056599,0.3204891459650971,-0.6811493952685577,-0.6582721387419044,10.576351793471968,58.333486329274294,61.64777237298094,49.78057017012196,19.20554055505003,5.380005497678832,65764.0,179017.37626593414, 0.0, 0.0,0.0,NaN, 98.51426292653953,98.51426292653953,0.0, 134.71035589134522, 6.645463831387027, 4.248984682594413, 6.645463831387027, 131.48898936941063, -17.07653675833432, 4.248984682594413, -17.07653675833432, 131.59790190602172, 7.349994679796573, 4.429714319909007, 19.0, 0.0
36, 0 ,1.0,1.0,1.0,171.6711489797017,103.83519086846498,124.64079577881871,11.451446995985487,11.798187267962382,13.894127970686547,53.0,58.0,66.0,-0.19770429853884644,-0.0904960328734359,0.9760755495213641,13.971297025301224,-0.6131089646226417,-0.7655130723498809,-0.19515925179401095,12.635179208631664,0.7648597308256039,-0.6370244925398207,0.09586129597376158,10.418001678544703,62.822639647307284,66.98823518522315,60.28090054278867,20.62879519373326,6.1508098680261165,74292.0,253684.80117596622, 0.0, 0.0,1.4210854715202004E-14,12.558225976116182, 125.41612327083199,125.41612327083199,0.0, 131.13563830186504, 25.54003860587176, -10.607746706612867, 25.54003860587176, 139.19722280990965, -0.018845858021644422, -10.607746706612867, -0.018845858021644422, 193.0467920658143, 7.61370802182757, 4.729865564758624, 17.0, 0.0
37, 0 ,1.0,1.0,1.0,144.69323837966152,42.71844704801286,83.25810552109657,11.61972675439297,10.332133446361095,12.746610231927185,57.0,48.0,57.0,-0.04951085348876039,-0.1563173825914826,0.9864651799666133,12.815411051986494,-0.9183515803848318,0.3954186646447006,0.01656666699378786,11.900872058812457,-0.39265640220362613,-0.9051016271946204,-0.16313183091645345,9.918749296823641,58.87034111790177,60.00809471312884,49.33669497093352,19.3481632336805,5.46769451300638,65295.0,174291.5945898819, 0.0, 0.0,0.0,NaN, 108.69965838991801,108.69965838991801,0.0, 135.01804984675576, -15.195551047221176, -3.874311148057901, -15.195551047221176, 106.75298155341358, -9.87135290757573, -3.874311148057901, -9.87135290757573, 162.47607240467082, 7.603557430506117, 4.510386189643384, 13.0, 0.0
38, 0 ,1.0,1.0,1.0,84.22286202423514,34.92049229601038,109.5058214952384,11.586309934868408,11.032032268836051,11.842784640372601,59.0,62.0,57.0,-0.6748009781936326,0.0032976511657110685,0.7379923883927975,13.051925435720788,-0.3642072694875837,0.8682456914103022,-0.3369012974149025,11.411393026027548,-0.6418696944717945,-0.4961235177294411,-0.5846920133492928,9.778916788255744,61.8271477607651,58.10105160186929,47.57309016456665,19.116077073752933,5.547563360255772,63214.0,170893.11548536466, 0.0, 0.0,0.0,NaN, 128.4606072420675,128.4606072420675,0.0, 134.24257790683038, -11.105228200496477, -32.96858311805821, -11.105228200496477, 121.70573598063993, -9.936956072467115, -32.96858311805821, -9.936956072467115, 140.2515480382452, 6.479239287283, 4.190727133278207, 16.0, 0.0
39, 0 ,1.0,1.0,1.0,16.770380653468532,72.1669885723483,170.1706301303718,10.163212540911099,11.248078680337523,10.391630998382539,41.0,55.0,56.0,-0.005997384022493311,-0.848435126724273,0.5292654032952224,11.76335615787275,-0.9119403987930517,-0.21251373892832376,-0.35100230742243554,10.252148340317826,0.41027885691814114,-0.4847635985788044,-0.7724477413125574,9.711491351409261,54.84299561924198,50.89997382814501,49.60978748161679,17.66877662957194,5.060680820960407,49704.0,138486.07109100738, 0.0, 0.0,0.0,NaN, 79.86933838265324,79.86933838265324,9.5367431640625E-7, 103.29088915173263, 2.3159874572712837, 3.3150531481959074, 2.3159874572712837, 126.51927399906351, -18.98147493324657, 3.3150531481959074, -18.98147493324657, 107.98599480654488, 7.632242172189583, 4.569091532578891, 12.0, 0.0
40, 0 ,1.0,1.0,1.0,185.7931974272321,116.01468985064864,65.25684072822413,9.154482856129988,11.464596110417185,9.635530129974084,38.0,50.0,50.0,-0.048198049862912075,-0.9367014210108998,0.3467958994359269,11.709811157018741,0.6590566963955725,-0.2907166212183537,-0.6936339936043638,9.971192247344524,-0.7505472796070656,-0.19512635399541936,-0.6313513182459414,8.45816818568093,50.90539654879689,48.26072432142788,46.08860480015488,16.76095825469181,5.211068950640492,36692.0,113227.31841516087, 0.0, 0.0,0.0,NaN, 107.30247351321012,107.30247351321012,0.0, 83.80455636317785, -2.3818416388661836, -13.843183597355253, -2.3818416388661836, 131.43696397499286, -15.680132921413538, -13.843183597355253, -15.680132921413538, 92.8434408856384, 7.51401046982404, 4.8587522284089655, 11.0, 0.0
41, 0 ,1.0,1.0,1.0,165.33504757006943,93.35401131396246,190.22187580354847,10.694222780474787,13.650415954369516,5.1313468978794985,50.0,62.0,21.0,-0.3221740139016595,-0.9464819256289039,-0.0193873470154,13.99633447823374,0.945428531310246,-0.3206276062520121,-0.0579899154479144,10.253430863946582,0.04867028817507455,-0.037012194840444136,0.9981288997329195,5.099093476666434,61.81474644735245,48.72710691808881,23.10480688461581,17.089969872682946,5.9130286100175855,31112.0,69592.92043366077, 0.0, -1.4210854715202004E-14,0.0,18.829727829425824, 100.06119161881898,100.06119161881898,0.0, 114.36640087842589, 27.819548279225202, -3.2772510084915534, 27.819548279225202, 186.33385572730583, 4.588880814467645, -3.2772510084915534, 4.588880814467645, 26.330720986377553, 7.3710857975799815, 4.557348362374419, 11.0, 0.0
42, 0 ,1.0,1.0,1.0,120.14527481217873,8.254211150652432,164.21605377619613,10.955173518592021,5.928193878545196,10.495007158345363,54.0,24.0,47.0,-0.9788712876001532,0.20447714892126181,-3.128594733696923E-4,11.130491482851221,0.007785405400392659,0.03574120508940909,-0.9993307529149238,10.50004695259453,-0.20432912121077973,-0.9782186165820955,-0.036577976945719404,5.5826210762766015,55.31183673904333,47.09735315813356,27.469234031812263,15.448610851733802,5.161870541723148,25290.0,71558.48387802439, 0.0, 0.0,0.0,NaN, 87.89425432808505,87.89425432808505,9.5367431640625E-7, 120.01582682245987, -18.53697001848543, -0.5869031859922882, -18.53697001848543, 35.14348266162074, -2.8306449081520784, -0.5869031859922882, -2.8306449081520784, 110.1451752537204, 7.3591773533370946, 4.3917920581124745, 10.0, 0.0
43, 0 ,1.0,1.0,1.0,81.3440018926272,104.06330162056204,74.58137452050627,11.906072795069228,10.384159079608729,11.27967310764035,60.0,55.0,52.0,-0.9683964291762619,-0.2114036904356775,0.13235118295218135,11.998547718748059,-0.09312465383198704,-0.18580366017704508,-0.9781639937727651,11.292129679047674,0.23137881235614058,-0.959575676815013,0.16024470555270276,10.26347965164979,59.559648763049715,53.46533327117548,55.378771888603275,18.662320027896897,5.34173808639894,59177.0,176346.858174488, 0.0, 0.0,0.0,NaN, 146.2295393045571,146.2295393045571,0.0, 141.75456940148757, 8.291301838724866, -2.9308691064762713, 8.291301838724866, 107.83075979062039, 2.949155432789506, -2.9308691064762713, 2.949155432789506, 127.23102541522492, 6.267844784638412, 4.039396374546352, 16.0, 0.0
44, 0 ,1.0,1.0,1.0,49.10093053628275,182.78799689821238,162.91568035262426,11.619964086587869,9.883013466688743,10.453674750774994,52.0,42.0,44.0,-0.9182719366234261,0.1436609281031434,0.3689690883345189,11.924029151875066,-0.2261091878497818,0.5747131022292974,-0.7864982423984743,10.469444077340576,0.325040436837903,0.8056465651031602,0.4952598576078063,9.496583904120762,60.086903531471464,50.880201325365334,53.502170024403995,17.726696183545567,5.266980042452428,49004.0,163568.6398272438, -7.105427357601002E-15, 0.0,0.0,23.32525584048794, 63.89367100123101,63.89367100123101,0.0, 135.02356537359185, -9.383610167711854, -14.163149029142177, -9.383610167711854, 97.67395518275103, -6.02373269154731, -14.163149029142177, -6.02373269154731, 109.27931579499064, 7.333571327944943, 4.485936025338471, 9.0, 0.0
45, 0 ,1.0,1.0,1.0,178.57232788866693,154.59759270761637,88.34319864358979,12.64100754237894,8.893211214604705,12.845392440497221,51.0,41.0,56.0,-0.5564946352636033,-0.10328482668062465,0.8244064322288995,13.026167747465314,-0.8264808932576991,-0.03282279863767131,-0.5620071146965555,12.497202461619695,-0.08510613375536194,0.9941101088245426,0.06709722445876767,8.833304522805514,64.53797129297112,60.89582528135139,40.82416720924101,19.255633228227648,5.75403973956174,59569.0,160442.77475432586, -2.8421709430404007E-14, 0.0,0.0,56.18627663057797, 101.61222597027907,101.61222597027907,0.0, 159.79507168648124, 7.3881091141236785, -5.7476652513208055, 7.3881091141236785, 79.0892057075709, -6.362540672405428, -5.7476652513208055, -6.362540672405428, 165.00410695038315, 7.692271191631478, 4.610201525522078, 9.0, 0.0
46, 0 ,1.0,1.0,1.0,115.15444477701287,153.94261769359045,62.22533886347116,9.21687764932669,11.538919463024891,10.35627879830074,45.0,52.0,50.0,-0.14667925448498814,-0.9717679948229925,0.1848030317430629,11.64106315752879,-0.2048986557726115,-0.15292371163238105,-0.966763093670395,10.345847070667007,-0.9677301985400188,0.17966998263003076,0.17668321984676222,9.099401270290405,55.12874810618294,50.49409225031464,45.552285836832944,17.33150154137714,4.996905126798325,46774.0,126802.80904353633, 0.0, 0.0,7.105427357601002E-15,79.35035106078166, 114.85662150128542,114.85662150128542,0.0, 84.95083360265791, 8.273389699010224, 3.3722185840485723, 8.273389699010224, 133.14666237417464, -5.883614625442375, 3.3722185840485723, -5.883614625442375, 107.25251054813343, 6.415850192059298, 4.074219880273109, 15.0, 0.0
47, 0 ,1.0,1.0,1.0,99.03155950234805,157.87104671607577,15.254145244931117,11.279511354267187,10.560368069618516,9.577062416745582,48.0,51.0,41.0,-0.8584161988938135,-0.007564915505619309,0.5128980420415828,12.126579542698797,0.09004373983398829,0.982143014083932,0.16518845238950244,10.631375221797583,0.5049888656132977,-0.18798370126030273,0.8424062996363881,8.389803584056589,57.23242041378765,52.771094711322604,49.21782908168754,17.416834799501906,5.207949717305267,44931.0,148648.5476322729, 0.0, 0.0,0.0,NaN, 108.69584826210993,108.69584826210993,0.0, 127.22737639104241, 4.268519635810547, -33.1199256183329, 4.268519635810547, 111.52137376581831, 6.619962109660062, -33.1199256183329, 6.619962109660062, 91.72012453424071, 7.474239487455098, 4.360190830551671, 13.0, 0.0
48, 0 ,1.0,1.0,1.0,95.59517952009128,8.52130352622384,133.23941954576247,11.084781501756106,5.654966290435769,10.698710810752019,52.0,23.0,54.0,-0.817366529356556,-0.01080706603230434,0.5760166351863383,11.461297784442237,0.5735224555794664,0.07953646696520289,0.8153195345193145,10.317914203127076,0.054625540122883655,-0.9967733733133459,0.05881235091217363,5.611839029497316,56.82782594397326,50.495903605949366,24.593861465418495,15.608463045757263,5.068463184138042,28047.0,70573.86658712209, -1.4210854715202004E-14, 0.0,0.0,35.177964481484885, 116.91033343486468,116.91033343486468,0.0, 122.87238094167438, 4.301846195198958, -11.965116785303726, 4.301846195198958, 31.97864374596488, 4.239720712425784, -11.965116785303726, 4.239720712425784, 114.4624130121021, 6.636968146101499, 4.163196960845555, 7.0, 0.0
49, 0 ,1.0,1.0,1.0,117.77751190968219,111.97409236257641,51.931152248156444,10.720167026261253,10.961208715087139,9.204391674892998,50.0,48.0,44.0,0.5992664335516908,0.7907837956307328,0.12466246502491328,11.338811325809635,0.8002228408324383,-0.5961634528693004,-0.06505799315237562,10.35828546365914,-0.02287239883129691,-0.13874482343786518,0.9900640016387312,9.161232648640663,56.20655837851314,52.85335145472721,44.6956470584384,17.200498157591465,4.892214917822998,45971.0,132777.58148140454, -1.4210854715202004E-14, 0.0,0.0,53.182622135152116, 131.1714242393361,131.1714242393361,0.0, 114.92198107093903, 10.007657364086715, 2.1184621869035776, 10.007657364086715, 120.14809649570226, 5.306954434916698, 2.1184621869035776, 5.306954434916698, 84.72082610483952, 6.487484808715197, 4.109126263909302, 12.0, 0.0
