// Sample: .//bubblelabels.tif, Map: .//bubblelabels.tif, Thickness:(8.191250068658265):/afs/psi.ch/project/tipl/test/LabelValidation/SmallStep0500//distmap.tif, Neighbors:(1.0):
//LACUNA_NUMBER, TRIANGLES, SCALE_X, SCALE_Y, SCALE_Z, POS_X, POS_Y, POS_Z , STD_X, STD_Y, STD_Z,PROJ_X, PROJ_Y, PROJ_Z, PCA1_X, PCA1_Y, PCA1_Z, PCA1_S, PCA2_X, PCA2_Y, PCA2_Z, PCA2_S, PCA3_X, PCA3_Y, PCA3_Z, PCA3_S,PROJ_PCA1, PROJ_PCA2, PROJ_PCA3,OBJ_RADIUS, OBJ_RADIUS_STD, VOLUME, VOLUME_BOX, Mask_Grad_X,Mask_Grad_Y,Mask_Grad_Z,Mask_Angle, Mask_Distance_Mean,Mask_Distance_COV, Mask_Distance_STD, SHAPET_XX, SHAPET_XY, SHAPET_XZ, SHAPET_YX, SHAPET_YY, SHAPET_YZ, SHAPET_ZX, SHAPET_ZY, SHAPET_ZZ, Thickness, Thickness_STD, Neighbors, Neighbors_STD
1, 0 ,0.3333333432674408,0.3333333432674408,0.3333333432674408,160.54152111473374,15.070330693991616,149.34261954665425,16.08870161880731,9.59215077533537,16.117780571515425,79.0,38.0,74.0,0.6934968432638844,-0.0016517666142068406,0.7204577711775197,16.49402747923958,0.7188959690832913,0.06743552368047577,-0.6918388799292327,15.725332356065131,0.047441690724747125,-0.9977222668723957,-0.047953771157076545,9.555077531484521,82.33785407240765,78.6573069244321,40.82121544703351,23.56709421806854,7.431729068252646,103056.0,264377.5347464421, 0.0, 1.7763568394002505E-15,0.0,89.90536070123073, 204.88777467988479,204.88777467988479,0.0, 258.8463197790129, 7.355040511570458, 12.729267883091712, 7.355040511570458, 92.00935649676694, -7.492579825280232, 12.729267883091712, -7.492579825280232, 259.7828505515201, 4.03996544840655, 4.7387680389043405, 27.0, 0.0
2, 0 ,0.3333333432674408,0.3333333432674408,0.3333333432674408,223.9691451500572,265.40694665414327,216.01391631045257,15.086659733757402,16.08059364002801,15.032731871954224,78.0,73.0,77.0,-0.34770187040668116,0.9128858466853348,0.21387575888186752,16.290052304175187,-0.4746469814575456,-0.3680977145406951,0.7995087964138715,15.014549259007635,-0.8085874425867221,-0.17647522055947737,-0.5612867753827341,14.878619819997573,81.40178446424582,85.29317193570273,79.7869057555614,25.686516327526853,7.23731305303343,156507.0,553961.7950210593, 0.0, 0.0,0.0,NaN, 118.45265924625764,118.45265924625764,1.3486991523486091E-6, 227.60730192217696, -13.253808804763652, -4.813483091087321, -13.253808804763652, 258.5854918157093, 7.393437163751802, -4.813483091087321, 7.393437163751802, 225.98302753406838, 3.278572095540945, 3.9267204073696123, 30.0, 0.0
3, 0 ,0.3333333432674408,0.3333333432674408,0.3333333432674408,123.40069978579541,152.64640235396354,204.7909485222933,14.754000797049432,14.985593609267918,14.167929417503133,72.0,69.0,71.0,0.6367306166740117,0.6237786330355567,-0.4532927737767559,15.339614741052781,-0.5788437949915556,0.7750477105063645,0.25345790072242047,14.771936566109002,-0.5094251493494473,-0.10100130398729873,-0.8545669978434454,13.764624550046593,79.41936592656668,75.7807419761019,70.26037173677398,24.376312089989273,6.983851960926066,131183.0,422859.129889481, 0.0, 0.0,-2.8421709430404007E-14,63.04485801595757, 214.4891114488999,214.4891114488999,0.0, 217.6805395193353, 5.3102296811620775, -17.44755196232976, 5.3102296811620775, 224.56801582213143, -7.314378096589536, -17.44755196232976, -7.314378096589536, 200.73022397935065, 3.484461766043349, 4.034384519603806, 35.0, 0.0
4, 0 ,0.3333333432674408,0.3333333432674408,0.3333333432674408,105.18938842314854,111.3953050796126,165.09258388158955,18.412021179695238,13.634043621612728,15.13470516076914,84.0,73.0,74.0,-0.981662244620641,0.11113313376903985,-0.1548827429542683,18.517973740743784,-0.18697102644827387,-0.4029189494210706,0.8959342361280207,15.41705188689356,0.0371627872372903,0.9084633986991956,0.4163089963820892,13.166173679355449,86.8334172694548,78.3880041147995,72.94000860792667,26.28717729090098,7.933049840869599,155189.0,496480.6304214155, 0.0, 0.0,0.0,NaN, 204.14145182779984,204.14145182779984,0.0, 339.00252392154596, -13.652168720688305, 15.004039378668686, -13.652168720688305, 185.8871454760387, -26.143764979372456, 15.004039378668686, -26.143764979372456, 229.05930030341207, 3.663155008072257, 4.26113768599836, 39.0, 0.0
5, 0 ,0.3333333432674408,0.3333333432674408,0.3333333432674408,105.9234878957629,11.174925351035215,116.65630629519039,15.783439972842146,7.011294067037377,18.332448393896982,72.0,31.0,91.0,0.02717187693437986,-0.03926095344678676,0.9988594829295618,18.346248058856435,0.9996146509283399,-0.004608462048582511,-0.027373558901984982,15.781597351426315,0.005677918040671321,0.9992183643288366,0.039120603711182755,6.97927311301407,91.5847194034266,71.33372330138717,32.485688729955086,23.66919508795816,8.609476747969135,81046.0,212231.57189991485, 0.0, 0.0,0.0,NaN, 157.96631933118627,157.96631933118627,0.0, 249.11697737631127, -1.2300457505396438, 2.3310312086521865, -1.2300457505396438, 49.15824449447352, -11.264065522627815, 2.3310312086521865, -11.264065522627815, 336.078664114896, 4.5916624334142195, 4.720941966772336, 22.0, 0.0
6, 0 ,0.3333333432674408,0.3333333432674408,0.3333333432674408,118.52503346720214,28.524079222874402,267.06388631448874,13.369459596608948,15.595569948740478,16.66172174073539,66.0,66.0,69.0,-0.36147909507305154,0.4528162624385107,0.815040058093089,17.42394092662633,0.1637623209131574,-0.8297266855943086,0.5336061557570533,15.443666177944928,-0.9178860310922621,-0.3263603218589881,-0.22577460938244112,12.54897130711305,89.90175474288236,78.87802454419096,65.17617030277921,25.374543407622106,7.463897785448045,145665.0,462182.00479566096, -1.4210854715202004E-14, 0.0,0.0,68.80893986815802, 126.27982514487074,126.27982514487074,NaN, 178.7424499053591, -34.92717574493674, -35.9682076095545, -34.92717574493674, 243.22180202605708, 18.050574391596566, -35.9682076095545, 18.050574391596566, 277.6129713656944, 3.5521895581316687, 4.03677057036523, 28.0, 0.0
7, 0 ,0.3333333432674408,0.3333333432674408,0.3333333432674408,197.92092614945682,124.51951424704635,67.44151578331322,14.769751265330955,14.936891689820916,15.129009865865525,73.0,81.0,80.0,-0.4523324156803756,0.4080833604393973,0.7930090520651358,15.62652292297545,0.5824235326986936,0.8085477486479671,-0.08386516985661124,14.946222909387586,-0.6754096640436308,0.42393219869313303,-0.6034097087615319,14.232548169434152,86.27767211420951,74.42350782924117,71.61497602471528,24.844347850996577,7.27334896547798,136695.0,459845.99199307116, 0.0, 0.0,0.0,NaN, 174.56690636445362,174.56690636445362,0.0, 218.14555243974533, 2.1233287940035805, -15.947405946800636, 2.1233287940035805, 223.11073335344113, 12.057644805209282, -15.947405946800636, 12.057644805209282, 228.88693952145638, 3.1290228077146067, 4.009018450367722, 36.0, 0.0
8, 0 ,0.3333333432674408,0.3333333432674408,0.3333333432674408,12.704214489027638,272.10842897805526,69.32156826737673,8.860921317549442,17.101001243322862,20.09638149124804,41.0,69.0,99.0,-0.10786354015120107,-0.33992771764000473,0.934245472820772,20.55046608968106,-0.1359462155176558,-0.9258574523145358,-0.35257141755971133,16.792515708651408,-0.9848269305784024,0.16503673764860477,-0.05365437571930475,8.397289969583857,106.9155080729951,86.0113951142873,42.47042480676738,26.23872587482934,9.292684414481048,108910.0,390555.98831260856, 0.0, 0.0,0.0,NaN, 75.79456858445717,75.79456858445717,0.0, 78.51592659580216, 39.516866505362586, -25.315857128222703, 39.516866505362586, 292.4442435241301, -42.69381507363349, -25.315857128222703, -42.69381507363349, 403.86454904177674, 4.842896756089519, 5.2278004903710515, 18.0, 0.0
9, 0 ,0.3333333432674408,0.3333333432674408,0.3333333432674408,21.01680568472448,82.84408422459893,218.7690580678912,12.611363416202956,18.81254800283209,14.298379297559368,53.0,101.0,69.0,-0.053566748843830767,-0.9981751443474451,-0.027874443945288027,18.831698350609944,0.26799004464835097,0.012520067822040223,-0.9633403260899579,14.427046190413666,-0.9619313589792551,0.05907308277624046,-0.2668303421720151,12.435014095793516,102.19315007570435,69.66810427942644,60.34697301557848,25.538417248937822,8.074115711979168,137632.0,429646.4923021981, -3.552713678800501E-15, 0.0,0.0,86.92938170311305, 117.9123163175906,117.9123163175906,0.0, 159.0464872155423, 10.873515121400082, -13.515830848284102, 10.873515121400082, 353.9119623588617, 4.919417120138354, -13.515830848284102, 4.919417120138354, 204.44365053687434, 3.5092777628492726, 4.021605479877599, 34.0, 0.0
10, 0 ,0.3333333432674408,0.3333333432674408,0.3333333432674408,94.58331909631546,255.24798444504106,46.38526997453608,13.25974896260896,13.234827469291025,17.25986271637742,72.0,76.0,87.0,-0.07344734555312325,0.333243027296522,0.9399758359603984,17.789801159848768,0.985660688806256,0.1678276377364274,0.017518291976885685,13.247224593321166,-0.15191607542711544,0.9277839019782891,-0.3407910463271637,12.526710539828688,91.88100093968468,70.74999480829536,65.76178035403979,24.347698491416683,7.488260135214214,122919.0,427489.7364575994, 0.0, 0.0,0.0,NaN, 114.45671853638527,114.45671853638527,0.0, 175.8209425514094, -0.8333759035941543, -10.69506132041593, -0.8333759035941543, 175.16065814190026, 50.03478063306806, -10.69506132041593, 50.03478063306806, 297.9028609881953, 3.747317401383005, 4.06630760573511, 25.0, 0.0
11, 0 ,0.3333333432674408,0.3333333432674408,0.3333333432674408,230.2576469558111,119.79821668320588,11.200601249197362,15.658123983925513,15.367709509381793,7.479778876682894,81.0,86.0,31.0,0.7600317352284964,0.6407646684582168,0.10850069631662915,16.71993147041654,0.6332443433117864,-0.7677153090755616,0.09805511651433232,14.350991511987266,-0.14612789983157254,0.005817548164524998,0.9892486002133983,7.196066185927061,84.73754559229644,71.59730030501015,33.7665220209269,21.898651235373002,7.598651747270682,68524.0,204860.79684948197, 0.0, 0.0,0.0,NaN, 139.0721467331261,139.0721467331261,0.0, 245.17684669598341, 35.97687648791644, 28.355749590587504, 35.97687648791644, 236.1664955647436, 4.230046603710619, 28.355749590587504, 4.230046603710619, 55.94709204407161, 3.9583324520451773, 4.160433846439329, 28.0, 0.0
12, 0 ,0.3333333432674408,0.3333333432674408,0.3333333432674408,68.19603482836382,55.321306272446336,134.6817004927754,13.71208966153488,12.174246781824555,13.110254215847412,63.0,63.0,62.0,-0.8218236665101445,0.017722333604510414,0.5694662238056206,14.24919796683904,-0.5541547761964698,0.207333640220354,-0.8061794128180261,12.541381291592364,0.1323568856632076,0.9781097487115582,0.16057077658449986,12.156749803940587,68.48366549569181,62.787442056193086,61.48192089831325,21.718041651361585,6.036482421454072,95784.0,264366.98342935886, 0.0, 0.0,0.0,NaN, 160.78030520442135,160.78030520442135,1.9073486328125E-6, 188.02140288597175, -1.896205711577334, -21.61452111159321, -1.896205711577334, 148.21228470476555, -1.030224404552472, -21.61452111159321, -1.030224404552472, 171.87876560414486, 3.2483472097249697, 3.8304495795823854, 25.0, 0.0
13, 0 ,0.3333333432674408,0.3333333432674408,0.3333333432674408,267.95518627034363,103.82887134411368,105.51502613078064,16.54455282326661,16.56728136005903,12.665474833394686,73.0,85.0,69.0,-0.7052566595574208,-0.7083968005140517,0.02805382632302761,19.012512650404016,-0.7088925973850796,0.7051577229743745,-0.014962322755206744,13.67061569884549,-0.009183110722617849,-0.0304394275742782,-0.9994944280617108,12.658985807452307,95.1644139064822,69.85515916604288,69.36660828553651,25.364491169306234,8.077987389362697,134133.0,461130.15551401244, 0.0, 0.0,0.0,NaN, 151.4619600788931,151.4619600788931,0.0, 273.72222812185913, 87.21794297935259, -3.698763003346512, 87.21794297935259, 274.4748116633594, -4.2800361595884375, -3.698763003346512, -4.2800361595884375, 160.41425275535414, 2.69857492619306, 3.591733655213988, 32.0, 0.0
14, 0 ,0.3333333432674408,0.3333333432674408,0.3333333432674408,223.4759273155002,93.42150520189013,131.85833215031738,13.05566303081595,12.681728882827779,14.246917824196833,67.0,59.0,73.0,0.3906933411889764,0.46830752260591185,0.7924940235871231,15.515653182911691,-0.909670694744559,0.32821329745641364,0.25450983968353563,12.582996452817607,-0.14091820419500628,-0.8203438886488404,0.5542363792489208,11.62686366554463,77.82819635807971,64.05432609994617,57.71034989125688,22.200634071700097,6.432969682475713,98618.0,287699.52163411275, 0.0, 0.0,0.0,NaN, 178.80193257309273,178.80193257309273,2.6973983046972182E-6, 170.45033717421433, 12.401038890965992, 27.321900469740243, 12.401038890965992, 160.82624745754828, 41.107058033783105, 27.321900469740243, 41.107058033783105, 202.97466748941744, 3.611564778755366, 3.989220411009557, 23.0, 0.0
15, 0 ,0.3333333432674408,0.3333333432674408,0.3333333432674408,252.6415520366024,32.251700882379154,263.1232557909227,12.210485748275945,14.27649546250925,13.808113280919429,72.0,67.0,66.0,0.036540507308902,0.7925550254234399,0.6087046270578681,14.890631088016821,0.2927382105219642,-0.5908804830788901,0.751774297789473,13.240811000465822,-0.9554941817855334,-0.15072088903833897,0.25360221249327947,12.104887737155222,71.40364525912238,68.98261880222631,68.61584155717293,22.39742424743606,6.475620770165194,100977.0,337974.90566058963, 0.0, 0.0,0.0,NaN, 68.13874864399851,68.13874864399851,0.0, 149.09596220884995, -2.802139958230958, 8.008756878818813, -2.802139958230958, 203.8183226910472, 23.491016081067215, 8.008756878818813, 23.491016081067215, 190.6639923787035, 3.451754129370232, 3.721876851359772, 18.0, 0.0
16, 0 ,0.3333333432674408,0.3333333432674408,0.3333333432674408,87.07895674669693,282.74791124955453,171.53211990021515,11.337729650474397,10.499544689957629,15.550115344340664,55.0,47.0,70.0,0.04880989704307248,0.11152164589576652,0.9925626007700191,15.617292093094873,-0.9015269075055008,0.43270183958073977,-0.004284047970342833,11.580673014929216,-0.42996142733297965,-0.8946127880374525,0.12165989678461785,10.128121234770509,72.90195186285541,63.18799512150004,54.030025785601055,20.928563948799617,6.525783522838449,75763.0,248890.83627498624, 0.0, 0.0,0.0,NaN, 156.15497267675806,156.15497267675806,0.0, 128.5441136272463, -11.531578806209284, 6.968346801960275, -11.531578806209284, 110.24043869641743, 15.584677982315846, 6.968346801960275, 15.584677982315846, 241.806087222299, 3.3752921936590288, 3.9673054987257377, 16.0, 0.0
17, 0 ,0.3333333432674408,0.3333333432674408,0.3333333432674408,48.580128951166145,61.01368651366324,277.81343978399514,14.932775869537073,12.058698120891318,11.773698791711334,78.0,62.0,54.0,-0.9414650071653857,-0.2801577185332692,0.1874974480608039,15.227964414372359,0.3331707515862199,-0.688479022587313,0.6442001907363046,12.422869568503392,-0.05138959593686248,0.6689606028784141,0.7415192655797926,10.990968576841746,71.47098962205133,73.25310824511806,58.89254490804336,21.544324877171594,6.546911055256564,85924.0,308330.2780708694, 0.0, 0.0,0.0,NaN, 81.08601806179603,81.08601806179603,9.5367431640625E-7, 222.9877951698287, 21.610525212436837, -12.414069793222035, 21.610525212436837, 145.41220037078782, -20.70493232607849, -12.414069793222035, -20.70493232607849, 138.61998323794492, 3.3489490959492096, 3.825231006761707, 19.0, 0.0
18, 0 ,0.3333333432674408,0.3333333432674408,0.3333333432674408,168.77457051025334,270.76177566926464,283.7363194808129,17.309729433719394,15.070996162612829,9.267244430144638,81.0,67.0,40.0,0.9946434579863406,-0.07965237034813222,-0.06587785199062764,17.35134278158584,-0.07821020946805467,-0.9966433169234105,0.02419218813721227,15.057021797932721,0.06758368604876554,0.018910281061560452,0.9975343836932309,9.211974597370375,80.85119106197733,67.58868776965426,42.474594705954075,23.564102855874182,7.574729983827214,97383.0,232107.77068288127, 0.0, 0.0,0.0,NaN, 135.42338945253536,135.42338945253536,0.0, 299.6267330685716, -6.07213516458346, -14.435461820220594, -6.07213516458346, 227.13492533349063, -2.2857082279746774, -14.435461820220594, -2.2857082279746774, 85.88181932804683, 3.1459874160125754, 3.8074143514027705, 17.0, 0.0
19, 0 ,0.3333333432674408,0.3333333432674408,0.3333333432674408,198.50993659091762,188.38179271358356,13.680991032680065,14.385824745814892,16.990817959014137,8.06626293271186,78.0,88.0,34.0,-0.11859134247848935,-0.9929187459158445,0.006961142008039403,17.026034378536355,-0.992801969804189,0.1184533512213709,-0.017693285092059422,14.346043927868376,0.01674342384555902,-0.009009305929590173,-0.9998192287431739,8.0628545313597,88.65108868578585,78.73464651191586,34.93506210715736,22.409282633986702,7.65039202024793,79957.0,243843.66378402867, 0.0, 0.0,0.0,NaN, 151.4794596116888,151.4794596116888,0.0, 206.95195361730012, 9.92142233561858, 2.287629008398658, 9.92142233561858, 288.6878949163574, -1.8494017191069887, 2.287629008398658, -1.8494017191069887, 65.06459769964133, 3.578150908115238, 4.125625275930645, 26.0, 0.0
20, 0 ,0.3333333432674408,0.3333333432674408,0.3333333432674408,70.19388568599314,26.239277292448158,26.875196159881842,13.798561372118309,15.532986552654188,13.737767832115553,72.0,62.0,61.0,-0.10071522677596145,0.9119870657746266,0.3976632180064611,15.922951203786178,-0.9149197387705204,-0.24192434363363421,0.32310135184724714,13.87720410030728,0.39086866682243804,-0.3312887016142008,0.8587604331123014,13.201631092952848,74.84055145972786,68.09948906368825,66.0283533206791,23.87630831224073,7.093809524723163,119163.0,336520.3244612238, 0.0, 0.0,0.0,NaN, 79.61128958357844,79.61128958357844,0.0, 190.40029594011548, -3.230703008187914, -8.58215664323588, -3.230703008187914, 241.27367124493583, 27.313801531458445, -8.58215664323588, 27.313801531458445, 188.7262650091089, 3.1187080468537878, 3.4974071319274405, 21.0, 0.0
21, 0 ,0.3333333432674408,0.3333333432674408,0.3333333432674408,234.95684661581444,32.82528901378909,88.10537225631488,13.95301991890209,13.362857891805103,16.042748530162765,69.0,69.0,79.0,0.20158016893716046,-0.09764211599634816,0.9745929676921652,16.12771154425652,0.7923470138104675,-0.5686885861287225,-0.22086081977695665,14.381041072151945,-0.575805214631563,-0.8167369889938069,0.037269902232621,12.794729161738037,75.73608881361746,74.85772608703404,64.0999240906013,24.067932669277326,7.166389141196665,122053.0,363410.1218200392, 0.0, 0.0,0.0,NaN, 114.32702227129546,114.32702227129546,0.0, 194.68676485727846, -21.32234523333609, 11.394164794589118, -21.32234523333609, 178.56597103657793, -3.7587936552674175, 11.394164794589118, -3.7587936552674175, 257.3697804020395, 3.7312397048220745, 3.8644645473664685, 23.0, 0.0
22, 0 ,0.3333333432674408,0.3333333432674408,0.3333333432674408,283.7095242999317,48.08972858600706,153.05538755371637,10.078246505003287,15.207797253850867,18.383605605618627,43.0,76.0,85.0,-0.09669291408565082,-0.39538735676859005,0.9134108158288757,19.128589920354177,0.07651581199464551,-0.9179480452079536,-0.3892514827379552,14.368863137454774,-0.9923687877399336,-0.03225251007974467,-0.11901245612594911,9.921588823812208,90.57675344032714,67.68596178408107,46.578994954627206,24.533580501735567,8.301116356113418,106811.0,285565.32250983285, 0.0, 0.0,0.0,NaN, 155.4693562120807,155.4693562120807,0.0, 101.57105261561097, 2.6379953292213862, -26.840049674269967, 2.6379953292213862, 231.27709731423394, -57.99612244352069, -26.840049674269967, -57.99612244352069, 337.95695506293265, 2.87661457644276, 3.3736948990848217, 20.0, 0.0
23, 0 ,0.3333333432674408,0.3333333432674408,0.3333333432674408,77.79498304188874,8.362661322292208,267.01444742985507,15.292466934115135,5.495039579783809,14.03483446573221,63.0,23.0,64.0,0.885060553294144,-0.007878263397401173,0.4654092284952087,15.746886623881506,0.4654432457574656,0.0031349454598447635,-0.8850721762069576,13.52356103443706,-0.005513799182028673,-0.9999640518952694,-0.006441501049855808,5.493672905932555,77.3679391865787,66.05975734855173,23.423122500889185,20.139676293260834,7.4447983315578945,45406.0,119713.40752615535, 0.0, 0.0,0.0,NaN, 84.9119553963805,84.9119553963805,0.0, 233.85954493100476, -1.2957315277888461, 26.801094373530464, -1.2957315277888461, 30.195459983390617, -1.2222372776158665, 26.801094373530464, -1.2222372776158665, 196.97657848050474, 3.884907418807262, 4.20277541527151, 15.0, 0.0
24, 0 ,0.3333333432674408,0.3333333432674408,0.3333333432674408,261.7614798610711,272.0151305816207,50.919473068140384,14.292381268147174,14.327707535491294,12.793741520484446,70.0,61.0,74.0,0.7103427891863014,0.5865782626313758,0.3890232173783246,15.47494899826144,-0.5160601709841132,0.8098881386984829,-0.27886036419569415,13.687527890977497,-0.47863871737968955,-0.002672939180770717,0.878007877881094,12.100112452557882,86.57869483259918,69.46524458318629,69.70981192095637,22.922995140693445,6.911691645995007,104226.0,419249.4627483141, 0.0, 0.0,0.0,NaN, 69.55666809383615,69.55666809383615,0.0, 204.27216231408423, 21.666898338793423, 31.60755570082322, 21.666898338793423, 205.283203222574, 11.990750781681673, 31.60755570082322, 11.990750781681673, 163.67982209296767, 2.78809540562914, 3.4684997676217213, 25.0, 0.0
25, 0 ,0.3333333432674408,0.3333333432674408,0.3333333432674408,85.53250744055613,60.420281290627585,216.47447647494923,11.999027315473581,12.5984676737247,14.378555708163407,68.0,58.0,70.0,-0.03611607393300413,0.2295916328815826,0.9726167340296151,14.478553793474497,0.15041805914967074,-0.9609150574382904,0.23241484434091836,12.4982786060308,-0.9879625684636599,-0.1546930331305703,-1.6975144272683324E-4,11.98354790667705,71.39290727493065,58.68663832427444,68.26566389898468,21.70575037070458,6.18880516261082,93071.0,286020.1427034251, 0.0, 0.0,0.0,NaN, 133.95123478505587,133.95123478505587,0.0, 143.97665651748113, -2.3688749561602886, -1.8786574612388813, -2.3688749561602886, 158.72138772588625, 11.928950781724568, -1.8786574612388813, 11.928950781724568, 206.74286425275852, 2.91711546250024, 3.5316202811274695, 24.0, 0.0
26, 0 ,0.3333333432674408,0.3333333432674408,0.3333333432674408,163.2898768454633,98.68377661547592,210.60112026114697,14.824201370200019,12.355752804758962,15.285957713976224,69.0,60.0,76.0,0.6256919983365216,-0.10414073206787627,0.7730874666827919,16.30923644769321,0.770869929904232,0.23430643637479484,-0.592334403055224,13.820063644458255,0.11945323096130343,-0.9665687775826977,-0.2268826212277936,12.210516951643646,73.22657511586067,75.62147288640384,61.96131389733736,23.53032089944307,7.239204047355547,107832.0,343110.8664605154, 0.0, 0.0,-2.8421709430404007E-14,39.36804396069214, 190.84104704854158,190.84104704854158,NaN, 219.7569462642401, -0.04934054312751454, 37.41266213069479, -0.04934054312751454, 152.66462737230896, -15.226012688396326, 37.41266213069479, -15.226012688396326, 233.6605032334692, 2.8275848816193365, 3.513707354057131, 29.0, 0.0
27, 0 ,0.3333333432674408,0.3333333432674408,0.3333333432674408,141.98149128779284,283.1153012078574,24.361386388279495,14.782096838171174,10.88030442657843,12.543645758664852,79.0,45.0,54.0,-0.9742650043738247,-0.13603885007712024,0.1797251582894454,14.902170014939484,-0.20847894567171482,0.24069551518130627,-0.9479463055380382,12.584306414981343,-0.08569848577472923,0.9610198230220335,0.26286245318534596,10.667474919898387,84.09346868788606,61.964884988110086,55.71992134450181,21.221160349761035,6.625467053478982,79314.0,290347.7128140599, 0.0, 0.0,0.0,NaN, 145.04245608912592,145.04245608912592,0.0, 218.51038693307024, 12.114648891408164, -10.1515808656986, 12.114648891408164, 118.3810244150222, -12.816714306690226, -10.1515808656986, -12.816714306690226, 157.34304891887072, 3.155374108221731, 3.8147278690808823, 15.0, 0.0
28, 0 ,0.3333333432674408,0.3333333432674408,0.3333333432674408,181.81435486186598,280.07857333305986,118.71590745944172,13.112623431917427,11.901708932091793,16.254787927543152,65.0,46.0,86.0,-0.41606944047209365,0.10664281936614205,0.9030578773162213,17.012044554628726,0.72361508562463,-0.5625974382625003,0.3998316274595242,12.490530506361313,-0.550697220404914,-0.8198240247383051,-0.15691124848202895,11.505941381820554,82.47455925672148,65.94699980308323,60.678626549610726,22.850056364882036,7.4622130405587805,97514.0,330028.00028138387, 0.0, 0.0,0.0,NaN, 168.69551458495258,168.69551458495258,0.0, 171.94089326726996, -16.585747553701157, -52.16322709827813, -16.585747553701157, 141.65067550423356, 9.80735809264074, -52.16322709827813, 9.80735809264074, 264.21813056940255, 3.322324377595235, 3.7932234491949672, 25.0, 0.0
29, 0 ,0.3333333432674408,0.3333333432674408,0.3333333432674408,104.91540714594169,32.77638422109987,160.06220311297196,11.32892312208981,12.604280656918698,17.71193761043704,57.0,69.0,83.0,0.0025840859566967,-0.15925378032901322,0.9872342963808981,17.828247645443554,0.19199175598104928,-0.9687924220842554,-0.1567814037041245,12.481416234468806,-0.9813931363806667,-0.1899459827504672,-0.028071970039125423,11.282418117375588,81.7126014185585,67.35556205028699,59.08364987268355,23.403572981550784,7.293688751075611,106522.0,325184.48553144635, 0.0, 0.0,0.0,NaN, 177.94415139813668,177.94415139813668,0.0, 128.34449910622112, -5.3780815398103154, -0.37153346490875067, -5.3780815398103154, 158.86789087837485, -25.6312341286212, -0.37153346490875067, -25.6312341286212, 313.7127339160142, 3.1151328539351892, 3.593518712800226, 23.0, 0.0
30, 0 ,0.3333333432674408,0.3333333432674408,0.3333333432674408,257.2697122268927,8.843110536283431,20.4800452676798,16.764624036130538,5.84807986479797,11.731269779308718,85.0,24.0,42.0,-0.9851135375596107,0.08642522469237068,0.14860013005937045,16.923628133989048,-0.14528799556719235,0.043462943611774496,-0.988434302762033,11.591321632064648,0.09188425578332825,0.9953098276765246,0.030259386472150325,5.666341096092565,86.6065538023457,49.76464147061618,27.65358425498618,19.783997541531726,7.840203383169768,43298.0,119185.40227540635, 0.0, 0.0,0.0,NaN, 48.20280439243867,48.20280439243867,0.0, 281.0526190728058, -22.29659210223796, -22.54265713510937, -22.29659210223796, 34.20003810505545, -1.1267969074010085, -22.54265713510937, -1.1267969074010085, 137.62269063492204, 5.071964504400205, 4.134030930419455, 11.0, 0.0
31, 0 ,0.3333333432674408,0.3333333432674408,0.3333333432674408,150.53359709430535,94.6518095732261,155.67897262939422,11.32942465719177,12.068328122965232,13.170724667066585,52.0,59.0,64.0,0.10229872326310002,-0.0511074232506947,0.99343998435105,13.198708356555663,-0.5175977342618702,-0.8555737179251554,0.009284324569154847,12.479457645286898,0.8494866430413832,-0.5151520595750357,-0.11397718547972902,10.840923835185478,64.49958935640942,59.81620908783836,52.944529339859486,20.340338226286786,5.8085312982281145,77090.0,204266.39640570106, 0.0, 0.0,0.0,NaN, 228.31497890931476,228.31497890931476,0.0, 128.35586306298487, 16.62524079913526, 5.576656646645134, 16.62524079913526, 145.6445436835535, -3.181307778983035, 5.576656646645134, -3.181307778983035, 173.4679882556762, 2.9943236567728526, 3.4613616388203936, 21.0, 0.0
32, 0 ,0.3333333432674408,0.3333333432674408,0.3333333432674408,177.43782641134047,283.49468070408136,239.9545994639255,13.386544488219867,10.415100654613862,13.368299925374169,64.0,45.0,67.0,-0.7020829008887877,-0.2433788900751664,0.669213206792398,14.0936049228951,-0.684717582721331,-0.027349277550493337,-0.7282951660760377,12.845514783410852,-0.1955541668997161,0.9695456321820264,0.14744434517780547,10.136487956985246,69.19214697455041,62.9680784192152,49.066304939697574,20.649171801726716,6.324321448058842,72378.0,213776.814059814, 0.0, 0.0,2.8421709430404007E-14,47.99363126416204, 137.4749507560361,137.4749507560361,0.0, 179.1995733350897, 17.54933906944612, -14.002145712955999, 17.54933906944612, 108.4743216457381, -14.376322628512458, -14.002145712955999, -14.376322628512458, 178.71144289475902, 3.351647763554539, 3.8403914348078523, 13.0, 0.0
33, 0 ,0.3333333432674408,0.3333333432674408,0.3333333432674408,46.57753087451095,104.18619383762862,258.60841234701974,13.746575034492412,10.61706096920068,11.398201160731649,66.0,49.0,52.0,-0.9592391183791804,0.14576505414963514,0.24210093506611413,13.985772509758107,-0.15026243562049202,0.46247174763399673,-0.8738083789262692,11.427246756533597,0.239335568214443,0.8745698552026079,0.4217179794108368,10.267691920472956,68.12574551598523,58.81051888911813,54.16764340973228,19.959982667209236,5.762672160369439,71823.0,217023.22902104445, 0.0, 0.0,0.0,NaN, 121.3980761675089,121.3980761675089,0.0, 188.96832517893006, -14.356951399758124, -17.6388335791374, -14.356951399758124, 112.72198362372446, -6.983714107134071, -17.6388335791374, -6.983714107134071, 129.9189897005043, 3.2248886735026883, 3.681152796573214, 21.0, 0.0
34, 0 ,0.3333333432674408,0.3333333432674408,0.3333333432674408,53.007703751712356,129.55926586044868,282.8880820162324,15.450040494583869,12.086487975808465,10.057474252181695,81.0,61.0,43.0,-0.9949457941485361,-0.046700637824944345,-0.08889272823398721,15.497496128132067,0.014215225776013803,-0.9418587367510679,0.335708277172039,12.346496411739032,-0.09940218338786656,0.3327479082314792,0.9377622489230946,9.660816286442282,82.99973008318088,63.5574773637824,50.93294651821674,20.915353084746688,6.963313618336657,67889.0,268684.2026518707, 0.0, 0.0,0.0,NaN, 141.02566349573013,141.02566349573013,0.0, 238.70375128428137, 6.031573656335817, 13.269182534806996, 6.031573656335817, 146.0831915893626, -18.078682820372215, 13.269182534806996, -18.078682820372215, 101.15278833329775, 3.494297356990714, 3.801209790273979, 16.0, 0.0
35, 0 ,0.3333333432674408,0.3333333432674408,0.3333333432674408,77.80973317949838,209.25147858263952,61.790410261207604,14.115835524645975,12.296815691391496,13.763105593649518,72.0,57.0,71.0,-0.7063361407183685,0.23352421796045983,-0.6682482292838761,14.37673856069956,-0.6993857543944704,-0.37599680869840135,0.6078535731561469,13.89676543941934,0.10931067132333457,-0.8967122389454559,-0.4289036461261065,11.83557615699002,69.10207763119573,76.4741789657308,56.57256504986145,22.277015014827825,6.605010697788668,96207.0,298959.11461430416, 0.0, -2.8421709430404007E-14,0.0,76.4953535673203, 134.56486732111847,134.56486732111847,0.0, 199.2568125588573, 2.9605051135074882, 8.892070845483241, 2.9605051135074882, 151.2116761480521, -22.5167626665385, 8.892070845483241, -22.5167626665385, 189.42307558194668, 3.154669562213834, 3.554886264845846, 22.0, 0.0
36, 0 ,0.3333333432674408,0.3333333432674408,0.3333333432674408,186.113520740934,12.83482259326898,9.600345682233238,14.952764825155462,8.078038644166275,6.113334224970167,63.0,32.0,23.0,-0.9958413642818127,0.08938449399636265,0.017617872128946943,14.997901047553764,-0.08747355475491797,-0.9921550651411816,0.08931239518250526,8.011064188601866,0.025462804320736,0.08739987956348583,0.9958478330791366,6.090858259155942,62.880244060137414,33.61716702164007,25.15762211413966,16.92131153282126,6.315216196494189,30664.0,53179.582072486046, 0.0, 1.7763568394002505E-15,0.0,84.87180151941187, 115.00882342779066,115.00882342779066,0.0, 223.58517591640646, -14.369945781606226, -3.507102899812613, -14.369945781606226, 65.2547083366437, -2.1036801826078935, -3.507102899812613, -2.1036801826078935, 37.37285534619159, 5.1601246165045085, 4.2350511139523555, 9.0, 0.0
37, 0 ,0.3333333432674408,0.3333333432674408,0.3333333432674408,198.4005313444477,170.58432046407333,49.982804426245494,11.440461264905522,12.031013202220253,14.067729149547777,56.0,53.0,66.0,-0.2936580772093739,0.3990790096402864,0.8686200997871405,14.723650578227932,0.4847641699022944,-0.7209981184385474,0.4951418107845615,11.82762716923939,-0.8238741610638319,-0.5664782937347229,-0.018267716298537136,10.809800425843042,75.79618904903256,61.07766743642518,51.41585516440685,20.882016572358953,6.121423030845756,82056.0,238027.35834408543, 0.0, 0.0,7.105427357601002E-15,29.70131998522591, 171.95682853306096,171.95682853306096,0.0, 130.88415395380366, -19.764700647999263, -19.960464198510717, -19.764700647999263, 144.74527867199802, 26.41641654692886, -19.960464198510717, 26.41641654692886, 197.9010034250362, 3.1300699184413068, 3.4139618344410954, 19.0, 0.0
38, 0 ,0.3333333432674408,0.3333333432674408,0.3333333432674408,22.831274556027033,126.23879721305464,58.23942584734664,13.290575337297629,12.631133454173037,13.566075162398404,53.0,63.0,64.0,0.6383362306125393,-0.494729760337254,0.5897196969103359,14.36553499737781,0.5313627274115144,-0.27109517856444565,-0.8025964465887625,13.134599859944897,-0.556938514205268,-0.8256814569770565,-0.08983108036238668,11.888524349287634,72.26425208438367,68.62741513605309,60.56578549093513,21.92064749524719,6.301470767563713,95445.0,300364.4346170312, 0.0, 0.0,0.0,NaN, 140.88765645960615,140.88765645960615,0.0, 176.63939279638396, -25.0288062201369, 11.18282480848284, -25.0288062201369, 159.54553233712926, -12.188789291347934, 11.18282480848284, -12.188789291347934, 184.03839531184286, 3.752778173414107, 3.6935442167119463, 21.0, 0.0
39, 0 ,0.3333333432674408,0.3333333432674408,0.3333333432674408,137.0879937154449,271.0519370748976,79.05318006443657,13.97566467580211,14.627253413655351,13.67040500069822,72.0,74.0,70.0,0.6366159171190685,-0.7464327761958841,0.19379959930596458,16.265543254543545,0.0883522369105519,-0.17905277817246673,-0.9798642685911261,13.562274178918832,-0.7661031629640678,-0.640919818112396,0.0480388431087224,12.15123615815587,90.55768359925833,69.39927281547043,58.88729550415144,23.232998387980437,7.508895014910323,100564.0,370085.2991002862, 0.0, 0.0,0.0,NaN, 160.8742168476409,160.8742168476409,0.0, 195.31920313046288, -56.13110647126243, 11.283425575850258, -56.13110647126243, 213.9565424272921, -10.547072108076133, 11.283425575850258, -10.547072108076133, 186.8799728831149, 2.8086960889367343, 3.527104250016293, 22.0, 0.0
40, 0 ,0.3333333432674408,0.3333333432674408,0.3333333432674408,8.832586618876942,169.2652329749104,89.67819095977698,5.585568521364469,12.00951857384114,15.288738599047422,23.0,58.0,70.0,0.08163266749664351,0.15333534775252014,0.9847966179506287,15.397515877243887,-0.08983386274714142,-0.9829404344416146,0.16049292645988594,11.966639761784192,-0.9926056541755697,0.10156954991208898,0.06646534306949356,5.374818848482572,72.52205617829657,59.641996550499854,26.32355859180874,18.980700567506062,6.993257180953269,40176.0,113858.87329822837, 0.0, 0.0,0.0,NaN, 158.7821521119507,158.7821521119507,0.0, 31.198575706857664, 12.699894389417787, 15.088996226489948, 12.699894389417787, 144.22853637543534, 13.405022827872632, 15.088996226489948, 13.405022827872632, 233.74552795000253, 4.316165253456218, 4.177716057543058, 12.0, 0.0
41, 0 ,0.3333333432674408,0.3333333432674408,0.3333333432674408,194.32238597693834,164.18394251719832,182.86864396406102,11.907555514583345,12.831840004491546,12.522135231910418,56.0,59.0,62.0,0.423479102034957,0.7431445861298661,0.5180748732041897,13.640975968596054,-0.2355173109476685,-0.4619056952652576,0.8550875539531018,12.086082543276222,-0.8747554208941182,0.4841273105159324,0.02058399448513963,11.449901762954337,64.04704011666837,62.851326131305214,54.0108494377847,20.716424100586465,5.83777693001688,81694.0,217417.50970643727, 0.0, 0.0,0.0,NaN, 208.16703423596348,208.16703423596348,0.0, 141.78987833288423, 18.93016018219885, 9.045982861881576, 18.93016018219885, 164.65611790086962, 15.252061193625439, 9.045982861881576, 15.252061193625439, 156.80387076625217, 3.3096884166557854, 3.5668985557057993, 24.0, 0.0
42, 0 ,0.3333333432674408,0.3333333432674408,0.3333333432674408,71.56865706462347,242.64519099716358,185.3762232782014,13.460208938423087,12.379694234896506,11.31695012297426,66.0,62.0,57.0,0.8778569562456365,0.2723104170049751,0.39397233552842803,13.98202204938685,0.33454072870350254,-0.9373172910416624,-0.09756432110587136,12.318109337662266,-0.3427093013177161,-0.2174473101808734,0.9139294294886375,10.736603553139112,65.79102432844726,57.89512025994986,54.558754300489426,20.701221317527786,5.828108618080533,81441.0,207813.1638832048, 0.0, 0.0,2.8421709430404007E-14,66.79810333680157, 146.8000578329391,146.8000578329391,0.0, 181.17722466600475, 7.7439485583349965, 26.554921323902622, 7.7439485583349965, 153.2568293495298, 11.940795764380361, 26.554921323902622, 11.940795764380361, 128.07336008588712, 2.9116062470597126, 3.5050460080447596, 29.0, 0.0
43, 0 ,0.3333333432674408,0.3333333432674408,0.3333333432674408,26.76889435561022,173.82658929153394,227.3374228614081,12.966707251340626,14.150157569624948,12.732314687452206,59.0,75.0,64.0,-0.4989271880722058,0.7300890949570248,0.4669492203946741,14.966433195843463,0.5543032555820443,0.6830131032989125,-0.47564798073064,13.158154008837936,-0.6661978398745438,0.021517763518104638,-0.7454645692450248,11.5474306216384,70.95466997207907,69.64175958997882,59.30759702984932,22.086417016481665,6.5318050232348925,95121.0,293063.038455912, 0.0, 0.0,0.0,NaN, 148.04105306046324,148.04105306046324,0.0, 168.1354969419696, -17.95482687949243, -31.611068357541562, -17.95482687949243, 200.22695924521423, 17.976249094300663, -31.611068357541562, 17.976249094300663, 162.11183730031115, 2.8926219206342405, 3.4827807249331806, 27.0, 0.0
44, 0 ,0.3333333432674408,0.3333333432674408,0.3333333432674408,229.03405023564358,83.1847466700255,279.7424399869845,13.043629061858013,15.19958615891023,11.85569413023913,61.0,72.0,50.0,-0.13140124586871516,0.9652768708957286,0.22577483273806404,15.382819159629884,-0.9405068709062298,-0.19337520661985844,0.2793794109144395,13.155563765830308,0.3133377384904692,-0.17563197880362902,0.9332592724742677,11.490046932913963,71.7911018121306,68.12554225653764,59.16879541474367,22.27961112124237,6.733505038345549,95271.0,289383.2025895257, 0.0, 0.0,0.0,NaN, 111.20358286581597,111.20358286581597,1.9073486328125E-6, 170.13625910334693, -5.803206833113506, -13.889089810307338, -5.803206833113506, 231.02741940213545, 20.580589201216547, -13.889089810307338, 20.580589201216547, 140.55748330978653, 2.9952565222721144, 3.6811153793245657, 18.0, 0.0
45, 0 ,0.3333333432674408,0.3333333432674408,0.3333333432674408,32.62926626753485,172.50797535288206,56.65550845605908,12.536889377433509,12.868704727186259,13.192994385954721,61.0,66.0,67.0,0.5883040701978554,-0.043326656422232074,0.8074782485193686,13.872330933994984,0.13612368585540763,-0.9790074834762297,-0.15170593082235959,12.911486446763808,-0.7971001587866957,-0.19916613201247396,0.5700563031152405,11.733891497627907,67.64947111342615,67.4886735573617,55.20266352395728,21.46235558882318,6.016606191557352,91532.0,252031.7941043375, 0.0, 0.0,0.0,NaN, 143.27851201137454,143.27851201137454,0.0, 157.17359526200516, -5.263409128777919, 25.412752086132215, -5.263409128777919, 165.60356135550597, 2.3947196480694375, 25.412752086132215, 2.3947196480694375, 174.05510086783278, 3.010238584047813, 3.5122252166909056, 18.0, 0.0
46, 0 ,0.3333333432674408,0.3333333432674408,0.3333333432674408,192.385096205461,234.68447233123786,112.89568298123606,12.572342908926888,12.579460780564046,13.41138196456962,65.0,60.0,69.0,-0.0030793819302223514,0.472601299254024,0.881270973849892,13.73208496871172,-0.9049854691103075,0.3736067835093559,-0.20351725237677026,12.668150037529728,-0.4254313318340863,-0.7981641330322996,0.4265468305293965,12.129287818651754,70.79199645562335,61.596995158751014,64.63242815795863,21.340573713902074,6.383707348432214,83831.0,281834.5027779051, 0.0, -2.8421709430404007E-14,0.0,61.79671458056144, 169.0932314114213,169.0932314114213,0.0, 158.06380621964422, -4.5782684242028795, 2.348602143798757, -4.5782684242028795, 158.242833529749, 16.247709207055237, 2.348602143798757, 16.247709207055237, 179.86516619958326, 3.144777549050316, 3.5434595848095722, 23.0, 0.0
