// Sample: .//bubblelabels.tif, Map: .//bubblelabels.tif, Thickness:(8.191250068658265):/gpfs/home/mader/Foam/NewValid/InSilicoTest/LatticeDataPhi_16.0/out_Step_05000.vtk/distmap.tif, Neighbors:(1.0):
//LACUNA_NUMBER, TRIANGLES, SCALE_X, SCALE_Y, SCALE_Z, POS_X, POS_Y, POS_Z , STD_X, STD_Y, STD_Z,PROJ_X, PROJ_Y, PROJ_Z, PCA1_X, PCA1_Y, PCA1_Z, PCA1_S, PCA2_X, PCA2_Y, PCA2_Z, PCA2_S, PCA3_X, PCA3_Y, PCA3_Z, PCA3_S,PROJ_PCA1, PROJ_PCA2, PROJ_PCA3,OBJ_RADIUS, OBJ_RADIUS_STD, VOLUME, VOLUME_BOX, Mask_Grad_X,Mask_Grad_Y,Mask_Grad_Z,Mask_Angle, Mask_Distance_Mean,Mask_Distance_COV, Mask_Distance_STD, SHAPET_XX, SHAPET_XY, SHAPET_XZ, SHAPET_YX, SHAPET_YY, SHAPET_YZ, SHAPET_ZX, SHAPET_ZY, SHAPET_ZZ, Thickness, Thickness_STD, Neighbors, Neighbors_STD
1, 0 ,1.0,1.0,1.0,130.5704996381099,15.311466746320784,180.62677067656216,21.001250337921935,9.43307007725167,11.40655749500233,86.0,38.0,46.0,-0.9785687454930742,-0.028716400452084383,0.20390826047315008,21.34496623426284,0.1827482218952158,0.3352529270149419,0.9242340408803661,10.945387848220408,0.09490151599551734,-0.9416904179575099,0.3228201650900436,9.205204073534102,88.0169739715553,55.40435941350469,45.50540634513733,24.009965787049666,9.146935204214696,87043.0,221908.20892075685, 0.0, 0.0,0.0,NaN, 73.6900166158476,73.6900166158476,0.0, 441.0525157560661, 12.570226029792224, -68.08043355877672, 12.570226029792224, 88.98281108234083, 8.693549397283409, -68.08043355877672, 8.693549397283409, 130.10955388679383, 11.245805666544143, 6.419258253731946, 11.0, 0.0
2, 0 ,1.0,1.0,1.0,180.78182374273604,165.68831214226418,92.1467820159916,11.320617647266419,16.20467158834861,15.410529488768413,49.0,67.0,79.0,0.15522850102314353,0.9058046165647458,0.39423610829058087,16.53431227721331,0.0744213758749388,0.38721688779050034,-0.9189801633456081,15.194897328542996,-0.9850713533967927,0.1719915068247087,-0.007304128776053627,11.133903045233668,81.18918694094822,84.66330552160233,54.89887258096503,23.939353206971134,7.425601144549819,114435.0,377360.8475619702, 0.0, 0.0,0.0,NaN, 100.18812134282503,100.18812134282503,0.0, 128.15638391559986, 24.090576215807207, 1.8314650814280005, 24.090576215807207, 262.59138128623266, 15.310599213058925, 1.8314650814280005, 15.310599213058925, 237.48441912420083, 7.8606364489000145, 5.533179763955221, 17.0, 0.0
3, 0 ,1.0,1.0,1.0,170.864723803974,64.86751078371137,166.51368470391506,15.60916242579967,15.686945228252785,16.431428029294892,65.0,78.0,72.0,-0.4363575537368851,-0.6109931886403613,0.6605145030442897,18.403998601779772,-0.7880998417547176,-0.09467646997164403,-0.6082228255005706,15.18831781770396,-0.4341551850697517,0.7859539995882662,0.440210842447409,13.7958641137553,103.24126920008639,79.44147224547189,73.84844791258826,26.343452345669412,8.108054502930981,157877.0,605678.2677861886, 0.0, 0.0,0.0,NaN, 78.60020093105642,78.60020093105642,0.0, 243.64595163499627, 42.57153624535384, -23.420772093329553, 42.57153624535384, 246.08025059420282, -57.55816399506166, -23.420772093329553, -57.55816399506166, 269.9918270818978, 7.696076506800695, 5.3867502820817625, 20.0, 0.0
4, 0 ,1.0,1.0,1.0,16.0108624160405,44.44651505789967,15.883981424272019,10.0423287265671,11.941060120901927,10.450633791022177,44.0,57.0,41.0,0.17255268668563775,0.9199192782621786,-0.3520995481382504,12.14884905291086,0.6158720252124413,-0.3797316861749471,-0.6902937744724755,10.807967137377666,-0.7687179059175696,-0.0977362164006943,-0.6320762716044501,9.393952455938605,56.15777429123485,60.90603902016042,47.698669374237184,17.985448738155778,5.401542685627339,50173.0,163146.0289485267, 0.0, 0.0,0.0,NaN, 49.841160520037036,49.841160520037036,0.0, 100.84836625243479, 2.7400324735105626, -15.750000396153899, 2.7400324735105626, 142.58891681099433, -11.735212880392767, -15.750000396153899, -11.735212880392767, 109.21574663405455, 9.561847105152742, 5.887066922273561, 7.0, 0.0
5, 0 ,1.0,1.0,1.0,30.615215692113,108.60859046413816,173.9604198459076,16.090099836742258,14.563269563748083,13.642394429227256,74.0,70.0,64.0,-0.9870520701390884,0.02553942270452283,0.15835387182528926,16.155043082044994,0.043878889168425465,-0.9065915548265373,0.41972180763280303,14.824547328795806,0.1542817355343318,0.42123567109769144,0.8937324294638707,13.279399023257747,78.26241362492894,76.18092406583827,71.79999864505947,24.60014897282754,7.206089745489142,134335.0,428078.9865728266, -3.552713678800501E-15, 0.0,-2.8421709430404007E-14,86.27187895959656, 99.83857422573513,99.83857422573513,0.0, 258.89131275633326, -3.86119000192586, -12.430244524250009, -3.86119000192586, 212.0888203863913, -16.181509841084786, -12.430244524250009, -16.181509841084786, 186.11492576261085, 7.606634129370248, 5.1803609449024295, 19.0, 0.0
6, 0 ,1.0,1.0,1.0,41.048304575374196,14.050269010305954,24.032838315277147,14.806134277732035,8.468601922965886,14.77638998134066,81.0,35.0,61.0,-0.7357434856401026,-0.20017530151729163,0.6470018330736126,15.994216009734904,-0.6353071042438512,-0.12701711020507195,-0.7617424348245583,13.842471286945822,-0.23466232470391596,0.9714918951682585,0.03372077974987756,7.86457720189574,92.24834499350759,77.97993663457792,39.60994156195114,21.281040947235027,7.509848724352836,68213.0,284934.91067633434, 0.0, 0.0,0.0,NaN, 49.59788992752517,49.59788992752517,0.0, 219.22161225023154, 39.03763745343321, -29.534593145717842, 39.03763745343321, 71.71721852966151, -12.565854053964546, -29.534593145717842, -12.565854053964546, 218.34170088066466, 7.581884499710323, 5.235556978438783, 9.0, 0.0
7, 0 ,1.0,1.0,1.0,159.43133812376695,176.2876703650745,137.774774204058,13.495954092536769,14.429432352012084,14.840356583018306,73.0,59.0,79.0,-0.5605048604951828,0.8226420864198081,0.09536403416456418,15.322133611189042,-0.2394489719743515,-0.050750008105479055,-0.9695816760323598,14.95935289729305,-0.7927789674188522,-0.5662900620072351,0.22542642810935,12.330266050471453,75.04505164316006,79.23089109827433,71.66481555990705,23.58456683304917,7.372495213816076,110498.0,426110.8460475757, 0.0, 0.0,0.0,NaN, 77.9748012405255,77.9748012405255,1.3486991523486091E-6, 182.14077686785996, -37.27557915021204, 12.23490662171436, -37.27557915021204, 208.20851800129296, 10.020780940610754, 12.23490662171436, 10.020780940610754, 220.23618351113475, 7.807864564791041, 5.101329996529972, 21.0, 0.0
8, 0 ,1.0,1.0,1.0,88.63884606449706,123.56441257840383,79.52708496124686,13.802036342068988,12.446596693371315,12.757137902151646,74.0,60.0,63.0,-0.932457474035854,-0.3281704619199803,-0.1510867533501915,13.917838544003661,0.3183612475778268,-0.5486850299653998,-0.7730400079766621,13.368589579478611,0.17078985671100158,-0.7689271004556248,0.61610221475786,11.650456077263712,71.39831915885873,71.44467386653936,57.82410336306532,21.696552743299062,6.1170371052463635,94702.0,294962.4644052975, 0.0, 0.0,0.0,NaN, 141.5054815141924,141.5054815141924,0.0, 190.49620718779306, 10.231252127796237, -2.4117615272690465, 10.231252127796237, 154.91776924744175, 21.107207680263627, -2.4117615272690465, 21.107207680263627, 162.74456745451408, 7.311045528060833, 4.967321815744698, 21.0, 0.0
9, 0 ,1.0,1.0,1.0,172.22464179230593,39.52244607269172,16.6473691199015,15.146150705704931,13.050955011689622,10.875386500291727,69.0,69.0,50.0,0.907010138420919,0.2999999148178741,0.29552099741123855,15.752172823816611,0.33402715658897336,-0.9398804483957158,-0.07106758321874831,12.82005717112879,-0.25643413864528747,-0.1631710569700905,0.9526892141220623,10.272415728805106,84.93140997055835,76.17309289441583,54.930762744688614,21.64851766826893,7.02488592180905,82843.0,355373.92036881257, 0.0, 0.0,0.0,NaN, 51.0943163742191,51.0943163742191,0.0, 229.40588119992597, 20.33433456764219, 36.82827107515004, 20.33433456764219, 170.32742671714644, 16.572772800617308, 36.82827107515004, 16.572772800617308, 118.27403153072753, 7.72479927443198, 5.071700028139927, 11.0, 0.0
10, 0 ,1.0,1.0,1.0,75.9441878695956,54.60592375466521,43.465541335060244,12.785102229827014,14.318484842275666,16.864546921530202,64.0,67.0,81.0,-0.22395590903553766,0.5157993053267296,0.8269188759682109,18.502147376222073,0.5900488088377603,-0.6035389962280271,0.5362677346449309,12.650203102625985,-0.775684313362857,-0.6080228257693362,0.16918064116873716,12.26921733465383,89.42721818594299,64.41969069279735,64.01821249009038,24.33703070398665,7.784582621262595,117358.0,368800.8388993796, 0.0, -7.105427357601002E-15,0.0,58.949103356116815, 103.14349162124857,103.14349162124857,0.0, 163.45883902712768, -25.53649686776321, -32.51519030875961, -25.53649686776321, 205.01900817847797, 78.7327353539084, -32.51519030875961, 78.7327353539084, 284.4129428684938, 7.5027718029049195, 4.787497569990827, 18.0, 0.0
11, 0 ,1.0,1.0,1.0,60.195324981081306,73.9354428842363,137.54872614142772,12.508049237430246,16.12120037551273,12.875054392003541,63.0,79.0,61.0,-0.2320764019984629,0.972658966192004,0.008664820930057868,16.316361425197687,0.5345602537404833,0.12009371480552614,0.8365541433673728,13.322727191195325,0.8126412977177309,0.1987763445445936,-0.54781574100525,11.76404322083893,84.19718462567867,65.82815053712686,59.530715208255955,23.093225740172098,6.986726542786237,107037.0,329951.66461054905, 0.0, 0.0,0.0,NaN, 113.97406929045111,113.97406929045111,0.0, 156.45129572597935, -26.3451638627833, 17.229068290041493, -26.3451638627833, 259.89310154743174, 5.00576153701278, 17.229068290041493, 5.00576153701278, 165.7670255970497, 7.820266161135521, 5.069037678753001, 22.0, 0.0
12, 0 ,1.0,1.0,1.0,42.20486827953666,55.1676947991742,175.81043626608647,13.072388033950146,12.398842504345513,12.09418009799361,70.0,60.0,50.0,0.7511159779907823,0.28825615718323055,0.5939134410441536,14.335919516899745,0.37529493437858524,-0.9265703963410168,-0.024920129498555856,12.305463112436295,0.5431192316947763,0.24161061332319012,-0.8041429050192932,10.674493233586093,71.40983524945118,53.25038492011066,55.7115087221884,20.834772696777232,6.066305570448096,80891.0,211848.65070716987, 0.0, 0.0,0.0,NaN, 73.55175354527542,73.55175354527542,0.0, 170.88732891016295, 6.793932103547788, 40.50034552914836, 6.793932103547788, 153.73129544756492, 16.54277276891587, 40.50034552914836, 16.54277276891587, 146.2691922427047, 7.5370826882108695, 4.976090606657455, 11.0, 0.0
13, 0 ,1.0,1.0,1.0,78.66779780388642,185.97635816499664,27.553718346832284,12.346348912123654,8.148961775380481,14.987225633299925,60.0,33.0,60.0,-0.22186324715468742,0.01965013679469728,0.9748797729391702,15.120413483438861,0.9750769831580431,0.0057584770316299275,0.22179205769748872,12.185554857076859,0.0012555785073379096,-0.9997903340532086,0.02043799051731938,8.144948776693576,63.10466888616187,61.052024564278824,33.039886162927274,20.044011786453463,6.4569677995477495,62474.0,127291.70536900937, 0.0, 0.0,3.552713678800501E-15,12.869532116452264, 84.5250988545188,84.5250988545188,0.0, 152.43233145989691, -0.2462570452293535, -17.335405599606695, -0.2462570452293535, 66.40557801661221, 3.213766398794246, -17.335405599606695, 3.213766398794246, 224.61693218344232, 7.2705726737241365, 4.902145385751304, 10.0, 0.0
14, 0 ,1.0,1.0,1.0,187.36879895561358,56.471759330364,95.17959990784826,8.160868863255644,13.36937036974455,14.109802395159683,33.0,61.0,73.0,-0.06733108711847514,0.6293852415918709,0.7741710033150209,15.584657177308168,-0.14259804828900297,-0.7740364661714076,0.6168738490656305,11.714844907311605,-0.9874878841442114,0.06886048724211422,-0.1418658238095671,8.019179370766397,90.336253351262,57.59808024897543,37.21224642320857,19.757499998653444,7.353064811375107,52088.0,193622.56596612986, 0.0, 0.0,0.0,NaN, 111.3901390622542,111.3901390622542,0.0, 66.59978060325545, 0.48228964951040093, -15.723642954803205, 0.48228964951040093, 178.74006408340352, 52.18765726202654, -15.723642954803205, 52.18765726202654, 199.08652363045394, 7.9175217094014565, 5.106293046395308, 11.0, 0.0
15, 0 ,1.0,1.0,1.0,183.65799432355723,19.4144349028455,177.1977840040754,9.543881487446034,11.452803220654431,12.19347918411351,37.0,45.0,49.0,0.1250025805352912,0.5507680267133922,0.8252447731490061,12.73268065679794,-0.18912725912662826,-0.803289420411648,0.5647627704709015,10.953828199720423,-0.9739636721740533,0.22667308575337053,-0.0037519968387310075,9.424744088508207,69.096635082998,58.087454936403105,42.085805859781686,18.452154133945587,5.5182712771266775,54964.0,168917.59690866584, 0.0, 0.0,2.8421709430404007E-14,34.38668458030855, 34.11630821836549,34.11630821836549,0.0, 91.08567384641513, 9.780229737713555, 4.232660354206556, 9.780229737713555, 131.16670161103252, 19.17754672460474, 4.232660354206556, 19.17754672460474, 148.68093461340948, 8.008116073055144, 5.18854055946234, 4.0, 0.0
16, 0 ,1.0,1.0,1.0,184.78991487930455,14.492691004113736,97.11733202245738,8.452828791576312,8.61002537385714,13.515608558684466,35.0,31.0,63.0,-0.220652720574654,-0.11619718286093779,0.9684062120815756,13.812204174316513,0.5323308415294374,-0.8463060806724935,0.019745707719013846,8.782853521328716,0.8172736702351088,0.5198694379475924,0.24859508327497115,7.76781990648775,66.46330827129583,40.944098253365354,42.7207634775493,17.19615796655133,5.704969537094876,38651.0,116255.16881006424, 0.0, 0.0,0.0,NaN, 99.36378093188556,99.36378093188556,0.0, 71.45031457970147, -4.224091201950721, -27.69559038518186, -4.224091201950721, 74.13253693846376, -14.958406087906065, -27.69559038518186, -14.958406087906065, 182.6716747115848, 7.910931615100074, 5.353795391851516, 8.0, 0.0
17, 0 ,1.0,1.0,1.0,101.17922529535039,85.03851645441355,13.82287036823803,14.436957253141443,17.210595396659883,9.419275613880222,73.0,83.0,38.0,-0.14097895515133624,0.9804270179247425,0.13743288080963245,17.395394690039055,0.9878623211500431,0.1301663196519361,0.08476298531976904,14.38927738183601,-0.0652147886333068,-0.14771456174482975,0.9868776213857756,9.14888090058813,86.28488339765846,71.99292435856599,42.54563373977439,22.97710090307528,8.087392399056567,86846.0,264289.26833631017, 0.0, 0.0,-1.7763568394002505E-15,82.10067477170317, 131.10364807743449,131.10364807743449,0.0, 208.4257347290333, -14.394911781923668, 6.087373312741576, -14.394911781923668, 296.20459390753035, 30.855865539210097, 6.087373312741576, 30.855865539210097, 88.72275309023864, 7.672644282340705, 4.863536213834357, 15.0, 0.0
18, 0 ,1.0,1.0,1.0,75.76579805219785,121.99218449452307,124.86676182955719,11.811712491704135,14.270032410821187,14.313210026241887,69.0,63.0,67.0,-0.11697596307402318,0.42829647916421076,-0.8960350160559827,14.397502705916592,-0.11756417156828376,-0.9018569653433592,-0.415731499438195,14.250282014953902,0.9861517579086738,-0.05671102183180487,-0.1558479078346085,11.732848612987546,68.01454157976923,67.23306393015739,64.84223180185292,22.436697195955578,6.6792946622281635,98778.0,296512.24492187856, 0.0, 0.0,0.0,NaN, 132.1766957992196,132.1766957992196,0.0, 139.5165519866795, 3.4468423747827983, 10.495025898124625, 3.4468423747827983, 203.63382500588716, -2.1966820533679723, 10.495025898124625, -2.1966820533679723, 204.86798125531126, 7.168063692711286, 4.513601333671855, 20.0, 0.0
19, 0 ,1.0,1.0,1.0,182.37352390082356,148.4822868098828,36.271195549551905,10.515656409535017,13.889418497930071,11.328448587931543,44.0,67.0,52.0,0.020872968065853766,-0.9997289242968589,0.010314898369236858,13.890781403219934,-0.4389335856996201,-0.01843303037503793,-0.8983304128972075,11.57200924225257,0.8982770321838339,0.014223266693652046,-0.43919935352361916,10.245170445074379,67.25464554070992,57.91660073135073,49.688493913522095,19.93355661628358,5.872141344420429,68847.0,193544.65646653893, 0.0, 0.0,0.0,NaN, 65.42451420230684,65.42451420230684,0.0, 110.57902972339488, -1.6019069473317333, 11.433307700375199, -1.6019069473317333, 192.91594621064203, -0.42801831637284243, 11.433307700375199, -0.42801831637284243, 128.33374740940818, 7.862901128820409, 5.21792096606861, 14.0, 0.0
20, 0 ,1.0,1.0,1.0,151.78586992650588,186.84178454038482,10.419691989511394,13.226444028938046,7.725696309130196,6.69604683791701,65.0,30.0,25.0,-0.9980623537096311,-0.059084227626821875,-0.019508771189725105,13.24389339589128,0.054237362947338524,-0.979779030399739,0.1925911733425658,7.736590644131657,-0.030493385645248103,0.19115989546630707,0.9810851378943631,6.648812020994355,65.18898290044984,34.95091090865779,29.242147206213858,15.699470253910572,5.743594877224694,27077.0,66625.72733928343, 0.0, 0.0,0.0,NaN, 51.05204162403061,51.05204162403061,0.0, 174.93882165063087, 6.904925463129328, 2.7179293922955634, 6.904925463129328, 59.68638346090794, -2.8015304323570787, 2.7179293922955634, -2.8015304323570787, 44.83704325557839, 7.705791481245117, 5.075605158227383, 5.0, 0.0
21, 0 ,1.0,1.0,1.0,19.15204757951468,84.97411434870776,25.452522558079398,11.39930182748788,11.235331853858295,13.869592852825157,44.0,51.0,58.0,-0.13362230780851453,-0.34639627251863114,0.92852285983767,14.314305673349981,0.9539251758975505,-0.2989371003190045,0.025755947695486604,11.390614090522872,0.2686481670228812,0.8891829015664126,0.3703807904268017,10.67225063678288,67.3893890221948,50.27581297736472,51.47873456393038,20.318102197512435,5.976377917689464,73477.0,174412.85194059028, 0.0, -1.4210854715202004E-14,0.0,69.73294724720955, 90.74817871673676,90.74817871673676,0.0, 129.9440821541685, -0.3074404984384756, -10.901392027694044, -0.3074404984384756, 126.23268186632288, -29.391759354553912, -10.901392027694044, -29.391759354553912, 192.36560590313866, 8.02802298203968, 4.925693316028527, 10.0, 0.0
22, 0 ,1.0,1.0,1.0,41.11188645517004,174.38622902802007,187.03988714436477,11.76906003251404,13.3006373318291,7.120508835549956,63.0,60.0,30.0,-0.18698222022810318,-0.9803825558455285,0.06235137137512002,13.383955512359918,0.9760949349690281,-0.17825576804143325,0.12435255963496865,11.754827201627414,-0.11079858864795541,0.08411257547922149,0.9902771063696636,6.986640527604167,63.36152585570281,62.88693476173616,33.319403662081015,18.22644836151086,5.82374052341831,46431.0,132764.90042583624, 0.0, 0.0,0.0,NaN, 50.14196841507758,50.14196841507758,NaN, 138.5107740489194, 8.340323064319804, 9.327535187375434, 8.340323064319804, 176.9069534328459, -9.946916847793199, 9.327535187375434, -9.946916847793199, 50.70164607714499, 7.436540318216802, 4.891327811035413, 9.0, 0.0
23, 0 ,1.0,1.0,1.0,67.7236331611644,188.64646656987122,74.63216147382953,13.354285672308118,6.779827236906713,11.44963422144654,64.0,26.0,50.0,-0.990507502429992,-0.05717487494147582,-0.12500368516698335,13.396203329422821,0.12861840064632366,-0.06463802449224676,-0.9895853842922915,11.435446420581755,0.0484994293273798,-0.9962695214976549,0.07137818917395017,6.720820523090958,65.317961571203,50.10037325592309,29.450836684651563,17.915012792183017,5.869364841338162,42013.0,96376.51582297913, 0.0, 0.0,0.0,NaN, 101.41672808838187,101.41672808838187,NaN, 178.33694581761387, 6.89341687912731, 5.732178774965739, 6.89341687912731, 45.96605736230211, 6.4351627917737515, 5.732178774965739, 6.4351627917737515, 131.09412380491972, 6.9449730354895225, 4.745479050393979, 10.0, 0.0
24, 0 ,1.0,1.0,1.0,113.90594615081852,83.6593099024767,64.7422994504293,11.330983578638591,12.254599247832152,11.18596156281841,54.0,54.0,55.0,0.3978827181034006,-0.9032672758362429,0.16061622283574312,12.52697745438686,0.6180093452576034,0.13449505728851313,-0.7745808729495118,11.281318993969148,-0.6780514669322072,-0.4074546698325235,-0.6117408766976024,10.931550909307925,59.510361750667144,52.1451507754005,51.125049842427984,19.37935938361526,5.304013343676585,68599.0,158650.06786368432, 0.0, 0.0,0.0,NaN, 136.39146446780845,136.39146446780845,0.0, 128.39118885937742, -12.805042821458326, -1.3273908358115507, -12.805042821458326, 150.17520272496836, -6.239183071823484, -1.3273908358115507, -6.239183071823484, 125.12573608485087, 6.961171925196062, 4.508850921127688, 14.0, 0.0
25, 0 ,1.0,1.0,1.0,50.20819808166353,86.17178385766236,79.75195860688746,12.480807970631444,11.996486399062233,13.298303547597685,62.0,65.0,61.0,-0.46385291198971,0.30044991196143533,0.8334088591088,14.081688448153791,-0.7323090035436879,-0.6594510261094501,-0.16984659988367223,12.358912983127517,0.4985619313260059,-0.6890966511060399,0.5259104544187382,11.202430588552021,66.33778174411393,56.300019268716625,51.89787313675494,20.964726126864637,6.083698644102946,81946.0,193829.1310157463, 0.0, 0.0,0.0,NaN, 127.69813776815201,127.69813776815201,NaN, 155.77056759977737, 3.013120782032308, -24.753620259586903, 3.013120782032308, 143.91568592288513, 21.280778545516, -24.753620259586903, 21.280778545516, 176.8448772440492, 6.973077823001692, 4.373867529641763, 14.0, 0.0
26, 0 ,1.0,1.0,1.0,102.18749622980684,21.48534752132421,104.65661683979394,12.185723773171677,12.783242716435254,12.720443237854298,56.0,51.0,61.0,-0.4754560886618388,0.6261478187436165,0.617964737535239,14.131954414140004,-0.1313122410547022,-0.7450824117969094,0.6539184161499755,11.858812000418006,-0.8698842469567876,-0.22976315786807866,-0.4364748425544259,11.548561675213934,74.20308813178015,63.35984148560532,58.597119514145106,20.904229486562908,6.060199993723678,82887.0,275494.1172513968, 0.0, 0.0,1.4210854715202004E-14,51.832339320770664, 138.27243674839895,138.27243674839895,0.0, 148.49186387604138, -19.040136400507887, -20.116115703394346, -19.040136400507887, 163.41129434729496, 22.13223981024675, -20.116115703394346, 22.13223981024675, 161.80967616747313, 7.1864015535650045, 4.660265754480128, 15.0, 0.0
27, 0 ,1.0,1.0,1.0,143.63432835820896,73.01701800276966,113.6736113248192,12.893862183376001,9.979809728502639,11.763530638214696,59.0,47.0,59.0,-0.913297491516581,0.2268074906021233,0.338298764698141,13.063590355414386,0.4013967109723277,0.36039878471456116,0.8420174561117276,12.073317198002796,0.06905340259623724,0.9048044419558491,-0.4201910867770124,9.370515255820226,59.333508679009235,63.516690321516194,44.462196728949856,19.340695845597796,5.492396699552815,64990.0,167563.26231063795, 0.0, 0.0,0.0,NaN, 126.33613592058838,126.33613592058838,0.0, 166.25168200389373, -8.77751295836551, -6.009241835138741, -8.77751295836551, 99.59660221711592, 23.945222124553776, -6.009241835138741, 23.945222124553776, 138.38065307621588, 6.654769191491199, 4.535570413370761, 15.0, 0.0
28, 0 ,1.0,1.0,1.0,137.14435602256046,141.18669551108707,18.31807154446419,10.524100607442454,13.341967709801567,10.91139878433843,47.0,65.0,44.0,-0.15568408352473012,-0.9759108653643106,0.1528412542507667,13.479447716948803,-0.5331996525939049,-0.04722741706365982,-0.8446701732340466,11.082248002187466,-0.8315410973672943,0.21299660546914304,0.5130027772320712,10.16423572433639,66.18819165446796,52.589767132868616,57.632312854654515,19.380169835873037,5.677361757766118,64715.0,200607.79863870738, 0.0, 0.0,0.0,NaN, 88.00788890680384,88.00788890680384,0.0, 110.75669359557065, 12.4003073558745, 6.919270271677592, 12.4003073558745, 178.0081023693877, -10.913620341500888, 6.919270271677592, -10.913620341500888, 119.0586234308622, 7.489515854477339, 4.688864496227944, 8.0, 0.0
29, 0 ,1.0,1.0,1.0,182.43291536590834,94.55785715517688,79.64504389520343,10.167479220554089,9.602022814776117,14.702086517220733,38.0,50.0,81.0,0.11033002714890286,-0.013450132848315864,0.9938039942743664,14.752116616952684,0.8083481003509396,0.582986936527068,-0.08185096516114858,10.596252403629139,-0.5782738397751962,0.8123701901012533,0.07519335387189104,9.045568755702215,81.86160051062123,55.64228725619844,48.585732897752585,19.308616365173645,6.237399927715624,57979.0,221306.39500048544, 0.0, 0.0,0.0,NaN, 124.87243022136254,124.87243022136254,0.0, 103.3776337003992, 14.15212034365996, 12.875030584011252, 14.15212034365996, 92.19884213548106, -3.2686541635153783, 12.875030584011252, -3.2686541635153783, 216.1513479598437, 7.330195453630854, 4.6075451217380055, 11.0, 0.0
30, 0 ,1.0,1.0,1.0,59.10709612481127,11.450327126321087,107.47696024157021,11.69982750883996,7.2976879396079966,14.014929404758323,57.0,29.0,68.0,-0.06165070616410248,0.12667530112124287,0.9900265443488421,14.112644809965035,0.9938850636165213,0.09882993402355356,0.04924555270157212,11.721107583819819,-0.09160606284220907,0.9870086181116867,-0.1319936249362323,7.071729116500163,69.96849078409521,58.57507463908672,32.38204944706697,18.717802754549034,6.017002514763063,49675.0,132714.9013521005, 7.105427357601002E-15, 0.0,1.4210854715202004E-14,39.27670595514155, 110.38691810965385,110.38691810965385,0.0, 136.88596373660826, 7.417599591101599, -4.8274268441905805, 7.417599591101599, 53.25624926390001, 19.13136183988075, -4.8274268441905805, 19.13136183988075, 196.4182462203595, 6.805929312483413, 4.515139666040797, 12.0, 0.0
31, 0 ,1.0,1.0,1.0,56.58628696407706,147.9561374599275,20.945201785660785,11.432183173062402,12.13722433491972,12.274764996161759,54.0,62.0,49.0,-0.5096362173278898,0.4048420235047053,0.7591929017004405,13.991942028923333,-0.5099210289828116,-0.8528364665163728,0.1124744663511604,12.055086510719278,-0.6930017822407311,0.3298073640543563,-0.6410738119956911,9.35827600832223,65.03201762539365,61.86072109035128,52.30276439176396,19.806136412161557,6.032730956413387,66754.0,210410.2294208388, -7.105427357601002E-15, 0.0,0.0,59.36039859993468, 79.68232538218803,79.68232538218803,0.0, 130.69481210245112, 2.7898500199361473, -45.174796450930764, 2.7898500199361473, 147.31221455616745, 27.715426054294806, -45.174796450930764, 27.715426054294806, 150.66985571099798, 7.24725012818461, 4.539507918215124, 11.0, 0.0
32, 0 ,1.0,1.0,1.0,13.036263335763037,103.45293552448479,108.21421708302962,8.805395018882802,14.642443597062163,12.126570965985122,37.0,73.0,61.0,-0.060720728174308236,0.9452780310478404,0.32056580789020483,14.952918656839618,-0.03612554569506763,-0.32302920852460837,0.9456992520818649,11.768018190868826,-0.9975008461741852,-0.04584293247909567,-0.05376325346834698,8.770053068602513,67.55511914544779,55.75594365348971,39.612738971004305,19.89629315884814,6.56714381310298,60364.0,149205.3194972561, 0.0, 0.0,0.0,NaN, 133.85032598495928,133.85032598495928,0.0, 77.53498143856605, -7.700375652095528, -4.958599847504295, -7.700375652095528, 214.40115449314672, 25.63663923419506, -4.958599847504295, 25.63663923419506, 147.05372339307334, 7.24013363638255, 4.540755529316178, 16.0, 0.0
33, 0 ,1.0,1.0,1.0,90.01293256010237,75.1642843529636,100.64530752266602,12.174907453683065,12.876661041632618,10.504175827442747,57.0,56.0,53.0,-0.282831060385302,0.9560120347997607,0.0777661918789082,12.968859454996508,-0.9473022913203196,-0.26569776307083376,-0.17894990237054542,12.14267179212836,-0.1504159570677204,-0.12428068239745295,0.9807799711669409,10.427784380484526,58.94546687817075,56.09800083062004,52.91064359502939,19.855959185448913,5.487746871570347,73458.0,174960.83417822357, 0.0, 0.0,1.4210854715202004E-14,85.53982214194721, 153.69890236312136,153.69890236312136,0.0, 148.22837150574745, -6.333293448437405, 5.253749868679636, -6.333293448437405, 165.80839958109922, 6.260358692265848, 5.253749868679636, 6.260358692265848, 110.33770981383253, 6.7751902201245375, 4.4107384342452365, 6.0, 0.0
34, 0 ,1.0,1.0,1.0,31.789837809613942,39.9755409065692,104.03544039421728,10.14243204709701,11.752157776807381,11.663675715335202,45.0,56.0,54.0,-0.2218750624410803,-0.8037755656082415,0.5520111382915366,12.015556245835281,-0.1197189815221996,-0.5393825049721234,-0.8335069758516029,11.507174604339983,-0.9676976914977392,0.25102062357732313,-0.023448334883267592,10.011733724078782,60.09642165940534,58.41366665986071,48.09997593875857,18.717263895056632,5.165994939627938,61286.0,168852.6731970059, 0.0, 0.0,0.0,NaN, 108.70986320967465,108.70986320967465,0.0, 102.86892782998045, 9.949629064983474, -2.1948491943099264, 9.949629064983474, 138.1132124109742, -5.116500911285228, -2.1948491943099264, -5.116500911285228, 136.04133119250014, 6.924573731552553, 4.4793484217004895, 10.0, 0.0
35, 0 ,1.0,1.0,1.0,22.216972696997576,177.31914838475592,100.83681693900559,12.956264157934013,12.837277612399076,11.236667202288514,52.0,58.0,57.0,0.6964458394761182,0.6966649294122177,0.1721080149309605,14.181089002663679,-0.670644308722005,0.5465306030435737,0.5015381452248793,11.79623528112092,0.25534173935177473,-0.46471741527932664,0.8478433346325919,10.893517114959879,76.96596558852868,61.13546518560776,58.851707771676516,20.531660954436425,6.1134332166980085,77171.0,276917.88962032495, 3.552713678800501E-15, 0.0,0.0,45.85745580882371, 104.12181222299266,104.12181222299266,0.0, 167.86478093016555, 32.48899430415113, 2.9915815160265176, 32.48899430415113, 164.7956964978025, 15.498400119335463, 2.9915815160265176, 15.498400119335463, 126.26268981498637, 7.190691576961799, 4.611412715228084, 11.0, 0.0
36, 0 ,1.0,1.0,1.0,159.39253233048083,10.719732146283434,41.989024905023214,13.477283157900256,6.992772451729187,13.26901382367881,60.0,30.0,62.0,-0.8326101770961456,-0.08682829914996218,-0.5470110962884116,13.62345569225789,-0.5521055561879078,0.051578431690087655,0.8321773369966476,13.171234204197631,-0.044042568298931904,0.9948871854894484,-0.09088311353886523,6.893678283189929,66.6646670131926,72.48517196402511,31.273490674652372,19.186271020537443,6.204011610194728,52118.0,151119.75702132922, 0.0, 0.0,0.0,NaN, 59.388191589690344,59.388191589690344,6.743495761743046E-7, 181.63716131822193, 6.395174790884792, 5.01453487265501, 6.395174790884792, 48.89886656166263, 11.964497616704941, 5.01453487265501, 11.964497616704941, 176.06672785297934, 7.496615732190541, 5.063625159708735, 9.0, 0.0
37, 0 ,1.0,1.0,1.0,132.65367765109255,42.32660752673542,32.37684018612752,11.743335943667523,10.977922071366365,15.577523916602914,63.0,50.0,65.0,0.4721173876337307,0.05391584377395156,0.8798853641719725,16.920489662136823,0.31234817537699944,-0.9436037130670801,-0.10977545274185022,11.111900082926594,0.824344460545809,0.32665748801483474,-0.4623322354014233,9.555243042630522,77.93535665694179,50.80142338458983,51.60921044939191,21.19898550085358,7.1890873689067645,73498.0,204332.58204854545, 0.0, 0.0,0.0,NaN, 85.87973345954963,85.87973345954963,9.5367431640625E-7, 137.9059390858336, -4.518388691045672, 79.90180807773906, -4.518388691045672, 120.51477300499279, 12.583253303926854, 79.90180807773906, 12.583253303926854, 242.6592513723358, 6.532809696407324, 4.254763956472777, 11.0, 0.0
38, 0 ,1.0,1.0,1.0,18.589968179534416,130.7035002512142,16.910852453525372,11.040197097429333,13.332526696139883,9.739606295551107,51.0,56.0,42.0,-0.2453288437986783,0.9510534624617873,0.18791239964368858,13.57822976111053,0.9356441466549836,0.2830200139358595,-0.2108784070074822,10.950779102856652,-0.25373960910876947,0.12408458103725656,-0.9592805780990968,9.49811899486624,66.59234578312855,54.543648524349635,48.35374730130013,19.00203316486631,5.781425987334536,59710.0,175629.97336916078, 0.0, 0.0,0.0,NaN, 73.71274465826434,73.71274465826434,0.0, 121.88595195008708, -14.10196287639463, -10.201601061469521, -14.10196287639463, 177.75626810328268, 15.053822338590184, -10.201601061469521, 15.053822338590184, 94.85993079233876, 7.009583343275227, 4.461528047288777, 8.0, 0.0
39, 0 ,1.0,1.0,1.0,98.31763093733872,134.54337883290918,16.508515598583404,10.510231506948863,12.856409010987752,10.82034411960618,49.0,59.0,44.0,-0.0628183676101586,-0.9370411456369189,0.3435225524972798,13.198752205244093,-0.7198479196373325,-0.19587170553764552,-0.665922854063125,11.46955326798258,0.6912834623254046,-0.28911618141021644,-0.6622227784984258,9.331363989880465,66.43717366087515,62.281581802894735,46.74764058471187,18.901363270986288,5.964103650371399,56191.0,193432.96062325887, 0.0, 0.0,0.0,NaN, 119.26213521068392,119.26213521068392,0.0, 110.46496632966057, 11.399988869930151, 19.44001732655554, 11.399988869930151, 165.28725265780707, -22.24627621454572, 19.44001732655554, -22.24627621454572, 117.07984686669602, 7.107175757617203, 4.525967344346987, 7.0, 0.0
40, 0 ,1.0,1.0,1.0,145.81719912327313,103.35392866631243,82.92233993092455,9.511183697202469,12.830211353184238,11.10407618107079,44.0,63.0,50.0,-0.11532500783666849,0.9578778279863309,0.2630022988866488,13.005215211313338,0.04388445725258062,-0.25959723171563726,0.964719353852313,10.949853554220281,-0.9923579480102526,-0.12279798018602532,0.012097895813477567,9.45211780358693,65.37277364311883,49.48497550881383,45.320612933936815,18.727546451978817,5.258940046561529,60224.0,146610.82787609933, 0.0, 0.0,0.0,NaN, 138.3920282194862,138.3920282194862,NaN, 90.46261532193002, -9.162636146927571, -1.1265269610197326, -9.162636146927571, 164.6143233673777, 12.449211682590663, -1.1265269610197326, 12.449211682590663, 123.30050783502365, 7.550001371920101, 4.495722752304951, 12.0, 0.0
41, 0 ,1.0,1.0,1.0,29.56199884372722,146.47055274866148,126.9593419299701,15.480261125860645,11.30998116020706,10.869373056090769,66.0,65.0,56.0,-0.9719942484006431,-0.23412457746012125,0.020319037998604374,15.702203210705616,-0.2260134512333393,0.9076179577459623,-0.3537620141262251,11.02460996213035,0.06438245830708786,-0.348447018937124,-0.9351147384445222,10.844179015220357,71.1037854447748,59.90903492310405,57.37090219468854,21.08472007679619,6.413424068677919,79566.0,244386.22644970947, 0.0, 0.0,-1.4210854715202004E-14,88.83572475511946, 95.25886431179718,95.25886431179718,0.0, 239.6384845248323, 28.538392822196055, -2.231530223217724, 28.538392822196055, 127.91567384423864, -1.8804233197354974, -2.231530223217724, -1.8804233197354974, 118.14327063247198, 7.225858239941647, 4.478713334462756, 12.0, 0.0
42, 0 ,1.0,1.0,1.0,124.58912023311366,73.84823894150135,165.9381808325004,10.317844973588576,9.89698624333643,13.197817293577534,48.0,45.0,64.0,-0.08666929488556077,-0.025381181099037108,0.9959137658301832,13.217433470618364,-0.8173492269388672,-0.569740608148259,-0.08564975568726203,10.653054487419203,-0.5695864065674981,0.8214325505316125,-0.02863372802578683,9.508024266497578,64.24797103085663,51.88072797282814,47.094192931132234,18.705815592815142,5.3556611097056726,59027.0,156975.84771519422, 0.0, 0.0,0.0,NaN, 110.90793798000352,110.90793798000352,0.0, 106.45792489900703, 10.935611483697896, -5.660109784833506, 10.935611483697896, 97.95033670079056, -1.004333205185085, -5.660109784833506, -1.004333205185085, 174.18238131465424, 7.288782120388151, 4.5654001544888105, 15.0, 0.0
43, 0 ,1.0,1.0,1.0,179.37026413092138,83.1422128633251,20.572250501566877,11.487536712512217,10.891337564409532,11.201723876484623,50.0,53.0,45.0,0.8755491016050674,0.48017667974742523,-0.05333035632074723,11.7349329911182,-0.06000823973962288,-0.0014453690547062692,-0.9981968353344179,11.20059320993876,-0.4793879241719709,0.8771706032095662,0.02754906573832379,10.625507560002925,64.5850433783549,47.25773357083939,55.86765147427411,18.658793519971233,5.28325428569866,60311.0,170516.0486713192, 0.0, 0.0,0.0,NaN, 88.09898440128372,88.09898440128372,NaN, 131.963499721316, 10.430505953293503, -0.40647520270754056, 10.430505953293503, 118.62123394191815, -0.617154292781239, -0.40647520270754056, -0.617154292781239, 125.47861780500568, 6.962555590329221, 4.407624870574561, 8.0, 0.0
44, 0 ,1.0,1.0,1.0,149.98850192426474,112.92450230436641,130.2796756465688,12.179511576712963,11.321589118701944,10.546124003715372,60.0,56.0,52.0,0.8984243827089039,-0.42560942230025556,0.1081214511712042,12.418764605057644,0.43884727857243283,0.8614020441891778,-0.2557334244018078,11.123124767163793,0.015706515962943923,0.2772059485580135,0.9606821365261027,10.478072104161706,63.479123521866555,61.88852779202114,49.34838700331994,18.96345907600526,5.303473747886288,63141.0,193871.5289732754, 0.0, 0.0,0.0,NaN, 122.24653723794886,122.24653723794886,0.0, 148.34050224728512, -11.723884818533655, 2.7526653762130384, -11.723884818533655, 128.17838017271026, -5.114312193230173, 2.7526653762130384, -5.114312193230173, 111.22073150174155, 6.41720828350763, 4.324407769522033, 16.0, 0.0
45, 0 ,1.0,1.0,1.0,10.066109908237962,167.61047530673267,161.72071347561604,6.6634408913500565,15.823855050835432,11.570929424174567,27.0,69.0,66.0,0.044120659712007314,0.982223157999386,0.18245831106389854,15.967831873852857,-0.0017414423946586696,-0.18256026801424896,0.9831931223930279,11.389473406406696,-0.9990246917694094,0.04369686982243323,0.0063441944136338885,6.632532072649046,74.15943878919407,65.63840157394344,28.148562950712126,19.487911635333628,6.993106678366255,48495.0,137018.9575834646, 0.0, 0.0,0.0,NaN, 51.14402854054796,51.14402854054796,6.743495761743046E-7, 44.40144451251603, 9.170405529778655, 1.551652595054806, 9.170405529778655, 250.39438866985003, 22.423162749858548, 1.551652595054806, 22.423162749858548, 133.88640773922876, 7.742438453065942, 4.7796187963154315, 6.0, 0.0
46, 0 ,1.0,1.0,1.0,118.05915526578842,178.3924388679189,31.498038104047623,10.455595390905007,10.869926399207603,14.040045166491776,57.0,46.0,61.0,0.12843854205105948,0.12994501585264187,0.9831672460832158,14.142846637443618,-0.088689373941165,-0.9859009664585044,0.14189249200049348,10.80982842313589,-0.9877437602261644,0.10542095233511493,0.11510294063591535,10.379072291478973,64.64067726516019,50.1580197914036,56.45522522673048,19.717357375141976,5.985270363195853,67027.0,183041.8619465214, 0.0, 2.8421709430404007E-14,0.0,82.53358499439476, 90.40638881316313,90.40638881316313,0.0, 109.319474978314, 2.338475239660159, 11.539831395071463, 2.338475239660159, 118.15529992419039, 10.514562873336574, 11.539831395071463, 10.514562873336574, 197.1228682771291, 6.259181128798504, 4.179802680293198, 9.0, 0.0
47, 0 ,1.0,1.0,1.0,16.01742001015744,150.01462671406804,60.80937870323345,10.277106160517652,10.261656663006407,13.525277205439432,40.0,49.0,66.0,-0.10578875286098302,0.062033141271289366,0.9924518271191474,13.565578721280312,0.6945615973419317,-0.7096251307292444,0.11839071473442273,10.604452633174724,-0.7116129054942316,-0.7018433323908685,-0.031984519889134345,9.8678412175842,65.62921099940422,52.59349142782216,53.26804566693504,18.976662347856518,5.808607244716588,59070.0,183863.68035584837, 0.0, 0.0,0.0,NaN, 80.32979412763994,80.32979412763994,NaN, 105.61891103454987, -8.001304399674614, -7.85743779728509, -8.001304399674614, 105.3015974694238, 4.067711135947312, -7.85743779728509, 4.067711135947312, 182.93312348397947, 6.963561577632562, 4.397593432878252, 10.0, 0.0
48, 0 ,1.0,1.0,1.0,120.83601487184549,152.8554107853782,110.45790149047478,12.198622580341027,12.379105909144311,9.292882265940698,65.0,56.0,44.0,-0.5031105022783806,-0.8639003776167857,0.02357880511753325,12.481900665291157,0.8613495996255308,-0.49902897640321076,0.09511544530149528,12.11785043186283,-0.07040376213053709,0.06816317380770287,0.9951869633462486,9.261002832785382,58.71986023988171,61.050578371626244,43.96077573191097,18.93265313047422,5.473660769284201,60786.0,157594.16854975699, 0.0, 0.0,0.0,NaN, 128.48087888505285,128.48087888505285,0.0, 148.80639285760597, 4.185515327684834, 4.1730556716522536, 4.185515327684834, 153.2422631098116, -4.325527322084366, 4.1730556716522536, -4.325527322084366, 86.3576608086351, 6.634899736609283, 4.418676757226871, 14.0, 0.0
49, 0 ,1.0,1.0,1.0,113.17736282565521,28.589080571673353,65.50741851318197,9.512428718730137,13.898162568657396,9.665944423126898,44.0,56.0,52.0,0.2971298932190493,-0.9495852519869715,0.10000837847138955,14.32749486410434,-0.13048127832206696,-0.14413646945842787,-0.9809175878632712,9.62711835319823,-0.9458797294387251,-0.2784107170726373,0.16673035133419548,8.894784294029137,61.70800884712705,54.06340473484309,42.7867909156199,18.539594972851987,5.7757356888362485,51358.0,142742.94104728295, 0.0, 0.0,0.0,NaN, 112.45767085487199,112.45767085487199,0.0, 90.48630012892187, -35.34093880072001, 5.485005739387011, -35.34093880072001, 193.15892278482957, -10.06317301487056, 5.485005739387011, -10.06317301487056, 93.430481590978, 6.452540787712794, 4.146333457476803, 6.0, 0.0
