// Sample: .//bubblelabels.tif, Map: .//bubblelabels.tif, Thickness:(8.191250068658265):/afs/psi.ch/project/tipl/test/LabelValidation/Step3500//distmap.tif, Neighbors:(1.0):
//LACUNA_NUMBER, TRIANGLES, SCALE_X, SCALE_Y, SCALE_Z, POS_X, POS_Y, POS_Z , STD_X, STD_Y, STD_Z,PROJ_X, PROJ_Y, PROJ_Z, PCA1_X, PCA1_Y, PCA1_Z, PCA1_S, PCA2_X, PCA2_Y, PCA2_Z, PCA2_S, PCA3_X, PCA3_Y, PCA3_Z, PCA3_S,PROJ_PCA1, PROJ_PCA2, PROJ_PCA3,OBJ_RADIUS, OBJ_RADIUS_STD, VOLUME, VOLUME_BOX, Mask_Grad_X,Mask_Grad_Y,Mask_Grad_Z,Mask_Angle, Mask_Distance_Mean,Mask_Distance_COV, Mask_Distance_STD, SHAPET_XX, SHAPET_XY, SHAPET_XZ, SHAPET_YX, SHAPET_YY, SHAPET_YZ, SHAPET_ZX, SHAPET_ZY, SHAPET_ZZ, Thickness, Thickness_STD, Neighbors, Neighbors_STD
1, 0 ,1.0,1.0,1.0,78.7487895396564,138.14783591810652,38.32266448742842,15.154693744671059,15.371680555570904,16.035926872834025,85.0,81.0,78.0,-0.01632506963805133,-0.483662113619374,0.8751025379637247,16.321474148781707,0.8742545798215552,-0.43161176579814176,-0.222239090363613,15.192448197235187,0.48519317983907095,0.7614343330017695,0.42988991005116817,15.030078364837122,87.38066052146021,81.89513816091377,75.98242262936144,25.90360608778027,7.218548878910351,162748.0,543734.1116503525, 0.0, 0.0,0.0,NaN, 163.56901612540557,163.56901612540557,0.0, 229.66474249477213, -1.5320057777922813, -1.5318479188436764, -1.5320057777922813, 236.28856310251663, -16.665687489662385, -1.5318479188436764, -16.665687489662385, 257.15095067088043, 7.1438531697979, 5.518238471559397, 48.0, 0.0
2, 0 ,1.0,1.0,1.0,59.12111946043829,262.3791028268436,12.844366372813724,14.812920276276131,18.95488198073066,8.300973696102325,80.0,84.0,34.0,0.3316667791529919,0.9430733186679767,-0.024695408942743597,19.466621735898375,-0.9376639300281775,0.3324198246064306,0.10140717199854729,14.189035059745338,0.1038436417427352,-0.010477395916865676,0.9945384468407481,8.205988336750787,87.64393175454586,69.92110940295412,38.73686793816145,24.0085877525201,8.438248422964348,92223.0,237385.76106426248, 0.0, 0.0,0.0,NaN, 71.24336051792959,71.24336051792959,0.0, 219.42260711131254, 55.7030504475476, -15.292894097831795, 55.7030504475476, 359.28755090342787, -2.74050656697689, -15.292894097831795, -2.74050656697689, 68.9061643033827, 7.547272389725307, 5.532458313639061, 20.0, 0.0
3, 0 ,1.0,1.0,1.0,74.89264962529515,15.701693871265784,258.35327995072373,15.63876374580649,9.492941645193438,15.954300167699285,77.0,39.0,77.0,-0.4426825472513245,0.06417984645961425,0.8943786165084108,16.027100664328398,0.8862184540639334,-0.12059091376060763,0.44729708605681007,15.660183549317232,-0.13656139291765623,-0.9906254483036472,0.003493871432589366,9.333662834837503,83.15477829814324,89.33035344877732,41.239540563575474,23.13624572685386,7.344433271793559,97410.0,306337.44135949906, 0.0, 0.0,0.0,NaN, 87.12004045675688,87.12004045675688,0.0, 244.5709314971514, -21.721541804621356, -4.527828267685893, -21.721541804621356, 90.11594107904791, 1.214665935819326, -4.527828267685893, 1.214665935819326, 254.53969384104943, 6.83090230695748, 5.227430934391728, 32.0, 0.0
4, 0 ,1.0,1.0,1.0,155.58538284810365,170.01734397951114,13.49279688147339,15.770053735503518,20.24509486915344,8.978371712934017,74.0,106.0,38.0,-0.14230787862239547,0.983235026053504,0.11400592626508371,20.42206499478129,0.9810119908712139,0.15543588787161805,-0.11599637291079073,15.757765690898225,0.13177230911269275,-0.09533398293959967,0.9866851018678559,8.590791667651196,111.14258737679751,75.95015652940816,42.212846682323885,25.436727614766326,9.599088912471423,106204.0,356331.1721922036, 0.0, 0.0,0.0,NaN, 194.7642885155136,194.7642885155136,0.0, 248.69459482066847, -21.42014684198524, -25.426661727638578, -21.42014684198524, 409.863866261023, 35.331157660204106, -25.426661727638578, 35.331157660204106, 80.6111586156137, 7.72695678254089, 5.452944850657868, 30.0, 0.0
5, 0 ,1.0,1.0,1.0,16.77305068430084,163.23013016364627,12.465471058469008,10.102274608199371,14.642858545320067,8.169526885432703,41.0,78.0,37.0,-0.031469851242065326,0.9986487800614403,0.04135532063228092,14.655677222126073,0.9937076436649549,0.02681071685908068,0.10874881325028585,10.117515887613408,0.10749310389343877,0.044517407194250236,-0.9932086553549841,8.127571937194745,77.93151502524866,42.516038540404374,40.622816183346394,18.508139481242033,6.376456783543535,47786.0,134597.1731876921, 0.0, 0.0,0.0,NaN, 138.3572206031214,138.3572206031214,0.0, 102.05595225946978, -3.706948444633507, 3.72990067444645, -3.706948444633507, 214.4133063782529, 6.248382680492516, 3.72990067444645, 6.248382680492516, 66.74116953180774, 7.6600832837590795, 5.213246922054353, 15.0, 0.0
6, 0 ,1.0,1.0,1.0,189.3121809824034,113.82217971365273,234.3285576256795,13.346330773766237,13.000026694179766,13.508601759504067,65.0,64.0,66.0,0.5751102135812648,-0.3609956415460613,0.73411878399838,14.026399336488204,-0.8027841604964866,-0.42173284996300087,0.42151986301719707,13.004762181457341,0.15743517361270837,-0.8317593101654066,-0.5323444524579024,12.796243313025222,68.0620440659099,72.50442966848347,63.73618453799844,22.178155714038482,6.143042388986352,102463.0,314525.3035131497, 0.0, 0.0,0.0,NaN, 171.8139115938025,171.8139115938025,0.0, 178.12454512277967, -5.028928125280371, 12.110365958710911, -5.028928125280371, 169.0006940493865, -9.70079619043121, 12.110365958710911, -9.70079619043121, 182.48232149687638, 6.427029240401063, 4.830171031005447, 35.0, 0.0
7, 0 ,1.0,1.0,1.0,118.64175244356025,183.6746302222991,113.1340022489404,14.153506004214728,14.282147339928033,15.112693197894993,78.0,78.0,78.0,0.44057218343161747,0.4426321129821979,0.7810076592090581,15.541436342618391,-0.4850799852036047,-0.6146681003251464,0.6219972141396993,14.423601504081356,-0.7553764353891164,0.6528858544949423,0.05609368822996938,13.532126093273725,88.42639303501568,78.64775038094872,73.90152106069921,23.998366171322466,7.534811321571627,115610.0,513950.85418550135, -1.4210854715202004E-14, 0.0,0.0,63.85960561269689, 201.01432670747909,201.01432670747909,2.6973983046972182E-6, 200.32173221134238, 18.82291462604483, 12.581618987495286, 18.82291462604483, 203.97973263941338, 10.666816266725482, 12.581618987495286, 10.666816266725482, 228.39349569370157, 5.73640966451366, 4.57019889531128, 46.0, 0.0
8, 0 ,1.0,1.0,1.0,260.0965143259379,140.56267000373683,124.93897680562435,15.713315766417983,13.484883974114782,13.34589839999148,80.0,71.0,65.0,-0.9729610115641041,-0.19322409949629168,0.12653583425260523,15.827261047068053,-0.22996571158498758,0.759402944535049,-0.6086238077225599,13.5359186657101,0.021509102058568468,-0.6212661387886391,-0.7833043746356136,13.158271387102337,84.66469397563822,72.0369049752247,66.31344373884997,23.579128002914068,7.13359060330678,115071.0,404444.5338514307, 0.0, 0.0,0.0,NaN, 192.2495781341427,192.2495781341427,0.0, 246.90829237516, 12.783524840648985, -8.113428026203724, 12.783524840648985, 181.84209579533768, -6.550824545139771, -8.113428026203724, -6.550824545139771, 178.11300410289513, 5.832767722881883, 4.588602829950807, 37.0, 0.0
9, 0 ,1.0,1.0,1.0,22.77564162877006,131.89092049553082,191.86817207673408,12.729352812717217,13.511056873061088,12.844288729440395,54.0,65.0,60.0,0.296997743237377,-0.9434040614961618,0.14758427173805413,13.609594552233073,-0.023908900982747228,-0.16185683964568345,-0.9865245703547931,12.827674557568395,-0.9545788102433987,-0.2894669933040005,0.07062687039533526,12.640828113375044,68.23956650781143,62.835596666211416,60.182548970204934,21.737590865950303,6.08588343361013,95655.0,258055.17962647098, 0.0, 0.0,0.0,NaN, 172.0652113902964,172.0652113902964,0.0, 162.0364230306317, -7.106935918095363, 1.2269179963290104, -7.106935918095363, 182.5486578270913, -2.780884350544604, 1.2269179963290104, -2.780884350544604, 164.97575296522956, 6.446074882266064, 4.687541816619418, 31.0, 0.0
10, 0 ,1.0,1.0,1.0,46.78791166709216,248.42888143258324,212.93396914548305,13.369425046363114,14.440139759246788,13.465270947404502,61.0,70.0,71.0,-0.17430703010356946,-0.8819755557541501,-0.43787689857839246,15.093359708286426,-0.7545113583549052,-0.16610403842981813,0.63491893855101,14.47529060172399,-0.6327161048763569,0.4410539280739531,-0.6365074729809754,11.45552874099812,73.59180421799948,74.34117872926431,62.45406361062267,22.927406120159443,6.550323093195872,109676.0,341680.02843851957, 0.0, 2.8421709430404007E-14,0.0,28.118400455750873, 111.48624434082383,111.48624434082383,1.3486991523486091E-6, 178.74152607032136, 24.661486660739925, -30.140741308098175, 24.661486660739925, 208.5176362665799, 29.040783392308118, -30.140741308098175, 29.040783392308118, 181.3135216870157, 6.945218500360613, 4.936934170416758, 37.0, 0.0
11, 0 ,1.0,1.0,1.0,261.5406198156288,280.0310677453009,23.301629923549232,18.132714654556796,12.092838457376908,14.387390824506836,81.0,57.0,64.0,0.9440495785702018,0.23381671405674515,0.23259436241906278,18.65148450242552,-0.2516026055140136,0.05462493563638214,0.9662878687561386,14.134435020995262,-0.21322880222892915,0.9707450028892384,-0.11039754193635311,11.591763020780723,90.90819769949167,73.39298187343633,58.664127614594804,24.779717433475373,8.245889967381853,116938.0,391408.4501308454, 0.0, 0.0,0.0,NaN, 49.20211516441961,49.20211516441961,0.0, 328.79534074357883, 46.2297707178995, 30.979102241043915, 46.2297707178995, 146.23674195621393, 15.064300556598486, 30.979102241043915, 15.064300556598486, 206.99701473710348, 6.10798936134686, 4.651282396349041, 23.0, 0.0
12, 0 ,1.0,1.0,1.0,136.2818632288626,22.273895473858076,250.01979992312727,14.415641456568768,12.34011465241769,12.768077462872279,65.0,53.0,65.0,-0.9077275766321263,-0.24392631432545908,0.3413657859264231,14.650488609820659,-0.4184365312799016,0.5858307241444827,-0.6940556403767598,13.269992641523432,-0.03068413127352736,-0.7728533598477447,-0.6338423843985511,11.505799803772614,69.44916491282832,68.19842130411027,62.49559469112614,21.977898291903266,6.331266619546967,96263.0,295999.3480289427, 0.0, 0.0,0.0,NaN, 146.85670929322566,146.85670929322566,0.0, 207.8107186043441, 7.497848541057401, -12.793651052992502, 7.497848541057401, 152.27842963481376, -24.62123603848999, -12.793651052992502, -24.62123603848999, 163.023802097907, 6.79484945749836, 4.750098027453935, 27.0, 0.0
13, 0 ,1.0,1.0,1.0,144.8677450631451,151.54814123884682,58.481645577388036,11.983103805920921,11.945225384212044,13.165096079984993,55.0,58.0,63.0,0.14640742365852077,-0.206523661737385,0.9674258852440618,13.272382427178218,0.738309864316855,0.6736980420003211,0.032085704875551437,12.3237572686873,-0.6583793819296755,0.7095624886840597,0.2511128513286056,11.470475691423797,62.90537330997073,62.704467567633145,64.16720232641428,20.640385130610944,5.794604624855709,81479.0,253104.1890669537, 0.0, 0.0,0.0,NaN, 215.51037283333022,215.51037283333022,0.0, 143.59477682347648, 8.750681402444908, 6.795815028926447, 8.750681402444908, 142.68840947962377, -8.468909225411524, 6.795815028926447, -8.468909225411524, 173.31975479523624, 5.798652692284157, 4.504559799171199, 28.0, 0.0
14, 0 ,1.0,1.0,1.0,29.54656229825694,11.206794706262105,72.71726920593932,15.928073111238826,7.255061387946632,13.469421841974764,72.0,30.0,60.0,-0.9995575565093077,-0.023307755947069794,0.018478088046505817,15.932436780883018,-0.017428574071386985,-0.04445507384844716,-0.9988593450606382,13.477814712089206,-0.024102614608808675,0.9987394529715146,-0.04402918403943329,7.229849399999144,72.58359122566117,59.79920122042703,30.839544881216217,20.8962123833053,7.149339939373596,61960.0,133857.2181466923, 0.0, 0.0,0.0,NaN, 79.28677589612364,79.28677589612364,0.0, 253.70351303696927, 4.7963508275085776, -1.4706636807480988, 4.7963508275085776, 52.635915742874104, 5.658257418726628, -1.4706636807480988, 5.658257418726628, 181.42532475706685, 6.159070198134963, 4.471756448712423, 22.0, 0.0
15, 0 ,1.0,1.0,1.0,217.96665191643208,28.592573413800572,269.2010394207865,12.447132561687793,13.52965542110379,14.862741903900478,60.0,62.0,63.0,-0.19727529319026574,-0.35041189138514073,0.9155839475834986,15.19499821404447,0.09355964458608611,-0.9364041979387691,-0.33822148214975295,13.28027659026445,-0.9758734813497187,-0.01893896667029895,-0.21751382470969827,12.313816008258783,71.57394127391382,63.27079585331745,61.62161786344902,22.72606906217289,6.5122627945506055,106213.0,279055.9753326081, 0.0, 0.0,0.0,NaN, 92.17147837039036,92.17147837039036,0.0, 154.9311090082285, 3.311825247678549, -15.098461754884807, 3.311825247678549, 183.0515758138032, -17.59434551424814, -15.098461754884807, -17.59434551424814, 220.90109690195922, 6.1911577500101505, 4.645463748959174, 28.0, 0.0
16, 0 ,1.0,1.0,1.0,160.06886973074072,260.16746533272834,281.24787790922875,14.60087774460761,15.336496845377619,10.928420910068319,66.0,77.0,47.0,-0.6397530798453691,0.7684099191570805,0.016192373802940238,16.850997389965265,-0.7434399704246545,-0.6240335696018475,0.24058078556893253,12.939603225173226,0.19496924681434652,0.14187424061818,0.9704940456518325,10.790491431225195,85.32737513460677,72.45100309058927,54.547846615440676,22.639758760803186,7.434075143651466,90359.0,337217.7289741391, 0.0, 0.0,0.0,NaN, 146.69353809680575,146.69353809680575,0.0, 213.1856309129778, -58.692417321634, -10.856854815005947, -58.692417321634, 235.20813548827763, -5.57208345070729, -10.856854815005947, -5.57208345070729, 119.43038358761846, 6.520631442953638, 4.827110510544312, 25.0, 0.0
17, 0 ,1.0,1.0,1.0,39.913559816996006,83.99714786333107,38.019672929037284,12.471006543065457,12.478645699918337,15.8394650226874,62.0,62.0,76.0,0.0768894301378265,-0.029856006812569336,0.9965925117069104,15.861565477578885,0.693186385314223,0.7200516749251518,-0.031909569920083335,12.836585763111465,-0.7166454149355048,0.693277869468434,0.0760601403971042,12.073278819482761,77.09968345160631,70.61699658567449,68.30822949035078,22.71356986017569,6.798896904136202,102730.0,371907.4399288208, 0.0, 0.0,0.0,NaN, 100.46944130465836,100.46944130465836,0.0, 155.52600419718144, 9.247461043768864, 7.688539819038646, 9.247461043768864, 155.7165985040904, -3.585624801243958, 7.688539819038646, -3.585624801243958, 250.88865220493756, 5.890168589426958, 4.429078300174509, 33.0, 0.0
18, 0 ,1.0,1.0,1.0,188.15862440099428,281.78299976936677,59.38037823847475,13.61378581662814,10.895016868484703,12.991751117520378,66.0,49.0,68.0,-0.9321636900570502,-0.051783830151867556,0.3583145125082513,13.717612030538556,-0.3617893338034707,0.09663138449393358,-0.9272382937933623,12.906937547689148,-0.013391522888161778,0.9939722382771001,0.10881110535762302,10.865552781375625,73.47733591369396,71.48664281909123,53.10897105918315,20.825175296847124,6.255735590701095,78046.0,278962.73421477334, 0.0, 0.0,7.105427357601002E-15,69.00327950648085, 127.9311600550276,127.9311600550276,1.3486991523486091E-6, 185.33516426102548, 1.6878310593142676, -7.138457865775418, 1.6878310593142676, 118.70139256456623, -5.6491289003053256, -7.138457865775418, -5.6491289003053256, 168.785597099592, 6.194535102679475, 4.668816411115348, 30.0, 0.0
19, 0 ,1.0,1.0,1.0,275.4491123437524,204.8744765995581,209.4920195917863,15.560583046366519,16.024323614281762,14.036421868104231,68.0,89.0,72.0,0.6346482421643757,0.6083300917405966,-0.47660896781381035,16.698628369321828,-0.6052280206200393,0.7747449590803676,0.18294614353931954,15.731793527014458,-0.480542039549109,-0.17235065379173176,-0.859868943713834,13.022991741691232,106.10951593079639,89.01819949390719,72.68070277565675,25.103371855745337,8.108794754443261,129442.0,686518.5193993124, 0.0, 0.0,0.0,NaN, 133.57883741256063,133.57883741256063,0.0, 242.13174474286913, 5.654278961707089, -41.669002850303876, 5.654278961707089, 256.7789472952281, -20.634258321662724, -41.669002850303876, -20.634258321662724, 197.02113885939468, 6.12605233084145, 4.870887497547789, 39.0, 0.0
20, 0 ,1.0,1.0,1.0,281.9997220788502,103.08919945474517,166.48493270337872,10.965617586332776,13.981829178240517,12.619015129217138,44.0,68.0,59.0,-0.34721573513087606,0.8554099091679034,0.3843372484874255,14.781901000945258,0.02087282328663559,-0.40268415707896327,0.9151009752402463,12.235922073902342,-0.9375529630509255,-0.3257596613071734,-0.12196345575403073,10.332157221521681,76.65633191138029,67.51012897826467,52.72906123314948,20.794038542193857,6.5256279511127655,75561.0,272877.0497967628, 0.0, 0.0,0.0,NaN, 169.63981326528327,169.63981326528327,0.0, 120.24476904969067, -33.55252215840771, -14.092307095103624, -33.55252215840771, 195.4915471694979, 20.907750738862937, -14.092307095103624, 20.907750738862937, 159.239542831411, 6.128585717496277, 4.545691708688421, 26.0, 0.0
21, 0 ,1.0,1.0,1.0,272.98613770891365,209.282338091922,9.630222841225626,15.439582419713076,12.946361031667994,6.23589066626401,63.0,63.0,24.0,-0.8681781566064692,0.49129891634697037,-0.06994328550823106,16.509987660935966,0.4939112972088089,0.8691315270228374,-0.025729734247817337,11.602699589302052,-0.04814892398491502,0.0568837721256609,0.9972190920694662,6.137831158899326,84.03327227600931,65.3845536984677,26.94000683945135,19.690529062891564,7.560315263427636,45952.0,148021.27499589426, 0.0, 0.0,0.0,NaN, 95.14296679167506,95.14296679167506,0.0, 238.3807052951131, -58.57797594523545, 13.032239117989603, -58.57797594523545, 167.60826396229157, -10.240153010577396, 13.032239117989603, -10.240153010577396, 38.886332401598594, 6.85459980473615, 4.835001442861943, 14.0, 0.0
22, 0 ,1.0,1.0,1.0,51.81531383164872,187.12629433682608,45.82136607859687,14.17371803926645,11.836212821909609,14.516301347090401,79.0,58.0,79.0,-0.2989725844838929,0.21465558154693445,0.9298055576505065,14.812943821586051,0.9191600422176964,0.326619984037909,0.2201458671368585,14.305053900202646,0.2564375372627508,-0.9204576944856422,0.29495325416884577,11.298466713343716,79.41433671134322,79.8054835190348,61.879664200479894,22.44961501107847,6.908545988558537,97154.0,392174.7193135002, 0.0, 0.0,0.0,NaN, 132.381636819152,132.381636819152,0.0, 200.8942830566272, 17.221083015477245, -9.933551150253582, 17.221083015477245, 140.09593396553743, 23.85089484957465, -9.933551150253582, 23.85089484957465, 210.72300479953861, 5.626728435472955, 4.275584312385614, 36.0, 0.0
23, 0 ,1.0,1.0,1.0,90.236324250126,268.32061469828096,38.00909393130221,11.277913747063735,14.283390529373863,14.119124610412284,58.0,60.0,72.0,-0.1564681382548425,-0.701962607969362,0.6948138014777163,15.648693359896846,0.28404522873439075,-0.7057406728873359,-0.6490365249088516,12.850033428824233,-0.9459577314786805,-0.09580500845666876,-0.30981505872104814,10.97958561473,77.74721373613505,64.714266022354,55.19923079364354,22.069538820619965,6.594825206955451,93249.0,277726.86359700153, 0.0, 0.0,0.0,NaN, 102.91194725952475,102.91194725952475,0.0, 127.19133848620919, 4.720775706913573, -21.73383524717789, 4.720775706913573, 204.01524501460693, -40.223733029460156, -21.73383524717789, -40.223733029460156, 199.34967976434984, 5.867440644685809, 4.263712325965056, 28.0, 0.0
24, 0 ,1.0,1.0,1.0,69.37240756445982,60.88882402828412,160.9533664489553,12.784074353864657,13.551100551898971,12.648977658012194,59.0,64.0,62.0,-0.5974465569242524,0.788649715616671,-0.1452213402950844,14.2201321760755,-0.3863498925724018,-0.44177422300762664,-0.8096723389095754,13.117000952529658,-0.702702904596708,-0.4276297018961057,0.568631221379549,11.523612539129667,72.51825373481971,71.38132767739518,62.38554438783078,21.623368028087643,6.284224229575534,90793.0,322935.6033615917, 0.0, 0.0,0.0,NaN, 166.8950152782143,166.8950152782143,0.0, 163.43255708514005, -26.007114183300867, 18.304723641997935, -26.007114183300867, 183.63232616767658, 6.093325266658993, 18.304723641997935, 6.093325266658993, 159.99663579289165, 6.134013581476563, 4.412487851076106, 35.0, 0.0
25, 0 ,1.0,1.0,1.0,123.18173657480847,168.613998844087,272.30491508958323,12.44654986427244,11.694681535601033,13.280126801953909,64.0,58.0,62.0,-0.5405030614539296,0.09339711943368777,0.836141984737293,13.797279792591606,-0.6393830139266464,0.6003589488243525,-0.48037328617294783,12.172553019217931,0.5468508042062367,0.794258214089101,0.2647793180952472,11.380156894269701,75.31914638360979,63.87463386232061,58.69285864462219,20.774163544428696,6.039708324763488,81321.0,282370.3391784463, 0.0, 0.0,0.0,NaN, 182.21701142736995,182.21701142736995,0.0, 154.9166035238203, -10.236141819662349, -21.77130556816731, -10.236141819662349, 136.76557621912772, -0.6298461078685356, -21.77130556816731, -0.6298461078685356, 176.36176787597455, 5.676136925006437, 4.257609319822819, 28.0, 0.0
26, 0 ,1.0,1.0,1.0,273.60779877798956,206.73256497497195,287.3229420881059,16.13628999314185,13.650670644912001,7.548613765626589,69.0,77.0,33.0,0.970564937897073,0.19370735905464373,-0.14311240467871922,16.357914349172763,0.20052000549828822,-0.9790754931246646,0.03468293755812533,13.553746624313044,0.1333995079444321,0.062358943310240056,0.9890985458837827,7.23994642040188,80.26684861839436,68.56996745628464,39.61810328874134,20.974487005589268,7.985807938686519,56137.0,218053.88842820426, 0.0, -2.8421709430404007E-14,0.0,78.83077900394356, 97.75515597037547,97.75515597037547,0.0, 260.37985474276985, 14.677269591427327, -28.97327580822248, 14.677269591427327, 186.34080905586222, -10.422923747818706, -28.97327580822248, -10.422923747818706, 56.98156978260724, 5.315958675503622, 4.218773781710707, 14.0, 0.0
27, 0 ,1.0,1.0,1.0,12.451868253528923,248.9608450964111,80.47771934680321,7.650762532454549,11.911545406988536,13.691467922280312,30.0,54.0,60.0,-0.04398225121722424,0.15506253037435658,0.9869251102549609,13.741610450013297,0.02596854744424653,-0.9873698231722011,0.1562896888234549,11.86666324345117,-0.9986947462170316,-0.03250298390606924,-0.03939999893021464,7.630584570280378,59.722427155409804,51.95951565371914,31.77910800249048,18.831388481737445,5.766644000403982,54195.0,98615.28779096826, 0.0, 0.0,0.0,NaN, 96.10779191896258,96.10779191896258,0.0, 58.53416732801035, -3.008435013673079, -5.334032089378302, -3.008435013673079, 141.88491398274968, 7.242083595422316, -5.334032089378302, 7.242083595422316, 187.45629386683078, 7.838868249363428, 5.064102356987935, 25.0, 0.0
28, 0 ,1.0,1.0,1.0,63.00506236112107,38.63118235251953,30.91858110529711,12.379447404742727,14.996825865145325,15.709789874716076,62.0,73.0,68.0,-0.3898475942124989,0.40738708056346656,0.8258659817892386,16.586722883932524,0.011647673376929783,-0.8945700341670588,0.4467759904865663,14.779648853222646,-0.9208057259767838,-0.18379396225209244,-0.3440008640222361,11.4627922310002,85.07161240052962,78.74183522892307,62.975664168410745,23.85450870318062,7.477661166034795,111608.0,421854.75952636177, -7.105427357601002E-15, 0.0,-3.552713678800501E-15,87.63718063586003, 80.11220125952855,80.11220125952855,NaN, 153.25071804679146, -23.732999588104352, -45.8206132026758, -23.732999588104352, 224.90478602949185, 13.566998369628356, -45.8206132026758, 13.566998369628356, 246.79749790773175, 5.741573079849591, 4.0891588854416066, 27.0, 0.0
29, 0 ,1.0,1.0,1.0,133.98148193780494,141.23107535360504,174.36080035483712,12.640867174890458,12.141099746818895,12.856830550119216,61.0,61.0,62.0,-0.3865100058172031,0.5339565545494138,0.7519976151936291,13.606350219171219,-0.916996819492715,-0.13529559470385252,-0.3752491640150268,12.47452656816601,-0.09862478615151052,-0.834616977965013,0.5419295633651287,11.478211463607359,76.01317528905147,62.80473709361519,64.97965412357065,20.857718048163733,6.1197643429520845,81164.0,310212.05586964445, 0.0, 0.0,0.0,NaN, 231.69476177778193,231.69476177778193,0.0, 159.79152293322306, -8.05648678901389, -7.304318627306016, -8.05648678901389, 147.40630306220584, 22.64685315343016, -7.304318627306016, 22.64685315343016, 165.2980917944788, 5.228676263889759, 4.050495565135414, 30.0, 0.0
30, 0 ,1.0,1.0,1.0,239.29215847744533,92.72161222435722,181.11711959008144,12.974022934766808,12.287547676671801,14.175812617477384,66.0,67.0,72.0,-0.048237702926660075,0.2663219352731455,0.9626763479013731,14.304371237714,0.8564741999646958,-0.48487454025695537,0.1770554291893929,13.41502182536183,-0.5139309961572596,-0.8330482020885541,0.20470863241650084,11.648386811180973,77.94582406880045,71.39460356447933,61.08034657812445,21.751261160676506,6.866250818635949,87432.0,339906.70531601954, 0.0, 0.0,0.0,NaN, 162.52962391629003,162.52962391629003,NaN, 168.32527111185513, -19.273365159883706, 3.5135224767934616, -19.273365159883706, 150.98382790648256, 13.871187789626923, 3.5135224767934616, 13.871187789626923, 200.953663365831, 5.4255776993213845, 4.203094676047893, 38.0, 0.0
31, 0 ,1.0,1.0,1.0,274.02988895774706,64.30136847131493,238.49068890898192,14.643826349628483,13.743162784733395,11.903171746284606,63.0,65.0,58.0,-0.9651900613099017,-0.1841527499402083,-0.18573074661468122,14.79996404076547,-0.14133841365232727,0.9647378850731354,-0.22204563929709953,13.775982956406278,-0.22007180277089453,0.18806535511378245,0.9571832759879871,11.66983414981359,69.19363932185553,64.64574209542015,59.326957329485225,22.3861501295008,6.622835758680206,98431.0,265373.8799550842, 0.0, 0.0,-2.8421709430404007E-14,79.29626050929178, 92.69578202767589,92.69578202767589,0.0, 214.4416501580735, 7.419048612300886, 16.534774544907304, 7.419048612300886, 188.87452332768095, -8.646562523961355, 16.534774544907304, -8.646562523961355, 141.68549762154814, 5.410130748406064, 4.093932230572808, 27.0, 0.0
32, 0 ,1.0,1.0,1.0,130.14597391993468,276.3925338008213,58.25081049926755,13.442151563899897,12.331884144606647,12.398602972212997,65.0,54.0,62.0,0.8313996554089765,0.12032446093041393,-0.5424911401005926,13.991826422767277,-0.40723641133055233,0.7961661487771254,-0.4475242661890117,12.906047497560484,-0.378064965677129,-0.5929936657698848,-0.7109327634061792,11.142481421626446,70.82092991805483,66.31684610166579,67.48352735457286,21.13683371467164,6.302889924771979,83282.0,316944.5321676297, 0.0, 0.0,0.0,NaN, 144.52834985474394,144.52834985474394,0.0, 180.69143866685644, -6.586549715623824, -24.57152930092468, -6.586549715623824, 152.07536655600083, -19.786007132771925, -24.57152930092468, -19.786007132771925, 153.72535566256897, 6.060435145847169, 4.303845643797089, 23.0, 0.0
33, 0 ,1.0,1.0,1.0,35.80228030080564,174.92010009831085,208.38385914737688,11.27736971168759,13.154604777727082,12.539487455222181,58.0,72.0,64.0,0.120234839027182,0.9733034215103544,-0.19550967536249075,13.21119959290586,-0.08655066372190223,-0.18591132652616832,-0.978747138580021,12.516886278639417,-0.9889654018687437,0.13460099682216156,0.061887038716315776,11.236245071907957,73.01473643448499,64.90606345482786,54.99561165774905,20.545399284991056,5.945419104842858,78323.0,260629.65459959893, 0.0, 0.0,0.0,NaN, 159.12354288062377,159.12354288062377,0.0, 127.17906761408867, 6.139737626526586, 1.441868196523158, 6.139737626526586, 173.04362685820018, -3.652615572127353, 1.441868196523158, -3.652615572127353, 157.23874563967445, 5.872098860027153, 4.261605205156821, 39.0, 0.0
34, 0 ,1.0,1.0,1.0,51.68028921722729,20.54314339215177,164.45110233314654,12.086293522414762,11.2368310438355,12.767237841591177,59.0,44.0,60.0,-0.5101568585107688,-0.09300867120492246,0.8550376405721087,13.224164778443978,-0.7301859514067494,0.5721733763730155,-0.3734248301038962,11.96539531468568,-0.45449802648927295,-0.8148417112854488,-0.35981179728680107,10.830420397994148,66.3835242922175,60.128265178199285,57.74152298425503,20.05097215597518,5.771112606919395,73163.0,230476.79905407716, 0.0, 0.0,0.0,NaN, 146.5140835984919,146.5140835984919,0.0, 146.07849110996503, -8.077284049508252, -18.06212519067448, -8.077284049508252, 126.2663719077052, -10.107197688921636, -18.06212519067448, -10.107197688921636, 163.00236210375775, 5.579816330367711, 4.0697812356422425, 20.0, 0.0
35, 0 ,1.0,1.0,1.0,103.35868185921169,228.02632095341505,155.20292774819796,12.097792538477467,11.980788467122357,13.16508753848148,57.0,72.0,71.0,-0.5687763920546547,0.5166368004592095,0.6399842437533602,13.574888028096677,0.44046328690884584,-0.4657991990629725,0.7674784681264673,12.877990181200763,-0.694611768347431,-0.7184131976540825,-0.03737604459665252,10.634622250526233,69.98867392565326,76.4500815914425,60.30682386405746,20.60062188736672,6.231354936736401,76441.0,322680.0939140459, 0.0, 0.0,0.0,NaN, 191.90992606915395,191.90992606915395,0.0, 146.35658430404106, -31.739062386686747, -8.079890019755101, -31.739062386686747, 143.53929229393208, 4.678977373014588, -8.079890019755101, 4.678977373014588, 173.31952989588035, 5.5344688744271044, 4.10328422197937, 27.0, 0.0
36, 0 ,1.0,1.0,1.0,186.58828841452973,65.49116415214785,60.21009855668177,11.736945887828194,11.138103740710447,11.42999110341263,59.0,59.0,55.0,-0.41048376610161247,0.49478027553108395,0.7659605451408198,11.971076023930111,0.8768326381203358,0.44477380489199303,0.18259459797275346,11.78010023472428,0.2503349805639812,-0.7465713237375816,0.6164119207792358,10.506213762619804,57.627884798853174,56.97693323546841,52.855690015633655,19.069170313276985,5.368863371327093,64227.0,173549.55158618558, 0.0, 0.0,-7.105427357601002E-15,40.00747778300747, 144.14078144284773,144.14078144284773,0.0, 137.75589877380713, 4.384695745951818, -5.807033862171, 4.384695745951818, 124.05735493882806, 14.784081942655382, -5.807033862171, 14.784081942655382, 130.6446966240919, 5.36333419616784, 4.019936203253128, 30.0, 0.0
37, 0 ,1.0,1.0,1.0,90.12381150669721,155.0728190714137,106.16026441807203,10.925806482584889,11.158607831545583,12.187745123494839,53.0,62.0,57.0,-0.5278081430831316,0.6501472258253436,0.5465593735787049,13.233434726599434,0.48348953571186415,-0.2990838654164525,0.8226704749197455,11.805169902831768,-0.6983240171670043,-0.6984679135072439,0.15648048072706874,8.828537598634535,72.8528901241749,58.286783501987124,48.03147411230222,18.949882908700115,5.77328718971703,57636.0,203958.9608712436, 0.0, 0.0,0.0,NaN, 200.9880367427794,200.9880367427794,2.6973983046972182E-6, 119.373247294894, -42.229277480977565, -3.6049976904601704, -42.229277480977565, 124.5145287382304, 19.420611601037127, -3.6049976904601704, 19.420611601037127, 148.54113119527224, 6.847005810732605, 4.49320837880666, 21.0, 0.0
38, 0 ,1.0,1.0,1.0,81.58153557185828,207.22950551918444,189.6660995494821,13.267971995658762,12.404154508313075,10.245227679574041,66.0,62.0,49.0,-0.9357642939416785,-0.35261086300263783,0.0032810785370803934,13.40528716590402,-0.35213939877400463,0.9339434942410778,-0.06121595703611618,12.262626739935554,0.018521069486237066,-0.05843910383724318,-0.9981191517688586,10.236849202106344,65.57334264129169,62.298113160643894,49.28274591994082,20.058661562265524,5.70236060596693,73471.0,201324.72458015633, 0.0, 0.0,0.0,NaN, 165.63659372584974,165.63659372584974,0.0, 176.03908087758515, 9.726982716817878, 0.7525313477265837, 9.726982716817878, 153.8630490661036, -2.6925150141330834, 0.7525313477265837, -2.6925150141330834, 104.96469020631008, 5.761661025640374, 4.1586801004686835, 23.0, 0.0
39, 0 ,1.0,1.0,1.0,22.03247257451172,11.662392736974137,264.15097457542754,13.126526307399693,7.267824659623387,13.19551179164294,48.0,32.0,71.0,0.3463547417744451,0.12553949230817488,0.9296656542657493,13.292427666042963,-0.9378200673152121,0.021972240398332444,0.3464256658978506,13.106539331606841,-0.023063264973737493,0.9918452785202361,-0.12534364477654053,7.125902968560018,72.03798664638549,61.2468768652568,33.711456644190605,18.959519172672472,6.307545668966065,50227.0,148738.37509353258, 0.0, 0.0,0.0,NaN, 43.664560870226104,43.664560870226104,NaN, 172.30569289885622, 2.9813374767753533, 1.2303096037487944, 2.9813374767753533, 52.8212752830298, 15.615984945856953, 1.2303096037487944, 15.615984945856953, 174.12153144338785, 6.168443862400194, 4.1872413531744455, 16.0, 0.0
40, 0 ,1.0,1.0,1.0,285.88188026288765,77.26943417539536,282.6598634216472,10.039979042385449,11.823950017287181,10.344964597619928,44.0,60.0,46.0,-0.5266607731643594,0.7465584574535166,0.40654507697738085,12.28220184674934,0.4126443424716998,0.6426413835460647,-0.6455514687304935,11.408519252205389,-0.7432045994448753,-0.17222810966455154,-0.6465171317183773,8.162013965720728,68.2715513428943,66.67771771190152,46.0700451258183,17.627453961943843,6.074383304371774,38952.0,209719.65530430235, 0.0, 0.0,0.0,NaN, 80.43983527614367,80.43983527614367,0.0, 100.80117917153902, -16.270803382599226, -34.960334986572356, -16.270803382599226, 139.80579401130552, -0.7925207077990332, -34.960334986572356, -0.7925207077990332, 107.01829252600965, 5.63602956259785, 4.330872138876168, 13.0, 0.0
41, 0 ,1.0,1.0,1.0,120.38381272739754,234.63405871719183,74.53526235097596,11.47690506540473,12.703975553911324,14.0689963552942,57.0,63.0,71.0,-0.14620358602431852,0.11367560339088409,0.9827015664113641,14.127053142083344,-0.2782540317048674,0.9485445416678984,-0.1511222892627788,12.812090401419345,-0.9493151243257513,-0.29553529343507284,-0.1070499185456434,11.283780938434695,69.28458081900989,66.49597035709974,56.70455134220819,21.305091660427376,6.094265545646042,87402.0,261246.11470942487, 0.0, 0.0,0.0,NaN, 155.9502291768161,155.9502291768161,0.0, 131.71934988031276, -10.920483898845784, -8.83192502260615, -10.920483898845784, 161.39099487437653, 2.792119528541821, -8.83192502260615, 2.792119528541821, 197.9366584452815, 5.942113424276098, 4.304086940079744, 37.0, 0.0
42, 0 ,1.0,1.0,1.0,22.603543913713406,187.11345264904588,121.92481924854806,12.393189956092181,13.113998589480646,12.259129839129894,50.0,62.0,57.0,-0.3792304536917872,-0.7575822199841933,0.5312752986508437,13.662331654058976,-0.7432309482526975,0.5914074086517879,0.312801909442979,12.507667941128005,-0.5511733126269069,-0.27623623396578345,-0.787338251637937,11.521862573139218,71.40785891910762,66.7935139928398,61.85296481136726,20.982221737514397,5.966636545247753,84370.0,295012.7767193749, 0.0, 0.0,0.0,NaN, 167.6900543236524,167.6900543236524,0.0, 153.5911572877841, 5.0747881670965524, -16.367935533428106, 5.0747881670965524, 171.97695900490038, -17.3141326282697, -16.367935533428106, -17.3141326282697, 150.28626441264495, 5.940891535398773, 4.282474115413992, 22.0, 0.0
43, 0 ,1.0,1.0,1.0,213.6633260761885,133.11361463409014,201.62968978585664,13.068401409612656,13.384217573512073,13.73872070285506,74.0,63.0,64.0,0.4907954074923971,0.524528409531589,0.6956937656603179,16.089666479521064,0.6658234269898892,-0.7408040490864755,0.08881736839449085,12.54392441763894,0.5619599915081248,0.41961805067387753,-0.712826528331293,11.065506531165731,79.16887190079677,66.52531311563104,59.980222725175366,22.188599402645263,6.807268068606949,86811.0,315899.8778871151, 0.0, 0.0,0.0,NaN, 186.68147630872863,186.68147630872863,0.0, 170.78311540276604, 17.9059982595585, 48.64791263055662, 17.9059982595585, 179.13728005510941, 47.488939991961125, 48.64791263055662, 47.488939991961125, 188.75244655105826, 5.216143975675836, 3.8397013702484593, 35.0, 0.0
44, 0 ,1.0,1.0,1.0,123.20907534460565,89.3654132143616,212.70591984403706,14.639445948920125,12.464591531019561,11.755442403240018,72.0,69.0,64.0,0.9291653119973505,0.12381701168029821,0.34831188696257176,15.072422049551983,0.18911523661382526,-0.9688161021786998,-0.16009618184006652,12.47729804558024,0.3176275338527241,0.21462690366734463,-0.9236059993096654,11.180741158990788,72.23015355676779,62.437179862021864,60.97418219639988,21.475943783635376,6.83035024172141,80019.0,274984.2380877949, 0.0, 0.0,-2.8421709430404007E-14,69.61590270768448, 175.46198949208912,175.46198949208912,0.0, 214.31337769135385, 6.134151100660197, 32.13717943250049, 6.134151100660197, 155.36604203516458, 9.163884874346852, 32.13717943250049, 9.163884874346852, 138.19042609589346, 5.5336651068921165, 4.164528728775927, 38.0, 0.0
45, 0 ,1.0,1.0,1.0,106.77969319330047,211.08732661747146,279.5876328117824,11.436873379845869,12.314234571505462,11.333993658758251,55.0,64.0,45.0,0.3627247657222369,-0.9097245564030546,0.20206923518688838,12.474026404742217,0.6243894721809624,0.39821778730197704,0.6719824260394741,11.557528081402747,-0.6917864781573345,-0.11757476495227691,0.7124658892081002,11.032863089281967,65.22925400378122,64.7633585963062,55.774751004651804,19.43291839733429,5.767455297439945,65318.0,235618.51518384105, 0.0, 0.0,0.0,NaN, 140.44226963670945,140.44226963670945,0.0, 130.80207270662706, -8.231794757564169, 7.456061670007469, -8.231794757564169, 151.64037308206034, -3.055924210147377, 7.456061670007469, -3.055924210147377, 128.45941225677225, 5.359268561769836, 4.000326302941718, 28.0, 0.0
46, 0 ,1.0,1.0,1.0,277.99634799093036,229.32210162435416,45.2305319109393,12.72890895814292,15.685740690302325,15.216195567760664,55.0,83.0,80.0,-0.47227183980512744,-0.10962761504813526,-0.8746091100291249,16.102101273163612,-0.003824184031132708,0.9924812174460742,-0.12233727409606251,15.691324775810726,-0.8814446579017743,0.05443178332203514,0.4691401667101282,11.580364985320962,90.14065182512874,81.1831617793126,68.58211347101576,24.033493358950338,7.873461042623971,107612.0,501877.2621465712, 0.0, 0.0,0.0,NaN, 86.74864285670901,86.74864285670901,0.0, 162.02512326469108, 6.05518516465068, 51.75548822660068, 6.05518516465068, 246.04246100340603, -1.610719037811594, 51.75548822660068, -1.610719037811594, 231.53260755633926, 5.140258924253857, 3.8771368823752135, 22.0, 0.0
47, 0 ,1.0,1.0,1.0,224.71911979154217,228.14130668642872,165.34687193708015,14.672744583940394,13.063647386298829,11.608778451559301,77.0,69.0,57.0,-0.9786492367479807,0.1976306708851888,-0.05646051131600859,14.757596818066864,-0.16744059883107282,-0.9258966260329295,-0.33864300341794873,13.17182936674176,-0.11920284088765082,-0.32195893499995826,0.9392194242550594,11.376655971124125,77.78405755409105,71.52109429693888,59.47630899416038,21.767385426802534,6.847845316411435,83662.0,330878.6566245505, 0.0, 2.8421709430404007E-14,0.0,78.60155879851708, 170.18327657799742,170.18327657799742,0.0, 215.28943362555216, -10.257386079410251, 7.381058827776711, -10.257386079410251, 170.65888303355223, 12.831766870979061, 7.381058827776711, 12.831766870979061, 134.76373713738758, 4.9542127787284596, 3.8676982653460823, 43.0, 0.0
48, 0 ,1.0,1.0,1.0,198.79321620028628,175.24624603553286,191.70930983187853,12.798088515253912,10.543724006641892,12.473757934446523,66.0,50.0,59.0,0.7650799273248479,0.17960182944971217,0.6183816682785171,13.643380432026266,-0.5920655038320907,-0.18140425904870416,0.7852075738115644,11.693184513893295,-0.2532017850976931,0.9668690074965208,0.0324527096870914,10.377062633073342,70.92374040344959,61.96728184626926,50.49274799267408,19.928817882268078,5.779103770921301,71258.0,221913.17404436495, 0.0, 0.0,0.0,NaN, 193.73483370936904,193.73483370936904,0.0, 163.7910696442741, 13.900704978157904, 23.615715854679156, 13.900704978157904, 111.17011592823656, 4.576310595021229, 23.615715854679156, 4.576310595021229, 155.5946370071676, 5.710586137606857, 4.2093344488589475, 32.0, 0.0
49, 0 ,1.0,1.0,1.0,236.16076385265575,272.6652092246687,94.31117604090576,13.170386334436694,13.396053184502225,14.250125717487887,67.0,60.0,73.0,-0.6330096973977812,-0.5058041640809817,0.5860553477263978,15.603374145427596,-0.20506155990872482,-0.6204393641491409,-0.7569707735850906,13.809240416585853,-0.7464907766665106,0.5993472641236876,-0.28902314325894485,11.037164240839772,84.3611068529483,74.86878118527508,61.994845556904465,22.522060575462824,6.9811308195535835,95830.0,391560.2659394165, 0.0, 0.0,0.0,NaN, 117.12060785714118,117.12060785714118,0.0, 173.45907619831684, 47.711570350462324, -34.43684627033492, 47.711570350462324, 179.45424092201222, -3.7115364612296324, -34.43684627033492, -3.7115364612296324, 203.06608296420967, 5.137073866642804, 3.942683934601807, 30.0, 0.0
