// Sample: .//bubblelabels.tif, Map: .//bubblelabels.tif, Thickness:(8.191250068658265):/afs/psi.ch/project/tipl/test/LabelValidation/SmallStep0500//distmap.tif, Neighbors:(1.0):
//LACUNA_NUMBER, TRIANGLES, SCALE_X, SCALE_Y, SCALE_Z, POS_X, POS_Y, POS_Z , STD_X, STD_Y, STD_Z,PROJ_X, PROJ_Y, PROJ_Z, PCA1_X, PCA1_Y, PCA1_Z, PCA1_S, PCA2_X, PCA2_Y, PCA2_Z, PCA2_S, PCA3_X, PCA3_Y, PCA3_Z, PCA3_S,PROJ_PCA1, PROJ_PCA2, PROJ_PCA3,OBJ_RADIUS, OBJ_RADIUS_STD, VOLUME, VOLUME_BOX, Mask_Grad_X,Mask_Grad_Y,Mask_Grad_Z,Mask_Angle, Mask_Distance_Mean,Mask_Distance_COV, Mask_Distance_STD, SHAPET_XX, SHAPET_XY, SHAPET_XZ, SHAPET_YX, SHAPET_YY, SHAPET_YZ, SHAPET_ZX, SHAPET_ZY, SHAPET_ZZ, Thickness, Thickness_STD, Neighbors, Neighbors_STD
1, 0 ,0.3333333432674408,0.3333333432674408,0.3333333432674408,19.663927911993355,283.31114244910395,76.20823299532121,13.430746190174364,11.337337221858238,32.18789431448646,58.0,55.0,147.0,0.11726471816788035,0.024044328142968075,0.9928095769870279,32.38032847595217,-0.8527289054659773,-0.509969225452163,0.11306990260240685,13.800796859392225,-0.5090210208388297,0.8598565341822288,0.039298103876922175,10.29723422783014,147.45651039484227,76.37588489087159,50.638274907073054,33.416972313716286,15.10915815960286,167351.0,570294.4027473923, 0.0, 0.0,0.0,NaN, 80.45422800295418,80.45422800295418,0.0, 180.3849432248832, 39.372536008882, 101.58131376641231, 39.372536008882, 128.53521528213227, 17.62934376211492, 101.58131376641231, 17.62934376211492, 1036.06054040055, 4.752905588707716, 4.805177199354722, 10.0, 0.0
2, 0 ,0.3333333432674408,0.3333333432674408,0.3333333432674408,210.57892919251594,189.42430633497372,16.98477616481045,35.507392395163905,24.487324471854137,10.743174133760395,159.0,136.0,51.0,-0.8825948322382547,0.4631721396869389,0.0806097458385168,38.92372270496368,0.4695843702970311,0.8602154758784522,0.1987960116097627,19.110994715222315,0.02273502318160278,0.2133094092557361,-0.9767201311757124,9.77412178889483,162.79199412045855,116.35943064904478,54.0494846945298,40.56756146117739,18.16845403593378,243237.0,1023826.0805778159, 0.0, 0.0,0.0,NaN, 143.21869485240927,143.21869485240927,0.0, 1260.7749147041434, -471.34915553625285, -75.81641454712843, -471.34915553625285, 599.6290597898665, 99.1196948094174, -75.81641454712843, 99.1196948094174, 115.4157904682984, 2.676594359714185, 3.2081071606004365, 23.0, 0.0
3, 0 ,0.3333333432674408,0.3333333432674408,0.3333333432674408,50.88492056089295,135.33872151229673,275.01322015981094,25.437885950202254,24.723504091837874,14.89374107688728,107.0,113.0,70.0,-0.8408089930497052,0.5269115646909754,0.12411462525281956,26.585280975272262,-0.4787946090947135,-0.8308416204107529,0.28365106045117183,24.34828929129669,0.2525786204503075,0.17907094903457044,0.9508615228850508,13.436698385880907,126.31534495144899,120.34130693077608,69.93328096809819,36.50614774009258,12.143409596914116,321630.0,1063052.5658662033, 7.105427357601002E-15, 0.0,0.0,32.77435386197331, 146.73167295391093,146.73167295391093,0.0, 647.0860416154973, -69.1260296012974, -110.90980220198563, -69.1260296012974, 611.2516545791241, -62.750795149307415, -110.90980220198563, -62.750795149307415, 221.8235232653595, 3.0111361339345923, 3.263983176095257, 21.0, 0.0
4, 0 ,0.3333333432674408,0.3333333432674408,0.3333333432674408,23.23294943982325,91.76521215818501,150.02388273798238,14.933708842274305,22.312053240863435,18.07986653801231,58.0,101.0,81.0,-0.10377675914442042,-0.9915147154303068,-0.07828763214352184,22.41326383764514,0.2188378398555904,0.05402097915116007,-0.9742647143661158,18.194689804995793,0.9702269755623272,-0.1182383309113775,0.2113748163676828,14.639802617705413,103.22169303905925,86.72585073287907,67.61686238728926,30.9002514488011,9.638434211128217,242602.0,605305.4179680116, 0.0, 0.0,0.0,NaN, 177.35123301263104,177.35123301263104,0.0, 223.01565978582175, 31.01712599274637, -22.545938240634563, 31.01712599274637, 497.8277198231245, 16.214682322303386, -22.545938240634563, 16.214682322303386, 326.88157403233726, 2.5660144807097582, 3.278197134393451, 18.0, 0.0
5, 0 ,0.3333333432674408,0.3333333432674408,0.3333333432674408,277.89711782468777,83.12548024441074,212.1790124331911,13.692971559610363,22.476871731494853,19.207110641042004,65.0,113.0,95.0,0.10334505317268913,0.9861998941491423,0.1293428342234495,22.61621300211964,0.07848793393601562,0.12154786042307769,-0.9894775196299446,19.16444235631846,-0.9915439698829246,0.11240945870696432,-0.06484342204123393,13.522255387238523,111.69539728111788,99.58277911787074,74.79181533589846,30.727494627676858,10.837038619924797,211611.0,831904.7305674693, 0.0, 0.0,0.0,NaN, 122.92643622723818,122.92643622723818,0.0, 187.49747013229828, 35.25421093611081, -9.929846370542919, 35.25421093611081, 505.2097628340724, 19.74031918407673, -9.929846370542919, 19.74031918407673, 368.913099177229, 2.9555355400643735, 3.2995960326946103, 15.0, 0.0
6, 0 ,0.3333333432674408,0.3333333432674408,0.3333333432674408,95.63362917151922,180.7276816192121,280.4846893699048,14.828161263232028,15.174181667818598,11.575016253893168,74.0,82.0,49.0,-0.6569441048384181,-0.7528500181130845,0.040512878756979426,16.08231105642534,0.720886301321702,-0.6429719684825722,-0.2586696509302227,14.006315984344079,0.2207880967913942,-0.14072632295620782,0.9651159092784968,11.370731755052297,80.11422200034085,69.40249933707014,56.125247427981435,23.01771728919331,7.368571626109447,99604.0,312063.5170350065, 1.4210854715202004E-14, 0.0,0.0,48.93277281939133, 154.11853979788674,154.11853979788674,1.9073486328125E-6, 219.87436644841486, 32.9715027272827, -15.914368052622471, 32.9715027272827, 230.255789287962, 7.178755014550542, -15.914368052622471, 7.178755014550542, 133.981001277891, 2.7399832269248727, 3.077324416418482, 11.0, 0.0
7, 0 ,0.3333333432674408,0.3333333432674408,0.3333333432674408,240.83431725603637,226.47192868528248,286.88727197591356,14.135741061486991,18.82338095842907,7.690056992857762,74.0,86.0,34.0,-0.4900355734918225,-0.8694421671602759,0.06273320234281204,20.678841548610784,-0.8707071123173553,0.4916449606610914,0.012424057973398885,11.313315680821535,-0.04164446268729308,-0.04853401508424032,-0.9979529989469893,7.5940913301386095,105.76710265412484,59.51800809097913,37.21096777765189,22.881836740673673,9.470869547724293,67756.0,234244.8011796098, 0.0, 0.0,0.0,NaN, 95.28325625237208,95.28325625237208,0.0, 199.81917535740936, 127.51468314866456, -12.133353279390752, 127.51468314866456, 354.31967070615013, -19.748294006461737, -12.133353279390752, -19.748294006461737, 59.136976553400565, 3.181824915923024, 3.357434796933887, 9.0, 0.0
8, 0 ,0.3333333432674408,0.3333333432674408,0.3333333432674408,216.59276453930767,261.9624357072682,289.9652096858084,20.025704928874255,12.192977379572557,5.793711178832096,95.0,68.0,24.0,-0.955406247860273,-0.2950528159360122,0.01194727407337954,20.682343960975935,0.2927060370831797,-0.9516010460826894,-0.09369431652662692,11.080850098386723,0.039013810434445864,-0.08601909615057184,0.995529325380636,5.720144567910485,101.2449993203179,59.732868503208806,26.54331283923966,22.27018946412412,9.343623800905483,51911.0,160524.77819719707, 0.0, 0.0,0.0,NaN, 92.2188713939228,92.2188713939228,0.0, 401.02885789833863, 86.27302288246497, -6.979204161777105, 86.27302288246497, 148.66869737876806, 6.637632850211498, -6.979204161777105, 6.637632850211498, 33.56708922372399, 3.5753665507259997, 3.403604179089523, 7.0, 0.0
9, 0 ,0.3333333432674408,0.3333333432674408,0.3333333432674408,140.29383259054552,12.792304847906895,11.963762333845825,19.10737745220367,8.851895893093944,8.238212052216843,93.0,37.0,36.0,-0.9968416289993868,0.03455620669645143,0.07150269416323332,19.157946021362516,-0.006618031085999593,0.8610868883567862,-0.508414764109553,9.178632060174069,-0.07913891810224283,-0.5072822087150104,-0.8581385624494606,7.748670180550364,93.02683848029235,49.661349644121444,39.5950886806903,20.83700068073438,8.782680368289007,51383.0,182922.90924015144, 0.0, 0.0,1.7763568394002505E-15,85.89969843503954, 141.38293438547151,141.38293438547151,0.0, 365.0918731009813, -10.712671868005117, -21.799483948317647, -10.712671868005117, 78.35606090217343, -9.838345919335184, -21.799483948317647, -9.838345919335184, 67.86813781729084, 3.9467344063186465, 4.043193321165885, 4.0, 0.0
10, 0 ,0.3333333432674408,0.3333333432674408,0.3333333432674408,115.81962291458859,85.16450546656496,118.20116763480608,15.116630795122743,15.039719585808063,12.327933557162586,77.0,71.0,61.0,-0.7195416083704879,-0.6929808343043048,0.04513797858257279,17.849042124682487,0.42759170897999066,-0.4933207952689372,-0.7574958239929737,13.952341383301777,0.5471975915838648,-0.5257491381278079,0.6512776977009767,9.665790332958906,89.39254563033829,66.58830758255422,51.61632839393603,23.44183645350277,7.560683917010935,102258.0,307246.10825699486, 0.0, 0.0,-1.4210854715202004E-14,87.41290531667634, 186.11473362867756,186.11473362867756,0.0, 228.51252659605325, 90.91598020038364, -40.104553804846965, 90.91598020038364, 226.19316521973866, 30.789365702901687, -40.104553804846965, 30.789365702901687, 151.97794578981538, 2.45259176771345, 2.5529301544170986, 16.0, 0.0
11, 0 ,0.3333333432674408,0.3333333432674408,0.3333333432674408,271.93017054015496,285.09596383855353,118.66290651626065,14.85004281674359,9.45286017947401,16.42813139714555,64.0,43.0,82.0,-0.5786920891892026,-0.012745818392653223,0.815446509602768,17.886027180150773,-0.8149025759132194,-0.030676630728488575,-0.5787855700491744,13.061827990619909,-0.032392247218054296,0.9994480919190599,-0.0073657232852595445,9.446825905458855,89.355017367325,72.41533022395924,43.697854805918695,22.624412874028177,8.240132313208528,74997.0,282754.5331756269, 0.0, 0.0,0.0,NaN, 122.84515050539562,122.84515050539562,NaN, 220.5237716591179, 3.7354769207101914, -70.47230367313895, 3.7354769207101914, 89.35656557268541, -0.9527306185248694, -70.47230367313895, -0.9527306185248694, 269.8835012018793, 2.34965966179412, 2.683736520907342, 7.0, 0.0
12, 0 ,0.3333333432674408,0.3333333432674408,0.3333333432674408,101.11268921926685,284.9345740952522,160.9678250390428,24.996574159590658,9.806308662997948,19.09930411670302,122.0,43.0,102.0,0.9911789868207208,0.041556215506612454,0.12584632310011,25.10006161404312,0.12595318150050655,4.715378733937542E-5,-0.9920361857545422,18.987431489005427,-0.04123120365633051,0.9991361662602795,-0.005187399711018719,9.759107514203174,126.3305175791116,101.34581289049694,45.932305794543254,30.64114144843353,12.120077466292688,162642.0,588074.4802757297, 0.0, 0.0,0.0,NaN, 172.57082213751463,172.57082213751463,1.9073486328125E-6, 624.8287197159154, 22.028683402701486, 33.55849474726317, 22.028683402701486, 96.1636895939886, 2.7842908119701115, 33.55849474726317, 2.7842908119701115, 364.783417742309, 3.5038570131333686, 3.814835006530517, 17.0, 0.0
13, 0 ,0.3333333432674408,0.3333333432674408,0.3333333432674408,255.1894224502239,87.11314467127809,165.33954964993796,12.70381833806514,17.86194691789938,10.81037593853653,68.0,86.0,47.0,0.16435696668691682,0.9749213657875468,0.15005038497925044,18.092044684800783,-0.9022808183015713,0.21006046455448132,-0.3765155058642377,12.936286853265617,-0.39859266479267164,-0.07350463769110757,0.914177748477492,10.130684950688366,89.54240338546934,68.5076619538251,54.56073856068191,23.168493408203876,7.779542993704605,95126.0,334694.15926568204, 0.0, 0.0,0.0,NaN, 166.52364613875426,166.52364613875426,1.9073486328125E-6, 161.38700036656013, 23.73744555818829, 27.527044707627827, 23.73744555818829, 319.04914769785523, 27.750976884528967, 27.527044707627827, 27.750976884528967, 116.86422793248957, 2.7928562818450167, 2.9875741784609975, 12.0, 0.0
14, 0 ,0.3333333432674408,0.3333333432674408,0.3333333432674408,18.74496158332998,142.91420612253108,193.28239269479866,10.937923088425377,15.157067854497464,14.241352006556047,41.0,69.0,64.0,0.02815853045628252,0.7835407389742467,0.6207020279733533,16.596617132226815,-0.05061778599888061,-0.6190339414568087,0.7837313436790825,12.542964467557614,-0.9983210590301672,0.05348728533155708,-0.022230011352819053,10.927823046730293,69.85596413639783,50.46574037443689,42.2245618212441,22.5352767261489,6.659750542227795,99436.0,148855.63907564344, 0.0, 0.0,0.0,NaN, 179.3446168842014,179.3446168842014,0.0, 119.63816148830894, 4.630388061339866, 1.2232438829005194, 4.630388061339866, 229.73670594584036, 57.49303161912467, 1.2232438829005194, 57.49303161912467, 202.81610697463796, 2.077983198735014, 2.51591725683724, 5.0, 0.0
15, 0 ,0.3333333432674408,0.3333333432674408,0.3333333432674408,283.53789037514946,142.6171287670217,254.36917971393345,10.456015346793535,16.60238293949764,15.548980810244222,45.0,66.0,75.0,0.11082304347826458,-0.8362691757279721,0.5370029038668902,17.494949921348113,0.15604519952396823,-0.5189875683597065,-0.8404176340329872,14.715813740367128,-0.9815131933599974,-0.17693436527519718,-0.07298000852920929,10.2034177434716,80.8394855450062,69.8047795009204,47.238247461118476,23.87599598694461,7.528279755088933,107877.0,266564.6020265889, 0.0, 0.0,0.0,NaN, 150.6413563103743,150.6413563103743,0.0, 109.32825693238193, -27.824008026133484, -2.72713388470874, -27.824008026133484, 275.63911926972236, -41.65266711417059, -2.72713388470874, -41.65266711417059, 241.77080423734307, 2.5501221263881177, 2.953402761366917, 6.0, 0.0
16, 0 ,0.3333333432674408,0.3333333432674408,0.3333333432674408,23.365776460951956,62.246877875640855,286.430534629036,14.575036145917922,22.697118375909973,7.3673576085294945,58.0,103.0,29.0,-0.1665723095881368,0.9860110442610449,-0.005990515313270654,22.892513866979254,-0.9859952449369944,-0.1666139422495329,-0.007291859139198869,14.267041324749146,0.008187957016896136,-0.004691997795599388,-0.9999554702668393,7.365674446030347,103.58196733519834,65.69872366963206,29.520163492614472,26.112155573542932,10.001207460106366,98891.0,200890.70661022625, 0.0, 7.105427357601002E-15,0.0,9.594842693504663, 67.85840924558956,67.85840924558956,0.0, 212.43167865481396, -52.63694437833239, 1.5422000121194877, -52.63694437833239, 515.1591825700702, -2.5936745753738455, 1.5422000121194877, -2.5936745753738455, 54.27795813195743, 3.4735875230367794, 4.043135613275815, 7.0, 0.0
17, 0 ,0.3333333432674408,0.3333333432674408,0.3333333432674408,261.0094419641136,16.306966002760493,73.45991117074186,23.20207703315953,10.939105637387504,26.197439842704974,95.0,45.0,119.0,-0.5342943359325264,-0.04548735722753646,0.8440737307385386,27.993536213899215,-0.8389044360113881,-0.09405340212098103,-0.5360907617091384,21.102264836319183,-0.10377335800115405,0.9945274545641883,-0.012092654267809422,10.740698959085389,129.01530657806768,105.50197894029253,48.73254677229623,34.61902070665508,12.075995628635962,259374.0,663316.7328390452, 0.0, 0.0,0.0,NaN, 84.74986315846355,84.74986315846355,0.0, 538.3363786526689, 42.274623671837965, -152.9965197840098, 42.274623671837965, 119.66403214592309, -9.022117357574, -152.9965197840098, -9.022117357574, 686.3058543121459, 3.8898378616269835, 3.830855500770292, 9.0, 0.0
18, 0 ,0.3333333432674408,0.3333333432674408,0.3333333432674408,276.6634128909703,69.1461252484217,272.41238942491555,14.000887373883897,18.636089130875614,14.33002350307811,54.0,86.0,60.0,0.04393646763393665,0.9859505878743487,0.1611552825137246,18.74809855918877,0.11481754191435883,-0.16522559354857613,0.9795496083942173,14.19650464323068,-0.9924144894551855,0.024534496260307955,0.12046385189199475,13.987361984254449,88.49832205500965,63.58751807535796,58.01172773452046,26.24021881817079,7.754299151012546,159507.0,326454.53841225256, 0.0, 0.0,0.0,NaN, 78.0183260010766,78.0183260010766,0.0, 196.02484725618154, 6.639252022401907, 1.7664200533198098, 6.639252022401907, 347.30381809394027, 23.808378486737887, 1.7664200533198098, 23.808378486737887, 205.349573598771, 2.760728354279741, 3.15503873601948, 10.0, 0.0
19, 0 ,0.3333333432674408,0.3333333432674408,0.3333333432674408,162.96214700737224,18.753818880419843,101.08622547794577,18.32448962334269,10.4048539248504,18.64004495604176,84.0,47.0,88.0,0.6839327319869393,0.1552050283046669,0.7128445954805501,21.68587920755162,-0.7158753318157718,-0.04548921513208469,0.6967447456596467,14.90495071824926,-0.14056502913079177,0.9868343987192658,-0.0799958879558513,9.953103445597659,92.10846017329195,67.88696056396105,50.28374008081987,26.561989260624753,9.271456608051997,128048.0,314422.38651101437, 0.0, 0.0,0.0,NaN, 171.31696896923768,171.31696896923768,0.0, 335.7869199559939, 43.41267930864505, 119.5836321917682, 43.41267930864505, 108.26098519747477, 37.16856245893145, 119.5836321917682, 37.16856245893145, 347.4512759632578, 2.6559445219584332, 2.9958524445065007, 11.0, 0.0
20, 0 ,0.3333333432674408,0.3333333432674408,0.3333333432674408,82.62418478529793,272.847298781755,257.76174453472146,13.710121630621774,13.182816541090402,15.505834337097996,63.0,61.0,80.0,0.5169189318766931,0.05177758520069367,0.8544670265950833,16.563016849174943,-0.5374879595611771,0.7965154640895338,0.2768931360525157,14.11200104316287,-0.6662593422941411,-0.6023970427691521,0.43956375154095584,11.344729392265561,78.76629257374336,68.55693157218391,60.361348216571116,23.382955074457378,7.444622056085072,101047.0,325949.7912654504, 0.0, 0.0,0.0,NaN, 96.68554865972717,96.68554865972717,1.3486991523486091E-6, 187.96743512644306, -26.261252969042438, 53.83942372070372, -26.261252969042438, 173.78665195604668, 21.979798689429167, 53.83942372070372, 21.979798689429167, 240.43089848952727, 3.372100760439193, 3.3018005919172775, 10.0, 0.0
21, 0 ,0.3333333432674408,0.3333333432674408,0.3333333432674408,218.6254621677487,46.35088357739672,281.0751040787214,19.78873693806622,16.499366319067626,11.558339579796602,83.0,87.0,46.0,-0.8409920708283478,-0.5194505220298414,0.1513389968473842,21.68332305004138,0.5375043770496687,-0.8340936569511616,0.12400329062684651,14.240026471076591,0.0618173232702212,0.18563115739757588,0.9806730810759217,11.156771933997948,98.42196102991642,62.83237770466427,55.0805558714174,26.700054314947856,9.19377571813949,137396.0,340622.88506554486, 0.0, 7.105427357601002E-15,0.0,58.70459918356609, 95.54251148807587,95.54251148807587,0.0, 391.59410960398634, 115.91095424097375, -38.778837405084815, 115.91095424097375, 272.2290889307831, -35.275093653637356, -38.778837405084815, -35.275093653637356, 133.59521384189267, 3.0796600608144558, 3.2279012510684395, 10.0, 0.0
22, 0 ,0.3333333432674408,0.3333333432674408,0.3333333432674408,218.0703218286234,28.35407403195542,162.5785836128959,25.519755641178058,16.761075685452386,22.107480702036742,118.0,76.0,102.0,-0.9175550242147856,0.165122164879008,0.36170077163848247,26.464996590134334,-0.318580354946176,0.2389935276406078,-0.9172723974852108,21.52860958497336,0.237906147420727,0.9568786570989911,0.16668503414481955,16.03294152461739,122.46489047324921,107.09914970469092,82.69210063310396,36.04896458308127,11.01836837279247,351740.0,1084580.135099804, 0.0, 3.552713678800501E-15,0.0,80.49566865409629, 162.48406494580567,162.48406494580567,0.0, 651.2579279854393, -82.88696202075539, -86.81333731070247, -82.88696202075539, 280.93365813346315, -18.77466583361772, -86.81333731070247, -18.77466583361772, 488.74070299092693, 2.5013613304634936, 2.9103365174751596, 18.0, 0.0
23, 0 ,0.3333333432674408,0.3333333432674408,0.3333333432674408,17.00048687388019,274.89850627093557,271.3532367375555,10.42294045345522,14.80736157434792,16.153544452074193,40.0,59.0,64.0,0.017931037895342068,-0.3191313001478208,0.947540865158837,16.329379534897626,-0.2133298431330826,-0.9270915960299351,-0.3082069931060652,14.793799797969086,-0.9768156714082806,0.19661227285352562,0.08470394474025723,10.165013251233963,74.04612997637403,71.33985686182018,42.313268733277155,23.20184843159028,7.10681871250494,102696.0,223517.31656050342, 0.0, 0.0,0.0,NaN, 41.71017366055641,41.71017366055641,0.0, 108.63768769627332, 21.91432066182175, 10.37089407730693, 21.91432066182175, 219.25795679347533, -16.37585897682892, 10.37089407730693, -16.37585897682892, 260.93699836513696, 2.5848463222154034, 2.8656349676542354, 5.0, 0.0
24, 0 ,0.3333333432674408,0.3333333432674408,0.3333333432674408,50.434299631697755,10.632232386836165,281.9887331194804,17.234822812695608,7.010467645603284,10.388703631585296,78.0,28.0,41.0,-0.9966521069837948,0.06835915577162112,0.04485090263254088,17.278588317487703,0.05268297823678153,0.1174509148706419,0.9916802843659605,10.413227482370825,-0.06252264748765235,-0.9907231239949132,0.12065906568880062,6.864839131046795,78.49081505822382,43.862922566602776,30.975862438780588,19.970329797047913,7.436186182252841,50502.0,106644.8311579135, 0.0, 0.0,0.0,NaN, 54.59916372536175,54.59916372536175,NaN, 297.0391173850129, -16.750203020484047, -8.03573885211598, -16.750203020484047, 49.14665661005045, 7.911780528060447, -8.03573885211598, 7.911780528060447, 107.9251631449135, 3.0421550437252733, 3.307425780634987, 5.0, 0.0
25, 0 ,0.3333333432674408,0.3333333432674408,0.3333333432674408,82.9204332840965,280.2038732972263,11.420580994583949,8.8033741839242,11.144787744798336,7.607808438961653,38.0,43.0,30.0,-0.3201010449623822,-0.9443850282691866,-0.07531427085883842,11.462830069601308,0.825825045615441,-0.23918779076653923,-0.5106879622455162,8.834549786392888,0.4642718116020469,-0.2256681615319932,0.8564610708155533,7.080868379649193,49.47722724213588,39.80288683303796,33.53269557288102,15.403318545314654,4.724639450189318,30465.0,66037.16055479867, 0.0, 0.0,0.0,NaN, 86.01229306737741,86.01229306737741,0.0, 77.49939702218309, 19.05101555465219, -9.811997757069678, 19.05101555465219, 124.20629387660716, 9.188799325213877, -9.811997757069678, 9.188799325213877, 57.87874924393614, 2.8579450743882777, 2.630516141391786, 5.0, 0.0
26, 0 ,0.3333333432674408,0.3333333432674408,0.3333333432674408,46.74809063539851,282.2659958802092,18.801473617493265,12.942746041310704,10.238360084819025,11.87233072215858,65.0,42.0,47.0,0.8611874080597114,0.09950857840992738,0.4984518943912561,13.483137323260086,-0.49794273143384443,-0.031675389708927144,0.8666312398586784,11.290059948442119,-0.10202590068996609,0.9945324089790252,-0.022271126571825898,10.199533488120116,72.42245802942622,58.1457154916515,43.42504671473034,19.44828950730431,5.920723294723222,63110.0,182865.28787599615, -7.105427357601002E-15, 0.0,0.0,30.549832446266116, 53.416985036273694,53.416985036273694,0.0, 167.51467508986389, 7.033699928752395, 23.268274878322725, 7.033699928752395, 104.82401722641544, 3.2138276403599915, 23.268274878322725, 3.2138276403599915, 140.95223677631049, 3.387156794843196, 3.358018490059832, 5.0, 0.0
27, 0 ,0.3333333432674408,0.3333333432674408,0.3333333432674408,17.76149336025472,247.14604527452047,26.504805078822706,10.444413436572622,14.886829347373613,15.946623011928697,43.0,68.0,67.0,0.045205043387181856,-0.347257548698758,0.9366796138083144,16.103007977524797,0.1169681438542201,-0.929348746809582,-0.3501847514195304,14.779630944744632,-0.99210632362447,-0.12539179269469555,0.001393179510690063,10.356345337491234,77.4025393065206,68.58168397243483,46.74962237375058,23.108382610112518,7.141491348534278,103016.0,248165.53128883408, 0.0, 0.0,0.0,NaN, 61.737475400082545,61.737475400082545,0.0, 109.08577203405872, -14.473020381348988, 1.8841933368283483, -14.473020381348988, 221.61768801782426, -13.27412045129758, 1.8841933368283483, -13.27412045129758, 254.29478548457385, 2.2287633856359967, 2.7109991193988012, 6.0, 0.0
28, 0 ,0.3333333432674408,0.3333333432674408,0.3333333432674408,254.71318527571844,230.75736133669974,32.72746570606114,14.119310562454462,11.627233624504765,10.480090994047453,64.0,56.0,48.0,0.8545149874351002,-0.3960191571214497,0.3361145094184522,14.886617833741038,-0.5148518189616592,-0.7314513480423321,0.4471090806044162,11.837585554974657,0.06878764976840651,-0.5551105769482979,-0.828927322869422,9.090653302275113,78.55772817701249,58.04786950489438,47.732352593770486,20.033053512616426,6.56175027885206,62183.0,217664.71890328443, 0.0, 0.0,0.0,NaN, 88.97485941809167,88.97485941809167,0.0, 199.35493075903813, -25.379001665406253, 26.681108194645297, -25.379001665406253, 135.1925617588142, -37.29911708066477, 26.681108194645297, -37.29911708066477, 109.83230724351453, 2.8961581745897167, 3.0624232577057375, 6.0, 0.0
29, 0 ,0.3333333432674408,0.3333333432674408,0.3333333432674408,8.13489966935498,27.384702856842953,26.795175031927364,5.3089316384378415,17.529285257630757,15.94692452370442,22.0,68.0,66.0,0.006396399960343772,0.9677070156994103,-0.2519964639309215,17.637118323659532,-0.09052083195628578,0.2515273322698793,0.9636077937123276,15.886354329914928,0.9958740206720373,0.016647308711580742,0.08920651356920167,5.130380287205718,76.69749261623262,68.65040221065765,22.96806874822723,22.86559188066017,8.181057785935934,57161.0,120934.08742507714, 0.0, 0.0,0.0,NaN, 39.1673326661349,39.1673326661349,0.0, 28.184755141606303, -3.3843957196185515, -20.17701920314883, -3.3843957196185515, 307.275841643391, -14.648184932945185, -20.17701920314883, -14.648184932945185, 254.3044017647254, 3.3218846908189965, 3.280276618498545, 7.0, 0.0
30, 0 ,0.3333333432674408,0.3333333432674408,0.3333333432674408,114.82024994116547,261.2992927787399,37.38121156898123,21.99242256333073,20.7588617240051,21.5751891599239,118.0,93.0,94.0,-0.7166954191946369,-0.04649924166026119,0.695834388795527,26.542371072311287,-0.202682196327566,0.968594173876199,-0.1440321270582315,21.04536823422541,-0.6672837502871308,-0.24426040788082135,-0.7036115759029534,15.253877910634712,135.93653998259893,105.32351468763267,78.1560161088527,35.235384484708085,11.770873280358522,331438.0,1118984.2365498855, 0.0, 0.0,0.0,NaN, 126.80216683614812,126.80216683614812,NaN, 483.66665020409863, -25.5473733651955, -229.15850004997972, -25.5473733651955, 430.93034007636396, -44.59444615284827, -229.15850004997972, -44.59444615284827, 465.4887872864978, 3.510533241818364, 3.6555486065740674, 14.0, 0.0
32, 0 ,0.3333333432674408,0.3333333432674408,0.3333333432674408,39.88699576477123,206.6851072693189,63.09567451225439,12.39866394489011,12.366545487863977,12.028444615446356,54.0,61.0,59.0,0.7232213483201718,0.1301031878143465,0.6782507219712326,13.793160695702884,0.29281883932558217,-0.94721545307041,-0.1305374000071905,12.525596336632379,-0.6254662330373819,-0.2930120236187645,0.7231431015676392,10.207837636975125,66.0671165008128,61.7033640081745,51.69604112592622,20.33917762508965,6.136745743756232,72015.0,210742.18599540985, 0.0, 0.0,7.105427357601002E-15,47.29290094451144, 119.49772290145846,119.49772290145846,NaN, 153.72686761831798, -6.517539360442956, 40.19632853128802, -6.517539360442956, 152.93144730340887, 14.108430339712346, 40.19632853128802, 14.108430339712346, 144.68347986686044, 3.6866371793576613, 3.5683482479841317, 7.0, 0.0
33, 0 ,0.3333333432674408,0.3333333432674408,0.3333333432674408,200.46423003637622,210.73024671500335,61.47568731286036,12.320420266762733,9.036121480576927,9.294998250239804,56.0,42.0,44.0,-0.9456107862637863,0.26939924695197276,-0.18233015834823962,12.576513534086795,-0.31153782909378674,-0.588675669642242,0.7459256913492045,10.065142953105623,0.09361849146997915,0.7621581212012165,0.6405861193796796,7.769520197144901,59.42797793876018,49.08744894506391,36.75719109000812,17.04711164776734,5.407145633506112,40411.0,107226.89547837058, 2.8421709430404007E-14, 0.0,0.0,18.983765437144438, 147.15882061366278,147.15882061366278,0.0, 151.7927555496579, -17.406583068309704, 7.348397862234078, -17.406583068309704, 81.65149141174375, -22.781879503167808, 7.348397862234078, -22.781879503167808, 86.39699247196103, 2.3734156671131683, 2.561013253484462, 6.0, 0.0
34, 0 ,0.3333333432674408,0.3333333432674408,0.3333333432674408,255.29848792302153,211.90931108558914,71.3116092521735,18.080618591540063,15.11773600493063,18.093467155778136,83.0,74.0,83.0,-0.5671952645467564,0.5547532137309438,0.6087186572883444,21.464025716595028,0.7390750492722221,0.01672700540716804,0.6734153835734463,17.22954748763912,-0.3633973079413195,-0.8318467882640999,0.4194917370291144,11.192254361534046,100.29984431764159,90.2719051596934,59.2127083781898,28.17755068759649,9.42623474843154,168047.0,536127.1405347512, -2.8421709430404007E-14, 0.0,0.0,55.44512631239639, 121.8340685913363,121.8340685913363,0.0, 326.90876865274413, -103.4253634046027, -30.41256505673444, -103.4253634046027, 228.54594191477594, 115.20638229188211, -30.41256505673444, 115.20638229188211, 327.37355371722214, 2.397816223804224, 2.7778240006267207, 14.0, 0.0
35, 0 ,0.3333333432674408,0.3333333432674408,0.3333333432674408,122.69549971672255,212.05492519944264,167.72846708622353,9.598613489157676,13.243052635122144,11.800788444460814,43.0,59.0,54.0,0.24607960269503915,-0.8572542385811681,0.4522830967127494,14.097865399697232,0.17521432179894786,-0.4195999028774643,-0.8906378966458579,11.138701727291915,-0.9532810553944658,-0.29841429580341033,-0.046948242631309325,9.162420363867787,64.71011036301465,51.88667994846111,40.286224006296635,19.370087291444342,5.618732085054172,65307.0,135264.73509208797, 0.0, 0.0,0.0,NaN, 200.70944235828105,200.70944235828105,0.0, 92.1333809142397, -27.167022792103083, 6.516013543366474, -27.167022792103083, 175.37844309661554, -29.51680541807617, 6.516013543366474, -29.51680541807617, 139.2586079109199, 3.0164186587430533, 2.934916461895923, 8.0, 0.0
36, 0 ,0.3333333432674408,0.3333333432674408,0.3333333432674408,9.811776447105789,20.734863606121092,196.98466400532268,6.521235670885992,11.99111705894815,19.039786520041382,27.0,49.0,96.0,0.05388444647646449,0.08254021522618755,0.9951299308624674,19.106402232017395,0.09436405886807574,-0.9925387485716874,0.07721565241381416,11.962427705080486,0.9940784128135302,0.08974377668765236,-0.061271230801815776,6.377506634607777,97.35645132038482,53.47311870229268,30.1710995887939,21.882610893678983,8.365298213526225,60120.0,157069.32876757463, 0.0, 0.0,-2.8421709430404007E-14,5.656940421969695, 105.53845259387066,105.53845259387066,0.0, 42.52651467523587, -8.150586883452055, 18.14034361084825, -8.150586883452055, 143.78688832139733, 18.79420399608853, 18.14034361084825, 18.79420399608853, 362.51347072874955, 2.4590688196822, 3.2999295933228145, 7.0, 0.0
37, 0 ,0.3333333432674408,0.3333333432674408,0.3333333432674408,68.16578724812473,103.84562987204,225.35053868215914,12.670400913183885,14.718931328804992,15.129627512361044,54.0,75.0,76.0,0.394011418164741,0.6458320448582507,0.6539541055685937,17.377464389717822,-0.3021182443826773,-0.5809666888967064,0.7557792487251327,13.205919367598481,-0.8680320090681787,0.4953571198908997,0.033789865440016074,11.389427222922862,82.47197104464232,64.40172853612893,57.35950580629062,23.510889855222494,7.302717688715993,108784.0,304655.69365742663, 0.0, 0.0,0.0,NaN, 144.92422664869096,144.92422664869096,0.0, 160.539059300811, 51.675246959642664, 34.18335449024875, 51.675246959642664, 216.64693946207709, 53.13488744750565, 34.18335449024875, 53.13488744750565, 228.90562866279222, 2.684975755231786, 3.046464412176714, 8.0, 0.0
38, 0 ,0.3333333432674408,0.3333333432674408,0.3333333432674408,99.51630020335536,291.6518174885613,235.14314311133705,12.910766885168377,5.172459847663429,11.61509093601162,63.0,21.0,55.0,-0.946625988496631,0.06027513063894533,0.3166483010048122,13.073210937194744,-0.32024322738020944,-0.06415854244682555,-0.9451602809831814,11.473986995531975,-0.036653965950271074,-0.9961177591316989,0.08003684603080893,5.07851928308289,65.33710669337438,53.552561335698016,22.51549034355054,17.128605249525897,5.912990960298415,31472.0,78781.01204640543, 0.0, 0.0,0.0,NaN, 119.07811739729992,119.07811739729992,0.0, 166.68790156316032, -6.1050579045383815, -11.456467095072252, -6.1050579045383815, 26.75434087569038, 9.189138351996451, -11.456467095072252, 9.189138351996451, 134.9103374518193, 2.999611837026177, 2.9387508155371322, 6.0, 0.0
39, 0 ,0.3333333432674408,0.3333333432674408,0.3333333432674408,249.2945144495586,287.7069644608768,270.2349505772278,14.76421094870275,7.712202206069046,14.271627937446954,64.0,32.0,59.0,0.7577573987313331,0.03371696989098454,0.651664707199411,16.082209005217752,-0.6522238566393703,0.008230678610368006,0.7579817258747592,12.777228400139665,-0.020193204262557888,0.9993975294501097,-0.028227869750077544,7.697034475248523,78.72911917908192,64.10202910715856,33.58274025810809,20.831926496656912,6.868055782237086,66265.0,169481.89064170996, 0.0, 0.0,0.0,NaN, 60.06765481365359,60.06765481365359,0.0, 217.9819249377942, 4.535982518396244, 47.03965448630163, 4.535982518396244, 59.47806286729626, 5.030004833752485, 47.03965448630163, 5.030004833752485, 203.6793639849164, 2.6789098279814194, 3.0306080772128308, 4.0, 0.0
40, 0 ,0.3333333432674408,0.3333333432674408,0.3333333432674408,224.98681683604065,14.949627910698567,263.809254221013,11.373608591791209,9.642788977915384,12.365279649637246,54.0,40.0,59.0,-0.5563372671701206,-0.4263876794674034,0.7132197360954653,14.108489845485593,-0.7174455132723214,-0.1865634205436018,-0.6711676583391712,10.417064793166025,-0.419238333937985,0.8850918804923444,0.2021177440093479,8.226649856437128,70.86016075030234,47.457878870416494,42.04826382930736,18.404892774363976,6.041722804779305,49988.0,141402.9680011605, 0.0, 0.0,0.0,NaN, 84.6181960520154,84.6181960520154,0.0, 129.3589723992668, 36.62944716318222, -32.46276509298955, 36.62944716318222, 92.98337927260641, -34.837727011912534, -32.46276509298955, -34.837727011912534, 152.900140813733, 3.1030673104868733, 3.053590497223268, 6.0, 0.0
42, 0 ,0.3333333432674408,0.3333333432674408,0.3333333432674408,45.289931674616476,42.51157019466289,118.04542671135748,13.09391653433128,12.539535063653899,8.446323766577796,64.0,60.0,38.0,-0.9160913957778866,-0.38219728241384104,0.12125094596413838,13.328270179354112,0.3633715882003121,-0.9191708163480631,-0.1519411045860124,12.436693808683312,0.16952180824456312,-0.0951327897704546,0.9809241096231576,8.229024008088354,64.11333107602715,56.23788289745703,37.55523373224288,19.185122211728405,5.653499863938906,62056.0,135409.0758305273, 0.0, 0.0,0.0,NaN, 133.39090778225346,133.39090778225346,0.0, 171.45065020803406, 9.445256366147118, -17.011091874931378, 9.445256366147118, 157.23993961260558, 7.049888546171956, -17.011091874931378, 7.049888546171956, 71.34038516985694, 2.08592008331312, 2.303102588255732, 9.0, 0.0
43, 0 ,0.3333333432674408,0.3333333432674408,0.3333333432674408,280.6432740582386,182.66584394130794,101.26033103358922,12.273237625018641,16.500467266875205,18.960827373401205,52.0,74.0,96.0,-0.15755661570156973,0.3588374954272193,0.9200062851547204,19.56583650337562,-0.10598607065268058,-0.9324059010166795,0.3455230651879536,16.005178525202687,-0.9818059205750764,0.0430684063414712,-0.18493849436754103,11.975936656849793,92.5995550599131,72.38292762175405,56.52099968758375,26.694008644146784,8.357072395013686,154365.0,378839.17245223635, 0.0, 0.0,1.4210854715202004E-14,23.072999201766855, 156.19104218303312,156.19104218303312,0.0, 150.63236180017321, -2.393487108657641, -38.83031523534357, -2.393487108657641, 272.26542002522007, 42.71136200158526, -38.83031523534357, 42.71136200158526, 359.5129746839205, 2.3951033270923174, 2.6664340082239733, 8.0, 0.0
44, 0 ,0.3333333432674408,0.3333333432674408,0.3333333432674408,271.2274191549994,280.7467476149176,208.98581340602155,8.126859915146303,9.565555800779407,9.725318544645678,39.0,40.0,42.0,-0.39389673553579135,-0.14545984853242444,-0.9075719223285671,9.978145626565022,0.24236606169392932,0.9360167321489368,-0.25520848198326157,9.76326252855277,-0.8866250920615887,0.3204904204530154,0.3334394045769458,7.56590016499585,42.596093227856784,41.565215186364526,33.41917768152004,15.295180176868225,4.264386709739219,32284.0,59169.18147699443, 0.0, 0.0,-2.8421709430404007E-14,24.82806343089203, 97.37623579318162,97.37623579318162,0.0, 66.04585208041179, 11.06323191089316, 12.773855717166056, 11.06323191089316, 91.49985777782456, -3.5091992811413517, 12.773855717166056, -3.5091992811413517, 94.58182079482913, 2.078781076575977, 2.2457754639342555, 2.0, 0.0
45, 0 ,0.3333333432674408,0.3333333432674408,0.3333333432674408,124.05157021623435,119.43240159179173,233.0954116124083,13.547442879255073,14.888223869946973,11.80539924179575,59.0,66.0,52.0,-0.5479509951257917,0.8364923842485467,-0.0054952738636837185,15.816535918514163,0.7313189724951898,0.482224873737193,0.48231911803050975,12.722024849320809,0.4061062267550633,0.2602684426574432,-0.8759783503874023,11.512912103292742,73.43541808688067,62.82646356374107,57.27745354686623,22.45326678295458,6.356939562395792,104285.0,264260.2782611872, -1.4210854715202004E-14, 0.0,-2.8421709430404007E-14,78.16995584305977, 184.74066842579467,184.74066842579467,0.0, 183.53320856667895, -43.57602201429425, 10.690098061547394, -43.57602201429425, 221.65921000165883, 6.27477205889296, 10.690098061547394, 6.27477205889296, 139.36745125819164, 1.9158054753861502, 2.241474472500446, 12.0, 0.0
46, 0 ,0.3333333432674408,0.3333333432674408,0.3333333432674408,101.88998017192043,176.17409400706413,35.711232635978426,15.998839484623739,19.37238719983121,14.227575950474643,84.0,88.0,68.0,0.5363660220728571,0.8436068653493021,0.02527740297702092,21.36705833646484,-0.08795845301696653,0.02608694997514629,0.9957824971266847,14.229478422983245,-0.8393895406237805,0.5363272580957614,-0.08819450841679988,13.215405024342855,97.38430381229949,68.70383387847689,59.23277985949554,27.540953988252383,8.670180016499097,172987.0,396307.28125175036, 0.0, 0.0,0.0,NaN, 164.2854685928938,164.2854685928938,0.0, 255.96286485475557, 127.4927558553091, 1.3843825231255826, 127.4927558553091, 375.28938582018407, 6.734347193343277, 1.3843825231255826, 6.734347193343277, 202.42391742652444, 2.777224536079716, 2.8516764625655577, 13.0, 0.0
47, 0 ,0.3333333432674408,0.3333333432674408,0.3333333432674408,84.88782923139847,202.41687170930905,69.58400472625996,18.094572492230633,19.219036926397646,13.623573060809166,101.0,91.0,68.0,-0.5956764581439871,-0.8026970125830705,0.029104350246121034,20.47580010759561,0.785861305362762,-0.5899103901388023,-0.18554713778396775,16.767265082506235,0.1661070918009559,-0.08765407917775658,0.9822042539395403,13.490259767876442,99.8950694600565,80.13371943495534,64.24346924167195,27.936171731743936,10.097375202149875,154033.0,514266.6244044634, 0.0, 0.0,0.0,NaN, 146.86845880705866,146.86845880705866,0.0, 327.4135536765895, 67.48410866108806, -18.57160197061444, 67.48410866108806, 369.3713803782362, 5.309900401372406, -18.57160197061444, 5.309900401372406, 185.60174294320524, 3.1094658288919903, 3.381095643638681, 13.0, 0.0
48, 0 ,0.3333333432674408,0.3333333432674408,0.3333333432674408,161.6529576405715,63.36955050547247,82.76757874509148,20.681263414684334,15.032247823137212,19.86806488858631,98.0,70.0,96.0,0.7353752942541952,-0.16594223725468527,0.6570284244197246,24.644216477842104,0.4382946044199047,-0.6229910422864885,-0.6479043146693763,15.721723304434992,-0.5168375144442934,-0.7644248394222317,0.38540063380505807,13.92526997917425,109.8853677617904,71.2935510185865,65.01130010722915,30.835377594968428,9.879403931324198,239380.0,509306.2011011549, 0.0, 0.0,0.0,NaN, 173.2226202093481,173.2226202093481,0.0, 427.7146564275608, -64.99277129149343, 184.6268468721222, -64.99277129149343, 225.96847461621343, -23.577572556299664, 184.6268468721222, -23.577572556299664, 394.7400024170762, 2.2391891006586673, 2.5936703562501973, 15.0, 0.0
