// Sample: .//bubblelabels.tif, Map: .//bubblelabels.tif, Thickness:(8.191250068658265):/gpfs/home/mader/Foam/NewValid/InSilicoTest/LatticeData_OldFoam/out_Step_03500.vtk/distmap.tif, Neighbors:(1.0):
//LACUNA_NUMBER, TRIANGLES, SCALE_X, SCALE_Y, SCALE_Z, POS_X, POS_Y, POS_Z , STD_X, STD_Y, STD_Z,PROJ_X, PROJ_Y, PROJ_Z, PCA1_X, PCA1_Y, PCA1_Z, PCA1_S, PCA2_X, PCA2_Y, PCA2_Z, PCA2_S, PCA3_X, PCA3_Y, PCA3_Z, PCA3_S,PROJ_PCA1, PROJ_PCA2, PROJ_PCA3,OBJ_RADIUS, OBJ_RADIUS_STD, VOLUME, VOLUME_BOX, Mask_Grad_X,Mask_Grad_Y,Mask_Grad_Z,Mask_Angle, Mask_Distance_Mean,Mask_Distance_COV, Mask_Distance_STD, SHAPET_XX, SHAPET_XY, SHAPET_XZ, SHAPET_YX, SHAPET_YY, SHAPET_YZ, SHAPET_ZX, SHAPET_ZY, SHAPET_ZZ, Thickness, Thickness_STD, Neighbors, Neighbors_STD
1, 0 ,1.0,1.0,1.0,79.23654714636439,138.2127360349165,39.68364198466341,15.411390974382533,15.476677998074603,16.062830124570514,84.0,80.0,79.0,0.08644340334898944,-0.47063652508311277,0.8780824558520318,16.2977174172378,0.9920972830933866,-0.039790338432799915,-0.1189945790619231,15.405944207021335,0.09094239328368778,0.8814295151769621,0.4634776055849294,15.23464260526597,90.08107594679117,82.38424127142036,88.96274104167468,26.098512038771304,7.343072558158069,164965.0,660215.728978421, 0.0, 0.0,0.0,NaN, 164.18277085949816,164.18277085949816,NaN, 237.51097176527938, -1.570959813017975, 1.9247714513652083, -1.570959813017975, 239.52756185608652, -13.828064933833152, 1.9247714513652083, -13.828064933833152, 258.01451161080996, 7.064306951811541, 5.520502161446382, 53.0, 0.0
2, 0 ,1.0,1.0,1.0,58.67296511627907,262.4658430232558,12.990768077761627,14.602677273053112,18.146936672346776,8.129814298235045,83.0,79.0,33.0,-0.3435696877799368,-0.9391002399820533,-0.007113993565262913,18.63683557017644,-0.9356662827628509,0.3416439976418659,0.08836280991476518,14.009159801415498,-0.0805510827956096,0.03701510692858214,-0.9960629522874146,8.065678907785962,87.26830579286155,73.19802371668193,37.00215601711246,23.347223493079042,7.971858617606994,88064.0,236364.87048587875, 0.0, 0.0,1.7763568394002505E-15,89.5923947551021, 70.85259226549984,70.85259226549984,0.0, 213.2381835409419, 49.135018612255315, -10.157554498551873, 49.135018612255315, 329.3113105901643, 5.846608493571821, -10.157554498551873, 5.846608493571821, 66.09388052378698, 7.791998218360891, 5.5336087716790745, 23.0, 0.0
3, 0 ,1.0,1.0,1.0,77.84456443407083,14.78376052747631,258.318400361403,15.333810224111577,9.178149388280584,16.475664912585703,73.0,39.0,82.0,-0.5760981831630706,0.10482198464115094,0.8106313804017824,17.522779293851045,0.8039479011417741,-0.10639113080732665,0.5851057165463979,14.262158379425184,-0.14757593166212638,-0.9887837371343785,0.022979677383003123,8.964080581612858,94.83777025739418,88.8097399200733,40.576555512035206,23.06119311178702,7.680694549016221,92971.0,341756.75745793636, 0.0, 0.0,0.0,NaN, 89.53039447973109,89.53039447973109,NaN, 235.12573598906872, -24.21468927533796, -47.982271852269875, -24.21468927533796, 84.23842619359527, 11.602414955907294, -47.982271852269875, 11.602414955907294, 271.44753431180766, 7.053665679586349, 5.260828064322729, 34.0, 0.0
4, 0 ,1.0,1.0,1.0,153.99517489608755,176.5478108737561,14.222144218232875,15.768921925838336,15.347536665743116,8.863188352291584,78.0,67.0,38.0,-0.7523784825730166,-0.6575024830849316,0.04021322790170599,17.16384887190378,0.6521520809801137,-0.7520812297504557,-0.09524435484767355,13.81999242901374,0.09286701370471803,-0.04543466291491343,0.9946413470047257,8.784758923394635,81.73951229359102,68.16097298111164,40.991293563555345,22.60614702560118,7.191940269126333,89739.0,228380.7248171516, 0.0, 0.0,0.0,NaN, 191.7292918149185,191.7292918149185,0.0, 248.65889870318503, 51.73293887950974, -13.648144190970427, 51.73293887950974, 235.5468817063293, 2.4043101687301207, -13.648144190970427, 2.4043101687301207, 78.5561077681972, 8.11815709847879, 5.551751288587379, 23.0, 0.0
5, 0 ,1.0,1.0,1.0,16.970248621658172,163.80438988869238,12.945636117757203,10.30365096702861,14.090030821749956,8.128791328289385,41.0,73.0,35.0,-0.1043626343328773,0.9910423932175777,0.0833271588419901,14.161905163446,0.9922678318105165,0.09809870351809502,0.07603416549239972,10.262074444473699,0.06717879508564359,0.09061798504516061,-0.9936173258740995,8.056159786444606,73.34602061098704,46.934466720973425,38.37160906785457,18.282067693339716,6.044620841975449,48065.0,132092.58981268734, 0.0, 0.0,0.0,NaN, 137.85798143874584,137.85798143874584,0.0, 106.16522325034958, -10.097424788498277, 1.8689537012044182, -10.097424788498277, 198.52896855786375, 11.504127135736052, 1.8689537012044182, 11.504127135736052, 66.07724845887269, 7.605939607729739, 5.230674248503291, 17.0, 0.0
6, 0 ,1.0,1.0,1.0,280.4553229424846,206.1343985422769,209.11157263634314,12.769315332190853,14.22452495120595,15.058271920505288,51.0,77.0,76.0,0.42756358814259343,0.10774676904392766,-0.8975410920148585,15.64837029423334,-0.08014758316797904,-0.9844430839026024,-0.15635913618546668,14.247150772865128,0.9004253122869004,-0.13878922262527435,0.4122763741425275,12.012130508868408,84.16468693968099,73.85466165866177,61.436448016044324,23.211527674790336,7.305413087200855,102077.0,381886.16412932007, 0.0, 0.0,0.0,NaN, 132.11151262074554,132.11151262074554,0.0, 163.05541405292442, 9.264275248606989, -37.86275726159695, 9.264275248606989, 202.33711008748065, -0.6928658267581422, -37.86275726159695, -0.6928658267581422, 226.75155323187798, 7.0167058108759806, 5.028343892020689, 32.0, 0.0
7, 0 ,1.0,1.0,1.0,189.9017883404906,113.9094456536659,234.31534207894583,13.215151381312234,13.141044726137457,13.5233791545993,64.0,69.0,68.0,0.6287314672859307,-0.265360803856676,0.7309448582629332,14.094380873254265,0.15042328004593145,-0.8807167993384416,-0.4491222062905315,13.159290157105099,0.7629348457533608,0.392328386864359,-0.5138179229996807,12.585331805127579,67.63381215319711,67.89780684645854,61.85096619882867,22.185985659170527,6.163692611995185,101994.0,284031.234698898, 0.0, 0.0,0.0,NaN, 171.49767434561173,171.49767434561173,1.9073486328125E-6, 174.64022603099863, -8.674746385936867, 17.504400078484103, -8.674746385936867, 172.68705649434506, -1.9644145788851035, 17.504400078484103, -1.9644145788851035, 182.88178375905088, 6.470230309524276, 4.812041775157375, 36.0, 0.0
8, 0 ,1.0,1.0,1.0,121.75841568168283,186.55480413037114,114.65773031462285,12.527218771599966,12.677553155021313,14.69943576358352,63.0,67.0,78.0,-0.005302618463169505,-0.21014325211470794,0.977656225791095,14.790380117192013,-0.3381774145645522,-0.9196894626995185,-0.1995177397574127,12.577951290625213,-0.9410674356898495,0.3316792212215381,0.06618893936304586,12.520573997915054,77.49683465054098,66.20499069973386,66.4136882536308,22.194284410166293,6.4139469469513175,99071.0,340747.19723962725, -1.4210854715202004E-14, 0.0,-1.4210854715202004E-14,57.712527200879215, 202.09235358150667,202.09235358150667,0.0, 156.93121015152656, 0.5169694669106546, -0.22420165991873298, 0.5169694669106546, 160.72035399839086, -12.471582468565517, -0.22420165991873298, -12.471582468565517, 216.0734117677182, 6.300054695235179, 4.665815307363741, 35.0, 0.0
9, 0 ,1.0,1.0,1.0,260.1725237839141,141.07608070767577,126.26783561745452,14.33536401388124,13.306366446020435,13.439994943802803,74.0,68.0,64.0,-0.8972020880237135,-0.2812033537196407,0.34051884984933695,14.54839913545962,-0.44106191858399046,0.5318151845413509,-0.72293636889166,13.42115408954849,-0.02219903648580034,0.7988099169064413,0.6011737847170536,13.092448930420096,78.95175304665867,70.14831215652217,66.25283796199153,22.798568527120246,6.589445091198984,107846.0,366930.2270202663, 0.0, 0.0,0.0,NaN, 193.47417068202685,193.47417068202685,0.0, 205.50266141048127, 8.109076297247759, -9.51610954044061, 8.109076297247759, 177.0593879957785, -7.204241151653611, -9.51610954044061, -7.204241151653611, 180.63346408944494, 6.0825822988721825, 4.617191758604008, 38.0, 0.0
10, 0 ,1.0,1.0,1.0,22.135175818882466,132.2486552665382,191.08464796082208,13.299471234179649,13.687901615965215,13.312775801571933,58.0,65.0,63.0,0.6397238438003885,0.515182535950038,0.5703861484339743,14.087011246068265,-0.26540910141505764,0.8445258652125041,-0.46511726679744203,13.567786353143882,0.7213261485342867,-0.14616093061813384,-0.6769974666138223,12.606977152696954,76.40970375246906,75.61423184048196,63.396917553977616,22.322102245592156,6.571783368108219,99648.0,366285.9015207345, 0.0, 0.0,0.0,NaN, 172.7490281829642,172.7490281829642,0.0, 176.87593510877196, 7.3838272073672675, 17.520610468526606, 7.3838272073672675, 187.35865064834314, 1.730948868283827, 17.520610468526606, 1.730948868283827, 177.22999954291922, 6.388700900805125, 4.644205733181138, 35.0, 0.0
11, 0 ,1.0,1.0,1.0,47.17715688159931,248.58935685046293,213.65400148355724,13.287673508916262,14.540140094590049,13.258587946886522,63.0,71.0,65.0,-0.05265831752965337,0.8621426769324874,0.5039217262696964,15.08234847494614,-0.8015692045991759,-0.33745115879880505,0.49357220916861577,14.029229841018305,-0.5955786361457153,0.37793745519203104,-0.7088366300705549,11.809808217890595,71.15336417910112,67.48551252544263,64.61467865508781,22.84177488538353,6.482392743475168,109197.0,310268.13699794794, 0.0, 0.0,-2.8421709430404007E-14,59.740199720661884, 111.01517833288209,111.01517833288209,0.0, 176.56226727955502, 11.516643238621953, -25.023898629993514, 11.516643238621953, 211.41567397030514, 28.682638538825913, -25.023898629993514, 28.682638538825913, 175.79015434532454, 6.995724195029157, 4.915920873606229, 42.0, 0.0
12, 0 ,1.0,1.0,1.0,264.29999099937,281.59846189233247,25.308261578310482,15.773882171964523,11.124094148169497,14.118605983013722,74.0,51.0,63.0,-0.9469201851612362,-0.14929945620110766,0.284696040211772,15.99129276649896,-0.30454283188650455,0.13304503361573844,-0.9431610056489477,14.030005200692868,-0.10293603101323477,0.9798003324189274,0.1714511070567984,10.923981601073805,84.24101348946161,71.61253856996764,54.63341779886855,22.841126023024984,7.083701454480021,99993.0,329587.7203756303, 0.0, 0.0,0.0,NaN, 47.472258756975016,47.472258756975016,0.0, 248.8153587750202, 16.14136928200672, -14.505344599767835, 16.14136928200672, 123.74547061733885, -15.523056507647564, -14.505344599767835, -15.523056507647564, 199.33503490359087, 6.324327282896137, 4.723904368102991, 23.0, 0.0
13, 0 ,1.0,1.0,1.0,135.5919690483715,21.21620172187587,249.50145085758612,15.037474703770664,12.692135667090474,13.574162553470275,73.0,55.0,69.0,0.9115935520541718,0.17734142108584738,0.3708735852288635,15.443547124708248,0.2754672401281729,0.40614996153101596,-0.8712978872719264,13.359628963549987,0.3051474978914728,-0.8964330589149457,-0.32139193427179724,12.429441196192185,80.33101359749446,72.1754548058349,62.49013839517663,22.879760135944363,6.927511703912066,104421.0,362313.28821908263, 0.0, 0.0,2.8421709430404007E-14,68.23049636722794, 146.23752169469591,146.23752169469591,1.9073486328125E-6, 226.12564546654264, 16.26555680144649, 22.64570648326724, 16.26555680144649, 161.09030779183016, -2.963472429500443, 22.64570648326724, -2.963472429500443, 184.25788902803464, 6.866360907633866, 4.687255309780373, 31.0, 0.0
14, 0 ,1.0,1.0,1.0,144.40786338363782,151.83689556405997,58.68322622572027,12.280970102551077,11.701071122543766,13.459461272774893,61.0,59.0,67.0,0.3567287845694531,0.11689138506547103,0.9268662138394499,13.624692650857364,-0.7459051814366389,-0.5617098957339092,0.35792101550562266,12.513851852880078,-0.5624678075815323,0.8190350402345903,0.11318819860015143,11.254583590775422,69.72860631369751,65.48373797652883,60.15107968943813,20.835197468858738,5.898214667299533,83094.0,274655.23054559407, 0.0, 0.0,0.0,NaN, 215.05733552562612,215.05733552562612,3.814697265625E-6, 150.82222665975343, 14.999311291289906, 11.505918357331895, 14.999311291289906, 136.9150654148276, 0.3710708960597683, 11.505918357331895, 0.3710708960597683, 181.15709775332718, 5.72347442568192, 4.494311766601304, 31.0, 0.0
15, 0 ,1.0,1.0,1.0,34.22890698671239,10.95963994856408,72.12274324903558,15.155048282087611,7.484252927072154,13.36028641150786,75.0,31.0,63.0,0.9755901010915669,-3.7082197909537457E-4,0.21959921935928328,15.244924687978687,0.21944224993869793,-0.036194640926742835,-0.9749538691189579,13.263571508204768,0.008309849215775936,0.9993446905143615,-0.03522975939127459,7.473735706520057,78.00192369568812,65.73627506703659,32.01866492492991,20.350840735213612,7.073193386035883,58325.0,164177.4946243361, 0.0, 0.0,0.0,NaN, 80.58177135725845,80.58177135725845,0.0, 229.67548843240664, -1.0175079803391593, 12.136515300165005, -1.0175079803391593, 56.014041876388106, 4.22251071767237, 12.136515300165005, 4.22251071767237, 178.49725299752154, 6.291773267891904, 4.536306039156114, 26.0, 0.0
16, 0 ,1.0,1.0,1.0,218.74679378371243,29.607464825921316,269.66131039945685,12.585694399524222,13.92864769231216,14.410981093361006,68.0,64.0,65.0,-0.2862786126398471,-0.558281499086979,0.7786952701295937,15.063544023909602,-0.05286857112583947,-0.8022679788995543,-0.59461836855208,13.452766880985326,-0.9566867147254196,0.21139502787345962,-0.20015661882201816,12.336774733032062,76.22140589952,75.73160552266611,61.614452800556194,22.728666568292624,6.594772335370908,106044.0,355661.38465258287, 0.0, 3.552713678800501E-15,0.0,56.06296492484612, 91.64672160270014,91.64672160270014,0.0, 158.39970351821538, 13.161885991105752, -15.750831300820414, 13.161885991105752, 194.00722653655282, -18.75090805054704, -15.750831300820414, -18.75090805054704, 207.67637607320836, 6.224864222049457, 4.627513254737402, 36.0, 0.0
17, 0 ,1.0,1.0,1.0,161.9805979802,256.06085518133426,281.87758071737727,14.982382625120952,13.175312773072568,10.188213136687729,72.0,67.0,43.0,-0.9239932433970812,0.3792315876377746,-0.04919236825235554,15.316346996006628,-0.38198444458036185,-0.9092410557668373,0.16543453873553707,12.866155408828199,0.018010281929357826,0.17165111548061757,0.9849931595189303,10.086223396603488,75.24984004025869,63.53779091963125,46.74559373409261,21.400130150167257,6.625312993988058,80404.0,223500.43492377378, 0.0, 0.0,0.0,NaN, 145.97405886647815,145.97405886647815,0.0, 224.4717891255262, -24.39377476141889, 2.0067537177143664, -24.39377476141889, 173.58886666828917, -12.076215144148863, 2.0067537177143664, -12.076215144148863, 103.7996869185764, 6.576369622883782, 4.856854886430979, 30.0, 0.0
18, 0 ,1.0,1.0,1.0,40.70116820360401,85.50381363855564,38.174659725024355,12.41636064178732,12.421993615467883,15.672361043150667,59.0,60.0,78.0,0.09127188060589794,-0.010656148326101463,0.9957689944527872,15.697505875933832,0.6100765174953945,0.7909201114840753,-0.04745545332951332,12.475900707106424,-0.7870680317554224,0.6118266288360374,0.07868983184488036,12.330249326674664,79.54406646673685,61.61478317356746,63.25019387752921,22.566469605450187,6.696961040861257,101609.0,309994.91852310696, 0.0, 0.0,0.0,NaN, 102.10187013466656,102.10187013466656,0.0, 154.1660115869252, 1.651583986862393, 8.472884959901506, 1.651583986862393, 154.30592538272484, -1.1370467246350204, 8.472884959901506, -1.1370467246350204, 245.62290066686668, 5.950274979879085, 4.40548918808495, 34.0, 0.0
19, 0 ,1.0,1.0,1.0,190.7376338503472,281.82695827114026,59.88578103705627,14.163127448573945,10.287976904459741,12.763110655940233,67.0,44.0,68.0,0.9777827182577312,0.16111530672289148,-0.1341000142285967,14.279938736342253,-0.1367057116803479,0.005146821542280855,-0.9905983336458734,12.735375750205945,-0.15891036552248852,0.9869221692553067,0.027057855826149273,10.160078528948437,68.83985653121721,66.78298291194432,48.57463970140873,20.746750787427583,6.23746529380115,77045.0,223313.6950859809, 0.0, 0.0,-7.105427357601002E-15,82.2934186966257, 125.91596750499087,125.91596750499087,0.0, 200.5941791245487, 15.820703932673592, -5.2177275892913055, 15.820703932673592, 105.84246878669704, -2.4760694037766577, -5.2177275892913055, -2.4760694037766577, 162.89699361577513, 6.135207614514805, 4.685338489442579, 34.0, 0.0
20, 0 ,1.0,1.0,1.0,281.1078656756414,105.373284628295,169.03872896774467,10.751184065360816,12.111423937260666,12.909581225757783,45.0,63.0,66.0,0.12061303191622813,-0.45203331439910555,0.8838090173817724,13.148431584160546,0.31825162235165005,-0.8257082069811286,-0.4657487109961256,12.03101635016835,-0.9403022925647464,-0.3374490177750847,-0.04426916534240244,10.550129310979463,67.3628976621944,59.229195252296535,52.28275582685052,19.89729554129505,5.747126774496718,70903.0,208600.36475403016, 0.0, 0.0,0.0,NaN, 169.14874035318476,169.14874035318476,0.0, 115.58795880726832, -12.144688953037367, 1.607263456478396, -12.144688953037367, 146.68658978805064, -11.74015259705927, 1.607263456478396, -11.74015259705927, 166.6572874244378, 6.191163564022392, 4.627288578000588, 22.0, 0.0
21, 0 ,1.0,1.0,1.0,277.8988182675232,207.34730657078336,11.381223827585451,12.856065521560605,12.153557451606222,7.176378734757046,49.0,66.0,28.0,-0.921508789560903,0.38616562554878714,-0.041202674749495044,13.004121623174933,0.3874401030865183,0.9214313896954858,-0.029229447551301108,12.006653756919041,-0.02667802995550466,0.04289876138491804,0.9987231743527996,7.156876241766505,64.21499591742662,61.51415447866475,30.554810892903436,18.149778527291666,5.922274105368575,45611.0,120695.5111676888, 0.0, 0.0,0.0,NaN, 95.92974559266783,95.92974559266783,NaN, 165.27842069465936, -8.7713091178846, 3.4234800369276064, -8.7713091178846, 147.70895872949313, -4.378811397530848, 3.4234800369276064, -4.378811397530848, 51.500411744673144, 6.469580147589613, 4.687507927607084, 14.0, 0.0
22, 0 ,1.0,1.0,1.0,51.972994298796415,188.8853758015581,49.330447538924886,14.446784285820927,10.96979699928445,13.531184245976055,74.0,55.0,74.0,-0.8266956465037891,0.06323548761931497,0.5590845921300548,15.131494634118944,0.5566463431238254,0.2366835987321554,0.7963201132572681,12.885083100366785,0.08197046259814916,-0.9695267645592585,0.23086510360966625,10.823653409980158,77.3130612426966,65.6693467907977,57.89335277769945,21.689845200613682,6.456747221205379,89981.0,293930.23892828147, 0.0, -2.8421709430404007E-14,-7.105427357601002E-15,81.9252760206323, 132.21628077333864,132.21628077333864,0.0, 208.7095762010425, 0.5940194396348415, -30.013814166106332, 0.5940194396348415, 120.33644620551011, 13.164504016586568, -30.013814166106332, 13.164504016586568, 183.09294709855058, 5.957306911115312, 4.289227797418062, 32.0, 0.0
23, 0 ,1.0,1.0,1.0,91.06598135818908,268.33340079893475,39.3398242343542,11.326383801944173,14.714851767822482,13.564773155299719,61.0,61.0,66.0,-0.04786395348713464,-0.8549756103748667,0.5164549812139537,15.308584707746487,0.2775985995214543,-0.5080646432552519,-0.8153584094235126,13.03558407840185,-0.9595040695590135,-0.10434090251688131,-0.2616580145182907,11.159645393709345,75.95518602574359,69.42557660003955,58.66662940819414,22.053866379879835,6.5148968549898205,93875.0,309362.78188263875, 0.0, 0.0,0.0,NaN, 104.13168699526975,104.13168699526975,0.0, 128.28697002894333, -1.9076333906641711, -12.98798265041367, -1.9076333906641711, 216.52686254898842, -29.687039348994183, -12.98798265041367, -29.687039348994183, 184.00307075473987, 5.835605683958483, 4.25949658582359, 34.0, 0.0
24, 0 ,1.0,1.0,1.0,68.66363269515311,62.38103618347308,161.40085414518225,13.544628444996668,12.753737051605524,12.010277313234688,65.0,62.0,58.0,-0.9398352967996035,0.2308022856159183,-0.25187282474310213,13.755041939945103,0.11878809465400991,0.9120468643597974,0.3925046570168708,12.827972787973177,0.3203107919787767,0.33897023787632063,-0.8845903992108434,11.687748500745515,67.04124889976342,63.26913465850521,65.51450339346593,21.315542197869384,6.000765821658477,89212.0,277889.05638256343, 0.0, 0.0,0.0,NaN, 166.7807283888151,166.7807283888151,0.0, 183.45695971301285, -8.380810498658752, 13.754201578135534, -8.380810498658752, 162.6578087814956, 6.9491858162894165, 13.754201578135534, 6.9491858162894165, 144.24676114079986, 6.250382812153955, 4.387267964484464, 37.0, 0.0
25, 0 ,1.0,1.0,1.0,124.01765230383651,169.09181607865818,274.36742095623674,13.081685064834476,11.557209669826587,13.180908575913703,68.0,57.0,61.0,-0.7384766190878346,0.30565988726268917,0.6010193976729544,13.310162425833305,0.603461332830084,-0.09804807753658615,0.7913412628381754,13.140241749993093,0.300810077689461,0.947078987101889,-0.11204771015295564,11.340615209243088,76.05189406424834,71.16905686186118,61.06343506240347,20.986297259369028,6.165327056682089,82992.0,330508.3808722064, 0.0, 0.0,0.0,NaN, 182.138298578234,182.138298578234,0.0, 171.13048413551337, -13.565771526836718, -0.5098957935812605, -13.565771526836718, 133.5690953523332, 5.500846495005248, -0.5098957935812605, 5.500846495005248, 173.7363508865954, 5.681474354085431, 4.221352293421978, 30.0, 0.0
26, 0 ,1.0,1.0,1.0,276.76521954032455,207.55795370294092,287.0708666282231,13.827803938695967,12.681212974260758,7.633086367591817,59.0,61.0,35.0,0.9796885831017774,0.08899830317800429,-0.17969302204445375,13.990057026229298,0.10641417070756107,-0.9902664740469179,0.08971251111916953,12.719783897314011,0.16995971408735225,0.10701220682763764,0.9796234394792853,7.264346754469695,66.3912667316813,61.2145318984324,40.75788768546306,19.14007108907768,6.62895244105279,48556.0,165644.55176514928, 0.0, 0.0,0.0,NaN, 96.19017328366823,96.19017328366823,1.3486991523486091E-6, 191.2081617670157, 0.9754030853762025, -24.124745045684303, 0.9754030853762025, 160.8131624985594, -11.971577532989071, -24.124745045684303, -11.971577532989071, 58.26400749511604, 5.637403623215453, 4.345889284640213, 17.0, 0.0
27, 0 ,1.0,1.0,1.0,12.968971599929441,249.9990827306403,81.17433409772447,8.242886808825087,11.8628235395391,13.742600155166034,33.0,58.0,60.0,-0.06416912911795442,0.04511020691043699,0.9969189496146317,13.762733251669871,-0.10860309709334416,0.9927288672154589,-0.05191111151618743,11.898042140502955,-0.9920119405380042,-0.1115995762967309,-0.05880343867847429,8.158099715271414,59.02786617154595,58.31431173980721,36.18523587275607,19.044615953892624,5.9019850446119415,56690.0,124555.71126446781, 0.0, -2.8421709430404007E-14,0.0,87.41449813874533, 96.2162068902434,96.2162068902434,0.0, 67.94518294310264, -8.442593287648378, -7.436538125279651, -8.442593287648378, 140.726582330243, 1.659606021751303, -7.436538125279651, 1.659606021751303, 188.85905902476952, 7.816637155279047, 4.969728201433419, 25.0, 0.0
28, 0 ,1.0,1.0,1.0,60.32389247523777,44.397144335485144,34.64555511752821,11.984060040491645,12.025996956376307,14.391591760375832,62.0,60.0,68.0,-0.37341823457351614,-0.4278500373647111,0.8231058058445548,15.48122802199593,-0.6618350311205696,-0.49886235634870285,-0.5595629910920261,11.807145287365175,-0.6500255484745454,0.7537112808929128,0.09688184239129362,10.783464672368366,81.1294976592971,59.823501907903115,54.26906281155769,21.2875442098523,6.496204488760091,81172.0,263392.218612242, 0.0, 0.0,0.0,NaN, 82.52510477370892,82.52510477370892,9.5367431640625E-7, 143.61769505410862, 27.3481456447513, -29.359758162851097, 27.3481456447513, 144.62460279477222, -36.996707735719056, -29.359758162851097, -36.996707735719056, 207.11791339731752, 6.2881426578052135, 4.346053082245299, 26.0, 0.0
29, 0 ,1.0,1.0,1.0,135.4547703619753,142.8146863295233,174.90576755628655,12.351571028441237,11.38316667497101,11.886168042843869,58.0,53.0,55.0,-0.8697748659111382,0.4410648036092582,0.22125442740516651,12.647179154346146,-0.3093501971724225,-0.13805832491636016,-0.9408731872206115,11.903738089528964,-0.38444003191479026,-0.8867929509972524,0.25652314500438317,11.034883782681723,66.38255609351651,54.33490969538437,58.48223218342254,19.816182338977708,5.544158968840708,72353.0,210938.98959204217, 0.0, 0.0,0.0,NaN, 233.22220399416815,233.22220399416815,2.6973983046972182E-6, 152.56130687062893, -13.796642004984314, -1.546990113361577, -13.796642004984314, 129.57648355017056, 6.314990828226889, -1.546990113361577, 6.314990828226889, 141.28099074272285, 5.615653976051074, 4.104376519960693, 31.0, 0.0
30, 0 ,1.0,1.0,1.0,238.86429618483012,95.2370049424676,185.34855423093387,13.271610947646732,11.366933643447963,11.935141148285847,66.0,56.0,59.0,0.9111448418388775,-0.3769723662548111,0.16645393438022163,13.663460146652262,0.1951527263623283,0.03896245852840373,-0.9799986429678219,11.893428476038805,-0.3629469528509048,-0.9254046476572672,-0.10906762815140084,10.938311009289608,72.78506561855673,59.96659992508711,56.14679451551507,20.34301049195743,5.826865019361371,77087.0,245062.3930315495, 0.0, 0.0,0.0,NaN, 161.09815457765148,161.09815457765148,0.0, 176.13565714569657, -22.862047962650358, 5.997486292238638, -22.862047962650358, 129.20718045454916, -5.039540853829667, 5.997486292238638, -5.039540853829667, 142.447594229506, 5.826316742141404, 4.27371001435839, 30.0, 0.0
31, 0 ,1.0,1.0,1.0,274.9418870179482,65.08875941694944,240.4773779798109,14.267651014461931,13.405916930104853,12.143497251004366,58.0,71.0,59.0,0.8922677733513688,-0.3195864638882361,0.31893998297172377,14.742120078096312,-0.2560955494254603,-0.9399943087530884,-0.22544571203789804,13.268583937221868,-0.3718511667361845,-0.11947883331877858,0.9205712998924753,11.720220799813735,70.02017034350717,68.55242109904194,64.6688302637364,22.072845829901617,6.598369242618684,93714.0,310413.76116090117, 0.0, 0.0,0.0,NaN, 91.69186529249525,91.69186529249525,0.0, 203.56586547047658, -13.488791602271688, 24.99075698911647, -13.488791602271688, 179.71860873687191, 0.04856446170183117, 24.99075698911647, 0.04856446170183117, 147.46452548515057, 5.512850577835797, 4.149078508397329, 31.0, 0.0
32, 0 ,1.0,1.0,1.0,131.47102717870402,276.29414832197267,58.830136203920986,12.906396923044095,12.204232875706534,12.300722331383918,64.0,53.0,67.0,0.7636673894306012,0.2013867538633761,-0.6133966854235702,13.310958499067487,-0.5284429635824578,0.7407987306567586,-0.41468696012477246,12.851333794820963,-0.3708910251818448,-0.6408280705662851,-0.6721452457719631,11.157408078207094,68.36422088777141,68.29726792429253,61.2966562758736,20.746253775941177,6.034824418130635,80541.0,286199.5748407441, 0.0, 0.0,0.0,NaN, 145.97117289717193,145.97117289717193,0.0, 166.57508153516207, -7.816777850916619, -15.771295081613038, -7.816777850916619, 148.94330008447616, -19.002778172695784, -15.771295081613038, -19.002778172695784, 151.307769873807, 6.209996301900553, 4.2904618771714595, 22.0, 0.0
33, 0 ,1.0,1.0,1.0,36.17101537810881,176.40267384076785,209.06348609626298,12.13508236576585,13.173604243840263,12.749948566137796,66.0,63.0,66.0,0.2746435760465463,0.828296779092902,0.488359858998146,13.548908894412497,-0.19666353023419375,-0.4487655828872885,0.8717413076662459,12.490226125084016,-0.941219614124243,0.3354607240201987,-0.03964518416724453,11.991104217359858,59.79352830099839,59.419111442479604,70.74967204954378,21.128180342784496,6.079905972895685,85121.0,251364.97608910126, 0.0, 0.0,0.0,NaN, 157.65180286999433,157.65180286999433,0.0, 147.26022402392132, 10.129266302086918, 3.2414895607041943, 10.129266302086918, 173.54384877332618, 11.313623554288124, 3.2414895607041943, 11.313623554288124, 162.56118843915925, 5.584258924775343, 4.219241832903039, 41.0, 0.0
34, 0 ,1.0,1.0,1.0,200.54459186233564,175.43577974881566,193.5657403444561,12.54324182244004,10.70089675371398,11.719889869681296,64.0,53.0,56.0,0.9218222728262659,0.27752147125089227,0.27060216243806634,12.781556406086423,-0.2771763351072669,-0.016056738917599955,0.9606848913102757,11.636346646103844,-0.27095567271773696,0.9605852456341774,-0.06212092475169914,10.508338492694861,64.54031571293879,56.413761574402216,51.39080843929521,19.460484338164925,5.521546398554088,67759.0,187111.97978082503, -2.8421709430404007E-14, 0.0,-2.8421709430404007E-14,38.95967574082723, 191.66605020983425,191.66605020983425,0.0, 157.33291541620892, 13.655341600214825, 6.554990710447821, 13.655341600214825, 114.5091913336464, 3.590590461915088, 6.554990710447821, 3.590590461915088, 137.35581855745826, 5.930026455327997, 4.199049641742619, 34.0, 0.0
35, 0 ,1.0,1.0,1.0,32.57363793877944,288.87291706774477,207.1054781920469,13.180294375293405,6.809195364120062,13.353155563525931,77.0,27.0,86.0,0.6524739718906808,-0.049133541194935085,0.7562166429898539,13.97014968983727,0.757147791049889,0.08401085207331088,-0.6478189556057998,12.57060344853648,0.03170076518747869,-0.9952527678251194,-0.0920162465163975,6.7236085112870025,69.92950622374315,78.78746664816268,31.99303377100898,18.852768593465374,6.554783077347969,46749.0,176267.81554163745, 0.0, 0.0,0.0,NaN, 99.06687662925613,99.06687662925613,0.0, 173.72015981939097, 2.3684781063614055, 18.656856645572624, 2.3684781063614055, 46.36514150675414, -11.71150942396749, 18.656856645572624, -11.71150942396749, 178.30676350372354, 5.789329857861321, 4.448152091050556, 23.0, 0.0
36, 0 ,1.0,1.0,1.0,163.19722760402252,9.595511578558908,223.89576990497278,14.30838320486295,6.541248340297888,12.21240612526452,73.0,27.0,66.0,0.9366252334297425,-0.024559745031664873,0.34947101600370295,14.61622703397808,0.3502302471317182,0.08979392327333444,-0.9323496261259712,11.880341457546207,0.00848210449926889,-0.99565750650872,-0.09270481991839123,6.471786252524848,73.01698341461886,63.04368112803755,28.956785461510687,18.725725938448683,6.7829058104321875,43356.0,133295.5954289981, 0.0, 0.0,0.0,NaN, 156.8404482779768,156.8404482779768,0.0, 204.72982993720416, -0.8292789811850109, 23.806238387825918, -0.8292789811850109, 42.787929849449874, -9.783971841878644, 23.806238387825918, -9.783971841878644, 149.14286336839837, 6.495261171322125, 4.290531766781881, 17.0, 0.0
37, 0 ,1.0,1.0,1.0,103.99824726779981,229.43310159955223,156.87649865967538,12.08450669089333,10.929813850960523,11.96939459892904,59.0,52.0,59.0,-0.8280570904631575,0.5431924910982298,0.13879255220720685,12.85484647234885,-0.16746315853211005,-0.003382393782792259,-0.9858725323015887,11.967433436019732,-0.5350491056605364,-0.8396013798385501,0.09376554540481402,10.014789012782204,58.504847861716385,59.4723607362227,54.02106635336045,19.456780314615116,5.495110520503942,67894.0,187962.05523094776, 0.0, 0.0,0.0,NaN, 190.4722006502457,190.4722006502457,0.0, 146.03530196224563, -29.1903181563858, -0.37815855096911194, -29.1903181563858, 119.46083081664851, 5.039864449174373, -0.37815855096911194, 5.039864449174373, 143.26640706487166, 5.946472888325129, 4.144189891855222, 23.0, 0.0
38, 0 ,1.0,1.0,1.0,51.94605054112407,20.32417201906495,165.56101734041252,12.450631245678307,11.47219391092867,12.287762357939764,61.0,49.0,59.0,0.6230937996638127,0.2279146321226555,-0.7482038741445458,12.777774311154351,-0.725649043793107,0.5254212581418024,-0.44425889606718644,12.435699443354036,-0.2918691180352281,-0.8197483894202421,-0.49277276302597917,10.940768634734013,69.80209821926815,61.343067977272796,59.46703890748606,20.098218691043886,5.803461101618227,73643.0,254630.4186599774, 0.0, 0.0,0.0,NaN, 145.55172343062935,145.55172343062935,0.0, 155.01821841586096, -7.1363614269958635, -9.047079533785121, -7.1363614269958635, 131.61123312994886, -15.587281438394141, -9.047079533785121, -15.587281438394141, 150.9891037652014, 5.559688422800028, 4.063633960074275, 23.0, 0.0
39, 0 ,1.0,1.0,1.0,186.87561446629215,65.69630735018727,62.91546699438202,11.678643744819338,10.924930543711476,12.602146761585976,57.0,57.0,61.0,-0.5197722810016268,-0.12020183220061574,0.8458062990058544,13.042911137930941,0.6411227208673718,0.5994564594751878,0.4791801435588615,11.642856929279048,0.5646223806137904,-0.7913301919736714,0.23451672558887554,10.434811051296304,66.76798784859403,56.690593051168975,54.27253057421283,19.575615836609295,5.599481647561705,68352.0,205427.86877297144, 0.0, 0.0,7.105427357601002E-15,32.24157267611807, 145.16021283034277,145.16021283034277,0.0, 136.39071971840784, 14.075915921864501, -18.72569492646531, 14.075915921864501, 119.35410738491993, 1.4358067630703997, -18.72569492646531, 1.4358067630703997, 158.81410300055188, 5.3724535185650115, 3.9386802334915676, 33.0, 0.0
40, 0 ,1.0,1.0,1.0,92.09184595171621,158.67917556248975,106.49225379098921,11.26143064589951,11.559041799836532,13.156800273504805,57.0,56.0,61.0,-0.09638439443540425,0.20362421450704948,0.974293193949187,13.202333263694024,0.6568130976402323,-0.722463649324307,0.2159695121382819,12.438617636057426,-0.7478680386789929,-0.6607446213715189,0.06410882974321885,10.223103670509671,62.200440181696166,57.69584473792159,53.392635228017724,20.0291207616834,5.6891987549700485,73068.0,191610.52055315848, 0.0, 0.0,0.0,NaN, 199.4820383592886,199.4820383592886,0.0, 126.81982019240465, -25.19428405320887, 0.568271812676895, -25.19428405320887, 133.61144733036815, 6.011707086116691, 0.568271812676895, 6.011707086116691, 173.10139343689613, 6.21811438116528, 4.295836331188597, 28.0, 0.0
41, 0 ,1.0,1.0,1.0,84.07143693336282,207.93195801194085,190.7110654404974,13.818461490656956,12.34835989604171,10.371848449955804,65.0,60.0,52.0,-0.9735018308144128,0.228665161896534,0.002535574060951348,13.900036331899024,0.2213070828106251,0.944852934113222,-0.241404448996878,12.370715286589524,-0.05759653200356593,-0.23444653256652573,-0.9704212811293327,10.23530671889311,65.38124579310276,59.22623617480582,54.80991743641346,20.416528280142618,5.845723509194657,76879.0,212239.62688134538, 0.0, 2.8421709430404007E-14,0.0,76.78150301437489, 165.79686993639737,165.79686993639737,0.0, 190.94987796876924, -9.59535521275757, -2.797294077696313, -9.59535521275757, 152.48199212217125, -10.95940915829764, -2.797294077696313, -10.95940915829764, 107.57524026885064, 5.657664501521576, 4.104230123112464, 21.0, 0.0
42, 0 ,1.0,1.0,1.0,24.60487543034835,11.693092214859512,265.11903527930997,13.073152221091542,7.512479482892287,14.459642029584296,50.0,33.0,79.0,-0.27623328824786625,0.09384301857318295,0.9564981224910192,14.660624751545955,-0.9546104337153789,-0.14216548585454625,-0.2617401277478805,12.993523149655955,-0.11141853663330513,0.9853844237133108,-0.1288543642942635,7.256744632005588,81.91453667214728,64.39822946635043,35.435832448991995,19.69555214123647,6.96499321265334,54026.0,186929.37155895587, 0.0, 0.0,0.0,NaN, 44.2584455255061,44.2584455255061,0.0, 170.9073089958307, 11.559368443168106, -13.848831190400455, 11.559368443168106, 56.43734798087757, 18.888567059679364, -13.848831190400455, 18.888567059679364, 209.08124762372069, 5.8199738520227395, 4.193415551536096, 22.0, 0.0
43, 0 ,1.0,1.0,1.0,288.0306627432622,76.79372032368087,283.9739851534809,8.046820295516438,11.644168220056455,8.84503593086453,37.0,61.0,36.0,0.1936632726949449,-0.9639678607439175,-0.1823746151795199,11.812078664552335,0.5061701963268155,0.25741821643650237,-0.8231206437680461,9.271488558353912,0.8404083942700453,0.06709564292444484,0.5377842555718781,7.286077721129016,60.84202624489995,49.90514973836082,38.38504993027158,15.813131621604496,5.340177837991291,29906.0,116549.69516561214, 0.0, 0.0,0.0,NaN, 79.35599326691148,79.35599326691148,0.0, 64.75131686833527, -11.85340204429923, -16.749352784917246, -11.85340204429923, 135.58665353697273, 8.230673256598225, -16.749352784917246, 8.230673256598225, 78.23466061828455, 6.584301339294857, 4.4134931386772935, 9.0, 0.0
44, 0 ,1.0,1.0,1.0,120.962196904713,235.9177852146283,76.41265660678256,11.899619986337749,12.321660361491013,13.07125592986561,61.0,61.0,65.0,-0.10894836929840047,-0.117627434461509,0.9870633411738188,13.101527573156686,0.4169895679489691,-0.9067917407946203,-0.06203578844824002,12.415657853585088,0.9023579960575246,0.4048364181847607,0.1478428945278819,11.767897721333265,65.69307341163893,60.922935508618934,58.59474323972074,20.74909163487953,5.810094473805452,82771.0,234508.75298028352, -1.4210854715202004E-14, 0.0,0.0,83.7453027724668, 156.77141774417663,156.77141774417663,0.0, 141.6009558192488, -5.498305566725365, -3.9719321679981743, -5.498305566725365, 151.82331406393885, -2.9696134127997817, -3.9719321679981743, -2.9696134127997817, 170.85773158404686, 6.161707335364582, 4.311906123909206, 36.0, 0.0
45, 0 ,1.0,1.0,1.0,23.592759265211853,188.05482338654951,121.86928104575163,12.575970558631205,12.6154883971789,12.5066629650236,53.0,61.0,63.0,-0.5679098757904825,-0.5329436752229794,0.6272554599359516,13.841343559916105,0.6248164964984677,-0.7752181813195516,-0.09295760891388716,12.196427508957257,0.5358010066088147,0.3391280147546505,0.7732460610475496,11.549310195276892,71.57607586108753,64.05041607256021,59.300898371721956,20.935663445475033,5.951487008255301,83997.0,271863.63074169855, 0.0, 0.0,0.0,NaN, 167.1540083855941,167.1540083855941,0.0, 158.15503549155886, 10.170950671853738, -21.623421113468584, 10.170950671853738, 159.15054749935547, -18.347191437977074, -21.623421113468584, -18.347191437977074, 156.4166185206929, 5.949208519621327, 4.2861308116910095, 21.0, 0.0
46, 0 ,1.0,1.0,1.0,216.72224314653897,135.65278039331736,206.25936886282318,12.568826736853708,12.857704906107598,11.07469415274752,69.0,61.0,59.0,0.5761872942284912,0.7280732229927828,0.3713725675525208,14.17148881018035,0.8168066117982228,-0.5290175577011597,-0.23014643722336459,11.692392965994536,0.028899150374322197,0.43594702155743903,-0.8995082175849427,10.411612901092067,63.42549739065413,59.87345657050071,54.99576749554693,20.275677005665056,5.902690363929598,74342.0,208846.63403990597, 0.0, 0.0,0.0,NaN, 184.7272788219921,184.7272788219921,0.0, 157.97540554104864, 26.541689251589002, 14.456131226606626, 26.541689251589002, 165.32057545254338, 28.438488182400995, 14.456131226606626, 28.438488182400995, 122.64885057690012, 5.7133617634893, 3.8861607363803197, 30.0, 0.0
47, 0 ,1.0,1.0,1.0,125.56476992177043,91.81345370177579,213.15512061631816,12.69953765869255,10.319075309113515,12.181204775545927,62.0,51.0,65.0,0.7518017943668723,0.12672136311514418,0.6470979509448244,13.608284451841245,-0.6156467011029453,0.48637550282341846,0.6200145237607965,11.631014369954327,0.23616350566463762,0.864511750286545,-0.4436735649198434,9.781483566779682,67.13998189815345,58.04729996105435,52.74442437004288,19.599149322568717,5.658327278913436,67238.0,205560.5638968977, 0.0, 0.0,0.0,NaN, 178.15233594124305,178.15233594124305,0.0, 161.27825674455025, -3.331197996240723, 28.427800495492512, -3.331197996240723, 106.48331523515617, 19.282454533010554, 28.427800495492512, 19.282454533010554, 148.3817497837829, 6.182472892419169, 4.207842566267357, 37.0, 0.0
48, 0 ,1.0,1.0,1.0,107.5852098761708,211.03063302212635,279.5239589146468,11.814439024753097,12.155996488138115,11.311436065434178,61.0,58.0,46.0,0.49730478800217515,0.8415583938095748,0.2108729893532122,12.255081113107318,-0.7170035304185276,0.5355168147012546,-0.44623724467999076,11.925977340890114,-0.488460730455867,0.0707192405280959,0.8697154154214181,11.085208943785231,60.4978674122998,65.168480859237,55.92367551551621,19.53852369153879,5.791709411463286,66301.0,220482.11700071717, 0.0, 0.0,0.0,NaN, 141.1006516748677,141.1006516748677,0.0, 139.5809694696089, 3.998860330032687, 9.053609962318875, 3.998860330032687, 147.76825061962617, 0.22230191768380064, 9.053609962318875, 0.22230191768380064, 127.94858586240504, 5.3136298791057515, 3.989427008892018, 26.0, 0.0
49, 0 ,1.0,1.0,1.0,279.6407556250155,233.5071816625735,46.241026022673715,11.103435358606756,12.312895446732714,14.334755222618254,48.0,62.0,68.0,0.239061174874582,-0.0074872708540493615,0.9709756410141004,14.517859460869,0.17036547597812354,-0.9841351495368855,-0.049533948366344435,12.358423754884607,0.9559421317539739,0.177262371137166,-0.2339929326208331,10.811105276819367,71.37553668644823,60.08350405448806,55.24035225991361,20.989601356227475,6.3099535056910225,80622.0,236897.82796146895, 0.0, 0.0,0.0,NaN, 83.51063530834817,83.51063530834817,0.0, 123.28627676275875, -6.178865539267891, 21.491042602449753, -6.178865539267891, 151.6073942821712, 1.0650870225602047, 21.491042602449753, 1.0650870225602047, 205.4852072923813, 5.761738373216858, 4.0739727655277775, 20.0, 0.0
