// Sample: .//bubblelabels.tif, Map: .//bubblelabels.tif, Thickness:(8.191250068658265):/gpfs/home/mader/Foam/NewValid/InSilicoTest/LatticeData_Phi_6.65/out_Step_03000.vtk/distmap.tif, Neighbors:(1.0):
//LACUNA_NUMBER, TRIANGLES, SCALE_X, SCALE_Y, SCALE_Z, POS_X, POS_Y, POS_Z , STD_X, STD_Y, STD_Z,PROJ_X, PROJ_Y, PROJ_Z, PCA1_X, PCA1_Y, PCA1_Z, PCA1_S, PCA2_X, PCA2_Y, PCA2_Z, PCA2_S, PCA3_X, PCA3_Y, PCA3_Z, PCA3_S,PROJ_PCA1, PROJ_PCA2, PROJ_PCA3,OBJ_RADIUS, OBJ_RADIUS_STD, VOLUME, VOLUME_BOX, Mask_Grad_X,Mask_Grad_Y,Mask_Grad_Z,Mask_Angle, Mask_Distance_Mean,Mask_Distance_COV, Mask_Distance_STD, SHAPET_XX, SHAPET_XY, SHAPET_XZ, SHAPET_YX, SHAPET_YY, SHAPET_YZ, SHAPET_ZX, SHAPET_ZY, SHAPET_ZZ, Thickness, Thickness_STD, Neighbors, Neighbors_STD
1, 0 ,1.0,1.0,1.0,156.06536141427526,182.10059625509956,183.5466717807455,15.78833831113238,11.549360695743042,9.358285392399926,73.0,53.0,41.0,-0.9542818974470626,-0.29857863298711884,0.014030685242612796,16.175424191231624,-0.27050424752601654,0.8426776716549034,-0.46553388036173504,11.570247669347768,0.12717512443562803,-0.4480459146313177,-0.8849188358866413,8.64418218783142,79.33367790634588,66.51663659027153,45.851289079054624,20.428841129547923,7.273191506924957,57358.0,241957.6845115568, 0.0, 0.0,0.0,NaN, 50.21307729637495,50.21307729637495,0.0, 249.27162662677043, 39.77664605878183, 4.9457883380519085, 39.77664605878183, 133.3877324803742, -23.986824787734882, 4.9457883380519085, -23.986824787734882, 87.57750548560585, 9.706789427631245, 6.413952605619306, 12.0, 0.0
2, 0 ,1.0,1.0,1.0,185.07537151387663,35.24482594829341,16.076100970346747,8.72307568107632,16.188841500489158,10.217523412031753,37.0,72.0,47.0,0.011101908447060117,0.9994508706447115,0.031220262592767035,16.194088610621055,-0.30689295322814025,0.03312098597719733,-0.9511675538761865,10.36926053911984,0.9516792857300949,-9.784965132952211E-4,-0.3070921354525866,8.532195091790157,72.35872052246998,55.82806739978156,40.762297429965884,19.906976019280577,6.802994113546642,58948.0,164665.31397887567, 0.0, 0.0,0.0,NaN, 41.513652139785115,41.513652139785115,0.0, 76.09204933778511, 1.749155837547172, 10.201599433208077, 1.749155837547172, 262.0785891279601, 4.817529191761599, 10.201599433208077, 4.817529191761599, 104.397784675417, 8.568808296098148, 5.8985422972483565, 13.0, 0.0
3, 0 ,1.0,1.0,1.0,170.81778523933534,186.90347270876572,79.02297513450632,16.302927008829275,7.646637931671681,15.62116708067224,65.0,33.0,64.0,-0.8689191974183337,-0.021701421341601912,0.4944779840090281,16.629857180207892,0.4935412100708924,0.03743966195051775,0.8689161902478222,15.284076238743587,0.037369804918378886,-0.9990632212351657,0.021821495264465113,7.623793371395549,73.76654389546067,77.98533428763656,33.978340342301635,22.69358359258634,7.299220876360908,75647.0,195467.49018886994, 0.0, 0.0,0.0,NaN, 85.2511072334923,85.2511072334923,9.5367431640625E-7, 265.78542905521505, 7.361421706315217, -18.59669664026278, 7.361421706315217, 58.47107165808017, 3.3647833282504913, -18.59669664026278, 3.3647833282504913, 244.02086096227808, 8.363981951967569, 5.581175621902011, 12.0, 0.0
4, 0 ,1.0,1.0,1.0,55.50882074976373,79.13484021141797,30.37723581504428,13.480672660385967,13.922421997940829,15.027805310665363,67.0,69.0,66.0,0.08621145116703222,0.5936988664473376,0.8000557740975444,16.376276920228424,0.9599217851015168,-0.2644560069713105,0.0928072565282851,13.546298087747427,0.2666791183711076,0.7599899185883562,-0.5927036118237109,12.235712667040298,79.32111617882174,66.02237632987378,71.82634240375276,23.53956440770321,6.876496900023549,114276.0,376152.29861920234, -7.105427357601002E-15, 0.0,0.0,85.05430834671216, 101.3228926357655,101.3228926357655,0.0, 181.72853537647765, -2.5139961053335402, 11.181562587931642, -2.5139961053335402, 193.83383428874671, 55.44291166409469, 11.181562587931642, 55.44291166409469, 225.83493245526208, 8.272076321311284, 5.322745165501583, 23.0, 0.0
5, 0 ,1.0,1.0,1.0,13.728768577494693,106.95617896840265,138.53109778943426,8.090140994514384,15.307715441205822,12.403341820010379,33.0,76.0,62.0,0.007688512941271625,0.9985413792928299,-0.053441562558799505,15.315613984252183,-0.009446023983243599,-0.05336823345975095,-0.9985302220204924,12.394308185705214,-0.9999258269490093,0.008182022815887865,0.009021923463453105,8.089036687221274,75.9129664211391,61.96554990916998,33.50359186992675,20.252269908499542,6.592797979413822,64056.0,157600.51788457655, 0.0, 0.0,0.0,NaN, 112.35683182515612,112.35683182515612,0.0, 65.45038131112217, 1.3429601192242369, 0.7622906986641508, 1.3429601192242369, 234.32615202893118, -4.3262490399815645, 0.7622906986641508, -4.3262490399815645, 153.84288830401837, 9.05190134770862, 5.476570436748877, 16.0, 0.0
6, 0 ,1.0,1.0,1.0,51.68752747597814,185.23998304339634,121.50130314639202,14.43848475166491,8.651838666010166,12.25982021872644,65.0,34.0,55.0,-0.9584833588922568,0.01611713194044602,0.2846926215844579,14.634048553106936,-0.2841664276748673,0.02880088507548852,-0.9583422929211529,12.029625540964313,0.02364512865521364,0.9994552251486223,0.02302522125834306,8.646391057065959,65.50492649928492,58.30575200893429,35.074201479942076,19.918437682531394,6.073152913383374,63692.0,133959.38874522806, 0.0, 0.0,0.0,NaN, 95.139392497818,95.139392497818,0.0, 208.46984192406015, -2.725881703672777, -18.987346366584433, -2.725881703672777, 74.85431230266857, -1.2911420365603172, -18.987346366584433, -1.2911420365603172, 150.3031917954936, 9.232436517394008, 5.473053822726005, 11.0, 0.0
7, 0 ,1.0,1.0,1.0,56.63028537277753,149.6164799043777,11.943000149409832,12.947271158162797,17.040512288563157,8.26452833443178,60.0,87.0,32.0,-0.2443277780500787,0.9672868019677471,-0.06826550821695995,17.302453101080648,0.9592739809837126,0.2513950146597797,0.1288176075382125,12.700911934456222,-0.14176518007173383,0.03401160600762104,0.9893158466212958,8.10094258764891,93.9958943889452,58.588552094074174,36.62536736167408,21.387801434375213,8.299112476286481,66930.0,201698.95096954715, 0.0, 0.0,0.0,NaN, 76.73410956802066,76.73410956802066,0.0, 167.63183044299424, -32.167446657196336, 15.723032103647967, -32.167446657196336, 290.3790590566719, -12.336263695873189, 15.723032103647967, -12.336263695873189, 68.30242859062575, 8.357996373520416, 5.311197819008797, 18.0, 0.0
8, 0 ,1.0,1.0,1.0,26.316371476021992,50.91559988859433,50.41692540977688,13.750430217714833,13.28291293568361,12.900818036014474,63.0,66.0,63.0,0.8196199334548782,-0.23427717237768078,0.5228167663590556,14.844925102038461,-0.07501597922869031,0.8608243529462696,0.5033428615119095,13.698332670509362,0.5679751469419956,0.45176945434298144,-0.6879742673813194,11.132164838452443,75.2062291785891,67.47305118176186,60.951680313410606,22.155276124358405,6.4097545257881325,96943.0,309292.82566815155, 0.0, 0.0,0.0,NaN, 76.33358426966741,76.33358426966741,9.5367431640625E-7, 189.0743311722452, -22.634232988283767, 38.92252042625171, -22.634232988283767, 176.435776056951, 15.795707618938868, 38.92252042625171, 15.795707618938868, 166.43110599835634, 7.939841601308107, 5.144006089120632, 21.0, 0.0
9, 0 ,1.0,1.0,1.0,88.47840355081274,180.6719865900157,85.06726240364524,14.597737415092308,12.217691874958287,12.485912753642399,69.0,56.0,60.0,-0.96176494069996,-0.020664538827807076,-0.27309554312627765,14.777331127501915,0.18310880272882588,0.693001255434489,-0.6972950783774672,12.96058402188836,0.20366483546164377,-0.72064015763851,-0.662720452374246,11.48554292328894,70.61177890371562,66.8884555709482,63.181726202949136,21.70491133338828,6.867370216667025,84713.0,298414.4220289525, 0.0, 0.0,0.0,NaN, 124.25151560495205,124.25151560495205,0.0, 213.09393763998582, 6.293879327451832, 18.102842026222493, 6.293879327451832, 149.27199475142177, -16.93679812531642, 18.102842026222493, -16.93679812531642, 155.89801729156991, 8.337005699291115, 5.1137659570721015, 18.0, 0.0
10, 0 ,1.0,1.0,1.0,186.18380093387077,20.453146825238456,110.90779023825678,8.48415721718703,11.041686231346024,13.327747902910698,34.0,44.0,65.0,0.030969237877606238,-0.36351802746111084,0.9310722582141855,13.697606719594773,0.11533459306930369,-0.9239971086850461,-0.36459192912516947,10.610546713936188,-0.9928438134705875,-0.11867597420058347,-0.013310717513495593,8.445146018138093,74.02169432678221,56.503104413214785,36.02820533558719,18.368844612905146,5.84073370972579,50114.0,150686.36640362843, 0.0, 0.0,0.0,NaN, 92.44804168785905,92.44804168785905,1.9073486328125E-6, 71.98092368594679, -5.706707415238622, 1.6184568008024458, -5.706707415238622, 121.91883483149635, -25.463583200713995, 1.6184568008024458, -25.463583200713995, 177.6288641635405, 8.684579978935659, 5.401968378469288, 10.0, 0.0
11, 0 ,1.0,1.0,1.0,77.25637045131903,100.38008231797616,160.1917518613463,11.853572919789785,14.63378083605411,13.715976828983694,58.0,80.0,76.0,0.16576010165712682,0.8242797837147828,0.5413745716763291,15.365313041046992,0.04081017405166311,-0.5542322285974328,0.8313610325711663,12.997564067836269,-0.9853213274828128,0.11571289877551498,0.12550859199463402,11.736832466589032,73.40448159026988,68.51509475397467,60.65124645677986,22.326124654092222,6.657845809684751,97913.0,305034.22427270835, 0.0, 1.4210854715202004E-14,0.0,34.48445976239325, 132.20200979619514,132.20200979619514,0.0, 140.50719096477374, 12.731089575992536, 9.882820920372966, 12.731089575992536, 214.14754155766448, 29.51517116705691, 9.882820920372966, 29.51517116705691, 188.1280203732176, 7.537390116507484, 4.842967905129824, 30.0, 0.0
12, 0 ,1.0,1.0,1.0,22.549064717265104,178.24970973984088,48.59005590195657,14.247420173569935,12.669622188710576,13.762881459201635,58.0,51.0,81.0,-0.7431993440690726,0.13246000514702735,-0.6558270214101811,14.67631924690865,-0.5854371173509292,-0.6032824527416412,0.5415844014019092,14.295930647238723,0.32391066145333214,-0.7864506527751622,-0.5259061267435339,11.539377555098477,75.47148693027688,78.42324095834668,65.87848268751173,22.42418117015898,7.076815167487543,93020.0,389916.2011529198, 0.0, 0.0,0.0,NaN, 57.814608695206495,57.814608695206495,0.0, 202.98898160224755, 17.056722476320964, 17.50307982007589, 17.056722476320964, 160.5193264046674, -30.41242548366631, 17.50307982007589, -30.41242548366631, 189.41690606003613, 7.5222959351479375, 4.767874151852159, 11.0, 0.0
13, 0 ,1.0,1.0,1.0,175.58727885862515,61.53969390402075,109.06159273670558,13.227277402593632,13.101347303898399,13.643209144154715,55.0,65.0,66.0,-0.608375645241984,-0.4824597184759526,0.6301679889715953,15.133351733141856,-0.17683937982206419,-0.6916465790185775,-0.7002519856994669,12.70763578489815,-0.7736969096620119,0.5374547699853479,-0.3354630563854227,11.926482402329084,77.05352195280018,67.41309841369196,68.66528372867643,22.13591596748785,6.537931530229546,96375.0,356676.09366263, 0.0, 0.0,0.0,NaN, 112.4851492194054,112.4851492194054,0.0, 174.96086748516416, 27.824226871350604, -30.885697403941222, 27.824226871350604, 171.64530117736584, -17.06306223620505, -30.885697403941222, -17.06306223620505, 186.13715575114685, 7.116731972468657, 4.51775426619246, 19.0, 0.0
14, 0 ,1.0,1.0,1.0,167.49908853757427,187.27210296382438,25.370478046327435,15.351367840188972,7.36844319202104,14.37583597876218,74.0,31.0,52.0,0.7808723901016339,0.030038900448869844,0.6239679277308927,16.9464991609202,-0.6240850689029162,-0.00645491806948768,0.781329738846,12.464344315263242,-0.0274979480944276,0.9995278878013051,-0.013706361955569714,7.353869505681919,88.15556200488794,61.93507531199462,32.35958013309556,21.033635470515154,7.36269574412713,63634.0,176680.76315582122, 0.0, 0.0,3.552713678800501E-15,51.39352387652032, 43.15054768077813,43.15054768077813,0.0, 235.6644945647882, 5.8758255330782445, 64.19164263957431, 5.8758255330782445, 54.29395507404121, 3.8583488799672816, 64.19164263957431, 3.8583488799672816, 206.66466008827314, 8.531411400842094, 5.036654302769332, 12.0, 0.0
15, 0 ,1.0,1.0,1.0,189.66699119036878,24.463586066060362,175.83938451309572,6.333034622859816,13.138392168809304,12.830739361140193,27.0,56.0,54.0,-0.02281275762698943,0.7964133642178752,0.6043222082503816,13.551740398702572,0.012234346924094416,-0.6042118625799708,0.7967297822179004,12.397068933376536,-0.9996648932741378,-0.02556909096561105,-0.004040141383562075,6.325785555689203,76.11515425572884,61.97071751672729,27.696205310734115,18.40306265743713,6.2193113522108225,42113.0,130640.52782004271, 0.0, 3.552713678800501E-15,0.0,37.211044001302845, 35.90227645954359,35.90227645954359,0.0, 40.10732753434117, -3.44987697408329, -0.8721646899615245, -3.44987697408329, 172.61734878142963, 14.408845158284434, -0.8721646899615245, 14.408845158284434, 164.62787255351225, 7.882130869040591, 4.935216464150317, 10.0, 0.0
16, 0 ,1.0,1.0,1.0,189.3685912500705,174.70894357855948,138.25544755494556,6.738170085862096,14.961245288505138,14.367348150891496,28.0,65.0,68.0,-0.04368493577968199,0.7681743924031391,0.6387485649627656,16.2842445397897,0.06610933406822776,-0.6357348602427144,0.7690713513200393,12.885477983395834,-0.996855647691771,-0.07582407485913373,0.023011460987428938,6.6671078051505805,85.19356138649519,74.75209264214145,31.18032051020299,20.47512367341276,7.512110231901669,53189.0,198568.65938659778, 0.0, 2.8421709430404007E-14,0.0,39.80976725871984, 67.56518440410447,67.56518440410447,0.0, 45.402936106006806, -12.517039967994322, 0.02265413309688309, -12.517039967994322, 223.8388605828172, 48.85772591321705, 0.02265413309688309, 48.85772591321705, 206.4206928889253, 7.414350848292047, 4.744068887935767, 13.0, 0.0
17, 0 ,1.0,1.0,1.0,21.2193155050575,9.761784675072745,20.4189275322156,12.132980253855852,6.395704662822057,12.120107063036583,56.0,25.0,47.0,-0.7067785100017642,0.04486634476696642,0.7060107286061147,13.576744949655161,0.707413620284977,0.03708273116142223,0.7058263532094219,10.49587800071864,-0.0054870424627241655,-0.9983045037246209,0.057948340857619685,6.36551527843682,72.85183349412011,56.00759897529809,27.796412505140854,17.28115305684576,6.031002588282309,36085.0,113416.48654530715, 0.0, 0.0,0.0,NaN, 31.02393257005841,31.02393257005841,0.0, 147.20920984045603, -2.7332898411674673, -36.98546189524596, -2.7332898411674673, 40.90503813404381, 6.378137759925829, -36.98546189524596, 6.378137759925829, 146.89699521946926, 7.966049708755323, 4.679687364811473, 4.0, 0.0
18, 0 ,1.0,1.0,1.0,22.295727004573376,39.38797932508863,144.9125510783969,14.082629088915775,13.192867619499712,11.254889048888305,59.0,64.0,59.0,0.8583015900182989,0.33207594426671455,0.39120831766647063,14.550401928093034,-0.43945642522236095,0.8693033896621284,0.22625133602415926,13.434075530779678,0.2649460905596533,0.366110890252261,-0.892057388925092,10.337124549344448,73.32552698687962,63.82883979575094,50.04679052270339,21.324241582438173,6.657435431020661,73906.0,234233.15865193564, 0.0, 0.0,0.0,NaN, 71.29613865186742,71.29613865186742,0.0, 198.32044205597674, 1.7630682741705632, 27.888997965396065, 1.7630682741705632, 174.05175602564398, 28.101514225881836, 27.888997965396065, 28.101514225881836, 126.67252750278588, 7.669481341994103, 4.789669372873761, 18.0, 0.0
19, 0 ,1.0,1.0,1.0,121.85792173436138,78.95772171500468,179.46707745910894,11.474700493065326,11.195800094054416,11.67736677016119,55.0,55.0,48.0,-0.29965359649749185,0.6546778171097634,-0.6939774332717985,12.561833876652077,-0.8632169215155057,0.12371564151599797,0.48943946147974066,11.641458459774938,-0.40628102160378105,-0.745715358450314,-0.5280571329467179,10.002617678446876,60.37290539814866,60.89665275770734,50.57408754434991,19.05804909262514,5.492390246472549,61994.0,185936.03016708576, 0.0, 0.0,0.0,NaN, 112.9694964234485,112.9694964234485,0.0, 131.66875140555365, -15.116759478888955, -2.9775943113877084, -15.116759478888955, 125.34593974602888, -24.088601961152673, -2.9775943113877084, -24.088601961152673, 136.36089468486477, 7.7251328139954945, 4.817632659110804, 17.0, 0.0
20, 0 ,1.0,1.0,1.0,170.75187654095515,91.26499863026207,9.907277874166743,13.42895210123325,15.513468905001742,6.715816183506086,58.0,69.0,26.0,0.29241550212866063,0.9554862538042355,-0.03923254906313729,15.720165315384207,0.9555921299571888,-0.29352426792733916,-0.026214219454394352,13.201571361476361,0.03656303158556216,0.029824870978225643,0.9988861906105246,6.685923650413147,75.81478513065697,68.01967283893815,27.767380257154365,20.409778419629763,7.039005886906541,54755.0,143193.51664004094, 0.0, 0.0,0.0,NaN, 96.34784302584681,96.34784302584681,1.3486991523486091E-6, 180.3367545372169, 20.210707175431345, -5.5682170176526515, 20.210707175431345, 240.66771746645594, -6.590970723297596, -5.5682170176526515, -6.590970723297596, 45.102187010642254, 7.3638113466787205, 4.920151066490717, 13.0, 0.0
21, 0 ,1.0,1.0,1.0,15.871501496215455,101.94532652701989,22.658000352050696,9.72420419229533,11.542417111955181,12.430680376588297,39.0,52.0,54.0,-0.10033141370871553,-0.508913107828814,0.8549509085925511,12.835520956035268,-0.3252395173532198,-0.7953043611212866,-0.5115762206487969,11.303589773630659,-0.9402940304899605,0.32939098630879354,0.08572464268496513,9.475632675518776,59.07652891079856,59.092479125171124,46.01598306563429,18.740062816239572,5.578476514969687,56810.0,160640.80990596657, -1.7763568394002505E-15, -1.4210854715202004E-14,0.0,58.760539598487064, 101.88232687561984,101.88232687561984,0.0, 94.56014717345407, 13.652594325774452, -0.11032560165517089, 13.652594325774452, 133.2273927863558, -17.16214136431132, -0.11032560165517089, -17.16214136431132, 154.5218146248974, 7.916450508357228, 4.872603172650318, 11.0, 0.0
22, 0 ,1.0,1.0,1.0,80.59621373651224,23.2038250306907,41.90027783162112,11.927262207963766,11.663384137181671,13.422816022450696,61.0,49.0,64.0,-0.4538248269744378,-0.02985407732379891,0.8905906806657962,13.940612409317128,-0.5764390180537545,0.7719896821479489,-0.26786188441495795,12.343931010822097,-0.6795300470816907,-0.6349335907984814,-0.3675571389442755,10.57131950774352,63.187528859091,61.18765744352583,60.32976568426407,20.567203995041613,5.954512835479244,77385.0,233252.7842650571, 0.0, 0.0,0.0,NaN, 93.75393563516953,93.75393563516953,0.0, 142.2595837775207, -16.957085730645698, -27.107773064486775, -16.957085730645698, 136.03452953146103, -10.59546529996981, -27.107773064486775, -10.59546529996981, 180.17198997255912, 6.859679715625459, 4.519713671476062, 19.0, 0.0
23, 0 ,1.0,1.0,1.0,159.2498214519961,80.99323703887245,69.91084260082496,14.988433918872111,9.982810264628847,11.020544393357069,69.0,49.0,58.0,-0.9856845972676546,0.16534114149391166,-0.03298759825740858,15.109376620384541,0.07891002803372045,0.27951154471757345,-0.9568941967873532,11.12911300650399,0.14899356424026994,0.9457989232913547,0.2885572984970133,9.675310469321882,72.4096665348752,55.614923926781316,51.57983578000976,20.144012816214605,6.323037126738094,68609.0,207714.99526311623, 0.0, 0.0,0.0,NaN, 114.49020661561626,114.49020661561626,0.0, 224.653151340396, -21.28252973875525, 2.0954270988043917, -21.28252973875525, 99.65650077957909, -8.82413923877665, 2.0954270988043917, -8.82413923877665, 121.45239872595394, 6.766105235475641, 4.339458165542859, 17.0, 0.0
24, 0 ,1.0,1.0,1.0,136.87372564396452,117.8660795077517,123.2753513904808,10.379527817195637,12.27420349574089,13.211075826611006,49.0,60.0,67.0,0.3382793261345376,0.5839530229289468,0.7379471285411363,14.099828637219794,-0.3395719829177376,-0.6555975834087197,0.674449906995296,12.065595388682302,-0.8776434161590223,0.4787386297770344,0.023481022804143388,9.409539519918422,69.51364817870717,63.4506144861961,48.69879532373749,19.92981793872708,5.9770854593568625,66308.0,214794.98236011443, 0.0, 0.0,0.0,NaN, 128.90918940771687,128.90918940771687,0.0, 107.73459770793802, 34.480012724232914, 14.462531175612641, 34.480012724232914, 150.65607145485788, 22.295546847250755, 14.462531175612641, 22.295546847250755, 174.5325244964657, 7.205313588535551, 4.570532776726932, 22.0, 0.0
25, 0 ,1.0,1.0,1.0,116.15030239284775,58.45756858620388,15.566044350951003,12.98824033559693,11.095307038627123,9.346198789634913,65.0,55.0,39.0,0.9958889455617322,-0.08082404341383952,-0.040898436573776245,13.005431991487278,-0.07955433328773368,-0.9963238965197538,0.03177737054633234,11.082962831574738,0.04331646526536509,0.028393084191973908,0.998657857630421,9.336933688355119,64.8058228670567,55.465360903903246,40.41314787683479,18.668777073236157,5.534294869431837,57045.0,145264.185260111, -1.4210854715202004E-14, 0.0,0.0,5.197124735399602, 103.39420124241676,103.39420124241676,1.9073486328125E-6, 168.69438701522705, -3.77135933137193, -3.4285084453511274, -3.77135933137193, 123.10583828140857, -0.8578821921032248, -3.4285084453511274, -0.8578821921032248, 87.35143181537313, 7.312012374994056, 4.794776939419934, 16.0, 0.0
26, 0 ,1.0,1.0,1.0,150.9416146503391,152.0417560076873,54.60243642890043,10.138426113047432,14.115903624806561,10.642874616661723,47.0,64.0,50.0,0.0068744295934861045,-0.9842239683174532,0.17679344560025093,14.218252312721416,0.5813184861849917,-0.1399208936305282,-0.8015553387915427,10.876225848477024,-0.81364707326786,-0.1082835339055718,-0.5711857109973665,9.739928735121417,65.21497176342231,55.780513641588776,52.017596367989825,19.525309425490533,5.8377642243761,62961.0,189225.6910895369, 0.0, 0.0,0.0,NaN, 87.68206432283705,87.68206432283705,0.0, 102.78768404972207, -2.631382997661175, -10.785191526299895, -2.631382997661175, 199.258735144827, -16.042022924851715, -10.785191526299895, -16.042022924851715, 113.27078010598244, 6.749352867639636, 4.551322506171378, 20.0, 0.0
27, 0 ,1.0,1.0,1.0,10.84203309545327,83.46536196204306,105.50497055065598,7.102715903848883,11.36751831940875,10.728800201608259,28.0,54.0,47.0,-0.04482260628596467,-0.7579720642076951,0.650745175814972,12.988529235636905,0.042819694571836604,-0.6522588978708688,-0.7567858375426001,8.712697415882081,-0.9980768546171724,0.006056403966472801,-0.06169207605914122,7.082599222968771,62.90377795024591,43.79112344680166,29.702684042374734,16.264119560047604,5.500419498124464,32089.0,81819.81856891347, 0.0, 0.0,0.0,NaN, 126.54377471740821,126.54377471740821,0.0, 50.448573210787856, 3.3081404775965844, -4.291916366316369, 3.3081404775965844, 129.22047274209353, -45.75913008298626, -4.291916366316369, -45.75913008298626, 115.10715376602943, 8.511726505990087, 4.701080669407302, 10.0, 0.0
28, 0 ,1.0,1.0,1.0,57.68401808364394,69.98623885715905,93.89732288374599,14.898979027828341,10.25068340278852,11.042564246707432,70.0,47.0,52.0,-0.979654865881072,-0.0955130273257722,-0.17650383952369259,15.02556046373369,0.1995297186918769,-0.5579684343155257,-0.8055179188982835,11.497580885092068,-0.02154611599058248,-0.8243473102512963,0.565674179158969,9.541094171004843,71.60220503195985,58.96227800640541,52.901765376559254,20.260798040681838,6.204383466006834,70561.0,223342.21351146826, 0.0, 0.0,0.0,NaN, 130.5458801202854,130.5458801202854,0.0, 221.97957607166876, 8.024520366196832, 16.681675585890403, 8.024520366196832, 105.07651022420403, 20.77177620101915, 16.681675585890403, 20.77177620101915, 121.93822514266127, 7.549112239122573, 4.542787112333665, 18.0, 0.0
29, 0 ,1.0,1.0,1.0,97.26727850812907,186.96466502807405,139.00877173202247,10.951627537081029,7.802350208335591,12.511540741224055,53.0,32.0,59.0,0.06968785907039762,-0.11706896035862807,0.9906757596806006,12.570398851554826,0.9955485875924897,-0.05500909262265927,-0.07653110133423373,10.954348970854017,0.06345559109159286,0.9915991419164213,0.11271437224167485,7.703296537285445,58.24357382966815,53.35006129422707,34.88050661276682,17.55345859200823,5.406436688098586,44347.0,108384.13659216589, 0.0, 0.0,0.0,NaN, 115.54554665518182,115.54554665518182,1.3486991523486091E-6, 119.93814571095149, -4.126844534641822, 2.190791455122939, -4.126844534641822, 60.876668773514446, -11.188609256452846, 2.190791455122939, -11.188609256452846, 156.53865171930937, 7.260725428013102, 4.749561050341369, 11.0, 0.0
30, 0 ,1.0,1.0,1.0,46.792312221120476,121.64216658403569,144.8022124442241,10.922388505725106,10.720919348024603,13.407600204581867,51.0,54.0,61.0,0.17567618593016227,0.375643531986141,0.9099614357619825,13.888020558916342,-0.824233821863539,-0.4493146256427887,0.344608435880065,11.245755135994665,-0.5383089118649765,0.8105604876013008,-0.23068422431169153,9.729147031426473,63.27955219690034,55.49900593897533,50.689275064818105,19.50753565015569,5.784157539403545,64544.0,178018.31326963747, 0.0, 0.0,0.0,NaN, 106.65958134033437,106.65958134033437,0.0, 119.2985706699959, 18.262537851063307, 6.6659899884548235, 18.262537851063307, 114.93811166684829, 28.64845529579508, 6.6659899884548235, 28.64845529579508, 179.7637432459037, 7.052649701606107, 4.445837759839446, 14.0, 0.0
31, 0 ,1.0,1.0,1.0,17.961770161984358,140.07454722790644,24.026544779972845,10.00498697444318,10.225263516320158,12.06144039928327,39.0,44.0,52.0,0.04435272611460228,-0.3203995030815525,0.9462436230227907,12.26966326109849,0.7137800315758859,-0.6525307815555436,-0.25440449218918826,10.468896195179873,-0.6989641637521413,-0.6866933358840795,-0.1997532483907683,9.486395456453769,58.89542852158156,55.384777124536626,51.51919728009648,17.98404966386978,5.167986119354138,52289.0,168050.994192996, 0.0, 0.0,0.0,NaN, 67.01462475726032,67.01462475726032,0.0, 100.09976435877768, -9.992292453315494, -1.018932031303604, -9.992292453315494, 104.55601397818809, -15.103453337266828, -1.018932031303604, -15.103453337266828, 145.4783445054626, 7.650756684999443, 4.682556658575566, 9.0, 0.0
32, 0 ,1.0,1.0,1.0,112.42890307603018,71.16268013484644,69.54646151566416,9.856330739473629,11.50016407483892,16.54464413665379,48.0,59.0,75.0,-0.09581802848877212,-0.14135231402338805,0.9853113359424821,16.686244702301693,0.05536412639915492,-0.9890903403535751,-0.1365104835802275,11.372473619558338,-0.993857997364102,-0.041470735940933375,-0.10259853379037207,9.765365354659261,74.04860682935032,61.22684990088103,46.84702202154865,21.398067894581803,6.726735417829879,80981.0,212393.2920896868, -1.4210854715202004E-14, 0.0,0.0,84.50159581467767, 132.5501202179445,132.5501202179445,0.0, 97.14725564589276, 0.6192518106269022, -17.540339682437676, 0.6192518106269022, 132.25377374821574, -20.910263938545555, -17.540339682437676, -20.910263938545555, 273.7252496085126, 7.305885347716195, 4.415260033894005, 23.0, 0.0
33, 0 ,1.0,1.0,1.0,188.48369819562166,10.211845457854507,47.186833757994904,7.185025939605982,6.734538493121963,10.433552339439705,31.0,29.0,49.0,-0.0874332324864321,0.03557704636140347,0.9955348831804804,10.46031709169699,0.8606621633755656,0.5059184228946922,0.05750817254476833,7.364424033178295,-0.5016134671145356,0.8618473316939296,-0.074853900776039,6.4949708150751375,48.97839241424834,40.549007337757814,30.69789395937218,13.596674924968957,4.5790885416959135,19231.0,60966.79078754081, 0.0, 0.0,0.0,NaN, 49.633701000522606,49.633701000522606,0.0, 51.62459775281082, 5.037773051377324, -5.255781166703012, 5.037773051377324, 45.35400871534144, 2.731882859442126, -5.255781166703012, 2.731882859442126, 108.85901441982776, 8.31924623085608, 4.686066752237476, 7.0, 0.0
34, 0 ,1.0,1.0,1.0,172.56292338761216,103.63894782586468,124.09545233773869,12.020193631434754,11.815081147252675,14.161059683673411,52.0,58.0,66.0,-0.34820781781863336,0.021723444421276456,0.9371656244082265,14.484099097120563,0.6120602279183602,0.7624905276347911,0.2097390585173474,12.270779522463938,-0.7100236566555446,0.6466345855502118,-0.2788012190787473,11.147001932079391,72.22514093265123,68.11797866289197,61.02238525645178,21.07270865301996,6.3684973771501285,78238.0,300219.798817338, 0.0, 0.0,0.0,NaN, 125.69704015987398,125.69704015987398,NaN, 144.48505493718463, 11.6345952076137, -24.53369094121408, 11.6345952076137, 139.59614251616557, 5.9499519113020884, -24.53369094121408, 5.9499519113020884, 200.5356113645605, 7.525231955905457, 4.675353239677465, 16.0, 0.0
35, 0 ,1.0,1.0,1.0,124.09454565791866,151.35006501586946,162.64973923742676,13.107355978738438,11.317877708049112,11.394804327453214,69.0,53.0,60.0,-0.9774838956065205,0.08931147265347453,0.19117712907763984,13.203023727182646,0.0736467771603178,-0.704636337784331,0.705736341481565,11.866990652877556,0.1977407040641845,0.7039254877658243,0.6821931703189699,10.704830663426705,67.61245755838615,57.460345975191856,53.600315269287506,19.909425114559145,5.7752483787639735,71521.0,208239.111741909, 0.0, 0.0,2.8421709430404007E-14,78.97851192686123, 97.58840172822866,97.58840172822866,0.0, 171.80278075337026, -6.575441333836368, -9.79781514133583, -6.575441333836368, 128.09435581435503, -12.02509083048976, -9.79781514133583, -12.02509083048976, 129.8415656609465, 7.259553063521424, 4.365458625144033, 22.0, 0.0
36, 0 ,1.0,1.0,1.0,145.32987587633605,42.86480002298586,83.03911906677394,12.64876388735087,10.25653776675791,12.832106137321302,64.0,48.0,57.0,0.6610152278617508,-0.08777367432593743,-0.7452212091924134,13.10289446568765,0.7052071585899152,-0.26668598194692117,0.6569333683917604,12.552603775613811,0.2564015054722098,0.9597782916529897,0.11438487165378788,10.029807467337532,63.56343730458913,62.817758405266275,47.27253109576576,19.906883629159786,5.793679912928178,69608.0,188755.08731563314, 0.0, 0.0,0.0,NaN, 108.26684094446115,108.26684094446115,0.0, 159.99122787795153, -14.838991755657695, -8.625420239214847, -14.838991755657695, 105.19656696093134, -5.3310230212418785, -8.625420239214847, -5.3310230212418785, 164.66294791947905, 7.336029711605119, 4.515052812873735, 17.0, 0.0
37, 0 ,1.0,1.0,1.0,85.7795222716081,35.753541393534356,108.22727272727273,11.575951271718418,12.072741720301861,10.716079833447209,58.0,70.0,55.0,0.5226878550264441,0.700420375353268,-0.4860130697808872,12.77761651732426,0.7183488876345464,-0.6688476367231486,-0.1913575566421905,11.538660385786335,0.45909942478951665,0.2491066772285435,0.8527447340899202,9.908579117351682,59.94027530582916,57.33199294880811,53.879246048099034,19.066924735068554,5.5713991630773805,62546.0,185155.7834186918, 0.0, 0.0,0.0,NaN, 130.60886506818312,130.60886506818312,0.0, 134.00264784519928, 7.031182422806238, -21.34014819638181, 7.031182422806238, 145.75109264511715, -17.682083441132765, -21.34014819638181, -17.682083441132765, 114.83436699681396, 6.537453357365078, 4.1940381125222554, 15.0, 0.0
38, 0 ,1.0,1.0,1.0,16.262252346193954,72.41248600007724,170.9556057621751,10.296062781255396,11.161373299925923,11.051187273528992,40.0,56.0,56.0,-0.11288719106705222,-0.7184161977482049,0.6863924889638606,11.723157788015333,0.5632637550298473,-0.6153549207427227,-0.5514274782665386,10.64628722994355,-0.8185294279148839,-0.32437091165936965,-0.4741234937298534,10.096437123327092,55.234833884576915,55.756383959886875,54.20106307203076,18.026757725341117,5.267818220319024,51786.0,166922.72158397295, 0.0, 0.0,0.0,NaN, 79.69696240588388,79.69696240588388,0.0, 106.00890879555259, -1.0745949169089613, -6.29278341358858, -1.0745949169089613, 124.5762539402993, -13.632713372066226, -6.29278341358858, -13.632713372066226, 122.12874015460916, 7.542835381915749, 4.5335628167637605, 11.0, 0.0
39, 0 ,1.0,1.0,1.0,186.77238839486213,111.25631006916375,65.70003592921944,8.849598272230281,14.765474352044787,9.548176735435566,38.0,70.0,53.0,0.15447633354799273,-0.9767211069523951,0.14883864285614126,15.004901667207074,0.4883683553927153,-0.05546944477960393,-0.8708728323623702,9.684786564730917,-0.8588558737207217,-0.20721732536043214,-0.46843096422619745,8.280104863159686,67.92396155809922,50.40003633509167,46.398748969880444,18.613947768628098,6.404939489071611,44532.0,158840.09131844918, 0.0, 1.4210854715202004E-14,0.0,12.386964781159143, 111.20659572353391,111.20659572353391,0.0, 78.31538957986119, -24.309486237738145, -7.132341593044042, -24.309486237738145, 218.01923284089244, -21.544624317257586, -7.132341593044042, -21.544624317257586, 91.16767897111298, 7.28985104879849, 4.651725625270397, 11.0, 0.0
40, 0 ,1.0,1.0,1.0,50.50645041794843,150.94834833867512,187.28407608433056,15.81957373886685,13.93708662397826,6.8546260821733815,72.0,63.0,29.0,-0.912522612200133,0.39835265266825015,0.09283127886447466,16.272343209550513,0.403178652589047,0.9142444637484664,0.04005040076902653,13.484324304181873,0.06891629937776773,-0.07397448626011124,0.9948760320073182,6.698584932683636,69.49040488073324,60.860206192736,31.191399237149028,21.03815036714589,6.9916682343699055,62089.0,131914.67717766677, 0.0, 0.0,0.0,NaN, 71.544816622546,71.544816622546,0.0, 250.2589132794457, -29.459015502096058, -16.417912552493576, -29.459015502096058, 194.24238356427372, 13.147240767325046, -16.417912552493576, 13.147240767325046, 46.985898726411605, 8.8258610380466, 5.334305718015889, 14.0, 0.0
41, 0 ,1.0,1.0,1.0,81.45855529214893,104.81970436480267,76.39277646074467,12.226806739479503,12.036075067162054,11.89833231114622,62.0,63.0,62.0,0.538350575811945,-0.609269846624308,0.5822103670644642,13.993168882707213,-0.8426745422419356,-0.3964479132716908,0.36431945860723147,11.427885220312074,0.008847224439973012,-0.6867454448752552,-0.7268441514952121,10.465509154590379,65.7317960881127,52.150434952863876,52.69117511536291,20.030873133976545,5.890359865401871,71710.0,180622.279362676, 0.0, 0.0,0.0,NaN, 146.73323141970585,146.73323141970585,0.0, 149.4948030445814, -21.26164187181425, 20.575168479170863, -21.26164187181425, 144.86710302236006, -33.64936261524225, 20.575168479170863, -33.64936261524225, 141.57031178646616, 6.34723976940195, 3.9582383073223424, 21.0, 0.0
42, 0 ,1.0,1.0,1.0,49.24824559629502,182.97387101340829,163.06518090076244,11.75120074966381,9.947808308972137,10.381932150470446,53.0,42.0,44.0,-0.9487259362491327,0.053726828945072684,0.3115004425995464,11.922855036161751,-0.22567364903114762,0.5749034469726327,-0.7864842215785082,10.429510612111207,0.2213379814247271,0.816455421018498,0.5333010814430577,9.690457190786116,55.87545045206808,50.87051940918488,52.73903821479999,17.795812922126856,5.305013367431529,49447.0,149906.13767661827, -7.105427357601002E-15, 0.0,0.0,18.427221850805218, 63.87064759711188,63.87064759711188,0.0, 138.09071905889925, -4.388583062462662, -11.61989798282724, -4.388583062462662, 98.95889015205509, -5.915885418250154, -11.61989798282724, -5.915885418250154, 107.78451517697191, 7.293652321428424, 4.488343593419706, 10.0, 0.0
43, 0 ,1.0,1.0,1.0,178.9333654740177,154.97649712455663,88.38560212128517,12.558707568437642,8.722780461146762,13.005553307233056,51.0,40.0,56.0,0.40863134000390083,0.08294658987073245,-0.9089225991224077,13.142174937227399,-0.9121068210113227,0.0012286092466974488,-0.40995077458633694,12.442601965906332,0.03288730805698774,-0.9965532367857404,-0.07615819864354301,8.684316082888348,62.97094064251595,59.97081869054168,40.545816698753185,19.216010744641405,5.804944672603335,58078.0,153117.98703928982, 0.0, 0.0,0.0,NaN, 101.40480049666533,101.40480049666533,0.0, 157.7211357895329, 3.2089439008236793, -6.448857050701641, 3.2089439008236793, 76.08689897336373, -7.375592360350674, -6.448857050701641, -7.375592360350674, 169.14441682728068, 7.751997941335542, 4.628753329439931, 10.0, 0.0
44, 0 ,1.0,1.0,1.0,115.2305714850702,152.42529167490608,63.27275064267352,9.265129508370682,12.319493012569701,10.660698077323604,45.0,54.0,49.0,-0.04460808144931288,-0.9002110210734521,0.4331630600678034,12.799747482199086,-0.36879077040641517,-0.3881294464118735,-0.8445998463716736,10.234750120013281,-0.9284414288109155,0.19742251737303046,0.31467580603160683,9.092819736600545,60.49375869219196,52.79594532869015,47.16061400504621,17.963439839476766,5.3458250554061895,50570.0,150622.7563551148, 0.0, 0.0,0.0,NaN, 115.98555882891412,115.98555882891412,0.0, 85.84262480688118, 6.41805614139989, 5.306500445054928, 6.41805614139989, 151.76990808675367, -24.410006882972926, 5.306500445054928, -24.410006882972926, 113.65048349585116, 6.4013019235816095, 3.9894126739472324, 15.0, 0.0
45, 0 ,1.0,1.0,1.0,99.48891988222532,158.58464501560735,15.078855903123685,11.319758330361541,10.832232189487293,9.644481869671301,49.0,55.0,41.0,0.8118707559042372,0.3336010892419453,-0.4791410950482861,12.466112626369695,-0.21205504601260805,0.9331220048141319,0.290372143278667,10.651653195357381,-0.5439655624835765,0.13414036450018907,-0.8283162617283828,8.344371371869274,63.64227039533701,50.33875197436231,49.10551028597766,17.580736416209508,5.4229070122032015,45171.0,157317.97115920222, 0.0, 0.0,0.0,NaN, 108.81474487936951,108.81474487936951,0.0, 128.1369286577895, 14.558878812297944, -36.06547414537232, 14.558878812297944, 117.33725420696469, -1.8348831229238265, -36.06547414537232, -1.8348831229238265, 93.01603053441843, 7.491872649069064, 4.332215596361742, 12.0, 0.0
46, 0 ,1.0,1.0,1.0,95.92288539767148,8.44683686351522,133.20413101416747,11.28560267067074,5.662029477574013,10.8103085127991,57.0,23.0,54.0,-0.8214113392272325,0.006282291792672139,0.5703016259829146,11.706756354661005,0.569120431682232,0.07428482024276963,0.8188917509190878,10.373177954595164,0.03722023684441432,-0.9972172773730565,0.06459377429686693,5.624518678248777,67.14417120064155,51.4273538531543,24.654822308866688,15.777705951424949,5.229739046783029,28516.0,85134.26147918847, 0.0, 0.0,0.0,NaN, 117.19316153080844,117.19316153080844,0.0, 127.36482764025051, 2.667716168567475, -13.976368210823585, 2.667716168567475, 32.05857780491705, 4.998876512045127, -13.976368210823585, 4.998876512045127, 116.86277014189669, 6.574599318982826, 4.164151308477999, 9.0, 0.0
47, 0 ,1.0,1.0,1.0,117.62684009064768,113.00502751804383,54.63403858239226,10.29477641464048,10.688236569171304,11.056000941280148,49.0,48.0,53.0,0.06396141682948503,0.634645648044242,0.770151828262239,11.71228562359227,-0.8492211954197659,-0.3707187398208552,0.3760199159558722,10.479088088286607,0.5241491184834609,-0.6780800228322189,0.5152428400559,9.770724512999013,58.261414430479846,51.15654243773159,49.690880927329,17.820418871796093,4.988852616916714,52511.0,148101.31127069646, 0.0, -1.4210854715202004E-14,0.0,50.606292202458086, 131.6751338803586,131.6751338803586,0.0, 105.9824214274379, 6.209032663938379, -2.5257948616103714, 6.209032663938379, 114.23840095857075, 18.387473363947358, -2.5257948616103714, 18.387473363947358, 122.23515681358754, 6.579304353594247, 4.0223894073359165, 12.0, 0.0
48, 0 ,1.0,1.0,1.0,108.58661203719295,53.554358197227366,129.05685581186506,10.765023130056974,11.11297147344314,11.333477127002695,51.0,53.0,49.0,-0.26312449905738305,-0.6029521482244381,0.7531362459391642,12.547219649528998,-0.8251582675154001,0.5451317386579123,0.14813919487693278,11.027364624654188,-0.49987931698239485,-0.5824775484594559,-0.6409684656782092,9.423166678453413,58.87328075324356,53.164476886303795,48.0129973699747,18.393749060503122,5.431533599983373,53451.0,150279.1056850481, 0.0, 0.0,0.0,NaN, 127.50453516661324,127.50453516661324,1.9073486328125E-6, 115.88572299066166, -3.867802310042143, -17.61186346337825, -3.867802310042143, 123.49813496956101, -28.51893686855926, -17.61186346337825, -28.51893686855926, 128.44770378829324, 7.168904283296355, 4.1569069636771685, 15.0, 0.0
49, 0 ,1.0,1.0,1.0,16.18609376013141,49.5142758337476,93.15265740160373,9.457568577848312,10.60897933118535,11.006051914296904,38.0,56.0,49.0,0.21268938330888915,0.4732669113772864,-0.854857682203938,11.44044479215766,-0.44131123741790973,0.8270880606459946,0.34809442923655226,10.522227567896973,-0.8717841578948072,-0.3032223120620438,-0.3847708558498042,9.029295352429331,54.38105461330102,51.51165042406738,44.11727274486637,17.255752599130087,5.036688081668881,46267.0,123583.85769710093, 0.0, 0.0,0.0,NaN, 106.72895916072997,106.72895916072997,0.0, 89.44560340470373, -5.686037887232133, -13.457764286160863, -5.686037887232133, 112.55044244951796, -11.564405088157168, -13.457764286160863, -11.564405088157168, 121.13317874019853, 7.28127011181001, 4.213754148167261, 9.0, 0.0
