// Sample: .//bubblelabels.tif, Map: .//bubblelabels.tif, Thickness:(8.191250068658265):/gpfs/home/mader/Foam/NewValid/InSilicoTest/LatticeDataPhi_16.0/out_Step_05000.vtk/distmap.tif, Neighbors:(1.0):
//LACUNA_NUMBER, TRIANGLES, SCALE_X, SCALE_Y, SCALE_Z, POS_X, POS_Y, POS_Z , STD_X, STD_Y, STD_Z,PROJ_X, PROJ_Y, PROJ_Z, PCA1_X, PCA1_Y, PCA1_Z, PCA1_S, PCA2_X, PCA2_Y, PCA2_Z, PCA2_S, PCA3_X, PCA3_Y, PCA3_Z, PCA3_S,PROJ_PCA1, PROJ_PCA2, PROJ_PCA3,OBJ_RADIUS, OBJ_RADIUS_STD, VOLUME, VOLUME_BOX, Mask_Grad_X,Mask_Grad_Y,Mask_Grad_Z,Mask_Angle, Mask_Distance_Mean,Mask_Distance_COV, Mask_Distance_STD, SHAPET_XX, SHAPET_XY, SHAPET_XZ, SHAPET_YX, SHAPET_YY, SHAPET_YZ, SHAPET_ZX, SHAPET_ZY, SHAPET_ZZ, Thickness, Thickness_STD, Neighbors, Neighbors_STD
1, 0 ,1.0,1.0,1.0,129.46398124195582,15.154804837332586,183.13966587233827,22.1184609044681,9.42880246049502,9.697172883314897,90.0,39.0,41.0,-0.9905088665914805,-0.030201036618741645,0.13408983030347388,22.295115814644664,0.06867249327185958,0.736336036202371,0.6731220769352366,9.95341753299263,0.11906415863511327,-0.6759416684721649,0.7272733921652699,8.719006868670007,90.93608217658738,55.55971314024674,46.800661899045835,24.083445221559675,9.59955503189913,78473.0,236454.85171125035, 0.0, 0.0,0.0,NaN, 74.08960061161886,74.08960061161886,0.0, 489.2263127824838, 13.761007682549652, -54.85735519748223, 13.761007682549652, 88.90231583903692, 9.719207102861377, -54.85735519748223, 9.719207102861377, 94.03516192889776, 11.840706472749785, 6.397115325332815, 11.0, 0.0
2, 0 ,1.0,1.0,1.0,180.94037143082298,165.50494277933927,92.02783542164666,11.195466996137649,16.311966425588437,15.513637241496049,48.0,72.0,79.0,0.16264060996810875,0.942186410550331,0.2929723532408571,16.536888127270373,0.04874690242384602,0.2888903870936661,-0.9561203291160336,15.414079051112779,-0.9854804774795296,0.1697854882466571,0.0010566397506661823,11.001325759382617,78.36105187539675,83.54773528251783,54.79687047638497,23.9921191970549,7.514644823685187,114207.0,358748.99669437134, 0.0, 0.0,0.0,NaN, 100.111442434146,100.111442434146,0.0, 125.33848126160733, 25.001012725377898, 1.830785846939622, 25.001012725377898, 266.08024866952445, 9.881782963430188, 1.830785846939622, 9.881782963430188, 240.67294046073314, 7.869929427784607, 5.534121202739627, 18.0, 0.0
3, 0 ,1.0,1.0,1.0,170.8211418662899,64.38704001027551,166.43984972063453,15.296781197432873,15.984954281617165,16.29760710998409,61.0,84.0,71.0,-0.4382972461088535,-0.6545846118166962,0.6159663221525837,18.452206072980523,-0.6575786162992538,-0.233673842168662,-0.7162310373560293,15.049302792621843,-0.61276903270266,0.7189683730588713,0.32802224177900785,13.717027826580216,100.77975285066987,76.03990252388454,73.05054000401088,26.25154716383439,8.122717981302076,155710.0,559806.9309021549, 0.0, 0.0,0.0,NaN, 78.25203109214223,78.25203109214223,0.0, 233.99151500213586, 49.591959824585416, -23.074620674846678, 49.591959824585416, 255.51876338539094, -55.00439909616429, -23.074620674846678, -55.00439909616429, 265.61199751140396, 7.7632818806723405, 5.383884515023717, 18.0, 0.0
4, 0 ,1.0,1.0,1.0,16.20722977103753,44.52389216478987,15.684974461119767,10.075343232760147,12.155083986117878,10.435315467342795,45.0,61.0,41.0,-0.16184464101987822,-0.9222583410480925,0.351063903784435,12.40070916642,0.6427728576247894,-0.3684576367852928,-0.6716264016515875,10.767206741070021,-0.7487652273403252,-0.11695521476966161,-0.6524355233003284,9.40447170421561,58.86892293308476,61.967584095581095,48.20949973809144,18.105517296070694,5.508598761222368,50707.0,175866.56445658585, 0.0, 0.0,0.0,NaN, 49.910617048870684,49.910617048870684,9.5367431640625E-7, 101.51254125792569, 3.241582841272165, -15.579046515026475, 3.241582841272165, 147.7460667095793, -14.3506290366155, -15.579046515026475, -14.3506290366155, 108.89580890296378, 9.4826525840509, 5.908217823117149, 7.0, 0.0
5, 0 ,1.0,1.0,1.0,30.144222665947932,108.62774365476453,173.964005071633,15.96089103051974,14.510161343324908,13.56762955562675,74.0,69.0,63.0,-0.974199839154542,0.19667642349415126,0.11069353112451258,16.07430014357116,-0.12478475842398437,-0.8780881313130711,0.4619415522684517,14.738370259097326,0.18805168825706411,0.436210520378255,0.8799755362821176,13.182287868814957,76.29997847636136,76.88882548732401,69.60070763946402,24.45113226022425,7.177571152492837,131713.0,408320.60623979534, 0.0, 0.0,0.0,NaN, 99.67665936247877,99.67665936247877,0.0, 254.7500424881255, -11.450977644316637, -11.628603405440208, -11.450977644316637, 210.5447822093205, -15.781106400527973, -11.628603405440208, -15.781106400527973, 184.08057175871653, 7.6821189810059485, 5.191381955449716, 19.0, 0.0
6, 0 ,1.0,1.0,1.0,41.17403052654641,13.878054480391441,24.15356751624918,15.096785745385564,8.35341545698984,14.91947243942786,83.0,34.0,62.0,-0.7491778481773965,-0.1929367662916499,0.6336465544869687,16.346585582173823,-0.6231845239350979,-0.11883887923939844,-0.7729931241019604,13.887848056680786,-0.22444064009904996,0.9739880517717071,0.0312037510226531,7.758863555264755,93.42300178697823,80.62376654162054,39.504256927702386,21.46590331129858,7.713503908075753,68465.0,297550.5779507442, -7.105427357601002E-15, -1.7763568394002505E-15,0.0,53.60421250703102, 49.71213141400896,49.71213141400896,0.0, 227.91293984207675, 39.74769562354684, -34.360384969780824, 39.74769562354684, 69.77954979707677, -13.120351490642499, -34.360384969780824, -13.120351490642499, 222.5906578708475, 7.560104569820824, 5.235360401593213, 10.0, 0.0
7, 0 ,1.0,1.0,1.0,159.4716748002169,176.3468625830022,137.74943331822183,13.585515715223039,14.429345621011679,15.102129135924256,74.0,59.0,80.0,-0.494456044716126,0.7791927004225561,0.38519080395550703,15.440474838978387,0.3738900893820614,-0.20939360188437817,0.9035267126940749,15.14725903931795,0.7846779090209939,0.5907732687741478,-0.18779649623022632,12.36926986850838,83.13606745066065,75.5899454683757,70.9561817923026,23.768644513862576,7.476502839624229,112497.0,445906.4425515973, 0.0, 0.0,0.0,NaN, 77.95607163889972,77.95607163889972,0.0, 184.56623724857215, -38.89079906467971, 9.556073222117154, -38.89079906467971, 208.20601505060893, 11.172594491317321, 9.556073222117154, 11.172594491317321, 228.07430443813232, 7.728311556197209, 5.103386872253291, 20.0, 0.0
8, 0 ,1.0,1.0,1.0,89.19743997592589,123.69604281753111,79.54311845753713,13.551266471125675,12.456289236035369,12.674853828535115,70.0,61.0,65.0,-0.7852711081981887,-0.46059064998672405,-0.4137699116344694,13.854416638462634,-0.6087740049779009,0.4525306174810846,0.6516212481997162,13.093863318785445,-0.11288710064642768,0.763591705944346,-0.6357548341307738,11.664208806207622,67.58440453589799,68.99880332578168,57.98607046593402,21.523064409842085,6.017107485140125,93046.0,270403.13931209024, 0.0, 0.0,0.0,NaN, 141.79416375123742,141.79416375123742,0.0, 183.63682297145493, 10.464103748674278, 4.119181596377976, 10.464103748674278, 155.15914153177062, 21.08901485519139, 4.119181596377976, 21.08901485519139, 160.65191957473127, 7.37378959965053, 4.974486765431825, 21.0, 0.0
9, 0 ,1.0,1.0,1.0,171.79100284453392,39.59524506303627,16.612043030891872,15.598542639099806,13.24274923678309,11.070929008692096,72.0,69.0,52.0,0.9217203454414846,0.2138376271955125,0.32358163420476005,16.217726328270178,0.24333886056798176,-0.9684851192274474,-0.05312977293828191,13.126505557831312,-0.30202285300405096,-0.1277107788340127,0.944707443197577,10.29225988348477,85.91914552256924,75.29449404837553,55.54660530949684,22.064139399623997,7.377273309400322,85427.0,359344.24267782964, 0.0, 0.0,0.0,NaN, 51.37597615402743,51.37597615402743,0.0, 243.31453246381477, 15.318535186245931, 45.99246627264875, 15.318535186245931, 175.37040734831913, 14.284589320462342, 45.99246627264875, 14.284589320462342, 122.56546911550014, 7.594614122235827, 5.065495853712995, 14.0, 0.0
10, 0 ,1.0,1.0,1.0,76.13228548816707,54.27169371377999,43.55960718571028,12.772570376609997,14.392191780142513,16.808610865197135,64.0,67.0,81.0,-0.22917916749982703,0.5202706871349202,0.822675708461265,18.484224192711093,0.3486308157583759,-0.7452275231115754,0.5684122562899538,12.597520628882101,-0.9088088156965336,-0.41707835103868063,0.010591770726349047,12.346621703039423,88.67437127243423,60.42520198160422,63.577072960360034,24.34001540983861,7.7696066392271,117511.0,340656.5612422387, 0.0, -7.105427357601002E-15,0.0,58.649589593862785, 103.14543620726757,103.14543620726757,0.0, 163.13855402545525, -24.18858216490944, -34.436759909301216, -24.18858216490944, 207.13518423640173, 78.34095890071453, -34.436759909301216, 78.34095890071453, 282.5293992176232, 7.493787515798823, 4.787230262877018, 18.0, 0.0
11, 0 ,1.0,1.0,1.0,60.27307857031615,74.2491142345429,137.6279882417069,12.325108784110803,15.511524613772872,12.850396886865223,63.0,74.0,62.0,-0.2247249406086571,0.9725830064432074,0.05984142918018672,15.69567864295989,-0.4937406318835509,-0.06070858607370458,-0.8674875538036053,13.177903182742366,-0.8400707645762152,-0.2244922340635045,0.49384648156032174,11.7318771804432,77.94959289182674,64.62848605868032,60.10190961894304,22.643077140910346,6.70369003792741,102736.0,302779.2472770067, 0.0, 0.0,0.0,NaN, 114.1754913093627,114.1754913093627,0.0, 151.90830654016528, -22.681989758702915, 13.965930052551377, -22.681989758702915, 240.60739584368164, 8.224399401670311, 13.965930052551377, 8.224399401670311, 165.1327001499554, 7.992280622138666, 5.0672465282841035, 20.0, 0.0
12, 0 ,1.0,1.0,1.0,42.64440938719106,55.50064203690795,175.61395849384257,12.933029551318896,12.347435729646952,12.246563411429962,67.0,61.0,52.0,0.7326301993365535,0.28118618376418436,0.6198284610117675,14.21645629218955,0.365745009933442,-0.9306601723024261,-0.010110954396350012,12.253250902863215,0.5740066016422358,0.23410675716465965,-0.784672191122496,10.837478981154748,69.52206576752276,52.08797273680792,58.04536182438878,20.830712833096406,5.981817510453629,81771.0,210197.54816313102, 0.0, 0.0,0.0,NaN, 74.11845882660658,74.11845882660658,0.0, 167.26325337528783, 6.312166520003065, 38.32213218776121, 6.312166520003065, 152.45916909776216, 15.062195242556209, 38.32213218776121, 15.062195242556209, 149.97831539017508, 7.514688834301803, 4.964669137726668, 12.0, 0.0
13, 0 ,1.0,1.0,1.0,78.45463307630949,186.40665713905875,27.48376429141186,12.26410771370928,7.917068079957062,14.925271477968717,59.0,31.0,59.0,-0.21962559668715614,0.009367463808170964,0.9755392600513897,15.054946139737492,0.975275070990234,0.02728039241659494,0.21930416342283707,12.107748302246614,0.02455877001815216,-0.9995839288480982,0.01512732639286682,7.912209644988717,60.6179178440364,60.075575709203235,31.97337323883687,19.86328650600489,6.4266540958391145,60176.0,116436.03649587903, 0.0, 0.0,-3.552713678800501E-15,12.698770841618407, 84.23340026912925,84.23340026912925,0.0, 150.40833801346344, 1.8972459782908508, -17.18301022807177, 1.8972459782908508, 62.679966982675005, 2.0016419174566114, -17.18301022807177, 2.0016419174566114, 222.7637286910665, 7.444173157474135, 4.898746205214259, 10.0, 0.0
14, 0 ,1.0,1.0,1.0,188.56903188620598,56.15428477325593,94.38234628131497,7.2197971519141655,13.495870077261113,14.818244154757274,28.0,62.0,77.0,-0.04124869168415707,0.6029998356649373,0.7966741765755961,16.471433551766463,-0.09654209864451468,-0.7960272991430587,0.5975116419019134,11.468924007760233,-0.9944738149512322,0.05226602344799221,-0.09104995425191481,7.141428340399479,94.53087937082543,55.87443322903132,31.332129265495382,19.802423883809418,7.855466135934738,48579.0,165491.89858433633, 0.0, 0.0,0.0,NaN, 110.41738096867063,110.41738096867063,0.0, 52.1254709147879, 0.7095062889909093, -11.885448408867637, 0.7095062889909093, 182.1385091423119, 67.52889756111611, -11.885448408867637, 67.52889756111611, 219.58035982999812, 8.309987572513966, 5.078439137745326, 12.0, 0.0
15, 0 ,1.0,1.0,1.0,183.88093481819982,19.66286454491481,176.9699548423079,9.5520244629415,11.795076191720407,12.303217322279698,40.0,49.0,49.0,0.20162754553557577,0.6208981610897891,0.7575168687472362,13.18879273290789,-0.1720229252205742,-0.7389310410009952,0.6514514792705152,11.005260965109631,-0.9642377539174954,0.2616608304666632,0.04218013418233777,9.309894066346612,73.59116282808151,59.388542245446516,43.09751638051557,18.675720585233908,5.740349363117952,55583.0,188356.48354693042, 0.0, 0.0,0.0,NaN, 34.305035846244614,34.305035846244614,0.0, 91.24117134063283, 15.30334522350823, 9.469624905931546, 15.30334522350823, 139.12382236848958, 24.467264879369754, 9.469624905931546, 24.467264879369754, 151.36915647924323, 7.960087305237364, 5.181653187698959, 4.0, 0.0
16, 0 ,1.0,1.0,1.0,184.9030014918957,14.628290388651479,97.02981262801224,8.384856060445877,8.593634518912674,14.030654923827424,33.0,35.0,68.0,-0.20747755439250512,-0.12760852276349047,0.9698809872048348,14.335413559882177,-0.5158883657557669,0.8566525919886671,0.0023517476357689257,8.70137690184698,-0.8311511646512619,-0.4998623826186746,-0.24356793701477383,7.732890861102089,72.89973117547294,42.95765753547789,43.01805616233938,17.475401190945227,5.968751645534466,39547.0,134715.41721779728, 0.0, 0.0,0.0,NaN, 99.28086815834952,99.28086815834952,0.0, 70.30581115439594, -3.1763187617046156, -29.33961207573135, -3.1763187617046156, 73.85055424464748, -18.001308680006645, -29.33961207573135, -18.001308680006645, 196.85927759152273, 7.824161748714349, 5.3447052753416155, 8.0, 0.0
17, 0 ,1.0,1.0,1.0,101.56005110732538,84.6561766195497,13.57292002394217,14.52200546022553,17.469947489449748,9.320392236744482,73.0,84.0,37.0,-0.15552602318264888,0.9784539820469198,0.1357919774122066,17.672005901553277,0.9864073733294003,0.14644792171123444,0.07452180934366263,14.447849559076332,-0.05302970822457148,-0.1455362884059755,0.9879306852217059,9.050815977108522,87.53487507448175,71.58656436674516,42.27119074668576,23.13285402878911,8.235804988005757,86876.0,264884.8489544004, 0.0, 0.0,0.0,NaN, 130.5423913363361,130.5423913363361,0.0, 210.8886425868201, -16.7379514874556, 4.457129428554648, -16.7379514874556, 305.19906528413156, 31.994142468750127, 4.457129428554648, 31.994142468750127, 86.86971144676681, 7.671373305449752, 4.860169503090629, 16.0, 0.0
18, 0 ,1.0,1.0,1.0,75.44374666463368,122.25254440802013,124.78724174735076,12.066978594808708,14.596232886986698,14.784029440081207,71.0,64.0,71.0,-0.16116656445324123,0.09552080256768739,-0.9822938026777753,14.864979192121893,0.14743940726539276,0.9864662083424617,0.07173591139504003,14.638056481909606,-0.9758519148352217,0.1332673856398193,0.1730689002598642,11.91592251712467,72.42294150446288,66.04856404139503,66.91121999460691,23.004767086771178,6.9289396495666065,104936.0,320065.2233758636, 0.0, 0.0,0.0,NaN, 131.88398221844744,131.88398221844744,0.0, 145.61197240757156, 9.29734571205826, 13.267821224695037, 9.29734571205826, 213.05001449115204, -2.295358061547335, 13.267821224695037, -2.295358061547335, 218.56752648518787, 7.011719850301141, 4.50071062383238, 21.0, 0.0
19, 0 ,1.0,1.0,1.0,182.30211338771804,149.068849865991,36.1519207955594,10.546426521009977,13.84541138449617,11.29846118995412,45.0,68.0,52.0,-0.05088092962842244,0.9981387609387021,0.03361762799335288,13.857254746730009,-0.4854542985565221,0.004698570918216304,-0.8742494194703946,11.61623882257513,-0.8727801871107882,-0.060802445206409185,0.48431168439733013,10.179255401601093,69.29173894649007,58.14155698782024,50.47209170760645,19.900691016125077,5.877095465499264,68279.0,203338.40926815986, 0.0, 0.0,0.0,NaN, 64.91655121556099,64.91655121556099,0.0, 111.2271123630626, -4.561259465365073, 13.141144097441021, -4.561259465365073, 191.6954164059362, 2.8378245191065496, 13.141144097441021, 2.8378245191065496, 127.65522526089947, 7.8977026760274365, 5.22361361901874, 14.0, 0.0
20, 0 ,1.0,1.0,1.0,151.755156458317,187.49443180926986,10.113363657752334,13.51084112455373,7.408042664735203,6.578970358571815,68.0,28.0,25.0,0.9986293054217202,0.04304884186206391,0.02977091814620909,13.524484098347125,-0.035163479646226535,0.9731164963906677,-0.2276132995927995,7.436262214140196,-0.03876906050064544,0.22625446220281975,0.9732963979596403,6.518827283380233,68.19485673799555,33.065413158058846,29.81054567421225,15.64491322561004,5.995120112021719,25502.0,67219.53452329931, 0.0, 0.0,0.0,NaN, 50.8550320873797,50.8550320873797,0.0, 182.5428278929323, 5.59839354627399, 4.27707013877366, 5.59839354627399, 54.87909612253705, -2.6558074802210796, 4.27707013877366, -2.6558074802210796, 43.28285097896656, 7.956666509777076, 5.092192561257673, 5.0, 0.0
21, 0 ,1.0,1.0,1.0,18.92667399655224,84.72279458674376,25.859822725360047,11.30513041768106,11.427143837424328,13.643869249687036,45.0,54.0,58.0,-0.10263175716081628,-0.3953264308901227,0.9127889873688008,14.142974796521315,-0.9668726920943925,0.2552524732053339,0.001836356365907469,11.29735759256519,-0.2337176067484552,-0.8823622770507806,-0.4084273403355082,10.811416811648247,66.03542456575327,51.15031813311451,50.27790644260966,20.24725739413908,5.881269094336358,73671.0,169825.3424847329, 0.0, 0.0,-3.552713678800501E-15,24.106340130222403, 90.58091047536668,90.58091047536668,0.0, 127.80597376077755, 0.7216480889032132, -7.807444416902349, 0.7216480889032132, 130.5796162811848, -29.994919307498474, -7.807444416902349, -29.994919307498474, 186.15516810255548, 8.02220757497229, 4.91918167436917, 10.0, 0.0
22, 0 ,1.0,1.0,1.0,40.92201724702544,174.59486955572535,187.10614561729068,12.050879515566917,13.073517692175393,7.095373667069466,68.0,60.0,30.0,-0.12032609084949628,-0.9895760616129491,0.07912553408023723,13.126300695815752,0.986588905706361,-0.11034577905469345,0.12027526837191888,12.084455204244122,-0.11029035768372152,0.09253662695071958,0.9895822399753236,6.939096618531848,62.96141736605385,68.0414396422559,33.90379046854554,18.208823685264928,5.909621766291762,45805.0,145243.34606736928, 0.0, 0.0,0.0,NaN, 49.86264763627149,49.86264763627149,0.0, 145.22369709871035, 4.126489991333961, 10.433012818359474, 4.126489991333961, 170.91686484762303, -11.02002523261505, 10.433012818359474, -11.02002523261505, 50.344327475342794, 7.51425220296901, 4.877655561343714, 9.0, 0.0
23, 0 ,1.0,1.0,1.0,67.86874764949229,188.837062805566,74.38781026701767,13.466863388555254,6.697200485570713,11.739991094500475,66.0,27.0,51.0,0.9839810540556793,0.06199994192689466,0.16714452566726806,13.529592041089073,0.1711377508037923,-0.06591246474321083,-0.9830398858852545,11.707839802186268,-0.04993150818164261,0.9958973612740102,-0.07546714714476686,6.626682513666333,66.70312968283147,50.500143742530135,29.40107443302992,18.102020334193032,6.029357726105411,42544.0,99038.03777616388, 0.0, 0.0,0.0,NaN, 101.31300208087391,101.31300208087391,0.0, 181.35640952600988, 7.437433215172084, 7.21054749273757, 7.437433215172084, 44.8524943439286, 7.478170853021992, 7.21054749273757, 7.478170853021992, 137.82739089895045, 6.921332276185632, 4.726435975247304, 11.0, 0.0
24, 0 ,1.0,1.0,1.0,113.71606472117885,83.65041895405952,64.46428777809882,11.23620830179403,12.270440986964964,11.407942609022676,54.0,55.0,57.0,-0.39206457460398386,0.9060867040484896,-0.15903538627343802,12.555623747033346,-0.39856272952486205,-0.011495477897490641,0.9170690293656195,11.455607540186886,0.8291158664350167,0.42293585652490207,0.365639359603501,10.8665828020954,60.442769662101654,55.36448389551829,46.01997748583449,19.452171782456194,5.345116138351586,69220.0,154000.45870160175, 0.0, 0.0,0.0,NaN, 136.3743175129651,136.3743175129651,0.0, 126.25237700130508, -13.993609735292008, -2.3391200232483738, -13.993609735292008, 150.5637220145897, -5.83935516246117, -2.3391200232483738, -5.83935516246117, 130.1411545707551, 6.926593596341206, 4.506684427785761, 14.0, 0.0
25, 0 ,1.0,1.0,1.0,50.76026189876605,86.2730990154813,79.7458238898682,12.550816067716811,12.059944911340606,13.299244633505285,64.0,65.0,61.0,-0.4717627114463542,0.3153329433410973,0.8234106380977988,14.125084906175044,-0.7369974485157185,-0.6536634976085758,-0.171926707568791,12.393734819789401,0.48401932293050537,-0.6879601490914748,0.5407736386806694,11.25666365590327,65.74217849133034,59.42130438944419,52.150753979804016,21.04697030283586,6.071260505329269,83391.0,203726.19027809452, 0.0, 0.0,0.0,NaN, 127.9806556853036,127.9806556853036,0.0, 157.52298396565845, 2.1245433622033745, -24.874140959981034, 2.1245433622033745, 145.4422712645702, 21.926054451105593, -24.874140959981034, 21.926054451105593, 176.86990782181914, 6.8995372584697785, 4.362561769279227, 15.0, 0.0
26, 0 ,1.0,1.0,1.0,102.35424887864899,21.633508174219955,104.76673447878625,12.050196532642513,12.741550331687273,12.689255557322145,56.0,51.0,60.0,-0.46031889448652785,0.6363722599094123,0.6189805022749006,14.134388618260296,-0.003993840813581457,-0.6987209868466098,0.715383136351183,11.758249520882261,-0.8877446505692146,-0.32683226486668476,-0.32417604172402464,11.425155339072036,74.76063439884541,60.735834858673215,57.2793517991832,20.791524561864335,6.023624683084809,81598.0,260085.46267213547, 1.4210854715202004E-14, 0.0,0.0,62.59231290569153, 138.10168807733982,138.10168807733982,0.0, 145.20723647530963, -20.26319502051526, -19.752435437679708, -20.26319502051526, 162.34710485492005, 23.416446415207677, -19.752435437679708, 23.416446415207677, 161.01720659903094, 7.237163523795582, 4.665894141421884, 15.0, 0.0
27, 0 ,1.0,1.0,1.0,144.05102617785045,73.03047205709308,113.5918364228189,13.087695843888369,9.924838831191554,11.800447749782533,58.0,46.0,59.0,-0.9120613663655209,0.23596838471135614,0.33535501397798173,13.300863127723732,0.401539687185073,0.3481638357003903,0.8470819459330396,12.07938980213807,0.08312607051203955,0.9072490644399169,-0.4122974550905235,9.285265612149734,61.1003246515018,63.91683645900588,43.56122771559974,19.438202262872128,5.585433574061473,65437.0,170121.38145156179, 0.0, 0.0,0.0,NaN, 126.21453265537339,126.21453265537339,0.0, 171.28778250213287, -11.174026104476543, -7.436269110989217, -11.174026104476543, 98.50242582512774, 24.782720451317953, -7.436269110989217, 24.782720451317953, 139.25056709534766, 6.642108322823072, 4.5222171514467, 14.0, 0.0
28, 0 ,1.0,1.0,1.0,136.98853593721032,140.94767010691552,18.24182683394104,10.339527965049527,13.716402485888336,10.875916755282041,46.0,68.0,44.0,-0.11712056138041699,-0.9884122986797301,0.09656035377207636,13.790216545621758,0.46567856388860784,0.03121950226448346,0.8844030855967212,11.044968940003962,-0.8771694529773479,0.14854787274481762,0.4566259741477808,10.05831445630715,68.4306030235121,51.347193174976816,54.319487203582455,19.476075818564258,5.832115540031918,64724.0,190863.4355794275, 0.0, 0.0,0.0,NaN, 88.26316624378147,88.26316624378147,0.0, 106.9058385400412, 10.605697596244507, 7.568822005914172, 10.605697596244507, 188.13969715488375, -7.919426063182967, 7.568822005914172, -7.919426063182967, 118.28556526782465, 7.495066641807633, 4.684920946078172, 8.0, 0.0
29, 0 ,1.0,1.0,1.0,182.5767686342094,94.28973718224903,80.17638948728997,10.07946563429678,9.734563284249711,14.63575953589508,37.0,51.0,81.0,0.10429094042442844,-0.04697361500306435,0.993436902495036,14.69312769789918,0.7653549528178631,0.6416627928112829,-0.05000656475694891,10.65891846776184,-0.6351025082162364,0.7655470853025097,0.10287110499200863,9.003458366172943,80.65628356211019,56.65660627501441,48.91168638372999,19.28912791905193,6.2042204283076625,58025.0,223512.2860375001, 2.8421709430404007E-14, 1.4210854715202004E-14,0.0,84.92861828314214, 124.98950740098579,124.98950740098579,1.9073486328125E-6, 101.5956274729698, 15.324935212781888, 12.723029263746005, 15.324935212781888, 94.76172233506254, -7.33613890668351, 12.723029263746005, -7.33613890668351, 214.20545719254375, 7.362894989559744, 4.586786389479871, 12.0, 0.0
30, 0 ,1.0,1.0,1.0,59.334048584589944,11.19219260600811,107.08764124571833,11.9238932433708,7.1840591318710425,14.342015534999794,58.0,30.0,71.0,-0.10836509682059468,0.12494406621369697,0.9862281612837115,14.462076443767124,0.9924661649437364,0.07064558458837522,0.10010051358529126,11.903408039542938,-0.05716569979398066,0.9896454828352194,-0.13165827384145096,6.974278978824942,73.01316935134112,60.20684157554575,31.162923817638116,19.002694253695875,6.195236589205308,50798.0,136988.85748071634, 7.105427357601002E-15, 0.0,-1.4210854715202004E-14,31.000214970431323, 110.8083972722862,110.8083972722862,0.0, 142.17923007930384, 4.3508343570346915, -7.910019770435687, 4.3508343570346915, 51.61070561021972, 20.43673685023129, -7.910019770435687, 20.43673685023129, 205.6934096061754, 6.776469494352365, 4.512801934550145, 12.0, 0.0
31, 0 ,1.0,1.0,1.0,56.460329730774376,148.38607340895237,21.436231733242156,11.30918015851725,12.184349691917056,12.385473813552771,55.0,63.0,51.0,-0.4713173534930907,0.4250434774414287,0.7727858659297333,13.934846757276652,-0.515916460868388,-0.8435283815283405,0.14929861004448844,12.071833736068825,-0.7153252111461659,0.3283259231932155,-0.6168564909750216,9.478753660626904,65.60075124330164,60.66140857775814,51.95945562402403,19.84029142528544,6.009886106963833,67267.0,206769.2229900248, 0.0, 0.0,0.0,NaN, 79.44355406434859,79.44355406434859,0.0, 127.89755585780024, 3.4183661660515385, -42.30537879822006, 3.4183661660515385, 148.45837741491928, 27.23237340579682, -42.30537879822006, 27.23237340579682, 153.3999615862014, 7.180094598978614, 4.549369340166253, 12.0, 0.0
32, 0 ,1.0,1.0,1.0,13.095611034747307,103.5158073074833,108.03172649681936,8.886960787163996,15.041903486875233,12.30195542688766,37.0,76.0,62.0,-0.05409834967582585,0.9432059248562352,0.32777423919284177,15.391358937989798,-0.0441718170853664,-0.33019411902260326,0.9428789393863158,11.886531869544289,-0.9975581281999206,-0.036529810825971364,-0.05952607649836951,8.853895753986492,70.14159549090934,54.59883305438732,39.764260272820145,20.26040397317839,6.789040485207677,62566.0,152283.17002275382, 0.0, 0.0,0.0,NaN, 133.9360212902262,133.9360212902262,0.0, 78.9780720325905, -7.170341068845127, -5.4301983170404995, -7.170341068845127, 226.25886050846927, 29.42011831497375, -5.4301983170404995, 29.42011831497375, 151.33810732513078, 7.191748166852712, 4.552011228613491, 17.0, 0.0
33, 0 ,1.0,1.0,1.0,90.49917791563618,75.02171960705749,100.70218439559528,11.853868536355254,12.879720484407033,10.591238426764685,55.0,56.0,53.0,-0.09897871051333625,0.9901940073580408,0.09858520506314229,12.915928256970604,-0.970719522851521,-0.07428822484618619,-0.2284400744267906,11.907731102241506,-0.21887627285759476,-0.1183092872154472,0.968553607054633,10.486203684066163,57.22579160863704,54.02351015485789,52.68797023798536,19.72611161749842,5.427361320225427,72377.0,162886.86919847722, 0.0, 0.0,0.0,NaN, 153.87792499254817,153.87792499254817,0.0, 140.51419927719306, -3.27719728205615, 6.504300813401218, -3.27719728205615, 165.88719975645412, 6.0908875213137454, 6.504300813401218, 6.0908875213137454, 112.17433141257686, 6.820524097724659, 4.410356994589502, 5.0, 0.0
34, 0 ,1.0,1.0,1.0,31.829763687259945,40.260220688757244,103.96229086648005,10.152623571402982,11.795720677037634,11.697572736605672,45.0,58.0,53.0,-0.16055461915135408,-0.8085484161838002,0.5661021753675135,11.989674492894743,-0.0931152097483795,-0.5585771365231155,-0.8242094031659379,11.557673629278408,-0.9826249396299072,0.18504334962463206,-0.014393984056448135,10.085429362946948,59.18677366587438,59.19165297742012,47.23481660461367,18.759799087333132,5.207488627388818,61444.0,165480.7072779273, 0.0, -7.105427357601002E-15,0.0,36.04565075844844, 108.89105014604657,108.89105014604657,1.9073486328125E-6, 103.07576538260744, 7.114313983536207, -1.3752593831231699, 7.114313983536207, 139.13902629069318, -4.571285539094966, -1.3752593831231699, -4.571285539094966, 136.8332079281803, 6.901836134655837, 4.488142038525018, 10.0, 0.0
35, 0 ,1.0,1.0,1.0,22.30600889220202,178.08691195655067,100.77629722318362,12.879469976913478,12.271527763517796,11.401670000032471,51.0,55.0,59.0,0.7476571288002237,0.6270617251721747,0.21863762388551167,13.784383554541414,0.5891115388347518,-0.4743080040618671,-0.6542014308258568,11.855138643327354,-0.30652310282580025,0.6179203104826259,-0.7240290583444142,10.766414310039293,73.49345894882303,61.521826485065105,57.594537622182656,20.27957688428123,5.93363132669932,75122.0,260410.92748586234, 0.0, 0.0,0.0,NaN, 104.03405525615618,104.03405525615618,0.0, 165.88074688621566, 27.85532956980394, 2.6199579275505807, 27.85532956980394, 150.59039365078806, 17.800265640289478, 2.6199579275505807, 17.800265640289478, 129.99807878964046, 7.248944677316306, 4.624555357132961, 12.0, 0.0
36, 0 ,1.0,1.0,1.0,160.13250155253203,10.755998419240106,41.96072564406556,13.650150774563757,7.031682321293735,13.527383415864824,62.0,31.0,64.0,-0.7683317840457233,-0.11829056492177621,-0.6290259230553249,13.884795550612383,-0.6359725924941539,0.030315361819952272,0.7711159708072394,13.367342872141217,-0.07214659535544082,0.9925161565879987,-0.09852181327201551,6.87661774217841,68.93270337484309,74.84152761781806,31.80053138004754,19.43922936945596,6.393562077388158,53139.0,164059.85798907533, 0.0, 0.0,0.0,NaN, 58.87114260000479,58.87114260000479,NaN, 186.32661616832354, 10.690622991214207, 5.88137772145005, 10.690622991214207, 49.44455626759485, 13.897961359847804, 5.88137772145005, 13.897961359847804, 182.99010207981468, 7.420137169665021, 5.055056660653524, 9.0, 0.0
37, 0 ,1.0,1.0,1.0,133.11073916829957,42.7007810799042,32.75458578271282,11.672666961459491,11.038691204344746,15.158410827811608,63.0,51.0,65.0,0.4783399630416829,0.004975663949518651,0.8781606473337001,16.41064992075759,0.2770747135602792,-0.9497614500267277,-0.14554309034996032,11.176270361232852,0.8333189562603092,0.3129351862788669,-0.45568748756778515,9.677955688765545,77.26914245898891,52.91316693915341,51.315602041708274,20.969404258171007,6.94012689942634,73488.0,209806.6630594862, 0.0, 0.0,0.0,NaN, 85.85099189434126,85.85099189434126,NaN, 136.25115399314794, -7.804538923746191, 72.52195162339792, -7.804538923746191, 121.85270350487806, 5.086675195624857, 72.52195162339792, 5.086675195624857, 229.77741882471616, 6.527341078959151, 4.256299635216725, 11.0, 0.0
38, 0 ,1.0,1.0,1.0,18.918688222620595,130.94676249527163,16.64126770060688,11.184021987693368,13.517252938506195,9.736045141095655,53.0,63.0,42.0,-0.22886631909780053,0.9577595950271363,0.17411710460514485,13.728341827206169,0.9375239837214908,0.26501252281269116,-0.22542657939878902,11.13729909457759,-0.26204768254958744,0.11164641008965792,-0.9585750315882853,9.491166912846822,67.53780689886993,56.57032634944439,48.25812854459207,19.173960565195905,5.91170754169688,60803.0,184376.7324579355, 0.0, 0.0,0.0,NaN, 73.5064498165461,73.5064498165461,0.0, 125.08234782120873, -13.129059523763253, -11.097208566817207, -13.129059523763253, 182.71612700355433, 14.378300142211108, -11.097208566817207, 14.378300142211108, 94.79057498945231, 6.934245806720118, 4.461229146112308, 8.0, 0.0
39, 0 ,1.0,1.0,1.0,98.44334439057583,134.78686739814577,16.338708854299565,10.872818282329982,13.175758940425807,10.82850374978987,51.0,61.0,44.0,-0.05269517788027189,-0.937831779823685,0.3430667150583199,13.547152633423508,-0.779941196868683,-0.17589118422171615,-0.6006280219404752,11.691439583838495,0.6236304576070768,-0.2992220648044231,-0.722185023577037,9.42656833106163,68.26436815909489,64.13064833631259,45.86613290176207,19.261899763835856,6.1688339257912626,58785.0,200794.50816750404, 0.0, 0.0,0.0,NaN, 119.20905219644231,119.20905219644231,0.0, 118.21817740056909, 11.239766298707625, 20.694625667079137, 11.239766298707625, 173.6006236562106, -25.404496330092815, 20.694625667079137, -25.404496330092815, 117.25649345921329, 7.0162392220519845, 4.509985159053591, 7.0, 0.0
40, 0 ,1.0,1.0,1.0,145.80891353932492,102.94781838171346,82.74654173708997,9.714753025656902,12.717531763620652,11.064104961369349,46.0,63.0,52.0,-0.0652151651994898,0.9557951978408847,0.2867098219669283,12.885607845796546,0.10239066152307427,-0.2793954026905061,0.954701189581472,10.893992833188086,-0.9926042185387239,-0.09161740413106172,0.07964368524506647,9.68547828964585,65.0587138706729,49.829238149205686,47.06580392444833,18.74001203079329,5.228614366184584,60941.0,152579.1537985724, 0.0, 0.0,0.0,NaN, 138.57413170612043,138.57413170612043,0.0, 94.37642634950994, -5.213774879718868, 1.080610402330255, -5.213774879718868, 161.7356141587002, 13.159761125086906, 1.080610402330255, 13.159761125086906, 122.41441859619785, 7.506017276073367, 4.49913658497216, 12.0, 0.0
41, 0 ,1.0,1.0,1.0,28.71095750128008,146.78811596323118,126.86709092239046,15.409887549211614,11.264790912108541,11.378181402828291,65.0,65.0,59.0,-0.9729038802837557,-0.22639503588207882,0.046939615004426435,15.619176018571583,-0.12382820182025868,0.3387566872562868,-0.9326899180719748,11.431743852156732,-0.19525525898877297,0.913230088513896,0.3576117856980229,10.916947082774241,70.22666479406425,57.37435752983374,65.89780122749457,21.267555912525914,6.443153429502766,82026.0,265516.0647924084, 0.0, 0.0,0.0,NaN, 94.89070593865739,94.89070593865739,0.0, 237.46463427934714, 27.00127327155118, -4.36961623535271, 27.00127327155118, 126.89551429352318, -4.961085019004288, -4.36961623535271, -4.961085019004288, 129.4630120356676, 7.061162270643532, 4.4563733415325695, 13.0, 0.0
42, 0 ,1.0,1.0,1.0,125.157856264744,73.57352892314849,166.06794697145895,10.643369980736463,9.807214909540859,13.100029013591014,48.0,45.0,64.0,-0.09904452369326577,-0.04509201509671834,0.9940608092571054,13.12429256655632,-0.8858505990110075,-0.45105207728818075,-0.10872322569651863,10.889145718652314,-0.45327574230065876,0.8913578034372811,-0.004729449571824633,9.500157847692819,64.06116190232453,53.42257786520025,47.01257172754153,18.777258436752877,5.337425838837838,60194.0,160891.70764269898, 0.0, 0.0,0.0,NaN, 110.29866209445066,110.29866209445066,0.0, 113.2813245468421, 11.68206678692631, -5.345211019749454, 11.68206678692631, 96.1814642819205, -2.286485917128899, -5.345211019749454, -2.286485917128899, 171.61076015692635, 7.2802663015038735, 4.5454219549517365, 15.0, 0.0
43, 0 ,1.0,1.0,1.0,179.6043352211435,83.20607470334411,20.390540722761596,11.410352000269132,10.901427864961475,11.107942217945116,50.0,54.0,45.0,0.8590018487896138,0.4955905231913802,0.12847512249038429,11.66397462776778,0.11706399269311135,0.05416503864432076,-0.9916461920480539,11.098433015257903,-0.49840931511236025,0.86686572311492,-0.011487937050418583,10.639554646263848,64.62760033741105,47.335779851130425,56.35420887359027,18.56395320526756,5.272881942045642,59328.0,172398.67529394352, 0.0, 0.0,0.0,NaN, 88.06252415344775,88.06252415344775,0.0, 130.19613277004578, 9.790021534289, 1.363564470841862, 9.790021534289, 118.84112949495851, 0.9189800620873466, 1.363564470841862, 0.9189800620873466, 123.38638031720745, 7.029478357134823, 4.408153536026075, 8.0, 0.0
44, 0 ,1.0,1.0,1.0,149.92511295542667,112.95864709840741,130.3263690838594,12.198395206370757,11.334952419305997,10.394220922818599,60.0,56.0,50.0,-0.902865692868807,0.4213293788187571,-0.08552832972021107,12.427500207137745,0.4297172802826616,0.8782470473198961,-0.2098217884309372,11.132595724808468,0.01328908074326951,0.2261938956251582,0.9739916436576412,10.341391182073496,63.20028784985618,59.255221071961415,48.109041792307295,18.899944195566558,5.302257062381116,62414.0,180165.81309709928, -2.8421709430404007E-14, 0.0,0.0,25.46265552587326, 122.22154586039625,122.22154586039625,0.0, 148.80084561080903, -11.656459824110655, 2.1359382365808957, -11.656459824110655, 128.4811463479309, -4.842529583019245, 2.1359382365808957, -4.842529583019245, 108.03982859235992, 6.4598367050408045, 4.3274233439483165, 16.0, 0.0
45, 0 ,1.0,1.0,1.0,9.678183025390938,169.17640863612428,161.8523937083591,6.37571817751638,14.923266708925093,11.222609332781516,26.0,64.0,65.0,0.04952041168970287,0.9928268447468998,0.10882364254148535,14.978073695434318,0.011418392177142836,0.10838743286425362,-0.994043150329595,11.170084385390906,-0.9987078397340092,0.05046801707033462,-0.00596909597988754,6.339333953850675,66.74632410919435,64.983640638725,27.41586148445035,18.633084104034953,6.489130030521822,43677.0,118914.08233861807, 0.0, 0.0,0.0,NaN, 49.99000777177574,49.99000777177574,9.5367431640625E-7, 40.64978227911279, 9.158724266532916, 0.03235675446337325, 9.158724266532916, 222.70388926571195, 10.783531526366108, 0.03235675446337325, 10.783531526366108, 125.94696023623479, 8.159698379119051, 4.788999241177345, 6.0, 0.0
46, 0 ,1.0,1.0,1.0,118.54766406396583,178.93625066751338,31.651074516142998,11.314928204064488,10.687878272822,13.770063608226963,59.0,45.0,61.0,0.22556991532931484,0.18903427687698243,0.9557113871163836,13.989495546009906,-0.8969695840896971,-0.3425590565649933,0.279461729013577,11.276801284670814,-0.38021543697788235,0.9202822039629464,-0.09228697932438808,10.440342962117038,65.56299880360564,57.27084835825323,51.15727949727348,19.898732139685976,5.992783430536762,69287.0,192087.8373763068, 0.0, 0.0,0.0,NaN, 89.88857037134828,89.88857037134828,NaN, 128.02760026313402, 9.27876848716979, 14.138371215530134, 9.27876848716979, 114.23074197466055, 13.925336587495636, 14.138371215530134, 13.925336587495636, 189.61465177461656, 6.139808894935003, 4.159134494777212, 8.0, 0.0
47, 0 ,1.0,1.0,1.0,15.874095368621617,150.2253012652304,60.80454948103826,10.280034313528047,10.308953497809224,13.711303350715369,41.0,52.0,68.0,-0.10166787479172584,0.061842694894723826,0.9928943167948402,13.75045165631628,0.6783434316694988,-0.725742878819265,0.11466238508758304,10.697885031526809,-0.7276770107308475,-0.6851808191501592,-0.03183415025620695,9.820071404128841,67.5440091716508,56.4100805341554,52.50908882499793,19.111250651647335,5.891821943384951,59831.0,200068.18724575208, 0.0, 0.0,7.105427357601002E-15,6.834363120213911, 80.1667061534974,80.1667061534974,0.0, 105.67910548731408, -9.44931232252546, -7.950800233312798, -9.44931232252546, 106.27452221999303, 4.1896788119136, -7.950800233312798, 4.1896788119136, 187.9998395753385, 6.946689906747678, 4.397145066047688, 10.0, 0.0
48, 0 ,1.0,1.0,1.0,121.76610430761326,152.86965830264623,110.48575832833775,11.519422533014868,12.360155896777531,9.32588365716787,61.0,56.0,43.0,-0.2414434488583249,-0.96814618717637,0.06631757881026164,12.435551212127816,0.9620388910505475,-0.2298403128296657,0.14715502949133055,11.495102981136993,-0.1272251276660014,0.09932970781301675,0.9868877221022411,9.25539457707816,57.65796756121739,60.910819906749026,44.624443501655534,18.575119952652365,5.235224352243739,58385.0,156720.78132571524, 0.0, 0.0,0.0,NaN, 127.88514771375652,127.88514771375652,0.0, 132.69709549413068, 5.848044082914055, 5.474908208131918, 5.848044082914055, 152.77345379264437, -6.00079436706948, 5.474908208131918, -6.00079436706948, 86.97210598703077, 6.790827485189828, 4.420901929997269, 15.0, 0.0
49, 0 ,1.0,1.0,1.0,113.25412344348429,28.73261610115668,65.61925749148367,9.452195164028739,13.78290673871157,9.8355076876355,44.0,56.0,53.0,0.2806218461041622,-0.9528602261232647,0.11536363795153687,14.169875174854424,-0.08458365511686974,-0.14427599725491203,-0.9859158391582781,9.775973917624947,-0.9560841933512773,-0.2669116447224098,0.12108339743918511,8.927188502065317,61.22998777381572,54.557117595905,43.219527770259134,18.531297771812152,5.713206276068942,51959.0,144376.20012814077, 1.4210854715202004E-14, 0.0,0.0,73.70267807700758, 112.50021013895193,112.50021013895193,0.0, 89.34399341888829, -32.185116399462125, 5.243987068312363, -32.185116399462125, 189.96851816802084, -11.05282348911313, 5.243987068312363, -11.05282348911313, 96.73721147353703, 6.41687783488831, 4.136843861020077, 6.0, 0.0
