// Sample: .//bubblelabels.tif, Map: .//bubblelabels.tif, Thickness:(8.191250068658265):/gpfs/home/mader/Foam/NewValid/InSilicoTest/LatticeDataPhi_16.0/out_Step_05000.vtk/distmap.tif, Neighbors:(1.0):
//LACUNA_NUMBER, TRIANGLES, SCALE_X, SCALE_Y, SCALE_Z, POS_X, POS_Y, POS_Z , STD_X, STD_Y, STD_Z,PROJ_X, PROJ_Y, PROJ_Z, PCA1_X, PCA1_Y, PCA1_Z, PCA1_S, PCA2_X, PCA2_Y, PCA2_Z, PCA2_S, PCA3_X, PCA3_Y, PCA3_Z, PCA3_S,PROJ_PCA1, PROJ_PCA2, PROJ_PCA3,OBJ_RADIUS, OBJ_RADIUS_STD, VOLUME, VOLUME_BOX, Mask_Grad_X,Mask_Grad_Y,Mask_Grad_Z,Mask_Angle, Mask_Distance_Mean,Mask_Distance_COV, Mask_Distance_STD, SHAPET_XX, SHAPET_XY, SHAPET_XZ, SHAPET_YX, SHAPET_YY, SHAPET_YZ, SHAPET_ZX, SHAPET_ZY, SHAPET_ZZ, Thickness, Thickness_STD, Neighbors, Neighbors_STD
1, 0 ,1.0,1.0,1.0,130.5459347594928,15.385143092349733,180.59726049324843,20.99302422443718,9.466006586506083,11.419885434081156,86.0,38.0,47.0,-0.9784301949923055,-0.02839014976168172,0.20461757726018592,21.338435059213435,0.18353287111593458,0.3351625851630256,0.9241113172809752,10.953110963215156,0.0948158148583908,-0.9417324677971693,0.32272266785801174,9.242655438906533,87.98284825918455,55.38547373136012,45.82502272977881,24.02486628652741,9.139580407526239,87461.0,223304.04033782068, 0.0, 0.0,0.0,NaN, 73.73626046099412,73.73626046099412,0.0, 440.70706608780625, 12.399974704456648, -68.19707062612665, 12.399974704456648, 89.60528069577656, 8.550408528200284, -68.19707062612665, 8.550408528200284, 130.41378332753894, 11.217123974339168, 6.421115111062385, 13.0, 0.0
2, 0 ,1.0,1.0,1.0,180.7591891444935,165.71711448242246,92.20454169604234,11.33362893679565,16.214315058853266,15.454117704643217,49.0,67.0,79.0,0.15254927767175186,0.8997037164558082,0.4089766991864371,16.55477677825879,0.07482437755081936,0.4021181130560262,-0.9125252520760144,15.223598908414738,-0.9854592992132954,0.16980649501084308,-0.005976942878540061,11.151964572730277,81.54693736023387,84.73207451361341,54.841730608790954,23.975629500611102,7.440033721908073,114891.0,378936.6798001502, 0.0, 0.0,0.0,NaN, 100.23573490111157,100.23573490111157,0.0, 128.4511448769717, 23.776644005058333, 2.006685076327965, 23.776644005058333, 262.90401282775576, 15.674594264676571, 2.006685076327965, 15.674594264676571, 238.8297540289669, 7.841460898336596, 5.532451446167599, 16.0, 0.0
3, 0 ,1.0,1.0,1.0,170.69474718365208,65.49793686140949,165.5272006811632,15.703372536093926,15.616374873841957,15.828928722861392,66.0,78.0,72.0,-0.5593343577341516,-0.607675374009292,0.5638046790164041,18.048409852242212,-0.6533472888038766,-0.09542752075081286,-0.75101991218341,14.821871602990125,-0.5101787887307231,0.7884314986769743,0.34364716705253445,13.98531664679419,103.05312804559291,79.04540890000055,75.9608664020838,26.02362129809991,7.987064057250107,152680.0,618767.8475425964, 0.0, 0.0,0.0,NaN, 79.60622757427993,79.60622757427993,0.0, 246.59590900734898, 45.7417071349383, -29.220672550777643, 45.7417071349383, 243.87116420036241, -42.86566958203733, -29.220672550777643, -42.86566958203733, 250.55498451342635, 7.800140350721318, 5.433158847847927, 23.0, 0.0
4, 0 ,1.0,1.0,1.0,16.016552795649662,44.43222516582674,15.880325876939626,10.04418583440735,11.949545133986048,10.449447101248731,44.0,57.0,41.0,0.16819236535848187,0.9220368598292056,-0.34865363521899134,12.15194621476402,0.6182032494320636,-0.3741556828060417,-0.6912541265089006,10.817185190985109,-0.7678125230984172,-0.09927514361733875,-0.6329363121460168,9.3907907251993,56.068959550524355,60.91082486510069,48.10757052558191,17.990542320405478,5.404500876561584,50203.0,164297.29119272213, 0.0, 0.0,1.7763568394002505E-15,69.59501247448101, 49.82908133410005,49.82908133410005,0.0, 100.88566907610927, 2.5573336431527576, -15.805879146738853, 2.5573336431527576, 142.79162890916962, -11.666955982784216, -15.805879146738853, -11.666955982784216, 109.1909447217955, 9.558185598131855, 5.887603948241018, 7.0, 0.0
5, 0 ,1.0,1.0,1.0,30.69265040022573,108.61816683249923,173.9605269020004,16.123077333868373,14.569837266058816,13.642181789072424,74.0,71.0,64.0,-0.9861655208682455,2.491068092872872E-4,0.16576339582809113,16.18956750666734,0.06884884001749371,-0.9090480506270803,0.41096408465868595,14.826101922224915,0.15078926579471227,0.4166912281256993,0.8964546936260572,13.282601792506444,78.28192274479552,76.57130345232345,71.94921038770619,24.623062207584447,7.214410035533891,134674.0,431274.2775185637, 0.0, 0.0,0.0,NaN, 99.85355467315556,99.85355467315556,0.0, 259.9536227139001, -2.7364289949744576, -12.777662135768693, -2.7364289949744576, 212.28015795943622, -16.204789529666478, -12.777662135768693, -16.204789529666478, 186.10912396609928, 7.596995935235926, 5.1790507637265115, 18.0, 0.0
6, 0 ,1.0,1.0,1.0,48.721176982835665,12.906982606503655,24.183067121937807,19.8642167316693,8.321763397884368,13.965718627990936,85.0,35.0,61.0,-0.9823368780858169,-0.026276108273080655,0.18526689959793324,20.052988760570372,-0.18629270981721271,0.044278912706334106,-0.9814960031291536,13.710210101768435,-0.01758647837314796,0.9986735923331336,0.048391856286617414,8.293848922129957,87.13840163868423,68.17111096029747,35.679221249875255,24.111643357803803,8.80390843860708,87274.0,211946.0503392255, 0.0, 0.0,0.0,NaN, 55.903166475804696,55.903166475804696,NaN, 394.5871063627305, 7.620912468165339, -38.87314944490689, 7.620912468165339, 69.25174605036798, -6.802299208287832, -38.87314944490689, -6.802299208287832, 195.04129679621303, 7.640911574307992, 5.081929225955291, 10.0, 0.0
7, 0 ,1.0,1.0,1.0,161.49380044300736,175.95790581425942,138.55274078977519,15.363938013443514,14.13841006057579,14.712281347526622,73.0,59.0,79.0,0.8046687207599744,-0.43369170598673046,0.40548705773282806,16.666385302090383,-0.09911015224784504,0.5752550984870206,0.8119475040826825,14.725876038884548,0.5853933955485967,0.6935366434608975,-0.4199065332012315,12.560916710987962,89.48847394424774,83.157717427795,73.76271968792794,24.333757095636397,7.763035384516958,117831.0,548916.8762185242, 0.0, 0.0,0.0,NaN, 76.39709000745722,76.39709000745722,0.0, 236.0505912809346, -45.24257410870383, 34.39736382740408, -45.24257410870383, 199.8946390409907, 6.491157626748223, 34.39736382740408, 6.491157626748223, 216.45122244877973, 7.668369176872521, 5.037843005478434, 20.0, 0.0
8, 0 ,1.0,1.0,1.0,88.57103721498714,123.56597968559025,79.54083954987988,13.834020246740355,12.457799898188163,12.763808567215946,74.0,60.0,63.0,-0.94450968756436,-0.3088475650666972,-0.1118688144634045,13.94182739894735,0.27643572827565904,-0.5633751745364484,-0.7785831367610866,13.391273076493835,0.17743939311714674,-0.766303852442619,0.6174898116583136,11.652937732597163,71.432738183481,71.3879549874325,57.80656829065288,21.72206852945094,6.1354252039145445,94908.0,294780.9588535527, -1.4210854715202004E-14, -1.4210854715202004E-14,0.0,38.704606467931924, 141.46990227982056,141.46990227982056,0.0, 191.38011618722206, 10.309343416358516, -3.179998948932568, 10.309343416358516, 155.19677830329704, 21.120140164566134, -3.179998948932568, 21.120140164566134, 162.9148091405352, 7.303478605853698, 4.966694991230484, 21.0, 0.0
9, 0 ,1.0,1.0,1.0,172.30597159614172,39.54821627647715,16.667417963259172,15.068191264196983,13.027075875754631,10.854092640537166,69.0,69.0,50.0,0.9043648983784625,0.31137094707143254,0.29184287536404374,15.67320170749232,0.3458941383086957,-0.935357655350753,-0.07391415061019749,12.78095909526902,-0.24996274855385614,-0.16779210320089966,0.9536060163604361,10.274446639005603,85.09004458042013,76.27063369418867,55.46365414814122,21.58777779940099,6.966654188351206,82524.0,359951.9950649279, 0.0, 0.0,0.0,NaN, 51.07664281691483,51.07664281691483,NaN, 227.05038797442225, 20.750309473837582, 35.49552489491251, 20.750309473837582, 169.7047058726683, 16.72500537933466, 35.49552489491251, 16.72500537933466, 117.81132704936309, 7.739381133729266, 5.073831971233365, 11.0, 0.0
10, 0 ,1.0,1.0,1.0,75.97603677204233,54.66329532759694,43.50804601621995,12.787032696215762,14.343179903021271,16.79791385914499,64.0,69.0,81.0,-0.22815621920299156,0.5204336146436228,0.8228569695809652,18.448220865256282,0.5694934805617397,-0.614156289038646,0.5463416771874117,12.68987187317582,-0.7896973567365358,-0.5932629310712504,0.15625997369792688,12.248886629930237,89.1460382684615,63.87569510571777,63.4837709210299,24.316679958261666,7.75267700418464,117263.0,361493.4250012863, 0.0, 0.0,0.0,NaN, 103.21523185949022,103.21523185949022,0.0, 163.50820517409096, -26.4429542151357, -32.305436418089364, -26.4429542151357, 205.7268097304333, 77.80509777899744, -32.305436418089364, 77.80509777899744, 282.1699100192554, 7.494885976324985, 4.790773068544409, 18.0, 0.0
11, 0 ,1.0,1.0,1.0,58.426320140539424,74.01463091178395,136.20919017601875,13.680194681588798,15.706522360685929,13.343613318675875,64.0,79.0,62.0,-0.455321406255585,0.860968731438791,-0.22674933404558265,16.162955664562475,-0.565856224761815,-0.47646843087393853,-0.6728926863020827,14.651340638479091,-0.6873784619143538,-0.17807492205587316,0.7041307919918373,11.661546607199261,84.40080945620787,68.12462282505993,57.48517565824237,23.698150379195575,7.091703335327226,116124.0,330526.7287396187, 0.0, 0.0,0.0,NaN, 113.84668590772307,113.84668590772307,0.0, 187.14772652617046, -27.88952600598302, 42.88570692661279, -27.88952600598302, 246.6948446667271, 0.7708792832741622, 42.88570692661279, 0.7708792832741622, 178.05201639834416, 7.695063537297951, 4.965630249931601, 21.0, 0.0
12, 0 ,1.0,1.0,1.0,41.13667683139738,55.01733047789753,176.81137829092856,13.405892871642157,12.224809773945632,12.433894288938575,70.0,60.0,49.0,0.8158868992036941,0.2590773796051767,0.5169211536440518,13.976665252144134,-0.5039025874960288,0.7570279879490337,0.41592163658151393,12.35589110761151,-0.2835678931448145,-0.5998229212348871,0.7481989796428876,11.651199433961969,73.81147622610456,68.0131993963117,61.99784427054973,21.141103024219987,6.067901433191505,85918.0,311238.76622350997, 0.0, 0.0,0.0,NaN, 72.50410340395527,72.50410340395527,0.0, 179.717963685946, 6.143898696408716, 21.589212792774457, 6.143898696408716, 149.44597400915663, 13.308094435680609, 21.589212792774457, 13.308094435680609, 154.60172718849932, 7.427265652228385, 4.904506944093983, 11.0, 0.0
13, 0 ,1.0,1.0,1.0,78.66827975021162,185.9537955376679,27.54164470637088,12.349906163088894,8.16122627655446,15.00347047593808,60.0,33.0,60.0,-0.22128337266174153,0.02066526690731838,0.9749905721221587,15.136680504872267,0.975209532477525,0.004492597673982727,0.22123784561215298,12.189187832167375,-1.9169875310413943E-4,-0.9997763566467194,0.02114710244452042,8.156869876498726,63.09717450683182,61.01823994959661,33.01798424435455,20.060667644959146,6.465256107470143,62613.0,127121.83238172458, 0.0, 0.0,0.0,NaN, 84.52535886813591,84.52535886813591,0.0, 152.52018223710107, -0.384036329238927, -17.376711536720425, -0.384036329238927, 66.60561433712297, 3.3573695260653817, -17.376711536720425, 3.3573695260653817, 225.10412632234562, 7.260250241635769, 4.90240754361949, 10.0, 0.0
14, 0 ,1.0,1.0,1.0,187.28256256332804,56.571682566386905,95.29957749440801,8.223375670490281,13.378841649029116,14.038763606663046,34.0,61.0,73.0,-0.06878185473826857,0.6359341726735733,0.7686720916520524,15.523963687210285,-0.14839954517325687,-0.7684466833200726,0.6224686898846801,11.726507452469486,-0.98653263070774,0.07125603778177184,-0.14722753013111517,8.074637409625785,90.89757399492575,57.649202887018795,37.356975633603156,19.752779073459017,7.316550674101782,52307.0,195757.00331581626, 2.8421709430404007E-14, -7.105427357601002E-15,0.0,83.09241753312821, 111.55311718621039,111.55311718621039,NaN, 67.62390741801147, 0.5568190045080257, -15.974014096914622, 0.5568190045080257, 178.9934038697961, 51.34340975748294, -15.974014096914622, 51.34340975748294, 197.0868836037668, 7.887866380931698, 5.110986463960002, 11.0, 0.0
15, 0 ,1.0,1.0,1.0,183.6408698076387,18.954260756435275,176.8108354242171,9.518308064358001,11.16278785294117,12.044398461476591,37.0,45.0,49.0,0.13006543993829348,0.43564398520050274,0.8906723861736606,12.306298029869568,-0.20562623084743692,-0.8669211670575263,0.45405455982193776,10.98527673939903,-0.9699488824268705,0.24220241176801113,0.02317665231701999,9.388944515517181,65.97830049523614,57.356036039575,43.330323972539475,18.216709374490144,5.331515255719554,53805.0,163972.94232653987, 0.0, 0.0,0.0,NaN, 34.12656582775821,34.12656582775821,0.0, 90.59818840802255, 9.384094054392664, 4.295563105699237, 9.384094054392664, 124.60783264977094, 11.75616515154762, 4.295563105699237, 11.75616515154762, 145.06753429881968, 8.084957462869362, 5.207705895551329, 6.0, 0.0
16, 0 ,1.0,1.0,1.0,184.76955744879197,14.484087319056375,97.18574720977807,8.45949158918289,8.614536000933182,13.461343717904075,35.0,31.0,64.0,-0.22167925429847699,-0.11175314267982861,0.9686947627167458,13.752365742514403,0.5311542241667407,-0.8469395764630462,0.0238441600905555,8.796955315362105,0.817761272232611,0.5198120707734459,0.24710708754449542,7.776054064499826,65.41047724134518,41.2170105162663,42.68433371958133,17.170298732160692,5.671141384126429,38617.0,115078.0021465701, 0.0, 0.0,0.0,NaN, 99.43251292456901,99.43251292456901,0.0, 71.56299794745607, -4.423935234423074, -27.414222637185276, -4.423935234423074, 74.21023051137387, -14.269786838428486, -27.414222637185276, -14.269786838428486, 181.20777469155553, 7.908719354027818, 5.357885836462876, 8.0, 0.0
17, 0 ,1.0,1.0,1.0,101.1134543697363,85.11439780937917,13.851097611486953,14.450122671498155,17.18238781408973,9.432491256935384,74.0,83.0,38.0,-0.1461508735215568,0.9798996425040242,0.135781489126358,17.368089116302407,0.9868914049755401,0.1349237279426124,0.08854909611888769,14.40035677197778,-0.06844908293242503,-0.14694311232090218,0.9867737556234241,9.164692728903594,86.51014669944847,72.6463664110145,42.58179021098405,22.97134684543363,8.082673544945397,86916.0,267611.5548252288, -1.4210854715202004E-14, 0.0,0.0,81.59607059716805, 131.2054211005872,131.2054211005872,0.0, 208.80604522134496, -14.743132182777638, 6.4625077828377115, -14.743132182777638, 295.23445099377926, 30.4340574399293, 6.4625077828377115, 30.4340574399293, 88.97189131216246, 7.671233512784528, 4.864127766297599, 15.0, 0.0
18, 0 ,1.0,1.0,1.0,75.80751532180889,121.95069533524729,124.90286685806203,11.795616113082032,14.218330311249819,14.277935745577588,69.0,63.0,67.0,-0.12190240828562017,0.39097878617925214,-0.9122912866031136,14.357466741926032,-0.10735550638452133,-0.9189476865798815,-0.37948642212654543,14.200214569971605,0.9867191080054591,-0.05167918427454444,-0.1539956616584659,11.720664674117334,68.06002575179102,67.2107219332772,64.94994225260248,22.38073764448815,6.652781972268945,98226.0,297104.642931531, 0.0, 0.0,0.0,NaN, 132.20458669825203,132.20458669825203,0.0, 139.13655948720046, 3.0633823702840477, 10.265596722714532, 3.0633823702840477, 202.16091683980537, -2.1132939935089494, 10.265596722714532, -2.1132939935089494, 203.85944915484222, 7.174284101646637, 4.516068846833441, 20.0, 0.0
19, 0 ,1.0,1.0,1.0,182.38232220609578,148.428824383164,36.2855587808418,10.50924734023218,13.899135909267835,11.330182811400094,43.0,67.0,52.0,0.01726953020793853,-0.999789074965291,0.011116155200616725,13.900158546840185,-0.4315023788124842,-0.017481662359504227,-0.9019423975844111,11.562742106449388,0.9019464842248482,0.010779474068589789,-0.4317132642544589,10.251433488769754,67.18059523421792,57.93730126943804,49.56876530156805,19.937682606113714,5.87299868210971,68900.0,192934.6406812043, 0.0, 0.0,0.0,NaN, 65.47221167327625,65.47221167327625,0.0, 110.44427965817717, -1.3057342801350689, 11.149750516619298, -1.3057342801350689, 193.1859790242986, -0.5283471660196318, 11.149750516619298, -0.5283471660196318, 128.37304253974614, 7.859815301370897, 5.217282209143367, 14.0, 0.0
20, 0 ,1.0,1.0,1.0,151.81629122497054,186.85291519434628,10.460578621908127,13.230904564585515,7.722395290850083,6.720959482633079,65.0,30.0,25.0,-0.9980544384036487,-0.05977275530501204,-0.017735718367877455,13.248377987176033,0.0552000113590314,-0.9793741187119825,0.19436896445443752,7.732364841099297,-0.028987872097487558,0.19301179580630506,0.980768142809953,6.674918401415102,65.17240227276224,35.006234283559905,29.280716866309152,15.712364474251041,5.743267677968975,27168.0,66802.20989562501, 0.0, 0.0,0.0,NaN, 51.02880887605573,51.02880887605573,NaN, 175.0568355971698, 6.989285178702268, 2.481697140089199, 6.989285178702268, 59.635389028143535, -2.761282679139228, 2.481697140089199, -2.761282679139228, 45.17129636719551, 7.6891116579079695, 5.0769645404663155, 5.0, 0.0
21, 0 ,1.0,1.0,1.0,19.16612067910884,84.99410061576522,25.450745578860086,11.417272458501667,11.237665247996027,13.880120961870658,45.0,51.0,58.0,-0.136843253092918,-0.3466008083466178,0.9279772646656919,14.329643756836738,0.9552697654072053,-0.2941045189920556,0.03101946497467366,11.404140283552431,0.26217093542536524,0.8907134284167512,0.3713434920074221,10.672576199261648,66.33728334833457,51.47022169489918,51.56896527033645,20.333604759466404,5.9867775989614875,73567.0,176076.80070185164, 0.0, 0.0,0.0,NaN, 90.7693658228857,90.7693658228857,0.0, 130.3541103916607, -0.20072727751937677, -11.132499105839187, -0.20072727751937677, 126.28512022601763, -29.556219180050885, -11.132499105839187, -29.556219180050885, 192.65775791616124, 8.02352193107027, 4.92571225380614, 10.0, 0.0
22, 0 ,1.0,1.0,1.0,41.8939566704675,175.24687431234872,185.9402868631099,11.776060713137664,13.359751222677318,7.96530559779534,63.0,60.0,32.0,0.32659579063530964,0.9298615150123342,-0.16938935160825325,13.731310950582916,0.9450111303197852,-0.318031766081737,0.0762217772992326,11.52147865527448,-0.017004502668984078,0.18496853424812218,0.9825973174332817,7.701381765115825,67.04689677754988,65.33294634302113,35.04670081214567,18.58532787070589,5.932136196678338,49989.0,153517.5627348405, 0.0, 0.0,0.0,NaN, 50.650729217922525,50.650729217922525,0.0, 138.67560591950433, 17.178152808213248, -1.860240039581788, 17.178152808213248, 178.4829527318281, -22.136131552494398, -1.860240039581788, -22.136131552494398, 63.44609326626978, 7.229608155025523, 4.82290000347003, 9.0, 0.0
23, 0 ,1.0,1.0,1.0,67.72435882170838,188.63765389469674,74.63936846617294,13.359255522918401,6.781825315721163,11.431407586961761,64.0,26.0,50.0,0.9901491072075268,0.05686727674532961,0.12794865506017317,13.40276794279519,0.1314834350936157,-0.06349525222762223,-0.9892828004370303,11.414477019575749,-0.04813368666661683,0.9963606103114072,-0.07034687219599214,6.724244790308263,65.31722263125789,50.03468671998438,29.722674252837294,17.90927079133226,5.864977568715695,41993.0,97137.46745442908, 0.0, 0.0,0.0,NaN, 101.42350325174803,101.42350325174803,NaN, 178.46970812662582, 6.858472693808817, 5.963224584953492, 6.858472693808817, 45.99315461295645, 6.321997251477317, 5.963224584953492, 6.321997251477317, 130.67707941924692, 6.945449117003979, 4.746435666288107, 10.0, 0.0
24, 0 ,1.0,1.0,1.0,113.93606186619975,83.68105347632597,64.7722477566207,11.336942650779834,12.232650951248656,11.18981262343216,54.0,54.0,55.0,0.4075670415612399,-0.8984463413097218,0.16335017116671113,12.517141934369103,0.6092993245798608,0.13431536301870364,-0.7814817440757525,11.281587783214931,-0.6801789762257759,-0.4180353514289542,-0.602165264073017,10.928076655759297,59.52281731205226,52.20384256721286,51.25855918471001,19.372171945154793,5.3004602287934395,68535.0,159276.73505989692, 0.0, 0.0,0.0,NaN, 136.40001553317865,136.40001553317865,0.0, 128.5262686670709, -12.999746460447062, -1.2581164416792523, -12.999746460447062, 149.63774929508466, -6.291857245028414, -1.2581164416792523, -6.291857245028414, 125.21190654752175, 6.96208809266042, 4.510460118964888, 14.0, 0.0
25, 0 ,1.0,1.0,1.0,49.820911502635056,86.03559404703839,80.3247956792253,12.531858544432948,11.919074202592011,13.646803458326149,62.0,65.0,61.0,-0.4968856700941323,0.19664397402299594,0.8452430291552533,14.457164841716539,-0.6548852594696367,-0.7240428323078432,-0.21653469447879045,12.305979644399736,0.569411913981866,-0.6611301872279619,0.48854574785932614,11.175880403163264,66.03189730101323,55.50747238294733,53.08664160277349,21.159970404960404,6.132104493243247,84059.0,194576.5412618961, 0.0, 0.0,0.0,NaN, 127.81361221282133,127.81361221282133,1.9073486328125E-6, 157.0474785776771, 4.364551479129122, -31.561932997596244, 4.364551479129122, 142.0643298468944, 18.14042769159459, -31.561932997596244, 18.14042769159459, 186.23524463018254, 6.926500395949576, 4.359928211630445, 13.0, 0.0
26, 0 ,1.0,1.0,1.0,102.17553101719025,21.493381874291778,104.66059502857006,12.188944887584283,12.78745843835073,12.723197446917954,56.0,51.0,61.0,-0.4751732011838889,0.6266267648212278,0.6176967917079852,14.134337652779061,-0.12990351697364755,-0.7442813376267944,0.6551109575776821,11.862190316005766,-0.8702502543260375,-0.231050185176624,-0.43506356636164656,11.55327503708213,74.33618886985056,63.37006794132242,58.601709451697246,20.909859306737314,6.0619310315121435,82954.0,276054.4479719164, -1.4210854715202004E-14, 0.0,0.0,61.62937226239643, 138.27940676929867,138.27940676929867,0.0, 148.570377472567, -19.042278051348585, -20.075872461979028, -19.042278051348585, 163.5190933125473, 22.136041259863756, -20.075872461979028, 22.136041259863756, 161.87975327325955, 7.185921792743791, 4.659146595907684, 15.0, 0.0
27, 0 ,1.0,1.0,1.0,143.58037170374473,73.02961629588603,113.71416043570571,12.869259062932606,9.991169667086304,11.769633309282854,59.0,47.0,59.0,-0.9142586881169555,0.22714849164907064,0.3354617920780469,13.02898661073149,0.3990922944741794,0.36253278869526556,0.8421967214446805,12.094518484957593,0.06968781596518599,0.9038658859932629,-0.4221019645104919,9.377296992990974,59.25509844946018,63.57412379737673,44.28246467020145,19.336069895786718,5.484703215816265,64998.0,166816.07254276873, 0.0, 0.0,0.0,NaN, 126.3398014195332,126.3398014195332,0.0, 165.617828828873, -8.550527947470819, -5.484203731132101, -8.550527947470819, 99.82347131650543, 24.048435969741956, -5.484203731132101, 24.048435969741956, 138.52426823498047, 6.65483476623951, 4.535489904588926, 15.0, 0.0
28, 0 ,1.0,1.0,1.0,137.1362239619524,141.18562097558717,18.33940180046633,10.541452566171252,13.31254129810426,10.92499881118979,47.0,65.0,44.0,-0.15850350258792928,-0.9745960165179817,0.1582379355737411,13.455415006887838,-0.5309912936785249,-0.05097538974794812,-0.8458426305629496,11.082897903157479,-0.8324210987865244,0.2180919857017352,0.509422221803986,10.1893453226237,66.19728948101033,52.50285168501564,58.090631616275566,19.379308515661684,5.669565988492089,64761.0,201896.6897453082, 0.0, 0.0,0.0,NaN, 88.01885693525023,88.01885693525023,0.0, 111.12222220483845, 12.444039649686806, 6.600188343544582, 12.444039649686806, 177.22375581373146, -11.089991646877058, 6.600188343544582, -11.089991646877058, 119.3555990244983, 7.485947286564407, 4.689228683996561, 8.0, 0.0
29, 0 ,1.0,1.0,1.0,182.4227813200069,94.57482336722384,79.60229191797346,10.173076992077396,9.596444981356841,14.721577261626988,38.0,50.0,82.0,0.10855733294129563,-0.010913066478708525,0.9940302864826124,14.76961192370138,0.8107262916176979,0.5796292761861547,-0.08217531422349475,10.599445371785588,-0.575272270794003,0.8148072208614419,0.07177051823392334,9.045352965517006,81.83486610981231,55.58936103026468,49.08208873536195,19.320277228680467,6.247797743517479,58030.0,223281.68173452912, 0.0, 0.0,0.0,NaN, 124.85944381607726,124.85944381607726,NaN, 103.49149548673448, 14.185098802490613, 12.676570223753892, 14.185098802490613, 92.09175628020891, -2.9329941669453863, 12.676570223753892, -2.9329941669453863, 216.72483707005279, 7.322964357193248, 4.609804779809438, 11.0, 0.0
30, 0 ,1.0,1.0,1.0,59.08892914653784,11.46201690821256,107.52985104669887,11.69956809199577,7.305745656918285,14.011888018946085,57.0,29.0,68.0,-0.056415924003695245,0.12732972297703593,0.9902547072169867,14.108719381732863,0.9939543291020099,0.10073416556384002,0.04367401455706443,11.724297435927944,-0.09419148145232181,0.9867318630381546,-0.13224294040540968,7.076136377976309,70.0805824963713,58.47915855458749,32.58519529283043,18.717862186471315,6.019007739365443,49680.0,133542.39050723644, 0.0, 0.0,1.4210854715202004E-14,8.005498890631966, 110.33407373397586,110.33407373397586,0.0, 136.87989353924556, 7.679464760457246, -4.529687639378306, 7.679464760457246, 53.37391960358039, 19.169712740038747, -4.529687639378306, 19.169712740038747, 196.33300585548483, 6.80247489452938, 4.5156858612579605, 12.0, 0.0
31, 0 ,1.0,1.0,1.0,159.3241751903407,10.71735368761055,42.020033838345,13.465656597450783,6.983371192288835,13.236956221578827,60.0,29.0,62.0,-0.8533608589571984,-0.08043819710019565,-0.5150776066255481,13.588450602876343,-0.5197755494612156,0.055267387856527496,0.8525132808477573,13.159262343652331,-0.04010763745378017,0.995226211615624,-0.08897283366899071,6.891749821770751,66.92369111745707,72.20422628550298,30.55572413291729,19.158773072790574,6.1846426870923485,52012.0,147650.5554571597, 0.0, 0.0,0.0,NaN, 59.45643478873497,59.45643478873497,0.0, 181.32390760046982, 5.804270158294212, 4.597462305846054, 5.804270158294212, 48.76747320928958, 11.603466843372502, 4.597462305846054, 11.603466843372502, 175.21701001199443, 7.500096846299979, 5.067117014304595, 9.0, 0.0
32, 0 ,1.0,1.0,1.0,56.600479328939485,147.9339275014979,20.94005392450569,11.438766814180953,12.133776961541704,12.270807212388064,54.0,62.0,49.0,-0.5116421991176432,0.40372319849486105,0.7584390806644539,13.998538782202589,-0.5093404722231255,-0.8534178817150713,0.11068063301447549,12.05175125827931,-0.6919498128026238,0.3296748370228469,-0.6422771663358227,9.351087786828645,65.00839134348374,61.87412025153074,52.318527826408996,19.805920117411052,6.0309342168493965,66760.0,210442.7514830853, 7.105427357601002E-15, 0.0,0.0,59.22672216336528, 79.70555830082485,79.70555830082485,0.0, 130.84538622920746, 2.7100166914312753, -45.36819774903533, 2.7100166914312753, 147.22854335244023, 27.767833700733746, -45.36819774903533, 27.767833700733746, 150.57270964359495, 7.248926674528633, 4.538206965046131, 11.0, 0.0
33, 0 ,1.0,1.0,1.0,13.68489988221437,102.19624656458579,108.48326658814291,9.008852106336729,15.169095161676772,11.88782203968675,37.0,72.0,60.0,-0.12958308411040856,0.9740090055994292,0.1857812728012313,15.368291584398087,0.02712632067676409,-0.1838086465931668,0.98258767759632,11.744338161780624,-0.9911974510857948,-0.13236630405355854,0.0026027893162435334,8.858177694299071,70.85640619772354,56.661745524365344,42.11694089226777,20.205329566938275,6.657764958041611,63675.0,169093.10145065104, 0.0, 0.0,0.0,NaN, 134.6408673665557,134.6408673665557,0.0, 81.15941627384771, -20.202756323959964, -2.211994333341227, -20.202756323959964, 230.10144802400566, 17.799970172195824, -2.211994333341227, 17.799970172195824, 141.32031284726204, 7.068889166356818, 4.504296937716698, 15.0, 0.0
34, 0 ,1.0,1.0,1.0,89.97115280043502,75.18005709624796,100.65838771071235,12.199181184158245,12.879055369365071,10.500185544841251,58.0,56.0,53.0,-0.30242083926247315,0.9501721891388243,0.07559396118020796,12.980565297452431,-0.9416442548192988,-0.2855231953064172,-0.1782767576208976,12.156477058165315,-0.14780978771917763,-0.1250972259050802,0.9810723473451205,10.424441248338391,59.27020291472394,55.89360327147189,52.94917999098527,19.86840615666576,5.494581152461194,73560.0,175411.37819245533, 0.0, 0.0,0.0,NaN, 153.6736973377991,153.6736973377991,0.0, 148.8200215639206, -6.675719396978795, 5.1979893790393055, -6.675719396978795, 165.87006720717127, 6.287977906085087, 5.1979893790393055, 6.287977906085087, 110.25389647609316, 6.772017491704877, 4.410592884256718, 6.0, 0.0
35, 0 ,1.0,1.0,1.0,31.666144888524784,42.70589267950143,104.85569664696588,9.850390663086454,13.836812810945148,11.486388986621948,45.0,68.0,55.0,0.05364486636029453,0.9790989072794462,0.1961824611869792,13.940787922217087,-0.15520842796195142,-0.18590198781738068,0.970232340635544,11.408632402324212,-0.9864241340330061,0.08249715564636696,-0.14199171492553078,9.793990797879628,67.79442786928806,56.489352641040995,47.460927071013494,19.687147698122725,5.730700868572331,68356.0,181759.37262893346, 0.0, 0.0,0.0,NaN, 108.99071732119354,108.99071732119354,0.0, 97.0301962154208, 6.157340640747872, -4.119508848083425, 6.157340640747872, 191.45738876513576, 12.730512689311949, -4.119508848083425, 12.730512689311949, 131.93713195199, 6.798811600552224, 4.378842172653705, 10.0, 0.0
36, 0 ,1.0,1.0,1.0,22.209415962150004,177.2437498384136,100.83934434706171,12.968209384178378,12.903676667752414,11.213800123650298,52.0,59.0,57.0,0.6907120126065045,0.7036369232823153,0.16676928924376044,14.232267925627132,-0.6804001925078588,0.5542773827075489,0.479408136199353,11.796080575881696,0.2448928207937921,-0.44460281512004196,0.8616007446091218,10.896039286430705,77.06150478440006,61.22256792058374,58.98394522942864,20.561007968029617,6.137881615799976,77358.0,278280.5445791679, 0.0, -2.8421709430404007E-14,0.0,45.2804719160142, 104.1342436872574,104.1342436872574,0.0, 168.17445463189216, 33.04164084668294, 2.9947338552910243, 33.04164084668294, 166.50487154589806, 15.264605121536361, 2.9947338552910243, 15.264605121536361, 125.74931321317943, 7.18559507837181, 4.609737136620048, 11.0, 0.0
37, 0 ,1.0,1.0,1.0,132.59510350156575,42.26570146542492,32.27820027925766,11.771241597572645,10.995726041453164,15.653278574284947,63.0,50.0,65.0,0.4714812607070711,0.06273037705188604,0.8796421548544607,17.016818125690012,0.32008577370832175,-0.9416171918221367,-0.10441341644893468,11.128247177136817,0.821736282679313,0.3307899089451216,-0.46403396197742064,9.543755324452656,77.95286728186687,50.73970388938952,51.16934986135679,21.263422180434695,7.236029797330956,73767.0,202390.40598540858, 0.0, 0.0,0.0,NaN, 85.85855697364664,85.85855697364664,0.0, 138.5621287484246, -4.001640687986415, 81.22552477314909, -4.001640687986415, 120.90599117869128, 14.173021466598652, 81.22552477314909, 14.173021466598652, 245.0251301241682, 6.525056709892321, 4.252751895772992, 11.0, 0.0
38, 0 ,1.0,1.0,1.0,18.574161877795834,130.6905356275236,16.93110727629132,11.037286549683488,13.32239220481587,9.747161942549322,51.0,55.0,42.0,-0.2501046295136055,0.9495623344226505,0.1891535020602803,13.574919349817115,0.9333316389678781,0.28841736883301894,-0.2137930612928603,10.94246014349147,-0.2575649937343904,0.12307231370720506,-0.9583910890661278,9.50258517599848,66.75590785529394,54.52599571760109,48.12273688334367,18.99818165960804,5.777896503190347,59687.0,175163.50655214235, 0.0, 0.0,0.0,NaN, 73.72559755379014,73.72559755379014,0.0, 121.82169437982405, -14.394669793342528, -10.3201039817474, -14.394669793342528, 177.48613405893863, 15.064695536722903, -10.3201039817474, 15.064695536722903, 95.00716593428189, 7.009774782460715, 4.462275149481285, 8.0, 0.0
39, 0 ,1.0,1.0,1.0,98.29711596951373,134.52740902422443,16.51280996171324,10.466932456421892,12.825842178907221,10.815190187201056,49.0,58.0,44.0,-0.06314077140184446,-0.9364486758057203,0.34507552878825387,13.16846528451624,-0.7135538230886815,-0.1993800369400002,-0.6716312548008254,11.435321337741941,0.6977493708648593,-0.2886372783469199,-0.6556175234129853,9.319452204069622,65.64277230318609,62.291141715022874,47.02973484431832,18.86064581458108,5.941656409435585,55894.0,192302.8565940529, 0.0, 0.0,0.0,NaN, 119.25458511032981,119.25458511032981,0.0, 109.55667504729804, 11.365536879355771, 19.15983406028957, 11.365536879355771, 164.50222759823555, -22.089707747903777, 19.15983406028957, -22.089707747903777, 116.96833878532999, 7.1179007437334345, 4.5288089386383925, 7.0, 0.0
40, 0 ,1.0,1.0,1.0,145.82312238242645,103.46191792613683,82.95047095631446,9.501561866690333,12.871360216539822,11.117851040029056,45.0,62.0,49.0,-0.11865664105387418,0.957850251693134,0.26161708060677497,13.049861181948977,0.04253394925579121,-0.2583333727504736,0.9651190246203163,10.9626377453984,-0.9920239234486828,-0.12564538930961483,0.010088183717472983,9.438214888090357,64.77772433189958,49.47394501181672,46.17908577805855,18.755285326086685,5.272331155741872,60409.0,147995.17610866012, 0.0, 0.0,0.0,NaN, 138.33118227920937,138.33118227920937,0.0, 90.27967790654387, -9.572686304345822, -1.2446029206207012, -9.572686304345822, 165.67191382392403, 12.598852131883897, -1.2446029206207012, 12.598852131883897, 123.60661174827516, 7.534409744378919, 4.497971621063717, 12.0, 0.0
41, 0 ,1.0,1.0,1.0,29.650847074484787,146.4278071508408,126.99369560576187,15.526281044454134,11.336747991227238,10.822760231947369,67.0,65.0,56.0,-0.9718925923828513,-0.2343415657935775,0.02255702579585843,15.750124114650344,0.23338175533398328,-0.9464310268597097,0.22316197631878165,11.038014319008688,-0.03094745786925738,0.22215386996109251,0.9745203501788662,10.808109334784726,71.83626671244222,63.45660924165939,56.77016089833762,21.103571728718908,6.4310696946141475,79627.0,258785.97834500065, 0.0, 0.0,0.0,NaN, 95.28417003997117,95.28417003997117,0.0, 241.06540307137573, 28.78371525246049, -2.6158372759065225, 28.78371525246049, 128.5218550165948, -1.7545963154492557, -2.6158372759065225, -1.7545963154492557, 117.13213903822145, 7.232325878052078, 4.482607272266173, 12.0, 0.0
42, 0 ,1.0,1.0,1.0,124.54951140616797,73.85425169780005,165.94882043118193,10.29478378898956,9.912163298398013,13.221667596638282,48.0,46.0,64.0,-0.08796483238512781,-0.025337555532814564,0.995801283662096,13.24215888806837,-0.8081446252988382,-0.582640188002723,-0.08621296842559052,10.640091212431392,-0.5823782730013686,0.812335164574188,-0.030775437156443933,9.512083658507096,64.33508381528337,51.79464252277171,47.008196398137606,18.71526048857704,5.3651722616192155,59047.0,156641.30753230758, 1.4210854715202004E-14, 0.0,0.0,84.9534638421812, 110.93560994071234,110.93560994071234,0.0, 105.98257326204225, 10.892612582544178, -5.850887877971104, 10.892612582544178, 98.25098125410858, -0.9996519953468777, -5.850887877971104, -0.9996519953468777, 174.81249403599475, 7.282678594400992, 4.56804151993044, 15.0, 0.0
43, 0 ,1.0,1.0,1.0,179.35298211888704,83.16603417132062,20.581890194388745,11.487639149112034,10.880779130382175,11.208696273028032,50.0,53.0,45.0,0.8772584294681458,0.4762073597156221,-0.06036719705070187,11.732116458587157,-0.06834245547168527,-5.712821263459955E-4,-0.9976617575194673,11.207328216540228,-0.47512835813828536,0.8793328290183466,0.03204401821571222,10.618159797924207,64.52093953233117,47.558992287519054,55.76922590220773,18.658432263938217,5.2777822328520365,60343.0,171130.7064161519, 0.0, 0.0,0.0,NaN, 88.1277640198714,88.1277640198714,0.0, 131.96585322021147, 10.401495983807088, -0.44174570605507035, 10.401495983807088, 118.39135448416029, -0.708399613170929, -0.44174570605507035, -0.708399613170929, 125.6348721409925, 6.960724610603498, 4.407343630646895, 8.0, 0.0
44, 0 ,1.0,1.0,1.0,150.03098435771844,112.9333544003792,130.29614473060516,12.20251007003846,11.32667295048981,10.550367769031725,60.0,56.0,52.0,0.8991313074097329,-0.4243857361149282,0.10704970349261156,12.444645060224206,0.43740783095183966,0.8626745791593765,-0.2539034460069415,11.123505785163498,0.015403942926148162,0.2751169159727985,0.9612873665496415,10.483485134774716,63.78702258809497,61.453421145133575,49.410234643506215,18.981221767745488,5.312085504043364,63290.0,193684.6987713225, 0.0, 0.0,0.0,NaN, 122.21346382312093,122.21346382312093,0.0, 148.90125200939002, -11.939742581436903, 2.7921987704737803, -11.939742581436903, 128.29352012735754, -5.071841705266362, 2.7921987704737803, -5.071841705266362, 111.31026006182344, 6.409872247520961, 4.323631932581919, 16.0, 0.0
45, 0 ,1.0,1.0,1.0,10.11440556578678,167.48745651729078,161.70454266421117,6.693462658977464,15.896315759761961,11.569374992761098,27.0,69.0,66.0,0.04292093161671694,0.9819007082208715,0.18446894813085818,16.044733195761083,-1.3205625328766013E-4,-0.18463352091588153,0.9828074305352759,11.3799061413087,-0.9990784634803712,0.042207370796543894,0.007794976596756071,6.66408341155445,74.25048298343688,65.42051154060874,28.18163982703475,19.542935532129825,7.029893712649489,48870.0,136892.44450111815, 0.0, 0.0,0.0,NaN, 51.24362141985575,51.24362141985575,0.0, 44.802442367125664, 8.979755076976392, 1.6755862894289861, 8.979755076976392, 252.69285473405648, 23.14420676597417, 1.6755862894289861, 23.14420676597417, 133.85043772312585, 7.713736454225011, 4.776977428689288, 6.0, 0.0
46, 0 ,1.0,1.0,1.0,118.04761549703242,178.3652211518387,31.49036654836112,10.436962882741343,10.885148141833072,14.061762353974219,57.0,46.0,61.0,0.12588682232201379,0.12993844772219157,0.9834980974914045,14.163085405218352,-0.0724303957780331,-0.9875352017292747,0.13974284637489773,10.823799039409069,-0.9893969606447673,0.08882693932061414,0.11490617528152568,10.36350283176481,64.64280668717333,50.23495261652769,56.61484987587694,19.728363648129978,5.9951207287453805,67058.0,183847.00595325636, -1.4210854715202004E-14, 0.0,3.552713678800501E-15,84.97061388811481, 90.42068439732819,90.42068439732819,0.0, 108.93019421572046, 2.221939945452877, 11.439190843912385, 2.221939945452877, 118.48645006965201, 10.563399338842334, 11.439190843912385, 10.563399338842334, 197.73316049964657, 6.258719830422035, 4.18007922020781, 9.0, 0.0
47, 0 ,1.0,1.0,1.0,16.03326899634295,150.00521468237844,60.83260530949479,10.277979478315872,10.264188003032979,13.509266092670556,40.0,49.0,66.0,-0.10554125729488575,0.06289636785825094,0.9924238459039839,13.549526320436971,0.6940300023490811,-0.7100750137059153,0.11881006165253116,10.601153164855631,-0.7121680973253076,-0.7013112873901173,-0.03129024338779496,9.875048149144586,65.61194088473803,52.480831587134034,53.259947092480616,18.96990907730938,5.799416994791161,59064.0,183393.66245986958, 0.0, 0.0,-7.105427357601002E-15,7.057267864717887, 80.35639453338443,80.35639453338443,0.0, 105.63686215668221, -7.898453319295686, -7.789466839922573, -7.898453319295686, 105.35355536160614, 4.118355640739981, -7.789466839922573, 4.118355640739981, 182.5002703625784, 6.960145432436941, 4.3986600953379815, 10.0, 0.0
48, 0 ,1.0,1.0,1.0,120.69421446956407,152.8409102086988,110.45348131875338,12.296156986419955,12.369590695871553,9.291132938996265,66.0,59.0,45.0,-0.615477513613529,-0.788049087108067,0.012886680885747155,12.496295138408751,0.7853185592999243,-0.6117951885019547,0.09477028935774022,12.191030888879942,-0.06679963065167432,0.06844913172568944,0.9954157552052304,9.260063476474379,58.078011379961,60.15818945017071,44.94710225842691,18.976677597549234,5.514808180422643,60997.0,157039.24278965686, 0.0, 0.0,0.0,NaN, 128.57669453082997,128.57669453082997,0.0, 151.1954766346843, 3.942712874611036, 4.120831082797318, 3.942712874611036, 153.0067739833921, -4.360368826053988, 4.120831082797318, -4.360368826053988, 86.32515129010136, 6.624533399813237, 4.417501330624477, 14.0, 0.0
49, 0 ,1.0,1.0,1.0,113.1644312261877,28.641804680817977,65.51158541326491,9.505571187813478,13.942343352640771,9.660891769287053,44.0,57.0,52.0,0.2947087272957063,-0.9504410182709981,0.09903856240744587,14.367089349071962,-0.1412891650955694,-0.145842203296881,-0.9791666985575583,9.625232224703318,-0.9450841961869545,-0.2745758957474227,0.17726798806371763,8.889280049796506,61.68424635197709,54.18453127499638,42.85361064978075,18.561349206381482,5.792578630123986,51444.0,143230.99314610122, 0.0, 0.0,0.0,NaN, 112.48349569161299,112.48349569161299,0.0, 90.35588360658974, -35.40269080543959, 5.603384242849457, -35.40269080543959, 194.3889381629263, -10.045817113556348, 5.603384242849457, -10.045817113556348, 93.33282977787832, 6.450415737654682, 4.1443419956744565, 6.0, 0.0
