// Sample: .//bubblelabels.tif, Map: .//bubblelabels.tif, Thickness:(8.191250068658265):/gpfs/home/mader/Foam/NewValid/InSilicoTest/LatticeData_Phi_6.65/out_Step_06000.vtk/distmap.tif, Neighbors:(1.0):
//LACUNA_NUMBER, TRIANGLES, SCALE_X, SCALE_Y, SCALE_Z, POS_X, POS_Y, POS_Z , STD_X, STD_Y, STD_Z,PROJ_X, PROJ_Y, PROJ_Z, PCA1_X, PCA1_Y, PCA1_Z, PCA1_S, PCA2_X, PCA2_Y, PCA2_Z, PCA2_S, PCA3_X, PCA3_Y, PCA3_Z, PCA3_S,PROJ_PCA1, PROJ_PCA2, PROJ_PCA3,OBJ_RADIUS, OBJ_RADIUS_STD, VOLUME, VOLUME_BOX, Mask_Grad_X,Mask_Grad_Y,Mask_Grad_Z,Mask_Angle, Mask_Distance_Mean,Mask_Distance_COV, Mask_Distance_STD, SHAPET_XX, SHAPET_XY, SHAPET_XZ, SHAPET_YX, SHAPET_YY, SHAPET_YZ, SHAPET_ZX, SHAPET_ZY, SHAPET_ZZ, Thickness, Thickness_STD, Neighbors, Neighbors_STD
1, 0 ,1.0,1.0,1.0,184.21694308452132,35.68199365928354,20.88313887031725,9.793556470711355,18.39689213271894,13.041858389999101,41.0,82.0,56.0,-0.03970612190823407,-0.9989884143864308,0.021108571829790417,18.410652352743195,0.31909894625733404,0.007341690180311909,0.9476929682564681,13.397912236373974,-0.9468892682782224,0.044364935557050865,0.3184846403086829,9.273256515677232,82.60162791301939,64.26581877258029,45.38928009805866,23.29551425724456,7.8592922227923365,92734.0,240947.23455587387, 0.0, 0.0,3.552713678800501E-15,88.79047808978541, 44.253983393309866,44.253983393309866,0.0, 95.91374834501225, 10.252923971386286, 28.066372767345115, 10.252923971386286, 338.445640142896, -4.683581369447536, 28.066372767345115, -4.683581369447536, 170.09007026478994, 10.689549854905287, 7.152555136287997, 10.0, 0.0
2, 0 ,1.0,1.0,1.0,60.499146669308466,82.94612984135705,32.813406523138994,16.51867058166107,17.945948437282684,17.464341520991614,79.0,85.0,70.0,-0.08363351229441786,0.7824252012738785,0.6171031032435581,18.610373473407325,-0.5727275422776196,-0.5445142308285333,0.6127702789315482,17.02582658877147,-0.8154683304322348,0.30218381299589997,-0.49365610016014405,16.238903781051693,93.44862157184178,88.76448580867691,80.4154438190299,28.87121674746337,8.14736837157278,222071.0,667039.5802311597, 0.0, 0.0,0.0,NaN, 107.78184843018116,107.78184843018116,NaN, 272.8664777854348, 2.7554714105171536, -13.452048486582228, 2.7554714105171536, 322.05706531360886, 31.169386287433213, -13.452048486582228, 31.169386287433213, 305.00322476183163, 10.618762985218037, 6.710524041268545, 19.0, 0.0
3, 0 ,1.0,1.0,1.0,56.751786880406485,147.4760124164706,14.239902672045945,15.673548987277128,19.195058966806542,8.920825890556666,80.0,89.0,36.0,-0.2082111576316504,0.9778405761341372,0.02181562521099568,19.353075893429665,-0.9756047428968122,-0.20604467051768102,-0.07576925094327076,15.512593575041471,-0.06959525468688309,-0.03705943087688807,0.9968867032457341,8.86055614530578,87.36570296126979,70.12311135260357,38.448504344718685,25.021169590980694,8.22390621693075,111787.0,235549.1836493923, 0.0, 0.0,0.0,NaN, 78.62766315936884,78.62766315936884,0.0, 245.66013785657586, -27.68004404340574, 10.640213794459493, -27.68004404340574, 368.4502887391802, 8.84618335777045, 10.640213794459493, 8.84618335777045, 79.58113456962612, 10.597139949949725, 6.756822835427338, 14.0, 0.0
4, 0 ,1.0,1.0,1.0,167.54719423417453,184.88551191376115,81.32054800194679,17.916087399975915,8.585288311095486,15.850072138673191,73.0,35.0,68.0,0.9623333572868746,0.07413557209485075,-0.26156916179691714,18.11089432322134,-0.26183144136766445,-0.006331610033733455,-0.9650928489143996,15.67223121780464,-0.07320386440826722,0.9972280720399673,0.013317904157417201,8.502636378096586,77.85831436955671,69.56397909513018,36.849385806399,24.157365787477357,7.8955574926262795,96569.0,199581.21698996195, 0.0, 0.0,0.0,NaN, 88.85192107951512,88.85192107951512,0.0, 320.9861877235757, 18.53046815699684, -20.568871972567702, 18.53046815699684, 73.70717538463279, -3.89950213102008, -20.568871972567702, -3.89950213102008, 251.22478680114412, 10.964144930597007, 6.870134057171973, 15.0, 0.0
5, 0 ,1.0,1.0,1.0,14.314081970984144,113.73077441718424,142.73983294862336,9.094084570655628,18.20646871890627,19.520698985734878,37.0,93.0,101.0,-0.05447532648987799,0.33895181874680347,0.9392252676392678,19.722722148610586,0.03705470283772028,-0.9392878416989917,0.34112358381392804,18.02204632679698,-0.9978273336612048,-0.05338553179171218,-0.03860825292455781,9.02527803039379,92.87724024334415,93.56096900169672,39.02641469874854,26.658410977775013,9.195906177338752,126069.0,339127.23462026234, 0.0, 0.0,0.0,NaN, 104.52750334759922,104.52750334759922,0.0, 82.70237417823677, -14.14779798223969, -12.658801334457358, -14.14779798223969, 331.47550321251254, 19.933985913342855, -12.658801334457358, 19.933985913342855, 381.0576888916707, 11.265542896760834, 6.9092879291515565, 16.0, 0.0
6, 0 ,1.0,1.0,1.0,58.48324273591177,145.38897970357044,184.22125845684565,18.82591839809777,19.21471169330894,8.778895514179604,93.0,94.0,39.0,-0.6522859511733671,-0.75768723708997,0.0208107821290605,20.260016723274955,0.7568152621122072,-0.6525610381671212,-0.03734635859462079,17.709524870799306,0.04187716485013898,-0.008610587506988893,0.999085662416841,8.751788769209512,107.80672385101242,100.05793246799352,41.1036035596683,26.71345526519758,9.331702054390554,127855.0,443381.1967736279, 0.0, 0.0,0.0,NaN, 81.5574760730755,81.5574760730755,0.0, 354.41520353183614, 47.94707980927543, -11.231789556577041, 47.94707980927543, 369.2051454569833, 0.5121360382128045, -11.231789556577041, 0.5121360382128045, 77.06900644888279, 9.481854505254518, 6.513167900368449, 21.0, 0.0
7, 0 ,1.0,1.0,1.0,185.38189286804354,174.68241937124836,136.23576915250788,9.111160225431968,14.991366328928565,14.942723111982806,37.0,60.0,72.0,-0.046819960142801,0.7269753885276855,0.6850654536664704,15.732390651793262,0.11412418620979656,-0.6774339142101937,0.7266766557416083,14.228980594069967,-0.9923626159092144,-0.11220550945865686,0.05124804574756985,9.003736707387647,76.02111342303198,73.8102923088718,40.83365301190878,21.93622949074544,7.059823991602093,78632.0,229123.36840026345, 0.0, 0.0,0.0,NaN, 70.14660419854238,70.14660419854238,0.0, 83.01324065349351, -15.050505790253494, 4.729042732212513, -15.050505790253494, 224.74106440813316, 23.13125225450735, 4.729042732212513, 23.13125225450735, 223.2849740013851, 11.21870222128037, 6.875422649663317, 8.0, 0.0
8, 0 ,1.0,1.0,1.0,78.08133240433058,23.98230651731161,45.6972813270447,16.690800576563863,13.734813447448321,14.955767548386397,82.0,56.0,76.0,-0.9531888098361577,-0.28439101505620556,0.10272703324067572,16.97441038124637,-0.09133186158553624,-0.05308095387033336,-0.9944047985581809,14.933654676680153,-0.2882526389514068,0.9572377776140665,-0.02462221042134745,13.407395626701856,86.0060475159516,73.58499695100458,60.89150713236248,25.294781522503957,7.146812926970034,149264.0,385367.41464720847, 0.0, -3.552713678800501E-15,-7.105427357601002E-15,83.42115390717635, 93.5953365110085,93.5953365110085,0.0, 278.58282388662457, 29.587099360059558, -6.683105070950257, 29.587099360059558, 188.64510043620723, -0.8828483761339372, -6.683105070950257, -0.8828483761339372, 223.67498296136765, 9.544668123980582, 6.295212055744452, 18.0, 0.0
9, 0 ,1.0,1.0,1.0,51.804607127954995,183.2402411476094,121.8078157148818,14.676003601884412,9.684103945793536,12.59579085830432,62.0,36.0,58.0,-0.9708256975858325,0.025189853421143223,0.2384595063980533,14.805433227261696,-0.23419445054805688,0.11390453035218909,-0.9654940275826367,12.47933185806946,0.05148227111808047,0.9931723059217207,0.10468212125599989,9.637755009900841,63.25422615446742,62.33685278127179,41.17190963319635,20.670304564888358,6.368626814028132,69501.0,162343.6963383563, -7.105427357601002E-15, 0.0,0.0,13.87392737774345, 95.28181631219012,95.28181631219012,0.0, 215.38508172252426, -4.765521722212114, -15.031508360914518, -4.765521722212114, 93.78186923293394, -6.152848145945845, -15.031508360914518, -6.152848145945845, 158.65394734614267, 10.91236470223787, 6.563271618436315, 9.0, 0.0
10, 0 ,1.0,1.0,1.0,169.85176221037747,95.59779179810725,16.653169077921607,16.120024427054062,15.573643206468276,10.39979182935974,68.0,71.0,41.0,0.8963516518750408,0.4271567489771354,0.11870479343383948,16.348670512324656,-0.42985428161237155,0.902892716151109,-0.0031685486875038587,15.407468562389472,0.10853116031996556,0.048185629855357424,-0.9929245350554314,10.28980589338978,79.89069909369482,69.15309883176066,44.14551542052054,23.65283409414724,7.147912958334344,110316.0,243890.2615500136, 0.0, 0.0,0.0,NaN, 101.61290311191651,101.61290311191651,0.0, 259.85518752881967, 10.756206618028704, 17.352163547728786, 10.756206618028704, 242.53836272237547, 7.807590122805085, 17.352163547728786, 7.807590122805085, 108.15567009401762, 9.671836086405042, 6.079538932009628, 13.0, 0.0
11, 0 ,1.0,1.0,1.0,90.33134949028984,179.50434789928698,85.6533129056426,16.823722299980204,12.08892103419381,14.334606005637726,83.0,54.0,70.0,0.8818830825602554,-0.17863685724053588,0.43631536980634394,17.573344242402968,0.47134718984619967,0.35501822367829383,-0.8073375300829264,13.887148330563365,0.010679668445835643,-0.917633333141039,-0.39728454612576297,11.53192336592746,92.39219003345715,72.27552327275099,65.49698017687581,24.091519794064094,7.36608764180981,118793.0,437368.78375002544, 0.0, 0.0,0.0,NaN, 126.15987661488207,126.15987661488207,1.9073486328125E-6, 283.03763202685127, -17.682768698591047, 44.876670320709856, -17.682768698591047, 146.1420117709735, -30.86433490286345, 44.876670320709856, -30.86433490286345, 205.48092933686516, 10.624924799393977, 6.555482087714776, 17.0, 0.0
12, 0 ,1.0,1.0,1.0,152.76002575423107,181.40075423105225,181.83806370230212,15.835510128689148,11.738788203657357,10.917776259185885,70.0,54.0,43.0,-0.9951536799667737,-0.02073271515673185,-0.09612131798314918,15.881150488833187,-0.04277329302420953,-0.7889230322377616,0.6130015453558342,12.978230197945539,-0.08854150807645512,0.614142168986144,0.7842128522413679,9.333539952877071,70.43913048240597,69.17477665626105,49.18584192930507,21.4653521628838,6.855583454028729,76104.0,239663.4802812063, 0.0, 0.0,0.0,NaN, 53.92033976150622,53.92033976150622,0.0, 250.76338103581656, 6.150412258510838, 13.660130313717334, 6.150412258510838, 137.7991484903251, -38.99799097099455, 13.660130313717334, -38.99799097099455, 119.19783844564296, 10.58623633340305, 6.717351639355557, 11.0, 0.0
13, 0 ,1.0,1.0,1.0,21.520496984861424,45.265054179822734,57.31863825618418,12.43848903869126,16.655531631362088,17.098821550671175,54.0,85.0,83.0,0.22063240935913797,-0.34383362793718836,-0.9127429957221983,17.243351917465368,-0.17410881633930206,0.906889677781104,-0.3837150406317327,16.859548261969714,-0.9596913358019385,-0.24357657652909942,-0.1402247886539854,11.954701542213423,81.39490018722869,84.26211152455323,63.551343879008954,25.816866078682327,7.614582574639662,151071.0,435867.28328655264, 0.0, 0.0,0.0,NaN, 76.14120574249542,76.14120574249542,0.0, 154.71600956564265, -34.02987165152729, -21.654898447486868, -34.02987165152729, 277.406733923303, -0.7194889360242763, -21.654898447486868, -0.7194889360242763, 292.36969842169697, 11.031543855120793, 6.257052277129144, 14.0, 0.0
14, 0 ,1.0,1.0,1.0,140.0306082303879,114.51976453694232,119.73542863325203,16.645718394251947,16.01931282733954,18.383605104676604,84.0,83.0,90.0,0.4760002807807984,-0.2887005629557469,0.8307079617083465,19.59702483142458,0.6811647446069862,0.7185015275673795,-0.14060634974225542,15.92195486644619,-0.5562718071240894,0.632777638536933,0.5386595740971497,15.300432410653409,100.9691851958832,75.0326795204517,76.73415938283553,28.334894180682074,8.293915404374095,203344.0,581337.1101345181, 0.0, 0.0,0.0,NaN, 131.70269557121745,131.70269557121745,0.0, 277.07994086073757, -11.107650161686246, 57.430343123901984, -11.107650161686246, 256.61838346016515, -37.91997397354651, 57.430343123901984, -37.91997397354651, 337.9569366446917, 9.747730513439004, 6.07404887323974, 28.0, 0.0
15, 0 ,1.0,1.0,1.0,77.64856007372423,91.40162423683907,158.10065084667664,14.304650384953186,17.34035027388625,17.47089341859861,76.0,83.0,84.0,-0.16255303856657885,-0.694854050366593,0.7005386201644513,17.67622930600126,-0.138009496311579,-0.6869909897006119,-0.7134400878826469,17.27209816198093,-0.977000454749432,0.21265283623623563,-0.01577601534254169,14.133946006172437,94.89425999175052,85.7409897908131,75.07627910606264,27.267004653041603,8.188610648442902,173620.0,610845.2150964327, 0.0, 0.0,0.0,NaN, 127.0398018501571,127.0398018501571,1.9073486328125E-6, 204.62302263574136, 22.071661709821456, -3.1274080594883036, 22.071661709821456, 300.68774762106693, -6.544386496594761, -3.1274080594883036, -6.544386496594761, 305.2321168440322, 10.11816888340414, 6.349934733773391, 24.0, 0.0
16, 0 ,1.0,1.0,1.0,115.87163754811964,58.851631625703284,15.01116967722831,15.69711158917194,13.597184617637495,9.24797040823143,77.0,67.0,37.0,-0.9901027286964096,0.1344505603856077,-0.040244669708172594,15.739997781610349,0.13683496361306793,0.9885296387255977,-0.06391671216551761,13.572211136601812,-0.031189411038591422,0.06879098903951977,0.9971434302376116,9.211691111786216,76.42541690690331,67.69256863513992,38.644399632045115,21.73781276762267,6.653960814460301,84425.0,199924.20379819104, 0.0, 0.0,0.0,NaN, 103.76141445123507,103.76141445123507,0.0, 246.399312242916, -8.245624732866453, 5.6217476552220536, -8.245624732866453, 184.88342952611774, -7.158662583630933, 5.6217476552220536, -7.158662583630933, 85.5249566715242, 9.847306142130087, 6.083233022615344, 8.0, 0.0
17, 0 ,1.0,1.0,1.0,48.44336400779901,13.317660792568583,119.69801174819617,15.411795685113052,8.339507086498154,15.258114192215242,69.0,34.0,73.0,-0.7720004576237435,0.06612057039704965,0.6321735233297097,15.903567611119648,-0.6252406453689998,0.1000231667201914,-0.7739958019897917,14.823901479272356,0.11440904163258543,0.992785695046838,0.035876662373746065,8.198131223606715,76.53802007446969,78.12659128629488,37.934634753180056,22.090462851815488,7.203632721106906,80523.0,226836.0136647466, 0.0, 0.0,0.0,NaN, 94.72343386180042,94.72343386180042,0.0, 237.52344623966928, -19.019346124156854, -16.816980458034955, -19.019346124156854, 69.54737844575293, -4.046377339481976, -16.816980458034955, -4.046377339481976, 232.8100487026802, 8.671095336034126, 5.734869891163236, 10.0, 0.0
18, 0 ,1.0,1.0,1.0,101.43297247232809,21.153839146080383,186.41713608964335,17.06756284348507,12.72167632817742,7.489637466705191,78.0,57.0,34.0,-0.9974495968799005,-0.07070558205275831,-0.00974794084433671,17.086650102732175,-0.07135372759534107,0.9845323824629311,0.1600144788452439,12.808168812963565,-0.0017167534400392103,0.16030192933475818,-0.9870665348441212,7.2962058169521296,78.62756966343429,61.86292406133276,36.79205207299589,21.34758566057415,7.315600171023199,65861.0,178961.37469967885, -1.4210854715202004E-14, 0.0,-2.8421709430404007E-14,83.67804012770844, 101.72235751429646,101.72235751429646,0.0, 291.30170141631214, 9.050988034047002, 1.0558440847808683, 9.050988034047002, 161.84104859890974, 17.622197918946522, 1.0558440847808683, 17.622197918946522, 56.094669382674155, 9.195360248924718, 6.22329193910936, 16.0, 0.0
19, 0 ,1.0,1.0,1.0,169.3315069972065,11.843834766062537,73.98809732662177,17.232089837997044,7.939220723992851,14.832202040723507,75.0,35.0,67.0,-0.8513440822893005,-0.12891618363791532,0.5085212592873807,18.514685516038913,-0.5180218946584798,0.05346928924207277,-0.853694530708957,13.387538799345418,-0.08286477059298053,0.9902129330119772,0.11230216868070708,7.612528384454195,82.98213781104684,62.83134276196169,38.34708195087193,22.704304063077554,8.030251569985113,74101.0,199937.05081408098, 0.0, 0.0,0.0,NaN, 80.9633956244539,80.9633956244539,0.0, 296.944920184801, 27.902972955448863, -69.68408808016663, 27.902972955448863, 63.031225704277574, -24.20914343580139, -69.68408808016663, -24.20914343580139, 219.99421737684258, 10.093403082986514, 6.253160093301417, 9.0, 0.0
20, 0 ,1.0,1.0,1.0,185.97818116555138,27.078506781529626,171.49473117452504,8.08583168922058,15.088923247017224,15.352776867331011,33.0,66.0,59.0,0.015210535822962057,0.6634568960274108,0.7480598817699371,16.28622399572144,-0.007102329214455409,-0.7480558685060379,0.6635977505337156,14.078182572249505,-0.9998590883318048,0.01540664490898679,0.006666241290300695,8.082556515263745,80.44601595038864,72.31376735305852,33.27977951890679,21.87516701460347,7.0880959701478,78006.0,193600.27454151667, -2.8421709430404007E-14, 3.552713678800501E-15,0.0,89.6136436815838, 41.74215236132462,41.74215236132462,NaN, 65.38067410640375, 2.723349723638649, 1.6484761743845555, 2.723349723638649, 227.67560475437682, 33.26158585605231, 1.6484761743845555, 33.26158585605231, 235.7077575380542, 8.75647418373657, 5.654428816474601, 8.0, 0.0
21, 0 ,1.0,1.0,1.0,23.382473839658164,176.27467597714332,46.5208927502106,14.65581689949466,12.503025685157915,13.208153322887648,59.0,54.0,70.0,0.9463755344035837,0.17650669983012485,0.2705896021605589,14.895362576218037,0.1564435322542797,0.48243424756805997,-0.8618483729689604,13.286947902986949,0.28266370318478357,-0.8579642076966371,-0.42895063726884286,12.130916025694587,73.06061822944127,65.77668482138411,66.81043425707034,22.39261418518277,6.644152649487486,98527.0,321069.91899869556, 0.0, 0.0,0.0,NaN, 57.21734479271505,57.21734479271505,0.0, 214.79296899151328, 14.697840292278551, 15.170538812722251, 14.697840292278551, 156.32565128371854, -8.649029408171996, 15.170538812722251, -8.649029408171996, 174.45531420090802, 10.393288382423808, 6.102950496911911, 10.0, 0.0
22, 0 ,1.0,1.0,1.0,109.74207889888702,71.50922669346366,61.97255591589397,13.0987369298495,14.502984643462488,15.78863381903246,62.0,73.0,70.0,-0.22129141718687495,0.3510718685594879,0.9098234179144734,16.188807533498178,-0.17353336105826905,-0.9322397768258014,0.3175140486712376,14.261584471750641,0.9596438304283754,-0.08762158187302052,0.2672193426958923,12.873389203930767,74.52788859356448,67.25959783615954,59.5238840421183,24.20018091830547,6.748753523334761,131358.0,298376.3148713221, 0.0, 0.0,0.0,NaN, 130.769489983484,130.769489983484,0.0, 171.57690915740307, -1.3917797136486285, -21.474922011369937, -1.3917797136486285, 210.33656356850875, 19.626659679881854, -21.474922011369937, 19.626659679881854, 249.28095787149556, 9.169692656681509, 5.735339993575629, 12.0, 0.0
23, 0 ,1.0,1.0,1.0,141.73551543124603,40.857657115925306,87.34546813801174,15.125959027255604,12.46798555212369,15.878806324346252,78.0,61.0,78.0,-0.5813263772163929,-0.11059889552500524,0.8061188048055404,16.54651143443075,-0.7682224392822447,-0.2518698227404799,-0.5885540554408892,14.582000459973656,-0.2681304289626641,0.961420551424468,-0.061454018281716635,12.245816119959473,78.5241916245469,67.76249799410124,60.91460510515729,24.21147718091302,7.084219309596429,123062.0,324126.332183538, 0.0, 7.105427357601002E-15,0.0,83.65015958740871, 112.66467552571,112.66467552571,0.0, 228.7946364942153, 20.088402787287045, -29.689812476995204, 20.088402787287045, 155.45066372796506, -1.7490649804686513, -29.689812476995204, -1.7490649804686513, 252.1364902860985, 9.085468010222934, 5.7236884984096, 17.0, 0.0
24, 0 ,1.0,1.0,1.0,54.79813714212679,76.40017893660531,93.41734566717791,14.218311409104714,14.965311862599947,14.380310650907829,69.0,75.0,64.0,-0.1770796679156903,0.7883360518526299,0.5892105400960482,16.21176961912866,-0.8562597387014214,0.17176473913606866,-0.4871510384557255,14.646885986238226,0.4852443210279149,0.5907818072172892,-0.6446043788024026,12.472430781936625,76.40898292180903,72.37976738984437,64.57872835101321,24.18221177782025,6.937932431242778,125184.0,357150.3588125619, 0.0, 0.0,0.0,NaN, 132.5391400579227,132.5391400579227,0.0, 202.16037932627728, -23.64629248364008, 13.406715914251153, -23.64629248364008, 223.96055914487468, 44.887490825162175, 13.406715914251153, 44.887490825162175, 206.79333441661316, 8.710712749320074, 5.6133046145994365, 11.0, 0.0
25, 0 ,1.0,1.0,1.0,117.58291269953699,150.9209382432543,158.7672285886835,16.543263077182246,13.044386463175732,14.767481222199955,77.0,68.0,77.0,-0.935395806708312,-0.3524809309377646,0.02814032902709183,17.053202831822492,-0.03911255120561137,0.024044028655871602,-0.9989454905169672,14.768433087699547,-0.35143262957598925,0.9355100630197638,0.03627711204138165,12.36914428731568,84.15470477094003,77.77318587988631,63.970952967981745,24.697004745342248,7.209162898570982,134123.0,418688.5755673027, 0.0, 0.0,0.0,NaN, 104.41011454965691,104.41011454965691,0.0, 273.6795532408614, 45.377968031329324, -1.083672938425592, 45.377968031329324, 170.1560182006823, -2.9308642667223834, -1.083672938425592, -2.9308642667223834, 218.07850164802824, 9.252118943109064, 5.7717488828414885, 18.0, 0.0
26, 0 ,1.0,1.0,1.0,15.489967388672904,97.81299041597244,23.162999672462654,9.416650436874633,13.257147402487783,14.574261019310516,38.0,60.0,58.0,-0.05724305694748996,0.25989785577559055,0.963937932127664,14.723568217535098,0.3235739480133674,0.9182329882119669,-0.22835954003799544,13.524384483914814,0.9444697626702238,-0.2988332041834922,0.136658638508798,8.783046751293563,64.66136667386525,65.40501852904498,43.84720478307989,20.872188743804706,6.417638506767397,70221.0,185437.62880597514, 0.0, 1.4210854715202004E-14,-3.552713678800501E-15,89.85743038305559, 101.70469378373728,101.70469378373728,0.0, 88.67330545029121, 29.347620394868326, -15.520501940029186, 29.347620394868326, 175.75195725128856, 12.805749159066048, -15.520501940029186, 12.805749159066048, 212.409084258994, 11.001429974623678, 6.522327874191956, 5.0, 0.0
27, 0 ,1.0,1.0,1.0,174.14449120813862,64.42044290669352,114.91494745539518,13.751583435726557,14.158039387685461,14.769630700224024,62.0,69.0,76.0,-0.5595980543091033,0.3529803309318942,0.749836584589387,15.628195513478966,0.1348401331714673,-0.8539313749228981,0.502612520147072,14.159145173700516,-0.8177213193379312,-0.38236905326856746,-0.4302624210905856,12.766214405866426,87.55813415750731,69.83638668895479,64.50914490738614,23.63852726744243,6.994150837690668,116187.0,394456.8883687272, -2.8421709430404007E-14, 0.0,0.0,55.97199492277618, 109.80877453873504,109.80877453873504,0.0, 189.10604698974902, -20.37039768233602, -31.557249415865343, -20.37039768233602, 200.4500793032529, 5.411739840118571, -31.557249415865343, 5.411739840118571, 218.14199102099997, 9.475583774397284, 5.50987733274271, 11.0, 0.0
28, 0 ,1.0,1.0,1.0,183.81193145443447,20.349546652373935,116.06552324802358,10.018449131619482,11.11965339990267,16.04709606889999,39.0,44.0,79.0,-0.22807126778146403,-0.2937190427056095,0.9282847735283911,16.81247755234434,0.08440885762645157,-0.9557876245925988,-0.2816827318630572,10.422922827390126,-0.9699786809856973,-0.014111719517407454,-0.24278018412858346,9.498872841948517,87.4758754533216,53.60810501263056,43.68928147995294,20.74292010124454,7.15936957103707,67167.0,204877.21199070069, 2.8421709430404007E-14, 0.0,0.0,76.8164542329958, 87.87009730176212,87.87009730176212,0.0, 100.36932300284715, 11.405563346774223, -41.17820224709902, 11.405563346774223, 123.646691733967, -47.51104493005608, -41.17820224709902, -47.51104493005608, 257.50929224450545, 9.239335043922184, 5.88265478125196, 5.0, 0.0
29, 0 ,1.0,1.0,1.0,11.344045506124706,174.31704442957317,137.31428031074515,7.091050506909048,13.847918296508283,16.327290068419984,29.0,54.0,71.0,0.0219495270900743,0.07935479406036972,0.9966047536110587,16.34471436251722,-0.02538178793107845,-0.9964793742372259,0.07990382694970252,13.834419541343568,-0.9994368329724215,0.02704946172149365,0.019858084465365577,7.0772443633411655,72.66683297964374,57.66689322717053,30.405277296318253,21.425245091201642,7.0418117128016355,68738.0,127412.41751178396, 0.0, 0.0,0.0,NaN, 68.68625064914652,68.68625064914652,0.0, 50.28299729153507, 3.951994766868765, 4.461659997834685, 3.951994766868765, 191.76484114676884, 5.9154890917382055, 4.461659997834685, 5.9154890917382055, 266.5804009783259, 10.019459239749407, 5.929198079326896, 9.0, 0.0
30, 0 ,1.0,1.0,1.0,11.252208378781129,25.17000291890065,169.963667368227,7.085911213578806,13.903570645406091,15.792927012173912,28.0,52.0,61.0,0.009459144226070066,-0.17055142576364038,0.985303372449572,15.847807305588852,0.03041404974076291,-0.9848425085977383,-0.17076363441107834,13.846366126996042,-0.9994926263704382,-0.03158234362588498,0.004128607782257264,7.075387389569103,68.034003602586,60.24594221161648,28.259298391233916,21.082065932156155,6.962934299746858,65093.0,115828.4393390967, 0.0, 0.0,0.0,NaN, 40.771589597457336,40.771589597457336,0.0, 50.21013772672186, -4.567586958960141, 1.1384706929439827, -4.567586958960141, 193.30927669179795, -9.968628625148757, 1.1384706929439827, -9.968628625148757, 249.4165436118524, 8.683648597054004, 5.220829163830645, 6.0, 0.0
31, 0 ,1.0,1.0,1.0,98.34460631050067,184.74292423849377,141.78273691683847,13.11118297058348,9.23333721195218,14.991888131738351,62.0,37.0,63.0,-0.31262612644623866,0.049132509673856184,0.9486047130161059,15.245332124294624,-0.9194764370514237,-0.2662827069612413,-0.2892345098369369,13.084313271277521,0.23838621346554395,-0.9626419461391353,0.12842311615522362,8.848442764199682,69.87786835850966,65.92670994237415,42.29416001570142,20.96656136104181,6.505201719089139,73243.0,194841.49590689442, 0.0, 0.0,0.0,NaN, 115.29826395940988,115.29826395940988,NaN, 171.90311888811826, 20.37937539724513, -20.999785368990633, 20.37937539724513, 85.25451606962086, 14.33868292406312, -20.999785368990633, 14.33868292406312, 224.75670975455725, 9.474612251840645, 5.604216564841649, 7.0, 0.0
32, 0 ,1.0,1.0,1.0,175.67113130031063,150.01475221839962,92.75004731843637,14.374954636471923,11.238021323896092,13.859343201286563,63.0,54.0,64.0,-0.7708666895757478,-0.10949527195982052,0.6275152048524186,15.13859260327461,-0.6309248435097332,0.2669343097593723,-0.7284778075655473,13.215427423263524,0.08774046241470831,0.9574742083689426,0.27485405502469984,11.008602548032645,73.23387844315724,66.90301082992795,53.331931726011646,21.933115216799923,6.629652700903004,89817.0,261303.3707364148, 0.0, 0.0,0.0,NaN, 108.13413025297284,108.13413025297284,0.0, 206.63932080062563, 0.11164647034627433, -27.666756875736887, 0.11164647034627433, 126.29312327634328, -17.81507746525652, -27.666756875736887, -17.81507746525652, 192.08139397104807, 9.3716112732657, 5.552829231423861, 9.0, 0.0
33, 0 ,1.0,1.0,1.0,20.09209068398385,75.49297131680622,175.2881808284115,11.71021827828397,15.472990847462981,14.180552125172873,48.0,72.0,58.0,-0.00846300939263771,0.8254425734236988,0.5644226567490734,16.5239781588898,-0.05475527458906217,-0.5639785681277844,0.8239721079000256,12.944532978639632,-0.9984639389465684,0.023931833866154148,-0.04997029068462852,11.705892884992497,82.8271522714341,66.79100002287645,49.86381830998356,22.962001905391762,7.097688705649763,103789.0,275852.0446011752, 0.0, 0.0,0.0,NaN, 81.93628520419294,81.93628520419294,0.0, 137.12921212505597, -0.007272638199272837, -2.027251754597799, -0.007272638199272837, 239.41344576567317, 49.179915288849614, -2.027251754597799, 49.179915288849614, 201.0880585747449, 8.538404397769037, 5.146766188306165, 8.0, 0.0
34, 0 ,1.0,1.0,1.0,104.64856031548808,15.425071579061099,9.865539409000053,16.196402088428552,9.449609109732132,6.6347004080901,75.0,39.0,26.0,0.987168318188328,-0.06854184680968509,0.14422457072616165,16.365788312329176,0.08015054182749454,0.9938599732837093,-0.07627741572224024,9.424983194034374,-0.1381108330652851,0.08685832568281544,0.9866007445008295,6.242472839355853,74.08046912676534,41.10308519520544,30.309072494267085,18.634631134721644,6.956171714006211,37022.0,92289.18092758808, 0.0, 0.0,0.0,NaN, 97.09355669125941,97.09355669125941,0.0, 262.3234406100528, -11.514002314430185, 32.28036122442032, -11.514002314430185, 89.2951123267325, -6.0424610685385485, 32.28036122442032, -6.0424610685385485, 44.019249505110935, 10.809807644484914, 6.01422794003582, 5.0, 0.0
35, 0 ,1.0,1.0,1.0,87.86229792147806,37.31030500915824,106.65003583658518,13.536079698459668,12.544345632715373,13.527397752874943,67.0,60.0,61.0,-0.7203492511641997,0.35869946568382277,0.5936595401956549,14.347681979339033,0.4895534242377338,-0.3433928084418569,0.8015103392517925,13.066563015113974,-0.4913597471957651,-0.867995433414574,-0.07176020071850224,12.123757821416955,69.08707995401903,70.01912659428397,60.627041934117074,22.053878675409702,6.09942507871399,100456.0,293278.2831499292, 1.4210854715202004E-14, 0.0,0.0,43.91667720856925, 133.5142616548128,133.5142616548128,0.0, 183.22545360305196, -19.20399528956277, -15.85659447193316, -19.20399528956277, 157.36060735302524, 5.999532958727844, -15.85659447193316, 5.999532958727844, 182.99048996448604, 8.396757867398195, 5.33799650909972, 10.0, 0.0
36, 0 ,1.0,1.0,1.0,105.34827059682667,158.62562570537077,18.030618070769435,10.409829986275493,16.30311862361729,10.333533176821954,48.0,83.0,41.0,-0.07867113985918861,0.9968911845464496,-0.004337963442962579,16.333473758495106,0.7669147921803929,0.05774097468284017,-0.6391460563733301,10.426504994850522,-0.6369085909988659,-0.05360919712374093,-0.7690731439177858,10.268581873281555,82.88629670674482,53.07956868474433,53.34978255611331,20.923169304683498,6.569560971853761,75315.0,234716.04303901485, 0.0, 0.0,3.552713678800501E-15,89.7514522235064, 104.86129846276738,104.86129846276738,0.0, 108.36456034316045, -12.508506436325712, -1.546931049542277, -12.508506436325712, 265.7916768557369, -0.8183189653665052, -1.546931049542277, -0.8183189653665052, 106.78190791648002, 8.679339771779071, 5.340707240305678, 16.0, 0.0
37, 0 ,1.0,1.0,1.0,169.7981142209226,88.57971295577967,186.68456465954526,13.70475411229163,15.670947971872238,7.8998359544357,61.0,77.0,35.0,-0.23341826920967582,0.9722622536142583,0.014900395836477627,15.785175540474066,0.9722361449163277,0.23309691085475556,0.02055988006307246,13.576457126856106,-0.01651635908416569,-0.01928575502526519,0.9996775827914263,7.8939438027866125,76.59363579851836,65.60129269160322,35.92510915642731,21.10532727463,7.097285703228881,67028.0,180510.79508986775, 2.8421709430404007E-14, 0.0,0.0,76.50159651553537, 94.52946773491634,94.52946773491634,0.0, 187.82028527837434, -14.75652450143813, 1.7888871661538257, -14.75652450143813, 245.5786103371266, 3.291726905532855, 1.7888871661538257, 3.291726905532855, 62.40740810699501, 8.134162731296607, 5.19807458304274, 12.0, 0.0
38, 0 ,1.0,1.0,1.0,153.71321810147117,89.53706997818426,69.17774794428595,10.788387820838826,12.650959642232127,15.254742376321081,52.0,62.0,68.0,-0.050603281843458504,-0.21087035858740533,0.9762033598261638,15.389032431139244,0.2455406145066273,-0.9500809004237973,-0.19249958253880578,12.609604966220784,-0.9680646230982616,-0.22995646222519112,-0.09985444900701658,10.645130343933813,68.38355852694852,65.38661140528852,48.29472955505403,21.66702581668681,6.29946417318278,89385.0,215943.5647051357, 0.0, 0.0,0.0,NaN, 122.24939218435159,122.24939218435159,0.0, 116.38931177282353, -9.339293485251712, -8.26025182296993, -9.339293485251712, 160.04677986938603, -17.06845631608634, -8.26025182296993, -17.06845631608634, 232.70716496792613, 7.992056407292377, 5.071355194585079, 7.0, 0.0
39, 0 ,1.0,1.0,1.0,153.86299048217654,52.77750965250965,157.5290136481997,11.943613842138506,14.93990783052424,11.885353031357678,55.0,78.0,57.0,0.0380050567049539,0.992949819359736,0.11227765538307675,14.976376214781439,-0.7444024421489588,0.10309026592388501,-0.6597252467462564,12.313325592619446,-0.6666487979345044,-0.058506865453640367,0.743072221864921,11.454367839307276,79.17399331224229,59.25755325769211,58.46996779973426,21.58245266960913,6.427294223758844,89096.0,274321.0410451089, 0.0, 0.0,2.8421709430404007E-14,83.55337085845544, 81.96263693942069,81.96263693942069,9.5367431640625E-7, 142.6499116101225, 1.9462272192712442, 10.423270063791515, 1.9462272192712442, 223.20084598455946, 8.989681215186556, 10.423270063791515, 8.989681215186556, 141.26161668000313, 8.1638172422736, 4.925798512792377, 10.0, 0.0
40, 0 ,1.0,1.0,1.0,122.98245342216369,80.17297388025978,177.0871776994487,13.42545346212474,11.568794334282172,12.722616265448204,69.0,55.0,52.0,-0.6933021983643898,-0.29959742976013304,0.6554185241692716,14.74565518720103,-0.663363010927987,0.6206708183202899,-0.4179919269772767,12.373386238665042,-0.28156984475554114,-0.7245751274828189,-0.6290542958740498,10.266924258970134,78.51080954218187,59.98475315550593,56.54541714336929,20.87560194465477,6.336719269372984,77451.0,266297.90130445774, 1.4210854715202004E-14, 0.0,0.0,46.10792170553619, 113.50949584704641,113.50949584704641,NaN, 180.24280066367717, 3.6330075983947707, -37.68056610639577, 3.6330075983947707, 133.83700234891927, -34.37006519786014, -37.68056610639577, -34.37006519786014, 161.8649646378472, 8.553002184583189, 5.032947696730588, 9.0, 0.0
41, 0 ,1.0,1.0,1.0,187.23267156899303,107.98876840236863,136.83437495338814,7.625600163068108,14.773739922417796,14.777398496994333,29.0,66.0,66.0,-0.07952060873382233,-0.7051122540112105,0.7046227231858424,15.921520355568536,-0.007632646924406135,-0.7064097810079749,-0.7077619402010764,13.579053441917434,-0.9968040005374826,0.061659796784411997,-0.05079226292434053,7.543154026663051,74.56405908279177,65.18754311833789,31.13816754841787,21.11769878899646,6.987665800422768,67043.0,151351.66610520493, 0.0, 0.0,0.0,NaN, 112.33417824913002,112.33417824913002,0.0, 58.14977784698436, 11.710711061430107, -10.326930699668827, 11.710711061430107, 218.2633912952414, -33.934276742688425, -10.326930699668827, -33.934276742688425, 218.37150633897036, 9.046073857121259, 5.224929226520724, 7.0, 0.0
42, 0 ,1.0,1.0,1.0,47.84796896886112,33.913048162913476,11.548065941170133,12.772344144269866,11.4455091619856,7.569063602659435,60.0,58.0,31.0,-0.9661219078079326,0.2498364858144912,0.06473167392726581,12.89359536562776,-0.23979779945829643,-0.9617015757822565,0.1327670686310519,11.386766827089499,0.09542261067754818,0.1127466606768883,0.9890312006593578,7.451168935866471,57.94409282504539,55.65344839352331,34.745254086850615,17.89908437239298,5.571889927827721,46405.0,112046.09857972492, 0.0, 0.0,0.0,NaN, 59.7735794237454,59.7735794237454,NaN, 163.13277493966473, -9.62856255167862, -9.284956250081889, -9.62856255167862, 130.9996799770963, -7.675499492024531, -9.284956250081889, -7.675499492024531, 57.29072382110383, 8.28624320566789, 4.959468552605199, 3.0, 0.0
43, 0 ,1.0,1.0,1.0,46.34051378110784,22.74005887075194,166.81586834359112,11.996182786562969,13.204723747378562,11.513487559117552,52.0,52.0,55.0,0.352014753331322,-0.9161824696703378,0.19156016210540575,13.409261822779092,0.7586282164553133,0.39914619784096583,0.5149422704992579,12.086571812790838,-0.5482415914858331,-0.035944332207752325,0.8355472232897552,11.177656536572263,64.05190607225481,65.50382425426098,60.83025599304382,20.395949325080885,5.902438275484299,74740.0,255222.1471490885, 0.0, 0.0,0.0,NaN, 61.36562627996383,61.36562627996383,0.0, 143.90840144862966, -11.292714721175425, 11.960250878453518, -11.292714721175425, 174.36472924458332, -5.283480195620882, 11.960250878453518, -5.283480195620882, 132.56039577395464, 8.030925065444487, 4.886253235637614, 6.0, 0.0
44, 0 ,1.0,1.0,1.0,34.97678836078235,54.330974596614276,128.07647107938297,14.260161540637528,13.055715603246362,12.332412890865251,70.0,63.0,60.0,-0.9049429062762249,-0.2631216839404963,-0.334432827067944,14.486530573698278,-0.39401695850512153,0.8149370076884777,0.4250038939940714,13.42653696550666,0.16071394709456024,0.5163764643552881,-0.8411458697926415,11.651646314572709,71.30108014583894,64.75691830224746,53.6609444542684,22.035795551107555,6.349491256669745,95814.0,247765.3637556813, 0.0, 0.0,0.0,NaN, 96.68621689283194,96.68621689283194,0.0, 203.35220716507766, 3.3512021990822847, 14.971664596828742, 3.3512021990822847, 170.45170991285053, 21.936887606514787, 14.971664596828742, 21.936887606514787, 152.08840771077945, 8.393752779501744, 4.931069406377354, 6.0, 0.0
45, 0 ,1.0,1.0,1.0,58.838072805139184,144.19122055674518,86.68512491077801,12.010833950598323,12.395299470936445,10.89784752411758,62.0,59.0,51.0,0.581043023223591,-0.7820408970446795,0.2253908616442622,12.902603201334381,0.7862483681319135,0.6109066560386871,0.09277155392431459,11.582062467356295,-0.2102439268399744,0.1233089329983128,0.9698414294459304,10.772433404441664,56.764557384621526,53.20968494436747,49.43172637001422,19.659701182898345,5.492068027719976,70050.0,149304.78328967094, 0.0, 0.0,0.0,NaN, 118.70488429363768,118.70488429363768,0.0, 144.26013218884535, -14.222883443609362, 7.924801882411902, -14.222883443609362, 153.6434489741973, -7.863615248820511, 7.924801882411902, -7.863615248820511, 118.76308065891568, 7.374959268861801, 4.688627274119389, 13.0, 0.0
46, 0 ,1.0,1.0,1.0,131.09416931802463,119.67504149951584,183.07732743117998,15.078708949453956,10.269979208213508,9.500309595649775,69.0,49.0,38.0,-0.9798395290660832,-0.015048986053152684,0.19921853653294386,15.278153423394969,-0.08545935179838798,-0.8697559368528947,-0.4860260378820694,10.747123728595515,0.18058570394622955,-0.49325261107055024,0.8509351709750452,8.612385178691193,67.89964412595708,55.43258009563988,44.22210366351307,19.54410232015495,6.412790611903874,57832.0,166445.47372562948, 0.0, 0.0,-2.8421709430404007E-14,78.50873509513298, 107.17504050360351,107.17504050360351,1.9073486328125E-6, 227.36746358234282, 5.420039493595873, -29.369157649566922, 5.420039493595873, 105.47247293713777, 16.99268941786701, -29.369157649566922, 16.99268941786701, 90.25588241319517, 7.755965809675978, 4.94463849724851, 8.0, 0.0
47, 0 ,1.0,1.0,1.0,123.9450992652806,9.498639987494139,49.392090042207286,9.009025044874601,6.326572367819791,13.514232446711851,43.0,26.0,59.0,-0.10242805669308898,0.0503891172993345,0.9934633511407814,13.567920590455776,0.9946666625389514,-0.006973201867002508,0.10290580590688192,8.948588058781212,-0.012112953219597804,-0.9987053175554415,0.049406123616247105,6.297367022297704,59.332983936252155,43.319586915239185,27.3497097176964,16.515788859045955,5.572364594281719,31985.0,70296.4215905043, 1.4210854715202004E-14, 0.0,0.0,84.1209939851926, 91.18196447827583,91.18196447827583,0.0, 81.1625322591778, -1.0258054770036105, -10.559840234043536, -1.0258054770036105, 40.025517925260914, 7.201205437450048, -10.559840234043536, 7.201205437450048, 182.6344786237594, 8.742954435689722, 4.744656879129235, 4.0, 0.0
48, 0 ,1.0,1.0,1.0,9.890750436300175,42.24305886085991,12.916738061240679,6.614007927477545,15.077693096136016,7.9686190819807505,26.0,67.0,32.0,-0.03728714791574797,-0.995309168680122,0.08927108905795232,15.128776869921982,0.29637811760969857,-0.09632838197261755,-0.950200428451108,8.013266288440777,-0.9543425380870546,0.008972266593299976,-0.2985796684801864,6.441156251044013,67.94340310984234,38.08267288152023,28.716588547199052,17.17225155641491,6.3003647928424575,31515.0,74303.2078474864, 0.0, 0.0,0.0,NaN, 45.267483785361335,45.267483785361335,NaN, 43.74510086473581, 6.305754455273384, -7.023248321597627, 6.305754455273384, 227.33682910126768, -14.57021144055541, -7.023248321597627, -14.57021144055541, 63.49889007370774, 9.651913934546993, 5.787856442329182, 2.0, 0.0
49, 0 ,1.0,1.0,1.0,48.64269103294208,183.09338777901888,164.0564721393126,15.235586761123848,9.839014489181162,8.896798572918659,62.0,43.0,40.0,-0.9972728393589665,0.016268736357109362,0.07198758291711035,15.261381940648965,-0.053180922862080766,-0.8347241761549251,-0.5480942794684309,10.530987814652608,0.051172974512357486,-0.5504279044160312,0.8333129356488678,8.016910366868803,62.822891211388985,51.676957140784396,40.749091556288334,19.230145872229464,6.187392395334865,54611.0,132291.75689734184, 0.0, 0.0,0.0,NaN, 62.80033537162762,62.80033537162762,0.0, 232.1231039557323, -0.6660512400066713, -10.747597721074365, -0.6660512400066713, 96.80620611831685, 21.53146787441171, -10.747597721074365, 21.53146787441171, 79.15302484708748, 8.653205910784928, 5.206102889404599, 6.0, 0.0
