// Sample: .//bubblelabels.tif, Map: .//bubblelabels.tif, Thickness:(8.191250068658265):/afs/psi.ch/project/tipl/test/LabelValidation/Step3500//distmap.tif, Neighbors:(1.0):
//LACUNA_NUMBER, TRIANGLES, SCALE_X, SCALE_Y, SCALE_Z, POS_X, POS_Y, POS_Z , STD_X, STD_Y, STD_Z,PROJ_X, PROJ_Y, PROJ_Z, PCA1_X, PCA1_Y, PCA1_Z, PCA1_S, PCA2_X, PCA2_Y, PCA2_Z, PCA2_S, PCA3_X, PCA3_Y, PCA3_Z, PCA3_S,PROJ_PCA1, PROJ_PCA2, PROJ_PCA3,OBJ_RADIUS, OBJ_RADIUS_STD, VOLUME, VOLUME_BOX, Mask_Grad_X,Mask_Grad_Y,Mask_Grad_Z,Mask_Angle, Mask_Distance_Mean,Mask_Distance_COV, Mask_Distance_STD, SHAPET_XX, SHAPET_XY, SHAPET_XZ, SHAPET_YX, SHAPET_YY, SHAPET_YZ, SHAPET_ZX, SHAPET_ZY, SHAPET_ZZ, Thickness, Thickness_STD, Neighbors, Neighbors_STD
1, 0 ,1.0,1.0,1.0,78.78380781281616,137.95278709432156,39.43754713626135,15.633695077452602,15.687861460041765,15.750790161076342,96.0,81.0,79.0,-0.3302015265806144,-0.6012478586373133,0.7276454935804094,15.993616816210814,0.8962714867706881,-0.4415224905893675,0.04189644741051202,15.60174717291988,0.29608170130167083,0.6660021792665601,0.6846727125908416,15.472508392338781,85.38793121728722,81.79839368665006,78.93046377369875,26.11117754549473,7.537586938144011,163091.0,551297.3710689964, 0.0, 0.0,0.0,NaN, 163.68622411401273,163.68622411401273,0.0, 244.41242177476573, 1.666169930644144, -3.788961533883094, 1.666169930644144, 246.1089971894637, -7.248014219367079, -3.788961533883094, -7.248014219367079, 248.0873906982593, 7.148375628232691, 5.506682933538857, 47.0, 0.0
2, 0 ,1.0,1.0,1.0,56.7525522317189,265.28108465608466,16.11829297245964,14.59532640519528,20.483771889718756,10.758937553053238,95.0,89.0,46.0,0.07669545076462149,-0.9929287308037382,-0.09061094512524058,20.561356281160574,0.932909375370401,0.10353435985755934,-0.34490684782255976,15.100639933743821,0.3518492648536024,-0.05807901405295396,0.9342531364403422,9.877474497325819,96.72949978418916,100.11185099819012,51.430299892771316,25.851281117293045,8.948433693643919,117936.0,498039.15762403305, 0.0, 0.0,0.0,NaN, 68.45476342679144,68.45476342679144,0.0, 213.02355287419059, -12.164005108546052, -44.23924718648355, -12.164005108546052, 419.58491083003236, 24.599889668658875, -44.23924718648355, 24.599889668658875, 115.7547372704992, 6.781338079093476, 5.2340114960379145, 20.0, 0.0
3, 0 ,1.0,1.0,1.0,77.56980575128547,15.496943439344887,256.64915254237286,14.85943958282568,9.66914492283223,18.347859300529507,79.0,39.0,80.0,-0.11724082189119042,-0.029179843359950944,0.9926747334468461,18.402006833195294,-0.9814860245246771,0.15584928471485263,-0.11133815211603602,14.907542032052966,0.15145881732346553,0.9873497542387688,0.04691150668673452,9.49055236748703,84.5725748389601,81.38935820519796,42.41509243592819,24.206878412726933,8.060166665638823,105020.0,291956.12760587555, 0.0, 1.7763568394002505E-15,0.0,88.32788078000425, 90.20269394840086,90.20269394840086,0.0, 220.8029447156466, -19.3660025933527, -14.485802107104757, -19.3660025933527, 93.49236353873228, -9.493216739991407, -14.485802107104757, -9.493216739991407, 336.6439409120272, 6.811496073820322, 5.101413053935561, 30.0, 0.0
4, 0 ,1.0,1.0,1.0,155.21287373833556,172.34312511902496,14.255503713578365,16.41715784615108,18.073404171815312,9.838709296322552,86.0,98.0,46.0,-0.13818138798743101,-0.9903422737434908,-0.01131745777285087,18.109362135922773,-0.9645453745576772,0.13197012006173228,0.22855219935560156,16.680993308768365,-0.22485133851782524,0.04249786168109226,-0.9734658737312146,9.314863175785616,95.02583787914065,81.31270864443216,50.236133979201135,24.795190831104073,8.841364282162798,105020.0,388164.97544110136, 0.0, 0.0,0.0,NaN, 193.5531167964389,193.5531167964389,3.814697265625E-6, 269.52307174544006, 8.63020467376759, -41.83634584860784, 8.63020467376759, 326.6479383577912, 8.47890805257285, -41.83634584860784, 8.47890805257285, 96.8002006175438, 7.7371299617280505, 5.406772916647793, 25.0, 0.0
5, 0 ,1.0,1.0,1.0,16.147026907726545,166.23418734251715,13.525096099023376,10.539577079468605,14.955466616880377,9.427747782470066,44.0,73.0,43.0,-0.1723614592808054,0.9849645119542252,0.011680648328176118,15.072856526155297,0.88482312920115,0.16002674698633929,-0.4375836723183981,10.648230409737092,-0.432873604398878,-0.06508725251341793,-0.8991018252539463,9.113466973421284,76.58836245258288,61.42893077522753,44.50823652051317,19.4408273407232,6.759092195017237,54371.0,209399.73477783374, 0.0, 0.0,0.0,NaN, 135.41398501766153,135.41398501766153,0.0, 111.08268501405998, -20.17538933652286, -12.033301175545105, -20.17538933652286, 223.6659817286234, -0.4655431871574208, -12.033301175545105, -0.4655431871574208, 88.88242824986924, 7.157874030335011, 5.127908452886298, 15.0, 0.0
6, 0 ,1.0,1.0,1.0,190.8176518773932,113.30687901243975,234.19672146762426,14.098280810032014,13.079754654653675,13.253589385656541,81.0,67.0,70.0,0.8697321173201527,-0.29374613089184987,0.39658448619162073,14.52223942521446,-0.10373935715152927,0.6768094111183618,0.7288121615336858,13.19580867650948,0.48249786515547544,0.6750127640331581,-0.5581698473697092,12.6678463314702,75.38345417781642,70.38455184607483,60.571256847274014,22.477607019588742,6.344786671034608,104986.0,321380.8304178398, 0.0, 0.0,0.0,NaN, 170.55587189749636,170.55587189749636,0.0, 198.76152179851695, -13.840351172402427, 16.35895296302543, -13.840351172402427, 171.07998182593448, 0.8617627850959324, 16.35895296302543, 0.8617627850959324, 175.65763160358773, 6.422390276927194, 4.774746768362515, 35.0, 0.0
7, 0 ,1.0,1.0,1.0,262.0622917759045,139.5077642883072,126.36494171742024,16.661833334208023,13.864035388247427,13.406505624814347,77.0,82.0,66.0,-0.9980350109650117,-0.048381063200133044,-0.03981695131088933,16.674055861816974,0.01973244948143639,-0.8458070357591094,0.533123896198483,14.147251733358928,-0.059470558476707985,0.5312906276079157,0.8450997110935818,13.091741285316512,78.06633982368172,79.19852727839515,64.49230231077595,24.368362702091645,7.466288207071222,123965.0,398739.0819867615, 0.0, 0.0,0.0,NaN, 192.0150632040765,192.0150632040765,0.0, 277.6166900569257, 4.668906902478074, 4.539813012205715, 4.668906902478074, 192.21147724657695, -12.759006626088114, 4.539813012205715, -12.759006626088114, 179.73439306817875, 5.840932258615112, 4.487874709231002, 37.0, 0.0
8, 0 ,1.0,1.0,1.0,21.70113576573471,135.7099624435292,190.2989912368235,13.526598109379702,15.430390389662069,13.981005593548723,64.0,77.0,72.0,0.23197987646838922,-0.8131999157230196,0.5337520341710974,16.532255321358907,0.9319883420959575,0.3429410322249143,0.11742733333316932,13.380981037893559,-0.27853737112089616,0.47020989513682493,0.8374482595387471,12.812813970780345,80.25623804760515,76.53142793539689,69.03734854799185,23.67465213039411,7.486332072636084,110234.0,424035.9898285427, 0.0, 0.0,0.0,NaN, 175.84778794060927,175.84778794060927,0.0, 182.96885641267454, -15.833511324073603, 15.143333874278722, -15.833511324073603, 238.09694757737552, -46.77572847013248, 15.143333874278722, -46.77572847013248, 195.46851740684068, 6.08111423006476, 4.5329132656628985, 31.0, 0.0
9, 0 ,1.0,1.0,1.0,47.294689193609706,249.7734397793279,214.16111007965767,13.37127260387081,15.2707580463918,13.43083523634888,64.0,77.0,69.0,-0.1771757948534763,-0.8820192191777382,-0.4366358147462619,16.15314176299131,-0.7909721425482101,-0.1363846291909475,0.5964581315005625,14.19071459234991,-0.585637949103995,0.45104470944856556,-0.6734885764790122,11.404996626373455,85.07210242133323,70.8170733583441,63.07496178346375,23.34822968399054,6.872735127152481,113109.0,379998.72259009833, 0.0, 0.0,0.0,NaN, 110.12633654252551,110.12633654252551,0.0, 178.7909310470261, 28.140110029046717, -23.516458647633076, 28.140110029046717, 233.19605131143987, 44.592831754337034, -23.516458647633076, 44.592831754337034, 180.38733514595066, 6.840919508643052, 4.905254022415573, 34.0, 0.0
10, 0 ,1.0,1.0,1.0,31.346299313394624,11.191449435587106,73.5038548818806,17.93824180364279,7.461727217271594,13.193180242967996,74.0,31.0,63.0,0.9798075056454483,-0.033937504012214514,0.19704186789173783,18.120357629695626,0.19657771540588814,-0.016542614153620877,-0.9803486847661733,12.955245963380188,-0.03653017501526265,-0.9992870397130075,0.009537220505415068,7.438557547980877,77.41761407958904,65.56819397412181,32.930009555443156,22.11027062411902,7.915417229847902,68744.0,167157.11270559128, 3.552713678800501E-15, 0.0,0.0,11.533632960361786, 80.68863429015755,80.68863429015755,0.0, 321.7805190059577, -9.444222699633196, 31.02755485106943, -9.444222699633196, 55.67737306497169, -0.0011089564242944192, 31.02755485106943, -0.0011089564242944192, 174.06000492344106, 5.9955802318660325, 4.335736851434294, 23.0, 0.0
11, 0 ,1.0,1.0,1.0,138.77499404267908,19.312516947550925,246.48503274472264,16.473896847154897,12.748729478333798,14.509498210223377,78.0,54.0,65.0,-0.8717397926799029,0.22715387659340208,0.4341322957428874,17.127993221954572,0.48867984538273757,0.33884783642768945,0.8039739749923371,14.216021280418722,-0.03552101596385331,-0.9130078094391435,0.40639266396926066,12.205798052494261,88.25104528889335,78.46169445695006,62.78442165262706,24.273545017491443,7.4323570446514555,121699.0,434739.83783618023, 0.0, 0.0,0.0,NaN, 149.98441253253108,149.98441253253108,0.0, 271.3892773307001, -19.796303572134555, -33.77553922670786, -19.796303572134555, 162.53010331173715, 28.70817138694642, -33.77553922670786, 28.70817138694642, 210.52553831247536, 7.08370565993918, 4.728729808223119, 27.0, 0.0
12, 0 ,1.0,1.0,1.0,223.65717485301894,25.886838585249013,270.92632594021217,17.51297506596668,14.80693490309575,16.03113815162652,88.0,67.0,75.0,-0.9485353816595417,0.27738384275751915,-0.15277052568169117,17.677485026398404,-0.26986732284760895,-0.4556436439511955,0.8482691187270356,16.68541513221783,0.16568722883509376,0.8458410450574909,0.507050952762145,13.858226882586303,88.74920283778377,83.01872211506617,83.65080214653949,26.717940606924245,8.312560198093642,160735.0,616326.178497968, 0.0, 0.0,0.0,NaN, 85.69500502769131,85.69500502769131,9.5367431640625E-7, 306.7042956611706, -21.07136371417872, -2.314665352229593, -21.07136371417872, 219.24532122451515, -38.4799207233856, -2.314665352229593, -38.4799207233856, 256.99739043653545, 5.987818450538478, 4.399171833883002, 37.0, 0.0
13, 0 ,1.0,1.0,1.0,161.64005899273562,255.68507142508898,281.99733070059966,16.018590340109796,12.991301415935174,10.144763218163236,88.0,62.0,48.0,0.9359662087081155,-0.3482577808474308,-0.051805156459366675,16.47708455109716,-0.33856132054820026,-0.9306020462877198,0.13912607115047623,12.464980910987274,0.0966617214062287,0.11267807916507744,0.9889186832548231,10.0705166352702,93.22720104341204,63.103544294581866,53.68366180748217,21.858623699749597,7.105345851486144,82044.0,315819.2006796765, 0.0, 2.8421709430404007E-14,0.0,69.61920982229806, 146.3946114856579,146.3946114856579,0.0, 256.59523648425886, -38.437437908265295, -10.78845286773691, -38.437437908265295, 168.77391247967927, -3.9178242084477426, -10.78845286773691, -3.9178242084477426, 102.91622075259768, 6.562943920078297, 4.816623385696755, 29.0, 0.0
14, 0 ,1.0,1.0,1.0,40.86977464138753,85.59009537361074,38.31700188439795,12.582505889613639,12.514810944797155,15.94414144458397,60.0,60.0,78.0,0.10994858289468824,0.09249323014135116,0.9896243284688737,16.002975744129987,-0.7267700519417651,-0.6717183949552742,0.14352591918978955,12.84845262573734,-0.6780240414026734,0.7350097960277324,0.006633175955535487,12.164605472765945,81.23953388129293,64.61507621921868,61.17344980565143,22.844907944416562,6.875010899061926,104012.0,321117.70893373486, 0.0, 0.0,0.0,NaN, 102.29465058697127,102.29465058697127,0.0, 158.3194544621619, 9.449956176552309, 9.979798393686918, 9.449956176552309, 156.62049298401467, 8.247301997282023, 9.979798393686918, 8.247301997282023, 254.21564640490018, 5.893042178374194, 4.38802075163929, 31.0, 0.0
15, 0 ,1.0,1.0,1.0,189.8800168022301,282.3862221713064,59.256641336031876,14.123777075774973,10.558841141160638,13.211612460329244,69.0,44.0,69.0,-0.9681549468848385,-0.15098611264901837,0.1996977531409748,14.227611366086606,0.21156589942224469,-0.06695850052058894,0.975067397367839,13.191750038519327,-0.13385017379171515,0.9862655590636695,0.09676971623785707,10.443644702363652,73.2611358407496,72.42700661839307,47.6046729092123,21.053662218100612,6.500785809310473,78561.0,252594.4299238716, 0.0, 0.0,0.0,NaN, 126.28541250398963,126.28541250398963,1.9073486328125E-6, 199.48107888618662, 12.726346790223507, -4.650015895502389, 12.726346790223507, 111.48912624426647, -7.055498420563261, -4.650015895502389, -7.055498420563261, 174.54670380192692, 6.177171644031697, 4.658116324298094, 32.0, 0.0
16, 0 ,1.0,1.0,1.0,277.5499018420283,206.70739735182323,209.27445804268828,14.247777286545702,14.933009508488343,14.536595249258884,58.0,79.0,79.0,0.6065177744198912,0.3241165307301507,-0.7260059667937959,15.657332876829129,0.30893656573535033,-0.9374551492510044,-0.16042456636820218,14.876255823734464,0.7325942858529476,0.12698943912872993,0.6687146586440142,13.071016482254123,90.65858532441084,82.85895974574242,72.80572511721135,24.122424742110596,7.444135718106582,119705.0,546907.5844126849, 5.6843418860808015E-14, 0.0,0.0,52.661860954511305, 132.05544509644838,132.05544509644838,0.0, 202.99915760700762, -0.005280799307627348, -35.21762228075602, -0.005280799307627348, 222.99477298060324, -9.896268598611554, -35.21762228075602, -9.896268598611554, 211.31260144077598, 6.470643196871623, 4.898672966657965, 34.0, 0.0
17, 0 ,1.0,1.0,1.0,84.9198207758519,270.1390480682309,39.841818967889004,16.149004077039,14.872892624544578,13.923489261733458,83.0,64.0,73.0,0.8609022019660538,0.01820948489827516,-0.5084445036675489,17.194238461596505,-0.2085326211966824,0.9241863704133946,-0.31999015397189434,15.295186774095594,-0.464070624524804,-0.3815074932447005,-0.7994313529323852,12.094306354411085,93.11746041019374,67.85888600793888,61.31141826824705,24.83891748525513,7.6736561744537655,127215.0,387417.47944172483, 0.0, 0.0,0.0,NaN, 98.4399459038061,98.4399459038061,0.0, 260.79033268022226, -14.554515660134518, -59.53209485145322, -14.554515660134518, 221.20293502123252, -27.30978214615402, -59.53209485145322, -27.30978214615402, 193.86355322160694, 5.81733958323984, 4.2429955070308605, 29.0, 0.0
18, 0 ,1.0,1.0,1.0,54.766326610997325,189.4134138175516,48.41684063337009,16.661650365523826,11.202784894551238,13.563035106225687,91.0,53.0,72.0,-0.9483374941104827,-0.17257719756443038,0.2662200370840965,17.09991302137708,0.21732082358839416,0.2579895001144154,0.9413889087224138,13.362969243364516,0.23114423397331868,-0.9506095563960641,0.2071564973380417,10.774642975592686,93.40379402714538,68.26154608322152,60.182445538315136,23.076187678620723,7.38637027305135,101552.0,383716.4956270687, 0.0, 2.8421709430404007E-14,0.0,80.06230329678266, 132.56294365646713,132.56294365646713,0.0, 277.61059290296026, 32.35862720468798, -31.73183562874358, 32.35862720468798, 125.5023893935854, 7.072965374283843, -31.73183562874358, 7.072965374283843, 183.95592129271046, 5.706934508230295, 4.16098588424902, 34.0, 0.0
19, 0 ,1.0,1.0,1.0,73.72026532274668,62.51175780795431,159.44207925666663,17.368943576779316,12.888435043197314,12.28474302500987,81.0,59.0,61.0,-0.992179268331928,0.10421582863920228,0.06869760223882825,17.429683450317196,-0.1234516797066312,-0.9006045562339005,-0.4167386663946019,12.985314061808506,0.018438608134323704,-0.421960299497221,0.9064267887580799,12.095231439064154,79.61084711025904,62.98239876821118,67.07916583907783,23.777706407756252,7.302571328866295,111713.0,336340.4459893734, 0.0, 7.105427357601002E-15,0.0,84.01801101535241, 170.58407448289447,170.58407448289447,0.0, 301.68020097334346, -13.803564209191501, -9.586709006374692, -13.803564209191501, 166.11175786271656, 9.506076543431906, -9.586709006374692, 9.506076543431906, 150.91491119052864, 5.860997698545172, 4.187079489865163, 36.0, 0.0
20, 0 ,1.0,1.0,1.0,282.69624876353765,102.97149161741953,165.96687549141453,10.966519343371102,14.333933941030836,13.660353724923624,46.0,70.0,70.0,-0.3211866797193906,0.8199958114556267,0.4737573070318406,15.188312232213292,0.07775298580372836,-0.4757408790996138,0.87614216263808,13.211281856627107,-0.9438186213300936,-0.3182412373479504,-0.08904451067756283,10.349332145890312,75.49904932463151,64.04036053674653,54.32106145795643,21.507158249997353,7.055041929993416,78854.0,262641.5900654513, 0.0, 0.0,0.0,NaN, 169.904168160477,169.904168160477,1.9073486328125E-6, 120.26454650853256, -35.040693341866884, -14.210444596718716, -35.040693341866884, 205.4616622258358, 19.901089812878276, -14.210444596718716, 19.901089812878276, 186.6052638900347, 6.114529389642858, 4.4653914318552665, 24.0, 0.0
21, 0 ,1.0,1.0,1.0,13.474535710674441,250.301509993596,79.210320536587,8.493688361216783,12.412142748876107,15.076676181396119,35.0,74.0,79.0,-0.045614217868833594,-0.31295423500871705,0.9486722247005671,15.394846355740793,0.15885715400280423,-0.9398486397266097,-0.3024052562806586,12.109991434237214,-0.9862473055731729,-0.1369093904527747,-0.09258547972282603,8.358050455725914,93.20098441596183,62.7312599108385,39.11743808493665,19.913251924891274,7.548019081217527,59338.0,228704.60720619353, 0.0, -2.8421709430404007E-14,0.0,71.76264308237144, 94.47633513766152,94.47633513766152,0.0, 72.14274197746944, -9.079593488147188, -10.921992747804268, -9.079593488147188, 154.0612876184777, -27.79736163537833, -10.921992747804268, -27.79736163537833, 227.30616467867705, 7.6903087534320544, 4.964905065350279, 28.0, 0.0
22, 0 ,1.0,1.0,1.0,272.89911885716305,209.91160318553443,287.50904981370627,16.66345998677709,13.892123986440826,7.848017214165454,75.0,74.0,36.0,-0.8850700736650228,0.43853702567125136,0.15600077505577903,17.739263158007777,0.4201953315990895,0.8969585804826703,-0.13748159222545042,12.823812603712321,0.2002170022873248,0.056130045554285884,0.9781424078226804,7.288467239085316,92.55726731201673,88.64528753046937,43.208491524566,21.452656297536954,8.487456601310607,56631.0,354515.543761265, 0.0, 0.0,0.0,NaN, 94.90205917615938,94.90205917615938,0.0, 277.6708987309212, -59.56130054212409, -42.54531614158888, -59.56130054212409, 192.99110885464455, 4.165356489686155, -42.54531614158888, 4.165356489686155, 61.59137419383729, 5.785715318359114, 4.418454696700728, 15.0, 0.0
23, 0 ,1.0,1.0,1.0,238.21445145018916,94.8599369482976,185.19263556116016,13.456196291900302,11.329079257301558,12.283568053530733,66.0,56.0,68.0,-0.9443476466327752,0.3243790788795298,-0.05464188397563822,13.709299651140286,-0.1204206737490938,-0.18632122844059323,0.9750811561948078,12.339652856745722,0.3061149843326093,0.9273956076117982,0.21501396082438534,10.958620809223413,70.80294428959564,67.05980191153128,54.98509058689413,20.611785221762077,5.9546292547896815,79300.0,261070.93767287806, -2.8421709430404007E-14, 1.4210854715202004E-14,2.8421709430404007E-14,43.46158844152204, 161.23458864905078,161.23458864905078,0.0, 181.06921864615143, -20.063418508735786, -0.2767586425358299, -20.063418508735786, 128.3480368182204, -7.04830260809821, -0.2767586425358299, -7.04830260809821, 150.8860441257208, 5.753264871495218, 4.2467232196980556, 31.0, 0.0
24, 0 ,1.0,1.0,1.0,135.08384955471948,140.56187689228392,174.1222589594497,12.241494647646984,12.770449800268958,11.861329166285591,60.0,63.0,54.0,-0.47976425098102093,0.8609776984201533,0.16894870909170895,13.184105827932152,-0.6795692957663269,-0.2428374655629311,-0.6922539545359275,12.403159808037303,-0.5549881401726331,-0.44693105524466137,0.7015987429618262,11.22366647734643,66.42631410961258,63.538805809951214,58.977338395398604,20.486776994023426,5.824231906242093,78939.0,248922.62502862202, 0.0, 0.0,0.0,NaN, 232.05709068131384,232.05709068131384,NaN, 149.85419120836977, -15.166344432410217, 9.231416257457088, -15.166344432410217, 163.0843881011895, 11.645008501660204, 9.231416257457088, 11.645008501660204, 140.69112959097725, 5.572574002364038, 4.006069650360354, 29.0, 0.0
25, 0 ,1.0,1.0,1.0,128.14406728986864,278.7545095772458,62.12416535448765,13.722811462539557,12.51073957510267,15.152807736752942,66.0,52.0,71.0,-0.5984679710819977,0.21339533101501093,0.7722036779826883,16.78927682829246,0.3923721699684807,-0.7622851319897124,0.5147479555876376,12.877979558764482,-0.6984841929658987,-0.6110513973868487,-0.372472847236354,11.256978614461921,76.0607494826846,69.14052306752703,64.35779930556453,22.88935782756565,7.10767470422587,100342.0,338449.9438785495, 0.0, 0.0,0.0,NaN, 143.98501576860505,143.98501576860505,0.0, 188.31555443640704, -31.517163206321136, -63.80389003970833, -31.517163206321136, 156.51860471604013, 10.216844045136716, -63.80389003970833, 10.216844045136716, 229.6075823069998, 6.2658966907962625, 4.256372909494416, 26.0, 0.0
26, 0 ,1.0,1.0,1.0,274.02413718849715,63.804612101873424,239.8338977742106,14.998379176797206,13.463729966641068,12.643169971717477,60.0,68.0,62.0,-0.9838889648790826,-0.1539641027082867,0.09087111678855968,15.04438516619295,0.17625144738893825,-0.9205223594690932,0.34867465209096915,13.560155673146017,0.029965514887486402,0.3590733083851907,0.9328281873543712,12.484462446202112,66.44385622942954,68.15144490894598,60.48679093530302,22.794435576306324,6.8181270329093415,102166.0,273898.9969665285, 0.0, 0.0,-2.8421709430404007E-14,84.78627622942597, 91.464385589784,91.464385589784,0.0, 224.95137793098405, 6.129894745382729, -4.5789635682242675, 6.129894745382729, 181.27202461462872, -9.978062492719472, -4.5789635682242675, -9.978062492719472, 159.84974693373852, 5.398849071494527, 4.0446027346660625, 27.0, 0.0
27, 0 ,1.0,1.0,1.0,199.78128450364932,174.9199730423436,192.15768795078793,12.382562336600412,10.893151732373928,12.417162911862857,62.0,54.0,58.0,0.6477796484356108,0.3491280526335751,0.6771197308725574,13.252340974922157,-0.7269629131328087,0.01747197590262352,0.6864544070712333,11.823979469670466,-0.227829870741519,0.9369121265744963,-0.2651211366065652,10.523474124511788,64.90018742028309,60.159599952179434,50.037419918201245,19.815914751823417,5.788269345200854,69739.0,195364.5667815684, 0.0, 0.0,0.0,NaN, 193.180662457675,193.180662457675,0.0, 153.32785001979505, 14.30422502208043, 13.955193138894773, 14.30422502208043, 118.66075466452112, 15.68654635789655, 13.955193138894773, 15.68654635789655, 154.18593477974244, 5.876728959386815, 4.164479462193008, 33.0, 0.0
28, 0 ,1.0,1.0,1.0,33.60634443575281,175.56844662192762,204.63621392399853,13.324507155428837,12.453913489183329,15.556635788313892,65.0,63.0,80.0,0.43821382220385485,0.046709125276499605,0.8976563393890744,16.193586411762546,-0.7422873477189708,-0.5443966922965364,0.39069391450715785,12.630114582294453,-0.50693011297991,0.8375264169162038,0.203890562610635,12.365247023180649,80.28634588440846,60.935090451450165,66.84292356618326,22.852924335712455,7.238454150408003,97156.0,327012.67706205935, 0.0, 0.0,0.0,NaN, 160.33355717741654,160.33355717741654,0.0, 177.54249093507428, 4.913209781199754, 41.08780350917144, 4.913209781199754, 155.09996119606248, 3.1760691815781263, 41.08780350917144, 3.1760691815781263, 242.0089170502486, 5.541698646303877, 4.040185725267088, 37.0, 0.0
29, 0 ,1.0,1.0,1.0,103.66039813983846,229.91069048978815,156.8133991460662,13.503275102414996,12.11624516524429,11.572506425091584,68.0,58.0,58.0,-0.7884792357677648,0.6093815683396697,0.08339423799618734,15.331240599046371,0.10092931430982818,-0.005557159643739068,0.9948780787059492,11.547369949245157,-0.6067237990025023,-0.7928576304385154,0.05712275885663576,9.730161833392819,84.56241701379209,58.86316545914681,53.99455285752154,20.519833977745144,6.4808297216032,73542.0,268763.90963335935, 0.0, 0.0,0.0,NaN, 190.15886020438768,190.15886020438768,0.0, 182.33843849150074, -67.4677531888932, -5.347520550528886, -67.4677531888932, 146.80339690430563, 6.919724859146711, -5.347520550528886, 6.919724859146711, 133.92290495878598, 5.793990226923092, 4.097270578724442, 30.0, 0.0
30, 0 ,1.0,1.0,1.0,51.94153833506878,20.40379240423083,165.18553734860524,12.44598762179166,11.447658142269363,12.211735300703737,58.0,47.0,58.0,-0.8275730753097845,0.07454686948699439,0.5563861691954558,12.773217954767182,-0.40742101472865805,0.6020740424822489,-0.6866694722547038,12.440001116971466,-0.38617472959759525,-0.7949525845097756,-0.4678883056899927,10.824474082756767,60.410240651483264,63.94890909986995,57.36587928877336,20.040190033811975,5.785217998243088,72988.0,221614.0858447951, 0.0, 0.0,0.0,NaN, 145.90811317083325,145.90811317083325,0.0, 154.90260788179125, -12.056365673962109, -10.659455145140265, -12.056365673962109, 131.04887694226605, -13.63100998435499, -10.659455145140265, -13.63100998435499, 149.12647905445377, 5.589377873379602, 4.067774114533326, 20.0, 0.0
31, 0 ,1.0,1.0,1.0,190.11285525842428,60.648722868449454,59.870020386137426,12.460882512356296,14.574551263676302,11.418562649559773,63.0,73.0,63.0,-0.3926066729410311,0.8936916426751584,0.217198637598744,15.159399210579052,0.860895166518039,0.4402005322276624,-0.25511370737841643,12.007437658965967,-0.3236039440860571,0.08682591340757001,-0.9422004819213845,11.139513766163132,72.6252936003758,58.61431575724774,63.10075699199692,21.373504328766586,6.422462394939937,83390.0,268612.4697511096, 0.0, 0.0,7.105427357601002E-15,77.4554514155318, 139.06067562782266,139.06067562782266,0.0, 155.27359298674693, -29.480059130770563, -13.427254609113144, -29.480059130770563, 212.41754453752847, 18.26478603155211, -13.427254609113144, 18.26478603155211, 130.3835729819215, 5.5504636360359845, 3.9510574676807835, 36.0, 0.0
32, 0 ,1.0,1.0,1.0,83.09781172683817,205.34654464221373,189.68555883836564,13.160669854584418,14.459374555542158,10.057418815166066,68.0,71.0,49.0,-0.24690219918773676,0.967101399655256,0.061271419284238,14.553930537524863,0.9651624794907224,0.25107307267135653,-0.07364577627185985,13.086746752615438,0.08660653681784211,-0.040953570835880554,0.9954004786095948,10.01741394394252,72.88204415881037,68.60164212439172,49.45941794159958,21.099305955611968,6.184472893779516,83262.0,247288.5782702396, 0.0, 0.0,0.0,NaN, 167.43296824031154,167.43296824031154,NaN, 173.20323102136706, -9.431928845886237, -6.726900521001775, -9.431928845886237, 209.07351253745998, 5.293890193339011, -6.726900521001775, 5.293890193339011, 101.15167322365642, 5.742285835384944, 4.0803356743113595, 21.0, 0.0
33, 0 ,1.0,1.0,1.0,287.4056231640789,76.77803888655757,285.0963491397398,8.279168555437291,14.114321478337082,8.926027853572512,35.0,66.0,37.0,0.2387868985031235,-0.9695284777185325,-0.05472977248303151,14.410825175838422,0.42536433249701655,0.1550963504399892,-0.8916335047089492,9.257389899054909,0.8729524624758362,0.18963030605096176,0.4494378102523109,7.352654351609293,67.99962722799316,47.692375292067396,41.622309021732804,17.479694474175812,6.47247689029623,35745.0,134983.8012249799, 0.0, 0.0,0.0,NaN, 79.2187123861242,79.2187123861242,0.0, 68.5446319693416, -33.475221312524205, -14.006713279537953, -33.475221312524205, 199.21407079384747, 3.7757290271281745, -14.006713279537953, 3.7757290271281745, 79.67397324275231, 6.220230284246102, 4.271684363076512, 8.0, 0.0
34, 0 ,1.0,1.0,1.0,60.66159044778827,43.88109628184921,33.178151470138,12.111097575231891,12.584837426472204,15.614317641208228,59.0,70.0,70.0,-0.3394415319023032,-0.30851572495230756,0.8885929854984056,16.35122154594634,-0.4406455072944516,-0.7824568657967207,-0.4399918068200679,12.577569040281036,-0.8310300736562021,0.5409059998047024,-0.12965228904358858,11.104325459946404,83.33743435003822,68.03254088947907,61.346018092462266,22.31505962331822,7.134553029851221,88189.0,347810.9060545761, 0.0, -7.105427357601002E-15,0.0,72.03019606544154, 81.89120161242927,81.89120161242927,0.0, 146.6786844767878, 27.115336804312424, -36.68673244424038, 27.115336804312424, 158.37813305073553, -27.480863868330076, -36.68673244424038, -27.480863868330076, 243.80691540054644, 6.002893340785445, 4.309335717399319, 24.0, 0.0
35, 0 ,1.0,1.0,1.0,121.04478009567605,235.24736775045463,76.8597871034251,11.792161144652376,12.603086660099503,13.675542550504632,61.0,65.0,73.0,-0.12788600833880737,-0.03593329210966244,0.9911377136348551,13.710525579123724,-0.4077612806130543,0.9128799587082909,-0.019517146859905226,12.802959728755127,-0.9040884397579522,-0.4066435533817183,-0.13139677921897752,11.533387724435455,72.06134778655715,61.6652483255649,57.21290850668544,21.17153866004181,6.056341522773873,86333.0,254235.90910404656, 0.0, 0.0,0.0,NaN, 157.32822075279205,157.32822075279205,0.0, 139.05506446144923, -11.248356059945403, -6.720372707329072, -11.248356059945403, 158.83779336197804, -2.5078546254706295, -6.720372707329072, -2.5078546254706295, 187.02046405066272, 6.039938967384009, 4.280904677360616, 34.0, 0.0
36, 0 ,1.0,1.0,1.0,24.78098109595597,188.59824838478104,126.92656616415411,12.54027230085652,13.103484620798186,15.747044638341174,54.0,74.0,79.0,0.03239397719142881,-0.11111333022237871,0.9932796474752785,15.78716204122474,0.6176986570429731,0.7835124553189213,0.06750260326404257,13.862337753847669,-0.7857474144590161,0.6113608265231002,0.0940156394647372,11.64174643734331,78.11728958133654,86.14011015195567,62.449075174101026,22.98664876635642,6.9672901418879265,104475.0,420221.82080231555, 0.0, 0.0,-1.4210854715202004E-14,6.646257687994958, 170.68919264335528,170.68919264335528,0.0, 157.2584293796293, 27.00022129256325, 6.020011361265131, 27.00022129256325, 171.7013092074946, -9.553818984368842, 6.020011361265131, -9.553818984368842, 247.96941484190953, 6.031179588130286, 4.232826129644239, 25.0, 0.0
37, 0 ,1.0,1.0,1.0,217.28016181692834,134.9427527088726,206.93234647553885,12.544988762104003,13.419118946113988,11.215119629694964,66.0,60.0,59.0,0.4559774938229857,0.8209701963059878,0.34364583789741704,13.82500311979572,-0.7773438546919716,0.5554007151439244,-0.2954091691032018,12.639733708870839,0.433383267673703,0.13243104770002218,-0.8914263631425418,10.598812440368647,62.31848858978492,65.20379142143184,51.74615186132726,20.636777106695856,6.111614785647556,76877.0,210265.40308250178, 0.0, 0.0,2.8421709430404007E-14,69.90084541845147, 183.61292511757077,183.61292511757077,0.0, 157.3767430413157, 9.020305060762913, 23.238018153802045, 9.020305060762913, 180.0727532899554, 14.448590044341529, 23.238018153802045, 14.448590044341529, 125.7789083083693, 5.6558504959134615, 3.8673299239472554, 29.0, 0.0
38, 0 ,1.0,1.0,1.0,107.5013833717174,210.86362582499962,279.43992766279734,11.462872207043155,12.084075541361065,11.359625011568335,56.0,57.0,45.0,-0.1815029226610443,0.9829993678510116,-0.027729620805393533,12.104778945159584,-0.7977407668815459,-0.16366801593501767,-0.5803640662680087,11.526384743724169,-0.5750359622847442,-0.08321672526846254,0.8138848927918807,11.27298464277477,54.84111159644456,62.76730219563879,58.70078740337382,19.341014980419793,5.691093115998166,64697.0,202061.53066994506, 0.0, 0.0,0.0,NaN, 141.15437365668,141.15437365668,0.0, 131.3974392350024, -2.7150918050502892, 2.7726730215338877, -2.7150918050502892, 146.02488168932072, 0.018725470560624343, 2.7726730215338877, 0.018725470560624343, 129.0410804034489, 5.398631471484305, 3.9978161555919347, 24.0, 0.0
39, 0 ,1.0,1.0,1.0,223.23703367385548,232.8114112750662,166.8120469163829,13.280574532403172,10.298188311326266,11.39244348707618,68.0,51.0,58.0,0.9777018597916627,0.14639632413733433,0.15055626735211255,13.3830666055382,-0.15202469636797877,-0.0011706115698764223,0.9883760020168321,11.342617041199532,-0.1448708564692984,0.9892253261758057,-0.02111134761740461,10.220209288507522,68.00673751479391,61.58132900370978,51.24945792464041,19.479749347639725,5.723065294548301,66075.0,214629.92528313998, 0.0, 0.0,0.0,NaN, 167.7673695944503,167.7673695944503,0.0, 176.37365991071573, 10.68965079999875, 7.352398353319823, 10.68965079999875, 106.05268249553691, 1.617433471434622, 7.352398353319823, 1.617433471434622, 129.7877686062245, 5.59425510215209, 4.024623754703003, 33.0, 0.0
40, 0 ,1.0,1.0,1.0,28.155118866744125,285.04770310126014,134.74794440968807,16.082317394416958,9.338226763358088,15.648488109313263,64.0,43.0,75.0,0.8117996097415355,-0.016074113834759117,0.5837148417574436,16.52834260152136,0.5838912328971351,0.03473924590178424,-0.8110882892386246,15.183918388620045,0.007240287933070956,-0.9992671352839549,-0.0375868404104901,9.326366129444102,89.91271385152686,89.83094161135412,44.128137266954695,23.025772269802626,7.780257280143704,89512.0,356420.4824142858, -3.552713678800501E-15, 0.0,0.0,35.72786735753713, 138.4676511810067,138.4676511810067,0.0, 258.6409327747662, 0.4823894275516309, 20.241942888902603, 0.4823894275516309, 87.20247908389727, -5.792426966542083, 20.241942888902603, -5.792426966542083, 244.87518010731856, 5.890757775506667, 4.2140805570154045, 20.0, 0.0
41, 0 ,1.0,1.0,1.0,124.80885043119719,91.51395220534859,212.52083393826766,13.51852131301068,10.103144195408275,12.5923249769252,76.0,51.0,69.0,0.8067878715512897,0.05584824572179342,0.5881958039356776,14.381193219782169,-0.5490155956325881,0.43875912543694945,0.7113875916812143,12.05131083738163,0.21834652749685385,0.8968675505868196,-0.3846470988249673,9.557079999881216,74.64857176960291,59.488193656285645,51.535360042916054,20.09559393674165,6.289490740727301,68878.0,228853.52137013993, 0.0, 0.0,0.0,NaN, 177.7769869500997,177.7769869500997,0.0, 182.750418490324, -7.779542165341385, 33.75149248862078, -7.779542165341385, 102.07352263321191, 20.616052710376444, 33.75149248862078, 20.616052710376444, 158.56664832449425, 6.153344449813595, 4.174959208051755, 34.0, 0.0
42, 0 ,1.0,1.0,1.0,280.5787219889411,231.60595351931153,44.31543882260009,11.22772963939476,13.57956841408117,18.259949197088204,48.0,71.0,87.0,0.14925345234787743,0.3585905158920046,0.9214858918478055,19.185283964195442,0.39365112870020463,-0.876437803923333,0.27730049536035933,12.779921376495697,-0.9070623990858041,-0.3213559051368934,0.2719709293258257,10.606169179872177,95.41777709711104,60.37559151070417,57.12702912843719,23.807747697092346,8.7797201231055,96212.0,329103.3724810789, 0.0, 0.0,0.0,NaN, 83.77821764411695,83.77821764411695,NaN, 126.06191285534358, -3.859721156979003, 40.700966265722954, -3.859721156979003, 184.40467831271096, 72.09937343202857, 40.700966265722954, 72.09937343202857, 333.4257446802422, 6.052115048951581, 4.31791344191798, 18.0, 0.0
43, 0 ,1.0,1.0,1.0,59.227030745979114,108.94650470325506,158.3341792425165,12.385487338448671,12.438635222757618,14.229308078776103,62.0,69.0,80.0,0.4043906926251073,0.20011961394774336,0.8924238386728539,14.655254699357007,-0.4628771826677122,-0.7967895546560766,0.3884213168153537,12.698451267260614,-0.7888047169507723,0.5701565975277126,0.2295834767831399,11.600258459465607,84.07517896810458,63.02262607712919,60.03670037491788,21.61145992147722,6.598329430905084,88662.0,318112.7760104182, 0.0, 0.0,0.0,NaN, 188.27210847316968,188.27210847316968,0.0, 153.40029661087235, 16.332880003024567, 24.149323340636222, 16.332880003024567, 154.71964620482646, 6.066274301812011, 24.149323340636222, 6.066274301812011, 202.4732084007229, 5.465733170160095, 4.059688853687873, 35.0, 0.0
44, 0 ,1.0,1.0,1.0,283.22926456125015,265.15104360179214,247.29378210031692,10.26434566496596,17.298654624341165,14.024364097927515,45.0,69.0,71.0,-0.0046018738985619655,0.8517722081386029,0.5238920959504059,19.019460234800153,0.2793326351942121,-0.5019481938235667,0.8185482817969354,11.69864520722497,-0.9601833687749847,-0.15010701569196,0.23561787319296212,10.133354073835145,82.81711774464452,63.25112937244113,51.7397326694844,23.25743623874495,7.770115294768448,91510.0,271027.0117228463, 0.0, 0.0,0.0,NaN, 65.37318054439149,65.37318054439149,0.0, 105.35679192990551, -5.806905199055791, 7.189109950118574, -5.806905199055791, 299.2434518122399, 101.55905741241102, 7.189109950118574, 101.55905741241102, 196.68278835123826, 5.998256676482797, 4.307433498657633, 17.0, 0.0
45, 0 ,1.0,1.0,1.0,167.27760020032702,158.84879730147742,253.6969022963956,13.1279609878796,10.995314821436741,10.998160720164394,61.0,51.0,53.0,-0.9771370969488882,0.10601553688289644,-0.18429270117324198,13.24133865006793,0.04982656635278986,-0.7284829563829116,-0.6832495119245259,11.442742107511803,-0.20668915562213133,-0.6768111170770197,0.7065453309938199,10.388958117326094,64.22235950429024,59.17543582311478,53.96289911511418,19.56353887680243,5.609616169061904,67889.0,205079.85242806765, 0.0, 0.0,0.0,NaN, 199.2056080756091,199.2056080756091,0.0, 172.34335969928873, -7.817414219441215, 11.354596169071957, -7.817414219441215, 120.89694802250646, 10.133949565798535, 11.354596169071957, 10.133949565798535, 120.959539226567, 5.670517807536586, 4.045060593247301, 26.0, 0.0
46, 0 ,1.0,1.0,1.0,80.69608326925946,282.1586545633987,123.54830787592238,12.634358472163933,11.000158888495429,17.224881288340164,59.0,48.0,80.0,-0.3814100493309716,-0.05723550491910458,0.9226323597435768,18.060521977709136,-0.8040548909344248,0.5129860788229961,-0.3005678214617083,11.691090581585827,0.4560944053962695,0.8564866489972055,0.241678533295288,10.698737863810717,85.63430030874626,65.63654351758869,59.549659413530264,22.72220341312163,7.812075078072218,87139.0,334713.12161551457, 0.0, 0.0,0.0,NaN, 148.6417028999301,148.6417028999301,0.0, 159.62701400314057, -4.542608375096236, -69.1347061880648, -4.542608375096236, 121.00349557214498, -14.60616206732501, -69.1347061880648, -14.60616206732501, 296.6965353974111, 5.544397082543127, 3.892830999394785, 20.0, 0.0
47, 0 ,1.0,1.0,1.0,284.1844452489879,147.81957015436262,175.67198762465853,9.826635286038266,11.050735124215993,14.132546213543252,40.0,53.0,69.0,0.038067499892187766,0.2120900953919711,0.9765084008284736,14.26665887213821,-0.3793267325675057,-0.9010049579589824,0.21047872978757873,11.087410517589928,-0.9244793645136804,0.3784281400344817,-0.046152436755002794,9.588646565016651,68.77362980554008,58.4227541141295,47.109237038939085,19.50344860787317,6.166511388815156,60766.0,189282.3169917934, 0.0, 0.0,0.0,NaN, 193.7994111288934,193.7994111288934,0.0, 96.56276104481236, 11.49210508688912, 1.6742316871741223, 11.49210508688912, 122.11874678558107, 17.23553750973829, 1.6742316871741223, 17.23553750973829, 199.72886247793573, 5.9238472165111276, 4.200954576755628, 18.0, 0.0
48, 0 ,1.0,1.0,1.0,181.43746646672813,237.2633273260053,213.53858217887162,11.200911284143242,12.674048042511085,12.698357277318557,61.0,64.0,65.0,0.4714698721588325,0.1771657784454961,-0.8639030307820061,13.509110060217125,-0.34690356751060425,0.9378959419709852,0.0030194176215968243,12.888424029652207,-0.810786084300261,-0.29826747892145267,-0.5036491204428843,9.936430764332814,67.07362416293171,65.34378622984933,53.19868060552693,20.266211282136073,6.051517593900853,72689.0,233161.54783599026, 0.0, 0.0,-2.8421709430404007E-14,30.242319223468833, 159.58866259127527,159.58866259127527,0.0, 125.46041359524742, -14.925718411859169, -34.187763962992506, -14.925718411859169, 160.63149378387905, -12.629517554042264, -34.187763962992506, -12.629517554042264, 161.24827754242918, 5.664143381587861, 3.9200259791780283, 30.0, 0.0
49, 0 ,1.0,1.0,1.0,127.27717471961328,177.3490576038332,201.74168380435475,15.137692039307849,10.294747834123598,14.812311664043035,72.0,52.0,75.0,0.728401690497462,-0.0542152653638662,0.6830019636003732,16.70691339278971,0.6590190921383003,0.3281219045236119,-0.6767790274299346,13.372478715239955,0.18741615052510818,-0.9430783216537871,-0.27473344490437773,9.82812230154572,78.05391431446242,68.23182212013002,47.51154210036489,22.49689293269139,6.958874797907639,94334.0,253035.10833664448, 1.4210854715202004E-14, 0.0,0.0,43.24743104606996, 202.23112909954835,202.23112909954835,0.0, 229.1497202769242, 10.573400797512807, 54.13216012855892, 10.573400797512807, 105.98183296819249, -25.019644712508217, 54.13216012855892, -25.019644712508217, 219.40457683274533, 5.832831543312922, 4.088927993024909, 24.0, 0.0
