// Sample: .//bubblelabels.tif, Map: .//bubblelabels.tif, Thickness:(8.191250068658265):/gpfs/home/mader/Foam/NewValid/InSilicoTest/LatticeDataPhi_16.0/out_Step_02000.vtk/distmap.tif, Neighbors:(1.0):
//LACUNA_NUMBER, TRIANGLES, SCALE_X, SCALE_Y, SCALE_Z, POS_X, POS_Y, POS_Z , STD_X, STD_Y, STD_Z,PROJ_X, PROJ_Y, PROJ_Z, PCA1_X, PCA1_Y, PCA1_Z, PCA1_S, PCA2_X, PCA2_Y, PCA2_Z, PCA2_S, PCA3_X, PCA3_Y, PCA3_Z, PCA3_S,PROJ_PCA1, PROJ_PCA2, PROJ_PCA3,OBJ_RADIUS, OBJ_RADIUS_STD, VOLUME, VOLUME_BOX, Mask_Grad_X,Mask_Grad_Y,Mask_Grad_Z,Mask_Angle, Mask_Distance_Mean,Mask_Distance_COV, Mask_Distance_STD, SHAPET_XX, SHAPET_XY, SHAPET_XZ, SHAPET_YX, SHAPET_YY, SHAPET_YZ, SHAPET_ZX, SHAPET_ZY, SHAPET_ZZ, Thickness, Thickness_STD, Neighbors, Neighbors_STD
1, 0 ,1.0,1.0,1.0,170.26250469016077,61.91925707853494,167.63715473201142,12.93198907289354,12.162976295749786,10.93623627719729,59.0,58.0,59.0,0.8550499221326613,0.5184658879988274,0.009096902908004266,13.35909279170688,-0.5183786467702131,0.855088189275288,-0.010381095057455856,11.692548499183758,0.013160897902982548,-0.00416071430127812,-0.9999047350737422,10.935929180453583,68.5850435477501,58.30328209210864,58.948611512036734,19.972415329682207,5.989843367049023,69294.0,235719.7664846796, 0.0, 0.0,0.0,NaN, 75.93198784636274,75.93198784636274,0.0, 167.2363413814379, 18.50915972149755, 0.5500498661459835, 18.50915972149755, 147.9379923709712, 0.1256801559389154, 0.5500498661459835, 0.1256801559389154, 119.60126391068604, 5.962149887435377, 4.24107076208038, 27.0, 0.0
2, 0 ,1.0,1.0,1.0,41.82879088862402,8.967448020129783,26.210700569461,14.010276138839295,5.925876387108245,12.073571401747213,72.0,23.0,55.0,0.8704753807707694,-0.02474293886538878,0.49158966470857357,14.847182701750675,-0.4867234104842228,0.10546202557365454,0.8671666984199222,11.077944998545476,0.07330029439634482,0.994115460164565,-0.07975912927811891,5.832261590921802,77.96299289919195,54.06480426322091,25.47291910810804,18.236837079848144,6.677780181913091,37755.0,107369.72832681492, 0.0, 0.0,3.552713678800501E-15,60.55488072460633, 50.17034677516101,50.17034677516101,0.0, 196.2878374865297, -8.568544987362733, 42.33375628343281, -8.568544987362733, 35.11601095528706, 5.844866931528702, 42.33375628343281, 5.844866931528702, 145.77112639308817, 6.235481374071317, 4.247851979641434, 17.0, 0.0
3, 0 ,1.0,1.0,1.0,170.3509900990099,40.27083168316832,11.999465346534654,14.72719293996613,11.225480946338639,8.26066066157156,65.0,60.0,31.0,0.9308828241128718,0.35990377596893,0.06266131035138206,15.277343911910089,0.3629897545232708,-0.9305762496499451,-0.04760547971168156,10.500130163032278,0.041177735279894045,0.06706053705981287,-0.996898830617465,8.215240622759605,73.57477307098762,62.62567379517232,34.23807445511244,19.131906817923465,6.716419466020276,50500.0,157757.739550703, 0.0, 0.0,0.0,NaN, 51.42752999285275,51.42752999285275,0.0, 216.8902118909882, 41.1388021468484, 8.938464885795538, 41.1388021468484, 126.01142247661181, 5.635946781295897, 8.938464885795538, 5.635946781295897, 68.23851456563588, 6.165615575959777, 4.070265065570599, 14.0, 0.0
4, 0 ,1.0,1.0,1.0,9.536505915830462,30.11715590834207,135.14145574359742,6.231810153789401,10.48658617281094,10.434727584890526,24.0,53.0,55.0,0.04717877601234866,-0.7143930890476837,0.6981523310960756,11.503936473197031,-0.008990942678939701,-0.6992060123249044,-0.714863703987305,9.312570179772528,-0.9988459971605833,-0.027449346979722088,0.03941075115582255,6.214738079034058,63.56300040862669,44.026683531425746,26.086522475545692,15.223503673640122,5.092388734396436,26708.0,73002.30107379385, 0.0, 0.0,0.0,NaN, 72.14304393460111,72.14304393460111,0.0, 38.83545779287268, -2.856287517247035, 3.3960266830160615, -2.856287517247035, 109.96848955978957, -22.69947637493319, 3.3960266830160615, -22.69947637493319, 108.88353977087527, 6.210418054419746, 4.114884543269444, 12.0, 0.0
5, 0 ,1.0,1.0,1.0,59.183916990920885,74.13444169319656,142.2744016035845,9.761643003499106,9.983118102285403,10.534073453518713,49.0,56.0,55.0,-0.5957114527280623,0.3993060529024754,0.696909277599363,11.422969447589614,0.16790849768422464,-0.7865852828363218,0.5942140432796326,10.031645024091947,-0.785451845432963,-0.4709971007774334,-0.40153098207386717,8.648750881261103,55.738881274966715,54.135689740061984,47.22689563236332,16.792511169468145,4.891890566981957,42405.0,142505.399934826, 0.0, 0.0,0.0,NaN, 111.0445684658841,111.0445684658841,0.0, 95.28967412776304, -16.657340190195466, -20.53986695216023, -16.657340190195466, 99.6626470441785, 3.42121533918086, -20.53986695216023, 3.42121533918086, 110.96670352412767, 5.959030497648317, 3.863978580273355, 21.0, 0.0
6, 0 ,1.0,1.0,1.0,28.863653862247887,106.84403715792116,174.07972215248137,12.151861722185773,12.124207756755716,9.993680556906494,58.0,57.0,49.0,-0.7256062374914823,0.6869429197949475,0.04006261420635135,12.530390247224197,-0.6788648751101884,-0.7241546851608586,0.12141858713231218,11.761078411920094,0.11241916853936905,0.06090498258082643,0.9917925759158245,9.960128661745596,65.64992989762484,59.53011458028344,48.9490447249629,19.024663925987106,5.709638396681826,59745.0,191300.10385213484, 0.0, 0.0,0.0,NaN, 100.91087518700348,100.91087518700348,0.0, 147.66774331512377, -9.58273451019458, -4.904855357701731, -9.58273451019458, 146.99641372897545, -1.8486760228166266, -4.904855357701731, -1.8486760228166266, 99.87365107349089, 6.043623188283416, 3.7463412742353945, 25.0, 0.0
7, 0 ,1.0,1.0,1.0,135.74100549310634,16.377278184000872,180.16788533595258,13.71810169489216,9.893871424570179,9.710667942508481,67.0,41.0,39.0,0.9676686502632531,0.24622355243020885,0.054693194515793395,13.954365575302136,-0.09981252017518506,0.1746809556940772,0.9795529717856417,9.700053667403324,-0.23163515301864776,0.9533417676502232,-0.19360947791772876,9.568527473300655,70.32963681962408,43.28699438938449,46.36803148250496,18.615156668598875,5.817905118725915,54978.0,141160.91515003232, 0.0, 0.0,0.0,NaN, 69.21521789174015,69.21521789174015,0.0, 188.18631411140316, 24.536815891119822, 5.212348926818545, 24.536815891119822, 97.88869176592632, 1.822978688960491, 5.212348926818545, 1.822978688960491, 94.29707188966188, 6.105400087877182, 3.9499715980110497, 14.0, 0.0
8, 0 ,1.0,1.0,1.0,185.1511333057338,155.1813289174084,91.0819706064997,8.394893382205698,10.749265554942745,10.255083806132399,32.0,54.0,52.0,0.19789275783113966,0.818801194071703,0.5388905834997848,11.337399218709738,-0.20295617999392254,-0.5036232813297745,0.8397454254146935,9.786873714816243,-0.9589824009856802,0.27555071237320966,-0.06651736247293832,8.177296043675888,54.54775250047814,48.35707561888724,38.36478320296307,16.366038312334428,4.831198474424512,38648.0,101197.4662288163, -2.8421709430404007E-14, 0.0,0.0,78.5862397737489, 102.59204398625117,102.59204398625117,0.0, 70.47423489860103, 12.947910830920504, 1.648499526170443, 12.947910830920504, 115.54670997067858, 14.982367780729913, 1.648499526170443, 14.982367780729913, 105.16674387079898, 6.160051598616717, 4.068781683917241, 17.0, 0.0
9, 0 ,1.0,1.0,1.0,79.33032706726068,146.6679615342823,44.85393349994567,9.635257330356197,8.903988361550434,10.394081663151924,45.0,40.0,48.0,-0.5874936027735644,-0.10044248644860958,0.8029710913950505,11.22936289865916,0.11334355779759764,-0.9926992896251866,-0.04124752457338835,8.878063155431214,0.8012518359454287,0.06677894349022392,0.5945889909007814,8.673956979572322,54.042399415596854,40.62477052419395,42.558759944071795,16.08646972480614,4.624026165363546,36812.0,93436.05829171605, 0.0, 0.0,0.0,NaN, 105.59110980534722,105.59110980534722,0.0, 92.83818382218284, 2.5981904743868225, -24.00996499400574, 2.5981904743868225, 79.28100874262559, -3.955377888464754, -24.00996499400574, -3.955377888464754, 108.03693362027109, 5.983949576868942, 3.943104298559669, 15.0, 0.0
10, 0 ,1.0,1.0,1.0,153.19258990485406,10.750040316078051,87.34530720851475,9.493139541589677,6.823642490458578,9.591481136499693,48.0,26.0,46.0,-0.6352358222080055,-0.0441706575874674,0.7710540857760949,9.760342674091422,0.7665821513064215,0.08539135656607463,0.6364433372439561,9.340624027374059,0.09395347509346291,-0.9953679064708164,0.020383210879687343,6.794612516477076,48.388390582051514,49.490264925235664,27.87647628311887,14.418522584953708,4.559003405646977,24804.0,66757.31058957225, 0.0, 0.0,0.0,NaN, 99.67798000542695,99.67798000542695,0.0, 90.11969835609347, 4.066725423725826, -4.00542382418461, 4.066725423725826, 46.56209683759175, 0.5604299585869599, -4.00542382418461, 0.5604299585869599, 91.99651039182946, 6.320507710337293, 4.057856164805985, 15.0, 0.0
11, 0 ,1.0,1.0,1.0,98.92443770533232,90.88894249546259,12.926804052656971,11.278265228362228,11.347344180731211,8.370903153983376,59.0,54.0,33.0,0.6627453340523468,0.7422727504235089,0.09899386935847032,11.541016421659094,0.7417596041776177,-0.6688552112930176,0.04924830897032373,11.114131603881736,-0.10276824315958208,-0.04079056637129935,0.9938686119870183,8.32553450399553,57.48966782464629,57.914081124998766,36.26267908026707,17.252773337092222,5.326848816096003,43527.0,120735.18613330454, 0.0, 0.0,0.0,NaN, 134.95905492509743,134.95905492509743,0.0, 127.19926656128449, 4.53035430577749, 6.171347865214386, 4.53035430577749, 128.76221995597447, 2.9083137085153368, 6.171347865214386, 2.9083137085153368, 70.07201961336884, 6.119764078892296, 3.849422982222864, 12.0, 0.0
12, 0 ,1.0,1.0,1.0,154.62182412901262,9.851475734063593,39.8750950859577,10.237371386672852,6.255917669334801,9.697516727538732,47.0,24.0,48.0,-0.974524916794017,0.009628818516167379,0.22407247131586222,10.26695369270595,-0.2240937395341479,-0.0011758980522110522,-0.9745668849111242,9.666513624772735,-0.009120441284101149,-0.9999529504520472,0.003303699900072814,6.255420504568152,52.835577066756045,49.234834426191895,24.27974104135283,14.732487770452813,4.575577949126093,26292.0,63160.12593518422, 0.0, 0.0,0.0,NaN, 61.20664692360849,61.20664692360849,1.1680077279964342E-6, 104.80377290866802, -0.6076288139436267, -2.6119325102815716, -0.6076288139436267, 39.136505885495374, 0.2052428993863507, -2.6119325102815716, 0.2052428993863507, 94.04183068089351, 5.835975260738321, 3.874926260084188, 13.0, 0.0
13, 0 ,1.0,1.0,1.0,188.528548436542,59.13274064990803,92.90006131207848,6.996623549064359,9.505287071468876,9.592840262422571,28.0,46.0,54.0,0.1672566826163251,-0.6515229271150842,0.7399615378947582,9.831772601154764,0.04743990905652933,-0.7443462752078814,-0.6661066563343003,9.336718894149834,-0.9847713730348228,-0.1465144976701845,0.09358870029850494,6.89113455894738,51.61092637788734,45.4876419901898,29.90944173284541,14.547821512254638,4.436969342500138,26096.0,70217.1802939134, 0.0, 0.0,0.0,NaN, 110.71899841278366,110.71899841278366,0.0, 48.95274108732195, -6.760188986211686, 4.832098954724975, -6.760188986211686, 90.35048231103337, -4.030687169874347, 4.832098954724975, -4.030687169874347, 92.02258430035555, 6.136929196780085, 3.9438191276825045, 11.0, 0.0
14, 0 ,1.0,1.0,1.0,69.42653591124655,187.40994828437158,23.604793888543163,12.468827460554804,7.301227247148565,13.600151101261956,60.0,29.0,55.0,0.46617336104680596,-0.017548446477904066,0.8845193324492893,14.004107315381843,-0.8794499393302789,0.09949991040274839,0.4654756406535291,12.053429583062256,0.09617796869497952,0.9948828171478573,-0.030951227465971926,7.234880864131437,67.50126113452862,59.62630110010403,31.2980076518119,18.821909027815916,6.283265717869341,46601.0,125969.80240503902, 0.0, 0.0,0.0,NaN, 74.40255093313945,74.40255093313945,0.0, 155.47165824108555, -9.309017876192716, 21.23582137459348, -9.309017876192716, 53.30791931450461, 2.072960184400986, 21.23582137459348, 2.072960184400986, 184.96410997715677, 5.423212275112068, 3.627417751020421, 12.0, 0.0
15, 0 ,1.0,1.0,1.0,185.5089356110381,149.04286465177398,34.204940867279895,8.467039692450905,11.646498278391,9.122904232342945,36.0,57.0,49.0,-0.20064723256866426,0.9796283507220896,-0.008305571868012146,11.766259486872835,-7.295889718758747E-4,-0.008627405028538038,-0.9999625170887185,9.122700152565045,-0.9796632869320296,-0.20063365207260694,0.0024457909844489323,8.300032804065856,59.34817690375975,49.11031960271821,40.49658223836309,16.318500102409562,4.926014549539549,38050.0,118031.6599558943, 0.0, 0.0,0.0,NaN, 63.060277273070874,63.060277273070874,0.0, 71.69076115353913, -13.67148683263051, 0.1263684653120677, -13.67148683263051, 135.64092214856453, -0.4422669790941747, 0.1263684653120677, -0.4422669790941747, 83.22738163250081, 5.9642694573286485, 3.911160673584825, 17.0, 0.0
16, 0 ,1.0,1.0,1.0,152.50168264110755,110.00012779552716,10.173716719914802,10.277169883333373,9.526209570456691,5.829408689979652,57.0,49.0,24.0,0.9221263709407999,0.383091185396961,0.054074945091992524,10.439845379543833,0.38278046397174015,-0.9236937139405014,0.01640241532160121,9.36018309928045,-0.05623230759207677,-0.005573732856387386,0.9984021539865167,5.809259510912506,51.08006104275282,43.396296909190674,25.479429021634274,14.505160049886051,4.466679660906125,23475.0,56479.8807369832, 0.0, 0.0,0.0,NaN, 102.27204730836563,102.27204730836563,1.9073486328125E-6, 105.6202208108945, 7.53484536537068, 4.090101733314724, 7.53484536537068, 90.74866878026067, 0.7425976080869124, 4.090101733314724, 0.7425976080869124, 33.98200567481028, 6.071909391683257, 3.941627862155306, 16.0, 0.0
17, 0 ,1.0,1.0,1.0,11.453443157586653,46.707153907262615,14.43977087427353,7.057429346681372,9.2917905248229,8.794453531955117,27.0,46.0,38.0,-0.1816285524834133,-0.8609430710337715,0.4751716504187913,9.560589462658477,0.03924161816683924,-0.48916948669208604,-0.871305519719145,8.58687443616176,-0.9825839222816685,0.13960745584795548,-0.1226319450438312,6.95325892013243,48.790099829556986,40.97556315456773,30.673141421530246,13.996663391069253,4.192911516286429,23917.0,61321.80005945323, 0.0, 0.0,1.7763568394002505E-15,61.62947324322621, 50.21201618320364,50.21201618320364,0.0, 49.80730898339945, 6.245595847127001, -4.584032910962731, 6.245595847127001, 86.33737115718863, -6.794282092092939, -4.584032910962731, -6.794282092092939, 77.34241292571784, 7.2310503558051495, 4.1504403820083855, 10.0, 0.0
18, 0 ,1.0,1.0,1.0,62.13012247144626,12.040924728223477,104.92998486307968,10.579305024950479,7.341605040974031,11.925575226159932,50.0,28.0,56.0,0.342242966954354,0.14908722771827904,0.9277083324523707,12.265641902021262,-0.9328527608831254,0.17212271127361742,0.31647985524603195,10.374849712560735,-0.11249656920551512,-0.9737282838631609,0.1979842193759182,7.068007218202022,60.259098665045244,55.265120117665234,34.97685471769918,16.681590656598683,5.455706831295866,36335.0,116480.8423782701, 0.0, 0.0,0.0,NaN, 114.20789712082923,114.20789712082923,0.0, 111.92169481094245, -4.134154179580125, 14.876456077263214, -4.134154179580125, 53.899164577655306, 17.040680129588438, 14.876456077263214, 17.040680129588438, 142.2193444747995, 5.587599333106561, 3.694510708188618, 17.0, 0.0
19, 0 ,1.0,1.0,1.0,191.64539318443724,134.56483564725895,118.57767656258574,4.8774395090115465,9.654962641557733,9.693236414145598,19.0,45.0,46.0,0.02531555056982161,0.7005072251962149,0.7131961513828057,10.734031477085596,0.013864078358380653,-0.7136022043549368,0.7004139356630815,8.486791363055021,-0.9995833683243331,0.007843557080419797,0.027777119751815706,4.8704714929225075,49.044955386954314,45.49131179436219,19.93161028127281,13.810609675570023,4.49817878074214,18223.0,44469.80152366775, 0.0, 0.0,0.0,NaN, 104.79100602084027,104.79100602084027,0.0, 23.789416164066797, 1.144705479481284, 2.121052842420525, 1.144705479481284, 93.21830360987548, 21.56905971252288, 2.121052842420525, 21.56905971252288, 93.95883218051821, 6.166351185042922, 3.8466533081998744, 8.0, 0.0
20, 0 ,1.0,1.0,1.0,40.297208916728074,173.0175018422992,190.305038688283,9.886494529489779,10.272662971120802,5.016942228143871,48.0,49.0,20.0,-0.41428115089845,0.9100441784063791,0.013810190401076538,10.372649175562191,0.910133796605536,0.41413897052463583,0.012057585545541878,9.782868229956094,-0.005253597495906246,-0.017564351438440717,0.9998319325126089,5.014352021590193,49.01253476358174,45.056587146319146,20.539172906536862,14.398019833536578,4.59751158709688,21712.0,45357.42664887159, 0.0, 0.0,0.0,NaN, 49.45616774624218,49.45616774624218,0.0, 97.74277408163132, -4.48820649356838, 0.30262460134993885, -4.48820649356838, 105.52760451823644, 1.3885448276737369, 0.30262460134993885, 1.3885448276737369, 25.169709320533187, 6.142477908116122, 4.0359791212862755, 11.0, 0.0
21, 0 ,1.0,1.0,1.0,11.589639712634366,153.30772970345163,188.07643277696755,7.280898161414886,9.959470246035446,6.0818737696288565,29.0,56.0,23.0,0.08986613950279662,0.9956362643868684,0.02514967213755792,9.980285862344223,0.994385998024229,-0.09111240826193598,0.053805352838434996,7.258219930801347,-0.05586200769952779,-0.020173202484311703,0.9982346808227538,6.07485404847472,56.62914252855505,31.069076172640273,24.25199623204861,13.087393182788457,4.232239814490378,18513.0,42669.32941406115, 0.0, 2.8421709430404007E-14,0.0,5.354573700603139, 49.56469821795326,49.56469821795326,0.0, 53.01147803689467, 4.180728275110428, 0.9858834228175591, 4.180728275110428, 99.19104758166536, 1.4927112012972423, 0.9858834228175591, 1.4927112012972423, 36.98918854969952, 6.198334278900929, 4.07313678943016, 8.0, 0.0
22, 0 ,1.0,1.0,1.0,8.513028846153846,19.16173076923077,55.21033653846154,5.364244467835691,10.353144119458568,9.616334204913404,21.0,42.0,45.0,0.004799631468263725,0.948191310462432,0.3176636622298885,10.442050504095796,-0.05888845449192581,0.3173840245174824,-0.9464668673063199,9.531154661991211,-0.9982530307819361,-0.014164029956970779,0.0573608471874047,5.343900026075407,44.68498300506647,44.359877866947016,21.831754694987698,14.362925780467936,4.7056305033808234,20800.0,43275.349275129585, 0.0, 0.0,7.105427357601002E-15,71.4783082264494, 59.05780936419936,59.05780936419936,0.0, 28.77511871070582, -0.7978763960798668, 3.5942547499075763, -0.7978763960798668, 107.18759315827953, 5.530597494452648, 3.5942547499075763, 5.530597494452648, 92.4738835405875, 5.510582305992452, 3.77714792498154, 11.0, 0.0
23, 0 ,1.0,1.0,1.0,101.07079861618672,18.625566437655312,103.14476441066121,9.803492744440984,9.961339695026991,10.735044861387173,45.0,41.0,52.0,-0.56665112063611,0.2696808248985642,0.7785748263101435,11.715693695350417,-0.03417394412141906,-0.9517998473961046,0.3048100917619657,9.834036477654026,0.8232488378522177,0.14611400746944708,0.5485545075889829,8.752839223870103,59.49644649401241,48.301596644596145,46.34406989343347,16.852189503764617,5.155740064743894,41046.0,133182.3534695112, 0.0, 0.0,-1.4210854715202004E-14,38.86972757925709, 139.69550913550842,139.69550913550842,0.0, 96.108469990307, -8.613845345900378, -26.96483665588305, -8.613845345900378, 99.22828851972044, 6.9032520642072255, -26.96483665588305, 6.9032520642072255, 115.24118817599515, 5.386775035683578, 3.3785600147208736, 19.0, 0.0
24, 0 ,1.0,1.0,1.0,121.99671519526339,10.07575327466645,144.37661705665275,9.324886878992393,6.517531946416704,10.196645857286443,42.0,26.0,47.0,0.029104857999992545,0.11181761919123365,0.9933024349508083,10.232648525712557,0.9765332211811306,0.20896087534994967,-0.05213655629774464,9.444789649037213,0.21339113189260084,-0.9715102534772276,0.10311184324900599,6.284280177725664,47.59965662860037,42.61490767867129,29.770919765718368,14.56163278695843,4.621923332906758,24659.0,60388.97024253718, 1.4210854715202004E-14, 0.0,0.0,88.33217895021153, 96.33272535562908,96.33272535562908,NaN, 86.95351530600449, 10.35630544690573, -0.6456261007506834, 10.35630544690573, 42.47822267256231, 6.701751057957528, -0.6456261007506834, 6.701751057957528, 103.97158673891677, 5.888848799340911, 3.722185041848191, 9.0, 0.0
25, 0 ,1.0,1.0,1.0,57.0506439341858,151.88489389981208,19.29703469453229,8.645921643403549,11.51824377018667,11.719966737902208,41.0,55.0,46.0,0.16029689805223463,0.6081986208198616,-0.7774312459038736,12.477121018500315,0.27044295352591424,-0.7845383515121118,-0.5579965805404532,10.97077500293046,0.9492973787823347,0.1208056813211862,0.2902420954953163,8.291143942522401,61.71215641035915,58.25502630948887,43.41227965753889,17.692525428048885,5.6350745273425185,43638.0,156069.02491655695, 0.0, 0.0,0.0,NaN, 77.08576364244941,77.08576364244941,0.0, 74.7519610638739, -2.475723349342005, -18.62288479478692, -2.475723349342005, 132.66993954944402, -18.510518234780815, -18.62288479478692, -18.510518234780815, 137.35762033753414, 5.390572771457333, 3.6218874967704857, 11.0, 0.0
26, 0 ,1.0,1.0,1.0,139.6707303857824,36.3318433029909,35.29470091027308,8.741541916612373,8.989594252043117,11.192277436562943,39.0,45.0,57.0,0.21612662406084027,0.4091846854362639,0.886485857516345,11.806557948249909,-0.8207382677058919,-0.41564700768845103,0.39195186046601255,8.709433528760954,-0.5288458927657436,0.8122840994406216,-0.24600114532404455,8.200328721213872,58.477460004647995,41.75017394485799,41.4686531666766,16.093358601389383,4.847498637477089,36912.0,101243.39973035354, 0.0, 0.0,0.0,NaN, 78.77397744384673,78.77397744384673,0.0, 76.41455507989112, 9.317382518003637, 11.053960632408394, 9.317382518003637, 80.81280481636665, 24.768725849318987, 11.053960632408394, 24.768725849318987, 125.26707421699598, 5.4753342477663685, 3.52616185448873, 16.0, 0.0
27, 0 ,1.0,1.0,1.0,71.077194517352,63.873374161563135,46.785505978419366,9.100009239405308,9.253429669462848,9.592160750855287,43.0,39.0,51.0,0.4635052353487461,0.5760651610037861,0.673284358263272,10.028634499515164,-0.4879589373839849,-0.4683037190465323,0.7366055268284913,9.218680352051454,-0.7396343503592813,0.6699556380872311,-0.06403491831598566,8.653791037287679,54.536269796700495,48.11282297652584,44.43553650705411,15.515685561818705,4.439502024100349,34290.0,116594.13294096659, 0.0, 0.0,0.0,NaN, 106.39858587827777,106.39858587827777,0.0, 82.81016815726197, 9.165301213016567, 4.386840643777316, 9.165301213016567, 85.62596064769531, 6.4795761725953795, 4.386840643777316, 6.4795761725953795, 92.00954787024865, 5.6297296258903655, 3.6121611289346287, 24.0, 0.0
28, 0 ,1.0,1.0,1.0,92.18172043010753,126.70615292712067,77.16795101553166,8.966405528607803,8.18426370642361,10.291075304704895,43.0,39.0,48.0,-0.10300316255788898,-0.10440761327810084,0.9891862305919161,10.32426685780452,0.9879977834728683,0.10434888203478915,0.11389333022960191,8.961128439602076,-0.11511180806404098,0.9890451764745939,0.09240622563749266,8.148160674939604,46.86853789594548,42.673513557013294,39.44824518216839,15.337728000614492,4.2472262979499025,33480.0,78898.27292402711, 0.0, 0.0,0.0,NaN, 140.79897110466618,140.79897110466618,0.0, 80.39642810344857, 1.8663012422758931, -2.530579867935906, 1.8663012422758931, 66.98217241628275, -3.9862812995578873, -2.530579867935906, -3.9862812995578873, 105.90623092710695, 5.759150457091122, 3.6247233359195583, 19.0, 0.0
29, 0 ,1.0,1.0,1.0,67.54289633385984,190.36075317981545,72.62856430293458,10.131889077641427,5.605145697524679,10.18560983496588,51.0,23.0,46.0,-0.6882879966525963,0.04083329679189199,0.7242874260520202,10.725169346578303,0.7253122985716155,0.0201834790817573,0.68812404166176,9.567487059045867,-0.013479733109910413,-0.9989620959001702,0.04350893873704647,5.590475484649738,46.33020005312619,47.3846050325413,23.645311759276808,14.686458068431026,4.703980408812064,24058.0,51909.45687950174, 0.0, 0.0,0.0,NaN, 99.64871437772028,99.64871437772028,0.0, 102.65517628162964, -1.472017511080279, -11.676061117326045, -1.472017511080279, 31.417658290479427, 3.314934342623296, -11.676061117326045, 3.314934342623296, 103.74664771015367, 5.371773243538855, 3.663004232523642, 15.0, 0.0
30, 0 ,1.0,1.0,1.0,125.84423941468575,74.81415097111626,165.63012370346428,8.999716468658507,9.048742963021457,9.373793809208319,43.0,43.0,44.0,-0.49007574842526036,-0.34736429719267775,0.7994772078310035,9.759398843254345,0.47440882646441035,-0.8757244472099425,-0.08968253972487003,8.990832986911425,0.7312742482667376,0.33532780617580643,0.5939640024675226,8.640700927840104,48.10823193060834,43.30647168575441,45.44138121706081,15.285151018117844,4.13603849812326,34033.0,94672.4729274605, 0.0, 0.0,0.0,NaN, 110.80398192373138,110.80398192373138,0.0, 80.99489651624314, 0.939406290890821, -8.327614792934535, 0.939406290890821, 81.87974921083033, -5.231583098039839, -8.327614792934535, -5.231583098039839, 87.8680103775522, 5.606816460652422, 3.635593723544485, 18.0, 0.0
31, 0 ,1.0,1.0,1.0,44.53485435027318,56.68179447052687,171.59366334458997,9.049327618766064,11.483343232033384,8.02664928488506,44.0,53.0,40.0,0.23456502756086503,-0.9685457058627032,0.08305698947282009,11.6332796689478,0.9472092780178093,0.2469340371610094,0.20449490196175008,8.922205364723991,-0.21857225689083049,0.030704998718168452,0.9753375680098484,7.952713779127935,50.68880486536693,45.85586078730563,37.58288645003995,16.00212995927303,4.702811674470176,36423.0,87356.86373236483, 0.0, 0.0,0.0,NaN, 77.47966854975301,77.47966854975301,0.0, 81.89033035176227, -12.550751944659632, 4.57336969453487, -12.550751944659632, 131.86717178468695, -4.972913868605066, 4.57336969453487, -4.972913868605066, 64.42709874254584, 5.469648198839324, 3.5278939550137034, 21.0, 0.0
32, 0 ,1.0,1.0,1.0,188.19345238095238,183.84878863826233,185.9172410192147,6.708298342537779,9.771127987168475,7.793404028810515,27.0,47.0,29.0,0.14034412517820302,-0.8924857237618218,0.4286872512791835,10.365366082205862,0.23988054519647314,-0.38942285665753684,-0.8892733903299515,7.102353499963211,-0.960604419396563,-0.2276380275657398,-0.15943675185405604,6.582485540722347,54.46551929886813,38.20536460190826,31.387680260468272,13.442856955394399,4.528018554202594,19152.0,65313.83988534757, 0.0, 0.0,0.0,NaN, 24.46590067100027,24.46590067100027,0.0, 45.00126665249511, -8.694901937383134, 2.3395792618948072, -8.694901937383134, 95.47494214162704, -22.065250104863992, 2.3395792618948072, -22.065250104863992, 60.73714635627996, 6.120577602201424, 3.831847381228654, 7.0, 0.0
33, 0 ,1.0,1.0,1.0,87.8234345684803,75.72282481238274,97.50495426829268,10.505020836801165,8.616735627492043,9.329388988963135,48.0,43.0,46.0,0.867946372163216,0.2128039944608563,0.44875779100781793,10.993590510414291,-0.47658993645179537,0.10261407102158354,0.873116478427278,8.878091005872504,-0.13975381040095514,0.9716917270255426,-0.19048375287286964,8.483016111258936,50.059835949292165,47.78396648685518,42.545161148272044,15.818181175065947,4.6288485475185555,34112.0,101770.47280637064, 0.0, 0.0,0.0,NaN, 151.50616477171084,151.50616477171084,0.0, 110.35546278162666, 8.696047544705134, 16.19132092981722, 8.696047544705134, 74.24813287409069, 5.284103617691935, 16.19132092981722, 5.284103617691935, 87.03749890738658, 5.855666934145618, 3.5920209853172542, 22.0, 0.0
34, 0 ,1.0,1.0,1.0,142.812606959498,71.14182037142676,115.77920390441783,9.375554653810953,9.628789207423699,8.069850020668833,47.0,42.0,36.0,0.533385552537899,0.8101857279434367,-0.24310273256506917,10.11978938937072,-0.8354427938326494,0.45959142946586334,-0.30134872854323036,9.09238171248438,0.13242050663298868,-0.36383348416313677,-0.9220032566237363,7.788166891698168,46.532509002675596,42.048511115978755,39.94168816780595,15.093134550972112,4.234899697742608,31554.0,78150.81462630001, 0.0, 0.0,0.0,NaN, 124.19621179207859,124.19621179207859,0.0, 87.90102506659623, 9.590625082596395, 0.12849187699882453, 9.590625082596395, 92.71358160099912, -11.273053732403818, 0.12849187699882453, -11.273053732403818, 65.12247935608875, 5.587543671683998, 3.576094221982508, 19.0, 0.0
35, 0 ,1.0,1.0,1.0,146.33923816139864,106.14999421095288,84.10397128632627,9.422474740772207,9.056508194960578,9.596123050802731,43.0,48.0,45.0,-0.8186471999909258,-0.5611417748634145,0.1222156718680316,9.78555339436072,-0.005723317917567407,-0.20482711771795778,-0.9787814339674454,9.61882359042768,0.5742682348685428,-0.8019761594651623,0.16446955362764643,8.63771532492089,47.13871964573747,43.624063657264,41.90971869294689,15.593662441432395,4.441468247635479,34548.0,86182.41237450579, 0.0, 0.0,0.0,NaN, 136.9699928226415,136.9699928226415,0.0, 88.78303024049026, 9.735413565116213, -2.015443541613268, 9.735413565116213, 82.0203406853881, 2.140680236026885, -2.015443541613268, 2.140680236026885, 92.08557760614752, 5.33356665268832, 3.4333752930002035, 20.0, 0.0
36, 0 ,1.0,1.0,1.0,9.063293635144728,98.52717091253254,112.87412256487104,6.068201560890908,9.692175971918727,10.823870453395315,25.0,50.0,58.0,0.015225897386378223,-0.006251758150065602,0.9998645346089704,10.824753751885286,0.03831177581226476,-0.9992424838158899,-0.006831278911164183,9.696489644532232,0.9991498285456946,0.03841059824429222,-0.014974847566012625,6.059728676322585,57.973387732870066,49.592668990494175,26.090033035590135,14.945925388293555,4.953466577426657,25358.0,75010.28066210679, 0.0, 0.0,0.0,NaN, 131.835750911448,131.835750911448,0.0, 36.82307018359886, -2.2013214494287556, 1.2098364730409852, -2.2013214494287556, 93.93827507063872, -0.1117702676550357, 1.2098364730409852, -0.1117702676550357, 117.15617159188412, 5.532311511241644, 3.524256668660219, 16.0, 0.0
37, 0 ,1.0,1.0,1.0,101.36439250368498,97.17242226433635,171.7775672071313,9.230017148362997,8.393248266323587,8.796998180241802,41.0,41.0,46.0,-0.870115356354936,-0.3526084867231061,0.34433489763043623,9.506717166955786,-0.24710521228241789,-0.29237899708923254,-0.9238254900813005,8.713912911707975,-0.4264250000858101,0.8889216934870783,-0.16727206027870123,8.168051204361634,44.88358221547507,46.27236200934138,39.90950009756904,14.669452428737692,4.22305285822955,28494.0,82886.81810716628, 0.0, 0.0,0.0,NaN, 141.30806214662204,141.30806214662204,0.0, 85.19321655907497, 7.925097902344203, -4.985312006445032, 7.925097902344203, 70.44661646014389, -0.3836663047882674, -4.985312006445032, -0.3836663047882674, 77.38717698317757, 5.3601416876793095, 3.5316266032045194, 15.0, 0.0
38, 0 ,1.0,1.0,1.0,116.80095585306823,38.34383137771514,158.0284305015165,9.222144003404548,8.417967257079425,9.66042673748414,45.0,39.0,47.0,-0.6110160590388106,-0.13472116684250696,0.7800702422226304,10.12987211562362,0.5994401285035954,0.564874560130374,0.5670875273333992,9.05423640364295,0.517040528330491,-0.8141049923210826,0.26439015401791643,8.039928580475577,51.05648802965074,43.92569999767011,41.309925229876804,15.193511323752071,4.288492878170538,32641.0,92645.43784737143, 0.0, 0.0,0.0,NaN, 100.76677526770311,100.76677526770311,0.0, 85.04794001953046, 8.996932461046617, -12.205639748526314, 8.996932461046617, 70.86217274126129, 1.5634301792676368, -12.205639748526314, 1.5634301792676368, 93.32384475029848, 5.29356643720525, 3.4067161310737375, 14.0, 0.0
39, 0 ,1.0,1.0,1.0,180.9328670639807,160.24848544550068,8.09988671624883,10.234591343184556,9.323080717249976,5.4249611886097755,44.0,48.0,21.0,-0.9833067966348299,0.17920625670083912,-0.03150970090341459,10.270443163248647,-0.17672162130750474,-0.9818297456889865,-0.06913623538165985,9.302428435293086,-0.04332680756987094,-0.062413684713965564,0.9971094823068473,5.392561576560695,46.62710242488092,44.52321468970965,22.58934553339794,14.090978225564642,4.747760584415177,20303.0,46895.22136060818, 0.0, 0.0,0.0,NaN, 44.82573627496227,44.82573627496227,0.0, 104.74685996198825, -3.4940803988466187, 3.0692087668937655, -3.4940803988466187, 86.91983406035834, 3.4686534756697602, 3.0692087668937655, 3.4686534756697602, 29.430203897922386, 5.808494468594117, 3.6002320856816876, 12.0, 0.0
40, 0 ,1.0,1.0,1.0,56.28222943192948,82.59974902056807,72.63442703232126,9.851555785557016,8.79612670110581,8.746948531289666,47.0,43.0,45.0,0.8786927472408715,-0.41549929534095525,0.2350731620527085,10.262369096775046,-0.01980824287758019,-0.5237244828458245,-0.8516573839179554,8.750554463142652,-0.47697661311681966,-0.7436887800949012,0.46842321558667965,8.309373144588562,47.800886073515514,41.77021303722955,41.21681427288703,15.246779311522532,4.297653496106966,32672.0,82295.68389162995, 0.0, 0.0,0.0,NaN, 123.55633483720204,123.55633483720204,0.0, 97.05315139594192, -13.164155414993191, 7.618907576363923, -13.164155414993191, 77.37184494190659, -0.18555943004209727, 7.618907576363923, -0.18555943004209727, 76.50910860903046, 5.261001451580396, 3.372643591015588, 20.0, 0.0
41, 0 ,1.0,1.0,1.0,154.66438256728898,180.14198194012948,136.63200836212653,9.467261225205343,10.551932251781068,8.751571095031082,47.0,49.0,43.0,-0.02051780180626849,0.9280396063740004,0.37191599698080935,10.86496316585023,0.9938714798948033,-0.021482258701045028,0.10843428430535504,9.479211443179102,0.10862090618638698,0.37186153547025025,-0.9219113282615397,8.346222606907734,53.82283062482193,47.447471304891934,42.40883359117768,15.926510104604036,4.8896402599568844,34441.0,108301.8646198327, 0.0, 0.0,0.0,NaN, 80.40622770338675,80.40622770338675,0.0, 89.62903510627656, -1.3525690529904058, 1.8072757660294696, -1.3525690529904058, 111.34327424617749, 16.654205136587095, 1.8072757660294696, 16.654205136587095, 76.58999663138353, 5.336787602911393, 3.4903922759495525, 17.0, 0.0
42, 0 ,1.0,1.0,1.0,133.66217629328904,137.20169773020854,18.116226856123514,9.2720353013608,8.412676227596428,9.774985459661766,47.0,39.0,38.0,0.403229202218954,0.12798357107149944,0.9061050800065368,9.864124527396388,-0.8203830884097569,-0.38813866462978003,0.41990470975053484,9.371545019864692,-0.4054353200316117,0.9126711250802219,0.051513286787649964,8.195565381675154,47.08145292365066,52.97230213674794,41.007257038921686,15.263963877434355,4.393803298403045,32514.0,102272.63007070092, 0.0, 0.0,0.0,NaN, 93.12642641921406,93.12642641921406,0.0, 85.97063862968085, 8.133248688829802, 3.893357808564321, 8.133248688829802, 70.77312131036607, 0.12753842275763472, 3.893357808564321, 0.12753842275763472, 95.55034073659895, 5.3350744348372485, 3.3920899264735973, 13.0, 0.0
43, 0 ,1.0,1.0,1.0,15.91011773714942,152.78296799719217,56.89387703008838,9.37212319609019,8.35458968272528,9.292428325215045,38.0,41.0,45.0,-0.8372972518340481,0.3569972103890643,-0.4141090482536897,9.467154372257472,0.4885379705532737,0.148433692659932,-0.8598244531362357,9.38091444721663,-0.24548719599775368,-0.9222366456922886,-0.29868981560039437,8.145951041744539,53.979389190337194,48.00967689156186,38.563658640123805,15.033377299836785,4.240595843674762,31341.0,99938.99527129995, -1.7763568394002505E-15, 0.0,0.0,33.14419298974173, 75.62733104558798,75.62733104558798,0.0, 87.83669320269179, -5.38624738048909, -1.02351387659117, -5.38624738048909, 69.7991687666997, -6.202700885143703, -1.02351387659117, -6.202700885143703, 86.34922417925888, 5.645597877823581, 3.6667765686955494, 18.0, 0.0
44, 0 ,1.0,1.0,1.0,117.82093348139126,89.43503958161693,63.21019450514024,8.334320395808499,8.731267605778209,8.681941016782188,39.0,42.0,39.0,-0.4059622703531655,-0.7165878409775992,0.5671829521528006,9.296906837859941,-0.5175023169041403,-0.3312824772169525,-0.7889507413570545,8.407558512472358,-0.7532502818111323,0.6138027260057276,0.23634768139202852,7.997031536144719,49.46228930047265,41.46528107788731,40.46911150450096,14.337254177714495,3.9389304292130927,27917.0,83000.84170084145, 0.0, 0.0,0.0,NaN, 136.92170743973713,136.92170743973713,0.0, 69.46089645998954, 7.694156351631704, -2.426522823684637, 7.694156351631704, 76.23503400371195, -7.376502212448181, -2.426522823684637, -7.376502212448181, 75.37609981888492, 5.293531525288552, 3.386752148212687, 15.0, 0.0
45, 0 ,1.0,1.0,1.0,186.830114423147,25.05611835872021,177.16088477516217,8.232381242373458,9.180743024379083,9.562464985443135,33.0,48.0,49.0,0.0194786001117567,0.5824284111788267,-0.8126485894834217,9.9835461021644,-0.5747419528294508,0.6716053284323501,0.46756600654780833,9.174079933100069,-0.8181028491549678,-0.45795570601640434,-0.34782797404973176,7.72424395033859,49.7405424748395,54.48096087975054,40.80923542730628,14.876509400391752,4.710450939916164,27442.0,110589.45918768946, 0.0, 0.0,-2.8421709430404007E-14,35.644481126685186, 36.37141924048353,36.37141924048353,0.0, 67.77210091978236, -9.003038270229789, -7.217110822031472, -9.003038270229789, 84.28604247968521, -11.242393504619086, -7.217110822031472, -11.242393504619086, 91.44073659782597, 5.419760564391419, 3.5372805312443565, 8.0, 0.0
46, 0 ,1.0,1.0,1.0,182.0457874270901,94.18619572261828,79.95317563188594,9.436660461884466,8.494873066617766,9.506949633881586,38.0,43.0,43.0,0.6674336907250701,-0.23401568347580295,0.7069433699897499,10.620424838288217,0.5892992090044101,0.7463647855112918,-0.30929928744738405,8.46662446282533,-0.45525675256045134,0.6230379337055139,0.6360542605879438,8.192579989951952,54.525121535206466,50.68999116240491,47.47382538303594,15.204210710019655,4.519678873252043,30860.0,131211.85816944134, 0.0, 0.0,0.0,NaN, 124.84351608087539,124.84351608087539,0.0, 89.05056067289354, -5.125991398446513, 20.71909147220174, -5.125991398446513, 72.16286841794793, -8.610205676630493, 20.71909147220174, -8.610205676630493, 90.38209134116121, 5.506167867916865, 3.3847561111788695, 13.0, 0.0
47, 0 ,1.0,1.0,1.0,29.252505888152488,150.1468203976557,125.92501506271567,9.9817847682544,8.805764480305093,10.644260769123175,58.0,41.0,49.0,-0.49169585547186134,0.3976897099614197,0.7746470682204875,11.468982853949123,0.831300330351777,-0.050405979991136156,0.5535331949740323,9.57164104037674,-0.2591813003841549,-0.9161343415525561,0.3058151758157911,8.205115639249074,55.66512607465788,52.03974554523016,41.18253611577549,16.274299534204747,5.062111934204695,36514.0,119297.52930043664, 0.0, 0.0,0.0,NaN, 93.95824610250499,93.95824610250499,0.0, 99.63602715975553, -13.574401163016534, -13.280184008277228, -13.574401163016534, 77.54148808260284, 19.104452928980024, -13.280184008277228, 19.104452928980024, 113.30028732109469, 5.486502036404954, 3.3454274146362506, 23.0, 0.0
48, 0 ,1.0,1.0,1.0,17.040476909145788,134.2855116208874,12.401599758527015,9.786681477058117,10.634103806448065,8.097477584414282,41.0,52.0,32.0,-0.30206231005815276,0.9066740852305885,-0.294449425222072,11.099957255607023,-0.93096192688045,-0.21410673180502693,0.2957502292388124,9.736621497205123,-0.20510546443567051,-0.363456201717685,-0.9087526274468656,7.511430760757741,57.18586149854859,49.87615312966564,37.84933915406719,15.80877412940508,4.951272751044199,33130.0,107954.2933385917, 0.0, 0.0,0.0,NaN, 69.01138683427796,69.01138683427796,0.0, 95.77913433339243, -10.641076700380589, -4.627091617150145, -10.641076700380589, 113.08416376631322, -20.2605412651949, -4.627091617150145, -20.2605412651949, 65.56914323009174, 5.651963885155035, 3.49342892858891, 11.0, 0.0
49, 0 ,1.0,1.0,1.0,179.60654188513595,81.62736251676625,17.880807218631873,9.934415828566634,8.877505896587836,9.365151952624622,45.0,44.0,42.0,-0.7471165473293282,0.4970458667340452,0.4413187862184261,10.692330197671662,0.5579808369344351,0.10818310674211865,0.8227720225126585,9.16471160954197,-0.36121219569755764,-0.8609540183878721,0.3581674579035962,8.178687911423271,54.24738715904152,44.87305288987707,43.440391866299905,15.589075017466241,4.710577458695896,32804.0,105744.59462748677, 0.0, 0.0,0.0,NaN, 86.01536323306534,86.01536323306534,0.0, 98.69261785487528, -16.582753078773557, -7.789184892974159, -16.582753078773557, 78.8101109439518, 11.927295068910773, -7.789184892974159, 11.927295068910773, 87.70607109574878, 4.6280807915540345, 3.2293654928493365, 15.0, 0.0
