// Sample: .//bubblelabels.tif, Map: .//bubblelabels.tif, Thickness:(8.191250068658265):/afs/psi.ch/project/tipl/test/LabelValidation/Step3500//distmap.tif, Neighbors:(1.0):
//LACUNA_NUMBER, TRIANGLES, SCALE_X, SCALE_Y, SCALE_Z, POS_X, POS_Y, POS_Z , STD_X, STD_Y, STD_Z,PROJ_X, PROJ_Y, PROJ_Z, PCA1_X, PCA1_Y, PCA1_Z, PCA1_S, PCA2_X, PCA2_Y, PCA2_Z, PCA2_S, PCA3_X, PCA3_Y, PCA3_Z, PCA3_S,PROJ_PCA1, PROJ_PCA2, PROJ_PCA3,OBJ_RADIUS, OBJ_RADIUS_STD, VOLUME, VOLUME_BOX, Mask_Grad_X,Mask_Grad_Y,Mask_Grad_Z,Mask_Angle, Mask_Distance_Mean,Mask_Distance_COV, Mask_Distance_STD, SHAPET_XX, SHAPET_XY, SHAPET_XZ, SHAPET_YX, SHAPET_YY, SHAPET_YZ, SHAPET_ZX, SHAPET_ZY, SHAPET_ZZ, Thickness, Thickness_STD, Neighbors, Neighbors_STD
1, 0 ,1.0,1.0,1.0,79.69831506376305,138.01146505761793,39.91970362913845,16.23655556620105,15.760457343015805,16.1029131323881,99.0,83.0,80.0,0.050556306979596295,0.5386257228847496,-0.841026985578623,16.322891500941157,0.9825724615843204,0.12399727860158156,0.1384775528218595,16.259910498989193,-0.17887262943422605,0.8333708691490735,0.5229699579258865,15.508065233224817,89.38601388335564,102.83008597940085,97.15868331839684,26.64307294846245,7.840167570106145,170867.0,893040.9838849818, 0.0, 0.0,0.0,NaN, 164.2941528149775,164.2941528149775,0.0, 263.62573665433433, 3.61629220850187, 2.14703180060987, 3.61629220850187, 248.39201566102082, -11.339174325114747, 2.14703180060987, -11.339174325114747, 259.30381134923715, 6.9302970278355325, 5.4859207328164095, 50.0, 0.0
2, 0 ,1.0,1.0,1.0,57.49981530298705,265.4575448729788,15.718849169702974,15.37236557982379,20.3057352075205,10.582929699582435,89.0,89.0,45.0,0.01556098660065212,-0.9971703080405733,-0.07354748437766645,20.344647192618115,0.9520267652904726,0.037259076495291935,-0.30373804402688553,15.834172275482095,0.30561887027239426,-0.06529271001411072,0.9499126107976668,9.798225646628195,92.41995435304662,86.52870696539068,50.69133882303039,26.061725838642232,9.023156497339908,119114.0,405377.57955043355, 0.0, 0.0,0.0,NaN, 68.89479069784426,68.89479069784426,0.0, 236.30962351975117, 0.5551913795792351, -45.102487409694824, 0.5551913795792351, 412.3228823179376, 21.563625772379115, -45.102487409694824, 21.563625772379115, 111.99840102630397, 6.737257477325704, 5.23016488266705, 19.0, 0.0
3, 0 ,1.0,1.0,1.0,78.03630245817367,15.26276287503505,256.77996074399476,14.998810122371289,9.653514129722597,18.693650369199652,77.0,40.0,83.0,-0.12183646445272472,-0.020260842754914368,0.9923433751381222,18.750022962407744,-0.9821820087881931,0.1465937093945973,-0.11759585868014921,15.02921131991011,0.14308870515330427,0.9889892732566888,0.03776029450041144,9.495612159110522,88.0908139657422,79.70845405649222,43.22026162094933,24.4865039259547,8.247322580683573,106990.0,303474.63686947495, 0.0, -1.7763568394002505E-15,0.0,88.83905978352682, 90.50186862829818,90.50186862829818,9.5367431640625E-7, 224.96430508694743, -18.894574922951954, -15.929165039065994, -18.894574922951954, 93.19033505275384, -7.595055952854164, -15.929165039065994, -7.595055952854164, 349.45256412587827, 6.744691294969014, 5.0963892921606, 30.0, 0.0
4, 0 ,1.0,1.0,1.0,156.39754962484565,173.41244182733402,13.987111786494443,17.01557430423772,17.555191262212155,9.613184225703245,88.0,92.0,45.0,-0.48890215619620986,-0.8691759878459692,0.07421444481150938,17.691978999517413,0.8469280963817639,-0.49332429863996374,-0.19835305878798326,17.155065398883373,0.20901550474990716,-0.03412093966131744,0.9773168781161872,9.100847782149943,90.6656494601354,83.71629115101099,48.49648914005773,24.785047889202136,8.707997544959017,105290.0,368097.6594178871, 0.0, 0.0,1.7763568394002505E-15,85.74391248415778, 191.9419519906856,191.9419519906856,0.0, 289.52976890303495, 9.45877110828613, -43.87693537049175, 9.45877110828613, 308.18474025284996, 5.84502501243825, -43.87693537049175, 5.84502501243825, 92.4133109573097, 7.754857544737252, 5.382558752767111, 26.0, 0.0
5, 0 ,1.0,1.0,1.0,16.08823581263332,166.55351444740228,13.751776175449113,10.613581922066786,15.42433221484875,9.605947508519687,45.0,76.0,45.0,-0.16402666153924578,0.9863922897524707,0.011202902354643086,15.53824793301286,0.857596784578894,0.14820295382897722,-0.492507502030485,10.821092633377729,-0.48746590586853544,-0.07117678830380059,-0.8702360917719536,9.18145840370468,77.7793944596045,64.16336083548852,44.57910091787788,19.849766318442786,6.987070210759442,56723.0,222475.89721665918, 0.0, 0.0,0.0,NaN, 135.11442256799316,135.11442256799316,0.0, 112.64812121642288, -21.25565184861959, -14.14125909698223, -21.25565184861959, 237.91002427402097, -0.657432021941281, -14.14125909698223, -0.657432021941281, 92.27422753643557, 6.986292507391421, 5.105503546185588, 16.0, 0.0
6, 0 ,1.0,1.0,1.0,190.89069531953194,113.4450195019502,234.21871249624962,14.015045561175677,13.338868064316259,13.32631304278888,80.0,69.0,69.0,0.8486874066307568,-0.31352345160209133,0.42594921190427343,14.459019614580024,0.008744859336675634,-0.7969288463010801,-0.60400988515786,13.379382957692513,0.5288224780222021,0.516340448956636,-0.6736017573534956,12.801030665148353,73.60967614721156,71.64079426554918,61.55225050965814,22.608119358561677,6.3883066381077755,106656.0,324593.06413233554, 0.0, 0.0,0.0,NaN, 170.5924693628184,170.5924693628184,1.9073486328125E-6, 196.42150208183006, -12.131656565465446, 16.25858601748875, -12.131656565465446, 177.92540123723617, 1.2525880407853078, 16.25858601748875, 1.2525880407853078, 177.59061931440505, 6.348935618620515, 4.773919766530424, 36.0, 0.0
7, 0 ,1.0,1.0,1.0,262.40884801150963,140.39205460213066,126.71297057513787,15.940569104717206,13.328635429856675,13.292098948262458,74.0,81.0,64.0,-0.9994651619012692,-0.030684951103831293,0.011305924173892836,15.942920114482215,-0.02999067372670196,0.722262862106098,-0.6909681016600742,13.686565260621517,0.013036473261156131,-0.6909376178773767,-0.7227968307670196,12.920347899521978,74.84869600436181,71.13630742264965,69.48750134863465,23.643243285117162,7.0307330496510145,116772.0,369983.41094861244, 0.0, 0.0,0.0,NaN, 192.819087787504,192.819087787504,0.0, 254.10174338226471, 2.2339647277179693, -0.5633511560838668, 2.2339647277179693, 177.65252242203061, -10.204454029222916, -0.5633511560838668, -10.204454029222916, 176.67989445039993, 5.98837865390019, 4.538978884421049, 35.0, 0.0
8, 0 ,1.0,1.0,1.0,22.19438039338993,135.75431471194494,190.12105649303007,13.941770998931366,15.597464905940235,14.09174764725444,67.0,77.0,72.0,0.2314309953677462,-0.8122593972481684,0.5354198034861402,16.76492544676959,0.966653993743278,0.25401946056497554,-0.03246798476114249,13.7759492378525,-0.1096346239254063,0.5250797893999744,0.8439617669067802,12.860471966181903,83.13001929921693,79.16469613129229,71.47086454469729,24.03569988563621,7.649599521550515,114492.0,470347.09493548836, 0.0, 0.0,0.0,NaN, 176.0545560619326,176.0545560619326,0.0, 194.37297858664368, -15.756343446829149, 13.567776680882767, -15.756343446829149, 243.28091149203723, -50.50640046385367, 13.567776680882767, -50.50640046385367, 198.57735175390107, 5.961062755705506, 4.5159480172727156, 31.0, 0.0
9, 0 ,1.0,1.0,1.0,47.21973180580007,249.26428777885803,214.2184442634294,13.341055012049758,15.236717666085845,13.5231414115504,63.0,75.0,69.0,-0.09523832909354106,-0.8766482796256869,-0.4716115504319143,16.035787009260947,-0.8042277989214431,-0.2114389570397688,0.5554378587096008,14.087766850282234,-0.5866406976279791,0.4321820927285842,-0.6848878233778871,11.721989074941451,81.36803382970561,69.49652951793709,63.95137850997057,23.371688848068104,6.839651167747064,114171.0,361631.99714558484, 0.0, 0.0,0.0,NaN, 110.28277685561146,110.28277685561146,NaN, 177.98374883453795, 20.380252537787875, -21.897234072020353, 20.380252537787875, 232.1575652360125, 42.33461792219661, -21.897234072020353, 42.33461792219661, 182.87535363678933, 6.787102440780511, 4.912543787280017, 35.0, 0.0
10, 0 ,1.0,1.0,1.0,31.435929124892382,11.096731191157275,73.71695781375844,18.108168505251307,7.452811316106708,13.891092408067866,75.0,31.0,68.0,0.989859687071047,-0.0341877507670835,0.13787312141637997,18.190094597009654,0.13840936259297099,0.013837404445607913,-0.990278432858565,13.796259221802234,-0.03194758610936987,-0.9993196305165313,-0.01842899362656436,7.429421340469309,77.81968921376222,69.662904213493,33.11563906779509,22.596004754908314,8.113764880355946,72014.0,179524.69955396326, 3.552713678800501E-15, 0.0,0.0,8.16640629826585, 80.90454222347161,80.90454222347161,0.0, 327.9057666145753, -9.070592971977685, 19.10101568240455, -9.070592971977685, 55.54439651348821, -3.151266811045879, 19.10101568240455, -3.151266811045879, 192.9624482894807, 5.857073599001122, 4.312289054580145, 23.0, 0.0
11, 0 ,1.0,1.0,1.0,139.26355005127886,19.348012555552103,246.5491810920844,16.770074365240124,12.887445669274996,15.165232855554317,78.0,55.0,71.0,-0.8553825717375435,0.26042987778448123,0.4477688407256879,17.411733026390348,0.509750163819489,0.26957699171016447,0.8169963378293091,14.958053970472243,-0.09206207934687691,-0.9270946684657713,0.36334563331443975,12.263527718056094,91.88263033997757,83.86220219068684,63.74491490202833,24.859955497348718,7.699905864830289,128708.0,491185.14924637554, 0.0, 0.0,-2.8421709430404007E-14,63.39937505101294, 150.4183233674064,150.4183233674064,0.0, 281.235394215684, -23.953677579458702, -27.967327375334776, -23.953677579458702, 166.08625587851486, 33.970072416036565, -27.967327375334776, 33.970072416036565, 229.98428756318413, 6.977155110360712, 4.720033706443661, 28.0, 0.0
12, 0 ,1.0,1.0,1.0,223.38237699980343,26.144328262620242,271.2081634464785,17.43596889135345,14.872781663290345,15.709048095273731,90.0,69.0,73.0,-0.9594914340944053,0.250904369217217,-0.12815297658334776,17.55443078443926,-0.2483217918783799,-0.5382657496833357,0.8053609565878813,16.592200964705285,0.13308822479007015,0.8045601159798731,0.5787663986416978,13.730537667001178,91.16313971701533,81.21203009586586,84.52745961911114,26.53370958162417,8.243124012284525,157703.0,625802.7366036442, 0.0, 0.0,0.0,NaN, 85.92296495482795,85.92296495482795,0.0, 304.0130111802453, -17.2014754500072, -2.643758661214876, -17.2014754500072, 221.19963440390552, -41.462755991993006, -2.643758661214876, -41.462755991993006, 246.77419205962326, 6.046434008770646, 4.407821455974923, 37.0, 0.0
13, 0 ,1.0,1.0,1.0,162.63599722187433,255.0535813911123,281.26551594575824,16.36888770519609,13.366736340325197,10.845649827909742,91.0,67.0,51.0,-0.9156303732302734,0.39384064880447467,0.08068805963375719,17.02464221330401,0.3810255330983834,0.9141659879204102,-0.13827541233564664,12.598765152291485,-0.12822075785645162,-0.09586495646883181,-0.9871014878805252,10.7550415821196,96.51390853741624,63.56283372648943,57.06474731166526,22.546376543819978,7.476573415085799,87829.0,350074.96384981374, 0.0, 0.0,0.0,NaN, 145.73959893513128,145.73959893513128,0.0, 267.9404847053197, -47.809003893089276, -15.13614472684583, -47.809003893089276, 178.66964039177026, 0.09192273576232607, -15.13614472684583, 0.09192273576232607, 117.62812018963864, 6.327957431774151, 4.766002956090873, 32.0, 0.0
14, 0 ,1.0,1.0,1.0,41.20327111758393,85.93071631151311,38.462287291123715,12.650646193122592,12.514969577649792,15.84090909614624,59.0,60.0,78.0,0.1061693443743409,0.07506239740761735,0.9915108203194474,15.888081459418823,-0.7768201806708459,-0.6161937021412258,0.12982961273917593,12.803832255234813,-0.6207080450724292,0.7840095394425446,0.007110896248159696,12.297498149791123,80.41878359521019,64.04301776518213,60.85620833743079,22.82531406085189,6.826620807470049,104368.0,313425.3920968045, 0.0, 0.0,0.0,NaN, 102.76743209920059,102.76743209920059,1.3486991523486091E-6, 160.03884910356714, 6.8902714764223765, 9.371584921803741, 6.8902714764223765, 156.62446352949982, 6.515251795589736, 9.371584921803741, 6.515251795589736, 250.93440099236867, 5.862305861612644, 4.386310852765086, 31.0, 0.0
15, 0 ,1.0,1.0,1.0,190.37168701834696,282.59602624818905,59.6298226177577,14.127710652222994,10.378560819466498,14.110583424713708,69.0,43.0,73.0,-0.9538905460882317,-0.10482947916035755,-0.2812536335453525,14.185237862350014,-0.2730592743768319,-0.0859837269963089,0.9581468735891286,14.114381346004798,-0.12462527336095676,0.9907661575724069,0.05339440278638218,10.29458904231775,69.01372606495605,68.70632619450843,46.64446292652863,21.480716946417285,6.70776393517456,82139.0,221173.09714170892, 0.0, 0.0,0.0,NaN, 126.00389301518523,126.00389301518523,1.9073486328125E-6, 199.59220827293507, 11.712929529733564, 1.1583963218430489, 11.712929529733564, 107.7145246833651, -4.87325418981921, 1.1583963218430489, -4.87325418981921, 199.10856458580525, 6.054307845338241, 4.612444430980493, 32.0, 0.0
16, 0 ,1.0,1.0,1.0,280.0092758936755,207.49764436296977,208.83085242896425,12.652472690953042,15.097196367940578,14.579665959594832,51.0,79.0,75.0,0.220170047398531,0.7729141950097206,-0.5950872182974566,15.188778104592716,0.3684244396789018,-0.6307605702336483,-0.6829381635886304,14.991598611131488,-0.9032101541035819,-0.06888214711374244,-0.4236350638617922,12.046993551629571,81.32015291768107,81.77767682959647,61.27158225266089,23.418042740202555,7.223042093115309,109100.0,407466.63330134185, 0.0, 0.0,0.0,NaN, 131.40825056869184,131.40825056869184,0.0, 160.08506519531252, -3.9407480851992793, -31.24404053765589, -3.9407480851992793, 227.92533817215815, -5.06047177750466, -31.24404053765589, -5.06047177750466, 212.56665949336832, 6.853567476151298, 4.938324349425973, 29.0, 0.0
17, 0 ,1.0,1.0,1.0,84.71605995050815,269.88040247147995,40.787052744618926,16.821037854040604,15.041657174639328,13.206080221820615,87.0,65.0,73.0,0.9307183549634773,-0.1157049018605252,-0.3469520419590064,17.44901289638071,-0.015954863727823947,0.9348909712156205,-0.3545762460500429,15.353356599483849,-0.3653885412235921,-0.33554619298236754,-0.8682741308581841,11.975212313050353,91.61279327155893,71.13167942211112,63.69873055907331,24.963553864528425,7.773049486806768,128506.0,415097.3539296419, 0.0, 0.0,0.0,NaN, 98.72985688438148,98.72985688438148,0.0, 282.94731448706693, -18.721638480854043, -51.4871135935629, -18.721638480854043, 226.25145055937875, -24.137423827431988, -51.4871135935629, -24.137423827431988, 174.40055482516163, 5.789610987820703, 4.223018828301352, 30.0, 0.0
18, 0 ,1.0,1.0,1.0,54.89149456787707,189.6514730351375,49.009327591269454,16.977371276160028,11.244497443168445,13.426824400997656,96.0,56.0,75.0,-0.9507793508842808,-0.1729956377596914,0.2570819621213898,17.41639582119363,0.22016772849586325,0.2066556495527911,0.953320310198459,13.15424923251764,0.21804769492255083,-0.9629984173528174,0.15839586773312764,10.889644412080196,97.75491961732494,67.73579680978608,59.334520289570435,23.19861546999378,7.534833240925416,102170.0,392883.9635326028, 0.0, 0.0,0.0,NaN, 132.6340369971397,132.6340369971397,0.0, 288.23113544858353, 32.86463962090211, -33.72874223669562, 32.86463962090211, 126.43872274942171, 2.5106992874372214, -33.72874223669562, 2.5106992874372214, 180.27961349522607, 5.708624553228878, 4.159080988856377, 35.0, 0.0
19, 0 ,1.0,1.0,1.0,73.90759255947057,62.59837238418888,159.83335718118406,17.351578784037958,13.081154619776937,12.05815766683747,81.0,62.0,60.0,-0.9894321856598447,0.11422615510369355,0.0893103323843845,17.43443435556807,-0.13333850552818358,-0.9587723098234286,-0.2509511921855681,13.090269962803935,0.05696308386922907,-0.2602076928264696,0.9638709268724898,11.928050545072301,79.1615933822192,62.56499212090978,64.40529531258458,23.758174833562425,7.289868817843015,111820.0,318982.96995577647, 0.0, 0.0,0.0,NaN, 170.37481099676623,170.37481099676623,0.0, 301.07728629867614, -14.555830961851013, -13.31424539659114, -14.555830961851013, 171.1166061865115, 8.645421847674568, -13.31424539659114, 8.645421847674568, 145.39916631831125, 5.871173027856867, 4.180836788181058, 36.0, 0.0
20, 0 ,1.0,1.0,1.0,282.7261954211156,102.84384391721846,165.88770249468567,10.904904560886514,14.560088890303534,14.21445209086929,45.0,71.0,72.0,-0.3070270524737564,0.772941571295345,0.5552438350965818,15.59355169939027,0.10060781842984892,-0.5537930122499222,0.8265539101921565,13.590744276052273,-0.9463680340755722,-0.30963628170264573,-0.09226547096989236,10.25166306706368,75.83777963000779,69.14276758963013,53.26250445803578,21.9103222008515,7.2733459476389,81854.0,279289.07778179337, 0.0, 0.0,-2.8421709430404007E-14,56.272488821766245, 169.88628225507972,169.88628225507972,1.9073486328125E-6, 118.9169434820435, -37.199743080695875, -16.915811221065944, -37.199743080695875, 211.99618849354042, 22.81086585001417, -16.915811221065944, 22.81086585001417, 202.05064824361833, 6.00768471944107, 4.448226274738928, 26.0, 0.0
21, 0 ,1.0,1.0,1.0,13.402655464453217,250.71920234841582,80.14726524277086,8.619455709982113,12.30611102354946,14.629045327635714,36.0,72.0,78.0,-0.0572487031612882,-0.2830656052142629,0.9573904371420439,14.866072165206681,0.18481289501381773,-0.9453937926278972,-0.2684674481147599,12.146936380252924,-0.9811048770763309,-0.16156868510117495,-0.10643674258316534,8.437783323316864,91.94022606819624,64.58136151986216,39.91031212745739,19.745716037556996,7.060527644762475,59274.0,236972.46616489522, 0.0, 0.0,0.0,NaN, 95.03584753433985,95.03584753433985,0.0, 74.29501673634324, -10.912680137153577, -11.998950291008155, -10.912680137153577, 151.44036852392557, -21.218829795513802, -11.998950291008155, -21.218829795513802, 214.0089671980203, 7.669118566279988, 4.958490707852427, 27.0, 0.0
22, 0 ,1.0,1.0,1.0,272.5049014403511,209.94601337721627,288.1093357398167,16.987198320780042,14.612388355663564,7.445724877788226,78.0,76.0,34.0,-0.8790952096393991,0.4553264942947319,0.14095884499502143,18.038731184219003,0.43760564058229967,0.8882083772769953,-0.13995421346112477,13.598362110880629,0.188925688352898,0.06134869296273735,0.9800731718357297,6.871269487278868,95.44395634265902,92.1497067591215,41.321508825585795,21.85788060913318,8.93077121411264,56514.0,363428.148894694, 0.0, -2.8421709430404007E-14,0.0,62.91405658754649, 94.9056839604969,94.9056839604969,0.0, 288.56490678951224, -57.826831328617715, -42.90467470007305, -57.826831328617715, 213.5218934567321, 0.7369073741404811, -42.90467470007305, 0.7369073741404811, 55.438818955714495, 5.901279253359454, 4.5056577893009635, 17.0, 0.0
23, 0 ,1.0,1.0,1.0,238.18345540715208,95.18649596848648,185.62040992183174,13.668420357681168,11.301014947018901,12.325443207435885,66.0,56.0,66.0,-0.9650624231435675,0.26123592039593224,-0.020256192415071383,13.83774730875413,0.04415143988012636,0.08592788355923253,-0.9953225854885153,12.33540918384691,0.25827343996775554,0.9614427662226815,0.0944597135571616,11.081950814404394,70.20666388451843,66.13755503344532,56.11963842836232,20.756538528508834,5.968359278845351,81235.0,260580.15416413828, 0.0, 0.0,2.8421709430404007E-14,88.83932628306545, 161.13486533524662,161.13486533524662,0.0, 186.82571507427298, -17.201875415993513, 0.05256393100188566, -17.201875415993513, 127.71293883274461, -2.8738131386193886, 0.05256393100188566, -2.8738131386193886, 151.91655025972742, 5.6680495662895245, 4.2367900028536, 31.0, 0.0
24, 0 ,1.0,1.0,1.0,134.73954912191556,141.14397610519663,174.30977728754323,12.543497076526712,12.98940081138937,11.741659689727856,62.0,64.0,54.0,-0.5849962012264397,0.8046753394501597,0.10137574972055675,13.624033402871172,-0.6527069679778292,-0.39290834675071606,-0.6477627999559777,12.284520218026842,-0.4814073727144439,-0.44510743549663334,0.7550670912983741,11.28745770612131,71.76462644403004,62.99402692446483,60.12149358248533,20.696191325358274,5.966413431977065,80687.0,271793.80986589845, 0.0, 0.0,0.0,NaN, 232.1085956483913,232.1085956483913,0.0, 157.33931890883417, -21.372802832541723, 6.484972420559818, -21.372802832541723, 168.72453343892283, 10.729972824006499, 6.484972420559818, 10.729972824006499, 137.86657226938004, 5.500934038158006, 3.994975901555915, 33.0, 0.0
25, 0 ,1.0,1.0,1.0,128.59893268053855,278.25400244798044,62.534864137086906,13.558991265889594,12.800708814715092,15.227137122013017,67.0,54.0,72.0,-0.5745208538462769,0.24964009370237902,0.7794906106631513,16.733515795596436,0.3593221233185689,-0.7787464170170137,0.5142388838633253,13.093677903529253,-0.7354001633053806,-0.5755291839684851,-0.35770484789975837,11.318796018894254,77.08662195693145,70.77538903820921,63.516039468338334,22.995894792624114,7.124529312643992,102125.0,346533.07302714814, 0.0, 0.0,0.0,NaN, 144.64156777617575,144.64156777617575,0.0, 183.8462441484703, -33.909790097754446, -60.01760097732177, -33.909790097754446, 163.85814615912466, 12.2059400174685, -60.01760097732177, 12.2059400174685, 231.86570493258688, 6.2102210600125165, 4.246814810625578, 26.0, 0.0
26, 0 ,1.0,1.0,1.0,274.84067458008457,63.87003956708949,240.20868730361923,14.659391536431837,13.975650259953472,12.711082981814787,58.0,72.0,64.0,-0.9799073264860797,-0.199449757938498,0.0011939669920535726,14.68801183218592,-0.18942464879157175,0.928745782829093,-0.3186684378901755,14.095118415235758,0.06244945099112791,-0.31249170378659574,-0.9478654973863421,12.545044290698089,66.01647760331585,69.92147515548776,64.38065442709967,22.90062551127283,6.881100360397666,103116.0,297179.1371349525, 0.0, 7.105427357601002E-15,0.0,78.49521577296595, 91.03501899732413,91.03501899732413,0.0, 214.8977602184094, 4.141140851544818, 2.4243912070985205, 4.141140851544818, 195.31880018853755, -12.235418183833968, 2.4243912070985205, -12.235418183833968, 161.5716305705815, 5.3629736264705095, 4.043649650173992, 27.0, 0.0
27, 0 ,1.0,1.0,1.0,200.59921617762754,175.23242227337627,193.08356886855677,12.395134203826098,10.826100492340922,12.088369804605875,63.0,53.0,58.0,-0.8089965561050076,-0.33158643849352004,-0.4853606968198191,12.69846570055842,-0.540558023839345,0.0953015003153789,0.835891528190435,12.012224273620095,-0.23091469219852545,0.9385989867056224,-0.25634029547076553,10.555942647912813,65.47755957902393,61.978216625900416,49.56568280974396,19.621301696918067,5.6548216640827205,68638.0,201146.58022096852, 0.0, 0.0,0.0,NaN, 192.03798458158155,192.03798458158155,0.0, 153.63935193085962, 11.672057815179672, 4.7130437367803335, 11.672057815179672, 117.20445187026435, 10.636612748621888, 4.7130437367803335, 10.636612748621888, 146.1286845329071, 5.9142520932308695, 4.179653094500112, 34.0, 0.0
28, 0 ,1.0,1.0,1.0,33.43467961165049,176.2725436893204,205.14211650485436,13.940034727300187,12.571016577885219,15.692464241380351,66.0,63.0,82.0,0.46291634974574913,0.08827881236513431,0.8819950705222066,16.335956425225444,-0.8856556394386388,0.005240667426859628,0.46431306651380827,13.212487460139593,-0.0363667632407164,0.9960820180549,-0.08061061864959997,12.53695189252916,82.53146742583235,83.73160897851743,64.00171187804355,23.324461618581786,7.387689095388689,103000.0,442283.35369155643, 0.0, 0.0,0.0,NaN, 159.45024084968787,159.45024084968787,0.0, 194.32456819833521, 4.401754115939208, 37.63157436742337, 4.401754115939208, 158.030457801465, 8.582820441512029, 37.63157436742337, 8.582820441512029, 246.253433967001, 5.355067744417098, 4.014069171645566, 36.0, 0.0
29, 0 ,1.0,1.0,1.0,104.06595274061286,229.73115828657748,156.9491529995684,13.60109542507051,12.052367045033426,11.587517367173563,69.0,58.0,59.0,-0.8003805377841621,0.597230821294441,0.05202250313376622,15.307855444031164,0.11568890301041374,0.06872684229443424,0.9909049898292386,11.60178883736021,-0.5882236585318401,-0.7991194949719366,0.12410060555538892,9.776909755264187,85.08052013969986,58.88605294636889,53.855288240803134,20.555464869707002,6.480182935272029,74144.0,269818.01071774215, -1.4210854715202004E-14, 0.0,0.0,36.83354358405418, 190.3443654619132,190.3443654619132,0.0, 184.98979676187395, -66.01036313149237, -1.3045473425751206, -66.01036313149237, 145.25955138820774, 6.967542440931042, -1.3045473425751206, 6.967542440931042, 134.27055873454893, 5.763211456227149, 4.095084954665322, 29.0, 0.0
30, 0 ,1.0,1.0,1.0,51.86889182698794,20.39729095275357,165.52367718086398,12.513087986841851,11.589430272445178,12.275249638347903,61.0,49.0,59.0,0.7399449312830926,0.10687827467761896,-0.6641223780828314,12.715734151134779,-0.583179183733546,0.5939651765399381,-0.554172724624512,12.676938513531141,-0.33523654086082927,-0.7973596449907758,-0.5018307067247381,10.916929678801196,68.27580464967735,64.30827284552481,59.215502323242376,20.1777523958759,5.867906521136539,74122.0,259997.4512265324, 0.0, 0.0,0.0,NaN, 145.56892805996594,145.56892805996594,0.0, 156.57737096644584, -11.022005970172797, -7.470007624677766, -11.022005970172797, 134.3148940398687, -16.685886047625146, -7.470007624677766, -16.685886047625146, 150.68175368376032, 5.541523210009749, 4.05817398714688, 21.0, 0.0
31, 0 ,1.0,1.0,1.0,190.45159379898973,60.50209603437264,60.09382802067003,12.571199521473964,14.839551941520186,11.54432290740827,62.0,76.0,63.0,-0.35342418475957993,0.9175759526233459,0.18205965174740274,15.293452167905171,0.903184863859614,0.38538781251867676,-0.1890326311962037,12.187076391838074,-0.2436153675815979,0.09762481820433028,-0.9649460853066634,11.362404694068676,72.95808442689435,60.279553976791135,63.89814651889671,21.652081542652915,6.5349916216157204,86115.0,281016.4309805118, 0.0, 0.0,0.0,NaN, 138.82588048311402,138.82588048311402,0.0, 158.03505740870725, -27.22139014899533, -10.058048863680366, -27.22139014899533, 220.21230182507554, 16.089973454593014, -10.058048863680366, 16.089973454593014, 133.27139139051133, 5.530378609075506, 3.9633664391359855, 37.0, 0.0
32, 0 ,1.0,1.0,1.0,84.68364248778406,205.60978936382182,190.28728829640875,13.498730676253317,14.11680393790249,10.18620463333751,65.0,69.0,52.0,0.5585938003951183,-0.8292761747802037,-0.016552706789281058,14.607897508103047,0.8284369630781463,0.5587880808553708,-0.03805363188750532,12.97045983626806,0.04080642554790843,0.007543648711643435,0.9991385934884703,10.180135075328911,70.81490245459123,64.77258619422798,52.32692015805358,21.152190387947567,6.1517062604972965,84316.0,240016.4858257609, 0.0, 0.0,2.8421709430404007E-14,89.05155644708678, 167.68336315298617,167.68336315298617,1.9073486328125E-6, 182.2157298700223, -20.938285479736045, -3.0512698892451264, -20.938285479736045, 199.28415342117927, 0.13298866454934133, -3.0512698892451264, 0.13298866454934133, 103.75876483222656, 5.679608278674243, 4.04542582074753, 21.0, 0.0
33, 0 ,1.0,1.0,1.0,287.7026181145221,76.33235358153712,285.60154038754627,8.016820963309378,15.570605448394295,8.700781690468368,33.0,75.0,36.0,0.2055951539741598,-0.9769892932275511,-0.056767539853965675,15.841067262891393,0.4359913352334332,0.14337232530162716,-0.8884570512630156,9.046374391918482,-0.8761519207670034,-0.15791230875499995,-0.45543552175906976,7.045599530650637,75.90586039610744,46.33692175220051,39.39221261806284,18.19557260562432,7.165047938847036,36744.0,138552.02007836854, 0.0, 0.0,0.0,NaN, 78.64584822955084,78.64584822955084,0.0, 64.26941835775669, -38.42119454644427, -14.820976708721924, -38.42119454644427, 242.4437540295661, 7.0631120397149525, -14.820976708721924, 7.0631120397149525, 75.7036020251896, 6.345811979259161, 4.235638488070096, 10.0, 0.0
34, 0 ,1.0,1.0,1.0,60.473822020827605,43.73959516493502,34.017312497758226,11.84703377627001,12.538402794875722,14.856332409138897,59.0,66.0,68.0,-0.3456985171993235,-0.3426300762068047,0.8735543292118172,15.562341599662018,-0.3705344490527616,-0.8054499222858595,-0.46255231569506694,12.440872260831341,-0.8620886017523692,0.48358562175505354,-0.15148659729633787,11.014199377102576,80.74601766397858,66.60830804995126,61.024383008212055,21.72152013285171,6.815418527983119,83639.0,328210.8332097246, 0.0, 7.105427357601002E-15,0.0,69.96280622992535, 82.0208076317789,82.0208076317789,9.5367431640625E-7, 140.35220929608244, 24.303959201014255, -30.76704760083591, 24.303959201014255, 157.21154464654734, -23.71131809082882, -30.76704760083591, -23.71131809082882, 220.71061265083077, 6.187942951648982, 4.330200998175359, 24.0, 0.0
35, 0 ,1.0,1.0,1.0,121.43003217315004,234.90776250365604,78.32529979526177,11.88445705442136,12.457376431134358,13.641085180597992,63.0,65.0,70.0,-0.022153844154792574,-0.1388369518554507,0.9900674259810052,13.667026415622852,0.4817528777556395,-0.8692342109808971,-0.11111278609852455,12.65932291008745,0.8760270383745726,0.47450625629163634,0.08614198033926942,11.638714892224991,70.08751995456679,63.007731610825104,60.512696211609295,21.114372690085137,6.057146013907283,85475.0,267227.43379419163, 0.0, 0.0,0.0,NaN, 158.48376788766203,158.48376788766203,0.0, 141.24031947838563, -10.226763689346454, -2.4532675586364623, -10.226763689346454, 155.1862275469818, -4.660290569337839, -2.4532675586364623, -4.660290569337839, 186.07920490433017, 6.066976500101416, 4.2917265545985925, 33.0, 0.0
36, 0 ,1.0,1.0,1.0,25.198130330412383,189.1602392708679,126.69075313725872,12.488949490738898,12.600718844950851,15.937861348406495,54.0,69.0,81.0,0.04101233194086089,-0.07929218453107757,0.9960073986176321,15.966942591408259,0.6896333876967213,0.7235694635556913,0.02920654008390553,13.428246346638941,-0.722996389481107,0.6856821281629112,0.08435780885765727,11.554494514664295,80.07780918501916,80.64881188775584,62.33279892371631,22.828947326556882,6.89975094579929,102478.0,402556.44590898993, 0.0, 0.0,1.4210854715202004E-14,5.1216536909459816, 170.2085346306863,170.2085346306863,0.0, 155.97385938222737, 22.96389958668476, 5.903393394690583, 22.96389958668476, 158.77811540949952, -8.601288640165826, 5.903393394690583, -8.601288640165826, 254.0154243610297, 6.1217806302356355, 4.252740011595232, 25.0, 0.0
37, 0 ,1.0,1.0,1.0,217.33233413011178,135.23699205375024,206.7986433232121,12.739153294717756,13.256921463413672,11.233061302505542,68.0,61.0,60.0,0.5657996221783144,0.7436717191254454,0.3561223970994827,13.95496066980051,0.7411386960580973,-0.6479735264070661,0.17562386592059379,12.436081371138647,-0.3613643877697139,-0.16456817204002758,0.9177870646305841,10.715251392945628,63.62643417128709,64.48572799995273,54.84341339833128,20.662002428359628,6.106989047782985,77395.0,225022.35667116204, 0.0, 0.0,0.0,NaN, 183.87354319345516,183.87354319345516,0.0, 162.28602666631824, 14.497232733193162, 21.28983907337244, 14.497232733193162, 175.7459666871181, 16.633287475491404, 21.28983907337244, 16.633287475491404, 126.18166622584751, 5.605339320520073, 3.8729650460943166, 29.0, 0.0
38, 0 ,1.0,1.0,1.0,107.51049910309169,210.92802122431752,279.2839355431948,11.6981843508815,12.131368453907697,11.428188967162239,58.0,58.0,46.0,-0.15816989903292597,-0.9873166038950913,-0.013718845176520786,12.142169517412594,-0.9157864677816705,0.15187745313555054,-0.3718445705627958,11.73598153299745,0.3692119018502592,-0.0462510854156096,-0.9281936266911084,11.377854701498158,61.00637158100534,61.98749328510448,54.16966494525204,19.527542147758123,5.770287549889586,66339.0,204849.74102572296, 0.0, 0.0,0.0,NaN, 141.1434736252088,141.1434736252088,0.0, 136.8475171072088, 1.655988682634114, 2.857809718177319, 1.655988682634114, 147.17010056446682, -0.22398902276562416, 2.857809718177319, -0.22398902276562416, 130.6035030691687, 5.310116882000871, 3.9899821096502883, 26.0, 0.0
39, 0 ,1.0,1.0,1.0,223.79826428930483,233.15896389603478,167.01873207368638,13.121677678171997,10.753857360207427,11.38454143082,66.0,54.0,59.0,-0.9977576999826689,-0.052877907318186756,-0.04103046481510984,13.129423722637345,0.05736856171031613,-0.3599149187065503,-0.9312196837587503,11.490605739753075,0.034473471722244214,-0.9314854685984676,0.36214141096719243,10.630892213195619,66.08085540793786,57.546291562915826,54.36940082948438,19.613608121593984,5.7217159363354595,67638.0,206750.96484276772, 0.0, 0.0,0.0,NaN, 167.2077936343406,167.2077936343406,0.0, 172.17842508983725, 2.7394225488836836, 1.41434695208984, 2.7394225488836836, 115.64544812368746, 6.5029213274153586, 1.41434695208984, 6.5029213274153586, 129.60778359005712, 5.514405560051444, 4.0166229053999, 34.0, 0.0
40, 0 ,1.0,1.0,1.0,28.028417783664057,285.20485009019706,134.35992053524535,15.910297272265234,9.325075426710187,15.570088205076408,64.0,43.0,79.0,0.7705044056643542,-0.03041978835810971,0.6367084084006343,16.598549853145077,0.6374300769807958,0.04056250358613414,-0.7694397833898908,14.847507602604837,0.0024202917340425388,-0.9987138327764733,-0.050644075752741866,9.303864706819065,94.5185789589637,87.40245168050441,44.31226690537454,22.856100891734123,7.753766165288198,87586.0,366070.5288086004, 0.0, 0.0,0.0,NaN, 138.0473719798628,138.0473719798628,0.0, 253.13755929185058, -0.9669795615110081, 27.029766832459426, -0.9669795615110081, 86.95703171383417, -7.838338253182365, 27.029766832459426, -7.838338253182365, 242.42764671385947, 5.9638311030157345, 4.223756467121416, 20.0, 0.0
41, 0 ,1.0,1.0,1.0,124.68232776336862,91.90287285457148,212.33484983771984,13.721797792606258,10.2866090540664,12.557882954767349,75.0,51.0,69.0,0.8434640764981514,0.029230298280549526,0.5363897289467339,14.417996908179552,-0.49437752897979353,0.4328477766567463,0.7538127493503571,12.163025044448991,0.21014093008491636,0.9009930032501591,-0.37954235283734095,9.797176721986931,75.51448353213107,61.020962035234206,52.97930006475964,20.276784064764303,6.3760891453107345,70557.0,244126.83632765073, 0.0, 0.0,0.0,NaN, 177.98033444285562,177.98033444285562,0.0, 188.28773466117397, -8.359043154295591, 31.26189214766292, -8.359043154295591, 105.81432583120083, 18.706403701091194, 31.26189214766292, 18.706403701091194, 157.70042430563632, 6.066756313449832, 4.177505748324011, 38.0, 0.0
42, 0 ,1.0,1.0,1.0,280.3597319524825,230.9582698751142,43.3800811610152,11.432839689534006,14.219566842977535,18.783306669484777,50.0,75.0,88.0,0.12222115323331684,0.42084788665903594,0.8988598589307132,20.06607733121714,0.4764865275430399,-0.8193358239695244,0.31882502510022087,13.010355750774993,-0.8706449211775684,-0.38932745068233165,0.300668517428916,10.667787858046815,95.24374669551065,65.94327716076717,57.45760794554013,24.530797087739625,9.162887549705472,101773.0,360873.12407338707, 0.0, 0.0,0.0,NaN, 83.87092505244094,83.87092505244094,0.0, 130.70982336658403, -6.797492639480059, 40.15892082000187, -6.797492639480059, 202.1960812019061, 94.77599367898037, 40.15892082000187, 94.77599367898037, 352.8126094399113, 6.045782436119335, 4.334552612174996, 21.0, 0.0
43, 0 ,1.0,1.0,1.0,60.23025711388176,110.24933484459822,159.3057805882002,12.055507678301968,12.66336398645829,13.438690080925689,62.0,69.0,75.0,0.4180214036401419,0.3901336516542368,0.8203985860212436,13.89625862226358,-0.2433336278263688,-0.8220005597744898,0.5148823412191215,12.644122959770575,-0.875241024899761,0.4148624031861121,0.2486811909957402,11.546193953319198,76.52628966919875,60.534584751024525,58.11251038057269,21.114115150538236,6.363064146785128,83815.0,269205.4586186024, 0.0, 0.0,0.0,NaN, 188.61989047175356,188.61989047175356,0.0, 145.3352653815977, 15.06342643720214, 17.177554619439277, 15.06342643720214, 160.3607874535288, 7.896376510979956, 17.177554619439277, 7.896376510979956, 180.5983910911705, 5.637075401203008, 4.10960642424585, 32.0, 0.0
44, 0 ,1.0,1.0,1.0,283.0608813377152,266.57629027924185,248.50023769661644,10.387507675224732,17.146590129225256,14.680872668466488,46.0,68.0,72.0,0.022219881491403748,0.8219472811251968,0.5691299885943499,19.125604377346097,0.2610857637964439,-0.5542865200180573,0.7903168210718406,12.112927741283997,-0.9650598431233869,-0.13103099166673796,0.22691491448006623,10.243150384813086,85.19966871968779,64.18752282124616,53.0984530215062,23.60532676686198,7.760311804292135,96762.0,290382.46657690685, 0.0, 0.0,0.0,NaN, 63.689117044103185,63.689117044103185,NaN, 107.90031570285271, -1.2849148016267862, 11.924134471478812, -1.2849148016267862, 294.005553059645, 103.72067800709904, 11.924134471478812, 103.72067800709904, 215.52802230772636, 5.942121708046416, 4.2765588318112275, 16.0, 0.0
45, 0 ,1.0,1.0,1.0,167.93282700914008,159.13355879823322,254.22895377483636,13.074088833040861,11.136925661882843,11.059207447181032,59.0,52.0,53.0,-0.9651781359370959,0.204103483269001,-0.163624368681605,13.244107302919318,-0.03408543745161663,-0.7182818903381784,-0.6949167640559157,11.49903658120057,-0.25936335296784907,-0.66514125877867,0.7002269325065991,10.470661909607385,63.891860092762755,59.26088297942289,55.590109320875484,19.633351378847248,5.639192762005744,68599.0,210480.16630267582, 0.0, 0.0,0.0,NaN, 198.44415111359316,198.44415111359316,0.0, 170.93179881424376, -12.403614645370224, 10.922244041377395, -12.403614645370224, 124.0311131983046, 9.080720207509646, 10.922244041377395, 9.080720207509646, 122.30606935978442, 5.608313131333093, 4.056402082330766, 25.0, 0.0
46, 0 ,1.0,1.0,1.0,80.92632841881822,282.18632472716365,123.44054128884889,12.928318959974385,10.94789435567967,16.903710371015073,60.0,47.0,78.0,-0.42899246765930477,-0.04911677095750831,0.9019717320971253,17.931126941042,-0.795530130690216,0.49354405495072307,-0.3514912189327146,11.73842190028825,0.42789867241624857,0.8683327752846284,0.2508005532507981,10.64975981777005,84.51054653633284,65.46927645713073,58.826332476147456,22.635395146337032,7.769950632431593,86682.0,325476.9403736186, 0.0, 0.0,1.4210854715202004E-14,25.581534725009984, 148.6740222492164,148.6740222492164,0.0, 167.14143113083318, -5.184630376460298, -73.70982099316662, -5.184630376460298, 119.8563908231228, -13.447753655386672, -73.70982099316662, -13.447753655386672, 285.73542430716253, 5.548079868677204, 3.892034199605278, 20.0, 0.0
47, 0 ,1.0,1.0,1.0,284.31530982254594,148.13284985399352,175.9989250072201,9.784621472976406,11.205094859357743,14.481812434125146,39.0,54.0,72.0,0.03840475729312883,0.20307004504604675,0.9784107682472902,14.612350472527627,-0.31648664924812664,-0.9262544545261704,0.20466774615976877,11.191012413672503,-0.9478192208775622,0.3175141607478679,-0.028696380601532474,9.605015063958389,71.90400508611017,59.12420856574232,45.80554590256321,19.770491348223015,6.335892313136601,62326.0,194731.62373352464, 0.0, 0.0,0.0,NaN, 193.81851643017376,193.81851643017376,0.0, 95.73881736943098, 10.614434339911446, 2.420163748004517, 10.614434339911446, 125.55415080720533, 17.840915523861852, 2.420163748004517, 17.840915523861852, 209.7228913771817, 5.864093387983896, 4.198553155142475, 18.0, 0.0
48, 0 ,1.0,1.0,1.0,181.2471685629403,237.73743205199725,214.2277604078826,11.45636206041895,12.781564467222834,13.14066682329816,62.0,64.0,66.0,0.5198887138792516,-0.010932215827719124,-0.8541640426979311,14.025014411246994,0.2241265303181594,-0.9631423016261885,0.14874207617803137,12.965530960992398,0.8243076025298572,0.2687701498963466,0.4982766128729853,10.123622084707174,70.35061787566688,65.15846877671086,55.93744143094386,20.71045523163061,6.1944160781063236,77081.0,256413.79350774593, 0.0, 0.0,0.0,NaN, 159.1720434826605,159.1720434826605,0.0, 131.24823165940674, -14.69998515139463, -39.64983966594855, -14.69998515139463, 163.36839022977333, -8.52056093077231, -39.64983966594855, -8.52056093077231, 172.67712456092895, 5.577138398721808, 3.896992875030935, 31.0, 0.0
49, 0 ,1.0,1.0,1.0,130.54934831775049,177.35299260882744,203.25716384154444,14.364183013655227,10.019709840488387,14.257652587679326,69.0,50.0,71.0,0.7058202731149079,-0.0686384295012828,0.7050578047618464,15.945827564137616,0.6852240566377376,0.3186078139583732,-0.6549481300756489,12.77873797493254,0.1796823148362666,-0.9453982371891031,-0.2719125573687551,9.614542907030273,73.11054230968816,58.30988559151973,48.47895831681822,21.60815903356562,6.564484703954086,85778.0,206669.06473145468, 0.0, 0.0,0.0,NaN, 203.5794614301292,203.5794614301292,0.0, 206.32975364978134, 7.629197256718894, 48.7342200268004, 7.629197256718894, 100.39458528757982, -22.617392151345847, 48.7342200268004, -22.617392151345847, 203.280657310959, 6.061377635556977, 4.144579386634486, 23.0, 0.0
