// Sample: .//bubblelabels.tif, Map: .//bubblelabels.tif, Thickness:(8.191250068658265):/gpfs/home/mader/Foam/NewValid/InSilicoTest/LatticeData_Phi_6.65/out_Step_06000.vtk/distmap.tif, Neighbors:(1.0):
//LACUNA_NUMBER, TRIANGLES, SCALE_X, SCALE_Y, SCALE_Z, POS_X, POS_Y, POS_Z , STD_X, STD_Y, STD_Z,PROJ_X, PROJ_Y, PROJ_Z, PCA1_X, PCA1_Y, PCA1_Z, PCA1_S, PCA2_X, PCA2_Y, PCA2_Z, PCA2_S, PCA3_X, PCA3_Y, PCA3_Z, PCA3_S,PROJ_PCA1, PROJ_PCA2, PROJ_PCA3,OBJ_RADIUS, OBJ_RADIUS_STD, VOLUME, VOLUME_BOX, Mask_Grad_X,Mask_Grad_Y,Mask_Grad_Z,Mask_Angle, Mask_Distance_Mean,Mask_Distance_COV, Mask_Distance_STD, SHAPET_XX, SHAPET_XY, SHAPET_XZ, SHAPET_YX, SHAPET_YY, SHAPET_YZ, SHAPET_ZX, SHAPET_ZY, SHAPET_ZZ, Thickness, Thickness_STD, Neighbors, Neighbors_STD
1, 0 ,1.0,1.0,1.0,182.33871385412172,34.740449815374284,20.828245336402436,11.793301253578866,18.074758052444487,13.953677954094049,50.0,81.0,64.0,0.17507220881313187,0.9766842133242831,0.12424841707006551,18.239426254738156,-0.4832805541170766,0.19519714737912086,-0.8534271964657237,14.954149923053514,-0.8577818065881218,0.08936454049666204,0.506186083558446,10.206894313915924,92.01043115040356,77.64988391003122,56.71134388378083,24.339054160213205,8.251933358001018,104265.0,405179.82766331057, 0.0, 0.0,0.0,NaN, 44.18863751570647,44.18863751570647,0.0, 139.08195445766486, 27.802659323073662, 54.235186186156206, 27.802659323073662, 326.6968786544069, 7.83024001624425, 54.235186186156206, 7.83024001624425, 194.70512844657028, 10.111734584214698, 7.033631962002481, 8.0, 0.0
2, 0 ,1.0,1.0,1.0,60.509321127148255,82.54634369408767,32.71337367530778,16.63809945465136,18.148062720710417,17.422820887143708,80.0,86.0,70.0,-0.05832532330711546,0.8241103758456247,0.5634183570711049,18.723950063355666,-0.6066162186651681,-0.47748986033827123,0.6356258306004497,17.059909644927124,-0.7928523947832244,0.30470563122089,-0.5277684704383028,16.37395488497161,93.0659640529431,88.40921829292455,81.82171810817742,29.025308020149858,8.201506933396844,225241.0,673220.0251509578, 7.105427357601002E-15, 0.0,0.0,86.65630751896768, 107.44971669460612,107.44971669460612,0.0, 276.8263534628699, 2.678417567912742, -11.553377173921671, 2.678417567912742, 329.3521805148392, 31.336363934142472, -11.553377173921671, 31.336363934142472, 303.5546876654911, 10.523992209201458, 6.717754595393954, 20.0, 0.0
3, 0 ,1.0,1.0,1.0,167.4489355889871,184.92991082752835,82.5650061464614,17.814818157752814,8.604142247983816,17.408117380214758,73.0,35.0,79.0,-0.7648122145895989,-0.019940852081581393,0.6439445929835992,18.80661659167967,0.6420413194146604,0.059163699999307026,0.7643838046208681,16.3558249381648,0.0533406090969583,-0.9980491065176362,0.032446269439073604,8.5580210040838,86.93554746409109,79.0578487429166,36.58698279976875,24.97218311693949,8.416152975960932,102498.0,251460.04104001925, 0.0, 0.0,0.0,NaN, 90.02032893697604,90.02032893697604,0.0, 317.36774599379936, 11.656706992051616, -42.77753475999018, 11.656706992051616, 74.03126382354, 5.184579251850558, -42.77753475999018, 5.184579251850558, 303.0425507233351, 10.683118814038819, 6.808148487911565, 12.0, 0.0
4, 0 ,1.0,1.0,1.0,14.473330466497842,113.02425661363021,142.2382419927692,9.270233745313687,17.926904805152517,19.637882262473557,37.0,92.0,103.0,-0.048456711415627955,0.23652162493094495,0.9704171618735973,19.751077601250717,0.05392770601327053,-0.9695218437817351,0.23899622790791408,17.841317486271965,-0.9973684121942747,-0.06391334266090921,-0.034224771540222014,9.194557807961477,96.80498994954476,94.21471039139878,39.483910791538264,26.596910728506124,9.249968056192323,125574.0,360111.19576811534, 0.0, 0.0,0.0,NaN, 105.40720051538221,105.40720051538221,0.0, 85.93723369275263, -15.72469432048799, -11.355675757451456, -15.72469432048799, 321.3739158930004, 15.966779069632642, -11.355675757451456, 15.966779069632642, 385.6464197547736, 11.300779880962134, 6.896501144954339, 17.0, 0.0
5, 0 ,1.0,1.0,1.0,58.279985085436074,148.7288847778232,184.89442926696353,18.868804100460334,22.1171161989756,8.757864254698438,94.0,94.0,38.0,0.08445880826645738,0.995223931832348,0.04894931270581617,22.16388294333645,0.9955250467015979,-0.08219079793088145,-0.04663211474152233,18.856508011673444,0.04238621351325579,-0.052668759655482414,0.9977120880596575,8.66563222875502,97.1290190791177,92.76851984219356,41.27334310348823,28.46036483993187,10.5785829212707,139461.0,371894.09090679116, 0.0, 0.0,0.0,NaN, 79.07883525226677,79.07883525226677,0.0, 356.03176818154867, 12.029924036687804, -11.300175529984093, 12.029924036687804, 489.166828958989, 21.347684087909027, -11.300175529984093, 21.347684087909027, 76.70018630372462, 9.238990060314348, 6.393822401365263, 16.0, 0.0
6, 0 ,1.0,1.0,1.0,183.15402167712492,176.19590591952257,136.6431502040458,11.073460291894481,14.679661002439152,15.207486329152847,45.0,61.0,75.0,-0.011856376830281512,0.5934328296996598,0.8047961872195426,15.768582355293194,-0.38073190895039,0.7415475884655858,-0.5524041885683579,14.613366534325326,0.9246094525990154,0.3129611008983843,-0.21714674643894868,10.352919369523946,79.35764173507471,74.12912478807934,56.50148116744114,22.718103619991062,7.29858742123698,91156.0,332381.9710615488, 0.0, 2.8421709430404007E-14,0.0,53.599007464517726, 69.74605577890479,69.74605577890479,0.0, 122.62152283616382, -31.02618060369131, 21.021141462275455, -31.02618060369131, 215.49244714653287, 23.990978362983785, 21.021141462275455, 23.990978362983785, 231.26764045137074, 10.524305262105063, 6.7561056901302825, 8.0, 0.0
7, 0 ,1.0,1.0,1.0,81.08756275907541,21.704831030140568,43.143628433846935,17.206382433286542,13.517567176566324,19.786138434648702,92.0,55.0,86.0,-0.30372428691601844,0.0690982037056136,0.9502510172486075,20.097693094982606,0.949974835518234,0.09816798045768793,0.2964976551255739,16.903021667979374,0.07279676791905568,-0.9927680926870671,0.09545755456234262,13.440464416093869,95.39724611993556,88.94956422268021,60.780922203011166,28.14718127653464,8.832422043500255,185033.0,515759.15752538346, 0.0, 0.0,0.0,NaN, 94.38042804889048,94.38042804889048,NaN, 296.05959644051165, 5.112408746816435, -34.84579544127366, 5.112408746816435, 182.72462237298325, 17.718241667934524, -34.84579544127366, 17.718241667934524, 391.4912741550826, 9.621151226701489, 6.176022073423494, 13.0, 0.0
8, 0 ,1.0,1.0,1.0,51.77768740100176,183.19293063344605,121.75508369365127,14.649989606514033,9.723827150079716,12.72093616878459,61.0,37.0,61.0,-0.9629014280889321,0.02342716272541543,0.268834536157339,14.807526866027237,-0.26429521361629754,0.11928066621334224,-0.9570371793860553,12.576555225429988,0.054487428309751854,0.9925841479261787,0.10866383686328913,9.672881354564401,61.986428710038346,64.61383384522345,41.3882141385767,20.739322821160897,6.393568318680057,70077.0,165767.2808346823, 0.0, -2.8421709430404007E-14,0.0,88.65759963873224, 95.3187988860305,95.3187988860305,0.0, 214.62219547096922, -4.872202486715242, -16.19714815326862, -4.872202486715242, 94.5528144446274, -6.5834115549776255, -16.19714815326862, -6.5834115549776255, 161.82221701029198, 10.850052599347118, 6.5747101552018234, 9.0, 0.0
9, 0 ,1.0,1.0,1.0,169.6958064717474,95.11985840266074,16.607629136238398,16.168113366779064,15.904231837839532,10.423712107915101,68.0,78.0,41.0,0.7902788849986984,0.5998173628153274,0.12521347846969236,16.633131559213332,0.60269822687177,-0.7977725432493405,0.01771486841904393,15.505171128904783,-0.11051756082559445,-0.061466254992029394,0.9919716569773633,10.292466035831424,81.22087118730946,71.77806705387754,44.46689683321809,23.86525026087838,7.311366786520087,112149.0,259236.54525721283, 0.0, -1.4210854715202004E-14,0.0,53.14318165946052, 101.2024947986306,101.2024947986306,NaN, 261.4078898410199, 16.270176010545747, 18.329724455704383, 16.270176010545747, 252.94459035174864, 10.921963184251831, 18.329724455704383, 10.921963184251831, 108.65377410869588, 9.566752132321351, 6.090674632901586, 12.0, 0.0
10, 0 ,1.0,1.0,1.0,88.02469925950395,179.31285958102788,79.3694359567264,16.173948103598313,11.954597174699845,18.80236540951004,82.0,54.0,87.0,0.5235060790746546,-0.11846945073235617,0.8437454440855106,20.412647019042,0.8514202872604966,0.10994839421198972,-0.5128302302433614,14.252801755688415,0.032013741005005106,-0.9868517314436749,-0.1584259465286091,11.756675535584598,90.47183866106067,73.62165015450731,59.91351226965142,26.264313227534394,8.259769158139894,145308.0,399065.0956649394, 0.0, 0.0,0.0,NaN, 120.31547208289246,120.31547208289246,1.9073486328125E-6, 261.59659725789146, -11.19215633713427, 94.64840954622657, -11.19215633713427, 142.9123936093415, -31.494666006198063, 94.64840954622657, -31.494666006198063, 353.5289449927395, 10.168707958470364, 6.242173140993841, 15.0, 0.0
11, 0 ,1.0,1.0,1.0,155.58197504899383,181.94621433009894,181.1908130586492,18.123898644047422,11.525432000406548,11.051288702805552,79.0,52.0,49.0,-0.9946322544634262,-0.0947136409594676,-0.04166538848016423,18.191566108039787,0.043300896143163015,-0.7467084496541396,0.6637405544399938,12.82511231587613,-0.09397718219972842,0.6583736153821116,0.7468014942369133,9.382200353351948,79.94338912597331,71.1789229650023,52.309228051333434,22.832194676072827,7.882458570923859,83684.0,297654.3810170641, 0.0, 0.0,0.0,NaN, 51.504229253116804,51.504229253116804,0.0, 328.47570205970396, 20.411028030394373, 12.263945585986924, 20.411028030394373, 132.8355827959953, -36.935497232721524, 12.263945585986924, -36.935497232721524, 122.13098199275763, 10.145699060779545, 6.654903093363912, 7.0, 0.0
12, 0 ,1.0,1.0,1.0,21.486269471655692,44.946509822814626,57.126231197473366,12.382766408176973,16.83705296185963,16.906823020181044,53.0,85.0,82.0,0.28619855269831945,-0.7865206552379778,-0.547243681843299,17.298803615789392,0.04292836995130036,-0.5600351833719258,0.8273558777448178,16.834024519594244,-0.9572082027890856,-0.2602803340046955,-0.1265172092787879,11.833297635558624,87.85494591115939,82.55827564722517,62.57450363398938,25.767080484379363,7.66273347487955,149448.0,453862.4388386698, 0.0, 0.0,-7.105427357601002E-15,56.821877249096794, 75.7974591387347,75.7974591387347,0.0, 153.33290391947608, -39.287483016457955, -19.845722081143713, -39.287483016457955, 283.48635244046613, 2.107502891926251, -19.845722081143713, 2.107502891926251, 285.84066463572367, 11.059313574036608, 6.266797960584446, 13.0, 0.0
13, 0 ,1.0,1.0,1.0,133.47939564978884,117.84099456058372,117.06894774062643,13.184694908271332,16.468170153077022,17.79259130672479,69.0,82.0,88.0,0.10648791739788241,0.1738514223003495,0.9789974496455071,17.825703023964746,-0.38124873318375363,-0.9022045486142658,0.20168380179258816,17.099418577467805,-0.9183189679485255,0.39471842549325514,0.029793248934627693,12.307205590100235,87.73170416819273,81.59175993036843,65.81745383362693,26.472954099421024,7.797167092796544,151303.0,471133.4544812159, 0.0, 0.0,-1.4210854715202004E-14,11.763503851819065, 134.36015929864894,134.36015929864894,0.0, 173.836179824196, 51.55092959520043, 6.500002938350963, 51.55092959520043, 271.2006281906969, 2.6599786173702236, 6.500002938350963, 2.6599786173702236, 316.57630540813864, 9.35096853930334, 6.217161037386534, 28.0, 0.0
14, 0 ,1.0,1.0,1.0,78.16910449685764,91.68682338298696,159.59451474191144,14.09940225661942,17.200610769118875,18.281454163212775,75.0,83.0,84.0,-0.05638291125217615,0.06859371375913591,-0.9960501341556354,18.3035167308427,0.2298995821922381,0.9717203794977625,0.05390441704126279,17.35653368060453,-0.9715797185133928,0.22595222172276525,0.07055809005339286,13.877958604353319,87.36292960950145,82.2749296149321,76.14681586862856,27.567111363916847,8.301812585001038,178369.0,547326.475228225, 0.0, 0.0,0.0,NaN, 127.08062684313965,127.08062684313965,1.3486991523486091E-6, 198.7931439939648, 23.721730492961264, 9.344867391977386, 23.721730492961264, 295.8610108307282, -4.039428443296467, 9.344867391977386, -4.039428443296467, 334.2115663216497, 10.018981471358257, 6.304433376248856, 22.0, 0.0
15, 0 ,1.0,1.0,1.0,119.18598684043391,50.79212289036236,14.475226312357629,16.610125919642392,18.633159959466546,9.497361803682882,77.0,94.0,39.0,-0.5122740919364205,0.8579492483422725,0.038708422851443665,19.69691268878541,0.8575256768019006,0.5085055499163529,0.07792187965976001,15.377483797131868,-0.04716957023504,-0.07311082664830096,0.9962077286744185,9.42631619302095,98.10865819137763,72.41111097779043,43.04535979366874,25.353421020115388,8.396121542012331,118089.0,305800.99134846736, 0.0, 0.0,0.0,NaN, 96.5415798889689,96.5415798889689,0.0, 275.89628306637604, -67.09468616925427, 3.9322003277329567, -67.09468616925427, 347.19465007506733, 15.78241712196529, 3.9322003277329567, 15.78241712196529, 90.19988123005456, 9.469285500363895, 5.891632435351997, 8.0, 0.0
16, 0 ,1.0,1.0,1.0,15.4033836910118,98.00015811640242,23.13812186462361,9.393758908330996,13.239074037719242,14.572733301115774,38.0,61.0,57.0,-0.06235356452788887,0.23966567555613005,0.9688510705732285,14.710437462626055,0.3325356162949262,0.9202625272820903,-0.20624486605909556,13.554586553398806,0.9410271499197141,-0.30931738528670566,0.1370790220032793,8.703824256848044,63.36339540902702,66.44757785631603,44.31799880425376,20.845954373418408,6.428571375573762,69569.0,186594.02699109752, 1.7763568394002505E-15, 0.0,0.0,86.42508483260833, 101.86593102404049,101.86593102404049,0.0, 88.24270642784795, 30.93933451363965, -15.901279505051502, 30.93933451363965, 175.27308137621168, 12.16405986372509, -15.901279505051502, 12.16405986372509, 212.3645558654486, 11.049119621193128, 6.522130716546648, 6.0, 0.0
17, 0 ,1.0,1.0,1.0,186.37007643312103,28.009936305732484,171.95406369426752,8.062271897363907,15.5032802157531,15.093186699974828,32.0,73.0,59.0,0.011461596055373661,0.7844001703729546,0.6201491792582995,16.173925463115,-0.043879033415858346,-0.6191979583186648,0.7840079839137395,14.382617695500997,-0.9989711018054293,0.03619752937529923,-0.027321724410639247,8.043671655043118,79.95105126883847,73.65423053331617,33.79956350308464,21.949378853608444,7.168052615336699,78500.0,199036.61044605673, 0.0, 0.0,2.8421709430404007E-14,51.67297084825399, 41.91546124707871,41.91546124707871,0.0, 65.0002281470238, 5.632615801046697, -3.490974578116777, 5.632615801046697, 240.35169744816147, 26.76673669195515, -3.490974578116777, 26.76673669195515, 227.804284760297, 8.74278880836098, 5.64538579578194, 9.0, 0.0
18, 0 ,1.0,1.0,1.0,23.956872886413368,176.2795006962403,46.49921424308733,15.220958285347537,12.437034071684716,13.162562172591663,66.0,53.0,71.0,0.9628599728616005,0.15749778891820884,0.21930599432489956,15.4242940424077,0.12473077644118387,0.46090976598573224,-0.8786378213048632,13.249061456559467,0.23946378863898615,-0.8733593957271273,-0.4241467432691311,12.089828550708814,72.70375631590767,66.9923829725026,64.90350680741614,22.646594299377114,6.83682654535637,100540.0,316118.8830926859, 0.0, 0.0,0.0,NaN, 57.434926403191014,57.434926403191014,9.5367431640625E-7, 231.67757112428984, 15.60164029260887, 16.153785487944486, 15.60164029260887, 154.67981650024652, -8.726650282922128, 16.153785487944486, -8.726650282922128, 173.25304294734096, 10.248084035217584, 6.135263355879863, 9.0, 0.0
19, 0 ,1.0,1.0,1.0,109.98600701160541,70.99237639023211,62.0307211073501,13.005390706040847,14.860010069544842,15.740788838832376,61.0,72.0,68.0,-0.2424596294756548,0.42335803471367583,0.8729154039870659,16.257033753498785,-0.14790469942849666,-0.9053755618367444,0.398019210485832,14.539289543363548,0.9588209050503095,-0.032604700154624106,0.28213366613421514,12.729903105063222,79.47332003900054,72.52284204609893,59.527653829885395,24.30873863148117,6.8423494575135475,132352.0,343095.4331182102, 0.0, 0.0,0.0,NaN, 130.34664092467048,130.34664092467048,0.0, 169.14018741677364, -3.8875734324022555, -24.543536210326746, -3.8875734324022555, 220.81989926697412, 20.00345289528933, -24.543536210326746, 20.00345289528933, 247.77243326870993, 9.134502562385087, 5.729981401435964, 11.0, 0.0
20, 0 ,1.0,1.0,1.0,141.2744943950075,40.18689471859471,86.19235717862783,15.178970408973587,12.633717561748714,16.80204880624677,87.0,65.0,88.0,-0.344650437440936,-0.001863948297629977,0.9387292483290985,17.039788774725576,0.8813188759468958,0.3437088533241239,0.32425493526901783,15.233573783310176,0.3232539479596041,-0.9390744112387254,0.11681667383199155,12.243554814481504,79.82301112896874,78.62999244997565,63.79497781214057,24.831805159788765,7.463394582905956,129795.0,400408.0785659183, 0.0, 0.0,0.0,NaN, 111.77116780142174,111.77116780142174,0.0, 230.4011426764958, 24.97702773578244, -21.961988532379497, 24.97702773578244, 159.61081943003788, 8.910603640825032, -21.961988532379497, 8.910603640825032, 282.3088440874985, 8.898799460371368, 5.683336014479016, 15.0, 0.0
21, 0 ,1.0,1.0,1.0,54.95146744719563,75.91972154101732,93.0600585396725,14.377854154157193,14.855941770455992,14.445599413732204,70.0,75.0,63.0,-0.16618128973845875,0.7690772901231525,0.617174125152449,16.21794500801738,-0.8796791020474853,0.16719401340951628,-0.44520875923655007,14.76323139229377,0.44558776504948205,0.616900546033837,-0.6487567031957059,12.454810193733602,76.4530267596295,71.22490192737489,64.77985501690317,24.24595887582535,6.944819405801886,126410.0,352749.5881070419, 0.0, 0.0,0.0,NaN, 132.07438203100966,132.07438203100966,0.0, 206.72269007821524, -23.03118035239215, 13.54060168610781, -23.03118035239215, 220.6990058871791, 46.53808618036924, 13.54060168610781, 46.53808618036924, 208.6753424220202, 8.671764597932086, 5.610707062116648, 11.0, 0.0
22, 0 ,1.0,1.0,1.0,117.55821580363839,150.89431886700885,160.0511860817389,16.320519780163195,12.721677365012553,15.753822549958272,77.0,65.0,76.0,-0.9342148155929798,-0.3484024005922562,0.07654048332828567,16.828131748256155,0.08519700091629026,-0.00956831913968853,0.9963181812572277,15.752183803546565,-0.3463872823321379,0.937296225603407,0.03862170514311514,12.044336971886946,86.2031583224821,79.12897968354181,62.41916276994935,24.934508473666718,7.392810898862653,135994.0,425771.59339841735, 0.0, 0.0,0.0,NaN, 103.94192337305633,103.94192337305633,0.0, 266.3593658946981, 44.87163902473623, -1.1277831390291222, 44.87163902473623, 161.84107497947272, -4.6657599131820175, -1.1277831390291222, -4.6657599131820175, 248.18292493557374, 9.159636886319975, 5.778574418738792, 14.0, 0.0
23, 0 ,1.0,1.0,1.0,183.64960273559288,20.30177727331504,114.75723049956179,10.348764026511814,11.462852341798355,15.830365264738345,42.0,43.0,81.0,-0.23446120272074175,-0.31414276043866973,0.9199686247273411,16.583598267411812,-0.26542213785943786,-0.8897042074669748,-0.37145324328869217,10.883515682466319,-0.9351893033781284,0.3312714133147248,-0.1252206754797143,9.778942682925244,91.63548961602908,53.35541448085772,47.935358824280456,20.885513539217474,7.272529773366224,69601.0,234367.93058375828, -2.8421709430404007E-14, 0.0,0.0,76.44013534371736, 89.13937066899263,89.13937066899263,9.5367431640625E-7, 107.09691687642503, 18.602329623735248, -36.44326464528742, 18.602329623735248, 131.396983809872, -44.30071219397406, -36.44326464528742, -44.30071219397406, 250.60046441503437, 9.173576396709972, 5.824862150323698, 8.0, 0.0
24, 0 ,1.0,1.0,1.0,174.8040872546817,61.29331718229508,113.8449011888597,14.409191534125755,11.994097744783515,15.021311881586072,61.0,54.0,77.0,-0.6110207953316203,-0.012180673074497446,0.7915208265584461,15.906465379931163,-0.7390847179683789,0.3669426321953626,-0.5648954631992896,13.673996421721405,0.28356192857630846,0.9301638220663021,0.23321212828901877,11.71021660765602,84.14166991223469,73.37984494632363,60.02100136403669,22.98501870185975,6.986551888987405,102367.0,370587.83027957234, 0.0, 7.105427357601002E-15,0.0,89.30208158225781, 108.69409276237818,108.69409276237818,0.0, 207.62480066712132, -12.656632742085147, -35.234592267600064, -12.656632742085147, 143.858380711421, -11.450203709171856, -35.234592267600064, -11.450203709171856, 225.63981064387892, 9.503710005121475, 5.666010501590168, 10.0, 0.0
25, 0 ,1.0,1.0,1.0,11.385587137525121,24.68856249150007,170.59366547289844,7.108267286541254,14.04291165787794,15.959162218162538,28.0,52.0,60.0,0.03176236044380671,-0.2926148126471067,0.9557027382395304,16.147194357578773,0.040271226603969396,-0.9550340629091123,-0.29374847572562124,13.842267478810271,-0.9986838242240883,-0.047817466503494124,0.01855017871444271,7.077106455123561,71.98440658121247,65.13970588747952,28.911378232184255,21.265106928888784,7.086671832143035,66177.0,135566.69783585303, 0.0, 0.0,0.0,NaN, 40.04858577631284,40.04858577631284,0.0, 50.52746381691257, -7.400804646563139, 4.72009063765426, -7.400804646563139, 197.2033678309642, -19.205049406947587, 4.72009063765426, -19.205049406947587, 254.69485870562664, 8.58714514815141, 5.2132860396503915, 7.0, 0.0
26, 0 ,1.0,1.0,1.0,98.12432549396156,184.5376844326035,141.82376966041411,13.053394696285395,9.357893215309963,15.03943512864145,61.0,38.0,63.0,-0.3458445618262507,0.024948515497771002,0.9379600794435051,15.34845610418766,0.9008525625747391,0.2883920476724951,0.3244914287647534,12.978538263956901,0.26240464850633716,-0.9571873371570073,0.12221375548007185,8.951442747602286,70.60758426234074,64.7581619005245,42.69389865193932,21.023201636809734,6.493911029021614,73943.0,195214.3239200288, 0.0, 0.0,0.0,NaN, 115.11707185676336,115.11707185676336,0.0, 170.39111309701167, 21.60265430143594, -24.609238392926805, 21.60265430143594, 87.57016542914423, 11.902067347027472, -24.609238392926805, 11.902067347027472, 226.18460898861446, 9.393249507754405, 5.630950167763181, 7.0, 0.0
27, 0 ,1.0,1.0,1.0,175.28215954006467,150.0102519762846,92.52837540424002,14.614630578872505,10.939330227724673,13.814625468475793,62.0,51.0,66.0,-0.8034781350029887,-0.08928057177499589,0.5886016191581953,15.416868204486216,-0.5926307645070334,0.2140643956458644,-0.776508346044381,13.0457814997151,0.056671540758377645,0.9727309052457935,0.22490647489072188,10.780909490835144,74.9574772198311,66.28018855276301,52.598630322587184,21.90698786466056,6.64711458604856,89056.0,261320.29023430875, 0.0, 0.0,0.0,NaN, 108.0344704222932,108.0344704222932,0.0, 213.5874269569153, 1.8663581155668876, -32.604541155651816, 1.8663581155668876, 119.66894583121073, -15.352490643461012, -32.604541155651816, -15.352490643461012, 190.84387683426002, 9.418281953095148, 5.546014471445395, 8.0, 0.0
28, 0 ,1.0,1.0,1.0,20.20309420386919,75.49503434815055,175.23019958284698,11.789150070726604,15.482738049466708,14.242698798604133,49.0,73.0,59.0,-0.012198273628031907,0.8191434812615392,0.5734589429307229,16.5860203170674,-0.07136383790050584,-0.5727523500274477,0.8166161571865609,12.947611660570795,-0.9973757590600475,0.030962923711469994,-0.06544381250073766,11.782062141032679,83.60995566094516,66.77348028617499,51.3244949421698,23.035174727159497,7.13683622171959,104518.0,286540.9458383625, 0.0, 0.0,0.0,NaN, 81.98297530185422,81.98297530185422,NaN, 138.98405939011312, -0.1835865028819218, -2.6330531252519633, -0.1835865028819218, 239.71517750840414, 50.53507026142531, -2.6330531252519633, 50.53507026142531, 202.85446906775962, 8.502494781847552, 5.154824460675185, 8.0, 0.0
29, 0 ,1.0,1.0,1.0,49.00355035381112,12.999510296026052,119.1541710535981,15.742878189429032,8.236958264887726,15.660214691475058,69.0,33.0,72.0,-0.7317897499839071,0.08429957120614603,0.676296787004752,16.735913314174052,0.6695306445099826,-0.09646972295207132,0.7364932508961629,14.69436148934303,-0.12732822892249165,-0.9917596356214595,-0.014154408198546955,8.056858276571457,82.25509567295484,77.87633897363659,37.2129262490569,22.460706893651395,7.512966469062417,81682.0,238375.79852717253, 0.0, 0.0,0.0,NaN, 95.42737171926022,95.42737171926022,0.0, 247.83821368720032, -23.027960358290454, -32.028631884693674, -23.027960358290454, 67.84748145750221, 1.5383703489402352, -32.028631884693674, 1.5383703489402352, 245.24232418309128, 8.688180914292305, 5.691254812201777, 8.0, 0.0
30, 0 ,1.0,1.0,1.0,88.87711632513009,33.73066532310606,104.70205964366687,13.249748694647952,14.834645838428564,13.898274926511888,67.0,68.0,61.0,-0.4129849162067416,0.7269727596954413,0.5485928049532777,16.54972596113809,-0.2582450574086453,-0.6711128009278419,0.6949223688692089,12.647557767672845,-0.8733572861719973,-0.1453210758685118,-0.4648965859185269,12.44710635772228,82.6801309898358,61.55843681310013,63.13145472817067,23.314043076723962,6.7260686119376025,115117.0,321317.61583363684, 0.0, 0.0,0.0,NaN, 134.60533802776663,134.60533802776663,0.0, 175.55584047132513, -34.84430630001953, -27.85504890051587, -34.84430630001953, 220.06671715160593, 45.097894830927466, -27.85504890051587, 45.097894830927466, 193.16204593290902, 8.323057677835923, 5.218111251753253, 10.0, 0.0
31, 0 ,1.0,1.0,1.0,104.29416840917389,162.184661511058,18.384546450263866,11.737354477379167,17.895828790352844,11.098481731822512,55.0,84.0,44.0,-0.08405080779240316,0.9960543092974627,-0.02848288327046667,17.940998584437683,-0.7770880479701711,-0.04762730527462744,0.6275872891432608,12.691265033668696,0.6237544608348335,0.0748829267739447,0.77802501236555,9.912357772561274,84.56463798343285,68.55774378320925,53.57012903228359,22.833994007697328,7.733769626079727,90387.0,310576.0792707462, 0.0, 0.0,0.0,NaN, 104.53514994348426,104.53514994348426,0.0, 137.76549012765278, -16.396904033959775, -30.098130323675598, -16.396904033959775, 320.2606880936217, -8.22185120428067, -30.098130323675598, -8.22185120428067, 123.17629675159803, 8.001511165273797, 5.224735168922107, 12.0, 0.0
32, 0 ,1.0,1.0,1.0,153.6474428351026,89.22824510097405,68.6655191470744,10.665520412154113,12.601293944708566,14.99875034007404,51.0,61.0,69.0,-0.08758597067891162,-0.26256372144911316,0.9609313138403934,15.228006964804418,0.2851446922738932,-0.9308827762581776,-0.22836322237588005,12.517577253461079,-0.9544743067302862,-0.25400304928221196,-0.1564009231017482,10.436786387121177,69.03486996694011,64.29498174669524,48.19684671675847,21.427997394685786,6.192687151816826,86854.0,213926.31680310625, 0.0, 0.0,0.0,NaN, 121.75874834795988,121.75874834795988,1.3486991523486091E-6, 113.75332566207602, -9.850264890080783, -13.459473808891165, -9.850264890080783, 158.79260908094878, -20.8714653507218, -13.459473808891165, -20.8714653507218, 224.9625117638711, 8.099205908014374, 5.087639928952518, 8.0, 0.0
33, 0 ,1.0,1.0,1.0,152.7981876006334,49.714221080786174,157.8338900051897,12.23546377470472,11.491610911647463,12.365094963104346,55.0,56.0,56.0,-0.7122170934904672,0.16756620458650812,-0.6816658850349365,12.793361374007095,0.49330652568797706,-0.5713840724027307,-0.6558726351343894,12.196390043471698,-0.49939511757089466,-0.8033939313219529,0.3242880011061285,11.05609529784194,59.66634717995038,58.910376348614136,55.72494538705979,20.088942129044174,5.576170075351152,75149.0,195871.34231340184, 0.0, 0.0,0.0,NaN, 80.48289075044909,80.48289075044909,0.0, 149.70657378211146, -12.418370478499957, 11.536677478326421, -12.418370478499957, 132.05712134469502, 5.20388324197838, 11.536677478326421, 5.20388324197838, 152.89557344658846, 8.273386552805551, 5.041122539483527, 13.0, 0.0
34, 0 ,1.0,1.0,1.0,120.90834004834811,79.2989524576954,178.47379801235562,12.314506807230199,11.97076039617723,12.85649939464201,58.0,55.0,53.0,0.36300028439210164,0.4553123735809596,-0.8129707473183313,13.921943999535886,0.8092101332493754,-0.5866037127264184,0.032787870655310865,12.525472096427263,0.46196293550216916,0.6697661731378007,0.5813807010406904,10.465552211318961,67.18061081177385,59.88193522027366,57.89690304898113,20.55578303962315,6.139669590488564,74460.0,232913.73987380532, 0.0, 0.0,0.0,NaN, 114.04907674684807,114.04907674684807,NaN, 151.64707790531892, -8.54917606065314, -23.618954184336342, -8.54917606065314, 143.29910446268522, -32.11232532574881, -23.618954184336342, -32.11232532574881, 165.28957668443036, 8.511639089482928, 5.089008353287638, 10.0, 0.0
35, 0 ,1.0,1.0,1.0,48.582052919343894,31.181805483497627,11.025481901265115,12.643978721773728,13.238842952833016,7.500744877421378,59.0,59.0,30.0,-0.6089100288307187,0.789408202445192,0.07786698081744693,14.01426075732782,0.7840151118637878,0.613849236112373,-0.09224651588796491,11.845920720984623,0.1206187429821168,-0.004879061027212032,0.9926869162051586,7.394118748057474,70.38970365521108,59.023763213699795,33.02267636359027,18.797149417062556,6.169725128012649,50114.0,137198.16433921224, -7.105427357601002E-15, 0.0,0.0,52.48926738668701, 58.77143957930364,58.77143957930364,NaN, 159.8701979166668, -26.903002836495638, -12.914460661252338, -26.903002836495638, 175.26696272977642, 3.8616321666115407, -12.914460661252338, 3.8616321666115407, 56.26117371616304, 8.139093949562412, 4.879753469802671, 2.0, 0.0
36, 0 ,1.0,1.0,1.0,46.41671123709686,22.80047601219447,167.0178504572926,12.03080108796182,13.229306753909484,11.489600797273864,52.0,52.0,54.0,0.3443730693030903,-0.9299214437142752,0.12904765654256412,13.398541491003227,0.7721378412650437,0.35873018166900206,0.5245148337714427,12.136052949530667,-0.5340508807457659,-0.08098620425778372,0.8415645498086223,11.178593972763641,63.248758898255645,64.6396618255851,62.03407533054883,20.41654084186908,5.910204610682854,74788.0,253618.77278132914, 0.0, 0.0,0.0,NaN, 61.33673431890716,61.33673431890716,NaN, 144.7401748181033, -11.289094974060555, 11.465364637354709, -11.289094974060555, 175.01455718903506, -2.3471764919008047, 11.465364637354709, -2.3471764919008047, 132.0109264807162, 7.9973234381649645, 4.898046475434121, 6.0, 0.0
37, 0 ,1.0,1.0,1.0,114.55145343962928,154.8426139048519,61.525341828879775,10.099262744456327,12.36070166069293,13.92698114864087,51.0,55.0,60.0,0.15916304906160977,-0.43336396855913173,0.8870528702214378,14.633218901719307,-0.41275351626113577,-0.8454212891223398,-0.3389651585528958,12.055167006648498,0.8968286673760378,-0.3121834631325006,-0.3134323319619703,9.449058707458493,62.77108077126456,56.144948975842254,48.59346731995268,20.298892795436032,6.057871632862374,65603.0,171256.94258723597, 0.0, 0.0,0.0,NaN, 114.56880603107733,114.56880603107733,0.0, 101.99510798156355, 10.94466345691777, 25.467397964370893, 10.94466345691777, 152.78694554465696, -31.93307997525769, 25.467397964370893, -31.93307997525769, 193.96080391459816, 7.98978242156215, 5.018745944739677, 9.0, 0.0
38, 0 ,1.0,1.0,1.0,35.14302379125096,53.93420312100282,127.96021488871834,14.356118279998922,13.312780113951789,12.367532451776764,71.0,64.0,60.0,-0.8771712160665414,-0.33516035500154556,-0.3438578109329241,14.620039365202596,-0.45544796919358926,0.8075751467999511,0.37468590796622264,13.61714262007964,0.1521111602144304,0.4852730352144813,-0.8610297766232855,11.709482533478486,70.85820670218479,63.97168042020361,54.112294665546216,22.242108370151055,6.447691108299705,97725.0,245286.6245052518, 0.0, 0.0,1.4210854715202004E-14,69.88791210912335, 96.61087426563152,96.61087426563152,NaN, 206.09813206931923, 4.759218654159179, 14.869501934002338, 4.759218654159179, 177.23011436243021, 23.4511965385979, 14.869501934002338, 23.4511965385979, 152.95585894575137, 8.320871871293551, 4.943913472386972, 6.0, 0.0
39, 0 ,1.0,1.0,1.0,58.81504138700839,144.29366655552818,86.50645811286839,12.021766492154075,12.149946301088733,10.93018281146289,62.0,57.0,50.0,0.6569579695292266,-0.7120109223883714,0.2478843937639007,12.840287326615206,0.7189008244895192,0.6906606577128721,0.07854591291666695,11.416446106802791,-0.22712954633936494,0.1266029315903998,0.9656002624753122,10.789102866487529,57.151896191671696,51.79709221110298,49.26556149751532,19.544764280879477,5.441980357194008,68983.0,145840.94205895526, 0.0, 0.0,0.0,NaN, 118.51485971984965,118.51485971984965,0.0, 144.5228695918785, -15.754839720192123, 8.679644246583802, -15.754839720192123, 147.62119511933977, -7.798759526991925, 8.679644246583802, -7.798759526991925, 119.4688962919988, 7.445744365687445, 4.684852808082679, 11.0, 0.0
40, 0 ,1.0,1.0,1.0,169.59044744117813,150.75830841279694,167.48212774361,12.034177716870184,11.228470692268461,13.42334127170792,53.0,56.0,62.0,0.4909502945485964,-0.18194459533613588,0.8519765093654968,14.20513465434357,-0.7401566485182186,-0.6029165647676022,0.29775787409086557,11.37278211355787,0.45949531437972785,-0.7767803937772911,-0.43066956696088,10.952627755684455,68.01027744560926,56.07403735886112,55.09471389224859,20.31131543509345,6.207780891849031,70892.0,210109.7980309523, 0.0, 0.0,0.0,NaN, 66.3844642463873,66.3844642463873,0.0, 144.8214333212149, -3.1232476660675363, 32.158679356034, -3.1232476660675363, 126.07855408713178, -14.367971325974572, 32.158679356034, -14.367971325974572, 180.18609089673723, 7.499220331315548, 4.781779840024522, 11.0, 0.0
41, 0 ,1.0,1.0,1.0,130.70996063665925,119.98858463118262,183.5446859489988,15.553587372231027,10.203742845812899,9.471273867150957,72.0,50.0,38.0,-0.9840685608719597,-0.0777884405064737,0.15986877752381895,15.727157161263154,-0.015897001069266763,-0.8571028424508267,-0.5148999930274974,10.635695427702709,0.1770772511092074,-0.5092383292587901,0.8422113577679432,8.676058279527163,72.25312831189763,55.20539769785984,44.62389284774885,19.793153594826435,6.630727535292181,58430.0,177994.1185779272, 0.0, 0.0,0.0,NaN, 107.1154214145275,107.1154214145275,1.3486991523486091E-6, 241.91408014562447, 13.687413036875775, -26.760520404284208, 13.687413036875775, 104.1163680634779, 14.561566070990535, -26.760520404284208, 14.561566070990535, 89.70502866657665, 7.678578784247794, 4.968697796221306, 4.0, 0.0
42, 0 ,1.0,1.0,1.0,125.17559323460114,10.518933019185459,43.10966425445978,9.41500281048127,7.115752929723878,18.657236209591304,44.0,29.0,83.0,-0.12798389264919255,0.014669414288642818,0.9916677525798583,18.77782076227619,0.9324570298691377,0.3423960326049729,0.11527724972430298,9.452191656393117,0.33785205441137284,-0.9394411983412281,0.05749977555793206,6.739302706465307,86.10797283668667,48.77770178235741,33.56227743246828,20.415295166983277,8.401452487737759,47536.0,140966.56667068304, -1.4210854715202004E-14, 0.0,0.0,82.64689532629305, 86.9930051888554,86.9930051888554,0.0, 88.64227792137022, 13.44741808500635, -34.265953541147354, 13.44741808500635, 50.63393975687395, 6.202494996865192, -34.265953541147354, 6.202494996865192, 348.0924629804848, 8.301538641030707, 4.601076478953842, 4.0, 0.0
43, 0 ,1.0,1.0,1.0,171.2224199921683,103.95461179737282,120.79692784165746,8.297394739096232,12.62524683774218,16.918975155053616,43.0,53.0,73.0,-0.13986941104017966,-0.025389752243558626,0.9898443859194653,17.04771535743899,-0.18662344874751616,-0.9810788788051051,-0.05153563757344235,12.770402019093972,0.9724238973991004,-0.1919364322986357,0.132484601835892,7.796638431406304,71.22922633775383,54.960188990525154,40.147090732940825,21.575050863163682,7.000894065727177,56182.0,157166.69629157867, 0.0, -1.4210854715202004E-14,0.0,88.5451180125976, 127.77320668050922,127.77320668050922,0.0, 68.84675945638182, 19.545747231854257, -30.83684116459628, 19.545747231854257, 159.3968577139189, -0.6041229219995419, -30.83684116459628, -0.6041229219995419, 286.2517202973216, 9.320576787660661, 5.51018673626053, 8.0, 0.0
44, 0 ,1.0,1.0,1.0,48.54707676572117,183.37787437672372,164.56895764460924,15.080708885543515,9.91132641379802,9.132542041936928,62.0,43.0,41.0,-0.9939602430035612,0.035168832823860345,0.10395281875018653,15.132533723049713,-0.08968104035679932,-0.8062557433183407,-0.5847298413512975,10.801516916077633,0.06324829111386232,-0.590520812134508,0.8045401320674926,7.962358403862444,62.99090482746577,52.57857592056888,41.12608804273002,19.260257488473894,6.173165913599772,54751.0,136208.4550189325, 0.0, -2.8421709430404007E-14,0.0,87.98455869774841, 62.35761769922177,62.35761769922177,0.0, 227.42778049051114, -1.9365942394843458, -14.316414098901994, -1.9365942394843458, 98.23439128085032, 25.720805744017245, -14.316414098901994, 25.720805744017245, 83.40332414774551, 8.658008184853811, 5.207808356040907, 6.0, 0.0
45, 0 ,1.0,1.0,1.0,118.30943696402933,116.06520895580303,51.230414031275465,12.354471071280036,8.718022475768404,11.07416204394016,57.0,38.0,55.0,-0.9894152060577239,-0.06802058411083893,-0.12818248772344915,12.390795725060942,0.12627698073283594,0.0316283272975486,-0.9914906822806547,11.051939041572698,0.07149597302471551,-0.9971824552455684,-0.022704113981164526,8.694639787576932,56.87281083406616,56.71103351056385,38.44558060062937,18.003766388055013,5.209446434977169,51542.0,123999.14166742403, 0.0, 0.0,-7.105427357601002E-15,82.63542216718079, 127.83955787854872,127.83955787854872,1.9073486328125E-6, 152.63295545109528, 5.430987978035339, 4.056170242039228, 5.430987978035339, 76.00391588800305, -0.7802068518705998, 4.056170242039228, -0.7802068518705998, 122.63706497544487, 6.92906123949732, 4.312899042537031, 9.0, 0.0
47, 0 ,1.0,1.0,1.0,159.73412982758873,51.51718994486934,42.49724346694354,12.474586256035579,12.561663148756724,10.849584544581415,64.0,58.0,56.0,-0.8016410794478204,-0.39297759345933303,-0.45048883535626527,13.832194686845659,-0.20152124927028334,0.8871061368767543,-0.41524918784766424,12.521364414781806,0.5628150369653222,-0.24209773430272274,-0.7903340567198219,9.11098191467632,64.93556909363258,57.18206381164466,47.08424876977246,19.908473759674106,5.897189217962455,68383.0,174830.87151851677, 0.0, 7.105427357601002E-15,0.0,66.8600986986672, 77.98318320539308,77.98318320539308,0.0, 155.61530225927174, 20.93486729724748, 45.29107210085091, 20.93486729724748, 157.7953810628327, -8.000307235649075, 45.29107210085091, -8.000307235649075, 117.71348479001992, 7.581252751211221, 4.404625020327204, 3.0, 0.0
48, 0 ,1.0,1.0,1.0,50.617097271326266,140.06871543831022,49.3865288731756,10.489245328430933,13.583887953707057,9.254172950442662,49.0,59.0,41.0,-0.38496748298792927,-0.9185480939185856,0.08983004063492679,14.196573135711738,0.9067507823599514,-0.3582782687130352,0.2223504010736357,9.718978064136207,-0.17205538565111797,0.16705113386782014,0.9708196861116495,9.1752260509924,66.67810902338971,47.218095686901634,43.16712080923468,18.654393116397497,5.674470367752412,55155.0,135907.93866365103, 0.0, 0.0,0.0,NaN, 92.69778120068543,92.69778120068543,0.0, 110.02426756001014, 38.161439603692614, -1.987070922444058, 38.161439603692614, 184.5220119388677, -10.502020568024287, -1.987070922444058, -10.502020568024287, 85.63971699670464, 7.348258649624223, 4.347384276973726, 6.0, 0.0
49, 0 ,1.0,1.0,1.0,141.5477157653582,147.38122557418708,17.439135205898772,8.657957899961367,13.936672796806496,10.240519833563207,37.0,61.0,40.0,-0.0303759106045423,-0.9801597210048987,0.19586787734221112,14.07045413232358,0.23037618500857507,-0.19754779307383147,-0.9528387496489391,10.139204964681658,-0.9726274299215707,-0.016179949667946027,-0.23180615132671326,8.560267127765583,65.18291581506713,47.4642925436865,41.093224285064025,18.49146685657298,5.667890577330182,51943.0,127136.7233673934, 0.0, 0.0,0.0,NaN, 80.55760914433569,80.55760914433569,NaN, 74.96023499750346, 2.36900318453647, -7.223059827268845, 2.36900318453647, 194.2308486452462, -18.38245298398652, -7.223059827268845, -18.38245298398652, 104.8682464616014, 7.893071304297802, 4.462198593948588, 5.0, 0.0
50, 0 ,1.0,1.0,1.0,44.20922543721641,149.00132247987779,123.14941742481246,11.575226412765367,8.291082334095087,10.787385781099374,52.0,37.0,52.0,0.8288973100892693,-0.010465495527174282,0.5593028899712076,12.201658034702515,-0.5487701041806243,0.1787798866896892,0.8166327968388294,10.12917609341015,0.10853857417692885,0.983833433828406,-0.14244701610439833,8.22283026947884,59.51802058354629,47.305781898750965,38.02259858018225,17.14552151565367,5.01265366088813,43857.0,107054.39438263774, 0.0, 0.0,0.0,NaN, 102.28065684529878,102.28065684529878,NaN, 133.98586650678098, -4.137335774798971, 21.99664695966249, -4.137335774798971, 68.74204627074363, 4.632084588306557, 21.99664695966249, 4.632084588306557, 116.36769199026496, 6.861905480473829, 4.2922548948094, 9.0, 0.0
