// Sample: .//bubblelabels.tif, Map: .//bubblelabels.tif, Thickness:(8.191250068658265):/afs/psi.ch/project/tipl/test/LabelValidation/Step3500//distmap.tif, Neighbors:(1.0):
//LACUNA_NUMBER, TRIANGLES, SCALE_X, SCALE_Y, SCALE_Z, POS_X, POS_Y, POS_Z , STD_X, STD_Y, STD_Z,PROJ_X, PROJ_Y, PROJ_Z, PCA1_X, PCA1_Y, PCA1_Z, PCA1_S, PCA2_X, PCA2_Y, PCA2_Z, PCA2_S, PCA3_X, PCA3_Y, PCA3_Z, PCA3_S,PROJ_PCA1, PROJ_PCA2, PROJ_PCA3,OBJ_RADIUS, OBJ_RADIUS_STD, VOLUME, VOLUME_BOX, Mask_Grad_X,Mask_Grad_Y,Mask_Grad_Z,Mask_Angle, Mask_Distance_Mean,Mask_Distance_COV, Mask_Distance_STD, SHAPET_XX, SHAPET_XY, SHAPET_XZ, SHAPET_YX, SHAPET_YY, SHAPET_YZ, SHAPET_ZX, SHAPET_ZY, SHAPET_ZZ, Thickness, Thickness_STD, Neighbors, Neighbors_STD
1, 0 ,1.0,1.0,1.0,136.19107166522602,244.63350469480318,273.19473493697075,42.0412167522777,26.776596463570243,17.6632604944724,220.0,136.0,90.0,0.9661631801310732,0.24726554515651045,0.07340612738365243,43.0435657855187,-0.2254882165817148,0.9478898177586066,-0.22507767008824406,25.673465391677542,-0.12523487350498239,0.20090954075904038,0.9715717075389663,16.869066800819933,215.01226951476292,153.01069504188405,93.71005888900922,48.578217139315726,20.8949184024611,505559.0,3082983.7954203966, 0.0, 2.8421709430404007E-14,0.0,75.68423996780524, 149.43888061278554,149.43888061278554,0.0, 1767.463906011995, 294.57917219054735, 130.22902765960612, 294.57917219054735, 716.9861181728825, -51.44845119403069, 130.22902765960612, -51.44845119403069, 311.9907712955894, 4.887962564684975, 3.698676875574293, 17.0, 0.0
2, 0 ,1.0,1.0,1.0,275.9005803678136,181.66216564679397,191.2940212342324,16.848304843554054,34.84954165769939,47.80529845918508,85.0,207.0,197.0,0.02195257340501702,-0.08339782246906721,0.9962745042046971,47.89524762718398,-0.024024910653755276,-0.9962708844817275,-0.08286813864250947,34.747456125393036,-0.9994703038054589,0.022116237053645293,0.023874334956403457,16.803631695839712,203.23200174006797,206.72528191957264,88.5218823010969,56.85679328733639,23.473549959614587,849289.0,3719086.912985415, 0.0, 0.0,0.0,NaN, 162.48573748313592,162.48573748313592,1.9073486328125E-6, 283.86537610132694, 18.457919057649598, 45.83674930081249, 18.457919057649598, 1214.4905537517252, -90.76831881901953, 45.83674930081249, -90.76831881901953, 2285.3465607717635, 5.078206776922011, 3.682075931237885, 25.0, 0.0
3, 0 ,1.0,1.0,1.0,261.60527835794346,61.899434009732886,229.62437345830176,24.81340401544211,34.86455894106792,44.31908642613783,99.0,140.0,178.0,-0.18903744263023467,0.3080965681822108,0.9323847649753642,45.974192871470535,-0.027014747592392408,-0.9507767594547101,0.30869686926387885,33.496719472691744,-0.9815982114370118,-0.03316712762880176,-0.1880555581431049,23.659401620092915,221.01030485022275,150.84605560863997,112.06199721568152,58.264098528278275,20.017960268707895,1343486.0,3735982.562582657, 0.0, 0.0,0.0,NaN, 101.2838752804851,101.2838752804851,0.0, 615.7050188335586, -76.0578126205593, -278.56533888868984, -76.0578126205593, 1215.5374701551991, 281.3434494096527, -278.56533888868984, 281.3434494096527, 1964.1814216474743, 4.99210356267499, 3.5846679087051583, 16.0, 0.0
4, 0 ,1.0,1.0,1.0,21.322994410776875,254.82079642849757,71.36727862269323,13.819848156252974,29.69263422016818,51.840368697253375,53.0,127.0,237.0,-0.06016028948102383,0.298738515609337,0.9524368949495233,53.81620110651202,-0.08904504242411705,-0.9519671732118944,0.29296669016569465,26.20639383882757,-0.9942090926908922,0.06718482282840887,-0.08387180451301071,13.30811696257114,252.798617239912,132.05293507629,62.99350067821301,54.990985334459154,27.13035363955941,628531.0,2102899.3959993687, 0.0, 0.0,0.0,NaN, 87.11554961088409,87.11554961088409,0.0, 190.9882030618887, -5.664184462726758, -169.095950665522, -5.664184462726758, 881.6525269327024, 631.5140007854365, -169.095950665522, 631.5140007854365, 2687.4238266671673, 4.9562111347636595, 3.6464254486383214, 14.0, 0.0
5, 0 ,1.0,1.0,1.0,37.9253813727033,171.99584293023943,131.32247511957388,23.81709490874263,34.38646321386545,30.99455537394589,113.0,178.0,193.0,-0.19034241034557975,0.9209645575522272,0.3399912507057581,35.3124612085249,0.06306623189164219,-0.33413643255705944,0.9404124067838702,30.385104277331035,-0.9796899597417666,-0.20044233128426855,-0.00551856960661151,23.240500135137296,191.3869609090098,169.4614509776499,117.22574669988808,49.4621388262737,16.243218517556,838812.0,3801948.8927033017, 0.0, 0.0,0.0,NaN, 187.26716543733988,187.26716543733988,0.0, 567.254009892054, -131.98333380442318, -23.020567135174506, -131.98333380442318, 1182.4288523585215, 100.93791155913479, -23.020567135174506, 100.93791155913479, 960.662462828598, 4.8385353856219, 3.4157115964425633, 22.0, 0.0
6, 0 ,1.0,1.0,1.0,132.4199868049245,175.40744027983519,195.1195287117374,26.97079910655953,25.98644422663411,36.80582884943525,144.0,147.0,187.0,0.025684977603790137,0.22540183938234917,0.9739272522773692,37.331649471350026,-0.9962423850875022,0.08638083422829808,0.006281849503823509,26.97425601389855,-0.08271270809650837,-0.9704289578743394,0.22677355586193218,25.221534162877294,185.99719151284032,149.61707008082476,135.31084474623566,49.48879276196152,17.556984828065875,803330.0,3765478.2009483757, 0.0, 0.0,0.0,NaN, 209.90062434563478,209.90062434563478,0.0, 727.4240044463924, -3.487176454425445, 18.377212910023854, -3.487176454425445, 675.2952835439653, 166.3455916956809, 18.377212910023854, 166.3455916956809, 1354.6690372939202, 4.890598283737162, 3.5105345208745455, 24.0, 0.0
7, 0 ,1.0,1.0,1.0,113.13592807144582,214.98451363746076,60.257599565532225,30.288937741069557,34.94961742625559,34.04083811188855,154.0,170.0,154.0,-0.03782350018583937,0.7374361984572146,0.674356905531977,41.313881370322115,-0.8047638035282959,0.37757489893730795,-0.45803102102712606,34.672607623535235,0.5923888953756323,0.5600223646404258,-0.5791807556697516,19.71414856865844,217.23373072155275,166.30714638212368,129.46184441658392,54.273710870165885,18.76268838588167,828600.0,4677135.613450886, 0.0, 0.0,7.105427357601002E-15,47.595769881442415, 153.81270899196363,153.81270899196363,NaN, 917.4197494823877, -283.9692454392776, 266.2546844809806, -283.9692454392776, 1221.4757582416285, 514.8343308202133, 266.2546844809806, 514.8343308202133, 1158.778659359804, 5.007813151246024, 3.5922538773395334, 24.0, 0.0
8, 0 ,1.0,1.0,1.0,171.5691925338627,19.30480556769978,28.199977943464372,29.797892605776887,14.100305086513698,17.852422957302828,134.0,64.0,72.0,0.9804996657285622,-0.13001353161758403,0.1473665060402196,30.187263852277006,0.18379168066644166,0.3411680694317678,-0.9218595156085367,18.06595293863916,-0.06957746491489479,-0.9309676847219367,-0.35841058352048233,12.953472826099373,135.2859101689337,84.20965712117348,66.65543416209952,35.02818555679184,13.359200175305057,253893.0,759364.0422818512, 0.0, 0.0,0.0,NaN, 132.89991189019878,132.89991189019878,0.0, 887.9144037454129, -84.8333458260393, 80.55801218418016, -84.8333458260393, 198.8186035327641, -64.1215704768855, 80.55801218418016, -64.1215704768855, 318.7090054464331, 4.663977057100549, 3.3199793058309037, 5.0, 0.0
9, 0 ,1.0,1.0,1.0,192.04297066093775,91.80085804138788,134.27235760783756,43.540890107403996,23.019996293856714,24.574493704559195,209.0,122.0,127.0,0.9667153273167822,-0.21508585984088,0.13856243656675463,44.618889217315775,0.2029311903174945,0.31474688325239686,-0.9272288452584003,24.40398774638316,-0.15582171840642495,-0.9244849768273209,-0.34791826582324936,21.05315151317993,198.837981584824,127.91408470132117,119.18790342459071,51.59990646777422,19.159455474161053,772690.0,3031446.4010018753, 0.0, 0.0,0.0,NaN, 195.22085887122105,195.22085887122105,0.0, 1895.8091113450312, -312.060668430485, 178.64205814796048, -312.060668430485, 529.9202293691769, -90.57641223918512, 178.64205814796048, -90.57641223918512, 603.9057408354196, 4.645894153450079, 3.2477464605730315, 25.0, 0.0
10, 0 ,1.0,1.0,1.0,138.7649772713813,257.893085213181,177.00949445254145,30.7322183205524,23.605548668397436,26.00382761611285,153.0,94.0,112.0,-0.8245286093362245,0.31978874382683387,0.46678445958250037,34.56099820891162,0.1716561166214039,-0.6447149938852308,0.7449004995877139,24.23722784322246,-0.5391537350445885,-0.6943181806500696,-0.4766922634218507,19.89935704504092,175.1034298639331,122.16622638527504,104.75639985480018,44.451741539263814,14.210309484799359,692299.0,2240920.1242496646, 0.0, 0.0,0.0,NaN, 190.14566953998937,190.14566953998937,0.0, 944.4692429020964, -231.7273167768528, -282.83479131936963, -231.7273167768528, 557.22192793608, 27.242961135138756, -282.83479131936963, 27.242961135138756, 676.1990506885134, 4.496993888320762, 3.1835038935901494, 16.0, 0.0
11, 0 ,1.0,1.0,1.0,190.4429609286433,197.53831930894634,256.0101199125006,17.75791275225823,27.690128382058045,24.480221732302816,91.0,125.0,108.0,-0.09601458188948465,-0.7803926401301403,0.6178742002182127,32.59776482332599,-0.6849603500331579,-0.39859599776677607,-0.6098774872437591,18.11114606397845,-0.7222260857564208,0.4817764603994435,0.4962669878784424,17.051101077841007,142.1855156113649,86.39987774807895,97.2247568639655,38.365525553011295,14.472538831742462,313145.0,1194387.7787700028, -2.8421709430404007E-14, -2.8421709430404007E-14,0.0,63.03792578771604, 156.32098506032642,156.32098506032642,0.0, 315.34346531681535, 68.01233993944177, -30.22065734143238, 68.01233993944177, 766.7432098148565, -363.12476307746283, -30.22065734143238, -363.12476307746283, 599.281256062711, 4.945678615262095, 3.55195458129072, 13.0, 0.0
12, 0 ,1.0,1.0,1.0,221.7309437868252,147.55337995647326,40.51776677813755,28.53934824750899,23.545377641398208,21.812047048090395,140.0,100.0,97.0,0.7811833491173074,-0.5819230319503862,0.22609325498018787,33.360467595886924,0.4022421042062384,0.1921925511236243,-0.8951331257954486,21.80774610252043,-0.4774451430956279,-0.7902073197448013,-0.38421156561994974,16.004562312307737,143.90622599598328,107.1220595311401,88.31523778898486,40.57670858293634,14.077475756416762,452136.0,1361426.3131133956, -2.8421709430404007E-14, 0.0,0.0,38.63095021916907, 171.87127311382793,171.87127311382793,0.0, 814.4943983925943, -372.5162170857776, 72.31515147778588, -372.5162170857776, 554.3848082760546, -150.4754781773395, 72.31515147778588, -150.4754781773395, 475.7653964281089, 4.732345510297242, 3.3925317158439388, 15.0, 0.0
13, 0 ,1.0,1.0,1.0,211.33668694529814,275.01386570697025,172.32393957612476,18.17840627760428,15.468491365821755,22.62685869068272,89.0,65.0,102.0,-0.38846532996047667,0.06357402368240389,0.9192676601140318,23.549590349007417,0.8510985352479337,0.4071074130446725,0.33150390275665825,17.374654454793724,0.35316564203999157,-0.9111651319913991,0.2122548739736661,15.008050876337087,102.88996274756119,75.54020776492962,74.15523011457373,31.36453332857058,9.897952476015831,237853.0,576358.8575993294, 0.0, 0.0,0.0,NaN, 157.4378175474572,157.4378175474572,0.0, 330.4544547936428, 18.42032939023025, -95.98651994776262, 18.42032939023025, 239.27422513450222, 29.589988973348504, -95.98651994776262, 29.589988973348504, 511.9747342081241, 4.798296817964522, 3.3730511180225475, 9.0, 0.0
14, 0 ,1.0,1.0,1.0,159.61365504686637,110.44459014803729,195.862235171476,29.57873969713749,21.43542169612331,24.54698539183677,128.0,107.0,125.0,0.8316092380676884,0.3965228657144204,0.3888389025369023,33.41985602409602,-0.2269703549686901,-0.3963486945306915,0.8896022539928753,22.950482672050168,-0.5068634265025104,0.8280563563607498,0.23960830028338714,17.12665190973756,145.0096147294101,119.59947551554251,90.59566140574023,41.56611307967607,14.463467102925954,453737.0,1571207.2477304358, 0.0, 0.0,2.8421709430404007E-14,67.11772819841212, 206.76316743015215,206.76316743015215,0.0, 874.9018420710172, 292.5688740577928, 219.18243820390572, 292.5688740577928, 459.4773032906339, 44.684083258723675, 219.18243820390572, 44.684083258723675, 602.5544918270479, 4.96530118362582, 3.6313774112531476, 20.0, 0.0
15, 0 ,1.0,1.0,1.0,180.9422016181421,274.9501092541192,236.47947794247918,19.488498930065468,15.588152392996985,14.739319770908082,91.0,61.0,71.0,0.9189941557056853,-0.18064757729776687,0.3504514154561828,20.45459141098517,0.0030335674030691697,0.8920722983925707,0.4518825200308232,15.858846984162428,-0.3942594821277047,-0.4142142769835966,0.8203572352916447,13.044013777442759,103.50315343496868,78.48576034793041,59.01674014725546,27.629259091136728,8.755779517425301,169330.0,479423.88703226944, 0.0, 0.0,0.0,NaN, 137.24836284770643,137.24836284770643,0.0, 379.8015905471629, -40.99183417427504, 80.06168812746121, -40.99183417427504, 242.99049502729764, 17.07998363939137, 80.06168812746121, 17.07998363939137, 217.24754730908188, 4.651856968314756, 3.1361118671154813, 3.0, 0.0
16, 0 ,1.0,1.0,1.0,273.4662451091075,170.13276163375141,58.38371854750159,16.999295440214123,26.37492556271748,32.118271568647216,77.0,125.0,120.0,0.08440231546271965,-0.21143804604729585,0.9737403153963754,32.40531582459464,0.21485051578665365,-0.9503786425276477,-0.22498820345412204,26.51474511334931,-0.9729930652428828,-0.22819813432849548,0.03478658474546608,16.219121750031327,134.6015894249841,132.72030791693584,84.37677861844077,42.565086068244725,14.297187152128043,517288.0,1507337.5196817177, 0.0, 0.0,0.0,NaN, 144.83852505780314,144.83852505780314,0.0, 288.9760454636847, -103.88303971697178, 43.41627412496929, -103.88303971697178, 695.6366984388878, -67.96474160422851, 43.41627412496929, -67.96474160422851, 1031.5833685573723, 4.582216781728181, 3.1454068460918987, 8.0, 0.0
17, 0 ,1.0,1.0,1.0,161.17412683783698,34.885828034218655,220.20839171749097,25.249605014436213,17.589340593479115,19.612936626684867,114.0,80.0,101.0,0.9532558421220872,0.1868231864498477,0.23748767644834962,25.86234207460804,-0.19773500700922783,-0.2086129171201294,0.957800353838779,19.230634448976634,-0.22848231105092368,0.9599884102505384,0.16191999790474718,17.114809380375924,114.17068153795105,93.59964962298392,91.52815064383037,34.900447827318615,10.656147543728963,346127.0,978100.5519416617, 0.0, 0.0,0.0,NaN, 163.8790554316793,163.8790554316793,NaN, 637.5425533850423, 70.12413982260136, 70.54440488949618, 70.12413982260136, 309.38490251341216, 1.3144892594101008, 70.54440488949618, 1.3144892594101008, 384.66728312235676, 4.80620112178278, 3.3417508447432414, 12.0, 0.0
18, 0 ,1.0,1.0,1.0,277.15761427837697,249.11265194316042,272.4103392683901,14.509658595245222,19.247883463094233,13.42215563645535,67.0,93.0,58.0,0.2577623904810963,0.9597040058708878,0.1119230591470844,19.55759666975366,-0.7448242712749736,0.27115161757413325,-0.609683200692487,15.390209486156992,-0.6154635285483414,0.07379038827856846,0.7847035259411821,11.908288574102658,97.10078033125217,79.71521831000263,61.530631375585045,26.25345674155282,8.48065335973331,140184.0,476272.30838680436, 0.0, 2.8421709430404007E-14,0.0,16.320663975244837, 62.22930304124159,62.22930304124159,1.1680077279964342E-6, 210.53019255057356, 40.344817920132634, 50.107270115480326, 40.344817920132634, 370.4810178088564, 10.139936956240678, 50.107270115480326, 10.139936956240678, 180.15426192923013, 4.370949059072781, 3.082417665474883, 4.0, 0.0
19, 0 ,1.0,1.0,1.0,49.507307390742326,141.98231251192,15.475125203964145,16.80445629052865,23.16920060087668,9.805128446778523,82.0,103.0,38.0,-0.03757449427157218,-0.9992693320797702,0.006997095474939353,23.178053702497557,-0.9649039267485597,0.03445938471723304,-0.2603324085666615,17.221351870264222,0.2599010764222516,-0.01653338349399614,-0.9654936963568405,9.030228008553495,102.88716670994476,85.92522400083233,45.437517850183184,28.52737300581912,10.07626622060852,141569.0,401695.0496379983, 0.0, 0.0,0.0,NaN, 151.16027934411977,151.16027934411977,0.0, 282.3897512202879, 9.959583649714329, 53.8948073587917, 9.959583649714329, 536.8118564836644, -5.115097842672229, 53.8948073587917, -5.115097842672229, 96.14054385782543, 5.62938043369957, 4.281144520606333, 4.0, 0.0
20, 0 ,1.0,1.0,1.0,279.10839061802096,279.3345462072271,195.74142363796804,12.932063871851605,12.674200918937599,30.670651538986203,53.0,49.0,147.0,0.0942300769033421,-0.12526304228911841,0.9876385284319689,30.993361568319443,0.9874539851753127,0.13802429007372816,-0.0767067305458698,12.662404101274232,-0.1267095883040568,0.9824756819311704,0.13669752977175031,12.15062022353665,145.84247421782283,60.633581661542564,56.098482726072575,32.834009713932446,13.80182295388979,183586.0,496076.16590879735, 0.0, 0.0,0.0,NaN, 108.32068624260131,108.32068624260131,0.0, 167.23827598564955, -7.864935969941025, 74.69561083649167, -7.864935969941025, 160.63536893359867, -100.70834789688065, 74.69561083649167, -100.70834789688065, 940.6888658259168, 5.711791231306544, 4.228320988626185, 4.0, 0.0
21, 0 ,1.0,1.0,1.0,26.980788178634207,103.24267010685787,210.5227601754077,19.11275080549415,21.815758459737673,34.366440496157836,89.0,117.0,153.0,-0.29431142685080625,-0.32812380559896465,0.8976165953369487,37.45885028587485,0.4385416734702414,-0.880864456442702,-0.17821057770464657,19.57777019395193,0.8491536872998688,0.34119287444956514,0.4031444378506056,15.35650488866889,171.77104666025508,107.64093342032184,84.45615156548092,41.39688474120289,17.56629518784542,380599.0,1561560.1050239778, 0.0, 0.0,0.0,NaN, 139.25942807638344,139.25942807638344,0.0, 365.2972433529173, 55.76520012880051, -319.912297661314, 55.76520012880051, 475.92731717361585, -320.66761638838017, -319.912297661314, -320.66761638838017, 1181.0522323759574, 5.154267358367137, 3.789420282938535, 9.0, 0.0
22, 0 ,1.0,1.0,1.0,192.2117495857915,46.35716387172698,150.213793530605,20.10217598949862,10.947100213458011,15.005992388732755,94.0,51.0,71.0,-0.9425081505793409,0.1727540458837676,0.2860671699484223,20.883584541973008,-0.22143212192660483,0.3182921017638398,-0.9217689262140695,14.667250409160548,0.2502922321419338,0.9321191863627457,0.26173960522599937,9.892621102630912,98.60552626203216,71.56501884578259,45.96112096997797,26.0043427599816,8.53759027995288,129162.0,324334.13398321625, -2.8421709430404007E-14, 0.0,0.0,19.522874139654075, 190.2713883327667,190.2713883327667,0.0, 404.0974795127747, -63.341024696828256, -67.26719354811333, -63.341024696828256, 119.83900308349243, -17.687808512982965, -67.26719354811333, -17.687808512982965, 225.17980757070538, 4.488276836698578, 3.0847885241188777, 2.0, 0.0
23, 0 ,1.0,1.0,1.0,273.1756441691401,246.04145050974319,159.16827977803587,13.131142806996666,13.21948109913414,16.707938690199455,57.0,62.0,72.0,0.2675327941104282,-0.37527384665582353,0.8874659115096245,17.649346681933814,0.8958290491765565,-0.24231896161455704,-0.3725209195380423,12.778936527894077,-0.35484717658013454,-0.8946793061528713,-0.2713529443638353,12.31000203657721,74.18277480295737,56.04552743813987,56.56915686243423,24.027532046201355,7.001036422723949,116235.0,235192.6472994525, 0.0, 0.0,0.0,NaN, 153.18173699730218,153.18173699730218,0.0, 172.42691141774029, -18.613922257555252, 34.053300641386585, -18.613922257555252, 174.75468053036474, -52.2125932117756, 34.053300641386585, -52.2125932117756, 279.15521527546383, 3.8541252439704694, 2.5844643998158867, 3.0, 0.0
24, 0 ,1.0,1.0,1.0,175.38042045480225,165.13445966812543,234.13044493488297,12.819672994044971,16.85445393401221,17.58190531000123,57.0,77.0,76.0,0.17735479515032,0.5870212189599852,-0.7899059216944261,19.98387926956296,-0.6038762295537983,0.6986799891739445,0.38364015966499715,16.422815826210474,-0.7770963749864463,-0.4089649877662266,-0.4784024067292031,9.406153150769851,93.66905976670733,81.94380275267538,45.43635320329247,26.160014304190867,8.555330444951396,132761.0,348751.2252821392, 0.0, 0.0,2.8421709430404007E-14,37.82327939975731, 195.08344845093046,195.08344845093046,0.0, 164.34401567424598, -44.09920748968939, -85.53875853177043, -44.09920748968939, 284.07261741373964, -95.57424674816049, -85.53875853177043, -95.57424674816049, 309.1233943298494, 4.975042494570043, 3.608464452331133, 2.0, 0.0
25, 0 ,1.0,1.0,1.0,28.307730621018692,190.76537379835148,256.27487276662833,14.909659942170828,25.65459122642445,23.18259615063358,65.0,125.0,95.0,-0.1395486575944979,-0.9461252736198968,0.29218682171044097,26.308239049206442,-0.3371596804505073,-0.23204322627538984,-0.9124030310220482,23.623125322525812,0.9310475401622011,-0.22583823360401925,-0.2866139741892062,12.950416325181488,135.71421419010358,115.63405948409925,69.9018937970867,35.68269324194248,12.02639504885768,267029.0,1096983.3873120982, 0.0, 0.0,0.0,NaN, 121.01825451517874,121.01825451517874,0.0, 222.29795959117342, 99.77653715090149, 98.69571799373058, 99.77653715090149, 658.1580509949343, -62.32941242870686, 98.69571799373058, -62.32941242870686, 537.4327642833708, 4.563299959383732, 3.204838586050167, 9.0, 0.0
26, 0 ,1.0,1.0,1.0,209.91623193581714,89.82358005637683,59.18314817413043,15.40385630986013,15.684869924418626,16.631898812325325,72.0,70.0,69.0,0.6220527946392903,0.07711190303762872,0.7791688360627395,18.402589668852826,-0.17550971853385572,-0.9560824947908616,0.2347394339574176,15.878882452046355,0.7630508891165881,-0.2827720240129802,-0.5811998993926158,13.004606007799847,92.46742025030926,67.35391409266838,65.55950630740811,26.4476087870654,7.774186858487532,156802.0,408307.4033563662, -2.8421709430404007E-14, 0.0,0.0,51.53380413406875, 140.30682745535552,140.30682745535552,0.0, 237.27878921481772, 22.06298213058842, 78.75087467804772, 22.06298213058842, 246.01514454593197, -8.445769646171767, 78.75087467804772, -8.445769646171767, 276.62005810342856, 4.680290749173884, 3.3249894994490936, 8.0, 0.0
27, 0 ,1.0,1.0,1.0,75.36808429013783,38.86741429863262,51.407332913161426,34.4792041816146,22.213984283878837,32.84331898154781,156.0,98.0,138.0,-0.750086227908431,-0.3300055737104617,0.5731203817891406,40.23562758043088,-0.5259776013785094,-0.22764555151973243,-0.819466329827765,28.538579299122127,-0.4008967617108068,0.9161188919530618,0.002821747062197013,18.099833846811187,200.7569696137923,169.10604071105243,87.80959853095675,49.27068888432425,18.258133457453585,729860.0,2981067.051683378, 0.0, 0.0,0.0,NaN, 99.16520509267092,99.16520509267092,NaN, 1188.8155209974698, 377.9326037167076, -345.27628173501586, 377.9326037167076, 493.46109776441597, -153.40749020541602, -345.27628173501586, -153.40749020541602, 1078.6836017236988, 5.240944947856404, 3.680555623257553, 11.0, 0.0
28, 0 ,1.0,1.0,1.0,263.9082093770409,35.362948124328234,82.8070206266785,18.191739081182384,20.77722794503101,24.881156795927108,79.0,94.0,110.0,0.40102611739210825,0.22910670075082207,0.8869544367330737,26.834107499458355,0.30010283448441577,-0.9476477734591348,0.10909622446429428,20.63050456043175,0.8655150731811838,0.22242710520306988,-0.44878707754028774,15.362860790576208,120.20241177163406,100.54679582352674,63.68696587801054,35.4034792028547,11.32687934578411,341451.0,769718.5904704498, 0.0, 0.0,0.0,NaN, 97.0059694837519,97.0059694837519,0.0, 330.9393707978185, -9.447143162231637, 178.38084129342806, -9.447143162231637, 431.69320107977757, 78.76103962429768, 178.38084129342806, 78.76103962429768, 619.0719635035098, 4.485446308712887, 3.0954771108243064, 5.0, 0.0
29, 0 ,1.0,1.0,1.0,64.01632002755889,111.88668130732464,277.4327778495457,20.008506582104783,12.647986150171448,13.200593849147333,94.0,64.0,55.0,-0.9378884413082845,-0.15506957877851218,0.3103525372826361,20.66577453216897,0.32655459220451905,-0.6966755064810085,0.6387529545760005,14.835884555365526,0.11716385948941604,0.7004260592003162,0.7040425879324764,9.348254367347337,99.93228361408167,75.0003325318338,42.965677211857894,25.616043940404968,8.85357894381865,116115.0,322025.7958385337, 0.0, 0.0,0.0,NaN, 130.8663371514066,130.8663371514066,0.0, 400.3403356461304, 19.210315109353814, -71.19156107328861, 19.210315109353814, 159.97155365492878, -75.40575730142983, -71.19156107328861, -75.40575730142983, 174.2556779701464, 4.61615430121299, 3.2101554729221617, 5.0, 0.0
30, 0 ,1.0,1.0,1.0,40.88199840095123,9.977387810328215,24.242358391930953,13.761708770297599,6.779327913792074,12.782077817691354,61.0,27.0,53.0,-0.9837173228095227,-0.036064938255097455,-0.17606688795205422,13.801761935068653,0.17481393151202795,0.03538695050157105,-0.9839653718924805,12.75195780312381,0.041717120631381326,-0.9987227262673336,-0.028506102563686454,6.754581278936795,61.31135478355545,55.71348237871754,28.77393826136548,19.00110169661679,6.138693907790515,48779.0,98288.00614196275, 0.0, 0.0,0.0,NaN, 48.56519330936398,48.56519330936398,NaN, 189.38462827848582, 5.863155133074656, 4.967281307610998, 5.863155133074656, 45.9592869627204, -3.1536045981612295, 4.967281307610998, -3.1536045981612295, 163.38151333751736, 3.995662868867885, 2.621988641122234, 1.0, 0.0
31, 0 ,1.0,1.0,1.0,95.50221318487843,130.41423133671407,9.925495641823614,15.577918003657008,19.149441286218206,6.683932746164755,68.0,86.0,27.0,0.10159632039454464,0.9946927587865688,0.01626355741690416,19.18587964134931,-0.9948176362131113,0.10151606645235384,0.005688491135524269,15.535977335559865,-0.004007288565441464,0.01675720351386706,-0.9998515578668405,6.677051630387558,85.7305063390171,68.17224506815992,27.786859866869786,24.14997705954252,8.41583007681365,80653.0,162398.66551134584, 0.0, 0.0,0.0,NaN, 161.9477073690511,161.9477073690511,0.0, 242.6715293286611, 12.820323604904821, -0.5790510082956156, 12.820323604904821, 366.7011015743184, 5.347217290148169, -0.5790510082956156, 5.347217290148169, 44.67495695525353, 3.942408792895972, 2.707913348512842, 1.0, 0.0
32, 0 ,1.0,1.0,1.0,176.96561753190625,196.5998576295317,73.10483551126252,12.72355040724737,13.885401866353764,13.931210705654713,58.0,65.0,67.0,0.33649679812517086,0.7272792091221933,0.5981929929630616,16.1805616425331,-0.7177614031777555,-0.21312308931779037,0.6628703620678337,13.355459882858222,-0.6095805713437789,0.6524135964081669,-0.4502977084795725,10.420790177851437,78.64482785104966,61.73502098217048,47.891640786744134,22.49450792783592,6.539790880906491,98335.0,232520.62551992462, 0.0, 0.0,0.0,NaN, 176.55980767622918,176.55980767622918,0.0, 161.88873496576468, 48.17018476275413, -2.3567554902772168, 48.17018476275413, 192.8043849901406, 56.80048881575438, -2.3567554902772168, 56.80048881575438, 194.07863172534852, 4.756084230969056, 3.3349845644771765, 4.0, 0.0
33, 0 ,1.0,1.0,1.0,174.11835580888828,73.74651281338338,209.43299040734047,12.887104784557533,8.360512030435556,10.833524623309142,61.0,36.0,48.0,-0.9237918636427466,0.08262008725354372,0.3738749976257815,13.147749793613015,0.35864239741726817,0.5286971515774387,0.7693210985594356,11.76398755910634,-0.13410527000179964,0.8447799968607914,-0.5180371931257689,6.48738460219593,61.855205171572536,56.10998268761281,30.212726631542893,17.908082498236368,5.713271229293749,43158.0,104859.14388772227, 0.0, 0.0,0.0,NaN, 171.7181403432644,171.7181403432644,NaN, 166.07746972816565, 8.279341316771808, -18.596476087879978, 8.279341316771808, 69.89816141105766, 43.21064263997676, -18.596476087879978, 43.21064263997676, 117.36525576384547, 3.3230503062147534, 2.139248436839535, 2.0, 0.0
34, 0 ,1.0,1.0,1.0,50.07002076163931,154.46264326953158,108.29285287676687,9.387234888915199,8.913472520631592,9.439940052095647,41.0,39.0,41.0,0.44625730653727624,-0.01977755632949901,0.8946861263190172,9.457582700992017,0.8948889690614532,0.003934963797483577,-0.4462714970867411,9.36967540514232,-0.005305602154707238,-0.9997966614894979,-0.019454723339846915,8.913245855413638,41.683334792903835,42.04653769949152,39.144169667933454,15.515015279219586,3.9958654016928725,35161.0,68605.63391811989, 0.0, 0.0,0.0,NaN, 188.18998689449896,188.18998689449896,0.0, 88.12017885966674, -0.05887283437862345, 0.6599356166605007, -0.05887283437862345, 79.4499923760545, -0.1915997197567157, 0.6599356166605007, -0.1915997197567157, 89.11246818715958, 3.690023311066284, 2.19148656069993, 0.0, 0.0
35, 0 ,1.0,1.0,1.0,116.88006151271527,119.67746531429152,223.75851736264232,12.534774864087588,12.39658307339243,14.061243431965751,57.0,58.0,66.0,0.5241649133446691,0.2768410503450119,0.80536338162487,15.537934299747285,0.4244804403640413,-0.9047703351458435,0.034741853554861174,12.254070055536337,0.738286867935984,0.3236505422271813,-0.5917624752798425,10.813176425668182,77.1909910442335,57.67374268937686,53.34838839932476,21.671332860528388,6.234400668088749,88437.0,237501.33583748556, 0.0, 0.0,0.0,NaN, 183.83799432655934,183.83799432655934,0.0, 157.12058089336202, 5.301535269046724, 53.048097444119065, 5.301535269046724, 153.6752718955197, 26.714044452569652, 53.048097444119065, 26.714044452569652, 197.71856685299997, 4.962686976719694, 3.4158014451395915, 6.0, 0.0
36, 0 ,1.0,1.0,1.0,151.0830281149714,207.01034254220733,13.237782544997907,17.291938847265367,17.99256512172241,8.993321177024164,77.0,82.0,35.0,0.3628356970373165,0.9313022525650019,0.032037030492830645,18.11058166680029,-0.929005602496961,0.36419875637677773,-0.06563426226344433,17.202812951092127,-0.07279318295488162,-0.005948127517318784,0.9973293198810183,8.927117833320692,81.66404210605967,78.18326010846484,37.98763239000994,25.272586144322048,8.05728019420385,114672.0,242541.9554940038, 0.0, 0.0,0.0,NaN, 176.06413546271332,176.06413546271332,NaN, 299.01114909756507, 10.738537120270381, 16.071631020555134, 10.738537120270381, 323.73239965942184, 2.23924750507204, 16.071631020555134, 2.23924750507204, 80.87982579311131, 6.9898018487799956, 5.289617519730994, 4.0, 0.0
37, 0 ,1.0,1.0,1.0,77.89014602826606,170.4703898002062,59.29182815905206,15.550481066359144,14.584844172180176,16.561289949634393,67.0,63.0,76.0,0.582701685949461,-0.5253470084860462,0.6200558570535544,18.746963267031457,0.5503437021724539,-0.30631695211575505,-0.7767185682894623,15.087145623750942,-0.5979803965606006,-0.7938390551750882,-0.11063001314268348,12.23686524033584,88.68423155260243,70.93123313743271,56.798507164030696,25.956861059865805,7.419759405598647,153258.0,357289.9814822627, 0.0, 0.0,0.0,NaN, 162.35860203037504,162.35860203037504,0.0, 241.81746139519421, -74.8760620478213, 39.587324765335495, -74.8760620478213, 212.71767952677803, -47.17556136589445, 39.587324765335495, -47.17556136589445, 274.2763247958611, 5.693841489855515, 4.214178334050755, 4.0, 0.0
38, 0 ,1.0,1.0,1.0,13.628968870731383,134.3344176029131,259.4334228873396,9.37819606319548,13.318686911648665,20.604402062515334,40.0,60.0,90.0,-0.02187914382623865,-0.38522242133318213,0.9225643550276752,21.841372131397016,0.14746140598740365,-0.9139357769565172,-0.37812237350242117,11.22132457361524,-0.9888257868854597,-0.12776964311246505,-0.07680157217963987,9.322859273605669,104.23990426964207,51.69559870404325,42.799638487284454,24.540750123283548,9.361140432153334,90076.0,230636.30623148085, 1.7763568394002505E-15, 0.0,0.0,88.7463173634882, 140.98628204130586,140.98628204130586,0.0, 87.95056139973521, -1.9682204948379443, -10.049453502399967, -1.9682204948379443, 177.38742105052148, -125.17076688169126, -10.049453502399967, -125.17076688169126, 424.54138435378616, 4.607411969134315, 3.051720063865981, 2.0, 0.0
39, 0 ,1.0,1.0,1.0,125.00989525110752,259.80793276197574,265.55247795304933,7.545159683349767,8.197319190014943,9.147171941715392,34.0,38.0,39.0,-0.14972541990301194,-0.08254917899203229,-0.9852755612936966,9.166381900207906,0.5666692205846796,0.8094390628288775,-0.15392984768608187,8.840200433399056,-0.8102273095106205,0.5813725454598365,0.07441552464863407,6.75459326965076,39.88657072473546,38.725682728918855,28.970662729558207,13.900813332579187,3.816231095507991,24153.0,44749.090442460125, 0.0, 0.0,0.0,NaN, 135.75532385410852,135.75532385410852,0.0, 56.92943464724676, 15.393114895453463, 2.827473099375727, 15.393114895453463, 67.19604190298723, -0.9294106229372829, 2.827473099375727, -0.9294106229372829, 83.67075453130533, 3.9746918264508557, 2.3918066155151934, 1.0, 0.0
40, 0 ,1.0,1.0,1.0,12.42248065308064,230.79297309695121,270.4609026580246,8.416048804582577,20.94951709816825,17.9027848016502,34.0,93.0,73.0,-0.004364667965232459,-0.9191961536675133,0.3937758001152466,21.578860306907863,-0.14327854945255494,-0.38914177163751956,-0.9099669987607154,17.277869917766274,-0.9896727777100492,0.0603913292589414,0.130002616935249,8.12710568046585,102.69924056214712,82.53136859527046,37.350262244679705,27.14925052226417,9.650908965541403,117719.0,316577.4193287497, 0.0, 0.0,0.0,NaN, 76.26590896405928,76.26590896405928,0.0, 70.82987748111583, 14.5649748638384, 29.62300450399505, 14.5649748638384, 438.88226664644384, -62.31633246392837, 29.62300450399505, -62.31633246392837, 320.5097036541974, 4.824683360151582, 3.302671162767187, 2.0, 0.0
41, 0 ,1.0,1.0,1.0,5.477248503730426,56.56751660244323,141.13372140690333,3.7096266045187236,13.189736314960907,11.631827445526515,14.0,57.0,50.0,-0.0019474783277503216,0.9994867198571783,0.03197661891602328,13.191260986661387,4.3220989526857875E-4,0.031977517858444146,-0.9994884949544035,11.630125443424319,-0.999998010259405,-0.00193266157164676,-4.942635735163754E-4,3.7095416263542416,57.13257360476703,50.006834475473866,14.073007805225568,16.963469417620498,5.938904666949121,24394.0,40206.85281749173, 8.881784197001252E-16, 0.0,0.0,89.88841764059408, 152.14667759731302,152.14667759731302,0.0, 13.761329544953115, -0.3102413825384937, -0.06246554969127423, -0.3102413825384937, 173.9691440581985, 1.238327492122271, -0.06246554969127423, 1.238327492122271, 135.29940972250387, 5.420054751862568, 3.715559509918148, 2.0, 0.0
42, 0 ,1.0,1.0,1.0,69.14456482503545,222.4396059700868,221.07874320570434,16.150439522170952,17.138021953323175,16.23741683417138,75.0,80.0,78.0,0.5299096610417316,-0.7719505475999587,0.35112405670184604,18.79765638012798,0.5065633689479573,-0.04393291144036671,-0.8610827210741538,16.10421805573031,-0.68013918014972,-0.6341626379348575,-0.36776139584351414,14.335427238371539,87.72231502312135,72.89938413388839,69.99156059960535,27.581599906257548,7.5800755464413525,191153.0,447589.22265420685, 0.0, 2.8421709430404007E-14,-2.8421709430404007E-14,38.136057530717636, 130.48045961334626,130.48045961334626,0.0, 260.83669675930145, -61.6772902929983, 4.0238605214335115, -61.6772902929983, 293.7117964725871, -38.03728923460116, 4.0238605214335115, -38.03728923460116, 263.6537054466321, 5.692051550765437, 4.349324034671461, 6.0, 0.0
43, 0 ,1.0,1.0,1.0,62.42489932724072,53.5322273395867,252.16798083801532,14.056289290575307,13.513974509705257,16.20224958103645,64.0,61.0,74.0,-0.5549123986810028,0.010987965690715864,0.8318362184950084,17.748131782897225,-0.2831958515776521,-0.9426876045898762,-0.1764658318253407,13.710439378031406,0.7822226917184799,-0.33349564429326584,0.5262207861707053,11.821477802446722,77.15369095541723,63.604158357154574,53.000959112393645,24.349845725725878,7.0572431082405105,124413.0,260091.37224847559, 0.0, 0.0,-2.8421709430404007E-14,33.71217333099909, 95.13395543687754,95.13395543687754,0.0, 197.57926862034208, 11.806859943474016, -78.48400063530453, 11.806859943474016, 182.62750704896345, 9.624773784331122, -78.48400063530453, 9.624773784331122, 262.5128914861959, 4.465390004941465, 3.296039440557535, 4.0, 0.0
44, 0 ,1.0,1.0,1.0,243.81358603837336,126.15289761071558,198.63482713889223,14.630451777324888,14.918235608507732,16.05178435866679,66.0,64.0,74.0,-0.5551797578559089,0.3450792617331101,0.7567666348279282,17.549636824508024,0.022997103987905,-0.9031534199093681,0.4287015667269975,14.632539126380632,0.831412394468127,0.2554098730036577,0.4934766733058731,13.121078462517046,80.01196441645487,62.404501960420504,64.67840140961391,25.365434446641583,7.131506805008916,132592.0,322946.16526304156, 2.8421709430404007E-14, 1.4210854715202004E-14,-2.8421709430404007E-14,45.15272615807577, 171.30780764054282,171.30780764054282,0.0, 214.05011920862898, -26.893152149118848, -56.65301811276684, -26.893152149118848, 222.55375367094805, 19.228725333453415, -56.65301811276684, 19.228725333453415, 257.65978109713984, 4.925960249706826, 3.7039466394437413, 4.0, 0.0
45, 0 ,1.0,1.0,1.0,280.30486637960496,259.15765042261864,84.70106850750689,12.30976809316086,19.116423613090422,18.818170885112853,52.0,80.0,75.0,-0.12930048028429078,-0.7372095886899843,0.6631767548261892,20.274771757121712,0.03319845500182289,-0.6716343611844724,-0.7401386001701422,17.69446083093477,-0.9910495690850908,0.07368383282558989,-0.11131686483362195,12.1215215143548,95.4212936559974,86.95999193678912,55.684332294599045,28.219742519459505,8.645098603243104,175572.0,462059.3973965393, 0.0, 0.0,0.0,NaN, 96.07427758583259,96.07427758583259,0.0, 151.53039050740117, 21.472800922008766, -26.732197576699082, 21.472800922008766, 365.437651755121, -46.53583643870653, -26.732197576699082, -46.53583643870653, 354.123555461309, 4.540794857051384, 3.1418975232357984, 3.0, 0.0
46, 0 ,1.0,1.0,1.0,219.00599260191672,16.84816167669295,180.69043114299615,17.223901860037977,11.106340326477884,17.80002151718485,83.0,47.0,75.0,-0.6518699487251203,0.0846037260221455,0.7535965628187796,19.247352234190434,0.7454382435208485,-0.11097580401930639,0.6572717824605138,15.69688853023896,-0.13923862627037656,-0.9902154212419833,-0.009274938754527,10.954518665202468,92.15043007733546,75.04331980584658,52.12810518174485,25.860280127477935,8.252288680870185,129493.0,360480.140573576, 0.0, 0.0,0.0,NaN, 145.18492692813842,145.18492692813842,0.0, 296.66279528421967, -24.268734012349224, -61.11137879705393, -24.268734012349224, 123.35079544754888, 6.749432456840584, -61.11137879705393, 6.749432456840584, 316.84076601224365, 4.0482250958061785, 2.7654892769209676, 3.0, 0.0
47, 0 ,1.0,1.0,1.0,7.107143758995985,200.52319385874094,187.24628165955406,4.8561187247873585,14.584233086171224,13.91774112297212,19.0,64.0,59.0,0.006588337875604584,-0.9986360187574491,0.05179474726560482,14.586152405306574,0.029672053849059174,0.051968295404231424,0.9982078268041965,13.921413668140678,-0.9995379747785548,-0.0050396739030957125,0.029973966413123485,4.839799710395698,64.38544626374284,60.24543746195761,19.76072937673301,19.60951067438233,6.741836015385886,39601.0,76650.4736773649, 0.0, 0.0,2.8421709430404007E-14,87.0310511058617, 150.53088537596955,150.53088537596955,0.0, 23.5818890692304, -0.9829527421690797, 5.111134236976562, -0.9829527421690797, 212.69985471177142, -0.9544382642938283, 5.111134236976562, -0.9544382642938283, 193.70351796606928, 3.325776454275845, 2.105426950722336, 1.0, 0.0
48, 0 ,1.0,1.0,1.0,51.63922461152095,119.082561607283,42.34766912572594,7.030476715836754,6.735566051816942,5.97970345254675,30.0,31.0,26.0,-0.9966794580620123,-0.02548320408116717,-0.07733475406937497,7.035863660896931,0.04262691361027088,-0.9725141574861053,-0.22890862745897525,6.778378366927614,-0.06937581792869643,-0.23144506864231723,0.9703711537797676,5.9247375917207385,30.4663250826013,31.31933487356679,25.461095066916272,11.038686159778312,2.949527781972,12742.0,24294.59595449946, 0.0, 0.0,0.0,NaN, 136.53054997989798,136.53054997989798,0.0, 49.42760285192274, -0.083775254380789, 1.004177913275953, -0.083775254380789, 45.36785003838887, 2.4424150117513967, 1.004177913275953, 2.4424150117513967, 35.75685338039952, 3.91214546339513, 2.3411726636812222, 1.0, 0.0
49, 0 ,1.0,1.0,1.0,249.21733381416036,220.66743598990263,151.69931482149298,9.069590183540218,9.75008378010961,10.867898749772769,41.0,43.0,49.0,0.18680011971401655,-0.471221765786456,0.8620068228987078,11.328297912740751,0.4598173698642268,-0.7334645268678781,-0.5005974172902076,9.424375088758872,-0.8681438254379137,-0.4898773675886403,-0.07966469154180066,8.847804452993579,52.252052252529424,41.969342949553365,40.294192151839184,16.58913786153184,4.498147181108763,41595.0,88364.53080257878, 0.0, 2.8421709430404007E-14,0.0,61.8863667410806, 175.686163717503,175.686163717503,0.0, 82.25746609736906, -7.958423400618339, 5.633638514573956, -7.958423400618339, 95.06413371915653, -16.460569252897862, 5.633638514573956, -16.460569252897862, 118.11122323531252, 4.317493502721002, 2.929792589775535, 2.0, 0.0
