// Sample: .//bubblelabels.tif, Map: .//bubblelabels.tif, Thickness:(8.191250068658265):/afs/psi.ch/project/tipl/test/LabelValidation/SmallStep0500//distmap.tif, Neighbors:(1.0):
//LACUNA_NUMBER, TRIANGLES, SCALE_X, SCALE_Y, SCALE_Z, POS_X, POS_Y, POS_Z , STD_X, STD_Y, STD_Z,PROJ_X, PROJ_Y, PROJ_Z, PCA1_X, PCA1_Y, PCA1_Z, PCA1_S, PCA2_X, PCA2_Y, PCA2_Z, PCA2_S, PCA3_X, PCA3_Y, PCA3_Z, PCA3_S,PROJ_PCA1, PROJ_PCA2, PROJ_PCA3,OBJ_RADIUS, OBJ_RADIUS_STD, VOLUME, VOLUME_BOX, Mask_Grad_X,Mask_Grad_Y,Mask_Grad_Z,Mask_Angle, Mask_Distance_Mean,Mask_Distance_COV, Mask_Distance_STD, SHAPET_XX, SHAPET_XY, SHAPET_XZ, SHAPET_YX, SHAPET_YY, SHAPET_YZ, SHAPET_ZX, SHAPET_ZY, SHAPET_ZZ, Thickness, Thickness_STD, Neighbors, Neighbors_STD
1, 0 ,0.3333333432674408,0.3333333432674408,0.3333333432674408,15.859469707715148,271.2182869516704,72.6194576040396,11.27416959808286,21.887780895502868,29.292279141399472,52.0,88.0,134.0,0.06095795641334463,-0.04096819346273832,0.9972992202314753,29.357474650128452,0.22896626572911744,0.9730876462284576,0.025978489479248683,22.33357420824005,-0.971523842583378,0.22676428264160098,0.06869776859598971,10.176915800262998,133.69905346743104,98.52514128622988,52.923661715195294,35.36560310225508,14.61141975194281,211506.0,697148.4783253666, 0.0, 0.0,0.0,NaN, 79.70881637630322,79.70881637630322,1.9073486328125E-6, 127.10690012633584, 86.1627431045204, 48.449912240623796, 86.1627431045204, 479.0749525295404, -20.99106284511939, 48.449912240623796, -20.99106284511939, 858.0376172976667, 4.122989917370879, 4.57792700472829, 17.0, 0.0
2, 0 ,0.3333333432674408,0.3333333432674408,0.3333333432674408,208.2325385372398,185.3174241722161,15.679830890692369,32.24120037325793,26.552510161858148,9.548533735311947,158.0,173.0,43.0,-0.8213805278078053,0.5641867668501963,0.08382911576113367,36.59964626906058,0.5702821258391461,0.815051680002652,0.10231840437203543,20.430409826363974,-0.010598371882319269,0.1318485913310301,-0.9912132078808611,8.87522062852457,163.2397470086866,144.66786244803006,54.40997650443157,39.20934120444803,17.272314732303027,226599.0,1284921.2630789354, 0.0, 0.0,0.0,NaN, 147.71329418361535,147.71329418361535,0.0, 1039.4950015085674, -426.85407275366015, -67.05140062013905, -426.85407275366015, 705.0357958955801, 87.86836271869876, -67.05140062013905, 87.86836271869876, 91.17449649439031, 2.692693126346091, 3.2577589501901443, 24.0, 0.0
3, 0 ,0.3333333432674408,0.3333333432674408,0.3333333432674408,43.28038475231798,128.86195899910842,276.5929184151028,24.308226603117514,26.30462352593027,13.28711486219707,100.0,129.0,66.0,-0.6125607556079062,0.7904233081594163,-5.608987383971298E-4,29.049481077501117,-0.7904234790518807,-0.6125607688698205,1.67943845577957E-4,20.951156672219756,2.108378324439153E-4,-5.462233411466011E-4,-0.99999982859372,13.28710668334754,134.42247421744614,101.86487368617311,66.04245169577482,36.26858646878149,11.998339732952118,328627.0,904314.5595739055, 0.0, 0.0,0.0,NaN, 137.9365348619379,137.9365348619379,0.0, 590.8898805885101, -196.05573682653858, 0.19444936476803382, -196.05573682653858, 691.9332188409244, -0.32285189292817845, 0.19444936476803382, -0.32285189292817845, 176.54742136121828, 3.226899186479438, 3.464402271676259, 14.0, 0.0
4, 0 ,0.3333333432674408,0.3333333432674408,0.3333333432674408,21.694045594115178,92.29742207691798,150.9236895005412,13.393461663287411,20.51551907674321,15.744426029943714,53.0,87.0,69.0,0.040188869164459684,0.9965819920284694,-0.07217470443202566,20.544567515341683,0.2531621905376099,-0.08003204509489828,-0.964107762151165,15.877722238898558,0.9665887233345324,-0.02047449443811682,0.2555132775415452,13.190033034018013,86.64432247206469,80.32603834971032,60.47332537077335,27.849087653926336,8.519777354516318,181076.0,420881.9578097375, 0.0, 0.0,0.0,NaN, 176.6725561269077,176.6725561269077,0.0, 179.3848153259496, 8.353970048395768, -19.788081678303765, 8.353970048395768, 420.88652298821455, -11.817409384684549, -19.788081678303765, -11.817409384684549, 247.88695101236917, 2.6691278618475653, 3.389628026207544, 12.0, 0.0
5, 0 ,0.3333333432674408,0.3333333432674408,0.3333333432674408,275.9432045707583,82.25543739719689,211.3488731174716,15.104823937424595,21.273516458426037,18.581288862349506,73.0,113.0,93.0,-0.11697570295128906,-0.9926960452596609,-0.029516887452454375,21.352176145876044,0.11435894745100833,0.01605948960108613,-0.993309681786929,18.620059397574366,0.9865286189751159,-0.11956861845643946,0.1116451047895472,14.94524895543318,115.79216513096344,96.99434286346408,83.08964553308402,30.370235730286215,10.179945292600634,218257.0,933195.177709496, 0.0, 0.0,0.0,NaN, 123.30331984691533,123.30331984691533,1.9073486328125E-6, 228.15570618059502, 27.23111928586758, -13.208407376789486, 27.23111928586758, 452.56250250692347, 4.84653859820291, -13.208407376789486, 4.84653859820291, 345.26429578607383, 2.9658300265968656, 3.2509085200829233, 16.0, 0.0
6, 0 ,0.3333333432674408,0.3333333432674408,0.3333333432674408,92.52157257245051,176.25980063406902,265.0694833963338,16.299980338508952,15.034217650230966,20.07834330463054,82.0,76.0,84.0,0.02397763799141245,0.22570944749063981,0.9738995421447855,20.32848433123854,0.998353314103456,0.04537555091546789,-0.03509586297221179,16.30153328913208,-0.05211269610180668,0.973137351401429,-0.2242497763932281,14.692503750784098,91.92068762811351,82.51653204604402,74.53167836362849,28.55940885448253,8.900398593968147,196824.0,565321.0189332395, 0.0, 0.0,0.0,NaN, 158.40460637430522,158.40460637430522,1.9073486328125E-6, 265.68935903577847, 3.3273705773064592, 2.8617646907855665, 3.3273705773064592, 226.02770035451633, 43.30779765947518, 2.8617646907855665, 43.30779765947518, 403.1398698586021, 2.5284155240907085, 2.871322924042972, 18.0, 0.0
7, 0 ,0.3333333432674408,0.3333333432674408,0.3333333432674408,240.13975472977137,224.69738090836262,283.96217415418744,13.77410941260977,17.967942802438227,9.860426662065466,71.0,82.0,44.0,-0.47801614072454957,-0.8700453595066436,0.12050577416772665,19.580368097898468,0.8568824220286487,-0.49207044127161725,-0.15368537876152435,11.593780760080127,0.19301058008597624,0.02979518799590449,0.9807441882301234,9.591376619558002,97.93448033209893,60.42026011908217,48.590784563853106,23.092008270822387,8.74987009277776,81135.0,287522.6915022945, 0.0, 0.0,0.0,NaN, 97.52407530314129,97.52407530314129,0.0, 189.72609011054504, 103.30370860763047, -22.371973781159152, 103.30370860763047, 322.8469685516917, -27.343522992447312, -22.371973781159152, -27.343522992447312, 97.22801395797151, 2.9133381334538013, 3.3144944159679985, 11.0, 0.0
8, 0 ,0.3333333432674408,0.3333333432674408,0.3333333432674408,214.22785593697242,260.4309932470456,287.4021665728756,21.248194218101272,12.278088467411063,7.659976140507251,107.0,73.0,38.0,-0.9719909845566397,-0.23438141572875615,0.01728808553884442,21.686053139250085,0.228586225952554,-0.9599203013902529,-0.1621769166176699,11.580895622778842,0.054606439596281905,-0.1536826826282996,0.9866102420990711,7.517340236598879,111.73762206660942,69.08573507490428,43.59794996025454,23.781722778030655,9.76432845236896,71080.0,336553.3177292052, 0.0, 0.0,0.0,NaN, 95.29571028982198,95.29571028982198,0.0, 451.4857575301523, 77.23588398101933, -9.830001263566421, 77.23588398101933, 150.75145641357253, 10.404960988181843, -9.830001263566421, 10.404960988181843, 58.67523447314035, 3.32849819373526, 3.386387854844243, 7.0, 0.0
9, 0 ,0.3333333432674408,0.3333333432674408,0.3333333432674408,136.26560040156062,12.250861301877752,11.18271007780237,18.09984523899706,8.305741817819206,7.499457885291003,82.0,35.0,32.0,-0.9993264226304611,0.025248022198902775,0.026631530328709716,18.1100302315124,-0.011222359195638507,-0.9011951618866271,0.43326820659519866,8.523445581315706,0.03493937158406446,0.43267749833701685,0.9008714795941382,7.225599894072828,82.20416441833586,45.428857995469585,35.10198362349054,19.669454046883327,8.120602864978206,43829.0,131086.2977765987, 0.0, 0.0,0.0,NaN, 137.27144808779363,137.27144808779363,0.0, 327.60439767564446, -6.751084360016424, -7.438452349259572, -6.751084360016424, 68.98534714427069, -7.7954983528130155, -7.438452349259572, -7.7954983528130155, 56.241868573253406, 3.414033932712534, 3.597921349952989, 4.0, 0.0
10, 0 ,0.3333333432674408,0.3333333432674408,0.3333333432674408,113.56116303219108,85.15732502596055,116.93944755970924,18.258207431908264,14.89296518052707,12.266571052471505,89.0,75.0,61.0,-0.8423174432992674,-0.5278292318483337,0.10907624269373628,20.417587212457086,0.2924099357922972,-0.6175238234530903,-0.7301785787859169,13.44662974585036,0.45276677678881194,-0.5831471765123057,0.6744935999414645,10.389494539198473,99.91671267810099,67.78995169344095,63.4842146918042,25.153038915806565,8.541425477065578,120375.0,430000.75008583994, 1.4210854715202004E-14, 0.0,1.4210854715202004E-14,74.59410671336991, 183.90960320323393,183.90960320323393,0.0, 333.36213862659014, 124.19480535407091, -43.94271802831442, 124.19480535407091, 221.8004118683917, 15.070809903337333, -43.94271802831442, 15.070809903337333, 150.4687653853319, 2.4330782317174435, 2.56969155240579, 19.0, 0.0
11, 0 ,0.3333333432674408,0.3333333432674408,0.3333333432674408,268.8520353458794,280.8362110400414,115.78277627833032,17.758631186111998,12.471434310041413,14.991804623726951,70.0,55.0,77.0,-0.9155600225116896,0.02722912590765964,0.4012585449316927,18.360605218249148,-0.3998308395311236,0.046084765313986926,-0.9154296773459945,14.256507127871501,0.043418255817471156,0.9985663568878433,0.031306324496961586,12.461943739344184,82.50030788603229,74.23770116609543,57.43140251970698,25.00049814414877,8.404460349988334,108188.0,351746.27476442093, 0.0, 0.0,0.0,NaN, 121.42115874967618,121.42115874967618,0.0, 315.3689816043496, -5.416043680177238, -49.24356968736358, -5.416043680177238, 155.53667374967816, -0.03633678733344086, -49.24356968736358, -0.03633678733344086, 224.75420587600078, 2.3379708617654584, 2.6283849748393355, 6.0, 0.0
12, 0 ,0.3333333432674408,0.3333333432674408,0.3333333432674408,96.25244345482245,280.5136470174616,161.21115668580805,19.842618534840582,13.032007495421276,18.778995355846018,110.0,56.0,101.0,0.9193227828018077,0.1039363618379839,-0.3795297797399094,20.14387862589892,-0.3755790362776783,-0.05602399104511391,-0.9250955085482295,18.540301135187896,-0.11741383449266503,0.9930048061894066,-0.012467812737939607,12.911033420156759,97.37243519843332,108.71485774334698,61.957941275132924,28.60226094881072,9.905759176910607,170660.0,655876.2607947032, 0.0, 0.0,2.8421709430404007E-14,67.69544082155319, 170.01939257647993,170.01939257647993,0.0, 393.729510319199, 26.569794088794804, -21.903164492781105, 26.569794088794804, 169.8332193607163, -0.25505557202364404, -21.903164492781105, -0.25505557202364404, 352.6506665748863, 3.5786865635323286, 3.8448437288104245, 18.0, 0.0
13, 0 ,0.3333333432674408,0.3333333432674408,0.3333333432674408,246.35190367005276,79.33479995614432,156.59562205940537,17.595751608753652,22.268914118364975,15.79192872612967,98.0,111.0,77.0,0.4067214209090074,0.835853061950692,0.36868325782629613,24.440740727343204,-0.8103805142555441,0.5164089273965276,-0.27677651963287725,16.43956219877054,-0.4217358271343312,-0.18620278873534957,0.8873936069064844,13.6854306103525,134.06632866491145,84.43103348740493,71.82162599640287,30.651273880830935,10.742412813777834,209779.0,812974.7459961189, -2.8421709430404007E-14, 0.0,0.0,66.00095470090717, 172.44403247557636,172.44403247557636,0.0, 309.61047467695676, 104.68214834486578, 80.09817469017719, 104.68214834486578, 495.904536011115, 114.5071483812968, 80.09817469017719, 114.5071483812968, 249.38501289115948, 2.796141480982319, 3.1138455420377933, 14.0, 0.0
14, 0 ,0.3333333432674408,0.3333333432674408,0.3333333432674408,16.478208892860874,140.00605856613936,191.17724207569725,10.01206623391616,14.442847307993192,14.516445650701863,38.0,65.0,63.0,0.028886580099342946,0.7016049857110145,0.7119803434896298,16.590778080136147,-0.08154625677993885,-0.7082493208393348,0.7012368412567903,12.021350529453443,-0.9962508587174941,0.07831566609604894,-0.03675435958614503,9.989880735413948,67.6208119620515,48.52819513658001,39.02916189158567,21.797062008581367,6.667277612203705,86159.0,128074.81758195769, 0.0, 0.0,0.0,NaN, 178.08879932717105,178.08879932717105,NaN, 100.24147027232412, 6.138492495942763, 1.0515938206933861, 6.138492495942763, 208.59583836200622, 65.43764992208006, 1.0515938206933861, 65.43764992208006, 210.727194329781, 2.0771309631609993, 2.50711354589134, 5.0, 0.0
15, 0 ,0.3333333432674408,0.3333333432674408,0.3333333432674408,281.88663205236026,140.6983436323083,251.88549855570588,11.518426024939536,16.851951669549067,14.275009439636065,50.0,66.0,69.0,0.17976872454744253,-0.8911445725898764,0.4165867933794732,17.778161741582476,0.27567415997553746,-0.360878955810346,-0.8909377850192551,13.513063030059,-0.9442917786343199,-0.27500496358582405,-0.1807907818634348,11.035053253261022,77.721318840915,64.13460489421084,52.63991332630491,23.77122376583171,7.44091582678456,109396.0,262390.28458989115, 0.0, 0.0,0.0,NaN, 149.79694005057203,149.79694005057203,0.0, 132.6741380920044, -37.1770644472571, -0.39019751098897554, -37.1770644472571, 283.98827507281754, -52.57001670684209, -0.39019751098897554, -52.57001670684209, 203.7758945016988, 2.2946579218436005, 2.7277862102448456, 6.0, 0.0
16, 0 ,0.3333333432674408,0.3333333432674408,0.3333333432674408,21.70611841550272,57.67480928909724,286.97906699285363,13.529815169642715,21.22795559677058,7.015183282212324,53.0,92.0,27.0,-0.18363495196233495,0.9825204041265956,-0.03052638027514354,21.462692444017133,0.9822792090250945,0.18459730429449417,0.03242515634875221,13.173836882881963,-0.037493465228304185,0.024031036642592873,0.999007882522984,6.9783700577525725,93.84993821634455,60.183079467287754,29.04478914802928,24.453424087245466,9.215467662333765,82979.0,164050.147494067, 0.0, -7.105427357601002E-15,0.0,10.728474388351882, 62.98479101797638,62.98479101797638,0.0, 183.05589852469413, -51.687042512877895, 6.285885919180736, -51.687042512877895, 450.6260988184634, -11.608200343035486, 6.285885919180736, -11.608200343035486, 49.212796483031276, 2.8217847457031655, 3.6220577782166896, 7.0, 0.0
17, 0 ,0.3333333432674408,0.3333333432674408,0.3333333432674408,253.5677378539718,13.681718705747777,68.22673321587912,27.57051536696893,9.173668910263409,28.492697280803245,113.0,40.0,131.0,-0.671146549112454,-0.022550427244795827,0.7409816379948441,32.30321922236485,-0.7395430636232654,-0.04888950181436031,-0.6713314186443673,23.02232003701636,-0.051365033448441975,0.9985495955852273,-0.016135008379905124,9.088351071340144,152.46939726556525,118.6515879039043,42.55080538824481,38.15630725352515,14.149895193439184,271879.0,769775.3907940014, 0.0, 1.7763568394002505E-15,0.0,88.70784616214735, 83.65423790849711,83.65423790849711,0.0, 760.1333176002698, 30.72007263325051, -255.72355581810623, 30.72007263325051, 84.15620127513343, -1.371013825624323, -255.72355581810623, -1.371013825624323, 811.8337983354927, 3.827678700730584, 3.7435264605471628, 10.0, 0.0
18, 0 ,0.3333333432674408,0.3333333432674408,0.3333333432674408,275.3678594175207,67.53457240460888,271.38097388686236,14.72776954619055,18.28966692761652,14.936323004388681,57.0,79.0,62.0,0.07087714630529479,0.9824216085827292,0.17269688219924503,18.40114600559388,0.5057163991748365,-0.18462302503952718,0.8427130367040085,14.878738062852957,-0.8597833178989084,-0.027606550218673725,0.5099122715210614,14.646973624544579,82.37197594510448,71.75479038571694,72.46104773370843,26.742973939502807,7.702350413442681,172710.0,428287.0997641267, 0.0, 0.0,0.0,NaN, 77.37382939478204,77.37382939478204,0.0, 216.90719580569777, 8.000121657217182, 4.434940571165451, 8.000121657217182, 334.5119163231495, 19.984912309197593, 4.434940571165451, 19.984912309197593, 223.09374489143053, 2.7784540853041158, 3.184808198383413, 10.0, 0.0
19, 0 ,0.3333333432674408,0.3333333432674408,0.3333333432674408,160.51941752007528,16.45108392790258,98.38199208865096,16.93851040769223,9.147531488355906,18.935064050155148,79.0,38.0,88.0,0.594020740138537,0.08862157236386857,0.7995533610691785,21.072856301272054,-0.78601395948323,-0.14762403564531862,0.600324245385179,14.390020647547118,-0.1712349724289979,0.9850651557189224,0.018033945926915984,8.831146630791777,92.53204943062909,68.26029082982427,44.156608635820746,25.456898714586984,9.004078274904117,109463.0,278904.8242127398, 0.0, 0.0,0.0,NaN, 171.47736707412253,171.47736707412253,0.0, 286.91313483149804, 34.249515554217545, 112.9585437619634, 34.249515554217545, 83.67733233046282, 14.49962431724738, 112.9585437619634, 14.49962431724738, 358.53665058347786, 2.835417095752026, 3.147538085284866, 9.0, 0.0
20, 0 ,0.3333333432674408,0.3333333432674408,0.3333333432674408,65.86489493969911,268.7455302747731,251.45800696257615,21.706127107523535,16.030532291129564,13.006444843471408,99.0,68.0,70.0,0.9533515789539946,0.07308868486203399,0.29288019914474195,22.396057523950404,-0.16485584081826926,0.9388385488099612,0.30233215346123393,16.51383917880047,-0.25287016165223414,-0.33651184735985745,0.9070923094880854,11.091043682710795,103.45675105965587,78.09357310877186,62.90513455062455,28.35951672156849,9.645690142768226,160860.0,508229.9160831798, 0.0, 0.0,0.0,NaN, 87.586250925976,87.586250925976,0.0, 471.1559540079681, 3.2097638285566563, 98.24306766951177, 3.2097638285566563, 256.9779655369477, 50.59357240461335, 98.24306766951177, 50.59357240461335, 169.16760746626397, 2.9682490545999243, 3.0945027248998263, 14.0, 0.0
21, 0 ,0.3333333432674408,0.3333333432674408,0.3333333432674408,215.76378209704066,45.27136573460328,280.66506903795556,20.69390167474794,16.66751498565162,11.940332422292748,87.0,88.0,48.0,-0.8556806473272944,-0.5024508975147147,0.12391015041634051,22.601754319831795,0.5168192802285212,-0.8420057971565355,0.15467407390658935,14.233208338151364,0.026616937720474028,0.19639076643632117,0.9801643767679677,11.627194104540264,102.80998020377181,67.55427124103215,56.85554599024056,27.502604565381237,9.603223562752467,147093.0,394876.1677849458, -2.8421709430404007E-14, 0.0,0.0,31.16498869745962, 97.56575483938042,97.56575483938042,0.0, 428.2375665241356, 132.17813814263326, -34.44172401954826, 132.17813814263326, 277.8060557969214, -32.164330700435514, -34.44172401954826, -32.164330700435514, 142.5715383548554, 2.9710645309774195, 3.1639745714728806, 9.0, 0.0
22, 0 ,0.3333333432674408,0.3333333432674408,0.3333333432674408,213.7247282401022,25.457306310797975,163.46289981549077,24.13521341369923,15.458869395386522,20.637704510671583,111.0,67.0,96.0,-0.9414578316041562,0.19929062870906655,0.27191983491453053,24.846703987125746,-0.23321065140213593,0.19747259736364173,-0.952164568424518,20.367122103264414,0.24345419155108425,0.9598373917488326,0.13943542597563197,14.670434730609966,114.20276389366302,101.56367966863607,73.18193733983645,33.68653423285041,10.612135899850102,274783.0,848826.5282910509, 0.0, 3.552713678800501E-15,0.0,78.50451999551278, 163.50497450732416,163.50497450732416,0.0, 582.5085265248073, -84.64247915864878, -58.62578928811675, -84.64247915864878, 238.97664298361806, -15.737458251838895, -58.62578928811675, -15.737458251838895, 425.91484746979415, 2.4375970082226788, 2.865219121953634, 16.0, 0.0
23, 0 ,0.3333333432674408,0.3333333432674408,0.3333333432674408,16.085272640721413,272.51958468433673,270.5545595803731,10.26353415266514,16.266803190703328,16.591720425138504,41.0,66.0,67.0,0.19983160404954264,0.36442924005486893,0.9095376072576755,16.793044641856074,0.08111981071659392,0.9189204819043845,-0.38601130067126005,16.321708074832813,0.9764665413276024,-0.15091877593475447,-0.15406692292008858,9.840208493244653,81.15828037410614,82.35483138375768,44.672443180501624,24.224171346765555,7.643541625220826,111337.0,298580.6257310974, 0.0, 0.0,0.0,NaN, 43.369841864520076,43.369841864520076,0.0, 105.3401333029237, 26.125475475420693, 28.34693777759323, 26.125475475420693, 264.608886045076, 1.2307883527936816, 28.34693777759323, 1.2307883527936816, 275.28518666595824, 2.730786697596663, 3.0592103044586043, 4.0, 0.0
24, 0 ,0.3333333432674408,0.3333333432674408,0.3333333432674408,51.0743917845063,9.622295122050613,280.36992134968824,16.67116234246659,6.391886917031311,11.279166228606144,69.0,26.0,44.0,-0.9986604157932933,0.04114162026067631,0.03138058332619837,16.686679645751166,-0.037122804132725874,-0.14720412523447318,-0.988409248705857,11.360941569295829,0.036045406654516214,0.9882501265349173,-0.14853422522378712,6.203804645589775,69.6014101422798,47.505502402410485,28.706810417452566,19.881157268498526,7.123415521132939,49078.0,94917.63206250544, 7.105427357601002E-15, 0.0,0.0,2.965999904232682, 55.556476196664136,55.556476196664136,NaN, 277.9276538488761, -9.364032753791994, -4.1961893892927735, -9.364032753791994, 40.85621836011604, 13.489551979687539, -4.1961893892927735, 13.489551979687539, 127.21959081252933, 3.121269288500119, 3.524821919222388, 5.0, 0.0
25, 0 ,0.3333333432674408,0.3333333432674408,0.3333333432674408,80.26639286220082,278.58085257045747,10.58427984704716,10.633426139084056,12.410971678144183,7.027353591044073,60.0,48.0,28.0,-0.5335095734652916,-0.8442033425467881,-0.05184835053994377,13.52015476530419,0.822143232685414,-0.5032205986267541,-0.266175757850538,9.360471454110215,0.19861530648582834,-0.1846340855599572,0.9625290720175568,6.787684231284131,64.02263433777327,43.69011500062422,31.636572260119877,16.845781491307743,5.7188559950135645,35305.0,88492.43604300501, 0.0, 0.0,0.0,NaN, 83.7466457811789,83.7466457811789,0.0, 113.06975145535606, 44.38997540220476, -5.309705479719004, 44.38997540220476, 154.03221799569704, 11.549247222110315, -5.309705479719004, 11.549247222110315, 49.383698493560026, 2.754134863864057, 2.5555852138356054, 4.0, 0.0
26, 0 ,0.3333333432674408,0.3333333432674408,0.3333333432674408,45.44216568976977,273.5313795395492,17.992301649646503,11.926298679990166,16.44924948455424,11.079727492341359,64.0,62.0,44.0,-0.1616038027045045,0.9862355915127533,0.03497955095384892,16.569138018610957,-0.8213164609144104,-0.11476053010666983,-0.5588106045527984,12.317568815312022,-0.5471046353143716,-0.1190351996811259,0.8285572637147076,10.455426051302835,66.02638148265873,70.9652031485607,57.702030486713184,22.046997566533644,7.0359554017404005,82745.0,270367.2246811366, 0.0, 0.0,0.0,NaN, 55.581482620633246,55.581482620633246,0.0, 142.2366002043352, -22.3357131332828, 18.528970445888415, -22.3357131332828, 270.577808605108, 8.419294081414817, 18.528970445888415, 8.419294081414817, 122.76036130454494, 3.3095775847096727, 3.3188105511580206, 5.0, 0.0
27, 0 ,0.3333333432674408,0.3333333432674408,0.3333333432674408,17.677653343456804,244.88978523781117,20.731154075600628,10.201959750812728,14.128177126106682,12.389262213162151,43.0,65.0,47.0,0.19519380173979703,-0.9666737881562625,0.16565375653448453,14.258721935097954,0.3455983830002411,0.2258624497889052,0.9107952082894227,12.750208567116838,-0.917856817499322,-0.120531908916169,0.3781678483200823,9.555114867070484,68.00853485905165,63.251802026033154,49.10939754373683,20.46223015606757,6.202928896133686,73756.0,211252.0480649639, 0.0, 0.0,0.0,NaN, 61.476954610425345,61.476954610425345,6.743495761743046E-7, 104.0799827572029, -15.572215900686285, 26.054682848139535, -15.572215900686285, 199.60538890664407, -3.2758887211811487, 26.054682848139535, -3.2758887211811487, 153.49381818648752, 2.4147061613405585, 2.8111666952151646, 5.0, 0.0
28, 0 ,0.3333333432674408,0.3333333432674408,0.3333333432674408,256.47633893410347,230.01604751903386,26.501761179662203,17.63372280548379,11.8961273752822,13.097725139473647,79.0,64.0,57.0,-0.9805018038855294,0.14738371870287792,0.12997789057579803,17.87532461182205,0.01584007382026715,-0.600001941648337,0.7998417106400457,14.416878404209564,0.19587063240463506,0.7863050994871759,0.585968417136855,9.830707880870142,81.08274925570669,64.60529279027406,53.10623911387657,23.621624825224586,8.12620889192278,91416.0,278190.38235520205, 0.0, 0.0,0.0,NaN, 86.57023751302185,86.57023751302185,9.5367431640625E-7, 310.9481799806391, -33.265913945220916, -26.996282823228793, -33.265913945220916, 141.51784652893855, -49.097609648754165, -26.996282823228793, -49.097609648754165, 171.55040382919998, 2.9476517675716862, 3.2464987108247443, 8.0, 0.0
29, 0 ,0.3333333432674408,0.3333333432674408,0.3333333432674408,7.315215355805243,26.110416666666666,23.620950374531834,4.652340511857075,16.437060873061935,14.336751385697898,18.0,66.0,60.0,-0.027696500899157206,-0.9184467012584141,0.39457389774981433,16.87435288476536,0.05314443958163808,-0.3955199960027361,-0.916918535805417,13.84413547305701,-0.9982026709939701,0.004426026381932141,-0.05976485514890699,4.578188550330384,75.86055890564069,57.414457044924276,18.26867186783414,20.891710524479752,7.803852512678467,42720.0,79569.06879855343, 0.0, 0.0,0.0,NaN, 35.961306021957114,35.961306021957114,0.0, 21.644272238266545, 3.1220067688826503, -11.20078927302075, 3.1220067688826503, 270.1769701447436, -33.687921884753486, -11.20078927302075, -33.687921884753486, 205.5424402953106, 3.733570263581525, 3.410165446710927, 5.0, 0.0
30, 0 ,0.3333333432674408,0.3333333432674408,0.3333333432674408,108.42826230319018,259.4640075014426,34.7265682961009,20.660513021401943,19.694540632808334,20.40851378658229,111.0,88.0,87.0,-0.7106994159952621,-0.08718038922145623,0.6980730046629711,24.917031610424974,0.14152110089703673,-0.9897234298514105,0.02047707020183552,19.703828499438377,0.6891140095114041,0.11334510196014437,0.7157337282514781,14.90435648432296,124.55755751902339,95.99283250375143,79.32054618396131,33.37360928108338,10.837036844796055,291144.0,948406.6407269624, 0.0, 0.0,0.0,NaN, 120.85441365360336,120.85441365360336,1.9073486328125E-6, 426.8567983075193, 1.4389984360837265, -197.33096300994654, 1.4389984360837265, 387.87493073733845, -27.631636890422698, -197.33096300994654, -27.631636890422698, 416.50743497711943, 3.5190627222651276, 3.6429619897742747, 10.0, 0.0
32, 0 ,0.3333333432674408,0.3333333432674408,0.3333333432674408,36.735492141576685,206.3570996789928,58.23010380622837,13.332170087228487,12.111980164712444,15.20799491285022,63.0,64.0,77.0,0.5035768816242984,0.08988869968553208,0.8592615119754822,16.163872256043124,-0.7018945687281783,0.6224680278576393,0.34623340203525355,12.406307889182534,-0.5037403484767047,-0.7774661252838381,0.37655289847869033,11.855070234443259,86.17956685398305,58.457183818890556,64.03383678749933,22.509434808483803,7.003947216898576,95948.0,322590.60945320805, 0.0, 0.0,7.105427357601002E-15,30.766233653870735, 116.22923105956636,116.22923105956636,0.0, 177.74675923479003, -0.3782378710013916, 48.989461004901244, -0.3782378710013916, 146.70006351038768, 12.207090854287436, 48.989461004901244, 12.207090854287436, 231.28310926927819, 3.45997982897809, 3.4388957429880285, 10.0, 0.0
33, 0 ,0.3333333432674408,0.3333333432674408,0.3333333432674408,197.69701158708955,207.7380479015874,58.13502221117704,13.954522253635716,9.533034257873135,14.045892184519722,65.0,50.0,66.0,-0.523436767905541,0.36018860440855316,-0.7721904682517264,14.634227029506384,-0.8206601334807488,0.030659426180176204,0.5705935023303919,14.013119869821791,-0.22919619394737156,-0.9323755513957459,-0.2795441572265775,8.506843804315437,72.55778876175735,71.81328147091025,39.21916999589939,20.778941850954496,7.150531190254973,64382.0,204355.91339245863, 0.0, 0.0,0.0,NaN, 149.52541606936234,149.52541606936234,0.0, 194.72869132721442, -29.853295945819177, -0.7529763245410159, -29.853295945819177, 90.8787421617828, -37.26853546656673, -0.7529763245410159, -37.26853546656673, 197.28708725915223, 1.8836391281330414, 2.3517914166552254, 10.0, 0.0
34, 0 ,0.3333333432674408,0.3333333432674408,0.3333333432674408,255.34244442120186,210.41788399632767,68.09860079722019,19.777034416511427,15.768130190930506,17.44825548758922,93.0,78.0,85.0,-0.6778711769522588,0.5336976908186584,0.5056257927283679,23.29737977703794,0.6901552866717713,0.2249673504778882,0.6878047480920465,16.77394538378263,-0.2533305108674516,-0.8152033280315958,0.5208331654472913,10.957805043736624,108.98571755740822,84.60603722048177,59.787709171669064,29.016361847152574,10.112239353638703,172098.0,551293.4787541119, 0.0, 0.0,0.0,NaN, 121.06474387082312,121.06474387082312,1.3486991523486091E-6, 391.1310903118775, -127.87911292077496, -68.3142333983161, -127.87911292077496, 248.6339297181341, 139.02189988532814, -68.3142333983161, 139.02189988532814, 304.4416195601873, 2.434682888223401, 2.7925016023599007, 12.0, 0.0
35, 0 ,0.3333333432674408,0.3333333432674408,0.3333333432674408,115.5875190095744,211.49625163321696,166.51747809882838,12.063443986586126,14.304901218009075,12.879005193490086,60.0,65.0,58.0,0.332410538989041,-0.7725062573990056,0.5410520454155934,15.710657842350644,-0.5991846386008921,-0.6160007843286217,-0.5113910466279608,11.966551325013368,0.7283412678365365,-0.15419830085284572,-0.6676390353928998,11.22508503285611,74.05364007976364,57.88725107241089,54.04622459532061,21.815640546654947,6.332731005465105,93374.0,231683.2832534445, 0.0, 0.0,0.0,NaN, 197.5119532556355,197.5119532556355,0.0, 145.52668081750096, -24.678902781787524, 26.999150394932123, -24.678902781787524, 204.6301988569975, -45.08261810209909, 26.999150394932123, -45.08261810209909, 165.86877477394458, 3.0591915552826823, 3.065160370965542, 10.0, 0.0
36, 0 ,0.3333333432674408,0.3333333432674408,0.3333333432674408,9.156173324757617,17.57907525191167,196.38957574025108,5.991808028099805,10.251319474040546,16.54973935175898,25.0,42.0,78.0,0.04157907921622158,0.10125371405255204,0.9939913810300848,16.617413860029604,0.09931454272165566,-0.9903435579341051,0.09672775642185406,10.195301676463576,-0.9941870054348525,-0.09469594842959804,0.05123353955661539,5.899370080440714,79.51289127048932,46.357370574601475,27.35878982368784,19.05648486433146,7.192744374097542,41979.0,100844.733647807, 0.0, 0.0,0.0,NaN, 105.48923837032169,105.48923837032169,NaN, 35.901763445601276, -5.784425959444715, 10.638436871933797, -5.784425959444715, 105.08955095884292, 17.665994981544063, 10.638436871933797, 17.665994981544063, 273.8938726111598, 2.9678199143932127, 3.653198312609858, 7.0, 0.0
37, 0 ,0.3333333432674408,0.3333333432674408,0.3333333432674408,64.59385107579806,98.05511707214175,220.71916748699198,12.050388840405176,13.549703343693174,17.519462739165416,55.0,71.0,88.0,0.24021300940396498,0.3169418627991565,0.9175214252095104,18.152790201898167,-0.4574371463215528,-0.7967118315644447,0.39497027053997646,13.697232354772595,-0.8561827884735158,0.5145853797482287,0.046399565419156893,10.890359970235034,84.58491725769682,70.77555714479988,54.00361774571613,24.02947891502132,7.636887431971549,113776.0,323295.0686240994, 0.0, 0.0,0.0,NaN, 141.67788107107415,141.67788107107415,0.0, 145.2118712049616, 41.210316410347176, 34.01865709441236, 41.210316410347176, 183.59446070208998, 39.61963068388036, 34.01865709441236, 39.61963068388036, 306.93157466900533, 2.5809747302157415, 3.0076345691167328, 8.0, 0.0
38, 0 ,0.3333333432674408,0.3333333432674408,0.3333333432674408,96.65956542527759,289.09206821441853,233.05394995484247,12.28196226160354,6.903446262662338,11.053848852197698,58.0,28.0,52.0,-0.9463976577693108,0.10861115196669355,0.30419581035449983,12.438607004217836,0.31629416768388957,0.12066011713278811,0.9409565003881198,10.986565395547373,0.06549406734902471,0.986734388679127,-0.14854552615313474,6.728163073836458,60.518475180058886,50.65619341240864,30.358405424178386,17.0515798275079,5.471322246979466,37646.0,93067.80793412196, 0.0, 0.0,0.0,NaN, 118.08398782515414,118.08398782515414,1.9073486328125E-6, 150.84659699545358, -8.371408748977615, -9.058481043901834, -8.371408748977615, 47.657570301466606, 12.180895963887698, -9.058481043901834, 12.180895963887698, 122.18757444723236, 2.791455527339555, 2.7741196593785626, 7.0, 0.0
39, 0 ,0.3333333432674408,0.3333333432674408,0.3333333432674408,249.28940943430993,286.76726322093236,268.9074534733739,17.44333502143012,8.343473392960776,14.885870517214505,81.0,36.0,62.0,0.8739804976683603,0.04768952171987148,0.483615342202349,18.46896176416893,-0.4852285883654271,0.031021613414693255,0.873836870665254,13.619392478514888,-0.026670334235999214,0.9983803729136902,-0.050252604434604706,8.299531664739215,88.45185208699627,68.4716502113516,38.43916198870039,23.106792842679013,7.845301173932892,86832.0,232804.6426255721, -2.8421709430404007E-14, 0.0,0.0,29.07545345729844, 60.937802452136005,60.937802452136005,0.0, 304.26993666985044, 9.590849862469861, 65.61744165991921, 9.590849862469861, 69.61354825904442, 9.439247365526814, 65.61744165991921, 9.439247365526814, 221.589141055276, 2.5707550674796336, 2.9326569156216524, 4.0, 0.0
40, 0 ,0.3333333432674408,0.3333333432674408,0.3333333432674408,217.14653127219427,13.64820103661393,263.24810734847455,16.467101181244402,9.243899033759305,14.064018845991958,76.0,40.0,65.0,-0.7881881518693438,-0.2501898940171063,0.5622850293085324,19.040489066279694,-0.5943041837510157,0.07206702624011177,-0.8010049194012147,11.191483210678959,-0.15988112593057074,0.965510932439719,0.20549127696950265,8.16224211978965,94.90644370160186,58.35239904966022,39.645065258647634,21.95922864893528,8.497293328105517,66177.0,219555.11178429137, -2.8421709430404007E-14, 0.0,0.0,37.9834876027121, 91.66063650899748,91.66063650899748,0.0, 271.1654213133408, 55.84307832854248, -103.23796631697013, 55.84307832854248, 85.44966934633624, -45.013476174805604, -103.23796631697013, -45.013476174805604, 197.79662610041697, 2.621203580691397, 2.798707247225753, 8.0, 0.0
42, 0 ,0.3333333432674408,0.3333333432674408,0.3333333432674408,43.253080692394676,41.04763837745368,116.63492707819884,14.817813142869019,12.164255536810531,8.56734745060192,75.0,60.0,39.0,-0.9887681705159131,-0.0871863845985859,0.1213920891789937,14.919662689004898,-0.07006745331644643,0.9878424044877971,0.13877296524004618,12.194991717985111,0.13201536637967914,-0.12870865641593388,0.9828560549761313,8.343978888140386,75.26891656674219,59.75420673551872,37.62248095174361,20.08314687855403,6.1321572790965675,68978.0,169212.16459035038, 0.0, 0.0,0.0,NaN, 130.99406024811114,130.99406024811114,0.0, 219.56758633698183, 7.71281244519687, -19.130388268782365, 7.71281244519687, 147.96911276482567, 9.223877607658007, -19.130388268782365, 9.223877607658007, 73.39944233933521, 2.050478045124039, 2.2718992280338766, 8.0, 0.0
43, 0 ,0.3333333432674408,0.3333333432674408,0.3333333432674408,276.19388832936204,181.0475079220811,99.86134270063131,15.328718781428863,17.973266234594817,19.185674889898515,66.0,80.0,98.0,-0.30090488288498113,0.5109360778411932,0.8052332431142138,20.87009257454259,-0.33811086673290125,-0.8466735031510343,0.41088322046426096,16.902765399941437,-0.8917047119159472,0.14862134241828942,-0.42752123143147336,14.312015838630264,101.79601533363387,79.07546584209254,72.94048985203662,29.06183907371405,9.028153147471597,203545.0,587139.3843933899, 0.0, 0.0,0.0,NaN, 157.12642709103767,157.12642709103767,1.9073486328125E-6, 234.96961948012998, -12.322169054238307, -67.1395705602228, -12.322169054238307, 323.0382991396262, 66.79305222965539, -67.1395705602228, 66.79305222965539, 368.09012098088243, 2.325327124709905, 2.575540799468737, 10.0, 0.0
44, 0 ,0.3333333432674408,0.3333333432674408,0.3333333432674408,269.2873809581801,279.52824122561316,207.53255230533162,8.55603547456294,11.109021946903367,10.13698794435343,43.0,45.0,43.0,-0.15022021102997998,-0.9886178316909054,0.00828680040070877,11.164072779320971,-0.3702279275823171,0.04848006787743638,-0.927675031817016,10.426087428716032,0.9167143338228171,-0.14242354398543833,-0.37329661702514394,8.1261809079986,46.89132580257041,43.50453727219224,39.30591931214667,16.647165486532735,4.716621408032486,41057.0,80183.5027535745, 0.0, 0.0,0.0,NaN, 99.56197446259728,99.56197446259728,0.0, 73.20574304197946, 7.937118683269351, 14.581591819894049, 7.937118683269351, 123.41036861678067, -2.399054835911805, 14.581591819894049, -2.399054835911805, 102.75852458396679, 2.342616408398436, 2.5233443794732895, 3.0, 0.0
45, 0 ,0.3333333432674408,0.3333333432674408,0.3333333432674408,117.95605445933604,118.34207004948918,230.17641936237547,13.165084545428169,13.338690633817627,12.854138436089132,59.0,62.0,59.0,0.6765575149030916,-0.44174275998695045,0.5891801617733443,15.179772660695628,-0.24425166838269163,-0.8894146859358176,-0.38637111555337866,12.88326556391592,0.69470213150704,0.11749404427800564,-0.7096365957578382,10.957415946578164,69.22990338826804,58.154360748684894,55.846263556172886,21.850127315331545,6.24827417377737,94162.0,224838.21735241188, 0.0, 0.0,0.0,NaN, 181.09060919956866,181.09060919956866,0.0, 173.3194510882716, -23.008522696365983, 48.32422870501399, -23.008522696365983, 177.92066782469408, -12.945173930695182, 48.32422870501399, -12.945173930695182, 165.22887493414396, 2.2991801880728744, 2.534238018762943, 11.0, 0.0
46, 0 ,0.3333333432674408,0.3333333432674408,0.3333333432674408,100.53240745326848,178.51611704920307,29.852777144894947,17.365264464443843,19.267156021262835,15.679006702136817,90.0,91.0,69.0,0.5532069929905874,0.7809257594608914,0.2900292763097247,21.355897453514395,-0.6692980617910987,0.6239481556728735,-0.4033965834202102,15.447517198738046,-0.4959860153159473,0.02904577839979724,0.8678445801917295,14.963516250637147,96.26499318389463,76.22816301149976,78.42749828869174,28.929244925248224,9.039123314152501,201898.0,575509.1069605127, 0.0, 0.0,0.0,NaN, 160.4876539438959,160.4876539438959,1.9073486328125E-6, 301.5524099200761, 94.1527828217573, 41.22441668140307, 94.1527828217573, 371.2233011476847, 48.87919178580408, 41.22441668140307, 48.87919178580408, 245.83125116565125, 2.9165943470962428, 2.991377457203214, 13.0, 0.0
47, 0 ,0.3333333432674408,0.3333333432674408,0.3333333432674408,81.67641548810437,210.295104881529,66.84294464235447,13.448625299051251,12.42537961372867,16.018613665772456,68.0,64.0,79.0,-0.3830992242934792,-0.19233436059205747,0.9034613871557426,16.667221966751914,-0.915957279737527,-0.04733283333628574,-0.3984744214930101,12.823422925802985,-0.11940371033416063,0.9801872763018318,0.158036885993214,12.231725190251382,83.64204174403883,63.35731382147944,63.12148047186727,23.20264657619001,7.313600796693416,103021.0,334501.8762361259, 0.0, 0.0,0.0,NaN, 138.51348058460664,138.51348058460664,0.0, 180.86552243428133, 10.087531826818722, -38.95453934054747, 10.087531826818722, 154.39005854526403, -21.99400319368759, -38.95453934054747, -21.99400319368759, 256.5959837732721, 3.337521678714626, 3.5369019279621146, 10.0, 0.0
48, 0 ,0.3333333432674408,0.3333333432674408,0.3333333432674408,159.0922903722765,61.78292336081532,81.81193604090132,21.031845716444273,15.717966765763753,19.039582631770344,97.0,74.0,94.0,0.7710358022371098,-0.17051017156101664,0.6135389743633323,24.839320605114466,0.20629798991297785,-0.8446385309080713,-0.49399078074729363,16.028182431768286,0.6024491107358713,0.507456435075651,-0.6160706416263237,13.341822967356093,111.04640040156613,77.70792149736826,65.86682315462517,30.852050915751896,10.002483420312023,236276.0,568377.0000562441, 0.0, 0.0,0.0,NaN, 174.25643497529654,174.25643497529654,0.0, 442.33853424031537, -71.46128437423283, 199.62722376666062, -71.46128437423283, 247.05447924965387, -13.004675889477735, 199.62722376666062, -13.004675889477735, 362.50570679201087, 2.215359254831578, 2.591937949768965, 14.0, 0.0
