// Sample: .//bubblelabels.tif, Map: .//bubblelabels.tif, Thickness:(8.191250068658265):/afs/psi.ch/project/tipl/test/LabelValidation/Step4900//distmap.tif, Neighbors:(1.0):
//LACUNA_NUMBER, TRIANGLES, SCALE_X, SCALE_Y, SCALE_Z, POS_X, POS_Y, POS_Z , STD_X, STD_Y, STD_Z,PROJ_X, PROJ_Y, PROJ_Z, PCA1_X, PCA1_Y, PCA1_Z, PCA1_S, PCA2_X, PCA2_Y, PCA2_Z, PCA2_S, PCA3_X, PCA3_Y, PCA3_Z, PCA3_S,PROJ_PCA1, PROJ_PCA2, PROJ_PCA3,OBJ_RADIUS, OBJ_RADIUS_STD, VOLUME, VOLUME_BOX, Mask_Grad_X,Mask_Grad_Y,Mask_Grad_Z,Mask_Angle, Mask_Distance_Mean,Mask_Distance_COV, Mask_Distance_STD, SHAPET_XX, SHAPET_XY, SHAPET_XZ, SHAPET_YX, SHAPET_YY, SHAPET_YZ, SHAPET_ZX, SHAPET_ZY, SHAPET_ZZ, Thickness, Thickness_STD, Neighbors, Neighbors_STD
1, 0 ,1.0,1.0,1.0,91.164127095585,277.04120073729484,16.7560695163697,19.92522006637784,13.80713875849663,10.764876164349086,87.0,57.0,54.0,-0.9906328651484173,-0.1338480761031687,0.02704106157897609,20.032644341143936,0.11476041110228603,-0.9233741348183627,-0.36634717849612786,14.126910443228281,0.07400388186758797,-0.35981231172921224,0.9300852250179055,10.132008500488872,85.22882534516827,71.82539872992592,53.31437310875302,25.12316059317615,8.50651726814217,113930.0,326368.96592673747, 0.0, 0.0,0.0,NaN, 95.49225308014562,95.49225308014562,0.0, 397.0143946935861, 29.329733936744393, -12.074534748412095, 29.329733936744393, 190.63708069637985, 31.702027645836818, -12.074534748412095, 31.702027645836818, 115.88255883377111, 8.093025427016395, 6.12930330999392, 15.0, 0.0
2, 0 ,1.0,1.0,1.0,29.853554826853088,166.91712010378004,17.40863392310187,16.60636443224983,18.230684576333278,11.215296357038184,66.0,85.0,48.0,0.13564458581618372,0.982459809797622,0.12795807309887347,18.35413050214088,0.9901386901050445,-0.13898871469154692,0.017536007112750655,16.577592852407943,-0.03501315032702219,-0.12431757446480546,0.9916245357913271,11.055377916870023,82.96650548953315,71.81699479767501,52.994381597140645,25.86220765233104,8.065871775727683,138755.0,315761.9932153107, 0.0, 0.0,0.0,NaN, 137.49672066031323,137.49672066031323,0.0, 275.77133965669225, 7.605908835781107, 6.375211281160543, 7.605908835781107, 332.3578601217561, 26.61285928518452, 6.375211281160543, 26.61285928518452, 125.78287237619396, 7.849891172588883, 5.714053349438993, 16.0, 0.0
3, 0 ,1.0,1.0,1.0,134.71937455313065,188.80209219978892,18.654855129209082,17.84308557203448,14.001999961034029,11.519105593726282,79.0,66.0,48.0,-0.9613500365828208,0.2722028743214127,0.04137272499329174,18.16678158613771,-0.23702936780271322,-0.894677033877265,0.3786424221500096,13.974746408828274,0.14008278252967238,0.35420135553628423,0.9246178744622036,11.036122912040588,76.71223767399258,73.15506820200366,55.07548467387821,24.295526650689418,7.539819897372236,117484.0,309077.50545272644, 0.0, 0.0,0.0,NaN, 175.6766580938479,175.6766580938479,0.0, 318.37570273094497, -38.90541539499115, -14.878665020301055, -38.90541539499115, 196.05600290879696, -22.55311330386077, -14.878665020301055, -22.55311330386077, 132.6897936794161, 6.886883358936297, 5.081232247861536, 18.0, 0.0
4, 0 ,1.0,1.0,1.0,208.3952370424539,55.56853908380243,103.2672743660822,15.041631932440037,20.39513666872309,15.105662992744799,77.0,97.0,89.0,0.145761705689711,-0.9857874149637303,0.08352662841006016,20.53856483436186,0.6229517128212543,0.025866296307777252,-0.7818325256782191,15.338557271858487,-0.7685601399028519,-0.16599429874078342,-0.6178682740989895,14.604429490394496,101.74828961878443,86.0924805270777,82.81743833935747,28.053868410785554,9.130926161537108,176403.0,725461.1025266187, 0.0, 0.0,0.0,NaN, 148.8066701711183,148.8066701711183,0.0, 226.25069119099982, -29.61139047216737, -8.167177633473367, -29.61139047216737, 415.9615997358931, -17.615893611350863, -8.167177633473367, -17.615893611350863, 228.18105445037978, 6.047374621711727, 4.635843023230573, 41.0, 0.0
5, 0 ,1.0,1.0,1.0,147.90194627102403,65.90345306149423,174.18296930244853,17.949871302218504,15.968343544157902,14.511882997072048,100.0,86.0,75.0,-0.9504708507760479,0.17806504885129712,0.2547508590812623,18.371334605683376,0.03337061212263687,0.8733508541317717,-0.4859472068382177,16.50201397487288,-0.3090170934942216,-0.45337746300945536,-0.836036669030428,13.340098313366584,104.60211545954192,86.6426262850209,64.89629207846369,26.660553754553483,8.774707797513948,151315.0,588155.2247948085, 0.0, 0.0,0.0,NaN, 205.05651915931386,205.05651915931386,0.0, 322.1978797662074, -24.252753969709698, -40.16195542054323, -24.252753969709698, 254.98799554424934, -32.80842614057072, -40.16195542054323, -32.80842614057072, 210.5947481207088, 6.946983297750276, 4.825750404322584, 45.0, 0.0
6, 0 ,1.0,1.0,1.0,136.14525700059218,101.73430985098437,285.4118656563093,16.401680800333395,16.449923008307653,8.555326522720131,93.0,76.0,36.0,0.6993820735400079,0.7104580208876019,0.07819281148129742,19.065028016141152,0.7147478116154331,-0.6951029865288819,-0.07724897351795605,13.363115583072009,5.300960554261436E-4,-0.10991468816814068,0.9939408837164673,8.411929661073236,91.56036619864534,72.28317649050412,38.411342792941355,23.2250276280443,8.567777053717874,82743.0,254216.79551657263, 0.0, 0.0,0.0,NaN, 170.58198752577294,170.58198752577294,1.9073486328125E-6, 269.0151330760251, 91.88090025622705, 10.054890282885744, 91.88090025622705, 270.5999669792495, 22.050184965354305, 10.054890282885744, 22.050184965354305, 73.19361191035854, 6.906271505346182, 5.045974455079985, 15.0, 0.0
7, 0 ,1.0,1.0,1.0,137.593950737305,15.641132805756703,162.79357277195788,20.599509448196677,10.915957668917981,13.811094010829585,102.0,46.0,72.0,-0.985059186043987,0.17147848338925828,0.015922616772304984,20.832458670859182,0.00354930959759181,0.11265226771147449,-0.9936281341532365,13.846319182963402,0.17217956438479604,0.9787260067628636,0.11157778136474841,10.417886058235126,100.97822011098823,70.4076043627231,49.86452275818468,25.34394153134211,9.58795425351668,110063.0,354518.534859351, 0.0, 0.0,0.0,NaN, 194.94189900488618,194.94189900488618,0.0, 424.3397895063442, -54.942116185984624, -5.398112347005156, -54.942116185984624, 119.15813182960927, -8.422998306907783, -5.398112347005156, -8.422998306907783, 190.7463177759728, 6.580352280238333, 4.888201970641638, 25.0, 0.0
8, 0 ,1.0,1.0,1.0,25.664356834129524,140.97040964530072,87.06121056223424,14.815055527132452,13.611693288431002,14.206510503542642,59.0,69.0,67.0,-0.7045866906822448,0.511807717600329,0.49153886470775043,15.925457749733312,0.6299315905222286,0.1321944459047888,0.7653174633667137,13.882179772662901,-0.3267166763046812,-0.8488683576837269,0.4155462967561552,12.659142362677295,85.67160402305511,74.9762571752717,63.87619056279412,23.602874161375464,7.035150066621485,114294.0,410298.2481725712, 0.0, 0.0,0.0,NaN, 167.6632636919463,167.6632636919463,0.0, 219.48587027201782, -30.9659574884677, -16.68633384439731, -30.9659574884677, 185.27819417831762, 26.772586611033677, -16.68633384439731, 26.772586611033677, 201.82494068726743, 6.30904643259546, 4.450073063482553, 23.0, 0.0
9, 0 ,1.0,1.0,1.0,121.33520281476794,110.71650033075441,89.95531460017065,15.894851474625693,12.868254355508927,12.359469462232932,81.0,65.0,64.0,-0.9767465924961761,-0.18932269905533425,0.1006131684697017,16.046894438870392,0.11210896444426613,-0.8510253383619522,-0.5130179856078725,12.944256904136013,0.18275030543980908,-0.48980893120514696,0.852460871109829,12.080486373231462,84.40674143494533,73.38438545424671,62.854292306151635,22.874764514216633,6.909407164546088,104307.0,389328.08805357345, 1.4210854715202004E-14, 0.0,0.0,12.380155830469693, 187.27608900339223,187.27608900339223,0.0, 252.64630340041055, 18.56827712843349, -12.207058200124001, 18.56827712843349, 165.59197015807447, 7.3120750097464615, -12.207058200124001, 7.3120750097464615, 152.7564853878684, 5.767106477060503, 4.4563957575664706, 28.0, 0.0
10, 0 ,1.0,1.0,1.0,26.633259300388673,195.50106986633443,141.52821603174388,13.786608857926382,18.79241645392507,14.929789439926639,70.0,95.0,75.0,0.09613543592235038,-0.9391054961109274,0.3299073281002849,19.254797544156386,-0.5960574080186405,-0.3197589537097893,-0.7365254767273978,15.185027179812261,-0.7971659452749594,0.12583750910070585,0.590500954272904,12.837127162323556,101.4347266655046,83.43823538523208,72.64592764151416,26.34497525439561,8.48919263210805,147682.0,614841.3221251116, 3.552713678800501E-15, 0.0,0.0,84.48332536415424, 177.9314273341571,177.9314273341571,0.0, 190.07058380145415, -6.054086178203175, 35.416013518879744, -6.054086178203175, 353.15491617775376, -48.31364322079193, 35.416013518879744, -48.31364322079193, 222.89861272054497, 5.806475887776197, 4.436604453333461, 28.0, 0.0
11, 0 ,1.0,1.0,1.0,265.5266923962029,75.07392846869307,285.28696423434656,18.764319988268074,14.035792674262828,8.354725436902742,74.0,67.0,35.0,-0.9805481896774253,-0.19351956633771877,0.032793675682749934,18.94038415088343,-0.1927443551409019,0.9809207790406804,0.025377919685084672,13.811383941720878,0.0370791219103415,-0.01856347733281735,0.9991398981262193,8.331394815658115,81.51510308104119,72.20620425717158,36.805958711176004,23.43374529276186,8.352496590662865,83432.0,216636.05189396438, 0.0, 0.0,0.0,NaN, 83.91053029453369,83.91053029453369,NaN, 352.09970462211675, 31.95933648120883, -9.897042733602062, 31.95933648120883, 197.00347599489007, 1.1845335674866895, -9.897042733602062, 1.1845335674866895, 69.80143712602971, 5.690161808755477, 4.650420942000488, 13.0, 0.0
12, 0 ,1.0,1.0,1.0,229.23460172212907,53.85348262241041,25.73812839239535,17.975623505424785,16.72065557896203,15.228907702230531,82.0,89.0,63.0,0.7927543577510402,0.5799788923110067,0.18752336585191898,19.20576283431293,-0.5714122269234377,0.6000207259630711,0.5598778396553538,15.807480321359332,0.21219942315928494,-0.5509987412766435,0.8070760756721888,14.693033486794745,98.9428655100096,83.28610342351527,71.03996928276227,27.588520895014884,8.573010441337601,175945.0,585409.5363236581, 0.0, 0.0,0.0,NaN, 92.5764032414923,92.5764032414923,0.0, 323.12304040878, 58.681274249309304, 11.866920198625042, 58.681274249309304, 279.5803229902741, 28.056564334465516, 11.866920198625042, 28.056564334465516, 231.91962980305638, 6.448316530670778, 4.453054404649494, 25.0, 0.0
13, 0 ,1.0,1.0,1.0,285.81759080520976,162.93503294947746,64.28020368767889,8.910682472830729,18.873422557793557,13.905587795375098,36.0,85.0,69.0,2.1798578997824641E-4,-0.9833414915268864,0.18176760856619323,19.025395323679835,-0.1362084280202901,-0.18010277239366934,-0.9741715739603347,13.772823468532524,-0.9906801787753892,0.02454592466768432,0.1339786586131222,8.792916444153732,83.5427200138437,71.80106020873373,39.42886365521619,23.665655458363197,8.30111226507647,90138.0,236512.29862883882, 0.0, 0.0,0.0,NaN, 152.05226242729435,152.05226242729435,0.0, 79.40026213161276, 2.6957200265738033, 14.922397979018966, 2.6957200265738033, 356.20607904503066, -31.161930897123646, 14.922397979018966, -31.161930897123646, 193.36537193488488, 6.24936734435271, 4.5463366067370306, 17.0, 0.0
14, 0 ,1.0,1.0,1.0,196.30377639012787,51.358737238576666,284.32020021805926,12.306322481235226,25.214999230107175,8.978112906862457,66.0,111.0,39.0,-0.11976025861868884,0.9924424792236378,0.026747072513138556,25.363287591692867,0.9827956315941501,0.1223256133528558,-0.1383806013764343,12.067577426223156,-0.14060663915704952,0.00971440941519311,-0.9900178802802876,8.884001809883816,113.03776767143408,71.98768082937465,44.85107100298819,27.176601326484132,11.370163186874455,100890.0,364967.8194259649, -2.8421709430404007E-14, -7.105427357601002E-15,0.0,88.2921471217495, 116.77535186370244,116.77535186370244,NaN, 151.44557301215553, -59.0595359191991, -10.879130699604444, -59.0595359191991, 635.7961861743055, 13.852106189986854, -10.879130699604444, 13.852106189986854, 80.60651136837022, 6.072779012322781, 4.303499207898747, 22.0, 0.0
15, 0 ,1.0,1.0,1.0,126.80191321811743,136.8847418212568,14.691792188573542,16.846763287395394,16.234246379423514,9.445897546675,76.0,71.0,42.0,0.731373626109397,0.674593865291265,0.10007864878675216,19.454487991859523,0.6783552586508992,-0.7045100339562724,-0.20856594907990983,13.26397383878405,-0.07019089750290503,0.2204285121446912,-0.9728743541390195,9.065266913350388,90.02711519375117,76.62819650362005,43.226301589614565,23.848326353235453,8.236898650659334,94605.0,298201.6330178372, 0.0, 0.0,0.0,NaN, 187.16839075271054,187.16839075271054,0.0, 283.8134332615333, 101.38180922499154, 8.423024000992203, 101.38180922499154, 263.55075550782544, 33.779708282058884, 8.423024000992203, 33.779708282058884, 89.22498046228081, 6.581707837673494, 4.514693911873862, 18.0, 0.0
16, 0 ,1.0,1.0,1.0,116.62166451663344,238.08932410773622,237.1643563582346,17.378699874173968,17.071204268699667,12.675810235547099,87.0,90.0,66.0,-0.852983093081605,0.3491945551735226,-0.38792139094680433,18.115919206984035,0.40933102885085393,0.9086855140697232,-0.08208986136998879,17.21199312430844,-0.3238332159257896,0.22880952593152304,0.9180295469679355,11.38780723417245,93.76784483926431,86.27864054463467,66.29030270143966,26.050913797768914,8.687420786914712,127905.0,536299.2997849126, 0.0, 2.8421709430404007E-14,0.0,69.5619415697614, 146.22538266642377,146.22538266642377,0.0, 302.0192093166143, 2.8305186106680686, 60.086098030031856, 2.8305186106680686, 291.4260151836697, -39.314551983055544, 60.086098030031856, -39.314551983055544, 160.67616512760057, 6.520267254463423, 4.620904208836028, 30.0, 0.0
17, 0 ,1.0,1.0,1.0,86.35659845479223,164.55719704879237,13.797487297278485,11.97282167065587,13.070925028901646,8.797202778770048,51.0,65.0,37.0,-0.27553268531770025,0.958827699935603,0.06878358203683725,13.19690792158036,-0.9551062741007652,-0.2649540125860477,-0.1325570684192534,11.90220714285922,-0.1088749029619375,-0.10221943577790697,0.9887858425636336,8.704447313706615,67.02426706365898,53.82300994486613,39.27605884100018,18.934669661863044,5.750356632026174,57468.0,141686.33177249803, 0.0, 0.0,0.0,NaN, 161.22216232168716,161.22216232168716,0.0, 143.34845875732682, -9.31837960466521, 6.478006765797876, -9.31837960466521, 170.84908111116752, 8.803380303018185, 6.478006765797876, 8.803380303018185, 77.39077673079946, 6.963894077723004, 4.820604339113119, 8.0, 0.0
18, 0 ,1.0,1.0,1.0,33.16725529767911,268.6240609933849,229.906379638973,19.016489256741494,15.403857967598125,15.078125403371256,84.0,70.0,69.0,-0.7602179790418316,0.47380787716071415,0.4444937793513099,22.275010013945423,-0.6496560740155455,-0.5502616534142517,-0.5245560964058296,13.318852807880974,-0.003950928531555736,-0.6875450591214158,0.7261309674166687,12.356684764859965,102.4274229682687,71.30918548282312,70.53038107074352,27.103842489080527,9.5727369098225,142704.0,515155.0390894516, 0.0, 0.0,0.0,NaN, 83.65184987699934,83.65184987699934,0.0, 361.62686365176467, -114.89231617747262, -107.65019529391043, -114.89231617747262, 237.27884028593624, 79.47095004254653, -107.65019529391043, 79.47095004254653, 227.3498656797896, 6.968455567804771, 5.069935065796745, 21.0, 0.0
19, 0 ,1.0,1.0,1.0,263.01285305395044,256.2178106604742,221.52872495544634,13.47548792037117,12.893722982519593,12.957856780383151,68.0,64.0,69.0,0.3554931047824989,0.7029049277275619,-0.616075738061816,14.367185626122138,-0.8941981913048481,0.06388422119263219,-0.4430896082619742,13.518847691872985,0.2720923503504612,-0.7084091112195854,-0.6512467151716307,11.250229048843181,72.964365170744,66.10223351283315,50.996304130902274,21.792273262283782,6.390598207121959,92585.0,245960.65716225829, 0.0, 0.0,0.0,NaN, 97.17340248076498,97.17340248076498,1.3486991523486091E-6, 181.58877469206934, 16.742385973041472, 4.776020060517553, 16.742385973041472, 166.24809234995394, -36.16833469192108, 4.776020060517553, -36.16833469192108, 167.90605234092163, 5.636087688025178, 4.244474598419306, 21.0, 0.0
20, 0 ,1.0,1.0,1.0,190.9451302010935,220.3410063942174,29.7010101010101,14.799817701039153,12.828335463988399,15.16527285567504,73.0,56.0,67.0,-0.8094983821437222,-0.42971094623150285,-0.40007608275867096,16.069175961694192,0.24754045393770016,0.3680991967022778,-0.8962291587822027,15.13604959743541,0.5323871645438247,-0.8245310691999209,-0.19160486150675243,11.236898239450838,82.72453342872362,79.74782245888687,56.92887843330679,23.659249746101636,7.336633901118237,107910.0,375565.5838899337, 0.0, 0.0,0.0,NaN, 138.27751042798994,138.27751042798994,0.0, 219.03460398399181, 55.26903993012845, 19.920013722626443, 55.26903993012845, 164.56619077662245, -11.239892222193582, 19.920013722626443, -11.239892222193582, 229.9855007870742, 5.920686324161282, 4.280970943197459, 23.0, 0.0
21, 0 ,1.0,1.0,1.0,285.7822141169107,76.30068307632541,34.50626423075678,8.652624640384065,14.094370622418538,19.87282175181909,36.0,78.0,79.0,0.09347066809082885,-0.0451573942208724,0.9945974280852707,19.96033296889343,0.19948901703716942,0.9795622738639275,0.02572710057654284,14.265946722951593,-0.975431887057317,0.19600653399749796,0.10056874435971457,8.155741085754425,82.74466220668376,80.32478418797527,41.06191619358171,24.388912786989827,8.580744365011679,92669.0,272915.855220218, 0.0, 0.0,0.0,NaN, 84.9389306766575,84.9389306766575,NaN, 74.86791316738147, 25.370743029992763, 31.558325056978255, 25.370743029992763, 198.6512832420947, -11.454105974229005, 31.558325056978255, -11.454105974229005, 394.92904437957395, 6.374420580401016, 4.7984269324533, 16.0, 0.0
22, 0 ,1.0,1.0,1.0,58.405554909936086,237.52470656595003,59.24936664729808,12.6284401574629,12.179033418654374,14.364322890926847,67.0,62.0,67.0,0.30041928598987333,-0.41497279346139593,0.8588048866256992,14.970262078321792,0.8080259498644724,-0.3676904744642646,-0.46032355939476083,12.786964716559186,-0.5067961295737693,-0.832226709301672,-0.22484747580072575,11.248329412937622,73.79025817695981,69.31289348673674,63.71056668834217,21.653315924379562,6.728598473466923,86050.0,325855.1032090941, 0.0, 0.0,0.0,NaN, 104.04258062021609,104.04258062021609,0.0, 159.47750081062162, -23.152715976043215, 11.421366679170097, -23.152715976043215, 148.32885501270005, -28.5176194479042, 11.421366679170097, -28.5176194479042, 206.333772114805, 5.7714892597841985, 4.202617238519316, 24.0, 0.0
23, 0 ,1.0,1.0,1.0,125.28031726530317,63.30293777552938,249.25662173881622,15.153794026511077,12.752955920058556,14.116603158529228,77.0,60.0,68.0,-0.8283152313574698,-0.14677953250786965,0.5406936714425213,16.14999915152111,0.35557996794514307,0.6080683055364859,0.7097998465751582,13.615692133050647,0.4329627742628148,-0.780197862493072,0.4514803777174475,12.055882297705418,76.22745323051912,71.39882687448466,66.05200922910225,23.32153269779449,6.903619011645252,110696.0,359491.4114631991, 0.0, 0.0,0.0,NaN, 149.25585503579128,149.25585503579128,NaN, 229.6374733979228, 22.69772928403309, -41.61218989444427, 22.69772928403309, 162.63788469895658, 8.118066114498475, -41.61218989444427, 8.118066114498475, 199.27848473539737, 5.952723194127733, 4.286991904284521, 25.0, 0.0
24, 0 ,1.0,1.0,1.0,65.55685504180518,261.8201672207112,133.52095295658305,15.850977781412466,13.036892589937478,12.560829293323708,75.0,63.0,64.0,0.8951763389394496,-0.2767673393705621,0.349369663910168,16.39671356483569,0.42813962072479234,0.7518767813115488,-0.5013758778503576,13.596776819078855,-0.12391847065145081,0.5983988181658831,0.7915573681351722,11.19213750671919,84.25763157621705,64.95654358028581,57.90046962331249,22.954228158812445,7.217472355166212,99270.0,316894.1638485635, 0.0, 0.0,0.0,NaN, 153.5683748447602,153.5683748447602,0.0, 251.25349662683163, -16.38636067083389, 32.11139560303325, -16.38636067083389, 169.96056840156675, -36.35489017647901, 32.11139560303325, -36.35489017647901, 157.77443253601896, 5.817843934270963, 4.202572787952996, 24.0, 0.0
25, 0 ,1.0,1.0,1.0,139.98301139567516,206.08665433992945,191.96766854190435,14.584740504685664,15.247322805974038,16.550082739673588,78.0,84.0,85.0,0.3336723584289577,-0.5128135626214532,0.7910025329997054,16.975679913995243,0.5416771709879946,-0.5824366741059261,-0.6060968264946367,15.855321309762083,-0.7715235574179831,-0.6307057718523902,-0.08343638116062096,13.399097904352331,80.56922701039834,79.20567929398612,71.94209767587137,25.742504330773183,7.511605541355304,152514.0,459101.3995814912, 0.0, 0.0,0.0,NaN, 200.21474624198254,200.21474624198254,0.0, 212.71465558901866, -41.25906132288181, 5.082656209869577, -41.25906132288181, 232.480852749576, -18.70163858694815, 5.082656209869577, -18.70163858694815, 273.9052386900416, 6.834537382320723, 4.855045984404471, 33.0, 0.0
26, 0 ,1.0,1.0,1.0,106.77032020360136,173.22703894195445,169.57913512016952,15.366990103650455,11.37498413220499,13.47781053966527,69.0,53.0,66.0,-0.9456472477893615,0.31671359280516714,-0.07378199564154259,15.830955009921608,0.01837472623053288,-0.17448420018242472,-0.9844885135554666,13.529417697009954,-0.3246746867009479,-0.9323345772946221,0.15918097812395482,10.65465842016488,72.00945564046116,63.268300743312864,53.672457968465295,22.3593033284252,6.873687544847962,93909.0,244527.20442641986, 0.0, 0.0,0.0,NaN, 210.90492390602762,210.90492390602762,0.0, 236.14438484569104, -41.28347652579585, 8.30786575734947, -41.28347652579585, 129.3902640079153, 8.738909583776838, 8.30786575734947, 8.738909583776838, 181.65137694311227, 5.7451749406994965, 4.1507641824229555, 22.0, 0.0
27, 0 ,1.0,1.0,1.0,69.92572608171358,45.58695607742146,172.9716516442864,13.411086387812079,12.950654632902237,14.514228111895248,65.0,58.0,64.0,0.5509703673502594,0.1795947697935225,0.8149707804361642,15.426218843294743,-0.06258832870853648,-0.964925522815469,0.2549537929287699,12.87664235551556,0.8321744741407245,-0.19147964404109766,-0.5204048332851091,12.428329133601258,77.72128782437221,57.26294829227099,63.36495855216194,22.591683991588177,6.917754377708656,97854.0,282008.9217271041, 0.0, 0.0,0.0,NaN, 151.99993098169526,151.99993098169526,0.0, 179.8572381013584, 8.948055233007345, 37.31472361018129, 8.948055233007345, 167.7194554207122, 9.431256935421859, 37.31472361018129, 9.431256935421859, 210.66281768413032, 5.648652354266473, 4.100899292833687, 28.0, 0.0
28, 0 ,1.0,1.0,1.0,222.8993893855996,191.69026608808767,233.17416586578133,12.247478545158764,13.294581502607304,15.909018088846395,64.0,63.0,77.0,-0.12299475535281978,-0.419440353381622,0.8994120746970211,16.61794329155548,-0.08712390460136096,-0.8982303671224502,-0.43080347355387205,12.477325811101014,-0.9885755992349362,0.13134685962811882,-0.0739343429207177,12.16568066148018,83.2875156144918,58.31616371284417,62.02152804354898,23.00933425303107,7.100283221614962,103011.0,301239.08242853044, 0.0, 0.0,0.0,NaN, 148.79917582069046,148.79917582069046,0.0, 150.00073071412422, 7.212248378687155, -13.888331779781149, 7.212248378687155, 176.74589732946828, -45.373591790065, -13.888331779781149, -45.373591790065, 253.09685655124179, 5.403061371959422, 4.033123416564396, 34.0, 0.0
29, 0 ,1.0,1.0,1.0,188.47114075309156,243.02205548608217,87.52519105182715,14.12686940063946,13.84092870289067,14.47611837715067,67.0,64.0,75.0,-0.6812813450276651,-0.4459448202121982,0.5805074902559012,16.542130528919802,-0.12638731124583802,-0.7094524800047273,-0.6933277912872021,13.907936014251531,-0.721028415857061,0.5457200710447182,-0.42697497302020504,11.559627289760263,82.35737489326544,79.36649528842321,59.70433172540691,23.41088596136873,7.254527427358143,107955.0,390252.36148421693, 0.0, 0.0,0.0,NaN, 152.79342811327538,152.79342811327538,1.9073486328125E-6, 199.56843906272348, 47.90166471091523, -50.13456780397381, 47.90166471091523, 191.5713073585028, -6.829414847801597, -50.13456780397381, -6.829414847801597, 209.5580032692793, 5.9755877655207055, 4.2961224698690526, 29.0, 0.0
30, 0 ,1.0,1.0,1.0,25.075287176092083,258.8939568161492,15.090177358096101,15.466452257550298,15.406440837890147,9.73001145465708,61.0,74.0,37.0,-0.7060235438930809,0.7039236910492247,-0.077602787632219,17.619609595947207,0.7074934811563695,0.6962302433535091,-0.12131126230138446,12.982920208529643,0.0313644638069408,0.14055207369352357,0.9895763664268434,9.603948572311692,83.17848745022059,59.996618337596914,42.57671349990883,22.629858854771125,7.689744849304608,86097.0,212476.0217268754, 0.0, 0.0,0.0,NaN, 50.45978860335117,50.45978860335117,0.0, 239.2111454350827, -70.85608822702633, 5.405513204465037, -70.85608822702633, 237.35841929140926, -18.366362134808178, 5.405513204465037, -18.366362134808178, 94.67312290775796, 7.328829793283408, 4.8560434596066635, 9.0, 0.0
31, 0 ,1.0,1.0,1.0,244.096545071156,96.19989414104852,118.12328299341796,14.426265553189474,13.969096812166535,14.328546480887427,77.0,67.0,74.0,0.6876042899838195,-0.4004296256274713,0.6056867633651002,16.10455989079104,-0.003607879878338058,-0.8360548633031241,-0.5486339843192161,13.676222783360569,0.7260766650971725,0.3750578361626879,-0.5763196126580554,12.734368021915643,76.71685339327959,68.10366289572376,60.61937326238916,23.677013463401085,6.92524954552275,117137.0,316717.9620073884, 0.0, 0.0,1.4210854715202004E-14,52.72172294454709, 162.27361427808694,162.27361427808694,0.0, 208.1171378111412, -26.685732115737306, 40.52736362231793, -26.685732115737306, 195.13566574768126, -12.162789479761859, 40.52736362231793, -12.162789479761859, 205.30724425495146, 6.4430598508297345, 4.192239045292395, 28.0, 0.0
32, 0 ,1.0,1.0,1.0,112.9303901533836,210.7353017170507,151.0727926150377,13.813030357354409,12.934296865278226,11.360053547999662,75.0,64.0,56.0,-0.967384508828089,-0.1732021888683837,0.18484646020586354,13.965624953647799,0.10253968294540314,-0.9350098584150903,-0.339473383475124,13.093995640752915,0.2316307956660627,-0.309447194910203,0.9222741501643169,10.984318708038012,79.09186801614297,67.886596922618,55.450670016500894,21.17766676932092,6.217160917449975,85146.0,297730.0495112247, 0.0, 0.0,0.0,NaN, 207.12501654610668,207.12501654610668,3.814697265625E-6, 190.79980765319445, 7.592936054271032, -15.06929929968137, 7.592936054271032, 167.29603539914615, 13.742226293163744, -15.06929929968137, 13.742226293163744, 129.05081661341973, 6.329205266042259, 4.283227154856451, 14.0, 0.0
33, 0 ,1.0,1.0,1.0,142.98359235392863,151.71882817999676,93.68436670818217,13.437005541121101,11.759543818553942,14.61646385709438,67.0,56.0,72.0,-0.4987628275373083,0.23451782641868685,0.8344081920492182,15.513450163668619,0.8644502392930173,0.20450469724985496,0.45924243334974024,12.680854007983296,0.06293985742941462,-0.9503574158676303,0.3047283322111107,11.445951688957106,72.46891715332245,67.2915006550347,59.0687665003894,22.08750801348389,6.680044473851744,92335.0,288051.33171959355, 0.0, 0.0,0.0,NaN, 226.29267368666825,226.29267368666825,NaN, 180.55311791211918, -7.5593325966025935, -33.80820040544863, -7.5593325966025935, 138.28687082049024, 24.256333226597075, -33.80820040544863, 24.256333226597075, 213.64101568574637, 5.450436366138896, 3.9598270904148167, 26.0, 0.0
34, 0 ,1.0,1.0,1.0,177.449714970866,127.90338458949495,9.207808325795662,13.73501646175848,14.819654077706984,6.249178513588364,64.0,74.0,25.0,0.5459420586233703,0.8351810177414896,0.06648260095969066,15.569296644720545,0.8331101046648914,-0.5495639765752673,0.06250591296855629,12.933729826760302,-0.08874019456441411,-0.021262719841735243,0.99582783382149,6.135200977916911,78.7904979537567,61.72873655273818,27.53207647608736,19.839778607158625,7.328590662691295,47539.0,133906.0503682886, 0.0, -1.4210854715202004E-14,0.0,33.365308296175165, 177.377089513654,177.377089513654,NaN, 188.65067720477643, 34.00787860201487, 14.182929085651836, 34.00787860201487, 219.62214698289722, 6.916141770764513, 14.182929085651836, 6.916141770764513, 39.05223209469448, 6.509889628820524, 4.4560419264715625, 14.0, 0.0
35, 0 ,1.0,1.0,1.0,170.50659146623696,285.7098383419334,71.13001217149812,14.499053835002075,8.463863963367345,12.124231925029868,70.0,34.0,58.0,-0.9219433457633764,0.07480101961773625,0.3800332546854003,14.999676839970945,-0.36018360495674956,0.19525085583305446,-0.9122197509464594,11.648160054913435,0.14243678570857837,0.9778966769350469,0.1530681263895321,8.257518822512527,71.37663278777354,59.634595297791016,39.10122483767526,19.667826843550884,6.483297180036352,58333.0,166435.01299360988, 0.0, 0.0,0.0,NaN, 148.43257797876856,148.43257797876856,NaN, 210.22256211028835, -15.560067763400983, -32.7632213272063, -15.560067763400983, 71.6369931903884, -7.5638560332096345, -32.7632213272063, -7.5638560332096345, 146.99699977191344, 5.693219029836279, 4.102791282582038, 16.0, 0.0
36, 0 ,1.0,1.0,1.0,63.94997262763095,50.73007349772285,128.30490489557732,12.955145333955915,13.963736112295905,11.360446112740815,59.0,61.0,55.0,0.17889499149287733,0.921794046223634,0.3439365033918693,14.329600876037162,0.9637658837965769,-0.23448774979725476,0.1271645250249599,12.986482185741616,-0.19786839881235943,-0.3087251715388329,0.9303423376423066,10.857958919204608,61.828436330501404,56.721165552250454,56.42314323508526,21.2924504331172,6.205884890287787,85853.0,197874.88975886416, 0.0, 0.0,0.0,NaN, 152.0700101151514,152.0700101151514,0.0, 167.8357906239197, 2.949759072748845, 11.600370010675313, 2.949759072748845, 194.98592621383676, 26.20915828276414, 11.600370010675313, 26.20915828276414, 129.0597358804879, 6.00360849054714, 4.160345930930014, 20.0, 0.0
37, 0 ,1.0,1.0,1.0,57.17559243863216,10.529098522316959,181.31475862487483,13.050001574160836,7.131943768494064,17.624444161266716,66.0,30.0,77.0,-0.20854781720159132,0.03891630429796204,0.9772376012005678,17.826064812135364,0.9778904332268483,0.02406252803814186,0.20772889868244368,12.791617601996691,0.015430766146208861,-0.9989527095935037,0.04307406936822852,7.098882125659507,79.69230093848454,62.20481727121245,31.045433022010826,21.780342919480006,7.576599323295162,65914.0,153899.8181738348, 0.0, 0.0,0.0,NaN, 132.15936140384815,132.15936140384815,0.0, 170.30254108560032, 0.4944050384243741, -31.489744459815952, 0.4944050384243741, 50.864621916961305, 10.734362850949966, -31.489744459815952, 10.734362850949966, 310.6210319936085, 8.326609828104583, 5.267876358442647, 11.0, 0.0
38, 0 ,1.0,1.0,1.0,199.74153514406314,228.2793058359332,168.6548793356579,12.236610125911408,13.12911167609065,13.936092710542257,62.0,56.0,64.0,0.5176579637474406,0.22010794080539764,0.826790618574776,14.865246909891923,0.058656924482176624,0.9549387902319567,-0.29094891668576445,13.111801237942933,-0.8535746000081923,0.19910901864238895,0.48142081479316906,11.109814733751117,79.463860868241,66.55762508125366,62.96706952948736,21.707414692131188,6.716474387465693,87184.0,333028.16231112, 0.0, 0.0,0.0,NaN, 180.13094811546216,180.13094811546216,0.0, 149.73462737355763, 13.830816178506593, 40.92229137169312, 13.830816178506593, 172.37357340325983, 4.279260337875747, 40.92229137169312, 4.279260337875747, 194.214680036829, 6.113764314621189, 4.32115506954679, 23.0, 0.0
39, 0 ,1.0,1.0,1.0,87.94364166620811,19.48738238045452,218.96634567765366,14.720484306500383,11.994436330098736,12.893395292256875,71.0,48.0,58.0,-0.8572808303102738,-0.009321136693828815,0.5147646980837585,15.654860415268216,-0.2449662881449524,0.8867929848112818,-0.3919052433458653,12.086794563181813,-0.4528367207449193,-0.4620728497761286,-0.7625139905895205,11.64618159840448,72.09606383705349,59.39878033940255,60.87402019421367,21.962658781449125,6.666365014512017,90865.0,260688.01559016478, 0.0, 0.0,0.0,NaN, 121.16226852609678,121.16226852609678,0.0, 216.69265821792405, -1.3971068599536824, -47.292217507122864, -1.3971068599536824, 143.86650287679245, -4.159352717554368, -47.292217507122864, -4.159352717554368, 166.23964216239176, 5.924424585775964, 4.376251112999039, 13.0, 0.0
40, 0 ,1.0,1.0,1.0,235.36672464093357,158.73005498204668,16.28132013016158,12.916543511955945,13.428236305292554,10.437806426276016,62.0,63.0,42.0,0.614411059223433,-0.7632148953182128,-0.20000518460366967,13.794256102074826,0.7017623635542742,0.6444935587638055,-0.303574764779097,12.913614861938223,0.36059483551856053,0.04616358171084939,0.931579458941087,9.952862871924676,67.12132522700735,69.70636721410128,51.8469902658302,20.410874191686048,6.284794689616519,71296.0,242580.85523995294, 0.0, 0.0,0.0,NaN, 156.20415818472074,156.20415818472074,0.0, 166.83709629625122, -12.156194142176103, -25.63290221222946, -12.156194142176103, 180.31753027077704, 0.6787377584299501, -25.63290221222946, 0.6787377584299501, 108.94780299240888, 5.704551035589731, 4.2494045045159945, 16.0, 0.0
41, 0 ,1.0,1.0,1.0,136.5828215824386,93.2614374615332,52.72202694385557,13.259954744823556,11.347320020744583,12.163002250748429,62.0,57.0,68.0,0.8367486499464554,0.4286020445863179,0.3408107747551603,14.124780093454614,-0.2978914752731029,-0.16594450024942686,0.9400654720797814,11.881310018021225,-0.45946965707476145,0.888123139104818,0.011176941182860651,10.575998998056292,72.32026805751826,64.91693606504327,63.29183530854144,20.357850808842247,6.171272614658789,73115.0,297143.15510331735, 0.0, 0.0,0.0,NaN, 173.58621775325472,173.58621775325472,0.0, 175.82639983476875, 32.88593811737224, 16.788637979094037, 32.88593811737224, 128.76167165319083, 8.23143616177526, 16.788637979094037, 8.23143616177526, 147.93862375171136, 5.366384314329445, 4.055475738777735, 22.0, 0.0
42, 0 ,1.0,1.0,1.0,86.9196833707305,61.503689852904515,94.5912739965096,11.445855062193553,14.123332129629476,11.63415494799002,58.0,64.0,58.0,0.11313024766937206,0.9916801231636163,0.06141726454720346,14.161424082110743,-0.5214684697569749,0.11187779149102639,-0.8459042468390907,11.759607762508216,-0.8457376556069769,0.0636701899893906,0.5297866785746215,11.269221940354939,63.48501609792382,58.281671528583956,59.94644864688826,20.742090363136988,5.966184481702986,80220.0,221802.63061743652, 0.0, -7.105427357601002E-15,0.0,7.396012654873101, 142.426276856039,142.426276856039,0.0, 131.0075981047418, 7.592723432090059, 5.492527778104058, 7.592723432090059, 199.46851044382427, 3.410944688319715, 5.492527778104058, 3.410944688319715, 135.35356135384063, 6.3683895153190635, 4.26919935139228, 20.0, 0.0
43, 0 ,1.0,1.0,1.0,77.35214382535493,86.93560200708663,43.702099831157405,12.008153451300725,14.271729310158934,12.303432648562072,63.0,70.0,63.0,-0.13085061061398928,-0.8805233380627145,0.45558398658078514,15.001433541338589,-0.9364958480823857,-0.04102717023870525,-0.3482704377730864,12.01446710716249,0.32535157019199856,-0.4722239113271365,-0.8192380199578766,11.395702417396238,70.80741742917536,62.396617500244744,53.26179872444901,21.400383421386213,6.424644049889297,84102.0,235318.26139118592, 0.0, 0.0,0.0,NaN, 124.30215838980997,124.30215838980997,1.9073486328125E-6, 144.1957493099855, 11.523022174955607, -0.9496015386026514, 11.523022174955607, 203.68225750244957, -37.975094852851285, -0.9496015386026514, -37.975094852851285, 151.37445493770315, 6.005444792509135, 4.1133351280775425, 17.0, 0.0
44, 0 ,1.0,1.0,1.0,142.47798908470176,27.648799076767727,64.65738225182122,13.518293613906964,12.816375257133553,12.124720543685125,71.0,62.0,63.0,-0.786973523279952,0.41385654453737086,-0.4575974586904152,13.89465526779407,-0.5771376732880505,-0.7560048196107586,0.30881842366827833,13.08129064026294,0.21813935850275734,-0.507128655539097,-0.8338079796950333,11.394339621059872,69.21782628301531,64.43787781399963,56.66943560279385,21.2736246646897,6.437816310815256,83186.0,252759.84065951462, 0.0, 0.0,0.0,NaN, 158.8867853021956,158.8867853021956,0.0, 182.7442622317978, -2.5785414479652125, 15.41136930376608, -2.5785414479652125, 164.25947473166514, -21.61428097892731, 15.41136930376608, -21.61428097892731, 147.0088482624601, 5.701055521008383, 4.101140228580408, 21.0, 0.0
45, 0 ,1.0,1.0,1.0,74.9962876410496,99.84108967082861,134.6584496227549,11.90666836939417,14.583707662062514,10.861658782848163,56.0,65.0,52.0,-0.25095678502574625,0.9679982744654706,-1.807800125116989E-4,14.757891402543153,0.891370259897049,0.23101788376087692,-0.3899869192084693,11.863449398033511,-0.37746490144198647,-0.09803100537338971,-0.9208203788822624,10.672025209738608,73.9601785812633,58.25687252536032,54.630116701538384,20.783971902351514,6.360457869407341,74885.0,235384.16626912617, 0.0, 0.0,0.0,NaN, 183.6452678437468,183.6452678437468,0.0, 141.76875165873162, -19.71189393164859, -9.32871671235723, -19.71189393164859, 212.68452917250085, -2.4371429457062668, -9.32871671235723, -2.4371429457062668, 117.97563151502264, 5.935284554353422, 4.20636973226184, 23.0, 0.0
46, 0 ,1.0,1.0,1.0,66.62266375655402,106.65024710870274,173.41604575901258,12.77357066024717,14.65399452220661,11.346000404252315,62.0,66.0,58.0,0.2832997782934383,-0.907746132174557,0.3094158934848386,15.184881735255692,0.9475219905458956,0.31476618211267376,0.05589568883335212,12.57958419957636,-0.1481327548209123,0.2773431270472435,0.9492826116751659,10.853976971347848,79.23947470302693,61.98325250318385,54.69270130375597,21.4389464969676,6.8561622751088,79722.0,268624.3164746662, 0.0, -1.4210854715202004E-14,0.0,24.804281463601107, 178.4274418514445,178.4274418514445,0.0, 163.16410741232733, -16.9405969051948, 12.026937213348845, -16.9405969051948, 214.73955545686132, -30.962888488765316, 12.026937213348845, -30.962888488765316, 128.7317251732937, 5.630631558629798, 4.118169977954684, 19.0, 0.0
47, 0 ,1.0,1.0,1.0,162.11137340604287,26.111538342593832,216.18382178605668,12.684087977691464,14.462601962910012,14.242297317253641,65.0,59.0,71.0,0.5008111107430891,-0.3702317176380819,-0.7823788766390797,14.969858174697546,0.03905160488953665,0.9126470257555869,-0.4068788253706898,14.464317769246241,-0.8646752011662092,-0.17321628570730976,-0.47152191343980937,11.814517930755548,82.35351181639084,68.93279854884415,58.86431015747914,22.824398226752926,7.207136867231402,97007.0,334164.3323764807, 0.0, 0.0,0.0,NaN, 163.4632604256259,163.4632604256259,0.0, 160.88608782581713, -13.188461247676816, -34.22097385319087, -13.188461247676816, 209.16685553756852, -1.3771372346856128, -34.22097385319087, -1.3771372346856128, 202.84303287305028, 5.593905006407136, 3.9466775679629245, 17.0, 0.0
48, 0 ,1.0,1.0,1.0,111.81297627252141,11.232155163926356,82.15931869646549,13.978800563326397,8.108575616922499,12.41153470791543,77.0,34.0,66.0,0.8661495221018393,-0.02572984901535739,0.49912220971662014,14.697108409762983,0.4996492149517824,0.021304474185250756,-0.8659658084345809,11.557615179382669,-0.011647633271290755,-0.9994418913820539,-0.03130875899553715,8.100530432469927,76.00041753062155,62.126874374949985,35.078229380203105,19.229059160132877,6.741315995152281,50785.0,165627.7669247631, 0.0, 0.0,-1.4210854715202004E-14,60.05805716524438, 139.20652506694267,139.20652506694267,0.0, 195.4068651892544, -2.628078965305266, 35.609396652141164, -2.628078965305266, 65.74899853535008, -3.185101258862457, 35.609396652141164, -3.185101258862457, 154.04619380578936, 5.752289344050395, 4.058314890759854, 14.0, 0.0
49, 0 ,1.0,1.0,1.0,268.6559875222629,215.3488497086069,108.74716774336329,16.236908939435764,14.075901361378719,10.154636612169556,66.0,73.0,56.0,-0.9294947817430262,0.368010151684325,0.024657229563826214,16.617122350892977,-0.36354630507873403,-0.925397276238305,0.10711659625998686,13.664438784051404,0.06223772791549377,0.09060027256032523,0.9939406701790161,10.101446097483835,73.15722623572765,68.30487632058723,55.0666627955148,22.68508753976402,7.090250988590107,94889.0,275167.8546245777, 0.0, 2.8421709430404007E-14,0.0,68.40704958122556, 141.33014843289368,141.33014843289368,0.0, 263.6372119075291, -31.062014553445998, -7.2874221812158675, -31.062014553445998, 198.13099913526327, -6.814001060615931, -7.2874221812158675, -6.814001060615931, 103.11664472521439, 5.298034765609838, 3.9943667536337806, 24.0, 0.0
