// Sample: .//bubblelabels.tif, Map: .//bubblelabels.tif, Thickness:(8.191250068658265):/gpfs/home/mader/Foam/NewValid/InSilicoTest/LatticeData_OldFoam/out_Step_07000.vtk/distmap.tif, Neighbors:(1.0):
//LACUNA_NUMBER, TRIANGLES, SCALE_X, SCALE_Y, SCALE_Z, POS_X, POS_Y, POS_Z , STD_X, STD_Y, STD_Z,PROJ_X, PROJ_Y, PROJ_Z, PCA1_X, PCA1_Y, PCA1_Z, PCA1_S, PCA2_X, PCA2_Y, PCA2_Z, PCA2_S, PCA3_X, PCA3_Y, PCA3_Z, PCA3_S,PROJ_PCA1, PROJ_PCA2, PROJ_PCA3,OBJ_RADIUS, OBJ_RADIUS_STD, VOLUME, VOLUME_BOX, Mask_Grad_X,Mask_Grad_Y,Mask_Grad_Z,Mask_Angle, Mask_Distance_Mean,Mask_Distance_COV, Mask_Distance_STD, SHAPET_XX, SHAPET_XY, SHAPET_XZ, SHAPET_YX, SHAPET_YY, SHAPET_YZ, SHAPET_ZX, SHAPET_ZY, SHAPET_ZZ, Thickness, Thickness_STD, Neighbors, Neighbors_STD
1, 0 ,1.0,1.0,1.0,78.92407505648885,135.76269574614403,39.43436879850673,17.979375162870245,17.340525573823506,19.075711181799683,97.0,91.0,87.0,0.3649590540424695,-0.35935768601963436,0.8588753939722806,19.47926967146463,0.8094054302261604,-0.3333988014345721,-0.48343364459085386,18.016087519581912,-0.4600736227962118,-0.8716118933909773,-0.16918915126734493,16.846755149530217,96.2790044056872,92.089487085087,87.43913072228693,30.23916602413105,8.56897623283183,254475.0,775260.1773073132, 0.0, 0.0,0.0,NaN, 161.91228681702637,161.91228681702637,NaN, 323.25793124723543, -23.542764340264004, 14.023677923393842, -23.542764340264004, 300.69382717642696, -22.944652075826315, 14.023677923393842, -22.944652075826315, 363.8827570914375, 7.909439311583579, 6.220144136777721, 42.0, 0.0
2, 0 ,1.0,1.0,1.0,56.79812801846338,262.4038223184648,13.697626543957375,19.674426274271873,21.08732882736149,9.147290699316061,110.0,95.0,38.0,0.5208128552576676,0.8518218800430721,-0.05615562730697962,21.885023332420857,0.8509647376790297,-0.5232710369644215,-0.045237562943186274,18.831213996891748,0.06791895924714257,0.02422615433914599,0.9973966655351922,9.04779235921602,105.51848299717955,98.87112596075396,41.85983957724043,28.431083876328625,10.349148904609791,140386.0,436712.4553724392, 7.105427357601002E-15, 0.0,0.0,58.61320797154094, 69.47751359685411,69.47751359685411,0.0, 387.08304922175944, 54.71321445518287, -22.11331802134279, 54.71321445518287, 444.67543707327087, -12.5382669668164, -22.11331802134279, -12.5382669668164, 83.67292713779412, 7.748659535870556, 5.959885330910914, 23.0, 0.0
3, 0 ,1.0,1.0,1.0,260.8259926992173,140.21339114448006,127.05591953198476,18.176309450046926,16.609248681310618,15.209210326687234,89.0,88.0,76.0,-0.9511312604560332,-0.2533133469084287,0.17658333347563585,18.319301984520447,0.30286508599504514,-0.8767549181781952,0.3735954404640927,16.83218094114901,0.06018359467937616,0.40881922866762943,0.9106287790329675,14.786693521787035,99.07482276716206,86.39339511424257,79.42145941934015,27.72859791724945,8.28796134683056,188199.0,679800.8585253702, 0.0, 0.0,0.0,NaN, 193.22940923253614,193.22940923253614,0.0, 330.37822522386523, 11.003417304020964, -12.324272430600582, 11.003417304020964, 275.8671417576185, -26.416036899263272, -12.324272430600582, -26.416036899263272, 231.3200787614096, 6.7329154846748045, 5.583659993693982, 39.0, 0.0
4, 0 ,1.0,1.0,1.0,78.00994068051058,16.731682774626513,261.619340912595,16.939081050996933,10.641489729209333,18.193268837165725,81.0,45.0,81.0,-0.5394188958741886,0.13752880969335518,0.8307304504339539,19.056518043641226,0.8268624644665691,-0.0999419885067907,0.5534528559774354,16.16061996540948,-0.1591405656334763,-0.9854427560430067,0.05980681342639757,10.336937838474274,110.27458396469095,91.42693527289046,48.16595962648239,25.58639772464443,8.746716696385612,123231.0,485612.44413351093, 0.0, 0.0,0.0,NaN, 88.53572750834047,88.53572750834047,0.0, 286.9324668522434, -31.765865012853475, -44.23207385006849, -31.765865012853475, 113.24130365686773, 20.746390983397294, -44.23207385006849, 20.746390983397294, 330.9950309813855, 7.517258961619864, 5.843724774211862, 21.0, 0.0
5, 0 ,1.0,1.0,1.0,188.1924558492355,113.18351309707242,236.20222235391728,15.989816340374349,14.982974283894507,16.29583361586082,81.0,88.0,82.0,0.085982409767648,0.11564604919101601,-0.9895620326776166,16.306330291221958,0.9256085305181436,0.3581832528337589,0.12228493620012917,16.171295002502692,-0.36858631749237575,0.9264614124160468,0.07624551043486379,14.775342588318383,81.84097148321317,83.5374446283943,84.53090787093385,26.291319386159323,7.38135916762723,168740.0,577919.6956829485, 0.0, 0.0,0.0,NaN, 171.41059185067687,171.41059185067687,0.0, 255.67422659890252, 14.795599218754138, 0.8409021515736708, 14.795599218754138, 224.48951839184411, -3.5534729015730457, 0.8409021515736708, -3.5534729015730457, 265.5541932358195, 6.996410225380176, 5.680454732537911, 39.0, 0.0
6, 0 ,1.0,1.0,1.0,274.85156611188165,206.29682154415164,208.30297041146557,15.325468559466676,16.39838007949908,17.45316374192661,62.0,90.0,88.0,-0.3503055535954842,0.2516294021339569,0.9022021187637882,17.942508774360608,0.2113901593761843,0.95962452533869,-0.18556662115640418,16.31238695832481,-0.9124692979158654,0.12571163172197042,-0.3893537800134046,14.844601409444541,93.3912068639954,93.00287845988217,75.36299322921445,27.20419433474911,8.265687569618422,173040.0,654576.6621160735, 0.0, 0.0,0.0,NaN, 133.49559773683245,133.49559773683245,0.0, 234.8699865672016, 0.3236931424036963, -33.89520460576446, 0.3236931424036963, 268.9068692317123, 14.915151604983114, -33.89520460576446, 14.915151604983114, 304.61292460250166, 7.722266522329602, 5.965188020959362, 34.0, 0.0
7, 0 ,1.0,1.0,1.0,264.0798940552426,280.07550348746724,27.098248770284066,18.592144108003033,11.670848371627201,16.05835504261396,80.0,50.0,68.0,0.9835964006097301,-0.10036814690252364,-0.1498811388899074,18.71177737037131,-0.14527798472110814,0.051741595405408264,-0.9880370005522443,15.997356851550107,0.10692253206389994,0.9936040672180525,0.03631156489037379,11.5629257684521,84.4300811879018,74.32101571601748,55.571003437453214,25.903604257191567,8.291596794811985,140073.0,348704.1227498509, 0.0, 0.0,0.0,NaN, 49.20929443485983,49.20929443485983,0.0, 345.66782253275187, -22.284958268390337, -14.363942387099927, -22.284958268390337, 136.2087017135133, -2.9920975419570763, -14.363942387099927, -2.9920975419570763, 257.87076667464527, 7.075695703258702, 5.717193121706416, 17.0, 0.0
8, 0 ,1.0,1.0,1.0,278.0659427048634,208.80664890073285,285.2863157894737,13.34152756454755,17.507388858794876,8.839315939594474,53.0,89.0,39.0,0.2417818046373994,0.9672100161039497,-0.07775823875628984,17.79379142666305,0.9703188512971347,-0.24060621002801372,0.02428947330357828,13.015060807294848,-0.004783906739506086,0.08132303759792259,0.9966763154566052,8.753725351839407,92.03980562695298,61.55893793623605,41.754950495677235,22.28991634082646,8.111606388836947,75050.0,236578.23336227683, 0.0, -2.8421709430404007E-14,0.0,14.713030663498463, 94.94115365418537,94.94115365418537,0.0, 177.99635775558207, 34.46572810912913, -2.3256492583891593, 34.46572810912913, 306.5086646530549, -18.591529268206106, -2.3256492583891593, -18.591529268206106, 78.13350627996894, 6.904343381514159, 5.588606474050986, 12.0, 0.0
9, 0 ,1.0,1.0,1.0,155.59950640006693,176.17767087760396,14.724638166150758,17.237049591365405,17.480038406383386,9.663196548130653,82.0,81.0,41.0,-0.6386187922889925,-0.7695175470026568,-0.002963611034284875,18.016696030060974,-0.7634551353595255,0.6330955346650352,0.12777441168074985,16.76858611368658,-0.09644840293398846,0.08386172453632998,-0.9917988287597821,9.500430134467361,84.62585609309969,87.44954015512313,44.56321011191643,25.118573875693425,8.068595620243292,119530.0,329789.6888658311, 0.0, 0.0,0.0,NaN, 190.78859166712076,190.78859166712076,0.0, 297.1158786151903, 22.880065946471877, -18.181442703490344, 22.880065946471877, 305.5517426886382, 15.979192330505862, -18.181442703490344, 15.979192330505862, 93.37736752780415, 8.519138976287056, 5.85358101973715, 18.0, 0.0
10, 0 ,1.0,1.0,1.0,44.06114169518425,256.5332886971185,213.40778158012202,17.135861622183516,20.864283024737134,14.351776199856577,85.0,89.0,78.0,0.1996675403992113,-0.976327093004585,-0.08317620318423863,21.023983694992072,0.9229855315808093,0.2158984704966581,-0.31856798164551026,17.30363204383474,0.32898416649349543,-0.013162746765777828,0.9442436975136028,13.910642237007204,94.45262735241604,89.71731094438076,80.27283953772266,29.171758509606992,9.161770856054645,201630.0,680234.9110085515, 0.0, 0.0,0.0,NaN, 106.43754736861895,106.43754736861895,0.0, 293.6377535346219, -27.33841880205373, -35.26803616187844, -27.33841880205373, 435.3183061363342, 12.895846203611628, -35.26803616187844, 12.895846203611628, 205.97348009076967, 7.510302644029902, 5.46399762077089, 32.0, 0.0
11, 0 ,1.0,1.0,1.0,14.486714387437694,168.47811340553912,12.793820035228423,9.115228904318679,17.43222506724791,8.364356253211128,36.0,82.0,34.0,0.047295227695113524,-0.9978579113869586,0.04519679324603018,17.460656713960738,0.9725401562924633,0.03567838954087811,-0.22998412318766784,9.129759094402631,0.22787892802077672,0.05483284783983416,0.9721443066550739,8.288865441019993,82.36880868713203,41.83423972204429,39.69413320460175,20.0092225610884,7.5208601107058035,53366.0,136779.4925653441, 0.0, 0.0,0.0,NaN, 132.93439501574915,132.93439501574915,0.0, 83.0873979781267, -10.637512978215943, -2.771290364558419, -10.637512978215943, 303.8824707951864, -10.771414724709816, -2.771290364558419, -10.771414724709816, 69.9624555306321, 9.06097609476464, 5.723586866455166, 11.0, 0.0
12, 0 ,1.0,1.0,1.0,22.126585365853657,131.32324964131993,188.7905882352941,14.068345236546131,15.95646539823751,15.565866635093053,61.0,75.0,75.0,-0.4570205408797709,-0.6909063412251985,-0.5601612739816739,16.363727458996447,-0.16534879979797393,0.684796153664278,-0.7097281186003419,15.814663583460048,0.8739519435411378,-0.23173833429413668,-0.42720644283443066,13.302186631940355,86.16737608817115,84.65543606877422,65.95983399016396,25.228059419726616,7.639918043807864,139400.0,481146.4362078854, 0.0, 0.0,0.0,NaN, 173.50191624694162,173.50191624694162,0.0, 197.9183376946502, 20.394848901214395, 31.836250215208644, 20.394848901214395, 254.60878800515096, -0.40454588572876715, 31.836250215208644, -0.40454588572876715, 242.29620410150315, 7.011162647002054, 5.185546498344698, 25.0, 0.0
13, 0 ,1.0,1.0,1.0,123.18455113095976,234.94794552647176,76.52782257508719,14.335370966762538,14.480640183130847,16.49953921413598,75.0,70.0,78.0,-0.15248480560964858,0.3753794985225346,0.9142420993080324,16.908224687974663,0.8300553132481466,-0.4534579292843863,0.32462914736301485,14.409516935972364,-0.5364294557597566,-0.8083725245566478,0.24244030303397124,13.9249543884245,80.62871469482013,69.99627808960204,71.05372015590729,25.19874178682686,7.242237741736778,145098.0,401006.5864184386, 0.0, 0.0,0.0,NaN, 158.94247719425712,158.94247719425712,0.0, 205.50286075469828, -10.432956245488304, -9.123627017021086, -10.432956245488304, 209.68894011330377, 29.546572963856626, -9.123627017021086, 29.546572963856626, 272.23479427881085, 6.578630467283433, 5.137135973178376, 32.0, 0.0
14, 0 ,1.0,1.0,1.0,191.19587274572055,279.4510686348313,59.684089942067885,16.624582659007153,12.052401023260103,14.515833905470757,76.0,53.0,77.0,-0.9638255974018157,0.016212130770222127,0.26604019359661146,16.784427134298777,0.2644900716426893,0.1815437727536463,0.9471466943281901,14.405869202293234,0.03294267438260695,-0.9832492183522252,0.1792644828577593,11.96246175679115,79.03878113858254,74.2527458214841,58.17425831544915,24.11357662686436,7.133160256375055,122212.0,341415.79381277564, 0.0, 0.0,0.0,NaN, 125.78866117432327,125.78866117432327,0.0, 276.3767485861613, 0.9276611054513348, -19.40347711381219, 0.9276611054513348, 145.26037042548117, 11.676266306529328, -19.40347711381219, 11.676266306529328, 210.7094339712144, 7.151134055889029, 5.56046866521747, 28.0, 0.0
15, 0 ,1.0,1.0,1.0,173.17901918160317,102.65738348167288,11.670768221155818,14.077331157460211,17.19047035117748,7.481755075117069,69.0,84.0,30.0,-0.2796499444799102,-0.9600790478543829,0.006643073340292509,17.450179522411478,-0.9577230224199333,0.27943711524572734,0.06842156787134528,13.777348079299548,-0.06754643498520235,0.012771863378827889,-0.9976343812372456,7.438823626957698,84.38173539811139,69.06657614013409,32.28946954350838,22.136360352521056,7.7228060158781675,73143.0,188181.65789909914, 0.0, 0.0,0.0,NaN, 163.579663741907,163.579663741907,0.0, 198.17125251680002, 30.909604756312646, -9.275173825079774, 30.909604756312646, 295.51227089471206, 0.981986678454099, -9.275173825079774, 0.981986678454099, 55.97665900404001, 7.161100853115401, 5.191190002751509, 22.0, 0.0
16, 0 ,1.0,1.0,1.0,219.50149958011755,29.506675273780484,262.75380607715556,14.857102950529104,16.858734373887376,17.010232546344756,84.0,71.0,74.0,0.31405297138464067,0.5001533573662922,-0.8069803902696175,17.63492303943553,-0.19537840019309052,0.8658390388068894,0.4605974811220211,16.592175695611335,-0.9290845020246905,-0.013014530079422215,-0.36963848569155383,14.422469938668245,89.2096460552026,92.20594575119767,76.48426335785138,27.034307036506647,7.965217329660232,175049.0,629133.5292612237, 0.0, 0.0,0.0,NaN, 93.47690312210968,93.47690312210968,0.0, 220.73350808262057, 4.792352414127736, -32.15514155519428, 4.792352414127736, 284.2169246892918, -14.72879206622769, -32.15514155519428, -14.72879206622769, 289.3480112807264, 7.619923692178327, 5.554539782517298, 34.0, 0.0
17, 0 ,1.0,1.0,1.0,158.65217124255267,254.33673782761676,279.55188782717806,17.21036948113864,14.863719726351995,10.982071076821626,82.0,82.0,48.0,-0.892661521327535,0.42921269205028617,-0.13759314417570634,17.902746186306295,0.44681712573889026,0.8828011896081921,-0.14497074109211736,14.224982621150174,-0.059244109307572235,0.19088877549323546,0.9798222343379668,10.71794828005279,86.27492490433826,74.02220231881432,51.55363394123299,24.054943563535115,7.6871683390124295,113967.0,329234.90752559504, 0.0, 0.0,0.0,NaN, 149.94154693780095,149.94154693780095,2.6973983046972182E-6, 296.1968176773083, -44.282058629037024, 19.59052519902386, -44.282058629037024, 220.93016410354545, -23.339236789102593, 19.59052519902386, -23.339236789102593, 120.6058851363621, 7.596845642840059, 5.530868706696001, 29.0, 0.0
18, 0 ,1.0,1.0,1.0,235.02122265316746,243.14016353531792,10.737705468527007,14.916446088715642,13.667988666321365,7.184246589837998,67.0,65.0,30.0,-0.9934723452503647,0.047913526550215045,-0.103522911455688,14.979390333331605,0.053587418506765676,0.9971694785257055,-0.05273916641883665,13.681787118541324,-0.100702968181286,0.057942428929885735,0.9932278626423969,7.025257550329158,67.9673318431341,64.853486733007,33.3146132652906,20.368976131203375,6.7847246466114965,59559.0,146848.09859883433, 0.0, 0.0,0.0,NaN, 87.00908473836776,87.00908473836776,0.0, 222.50036391756015, -0.9660364799382167, 17.61157071622858, -0.9660364799382167, 186.81391418268927, -8.11699936619591, 17.61157071622858, -8.11699936619591, 51.613399063598905, 7.1284569713959245, 5.1290743933980565, 11.0, 0.0
19, 0 ,1.0,1.0,1.0,272.33868642621854,65.94164757334967,238.24371661571246,15.784210238141346,16.190667346204616,13.711158069293543,72.0,82.0,70.0,-0.5726304210585097,0.8180634240184473,-0.05354096713328406,16.57246549765345,0.8178806520319539,0.5745427838976291,0.031174164029654828,15.392513792762125,-0.056264019676340635,0.0259388464349435,0.9980789228991286,13.700319851272436,88.00372744188853,80.27664205037738,70.08180802803145,25.34666826642191,7.537988150047035,143593.0,495103.00545864867, 0.0, 0.0,0.0,NaN, 94.48432510610078,94.48432510610078,0.0, 249.1412928418461, -17.596666595410923, 3.920973374942078, -17.596666595410923, 262.1377091154564, -2.926541673179559, 3.920973374942078, -2.926541673179559, 187.99585560115344, 6.084472412904666, 4.914677050717624, 28.0, 0.0
20, 0 ,1.0,1.0,1.0,277.6663101979278,207.22068336810364,12.34606686418541,13.21283586969191,13.756257535152473,7.739899464767401,55.0,72.0,31.0,0.38692846828536764,-0.9215480078214927,0.03218120119849178,13.866949556864697,0.9197125772000914,0.38820233076005783,0.05854678242588765,13.1165996525447,-0.06644648802084799,0.00694403864457416,0.9977658265129137,7.705986008279363,66.33495662190566,62.70127252960259,32.26565817916707,19.576305703917328,6.36301436461821,57041.0,134202.1065852337, 0.0, -2.8421709430404007E-14,0.0,22.846550327059184, 96.22484430682027,96.22484430682027,0.0, 174.57903171941717, -7.1675902030384195, 7.721446620727217, -7.1675902030384195, 189.2346213734392, -1.3810467854063893, 7.721446620727217, -1.3810467854063893, 59.9060437247067, 7.53010845328424, 5.564628856097862, 12.0, 0.0
21, 0 ,1.0,1.0,1.0,40.78230308344293,85.18778313605144,36.98322373228116,13.311601262631035,13.866550453952815,17.31696444668899,62.0,70.0,81.0,0.2404042246266038,0.02506384416636117,0.9703492219285209,17.547550789608497,-0.16408594998320525,-0.9842306292931416,0.06607472572273378,13.890988487597818,0.9567035119616684,-0.17510531710039506,-0.23250057660870382,12.980027251077884,83.01558417911748,71.85189287886487,61.17537241992167,24.833862263566946,7.2551011288199305,136860.0,364900.5046857273, 0.0, 0.0,0.0,NaN, 101.42935215240553,101.42935215240553,0.0, 177.19872817528014, 4.793393327162875, 32.261553177550454, 4.793393327162875, 192.281221492019, 1.7992631161798578, 32.261553177550454, 1.7992631161798578, 299.8772576478904, 6.835946964812343, 4.939649960754532, 22.0, 0.0
22, 0 ,1.0,1.0,1.0,69.86871472855894,63.678666242747,159.59376043239806,14.585795490898038,14.298718050651658,14.062709006845902,71.0,65.0,70.0,-0.828280792184292,0.518686663701131,0.21193176778659514,14.6453318909863,-0.5348998190309578,-0.6193502043136763,-0.5747064537807594,14.519601500216197,-0.16683258943986404,-0.5893805810469132,0.7904412804159414,13.771491519923947,79.03387689686022,77.99723752860862,80.44988836357403,23.868116598831644,6.728414570323908,125810.0,495927.2281873354, 0.0, 0.0,0.0,NaN, 169.2646505971957,169.2646505971957,0.0, 212.74543010230153, -3.6564698328315757, 2.1473502985606907, -3.6564698328315757, 204.45333789203156, 10.263174254833219, 2.1473502985606907, 10.263174254833219, 197.75978461122486, 7.003889996971494, 5.100147528413913, 28.0, 0.0
23, 0 ,1.0,1.0,1.0,65.59344635104404,41.98988452110222,34.75284267107711,14.61696085489262,13.329361963446942,16.532122944213647,77.0,69.0,76.0,-0.12515333329625938,-0.0200527116018447,0.9919347417659335,16.55955560205207,0.9097175331375684,0.39665415643532165,0.12279857525509527,14.861415964498857,0.3959174826487628,-0.917749077329962,0.03140028651254715,13.021442232768573,79.30760358645976,80.64285202881838,62.00262714339357,24.751777396349283,7.210273209126115,135436.0,396543.46526408865, 0.0, 0.0,0.0,NaN, 85.28429327855997,85.28429327855997,0.0, 213.65554463346317, 18.77526670531421, -7.261776609211489, 18.77526670531421, 177.67189035258613, 0.4171224376043103, -7.261776609211489, 0.4171224376043103, 273.3110890425953, 6.428722155728015, 4.934660280041286, 23.0, 0.0
24, 0 ,1.0,1.0,1.0,27.710700132100396,283.5203314519035,133.36924062287338,15.004618839541724,10.593554206364463,20.255679779459896,64.0,47.0,107.0,0.1680339513122626,-0.06960481598170813,0.9833207822468416,20.42790527654086,0.9853426442846788,-0.017892028016006242,-0.16964595099073765,14.820665293920698,-0.029401778185434067,-0.9974141792282818,-0.06557812526984552,10.521554392264568,104.71122184647525,65.94591040106198,50.52835016842374,25.85371174361469,8.901692515983319,124905.0,348912.2468824256, 0.0, 0.0,0.0,NaN, 137.21084768190966,137.21084768190966,0.0, 225.1385865199304, -5.506687666510268, 32.44743212767745, -5.506687666510268, 112.22339072318219, -20.65393448270063, 32.44743212767745, -20.65393448270063, 410.2925633280205, 6.730790668813295, 4.958771460224854, 18.0, 0.0
25, 0 ,1.0,1.0,1.0,281.4973432518597,104.32767290774237,168.2164948453608,11.811209896801758,13.085464669526992,15.000744179735312,49.0,65.0,73.0,0.11286926593270902,-0.10712675306926345,0.987817993146839,15.037444601864625,0.48296454366659525,-0.8629103410136341,-0.14876489146519464,13.636801255746233,-0.8683350611191102,-0.4938720503820509,0.04565763334537163,11.12067004036808,71.59032628162706,70.83442770820363,59.08501373673414,22.128516445996414,6.7886044728542885,91277.0,299623.6374466411, 0.0, 0.0,0.0,NaN, 169.09613795686522,169.09613795686522,0.0, 139.50467922630781, -27.19976597959907, 6.947555243927787, -27.19976597959907, 171.22938561743914, -2.8454062286219117, 6.947555243927787, -2.8454062286219117, 225.02232594586283, 6.825864817645337, 5.218775597309851, 15.0, 0.0
26, 0 ,1.0,1.0,1.0,33.77398892109786,180.52545860901506,207.39426729511038,15.19415328586347,15.619582153556125,14.340963496599079,69.0,74.0,75.0,0.5867705644252138,-0.769559678309488,0.25194881671544594,16.835951042532844,0.6451466686289158,0.25624846451696054,-0.7198072661412301,14.698891361188142,-0.48937315075627896,-0.5849056556000269,-0.6468379189302177,13.453260570665316,94.98053351895285,76.75641724665158,67.1244708566403,24.96352618141499,7.570946791950757,135573.0,489361.9239272143, 0.0, 0.0,0.0,NaN, 154.8892187921357,154.8892187921357,0.0, 230.86229407431566, -40.46865100544472, -1.137396500855808, -40.46865100544472, 243.971346651689, -26.33387041349734, -1.137396500855808, -26.33387041349734, 205.66323401078728, 6.585402701060457, 4.931030623434828, 35.0, 0.0
27, 0 ,1.0,1.0,1.0,123.98285485164395,187.3338732959102,114.11060144346432,14.006633593854696,13.926943511300482,15.202526006947817,70.0,71.0,73.0,-0.16407343352910617,-0.3083123683194309,0.9370290240708841,15.326773750361143,-0.7414973031477372,-0.5879356101097256,-0.323285427740779,14.424966507887348,-0.6505856268275555,0.7478470444590724,0.13214817539121726,13.351879449835785,74.61381739784123,68.09851548776001,66.0513419482326,23.95969248791368,6.869896147393514,124700.0,335612.8262480706, -1.4210854715202004E-14, 0.0,0.0,80.55658742257664, 202.69838126007568,202.69838126007568,0.0, 196.18578463249892, 15.859477314407812, -1.5623218453397234, 15.859477314407812, 193.9597555669546, -10.696942906953993, -1.5623218453397234, -10.696942906953993, 231.11679699192476, 6.3177904483071305, 4.764260623500694, 31.0, 0.0
28, 0 ,1.0,1.0,1.0,31.822408367681604,14.02661436865665,71.38165359216416,17.569618759688257,8.974643865230641,14.195382154318239,73.0,36.0,72.0,0.9955765625051004,-0.0029378194726823598,-0.0939078133451843,17.59705706158945,-0.09386975197136263,0.011154246998150947,-0.9955219999772676,14.16195157611431,0.003972134862125339,0.9999334737824566,0.010829134498514623,8.973701616535207,76.21620777526252,68.86149143922239,36.62536147797307,23.07902445595742,7.622548165603915,90252.0,192223.1458670568, 0.0, 0.0,0.0,NaN, 79.40246881878561,79.40246881878561,NaN, 308.6915033607895, -0.7958430272921749, -10.204769492363553, -0.7958430272921749, 80.54423250772197, -1.2696752640207944, -10.204769492363553, -1.2696752640207944, 201.5088745071367, 6.838251485293287, 5.209602577305132, 16.0, 0.0
29, 0 ,1.0,1.0,1.0,235.4780554749149,274.2715948378243,95.31677707107228,13.778109379014007,13.460241418470051,14.504215935792276,72.0,60.0,71.0,-0.4856758060465761,-0.48651838621510696,0.7262360988656895,15.314464646450109,-0.683877678466743,-0.3059846199633668,-0.6623327964405895,13.604403784748937,-0.5444541599767113,0.8183356720933785,0.1841097375576102,12.719042702570013,78.12255353231939,71.63128665181893,67.39186873632129,23.180291570073003,6.637827938570529,113673.0,377126.1796492242, 0.0, 0.0,0.0,NaN, 117.94202028413675,117.94202028413675,NaN, 189.83629806007372, 22.069057677046903, -15.10668584093159, 22.069057677046903, 181.17809904349664, -20.984427775418894, -15.10668584093159, -20.984427775418894, 210.3722799120906, 6.090764697807386, 4.704936918808011, 23.0, 0.0
30, 0 ,1.0,1.0,1.0,134.265909805154,24.290053425518543,249.66473915776243,15.17090395656294,13.830784572204593,14.350255121100439,75.0,60.0,71.0,-0.8960621871717145,-0.24731576432246416,-0.3686563025890633,15.578567563033044,0.15984471632923777,0.5949923414988558,-0.7876761899532924,14.499760736309188,0.4141524156426824,-0.7647346116629644,-0.4936180206820111,13.207646348099285,80.20433919809881,78.79592607944451,63.846905435301,24.07851666975474,6.899404740050861,127280.0,403498.0884624699, 0.0, 0.0,-2.8421709430404007E-14,68.36722816978507, 145.43376401398814,145.43376401398814,0.0, 230.1563268592571, 18.529785840770685, 18.038009924619065, 18.529785840770685, 191.29060188273257, -10.55596197537933, 18.038009924619065, -10.55596197537933, 205.9298220406694, 7.836210082907353, 5.231761649859078, 21.0, 0.0
31, 0 ,1.0,1.0,1.0,19.917787915364954,252.9831013916501,81.46295441635898,11.6541496915407,15.805957627300268,15.229050148875556,49.0,81.0,81.0,-0.18410624460921138,0.9220548015180626,0.3404700187878209,16.035559821395392,-0.014615862866880477,0.3437846288690912,-0.9389347716992902,15.129145308718623,-0.9827976736076199,-0.17784001785545067,-0.049816270440723155,11.469143535065871,83.87156905661362,78.77325001037312,53.52817052762593,23.714584775388136,7.428993129406076,112672.0,353651.84823440807, 0.0, 0.0,0.0,NaN, 96.14322634710722,96.14322634710722,1.3486991523486091E-6, 135.81920503283823, -21.81016163562597, -6.53684724901711, -21.81016163562597, 249.82829651601153, 8.005542328251659, -6.53684724901711, 8.005542328251659, 231.9239684369666, 6.826746728095615, 5.284363846244659, 17.0, 0.0
32, 0 ,1.0,1.0,1.0,165.40219606909582,11.445968665843388,219.26947969826367,16.63313377975528,7.727909770149623,13.917826665450814,85.0,32.0,73.0,0.9749865241500248,0.041120438233634794,0.21842707544012646,16.767666614329563,-0.22158628160424004,0.10314542364081439,0.969670326135003,13.82047992443972,-0.01734351552192704,0.9938159442982543,-0.10967712308366744,7.610999856076752,83.98133963077046,73.97206912301533,35.3755361883571,21.665965237369686,7.789324628836609,67211.0,219762.50460365682, 0.0, 0.0,0.0,NaN, 157.36898020229606,157.36898020229606,0.0, 276.6611393352362, 5.908014685466996, 18.945298013666076, 5.908014685466996, 59.72058941557399, 15.315091510678668, 18.945298013666076, 15.315091510678668, 193.70589908953374, 6.830438476669047, 4.814403677646713, 18.0, 0.0
33, 0 ,1.0,1.0,1.0,58.84033665015561,111.64758690220488,158.08678385131284,13.932624385858425,12.558267195050657,15.018467839542701,71.0,63.0,73.0,0.511778293770138,0.14868389013569674,0.846153696936817,15.612767385426695,-0.804257564753323,-0.26339609862080754,0.5327215640166942,13.404695372571526,-0.30208069710390556,0.9531608447924483,0.015220262539281777,12.407179776411587,74.77815877663727,64.9924151401593,61.55198891226643,23.128150601637433,6.516987280566498,114065.0,299143.4748222971, 0.0, 0.0,0.0,NaN, 189.91242664937184,189.91242664937184,0.0, 194.11802227741686, 12.289079495576663, 27.864599197826934, 12.289079495576663, 157.7100749422855, 7.687411013501807, 27.864599197826934, 7.687411013501807, 225.5543762473784, 6.6029148027630695, 4.937989258287659, 24.0, 0.0
34, 0 ,1.0,1.0,1.0,144.76196146654138,152.40395009814776,58.40538277623243,13.319470267641615,13.92361817688228,13.683219912125919,65.0,66.0,64.0,0.5344678894638207,0.6624905085856332,0.5248336890540066,14.793639890617694,0.056917269050386354,-0.6477688365613378,0.759707811506382,13.375381325033507,-0.8432701225680505,0.37616733033840083,0.3839187934578689,12.678853722102188,75.17652010497838,66.24895423679757,64.38012317915735,22.735875011202445,6.448715064630584,107491.0,320636.56626396166, 0.0, 0.0,7.105427357601002E-15,58.3429520422014, 214.8297190137079,214.8297190137079,3.814697265625E-6, 177.408288210589, 19.9024092357623, 17.081714088579098, 19.9024092357623, 193.86714313560665, 11.27002143875504, 17.081714088579098, 11.27002143875504, 187.23050716359924, 6.234049277934426, 4.7435855624931165, 19.0, 0.0
35, 0 ,1.0,1.0,1.0,24.723210329767706,14.39412832035783,265.0527776019579,13.887722169716552,9.121574086960782,19.245380086091167,50.0,41.0,79.0,0.10201336191772689,0.06749811509609024,0.9924904424974164,19.326790062484125,-0.9928957701734179,-0.054518181365774056,0.10576274141824879,13.834210745808107,-0.061247559640998275,0.9962287751109399,-0.061457010006823576,9.030304228900484,83.29572443661087,55.958950161593144,42.62595746681982,24.010874910063027,8.362683875318911,94794.0,198685.61047762216, 0.0, 0.0,0.0,NaN, 45.16344110506941,45.16344110506941,0.0, 192.86882706323664, 7.956159027676311, 18.02767874254027, 7.956159027676311, 83.20311382391444, 18.926663881820172, 18.02767874254027, 18.926663881820172, 370.3846546581144, 6.289190259810505, 4.818211824954137, 10.0, 0.0
36, 0 ,1.0,1.0,1.0,53.611791695342966,19.419215416379902,164.00477173663685,14.902939272815576,11.832085331570555,15.042961957722438,85.0,47.0,76.0,-0.6213816751945658,0.14902498715817258,0.769205022692196,15.365977196203346,0.7774665447993341,-0.004404631530136073,0.6289088733185986,14.644439771375481,-0.09711120146605401,-0.9888236204822327,0.11312498453581889,11.739406940412076,77.93642177184688,74.40358904219795,49.84766258377542,23.236026853518396,6.9622986711951835,108975.0,289054.108330899, 0.0, 3.552713678800501E-15,0.0,81.42957262460587, 147.46535948003807,147.46535948003807,NaN, 222.09759896922884, -9.365148812205002, -9.507778221441297, -9.365148812205002, 139.9982432935671, 11.055838568327035, -9.507778221441297, 11.055838568327035, 226.2907044614845, 6.46569888771305, 4.784440754106784, 21.0, 0.0
37, 0 ,1.0,1.0,1.0,128.53305390823562,92.9989744504392,209.39266955009586,14.477347484523317,12.609873073701733,14.429780857488751,70.0,63.0,69.0,0.6853155756026036,0.06869410054925905,0.7249990913002583,15.398041717028049,-0.6185924595547444,0.5802630365209244,0.5297529399913969,14.302489556190752,0.38429927246676415,0.8115269120597572,-0.44015694948991885,11.625840549971807,72.76708944275265,71.047050112783,59.00195174602159,23.10405169387802,6.55925758331904,112135.0,305033.4262683183, 0.0, 0.0,0.0,NaN, 182.69987281623648,182.69987281623648,NaN, 209.59359018763365, -20.112228107197005, 27.90617176004426, -20.112228107197005, 159.008898934868, 26.41051551253587, 27.90617176004426, 26.41051551253587, 208.21857559514882, 6.651134703112503, 4.832289012998306, 27.0, 0.0
38, 0 ,1.0,1.0,1.0,281.48290029924476,254.211668170807,243.38808008359854,11.107291432274238,13.70033445544456,13.607064816645792,45.0,73.0,73.0,0.11446799857481604,0.8100124361829886,-0.5751320983314837,13.882561353014216,-0.07768599290448185,-0.5698658869255863,-0.8180573069320752,13.468831793736635,-0.9903847554403898,0.1383210907541381,-0.0023047871625805835,11.049360183682085,72.69118167687716,67.1612502084169,49.572225920754875,21.33815096091043,6.39582783119411,84212.0,242013.1258652057, 0.0, 0.0,0.0,NaN, 75.12898102363063,75.12898102363063,0.0, 123.3719229614727, 9.175691138625806, -0.8803931111910267, 9.175691138625806, 187.69916419104138, -5.252844339169653, -0.8803931111910267, -5.252844339169653, 185.15221292439978, 6.596347884174292, 5.02848596428356, 15.0, 0.0
39, 0 ,1.0,1.0,1.0,133.85198022726826,278.44699371762806,54.44667861433326,13.418380933382107,12.337666861498107,14.790945863299926,59.0,52.0,72.0,-0.07903724004379996,-0.085992339591099,0.9931557945347288,14.81811818281741,0.9879073102345456,-0.14006407450411387,0.06649211546079604,13.42859170128324,0.13338763462706937,0.9864012229133515,0.09602273878431261,12.293874427128863,72.82239155353264,62.635218511925025,56.65109120850548,22.52348214362929,6.6133049313730075,101554.0,258399.58625668404, 0.0, 0.0,0.0,NaN, 146.10039528591793,146.10039528591793,1.9073486328125E-6, 180.05294687335245, -3.573574555769474, -3.45478786723655, -3.573574555769474, 152.21802358530854, -6.116632816226128, -3.45478786723655, -6.116632816226128, 218.7720795310692, 6.289605727087241, 4.664308336018955, 16.0, 0.0
40, 0 ,1.0,1.0,1.0,199.98581513739535,175.0314354555938,190.42710218163748,14.409214770316243,12.335852308479156,14.155016205436874,75.0,65.0,66.0,0.8975780629194399,0.29128890779358396,0.33091448013377445,14.662585254995165,0.3373935935654018,0.029260506702374275,-0.9409088084232946,14.102197967708891,-0.2837590245028511,0.9561875312635805,-0.07201542244025985,12.095445935121058,75.1122414295885,67.44041902656788,62.28331238123869,22.753997751272788,6.512971102728751,106663.0,315502.4117261677, 0.0, 0.0,0.0,NaN, 193.97473864999534,193.97473864999534,NaN, 207.62547029709978, 18.478737348886828, 3.7135014541200806, 18.478737348886828, 152.1732521766105, 5.173911538068151, 3.7135014541200806, 5.173911538068151, 200.36448377618052, 6.711967276804645, 4.8274978840588085, 34.0, 0.0
41, 0 ,1.0,1.0,1.0,104.80667906093629,216.06849152508852,276.08720159806967,13.840734372775039,14.16075365104809,12.493769360048756,71.0,67.0,54.0,-0.5987410755952393,0.7767296959268197,-0.19544846855498033,14.473536062060024,-0.7373609480162402,-0.6298306867581812,-0.24415597137549086,13.67136043752611,0.31274263658102036,0.002070140852339121,-0.9498356477734469,12.320625082071743,71.05075484606466,63.900230279795124,57.19634171986203,22.474391486414422,6.564211459177011,101122.0,259680.519727927, 0.0, 0.0,0.0,NaN, 136.38460330282007,136.38460330282007,0.0, 191.56592797771646, -10.522458606198889, 13.071109195236035, -10.522458606198889, 200.5269439656718, -3.3584181312496986, 13.071109195236035, -3.3584181312496986, 156.0942728220931, 5.512581265156767, 4.40942311391581, 21.0, 0.0
42, 0 ,1.0,1.0,1.0,175.50094293709697,279.626353570994,173.54383136634627,13.048519039851284,11.454890969809409,16.108792059672727,70.0,50.0,75.0,0.29148566096455164,-0.03379486966676964,0.9559780417123941,16.385791116001073,0.8919291518688454,-0.3515507692111082,-0.2843843257171538,12.90007234012264,-0.34568554713580435,-0.9355586370993987,0.07232937888669641,11.227891209293965,78.80258898472431,71.76114140904849,55.717872038607766,22.652752704236487,6.915515368067609,98628.0,315082.54557646386, 0.0, 0.0,0.0,NaN, 178.62324390702685,178.62324390702685,0.0, 170.26384913336145, -14.053952740419744, 29.454413794053615, -14.053952740419744, 131.21452713022114, -0.5678177240481275, 29.454413794053615, -0.5678177240481275, 259.4931816217751, 6.617896524210933, 4.950920404650003, 27.0, 0.0
43, 0 ,1.0,1.0,1.0,240.04394319810524,93.8278561045773,186.70392469784605,13.627686746364915,12.26124401818212,13.466346978193284,66.0,61.0,69.0,0.7772301183736775,-0.3718908179423969,0.5075535071526684,14.300205519233876,0.4528578440709577,-0.22940822589768545,-0.8615634851558418,13.16482729049065,-0.43684449882795057,-0.8994826765539237,0.009889308527174493,11.814647535444202,70.44877838730906,67.24995545086185,59.60410021356975,21.913064489959684,6.100168565398268,98377.0,282384.98709198256, -2.8421709430404007E-14, 0.0,-2.8421709430404007E-14,23.672427826855895, 158.8533789608664,158.8533789608664,0.0, 185.71384605704998, -22.26574119906155, 12.447034708633282, -22.26574119906155, 150.33810487340682, -5.585960491191833, 12.447034708633282, -5.585960491191833, 181.3425009370954, 6.771692395146951, 4.748239292523643, 19.0, 0.0
44, 0 ,1.0,1.0,1.0,118.49934592887443,169.73871727308403,271.8324082898843,14.478380188150302,12.09974737729643,14.422365799778698,69.0,57.0,63.0,-0.8244426522160044,-0.004697126995648258,-0.565926011246194,14.530719710659767,0.5627063585126749,0.1000296632002627,-0.8205824885832301,14.391012519482047,0.06046376846050515,-0.9949733682255159,-0.07982561760190542,12.074309838827064,72.14309805812334,75.77605636183266,58.00457679779754,22.815426630086442,6.594567644426325,107022.0,317094.7490146405, 1.4210854715202004E-14, 0.0,0.0,34.46797456623801, 178.33538624171132,178.33538624171132,0.0, 209.6234928726232, 3.7041842818215827, 2.1811521797414883, 3.7041842818215827, 146.40388659439182, -4.8589483189424865, 2.1811521797414883, -4.8589483189424865, 208.00463526262624, 6.11096661223146, 4.553621847594279, 18.0, 0.0
45, 0 ,1.0,1.0,1.0,91.93118302349805,267.94591564712323,40.70551524460216,12.26901856189122,15.222577474645156,14.790914499210176,63.0,65.0,73.0,-0.2707599534088974,-0.6829476601825105,0.6784331515199166,16.458714218353816,0.3587277551672851,-0.7255783162788241,-0.5872397335148803,14.084848022164648,-0.8933103857577458,-0.08437179858946392,-0.4414498321441824,11.478441341821354,83.98115647479551,65.92678448862921,58.51357479812661,23.50428738285503,6.969598825659197,113286.0,323966.7031656828, 0.0, 0.0,0.0,NaN, 105.52604279100858,105.52604279100858,0.0, 150.52881647203134, 8.385708369833694, -39.59386687810564, 8.385708369833694, 231.7268649715741, -36.07630517536446, -39.59386687810564, -36.07630517536446, 218.7711517229458, 6.7821447003956425, 4.6320294899730925, 17.0, 0.0
46, 0 ,1.0,1.0,1.0,51.568096004202644,187.14559871293955,47.195365597399615,15.789537235912505,11.594457260276855,15.58654602037431,74.0,59.0,80.0,-0.964221729912738,-0.19668318321074202,0.17774189434732904,15.98458375023435,-0.15509918003504158,-0.12520209980372624,-0.9799329969733623,15.604614844629744,0.2149899995733408,-0.9724403116113747,0.09021718481878804,11.299133595652615,75.98172625298247,80.87061285955119,58.7195799373942,24.017231706660898,7.06073107251744,121828.0,360813.54331504187, 0.0, 0.0,0.0,NaN, 132.75084538047864,132.75084538047864,0.0, 249.30948612426752, 26.49304850344315, -4.3037746084318, 26.49304850344315, 134.43143916038667, 9.742568252235523, -4.3037746084318, 9.742568252235523, 242.94041684524626, 6.559248535999077, 4.74135066752303, 27.0, 0.0
47, 0 ,1.0,1.0,1.0,278.8310289137796,235.50516280281323,48.111508205261785,11.884813495806672,13.495864586843469,14.022647048964428,50.0,59.0,66.0,0.11620676447690487,0.5473525739917012,0.8287949973512561,14.432664668432434,-0.05427248349058996,-0.8297023451456792,0.5555614421425632,13.09512706460447,-0.9917411383146174,0.10954076047034007,0.06671084147278299,11.842196619158145,66.25661703467543,64.66382685745802,55.02697565349237,21.928216707930087,6.259001122096238,95975.0,235757.9273278066, 0.0, 0.0,0.0,NaN, 83.20112128887347,83.20112128887347,9.5367431640625E-7, 141.2487918301084, 5.736246159658435, 5.613288133000599, 5.736246159658435, 182.13836094641565, 16.474568874022065, 5.613288133000599, 16.474568874022065, 196.63463025983077, 6.3078484250468865, 4.588957887535718, 12.0, 0.0
48, 0 ,1.0,1.0,1.0,187.40648074552763,66.97246892674892,61.80873391620877,11.897690017360038,12.743960215331871,13.489900841986985,58.0,63.0,73.0,0.0993710829771929,0.3592776078502229,0.9279250984671994,13.618585342345481,-0.2227722868535816,-0.900837037465188,0.37264613259897034,12.663891517011447,-0.9697927077875794,0.2437462459779951,0.009480057682803349,11.83642510914549,69.50303707691957,63.77611650237496,57.348011774599996,21.191071466822162,6.0728464935159785,86811.0,254202.7347749013, -2.8421709430404007E-14, 0.0,0.0,84.29704420004883, 144.85486446984197,144.85486446984197,0.0, 141.5550277491887, 5.688063597721544, 2.500065732438849, 5.688063597721544, 162.40852196996153, 8.318299225441125, 2.500065732438849, 8.318299225441125, 181.9774247266412, 6.011170646370201, 4.54114580861405, 30.0, 0.0
49, 0 ,1.0,1.0,1.0,230.27768917445928,242.462314267684,286.22653892490393,18.095281752224263,15.203603169071815,7.940114345290398,93.0,77.0,32.0,-0.9643468333153787,-0.264472772141978,0.00945187125063574,18.3137952211379,-0.26189217517303287,0.9588540310060438,0.10959669614819259,15.006323566640685,-0.03804830689713673,0.10321385575105282,-0.9939311979826685,7.81340799157374,98.14738420687354,79.62090447559981,35.80927657985575,23.62186270191871,7.977580417831046,87155.0,279834.58199616394, 0.0, 0.0,-5.6843418860808015E-14,89.45843960499138, 91.44120589904345,91.44120589904345,0.0, 327.43922169238044, 28.751753428874, -7.21187189559414, 28.751753428874, 231.14954932261054, 16.563261626973258, -7.21187189559414, 16.563261626973258, 63.045415816286365, 6.819804896278955, 5.1795311552913645, 19.0, 0.0
