// Sample: .//bubblelabels.tif, Map: .//bubblelabels.tif, Thickness:(8.191250068658265):/gpfs/home/mader/Foam/NewValid/InSilicoTest/LatticeDataPhi_16.0/out_Step_02000.vtk/distmap.tif, Neighbors:(1.0):
//LACUNA_NUMBER, TRIANGLES, SCALE_X, SCALE_Y, SCALE_Z, POS_X, POS_Y, POS_Z , STD_X, STD_Y, STD_Z,PROJ_X, PROJ_Y, PROJ_Z, PCA1_X, PCA1_Y, PCA1_Z, PCA1_S, PCA2_X, PCA2_Y, PCA2_Z, PCA2_S, PCA3_X, PCA3_Y, PCA3_Z, PCA3_S,PROJ_PCA1, PROJ_PCA2, PROJ_PCA3,OBJ_RADIUS, OBJ_RADIUS_STD, VOLUME, VOLUME_BOX, Mask_Grad_X,Mask_Grad_Y,Mask_Grad_Z,Mask_Angle, Mask_Distance_Mean,Mask_Distance_COV, Mask_Distance_STD, SHAPET_XX, SHAPET_XY, SHAPET_XZ, SHAPET_YX, SHAPET_YY, SHAPET_YZ, SHAPET_ZX, SHAPET_ZY, SHAPET_ZZ, Thickness, Thickness_STD, Neighbors, Neighbors_STD
1, 0 ,1.0,1.0,1.0,169.87877123052286,65.10156752270629,165.6670095500824,13.030697710524182,13.222802914575883,13.3792113944633,59.0,65.0,64.0,-0.3346041215039186,-0.6801820554181677,0.6522211690521156,14.765488573779864,-0.8730338651034439,-0.036804889230305116,-0.4862687225303374,12.962791299151865,0.35475618705687423,-0.7321186868369519,-0.5815069011877722,11.729931209974012,76.08796713310859,62.7696048411712,67.37794292362348,21.7957551649784,6.970649472383359,85549.0,321797.8390163324, 2.8421709430404007E-14, 0.0,0.0,70.4515334177171, 79.52519569124489,79.52519569124489,0.0, 169.79908282306016, 19.28301156972025, -4.628557247379681, 19.28301156972025, 174.8425169177165, -35.13553222107383, -4.628557247379681, -35.13553222107383, 179.00329753773661, 5.9312560982116205, 4.068841421949886, 35.0, 0.0
2, 0 ,1.0,1.0,1.0,170.0859286156056,40.0629451549189,12.077090357720008,14.6807937413165,11.087387427487139,8.241150872337235,65.0,60.0,31.0,0.9394031269862434,0.33408263193010834,0.07688016682551968,15.154876150280082,0.3399158052041833,-0.9368365458528859,-0.08242894956764373,10.490179717584097,0.04448606951462092,0.1035667967887643,-0.9936271474864482,8.164452884631135,73.5466532774843,63.3085884731106,35.03759606383998,19.0327877689214,6.642696913609215,50123.0,163139.77054856904, 0.0, 0.0,0.0,NaN, 51.436828759024564,51.436828759024564,0.0, 215.52570487507768, 37.34345300995288, 10.557348359621274, 37.34345300995288, 122.93015996719987, 7.53719410093941, 10.557348359621274, 7.53719410093941, 67.91656770062475, 6.190683273660797, 4.076213269686468, 15.0, 0.0
3, 0 ,1.0,1.0,1.0,9.280275492634399,30.318002678400614,135.0334034819208,6.095471483356842,10.4526007132094,10.48522394281903,23.0,50.0,53.0,0.04985798165734581,-0.7004778656378143,0.7119304329894512,11.498879332643169,-0.00857565437361168,-0.7130909202943978,-0.7010191135381068,9.338799682612883,-0.9987195000685227,-0.0288461287728586,0.04156033009613303,6.075701604474067,62.95356382365302,44.00259073784687,25.163401904893693,15.17551091394699,5.104451381484483,26135.0,69705.6404796945, 0.0, 0.0,0.0,NaN, 72.29082557814372,72.29082557814372,0.0, 37.154772604416465, -3.0210587189318705, 3.685453204321072, -3.0210587189318705, 109.25686166978566, -22.386325476879477, 3.685453204321072, -22.386325476879477, 109.93992113106543, 6.290847184223816, 4.115920288450671, 11.0, 0.0
4, 0 ,1.0,1.0,1.0,59.15763535182041,74.14351065836635,142.30689964157705,9.773639720299657,9.966107668934242,10.547402791638534,49.0,56.0,55.0,-0.5958477547136304,0.3903573204174322,0.7018451507271725,11.439458603439254,0.17420220454064073,-0.7902931048510357,0.5874439550783467,10.018040573498459,-0.7839764314926223,-0.4722901341563595,-0.40289326631585953,8.652900729120358,56.06238251010245,54.143460229046354,48.39995651129682,16.796263285273454,4.896997115766923,42408.0,146913.77867851127, 0.0, 0.0,0.0,NaN, 111.01972717554885,111.01972717554885,0.0, 95.52403338221917, -16.531582926598222, -20.80566459403755, -16.531582926598222, 99.32330206878991, 3.5061122613979334, -20.80566459403755, 3.5061122613979334, 111.24770564906434, 5.960923452401128, 3.862886022705397, 21.0, 0.0
5, 0 ,1.0,1.0,1.0,28.748685008275025,107.01673029970341,174.17523391285823,12.424323551825754,12.106461237543467,10.136177709340176,58.0,57.0,51.0,-0.8113803214522501,0.5845036471590652,-0.004178566475999737,12.757555041313433,0.5839960284460705,0.8103320267822098,-0.04806917026798713,11.758329641626691,-0.024710579096007514,-0.04144264505056407,-0.9988352689267401,10.132067477993846,66.13971198313467,56.42266200670177,51.67548765434583,19.2277558031854,5.828012074883052,61027.0,192841.47971950492, 3.552713678800501E-15, 1.4210854715202004E-14,0.0,67.8215370489701, 100.69406078472899,100.69406078472899,1.3486991523486091E-6, 154.36381572045212, -11.654225300169493, -0.7956058380472346, -11.654225300169493, 146.5664036961425, -1.53345099423261, -0.7956058380472346, -1.53345099423261, 102.74209855532466, 5.985813790494525, 3.739733919811262, 23.0, 0.0
6, 0 ,1.0,1.0,1.0,136.00458902531938,16.116621485143252,180.01537943620545,14.450699831603584,9.991181637244773,9.663005308192243,75.0,41.0,39.0,0.9801032664539213,0.19189133308974549,0.05074744694459276,14.609389365037188,-0.19150452167674967,0.8469674828803266,0.4959557451232147,9.834556191103909,0.05218817168394699,-0.4958062113652917,0.866863654508529,9.584745934161981,75.16482934089171,53.851827510541,48.67357724560307,19.030093702877583,6.314716254698398,56439.0,197019.12571554206, 0.0, 0.0,0.0,NaN, 68.95319552415604,68.95319552415604,0.0, 208.82272562310789, 22.076645493990853, 5.585712304010022, 22.076645493990853, 99.82371050841714, 3.2215803354222197, 5.585712304010022, 3.2215803354222197, 93.37367158615149, 6.043088832635575, 3.935871887837331, 14.0, 0.0
7, 0 ,1.0,1.0,1.0,185.14682940734406,155.23623312342895,91.14322734458005,8.379317628340111,10.746563342351397,10.251846145268802,32.0,55.0,50.0,0.20065366194101875,0.8186349083168634,0.5381217286401845,11.33525210180972,-0.1960130698079697,-0.5046376831227082,0.840785159976674,9.783199882438696,-0.959852584730653,0.2741855132161188,-0.05920574235915137,8.161065912165812,54.54852713772661,48.29002648353275,38.44535897041162,16.355663545493613,4.826407251844127,38589.0,101270.8354163018, 0.0, 0.0,0.0,NaN, 102.62309385523487,102.62309385523487,0.0, 70.21296391661134, 13.044585325420451, 1.8849535843274343, 13.044585325420451, 115.48862367117083, 14.91158981903672, 1.8849535843274343, 14.91158981903672, 105.10034938626278, 6.1646263812133775, 4.069757722534902, 19.0, 0.0
8, 0 ,1.0,1.0,1.0,79.30733284429593,146.66433015459015,44.86665579916863,9.63547221743847,8.898606850282428,10.396731957288756,45.0,40.0,48.0,-0.5874349347686887,-0.09973214318102197,0.8031025445295431,11.233455101636059,0.11626054692674498,-0.9924834701135659,-0.03821055848360616,8.87304440986785,0.8008768211414292,0.07092292413497307,0.5946143760375664,8.671685735811177,54.042455330586435,40.67252035286796,42.54833012744891,16.085376696755695,4.623875067958385,36807.0,93523.05342674228, -1.4210854715202004E-14, 0.0,0.0,54.02480610423907, 105.58107559281433,105.58107559281433,0.0, 92.84232485302863, 2.5798108319416486, -24.07239412068864, 2.5798108319416486, 79.18520387589336, -3.950266731906219, -24.07239412068864, -3.950266731906219, 108.09203539170929, 5.984981367727116, 3.9426459898230712, 14.0, 0.0
9, 0 ,1.0,1.0,1.0,153.209182023925,10.739573229873908,87.33923375363725,9.457246510060845,6.825168240564845,9.59663460423083,47.0,26.0,46.0,-0.6048336872283148,-0.040483849432945,0.7953221163333084,9.762010849186026,0.7906728258611297,0.08853005834137112,0.6058043506073967,9.307823236927161,0.09493520547498363,-0.995250464307937,0.021536481984266186,6.795984076032464,47.82446275485977,49.13619365221135,27.908393000320054,14.402351894931883,4.548635914837646,24744.0,65582.26937697652, 0.0, 0.0,0.0,NaN, 99.66373880555804,99.66373880555804,0.0, 89.43951155205802, 4.033986783146328, -4.249105799742303, 4.033986783146328, 46.58292151201502, 0.588143481588977, -4.249105799742303, 0.588143481588977, 92.09539572712065, 6.329415019028277, 4.057770966247089, 15.0, 0.0
10, 0 ,1.0,1.0,1.0,98.96596038691847,90.84375863657301,12.931598341777983,11.21754819899478,11.361545179131515,8.35904181590413,59.0,54.0,33.0,0.5942351530881663,0.7982527679340897,0.09837225889368938,11.522991941164346,0.7977539248946419,-0.6005426346156155,0.05419611908733709,11.086616006524103,-0.10233893760185808,-0.04627161651054431,0.9936728230942135,8.31259759533664,57.741504281894976,59.091766463998354,36.23863302043661,17.225156156054656,5.29959167613787,43420.0,123647.93670453543, 0.0, 0.0,0.0,NaN, 134.95953480283683,134.95953480283683,0.0, 125.83338759677106, 4.425243557458679, 6.0491456091466596, 4.425243557458679, 129.08470885744654, 3.2490548860114865, 6.0491456091466596, 3.2490548860114865, 69.87358008003382, 6.128130826064377, 3.848789238187473, 13.0, 0.0
11, 0 ,1.0,1.0,1.0,154.63529008418726,9.84812007161632,39.891242238390916,10.222413785444965,6.2507794027775425,9.69435872483073,47.0,24.0,48.0,-0.9759148365672887,0.010554270412462633,0.21789639543577374,10.249745824490377,-0.2178932748541092,0.0014586413522486613,-0.975971512462714,9.665842537785043,-0.010618499950279834,-0.9999432382597855,8.761948069772716E-4,6.250182109093485,52.935670406319474,49.471562385925324,24.29059438573427,14.720439076352237,4.567192926529166,26251.0,63612.45927929851, 0.0, 0.0,0.0,NaN, 61.20664655094898,61.20664655094898,NaN, 104.49774360085527, -0.6970057687076822, -2.47233426572877, -0.6970057687076822, 39.07224314218797, 0.07437365450708538, -2.47233426572877, 0.07437365450708538, 93.98059108570169, 5.841644096318202, 3.8749627265407893, 13.0, 0.0
12, 0 ,1.0,1.0,1.0,188.56993664810904,59.11088500671914,92.91683624496065,6.973244703368016,9.499443283443256,9.614201011958823,28.0,46.0,54.0,0.16130845416737058,-0.6299949894540395,0.7596616983084894,9.836757826002891,0.0514681427982697,-0.7633246445652665,-0.6439615805901834,9.343738135080883,-0.9855610650238931,-0.14297482387509627,0.09070604636326575,6.872494352297525,51.96837757378299,45.19966852966425,29.866418236880378,14.544759101158709,4.443918110859205,26045.0,70154.82586873374, 0.0, 0.0,0.0,NaN, 110.71712393427968,110.71712393427968,0.0, 48.62614169305009, -6.6078701109517555, 4.741274055665351, -6.6078701109517555, 90.23942269535517, -4.005944445208118, 4.741274055665351, -4.005944445208118, 92.43286109835005, 6.14434326348984, 3.943703912898001, 11.0, 0.0
13, 0 ,1.0,1.0,1.0,71.85959625655349,187.3942868342398,26.032020187172325,11.079904293139927,7.368984607060918,12.739613022311302,54.0,29.0,55.0,-0.40953875334517476,0.04840312157181205,0.9110077646928072,13.12792308136031,0.9079623906216885,-0.07555518485519111,0.4121840744837752,10.64604156151987,-0.08878235593308234,-0.9959661399182215,0.013005437761535489,7.326894832244005,60.932775905782535,52.05928067852166,31.000789162260872,17.52131429903177,5.689244104186548,40818.0,98338.11430003423, 0.0, 0.0,0.0,NaN, 77.46206590065646,77.46206590065646,0.0, 122.76427914514058, -6.444567155494452, -21.945158810017983, -6.444567155494452, 54.30193413910075, 3.3745324883054315, -21.945158810017983, 3.3745324883054315, 162.2977399582437, 5.601200854707029, 3.709068237542556, 12.0, 0.0
14, 0 ,1.0,1.0,1.0,185.48332148592792,149.05913171682067,34.170392017481504,8.470184290130929,11.661063029102092,9.079248432332474,36.0,59.0,46.0,-0.20003147735891774,0.9797814253328248,-0.003970722653070869,11.78031351764668,-0.027314276080157664,-0.0015253182196690342,0.9996257318249392,9.079744267372135,-0.9794086677111992,-0.20006506935771556,-0.02706713200667401,8.302988765411998,61.2438980618123,46.07373694963181,40.55220038223479,16.306358041609634,4.925429158187743,37983.0,114427.57324590205, 0.0, 0.0,0.0,NaN, 63.03428993138188,63.03428993138188,NaN, 71.7440219087808, -13.686426560761236, -0.3131942357614117, -13.686426560761236, 135.98039096869164, -0.2922807695880439, -0.3131942357614117, -0.2922807695880439, 82.43275209601167, 5.971469938495325, 3.910810114259689, 17.0, 0.0
15, 0 ,1.0,1.0,1.0,152.55758793110817,110.01927432796273,10.186973802299244,10.227231845392614,9.508904343716361,5.818298728551387,52.0,49.0,24.0,0.9139973184964325,0.4024640031972036,0.05129939484840142,10.403672822558748,-0.40243701133621307,0.915377794468744,-0.011311290833261324,9.32642662139687,0.05151071430399311,0.010306285655812866,-0.9986192601727012,5.800818167196384,46.53522112566398,42.875260744787184,24.5754021270268,14.468170801034043,4.420426088525238,23399.0,49033.08167791857, 0.0, 0.0,0.0,NaN, 102.23056240982775,102.23056240982775,1.9073486328125E-6, 104.59627121941283, 7.79005632048694, 3.7399697765460687, 7.79005632048694, 90.41926181794787, 0.9877206211873464, 3.7399697765460687, 0.9877206211873464, 33.852600094662684, 6.084180546363982, 3.9416289740421897, 16.0, 0.0
16, 0 ,1.0,1.0,1.0,11.427014337218077,46.70005030602834,14.438878175568039,7.042839935998561,9.288287006053304,8.793153202191444,27.0,46.0,38.0,-0.1800974523179532,-0.8586938018454892,0.47980189905910375,9.561754884176956,0.04112366566856277,-0.49392410450446345,-0.8685319931421318,8.579699813491004,-0.9827887625479663,0.13668918633748375,-0.12426710967844133,6.939380934451216,48.80367342485375,40.948125077140986,29.851001710400887,13.986504883880409,4.191788907053124,23854.0,59654.80670722298, 0.0, 0.0,0.0,NaN, 50.19912905835577,50.19912905835577,9.5367431640625E-7, 49.601594364096215, 6.174909347815699, -4.648420101296889, 6.174909347815699, 86.27227550681866, -6.907806936103417, -4.648420101296889, -6.907806936103417, 77.31954323720966, 7.243418051588162, 4.148536917178712, 11.0, 0.0
17, 0 ,1.0,1.0,1.0,62.15766720819451,12.05683288817909,104.9073161329405,10.550245733589355,7.335163842849731,11.932137814575814,50.0,28.0,56.0,0.34195835698391935,0.1505720963761356,0.9275734611780104,12.282301940683704,-0.9317275519792944,0.18275226186777788,0.3138238035345355,10.346177435601826,-0.12226304008787735,-0.9715604225034628,0.2027858339563275,7.042009512598054,60.36316265626087,51.048861278177675,34.91251121900781,16.670537436363052,5.43887930087038,36317.0,107581.88096963205, 0.0, 0.0,0.0,NaN, 114.24343017039823,114.24343017039823,0.0, 111.30768503912039, -4.568836223193334, 15.321108787146025, -4.568836223193334, 53.804628601450034, 17.438425517019887, 15.321108787146025, 17.438425517019887, 142.37591282603006, 5.59422108527962, 3.694640970116155, 17.0, 0.0
18, 0 ,1.0,1.0,1.0,191.70048045424764,134.74377593360995,118.69731382397903,4.875938689631441,9.753554574769138,9.72670866907655,19.0,47.0,46.0,0.0337025679475504,0.710390590244765,0.7030002462342634,10.863908197555157,0.012604985801756195,-0.7036460284386002,0.7104388650654762,8.475318635262202,-0.9993524159407823,0.015082306000035819,0.03266914138821238,4.864148351664945,49.129016933944285,45.296233098077494,20.128666451745318,13.879478673778044,4.568975620998737,18316.0,44793.51715661844, 0.0, 0.0,0.0,NaN, 104.5819467380952,104.5819467380952,0.0, 23.774778105044778, 1.8320241740436891, 2.667146955577035, 1.8320241740436891, 95.131826843, 23.04550632102708, 2.667146955577035, 23.04550632102708, 94.6088615330889, 6.1443261169653764, 3.849860201220107, 7.0, 0.0
19, 0 ,1.0,1.0,1.0,11.641576101504363,153.39723753948283,188.08721023609402,7.311912840201706,10.018411493099512,6.082119715238797,29.0,56.0,23.0,0.09601103999649804,0.9949748066766192,0.02840799671950822,10.042692897632122,0.993452267472012,-0.09756151591485775,0.05945033950376325,7.286003680562601,-0.061923117278675756,-0.022514099831431766,0.9978269603770342,6.073161301081093,56.67869957385565,31.258287954108276,24.38545277954364,13.140094658501289,4.261775548277422,18679.0,43203.19732969068, 0.0, 0.0,0.0,NaN, 49.48998204725406,49.48998204725406,0.0, 53.46406938270658, 4.540794760256838, 1.131424194584792, 4.540794760256838, 100.36856884506838, 1.714219179194956, 1.131424194584792, 1.714219179194956, 36.992180230496466, 6.172013658954612, 4.0688574034119815, 8.0, 0.0
20, 0 ,1.0,1.0,1.0,120.4671687455872,9.995528359614028,146.6083392170707,11.135232867259793,6.501496379685306,9.428246292862744,52.0,26.0,46.0,-0.8583727435964541,-0.1711079168430411,0.48365102485607425,12.014404576604027,-0.47318951400433185,-0.1001759266821891,-0.8752465181591466,8.482944910738615,-0.19821179805208428,0.9801463485148528,-0.005021813015255666,6.232850283224677,57.73221155537421,39.654625615911186,28.646888235619127,15.104798774755226,5.196128204362782,25494.0,65582.73167327349, 0.0, 0.0,0.0,NaN, 96.31225921807743,96.31225921807743,0.0, 123.99341100810274, 17.064456626539346, -30.084032324284582, 17.064456626539346, 42.26945517506113, -5.827396616037327, -30.084032324284582, -5.827396616037327, 88.89182815888006, 5.648406963166213, 3.7226167496273983, 9.0, 0.0
21, 0 ,1.0,1.0,1.0,57.84796410956029,150.0314303704481,21.270673732815617,8.531017207322696,10.331780107886278,11.099153924403486,40.0,49.0,46.0,-0.4286250863489192,0.1649453647213455,0.8882981267622503,11.859466161585207,0.17493151370241064,0.979739534686882,-0.0975162021682284,10.318545334385295,0.8863856389101549,-0.1135934453587607,0.4487950849835161,7.456261608299612,53.370086556662365,45.80336891866969,39.44821506224035,16.63023506769298,5.113749526545673,38116.0,96432.33584748878, 0.0, 0.0,0.0,NaN, 79.34536195324993,79.34536195324993,0.0, 72.77825459163594, 2.7065048535194265, -33.2508250004811, 2.7065048535194265, 106.74568019771459, 7.6009742068444694, -33.2508250004811, 7.6009742068444694, 123.19121783760133, 5.526061041476294, 3.659298072522259, 13.0, 0.0
22, 0 ,1.0,1.0,1.0,139.6709862228891,36.37320965761833,35.425780930296,8.74452900083181,8.976631162177796,11.075391543042208,39.0,44.0,56.0,0.22326849451676484,0.4136966676349111,0.882613305215816,11.68829486423268,-0.8184193972969395,-0.41227712468020455,0.40027148611103697,8.709199973121308,-0.5294722556322778,0.811715861402987,-0.24652888443846627,8.200279952220948,57.57407261161812,41.69987814995068,41.46268980986545,16.025016004333278,4.786423963749877,36655.0,99544.94472738139, 0.0, 0.0,0.0,NaN, 78.85167238960263,78.85167238960263,0.0, 76.46678744638855, 9.311196520825996, 10.851259528560004, 9.311196520825996, 80.57990702178148, 23.909843592239767, 10.851259528560004, 23.909843592239767, 122.66429783169087, 5.487618689065642, 3.5284717757929727, 16.0, 0.0
23, 0 ,1.0,1.0,1.0,71.08652722598738,63.865505959336296,46.78119887824258,9.091369871753663,9.252585001374634,9.581014536758348,42.0,39.0,51.0,0.465253809860006,0.5792120182098931,0.6693671118093352,10.015384154636484,-0.47916348071307513,-0.47102465441193225,0.7406336028611242,9.216761803833842,-0.7442722963819626,0.6653188806109002,-0.05839123171315353,8.648847148187654,54.111106189389645,48.07052863536715,44.4835653240288,15.504827961752847,4.433901756096753,34232.0,115708.40279194656, 0.0, 0.0,0.0,NaN, 106.39820380522761,106.39820380522761,0.0, 82.65300614503023, 9.16316228524327, 4.342313885330843, 9.16316228524327, 85.61032920766282, 6.349019620104845, 4.342313885330843, 6.349019620104845, 91.79583955357478, 5.6352846415421345, 3.6119684297393366, 23.0, 0.0
24, 0 ,1.0,1.0,1.0,8.501660010585574,19.15493432132031,55.21262570370014,5.359247753478632,10.353695676884142,9.616571085705818,21.0,42.0,45.0,0.005692107399999577,0.9459099143890428,0.3243794595436962,10.447348630814934,-0.05957134417316523,0.3241293607355956,-0.9441352723325914,9.5264843249768,-0.9982078214814533,-0.013949601056937681,0.05819410419967912,5.338351158486004,45.225957116617344,44.24582699917487,21.863849766020387,14.360877626810435,4.707885288206511,20783.0,43750.87246787283, 0.0, 0.0,7.105427357601002E-15,71.07201602004143, 59.05610695674558,59.05610695674558,0.0, 28.721536483165767, -0.7678557106329885, 3.65039524675083, -0.7678557106329885, 107.19901416952935, 5.694189733632587, 3.65039524675083, 5.694189733632587, 92.47843944643317, 5.514008996332712, 3.7769165441767543, 12.0, 0.0
25, 0 ,1.0,1.0,1.0,92.15694369652367,126.69813917309878,77.16747442110932,8.970924855951983,8.178303455356895,10.277046132186808,43.0,39.0,46.0,-0.10065332877178196,-0.1046927075487954,0.9893979706838206,10.30947748541633,0.9881844255440048,0.10501267759966207,0.11164174244257809,8.966819040589316,-0.11558740640495858,0.9889447783013228,0.09288582750410888,8.141906880648666,45.62911749533559,44.172133139986784,39.448142447189554,15.328571477856253,4.244374374438115,33426.0,79509.12965983193, 0.0, 0.0,0.0,NaN, 140.7866619417592,140.7866619417592,0.0, 80.47749277113711, 1.8860037664668807, -2.4259130860150444, 1.8860037664668807, 66.88464740790253, -3.977298602614954, -2.4259130860150444, -3.977298602614954, 105.61767720309582, 5.764783863088554, 3.624697059169348, 19.0, 0.0
26, 0 ,1.0,1.0,1.0,66.45747997316602,191.10078528866265,73.10788840219408,11.627838957999034,5.565643347504524,10.012302588009637,66.0,21.0,46.0,-0.9835176684809163,8.211389181938186E-4,0.18081018089902773,11.680259000073724,-0.18058850338181398,-0.054170842888176654,-0.9820658390490429,9.961191077847635,0.008988227421392363,-0.9985313442810205,0.05342626934533071,5.547562511630788,65.2762498982931,45.782107338208675,22.394194142565595,15.397213559164815,5.4180293864203355,25341.0,66924.69714666667, 0.0, 0.0,0.0,NaN, 99.1995766799935,99.1995766799935,0.0, 135.20663883316007, 0.5842940747617082, -6.648701718426134, 0.5842940747617082, 30.97638587162137, 3.6571742638726406, -6.648701718426134, 3.6571742638726406, 100.2462031138645, 5.30200563998899, 3.6315026145080735, 16.0, 0.0
27, 0 ,1.0,1.0,1.0,101.02849753817078,18.89573282936291,101.70584870940469,9.892754785712805,9.915823925713887,10.759055982355568,45.0,41.0,52.0,-0.5188775724250418,0.4215596759848947,0.743675671524762,12.51673332706835,0.5694236798088381,0.8192987151580836,-0.06712889253722984,9.508037125371454,-0.6375913563617819,0.3886348606646396,-0.6651617903705224,8.054567887173047,62.77660242820132,47.49608338410458,43.67564321845353,16.847230956123425,5.302665001535064,40214.0,130225.16467002456, 0.0, 0.0,0.0,NaN, 140.76273369272482,140.76273369272482,0.0, 97.8665972502436, -8.169580489940081, -36.396352081886405, -8.169580489940081, 98.32356412575996, 27.37336807177918, -36.396352081886405, 27.37336807177918, 115.75728563146112, 5.347711990916783, 3.390375606412125, 17.0, 0.0
28, 0 ,1.0,1.0,1.0,126.05530110262934,74.56448968052021,166.38295165394402,8.920707202516232,8.978234289317799,9.941914879372186,41.0,43.0,48.0,-0.2357180399719765,-0.3738138923882678,0.897050823247659,10.23089914592733,0.8095518034311778,-0.5861999244474223,-0.03155195935538335,8.919679787581236,0.5376456855523881,0.7187717457130393,0.44079960795301737,8.64854869723627,49.14179981093969,41.701503710522715,42.69158000060091,15.523153602725886,4.249833131049257,35370.0,87487.2976487687, 0.0, 0.0,0.0,NaN, 110.26235783729767,110.26235783729767,0.0, 79.57901699302498, 0.3718648059062032, -6.438536992793774, 0.3718648059062032, 80.60869095388189, -9.929516899142092, -6.438536992793774, -9.929516899142092, 98.84167146868207, 5.523291670348404, 3.6072777416576636, 16.0, 0.0
29, 0 ,1.0,1.0,1.0,45.03755424063117,55.77706771860618,171.0377909270217,9.211775861965792,11.92366163777232,8.27586288516734,44.0,53.0,40.0,-0.31509130111352884,0.9464029954685346,0.07098480211120814,12.236817070127016,-0.9490452414675936,-0.3146393393508394,-0.017754317237898724,8.815064292819942,0.005531872223774617,-0.07296201957903276,0.997319378177647,8.250780410541061,54.51023885409047,44.55423604425588,40.829169956515784,16.428294259662017,5.062763632169451,38025.0,99160.25555469682, 0.0, 0.0,0.0,NaN, 77.31928691892264,77.31928691892264,0.0, 84.85681453109562, -21.476992838978852, -1.6642988939852013, -21.476992838978852, 142.17370685208326, 5.540022450713061, -1.6642988939852013, 5.540022450713061, 68.4899064940903, 5.401886739791968, 3.5002893701286304, 22.0, 0.0
30, 0 ,1.0,1.0,1.0,188.9298357373618,177.91313646084544,186.26441279519497,6.454166733331355,11.485376466250157,7.907276777657219,26.0,48.0,30.0,0.02157655521302833,-0.9997548270185548,-0.004973742880206896,11.487224356240938,-0.2634435695299103,-0.010484536318308044,0.9646178311494814,8.013157145719417,0.9644334803077289,0.019502829314983067,0.2636052004612811,6.318872999119547,48.50438743831114,35.72516052435229,30.526715130883332,14.498085869047845,5.089270376518285,21977.0,52897.51703559013, 0.0, 0.0,0.0,NaN, 28.26737401422054,28.26737401422054,5.840038639982171E-7, 41.65626822164113, -1.9180936241241473, -6.180610432261406, -1.9180936241241473, 131.91387257149293, 0.21202912253841685, -6.180610432261406, 0.21202912253841685, 62.52502603847713, 5.854284261217834, 3.7350975710319085, 8.0, 0.0
31, 0 ,1.0,1.0,1.0,87.82387744940101,75.73293107993322,97.49140329808735,10.510058108056715,8.616088663015624,9.333258458285819,48.0,43.0,45.0,0.8679933166940199,0.21154395663738795,0.44926245846355106,10.998067817681054,-0.47825199993914314,0.11262363049480531,0.8709712638246908,8.882251827515539,-0.13365113814975432,0.9708579052901454,-0.19892787890817795,8.482695649563532,50.066613376126426,47.78233891499696,42.65941099654228,15.823015671116753,4.630355688760582,34141.0,102054.10417750814, 0.0, 0.0,0.0,NaN, 151.50275250712656,151.50275250712656,0.0, 110.46132143472869, 8.623857373352811, 16.218324244497733, 8.623857373352811, 74.23698384894637, 5.337617974633445, 16.218324244497733, 5.337617974633445, 87.10971344916379, 5.851808672327906, 3.5924610753503505, 22.0, 0.0
32, 0 ,1.0,1.0,1.0,143.1045643153527,71.380817108203,115.87037982764124,9.189065386188712,9.63543152797835,8.240129385192605,42.0,42.0,39.0,-0.46531080578305195,-0.8613656844185511,0.2038014026636928,10.008188702163265,0.8311062978331848,-0.34594476144949265,0.4354130725273094,9.07999540449225,-0.30454585159470665,0.3719830368871884,0.8768582807641379,7.9101225049310395,46.39509863120526,44.67222285783997,40.635661598095815,15.067991144715798,4.25861932432192,31330.0,84220.34197023168, 0.0, 0.0,0.0,NaN, 124.13744255109302,124.13744255109302,0.0, 84.43892267165151, 9.352934668162336, 3.627661528396022, 9.352934668162336, 92.84154073035918, -9.593440846587574, 3.627661528396022, -9.593440846587574, 67.89973228471466, 5.6054808390842545, 3.579215688189056, 19.0, 0.0
33, 0 ,1.0,1.0,1.0,146.3571283832682,106.16019684469532,84.07118251555941,9.430132668529104,9.045081717473064,9.608988835498181,43.0,48.0,45.0,-0.8142281010069362,-0.5317241816795206,0.23302788276917147,9.798156013898453,-0.10179746765292895,-0.26440914491220247,-0.959022981823819,9.623978015848673,0.5715504134458216,-0.8045851096708431,0.16116118076592928,8.62836935581232,48.21233766471991,43.07220515107781,42.02487350232433,15.597564290368261,4.448545837727799,34545.0,87269.34395164432, 0.0, 0.0,0.0,NaN, 136.93586112147543,136.93586112147543,0.0, 88.92740214605985, 9.821295455984757, -2.315738274552827, 9.821295455984757, 81.81350327576547, 1.9371855828309081, -2.315738274552827, 1.9371855828309081, 92.33266644072869, 5.339500444668525, 3.434048085832489, 20.0, 0.0
34, 0 ,1.0,1.0,1.0,9.02449076642625,98.52532297693588,112.86946183720377,6.049211885947116,9.686846606155413,10.804696211553765,25.0,50.0,58.0,0.015715726738809735,-0.011292233411467447,0.9998127331643923,10.805709966132103,0.04025312599986892,-0.9991184455096828,-0.011917117501878812,9.691542637640046,0.9990659146324179,0.04043287408651304,-0.015247324775002777,6.039872123387316,57.95526182330036,49.54888924199119,26.153150362676858,14.923412796077695,4.94582372857249,25234.0,75101.87954411135, 0.0, 0.0,0.0,NaN, 131.8347882079739,131.8347882079739,0.0, 36.59296444108387, -2.324587841790694, 1.233917436181746, -2.324587841790694, 93.83499717118465, -0.22242157858338982, 1.233917436181746, -0.22242157858338982, 116.74146022396427, 5.546100961431664, 3.5243351250465196, 16.0, 0.0
35, 0 ,1.0,1.0,1.0,116.78726541143226,38.322542003255826,158.0217771907731,9.200317364729285,8.407532976875599,9.669492250436353,45.0,38.0,47.0,-0.6045436529087316,-0.14050098548241705,0.7840831874273522,10.142278929626713,0.6007421362579203,0.5659793704856866,0.5646027257363327,9.026719930166069,0.5231021482005567,-0.8123588032778963,0.257754373939351,8.030195275722203,50.40856804660339,43.878341369259005,40.90009622844762,15.181067148336664,4.285642424178633,32557.0,90464.64703074019, 0.0, 0.0,0.0,NaN, 100.77275233672952,100.77275233672952,0.0, 84.64583961173922, 9.039436247644169, -12.42817738663596, 9.039436247644169, 70.68661075725066, 1.2033454470525964, -12.42817738663596, 1.2033454470525964, 93.49908038124866, 5.299901002243088, 3.406963773168077, 13.0, 0.0
36, 0 ,1.0,1.0,1.0,180.9456607495069,160.22633136094674,8.09758382642998,10.231159907101032,9.318903872308347,5.418218780542557,44.0,48.0,21.0,-0.9840728476894979,0.17467312980669011,-0.03301406009290744,10.265825137717675,-0.1721403484883733,-0.9827047238341948,-0.06825779205527213,9.299595501520088,-0.04436587497823471,-0.06148758799542003,0.9971213294579157,5.3857269639047205,46.598789105980714,44.558080225738735,22.55071794597932,14.084028705365922,4.7450851000004555,20280.0,46823.24146480703, 0.0, 0.0,0.0,NaN, 44.83952971551051,44.83952971551051,NaN, 104.67663304467159, -3.406340376737508, 3.156831231593945, -3.406340376737508, 86.84196938132351, 3.414895968278431, 3.156831231593945, 3.414895968278431, 29.35709475382408, 5.812234647527954, 3.6005637903477115, 12.0, 0.0
37, 0 ,1.0,1.0,1.0,55.46026990867314,82.39881333255774,71.89389796986795,10.358198766157738,8.667967421962231,9.178154728582166,52.0,42.0,46.0,0.8706711740383083,-0.15376901706728155,0.4672117251192608,10.923229200006077,-0.2265484850634769,0.7177536280407998,0.6584113557265797,8.984711184212424,0.43658617776356295,0.6791058966202778,-0.590091256130246,8.162260343167713,53.52503841115403,40.690240455686364,42.18347288247523,15.665264134101383,4.611286668389838,34382.0,91873.3548565592, 0.0, 0.0,0.0,NaN, 122.61377794627467,122.61377794627467,0.0, 107.29228167923169, -9.348008288864134, 19.331890658683047, -9.348008288864134, 75.13365922819858, 2.878828196066797, 19.331890658683047, 2.878828196066797, 84.23852422179519, 5.228082395058105, 3.338685715695018, 21.0, 0.0
38, 0 ,1.0,1.0,1.0,154.52194914050293,179.52078420230146,136.79141923568687,9.404490006668103,11.097477851804364,8.712323644239282,47.0,48.0,43.0,0.06673364449586987,0.9688047205869064,0.23867139346981903,11.241621762964016,-0.9977596606818593,0.06592720121331595,0.011369417584025394,9.395483318315978,-0.004720191555419695,-0.23889541123409086,0.9710338316881526,8.535447474648269,52.65940508293602,47.44257119263112,40.39686081109021,16.166765488400447,5.112604412806982,35195.0,100923.37938615566, 0.0, 0.0,0.0,NaN, 80.51693034329118,80.51693034329118,0.0, 88.44443228552024, 2.445779065313881, 0.6775004586001367, 2.445779065313881, 123.15401467128841, 12.386818492089644, 0.6775004586001367, 12.386818492089644, 75.90458328197084, 5.2736462689941455, 3.4838048177557415, 15.0, 0.0
39, 0 ,1.0,1.0,1.0,133.78897882938978,137.37633872976338,18.26961394769614,9.281930011346772,8.291173001049387,9.659426420857692,48.0,39.0,38.0,-0.2185060876578563,0.045957029163399374,-0.9747528102688048,9.689624529413946,0.9210739227320837,0.33962864394554754,-0.1904605289151557,9.389834545631665,-0.32230097505187527,0.9394361796749066,0.11654074737372952,8.132925484318395,43.13537833178944,49.85336959595995,40.71138293562197,15.154953792524516,4.304610179249695,32120.0,87547.54748163563, 0.0, 0.0,0.0,NaN, 92.94837851809027,92.94837851809027,0.0, 86.15422473553987, 6.611171354618188, 2.045530614492032, 6.611171354618188, 68.7435497333303, -2.6675309277629045, 2.045530614492032, -2.6675309277629045, 93.30451877996364, 5.3683624154010126, 3.3961154943637086, 14.0, 0.0
40, 0 ,1.0,1.0,1.0,15.536720164866047,152.76203709486043,56.71416973708862,9.478207850875007,8.284935200347688,9.666191392419666,35.0,40.0,50.0,-0.30728057729258523,0.1962507055795285,-0.931162879080923,9.720252097806027,-0.933782692229805,0.12637948869938856,0.3347806872090127,9.497649755994887,-0.18338083463326554,-0.9723753829646345,-0.144421549962561,8.19897430419102,51.222455601928985,45.91627214475129,38.222514806368736,15.242364478377654,4.425173045376928,32026.0,89897.22244171977, -1.7763568394002505E-15, 0.0,0.0,72.10457836227306, 75.42752721570552,75.42752721570552,NaN, 89.83642406438862, -4.356043702727604, 0.6153792665079599, -4.356043702727604, 68.64015127396017, -4.009189796841554, 0.6153792665079599, -4.009189796841554, 93.43525603488806, 5.604933964889195, 3.6456681922143166, 16.0, 0.0
41, 0 ,1.0,1.0,1.0,117.81825342833613,89.42318020695335,63.21321923448745,8.340431671844549,8.73150784394674,8.682951746054867,39.0,41.0,39.0,-0.4121921921502906,-0.7155327410047998,0.5640128485065709,9.304383423283188,-0.5151880406425936,-0.3275278752115597,-0.7920270031622952,8.409843883391273,-0.751451182385911,0.6170400209950397,0.2336294779801075,7.993663471490893,49.92744830169122,41.48123872686651,40.45370466098728,14.340772995387688,3.9418156502686643,27929.0,83781.74220897755, 0.0, 0.0,0.0,NaN, 136.91696649386375,136.91696649386375,0.0, 69.56280047270766, 7.839022619159116, -2.4853986596635314, 7.839022619159116, 76.23922922890345, -7.3791413273802196, -2.4853986596635314, -7.3791413273802196, 75.39365102431725, 5.29247664888596, 3.3864781445881897, 15.0, 0.0
42, 0 ,1.0,1.0,1.0,184.22709867452136,11.627466863033874,96.13560382916053,8.67769569805066,7.050143121308649,11.34724631511278,33.0,28.0,51.0,-0.29651372113761126,-0.07455722923035242,0.9521138759342919,11.622242584937673,-0.9527118953735798,0.09249065797254445,-0.2894572897708524,8.345071501435799,0.06648050534411014,0.9929182734532075,0.0984563083397567,7.003583263410846,55.54386782133495,41.10081784665033,32.60926835845915,15.162180272546077,4.886226455819122,27160.0,74443.64635927316, 0.0, 0.0,0.0,NaN, 98.11236785172163,98.11236785172163,1.3486991523486091E-6, 75.30240262796694, 0.08747365201794242, -18.608409588301377, 0.08747365201794242, 49.70451803093566, -6.6579882347774, -18.608409588301377, -6.6579882347774, 128.75999893584057, 5.6027806780969005, 3.608012397743826, 8.0, 0.0
44, 0 ,1.0,1.0,1.0,186.14963503649636,22.542081878768645,176.6174547762615,8.185057076159158,10.983328440481936,9.294714119544333,33.0,48.0,50.0,0.11563543748462465,0.9861912007327294,-0.11855530859087647,11.034505451974846,0.19691896168407852,-0.139747689111195,-0.9704089374677799,9.319321291528205,0.9735765856505612,-0.08886787375322516,0.21035953243810201,8.087664287737573,51.28922160739201,54.815492662637496,38.80890161747266,15.753715933247998,5.0833854693564815,31510.0,109109.05168545942, 0.0, 0.0,0.0,NaN, 35.30894343068814,35.30894343068814,0.0, 66.99515933998309, 5.836086446893232, -4.869416035229203, 5.836086446893232, 120.63350363149934, -3.680886862371523, -4.869416035229203, -3.680886862371523, 86.39171056405678, 5.460413234554863, 3.430394546731494, 7.0, 0.0
45, 0 ,1.0,1.0,1.0,182.06270862365105,94.18070454029879,79.98405548173834,9.43020279337369,8.498925033363466,9.50677571862179,38.0,43.0,44.0,0.6664336605026133,-0.23340798826110945,0.7080867794027721,10.612008425157104,0.5861219361015306,0.7509918951924552,-0.3040925013475971,8.470905905084054,-0.46078981343957837,0.6176826728759252,0.6372918197020676,8.195624829301838,54.77412219351655,50.73403245424166,47.62952974583417,15.202668804016442,4.518638870993522,30857.0,132358.27619548136, 0.0, 0.0,0.0,NaN, 124.85672052770288,124.85672052770288,NaN, 88.92872472415296, -5.049734688578843, 20.62811850286301, -5.049734688578843, 72.23172672273219, -8.558838946306407, 20.62811850286301, -8.558838946306407, 90.37878456417687, 5.503728007410297, 3.3846471659984374, 13.0, 0.0
46, 0 ,1.0,1.0,1.0,28.288825978351372,152.0634804329725,129.43527060782682,10.584684552752925,8.382406948759604,8.251804129283316,58.0,41.0,41.0,-0.9689609803286846,0.24576740264636812,-0.02670210472850947,10.715178077748575,-0.1897084232280365,-0.6699613989644416,0.7177481717524197,8.74569373623162,0.15850972448656425,0.7005355863152612,0.695790600359855,7.687025728988563,56.55231268062411,45.24388708239066,38.87262231202021,15.131172370873934,4.630354997930286,30025.0,99461.29704858507, 0.0, 0.0,0.0,NaN, 89.87518354709539,89.87518354709539,9.5367431640625E-7, 112.0355470812864, -11.059134132047925, -0.927016376721862, -11.059134132047925, 70.26474625461329, -8.73117821077501, -0.927016376721862, -8.73117821077501, 68.09227138805718, 5.332808097658507, 3.421416840151266, 20.0, 0.0
47, 0 ,1.0,1.0,1.0,16.19144504966357,135.2664210189042,12.123133611022109,9.818988326051993,10.086892127809577,8.054133965590646,41.0,50.0,31.0,-0.5108621866334132,0.8562855964958661,-0.07612360673172329,10.3400357486929,-0.8050910389026669,-0.4455059652677383,0.39160292898481447,9.873125954363362,0.30141042673861224,0.26134156222189286,0.9169800120551529,7.657156331558244,53.763667912137734,51.97682047429974,36.69006692965406,15.486250140404502,4.816954958240956,31210.0,102529.09009189441, 0.0, 0.0,0.0,NaN, 67.82012613560032,67.82012613560032,NaN, 96.41253174714532, -7.188460928803316, -10.369680337259151, -7.188460928803316, 101.7453927980668, -9.924570841898333, -10.369680337259151, -9.924570841898333, 64.8690739356809, 5.758162525574086, 3.532815701887078, 12.0, 0.0
48, 0 ,1.0,1.0,1.0,181.06153932144653,84.1908222011067,18.158794924822537,10.57946406100894,9.834266134171271,8.813197682510147,45.0,47.0,42.0,-0.8414406800939527,-0.5233620204132636,0.1344238724035764,11.086822089998718,0.4948346366886927,-0.8462730475808886,-0.19738442509814338,9.32584840978231,0.21706281168407388,-0.09956969683142466,0.9710662239295026,8.741923757924635,54.13960548820438,50.65640034699352,45.968394656139736,16.182656412214637,4.942867088149459,35782.0,126069.12818139736, -2.8421709430404007E-14, 0.0,0.0,32.707433977514455, 88.1844752147068,88.1844752147068,0.0, 111.92505981817978, 16.057928833300647, -6.289661461753422, 16.057928833300647, 96.71279039770796, -1.5088103444941041, -6.289661461753422, -1.5088103444941041, 77.67245339100222, 4.698329041454572, 3.2178923424619565, 16.0, 0.0
49, 0 ,1.0,1.0,1.0,150.29416210088797,112.73013413942944,35.87277536368789,9.601118841936378,8.781007229591461,7.399722306893786,44.0,42.0,36.0,0.9824762172210268,-0.18605663441423748,0.011109067715567527,9.630592966134312,-0.18588882123088432,-0.9824622090538918,-0.014606639666229226,8.749205192840806,-0.013631901424765851,-0.01228562458296656,0.9998316031673297,7.3990910804284935,45.301701741818505,41.880916763956364,36.15785879713461,14.385581577675023,4.135033721062185,26465.0,68601.46663039434, 0.0, 0.0,0.0,NaN, 106.64687440740302,106.64687440740302,0.0, 92.18148301698575, -2.9649005960875963, 0.4739634911653051, -2.9649005960875963, 77.10608796613751, 0.23432313045377254, 0.4739634911653051, 0.23432313045377254, 54.75589021914149, 5.72051758517756, 3.632053262704394, 11.0, 0.0
50, 0 ,1.0,1.0,1.0,33.4113702221609,183.5898716710363,40.232344418380016,9.433017351342153,8.816314021876876,10.467239320953441,42.0,37.0,52.0,0.02973912866153719,-0.3712289614159241,0.9280649990342846,10.764199088556724,0.9356770823810497,0.33693742196568816,0.10479299206531852,9.583179852497755,-0.35160202179927613,0.8652526982825133,0.3573706568557235,8.280518714535605,50.63550859763023,47.72223349257352,46.914313358320896,15.950706733560617,4.674105581298031,36235.0,113365.60293154587, 0.0, 0.0,0.0,NaN, 54.81107104677403,54.81107104677403,0.0, 88.98181635072213, 6.814112677563455, 3.5872133048054957, 6.814112677563455, 77.7273929323428, -15.474710351826893, 3.5872133048054957, -15.474710351826893, 109.56309900211386, 5.881901944758597, 3.791050722759948, 13.0, 0.0
