// Sample: .//bubblelabels.tif, Map: .//bubblelabels.tif, Thickness:(8.191250068658265):/afs/psi.ch/project/tipl/test/LabelValidation/SmallStep0500//distmap.tif, Neighbors:(1.0):
//LACUNA_NUMBER, TRIANGLES, SCALE_X, SCALE_Y, SCALE_Z, POS_X, POS_Y, POS_Z , STD_X, STD_Y, STD_Z,PROJ_X, PROJ_Y, PROJ_Z, PCA1_X, PCA1_Y, PCA1_Z, PCA1_S, PCA2_X, PCA2_Y, PCA2_Z, PCA2_S, PCA3_X, PCA3_Y, PCA3_Z, PCA3_S,PROJ_PCA1, PROJ_PCA2, PROJ_PCA3,OBJ_RADIUS, OBJ_RADIUS_STD, VOLUME, VOLUME_BOX, Mask_Grad_X,Mask_Grad_Y,Mask_Grad_Z,Mask_Angle, Mask_Distance_Mean,Mask_Distance_COV, Mask_Distance_STD, SHAPET_XX, SHAPET_XY, SHAPET_XZ, SHAPET_YX, SHAPET_YY, SHAPET_YZ, SHAPET_ZX, SHAPET_ZY, SHAPET_ZZ, Thickness, Thickness_STD, Neighbors, Neighbors_STD
1, 0 ,0.3333333432674408,0.3333333432674408,0.3333333432674408,12.915708961522979,279.20870829924553,73.41793603178932,8.721032549381842,12.102242139780346,18.738640261097462,37.0,51.0,83.0,-0.08504233651058159,-0.12806863525541662,0.9881124559809148,18.873975513703563,-0.2571678989575143,-0.9552822631101897,-0.14594680377744115,12.196262227201629,-0.9626175111364839,0.26652246143784647,-0.04830429383101501,8.287433159038361,83.67418506082,58.7255373775983,39.97102511977936,22.60696486622916,7.910907148308543,77007.0,196410.08219404318, 1.7763568394002505E-15, 0.0,0.0,85.12154061197347, 77.3904818419716,77.3904818419716,0.0, 76.05640872737754, 22.80168978885547, -21.157689264841554, 22.80168978885547, 146.46426480987515, -25.224772655770995, -21.157689264841554, -25.224772655770995, 351.13663883482275, 6.225214221041753, 5.508869764432463, 15.0, 0.0
2, 0 ,0.3333333432674408,0.3333333432674408,0.3333333432674408,107.33547191513834,12.775602274905745,121.0465844462905,15.585316144906514,8.247568825013248,14.701459302159874,71.0,35.0,79.0,-0.9740569355736041,0.04402586778889776,-0.22197929909429556,15.63567744877498,-0.22479694456742408,-0.07525581403017331,0.9714951858695992,14.688371357559177,0.02606568575945706,0.9961918918662662,0.08320032815920123,8.175250091182653,73.01789228575689,81.09843634846294,37.49805775977347,21.840770498497083,7.073762825049473,78245.0,222049.8821274523, 1.4210854715202004E-14, 0.0,0.0,13.079516076758718, 162.28491966552212,162.28491966552212,0.0, 242.90207933668367, -5.098636131561135, 5.888238288316472, -5.098636131561135, 68.0223915233304, -12.623210049102626, 5.888238288316472, -12.623210049102626, 216.13290561306306, 4.650884220495994, 4.7697683858167395, 20.0, 0.0
3, 0 ,0.3333333432674408,0.3333333432674408,0.3333333432674408,162.37401444643697,15.963282807537794,150.21117645290883,15.11823156591787,10.097855383467207,15.672844469140541,75.0,41.0,75.0,-0.1319789312483519,0.003944396428874439,0.9912446738537137,15.683163258643644,0.9867427634429347,0.09580272998052806,0.13099830426871525,15.146625865211053,0.09444723659029784,-0.9953925249192351,0.01653604654584641,10.039112405091,76.33600671448716,72.32814088413096,43.729419770618314,22.955265601217953,7.0157995950231316,99817.0,241440.68494228582, 0.0, -1.7763568394002505E-15,0.0,89.77400214587409, 204.04026552914647,204.04026552914647,NaN, 228.56092568071548, 12.084772763619341, -2.3648962653307115, 12.084772763619341, 101.96668334541768, 2.1820127002403096, -2.3648962653307115, 2.1820127002403096, 245.63805375386923, 4.064632199885057, 4.810419159899596, 29.0, 0.0
4, 0 ,0.3333333432674408,0.3333333432674408,0.3333333432674408,278.86774921332307,13.755061449860476,285.5308139880069,12.737723265092276,8.430580652541904,7.7941962887132785,48.0,33.0,31.0,-0.976147369954073,-0.10004880675089306,0.19268250672925188,12.944755790624997,0.028216401823443465,-0.9384269355865885,-0.3443235705462265,8.487638359384592,0.2152676167004309,-0.3306737407676737,0.9188660024001488,7.380181061834624,52.03047472539893,41.71531526943096,36.88923405312664,16.30527927739567,5.311463789785663,33686.0,80066.88939600036, 0.0, 0.0,0.0,NaN, 29.071138310188374,29.071138310188374,0.0, 162.24959397807302, 10.580264761596169, -21.443247155597774, 10.580264761596169, 71.07469013901387, 3.497914451554119, -21.443247155597774, 3.497914451554119, 60.749495786991844, 7.265812821165617, 5.415726915831573, 7.0, 0.0
5, 0 ,0.3333333432674408,0.3333333432674408,0.3333333432674408,225.21756730047042,264.59233110645533,218.06807131280388,14.177964025781364,14.159729802026138,14.573177909337074,71.0,71.0,69.0,-0.06348241577429387,0.6335048988282456,0.7711300318675663,15.444290404528436,0.9863554648906093,0.15743495084605305,-0.048136609067640314,14.195184145734459,-0.15189759632031594,0.7575524928430473,-0.6348553700012273,13.18562730131592,80.913421575538,72.91320373152985,67.17446831157216,23.85978264116293,6.678390425569152,126485.0,396306.3082201556, 0.0, 0.0,0.0,NaN, 116.44293106641705,116.44293106641705,0.0, 201.0146639163505, 1.6919052874369223, -4.4780349800927715, 1.6919052874369223, 200.4979480663872, 31.38048012944943, -4.4780349800927715, 31.38048012944943, 212.3775143771901, 3.621036262669035, 4.159391945644456, 28.0, 0.0
6, 0 ,0.3333333432674408,0.3333333432674408,0.3333333432674408,123.74292493870126,153.8802103931029,205.99175828521712,14.482695941700687,14.964092323143076,14.209983148193373,73.0,68.0,69.0,-0.5677550078216266,-0.592547258652224,0.571438533315,15.809148735520356,-0.5461662586802165,0.7905244107483077,0.27708044660404335,14.533056658571498,-0.6159193688890772,-0.15478663467746506,-0.7724535123568961,13.208226311060402,78.6743127072505,80.63910048161222,67.93396887643837,24.19859128816974,7.072788808914606,126430.0,430988.43856686674, 0.0, 0.0,0.0,NaN, 213.30929163412918,213.30929163412918,0.0, 209.74848173975354, 9.522222559492663, -30.04772500366965, 9.522222559492663, 223.92405905554955, -17.504902481772124, -30.04772500366965, -17.504902481772124, 201.92362107193964, 3.5119386371435795, 4.090090917669592, 35.0, 0.0
7, 0 ,0.3333333432674408,0.3333333432674408,0.3333333432674408,112.41894547434714,111.19836478285232,167.92468688590571,14.138749346861054,14.28337654768099,15.3936486042413,68.0,78.0,71.0,0.19511485314845636,-0.4137956330528764,0.8892150291955401,15.809172810125801,0.7874234437545737,0.6066077341889606,0.10950514621616202,14.280814795822407,-0.5847174653681417,0.6788226800045095,0.44419056136409657,13.675228695494145,88.92967485132111,71.87849736982142,71.10971501397171,24.28880941798297,7.137032513870527,126711.0,454542.64217873185, 0.0, 1.4210854715202004E-14,0.0,65.55650536713587, 206.0266583870412,206.0266583870412,0.0, 199.9042330933639, 3.0067776712541154, 12.376028889848339, 3.0067776712541154, 204.01484560284334, -22.02631977394112, 12.376028889848339, -22.02631977394112, 236.96441735086012, 3.990266171457869, 4.479840439665167, 40.0, 0.0
8, 0 ,0.3333333432674408,0.3333333432674408,0.3333333432674408,105.00442405129508,269.6800783176648,286.2811663951455,13.879136775374713,15.340130669441477,7.642812512716293,70.0,68.0,33.0,0.15002087806054998,-0.9884974220579954,-0.019146350321637997,15.373331835143327,0.9863936629955855,0.15096250723242705,-0.06509887105204461,13.865281564351347,0.06724044726273683,-0.009119648830778954,0.9976951208947102,7.60113577812275,73.51870157848677,69.10030424261578,35.70026139538436,20.965908355774555,6.840564048885238,66907.0,181363.2058150502, 0.0, 0.0,0.0,NaN, 110.15186388184641,110.15186388184641,0.0, 192.6304376295588, -6.456369336273176, -9.147551455796327, -6.456369336273176, 235.31960895553902, 2.0579964232157684, -9.147551455796327, 2.0579964232157684, 58.412583104532736, 3.5564711242448728, 4.244611284157309, 20.0, 0.0
9, 0 ,0.3333333432674408,0.3333333432674408,0.3333333432674408,197.8196693493649,127.09829826432657,68.96861566307896,15.13632060001258,13.189522447332969,14.58573473320437,75.0,65.0,77.0,-0.8821094278932372,-0.2237047535552638,0.41453484830427106,15.56970163627668,0.3032345795562337,0.40375122745001524,0.8631533676548805,14.545858288052647,-0.3604604652152865,0.8870970237631202,-0.2883177473680639,12.720760945151163,73.34497883292212,75.16055279152158,67.5934817261479,23.855592375207216,6.835647286862582,123756.0,372619.1498241522, 2.8421709430404007E-14, -1.4210854715202004E-14,0.0,52.20845969432821, 177.0634556876216,177.0634556876216,0.0, 229.10820130636517, 21.99724233463409, -16.446632116802988, 21.99724233463409, 173.96350238870028, 9.868683461477808, -16.446632116802988, 9.868683461477808, 212.7436577074044, 3.322278487078956, 4.134630863536197, 34.0, 0.0
10, 0 ,0.3333333432674408,0.3333333432674408,0.3333333432674408,117.81968994908758,32.841231704626246,269.02620804628697,14.16142626745023,13.257507300727271,14.898745957564778,70.0,64.0,64.0,-0.5368258743343496,0.27152129354075544,0.7988079667849564,15.540774422314533,0.7542680233483102,-0.2697628830367524,0.5985881187343534,13.700387455723847,-0.3780181604095152,-0.9238528963474942,0.05998413382680237,13.0024551059828,78.10305606320868,69.04389893705408,65.69167071423661,23.566968908248604,6.548137242218123,122367.0,354244.92977179843, 0.0, 0.0,0.0,NaN, 126.17211113224654,126.17211113224654,0.0, 200.54599392842934, -14.352644615534661, -22.654422725626535, -14.352644615534661, 175.7614998288369, 12.704913660735603, -22.654422725626535, 12.704913660735603, 221.9726311080528, 3.598179946807795, 4.220622643506363, 30.0, 0.0
11, 0 ,0.3333333432674408,0.3333333432674408,0.3333333432674408,22.075618825192446,86.0188298019452,219.73201143155663,12.749592160975464,17.88409204678612,13.806805603516263,53.0,85.0,65.0,0.014534884055290813,0.9865593640528502,0.1627555170958421,17.98854299833544,-0.4880091804712007,-0.13507029761311382,0.8623242165673721,14.071748005766453,-0.8727174668363907,0.09195996902098491,-0.47948679562250013,12.305241096445794,82.84619948883133,70.09375321903312,64.35974862851323,24.80289768816025,7.605063829652097,130166.0,373737.12864258274, 0.0, 0.0,0.0,NaN, 119.7059815374109,119.7059815374109,0.0, 162.552100271207, 5.540161472730549, -19.200975589030975, 5.540161472730549, 319.84074833791846, 22.217643931450592, -19.200975589030975, 22.217643931450592, 190.62788097328811, 3.5486531791635563, 4.104020036907991, 37.0, 0.0
12, 0 ,0.3333333432674408,0.3333333432674408,0.3333333432674408,96.9484016278058,255.8359908883827,47.72290616228575,12.517796510570646,12.648670569693795,17.60871507005673,72.0,63.0,83.0,-0.07837672540138038,0.21438552706955344,0.9735994734481251,17.864857183136696,0.7579483232629062,0.647203641188095,-0.08149715391239683,12.881096177307699,-0.6475889345706165,0.731550608376469,-0.21321885283837524,11.902738431815331,87.20264146851247,63.59469361189775,64.76142580730858,23.957557927345484,7.26542230272721,117213.0,359142.59924109856, 0.0, -2.8421709430404007E-14,0.0,77.62051996466408, 116.73443387266536,116.73443387266536,0.0, 156.69522948005465, 8.912382354286107, -15.040685448973173, 8.912382354286107, 159.98886718063798, 35.76525767674044, -15.040685448973173, 35.76525767674044, 310.06684641844294, 3.8739388286378373, 4.12243597750054, 27.0, 0.0
13, 0 ,0.3333333432674408,0.3333333432674408,0.3333333432674408,68.49546787794843,57.11443353566627,136.91939951928953,14.018034298975248,12.486906094605327,12.906045773797537,66.0,60.0,61.0,-0.8500457503736296,0.24891944744863126,0.46417812416528303,14.581285791919466,0.5258020854120917,0.34934495720831427,0.7755580364159835,12.432135303812105,-0.03089319096545573,-0.9033256387123023,0.427841560857501,12.321616914194815,75.07745350779918,62.1662570471583,66.39535436350636,21.93227733163837,6.161926483346478,98188.0,309885.9932351256, 0.0, 0.0,0.0,NaN, 163.403211726826,163.403211726826,0.0, 196.50528560724646, -12.360564193959194, -22.87111324412263, -12.360564193959194, 155.92282381549168, 7.765262832538193, -22.87111324412263, 7.765262832538193, 166.56601751535726, 3.1479923042434996, 3.8295936226751888, 26.0, 0.0
14, 0 ,0.3333333432674408,0.3333333432674408,0.3333333432674408,231.70842681800184,121.75725880955524,11.782136729576349,13.234690528441224,14.990218482744801,7.347024315568761,66.0,77.0,32.0,0.3395533944339563,0.9383126450191863,-0.06536721292419272,15.26526330913465,-0.940542305233845,0.33939223301896365,-0.013895475227801983,12.94704403622682,-0.009146824245770355,-0.0661988849113049,-0.9977645229425209,7.293026577792318,78.07513125496581,60.654775440360595,33.633513208553964,20.248430076278783,6.6214446523132935,60616.0,159275.8591467558, 0.0, 0.0,0.0,NaN, 140.09777937713238,140.09777937713238,0.0, 175.15703338361186, 20.768358060579416, -2.496049152723178, 20.768358060579416, 224.70665016042383, -11.570157056899339, -2.496049152723178, -11.570157056899339, 53.978766293558614, 4.097473745253854, 4.3129185776624155, 24.0, 0.0
15, 0 ,0.3333333432674408,0.3333333432674408,0.3333333432674408,201.3253085358272,191.08276564504823,14.265149009907539,15.11399589646445,14.94923004814081,8.263171598670334,79.0,83.0,36.0,-0.7612826087607626,-0.6479589388124545,-0.024454104184068345,15.573275199542236,0.6466498232036694,-0.7614489301743581,0.04516118783854947,14.483759247051708,-0.04788314681670757,0.01856718474523386,0.9986803612275382,8.239306614783757,71.81533104099799,75.84384654865642,38.140465908223696,21.628899999977406,7.237612911079691,75599.0,207741.6188166305, 0.0, 0.0,0.0,NaN, 147.65890813410496,147.65890813410496,0.0, 228.43287195834426, 16.279891856920433, 7.394968060415339, 16.279891856920433, 223.4794790322361, -2.112184517718532, 7.394968060415339, -2.112184517718532, 68.28000486907206, 3.6620506262963413, 4.2068202061348385, 26.0, 0.0
16, 0 ,0.3333333432674408,0.3333333432674408,0.3333333432674408,266.2021900869747,103.79100911663,106.20857172796815,13.583408948476404,12.918642837605113,12.982537134262483,64.0,73.0,69.0,0.7991149007389984,0.47609522234884355,0.36708134612576754,14.144175753269385,-0.21824884176187342,-0.3391987611871266,0.9150473449383473,12.802107053676927,-0.5601632070089045,0.81134304684623,0.16715155353084538,12.489793797996864,69.77025621306205,66.41203558365272,64.82333935628905,21.919363112186254,6.283957560787119,95430.0,300364.4359271012, 0.0, 0.0,0.0,NaN, 152.2994623656312,152.2994623656312,0.0, 184.50899866154882, 17.348648004763753, 11.347884402272202, 17.348648004763753, 166.89133276560585, 5.248944299932612, 11.347884402272202, 5.248944299932612, 168.54627044250432, 3.1989789047428463, 3.9322261147005597, 35.0, 0.0
17, 0 ,0.3333333432674408,0.3333333432674408,0.3333333432674408,71.9962242106463,219.88755271856834,18.34708765530605,13.549754012525856,11.249104582103813,10.855286330575925,62.0,55.0,44.0,-0.9348643032172533,-0.3354158831020205,0.11629668926074839,13.855244771688309,0.3242407466166691,-0.6733397158036198,0.6644407914592281,11.370011484908561,-0.14455681514056834,0.6588701028916035,0.7382367606073428,10.331043517840266,63.33225516907612,57.170241019696874,55.21971209303655,19.866279131836507,5.771168207026441,70184.0,199935.13211226565, 0.0, 0.0,0.0,NaN, 109.26150344673691,109.26150344673691,0.0, 183.59583379996053, 21.805243381261004, -4.409709075734373, 21.805243381261004, 126.54235389910902, -13.412184888640274, -4.409709075734373, -13.412184888640274, 117.83724131878853, 4.226803659696791, 4.21507655499042, 19.0, 0.0
18, 0 ,0.3333333432674408,0.3333333432674408,0.3333333432674408,87.78026073742302,284.39467327841317,172.02074702071502,10.94090372218737,9.02794476669068,14.93611343226687,52.0,37.0,69.0,0.07770707097859443,-0.02148026546126579,0.9967448065155098,14.958150586610637,0.9588081761946534,-0.2723736686440195,-0.08061926501575067,11.063171001932762,-0.27321876286633345,-0.9619517570154501,5.69905850927723E-4,8.84051038347944,67.99199752550794,55.82828068658138,43.07556489287458,19.67345610024426,6.103259006621874,62515.0,163509.51684636177, 0.0, 0.0,0.0,NaN, 155.9730412294165,155.9730412294165,0.0, 119.70337425817344, -11.79624687154186, 7.857058335176586, -11.79624687154186, 81.50378671041766, -2.1457392824458785, 7.857058335176586, -2.1457392824458785, 223.08748446154283, 3.807415320097537, 4.173331205669724, 17.0, 0.0
19, 0 ,0.3333333432674408,0.3333333432674408,0.3333333432674408,226.29197600940336,96.03060107093702,132.73241643978741,13.693419327581132,12.371649199131598,13.720336757634737,69.0,58.0,70.0,0.5398829296734502,0.45584672270310045,0.7076229134560691,15.083537835225023,-0.8409153538538021,0.2548830911200863,0.4773845174636525,13.081795788276995,0.037253052225922505,-0.8527827245329924,0.520935538083111,11.409144703149424,74.21526697580512,61.17254951792364,58.2239631351263,22.125832930647334,6.265987125345654,99539.0,264333.13000053755, 0.0, 0.0,0.0,NaN, 179.64588366168866,179.64588366168866,0.0, 187.5097328809725, 15.176670863434131, 20.743967500280803, 15.176670863434131, 153.0577039063735, 36.38467394211813, 20.743967500280803, 36.38467394211813, 188.2476407429029, 3.545671320178376, 3.9927385801373187, 25.0, 0.0
20, 0 ,0.3333333432674408,0.3333333432674408,0.3333333432674408,254.96223657536183,35.13251379001461,261.7768492763189,12.765389795454535,13.05677824549875,12.247595994672322,73.0,62.0,61.0,-0.6732716962815839,0.5829117788468925,-0.4548835906775179,13.420656890465063,-0.4643350790412062,-0.8120960882385563,-0.3534018645104072,12.866660563711187,0.5754112940826905,0.026717064756203293,-0.817427697776933,11.737685333888859,64.6962034801565,65.19503972625142,61.54980993953012,21.126369743514008,6.092187118850647,84844.0,259609.19262277806, 2.8421709430404007E-14, 0.0,0.0,47.679919114205006, 68.7291998407117,68.7291998407117,0.0, 162.9551766298948, -6.142431118485605, 17.525529502160808, -6.142431118485605, 170.4794581521294, -3.2548573430491428, 17.525529502160808, -3.2548573430491428, 150.00360764871348, 3.6284076230822913, 3.904171672480279, 21.0, 0.0
21, 0 ,0.3333333432674408,0.3333333432674408,0.3333333432674408,51.624385524118665,63.40220665116497,280.31383136440957,13.442057315389814,10.918391334766827,10.295100255408244,67.0,54.0,41.0,-0.9408560456221625,-0.26784414561648007,0.20748352964803052,13.722338162551406,-0.3372068916423667,0.7997231454240086,-0.4967236685542811,11.055713339422422,-0.032884854342393466,-0.537310342662514,-0.8427432479840887,9.765137038841065,66.48680146192396,53.33605275129524,52.13323662536101,19.322408533066778,5.703840106410228,64079.0,184871.94080163242, 0.0, 0.0,0.0,NaN, 84.09793234395697,84.09793234395697,0.0, 180.6889048702248, 16.175981396196736, -13.643087327986263, 16.175981396196736, 119.21126933911134, -15.839469650820055, -13.643087327986263, -15.839469650820055, 105.98908926890688, 3.977396182339056, 4.072665994015669, 16.0, 0.0
22, 0 ,0.3333333432674408,0.3333333432674408,0.3333333432674408,131.42004589700912,249.71991476269733,250.52900085741666,13.448181424875495,13.962805838127313,10.150678176294631,64.0,65.0,46.0,-0.17921850882528845,-0.9836610657127769,-0.017077291800633543,13.97843428122244,0.9729736284034798,-0.1797870833873751,0.1449100516818226,13.495987971506334,-0.14561265235482626,0.009354808809644302,0.9892974492165274,10.065360483699237,65.21365759056081,62.9590546268831,47.9629509978395,20.968206934287597,6.259720114286704,79308.0,196925.8156406961, 0.0, 2.8421709430404007E-14,2.8421709430404007E-14,62.33635063739381, 149.15326074614626,149.15326074614626,0.0, 180.8535836363663, 2.446820995489258, 11.684500862925297, 2.446820995489258, 194.95994687324216, -0.5253984964215974, 11.684500862925297, -0.5253984964215974, 103.03626743870409, 3.8090769749497593, 3.972823993282815, 26.0, 0.0
23, 0 ,0.3333333432674408,0.3333333432674408,0.3333333432674408,176.8705229603344,272.2277087781554,283.3745526719394,11.563229134809879,15.203627721272158,9.138391980834674,59.0,61.0,38.0,-0.14100469269635765,0.9892518384999757,-0.03871016225777546,15.275298755952608,0.983388940312996,0.14446893325044793,0.10988593811566791,11.504314493058851,-0.11429728215355159,0.02257271250636722,0.9931901147023242,9.093116510180838,63.65105444869556,59.22255584502781,41.026104230526386,20.21292039103341,6.309248859594618,66506.0,154651.10513040007, 0.0, 0.0,0.0,NaN, 127.31289712605948,127.31289712605948,NaN, 133.708268024116, -13.958247371835682, 6.1890697539781065, -13.958247371835682, 231.1502958870352, -4.980576574502351, 6.1890697539781065, -4.980576574502351, 83.51020799538348, 3.3666633023135346, 4.064958710504471, 15.0, 0.0
24, 0 ,0.3333333432674408,0.3333333432674408,0.3333333432674408,72.14650393913695,32.96707348549095,31.301095092363852,12.716238082657927,11.739086948385001,12.631551185469686,59.0,53.0,65.0,-0.9611228641017021,-0.27485095743075943,-0.026453568763710557,12.800214705421629,-0.01738310774078751,-0.03538536020067094,0.9992225497098938,12.632242166131304,-0.27557334353346613,0.9608354840881262,0.02923191493766157,11.646712843504199,61.585161460075085,65.58021076756421,51.85426528098796,20.62986981037222,5.785622724898688,81363.0,209427.34047222146, 0.0, 0.0,0.0,NaN, 85.274289905099,85.274289905099,9.5367431640625E-7, 161.70271097483976, 7.464074383355424, 0.3013648279811127, 7.464074383355424, 137.80616238174306, -0.640996106922836, 0.3013648279811127, -0.640996106922836, 159.5560853511406, 3.266117571553695, 3.728427856757284, 27.0, 0.0
25, 0 ,0.3333333432674408,0.3333333432674408,0.3333333432674408,237.01985218120478,34.315509272801734,91.71808147584781,13.993131671449856,12.370507429942778,13.994009037653724,67.0,65.0,74.0,0.7025597092329834,-0.2240941731434805,0.6754196151472107,14.8179621942726,0.664955323754147,-0.13132576734762794,-0.7352468702698265,13.269426386116674,-0.2534645386902955,-0.9656786962513447,-0.05674842053149305,12.207366496803282,68.83213764797105,63.893211477112715,59.07683730964311,22.427419738917557,6.456029805468457,102558.0,259814.39659289087, 0.0, 0.0,0.0,NaN, 116.43135172941733,116.43135172941733,1.9073486328125E-6, 195.80773397453305, -13.47055692271124, 20.24984873062242, -13.47055692271124, 153.0294540742695, -8.065988810190063, 20.24984873062242, -8.065988810190063, 195.8322889459341, 4.017179473783004, 4.0222398107170445, 26.0, 0.0
26, 0 ,0.3333333432674408,0.3333333432674408,0.3333333432674408,287.13513513513516,55.35432942376339,157.09160632330443,7.926464338809364,13.124376534925082,12.395949064415333,35.0,63.0,55.0,-0.059584829651286655,0.8772056406060009,0.47640309839928885,13.455270017682624,0.07763102567869887,-0.4717335613350404,0.8783170674433194,12.074481827922002,-0.9952000160407457,-0.0893180340086747,0.039990209718440785,7.867670995340389,62.598263553771005,57.05545467409834,37.84080087400565,18.743312703774645,6.1176693634933645,49025.0,135151.1595743053, 0.0, 0.0,0.0,NaN, 153.79341831560657,153.79341831560657,0.0, 62.82883691441656, -9.299692655429672, 2.3381358104662433, -9.299692655429672, 172.2492594304921, 15.031243377009403, 2.3381358104662433, 15.031243377009403, 153.6595532075794, 3.5818621531425237, 3.9754896149587933, 15.0, 0.0
27, 0 ,0.3333333432674408,0.3333333432674408,0.3333333432674408,16.88957576211707,99.38108975559801,155.99235697426099,10.077903704668115,14.368665809426055,13.29039267724628,41.0,68.0,66.0,0.01319406894950726,-0.990433735143346,0.13735695408153514,14.388755914385413,0.0904963604997639,0.13798795793224977,0.9862908963394038,13.292697274527907,-0.9958093820008189,-5.82885656861494E-4,0.09145127097781938,10.046150513651058,70.28912784103437,68.4364544087463,44.023733175345505,21.07409349391382,6.367088906922282,80073.0,211769.06710030395, 0.0, 0.0,0.0,NaN, 175.7841290340604,175.7841290340604,0.0, 101.56414308056333, -0.4404656298753061, 6.955271069729062, -0.4404656298753061, 206.4585571429693, -4.123571904007506, 6.955271069729062, -4.123571904007506, 176.63453751540152, 3.4415276680807114, 3.9934934978969197, 28.0, 0.0
28, 0 ,0.3333333432674408,0.3333333432674408,0.3333333432674408,80.4997810605886,9.269687262335507,267.5272291489018,13.26111781465929,5.963058593889038,13.57672218813865,62.0,24.0,61.0,0.6629186318391282,-0.014646444315846625,0.7485481742876948,14.66994559418188,0.7486566221076028,0.003324271676388434,-0.6629496296041317,12.042303930801776,-0.007221477340011529,-0.9998872090824664,-0.01316887915896182,5.959724084575043,71.88453112570352,57.06419901599368,24.667626631403195,18.78246886721593,6.554507007733493,43391.0,101187.42316864805, 0.0, 0.0,0.0,NaN, 87.29617803484948,87.29617803484948,NaN, 175.85724569427396, -1.4721586958357884, 34.819836110643124, -1.4721586958357884, 35.55806779415391, -2.2113487935389657, 34.819836110643124, -2.2113487935389657, 184.32738537389633, 4.085564442630219, 4.221589318138583, 15.0, 0.0
29, 0 ,0.3333333432674408,0.3333333432674408,0.3333333432674408,259.98519802488283,273.14309336191855,52.30825284236695,13.059833283192216,13.622840628140203,11.961202127524952,68.0,55.0,64.0,0.617721831605587,0.6619702493160688,0.42451752352318795,15.029352610120169,-0.5522232803623903,0.749477639650401,-0.3651475267475658,12.41582266388723,-0.5598831908386248,-0.008868860382536516,0.8285240828919068,10.916835448039334,81.46649220272491,61.82802784456648,57.72261009620341,21.453202295114234,6.242715737950337,87691.0,290743.7391147282, 0.0, 0.0,-7.105427357601002E-15,64.87987195210462, 71.12405448718074,71.12405448718074,0.0, 170.55924538477515, 29.15719669274827, 35.033961434918, 29.15719669274827, 185.58178677970736, 20.414079476046552, 35.033961434918, 20.414079476046552, 143.07035633550746, 3.0354076420580713, 3.6525383407944845, 28.0, 0.0
30, 0 ,0.3333333432674408,0.3333333432674408,0.3333333432674408,9.429932278641077,170.50023885126592,94.54483378761907,5.891584352490005,11.683561053789196,12.569263206129195,24.0,56.0,59.0,0.1049303612140377,0.550447509590724,0.8282494542593198,13.241554397132044,-0.05459874070292403,-0.8284023331790655,0.5574661890169978,10.999290233347198,-0.9929796557881468,0.10371650576860969,0.05687081520431674,5.734073084245081,60.09156577124895,56.01767557552928,26.79572464827674,17.221343468696702,5.712098717481041,35587.0,90199.49596462701, 0.0, 0.0,0.0,NaN, 160.61705188518263,160.61705188518263,0.0, 34.71076618250507, 12.213205540664642, 9.699273415838094, 12.213205540664642, 136.5055988976197, 24.260906199252716, 9.699273415838094, 24.260906199252716, 157.98637754495317, 4.755744121785136, 4.238701668050763, 14.0, 0.0
31, 0 ,0.3333333432674408,0.3333333432674408,0.3333333432674408,86.1202653065999,60.412079170858384,219.09004983272115,11.865730147406824,13.007077364503855,13.141129775313052,70.0,64.0,61.0,0.10403888087241595,0.683778583896306,0.7222345598706681,14.094344070014913,-0.45800111104017177,-0.6116580137680152,0.6450654668166129,12.050558369805334,-0.8828425077853828,0.39789612010941816,-0.2495351359009144,11.78144360767546,69.69065301357332,62.86952892654155,68.78166708086931,21.11998843262544,6.051032463529371,85486.0,301361.27036608703, 0.0, 0.0,0.0,NaN, 132.71299650861917,132.71299650861917,0.0, 140.79555193107916, 6.05425934123017, 2.6021944841235984, 6.05425934123017, 169.18406156618857, 27.025382104002443, 2.6021944841235984, 27.025382104002443, 172.68929177161928, 3.018744205290555, 3.6278643789976717, 25.0, 0.0
32, 0 ,0.3333333432674408,0.3333333432674408,0.3333333432674408,163.42483727657816,101.6155938974412,210.38884871026622,15.098845347703413,11.103574374201802,12.857174060262588,69.0,53.0,64.0,0.9364109231792012,0.06926230596654324,0.34400191267327695,15.446057556418538,0.3324971095961528,0.13821268178418206,-0.9329217152067092,12.486245100001,0.11216173617094095,-0.9879777262500512,-0.10639434840675911,11.049181363326968,73.3985419434569,65.44499489897031,55.06145826400264,21.75969980582563,6.564060015991402,87111.0,264491.41507079813, 0.0, 0.0,0.0,NaN, 192.37635621752065,192.37635621752065,0.0, 227.97513083386502, 9.110010228828708, 27.03527094087405, 9.110010228828708, 123.28936388343095, -1.5853682323475407, 27.03527094087405, -1.5853682323475407, 165.30692481588918, 3.19156111254225, 3.7311234455820896, 27.0, 0.0
33, 0 ,0.3333333432674408,0.3333333432674408,0.3333333432674408,144.21635082786162,285.74857536008614,25.244305179556978,13.941431188056663,9.137772103258849,13.572209537617143,71.0,39.0,60.0,-0.7926864960939546,-0.166366034939755,0.5864899498957448,14.514739532568443,-0.5936678270035747,-0.008044863002715272,-0.8046699891011976,13.096450718971553,-0.138587986821163,0.9860312482866309,0.09238910818470684,8.937145471717722,79.46905919540428,66.11258788483293,43.56699831140571,20.43482360158144,6.669725533159308,66859.0,228896.87724189818, 0.0, 0.0,0.0,NaN, 147.10110092847918,147.10110092847918,0.0, 194.363503571319, 17.687758677460824, -17.032469441994245, 17.687758677460824, 83.49887901109564, -12.169658982809223, -17.032469441994245, -12.169658982809223, 184.20487173298574, 3.552734004134282, 3.977787323099659, 15.0, 0.0
34, 0 ,0.3333333432674408,0.3333333432674408,0.3333333432674408,19.993517161760135,286.63685005106345,20.718507171084767,11.586396079404947,7.920931241425179,12.180077606230851,47.0,30.0,48.0,0.6123112105324362,0.13345795434565427,0.779271426319595,13.06272520938208,-0.7767386803793995,-0.08232282910013237,0.6244197099799297,10.690761661850985,-0.1474856055985526,0.9876294478349779,-0.05325476420382075,7.772569814914054,59.7701265123954,57.64630258575389,34.18382590146291,17.738692259152533,5.538845842694854,45042.0,117781.2882195124, 0.0, 0.0,0.0,NaN, 31.742259599052662,31.742259599052662,3.371747880871523E-7, 134.24457410885034, 12.452332494447614, 26.460965412148983, 12.452332494447614, 62.74115173138542, 8.693455481492876, 26.460965412148983, 8.693455481492876, 148.35429049380625, 3.940983532957415, 4.225667462056084, 7.0, 0.0
35, 0 ,0.3333333432674408,0.3333333432674408,0.3333333432674408,285.316314129935,27.14873875057479,26.487683111081914,9.317985039366484,12.817418209998504,13.100526288732375,39.0,61.0,53.0,-0.0234652192525459,0.5632462436526228,-0.8259558417352835,13.296218599220754,-0.26075778873824124,0.7941366162411924,0.5489557453541514,12.840209790644675,-0.9651190388225551,-0.2282557858110051,-0.12823625519340406,9.004133900581204,66.25540021668132,69.55082420632998,46.9391742939747,19.61666205342442,6.1580365123448715,60892.0,216301.23956781471, 0.0, 0.0,0.0,NaN, 40.67261982059678,40.67261982059678,0.0, 86.82484519385761, -18.617402237976407, -10.139940622783708, -18.617402237976407, 164.28620957000123, -7.9974371992557565, -10.139940622783708, -7.9974371992557565, 171.62378904176808, 3.4527937735248035, 3.923093152440827, 13.0, 0.0
36, 0 ,0.3333333432674408,0.3333333432674408,0.3333333432674408,184.45700142739284,279.65547450990664,118.77917315977633,12.199472226870286,11.076679734895697,13.369560237047137,63.0,44.0,70.0,-0.32423640204633947,-0.03372658525954751,0.9453746733622467,13.52950239892113,-0.8914898487883017,0.3451635357743089,-0.2934416178376684,12.166956950605032,0.3164120811464941,0.9379363789823425,0.14198149135023466,10.917088480697217,73.67505865184391,61.97772223525527,51.671721846222965,20.373985967449904,5.930075319404942,76363.0,235944.05293066343, 2.8421709430404007E-14, 0.0,1.4210854715202004E-14,86.7621348336453, 166.95081974367986,166.95081974367986,0.0, 148.82712261417947, -8.179664882819205, -12.028398372639684, -8.179664882819205, 122.69283394944901, -4.95856282937341, -12.028398372639684, -4.95856282937341, 178.74514093203192, 3.52683816515742, 4.009251301143352, 24.0, 0.0
37, 0 ,0.3333333432674408,0.3333333432674408,0.3333333432674408,184.48334860080968,14.06303005230342,10.752134984190775,14.188659971081366,9.13293462530404,6.484184395088191,65.0,35.0,26.0,0.9804311192567821,-0.18513362304451597,0.06693550635727397,14.35778159869768,0.19602787819832604,0.9493844279173923,-0.24544302596942524,9.051982527117739,-0.018107770761632502,0.253761205952322,0.9670973885765938,6.2200429104149135,68.11572317218119,41.22597911278544,28.29704092330465,17.00702801997188,6.126517105374295,33841.0,79461.97838130515, 0.0, 0.0,0.0,NaN, 116.86519572333034,116.86519572333034,0.0, 201.31807177496668, -22.346265848099254, 8.908582135976989, -22.346265848099254, 83.41049487007746, -12.153107293557484, 8.908582135976989, -12.153107293557484, 42.04464726950522, 4.736066222330001, 4.2657503443717415, 13.0, 0.0
38, 0 ,0.3333333432674408,0.3333333432674408,0.3333333432674408,105.51232497155014,34.804937905101184,160.97299490376528,11.29718397800728,11.867515713353642,17.726206836711942,60.0,65.0,83.0,-0.028836289072565777,-0.1580375771687708,0.987011951617177,17.85836357717385,-0.20624633541566922,-0.9652345351402948,-0.16057627875905692,11.69209841266385,-0.9780751083429794,0.2081980220250035,0.004760889070900819,11.271929245323841,84.66855142516131,63.310074710201775,56.17184756906603,23.02008680287104,7.263491408808792,101055.0,301102.01666641573, 0.0, 0.0,0.0,NaN, 177.968375194888,177.968375194888,NaN, 127.62636583294436, 2.7952100325485274, -5.141258375663108, 2.7952100325485274, 140.8379292066956, -28.432520156914293, -5.141258375663108, -28.432520156914293, 314.21840881789313, 3.1131051350271592, 3.676201716511387, 24.0, 0.0
39, 0 ,0.3333333432674408,0.3333333432674408,0.3333333432674408,231.00866014222348,83.34682813490107,279.7833204252623,12.963564250817992,14.199608962553803,11.31221275972773,60.0,68.0,51.0,-0.30172927323790005,0.874489174636119,0.37977378676729123,14.753890524036718,0.8986750590412917,0.3938811631104782,-0.1929786713703555,13.027369692625138,0.31834349989980826,-0.2830659159824375,0.904727087734508,10.500447780560739,64.78180332260293,62.192629609053995,49.1128509699538,21.387836113557075,6.3410974346305995,85218.0,197873.255267341, 2.8421709430404007E-14, 0.0,0.0,72.43850307388938, 110.06912768141473,110.06912768141473,0.0, 168.05399808508625, -7.298539735308834, -22.619529799735464, -7.298539735308834, 201.6288946894383, 31.15528622486975, -22.619529799735464, 31.15528622486975, 127.96615752134689, 3.090996185970342, 3.822913121747695, 21.0, 0.0
40, 0 ,0.3333333432674408,0.3333333432674408,0.3333333432674408,255.14338866628506,10.050346047770203,24.311156788260394,13.109817901731633,6.379238707390042,11.465010966081365,64.0,27.0,46.0,-0.9669329049741212,0.007013978152602372,-0.2549344256642915,13.223452584507267,0.2544175926518373,0.09581265717288316,-0.9623365436658402,11.370205553888365,0.01767613723501513,-0.9953746725911533,-0.09442889036996317,6.3140490782386935,66.14211305647933,53.72044927446855,29.141409528840253,17.546163315833656,6.011708679639593,38434.0,103544.79093082015, 0.0, 0.0,0.0,NaN, 52.00151325112831,52.00151325112831,0.0, 171.8673254165632, 1.2640771954710985, 11.384456859548916, 1.2640771954710985, 40.694686485863365, -8.485744090786499, 11.384456859548916, -8.485744090786499, 131.44647645236597, 5.168836323446778, 4.134882573890993, 12.0, 0.0
41, 0 ,0.3333333432674408,0.3333333432674408,0.3333333432674408,151.28000163719713,96.39197227679546,157.26884141017246,11.69190746892696,11.685842737835944,12.553928353882139,53.0,58.0,62.0,0.3256469383308961,0.37807651106764373,0.8666096141485115,12.709743296503731,-0.6411906150633664,-0.5852965368962137,0.49628878594217835,12.08187404486032,-0.6948587386731031,0.717276875185738,-0.051819085416545736,11.106371269271435,62.36690185664179,62.074342839618666,52.30498370512591,19.967505726458537,5.6709305174353615,73296.0,202492.70045291423, 0.0, 0.0,0.0,NaN, 227.55490296813446,227.55490296813446,0.0, 136.70070026195003, 13.190509072300404, 3.5783476279609756, 13.190509072300404, 136.55892049343308, 5.940845152336897, 3.5783476279609756, 5.940845152336897, 157.6011171144059, 3.0137968019990358, 3.5372114122443867, 21.0, 0.0
42, 0 ,0.3333333432674408,0.3333333432674408,0.3333333432674408,177.09095021893327,284.8821638041072,242.64607131893166,14.264905720070876,8.891640964010426,11.850381258097238,66.0,38.0,54.0,-0.9790323357871409,-0.12885459911629255,0.1577725507487131,14.403949185207283,0.1522936050246943,0.05138302681061638,0.9869987043681273,11.780492990373375,0.13528615358475551,-0.9903313974838721,0.03068191333477906,8.75937115159368,66.60423668550135,57.140365567119005,40.159789608917066,19.64453870146912,6.088714922224744,61891.0,152839.74306597267, 0.0, 0.0,0.0,NaN, 136.47218260320912,136.47218260320912,0.0, 203.48753520251083, 16.979711104145526, -10.868312605294305, 16.979711104145526, 79.06127903286826, 0.4889854442321544, -10.868312605294305, 0.4889854442321544, 140.43153596226227, 3.648741526282981, 4.018876717344514, 12.0, 0.0
43, 0 ,0.3333333432674408,0.3333333432674408,0.3333333432674408,47.92068193413072,105.05740887704779,260.1301513519642,13.78829371203656,10.875328953191941,10.864082849299836,66.0,52.0,49.0,-0.94109519600668,0.28937531443248476,0.1749335858268771,14.173737465198734,0.015369758976004953,0.5534103919747779,-0.8327668992961609,10.904811178136036,0.3377922476347976,0.7810242412700283,0.52525949014407,10.32513336101737,67.10584568687416,50.39961646449254,49.993816140443755,19.83970073126834,5.727512058449148,70564.0,169084.52977084427, 0.0, 0.0,0.0,NaN, 122.15995967668215,122.15995967668215,0.0, 190.11704348938696, -25.572327001235244, -15.679816094369043, -25.572327001235244, 118.2727798401349, -0.8986911615951751, -15.679816094369043, -0.8986911615951751, 118.02829615645082, 3.2753371302312746, 3.6927002664150046, 21.0, 0.0
44, 0 ,0.3333333432674408,0.3333333432674408,0.3333333432674408,55.96001478879749,132.37953600147887,282.87507163323784,11.979798221629801,11.582432607316402,9.629693938245174,58.0,57.0,41.0,-0.8217558630698437,0.5628385370705518,-0.08905101177761908,12.291706893910314,-0.5697911598389434,-0.8095503974119667,0.14130176297385424,11.30389891202569,0.0074387955831847746,0.16685603147147104,0.9859532083632889,9.567399171100195,58.59630634805207,56.410718658332655,45.474395260538074,18.44159621279726,5.505165302013299,54095.0,150313.78327194622, 0.0, 0.0,0.0,NaN, 144.73813588234447,144.73813588234447,0.0, 143.51556543096456, -10.825271533945775, 1.4398147692520886, -10.825271533945775, 134.15274510302623, -7.1306423089380715, 1.4398147692520886, -7.1306423089380715, 92.73100534427583, 4.091832067771654, 3.9831640384801896, 14.0, 0.0
45, 0 ,0.3333333432674408,0.3333333432674408,0.3333333432674408,288.2048064190992,36.89503745133303,65.63785845570071,6.875271982321956,16.158974706477363,11.559531205108236,26.0,70.0,54.0,0.06511874460018398,-0.962265445171121,0.26420590858518056,16.515067600585944,0.0930774974867002,-0.2577563600922682,-0.9617162982364384,11.11874801324931,-0.9935271151625956,-0.08721738279500153,-0.07278048897253199,6.755040698862489,75.3643928879657,48.56953280925586,31.634343039465875,19.81161695636631,7.03593800794146,50599.0,115794.77167572995, 0.0, 0.0,0.0,NaN, 76.21482036190069,76.21482036190069,0.0, 47.269364830901274, -16.1027149372154, -3.0742529926763034, -16.1027149372154, 261.1124635645752, -38.407030450043955, -3.0742529926763034, -38.407030450043955, 133.62276168187108, 3.155352520119044, 3.836590053645372, 12.0, 0.0
46, 0 ,0.3333333432674408,0.3333333432674408,0.3333333432674408,82.01451852230863,210.71475900532133,64.98948526401965,11.441266777203081,12.418200636935522,13.109096487768342,51.0,58.0,62.0,0.2922982681749308,-0.46661710413434965,0.8347635596689701,13.72580510836386,-0.30543514618986667,-0.872718482749004,-0.3808829496580954,12.053069601722468,-0.906240086232071,0.14363470331904468,0.3976153645277544,11.103535047685645,63.71038639209794,58.901187893531755,56.1578244945067,20.545773409880283,5.9020249272430565,78176.0,210738.83157091614, 0.0, 2.8421709430404007E-14,0.0,62.18507145154934, 137.55678355794083,137.55678355794083,0.0, 130.902585467131, -3.0192418577448685, 18.444624107467583, -3.0192418577448685, 154.2117070591858, -18.052131959905978, 18.444624107467583, -18.052131959905978, 171.84841072562028, 3.5337949737965926, 3.7538124692301054, 21.0, 0.0
