// Sample: .//bubblelabels.tif, Map: .//bubblelabels.tif, Thickness:(8.191250068658265):/afs/psi.ch/project/tipl/test/LabelValidation/Step3500//distmap.tif, Neighbors:(1.0):
//LACUNA_NUMBER, TRIANGLES, SCALE_X, SCALE_Y, SCALE_Z, POS_X, POS_Y, POS_Z , STD_X, STD_Y, STD_Z,PROJ_X, PROJ_Y, PROJ_Z, PCA1_X, PCA1_Y, PCA1_Z, PCA1_S, PCA2_X, PCA2_Y, PCA2_Z, PCA2_S, PCA3_X, PCA3_Y, PCA3_Z, PCA3_S,PROJ_PCA1, PROJ_PCA2, PROJ_PCA3,OBJ_RADIUS, OBJ_RADIUS_STD, VOLUME, VOLUME_BOX, Mask_Grad_X,Mask_Grad_Y,Mask_Grad_Z,Mask_Angle, Mask_Distance_Mean,Mask_Distance_COV, Mask_Distance_STD, SHAPET_XX, SHAPET_XY, SHAPET_XZ, SHAPET_YX, SHAPET_YY, SHAPET_YZ, SHAPET_ZX, SHAPET_ZY, SHAPET_ZZ, Thickness, Thickness_STD, Neighbors, Neighbors_STD
1, 0 ,1.0,1.0,1.0,78.65386231243377,138.22087197526915,39.292161252092775,15.171968913225333,15.40726568695425,15.754946947219926,84.0,78.0,78.0,7.310543335065185E-4,-0.5230000056680428,0.852332364533219,15.96112535437758,0.6615177186877552,-0.6389363261652787,-0.39262536719952834,15.269096821473607,-0.7499291789373912,-0.5641199918258908,-0.3455066734531288,15.095959381248278,88.36953183999363,76.45492996280761,76.3177601490006,25.76343856825228,7.21360264374096,159477.0,515624.64250601607, 0.0, 0.0,0.0,NaN, 163.81487552150904,163.81487552150904,0.0, 230.1886407038759, -2.23237611751644, -1.3487362235508529, -2.23237611751644, 237.38383594839786, -10.658760121796279, -1.3487362235508529, -10.658760121796279, 248.21835330971444, 7.242288307504106, 5.525471367920188, 47.0, 0.0
2, 0 ,1.0,1.0,1.0,56.9966697173073,259.17119178360787,13.266791234492576,13.83913834549532,15.84587174233612,8.393606504066435,68.0,77.0,34.0,-0.11522967529695836,-0.993243983479634,-0.013729938545599178,15.87404773060232,0.9865803747314289,-0.11282512286965829,-0.11802396300853407,13.870311000173109,0.11567750916124925,-0.027145550850090305,0.9929158236946845,8.288251502607045,76.21942693799582,66.85661639585896,38.11354719137488,21.625372630951272,6.738641564720713,78672.0,194217.98428157138, 7.105427357601002E-15, 0.0,0.0,83.3831274592568, 71.35558624869081,71.35558624869081,0.0, 191.52175014575894, 7.209678821528616, -14.11254449736349, 7.209678821528616, 251.09165127456637, 4.146632291715142, -14.11254449736349, 4.146632291715142, 70.45263014510635, 8.297402616970974, 5.570930136063061, 26.0, 0.0
3, 0 ,1.0,1.0,1.0,76.3587743541719,15.792307165208651,259.43593111166945,14.894708267965315,9.231341275755549,14.987762560884288,69.0,39.0,76.0,-0.7001619753250892,0.13631854586936307,0.7008498144117126,15.567368104437168,0.6974835737733616,-0.07922241756001608,0.7122081668110011,14.419654688557573,-0.1526101983001447,-0.9874923101513297,0.03961142217570137,9.024058492852282,74.50425350637785,77.97125783497512,40.43317929001739,22.046186048363314,6.757862342470785,87562.0,234884.03535362368, 0.0, 0.0,0.0,NaN, 87.89484098198749,87.89484098198749,9.5367431640625E-7, 221.85233438779434, -22.347528946289607, -16.123806855406347, -22.347528946289607, 85.21766174946806, 8.236002411968874, -16.123806855406347, 8.236002411968874, 224.63302658144477, 7.203373870897042, 5.328360569524765, 30.0, 0.0
4, 0 ,1.0,1.0,1.0,153.13701490548016,175.91682031232645,14.411455672301575,15.456479795443661,15.60571823983372,9.016472908560512,77.0,70.0,38.0,-0.6952292395270399,-0.7178764476296027,0.0361899218755182,17.365090218629923,0.7115440921095909,-0.6944798725402039,-0.10678348009163038,13.503858508558416,0.10179051768505583,-0.0484882725537223,0.9936234588284258,8.935179922000472,79.86067136728826,70.38755665584051,41.29628969156908,22.62281263080689,7.20738106598115,90034.0,232134.60163051944, 0.0, 0.0,0.0,NaN, 192.80316887144605,192.80316887144605,3.814697265625E-6, 238.9027676669581, 59.99344808213767, -13.367602429898783, 59.99344808213767, 243.5384417810789, 1.842563826219716, -13.367602429898783, 1.842563826219716, 81.29678371080566, 8.09311290543072, 5.558548486853778, 24.0, 0.0
5, 0 ,1.0,1.0,1.0,281.6156510116046,287.7481823521073,149.09607712092674,10.077866660029,7.331112004289457,16.46132791266334,41.0,30.0,77.0,-0.10941635202886386,0.01363297295088984,0.9939025123004849,16.524565525287525,0.9692071089377211,-0.2204512736174866,0.109721538200171,10.098758647944141,-0.2206029054506748,-0.9753027109615497,-0.01090779985938421,7.158053105142678,78.175511219637,46.93520263848251,33.466373861136105,19.407164693930188,7.045982885845854,49377.0,122794.26545287241, 0.0, 0.0,-2.8421709430404007E-14,6.330441783115882, 150.7240244163274,150.7240244163274,0.0, 101.5633964173241, -11.17368400918868, -18.726525475404436, -11.17368400918868, 53.74520321943698, 1.7781886895029355, -18.726525475404436, 1.7781886895029355, 270.9753166482292, 7.3035892633223325, 5.422210782083833, 16.0, 0.0
6, 0 ,1.0,1.0,1.0,17.014392346960662,163.59667109948094,12.860473596156321,10.248775201696198,13.653491285203085,8.105101109444853,41.0,68.0,35.0,-0.11120768100615282,0.9891600481633174,0.09589187036854413,13.73599142234155,0.9908332011455712,0.1029119422117062,0.08751399692526003,10.20922186880652,-0.07669693079161458,-0.10474507753473855,0.99153721540817,8.015123822074484,68.84642542392402,46.94876047864803,38.201591372543064,17.980821605562316,5.81703840397117,46622.0,123477.25939569063, 0.0, 0.0,0.0,NaN, 138.0606731230763,138.0606731230763,0.0, 105.03739313490293, -9.61083536329951, 2.140290468383643, -9.61083536329951, 186.41782427511657, 12.163106376863423, 2.140290468383643, 12.163106376863423, 65.69266399432418, 7.769050990307604, 5.218688863139476, 17.0, 0.0
7, 0 ,1.0,1.0,1.0,170.97100601761898,100.06509969628945,10.779932466846503,13.076474266808782,14.179567201768922,6.870403389997221,63.0,67.0,29.0,0.30671568739101446,0.9504787374701954,0.05015632288476579,14.325430325633235,0.9508668587203096,-0.3036545348659427,-0.060383279496224455,12.949066533857396,0.042162828363721754,-0.06621248426400704,0.9969143407695363,6.808852319476516,73.99854063586321,67.08334371561932,30.44588343156819,19.467317866558016,6.346674964393475,53011.0,151135.48243711857, 0.0, 0.0,0.0,NaN, 163.63896971480673,163.63896971480673,0.0, 170.99417925051227, 11.282489638625886, -4.521820825837157, 11.282489638625886, 201.06012602948093, 9.797578862064755, -4.521820825837157, 9.797578862064755, 47.2024427412853, 6.769448583615872, 4.851905695058906, 24.0, 0.0
8, 0 ,1.0,1.0,1.0,276.4382316697474,204.82830791743686,210.65749191312383,14.1570496564525,12.6505756891482,14.419402407804936,58.0,67.0,74.0,-0.639072662262637,0.017334344419493334,0.7689510080961538,15.020311207272588,0.7237720775636942,0.35185446932210707,0.5935927999539683,13.656257369507161,0.26026930684903793,-0.935894199640966,0.23740668691238775,12.501006836843297,77.4327639348364,71.75394519726063,72.68589634719036,22.872928446256527,6.7236471005552545,103872.0,403850.56660506263, 0.0, 2.8421709430404007E-14,0.0,89.0067654788, 132.64573740591982,132.64573740591982,0.0, 200.42205497526183, 6.927356973951624, -21.089572087621118, 6.927356973951624, 160.03706526686744, 7.235498601920152, -21.089572087621118, 7.235498601920152, 207.91916579821077, 6.839093784734237, 5.085555868479216, 43.0, 0.0
9, 0 ,1.0,1.0,1.0,189.67855806663633,114.06222761514738,234.6613984529046,13.266288290212689,12.81826876250601,13.28553274576132,65.0,65.0,65.0,0.6791479943469121,-0.277064274830889,0.679700955852646,14.158111750023663,0.09938247164849119,0.9522044032630304,0.28884234235224654,12.705072545183462,-0.7272421371892607,-0.12861633651651436,0.674223043122576,12.447361274625047,66.71706660256427,65.57772262810329,69.3313015273198,21.914536941189755,6.046558530186375,98895.0,303335.0718540788, 0.0, 0.0,0.0,NaN, 171.61044598425912,171.61044598425912,0.0, 175.9944049990343, -7.951098097397113, 21.196745997465765, -7.951098097397113, 164.30801406783738, -6.788677345458876, 21.196745997465765, -6.788677345458876, 176.50538033869628, 6.5994059076621525, 4.823473703006203, 35.0, 0.0
10, 0 ,1.0,1.0,1.0,121.10381772492613,186.6170393969025,113.84033056808504,12.632145982857473,12.408885847235569,14.150512516854656,64.0,64.0,67.0,-0.1888072180107487,-0.10840018089999938,0.9760129277872752,14.226721681236464,-0.981976939570736,0.029495494216328157,-0.18668504485422902,12.56933827256585,0.008551291033088436,0.9936696717731611,0.11201544009593258,12.385503227001053,69.11179033532207,63.91772343080535,61.87017362354629,21.803858456664855,6.195185307425816,95109.0,273309.53072602925, 0.0, 0.0,0.0,NaN, 201.2000280480263,201.2000280480263,0.0, 159.5711121322222, 0.8699739561449646, -8.188440883925532, 0.8699739561449646, 153.9804479697232, -5.209345484850359, -8.188440883925532, -5.209345484850359, 200.2370044896603, 6.428336324276673, 4.698055285123782, 34.0, 0.0
11, 0 ,1.0,1.0,1.0,259.15274100679466,140.6101864365986,125.81786792068576,14.149105666808985,13.563083086306351,13.292242855714017,77.0,69.0,65.0,-0.9566954248231553,-0.2787908093303301,-0.08372304793413644,14.222073669227987,0.18543073772786484,-0.8053924913035005,0.5629905651586365,13.674044102206286,-0.22438650946111288,0.5230856713626182,0.8222116970628532,13.099285192323494,79.60542262202199,72.01270473230336,68.54565708075069,22.775177646710436,6.490717777925987,108026.0,392944.95677737467, 0.0, 0.0,0.0,NaN, 193.05403125835042,193.05403125835042,0.0, 200.19719117052614, 5.883721731769427, 4.063541918692539, 5.883721731769427, 183.95722280604943, -6.261433190712578, 4.063541918692539, -6.261433190712578, 176.68372013528034, 6.041323814770841, 4.634081909370743, 40.0, 0.0
12, 0 ,1.0,1.0,1.0,23.053951007724603,132.54752118480644,192.49491454451288,12.677213486875415,13.07962956468247,12.594532691708151,58.0,65.0,61.0,-0.4562077939166369,-0.8259688537473779,0.3311342649273215,13.236721476312113,0.5814323776995257,-0.5583735244651449,-0.5917392984575623,12.742909586466505,0.6736548366429138,-0.07742389692862578,0.7349793883177909,12.361964443134218,69.23236124387074,64.38465049438588,63.39560101369268,21.33278501506582,5.943314610939791,90749.0,282585.97910511674, 0.0, 0.0,0.0,NaN, 172.21403377220705,172.21403377220705,0.0, 160.7117417918159, 5.33296605228914, -6.6731765816691695, 5.33296605228914, 171.07670954931575, -2.964614695183762, -6.6731765816691695, -2.964614695183762, 158.62225372250535, 6.619608364428282, 4.719809586922142, 32.0, 0.0
13, 0 ,1.0,1.0,1.0,46.91165150127987,249.23058238822145,213.53706956148054,13.454915381860538,14.140939500823642,13.182741638870205,68.0,70.0,65.0,-0.2185665101624467,-0.8692945135089634,-0.44334606056513365,14.883440615750654,-0.7986863614937698,-0.10166965761498457,0.5930964311849254,14.24907440761202,-0.560650315793412,0.4837254691492541,-0.672072089806653,11.411952899479736,73.4977867330361,70.28840695289242,62.31720012055787,22.668565358093854,6.3970102096216435,107042.0,321933.2945841023, 0.0, 2.8421709430404007E-14,0.0,29.623239360561076, 110.69812623180647,110.69812623180647,0.0, 181.03474793302732, 23.2556624282562, -25.641364447199123, 23.2556624282562, 199.96616996595438, 30.790708778643612, -25.641364447199123, 30.790708778643612, 173.7846771172023, 7.100031582828258, 4.906343288229378, 39.0, 0.0
14, 0 ,1.0,1.0,1.0,261.11904087810615,280.3404839166322,25.757584336955812,14.555979703414891,10.772308917976774,13.941831618775938,74.0,51.0,64.0,0.8230150500940913,-0.035363679016065706,0.5669176637970187,15.093111650334508,0.5673550666116371,0.002916657453899462,-0.8234681059393872,13.363744565579722,-0.027467357148547096,-0.9993702533674623,-0.02246421544432089,10.765786795832623,79.26337051327886,68.63456716450901,52.23118166167495,21.897627211320177,6.541236576592596,91834.0,284148.4467368252, 0.0, 0.0,0.0,NaN, 50.61302901176701,50.61302901176701,9.5367431640625E-7, 211.87654512622626, -3.1530933007014856, 22.922905329490252, -3.1530933007014856, 116.04263942432193, -2.3939624436240377, 22.922905329490252, -2.3939624436240377, 194.37466888630047, 6.611771971311195, 4.782276038968896, 26.0, 0.0
15, 0 ,1.0,1.0,1.0,136.0028463929331,22.608004798516824,250.61547521675118,14.197701340170832,12.247162932094046,12.337945903112772,66.0,54.0,62.0,-0.891459399432241,-0.3099575723040665,0.3304942397913737,14.532149482909798,-0.45307378012679395,0.6177282584983256,-0.6427565234318853,12.821260869704673,-0.004928379604504346,-0.7227296188921525,-0.6911133112959686,11.323627221673659,68.8656350512088,66.15962263057366,61.81237914455605,21.582341681839644,6.164021403789105,91695.0,281624.89052403154, 0.0, -3.552713678800501E-15,0.0,71.9433263796866, 146.44701224680833,146.44701224680833,0.0, 201.57472334468864, 12.802348118736683, -13.911081727810583, 12.802348118736683, 149.99299988525843, -22.855601273885966, -13.911081727810583, -22.855601273885966, 152.2249091081372, 7.024685603460482, 4.739301873733221, 28.0, 0.0
16, 0 ,1.0,1.0,1.0,235.9166761266886,242.88177999772958,9.33200136224316,13.401136849914424,12.829603980659906,6.443009050737507,63.0,60.0,26.0,-0.9057489926592114,0.40763096834947693,-0.11599894800941943,13.609763800549747,-0.4112700638168544,-0.9114758391713348,0.008290308498007425,12.685903183984708,0.10235085199891894,-0.055215833321426246,-0.9932147375294608,6.288383138645141,60.78723007636381,56.88107329007033,29.273888623525707,18.606394049289424,6.285194768751175,44045.0,101218.65283467845, 0.0, 0.0,0.0,NaN, 86.34957848365211,86.34957848365211,0.0, 179.59046887013432, -8.283434383206545, 14.892324781460614, -8.283434383206545, 164.5987383005645, -7.805795638705826, 14.892324781460614, -7.805795638705826, 41.51236562788543, 6.24107343604297, 4.560174594874479, 15.0, 0.0
17, 0 ,1.0,1.0,1.0,144.51178489995644,151.8361130325622,58.537916634642485,12.035717675327808,11.567480940189288,12.885400232174096,60.0,57.0,64.0,0.4520067024080068,0.14792837415802867,0.8796630815813531,13.11602582469422,0.669073351887439,0.5959762265392933,-0.44401935452645847,12.193946191401942,0.5899413451965776,-0.7892588507701055,-0.1704103157344216,11.13445989944287,64.54626146604004,62.06121194901809,59.13226996048944,20.313073401013924,5.6637181612585,78066.0,236873.18313735735, 0.0, 0.0,0.0,NaN, 215.08807744781052,215.08807744781052,NaN, 144.8584999601982, 13.068708221377358, 11.764194613482521, 13.068708221377358, 133.80661530164247, -0.2873836827349583, 11.764194613482521, -0.2873836827349583, 166.03353914331225, 5.9733324725790435, 4.516757139895, 29.0, 0.0
18, 0 ,1.0,1.0,1.0,32.82283092434327,11.811842778937418,73.65527155291245,13.355837012235483,7.388629553110048,12.376325432532044,66.0,31.0,57.0,0.8996861764598885,0.03242686359496404,0.4353312329759723,13.654596561940549,0.43300755797514995,0.06026872376290969,-0.8993731904345312,12.065452382395641,0.055400709592783676,-0.9976553410138109,-0.040181860624320775,7.356664442613549,68.12854862872811,65.03445528538796,32.26974103087393,18.718228577797966,5.98093463362891,50782.0,142977.63999056455, 0.0, 0.0,0.0,NaN, 81.49820174246568,81.49820174246568,0.0, 178.37838229739924, 6.247196831201991, 16.211915209356732, 6.247196831201991, 54.5918466730912, -3.0892221714766563, 16.211915209356732, -3.0892221714766563, 153.1734312119395, 6.653171864772391, 4.650237606057898, 27.0, 0.0
19, 0 ,1.0,1.0,1.0,219.12156503280588,29.788643380934,269.143979158626,12.278513787557863,13.727180367080656,14.380597946144789,58.0,64.0,65.0,-0.20170816731458002,-0.4958441024315519,0.8446611399386398,14.83505738364009,0.06057411436461527,-0.8670514159142239,-0.4945226171067231,13.34970789541818,-0.9775707605629046,0.04858465030221719,-0.20492666943927856,12.153409006587085,69.9212010266219,65.41929268499993,59.00014956295763,22.47524010089008,6.392383073440968,103640.0,269878.21950620046, 0.0, 0.0,0.0,NaN, 91.54659217787638,91.54659217787638,1.9073486328125E-6, 150.76190083124854, 5.636123910108165, -13.244567670971984, 5.636123910108165, 188.43548083036464, -17.22982570947827, -13.244567670971984, -17.22982570947827, 206.80159728866374, 6.296641357524866, 4.647300394910966, 38.0, 0.0
20, 0 ,1.0,1.0,1.0,161.2522092541344,256.8260404550863,281.84078664153265,14.810988494510145,12.406727068052646,9.783612462857329,68.0,60.0,41.0,-0.9620127991886619,0.27299145695257826,0.002653041293411582,15.00346914794117,0.2719528496114772,0.9591143759308672,-0.07836620107509193,12.186686506896958,-0.023937873451777315,-0.07466778631815046,-0.9969211101691821,9.766878470546887,72.77702751737496,61.29813169114243,42.692584427986674,20.726425896622317,6.2790603676691115,74799.0,190455.7098022045, 0.0, 0.0,0.0,NaN, 146.44008074787,146.44008074787,0.0, 219.36538018451188, -20.208789598593615, -1.463220631191789, -20.208789598593615, 153.9268765411502, -3.898924908359483, -1.463220631191789, -3.898924908359483, 95.71907282337726, 6.878311532449591, 4.88716450593267, 29.0, 0.0
21, 0 ,1.0,1.0,1.0,40.813041995266104,85.30475767191392,39.5857528243186,12.469969219631103,12.623154380027787,14.415652422150941,59.0,60.0,72.0,-0.06198666035612144,-0.03412148505983357,0.9974935479466555,14.424027897795511,-0.5334990024047418,-0.8435246751298003,-0.06200755502605278,12.727023378060556,-0.8435262108381929,0.5360054539876209,-0.034083499299289104,12.35416888077643,71.71717099697969,62.91948084212984,61.63282458400246,21.982654762564646,6.2783822109853045,96749.0,278112.39935042005, 0.0, 0.0,0.0,NaN, 102.51652503396396,102.51652503396396,0.0, 155.50013233854713, 4.325651497892253, -3.117767655621376, 4.325651497892253, 159.34402650201469, -1.3973779783256783, -3.117767655621376, -1.3973779783256783, 207.81103475626628, 5.997246018385922, 4.45310717364757, 34.0, 0.0
22, 0 ,1.0,1.0,1.0,190.05501692309767,281.68684852816244,59.660621097911246,14.102425450190395,10.413848247583104,12.111350287203967,66.0,44.0,65.0,-0.9720008417010871,-0.1558628240177954,0.17584408952698943,14.247660734662059,-0.17819721560825502,0.0011439035086707322,-0.9839941279470258,12.038333697646298,-0.15316695492776256,0.9877780477283146,0.02888619643006338,10.300200486170436,69.48961200140138,63.682881973856766,48.649760343937174,20.416315642321536,6.097991495101451,74159.0,215289.72409972237, 0.0, 0.0,7.105427357601002E-15,79.8722173650663, 126.42254755540776,126.42254755540776,NaN, 198.8784035781778, 14.672577273224993, -9.754316186565086, 14.672577273224993, 108.44823532368969, -2.699542823436077, -9.754316186565086, -2.699542823436077, 146.68480577935563, 6.276093769477607, 4.713637864785277, 35.0, 0.0
23, 0 ,1.0,1.0,1.0,32.15135988288309,288.5706475741702,207.65736441201364,12.89899409168521,6.722156522650082,12.257763956589159,63.0,27.0,65.0,0.811892141015238,-0.009298095353316212,0.5837334124242795,13.544161063171593,0.5822138044803289,0.08672422853721642,-0.8083971759334433,11.570511032443045,0.04310727583871202,-0.9961889648090996,-0.07582419905505054,6.671071102212434,62.755123152473814,63.9071937907034,29.626773215827484,18.080185935815106,5.910253009315842,43717.0,118818.28705753273, 0.0, 0.0,0.0,NaN, 98.44542846942225,98.44542846942225,0.0, 166.38404857733, 3.4637789647440647, 23.783613232511495, 3.4637789647440647, 45.18738831500704, -7.019884026499904, 23.783613232511495, -7.019884026499904, 150.25277721545632, 5.9688931231892255, 4.5071269800597085, 21.0, 0.0
24, 0 ,1.0,1.0,1.0,281.2709194404813,105.3408004471443,168.44915939812023,10.813536627147581,12.08683949201818,12.234312186843974,45.0,63.0,58.0,0.25364891420124186,-0.6701544797228235,0.6975350898929478,12.610077815194172,0.20339088561004579,-0.6680464071728489,-0.7157835884638661,11.869783543872034,-0.9456713890011118,-0.3234300096943377,0.0331459326890693,10.620585393188263,68.94367890341424,61.179554078550126,51.95930142626776,19.538419617125363,5.563525576714756,67987.0,219161.39937014336, 0.0, 0.0,0.0,NaN, 169.56735051451147,169.56735051451147,0.0, 116.93257438666227, -11.673572939472992, 4.087000942033445, -11.673572939472992, 146.0916889058103, -8.17019464389431, 4.087000942033445, -8.17019464389431, 149.678394685159, 6.366598011560148, 4.6384992076720994, 23.0, 0.0
25, 0 ,1.0,1.0,1.0,276.709668385802,207.13224895568365,10.883386618748688,13.023941119023842,11.449293068072109,6.9183240018674015,50.0,56.0,28.0,-0.9536234632363785,0.2999978713227552,-0.02456761215240824,13.18575286493777,-0.300882463407144,-0.9523652615812025,0.049700621197495264,11.27465896323011,-0.008487259811286618,0.05478764217580268,0.9984619575555755,6.8985902670660995,59.002202910132524,57.290931307653295,29.450829773007523,17.777255777316142,5.70453662036229,42851.0,99552.37935743727, 0.0, 0.0,0.0,NaN, 96.36029698491797,96.36029698491797,0.0, 169.6230422718, -13.336391000031291, 1.7691118742584981, -13.336391000031291, 131.08631175860404, -4.694946488260452, 1.7691118742584981, -4.694946488260452, 47.86320699481458, 6.7005389698228965, 4.723755335738812, 15.0, 0.0
26, 0 ,1.0,1.0,1.0,91.16220650300184,265.81769006716996,39.356345479403195,11.311118420493148,12.59774375830074,13.877881685564503,59.0,61.0,68.0,-0.2687363850861331,-0.3265889854493954,0.9061569344842932,14.255506093816054,-0.0400402165891055,-0.9361631957205012,-0.34927818717159564,12.409441671109944,-0.9623811803990844,0.13014647733040344,-0.2385044193555997,11.046558342816319,70.04777126143314,62.454164634161486,54.93899471584295,21.03709951285163,6.056450436274611,84115.0,240345.74272961568, 0.0, 0.0,0.0,NaN, 105.01380926494448,105.01380926494448,0.0, 127.94139992241942, 8.324299313125294, -19.324828838149866, 8.324299313125294, 158.7031477998053, -13.575455531990139, -19.324828838149866, -13.575455531990139, 192.59560007852667, 5.943658051111394, 4.358448184856894, 35.0, 0.0
27, 0 ,1.0,1.0,1.0,52.864000276867706,188.56782105117438,47.82815744543399,13.845668104345986,11.092196655087383,13.214487434492494,73.0,52.0,67.0,-0.8798208408054146,0.05966575815047201,0.47154563447113285,14.047628644923227,0.4655129974692212,0.3085140733420324,0.8295280078075296,13.219058162219188,-0.09598404696445545,0.9493466510470436,-0.29921229733099,10.829711944709993,68.94330929739061,66.5727885034019,58.06417011423997,21.25456787831274,6.132322101243458,86684.0,266499.9288934899, 0.0, 2.8421709430404007E-14,-7.105427357601002E-15,89.290488188022, 132.28479003718073,132.28479003718073,0.0, 191.70252525570376, 4.049963573119572, -11.02327825060875, 4.049963573119572, 123.03682663513172, 16.95774609360774, -11.02327825060875, 16.95774609360774, 174.62267815636002, 6.030472592789712, 4.32128229251927, 33.0, 0.0
28, 0 ,1.0,1.0,1.0,68.42739115180461,62.1890512353294,161.10672612243513,13.445800105500517,12.607530667596922,12.231519815241809,64.0,59.0,60.0,-0.9083390147590554,0.18087828687929852,-0.3770985011932009,13.801118837090684,-0.025846661753230048,0.8756427208086446,0.4822673279116551,12.800978390914535,0.4174352456881935,0.447808966893746,-0.7907053464007902,11.619531749686283,66.26432761138528,64.54608684371675,66.32746418887409,21.286478280695828,6.019575517224507,88357.0,283689.39902581373, 0.0, 0.0,0.0,NaN, 166.8566075461824,166.8566075461824,1.9073486328125E-6, 180.7895404770777, -9.764559025314728, 18.63635819955947, -9.764559025314728, 158.9498295343969, 8.401136829575892, 18.63635819955947, 8.401136829575892, 149.61007699065303, 6.273848888972395, 4.396365752128383, 37.0, 0.0
29, 0 ,1.0,1.0,1.0,124.1537416901627,168.5100106055511,274.0220905869267,12.477273099072471,11.471176077208279,12.62599158420036,66.0,56.0,60.0,0.6733857353244472,-0.1835667834406125,0.7161388744362517,12.840598220026408,-0.6485955022999118,0.3181854554232047,0.6914346609430668,12.415919134950736,0.3547894105774292,0.9300866905694306,-0.09520095675845554,11.298224526609053,72.52391375529518,61.372206596679604,59.11622151276049,20.326973911001684,5.787920152256086,77318.0,263123.50091970654, 0.0, 0.0,0.0,NaN, 182.69816820125422,182.69816820125422,0.0, 155.68234398883757, -10.072150030629185, 6.067686815401401, -10.072150030629185, 131.58788059431552, 0.9368827683814827, 6.067686815401401, 0.9368827683814827, 159.4156634842983, 5.86877252606198, 4.272908724284976, 29.0, 0.0
30, 0 ,1.0,1.0,1.0,275.9314325848862,208.40637826211014,286.88055573846054,13.151959181798171,11.784316108874656,7.598562554928959,55.0,59.0,36.0,0.9344461336617893,-0.3523246703079219,-0.05174698036549799,13.387102935440081,-0.3481134618614767,-0.9343925329846127,0.0756809881900132,11.549660445091437,0.07501627127064685,0.05270598632994999,0.9957884504500119,7.548053257215272,62.316602130944005,63.06278487172091,38.89754756571767,18.277206912827673,5.9603688510350255,45561.0,152861.85692363486, 0.0, 0.0,0.0,NaN, 95.60756925166109,95.60756925166109,NaN, 172.9740303196852, -15.387359239462775, -7.924324397468264, -15.387359239462775, 138.8701061538827, -3.1755336690941944, -7.924324397468264, -3.1755336690941944, 57.73815290116851, 5.766731227187455, 4.416360381087826, 19.0, 0.0
31, 0 ,1.0,1.0,1.0,13.14022622834924,249.38388123011666,80.63372216330859,8.19444397584314,11.719793268390987,13.729836115356415,32.0,53.0,60.0,-0.06257644955346406,0.08114306256804937,0.9947361415764284,13.757628478883419,-0.0803426623425885,0.9930452428718199,-0.0860592947760575,11.727400212296867,-0.9948011080457175,-0.085305035060805,-0.05562199586752761,8.136744372243436,58.77263863409186,53.95047999910187,34.882152224537776,18.958981022440167,5.793781552007599,56580.0,110604.749131022, 0.0, -2.8421709430404007E-14,0.0,85.34572797731964, 96.10647311481561,96.10647311481561,0.0, 67.14891207323191, -6.3154951162910855, -7.167319753334821, -6.3154951162910855, 137.3535542538227, 3.837850028507145, -7.167319753334821, 3.837850028507145, 188.5083997545453, 7.815249947210153, 4.971229215732713, 27.0, 0.0
32, 0 ,1.0,1.0,1.0,60.00297784100499,44.40362404455911,34.66422732862344,11.96662682236584,12.035109100756307,14.570259024548879,61.0,62.0,70.0,-0.31680890240778975,-0.4279321707826374,0.8464668785985844,15.500458594117688,-0.723834049453963,-0.4676377153376985,-0.5073255720391144,12.0086205331623,-0.6129407705531174,0.7734268061057857,0.1616000847485988,10.764073247515393,82.2616533078628,60.31820488808152,53.943537120977695,21.415934882322286,6.457103819163836,82946.0,267661.10220497055, 0.0, 0.0,0.0,NaN, 82.3021739346487,82.3021739346487,9.5367431640625E-7, 143.20015750576553, 26.458542966038138, -22.952222700915957, 26.458542966038138, 144.8438510671073, -38.33716715375052, -22.952222700915957, -38.33716715375052, 212.29244804244803, 6.191253194123879, 4.351922176252173, 29.0, 0.0
33, 0 ,1.0,1.0,1.0,135.59937197251324,142.37883012278922,174.81298580601555,12.153876831460432,11.229504463298866,11.98252246655873,58.0,51.0,54.0,-0.8637739911253693,0.4089785238432662,0.29433154654289656,12.334681996234481,-0.38475517085043587,-0.1581655468421914,-0.9093663278877013,12.04722463880535,-0.3253581884004187,-0.8987325669113662,0.2939758874698813,10.9598967030294,66.20260986577881,55.96209147164319,56.66813847002766,19.679056740065047,5.4894501553887585,71016.0,209946.1882991384, 0.0, 0.0,0.0,NaN, 233.08948811406952,233.08948811406952,0.0, 147.71672203431066, -9.79096125065508, 0.6108659902973244, -9.79096125065508, 126.10177049124917, 7.453126659636781, 0.6108659902973244, 7.453126659636781, 143.58084466158473, 5.671929397829144, 4.113227817655699, 30.0, 0.0
34, 0 ,1.0,1.0,1.0,239.5797401465421,94.50250592433198,184.74714678724158,12.648342734555477,11.31102137857381,11.86362571069984,66.0,56.0,59.0,0.8195596859371365,-0.4107108566692431,0.3995478862422357,13.132959860256735,0.5139332549548757,0.2185628801234907,-0.8295196663633784,11.767836426059683,-0.25336639603173183,-0.8851818229302617,-0.39020329280485366,10.849367941004795,71.08777098694077,57.160535743116725,56.58630133912749,19.927545811605345,5.617678478454082,73426.0,229933.6298658114, 0.0, 0.0,0.0,NaN, 160.82459886602987,160.82459886602987,0.0, 159.98057393078233, -16.100913466441877, 9.077281284023273, -16.100913466441877, 127.93920462655379, -12.753227399134678, 9.077281284023273, -12.753227399134678, 140.74561500357825, 5.987805542645542, 4.302670545071151, 34.0, 0.0
35, 0 ,1.0,1.0,1.0,272.1505154893449,65.52201312154696,238.51949733622732,13.251728248767353,12.404159371919258,11.538026278290031,60.0,67.0,58.0,0.9706628436999707,0.21359333329987995,0.11041526991377659,13.31200928910747,0.219794277654765,-0.9743996648886694,-0.047283914548910636,12.36333051416955,-0.09748907308260737,-0.07016538345006643,0.9927601420256551,11.512427588731354,65.87661300310151,66.116670743611,56.47808198730678,20.68641162963531,5.888114773925823,81088.0,245992.67690500396, 0.0, 0.0,0.0,NaN, 94.06689215021166,94.06689215021166,0.0, 175.6083015791787, 4.911032826700861, 4.576799711564552, 4.911032826700861, 153.86316972397236, 1.9896063197370175, 4.576799711564552, 1.9896063197370175, 133.12605039851132, 5.733819186302298, 4.265145978322759, 32.0, 0.0
36, 0 ,1.0,1.0,1.0,131.05186144876728,276.5645314941127,58.718299483036745,12.89470568942766,11.94093437195454,12.132123122574608,62.0,52.0,66.0,0.7931839291583478,0.2051269540859027,-0.573395314972459,13.324200836653475,-0.5163975428313233,0.7256268194867828,-0.45475190664720455,12.542704135848695,-0.32278914523678937,-0.6568018358294497,-0.6814825868416354,11.008814876210774,62.907432126627995,66.95166578957429,60.08106597295131,20.52892644261948,5.883106243055304,78729.0,253046.87249448878, 0.0, 0.0,-7.105427357601002E-15,55.012667596355556, 145.50481183609332,145.50481183609332,0.0, 166.27343481695806, -4.369863482204332, -17.140593895377503, -4.369863482204332, 142.58591367532537, -18.54735638104846, -17.140593895377503, -18.54735638104846, 147.18841146130947, 6.29853891439277, 4.294671372165386, 23.0, 0.0
37, 0 ,1.0,1.0,1.0,36.09689397796848,175.6513331925833,208.68765911998113,11.58477566250097,12.887646479971204,12.671796121523654,57.0,62.0,65.0,0.1753175664271481,0.829905387961074,0.5296421413891101,13.120909456804542,-0.12035084457747104,-0.5158735796072792,0.8481686884533417,12.492431280878424,-0.9771281518365705,0.2124417494193456,-0.009438113799699135,11.51754190821629,59.6243584433206,60.18883781846951,58.562523697457664,20.65102638554376,5.865832005117855,80521.0,210164.54925803968, 0.0, 0.0,0.0,NaN, 158.4409047204269,158.4409047204269,0.0, 134.2070271504748, 7.201032009431867, 1.2788699040735176, 7.201032009431867, 166.09143179271416, 7.122601927366386, 1.2788699040735176, 7.122601927366386, 160.5744169454619, 5.787691404582139, 4.238669817599059, 40.0, 0.0
38, 0 ,1.0,1.0,1.0,199.7834815532271,175.24619177599718,192.80027002436088,12.454490833267338,10.684102113018286,11.983657580266055,62.0,54.0,56.0,0.8008729424070422,0.30424924430475664,0.5157857379380227,13.094021768584112,-0.5013795614747862,-0.13029321324105486,0.855360867656846,11.558404650829443,-0.32744627873231,0.9436398020024938,-0.04819604362452213,10.383751958224913,66.49798786328222,59.68485033861566,51.65085189626781,19.539998025149,5.573231204211745,68142.0,204998.2258303538, 0.0, 0.0,0.0,NaN, 192.61008629569113,192.61008629569113,0.0, 155.11434191594014, 17.188419968052752, 15.231034955525585, 17.188419968052752, 114.1500379614018, 7.1129651326832715, 15.231034955525585, 7.1129651326832715, 143.60804900106808, 5.911784697860783, 4.19468270837634, 33.0, 0.0
39, 0 ,1.0,1.0,1.0,162.68949165868162,10.22886415567185,222.9116483624481,13.534726113859413,6.734216747465225,11.003775546421581,62.0,28.0,55.0,0.9804020749064424,-0.02668960838789116,0.19519076905233929,13.63024686822171,0.19676584516024936,0.0836463216775401,-0.9768758851810141,10.913714014724764,-0.009745444962417403,-0.9961380213975967,-0.08725863068239151,6.687957772832233,62.86138791737278,55.87007812053358,29.598505806910232,17.743990335854384,5.896810105147838,40701.0,103952.04363807842, 0.0, 0.0,0.0,NaN, 157.80183560738863,157.80183560738863,0.0, 183.18881097718793, -2.4667112552668895, 12.695938969671959, -2.4667112552668895, 45.34967520184111, -6.812609137274538, 12.695938969671959, -6.812609137274538, 121.08307627602558, 6.634674922950918, 4.309310266135409, 17.0, 0.0
40, 0 ,1.0,1.0,1.0,103.79671321223596,229.42268208981716,156.6525797290101,12.076154982678187,10.947657509608696,11.963046332231176,58.0,52.0,59.0,-0.8052137558401777,0.5418334789976346,0.24093004885873842,12.959876380344355,0.2198938841694133,-0.10449544138839875,0.9699110177918036,11.901205345833317,-0.5507063528874921,-0.8339647377235822,0.03500470144128634,9.960025962966442,60.28180855548063,59.61413073028376,54.11961318706855,19.451521810841875,5.517019204499241,67604.0,194486.8189022927, 0.0, -2.8421709430404007E-14,0.0,57.19146086298837, 190.53450704637723,190.53450704637723,0.0, 145.83351916566318, -30.972902195722757, -4.287965161591234, -30.972902195722757, 119.85120494769168, 4.674716499667823, -4.287965161591234, 4.674716499667823, 143.1144775471098, 5.966320111441683, 4.142593995748639, 22.0, 0.0
41, 0 ,1.0,1.0,1.0,51.922478453981235,21.5315910227373,164.82520516516163,12.083233650724019,10.75934287794837,12.099617135287545,58.0,47.0,57.0,-0.7635780679951506,0.09931202488735094,0.638032644767936,12.292628595012957,-0.5810671147040933,0.32526477497188777,-0.7460320598821117,12.050479016018997,-0.2816194991229353,-0.9403935069295517,-0.19065809670319742,10.575725372443591,61.24645302797823,59.2760424364603,51.70266588624662,19.447003895970102,5.475652373364109,67994.0,187703.80629101914, 0.0, 0.0,0.0,NaN, 146.39596421833224,146.39596421833224,0.0, 146.00453545798928, -9.283980700049327, -4.663445944854444, -9.283980700049327, 115.76345916525833, -5.6091719959815745, -4.663445944854444, -5.6091719959815745, 146.40073482054396, 5.781977078708778, 4.126918969547911, 26.0, 0.0
42, 0 ,1.0,1.0,1.0,187.23803974778514,66.69580972144624,61.024120041503714,11.532318530136447,11.233381656369264,11.242978887357733,57.0,56.0,57.0,-0.20004077403989537,0.6766423406061374,0.7086175496137305,11.951824696719923,0.9704121101171461,0.2366387225415871,0.04798386741264171,11.533765468157684,0.13521843535371836,-0.6972497815653541,0.7039593147672374,10.474442654583719,55.67000672037287,57.25157273741209,52.140982562629745,18.904389944690873,5.311482768383312,62645.0,166183.50181086786, 0.0, 0.0,0.0,NaN, 144.52520175097942,144.52520175097942,0.0, 132.99437068052845, 0.8690731173085384, -3.6109773814176087, 0.8690731173085384, 126.1888634376535, 16.150955886517682, -3.6109773814176087, 16.150955886517682, 126.40457426157174, 5.449624489066664, 4.025436399720424, 31.0, 0.0
43, 0 ,1.0,1.0,1.0,92.03596031183558,158.65359319631466,106.53768958185684,11.238952063989379,11.381537989387969,12.838738820695134,56.0,56.0,61.0,0.06259764354441338,-0.008767545873719695,0.9980003332474587,12.843824063785695,0.6779608626283857,-0.7334652454617622,-0.04896736100600315,12.24324272894286,-0.7324278829802029,-0.6796704082414281,0.03996914302394999,10.287169479757987,62.262711209517406,56.32321628424265,52.872750583989244,19.744367484282407,5.5539731411134605,70550.0,185416.07309242056, 0.0, 0.0,0.0,NaN, 199.49863159499307,199.49863159499307,0.0, 126.3140434966511, -21.947302139462163, 2.231422842393285, -21.947302139462163, 129.53940700388154, 1.065394694415315, 2.231422842393285, 1.065394694415315, 164.8332145060243, 6.369061330524765, 4.288239194725326, 26.0, 0.0
44, 0 ,1.0,1.0,1.0,82.94748220760037,207.84592453336913,189.9831610044313,13.438045277085315,12.642214839710137,10.052183492269593,67.0,61.0,49.0,-0.9973252106206227,-0.07104287907291192,0.017185272577461597,13.441972116318224,0.0728728071327861,-0.984651846712507,0.15858844455456636,12.700358943951434,0.005654930690804123,0.15941659292144164,0.9871952044353751,9.973330346657308,67.59995899262069,66.12028368420107,51.64006590543346,20.198242798201047,5.786539358680902,74470.0,230817.07254465114, 0.0, 0.0,0.0,NaN, 165.75995684201467,165.75995684201467,0.0, 180.58106086899494, 1.3179187706459898, -0.6774655205004704, 1.3179187706459898, 159.8255960533872, -9.754467713644937, -0.6774655205004704, -9.754467713644937, 101.04639296225733, 5.726551309145904, 4.142295263316045, 22.0, 0.0
45, 0 ,1.0,1.0,1.0,26.17839967798657,11.49723534521111,264.2281422790924,12.126693072653087,7.471928965038916,12.746178174811286,50.0,32.0,62.0,0.4491625365511138,0.1628804487362015,0.878477646373807,13.04261261386784,-0.8860759139753701,-0.04485733504338006,0.4613646000350685,11.946250130903538,-0.11455343919621991,0.9856255774442436,-0.12417620809164047,7.247677518724051,63.23290618028199,56.507153876999965,34.41439701456555,18.232073460398986,5.739596042889884,47203.0,122966.47979006509, 0.0, 0.0,0.0,NaN, 45.794331910056655,45.794331910056655,0.0, 147.05668487833236, 12.186741968899739, 9.527377790982872, 12.186741968899739, 55.82972245858752, 14.957868622066723, 9.527377790982872, 14.957868622066723, 162.46505806403556, 6.264583268613327, 4.256194251033769, 23.0, 0.0
46, 0 ,1.0,1.0,1.0,287.6376649519123,78.53858197271303,284.4126593603221,7.676048566058025,10.292049685266596,8.670857613111963,31.0,49.0,37.0,-0.07026343637416012,-0.9663986392386756,0.2472584065032596,10.398689726807762,0.2944745256428967,-0.25691921793407596,-0.9204766532636959,8.646180341334125,-0.9530728215914489,-0.008135449205772303,-0.3026318079943597,7.55927228839188,48.70535876513429,42.00844836311498,36.3450951793352,14.789094652533299,4.61675854011872,26826.0,74363.39310261409, 0.0, 0.0,0.0,NaN, 81.01914202423458,81.01914202423458,1.6518123698891422E-6, 58.92172158848147, 2.1297627963457457, -5.66021587331957, 2.1297627963457457, 105.92628672399624, -8.018642452767187, -5.66021587331957, -8.018642452767187, 75.1837717468617, 6.687436073275253, 4.521557155952613, 12.0, 0.0
47, 0 ,1.0,1.0,1.0,121.45989607729932,236.63173890783125,77.60005010947832,11.599588048545861,12.589259979438742,14.657811383175726,59.0,63.0,68.0,0.10331712040190437,0.25640959720197365,0.9610305359844612,14.838608817541932,0.07252781847692749,-0.9655712061790831,0.24982386063955034,12.417345486760965,-0.9920006492834752,-0.04389036637570034,0.11835686528702315,11.554936767157393,69.27791570231045,59.48451761825052,58.58377166866714,21.660651538901416,6.2215367218139885,91799.0,241421.57871355643, 0.0, 0.0,0.0,NaN, 157.4478029251192,157.4478029251192,0.0, 134.550442895968, 0.8481491823350606, 8.979913555464043, 0.8481491823350606, 158.48946682989794, 16.369429884868218, 8.979913555464043, 16.369429884868218, 214.8514345447559, 5.935323514696583, 4.223532041821581, 38.0, 0.0
48, 0 ,1.0,1.0,1.0,23.423029043135642,187.72022867088072,121.87397720542911,12.326152696643105,12.859343573367816,12.108600104937524,52.0,63.0,59.0,-0.4428546355368129,-0.7162717724132681,0.5392907562971131,13.510019781706577,-0.740631972701358,0.6312433561123366,0.23020883209931015,12.29011302031211,-0.505315795118311,-0.29746692825924315,-0.8100428221989001,11.416980397023687,64.70687716857518,60.574958685123164,58.70412201102289,20.745734511507578,5.790462288817213,82739.0,230097.6400353703, 0.0, 2.8421709430404007E-14,0.0,44.25247729562709, 167.35785508647137,167.35785508647137,0.0, 151.93404030096207, 6.8721797011143835, -15.98964304822655, 6.8721797011143835, 165.36271713791618, -17.14539909412386, -15.98964304822655, -17.14539909412386, 146.61819650129303, 5.983031682972592, 4.30632001593865, 25.0, 0.0
49, 0 ,1.0,1.0,1.0,217.647846174752,138.00519771708113,209.03422679711917,11.451317835461325,12.147402604017554,9.974859715912041,60.0,58.0,56.0,0.2809158161736709,-0.9582812588161356,-0.052757304946740254,12.209419598390989,0.9447468154422898,0.28578763242931177,-0.16055803892082565,11.427565072942082,0.16893714492417894,-0.004739003293062838,0.9856154335807934,9.926264459456657,58.14127426104235,57.048162300427975,55.756476781187644,18.70080490343984,5.335709185148921,58872.0,184936.02893981204, 2.8421709430404007E-14, 0.0,0.0,73.68512892544857, 184.66749505797145,184.66749505797145,0.0, 131.13268016875463, -4.949266899875571, -5.611859798242457, -4.949266899875571, 147.55939002409247, 1.0840556903125131, -5.611859798242457, 1.0840556903125131, 99.49782635212486, 5.861008416720566, 4.09476048471743, 26.0, 0.0
