// Sample: .//bubblelabels.tif, Map: .//bubblelabels.tif, Thickness:(8.191250068658265):/gpfs/home/mader/Foam/NewValid/InSilicoTest/LatticeData_Phi_6.65/out_Step_06000.vtk/distmap.tif, Neighbors:(1.0):
//LACUNA_NUMBER, TRIANGLES, SCALE_X, SCALE_Y, SCALE_Z, POS_X, POS_Y, POS_Z , STD_X, STD_Y, STD_Z,PROJ_X, PROJ_Y, PROJ_Z, PCA1_X, PCA1_Y, PCA1_Z, PCA1_S, PCA2_X, PCA2_Y, PCA2_Z, PCA2_S, PCA3_X, PCA3_Y, PCA3_Z, PCA3_S,PROJ_PCA1, PROJ_PCA2, PROJ_PCA3,OBJ_RADIUS, OBJ_RADIUS_STD, VOLUME, VOLUME_BOX, Mask_Grad_X,Mask_Grad_Y,Mask_Grad_Z,Mask_Angle, Mask_Distance_Mean,Mask_Distance_COV, Mask_Distance_STD, SHAPET_XX, SHAPET_XY, SHAPET_XZ, SHAPET_YX, SHAPET_YY, SHAPET_YZ, SHAPET_ZX, SHAPET_ZY, SHAPET_ZZ, Thickness, Thickness_STD, Neighbors, Neighbors_STD
1, 0 ,1.0,1.0,1.0,182.13844501927863,34.692879105861685,20.2317438625604,11.74888367463496,18.210426157120352,13.29087593693731,50.0,81.0,56.0,0.15494931564491046,0.9845815753380461,0.08117777458162485,18.340948322719495,-0.5262888810205538,0.1518056949844754,-0.836645112747582,14.330753159003974,-0.8360686115955482,0.08691462750959456,0.5416965241069589,10.224597797181405,89.88976001508607,71.22991716082903,56.52902026262589,24.092534688137444,8.114988841395784,102445.0,361946.28111367783, 0.0, 0.0,0.0,NaN, 43.95400398943784,43.95400398943784,4.76837158203125E-7, 138.03626760010388, 27.31526082914324, 47.312608490382694, 27.31526082914324, 331.61962082393313, 5.724792397362508, 47.312608490382694, 5.724792397362508, 176.64738317105923, 10.209066699413029, 7.04988703312033, 7.0, 0.0
2, 0 ,1.0,1.0,1.0,60.49540778675771,82.56812301619055,32.718052332559814,16.63274424581664,18.124186520815293,17.423142412219224,80.0,86.0,70.0,-0.062199401773453226,0.8200994927987948,0.5688304284496252,18.710344524953282,-0.6058833536966807,-0.48392793801259926,0.6314420896045314,17.04478772257326,-0.7931182737349377,0.3053695674457975,-0.5269846593077248,16.373711520436903,93.28408779125016,88.2286659358065,81.8134327890158,29.009556347317,8.19425714976857,224946.0,673351.6009175353, 0.0, 0.0,0.0,NaN, 107.4600402481732,107.4600402481732,0.0, 276.6481811467465, 2.3937939375481987, -11.480358628028354, 2.3937939375481987, 328.4861370413027, 31.389920541176114, -11.480358628028354, 31.389920541176114, 303.56589151647233, 10.532764308056212, 6.717037927821845, 20.0, 0.0
3, 0 ,1.0,1.0,1.0,53.16872741928519,150.1100499474616,14.65431174700963,19.424248850290905,19.826346609499847,9.550369015224595,96.0,89.0,41.0,0.3339291784446142,0.938679823800732,0.08585739439752443,19.88941093563302,-0.9345777536426391,0.34156852624480377,-0.09947544558951342,19.493273720937363,-0.12270177741004498,-0.047022656968530314,0.9913289784688208,9.274622573406965,101.29775317070262,108.5884486825448,43.23959163632814,27.699855895683243,9.711487783206639,138946.0,475625.38439331815, 0.0, 0.0,-1.7763568394002505E-15,85.07466980233939, 74.36847144058811,74.36847144058811,0.0, 377.3014433980275, 3.1940249379736665, 36.20504595600473, 3.1940249379736665, 393.0840198800261, 14.960667590837456, 36.20504595600473, 14.960667590837456, 91.20954832696201, 9.93227439206763, 6.504334053670189, 11.0, 0.0
4, 0 ,1.0,1.0,1.0,167.4525142935196,184.93436688976917,82.57656057915585,17.808688831224657,8.602295486605346,17.418186483531933,73.0,35.0,79.0,-0.7624207869687438,-0.020023645542554723,0.6467716731715669,18.813927435892463,0.6448568659403611,0.05929950797538382,0.7619994690309522,16.351578142295793,0.05361124926298065,-0.9980393889887632,0.03229879222817888,8.55594136227677,87.0009089340552,79.09049153080372,36.58630228667744,24.97349237268557,8.418241182867439,102494.0,251748.3210274721, 0.0, 0.0,0.0,NaN, 90.0288869414069,90.0288869414069,0.0, 317.1493978873859, 11.711203228018187, -43.03468378306637, 11.711203228018187, 73.99948763887072, 5.1377595080294105, -43.03468378306637, 5.1377595080294105, 303.39322037509453, 10.684317107906045, 6.8073877682302, 12.0, 0.0
5, 0 ,1.0,1.0,1.0,14.456358685266578,113.05372953691318,142.28830658003693,9.256639158483289,17.921010499107666,19.66465744337028,37.0,92.0,103.0,-0.04781965121014612,0.23242119469354403,0.9714389683430273,19.77562746361416,0.05331520993583364,-0.9705712606782346,0.23483806406747515,17.836817706985922,-0.9974320875867378,-0.063022346851631,-0.034020794371601444,9.182550337062898,96.87578691168163,93.86444124611376,39.45711046499338,26.606040944117552,9.255556356295184,125592.0,358791.0657855067, 0.0, -1.4210854715202004E-14,0.0,76.56034037332822, 105.35311960866244,105.35311960866244,0.0, 85.6853685103662, -15.509343814957823, -11.322323807526075, -15.509343814957823, 321.1626173091272, 15.963504898384427, -11.322323807526075, 15.963504898384427, 386.69875236509813, 11.30096241680504, 6.896057914688409, 16.0, 0.0
6, 0 ,1.0,1.0,1.0,57.85838476919064,148.7766742009331,184.7585484945956,18.541638058501608,22.22053291547782,8.748349100054083,92.0,94.0,38.0,0.08887887941500167,0.9948285226508259,0.04916050563518125,22.2741056080388,0.9940575861737926,-0.08547934743963063,-0.0674002710055957,18.537847635355277,0.06284950408926453,-0.054858834126036135,0.9965141484966809,8.619191454365785,97.2979044166013,91.37606558752222,42.15298183840406,28.33505849517313,10.5452594558806,138036.0,374769.50279510877, 0.0, 0.0,0.0,NaN, 78.7637203159466,78.7637203159466,0.0, 343.79234189247524, 14.4112363968809, -16.203960517746477, 14.4112363968809, 493.75208304783314, 22.182762282614128, -16.203960517746477, 22.182762282614128, 76.53361197641708, 9.291741511681643, 6.403317086481686, 17.0, 0.0
7, 0 ,1.0,1.0,1.0,183.17310834073442,176.19532252228544,136.68163327960704,11.065193397958199,14.686666523595889,15.235106179178374,45.0,61.0,75.0,-0.010198462594713659,0.5884966675694231,0.8084353181426387,15.793484917837532,-0.3799547257827258,0.7455584746638841,-0.5475189195016341,14.622090951129962,0.9249488622167598,0.3127526708383929,-0.21599853973435654,10.344342858166044,79.33808291533626,74.15367485088365,56.68871179057808,22.732885154788082,7.311707826465493,91203.0,333511.6189841385, 0.0, 0.0,0.0,NaN, 69.70668918309661,69.70668918309661,0.0, 122.43850493421772, -31.108995888094384, 21.043588190975854, -31.108995888094384, 215.69817357531218, 24.165514125161042, 21.043588190975854, 24.165514125161042, 232.10846029083908, 10.519643376197408, 6.757145029028439, 7.0, 0.0
8, 0 ,1.0,1.0,1.0,81.09886215056784,21.718158045449144,43.14140993916342,17.20647986154066,13.526317500028036,19.77885772689259,92.0,55.0,86.0,-0.3041705922730975,0.06953447047977734,0.9500764223005065,20.091064049601208,0.9498354502487497,0.0983045083288978,0.29689870510490535,16.902826837108307,0.07275210132352843,-0.9927241213233974,0.09594764559748416,13.448829599165162,95.41206031406668,88.94172975484459,60.802694422082055,28.147019338293127,8.830216853915557,185086.0,515978.5771475448, 0.0, 0.0,0.0,NaN, 94.39218761392735,94.39218761392735,0.0, 296.0629492256043, 5.076856942633834, -34.816244983752306, 5.076856942633834, 182.96126511156467, 17.777269212564192, -34.816244983752306, 17.777269212564192, 391.2032129806587, 9.618067040551741, 6.1764212913009535, 13.0, 0.0
9, 0 ,1.0,1.0,1.0,51.78182829911396,183.1927746943085,121.75344928446074,14.653000243888197,9.722858167104302,12.720765615018475,61.0,37.0,61.0,-0.9633928930640696,0.02381394239754193,0.2670337614256457,14.808512651912702,-0.26249856565171104,0.11863929915537569,-0.9576112048878268,12.578463188538848,0.054485196378801504,0.9926518084622661,0.10804513192252382,9.672253189922456,61.99518555641353,64.59637558114501,41.36769087713901,20.740650464542515,6.39434775602861,70087.0,165663.71443301305, 0.0, 2.8421709430404007E-14,0.0,88.63543261108627, 95.32241742294755,95.32241742294755,0.0, 214.71041614738755, -4.898587215165843, -16.092556493947587, -4.898587215165843, 94.53397093762682, -6.547046574719243, -16.092556493947587, -6.547046574719243, 161.81787783223635, 10.848713538645576, 6.575204703776075, 9.0, 0.0
10, 0 ,1.0,1.0,1.0,169.74776931252848,95.13472548476702,16.625324889917025,16.119606194187195,15.916239893182592,10.413822036503044,66.0,78.0,41.0,0.7738069651110226,0.6215980799790252,0.12181382397764863,16.601492091039084,0.624357488433007,-0.7809139786050698,0.01873725318258251,15.495951303901494,-0.10677315853385738,-0.06155635617537402,0.9923760918276467,10.289899860506502,81.49267947410812,72.33609713749988,44.4070086423535,23.84126101302597,7.294543091231171,111961.0,261773.20458461324, 0.0, 0.0,0.0,NaN, 101.20382839757234,101.20382839757234,0.0, 259.84170385567825, 16.185874078382938, 17.569047926432017, 16.185874078382938, 253.32669233733702, 10.887376848728577, 17.569047926432017, 10.887376848728577, 108.4476894079564, 9.578250727448829, 6.088921777832093, 13.0, 0.0
11, 0 ,1.0,1.0,1.0,88.023644303841,179.32586224682782,79.32062858911317,16.17237251050235,11.945298449593128,18.840326708641715,82.0,54.0,88.0,0.5212246138686869,-0.11867954846175986,0.8451272488059718,20.442248703720484,0.8528983760319155,0.10704192726286628,-0.5109857003576248,14.258627665609941,0.02982049730569585,-0.9871459824082576,-0.15701448135658355,11.747327491195751,90.54528422051493,73.5998330177878,59.86275877488862,26.281734875363952,8.274304206252971,145405.0,398932.4762596364, 0.0, 0.0,0.0,NaN, 120.28027289683997,120.28027289683997,0.0, 261.5456326184521, -11.350952954881807, 94.8272320684281, -11.350952954881807, 142.690155049852, -31.644544711731708, 94.8272320684281, -31.644544711731708, 354.9579104883584, 10.168621849744824, 6.239997179277431, 14.0, 0.0
12, 0 ,1.0,1.0,1.0,155.56778210116732,181.92894343011073,181.24834480694403,18.11367527549373,11.547834111380196,11.016037170048339,79.0,52.0,49.0,-0.9945603488897544,-0.09587267348508109,-0.040720300773849215,18.181928913294467,0.04550349993203897,-0.751557708761135,0.6580960734540564,12.833707729427633,-0.09369708592173306,0.6526633442139482,0.7518320392276719,9.355436199847215,79.91661340286595,71.14569445509964,52.4119149081377,22.819270650702997,7.879826555938247,83525.0,297999.62792079645, 0.0, 0.0,0.0,NaN, 51.50154993241221,51.50154993241221,NaN, 328.10523198603283, 20.5364595842015, 12.154773970374062, 20.5364595842015, 133.35247266395604, -37.22405355966481, 12.154773970374062, -37.22405355966481, 121.35307493188662, 10.157192987003786, 6.654372786340713, 7.0, 0.0
13, 0 ,1.0,1.0,1.0,21.49100128266795,44.97397252952808,57.12429186040297,12.39326507980873,16.86226822562976,16.905390407417652,53.0,85.0,82.0,0.2884825368535639,-0.805389293095926,-0.5178087605448333,17.311869623845915,0.032975600654926794,-0.5321229363602942,0.8460246984342389,16.848178877640464,-0.9569171519478468,-0.26113840614842965,-0.12694997889830043,11.83889236848991,88.51157478516673,83.17949223049749,62.59868366573072,25.784830305336957,7.672278670884491,149688.0,460873.28392093367, 0.0, 0.0,7.105427357601002E-15,58.81461806560975, 75.81362715086836,75.81362715086836,0.0, 153.59301933840646, -39.58952660869778, -19.82309255828153, -39.58952660869778, 284.3360897130829, 1.8418192579773993, -19.82309255828153, 1.8418192579773993, 285.7922248272087, 11.050595502793131, 6.267583188537382, 13.0, 0.0
14, 0 ,1.0,1.0,1.0,133.2858249167014,117.26673130987089,116.93578196584757,13.188419074012067,16.999823235225747,17.694688573105477,69.0,86.0,88.0,0.28981672215023835,0.6463320555298412,0.7058761517126513,18.003244294499027,-0.25261268257476854,-0.6597179813274332,0.7077845842596712,17.389686048114687,-0.9231430550919345,0.38344107644829406,0.027925628510431386,12.227526545482107,82.10753125164865,86.82863300229336,65.82588234246666,26.69893889203384,7.949657441635303,153664.0,469291.45570160175, 0.0, 0.0,0.0,NaN, 134.8897298641499,134.8897298641499,0.0, 173.9343976717653, 58.18591143103845, 8.383840849372849, 58.18591143103845, 288.99399002892125, 8.270220120300522, 8.383840849372849, 8.270220120300522, 313.1020036991895, 9.28820820913372, 6.1981881458506605, 29.0, 0.0
15, 0 ,1.0,1.0,1.0,78.16433979262376,91.68372605744534,159.56111891398865,14.11004489348099,17.212307141041524,18.300633657809477,75.0,83.0,84.0,-0.05416066013670351,0.0736422184459399,-0.9958129576159958,18.32280922918133,0.23138853909880824,0.971056925264748,0.059226614533443,17.369470703123795,-0.971352648046669,0.22721195293763563,0.06963304944485765,13.886908429715334,87.53847397300544,83.38542310422972,76.1595129086,27.589415571967265,8.312293587675141,178709.0,555921.2381899958, 0.0, 0.0,0.0,NaN, 127.08608398436861,127.08608398436861,1.3486991523486091E-6, 199.09336689604896, 23.88830248850857, 9.197776824987612, 23.88830248850857, 296.26351711754904, -4.217521209689729, 9.197776824987612, -4.217521209689729, 334.9131922773491, 10.006554574642347, 6.3058236186585415, 22.0, 0.0
16, 0 ,1.0,1.0,1.0,119.15471640291811,50.574131928187754,14.537791662765061,16.66491880501947,18.486527346779194,9.472117623101592,77.0,94.0,39.0,-0.5338600522515122,0.844391799192903,0.0446758778960806,19.65322811804173,-0.8438642866803419,-0.5286801267198065,-0.09159906810119525,15.331408333292984,-0.053726253130942994,-0.0866014611152881,0.9947932833796208,9.375007597065041,97.75184908682705,72.64528244629827,43.50066255823516,25.285091420350906,8.35801269748466,117473.0,308907.36983100063, 1.4210854715202004E-14, 0.0,0.0,57.73336405122877, 96.46268753571144,96.46268753571144,NaN, 277.7195187778916, -68.84249017046339, 4.2591032537626, -68.84249017046339, 341.75169334321504, 18.381786804668334, 4.2591032537626, 18.381786804668334, 89.72101226587178, 9.499067983552337, 5.892817793301023, 9.0, 0.0
17, 0 ,1.0,1.0,1.0,49.98101566772069,12.767314138988612,119.42917429447706,16.553402339198097,8.266821153357522,15.556793353966603,77.0,33.0,72.0,-0.8973074624189803,0.12269861875354612,0.42400986644556105,16.989851797746095,-0.4165734984524871,0.08225553887984921,-0.9053731532968281,15.228131927632306,0.14596519542091577,0.989029360170646,0.022695515992730633,7.988630316157919,79.22737003941418,76.08212564488052,37.85043620586249,22.88452804537305,7.7889445102346135,84122.0,228154.3567780099, 0.0, 0.0,0.0,NaN, 95.67007992246225,95.67007992246225,0.0, 274.01512900336905, -30.513439995720745, -22.15176301861245, -30.513439995720745, 68.34033198159939, -0.8198490568447794, -22.15176301861245, -0.8198490568447794, 242.01381945801947, 8.609753357496414, 5.6575853180475155, 8.0, 0.0
18, 0 ,1.0,1.0,1.0,186.3632750802466,27.961137718449077,171.92424975798644,8.055272669215482,15.455371330709998,15.131615692467088,32.0,72.0,59.0,0.00951375470246057,0.7684180501245107,0.6398774794554865,16.173895838203904,-0.04235789760514641,-0.639022385317656,0.7680209629778377,14.370518739807494,-0.9990572040588734,0.0344106278027333,-0.026469070861826857,8.038345524660569,80.62506387442247,73.63816148800554,33.724755834176165,21.944477327828956,7.152735771607293,78508.0,200226.62306360673, 0.0, 0.0,0.0,NaN, 41.90505030063826,41.90505030063826,4.76837158203125E-7, 64.88741777540992, 5.28084210870019, -3.4170097709507052, 5.28084210870019, 238.86850297013254, 27.21323796315828, -3.4170097709507052, 27.21323796315828, 228.96579346451625, 8.737913953777078, 5.648670171864468, 9.0, 0.0
19, 0 ,1.0,1.0,1.0,22.056412916612633,172.85487398953876,44.18110923788527,15.043082815766917,14.40526553813026,14.264998560285653,65.0,63.0,74.0,0.6732423929011155,0.5342185808067267,0.5112290957306967,17.230101390313504,0.12277870225835075,-0.7625583813087383,0.6351614797573538,13.144589666235257,-0.7291570960174044,0.36484958957992963,0.5789772934328443,12.947569978062864,85.72211176631765,63.83514314252194,72.72835727989164,24.079044475621345,7.582599613060423,115665.0,397975.6274954943, 0.0, 0.0,7.105427357601002E-15,59.254266078919706, 56.349921298630825,56.349921298630825,0.0, 226.29434060202192, 45.99983527617031, 44.88176425213299, 45.99983527617031, 207.5116752240433, 32.80575022407038, 44.88176425213299, 32.80575022407038, 203.49018392495174, 10.096682130038205, 5.949449578193603, 9.0, 0.0
20, 0 ,1.0,1.0,1.0,110.09933405314531,71.0656888818035,63.455003297125344,12.807525630057176,14.600258261023836,16.926419801444247,61.0,72.0,80.0,-0.14860351122016335,0.25702209670137655,0.9549118484238567,17.18630449177937,-0.042497116327147,-0.9664011458101998,0.2535011252058066,14.399777812490914,-0.9879832951811054,0.0029098426007945657,-0.15453330145675032,12.687839777307595,77.47918427627933,71.43363116190334,60.27571053384979,24.768725556908,7.086196132933751,137999.0,333603.1212283806, 0.0, 0.0,0.0,NaN, 130.99236358418545,130.99236358418545,0.0, 164.03271276457147, -3.228381822996802, -19.569635904584725, -3.228381822996802, 213.16754128859475, 21.62278998479368, -19.569635904584725, 21.62278998479368, 286.50368729472393, 9.005717644762804, 5.686135476057569, 11.0, 0.0
21, 0 ,1.0,1.0,1.0,140.983483882731,40.54452286350272,86.4582196932287,15.218906029338065,12.913399417743877,16.82418447981568,73.0,66.0,88.0,-0.3660762855353273,0.05641702690473782,0.9288731195614868,17.148998485123535,0.8835774127333708,0.3343041673827883,0.3279202332548322,15.128881770565592,0.2920258702171099,-0.9407751286815202,0.17222963850106854,12.587809817134998,79.77131369450876,72.56730404996901,65.71864212910607,24.987646160069744,7.55259611272851,131629.0,380431.36417467566, 0.0, 0.0,0.0,NaN, 112.25787839332955,112.25787839332955,0.0, 231.61510072982253, 18.002634622349696, -25.714552495171812, 18.002634622349696, 166.7558845221879, 14.828769522581176, -25.714552495171812, 14.828769522581176, 283.0531834108709, 8.831024416257613, 5.6781649470574225, 13.0, 0.0
22, 0 ,1.0,1.0,1.0,54.947032288698956,75.95036403925293,93.06877967711301,14.36623812196718,14.864934455927742,14.44511921386616,70.0,75.0,63.0,-0.1659821199511065,0.7696705653559934,0.6164877587439364,16.22496615279007,-0.8794034041370615,0.1673456276929746,-0.4456961898919408,14.749000350025192,0.4462057694031813,0.6161190321006396,-0.6490745331891287,12.459293931626684,76.01260647866671,71.66638048081228,64.77704345036696,24.24405963764794,6.945654436050199,126360.0,352876.0779303469, 0.0, 0.0,0.0,NaN, 132.0962978497784,132.0962978497784,0.0, 206.38879777706308, -22.96734103739515, 13.365102424651269, -22.96734103739515, 220.9662763790278, 46.60596222012515, 13.365102424651269, 46.60596222012515, 208.6614691028053, 8.673711012796526, 5.610273465448917, 11.0, 0.0
23, 0 ,1.0,1.0,1.0,117.65908939354648,150.94964620457156,159.81751565220614,16.313248793110827,12.751941381877288,15.544182036263814,77.0,65.0,76.0,-0.9373191867100544,-0.348240167924171,-0.012709353616426786,16.815160458087025,0.003042914857418838,-0.04464965181978425,0.9989980727016154,15.54965287812483,0.34845872480736173,-0.9363413875486427,-0.042910640511533704,12.075361878961798,84.22854572022091,76.70724092511847,62.44942584039934,24.832215795252313,7.329171103699914,134965.0,403481.95275551046, 0.0, 0.0,0.0,NaN, 103.92591022125988,103.92591022125988,0.0, 266.12208618593183, 44.68429719941131, 1.9230297682632207, 44.68429719941131, 162.61200900683443, -3.6749984338724957, 1.9230297682632207, -3.6749984338724957, 241.62159517650667, 9.204014354162101, 5.775714093488534, 15.0, 0.0
24, 0 ,1.0,1.0,1.0,183.60807353770107,20.250964748731736,115.01881802020553,10.278539334016772,11.447811856738412,15.266324138100915,42.0,44.0,69.0,-0.2252426939101044,-0.3071883153152549,0.9246086024766882,15.891939144209225,-0.24541377304291376,-0.9005083537951732,-0.35896627243509754,10.999155978957596,-0.9428880150054728,0.30776621594788944,-0.12744468400116524,9.809498347269614,77.35460566574093,54.12130331304502,47.79404788156293,20.611142388409387,6.703896574573999,69189.0,200091.31449309902, -2.8421709430404007E-14, 0.0,0.0,76.98285015672178, 88.88530878093823,88.88530878093823,9.5367431640625E-7, 105.64837084092993, 16.287421571222893, -30.376153893624235, 16.287421571222893, 131.05239630728056, -36.399366316941425, -30.376153893624235, -36.399366316941425, 233.06065268956263, 9.21241566883401, 5.820417005056749, 7.0, 0.0
25, 0 ,1.0,1.0,1.0,174.66052761584822,61.51740934690248,113.95976682146033,14.370532571238611,11.888169850749469,14.934921954606653,61.0,54.0,70.0,-0.6046204333268519,-0.043770199948975186,0.7953101918120231,15.764806311264984,-0.7578624693253747,0.3388757352772611,-0.5575013126696129,13.683430344266126,0.24510938209643388,0.939812431092887,0.2380629857234888,11.624426805370105,78.4992643663642,73.44913416906596,58.91973108278391,22.88042382590837,6.8832323887997475,101210.0,339713.6702996165, 0.0, 7.105427357601002E-15,1.4210854715202004E-14,54.18984540454897, 108.76305548704961,108.76305548704961,0.0, 206.5122063810298, -10.381581362109744, -32.51396434688513, -10.381581362109744, 141.32858240026866, -13.792235047321492, -32.51396434688513, -13.792235047321492, 223.05189379019177, 9.547946042300342, 5.66691643949714, 11.0, 0.0
26, 0 ,1.0,1.0,1.0,11.38960215086246,24.688638491979578,170.58665377760323,7.110165986307223,14.042682245835346,15.96407184887471,28.0,52.0,60.0,0.03153466616664733,-0.29212479717248374,0.9558601716290377,16.151748849611263,0.04046577224184989,-0.9551785621701259,-0.29325148873873164,13.842355872020544,-0.9986831760406446,-0.04792720780044437,0.01830018157899479,7.079065476303561,71.96444641751513,65.1217153224836,28.913780920567252,21.268841491627416,7.087972672803194,66206.0,135502.93634630012, 0.0, 0.0,0.0,NaN, 40.054922840284796,40.054922840284796,0.0, 50.55446035284017, -7.410759466847695, 4.673954814677003, -7.410759466847695, 197.19692465749924, -19.217679953908846, 4.673954814677003, -19.217679953908846, 254.85158999603402, 8.585828845162004, 5.21364684463923, 6.0, 0.0
27, 0 ,1.0,1.0,1.0,98.14548137318606,184.5475010829543,141.80759963179554,13.048189365508428,9.35271307194313,15.035453019018114,61.0,38.0,64.0,-0.34266462553127885,0.02661990066800859,0.9390805797682829,15.33906024346673,0.9024393487787832,0.28716395640779024,0.3211542992331736,12.978021946291028,0.26112099912729014,-0.9575114845413863,0.1224237754119495,8.948603925766905,70.62067497712053,64.7901764428359,42.679824380832684,21.015503105497427,6.491684237087529,73872.0,195282.64580043728, 0.0, 0.0,0.0,NaN, 115.14195889148802,115.14195889148802,NaN, 170.25524571816723, 21.480357995742388, -24.338494602053096, 21.480357995742388, 87.47324180609591, 12.028084157624281, -24.338494602053096, 12.028084157624281, 226.0648474871009, 9.39962182423749, 5.629601879688893, 7.0, 0.0
28, 0 ,1.0,1.0,1.0,175.29076709008484,150.00833744782082,92.52960186722923,14.614653806198662,10.945030546875138,13.820258279736661,62.0,51.0,66.0,-0.8032784021541608,-0.09014595557544425,0.5887423165749578,15.412171385196356,-0.593002233326185,0.21333413254037056,-0.776425720312899,13.05765182619506,0.05560719290536805,0.9728115205869209,0.22482345409353435,10.786289466025664,74.96261792381804,66.27028393606216,52.57972623369395,21.91261145780128,6.6497216156144,89116.0,261205.24715944967, 0.0, 0.0,0.0,NaN, 108.03443773832183,108.03443773832183,1.9073486328125E-6, 213.58810587503706, 1.9242892415737982, -32.378473490546426, 1.9242892415737982, 119.79369367202987, -15.402604405351903, -32.378473490546426, -15.402604405351903, 190.99953891862972, 9.414032677045467, 5.546970827395464, 8.0, 0.0
29, 0 ,1.0,1.0,1.0,20.19998084382932,75.45445141516211,175.21419472247499,11.784146303973996,15.45627752576163,14.25148491264737,49.0,73.0,59.0,-0.012104851411645233,0.8169576083992925,0.5765706709942944,16.564017344986357,-0.06953615842627021,-0.5759047359482805,0.8145541466248014,12.953578697466764,-0.997505987572816,0.03023245261056745,-0.06377933494111672,11.777332873183559,84.18759935889045,67.01195217476322,51.20367931642803,23.022466180342782,7.129761023861006,104405.0,288869.4166966228, 0.0, 0.0,0.0,NaN, 81.94967728862339,81.94967728862339,9.5367431640625E-7, 138.866104113464, -0.17664375362453186, -2.5944846665447847, -0.17664375362453186, 238.89651495336403, 50.254854681317575, -2.5944846665447847, 50.254854681317575, 203.10482221541565, 8.506152379591857, 5.1545706640297615, 8.0, 0.0
30, 0 ,1.0,1.0,1.0,89.65091026520808,32.67999838533888,105.60855770395189,13.196009764936187,15.961350580581165,14.017081496509045,67.0,69.0,60.0,-0.38439664704049814,0.8735500390006238,0.29857921412253585,16.71355586893265,-0.12114255058498297,-0.3683633091538773,0.921755366085259,13.811302176122949,-0.9151850633515537,-0.31814902456429667,-0.24742170071963984,12.461257647933241,80.52896383054716,69.32117615615743,66.00705765050226,24.01144356842236,6.987741946625165,123865.0,368475.32252984535, 0.0, 0.0,0.0,NaN, 134.220014843444,134.220014843444,0.0, 174.1346737162912, -40.07528252386034, -18.19933770541457, -40.07528252386034, 254.7647123562187, 20.314595743039742, -18.19933770541457, 20.314595743039742, 196.47857367977625, 8.19435806806845, 5.168389855869092, 8.0, 0.0
31, 0 ,1.0,1.0,1.0,104.95222827829433,162.1053680208858,18.328321806439792,11.298601332527518,17.979246753711326,11.11142265944066,53.0,83.0,44.0,-0.07426453791507985,0.9965250225522895,-0.03771813669070364,18.02218749266725,-0.7260551856952047,-0.028103115135192175,0.6870619202406723,12.42281408790937,0.6836143984245515,0.07840978476476702,0.7256192251586097,9.7596038615997,83.46476787018777,66.35684526336543,53.26244377772507,22.679848713654586,7.745959059061581,87332.0,294991.844405213, 0.0, 0.0,0.0,NaN, 103.95195727995888,103.95195727995888,NaN, 127.65839207139263, -15.78271887300036, -28.826984855763474, -15.78271887300036, 323.2533138308393, -9.768769949879461, -28.826984855763474, -9.768769949879461, 123.46371351673133, 8.090132450337595, 5.257808318762168, 11.0, 0.0
32, 0 ,1.0,1.0,1.0,153.6331247267791,89.25686215861768,68.67667901433403,10.663186776214852,12.61660829027648,14.997470456669207,51.0,61.0,69.0,-0.0879358688190614,-0.2597861040723876,0.9616540246398012,15.221473213720657,0.2826587644832013,-0.932219730621818,-0.2259876029790451,12.538757707299512,0.9551812947476868,0.25194752225468453,0.15540637114950645,10.435170599228538,68.98210883662857,64.44134861460364,48.067636154745514,21.434312543576894,6.194894902874313,86926.0,213675.0689452198, 0.0, 0.0,0.0,NaN, 121.79146441948534,121.79146441948534,1.9073486328125E-6, 113.70355222444329, -9.929024790045803, -13.471527846143504, -9.929024790045803, 159.1788047502732, -20.497352794699886, -13.471527846143504, -20.497352794699886, 224.92412009866567, 8.096228981539262, 5.086947013295925, 8.0, 0.0
33, 0 ,1.0,1.0,1.0,152.77529555863245,49.68750665672596,157.76753381616786,12.227366294750516,11.49051642347818,12.360255124881313,55.0,56.0,56.0,-0.7181357502019,0.1942520267824002,-0.6682418681681684,12.776765035275794,0.47982411851453344,-0.5572822024792772,-0.6776469302605873,12.201227936261619,-0.5040335897276148,-0.8072810519829978,0.306997465031096,11.054441325418507,59.379070155990775,59.57090987492272,55.92038257090424,20.082057860671497,5.570216604133793,75112.0,197805.22529210005, 0.0, 0.0,0.0,NaN, 80.51460878191753,80.51460878191753,0.0, 149.50848650600096, -12.857056963571495, 11.025487748286299, -12.857056963571495, 132.03196767822178, 4.743457153758187, 11.025487748286299, 4.743457153758187, 152.77590675215475, 8.278149517072709, 5.038791446804167, 13.0, 0.0
34, 0 ,1.0,1.0,1.0,120.90273972602739,79.28972602739726,178.4962664517862,12.323154419717927,11.9761899720984,12.842817165799966,59.0,55.0,53.0,0.36694579615882733,0.45536366918402515,-0.8111687318114686,13.916480320772667,0.807665492081627,-0.5886049869268392,0.034937404960858155,12.53260081955586,0.4615487358686055,0.6679731268188244,0.5837676474985359,10.46387624321814,67.2302781146988,59.87437964794938,57.944856246650346,20.55567800192094,6.139325348562039,74460.0,233249.55527289334, 0.0, 0.0,0.0,NaN, 114.04230703059659,114.04230703059659,0.0, 151.86013485221346, -8.550950901283798, -23.712906773517933, -8.550950901283798, 143.42912624779026, -32.0708696772012, -23.712906773517933, -32.0708696772012, 164.93795275416625, 8.512014548263977, 5.089126349064672, 10.0, 0.0
35, 0 ,1.0,1.0,1.0,48.57463801310522,31.219741480611045,11.022386424744568,12.642573392856313,13.26969394805387,7.50084520277335,59.0,59.0,30.0,-0.6040457423098988,0.7933594161074596,0.07556175005195603,14.039680338060249,0.7878155481667608,0.6087463806158127,-0.0936723339831688,11.84785592606187,0.12031377005143466,-0.00294634702285752,0.9927315426515025,7.395796386131039,70.47937108494219,59.140957624901766,33.02452537688809,18.814576046618424,6.180117022420419,50209.0,137653.4045643304, 0.0, 0.0,0.0,NaN, 58.78486811005692,58.78486811005692,NaN, 159.83466199375837, -27.161325284283457, -12.82263923055088, -27.161325284283457, 176.0847774750175, 3.652074539938987, -12.82263923055088, 3.652074539938987, 56.262678755967976, 8.13000612902431, 4.88070752867066, 2.0, 0.0
36, 0 ,1.0,1.0,1.0,11.361634430210165,173.2309162968545,137.29509615116245,7.139056329856166,14.430912978030454,16.4191729971405,29.0,54.0,74.0,0.0343465623403972,0.17279982228938673,0.984357930364841,16.485239946466574,-0.019186759008526986,-0.9846435274357201,0.17351942876142304,14.366472684716383,-0.9992257912674922,0.024846434265266976,0.030503651751156824,7.116736827865403,79.61360075599688,62.23129569745525,30.65723974402936,21.827055271771428,7.2378363295530725,71658.0,151889.9923045112, 0.0, 0.0,0.0,NaN, 69.12000828937819,69.12000828937819,0.0, 50.96612528085939, 4.254738271837234, 6.957225687833299, 4.254738271837234, 208.25124937948777, 11.000782103697027, 6.957225687833299, 11.000782103697027, 269.5892419100278, 9.749599936273945, 5.972878707542727, 8.0, 0.0
37, 0 ,1.0,1.0,1.0,46.40515153542517,22.825583729176422,167.0278584331304,12.014366312098952,13.226932977449456,11.488386891457022,52.0,52.0,54.0,0.3332564082307211,-0.9335190275795968,0.1322209950045875,13.384973066767984,0.7738651701019765,0.3509375804576827,0.5272338315449292,12.140334031665203,-0.5385841298035045,-0.07338283020810657,0.8393700586478231,11.168463315986092,63.05782687697065,64.4641357134011,61.338551770150275,20.407472671334226,5.900410698231423,74735.0,249339.26910175665, 0.0, 0.0,0.0,NaN, 61.33194502956112,61.33194502956112,6.743495761743046E-7, 144.34499788129816, -10.778936906880773, 11.640723549919512, -10.778936906880773, 174.95175598993995, -2.526043558227646, 11.640723549919512, -2.526043558227646, 131.98303336780154, 8.002728654725054, 4.896613126759046, 6.0, 0.0
38, 0 ,1.0,1.0,1.0,114.54936766722535,154.8353801615115,61.54532987962822,10.114961280193075,12.363219923462037,13.919675889343665,51.0,55.0,60.0,0.1604639265806758,-0.43476158074572147,0.8861341299000919,14.631784935643967,-0.41445667641202744,-0.844466381801953,-0.3392671416211925,12.05434492582695,0.8958108012542644,-0.312824068629317,-0.3156962312768286,9.461641688751564,62.59595246195908,56.137017900818876,48.62214385479189,20.30258826342866,6.060027660477401,65630.0,170855.78744921024, -1.4210854715202004E-14, 0.0,0.0,80.76617480448289, 114.5839477467,114.5839477467,0.0, 102.31244169980515, 10.834105870435792, 25.556378655950155, 10.834105870435792, 152.84920687588865, -32.007850921536765, 25.556378655950155, -32.007850921536765, 193.75737686437537, 7.986411740587612, 5.0199178653184156, 9.0, 0.0
39, 0 ,1.0,1.0,1.0,35.14451784708353,53.94976186818251,127.9563681056998,14.35705489931971,13.303771159128672,12.357684605278179,71.0,64.0,60.0,-0.8816715336255766,-0.3272256197287719,-0.339968675891537,14.612935639859424,-0.44654522450714496,0.8114425555991249,0.37703891235869164,13.612034113269315,0.1524882594306443,0.48423586479719016,-0.8615468402704116,11.704800746898337,71.07240967237883,63.94189722604109,54.11566136073875,22.23300643370148,6.443690414586121,97635.0,245928.87820263664, 0.0, 0.0,0.0,NaN, 96.62297261448231,96.62297261448231,1.3486991523486091E-6, 206.12502538208008, 4.585014185895887, 14.811293552809818, 4.585014185895887, 176.99032705446385, 23.286915404911316, 14.811293552809818, 23.286915404911316, 152.71236880352927, 8.32303285281303, 4.943645672476497, 6.0, 0.0
40, 0 ,1.0,1.0,1.0,58.82385368888632,144.27727055691403,86.50187374300059,12.018416791573808,12.171347710761772,10.940707136182914,62.0,57.0,51.0,0.6497557515857731,-0.7180212976226886,0.24952530821829963,12.847615017535052,0.7255136694231646,0.683740848598937,0.07828389002432298,11.42919241526513,-0.2268201462863077,0.1301686141795927,0.9651988153335159,10.797938183191572,57.1636743804258,51.64626057096683,49.26291982357283,19.559953893366018,5.448974545855046,69113.0,145438.4266618078, 0.0, 0.0,0.0,NaN, 118.52359469932085,118.52359469932085,0.0, 144.44234217598324, -15.650883455212535, 8.65467872827532, -15.650883455212535, 148.14170509626584, -7.932319629261107, 8.65467872827532, -7.932319629261107, 119.69907263972372, 7.437340355328826, 4.685285900740481, 11.0, 0.0
41, 0 ,1.0,1.0,1.0,130.7672419697281,119.97270734881172,183.52306348880214,15.533070543758402,10.202826717521672,9.465625934681519,72.0,50.0,38.0,-0.9841634902161147,-0.08412176771685562,0.15603125559267667,15.705254273377692,-0.008843581339404787,-0.8558271701613863,-0.5171862777400879,10.626922086710605,0.17704241185300507,-0.5103757272928887,0.8415299171125917,8.682484843177008,72.37396311446365,55.15061935833927,44.622742145546056,19.77807120674541,6.6181513447019125,58404.0,178110.28711310588, 0.0, 0.0,0.0,NaN, 107.09356558799952,107.09356558799952,0.0, 241.27628051737494, 14.463495371887978, -26.128458238018215, 14.463495371887978, 104.09767302777408, 14.370638367254397, -26.128458238018215, 14.370638367254397, 89.59807433531537, 7.683234549084209, 4.966862765302098, 6.0, 0.0
42, 0 ,1.0,1.0,1.0,125.18902580305424,10.511321748288573,43.083770405476564,9.415619754683778,7.113746217439291,18.648037332880904,44.0,29.0,83.0,-0.12846775806645072,0.014700574070334906,0.9916047237984409,18.769460661828646,0.9319083498756012,0.3437656347730143,0.11563743243967788,9.45422254093374,0.3391796906796076,-0.9389404035779423,0.0578623881236893,6.733023064716962,86.11696050361967,48.78813067150794,33.57395032655056,20.40717929268222,8.399738704019864,47475.0,141060.46621615897, 0.0, 0.0,0.0,NaN, 86.9677010018314,86.9677010018314,0.0, 88.6538953647914, 13.531656632561447, -34.35643508412318, 13.531656632561447, 50.605385246131824, 6.2256234524919885, -34.35643508412318, 6.2256234524919885, 347.74929636852, 8.30661475901669, 4.600472744711213, 4.0, 0.0
43, 0 ,1.0,1.0,1.0,171.20810530457487,103.96303251421827,120.76383374467933,8.281727919002918,12.611101981858033,16.863847589472496,43.0,53.0,73.0,-0.13940271734002913,-0.02238083461340403,0.9899828183560676,16.99104738764099,-0.18764476793055235,-0.9810338146375839,-0.04860139510261014,12.757976688415932,0.9722943605032919,-0.19254026274947866,0.1325591330458093,7.78168397783843,71.28078130331852,55.02445802798162,40.13878009348244,21.524348580382064,6.97987709292683,55914.0,157431.77575060868, 0.0, 0.0,0.0,NaN, 127.79061924436537,127.79061924436537,0.0, 68.5870173243924, 19.527455622287157, -30.552759048773382, 19.527455622287157, 159.03989319682358, -0.18144213702732304, -30.552759048773382, -0.18144213702732304, 284.3893555209573, 9.347366949477864, 5.506953957931528, 9.0, 0.0
44, 0 ,1.0,1.0,1.0,48.54785797693767,183.36330462706175,164.55302145672164,15.082557843318087,9.920502021254688,9.135001601697297,62.0,43.0,41.0,-0.9940332941739938,0.03445667615319329,0.10349177523877146,15.133815000402134,-0.08879268735923528,-0.8066874599307758,-0.5842698012579105,10.811933983908894,0.06335352196305682,-0.589972948073814,0.8049336940369493,7.963535193302397,63.11231004727087,52.584188350493804,41.127183968843156,19.266957738958464,6.175152240952293,54808.0,136489.18020738685, 0.0, 0.0,0.0,NaN, 62.37116669526466,62.37116669526466,0.0, 227.48355109703593, -1.8418104662965467, -14.26298305504632, -1.8418104662965467, 98.41636035371836, 25.796950021050527, -14.26298305504632, 25.796950021050527, 83.44825426301219, 8.653385279823322, 5.207548137496253, 5.0, 0.0
46, 0 ,1.0,1.0,1.0,118.31115111395002,116.06453361206279,51.23602965371736,12.37988629239591,8.721133092480768,11.07960285092398,57.0,38.0,55.0,-0.9890015901082578,-0.07027253737413305,-0.1301446320611752,12.418278012602126,0.1282891857274377,0.030320209301674415,-0.9912732064034081,11.056060843450668,0.07360529592854453,-0.9970669262386068,-0.020971528613042727,8.69639213647002,56.86499839778965,56.777886440417426,38.46710474597178,18.023120816543532,5.21962282122816,51663.0,124197.75716110397, 0.0, 0.0,0.0,NaN, 127.84115645896297,127.84115645896297,0.0, 153.26158461265214, 5.643025418308828, 4.187829264976723, 5.643025418308828, 76.05816241676317, -0.6821501435358732, 4.187829264976723, -0.6821501435358732, 122.75759933420277, 6.920399112167982, 4.312963346709659, 9.0, 0.0
47, 0 ,1.0,1.0,1.0,159.66804760580288,51.54027901802053,42.45557816457086,12.393663080979849,12.574172158914175,10.816698454977914,62.0,58.0,55.0,-0.7892937773458288,-0.4357834245830921,-0.4325599841661109,13.76617899330643,-0.23927842013716563,0.867084173946675,-0.43693348801376486,12.489261699919174,0.5654742882747328,-0.24136661357744849,-0.7886577122873645,9.122736082336143,62.64396796672358,57.98353135549523,47.051776051786256,19.86639918235321,5.8343670642278225,68311.0,170907.03570883197, 0.0, 0.0,0.0,NaN, 78.00988951710659,78.00988951710659,0.0, 153.60288456484292, 21.46205394464473, 43.893628997669694, 21.46205394464473, 158.10980548201238, -7.530032107856989, 43.893628997669694, -7.530032107856989, 117.00096546592158, 7.59023170425182, 4.400017370169771, 4.0, 0.0
48, 0 ,1.0,1.0,1.0,8.431532724161313,118.67886086984599,67.35523554292726,5.9739123895794055,10.017468759769653,13.320143682215543,24.0,47.0,55.0,-0.04491907383622663,-0.14550853607861006,0.9883367557335686,13.397273795241647,0.07229138005247561,-0.987215040126948,-0.14205780836426482,9.94555490207488,-0.9963715337040718,-0.06506712284563956,-0.054863798162233954,5.921362161812415,58.14174350339014,49.32440871840949,25.516679255478905,16.705772598793768,5.863505707644039,30971.0,73176.91445175609, 0.0, 0.0,0.0,NaN, 105.92896756103913,105.92896756103913,0.0, 35.68762923837033, -3.612927432936999, -7.067473540771351, -3.612927432936999, 100.34968035296093, -11.815240944433377, -7.067473540771351, -11.815240944433377, 177.42622771486663, 7.327971789868138, 4.554062192052001, 8.0, 0.0
49, 0 ,1.0,1.0,1.0,50.05707399803624,139.98266535749352,49.424511291618316,11.024556536048475,13.52929265233963,9.09652930607869,53.0,59.0,40.0,-0.438326066651903,-0.8964130414404877,0.06568042652789084,14.264029809397758,-0.865619216242132,0.4013319829979424,-0.29939273854804327,10.18700928337022,0.2420198995244591,-0.18808588080542712,-0.9518666238900372,8.949399273843456,66.7867947466072,50.32509252408395,42.36376619728671,18.81646408554705,5.768026631598239,56015.0,142386.80521893466, 0.0, 0.0,0.0,NaN, 92.46931075362676,92.46931075362676,0.0, 121.54084681652914, 40.24736979116489, 2.586018698575291, 40.24736979116489, 183.0417596726511, -10.109377836933769, 2.586018698575291, -10.109377836933769, 82.74684541634846, 7.321777057937136, 4.327349318604796, 5.0, 0.0
50, 0 ,1.0,1.0,1.0,141.53483051010403,147.42859889634485,17.431559922321135,8.663006812066042,13.953318357847342,10.242881569409944,37.0,61.0,40.0,-0.027674937145590165,-0.9800622219955032,0.1967540059852004,14.088421329983763,0.2306046051304807,-0.1977797573765237,-0.9527353691685317,10.13840691721262,-0.97265390244763,-0.0190054883999375,-0.23148040406064002,8.566708392152371,65.20988289787455,47.471559616347584,41.10133163788585,18.50502108064406,5.676583292019437,52009.0,127233.89230838319, 0.0, 0.0,0.0,NaN, 80.53438730634963,80.53438730634963,0.0, 75.04768702590266, 2.0521273837080867, -7.140230936939471, 2.0521273837080867, 194.69509319543965, -18.582570367214384, -7.140230936939471, -18.582570367214384, 104.91662284495793, 7.888024174085676, 4.4629470987731175, 5.0, 0.0
