// Sample: .//bubblelabels.tif, Map: .//bubblelabels.tif, Thickness:(8.191250068658265):/gpfs/home/mader/Foam/NewValid/InSilicoTest/LatticeData_OldFoam/out_Step_07000.vtk/distmap.tif, Neighbors:(1.0):
//LACUNA_NUMBER, TRIANGLES, SCALE_X, SCALE_Y, SCALE_Z, POS_X, POS_Y, POS_Z , STD_X, STD_Y, STD_Z,PROJ_X, PROJ_Y, PROJ_Z, PCA1_X, PCA1_Y, PCA1_Z, PCA1_S, PCA2_X, PCA2_Y, PCA2_Z, PCA2_S, PCA3_X, PCA3_Y, PCA3_Z, PCA3_S,PROJ_PCA1, PROJ_PCA2, PROJ_PCA3,OBJ_RADIUS, OBJ_RADIUS_STD, VOLUME, VOLUME_BOX, Mask_Grad_X,Mask_Grad_Y,Mask_Grad_Z,Mask_Angle, Mask_Distance_Mean,Mask_Distance_COV, Mask_Distance_STD, SHAPET_XX, SHAPET_XY, SHAPET_XZ, SHAPET_YX, SHAPET_YY, SHAPET_YZ, SHAPET_ZX, SHAPET_ZY, SHAPET_ZZ, Thickness, Thickness_STD, Neighbors, Neighbors_STD
1, 0 ,1.0,1.0,1.0,78.87012648530393,135.90052955601803,39.60222879505274,18.001894823595727,17.268323303365722,18.96959570406167,97.0,91.0,87.0,0.39064067607946745,-0.38841491958044927,0.8345859526971979,19.499945659471834,0.8402976539237579,-0.2197554295468557,-0.49558793770117665,17.901575604737463,-0.37589854349598756,-0.8948974250895969,-0.24053873610211912,16.77481678798417,96.39090710390568,91.3427607092494,89.7701568531156,30.160136176977517,8.513222298903234,253231.0,790391.360964022, 0.0, 0.0,0.0,NaN, 162.04254784145328,162.04254784145328,0.0, 324.0682172398026, -22.214114322344734, 15.957335794637368, -22.214114322344734, 298.1949897095637, -27.789624725571983, 15.957335794637368, -27.789624725571983, 359.845561175555, 7.932263400146246, 6.2249376777040455, 42.0, 0.0
2, 0 ,1.0,1.0,1.0,57.07368174686419,258.0910186284793,14.553575298411074,17.49429064161344,18.016284078767196,9.25704338573045,98.0,86.0,38.0,0.6166738241203512,0.7804712229158639,-0.10284971971278516,18.652757212221182,0.7721248382744698,-0.6251270018105821,-0.11419048001885551,16.97815013747855,0.15341652050677776,0.008994543208442618,0.9881206755392101,8.952464219227437,98.2145139467982,80.83105194001153,42.810229369725896,25.34367856177357,8.603923887558555,115361.0,339861.0988036778, 0.0, 0.0,0.0,NaN, 72.28813472283906,72.28813472283906,0.0, 306.05020505324353, 28.43069444316472, -35.33279349205116, 28.43069444316472, 324.58649200684033, -6.639232848478281, -35.33279349205116, -6.639232848478281, 85.69285224529585, 8.350589265522533, 6.231329688137301, 26.0, 0.0
3, 0 ,1.0,1.0,1.0,258.594867577837,140.15615039981853,127.2879997731526,16.5166739759001,16.907056174509158,14.958131231616289,89.0,86.0,73.0,0.41187896492995063,0.8760306137112408,-0.2508507167399362,17.193518762669363,0.9106951847190878,-0.4052342470107025,0.08012169231322817,16.376757340101065,0.0314642460214626,0.26144897951680013,0.9647043237862701,14.784434018169952,89.13668782737889,92.72354291099592,76.35919451456954,26.868677048661038,7.776178451607706,176330.0,631114.0495281282, 0.0, 0.0,-1.4210854715202004E-14,75.47214108057125, 193.80496993638604,193.80496993638604,0.0, 272.8005192261757, 9.485072966095645, -4.33903567291615, 9.485072966095645, 285.8485484880082, -18.540258525231057, -4.33903567291615, -18.540258525231057, 223.74568994225464, 6.859583183210361, 5.706296295001573, 40.0, 0.0
4, 0 ,1.0,1.0,1.0,78.52343064668936,16.928804519456822,261.2856766904102,16.14511144176479,10.226999244146358,16.80929015842538,78.0,45.0,78.0,0.31131772702576,0.011859741791879689,0.9502318766301961,16.893239922607286,-0.9432089335641889,0.12583181394192275,0.3074463566946134,16.135913070288737,0.11592316629656248,0.9919806959435832,-0.05035988871179327,10.102431734103584,87.65002998120241,76.94050577826866,46.05491214607869,24.283056691655915,7.625059366771311,113996.0,310586.84995629144, 0.0, 0.0,0.0,NaN, 89.17013183966291,89.17013183966291,0.0, 260.66462346700433, -18.112107765811682, 8.32388818519879, -18.112107765811682, 104.59151353977018, 8.190362398850729, 8.32388818519879, 8.190362398850729, 282.5522356301363, 7.757282837278455, 5.939997412413299, 23.0, 0.0
5, 0 ,1.0,1.0,1.0,188.19264070546822,113.1834193636326,236.20227096284796,15.989705651061945,14.9828430298474,16.295956222755077,81.0,88.0,82.0,0.08558015398105584,0.11544840430487273,-0.9896199791778852,16.306432628889134,0.925634967983248,0.3582658928984078,0.12184193051802134,16.171232015603046,-0.36861354192599954,0.9264541089169858,0.07620262974205146,14.775180922602392,81.84555331540622,83.53307296403949,84.53083243485656,26.291259163330363,7.3813381500378545,168739.0,577921.2892629303, 0.0, 0.0,0.0,NaN, 171.41039128815476,171.41039128815476,1.9073486328125E-6, 255.67068680760227, 14.797283201664955, 0.8416547453858542, 14.797283201664955, 224.4855852570468, -3.551711734098994, 0.8416547453858542, -3.551711734098994, 265.5581892139499, 6.996445900347543, 5.680452661551632, 39.0, 0.0
6, 0 ,1.0,1.0,1.0,274.2757678856648,206.14231342441678,208.9532291870773,15.123231749166292,15.940535528146144,17.187299336926674,62.0,88.0,88.0,-0.24520776851220014,0.3538991792309829,0.902567737735459,17.58512705064738,-0.21299766983576743,-0.9279089931394937,0.3059687779747882,15.703072934316323,-0.9457828201578845,0.11721890372499061,-0.30291019412312764,14.912842686501225,90.52991825278343,83.52426578243404,73.50338660634594,26.755183778939834,7.897861160798003,168417.0,555791.8117129157, 0.0, 0.0,-2.8421709430404007E-14,25.502335140738158, 133.26858565563558,133.26858565563558,0.0, 228.71213853899135, -2.7545176833907883, -20.79669378010868, -2.7545176833907883, 254.10067292408945, 20.870636591578798, -20.79669378010868, 20.870636591578798, 295.40325849712013, 7.829137888093629, 5.996584438976856, 37.0, 0.0
7, 0 ,1.0,1.0,1.0,263.58759546751645,279.5853019763384,27.756133007349767,17.615447379249865,11.422671167500082,15.727852828898236,80.0,50.0,68.0,-0.9843772727499558,0.11190647660392408,0.13593500427577335,17.71729053397853,-0.13533059082576324,0.013015255878807832,-0.9907150116462147,15.688000796589387,-0.11263665513547985,-0.9936335056792841,0.00233244750991482,11.319496663732277,83.47832084463832,73.35703452387493,55.44946917097286,25.06521217490643,7.738339370053773,132113.0,339557.13781020034, 0.0, 0.0,0.0,NaN, 50.13009095100678,50.13009095100678,0.0, 310.3039863711209, -20.67204898171394, -9.03994193779235, -20.67204898171394, 130.4774166008377, 1.3046426852287463, -9.03994193779235, 1.3046426852287463, 247.36535460748223, 7.28988927611295, 5.792389460378071, 24.0, 0.0
8, 0 ,1.0,1.0,1.0,276.90160559901193,207.2684526260072,284.69777392224904,13.049188710840115,15.08434431037854,8.837672944820243,53.0,75.0,39.0,0.13974490647853643,0.9770503175451889,-0.16076081020618738,15.253623329119463,0.9884709056928355,-0.14720765145630815,-0.03542846244904431,13.014201190758424,0.0582806118026427,0.15395643649280408,0.9863573317770525,8.595392664944328,76.64001799098901,58.40249650478833,43.07453228898464,20.74871640420652,6.73899101814296,68012.0,192800.24463135932, 0.0, -2.8421709430404007E-14,0.0,12.298724247454702, 96.78240452279161,96.78240452279161,0.0, 170.2813260111171, 7.7865448005240365, -6.911361184971862, 7.7865448005240365, 227.53744327404945, -24.443715171917162, -6.911361184971862, -24.443715171917162, 78.10446307960771, 7.134549377749792, 5.725533737020948, 16.0, 0.0
9, 0 ,1.0,1.0,1.0,154.1755662196708,178.02421850473158,15.35415526752478,16.845417778270743,16.518926699986196,9.63957914989551,82.0,77.0,41.0,-0.7380810411981295,-0.6744949837205952,0.017114133330056194,18.43296969592588,-0.6738367006862603,0.7381779473126032,0.03220898802518745,14.73329668397609,0.03435807666532074,-0.012240712279338616,0.9993346224017029,9.629128862057783,86.64410041900436,74.0699589158067,41.92250495281946,24.28577860135344,7.730813887115769,111485.0,269047.10635153495, 0.0, 0.0,0.0,NaN, 190.7317667372542,190.7317667372542,0.0, 283.76810012448, 61.138439890630345, -5.819535193535024, 61.138439890630345, 272.8749393195168, 0.10469373258904423, -5.819535193535024, 0.10469373258904423, 92.92148618710024, 8.631834135160545, 5.947285869981013, 18.0, 0.0
10, 0 ,1.0,1.0,1.0,47.599775870412344,249.50022922344192,213.2864974658075,15.579106673886123,16.47113272601784,14.481007475526713,85.0,74.0,74.0,-0.43676124101124153,-0.8595851491588683,-0.2652413800594585,17.375563844351046,-0.7694698677169007,0.20424400183433156,0.6051450325256195,15.793545429362151,-0.4659997221308783,0.4683991450250774,-0.7506307347249518,13.128597008143501,81.81498514262665,77.09914641611239,72.80577543022316,25.860188909777936,7.413297855296053,157052.0,459249.04038712126, 0.0, -2.8421709430404007E-14,0.0,30.729964673102337, 111.06393218838332,111.06393218838332,0.0, 242.70856475632314, 36.52423024264988, -20.881726531908097, 36.52423024264988, 271.29821327809583, 39.06350244563108, -20.881726531908097, 39.06350244563108, 209.69957750626057, 7.5088906968923546, 5.5143676402532185, 32.0, 0.0
11, 0 ,1.0,1.0,1.0,14.335652764224193,164.95099495099495,13.783889855318426,8.908586843859931,15.126213737224639,8.269813976084375,36.0,74.0,34.0,-0.05540012186725999,0.9926303091385619,0.10777706563353773,15.204998909222063,0.9968804455193148,0.0489116462374592,0.06194375031876821,8.884545128476939,0.05621569032134177,0.11087254052210044,-0.9922434559723087,8.150334398566143,73.14593601417761,38.66567951650677,36.17547339454471,18.383157902506415,6.214063912557321,47138.0,102312.82391802139, 0.0, 0.0,0.0,NaN, 136.50545895474713,136.50545895474713,0.0, 79.36291955459424, -8.45083885855663, -0.21145795941380935, -8.45083885855663, 228.80234202420334, 17.664809401454917, -0.21145795941380935, 17.664809401454917, 68.38982319904045, 9.727305784945429, 5.707188382187466, 12.0, 0.0
12, 0 ,1.0,1.0,1.0,24.138194589555237,132.4205471525244,190.7370806744571,13.4892126168902,14.911004007619443,14.455012878096,61.0,73.0,70.0,-0.08206499454478294,-0.9232092973672357,0.37543298992637764,15.014629247483311,-0.07720643978852074,-0.3696825062792445,-0.9259449282793647,14.36279340336635,-0.9936319752934413,0.10497351001939073,0.04093971016827815,13.472763972461951,74.28334920187292,78.49092038672507,62.10427372285422,23.823168640664495,6.760246353745029,124426.0,362103.21887079405, 0.0, 0.0,0.0,NaN, 173.36735357545626,173.36735357545626,0.0, 181.95885702366974, 4.034909839682616, 0.4178137833146713, 4.034909839682616, 222.33804051524308, -6.743664671791281, 0.4178137833146713, -6.743664671791281, 208.9473973059212, 7.2239468496707735, 5.319957113785442, 28.0, 0.0
13, 0 ,1.0,1.0,1.0,123.18451868137927,234.9481359974085,76.5276619500865,14.335144153877287,14.480310031908513,16.499260422225536,75.0,70.0,78.0,-0.152580217382726,0.3753769084374397,0.9142272441113259,16.908003529491022,0.8299920825267824,-0.4535030692348865,0.3247277461773051,14.409305331513071,-0.5365001586265326,-0.8083484043446164,0.2423642650788635,13.924534732729803,80.62753443231205,69.99585991990432,71.05479600857572,25.19828541486656,7.242081411025228,145091.0,401004.39241622965, 0.0, 0.0,0.0,NaN, 158.94229675112115,158.94229675112115,0.0, 205.49635791244216, -10.438679841772279, -9.12968113616634, -10.438679841772279, 209.6793786201903, 29.54564829089736, -9.12968113616634, 29.54564829089736, 272.22559448041795, 6.578793037114854, 5.137187924381229, 32.0, 0.0
14, 0 ,1.0,1.0,1.0,280.1241953438846,287.0491586402723,148.94364583837503,11.22329181124807,7.701446787442421,17.292580789250202,49.0,32.0,75.0,-0.010705162486900828,0.004805933047693441,0.9999311488815972,17.29327916057079,0.9853034485213369,-0.17043441390377098,0.011367712577293661,11.313653913241678,-0.17047731176931122,-0.9853573024871836,0.0029107743110554285,7.5664815508226475,75.09270867237504,51.99051757696935,34.76527243133751,20.77914632954505,7.248102501229241,61983.0,135727.4056905655, 0.0, 0.0,0.0,NaN, 150.82102485489278,150.82102485489278,0.0, 125.96227908042798, -11.892977481128945, -1.7959793114856266, -11.892977481128945, 59.31228261980719, 1.0249537958870882, -1.7959793114856266, 1.0249537958870882, 299.0333503527452, 8.04416618040043, 5.891079971385733, 19.0, 0.0
15, 0 ,1.0,1.0,1.0,190.89476701675088,279.2010352964637,59.687682797128424,16.221307022486023,11.975492952668036,14.5945760587206,72.0,53.0,77.0,-0.9306624652785295,0.059592325919930154,0.3609932553568599,16.49027681668181,0.36587774819961116,0.15406551806357147,0.9178220358632634,14.359828690757585,9.214630063523853E-4,-0.9862619179686783,0.16518650087301862,11.891634613972895,77.53609423132298,72.50168550246934,57.88730121901625,23.895388250135845,6.968163580620591,120352.0,325413.32018715393, 0.0, 0.0,0.0,NaN, 126.09190408094662,126.09190408094662,0.0, 263.1308015177543, -3.5862211510426603, -22.090870923411103, -3.5862211510426603, 143.4124314594018, 11.969900913349814, -22.090870923411103, 11.969900913349814, 213.0016503337805, 7.219486089539188, 5.571220574581394, 30.0, 0.0
16, 0 ,1.0,1.0,1.0,172.59469551613188,100.21201700268618,12.041178380612214,14.251349663383907,15.392407037419574,7.541921794475866,69.0,76.0,30.0,-0.33028272463695735,-0.942317128962295,-0.054330012614074066,15.579395253033018,0.9420561298285253,-0.32551869924081617,-0.0810421168101375,14.099805384067688,0.05868193980168517,-0.07794873256714838,0.9952288304868818,7.44215544508542,80.24188207002587,69.20143029425267,33.327787417607794,21.136919997639545,7.080844511848303,67754.0,185064.30463679513, 0.0, 0.0,0.0,NaN, 162.54091773817302,162.54091773817302,0.0, 203.10096722803263, 14.323127769737098, -7.5879534859935305, 14.323127769737098, 236.92619440560364, 13.374154626479937, -7.5879534859935305, 13.374154626479937, 56.880584353990066, 7.381173203606288, 5.271673504483613, 22.0, 0.0
17, 0 ,1.0,1.0,1.0,219.2047925097199,31.105811192695267,262.04852324538115,14.804742079654417,16.182852845150983,16.007274590070214,84.0,71.0,74.0,0.4241816215855717,0.6486522881712399,-0.6319178435202238,16.4539395537895,0.11543660862988965,-0.7308448779976685,-0.672711047696263,16.110554214302233,-0.8981894796183402,0.21240521028164167,-0.3848891858030658,14.388046084270059,81.12827918364115,83.60528649602836,72.57685981319946,26.134677952276036,7.367262882848986,163839.0,492270.9153760704, 0.0, 0.0,0.0,NaN, 94.52910467792125,94.52910467792125,0.0, 219.18038804509018, 13.099193214384178, -21.158570916889822, 13.099193214384178, 261.8847262078113, -0.28872367984381087, -21.158570916889822, -0.28872367984381087, 256.2328398019076, 7.889188794115203, 5.604720963163419, 38.0, 0.0
18, 0 ,1.0,1.0,1.0,158.5272276115042,254.27071177480693,279.4896924363251,17.093008329720508,14.228774522628909,10.833622298641174,82.0,77.0,48.0,-0.9504243711967347,0.29989991897788615,-0.08218000506418141,17.403639990562276,0.3074127612411247,0.9459697990239704,-0.10314326716105436,13.922836602192985,-0.04680714540963801,0.12329305711031154,0.9912658135974399,10.736119704663327,80.95833743041761,74.50005200063276,50.740754980801626,23.650367152459303,7.256477371231277,111229.0,306037.80727186793, 0.0, 0.0,0.0,NaN, 150.08792704686962,150.08792704686962,0.0, 292.1709337598947, -30.62679113010041, 12.162798968403745, -30.62679113010041, 202.45802441581353, -12.29129209963383, 12.162798968403745, -12.29129209963383, 117.36737210961529, 7.689899002382302, 5.553474765387539, 28.0, 0.0
19, 0 ,1.0,1.0,1.0,235.02122265316746,243.14016353531792,10.737705468527007,14.916446088715642,13.667988666321365,7.184246589837998,67.0,65.0,30.0,-0.9934723452503647,0.047913526550215045,-0.103522911455688,14.979390333331605,0.053587418506765676,0.9971694785257055,-0.05273916641883665,13.681787118541324,-0.100702968181286,0.057942428929885735,0.9932278626423969,7.025257550329158,67.9673318431341,64.853486733007,33.3146132652906,20.368976131203375,6.7847246466114965,59559.0,146848.09859883433, 0.0, 0.0,0.0,NaN, 87.00908473836776,87.00908473836776,0.0, 222.50036391756015, -0.9660364799382167, 17.61157071622858, -0.9660364799382167, 186.81391418268927, -8.11699936619591, 17.61157071622858, -8.11699936619591, 51.613399063598905, 7.1284569713959245, 5.1290743933980565, 11.0, 0.0
20, 0 ,1.0,1.0,1.0,271.40527483434045,67.18602767317628,238.66839624018448,15.49441748117853,15.17459446558478,13.791033229883242,72.0,79.0,70.0,-0.9595999081197889,-0.21966188526629285,-0.17583137518017394,15.616091923992823,0.14642989270901943,-0.9234962479425709,0.3545602439039382,15.334669366158865,-0.24026298686588862,0.31448900807063673,0.9183519809664642,13.473064843447682,78.97852489578645,73.83478294371722,78.46263564620565,24.70548957867785,7.083549428177269,137028.0,457544.0509853391, 0.0, 0.0,0.0,NaN, 95.35819965556936,95.35819965556936,0.0, 240.07697308105082, 5.888191750575335, 13.30259715676792, 5.888191750575335, 230.26831719495627, -15.152144733620656, 13.30259715676792, -15.152144733620656, 190.19259754774382, 6.111952856540389, 4.966091298677018, 30.0, 0.0
21, 0 ,1.0,1.0,1.0,69.86864110390437,63.67855780236551,159.59349961846624,14.585598785596355,14.298799029107109,14.062612121439752,71.0,65.0,70.0,-0.8279552397754579,0.5191396020461587,0.21209477720047706,14.645230784394046,-0.5353547835219654,-0.6190687210899667,-0.5745860895707297,14.519530172235575,-0.16698915140964632,-0.5892775170964769,0.7904850606786301,13.77145105414191,79.02949569097407,77.99633694299314,80.45302932029128,23.867993343937634,6.728394981060598,125808.0,495913.3717404258, 0.0, 0.0,0.0,NaN, 169.26479575766794,169.26479575766794,0.0, 212.73969193438987, -3.6583377349461492, 2.1499123640372955, -3.6583377349461492, 204.4556536747944, 10.26211468722854, 2.1499123640372955, 10.26211468722854, 197.75705967806422, 7.00396737621527, 5.100151090209608, 28.0, 0.0
22, 0 ,1.0,1.0,1.0,277.46122724207686,207.07644532774958,12.332505234765945,13.14844348955578,13.542167286167333,7.770809683727055,55.0,72.0,31.0,-0.5385173031871564,0.8412420580370878,-0.04807196644155057,13.801486571785317,0.8401510749534922,0.5404276608175735,0.04565210485549854,12.896299432442591,-0.06438389101727257,0.01580326588939657,0.9978000658271697,7.737039065618006,63.243780268504125,67.07379866931876,32.3909741308517,19.431141456157086,6.25204653342334,56354.0,137402.53120584192, 0.0, 2.8421709430404007E-14,0.0,32.72848877755042, 96.40992674888587,96.40992674888587,0.0, 172.88156619804178, -10.839673616049744, 7.464377398906267, -10.839673616049744, 183.3902948065407, -2.6558972309218185, 7.464377398906267, -2.6558972309218185, 60.38548314070618, 7.590644112664689, 5.5686439345299945, 13.0, 0.0
23, 0 ,1.0,1.0,1.0,41.383431552581236,85.27409701039562,38.61321080898341,13.276509362540182,14.12819096440819,16.139528756505566,62.0,70.0,81.0,0.1614187076653923,-2.8954259056211554E-4,0.9868859695936116,16.21110469555618,0.1794307573553412,0.9833413081045228,-0.02905985358143863,14.160275634198545,-0.9704373262248951,0.18176850095760347,0.15878163599453962,13.154563762273227,80.58720242142142,71.85008295290925,59.599015803318565,24.252073710488716,6.942102707648908,130151.0,345090.05317090394, 0.0, 0.0,0.0,NaN, 102.34862029839256,102.34862029839256,0.0, 176.2657008536171, 4.842809220007553, 14.155276008547693, 4.842809220007553, 199.60577992678523, -0.8106482654737729, 14.155276008547693, -0.8106482654737729, 260.48438848207013, 6.860139949873494, 5.0135582617625385, 23.0, 0.0
24, 0 ,1.0,1.0,1.0,65.47727446278846,42.56068543152558,35.769293034195215,14.79228295920446,13.153451015389269,15.844534335268866,77.0,69.0,76.0,0.2415250633995935,0.2515447941103169,-0.9372250851880892,16.020660914875823,-0.910338444525071,-0.27576165699297267,-0.3086088542996865,14.961270542478527,0.3360796931822828,-0.9277287993204093,-0.1623875449103605,12.742565858816032,84.54199262706236,83.99943894692521,62.13523141998232,24.36673001622511,7.0097535889105105,130954.0,441252.1000013175, 0.0, 0.0,0.0,NaN, 85.89602866048423,85.89602866048423,0.0, 218.81163514517064, 21.15880843536058, -4.075137711946413, 21.15880843536058, 173.013273614245, -16.9979578458286, -4.075137711946413, -16.9979578458286, 251.049268301514, 6.4979199239173715, 4.9765257376165755, 24.0, 0.0
25, 0 ,1.0,1.0,1.0,29.852391098484848,282.0688131313131,137.13728101325756,14.755731925214985,10.729569332504656,15.558075254097384,64.0,47.0,71.0,0.46189298814259844,0.007273042182380375,0.8869058407531859,15.843201480289753,0.8815132420441105,0.10663987118664667,-0.45995906554189936,14.487082015465138,0.09792482629845871,-0.9942711102766228,-0.04284492576382829,10.678314935144108,82.67058954804347,70.60967896396568,50.32339583318327,22.94233589565852,6.9683722613518775,101376.0,293754.9620452726, 0.0, 0.0,0.0,NaN, 141.48966944807609,141.48966944807609,0.0, 217.73162464880872, 9.470414296253216, 17.25188676888388, 9.470414296253216, 115.12365806102441, -3.8178037439677834, 17.25188676888388, -3.8178037439677834, 242.0537056121574, 7.199292624246675, 5.2158867013912795, 25.0, 0.0
26, 0 ,1.0,1.0,1.0,280.69822972894536,105.27669626792037,168.87135643391954,11.654097777555148,12.24122218840235,14.651337119902628,49.0,59.0,71.0,0.21029575361244027,-0.14059835119506514,0.9674749607373851,14.802476231945088,0.45916114553339965,-0.8594635648256261,-0.22470741681057854,12.492928925320461,-0.8631029709397552,-0.49148192680754405,0.11618423807260608,11.186626808170486,68.58943243680065,69.20302161997795,57.67826780887708,21.443970227078854,6.362651646586522,86145.0,273775.43387422635, 0.0, 0.0,0.0,NaN, 169.2644743475863,169.2644743475863,NaN, 135.81799500881584, -14.985536059192553, 15.927758800350327, -14.985536059192553, 149.84752066583403, -6.808713819245521, 15.927758800350327, -6.808713819245521, 214.66167940103662, 6.958668928908433, 5.284288857663408, 18.0, 0.0
27, 0 ,1.0,1.0,1.0,35.904433427313336,178.98118288085658,207.6641825323914,13.472890113211887,14.948388863175483,14.656997770580194,69.0,71.0,75.0,-0.15069793890093336,-0.7499413058836428,0.644110370154484,15.614356612262904,0.29225173415845623,-0.6562251397047857,-0.6956705325804803,14.057021827091862,-0.9443934853081027,-0.08340625725310012,-0.3180634231700403,13.356372493754753,75.50464593200125,70.22326177684283,74.33470671262187,23.956513465757194,6.773931193868247,126268.0,394136.18231202516, 0.0, 0.0,0.0,NaN, 156.39880314140703,156.39880314140703,0.0, 181.51876800268263, 3.7092924083956067, -10.254651292343635, 3.7092924083956067, 223.4543296047088, -22.830209572520737, -10.254651292343635, -22.830209572520737, 214.8275836467928, 6.60618370349963, 5.028170138070812, 33.0, 0.0
28, 0 ,1.0,1.0,1.0,123.92841643360015,187.30400713665733,114.06118397788279,13.973038037073783,13.926909711407227,15.181920800132087,70.0,71.0,73.0,-0.1889935483580565,-0.3261850646576365,0.9262206768763719,15.33204399419215,-0.7304526438055811,-0.583690520804998,-0.3546044431191284,14.352329128515368,-0.6562929024730252,0.7435782941403575,0.1279490001791664,13.365418093857322,75.24866032357428,68.38927842572932,65.95490537565402,23.93220597653333,6.851630636132193,124428.0,339417.238386965, 0.0, 0.0,1.4210854715202004E-14,22.1468516245952, 202.65387461785878,202.65387461785878,2.6973983046972182E-6, 195.24579198551078, 15.14218497095663, -2.7937846329524674, 15.14218497095663, 193.95881410968894, -11.388854649526678, -2.7937846329524674, -11.388854649526678, 230.4907191814833, 6.326989792559199, 4.76506425790372, 32.0, 0.0
29, 0 ,1.0,1.0,1.0,33.47933218873956,14.170564205790066,71.302208276597,16.72638825655759,8.810321409397057,13.636874884584861,73.0,36.0,66.0,-0.999878356720143,0.008373082963137502,0.013159150592643457,16.72729065251272,-0.013242355502674406,-0.00996058029168052,-0.9998627040054019,13.636681980510755,-0.008240860596335706,-0.9999153355769406,0.010070247995275814,8.808906632073198,73.42058594249816,65.60316736093316,36.56827245650991,22.218014113682266,7.051101538625491,84455.0,176135.5817207338, 0.0, 0.0,0.0,NaN, 80.0354638821667,80.0354638821667,9.5367431640625E-7, 279.77206410910765, -1.6785836265323826, -1.2257533059404324, -1.6785836265323826, 77.62176333688014, 1.1014823252104275, -1.2257533059404324, 1.1014823252104275, 185.96435661782138, 7.091741196643141, 5.262713654257111, 21.0, 0.0
30, 0 ,1.0,1.0,1.0,234.97962478785377,273.3962111829733,95.83942938397321,13.52994112632572,13.03341565826474,14.318680109815608,69.0,60.0,68.0,-0.48643854623329696,-0.30283678993529023,0.8195531827771312,14.789498369283873,-0.7107527106774277,-0.4083788200021714,-0.572762886051744,13.304189890703237,-0.5081418355175309,0.8611135918305572,0.016590869825032776,12.736683242792424,72.98593020309727,69.8599673568711,68.69246602337113,22.739367928609347,6.39335411951221,109005.0,350248.7817928817, 0.0, 0.0,0.0,NaN, 118.83016029945775,118.83016029945775,0.0, 183.0593068818401, 12.613522178224555, -16.510707099107535, 12.613522178224555, 169.86992372110052, -10.567589703815788, -16.510707099107535, -10.567589703815788, 205.02460008722912, 6.183838132152174, 4.755847809717567, 24.0, 0.0
31, 0 ,1.0,1.0,1.0,135.150410383661,25.299600819937424,250.8277301509581,15.028449790746675,13.483984834127162,13.776888287091381,75.0,60.0,68.0,-0.9825296504939066,-0.14711750165247847,0.11398213284482057,15.03952477527778,0.1827534294925387,-0.6469718461852709,0.7402895475773904,14.797004238298506,-0.03516631782028091,0.7481870561237709,0.6625552498771767,12.342453609414239,71.15957420610715,73.55893342180232,66.18215433425081,23.53352234692433,6.606672910148389,120497.0,346425.3498932178, 0.0, 0.0,0.0,NaN, 146.02607763898598,146.02607763898598,0.0, 225.8543031129938, 2.7986508771127485, 0.7417464230980132, 2.7986508771127485, 181.8178470069713, -33.143496403891966, 0.7417464230980132, -33.143496403891966, 189.8026508749957, 7.87694945815685, 5.281795107879015, 21.0, 0.0
32, 0 ,1.0,1.0,1.0,20.08416046917653,250.27980823952697,80.95853228000115,11.776816711236265,13.215147165969862,15.546030020530143,49.0,66.0,81.0,-0.05034409115201981,-0.06635130477708728,0.9965254521789474,15.567765352130458,0.3700194500216183,-0.9280238421099458,-0.043097042603804786,13.453631486491183,0.9276589239002536,0.3665641183065704,0.07127179020026535,11.474190935931784,80.83757947270067,70.69030193362471,56.46129033631799,22.62344932765815,6.5720709358956695,103671.0,322644.2551030234, 0.0, -2.8421709430404007E-14,0.0,86.19555527257282, 97.10692518755721,97.10692518755721,0.0, 138.69341185005374, -16.574011313577365, -6.340502109008288, -16.574011313577365, 174.64011461824128, -5.345970467905832, -6.340502109008288, -5.345970467905832, 241.67904939922445, 7.08886933071189, 5.376681612396994, 21.0, 0.0
33, 0 ,1.0,1.0,1.0,166.42094242537374,12.063028551950266,220.83527845861673,15.108333292230787,7.703162709725632,12.948666587592113,73.0,32.0,66.0,0.9405903101548407,0.009778944548573478,0.3394027705931937,15.40523179662054,-0.3395328385131707,0.03505328327552261,0.9399408060632302,12.59951929513192,0.002705552440666674,0.9993376004009463,-0.03629105138830936,7.694112282924588,72.11558652931441,64.50003192216693,33.07677028146121,20.27996365794747,6.632608161999261,61607.0,153855.19560818453, 0.0, 0.0,0.0,NaN, 155.74316812334092,155.74316812334092,0.0, 228.26173486912916, 0.4535601565126318, 25.093426456940005, 0.4535601565126318, 59.33871573250754, 3.8711122720663362, 25.093426456940005, 3.8711122720663362, 167.6679663966244, 6.906268713987319, 4.936043243401103, 19.0, 0.0
34, 0 ,1.0,1.0,1.0,58.84016831769966,111.64804944332427,158.0866485491365,13.932677600435111,12.558497204262409,15.018788842136608,71.0,63.0,73.0,0.5117338997408187,0.14855461841997775,0.8462032505268154,15.61291430991077,-0.8042844527359864,-0.26348081714382476,0.5326390692433273,13.404838052132883,-0.30208431760558047,0.9531575863115807,0.015351896086591951,12.407521870998007,74.77679218470598,64.9944010423802,61.5542558542471,23.12848587525636,6.517094179916678,114070.0,299158.16582735104, 0.0, -1.4210854715202004E-14,0.0,81.45682613137153, 189.91274752414728,189.91274752414728,0.0, 194.11950511766628, 12.283196611297386, 27.865151015585823, 12.283196611297386, 157.71585202946676, 7.677809058491984, 27.865151015585823, 7.677809058491984, 225.56401828468708, 6.60269494410374, 4.937994598456988, 25.0, 0.0
35, 0 ,1.0,1.0,1.0,144.76222858950268,152.40390161311328,58.406106387333246,13.319231841864948,13.923456527381585,13.683929576831344,65.0,66.0,64.0,0.5343569772402669,0.6624373444163704,0.5250137003900306,14.793553761243386,0.05630067631494261,-0.6476422783720927,0.7598616407685584,13.375665174501309,-0.8433817965317519,0.37647874307534673,0.3833678407108269,12.678992682533906,75.17777602090601,66.24113961716745,64.37860027951328,22.736060417077717,6.448725757979284,107494.0,320596.51665818493, 0.0, 0.0,7.105427357601002E-15,58.330834438421505, 214.8301290521408,214.8301290521408,0.0, 177.40193685734914, 19.901569588345247, 17.074047604088182, 19.901569588345247, 193.86264166988485, 11.271150752424832, 17.074047604088182, 11.271150752424832, 187.24992866367964, 6.233917315845714, 4.743587923369152, 19.0, 0.0
36, 0 ,1.0,1.0,1.0,27.42997384832026,13.616951652920271,262.49336820223965,12.445605438417196,8.681598462008838,16.681252105407697,50.0,40.0,75.0,0.04528258428658004,0.07338026919355639,0.9962754757863961,16.72061784094218,0.9950919771970215,0.08452455378601247,-0.05145441405163867,12.460731586570168,-0.0879854787930984,0.9937157218743983,-0.06919262692796502,8.583619617218678,75.31560639355749,52.27575737819785,41.63476614362868,21.422189095439663,7.043950081288699,74565.0,163923.58382957065, 0.0, 0.0,0.0,NaN, 48.420783414255794,48.420783414255794,0.0, 154.89309472875968, 7.546796929601207, 5.111354148300195, 7.546796929601207, 75.37015185555421, 14.697908973284244, 5.111354148300195, 14.697908973284244, 278.26417180416877, 6.938087535887299, 5.071415611836406, 18.0, 0.0
37, 0 ,1.0,1.0,1.0,30.85877386253332,288.2800332804339,206.76776112044126,14.53348180225632,6.865801427100089,15.995151869841292,66.0,28.0,76.0,0.021174517798883283,0.07221195674877637,-0.997164516566097,16.02958653695463,0.9991512354362231,0.033720567196414065,0.023658657489832993,14.539888794288048,-0.03533339103813675,0.9968191193242962,0.0714366490485179,6.77127721897372,77.34710109744003,66.26160599586514,31.411331144457733,21.464550850332888,7.312951706775278,64903.0,160987.5682654663, 0.0, 0.0,2.8421709430404007E-14,4.31572596290465, 98.90334630689607,98.90334630689607,0.0, 211.2220932965156, 5.900756283198788, -0.5436528599607579, 5.900756283198788, 47.13922923636962, -15.068456902824844, -0.5436528599607579, -15.068456902824844, 255.8448833392874, 6.082918994300782, 4.84539032238072, 19.0, 0.0
38, 0 ,1.0,1.0,1.0,53.338209767011264,20.19609242400864,164.8141297639253,14.354852580159836,11.579828597224628,14.792404289601937,77.0,47.0,76.0,-0.540037727932518,0.013208147539464268,0.841537163319636,15.087836154962007,-0.8394043540151273,0.06439082078555246,-0.5396796759736375,14.053992661238105,0.06131543745200691,0.997837344980202,0.02368649600363921,11.567711011481197,78.22611694711733,67.30136708047567,49.02205628967337,22.690835405376355,6.640439459283143,103696.0,258087.6262760614, 0.0, 0.0,0.0,NaN, 146.72445699962097,146.72445699962097,0.0, 206.06179259812149, -4.112416654474531, -13.78458518120807, -4.112416654474531, 134.09243034110128, -1.170754075563849, -13.78458518120807, -1.170754075563849, 218.8152246670338, 6.572631120054079, 4.841074799250218, 23.0, 0.0
39, 0 ,1.0,1.0,1.0,128.53322750945281,92.99872476278804,209.3925947064279,14.477399647081365,12.610094046842894,14.429738282039368,70.0,63.0,69.0,0.6853431094075563,0.06866195654962266,0.7249761086479745,15.397981297080023,-0.6185409966255236,0.5803057327242139,0.5297662617239011,14.302759849527057,0.3843330038925698,0.8114991018418879,-0.4401787703067053,11.625839838962923,72.76737205871689,71.04803681861382,59.00103311051831,23.1041600025149,6.559322364225989,112136.0,305034.09798367904, 0.0, 0.0,0.0,NaN, 182.69990496859927,182.69990496859927,0.0, 209.59510054131164, -20.116909364219747, 27.904465935327067, -20.116909364219747, 159.0144718702226, 26.412375517612723, 27.904465935327067, 26.412375517612723, 208.21734688815246, 6.6510960751391135, 4.832284779035054, 27.0, 0.0
40, 0 ,1.0,1.0,1.0,281.14850529212276,254.20802809592197,242.8138645168298,11.009281651609795,13.630223602223868,13.277066822711346,45.0,68.0,70.0,0.14021375408842585,0.9116819140038925,-0.38623333730095044,13.736989532803374,0.06322168902889265,-0.39753459530973795,-0.9154066110577622,13.226405511534901,-0.9881007647000201,0.10393427351034018,-0.11337788844882102,10.937325869056142,71.89364111376992,69.51773055376611,49.81234592603366,21.096644891556366,6.180562730479904,82859.0,248956.2655105372, 0.0, -2.8421709430404007E-14,0.0,24.261175753428287, 75.64745623670694,75.64745623670694,0.0, 121.20428248447209, 7.440328923589261, -6.9421740894723, 7.440328923589261, 185.7829954466206, -4.1958940208859365, -6.9421740894723, -4.1958940208859365, 176.28050341474236, 6.628126508356541, 5.049589027362592, 17.0, 0.0
41, 0 ,1.0,1.0,1.0,133.97412969351936,278.066717629427,54.735895553163886,13.167154487879538,12.174719911614417,14.76674894946394,59.0,52.0,70.0,-0.1602254717051445,-0.013011876258636076,0.9869946754127366,14.808243844872568,-0.9856853302542226,0.055252852152830004,-0.15928450034639952,13.12373225063108,0.05246168066778444,0.998387606796683,0.021678529846462572,12.171203835898098,71.0904041969051,61.50519289704276,53.208625525706395,22.30435915269153,6.493858603182924,99419.0,232650.9385363389, 0.0, 0.0,0.0,NaN, 146.37675554776482,146.37675554776482,0.0, 173.37395730768625, -1.163886201401181, -7.468243259711788, -1.163886201401181, 148.22380492626056, -1.1257525744992627, -7.468243259711788, -1.1257525744992627, 218.0568745364944, 6.360575829541086, 4.6822605925105805, 20.0, 0.0
42, 0 ,1.0,1.0,1.0,199.9853937956444,175.03198740003938,190.42676741635182,14.409272416516934,12.336072916232387,14.155203737411393,75.0,65.0,66.0,0.8976410320229739,0.2912347992557712,0.3307912775923524,14.662508650100012,0.3372332163124373,0.0293513576206086,-0.9409634719910203,14.102426391128226,-0.2837504809587092,0.9562012285645101,-0.07186706510929224,12.095785604258035,75.111411861412,67.44036246231776,62.285660648476366,22.75425909010371,6.513011029928651,106667.0,315510.55782290443, 0.0, 0.0,0.0,NaN, 193.97478940889846,193.97478940889846,0.0, 207.62713157339576, 18.475271980737343, 3.71175624733662, 18.475271980737343, 152.17869499460224, 5.16467951264609, 3.71175624733662, 5.16467951264609, 200.36979284762546, 6.711786538461689, 4.827505012590522, 34.0, 0.0
43, 0 ,1.0,1.0,1.0,104.64652351419578,216.20289629237178,275.1367116485389,13.736304371691851,13.726002169745795,12.03468912662284,71.0,66.0,54.0,-0.7405183015032601,0.6533737418465223,-0.15727491409694347,14.064999869824737,0.6382063363461389,0.7570283070831036,0.14000290897881007,13.467970114702256,-0.2105357864743329,-0.0033008696375399424,0.9775805781997053,11.946233522805333,72.10726293932498,66.43161344258223,56.01258376515841,21.963985138444045,6.285403134905916,96261.0,268311.58058205986, 1.4210854715202004E-14, 0.0,0.0,42.22441436241171, 136.34893685336175,136.34893685336175,0.0, 188.68605779176065, -7.980160716757138, 9.874110497015195, -7.980160716757138, 188.4031355638663, -1.5643626723970696, 9.874110497015195, -1.5643626723970696, 144.833742374454, 5.606821364816616, 4.47728762744708, 25.0, 0.0
44, 0 ,1.0,1.0,1.0,176.3407851576374,279.17650377118025,173.84192382424837,12.34808060426729,11.312355618343338,16.25403509301397,67.0,50.0,75.0,0.1754081129439172,0.026246004985985134,0.9841458942330299,16.370011665590802,-0.9794815630245594,0.10541582318860829,0.17176545612093977,12.207614438651147,0.09923639256049353,0.9940818132546954,-0.0441982686067665,11.297566500620068,77.81696135063186,67.2065020704746,51.9189720178876,22.336710945720704,6.76087902403167,95726.0,271526.1396460051, 0.0, 0.0,0.0,NaN, 177.8793962070594,177.8793962070594,0.0, 152.47509460948206, -1.5625630029818465, 20.628071380871994, -1.5625630029818465, 127.96938963586406, 4.012346228459335, 20.628071380871994, 4.012346228459335, 264.1936568049297, 6.66501976603641, 4.9975316456481504, 27.0, 0.0
45, 0 ,1.0,1.0,1.0,240.0434650023379,93.82800016263799,186.70373457480332,13.628173584372703,12.261282364459749,13.466078439353565,66.0,61.0,69.0,0.7773849876086377,-0.3719038493154745,0.5073067197515243,14.30047460162098,0.4526336671046497,-0.22930620849821273,-0.8617084345343106,13.164756671959454,-0.4368012642428086,-0.8995033016106764,0.009923000925968505,11.814695803875823,70.45002790380224,67.2521754124403,59.604549444852665,21.91319962336055,6.1002550166649625,98378.0,282401.44590510434, 0.0, 0.0,0.0,NaN, 158.85378013362632,158.85378013362632,1.9073486328125E-6, 185.72711524579393, -22.268429208719876, 12.44774066313758, -22.268429208719876, 150.33904522101167, -5.584105259913226, 12.44774066313758, -5.584105259913226, 181.33526853482292, 6.77165954909161, 4.748224262281828, 19.0, 0.0
46, 0 ,1.0,1.0,1.0,119.04028876830102,169.37724937590963,271.15385875798785,14.225255407978354,12.065483531692085,14.11012312228308,69.0,57.0,63.0,-0.7331326706194661,0.03732760776921624,-0.6790604810829421,14.64893978520378,-0.6533681768288572,-0.3157783817649016,0.688036364676516,13.861233027021756,-0.18874986828526405,0.9480984460002913,0.2558961193807509,11.845004894123647,71.89118903957427,70.5040685838826,58.777615389530155,22.493113486662043,6.410086152128724,103751.0,297921.47465630714, 0.0, 0.0,0.0,NaN, 179.06700755638352,179.06700755638352,0.0, 202.35789142221742, 8.660515056324066, 13.683741558073038, 8.660515056324066, 145.5758928535329, -13.143883256909898, 13.683741558073038, -13.143883256909898, 199.09557452598762, 6.172710028964662, 4.5848152216475455, 19.0, 0.0
47, 0 ,1.0,1.0,1.0,91.94390599536838,265.91294279097696,41.853942114341805,12.40542298948197,13.890661239292724,14.62148284849509,63.0,65.0,73.0,0.4429689145568981,0.24990323280345816,-0.861003434935462,15.384670352128541,-0.04338719184157769,0.9652159862123163,0.2578287252116947,13.798375220113963,-0.895486511523421,0.07685358934081114,-0.43840327722891,11.556362288491789,81.26964221107491,68.02328075772141,56.11059885009715,22.72935157574033,6.633952581080718,104931.0,310192.166220898, 0.0, 0.0,0.0,NaN, 106.61783054145785,106.61783054145785,0.0, 153.89451954796777, 9.03679161799366, -39.97272204319953, 9.03679161799366, 192.95046966478927, -8.045441659619101, -39.97272204319953, -8.045441659619101, 213.7877606888361, 6.959203290928936, 4.693346867097863, 19.0, 0.0
48, 0 ,1.0,1.0,1.0,278.63004226703066,235.46430491288353,48.3892466771368,11.801315393353125,13.541289263028515,13.854129727115463,50.0,59.0,64.0,0.16542685585123082,0.6007641530373847,0.7821230004215766,14.413018527469683,0.07546645888979675,-0.7984354267520276,0.597332137834507,13.026323740010149,-0.9833304474823359,0.03979072420277727,0.17742020550548301,11.711287596221554,67.51043399712398,62.84135578641201,56.462284215350024,21.818155165564676,6.208266713443048,94873.0,239538.25969405833, 0.0, 0.0,0.0,NaN, 83.44489336003107,83.44489336003107,NaN, 139.2710450133934, 5.054353062908308, 10.598486072125777, 5.054353062908308, 183.36651490501137, 17.648948424442043, 10.598486072125777, 17.648948424442043, 191.93691049574437, 6.343011747059201, 4.599829289248261, 14.0, 0.0
49, 0 ,1.0,1.0,1.0,51.602159571050876,187.1478424880367,47.320921153418496,15.794984098917054,11.613141941151369,15.464660943114312,74.0,59.0,76.0,-0.9592963488171756,-0.1932603647735968,0.20591490124226486,16.000459423574853,-0.18157986108208016,-0.13633174445854931,-0.9738800796311121,15.474981882371221,0.21628515713161608,-0.9716296037382071,0.09569035449870084,11.31426358587575,76.7205030087886,73.54923783099036,58.69464346970841,23.96380131773886,7.017018805722765,121413.0,331198.2909810015, 0.0, 0.0,0.0,NaN, 132.80685940985586,132.80685940985586,0.0, 249.48152268504256, 26.490089493708282, -5.574003982493059, 26.490089493708282, 134.865065745329, 9.705093073197991, -5.574003982493059, 9.705093073197991, 239.15573808548524, 6.574440025563962, 4.741651470731159, 29.0, 0.0
