// Sample: , Map: , Neighbors:(1.0):
//LACUNA_NUMBER, TRIANGLES, SCALE_X, SCALE_Y, SCALE_Z, POS_X, POS_Y, POS_Z , STD_X, STD_Y, STD_Z,PROJ_X, PROJ_Y, PROJ_Z, PCA1_X, PCA1_Y, PCA1_Z, PCA1_S, PCA2_X, PCA2_Y, PCA2_Z, PCA2_S, PCA3_X, PCA3_Y, PCA3_Z, PCA3_S,PROJ_PCA1, PROJ_PCA2, PROJ_PCA3,OBJ_RADIUS, OBJ_RADIUS_STD, VOLUME, VOLUME_BOX, Mask_Grad_X,Mask_Grad_Y,Mask_Grad_Z,Mask_Angle, Mask_Distance_Mean,Mask_Distance_COV, Mask_Distance_STD, SHAPET_XX, SHAPET_XY, SHAPET_XZ, SHAPET_YX, SHAPET_YY, SHAPET_YZ, SHAPET_ZX, SHAPET_ZY, SHAPET_ZZ, Neighbors, Neighbors_STD
154148, 0 ,1.0,1.0,1.0,161.5707644628099,268.07618801652893,208.23760330578511,4.714597586998517,5.383930322423944,3.8113238247594525,19.0,22.0,15.0,0.5815072778950922,-0.7905663277690816,0.19197439191920765,6.102675113409641,-0.6496481907867996,-0.5932865157301674,-0.4753612715190373,3.9196912621602324,0.48970043287961074,0.15171022263007575,-0.8585904113062612,3.624045017758831,26.233120037308794,18.666946869397066,16.31409919337571,7.740791734153317,2.4125647659059677,3872.0,7988.888070505324, 0.0, 0.0,-2.8421709430404007E-14,78.93197007328713, 169.12161443775696,169.12161443775696,0.0, 22.22743040733224, -10.223754007368004, 3.380138609043117, -10.223754007368004, 28.986705716715996, -3.0299826898777513, 3.380138609043117, -3.0299826898777513, 14.526189297179023, 8.0, 0.0
154323, 0 ,1.0,1.0,1.0,183.55910240202275,193.6358249051833,89.57229772439949,7.322152796210711,4.552288891191061,8.884921705999247,32.0,22.0,36.0,0.1191321052232891,-0.08299505832329188,0.989403538400273,8.93482250499562,0.982451783347729,0.15389040867087753,-0.1053861258229822,7.345511688751851,-0.143513187205686,0.9845961417825198,0.0998719314174007,4.414917244557159,35.61831773269586,31.96538769624223,20.339134923658207,11.801150050162882,3.743253522697196,12656.0,23157.189906757532, 0.0, 0.0,0.0,NaN, 181.36983458296453,181.36983458296453,0.0, 53.61392157105632, 4.614167428170271, 3.5438069929004836, 4.614167428170271, 20.723334148861543, -5.513770526883908, 3.5438069929004836, -5.513770526883908, 78.94183372173656, 12.0, 0.0
154443, 0 ,1.0,1.0,1.0,201.61291385274254,266.8435183660023,102.77796079723275,4.743709001100997,4.984894699836363,5.961479200146184,21.0,21.0,26.0,0.23568592357187215,-0.23183850363328043,0.9437706573438035,6.068947546341203,0.4448036008163104,-0.8377037884850703,-0.3168629348134699,5.038514123366223,-0.864061283781954,-0.4944727201685068,0.09431238984481165,4.546695021414681,28.27053766870293,22.3995037246504,21.155419948959775,8.749001596247735,2.5191577120563955,6071.0,13396.585353112612, 0.0, 0.0,0.0,NaN, 146.09134204507467,146.09134204507467,0.0, 22.502775087126615, -2.6395539186121932, 2.930029298879412, -2.6395539186121932, 24.849175168456657, -2.2844568016189917, 2.930029298879412, -2.2844568016189917, 35.53923425377558, 9.0, 0.0
154621, 0 ,1.0,1.0,1.0,210.42788158723494,279.6956749947512,85.68454755406256,7.154821535155239,50.43173541733905,6.724123934251372,33.0,299.0,31.0,0.00885203020899283,-0.9999080494107865,-0.010272988109368986,50.436232388520885,-0.7416968234509411,-0.013455828869537506,0.6706003002923706,8.83651264899136,-0.6706768697696106,0.0016832685317204861,-0.741747735394647,4.22702705727272,299.3064841154463,40.44166516345037,20.28901346256538,22.093335154098323,46.38587923987479,9526.0,245587.40199873742, 0.0, 0.0,0.0,NaN, 125.60761004180276,125.60761004180276,1.3486991523486091E-6, 51.19147119992118, -21.7567259372881, -30.18016122510601, -21.7567259372881, 2543.3599372044896, 25.40326510174557, -30.18016122510601, 25.40326510174557, 45.213842683172146, 9.0, 0.0
155132, 0 ,1.0,1.0,1.0,204.04158325750683,152.14121929026388,89.04208371246588,8.326826072048819,6.928747118989091,8.886684461444618,38.0,31.0,40.0,-0.603915114009836,-0.18877273586838214,0.774371609282812,9.476767006116361,-0.6731355793312048,-0.39946974819131087,-0.622344287447401,7.962652455263493,-0.42681966556021034,0.8971002031393908,-0.11417617360173617,6.56534711792175,44.840985423029,39.200040385754505,31.20014253474125,13.458438150640962,3.8970722774551803,21980.0,54842.62585608639, 0.0, 0.0,0.0,NaN, 197.48095971144562,197.48095971144562,0.0, 69.33603243415197, 10.78316312869422, -13.337828230809569, 10.78316312869422, 48.00753663889962, -1.7806473086212655, -13.337828230809569, -1.7806473086212655, 78.97316071728122, 12.0, 0.0
155778, 0 ,1.0,1.0,1.0,228.49605734767025,197.8551971326165,115.81218637992832,3.6669333544669156,4.112203171694769,4.273850876309654,16.0,17.0,18.0,0.23286490799144977,-0.5814173380492557,0.7795689922270195,4.679500817935368,-0.6106010931505879,-0.7113201319204058,-0.34812350533689035,3.9057979338605744,0.7569281601773319,-0.39493993080018475,-0.5206555592616914,3.3866548479471605,21.661583626212803,18.400638276979976,15.917563595376023,6.713369269706841,1.8849640614311358,2790.0,6344.533360690778, 2.8421709430404007E-14, 0.0,0.0,76.53420024589926, 170.1729622523612,170.1729622523612,NaN, 13.446400226101986, 0.23240400303182984, 2.6978258244370075, 0.23240400303182984, 16.91021492529652, -3.789203119178861, 2.6978258244370075, -3.789203119178861, 18.265801312932798, 10.0, 0.0
155964, 0 ,1.0,1.0,1.0,217.24593672664037,201.88525851113639,216.58387398836197,10.572726027862117,8.542049029968611,7.74178877433348,44.0,36.0,38.0,-0.9725498831542959,0.22950722684453137,-0.03838173527471208,10.671397437604188,-0.21072723415799924,-0.7987139707427147,0.5636044940599085,8.980657264383153,0.09869527628354374,0.5562215617598246,0.8251526020517516,7.081913762917021,47.72699182834833,42.77066857066103,33.4582702299636,15.013112048601936,4.392140404537634,29902.0,68298.88058362452, 0.0, 0.0,0.0,NaN, 153.0783706617862,153.0783706617862,2.6973983046972182E-6, 111.78253566023308, -9.090669222490048, -1.243489041214969, -9.090669222490048, 72.96660163038769, -14.290606927494794, -1.243489041214969, -14.290606927494794, 59.93529342639588, 17.0, 0.0
156176, 0 ,1.0,1.0,1.0,207.75029977581983,228.31114123351233,30.304546165476253,8.136944900262353,10.360382579545114,10.806851767589393,37.0,48.0,49.0,-0.16376578959130933,0.6286470889308338,0.7602523289923705,11.713372944627727,0.09115575549651442,-0.7577164590427108,0.6461860381775799,9.438900137453574,-0.9822786745111568,-0.1751245421823154,-0.06678323386928584,8.00246856203381,50.28426111469747,43.831511712086666,35.479499606038985,16.35385875913275,4.784009648551487,38362.0,78198.06529988468, 0.0, 0.0,3.552713678800501E-15,40.51355229343062, 120.6965831371709,120.6965831371709,NaN, 66.2098723099055, -9.262696890782195, -7.633380748681058, -9.262696890782195, 107.33752719454186, 22.700352874429633, -7.633380748681058, 22.700352874429633, 116.78804512665, 17.0, 0.0
156518, 0 ,1.0,1.0,1.0,230.22961922596755,72.44975031210986,75.20674157303371,9.983368959680003,9.900310052652557,7.601219889900544,41.0,44.0,36.0,-0.882371828006955,0.4684335316291018,-0.04460923206189452,10.054227311800473,-0.44536085708666534,-0.8619741969318115,-0.24218627293632702,9.96390515349302,-0.15190017812594953,-0.19383113854395495,0.9692037069760199,7.422630665284096,47.54841218426475,48.05333537949943,35.378681312606695,15.341318740065919,4.484002459195232,32040.0,80835.32661808211, 0.0, 0.0,0.0,NaN, 125.59031145623301,125.59031145623301,0.0, 99.66765578510221, -2.048246349756714, 6.576030032683922, -2.048246349756714, 98.01613913865329, 8.262698312502573, 6.576030032683922, 8.262698312502573, 57.77854381461964, 16.0, 0.0
156562, 0 ,1.0,1.0,1.0,133.24790069368382,46.626627723013264,280.4575575027382,9.964193081295601,9.297635494168995,24.27958210843363,43.0,44.0,298.0,0.003268733706503664,-0.023371929302009,0.9997214953679143,24.285323305972316,0.8808773791199342,-0.4731391761358688,-0.013941411702821292,10.227457288325025,0.4733332423723822,0.8806776214518991,0.01904123785562739,8.991744338215232,298.4040566079177,45.40043284748988,41.95529554069711,17.10193537459485,21.97164270934676,32868.0,568396.6385935622, 0.0, 0.0,0.0,NaN, 142.51649908292399,142.51649908292399,0.0, 99.28514376133913, -9.937104864522103, 1.371419662519441, -9.937104864522103, 86.44602578243112, -11.734600654934743, 1.371419662519441, -11.734600654934743, 589.4981073601704, 15.0, 0.0
156632, 0 ,1.0,1.0,1.0,29.32959082955718,78.18791780699,264.2131208219301,11.828582397740904,117.78784685948952,15.064565416153593,50.0,299.0,61.0,-0.010891701782931574,-0.9997970724724837,0.016946524945323956,117.81143897497168,-0.18844908542106062,-0.014591486101623972,-0.9819745570722858,15.041687588134382,-0.9820225623865458,0.01388893116106917,0.18825191779890477,11.620922582126164,300.13762126267636,64.47354291344328,51.05322557530392,101.13973970913052,63.337085598259186,89156.0,987927.6907161748, 0.0, 0.0,0.0,NaN, 90.85304678725772,90.85304678725772,0.0, 139.91536154014597, 149.92129565303384, 14.341058870379545, 149.92129565303384, 13873.976867794554, -231.56721506405927, 14.341058870379545, -231.56721506405927, 226.9411311775709, 21.0, 0.0
156660, 0 ,1.0,1.0,1.0,22.549311485498883,120.26344334179552,66.52065543503346,24.394101136746848,8.880142909513962,113.4002343021428,299.0,38.0,298.0,-0.021934585829712982,0.012026687349320055,0.9996870674045357,113.43443573260535,0.9997564658911477,0.0026897306600320876,0.02190374985749111,24.27277939777413,0.0024254594043219163,-0.9999240591866856,0.01208275656875527,8.775147775196013,304.5974808104784,305.4840877962459,38.1952892730028,92.60811927723408,70.40794338764624,25998.0,3554059.5807337016, 0.0, 0.0,0.0,NaN, 139.27226878457088,139.27226878457088,0.0, 595.0721702698339, -1.996854925924371, -269.2480375516464, -1.996854925924371, 78.8569380933911, 153.80779409667946, -269.2480375516464, 153.80779409667946, 12859.613139780886, 14.0, 0.0
156741, 0 ,1.0,1.0,1.0,282.9632154340836,130.43909967845659,49.260450160771704,6.307638197362687,7.19143751039725,8.397623216220508,29.0,31.0,38.0,-0.24190863465801235,-0.39926486689026713,0.884345960891434,8.6732962691098,-0.45087884675727097,-0.7607839413861761,-0.4668148027598839,7.323506738136967,-0.8591789557622616,0.5116594185549732,-0.004020121796292236,5.758761122072315,40.404397823628294,32.92989135117321,26.563907105235927,12.176930945910016,3.7074926183226133,15550.0,35343.60860461391, 0.0, 0.0,0.0,NaN, 140.46779952470834,140.46779952470834,0.0, 39.78629962882881, 11.08444791100178, -4.689969293121408, 11.08444791100178, 51.7167734659486, -7.581887697604652, -4.689969293121408, -7.581887697604652, 70.52007568160568, 11.0, 0.0
157252, 0 ,1.0,1.0,1.0,199.7157894736842,178.72880886426591,229.47839335180055,4.260636031226069,4.83350219370406,4.163514346355793,17.0,20.0,16.0,-0.212067479857908,0.9066886776627099,-0.3646135293498609,5.052996258382312,0.7979485678694778,-0.054742753527136485,-0.6002343825301214,4.483064717454983,-0.5641856671537878,-0.418233036397788,-0.711881774063448,3.6359282324213886,22.569760007953377,20.679709565857507,17.510677395611367,7.372035337196129,2.1221945119534995,3610.0,8172.864959665604, 0.0, 0.0,2.8421709430404007E-14,68.61619942015254, 172.4439667967817,172.4439667967817,0.0, 18.15301939058183, -2.667934101180926, -2.3421519171891014, -2.667934101180926, 23.362743456541963, -3.8445021907443953, -2.3421519171891014, -3.8445021907443953, 17.33485171231051, 7.0, 0.0
157587, 0 ,1.0,1.0,1.0,92.53236672900069,128.9015037016164,31.381740400133207,127.42423387288996,8.639552061215964,9.780076894075643,299.0,36.0,45.0,-0.9998523604467908,0.006044668480153485,0.01608475340020765,127.44294824239601,-0.0149020874202983,0.1610034185314029,-0.9868413383172189,9.588911682623348,0.008554829016306392,0.9869353379042455,0.16088956988050776,8.577578795572816,299.7120453586814,48.177929034560826,39.53557216935303,115.66281363789004,55.039446611795974,39037.0,570874.1177981286, 0.0, 0.0,0.0,NaN, 161.7487254340802,161.7487254340802,0.0, 16236.935378092956, -97.76063862302402, -259.7518080025509, -97.76063862302402, 74.641859818461, -1.3471119235978204, -259.7518080025509, -1.3471119235978204, 95.64990405403228, 15.0, 0.0
157607, 0 ,1.0,1.0,1.0,140.25274725274724,220.03465765004228,173.84784446322908,2.900349553572253,2.498279887760645,3.721565854850284,12.0,10.0,16.0,-0.031010843828389038,-0.03226747384552756,0.9989980669133847,3.723665953197361,0.9124038110602092,-0.409012127109582,0.015111764956510168,2.9918170519394307,0.40811470584611015,0.9119582720765917,0.04212477730765741,2.3847064681437993,16.1465630698589,13.372694965466977,10.644833377996974,5.120527857053338,1.5111839092659554,1183.0,2298.4650246304327, 0.0, 0.0,0.0,NaN, 204.88937365237513,204.88937365237513,0.0, 8.412027532906768, -1.209943057787523, -0.2083731990747989, -1.209943057787523, 6.241402397589342, -0.2838221665193392, -0.2083731990747989, -0.2838221665193392, 13.850052411987523, 10.0, 0.0
157816, 0 ,1.0,1.0,1.0,218.07564262257955,84.88989544407957,219.34571396217868,8.478188596934372,8.293046069191861,8.79985134416919,41.0,38.0,40.0,0.22438277001163653,0.5784917316047491,-0.7842191587731353,9.231299266646992,0.9049821027901576,0.17480177778255546,0.3878810798602621,8.542263014039223,-0.36146890066976695,0.7967381344889913,0.48430215661257636,7.739802007737869,41.837064892448026,39.60657572199193,36.76343023300075,14.212321077672472,4.012680931192418,26493.0,60917.84499368508, 2.8421709430404007E-14, 0.0,0.0,77.03341451569388, 142.90909186080768,142.90909186080768,0.0, 71.87968188518802, 5.352532726760437, 0.13230624013110534, 5.352532726760437, 68.7746131057386, -10.597423937354234, 0.13230624013110534, -10.597423937354234, 77.4373836794763, 13.0, 0.0
157877, 0 ,1.0,1.0,1.0,147.8673796791444,51.51657754010695,132.86844919786097,2.629034730695298,3.8980995024009593,4.189472322820111,11.0,16.0,17.0,0.04485613529149359,-0.4806566354756605,0.875760883974575,4.326950742086735,-0.23719727397837087,-0.8566983790161671,-0.45804512944501596,3.808296917618752,-0.9704253605218389,0.1871819600396621,0.1524386220475947,2.536346496894105,19.34425326911696,17.700823090694513,11.284433453930617,6.036572073058735,1.7940120669225785,1870.0,3863.893887138729, 0.0, 0.0,0.0,NaN, 205.36003634316646,205.36003634316646,0.0, 6.911823615202098, 1.3749257914152508, 1.3595590380051126, 1.3749257914152508, 15.195179730618605, -2.0063753610340633, 1.3595590380051126, -2.0063753610340633, 17.551678343675743, 8.0, 0.0
157981, 0 ,1.0,1.0,1.0,177.9153031761309,249.24485081809433,174.1470644850818,4.00247116634709,4.337994945383886,7.044361600779726,17.0,17.0,30.0,0.15861902935740807,-0.16122351988399722,0.9740877682026031,7.170211634632336,-0.05015903788260306,-0.9866198765508614,-0.15512991366418097,4.236756187662565,-0.9860649443339956,0.024252748936544017,0.1645835038046513,3.8857390631695727,31.29770288035732,17.8993007348638,16.95194030641909,8.718787932402034,2.9058119237067745,5195.0,9496.59555824317, 0.0, 0.0,0.0,NaN, 182.5368996799707,182.5368996799707,0.0, 16.019775437439836, -0.7875391029910497, 5.632860129631567, -0.7875391029910497, 18.818200146176142, -5.266422718965167, 5.632860129631567, -5.266422718965167, 49.6230303625399, 8.0, 0.0
158219, 0 ,1.0,1.0,1.0,245.4083001295358,226.8150917408628,68.2183252168495,96.21758279898997,111.77830274561185,9.778159806306496,299.0,299.0,43.0,0.0648856585362178,-0.9978621134759361,0.007813693471101738,111.84261030479713,-0.9978031321496591,-0.06498275717713657,-0.012889947322902143,96.15467440632494,0.013370145423713793,-0.006960155098578995,-0.9998863912727047,9.660938028511433,318.0272494096515,318.2112391176905,43.87865764933688,122.42957474464423,82.81801640594436,60987.0,4440513.357652657, -2.8421709430404007E-14, 0.0,0.0,86.27971199992528, 113.97378815779096,113.97378815779096,0.0, 9257.823239680489, -210.42067324904042, 124.00920661411746, -210.42067324904042, 12494.388964689657, -89.13674957826466, 124.00920661411746, -89.13674957826466, 95.61240919766787, 24.0, 0.0
158271, 0 ,1.0,1.0,1.0,108.16759776536313,112.52997131209422,24.681564245810055,7.759861867987397,7.023319160695891,7.2892651571303375,37.0,31.0,32.0,0.71865824818668,0.417213193262868,0.5562944127713785,9.814985614497068,-0.003326596473639941,-0.79793330402065,0.6027365727169631,6.686251303062056,-0.6953554889904543,0.435012176498647,0.5720534504998256,4.651446621612864,45.434334577837674,32.81481714120842,19.408248529358108,12.087745077441497,4.069677348017996,13246.0,28936.133885707597, 0.0, 0.0,0.0,NaN, 158.02659036836232,158.02659036836232,0.0, 60.21545621024487, 22.458211058972513, 29.816920381573116, 22.458211058972513, 49.32701203299804, 6.241538501767623, 29.816920381573116, 6.241538501767623, 53.13338653095436, 9.0, 0.0
158534, 0 ,1.0,1.0,1.0,164.6458575714898,118.68454677198784,221.74618823097177,14.208466946503437,134.82884769728284,11.989761049553072,62.0,299.0,53.0,-0.01740183742233727,0.9998378951587681,0.004621629454228759,134.85048159928377,0.9838116827019591,0.01629798429447623,0.17846273753105144,14.07965453901035,0.17835848461305812,0.007652392594650327,-0.9839358169383365,11.89806769503791,300.0230877666613,65.6956186253426,55.00967176139818,132.13587612816875,32.62764647067487,97986.0,1084251.7617736605, 0.0, 0.0,0.0,NaN, 196.2916823795957,196.2916823795957,3.814697265625E-6, 201.8805329698807, -313.02329457744327, 8.499116994294534, -313.02329457744327, 18178.81817137709, 83.53978811482702, 8.499116994294534, 83.53978811482702, 143.75437002538, 27.0, 0.0
158631, 0 ,1.0,1.0,1.0,54.60663030998852,175.08259184845005,101.1669058553387,6.982004645860016,6.734189379602059,6.871690712671034,31.0,31.0,29.0,-0.20209363299959113,0.6588085232597276,-0.7246581905846118,7.639562451155181,0.977466326428282,0.18174860524719263,-0.1073639846014455,6.956479023654315,-0.06097330727314899,0.7300265571683242,0.6806933829773414,5.878972178376308,34.617856563261284,32.40805476159729,28.41338462978672,11.45092050675117,3.192843289895574,13936.0,31876.90209220901, 0.0, 0.0,0.0,NaN, 169.76744615342375,169.76744615342375,NaN, 48.74838887481085, -0.7118420986507445, 2.0341545564700545, -0.7118420986507445, 45.349306600345166, -11.632542238769663, 2.0341545564700545, -11.632542238769663, 47.220133250609344, 11.0, 0.0
158823, 0 ,1.0,1.0,1.0,105.73549511662009,227.32271809202336,169.4933735439781,8.968375906978,116.05704760297874,9.74453899657486,39.0,299.0,42.0,0.010908427286075975,0.999913300150825,0.007375526803545802,116.06705247087778,-0.336568321451343,-0.003274042375329438,0.9416533574739432,9.822502924046791,-0.9415958640571706,0.01275432585478258,-0.3365034263754534,8.751221172744412,299.45943880119745,44.588559379123524,41.01950911762603,95.88955098417664,66.70697202719859,36143.0,547711.5585233446, 0.0, 0.0,0.0,NaN, 183.013556279364,183.013556279364,0.0, 80.43176640886347, 146.12738801316215, -5.2284909642135196, 146.12738801316215, 13469.238298320075, 98.72510004656723, -5.2284909642135196, 98.72510004656723, 94.95604025576817, 20.0, 0.0
158877, 0 ,1.0,1.0,1.0,91.55839837435921,109.98665311966009,142.71301898120353,7.655901033654903,9.444231745680941,7.474449465741226,34.0,41.0,32.0,0.4603947064987119,0.8275044726843446,0.32136126386882663,10.422821733252883,-0.030354012690447633,-0.34712334939544504,0.9373281251611285,7.06300737439835,-0.8871952142237656,0.44129551095823843,0.13469567129850296,6.71955673130238,47.22356487137296,31.58593503146561,33.7602591993587,13.648668304271336,4.169841992109451,21653.0,50356.81788077224, 0.0, 0.0,0.0,NaN, 202.10643226793067,202.10643226793067,2.6973983046972182E-6, 58.612820637118205, 24.235458233509863, 9.2577881816962, 24.235458233509863, 89.19351326612768, 15.341664549280283, 9.2577881816962, 15.341664549280283, 55.8673948159193, 11.0, 0.0
158961, 0 ,1.0,1.0,1.0,251.3417007024996,208.97314981212222,150.83183303381801,81.82522003555331,12.794722488977241,137.00332669483643,299.0,58.0,298.0,0.05029932670605483,0.00444804250179488,0.9987242825979652,137.11680197173925,-0.9986756883414452,0.011047187484549591,0.050247678199314694,81.6420428085337,0.010809590586984691,0.9999290847688066,-0.0049978179997204044,12.749217465442046,312.8461526843794,314.041820791839,58.06911218693705,154.14513856404935,43.22336567141724,122420.0,5705103.0236785645, 0.0, 0.0,0.0,NaN, 181.3964155701601,181.3964155701601,0.0, 6695.366633866716, -67.57335263674965, 609.9848194115151, -67.57335263674965, 163.70492356993995, 86.40868514280874, 609.9848194115151, 86.40868514280874, 18769.911525452084, 28.0, 0.0
158991, 0 ,1.0,1.0,1.0,16.632022471910112,202.8443820224719,173.60056179775282,50.17247765346222,5.68784895559815,5.490355833187905,299.0,23.0,25.0,0.9999861727373786,4.431337745525033E-4,0.0052400349720328485,50.17316362227936,-0.003178433915631334,-0.7429093412920472,0.6693844995059723,6.493937909622107,0.004189497809313299,-0.6693918988555775,-0.7428976604180629,4.500618775439552,299.0452416320972,30.31484142060185,22.51055869338782,20.330733635730365,46.54497198019169,5340.0,204069.6741781638, 0.0, 0.0,0.0,NaN, 160.2892892677025,160.2892892677025,0.0, 2517.2775138871652, 1.1582791524639284, 13.038034444304234, 1.1582791524639284, 32.35162574169897, -10.892684109750448, 13.038034444304234, -10.892684109750448, 30.14400717502046, 9.0, 0.0
159039, 0 ,1.0,1.0,1.0,99.9376539064249,139.85426460711886,174.17953884038505,5.892935836414071,5.403613907725464,6.706051279490663,24.0,22.0,31.0,-0.46725884527434147,0.17160741247826972,0.8673062132231052,6.984913375676357,0.6811574556248498,-0.5555196831690113,0.476888249235062,5.833930625357896,-0.5636432312727356,-0.8136023461091508,-0.14267981723465792,5.10618236962061,32.20832625474564,28.165773197566445,25.368215699478498,10.011903719745487,2.9425573410824017,8934.0,23013.34543347611, 0.0, 0.0,0.0,NaN, 213.02004235173874,213.02004235173874,0.0, 34.7266927720932, -4.834136401817193, -6.61954296685757, -4.834136401817193, 29.199043263764057, 1.2717438515985227, -6.61954296685757, 1.2717438515985227, 44.97112376315836, 13.0, 0.0
159657, 0 ,1.0,1.0,1.0,69.71236385639371,252.08305768455023,253.85703912868092,10.074157286713643,12.214510683919494,10.599817230478816,47.0,51.0,46.0,0.3158636821594503,-0.8193473648016197,0.4784349799976128,13.660028177713174,0.7453387920462335,-0.09775231203751102,-0.6594805308440754,10.227260272697091,-0.587111760539453,-0.5649020988489633,-0.5798149699277357,8.476191308788325,63.07948709880203,49.18057035199615,44.328112333806644,18.184013026858565,5.690405244235204,49580.0,137518.44475503507, 0.0, 2.8421709430404007E-14,-2.8421709430404007E-14,27.18691604168352, 96.35880796938312,96.35880796938312,0.0, 101.4886450374456, -32.08387483583359, 1.24280425603304, -32.08387483583359, 149.19427124758346, -42.87140554925176, 1.24280425603304, -42.87140554925176, 112.35612531955562, 17.0, 0.0
159666, 0 ,1.0,1.0,1.0,234.81272084805653,75.43614336193842,172.1095406360424,3.4037956835480396,126.02461874211009,3.9817370614141017,14.0,299.0,17.0,0.005256963359239172,0.9999785662495569,0.00390273977114317,126.02731845400804,-0.5029205565517166,-7.294448674585694E-4,0.8643323329066759,4.230608331204741,-0.8643166538566472,0.006506531462075958,-0.5029059424130735,2.976833991975361,299.06822315724867,18.85998178175889,13.208359209056596,108.4560631331291,64.39663775259018,1981.0,74500.7098315975, 2.8421709430404007E-14, 0.0,0.0,89.69879679912476, 162.16029934876298,162.16029934876298,0.0, 11.585825055340267, 83.4506861117007, -3.6024030409027032, 83.4506861117007, 15882.204529094206, 61.94515744091832, -3.6024030409027032, 61.94515744091832, 15.854230026238605, 10.0, 0.0
160089, 0 ,1.0,1.0,1.0,183.65268585063774,207.64309859955117,272.5370565008664,12.733355499933015,125.98508909819053,15.368657988788726,56.0,299.0,298.0,0.01606641595479537,0.9998345898984012,0.008524266599794536,126.00564724761728,0.4429203887193931,-0.014760073441933516,0.896439439944858,16.122667081237353,-0.8964169786070706,0.01062699744450899,0.44308426669233614,11.541799410822673,299.9643382792256,277.93556465163033,152.5377549052567,115.07206695471282,55.03631594241344,70406.0,1.271718820964532E7, 0.0, 0.0,0.0,NaN, 151.06524422149266,151.06524422149266,0.0, 162.13834228767436, 252.08270161711584, 52.4734630942775, 252.08270161711584, 15872.242675079007, 132.5088508898935, 52.4734630942775, 132.5088508898935, 236.19564837635951, 21.0, 0.0
160277, 0 ,1.0,1.0,1.0,50.041853234881636,49.703310072149094,182.5047057432033,91.1045243478531,10.65135292604244,11.963395415073235,299.0,51.0,52.0,-0.9997345617550653,-0.02303591487247306,3.90715236123297E-4,91.12839460284184,0.005686408016712157,-0.23027913294135083,0.9731080030991665,12.04744582806519,0.022326459555313177,-0.9728519247849431,-0.23034899966346087,10.348103777487301,299.59414550937197,53.181373101551344,49.24433740001627,62.43971016697628,68.24874431024462,59183.0,784601.5593134367, 0.0, 0.0,0.0,NaN, 137.03922898134272,137.03922898134272,0.0, 8300.034356648557, 188.73237079822377, -2.991368401836509, 188.73237079822377, 113.45131915511287, -8.601995029908936, -2.991368401836509, -8.601995029908936, 143.1228298573953, 16.0, 0.0
160434, 0 ,1.0,1.0,1.0,146.3711111111111,226.26222222222222,50.446666666666665,2.5407892231633817,2.031451466742043,3.080122652680497,11.0,8.0,13.0,0.5895193334385131,-0.20456817686574424,0.7814210238508029,3.7686334936896375,0.3038335236826368,0.9525122378572183,0.020140174250166187,1.943248251896786,-0.7484331268649218,0.2255488810569899,0.6236790495640653,1.4459420166686627,16.28242001847002,8.835431997588273,6.640152384545626,4.173765653376194,1.6276488455819795,450.0,955.2670288452022, 0.0, 2.8421709430404007E-14,0.0,78.19577829302827, 171.4836091796646,171.4836091796646,0.0, 6.45560987654318, -0.9728691358024738, 5.589792592592601, -0.9728691358024738, 4.126795061728398, -1.9037925925925947, 5.589792592592601, -1.9037925925925947, 9.487155555555542, 6.0, 0.0
160548, 0 ,1.0,1.0,1.0,231.41114879811238,22.09246423831293,265.1229907093349,114.55679972117787,8.199321830040954,11.974631702750836,299.0,35.0,47.0,-0.9999876013021486,-0.004922178550541325,7.545861722626918E-4,114.55821271539557,6.480221000947986E-4,0.021615559670006577,0.9997661464800207,11.975815864414125,0.004937338284193733,-0.9997542396701646,0.02161210198473198,8.177822392482204,299.1423794997908,47.53134194261139,35.39336549018556,93.20940110129145,68.16075550920681,33905.0,503245.4773271977, 2.8421709430404007E-14, 0.0,0.0,0.2853159937604578, 80.05568850729445,80.05568850729445,0.0, 13123.260362358056, 64.26772005656737, -9.802698436458702, 64.26772005656737, 67.22887847258615, 1.6056458966593663, -9.802698436458702, 1.6056458966593663, 143.39180441652536, 13.0, 0.0
160863, 0 ,1.0,1.0,1.0,88.5202101859337,81.27647534357317,236.65157639450283,5.034299873721699,128.75400471888267,117.14811369018821,21.0,299.0,298.0,-0.00830196443739152,0.9884706604072995,0.1511847575003454,129.02484456052568,-0.008741937914312756,0.15111244674732155,-0.9884779243663162,116.85910915056493,-0.9999273253131866,-0.00952795633889414,0.007386618984456851,4.812124500304237,340.73031466344634,339.88891404524037,21.21150093201203,157.22133790953254,74.88704396271828,2474.0,2456513.6088129594, 0.0, 0.0,0.0,NaN, 135.8481351691581,135.8481351691581,0.0, 25.344175218554316, -154.432022541301, 96.93913548111338, -154.432022541301, 16577.593731150064, 447.9932585877762, 96.93913548111338, 447.9932585877762, 13723.680541169262, 7.0, 0.0
160874, 0 ,1.0,1.0,1.0,79.1369823679842,136.82355421957018,40.85955852662748,17.022644428008455,17.297144295325133,17.059215072264806,80.0,77.0,73.0,0.5238792043020463,-0.7090438632827947,0.4720247654952702,17.891281425380058,0.392822294155236,-0.2905979830774847,-0.8724926689926488,16.81656990471139,-0.7558050175240123,-0.6425026164711763,-0.1262899968850268,16.64582435853804,88.00412475584932,84.57603107937553,79.91053757179633,28.62067562096761,7.7997031979953375,222890.0,594777.2948421373, 0.0, 0.0,0.0,NaN, 163.25700747771043,163.25700747771043,1.9073486328125E-6, 289.77042332240734, -16.630094474547636, 8.67855874675852, -16.630094474547636, 299.19120077329876, -12.947715385458805, 8.67855874675852, -12.947715385458805, 291.01681888178666, 33.0, 0.0
161324, 0 ,1.0,1.0,1.0,114.84499981837335,235.2111591412692,208.92033855207237,9.667518714466391,6.893031077482879,9.739765303552728,41.0,32.0,41.0,-0.6765004911204461,0.21280556306569987,0.7050254448188986,10.461494007371796,0.7177810700188958,-0.02361582797118516,0.695868254910198,9.046570065312112,-0.1647343954258618,-0.9768091343745341,0.13677168554254893,6.674918492769414,48.58859987439175,43.985033842875225,32.25008581332483,14.724307282542153,4.362636673761419,27529.0,68923.95491552791, 0.0, 0.0,0.0,NaN, 160.25751967558102,160.25751967558102,NaN, 93.46091809455791, -9.973554576781014, -12.324890675226417, -9.973554576781014, 47.513877435144785, 9.122673253543633, -12.324890675226417, 9.122673253543633, 94.86302816828957, 13.0, 0.0
161777, 0 ,1.0,1.0,1.0,128.23604887983706,267.43645621181264,14.468839103869653,6.2635176726089705,7.285195130763514,5.687495348274028,26.0,29.0,27.0,0.4335451306888996,-0.779685679582957,0.45180622030822826,8.4117538250532,0.9010650783869016,0.3811917785743022,-0.2068200968449795,5.651182819896826,-0.010970148930235587,0.49677265323347086,0.867811377450092,4.686134375776035,37.873189017685235,27.024739241532274,20.86790254516447,10.64521521396501,3.366410271102974,9820.0,21358.57073653251, 0.0, 0.0,-1.7763568394002505E-15,63.14037164720082, 133.0947629374305,133.0947629374305,0.0, 39.231653635084896, -13.06850361496759, 7.699310688108939, -13.06850361496759, 53.07406809330041, -17.97631816692318, 7.699310688108939, -17.97631816692318, 32.347603336638706, 10.0, 0.0
162238, 0 ,1.0,1.0,1.0,184.33354934404747,232.52631730533835,210.44960470039314,12.914704639181023,11.40289101586081,11.061479544513835,58.0,50.0,51.0,-0.8165089556289961,0.5286272161649614,0.23209134345625712,13.83176950421777,0.46703506859318233,0.36846538466226886,0.8038106151388202,11.235550123231372,-0.3393985416612867,-0.7647133624014752,0.5477427345778507,10.080496761624795,66.08373608100842,54.76488016442016,50.75846706632299,19.680029464744187,5.64520056485147,69441.0,183698.3381679791, 0.0, 0.0,0.0,NaN, 161.09220639758348,161.09220639758348,0.0, 166.78959591728386, -34.48076153031, -7.755861005321198, -34.48076153031, 130.02592351959916, 18.297660566668398, -7.755861005321198, 18.297660566668398, 122.356329713698, 22.0, 0.0
162640, 0 ,1.0,1.0,1.0,273.498581228133,57.39720102482162,80.41532824595718,11.263243245985098,9.486558782418399,7.798960401065374,49.0,40.0,33.0,-0.9640701633881499,0.2654903462609152,-0.00914309067027859,11.39478852081913,0.2557163746511419,0.9181551212268787,-0.30265542965579295,9.484658419160043,-0.0719573192943046,-0.29411910751788145,-0.9530561865875814,7.607843224302109,51.002018307023576,42.88466725467758,35.298305867186116,15.996494062981748,4.668126710028841,36299.0,77204.61641474579, 0.0, 0.0,0.0,NaN, 102.29070778575485,102.29070778575485,0.0, 126.86064841822892, -10.886898926891082, -1.848442397733566, -10.886898926891082, 89.99479753227966, -9.089071397289484, -1.848442397733566, -9.089071397289484, 60.823783337385784, 14.0, 0.0
162924, 0 ,1.0,1.0,1.0,250.22345350490286,117.34925090219808,104.46841395399701,98.54698432247586,10.039147714139109,8.94378055471982,299.0,46.0,42.0,0.9999617914782379,0.008467002462551405,0.002173810693833611,98.55071165674109,-0.008352213678909976,0.9987991671489039,-0.04827488197104535,10.007124111279905,-0.002579943855068334,0.048254881327754566,0.9988317227229767,8.938596951586444,299.3281687117463,46.179622285128346,41.98370757256238,69.41320869198815,71.23264894396414,27433.0,580334.9863847453, 0.0, 0.0,0.0,NaN, 164.80958947327454,164.80958947327454,0.0, 9711.508119054304, 81.38508701088173, 20.94625532978505, 81.38508701088173, 100.78448682630447, -0.7988143510825164, 20.94625532978505, -0.7988143510825164, 79.9912106109844, 16.0, 0.0
163302, 0 ,1.0,1.0,1.0,131.43086205933292,40.13173920330745,150.31806246159005,8.578043866278023,6.7073975176918905,7.868145871065422,39.0,32.0,35.0,-0.8402640635151835,-0.056579268190733584,0.5392171083858089,9.131628362628037,0.4051520823020186,0.5953687343059303,0.6938212020522962,7.828888615895464,-0.3602889032030967,0.8014579568648353,-0.47734374365519205,5.983444155939186,42.92884057356258,36.47656245723792,27.757474190044206,12.842942996548357,3.941897089967463,17899.0,43465.33263784228, 0.0, 0.0,0.0,NaN, 203.19771263081222,203.19771263081222,0.0, 73.58283657179001, 8.410806596127893, -14.394764942386853, 8.410806596127893, 44.98918146033933, 9.077602587606611, -14.394764942386853, 9.077602587606611, 61.90771944836385, 14.0, 0.0
163460, 0 ,1.0,1.0,1.0,197.7582517035775,89.93244250425894,277.2371166950596,6.8780646761741835,9.621375812559592,6.770356561714668,28.0,41.0,33.0,-0.08713689436055956,-0.9525530908391148,0.2916329384243934,9.921169192876777,0.8003091360840037,0.1073908290062732,0.5898919363288682,7.409440385279058,-0.5932220902340645,0.28479785634410026,0.7529792378811869,5.6909550351591385,43.55248269759991,36.08356117492235,24.794310797795035,13.03618426859779,3.971684013620757,18784.0,38964.97036432132, 0.0, 0.0,0.0,NaN, 138.05567053129394,138.05567053129394,0.0, 47.30777368963507, 7.416589725928413, 8.949943936981736, 7.416589725928413, 92.57087252650675, -16.920203306748846, 8.949943936981736, -16.920203306748846, 45.837727972752866, 14.0, 0.0
163563, 0 ,1.0,1.0,1.0,97.98270514146067,110.12954694990131,238.17757777986654,10.054148059342191,9.472005254106117,10.3823047182362,46.0,37.0,48.0,0.5828997915387899,-0.04779976879839188,0.8111368658413052,10.627007359301086,-0.6146419074989694,0.6269901343439729,0.478642556592448,10.381181053240239,0.5314538160273794,0.7775593569227667,-0.33609267753372646,8.825804355440038,48.2714946311699,47.34984785110967,44.18644067768717,16.632101044802383,4.687242561544764,42556.0,100994.64650692783, 0.0, 0.0,-2.8421709430404007E-14,35.79284454430534, 159.84723803492318,159.84723803492318,0.0, 101.08589319917434, -12.488971083862987, 7.777815049487266, -12.488971083862987, 89.7188835338139, 7.606824271538495, 7.777815049487266, 7.606824271538495, 107.79225126230969, 17.0, 0.0
163857, 0 ,1.0,1.0,1.0,196.90959316926168,132.59116022099448,26.331491712707184,4.970112924916538,2.872583335174736,3.517711194658748,21.0,13.0,16.0,0.8924617772219875,0.20325799581899973,0.4027383310952849,5.358846512145246,-0.41911998712178977,0.04332720949087392,0.906896460083931,3.0405100732799966,-0.1668844288506352,0.9781661106649409,-0.12385736697435464,2.7140582356546994,22.573377957881007,13.820082948713335,11.608912142350462,6.3866640223023445,2.1303925035547158,1991.0,3621.5853724093254, 0.0, 0.0,-3.552713678800501E-15,66.25052323270984, 170.0041034948655,170.0041034948655,0.0, 24.70202248642243, 3.8389798291205337, 6.960154951425056, 3.8389798291205337, 8.25173501752361, 1.8216143918350876, 6.960154951425056, 1.8216143918350876, 12.374292049027478, 10.0, 0.0
164146, 0 ,1.0,1.0,1.0,279.78156137085296,38.02204460016789,145.52801197123983,7.671038742459802,78.97289736598799,142.280133350532,34.0,299.0,298.0,0.0028199593347997503,0.07215557361617951,0.9973894029041365,142.53942009658414,-0.0020404593212609043,-0.9973908771163248,0.07216144934026406,78.50512785996493,-0.9999939421592056,0.0022386248567623328,0.002665371201602229,7.658871864212426,318.8755174380447,319.78315748149635,34.82541539948505,157.1626645326979,42.884689307445534,27399.0,3551183.123588326, 0.0, 0.0,0.0,NaN, 151.76581764178346,151.76581764178346,0.0, 58.84483538831927, 16.54545556159001, 56.08110338508291, 16.54545556159001, 6236.718518378872, 1018.6184196784304, 56.08110338508291, 1018.6184196784304, 20243.636346245166, 12.0, 0.0
164650, 0 ,1.0,1.0,1.0,172.3490609253321,145.05313788364637,106.71690334402199,3.8943923869618677,3.6909861607681034,4.312306812397951,17.0,16.0,18.0,-0.5841035373644694,-0.4452243417483238,0.6786739593892529,5.322207761005584,-0.19612645543507756,-0.7339426840246904,-0.650278824847546,3.296069937487274,-0.7876277490774344,0.5129360799177661,-0.3413782459410804,2.862811286610866,24.16715025020312,15.186301539687122,11.949526811736646,6.531760280507347,2.1729630886990376,2183.0,4385.591426451438, 0.0, 0.0,-1.4210854715202004E-14,47.25989174547598, 220.73439359527558,220.73439359527558,0.0, 15.166292063626553, 5.619106244920509, -7.639615367908726, 5.619106244920509, 13.623378838981663, -4.809052124556369, -7.639615367908726, -4.809052124556369, 18.595990044253778, 8.0, 0.0
165549, 0 ,1.0,1.0,1.0,128.65292983329186,219.8575827320229,251.28666956954467,139.45069587535087,7.422836174194646,9.583911258938675,299.0,34.0,43.0,0.999943805329253,0.009354431736062867,0.004988064809949831,139.45851075328244,0.002847548931319723,0.2162243623138481,-0.9763395498529464,9.66060533990338,0.010211642803029077,-0.9762988885320236,-0.2161855744549073,7.172371640606907,299.3479916676746,44.89545206654171,34.34148879388795,138.35375526969509,21.25287827051174,32152.0,461527.74798036396, 0.0, 2.8421709430404007E-14,0.0,89.46402272476953, 159.20858005104876,159.20858005104876,0.0, 19446.496580119605, 181.46568691548387, 96.63277387803369, 181.46568691548387, 55.09849686893261, -7.93705959321524, 96.63277387803369, -7.93705959321524, 91.8513550192115, 16.0, 0.0
166048, 0 ,1.0,1.0,1.0,217.76423827731938,58.68373918293419,178.76781042463273,9.945986532935702,10.68197458153146,12.770970122045174,44.0,52.0,54.0,-0.14750660499891172,-0.087059175494963,0.9852220569210943,12.838321729991605,-0.25961858685732125,-0.9577812339902997,-0.12350423949900194,10.73103789474636,0.9543793746932622,-0.2739996492299879,0.11867687804261148,9.805469279475416,55.17280043070696,49.298048765441266,42.79721303697684,18.664673490508807,5.26828913640207,59628.0,116404.62789108785, 0.0, -7.105427357601002E-15,0.0,85.0055540072401, 157.8092061314483,157.8092061314483,0.0, 98.92264811333834, 5.608388767587136, -9.370884836830134, 5.608388767587136, 114.1045809604842, -3.6420076308493106, -9.370884836830134, -3.6420076308493106, 163.09767785817053, 19.0, 0.0
166602, 0 ,1.0,1.0,1.0,131.6001407129456,69.61749530956848,165.10060975609755,4.334166584269685,4.895175450852754,5.000981104837004,18.0,20.0,20.0,-0.4233806506279575,0.6390042124513454,0.6422012466067661,5.761935715821627,0.2761432776997458,-0.5841115641125746,0.763255246199595,4.392677629399749,-0.8628404921276522,-0.500487059912041,-0.07084481636303645,3.9066654242049306,27.29870180348098,19.887088938168546,16.45770215672914,7.880450794154988,2.378245144359498,4264.0,8934.750077438433, 0.0, 0.0,0.0,NaN, 200.90554541132397,200.90554541132397,0.0, 18.784999980199945, -5.503557808908465, -4.027077946963803, -5.503557808908465, 23.962742694631462, 5.562873947512943, -4.027077946963803, 5.562873947512943, 25.009812010936745, 9.0, 0.0
167308, 0 ,1.0,1.0,1.0,173.17462645522045,76.73361444678706,212.22999358327985,6.604903057183662,6.208672205751512,6.10030096304471,28.0,28.0,27.0,-0.877396175232926,0.4715754698176256,-0.08827529639099294,6.7792120805761344,-0.22319184937190323,-0.5640777715273877,-0.7949853244196688,6.187646978288449,-0.424689710330474,-0.677814756356766,0.6001714804990623,5.928012755691242,30.10571742851613,28.18599731470809,27.385740699971862,10.52916743003097,2.919359522800163,10909.0,23238.435107437115, 0.0, 0.0,0.0,NaN, 172.2680962547393,172.2680962547393,0.0, 43.62474439479409, -4.0793414172820075, 1.395899003011461, -4.0793414172820075, 38.54761055847134, 0.9603411268687647, 1.395899003011461, 0.9603411268687647, 37.21367183972421, 13.0, 0.0
