// Sample: .//bubblelabels.tif, Map: .//bubblelabels.tif, Thickness:(8.191250068658265):/afs/psi.ch/project/tipl/test/LabelValidation/SmallStep0500//distmap.tif, Neighbors:(1.0):
//LACUNA_NUMBER, TRIANGLES, SCALE_X, SCALE_Y, SCALE_Z, POS_X, POS_Y, POS_Z , STD_X, STD_Y, STD_Z,PROJ_X, PROJ_Y, PROJ_Z, PCA1_X, PCA1_Y, PCA1_Z, PCA1_S, PCA2_X, PCA2_Y, PCA2_Z, PCA2_S, PCA3_X, PCA3_Y, PCA3_Z, PCA3_S,PROJ_PCA1, PROJ_PCA2, PROJ_PCA3,OBJ_RADIUS, OBJ_RADIUS_STD, VOLUME, VOLUME_BOX, Mask_Grad_X,Mask_Grad_Y,Mask_Grad_Z,Mask_Angle, Mask_Distance_Mean,Mask_Distance_COV, Mask_Distance_STD, SHAPET_XX, SHAPET_XY, SHAPET_XZ, SHAPET_YX, SHAPET_YY, SHAPET_YZ, SHAPET_ZX, SHAPET_ZY, SHAPET_ZZ, Thickness, Thickness_STD, Neighbors, Neighbors_STD
1, 0 ,0.3333333432674408,0.3333333432674408,0.3333333432674408,166.73073332533653,20.087293929895747,153.44545563592933,18.350139469211435,12.8673168438219,22.598425960784173,101.0,54.0,100.0,-0.45323776307232483,0.029907190260296816,0.8908878100501372,23.923635207774108,0.8867937797168791,0.11648685951193079,0.4472444564402098,16.642694350805456,0.09040089811858144,-0.992741845361513,0.07931775392414814,12.793151308214771,117.84622557118054,81.58064531606982,58.31932081906663,30.028369309122013,10.548997764646277,191743.0,560680.2666850478, 0.0, 0.0,0.0,NaN, 199.10407150831685,199.10407150831685,0.0, 336.72761853951135, 6.165747827042263, -120.0745744330536, 6.165747827042263, 165.56784275930278, 16.79220604437251, -120.0745744330536, 16.79220604437251, 510.688855905044, 3.0042132634907754, 4.017742271337214, 22.0, 0.0
2, 0 ,0.3333333432674408,0.3333333432674408,0.3333333432674408,16.855161543811477,273.6064689783494,70.83668584538401,11.474984443194419,20.597735770613202,32.12713637818701,50.0,86.0,136.0,-0.008376546406388108,-0.13155832512416754,0.9912730403682051,32.294242317763334,-0.27395107412851966,-0.9530793495494267,-0.12880435724878045,20.939556546285882,-0.9617071500483564,0.27263924983935256,0.028057031077843752,10.330138599102085,137.00191460110196,100.9270140552457,50.74436360011291,36.689965162550486,15.554463509901717,221426.0,701652.16805185, 0.0, 0.0,0.0,NaN, 77.45031318217143,77.45031318217143,1.6518123698891422E-6, 131.67526797155392, 87.65152270557455, 3.9325388696328325, 87.65152270557455, 424.26671887599866, -81.36458622205691, 3.9325388696328325, -81.36458622205691, 1032.152891862627, 4.1351869185536865, 4.551932544266893, 19.0, 0.0
3, 0 ,0.3333333432674408,0.3333333432674408,0.3333333432674408,205.35719534174407,189.67955081103563,15.307278524885623,22.789848649133475,20.251431525257708,8.877844913225752,118.0,101.0,40.0,-0.8289862429923373,0.5589706426947609,0.018265528595023343,24.682890991832995,-0.5565767328541825,-0.8213547326417378,-0.124894930290958,18.008998357345092,-0.054810121098328723,-0.11370234725996387,0.9920018280491026,8.64550062323358,127.17917470314347,84.53298164420622,41.46906266282071,29.63626044276156,11.402011995463093,144260.0,445827.0436868783, 2.8421709430404007E-14, 0.0,0.0,34.00525894947123, 146.15804719095723,146.15804719095723,0.0, 519.3772014504109, -133.58182846070878, 9.25582451747654, -133.58182846070878, 410.1204788222017, 31.059800857121626, 9.25582451747654, 31.059800857121626, 78.81613030328838, 2.991510144994334, 3.562762791792342, 22.0, 0.0
4, 0 ,0.3333333432674408,0.3333333432674408,0.3333333432674408,46.677774963468096,128.6293813930833,278.69603117389187,22.40188895813061,24.43441939760735,12.774630638506821,99.0,120.0,58.0,-0.5929495770801665,0.7954188765034048,0.12537786863123962,26.77310287015875,0.7930309141672566,0.603847907439427,-0.08043428284053299,19.811705381658925,0.13968811050156324,-0.051735051783933506,0.9888431201163391,12.360176403073927,133.6606744469495,97.91023104452857,61.114112115823445,33.56632475172185,11.635227148725356,256625.0,799784.9549651432, 0.0, 0.0,0.0,NaN, 138.48534767567014,138.48534767567014,0.0, 501.8446288924141, -151.21926087959065, -57.22278611280918, -151.21926087959065, 597.0408512981703, 44.605360058252316, -57.22278611280918, 44.605360058252316, 163.19118795027717, 3.361065000513386, 3.4605192205147284, 17.0, 0.0
5, 0 ,0.3333333432674408,0.3333333432674408,0.3333333432674408,280.10139763092155,226.00528252558445,274.3380816374039,12.668005057506326,18.610876310813115,13.12683716595451,51.0,100.0,58.0,-0.3154921119037476,-0.9258488074945396,0.2080113289882365,19.51260662073038,-0.1786544294703602,-0.1573336484896979,-0.9712511095919224,12.778180960705367,-0.9319588629103398,0.3435842090577784,0.11576946544321366,11.624680527867028,110.56008816187824,61.731854128625116,61.710278921608264,24.547624571889923,8.750488617940988,111689.0,421177.5432451022, 0.0, 0.0,0.0,NaN, 80.80660025276292,80.80660025276292,NaN, 160.47835213700586, 72.53299944844845, -11.233978051048698, 72.53299944844845, 346.36471705638473, -42.99961919406605, -11.233978051048698, -42.99961919406605, 172.31385398148464, 2.9313012635438676, 3.5737280530095656, 12.0, 0.0
6, 0 ,0.3333333432674408,0.3333333432674408,0.3333333432674408,152.61214137385969,125.63741179630759,8.901273852448007,21.499139061736606,19.257453894186924,5.737477383829326,93.0,89.0,24.0,-0.8322121047211752,-0.5540462238565389,-0.021349346263104953,23.142428370882048,-0.5534080475940277,0.8323889272691415,-0.02946534605081631,17.261238012418705,-0.034096123147924345,0.01270651762041385,0.9993377801305441,5.6972650447212185,98.64926248101241,78.36442769223639,24.87928901288619,27.609284206630743,10.183741120534918,96793.0,192331.65740305066, 0.0, 0.0,0.0,NaN, 193.87411583156316,193.87411583156316,0.0, 462.2129803958888, 109.678558507919, 13.268104335732323, 109.678558507919, 370.84953048673515, -0.5605249643508724, 13.268104335732323, -0.5605249643508724, 32.918646729953004, 2.8781644533824116, 3.1796938409429933, 15.0, 0.0
7, 0 ,0.3333333432674408,0.3333333432674408,0.3333333432674408,21.219869520430354,96.09954958290973,151.98151876064608,13.000510566535471,18.921492846908464,14.804685782496884,54.0,88.0,68.0,-0.09979974020498213,-0.9882302613739274,0.11593516446633748,19.014577244216742,0.2558045459247249,-0.13808306389729363,-0.9568161274502962,14.880566753262043,-0.9615633344399441,0.06583325884045692,-0.26657444718348766,12.776129029956653,87.8917443166363,76.70576674283541,62.15674286401549,26.08152695413763,8.122120376182488,148529.0,419048.555177593, 0.0, 0.0,0.0,NaN, 177.7494784265405,177.7494784265405,0.0, 169.01327499060042, 17.503975717004256, -16.54002557188468, 17.503975717004256, 358.02289155560817, -15.032557523413413, -16.54002557188468, -15.032557523413413, 219.1787211184654, 2.9629244379873443, 3.6045542059492446, 18.0, 0.0
8, 0 ,0.3333333432674408,0.3333333432674408,0.3333333432674408,276.4498885596665,79.25624459186616,208.41454230799485,14.618030133815912,21.567736601621025,15.7197458870001,63.0,109.0,77.0,-0.11616542880920254,-0.9803009643899867,0.15973607095968229,21.785855873697965,0.04967238770064384,-0.1663575520047636,-0.9848135959617432,15.533888744984129,-0.9919870195973791,0.10646682162554169,-0.06801888593077698,14.492731356470573,112.63212126523666,76.72778753185338,70.83504525938264,28.86840020869103,9.621847392916793,190685.0,612157.4152584664, 0.0, 0.0,0.0,NaN, 123.38580192352728,123.38580192352728,1.3486991523486091E-6, 213.68680499315005, 29.87174945694506, -6.438872176500284, 29.87174945694506, 465.1672621169033, -36.30933406536069, -6.438872176500284, -36.30933406536069, 247.11041075185653, 3.0272815918361027, 3.310943571116303, 17.0, 0.0
9, 0 ,0.3333333432674408,0.3333333432674408,0.3333333432674408,93.90101537796806,178.23523904917153,272.6272102964956,16.114334061039347,15.349329472088604,15.310762224432338,82.0,77.0,63.0,-0.8229106816510601,-0.35757001313355863,0.4415446701436373,16.90689901321162,0.0052328582393452935,0.7723310434706281,0.6351986905577011,15.462259455494893,-0.568146659956066,0.5250223280958987,-0.6336883522533204,14.309731501835648,86.38383293791618,86.21880605484967,78.26952943749826,25.887045952492723,7.7171218223022375,152751.0,582944.4844369512, 1.4210854715202004E-14, 0.0,0.0,34.62276538848152, 156.1836333121306,156.1836333121306,0.0, 259.67176223077286, 23.994794236525255, -29.344630020864106, 23.994794236525255, 235.6019152427278, 4.0330763950222135, -29.344630020864106, 4.0330763950222135, 234.41943989310428, 2.6017213081317103, 2.974528482241127, 16.0, 0.0
10, 0 ,0.3333333432674408,0.3333333432674408,0.3333333432674408,242.07795041438652,225.17071668631556,283.21980961095176,10.519853792416505,13.89848095974862,10.059193931984133,53.0,67.0,45.0,0.1262831560069837,-0.9918905577656859,0.014341754571600716,13.947305693015196,0.8932121452638833,0.11998538703985226,0.4333307864091688,10.572661329028932,-0.43153751640153776,-0.0419121499349905,0.9011208263189902,9.935490712130086,67.11676665947905,53.18004715861059,55.82189885814836,19.15171224275836,6.183396925169491,56831.0,199243.58613661063, 2.8421709430404007E-14, -2.8421709430404007E-14,0.0,50.32172148485168, 96.10390345314089,96.10390345314089,0.0, 110.66732381381992, -10.601050041709165, 5.231268909987191, -10.601050041709165, 193.1677729884949, -0.683581018202207, 5.231268909987191, -0.683581018202207, 101.18738256126639, 2.6411821219816902, 3.2654109409589194, 9.0, 0.0
11, 0 ,0.3333333432674408,0.3333333432674408,0.3333333432674408,124.13310341967767,177.76338014541233,155.38741602852957,16.654097169833157,13.866696324414406,15.611946073227754,81.0,63.0,85.0,-0.8550319236049301,0.015742842691774325,0.5183363507611969,17.22252206307224,0.501708828113989,0.27796182388081153,0.8191614470037882,15.0814378050613,0.1311817876419598,-0.9604631108839291,0.24556455611961822,13.759071451526157,82.66586882085014,75.17991816903566,67.93471618687167,25.56803378597924,7.723517851872104,144692.0,422201.57451895747, 0.0, 0.0,0.0,NaN, 226.41470367664058,226.41470367664058,0.0, 277.3589525422448, 3.874160712268403, -31.88229650079821, 3.874160712268403, 192.285266953528, 9.55939487026872, -31.88229650079821, 9.55939487026872, 243.7328601933715, 3.285906637247658, 3.3192688741043592, 17.0, 0.0
12, 0 ,0.3333333432674408,0.3333333432674408,0.3333333432674408,222.9321340663552,275.9091116777455,173.84708240600173,19.779796132361458,15.691962819536247,11.500436863385293,92.0,66.0,56.0,-0.9696623200647484,-0.2410210398435666,0.04079023656925175,20.063174916922545,0.20298674710957404,-0.886881699494898,-0.41501473660451615,16.20753287727931,0.13620339769816134,-0.39414427492197335,0.9088998432180019,10.22364761232904,94.66513924181243,78.11629414078993,50.72478877812681,26.348302564623967,8.689363163044481,135694.0,375104.22628199594, -2.8421709430404007E-14, 0.0,0.0,14.149233979985985, 149.78112523679246,149.78112523679246,0.0, 391.2403350377813, 41.174163997231744, -25.110927661673408, 41.174163997231744, 246.23769712970795, 55.28440511233476, -25.110927661673408, 55.28440511233476, 132.26004804871135, 2.6846870346279004, 3.0196033066719195, 11.0, 0.0
13, 0 ,0.3333333432674408,0.3333333432674408,0.3333333432674408,214.38106619223186,162.12039140872847,225.6617401183229,11.340364020667726,14.838192643897449,14.318469737460013,60.0,75.0,68.0,0.08953785599585408,0.8137365893778437,-0.5742958605556734,15.118064059559359,0.34388191189189093,-0.5664102784826909,-0.7489490150222101,14.43413555483995,-0.934734295410864,-0.13043066946418874,-0.330544456080994,10.81176500654683,79.09413356313655,72.87126840793965,65.7925806615059,22.4635291524619,7.013148415481607,93304.0,379208.028467456, 0.0, 0.0,0.0,NaN, 178.5148878214279,178.5148878214279,NaN, 128.6038561212551, -9.676782523121695, -29.294726591646477, -9.676782523121695, 220.17196093741234, -13.388089757664668, -29.294726591646477, -13.388089757664668, 205.01857562255825, 2.9406913658050646, 3.106688155940677, 17.0, 0.0
14, 0 ,0.3333333432674408,0.3333333432674408,0.3333333432674408,17.72454012837634,212.79660104251928,154.97198767931764,11.844064471754832,14.200352414443763,14.331184435573919,48.0,67.0,70.0,-0.2981436844533056,0.4534442610613984,-0.8399396677923302,15.343727071887406,-0.473562507683412,-0.8342929788192,-0.2823008622189888,14.320289469367374,0.828763473336757,-0.31359771619619325,-0.46347338398156757,10.335089176629069,67.30029709907352,72.44775256812255,55.762801126041296,22.371156252143052,6.844420148847653,92852.0,271885.77157149423, 0.0, 0.0,0.0,NaN, 170.15203927719458,170.15203927719458,1.9073486328125E-6, 140.28186321108507, 21.43241572464247, 45.343983208479955, 21.43241572464247, 201.65000869439882, -25.84383794305391, 45.343983208479955, -25.84383794305391, 205.38284732643612, 2.8140090731881844, 2.9511891550305345, 14.0, 0.0
15, 0 ,0.3333333432674408,0.3333333432674408,0.3333333432674408,211.00398373308988,259.4226574819487,287.6298282015105,17.9936004724385,12.31490488282397,7.434538843138691,84.0,73.0,33.0,-0.9674917180029761,-0.24666819378664043,0.05580840232156964,18.35615275933226,-0.2382949506634408,0.9630478273231428,0.1255165279016389,11.863592807810472,0.08470709583003111,-0.10813734073950122,0.9905205820445282,7.2805033899727505,84.50836464929753,68.92367411116811,36.42873705004712,21.574268172034056,8.077738599758414,60245.0,212183.80484228302, 0.0, 0.0,0.0,NaN, 98.58921232838574,98.58921232838574,0.0, 323.76965796173903, 47.627546886950505, -17.955517615874385, 47.627546886950505, 151.65688227300166, 6.696965466095931, -17.955517615874385, 6.696965466095931, 55.272367810137986, 3.4920513565604225, 3.3703422398867944, 11.0, 0.0
16, 0 ,0.3333333432674408,0.3333333432674408,0.3333333432674408,139.2429381801343,11.271098633943042,8.938903681407734,19.18916596824179,7.668047903137967,6.004624157916409,83.0,33.0,24.0,0.9990577633556743,-0.006660960355105076,0.042886094318623474,19.205389660613477,0.017984993181166396,0.9628538800000086,-0.26942335791316024,7.795902081876746,-0.03949842400693408,0.2699408034663844,0.9620664411177076,5.784071160797702,83.3115098355557,38.04285524472763,27.025751595595118,19.625006901555135,8.828231113495226,34552.0,85655.62544572668, 0.0, 0.0,0.0,NaN, 139.98406158016084,139.98406158016084,0.0, 368.2240905567289, -1.7588157540321085, 14.237695140607421, -1.7588157540321085, 58.79895864481857, -7.183193759659192, 14.237695140607421, -7.183193759659192, 36.05551127783334, 3.695819904054376, 3.7258235461186366, 5.0, 0.0
17, 0 ,0.3333333432674408,0.3333333432674408,0.3333333432674408,138.84223735111826,21.528556176425727,51.8740866044564,10.050626121487753,13.841886964206903,13.339716112534395,48.0,58.0,64.0,0.1630228215033649,0.7900281118173254,-0.5909984282613904,14.004938128704813,0.30189099616320614,-0.6102240176613956,-0.7324537355388205,13.599353172142123,-0.9393004770065163,-0.05901042965050227,-0.3379828147817489,9.459399951229505,75.01883427881486,68.93732037232283,48.73887646094329,20.700005886111303,6.486193216477358,72121.0,252057.84740024162, 0.0, 0.0,-7.105427357601002E-15,53.77210824717911, 149.77171450161214,149.77171450161214,0.0, 101.01508543393193, -3.849379346163092, -31.38480668064358, -3.849379346163092, 191.597834729881, -7.131365085923225, -31.38480668064358, -7.131365085923225, 177.94802596300974, 2.40853855936252, 2.798913889418951, 12.0, 0.0
18, 0 ,0.3333333432674408,0.3333333432674408,0.3333333432674408,245.35654592937436,64.42743272396957,71.1894402180084,16.51828028359903,13.708478280779511,11.001481871860886,78.0,66.0,55.0,-0.8394646481709525,0.41878146035898367,0.3462963946257829,18.438292377763503,-0.33712077960767517,-0.901147323042719,0.272549228818675,12.516950928831823,0.42620263306076855,0.11205173194796245,0.8976612528897131,9.228427673030122,87.21255929600011,63.96048991235865,52.10276091986964,22.878738466888773,7.640149857348786,88070.0,290637.4336415246, 2.8421709430404007E-14, 0.0,0.0,32.91636910460337, 110.47505401095574,110.47505401095574,1.9073486328125E-6, 272.8535835275364, -67.85340995759434, -80.64373353338995, -67.85340995759434, 187.92237677460358, 19.389312052155116, -80.64373353338995, 19.389312052155116, 121.0326033768837, 2.854322586252996, 3.250039487526174, 15.0, 0.0
19, 0 ,0.3333333432674408,0.3333333432674408,0.3333333432674408,118.29119365032078,89.80829671557309,117.45989424294332,15.837560536600078,12.507330895768918,11.827084293165845,78.0,61.0,57.0,-0.9232392223595453,-0.2431967501725143,0.29746374401340037,16.592991656273686,-0.042715878195348535,0.8343574081152573,0.5495662555808812,12.771412065817568,-0.38184380582502886,0.4946746973807315,-0.7806998473961295,10.426180245147279,79.20404674998412,59.623017781206386,60.76061009057172,22.346886436152474,6.910733635014075,93989.0,286934.9504038638, 0.0, 0.0,0.0,NaN, 189.35459701241354,189.35459701241354,0.0, 250.82832375047215, 35.47249919875175, -47.03660902376933, 35.47249919875175, 156.43332613625572, 12.89218285617803, -47.03660902376933, 12.89218285617803, 139.87992287765022, 2.4993823684396776, 2.555996048597745, 17.0, 0.0
20, 0 ,0.3333333432674408,0.3333333432674408,0.3333333432674408,272.0210042492322,281.1302431738819,117.00900332365687,15.272602188857478,12.010177100177602,15.078842640046458,62.0,50.0,72.0,-0.7189963648765436,-0.001374600487660463,0.6950124731023288,17.80768776109656,-0.45210071846636185,-0.7585868699597835,-0.4692024095066198,12.095773218169578,0.5278723024146231,-0.6515704652592214,0.5447997440760841,11.893138938813047,80.73216922854341,67.80907260655897,65.13343475285707,23.37361902970996,7.651284886472315,95076.0,356564.75079705764, 0.0, 0.0,-1.4210854715202004E-14,45.9717888369585, 121.77848243714428,121.77848243714428,1.3486991523486091E-6, 233.25237761909423, 1.8407264123621463, -86.75166161425918, 1.8407264123621463, 144.24435397763048, 1.562344985517609, -86.75166161425918, 1.562344985517609, 227.37149536328326, 2.4642943762701384, 2.731123061837011, 9.0, 0.0
21, 0 ,0.3333333432674408,0.3333333432674408,0.3333333432674408,213.70003404834864,181.67446941323345,122.33583967010934,13.140399993153238,12.456752471160247,15.2090545835905,64.0,56.0,69.0,-0.19572732171419444,0.2690836747913636,0.943018977272125,15.5782977586945,0.8804139702955797,0.4717580357785794,0.04812064615849576,13.314027890365436,-0.4319283001181594,0.8396656070359875,-0.32924096330487934,11.798704831907566,70.83408087801816,63.16018827234129,57.66648987824304,22.707750411525694,6.596529897026115,105732.0,257993.75639842625, 0.0, 0.0,0.0,NaN, 190.82629006425375,190.82629006425375,0.0, 172.67011198006162, 10.355734043715126, -17.48646113780905, 10.355734043715126, 155.1706821277569, 27.12048637692919, -17.48646113780905, 27.12048637692919, 231.3153413266352, 2.311699094713553, 2.702340927250902, 16.0, 0.0
22, 0 ,0.3333333432674408,0.3333333432674408,0.3333333432674408,89.5738971934349,283.0558765939157,162.57463743890986,16.001070643307326,11.286033944263279,19.64720936657911,89.0,49.0,98.0,0.11553970300147201,5.055570866699353E-4,0.9933027340354822,19.69237755318903,0.9392243316312311,0.3254013133232142,-0.10941499056068091,16.47125253709957,0.32327732970655115,-0.9455758719952406,-0.0371219395808241,10.503797693173462,102.30328069406715,92.0187875460581,56.49714414049049,26.140652876119372,9.27835799199673,125634.0,531854.1630486774, 0.0, 0.0,0.0,NaN, 164.91305785615563,164.91305785615563,0.0, 256.03426173211153, 49.21336773247711, 15.300579986446202, 49.21336773247711, 127.37456219106296, -5.591893554460756, 15.300579986446202, -5.591893554460756, 386.0128358941938, 4.025710784244572, 4.093926650139134, 14.0, 0.0
23, 0 ,0.3333333432674408,0.3333333432674408,0.3333333432674408,247.67401913671216,77.41613271822473,156.59071250080092,16.238196321937718,20.42980425520896,14.835604459505575,85.0,99.0,75.0,0.32393133240754635,0.9040533706130036,0.27884761962035526,21.157138137382045,0.7540924689237419,-0.4247157679671828,0.5009601428781952,16.83701578851601,0.5713256866246839,0.04800020336741312,-0.8193185828964942,13.039995649839915,111.26072124740423,86.13825158738155,70.6681856712484,28.625122331353438,9.041761603254995,187284.0,677270.0404100897, 0.0, 0.0,0.0,NaN, 171.16509462907118,171.16509462907118,0.0, 263.6790197897916, 44.95737125745076, 67.92899868054184, 44.95737125745076, 417.3769019061542, 45.83986256834483, 67.92899868054184, 45.83986256834483, 220.0951596789017, 2.9732621739963014, 3.2394778464859932, 20.0, 0.0
24, 0 ,0.3333333432674408,0.3333333432674408,0.3333333432674408,16.38289398236397,133.9730500410681,187.66759650998807,9.950716842009188,10.741566614612003,14.083888022575604,38.0,47.0,63.0,-0.014385652820208011,0.04866549701953142,0.9987115311203626,14.091837403005032,-0.23646182776415825,-0.9706489044571238,0.04389200709262628,10.779463273265725,-0.9715342798910238,0.23552573888224548,-0.02547095052412503,9.898343850666375,63.227345058376784,50.994604190349534,40.248436575579724,19.47733849951414,5.778166302018593,64527.0,129771.15989259987, 0.0, 0.0,0.0,NaN, 175.60109973000385,175.60109973000385,0.0, 99.01676566984528, 4.11136195135882, -1.6344678502375012, 4.11136195135882, 115.38125333614715, 4.1133471311368845, -1.6344678502375012, 4.1133471311368845, 198.35590183244852, 2.109826255926245, 2.5368929223675276, 6.0, 0.0
25, 0 ,0.3333333432674408,0.3333333432674408,0.3333333432674408,281.5695176227019,149.63628925281728,249.86258879535848,12.058830542208478,11.12614374548141,15.401276644943094,50.0,45.0,75.0,-0.09005809915805407,-0.09464659990659083,0.9914290493535884,15.474313575722778,0.833505654112863,-0.552031442435551,0.023013281478604198,12.702170234083978,0.5451218793425251,0.828434250673309,0.12860337854592585,10.276491701424048,76.91263689899708,64.28584587707309,55.041307381011165,21.425584694679134,6.881141727672398,80663.0,272145.9056564441, 0.0, 0.0,0.0,NaN, 158.8850582789836,158.8850582789836,0.0, 145.41539404570003, -24.50575222822187, -10.881624371408918, -24.50575222822187, 123.79107464511513, -13.267797750167535, -10.881624371408918, -13.267797750167535, 237.1993222940696, 2.2393840129703575, 2.693598930206391, 6.0, 0.0
26, 0 ,0.3333333432674408,0.3333333432674408,0.3333333432674408,22.494052392408445,68.18222066292435,287.4887897620957,13.696529701580086,17.58206572062889,6.987629020959306,54.0,83.0,28.0,0.5182339242151218,-0.85237225581248,0.06996525790519495,19.51376344474289,0.8427982222617375,0.5228865052220389,0.12759647020641984,10.897722234144332,-0.14534358033656197,-0.007158224488488463,0.9893553474243327,6.7825958552301,93.37067004004284,54.06592116642513,30.35890443030354,21.727849371144735,8.57038400015992,59856.0,153256.94960858522, 0.0, 0.0,0.0,NaN, 72.87885831417206,72.87885831417206,0.0, 187.5949258662655, -115.82024574721027, 19.96281925212699, -115.82024574721027, 309.1290350045135, -15.111070401215638, 19.96281925212699, -15.111070401215638, 48.82695933455272, 2.443106428029718, 3.271528694259016, 8.0, 0.0
27, 0 ,0.3333333432674408,0.3333333432674408,0.3333333432674408,257.48218167068603,12.899496069518598,56.399291058430364,25.762149368857695,8.908531808024758,30.037957693583557,105.0,41.0,127.0,-0.5790805065379013,-0.05681826442193717,0.8132880496945021,33.81647435694036,-0.8037332474232353,-0.12744330509559332,-0.5811807558520947,20.778695901337787,-0.13666979891076209,0.9902170917603829,-0.02813320549282485,8.367857562456619,145.39728909311225,103.66341473202613,42.78929456206267,37.81937137135365,14.663707940186649,226817.0,644936.4853282514, 0.0, 0.0,0.0,NaN, 71.79862050363931,71.79862050363931,9.5367431640625E-7, 663.6883401033349, 72.37423479441533, -336.6195226336081, 72.37423479441533, 79.36193897458887, -22.814836458607864, -336.6195226336081, -22.814836458607864, 902.2789024015157, 4.301541245439688, 3.8710226464068005, 12.0, 0.0
28, 0 ,0.3333333432674408,0.3333333432674408,0.3333333432674408,279.88947135136976,60.39526756337476,269.1702722514874,12.685171119565101,15.515574074341627,15.08610523895155,52.0,71.0,62.0,-0.40879051974612707,-0.9049149648439914,0.11840277601090639,16.297133262558887,0.3010485736748313,-0.011231668406348974,0.9535426607725317,15.342372866287064,-0.861545162631676,0.4254441867345322,0.27701475902874134,11.324849611538653,75.45883492134661,67.94019808787891,54.11341840833495,24.014789836990964,7.247554453388022,117318.0,277422.6231847599, 0.0, 0.0,0.0,NaN, 70.72830988809511,70.72830988809511,9.5367431640625E-7, 160.91356633264854, 50.444249258377035, 24.107067289631264, 50.444249258377035, 240.73303885638205, -15.86309743471576, 24.107067289631264, -15.86309743471576, 227.59057128072138, 3.190999363051424, 3.4534417940562525, 8.0, 0.0
29, 0 ,0.3333333432674408,0.3333333432674408,0.3333333432674408,200.5939885326274,200.1481617777989,284.7222664086706,19.367338784794946,12.196614855750802,9.216894955037478,88.0,69.0,36.0,-0.9923143359245834,0.10434747151343722,0.06651213353446334,19.464277178686,0.10959053607057766,0.9906895687820769,0.08077185592857103,12.112602952199486,-0.057464537954439426,0.08744017094639578,-0.9945109568941654,9.12300070099696,90.88303647181378,70.98775311165718,40.12715516294975,23.252640373473728,8.253308053052733,84239.0,258883.65423503143, 0.0, 2.8421709430404007E-14,0.0,84.0104270851879, 141.7228064070553,141.7228064070553,0.0, 375.0938116050226, -23.71835576010797, -18.949821867432338, -23.71835576010797, 148.75741393952114, 7.13191506254095, -18.949821867432338, 7.13191506254095, 84.95115261219532, 2.5993564591740586, 2.8855611311980933, 9.0, 0.0
30, 0 ,0.3333333432674408,0.3333333432674408,0.3333333432674408,177.7773636942842,229.81299911849672,243.91149183518507,10.463725269231832,15.349452483263784,17.944615600957153,59.0,72.0,99.0,-0.18319751945394747,0.4114490898079521,0.8928316276667886,18.8266843448164,-0.026121348976979875,-0.9099185714193537,0.4139636077166492,14.551825593897245,-0.9827290287732136,-0.052515139553928426,-0.17744243045023964,10.04513790734056,102.70392249634398,71.9064695526534,56.535160815446886,24.452260058324622,8.318139524680749,114577.0,417516.486200592, 0.0, 0.0,0.0,NaN, 151.69215097167663,151.69215097167663,0.0, 109.48954650996077, -16.476153202529805, -42.668692274856454, -16.476153202529805, 235.60569153597274, 51.38431468846889, -42.668692274856454, 51.38431468846889, 322.0092290661148, 2.6167186828026336, 2.724924250453913, 13.0, 0.0
31, 0 ,0.3333333432674408,0.3333333432674408,0.3333333432674408,59.66669455600179,109.29038375725122,91.98758924587239,9.562080891234652,7.78123343877017,12.290576639452082,44.0,37.0,65.0,0.12865855703719203,-0.08247573497464865,0.9882533727954078,12.348882284426058,0.9467643304877382,-0.28632728774194893,-0.14715293680536412,9.677942147088809,-0.29510045445104266,-0.9545755273600566,-0.04124662832350534,7.542002456402775,64.87976201688747,44.56781906244259,38.14703015212909,16.56137871584891,5.362834507947254,35856.0,110304.02574860101, -7.105427357601002E-15, 0.0,0.0,82.60791766177393, 154.81026773542442,154.81026773542442,0.0, 91.43339097051486, -10.98526393677751, 7.03267735044129, -10.98526393677751, 60.54759382863504, -6.243411959728446, 7.03267735044129, -6.243411959728446, 151.05827413024522, 2.210204041010664, 2.3646697956855127, 14.0, 0.0
32, 0 ,0.3333333432674408,0.3333333432674408,0.3333333432674408,153.80084964786457,15.194789041803967,94.32359307359307,12.575881764189386,9.42203604217091,12.295483645276851,57.0,37.0,52.0,0.8444402046613741,-0.07504544210573677,0.5303667809833221,12.834727340448563,-0.5127802402258868,0.17297242786684433,0.840914362127162,12.118025954553204,0.15484561984550466,0.9820635014178073,-0.10758305255781526,9.302134403416579,60.0786079914873,59.444223069747586,41.44549689694549,19.158240690232063,5.573894244892417,61908.0,148015.38791081816, 0.0, 0.0,0.0,NaN, 174.6482561837478,174.6482561837478,0.0, 158.15280214687115, -10.305589679905344, 9.01424014673926, -10.305589679905344, 88.77476317996768, 5.660880518277955, 9.01424014673926, 5.660880518277955, 151.17891807127052, 2.3715297359420306, 2.7317118567072995, 8.0, 0.0
33, 0 ,0.3333333432674408,0.3333333432674408,0.3333333432674408,69.0598666942948,267.6014297554911,249.4188423815444,20.558995683944588,14.262610477484701,10.700697683597358,96.0,69.0,64.0,0.9395405976415425,-0.31199912415670245,0.14113827230352188,21.356172566548445,0.32644138127369166,0.9405382808122139,-0.09393490788269132,13.326177980061708,-0.10343833900202049,0.13432903205285127,0.9855233235049526,10.340510907695817,96.74670113696185,68.68192588509766,61.60523152508739,25.66141402536425,9.060415128435892,115824.0,409351.3472134306, 0.0, 0.0,0.0,NaN, 91.52806153167012,91.52806153167012,0.0, 422.6723035324522, -80.65624839346403, 44.13364023800246, -80.65624839346403, 203.42205763245636, -21.618106439928916, 44.13364023800246, -21.618106439928916, 114.50493091574587, 3.0689638101646715, 3.190001286626484, 13.0, 0.0
34, 0 ,0.3333333432674408,0.3333333432674408,0.3333333432674408,211.9225438435627,37.27540610190431,280.5651259084811,17.935235726239874,13.315625137081822,11.984663980733037,81.0,63.0,48.0,-0.9138132021856393,-0.30432307112121226,0.26894776424908473,18.643746437984344,-0.4029567058543006,0.762057389428899,-0.5068475396249471,13.850970973869515,-0.05070823126750218,-0.5715382783332759,-0.819007125537719,10.157364122415146,85.80875580890435,70.99207072089101,52.325417777197174,24.02683250690143,8.082205377460987,103607.0,318752.9064649536, 0.0, 0.0,0.0,NaN, 97.59512546231095,97.59512546231095,0.0, 321.6726805557911, 40.74037597814614, -41.958688742888086, 40.74037597814614, 177.3058727912853, -54.256172871259125, -41.958688742888086, -54.256172871259125, 143.63217073107984, 3.024580156737145, 3.184970475885308, 10.0, 0.0
35, 0 ,0.3333333432674408,0.3333333432674408,0.3333333432674408,262.55437924399695,142.95620324592966,174.19561859895254,20.065910520530828,13.60128295557888,10.226603179178008,78.0,64.0,46.0,-0.9713675269362181,-0.23289398955520585,0.046962934777065035,20.42053032622873,0.21692565852936913,-0.9500299508942568,-0.2244690425770438,13.233142198783636,0.0968936854775104,-0.2078544732088171,0.9733489259672864,10.005246842651552,85.08626805189346,58.24365384019782,48.992651427556126,25.00466088197632,8.18449814084494,115899.0,242794.60442675874, 0.0, 0.0,0.0,NaN, 194.07574021498453,194.07574021498453,0.0, 402.6407650179498, 56.23062346562543, -18.108636711446195, 56.23062346562543, 184.99489803772056, 12.530306214965416, -18.108636711446195, 12.530306214965416, 104.58341258437376, 2.740196895989036, 2.837015840432162, 16.0, 0.0
36, 0 ,0.3333333432674408,0.3333333432674408,0.3333333432674408,163.06956740442655,64.58397887323943,216.51271378269618,10.94233395801276,12.920237423282554,14.908159127843176,54.0,61.0,67.0,-0.2701125977839834,0.580543540749892,0.7681200308623426,15.836537279858925,0.5616228638874443,-0.5529941191350451,0.6154488304976463,13.803590551697107,-0.782060703064189,-0.5976342539510546,0.17667584788847898,8.221033448934556,66.77579718411334,60.17851428178108,36.451309454603674,21.547575061951115,6.6800018752479335,79520.0,146478.4302435767, 2.8421709430404007E-14, 0.0,0.0,74.3290328168639, 172.89060315077836,172.89060315077836,1.9073486328125E-6, 119.7346724486792, -66.91587740350559, 4.486653261495517, -66.91587740350559, 166.932535073991, 39.85252260260446, 4.486653261495517, 39.85252260260446, 222.2532085810938, 2.498404107476309, 2.8426850166925752, 18.0, 0.0
37, 0 ,0.3333333432674408,0.3333333432674408,0.3333333432674408,271.83388457460785,91.74877896282067,41.873356470364364,15.157296560609673,18.36720735459143,11.738704603580848,66.0,87.0,47.0,-0.5607133980585246,0.8159678429567591,0.14070168619514348,21.289385845694184,0.5968035774611785,0.2804773165568247,0.7517698882148863,12.742853124235749,-0.57395642270751,-0.5054987182551276,0.6442399170147882,9.448644102212176,98.05252051713057,66.57073211032312,50.10926012460743,25.054844845663467,8.78350047319641,110357.0,327084.59140935243, 0.0, 0.0,0.0,NaN, 104.71173039072195,104.71173039072195,0.0, 229.74363902626985, -154.28419025574803, 4.084411236393892, -154.28419025574803, 337.35430600655747, 57.19984173894211, 4.084411236393892, 57.19984173894211, 137.7971857701302, 2.7076388004347733, 2.8288211605191327, 8.0, 0.0
38, 0 ,0.3333333432674408,0.3333333432674408,0.3333333432674408,221.033518101507,25.12450963409788,168.04703946362886,19.39530901168619,15.038262762174115,17.96015328226151,88.0,64.0,82.0,-0.8262465120588489,0.36150708509957713,0.4320061674714759,21.10632492430281,0.35051499413927617,-0.27041038257478656,0.8966702090954625,17.194529377364997,-0.44097158660635827,-0.8922952719916007,-0.0967119816119312,13.556019775952054,98.89203906336097,80.09711198729454,65.19994794067588,29.010174666018408,9.127115115542074,196282.0,516446.6182734732, 0.0, 0.0,0.0,NaN, 155.81569254119438,155.81569254119438,0.0, 376.1780116587956, -88.77647542251871, -58.25074878303318, -88.77647542251871, 226.14934690419264, 13.743391663770367, -58.25074878303318, 13.743391663770367, 322.5671059223289, 2.561882664395754, 2.92574740448152, 13.0, 0.0
39, 0 ,0.3333333432674408,0.3333333432674408,0.3333333432674408,15.926646429496909,273.3639358827231,271.03129974456743,10.317058703368811,15.880671459237277,16.532124162082464,41.0,66.0,66.0,-0.10100048602008738,0.3438101578143294,-0.9335917079791317,16.789114544917677,-0.25415126139792243,-0.9161711004134494,-0.30989942093694606,16.000272624507595,0.9618763112550134,-0.20597351808156186,-0.1799135117092473,9.69873519251706,78.019352578865,79.56467813083697,46.32744538434926,23.961688764898717,7.6017121183119345,108052.0,287581.5400421143, 0.0, 0.0,0.0,NaN, 42.453781605870994,42.453781605870994,0.0, 106.44170028875814, 31.186184020716436, 30.463971807791076, 31.186184020716436, 252.19572599623342, -14.303509709726494, 30.463971807791076, -14.303509709726494, 273.31112931051086, 2.704676892501526, 3.050468239832608, 7.0, 0.0
40, 0 ,0.3333333432674408,0.3333333432674408,0.3333333432674408,54.86631881152023,9.609733868027707,279.6311748086037,14.47564542070742,6.491843928243596,11.579525812089008,59.0,26.0,45.0,-0.992568430324676,0.04730869239686475,-0.1121151138183776,14.528043590294468,0.10319579671291917,-0.16100586249531879,-0.981543549610981,11.638013851452687,-0.06448673246176131,-0.9858189488267289,0.1549272780067083,6.2662866994301885,62.62749244998968,49.11094413044148,29.270890301913987,18.599953982410366,6.309950698682844,43888.0,90028.33922322874, 0.0, 0.0,0.0,NaN, 59.30892820325923,59.30892820325923,NaN, 209.5443103460477, -9.665117831668805, 9.376096030853033, -9.665117831668805, 42.14403758867324, 14.288045983451699, 9.376096030853033, 14.288045983451699, 134.0854180328356, 3.2875436604989954, 3.6299923271483596, 5.0, 0.0
41, 0 ,0.3333333432674408,0.3333333432674408,0.3333333432674408,71.12909617436367,281.93589010821523,11.467249657064471,15.711057248024028,11.26159182829159,7.443376791876947,68.0,47.0,28.0,-0.9857475282943102,0.16317433813585724,0.040938317449342045,15.824903945397073,-0.1670032198666187,-0.9784865444210955,-0.12113631553355401,11.162333770106528,0.020291254664016496,-0.12624665445384245,0.991791332500628,7.351146056723411,67.11270855891178,52.26913235286048,31.85292751065361,19.55717771344675,6.825058850167275,52488.0,111737.61850434694, 0.0, 0.0,0.0,NaN, 74.27757537414504,74.27757537414504,0.0, 246.83731985068837, -20.05882470990086, -6.497810617213087, -20.05882470990086, 126.82345050704392, 9.67518852110985, -6.497810617213087, 9.67518852110985, 55.403858065852354, 3.482613557612677, 3.1375385393425756, 5.0, 0.0
42, 0 ,0.3333333432674408,0.3333333432674408,0.3333333432674408,17.909987956424153,249.17052608529042,19.56441944490064,10.483224646932488,14.677504949529549,11.991197763505115,40.0,71.0,47.0,0.2051027106169657,0.9667333110188153,0.15283842273515966,14.867801385887915,-0.3419230538780199,0.21709271530179317,-0.9143081418152328,12.21425409567018,-0.9170722454225199,0.13526809797395997,0.375074710352758,9.94366397165556,75.59573947967166,59.40103268683232,49.22080208104136,20.658477334242196,6.507172087442545,73068.0,221024.28861408125, 0.0, 0.0,0.0,NaN, 57.333843367259156,57.333843367259156,0.0, 109.89799899805277, 20.490249494483997, 19.55844126962712, 20.490249494483997, 215.42915154346443, 8.065532568518934, 19.55844126962712, 8.065532568518934, 143.78882380349006, 2.279225365591831, 2.827181013404909, 7.0, 0.0
43, 0 ,0.3333333432674408,0.3333333432674408,0.3333333432674408,255.09954619501977,230.76388177798464,26.32251570863393,16.693952625143634,11.80112957176752,12.857033198896083,79.0,65.0,58.0,-0.9477281821633899,-0.025367680671069755,0.318068818828012,17.097303102854404,-0.255895710713802,0.655883444422022,-0.7101649756017138,13.812398786752473,-0.19060083413131826,-0.7544358078130138,-0.6280907051676302,10.007891009725553,80.4505827367177,70.82920769137473,53.493344384574044,22.85499587052218,7.804305212906969,85940.0,304818.5049275042, 0.0, 0.0,0.0,NaN, 86.61735190813289,86.61735190813289,0.0, 278.68805425054, -10.590365471383041, -41.45619178365649, -10.590365471383041, 139.26665916964583, -43.762037598793825, -41.45619178365649, -43.762037598793825, 165.30330267751603, 2.7861072480494764, 3.1227416983431198, 10.0, 0.0
44, 0 ,0.3333333432674408,0.3333333432674408,0.3333333432674408,7.315137719098566,26.111404507170498,24.164193034372865,4.665489619034137,16.57221488171191,14.687154677967587,18.0,66.0,62.0,-0.02681733516899891,-0.9014670451162822,0.4320162000478137,17.090317554640396,0.05431164462391254,-0.43284722591219704,-0.8998297196016374,14.106440926863353,-0.9981638521769255,6.675248568133769E-4,-0.060567966928782815,4.587699016278117,77.04564633127715,58.35251271497818,18.273794322969454,21.189333535623344,7.945423608695226,43930.0,82155.4534786539, 0.0, 0.0,0.0,NaN, 36.32113586038984,36.32113586038984,0.0, 21.766793385315292, 2.368944138464184, -11.83642359134671, 2.368944138464184, 274.63830608563376, -36.245494211478, -11.83642359134671, -36.245494211478, 215.7125125345452, 3.7117357815442205, 3.3927638131129525, 7.0, 0.0
45, 0 ,0.3333333432674408,0.3333333432674408,0.3333333432674408,103.34751788433424,261.5298057776486,38.91598158857138,17.579058795173808,18.79563421254276,18.66548431223321,95.0,82.0,87.0,-0.4893339099138831,-0.5731080031039628,0.6573427883430225,21.918030961573585,-0.49405166539145323,0.803304672322354,0.33258766565975806,17.12601057356932,-0.7186551861166263,-0.16201487648751106,-0.6762291795422714,15.394776997007877,108.27919758611407,89.04021905859584,80.0386158028435,30.34779751301894,9.471571374109427,230509.0,771668.5806169964, 0.0, 0.0,0.0,NaN, 116.94066409662743,116.94066409662743,0.0, 309.02330812417756, 45.9152066877012, -87.5435085880876, 45.9152066877012, 353.2758654517078, -76.65412739417656, -87.5435085880876, -76.65412739417656, 348.40030461022405, 3.5597185461640013, 3.7752455984385165, 15.0, 0.0
47, 0 ,0.3333333432674408,0.3333333432674408,0.3333333432674408,26.208476621417798,208.58893916540976,44.464756158873804,11.058414600484003,14.884050544600505,15.065005771564993,53.0,68.0,75.0,-0.09880809530372665,0.6495337350461283,0.7538851950658508,15.889704697939397,-0.1634400376243625,-0.7578970655902051,0.6315689923287113,14.123225560117445,-0.9815927436588949,0.060810895461118605,-0.18104618358148358,10.900902594649441,77.98279776724085,65.58709375283416,52.33262939963264,22.834952848220503,7.024444562187613,99450.0,267663.8715209334, -3.552713678800501E-15, 2.8421709430404007E-14,0.0,48.987567679233955, 104.97609646957096,104.97609646957096,NaN, 122.28853347619776, 1.4106739495581417, -18.279334232699977, 1.4106739495581417, 221.5349606142226, 26.84891133006272, -18.279334232699977, 26.84891133006272, 226.95439889728652, 3.036083755045455, 3.1705424271349076, 10.0, 0.0
