// Sample: .//bubblelabels.tif, Map: .//bubblelabels.tif, Thickness:(8.191250068658265):/gpfs/home/mader/Foam/NewValid/InSilicoTest/LatticeData_Phi_6.65/out_Step_06000.vtk/distmap.tif, Neighbors:(1.0):
//LACUNA_NUMBER, TRIANGLES, SCALE_X, SCALE_Y, SCALE_Z, POS_X, POS_Y, POS_Z , STD_X, STD_Y, STD_Z,PROJ_X, PROJ_Y, PROJ_Z, PCA1_X, PCA1_Y, PCA1_Z, PCA1_S, PCA2_X, PCA2_Y, PCA2_Z, PCA2_S, PCA3_X, PCA3_Y, PCA3_Z, PCA3_S,PROJ_PCA1, PROJ_PCA2, PROJ_PCA3,OBJ_RADIUS, OBJ_RADIUS_STD, VOLUME, VOLUME_BOX, Mask_Grad_X,Mask_Grad_Y,Mask_Grad_Z,Mask_Angle, Mask_Distance_Mean,Mask_Distance_COV, Mask_Distance_STD, SHAPET_XX, SHAPET_XY, SHAPET_XZ, SHAPET_YX, SHAPET_YY, SHAPET_YZ, SHAPET_ZX, SHAPET_ZY, SHAPET_ZZ, Thickness, Thickness_STD, Neighbors, Neighbors_STD
1, 0 ,1.0,1.0,1.0,182.12413873756225,34.672403543479746,20.258481059535526,11.762171699656973,18.20035533542237,13.312500485498289,50.0,81.0,56.0,0.15550644061377428,0.9845159455186133,0.08090797208696801,18.331019442658356,-0.5255457603041119,0.15180536117907104,-0.8371121705862743,14.352105364713584,-0.836432544054813,0.08765549233723263,0.5410148925021471,10.237923832363775,90.05449876663306,71.22391853508738,56.541725233474594,24.102997389202788,8.116021405847814,102611.0,362660.56411682186, 0.0, 0.0,0.0,NaN, 43.95597841244566,43.95597841244566,NaN, 138.34868309221142, 27.326864796787497, 47.41688969276517, 27.326864796787497, 331.25293433563746, 5.560951952678498, 47.41688969276517, 5.560951952678498, 177.22266917639217, 10.201251522213253, 7.048456841522977, 7.0, 0.0
2, 0 ,1.0,1.0,1.0,60.492457159595766,82.5459294403785,32.71376263242689,16.64617175679522,18.14353183604191,17.426916270068773,80.0,86.0,70.0,-0.06098768492948321,0.8222749196946149,0.5658130952250561,18.725612639420074,-0.6101654616317169,-0.47933071265040894,0.6308249973976979,17.056654396723914,-0.7899231682377066,0.3067670522583342,-0.5309570264437949,16.382983989349775,93.18697770811322,88.4830673998263,82.20263306190091,29.02912881703652,8.20304043937689,225313.0,677799.3143631163, 0.0, 0.0,0.0,NaN, 107.44002096961935,107.44002096961935,0.0, 277.09503415672685, 2.4640358394054394, -11.509056114854348, 2.4640358394054394, 329.18774748546633, 31.45379817142454, -11.509056114854348, 31.45379817142454, 303.69741068398775, 10.52112010856546, 6.718549437887943, 20.0, 0.0
3, 0 ,1.0,1.0,1.0,53.15258344238485,150.12784193042754,14.655998792044752,19.446850827192762,19.829724068118484,9.550077418754233,96.0,89.0,41.0,0.3560558377714968,0.9302990361724929,0.08813593867071136,19.89773412710219,-0.9263883795768174,0.3637784635230579,-0.09731289566055394,19.510919947222032,-0.12259204939096158,-0.046999284817253247,0.9913436622346417,9.27394855696595,101.73814914446862,108.87383973741734,43.2379289938913,27.714620673219105,9.72120071577838,139078.0,478930.23639391223, 0.0, 0.0,1.7763568394002505E-15,84.94362194845965, 74.34532653575828,74.34532653575828,0.0, 378.1800070950878, 3.351529835016199, 36.289852094754416, 3.351529835016199, 393.2179566177175, 14.979273080411252, 36.289852094754416, 14.979273080411252, 91.20397870419953, 9.929956827496405, 6.503473500283892, 11.0, 0.0
4, 0 ,1.0,1.0,1.0,167.45360623591506,184.93025569983317,82.5618957493927,17.815570318237903,8.60432919654358,17.41050921067188,73.0,35.0,79.0,-0.7644433930993209,-0.019872085467801726,0.6443845117365543,18.81119291528889,0.6424845937347247,0.059138083266296396,0.7640132419802124,16.35388053876121,0.05329020135375097,-0.9980519963041752,0.032440208275035486,8.558298317374458,86.94410381057652,79.07164319688496,36.58620852129968,24.973819153269528,8.418029137585147,102503.0,251523.3476185416, 0.0, 0.0,0.0,NaN, 90.01572957018604,90.01572957018604,9.5367431640625E-7, 317.39454576407934, 11.641745421895454, -42.90167999730439, 11.641745421895454, 74.03448092249228, 5.181253160516366, -42.90167999730439, 5.181253160516366, 303.1258309748904, 10.682803745244911, 6.808156036668451, 12.0, 0.0
5, 0 ,1.0,1.0,1.0,14.474476794189787,113.0242808906444,142.2446564520753,9.269270227228692,17.926879839987407,19.634761423304667,37.0,91.0,103.0,-0.04865740703667739,0.2388083984057557,0.9698468980160452,19.750108965956017,0.05359190698916087,-0.968974099775397,0.24128220296931185,17.838852665740646,-0.9973767413799722,-0.06371611111278656,-0.0343495697051778,9.19373585087636,96.7653122014494,94.25075419708864,39.482013673733654,26.59533113871199,9.246870233494155,125572.0,360084.0054180261, 0.0, -1.4210854715202004E-14,0.0,76.18377825053496, 105.40382299230835,105.40382299230835,0.0, 85.91937054538825, -15.686177489770277, -11.396679801795838, -15.686177489770277, 321.3730207973469, 16.127703966470143, -11.396679801795838, 16.127703966470143, 385.5238561500931, 11.300977369467155, 6.896397267103673, 16.0, 0.0
6, 0 ,1.0,1.0,1.0,57.83585812805024,148.77998390126106,184.7760752434753,18.53973358285014,22.227252145569004,8.73205553586022,92.0,94.0,38.0,0.08750232849015081,0.994955403414325,0.049062080321151315,22.27985817839967,0.9942291261274511,-0.08415793693700878,-0.06652733581281746,18.536181400032852,0.062062768780056156,-0.05460024603556079,0.9965776567153257,8.604600618424048,97.24592071741439,91.32803479473198,42.114594625011534,28.333530291712535,10.546673141599205,137899.0,374031.4577161351, 7.105427357601002E-15, 0.0,0.0,84.98006594197803, 78.74163079055042,78.74163079055042,0.0, 343.7217213230613, 14.21649856492824, -16.015834319784318, 14.21649856492824, 494.0507379427019, 22.126143937860927, -16.015834319784318, 22.126143937860927, 76.2487938813471, 9.29848145380468, 6.402818221278052, 17.0, 0.0
7, 0 ,1.0,1.0,1.0,183.15646527137906,176.19331095607916,136.64620902988023,11.072671592685394,14.681559928462297,15.210139421762126,45.0,61.0,75.0,-0.011405249350060613,0.5927211201913619,0.8053270105779138,15.769153339396802,-0.3806377939426282,0.7421721213912584,-0.5516297780686682,14.617928825694918,0.9246538758420648,0.31282937187658105,-0.21714740150771264,10.35135542658267,79.35372477501215,74.1332465261213,56.50034098919309,22.720178405185802,7.300280309581012,91164.0,332377.3380993425, 0.0, 0.0,0.0,NaN, 69.74357271945445,69.74357271945445,0.0, 122.60405619946211, -31.05218493569304, 21.069100460684055, -31.05218493569304, 215.54820193302987, 23.935093438928035, 21.069100460684055, 23.935093438928035, 231.34834122944227, 10.523555801258581, 6.756286703337924, 8.0, 0.0
8, 0 ,1.0,1.0,1.0,81.08710690294373,21.70495090171155,43.143949588460686,17.206928069054808,13.517553352362027,19.786086383283042,92.0,55.0,86.0,-0.3037767280486765,0.06909991075633296,0.9502341300066566,20.09770471683203,0.9499582062021629,0.09817212765040055,0.2965495571093694,16.90351151735921,0.07279495837769287,-0.9927675637761643,0.09546443499403127,13.440438983599112,95.39854458238,88.94852841922403,60.781211443183096,28.14743402151717,8.832541796024973,185037.0,515762.62593038153, 0.0, 0.0,0.0,NaN, 94.38021077337542,94.38021077337542,0.0, 296.0783735736262, 5.113310318294223, -34.84658840916544, 5.113310318294223, 182.7242486339539, 17.719585422277557, -34.84658840916544, 17.719585422277557, 391.48921436673857, 9.62109433027499, 6.175990713351033, 13.0, 0.0
9, 0 ,1.0,1.0,1.0,51.77871963923852,183.19329565887492,121.75457373633587,14.649449504667935,9.723648755747359,12.720760672156896,61.0,37.0,61.0,-0.9629308616440455,0.02350789498535024,0.2687220396000546,14.806840222509303,-0.2641742199306185,0.11928791143651232,-0.9570696817417024,12.576582750035978,0.05455398443289673,0.9925813684824399,0.10865583152331362,9.672668553705043,61.98695493047278,64.61350549584913,41.38981456471734,20.738826802519704,6.393319235587202,70074.0,165774.25570824544, 0.0, 0.0,0.0,NaN, 95.31971385537913,95.31971385537913,0.0, 214.6063707898156, -4.88103658294782, -16.186040181013862, -4.88103658294782, 94.54934512514717, -6.58236580270384, -16.186040181013862, -6.58236580270384, 161.81775207829355, 10.850475298237964, 6.574533488550632, 9.0, 0.0
10, 0 ,1.0,1.0,1.0,169.74618736383442,95.127165255902,16.628584949462482,16.124015766623426,15.913889351287922,10.415782668220382,66.0,78.0,41.0,0.7763097835570612,0.6184441311690531,0.12194251340752307,16.599411336216324,0.6211936543373233,-0.7834355028149246,0.018634826003174697,15.500458443960405,-0.10705869308295834,-0.06128351778154926,0.9923622154655464,10.29172573658594,81.44876332211206,72.18309836395261,44.40588781558671,23.84353387887182,7.294530792723191,111996.0,261072.16558316394, 0.0, 0.0,0.0,NaN, 101.19773014287124,101.19773014287124,1.3486991523486091E-6, 259.9838844423208, 16.054848383550382, 17.61233575996834, 16.054848383550382, 253.25187428503511, 10.830571566392685, 17.61233575996834, 10.830571566392685, 108.48852859160009, 9.576598181422503, 6.088854771674024, 13.0, 0.0
11, 0 ,1.0,1.0,1.0,88.01596563573884,179.31998625429554,79.31835051546392,16.17130926611271,11.950247399982318,18.844542539776313,82.0,54.0,88.0,0.5207624902687741,-0.11883252151057919,0.8453905964466973,20.443996486356824,0.853162328037471,0.10763518342553528,-0.5104201301933867,14.261108574839065,0.030339260814124754,-0.9870630674482709,-0.1574357968597466,11.75160541019684,90.56291747471525,73.62164876494839,59.87763035671273,26.286316939403985,8.27441729644673,145500.0,399227.5917919342, 0.0, 0.0,0.0,NaN, 120.27416141386345,120.27416141386345,0.0, 261.51124338026284, -11.323933526245563, 94.77917850001809, -11.323933526245563, 142.80841292078418, -31.70075438693445, 94.77917850001809, -31.70075438693445, 355.11678353343916, 10.164623027532986, 6.2404005472815, 14.0, 0.0
12, 0 ,1.0,1.0,1.0,155.58493338909133,181.94226656311608,181.19347631280243,18.125772827986154,11.52941056031235,11.050198575612196,79.0,52.0,49.0,-0.9946531238127873,-0.09447305932026095,-0.041713359396423656,18.193197733344395,0.04315938198449917,-0.7472176205469411,0.6631765189531997,12.828562385854296,-0.09382127176808487,0.6578302734040432,0.7472997392994197,9.381544669623526,79.945563303478,71.17832816920973,52.31617064323615,22.834637310872946,7.883982237510096,83695.0,297699.4948589604, 0.0, 0.0,0.0,NaN, 51.50208939573358,51.50208939573358,0.0, 328.5436406117612, 20.363264210957432, 12.272563159453796, 20.363264210957432, 132.92730786824194, -36.980119749766956, 12.272563159453796, -36.980119749766956, 122.10688856046183, 10.144652969179576, 6.655104775581179, 7.0, 0.0
13, 0 ,1.0,1.0,1.0,21.4766856355697,44.97026942083548,57.12038677838481,12.383771903062478,16.858796697425337,16.902844215104285,53.0,85.0,82.0,0.2881239816019913,-0.8052638668474024,-0.5182033152883002,17.30841789560228,0.03342935839022434,-0.5323637216505049,0.8458553930005074,16.84508375928038,-0.9570094300598266,-0.2610344280365981,-0.1264673007388578,11.829826638049543,88.50012850677466,83.20726744307592,62.583286604794445,25.776939387651236,7.670226267678932,149543.0,460854.17672443093, 0.0, 0.0,-7.105427357601002E-15,58.7881895749555, 75.80443089545554,75.80443089545554,0.0, 153.35780654707966, -39.59756495231723, -19.768332663495542, -39.59756495231723, 284.2190260851195, 1.8558357102418712, -19.768332663495542, 1.8558357102418712, 285.70614256008434, 11.054528855902324, 6.268189523178031, 13.0, 0.0
14, 0 ,1.0,1.0,1.0,133.27959605949795,117.25827336257043,116.90244394414586,13.185977138057403,16.998480285715704,17.7015559331434,69.0,86.0,88.0,0.2872538040942507,0.6417615343257581,0.7110748097726639,18.005560897764173,-0.2551673458378134,-0.6642658003983115,0.7025955963705406,17.391645544192073,-0.9232415055939953,0.3832663296991255,0.027056290719420794,12.226767748899627,82.13773153272544,86.88920545315403,65.5960171104593,26.70095329749373,7.951257797890696,153686.0,468151.04891396663, 0.0, 1.4210854715202004E-14,-1.4210854715202004E-14,88.42369059655954, 134.91852894018191,134.91852894018191,0.0, 173.8699930853725, 58.13603056628644, 8.259978031310695, 58.13603056628644, 288.9483320238655, 8.33036381013875, 8.259978031310695, 8.33036381013875, 313.34508245420426, 9.286127944261764, 6.199087741964821, 29.0, 0.0
15, 0 ,1.0,1.0,1.0,78.17242383838837,91.68435087562044,159.57364623365564,14.095193727622343,17.202426253667543,18.300455602426656,75.0,83.0,84.0,-0.053958024783362424,0.07437911337781664,-0.9957691896491913,18.322766979276608,0.23057183116477495,0.9712006178848354,0.060049900028533235,17.358273215203592,-0.9715581105805251,0.2263561514809002,0.06955379538138245,13.873398707524414,87.56478921655635,83.3357188962888,76.14238945337124,27.577054409941898,8.307267935944012,178502.0,555631.9290614893, 0.0, 0.0,0.0,NaN, 127.08752150818796,127.08752150818796,0.0, 198.67448621920423, 23.79743671639604, 9.203881840093967, 23.79743671639604, 295.9234690128703, -4.262408693522666, 9.203881840093967, -4.262408693522666, 334.9066752563891, 10.013905371948665, 6.305064679137406, 22.0, 0.0
16, 0 ,1.0,1.0,1.0,119.1554562098182,50.58903223059565,14.54516966832716,16.647411363847173,18.485155501926236,9.478211753354264,77.0,94.0,39.0,-0.531780572516113,0.8456964535385496,0.04479878532677879,19.641193120464347,-0.8451421287510458,-0.5265556740159077,-0.0920538123697397,15.326556583861718,-0.05426052805295597,-0.08681376984080598,0.9947457788105669,9.380510283309423,97.79935125733543,72.65077339743178,43.5047054808415,25.276624691874122,8.35260565782258,117435.0,309109.5684130922, 0.0, -7.105427357601002E-15,0.0,32.25336793644436, 96.47099254880347,96.47099254880347,0.0, 277.13630511714797, -68.54343570827908, 4.335226998211957, -68.54343570827908, 341.70097393039384, 18.402750274899347, 4.335226998211957, 18.402750274899347, 89.83649804142291, 9.500194614928471, 5.892202219880827, 9.0, 0.0
17, 0 ,1.0,1.0,1.0,49.98448708645118,12.757420383302204,119.42773528117156,16.559996978757862,8.260128706758884,15.550438910156434,77.0,33.0,72.0,-0.8986806014177834,0.12263674814568415,0.42110972992751355,16.992790756410848,-0.4137146159780611,0.08180898907829942,-0.9067235002094698,15.225114715595216,0.14564818282936728,0.9890740706894701,0.022783536342377102,7.9825009046665905,79.15371982846442,76.04678078535134,37.842101448717145,22.882321495472798,7.789655927274138,84059.0,227786.19978261628, 0.0, 0.0,0.0,NaN, 95.671785632196,95.671785632196,0.0, 274.2334999364695, -30.49024285109418, -22.1104133191372, -30.49024285109418, 68.2297262522222, -0.8465607475894651, -22.1104133191372, -0.8465607475894651, 241.8161502985072, 8.61337119016421, 5.657603296535058, 8.0, 0.0
18, 0 ,1.0,1.0,1.0,186.35759944990576,27.95918861101207,171.9242347068711,8.058833268315816,15.454327796380097,15.129344873674592,32.0,72.0,59.0,0.009504740649516603,0.7687595832061973,0.6394672494614708,16.17050479949598,-0.04245002698920393,-0.6386094322744695,0.7683592832905028,14.370855687931076,-0.9990533795117261,0.03444845771167615,-0.026564048025208366,8.041852952970492,80.6225615360417,73.6394633290655,33.72827558209261,21.944028510509202,7.151064978093116,78532.0,200244.84510972069, -2.8421709430404007E-14, -3.552713678800501E-15,-2.8421709430404007E-14,77.40937304006232, 41.905607230419896,41.905607230419896,0.0, 64.94479364651377, 5.283503619377499, -3.430477808702932, 5.283503619377499, 238.8362476379665, 27.149788267656085, -3.430477808702932, 27.149788267656085, 228.89707630658364, 8.736589813732746, 5.648334090647355, 9.0, 0.0
19, 0 ,1.0,1.0,1.0,22.07964234447692,172.86940730876324,44.20039432040262,15.057441336884116,14.401232999907075,14.247629036904566,65.0,63.0,74.0,0.6756491890745191,0.533754779143955,0.5085312272062872,17.227369222852776,0.13943324015474395,-0.7698620181099034,0.6227927782269927,13.138728203156925,-0.723917498643937,0.34988327884129383,0.5945798065393502,12.950233803589757,85.71528712616666,64.36862028678561,72.44995396599006,24.076021581426065,7.580380565331251,115642.0,399733.54808490945, 0.0, 0.0,0.0,NaN, 56.367140462479455,56.367140462479455,NaN, 226.72653961370654, 46.02009441799977, 44.7753010870535, 46.02009441799977, 207.3955119176125, 32.67677275580379, 44.7753010870535, 32.67677275580379, 202.99493317324612, 10.095330011530278, 5.950209236916576, 9.0, 0.0
20, 0 ,1.0,1.0,1.0,110.096713410878,71.06037612783999,63.4639344856325,12.805334601801292,14.60225424177362,16.924953188677943,61.0,72.0,80.0,-0.1494485164163914,0.25601671079583427,0.9550500430523116,17.184167313096165,-0.04233700817853527,-0.9666685928975838,0.25250625585101094,14.403806955207191,-0.9878627023425015,0.002697276160825006,-0.15530616865366936,12.684289597650594,77.46335049988485,71.41715544405713,60.26771667137507,24.767834702643697,7.085959905825188,137985.0,333413.79405256244, 0.0, 0.0,-7.105427357601002E-15,17.244183599987334, 130.99560670248658,130.99560670248658,0.0, 163.97659426408944, -3.236226542203942, -19.68159006928739, -3.236226542203942, 213.2258289413957, 21.493727302244455, -19.68159006928739, 21.493727302244455, 286.4540404389396, 9.005930649859277, 5.686241424910709, 11.0, 0.0
21, 0 ,1.0,1.0,1.0,140.97224016475042,40.54798507519397,86.45284323634236,15.21682910358047,12.913542456028102,16.821588472866935,73.0,66.0,88.0,-0.3681875456124653,0.05657423004079011,0.9280287106286961,17.151234078838932,0.8824619970537088,0.3355428752419098,0.32965406509001577,15.122873048949243,0.2927434969591111,-0.9403245904312431,0.17346731570663998,12.586150555270754,79.68278808111897,72.52737823195639,65.71620038727906,24.98499929012618,7.551630019684544,131593.0,379785.9947439191, 0.0, 0.0,1.4210854715202004E-14,21.87041714145797, 112.26089982034547,112.26089982034547,0.0, 231.55188796757358, 17.985430756040834, -25.93757847041739, 17.985430756040834, 166.75957876364032, 14.902411384983239, -25.93757847041739, 14.902411384983239, 282.96583875048975, 8.832445810430947, 5.678161834757801, 13.0, 0.0
22, 0 ,1.0,1.0,1.0,54.95335918335048,75.92075650866504,93.06010920313365,14.372398519197574,14.858266435640823,14.445758380723255,70.0,75.0,63.0,-0.16389911039602548,0.7689408805118316,0.6179538849211001,16.22011781314463,-0.8804582507269632,0.16848676722655695,-0.4431765765429847,14.755413797784485,0.4448936393546299,0.6167188431913143,-0.6494055113059631,12.457905026336451,76.29061365692493,71.6356016398839,64.76037364879261,24.24405521259956,6.945476420647029,126370.0,353923.4728462123, 0.0, 0.0,0.0,NaN, 132.0757997487863,132.0757997487863,0.0, 206.56583919463262, -22.87258100132903, 13.468705259501988, -22.87258100132903, 220.76808147249068, 46.5988916163658, 13.468705259501988, 46.5988916163658, 208.67993519423615, 8.67410469795812, 5.610139978512385, 11.0, 0.0
23, 0 ,1.0,1.0,1.0,117.6411184113173,150.92277072420018,159.83533842374737,16.33515065935161,12.749088495132494,15.55637259988567,77.0,65.0,76.0,-0.9379171497636821,-0.3466565015493183,-0.01186128630287535,16.834079525375444,0.003523261610879652,-0.043715899399713654,0.9990377904600485,15.561705849782843,0.346841472155209,-0.9369728865198087,-0.04222325330840565,12.075769564093148,84.95102079870533,76.69822845764587,62.43538238530559,24.849796897543474,7.339259304436858,135156.0,406803.5279929668, 0.0, 0.0,0.0,NaN, 103.94594676784173,103.94594676784173,0.0, 266.8371470637153, 44.7114001152547, 1.8694774204908713, 44.7114001152547, 162.53925745671972, -3.6420191299899627, 1.8694774204908713, -3.6420191299899627, 242.00072846647362, 9.19577122050931, 5.776488848560852, 15.0, 0.0
24, 0 ,1.0,1.0,1.0,183.58266693611247,20.246427437281678,115.02765668754871,10.29437390819529,11.44961548853014,15.265179597968904,42.0,44.0,69.0,-0.22598077471362518,-0.3074122096321807,0.924354057073852,15.891779312830021,-0.2517909734194574,-0.8982212076082298,-0.3602776261541861,11.004857011413746,-0.9410281585395369,0.31415982488515876,-0.12557710485520274,9.820285616305304,77.35954885149661,54.21632524008402,47.88500677881282,20.61865745742902,6.70555753150716,69278.0,200836.92325437826, 0.0, 0.0,0.0,NaN, 88.8805140450527,88.8805140450527,0.0, 105.97413416173197, 16.424098704735837, -30.37153771543097, 16.424098704735837, 131.09369483518927, -36.37697616804573, -30.37153771543097, -36.37697616804573, 233.02570815824606, 9.204834614507977, 5.821347065893581, 7.0, 0.0
25, 0 ,1.0,1.0,1.0,174.6430743710257,61.51020972392275,113.97111852758798,14.383724228935694,11.89281224136165,14.933404877665946,61.0,54.0,70.0,-0.6074479233694381,-0.04397022852224737,0.7931416263176828,15.772427293636474,-0.7562734964211868,0.33747157827821783,-0.5605027497392694,13.684520975508327,0.2430173224381975,0.9403082222644398,0.2382499278842687,11.63191772153132,78.53076802838251,73.45850684235285,58.85973777771696,22.88874565909714,6.887845025535994,101276.0,339547.2865622931, 0.0, 0.0,0.0,NaN, 108.75407130323265,108.75407130323265,1.3486991523486091E-6, 206.89152269407174, -10.231762104542202, -32.64052695075553, -10.231762104542202, 141.43898300828153, -13.786451247655135, -32.64052695075553, -13.786451247655135, 223.00658124029707, 9.542928021921286, 5.668151126493709, 11.0, 0.0
26, 0 ,1.0,1.0,1.0,11.385777750914201,24.688461422224908,170.59335428692316,7.108382709736952,14.042829627100618,15.9592424142041,28.0,52.0,60.0,0.03174467376982866,-0.29256874612408446,0.9557174292010314,16.14721278592251,0.04029025793664975,-0.9550475698184181,-0.293701948409153,13.842254356295998,-0.9986836189718172,-0.04782957427487289,0.01853000329301178,7.0772240815830045,71.98262768544907,65.13803367722902,28.911691557735317,21.265163384722346,7.08663625003405,66178.0,135561.3367372414, 0.0, 0.0,0.0,NaN, 40.04880615554377,40.04880615554377,0.0, 50.52910474808725, -7.4019677250657505, 4.716093944435484, -7.4019677250657505, 197.20106393577487, -19.202677848628184, 4.716093944435484, -19.202677848628184, 254.69741843533112, 8.587067042686243, 5.213285370666354, 6.0, 0.0
27, 0 ,1.0,1.0,1.0,98.12388770183648,184.53793308630623,141.8247775403673,13.053553626610297,9.357879229949685,15.039973532718124,61.0,38.0,63.0,-0.34586656399591365,0.024984001895505554,0.9379510219403495,15.349129673034373,0.90084497983661,0.2884042182092875,0.32450166289599763,12.978567180579986,0.26240168104042055,-0.9571827446043807,0.12225608867776856,8.95136760777503,70.60835646423035,64.75812764791138,42.69442706588721,21.023623130942173,6.494092721703494,73946.0,195218.7717853177, 0.0, 0.0,0.0,NaN, 115.11615594343789,115.11615594343789,1.9073486328125E-6, 170.39526228279084, 21.601790428101, -24.617893963803144, 21.601790428101, 87.5699036823237, 11.908527831110199, -24.617893963803144, 11.908527831110199, 226.20080386486168, 9.39303516866645, 5.630963919690852, 7.0, 0.0
28, 0 ,1.0,1.0,1.0,175.28030719827538,150.0091957378485,92.52694160313486,14.616730930314318,10.939461679705547,13.81335949296952,62.0,51.0,66.0,-0.8039598374796106,-0.08932919318112763,0.5879361146973086,15.41682032476064,-0.5920194906985715,0.21370123272366448,-0.7770744531673851,13.046585929009213,0.056227238530468154,0.9728062902644056,0.2246918317813152,10.781363183011258,74.94636059592189,66.29099860267925,52.59142746687505,21.90756776802279,6.647407005922481,89063.0,261288.3632481026, 0.0, 0.0,0.0,NaN, 108.03415499469746,108.03415499469746,NaN, 213.6488230892073, 1.892766113926302, -32.57104630567435, 1.892766113926302, 119.6718218417461, -15.341326534845724, -32.57104630567435, -15.341326534845724, 190.80890048201113, 9.417973493860282, 5.546042943392797, 8.0, 0.0
29, 0 ,1.0,1.0,1.0,20.203478693480797,75.49608694820229,175.23019077323434,11.789218466924972,15.4834774298281,14.242718545708367,49.0,73.0,59.0,-0.012170633395081952,0.8191942407324848,0.5733870173220615,16.58656718588115,-0.07164385443187847,-0.5726701181077357,0.8166493090357796,12.947859293420796,-0.9973560215915409,0.031140516649529305,-0.06565999099827889,11.782084096592316,83.60937443562622,66.77591753782785,51.330275344214805,23.035631731121455,7.1371176045635965,104522.0,286581.68518870574, 0.0, 0.0,0.0,NaN, 81.98404201391156,81.98404201391156,0.0, 138.98567206088478, -0.17606606469824057, -2.637901086519203, -0.17606606469824057, 239.73807331999623, 50.5379168789941, -2.637901086519203, 50.5379168789941, 202.85503157226506, 8.502301379779649, 5.154836263946349, 8.0, 0.0
30, 0 ,1.0,1.0,1.0,89.64252881920041,32.67216796322775,105.62146878963398,13.198886493958014,15.947531975361493,14.016162423817246,67.0,69.0,60.0,-0.3859057627084603,0.8722756985948731,0.30035287238384706,16.70625767256537,-0.11894935937815897,-0.3699012814371227,0.9214250332472522,13.806477617944465,-0.9148375769566568,-0.3198564484765007,-0.24650367168882598,12.460711064760329,80.54690650339829,69.28167048396935,65.7206420971276,24.004510455785415,6.983599906528517,123789.0,366749.0638901288, 0.0, 0.0,0.0,NaN, 134.20343023166203,134.20343023166203,0.0, 174.2106046803873, -40.127732637465485, -18.227252700885522, -40.127732637465485, 254.32377610517722, 20.393818888761704, -18.227252700885522, 20.393818888761704, 196.45280909082655, 8.195668020952388, 5.168120448777956, 8.0, 0.0
31, 0 ,1.0,1.0,1.0,104.96971465851732,162.10995890991083,18.335187537913907,11.29112875597008,17.99155319236717,11.11627322104287,53.0,83.0,44.0,-0.07356005276147462,0.9965572374018196,-0.03824383897810166,18.034223489831927,-0.7246994062973497,-0.027069968657114547,0.6885332143834251,12.418120765771603,0.6851274984628757,0.07836382698003415,0.7241957066090942,9.762897364412533,83.47619985871833,66.32937667029614,53.28057692502374,22.686939134057273,7.74983212141377,87369.0,295010.5212771407, 0.0, 0.0,0.0,NaN, 103.93550619467217,103.93550619467217,0.0, 127.48958858389443, -15.699241707291824, -28.74087026032909, -15.699241707291824, 323.6959862737773, -9.860444169862678, -28.74087026032909, -9.860444169862678, 123.57153032487484, 8.086470205465876, 5.258591666529693, 11.0, 0.0
32, 0 ,1.0,1.0,1.0,153.64471290047678,89.23394062233687,68.66028283851948,10.665052733734989,12.601484176029816,14.995789722996436,51.0,61.0,69.0,-0.08811281623999159,-0.26181819285070157,0.9610865546383689,15.224063413789127,0.2843879042036809,-0.9312939453969666,-0.2276293197494334,12.51871377072268,-0.9546515864737753,-0.25326433061002607,-0.15651685942338595,10.436673865176068,69.02660992233794,64.29635166295238,48.204211141274385,21.426031588147666,6.191900600950666,86834.0,213937.96246453043, 0.0, 0.0,0.0,NaN, 121.76100870367107,121.76100870367107,NaN, 113.74334981334815, -9.824143743927415, -13.497208629670766, -9.824143743927415, 158.79740343872984, -20.78037388098793, -13.497208629670766, -20.78037388098793, 224.87370941632554, 8.1003810480214, 5.0875262577168465, 8.0, 0.0
33, 0 ,1.0,1.0,1.0,152.77579957356076,49.68883262260128,157.78929904051174,12.229765528104585,11.490945170814383,12.345177450258902,55.0,56.0,56.0,-0.7249063359102934,0.19673352203083294,-0.6601565916253938,12.768634506125878,0.4714267267192879,-0.5570793287259419,-0.6836808194186761,12.195600221174754,-0.5022625264658424,-0.8068200188490608,0.31108489467113576,11.056296855806306,59.29350062564694,59.71720267241687,55.86303342518483,20.07512526115491,5.567920421342948,75040.0,197802.17466517226, 0.0, 0.0,0.0,NaN, 80.50371711172555,80.50371711172555,0.0, 149.56716487241522, -12.7752142851461, 10.984970243304543, -12.7752142851461, 132.04182091866238, 4.7910465431229134, 10.984970243304543, 4.7910465431229134, 152.40340627838088, 8.28260263504544, 5.038865783059123, 13.0, 0.0
34, 0 ,1.0,1.0,1.0,120.90975999570222,79.29822582161516,178.479175900184,12.317618089479383,11.971395107210956,12.851580205309139,59.0,55.0,53.0,0.3629467015536689,0.4560576524299388,-0.8125768329772916,13.917736977339283,0.8098201576311682,-0.585751431733083,0.032963199433213464,12.528266927255343,0.46093492395949126,0.6700049834760461,0.5819212300575749,10.46614805999612,67.17757553392964,59.87105187479553,57.8955675657123,20.555126023534672,6.139049123550729,74457.0,232855.515930971, 0.0, 0.0,0.0,NaN, 114.04657185697656,114.04657185697656,1.9073486328125E-6, 151.72371539826972, -8.56144110969509, -23.555802908077965, -8.56144110969509, 143.31430081295443, -32.10488068097748, -23.555802908077965, -32.10488068097748, 165.1631137734937, 8.511619681077251, 5.089284891249001, 10.0, 0.0
35, 0 ,1.0,1.0,1.0,48.5821443537605,31.182288029054337,11.02566200387125,12.644088308181558,13.238534326321126,7.5007113567406485,59.0,59.0,30.0,-0.6089962428776386,0.7893429264719974,0.0778544834260912,14.014194801913193,0.7839456045459163,0.6139334992726502,-0.09227647362126924,11.845777871262499,0.12063525717657343,-0.004837654334726618,0.9926851121208979,7.394073423367618,70.38914252529077,59.02192470570695,33.023192344390246,18.79699382094079,6.169720772199396,50113.0,137194.94077418867, 0.0, 0.0,0.0,NaN, 58.771804969391056,58.771804969391056,0.0, 159.8729691450936, -26.905750776676935, -12.915543624187919, -26.905750776676935, 175.25879110918274, 3.85735393200644, -12.915543624187919, 3.85735393200644, 56.26067085713814, 8.139161355542958, 4.879778826522503, 2.0, 0.0
36, 0 ,1.0,1.0,1.0,11.370510212611808,173.20826483127595,137.31851366790204,7.142624286617861,14.445018215578882,16.42473147367905,30.0,54.0,74.0,0.034613721448914885,0.17282065763761423,0.9843449144386123,16.49070241128526,-0.01901939832361943,-0.9846428377353179,0.17354176610818203,14.38084282098358,-0.9992197720095735,0.0247285743673586,0.03079520798587975,7.120079400628026,79.61845173462844,62.230556690784255,31.451468749350557,21.84020326116983,7.242441469654898,71774.0,155832.61027511983, 0.0, 0.0,0.0,NaN, 69.10900306506481,69.10900306506481,0.0, 51.0170816997833, 4.247075728563003, 7.023041296701497, 4.247075728563003, 208.6585512484057, 10.9615021831331, 7.023041296701497, 10.9615021831331, 269.7718039824631, 9.737931787716471, 5.975683917917495, 8.0, 0.0
37, 0 ,1.0,1.0,1.0,46.40121210499559,22.822144328793513,167.02437588633506,12.015468589827305,13.223729079419574,11.491404841873415,52.0,52.0,54.0,0.33354998960564275,-0.9335693471965743,0.13112085421106015,13.381122536066945,0.7732078772488102,0.3504835298449228,0.5284986980758155,12.142631877045789,-0.5393458843770522,-0.07489705790219932,0.8387469509471436,11.171075696286284,63.05619761819113,64.4574809662078,61.90758924592497,20.407862470359355,5.900002612686623,74746.0,251619.90847880093, 0.0, 0.0,0.0,NaN, 61.32955684058699,61.32955684058699,6.743495761743046E-7, 144.37148543312657, -10.758372170767418, 11.629063649488899, -10.758372170767418, 174.86701076588685, -2.4466051289305453, 11.629063649488899, -2.4466051289305453, 132.05238523983175, 8.001062580550853, 4.896863211314517, 6.0, 0.0
38, 0 ,1.0,1.0,1.0,114.55116020076584,154.84103495095272,61.54762086378129,10.107173849421079,12.35948595513674,13.912899024691615,51.0,55.0,60.0,0.15962798794772132,-0.4349908041424528,0.8861726162409128,14.623357084780233,-0.414648532952588,-0.8441996290113556,-0.33969630627570285,12.052553236104798,0.8958713633016898,-0.3132251373829876,-0.31512618699083034,9.45378250388574,62.5988691010511,56.137967136308504,48.606506605679215,20.292959435836774,6.056105423821164,65549.0,170811.68559900098, -1.4210854715202004E-14, 0.0,0.0,80.81469602126123, 114.58161275408906,114.58161275408906,0.0, 102.15496322242132, 10.921403671939757, 25.47943604682478, 10.921403671939757, 152.75689307522237, -31.95209371004007, 25.47943604682478, -31.95209371004007, 193.56875927126492, 7.992498055376645, 5.019298028879652, 9.0, 0.0
39, 0 ,1.0,1.0,1.0,35.14699051575081,53.93318054859271,127.96128543804545,14.360042988336197,13.31200542231538,12.367474913839288,71.0,64.0,60.0,-0.8781212516483785,-0.3331440744782542,-0.3433920398662628,14.623238387883873,-0.4534375324643446,0.808476260421419,0.3751806771245621,13.617368953275216,0.15263509280677195,0.4851609650157625,-0.8610002128157939,11.709095634444088,70.91091393291542,63.99972003361769,54.11088808737029,22.243851032350047,6.448709172047868,97741.0,245570.28754610155, 0.0, 0.0,0.0,NaN, 96.61094814843779,96.61094814843779,1.3486991523486091E-6, 206.21083462686357, 4.731074933327549, 14.917099396482731, 4.731074933327549, 177.20948836375408, 23.438169807918616, 14.917099396482731, 23.438169807918616, 152.9544357444441, 8.319799536811209, 4.944357063376115, 6.0, 0.0
40, 0 ,1.0,1.0,1.0,58.819916206381656,144.2849852853767,86.50471882746923,12.020375984215077,12.150998253969394,10.929385794279126,62.0,57.0,50.0,0.6568556106501269,-0.7123354723030754,0.24722233243824127,12.836989952537103,0.7175496785750572,0.6912652456409495,0.08529254918098006,11.419623803609934,-0.2316531146656159,0.12136941570145712,0.9651975442353787,10.78849166253277,57.14333057431571,51.90446627851182,49.29705959301725,19.544217374728834,5.4416209367603665,68979.0,146214.78665974725, 0.0, 0.0,0.0,NaN, 118.52009022353957,118.52009022353957,0.0, 144.48943880189458, -15.692615329086408, 8.716937289244868, -15.692615329086408, 147.64675856796728, -7.696527388196233, 8.716937289244868, -7.696527388196233, 119.45147384019037, 7.445880571908249, 4.684916797903387, 11.0, 0.0
41, 0 ,1.0,1.0,1.0,130.76643699437818,119.96280680104209,183.5195564239682,15.525961104050038,10.193148136628588,9.468339506214043,72.0,50.0,38.0,-0.9840530776261937,-0.08459541765662205,0.15647094211360252,15.699205605150611,-0.009083428935326777,-0.8546206105530525,-0.519173480964412,10.618289026488641,0.17764298954136531,-0.5123155544480662,0.8402236255529696,8.682860799403713,72.37453910690515,55.1623131551018,44.62058388520121,19.769699133980026,6.615450573965857,58344.0,178140.85379607775, 0.0, 0.0,0.0,NaN, 107.10202408023616,107.10202408023616,1.3486991523486091E-6, 241.05546820447466, 14.531197180135068, -26.164918493942686, 14.531197180135068, 103.90026893525486, 14.310270763746235, -26.164918493942686, 14.310270763746235, 89.6494530049336, 7.686655939567258, 4.967717114827972, 6.0, 0.0
42, 0 ,1.0,1.0,1.0,125.17354067589748,10.5188965110896,43.10268928075418,9.41538888147182,7.115994598666774,18.654143821012685,44.0,29.0,83.0,-0.12824973646566187,0.014721705332866415,0.9916326318191533,18.775216711017507,0.9323701082009428,0.3425577622729802,0.11549961402485426,9.451901584232745,0.3379911040691017,-0.939381419285383,0.05765902072988362,6.739198951576587,86.11308103049112,48.77924048309305,33.564500135749675,20.4129575239717,8.400903150087222,47522.0,140988.71285855226, 0.0, 0.0,0.0,NaN, 86.99131003741593,86.99131003741593,9.5367431640625E-7, 88.64954778934316, 13.44835361460042, -34.32506793692267, 13.44835361460042, 50.63737912825469, 6.220861601487212, -34.32506793692267, 6.220861601487212, 347.9770816950257, 8.303103128856623, 4.600778504308362, 4.0, 0.0
43, 0 ,1.0,1.0,1.0,171.22322858464713,103.94796967863626,120.80454820456244,8.29773615554559,12.626905085680848,16.922344032703172,43.0,53.0,73.0,-0.13972554799878606,-0.02663101770741191,0.9898320868371093,17.050907994451972,-0.18638397935751036,-0.9810622686468757,-0.052705192119031,12.771601117452805,0.9724905055964805,-0.19185310509166215,0.13211586805296927,7.798052729522813,71.2129113689187,54.93696476390886,40.1495674456998,21.578417765387236,7.002054816506112,56198.0,157073.98903667298, 0.0, 0.0,-1.4210854715202004E-14,8.177531420146524, 127.77329410730212,127.77329410730212,0.0, 68.85242530704849, 19.562310409294188, -30.794602249657217, 19.562310409294188, 159.43873204279285, -0.7709972071934277, -30.794602249657217, -0.7709972071934277, 286.36572756116465, 9.318490130481798, 5.510564937042597, 9.0, 0.0
44, 0 ,1.0,1.0,1.0,48.54968859016274,183.37137221237967,164.56892111559605,15.075428799576098,9.916480035598648,9.133750199577113,62.0,43.0,41.0,-0.9939538226935054,0.034763374113566885,0.10415040169489458,15.127328796580576,-0.0894293140579183,-0.8066543597994038,-0.5842184023152166,10.806130931124118,0.06370397271833163,-0.5900002132515327,0.8048860492163149,7.963791827724808,63.119263490651676,52.5785371742613,41.12724249629494,19.25956781865899,6.172484907576069,54751.0,136489.74224783012, 0.0, 0.0,0.0,NaN, 62.361405333858954,62.361405333858954,6.743495761743046E-7, 227.26855349108843, -1.8669580117948412, -14.336418510985782, -1.8669580117948412, 98.33657629642656, 25.740975086419635, -14.336418510985782, 25.740975086419635, 83.42539270827494, 8.658445217450854, 5.207306035148271, 5.0, 0.0
46, 0 ,1.0,1.0,1.0,118.31321069585128,116.06327861217837,51.238871424690494,12.358218677067478,8.716480795576349,11.069753377603789,57.0,38.0,55.0,-0.9892288629120233,-0.06860010278802324,-0.12930693206188998,12.395278561945329,0.1275148883731667,0.02990709287579582,-0.9913856560586791,11.046766698351101,0.0718763523348564,-0.9971958642579659,-0.020837425029125233,8.692989189848388,56.8662459055015,56.70021172783703,38.456980312699926,18.00291672883659,5.209321973671346,51534.0,123997.92545566757, 0.0, 0.0,0.0,NaN, 127.84180337054521,127.84180337054521,0.0, 152.72556887021946, 5.47544572361614, 4.113194712889946, 5.47544572361614, 75.9770374596513, -0.6850421026102153, 4.113194712889946, -0.6850421026102153, 122.53943984097047, 6.930305083863957, 4.3123268559189025, 9.0, 0.0
47, 0 ,1.0,1.0,1.0,159.65331104953748,51.53806570787703,42.45275688671915,12.38542215777679,12.569613761250178,10.825986499343434,61.0,58.0,56.0,-0.7885668892699623,-0.4363821392578078,-0.4332815362831359,13.767423776542584,-0.23738515389816614,0.8659817288431673,-0.4401408115802753,12.487605216685328,0.5672834827983617,-0.24422586645680805,-0.7864751593646063,9.116666843020411,61.84271089152594,57.95319633768921,47.014042500524454,19.862846524589617,5.836367342614374,68211.0,168497.51809839913, 0.0, 0.0,0.0,NaN, 78.01451206959962,78.01451206959962,0.0, 153.39868202634824, 21.652683260176264, 43.97267002180296, 21.652683260176264, 157.99519010700985, -7.635089402828257, 43.97267002180296, -7.635089402828257, 117.20198368396632, 7.5956803651397165, 4.40054023561866, 4.0, 0.0
48, 0 ,1.0,1.0,1.0,8.429766210281581,118.68338284680961,67.36192198398346,5.973049460926879,10.017284482400717,13.319326876086777,24.0,47.0,55.0,-0.04477309543156421,-0.14490366264438886,0.9884322427347852,13.395799922458538,0.07216216589125453,-0.987308863978909,-0.1414702404131682,9.946107191151286,-0.996387470685656,-0.06499335089774745,-0.054661436129351704,5.920749350855946,58.1312685791673,49.308195127620536,25.51314104916899,16.70492804279307,5.862862422159828,30968.0,73129.53913913896, 0.0, 0.0,0.0,NaN, 105.92960736722675,105.92960736722675,0.0, 35.677319862678885, -3.6137026061802415, -7.04213445120243, -3.6137026061802415, 100.3459884013462, -11.759924920790505, -7.04213445120243, -11.759924920790505, 177.40446843204754, 7.328389959760613, 4.5539705109752155, 8.0, 0.0
49, 0 ,1.0,1.0,1.0,50.06187853208384,140.00611631733315,49.4226518348952,11.02161341013797,13.510983514059843,9.096080905459548,53.0,59.0,39.0,-0.44061415060222225,-0.8954152768431203,0.06395820733135453,14.251554434405534,-0.8646321189446267,0.404148214901907,-0.2984552215675367,10.173392775056511,0.24139276952387767,-0.18680391427258689,-0.9522782305786645,8.953021901347036,66.78705038850966,50.29863666243406,42.33516127749586,18.803345755280603,5.761554818425869,55916.0,142216.40488120716, 0.0, 0.0,0.0,NaN, 92.45569899083424,92.45569899083424,0.0, 121.47596216253315, 40.35148861760559, 2.5584738652852974, 40.35148861760559, 182.5466755171969, -9.856687655188816, 2.5584738652852974, -9.856687655188816, 82.7386878386658, 7.328648947488981, 4.326766154061579, 5.0, 0.0
50, 0 ,1.0,1.0,1.0,141.53322061253508,147.43132997732775,17.429331744994812,8.663002534393412,13.966848607835589,10.24013972347352,37.0,61.0,40.0,-0.02718505226617954,-0.980311387172383,0.19557749643924544,14.100672786171835,0.23187131500315025,-0.19649755627420273,-0.952693236911534,10.137945798293247,-0.9723665287390323,-0.019449795845315938,-0.2326478867937136,8.565863439814297,65.19360936101572,47.45551791283576,41.12896388474945,18.512316056949665,5.681116854014408,52046.0,127244.64438505401, 0.0, 0.0,0.0,NaN, 80.5332910352742,80.5332910352742,NaN, 75.04761291090666, 2.0036454380586592, -7.16241045588699, 2.0036454380586592, 195.07286003419892, -18.54861215738755, -7.16241045588699, -18.54861215738755, 104.86046155626035, 7.885207820796666, 4.463820356100051, 5.0, 0.0
