// Sample: .//bubblelabels.tif, Map: .//bubblelabels.tif, Thickness:(8.191250068658265):/afs/psi.ch/project/tipl/test/LabelValidation/Step4900//distmap.tif, Neighbors:(1.0):
//LACUNA_NUMBER, TRIANGLES, SCALE_X, SCALE_Y, SCALE_Z, POS_X, POS_Y, POS_Z , STD_X, STD_Y, STD_Z,PROJ_X, PROJ_Y, PROJ_Z, PCA1_X, PCA1_Y, PCA1_Z, PCA1_S, PCA2_X, PCA2_Y, PCA2_Z, PCA2_S, PCA3_X, PCA3_Y, PCA3_Z, PCA3_S,PROJ_PCA1, PROJ_PCA2, PROJ_PCA3,OBJ_RADIUS, OBJ_RADIUS_STD, VOLUME, VOLUME_BOX, Mask_Grad_X,Mask_Grad_Y,Mask_Grad_Z,Mask_Angle, Mask_Distance_Mean,Mask_Distance_COV, Mask_Distance_STD, SHAPET_XX, SHAPET_XY, SHAPET_XZ, SHAPET_YX, SHAPET_YY, SHAPET_YZ, SHAPET_ZX, SHAPET_ZY, SHAPET_ZZ, Thickness, Thickness_STD, Neighbors, Neighbors_STD
1, 0 ,1.0,1.0,1.0,90.09121156957929,277.76492718446605,16.436256067961164,18.76850983958088,14.449053999600357,10.511062048348766,92.0,67.0,46.0,-0.9927980087202378,0.11932277213929587,0.01068596884348563,18.82325466429707,0.11798148273594888,0.9583439043957261,0.26011022786307575,14.638316143415755,0.02079624034668902,0.25949766271885355,-0.9655197975344132,10.1449165986952,95.98209606171186,77.48503633182193,49.997793349024455,24.38166892236686,8.777742820689713,98880.0,371842.39877519006, 0.0, 0.0,0.0,NaN, 94.23892708811147,94.23892708811147,NaN, 352.2569615984443, -17.189946179982776, 0.7504086420211441, -17.189946179982776, 208.7751614833671, 28.080060032804553, 0.7504086420211441, 28.080060032804553, 110.48242538423774, 7.9685135762596015, 6.43979654270245, 25.0, 0.0
2, 0 ,1.0,1.0,1.0,11.671764961374988,277.5312567865231,14.43207272050383,8.713763643279117,16.998928502010823,9.157263506303066,31.0,66.0,37.0,-0.20474289967579418,-0.9787743238313189,-0.009009330768278494,17.284546655536936,-0.31130695183025703,0.05638819921980043,0.9486349944688431,9.276254948337344,0.92799155533577,-0.19703094680098557,0.31624433469740715,7.996515679800334,70.79792005574521,45.373213749042606,43.51884689929152,19.250226946224387,8.841803237470364,32233.0,139796.8608901113, 0.0, 0.0,0.0,NaN, 29.143768492023398,29.143768492023398,0.0, 75.92967683093295, 46.6674742283193, -6.094737400089037, 46.6674742283193, 288.9635702164759, 3.2530073754876154, -6.094737400089037, 3.2530073754876154, 83.85547492386992, 7.430275627259778, 5.84296852867575, 6.0, 0.0
3, 0 ,1.0,1.0,1.0,28.67404540172507,167.25628897363296,17.595934467012555,15.719408526894156,17.313280958730665,10.638711706820052,64.0,83.0,46.0,0.40772736148184946,-0.9129021708411702,-0.019183982186393736,17.685522249222977,0.9107463515936858,0.4080936779342216,-0.06325055801263572,15.317754331191669,0.06557043356452052,0.008317241345450256,0.9978132799970956,10.612275618059796,91.02542803294872,76.30713888911427,47.36787963952128,24.542854968432277,7.5947323040721475,122198.0,329012.080531269, 0.0, 0.0,0.0,NaN, 136.94053675416652,136.94053675416652,0.0, 247.09980443539268, -29.15296284629218, -8.594194129563595, -29.15296284629218, 299.7496975559458, 0.3559511969271657, -8.594194129563595, 0.3559511969271657, 113.18218678083001, 8.284703278935586, 5.862640382934579, 23.0, 0.0
4, 0 ,1.0,1.0,1.0,68.07335468012633,248.59967469238006,204.92586487334154,17.088783317836903,14.292069812849448,14.031853311302333,90.0,78.0,73.0,-0.9909377058661549,-0.03219825948082893,-0.13040603965739744,17.134055374233583,0.10851690795133859,-0.7640602956720892,-0.6359527854064009,15.02255087289717,-0.07916150441598617,-0.6443408544116108,0.7606302120969906,13.18824453341548,88.86241093314567,84.14127911361817,64.20399523500106,25.15859909257262,7.760642619535299,137101.0,480053.07469023875, 0.0, 0.0,0.0,NaN, 127.73044362726354,127.73044362726354,NaN, 292.02651528398087, -0.473059484476875, 11.890012304569549, -0.473059484476875, 204.26325953536247, 25.646684514143033, 11.890012304569549, 25.646684514143033, 196.89290734990624, 6.6446635123187425, 5.151482423716892, 38.0, 0.0
5, 0 ,1.0,1.0,1.0,129.3004396872451,185.71054254620694,19.210980243916996,14.711835263365199,17.181113780601983,11.08007235994494,70.0,96.0,44.0,0.3157543940634153,0.9363549969673466,-0.15342256119595202,17.629031047003416,0.9480381603655904,-0.304685636257298,0.09159863289980251,14.357582210757004,-0.03902318695689477,0.1743731135031019,0.9839060972303005,10.838536269494446,96.95154932175294,67.9218809163354,50.5473424937731,23.649500764257823,8.66590356866562,100526.0,332860.9017293443, 0.0, 0.0,0.0,NaN, 173.6368208368532,173.6368208368532,NaN, 216.43809681639576, 31.541772218326216, -1.6649327072277857, 31.541772218326216, 295.1906707419913, -30.244930633492782, -1.6649327072277857, -30.244930633492782, 122.76800350161585, 7.130561551789593, 5.317650712378261, 27.0, 0.0
6, 0 ,1.0,1.0,1.0,137.3910945063891,205.66801378127317,190.6551410836035,13.92811032615783,15.977217344817712,15.308353561484848,76.0,84.0,78.0,-0.2822449555648434,0.8525551557473421,0.43987213081397336,16.374070008160984,-0.06942315298164141,-0.47546331265430614,0.8769920547815026,15.104170873884884,-0.9568271583145452,-0.2169892733026668,-0.19338418855556266,13.688070488017097,81.37084928090587,88.07423008994402,74.48847708753715,25.056971360563416,7.467101602393939,137578.0,533834.6992449117, 0.0, 0.0,2.8421709430404007E-14,63.90427713361972, 199.32670329155667,199.32670329155667,0.0, 193.99225725762435, -18.0842442070332, -12.507250586172152, -18.0842442070332, 255.27147408354392, 13.280015074012493, -12.507250586172152, 13.280015074012493, 234.34568876342584, 6.598316414440428, 5.062701592785833, 38.0, 0.0
7, 0 ,1.0,1.0,1.0,206.1285952677641,50.651567817298094,100.75106573683405,15.169142256309652,16.831599666798514,12.992645290179972,91.0,85.0,74.0,-0.20591137140423477,0.978466207564,0.014296425488578766,16.903092375245425,0.9589787397461607,0.20467605574187825,-0.19613130530543263,15.17139959998408,-0.1948339904669937,-0.02667569795283215,-0.9804734179453497,12.896842951028356,83.1002518359914,88.74252145927599,70.06923898218024,25.02437373444495,7.48299238077768,137229.0,516727.4163939889, 0.0, 0.0,0.0,NaN, 146.7249099364571,146.7249099364571,0.0, 230.10287679215907, -11.522500471998251, -12.359370519772998, -11.522500471998251, 283.3027473433719, -0.8928272580380077, -12.359370519772998, -0.8928272580380077, 168.80883163643583, 6.176496499921868, 4.858258080752431, 41.0, 0.0
8, 0 ,1.0,1.0,1.0,285.6576509169638,77.07652508914926,30.438295975547632,8.60140619146678,13.059874475574393,13.811636982950299,38.0,62.0,58.0,0.1438080161263136,0.24281609302385063,-0.9593537405287198,13.92181139742259,-0.10868785785309654,-0.9596903534464346,-0.25919370180844153,13.08640164414403,0.9836189323376808,-0.1415442350309289,0.11162000482167192,8.380637527056162,65.9846008737938,63.21295518113786,43.89097808542911,19.92391817369054,6.192197553794475,62816.0,183072.85187414652, 0.0, 0.0,0.0,NaN, 84.10103185415124,84.10103185415124,0.0, 73.98418847060304, 14.85227763694203, -14.203856422660808, 14.85227763694203, 170.56032131775953, -3.659941555566409, -14.203856422660808, -3.659941555566409, 190.76131614880043, 6.926268443948685, 5.20640220905691, 17.0, 0.0
9, 0 ,1.0,1.0,1.0,144.89511555338078,59.06850578769623,171.91293187123478,16.001281332773086,13.417645761130752,14.852289019092732,81.0,68.0,75.0,0.8870025178444568,0.11114059218918228,0.44819002901161453,16.357695976096828,-0.45952965382259137,0.30783532561470583,0.8331085820956221,14.623891213915996,0.04537654234605747,0.9449260188350866,-0.32412310675604505,13.237533731233361,77.2752673249762,86.02356849800118,76.58764470836928,24.471251205171715,7.60411570281394,124661.0,509115.9279678524, 0.0, 0.0,0.0,NaN, 202.21270956357225,202.21270956357225,0.0, 256.04100429055245, 3.639251355067929, 21.92266694649017, 3.639251355067929, 180.03321777119, 14.505752094237334, 21.92266694649017, 14.505752094237334, 220.59048910666255, 6.339768341521297, 4.942952311682091, 32.0, 0.0
10, 0 ,1.0,1.0,1.0,136.89776714928126,98.97550102674742,283.79585921863224,12.913524504597033,17.25382362906637,8.87986338319273,63.0,91.0,36.0,0.12138419459579104,0.9900992794136767,0.07049322099925712,17.344715573473554,0.9924740191809589,-0.11990532699560147,-0.024860285776141366,12.836553563927593,0.01616163831808652,-0.07298033613650234,0.9972024227729684,8.814150721064742,87.88283019772655,64.55985766544055,40.01699153787655,21.950279149878906,7.841604676360759,76942.0,227044.52529162657, 0.0, 0.0,0.0,NaN, 169.7048102807251,169.7048102807251,0.0, 166.75911513082806, 16.454982858209966, -0.23929416165732825, 16.454982858209966, 297.69442982292907, 15.834410265227314, -0.23929416165732825, 15.834410265227314, 78.85197370416702, 6.553354033912376, 5.166096559967198, 22.0, 0.0
11, 0 ,1.0,1.0,1.0,54.396702047005306,12.35228392721759,165.75796057619408,14.589125730433311,7.648278700027618,26.04995352745063,67.0,30.0,119.0,0.058495681063878695,-0.017591980180233287,0.9981326452582397,26.084515371257034,0.9982147033180377,0.013118594524494551,-0.05826927627304617,14.534771681119869,0.01206902550149232,-0.9997591833591932,-0.01832795439769954,7.63395739170689,119.60287681975872,68.3575593200086,31.821082617636527,28.456654445353685,11.83881975586206,105520.0,260161.55819391858, 7.105427357601002E-15, 0.0,0.0,86.64653004490667, 145.37023512559898,145.37023512559898,0.0, 212.84258957839128, 1.3631292153778558, 27.425395851786575, 1.3631292153778558, 58.49616707329615, -11.040908533916564, 27.425395851786575, -11.040908533916564, 678.6000787823375, 7.025159117352667, 4.9548101355901775, 22.0, 0.0
12, 0 ,1.0,1.0,1.0,160.41208025143558,111.77905648636089,153.2404313475278,14.708774896825656,15.41740065903501,14.566172874378669,68.0,81.0,82.0,-0.4288080866290167,-0.8057364526696376,0.4085491325176333,16.07828994495877,-0.8021573946193322,0.13157939774354527,-0.5824348687595643,14.458409233117699,0.4155323562601191,-0.5774734893731444,-0.7027497634095076,14.094704294397992,75.36643446860228,75.50165222084314,83.49850538025217,24.685606959934834,7.539131466717744,126951.0,475130.7372648871, 0.0, 0.0,0.0,NaN, 231.33896299536838,231.33896299536838,0.0, 216.34805896548858, 19.582700718958662, -5.633322506436076, 19.582700718958662, 237.69624308121317, -20.497697073147947, -5.633322506436076, -20.497697073147947, 212.17339220628494, 6.013798297176725, 4.49953661999782, 38.0, 0.0
13, 0 ,1.0,1.0,1.0,257.61734794106536,75.1209369097091,284.95164336985266,15.084465615405927,12.736431414720343,8.434967120593003,77.0,61.0,39.0,-0.9925616862567239,0.1217366844643495,0.001215989652943175,15.11745144466556,0.12158541654285025,0.9907218017852769,0.06072312534312884,12.710439559530197,0.006187524489669505,0.06041929429381927,-0.9981539076804374,8.415096341185462,78.62094214143193,61.284153663705695,39.96604950090844,20.4346988199251,6.582517948977103,66175.0,192565.13507281727, 0.0, 0.0,0.0,NaN, 87.55511061616741,87.55511061616741,0.0, 227.54110290236372, -8.127444436302916, 0.47958463787550987, -8.127444436302916, 162.21668518187522, 5.482327134281356, 0.47958463787550987, 5.482327134281356, 71.148670325485, 6.171626482914653, 4.948118594920936, 23.0, 0.0
14, 0 ,1.0,1.0,1.0,130.24590672585805,17.775120530812927,162.3880734163922,14.379328301924492,10.485083232657159,13.02026846163275,69.0,41.0,64.0,-0.9961457463341467,-0.05170774025950273,0.07085168775436167,14.394108375901986,0.07371941119486149,-0.05583718503047086,0.9957146464630096,13.021159817450402,-0.04752999551303062,0.997100054340149,0.05943383852152351,10.463674531180075,70.29823889374333,63.1359820840737,43.70952115531566,21.156987088412293,6.213802456153747,83796.0,193998.08115743863, 0.0, 0.0,0.0,NaN, 190.3076285038992,190.3076285038992,0.0, 206.7650824145267, 4.785238750561701, -2.4868924628643105, 4.785238750561701, 109.9369703957483, -3.6972665108298726, -2.4868924628643105, -3.6972665108298726, 169.52739081298844, 6.9483533717506605, 5.001895049200484, 22.0, 0.0
15, 0 ,1.0,1.0,1.0,25.204237481765293,196.26266762746718,139.67920101235566,13.118239105903175,15.65223466735197,12.959327309135709,57.0,84.0,76.0,0.05952795735687852,-0.9923901507565482,0.10778780531355772,15.687336913871523,-0.819828968365921,-0.1102076748150402,-0.5619027772132225,13.274967136761406,0.5695058251861764,-0.05491864067198046,-0.8201506312780321,12.75568577911048,82.23144735210192,67.07025592287239,64.4866809764039,23.23886280914415,6.706718047193546,113794.0,355662.373912833, 0.0, 0.0,0.0,NaN, 175.80377387944955,175.80377387944955,0.0, 172.08819723964734, -3.704665081902059, 6.761935508654436, -3.704665081902059, 244.99245008185483, -8.082423662577728, 6.761935508654436, -8.082423662577728, 167.94416430531058, 6.119391196313995, 4.738756132508048, 29.0, 0.0
16, 0 ,1.0,1.0,1.0,284.64587113639857,144.0871751499308,130.90755036137168,9.622500866928021,12.598246111095184,14.227359158333929,45.0,58.0,73.0,-0.04689675078548572,-0.17166234705213407,0.984038989761237,14.279571947711908,-0.11455633384154848,-0.9776989725331076,-0.17601581032534622,12.583815265419943,-0.9923091963408116,0.1209824686153215,-0.026185895921182603,9.563864019625482,76.79696077949244,61.88374214456658,50.45478045493195,20.26265877600828,6.56892197830333,65030.0,239785.50244380746, 0.0, 0.0,0.0,NaN, 195.278391168767,195.278391168767,0.0, 92.59252293403053, 8.396394841269396, -3.840197181731164, 8.396394841269396, 158.71580507572492, -7.483160126074427, -3.840197181731164, -7.483160126074427, 202.41774862022834, 6.348768674099554, 4.895765597393659, 22.0, 0.0
17, 0 ,1.0,1.0,1.0,25.20083153197127,135.82898682100273,86.74388989610209,12.810874413883418,16.868010067202793,14.725116436986248,57.0,87.0,76.0,0.06505347394503143,-0.9907566973893214,-0.11903449964564108,16.907397350576954,0.2011271178289054,0.12985726285912105,-0.9709196536050627,14.776120533095177,0.9774026437459236,0.03922063055258223,0.20771570508157794,12.69974400448673,86.29853136878125,78.03077180933789,63.09712255597472,24.47852504827466,8.141199691655274,114728.0,424892.30111180624, 0.0, 0.0,0.0,NaN, 163.1229536424289,163.1229536424289,0.0, 164.11850324829282, -6.539203031018769, -12.105344528764071, -6.539203031018769, 284.52976362725474, 7.4988940778317845, -12.105344528764071, 7.4988940778317845, 216.82905408280257, 5.681738314978567, 4.417291538936735, 28.0, 0.0
18, 0 ,1.0,1.0,1.0,283.0789656440214,160.02260440922151,60.88257962607405,9.754594006339927,13.028959353527052,14.125270667548776,40.0,63.0,72.0,0.006551138401923028,-0.49499734415933705,0.868869789934511,14.626158030417635,-0.13356119215973408,-0.8615364834133383,-0.4898125107596268,12.508857362179034,-0.9910189153262964,0.11283845542625152,0.07175648014297008,9.697068951894998,74.86930953539056,64.79453801159642,44.05022012586599,20.598808747319186,6.333895774897945,73437.0,213693.00616771696, 0.0, 0.0,0.0,NaN, 153.57955977921915,153.57955977921915,0.0, 95.15210422852282, 6.795864714393705, 4.7671462716123605, 6.795864714393705, 169.75378183586002, -25.215410245234338, 4.7671462716123605, -25.215410245234338, 199.52327143151385, 6.258782121096081, 4.837183824135034, 20.0, 0.0
19, 0 ,1.0,1.0,1.0,117.8821423609998,108.422701674521,90.18434691544043,14.02681457180121,13.690243691674873,11.5138966563279,65.0,77.0,60.0,-0.8119397333303434,-0.583581879690332,0.013640349575810574,14.375934309855445,0.5836478612090209,-0.811170138436746,0.03685350206758854,13.325983977997508,-0.010442391756038975,0.03788398349711231,0.9992275818094714,11.510637659079181,67.1585432700432,74.70953657923071,59.938112574460106,21.828229315434164,6.346063388791766,93579.0,300732.5057457309, 0.0, 0.0,0.0,NaN, 183.80668691477388,183.80668691477388,0.0, 196.75152703169476, 13.799580854340023, 0.14832560863431946, 13.799580854340023, 187.42277233744366, -1.9382877203984794, 0.14832560863431946, -1.9382877203984794, 132.56981621259877, 5.948604760479003, 4.597750400821281, 31.0, 0.0
20, 0 ,1.0,1.0,1.0,229.85857960842262,51.742657923901,25.39158662726265,15.198935540791354,12.158893760504629,13.839916510697355,80.0,60.0,61.0,0.8714857167171091,-0.294833844419209,0.39190005070560596,15.759542953641619,0.44420372364169225,0.13589477944238476,-0.8855595185097165,13.591054854591507,-0.20783574635014587,-0.9458359335028963,-0.24939665080706813,11.717920545354946,80.80345574056992,70.24858278253753,61.923233384175674,22.9379532830987,6.651310191070775,108280.0,351496.59897176706, -2.8421709430404007E-14, 0.0,0.0,29.36824895228401, 90.78465825803173,90.78465825803173,NaN, 231.00764157313057, -25.672752855664076, 19.28022133379472, -25.672752855664076, 147.83869747923842, -18.536834490499785, 19.28022133379472, -18.536834490499785, 191.54328902307324, 6.573316965377392, 4.660584920386723, 26.0, 0.0
21, 0 ,1.0,1.0,1.0,287.1412105965705,209.2561607967964,281.34636512989016,7.863209893892613,12.108564392240945,10.788422876472376,38.0,56.0,43.0,0.0895560677748695,0.9532649761885253,-0.288557786061981,12.233063778720895,0.2134824485441976,-0.3013608105079336,-0.9293045281572533,10.805016809585274,-0.9728334671917269,0.02162283659214017,-0.23049403039869065,7.644686518646462,59.0742605688836,52.127857735435384,39.73404879782237,17.16378088146548,5.499281361330652,38956.0,122357.61200205894, 0.0, 2.8421709430404007E-14,0.0,17.58591391506653, 93.52941201635987,93.52941201635987,0.0, 61.830069835410676, 4.0351642739713505, -13.924539341296029, 4.0351642739713505, 146.61733164104533, -8.759122539048514, -13.924539341296029, -8.759122539048514, 116.39006816159251, 6.860734580924488, 5.17851242565818, 11.0, 0.0
22, 0 ,1.0,1.0,1.0,193.34179389619354,61.761274061230715,281.9636532935189,12.07988682158629,13.695607086754757,10.861201756353351,61.0,71.0,49.0,0.17878745169130603,0.9817526187617901,-0.06478304309073857,13.750219833794695,-0.9353827108272824,0.19002336317696938,0.2982453783922195,12.151837405874641,0.3051134729951031,0.007274407280401464,0.9522882187634086,10.710897482135623,70.62456223883893,63.975910727495844,53.96071979594393,20.13258469601436,6.792499992429819,62289.0,243809.13860922048, 0.0, 0.0,0.0,NaN, 124.56218409077812,124.56218409077812,0.0, 145.92366562233414, 7.193862082171832, -10.051552900496397, 7.193862082171832, 187.5696534747671, -2.8613796260234268, -10.051552900496397, -2.8613796260234268, 117.9657035922131, 5.535097736257349, 4.455375860233692, 27.0, 0.0
23, 0 ,1.0,1.0,1.0,127.7730444154518,135.85525743566473,14.207499007317487,13.925567617644878,10.627744242061086,8.763447975476787,68.0,53.0,34.0,0.9613731979845558,0.2509825574731734,0.11300146034973477,14.19579226309498,0.2490314742333348,-0.9679896556045193,0.031294591926019494,10.34382293977164,0.11723864140341927,-0.00194486165812488,-0.9931018671188829,8.669095141988983,69.29195274728163,52.67378748591028,39.25817587307961,18.656455953364546,5.966996968939028,52887.0,143287.222415195, 0.0, 0.0,0.0,NaN, 187.0413186441613,187.0413186441613,0.0, 193.92143347359968, 22.81520326356728, 13.976262797754307, 22.81520326356728, 112.94894767466256, 2.6193848185946194, 13.976262797754307, 2.6193848185946194, 76.7980204188882, 7.657575035013731, 4.886524281972518, 17.0, 0.0
24, 0 ,1.0,1.0,1.0,72.17481286290605,216.27445607816617,129.85913998554204,12.747359920017141,12.724055935486403,12.79924566797524,59.0,64.0,65.0,0.5033518458516095,0.6149862415138052,0.6069833951818625,13.490906882346982,-0.8148170888042665,0.10402080630325329,0.5703093753819592,12.5165016288252,-0.2875935170867334,0.7816467198196028,-0.5534603638246716,12.229067524406272,72.41428539712976,63.33981034674104,72.27243797318543,21.217387130176565,6.167654125940625,85766.0,331492.5046351853, 0.0, 0.0,0.0,NaN, 170.536115103479,170.536115103479,1.9073486328125E-6, 162.49518493045943, 9.443568314017849, 6.610427374446273, 9.443568314017849, 161.90159944938677, 12.536771026750808, 6.610427374446273, 12.536771026750808, 163.82068966918297, 5.941870843184736, 4.471075609759004, 27.0, 0.0
25, 0 ,1.0,1.0,1.0,270.8448625675416,10.213847895265147,174.33558294000812,12.891077998738965,6.224662441174447,14.128026609509735,60.0,25.0,67.0,0.4839005099136746,0.015537396080334331,0.8749850774889412,14.63527877859088,0.8728609991306496,0.06327292286107054,-0.48384937059921973,12.332391105855981,0.06288062262676637,-0.9978753061157792,-0.017055812569631363,6.184512514360893,67.79053914590185,59.708072904590935,27.062425381983147,19.051316618503783,6.447851227864019,46823.0,109539.02187255089, 0.0, 0.0,0.0,NaN, 129.40591347601054,129.40591347601054,0.0, 166.1798919695718, 7.610029069286552, 26.417074396690126, 7.610029069286552, 38.74642250656782, -1.0932061589027056, 26.417074396690126, -1.0932061589027056, 199.60113587901515, 6.204627451894019, 4.559245084505987, 15.0, 0.0
26, 0 ,1.0,1.0,1.0,121.79163555776775,230.5283772413221,239.48986146170347,13.374709684008883,12.964094869393207,11.696833977932304,62.0,64.0,55.0,0.7458757308407586,0.6405197004140158,0.1827673590231691,14.187459329645566,-0.6462545669356861,0.6294387269248851,0.43146485808458224,12.33137940328235,0.16132088785254556,-0.439933406811439,0.8834218520694108,11.420140971258478,70.16291265944582,59.77276369475862,56.37513224088049,21.123724315496816,6.128198027509686,84381.0,236427.78841300515, 0.0, 0.0,0.0,NaN, 152.71210078603465,152.71210078603465,0.0, 178.88285913152097, 25.051314023973685, 3.625422123696874, 25.051314023973685, 168.06775578262727, 14.173718333866008, 3.625422123696874, 14.173718333866008, 136.81592510731164, 5.938117612076959, 4.403419506715518, 24.0, 0.0
27, 0 ,1.0,1.0,1.0,84.55678642034222,165.10958483877565,13.414087531529075,13.113114674300702,12.687264785371012,8.436345520955907,52.0,55.0,34.0,-0.8814184480992524,0.4641878051244037,-0.08735674515510643,13.357078393621428,-0.4522876716376346,-0.8827570956593414,-0.12718400900935675,12.520605205328101,-0.13615205262835067,-0.07259195297602324,0.9880248108869606,8.301523476048901,60.44922265681305,61.82148512666922,38.521075898361914,19.22484101162266,5.873489424718458,58676.0,143955.59960867433, 0.0, 0.0,0.0,NaN, 159.76611648408544,159.76611648408544,0.0, 171.9537764613604, -9.724591599338751, 13.484452933822066, -9.724591599338751, 160.96668773411534, 5.423110252441671, 13.484452933822066, 5.423110252441671, 71.17192574895279, 6.941390392682317, 4.804727008420118, 9.0, 0.0
28, 0 ,1.0,1.0,1.0,271.83024845937763,218.27684384730964,196.07581168477668,15.344630446978268,12.315274296830756,12.521346937167039,69.0,70.0,60.0,-0.9294725606182188,0.2070064727816943,0.305334372916469,15.801723067290444,0.06745939942602999,-0.7183687212159724,0.6923840045867666,12.218205628923686,-0.3626706336152556,-0.6641496070954269,-0.6537394824454913,12.038637505773393,81.43416619123559,73.0072542248825,59.14994386486194,22.231744304383454,7.046796354793528,91846.0,351663.26654084725, 0.0, 0.0,2.8421709430404007E-14,72.2217182930246, 135.17561196604737,135.17561196604737,0.0, 235.45768355433248, -20.36871205688395, -29.529037955083883, -20.36871205688395, 151.66598100618026, 4.455341945116595, -29.529037955083883, 4.455341945116595, 156.78412912090238, 5.4434339386863195, 4.26691586799138, 32.0, 0.0
29, 0 ,1.0,1.0,1.0,25.291497760893098,271.38775813400684,233.11858777086826,13.52697649075243,13.202010942099765,12.871755395056176,55.0,63.0,65.0,0.7813335542411997,0.3028819520548245,0.5456925875768089,14.660788275766357,-0.0352070605070662,0.894345846327901,-0.44598875551574485,13.23862862707357,-0.6231198439363541,0.3292537475496521,0.7094460020447249,11.521904011682645,74.15899685893544,68.93208069321511,58.05573702599554,21.936336152912553,6.46153457262832,94234.0,296777.0934210366, 3.552713678800501E-15, 0.0,0.0,38.61716294930493, 77.01586554308408,77.01586554308408,0.0, 182.97909298136895, 18.11066782495684, 35.708252992784395, 18.11066782495684, 174.29309291532192, -3.371216303537346, 35.708252992784395, -3.371216303537346, 165.68208695015778, 6.618633239762102, 4.7128406279541455, 20.0, 0.0
30, 0 ,1.0,1.0,1.0,87.02108503567841,216.66636183312295,276.5067235116824,12.197461982917213,12.93750858542585,11.42907661835118,61.0,65.0,50.0,0.09460343206644704,0.9628579022542556,0.252892962946348,13.056429931790614,0.9843644635640215,-0.05256033360167297,-0.16811904771321182,12.209356506641402,0.1485826151121507,-0.26484348471921015,0.9527754903901651,11.280170685800597,65.60833151959628,62.991974390815734,55.555091797723406,20.340678284972913,5.747852336146945,77638.0,229597.9910994326, 0.0, 0.0,0.0,NaN, 122.75625658625835,122.75625658625835,0.0, 148.77807882471072, 2.808382051046858, -2.57780347753202, 2.808382051046858, 167.37912839796755, 10.718909028093423, -2.57780347753202, 10.718909028093423, 130.62379234814165, 5.821598818291852, 4.307851562280434, 19.0, 0.0
31, 0 ,1.0,1.0,1.0,259.8843841330741,255.93997759781644,221.1295721697931,12.206153101870614,12.043671405713551,12.297839560065208,57.0,56.0,58.0,-0.1613888891251158,0.6277290668346776,-0.761518118706197,13.102908105046907,0.9413147210990848,0.32969964874832336,0.07228234540594468,12.285553383597607,-0.2964459854832128,0.7051626480934005,0.644100471529706,11.07501826498187,67.52895225980578,61.47816416496289,56.558832777912016,20.3134535479184,5.713200265763831,77671.0,234807.1623026671, 0.0, 2.8421709430404007E-14,0.0,51.11722477155434, 98.84883710283874,98.84883710283874,0.0, 148.99017354630558, 3.8091823052153653, 7.949937017480709, 3.8091823052153653, 145.0500209288022, -22.76382349325275, 7.949937017480709, -22.76382349325275, 151.23685784510485, 6.034771628761588, 4.359102682691964, 20.0, 0.0
32, 0 ,1.0,1.0,1.0,120.65421612399724,274.5671954214914,232.88695294445048,13.719645976345976,12.250500343870481,11.693797010301212,72.0,50.0,55.0,-0.9984216393153174,0.056115229868279645,-0.0023045875432410887,13.724101946857502,0.05317259375921246,0.9576824883595673,0.2828726334630927,12.29678763645948,0.018080525983280644,0.2823036175224426,-0.9591547122930223,11.639861360241627,72.1930897718504,56.652600254640504,60.61808871095202,20.91881416509946,6.1197668938954335,82647.0,247923.51260697594, 0.0, 0.0,0.0,NaN, 140.3867105615957,140.3867105615957,0.0, 188.22868571626634, -2.1610910165477124, 0.35815385006724354, -2.1610910165477124, 150.07475867517076, 4.252995351592585, 0.35815385006724354, 4.252995351592585, 136.74488851812956, 5.839006905359733, 4.384166883987208, 17.0, 0.0
33, 0 ,1.0,1.0,1.0,189.78638752290038,220.73987561469482,25.503169896827693,13.382863696358699,12.549111888227602,12.237279207007958,67.0,58.0,54.0,-0.8255131356967474,-0.5278808458005695,-0.19967442357247106,13.847799092104118,0.4894427469163294,-0.49343420932633625,-0.7190052006470409,12.516645502478656,0.2810228821343941,-0.6912774361306526,0.6657038726141752,11.743266068638716,67.76458851121376,63.65247971195733,62.72199491424817,21.16650383932553,6.189617719106276,82968.0,270544.0552948257, 0.0, -2.8421709430404007E-14,0.0,58.137616377407994, 138.12899539058697,138.12899539058697,0.0, 179.1010407153156, 18.938311343158794, 2.274885257948579, 18.938311343158794, 157.48020918325534, 12.333241884983856, 2.274885257948579, 12.333241884983856, 149.75100239026932, 5.7726218827606175, 4.403296427316477, 22.0, 0.0
34, 0 ,1.0,1.0,1.0,9.051211037816607,78.43939775416688,30.876202225691124,6.274243150762177,12.743916706478286,12.428876449451677,25.0,64.0,58.0,-0.027092812319541505,-0.9053570589085539,0.423786001898447,12.846599848691062,-0.08385366621825323,-0.4203891042623457,-0.903460881100704,12.359032371227265,0.9961097038892733,-0.06001330604086899,-0.06452798552309744,6.202394788051158,68.87220718634573,63.103239199521795,26.618351386707012,17.88362482817755,6.035434776152475,39718.0,115684.9353058669, 0.0, 0.0,0.0,NaN, 84.78209365879842,84.78209365879842,9.5367431640625E-7, 39.36612711488609, 7.132843168538808, 7.204209795884566, 7.132843168538808, 162.40741302165637, -5.157723985164453, 7.204209795884566, -5.157723985164453, 154.47696979573453, 6.012926715836915, 4.538350286181289, 15.0, 0.0
35, 0 ,1.0,1.0,1.0,55.710245421635435,237.78002555366268,59.67731846252129,12.298943503427328,11.655238249904738,12.647608866372067,59.0,56.0,60.0,-0.6447916149969315,0.16214039870805158,0.7469633621111833,13.327377131062603,-0.46069148529693765,0.6973578453998369,-0.5490495340442411,11.951174376629774,0.6099238711548765,0.6981421965230944,0.3749537902586913,11.252601913561614,69.60928439131436,77.81980460971403,57.74344072560092,20.299637922006447,5.915682567106048,75136.0,312795.1161087437, 0.0, 0.0,0.0,NaN, 102.64667069086511,102.64667069086511,0.0, 151.26401130049726, -10.539249676203266, -20.462349602753132, -10.539249676203266, 135.84457866204247, -0.02985626665725011, -20.462349602753132, -0.02985626665725011, 159.96201003673335, 5.6747582006693404, 4.2688046670186015, 23.0, 0.0
36, 0 ,1.0,1.0,1.0,11.241261977706799,110.22293201225474,162.6810898898377,6.937593444479994,12.864327848864503,22.289271266600608,29.0,65.0,94.0,0.015588269414638485,0.06767645948011802,0.9975855365275164,22.32587990106345,-0.03257163415341733,-0.997142883895893,0.06815539409582407,12.809776814421728,-0.999347834592757,0.033555415777741446,0.01333939904007379,6.920798509425392,96.43865738636892,65.7654508447856,30.018822074169258,24.855904622702386,9.623759805144312,76705.0,190389.32929561555, 0.0, 0.0,2.8421709430404007E-14,3.982312812362468, 176.44246593740525,176.44246593740525,1.9073486328125E-6, 48.13020280089179, 4.249089631460831, 6.748357349567876, 4.249089631460831, 165.49093100307084, 22.521287567743375, 6.748357349567876, 22.521287567743375, 496.81161359610746, 6.516595415250861, 4.526857493894804, 24.0, 0.0
37, 0 ,1.0,1.0,1.0,87.71877526817961,18.729893267209317,217.73779041561102,13.695567154279003,10.56982327021539,12.610560693832362,74.0,43.0,62.0,-0.8595867255743974,-0.028711274759215418,0.510182637805312,14.233646769633003,-0.4956111714383391,0.2899471852315231,-0.8187186308627858,12.138922653669495,0.12441956422445373,0.9566118818402886,0.263464380059581,10.409890542139616,79.49658397369532,65.19269709129074,50.667267361966665,20.471693453338048,6.263044930887589,74204.0,262588.0135801576, 0.0, 0.0,0.0,NaN, 121.70646475046588,121.70646475046588,NaN, 187.56855967736584, -3.276960639586265, -25.504740844253885, -3.276960639586265, 111.72116396358676, -10.635376350330253, -25.504740844253885, -10.635376350330253, 159.02624101282973, 6.23210829256773, 4.579965851467481, 22.0, 0.0
38, 0 ,1.0,1.0,1.0,127.74078665723944,60.04669385066878,242.79283659573645,12.529190561542151,15.254752924687915,13.887444663311475,62.0,82.0,70.0,0.19722878103179425,0.8659407210902512,0.4596166614586639,15.94003250230267,-0.24681034738058932,-0.40986670492821203,0.8781195457437228,13.305536476518679,-0.9487810392069318,0.2866285954837471,-0.1328856195847736,12.305579429462686,82.93147457488544,73.35566639869587,69.50271828457693,23.03388349369376,7.210369851553824,103247.0,422819.3406760523, 0.0, 0.0,0.0,NaN, 152.30224411665253,152.30224411665253,0.0, 156.98061612743695, 20.123380510091962, 3.755418421956058, 20.123380510091962, 232.70748679327448, 31.640355020215093, 3.755418421956058, 31.640355020215093, 192.86111927653837, 5.809717642648093, 4.389755312318919, 28.0, 0.0
39, 0 ,1.0,1.0,1.0,200.91900682915343,184.25482750500413,86.8499058047804,12.286874550295254,11.871173503092944,11.355388880957898,61.0,53.0,58.0,-0.7963792039362163,-0.34538033237575827,0.49648020055781505,13.005122115973373,-0.28152279901508026,0.9382411415004964,0.20111805993137438,11.709599664690185,-0.5352803724896258,0.02039574474873969,-0.8444281712635544,10.704624123915764,66.68679193985187,56.17590613946268,59.823041375025866,19.705413371026566,5.703822145730356,67944.0,224108.53708328615, 0.0, 0.0,0.0,NaN, 175.3764359938841,175.3764359938841,0.0, 150.96728621469322, 9.052724534323183, -22.841442487288152, 9.052724534323183, 140.924760340536, -5.102397107970803, -22.841442487288152, -5.102397107970803, 128.94485663778227, 5.698021944264869, 4.263400215460845, 25.0, 0.0
40, 0 ,1.0,1.0,1.0,71.15358136464376,259.40265006837365,136.84610427374608,11.373975620980488,10.734076025894456,11.95102876948665,55.0,53.0,60.0,0.3467895035757381,-0.2041192554831635,0.9154629264752845,12.087295080386458,0.9181420594125935,-0.12561726244178767,-0.37581306804611325,11.298901302111783,-0.19170863034118898,-0.9708530439348843,-0.14384772551234634,10.660531187996225,63.538749415343744,55.54970419758078,49.29738822794798,18.954694431774247,5.304182991141336,63621.0,173998.02723789276, 0.0, 0.0,0.0,NaN, 159.4924236990174,159.4924236990174,0.0, 129.3673214266585, -3.9142153348435094, 5.466838231735326, -3.9142153348435094, 115.22038812968212, -5.403021850970074, 5.466838231735326, -5.403021850970074, 142.8270886490976, 6.197650845540496, 4.441472998201246, 25.0, 0.0
41, 0 ,1.0,1.0,1.0,190.7869368575624,243.60424082232012,86.55936563876652,11.669287563189759,13.214667359053456,13.058819265011516,58.0,66.0,65.0,0.2982223203405237,0.5513451272975366,-0.7791546690201995,13.77760525288456,-0.4436763012144279,0.8028243991897036,0.39827669252214,13.109253278502386,-0.8451122927702557,-0.22691746224333204,-0.4840389219243093,10.938808811513528,69.10543550859549,68.53213044633924,60.882459817863236,21.090654535808767,6.042909687406375,85125.0,288335.8424003999, 2.8421709430404007E-14, 0.0,0.0,72.64913719313464, 150.33462207344854,150.33462207344854,0.0, 136.17227223241517, -7.0548004018276735, -25.52676399893919, -7.0548004018276735, 174.62743341043284, -13.452493756189261, -25.52676399893919, -13.452493756189261, 170.5327605962359, 6.100728561130739, 4.46773959314163, 26.0, 0.0
42, 0 ,1.0,1.0,1.0,69.32428138443488,44.329475459522875,168.37435226828313,12.255206445958205,11.31653329772678,14.432560073582376,57.0,53.0,81.0,-0.27338887128388767,-0.20357035254355854,0.9401157570338952,14.80013997308014,0.8966092480192714,-0.40787809588767154,0.17241611079410007,12.185835026523392,0.34835381643443797,0.8900531278863859,0.2940323929692497,10.909357573788183,86.62787148769297,63.308313960230095,55.70648560749473,21.092827770804174,6.453326105223404,81824.0,305509.1006486603, 0.0, 0.0,0.0,NaN, 155.2297314459404,155.2297314459404,0.0, 150.19008503305554, -5.2141706814991196, -21.152058846874322, -5.2141706814991196, 128.06392587855896, -21.216931008025828, -21.152058846874322, -21.216931008025828, 208.29879027756414, 5.588358311029205, 4.169965294914623, 23.0, 0.0
43, 0 ,1.0,1.0,1.0,107.7269133951047,165.2432649563494,170.51041722457288,12.774159623640871,15.684250362044754,13.93701318635453,62.0,85.0,67.0,-0.29766182237338945,0.9231627272625764,-0.24324477074435474,16.258198678420836,-0.47385852030327535,0.07832108000079871,0.8771111167711299,14.194162420670734,0.8287674838200052,0.3763461005784822,0.41413532853649115,11.730811096202656,86.24528977891502,66.32692794342124,63.83532944967095,23.281702370066448,7.834381584904831,93355.0,365162.66875412967, 0.0, 0.0,0.0,NaN, 215.7128126853276,215.7128126853276,0.0, 163.17915409025667, -37.19075789409078, -17.367965543105257, -37.19075789409078, 245.995709419301, -24.067790425473426, -17.367965543105257, -24.067790425473426, 194.24033655662004, 5.27267274002099, 4.1526977377955, 30.0, 0.0
44, 0 ,1.0,1.0,1.0,217.805738778426,190.68506965114895,232.87608048577212,13.849697682435341,12.230906756938264,12.514060788374517,78.0,60.0,61.0,-0.819715552443436,-0.2903486901656288,0.4937246714530847,14.564479821806673,-0.5317417609233552,0.7061360319685523,-0.46757096150834343,12.369001170658914,-0.21287816415142716,-0.6458092152290886,-0.7332212113357786,11.527994663744876,80.59004087491398,63.292858841026586,66.95974169367668,21.315229066505882,6.608474351111938,83990.0,341546.5149074865, 0.0, 0.0,2.8421709430404007E-14,60.41431116068774, 152.35245697358164,152.35245697358164,0.0, 191.81412589485487, 11.310603600764862, -27.06844708648793, 11.310603600764862, 149.59508009691808, -17.993294381127114, -27.06844708648793, -17.993294381127114, 156.6017174151326, 5.679918646613733, 4.251181415177149, 33.0, 0.0
45, 0 ,1.0,1.0,1.0,233.0730137521997,160.24837059245257,15.93822915987747,13.473141662767844,11.6401997237977,9.506181013484548,69.0,52.0,35.0,0.9893531462334209,-0.00687740285734743,-0.14537212032562968,13.548279036507022,0.01689962398560362,-0.9866964506324372,0.16169266222835973,11.696382200985742,0.144550180723432,0.1624278782699786,0.9760750122882651,9.328775476634279,68.23003341549801,53.9628965244829,43.300477267388075,19.278181393932886,5.978210056420018,61372.0,159427.60433774226, 0.0, 0.0,1.7763568394002505E-15,81.64117155893435, 155.7683105096492,155.7683105096492,0.0, 181.52554626501066, -1.4868661380560815, -13.747314815639179, -1.4868661380560815, 135.49424960990007, -7.845359888613974, -13.747314815639179, -7.845359888613974, 90.3674774611341, 6.033033940897148, 4.385032910062369, 17.0, 0.0
46, 0 ,1.0,1.0,1.0,23.23860063339274,60.24956581949442,103.27447018627196,11.196356372759094,12.921472392863441,14.618921876770058,49.0,64.0,75.0,0.10181244753487442,0.15776829987251678,0.9822135150171243,14.69001585540924,-0.0721592009417437,-0.9835720448555999,0.16546625727931363,12.885971946520035,-0.9921830855474247,0.08772226703585896,0.08875544276089167,11.144096321630814,72.24609892743166,62.55153793225703,53.389101586411314,21.572937665498774,6.375271142859018,88097.0,241270.93443644475, 0.0, -7.105427357601002E-15,1.4210854715202004E-14,43.678614090545935, 121.80171974603267,121.80171974603267,NaN, 125.35839602582317, 4.442218537228646, 8.660937792258109, 4.442218537228646, 166.96444879953205, 7.383208264579133, 8.660937792258109, 7.383208264579133, 213.7128768391062, 5.417071745221293, 4.081234876005939, 26.0, 0.0
47, 0 ,1.0,1.0,1.0,180.4163324241938,10.004144606663457,143.46229744906145,12.343876837020803,6.129876664673683,11.677496832792677,60.0,25.0,56.0,-0.931807472754588,0.004068080202176593,-0.3629301371368556,12.45865223627935,0.3626738667347655,0.049640354149615165,-0.9305930913280813,11.565325762845221,0.014230253207927701,-0.9987588727833006,-0.04773063932390617,6.110306050129789,58.08602918809643,56.05177186854712,26.376580986691526,17.1924417416475,5.5435153586506445,37398.0,85877.52801389362, 2.8421709430404007E-14, 0.0,0.0,21.281657066082182, 187.03413391559025,187.03413391559025,0.0, 152.3712953675387, 1.2890386778504188, 7.323280087654828, 1.2890386778504188, 37.575387924110956, -4.628206217033087, 7.323280087654828, -4.628206217033087, 136.363932279883, 5.73214339391708, 4.260672513388238, 16.0, 0.0
48, 0 ,1.0,1.0,1.0,111.73606502765007,212.57684056232927,151.14449996668665,11.714363864116862,12.423657283416667,12.007241825293478,64.0,56.0,56.0,-0.3549859704578046,0.7155566789547585,0.6016341080601797,13.098122147920616,-0.670983097117321,-0.6431301486740658,0.36900582007513444,11.752593264021883,0.6509736124920725,-0.27269442801368715,0.7084286165657835,11.227786293674058,63.926188051665974,61.489695711374964,53.482095928544084,20.087139390422415,5.679284144812347,75045.0,210227.52168652706, 0.0, 0.0,0.0,NaN, 205.63491173459676,205.63491173459676,0.0, 137.22632074092695, -6.352608687879892, -12.703083338794567, -6.352608687879892, 154.34726029579198, 16.724748363543178, -12.703083338794567, 16.724748363543178, 144.17385625107707, 6.420555771801027, 4.39206660026106, 17.0, 0.0
49, 0 ,1.0,1.0,1.0,284.40580535002846,283.99983136238114,251.7551170977466,10.310703470999224,10.228469985026814,13.997610408284109,45.0,53.0,69.0,0.3005373230694886,-0.3035455767489134,0.9041777481659206,14.64996960813291,0.662482679081477,-0.6155592210160863,-0.42685307230837344,10.594507548522001,-0.686144312341984,-0.7272873766663618,-0.016095166433037954,8.944277596802653,72.33138973834292,63.93531280757166,49.9269191216149,19.049597181697475,6.631602269334553,47439.0,230888.53671974904, 0.0, 0.0,0.0,NaN, 53.167217620123644,53.167217620123644,0.0, 106.31060606687544, -25.429894254878832, 27.46403256289738, -25.429894254878832, 104.62159823459443, -28.476020975636537, 27.46403256289738, -28.476020975636537, 195.9330971421036, 6.267325823038635, 4.577532284057897, 10.0, 0.0
