// Sample: .//bubblelabels.tif, Map: .//bubblelabels.tif, Thickness:(8.191250068658265):/gpfs/home/mader/Foam/NewValid/InSilicoTest/LatticeData_Phi_6.65/out_Step_06000.vtk/distmap.tif, Neighbors:(1.0):
//LACUNA_NUMBER, TRIANGLES, SCALE_X, SCALE_Y, SCALE_Z, POS_X, POS_Y, POS_Z , STD_X, STD_Y, STD_Z,PROJ_X, PROJ_Y, PROJ_Z, PCA1_X, PCA1_Y, PCA1_Z, PCA1_S, PCA2_X, PCA2_Y, PCA2_Z, PCA2_S, PCA3_X, PCA3_Y, PCA3_Z, PCA3_S,PROJ_PCA1, PROJ_PCA2, PROJ_PCA3,OBJ_RADIUS, OBJ_RADIUS_STD, VOLUME, VOLUME_BOX, Mask_Grad_X,Mask_Grad_Y,Mask_Grad_Z,Mask_Angle, Mask_Distance_Mean,Mask_Distance_COV, Mask_Distance_STD, SHAPET_XX, SHAPET_XY, SHAPET_XZ, SHAPET_YX, SHAPET_YY, SHAPET_YZ, SHAPET_ZX, SHAPET_ZY, SHAPET_ZZ, Thickness, Thickness_STD, Neighbors, Neighbors_STD
1, 0 ,1.0,1.0,1.0,184.37622151580345,36.10286955870233,21.00160549722249,9.704840223722984,18.70034665559547,13.129138240377308,43.0,84.0,56.0,-0.046538373334510566,-0.9988861788903407,0.007783407302202322,18.71605723701044,0.31344348584616194,-0.007204209930194567,0.9495795282860137,13.490475773795161,0.9484657932619313,-0.04663154491474581,-0.3134296380862527,9.16391972029247,85.06146667093438,65.69773973718551,45.07257465330167,23.490420249676788,8.028780494938504,93429.0,251881.14673613012, 0.0, 0.0,0.0,NaN, 44.59357664458957,44.59357664458957,0.0, 94.18392376799159, 12.158656680598185, 29.076823756784073, 12.158656680598185, 349.7029650394407, -2.7410379050810385, 29.076823756784073, -2.7410379050810385, 172.37427093493778, 10.642064261104274, 7.151206884008521, 10.0, 0.0
2, 0 ,1.0,1.0,1.0,60.728194985588935,83.54963024542204,32.92860699130768,16.418492639452353,17.737381344726764,17.51868569745799,79.0,84.0,71.0,-0.07945097604465619,0.7364055800442426,0.6718588870330238,18.520518995829264,-0.5545216508744972,-0.5927319228342004,0.584101537718138,16.940918809940538,-0.8283678416723895,0.32615286191136417,-0.45544596776132856,16.158019435761975,93.24241824172007,89.33804675250775,78.37908149948859,28.72755077627339,8.112568796786867,218929.0,652905.2356759412, 0.0, 0.0,0.0,NaN, 108.41008965378846,108.41008965378846,NaN, 269.56690055175113, 3.7237428453247072, -12.766491932888519, 3.7237428453247072, 314.61469696826106, 31.56323155331734, -12.766491932888519, 31.56323155331734, 306.9043485663192, 10.709988058302315, 6.70785520447894, 20.0, 0.0
3, 0 ,1.0,1.0,1.0,56.81083381379897,147.2869066249348,14.040734334532209,15.465650251677847,19.220318312149903,8.778367188446499,77.0,89.0,35.0,-0.1967938613926769,0.9802439475861763,0.019848912787090965,19.367640888996597,-0.9779946930885645,-0.19483146859453887,-0.07461286173240658,15.313436393498371,-0.06927161329696195,-0.03409548453923094,0.9970150156969909,8.721230213675662,86.93869534166433,67.82579220630208,37.417995891532044,24.87146437883505,8.190052739457592,109269.0,220642.16821599295, 0.0, 0.0,0.0,NaN, 78.76092478152056,78.76092478152056,0.0, 239.18633770722306, -27.497603529478756, 10.393514891641495, -27.497603529478756, 369.4206360203649, 8.121717766360323, 10.393514891641495, 8.121717766360323, 77.05973049519409, 10.780618059029292, 6.718866889334069, 13.0, 0.0
4, 0 ,1.0,1.0,1.0,167.6813212179716,185.13881602417476,81.59260697122951,17.877957891817136,8.380646553113285,15.98506911427892,72.0,35.0,67.0,0.9488707101375231,0.07198095881829504,-0.30734852693759784,18.127308227441482,-0.3072498399303447,-0.012715207049074247,-0.9515439345466274,15.74545117740431,-0.07240104492263864,0.9973249546047156,0.010051050532753163,8.298223500568024,79.43881883848705,71.07221494409858,35.821521225947805,24.136345184498737,7.925647655103092,95306.0,202244.4690394995, 0.0, 0.0,0.0,NaN, 89.00957982004401,89.00957982004401,1.6518123698891422E-6, 319.62137838158657, 18.43985814414844, -23.398750771933024, 18.43985814414844, 70.23523664820958, -3.5798185867560095, -23.398750771933024, -3.5798185867560095, 255.52243458827382, 11.077069086387265, 6.83620135064714, 15.0, 0.0
5, 0 ,1.0,1.0,1.0,13.91656538797217,115.76673545461219,143.88949338901622,8.757716823213634,17.369933524964388,20.405085095341676,35.0,86.0,101.0,-0.023451858702143856,0.1312599163915072,0.9910705548407281,20.457887872716817,0.054619143856665865,-0.9896943483900429,0.13237010950049427,17.332494139107624,-0.9982318164874228,-0.05723575031134429,-0.016040867760751965,8.708568370895515,99.6010876191091,84.92440321588396,37.49835431058359,26.61425178588279,9.298456551661614,122599.0,317182.189546483, 0.0, -1.4210854715202004E-14,0.0,82.45759587650878, 102.16311761253299,102.16311761253299,0.0, 76.69760395559912, -13.194635054403063, -6.341188526201243, -13.194635054403063, 301.71459066168177, 15.158465663986675, -6.341188526201243, 15.158465663986675, 416.36749774813507, 11.417779266785155, 6.92401802189634, 17.0, 0.0
6, 0 ,1.0,1.0,1.0,58.798543544947016,146.98351503615646,184.710145050687,18.273087087387257,18.73392470634111,8.428541874152119,89.0,90.0,36.0,-0.6277482069647697,-0.7782780590786855,0.014678263154441777,19.553615418663426,0.7778059686006713,-0.6278910193926345,-0.027762258107910557,17.400220866902863,0.030823105970821916,-0.006010867058317859,0.999506781175355,8.41394096559029,103.1832847914707,98.61533228362376,37.509071374699545,25.97814681532894,9.002324853699232,117683.0,381671.8271987084, -7.105427357601002E-15, 0.0,0.0,51.11581596553045, 80.6337154377715,80.6337154377715,0.0, 333.90571170323886, 38.92093313798259, -7.879845696815218, 38.92093313798259, 350.9599349028578, 0.4846127426930525, -7.879845696815218, 0.4846127426930525, 71.0403181243357, 9.923995818047922, 6.537347299455726, 21.0, 0.0
7, 0 ,1.0,1.0,1.0,186.0408525028294,175.74501274936253,137.08255041793365,8.587450047604552,14.63615554771142,15.261185283672207,37.0,59.0,71.0,-0.0804190202630506,0.599236577163381,0.7965226335575447,15.96502158785902,0.10386113074634823,-0.7897232348725107,0.6046073749323506,13.955617486016724,-0.9913352847044339,-0.13134967412222032,-0.0012713803386541975,8.439428303070066,75.26932090039875,72.81806965060764,37.942916521005486,21.670034230862925,7.16063825596137,73337.0,207963.86012666643, 0.0, 0.0,0.0,NaN, 68.8604942422592,68.8604942422592,0.0, 73.74429832010343, -18.983038005332762, -4.006890397100221, -18.983038005332762, 214.21704921680376, 28.676243817109295, -4.006890397100221, 28.676243817109295, 232.90377626257313, 11.741476837281844, 6.80069742690752, 8.0, 0.0
8, 0 ,1.0,1.0,1.0,78.3278831607122,24.351248432186406,45.76756921008056,17.141714393670085,13.964377554689566,14.960328054476301,86.0,57.0,77.0,-0.9538917335285977,-0.29087186714305113,0.0740548284078904,17.445988061349986,-0.07874488001933477,0.0044347609154597595,-0.996884936573105,14.946428745264082,-0.2896373673691767,0.9567517388540966,0.027134952056612215,13.597624670051808,90.46087806971329,75.99594593697196,63.986161118020775,25.666594332019248,7.340270004374821,154674.0,439883.1023402282, 0.0, 0.0,0.0,NaN, 93.93035170829373,93.93035170829373,0.0, 293.8383723541562, 33.133929656966636, -5.416930269400376, 33.133929656966636, 195.00384048991774, -2.7435850085627225, -5.416930269400376, -2.7435850085627225, 223.81141549755066, 9.351234112188225, 6.294091977128758, 18.0, 0.0
9, 0 ,1.0,1.0,1.0,51.77668282488172,183.33833560709414,121.83948216307219,14.942173141607201,9.535257983879276,12.333998711051937,64.0,35.0,56.0,-0.9834596915771115,0.03491948870920844,0.1777291882368784,15.030196121251873,-0.1739218073124098,0.09194875300345887,-0.9804573584620055,12.254028496208273,0.05057904688937215,0.9951512729878793,0.08435463168295088,9.499957757166749,63.10725113662345,59.35341424362764,38.74367207828493,20.630562457683677,6.3794278659440735,68902.0,145119.49215784232, 7.105427357601002E-15, 0.0,0.0,10.435418467251413, 95.22343458008086,95.22343458008086,0.0, 223.26853819376763, -5.616847551793034, -13.495150909361303, -5.616847551793034, 90.92114481913349, -4.559258195488366, -13.495150909361303, -4.559258195488366, 152.12752420423084, 10.987440262185878, 6.540345622069736, 9.0, 0.0
10, 0 ,1.0,1.0,1.0,169.78151090328342,96.04332777966991,16.67707134769922,16.025460225852232,15.312414366999294,10.504279773655394,68.0,69.0,41.0,0.956091585868766,0.25785302106274666,0.13928639186856787,16.159789958159315,0.2656132678156721,-0.9632487331426277,-0.040018371523623836,15.275344997353798,-0.12384858251602783,-0.07525754200037159,0.9894431923970338,10.35134418712255,76.83056336049569,69.50596364738459,44.974172129123886,23.489308633060354,7.06241337653426,108637.0,240170.27993738686, 0.0, 0.0,0.0,NaN, 102.05685965684884,102.05685965684884,0.0, 256.81537545037185, 5.6780970404028475, 19.165449759372606, 5.6780970404028475, 234.4700337466864, 10.39472762655807, 19.165449759372606, 10.39472762655807, 110.33989356322583, 9.77322227463985, 6.065072526393653, 13.0, 0.0
11, 0 ,1.0,1.0,1.0,90.83603681833971,180.16728898923236,85.80417679749914,16.70099822908528,11.633444386242896,14.516970040758338,80.0,50.0,72.0,0.8732137881842218,-0.18161749468058652,0.45223087660055705,17.451897304346986,0.4867445149785792,0.2792700500776762,-0.8277004387264032,14.027289602473287,-0.024030340472602777,-0.9428803342713005,-0.33226377771465154,11.120666175497865,92.10541426722104,69.81620861446763,61.075065037107805,23.897336592418846,7.3430302388476445,115160.0,392740.20186633646, 0.0, 0.0,0.0,NaN, 126.51829419809563,126.51829419809563,0.0, 278.9233418479096, -18.752893793898227, 41.98749970728018, -18.752893793898227, 135.33702828780636, -31.754024539803584, 41.98749970728018, -31.754024539803584, 210.74241916427513, 10.845942684611323, 6.517327293449651, 14.0, 0.0
12, 0 ,1.0,1.0,1.0,153.01363327502204,180.9633072619237,183.83946565658027,15.894091055779349,12.106718758561042,9.633293842348698,71.0,54.0,40.0,-0.99687974849277,-0.06214106393348078,-0.04867499582132987,15.926351234550845,0.03289340307126633,-0.8875843386261786,0.459469330706545,12.86702756111753,-0.07175507702861614,0.45643458457783886,0.8868588833190277,8.53147454643656,69.52165383241748,66.47279452943177,42.60204328278388,21.082690163980093,6.89313392376212,69169.0,196876.76342925918, -2.8421709430404007E-14, 0.0,0.0,4.527364085662952, 53.2097472149877,53.2097472149877,0.0, 252.6221304894051, 8.495317284506125, 10.17816339524702, 8.495317284506125, 146.57263909889383, -37.28796767574391, 10.17816339524702, -37.28796767574391, 92.80035025303334, 11.274445808059275, 6.62208038609725, 11.0, 0.0
13, 0 ,1.0,1.0,1.0,21.606827809290404,46.06257287981501,57.32021002562734,12.549618232678226,16.33584438384142,17.253599493080785,55.0,85.0,84.0,0.14996371566258931,-0.009699973260378606,-0.9886439169404817,17.346579862841903,0.23236779578947628,-0.9715966158974793,0.04477972148759064,16.551236241383563,0.9609974461280376,0.23644434122074856,0.14345027723945267,12.132278060226335,87.1868732219907,88.57668042072102,64.73250513582462,25.790386051487964,7.542904765531443,151791.0,499911.2584516812, 0.0, 0.0,7.105427357601002E-15,8.642984996662538, 76.64347399270615,76.64347399270615,0.0, 157.49291778596975, -28.839942094936973, -21.470507906730756, -28.839942094936973, 266.8598117330832, -4.040604217795614, -21.470507906730756, -4.040604217795614, 297.6866954676375, 11.041057818828465, 6.2364833727072195, 14.0, 0.0
14, 0 ,1.0,1.0,1.0,140.36400047764522,114.31521100972208,120.72282646552496,16.95600308636921,16.096113468208472,17.7992554774235,84.0,84.0,87.0,0.54732230535454,-0.3012978724404874,0.7808059209075118,19.177402664292803,0.6945290687911394,0.6840734888852881,-0.22287403260232558,16.187207863204986,-0.4669771586121792,0.66427633848207,0.5836688097434621,15.284172651536137,97.27029081964429,76.53358508963389,73.58445555582038,28.208336582293025,8.227645608369896,200986.0,547795.3644791704, 0.0, 1.4210854715202004E-14,0.0,72.46442696832452, 131.08472735965094,131.08472735965094,0.0, 287.50604066496226, -8.622573324809995, 52.93736747140911, -8.622573324809995, 259.08486878144214, -35.896381962277275, 52.93736747140911, -35.896381962277275, 316.8134955505905, 9.865042048860468, 6.057631207757726, 28.0, 0.0
15, 0 ,1.0,1.0,1.0,77.22340919916815,91.80632137836487,158.1271653131644,14.397257062324336,17.369444186650036,17.206038733380385,77.0,82.0,84.0,0.1281756920363222,0.8553620974676516,0.5019229763487114,17.588785167222667,0.14805821267782784,0.48392221327010415,-0.862495250515857,17.08966122085162,-0.9806374241429179,0.18486474439303674,-0.0646163187657742,14.269004410406241,84.70304343302516,96.56621655636397,76.0975679538522,27.180605794537218,8.138859859242825,172146.0,622436.4375081102, 0.0, 0.0,0.0,NaN, 127.06372361174076,127.06372361174076,0.0, 207.28101091864798, 17.932735504218357, -4.491226347281152, 17.932735504218357, 301.69759135315076, 8.487718673138025, -4.491226347281152, 8.487718673138025, 296.0477688945861, 10.207028248818917, 6.334485324162238, 23.0, 0.0
16, 0 ,1.0,1.0,1.0,116.0316604484158,58.550484789651584,14.807698155577128,15.90067726816387,13.830680381703539,9.155813252023773,77.0,68.0,37.0,-0.9797703724655944,0.19611246909730354,-0.03987375958182939,15.985706962690568,-0.19862589040032771,-0.9772754375049199,0.07403022971897727,13.763512412478162,-0.024449394702269093,0.08045258674602536,0.9964585331987303,9.108845848274214,75.80118251608724,68.30548549330898,39.05456234670416,21.94457120507115,6.81057768024737,85501.0,202210.3303381916, 0.0, 0.0,0.0,NaN, 103.43166459464936,103.43166459464936,0.0, 252.83153758630323, -12.49302537193205, 5.1764138558947135, -12.49302537193205, 191.28771982083913, -9.051858213219482, 5.1764138558947135, -9.051858213219482, 83.82891630593413, 9.744907329364713, 6.110449644231006, 9.0, 0.0
17, 0 ,1.0,1.0,1.0,48.972659199207875,13.113472368339625,119.34096169317408,15.639251336457379,8.256692867401314,15.306324570115633,71.0,33.0,73.0,-0.8124710023314775,0.06450108161408663,0.5794225408465723,16.089190107358675,-0.5728370595733568,0.09645572418355884,-0.8139741988856748,14.908557197917315,0.10839083701971962,0.993245137789679,0.041418868976910064,8.118843223200269,76.53738113576111,78.79424958819578,37.53309015837342,22.214742123076874,7.317647417197093,80795.0,226351.01370192284, 0.0, 0.0,0.0,NaN, 95.26890871201884,95.26890871201884,0.0, 244.5861823648839, -18.750248648286554, -17.93045133510488, -18.750248648286554, 68.17297710659575, -5.0643225051430525, -17.93045133510488, -5.0643225051430525, 234.2835718457255, 8.647471749837523, 5.736897909822408, 10.0, 0.0
18, 0 ,1.0,1.0,1.0,101.99471353896729,21.389806163095468,186.40446609705174,17.186926990741433,13.072816516545597,7.5169662564529975,78.0,58.0,34.0,-0.9994027850287692,-0.034553972469945585,-3.102632520517578E-4,17.191249833825157,-0.03415965393387091,0.9865633574521104,0.1597681438082579,13.18419647869266,-0.005214529687086658,0.15968332636616833,-0.9871545187865867,7.309696650561603,78.2659543007338,62.78729168473748,36.99482143773977,21.61287261079859,7.461736411209176,67531.0,181796.52215097164, -1.4210854715202004E-14, -3.552713678800501E-15,0.0,21.98488962138589, 101.22943506762297,101.22943506762297,0.0, 295.3904593850764, 4.303507438068856, -0.5819787298181872, 4.303507438068856, 170.89853167526738, 18.978851704568687, -0.5819787298181872, 18.978851704568687, 56.50478170065299, 9.039625232166756, 6.231379172660498, 16.0, 0.0
19, 0 ,1.0,1.0,1.0,168.95253806420206,11.651770019201125,73.92813100035157,17.43159797786296,7.796382631470729,14.937814059823312,77.0,33.0,69.0,-0.8546710517809377,-0.12327677070060236,0.50432155521383,18.70288477781916,-0.5135353096505146,0.05801122746980938,-0.8561052407441478,13.49415536382688,-0.0762815770013626,0.9906752925621376,0.1128874914111746,7.476118718192745,85.57905946634936,62.609148333342944,36.695301509260155,22.83606844495679,8.142263632505932,73954.0,196614.60077681983, 0.0, 1.7763568394002505E-15,0.0,82.91874766515083, 81.02516393343687,81.02516393343687,0.0, 303.860608061836, 27.206611038852675, -71.19927603900753, 27.206611038852675, 60.783582136298456, -24.539995704735286, -71.19927603900753, -24.539995704735286, 223.13828888585502, 10.084897633862088, 6.271005581974502, 10.0, 0.0
20, 0 ,1.0,1.0,1.0,186.38982380770398,27.18337440533453,171.76533610953706,7.857043771567581,15.186330603757183,15.295537229610156,32.0,67.0,58.0,0.007900784304874748,0.6897608740286858,0.7239941396631272,16.31723330526012,-0.01965267656711629,-0.7237697906212612,0.6897615982988649,14.08515427204463,-0.9997756497890499,0.01967808027323204,-0.007837298363854257,7.852869511951917,81.25800548491232,72.80634823728448,32.66136651635787,21.807238436421752,7.124295400556938,75883.0,193227.86617173185, 0.0, 0.0,0.0,NaN, 41.48938400426487,41.48938400426487,0.0, 61.733136828328924, 3.0596787385291018, -0.6831359784960621, 3.0596787385291018, 230.624637206612, 33.9094704747543, -0.6831359784960621, 33.9094704747543, 233.95345914239033, 8.889980321888265, 5.656553643438645, 8.0, 0.0
21, 0 ,1.0,1.0,1.0,23.536618518217967,176.24726121885905,46.331067921772295,14.707127537807528,12.491543337774242,13.128833629453005,59.0,55.0,70.0,-0.9671872464621672,-0.16492212767603526,-0.19326024444706852,14.856132347026305,-0.09853701509586556,-0.4576315480000378,0.8836649947412685,13.253068680055682,-0.23417789591874025,0.8737128006833246,0.4263644626199197,12.1801490176455,70.10541009450495,66.8904966598892,65.27036742379735,22.37984462666318,6.621712945238827,98584.0,306077.92761567, 0.0, 0.0,0.0,NaN, 57.13784092568703,57.13784092568703,0.0, 216.29960041333655, 12.770879524059891, 11.147273845679003, 12.770879524059891, 156.03865495949205, -8.72903424147067, 11.147273845679003, -8.72903424147067, 172.36627246985617, 10.392325392763349, 6.101503143016772, 10.0, 0.0
22, 0 ,1.0,1.0,1.0,109.83998518095444,72.04155507359354,61.91271427799603,13.05995888693329,14.359669407375259,15.8540356499885,63.0,72.0,71.0,-0.2130066959267542,0.36939817016950643,0.9045292363245024,16.300557001150526,-0.12034285568521418,-0.9286450532801889,0.35090734119388656,14.02993003888849,-0.9696111305961245,0.034108018025904324,-0.24226204517102873,12.86724455991802,75.33978818633156,66.59791189180883,60.18466908292356,24.128975060928635,6.775370138794163,129563.0,301974.9265939776, 0.0, 0.0,0.0,NaN, 130.9656371681553,130.9656371681553,0.0, 170.5625261283878, -4.384681430765491, -20.61510313583803, -4.384681430765491, 206.20010548910895, 23.269783397476427, -20.61510313583803, 23.269783397476427, 251.3504463911063, 9.261780904642745, 5.718087137740762, 12.0, 0.0
23, 0 ,1.0,1.0,1.0,141.89929693630788,40.67501321247257,87.60875066062363,15.212823090186628,12.547275923945273,15.850688410891113,77.0,62.0,76.0,-0.5863733983335039,-0.10469209348568198,0.8032470375223323,16.457880567208377,-0.7761636522920753,-0.2111563238295219,-0.5941237175600956,14.693141280555386,-0.23181074735103194,0.9718294976323714,-0.042558253537576266,12.38378815747564,78.66992547191933,67.65951433245954,61.346848347380124,24.28861047109276,7.083208592688927,124882.0,326535.09956384584, 0.0, 0.0,1.4210854715202004E-14,36.55870004480353, 112.7184172557682,112.7184172557682,0.0, 231.42998637331542, 17.461579460291148, -26.509523804006964, 17.461579460291148, 157.43413311161672, -2.0367054854878184, -26.509523804006964, -2.0367054854878184, 251.2443230991578, 9.014605729411748, 5.725766630358954, 16.0, 0.0
24, 0 ,1.0,1.0,1.0,54.79863574351978,76.94553406628681,93.70324211540004,14.185918391849274,14.921020262576292,14.430245921439598,69.0,74.0,64.0,-0.19956860442620017,0.7796970901304242,0.5935021649240454,16.24986922836217,-0.8446752241368903,0.17012535104987922,-0.507524512372998,14.63135980114311,0.49668514962365556,0.6026025328293148,-0.6246391354782553,12.408633449347501,76.56512376975903,71.53452451230743,62.9288093874569,24.16358155673808,6.944814612386547,124610.0,344664.2180303116, 0.0, 0.0,0.0,NaN, 133.05563977161717,133.05563977161717,0.0, 201.2402806202075, -25.76618777954248, 12.72670532990618, -25.76618777954248, 222.63684567621226, 45.75219407942649, 12.72670532990618, 45.75219407942649, 208.23199735322416, 8.717188460085845, 5.618964780135439, 11.0, 0.0
25, 0 ,1.0,1.0,1.0,117.03279279279279,151.38405045045045,158.6421981981982,16.815496669332486,13.612876284863223,14.634151820048913,77.0,73.0,78.0,-0.9161876833983129,-0.3987597457037576,0.039884758937557975,17.478910555063194,-0.0668248404525835,0.05388348238754273,-0.9963086926371154,14.639441981808739,-0.3951386712126761,0.9154710457092929,0.07601443928764293,12.743788790815733,88.8116025758116,79.08951695906919,67.1423667928269,25.053709491850416,7.3852128725964,138750.0,471612.46597700473, 0.0, 0.0,0.0,NaN, 104.67824889749122,104.67824889749122,0.0, 282.76092823633195, 52.09604735459785, -1.7734342472202027, 52.09604735459785, 185.31040074699155, -5.0627734442333026, -1.7734342472202027, -5.0627734442333026, 214.1583994922409, 9.070693300087173, 5.776968425672, 18.0, 0.0
26, 0 ,1.0,1.0,1.0,15.791749509892524,97.69737079932706,23.41430418642159,9.477226208740866,13.222906291487634,14.608130427090833,38.0,59.0,58.0,-0.025781783677955417,0.3086052117977784,0.9508407452784258,14.78429788363195,-0.3127757039713711,-0.9058921741451178,0.2855358608438613,13.397519170643948,-0.9494770448176181,0.2900382596725471,-0.11987972843864678,8.943799983243629,65.79525493700321,65.40741010630504,42.34276234690424,20.914317603405657,6.375881206854138,71923.0,182221.96016191845, 0.0, -1.4210854715202004E-14,0.0,72.02480582881732, 101.69751842704264,101.69751842704264,0.0, 89.81781661164477, 27.0903635809453, -12.283686051690726, 27.0903635809453, 174.84525079346324, 14.92764129585322, -12.283686051690726, 14.92764129585322, 213.397474574897, 10.894311807374576, 6.507657428111052, 5.0, 0.0
27, 0 ,1.0,1.0,1.0,174.4697775240406,64.61118445701237,114.70892579971812,13.474444038607874,13.944269990956993,14.533009531110684,60.0,69.0,74.0,-0.5400206820748534,0.3796401012850265,0.7511664638598458,15.214284383842722,0.1895086971281842,-0.8147264582248135,0.5480029671281258,14.022373135878887,-0.8200390945828062,-0.43828551398003873,-0.368024036702856,12.613892186291055,86.2132626367052,69.32759341383675,63.036401447232066,23.25690456176294,6.806472211554194,112102.0,376765.9251162781, 0.0, 0.0,0.0,NaN, 110.00438516190182,110.00438516190182,1.9073486328125E-6, 181.5606421495753, -20.628122665604845, -25.45803963703185, -20.628122665604845, 194.44266558070373, 3.8861389523144996, -25.45803963703185, 3.8861389523144996, 211.208366031354, 9.673471983554544, 5.468833871588972, 11.0, 0.0
28, 0 ,1.0,1.0,1.0,184.18165436512513,20.694715142428784,115.45435935878214,9.755698497472274,11.404586044298677,16.49872239951097,38.0,45.0,80.0,-0.21553579078366653,-0.2843400018803202,0.9341815060372151,17.22199175138886,0.01408959345498498,-0.9574730317809614,-0.28817855015328186,10.746852209631529,-0.9763942883116089,0.04895055406094817,-0.21037594208842755,9.238736089474145,88.5660647828944,54.54027042127218,43.95010472954468,21.062655000486945,7.335573676403466,69368.0,212297.33846112233, 0.0, 0.0,0.0,NaN, 88.46726312531989,88.46726312531989,0.0, 95.17365317358276, 12.539497960014163, -42.656014045092356, 12.539497960014163, 130.06458284181213, -47.79490589117598, -42.656014045092356, -47.79490589117598, 272.2078408161251, 9.169687579283147, 5.841460163573142, 5.0, 0.0
29, 0 ,1.0,1.0,1.0,11.24264341771582,174.85352860851427,137.37681007187769,6.9934409629587915,13.528680057088886,16.387091581208495,28.0,49.0,73.0,0.02549181063250403,0.06312264676159027,0.997680158696407,16.401636937918845,-0.022756254584801516,-0.9977092296705925,0.06370593306265868,13.518907332122359,-0.9994159896999589,0.024327443267301106,0.023996979729290976,6.97822480166434,74.31039179026547,51.81372024292352,29.482035288031213,21.238035007583214,7.029654336954347,66641.0,113514.61712331047, 0.0, 0.0,0.0,NaN, 68.41349261099305,68.41349261099305,0.0, 48.90821650238998, 3.3983500007551632, 5.408922152094637, 3.3983500007551632, 183.02518408707456, 5.35361178721224, 5.408922152094637, 5.35361178721224, 268.5367704909143, 10.188263613890042, 5.9227479342477265, 9.0, 0.0
30, 0 ,1.0,1.0,1.0,11.218402928584725,25.092247316498106,170.38468697648446,7.063211090023829,13.908305764677305,15.722831076476675,29.0,51.0,60.0,0.01607675202716726,-0.15600010222548558,0.9876261975818053,15.767449165560063,0.029809117104231567,-0.9872400124721704,-0.15642434053374252,13.86412519595756,-0.9994263127323211,-0.03195506031269697,0.011221387556300998,7.050596894427195,67.05580246829399,59.615758696742205,28.97214168168101,21.03031621666608,6.947167554653303,64468.0,115818.52770893798, 0.0, 0.0,0.0,NaN, 40.40470523517272,40.40470523517272,0.0, 49.88895090223561, -4.692527179628743, 2.4936496769111467, -4.692527179628743, 193.44096924375597, -8.638203968623188, 2.4936496769111467, -8.638203968623188, 247.2074170594207, 8.685269982550494, 5.234956590252974, 6.0, 0.0
31, 0 ,1.0,1.0,1.0,98.73912125647377,185.6308263904526,142.25606563836973,13.472598419280782,8.663165518944746,15.10780514732288,66.0,35.0,65.0,-0.24972461460912654,0.07005046947900251,0.9657797619458046,15.271160380496784,0.9527763445713852,0.19574730525102998,0.2321642300444887,13.476932507366293,0.17278557255602475,-0.9781492341216302,0.11562535061030216,8.36487131821853,70.96792765954112,68.9259205992162,38.32752652709365,20.97767327091984,6.689121428400715,71056.0,187480.23613438776, 0.0, 0.0,0.0,NaN, 115.28334299577806,115.28334299577806,0.0, 181.51090816720705, 17.96877995946623, -14.67088368697297, 17.96877995946623, 75.05043680863318, 16.11783823780847, -14.67088368697297, 16.11783823780847, 228.2457763694757, 9.70363480154701, 5.5407611934975805, 7.0, 0.0
32, 0 ,1.0,1.0,1.0,175.93543516011778,150.58197879477527,93.06793006374511,14.126006161610716,11.576950855000709,14.070913137889107,62.0,55.0,67.0,-0.6972368826048181,-0.12875132911502396,0.7051835397870762,15.057698907964097,-0.7149972877726797,0.19541428718865017,-0.6712615994083566,13.192530608097448,0.05137711565695842,0.9722326633135032,0.22830689953022668,11.436051655291472,72.80505729244574,65.97135219532748,54.70743873057958,22.08574520223545,6.6166680869532195,92713.0,262762.45835097897, 0.0, 0.0,0.0,NaN, 108.0873892141127,108.0873892141127,0.0, 199.54405007786391, 2.569280738035947, -26.414746266851296, 2.569280738035947, 134.02579109910164, -14.38624898827051, -26.414746266851296, -14.38624898827051, 197.99059653402028, 9.245866467934778, 5.540135269328532, 9.0, 0.0
33, 0 ,1.0,1.0,1.0,19.86432949759326,75.896068366426,174.83595630264742,11.610424730505228,15.554109351716763,14.523127161959623,47.0,73.0,60.0,0.034875867457959384,0.8095775767661343,0.5859759560481375,16.614774826662604,0.03842516265466546,-0.5869853498668599,0.8086851710750251,13.305472267168378,-0.9986526827401095,0.005687375418757039,0.05157977333052914,11.600308957836052,85.13641004762744,67.27429663073664,48.05848277297242,23.161348848518816,7.155796407638539,106368.0,275254.58059416286, 0.0, 0.0,0.0,NaN, 82.38952527519766,82.38952527519766,0.0, 134.8019624227274, 3.036873520192957, 4.21107556223202, 3.036873520192957, 241.93031772516287, 46.95963538776573, 4.21107556223202, 46.95963538776573, 210.9212225624494, 8.460685116951673, 5.130813779778776, 8.0, 0.0
34, 0 ,1.0,1.0,1.0,105.1067819508241,15.463550391786004,9.83839502837071,16.247360060521935,9.35641116399493,6.498902367500089,75.0,38.0,26.0,0.9913576055624486,-0.0203764401578458,0.12959513331905004,16.36713240021557,0.031593581733563636,0.9958716104468424,-0.08509747998182382,9.373243085053055,-0.1273261304160825,0.08845640843096675,0.9879086599077674,6.165562573730749,74.97371618820715,39.71526575658013,29.18373432974277,18.57669340947981,6.97576753902038,37010.0,86897.51836760223, 1.4210854715202004E-14, 0.0,0.0,7.53820506320855, 96.64697739289117,96.64697739289117,0.0, 263.97670893624337, -3.0751945730434613, 29.3984237462272, -3.0751945730434613, 87.54242986972896, -4.831059311178768, 29.3984237462272, -4.831059311178768, 42.23573198229827, 10.857480944161221, 5.969663761012114, 5.0, 0.0
35, 0 ,1.0,1.0,1.0,88.15993025523825,37.717346546747706,106.77892486676583,13.377979818272227,12.820628403019544,13.5758619026292,67.0,64.0,61.0,-0.6992364761789006,0.41684645161487033,0.5807817026706383,14.265555253595869,0.3675374756845768,-0.4872021005559132,0.7921807351743135,13.266830184453498,-0.6131757940006466,-0.767380706683454,-0.18746278740507252,12.17078605633778,69.36600413162085,70.00430845697626,60.66961243230287,22.137854418110706,6.128481445518959,101513.0,294606.73281234107, 0.0, 0.0,0.0,NaN, 133.73458932576875,133.73458932576875,0.0, 178.970344018099, -21.13373775956226, -14.37157649967964, -21.13373775956226, 164.36851264831145, 2.646209758376857, -14.37157649967964, 2.646209758376857, 184.30402639925893, 8.3591827500838, 5.328237253298724, 11.0, 0.0
36, 0 ,1.0,1.0,1.0,104.93582624039858,158.53195713099439,17.77443170022836,10.672110900209711,16.389380961579185,10.25087623858319,49.0,84.0,41.0,-0.07677732742262554,0.9970437084209152,-0.0030142150070325137,16.41758860439188,0.9664642291904756,0.07367884560405105,-0.24600471825905026,10.654264820429939,-0.24505537269992533,-0.021800715784671836,-0.9692639439812959,10.224267630592886,83.81940618975838,52.59407376190414,43.68833280781861,21.066357563237535,6.617764127458587,77072.0,192595.8224936195, 0.0, 0.0,0.0,NaN, 105.22702188243979,105.22702188243979,0.0, 113.89395106637492, -11.99164339877173, -2.096308137983476, -11.99164339877173, 268.61180830377424, -0.6586039713211147, -2.096308137983476, -0.6586039713211147, 105.08046365874945, 8.600793869428156, 5.331453051408364, 16.0, 0.0
37, 0 ,1.0,1.0,1.0,169.72670226566507,88.60293540893595,186.66190002111804,13.620412928726314,15.624124590082248,7.862295921241119,61.0,76.0,34.0,-0.2592830775145708,0.9657036308305941,0.01373983679596912,15.77069760554324,0.9657418996308894,0.2590830013348065,0.014784509348297468,13.452708616616,-0.010717696202749634,-0.017102509171327104,0.9997962968365856,7.858393132156887,76.80537546120249,63.61218511722586,34.797579094792354,21.011992376233508,7.066879869483259,66294.0,170012.5421554856, 0.0, 0.0,0.0,NaN, 94.57725746625569,94.57725746625569,0.0, 185.51564834901492, -16.983196311293604, 1.0361918813560207, -16.983196311293604, 244.11326920641275, 2.9373728279465934, 1.0361918813560207, 2.9373728279465934, 61.81569715316474, 8.158107338165879, 5.212371833920263, 11.0, 0.0
38, 0 ,1.0,1.0,1.0,153.41229714876835,90.19215103122778,69.71134242796491,10.92418722355432,13.196104313652496,15.071678284598633,53.0,64.0,67.0,-0.10366290687713084,-0.2024962861325857,0.973780907514772,15.210650219751281,0.227824231718268,-0.957859433419384,-0.1749326306081218,13.200527804901899,0.9681684363682612,0.20371686211996937,0.14542805406189377,10.724397765417859,67.85011174530933,68.74793583787852,48.90646262862333,21.91390086959751,6.357001694514945,92802.0,228126.8910887162, 0.0, 0.0,0.0,NaN, 123.14507471963074,123.14507471963074,1.9073486328125E-6, 119.33786649526743, -10.48546456710886, -14.106057886454769, -10.48546456710886, 174.13716905679803, -13.016429152124632, -14.106057886454769, -13.016429152124632, 227.155486314442, 7.839200424589165, 5.061791365982529, 7.0, 0.0
39, 0 ,1.0,1.0,1.0,154.12529512770982,52.59591113972956,157.00589182227947,12.017402679187247,14.987276510516573,12.34532887121903,56.0,79.0,59.0,-0.03861533184661743,0.9895311072615619,0.13905769992374736,15.044239110716514,-0.607413155244821,0.08725511455126092,-0.789579510765178,12.651238836498246,-0.7934469830945904,-0.11495535109925804,0.5976848268709347,11.621557330084421,80.10436164513312,64.19588915744146,59.176436097471836,21.8936795501619,6.489249960505596,93180.0,304307.1723725174, 0.0, 0.0,0.0,NaN, 81.9714081478145,81.9714081478145,0.0, 144.41796715373684, -4.812108419793262, 11.496696855278369, -4.812108419793262, 224.61845720268184, 10.83681954050576, 11.496696855278369, 10.83681954050576, 152.40714493855413, 8.000763237034976, 4.917986315034095, 10.0, 0.0
40, 0 ,1.0,1.0,1.0,122.21292901097507,79.96449914356404,177.74380511323986,14.07929016455156,11.606436397061257,12.459042797071755,73.0,56.0,50.0,-0.7869837022950122,-0.26430708796518687,0.5574929735641502,15.176223379442295,-0.568308078874394,0.6622906026759084,-0.48825923963943335,12.387258286087913,-0.2401719796481904,-0.7010798248834041,-0.671419763883462,10.217710158687582,84.06947691970743,61.101407023927464,55.05937573462904,21.106754784340403,6.532107414120974,78815.0,282826.9821119739, 0.0, 0.0,0.0,NaN, 113.75626465021654,113.75626465021654,0.0, 198.22641153763828, 7.732345053260136, -41.63577412180974, 7.732345053260136, 134.7093658390283, -34.412533569665484, -41.63577412180974, -34.412533569665484, 155.22774741926557, 8.504662872559452, 5.01176252201396, 8.0, 0.0
41, 0 ,1.0,1.0,1.0,187.2740118933205,108.10670951465642,136.74433865929842,7.609538768193017,14.794412304126956,14.761281393052114,29.0,64.0,67.0,-0.08823650290125228,-0.7096495945087193,0.6990077056580765,15.975995699568719,-0.0038938713039707654,-0.7014937265992388,-0.7126649909376641,13.53099940147729,-0.9960919422031408,0.06560491258680849,-0.059134069050352,7.506980795138974,74.24892388168327,63.81505074471238,31.348195261729728,21.11005363824674,7.002912211671262,66592.0,148533.98258979633, 0.0, 0.0,0.0,NaN, 112.28359764972181,112.28359764972181,0.0, 57.90508026463251, 12.79929828637159, -11.914688664046968, 12.79929828637159, 218.87463542450308, -35.295655191509184, -11.914688664046968, -35.295655191509184, 217.89542836486658, 9.03412180322597, 5.21319270963177, 7.0, 0.0
42, 0 ,1.0,1.0,1.0,48.224336124528065,34.34306384594292,11.520828499715256,12.908294765724584,11.594550132033948,7.5201362667651255,58.0,56.0,31.0,-0.9760330547857043,0.20360125795698406,0.0768505284563504,13.002143879170625,-0.19431514737635647,-0.974352487262403,0.11348503895084171,11.562507047336707,0.09798520023856373,0.09583192747671798,0.9905630430266948,7.406942778193449,57.53921946058913,54.625110082759576,34.01311186879656,18.056055234883246,5.620407934362009,47411.0,106906.14243559806, 0.0, 0.0,0.0,NaN, 60.31386340053028,60.31386340053028,6.743495761743046E-7, 166.6240737588327, -7.767835039662691, -10.303780386892772, -7.767835039662691, 134.43359276424846, -6.929684578428418, -10.303780386892772, -6.929684578428418, 56.55244947071612, 8.206576637895273, 4.954141939008975, 3.0, 0.0
43, 0 ,1.0,1.0,1.0,46.12712638504613,22.70789923086088,166.61911065807067,12.014995135003387,13.217197666273886,11.589670300270425,52.0,53.0,58.0,0.37315468329133594,-0.8911900758418646,0.2579454032517621,13.487595274857206,0.7276459260237353,0.4536095395362283,0.5145578606753488,12.117212206234464,-0.5755753544748102,-0.004316753722682837,0.8177373520626865,11.163907110112179,64.50829682371074,66.56570554696555,62.35936734820447,20.45389778860154,5.917173748158826,75539.0,267773.63595832227, 0.0, 0.0,0.0,NaN, 61.29962682822043,61.29962682822043,0.0, 144.36010809415507, -11.723850677318563, 13.823424725645646, -11.723850677318563, 174.69431414935585, -7.987719235489972, 13.823424725645646, -7.987719235489972, 134.3204576689704, 8.008137723765921, 4.874486506654232, 6.0, 0.0
44, 0 ,1.0,1.0,1.0,34.76193549037599,54.574617610582884,127.93641799171195,14.322733879504556,13.303924591109528,12.495886477437548,71.0,64.0,61.0,-0.9242029061080946,-0.202763402557008,-0.3236294036778136,14.476693696692205,-0.3381569179665733,0.8282968792943545,0.4467372590041958,13.80008209743775,0.17747925842954373,0.5223133947494918,-0.8340802302492013,11.758629506969477,72.94101661714363,65.66576589346954,53.40074022320663,22.294082554040447,6.423097168784707,99179.0,255775.00578038825, 0.0, 0.0,1.4210854715202004E-14,71.11744150953287, 96.85009498314217,96.85009498314217,1.9073486328125E-6, 205.14070578310762, -1.2514817007284917, 13.446332038055596, -1.2514817007284917, 176.9944095259288, 23.986403761402553, 13.446332038055596, 23.986403761402553, 156.14717885700657, 8.301814473625834, 4.922419992607708, 6.0, 0.0
45, 0 ,1.0,1.0,1.0,59.12048572996707,144.58541437980242,86.8221185510428,12.139607666540863,12.745245285220728,10.883429549591268,62.0,60.0,50.0,-0.4634342384619864,0.8606422779878444,-0.21100610408481707,13.055913806455452,0.8716633426333423,0.48560847561038917,0.06623764431667344,11.912064944256798,-0.15947326964236558,0.1532294937511972,0.9752379189276458,10.765974822611717,58.13431182941733,54.785880783112475,47.85500653565744,19.928268637342377,5.578933550133867,72880.0,152415.2995016133, 0.0, 0.0,0.0,NaN, 118.76063490103435,118.76063490103435,1.9073486328125E-6, 147.3700742975377, -10.755907295129445, 6.835016149880513, -10.755907295129445, 162.4412773804412, -9.070426563944114, 6.835016149880513, -9.070426563944114, 118.44903876091638, 7.242846119797223, 4.6826785656665555, 14.0, 0.0
46, 0 ,1.0,1.0,1.0,131.38683309776408,119.92883537966385,183.16175944689473,14.782582544368436,10.649256558219184,9.394523880810704,69.0,50.0,38.0,-0.9786193864364295,-0.012590561681336945,0.20529387289282525,14.987833514717238,-0.07242120319674548,-0.9131113427181877,-0.40122667549270086,11.00705005170005,0.19250783313497347,-0.4075158322764136,0.8926766383331314,8.625438340481724,68.50338626874316,54.55269056801609,43.63459173327351,19.502067603668138,6.313307378303493,58723.0,163064.390711984, 0.0, 0.0,0.0,NaN, 106.78335273316385,106.78335273316385,0.0, 218.5247466810664, 4.9430985391679005, -28.824660313602468, 4.9430985391679005, 113.4066652427743, 16.741770562276844, -28.824660313602468, 16.741770562276844, 88.25707894712261, 7.783259835102524, 4.9036443077149485, 8.0, 0.0
47, 0 ,1.0,1.0,1.0,123.88102627131664,9.478322322937471,48.800122906744505,9.045062812155955,6.338170563825312,13.681178469836807,43.0,26.0,59.0,-0.11201953576718204,0.039281369160642315,0.9929293014325696,13.739331843512282,0.9936106658568502,0.018268832195681324,0.11137367043297254,8.970047818275319,0.013764748526993272,-0.999061171203781,0.04107685346904332,6.318956743578644,59.66956734474752,43.53189552511097,27.221443411784662,16.65076649002961,5.649087270524112,32545.0,70708.49880163901, 0.0, 0.0,0.0,NaN, 90.91418344394262,90.91418344394262,0.0, 81.8131612758466, 0.0808131520790786, -12.06968579213671, 0.0808131520790786, 40.172406096141664, 5.88777037058547, -12.06968579213671, 5.88777037058547, 187.1746443235262, 8.677985077218208, 4.75152493552733, 4.0, 0.0
48, 0 ,1.0,1.0,1.0,10.147679595170228,42.6503859334465,12.750120103769657,6.67460118961957,14.637197870642334,7.841172370754641,27.0,57.0,32.0,-0.02395113565852144,-0.9963424168058751,0.08202518865625993,14.675277996389198,0.32009250720118504,-0.08537221390521371,-0.9435318605784235,7.907648364923804,-0.9470834862536284,-0.003656988699781538,-0.3209665037029927,6.510542201545606,57.64950013413382,38.25952126379819,30.22203569478047,16.849966409739977,6.029965064850842,31223.0,66658.99960211662, 0.0, 0.0,0.0,NaN, 45.657380390236106,45.657380390236106,0.0, 44.55030104047098, 3.5773650981929506, -6.423591704784327, 3.5773650981929506, 214.24756150433646, -12.513938088820751, -6.423591704784327, -12.513938088820751, 61.483984147885955, 9.685261743619556, 5.804253598493058, 2.0, 0.0
49, 0 ,1.0,1.0,1.0,48.76952986293587,182.95852567289256,163.71813081457282,15.17140852819794,9.850857785943507,9.152105989627536,62.0,42.0,41.0,-0.9968838177501488,0.03352480477301356,0.07140547158880378,15.197824693190151,-0.06911020773826498,-0.8075942123757176,-0.5856751380446494,10.607668191279668,0.03803200092372202,-0.5887849145504468,0.8073945078482772,8.214352076244996,63.24532953527523,51.15432310725669,41.050100851174335,19.31345873090998,6.1613628154146,56324.0,132808.24278705448, 0.0, 0.0,-2.8421709430404007E-14,85.90528315338344, 63.12885965928504,63.12885965928504,0.0, 230.1716367294772, -2.9499570030569338, -9.814962429799552, -2.9499570030569338, 97.03939911888381, 21.698095901975712, -9.814962429799552, 21.698095901975712, 83.76104404537622, 8.561821612770538, 5.188071902286436, 7.0, 0.0
