// Sample: .//bubblelabels.tif, Map: .//bubblelabels.tif, Thickness:(8.191250068658265):/gpfs/home/mader/Foam/NewValid/InSilicoTest/LatticeDataPhi_16.0/out_Step_02000.vtk/distmap.tif, Neighbors:(1.0):
//LACUNA_NUMBER, TRIANGLES, SCALE_X, SCALE_Y, SCALE_Z, POS_X, POS_Y, POS_Z , STD_X, STD_Y, STD_Z,PROJ_X, PROJ_Y, PROJ_Z, PCA1_X, PCA1_Y, PCA1_Z, PCA1_S, PCA2_X, PCA2_Y, PCA2_Z, PCA2_S, PCA3_X, PCA3_Y, PCA3_Z, PCA3_S,PROJ_PCA1, PROJ_PCA2, PROJ_PCA3,OBJ_RADIUS, OBJ_RADIUS_STD, VOLUME, VOLUME_BOX, Mask_Grad_X,Mask_Grad_Y,Mask_Grad_Z,Mask_Angle, Mask_Distance_Mean,Mask_Distance_COV, Mask_Distance_STD, SHAPET_XX, SHAPET_XY, SHAPET_XZ, SHAPET_YX, SHAPET_YY, SHAPET_YZ, SHAPET_ZX, SHAPET_ZY, SHAPET_ZZ, Thickness, Thickness_STD, Neighbors, Neighbors_STD
1, 0 ,1.0,1.0,1.0,169.87936321973743,65.10242008660396,165.53612901002722,12.956007300574422,13.4923277546864,13.444224087774568,59.0,66.0,64.0,-0.2673758127089607,-0.7106297332276833,0.6507807288411165,15.031156628633292,-0.8924360319270752,-0.07208739301099643,-0.4453777460618512,12.952675509283342,0.3634117550334326,-0.6998634081173486,-0.6149171539987239,11.702167418534973,76.19681987208222,63.77028321228357,68.0258738740433,21.943511108197097,7.0093162989758655,87063.0,330544.0328066618, 0.0, 0.0,0.0,NaN, 79.58226099323045,79.58226099323045,0.0, 167.85812517253774, 18.892970816186118, -3.2309251577320346, 18.892970816186118, 182.04290823988097, -40.167104997329204, -3.2309251577320346, -40.167104997329204, 180.7471613222979, 5.874438442015727, 4.0636258563285494, 36.0, 0.0
2, 0 ,1.0,1.0,1.0,169.65429055615468,40.18263749807426,11.96038745955939,14.94067623980051,11.437294183301722,8.199951617909917,65.0,62.0,31.0,0.9380964984950455,0.33860847638253216,0.07293325190360989,15.421409257840496,0.34260956086088573,-0.9380572500138304,-0.051645759779492796,10.828888021647485,-0.050927873684714076,-0.07343633581811063,0.9959987230230588,8.135725658526196,73.68195041277735,65.82455278755693,34.66963647132012,19.3673055895382,6.7957476023944485,51928.0,168150.56018819546, 0.0, 0.0,0.0,NaN, 51.754780514796046,51.754780514796046,0.0, 223.2238065025395, 38.10298313752527, 10.83890917566651, 38.10298313752527, 130.8116982353874, 6.712942638529023, 10.83890917566651, 6.712942638529023, 67.23920653606348, 6.0947739569826975, 4.065175421224883, 15.0, 0.0
3, 0 ,1.0,1.0,1.0,9.088970163618864,30.14483156881617,134.951645813282,6.001524958443582,10.522132398303969,10.618373070565053,23.0,51.0,56.0,0.0339979616416088,-0.6903396046626524,0.7226862174128053,11.60322921298143,-0.014138223327779894,-0.7233640947698464,-0.6903220241589677,9.431591935445134,-0.999321894709282,-0.013252042560023557,0.03435308024963418,5.991123775571735,65.88525844552608,46.759982087317795,24.18727253908282,15.236092978558034,5.229234116837264,25975.0,74515.99213556733, 0.0, 0.0,0.0,NaN, 72.26761813805795,72.26761813805795,0.0, 36.018301826821244, -1.7748106161899642, 2.943936343619027, -1.7748106161899642, 110.71527020743801, -22.76554731663391, 2.943936343619027, -22.76554731663391, 112.74984666570109, 6.311201702183089, 4.1177619845122795, 12.0, 0.0
4, 0 ,1.0,1.0,1.0,59.084855847857575,74.27905238072987,142.63901219569178,9.94523554287619,9.833985966811099,10.694798084831445,52.0,56.0,57.0,-0.6038771224362863,0.32232199283869706,0.7289999684023053,11.621602182865091,0.2411566464970262,-0.7978454967153711,0.5525269542939166,9.942953184713469,-0.7597209309005375,-0.5094615749038336,-0.40407055182000867,8.72179687586575,55.04727749276144,52.90344130047666,48.82223382923206,16.891197798359975,4.968010971275436,42802.0,142179.6413275075, 0.0, 0.0,0.0,NaN, 110.89941719877214,110.89941719877214,0.0, 98.90771000328786, -15.867775296640604, -22.932780998428857, -15.867775296640604, 96.70727999543762, 3.8138086616200226, -22.932780998428857, 3.8138086616200226, 114.37870607531434, 5.930216254822328, 3.8648360238932464, 21.0, 0.0
5, 0 ,1.0,1.0,1.0,29.031787422611146,106.85294917531876,174.05589595098306,12.603930883166953,12.342094061056217,10.05185860687952,60.0,59.0,51.0,-0.7945289251346348,0.6072228057612082,-0.0020618651478261684,12.961912952994705,0.6060285483453245,0.7927439732640064,-0.06547053874877723,11.973204676170216,-0.038120673064108115,-0.05326778592247234,-0.9978523724820506,10.042778666974119,66.81267635352827,58.01706541285536,51.91139694013171,19.42507971395859,5.9069873098445225,62509.0,201222.8716867414, 0.0, 0.0,0.0,NaN, 100.9569922947076,100.9569922947076,0.0, 158.85907370764969, -11.980559759576353, -1.5762700611847342, -11.980559759576353, 152.32728581195914, -2.289897525453541, -1.5762700611847342, -2.289897525453541, 101.03986145269788, 5.9019092393349775, 3.7429568035706375, 24.0, 0.0
6, 0 ,1.0,1.0,1.0,136.67209489344592,16.342508315970317,180.3534378769602,14.030313329248488,10.088993736124982,9.494373600414042,74.0,42.0,39.0,0.9748858453896665,0.22251092191340627,0.009299359554325582,14.215567873818433,0.222698061131495,-0.9736711146533057,-0.04868402261585668,9.827518250751536,-0.0017782089718854123,0.04953231388734203,-0.9987709386309843,9.493057033680062,75.19564391391818,46.83763772908939,39.769478554412274,18.74335555522564,6.121048874098265,54714.0,140067.55975805467, 0.0, 0.0,0.0,NaN, 68.28973968684272,68.28973968684272,0.0, 196.84969211688778, 22.886408262909196, 0.9449871870187203, 22.886408262909196, 101.78779460756911, 0.5379898049085282, 0.9449871870187203, 0.5379898049085282, 90.14313006423907, 6.129941485377459, 3.9491025510390627, 14.0, 0.0
7, 0 ,1.0,1.0,1.0,185.27773594703362,155.71756458522654,91.48887446449436,8.265577598596337,10.770061623799853,10.421868557122885,32.0,57.0,52.0,0.17221403117045428,0.789049012220593,0.5896982141585033,11.48217389995423,-0.24621071966688615,-0.5451623247663075,0.8013602942350645,9.83531538888351,-0.953793797940171,0.2831955083844043,-0.10038772356101572,8.022194112162305,55.682204531715314,47.77639088720137,38.23213265942812,16.398925368412385,4.89944807116566,38515.0,101708.74252802617, 0.0, 0.0,0.0,NaN, 102.70293713370059,102.70293713370059,0.0, 68.3197730384176, 13.516090137136958, 0.46510476056870176, 13.516090137136958, 115.99422738044633, 17.255743903018825, 0.46510476056870176, 17.255743903018825, 108.61534422194663, 6.162473207114038, 4.075337313571352, 20.0, 0.0
8, 0 ,1.0,1.0,1.0,79.37096685689201,146.5740507023705,44.81872805092186,9.586271262417046,8.812619492702146,10.459233196052239,45.0,40.0,50.0,-0.5743298619999335,-0.07705152305543726,0.8149897376102194,11.271659428839222,0.16821821603065187,-0.9854230004157453,0.025379953646434767,8.799771543836806,0.8011540684603692,0.15167258501940184,0.5789193255911659,8.629492023620957,55.547320090238216,41.032403775491446,41.69332754508184,16.045683146327885,4.635781536789315,36448.0,95029.10265017442, 0.0, 0.0,0.0,NaN, 105.65415667285987,105.65415667285987,0.0, 91.8965967166429, 1.8349500782826997, -24.599621981357338, 1.8349500782826997, 77.66226232315381, -3.3761865399867763, -24.599621981357338, -3.3761865399867763, 109.39555904940113, 6.0254523054924745, 3.939836040842651, 14.0, 0.0
9, 0 ,1.0,1.0,1.0,152.83414634146342,10.601330376940133,87.1614996976416,9.670223902187175,6.7841918653721,9.623128241179929,48.0,26.0,47.0,-0.7536414098765309,-0.0542166829657879,0.6550459347309179,9.885609645254473,0.6510485586214521,0.07539321515490562,0.7552824884938985,9.422899869871937,0.09033493032179911,-0.9956788711210022,0.02152175566635528,6.754758819885946,50.99927443041355,52.29246483878103,27.44939634532384,14.49988798989261,4.679351986266044,24805.0,73204.18477480164, 0.0, 0.0,0.0,NaN, 99.67012083187969,99.67012083187969,1.9073486328125E-6, 93.51323031843215, 4.247444997812209, -4.49448055810931, 4.247444997812209, 46.025259266180974, 0.6076625885901239, -4.49448055810931, 0.6076625885901239, 92.60459714619472, 6.329707389089567, 4.050723669066722, 15.0, 0.0
10, 0 ,1.0,1.0,1.0,98.98689967842269,88.48921925246455,13.24555854288576,11.30445360625056,9.917419700910745,8.468683688847973,58.0,50.0,33.0,-0.9950730452365398,0.03917586936533833,-0.09107626421383827,11.330460948828499,-0.009755709080229338,-0.9528529744755743,-0.30327551034231764,10.065504541548155,-0.09866337103515604,-0.30089277208421156,0.9485404993585977,8.256558683421895,59.55149331222681,55.077352317278006,40.13506749743152,16.494504295966607,5.078958191596044,37938.0,131640.55622258518, 0.0, 0.0,0.0,NaN, 133.4323538463212,133.4323538463212,0.0, 127.7906713358713, -2.039007275858665, 5.55461654794178, -2.039007275858665, 98.35521352401258, 9.362919327430053, 5.55461654794178, 9.362919327430053, 71.71860342175971, 6.289365529881279, 3.9658162106413544, 12.0, 0.0
11, 0 ,1.0,1.0,1.0,154.96353830377151,9.770367275627635,39.9202020585666,10.273725325432222,6.221894962824729,9.832999835924033,47.0,24.0,49.0,0.9423969394150494,-0.01920359360161867,-0.33394495141255215,10.337219114543595,-0.33375504980861587,0.012459076235428697,-0.9425774971569223,9.767966474166663,0.02226152080151805,0.9997379623742134,0.005332098973194123,6.219166077666994,56.54694466059637,51.32606521749992,24.64276104938086,14.802468047266167,4.672925686741364,26329.0,71521.47813892279, 0.0, 0.0,0.0,NaN, 60.970201666168826,60.970201666168826,0.0, 105.54943206242743, -1.469803160598472, -3.6085535350289017, -1.469803160598472, 38.71197692842374, -0.22904243814448969, -3.6085535350289017, -0.22904243814448969, 96.68788577328206, 5.823035218740434, 3.881306068474556, 15.0, 0.0
12, 0 ,1.0,1.0,1.0,188.99863238512035,58.992575804939044,93.17032666458269,6.721055804517774,9.486850669660242,9.916887631065075,27.0,47.0,57.0,-0.11067745579921011,0.3184980726348586,-0.9414401088256725,9.990287612344963,0.07677952550649567,-0.9416886790577952,-0.32760851056922,9.459746870366926,0.9908861716871474,0.10854220129638867,-0.07976957626139793,6.650182675254602,54.46441679749948,48.47729773602977,29.01366796624643,14.578870617994749,4.579750926285518,25592.0,76604.43208807222, 0.0, 0.0,0.0,NaN, 110.82357086957742,110.82357086957742,0.0, 45.17259112744206, -5.231801338184873, 4.652819687138981, -5.231801338184873, 90.00033562843298, -2.7022365557099244, 4.652819687138981, -2.7022365557099244, 98.34466028717148, 6.2036782586973285, 3.9470695405276266, 13.0, 0.0
13, 0 ,1.0,1.0,1.0,71.63533330138496,187.6116835194326,25.979872525997987,11.427283731217202,7.255978878135268,12.919856004637627,58.0,28.0,56.0,-0.4297962441808646,0.04961551071507274,0.9015616948298684,13.324110705633036,0.8969020318643571,-0.09168525748498584,0.43262057139888754,10.993820773418065,-0.104124606724879,-0.9945512126866042,0.005094273058534108,7.194352009754173,63.87375965781583,55.19707406411355,30.808771401048347,17.77618747184581,5.844816601062878,41734.0,108620.77983475821, 0.0, 0.0,0.0,NaN, 77.2013286083233,77.2013286083233,0.0, 130.5828134737413, -8.364781437622817, -21.921438635808506, -8.364781437622817, 52.64922947994514, 2.8849574485149683, -21.921438635808506, 2.8849574485149683, 166.92267918057092, 5.598325803808083, 3.7250578051978556, 14.0, 0.0
14, 0 ,1.0,1.0,1.0,185.44751294111464,149.61444675092625,33.97966208581864,8.48886567834771,11.462617107812067,9.231525872431812,37.0,56.0,49.0,-0.18389066841274612,0.9824705063567861,-0.030592911102963805,11.558121422315216,0.0015979113462773753,-0.030824837132396754,-0.9995235245331102,9.229085238220648,-0.9829454047657188,-0.18385193378042453,0.004098499134500063,8.361059517273478,58.23443711021848,49.38376723022867,42.072488422659234,16.280128587799357,4.8611639103640565,38057.0,120993.57206272357, 0.0, 0.0,0.0,NaN, 62.490769648650456,62.490769648650456,9.5367431640625E-7, 72.0608405050297, -11.506152419134985, 0.3338774736952734, -11.506152419134985, 131.39159096030588, -1.4436613031711252, 0.3338774736952734, -1.4436613031711252, 85.22106993337793, 5.9507965018057165, 3.914963179327524, 17.0, 0.0
15, 0 ,1.0,1.0,1.0,152.74502126226264,109.91103532482843,9.984674329501916,10.4241484537098,9.739024416816925,5.667058295303341,55.0,52.0,22.0,0.88531121729363,0.46270276725574977,0.046154064912444115,10.68321626011128,0.46194799585804996,-0.8865108865791893,0.026504661841092226,9.465519435154755,-0.053179861383815544,0.002144096651487493,0.998582648153245,5.647995171837926,50.772536226603535,42.94444411663477,22.991070343803138,14.646878009129487,4.5930362380874685,23751.0,50129.691719203496, 0.0, 0.0,0.0,NaN, 102.21911901994918,102.21911901994918,0.0, 108.66287098498039, 10.057017806709675, 4.066447212305343, 10.057017806709675, 94.84859659135623, 0.40043016539249443, 4.066447212305343, 0.40043016539249443, 32.1155497223664, 6.034858414064853, 3.9383192612889513, 17.0, 0.0
16, 0 ,1.0,1.0,1.0,11.287742708066034,46.87032760242922,14.462620819433752,7.003274241448541,9.172178186061858,8.79359888466928,27.0,45.0,38.0,-0.1785798759017676,-0.8240801540737575,0.5375882509734391,9.502789903814746,0.021833521127092952,-0.5495553559877335,-0.8351719631671004,8.516132856187896,-0.9836831427233581,0.13740746110371085,-0.1161320987278286,6.904675904195357,49.47391935934117,41.389296252267556,29.535217590459446,13.895397026164204,4.173730418646509,23382.0,60478.990533815406, 0.0, 0.0,0.0,NaN, 50.33297275116239,50.33297275116239,0.0, 49.04585010093665, 5.9752132362866615, -4.545569791854832, 5.9752132362866615, 84.128852676869, -7.479613962684224, -4.545569791854832, -7.479613962684224, 77.32738134445678, 7.339722657332917, 4.129214436205415, 11.0, 0.0
17, 0 ,1.0,1.0,1.0,62.0879872841402,12.06312131253536,104.80134163097067,10.650615760927408,7.353550744546391,12.116013701345047,52.0,29.0,58.0,0.32829927464895925,0.13946247446195148,0.9342214964781728,12.44158103893432,-0.9340511015916596,0.19515004810730316,0.2991070014879694,10.477095729550674,-0.14059916742418532,-0.9708072295469716,0.19433269714322154,7.053058838275495,61.113788887148075,51.862977565931246,35.852382591139076,16.846624636548835,5.5226217511188755,37119.0,113635.6704987469, 0.0, 0.0,0.0,NaN, 114.29445137914465,114.29445137914465,0.0, 113.43561608691532, -6.131527094122781, 15.448902670687565, -6.131527094122781, 54.07470855261879, 17.19013056813562, 15.448902670687565, 17.19013056813562, 146.7977880111809, 5.553702955265209, 3.6982930545976456, 18.0, 0.0
18, 0 ,1.0,1.0,1.0,191.8529236760967,135.39373613890842,118.70087088224157,4.728211634283658,9.949227397086297,9.813784708925306,18.0,49.0,47.0,0.033096968052900425,0.7259901587494714,0.6869082035502436,11.017029227232271,0.01915270085578844,-0.6876192361341628,0.7258188204698189,8.605241354534462,-0.999268614915746,0.010866254975298598,0.03666278422566715,4.714697191460325,50.54748447496769,44.38991768997839,19.279572968433087,13.999188542889442,4.655770775206972,18487.0,43259.4802865203, 0.0, 0.0,0.0,NaN, 104.16281763672893,104.16281763672893,0.0, 22.35598525857535, 1.6998197956235126, 2.9744505830483288, 1.6998197956235126, 98.98712579893258, 23.579670084284263, 2.9744505830483288, 23.579670084284263, 96.31037031313616, 6.138452967171311, 3.8270417388117712, 7.0, 0.0
19, 0 ,1.0,1.0,1.0,11.458969115410833,153.41335011273662,188.03340149965916,7.307509708888094,10.435980204083897,6.07855745582655,29.0,58.0,24.0,0.034618100526800415,0.9991645612156796,0.021720191679512835,10.440774013854446,0.9990384620678723,-0.03518240846846177,0.026160073459740068,7.303758473605075,-0.026902386975453045,-0.02079369483850224,0.9994217747427692,6.07483266108401,58.254285172418406,30.129507153161832,24.80306467680063,13.374081125042034,4.515771890843695,19071.0,43533.667002430055, 0.0, 0.0,0.0,NaN, 49.44515548134878,49.44515548134878,0.0, 53.399698145493744, 1.9162050476227217, 0.4839094265368012, 1.9162050476227217, 108.90968282003098, 1.5497192584650425, 0.4839094265368012, 1.5497192584650425, 36.948860743784536, 6.0807348397811865, 4.078013690147191, 9.0, 0.0
20, 0 ,1.0,1.0,1.0,120.25473082276814,9.868402242203077,147.3722583800459,11.16378440759906,6.469857795502893,10.14133874615398,51.0,26.0,51.0,-0.7934430419712977,-0.17475039983341095,0.5830183847061743,12.48100146399631,-0.5760467031366597,-0.09367216211611633,-0.8120318478051693,8.696607944135243,-0.19651548273028996,0.9801468378781596,0.026340866438409563,6.158693569203711,60.51656576247589,40.854742662573216,28.790971858693826,15.480386918122077,5.449175591121077,26581.0,71182.47409146346, 0.0, 0.0,0.0,NaN, 96.05400828169397,96.05400828169397,0.0, 124.6300822993519, 18.374216486138305, -36.87899482680449, 18.374216486138305, 41.859059894029556, -9.138702087453428, -36.87899482680449, -9.138702087453428, 102.84675156424397, 5.564387068407498, 3.6966284844507555, 10.0, 0.0
21, 0 ,1.0,1.0,1.0,57.82441668001495,150.29988253510598,21.691841529179346,8.404924245656066,10.233282513400704,11.019313697074084,41.0,47.0,46.0,-0.42014976644677243,0.12090405832138132,0.8993644324944935,11.70181932289169,0.15840654552562963,0.9856394115816074,-0.05850056984080643,10.244410442671013,0.8935219863491659,-0.11788621216445314,0.433268162795466,7.4099646520955895,52.615911366677196,44.95486457314294,38.66275779592456,16.47771223028091,5.0272354813405755,37458.0,91450.61275585597, 7.105427357601002E-15, 0.0,0.0,65.1559567691021, 79.27358216540541,79.27358216540541,0.0, 70.64275157521718, 3.646199141261999, -31.458320205632916, 3.646199141261999, 104.72007099907265, 6.03378568270413, -31.458320205632916, 6.03378568270413, 121.42527435452452, 5.602874796443936, 3.650434056706796, 13.0, 0.0
22, 0 ,1.0,1.0,1.0,139.86119882711176,36.55021427765873,36.243120559377466,8.745518244874605,9.034742985592263,10.503962008219524,40.0,44.0,52.0,0.26919883168442627,0.45858101493278186,0.8468975391173121,11.157344321537373,-0.7467768510504316,-0.4558963232212752,0.48423432056032967,8.70096509812991,-0.608158140416571,0.7627987907807288,-0.21973092870262095,8.261401945738095,54.101227010173986,42.515231704665965,40.357070088633776,15.735408777685766,4.565172357793357,35468.0,92826.3543405326, 0.0, 0.0,0.0,NaN, 79.1590636512113,79.1590636512113,0.0, 76.48408937143458, 9.480678495796596, 10.124587868326785, 9.480678495796596, 81.62658081570862, 20.19427377590265, 10.124587868326785, 20.19427377590265, 110.33321787011914, 5.5334670288509065, 3.5453457944871327, 15.0, 0.0
23, 0 ,1.0,1.0,1.0,70.93262726949092,63.78367153198054,46.83585498991337,9.055660322532514,9.264235055804027,9.426665079789123,42.0,40.0,49.0,0.5117979263215742,0.6350779769675999,0.578566198272658,9.88275247872311,-0.37290081782740625,-0.4424829261890064,0.815569641474513,9.188705101190044,-0.7739559823895594,0.6331546597806531,-0.010359252939157114,8.636663220274942,52.95116492316869,47.53268606254775,44.796071351614565,15.409640639051483,4.385889299569286,33708.0,112747.72917374957, 0.0, 0.0,-7.105427357601002E-15,54.65024027205104, 106.27037064999963,106.27037064999963,0.0, 82.00498387708969, 9.124383471256897, 3.840549029372636, 9.124383471256897, 85.82605116918826, 4.9280899070383795, 3.840549029372636, 4.9280899070383795, 88.86201452651565, 5.679302694262934, 3.6114330609303096, 23.0, 0.0
24, 0 ,1.0,1.0,1.0,8.388997173764741,19.242179124841634,55.094142871065195,5.269788170315368,10.397752754340871,9.512542092897363,21.0,42.0,45.0,0.009513921334833933,0.9509365670820158,0.309239600774391,10.496759786879776,-0.054599585562268016,0.30928626558870115,-0.9494002797422295,9.413243922326808,-0.9984630041004339,-0.007851834464985899,0.05486326765943941,5.251786325133974,44.725779153679504,42.53419539084277,22.072840273762885,14.29867852734044,4.681899095592739,20522.0,41990.82016761696, 0.0, 0.0,0.0,NaN, 58.95762299950082,58.95762299950082,0.0, 27.770667359995798, -0.28327238834473406, 3.4065128866721732, -0.28327238834473406, 108.11326234040317, 6.370144719364925, 3.4065128866721732, 6.370144719364925, 90.48845706914412, 5.559276407313166, 3.7757398865602525, 12.0, 0.0
25, 0 ,1.0,1.0,1.0,92.07456273073898,126.720692368214,77.13505416691883,9.03149062762313,8.080564779821156,10.248141192799627,44.0,38.0,47.0,-0.0712994833476246,-0.10528961806814274,0.9918822914042906,10.274335852457574,0.9870118469794545,0.13607185229561664,0.08539358837199582,9.04462614598386,-0.14395831895575772,0.9850880911572857,0.09422024763036702,8.032465916241245,46.40788845986537,45.2483400544009,38.02128909129206,15.289855943015176,4.255355833195493,33046.0,79840.14142835219, 0.0, 0.0,0.0,NaN, 140.70322885557468,140.70322885557468,0.0, 81.56782295684444, 2.6295229076051636, -1.4456446609964124, 2.6295229076051636, 65.29552716088614, -4.085318950533828, -1.4456446609964124, -4.085318950533828, 105.02439790755658, 5.8032521248767415, 3.6252404406162344, 18.0, 0.0
26, 0 ,1.0,1.0,1.0,66.59720883449981,191.63111353254266,73.09387703784418,11.631439322347797,5.175188561246448,10.087687535575187,64.0,20.0,47.0,-0.9895143011238536,0.0012366867215807924,0.14442963157650512,11.662711404181252,-0.1442638040727952,-0.057124116652811405,-0.9878890576026654,10.063649175754419,0.007028705842366993,-0.9983663184936625,0.05670353949792567,5.151555603837711,63.76715091354247,48.98946061000814,21.16465551241302,15.311149662190056,5.422461912391176,23861.0,66116.6552587355, 0.0, 0.0,0.0,NaN, 99.23679431377585,99.23679431377585,0.0, 135.29038070945856, 0.4819425908917273, -4.994918393582834, 0.4819425908917273, 26.78257664445608, 4.237219969284786, -4.994918393582834, 4.237219969284786, 101.76143981539899, 5.465675365991782, 3.6471302823405933, 16.0, 0.0
27, 0 ,1.0,1.0,1.0,101.29753632343652,19.104475436124204,101.66485251955878,9.990162771854822,10.021933712783312,10.920762740670652,46.0,42.0,54.0,-0.5177354570282626,0.41810973472176377,0.7464142591528065,12.754884353162172,0.5686537576229824,0.8200126577938218,-0.0649010400469481,9.615136099902633,-0.6392048971002954,0.3908497035803021,-0.6623092999001237,8.022945176642127,63.405111580303014,49.243054762806324,44.22100532008122,17.037718322323474,5.4057118641997235,41158.0,138069.537174851, 0.0, 0.0,-1.4210854715202004E-14,41.71928268595086, 140.63057472510354,140.63057472510354,0.0, 99.803352208154, -8.187944171018454, -39.0315074579547, -8.187944171018454, 100.43915534342271, 29.18924957883984, -39.0315074579547, 29.18924957883984, 119.26305883802038, 5.309580739961722, 3.3867950256744925, 17.0, 0.0
28, 0 ,1.0,1.0,1.0,126.2236351110856,74.75420517825363,166.2208794993972,8.895655688755266,8.911278281884195,9.91698323136425,43.0,42.0,48.0,-0.2667543118303008,-0.37555798717531436,0.8875800444967028,10.249414099801369,0.8338662312156438,-0.5516993752248629,0.01717288021022459,8.853715760465944,0.483227943685132,0.744703966449302,0.4603333105441277,8.570376596445128,48.67769668987468,39.809527806955266,42.371592088775685,15.455346067486113,4.245280331789009,34838.0,82109.20160959093, 0.0, 0.0,0.0,NaN, 110.32756767847702,110.32756767847702,0.0, 79.13269013288391, 0.8944539714170185, -7.4108982197542765, 0.8944539714170185, 79.41088061718092, -10.579958919761799, -7.4108982197542765, -10.579958919761799, 98.34655641115972, 5.565525378450829, 3.6106800647634394, 16.0, 0.0
29, 0 ,1.0,1.0,1.0,45.04043989137157,55.45260950229894,170.98811540426448,9.285257019252079,11.679954816928806,8.203370020400094,45.0,53.0,40.0,-0.342697367144957,0.9358314424929682,0.0823287665002044,12.032263980691642,0.9389798176194222,0.3384494864794338,0.061390937484320576,8.856362566796786,0.02958744083746794,0.09834356279563128,-0.994712585122633,8.168358936473016,53.79292495703575,44.29662836506509,40.624001828674295,16.27734550418804,4.99806417204798,37191.0,96800.70798534046, 0.0, 0.0,0.0,NaN, 77.10591789233163,77.10591789233163,0.0, 86.21599791356999, -21.309852509786175, -1.526985710736907, -21.309852509786175, 136.4213445254984, 6.257052873007067, -1.526985710736907, 6.257052873007067, 67.29527969159902, 5.435890733061024, 3.510982606500871, 21.0, 0.0
30, 0 ,1.0,1.0,1.0,189.02578743783386,177.81179775280899,186.4701142015104,6.413247676886987,11.650047447001905,7.772470096656351,26.0,49.0,29.0,-0.020332301212535073,0.9994551638420064,-0.025999480705416314,11.654203647493118,0.2864422891058568,-0.01909146230798204,-0.9579072664296578,7.8895704162596125,0.9578817320208165,0.02692380984354677,0.2858980516273396,6.260899190655302,49.71227512218658,35.360450479368225,31.12252996674266,14.511337219311446,5.165823728442666,21716.0,54708.69083413862, 0.0, 0.0,0.0,NaN, 28.210059731273663,28.210059731273663,4.76837158203125E-7, 41.12974576509633, -2.0895011393246024, -6.272530113872206, -2.0895011393246024, 135.72360551739558, -2.0892725759084563, -6.272530113872206, -2.0892725759084563, 60.41129140341718, 5.867697537833265, 3.736198263112438, 8.0, 0.0
31, 0 ,1.0,1.0,1.0,87.73166219039094,76.00677409728439,97.42626081766637,10.528027572167039,8.561326614920054,9.149002470734407,48.0,44.0,44.0,0.8813816130883628,0.244202835674894,0.40439019171846347,10.981542404680496,-0.4572530535553085,0.22594019796158424,0.8601573530229373,8.795107846748323,-0.1186848647642195,0.9430355253082573,-0.31080202844009575,8.360127304977015,50.24193473647236,46.2104889471284,43.671912118544675,15.708904249977449,4.5902343559117496,33510.0,101393.269204112, 0.0, 0.0,0.0,NaN, 151.54454974124423,151.54454974124423,0.0, 110.83936456030938, 10.142074386236438, 15.136554379959925, 10.142074386236438, 73.29631340733846, 6.457273613679222, 15.136554379959925, 6.457273613679222, 83.70424620950429, 5.891198694030052, 3.5878906494156255, 22.0, 0.0
32, 0 ,1.0,1.0,1.0,143.40430798906928,71.6271660504742,115.94881851792316,9.231393608826618,9.50316869410686,8.307768463838881,43.0,43.0,40.0,-0.5059604315658174,-0.8432869265171337,0.18130416778170846,9.863466919044399,0.7922371364561487,-0.3712033545562197,0.48432260858437254,9.189699584959376,-0.3411222087602825,0.3886839707673773,0.8558974293447849,7.92523197853588,47.46825423479869,45.16431604326169,40.57897454742624,15.043119221820053,4.272285584625877,31105.0,86996.09633006045, 0.0, 0.0,0.0,NaN, 124.08917913803504,124.08917913803504,0.0, 85.21862796108495, 8.346721097869713, 5.140898836797894, 8.346721097869713, 90.31021522865267, -9.162210308556432, 5.140898836797894, -9.162210308556432, 69.01901684875585, 5.628653269232977, 3.578512403692718, 18.0, 0.0
33, 0 ,1.0,1.0,1.0,146.527009832273,106.26067090803933,83.9646038172354,9.470281318315067,9.071549524212582,9.589179418307959,44.0,48.0,45.0,-0.8177930556121236,-0.49735778762502547,0.2895682117935717,9.836559153933754,-0.117510374905555,-0.34824419192052103,-0.9300092981165187,9.618243539220252,0.563387814903857,-0.794582414782988,0.22634698172384327,8.64078099283738,50.647462939188415,42.68327731452091,40.24854500868702,15.618591077463517,4.4711535077352815,34580.0,87009.29276309702, 0.0, 0.0,0.0,NaN, 136.73506203704315,136.73506203704315,0.0, 89.68622824802736, 9.717106228221278, -3.28172180350767, 9.717106228221278, 82.29301077024151, 2.598208825663399, -3.28172180350767, 2.598208825663399, 91.95236191650095, 5.359200819111615, 3.4363667700406197, 20.0, 0.0
34, 0 ,1.0,1.0,1.0,8.838550116734597,98.82212813105932,112.78880930711092,5.991094139934674,9.804066547294832,10.92021398029768,25.0,50.0,60.0,0.03627137230915434,-0.07942475179844251,0.9961807548595618,10.931342924512727,-0.04245470727410735,0.9958142895357311,0.08094132805135387,9.802842201041168,-0.998439775540358,-0.045228415384609866,0.03274759625860496,5.972774052400273,59.453146284379926,49.68596462975404,26.118270175608433,15.025263593112527,5.050292782635514,25271.0,77153.02856092274, 0.0, 0.0,0.0,NaN, 132.09740632801612,132.09740632801612,0.0, 35.89320899355959, -2.795920906385892, 2.821033673895489, -2.795920906385892, 96.11972086378563, -1.7618338081015674, 2.821033673895489, -1.7618338081015674, 119.25107337548889, 5.523570202245903, 3.5317911769299557, 16.0, 0.0
35, 0 ,1.0,1.0,1.0,116.7183186392377,37.935761569745004,158.35580490990588,9.227975057453785,8.560289952814506,9.961202563740661,45.0,41.0,48.0,-0.5619747059676375,-0.22211923197674846,0.7967731651095228,10.507051634863625,-0.5801315870595962,-0.5807860124222127,-0.5710822615616948,9.026524846951581,-0.5896030627026138,0.7831670668259518,-0.19752866599796012,8.110694136927803,51.27786232511687,45.593374897832234,40.59153736998765,15.423641424181342,4.446451334647437,33687.0,94900.20547514541, 0.0, 0.0,0.0,NaN, 100.54451472285251,100.54451472285251,0.0, 85.15552366098918, 10.857139001255971, -14.777266221685041, 10.857139001255971, 73.27856407625696, -2.6902674080494853, -14.777266221685041, -2.6902674080494853, 99.22555651587354, 5.221878293122386, 3.4020508760948833, 13.0, 0.0
36, 0 ,1.0,1.0,1.0,180.60935695999197,160.30103910446263,7.820189749510567,10.375617179182234,9.341239506017784,5.250494105618097,44.0,48.0,20.0,-0.9994862955578275,0.0138803356343073,-0.028887389545784174,10.379160311757117,-0.012272668197872256,-0.9984051475365944,-0.05510483633708134,9.350661241128432,-0.029606192044837974,-0.054722003390871694,0.998062611130932,5.226666364649995,44.50223660578547,47.3904412090225,21.3903411643269,14.109731372309868,4.836874643001351,19921.0,45111.815131961666, 0.0, -2.8421709430404007E-14,0.0,89.20468981063203, 44.86825048303942,44.86825048303942,4.76837158203125E-7, 107.6534318489415, -0.3789123883877314, 2.3622667853366215, -0.3789123883877314, 87.25875550878739, 3.2752031560757615, 2.3622667853366215, 3.2752031560757615, 27.567688353130382, 5.872774703892759, 3.604991380274462, 11.0, 0.0
37, 0 ,1.0,1.0,1.0,55.78606204710145,82.50345335144928,72.05683876811594,10.50031952713217,8.7715533888445,9.281120942463518,52.0,43.0,48.0,0.8766991788002261,-0.12312855002175234,0.4650138815783351,11.037084604230078,-0.24159004378606655,0.7232282152973266,0.6469738784072281,9.145094735389888,0.41597211521261335,0.6795441919164532,-0.6043069506452493,8.239300376468206,53.546921868799885,40.692477691582326,43.55372086310599,15.850647767068892,4.7003223653470485,35328.0,94901.6816231648, 0.0, 0.0,0.0,NaN, 122.92718392158864,122.92718392158864,NaN, 110.25671017187315, -8.573027048509603, 19.52526572150727, -8.573027048509603, 76.94014885334943, 4.280119612496891, 19.52526572150727, 4.280119612496891, 86.13920594863491, 5.173631571317632, 3.3504051233682763, 22.0, 0.0
38, 0 ,1.0,1.0,1.0,154.3960867419514,179.5600487705751,136.99593578540947,9.317387391177906,11.01735230543915,8.693163562390192,46.0,48.0,44.0,0.019816438802594302,0.9643438328313166,0.2639096073154401,11.186164599168615,0.9905791826792987,0.016836476409072976,-0.13590222921107498,9.33187679484466,-0.13549978448542224,0.26411646132404065,-0.9549252867434561,8.458879913325495,52.31249616367137,46.231737908771024,38.900575152714936,16.057889292441352,5.090289167972638,34447.0,94080.94811197369, 0.0, 0.0,0.0,NaN, 80.41778794685375,80.41778794685375,0.0, 86.81370779728104, 1.2828894990644462, -1.8106525345061053, 1.2828894990644462, 121.38205182216535, 13.599947944026093, -1.8106525345061053, 13.599947944026093, 75.57109272246852, 5.346596474051008, 3.4838644015880202, 15.0, 0.0
39, 0 ,1.0,1.0,1.0,134.0596080320318,137.49938284613302,18.238311707860433,9.591264389716741,8.437199025925723,9.589722405954488,50.0,40.0,38.0,-0.95552380028744,-0.27571765971286605,-0.10466154597897247,9.701470935669125,-0.06157562373577001,-0.16054720881425427,0.9851055965243033,9.611754739886152,-0.2884141287208366,0.9477364432501331,0.13642919221995098,8.284750347743694,48.39370495815896,41.32239308855009,41.187330849592584,15.35431246574382,4.403015389943545,33217.0,82364.10535714263, 0.0, 0.0,0.0,NaN, 92.6665983591532,92.6665983591532,0.0, 91.99235259344844, 6.947985127033053, 1.1077503332160314, 6.947985127033053, 71.18632740308199, -3.020685631152399, 1.1077503332160314, -3.020685631152399, 91.96277582326552, 5.279644900274531, 3.387422907401001, 15.0, 0.0
40, 0 ,1.0,1.0,1.0,15.845824006053537,152.7888198757764,56.69212094460384,9.49445068088414,8.190386597943016,9.688483564623898,37.0,40.0,50.0,-0.4172274056872395,0.21287742035788926,-0.8835182487335881,9.775625250412688,-0.8879917453440176,0.11136170242617383,0.44617175104843865,9.493227751683715,-0.19336998770331798,-0.9707119939171017,-0.14257023785174722,8.087615096902756,54.61469381475331,48.80796790442415,37.44364565315334,15.209872047730206,4.444494620223089,31717.0,99810.98839291574, 0.0, 0.0,7.105427357601002E-15,27.93027556404115, 75.45848026796125,75.45848026796125,0.0, 90.14459373174132, -5.12188008977689, 1.3246042002431624, -5.12188008977689, 67.08243262376457, -4.443426992245342, 1.3246042002431624, -4.443426992245342, 93.86671378198739, 5.63338883020303, 3.64925270285874, 18.0, 0.0
41, 0 ,1.0,1.0,1.0,117.91399029779399,89.28720654367763,63.31117878262101,8.3629048728733,8.854163629638046,8.666181417423953,41.0,42.0,39.0,-0.3720005162525439,-0.7623826040942654,0.5295171204808087,9.299616372153382,-0.48608353313122926,-0.325988521820492,-0.8108355458784179,8.433634077545443,-0.7907834183431658,0.559020794439471,0.24931373138630097,8.113448306957922,49.85322107157462,43.31882008947619,40.69078718791735,14.408488534429683,3.979013697644537,28241.0,87875.12064962783, 0.0, 0.0,0.0,NaN, 136.81602099187438,136.81602099187438,0.0, 69.93817791272797, 6.6973770296587345, -1.9804237363058472, 6.6973770296587345, 78.39621358040517, -6.937819875565268, -1.9804237363058472, -6.937819875565268, 75.10270035970423, 5.258534424834547, 3.387268650010936, 16.0, 0.0
42, 0 ,1.0,1.0,1.0,183.8809661765771,11.5860433113638,96.1562613167234,8.863473081125552,7.005003594836029,11.271732639828183,35.0,28.0,50.0,-0.31194244829170614,-0.0750141038207292,0.9471350448493339,11.557490677055148,-0.9468084753666237,0.10746385763809603,-0.3033236394933128,8.53230270089081,0.07902923463950791,0.9913750065083912,0.10454652812399726,6.950353012432229,54.709505065637536,42.62019781571894,33.128277180973505,15.20051253839708,4.860823561632496,27614.0,77246.19537581269, 0.0, 0.0,0.0,NaN, 98.18394085299005,98.18394085299005,0.0, 78.56115505983729, -0.49680146431325506, -18.158556132828664, -0.49680146431325506, 49.07007536366569, -6.8565501878951025, -18.158556132828664, -6.8565501878951025, 127.05195670376801, 5.589907721252689, 3.5914955021550417, 8.0, 0.0
44, 0 ,1.0,1.0,1.0,186.85837827173484,22.73665000657635,176.36791398132317,7.828636670883668,11.056694245264426,9.55190037728275,31.0,49.0,54.0,0.1338823811034235,0.9753303175760362,-0.17551717764112607,11.142103226242071,-0.1801033586459116,0.19810923444852593,0.9634913136249235,9.568878600175033,0.9744938625945982,-0.09738327804735217,0.20218360201117264,7.685501844797172,52.325230535761555,58.11598877748189,36.32028175739981,15.72962704361721,5.230265160027991,30412.0,110447.5255900647, 0.0, 0.0,0.0,NaN, 35.32892532705319,35.32892532705319,0.0, 61.287552124704526, 7.3385752853586785, -7.168334686388378, 7.3385752853586785, 122.25048763326349, -4.9379645180711265, -7.168334686388378, -4.9379645180711265, 91.23880081753437, 5.564133188937521, 3.4337134543957424, 7.0, 0.0
45, 0 ,1.0,1.0,1.0,182.2956059462475,94.22656121812753,80.21596167098743,9.291325157675335,8.562084111286367,9.46242139070366,38.0,45.0,44.0,0.6461841084216104,-0.24012956408218292,0.7244196922206554,10.508477618088795,0.5131829956744293,0.8392873831274874,-0.17955473113686796,8.528528602732392,-0.564879908453104,0.4877852816319027,0.6655645784214315,8.124747633750939,54.15099829200247,52.726682708503915,49.32171910006487,15.130876686644987,4.497999197774479,30473.0,140823.49593977167, 0.0, 0.0,0.0,NaN, 125.00676347544322,125.00676347544322,0.0, 86.32872318565057, -3.9958278952808377, 20.172172653422507, -3.9958278952808377, 73.30928432874246, -8.739802427607795, 20.172172653422507, -8.739802427607795, 89.53741857524619, 5.513293439838949, 3.3766232358769015, 14.0, 0.0
46, 0 ,1.0,1.0,1.0,28.63291311754685,151.9847359454855,129.39291311754684,10.193054731903443,8.405938441375174,8.23552558328781,56.0,40.0,40.0,-0.9581173593403733,0.27931765729158015,-0.06318838544996665,10.333390040885263,-0.241942445026427,-0.6714574402156787,0.7004346930825481,8.764373465493973,0.1532154660119681,0.6863865909996731,0.7109138264730707,7.667389092842133,54.18664332215235,44.74321438851473,38.49321145584719,14.922089661827687,4.43996482025949,29350.0,93326.19834679695, 3.552713678800501E-15, 0.0,0.0,16.641107133573772, 90.05925834609135,90.05925834609135,0.0, 103.89836476757915, -9.914768481204051, -0.14925908250596634, -9.914768481204051, 70.65980108018887, -9.324564733333535, -0.14925908250596634, -9.324564733333535, 67.82388163298802, 5.355484042272251, 3.4350862504096913, 20.0, 0.0
47, 0 ,1.0,1.0,1.0,16.312987217926462,135.25220135710904,12.026163799905317,9.877352831943268,10.27362380223438,8.02888369188699,42.0,52.0,31.0,-0.4876919781089953,0.871390964996454,-0.05323833779039249,10.514122219881234,-0.8164109787239073,-0.43362094901201015,0.3813738145140466,9.926444957353494,0.3092404376972817,0.22945731346041665,0.922886608957092,7.647963309824027,53.95231312805032,51.77844387897609,36.44532176622864,15.60916279019127,4.8914676042774055,31685.0,101812.44153712201, 0.0, 0.0,0.0,NaN, 67.84555694232849,67.84555694232849,0.0, 97.56209896669769, -7.946286282419079, -11.116126444805532, -7.946286282419079, 105.54734602983683, -9.03689679422578, -11.116126444805532, -9.03689679422578, 64.46297333784887, 5.709965243825066, 3.5362631053175293, 12.0, 0.0
48, 0 ,1.0,1.0,1.0,181.0547269229697,84.25278095291199,18.20803479327553,10.611149418706852,9.880361353183703,8.76870104696438,46.0,47.0,41.0,-0.8397536486336556,-0.5311374733179867,0.11272441636064265,11.114432790094238,0.5176286947017311,-0.8458033502239858,-0.12914033905509117,9.353072488062862,0.16393396239902414,-0.05009667840552631,0.9851984463979268,8.72339207499942,54.41430428638941,49.73563357444484,43.99520444476927,16.203995324206904,4.953653807011784,35869.0,119065.53721012894, 2.8421709430404007E-14, 0.0,0.0,32.88588533747143, 88.25523781224405,88.25523781224405,0.0, 112.59649198612276, 16.172956898420217, -5.250923424104344, 16.172956898420217, 97.6215404694861, -1.5966503518533997, -5.250923424104344, -1.5966503518533997, 76.89011805103421, 4.70301499327776, 3.2157936652212857, 16.0, 0.0
49, 0 ,1.0,1.0,1.0,150.49042372254678,112.69873548768764,35.43462988981735,9.586748869731727,8.761599882776316,7.5599306979135,45.0,42.0,36.0,-0.9853462439418609,0.17000536371263003,0.013818677889119267,9.611166668616745,-0.17032034822503794,-0.9850394609680767,-0.026234315623293127,8.735948409722647,0.009151968649899636,-0.028203486391881586,0.9995603057470691,7.55861225392322,45.62057917326254,41.013164519618314,36.63976042123111,14.45327678600317,4.114210580610609,27046.0,68554.61558981641, 0.0, 0.0,0.0,NaN, 106.43458988529069,106.43458988529069,0.0, 91.90575389130254, -2.684945186300701, -0.3941407549559094, -2.684945186300701, 76.76563250586597, 0.5785463411311117, -0.3941407549559094, 0.5785463411311117, 57.1525521572549, 5.6766312246243995, 3.6150011762071994, 11.0, 0.0
50, 0 ,1.0,1.0,1.0,33.45439529675252,183.6676371780515,40.34162933930571,9.303865754156085,8.727962471708635,10.563451560895995,43.0,37.0,53.0,0.11850302709575078,-0.34807417732470924,0.929946987547608,10.887890199516036,0.930265801610798,0.3664143240355109,0.01860326570844401,9.421588179002578,-0.34722121323813604,0.8628933365262048,0.3672227101584412,8.18616387246617,53.605035444068676,46.060385638409514,45.92871519692392,15.887963591061176,4.679569284397589,35720.0,113401.14874759462, 0.0, 0.0,0.0,NaN, 54.894350326505126,54.894350326505126,0.0, 86.56191797135838, 5.289181997845913, 6.055459523900616, 5.289181997845913, 76.17732890755428, -16.532423753745174, 6.055459523900616, -16.532423753745174, 111.58650887939605, 5.89739032202345, 3.7687066390980326, 13.0, 0.0
