// Sample: .//bubblelabels.tif, Map: .//bubblelabels.tif, Thickness:(8.191250068658265):/gpfs/home/mader/Foam/NewValid/InSilicoTest/LatticeData_Phi_6.65/out_Step_03000.vtk/distmap.tif, Neighbors:(1.0):
//LACUNA_NUMBER, TRIANGLES, SCALE_X, SCALE_Y, SCALE_Z, POS_X, POS_Y, POS_Z , STD_X, STD_Y, STD_Z,PROJ_X, PROJ_Y, PROJ_Z, PCA1_X, PCA1_Y, PCA1_Z, PCA1_S, PCA2_X, PCA2_Y, PCA2_Z, PCA2_S, PCA3_X, PCA3_Y, PCA3_Z, PCA3_S,PROJ_PCA1, PROJ_PCA2, PROJ_PCA3,OBJ_RADIUS, OBJ_RADIUS_STD, VOLUME, VOLUME_BOX, Mask_Grad_X,Mask_Grad_Y,Mask_Grad_Z,Mask_Angle, Mask_Distance_Mean,Mask_Distance_COV, Mask_Distance_STD, SHAPET_XX, SHAPET_XY, SHAPET_XZ, SHAPET_YX, SHAPET_YY, SHAPET_YZ, SHAPET_ZX, SHAPET_ZY, SHAPET_ZZ, Thickness, Thickness_STD, Neighbors, Neighbors_STD
1, 0 ,1.0,1.0,1.0,153.72359247865737,181.66949414784207,183.2942279338151,13.421471476890817,11.525625937328789,10.091674461442267,59.0,50.0,44.0,-0.9591326130495503,-0.25627534607852914,-0.11994822873669841,13.67937289444411,0.15223970988298627,-0.8247069206871809,0.5446848315360098,12.130052452493265,-0.23851142806894055,0.5041641022157344,0.8300185881759017,8.975211863931447,61.139021792239475,67.48507427018825,48.35562273518903,19.397876467692615,6.208077949901959,54937.0,199513.91771387312, 0.0, 0.0,0.0,NaN, 52.50329664130336,52.50329664130336,0.0, 180.13589660499375, 17.835525577206013, 17.781874714217828, 17.835525577206013, 132.8400532472261, -26.63381151875301, 17.781874714217828, -26.63381151875301, 101.84189343572605, 9.739085901243454, 6.480983027831863, 14.0, 0.0
2, 0 ,1.0,1.0,1.0,185.50544166033916,36.17165274614022,16.824719480300345,8.489552186725147,16.70424858046736,10.304474021702855,37.0,78.0,47.0,0.013564006038566693,0.9938500282807191,0.10990058701663136,16.768418772326715,0.2750265396128951,-0.1093795779320171,0.9551944882797276,10.340632711077586,-0.9613409490127544,-0.01726931434157832,0.2748187594277897,8.317334239021427,81.44820678770958,55.93253878001763,41.291981658505705,20.15271484044237,7.1522504425478886,59265.0,188109.9574723093, 0.0, 0.0,0.0,NaN, 42.44469188767876,42.44469188767876,0.0, 72.07249633112974, 1.7222836748396364, 10.233266311779397, 1.7222836748396364, 279.0319206380459, 19.211695414273194, 10.233266311779397, 19.211695414273194, 106.182184863949, 8.52364856298137, 5.904602906817999, 15.0, 0.0
3, 0 ,1.0,1.0,1.0,168.8326874326175,186.56239983682508,81.19720854337248,15.712134119144736,7.620514258099259,14.52433980082879,64.0,33.0,62.0,0.8831460751777194,0.004365851300802572,0.469077764598376,16.154936163204514,-0.4690979810907361,0.007565680017903302,0.8831137212287341,14.030589983433732,-3.066509181183733E-4,0.9999618491864009,-0.008729612644810652,7.619739173054531,78.70858361464138,66.48746629501858,33.22785750834311,21.667663738861943,6.812649329402751,68638.0,173885.84084930504, 0.0, -2.8421709430404007E-14,0.0,89.74985435182127, 88.00543816182156,88.00543816182156,0.0, 246.87115857799213, 0.2898044774920727, 26.564115255574244, 0.2898044774920727, 58.0722375578941, 1.342920187195661, 26.564115255574244, 1.342920187195661, 210.95644664993927, 8.540343400305318, 5.7039607596120945, 13.0, 0.0
4, 0 ,1.0,1.0,1.0,56.39431898697382,80.7777010700725,33.51759533455662,14.374511571453175,13.636837494491212,14.25992722878237,71.0,69.0,71.0,0.0047323508671318765,0.6265602322427329,0.7793586338953349,15.338164173399859,0.9918161496168977,-0.1023788165546218,0.07628435802959152,14.405228501773934,-0.1275865596933398,-0.7726194750928863,0.6219170495273547,12.376007269741095,77.11263590731622,71.10150780997506,73.11561738418878,23.390645517060566,6.986640582880319,110086.0,400880.1117954162, 0.0, 0.0,0.0,NaN, 104.06145012050159,104.06145012050159,1.3486991523486091E-6, 206.62658291784123, -5.274832637672159, 4.414527770309047, -5.274832637672159, 185.9633368511614, 39.66317781577478, 4.414527770309047, 39.66317781577478, 203.34552457016886, 8.314878727712218, 5.358715519242716, 26.0, 0.0
5, 0 ,1.0,1.0,1.0,12.671438082556591,105.54336525658097,132.99204906278808,7.933038188490872,15.025496069517128,16.064147113166847,32.0,72.0,76.0,0.10823052993239657,0.4879837604552103,0.8661166214330172,16.66093441461494,0.07319082446568242,-0.8727813543119806,0.48259280017358186,14.477326890894604,-0.9914278872437402,-0.011160515101768053,0.13017752224588144,7.718530950554992,77.9264797692768,69.7791364371425,36.34886876101615,22.201882137848706,7.33702112888187,78104.0,197652.15228914216, 0.0, 0.0,0.0,NaN, 116.50187414344688,116.50187414344688,0.0, 62.933094900054535, 1.931153836095217, 25.73522435533748, 1.931153836095217, 225.76553213507466, 28.955564757557706, 25.73522435533748, 28.955564757557706, 258.0568224734667, 9.142387932898885, 5.4079034888990405, 18.0, 0.0
6, 0 ,1.0,1.0,1.0,52.06903035186677,185.05946518637896,120.47225952785985,14.197629951385766,8.693253529368267,13.357930089402075,65.0,34.0,60.0,-0.8665955551592202,0.029791768036001552,0.4981210639348346,14.603509892493092,-0.49725515655311403,0.03211409821408823,-0.8670098003928407,12.92135304825091,0.04182646362795314,0.9990401069292388,0.013015824491539499,8.68077091380868,66.93887145337233,59.68764364449348,35.07266253455407,20.389697371786987,6.311884862914185,67014.0,140130.14028308063, 0.0, 2.8421709430404007E-14,0.0,88.292804827082, 96.224035494801,96.224035494801,0.0, 201.57269623648617, -5.023235233715069, -20.036659094754384, -5.023235233715069, 75.57265692587382, -0.5040730924662061, -20.036659094754384, -0.5040730924662061, 178.43429627335334, 8.981890373447163, 5.465577695831964, 12.0, 0.0
7, 0 ,1.0,1.0,1.0,26.33913981339221,50.679704113714756,50.322534365747195,13.925067369868412,13.395989440947673,12.80682170637057,64.0,67.0,63.0,-0.8427736866242859,0.2502146980029229,-0.476576455604991,14.908999884265105,-0.035678543469301625,0.8574738243148691,0.5132890824386807,13.821468022998541,0.5370843087166286,0.4495900860985921,-0.7137290801223117,11.13837783145875,75.43772666495641,70.23203030905871,60.966905071170835,22.26802202961822,6.442818596277501,98281.0,323011.4853184042, 0.0, 0.0,0.0,NaN, 76.12187701413376,76.12187701413376,0.0, 193.90750125537397, -22.759813369972218, 38.22115777266508, -22.759813369972218, 179.45253310198157, 17.763657871809983, 38.22115777266508, 17.763657871809983, 164.0146822187644, 7.873357291557592, 5.143889232241934, 19.0, 0.0
8, 0 ,1.0,1.0,1.0,90.45928284182305,180.68635285625902,86.34870591874613,13.505328118425034,11.142209897055173,12.271035674924665,68.0,47.0,60.0,-0.9178105997257309,-0.19697999077903752,0.3447065219339272,13.770702317008025,-0.3745699145543903,0.14180566902058064,-0.9162906369402357,12.10445422907812,-0.1316095822568076,0.9700979514803219,0.2039335244433162,10.998681331147504,70.98388613723819,64.83942139684595,54.81785965747844,20.537363965651515,5.944554386495958,77584.0,252302.16502882153, 0.0, 0.0,0.0,NaN, 126.53852311486798,126.53852311486798,0.0, 182.39388758632185, 11.05634136771647, -12.954674133876448, 11.05634136771647, 124.14884139003422, -7.981550192993216, -12.954674133876448, -7.981550192993216, 150.57831653527384, 8.327869672092378, 5.222112258195689, 16.0, 0.0
9, 0 ,1.0,1.0,1.0,186.13837139733036,20.2172020383322,110.89828969899527,8.409927887162862,10.887960986090345,12.86385766834565,34.0,45.0,62.0,-0.01660358751960627,-0.36843348656458164,0.9295058293842728,13.204019921722322,0.14431494042666967,-0.920782757112246,-0.3623980024426425,10.514608126152968,-0.9893924998963384,-0.12812447144334654,-0.06845875375901532,8.35764856126161,68.38350144340944,53.81660247696407,37.16214251280715,18.00227696848189,5.538180167113967,48471.0,136762.91702758998, 0.0, 0.0,0.0,NaN, 92.41209219761916,92.41209219761916,0.0, 70.72688706727959, -4.769981516186852, -3.7416358030816124, -4.769981516186852, 118.54769443462544, -22.202351796971687, -3.7416358030816124, -22.202351796971687, 165.4788341114552, 8.886427169742973, 5.37157720732491, 14.0, 0.0
10, 0 ,1.0,1.0,1.0,49.95804528029881,151.2629664820943,187.64139444972315,15.946572292621129,13.97654500213612,6.570120058345925,73.0,63.0,27.0,-0.9277554096050257,0.3672845710922975,0.0661206759354319,16.306944721346525,0.3700191737640896,0.9283652554176818,0.03498233240083961,13.596847244491151,0.04853566725153645,-0.05692096600383174,0.9971982213349757,6.481724656796952,71.55250621593116,61.63686262607598,28.53619041935957,21.04484226290538,7.0652720960379884,61042.0,125852.36148424134, 0.0, 0.0,0.0,NaN, 70.87905089306138,70.87905089306138,0.0, 254.29316788379188, -27.220463661730406, -11.885888221458332, -27.220463661730406, 195.34381019673617, 10.07714911524912, -11.885888221458332, 10.07714911524912, 43.16647758107946, 8.921942445469213, 5.335106413432515, 16.0, 0.0
11, 0 ,1.0,1.0,1.0,77.70459180733998,99.86496514374603,161.13411303796738,12.130431146463392,13.194457506685703,12.44642887461109,58.0,64.0,64.0,0.11722009121163036,0.8374006260301684,0.5338723084601955,13.766689530688321,-0.8403387079219337,-0.20284361013988053,0.5026781532884789,12.280775703112818,0.529235586657239,-0.5075575448653098,0.6799228136089173,11.653989356484205,64.19837712987157,60.972647497447795,59.211766594047845,21.02800879550725,5.8290227758747095,86785.0,231775.28361275178, 0.0, 0.0,0.0,NaN, 132.36907501547495,132.36907501547495,0.0, 147.14735979908917, 7.829015514088976, -2.9761680479991863, 7.829015514088976, 174.0937088957347, 22.480517032804602, -2.9761680479991863, 22.480517032804602, 154.9135917307527, 7.86866643036532, 4.957976902755594, 26.0, 0.0
12, 0 ,1.0,1.0,1.0,21.080894173314327,174.5640905092663,48.79729442809912,12.028010389001105,11.285775785341967,11.842528559623362,52.0,51.0,57.0,-0.7366197444407183,-0.5852920300265269,-0.3388577750141174,12.718515724750642,-0.4652423110584893,0.07488696977512042,0.8820099397165864,11.889190771798225,-0.49085735616474835,0.807356910755911,-0.3274658372313452,10.448624418146306,62.08998653465292,63.43878874116327,58.231282358890454,19.506207881602574,5.6387149032625254,65938.0,229367.9864600833, 0.0, 0.0,0.0,NaN, 58.92847812619861,58.92847812619861,0.0, 144.67303391791853, 21.551050095901978, -0.07846414024512152, 21.551050095901978, 127.36873507701107, 12.555061326501427, -0.07846414024512152, 12.555061326501427, 140.245482685495, 7.932065948554692, 5.123615089868941, 15.0, 0.0
13, 0 ,1.0,1.0,1.0,164.49607809702448,10.74744223718987,79.41356893170773,11.665555256177814,6.991923838046072,13.573623479745645,60.0,28.0,65.0,-0.24762116468813328,-0.004736569035336405,0.9688453559326512,13.696927913253099,-0.9684258358989216,-0.02861766401243692,-0.24765385050498617,11.52364916066782,-0.028899120435874337,0.9995792085774114,-0.0024993234660747004,6.986780984320677,62.53245754995649,61.08730148560204,28.750685026521573,18.312602901676705,5.819278969716372,46916.0,109825.86551054224, 0.0, 0.0,0.0,NaN, 87.6501620968576,87.6501620968576,0.0, 136.08517943493783, 2.490195868608646, -13.155669778254046, 2.490195868608646, 48.88699895703692, -0.04172610043903154, -13.155669778254046, -0.04172610043903154, 184.24325436990227, 7.753158116347752, 5.090179716538921, 13.0, 0.0
14, 0 ,1.0,1.0,1.0,171.4302031982686,60.31581900525029,111.99887780048896,11.677059328815561,12.833451376474637,11.734607480783724,54.0,59.0,57.0,-0.18857435982300486,-0.8513654527681755,0.48950646231707967,13.296796025955462,-0.8277033143396054,0.4060434541270997,0.38734472604098613,11.841306443495021,-0.5285328128400131,-0.3321228375065059,-0.7812473913927969,11.033171741818435,65.4610913236248,63.93044722323529,58.32321193296059,20.15144159684557,5.715907897968776,74853.0,244080.12494526102, 0.0, 0.0,0.0,NaN, 110.44649754491815,110.44649754491815,0.0, 136.35371456867853, 2.629153091966006, -11.010405233342185, 2.629153091966006, 164.69747423233875, -20.044587006583573, -11.010405233342185, -20.044587006583573, 137.70101272806536, 7.484831660209564, 4.769601178049088, 17.0, 0.0
15, 0 ,1.0,1.0,1.0,163.32247781671762,186.7569905301618,22.677671314592498,12.662257213499428,7.542989571866685,13.843178001764189,70.0,31.0,51.0,0.31326976634175274,-0.011365071523427162,0.9495961713515125,13.980480490164911,0.9492963064088333,-0.024081927583611676,-0.31345906176469734,12.513523312283597,-0.026430590888783866,-0.9996453850806922,-0.0032446805920845734,7.537965653124792,62.76678892549514,67.09678463138788,31.702159745346535,19.22006871269322,6.2810815382366245,53644.0,133512.0517365778, 0.0, 0.0,0.0,NaN, 45.10980724383653,45.10980724383653,0.0, 160.33275774081832, -2.7743490265690283, 11.553164639640492, -2.7743490265690283, 56.89669168128956, -0.74304445498044, 11.553164639640492, -0.74304445498044, 191.63357718852794, 8.495125163536251, 4.993841301896874, 13.0, 0.0
16, 0 ,1.0,1.0,1.0,168.57491778294698,91.1998074917783,10.291329108847357,11.655108917203465,15.69726630245536,6.813326938685614,56.0,68.0,27.0,0.18195330387507622,0.9823600443076169,-0.04314786850912969,15.8361119653882,0.9824944913663214,-0.17984415491412775,0.04858656581871629,11.49122986745549,-0.03996960900205876,0.051233029299077554,0.9978865702398558,6.770254882091455,67.49680933974409,60.09883417919178,28.44749166936899,19.567345587303635,6.7665459344120436,49868.0,115396.66826629202, 0.0, 0.0,0.0,NaN, 97.00954661121025,97.00954661121025,0.0, 135.84156387187574, 21.399505077619164, 2.5064088082407365, 21.399505077619164, 246.40416937020058, -9.440318505665761, 2.5064088082407365, -9.440318505665761, 46.421423973419074, 7.668711686031906, 5.004547085962998, 17.0, 0.0
17, 0 ,1.0,1.0,1.0,188.59513985406534,176.2782965601112,135.93487230715775,6.7887614973629,12.47373076190595,13.724565586237349,28.0,52.0,63.0,-0.06243114942858455,0.47792530186508264,0.8761790669824266,14.256151609770537,-0.04065144212889908,-0.878380758218028,0.4762296755192432,11.895136863102376,-0.9972210446204324,0.005886376601320517,-0.0742666731222081,6.731478485951368,66.80322953186499,64.38532632820133,30.07003639331481,18.73623405737193,6.244875952885489,46048.0,129335.66886995248, 0.0, 0.0,0.0,NaN, 69.2613213513758,69.2613213513758,0.0, 46.087282668076966, -1.277682358188143, -10.500655307019766, -1.277682358188143, 155.59395912051878, 25.897055493914547, -10.500655307019766, 25.897055493914547, 188.36370053093054, 7.557413603397263, 4.934596326945292, 11.0, 0.0
18, 0 ,1.0,1.0,1.0,189.61990745157905,24.51385841045702,175.99429920809084,6.3294529503218735,13.154301902086205,12.693031674284725,27.0,56.0,54.0,-0.017597634631523845,0.8420472025902359,0.5391167145111839,13.469712515731267,0.016586517060767657,-0.5388801556129603,0.8422191314250371,12.360841091601623,-0.9997075625937658,-0.023763133137481924,0.004483614203079038,6.323538449134915,75.18871249963478,60.84984948720759,27.42746275279046,18.338163889910394,6.158119145710921,41924.0,125486.72656778662, 0.0, 3.552713678800501E-15,0.0,32.643065247910734, 35.846188723382944,35.846188723382944,0.0, 40.061974650338264, -3.104204422988459, 0.23387935027485443, -3.104204422988459, 173.03565853122876, 13.01473647934595, 0.23387935027485443, 13.01473647934595, 161.11305308439532, 7.906631297788119, 4.932054171023898, 11.0, 0.0
19, 0 ,1.0,1.0,1.0,23.195686151922477,9.95314160675211,18.2633948108784,11.515431299278537,6.41430089679628,11.175648172539454,57.0,25.0,45.0,-0.8164923653222157,0.11476110489532525,0.565835759009395,11.798034504263974,0.5750643559338946,0.07441236734232652,0.8147169975647045,10.957552521899435,0.05139264446269614,0.9906021847289227,-0.12675215069345408,6.275504015251823,66.60571766035468,54.90401517173396,30.520294043891198,16.368703520204658,5.541576593991275,31990.0,111610.31437696195, 0.0, 0.0,0.0,NaN, 31.155360275891017,31.155360275891017,0.0, 132.6051580084038, -5.899802014950587, -8.310467380934535, -5.899802014950587, 41.14325599464156, 11.372954949093575, -8.310467380934535, 11.372954949093575, 124.89511207638444, 8.016120871717053, 4.750366177338334, 5.0, 0.0
20, 0 ,1.0,1.0,1.0,24.721686857562407,37.76034018600098,146.36502692119433,13.920115888589924,12.237480122844577,10.778988704452084,64.0,60.0,57.0,-0.9444284700158513,-0.30288126252702097,-0.12774116734066643,13.988685091799459,0.3195134452298529,-0.7545239965507107,-0.5732405227707594,13.552785791484224,0.07724003716252442,-0.5821996903461746,0.8093685793382087,8.96386246503739,68.65415948089333,55.191734366944715,54.1056547226588,20.484366421809643,6.332683151439561,65376.0,205014.01595699132, 0.0, 0.0,0.0,NaN, 70.09789889297755,70.09789889297755,9.5367431640625E-7, 193.76962635177364, 8.080647174563895, -5.01121719237739, 8.080647174563895, 149.7559197570161, 49.153714540522444, -5.01121719237739, 49.153714540522444, 116.18659749070561, 7.794403323012017, 4.904014845179619, 16.0, 0.0
21, 0 ,1.0,1.0,1.0,122.05135222672065,78.89391093117409,179.38796761133602,11.40150580444207,11.179262185144948,11.626149821633325,53.0,55.0,48.0,-0.2820578815043168,0.6513473224016875,-0.7044075646111767,12.566036280118473,-0.8896687212869573,0.097219891180314,0.44613659244957565,11.491049402660297,-0.3590723016955324,-0.7525257194003672,-0.5520617028883928,10.009401236855743,60.25953147652422,55.21338298231336,50.93303438160632,18.99220597609526,5.425284273619042,61750.0,169460.9585858028, 0.0, -1.4210854715202004E-14,2.8421709430404007E-14,26.962761066199093, 112.80557056675052,112.80557056675052,0.0, 129.9943346087262, -13.359005531380614, -1.1766679400088844, -13.359005531380614, 124.9759030042118, -25.09973156563781, -1.1766679400088844, -25.09973156563781, 135.16735967506457, 7.743724693231255, 4.817807604294315, 17.0, 0.0
22, 0 ,1.0,1.0,1.0,15.872824443584966,101.92436974789916,22.62752716149221,9.726741880644992,11.560994704126923,12.430193548295039,39.0,52.0,54.0,-0.0975908648981388,-0.5175506148537211,0.850069046697366,12.855198331548205,-0.32690431510536677,-0.7900826170876187,-0.5185586051175607,11.299119357699588,-0.9400051020361136,0.3284978222766697,0.09208468333855144,9.478902647808882,58.54397393938379,58.70914489185097,45.55971055829967,18.750310873852087,5.585844604318536,56882.0,156591.76167761558, 0.0, 0.0,0.0,NaN, 101.89593117788233,101.89593117788233,0.0, 94.60950761269326, 13.576982011116028, 0.15564733107546527, 13.576982011116028, 133.65659854885075, -17.68016908954082, 0.15564733107546527, -17.68016908954082, 154.5097116480756, 7.912548920627255, 4.8732242145673785, 12.0, 0.0
23, 0 ,1.0,1.0,1.0,81.63230795796537,22.83052937984114,40.862425378657065,12.930478274091564,11.645769672989205,13.168857606303716,67.0,49.0,64.0,-0.6976951503147082,0.33950895935268655,0.6308368598509386,14.758641089893871,0.36292555282690847,-0.5917065450857242,0.7198391539837204,12.239725075927703,-0.6176621409254576,-0.7311751028460769,-0.28961431015301886,10.421692452455849,70.7128438998322,63.683321228104944,60.68612312580672,20.94371840274746,6.131940132991888,81076.0,273283.4945698001, 0.0, 0.0,0.0,NaN, 94.09997121218584,94.09997121218584,0.0, 167.19726839675397, -34.71532992078506, -37.301744499443444, -34.71532992078506, 135.6239512763151, 5.841009974625536, -37.301744499443444, 5.841009974625536, 173.41881065510321, 6.8065172929835605, 4.4612098310930275, 17.0, 0.0
24, 0 ,1.0,1.0,1.0,153.5149479877368,82.13999893671694,70.64881532545323,10.880662596534357,10.178897409754574,12.332877610714055,47.0,50.0,61.0,-0.09690500730105849,-0.104596668709647,0.9897822772988142,12.36669109362672,0.9873861775419188,0.11500413438804391,0.10882364390524618,10.876848070605073,-0.12521164466271037,0.9878428953879778,0.09213282841831143,10.14188190734691,59.6853433212406,47.22470978802596,49.47250964251746,18.58056136023516,5.372278912836241,56429.0,139444.3543843976, 0.0, 0.0,0.0,NaN, 117.89442138115216,117.89442138115216,0.0, 118.38881853962178, 2.2617609898613202, -3.143246836325612, 2.2617609898613202, 103.60995247830839, -4.991062061548079, -3.143246836325612, -4.991062061548079, 152.09987016085202, 6.763003783899263, 4.472260573398629, 17.0, 0.0
25, 0 ,1.0,1.0,1.0,136.13745850969883,115.89873321355705,121.40628520965925,9.924882324071465,12.741746497979412,12.850729354574234,49.0,63.0,62.0,0.1669290677687544,0.7152652185866203,0.6786238674067462,13.797947194553416,-0.3045779697340928,-0.6172091518522915,0.725455114547022,12.03818707081504,-0.9377456727100971,0.3277934257272543,-0.11482387976147836,9.523410270188393,66.80212216594086,61.93533546569533,45.88767402274006,19.794694720907245,5.845228722295023,65678.0,189856.20609477613, 0.0, 0.0,0.0,NaN, 131.6374539606047,131.6374539606047,0.0, 98.50328914666619, 22.095819552179055, -0.6880377428180332, 22.095819552179055, 162.3521038187706, 24.109583162237165, -0.6880377428180332, 24.109583162237165, 165.1412449445159, 7.207135072705073, 4.574115271122917, 25.0, 0.0
26, 0 ,1.0,1.0,1.0,116.19096255567929,58.279701419821826,15.607756820712694,12.978397752373112,11.246496917845127,9.334365037334882,65.0,59.0,40.0,0.9952227976816014,-0.09041059619555744,-0.03684436280314266,12.996642428378863,-0.08846808431006677,-0.994755850951183,0.0513244099517436,11.234974252070204,0.04129141597611667,0.04781967266671263,0.9980021532405308,9.322848863748959,64.8601011768214,60.122280152346676,41.40233335309635,18.735264988672842,5.571599195593399,57472.0,161449.93798676215, -1.4210854715202004E-14, 0.0,0.0,5.60270159005041, 103.26703456525532,103.26703456525532,0.0, 168.43880821880344, -3.9186338231233475, -3.185188110859374, -3.9186338231233475, 126.48369292309992, -1.733795428956098, -3.185188110859374, -1.733795428956098, 87.13037065021985, 7.274675558107015, 4.797498845279161, 15.0, 0.0
27, 0 ,1.0,1.0,1.0,150.9892849229211,151.93680162071476,54.69847424899497,10.086512664943783,14.13591097601267,10.680373502840585,47.0,64.0,50.0,0.020286179398534304,-0.9826418700709082,0.18440017925414118,14.250411408893987,0.5390356459993347,-0.14458641148205265,-0.8297802974021632,10.82709752060267,-0.842038623382259,-0.11623134172111867,-0.526745889337751,9.76380197354647,65.40617452656583,55.44726259261236,52.72223342285366,19.53758752793755,5.8236387774491245,63182.0,191202.10029296533, 0.0, 0.0,0.0,NaN, 87.77268547777894,87.77268547777894,NaN, 101.73773774007134, -3.8541164461836637, -9.389828320303696, -3.8541164461836637, 199.82397912175549, -16.89609370269627, -9.389828320303696, -16.89609370269627, 114.07037816017926, 6.727928175450575, 4.5555444452074845, 21.0, 0.0
28, 0 ,1.0,1.0,1.0,53.07195553737428,71.61676376408853,91.70351666643157,12.52652822811488,12.05160121261822,11.534749098844662,66.0,57.0,53.0,0.7339584453445933,-0.6280811880340754,0.25849375571771865,13.846355738801702,0.2325755873488507,-0.1251653417767547,-0.9644906600829504,11.353168168047972,-0.6381328989142346,-0.7680154024859215,-0.05421019154829754,10.704645875208247,65.7318405766281,53.646555993089116,55.490299721531755,20.01991500619533,5.865870877863649,70891.0,195674.71509971085, 0.0, 0.0,0.0,NaN, 127.88717013677639,127.88717013677639,1.3486991523486091E-6, 156.91390944975893, -35.97321397583063, 11.42493915284775, -35.97321397583063, 145.24109178798096, -10.795881835584467, 11.42493915284775, -10.795881835584467, 133.05043677329775, 7.427790025541956, 4.551383851252794, 18.0, 0.0
29, 0 ,1.0,1.0,1.0,96.92085704720455,186.51931704050887,138.75701372614662,11.206379166673717,7.9348880950904235,12.179162852049425,53.0,32.0,58.0,-0.09421814391090483,0.16480831825405015,-0.981815236993323,12.294101633266463,0.994244713374687,0.06609198604034384,-0.0843166609142534,11.203810093495749,-0.05099403185148441,0.9841087681834326,0.17008686339636905,7.759323121600538,57.65880763029543,52.4055704763678,35.91373903017546,17.55466218190933,5.358285786013978,44805.0,108518.48761634374, 0.0, 0.0,0.0,NaN, 115.43866211784665,115.43866211784665,1.9073486328125E-6, 125.58293402725869, 2.8800914680424867, 2.9364662576256353, 2.8800914680424867, 62.96244908160773, -15.078767891529429, 2.9364662576256353, -15.078767891529429, 148.33200777674068, 7.244558838239645, 4.730596387873302, 12.0, 0.0
30, 0 ,1.0,1.0,1.0,45.99621023557561,121.32355916689416,144.4093748494532,10.57266471380034,10.493809875710225,13.224020185163157,47.0,53.0,61.0,0.057537242959696866,0.27721859738725624,0.9590825381244513,13.43576106738351,0.7884632012760554,0.5766604041768193,-0.21398261258369042,11.04385803816676,-0.612384883799487,0.7685132578669477,-0.18539721296885545,9.710279032478724,61.79405598610137,55.875079212725105,50.32439523565019,19.130328157052396,5.550363890691307,62273.0,173757.4435824443, 0.0, 0.0,0.0,NaN, 106.75182107500126,106.75182107500126,0.0, 111.78123915043881, 13.95958697932309, 0.08879630762083489, 13.95958697932309, 110.12004570755344, 19.5112409255756, 0.08879630762083489, 19.5112409255756, 174.87470985760262, 7.150997726450617, 4.474367037650168, 14.0, 0.0
31, 0 ,1.0,1.0,1.0,10.551022392958739,178.8654234238615,136.72345546937683,6.433063610056667,11.680047075573002,13.03829719589982,26.0,49.0,63.0,-0.03562864498767321,-0.022805315144943068,0.9991048579891311,13.04509116637129,-0.025688070638175436,-0.9993883693276746,-0.023727837648200193,11.6821641929847,0.999034895628391,-0.026510466870861876,0.03502102886921615,6.4154218174999125,63.11038390009155,49.68970615846197,27.34660009749239,17.746634074203108,5.732536951783165,41129.0,85757.19952457136, 0.0, 0.0,0.0,NaN, 67.54195354241182,67.54195354241182,0.0, 41.384307411035316, 2.551798218897296, -4.53448105479072, 2.551798218897296, 136.42349968760143, -0.6793910373945181, -4.53448105479072, -0.6793910373945181, 169.99719376860915, 7.385311164620373, 4.692502251358949, 12.0, 0.0
32, 0 ,1.0,1.0,1.0,51.907467076098,10.107951473736566,121.7851782972558,12.566691713525858,6.7702879715792665,13.133553803945691,68.0,28.0,63.0,0.23859098746354726,0.008516604964319595,0.9710828018974755,13.169239248701594,-0.9710054134804583,-0.013278578354587412,0.2386884294399828,12.530442051075674,-0.014927414136882266,0.9998755656564284,-0.005101520403095777,6.76815595100605,65.86487021916872,69.37000612883092,28.24726470212775,18.453914055814582,5.97510095166983,46243.0,129063.06453145442, 0.0, 0.0,0.0,NaN, 94.41458655972433,94.41458655972433,0.0, 157.92174062279943, 1.6931411101381875, 3.795185821290962, 1.6931411101381875, 45.8367992181109, 0.7030121302701026, 3.795185821290962, 0.7030121302701026, 172.49023552113633, 6.789732400903193, 4.651055771842111, 15.0, 0.0
33, 0 ,1.0,1.0,1.0,9.425925428824524,21.69940675918718,178.24999328913108,6.310901102024461,12.778272356107914,11.283351006924862,24.0,51.0,48.0,-0.07502008379024881,0.9904055733609956,0.11605510451325186,12.830677587943342,-0.08524644412443128,0.10958733492021563,-0.9903149296002889,11.283956679979031,-0.9935315952662223,-0.08418679397959178,0.0762073023219787,6.202560870356896,55.73316394450711,50.82711591487745,27.758803480061584,17.271951578624886,5.666164111417029,37253.0,78633.91666988716, 0.0, 0.0,0.0,NaN, 32.136818694657094,32.136818694657094,0.0, 39.82747271953356, -10.203406089389423, 6.402930139354067, -10.203406089389423, 163.28424440687172, 4.857230957283771, 6.402930139354067, 4.857230957283771, 127.31400994547229, 7.925858720687048, 4.821727786809138, 8.0, 0.0
34, 0 ,1.0,1.0,1.0,112.76744585768306,71.80356938237654,64.68637561590467,10.088370171415228,12.08175389675279,13.385026883105594,48.0,59.0,60.0,0.0771962709572005,-0.41542641902908073,0.9063452025155633,13.725948812563358,0.0321016176143957,-0.907550929138304,-0.4187132636623067,11.716772736163723,-0.9964989823862549,-0.06141824967284576,0.05672368738263031,10.060740551402882,64.33513239538703,61.66156491681575,48.39046454293609,19.84721273585007,5.743786313624952,69816.0,191965.21201799373, 0.0, 0.0,0.0,NaN, 130.1906228134881,130.1906228134881,0.0, 101.77521271550052, -3.8466003137925417, 5.6151454466000255, -3.8466003137925417, 145.96877722170123, -19.12163465113293, 5.6151454466000255, -19.12163465113293, 179.15894466145943, 7.284060829239342, 4.509216171987678, 19.0, 0.0
35, 0 ,1.0,1.0,1.0,122.19419866824774,151.94437349873817,163.3300951685974,11.61485214929039,11.469931463560743,11.466487585728844,57.0,53.0,60.0,0.11963051449047449,0.7215071100922422,-0.6819941569317763,12.19947737596273,-0.9406958391474829,-0.13727393835171683,-0.3102373350517656,11.71794205294243,0.31745846691080215,-0.678662917755014,-0.6622965845079484,10.573884885867951,58.34145259625761,61.71055521101755,49.78557902753079,19.208657243858546,5.382559119067535,65778.0,179242.19530206197, -1.4210854715202004E-14, 0.0,0.0,83.12922099170844, 98.52800556008938,98.52800556008938,0.0, 134.9047904498756, 6.488667532109751, 4.42242640877402, 6.488667532109751, 131.55932777878067, -17.130183066953993, 4.42242640877402, -17.130183066953993, 131.48033755367368, 7.348018304474498, 4.430973647176555, 19.0, 0.0
36, 0 ,1.0,1.0,1.0,171.67948147248865,103.86691486922153,124.60415739279404,11.427798067464455,11.83052175890359,13.841332797410413,53.0,58.0,66.0,-0.1998529746678292,-0.09934407481425281,0.9747766633007375,13.918803892558788,-0.6022251207748727,-0.772300657049264,-0.2021796207063552,12.63746501352142,0.7729060049088179,-0.6274411924001925,0.09451908619593297,10.425914041455423,61.9370240818347,66.57853482490722,60.09829329880316,20.603111947728653,6.135966544616078,74133.0,247825.9086351895, 0.0, 0.0,-1.4210854715202004E-14,12.89602934673795, 125.41194085444651,125.41194085444651,0.0, 130.5945686707443, 25.41102834375443, -10.355180772258366, 25.41102834375443, 139.96124508789129, -0.2702626787354265, -10.355180772258366, -0.2702626787354265, 191.58249360866915, 7.623452342217617, 4.728547763256862, 18.0, 0.0
37, 0 ,1.0,1.0,1.0,144.69029627699524,42.742409147341476,83.28430636236838,11.628153590636574,10.332250752315748,12.727674831807828,57.0,48.0,57.0,0.04452850447928572,0.16135317664439264,-0.9858916597048591,12.798737150487245,0.918343725694343,-0.3951040544194677,-0.02318593666711689,11.913438966408437,0.3932709165024431,0.9043549848196015,0.1657710700492303,9.910871177994222,58.88329327971857,60.061242828551485,49.39541222745308,19.341272684639684,5.466099075098011,65243.0,174692.00141145487, 0.0, 0.0,0.0,NaN, 108.73064219393787,108.73064219393787,0.0, 135.21395592743423, -15.386660343160479, -3.809670089388859, -15.386660343160479, 106.75540560872932, -10.032247862208404, -3.809670089388859, -10.032247862208404, 161.99370662423445, 7.608159970348636, 4.509400171431457, 13.0, 0.0
38, 0 ,1.0,1.0,1.0,84.20902027667235,34.90051165434906,109.56125639567937,11.587378730083795,11.026410390416213,11.879733238423317,59.0,62.0,58.0,-0.670284970183663,0.002751398866521426,0.742098705395828,13.081144252270962,-0.36861073221094054,0.8666759482191959,-0.33615313307668593,11.408516652409178,-0.6440839905204916,-0.4988639399501985,-0.5799056669602088,9.782972277961212,61.852925223440415,58.01923160213755,47.68912035816909,19.13318759609473,5.55862088660597,63324.0,171140.00021798292, 0.0, 0.0,0.0,NaN, 128.40705258832327,128.40705258832327,0.0, 134.26734583439836, -11.143944985423591, -33.24175335817731, -11.143944985423591, 121.58172609787863, -9.881878666970225, -33.24175335817731, -9.881878666970225, 141.12806181609974, 6.47419393563815, 4.191028059483922, 16.0, 0.0
39, 0 ,1.0,1.0,1.0,16.77202800008023,72.15227550795275,170.14934713279982,10.16033967747782,11.26624753503789,10.412059095701006,41.0,56.0,56.0,-0.0017456056350579757,-0.8471596148520912,0.5313356188179208,11.78773454621896,-0.9088805127942613,-0.22025170195825317,-0.3541544878260525,10.249765971072279,0.41705295386054714,-0.4835388037667181,-0.7695823925532882,9.724372591636552,55.63172115367485,51.01161981639403,49.74877039724714,17.688119410320585,5.069737884850711,49857.0,141180.25496319574, 0.0, 0.0,0.0,NaN, 79.86434286218775,79.86434286218775,9.5367431640625E-7, 103.23250236173008, 2.1664112045126873, 3.3367727603226838, 2.1664112045126873, 126.92833352074732, -19.16127812407868, 3.3367727603226838, -19.16127812407868, 108.41097461237004, 7.621000025065044, 4.568527749677287, 12.0, 0.0
40, 0 ,1.0,1.0,1.0,185.81272528672855,116.03331512834517,65.24393773894047,9.143270214992333,11.472039187150054,9.614377864417502,38.0,50.0,50.0,-0.04760951737485143,-0.9388333861327034,0.3410648133975965,11.71054816967684,0.6595442491969609,-0.28598011113685134,-0.6951379427030089,9.955949962710982,-0.7501564618175001,-0.191852154318782,-0.6328175358479655,8.448991475989736,51.50748245223883,48.14993644725304,45.81568765586164,16.74905323774959,5.2069713552772985,36620.0,113626.66257683389, 0.0, 0.0,0.0,NaN, 107.27746428681264,107.27746428681264,0.0, 83.59939022436595, -2.29245015974356, -13.783672173303302, -2.29245015974356, 131.60768311150647, -15.540131186278268, -13.783672173303302, -15.540131186278268, 92.43626171980125, 7.523970138983509, 4.857963672170244, 11.0, 0.0
41, 0 ,1.0,1.0,1.0,165.3371075656202,93.32993437982502,190.22844827586206,10.682901874363825,13.664530910854893,5.12153991863871,49.0,62.0,21.0,-0.31642918510966195,-0.9484100997943282,-0.019770013124594702,13.998142344482064,0.9473302952950146,-0.3148468782731256,-0.05862384206044209,10.258409301919993,0.04937491698317349,-0.037279026942491855,0.9980843610252219,5.088321737774084,61.86763645314052,48.66499849657421,23.127111536491753,17.090186649140147,5.916036587679909,31088.0,69630.83994853146, 0.0, 0.0,0.0,NaN, 100.03737294810041,100.03737294810041,0.0, 114.12439245728613, 27.36944440618354, -3.3426125170816507, 27.36944440618354, 186.71940501370884, 4.653075335643455, -3.3426125170816507, 4.653075335643455, 26.23017113820981, 7.374907055643458, 4.556780585531876, 11.0, 0.0
42, 0 ,1.0,1.0,1.0,120.16764124851838,8.258040300276571,164.2193599367839,10.958835548439302,5.939400742941639,10.501137477909367,54.0,24.0,48.0,-0.978226730754626,0.20618456385111533,-0.023672534013960356,11.136301953140253,-0.03061948790889375,-0.03056695424422752,0.9990636157264607,10.505712473223282,0.20526789860402891,0.9780355754970049,0.03621467747929662,5.590995468732794,55.257981401209776,47.80164091333765,27.481587917842553,15.45738868940183,5.168711734822911,25310.0,72590.47599248012, 0.0, 0.0,0.0,NaN, 87.87294769586191,87.87294769586191,NaN, 120.09607657773694, -18.63480304204169, -0.27205627071408633, -18.63480304204169, 35.27648118525569, -2.8686542768524443, -0.27205627071408633, -2.8686542768524443, 110.27388832995271, 7.354587276331147, 4.393419241660204, 10.0, 0.0
43, 0 ,1.0,1.0,1.0,81.40870063930637,104.13136986994586,74.58291584433987,11.87263700026744,10.43596094102814,11.280603464636323,60.0,56.0,52.0,-0.965232088367409,-0.22604625427404554,0.13126350031354647,11.972226863665306,-0.08720012044644054,-0.19494632498788173,-0.9769299203974897,11.29547102932126,0.24642068618526572,-0.9544103002914385,0.16845718778844082,10.305286157106186,59.32134305914052,53.55015049459482,55.42798407829467,18.6710122231853,5.339860222030132,59283.0,176076.23949285934, 0.0, 0.0,0.0,NaN, 146.2216882635309,146.2216882635309,0.0, 140.95950934011944, 8.466036459374216, -2.8829591618593033, 8.466036459374216, 108.90928076266495, 2.9715981209500772, -2.8829591618593033, 2.9715981209500772, 127.252014526365, 6.257788815892358, 4.039697253234991, 16.0, 0.0
44, 0 ,1.0,1.0,1.0,49.10178298522669,182.7922159959246,162.90139582272033,11.632526458522689,9.877610930150587,10.471903416732317,52.0,42.0,44.0,-0.9177546198223577,0.14451998347308387,0.36991949417631337,11.937766224352737,-0.23112996211930023,0.5630939657238558,-0.7934129608067368,10.4733075928297,0.32296346295742334,0.8136578888834797,0.48337919013154507,9.504903802969782,60.114120733831285,50.809246239015096,53.30265337649274,17.740104202463716,5.275635843264785,49075.0,162805.12792650203, 0.0, 0.0,0.0,NaN, 63.90148163041045,63.90148163041045,NaN, 135.3156718082304, -9.437088515530156, -14.162597496371673, -9.437088515530156, 97.56719768743032, -5.854680933178338, -14.162597496371673, -5.854680933178338, 109.66076116936996, 7.323839513398043, 4.488386392321601, 9.0, 0.0
45, 0 ,1.0,1.0,1.0,178.5718068614142,154.62838755090755,88.34699247490238,12.623733947658689,8.91994630907281,12.853329111465403,51.0,41.0,55.0,-0.540164655063405,-0.10518550118583571,0.8349599725498927,13.031252680762659,-0.8371947302240637,-0.033752325474313005,-0.5458624041002762,12.484069927743805,-0.08559865130532017,0.9938796661897054,0.06982893404133857,8.858138731978345,64.48967508174337,60.863663678289925,40.996337743068324,19.262247813829095,5.753084333147152,59667.0,160913.81904706638, 0.0, 0.0,0.0,NaN, 101.60187870691976,101.60187870691976,0.0, 159.35865878127044, 7.376802479396221, -5.834325326540947, 7.376802479396221, 79.56544215674164, -6.596848104546677, -5.834325326540947, -6.596848104546677, 165.208069247644, 7.6864708261761825, 4.609729030378984, 9.0, 0.0
46, 0 ,1.0,1.0,1.0,115.14942111334216,153.92335626094757,62.22726107574657,9.234164109502094,11.552415466911166,10.34325351873035,45.0,52.0,50.0,-0.1512679973760677,-0.9709133354743492,0.1855944179330531,11.659150931456624,-0.20437659595639174,-0.15297872906703425,-0.9668648899811768,10.32966437021781,-0.967134013461998,0.18418687100635017,0.17529117648580733,9.114450988964702,55.45141272778014,50.491021064002496,45.570538793781694,17.33981410274214,5.004181267340225,46814.0,127588.32379240896, 0.0, 0.0,0.0,NaN, 114.86909878921149,114.86909878921149,1.3486991523486091E-6, 85.26978680121661, 8.502587323336442, 3.1850580761129623, 8.502587323336442, 133.45830312012833, -6.030708490199937, 3.1850580761129623, -6.030708490199937, 106.98289335272779, 6.414642381399187, 4.072891617244612, 15.0, 0.0
47, 0 ,1.0,1.0,1.0,99.02112127484365,157.86270058534197,15.253944937793506,11.279970803805895,10.557291837362287,9.587629936489563,48.0,51.0,41.0,-0.857431344190378,-4.4324302218338996E-5,0.5145983754689064,12.129302483079172,0.09636104031643611,0.9822975341868236,0.1606427845862363,10.627510614667223,0.505495835698985,-0.18732739352759367,0.8422484239968295,8.399573767884041,57.110007673811964,52.713176562331654,49.2130481527764,17.419623379332297,5.212822785712309,44931.0,148153.41677535526, 0.0, 0.0,0.0,NaN, 108.6895454800188,108.6895454800188,NaN, 127.23774133471342, 4.015452519296503, -33.12772904555794, 4.015452519296503, 111.45641093923638, 6.68753391469695, -33.12772904555794, 6.68753391469695, 91.92264779907087, 7.474179711515454, 4.3602011699339585, 13.0, 0.0
48, 0 ,1.0,1.0,1.0,95.59515164459633,8.533781859604158,133.26377616403246,11.09290928140263,5.664761704419051,10.695298687698942,53.0,23.0,54.0,-0.820198010585393,-0.010357906325490152,0.5719859589258428,11.46445046624824,0.5694999617189301,0.08006207662280637,0.818083038260164,10.31984711248721,0.054268011147461756,-0.9967360621866738,0.059767928713506176,5.621272684562274,57.69763818989345,50.56818899019791,24.585969270113615,15.614583373167479,5.071130208817443,28092.0,71733.62380742695, 0.0, 0.0,0.0,NaN, 116.89731400962572,116.89731400962572,0.0, 123.05263632542862, 4.263267161087816, -11.940697482787213, 4.263267161087816, 32.08952516785263, 4.314312844237965, -11.940697482787213, 4.314312844237965, 114.38941401909473, 6.631008229877099, 4.1629337626561895, 8.0, 0.0
49, 0 ,1.0,1.0,1.0,117.76773030388601,111.90249147424898,51.90805221886743,10.712225365121611,10.998422385204089,9.197898549629796,49.0,48.0,44.0,0.5852943049289361,0.7998582889488145,0.13288075187034182,11.384431201807399,0.8104971762643348,-0.5817810971202525,-0.0680079576306702,10.3455619949394,-0.022910780983920145,-0.14750414446187338,0.9887960474644288,9.14781275420385,55.750453507503096,52.84280649289379,44.709970025113776,17.21295842349005,4.902292043216873,46037.0,131716.03786642474, 0.0, 0.0,0.0,NaN, 131.21647409138788,131.21647409138788,0.0, 114.75177227315483, 10.489461549061472, 2.2846580441025512, 10.489461549061472, 120.96529496335839, 5.80472764103867, 2.2846580441025512, 5.80472764103867, 84.6013377292819, 6.483225254704681, 4.108654497617759, 12.0, 0.0
