// Sample: .//bubblelabels.tif, Map: .//bubblelabels.tif, Thickness:(8.191250068658265):/gpfs/home/mader/Foam/NewValid/InSilicoTest/LatticeData_OldFoam/out_Step_07000.vtk/distmap.tif, Neighbors:(1.0):
//LACUNA_NUMBER, TRIANGLES, SCALE_X, SCALE_Y, SCALE_Z, POS_X, POS_Y, POS_Z , STD_X, STD_Y, STD_Z,PROJ_X, PROJ_Y, PROJ_Z, PCA1_X, PCA1_Y, PCA1_Z, PCA1_S, PCA2_X, PCA2_Y, PCA2_Z, PCA2_S, PCA3_X, PCA3_Y, PCA3_Z, PCA3_S,PROJ_PCA1, PROJ_PCA2, PROJ_PCA3,OBJ_RADIUS, OBJ_RADIUS_STD, VOLUME, VOLUME_BOX, Mask_Grad_X,Mask_Grad_Y,Mask_Grad_Z,Mask_Angle, Mask_Distance_Mean,Mask_Distance_COV, Mask_Distance_STD, SHAPET_XX, SHAPET_XY, SHAPET_XZ, SHAPET_YX, SHAPET_YY, SHAPET_YZ, SHAPET_ZX, SHAPET_ZY, SHAPET_ZZ, Thickness, Thickness_STD, Neighbors, Neighbors_STD
1, 0 ,1.0,1.0,1.0,78.86965645091311,135.91429416637084,39.615205301147796,18.027075560615366,17.27031665626094,18.967227514159156,97.0,91.0,87.0,0.39965383044540775,-0.3881732576395866,0.8304205789019106,19.508703114923474,0.8384685372561744,-0.21132247674403803,-0.5023079960086807,17.911138377115133,-0.37046906462187146,-0.8970308427675368,-0.2410152262450629,16.780841309634763,96.22997998530641,91.18993146123735,89.8609750338856,30.173358766432326,8.518417165281555,253530.0,788548.5025272578, 0.0, 0.0,0.0,NaN, 162.05703489352115,162.05703489352115,0.0, 324.97545326813577, -22.305160079588855, 16.33882804552433, -22.305160079588855, 298.26383740752397, -27.747719023434232, 16.33882804552433, -27.747719023434232, 359.75571957387615, 7.92566476362509, 6.2244654183049075, 42.0, 0.0
2, 0 ,1.0,1.0,1.0,57.136203105794365,258.082154666482,14.543661167183146,17.5499336685933,18.018143400347373,9.251454056121899,98.0,86.0,38.0,0.6302051391753395,0.7693491669665214,-0.1046104289490742,18.690889984712722,0.761190403105897,-0.6387654114957061,-0.1121067317167121,16.99637079396897,0.15307074435198956,0.008978216116803585,0.9881744475844778,8.94522648865443,98.53349156932504,81.46753355644655,42.80036646712815,25.372727357292263,8.629471129363148,115526.0,343570.54845515813, 0.0, 0.0,0.0,NaN, 72.34064931210636,72.34064931210636,0.0, 308.0001717720247, 29.033042746422467, -35.57894766949048, 29.033042746422467, 324.6534915954816, -6.719975487230107, -35.57894766949048, -6.719975487230107, 85.58940215253433, 8.343489746886616, 6.230297134872063, 26.0, 0.0
3, 0 ,1.0,1.0,1.0,258.5912486115204,140.15430825380272,127.28601546029515,16.516826766088467,16.91213109761824,14.96386268258844,89.0,86.0,73.0,0.40991310249520196,0.8766625226520456,-0.2518612113448821,17.1973501289699,0.9114393219066439,-0.4043816957189533,0.07585385059323714,16.378222753242145,0.03534983571553443,0.2606496989156466,0.9647860506713745,14.790128432646071,89.15670158826566,92.76931497494772,76.35670099727929,26.874830061555727,7.777302889176479,176452.0,631546.7421501674, 0.0, 0.0,-1.4210854715202004E-14,75.41232354220908, 193.80310767738825,193.80310767738825,3.814697265625E-6, 272.8055664209764, 9.427161396898562, -4.527549333111637, 9.427161396898562, 286.0201782630259, -18.519906994270084, -4.527549333111637, -18.519906994270084, 223.91718638336292, 6.856208248124092, 5.705813312774439, 41.0, 0.0
4, 0 ,1.0,1.0,1.0,78.50397612569121,16.941455279557623,261.3192486614588,16.134798374592414,10.240254204264067,16.787400628720427,78.0,45.0,77.0,0.32532517782704456,0.010415293536107378,0.9455448431102346,16.87850903283833,-0.9382337578865413,0.12814291846585693,0.3213982078499376,16.120560165751492,0.11781741905975004,0.9917010205236297,-0.051460097731054866,10.112112410205995,87.31118710573568,76.57281589606895,46.06878902975425,24.269668974782867,7.615412824019488,113930.0,308000.4192744733, 0.0, 0.0,0.0,NaN, 89.14083070426483,89.14083070426483,0.0, 260.33171858875, -18.331242686225302, 8.649428424088086, -18.331242686225302, 104.8628061679479, 8.290023598453953, 8.649428424088086, 8.290023598453953, 281.81681986916294, 7.760900128683466, 5.939746190648823, 23.0, 0.0
5, 0 ,1.0,1.0,1.0,188.21702367531003,113.16057081825194,236.22060167329258,15.982871728352624,14.975718354413905,16.289416221042124,81.0,88.0,82.0,0.15046792734404835,0.13434445942290113,-0.9794442143701471,16.30172809230878,0.9176620143973252,0.34957610997704114,0.18892583376966654,16.160617846836505,-0.36777143740784174,0.9272260293777825,0.07068281453989876,14.770155779510025,81.4695445628594,84.00811306890128,84.90459601490744,26.279797746947054,7.37845784141951,168530.0,581095.775788188, 0.0, 0.0,0.0,NaN, 171.37257725445932,171.37257725445932,0.0, 255.4521886849736, 14.758660905016638, 0.4429092375204864, 14.758660905016638, 224.27214023072952, -3.4214543516345155, 0.4429092375204864, -3.4214543516345155, 265.34508082235027, 7.003160791005967, 5.680689779320552, 39.0, 0.0
6, 0 ,1.0,1.0,1.0,274.40094150820534,206.09590121332687,208.89009564432973,15.05930416413587,15.943725956250244,17.142588100664856,61.0,88.0,86.0,-0.24143521097040999,0.36702408163309785,0.8983331021425486,17.551732742174693,-0.20008589848255642,-0.9246553023280143,0.32400340292212393,15.688231109685228,-0.9495655175563724,0.10151795593918024,-0.29668069113076595,14.854946935664273,89.75367692108222,84.20949713820443,72.14747415381538,26.698084846701565,7.8781743813818474,167391.0,545298.690159319, 0.0, 0.0,0.0,NaN, 133.32031441720716,133.32031441720716,0.0, 226.78264190795994, -3.035463758692053, -20.604751026480212, -3.035463758692053, 254.20239736800775, 21.189677429620097, -20.604751026480212, 21.189677429620097, 293.86832678905625, 7.864527974326184, 5.9971561893921965, 37.0, 0.0
7, 0 ,1.0,1.0,1.0,263.5750783722797,279.58974572549255,27.760892611046327,17.60709621234123,11.423677832090277,15.72345204489199,80.0,50.0,68.0,-0.9839481479102045,0.11242213260297475,0.13859042652751177,17.710975134725995,-0.13790298210634336,0.013906365347560064,-0.9903481107817582,15.682027564686688,-0.11326433573837837,-0.9935632224996152,0.0018202049128106146,11.319565702250863,83.57785194244951,73.4542825132506,55.4728442967662,25.0588877613656,7.732356730859875,132062.0,340556.1757712438, 0.0, 0.0,0.0,NaN, 50.14000951034676,50.14000951034676,0.0, 310.0098370306408, -20.75054768872354, -9.214859310312734, -20.75054768872354, 130.50041521139082, 1.2686571517458722, -9.214859310312734, 1.2686571517458722, 247.2269442080181, 7.29223027162678, 5.79225173415805, 24.0, 0.0
8, 0 ,1.0,1.0,1.0,276.90722407731573,207.2723996410762,284.69672408467073,13.044476446105705,15.076115800834668,8.838520828813762,53.0,75.0,39.0,0.1397717376043963,0.9770453931483807,-0.16076741303688968,15.245109391239128,0.9884327544251945,-0.14732466642461667,-0.036001842207019,13.009798547006083,0.05886043957083116,0.15387573684763128,0.9863354937662574,8.596444919269183,76.64012417905712,58.413978117558486,43.084199065409734,20.741466892845327,6.734881956466748,67981.0,192881.6920470309, 0.0, 0.0,0.0,NaN, 96.77744789918926,96.77744789918926,0.0, 170.1583657530065, 7.76147783257485, -6.955219270060706, 7.76147783257485, 227.28926764017675, -24.39322658684026, -6.955219270060706, -24.39322658684026, 78.11945044137471, 7.136637316214326, 5.725873133396347, 16.0, 0.0
9, 0 ,1.0,1.0,1.0,154.19313585694172,178.02932551319648,15.35513465522344,16.851622265183217,16.514246889943028,9.640279903402432,82.0,77.0,41.0,-0.7391651174197381,-0.6733087922286547,0.017035242805870654,18.429596658987,-0.6726375423269071,0.7392532528891035,0.032609273915517746,14.73945578852435,0.034549469493506194,-0.012645093928853117,0.999322988706478,9.629690024686548,86.66386990917758,74.1106072940651,41.92698258885492,24.287165657001704,7.730854045676207,111507.0,269284.9354308474, 0.0, 0.0,1.7763568394002505E-15,89.02390526999396, 190.71514681922378,190.71514681922378,0.0, 283.9771729684187, 60.97045428311944, -5.840433156078903, 60.97045428311944, 272.7203503419929, 0.1696010983832576, -5.840433156078903, 0.1696010983832576, 92.9349966159448, 8.630630343539604, 5.94733397315838, 18.0, 0.0
10, 0 ,1.0,1.0,1.0,47.59311250509996,249.45688621991025,213.30405319257446,15.5570618069303,16.452653210613878,14.502884967208843,85.0,74.0,74.0,-0.4295345971233875,-0.8604666600217037,-0.2740386046985776,17.360451063011745,-0.7714426238271146,0.19188223295277437,0.606677415781892,15.794991445059862,-0.4694425502836172,0.471993999610325,-0.7462207155494027,13.121685343153333,81.79307071864935,76.98647485796306,72.69156388667899,25.84848296618369,7.409559396644467,156864.0,457735.8833934852, 0.0, 0.0,0.0,NaN, 111.0670873902173,111.0670873902173,NaN, 242.02217206464942, 36.31191490636487, -20.970372430454304, 36.31191490636487, 270.68979766872314, 39.46596932209655, -20.970372430454304, 39.46596932209655, 210.33367237209222, 7.514490576468367, 5.515223169988576, 32.0, 0.0
11, 0 ,1.0,1.0,1.0,14.277290104867474,164.8908395805301,13.75113731018133,8.881211018519606,15.107430218734308,8.253064540094035,35.0,74.0,34.0,-0.056174490755635735,0.9925134323113763,0.10845051069421546,15.187421255047242,0.9970630204686219,0.050102862072256046,0.05792267626894242,8.856006327997125,0.05205535325337077,0.11138577060675038,-0.992412943438369,8.132454660960123,72.9723422872992,37.78579997171952,36.02181084229292,18.349299226367243,6.206983903120114,46821.0,99323.59928411471, 0.0, 0.0,0.0,NaN, 136.55555653035896,136.55555653035896,0.0, 78.87590915547405, -8.55863331142057, -0.29239050208421186, -8.55863331142057, 228.23444781392655, 17.744474974740722, -0.29239050208421186, 17.744474974740722, 68.11307430295759, 9.769421115688521, 5.701551546259651, 12.0, 0.0
12, 0 ,1.0,1.0,1.0,24.157701838945876,132.40417512089886,190.74739957174134,13.491873828284696,14.916364072473886,14.484065557494628,61.0,73.0,70.0,-0.08205330881036821,-0.9195622120018915,0.38428191835091347,15.022214386930235,-0.08664197627768716,-0.3775405794146176,-0.9219307342973069,14.391252718561956,-0.9928546834557245,0.10894241209677034,0.04869423360697247,13.47373933688547,74.26165559335794,78.63463624390852,62.51686401240565,23.84321222443582,6.76889669261708,124691.0,365069.6201992859, 0.0, 0.0,0.0,NaN, 173.35106243666868,173.35106243666868,0.0, 182.03065939835355, 4.1656919939903005, 0.6508579995451005, 4.1656919939903005, 222.49791714258976, -6.693760545805796, 0.6508579995451005, -6.693760545805796, 209.78815507380216, 7.21283742922693, 5.320233870005653, 28.0, 0.0
13, 0 ,1.0,1.0,1.0,123.15689694395996,234.92866252576573,76.56233067001247,14.328769060866826,14.50419929855489,16.48026187071648,75.0,70.0,78.0,-0.15276420130833793,0.38116533614012715,0.9117982700816056,16.897496224914896,0.8201614112307017,-0.46584417267523937,0.3321512702257587,14.406552320010636,-0.5513604613378521,-0.7985625794574304,0.24145278702803524,13.93593638759265,80.66768775664889,70.03308513032019,71.46809683713528,25.196159571375485,7.241408307297099,145057.0,403752.3696878032, 1.4210854715202004E-14, -2.8421709430404007E-14,0.0,65.7674088339389, 158.94555892875772,158.94555892875772,0.0, 205.31362279965438, -10.413309460583664, -9.085663454495846, -10.413309460583664, 210.3717972922002, 29.672308111799385, -9.085663454495846, 29.672308111799385, 271.59903132739146, 6.579924338582118, 5.137120966016882, 32.0, 0.0
14, 0 ,1.0,1.0,1.0,280.10251407008434,287.05078131299285,148.9534921223654,11.242731651254942,7.702452985945639,17.27958213714731,49.0,32.0,75.0,-0.009790010387489698,0.004496253210757793,0.9999419680179835,17.280169422998213,0.985453197018315,-0.16962785689576806,0.010410890996034856,11.3327400813651,-0.1696648230570948,-0.9854979319471012,0.0027701886201279445,7.568058058574314,75.085861436149,52.92765180646833,34.740758497349816,20.780091124755124,7.245589600861415,62011.0,138063.8851313466, 0.0, 0.0,0.0,NaN, 150.8334678590355,150.8334678590355,0.0, 126.39901498212969, -11.904997771471168, -1.6324579416858271, -11.904997771471168, 59.32778200070289, 0.9593532325984604, -1.6324579416858271, 0.9593532325984604, 298.58395883442046, 8.043030296028352, 5.889712748681356, 19.0, 0.0
15, 0 ,1.0,1.0,1.0,190.89806773322252,279.2421192603366,59.72777062123416,16.222663925989245,11.950913295920177,14.627853360950503,72.0,53.0,77.0,-0.9265644361939763,0.06199058770039392,0.3709926045315445,16.50706666328701,0.37613590254076784,0.15176640033079594,0.9140507330287937,14.376693597710101,-3.5832998933159365E-4,-0.9864705402429371,0.16393823480941352,11.865946181532482,77.78042695421226,72.26258595592094,57.85827193635308,23.901586936721998,6.9776349372807704,120325.0,325199.0588806109, 0.0, 0.0,0.0,NaN, 126.10126018612722,126.10126018612722,0.0, 263.17482485559276, -3.8023802806729767, -22.612698053859027, -3.8023802806729767, 142.82432860660165, 12.168658703441498, -22.612698053859027, 12.168658703441498, 213.97409394947093, 7.22074286038133, 5.571175685155455, 30.0, 0.0
16, 0 ,1.0,1.0,1.0,172.61978621452266,100.21061555473645,12.035680058975304,14.251964148053474,15.418355347884098,7.54051805390676,69.0,76.0,30.0,-0.3228163532775753,-0.9448897132574774,-0.05452551546541641,15.599431667605968,0.944633143709619,-0.3180783178718218,-0.08058788683861809,14.106506066384346,0.05880328104663426,-0.07752169683407233,0.9952550229253387,7.440953868898474,80.20177330998523,69.27518675057455,33.31398628108718,21.152398455649415,7.090812069556783,67825.0,185092.26870910823, 0.0, 0.0,0.0,NaN, 162.5199800897573,162.5199800897573,0.0, 203.1184820774016, 14.182238907859139, -7.624974310934667, 14.182238907859139, 237.72568163362618, 13.366152751309096, -7.624974310934667, 13.366152751309096, 56.8594125212938, 7.374983661307913, 5.272344585777557, 22.0, 0.0
17, 0 ,1.0,1.0,1.0,219.19513980383545,31.126555409164105,262.04748572683354,14.81364564507498,16.184451034992467,16.009503724606308,84.0,71.0,74.0,0.42527283943909866,0.6399245609256122,-0.6400309120343868,16.453312010569853,0.11526325424609432,-0.73970107823449,-0.6629907217143638,16.11516910108989,-0.8976956022260592,0.20817990100606562,-0.3883345652412336,14.397034793186283,81.23564345986973,83.74596957644661,72.54799731745652,26.141092356791162,7.370756576081259,163944.0,493555.46843528317, 0.0, -3.552713678800501E-15,0.0,50.213805572022906, 94.54459911923243,94.54459911923243,0.0, 219.44409729784888, 12.794175080210444, -21.27290515891315, 12.794175080210444, 261.9364553040688, -0.2723871191404024, -21.27290515891315, -0.2723871191404024, 256.30420950818325, 7.887034255549335, 5.60379810989228, 38.0, 0.0
18, 0 ,1.0,1.0,1.0,158.51980783709175,254.2532086903524,279.4814738464848,17.130591603514418,14.229195578925482,10.84635475572732,82.0,78.0,48.0,-0.9515351226028033,0.29643797105791014,-0.08188674965058462,17.436458674188636,0.3040231252326364,0.9468489159431641,-0.1051050412731733,13.929413489878428,-0.04637725495378789,0.12490660387795485,0.9910839977169579,10.747647916083999,81.00992845857071,74.68028672117407,50.79057134224314,23.679756907464235,7.269092089127864,111572.0,307275.06806001853, 0.0, 0.0,0.0,NaN, 150.10137775881466,150.10137775881466,0.0, 293.4571686863987, -30.573424257032677, 12.18003121571063, -30.573424257032677, 202.47000682331247, -12.390018262978547, 12.18003121571063, -12.390018262978547, 117.64341148708866, 7.6745720367531565, 5.5529388314198, 28.0, 0.0
19, 0 ,1.0,1.0,1.0,235.01101040617658,243.15347432024168,10.738368580060422,14.913399321015083,13.678238310169863,7.183224846223794,67.0,65.0,30.0,-0.9933747438313381,0.05047184321106185,-0.10324345674618586,14.976146026544015,0.0561072864537347,0.9970473319192851,-0.05242699990876287,13.691711253296923,-0.1002925257674873,0.05787236780634492,0.9932734760979298,7.025275433549278,67.97860535994542,64.84300513021662,33.231475312026596,20.3727923792102,6.786142677758968,59580.0,146482.25145675143, 0.0, 0.0,0.0,NaN, 87.00809623274571,87.00809623274571,NaN, 222.40947930805316, -1.044556548406821, 17.534518801804204, -1.044556548406821, 187.09420326979853, -8.130776137899126, 17.534518801804204, -8.130776137899126, 51.59871919140686, 7.126979186153024, 5.128777251830234, 11.0, 0.0
20, 0 ,1.0,1.0,1.0,271.38571876755606,67.23580011819554,238.65767067218246,15.50022639999234,15.160191450626403,13.802079491753037,72.0,79.0,70.0,-0.9632127640706426,-0.19924093345501692,-0.18034472980202715,15.617951073143123,0.12481076281455504,-0.9259673268554591,0.3563801103903023,15.328186151326078,-0.23799883322621895,0.32076090789266803,0.9167709612279558,13.480064360177892,78.84096059451235,73.9002833984686,78.51546899396598,24.70661827678026,7.082996180484404,137061.0,457460.1205823738, 0.0, 0.0,0.0,NaN, 95.40603374706319,95.40603374706319,0.0, 240.2570184510195, 5.785358016878257, 13.174388955090963, 5.785358016878257, 229.83140481964588, -15.334115893319195, 13.174388955090963, -15.334115893319195, 190.4973982966698, 6.110747611581992, 4.9658929987306335, 30.0, 0.0
21, 0 ,1.0,1.0,1.0,69.87492737590233,63.68440949644639,159.59053538882742,14.575116513257734,14.282321599017715,14.064926852961236,71.0,65.0,70.0,-0.8502641063682467,0.48855186805854167,0.1958775679814223,14.622796971238664,-0.50093077857115,-0.6368107111566966,-0.5861232577165013,14.518889462820956,-0.16161467910406094,-0.5964806705775239,0.7861879578863308,13.770132770466537,79.35323646819606,78.03438105642758,80.30093566671722,23.85503362829181,6.721478230646455,125647.0,497245.9335283351, 0.0, -7.105427357601002E-15,0.0,60.75455557012425, 169.27205097444414,169.27205097444414,0.0, 212.4340213750383, -3.2997485396654587, 2.1870101445750434, -3.2997485396654587, 203.98471025776792, 10.222794812237272, 2.1870101445750434, 10.222794812237272, 197.82216737915007, 7.010304077502556, 5.100070644289992, 29.0, 0.0
22, 0 ,1.0,1.0,1.0,277.48554011908135,207.0615785370003,12.358254182024384,13.154538938432946,13.537260621106794,7.795358697603457,55.0,72.0,31.0,-0.5473856429710491,0.8352587720222396,-0.05207438553714579,13.809534662369348,0.8341155790166135,0.5495738337627106,0.0471147756562249,12.891289172505141,-0.06797174935920836,0.01764610447823132,0.9975311806083017,7.757470780511542,63.024208095148666,67.29061415613438,32.4822340724095,19.44076373839454,6.254889471344964,56432.0,137755.13006481266, 0.0, 0.0,0.0,NaN, 96.42187269593546,96.42187269593546,0.0, 173.0418946827486, -11.082652606921766, 7.886568532260567, -11.082652606921766, 183.2574251237687, -2.932413050796427, 7.886568532260567, -2.932413050796427, 60.767617224301866, 7.582413054303471, 5.569179242435759, 13.0, 0.0
23, 0 ,1.0,1.0,1.0,41.36473392802215,85.2774530913565,38.583751153491235,13.26810721039055,14.137839665252285,16.12642585270407,62.0,70.0,80.0,0.16272582516006517,8.342255205886955E-4,0.9866709734727971,16.19905799065,0.17546289826260944,0.984035830111761,-0.029770058608319255,14.169116476722976,-0.9709444253711238,0.17796850598922934,0.1599816668143589,13.145700765428076,80.06441639873835,71.83876477306663,59.438018403041696,24.245026451289217,6.939847441105751,130040.0,341871.3608586985, 7.105427357601002E-15, -1.4210854715202004E-14,0.0,85.048414798243, 102.33274682016071,102.33274682016071,0.0, 176.0426689464177, 4.838821900007416, 14.239877597584476, 4.838821900007416, 199.87851040038083, -0.7451687297601958, 14.239877597584476, -0.7451687297601958, 260.06161078276216, 6.863405504379959, 5.013926965749313, 23.0, 0.0
24, 0 ,1.0,1.0,1.0,65.5034443212661,42.592774953170995,35.74895064796055,14.788086327030658,13.14162111500222,15.840060959521844,77.0,69.0,76.0,0.23839627777070763,0.24865425887449372,-0.9387961835716245,16.011496804670628,-0.9114477588542469,-0.27646750091523253,-0.3046780330402185,14.958561045598193,0.33530612524175923,-0.9282977865325661,-0.1607265438379597,12.734624276612397,84.2604781630932,83.94960090369779,62.575674700782386,24.356003634589545,7.005877596645994,130795.0,442637.389708748, 0.0, 0.0,0.0,NaN, 85.92341455383973,85.92341455383973,0.0, 218.6874972157111, 21.103122863134068, -3.979050439748597, 21.103122863134068, 172.70220553027218, -16.801258776234977, -3.979050439748597, -16.801258776234977, 250.90753120136807, 6.5029367948360886, 4.97732041616363, 24.0, 0.0
25, 0 ,1.0,1.0,1.0,29.836642384892514,282.0920661942278,137.11522625598798,14.738715942716375,10.722952276928547,15.530515935219459,64.0,47.0,70.0,0.46450514272481586,0.00829178342232514,0.885531602321383,15.817165039237768,0.8801025618377032,0.10662616072328993,-0.4626557494467378,14.468535998614895,0.09825707622817832,-0.9942646067205091,-0.04223078017277918,10.671791534966092,82.73202170965891,70.67644147257725,50.325406021183625,22.912990062022356,6.957245489781799,101036.0,294262.9601919233, 0.0, 0.0,0.0,NaN, 141.4620252690688,141.4620252690688,0.0, 217.22974764008185, 9.48229890866354, 17.196670586276902, 9.48229890866354, 114.9817055332871, -3.707963840939473, 17.196670586276902, -3.707963840939473, 241.19692521410553, 7.216615022873823, 5.215634509105875, 25.0, 0.0
26, 0 ,1.0,1.0,1.0,280.70135400109064,105.26002158048011,168.88716657578112,11.645114161991167,12.250736301703652,14.654789484331184,49.0,59.0,71.0,0.207235385437744,-0.14207806054579475,0.96791906672718,14.803305226074144,0.4559609298414526,-0.8613353190290539,-0.22405601677088757,12.498463802977712,-0.8655363224501832,-0.4877656126713565,0.1137171122335974,11.184928947431567,68.55418705150703,69.17322931969125,57.44747163503337,21.44710363904444,6.361904125798728,86189.0,272422.48832872603, 0.0, 0.0,-2.8421709430404007E-14,14.55221372987817, 169.2414989564951,169.2414989564951,1.9073486328125E-6, 135.60868384580724, -14.986321276711125, 15.68413217070172, -14.986321276711125, 150.08053993387966, -6.928091637330453, 15.68413217070172, -6.928091637330453, 214.76285483006384, 6.955806292747956, 5.284386252953833, 18.0, 0.0
27, 0 ,1.0,1.0,1.0,35.901123969298766,179.0175446934233,207.6281158662643,13.47578872649357,14.927180858754626,14.669396778008375,69.0,70.0,75.0,-0.15526449463830855,-0.7438162775582585,0.6501002091555474,15.593724922598264,0.2726473693070168,-0.6647858405988863,-0.6955021194426341,14.065299305293083,-0.9495032115346819,-0.06926132671706849,-0.3060171889072863,13.364576705326803,75.58894720188405,70.32604035248056,74.49977084559947,23.95322138998583,6.771410271433477,126249.0,396031.1975032182, 0.0, 0.0,0.0,NaN, 156.39120874487506,156.39120874487506,0.0, 181.59688180109123, 3.9712394585938005, -10.160517941856348, 3.9712394585938005, 222.8207283899705, -22.327719638521966, -10.160517941856348, -22.327719638521966, 215.1912018306425, 6.607181777277006, 5.027984420446182, 33.0, 0.0
28, 0 ,1.0,1.0,1.0,123.93268247102132,187.3159984856174,114.12066729497434,13.967458312696415,13.932004894358077,15.149114347516974,70.0,71.0,73.0,-0.19671087449407387,-0.3358741853271577,0.9211369949614415,15.305616706629825,-0.7257162220656513,-0.5818472150943018,-0.36713728129647016,14.345796063198918,-0.6592729304973283,0.7407039556515295,0.12929367036186173,13.36497475307434,75.65474559263659,68.48662396820498,65.92983149923806,23.91264522879117,6.846292118322267,124143.0,341604.7487183488, 0.0, 0.0,0.0,NaN, 202.6833014473728,202.6833014473728,3.814697265625E-6, 195.08989171691218, 15.152725480649783, -2.840132616546321, 15.152725480649783, 194.1007603764174, -11.408058910406202, -2.840132616546321, -11.408058910406202, 229.49566551414466, 6.335793526894099, 4.766047229873453, 32.0, 0.0
29, 0 ,1.0,1.0,1.0,33.47268419805733,14.170990286661928,71.27386875148069,16.70618697866006,8.811498778455618,13.645505205057155,73.0,36.0,66.0,-0.9998025754331177,0.008400854255093113,0.018006548950027033,16.707505947035678,-0.01808115769011262,-0.008891313551892665,-0.9997969875329227,13.644725907214072,-0.00823904690424274,-0.9999251822967092,0.009041455358683658,8.810204670533276,73.57019842727355,65.5280691660588,36.552904822818334,22.21035341831943,7.045509734809044,84420.0,176218.37591605258, 0.0, -1.7763568394002505E-15,0.0,89.51866084506558, 80.0075116469125,80.0075116469125,0.0, 279.0966833659509, -1.6751622411627334, -1.6655112373745224, -1.6751622411627334, 77.64251072272485, 0.9955188885607676, -1.6655112373745224, 0.9955188885607676, 186.1998123012419, 7.094121739238296, 5.262614477680817, 21.0, 0.0
30, 0 ,1.0,1.0,1.0,234.97270919438054,273.37265970803054,95.85322715151071,13.530000765060374,13.04448830608927,14.324467184309789,69.0,60.0,68.0,-0.48581841337652454,-0.3034217029574298,0.8197046659613016,14.795645961701581,-0.7058723604063843,-0.416887946337974,-0.5726680111656544,13.307753835633834,-0.5154848979733894,0.8568195319742192,0.011645153019373597,12.743724118591023,72.9822789147393,69.90469988895,68.88200595418998,22.74840673184798,6.396870105541315,109121.0,351422.5144966601, -2.8421709430404007E-14, 0.0,0.0,60.933893451215084, 118.85034689012083,118.85034689012083,0.0, 183.06092070253428, 12.653758493878547, -16.563613690699817, 12.653758493878547, 170.15867516769973, -10.54663613893006, -16.563613690699817, -10.54663613893006, 205.19036011436802, 6.17907351803909, 4.755637630544057, 24.0, 0.0
31, 0 ,1.0,1.0,1.0,135.1423971318074,25.294097631417333,250.84282204923068,15.034102008365704,13.484861070862374,13.767618358863743,75.0,60.0,68.0,-0.9864069187026275,-0.13227400675295578,0.09749347605407525,15.04352293572942,0.16065166322423163,-0.6516174179940549,0.7413405315170947,14.790030869289533,-0.03453163533451029,0.746925918484745,0.6640099686426738,12.343436358703874,71.74555701998199,74.09941733661867,66.16835150675615,23.53249307762135,6.605663185893135,120494.0,351771.0699143446, 0.0, 0.0,-2.8421709430404007E-14,84.40514814837957, 146.01262624034408,146.01262624034408,0.0, 226.0242231979457, 2.6989632084596957, 0.7948765853843159, 2.6989632084596957, 181.84147810045954, -33.022043296417465, 0.7948765853843159, -33.022043296417465, 189.54731527532198, 7.8774667509696705, 5.281374220174164, 21.0, 0.0
32, 0 ,1.0,1.0,1.0,20.116417537177046,250.26903099209326,80.97309593890076,11.794499282853936,13.225698104890013,15.561385797310116,49.0,66.0,81.0,-0.047356326848360046,-0.07009621122770628,0.9964155255107945,15.583287656071036,0.3731690790328725,-0.9265493721857843,-0.047445751715897974,13.467047432000122,0.9265539470323298,0.36958460746309457,0.07003571349790966,11.488507776036943,80.80624677816074,70.72511123335732,56.56203371038893,22.6466617325404,6.5813937733212855,103962.0,323253.76429805637, 0.0, 0.0,0.0,NaN, 97.13126066785014,97.13126066785014,0.0, 139.110213333242, -16.704094593190682, -6.104984322622872, -16.704094593190682, 174.91909036169127, -5.571935133174655, -6.104984322622872, -5.571935133174655, 242.156727932725, 7.074228981528975, 5.376578895657871, 21.0, 0.0
33, 0 ,1.0,1.0,1.0,166.40888578663723,12.055093825076293,220.82267385234724,15.115153070543432,7.701445894861219,12.949707982852583,73.0,32.0,66.0,0.9411005670138133,0.009791204632057245,0.33798499238595275,15.40958162348138,-0.3381138860731275,0.035981647228526134,0.9404170995400127,12.603719253018046,0.0029534405034855435,0.9993044848166024,-0.03717289085633902,7.691951198425306,72.11626957883422,64.51021159505441,33.10056872564293,20.283736714019447,6.63664696777868,61604.0,153991.65115602693, 0.0, 0.0,0.0,NaN, 155.7593016798384,155.7593016798384,0.0, 228.46785234595853, 0.4300571657709559, 25.012331477391545, 0.4300571657709559, 59.312268871474735, 3.963214157280941, 25.012331477391545, 3.963214157280941, 167.69493684115594, 6.90710839167364, 4.935465848939326, 19.0, 0.0
34, 0 ,1.0,1.0,1.0,58.85489285244752,111.65429685788159,158.0902318243569,13.926020662827822,12.574537808764287,15.013226727102818,71.0,63.0,73.0,0.511554710115839,0.14841049443735893,0.8463368736497061,15.605487707821366,-0.8015170971517078,-0.27253472411470026,0.5322547953050528,13.403404654888774,-0.30964838370609915,0.9506309217002056,0.02046287310271401,12.420447915565948,75.28384400316975,65.2671378471522,61.69544705362437,23.12959446341605,6.517046058062228,114095.0,303144.3440144175, 0.0, 0.0,0.0,NaN, 189.91830539251816,189.91830539251816,0.0, 193.93405150150744, 12.321762906166738, 27.817528183391186, 12.321762906166738, 158.11900110404255, 7.529883113616813, 27.817528183391186, 7.529883113616813, 225.39697675939442, 6.60150712997151, 4.938001774206658, 24.0, 0.0
35, 0 ,1.0,1.0,1.0,144.75540291506115,152.42101785149197,58.41445617170194,13.320040697852791,13.925328208365336,13.667167982978798,66.0,66.0,63.0,0.5352660223311334,0.6666782364352983,0.5186814189859965,14.779194674384977,0.06421822735479846,-0.6443955110636369,0.7619911053263297,13.373484994490477,-0.8422388643450346,0.3745591467105763,0.38773591657496875,12.682863811335334,75.17658150772255,66.21079281231312,64.09694907886481,22.728916667580286,6.444073067266172,107442.0,319042.63214599283, 0.0, 0.0,0.0,NaN, 214.81604068348116,214.81604068348116,0.0, 177.42348419245468, 19.799039008369327, 16.863748889561975, 19.799039008369327, 193.91476571069532, 11.071183290268568, 16.863748889561975, 11.071183290268568, 186.79148067496075, 6.237135537061492, 4.74290252680083, 19.0, 0.0
36, 0 ,1.0,1.0,1.0,27.43890748426831,13.6427366447985,262.48342482260006,12.441276029473181,8.702283996072401,16.683729999578514,50.0,40.0,75.0,0.04537891584948277,0.07300901021338285,0.9962983681729018,16.722743858621804,0.9949763250843212,0.08578480652784427,-0.0516050335789076,12.456930569630055,-0.08923489518134362,0.9936350695283672,-0.06874941516356414,8.604455898603986,75.32017106761819,52.29153441865748,41.70996392043715,21.42951825625478,7.045402046259307,74690.0,164279.16912227136, 0.0, 0.0,0.0,NaN, 48.44080222427231,48.44080222427231,0.0, 154.78534924154397, 7.606691756730733, 5.129861661072755, 7.606691756730733, 75.72974674829783, 14.596876529203678, 5.129861661072755, 14.596876529203678, 278.3468466988361, 6.929834978873191, 5.071286425381687, 18.0, 0.0
37, 0 ,1.0,1.0,1.0,30.879163653707096,288.2603197070634,206.77043555856423,14.537313767210563,6.878187729735562,15.985616750835211,66.0,28.0,76.0,-0.01871508915879192,-0.07272121908341539,0.997176699353129,16.020409582116596,-0.9992292166528712,-0.03306100397700716,-0.02116465457601316,14.543546523164459,0.03450678230533972,-0.9968041905565281,-0.07204642714165399,6.783408602330826,77.3355681158518,66.23616515797868,31.44079226552384,21.465167097149003,7.309548714377168,64997.0,161052.67468495364, -3.552713678800501E-15, 0.0,0.0,88.9276417720498, 98.90952697931891,98.90952697931891,0.0, 211.33349156632977, 5.754058663927173, -0.4309429531061756, 5.754058663927173, 47.309466445484844, -15.158865326875269, -0.4309429531061756, -15.158865326875269, 255.5399429045833, 6.076533441823037, 4.844674659363818, 19.0, 0.0
38, 0 ,1.0,1.0,1.0,53.34269505735704,20.19309399994211,164.83984408918562,14.363399437594413,11.57762178405939,14.776002938147911,77.0,47.0,76.0,-0.5481381353318089,0.01181541672836346,0.8363043587848282,15.076208485561686,-0.8343947246824939,0.0612629550761766,-0.5477520367441455,14.056954962964166,0.057706394940187304,0.9980517252441726,0.023721840572300056,11.566710304829316,78.24877213580223,67.33497433307754,48.92428502154934,22.685411811807292,6.637086961572284,103649.0,257776.14103985336, 0.0, 0.0,0.0,NaN, 146.70198331007094,146.70198331007094,NaN, 206.30724340388753, -3.867337831314795, -13.699420757053817, -3.867337831314795, 134.04132617472655, -1.2173068683823411, -13.699420757053817, -1.2173068683823411, 218.33026282815572, 6.574728125778827, 4.8410664769755005, 23.0, 0.0
39, 0 ,1.0,1.0,1.0,128.61909746452665,93.01458299783492,209.46432086173886,14.403141983398688,12.616933240656115,14.438681516298082,69.0,63.0,69.0,0.6642767283346209,0.07868001350199844,0.7433343014205508,15.358356880398123,-0.6355207970611514,0.5829668450212684,0.5062242330318729,14.287328347399145,0.39350952300524034,0.808677385043797,-0.4372540934318562,11.623517107577001,72.2931914209247,71.01180406336186,58.84019095564588,23.071450631167163,6.543790422635465,111774.0,302066.11982574355, 0.0, 0.0,0.0,NaN, 182.73284893493206,182.73284893493206,0.0, 207.45049899394192, -20.30471423468049, 27.55429223870174, -20.30471423468049, 159.18700439917322, 26.262862177209243, 27.55429223870174, 26.262862177209243, 208.47552392908787, 6.66759188261147, 4.831171393144878, 27.0, 0.0
40, 0 ,1.0,1.0,1.0,281.18023206776473,254.22950128324075,242.8113937320015,10.972465458481148,13.700185362659228,13.274427911408873,45.0,68.0,70.0,0.13405020160518344,0.9323540673986707,-0.335777361438743,13.793470017598139,0.06758298929549139,-0.346647853982734,-0.9355574834755217,13.235788801746498,-0.9886673267623923,0.10271883144934915,-0.10947948966900192,10.902045370166006,72.12768055081378,69.6820532025198,49.508422170731905,21.11720234727807,6.193890425903306,82993.0,248829.57111019397, 0.0, 0.0,-2.8421709430404007E-14,70.38018418245395, 75.62842656488503,75.62842656488503,0.0, 120.3949982375619, 7.604678946480822, -6.775738043488805, 7.604678946480822, 187.6950789712222, -4.085544761768097, -6.775738043488805, -4.085544761768097, 176.21043637519094, 6.6203167322792495, 5.049405306009191, 17.0, 0.0
41, 0 ,1.0,1.0,1.0,133.96793295528678,278.04532543784813,54.7203392382195,13.177074572227832,12.185507340838758,14.782368129388951,59.0,52.0,70.0,-0.1646717971355994,-0.010366023311701184,0.9862939444145611,14.826255572946078,-0.9849100442872731,0.055710610420303217,-0.16385521825269772,13.13080544836643,0.053248510685032925,0.9983931457333323,0.019383566816443095,12.18213384064133,71.24350561165227,61.57986085679569,53.17569984447985,22.324028340242528,6.502157304502243,99635.0,233290.57785010358, 0.0, 0.0,0.0,NaN, 146.36847448063412,146.36847448063412,0.0, 173.6352942820533, -1.1957262530846, -7.723214895707917, -1.1957262530846, 148.48658915363526, -0.9493355949195922, -7.723214895707917, -0.9493355949195922, 218.5184075127742, 6.352435229171828, 4.68094214852328, 20.0, 0.0
42, 0 ,1.0,1.0,1.0,199.96187988089218,175.02864393130702,190.43392887240856,14.41401874210808,12.342608903803875,14.163423483418741,75.0,65.0,66.0,0.9011441252252851,0.29249290681790185,0.3199799447358681,14.664001566799508,0.32632897354703,0.028235359465663787,-0.9448344646019144,14.11541383555476,-0.2853921277745705,0.9558507540076838,-0.07000478174556592,12.100770468060695,75.0981845940625,68.25933699105666,62.286427576367515,22.764726546106807,6.517186578718481,106794.0,319289.7133330143, 0.0, 0.0,0.0,NaN, 193.98502328001902,193.98502328001902,0.0, 207.763936297843, 18.569251169956722, 3.49724258328725, 18.569251169956722, 152.33999455225867, 5.0117854147172185, 3.49724258328725, 5.0117854147172185, 200.6025647706575, 6.706012267094941, 4.827635007321912, 34.0, 0.0
43, 0 ,1.0,1.0,1.0,104.62831188493566,216.23047089689214,275.1522611554136,13.775463931941033,13.740761552340244,12.021290963622521,72.0,66.0,54.0,-0.7515166403828956,0.6419132726502382,-0.15221724482812984,14.098991237903038,0.6273863268643725,0.7667482133666392,0.1359543090994094,13.484142029999067,-0.20398317600046473,-0.006672907501830568,0.9789516516224054,11.936487372711397,72.88990207678108,66.67769792386173,55.94408233349128,21.98567819715403,6.3018509361747865,96433.0,271895.56167571613, 1.4210854715202004E-14, 0.0,0.0,41.27807470626103, 136.3151780974392,136.3151780974392,0.0, 189.7634065402083, -8.234942723369555, 9.796319689250193, -8.234942723369555, 188.80852803827185, -1.4001120381929835, 9.796319689250193, -1.4001120381929835, 144.51143643207246, 5.601878474636836, 4.475604380533516, 25.0, 0.0
44, 0 ,1.0,1.0,1.0,176.32563797352046,279.1751555778307,173.82285010232636,12.346096075215907,11.308591115787662,16.270253691628533,67.0,50.0,76.0,0.17245971274240485,0.024323702818207376,0.9847162052906507,16.382218541950614,-0.980203288263258,0.10294539700329859,0.16912645834915938,12.209889670980628,0.0972582189776468,0.9943895628560493,-0.04159610708048684,11.294821219423321,78.41063903655595,67.2178012686878,51.9160248869469,22.34384069515737,6.766406690537251,95772.0,273628.12065545656, 0.0, 0.0,0.0,NaN, 177.90361189184523,177.90361189184523,NaN, 152.42608829846165, -1.5797057282483777, 20.346267947402158, -1.5797057282483777, 127.88423302407162, 3.747010499241449, 20.346267947402158, 3.747010499241449, 264.72115518995184, 6.663431015394798, 4.996925212785891, 27.0, 0.0
45, 0 ,1.0,1.0,1.0,240.05835112330996,93.82649181661075,186.74830741079597,13.624637679641696,12.272588703657219,13.453647222832737,66.0,61.0,69.0,0.7792980315940015,-0.37385308690842034,0.5029199214216513,14.295749516714704,0.44593546497313363,-0.23300426837519245,-0.8642051677687054,13.15671195469358,-0.44026825803470065,-0.8977432151389323,0.014865417555640114,11.822871279162964,70.43650410926406,66.6208069351672,59.60844597184277,21.91060261256113,6.096991236793696,98370.0,279714.8228236924, 0.0, 0.0,0.0,NaN, 158.81548322184614,158.81548322184614,0.0, 185.63075190151224, -22.27929310793271, 12.473301976842823, -22.27929310793271, 150.61643348913475, -5.434562255896458, 12.473301976842823, -5.434562255896458, 181.00062359643505, 6.7722561770418235, 4.747982772372483, 19.0, 0.0
46, 0 ,1.0,1.0,1.0,119.04876592548366,169.36795932320908,271.1467503827894,14.224330830754614,12.07993268564486,14.11266887078757,69.0,58.0,63.0,-0.7323717868521783,0.03570103886384378,-0.6799683828289295,14.648705870714526,-0.6526179917347891,-0.32164967458637095,0.686025687348901,13.870136921432744,-0.19421977934030776,0.9461854589151769,0.25886628720340965,11.851518975345137,71.87800692823015,70.49055255305257,58.804329672150686,22.500926976613073,6.413428811645294,103843.0,297945.09821556386, 1.4210854715202004E-14, 0.0,0.0,42.91440041962259, 179.08056492326693,179.08056492326693,0.0, 202.33158758275624, 8.961082152742925, 13.667795191409562, 8.961082152742925, 145.92477368971103, -13.256602102465944, 13.667795191409562, -13.256602102465944, 199.16742265649648, 6.169342159171359, 4.584516707917389, 19.0, 0.0
47, 0 ,1.0,1.0,1.0,91.91187248251514,265.89584668816195,41.930299754111694,12.388450886874347,13.894683160915521,14.563848939674298,63.0,65.0,72.0,0.443479934877486,0.2575679503215109,-0.8584778962374258,15.322015970545028,-0.04695043365512155,0.9631796572746395,0.26472741564088936,13.800805964616886,-0.8950537437163519,0.07709538753702312,-0.4392437786467319,11.55055032376109,80.36572958190945,68.02510215034485,56.10573386936598,22.69128610374362,6.614164075260133,104519.0,306723.7051071082, 0.0, 0.0,0.0,NaN, 106.62567989855509,106.62567989855509,0.0, 153.4737153764978, 8.996944515778605, -39.294386752311574, 8.996944515778605, 193.06222014222934, -7.864060667216138, -39.294386752311574, -7.864060667216138, 212.10569593765214, 6.97526242183906, 4.69427979209193, 19.0, 0.0
48, 0 ,1.0,1.0,1.0,278.6414679323918,235.43112883874633,48.38055947294197,11.802166459308811,13.573023446970726,13.853364587204386,50.0,60.0,64.0,0.15996951774655965,0.6123634220205517,0.7742227023041969,14.438731022549819,0.08560803110185089,-0.7899745150984938,0.6071338653919449,13.027936174828307,-0.9834027752669797,0.030843230475737414,0.1787950690903496,11.714509571224783,67.51028178645603,62.92099515869434,56.47615767934167,21.834818580753655,6.218883063447738,95018.0,239900.21966360472, 0.0, 0.0,7.105427357601002E-15,39.26538685761238, 83.46259371740432,83.46259371740432,0.0, 139.29113313323387, 4.781602076970487, 10.513181918843959, 4.781602076970487, 184.22696549201711, 18.192304418014675, 10.513181918843959, 18.192304418014675, 191.91571038600856, 6.337751939619267, 4.598682343013312, 14.0, 0.0
49, 0 ,1.0,1.0,1.0,51.592313644145925,187.16357994205188,47.31438495983142,15.811968931940866,11.612967956474048,15.464159562557615,74.0,59.0,76.0,-0.9650368780104142,-0.1968774899971955,0.17304068311329937,16.011126716089926,-0.1490698755395653,-0.13077345394781703,-0.980141049007324,15.481895934062214,0.215596837375996,-0.9716674110388607,0.09685270279401614,11.312574278526414,75.85683745014967,73.39264555718172,58.696919546554795,23.972824800194864,7.023054060606784,121488.0,326785.3549516153, 0.0, 0.0,0.0,NaN, 132.7873320116673,132.7873320116673,0.0, 250.01836150466315, 26.56959494723667, -5.115977111521331, 26.56959494723667, 134.861024758093, 9.94551089567106, -5.115977111521331, 9.94551089567106, 239.14023097624212, 6.573804972134506, 4.740053722387246, 29.0, 0.0
