// Sample: .//bubblelabels.tif, Map: .//bubblelabels.tif, Thickness:(8.191250068658265):/gpfs/home/mader/Foam/NewValid/InSilicoTest/LatticeData_OldFoam/out_Step_07000.vtk/distmap.tif, Neighbors:(1.0):
//LACUNA_NUMBER, TRIANGLES, SCALE_X, SCALE_Y, SCALE_Z, POS_X, POS_Y, POS_Z , STD_X, STD_Y, STD_Z,PROJ_X, PROJ_Y, PROJ_Z, PCA1_X, PCA1_Y, PCA1_Z, PCA1_S, PCA2_X, PCA2_Y, PCA2_Z, PCA2_S, PCA3_X, PCA3_Y, PCA3_Z, PCA3_S,PROJ_PCA1, PROJ_PCA2, PROJ_PCA3,OBJ_RADIUS, OBJ_RADIUS_STD, VOLUME, VOLUME_BOX, Mask_Grad_X,Mask_Grad_Y,Mask_Grad_Z,Mask_Angle, Mask_Distance_Mean,Mask_Distance_COV, Mask_Distance_STD, SHAPET_XX, SHAPET_XY, SHAPET_XZ, SHAPET_YX, SHAPET_YY, SHAPET_YZ, SHAPET_ZX, SHAPET_ZY, SHAPET_ZZ, Thickness, Thickness_STD, Neighbors, Neighbors_STD
1, 0 ,1.0,1.0,1.0,78.98469766750854,135.78846499698957,39.513519536473034,18.05497725653809,17.344798123276174,19.097078760373964,98.0,91.0,87.0,0.38588245126984344,-0.35535277131364856,0.8513631080342197,19.521104679690538,0.809905860294989,-0.3114057761720308,-0.4970703572197079,18.04885860556761,-0.44175471843751696,-0.8813346983333888,-0.16763626771013757,16.872694449080484,95.57281701570443,91.81027563751769,87.92794903279625,30.294631093675083,8.588246022879986,255778.0,771529.6512669646, 0.0, 0.0,0.0,NaN, 161.98273956821956,161.98273956821956,NaN, 325.9822037341077, -23.575948470946933, 15.129850555817077, -23.575948470946933, 300.8420219372047, -22.802189836338336, 15.129850555817077, -22.802189836338336, 364.6984171799264, 7.881452649680184, 6.217663879485832, 42.0, 0.0
2, 0 ,1.0,1.0,1.0,56.968034914729124,262.3426821245924,13.657381536785666,19.868319476820385,21.147264177972126,9.1206100438725,110.0,95.0,38.0,0.543067092563225,0.837848119824573,-0.055575723849120115,22.021776222626706,0.8370349623982054,-0.545421827273829,-0.04344539165794651,18.941176948197025,0.06671285256950546,0.022925061389349684,0.9975088154308884,9.023060258912919,106.12507086647975,100.98977307201639,41.79554316519588,28.56893709241675,10.438307431185068,141373.0,447945.6909099011, 0.0, 0.0,0.0,NaN, 69.64161587769645,69.64161587769645,0.0, 394.7501188330002, 56.99344698436726, -22.265484164834678, 56.99344698436726, 447.20678221294315, -12.218418693322574, -22.265484164834678, -12.218418693322574, 83.18552757238791, 7.72426095612865, 5.952336639729684, 23.0, 0.0
3, 0 ,1.0,1.0,1.0,260.90029643172295,140.30573154170915,127.04920977960487,18.218967537648858,16.80764213743539,15.254150228125182,89.0,99.0,75.0,-0.9181233973719779,-0.3345688372995453,0.21239849412405878,18.455944523798212,0.39057158308697804,-0.85468191849729,0.3420126557288847,16.94788525326539,0.06710637587494338,0.39696663751734024,0.9153765471187841,14.80756592816121,107.21364687462355,87.54103808425958,79.26650533884612,27.843957831254805,8.475300810678014,189251.0,743963.2324864705, 0.0, 0.0,0.0,NaN, 193.27696921310448,193.27696921310448,0.0, 331.9307781379029, 14.589861340022624, -14.586725886091264, 14.589861340022624, 282.4968342200937, -28.491438765701332, -14.586725886091264, -28.491438765701332, 232.68909918221152, 6.712242797746286, 5.577313333096692, 44.0, 0.0
4, 0 ,1.0,1.0,1.0,79.26949917106836,16.586482630990478,263.1315418128542,17.68908783793369,10.605065022233195,18.930958589256786,83.0,45.0,80.0,-0.16293284044307563,0.0759568865792667,0.9837090224687055,18.981314029743707,0.973460856585501,-0.15002455581450497,0.17281953983413906,17.810346019761365,-0.16070734333245093,-0.9857602061525133,0.04949712885795274,10.307944418394401,92.82544947808083,85.11159677254469,47.63902986907515,26.409344357525956,9.289723159361676,129685.0,376373.2143156452, 0.0, 0.0,0.0,NaN, 88.98341482544639,88.98341482544639,0.0, 312.90382853813367, -33.95238900376406, -5.2270454282243195, -33.95238900376406, 112.46740412579393, 13.51201906772564, -5.2270454282243195, 13.51201906772564, 358.3811931081553, 7.3426454115466395, 5.781868158575716, 19.0, 0.0
5, 0 ,1.0,1.0,1.0,188.2655597463324,113.19022689685534,236.30683427130057,15.946138960165612,14.989580245687083,16.26090956021468,81.0,89.0,83.0,0.2653390512534483,0.17674016959185157,-0.9478175459087911,16.28230606911339,-0.8853653510928591,-0.3445555455959825,-0.31210522437676946,16.124529570250772,0.3817373219429016,-0.921978518432885,-0.06505558073034896,14.773966922059463,82.93614399297752,83.86653753847213,84.69093451071988,26.25120900492218,7.366007682882959,168094.0,589073.489055833, 0.0, 0.0,0.0,NaN, 171.32843302938826,171.32843302938826,0.0, 254.27934773691163, 14.926930536195565, -0.2495554572833597, 14.926930536195565, 224.68751594189246, -3.359503210460125, -0.2495554572833597, -3.359503210460125, 264.4171797254813, 7.015501544689218, 5.682421939779437, 39.0, 0.0
6, 0 ,1.0,1.0,1.0,275.02182952182955,206.25043844876248,208.27077550261907,15.228200797526569,16.44368520111677,17.410314034442997,61.0,90.0,86.0,-0.3337942961644044,0.29843893490548434,0.8941563453784744,17.91635380610439,-0.21032967583556608,-0.9482260246121308,0.23796813591567254,16.31151397457018,0.9188812737840593,-0.10863520783224165,0.3792830029255596,14.776694334425033,93.09914820917203,94.57676215279449,74.27201917375811,27.156822723049935,8.241292185673547,172198.0,653966.3169400686, 0.0, -2.8421709430404007E-14,0.0,72.6361339591561, 133.51831304497796,133.51831304497796,0.0, 231.89809952978882, -0.7089710573229807, -33.024087649765335, -0.7089710573229807, 270.39478299342676, 16.62421053931851, -33.024087649765335, 16.62421053931851, 303.1190347779228, 7.748592845799353, 5.966258495894256, 34.0, 0.0
7, 0 ,1.0,1.0,1.0,264.04379978057364,280.05757804596556,27.18065628428537,18.562383428820844,11.690389577990484,16.1000155002734,80.0,51.0,69.0,0.9814744478296746,-0.10174309483311286,-0.1623460837569391,18.693049052234862,-0.1572199779470897,0.056577488804912465,-0.9859416140395163,16.030146503557372,0.10949788487341418,0.993200548939795,0.03953331245846041,11.577655477600967,84.8646751717647,74.94202353604354,56.39262827185695,25.917325191858087,8.290358318691123,140366.0,358653.19562476344, 0.0, 0.0,0.0,NaN, 49.28830088019563,49.28830088019563,0.0, 344.5620785585627, -22.601684096053, -15.265268475526772, -22.601684096053, 136.66520848518851, -3.299239588572768, -15.265268475526772, -3.299239588572768, 259.2104991090437, 7.063458569288091, 5.717233775080233, 17.0, 0.0
8, 0 ,1.0,1.0,1.0,155.77500379932795,176.3863747657081,14.614553958899714,17.245252071332278,17.424175998250213,9.595138580794947,82.0,81.0,41.0,-0.6564180565820495,-0.7543754524647015,-0.005745581930723507,17.998531306416563,-0.7486999282870797,0.650507467302876,0.12762622131098214,16.738462638693488,-0.09254054449789612,0.08807787294136568,-0.9918056946409198,9.431015423137298,85.71198331882408,87.4451321933568,44.59174047936968,25.062513944250618,8.058393599264786,118442.0,334219.3628517153, 0.0, 0.0,-1.7763568394002505E-15,89.67080059326665, 190.51184493376107,190.51184493376107,2.6973983046972182E-6, 297.3987190037902, 23.233460268581705, -17.386625956580406, 23.233460268581705, 303.60190921799875, 16.895013316044285, -17.386625956580406, 16.895013316044285, 92.06668438465967, 8.56941402265064, 5.852253018871775, 18.0, 0.0
9, 0 ,1.0,1.0,1.0,44.03417187380934,257.69943038939266,214.55750876324012,16.860548021844174,21.561828512691342,15.370587828508532,84.0,89.0,92.0,-0.17895300934357172,0.9572349018426278,0.22732611627618626,21.97603128434484,-0.9160680360817851,-0.2463960442506976,0.3163990244088461,16.949879281623517,0.35888044487843146,-0.15162563131589263,0.9209856102089305,14.669735509865344,98.95471124655586,90.75578188344757,87.52356053565737,29.86368811905917,9.675000285740719,209968.0,786023.9070350829, 0.0, 0.0,0.0,NaN, 105.01793080582863,105.01793080582863,0.0, 284.27807959691347, -29.59123015432753, -31.78893510142723, -29.59123015432753, 464.9124488107093, 52.64180912352408, -31.78893510142723, 52.64180912352408, 236.2549701938946, 7.396592873228176, 5.424764773551424, 31.0, 0.0
10, 0 ,1.0,1.0,1.0,278.24693890885334,209.53633453119895,285.47758248938254,13.46862706443573,18.531758492130948,8.823110333603712,53.0,103.0,39.0,0.26621695209781,0.9631533193219337,-0.03826510022060481,18.902469513880064,0.9637010836546638,-0.2651159405009887,0.031523950499621194,12.962509956070104,-0.020217709528500286,0.0452683285688425,0.9987702551888522,8.794728289497092,107.72373435728917,62.292674449733596,40.86692240931109,22.852716652063705,8.968311178308326,76525.0,274233.3763079627, 0.0, 0.0,0.0,NaN, 94.16884329351718,94.16884329351718,0.0, 181.4039150008506, 48.61500014849941, -0.09705163413084696, 48.61500014849941, 343.42607281066745, -11.075680079865792, -0.09705163413084696, -11.075680079865792, 77.84727595894459, 6.904061130841002, 5.5543566339188075, 13.0, 0.0
11, 0 ,1.0,1.0,1.0,14.34414840827544,168.30418352545996,12.726105046186731,9.042281267526725,17.337716634663902,8.323767444158333,35.0,81.0,33.0,0.048527626250337054,-0.9979175784694229,0.0424920706983204,17.36518353296762,0.9670110992140196,0.03628853087453922,-0.25213622612361963,9.062683602704938,0.2500691973982422,0.05332587653936019,0.9667583707441629,8.243939584507475,81.34726425995512,42.24787844630999,39.180862688416155,19.8931505602945,7.477093945834245,52396.0,134654.80368705248, 1.7763568394002505E-15, 0.0,-1.7763568394002505E-15,89.96040144295927, 133.0845461355335,133.0845461355335,0.0, 81.76285052106473, -10.814585795310574, -2.9731682989701693, -10.814585795310574, 300.5964181039014, -10.034576346019072, -2.9731682989701693, -10.034576346019072, 69.28510446443015, 9.157337195854467, 5.725585616792844, 11.0, 0.0
12, 0 ,1.0,1.0,1.0,22.20692816030697,131.3314929297236,188.86476941661337,14.128411667173674,15.958320910311517,15.708600585610098,61.0,75.0,76.0,-0.4777902211035257,-0.5775258630522894,-0.6619519485004571,16.429380321809628,0.09281528541856537,-0.7824944145933526,0.615701075135391,15.910438067388368,0.8735569972305836,-0.2327366937891715,-0.42747140717663323,13.340673806707766,86.74243429251766,84.57127923292506,66.38735614658145,25.332569102042278,7.700720587213009,140730.0,487012.2428780333, -3.552713678800501E-15, 0.0,0.0,61.4588229403575, 173.4708856560362,173.4708856560362,0.0, 199.6120162371292, 19.913306291434235, 33.37732572883387, 19.913306291434235, 254.66800627648584, -1.0625265263585055, 33.37732572883387, -1.0625265263585055, 246.76013235822992, 6.964895083170401, 5.184712942974439, 25.0, 0.0
13, 0 ,1.0,1.0,1.0,123.11548594245257,234.93378065011868,76.67719782104584,14.332359647161491,14.55633258155948,16.5103753635849,75.0,70.0,79.0,-0.14340396246105983,0.39048696017932427,0.9093707920756958,16.945960724590975,0.8210705556067738,-0.46605205011178635,0.329603745886155,14.407111050341976,-0.5525200867534602,-0.7939240647042456,0.25378363465250725,13.970161496230402,81.38098336154519,70.05755611646374,72.39889246195744,25.242460591605667,7.260442769441787,145758.0,412771.6288821769, 1.4210854715202004E-14, 2.8421709430404007E-14,0.0,72.52137339051859, 158.96675264035844,158.96675264035844,0.0, 205.41653305558305, -9.896556824897775, -8.641867142260914, -9.896556824897775, 211.8868182249701, 30.764316973124334, -8.641867142260914, 30.764316973124334, 272.5924946464712, 6.565541406008799, 5.131573136950971, 32.0, 0.0
14, 0 ,1.0,1.0,1.0,190.9101265216906,279.83024075817286,60.3934218293792,16.71809328404429,12.130431601245322,15.036689660936963,76.0,52.0,78.0,-0.9115958427063732,0.0862853043599541,0.4019301752941268,17.080890877876474,0.4106061332992544,0.2384221546554175,0.88008947242113,14.811433493577008,0.01989027042280676,-0.9673208994025605,0.2527739201767646,11.899943467481176,80.3010960704098,73.12103591284338,59.16766424554271,24.464918591889358,7.362866842338327,125354.0,347414.73448485404, 0.0, 0.0,0.0,NaN, 126.3122523100913,126.3122523100913,0.0, 279.4946430540068, -4.196766817320789, -26.910251844139182, -4.196766817320789, 147.14737083249113, 21.52591873038903, -26.910251844139182, 21.52591873038903, 226.10203595932853, 7.044770164953406, 5.536879795224904, 26.0, 0.0
15, 0 ,1.0,1.0,1.0,173.80881083379504,100.89648107822546,11.26862863843111,14.431501340527596,18.45985803457413,7.521901371772999,81.0,86.0,30.0,-0.1117770421440848,-0.9929551517568007,-0.03931869083716832,18.521606653409243,0.9890035739666839,-0.10730215655227895,-0.10177513389996681,14.422913726995937,0.09683916320706974,-0.05026244919280702,0.9940301115512016,7.385339291121314,86.88656328979516,82.27296291945984,33.401604493325905,23.11355033221738,8.448513531091189,77609.0,238768.53057549454, 0.0, 0.0,0.0,NaN, 161.96079188661835,161.96079188661835,0.0, 208.26823094164982, 15.733896664545467, -14.180431242033091, 15.733896664545467, 340.766358656631, 12.939867315403825, -14.180431242033091, 12.939867315403825, 56.57900024668052, 6.980336956929137, 5.127422918243392, 23.0, 0.0
16, 0 ,1.0,1.0,1.0,217.8058358419491,28.334331375081742,263.16762237270916,16.28752187623857,17.201225340439855,16.777800462911873,84.0,71.0,74.0,-0.5577575194890195,-0.6216760975239516,0.5499321587440094,18.761212747826658,0.15679292738782685,-0.7295542487781856,-0.6657075754495011,16.310158921075818,-0.8150598305490288,0.285077932953583,-0.5043887833490162,14.98851969524887,90.09715895256811,93.0586476983749,79.41483610591649,27.78143263445965,8.417369614788441,185029.0,665839.3806793655, 0.0, 0.0,0.0,NaN, 94.42107284813554,94.42107284813554,0.0, 265.28336886895005, 39.41830842182116, -43.37263887627346, 39.41830842182116, 295.8821532125902, -23.44064058930308, -43.37263887627346, -23.44064058930308, 281.4945883732859, 7.514072755445314, 5.4938697221823185, 34.0, 0.0
17, 0 ,1.0,1.0,1.0,158.5663403835844,254.4026166058489,279.47654912405096,17.356866589654476,14.95185673721377,11.044290743828755,82.0,83.0,49.0,-0.8920057942832067,0.4290642622176954,-0.142230523632483,18.066847636232815,0.4482069127686694,0.8803529875461552,-0.15520689631887408,14.31165690554066,-0.05861933393995439,0.20219415472793517,0.977589534253662,10.749915759795012,86.85725600458622,74.96677242570922,52.373946694939264,24.2139233508093,7.77696031213571,115646.0,341028.14306470926, 0.0, 0.0,0.0,NaN, 150.01271106390556,150.01271106390556,0.0, 301.26081781106376, -45.47691554052888, 20.541120446191467, -45.47691554052888, 223.55801989016481, -25.06395036374122, 20.541120446191467, -25.06395036374122, 121.97635803422153, 7.527682482826455, 5.525619300234372, 29.0, 0.0
18, 0 ,1.0,1.0,1.0,234.9231180907464,243.16210927700567,10.732744635659692,14.974001504341652,13.697352841623681,7.176741277276093,67.0,66.0,30.0,-0.9938671142249662,0.041517799735188377,-0.10249112921266493,15.035764959271564,0.04716493006892019,0.99746387060914,-0.05330381038000281,13.711879064036719,-0.10001814152308681,0.05781089114156822,0.9933047227470964,7.018116264617875,67.93567672124743,65.85492432597596,33.29798401065677,20.41850945960666,6.813830253892195,59793.0,148971.81235633686, -2.8421709430404007E-14, 0.0,0.0,6.348809189847659, 87.06743471748932,87.06743471748932,0.0, 224.22072105202608, -0.7680796021876187, 17.6625094424117, -0.7680796021876187, 187.61747486793632, -8.13017399617749, 17.6625094424117, -8.13017399617749, 51.50561536095849, 7.106627781559851, 5.130903472643013, 11.0, 0.0
19, 0 ,1.0,1.0,1.0,272.32199073596115,66.0678972834204,238.25222825600682,15.781790748018386,16.23833309328639,13.852507117478257,72.0,82.0,72.0,-0.5687775003582922,0.8204737687272085,-0.05757560174886403,16.651941852385953,0.8204715683768604,0.5708917288583436,0.030150280369285996,15.355310656158908,-0.05760694898523852,0.03009034316358781,0.9978857703549587,13.840794829060734,88.18790232875797,79.71118229909646,72.02574378719663,25.44548879774882,7.560914901389484,145293.0,506309.4286025436, 0.0, 0.0,0.0,NaN, 94.57180638869647,94.57180638869647,0.0, 249.0649192142387, -19.290780964053745, 3.9009587901635494, -19.290780964053745, 263.6834616485199, -3.288226079339826, 3.9009587901635494, -3.288226079339826, 191.89195343978577, 6.037475043962003, 4.9070818396895985, 28.0, 0.0
20, 0 ,1.0,1.0,1.0,279.1598187121664,203.8288586394003,12.12465890913653,13.347436750277902,16.594547306836212,7.67547199075708,55.0,80.0,31.0,-0.3851413319857449,0.9225368311866852,0.024330012336128855,17.210778491924565,-0.9212476091260079,-0.3827791858677847,-0.06915878502410665,12.567402178510523,-0.05448850407068395,-0.0490498722773652,0.9973089355629544,7.6351453547307235,81.82480102971648,62.54117115767542,33.65228821412241,21.2653459323903,7.760863404169003,63766.0,172212.85526885174, 0.0, 0.0,0.0,NaN, 99.14741015464361,99.14741015464361,0.0, 178.15406780266912, -49.395083561680664, 4.1191795166231335, -49.395083561680664, 275.3790003188249, 7.977925582213089, 4.1191795166231335, 7.977925582213089, 58.912870280896456, 7.31633904150247, 5.439572322512902, 10.0, 0.0
21, 0 ,1.0,1.0,1.0,40.69642166132459,85.25272518855458,36.88042756072808,13.32493957609409,13.859274770558136,17.34462025361693,62.0,71.0,80.0,0.2505308060222261,0.023659634533616608,0.9678194753814322,17.598404833220158,-0.15287186408391798,-0.986192110144847,0.06368135566680683,13.880721399346413,0.9559626082673752,-0.163906508662072,-0.24345461181265027,12.96499457672029,82.75531245439628,72.41457134012623,61.19721096385048,24.851863653755487,7.270091921682227,136963.0,366735.9433928283, 0.0, 0.0,0.0,NaN, 101.41199053945076,101.41199053945076,0.0, 177.55401470655858, 4.545614951592108, 34.097327727544666, 4.545614951592108, 192.07949716582928, 1.6988009930635644, 34.097327727544666, 1.6988009930635644, 300.8358517421786, 6.836368143890333, 4.936760494420856, 22.0, 0.0
22, 0 ,1.0,1.0,1.0,69.919815675538,63.669950974150005,159.6086925378836,14.571247024059447,14.269677142397848,14.07792139365918,71.0,65.0,70.0,-0.8678676451056404,0.46039727719732365,0.18665502331327885,14.61357592265348,-0.4722062239687371,-0.6477340058924753,-0.5978812086490712,14.50959822777619,-0.15436007457881395,-0.6070214203467437,0.7795498461395819,13.785780876389856,79.44036849917183,78.4285152705267,80.07914657174845,23.853209257386386,6.719911046566761,125648.0,498924.3263360244, 0.0, 0.0,0.0,NaN, 169.27008741084285,169.27008741084285,0.0, 212.32123983616128, -3.1289813123602666, 1.9739317563285919, -3.1289813123602666, 203.6236857482716, 9.951757923293775, 1.9739317563285919, 9.951757923293775, 198.1878707660468, 7.0112490478080485, 5.099286925099004, 29.0, 0.0
23, 0 ,1.0,1.0,1.0,65.71306795217554,42.06374144810811,34.716970039902705,14.691270403100244,13.302514025841315,16.540434777269862,77.0,69.0,76.0,-0.12582520879623302,-0.011212057607268129,0.9919890657641323,16.56776832784275,0.9217195551751809,0.36847450066103665,0.1210768515045983,14.90046605639212,0.36688019630262286,-0.9295702405557156,0.036029008231392934,13.033090655062185,79.20578834215755,80.54399873992955,62.77243200449506,24.7850823912378,7.216368819948379,136081.0,400459.92612055666, 0.0, 0.0,0.0,NaN, 85.39808928220835,85.39808928220835,0.0, 215.8334260570092, 17.863543393881887, -7.238293279899212, 17.863543393881887, 176.95687940770492, 1.163446784443693, -7.238293279899212, 1.163446784443693, 273.58598262111826, 6.41262844787892, 4.930420740977127, 23.0, 0.0
24, 0 ,1.0,1.0,1.0,27.303380550968974,283.2884647289792,133.69498408083618,15.107101593018282,10.648761284215231,20.41295467805142,64.0,47.0,108.0,0.10146251238982841,-0.09314765273504853,0.9904690168649875,20.52874089220415,0.9947791375174262,0.02045440493154442,-0.09998042247851326,15.040905894231685,-0.01094651266977302,0.9954421791891513,0.09473669696333765,10.519092231736055,106.36187874707969,66.26094259587954,52.16766304052538,26.030139549670196,8.985610115222538,126577.0,367658.82225955906, 0.0, 0.0,0.0,NaN, 137.47399306414522,137.47399306414522,0.0, 228.22451854177552, -0.5854328516043733, 19.736610255510797, -0.5854328516043733, 113.39611688820123, -28.908687626849144, 19.736610255510797, -28.908687626849144, 416.6887186881813, 6.677550804431654, 4.952526524308796, 18.0, 0.0
25, 0 ,1.0,1.0,1.0,281.59595661396486,104.23860132519845,168.28909444772464,11.735987895840527,13.155411513283214,15.040022685812225,49.0,66.0,73.0,0.09238596917043124,-0.09849871933235375,0.990839459746293,15.066402218897522,0.47091680685931026,-0.872451165585736,-0.1306381440679606,13.69814016203681,-0.8773267314506442,-0.4786720860442736,0.03421754409878718,11.06187265540877,72.03508968674072,71.68854810706807,58.71675359234507,22.15305486446811,6.800199007142904,91458.0,303218.6583294858, 0.0, 1.4210854715202004E-14,-2.8421709430404007E-14,26.13953582666576, 168.9738366155812,168.9738366155812,0.0, 137.73341189131537, -27.770090809223113, 5.562289872146467, -27.770090809223113, 173.06485208382455, -2.772022338540686, 5.562289872146467, -2.772022338540686, 226.2022823897464, 6.819577552672264, 5.218739064184879, 15.0, 0.0
26, 0 ,1.0,1.0,1.0,33.755214705838995,180.6933974084939,207.33659359936317,15.248558388304785,15.54760746330605,14.36192785705223,69.0,73.0,74.0,-0.6093039666092851,0.7583213439098357,-0.23172702830048225,16.77352420254601,-0.6218109625168935,-0.2756085462752989,0.7330696120518383,14.745643710003339,0.4920363839880209,0.5907526289326169,0.6394619052306368,13.480596423378506,95.2425841491818,76.70807532583711,67.60697269015768,24.96529907995294,7.566071925004622,135674.0,493928.1131789854, 0.0, 0.0,0.0,NaN, 154.79013801768653,154.79013801768653,0.0, 232.51853292154024, -39.91195497049161, -2.210367424647165, -39.91195497049161, 241.72809783305001, -24.720752535147632, -2.210367424647165, -24.720752535147632, 206.26497177117287, 6.586787326607285, 4.928609612014574, 35.0, 0.0
27, 0 ,1.0,1.0,1.0,124.06330603559454,187.41319802682486,114.29791075573897,14.01259980407785,13.948870542272926,15.07961718405305,70.0,72.0,73.0,-0.21534512142587073,-0.35316003304279103,0.9104419090415878,15.230881464623481,-0.7228733748791862,-0.5691860554729686,-0.39176691813615094,14.432506744018307,-0.6565672566986968,0.7424993099770109,0.13271854472834851,13.343230343000712,76.06944894374777,68.05865815703262,65.9875992402936,23.905656548870084,6.843857250075506,124064.0,341629.98402006953, 0.0, 0.0,1.4210854715202004E-14,24.433508315093277, 202.80903403486593,202.80903403486593,0.0, 196.3529532692426, 16.550641142453266, -2.0067528942770845, 16.550641142453266, 194.5709894050894, -10.596150366516888, -2.0067528942770845, -10.596150366516888, 227.39485441758805, 6.339031885842163, 4.765667447308786, 31.0, 0.0
28, 0 ,1.0,1.0,1.0,31.8948023239022,14.02090623299008,71.40406127459148,17.529520755302563,8.977595639996569,14.173139007727237,73.0,36.0,72.0,0.9947915709863426,-0.001495952609412837,-0.10191904836837495,17.56171532675373,-0.10189032950436938,0.01330902158069321,-0.9947066053354908,14.133992527367356,0.0028444767560703503,0.9999103120132102,0.013087279382252938,8.976391298100538,76.47625304129771,68.4602753695199,36.728510341961986,23.043608090389156,7.599428721628034,90021.0,192295.25039589714, 0.0, -1.7763568394002505E-15,0.0,89.91428819716033, 79.45063998093856,79.45063998093856,0.0, 307.28409791058334, -0.500694482105137, -11.019668074445088, -0.500694482105137, 80.59722347528539, -1.543222618263772, -11.019668074445088, -1.543222618263772, 200.87786933235938, 6.84835366947194, 5.211624274093094, 16.0, 0.0
29, 0 ,1.0,1.0,1.0,235.46477830558663,274.23189121066036,95.42237831263715,13.757231694909251,13.460171069744774,14.49140505528394,71.0,60.0,70.0,-0.488206062944118,-0.48786801384884204,0.7236294916376684,15.318048462864434,-0.6728286740731247,-0.31768550247705407,-0.6681148829811405,13.577762761801278,-0.5558384796409881,0.8130564079933742,0.17315560046185874,12.7059119815973,77.87846145502974,71.8957196358312,67.27405780142134,23.162149238444552,6.629727917984168,113467.0,376676.06275742635, -2.8421709430404007E-14, 0.0,0.0,60.77726065305233, 118.04329948186967,118.04329948186967,0.0, 189.26142390741566, 22.333486857178023, -15.559862912331687, 22.333486857178023, 181.17620522679417, -20.97925051479309, -15.559862912331687, -20.97925051479309, 210.00082047630892, 6.091206407573157, 4.709107323071494, 23.0, 0.0
30, 0 ,1.0,1.0,1.0,135.12864833802135,23.866414118501044,250.16498805311073,15.85986746128429,13.956997782118584,14.491530138676724,75.0,60.0,76.0,0.88474264821173,-0.052356681855157405,0.46312981365964,16.31450396483788,0.3650417111820015,0.695654437780706,-0.6187159706144052,14.545374085891051,-0.2897843949087166,0.7164661060099964,0.6345875222585624,13.364381086399824,81.30204760609803,75.75918151656933,69.94389483879587,24.573172968016458,7.24546748137736,132252.0,430810.7879420753, 0.0, 0.0,-2.8421709430404007E-14,62.410746200447484, 145.98933433742008,145.98933433742008,0.0, 251.53539588950417, 4.314466550130268, 28.431750697641135, 4.314466550130268, 194.79778709006308, -16.30998515005947, 28.431750697641135, -16.30998515005947, 210.00444576017583, 7.666925535864983, 5.228631981924448, 19.0, 0.0
31, 0 ,1.0,1.0,1.0,20.03714990822304,252.9949149416404,81.46572635535688,11.71617665649347,15.846281702312842,15.280786534530344,49.0,81.0,81.0,-0.18380469698517232,0.9359749622809906,0.30027771037705564,16.045116973440862,-0.009091436031903793,0.3038504640043665,-0.9526763570673983,15.21090904789036,-0.9829207390003867,-0.17783634473141055,-0.04733978596808539,11.53509183294647,84.42917261768315,79.09763178707168,53.54429774952498,23.797908809475558,7.45220857498086,113863.0,357576.72392735415, 0.0, 0.0,0.0,NaN, 96.16459831140622,96.16459831140622,0.0, 137.2687954461625, -21.670775319490403, -6.0137360027678195, -21.670775319490403, 251.10464378905476, 6.500493185316814, -6.0137360027678195, 6.500493185316814, 233.5024371138839, 6.777005963877539, 5.281557018167755, 17.0, 0.0
32, 0 ,1.0,1.0,1.0,165.64952540803333,11.282338812362543,220.29251070725778,16.459364458672326,7.688125333009336,14.891694599904453,85.0,32.0,81.0,0.9096238932688341,0.035944977566685486,0.4138747774172517,16.844739332635303,-0.41521059993395487,0.04608608648751183,0.9085572245790305,14.475491103884128,-0.013584200268492134,0.9982905545080532,-0.056845741116370745,7.648230625002736,84.25953960898994,75.89961862300883,34.56124133566723,22.058461347715863,8.074948950152924,69112.0,221028.3634859379, 0.0, 0.0,0.0,NaN, 156.6225559793871,156.6225559793871,0.0, 270.91067838340575, 4.474560289284733, 27.819498702847426, 4.474560289284733, 59.107271136059914, 9.67548672544979, 27.819498702847426, 9.67548672544979, 221.76256805682343, 6.741799695473559, 4.793937884241566, 17.0, 0.0
33, 0 ,1.0,1.0,1.0,58.92263367959189,111.70808553379325,158.19037172133676,13.848021985065968,12.62388954509029,14.94229514608118,71.0,63.0,73.0,0.5082787493528144,0.15269954819864187,0.8475467898212284,15.518835987226662,-0.7859660017266148,-0.32001766302786205,0.5290048577093263,13.365485367919518,-0.3520087457524569,0.9350248891500783,0.04264152417146505,12.447168949588475,74.35212645215944,65.33015453316864,62.63317736280708,23.072715107296037,6.484774626457497,113499.0,304236.64494145947, 7.105427357601002E-15, -1.4210854715202004E-14,0.0,87.40088731538255, 189.89613952341765,189.89613952341765,NaN, 191.76771289887037, 12.629359721867479, 27.150112812315953, 12.629359721867479, 159.36258724663992, 7.1045682858116255, 27.150112812315953, 7.1045682858116255, 223.27218423260123, 6.626382349509225, 4.9381650579646, 23.0, 0.0
34, 0 ,1.0,1.0,1.0,144.78243300723096,152.5186507129251,58.37530745473711,13.281022931999031,13.917989012511889,13.779726927545207,65.0,66.0,64.0,0.5168410657084966,0.6520768512228309,0.554681073137189,14.749416346442237,0.016305742841045207,-0.6553111355703625,0.755183049563405,13.455682612514135,-0.8559260689730785,0.38126512520397265,0.34932430312746915,12.703392670502936,74.66606386027254,66.75188151806677,64.55145363259999,22.769193811041852,6.445205634113172,108146.0,321730.9160732886, 0.0, 0.0,0.0,NaN, 214.75655476717026,214.75655476717026,0.0, 176.38557012028414, 18.719835524424475, 16.344992964164287, 18.719835524424475, 193.71041815240167, 10.577219729475337, 16.344992964164287, 10.577219729475337, 189.8808741977145, 6.214639296552268, 4.7369542813736905, 19.0, 0.0
35, 0 ,1.0,1.0,1.0,24.725799658868368,14.403103876687233,264.99128219166545,13.881721207005752,9.12379775847044,19.268627062066198,50.0,41.0,79.0,0.09908671006631345,0.06530948701750933,0.9929332781177919,19.345449019831605,-0.9933153733886262,-0.05288756376884612,0.10260348234056667,13.830769729361728,-0.05921480286253688,0.9964625314100403,-0.05963246278533959,9.038211602853783,83.18666625908816,55.8938950448169,42.52133146641873,24.024650487190144,8.369111484009409,94978.0,197708.32206087638, 0.0, 0.0,0.0,NaN, 45.21531701356011,45.21531701356011,0.0, 192.70218366903325, 7.65100375097977, 17.613404810772415, 7.65100375097977, 83.24368553747021, 18.37699014519045, 17.613404810772415, 18.37699014519045, 371.2799888569898, 6.281228696937979, 4.8173626902127165, 10.0, 0.0
36, 0 ,1.0,1.0,1.0,53.86035580896018,19.115186835790194,163.50649549825886,14.925219851234347,11.913903689286133,15.528438663722808,85.0,47.0,79.0,-0.5237455071102912,0.1957638260522338,0.8290760931248558,16.05149092791771,0.8443837026949678,-0.009483579375078051,0.5356549489600309,14.52109519396955,-0.11272447118935883,-0.9806052142078522,0.16033280220669782,11.718495185684763,86.6112254652263,75.94857238100886,51.56384517639975,23.52640082611639,7.234926414781679,110846.0,339186.91820386535, 0.0, 0.0,0.0,NaN, 147.97569079683927,147.97569079683927,0.0, 222.7621876076798, -12.926086849943223, -18.98747772749971, -12.926086849943223, 141.94110111758576, 19.155910591976752, -18.98747772749971, 19.155910591976752, 241.1324073330014, 6.440896018043644, 4.7613579944301465, 21.0, 0.0
37, 0 ,1.0,1.0,1.0,128.7180761213341,93.01296542553192,209.52597577630823,14.347799751143956,12.596171263652506,14.448705306525323,69.0,63.0,68.0,0.6435518111966178,0.09266973039317589,0.7597719311572453,15.333771417500888,-0.6545381312279697,0.5811893850041846,0.4835273865326086,14.278022884034485,0.39676302886502757,0.8084746253453567,-0.43468135352064036,11.588851965394385,71.68419915213099,70.37704097428644,58.7592595713637,23.03543571412771,6.531207751805842,111296.0,296435.87079375813, 0.0, 0.0,0.0,NaN, 182.7711791198435,182.7711791198435,0.0, 205.85935769892654, -20.44867006759521, 27.282710447214992, -20.44867006759521, 158.66353050326518, 26.646681075283773, 27.282710447214992, 26.646681075283773, 208.76508503481304, 6.689856272651919, 4.829279452721968, 27.0, 0.0
38, 0 ,1.0,1.0,1.0,282.3719384374762,255.47575188174088,245.74518024525085,11.098545771165789,13.991189825703122,15.884395886160416,44.0,74.0,90.0,0.2140775716548967,0.3435698537513848,0.9144017437142139,16.330377750057707,-0.1285776644248051,-0.918047540610684,0.3750419941683023,13.768473957612837,-0.9683173950339862,0.19785971993290272,0.1523579787955604,10.723480361372784,93.98833970773683,78.01860217615888,53.91978797846443,22.661982283826674,7.594715439654696,92069.0,395385.11795165326, 0.0, 0.0,0.0,NaN, 72.36534178437043,72.36534178437043,0.0, 123.177718234662, 19.959957776903277, 26.097112466537364, 19.959957776903277, 195.75339273885857, 21.976871855863507, 26.097112466537364, 21.976871855863507, 252.31403266826996, 6.405711921060018, 4.913333540520654, 16.0, 0.0
39, 0 ,1.0,1.0,1.0,133.6422225670669,278.5658254611759,54.4747541365197,13.674984034109011,12.437754839688525,14.819931464121138,62.0,52.0,72.0,-0.09354620136008168,-0.03680555092563527,0.9949343996626909,14.83454192702736,0.9716344507103386,-0.22138185239809677,0.08316591622537595,13.726061297360138,0.2171994530470048,0.9744923944545941,0.05647097259862123,12.36385495963775,71.85337834564011,67.84912129658423,57.90198638920572,22.71095966208032,6.748749040682729,103106.0,282283.102974359, 0.0, 0.0,0.0,NaN, 145.90122113628965,145.90122113628965,0.0, 187.00518833313635, -7.413334476778072, -3.382478174480193, -7.413334476778072, 154.6977454521953, -3.115096660955608, -3.382478174480193, -3.115096660955608, 219.6303686012477, 6.243241584540556, 4.6498998367449005, 15.0, 0.0
40, 0 ,1.0,1.0,1.0,200.03720816892695,175.08651602200624,190.46686411051857,14.387201193564001,12.354798002413503,14.160810490112434,75.0,65.0,66.0,0.9083123290708137,0.29710706177626706,0.2944420260435435,14.630240851065933,0.29955407276467994,0.029282533861783602,-0.95362984994217,14.123413848122652,-0.2919521713364129,0.954395058166851,-0.06240194386913652,12.10976380925191,75.51278979511392,68.9639976594181,62.05805047125243,22.75426330190891,6.511885071836502,106697.0,323177.46657967573, 0.0, 0.0,0.0,NaN, 193.89029394986886,193.89029394986886,0.0, 206.99155818408943, 18.65167278735716, 2.935139221170604, 18.65167278735716, 152.64103368044067, 4.4208869733526654, 2.935139221170604, 4.4208869733526654, 200.52855373687837, 6.7100252459002006, 4.827892287704679, 35.0, 0.0
41, 0 ,1.0,1.0,1.0,104.78720545984056,216.13924162343966,276.10735333052236,13.954012958805675,14.17700068135909,12.48933363792373,72.0,68.0,54.0,-0.6388210523595642,0.745418064188557,-0.19041946498087473,14.532131770156468,0.7152925597929484,0.6665936611253418,0.2097842817094855,13.720006486132853,-0.28330940148020156,0.0021910109304247305,0.9590260593456426,12.33952385339189,72.99680954973205,64.42994529400588,57.41618410382512,22.54421059847321,6.591194822248982,101981.0,270038.67435680906, 0.0, 0.0,0.0,NaN, 136.32257255659158,136.32257255659158,0.0, 194.71447765451674, -10.903475329029396, 12.56540605235939, -10.903475329029396, 200.9873483192561, -3.332350313229085, 12.56540605235939, -3.332350313229085, 155.9834547193732, 5.488509868484824, 4.402168553839587, 22.0, 0.0
42, 0 ,1.0,1.0,1.0,175.3840846505341,279.75477369700513,173.57734246547707,13.115926949922367,11.445739194783108,16.11535239503362,70.0,50.0,75.0,0.29387103464124853,-0.05813973354284055,0.954075251949473,16.39628818883603,0.895455173495071,-0.33241748135350163,-0.29607203574722807,12.96293682160278,-0.3343648415425813,-0.941338615735147,0.04562634399162998,11.218782058431339,78.36166737894618,71.26858461083593,56.32222818517704,22.69092907000897,6.918005942950172,99137.0,314544.16266390996, 0.0, 0.0,0.0,NaN, 178.66640390553562,178.66640390553562,0.0, 172.02753975569985, -14.997362418278394, 28.905398901943887, -14.997362418278394, 131.00494571499428, -3.7798927476299053, 28.905398901943887, -3.7798927476299053, 259.70458281611593, 6.597653704582193, 4.9473135388311125, 27.0, 0.0
43, 0 ,1.0,1.0,1.0,240.07880054373186,93.84697396985129,186.74099697701314,13.611510717746748,12.294037769135803,13.472490305716113,66.0,62.0,68.0,0.7772551605796205,-0.36985743511263897,0.5089989126159791,14.263621257828955,0.4488497537659031,-0.24097064962191772,-0.8605039480241097,13.185426679693089,-0.4409175817504187,-0.897295170895671,0.02128526228806258,11.858255167331093,70.1107539740891,67.1569826765276,60.08225319728837,21.925290824720346,6.099689006605363,98578.0,282892.8845540281, 0.0, 0.0,0.0,NaN, 158.82508124769453,158.82508124769453,0.0, 185.27322401933458, -21.657664933330032, 12.020531310054556, -21.657664933330032, 151.14336466893764, -4.936741063946863, 12.020531310054556, -4.936741063946863, 181.50799503761465, 6.761317866492886, 4.749144619561042, 19.0, 0.0
44, 0 ,1.0,1.0,1.0,118.55162247427327,169.69533538646436,271.9111676556749,14.445896291389428,12.149801200847948,14.31317167754535,69.0,58.0,62.0,-0.9334337766441456,-0.04232885988861531,-0.3562438101081575,14.480078596981402,0.35049033659352435,0.1042532236955847,-0.930745824220359,14.304482038425274,0.0765369752107106,-0.9936496027119462,-0.08247762397151565,12.119306489655315,72.19976669184229,70.69775399579686,57.712950458597476,22.761385225947276,6.564130936284091,106504.0,294587.7533767737, 0.0, 0.0,0.0,NaN, 178.389392380254,178.389392380254,0.0, 208.6839196615788, 4.590935984049453, 2.045255579406355, 4.590935984049453, 147.61766922012623, -4.655847967293829, 2.045255579406355, -4.655847967293829, 204.8668834708864, 6.1279430322339, 4.556277761429056, 17.0, 0.0
45, 0 ,1.0,1.0,1.0,91.90960122861833,268.20651732598986,41.095791629154974,12.182993147569414,15.381978749160332,14.67237677287796,63.0,65.0,71.0,0.25726649061604145,0.7327169303061996,-0.6300316284511175,16.29068071647363,0.33665524118926204,-0.6790909275197878,-0.6523026603809877,14.266983810514153,0.9058019658765964,0.044287833577350305,0.4213803346278976,11.46194255713548,83.49000535952428,66.55967103276245,57.734311704027775,23.49675640234215,6.943462465347057,113298.0,320833.45515348745, 0.0, 0.0,0.0,NaN, 105.57965915920144,105.57965915920144,NaN, 148.42532203372332, 8.761753521269503, -37.569938587920696, 8.761753521269503, 236.60527023962004, -29.89409638774746, -37.569938587920696, -29.89409638774746, 215.2786401652887, 6.78495203056515, 4.626066067677292, 16.0, 0.0
46, 0 ,1.0,1.0,1.0,51.54615182902845,187.176437327914,47.20348760980726,15.821179558980067,11.602186263965345,15.583431199323392,74.0,60.0,81.0,-0.9770750419414674,-0.20851354902155098,0.04297048160676202,16.00188750153926,-0.02249308395714889,-0.09960238227110403,-0.9947730528216057,15.614588946867489,0.2117036220502059,-0.9729344609583717,0.09262888907066413,11.308757009226328,75.3516542347906,80.60557634465147,59.34820299624869,24.03599425240365,7.073525074794959,122032.0,360466.95022448816, 0.0, 0.0,0.0,NaN, 132.71899376100092,132.71899376100092,0.0, 250.3097226374887, 26.372720310813587, -2.787433150472286, 26.372720310813587, 134.61072610374615, 10.337876198646665, -2.787433150472286, 10.337876198646665, 242.84332794404568, 6.556516825857054, 4.737411786082446, 27.0, 0.0
47, 0 ,1.0,1.0,1.0,280.1856218083794,234.94604856009263,51.159234580556976,12.057619314475469,13.420443184610239,16.416182159738216,50.0,60.0,79.0,0.2982910027486669,-0.009057808777327179,0.9544319953665363,16.820683567255074,-0.007649042484907251,-0.9999455454845605,-0.007099169997174032,13.420177041339299,0.9544443251590209,-0.005182872344373354,-0.29834404302081,11.486904196312226,83.95862216575864,60.261100808775666,60.54582723550152,23.257284200115414,7.354199286186899,105354.0,306327.9192451377, 0.0, 0.0,0.0,NaN, 85.0993152965102,85.0993152965102,0.0, 145.38618353281186, -0.03964657859390258, 42.988220746648935, -0.03964657859390258, 180.1082952713514, -0.9634651806679861, 42.988220746648935, -0.9634651806679861, 269.4910367017073, 6.224220754139506, 4.529111562401317, 14.0, 0.0
48, 0 ,1.0,1.0,1.0,187.40057305271395,67.05844447257287,61.85550556367444,11.915324925685281,12.781902495670284,13.450553794055192,58.0,63.0,72.0,0.09802652790066645,0.38312281732086373,0.9184811956027538,13.585763714954457,-0.22561013693387416,-0.8903417768484221,0.395463761312049,12.696403206141284,-0.9692733700769967,0.24598460774308376,8.407217511090669E-4,11.853175387581333,68.72853040086206,63.54915606228137,57.270542800032814,21.198542678122195,6.073811421513854,86903.0,250137.11953278445, 0.0, 0.0,0.0,NaN, 144.91918262423408,144.91918262423408,0.0, 141.97496808465695, 5.8134873303023715, 2.121388166380067, 5.8134873303023715, 163.37703140882223, 8.220934688585151, 2.121388166380067, 8.220934688585151, 180.91739736677252, 6.010796985701955, 4.538680573305013, 29.0, 0.0
49, 0 ,1.0,1.0,1.0,230.67580720092914,242.62358885017423,286.3552613240418,18.038031768625455,15.309081926850814,7.864211461548208,102.0,77.0,32.0,-0.9532268843239585,-0.30224055276100337,0.0030257674666533518,18.318901893716088,-0.3002037934654119,0.9478728043086644,0.1068402042351358,15.035126500423175,-0.035159485078928555,0.10093460813196033,-0.9942716004644968,7.742558102177585,110.22548596976691,79.60437842181378,35.60795914458981,23.582113587768255,8.091249605254955,86100.0,312439.5911358023, 2.8421709430404007E-14, 0.0,0.0,17.593136068299074, 91.01689489985795,91.01689489985795,0.0, 325.3705900859412, 32.144671725608745, -6.122713015819026, 32.144671725608745, 234.36798944303024, 16.569821884446995, -6.122713015819026, 16.569821884446995, 61.845821911946196, 6.872044965088298, 5.185319963559598, 18.0, 0.0
