// Sample: .//bubblelabels.tif, Map: .//bubblelabels.tif, Thickness:(8.191250068658265):/gpfs/home/mader/Foam/NewValid/InSilicoTest/LatticeData_OldFoam/out_Step_03500.vtk/distmap.tif, Neighbors:(1.0):
//LACUNA_NUMBER, TRIANGLES, SCALE_X, SCALE_Y, SCALE_Z, POS_X, POS_Y, POS_Z , STD_X, STD_Y, STD_Z,PROJ_X, PROJ_Y, PROJ_Z, PCA1_X, PCA1_Y, PCA1_Z, PCA1_S, PCA2_X, PCA2_Y, PCA2_Z, PCA2_S, PCA3_X, PCA3_Y, PCA3_Z, PCA3_S,PROJ_PCA1, PROJ_PCA2, PROJ_PCA3,OBJ_RADIUS, OBJ_RADIUS_STD, VOLUME, VOLUME_BOX, Mask_Grad_X,Mask_Grad_Y,Mask_Grad_Z,Mask_Angle, Mask_Distance_Mean,Mask_Distance_COV, Mask_Distance_STD, SHAPET_XX, SHAPET_XY, SHAPET_XZ, SHAPET_YX, SHAPET_YY, SHAPET_YZ, SHAPET_ZX, SHAPET_ZY, SHAPET_ZZ, Thickness, Thickness_STD, Neighbors, Neighbors_STD
1, 0 ,1.0,1.0,1.0,79.2320874539461,138.21863486523173,39.672683973240254,15.409797349071685,15.475650034070286,16.068696870170708,84.0,80.0,79.0,0.08997102364330047,-0.470205254591425,0.8779591297202788,16.306295155662095,0.9919305634049029,-0.036757856308640716,-0.12133679319491197,15.40364502578446,0.08932509327063815,0.8817912896792557,0.4631038211437968,15.231318906712144,90.09154724664548,82.35593139464659,82.60741419818739,26.100770504678785,7.342369950073503,165024.0,612911.7634685131, 0.0, 0.0,0.0,NaN, 164.1829362630557,164.1829362630557,NaN, 237.46185433945672, -1.6267131771037917, 2.0425708007617476, -1.6267131771037917, 239.49574397701966, -13.971988545632255, 2.0425708007617476, -13.971988545632255, 258.20301910543395, 7.062232560194257, 5.520603802659412, 54.0, 0.0
2, 0 ,1.0,1.0,1.0,57.565984509791576,259.22036395692965,12.993602417983753,14.353030677566116,15.823051062339236,8.198928354972685,81.0,73.0,33.0,-0.22537756745621687,-0.9742175163656935,-0.010255871185760114,15.904995052630651,-0.9692465991058802,0.22313498546907415,0.1037873228357025,14.315340705676864,-0.0988229842152352,0.033331802621169665,-0.994546634766223,8.105739545452321,72.2643621261077,74.92325442027345,36.71098440524552,21.82467146716414,6.876378121719351,79405.0,198763.5922984124, 0.0, 0.0,0.0,NaN, 71.73322098012524,71.73322098012524,0.0, 206.00948963115403, 11.006566375513703, -13.572652602090944, 11.006566375513703, 250.3689449213948, 5.0953333529389555, -13.572652602090944, 5.0953333529389555, 67.2224261699751, 8.217745385775524, 5.597425091228771, 27.0, 0.0
3, 0 ,1.0,1.0,1.0,76.69662194374446,15.66928874662308,259.50598197461915,14.956018752719473,9.206417864545752,15.099949020979045,69.0,39.0,73.0,-0.6849316217497919,0.1334697359352958,0.7162782302405695,15.641109946035055,0.7124248122620732,-0.08335924843728833,0.6967798235980431,14.521216931109361,-0.15270743400551784,-0.9875409182860895,0.03799176634637586,8.996611904500261,74.04611223418262,76.32610671466432,40.425530028396516,22.1346180612185,6.819660588945788,88098.0,228471.0059757343, 0.0, 0.0,0.0,NaN, 88.1343515506104,88.1343515506104,9.5367431640625E-7, 223.68249693169653, -22.68153555891185, -15.818039226365732, -22.68153555891185, 84.75812989662718, 8.103927272248518, -15.818039226365732, 8.103927272248518, 228.00846043616602, 7.157502220330215, 5.33948207133779, 30.0, 0.0
4, 0 ,1.0,1.0,1.0,153.99478505047804,176.5476031289697,14.222972521227518,15.768611235715799,15.3475475133901,8.863565573539313,78.0,67.0,38.0,-0.7523484879848752,-0.6575357977653923,0.04022968162812692,17.163624414376333,0.6521877440492693,-0.752054524998337,-0.09521101796247265,13.819909002639369,0.09285956675968492,-0.04539456009869868,0.9946438733409306,8.785170560457686,81.7392119256584,68.16098338772655,40.990805230634194,22.606124734871266,7.191817164441227,89742.0,228377.19974529464, 0.0, 0.0,0.0,NaN, 191.72978389649867,191.72978389649867,NaN, 248.64910030314252, 51.73031889488011, -13.647440984823788, 51.73031889488011, 235.54721467576664, 2.3982356242263934, -13.647440984823788, 2.3982356242263934, 78.5627946764313, 8.117929246818836, 5.551772999770459, 23.0, 0.0
5, 0 ,1.0,1.0,1.0,281.55430689340784,287.71510682998377,149.2004598247909,10.16644558878768,7.347394256068407,16.73224614308616,42.0,31.0,80.0,-0.09225997867033267,0.009666391442783404,0.995688032072408,16.777915339570132,0.9715560472652797,-0.21814844246000265,0.09214176075233524,10.215978740170927,-0.2180984717003203,-0.9758677256312713,-0.010734929586856574,7.172462233801025,80.48436280431353,47.55982058267034,33.628157714886584,19.633841074703497,7.198691819351742,50454.0,128722.59703379306, 0.0, 0.0,0.0,NaN, 150.83746022228806,150.83746022228806,0.0, 103.35661590978047, -11.421639368814276, -16.395652672135547, -11.421639368814276, 53.98420235410702, 1.1504421754775225, -16.395652672135547, 1.1504421754775225, 279.9680609928217, 7.187179234713929, 5.4228471360046555, 16.0, 0.0
6, 0 ,1.0,1.0,1.0,16.998353343338337,163.7372436218109,12.945576955144238,10.292338618618976,14.016374875664939,8.136150845972553,41.0,72.0,35.0,-0.09592000366992068,0.9917415691508846,0.08513526245983288,14.082893609613881,0.9932076189473193,0.08969971362912595,0.07411198985218041,10.259162977864964,0.06586333244650829,0.09166581365479193,-0.9936092793679243,8.062855081037252,71.84071136515209,46.52492615185869,38.39406662050406,18.242867629321672,5.982117530019799,47976.0,128327.7059414379, 0.0, 0.0,0.0,NaN, 137.92777368923294,137.92777368923294,0.0, 105.93223424031557, -9.097210224984924, 1.8733679460450094, -9.097210224984924, 196.4587646551713, 11.523864913634794, 1.8733679460450094, 11.523864913634794, 66.1969505884199, 7.615596228132417, 5.230464335312026, 18.0, 0.0
7, 0 ,1.0,1.0,1.0,171.23900521663526,99.54675047094624,10.962559773945806,13.328824916389761,14.459268612010625,6.887988463402139,63.0,67.0,28.0,-0.2638085772433716,-0.9638582631009938,-0.037179069713536836,14.561252194823064,0.9630437136363659,-0.26102296561855154,-0.06643656406809718,13.24746298470735,0.0543308402135078,-0.05333160481021273,0.9970977383035539,6.8298657750777405,74.18359452841997,67.3067159923157,29.98031089440292,19.80488558909476,6.476026121076816,55208.0,149693.3150764217, 0.0, 0.0,0.0,NaN, 163.1230425897085,163.1230425897085,1.9073486328125E-6, 177.65757365177254, 9.663194238803486, -6.621775398804728, 9.663194238803486, 209.07044879427565, 8.160975460503048, -6.621775398804728, 8.160975460503048, 47.44438507196096, 6.576191537986932, 4.852392860458317, 25.0, 0.0
8, 0 ,1.0,1.0,1.0,279.1129351915638,205.60785331990886,210.3526999099147,12.470945540449918,12.972042748569795,14.38066161683495,51.0,68.0,71.0,-0.29322818815219964,0.20387667977085613,0.9340511383851474,14.672921586640527,0.3433070000602635,0.9342883923010472,-0.09615354242640733,12.965307891063743,-0.8922766013869246,0.2924713651917682,-0.3439519838004471,12.132929064480628,79.39588674509946,64.13456846820765,61.248935874549545,22.104440659379758,6.480394078875046,94355.0,311880.86369197234, 0.0, 0.0,-2.8421709430404007E-14,20.92461347908745, 131.84379107348767,131.84379107348767,0.0, 155.5244826728677, 2.630435218303766, -19.337887448890097, 2.630435218303766, 168.27389307072218, 11.089059926519369, -19.337887448890097, 11.089059926519369, 206.80342853790998, 7.287359805653796, 5.1013443477836455, 38.0, 0.0
9, 0 ,1.0,1.0,1.0,189.7378858560794,114.0829081885856,234.61475930521092,13.203648675999908,13.136514929587094,13.32806686215374,64.0,69.0,64.0,0.6515677901093103,-0.30559019077246996,0.694315526396836,14.165781579417285,-0.16759324244499194,-0.9506429329548787,-0.2611331444105102,13.027783797487523,0.739845875827421,0.05378335547910446,-0.6706231659393856,12.415684061166465,67.15621946828139,67.40630525049056,68.02572290758565,22.072504850732052,6.1111585440813485,100750.0,307935.6200079956, 0.0, 0.0,0.0,NaN, 171.60382704639113,171.60382704639113,0.0, 174.3363383592341, -6.781494397576617, 21.727003113965566, -6.781494397576617, 172.5680244952646, -6.004318456341763, 21.727003113965566, -6.004318456341763, 177.63736628204063, 6.504837348761393, 4.828128685270736, 38.0, 0.0
10, 0 ,1.0,1.0,1.0,121.55736928777274,186.59816797035816,114.05860436393577,12.559733039609267,12.806552940119861,14.201503142494145,63.0,67.0,68.0,-0.13506106253697223,-0.2580969887101259,0.9566318277190806,14.337649280788016,0.11674870939675283,-0.9628980388372499,-0.2433045533021752,12.691341160122395,-0.9839350833467506,-0.07882455976498431,-0.1601825225712212,12.521942996161517,72.78431104904804,65.45226259617203,65.80949016518332,21.99575481704617,6.2947719393976005,97160.0,313509.68802729016, -1.4210854715202004E-14, 0.0,1.4210854715202004E-14,43.36674221662146, 201.60737775511066,201.60737775511066,0.0, 157.74689402625265, 1.2198930808277644, -6.422474894242353, 1.2198930808277644, 164.00779820809265, -11.04066455766963, -6.422474894242353, -11.04066455766963, 201.68269150627108, 6.337537045811811, 4.692774511961757, 35.0, 0.0
11, 0 ,1.0,1.0,1.0,259.61435644981253,141.0751786446855,126.26960321321923,13.611829625863486,13.437015989686486,13.270219558907346,74.0,68.0,64.0,-0.8432267272632658,-0.5345055596084192,0.05720570930049432,13.708406348907793,0.4445427565404383,-0.6335274696432228,0.6332650967919232,13.485355781600612,-0.30224232667895856,0.5594164387602013,0.7718178697131488,13.120930090092994,74.30074774511917,69.89766780210559,70.06842707634341,22.4215124214573,6.2617738977542166,104817.0,363896.8013636153, 0.0, 0.0,-1.4210854715202004E-14,86.72056397644626, 193.59033790511484,193.59033790511484,2.6973983046972182E-6, 185.28190576353487, 4.373211131548217, 1.9692597678310486, 4.373211131548217, 180.55339870709028, -4.371890755508859, 1.9692597678310486, -4.371890755508859, 176.09872714160707, 6.149359537841723, 4.65395043173846, 39.0, 0.0
12, 0 ,1.0,1.0,1.0,23.32691505853424,132.61270112792002,192.36533917784786,12.905850746713233,13.20380993071292,12.732090038311858,61.0,64.0,61.0,0.3702316892696025,0.8460171424314893,-0.38364500644819244,13.314650604977068,-0.7772659758229024,0.5082938178133763,0.3708031790596921,12.955591252883726,-0.5087102309651815,-0.16091112293672893,-0.8457668185892568,12.565048009542108,67.428299914924,67.91470223700381,65.26777368071399,21.59337580406098,6.060843036330444,93535.0,298885.4747592734, 0.0, 0.0,0.0,NaN, 172.38182525107118,172.38182525107118,NaN, 166.5609834964385, 2.1386307255087638, -5.628046628323279, 2.1386307255087638, 174.3405966863931, -4.417963574525876, -5.628046628323279, -4.417963574525876, 162.10611674368005, 6.474995400178896, 4.724046090950459, 36.0, 0.0
13, 0 ,1.0,1.0,1.0,47.01984020192834,249.018262636761,213.65432763244587,13.330378714945173,14.138788069671445,13.33960149596255,63.0,70.0,65.0,-0.030641800628305942,0.8133438934074585,0.5809757233405295,14.836564696269098,-0.8098039503790608,-0.3609146573258177,0.46255612857020484,14.124826638074458,-0.5858998566348373,0.4563028831644437,-0.6697081728716562,11.65825515640299,69.02998168817521,67.36445976088949,63.64335982418001,22.689478827770657,6.382542076490811,107761.0,295952.2785910024, 0.0, 0.0,0.0,NaN, 110.75007022026739,110.75007022026739,0.0, 177.69899668386333, 16.48847871198863, -25.320802075687986, 16.48847871198863, 199.9053280790836, 29.174518454908046, -25.320802075687986, 29.174518454908046, 177.94496807108627, 7.051845530205289, 4.920398726064239, 41.0, 0.0
14, 0 ,1.0,1.0,1.0,261.0349594019848,280.36519955320705,25.86127937448984,14.665391652626209,10.843544343069288,13.97959493942227,74.0,51.0,63.0,0.835841579793605,-0.05570201413933996,0.5461374727199662,15.163086762813043,0.547707308762197,0.017159280185900672,-0.8364940304819715,13.45184173148805,-0.03722307639895831,-0.9982999773236114,-0.044850840115596036,10.826541219140562,78.74997695294175,69.30922064022127,53.0014540905828,22.015368171046035,6.588535892637522,93108.0,289287.21155744407, 0.0, 0.0,0.0,NaN, 50.720859104275505,50.720859104275505,0.0, 215.0737123249185, -4.648308679658969, 22.24633259908967, -4.648308679658969, 117.58245392010994, -4.343472983748294, 22.24633259908967, -4.343472983748294, 195.42907467032077, 6.532632785092636, 4.788959515038169, 28.0, 0.0
15, 0 ,1.0,1.0,1.0,136.24312135423835,22.77760721582909,250.7458474046941,14.158063942561874,12.255994227189253,12.793009691606418,67.0,55.0,68.0,-0.8955867959241391,-0.2834854000348079,0.34287070293835287,14.400878714607307,-0.44362063876699265,0.5109460671575952,-0.7362980682550732,13.136442726923747,0.03354131521423424,-0.8115233480456934,-0.583356525420268,11.591800153450066,67.60693039769913,66.76647415429454,66.15089295263459,21.807145534783707,6.226529506303613,94459.0,298596.9526227003, 0.0, 0.0,0.0,NaN, 146.65257943420562,146.65257943420562,0.0, 200.4507746016707, 9.879781177955467, -9.944572625676713, 9.879781177955467, 150.2093944968963, -21.46679494351676, -9.944572625676713, -21.46679494351676, 163.66109696953575, 6.881451969802526, 4.747682841108186, 29.0, 0.0
16, 0 ,1.0,1.0,1.0,237.00923732828045,243.1200206709444,9.601890530123596,13.583672183029737,13.08174683889764,6.647533873703557,64.0,63.0,28.0,-0.855707726636271,0.5040499087511262,-0.11703835295733957,13.912141432129332,-0.5081320818412742,-0.8612586750852218,0.005939864821786335,12.813245240484525,0.09780630848077937,-0.06455373016666441,-0.9931096323885554,6.489300741581628,64.50314949018642,58.83474706696825,31.251834523251553,18.92980643874941,6.44207925490949,46442.0,118601.53972926374, 0.0, 0.0,0.0,NaN, 85.4129061219156,85.4129061219156,0.0, 184.51614997601587, -11.89646201429379, 14.798044635514835, -11.89646201429379, 171.1321003570084, -9.558200288853058, 14.798044635514835, -9.558200288853058, 44.18970660203621, 6.0470949959977744, 4.537944821723844, 15.0, 0.0
17, 0 ,1.0,1.0,1.0,144.4075339992779,151.83810326152366,58.68366831146949,12.280767866955195,11.700741662767708,13.459245902038392,61.0,59.0,67.0,0.35673996644572703,0.1168762244543956,0.9268638219811943,13.624439603351036,-0.7458496565553399,-0.5617903080226999,0.3579105190240177,12.514115597930148,-0.5625343422019526,0.8189820498454441,0.11324096376475688,11.253775873398478,69.72866015237373,65.48434291250686,60.15192315409823,20.834798527776925,5.8980577667010845,83090.0,274661.8312408838, 0.0, 0.0,0.0,NaN, 215.05640294440454,215.05640294440454,0.0, 150.81725940203924, 15.010785261262495, 11.504424402900765, 15.010785261262495, 136.90735545882805, 0.3657805527246246, 11.504424402900765, 0.3657805527246246, 181.15130025153724, 5.723642700432813, 4.494346028161204, 31.0, 0.0
18, 0 ,1.0,1.0,1.0,33.000306754347285,11.807070687704902,73.51229893211143,13.398043979996512,7.411443545881412,12.762647661585914,66.0,31.0,60.0,-0.9283008237880878,-0.040609733948915386,-0.3696057765551782,13.534918256217441,0.3654100642760061,0.08428199512748055,-0.9270232091070517,12.65568198052078,0.06879727814501907,-0.9956140792525631,-0.06339984001483913,7.345880114930118,68.07462451900237,67.23360505004831,32.82540347670661,18.970055886073375,6.120394835036535,52159.0,150238.6685719683, 0.0, 0.0,0.0,NaN, 81.44007157652545,81.44007157652545,1.6518123698891422E-6, 179.50758248992076, 8.14262326480554, 8.364171153915175, 8.14262326480554, 54.929495433787245, -6.358168980351639, 8.364171153915175, -6.358168980351639, 162.8851753337844, 6.516378846648518, 4.662957311703952, 28.0, 0.0
19, 0 ,1.0,1.0,1.0,219.14624232465624,29.809786003247908,269.2880932476193,12.350863758752597,13.818940174813624,14.255820461913402,58.0,64.0,63.0,-0.16160720842412132,-0.5660287752686166,0.8083900888514605,14.728788008761681,0.014586203643609746,-0.8204383473063019,-0.5715489138582726,13.378614961296503,-0.9867473601933933,0.08057508198701077,-0.14084496197648227,12.280505921784597,68.23149213424949,64.10191288831845,56.52018914517683,22.49244428675679,6.389468694016465,104067.0,247206.26048481776, 0.0, -3.552713678800501E-15,0.0,55.526238163569836, 91.48319347371721,91.48319347371721,NaN, 152.54383558726835, 5.711674851937369, -8.873759127634237, 5.711674851937369, 190.963107555078, -17.04503054919774, -8.873759127634237, -17.04503054919774, 203.22841704230885, 6.285251056931365, 4.641922082259832, 37.0, 0.0
20, 0 ,1.0,1.0,1.0,161.6049734705619,256.5762577510708,281.4998913251934,14.952136923696361,12.679292905695332,10.067805503334222,72.0,65.0,43.0,-0.9568861865528911,0.29023799781198734,0.011433748744570085,15.165491773313455,0.28725582510842534,0.9514203555010479,-0.11083049255298477,12.45083119094248,-0.04304552155036319,-0.10276775644310032,-0.9937735513234939,10.033754868171865,75.57127938148386,62.23916584728397,45.232042288229366,21.08025375439446,6.427633816315971,78215.0,212748.6119512556, 0.0, 0.0,0.0,NaN, 146.22263429430126,146.22263429430126,0.0, 223.56639858496408, -21.061143824908083, -3.1450470846446383, -21.061143824908083, 160.76446858841598, -5.301554712128362, -3.1450470846446383, -5.301554712128362, 101.36070765296685, 6.673266188444738, 4.880952863594971, 32.0, 0.0
21, 0 ,1.0,1.0,1.0,41.07443405638352,85.53503656391743,39.62748002098183,12.515358136145187,12.634281830601513,14.392985771614386,59.0,60.0,71.0,-0.07285075268934961,-0.045472770906965,0.9963056734449713,14.405477948134873,-0.3898822342671839,-0.9181685947011086,-0.0704150204673687,12.658411914526393,-0.9179785461738331,0.3935716692174807,-0.04916024770017085,12.476542748731047,70.52843374918271,63.387595841128444,61.13325637741142,22.00199237681917,6.271334588696777,97227.0,273304.03875441296, 0.0, 0.0,0.0,NaN, 102.82844346704954,102.82844346704954,0.0, 156.6341892759755, 1.8081905271880208, -3.638125962045861, 1.8081905271880208, 159.62507737506752, -2.0536734723016496, -3.638125962045861, -2.0536734723016496, 207.1580394218942, 5.97750529567484, 4.452325747196168, 35.0, 0.0
22, 0 ,1.0,1.0,1.0,190.6397136348845,281.781138952164,59.88398307842499,14.078798573170438,10.273482665736502,12.78366948678787,66.0,44.0,68.0,0.9780751716710444,0.15224402977841117,-0.14209403209666266,14.185192172008573,-0.14450980400153624,0.00486473693642292,-0.9894914102113151,12.75487124661938,-0.1499529096353073,0.9883309616375325,0.026758833317908556,10.162322737439235,68.72443824950088,66.67818825674475,48.23102248904726,20.705498310851794,6.201738513820931,76825.0,221014.85182162953, 0.0, 0.0,0.0,NaN, 126.00670839712271,126.00670839712271,1.3486991523486091E-6, 198.21256926390598, 14.543119362927934, -5.116853008425332, 14.543119362927934, 105.54444608318839, -2.404877429474268, -5.116853008425332, -2.404877429474268, 163.42220554743125, 6.148301844309023, 4.685459690818576, 35.0, 0.0
23, 0 ,1.0,1.0,1.0,32.59415243834393,288.5463006360897,207.84017408771342,13.009222234204206,6.747498801854374,12.466137583211191,63.0,27.0,66.0,0.7994879744355471,-0.015170741170887497,0.6004904889715346,13.668309744555513,0.5998319661988163,0.07333023654488659,-0.7967586138438252,11.762501430533003,0.031946690892937335,-0.9971923209795579,-0.06772653778537766,6.7077610487470265,64.29109394619253,65.76335367310426,29.529747793185322,18.276816311587616,6.010921308415917,44805.0,124851.71311040103, 0.0, 0.0,0.0,NaN, 98.42255592330352,98.42255592330352,0.0, 169.23986313891308, 2.3864062217756, 23.469919107487524, 2.3864062217756, 45.52874008102622, -6.746879614885885, 23.469919107487524, -6.746879614885885, 155.40458624355054, 5.865867699666582, 4.501432874522209, 21.0, 0.0
24, 0 ,1.0,1.0,1.0,281.1196828610949,105.45371968000913,168.72408630056896,10.800250350919066,12.146028007825375,12.617766909359371,45.0,63.0,60.0,0.16576554090474266,-0.5396349261839567,0.8254186403825597,12.874006123700248,0.2953703463755238,-0.7714050729964177,-0.5636404632719286,12.055965896194428,-0.9408922063289508,-0.3372363559846817,-0.03151977588137186,10.596843795444741,65.87814433482336,60.771589977070185,52.01118299340584,19.780493880923636,5.666701652202127,70127.0,208227.78928325715, 0.0, 0.0,0.0,NaN, 169.44119595669775,169.44119595669775,0.0, 116.6454076425274, -12.312163207813205, 1.8101407971155175, -12.312163207813205, 147.52599636687847, -9.435210089002958, 1.8101407971155175, -9.435210089002958, 159.20804177892435, 6.2259034818038845, 4.638770929728687, 24.0, 0.0
25, 0 ,1.0,1.0,1.0,277.25418341166585,207.09018459233022,11.232000544922007,12.604731803033856,11.80524646608642,7.155626663578975,49.0,61.0,28.0,-0.8875244333925554,0.4595997072120009,-0.0326877540046232,12.880259266996223,-0.4607579143595891,-0.8850382998976717,0.06640295226298597,11.525066155959431,0.001588863186355791,0.07399538394306902,0.9972573181826707,7.121648138998293,60.39182644397174,60.54082757587679,30.349163947372496,17.815938352418634,5.660251012348804,44043.0,110961.73770371293, 0.0, 0.0,0.0,NaN, 96.3107668311209,96.3107668311209,0.0, 158.8792638264131, -13.500706502988677, 0.8294111186703264, -13.500706502988677, 139.3638441250459, -6.555922761038848, 0.8294111186703264, -6.555922761038848, 51.202992948522365, 6.588128919729925, 4.711666322748253, 15.0, 0.0
26, 0 ,1.0,1.0,1.0,91.3869234320073,265.52856652502754,40.120326204031386,11.617433347011596,12.663319568297327,13.53599307226026,61.0,61.0,67.0,-0.2981231918110052,-0.3843808279148517,0.8737127340470161,13.967023665359916,0.05816320785867231,-0.9209497795209814,-0.38531616219910164,12.428330322801173,-0.9527536952203373,0.0640537487720178,-0.29691330975933655,11.358097720656119,70.73624852346578,62.80830080883487,57.43163662245675,21.029951475006502,6.024007758315598,84487.0,255158.62915720485, 0.0, 0.0,0.0,NaN, 105.59114581680087,105.59114581680087,NaN, 134.96475757225707, 6.207690654146171, -17.78039773704586, 6.207690654146171, 160.35966248882198, -13.15570924868208, -17.78039773704586, -13.15570924868208, 183.22310845227773, 5.931590804451985, 4.353128426237454, 36.0, 0.0
27, 0 ,1.0,1.0,1.0,52.88722963031616,188.80692100049816,48.39062988750768,14.009123806046444,11.127840845811527,12.969561110837628,74.0,55.0,68.0,-0.9458328963313289,0.01933167686584434,0.32407779696709293,14.135929434960058,0.3167574227612879,0.2737728320344128,0.9081371986464843,12.97204181241267,-0.07116788140106775,0.9616000846034762,-0.26506680280161765,10.96337253482922,70.07271058847468,67.12015551080628,58.17596313744207,21.226047136452102,6.144007655573814,86317.0,273618.4973236489, -7.105427357601002E-15, 2.8421709430404007E-14,7.105427357601002E-15,78.38491190814227, 132.29744115540933,132.29744115540933,0.0, 196.2555498131372, 2.71335390501108, -10.577969677758118, 2.71335390501108, 123.82884188971138, 12.45226592334311, -10.577969677758118, 12.45226592334311, 168.20951540775178, 6.032815783182201, 4.332153594966576, 32.0, 0.0
28, 0 ,1.0,1.0,1.0,68.70136146505722,62.33564532548748,161.3866918748392,13.559183061834267,12.783500197227045,12.000957205193998,65.0,61.0,58.0,-0.9360292686406274,0.26302797086462826,-0.23380653282346306,13.777657620417008,-0.15101074915052898,-0.9002927635864635,-0.4082507727792381,12.852703092937208,-0.317875701948244,-0.3468273725885621,0.8824204279900971,11.673751330960512,68.49732878006262,63.22308482792083,65.55133379685532,21.334492924821422,6.010965652736381,89389.0,283877.4208092216, 0.0, 0.0,0.0,NaN, 166.7910637135521,166.7910637135521,0.0, 183.85144530433328, -9.25228996896873, 13.501479372169012, -9.25228996896873, 163.41787729250393, 7.334717735730286, 13.501479372169012, 7.334717735730286, 144.02297384089775, 6.24243271030763, 4.386766593351491, 37.0, 0.0
29, 0 ,1.0,1.0,1.0,124.49710932781086,168.83460917372386,273.92232782318206,12.807548880872533,11.552586207580319,12.98884053800271,66.0,57.0,61.0,0.6411306538468475,-0.11917796078825704,0.7581214271871406,13.272573888747326,-0.718429140968483,0.2541358346422901,0.6475141287709129,12.610834776192565,0.2698352351069103,0.9597976824378244,-0.07731335383864271,11.446010814099894,72.16398413303341,64.74899614508574,60.38391158673127,20.743193401741994,5.993785318071374,81123.0,282146.5761952954, 0.0, 0.0,0.0,NaN, 182.71271156586846,182.71271156586846,0.0, 164.03330833593927, -8.566069846390798, 8.909770174605079, -8.566069846390798, 133.46224808357502, 0.5318328020861186, 8.909770174605079, 0.5318328020861186, 168.70997852166252, 5.722805095131786, 4.245716285321819, 30.0, 0.0
30, 0 ,1.0,1.0,1.0,276.0783422341881,208.5756719777552,287.1796575009931,13.17230081925521,12.078394220176559,7.324010880167327,55.0,60.0,35.0,-0.930047353724338,0.3647002421164646,0.04478451998791968,13.383677775812309,-0.35958135651028983,-0.9284433529167653,0.09324263228209864,11.886927137394794,0.07558550046520988,0.070616384960339,0.9946356912430588,7.253715158954764,62.82301220256545,64.79157814300345,38.058505365898384,18.340558775035742,6.054928158387056,45314.0,154913.42032791808, 0.0, 0.0,0.0,NaN, 95.3677862088425,95.3677862088425,NaN, 173.50950887295147, -13.302746072318229, -8.242591343261422, -13.302746072318229, 145.88760693799452, -5.611081466454219, -8.242591343261422, -5.611081466454219, 53.64113537280938, 5.773987777844534, 4.429343222159327, 20.0, 0.0
31, 0 ,1.0,1.0,1.0,13.024431028109763,249.9681586960731,81.17758259553271,8.28487058821429,11.834368009763303,13.726390735974405,33.0,57.0,60.0,-0.06140101464425968,0.036729514579167,0.997437144966757,13.743991648452798,-0.11215469362231226,0.9927398937402763,-0.04346064973089103,11.87242314628336,-0.9917919338748136,-0.11453578539183562,-0.05683584929896476,8.200817745412095,59.12017805375468,57.615009694857235,36.21599462136554,19.03761615064181,5.888490535900923,56813.0,123359.26970193234, 0.0, 0.0,0.0,NaN, 96.24251069003681,96.24251069003681,0.0, 68.63908066345817, -8.48023875292893, -7.090674399214972, -8.48023875292893, 140.05226619050902, 1.276631174472715, -7.090674399214972, 1.276631174472715, 188.41380263664396, 7.81911164572005, 4.961513119750125, 25.0, 0.0
32, 0 ,1.0,1.0,1.0,59.887174700087044,44.175393891993494,35.31937734159172,11.773917874284532,12.06088948755361,13.867423178480385,62.0,60.0,68.0,-0.3264013948002027,-0.4685473272902868,0.8209296751620148,14.738604411265458,-0.6596688236417676,-0.509104043657267,-0.5528563247778818,11.933361151469459,-0.6769779705334357,0.7219947886383589,0.14291379426592252,10.805741741743544,74.85987771136871,59.611433940500476,54.4624781541814,20.934962397693557,6.174380321910745,79273.0,243039.06228506422, 0.0, 0.0,0.0,NaN, 82.3735244776455,82.3735244776455,0.0, 138.6251421103968, 23.97546103931981, -17.567816142404126, 23.97546103931981, 145.46505523098116, -31.42533551849315, -17.567816142404126, -31.42533551849315, 192.30542561105503, 6.383548364303202, 4.348974188373238, 29.0, 0.0
33, 0 ,1.0,1.0,1.0,135.4217444073594,142.76458499986208,174.92832317325463,12.352874252579614,11.41948744136421,11.854302491794355,58.0,52.0,55.0,-0.8755817350276927,0.4380714214928004,0.20359286568338278,12.629744787653712,-0.2987392194580941,-0.15983535856673176,-0.9408546842681987,11.878308838508934,-0.37962021026739823,-0.8846163506419719,0.2708180350962896,11.08683945162983,66.12359546745623,54.47363901892783,59.08558742023817,19.82058186039738,5.537799021794973,72506.0,212825.86461501205, 0.0, 0.0,0.0,NaN, 233.16024518079587,233.16024518079587,2.6973983046972182E-6, 152.59350230004435, -13.167768801351329, -1.4142580519529344, -13.167768801351329, 130.4046934234749, 5.996987121676766, -1.4142580519529344, 5.996987121676766, 140.52448756696185, 5.606617525395017, 4.105022550395733, 32.0, 0.0
34, 0 ,1.0,1.0,1.0,239.47186378254312,94.89140500940765,185.04303500180146,12.90116494391475,11.315135718167792,11.87323241842574,65.0,56.0,59.0,0.8712229618478707,-0.3419347543842239,0.3522089926353722,13.317484457500294,0.4090365025024401,0.10898388683935196,-0.9059865628307953,11.696033062759955,-0.2714031878397796,-0.9333826311612985,-0.23481306070322724,11.013329179302298,72.4074452484829,58.90432013689026,57.85421837645086,20.079979749847396,5.6780643302437,74939.0,246754.68258717255, 0.0, 1.4210854715202004E-14,0.0,70.0052063248747, 160.88237262116536,160.88237262116536,0.0, 166.44005691009488, -16.009807610692448, 11.457348500797995, -16.009807610692448, 128.03229632055653, -8.28249351012616, 11.457348500797995, -8.28249351012616, 140.97364806195594, 5.910754971234325, 4.29629836290327, 33.0, 0.0
35, 0 ,1.0,1.0,1.0,272.89919990227816,65.82985402797289,238.89110120320038,13.110733606715659,12.66191272749587,11.582046440869709,58.0,70.0,57.0,0.9377005085767993,0.2682376632566846,0.22083095848500395,13.229055595155097,-0.27555247865771404,0.9612829954553973,0.0024153993228731917,12.62151259310315,0.21163314419155177,0.06311543914837581,-0.9753091067044878,11.491243505638632,65.57279951871664,68.66998747448926,59.30133950185973,20.765748225301003,5.928142207037135,81865.0,267027.01259249926, 0.0, 0.0,0.0,NaN, 93.82068300454009,93.82068300454009,0.0, 171.8913357062634, 3.586269534463248, 8.87757121027083, 3.586269534463248, 160.3240339187219, 2.6079783626626387, 8.87757121027083, 2.6079783626626387, 134.14379975846268, 5.688921304142395, 4.267346560410773, 35.0, 0.0
36, 0 ,1.0,1.0,1.0,131.480926464687,276.0852477929374,59.02827798956661,12.821891250090166,12.09006198432829,12.193291382942522,63.0,53.0,69.0,0.8373771290542135,0.07529657677617263,-0.5414147848578875,13.151628623628161,-0.39916444969284887,0.7609149796555742,-0.5115428973577512,12.6734071789609,-0.3734531909601627,-0.6444678574308786,-0.6672285177509459,11.210096510994267,64.08736189926907,65.80341107524512,61.35322919571419,20.603469617531548,5.89439466636497,79744.0,258736.81472151316, 0.0, 0.0,0.0,NaN, 146.09410323333105,146.09410323333105,0.0, 164.40089522913877, -7.632779119520053, -14.307678184914828, -7.632779119520053, 146.1695987849001, -15.53179215706595, -14.307678184914828, -15.53179215706595, 148.67635474934036, 6.243207266484723, 4.295359768849728, 24.0, 0.0
37, 0 ,1.0,1.0,1.0,36.05254503945018,176.20001892662384,209.022368903557,12.089583147830261,13.047392088225475,12.786941833492982,66.0,63.0,66.0,0.2007802782672645,0.7991820153296444,0.5665645472782147,13.396053711594966,-0.15421793662468503,-0.5453451906191296,0.8239025737863731,12.488778372576318,-0.9674213703873531,0.2527978034758885,-0.013753642267471892,12.019754663139173,60.52830665472044,59.06718053320738,70.16582314781635,21.056433868858036,6.043586283972545,84537.0,250859.4061148386, 0.0, 0.0,-2.8421709430404007E-14,55.48899305213104, 157.8073213685295,157.8073213685295,0.0, 146.15802068830143, 6.5796102999625745, 2.518549715868699, 6.5796102999625745, 170.23444030388873, 10.67354843689446, 2.518549715868699, 10.67354843689446, 163.50588145313287, 5.611712152440718, 4.220352925713297, 41.0, 0.0
38, 0 ,1.0,1.0,1.0,200.53585457337783,175.43700345550667,193.55970347618063,12.534868491541769,10.706650685142787,11.71212742944495,64.0,53.0,56.0,0.9217941620200485,0.2830274203837448,0.2649358453978595,12.774497808603398,-0.2737364205367387,-0.008753098693972922,0.9617649168767733,11.633544058903635,-0.2745248530415589,0.9590718756037924,-0.06940635769390359,10.507239613000499,64.4346349074651,56.33535085471675,51.37985911308411,19.454670750864103,5.517699873407012,67718.0,186506.2047385324, -2.8421709430404007E-14, 0.0,0.0,22.81019823349916, 191.6731412005091,191.6731412005091,0.0, 157.1229281002466, 13.83117421675222, 6.3258962160701415, 13.83117421675222, 114.63236889366851, 3.7481569897131095, 6.3258962160701415, 3.7481569897131095, 137.17392892355676, 5.932585604643103, 4.198998647150249, 34.0, 0.0
39, 0 ,1.0,1.0,1.0,163.5365288930489,9.944972658751663,223.34105128331444,13.219999836455644,6.558571082639618,11.556989794163474,59.0,27.0,57.0,0.9511710506305948,-0.02408797539569585,0.3077229303832055,13.399721357509133,0.3086642713232662,0.07420580726198742,-0.9482720420728825,11.372679254636774,-7.125155767585631E-6,-0.9969519886182748,-0.07801751302944121,6.515895758573073,62.02634873841723,58.4870975408256,28.55597883928671,17.78452963781938,5.920960140542131,40598.0,103593.69833630594, 0.0, 0.0,0.0,NaN, 156.83678090960814,156.83678090960814,0.0, 174.76839567588726, -1.151125534581236, 14.697650646505835, -1.151125534581236, 43.01485464603661, -7.12978697061623, 14.697650646505835, -7.12978697061623, 133.56401310239872, 6.60104873797137, 4.339551213295972, 18.0, 0.0
40, 0 ,1.0,1.0,1.0,104.01546785861319,229.4413926954067,156.83666117743928,12.083194263113493,10.923896776330029,11.998393845674094,59.0,52.0,59.0,-0.8267928115623072,0.5409852911038684,0.15410568308196262,12.852169843497816,-0.1754884297871499,0.012218328445286308,-0.9844056701689826,11.99021954874608,-0.5344319018918462,-0.8409432961022199,0.08483463314589179,10.01763069506533,58.655655433135124,59.63046191961061,54.045074647647056,19.469271445138823,5.499457123341321,68012.0,189031.50265909004, 0.0, 0.0,0.0,NaN, 190.5084675321108,190.5084675321108,0.0, 146.00358360013882, -29.088342426565386, -0.760044809131658, -29.088342426565386, 119.33152077991359, 4.882262416239485, -0.760044809131658, 4.882262416239485, 143.96145487590996, 5.938647288505045, 4.144913511081746, 23.0, 0.0
41, 0 ,1.0,1.0,1.0,51.952116233163025,21.567841384115187,165.0325563167673,12.115473781023216,10.869618852047326,12.15044093583836,59.0,49.0,58.0,-0.7432181141738317,0.3450831052984451,-0.5731880016203023,12.283871968956076,0.604936885775826,-0.019356074507726653,-0.7960381313778239,12.16410419107974,-0.2857939799781286,-0.9383725234773416,-0.19436771385965212,10.663376226204882,60.91814763816248,62.182111843121476,52.18380300390313,19.546609534473603,5.522371734094881,68896.0,197673.2409088797, 0.0, 0.0,0.0,NaN, 146.22039877343045,146.22039877343045,0.0, 146.78470493866098, -9.938279309013598, -0.6556200172867034, -9.938279309013598, 118.14861398878261, -6.827430739441584, -0.6556200172867034, -6.827430739441584, 147.63321493529654, 5.738210926492925, 4.121065423173873, 27.0, 0.0
42, 0 ,1.0,1.0,1.0,187.53926406316086,66.71269013268167,61.112755925247114,11.676536636295328,11.232880306352984,11.34253667366192,56.0,57.0,57.0,0.22025073709961562,0.6718606885758595,0.7071724174156172,11.997343102023395,0.9726752738560924,-0.09669519677759379,-0.2110754617408611,11.666007547680655,0.07343312900899268,-0.7343386508052765,0.6747994676179248,10.542308683526342,56.920602023240036,60.1865378711301,51.927741540552326,19.03846893256046,5.358073039155267,63837.0,177896.85947448586, 0.0, 0.0,0.0,NaN, 144.33561268437353,144.33561268437353,0.0, 136.341507818747, 2.505939223059251, -0.015408348240532305, 2.505939223059251, 126.17759997685269, 16.091405555163487, -0.015408348240532305, 16.091405555163487, 128.6531381933656, 5.378095277100425, 4.0219547438806735, 31.0, 0.0
43, 0 ,1.0,1.0,1.0,92.13939145858916,158.64628189384635,106.56000818665575,11.278744135354934,11.559352973950448,13.195812452614495,57.0,56.0,61.0,-0.05217784492622024,0.158235290450917,0.9860218381733588,13.224632509384376,0.6643992203111909,-0.7316391555468372,0.15257071187024454,12.48106979567013,-0.7455542559389874,-0.6630729514364352,0.0669560492012305,10.212255797770677,61.06353728715703,58.067666904766,53.381661551722146,20.05962403193063,5.706983478979548,73290.0,189281.61066352518, 0.0, -2.8421709430404007E-14,0.0,80.89551901044568, 199.5634646560668,199.5634646560668,0.0, 127.21006927080333, -25.610730192761686, 1.5868188888679668, -25.610730192761686, 133.61864117637705, 5.268053653034196, 1.5868188888679668, 5.268053653034196, 174.12946628457578, 6.204632985490636, 4.296459332705328, 28.0, 0.0
44, 0 ,1.0,1.0,1.0,84.48894639065817,207.91426486199575,190.37196125265393,13.623990638484806,12.438776321901791,10.18684947653137,65.0,60.0,52.0,-0.9523510756978384,0.2919778475003745,-0.08818370136379565,13.744287958595933,-0.3037324013064434,-0.9342504090536071,0.18687643398724635,12.407780457077667,-0.027821880126845205,0.20475622030164592,0.9784175147829228,10.062291597915966,63.3529942265923,58.86194826582073,53.37233323775766,20.26270600127862,5.790589354038319,75360.0,199029.73611769546, 0.0, 0.0,0.0,NaN, 166.2422075097049,166.2422075097049,0.0, 185.61312091752163, -9.418828521363547, 4.370028446436643, -9.418828521363547, 154.72315638630465, -11.458369935597162, 4.370028446436643, -11.458369935597162, 103.77190225750742, 5.718242808051344, 4.116769124695445, 21.0, 0.0
45, 0 ,1.0,1.0,1.0,26.223946294695796,11.730247422265993,264.0530420276164,12.228484896808961,7.5833858701033385,13.214059200826956,50.0,33.0,64.0,0.3663548642615991,0.145935676454634,0.9189596790771578,13.464276090161574,-0.9239950813402336,-0.059297024262910315,0.3777789731742872,12.078176240304527,-0.10962300438740136,0.9875153878554453,-0.11312009396118622,7.38145465104094,67.00072704060892,56.60912818090006,35.26791915856032,18.619846337848074,5.912382518430931,49753.0,133766.02399998845, 0.0, 0.0,0.0,NaN, 46.01606079754089,46.01606079754089,0.0, 149.53584287148487, 11.786939143792592, 10.786063267105538, 11.786939143792592, 57.50774125488297, 14.957748820225103, 10.786063267105538, 14.957748820225103, 174.6113605629595, 6.057735325266286, 4.2489401806304485, 25.0, 0.0
46, 0 ,1.0,1.0,1.0,287.7214288420016,78.73286866926777,284.6958975718777,7.602255401960627,10.38970596283424,8.484086363171441,31.0,50.0,36.0,-0.06280779808260681,-0.97597903765763,0.20861471317455452,10.474739741838972,0.3444227444274024,-0.21738210511969316,-0.9133006041248563,8.509747305266593,-0.9367113502147345,-0.014489252106918699,-0.3498026700187857,7.455469586135509,49.84202544875426,42.61300005827408,36.10127354110057,14.712847337783186,4.6100023669868,26399.0,76676.15312118114, 0.0, 0.0,0.0,NaN, 81.14088654744077,81.14088654744077,0.0, 57.79428719663953, 2.0582793361034555, -6.003953530679553, 2.0582793361034555, 107.94598999415335, -7.680614050650375, -6.003953530679553, -7.680614050650375, 71.9797214177516, 6.790818052245088, 4.49272968781679, 12.0, 0.0
47, 0 ,1.0,1.0,1.0,121.58344654032025,236.90503975235507,78.33014497917733,11.790546801210432,12.526052479713137,14.203303565234872,61.0,62.0,66.0,0.14025213606447054,0.32700339862246336,0.9345577112296014,14.477420449235149,0.12826935947977722,-0.9419338878117482,0.3103345330614884,12.275160158897366,-0.9817720253439698,-0.07635003785986362,0.1740527562861227,11.720817248458463,67.47288389750844,58.94254802713755,59.90318785614073,21.451076667075412,6.124061281981539,89806.0,238236.39778895897, 0.0, 0.0,1.4210854715202004E-14,20.8431927747838, 157.7945502662679,157.7945502662679,0.0, 139.01699387153354, 1.7049710720426121, 9.995405580095497, 1.7049710720426121, 156.90199072452762, 18.18175262657735, 9.995405580095497, 18.18175262657735, 201.73383216621363, 6.027170938152387, 4.220191043385929, 38.0, 0.0
48, 0 ,1.0,1.0,1.0,23.905605293888673,188.22655945893345,121.79447255741533,12.418387476717147,12.562254148732697,12.19887060943302,53.0,61.0,58.0,-0.5257464987917425,-0.6101534972649345,0.5927084686282067,13.412100215202255,0.7262910991698746,-0.6847086708048653,-0.060624049611116844,12.209282784951405,0.44282260361779235,0.3986060033416515,0.8031322405588979,11.484250200138744,63.720877747242014,63.240798396636904,58.36590717442945,20.681712167888637,5.753764226102365,82208.0,235200.55042604607, 0.0, 0.0,0.0,NaN, 167.02896012486437,167.02896012486437,1.9073486328125E-6, 154.21634752188527, 6.8537137675326845, -15.712763878872002, 6.8537137675326845, 157.81022929735187, -16.644499943823835, -15.712763878872002, -16.644499943823835, 148.81244414568877, 6.012474691441646, 4.3038863394544045, 25.0, 0.0
49, 0 ,1.0,1.0,1.0,217.70297308955767,137.82153167203106,208.83297939410028,11.616686088558469,12.19143027555696,10.162553460722963,61.0,58.0,59.0,0.054776528689127135,-0.9906798502789771,-0.12471153176828863,12.21953086576433,0.9815041106874146,0.0763681818691847,-0.17554937055342318,11.664994420565478,0.18343721707569918,-0.11278889594822154,0.9765395293291022,10.073074569104316,56.42797837660626,59.92408294993831,56.89820036918567,18.900696879274978,5.442381662803039,60274.0,192395.28209733986, -2.8421709430404007E-14, 0.0,0.0,86.85996449001385, 184.60498605638816,184.60498605638816,0.0, 134.94739568010786, -0.002772646176176003, -6.289447687351427, -0.002772646176176003, 148.63097216376687, 5.447910530947619, -6.289447687351427, 5.447910530947619, 103.27749284205225, 5.773461528297212, 4.092922735230819, 30.0, 0.0
