// Sample: .//bubblelabels.tif, Map: .//bubblelabels.tif, Thickness:(8.191250068658265):/gpfs/home/mader/Foam/NewValid/InSilicoTest/LatticeDataPhi_16.0/out_Step_05000.vtk/distmap.tif, Neighbors:(1.0):
//LACUNA_NUMBER, TRIANGLES, SCALE_X, SCALE_Y, SCALE_Z, POS_X, POS_Y, POS_Z , STD_X, STD_Y, STD_Z,PROJ_X, PROJ_Y, PROJ_Z, PCA1_X, PCA1_Y, PCA1_Z, PCA1_S, PCA2_X, PCA2_Y, PCA2_Z, PCA2_S, PCA3_X, PCA3_Y, PCA3_Z, PCA3_S,PROJ_PCA1, PROJ_PCA2, PROJ_PCA3,OBJ_RADIUS, OBJ_RADIUS_STD, VOLUME, VOLUME_BOX, Mask_Grad_X,Mask_Grad_Y,Mask_Grad_Z,Mask_Angle, Mask_Distance_Mean,Mask_Distance_COV, Mask_Distance_STD, SHAPET_XX, SHAPET_XY, SHAPET_XZ, SHAPET_YX, SHAPET_YY, SHAPET_YZ, SHAPET_ZX, SHAPET_ZY, SHAPET_ZZ, Thickness, Thickness_STD, Neighbors, Neighbors_STD
1, 0 ,1.0,1.0,1.0,129.7319757288075,15.169909542788053,180.38031212216202,21.470617578006237,9.479402829055168,11.42715352285474,86.0,38.0,47.0,-0.9844092579081156,-0.04497025811922291,0.1700473135026911,21.7288431260481,0.14373571782815386,0.35156306110583524,0.925064028857635,11.194710160970175,0.1013827222223658,-0.9350834668362954,0.33961809975941704,9.163087668839808,87.29296501575459,55.826358706746305,46.14763432337973,24.394262196612477,9.292271342050356,89324.0,224888.8840939489, 0.0, 0.0,0.0,NaN, 74.5161294146244,74.5161294146244,0.0, 460.9874191809904, 19.274392149521884, -59.48057574093567, 19.274392149521884, 89.85907799549912, 10.482378788701386, -59.48057574093567, 10.482378788701386, 130.57983763489148, 11.050961911052733, 6.462297323240371, 11.0, 0.0
2, 0 ,1.0,1.0,1.0,180.14610092723154,165.48952698372003,92.02887663974704,12.10584798472239,16.196618819460998,15.37366273338237,58.0,67.0,79.0,0.23022201079686974,0.8821840075114107,0.41079094760687446,16.690768869847798,-0.06667495851035792,-0.406838705112142,0.9110635092738147,15.09656632309168,-0.9708513149047533,0.23713634245678908,0.03484364266158745,11.77894062459477,80.75381207029073,84.68267183759221,64.49008114833994,24.223565620560628,7.645285545891644,117015.0,441012.10302638216, 0.0, 0.0,0.0,NaN, 100.27195117166536,100.27195117166536,0.0, 146.55155542920716, 30.819536355905885, 7.808736700140909, 30.819536355905885, 262.33046118291816, 17.627713441199464, 7.808736700140909, 17.627713441199464, 236.34950583978986, 7.7624890749392765, 5.519858751327602, 18.0, 0.0
3, 0 ,1.0,1.0,1.0,170.78321871815464,63.46448504153816,168.23664266384122,15.992100516853608,15.131757736765032,15.546614890621784,66.0,76.0,72.0,-0.695133510987457,-0.548881961499868,0.46423915630018553,17.439644116723034,-0.4973813800169539,-0.09904244707629811,-0.8618598241533066,15.037821052562716,-0.5190386928878047,0.8300115577612133,0.20415594350428048,14.004904739974137,99.95053893183933,77.24046496547706,75.15551446900704,25.74591464202488,7.972608415576805,148177.0,580217.5644110527, 0.0, 0.0,0.0,NaN, 76.7481077247076,76.7481077247076,0.0, 255.74727894114943, 42.68624812558133, -21.994085211281643, 42.68624812558133, 228.97009220414841, -24.960015170920535, -21.994085211281643, -24.960015170920535, 241.697234557303, 7.832515693366468, 5.477754134431028, 20.0, 0.0
4, 0 ,1.0,1.0,1.0,15.411109215987265,43.13773760115224,15.942369283832699,10.144937496775183,13.003342221234075,10.298252579778566,44.0,63.0,41.0,-0.2677802044652716,-0.9386629885538329,0.21726839626536557,13.29824891788535,0.5777826135753769,-0.336903604294202,-0.7434132181119613,10.616752664759344,-0.7710129788444188,0.07353744170667308,-0.6325592708360961,9.40754008794043,65.69109458353851,60.43098556172359,46.89120174045162,18.538342084477005,5.8643452057183785,52767.0,186147.64175824437, -1.7763568394002505E-15, 0.0,0.0,74.46778131892295, 48.50284353514795,48.50284353514795,0.0, 102.91975681347513, 17.49178574143223, -15.540239484415391, 17.49178574143223, 169.08690892252872, -11.952037067767765, -15.540239484415391, -11.952037067767765, 106.0540061969159, 9.35066417843775, 5.854121777773297, 6.0, 0.0
5, 0 ,1.0,1.0,1.0,29.992635910764566,108.50441845354126,173.26629124250957,16.46716606514162,14.441051932267436,14.082179392180313,74.0,71.0,64.0,-0.9976678487281612,0.01163209639924855,-0.0672574006893041,16.476881214891527,-0.04745833542193392,-0.8264216191271532,0.5610481386104353,14.753256521534272,-0.0490568039430029,0.5629316137619327,0.8250463188296061,13.74311183833945,75.83604590787,77.97392556421737,72.48226411637353,24.961931689071207,7.410889414306995,138510.0,428604.60297249566, 0.0, 0.0,2.8421709430404007E-14,86.14352356522069, 99.92842856430138,99.92842856430138,0.0, 271.1675582169517, 0.17024407495928734, 4.777024164806497, 0.17024407495928734, 208.54398091044504, -13.41136358559219, 4.777024164806497, -13.41136358559219, 198.3077764335479, 7.498085307663773, 5.161230905104626, 18.0, 0.0
6, 0 ,1.0,1.0,1.0,37.67229515748258,13.271578280647205,24.535613519894053,15.683161280570001,8.326745600307516,14.214874617547137,89.0,34.0,61.0,-0.9619246135410999,-0.2022237804595803,-0.18386565878499833,16.009553021186424,0.17478379585454606,0.062043979362416415,-0.9826500747120273,14.150978776811654,0.21012297011626893,-0.9773720311332383,-0.02433619090996256,7.797622211754264,90.55645194456073,72.25595726288081,38.690156133536576,21.43857686631643,7.599100103578696,69468.0,253159.09799378584, 0.0, 0.0,0.0,NaN, 46.87571805625424,46.87571805625424,0.0, 245.96154775237008, 39.542213386868426, 10.627342686998139, 39.542213386868426, 69.33469229224058, -1.2325658528577812, 10.627342686998139, -1.2325658528577812, 202.06266039258588, 7.598797647685641, 5.195204578488931, 9.0, 0.0
7, 0 ,1.0,1.0,1.0,161.4786584331422,175.95824144131916,138.53915448037188,15.373309436632585,14.133334963233947,14.718212471772574,74.0,59.0,79.0,0.8048432156189704,-0.43026958834530815,0.40877313954964606,16.678171584633898,-0.102286173796665,0.5778932599503331,0.8096770459596931,14.727184137240183,0.5846066514521997,0.6934749176784518,-0.4211028397300479,12.556441317626621,89.49196106957646,83.11894604854618,73.77317754862902,24.339452489790045,7.765734419804558,117892.0,548760.1201127627, 0.0, 0.0,0.0,NaN, 76.41554450955658,76.41554450955658,0.0, 236.33864303445648, -45.2289855506207, 34.73836657850064, -45.2289855506207, 199.75115718297113, 6.518765119830029, 34.73836657850064, 6.518765119830029, 216.62577836424177, 7.665940195872368, 5.037865394516218, 20.0, 0.0
8, 0 ,1.0,1.0,1.0,89.55250658002961,124.2951965783846,79.35972199374898,14.368007768560446,12.774766898490261,12.57776192611069,77.0,62.0,63.0,-0.8962908560748173,-0.4309964991196725,-0.10442566285763667,14.748735566763635,0.35783534000957923,-0.5637932241501399,-0.7443729373389517,13.229400878505498,0.2619476488859931,-0.7045418498208438,0.6595484903281369,11.631515945721556,74.70536832708164,71.63634656790887,57.4706405166672,22.057506317772212,6.426571921289666,97264.0,307561.00942972826, 0.0, 1.4210854715202004E-14,0.0,64.46918288658647, 141.59390583918787,141.59390583918787,0.0, 206.43964723741334, 23.75217378550907, -2.8845729172362584, 23.75217378550907, 163.1946693107625, 20.372508452412845, -2.8845729172362584, 20.372508452412845, 158.20009506991968, 7.246592674060595, 4.938903428876357, 23.0, 0.0
9, 0 ,1.0,1.0,1.0,171.77068103116582,38.49087644432008,16.32758520176758,15.30726706485206,13.918704069616625,11.051780461390765,69.0,69.0,51.0,0.8141103421319301,0.47986560911637177,0.3270372272711553,16.52303179393331,0.5143842565965705,-0.857261632224816,-0.022612617735181768,13.158272182354096,0.26950544966554035,0.1866319669901645,-0.9447408753187072,10.199700625547841,88.4069661354428,74.58828627272203,56.47579814761441,22.221798018522858,7.508414756990816,85767.0,372408.42155360174, 0.0, 0.0,0.0,NaN, 50.448310748895004,50.448310748895004,0.0, 234.3124249947046, 35.53981785426663, 44.18528041960823, 35.53981785426663, 193.7303229775624, 27.857793037186365, 44.18528041960823, 27.857793037186365, 122.14185136677865, 7.661982358528093, 5.024410843905741, 11.0, 0.0
10, 0 ,1.0,1.0,1.0,76.14114013063099,54.72992864476829,43.07921552386129,12.730793042171715,14.383570336698968,16.601283079013104,64.0,67.0,80.0,-0.20647119526987126,0.547987047437041,0.8106046146951446,18.36741184238882,0.7216929792258024,-0.4741264471796357,0.504344481303207,12.695553182497532,-0.6607033292333374,-0.6891402672359591,0.29758495058375256,12.084034863626998,89.27289494949027,65.19459944188252,62.307990340917684,24.196440069776276,7.687332107604273,115899.0,362639.3967457201, 0.0, 0.0,0.0,NaN, 103.19233072280666,103.19233072280666,0.0, 162.07309148260777, -26.833667009819806, -26.508078650716072, -26.833667009819806, 206.88709563076645, 81.36898959535804, -26.508078650716072, 81.36898959535804, 275.60259986952684, 7.556326833038182, 4.789655684064906, 19.0, 0.0
11, 0 ,1.0,1.0,1.0,60.131479855032964,73.82521174677206,139.09646970935927,12.35600347662304,15.394650450305896,12.009479909434805,63.0,70.0,60.0,-0.010540525774932037,0.9750712886255107,0.2216413305648878,15.560568900916214,-0.845783251070083,0.1095478884312145,-0.5221589339938396,12.712848895097551,-0.5334225243891646,-0.19296435483904284,0.8235442721771811,11.408148865911524,69.38285373201809,65.63171512685153,54.17394772595289,22.208804747019894,6.376729867675671,99057.0,246692.75579375774, 0.0, 0.0,0.0,NaN, 113.02741597008647,113.02741597008647,0.0, 152.67082191432067, -4.066835839869507, 13.636871483138897, -4.066835839869507, 236.9952624871035, 22.40169070886313, 13.636871483138897, 22.40169070886313, 144.22760769511822, 8.014297173013404, 5.156144443353036, 21.0, 0.0
12, 0 ,1.0,1.0,1.0,41.1458192734635,55.023469316515786,176.81484024109284,13.409316250831615,12.224065319868684,12.435596837557355,70.0,60.0,49.0,0.8155825036928595,0.2589840787150222,0.5174479941426171,13.984878585141685,-0.5035506079634379,0.7582095317297772,0.41419209458144446,12.352102886624717,-0.28506484330716547,-0.5983690775485005,0.7487940185017625,11.65033601243254,73.7984463065847,67.97689806672129,61.9779663320833,21.143542698473244,6.068954285823765,85942.0,310918.0127817554, 0.0, 7.105427357601002E-15,-2.8421709430404007E-14,62.15956645160542, 72.51284198234215,72.51284198234215,0.0, 179.80976231481685, 6.209919277250037, 21.743389985090037, 6.209919277250037, 149.42777294441626, 13.309877210603728, 21.743389985090037, 13.309877210603728, 154.6440687062665, 7.425817973104302, 4.9046065209520755, 11.0, 0.0
13, 0 ,1.0,1.0,1.0,78.66714048425222,185.95302817351308,27.54095061649524,12.349387708632587,8.160876097289425,15.002677630332345,60.0,33.0,60.0,-0.22171336694300664,0.020533073271211226,0.9748956743266607,15.13640160835411,0.975111825292573,0.004326912414073276,0.2216713919375846,12.187991630498132,-3.333067371155017E-4,-0.9997798111239289,0.020981376876148615,8.156581262920923,63.110111245543735,61.02419074848512,33.02104789218234,20.059979527274812,6.464118880281114,62612.0,127172.09496186109, 0.0, 0.0,-3.552713678800501E-15,12.865440985204327, 84.5241999093953,84.5241999093953,0.0, 152.50737677812563, -0.3940928230341603, -17.41302063824223, -0.3940928230341603, 66.59989867530987, 3.333145974623284, -17.41302063824223, 3.333145974623284, 225.08033607967457, 7.26013027086577, 4.9025522989286605, 10.0, 0.0
14, 0 ,1.0,1.0,1.0,183.64491432079595,19.181397952366336,176.91643343384916,9.520616467407658,11.473034352615207,12.413109463024812,37.0,45.0,53.0,0.10668941922648356,0.5350768162238742,0.8380394791206662,13.004004237108857,-0.19599720221846825,-0.8149947680758137,0.5453151609221796,10.894279230638926,-0.9747832910691729,0.22243275107045685,-0.01792224047321364,9.411083655080473,70.8417163464523,58.037370177849894,41.969691521201185,18.561363505906243,5.642138470337391,55381.0,172556.99814875377, 0.0, 0.0,0.0,NaN, 34.17990492080202,34.17990492080202,0.0, 90.64213791947387, 9.408302319085616, 3.9817927353540834, 9.408302319085616, 131.63051725628864, 22.728634544763644, 3.9817927353540834, 22.728634544763644, 154.0852865410361, 7.96366728193405, 5.1939932803828315, 3.0, 0.0
15, 0 ,1.0,1.0,1.0,185.60640732265446,14.410466218246539,94.0583177310866,8.480335627954785,8.596028587922342,15.895336329925243,35.0,31.0,74.0,-0.23817143410086883,-0.06542750982445658,0.9690168259305438,16.289679059821676,0.40942828263671527,-0.9115045982254308,0.03908770639275302,8.734551342256967,0.8807058812994752,0.40605246997409894,0.24388223033351122,7.538135436967352,78.8444144539886,39.97569718485647,41.26120224553057,18.740034748418335,6.876090060249478,43263.0,130049.55093785381, 0.0, 0.0,0.0,NaN, 96.23826775867592,96.23826775867592,0.0, 71.91609236275927, -4.01619354265071, -47.81554597866665, -4.01619354265071, 73.89170748437817, -13.91453681595449, -47.81554597866665, -13.91453681595449, 252.6617170414413, 7.874288451142415, 5.196509434152744, 7.0, 0.0
16, 0 ,1.0,1.0,1.0,101.11738185331293,85.10137210024497,13.848919456680507,14.44943767430181,17.193355410697027,9.431872047044386,74.0,83.0,38.0,-0.14668114063631577,0.9798164219777828,0.13581024337024844,17.37997507161272,0.9868125589570286,0.13544296388164845,0.08863507781706023,14.398817377537052,-0.06845156292087978,-0.1470203481073667,0.986762079113338,9.16343027104764,86.51831690893482,72.63472419136706,42.58387932504684,22.977439710391575,8.086729502662482,86947.0,267607.06597631046, 0.0, 0.0,1.7763568394002505E-15,82.19452506444186, 131.1937813884694,131.1937813884694,0.0, 208.78624910353253, -14.857184303714972, 6.444982897915933, -14.857184303714972, 295.6114702785447, 30.502623712247715, 6.444982897915933, 30.502623712247715, 88.96021031181726, 7.67009065758442, 4.863903440241252, 15.0, 0.0
17, 0 ,1.0,1.0,1.0,77.28101203908534,123.57178429694187,126.39417721800416,11.069501771911673,13.74859497024994,14.026425741216265,57.0,62.0,65.0,0.04704269213115092,-0.6706223224680976,0.7403058055456195,14.859910617795014,0.408986336718073,-0.6632258517165736,-0.6267867627772272,13.265448640328133,-0.9113271429596423,-0.33226069617443477,-0.24307543743187046,10.559795500394465,69.99251025342645,62.1985443530595,56.00330919564088,21.63716085467765,6.334952435260212,89957.0,243806.6125482999, 0.0, 0.0,0.0,NaN, 131.268595348442,131.268595348442,0.0, 122.53386947835567, -20.93399218784991, -12.718125392064366, -20.93399218784991, 189.02386365598196, -27.47021242799654, -12.718125392064366, -27.47021242799654, 196.74061907385425, 7.2613385842725515, 4.5971461499341215, 18.0, 0.0
18, 0 ,1.0,1.0,1.0,182.95702336313815,150.03959784086695,35.60669990522889,10.551376925157212,15.156189061940548,11.455916573006101,43.0,76.0,52.0,-0.11305946665420319,-0.9773922247341168,0.17866727744374622,15.329453351523775,-0.3067975255197815,-0.13669206519863036,-0.9419079348039662,11.38671276051806,-0.9450358910299683,0.16130628735739583,0.28440718402348253,10.374501379758632,75.74281410658176,55.494106636186416,50.378580120200155,20.71851843043514,6.559164617037456,72807.0,211755.26832081244, 0.0, 0.0,0.0,NaN, 63.67371447220551,63.67371447220551,NaN, 111.33155501674008, 14.997663708765403, 3.792524949571666, 14.997663708765403, 229.71006688128634, -19.404948917367815, 3.792524949571666, -19.404948917367815, 131.23802452767586, 7.799806027744089, 5.166480644253135, 13.0, 0.0
19, 0 ,1.0,1.0,1.0,187.31258210063396,56.479067907933064,95.18377215527252,8.21971902243442,13.453465370847798,14.18851284007186,34.0,61.0,75.0,-0.07239099693456523,0.6321070671055918,0.7714921900304543,15.735176742534783,-0.1484453616150764,-0.771734580826537,0.6183766743429588,11.715916566836864,-0.9862674678695373,0.06975953319551031,-0.14969999783084686,8.063182981017178,93.69103469933191,57.653144993099616,37.44770962923664,19.8537931429577,7.4632637459697095,52527.0,202276.90453503592, 0.0, 0.0,0.0,NaN, 111.4037978096299,111.4037978096299,1.3486991523486091E-6, 67.56378080777026, -0.07795640299947594, -16.828970910530302, -0.07795640299947594, 180.99573048460087, 54.56014159355602, -16.828970910530302, 54.56014159355602, 201.31389661288407, 7.899760239887685, 5.108757280539901, 10.0, 0.0
20, 0 ,1.0,1.0,1.0,156.34192417553882,187.48938587379902,10.398954816930667,17.601283646783024,7.588174082882451,6.569716426685705,81.0,30.0,25.0,-0.9938538352199086,-0.11067125079347787,0.002535442069212279,17.691014558765186,-0.10772087178993578,0.9615732851030894,-0.25253322782728843,7.432232320690989,0.025510154830879306,-0.2512542370266819,-0.967584900862268,6.5066636970523355,81.15858183136584,37.41556039445891,30.6359612686226,18.367663493465148,8.554278674705724,30808.0,93028.97065928737, 0.0, 0.0,0.0,NaN, 46.590571061038375,46.590571061038375,0.0, 309.8051860145115, 28.43111559352762, -0.331004610540986, 28.43111559352762, 57.580385912128925, -3.20877829702879, -0.331004610540986, -3.20877829702879, 43.161173927063984, 7.399438738787145, 4.982496605862399, 4.0, 0.0
21, 0 ,1.0,1.0,1.0,19.166167909026605,84.9832009358507,25.44673268404157,11.418995867882053,11.23358615623998,13.874431241748422,45.0,51.0,58.0,-0.13878313705644035,-0.34668739876661303,0.9276567729528054,14.326007601032357,0.9550586840146446,-0.2945982032351436,0.03278427578643391,11.404465675966174,0.261920123237962,0.8905165614333433,0.37199207364666564,10.667259990421684,66.35612386251042,51.488664677534494,51.567967100358274,20.32889025338689,5.985230814925431,73516.0,176186.50845298407, 0.0, -1.4210854715202004E-14,0.0,69.71516505999064, 90.75804448043847,90.75804448043847,0.0, 130.39346663070742, -0.17832557038405397, -11.26332072566876, -0.17832557038405397, 126.19345792966652, -29.566193551543435, -11.26332072566876, -29.566193551543435, 192.49984228200466, 8.026372961934275, 4.925813171587905, 10.0, 0.0
22, 0 ,1.0,1.0,1.0,66.43543843707405,188.88000908677873,74.5783280327124,14.375040458657384,6.758665509764567,11.222151583545978,70.0,26.0,50.0,0.9958129383892784,0.005212024767109687,0.09126569198959056,14.398760293222866,0.09140460035414955,-0.0713855343822169,-0.9932518837208738,11.210187477490132,0.0013381967755079199,0.9974351809911218,-0.07156304179251785,6.727959019110729,70.72646437343633,49.971663380213755,28.12232867227604,18.42842193102566,6.217016885703298,44020.0,99393.28251197858, 0.0, 0.0,0.0,NaN, 100.49501823668294,100.49501823668294,0.0, 206.6417881880367, 0.31649218138630647, 7.428887057450423, 0.31649218138630647, 45.67955947288114, 5.777958397746217, 7.428887057450423, 5.777958397746217, 125.93668616408351, 6.838280033034149, 4.693309810027557, 9.0, 0.0
23, 0 ,1.0,1.0,1.0,113.93577098167387,83.68158340142406,64.77194467141356,11.336559700838288,12.233164676475642,11.18987538726924,54.0,54.0,55.0,0.40736004424088706,-0.898495906499568,0.163593705134345,12.517701130284616,0.6092042524952439,0.13388574487259602,-0.7816295708720479,11.281481643330702,-0.6803881047591689,-0.418066637419719,-0.6019072300436301,10.927787762357019,59.52364227300488,52.2007582828312,51.25547941795131,19.372290986686068,5.300524215796896,68536.0,159259.96273217897, 0.0, 0.0,0.0,NaN, 136.40038025462042,136.40038025462042,0.0, 128.5175858506707, -13.002840403101011, -1.2563163819954326, -13.002840403101011, 149.65031800177138, -6.3012263837362, -1.2563163819954326, -6.3012263837362, 125.21331118261392, 6.961970478246273, 4.510518374540842, 14.0, 0.0
24, 0 ,1.0,1.0,1.0,49.85595413193877,85.27199433458627,77.28374734433731,12.937179513159807,11.661141032536987,11.75646562125311,62.0,59.0,57.0,-0.8440454868680558,-0.08293412202687259,0.5298199198796689,13.655443483755858,0.10943224235456098,-0.9938170308173202,0.01876948562690774,11.649989199352326,0.5249874288313194,0.07382168151077244,0.847902446575078,10.925837393860009,65.08514776326746,60.820664993906234,54.34899058521806,20.179797376158994,5.860297406896811,73428.0,215141.67318045977, 0.0, 0.0,0.0,NaN, 125.41812781168063,125.41812781168063,1.3486991523486091E-6, 167.3706137557218, 2.918844093219386, -29.97176559812264, 2.918844093219386, 135.9822101807178, -3.2532140595049097, -29.97176559812264, -3.2532140595049097, 138.21448390370628, 7.037962557434526, 4.447505464237293, 15.0, 0.0
25, 0 ,1.0,1.0,1.0,102.43422816992062,20.88464117142244,103.72469695344347,11.637650271657257,12.61531053781616,11.83518206239791,56.0,51.0,61.0,-0.07541184893143335,-0.9333814237493621,0.35087343991866304,12.762579240234562,-0.672471563106572,-0.21221084453826708,-0.7090476389308115,11.941340612075717,-0.736271043742551,0.2894230040269235,0.6116692528534402,11.365450003592905,64.08585185844322,61.56769544047674,58.27628282500505,20.052531719123333,5.7051266344127765,74576.0,229935.96268256713, 0.0, 0.0,0.0,NaN, 138.6512965909965,138.6512965909965,0.0, 135.43490384540425, 4.288198146130481, 5.507913250330252, 4.288198146130481, 159.14605996553544, -9.020374277375051, 5.507913250330252, -9.020374277375051, 140.07153445010525, 7.309409757171724, 4.789616860598119, 14.0, 0.0
26, 0 ,1.0,1.0,1.0,143.15807035492247,72.8214212638703,113.29350751554261,12.686980069304122,9.992338172602734,11.562119646334555,59.0,47.0,58.0,-0.8518525401681261,0.27656723191954163,0.4448121131865379,13.113734324914445,0.5166802916856645,0.30432967295089824,0.8002655348977707,11.532900904616893,0.08595769885663074,0.9115338810982074,-0.4021408430106435,9.461028745891056,60.687927743415955,58.1814179275392,44.46492152171371,19.125695718456008,5.356926304864254,63535.0,157001.62214142818, 0.0, 0.0,0.0,NaN, 126.6964095766856,126.6964095766856,0.0, 160.95946327892003, -12.587401176564782, -13.259789029331744, -12.587401176564782, 99.84682215565375, 20.73753263982624, -13.259789029331744, 20.73753263982624, 133.6826107161555, 6.72103988542183, 4.557385423393592, 16.0, 0.0
27, 0 ,1.0,1.0,1.0,41.1839719153152,174.3391914884452,187.0356658267106,11.703786756914344,13.34018292857745,7.108394942493612,55.0,60.0,30.0,-0.18564871835234534,-0.9806422275893285,0.06225250872672432,13.426113021576397,0.9760139117318484,-0.17669907343239266,0.1271781488858431,11.688133221232889,-0.11371630261324636,0.08436977490057172,0.9899244130756649,6.971041142632169,63.329208553652535,56.05551032421205,31.950039595110184,18.216894296262637,5.797684527161142,46431.0,113421.07833042026, 0.0, 0.0,0.0,NaN, 50.22619432870535,50.22619432870535,0.0, 136.97862445132358, 8.790799817055397, 9.403681646060535, 8.790799817055397, 177.96048056790923, -10.01575889179357, 9.403681646060535, -10.01575889179357, 50.52927865846876, 7.435144154655282, 4.892210844101647, 9.0, 0.0
28, 0 ,1.0,1.0,1.0,137.1391128409477,141.18234331078366,18.334939610168966,10.542764255597408,13.311886916776253,10.921935460248207,47.0,65.0,44.0,-0.1587045017761465,-0.9745198674359357,0.15850523363167318,13.455324479874928,-0.5338905870927366,-0.05033874629227112,-0.8440538203429302,11.082727090951497,-0.8305261718511692,0.21857959327066298,0.5122979985085572,10.186868458988583,66.19708485685041,52.55153760109876,58.114295782884994,19.377917804182147,5.669319818668142,64746.0,202165.60588536022, 0.0, 0.0,0.0,NaN, 88.01805430331987,88.01805430331987,0.0, 111.14987814910236, 12.46326620640303, 6.642745481283933, 12.46326620640303, 177.20633328503877, -11.126560668422007, 6.642745481283933, -11.126560668422007, 119.28867419782722, 7.486819895978316, 4.689352469907743, 8.0, 0.0
29, 0 ,1.0,1.0,1.0,182.42292646780058,94.57421289355322,79.6024229264678,10.173297667516463,9.596015004946302,14.722494339818368,38.0,50.0,83.0,0.10862464048415467,-0.011003199499483689,0.9940219399391862,14.770613078654252,0.8108288874432867,0.5794835004220942,-0.08219116756707508,10.599324685994544,-0.5751149474384842,0.8149096896830544,0.07186789890833235,9.045144248412464,82.8189009842403,55.587071482315736,49.082431418010586,19.320520292461858,6.24890587396066,58029.0,225958.83452156954, 0.0, 0.0,0.0,NaN, 124.85904450281413,124.85904450281413,0.0, 103.4959854318959, 14.18240305996002, 12.688437445736238, 14.18240305996002, 92.0835039751546, -2.9455329978603024, 12.688437445736238, -2.9455329978603024, 216.75183958598387, 7.323149458539671, 4.609701050264568, 11.0, 0.0
30, 0 ,1.0,1.0,1.0,59.8531953626521,10.781584746574687,109.16029510395708,11.907080388324468,7.067070113105586,15.379661484591077,59.0,29.0,72.0,0.17672474375528868,0.010370932988603343,0.9842056739795664,15.48293708212241,-0.9838874152462589,0.029384038374463187,0.1763579666724578,11.776601394781954,0.02709094063821363,0.9995143931118523,-0.015396717104071677,7.06019473085864,73.33695493910284,56.32140297272077,29.775257172321844,19.539237026342462,6.817202297610999,52185.0,122984.91894923724, 0.0, 0.0,0.0,NaN, 109.31834041169641,109.31834041169641,NaN, 141.77856337402116, -2.220471002328094, 17.61007992318504, -2.220471002328094, 49.94347998355021, 2.398467827820911, 17.61007992318504, 2.398467827820911, 236.5339873806142, 6.756565292310793, 4.485316945528252, 13.0, 0.0
31, 0 ,1.0,1.0,1.0,56.60010784416518,147.9324625915552,20.93981696448632,11.438411399944037,12.134476393105272,12.270629222454552,54.0,62.0,49.0,-0.5115081302629703,0.40380955981585354,0.7584835344792975,13.99803216757751,-0.5094760226647042,-0.853331358214529,0.11072387013422726,12.052971919403744,-0.6919491419205852,0.32979301461534144,-0.6422172159840405,9.350512154405486,65.01017865138155,61.87365004619039,52.318710934675515,19.806076645627112,6.030791167973053,66763.0,210447.6745479567, 0.0, 0.0,0.0,NaN, 79.70618918413497,79.70618918413497,0.0, 130.83725535436972, 2.733413511515973, -45.36271238084195, 2.733413511515973, 147.24551733482915, 27.77046619673866, -45.36271238084195, 27.77046619673866, 150.56834151495562, 7.248736258431632, 4.538204049526216, 11.0, 0.0
32, 0 ,1.0,1.0,1.0,12.50693337960845,103.45004653804288,109.76335010806291,8.674515706834342,14.315104868470895,13.452263780724374,35.0,71.0,65.0,-0.10192104266147665,0.8400137925163067,0.5329061169147603,14.845971577086857,-0.1056139653655549,-0.5418052454165936,0.8338421711324198,12.964649001116905,-0.9891702539919812,-0.02870373532199777,-0.14393854312172216,8.523371115925396,70.07154552119692,63.51954227941198,40.63725409899794,20.38330042307405,6.756768075961345,63389.0,180872.8621665303, 0.0, 0.0,0.0,NaN, 132.7440012949289,132.7440012949289,0.0, 75.2472227481157, -7.189098983316791, -16.42967222029856, -7.189098983316791, 204.9222273953191, 23.027010177115493, -16.42967222029856, 23.027010177115493, 180.96340082618886, 7.111367548436745, 4.496563909214907, 16.0, 0.0
33, 0 ,1.0,1.0,1.0,31.75110381616742,39.968945424702504,104.1108576118178,10.117851094157103,11.717402329578176,11.59954951348165,45.0,56.0,54.0,0.20761385207145486,0.8443858967961579,-0.4938713858078846,11.922068140419311,-0.13468944118099052,-0.4753879295745814,-0.8694050096756665,11.49399499035778,-0.9688938243493995,0.2470197840387309,0.015032745293331701,9.99851726253856,58.13821886755635,57.54388033813227,47.78195063333132,18.655747899714292,5.116741867121104,60925.0,159854.4541853504, 0.0, 0.0,-1.4210854715202004E-14,60.40464425716135, 108.62953935209782,108.62953935209782,0.0, 102.37091076353609, 9.44986603890337, -0.5596381645366456, 9.44986603890337, 137.29751735320409, -4.299454368460327, -0.5596381645366456, -4.299454368460327, 134.5495489157124, 6.953799649797896, 4.4755955579751765, 11.0, 0.0
34, 0 ,1.0,1.0,1.0,90.65023019482342,74.8091348043344,100.4817107405536,11.737493500173674,12.747224295280779,10.572298666278122,56.0,56.0,53.0,0.14662899451336567,0.9792480786297769,0.13990403306513613,12.79736523985262,-0.9512006598721146,0.1784000956628215,-0.25177511895806975,11.811666626343305,-0.2715091943689081,-0.09615927603402283,0.9576200452192709,10.428132834584614,58.84270998074449,55.044637178270946,50.88793165524265,19.585240693316322,5.33407226934628,71244.0,164824.7700586832, 0.0, 0.0,1.4210854715202004E-14,81.95770690556887, 154.0057167175115,154.0057167175115,0.0, 137.76875366661923, 2.679647832648482, 8.497764723258909, 2.679647832648482, 162.49172723419656, 6.156620945624116, 8.497764723258909, 6.156620945624116, 111.77349908898616, 6.8178940177976965, 4.448170611017305, 8.0, 0.0
35, 0 ,1.0,1.0,1.0,132.64634607591518,42.16744563014994,32.301702012697554,11.75023975752133,11.067396557781562,15.63953437929207,63.0,52.0,65.0,0.47046746034882686,0.06151087480520876,0.880270856630857,16.994478581800728,0.31557767209006615,-0.9433206970361964,-0.10274626718941861,11.205872547560373,0.8240577052798791,0.32613260312922177,-0.4632131513083557,9.527148298837261,77.93894666370852,52.38356155496686,51.122176650859686,21.280202623319635,7.232109846920817,74030.0,208717.51312283005, 0.0, 0.0,0.0,NaN, 85.77883259181223,85.77883259181223,0.0, 138.06813435923493, -4.629921733851762, 80.88989410231679, -4.629921733851762, 122.48726656719518, 14.096826987040483, 80.88989410231679, 14.096826987040483, 244.59503560105856, 6.5145060169939155, 4.2506392922758085, 11.0, 0.0
36, 0 ,1.0,1.0,1.0,18.24044947464003,131.425622648852,16.514350110260736,11.042676691006156,13.743295651505099,9.870238408566074,51.0,55.0,42.0,-0.2788387316894444,0.95766818932156,0.07155837387326483,13.97840371108076,0.936170458108101,0.28767728682253313,-0.2020560615574174,10.806352051714818,-0.2140883814584308,0.010649779715570545,-0.9767562373061762,9.8014016922655,64.89323071288673,54.350916172853545,45.86041092838471,19.30815351954486,5.952789075247011,61672.0,161749.9693935694, 0.0, 0.0,0.0,NaN, 72.85521934425017,72.85521934425017,0.0, 121.94070850209067, -20.946678529313505, -5.899359478937884, -20.946678529313505, 188.87817536467895, 5.603090931958829, -5.899359478937884, 5.603090931958829, 97.42160624193295, 6.942442395476817, 4.428933230519975, 7.0, 0.0
37, 0 ,1.0,1.0,1.0,98.29739158437097,134.52690711321026,16.51373980249034,10.466853448153996,12.825887524528609,10.816117471771422,49.0,58.0,44.0,-0.06292757182219272,-0.936356041523638,0.345365725292399,13.168864803565363,-0.7134901268074748,-0.19975817974616078,-0.6715865607445959,11.435752098214444,0.6978337621904065,-0.28867634666990394,-0.655510493600599,9.319408929419938,65.6442636106573,62.29409517029882,47.03046289726878,18.861054734142552,5.94200499628132,55896.0,192319.320625885, 0.0, 0.0,0.0,NaN, 119.2552166016972,119.2552166016972,0.0, 109.55502110513319, 11.361228407347582, 19.166203364519895, 11.361228407347582, 164.5033907918586, -22.101933316568967, 19.166203364519895, -22.101933316568967, 116.98839716315904, 7.1176810053322335, 4.528876897837728, 7.0, 0.0
38, 0 ,1.0,1.0,1.0,145.68723966352778,104.07470137279373,82.93001507317784,9.473288735435736,13.415052785889555,11.007952761020132,45.0,70.0,49.0,-0.13705119714448288,0.9732590938727387,0.18434669933383463,13.565533920890449,0.040075630176601894,-0.18050253417144546,0.9827577417775117,10.907364679877048,-0.9897529556546988,-0.1420759351603965,0.014265883116248984,9.374835992342947,70.10865476157454,49.53854958007454,46.286591875734985,18.995766379701855,5.481124369118329,61699.0,160757.086033737, 0.0, 0.0,0.0,NaN, 137.9453741599307,137.9453741599307,0.0, 89.74319946493358, -13.048096202680691, -1.2046791541659783, -13.048096202680691, 179.96364124820312, 11.734640116172569, -1.2046791541659783, 11.734640116172569, 121.17502398885075, 7.437154646703194, 4.505905473081995, 11.0, 0.0
39, 0 ,1.0,1.0,1.0,22.058055800151983,178.36753796605672,100.77100949302196,12.871043883101649,13.167783796659624,12.48994232199475,52.0,59.0,63.0,-0.640297070505447,-0.7651485198897984,-0.06758257181103111,14.081074054370427,0.46020367383896393,-0.31168518705130754,-0.8313031473282846,12.941394257170442,0.6150058862216384,-0.5633827177711812,0.5516952720746255,11.370867518306056,77.80922696351364,69.90249869126737,72.07149054952379,21.259136283549243,6.56521777556642,82903.0,392001.11713535537, 0.0, 0.0,0.0,NaN, 103.92744486595711,103.92744486595711,0.0, 165.6637706407284, 28.31792624837639, -11.622677933125477, 28.31792624837639, 173.39053011557175, 13.460421706664631, -11.622677933125477, 13.460421706664631, 155.9986592067556, 7.00363811598118, 4.555381417993706, 10.0, 0.0
40, 0 ,1.0,1.0,1.0,29.66132433042998,146.42655438138507,126.97215040538165,15.538087476164367,11.325444388971903,10.832713855355138,67.0,65.0,56.0,-0.9723875584839033,-0.2323424399526128,0.021895814727447283,15.758664678889287,0.23099170834562224,-0.944858609457641,0.23213151188355224,11.030655132713846,-0.03324555280459536,0.23077954573713697,0.972437933488856,10.818256670004418,71.78692962545938,62.79606084713073,56.843261379073454,21.11033658124584,6.434223490300834,79678.0,256245.80711029097, 0.0, 0.0,0.0,NaN, 95.30464339632067,95.30464339632067,0.0, 241.43216241693594, 28.651542081649872, -2.5467195626242547, 28.651542081649872, 128.26569060769515, -1.685816358690093, -2.5467195626242547, -1.685816358690093, 117.34768947200318, 7.234934682631553, 4.483293876965562, 11.0, 0.0
41, 0 ,1.0,1.0,1.0,124.49488478180659,73.94401771039479,166.27006674940463,10.287223651051947,9.896147692884785,13.538786159528945,48.0,45.0,64.0,-0.09456180384687556,0.01582586697619764,0.995393192255039,13.566822246552652,0.8080716647473554,0.5852085561986803,0.06746206626166995,10.62523144807084,-0.5814449672029701,0.8107283686206548,-0.06812681137429907,9.492377525413456,64.69825994371983,51.6680594812147,47.226238661483855,18.87879532954433,5.536291826191367,59626.0,157869.4547122057, 1.4210854715202004E-14, 0.0,-2.8421709430404007E-14,35.650443438010676, 110.93443368205139,110.93443368205139,0.0, 105.82697044676257, 10.636717629921046, -7.601082239986459, 10.636717629921046, 97.93373915938886, 2.379792084149727, -7.601082239986459, 2.379792084149727, 183.29873067345252, 7.252949960768468, 4.555609195404611, 14.0, 0.0
42, 0 ,1.0,1.0,1.0,179.35298211888704,83.16603417132062,20.581890194388745,11.487639149112034,10.880779130382175,11.208696273028032,50.0,53.0,45.0,0.8772584294681458,0.4762073597156221,-0.06036719705070187,11.732116458587157,-0.06834245547168527,-5.712821263459955E-4,-0.9976617575194673,11.207328216540228,-0.47512835813828536,0.8793328290183466,0.03204401821571222,10.618159797924207,64.52093953233117,47.558992287519054,55.76922590220773,18.658432263938217,5.2777822328520365,60343.0,171130.7064161519, 0.0, 0.0,0.0,NaN, 88.1277640198714,88.1277640198714,0.0, 131.96585322021147, 10.401495983807088, -0.44174570605507035, 10.401495983807088, 118.39135448416029, -0.708399613170929, -0.44174570605507035, -0.708399613170929, 125.6348721409925, 6.960724610603498, 4.407343630646895, 8.0, 0.0
43, 0 ,1.0,1.0,1.0,149.19482666488545,113.98618996727005,129.89723465366376,11.9488450246611,10.69399482266689,10.65023095422998,57.0,54.0,52.0,-0.9928016153268295,-0.08417888097485174,0.08519899413877692,11.967966204559225,-0.011366490402264767,0.7743625169405757,0.6326400993087552,10.771345822235086,-0.11922984316173874,0.6271176989650975,-0.7697451761098263,10.550342941031824,57.519740217008334,49.76363925847227,54.00898869091124,18.558759069361415,5.112367736620234,59884.0,154594.87568299397, 0.0, 0.0,0.0,NaN, 122.04072624808931,122.04072624808931,NaN, 142.77489742336832, 2.6263796949412224, -2.7340698133774097, 2.6263796949412224, 114.36152526722623, 2.079503925231797, -2.7340698133774097, 2.079503925231797, 113.42741937843842, 6.527306825777554, 4.378443545327609, 15.0, 0.0
44, 0 ,1.0,1.0,1.0,10.2155081300813,167.95315040650408,160.0971138211382,6.665714313018678,16.367924842573945,11.528300270079352,27.0,69.0,60.0,-0.036258178112873726,-0.9965623269698792,0.07449075771070456,16.40194152767625,-0.12326197606635969,-0.0695108379257449,-0.9899367296282514,11.552601386221317,-0.9917115658174773,0.04507518025743875,0.1203179053533101,6.538817431753974,70.3917252231324,59.59987007149226,29.75293554406495,19.77973555729818,7.348774003562433,49200.0,124823.61150147392, 0.0, 0.0,0.0,NaN, 52.188097307979206,52.188097307979206,0.0, 44.43174730278207, 8.953023297557642, 10.457018336472624, 8.953023297557642, 267.90896365214934, -10.555267330127567, 10.457018336472624, -10.555267330127567, 132.90170711711167, 7.649100019134642, 4.80187637826814, 6.0, 0.0
45, 0 ,1.0,1.0,1.0,118.05014683302774,178.35995706810965,31.498233531595186,10.43647089112506,10.886698675487093,14.065409128482612,57.0,46.0,65.0,0.12626785221821796,0.128502782597307,0.9836378725735135,14.166028048054336,-0.06987753797725324,-0.9879589172286954,0.13803734116006902,10.82658751378878,-0.9895319899742684,0.08616387139081547,0.1157679924871775,10.36265018283286,66.96018537937834,50.204104125556285,56.637507905405926,19.73109040823866,5.9966605678203635,67083.0,190396.95776827077, 0.0, 2.8421709430404007E-14,-3.552713678800501E-15,86.25736343343976, 90.4223899694831,90.4223899694831,0.0, 108.9199246613007, 2.1923900902296993, 11.492195375873019, 2.1923900902296993, 118.52020805085243, 10.451472875580217, 11.492195375873019, 10.451472875580217, 197.835733951602, 6.257697673927342, 4.179835376915352, 9.0, 0.0
46, 0 ,1.0,1.0,1.0,16.034669060361765,149.9957489329991,60.83456405392589,10.27816497728769,10.263871690159,13.50533772643842,40.0,49.0,66.0,-0.10545627995942372,0.06061107584015719,0.9925750704619869,13.54477925850397,0.6939403410405702,-0.7104448461804261,0.11711073226723227,10.60374337574724,-0.7122680507320378,-0.7011379450729858,-0.03286039995517822,9.873270265583162,65.65535131248302,52.464647466511295,53.27064317813738,18.96719435106528,5.798915668165981,59044.0,183495.25102178438, 0.0, 0.0,0.0,NaN, 80.36404619155381,80.36404619155381,0.0, 105.64067530034325, -7.923909255230909, -7.784166936833325, -7.923909255230909, 105.34706207204738, 3.928112519096574, -7.784166936833325, 3.928112519096574, 182.39414710516087, 6.961427874932298, 4.398651780548324, 10.0, 0.0
47, 0 ,1.0,1.0,1.0,122.44288514308114,152.58051744413956,105.3795766366131,11.97296971523385,11.674453180736581,13.101522728117935,65.0,56.0,62.0,-0.520699214420782,0.007796274331884042,0.8537046012574384,13.725978877663717,0.07622248962397142,-0.9955404501898211,0.055581868548763534,11.67805011802479,0.8503307945600367,0.09401292540066254,0.5177828788985838,11.247906825598221,61.64148443259985,56.44894760659945,61.01204067861789,20.405268037235743,5.90929733514346,76530.0,212297.30914115478, 1.4210854715202004E-14, 0.0,0.0,58.62083488740937, 131.2125676460202,131.2125676460202,0.0, 143.35200380190693, -0.9995434241691418, -27.46847472261111, -0.9995434241691418, 136.29285706921047, -0.13377043296505245, -27.46847472261111, -0.13377043296505245, 171.6498977953908, 6.878750295607417, 4.390703687963024, 18.0, 0.0
48, 0 ,1.0,1.0,1.0,112.60342447406919,30.068221622401254,65.03647003070076,9.420002635337685,13.020388936485736,9.66798834936596,44.0,57.0,52.0,-0.2612655802743205,0.9652468614253337,0.006228408501786384,13.263762393176751,0.1501690233877639,0.034270939993761323,0.9880661754592702,9.682117658282571,-0.9535143213285723,-0.2590829967027681,0.1539039955323631,9.059038649830775,58.71415967609522,54.485634411618605,42.754516097779174,17.959333373396657,5.40363962656659,48533.0,136775.0420629821, 0.0, 0.0,0.0,NaN, 113.01328151703146,113.01328151703146,1.9073486328125E-6, 88.73644964976894, -23.610366934531996, 1.5798928292275054, -23.610366934531996, 169.53052805736013, 0.9597026297230441, 1.5798928292275054, 0.9597026297230441, 93.46999872347594, 6.534545423178484, 4.197486607194403, 8.0, 0.0
49, 0 ,1.0,1.0,1.0,79.41724859157306,158.41299800964813,174.19542556421416,9.397559798990285,12.503462897005907,12.029753591998956,42.0,63.0,53.0,0.1333888803202483,0.9234233439481382,-0.35985654705527975,12.610002549430193,0.09711974540298793,-0.373533014833136,-0.9225187487972953,11.994631767441295,-0.9862936487982522,0.08810456674490022,-0.1395077906746577,9.299587654485846,57.99255805548232,58.59832537999381,42.474370169938965,18.91666512626033,5.6147543648430185,59286.0,144339.24142827527, 0.0, 0.0,0.0,NaN, 93.2869453364899,93.2869453364899,0.0, 88.31413017559831, 6.851898732168402, -8.623237226022352, 6.851898732168402, 156.33658441680333, -4.325962199166465, -8.623237226022352, -4.325962199166465, 144.7149714842118, 6.434668024969649, 4.230163675204568, 12.0, 0.0
