// Sample: .//bubblelabels.tif, Map: .//bubblelabels.tif, Thickness:(8.191250068658265):/gpfs/home/mader/Foam/NewValid/InSilicoTest/LatticeDataPhi_16.0/out_Step_02000.vtk/distmap.tif, Neighbors:(1.0):
//LACUNA_NUMBER, TRIANGLES, SCALE_X, SCALE_Y, SCALE_Z, POS_X, POS_Y, POS_Z , STD_X, STD_Y, STD_Z,PROJ_X, PROJ_Y, PROJ_Z, PCA1_X, PCA1_Y, PCA1_Z, PCA1_S, PCA2_X, PCA2_Y, PCA2_Z, PCA2_S, PCA3_X, PCA3_Y, PCA3_Z, PCA3_S,PROJ_PCA1, PROJ_PCA2, PROJ_PCA3,OBJ_RADIUS, OBJ_RADIUS_STD, VOLUME, VOLUME_BOX, Mask_Grad_X,Mask_Grad_Y,Mask_Grad_Z,Mask_Angle, Mask_Distance_Mean,Mask_Distance_COV, Mask_Distance_STD, SHAPET_XX, SHAPET_XY, SHAPET_XZ, SHAPET_YX, SHAPET_YY, SHAPET_YZ, SHAPET_ZX, SHAPET_ZY, SHAPET_ZZ, Thickness, Thickness_STD, Neighbors, Neighbors_STD
1, 0 ,1.0,1.0,1.0,169.70987033310976,62.07569025262687,168.47824446680082,13.10289729621958,12.040126030711475,11.721847875660623,59.0,58.0,59.0,-0.9023485448068987,-0.3510014712234123,0.2501301079116088,13.469862072383913,-0.13384570965901132,0.7798483539239391,0.6114915133409441,12.059398305275272,-0.4096979737449874,0.5182996354244548,-0.7506750683405768,11.277676989367148,66.86014826061665,64.66443147986517,62.87448988845577,20.362028802830483,6.280131610364704,71568.0,271836.1893455103, 0.0, 0.0,0.0,NaN, 75.92433303936144,75.92433303936144,0.0, 171.68591755527842, 15.278541141369654, -13.737853955557606, 15.278541141369654, 144.96463483541606, 3.9365547412721034, -13.737853955557606, 3.9365547412721034, 137.40171762012946, 5.907179467215977, 4.212026501093664, 28.0, 0.0
2, 0 ,1.0,1.0,1.0,41.806854325699746,8.965357294317219,26.203350296861746,13.994907693721782,5.9262540186699075,12.073921376667196,72.0,23.0,55.0,0.8700754758064955,-0.025204435590390387,0.4922737072266511,14.830555436002868,-0.4873339501827173,0.10592081961916275,0.8667677895321872,11.08178824153495,0.07398842746949955,0.9940550872048162,-0.0798761303695662,5.831474966846632,77.95632805327463,54.075079810668974,25.39043364010427,18.22732576058392,6.672488372196184,37728.0,107033.23745611112, 0.0, 0.0,0.0,NaN, 50.14784408930349,50.14784408930349,0.0, 195.85744135579313, -8.661350757959882, 42.13106482223363, -8.661350757959882, 35.120486693801226, 5.845573018394919, 42.13106482223363, 5.845573018394919, 145.77957740994108, 6.237821083060095, 4.248186936398279, 16.0, 0.0
3, 0 ,1.0,1.0,1.0,170.17212344246886,40.0560011200224,12.095381907638153,14.665005808419327,11.058872904174466,8.244030674040015,65.0,60.0,31.0,0.9394949114510708,0.33338669142378335,0.07875674789531739,15.139141663797771,0.33963892646634264,-0.9364987977242997,-0.08726626776556345,10.46433354290199,0.04466218743337724,0.10873507181421949,-0.9930669530153654,8.16267236954467,73.56530827131547,63.010714398986806,35.16091266412685,19.009618182927717,6.6301978526627945,49999.0,162984.9870068631, 0.0, 0.0,0.0,NaN, 51.385637187351996,51.385637187351996,NaN, 215.06239536097257, 37.28092670575606, 10.75767801961777, 37.28092670575606, 122.29866991068417, 7.77215405625338, 10.75767801961777, 7.77215405625338, 67.96404175451268, 6.1955103987946405, 4.076702422164156, 15.0, 0.0
4, 0 ,1.0,1.0,1.0,9.537162541655746,30.117534728722806,135.1408993896731,6.231675848720755,10.48663189029518,10.434569874176843,24.0,53.0,55.0,0.04728996918271615,-0.7144174024318047,0.6981199280333501,11.503672340967547,-0.009159521897895446,-0.6991826187846373,-0.7148844443321295,9.312831624269498,-0.9988392072667647,-0.027412418573490926,0.03960804633722798,6.214512897631514,63.56257741691931,44.02842743253329,26.089272457392195,15.223342327509044,5.092477699962669,26707.0,73012.40286543763, 0.0, 0.0,0.0,NaN, 72.14378905673233,72.14378905673233,0.0, 38.83378388352955, -2.8580204896939794, 3.4089061802430414, -2.8580204896939794, 109.96944840255587, -22.693536645231205, 3.4089061802430414, -22.693536645231205, 108.88024845907893, 6.210435749709408, 4.1150080290552715, 12.0, 0.0
5, 0 ,1.0,1.0,1.0,59.183916990920885,74.13444169319656,142.2744016035845,9.761643003499106,9.983118102285403,10.534073453518713,49.0,56.0,55.0,-0.5957114527280623,0.3993060529024754,0.696909277599363,11.422969447589614,0.16790849768422464,-0.7865852828363218,0.5942140432796326,10.031645024091947,-0.785451845432963,-0.4709971007774334,-0.40153098207386717,8.648750881261103,55.738881274966715,54.135689740061984,47.22689563236332,16.792511169468145,4.891890566981957,42405.0,142505.399934826, 0.0, 0.0,0.0,NaN, 111.0445684658841,111.0445684658841,0.0, 95.28967412776304, -16.657340190195466, -20.53986695216023, -16.657340190195466, 99.6626470441785, 3.42121533918086, -20.53986695216023, 3.42121533918086, 110.96670352412767, 5.959030497648317, 3.863978580273355, 21.0, 0.0
6, 0 ,1.0,1.0,1.0,28.577456867318414,106.97475724943344,174.01569814566687,12.385885619374319,12.11841417616879,9.978852220857453,58.0,57.0,51.0,-0.792297580424932,0.6096659716047895,0.023915415948436127,12.780473708579002,-0.6040327277233519,-0.7893005633352913,0.1102228858163338,11.7229831417822,0.08607559405479737,0.07288363180976243,0.993619126387135,9.953631217245054,66.41101776142877,57.218131508204095,51.4756397167271,19.14310966076623,5.777972731243755,60453.0,195603.02192522932, 3.552713678800501E-15, 0.0,0.0,37.599254661897305, 100.72512483319333,100.72512483319333,0.0, 153.41016257622354, -12.757146888003518, -3.7712273430119128, -12.757146888003518, 146.8559621451687, -2.399699677926711, -3.7712273430119128, -2.399699677926711, 99.57749164571172, 6.016927303444483, 3.7389701972258282, 23.0, 0.0
7, 0 ,1.0,1.0,1.0,135.74045440488968,16.376639441180217,180.16921033962126,13.718713355416526,9.894165252156624,9.709464356791251,67.0,41.0,39.0,0.9676733165796726,0.24620044272514433,0.05471466331468401,13.954956605659683,-0.10058755455252578,0.17780252489352583,0.9789118479263745,9.6989428768407,-0.2312801250623129,0.95277048870304,-0.19681945942342943,9.56875088330777,70.32928018760222,43.38209064175899,46.417557944280674,18.615118624080207,5.817960026700153,54973.0,141621.41788103196, 0.0, 0.0,0.0,NaN, 69.21519875020707,69.21519875020707,0.0, 188.20309612808373, 24.536861578352276, 5.215947703885864, 24.536861578352276, 97.89450603698354, 1.8265239284401706, 5.215947703885864, 1.8265239284401706, 94.27369809579976, 6.105298053785567, 3.950098754203253, 14.0, 0.0
8, 0 ,1.0,1.0,1.0,185.14986806022662,155.18083510115383,91.08446732550318,8.394911469541649,10.749734177048142,10.256276845435933,32.0,54.0,52.0,0.19780541389637962,0.8188688197455491,0.5388198903917837,11.337292890893183,-0.20336525799563954,-0.5034394397988006,0.8397566923195294,9.78899917941282,-0.9589137552844099,0.2756856661192266,-0.06694642203097517,8.177030216430788,54.5472117789985,48.36068020502927,38.36119233239447,16.36700165152456,4.831541692654069,38654.0,101194.53386396957, 0.0, 0.0,0.0,NaN, 102.59465945569146,102.59465945569146,0.0, 70.47453858144192, 12.954220061546433, 1.6270937233755929, 12.954220061546433, 115.55678487719688, 14.96677118525207, 1.6270937233755929, 14.96677118525207, 105.19121473022525, 6.1596228538287585, 4.068621485783779, 17.0, 0.0
9, 0 ,1.0,1.0,1.0,79.33032706726068,146.6679615342823,44.85393349994567,9.635257330356197,8.903988361550434,10.394081663151924,45.0,40.0,48.0,-0.5874936027735644,-0.10044248644860958,0.8029710913950505,11.22936289865916,0.11334355779759764,-0.9926992896251866,-0.04124752457338835,8.878063155431214,0.8012518359454287,0.06677894349022392,0.5945889909007814,8.673956979572322,54.042399415596854,40.62477052419395,42.558759944071795,16.08646972480614,4.624026165363546,36812.0,93436.05829171605, 0.0, 0.0,0.0,NaN, 105.59110980534722,105.59110980534722,0.0, 92.83818382218284, 2.5981904743868225, -24.00996499400574, 2.5981904743868225, 79.28100874262559, -3.955377888464754, -24.00996499400574, -3.955377888464754, 108.03693362027109, 5.983949576868942, 3.943104298559669, 15.0, 0.0
10, 0 ,1.0,1.0,1.0,153.19187195097368,10.749788332056607,87.34564367213643,9.492657497283759,6.823664643059368,9.591528109449971,48.0,26.0,46.0,-0.634624911109749,-0.044032392594228704,0.7715648842458882,9.759868801397824,0.7670972681754845,0.0853859297992591,0.6358231075936331,9.340642119466334,0.0938775977358381,-0.9953744980632884,0.020410910038614796,6.794683419527204,48.376831583839916,49.488269001880866,27.875697359469804,14.418279493533381,4.5589004641905335,24803.0,66736.80716807615, 0.0, 0.0,0.0,NaN, 99.67858480705819,99.67858480705819,0.0, 90.11054636073754, 4.062402021035464, -3.9995935264160125, 4.062402021035464, 46.56239916093853, 0.5625555226899459, -3.9995935264160125, 0.5625555226899459, 91.99741147436893, 6.320723162331139, 4.057796094271033, 15.0, 0.0
11, 0 ,1.0,1.0,1.0,98.92487249000597,90.89082387538483,12.927445664660203,11.278690010125118,11.345951932727043,8.370834741436711,59.0,54.0,33.0,0.6644170014967555,0.7407725237751178,0.09902583572938581,11.540691686906026,0.7402563841145688,-0.6705252606924591,0.04915649042530767,11.113470256012203,-0.10281310179001764,-0.04064409911847153,0.9938699730383063,8.325476690808923,57.484433632221766,57.878491791446926,36.259801127633246,17.25230803051899,5.326182074693906,43526.0,120640.4310567961, 0.0, 0.0,0.0,NaN, 134.960702107402,134.960702107402,0.0, 127.20884834449612, 4.537035199019172, 6.174648424469075, 4.537035199019172, 128.73062525975251, 2.8991917887805476, 6.174648424469075, 2.8991917887805476, 70.07087426844383, 6.119509203052995, 3.8494060112727895, 12.0, 0.0
12, 0 ,1.0,1.0,1.0,154.62182412901262,9.851475734063593,39.8750950859577,10.237371386672852,6.255917669334801,9.697516727538732,47.0,24.0,48.0,-0.974524916794017,0.009628818516167379,0.22407247131586222,10.26695369270595,-0.2240937395341479,-0.0011758980522110522,-0.9745668849111242,9.666513624772735,-0.009120441284101149,-0.9999529504520472,0.003303699900072814,6.255420504568152,52.835577066756045,49.234834426191895,24.27974104135283,14.732487770452813,4.575577949126093,26292.0,63160.12593518422, 0.0, 0.0,0.0,NaN, 61.20664692360849,61.20664692360849,1.1680077279964342E-6, 104.80377290866802, -0.6076288139436267, -2.6119325102815716, -0.6076288139436267, 39.136505885495374, 0.2052428993863507, -2.6119325102815716, 0.2052428993863507, 94.04183068089351, 5.835975260738321, 3.874926260084188, 13.0, 0.0
13, 0 ,1.0,1.0,1.0,188.528548436542,59.13274064990803,92.90006131207848,6.996623549064359,9.505287071468876,9.592840262422571,28.0,46.0,54.0,0.1672566826163251,-0.6515229271150842,0.7399615378947582,9.831772601154764,0.04743990905652933,-0.7443462752078814,-0.6661066563343003,9.336718894149834,-0.9847713730348228,-0.1465144976701845,0.09358870029850494,6.89113455894738,51.61092637788734,45.4876419901898,29.90944173284541,14.547821512254638,4.436969342500138,26096.0,70217.1802939134, 0.0, 0.0,0.0,NaN, 110.71899841278366,110.71899841278366,0.0, 48.95274108732195, -6.760188986211686, 4.832098954724975, -6.760188986211686, 90.35048231103337, -4.030687169874347, 4.832098954724975, -4.030687169874347, 92.02258430035555, 6.136929196780085, 3.9438191276825045, 11.0, 0.0
14, 0 ,1.0,1.0,1.0,71.89230844745497,187.36953320571345,26.025450350954696,11.053647408411736,7.381407382756969,12.719781009905647,54.0,29.0,55.0,-0.4099189383194705,0.048218712603789786,0.9108465401821934,13.110897013396082,0.9080843891828146,-0.07228130949064322,0.4125023083823804,10.614219274955092,-0.08572751092568054,-0.9962180323870626,0.014157182535248588,7.341924380362161,60.937109575788526,51.61252825614458,31.01935352983162,17.49997254327662,5.675569214113254,40746.0,97559.53612531924, 0.0, 0.0,0.0,NaN, 77.49423702002355,77.49423702002355,0.0, 122.18312102948748, -6.188913961943037, -22.045067586020842, -6.188913961943037, 54.48517495021908, 3.4302457680674268, -22.045067586020842, 3.4302457680674268, 161.79282893995634, 5.598143035677509, 3.70678182600602, 12.0, 0.0
15, 0 ,1.0,1.0,1.0,185.52037494092318,149.01480859108335,34.19681772829911,8.471431690541873,11.676346603210108,9.12154942000419,36.0,59.0,49.0,-0.20311606265842153,0.9791474035956428,-0.003771885742036199,11.800063822124745,0.001864529155175182,-0.0034654033744083573,-0.999992257225266,9.121506705830912,-0.9791528933834438,-0.2031215227674394,-0.001121769792285119,8.298282829396497,61.27419033000069,49.05026443537087,40.52505490479598,16.334406823896682,4.948943565935454,38086.0,121798.67006753579, 0.0, 0.0,0.0,NaN, 63.07591955412006,63.07591955412006,NaN, 71.76515488751716, -13.997308498311183, 0.027182414610079485, -13.997308498311183, 136.33706999829624, -0.21023486842303205, 0.027182414610079485, -0.21023486842303205, 83.20266382157875, 5.964436864643039, 3.9095426553753327, 16.0, 0.0
16, 0 ,1.0,1.0,1.0,152.49418332125964,110.00161929518046,10.173818553713726,10.270550618054093,9.527016795664665,5.829950581171447,57.0,49.0,24.0,0.9207671417715187,0.386331761713628,0.05418155152034177,10.435487125257023,0.3860125889725957,-0.922343048808198,0.016660776388623448,9.3586544754638,-0.0564105645121642,-0.0055740655218719576,0.9983920963253748,5.809714078099332,50.99290081971671,43.314728775904584,25.483825644343987,14.5020437998079,4.4640013922758515,23467.0,56287.23854116978, 0.0, 0.0,0.0,NaN, 102.27422809177105,102.27422809177105,0.0, 105.48420999801132, 7.565271275995739, 4.095164538823959, 7.565271275995739, 90.76404902487663, 0.7457448713068856, 4.095164538823959, 0.7457448713068856, 33.9883237789013, 6.073355059920738, 3.941460386213546, 16.0, 0.0
17, 0 ,1.0,1.0,1.0,11.454055183946489,46.707357859531776,14.44059364548495,7.057567591694603,9.291983061025404,8.794498849591895,27.0,46.0,38.0,-0.18157905477864772,-0.8609723609804738,0.4751374964085663,9.560684059135793,0.0393934817022584,-0.48915023589678586,-0.8713094744816517,8.58699519575648,-0.9825869938407829,0.13949423052523116,-0.12273613642732562,6.953434645025144,48.7898389484068,40.975557286353606,30.67456252022615,13.996940331075496,4.192741454169492,23920.0,61324.304436670485, 0.0, 0.0,0.0,NaN, 50.21258212051315,50.21258212051315,0.0, 49.809260311337965, 6.242031199315409, -4.58604881202391, 6.242031199315409, 86.34094920638303, -6.7938898194652255, -4.58604881202391, -6.7938898194652255, 77.34321001547316, 7.230592580717742, 4.1504650435861, 10.0, 0.0
18, 0 ,1.0,1.0,1.0,62.12297698998128,12.042331828690962,104.92835516899703,10.575929489402336,7.3421457187644705,11.927651399121896,50.0,28.0,56.0,0.33980907833732027,0.1497182931765419,0.92850106244842,12.265148748490944,-0.9337658137432908,0.1715897063821503,0.31406747324105044,10.37476667572527,-0.11229957864511986,-0.9737255287564313,0.19810956383814005,7.067998218803352,60.250994252200485,55.222534222135735,34.97790538519409,16.681129752561592,5.455837827277125,36332.0,116378.92723974674, 0.0, 0.0,0.0,NaN, 114.20551508943174,114.20551508943174,0.0, 111.85028456480995, -4.129779219712427, 14.786582327009894, -4.129779219712427, 53.90710375557144, 17.076081408952877, 14.786582327009894, 17.076081408952877, 142.26886789897452, 5.58839336771374, 3.6946670444167675, 17.0, 0.0
19, 0 ,1.0,1.0,1.0,191.64583219008944,134.56565878285684,118.57778631399879,4.876751298733612,9.655553847068258,9.693365741616836,19.0,45.0,46.0,0.025315874632079915,0.7005815219013786,0.7131231574293189,10.734826312607348,0.013976530854162521,-0.713530107355239,0.7004851479388439,8.486616285253247,-0.9995817940903566,0.007766406374225063,0.027855338000730506,4.869764962409668,49.044782636521774,45.49075001040789,19.925467223107432,13.810820931789705,4.498331681204432,18223.0,44455.390042662955, 0.0, 0.0,0.0,NaN, 104.79037175163809,104.79037175163809,0.0, 23.782703229699965, 1.1414564991800338, 2.125228166083925, 1.1414564991800338, 93.22972009363465, 21.579222887301658, 2.125228166083925, 21.579222887301658, 93.9613394007509, 6.166592360128329, 3.8464656909256583, 8.0, 0.0
20, 0 ,1.0,1.0,1.0,11.653757442471706,153.38164458509897,188.09075792522663,7.310721976067754,9.987960350843284,6.082001631842632,29.0,56.0,23.0,0.1016356644498083,0.9943967003156504,0.02907566187025712,10.014790000364648,0.9928445107173023,-0.10323209698270029,0.060024259188059155,7.281604389395834,-0.06268946682152395,-0.022767005817671382,0.997773368153175,6.072805809182572,56.67349620030423,31.310935407559022,24.40154750238935,13.122015020440363,4.24375699521576,18643.0,43300.55040716439, 0.0, 0.0,0.0,NaN, 49.50667804360892,49.50667804360892,0.0, 53.446655811359996, 4.754788166969623, 1.149431014715336, 4.754788166969623, 99.75935197001752, 1.7335330881302793, 1.149431014715336, 1.7335330881302793, 36.99074384973644, 6.179682038816741, 4.068591255345395, 8.0, 0.0
21, 0 ,1.0,1.0,1.0,8.513028846153846,19.16173076923077,55.21033653846154,5.364244467835691,10.353144119458568,9.616334204913404,21.0,42.0,45.0,0.004799631468263725,0.948191310462432,0.3176636622298885,10.442050504095796,-0.05888845449192581,0.3173840245174824,-0.9464668673063199,9.531154661991211,-0.9982530307819361,-0.014164029956970779,0.0573608471874047,5.343900026075407,44.68498300506647,44.359877866947016,21.831754694987698,14.362925780467936,4.7056305033808234,20800.0,43275.349275129585, 0.0, 0.0,7.105427357601002E-15,71.4783082264494, 59.05780936419936,59.05780936419936,0.0, 28.77511871070582, -0.7978763960798668, 3.5942547499075763, -0.7978763960798668, 107.18759315827953, 5.530597494452648, 3.5942547499075763, 5.530597494452648, 92.4738835405875, 5.510582305992452, 3.77714792498154, 11.0, 0.0
22, 0 ,1.0,1.0,1.0,100.76203374090699,19.410153227054636,102.29840581953258,9.924091195746538,9.654297089667473,10.406339719027788,45.0,41.0,51.0,-0.5830584045876084,0.33625392683276967,0.7395783890361416,11.951591758342493,-0.4994349688191823,-0.8663513652316821,1.5453731856448103E-4,9.516625387672647,0.6407867108175188,-0.3692812053851948,0.6730704142873333,8.159549030277066,59.60817136789808,47.5069997634779,43.29823804557688,16.542222348622385,5.132233867782742,38766.0,122612.18357517432, 0.0, 0.0,-1.4210854715202004E-14,42.30448683800226, 140.60771494104927,140.60771494104927,0.0, 98.48758606149396, -4.572417491627225, -32.887484040520384, -4.572417491627225, 93.20545229556183, 18.96216652400126, -32.887484040520384, 18.96216652400126, 108.29190634781533, 5.4089789669583075, 3.4115893373336137, 19.0, 0.0
23, 0 ,1.0,1.0,1.0,123.09649473543915,10.60717935048203,145.85325869652138,8.919338346326914,6.520654395971228,9.335452039264354,42.0,26.0,45.0,-0.6324679757467566,-0.07251570829433955,0.7711846288051718,10.09760359253179,-0.7606614073476554,-0.12978837931277978,-0.6360418224985263,8.090640292124007,-0.14621382638685382,0.9888864690377416,-0.026927092813421646,6.465611836238717,47.690790535964325,42.76309640040202,27.719411537975066,13.845291125652631,4.187136098968437,22509.0,56531.13068944505, 0.0, 0.0,0.0,NaN, 94.64951647808597,94.64951647808597,0.0, 79.55459653625772, 5.094327000344432, -17.897520009278278, 5.094327000344432, 42.518933751698896, -1.4115014707609344, -17.897520009278278, -1.4115014707609344, 87.15066477740497, 5.857297230714313, 3.792104407404335, 9.0, 0.0
24, 0 ,1.0,1.0,1.0,57.492649695231265,149.86070276084618,20.910259693694616,8.773939001099233,10.267247165019254,11.249708801192877,41.0,49.0,46.0,-0.3752306695152076,0.20425729211129923,0.9041465054262654,11.835749813980325,0.2619810517648367,0.9590189470242049,-0.10792862347299484,10.276735688645351,-0.8891388379614056,0.19637112279544833,-0.4133648617876173,7.9534928164191,54.06212669074881,45.777974749162695,44.43164916802786,16.796074597893494,5.181331504181722,39046.0,109961.87446307224, 0.0, 0.0,0.0,NaN, 79.09862740321442,79.09862740321442,0.0, 76.98200559501022, 4.752740913086175, -27.26212045966057, 4.752740913086175, 105.41636434759592, 9.804484517594792, -27.26212045966057, 9.804484517594792, 126.55594811163647, 5.44963497339348, 3.652482843977054, 12.0, 0.0
25, 0 ,1.0,1.0,1.0,139.67427487123882,36.33968555164001,35.309785849823804,8.742433644285791,8.987778817749199,11.179013281994829,39.0,45.0,57.0,0.21607054861908107,0.40919746528969714,0.8864936279635275,11.790204204072555,-0.8210764723290357,-0.41515966230650897,0.39175997930014783,8.710951416350703,-0.5283435857537744,0.8125268544448444,-0.24627863528696764,8.20311296452668,58.477268514531254,41.74631840309378,41.47445292818752,16.085993106222027,4.839574139025068,36890.0,101247.8770518445, 0.0, 0.0,0.0,NaN, 78.78164021561965,78.78164021561965,0.0, 76.43014602474014, 9.268979712347747, 10.974231140457814, 9.268979712347747, 80.7801680767812, 24.618679141118545, 10.974231140457814, 24.618679141118545, 124.97033795901677, 5.476547769876992, 3.526499767685224, 16.0, 0.0
26, 0 ,1.0,1.0,1.0,70.85952487173768,62.856680794111085,46.916267008699535,8.997859385404478,10.20874769129596,9.422517580145703,42.0,49.0,51.0,0.4169841265286025,0.8895349027543011,0.18668662245880047,10.542059903802267,0.05275281351711315,-0.22873458276320305,0.9720584505646627,9.39490108923853,-0.9073816059901189,0.39548469936274383,0.14230415904235957,8.635082338940153,52.6303157016857,49.258046925127985,46.478061693731284,15.879532274732718,4.669506957691946,35864.0,120492.8207386879, 0.0, 0.0,0.0,NaN, 105.70321989198234,105.70321989198234,0.0, 80.96147351951144, 13.399452315434221, 3.5493295000509857, 13.399452315434221, 104.2185294245406, 3.027035813760733, 3.5493295000509857, 3.027035813760733, 88.78383754815484, 5.588158947348548, 3.573984310123939, 23.0, 0.0
27, 0 ,1.0,1.0,1.0,92.18179917567649,126.70590167851383,77.16838898512634,8.966284251734168,8.184851070400171,10.291185876612566,43.0,39.0,48.0,-0.10284145373104393,-0.1042760183312356,0.9892169364681689,10.324274272930342,0.987954378353396,0.10489564378253201,0.11376752703563163,8.961141580586911,-0.11562777212607953,0.9890012213927909,0.09223232837095384,8.148732992588588,46.87110248648661,42.67408579025488,39.449278923817204,15.338028922764328,4.247283348085836,33482.0,78905.71586375679, 0.0, 0.0,0.0,NaN, 140.79939348798416,140.79939348798416,0.0, 80.39425328289613, 1.8714884559729292, -2.5261628263684353, 1.8714884559729292, 66.99178704463083, -3.979656939951646, -2.5261628263684353, -3.979656939951646, 105.90850674698996, 5.7589158278496475, 3.624748214664368, 19.0, 0.0
28, 0 ,1.0,1.0,1.0,67.54289633385984,190.36075317981545,72.62856430293458,10.131889077641427,5.605145697524679,10.18560983496588,51.0,23.0,46.0,-0.6882879966525963,0.04083329679189199,0.7242874260520202,10.725169346578303,0.7253122985716155,0.0201834790817573,0.68812404166176,9.567487059045867,-0.013479733109910413,-0.9989620959001702,0.04350893873704647,5.590475484649738,46.33020005312619,47.3846050325413,23.645311759276808,14.686458068431026,4.703980408812064,24058.0,51909.45687950174, 0.0, 0.0,0.0,NaN, 99.64871437772028,99.64871437772028,0.0, 102.65517628162964, -1.472017511080279, -11.676061117326045, -1.472017511080279, 31.417658290479427, 3.314934342623296, -11.676061117326045, 3.314934342623296, 103.74664771015367, 5.371773243538855, 3.663004232523642, 15.0, 0.0
29, 0 ,1.0,1.0,1.0,125.9590106214424,74.81072120180741,165.64526729652016,9.010992474940338,9.047109137576564,9.371868205831674,44.0,43.0,44.0,-0.4883152128165037,-0.35459138416143404,0.7973789583444314,9.753652123595343,0.494201571842669,-0.8654511728919946,-0.08221358603118346,8.987201289861565,0.7192447840062574,0.35391978980886274,0.5978525930874955,8.658900970996608,48.14584497035705,43.307772835516424,45.131785346673155,15.289817373575266,4.135404149638488,34082.0,94103.8034812384, 0.0, 0.0,0.0,NaN, 110.72018684060184,110.72018684060184,0.0, 81.1979853834314, 1.0124575294561575, -8.084019763709916, 1.0124575294561575, 81.85018374722135, -5.287112865153154, -8.084019763709916, -5.287112865153154, 87.83191366747862, 5.6017715280380305, 3.635809484639272, 18.0, 0.0
30, 0 ,1.0,1.0,1.0,44.53485435027318,56.68179447052687,171.59366334458997,9.049327618766064,11.483343232033384,8.02664928488506,44.0,53.0,40.0,0.23456502756086503,-0.9685457058627032,0.08305698947282009,11.6332796689478,0.9472092780178093,0.2469340371610094,0.20449490196175008,8.922205364723991,-0.21857225689083049,0.030704998718168452,0.9753375680098484,7.952713779127935,50.68880486536693,45.85586078730563,37.58288645003995,16.00212995927303,4.702811674470176,36423.0,87356.86373236483, 0.0, 0.0,0.0,NaN, 77.47966854975301,77.47966854975301,0.0, 81.89033035176227, -12.550751944659632, 4.57336969453487, -12.550751944659632, 131.86717178468695, -4.972913868605066, 4.57336969453487, -4.972913868605066, 64.42709874254584, 5.469648198839324, 3.5278939550137034, 21.0, 0.0
31, 0 ,1.0,1.0,1.0,188.71902326348788,180.12346697464665,188.1310014849035,6.517472739307129,11.197211276705575,7.056079737253815,26.0,48.0,28.0,-0.042633795337514185,-0.9704802790144831,0.2373823656868581,11.412087322570459,0.6057387192735836,-0.21405685052077023,-0.7663290864360606,6.995557208839782,-0.7945205871894808,-0.1111201727369917,-0.5969835372461987,6.202394281336389,52.365497759854776,39.670341973917544,32.966945273176066,13.797277309836474,5.222871947190426,18183.0,68484.12124945283, 0.0, 2.8421709430404007E-14,0.0,13.956224217283813, 25.752866383939732,25.752866383939732,0.0, 42.47745090761157, 2.439520033738684, -5.787973019503238, 2.439520033738684, 125.3775403751825, -19.42342288586085, -5.787973019503238, -19.42342288586085, 49.788261258483864, 6.0999922789127226, 3.8932142422680873, 8.0, 0.0
32, 0 ,1.0,1.0,1.0,87.8236777295649,75.72270435088542,97.50829717368359,10.506211755624086,8.617058897929727,9.325585087903809,48.0,43.0,45.0,0.8684490019827897,0.21289503693594747,0.4477410347546204,10.993202308325216,-0.47599027706919445,0.10543899619589404,0.8731070233463905,8.876274774510279,-0.13867078672412722,0.9713693022374362,-0.19290435863418934,8.483040485095135,50.05413128020356,47.774092187826355,42.531628536174395,15.81713652921998,4.6280577732079,34108.0,101705.48701572958, 0.0, 0.0,0.0,NaN, 151.50839693518466,151.50839693518466,0.0, 110.38048545401374, 8.696327664073669, 16.172889034904784, 8.696327664073669, 74.25370405038989, 5.288567921563843, 16.172889034904784, 5.288567921563843, 86.9665372317339, 5.854617712434486, 3.5918138730576326, 22.0, 0.0
33, 0 ,1.0,1.0,1.0,143.04873281855757,71.1891961167537,115.73945083464163,9.149334541856764,9.664189174430401,8.103459390254026,42.0,42.0,36.0,0.420812230113747,0.8679688907399101,-0.263717787974992,10.0509649081968,-0.8892210305708078,0.3371724994124341,-0.30919357113394547,8.986576616344443,0.17945201524999585,-0.3646158394086852,-0.913702502937917,7.809767869806051,45.666800389571634,42.034239903604686,40.498816453169155,15.009510987198913,4.181806902839669,31211.0,77740.28244971954, 0.0, 0.0,0.0,NaN, 124.14180852142213,124.14180852142213,0.0, 83.71032255881332, 8.694538230316804, 0.9922237442090991, 8.694538230316804, 93.39655239917776, -11.22333334973421, 0.9922237442090991, -11.22333334973421, 65.66605408949614, 5.624252042508829, 3.57651320496295, 20.0, 0.0
34, 0 ,1.0,1.0,1.0,146.46386545293072,106.94116341030195,84.73642873001776,9.310941527447081,9.685171347392801,9.897910648383991,43.0,50.0,45.0,0.30399209710320074,0.684059196669636,0.6630624558444629,10.578631882552937,-0.7072880600204577,-0.3042172087101311,0.6381187115867345,9.568586604328567,-0.6382259827453719,0.6629592034026743,-0.39134727490094456,8.660225704229,53.00392182710473,49.475551326891846,43.42403896216039,15.995067474806675,4.756325034697281,36032.0,113875.12399436178, 0.0, 0.0,0.0,NaN, 136.77107561025983,136.77107561025983,0.0, 86.69363212753859, 11.237799588149883, -0.03396064036183009, 11.237799588149883, 93.80254402835848, 13.526066521637311, -0.03396064036183009, 13.526066521637311, 97.9686352033932, 5.231116559967683, 3.4141887462492844, 23.0, 0.0
35, 0 ,1.0,1.0,1.0,9.058802636252418,98.51746319902126,112.86467500690635,6.067026283723118,9.6890749237046,10.81917461137538,25.0,50.0,58.0,0.015077959243389658,-0.011080980396703516,0.9998249181824299,10.820114866132894,0.03936209780466799,-0.9991568956619323,-0.011667180791713045,9.693545310850801,0.9991112452582398,0.039531123493503496,-0.014629076316395692,6.058202181022892,57.95660231339082,49.58755816663334,26.13166133812197,14.940923347718693,4.950790804868286,25339.0,75100.47109120325, 0.0, 0.0,0.0,NaN, 131.83443147381922,131.83443147381922,0.0, 36.80880792738715, -2.265520350706073, 1.1853519965156274, -2.265520350706073, 93.8781728771613, -0.2229219263015844, 1.1853519965156274, -0.2229219263015844, 117.05453927142962, 5.535207155573984, 3.523936056893735, 16.0, 0.0
36, 0 ,1.0,1.0,1.0,101.44076126738472,97.09386873017533,171.74850988183624,9.245275278969732,8.423611954913305,8.784142490160413,41.0,41.0,46.0,-0.8749645125712617,-0.33412318575853994,0.3504265949945845,9.506378325350186,-0.23831808286605158,-0.3328180584304317,-0.9123796530839821,8.70244383596064,-0.4214754952781765,0.8818128127449509,-0.21157639319842356,8.21521485145651,44.9067090594079,46.053491553145875,40.378171346596396,14.689688821165028,4.219781389558886,28689.0,83506.53007973738, 0.0, 0.0,0.0,NaN, 141.20654934684111,141.20654934684111,0.0, 85.47511498392886, 7.343094214051813, -5.2234273573780685, 7.343094214051813, 70.95723836695836, -0.17612106074788045, -5.2234273573780685, -0.17612106074788045, 77.16115928744156, 5.352993901903264, 3.5263958944917926, 15.0, 0.0
37, 0 ,1.0,1.0,1.0,116.79812436789359,38.34683870176836,158.03257838119464,9.221406227283449,8.414260158644359,9.662020208137863,45.0,38.0,47.0,-0.6106645754313003,-0.13544544913631706,0.7802200373109952,10.130667843988915,0.5999059133121585,0.5640167894880546,0.5674486376304834,9.05625616300659,0.5169155361240501,-0.8145793954451883,0.2631705474207502,8.033836858759976,51.05407421542024,43.930374092330965,41.06651676056094,15.19198483056383,4.288628945981788,32629.0,92104.99317357886, -1.4210854715202004E-14, 0.0,0.0,52.362428378156324, 100.76852993097852,100.76852993097852,0.0, 85.03433280858196, 9.062509624216162, -12.198915265655497, 9.062509624216162, 70.79977401734979, 1.5672962842875717, -12.198915265655497, 1.5672962842875717, 93.35463450246444, 5.295045569608943, 3.4064682672779116, 14.0, 0.0
38, 0 ,1.0,1.0,1.0,180.9328670639807,160.24848544550068,8.09988671624883,10.234591343184556,9.323080717249976,5.4249611886097755,44.0,48.0,21.0,-0.9833067966348299,0.17920625670083912,-0.03150970090341459,10.270443163248647,-0.17672162130750474,-0.9818297456889865,-0.06913623538165985,9.302428435293086,-0.04332680756987094,-0.062413684713965564,0.9971094823068473,5.392561576560695,46.62710242488092,44.52321468970965,22.58934553339794,14.090978225564642,4.747760584415177,20303.0,46895.22136060818, 0.0, 0.0,0.0,NaN, 44.82573627496227,44.82573627496227,0.0, 104.74685996198825, -3.4940803988466187, 3.0692087668937655, -3.4940803988466187, 86.91983406035834, 3.4686534756697602, 3.0692087668937655, 3.4686534756697602, 29.430203897922386, 5.808494468594117, 3.6002320856816876, 12.0, 0.0
39, 0 ,1.0,1.0,1.0,55.45293895018778,82.39375236542548,71.89958950770037,10.35112848403359,8.669759828704953,9.172569733937053,52.0,43.0,46.0,0.870564557015636,-0.15877549495507304,0.4657335013394899,10.915700712499262,-0.22257748155996945,0.7170687385572418,0.6605086592061811,8.975599677178073,0.4388355235969285,0.6786772181130712,-0.5889147789313083,8.169009749934176,53.50437747749454,40.6247007652929,42.19240686940664,15.659241848446698,4.6081207271738664,34349.0,91709.38707697424, 0.0, 0.0,0.0,NaN, 122.61039857387352,122.61039857387352,1.9073486328125E-6, 107.1458608929715, -9.452793365201014, 19.22065231707468, -9.452793365201014, 75.16473548742613, 2.6733835601721383, 19.22065231707468, 2.6733835601721383, 84.13603552393806, 5.231175249896718, 3.3385887322512673, 21.0, 0.0
40, 0 ,1.0,1.0,1.0,154.5101850015582,179.5334447686772,136.7860441397286,9.416582631628541,11.119255281537226,8.715737609904041,47.0,49.0,43.0,0.06774802985746567,0.9687279230016305,0.23869733062474352,11.264447802570842,-0.9976027837891579,0.06915580273203761,0.0024820807018275377,9.407387337186892,-0.0141028446263449,-0.23829327759178115,0.971090842109023,8.537401697839345,53.635187130023695,47.49980473987148,40.44533206709518,16.1874014887751,5.122692807514971,35297.0,103040.99173642242, 0.0, 0.0,0.0,NaN, 80.52457616860573,80.52457616860573,0.0, 88.67202845828831, 2.466972451076882, 0.8346011596387272, 2.466972451076882, 123.63783801599351, 12.489377989433939, 0.8346011596387272, 12.489377989433939, 75.96408208469579, 5.266641823981076, 3.4821316343599973, 17.0, 0.0
41, 0 ,1.0,1.0,1.0,133.66217629328904,137.20169773020854,18.116226856123514,9.2720353013608,8.412676227596428,9.774985459661766,47.0,39.0,38.0,0.403229202218954,0.12798357107149944,0.9061050800065368,9.864124527396388,-0.8203830884097569,-0.38813866462978003,0.41990470975053484,9.371545019864692,-0.4054353200316117,0.9126711250802219,0.051513286787649964,8.195565381675154,47.08145292365066,52.97230213674794,41.007257038921686,15.263963877434355,4.393803298403045,32514.0,102272.63007070092, 0.0, 0.0,0.0,NaN, 93.12642641921406,93.12642641921406,0.0, 85.97063862968085, 8.133248688829802, 3.893357808564321, 8.133248688829802, 70.77312131036607, 0.12753842275763472, 3.893357808564321, 0.12753842275763472, 95.55034073659895, 5.3350744348372485, 3.3920899264735973, 13.0, 0.0
42, 0 ,1.0,1.0,1.0,15.904077657502315,152.78328064629434,56.91008078679312,9.372624241399892,8.357588596732382,9.27737225190585,38.0,41.0,44.0,-0.8452696726520624,0.3548347780022535,-0.39951403081089265,9.47004224197573,0.47535517927132287,0.15787197196816075,-0.8655136590527116,9.364747248762589,-0.2440422791948228,-0.9215035110008951,-0.302116939575424,8.147687839205028,53.68880673563285,47.78514083674905,38.56147159622736,15.027262495422109,4.23631799052602,31317.0,98930.5039135488, 0.0, 0.0,0.0,NaN, 75.63805634613958,75.63805634613958,0.0, 87.84608517047691, -5.3879689925130405, -0.9017184697280706, -5.3879689925130405, 69.84928715223114, -6.214908251110676, -0.9017184697280706, -6.214908251110676, 86.06963590043263, 5.648934265441219, 3.6661768104868915, 18.0, 0.0
43, 0 ,1.0,1.0,1.0,117.82093348139126,89.43503958161693,63.21019450514024,8.334320395808499,8.731267605778209,8.681941016782188,39.0,42.0,39.0,-0.4059622703531655,-0.7165878409775992,0.5671829521528006,9.296906837859941,-0.5175023169041403,-0.3312824772169525,-0.7889507413570545,8.407558512472358,-0.7532502818111323,0.6138027260057276,0.23634768139202852,7.997031536144719,49.46228930047265,41.46528107788731,40.46911150450096,14.337254177714495,3.9389304292130927,27917.0,83000.84170084145, 0.0, 0.0,0.0,NaN, 136.92170743973713,136.92170743973713,0.0, 69.46089645998954, 7.694156351631704, -2.426522823684637, 7.694156351631704, 76.23503400371195, -7.376502212448181, -2.426522823684637, -7.376502212448181, 75.37609981888492, 5.293531525288552, 3.386752148212687, 15.0, 0.0
44, 0 ,1.0,1.0,1.0,186.830114423147,25.05611835872021,177.16088477516217,8.232381242373458,9.180743024379083,9.562464985443135,33.0,48.0,49.0,0.0194786001117567,0.5824284111788267,-0.8126485894834217,9.9835461021644,-0.5747419528294508,0.6716053284323501,0.46756600654780833,9.174079933100069,-0.8181028491549678,-0.45795570601640434,-0.34782797404973176,7.72424395033859,49.7405424748395,54.48096087975054,40.80923542730628,14.876509400391752,4.710450939916164,27442.0,110589.45918768946, 0.0, 0.0,-2.8421709430404007E-14,35.644481126685186, 36.37141924048353,36.37141924048353,0.0, 67.77210091978236, -9.003038270229789, -7.217110822031472, -9.003038270229789, 84.28604247968521, -11.242393504619086, -7.217110822031472, -11.242393504619086, 91.44073659782597, 5.419760564391419, 3.5372805312443565, 8.0, 0.0
45, 0 ,1.0,1.0,1.0,182.0459185326809,94.18561845814835,79.95353057454875,9.436785255291017,8.494405410572607,9.506899196837812,38.0,43.0,43.0,0.6675025454398344,-0.2338541692058029,0.706931806736976,10.620271218903797,0.589465598824731,0.746024895226264,-0.30980181326913375,8.466370368385482,-0.45494028139256126,0.6235054797254833,0.6358225044135757,8.192642039948193,54.52496991293714,50.686574741444815,47.46073791312269,15.204006800920201,4.5196403363586946,30859.0,131166.4802315905, 0.0, 0.0,0.0,NaN, 124.8432890347508,124.8432890347508,0.0, 89.05291595447794, -5.123821943523649, 20.71832681473359, -5.123821943523649, 72.15492327916519, -8.604161610260025, 20.71832681473359, -8.604161610260025, 90.38113233883546, 5.506283000100474, 3.384750526320295, 13.0, 0.0
46, 0 ,1.0,1.0,1.0,28.28312394338184,152.08681672025725,129.44704478403554,10.657626600398688,8.386216363082848,8.255277443140494,58.0,41.0,41.0,-0.9702248658623996,0.2407591249615902,-0.026433944276600233,10.785956665730902,-0.18618805343438294,-0.6715706256631859,0.7171658828365113,8.74454801855184,0.15491196990744258,0.7007338571055967,0.6964009930243561,7.698003251584446,56.833862302772154,45.2138701717754,38.97481967028557,15.17444339230598,4.668993792980759,30167.0,100152.77062796087, 0.0, 0.0,0.0,NaN, 89.8516984909067,89.8516984909067,9.5367431640625E-7, 113.58500475352568, -11.181141698137665, -0.8338651341017491, -11.181141698137665, 70.32862488843851, -8.651036241236545, -0.8338651341017491, -8.651036241236545, 68.14960566322426, 5.320570828512206, 3.4210772178445428, 20.0, 0.0
47, 0 ,1.0,1.0,1.0,17.045836608816593,134.24547983310154,12.405182318437443,9.799496403416311,10.593507861783934,8.08334979972531,41.0,50.0,32.0,-0.308846322068549,0.9052986996001207,-0.29163026908580736,11.056141016483107,-0.9285020570165624,-0.22052264321475937,0.2987535672516529,9.751444716799522,-0.20615013815358485,-0.3630482451849977,-0.9086793120828447,7.500943562099972,57.18726733968785,49.962046512161486,37.83591310573174,15.78892873804524,4.9297882173446235,33074.0,108104.50269665133, 0.0, 0.0,0.0,NaN, 69.05147367310275,69.05147367310275,0.0, 96.03012976056921, -10.496285524187853, -4.827999528171723, -10.496285524187853, 112.22240881767802, -19.975953172988113, -4.827999528171723, -19.975953172988113, 65.34054398471922, 5.642848975662237, 3.4950855103381495, 12.0, 0.0
48, 0 ,1.0,1.0,1.0,181.0830641568278,84.22516150590332,18.18080307418133,10.581875378887766,9.865086441513549,8.82416701594258,45.0,47.0,42.0,-0.8381782415440212,-0.5278548387070993,0.13720971050065517,11.09621257147229,0.49659330422448644,-0.842650187137586,-0.20817241007491255,9.355478446650434,0.22550460217383228,-0.10634816110536566,0.9684202305961646,8.747058371878746,53.80314496850079,50.976643008772,46.32795494074838,16.20601104957336,4.952488911569117,35912.0,127063.85406914212, 0.0, 0.0,0.0,NaN, 88.21717459096246,88.21717459096246,NaN, 111.9760865343111, 16.015296926595333, -6.4995916565572065, 16.015296926595333, 97.31993049853448, -1.4441405006077457, -6.4995916565572065, -1.4441405006077457, 77.86592352524899, 4.691424480529233, 3.218072820963076, 16.0, 0.0
49, 0 ,1.0,1.0,1.0,150.29432933065647,112.73313383082693,35.881131861055344,9.606487205421413,8.781225750024696,7.374596487300471,44.0,42.0,35.0,0.9834975154766513,-0.18081272794631775,0.006276500925298396,9.634183255950585,0.1807445544241162,0.983478003854439,0.010120374524498927,8.751046968361981,0.00800269312681607,0.008818919837452272,-0.9999290892636429,7.374339658546417,45.25339316021186,41.73819346985144,35.18745322709827,14.376687577226752,4.134011339863202,26399.0,66461.88145646037, 0.0, 0.0,0.0,NaN, 106.64715303892572,106.64715303892572,0.0, 92.28459642792531, -2.8889143477224613, 0.2778743679533338, -2.8889143477224613, 77.1099256728968, 0.177339064401499, 0.2778743679533338, 0.177339064401499, 54.384673350504436, 5.724627080243746, 3.633843301804794, 11.0, 0.0
