// Sample: .//bubblelabels.tif, Map: .//bubblelabels.tif, Thickness:(8.191250068658265):/gpfs/home/mader/Foam/NewValid/InSilicoTest/LatticeData_Phi_6.65/out_Step_06000.vtk/distmap.tif, Neighbors:(1.0):
//LACUNA_NUMBER, TRIANGLES, SCALE_X, SCALE_Y, SCALE_Z, POS_X, POS_Y, POS_Z , STD_X, STD_Y, STD_Z,PROJ_X, PROJ_Y, PROJ_Z, PCA1_X, PCA1_Y, PCA1_Z, PCA1_S, PCA2_X, PCA2_Y, PCA2_Z, PCA2_S, PCA3_X, PCA3_Y, PCA3_Z, PCA3_S,PROJ_PCA1, PROJ_PCA2, PROJ_PCA3,OBJ_RADIUS, OBJ_RADIUS_STD, VOLUME, VOLUME_BOX, Mask_Grad_X,Mask_Grad_Y,Mask_Grad_Z,Mask_Angle, Mask_Distance_Mean,Mask_Distance_COV, Mask_Distance_STD, SHAPET_XX, SHAPET_XY, SHAPET_XZ, SHAPET_YX, SHAPET_YY, SHAPET_YZ, SHAPET_ZX, SHAPET_ZY, SHAPET_ZZ, Thickness, Thickness_STD, Neighbors, Neighbors_STD
1, 0 ,1.0,1.0,1.0,182.33865940326277,34.739016179615795,20.827960908053363,11.79307942142989,18.07526177587895,13.951994699920997,50.0,81.0,64.0,0.17485911865611709,0.9767778893083752,0.12381132250760396,18.239413880719397,-0.48346601589895966,0.194724667105378,-0.8534300882272,14.953145294636101,-0.8577207588099942,0.08937146624608772,0.5062882982327674,10.206722965705021,91.99117006995634,77.456518986667,56.71112786192515,24.33868696000886,8.250956530967006,104267.0,404084.69602154987, 0.0, 0.0,0.0,NaN, 44.187398117438015,44.187398117438015,8.259061849445711E-7, 139.07672224015317, 27.78482741117934, 54.219857408153466, 27.78482741117934, 326.7150882665506, 7.78822131863328, 54.219857408153466, 7.78822131863328, 194.65815610662358, 10.111798213726175, 7.0335906449289345, 8.0, 0.0
2, 0 ,1.0,1.0,1.0,60.50810734011757,82.54297867050278,32.71605661818246,16.64174805222201,18.1439440462612,17.42336241075175,80.0,86.0,70.0,-0.05938977889296782,0.8231337076376799,0.5647333472654953,18.72321079273821,-0.6096003452881555,-0.4778973741130051,0.632456732781347,17.058012761964573,-0.7904810391069516,0.3067001779695291,-0.5301648117763507,16.37649595326284,93.1225186300264,88.43850446339954,81.99151199063259,29.025009577781688,8.202003443883324,225228.0,675250.63093125, 0.0, 0.0,0.0,NaN, 107.4472649364626,107.4472649364626,0.0, 276.947778233635, 2.6115470587477203, -11.547722838123084, 2.6115470587477203, 329.20270555385724, 31.402208304192172, -11.547722838123084, 31.402208304192172, 303.573557696397, 10.523940531829465, 6.71811826598147, 20.0, 0.0
3, 0 ,1.0,1.0,1.0,56.484152902755916,151.82072065722184,14.377001934387456,15.811200622912851,21.737692624499363,9.61244987502528,81.0,89.0,41.0,0.1960535137759737,-0.9803521044226544,0.021743299891397675,21.948476966606066,0.9648189977851716,0.19681349797693393,0.17432368894358832,15.677540534099895,-0.1751779702157545,-0.013198422942019538,0.9844483127025676,9.348776391758719,96.07259510631434,73.60486890656726,44.33267896499653,26.923172182911145,9.490170598272194,127689.0,313494.5834212833, 7.105427357601002E-15, 0.0,0.0,78.69372649758769, 75.62010758887308,75.62010758887308,0.0, 249.99406513799974, -45.71620712630227, 28.320006918483575, -45.71620712630227, 472.527280637214, -2.9716081394482856, 28.320006918483575, -2.9716081394482856, 92.39919259987354, 9.974049664399852, 6.6500446907678485, 12.0, 0.0
4, 0 ,1.0,1.0,1.0,167.45170637475854,184.9298913149525,82.56423539971512,17.814787001273647,8.604153428064798,17.409257906781917,73.0,35.0,79.0,-0.7645588402977916,-0.01983100080390026,0.644248795986156,18.808994818463706,0.6423498592915207,0.05914615415612092,0.7641258997813802,16.354215534992388,0.05325821993513814,-0.9980523352287977,0.03248227445368285,8.558136545609411,86.94018515710911,79.06745681046195,36.586950496802984,24.972728936996177,8.416838029724437,102498.0,251503.79555789154, 0.0, 0.0,0.0,NaN, 90.01862341112337,90.01862341112337,0.0, 317.3666359007485, 11.632343675086597, -42.853270646949184, 11.632343675086597, 74.03145621367922, 5.193570563155793, -42.853270646949184, 5.193570563155793, 303.08226086484865, 10.683158119089809, 6.808109888551859, 12.0, 0.0
5, 0 ,1.0,1.0,1.0,14.475018316185137,113.0226165068646,142.2438919504348,9.269639405130977,17.927110124824722,19.633759786197015,37.0,91.0,102.0,-0.04872520793303231,0.23900271931864422,0.9697956250005338,19.7492553776489,0.05361059837996056,-0.9689234617854512,0.24148132214115353,17.838993839216435,-0.9973724268563001,-0.06375755139581815,-0.03439791834957932,9.193977719335662,96.76171549321585,94.25368415472235,39.48418164010968,26.595031886950583,9.246420626540885,125572.0,360101.5869434716, 0.0, 0.0,0.0,NaN, 105.4056896547757,105.4056896547757,0.0, 85.926214701157, -15.697202019701773, -11.410648161624232, -15.697202019701773, 321.3812774275931, 16.13032640127588, -11.410648161624232, 16.13032640127588, 385.484523342087, 11.301056117918707, 6.89632853587928, 16.0, 0.0
6, 0 ,1.0,1.0,1.0,57.84733505483665,148.78111762316485,184.7758805779609,18.530876576067467,22.229016252694894,8.733582785648274,92.0,94.0,38.0,0.08695455883507587,0.9950013942634224,0.04910325968449318,22.281374991829573,0.9942718289098574,-0.08360475648561513,-0.06658659721917021,18.52768076625073,0.06214849100375931,-0.05461199599745853,0.9965716707588715,8.606009087327624,97.22416924853434,91.33686298557532,42.118319990918735,28.329749063578767,10.546247508403576,137864.0,374017.0256140411, 0.0, 0.0,0.0,NaN, 78.7493612485531,78.7493612485531,0.0, 343.3933866774459, 14.167245855442486, -16.019671861223124, 14.167245855442486, 494.1291635625737, 22.1360469181274, -16.019671861223124, 22.1360469181274, 76.27546827377185, 9.300500279577703, 6.402429435649427, 17.0, 0.0
7, 0 ,1.0,1.0,1.0,183.15646527137906,176.19331095607916,136.64620902988023,11.072671592685394,14.681559928462297,15.210139421762126,45.0,61.0,75.0,-0.011405249350060613,0.5927211201913619,0.8053270105779138,15.769153339396802,-0.3806377939426282,0.7421721213912584,-0.5516297780686682,14.617928825694918,0.9246538758420648,0.31282937187658105,-0.21714740150771264,10.35135542658267,79.35372477501215,74.1332465261213,56.50034098919309,22.720178405185802,7.300280309581012,91164.0,332377.3380993425, 0.0, 0.0,0.0,NaN, 69.74357271945445,69.74357271945445,0.0, 122.60405619946211, -31.05218493569304, 21.069100460684055, -31.05218493569304, 215.54820193302987, 23.935093438928035, 21.069100460684055, 23.935093438928035, 231.34834122944227, 10.523555801258581, 6.756286703337924, 8.0, 0.0
8, 0 ,1.0,1.0,1.0,81.08809287042241,21.704948333261274,43.14387241125859,17.20610207406055,13.517509528190024,19.786298159639927,92.0,55.0,86.0,-0.3036767445929774,0.06911267109067339,0.950265159567646,20.097803858246643,0.9499898423204747,0.09817012181551177,0.2964488601270845,16.902805473270845,0.07279927390662465,-0.9927668738820011,0.09546831852100625,13.440388926592888,95.39621228471657,88.95054802983003,60.781449238400626,28.147107546409487,8.832380430026863,185032.0,515763.74472282495, 0.0, 0.0,0.0,NaN, 94.38102200204632,94.38102200204632,0.0, 296.04994858299074, 5.1119014125547295, -34.844427560116806, 5.1119014125547295, 182.72306384470807, 17.72136479322474, -34.844427560116806, 17.72136479322474, 391.49759486217033, 9.621211801145778, 6.176002512336954, 13.0, 0.0
9, 0 ,1.0,1.0,1.0,51.77871963923852,183.19329565887492,121.75457373633587,14.649449504667935,9.723648755747359,12.720760672156896,61.0,37.0,61.0,-0.9629308616440455,0.02350789498535024,0.2687220396000546,14.806840222509303,-0.2641742199306185,0.11928791143651232,-0.9570696817417024,12.576582750035978,0.05455398443289673,0.9925813684824399,0.10865583152331362,9.672668553705043,61.98695493047278,64.61350549584913,41.38981456471734,20.738826802519704,6.393319235587202,70074.0,165774.25570824544, 0.0, 0.0,0.0,NaN, 95.31971385537913,95.31971385537913,0.0, 214.6063707898156, -4.88103658294782, -16.186040181013862, -4.88103658294782, 94.54934512514717, -6.58236580270384, -16.186040181013862, -6.58236580270384, 161.81775207829355, 10.850475298237964, 6.574533488550632, 9.0, 0.0
10, 0 ,1.0,1.0,1.0,169.74883243291512,95.12500781354646,16.627235790507658,16.1225616829689,15.91387865440159,10.41539062786214,66.0,78.0,41.0,0.775753904624683,0.6191317064539709,0.12199102230473159,16.600448317197625,0.6218438058729902,-0.7829091258921634,0.019067818232932444,15.497981750646492,-0.10731337548019837,-0.06106742714544004,0.9923480280551186,10.29109169640388,81.46008049320511,72.14333591226402,44.40546828683459,23.84252037683897,7.294046411913478,111985.0,260962.14263921967, 0.0, 0.0,0.0,NaN, 101.19468968642704,101.19468968642704,0.0, 259.93699522113695, 16.11638250454636, 17.648758861269034, 16.11638250454636, 253.25153382701856, 10.810200706958026, 17.648758861269034, 10.810200706958026, 108.48036193095848, 9.577396055289707, 6.088631612139789, 13.0, 0.0
11, 0 ,1.0,1.0,1.0,88.49997459478685,178.61337620765497,81.20170287514426,16.381167958960628,11.839319273716262,17.5063137323297,82.0,54.0,83.0,0.6225702445182335,-0.044537199614204985,0.7812955449066838,19.325369562241892,0.7824404013377927,0.017688182000760992,-0.6224742135798574,14.206580933308194,-0.013903560510208437,-0.9988511230749215,-0.045859840133896705,11.818896502108895,87.37610125571545,70.04735487187648,55.99626730426533,25.54756347989431,7.893362103703899,137767.0,342723.1813981377, 0.0, 0.0,0.0,NaN, 121.99733493128622,121.99733493128622,0.0, 268.34266369967827, -5.622219785458601, 83.44946689671677, -5.622219785458601, 140.16948086498937, -8.819096721701195, 83.44946689671677, -8.819096721701195, 306.47102049475546, 10.341276912731322, 6.324172732999557, 15.0, 0.0
12, 0 ,1.0,1.0,1.0,155.58493338909133,181.94226656311608,181.19347631280243,18.125772827986154,11.52941056031235,11.050198575612196,79.0,52.0,49.0,-0.9946531238127873,-0.09447305932026095,-0.041713359396423656,18.193197733344395,0.04315938198449917,-0.7472176205469411,0.6631765189531997,12.828562385854296,-0.09382127176808487,0.6578302734040432,0.7472997392994197,9.381544669623526,79.945563303478,71.17832816920973,52.31617064323615,22.834637310872946,7.883982237510096,83695.0,297699.4948589604, 0.0, 0.0,0.0,NaN, 51.50208939573358,51.50208939573358,0.0, 328.5436406117612, 20.363264210957432, 12.272563159453796, 20.363264210957432, 132.92730786824194, -36.980119749766956, 12.272563159453796, -36.980119749766956, 122.10688856046183, 10.144652969179576, 6.655104775581179, 7.0, 0.0
13, 0 ,1.0,1.0,1.0,21.48518548257588,44.944515818211016,57.1257895722927,12.38360756892309,16.83699444755324,16.90729608950544,53.0,85.0,82.0,0.2864752259256849,-0.786786882711014,-0.5467159647611485,17.298976849318628,0.04292365485048709,-0.5595197982577347,0.8277047512319241,16.83504044049821,-0.957125647334301,-0.26058395298158676,-0.1265167920213999,11.833071995038404,87.87012749675857,82.57122521257969,62.578614504972776,25.767532736320685,7.663487208113243,149448.0,454041.8964437661, 0.0, 0.0,7.105427357601002E-15,56.85799516679372, 75.79563662647062,75.79563662647062,0.0, 153.35373642108925, -39.33422890890801, -19.844541257741298, -39.33422890890801, 283.4843820269387, 2.0842971945656705, -19.844541257741298, 2.0842971945656705, 285.856661058206, 11.059664016722433, 6.266557232605153, 13.0, 0.0
14, 0 ,1.0,1.0,1.0,133.06177216154916,117.30982014091397,116.0901264922078,13.130085144304816,16.827553897342664,18.26006676727846,69.0,86.0,87.0,0.18732233037819324,0.2988215661843444,0.9357435632291672,18.3987181361224,-0.33882926130289664,-0.8744853598941088,0.3470880104754477,17.392870549213693,-0.9220114295531353,0.3820746352664706,0.06256114496536137,12.164331852426153,87.80078256992391,85.63650245158308,66.44124003029178,26.92082480882178,8.016541400294093,157401.0,499568.4900769633, 0.0, 0.0,-1.4210854715202004E-14,20.651393341519135, 135.49634335794468,135.49634335794468,0.0, 172.39913589669405, 56.45644321681539, 15.224685358518991, 56.45644321681539, 283.1665701679723, 6.372582712187025, 15.224685358518991, 6.372582712187025, 333.43003834546727, 9.168861849145665, 6.1827722816072965, 28.0, 0.0
15, 0 ,1.0,1.0,1.0,78.17394422623283,91.69103663900577,159.57212096082836,14.096578993393393,17.196487216581723,18.299883076720416,75.0,83.0,84.0,-0.05410261992889842,0.0726837982052984,-0.9958865256620764,18.321878774958623,0.23053612993062067,0.9713117370681073,0.05836610514971858,17.352330812358794,-0.9715585413722848,0.22643006627254125,0.0693067512899817,13.87529480994407,87.50178671579432,82.3089769511258,76.14080644615629,27.57423519912979,8.30541905695497,178471.0,548379.9872227879, 0.0, 0.0,0.0,NaN, 127.0937652264168,127.0937652264168,0.0, 198.7135393169799, 23.75041580188694, 9.174863573869553, 23.75041580188694, 295.7191725900586, -4.20758934560245, 9.174863573869553, -4.20758934560245, 334.88572062163826, 10.015436131638348, 6.304541031374932, 22.0, 0.0
16, 0 ,1.0,1.0,1.0,119.15554987865627,50.59063311619194,14.544658747392175,16.647390795668226,18.48604368203478,9.47764546208077,77.0,94.0,39.0,-0.5316469111466914,0.8457791449156487,0.04482409947714045,19.641355035943462,-0.8452276855960243,-0.5264231055323348,-0.09202648240414762,15.327407286660456,-0.054237637947928366,-0.08681216497384979,0.9947471671949525,9.379922869807823,97.80262802358624,72.65029527647732,43.50497898268468,25.276970118060362,8.352842418799604,117435.0,309119.8341185179, 0.0, 0.0,0.0,NaN, 96.47167653045976,96.47167653045976,0.0, 277.13562030369917, -68.52401835171362, 4.333237268798788, -68.52401835171362, 341.733811014098, 18.408778682864455, 4.333237268798788, 18.408778682864455, 89.82576350490024, 9.499969029004543, 5.892268191307937, 9.0, 0.0
17, 0 ,1.0,1.0,1.0,49.003709553017224,12.999204221299935,119.15394032884025,15.742855926234613,8.236841450772001,15.660251463232008,69.0,33.0,72.0,-0.7317834437917575,0.08429586714470663,0.6763040722741495,16.735575989190398,0.6695443128928316,-0.09642077653176914,0.7364872347338256,14.69470863626923,-0.12729259391316616,-0.9917647103196061,-0.014119309456385476,8.056834371897239,82.25505624698246,77.8754946502233,37.21149603761489,22.460664546935938,7.512994995405932,81681.0,238363.93839907544, 0.0, 0.0,0.0,NaN, 95.427607245997,95.427607245997,0.0, 247.83751271418026, -23.02252370660312, -32.017331373509975, -23.02252370660312, 67.84555708515582, 1.5421212536742566, -32.017331373509975, 1.5421212536742566, 245.24347589166027, 8.68824991618632, 5.691256829769626, 9.0, 0.0
18, 0 ,1.0,1.0,1.0,186.35791497434462,27.962159891012337,171.92032187010605,8.058475106886814,15.451265952214387,15.13283697530403,32.0,72.0,59.0,0.009457813698945059,0.7678011346911355,0.6406184256849324,16.167403091247422,-0.0425223610640767,-0.6397587589317997,0.7673985790836337,14.374760862932034,-0.9990507487458146,0.03449852079508332,-0.02659799792049898,8.041437863600244,80.62885849643774,73.63836789033478,33.7306260504466,21.94447128184004,7.150075220306513,78541.0,200271.46167514456, 0.0, -3.552713678800501E-15,0.0,39.8431587935732, 41.91010848824176,41.91010848824176,0.0, 64.93902104831443, 5.290659952174688, -3.440778295292309, 5.290659952174688, 238.74161952605954, 27.060595059878874, -3.440778295292309, 27.060595059878874, 229.00275492112885, 8.735501644856969, 5.648838596630331, 9.0, 0.0
19, 0 ,1.0,1.0,1.0,22.78597462941607,178.3274438337023,41.34635813432773,14.7417018570531,12.663111140154436,17.281928940464798,65.0,53.0,74.0,0.34659308187761606,-0.303075992702272,0.8877038798169743,18.40716369755005,-0.902022064382787,-0.36732943883687535,0.22677142397224845,14.366456859491691,0.2573507935895891,-0.8793258929494335,-0.40069507487301376,11.450697236822773,86.65417169604771,75.82849040299513,66.0825033816106,24.702166052722756,8.132663622529588,118799.0,434218.549530781, -3.552713678800501E-15, 0.0,0.0,69.72092622235046, 51.94633443820469,51.94633443820469,0.0, 217.31777364224283, 3.123903289722339, 48.5070371124631, 3.123903289722339, 160.3543837479034, -62.15189800777265, 48.5070371124631, -62.15189800777265, 298.6650679032748, 9.980378247470927, 5.966044907680748, 8.0, 0.0
20, 0 ,1.0,1.0,1.0,110.09374433757819,71.05693225387944,63.459560342390795,12.806113635817521,14.599584341209082,16.925863319570468,61.0,73.0,80.0,-0.14940243617618915,0.25468604372468934,0.9554129636950116,17.182897211050353,-0.03979659809115295,-0.9670236949390869,0.25155795397229525,14.403221167031896,-0.9879752744097352,4.3881456428928716E-4,-0.15461133398553675,12.685602939961989,77.43851221923596,72.25655602962325,60.26780818268672,24.76717190793514,7.086356904999315,137971.0,337224.9164916894, 0.0, 0.0,0.0,NaN, 130.99365720300622,130.99365720300622,0.0, 163.99654645347147, -3.3206497145898273, -19.639837019869727, -3.3206497145898273, 213.14786293607742, 21.3673609201246, -19.639837019869727, 21.3673609201246, 286.484849112781, 9.00636579162015, 5.68644606489137, 10.0, 0.0
21, 0 ,1.0,1.0,1.0,140.97966148069892,40.55176213964871,86.43174511487919,15.2350331264856,12.91745419198954,16.80713212488327,86.0,66.0,88.0,-0.376617800405792,0.05633493515302489,0.92465420969074,17.15026763067997,0.8791749181262881,0.33626346191615775,0.33760679424116263,15.127508803025556,0.2919083687651606,-0.9400815173491418,0.17617106738451063,12.58861966384639,79.3143219471402,77.79538881568024,65.70876105741061,24.98624810308972,7.558700494222126,131573.0,405442.01365652453, 0.0, 0.0,0.0,NaN, 112.24211480174002,112.24211480174002,0.0, 232.10623436511358, 17.925026528890616, -26.355465407588127, 17.925026528890616, 166.86062280214813, 15.055023446262753, -26.355465407588127, 15.055023446262753, 282.4796902632832, 8.832509810075505, 5.678832089688241, 13.0, 0.0
22, 0 ,1.0,1.0,1.0,54.953193745449944,75.92047288956414,93.05991833634033,14.372623679680068,14.858320428210057,14.44584699206692,70.0,75.0,63.0,-0.16389331082245612,0.7689285483928648,0.6179707680255557,16.220267248621756,-0.8804995980300194,0.16844405372559265,-0.44311066183681913,14.7554636428709,0.4448139392337295,0.6167458862699701,-0.649434424120281,12.458078333775111,76.29064593805685,71.63294421190085,64.75915761451908,24.24424221383992,6.9455894047926146,126372.0,353903.84775156516, 0.0, 0.0,0.0,NaN, 132.07543339836647,132.07543339836647,0.0, 206.5723114377002, -22.869610379342273, 13.465145894339537, -22.869610379342273, 220.76968594736428, 46.60181194631867, 13.465145894339537, 46.60181194631867, 208.68249531820888, 8.674059193669189, 5.61013525172485, 11.0, 0.0
23, 0 ,1.0,1.0,1.0,117.64084408041256,150.92282820211167,159.8352755765688,16.334762991119007,12.749190299517764,15.556441395702205,77.0,65.0,76.0,-0.9379078303626438,-0.34667649015208607,-0.012013031268952094,16.8337287191794,0.003383846894807696,-0.04377332967960207,0.9990357577128827,15.561771257293394,0.3468680603985191,-0.9369628097126328,-0.0422284488322483,12.075846012268373,84.94982882339916,76.69793496589078,62.43559372805946,24.849637052595813,7.3392603524814914,135153.0,406797.64035595604, 0.0, 0.0,0.0,NaN, 103.94616127340409,103.94616127340409,0.0, 266.82448197603117, 44.709662410443684, 1.8754678901855584, 44.709662410443684, 162.54185329331787, -3.6403341082802005, 1.8754678901855584, -3.6403341082802005, 242.00286889791715, 9.195776617253888, 5.776519125837452, 15.0, 0.0
24, 0 ,1.0,1.0,1.0,174.77644174870164,61.086378962871095,113.85500155026742,14.347845081426506,12.15229007763336,15.016964252254398,61.0,55.0,77.0,-0.6007693901660973,-0.020745430373019253,0.7991531561334752,15.883088629392832,-0.7398163710376865,0.39319772097608147,-0.5459553913680537,13.645468971754314,0.3028991201441244,0.919219875404059,0.2515689640596817,11.856504548001917,83.98066414794756,73.20952981834893,60.21829744692016,23.029412815886904,6.978121045129555,103208.0,370233.2292409793, 0.0, 7.105427357601002E-15,1.4210854715202004E-14,55.80873681497227, 108.57593814265006,108.57593814265006,0.0, 205.8606584806148, -11.879117686513379, -35.198827118350145, -11.879117686513379, 147.6781541309462, -11.645408677821905, -35.198827118350145, -11.645408677821905, 225.50921535348652, 9.45038919274794, 5.670055932042844, 11.0, 0.0
25, 0 ,1.0,1.0,1.0,183.7105825214313,19.929196290119663,114.44808215570964,10.376408731701728,11.254849194357893,16.026338277567675,42.0,44.0,80.0,-0.23200428851326316,-0.30464164741350586,0.923778911197176,16.78145644069432,-0.33179422248069357,-0.8679505380191996,-0.36955981583583103,10.67329325559391,-0.9143777140984388,0.39224396772081327,-0.10028990849904658,9.78000705272128,90.58278984477909,55.12752125479122,47.43125980507557,20.893734704352276,7.39167486069514,68358.0,236852.96058453916, -2.8421709430404007E-14, 0.0,-1.4210854715202004E-14,84.3728732121964, 89.34007294264666,89.34007294264666,0.0, 107.66985816733587, 18.40552999508046, -37.616638032583744, 18.40552999508046, 126.67163038773852, -46.47512043018165, -37.616638032583744, -46.47512043018165, 256.84351858703087, 9.245982376782896, 5.837167098000627, 7.0, 0.0
26, 0 ,1.0,1.0,1.0,11.385777750914201,24.688461422224908,170.59335428692316,7.108382709736952,14.042829627100618,15.9592424142041,28.0,52.0,60.0,0.03174467376982866,-0.29256874612408446,0.9557174292010314,16.14721278592251,0.04029025793664975,-0.9550475698184181,-0.293701948409153,13.842254356295998,-0.9986836189718172,-0.04782957427487289,0.01853000329301178,7.0772240815830045,71.98262768544907,65.13803367722902,28.911691557735317,21.265163384722346,7.08663625003405,66178.0,135561.3367372414, 0.0, 0.0,0.0,NaN, 40.04880615554377,40.04880615554377,0.0, 50.52910474808725, -7.4019677250657505, 4.716093944435484, -7.4019677250657505, 197.20106393577487, -19.202677848628184, 4.716093944435484, -19.202677848628184, 254.69741843533112, 8.587067042686243, 5.213285370666354, 6.0, 0.0
27, 0 ,1.0,1.0,1.0,98.12379471228616,184.5377510311718,141.82439651092028,13.05361739974513,9.357811553351903,15.03971832087961,61.0,38.0,63.0,-0.3459473411193283,0.024941275073167575,0.9379223688398692,15.348971522122387,0.9008182285545457,0.28838505837617673,0.32459294078771894,12.978462459464772,0.26238703526721274,-0.9571896316316293,0.12223359939308313,8.95138407508675,70.60836710404728,64.75682675651899,42.69393333896002,21.023469566380136,6.494029477137478,73945.0,195212.62205224743, 0.0, 0.0,0.0,NaN, 115.11629369134296,115.11629369134296,0.0, 170.39692721892882, 21.600830712835997, -24.620846922185816, 21.600830712835997, 87.56863706804636, 11.903559363577891, -24.620846922185816, 11.903559363577891, 226.1931271714018, 9.39314898817097, 5.630916932898924, 7.0, 0.0
28, 0 ,1.0,1.0,1.0,175.2797731993488,150.0091955313535,92.52744624712288,14.617010602354858,10.939348090788085,13.813622208150443,62.0,51.0,66.0,-0.8039377822529408,-0.08931487588299183,0.587968447463152,15.417408961209377,-0.5920477790927946,0.21369720080724644,-0.7770540094732397,13.04647121103283,0.05624472897537467,0.9728084905638692,0.2246779275971129,10.781260778443434,74.9468631705732,66.29042684095194,52.59179574801712,21.907815620430192,6.647564129172602,89065.0,261289.69147503763, 0.0, 0.0,0.0,NaN, 108.03470948501827,108.03470948501827,0.0, 213.65699894935432, 1.892492738446794, -32.58207944294418, 1.892492738446794, 119.66933665142894, -15.341188777593638, -32.58207944294418, -15.341188777593638, 190.81615850950712, 9.417829172813208, 5.546066474316126, 8.0, 0.0
29, 0 ,1.0,1.0,1.0,20.20338496570067,75.495173218779,175.22963806316434,11.789289481949318,15.482883805102338,14.242935339987435,49.0,73.0,59.0,-0.012162093779380483,0.8191388801516739,0.5734662836634461,16.586164180230643,-0.07160546979242494,-0.572749776361748,0.8165968101660539,12.947896682422488,-0.9973588823340911,0.031131795666654593,-0.06562066083073222,11.78216337513237,83.61040249069401,66.77600997254852,51.328763310584364,23.035452881982486,7.136956986881664,104521.0,286577.16374407517, 0.0, 0.0,0.0,NaN, 81.98334449074143,81.98334449074143,NaN, 138.9873464892008, -0.175375209621106, -2.6361941231594006, -0.175375209621106, 239.71969092230026, 50.534694964675786, -2.6361941231594006, 50.534694964675786, 202.861207099063, 8.502399077297056, 5.154851262834925, 8.0, 0.0
30, 0 ,1.0,1.0,1.0,89.10213990289516,34.14524623012305,104.7004307207508,13.299525671810882,15.132343994898863,13.807193628851714,67.0,69.0,61.0,-0.3714351680357698,0.7616093503050975,0.5310245883893581,16.54109924202427,-0.654118392770994,-0.6205554094933505,0.4324813429354286,12.982051330899615,0.6589120155111242,-0.18671416999356905,0.7286787869416004,12.424258242933591,82.50430429828745,63.87282254884111,67.66115794185356,23.457849750463097,6.799492544630669,116781.0,356559.6055354299, 0.0, 0.0,1.4210854715202004E-14,57.92529169302354, 134.85954575113047,134.85954575113047,0.0, 176.87738309515666, -27.98082305368935, -27.529201990367508, -27.98082305368935, 228.98783477995167, 44.423641637891386, -27.529201990367508, 44.423641637891386, 190.63859590460336, 8.266685873290706, 5.209758748251023, 9.0, 0.0
31, 0 ,1.0,1.0,1.0,105.36939533466897,161.4076365212705,18.083629163591205,11.099696647530644,17.58263331263542,11.099960906866992,53.0,83.0,44.0,-0.009091018829554869,0.9957786270583566,-0.09133607868972497,17.629081611643365,-0.7181925825301412,0.057053448372461645,0.6935014912943569,12.14967156509574,0.6957850011140848,0.07190152934803136,0.7146421498219141,9.857096651555022,84.30276648108821,65.11962514540221,53.43004446268077,22.345460730522696,7.4994517631915345,85353.0,293318.364101344, 0.0, 0.0,0.0,NaN, 103.78506396359175,103.78506396359175,1.3486991523486091E-6, 123.20326566720301, -4.00114081378667, -24.95121136806997, -4.00114081378667, 309.14899420659674, -17.432822624732925, -24.95121136806997, -17.432822624732925, 123.20913213397547, 8.18804588858505, 5.267217706184891, 12.0, 0.0
32, 0 ,1.0,1.0,1.0,153.65601243953006,89.21626353374799,68.66687399216771,10.660966470065663,12.594761947631984,15.002945779086048,51.0,61.0,69.0,-0.08754404243234834,-0.26298431739192146,0.96082011294545,15.233355919249789,0.282966517409729,-0.931356967619932,-0.22913783819093111,12.506331364389812,-0.9551261647864185,-0.2518202685879529,-0.15595051031874968,10.43595514963129,69.0429633264427,64.27657934236595,48.195565068818695,21.425069946223534,6.19184903264289,86820.0,213884.472056265, 0.0, 0.0,0.0,NaN, 121.74746997693384,121.74746997693384,NaN, 113.65620607586432, -9.682910499477288, -13.438076574797313, -9.682910499477288, 158.6280285175186, -20.97984595803893, -13.438076574797313, -20.97984595803893, 225.08838205019586, 8.101422904907587, 5.087374932073156, 8.0, 0.0
33, 0 ,1.0,1.0,1.0,152.77474907694975,49.691747863988375,157.79576929741546,12.230026597402631,11.491853299435482,12.33904965428048,55.0,56.0,56.0,-0.7275440084448391,0.20034703448060345,-0.656156064934893,12.767870042892964,0.46667727973384004,-0.5565285947520012,-0.6873777999059805,12.189903160750196,-0.502883716535184,-0.8063107273242685,0.31140163558589457,11.057854434701607,59.22982436330557,59.50763581710076,55.872732896932455,20.072575895376907,5.565975756687362,75023.0,196930.53274797034, 0.0, 0.0,0.0,NaN, 80.5027404485104,80.5027404485104,0.0, 149.57355057317577, -12.773844725569631, 11.007433791730787, -12.773844725569631, 132.06269225574619, 4.711727880410325, 11.007433791730787, 4.711727880410325, 152.25214637079924, 8.2837748483711, 5.03880808573896, 13.0, 0.0
34, 0 ,1.0,1.0,1.0,120.9095463214161,79.29854414569287,178.47939778129953,12.317673365962165,11.971629830146329,12.851636517506448,59.0,55.0,53.0,0.3630006235220532,0.45599424488077106,-0.8125883311728119,13.917677485994176,0.8097287893378914,-0.5858784689355225,0.032950073674589485,12.528551389541992,0.46105296337838836,0.6699370629196322,0.5819059173840931,10.466289342175886,67.1784660346802,59.8725116157387,57.896771782924674,20.555292355181166,6.139178716382536,74458.0,232869.12360226986, 0.0, 0.0,0.0,NaN, 114.0468995043976,114.0468995043976,NaN, 151.72507715053368, -8.5663905178592, -23.559016572335306, -8.5663905178592, 143.31992079004942, -32.0991905944366, -23.559016572335306, -32.0991905944366, 165.16456117810523, 8.511518483519243, 5.089325628829621, 10.0, 0.0
35, 0 ,1.0,1.0,1.0,48.582041304998505,31.181881672154045,11.025860520802155,12.643852838825918,13.23872185415254,7.501148915645053,59.0,59.0,30.0,-0.6089083005018362,0.7894082851327697,0.07787965680270079,14.014137654963427,0.7840153281028741,0.6138490465062191,-0.09224593976511118,11.845802548856444,0.12062606219100658,-0.004889526270140113,0.9926859753482695,7.394519170130509,70.38978048210195,59.02376618288665,33.02770388706498,18.797151933118613,6.169690851203215,50115.0,137219.20868667416, 7.105427357601002E-15, 0.0,0.0,52.489392224007325, 58.77154143121466,58.77154143121466,0.0, 159.8670146098862, -26.902510356082267, -12.91442333695067, -26.902510356082267, 175.26375633161607, 3.8630007253893304, -12.91442333695067, 3.8630007253893304, 56.26723505468295, 8.138985133814524, 4.879765585785772, 2.0, 0.0
36, 0 ,1.0,1.0,1.0,46.41672238119434,22.800283475516807,167.0178509346669,12.030423822861072,13.229285710158825,11.489418093080117,52.0,52.0,54.0,0.34440988196235184,-0.929904369771683,0.12907244588295602,13.398672022680811,0.7721516011793471,0.3587789703199009,0.5244612047161944,12.135204157775833,-0.5340072452718682,-0.0809661258534781,0.8415941708813278,11.17874026686384,63.24961698505827,64.64062152420654,62.033687709984434,20.416256458450825,5.910016759623721,74786.0,253624.39430987215, 0.0, 0.0,0.0,NaN, 61.33667092486065,61.33667092486065,NaN, 144.7310973576632, -11.296376788630532, 11.455669184354138, -11.296376788630532, 175.01400040101248, -2.352691391969153, 11.455669184354138, -2.352691391969153, 132.00672811759674, 7.997478543576338, 4.8980160669172665, 6.0, 0.0
37, 0 ,1.0,1.0,1.0,11.370418355832323,173.2058901380588,137.32040512113232,7.142919581918952,14.444846874461216,16.42628703692147,30.0,54.0,74.0,0.03451483846977942,0.17189687038399432,0.9845101278694869,16.491599147975084,-0.019063155346130352,-0.9848046027182698,0.17261659993511835,14.38137669871304,-0.9992223586537955,0.02472570357137789,0.030713475043472646,7.120461290671329,79.58514920710684,62.19258985228501,31.44957749632645,21.841207052225585,7.242891805181457,71781.0,155663.03454947524, 0.0, 0.0,0.0,NaN, 69.10819308200293,69.10819308200293,0.0, 51.02130015376122, 4.243777421868677, 7.005123197422998, 4.243777421868677, 208.653601226632, 10.906851850974624, 7.005123197422998, 10.906851850974624, 269.8229058193343, 9.737043382860971, 5.976073399039209, 8.0, 0.0
38, 0 ,1.0,1.0,1.0,114.59399542998956,154.64352405308475,61.68594040827444,10.077457456543005,12.503752744558124,13.940016038055315,51.0,55.0,60.0,0.1536949874170664,-0.4702431322410808,0.8690507737888306,14.75988090777587,-0.40987747726062246,-0.8306065412589335,-0.3769525530518912,12.054224327183755,0.899098606648534,-0.2982686208738161,-0.32040213064943235,9.437405368263198,62.80727427410022,56.436321127938044,48.91410826666879,20.373433349618253,6.094771708223881,66083.0,173381.51067934686, 0.0, 0.0,0.0,NaN, 114.7020085743442,114.7020085743442,0.0, 101.5551487884342, 9.838502343178511, 25.891527036514827, 9.838502343178511, 156.3438326970448, -35.02315726892471, 25.891527036514827, -35.02315726892471, 194.3240471412394, 7.954866212902185, 5.018000225012749, 8.0, 0.0
39, 0 ,1.0,1.0,1.0,35.14300771576513,53.93291172919097,127.9595485151757,14.356432197623155,13.311535172119052,12.367928218739058,71.0,64.0,60.0,-0.8772585548180795,-0.3348882453223439,-0.34390011797528747,14.620531456462537,-0.4552684966609076,0.8075474407762463,0.374963634028493,13.61609745862791,0.152144746694101,0.4855069454092891,-0.8608919688397204,11.709471057017536,70.86483659615993,63.974091548883194,54.11108995103048,22.241828676469677,6.447543689963024,97722.0,245313.35917356564, 0.0, 0.0,0.0,NaN, 96.61064438785384,96.61064438785384,0.0, 206.10714544495082, 4.7654525959818, 14.881022794257033, 4.7654525959818, 177.19696863856262, 23.44859704125481, 14.881022794257033, 23.44859704125481, 152.96564842388187, 8.320912441478505, 4.943979916273348, 6.0, 0.0
40, 0 ,1.0,1.0,1.0,58.820871506436276,144.2853560245854,86.50384147048591,12.021050135917601,12.150665267956233,10.930151406040167,62.0,57.0,50.0,0.6570412024260534,-0.7122478727578896,0.24698142858601166,12.836732977177142,0.7177472278272112,0.691224653045189,0.08394876990707859,11.419776281613789,-0.23051198506992904,0.1221124349704791,0.965377013381146,10.789787705681164,57.14041959537404,51.88489105200652,49.2892329566143,19.544789040265066,5.441851151457235,68984.0,146128.99384010574, 0.0, 0.0,0.0,NaN, 118.51974969276152,118.51974969276152,0.0, 144.5056463702446, -15.690694300188449, 8.691130828174613, -15.690694300188449, 147.63866645391792, -7.695583314196313, 8.691130828174613, -7.695583314196313, 119.46820975896183, 7.445606346296456, 4.684865806417019, 11.0, 0.0
41, 0 ,1.0,1.0,1.0,130.76687863154106,119.96309754383559,183.51935964897245,15.525727689486347,10.192993568586147,9.468301352150899,72.0,50.0,38.0,-0.9840597854340609,-0.08454775928097749,0.1564545144508017,15.698894044814763,-0.009124890789338933,-0.8545949595421546,-0.5192149761834943,10.618317940137073,0.1776037022687111,-0.5123662084151431,0.84020104345016,8.68274833012607,72.37416421830997,55.16290132516218,44.620525854388916,19.769466099393426,6.615306403891713,58343.0,178141.5987975336, 0.0, 0.0,0.0,NaN, 107.10155160209986,107.10155160209986,0.0, 241.04822028808306, 14.523954710825766, -26.160296683652213, 14.523954710825766, 103.89711788923854, 14.31385395547407, -26.160296683652213, 14.31385395547407, 89.64873049514253, 7.686770949149086, 4.967682013772698, 6.0, 0.0
42, 0 ,1.0,1.0,1.0,125.17355806662037,10.519117059108222,43.10226627106874,9.415290582810742,7.116082147647328,18.654175480587348,44.0,29.0,83.0,-0.12824781974045746,0.01470686594197651,0.991633099904387,18.775240777094556,0.9323661508069583,0.34256765292864355,0.11550222507110686,9.451806766531812,0.33800274786047985,-0.9393780449111658,0.05764573859045887,6.739307632216016,86.11297526018924,48.77931607755576,33.564467401956556,20.413005170240933,8.400821666427593,47523.0,140988.62068031315, 0.0, 0.0,0.0,NaN, 86.99111215414345,86.99111215414345,NaN, 88.64769675876465, 13.448252898522345, -34.32469524659191, 13.448252898522345, 50.63862513206501, 6.216297184368052, -34.32469524659191, 6.216297184368052, 347.9782628605462, 8.30298492692525, 4.600802256113758, 4.0, 0.0
43, 0 ,1.0,1.0,1.0,171.22261767061127,103.9483761900525,120.80489367381439,8.297462730543613,12.626848496395757,16.92205946991273,43.0,53.0,73.0,-0.13971676382543755,-0.026835728039234362,0.9898277979561654,17.050614794939086,-0.18640395879272553,-0.9810474978393229,-0.05290908362090323,12.771568664791472,0.9724879382555583,-0.1919001060025973,0.1320664956135549,7.79774687804599,71.20998096716285,54.93384168677028,40.14912586794756,21.57810575429232,7.001902561127548,56195.0,157056.8690490439, 0.0, 0.0,0.0,NaN, 127.772911981669,127.772911981669,0.0, 68.84788776476026, 19.571257475975386, -30.78770744478013, 19.571257475975386, 159.4373029509318, -0.7968325198373551, -30.78770744478013, -0.7968325198373551, 286.356096703263, 9.318870290104886, 5.510463160084319, 9.0, 0.0
44, 0 ,1.0,1.0,1.0,48.553377662489495,183.37198129407037,164.56790033246867,15.07365372242612,9.915663461443877,9.133546464032596,62.0,43.0,41.0,-0.9939627922166899,0.03480099918056813,0.10405218952446403,15.125446133790797,-0.08941550697147162,-0.8065267768308584,-0.5843966336041484,10.806155585074949,0.06358329027217471,-0.5901723889770347,0.8047693560811718,7.962723790249961,62.98152885340797,52.57942136472036,41.12687292404816,19.25799377240138,6.171447585211485,54742.0,136192.969886418, 0.0, 0.0,0.0,NaN, 62.364694943300684,62.364694943300684,0.0, 227.2150365436108, -1.8717516594438208, -14.314957523865967, -1.8717516594438208, 98.32038188061317, 25.752874310948474, -14.314957523865967, 25.752874310948474, 83.42167101064233, 8.659505221183867, 5.207048615399348, 5.0, 0.0
46, 0 ,1.0,1.0,1.0,159.73330701061684,51.51747535901261,42.496548799391654,12.474169925405725,12.561505328482223,10.849404717283017,64.0,58.0,56.0,-0.8015270063558115,-0.39338163361674766,-0.4503391482153313,13.832166691611878,-0.20186530432402253,0.8869267847847343,-0.41546513372554317,12.520609521507032,0.5628542058050742,-0.24209867567674243,-0.7903058738508191,9.111060091460118,64.92916321108734,57.1865508785328,47.083722235018065,19.90816580913656,5.896681124216923,68382.0,174825.38701619444, 0.0, 7.105427357601002E-15,0.0,66.83492114486398, 77.9834180549095,77.9834180549095,0.0, 155.6049153278967, 20.948191016968295, 45.28376707985343, 20.948191016968295, 157.7914161174873, -7.988503931082449, 45.28376707985343, -7.988503931082449, 117.70958271940299, 7.581477875776266, 4.404577326547407, 3.0, 0.0
47, 0 ,1.0,1.0,1.0,8.477595849336298,118.05774543494374,68.2933090762078,6.022115210934241,9.706846200507917,12.806417437301818,24.0,47.0,56.0,-0.06710926100207225,0.027387952220841328,0.9973696642473668,12.830703583171026,-0.04948883481374983,0.9983014049607427,-0.030743455924545814,9.712135180640466,-0.9965175373853356,-0.05142183316992922,-0.0656398717009018,5.961588558956128,56.32790850306718,47.29433827943092,25.51808097080073,16.245033454783034,5.5309990422597695,29682.0,67979.94210894576, 0.0, 0.0,0.0,NaN, 107.00644269934224,107.00644269934224,NaN, 36.265871613765555, -3.141520089136932, -8.550668737427424, -3.141520089136932, 94.22286316031499, 1.7219280453939125, -8.550668737427424, 1.7219280453939125, 164.00432757842808, 7.4626947152267995, 4.581693539466217, 9.0, 0.0
48, 0 ,1.0,1.0,1.0,50.62805905627198,140.1356059495897,49.66275278429074,10.539801972254095,13.67624971863322,9.061079639180099,50.0,59.0,39.0,-0.3857050409286302,-0.9183865070739693,0.08830540768672113,14.298168531263324,0.918049940564084,-0.37251487918183557,0.13570914272231058,9.742252054108498,-0.09173836728722387,0.13341247472637963,0.9868055449554677,8.993403014105441,66.72446560975204,47.40279755402943,39.74441120439832,18.64528565607349,5.708215046031008,54592.0,125708.64487540442, 0.0, 0.0,0.0,NaN, 92.80805489256707,92.80805489256707,0.0, 111.08742561433131, 38.96875877063347, -2.460320279802471, 38.96875877063347, 187.03980636641526, -10.729509064736629, -2.460320279802471, -10.729509064736629, 82.10316422756414, 7.383552910189569, 4.351029196812396, 6.0, 0.0
49, 0 ,1.0,1.0,1.0,141.53277869576914,147.43011950966454,17.432405948583945,8.662984256547263,13.964550548926605,10.24156386526626,37.0,61.0,40.0,-0.027207444185201463,-0.9802939049917267,0.19566199124250067,14.098378584239521,0.2320182442321177,-0.19658193608022495,-0.952640056238659,10.139615217469373,-0.9723308538374963,-0.019478250512344426,-0.23279456272134846,8.565601158480325,65.19484162672975,47.45876691612469,41.13228626902689,18.511690006882805,5.680046809500288,52046.0,127266.04106091417, 0.0, 0.0,0.0,NaN, 80.5350673865881,80.5350673865881,NaN, 75.04729622918575, 2.0015604679804864, -7.175156295359563, 2.0015604679804864, 195.00867203352632, -18.537790407812075, -7.175156295359563, -18.537790407812075, 104.88963040632756, 7.884452522805361, 4.463868462286747, 6.0, 0.0
50, 0 ,1.0,1.0,1.0,8.942494382512708,22.72135081480835,112.89759811514213,5.802760986088789,12.825690970559679,14.74407082976054,24.0,52.0,63.0,0.005029993803698054,-0.2613312992082394,0.9652360598405285,14.885173008541422,0.020282954213596358,-0.9650230320343789,-0.2613793209332816,12.663905478430467,-0.999781626621886,-0.02089257517176681,-4.4651090486153504E-4,5.797855733470312,64.56368907727219,57.258722285199894,24.710911236528535,19.307765053468067,6.539741371573383,45839.0,91352.14529573172, 0.0, 0.0,0.0,NaN, 90.46024763807667,90.46024763807667,0.0, 33.67203506167414, -2.728190389235475, 0.240517215286396, -2.728190389235475, 164.49834887229608, -15.437116413431779, 0.240517215286396, -15.437116413431779, 217.38762463299565, 7.434426803839852, 4.506122745321499, 2.0, 0.0
