// Sample: .//bubblelabels.tif, Map: .//bubblelabels.tif, Thickness:(8.191250068658265):/afs/psi.ch/project/tipl/test/LabelValidation/Step4900//distmap.tif, Neighbors:(1.0):
//LACUNA_NUMBER, TRIANGLES, SCALE_X, SCALE_Y, SCALE_Z, POS_X, POS_Y, POS_Z , STD_X, STD_Y, STD_Z,PROJ_X, PROJ_Y, PROJ_Z, PCA1_X, PCA1_Y, PCA1_Z, PCA1_S, PCA2_X, PCA2_Y, PCA2_Z, PCA2_S, PCA3_X, PCA3_Y, PCA3_Z, PCA3_S,PROJ_PCA1, PROJ_PCA2, PROJ_PCA3,OBJ_RADIUS, OBJ_RADIUS_STD, VOLUME, VOLUME_BOX, Mask_Grad_X,Mask_Grad_Y,Mask_Grad_Z,Mask_Angle, Mask_Distance_Mean,Mask_Distance_COV, Mask_Distance_STD, SHAPET_XX, SHAPET_XY, SHAPET_XZ, SHAPET_YX, SHAPET_YY, SHAPET_YZ, SHAPET_ZX, SHAPET_ZY, SHAPET_ZZ, Thickness, Thickness_STD, Neighbors, Neighbors_STD
1, 0 ,1.0,1.0,1.0,94.5622962016392,279.3368401339561,16.881620692694103,17.348773660059184,12.697989353842884,10.663843930507111,82.0,54.0,48.0,-0.9591922093108739,0.27724162313497763,0.055564269083716075,17.707690968518204,-0.2737777494966308,-0.8615068515405143,-0.4276116095586154,12.639435970607702,-0.07068273818892869,-0.4253739850416721,0.9022532479142884,10.13009315953466,87.60510348306856,71.72188094547457,53.18381218990993,22.771583828833652,7.5757124047092175,90776.0,334164.67778484285, 0.0, 0.0,0.0,NaN, 98.25468515947843,98.25468515947843,0.0, 300.9799475079633, -42.61948456593767, -4.553610701255908, -42.61948456593767, 161.23893363030723, 24.298081916800484, -4.553610701255908, 24.298081916800484, 113.71756737421337, 8.448422012890532, 6.496683880686169, 17.0, 0.0
2, 0 ,1.0,1.0,1.0,29.610009169063424,167.80509862620784,17.334490568403563,16.781283811973566,16.85578011492259,10.785281937829426,66.0,81.0,48.0,-0.6679621918886001,0.7441896123577458,-0.002886358641163475,17.167808563392278,0.7431662203696916,0.6668297045505126,-0.0551553626631458,16.4763488380507,-0.039121338279823475,-0.03898674118087035,-0.9984736125222798,10.763242737979827,84.74719284711446,85.67825885110695,49.839775660911144,24.958550510526145,7.689074882747392,127603.0,361886.20865056926, 0.0, 0.0,0.0,NaN, 136.57499462011606,136.57499462011606,NaN, 281.6114863780061, -11.80146291204275, -6.034022800043637, -11.80146291204275, 284.11732328261985, -6.107930217657851, -6.034022800043637, -6.107930217657851, 116.32230647846966, 8.102507138589885, 5.827296527366076, 19.0, 0.0
3, 0 ,1.0,1.0,1.0,70.17098946367742,251.0420581478254,206.03114156698092,15.4015813866216,13.291665841379125,14.109920498442326,73.0,75.0,73.0,0.9032277670004205,0.00960330334902453,0.4290540496070636,15.758633643554791,0.4268136037958912,0.08433300118622512,-0.9003988519126888,13.713214020188644,0.04483021898449816,-0.9963913495588523,-0.07207308783513562,13.28834728040704,73.50022466846954,73.41654295458612,73.56157082283414,23.846902088721084,6.655239085928316,126230.0,396947.97582560027, 0.0, 0.0,0.0,NaN, 127.08656179123432,127.08656179123432,0.0, 237.20870920872895, 1.0353261264147988, 23.398477702751546, 1.0353261264147988, 176.66838083888464, -0.5754601170808473, 23.398477702751546, -0.5754601170808473, 199.08985647236295, 7.017256137463792, 5.185568256029667, 34.0, 0.0
4, 0 ,1.0,1.0,1.0,130.1916504710018,190.42064124212786,18.72861375728805,14.869598278342984,13.525164685683118,11.185271583643841,72.0,64.0,45.0,-0.992388023521044,0.012046305090460402,-0.12255977033946878,14.917348446340808,-0.0513292870240084,-0.945098472579692,0.32272926954514214,13.818642925853629,-0.11194335650498757,0.32656356756564514,0.9385227334876849,10.75468066249434,70.8657375042891,72.10455594872542,52.18738412486313,22.06079104752616,6.516658000190255,94161.0,266664.09643888206, 0.0, 0.0,0.0,NaN, 171.19656156424298,171.19656156424298,0.0, 221.10495295930062, 2.374975925750176, 11.750304649865592, 2.374975925750176, 182.9300797748497, -23.12257658370969, 11.750304649865592, -23.12257658370969, 125.1103003998704, 7.457864139944318, 5.325291586572675, 21.0, 0.0
5, 0 ,1.0,1.0,1.0,138.02378863759608,208.17027656384573,191.89743691983796,13.730044848405994,14.534866868954857,14.856422576834625,71.0,79.0,70.0,-0.1245615835171232,0.6399465243171719,0.7582564592049834,15.291893664080762,0.56782564560816,-0.5807175665340918,0.5833876448026648,14.468466668576093,-0.8136697414193204,-0.5032251523255715,0.291042948661399,13.315826622696479,73.84938331101066,72.61484686069575,66.8060504577206,23.96083518669244,6.809416669215882,125396.0,358251.5648329726, 0.0, 0.0,0.0,NaN, 197.9126789287053,197.9126789287053,0.0, 188.51413153923997, -15.066444982215398, 5.269465897382116, -15.066444982215398, 211.26235489824157, 16.58155704239061, 5.269465897382116, 16.58155704239061, 220.71329178148156, 7.0101047021352985, 5.096714924637355, 36.0, 0.0
6, 0 ,1.0,1.0,1.0,208.25417597237185,52.44338444633135,100.37908053686486,15.255115328868088,16.40151193457723,13.57768169581406,79.0,81.0,73.0,-0.05413071049957935,0.9969523141805541,-0.056177837541578984,16.412643132724735,0.9977049609408112,0.0562920132352908,0.037630043316635414,15.254232222829716,-0.04067772234165475,0.054011966229300906,0.9977113963512393,13.565217372375464,80.0850636515258,78.57639240886087,73.56783089850511,25.130868833467378,7.383834325408397,140147.0,462947.3069517083, 0.0, 0.0,0.0,NaN, 145.75172248766265,145.75172248766265,0.0, 232.7185436970661, -1.8726925353180215, 2.087068528871909, -1.8726925353180215, 269.0095937400793, -4.6776005585578115, 2.087068528871909, -4.6776005585578115, 184.35344023284418, 6.0981805831411044, 4.838146296591178, 38.0, 0.0
7, 0 ,1.0,1.0,1.0,149.29487026952822,60.70293323571134,174.1635015787306,14.8231492802815,12.489845968684579,13.643896618090231,71.0,63.0,70.0,0.9306014407466767,0.12348221381204352,0.34457669879474806,15.018015361074449,-0.36334426679864085,0.19771778539065826,0.9104332051967194,13.511489460556021,-0.04429336592276376,0.9724504204391554,-0.22886301038599877,12.400676957486061,72.82762886108256,77.2739693380701,64.84699773263108,22.808878962905023,6.452360985531433,109265.0,364938.1495785751, 0.0, 0.0,0.0,NaN, 204.47158415569783,204.47158415569783,3.814697265625E-6, 219.72575458550995, 6.178796449719653, 13.490478585410571, 6.178796449719653, 155.99625232146641, 8.234787880327612, 13.490478585410571, 8.234787880327612, 186.15591492513403, 6.868686763149418, 5.00805369532971, 31.0, 0.0
8, 0 ,1.0,1.0,1.0,138.2695055408674,104.1740310513585,284.99514822523486,13.110676808308432,15.417487730133018,8.650251178335647,68.0,72.0,36.0,0.2735169888008705,0.9521423652421005,0.13643083650144514,15.723152362467314,0.9618656541900682,-0.27049922105176255,-0.04055409596948054,12.876299278539808,0.0017088378555550551,-0.1423203700162747,0.9898191714407306,8.449793867611785,73.3332614697697,68.9183454411575,38.47306222076958,20.96109207633878,6.711798469581765,71108.0,194443.12755651982, 0.0, 1.4210854715202004E-14,0.0,17.79756843297174, 173.76947512376287,173.76947512376287,0.0, 171.88984637191658, 21.226526817400995, 2.8785506470664544, 21.226526817400995, 237.69892790880215, 23.87465602622336, 2.8785506470664544, 23.87465602622336, 74.82684544829726, 6.979774061382763, 5.158187070671518, 18.0, 0.0
9, 0 ,1.0,1.0,1.0,286.10491784573253,76.76022649475125,31.42310874030123,8.178172502558775,14.726213602422154,14.544083764047807,35.0,78.0,65.0,-0.1414785669650796,-0.9874405302207834,-0.07032079611897035,14.842212450814733,0.08819868314370542,0.058179650246994785,-0.9944023936962609,14.574753842513596,0.9860044662075437,-0.1468888272621022,0.07885978090472107,7.9094579508602205,80.06005811015248,68.32191612682833,36.914531226194356,21.16412432806546,6.881430556767514,70112.0,201917.1913521165, 0.0, 0.0,0.0,NaN, 84.09885517950973,84.09885517950973,0.0, 66.88250548160846, 22.804395451629066, -11.574557677625215, 22.804395451629066, 216.8613670641633, 2.2822894944262564, -11.574557677625215, 2.2822894944262564, 211.530372535639, 6.5749514532275075, 5.0770094991738555, 20.0, 0.0
10, 0 ,1.0,1.0,1.0,56.91946350016919,10.99964623004276,180.64001599655458,13.037004624135779,7.289287313406326,16.942590036937226,67.0,31.0,69.0,-0.19243348792087178,0.06503540852847574,0.9791525664390314,17.113979695014343,0.980997875672972,0.03791437100567577,0.19027787153623554,12.857237755663412,0.02474915456584138,-0.9971624221303063,0.07109559226490676,7.207752254332033,71.87685199276984,62.284874228030574,32.015825610309406,21.389696546321048,7.254614939689086,65014.0,143329.75069696433, 0.0, 0.0,0.0,NaN, 132.693719985672,132.693719985672,0.0, 169.9634895697377, 1.2008667004107358, -24.238254471991315, 1.2008667004107358, 53.13370953738641, 16.160530352969133, -24.238254471991315, 16.160530352969133, 287.0513571597245, 8.408420253043673, 5.258248529314241, 18.0, 0.0
11, 0 ,1.0,1.0,1.0,159.4141583105301,113.25055682324384,156.01046373148847,14.350413083761024,14.547909892077096,12.50994711674822,66.0,71.0,60.0,-0.637878509727798,-0.765275041274521,0.08640091451902335,15.176910945030551,0.7501134838366741,-0.5919552301420355,0.2948198888709803,13.826573634061004,-0.17447282938569836,0.2528697623476752,0.9516386473322628,12.351601130011945,76.1943728177873,73.31622800369308,60.02812144512737,23.024812449835313,6.628184247309709,109999.0,335334.1349856934, 0.0, 0.0,0.0,NaN, 230.9178513219203,230.9178513219203,NaN, 205.9343556745796, 20.821765496081728, 4.252477784203338, 20.821765496081728, 211.6416822279946, -11.881211564682822, 4.252477784203338, -11.881211564682822, 156.4987768638371, 6.348154157151415, 4.622189010568669, 36.0, 0.0
12, 0 ,1.0,1.0,1.0,261.0463386476889,76.25615583580542,285.72448159459896,16.57691246819587,13.379293415995491,8.034907416696711,74.0,66.0,34.0,0.9285192140046935,0.37071041973308266,0.02063622846907905,17.118051208836544,-0.37103039293119905,0.9285051648016084,0.014649452483210732,12.684237649289937,0.01373014003665499,0.021258966062810348,-0.9996797185181432,8.02755844278953,86.8105790812275,70.38158904383567,34.866056860066976,21.429782419175606,7.689192542213664,68431.0,213026.9528505428, 0.0, 0.0,0.0,NaN, 86.81117129349262,86.81117129349262,0.0, 274.79402697822775, 45.455228329918995, 3.855733057583969, 45.455228329918995, 179.0054923113003, 3.0605947907859727, 3.855733057583969, 3.0605947907859727, 64.55973719488783, 6.140041814710917, 4.87425048235154, 20.0, 0.0
13, 0 ,1.0,1.0,1.0,26.585836010616006,196.85981806118173,140.6854483866462,13.396277202234016,15.022897182266874,13.543120974421917,59.0,87.0,73.0,0.273759638963369,-0.8956571407857254,0.350505272762315,15.342366661685285,-0.6206423857005408,-0.4429055526044659,-0.6470221793293283,13.656801880471392,-0.7347507666866272,0.04040987047333289,0.6771324488028477,12.909971184005203,74.79910712870227,74.04142952349369,69.46299605023653,23.29684099521915,6.7691216564203645,114544.0,384702.2444238508, 0.0, 0.0,0.0,NaN, 176.45707465133717,176.45707465133717,3.814697265625E-6, 179.46024287909484, -11.396015777147065, 14.561545532393703, -11.396015777147065, 225.687439748962, -15.887918662309751, 14.561545532393703, -15.887918662309751, 183.41612572782688, 6.173535016743784, 4.708101458085245, 29.0, 0.0
14, 0 ,1.0,1.0,1.0,286.31364945884917,143.0498948843728,131.82064938098574,8.427566054218556,14.544459189183225,13.71208229805686,38.0,73.0,74.0,0.014110586730735522,0.816362134227292,0.5773679564558253,15.355204124395152,-0.1724885728654142,-0.5667816257115019,0.8056092607379088,12.91317273058315,-0.9849104444430299,0.11095699417201173,-0.13281551818723975,8.24948725564197,79.42370551991615,67.7568672540675,41.14543139807785,20.540900218074544,6.975513019401692,64215.0,221424.1996240964, 0.0, 0.0,0.0,NaN, 195.00582612011914,195.00582612011914,0.0, 71.0238695982169, 11.580971223761594, -12.348153845401116, 11.580971223761594, 211.54129310581638, 33.99222361416088, -12.348153845401116, 33.99222361416088, 188.0212009486843, 6.493052675418557, 4.84859161553968, 22.0, 0.0
15, 0 ,1.0,1.0,1.0,23.177127473467326,141.54252031256075,90.81370757687672,14.193145122278187,12.096437710641457,15.461231350416906,58.0,65.0,77.0,-0.3648469288423447,-0.1995384196887428,0.9094345152799229,15.759048282752943,-0.8957593266614043,-0.1912118940569011,-0.4013143908088517,14.093100361909535,-0.2539723355277429,0.9610527720366301,0.10897532815868086,11.826063082513944,83.9575399948798,67.85145356636858,65.33507952213444,23.070292319111562,7.387859022156381,102892.0,372190.5010095348, 0.0, 0.0,0.0,NaN, 169.7604010899229,169.7604010899229,0.0, 201.4453684620491, 17.962665389958172, -14.87506142934927, 17.962665389958172, 146.3238052874287, -15.178711373564703, -14.87506142934927, -15.178711373564703, 239.04967487111458, 6.352682029032987, 4.520629015534719, 28.0, 0.0
16, 0 ,1.0,1.0,1.0,284.6874443719219,161.46337447338752,63.13070373227318,8.672766689609409,14.286207279798985,13.219794647826175,35.0,71.0,63.0,0.06202729032361193,-0.8595450686313718,0.5072818646931901,14.82835313469434,-0.04711620614864612,-0.5102156103253815,-0.858754967437427,12.638328918694546,-0.996961723624969,-0.02936504676973116,0.07214579443697923,8.629493408083901,68.52151199826116,62.45757175084583,38.19567004907873,20.32212748029661,6.40989123925781,67412.0,163465.52219475948, 0.0, 0.0,0.0,NaN, 153.01096929924958,153.01096929924958,0.0, 75.21688205239853, -5.703089952022066, 8.025127983726813, -5.703089952022066, 204.09571844138154, -26.047851903001042, 8.025127983726813, -26.047851903001042, 174.76297053069356, 6.786107757072795, 4.821290775914614, 20.0, 0.0
17, 0 ,1.0,1.0,1.0,118.91112832429641,110.57955073586368,90.98238058352698,13.975451998103832,12.860494598032819,12.685017191727729,65.0,65.0,64.0,-0.8398207725143536,-0.4873576989804486,-0.23913080792293606,14.326435454176671,0.5009604813046402,-0.5260509859200309,-0.6872473764108423,13.31081510667459,0.2091403027262243,-0.696959707197658,0.6859354928260658,11.797910382139577,68.03937419419844,67.160115125185,57.835468036696696,21.963899156804892,6.261179987946287,96825.0,264281.0337229288, 0.0, 0.0,0.0,NaN, 186.13298218464257,186.13298218464257,2.6973983046972182E-6, 195.3132585513044, 17.02552062052252, 0.18749687499353712, 17.02552062052252, 165.3923213060313, 21.431693401036767, 0.18749687499353712, 21.431693401036767, 160.90966115442802, 5.845358748399654, 4.56909775912999, 28.0, 0.0
18, 0 ,1.0,1.0,1.0,131.2629639236539,17.384637831528437,163.5579188552407,14.81738803078881,10.893145351839173,13.758902030691727,73.0,46.0,67.0,-0.997731759309873,-0.06569377266771335,-0.014685526790301074,14.833753501748568,-0.002643451700164586,0.25622928311654836,-0.9666124180025254,13.951967222085901,0.0672632784477143,-0.9643810879036682,-0.25582175174562993,10.62192809637848,74.16219721398801,66.9770578306319,52.0761608598356,22.0150017451439,6.546960131446567,92526.0,258670.92374181084, 0.0, 0.0,0.0,NaN, 190.1279380776769,190.1279380776769,3.814697265625E-6, 219.5549880549635, 6.971947095098521, 1.780032383688211, 6.971947095098521, 118.6606156562954, -20.164264900019173, 1.780032383688211, -20.164264900019173, 189.30738509017294, 6.551618140827866, 4.946884448503471, 23.0, 0.0
19, 0 ,1.0,1.0,1.0,231.96139248905206,52.612535940195514,27.10687840049542,14.845280568975117,12.449240944472631,14.903235402473882,77.0,63.0,63.0,0.691421363208527,-0.12350752226779618,0.7118162617151509,16.213930048423805,0.7220485744942444,0.08522551136794239,-0.6865729883143544,13.47138016331187,-0.024132023738011793,-0.9886771485957098,-0.1481051696429449,12.373470394639565,82.71827424985548,66.88443900947391,60.47532722043174,23.436389915980747,6.943198717650175,113035.0,334583.7010607232, 0.0, 0.0,3.552713678800501E-15,44.617115831736626, 90.17823410727463,90.17823410727463,0.0, 220.38235517159018, -7.6293616415888135, 39.967429710619115, -7.6293616415888135, 154.9836000935338, -11.312381533980293, 39.967429710619115, -11.312381533980293, 222.10642546155086, 6.413896899015673, 4.625460360173474, 22.0, 0.0
20, 0 ,1.0,1.0,1.0,288.2425911800435,209.829307568438,281.0125999378478,6.806263410702728,11.993435355762905,10.543683529909421,28.0,52.0,41.0,0.03436964455276394,0.9825621965644404,-0.18273001235642716,12.04384836674855,0.08816719675140999,-0.18510611847403913,-0.9787554701356582,10.515661568343399,-0.9955125679519645,0.017528684660819128,-0.09299178600148907,6.760440364832137,50.31240426649251,47.850800901644334,28.94449923995643,16.54823749235413,5.243358801792091,35397.0,69683.55888334497, 0.0, -2.8421709430404007E-14,0.0,10.715603653415686, 92.89516562699676,92.89516562699676,0.0, 46.32522161587074, 2.2963170864712525, -6.222340753914115, 2.2963170864712525, 143.84249163286367, -6.084043031203353, -6.222340753914115, -6.084043031203353, 111.1692623788832, 7.3541396088580555, 5.176451962659444, 11.0, 0.0
21, 0 ,1.0,1.0,1.0,193.13890244122803,64.3356101263078,285.0902766484162,13.47075148494015,12.332410797056744,8.412214058462114,64.0,66.0,36.0,-0.9338950037075026,-0.35619229198198105,0.031099408077747453,13.646508492533238,0.35652649955707144,-0.9211311220502376,0.15622519356381578,12.223182374007308,-0.026999577103070455,0.15698569082274133,0.987231743671749,8.287428166611258,65.65760847098719,66.14646914879327,38.74100823276427,19.140577915588313,6.160610688805609,55341.0,168252.93379229438, 0.0, 0.0,0.0,NaN, 125.62111586915005,125.62111586915005,0.0, 181.46114556901725, 12.590523571295643, 1.082290587514254, 12.590523571295643, 152.08835606736173, -12.918698762057467, 1.082290587514254, -12.918698762057467, 70.76534536538763, 5.952827585171947, 4.526267798996795, 20.0, 0.0
22, 0 ,1.0,1.0,1.0,129.24219805411897,139.41287883956716,14.828814322557756,13.311776466467382,14.299816714229083,9.378845344896822,67.0,68.0,38.0,0.0016717100399990265,0.9790946631117786,0.20339824495696573,14.482482055783144,0.9995907376886566,0.004172577439513033,-0.028301002182933663,13.314672242142079,0.02855805512616914,-0.20336231279060274,0.9786869812273319,9.09000040404198,71.50792179248118,66.88858345848487,40.91745108239368,20.708896301043957,6.386901028658527,73283.0,195710.77066253714, 0.0, 0.0,0.0,NaN, 190.68138419470537,190.68138419470537,0.0, 177.20339269319484, 0.6028384956473304, -2.6344394390387613, 0.6028384956473304, 204.48475806054546, 25.303120301330114, -2.6344394390387613, 25.303120301330114, 87.9627400034928, 6.960728866751615, 4.650617356191154, 16.0, 0.0
23, 0 ,1.0,1.0,1.0,72.65292040477647,217.608424940419,129.52703292864007,12.913022948201005,11.652525936947342,12.493542588293852,61.0,54.0,63.0,-0.7453797236453242,-0.3778570077179446,-0.5492113885352894,13.284697625648597,-0.6556118491214601,0.26626402308010544,0.7065950560998396,12.470836351699791,-0.1207566597333615,0.8867511216410372,-0.44619533547360496,11.252163279197392,66.83177367448738,62.7027314463419,60.15846199646856,20.60440023264731,5.837364116657448,80143.0,252096.12591147755, 0.0, 0.0,0.0,NaN, 169.8354225226244,169.8354225226244,1.9073486328125E-6, 166.74616166076578, 8.999500245095634, 7.023270253709658, 8.999500245095634, 135.78136071123052, 15.788869238318803, 7.023270253709658, 15.788869238318803, 156.08860640551225, 6.205911306882609, 4.496885132075795, 25.0, 0.0
24, 0 ,1.0,1.0,1.0,273.078596676937,9.96703400563295,178.35937470464813,14.577100745744632,6.342963902817216,14.572651238324562,61.0,26.0,63.0,0.7073764558975181,-0.0014582100390866954,0.7068354994377043,16.96282334991506,0.7059681828913988,0.05102377404269456,-0.7064032129226601,11.720526136756263,0.03503533055193756,-0.998696374333021,-0.03712246634040508,6.322903796125884,79.19586949877242,64.8749662830364,27.69997999386324,20.31269489362015,7.244421819343995,52903.0,142317.77058051768, 0.0, 0.0,-2.8421709430404007E-14,45.021977330170614, 124.98218051385032,124.98218051385032,0.0, 212.49186615158868, 3.252595743239106, 75.30980700485875, 3.252595743239106, 40.2331910724422, -3.7656891010924465, 75.30980700485875, -3.7656891010924465, 212.3621641138424, 5.972086198427541, 4.434330170174587, 12.0, 0.0
25, 0 ,1.0,1.0,1.0,122.01522751701899,231.03409769497193,239.42499701421235,13.419588841804673,12.476754763323711,11.775879677806916,61.0,63.0,54.0,0.845077904215185,0.44481627543345803,0.2966172903199964,13.757100675242732,-0.5339888330179179,0.7296737297361984,0.4271207959641256,12.53955463530289,0.02644356291110045,0.5193406678109969,-0.8541580701124322,11.310520184893583,69.21144330643091,62.57517783387544,54.3803391792063,20.949439469789578,5.96213906203282,83730.0,235516.81008332272, 0.0, 2.8421709430404007E-14,0.0,63.58841527821837, 152.6870734983966,152.6870734983966,0.0, 180.08536468308847, 11.632921598458255, 8.687712036389318, 11.632921598458255, 155.66940942412094, 17.227405153761094, 8.687712036389318, 17.227405153761094, 138.6713421861859, 5.9806763222197485, 4.398272014571613, 23.0, 0.0
26, 0 ,1.0,1.0,1.0,86.28848399080134,164.96617725101717,13.875411286042809,12.016357301312846,12.630762591622062,8.782258543679994,51.0,57.0,37.0,-0.3146366789228601,0.9488958522777148,0.024503506005105105,12.713188979748717,-0.9413275793340726,-0.30859882389630955,-0.13663511362336536,11.98421156483685,-0.12209073945819407,-0.06605624436768676,0.9903183447349585,8.706926593304923,61.01861657561034,54.03795574574991,38.78747357092302,18.71827033746932,5.539262328161321,56530.0,127894.7628631371, 0.0, 0.0,0.0,NaN, 160.84888185496146,160.84888185496146,NaN, 144.39284279281455, -5.922066488759657, 8.060106010033865, -5.922066488759657, 159.53616364591926, 4.8545690143094475, 8.060106010033865, 4.8545690143094475, 77.12806512804025, 7.0486326938353026, 4.81341614289649, 11.0, 0.0
27, 0 ,1.0,1.0,1.0,273.552231789674,219.81308689819645,196.9580357040485,13.91976285961149,11.381041577745565,13.31775873642473,60.0,59.0,66.0,-0.7815224337393075,-0.0019953163561338065,0.6238739490272279,14.919694706266942,0.6132532726408836,0.1813016960319828,0.7687978398845646,12.214498978362098,0.11464339997328911,-0.9834254998364468,0.1404677084386264,11.351622254250332,73.37196507701039,66.24436594810152,59.7013014983649,21.44805364570308,6.374291963416713,87217.0,290176.9404079681, 0.0, 0.0,-2.8421709430404007E-14,51.400414048549905, 133.2181364607367,133.2181364607367,0.0, 193.75979806781945, 2.4070592044585846, -36.11682162479591, 2.4070592044585846, 129.52810739437325, 2.7176456200902477, -36.11682162479591, 2.7176456200902477, 177.36269776161723, 5.793899506153146, 4.2500602730244825, 27.0, 0.0
28, 0 ,1.0,1.0,1.0,26.344437094592593,272.1639104722225,232.76842042907776,13.985359463944985,13.1693882776254,12.962395447283253,61.0,58.0,68.0,-0.8315199381473221,0.5548192790623614,0.027389049713255193,14.593440060852215,-0.24674110104155741,-0.324722614738717,-0.9130575296957204,13.074385478283741,-0.4976880765301433,-0.7659835449002623,0.406910048317505,12.374922796927635,72.2799446820039,67.57037943228704,67.53651870782505,22.287816158901208,6.348229165795549,101287.0,329847.22866547015, 0.0, 0.0,0.0,NaN, 77.38838761487824,77.38838761487824,0.0, 195.59027933575553, -26.175820634873475, 2.6477348178025273, -26.175820634873475, 173.4327876068573, 6.186950783776957, 2.6477348178025273, 6.186950783776957, 168.02369573174963, 6.4990183447886904, 4.599259756963299, 19.0, 0.0
29, 0 ,1.0,1.0,1.0,87.36824145082718,216.0119616070998,276.68784064052477,12.900918415827642,12.901045931793652,11.825591124416539,62.0,64.0,52.0,0.7387661475233497,0.6507967016936318,0.17518057066409318,13.21812390012278,0.6121471934734323,-0.7566867896804047,0.22956680039971594,12.669155293942143,-0.28195814014868953,0.06235988604746111,0.9573979589575274,11.725570017996995,62.66139835259855,66.23142964899715,57.08844152543901,20.896721529322665,6.003525370465501,82932.0,236925.82376205604, 0.0, 0.0,0.0,NaN, 123.4125479086259,123.4125479086259,0.0, 166.4336959718408, 7.237335461351286, 8.05294741087904, 7.237335461351286, 166.43698613424954, 0.2459082390947549, 8.05294741087904, 0.2459082390947549, 139.84460544187922, 5.652170355106921, 4.250516805171543, 18.0, 0.0
30, 0 ,1.0,1.0,1.0,260.8387151310228,256.00032604757877,221.08544861731676,11.629292867313428,13.022810281373369,12.7420723490201,57.0,64.0,62.0,-0.023272639560739994,-0.7467616583963623,0.6646844437753828,14.129524764997294,-0.7469810330293651,-0.4288919602075419,-0.5080069121219863,12.084856224452283,0.6644378981833131,-0.5083293342100638,-0.5478353470152274,11.023031702562532,68.30750154152065,59.52780634708978,57.953074951669265,20.796132356248275,5.891971400768805,82810.0,235648.54555053398, 0.0, 0.0,0.0,NaN, 98.47377295726366,98.47377295726366,0.0, 135.24045259374697, 9.218806360239832, 8.102224993755385, 9.218806360239832, 169.59358762464393, -33.437752772765, 8.102224993755385, -33.437752772765, 162.36040774766263, 5.8087082748654355, 4.330383653972353, 23.0, 0.0
31, 0 ,1.0,1.0,1.0,124.09185373370539,277.7557265420016,230.9549997917621,15.208842026592803,12.715960071655806,11.987723957746478,69.0,48.0,61.0,-0.9801060607637354,-0.18763930693470415,-0.06468075561754695,15.320109920157392,0.1289052380856931,-0.8496077786159143,0.5114196536205883,12.929749550286138,-0.15091570245757666,0.49290781390478644,0.856893422628124,11.611453424188536,72.92603950629498,62.99792356548002,60.886858020332966,22.21000748895136,6.589811026251511,96044.0,279725.7371822714, 0.0, 0.0,0.0,NaN, 143.73867927074159,143.73867927074159,0.0, 231.3088757898555, 14.825340265362428, 8.464620297333404, 14.825340265362428, 161.69564054394473, -12.84518293579499, 8.464620297333404, -12.84518293579499, 143.7055256871289, 5.972815591183017, 4.2938890693676885, 17.0, 0.0
32, 0 ,1.0,1.0,1.0,190.94256357006591,222.246106107073,25.547982420129916,14.054125174211135,10.92255233081825,13.244762658119415,71.0,53.0,59.0,0.9226477597732683,0.1082382564109243,0.3701426633535943,14.243457562054603,-0.3698561728445535,-0.023456571055295077,0.9287928728640782,13.07999257214614,-0.10921319880925094,0.9938482123158701,-0.018390434535381434,10.875754350495612,69.89724991637578,66.08211725275959,54.766267056249205,21.271377635625527,6.306569208721171,82822.0,252963.1018418146, 0.0, 0.0,0.0,NaN, 136.3520878531786,136.3520878531786,0.0, 197.51843441239518, 8.906156899753165, 10.750546381065035, 8.906156899753165, 119.3021494194632, 2.2387345672708405, 10.750546381065035, 2.2387345672708405, 175.42373786991448, 5.988522849681771, 4.342037556809485, 22.0, 0.0
33, 0 ,1.0,1.0,1.0,57.101573519946314,237.9756782295504,58.89351008613961,11.83261073392891,11.548591822537311,12.532439895926318,63.0,57.0,62.0,-0.5737850143280099,0.23487678390505345,0.7846041382219595,13.267444091498449,0.20934401283089454,-0.8841110325177747,0.41775922069083365,11.52459796595623,0.79179911696368,0.40395615920885913,0.4581196129972642,11.027296523233213,63.2253334208462,63.09621614067157,55.58768262154561,19.962128491059715,5.652974943840256,73021.0,221754.79178874183, 0.0, 0.0,0.0,NaN, 102.83993251555707,102.83993251555707,0.0, 140.01067678068964, -9.410355999350553, -23.520455270524252, -9.410355999350553, 133.36997308357564, 5.887263580517605, -23.520455270524252, 5.887263580517605, 157.06204974500565, 5.755630334236029, 4.291933357032299, 23.0, 0.0
34, 0 ,1.0,1.0,1.0,10.745721441491582,112.68816961179908,173.89312299986085,7.116996256992535,13.716661262005724,16.50327802672549,30.0,69.0,74.0,0.09310218602590792,-0.1052125782438105,0.9900819644536949,16.593713341532208,0.023907225161721137,0.9943506147626227,0.10341808113798083,13.682042815492457,-0.9953694929734709,0.014041663024203115,0.09509155670852548,6.971872019776456,72.77404456018569,67.80729467836727,32.85744820516282,21.134861260598857,8.029586354308888,57496.0,162138.72811925283, 0.0, 0.0,0.0,NaN, 169.46102362043007,169.46102362043007,0.0, 50.651635722045754, 1.0735362412081777, 21.243677095066918, 1.0735362412081777, 188.14679617660846, -9.367872508269864, 21.243677095066918, -9.367872508269864, 272.3581856274003, 7.446219140998848, 4.634581105185161, 20.0, 0.0
35, 0 ,1.0,1.0,1.0,89.40380037286677,17.775591567474546,219.06097805822458,13.025747094830303,10.470885558696065,12.240293772759868,61.0,42.0,58.0,-0.8094069547534406,0.045681702704086606,0.5854686700710954,13.836903383677202,0.5872465024862662,0.06060650488505068,0.8071359221861372,11.32588041419485,-0.0013881334263877206,-0.9971158576633279,0.07588174669785065,10.459391043430479,66.72398050027485,55.41603710236194,44.7845825312003,19.874612990407773,5.842438008804845,69730.0,165594.51303774214, 0.0, 0.0,0.0,NaN, 121.90215933106471,121.90215933106471,0.0, 169.67008737848005, -2.3623738959612797, -29.939953523382243, -2.3623738959612797, 109.63944438330978, 3.1181440506969818, -29.939953523382243, 3.1181440506969818, 149.824791643464, 6.363817535326896, 4.66865963176591, 20.0, 0.0
36, 0 ,1.0,1.0,1.0,129.1055587526909,62.94450838715178,247.27122365027603,12.642531989812896,13.217904690351732,13.297483359192112,60.0,60.0,60.0,0.6306808611273718,0.7677012843947691,-0.1134741792050448,14.340308158836914,-0.06252248982195692,-0.09548111992481163,-0.9934657991115581,13.283608118124478,-0.7735196116932651,0.6336545538986729,-0.012219519195710854,11.369740563370339,69.11471399665066,61.428983263304616,55.74104473760705,21.749868007432617,6.189743521659755,93834.0,236656.7775917554, 0.0, 0.0,0.0,NaN, 153.00516426671342,153.00516426671342,0.0, 159.83361511344245, 37.25974214490765, -2.5350029867209973, 37.25974214490765, 174.71300440322233, -2.1775447966944754, -2.5350029867209973, -2.1775447966944754, 176.82306368799112, 6.1964883644542805, 4.400132296557719, 28.0, 0.0
37, 0 ,1.0,1.0,1.0,201.5746622338544,184.29580533352197,86.49256560797906,12.311991485101808,12.512963925428664,11.206757669412836,64.0,58.0,56.0,-0.7886459774755603,0.2827241139271662,0.5459895581563037,13.089447295021428,0.313030178559839,0.9489328429146744,-0.0392245707263764,12.504534952578087,0.5291971556257767,-0.13997690895991288,0.8368732493248994,10.29824223447143,57.50152908826282,57.171795070061364,52.249061962038695,20.000736902629345,5.807007950833023,70685.0,171766.99577871352, 0.0, 0.0,0.0,NaN, 174.8026649775359,174.8026649775359,1.9073486328125E-6, 151.58513432921944, 0.3888008396737445, -28.726731484701272, 0.3888008396737445, 156.57426619907915, 8.204285855595554, -28.726731484701272, 8.204285855595554, 125.5914174609434, 5.658950648694343, 4.209558952254863, 23.0, 0.0
38, 0 ,1.0,1.0,1.0,71.37126048685549,259.6168998717249,137.28134998451853,11.858639627257416,10.969744659671765,12.055996621310683,64.0,49.0,60.0,-0.1077366783447665,0.3176653174507139,-0.9420623940207853,12.174049976356986,0.970775058696539,-0.17078312827512787,-0.16860874386962393,11.904493617351312,0.21444951282753605,0.9326960218557265,0.289981960236381,10.788198419023264,60.08397523686473,63.541094956111735,51.07665211118274,19.407344826722255,5.4465266929854845,67823.0,195000.5229200476, 0.0, 0.0,0.0,NaN, 159.90878854217092,159.90878854217092,0.0, 140.6273338091599, -5.288892245551407, -0.9165385283779205, -5.288892245551407, 120.3352978983972, -8.793708378459389, -0.9165385283779205, -8.793708378459389, 145.3470545330546, 5.967202319467423, 4.4189711007737555, 24.0, 0.0
39, 0 ,1.0,1.0,1.0,191.1618689931884,245.48535037790427,86.6153424465802,12.343653934594904,12.75421978157024,12.713741023643571,60.0,61.0,63.0,0.5242210738966382,0.3629755614085709,-0.7703512234706896,13.360340225436666,0.42500054910850826,-0.8954146444667835,-0.1326919279078066,12.739306662722084,0.7379476939052808,0.25783978803620866,0.6236600394167653,11.65703651549652,67.88776590413461,62.1100931669538,62.43084854469333,21.01966561239252,5.90328578448522,85736.0,263240.63839439256, 0.0, 2.8421709430404007E-14,0.0,68.7169517140149, 149.39813697504434,149.39813697504434,0.0, 152.36579245704027, -1.9396483687663604, -18.69726512169503, -1.9396483687663604, 162.67012223659762, -8.778058573843794, -18.69726512169503, -8.778058573843794, 161.63921081627748, 6.192300706445542, 4.406688732943046, 30.0, 0.0
40, 0 ,1.0,1.0,1.0,67.94437095825985,44.08374975504605,170.08307613168725,12.292808306418717,12.508754194594559,12.689673777466549,59.0,59.0,58.0,-0.562111289344219,0.4909597644462062,0.6655744947687718,13.06625514608689,0.150500442800144,-0.7305902007294252,0.6660237047696569,12.502734346984811,-0.8132530449428028,-0.4745486996010674,-0.3367833377680604,11.898088016305405,61.984338454672155,61.60042315997838,63.79697946716162,20.800303296224534,5.996438186353834,81648.0,243593.54911854403, 0.0, 0.0,0.0,NaN, 153.09546578780223,153.09546578780223,0.0, 151.11313605835701, -9.67034842999969, -9.431604793869736, -9.67034842999969, 156.46893150078697, 2.3503567192279626, -9.431604793869736, 2.3503567192279626, 161.02782057852215, 5.75318134772348, 4.171222896995299, 25.0, 0.0
41, 0 ,1.0,1.0,1.0,110.59052119240353,171.5153827284816,171.4886065817163,12.924944070693261,10.442404126259117,13.345251813520255,58.0,51.0,60.0,-0.6250985559468678,0.09049437888589057,0.7752822471482225,14.007695463248115,0.7570058833209867,-0.17180551265541535,0.6304164960076968,12.286660360306207,-0.19024691316957873,-0.9809656636250154,-0.038890600640513806,10.344862209440311,66.8236188302938,65.80172233901325,48.76043079468383,20.48295760454004,5.88576052040123,77457.0,214404.939426396, 0.0, 0.0,0.0,NaN, 212.72926101344146,212.72926101344146,0.0, 167.0541792305489, -10.761320552057894, -22.256256568776116, -10.761320552057894, 109.04380393611343, 1.4983774901915985, -22.256256568776116, 1.4983774901915985, 178.09574596626564, 5.872042833620255, 4.273795794779841, 22.0, 0.0
42, 0 ,1.0,1.0,1.0,221.85765804494758,191.48159824222014,233.82214420481955,12.32669466444705,12.940126054330898,12.624906973263471,59.0,63.0,63.0,0.047219765091476074,0.7778359255103531,-0.6266909659235238,13.67410240647444,-0.7971579186020279,-0.348717335506325,-0.49288484732993365,12.949984941611401,0.6019215452156441,-0.5228455727103583,-0.6035917167277808,11.139988919443566,70.21392766490055,66.62631840488575,54.911101058664,21.0056810701439,6.127307933784251,83742.0,256879.37482074756, 0.0, 2.8421709430404007E-14,0.0,38.937140391109615, 149.20448292169698,149.20448292169698,0.0, 151.9474013505074, 14.43041306688727, 15.271022413143353, 14.43041306688727, 167.44686230197334, -23.158165266895686, 15.271022413143353, -23.158165266895686, 159.38827608355663, 5.713863250119319, 4.23879713603152, 34.0, 0.0
43, 0 ,1.0,1.0,1.0,234.94974347913168,160.76791409247076,16.50555410048223,12.7118224640577,12.318300161294339,10.180926597937376,62.0,60.0,42.0,0.9684348341627543,0.17408757324710342,-0.1784026031791401,12.791623970439106,0.19029243684677793,-0.9786219117524999,0.0780252671690259,12.32863659108944,0.1610054671713801,0.10951105277010745,0.9808590973540027,10.067834504886992,66.20473404770473,61.790618081153156,46.148801604714734,19.55545537182777,5.8793180569312185,64907.0,188786.96837087718, 0.0, 0.0,0.0,NaN, 154.56242407440533,154.56242407440533,0.0, 161.590430357722, 1.06801940884095, -10.005698653831379, 1.06801940884095, 151.74051886374411, -5.800057513524686, -10.005698653831379, -5.800057513524686, 103.6512663925887, 5.851440013087701, 4.360187991579751, 18.0, 0.0
44, 0 ,1.0,1.0,1.0,23.629056667227175,59.66282159071801,105.51867047811221,11.716413266718254,14.111572019433405,13.341578424707087,52.0,71.0,70.0,-0.3313285594679695,-0.9434311105953446,0.012614485392407906,14.41716210029016,0.02290918045850153,0.005321565342398825,0.9997233869391206,13.342130976526166,0.9432372740363903,-0.33152589718322434,-0.019850046983781594,11.337614278937833,76.10608275339835,69.95772790527992,60.989195450029435,21.72789345452345,6.504395866464241,89205.0,324719.2007029486, 0.0, 7.105427357601002E-15,0.0,19.364011084950047, 123.49969400212014,123.49969400212014,0.0, 137.2743398365315, 24.79815891975662, 0.8015336149401835, 24.79815891975662, 199.13646485965577, -0.6807065675616752, 0.8015336149401835, -0.6807065675616752, 177.99771486260963, 5.464065243676869, 4.03815256025873, 23.0, 0.0
45, 0 ,1.0,1.0,1.0,112.54201092660871,212.0169550824878,150.96421939338484,11.26389023682803,12.870082625464029,11.653878032875973,53.0,61.0,56.0,-0.06401197574512071,0.918771190497158,0.38956638262771176,13.131932456373823,0.38379931503738984,-0.33767817682821677,0.8594600250568967,11.389368017003369,-0.921195176245532,-0.2045310450919525,0.3310083063241121,11.232175630447848,62.13216603292696,53.366278837518806,54.587920992843735,19.941338730887832,5.538062195275137,74314.0,181000.58123322058, 0.0, 0.0,0.0,NaN, 206.44220575595727,206.44220575595727,0.0, 126.8752232673098, -3.1830332611288137, 0.018734115427297245, -3.1830332611288137, 165.63902678627107, 15.53474558716195, 0.018734115427297245, 15.53474558716195, 135.81287320514915, 6.466624273390936, 4.382271072938747, 16.0, 0.0
46, 0 ,1.0,1.0,1.0,181.2637619140245,9.687998443882513,142.51590157556896,13.200084722992392,6.372563850293003,12.490986441312078,65.0,26.0,59.0,0.8331653821625111,-0.015235096583830978,0.552814017367576,13.737999667227758,-0.5520947029207603,0.03500907648042806,0.8330460993071301,11.903480457011854,0.03204504599520224,0.9992708623771982,-0.02075713446255316,6.360115340940546,67.66365173320779,56.0230389226157,26.899436624051546,18.18335064648518,6.34368254755863,41128.0,101968.32371492955, 0.0, 0.0,0.0,NaN, 185.74965343320397,185.74965343320397,0.0, 174.2422366941771, -3.8390246819499403, 21.733186629747046, -3.8390246819499403, 40.60957002606118, 1.7037796396056955, 21.733186629747046, 1.7037796396056955, 156.02474227704215, 5.548815585240255, 4.169210651685222, 16.0, 0.0
47, 0 ,1.0,1.0,1.0,285.01722961446603,288.5319430228591,246.00690890481064,8.455210024737656,7.007258734278045,10.142419981229336,34.0,26.0,46.0,-0.2890652233570856,0.24227122104514762,0.9261457510018665,10.479142982527073,0.9486684895360067,-0.057197183631850675,0.31105719594000075,8.27121601227992,-0.12833313526517592,-0.9685211085143564,0.21330135666500702,6.725732869891429,51.64372531040928,40.59128532774014,32.60901620977572,14.238814710131807,4.551603042633413,23448.0,68357.79772348753, 0.0, 0.0,-2.8421709430404007E-14,22.15823649531934, 57.194874117092,57.194874117092,0.0, 71.49057656242415, -5.7801051254364735, -10.448856669973651, -5.7801051254364735, 49.10167496911595, 14.077312573792847, -10.448856669973651, 14.077312573792847, 102.86868307564009, 7.79983460812927, 4.687579834392114, 7.0, 0.0
48, 0 ,1.0,1.0,1.0,9.392200958968049,212.2559935503034,284.19298171171556,6.061263050671499,11.434068448477401,8.809190067315662,24.0,53.0,35.0,-0.2003319259783761,-0.9793980315811591,-0.025428628919901403,11.609948245450424,0.1650878266981728,-0.05932895782079804,0.9844928055806055,8.888385823255174,-0.9657189699440873,0.1930273827695169,0.17357217689273202,5.593242341514797,54.839815856869876,38.543180227719176,27.652746142113884,14.843316725877752,4.975400413159549,23567.0,58449.634580231046, 0.0, 0.0,0.0,NaN, 89.64979606147578,89.64979606147578,0.0, 36.738909769435566, 19.84108506023449, 8.282949464870864, 19.84108506023449, 130.7379212844664, -0.20941395454581102, 8.282949464870864, -0.20941395454581102, 77.6018296420929, 7.581541712035877, 4.5050846963811, 9.0, 0.0
49, 0 ,1.0,1.0,1.0,20.996745642701526,259.6853894335512,15.00249183006536,12.608746047165038,16.040015797772718,9.666696630556325,50.0,74.0,37.0,0.415352420793656,-0.8984147022767759,0.14259519372609253,17.00103227824528,0.9074944481490669,0.3984292463296463,-0.13307126755167917,11.49229471952637,0.06273908765251812,0.18467581975483965,0.9807949064296816,9.41273982300136,79.8291650576171,57.42597116516967,43.69949705448834,21.35037581786046,7.3395544727210735,73440.0,200330.17671658503, 0.0, 0.0,0.0,NaN, 47.866542739369706,47.866542739369706,0.0, 158.98047688189996, -59.07553365911476, 6.621358871832335, -59.07553365911476, 257.28210679279834, -27.982631076611348, 6.621358871832335, -27.982631076611348, 93.445023747209, 7.533413593957611, 5.010987537448516, 10.0, 0.0
