// Sample: .//bubblelabels.tif, Map: .//bubblelabels.tif, Thickness:(8.191250068658265):/gpfs/home/mader/Foam/NewValid/InSilicoTest/LatticeData_Phi_6.65/out_Step_06000.vtk/distmap.tif, Neighbors:(1.0):
//LACUNA_NUMBER, TRIANGLES, SCALE_X, SCALE_Y, SCALE_Z, POS_X, POS_Y, POS_Z , STD_X, STD_Y, STD_Z,PROJ_X, PROJ_Y, PROJ_Z, PCA1_X, PCA1_Y, PCA1_Z, PCA1_S, PCA2_X, PCA2_Y, PCA2_Z, PCA2_S, PCA3_X, PCA3_Y, PCA3_Z, PCA3_S,PROJ_PCA1, PROJ_PCA2, PROJ_PCA3,OBJ_RADIUS, OBJ_RADIUS_STD, VOLUME, VOLUME_BOX, Mask_Grad_X,Mask_Grad_Y,Mask_Grad_Z,Mask_Angle, Mask_Distance_Mean,Mask_Distance_COV, Mask_Distance_STD, SHAPET_XX, SHAPET_XY, SHAPET_XZ, SHAPET_YX, SHAPET_YY, SHAPET_YZ, SHAPET_ZX, SHAPET_ZY, SHAPET_ZZ, Thickness, Thickness_STD, Neighbors, Neighbors_STD
1, 0 ,1.0,1.0,1.0,182.38372729104887,34.87834816073091,20.71614890737915,11.746294806603855,18.260869137494353,13.899108189344659,50.0,82.0,64.0,0.189075449407463,0.9703024293341944,0.1508763402907362,18.478231315141326,-0.4779253157491987,0.22515267777212408,-0.8490545708363338,14.859070707863843,-0.8578099247487141,0.08842775197980693,0.5063029386468176,10.118447359268282,94.33552259889342,77.56449328380147,56.34832751505907,24.395660135625633,8.334972006343097,104199.0,412305.615241895, 0.0, 0.0,0.0,NaN, 44.22658770615256,44.22658770615256,NaN, 137.97544168364868, 31.116873742946872, 54.86828570415612, 31.116873742946872, 333.45934165669377, 12.361768381174029, 54.86828570415612, 12.361768381174029, 193.18520845910777, 10.12441223727563, 7.034358417875683, 8.0, 0.0
2, 0 ,1.0,1.0,1.0,61.0274353825113,83.78389280335162,34.05032633346606,16.473988244899576,18.218465239973725,18.19943334328988,79.0,85.0,77.0,0.09402166775647876,0.710602625465395,0.6972831811208249,19.713394065688473,-0.5783935829663907,-0.5310745722460161,0.619209707528081,16.762272929412617,-0.8103214110311978,0.4615232468634685,-0.36107548162262526,16.27674534607059,99.96311703472708,89.018199203453,81.4099338943926,29.385397898474775,8.427486503017713,231052.0,724429.281670388, -7.105427357601002E-15, 0.0,0.0,84.60498653502258, 109.10322307826493,109.10322307826493,NaN, 271.39228869308937, 13.191103749457312, 2.3636236923813656, 13.191103749457312, 331.91247570013087, 56.00992371623089, 2.3636236923813656, 56.00992371623089, 331.2193740168515, 10.504802659466986, 6.654558677468618, 21.0, 0.0
3, 0 ,1.0,1.0,1.0,167.82224685883222,184.81229982754374,81.02930730064877,18.031125861184165,8.616732524282657,16.007764206833553,73.0,35.0,69.0,0.9406736844611757,0.061361489506122566,-0.3337181250214405,18.33578473800139,-0.33311833548277786,-0.020060582799724756,-0.9426716011331403,15.691684218451257,-0.06453831363941237,0.9979139946024033,0.0015701749123679177,8.555006636383117,80.1269815302658,70.99866619032285,36.61455025738667,24.313699722493027,8.028829299627963,97416.0,208296.83769840185, 0.0, 0.0,0.0,NaN, 88.49758570359607,88.49758570359607,0.0, 325.12149982186435, 16.337755438672865, -28.22647732181441, 16.337755438672865, 74.24807939503059, -2.1135349019426237, -28.22647732181441, -2.1135349019426237, 256.2485149015815, 10.918490801514702, 6.860255195895847, 13.0, 0.0
4, 0 ,1.0,1.0,1.0,14.23678858584266,113.91135897840138,142.459199117137,9.122051573344644,18.288457205822517,19.70756402725495,37.0,93.0,104.0,-0.04185140739313382,0.2315981982367959,0.9719108674527124,19.796120701468062,0.05469558528704506,-0.9707733697380173,0.23368238606622216,18.22803316923217,-0.9976256074546811,-0.0629391704820226,-0.02796083277932445,9.050965899758657,95.92220820035743,98.38871924700715,39.044843393460255,26.80376289036767,9.360868906314062,126860.0,368492.0821197085, 0.0, 0.0,0.0,NaN, 104.5221700330841,104.5221700330841,0.0, 83.21182490675947, -16.296786318399757, -9.40843356676393, -16.296786318399757, 334.4676669692015, 12.980645546840734, -9.40843356676393, 12.980645546840734, 388.3880798883533, 11.220474374803125, 6.9123837771533125, 18.0, 0.0
5, 0 ,1.0,1.0,1.0,58.196284283600775,148.5651175031296,184.90543558666212,18.984943267337215,22.237803729516735,8.749148362094815,95.0,96.0,39.0,0.1264909808290466,0.9907213054946394,0.04971243916670244,22.314942436488955,0.9911613394090731,-0.1242089927653714,-0.046597482518096145,18.938136825208414,0.03999038671628595,-0.05516720905763918,0.997675973457852,8.653663980322836,100.86927847480567,92.66981933067748,42.25915230101077,28.603290592630998,10.646471242241581,140592.0,395019.02404843003, -7.105427357601002E-15, 0.0,0.0,82.73313380278967, 79.12142893497911,79.12142893497911,0.0, 360.4280708640126, 18.0831912013743, -10.44561853056764, 18.0831912013743, 494.51991471250835, 22.479125677165847, -10.44561853056764, 22.479125677165847, 76.54759706194638, 9.165116301158498, 6.408686658618666, 15.0, 0.0
6, 0 ,1.0,1.0,1.0,185.6617540676075,175.37002660650572,137.71802008362044,9.117537318011902,14.672312992868848,16.338945276518714,37.0,61.0,78.0,0.050932530681354865,0.4508605904775236,0.8911400592907109,16.921863232001197,0.13296372837861653,-0.8874159266625261,0.4413769591192407,14.089306944327348,-0.9898113579132389,-0.0960088592784504,0.1051464440007381,8.9727009668826,78.57599310653791,72.34864895141388,43.091907274557514,22.551663930261878,7.535903531206912,81559.0,244971.75910156057, 0.0, 0.0,0.0,NaN, 68.49281647068044,68.49281647068044,0.0, 83.12948674533965, -9.196410892805563, 16.26770828537446, -9.196410892805563, 215.276768560708, 36.483905784725806, 16.26770828537446, 36.483905784725806, 266.96113274907316, 11.010770114483874, 6.864410239224953, 7.0, 0.0
7, 0 ,1.0,1.0,1.0,81.40771099292678,21.92525494644252,43.0205883297129,17.350517194083707,13.64915722102935,19.700313633477645,94.0,56.0,86.0,-0.33000286240685744,0.06408570463739056,0.9418020669251104,20.04520253576103,0.9396594987456832,0.11764568930012759,0.32124681820386813,17.02031364540608,0.09021162464057522,-0.9909856276708694,0.09904215531520419,13.562487814419608,95.67920676498335,90.19510532323508,62.07994268953389,28.232551800521048,8.85241864321913,186902.0,535737.2492603722, 0.0, 0.0,0.0,NaN, 94.65042648508788,94.65042648508788,0.0, 301.0404469021944, 7.082737063119683, -35.79116259804959, 7.082737063119683, 186.29949284437765, 17.14635808587487, -35.79116259804959, 17.14635808587487, 388.10235725738517, 9.570656473552168, 6.185463811916226, 14.0, 0.0
8, 0 ,1.0,1.0,1.0,51.8046759225955,183.23982447305949,121.80641680454643,14.675238023276885,9.684300457929757,12.597217283609908,62.0,36.0,58.0,-0.9707651210461017,0.02521681321246155,0.2387031463800926,14.804843712504985,-0.2344370524603927,0.11384428821092352,-0.96544225434535,12.480556167284645,0.05152036678859431,0.9931785289529557,0.10460430886351069,9.637971264396112,63.253609767119116,62.33736817574406,41.170397473914136,20.670695122300256,6.3687151648263685,69505.0,162337.49405059923, 0.0, 0.0,0.0,NaN, 95.28307501378889,95.28307501378889,0.0, 215.36261103983165, -4.769658915959221, -15.034617444234096, -4.769658915959221, 93.78567535945848, -6.150264897704991, -15.034617444234096, -6.150264897704991, 158.6898832904802, 10.911893020972581, 6.5633837360724065, 9.0, 0.0
9, 0 ,1.0,1.0,1.0,169.7387072982065,95.32492939250571,16.575446581158143,16.115152954096132,15.823309808539875,10.413275480382858,68.0,76.0,41.0,0.8063540603211592,0.5776575610028252,0.12690497082402621,16.521742719293673,0.5807559423326473,-0.8139422061549997,0.01485329878684226,15.48646225022571,-0.11187343227459728,-0.061723798131670844,0.9918036639856203,10.281687543934156,80.1380117629864,71.48164176814741,44.49466345633707,23.78340498885369,7.270573663576986,111178.0,254883.0810351401, 0.0, 0.0,0.0,NaN, 101.37718396678146,101.37718396678146,NaN, 259.69815473391327, 14.509203249314515, 18.272164665515067, 14.509203249314515, 250.37713329703422, 10.639613882743642, 18.272164665515067, 10.639613882743642, 108.43630623034285, 9.620421640807473, 6.0856888764267545, 12.0, 0.0
10, 0 ,1.0,1.0,1.0,88.06072036908054,179.47297064320145,79.34441310539346,16.303130697552987,11.811823017920625,18.835321743688137,83.0,53.0,88.0,0.5318452875770767,-0.11280142566815199,0.8392951974420494,20.479177033354656,0.846813982515424,0.07883594945933514,-0.5260142318314323,14.325182093481368,0.0068314784946808,-0.9904850990499944,-0.13745035271507736,11.639288842603099,90.71406996794312,72.61618119447297,58.15850062494658,26.2875629695917,8.309308747140578,145009.0,383108.0344648277, 0.0, 0.0,0.0,NaN, 120.29790229748644,120.29790229748644,1.9073486328125E-6, 265.7920705414946, -12.377752460284473, 95.67273371035944, -12.377752460284473, 139.51916300667952, -29.77204568567091, 95.67273371035944, -29.77204568567091, 354.7693451882512, 10.188446076149688, 6.234810717003067, 16.0, 0.0
11, 0 ,1.0,1.0,1.0,157.8481980591846,181.43759786944645,182.58921693012837,19.832705345792096,11.535809285832912,10.627476111066228,79.0,54.0,43.0,-0.9913700975789154,-0.003858068610084328,-0.1310360444037144,19.95907287455619,-0.0733120163485992,-0.8123320946344491,0.5785688518108383,12.642046164294591,-0.10867694274902584,0.5831823757054125,0.8050389051352212,9.009352056136004,81.96795660898789,69.11095381986928,50.01513415034992,23.81619280457663,8.493721563521266,87489.0,283329.91639672505, 0.0, 0.0,0.0,NaN, 49.2389332421026,49.2389332421026,0.0, 393.33620133301037, 5.897275512397234, 37.86929088284223, 5.897275512397234, 133.07489587910882, -36.80572609322339, 37.86929088284223, -36.80572609322339, 112.94324849128334, 10.037959177649054, 6.544513488616431, 9.0, 0.0
12, 0 ,1.0,1.0,1.0,21.641482902725578,45.08508555208032,57.31252135516598,12.484978381759158,16.83278731847333,17.080035103862578,54.0,85.0,83.0,-0.2679555400922347,0.6136242807406082,0.7427415907430055,17.325248896399533,0.0997777380452046,-0.7491131797919759,0.6548846057532101,16.95927016255246,-0.9582506099786534,-0.24958903410912586,-0.13950298393945668,11.965112597986396,80.09971155991221,77.29912678998124,63.61663033178379,25.916937809038064,7.697879438738536,152188.0,393891.1305078219, 0.0, 0.0,0.0,NaN, 76.0640771031485,76.0640771031485,0.0, 155.8746851929935, -36.61173392190782, -21.80750262714187, -36.61173392190782, 283.3427289089565, 0.6890369869631503, -21.80750262714187, 0.6890369869631503, 291.72759914917793, 10.987126189920337, 6.2610534586384645, 13.0, 0.0
13, 0 ,1.0,1.0,1.0,133.4748343801084,117.86971455800501,117.1893857669475,13.171095375042366,16.601792544392023,17.677246668562532,68.0,84.0,87.0,0.14380153293137465,0.23593003768429846,0.9610713482592601,17.719571843463452,-0.3687216590631324,-0.8884619525042861,0.27327586261871406,17.250248074254696,-0.9183493111361919,0.393665309965911,0.0407696758035368,12.248593139936828,86.31686767512568,83.05720608761285,65.1670115013877,26.469848659027136,7.805730639399491,151099.0,467197.8065564863, 0.0, 0.0,-1.4210854715202004E-14,16.039519383484084, 134.27054508414352,134.27054508414352,0.0, 173.4777533784624, 53.89690593324086, 7.792348985624277, 53.89690593324086, 275.61951568703057, 1.3533792295655216, 7.792348985624277, 1.3533792295655216, 312.4850497812051, 9.36454593992682, 6.213183969464253, 26.0, 0.0
14, 0 ,1.0,1.0,1.0,77.99784254352763,90.51591326916838,159.08800151400453,14.061686108605079,18.245305599534767,18.152054250476894,76.0,96.0,84.0,0.1717354214708841,0.8253955363794621,0.5378002914996222,18.502237606918335,0.04895600918747488,0.5380859585918741,-0.8414670583752523,18.02152043624905,-0.9839259393758527,0.17083825593562083,0.0520003474240465,13.892849630389112,89.94342244499279,96.85405098024347,76.0714237894571,28.0542133696921,8.548706238829464,184940.0,662687.4466501581, 0.0, 0.0,0.0,NaN, 126.29562785985362,126.29562785985362,NaN, 197.73101621693704, 24.637270733180177, 8.36324274145188, 24.637270733180177, 332.89117642041475, 6.623237328563561, 8.36324274145188, 6.623237328563561, 329.49707351225624, 9.81025888529261, 6.310911159770033, 22.0, 0.0
15, 0 ,1.0,1.0,1.0,119.39088419070444,50.505965933407516,14.151202602071386,16.883541692155198,18.526837260947218,9.315841410739132,79.0,93.0,39.0,-0.5536354194955663,0.8322100738296885,0.03023599339120187,19.760703668236808,-0.8317473124842168,-0.5508088069045616,-0.06932579903365989,15.454010490059458,-0.041039376886722136,-0.06352992407328832,0.9971357572025943,9.261248860908115,98.17595660759571,71.46710077345874,42.341400978045314,25.369552480119467,8.453897746772935,116830.0,297082.13043342705, 0.0, 0.0,0.0,NaN, 96.17140261797067,96.17140261797067,0.0, 285.0539800707428, -70.27455230917482, 3.724591549869092, -70.27455230917482, 343.24369889362225, 13.511915704753523, 3.724591549869092, 13.511915704753523, 86.78490119004206, 9.506231472138507, 5.886389069434956, 8.0, 0.0
16, 0 ,1.0,1.0,1.0,15.48766416911199,97.80587447651064,23.150408820261532,9.416540332490532,13.255780347465244,14.569074258494414,38.0,60.0,57.0,-0.05823225147203179,0.25852482124643195,0.96424785283038,14.717819943392215,0.32346140542012697,0.9186665404364496,-0.22676972171381563,13.523994495843388,0.9444478408531276,-0.29869165418877297,0.1371188230179951,8.782494986817552,63.777567349068654,65.38290015662116,43.84102780065051,20.868450925926446,6.415031188965665,70202.0,182815.4339205875, 0.0, 0.0,3.552713678800501E-15,15.367073690658927, 101.69463236609586,101.69463236609586,0.0, 88.67123183342089, 29.32893489212067, -15.590043673423358, 29.32893489212067, 175.71571262024577, 12.736528466461465, -15.590043673423358, 12.736528466461465, 212.25792474952456, 11.003868393872743, 6.521443582508749, 6.0, 0.0
17, 0 ,1.0,1.0,1.0,186.59566468742707,28.000311146835376,172.09294215261752,7.930218834363495,15.518853271504884,15.068260125711825,32.0,72.0,59.0,0.011783250150347866,0.7884775663589891,0.614950634087404,16.20441259694724,-0.04753011470037349,-0.6138565157808009,0.7879854479811315,14.340689579085142,-0.9988003019685484,0.03851370382163726,-0.030243204285847956,7.908051316457459,80.65738722406333,73.62787140784505,33.64769624957367,21.891859446754047,7.177891807699421,77134.0,199821.27674477774, 0.0, 3.552713678800501E-15,0.0,37.95653553887703, 41.74323307062637,41.74323307062637,0.0, 62.8883707608935, 6.0343001017385065, -3.9106531509342632, 6.0343001017385065, 240.83480686249786, 27.76946313413435, -3.9106531509342632, 27.76946313413435, 227.05246321611693, 8.835710633944945, 5.640497898886154, 9.0, 0.0
18, 0 ,1.0,1.0,1.0,23.842261756283488,176.24834618800077,46.520409486844336,15.171342553488234,12.426727730595568,13.188467820405247,65.0,55.0,72.0,-0.9690738247275975,-0.16167421688280464,-0.18643328518040297,15.339223662893534,-0.09908416474246169,-0.4369900702315846,0.8939921738003547,13.305137162919607,-0.22600497898301766,0.8848170014835424,0.4074562839870786,12.09175020049303,70.99479060885078,71.45836180207334,64.51161048922017,22.623776933496465,6.833271374595826,100223.0,327278.459455875, 0.0, 0.0,0.0,NaN, 57.417270949461475,57.417270949461475,6.743495761743046E-7, 230.16963487528287, 15.291061980644152, 13.36439892616995, 15.291061980644152, 154.42356209035287, -9.353810922917084, 13.36439892616995, -9.353810922917084, 173.9356834498647, 10.263241376281147, 6.136808009546798, 8.0, 0.0
19, 0 ,1.0,1.0,1.0,108.74534888641269,73.06933297600744,62.775258473560235,13.375204000152811,15.942122994753287,15.837401078763088,62.0,79.0,69.0,-0.32715662800994183,0.6730328592514965,0.6633214236830581,17.721713222120027,-0.06486821523597659,-0.7162889207827285,0.6947821936520918,14.398869095900682,-0.9427410330526953,-0.18427412279446195,-0.2779971083789688,12.74692471881763,91.35454604206403,70.76827495920332,62.45611353859914,25.108419388258408,7.310124238239983,141794.0,403779.0009349747, 0.0, 0.0,-7.105427357601002E-15,48.4463218984863, 132.69239559162193,132.69239559162193,0.0, 178.89608204570376, -31.29125721047711, -34.91435439466157, -31.29125721047711, 254.15128557984153, 45.351766886795644, -34.91435439466157, 45.351766886795644, 250.82327292960625, 9.206355710196242, 5.657163196064013, 12.0, 0.0
20, 0 ,1.0,1.0,1.0,141.32357743710386,40.246260282771374,86.26365683596319,15.2758867354451,12.566234239341918,16.650113997361597,88.0,65.0,86.0,-0.3754386918579758,-0.012916298591984593,0.926757227048516,16.898063706754975,0.8773667168375622,0.31738476567806756,0.3598535183948534,15.2817031245744,0.29878660084021313,-0.9482088798076936,0.1078261907524807,12.223512065364716,76.64076307355846,78.15214450527179,62.60980384217656,24.765711571973764,7.426222792997034,129221.0,375010.1849041753, 0.0, 0.0,0.0,NaN, 111.82174440707382,111.82174440707382,0.0, 233.35271555414755, 24.08336972161244, -20.807788852292706, 24.08336972161244, 157.91024295800915, 7.977564886248894, -20.807788852292706, 7.977564886248894, 277.2262961251366, 8.918326655641122, 5.681800499567669, 15.0, 0.0
21, 0 ,1.0,1.0,1.0,57.48450975438213,80.08456301597165,92.28968841970132,14.895214336276487,16.59827912123713,13.945372053055518,70.0,76.0,63.0,0.3734469994520847,0.9135835287389799,0.16094245747181898,17.040404205374838,-0.8695502996595171,0.2843128962293011,0.40379258710351673,14.628021680286567,0.32314024039459865,-0.2907426921773622,0.900582629181343,13.692672779511122,85.27231754625885,70.14879562760068,73.69942657102322,25.285483984811147,7.244858953907957,146447.0,440851.5726202132, 0.0, 0.0,0.0,NaN, 135.03848593555225,135.03848593555225,0.0, 221.86741012361657, 28.55325702268894, -3.1172085588636604, 28.55325702268894, 275.5028697864965, 18.168904099165402, -3.1172085588636604, 18.168904099165402, 194.47340169814188, 8.777279465623609, 5.509074830324714, 11.0, 0.0
22, 0 ,1.0,1.0,1.0,117.42110784263382,150.96161210102773,159.58861934139776,16.448101765100247,12.93441025767693,15.415906790583682,77.0,68.0,77.0,0.9275676754724923,0.3543085918200281,-0.11867446726682912,16.988411697057067,-0.12232799465329086,-0.01215567983399915,-0.9924152866476199,15.395232146867794,-0.3530638315413542,0.9350495501363986,0.03206664383836496,12.242136158379344,84.57235541408633,79.56003789335028,63.96657723360882,24.926519138181572,7.359201466118035,136319.0,430404.2195435251, 0.0, 0.0,2.8421709430404007E-14,83.18439150143165, 104.1974884745426,104.1974884745426,0.0, 270.5400516750939, 45.72457733214353, -4.692681821997817, 45.72457733214353, 167.2989687138982, -4.782244257854459, -4.692681821997817, -4.782244257854459, 237.65018217596406, 9.150332595954703, 5.780166669888263, 16.0, 0.0
23, 0 ,1.0,1.0,1.0,183.80775175880848,20.377259003510392,114.8312410614969,10.262592139839187,11.497460434850241,15.875378072335609,42.0,43.0,81.0,-0.23208924621378466,-0.3176182739506705,0.9193765354002208,16.644700293329795,-0.2282391174455904,-0.9010138076163079,-0.36889161518313235,10.87539755629321,-0.9455376708833843,0.2954534659423701,-0.13662270090678813,9.706683416957036,91.67843548069841,53.78993646144434,47.19744113123966,20.88102447988016,7.315930527950448,69223.0,232748.38600816153, 2.8421709430404007E-14, 0.0,0.0,76.57989432554238, 89.05694294509198,89.05694294509198,9.5367431640625E-7, 105.32079742868905, 18.423927925959607, -36.98572503291692, 18.423927925959607, 132.1915964509467, -45.3920930950828, -36.98572503291692, -45.3920930950828, 252.02762893959428, 9.196769597464563, 5.829206944812269, 8.0, 0.0
24, 0 ,1.0,1.0,1.0,174.8174060091238,61.17431571495989,113.79497994336951,14.3372266755834,11.948974623661726,14.820828255549705,62.0,57.0,75.0,-0.6256431875366009,0.004012798236458788,0.7800990317513253,15.645795607783235,-0.7313749237732754,0.3448860891844601,-0.5883402980951454,13.649165119792634,0.27140619514793224,0.938635969339212,0.21284077217009043,11.70044378716378,83.60476789368404,73.45663367686399,60.20698009423637,22.82197455535663,6.86647587042606,101712.0,369750.62051599805, 0.0, 0.0,-1.4210854715202004E-14,38.73035645002206, 108.66354230498364,108.66354230498364,0.0, 205.55606874706024, -12.731404441381184, -31.401050343044147, -12.731404441381184, 142.7779945569119, -9.685897380799869, -31.401050343044147, -9.685897380799869, 219.6569501805005, 9.586475520236958, 5.631389471546815, 10.0, 0.0
25, 0 ,1.0,1.0,1.0,98.34198129309756,184.74370178193487,141.7754352427118,13.107507777429905,9.233824329187266,14.991640012585357,62.0,37.0,63.0,-0.3138108940603106,0.04845305339916356,0.9482483980399686,15.246826072626488,-0.9190084811790918,-0.2665022319306409,-0.290516732559221,13.078134946711197,0.23863389174626393,-0.9626156356471076,0.12816007068407748,8.849645369805206,69.92922475271399,65.91775720834204,42.28981484117671,20.964762046174723,6.503713899912516,73235.0,194938.185695853, 0.0, 0.0,0.0,NaN, 115.29960911098587,115.29960911098587,0.0, 171.80676013538545, 20.36526235913754, -21.114928321891306, 20.36526235913754, 85.26351174229066, 14.261281074700754, -21.114928321891306, 14.261281074700754, 224.74927026695028, 9.475807264073843, 5.603636383395487, 7.0, 0.0
26, 0 ,1.0,1.0,1.0,175.59069454565838,150.21299400190594,92.64620214137564,14.423397956641534,11.046196123165615,13.845330220350062,60.0,51.0,66.0,-0.7792989496978565,-0.10503854383509717,0.6177864123698582,15.239417309889122,-0.6249794125200963,0.20226437827782542,-0.7539826624040635,13.072065433267731,0.04575894367064521,0.9736816859676919,0.2232713449712246,10.891615659811348,74.82935854677677,65.55189831300945,52.49626728304145,21.866853269313488,6.602026538566245,89195.0,257505.03162252056, 0.0, 0.0,0.0,NaN, 107.97165799522688,107.97165799522688,0.0, 208.03440861565116, 2.694736084103208, -30.075468941338542, 2.694736084103208, 122.01844879143906, -15.34104544292672, -30.075468941338542, -15.34104544292672, 191.6931689105387, 9.422474971635305, 5.541739350140396, 8.0, 0.0
27, 0 ,1.0,1.0,1.0,20.264267954887075,75.28513220960683,175.50067593756796,11.734579778682699,15.79710785917306,14.216122388037283,48.0,75.0,58.0,-0.00432570812834078,0.8569795539879631,0.5153322542746385,16.626499970643838,0.03936142056860831,-0.5147917848912766,0.8564111727314603,13.238849865831325,-0.9992156758278015,-0.02398879436415938,0.03150509363491132,11.73198482800031,83.5720760187696,68.41370350737708,49.082626292090445,23.176818942555883,7.223723330264137,105779.0,280628.700060354, 0.0, 0.0,0.0,NaN, 81.72336610224463,81.72336610224463,NaN, 137.7003625822689, -1.276988681943915, 0.9590004144615932, -1.276988681943915, 249.54861671434728, 44.709546441608985, 0.9590004144615932, 44.709546441608985, 202.09813575165487, 8.438987475616548, 5.158341923878094, 7.0, 0.0
28, 0 ,1.0,1.0,1.0,49.648446544595394,13.246272888363851,119.49006497341996,15.99428320814176,8.392853363743425,15.917253598972133,69.0,34.0,73.0,-0.7367575691812804,0.08876798043335843,0.6703048037302685,16.670401601047637,0.6682508466725763,-0.055563121745627636,0.7418581706925291,15.27859405745882,-0.10309747899670559,-0.9945013751381462,0.018382727568574272,8.263069596022321,82.87419169042317,81.65715256141054,38.028088529344615,22.805841253758125,7.714249786591398,84650.0,257346.36221862474, 0.0, 0.0,0.0,NaN, 95.51063620198899,95.51063620198899,0.0, 255.81709534224547, -19.841809392974035, -21.64704260432404, -19.841809392974035, 70.43998758529932, 5.665193331354093, -21.64704260432404, 5.665193331354093, 253.3589621339913, 8.540779102881913, 5.673720400605689, 8.0, 0.0
29, 0 ,1.0,1.0,1.0,88.46569136385088,33.905151801164074,107.55682711971056,12.977047217645797,14.516331254736995,16.492089242503354,67.0,68.0,78.0,-0.33755782407868584,0.4645959646782005,0.8186606775752672,17.68518186596312,0.2613756049662195,-0.7892450964251659,0.5556752386937659,13.857754820843834,-0.9042883989811028,-0.4015504543311624,-0.14498180608142253,12.096016239330462,82.56561922240158,66.58532184111777,64.43384725832107,24.44163718718525,7.329597995714946,127140.0,354235.27704502083, 0.0, 0.0,0.0,NaN, 132.3687201695294,132.3687201695294,1.9073486328125E-6, 168.40375448900855, -35.53667003180213, -39.357327513794374, -35.53667003180213, 210.72387309725414, 43.25665233786786, -39.357327513794374, 43.25665233786786, 271.9890075826949, 8.260607326499073, 5.1536000278796354, 11.0, 0.0
30, 0 ,1.0,1.0,1.0,104.28524092689076,162.11127598094453,18.324244418908215,11.646847666237038,17.867006687353012,11.0955834950355,55.0,84.0,44.0,-0.08367182206200306,0.996160885155905,-0.025739407107170185,17.910857963967462,-0.7668625483200959,-0.04787476283286039,0.6400233113470994,12.639509466485613,0.6363339203412257,0.07329050394902145,0.7679242435644712,9.870913284137217,84.55287918230421,68.4486192911493,53.70319639403748,22.77010684495708,7.714479625417402,89633.0,310808.7440728188, 0.0, 0.0,0.0,NaN, 104.55930587824017,104.55930587824017,NaN, 135.64906056053115, -16.329454475525424, -30.10733722020049, -16.329454475525424, 319.2299279659173, -7.636796869838176, -30.10733722020049, -7.636796869838176, 123.11197309530421, 8.03391343846736, 5.229662991592388, 12.0, 0.0
31, 0 ,1.0,1.0,1.0,153.51703402257561,89.42767502927101,68.74917870661923,10.7113812142289,12.731778168618366,14.988552325815897,52.0,62.0,69.0,-0.09346268068152706,-0.2582084704979666,0.9615576493809006,15.208787150127051,0.2857719587592842,-0.9321041479474215,-0.22252245946441618,12.676495662341738,0.9537290573882629,0.2539886673501618,0.16090569272397956,10.463642521604296,69.35247551343252,65.45274697677635,48.19683807974934,21.513306216194568,6.2182167317675,87971.0,218780.39060578585, 0.0, 0.0,0.0,NaN, 122.00174080739161,122.00174080739161,0.0, 114.7336875165358, -10.699780280221546, -14.204085940729005, -10.699780280221546, 162.0981753349072, -19.624812159451796, -14.204085940729005, -19.624812159451796, 224.65670082372114, 8.053629927923165, 5.080966715894569, 9.0, 0.0
32, 0 ,1.0,1.0,1.0,152.95489348403564,49.629668211886035,157.57542059482265,12.303680890457208,11.453024784152516,12.571138353591069,55.0,56.0,57.0,0.6709043562722388,-0.17263907384190605,0.7211678687503633,12.932393204252527,0.551936405095535,-0.533230842597203,-0.6411170511172622,12.354407311130435,-0.4952308042369236,-0.8281670234234668,0.2624611054018559,10.986704950394902,59.72144801786362,59.34283644419354,56.2180495497215,20.22714783890502,5.607882841929865,76796.0,199239.02318111403, 0.0, 0.0,0.0,NaN, 80.4747845702399,80.4747845702399,0.0, 151.38056345420188, -14.785806934137476, 11.220848181421726, -14.785806934137476, 131.17177670641178, 5.119341654731683, 11.220848181421726, 5.119341654731683, 158.03351950512837, 8.196033781969776, 5.03586499458768, 13.0, 0.0
33, 0 ,1.0,1.0,1.0,120.5487143979441,79.16918549686422,178.7723865194871,12.580720329905821,12.02278339913456,12.689621743071502,59.0,55.0,52.0,0.4807984737832941,0.4128351008939773,-0.7735631888071688,13.922321576595698,0.7598312285658025,-0.6364538427018142,0.13260094345922904,12.651676723789075,0.4375949402173641,0.6515317993620533,0.6196910381119025,10.485818168299314,68.74750811059229,59.60668080194027,58.13586780286448,20.633270145186003,6.17385679942881,75101.0,238229.78531498808, 0.0, 0.0,0.0,NaN, 114.1528724567823,114.1528724567823,NaN, 158.27452401930563, -7.585184819646127, -26.1477646913033, -7.585184819646127, 144.5473206625056, -31.016204086718503, -26.1477646913033, -31.016204086718503, 161.02649998223302, 8.485927317853559, 5.083249604083867, 10.0, 0.0
34, 0 ,1.0,1.0,1.0,48.66715110569936,31.524804587768568,11.030558937900153,12.644051833184893,13.45358329838652,7.497900841777243,59.0,59.0,31.0,-0.5765964709415736,0.8137541892494019,0.07307960848808862,14.187166314967016,0.8075509123296981,0.5812079761808279,-0.10029363100046931,11.884896986393493,0.1240888137311148,-0.0011865508144660933,0.9922704058894278,7.3866773947624775,70.57987953788731,58.93262305526753,33.85904327340673,18.92662137056116,6.23477913445541,50918.0,140835.24932254947, -7.105427357601002E-15, 0.0,0.0,54.788489137961186, 59.025233006947616,59.025233006947616,NaN, 159.87204676026624, -28.151392667553726, -13.203132234582315, -28.151392667553726, 180.9989035666247, 3.6716761078880418, -13.203132234582315, 3.6716761078880418, 56.21851703312389, 8.077844228487068, 4.877273380339458, 2.0, 0.0
35, 0 ,1.0,1.0,1.0,50.25624895618772,25.073484384568278,169.4358588951363,14.546320364279726,12.66259282542152,14.224768914283386,64.0,52.0,60.0,-0.7660903211987988,-0.08283064460137667,0.637373284724456,15.50619597500147,0.49851631797947604,0.5493616347064367,0.6705842788351494,13.605178086799134,0.4056933576899028,-0.8314691086430042,0.37956820322400636,12.1958090948804,75.78623158916132,77.03566536737617,63.757694851061444,22.995093775734418,6.745843617562879,107778.0,372232.9013886385, 0.0, 0.0,0.0,NaN, 63.9416679467116,63.9416679467116,9.5367431640625E-7, 211.59543614025907, 15.777779400870227, -32.62182032479614, 15.777779400870227, 160.34125706241656, 8.5544823391651, -32.62182032479614, 8.5544823391651, 202.34405066476293, 8.053402411586317, 4.791216602862933, 8.0, 0.0
36, 0 ,1.0,1.0,1.0,114.5278282234804,154.8685122163383,61.55393959741786,10.040561294575948,12.331292943140424,13.911869564130079,51.0,55.0,60.0,0.15034403993018086,-0.4310519718610003,0.8897139243668243,14.583615360236626,-0.39581346934942824,-0.8509125473523959,-0.34536869319587454,12.012556701434217,0.9059405980190101,-0.3002366305316524,-0.2985458064484553,9.456765623010256,62.431961342365966,55.692463895095614,47.92011579451262,20.250486510735943,6.027567304272957,65527.0,166617.75157816368, 0.0, 0.0,0.0,NaN, 114.59158266523875,114.59158266523875,0.0, 100.81287111013663, 10.49328930018931, 23.987469152320436, 10.49328930018931, 152.0607856495448, -31.1430747085723, 23.987469152320436, -31.1430747085723, 193.54011476936884, 8.01577957128073, 5.007525993851856, 8.0, 0.0
37, 0 ,1.0,1.0,1.0,35.18994482801453,54.31509103895163,128.08735391845312,14.423960023312333,13.048417877771083,12.358347996648197,70.0,63.0,61.0,-0.9259806323532163,-0.1971798028830289,-0.32199377919728284,14.640179588990335,-0.3305050554471612,0.8356256902586441,0.438743790957358,13.44258696307025,0.1825548597835939,0.51268882483898,-0.838942126761207,11.662015023816048,73.22301299677667,65.42004884972371,53.53702658663586,22.132513663401237,6.418133374485001,96607.0,256455.9068846999, 0.0, 0.0,0.0,NaN, 96.74652447513621,96.74652447513621,0.0, 208.0506227541123, 1.956939760423599, 16.873653623407506, 1.956939760423599, 170.26120911293603, 21.361733070297518, 16.873653623407506, 21.361733070297518, 152.72876520625852, 8.344901007465134, 4.943171714251822, 6.0, 0.0
38, 0 ,1.0,1.0,1.0,59.92028252980819,141.90172369103163,86.26876620010368,12.128284753232032,13.920871587987445,10.768464513330398,61.0,59.0,52.0,-0.4799986991254166,0.8772534797291753,-0.0052517750296451355,14.619094770619544,0.8417630305947096,0.46224912044190103,0.27885614745725007,11.322690399118837,0.24705515408895673,0.12942983795764976,-0.960318524180565,10.72028614417168,65.85390896576104,55.851594567063785,56.103052015792585,20.533293039236042,5.935458007971803,77160.0,206349.5961922352, 7.105427357601002E-15, 0.0,0.0,61.31468294800396, 120.03395348905835,120.03395348905835,NaN, 147.09529105548057, -36.43314538072125, 3.365982126708614, -36.43314538072125, 193.7906657692361, 1.2564937026358836, 3.365982126708614, 1.2564937026358836, 115.9598279748561, 7.276922162765122, 4.590578401435375, 10.0, 0.0
39, 0 ,1.0,1.0,1.0,170.0256590074667,151.2250869738597,167.4594969954485,12.133146147293978,11.450764641776251,13.449947317895104,53.0,59.0,62.0,0.5126725084864445,-0.20090539995589252,0.8347478177933613,14.361170132766333,0.5855761426553139,0.7928431833019741,-0.16882022344647152,11.455097036906071,-0.6279072226015082,0.5753578946709219,0.5241143127645957,11.035029381923168,67.86539930524864,56.872322908628064,55.132930204176944,20.492975606164887,6.266759926166279,72723.0,212794.5254764408, 0.0, 0.0,0.0,NaN, 65.85087390789464,65.85087390789464,0.0, 147.2132354315947, -4.314302384296942, 35.215758131631944, -4.314302384296942, 131.1200108813532, -15.430806021732977, 35.215758131631944, -15.430806021732977, 180.90108285415369, 7.414351599989814, 4.768520143047926, 11.0, 0.0
40, 0 ,1.0,1.0,1.0,130.54596726756859,119.81786097366873,183.50998235355178,15.36256873476369,10.133157637783567,9.353420046240457,71.0,49.0,37.0,-0.9827453240562164,-0.06743986796559905,0.17223092711363974,15.545976649638705,-0.019005621698931274,-0.8894126757612092,-0.456709840641872,10.434186887893333,0.1839848210844539,-0.4521028161868374,0.8727844116426757,8.696333848313676,70.98883563137215,52.12609372633028,43.61131210849851,19.597986638033394,6.488049640637528,57802.0,161378.0214993157, 0.0, 0.0,0.0,NaN, 107.35436071075895,107.35436071075895,0.0, 236.00851813033884, 11.567228528302826, -27.81710015420583, 11.567228528302826, 102.68088371217145, 11.575933258679454, -27.81710015420583, 11.575933258679454, 87.48646656141284, 7.759366087412604, 4.951313441987314, 5.0, 0.0
41, 0 ,1.0,1.0,1.0,125.24463157894736,10.420631578947368,42.979684210526315,9.489694555622123,7.102488490592266,18.685968501730603,44.0,29.0,84.0,-0.14204886660958857,0.013627797972314613,0.9897658322135379,18.834281537648415,0.92829234954542,0.3489716976081705,0.1284214469779719,9.489284312601015,0.3436501611673941,-0.9370341708768671,0.06222161472291493,6.699879593014219,87.57110036677905,48.71344875730878,33.17016645189078,20.45122989774471,8.450577497144353,47500.0,141500.29165942728, 1.4210854715202004E-14, 0.0,0.0,81.83357728141952, 86.85739994443786,86.85739994443786,0.0, 90.05430275900414, 14.02907918005542, -38.17881959002768, 14.02907918005542, 50.4453427589956, 6.203029673130124, -38.17881959002768, 6.203029673130124, 349.16541884766826, 8.334282179333663, 4.582151243602439, 4.0, 0.0
42, 0 ,1.0,1.0,1.0,48.51270083475451,183.35056099093438,164.44550758459744,15.118721309367592,9.889501926858712,9.216270582399932,62.0,43.0,42.0,-0.994962454517385,0.033387140181244744,0.09452519754678457,15.161408744012169,-0.08383743129306948,-0.7940960519314542,-0.6019823464363855,10.822059803659034,0.05496361719283594,-0.606874582741273,0.7928948490233018,8.02074387714113,63.25643757079592,52.941500476733665,40.81931782324166,19.319614485472805,6.170099024523584,55705.0,136699.43464726018, 0.0, 0.0,0.0,NaN, 62.40839600979908,62.40839600979908,0.0, 228.57573403032572, -1.9847952948763208, -12.904527360490144, -1.9847952948763208, 97.80224836134218, 25.75515892447715, -12.904527360490144, 25.75515892447715, 84.93964344801039, 8.615404924785906, 5.187772315453811, 6.0, 0.0
43, 0 ,1.0,1.0,1.0,117.13273279791622,115.90644671152594,52.23990666377252,13.169550198598843,8.657248068172937,11.511831694973177,61.0,39.0,58.0,-0.9379166773451455,-0.0886461009401058,0.33534187800803894,13.427887181696095,-0.33577876119074723,-0.010384307785242405,-0.9418836391428764,11.246837449207362,-0.08697660542381008,0.9960090536435591,0.020025862503594775,8.608586338501606,66.60898742617454,59.296444745648394,39.76182935777905,18.676851574989424,5.664139896435026,55284.0,157046.3487957707, 0.0, 0.0,0.0,NaN, 129.1035147719172,129.1035147719172,0.0, 173.43705243341483, 9.012435678149595, -16.835367106192834, 9.012435678149595, 74.94794411388403, -2.644638642916132, -16.835367106192834, -2.644638642916132, 132.522268973389, 6.972760039978509, 4.264458039116334, 8.0, 0.0
44, 0 ,1.0,1.0,1.0,170.8859101023587,103.72822429906542,121.06689808633733,8.176270982010445,12.733874450815286,16.800009852812,43.0,54.0,72.0,-0.12117340459158105,0.007296958971901071,0.992604533744153,16.897868830506038,-0.1742497945469908,-0.9846014758992447,-0.014033629514856505,12.858774501322252,0.977217486089978,-0.17466163873842208,0.12057900660227856,7.768992474325724,71.2207575593547,55.96708542500309,39.64584130587167,21.525089283619643,6.921981514507924,56175.0,158029.0458859116, 0.0, 0.0,0.0,NaN, 127.85272623175328,127.85272623175328,0.0, 66.85140717126605, 17.813817348156785, -26.827383180502043, 17.813817348156785, 162.1515585291263, 3.0816970731487454, -26.827383180502043, 3.0816970731487454, 282.2403310545802, 9.376423348041444, 5.470526306563592, 8.0, 0.0
45, 0 ,1.0,1.0,1.0,159.64187513439896,51.73576087735646,42.51239337681886,12.602785452895326,12.537656301116407,10.87043486625288,65.0,58.0,56.0,-0.8107996407588385,-0.38783869445558966,-0.43838919880435356,13.870812788792751,-0.2035739751038149,0.8890610613748295,-0.4100342251660139,12.482915693269042,0.5487819049547552,-0.24321097062025362,-0.7998042539047812,9.271825561942004,65.93392253497262,57.679866888531095,47.258360196578245,19.984704367657894,5.899234883896588,69755.0,179726.37343399922, 0.0, 0.0,0.0,NaN, 78.18357108019462,78.18357108019462,0.0, 158.83020117171006, 20.825475485302128, 43.66213316531169, 20.825475485302128, 157.19282552492393, -7.369702032520789, 43.66213316531169, -7.369702032520789, 118.16635418144627, 7.518373278798309, 4.40093099156058, 3.0, 0.0
46, 0 ,1.0,1.0,1.0,50.59790705924087,140.0706988293721,49.65021284143313,10.585618220400205,13.647895881071657,9.374212368424395,50.0,58.0,41.0,-0.37478003937058435,-0.9208771188850314,0.107355735773117,14.238218657194105,-0.894081941760056,0.3283618286986705,-0.30462434386016063,9.906269057885563,0.2452700623964358,-0.21015194828425732,-0.9464030616626191,9.237705095946243,67.16492035896276,50.78485358694892,44.6163345461127,18.800741565089872,5.720869620929753,56380.0,152184.5613327324, 0.0, 0.0,0.0,NaN, 92.8267901673596,92.8267901673596,0.0, 112.05531310806879, 36.757409408689185, -1.2373124314422177, 36.757409408689185, 186.2650619805727, -12.885752897941698, -1.2373124314422177, -12.885752897941698, 87.87585752832092, 7.264742840698591, 4.350244078684205, 5.0, 0.0
47, 0 ,1.0,1.0,1.0,141.38069879702704,147.5713546854647,17.454428779403877,8.684244252213215,13.901783400484177,10.257877722073975,37.0,60.0,40.0,-0.037899836875309637,-0.9794767645831509,0.1979617892588058,14.03851852071714,0.22713454968472582,-0.20136261931873278,-0.9528184464422464,10.153627840961631,-0.9731256335665719,-0.008852298166134207,-0.23010462427521117,8.586243341405364,64.03777451122622,47.51635443481939,41.97992302748358,18.493437941280018,5.647343483364772,52204.0,127738.2557704915, 0.0, 0.0,0.0,NaN, 80.55831680874108,80.55831680874108,NaN, 75.41609823209828, 3.235842023237197, -7.282264147610811, 3.235842023237197, 193.2595817139774, -18.283201425240883, -7.282264147610811, -18.283201425240883, 105.22405536102156, 7.890623487799312, 4.452880784630045, 5.0, 0.0
48, 0 ,1.0,1.0,1.0,44.29246903938414,149.13272341849827,123.33787794265312,11.714870582071814,8.36776109024582,10.766632737391758,52.0,38.0,52.0,0.8574020396664191,-0.028690575820875475,0.5138468577649685,12.231295150124682,-0.5006219204595307,0.18500938218907623,0.8456649580403742,10.240002816332751,0.11932910429261011,0.9823178606546269,-0.1442642904798015,8.28949698063962,59.25543195699457,47.26544033576744,38.85961584752616,17.2582715071233,5.032898121998715,44815.0,108835.45058495518, 0.0, 0.0,1.4210854715202004E-14,59.07959153903912, 102.10966457079049,102.10966457079049,0.0, 137.23819275469162, -5.337266670673937, 20.33648184325926, -5.337266670673937, 70.01942566343192, 4.4621064821399, 20.33648184325926, 4.4621064821399, 115.92038050187594, 6.791623522514319, 4.287528162452689, 9.0, 0.0
49, 0 ,1.0,1.0,1.0,179.38988848113442,144.07952399615206,16.88686001353903,11.302574488042811,11.660436458517646,10.36777861957753,42.0,48.0,41.0,0.20654854574258907,0.877779560544183,-0.4322507852421816,12.13260416191588,-0.9671807167461935,0.1163516014276856,-0.2258844084914509,11.295782281387126,0.14798364573810607,-0.4647207203644721,-0.8730037185819916,9.81886046683701,61.257564865484426,49.786955633153696,48.99857048289751,18.49069640483697,5.4128503054866135,56134.0,149437.19576268693, 0.0, 0.0,0.0,NaN, 61.94386470372891,61.94386470372891,0.0, 127.74819005775622, 5.699140232661357, 2.2783728532384058, 5.699140232661357, 135.96577840312756, -20.090407651342176, 2.2783728532384058, -20.090407651342176, 107.49083350456897, 7.1418279647284555, 4.257123020314893, 4.0, 0.0
