// Sample: .//bubblelabels.tif, Map: .//bubblelabels.tif, Thickness:(8.191250068658265):/afs/psi.ch/project/tipl/test/LabelValidation/Step3500//distmap.tif, Neighbors:(1.0):
//LACUNA_NUMBER, TRIANGLES, SCALE_X, SCALE_Y, SCALE_Z, POS_X, POS_Y, POS_Z , STD_X, STD_Y, STD_Z,PROJ_X, PROJ_Y, PROJ_Z, PCA1_X, PCA1_Y, PCA1_Z, PCA1_S, PCA2_X, PCA2_Y, PCA2_Z, PCA2_S, PCA3_X, PCA3_Y, PCA3_Z, PCA3_S,PROJ_PCA1, PROJ_PCA2, PROJ_PCA3,OBJ_RADIUS, OBJ_RADIUS_STD, VOLUME, VOLUME_BOX, Mask_Grad_X,Mask_Grad_Y,Mask_Grad_Z,Mask_Angle, Mask_Distance_Mean,Mask_Distance_COV, Mask_Distance_STD, SHAPET_XX, SHAPET_XY, SHAPET_XZ, SHAPET_YX, SHAPET_YY, SHAPET_YZ, SHAPET_ZX, SHAPET_ZY, SHAPET_ZZ, Thickness, Thickness_STD, Neighbors, Neighbors_STD
1, 0 ,1.0,1.0,1.0,154.7181936982721,254.3178871626091,274.89093783779424,26.546940840135104,26.105471650086425,17.501313946806157,142.0,107.0,73.0,-0.7217225517646202,-0.6908840126880711,0.042377344022418065,29.973613522254226,0.6689053924497317,-0.6804003169425141,0.2993676412977807,22.560608093051204,-0.17799475898473865,0.2444068119274828,0.9531962946095669,16.88588649725157,155.32414766358482,121.66797553628585,82.6017002111401,38.42901135458039,14.68818553182741,309915.0,1561004.8323522678, 0.0, 2.8421709430404007E-14,0.0,46.29987307077429, 154.35065169362392,154.35065169362392,0.0, 704.7400679696332, 203.92145586123112, 26.06812173338263, 203.92145586123112, 681.495650073466, -63.55117181776768, 26.06812173338263, -63.55117181776768, 306.29598986467164, 5.180824176456687, 3.9154489968348853, 23.0, 0.0
2, 0 ,1.0,1.0,1.0,223.69904254178348,29.381583099713527,266.9356220414541,27.245858911554304,18.76431765358037,22.53392077831557,145.0,99.0,96.0,0.8628020653771851,-0.04198994009358043,0.5037950385938724,29.474384864175914,-0.3796926807026848,0.6041279045061415,0.7006161168698791,20.60569002677226,0.33377546974227007,0.7957803214002953,-0.5052995308432127,17.57498807610433,151.23421048341106,116.92831863484169,119.96886859030693,37.320991967095715,14.469194485827327,326385.0,2121476.9200152033, 0.0, 0.0,0.0,NaN, 88.19504875145493,88.19504875145493,0.0, 742.3368278283231, -46.82601790916054, 212.57483426593447, -46.82601790916054, 352.0996170044679, 37.13397620629284, 212.57483426593447, 37.13397620629284, 507.7775856434022, 5.134575678492768, 3.8212937635501394, 22.0, 0.0
3, 0 ,1.0,1.0,1.0,280.2113881882644,198.45785942035883,212.15093037643365,12.303349705369097,21.543791040573186,22.069359806842748,58.0,106.0,126.0,-0.08614238821820172,-0.6683294111871916,0.7388608035985172,24.803011389778828,0.1272897907089141,-0.7429226448512262,-0.657163033766005,18.512220185411714,-0.9881178057971354,-0.03743984387575295,-0.1490686417634969,12.027980647710995,118.6676581404628,98.17855812743281,64.68869440291775,31.312735210858136,11.048828094914418,210130.0,753663.3691359106, 0.0, 0.0,0.0,NaN, 135.71976460581334,135.71976460581334,0.0, 151.37241397260584, 8.36137316140969, -46.5123455784069, 8.36137316140969, 464.1349323998815, -135.66000100659866, -46.5123455784069, -135.66000100659866, 487.0566422838862, 6.014402361227422, 4.468609522546936, 24.0, 0.0
4, 0 ,1.0,1.0,1.0,82.55782858444192,51.27087214697054,158.81259463663167,23.818932809732953,21.451807892308317,21.53645349905784,116.0,100.0,108.0,-0.7863861572778967,-0.5167883829141027,-0.33841775799554213,24.782900763870323,-0.5799183188005638,0.4288678534517816,0.6926522271639559,22.535866461145126,-0.2128181269564,0.7409467805184708,-0.6369507934511754,19.216737598607764,121.55765564785628,109.11152713059022,101.98665889445647,36.96719274903557,11.169919946715119,412763.0,1352683.8794614659, 0.0, 0.0,0.0,NaN, 171.40122760508217,171.40122760508217,1.9073486328125E-6, 567.3415601945729, 65.0633521349648, 9.51098638279336, 65.0633521349648, 460.1800618485014, 83.99898741906958, 9.51098638279336, 83.99898741906958, 463.81882931708054, 4.953657297472156, 3.564214915026201, 32.0, 0.0
5, 0 ,1.0,1.0,1.0,15.678684115436052,258.34430773013264,75.8886914540517,11.008671675369543,24.788705230003334,38.28090185455119,48.0,101.0,158.0,-0.02361098442181246,-0.06155683426482218,0.9978242718885555,38.33220872999071,-0.05003380415433442,-0.9967789641871935,-0.06267627139317489,24.74948105598002,-0.9984683970244018,0.0514047926675951,-0.020455010005447256,10.918020295546686,158.84184292590297,106.40135675495904,49.81487177132519,43.130268028425405,18.462886708997356,268443.0,841920.5299420626, 0.0, 0.0,0.0,NaN, 87.97790247943954,87.97790247943954,0.0, 121.19085205608366, 26.566191941170217, -30.26207022954781, 26.566191941170217, 614.4799069799947, -52.109725658790616, -30.26207022954781, -52.109725658790616, 1465.4274467977807, 5.660188286105607, 4.1000329589968905, 16.0, 0.0
6, 0 ,1.0,1.0,1.0,272.73290050154327,58.030418416131056,236.44093670649616,19.31989421135658,24.222797206829668,31.798720496943044,88.0,116.0,128.0,0.02805134688917993,0.2915202567625006,0.9561532627329306,32.53397116549391,0.5313428933745883,-0.8145536355260097,0.2327597570708519,25.46861760954104,0.8466923004244363,0.501516016442633,-0.17774654329547265,16.249648592068,146.86595928351304,129.84503031384682,89.53527445455282,41.89054234549253,14.708613262451017,460379.0,1707421.1140242387, 0.0, -7.105427357601002E-15,0.0,73.05100648385692, 90.28166316233661,90.28166316233661,9.5367431640625E-7, 373.25831233800943, -159.9611223331769, 68.87255427373717, -159.9611223331769, 586.7439045231952, 148.51354671338683, 68.87255427373717, 148.51354671338683, 1011.1586252427056, 4.9703314193353805, 3.5484737561435145, 22.0, 0.0
7, 0 ,1.0,1.0,1.0,26.832870929677185,193.59091324136767,126.06122341471638,17.238859319528412,23.410051547892866,20.184357693373695,83.0,115.0,93.0,-0.3618171304506869,-0.9321637823556602,0.012611382827411291,24.335877959412386,-0.15647260100594335,0.0740593470082571,0.9849017911726762,20.30451480295927,0.9190237696854556,-0.3543810039845523,0.17265403200630752,15.75146984152718,122.07508443940554,93.27416983928052,84.43538782609284,33.60157816625357,11.115350842182565,284744.0,961419.5040207128, 0.0, 0.0,0.0,NaN, 167.13565973768104,167.13565973768104,0.0, 297.17827063849165, 114.16201911276494, -26.869670437011916, 114.16201911276494, 548.0305134750012, 7.928850509452656, -26.869670437011916, 7.928850509452656, 407.40829549405385, 5.384119737724206, 3.793236334905367, 27.0, 0.0
8, 0 ,1.0,1.0,1.0,163.9462867611095,160.37014557710606,259.46540653985363,22.69184728558546,21.704959696349142,15.482795109565195,114.0,98.0,85.0,-0.7152013715721975,0.6288234692628025,0.30507055348810735,27.43218135060266,0.6192260027679731,0.7725154251710984,-0.14063810070075392,16.981827073096525,-0.32410824672822697,0.08832305688216574,-0.9418879349613436,13.595408366957663,121.98316447175246,92.20502067165609,70.39724805843036,33.082251264856914,11.458918112398182,224898.0,791790.2458472401, 0.0, 0.0,0.0,NaN, 199.12348530303538,199.12348530303538,0.0, 514.9199332323323, -205.77697730272766, -132.8799895463639, -205.77697730272766, 471.1052754201407, 97.65309265796516, -132.8799895463639, 97.65309265796516, 239.71694440477594, 5.191782664123235, 3.7471448738706576, 20.0, 0.0
9, 0 ,1.0,1.0,1.0,69.52889028941544,281.0817979217367,120.71301818954946,21.277474224214725,12.854222851134455,29.248649334854214,118.0,62.0,149.0,-0.09298443104683603,0.13967749097857096,0.9858215325792126,29.563034196641432,0.9922176850057969,0.09534981019952801,0.08007795737062234,21.24033806338956,-0.0828128078538181,0.9855955621901128,-0.14745652459800274,12.178690012606067,147.8405118151484,114.83950402430662,68.39693827783327,35.81705576320982,13.805214914519794,263393.0,1161238.502218262, 0.0, 0.0,0.0,NaN, 140.58377472234153,140.58377472234153,0.0, 452.730909362122, 19.225556710751096, -42.45629804859405, 19.225556710751096, 165.2310451066272, 102.23247399553568, -42.45629804859405, 102.23247399553568, 855.4834879132679, 5.188387937733113, 3.64166988940496, 22.0, 0.0
10, 0 ,1.0,1.0,1.0,281.5756011811467,140.1113559806375,164.716788908998,11.522454564334401,24.057514424653885,21.993210141563214,50.0,115.0,111.0,-0.009851365387955864,-0.8757550706720513,0.48265516343677883,24.902512307817112,0.03054508866624995,-0.4827168910404441,-0.8752436236058045,21.03965200587218,-0.9994848413849825,-0.006120400022780448,-0.03150543675617328,11.507831074592438,119.76384660123017,92.58667261774877,51.36910833999721,32.70089208413404,11.219799851700923,230962.0,569608.210029121, 0.0, 0.0,0.0,NaN, 195.6328135811109,195.6328135811109,0.0, 132.7669591871507, -0.3667091849651899, -10.612937847524607, -0.3667091849651899, 578.7640002924297, -75.07343239992191, -10.612937847524607, -75.07343239992191, 483.70129233095906, 5.784344310318283, 4.19492844367929, 23.0, 0.0
11, 0 ,1.0,1.0,1.0,23.510665097548866,65.35125866539175,282.7500873434713,15.335671047258481,18.806015301616895,10.668913985628576,67.0,105.0,49.0,-0.2549197263612817,-0.9669431844673794,-0.006067217152300714,19.037774635889026,-0.9444501406149531,0.25032601046639913,-0.21295732055125932,15.23278180215351,0.2074364119538439,-0.04855683778892692,-0.9770426646260925,10.401934392611446,101.54723602053173,76.04478595498821,54.47807881679799,25.044114911209867,8.687177443866602,108766.0,420687.2332008314, 0.0, 0.0,0.0,NaN, 71.56184646260822,71.56184646260822,0.0, 235.18280646972207, 33.38982807079552, 25.30033189306946, 33.38982807079552, 353.66621152464876, -5.110099543581518, 25.30033189306946, -5.110099543581518, 113.82572563274101, 5.277541010576975, 3.8960683497159345, 12.0, 0.0
12, 0 ,1.0,1.0,1.0,132.42936646894876,177.7700308487577,197.948798804164,16.071357524028485,21.30885557888242,29.059710645198805,89.0,103.0,138.0,-0.20506666402784618,0.381926784627982,0.9011545896727274,31.035880239150757,-0.07692330767454415,-0.9241628711879651,0.3741734788223559,19.160444196851593,-0.975720486635849,-0.007410715306071727,-0.2188940685759997,15.04905835891149,136.72456185459532,96.616436233579,77.53105922128455,37.144153202095104,13.309189472998257,335832.0,1024172.8805200715, 0.0, 0.0,0.0,NaN, 207.1042011345829,207.1042011345829,0.0, 258.28853266514705, -47.704074055589196, -140.19756915233026, -47.704074055589196, 454.06732608166834, 204.9357228627545, -140.19756915233026, 204.9357228627545, 844.4667827826809, 5.189202290952846, 3.7403531453228647, 32.0, 0.0
13, 0 ,1.0,1.0,1.0,37.667415730337076,48.71752315874749,240.79356838434714,19.848347590080653,14.241054593990615,15.633621043147905,86.0,79.0,80.0,-0.8489854017037757,-0.20916289761472648,0.4852573234432323,21.75585280262881,-0.42670797767324126,0.8130322505027351,-0.3961046092037682,14.17492726198402,-0.31167946593237567,-0.5433502018991695,-0.7795039888366447,12.920098717666557,108.11464264448705,65.3585523444416,66.62684283443426,27.311912262370694,9.758795699216268,141955.0,470799.6982103927, 0.0, 0.0,2.8421709430404007E-14,60.970667085592126, 85.42618342864277,85.42618342864277,0.0, 393.9569020566605, 42.611867869189695, -120.47804620787011, 42.611867869189695, 202.8076359490212, -42.047167773984, -120.47804620787011, -42.047167773984, 244.410106920757, 4.759415043744619, 3.475016936361196, 19.0, 0.0
14, 0 ,1.0,1.0,1.0,121.36409733550843,87.17877582925503,208.31362153344207,17.743055140641882,21.2963854847943,22.664306800856046,91.0,111.0,115.0,-0.35800129355154936,0.5678568932483185,0.741197424851021,23.637322260388864,0.2790384043427391,-0.6924685018389447,0.66530064096075,21.50165703358372,-0.8910514254055574,-0.4450010367979995,-0.08945073801500984,16.154831610784743,118.82275240438909,115.43824696960648,90.70041094983418,34.03328393833648,11.124676515569947,294240.0,1244109.4414279095, -1.4210854715202004E-14, 0.0,0.0,69.02250074829382, 175.31621451954513,175.31621451954513,1.9073486328125E-6, 314.8160057238583, -99.43400493522302, -41.6282283242279, -99.43400493522302, 453.5360347169574, 32.56034382298858, -41.6282283242279, 32.56034382298858, 513.6708027633296, 5.01645838821792, 3.5458373356283013, 34.0, 0.0
15, 0 ,1.0,1.0,1.0,183.63429890848028,144.0163238175203,287.06904561992724,23.72143593876903,23.20529264518691,7.8909446279665945,108.0,105.0,33.0,-0.7483632080750539,0.657087295160834,0.09049196283556153,25.67044039350246,0.6568970921214649,0.7531162085389126,-0.036085825449015216,21.157986524694206,0.0918625013919017,-0.03243860314798262,0.9952431953366123,7.538383984118805,125.65090617024063,109.40372275300476,35.0902363397484,31.843362693928423,12.225358449160337,142920.0,482374.1413883173, 2.8421709430404007E-14, 0.0,0.0,41.55120784344166, 185.60411498028083,185.60411498028083,0.0, 562.706522997123, -102.74547872483545, -50.042298220186716, -102.74547872483545, 538.4856067487657, 25.182570085142817, -50.042298220186716, 25.182570085142817, 62.26700712163486, 4.735846052208502, 3.447900138845734, 16.0, 0.0
16, 0 ,1.0,1.0,1.0,278.00818182148026,243.5890584918599,46.49847429892131,14.15635093735001,31.726985541714104,20.769857762604083,58.0,115.0,108.0,0.07503133682619718,-0.9970831414697834,0.013982399322799722,31.798466206951566,0.2850148999861004,0.03488036583397997,0.9578882329714676,21.31770091083654,0.9555819197117468,0.06788644250537948,-0.2868006723213472,13.145495413480209,118.06322781398481,123.26154774850646,71.30057547786842,37.77964270603126,14.528918470031543,275611.0,1037612.7612594026, 0.0, 0.0,0.0,NaN, 76.34096214195444,76.34096214195444,0.0, 200.40227186141053, -59.9182700505391, 77.77082170325396, -59.9182700505391, 1006.6016115641359, -2.2777675814993534, 77.77082170325396, -2.2777675814993534, 431.38699147880504, 5.951863570899432, 4.253205858743181, 14.0, 0.0
17, 0 ,1.0,1.0,1.0,114.55542079563658,225.77209838720418,87.97658449037966,15.996854110090922,22.860943462588583,24.093994833035328,93.0,105.0,128.0,0.17970588256259756,-0.6230368657971949,0.7612692425351265,27.606804960756897,-0.35055105106848705,-0.7636230820488646,-0.5422119042929346,19.445822928323132,-0.9191407707022774,0.1694250643198906,0.3556337880643849,14.790772627978823,130.08436006859796,105.11720813354782,86.59405167644822,34.85830728903455,11.997544639555311,285281.0,1184096.1335455189, 0.0, 0.0,0.0,NaN, 162.39644463502634,162.39644463502634,0.0, 255.89934141953282, -18.175005561362745, 104.6278308436651, -18.175005561362745, 522.6227359996717, -191.73142754959247, 104.6278308436651, -191.73142754959247, 580.520587014333, 5.691624189201871, 4.1179611480859215, 32.0, 0.0
18, 0 ,1.0,1.0,1.0,180.79123634926125,17.388273953649257,24.40088698917824,24.773627006094657,11.370616060345938,15.872032523262606,116.0,47.0,64.0,0.9749511231477744,-0.11650466193331833,0.18946496040349187,25.20394971024785,0.18315017166661454,-0.06280595305775642,-0.9810766671769323,15.422081611623906,-0.12619953284930693,-0.9912023385809327,0.0398948856409779,11.039258979483835,116.46599550825883,73.86454153412546,51.42198704721848,29.536761066867072,11.069086083642901,161896.0,442368.30656718573, 0.0, 0.0,0.0,NaN, 122.91657613228372,122.91657613228372,NaN, 613.7325950371024, -59.64631687573885, 73.99098296721358, -59.64631687573885, 129.29090959179698, -4.185877082446552, 73.99098296721358, -4.185877082446552, 251.9214164195059, 4.599205314231861, 3.2254885365475103, 12.0, 0.0
19, 0 ,1.0,1.0,1.0,179.00695668900073,88.27631840477031,138.51737889911197,19.09122635016487,16.029292620749107,16.817396558598244,92.0,85.0,98.0,-0.8919236176094745,-0.023062844256306204,0.4515975703712729,19.765780946436664,-0.33374459638780185,0.7074222762572733,-0.6230315139998307,17.908122846280808,-0.3051013024101517,-0.7064147707047098,-0.6386637354647923,13.88708076537254,99.32982311311282,86.91643624918555,75.59020774330682,28.43257232939333,9.789116569850043,155965.0,652600.0639994689, 0.0, 0.0,0.0,NaN, 204.00757137380438,204.00757137380438,0.0, 364.4749235532295, -26.115614435734333, -53.101845645532514, -26.115614435734333, 256.9382219216017, -58.409835290200824, -53.101845645532514, -58.409835290200824, 282.8248270091521, 5.4403171353611794, 3.6914074953308047, 26.0, 0.0
20, 0 ,1.0,1.0,1.0,95.53624450840782,52.097437888198755,256.7026397515528,16.035225546896942,11.63220993985573,15.751562367362146,81.0,51.0,77.0,-0.7496719233559477,-0.029690285370487807,0.6611433235588281,17.171039460148425,0.6257795486038427,0.2933243314801892,0.7227453169069111,14.7775894404906,0.21538793810463353,-0.9555518424011955,0.2013174423707878,11.283914995424269,82.51309195284563,80.27811668063686,53.17600929247881,24.03007563621866,7.943799365245408,105616.0,352237.65282701474, 0.0, 7.105427357601002E-15,0.0,88.29862192877793, 117.11523578838418,117.11523578838418,1.9073486328125E-6, 257.1284583398563, 20.441490946106335, -41.84843873057996, 20.441490946106335, 135.30830808487846, 16.01427941142194, -41.84843873057996, 16.01427941142194, 248.1117170128994, 4.585318330870347, 3.2531853162085076, 16.0, 0.0
21, 0 ,1.0,1.0,1.0,144.89460710021837,258.6313985784717,189.00583952442517,19.410351882407507,21.49328992991622,20.710175241644997,102.0,91.0,94.0,-0.4782372684813937,0.6337072741870295,0.6080330629808713,24.491424822850217,-0.36538189512219016,-0.7731440276701205,0.5184056164770411,19.222894009337736,0.7986145414105437,0.025756613140492594,0.6012914527308358,17.27093184522501,123.49256081125299,105.32222990364139,88.29753691966107,34.01656775112328,10.5122666053808,323314.0,1148442.9630220467, 2.8421709430404007E-14, 0.0,0.0,61.42966160394589, 187.15104063290053,187.15104063290053,0.0, 376.76176019888067, -71.26364801226849, -101.17739416853246, -71.26364801226849, 461.96151201143795, 87.63875650136933, -101.17739416853246, 87.63875650136933, 428.91135853964533, 4.526755489482297, 3.1858342570008253, 15.0, 0.0
22, 0 ,1.0,1.0,1.0,278.4680757181309,49.35031468994316,126.29200579238085,14.207694704332889,24.853984799549576,22.47756925560188,62.0,100.0,101.0,0.1251665043421508,-0.8135143850271511,0.5679152151022744,27.12626520599866,0.0385996364305642,-0.567990507496336,-0.8221294614970825,19.898071877096996,-0.9913845945233337,-0.12482439163861812,0.0396920268297585,13.894342028892835,115.63351177278031,103.30008151052151,62.98618465349182,34.42974949617362,11.807312077612218,249293.0,752366.9014232579, 0.0, 0.0,-1.4210854715202004E-14,55.39502505904668, 137.2907427700037,137.2907427700037,0.0, 201.85858881152882, -59.71659260605, 32.14487140873894, -59.71659260605, 617.7205604162414, -156.03152979768424, 32.14487140873894, -156.03152979768424, 505.24111964037877, 5.20326452152369, 3.6437418417213268, 16.0, 0.0
23, 0 ,1.0,1.0,1.0,278.72437006185226,265.04685964936556,250.4641339993635,13.580633906816418,18.640648669202285,19.414047311748174,66.0,78.0,97.0,0.14169201419881264,0.6809507819667826,0.7184910616361979,23.931572972495633,-0.7967483037848857,-0.3522868301653403,0.4910052237074099,14.020315961302938,-0.5874653296392823,0.6420280537724838,-0.4926301499511838,11.81199341981495,105.69476730390733,85.92085660406579,67.95707479595765,28.37325139980506,10.186816879962985,144538.0,617144.3559799355, 0.0, 0.0,0.0,NaN, 64.25088692048674,64.25088692048674,0.0, 184.43361731097175, 57.80905257836097, 21.784524722914526, 57.80905257836097, 347.47378280863296, 202.0771590891143, 21.784524722914526, 202.0771590891143, 376.9052330227965, 5.385497429780861, 3.9088852284209756, 10.0, 0.0
24, 0 ,1.0,1.0,1.0,192.3016509657799,246.7186549642449,133.3491415060472,19.53340605430065,20.1359023564462,17.264409470418276,103.0,104.0,88.0,-0.5765355780899422,-0.7446945978296587,0.336209284761469,22.431507099390995,-0.7958003528468188,0.4185048999891664,-0.4376704777500261,18.01233836590679,0.18522560731544263,-0.5198880693460657,-0.8339111881646902,16.045295447415317,110.91051497534994,90.41935839551844,81.99208294387913,31.35946668330641,10.08227154422656,242343.0,822254.1276161381, 0.0, 0.0,0.0,NaN, 179.49882911572342,179.49882911572342,0.0, 381.5539520821892, 83.18685980675879, -24.296238354384947, 83.18685980675879, 405.4545637083355, -73.79285489506555, -24.296238354384947, -73.79285489506555, 298.0598343622682, 4.600323546301107, 3.1281854073231723, 23.0, 0.0
25, 0 ,1.0,1.0,1.0,38.208411107751026,189.13828378364286,287.3849964023901,22.970154181082634,17.368072108460076,7.750694511328095,92.0,93.0,35.0,0.8885886155915717,0.45768218923133175,-0.030615125370801466,24.699174240899357,0.4562288183008183,-0.8887467529185554,-0.04454744132453449,14.834558540084215,0.04759766373356161,-0.02561684674466269,0.9985380511377457,7.696612372584234,111.5162973011638,94.2962773157769,36.29643977029252,27.484681125600034,11.573395383351606,95897.0,381677.8146973301, 0.0, 0.0,0.0,NaN, 117.93786973480032,117.93786973480032,0.0, 527.627983102708, 158.7995897713186, -18.253016654307775, 158.7995897713186, 301.6499287646688, -1.350630752704522, -18.253016654307775, -1.350630752704522, 60.07326540793146, 5.460031774293476, 3.5540862452890702, 15.0, 0.0
26, 0 ,1.0,1.0,1.0,193.0905138339921,215.40301731336638,247.63634693536716,18.793102190676464,15.787784658831468,16.089986971322613,92.0,76.0,76.0,0.9279041553106359,-0.030116728790571156,0.3716004052799322,19.256183752423848,-0.2544123258396126,-0.779739043561109,0.5720851268887222,16.221801812176686,0.27252201198826753,-0.6253798898216677,-0.7311851655965841,15.078960454206491,96.37070969977012,79.84977244987283,78.9743161243698,28.0314029005049,8.692696161134434,179630.0,607721.5179618308, 2.8421709430404007E-14, -2.8421709430404007E-14,0.0,56.56332267978849, 146.0419113618952,146.0419113618952,0.0, 353.1806899492085, 3.0881497606303734, 44.248080137938665, 3.0881497606303734, 249.25414443363425, -17.562114903072896, 44.248080137938665, -17.562114903072896, 258.8876807373315, 5.0911922490181, 3.5679539698637046, 19.0, 0.0
27, 0 ,1.0,1.0,1.0,266.90271226988494,101.59793443483842,17.713718892530316,15.509050120909297,14.557204865393308,11.847370791057498,66.0,68.0,55.0,-0.8777995223031118,0.4541473732480936,0.1523750701928811,15.98517916880933,0.4378049229946774,0.8896846899018909,-0.12956852224132598,14.168926822718534,0.19440897110486766,0.04702463105685322,0.9797927515693885,11.68411757216698,80.16950693706357,68.28652928281133,60.90279669276119,23.292256139064083,7.090405331061611,102829.0,333412.20111472433, 0.0, -1.4210854715202004E-14,0.0,62.98991186601308, 108.31134092752863,108.31134092752863,1.3486991523486091E-6, 240.5306356528767, -22.4203509118429, -19.56185469273371, -22.4203509118429, 211.9122134930306, 0.8301354082289575, -19.56185469273371, 0.8301354082289575, 140.3601946608024, 4.524825844037691, 3.0810289402072004, 12.0, 0.0
28, 0 ,1.0,1.0,1.0,108.07385197864357,266.0281861772674,153.1778115329245,14.217645949477967,19.118638000607476,19.64334810617665,67.0,83.0,100.0,-0.3111291645032886,0.5967260192547934,0.7396733744970226,23.572087765084305,-0.4898247442025579,-0.7676503447536579,0.4132610169934836,16.521013253353868,0.8144141225214503,-0.2337327665174848,0.531129580134357,11.17755338350401,110.3798019145043,82.60760861272439,49.212372069101946,29.179492684765492,10.103569014126725,176434.0,448728.8157273868, 0.0, 0.0,0.0,NaN, 185.44755766029814,185.44755766029814,0.0, 202.14145634470728, -24.31190284123145, -129.08021064122443, -24.31190284123145, 365.52231899827217, 143.15238413937868, -129.08021064122443, 143.15238413937868, 385.86112482043376, 4.897506549841748, 3.4564955131187327, 9.0, 0.0
29, 0 ,1.0,1.0,1.0,41.49137453874539,20.00868311808118,197.4407979704797,12.500262703952513,13.417515909541567,15.204509178636153,75.0,56.0,75.0,0.4261828408492601,0.5944176514959361,0.6819353647932553,16.436728964964754,-0.517178158545043,-0.45838907693282127,0.7227767334887274,14.130834979121785,-0.7422229708717005,0.6607171177884923,-0.11206226738583751,9.880123680348092,79.43178234713143,64.11266989871959,53.37426304956585,22.60885449246719,7.5035390818149645,86720.0,271812.8988613777, 0.0, 0.0,0.0,NaN, 112.42896193671004,112.42896193671004,0.0, 156.2565676678262, 67.90810649183986, 11.995995351498083, 67.90810649183986, 180.02973318280107, 36.12857563570376, 11.995995351498083, 36.12857563570376, 231.17709936323104, 4.9940394758284645, 3.384767012646522, 9.0, 0.0
30, 0 ,1.0,1.0,1.0,12.729553676183027,137.34218566679704,28.9261708056316,8.299168710005,15.969506218281321,18.9240981937114,36.0,73.0,79.0,0.025642069312216582,-0.42443322762949887,0.9050960830571488,19.673979065138795,0.0668741487973711,-0.9026373611257528,-0.4251748375933879,15.066594579456117,-0.9974318686025702,-0.07142989278966161,-0.005238121041260777,8.243488224099478,95.2964933780789,78.24848526164882,38.9376009756406,24.608303676275614,8.743809967889817,81824.0,290350.1466103653, 0.0, 0.0,0.0,NaN, 140.93133384029383,140.93133384029383,0.0, 68.87620127712606, -13.07356977634235, 2.8838633378694962, -13.07356977634235, 255.0251288557258, -61.548235925728726, 2.8838633378694962, -61.548235925728726, 358.1214924452311, 6.127674890081859, 4.655893723064957, 8.0, 0.0
31, 0 ,1.0,1.0,1.0,39.28248512399749,244.74875263332964,243.2098421850168,20.078418637641082,21.648286107672163,19.82113562004378,96.0,107.0,96.0,-0.03373665787652859,-0.7933062012197281,0.6078874147583964,24.038999156708215,0.9959526931663927,0.024013481706923002,0.08661169476993706,20.094350173175815,-0.08330708787331083,0.6083490969851404,0.7892853129936177,16.82296687025637,120.47922773824408,98.62398339680598,96.44492554892685,33.53754102501625,11.828015287934994,270570.0,1145972.2384524893, 0.0, 0.0,-2.8421709430404007E-14,52.563094446057406, 88.43605598250511,88.43605598250511,0.0, 403.14289498837275, 10.779906636838032, 4.37077777327413, 10.779906636838032, 468.64829139963155, -141.94296458684437, 4.37077777327413, -141.94296458684437, 392.8774172681683, 5.5560762138876365, 4.096285205761149, 19.0, 0.0
32, 0 ,1.0,1.0,1.0,180.15427393829438,166.21140439965686,73.97620714475877,19.175200620120325,11.448474460194706,12.156601958476491,85.0,54.0,57.0,-0.9962131266621264,-0.031012730915074952,0.08122571506154114,19.225472034903714,-0.04212710339750379,-0.6450612171386656,-0.7629687629929021,13.568494282438106,0.07605730356386249,-0.7635013010236273,0.6413119754922889,9.63410843861576,86.40009296239276,66.15909006158202,48.067440549557396,24.144772568179206,7.973005399180457,101417.0,274760.77391879045, 0.0, 0.0,0.0,NaN, 194.2546411067025,194.2546411067025,0.0, 367.68831882186294, 11.032611561799062, -19.464209520957006, 11.032611561799062, 131.06756746573046, 44.23116557200818, -19.464209520957006, 44.23116557200818, 147.78297117683445, 5.077907144896987, 3.6352719901926824, 19.0, 0.0
33, 0 ,1.0,1.0,1.0,222.72689987937275,158.9007043075606,34.49970815985058,12.94677715279223,12.813455661462218,18.932714358381645,63.0,58.0,81.0,0.18379581493477345,-0.18440831936241028,0.9655116105787613,19.29738879760836,0.7585409674386372,-0.5981015261391409,-0.2586313305600974,12.920340349753793,-0.625167736795269,-0.7799154673296081,-0.029952707562420727,12.285232942392863,88.79803282839222,59.82806997696926,58.24120979871739,25.08389321631784,7.813428102996694,128495.0,309413.1202446756, -2.8421709430404007E-14, 0.0,0.0,79.4090661161082, 164.5307664550001,164.5307664550001,0.0, 167.61903864406287, -14.768819677334498, 36.159490709719925, -14.768819677334498, 164.18464598825815, -36.954715931271494, 36.159490709719925, -36.954715931271494, 358.44767297607046, 4.468035210818232, 3.1876638716336623, 12.0, 0.0
34, 0 ,1.0,1.0,1.0,178.81873940000557,199.49099452275698,189.03008869241248,15.94758151849114,16.609897953191954,17.481895546369298,74.0,84.0,88.0,-0.3386485388625182,0.5836630273906208,0.7380072069996998,18.98144506138176,0.7934156686830824,-0.2444796301682478,0.5574237949002304,15.635637487786761,-0.5057753886998246,-0.7743172353047637,0.3802947216245956,15.200734256304859,101.10968785027956,84.89357736312701,78.66318314330266,27.673013925162,8.368693954037674,179835.0,675210.3967614754, 0.0, 0.0,0.0,NaN, 192.61692375864087,192.61692375864087,0.0, 254.32535628892018, -28.145099961307267, -26.36735451326738, -28.145099961307267, 275.8887100154502, 53.83915382788406, -26.36735451326738, 53.83915382788406, 305.61667189416664, 4.885306954798151, 3.4375999853974357, 19.0, 0.0
35, 0 ,1.0,1.0,1.0,211.86318993778016,88.86383889743762,254.40358600388038,13.59974767745858,15.252736412924891,18.432843519038013,62.0,70.0,91.0,0.24642353790979568,0.44468700488704593,0.8611207276849208,19.878403867616125,0.3313384182473827,-0.873637133992934,0.35633272471376204,13.922184548578237,-0.9107635766527677,-0.1975136091341538,0.36262664222235297,12.976542769217076,97.52044113390912,63.32898157950602,58.99354818212059,26.32478273095097,8.023380792307064,149470.0,364336.49740157573, 0.0, 0.0,2.8421709430404007E-14,30.557348033576186, 133.20627658199555,133.20627658199555,0.0, 184.95313689054004, 17.485586683707957, 51.12183669093065, 17.485586683707957, 232.64596808216487, 78.9145901006993, 51.12183669093065, 78.9145901006993, 339.7697201973417, 5.092288656598263, 3.6684304730411412, 13.0, 0.0
36, 0 ,1.0,1.0,1.0,127.56703210945662,129.30952710612107,84.11293063300062,12.570013258007801,19.885339574868297,18.215265547921046,62.0,93.0,96.0,-0.15161820513083035,0.8860429804518084,-0.43810929762444234,20.860008473673737,0.344548929937563,-0.3680577578162625,-0.8636084308239156,17.950433873834303,-0.9264437137526413,-0.2818888499095743,-0.24948090416878008,11.30795439126621,96.84508674043576,87.56338002464186,62.507272250402735,28.19228921576372,9.509084659960308,158894.0,530066.8651487462, 0.0, 0.0,0.0,NaN, 200.1731415082847,200.1731415082847,0.0, 158.0052333064919, -65.9248037887357, -37.41883786783738, -65.9248037887357, 395.4267300078233, -57.50214076297566, -37.41883786783738, -57.50214076297566, 331.7958989812794, 4.812478793998022, 3.396695086158997, 19.0, 0.0
37, 0 ,1.0,1.0,1.0,209.681481098234,278.9304865710081,181.1972498160412,18.281117761168684,14.26800114974026,18.84549113519401,89.0,62.0,83.0,-0.5978508702451437,-0.2972314980069646,0.7444647564120553,20.938222195455023,-0.8000790546710398,0.1639362597529621,-0.5770601433255502,16.631582497861586,-0.049475683156674374,0.9406265674170304,0.33581813150191153,13.338252300956118,100.45437243436206,81.23214671249667,71.97792755452616,28.436299758057952,9.181749049237885,173952.0,587348.8371048894, 0.0, 0.0,0.0,NaN, 150.71646460826784,150.71646460826784,0.0, 334.1992665977171, 33.345149635760585, -70.37370067284431, 33.345149635760585, 203.57585680898936, -66.98023509488286, -70.37370067284431, -66.98023509488286, 355.15253612667595, 4.982291432960175, 3.467263240312493, 12.0, 0.0
38, 0 ,1.0,1.0,1.0,128.7271696351144,31.604496030951903,68.52287372423454,14.04856809832321,11.958687633841683,13.100760731055718,69.0,61.0,70.0,-0.7728008330475061,-0.028479084086624543,0.6340093171323807,15.683950320618477,-0.39181260061914636,0.8072904340635776,-0.44132192452392516,12.86786775904846,-0.49926121263036405,-0.5894667902766252,-0.6350331839548474,10.021680944103482,74.794137010519,64.09270568462853,50.12136694829644,21.483633671346055,7.1032310637324745,74955.0,240269.73437095687, 0.0, 0.0,0.0,NaN, 149.2143176610923,149.2143176610923,0.0, 197.36226561322462, -17.40330940120101, -60.05009982442006, -17.40330940120101, 143.01020992379796, -25.838668647122457, -60.05009982442006, -25.838668647122457, 171.62993173237157, 4.570158914484038, 3.0253254335366164, 11.0, 0.0
39, 0 ,1.0,1.0,1.0,180.21697177269021,275.89804171853575,236.01586719831155,18.861515823221623,14.946329366067195,14.62530889919472,88.0,58.0,71.0,0.9144156190830686,-0.2177736074032543,0.3412018925731541,19.807246785395186,-0.005519998682742742,0.8361514557171685,0.5484708494684136,15.218682232705754,-0.40473893461275956,-0.5034137453632291,0.7633878410008215,13.004379529521767,101.52804926737056,78.86346104045265,59.53678799771643,26.878160139783226,8.403196330302086,158251.0,476702.3308987175, 0.0, 0.0,0.0,NaN, 137.92333919496744,137.92333919496744,0.0, 355.7567791496397, -44.738125891448824, 69.45336954508244, -44.738125891448824, 223.3927615189626, 12.07442617894789, 69.45336954508244, 12.07442617894789, 213.89966039686428, 4.649562713459412, 3.1345102462231265, 4.0, 0.0
40, 0 ,1.0,1.0,1.0,161.95663232314524,115.47104510640744,190.93895762383067,14.393838859820777,17.731727333053712,17.235051041663993,71.0,91.0,82.0,0.44716740850855646,-0.6197634896602229,0.6449298610329065,20.03837590751806,-0.1960930548637895,-0.7714214776161233,-0.6053564385605755,16.242302237545008,-0.8726905652073528,-0.14422940323228003,0.4664858589939591,12.381229533380516,93.68714501312573,84.68310832665333,59.481510920117074,27.100800176958373,9.175530802822712,139182.0,471909.57251481584, 0.0, 0.0,0.0,NaN, 210.4372699445369,210.4372699445369,0.0, 207.18259712248667, -52.07917526503207, 84.7099305098184, -52.07917526503207, 314.41415421376416, -47.61315400537348, 84.7099305098184, -47.61315400537348, 297.0469844087631, 4.684087474900855, 3.1820190079048896, 17.0, 0.0
41, 0 ,1.0,1.0,1.0,259.12268581851345,104.62160282717738,208.61133150934793,12.215103405191032,12.78462228857764,16.39049692989077,67.0,63.0,79.0,-0.147173667379032,0.38585132401901967,0.9107462145861356,17.39822932397212,0.7429606098844144,0.6509663524272805,-0.15573162866836426,13.783257045212183,-0.652954396409417,0.6537289681208042,-0.38247744044495396,9.414199354483086,89.09725466630334,65.69898984054811,52.62315911683521,22.910938604942686,7.509500656528221,87720.0,308034.9046905971, 0.0, 1.4210854715202004E-14,0.0,67.30339833021687, 144.8051218752773,144.8051218752773,0.0, 149.20875119950952, 36.86115264904133, -40.42021374491196, 36.86115264904133, 163.44656706159617, 64.95276934324754, -40.42021374491196, 64.95276934324754, 268.64838960875875, 4.756956966275352, 3.4217860658707067, 10.0, 0.0
42, 0 ,1.0,1.0,1.0,86.5226836847205,124.00424671723079,109.07210063817702,19.36080123548077,23.291902142393642,19.793337958509227,104.0,116.0,100.0,0.3653939183914181,0.8687826303784203,0.33422152168183095,23.46234364920309,-0.57980359191955,0.49330981389271883,-0.6484390659995117,22.80620060918111,-0.7282273540589872,0.04315285239568969,0.6839756955699248,15.444261124795968,121.75490974930872,107.52794701551291,89.39494951391063,34.43519561803107,11.106163161862089,299290.0,1170363.6390614538, 0.0, 0.0,0.0,NaN, 186.44020793149386,186.44020793149386,0.0, 374.8406244797938, 18.486560423123624, 143.9683785250669, 18.486560423123624, 542.5127054108415, 0.5036598619698691, 143.9683785250669, 0.5036598619698691, 391.77622753976226, 5.176116827582994, 3.6289185319719035, 28.0, 0.0
43, 0 ,1.0,1.0,1.0,16.55860171812894,37.21417164970685,128.9307269993356,10.458705339190207,15.542760405111142,14.154653825692472,44.0,76.0,68.0,0.08956430075027763,-0.9198386561102803,0.3819359668273552,15.843415964128308,-0.03913477923181628,-0.38643118224733575,-0.9214876073184071,13.863366066109178,-0.9952118895419161,-0.06758541345704089,0.07060812136185214,10.39756679288687,77.80999934862453,73.376656547056,47.585111285506656,22.308038413823308,7.325815001436865,85791.0,271684.2234847039, 0.0, 0.0,0.0,NaN, 135.21173849563016,135.21173849563016,0.0, 109.38451737200573, -10.501553169550457, 7.9206883007640805, -10.501553169550457, 241.57740101069066, -20.263677750414757, 7.9206883007640805, -20.263677750414757, 200.35422492519052, 4.594223346984609, 3.0240253447232157, 6.0, 0.0
44, 0 ,1.0,1.0,1.0,266.23882944484257,179.02614863305683,44.11545234827599,15.912658467262816,12.982127579631513,21.70172924642265,72.0,62.0,93.0,0.15763585538488675,-0.29013651490928405,0.9439129937729271,22.537466213834612,0.9833857911936483,-0.04101266687811709,-0.17683423546922902,15.736581684451462,0.09001845797122505,0.9561060421688798,0.27885105944328653,11.710508179556797,107.70062364115356,82.06737180113848,58.3783900347583,28.27242693567458,9.663501613875438,164674.0,515989.4918629431, 0.0, 0.0,0.0,NaN, 133.11897869086397,133.11897869086397,0.0, 253.21269949575097, -21.415708609674166, 35.95698394764633, -21.415708609674166, 168.53563649382914, -100.74758697676353, 35.95698394764633, -100.74758697676353, 470.96505228503634, 4.8449412460383945, 3.2880327147180894, 14.0, 0.0
45, 0 ,1.0,1.0,1.0,167.70188521156263,36.05434795619127,224.31432162307738,15.63269068494232,16.798966497907248,16.048244382326832,73.0,75.0,80.0,-0.5830712618311367,-0.8099359740270166,0.06349505180369781,17.81736167359569,0.3179636165745273,-0.2994240780640593,-0.899580102053361,16.48275197933013,0.7476142335198639,-0.5043301889163453,0.4321157465148783,13.963987660548439,89.10902833664107,75.12761211606306,60.653972843202496,26.879964210271705,7.848564534881462,167090.0,406050.96394243016, 0.0, 0.0,0.0,NaN, 156.6238458680403,156.6238458680403,0.0, 244.38101805108238, 50.53317481832415, -26.46933395961029, 50.53317481832415, 282.2052753978101, 14.358391557488993, -26.46933395961029, 14.358391557488993, 257.5461477548847, 5.384375951754796, 3.644554853422175, 13.0, 0.0
46, 0 ,1.0,1.0,1.0,282.71897928705926,125.68772590524425,240.45903945631235,10.833896529270609,14.79395785008116,15.204736018967441,53.0,60.0,71.0,-0.20135183964163456,-0.6039716710946905,0.7711521621496088,16.518220193031933,0.23346227855137153,-0.7941789837425867,-0.5610482209892432,13.727322697479371,-0.9512900720424509,-0.06706684946141389,-0.3009140018955395,10.301820882600575,73.18225588245227,73.73090992632667,56.338714044011056,22.738233075720096,7.098679939091173,92406.0,303992.1130474235, 0.0, 0.0,0.0,NaN, 140.1469375426301,140.1469375426301,0.0, 117.37331400694175, 5.013937042046821, -36.66923861435897, 5.013937042046821, 218.86118886997795, -40.976494572307864, -36.66923861435897, -40.976494572307864, 231.18399740648587, 4.981639727821412, 3.2189373573891573, 6.0, 0.0
47, 0 ,1.0,1.0,1.0,274.3616534076155,242.88828167418143,278.6756568541819,14.759214432208502,15.824336231640032,10.707505483096032,68.0,74.0,42.0,0.6940943803703373,0.5386931944514464,0.4775380962708777,16.345896561537764,0.5463259243104327,-0.8261475485715583,0.1378702738648027,15.833143290076528,-0.46878670583184084,-0.16519645952895284,0.8677264281986753,8.063370303654125,81.50657398300456,81.30709293384884,41.15381940124206,22.861636215044154,7.761461915722377,84722.0,272728.9368066907, 0.0, 0.0,0.0,NaN, 66.13471703061467,66.13471703061467,0.0, 217.8344106559117, -8.20929570237858, 80.99578473108947, -8.20929570237858, 250.40961717199548, 30.859541702567295, 80.99578473108947, 30.859541702567295, 114.65067367053159, 4.134372415973952, 2.8107825815576835, 7.0, 0.0
48, 0 ,1.0,1.0,1.0,272.1182416483852,94.45506928438533,83.71068562383716,13.34515569834922,11.148076536120003,13.380470710048328,60.0,60.0,70.0,-0.753341177125446,0.2873421210389663,0.5915332419434053,15.187717076778979,-0.3559914295376391,0.5781220730443772,-0.7341968201746858,12.832530917916491,0.5529440956760414,0.7636814611706239,0.33323183059441536,9.277348097773782,76.65373557304605,57.81566019056183,50.60459696500132,20.88915886205836,6.712140457901783,72022.0,224268.76097500182, 0.0, 0.0,0.0,NaN, 129.25413513659348,129.25413513659348,0.0, 178.09318061318268, -47.47790078067533, -43.89175805687966, -47.47790078067533, 124.27961045518937, -8.786575231474568, -43.89175805687966, -8.786575231474568, 179.03699642246121, 4.098469580983163, 2.757071428467649, 11.0, 0.0
49, 0 ,1.0,1.0,1.0,290.16371270261897,214.9208108201122,254.60026843789794,6.161421469293722,10.362269618408716,11.749209239121251,26.0,45.0,58.0,0.039225091763296464,-0.5454877318868335,0.8372004100196793,12.681053307999054,0.011460853112470115,-0.8375444996264535,-0.5462488993045279,9.209067686504998,-0.9991646716243002,-0.031021694125755075,0.026601005083882395,6.145536856660934,61.55374212710906,42.1824983663663,27.104211312173277,15.954037191967874,5.371439396364912,29057.0,70375.83061670995, 0.0, 0.0,0.0,NaN, 96.9348059533555,96.9348059533555,0.0, 37.96311452227361, -3.0842240104371683, 3.7461032811688346, -3.0842240104371683, 107.37663164459632, -34.670054800027536, 3.7461032811688346, -34.670054800027536, 138.0439177446522, 4.663376728837577, 3.125256242644702, 1.0, 0.0
