// Sample: .//bubblelabels.tif, Map: .//bubblelabels.tif, Thickness:(8.191250068658265):/gpfs/home/mader/Foam/NewValid/InSilicoTest/LatticeData_OldFoam/out_Step_07000.vtk/distmap.tif, Neighbors:(1.0):
//LACUNA_NUMBER, TRIANGLES, SCALE_X, SCALE_Y, SCALE_Z, POS_X, POS_Y, POS_Z , STD_X, STD_Y, STD_Z,PROJ_X, PROJ_Y, PROJ_Z, PCA1_X, PCA1_Y, PCA1_Z, PCA1_S, PCA2_X, PCA2_Y, PCA2_Z, PCA2_S, PCA3_X, PCA3_Y, PCA3_Z, PCA3_S,PROJ_PCA1, PROJ_PCA2, PROJ_PCA3,OBJ_RADIUS, OBJ_RADIUS_STD, VOLUME, VOLUME_BOX, Mask_Grad_X,Mask_Grad_Y,Mask_Grad_Z,Mask_Angle, Mask_Distance_Mean,Mask_Distance_COV, Mask_Distance_STD, SHAPET_XX, SHAPET_XY, SHAPET_XZ, SHAPET_YX, SHAPET_YY, SHAPET_YZ, SHAPET_ZX, SHAPET_ZY, SHAPET_ZZ, Thickness, Thickness_STD, Neighbors, Neighbors_STD
1, 0 ,1.0,1.0,1.0,78.98477236741795,135.78843169067773,39.51366186445648,18.05506860224768,17.34509792510882,19.09718417704371,98.0,91.0,87.0,0.38587628001883656,-0.35541336662476436,0.8513406106507982,19.52126878580417,0.8098686613093784,-0.3114517908281874,-0.49710213580195906,18.049043158275442,-0.4418283014336891,-0.8812940036187503,-0.16765628898987164,16.872832418373367,95.57394932099203,91.81114485807277,87.92648181758076,30.294905342315275,8.588310547233817,255785.0,771533.2221639334, 0.0, 0.0,0.0,NaN, 161.98278279152166,161.98278279152166,0.0, 325.98550223187004, -23.579791850831125, 15.127977453572752, -23.579791850831125, 300.8524220316143, -22.805264869101528, 15.127977453572752, -22.805264869101528, 364.70244349192865, 7.88129709755237, 6.217653048038132, 42.0, 0.0
2, 0 ,1.0,1.0,1.0,56.96860190411521,262.342224391348,13.657570484799615,19.868576034897707,21.147569668991736,9.120860838585925,110.0,95.0,38.0,0.5430714654738663,0.8378446255077422,-0.05558567167768014,22.022152486683076,0.8370315278720495,-0.545426913805104,-0.04344770471753332,18.9413641027861,0.06672034724317354,0.02293175101973609,0.9975081603971565,9.02328348081706,106.12504112051866,100.99004236091517,41.79594708039971,28.569360589383994,10.438474721427992,141378.0,447951.0887903282, 0.0, 0.0,-1.7763568394002505E-15,86.81353326610633, 69.64236424941656,69.64236424941656,0.0, 394.7603136545115, 56.997808245082304, -22.268747928377415, 56.997808245082304, 447.2197029048593, -12.221804189945074, -22.268747928377415, -12.221804189945074, 83.19010243685035, 7.724085355281314, 5.9523153998600895, 23.0, 0.0
3, 0 ,1.0,1.0,1.0,260.9005294527931,140.30607866759664,127.04887663010166,18.219112091849254,16.80761120528465,15.254204004572786,89.0,99.0,75.0,-0.9180955626099965,-0.33461416296625496,0.21244740492231537,18.456230242630383,0.39063264495143574,-0.8546588010945891,0.3420006877329416,16.947757605275978,0.06713177052692101,0.3969782055150536,0.9153696683482413,14.807554053263765,107.21532904474853,87.54189442653836,79.266731215683,27.84404670529521,8.475355020894451,189252.0,743984.302925807, 0.0, 0.0,1.4210854715202004E-14,77.73418489516733, 193.27695506997338,193.27695506997338,0.0, 331.93604541536774, 14.595523064050285, -14.59301300614173, 14.595523064050285, 282.49579442801013, -28.492973536214105, -14.59301300614173, -28.492973536214105, 232.69073981312442, 6.712228617955946, 5.577302009257258, 44.0, 0.0
4, 0 ,1.0,1.0,1.0,78.08390057177635,16.643881032080337,262.0226628441469,16.90821287284689,10.711397248689652,18.389897137735165,81.0,45.0,80.0,-0.4986652953482393,0.12306598145951494,0.8580138037483198,19.083272713062172,0.8485913931603108,-0.13248530016971072,0.5121916562119935,16.326826020657982,-0.176707585206455,-0.9835153325934209,0.03836691131894181,10.39583882903557,107.72551697435568,91.10616605711112,47.70416883062229,25.72328063451158,8.7819612677016,124874.0,468190.6013917111, 0.0, 0.0,0.0,NaN, 88.41036388208364,88.41036388208364,0.0, 285.8876625535052, -33.53497879120648, -40.68736036819537, -33.53497879120648, 114.73403101923626, 16.287047877694572, -40.68736036819537, 16.287047877694572, 338.18831673648, 7.455273864769229, 5.833337962941916, 19.0, 0.0
5, 0 ,1.0,1.0,1.0,188.2659035879375,113.19002207137801,236.3054535935892,15.94616868194055,14.989843828005515,16.25988122111867,81.0,89.0,83.0,0.2659170070647844,0.17700548904649244,-0.947606037444422,16.281235318483734,-0.8851895736321527,-0.34443245372100356,-0.31273903427083805,16.124554881950623,0.3817427983428568,-0.9219736122423143,-0.06509296615014606,14.774287032168587,82.94453642026829,83.86216189309044,84.69040779723116,26.250837243052665,7.365663241326635,168091.0,589098.6970972683, 0.0, 0.0,0.0,NaN, 171.3285867549766,171.3285867549766,0.0, 254.2802956329016, 14.923224762168363, -0.24268136794404885, 14.923224762168363, 224.69541798799503, -3.3555186966155297, -0.24268136794404885, -3.3555186966155297, 264.38373732488753, 7.015599154960297, 5.682424888740503, 39.0, 0.0
6, 0 ,1.0,1.0,1.0,275.02170226604875,206.25061848844908,208.27155998466844,15.228242851428975,16.443790850703486,17.409753560905088,61.0,90.0,86.0,-0.33383005118397624,0.29846927669350765,0.8941328692071213,17.915788906720348,-0.21033445858258135,-0.9482185085897551,0.23799385601437942,16.31165333728406,0.9188671897827657,-0.10861745181081804,0.379322206972975,14.776725963126303,93.09952823338512,94.57737810917845,74.27216005885924,27.15657088228707,8.241226537999976,172194.0,653974.4860409735, 0.0, 0.0,0.0,NaN, 133.51767148632618,133.51767148632618,0.0, 231.8993803420977, -0.7081347857145678, -33.0207371898138, -0.7081347857145678, 270.39825754167964, 16.618731366142974, -33.0207371898138, 16.618731366142974, 303.09951905144743, 7.748738811744399, 5.966250461741681, 34.0, 0.0
7, 0 ,1.0,1.0,1.0,264.0442991080334,280.05765723404863,27.180922458750107,18.56204087082764,11.690452669704927,16.099974784738045,80.0,51.0,69.0,0.981454452219692,-0.10175692349418675,-0.1624582615293605,18.692817688254046,-0.15732784785727028,0.05661617346173269,-0.9859221861745229,16.030011019947825,0.10952217358482012,0.9931969278162057,0.039556997733742626,11.577674488261255,84.8685799489952,74.94611677614274,56.39394044311922,25.917121448150674,8.290238164491297,140364.0,358697.63415766996, 0.0, 0.0,0.0,NaN, 49.28805136476637,49.28805136476637,0.0, 344.5493612902757, -22.604717111804437, -15.274878001827416, -22.604717111804437, 136.66668362261103, -3.300733845278332, -15.274878001827416, -3.300733845278332, 259.2091880692009, 7.063542688926029, 5.717231032680606, 17.0, 0.0
8, 0 ,1.0,1.0,1.0,278.24693890885334,209.53633453119895,285.47758248938254,13.46862706443573,18.531758492130948,8.823110333603712,53.0,103.0,39.0,0.26621695209781,0.9631533193219337,-0.03826510022060481,18.902469513880064,0.9637010836546638,-0.2651159405009887,0.031523950499621194,12.962509956070104,-0.020217709528500286,0.0452683285688425,0.9987702551888522,8.794728289497092,107.72373435728917,62.292674449733596,40.86692240931109,22.852716652063705,8.968311178308326,76525.0,274233.3763079627, 0.0, 0.0,0.0,NaN, 94.16884329351718,94.16884329351718,0.0, 181.4039150008506, 48.61500014849941, -0.09705163413084696, 48.61500014849941, 343.42607281066745, -11.075680079865792, -0.09705163413084696, -11.075680079865792, 77.84727595894459, 6.904061130841002, 5.5543566339188075, 12.0, 0.0
9, 0 ,1.0,1.0,1.0,155.7752581323292,176.3864766520047,14.615085227992267,17.245752713533296,17.42403788562515,9.595720341648946,82.0,81.0,41.0,-0.656580279245439,-0.7542344114582659,-0.005726209757339138,17.998410932342733,-0.7485531840114685,0.6506652485813527,0.1276826730408636,16.739050411672793,-0.09257682005920587,0.08812029766614805,-0.9917985407969478,9.431454129516803,85.71652168467574,87.45008107021872,44.594126229694005,25.062911831594715,8.058621612463643,118447.0,334273.8586656975, 0.0, 0.0,0.0,NaN, 190.51162704024952,190.51162704024952,0.0, 297.41598665634103, 23.22432825209909, -17.39503264101951, 23.22432825209909, 303.5970962397006, 16.903157053519333, -17.39503264101951, 16.903157053519333, 92.07784887513534, 8.569207915570095, 5.852279338236882, 18.0, 0.0
10, 0 ,1.0,1.0,1.0,44.13715985512188,256.3770290102136,213.53656789061998,17.036096584289822,20.81201910216782,14.559020679069784,84.0,89.0,82.0,0.19688035194649794,-0.975036690677478,-0.10267219122106948,20.984645277722866,0.9195168433815929,0.21996971048668643,-0.32573317486242526,17.199118462897268,0.34018656903965966,-0.03027834706710461,0.9398703740111765,14.112717517870225,94.34526018777825,89.97341753038451,82.20197121993817,29.181750627123613,9.152007397735225,202377.0,697776.8158517061, 0.0, 0.0,0.0,NaN, 106.42827429863594,106.42827429863594,1.3486991523486091E-6, 290.2285868292514, -26.752361045303186, -33.8209779347812, -26.752361045303186, 433.1401391089982, 17.220523067393685, -33.8209779347812, 17.220523067393685, 211.96508313358157, 7.47010677605522, 5.473368116973481, 33.0, 0.0
11, 0 ,1.0,1.0,1.0,14.344523541424127,168.3041204649121,12.726243868923794,9.042602694620623,17.3375571970857,8.323748669719459,35.0,81.0,33.0,0.04853526444876374,-0.9979170990738793,0.0424946053148126,17.365029252386726,0.9670783343064973,0.03630969625960902,-0.25187517001980525,9.062903390392504,0.2498075727832514,0.05332044010984938,0.9668263066583535,8.244021237951774,81.34726094789593,42.243705222887485,39.17740387234822,19.893167463395752,7.477047093933987,52397.0,134629.61116463106, 0.0, 0.0,0.0,NaN, 133.08466224611377,133.08466224611377,0.0, 81.76866349276014, -10.815618883382536, -2.9703829288282106, -10.815618883382536, 300.59088956221814, -10.034843522554688, -2.9703829288282106, -10.034843522554688, 69.28479191665645, 9.157260284682373, 5.725558046335267, 11.0, 0.0
12, 0 ,1.0,1.0,1.0,22.212405721347103,131.33002854991975,188.84907603369174,14.12660640593896,15.954028503070717,15.717839507320681,61.0,75.0,76.0,-0.4768240986314486,-0.5723358137498722,-0.6671360395478406,16.428671800501466,0.08744085916284805,-0.7860929836907526,0.6118920796521502,15.90978251867066,0.8746387111906085,-0.23342994086329638,-0.42487361367280574,13.346163339439874,86.7648883471187,84.49537371126043,66.34830163463275,25.335044631795103,7.699222448281225,140806.0,486414.7699228745, 0.0, 0.0,-2.8421709430404007E-14,48.153594075022795, 173.48053281396304,173.48053281396304,0.0, 199.56100854831567, 19.89208205707902, 33.209080820308536, 19.89208205707902, 254.53102547679288, -1.0314089121604226, 33.209080820308536, -1.0314089121604226, 247.05047877789082, 6.961879685323017, 5.184949645677738, 25.0, 0.0
13, 0 ,1.0,1.0,1.0,123.11539147616564,234.93384148851504,76.67691209967343,14.332423322276574,14.556116702251398,16.510278436693827,75.0,70.0,79.0,-0.14341964219644415,0.3904626646308224,0.9093787515450541,16.945833380687155,0.8212388567053771,-0.465810773817358,0.32952551226410143,14.407025845549997,-0.5522658295327426,-0.7940775972945412,0.2538566977754175,13.970129674247838,81.38061598086968,70.05640295659823,72.39651960684276,25.2423230336617,7.260393492087232,145756.0,412749.44303016, -1.4210854715202004E-14, 2.8421709430404007E-14,0.0,65.46697802724843, 158.9665167603299,158.9665167603299,0.0, 205.41835828893744, -9.894524273411305, -8.64336963558561, -9.894524273411305, 211.8805334495621, 30.763031802308593, -8.64336963558561, 30.763031802308593, 272.5892940571572, 6.56556700226698, 5.13158862202513, 32.0, 0.0
14, 0 ,1.0,1.0,1.0,190.9376830655768,279.6548079173088,60.03869088444376,16.804472008387314,12.084665497580858,14.748632661231724,76.0,52.0,78.0,-0.9368999788734129,0.06278139538529243,0.3439141258809743,17.09748391966118,0.3493051075575374,0.20833710006761372,0.9135543741724597,14.531371740583525,0.014295853287445912,-0.9760400345933012,0.2171208867195672,11.935948391265068,80.46007264421121,73.00376672323952,58.36760868732404,24.33817198046974,7.321541483475105,123931.0,342844.81807806826, 0.0, 0.0,0.0,NaN, 126.14737499886378,126.14737499886378,0.0, 282.3902794806728, -3.8155015166072412, -26.365067580342682, -3.8155015166072412, 146.0391401884212, 16.30994824568992, -26.365067580342682, 16.30994824568992, 217.52216537595118, 7.088452278770544, 5.550609806424029, 27.0, 0.0
15, 0 ,1.0,1.0,1.0,173.20215311004785,102.61311983471074,11.667695193562418,14.106895728981664,17.27881747672813,7.490656010915937,70.0,85.0,30.0,-0.2709574273691728,-0.9625676159370345,0.006757018778516202,17.524190763404867,-0.9601069549215777,0.2707554535333771,0.06990078320842653,13.825314989998548,-0.06911372992897732,0.012452675665456409,-0.9975310637790064,7.445493367899433,85.44204919212493,68.3467573402304,32.28140105501919,22.210382836805515,7.769868867544014,73568.0,188513.27817272398, 0.0, 0.0,1.7763568394002505E-15,89.6128483958126, 163.53373183924572,163.53373183924572,0.0, 199.00450710836114, 30.360342564949168, -9.568154128407192, 30.360342564949168, 298.5575333940854, 0.9315047384619789, -9.568154128407192, 0.9315047384619789, 56.10992747387105, 7.138715364375582, 5.188817465808006, 23.0, 0.0
16, 0 ,1.0,1.0,1.0,219.62113105740661,29.438068459936026,262.56397486539095,14.8362809390188,16.910902393897615,17.09415182603232,84.0,71.0,74.0,0.333854207435973,0.40093531588457704,-0.8531074027658138,17.62526813021513,-0.16877048479011722,0.9158340966467792,0.3643685371747772,16.771929427789647,-0.9273930621052795,-0.022333380749734077,-0.37342111411016965,14.365103032562478,88.53112258571247,89.1914238878869,76.44634815824111,27.093643340758817,8.014884219543188,175694.0,603636.9448800391, 0.0, 0.0,0.0,NaN, 93.4281457860615,93.4281457860615,0.0, 220.1152321014926, 2.3767688540054874, -34.3128052926412, 2.3767688540054874, 285.97861977593203, -10.664734649388715, -34.3128052926412, -10.664734649388715, 292.21002665144414, 7.599827314682259, 5.5541236289540095, 33.0, 0.0
17, 0 ,1.0,1.0,1.0,158.56630694199438,254.40259762720072,279.4767043685794,17.35669085878511,14.951921570934426,11.044313564344302,82.0,83.0,49.0,-0.891982116269626,0.42911274691635853,-0.14223274830029886,18.066835809093583,0.4482553690415667,0.8803278720449572,-0.15520941281445075,14.311529531433308,-0.05860911516622408,0.2022006135863467,0.9775888110472302,10.74993510010803,86.85947734415727,74.96442848074645,52.37371555617739,24.213836315465887,7.776996157017445,115644.0,341024.6966801454, 0.0, 2.8421709430404007E-14,0.0,64.58873399508377, 150.01272712256048,150.01272712256048,0.0, 301.2547175674347, -45.48236932832981, 20.54023235880324, -45.48236932832981, 223.55995866337418, -25.064849036634747, 20.54023235880324, -25.064849036634747, 121.97686210755954, 7.527787334001135, 5.525609186032809, 29.0, 0.0
18, 0 ,1.0,1.0,1.0,234.92291997658668,243.1631574546367,10.732669955681914,14.97380031411614,13.698325494227827,7.176638113627405,67.0,66.0,30.0,-0.993857294055895,0.041724148308712634,-0.10250255850370762,15.035586110913894,0.0473704563178358,0.9974553179927144,-0.053281596037405975,13.71283164647632,-0.10001859287219286,0.057809895830781916,0.9933047352267581,7.018001876851925,67.93670161592416,65.84962172955534,33.297976306520226,20.418906471822343,6.814045076292615,59795.0,148962.03002114219, 0.0, -2.8421709430404007E-14,0.0,87.6086882146561, 87.06688933962072,87.06688933962072,0.0, 224.2146958470246, -0.7744126982453803, 17.662511511426302, -0.7744126982453803, 187.64412134581207, -8.132317553100217, 17.662511511426302, -8.132317553100217, 51.50413461396952, 7.106428873502587, 5.130933039632471, 11.0, 0.0
19, 0 ,1.0,1.0,1.0,272.3222957905459,66.06760867769732,238.2518858574457,15.7811231738632,16.238714848262056,13.852502405813423,72.0,82.0,72.0,-0.5684135438396718,0.8207235284160996,-0.05761018211958739,16.651777952023046,0.8207197274185448,0.570531639066862,0.03021221358505899,15.355221922414653,-0.05766430616641907,0.030108781574596018,0.9978819013622994,13.840772456940075,88.19203594706178,79.71434629714841,72.02559633055034,25.445354164678072,7.560785864559417,145292.0,506352.22214548755, 0.0, 0.0,0.0,NaN, 94.57173904955589,94.57173904955589,0.0, 249.0438486286421, -19.28288489077563, 3.9032151870260594, -19.28288489077563, 263.69585992316655, -3.290616653207171, 3.9032151870260594, -3.290616653207171, 191.89182290306667, 6.037456100096416, 4.907110994180938, 28.0, 0.0
20, 0 ,1.0,1.0,1.0,277.679979697919,207.2897071949875,12.425433606944711,13.219973097236434,13.704623747371159,7.798859472664438,55.0,72.0,31.0,0.39366042883042346,-0.9183334281579404,0.041172581905096775,13.807910318872842,0.9161007383931179,0.395623292660974,0.06512793117912796,13.138663621962566,-0.07609798872921103,0.012079943367996447,0.9970271666707958,7.753950004862996,66.34518056179601,62.978958618457625,32.5071248879124,19.572701206057133,6.349486382493458,57137.0,135826.15766502646, 0.0, 0.0,0.0,NaN, 96.1653425023644,96.1653425023644,0.0, 174.76768869165508, -6.41604746380903, 8.827923298440314, -6.41604746380903, 187.81671205700948, -2.0368273184758783, 8.827923298440314, -2.0368273184758783, 60.82220907436783, 7.52011669735562, 5.565302097677307, 11.0, 0.0
21, 0 ,1.0,1.0,1.0,40.69657941809952,85.25327638447779,36.880422005621874,13.32493925368412,13.859254623650427,17.34485242814157,62.0,71.0,80.0,0.2505256227892076,0.023605012985370023,0.9678221508562618,17.59863174614625,-0.1529529990509314,-0.986181847431676,0.06364545449262084,13.880733350470281,0.9559509884964846,-0.16397611764585424,-0.24345336398248346,12.964962510868732,82.75537082767545,72.41483497233251,61.19897000708964,24.85199870391846,7.270145185077401,136965.0,366748.0786639592, 7.105427357601002E-15, 0.0,0.0,75.4913819949748, 101.41251519380927,101.41251519380927,0.0, 177.5540061143719, 4.545815792254465, 34.0988469879871, 4.545815792254465, 192.07893872317572, 1.692338631219419, 34.0988469879871, 1.692338631219419, 300.8439057540086, 6.836304862064578, 4.936755669829548, 22.0, 0.0
22, 0 ,1.0,1.0,1.0,69.91904818749751,63.66995344395368,159.60800604830686,14.571520422331403,14.26988909081612,14.078787142046057,71.0,65.0,70.0,-0.8676969785474089,0.4604969021673723,0.18720191375611364,14.61390907936314,-0.4725885934847621,-0.6474090322372565,-0.5979310715172057,14.509515342692808,-0.15414919632548285,-0.6072924732547512,0.7793804444559379,13.786907391214498,79.43195957342476,78.43247891600441,80.0735589990997,23.8538879959613,6.720358394441804,125655.0,498861.91547088523, 0.0, 0.0,0.0,NaN, 169.27034068829977,169.27034068829977,0.0, 212.32920741842116, -3.128958127950561, 1.962696570163767, -3.128958127950561, 203.6297346641929, 9.940004192713511, 1.962696570163767, 9.940004192713511, 198.21224739104136, 7.01103723172851, 5.099264878582458, 29.0, 0.0
23, 0 ,1.0,1.0,1.0,65.71279292784551,42.06378460204434,34.717194653263086,14.691362108191775,13.302500582693115,16.540612921313542,77.0,69.0,76.0,-0.12585926609696552,-0.011245734259973605,0.9919843640897207,16.56796107652671,0.9217341997741383,0.3684227462552986,0.12112285089293649,14.90046794629582,0.36683171905420314,-0.9295903471436532,0.036003838588131054,13.0331592067079,79.20726021229312,80.54516745203553,62.773020332512814,24.78522737446245,7.216441100399483,136083.0,400476.93207875965, 0.0, 0.0,0.0,NaN, 85.3979902223562,85.3979902223562,0.0, 215.83612059401307, 17.861238783582916, -7.240229596436227, 17.861238783582916, 176.95652175255069, 1.160385576520867, -7.240229596436227, 1.160385576520867, 273.59187581272454, 6.412563806683624, 4.930414013775187, 23.0, 0.0
24, 0 ,1.0,1.0,1.0,27.657415145281565,283.54455676266394,133.2078699537156,14.979065338325231,10.543452061358202,20.236745964093778,64.0,47.0,108.0,0.15786984984446817,-0.07434039898046003,0.9846576133811746,20.397230471151808,0.9869050454952922,-0.021545708365731945,-0.15985685355015036,14.818805670753054,-0.033098968050687946,-0.9970001441978052,-0.06996549709345827,10.460337212270648,105.39580314610006,65.87948942205125,50.607812213284944,25.8160326739787,8.865389104336725,124448.0,351391.38143493596, 0.0, 0.0,0.0,NaN, 137.0403256062304,137.0403256062304,0.0, 224.37239840981636, -5.941408194431255, 30.28256241648425, -5.941408194431255, 111.16438137015852, -22.06566709704655, 30.28256241648425, -22.06566709704655, 409.52588721526587, 6.74822182175683, 4.960485605948236, 19.0, 0.0
25, 0 ,1.0,1.0,1.0,281.5951935797772,104.23891057390581,168.28891002722472,11.73661154266368,13.155323468550122,15.04009716056208,49.0,66.0,73.0,0.09245600816003845,-0.09853987552438517,0.9908288346060329,15.066505765041201,0.4710406831109116,-0.8723730975071747,-0.13071286700299597,13.69835107852917,-0.8772528491885998,-0.47880588099706534,0.0342398439410508,11.06212865709211,72.0336873019724,71.68896715906536,58.717503995262405,22.15334256546056,6.800332480262858,91461.0,303218.4027567862, 0.0, 0.0,0.0,NaN, 168.97425424844198,168.97425424844198,0.0, 137.7480505033863, -27.775888902501517, 5.56585435155942, -27.775888902501517, 173.06253556218562, -2.7723288943365696, 5.56585435155942, -2.7723288943365696, 226.20452259914754, 6.819404586751272, 5.218742897415693, 15.0, 0.0
26, 0 ,1.0,1.0,1.0,33.75478331367925,180.6935510023585,207.33623231132074,15.24899577085904,15.547878341124727,14.361908795419177,69.0,73.0,74.0,-0.6093619455360125,0.7582974219335675,-0.23165284203193287,16.774017838634755,-0.6217756296772288,-0.2757106871761441,0.7330611729701312,14.745782832158467,0.4920092333199164,0.5907356742789154,0.6394984577480888,13.480616877354498,95.24328568739261,76.70959698275533,67.60671297886427,24.96568110957967,7.566213313990225,135680.0,493939.65200333635, 0.0, 0.0,2.8421709430404007E-14,76.60559898462903, 154.79014184127422,154.79014184127422,0.0, 232.53187201967688, -39.919751360557655, -2.2117792951800985, -39.919751360557655, 241.73652091041538, -24.720716367391518, -2.2117792951800985, -24.720716367391518, 206.26442424793873, 6.58661661755276, 4.928579625793514, 35.0, 0.0
27, 0 ,1.0,1.0,1.0,124.06338947538077,187.4079297284229,114.29530179708276,14.011846230398284,13.953603223890775,15.080119913598763,70.0,72.0,73.0,-0.21513984505919148,-0.35265306703267296,0.9106869173214008,15.230255335805834,-0.7209850324640323,-0.5716334081603749,-0.39168332826122776,14.434132994485982,-0.658707393332385,0.740858327203929,0.13127646012081168,13.346910557363776,76.06031435319517,68.12611018429129,65.95151565103181,23.907969427648116,6.844990297229732,124090.0,341740.53048539016, 1.4210854715202004E-14, 0.0,0.0,77.5762681663803, 202.81053944271733,202.81053944271733,0.0, 196.33183478432662, 16.53168043159206, -2.0152215644762514, 16.53168043159206, 194.70304292977502, -10.522162760644425, -2.0152215644762514, -10.522162760644425, 227.41001660851796, 6.338013599435562, 4.765694835924907, 31.0, 0.0
28, 0 ,1.0,1.0,1.0,31.894556765163298,14.020695401021996,71.40406576316374,17.529463289986786,8.977422645553633,14.173217665703309,73.0,36.0,72.0,0.9947911464174463,-0.0015163235259005054,-0.10192289130724122,17.561659754581132,-0.10189389739911622,0.013311861261060128,-0.994706201861929,14.134070028631045,0.0028650798036502635,0.9999102435282533,0.013088017611068028,8.97621694709841,76.47614399936383,68.46013571468629,36.728917119258355,23.0435435431854,7.5994342266164345,90020.0,192296.71365578147, 0.0, 0.0,0.0,NaN, 79.45050823175819,79.45050823175819,NaN, 307.28208323499433, -0.5053605782437074, -11.01969126611917, -0.5053605782437074, 80.59411735689918, -1.5431545713928398, -11.01969126611917, -1.5431545713928398, 200.88009899940434, 6.848399909873243, 5.211634754646228, 16.0, 0.0
29, 0 ,1.0,1.0,1.0,235.4651572703958,274.2316003772022,95.42206103977368,13.757287752992793,13.460035631106246,14.49158944905053,71.0,60.0,70.0,-0.488224571499318,-0.4878119643895217,0.7236547900641181,15.318229106962585,-0.6728149483774182,-0.31773233215071833,-0.6681064363901588,13.577771006874203,-0.5558388372758774,0.8130717388425831,0.17308244992285954,12.705812913018127,77.87720077380422,71.89595001253787,67.27532469060549,23.16219800982873,6.629801929361343,113467.0,376678.2655521396, 0.0, 0.0,0.0,NaN, 118.04289931348369,118.04289931348369,1.3486991523486091E-6, 189.26296631864548, 22.335270449480937, -15.563700297701184, 22.335270449480937, 181.1725591906497, -20.97878979848051, -15.563700297701184, -20.97878979848051, 210.00616475983261, 6.091212863097056, 4.709102152651346, 23.0, 0.0
30, 0 ,1.0,1.0,1.0,134.2711067366579,24.343082114735658,249.6583161479815,15.1718396663069,13.888869032034302,14.391049673338152,75.0,60.0,72.0,-0.8886523728862652,-0.2502234113011092,-0.38429832760558,15.60185069654097,0.1666352834313568,0.6045373016597486,-0.7789527156494812,14.522535317963742,0.42723487975510754,-0.7562558398708641,-0.49552745855487434,13.261445446517167,80.7049309207381,78.77772891207634,64.11620940753363,24.130488947982116,6.921503859776083,128016.0,407634.9053729774, 0.0, 0.0,2.8421709430404007E-14,67.3998135085335, 145.4496506843118,145.4496506843118,0.0, 230.18471886012344, 18.550571742016732, 18.521477625986755, 18.550571742016732, 192.90068298900147, -10.003837373604087, 18.521477625986755, -10.003837373604087, 207.10231070048613, 7.809395917834813, 5.233683936946879, 21.0, 0.0
31, 0 ,1.0,1.0,1.0,20.036476219753194,252.99391331079005,81.46622458390057,11.715969303102598,15.844840416578299,15.281014114105023,49.0,81.0,81.0,-0.18383616647407724,0.935825024027996,0.3007254367344341,16.043830478195087,-0.009282653839167723,0.30427312160445075,-0.9525396053743829,15.211012106463413,-0.9829130664681478,-0.17790275959659504,-0.04724946448478026,11.534856357038636,84.42405105592758,79.09219793415974,53.544203438207205,23.79713690119286,7.4517496066016635,113855.0,357529.8398736915, 0.0, 0.0,0.0,NaN, 96.16536961449678,96.16536961449678,0.0, 137.2639367112424, -21.670965016729312, -6.005307019427741, -21.670965016729312, 251.05896782683317, 6.498942458711684, -6.005307019427741, 6.498942458711684, 233.5093923554769, 6.7771304495788725, 5.281649889127215, 17.0, 0.0
32, 0 ,1.0,1.0,1.0,165.37995167641094,11.435314998210238,219.26989619377161,16.62304016447686,7.717748884972826,13.901364722708394,85.0,32.0,73.0,0.9738112532753898,0.041556840479988186,0.22352778798962608,16.76477423122549,-0.22669157265132545,0.10225413683203351,0.9685840295966088,13.794443336124909,-0.017394650990557523,0.9938898935546414,-0.10899681466382455,7.602153072488623,84.9914015556974,73.90735805943697,35.35732435823266,21.646521156231618,7.782363082501209,67048.0,222096.6775002285, 0.0, 0.0,2.8421709430404007E-14,77.08367810311634, 157.3870182077231,157.3870182077231,0.0, 276.3254643098108, 5.963971340242762, 19.507269336351207, 5.963971340242762, 59.5636478514993, 15.196359918153792, 19.507269336351207, 15.196359918153792, 193.24794115376142, 6.839445686738331, 4.814679355530885, 18.0, 0.0
33, 0 ,1.0,1.0,1.0,58.91939575442614,111.71719369329692,158.19413370915177,13.844907124177245,12.629128658432633,14.939020856970176,71.0,63.0,73.0,0.5073055716082013,0.15266026759634302,0.8481367222993524,15.512182771270028,-0.7875959070539618,-0.3173143461912785,0.5282085694998223,13.363386169114124,-0.3497624110837572,0.9359521613835903,0.040740733845406926,12.455632616578363,74.330330627461,65.30004705364864,62.59023934595982,23.072179132197448,6.482687575778477,113530.0,303798.88186699554, 0.0, 0.0,0.0,NaN, 189.89768370696424,189.89768370696424,0.0, 191.68145327709385, 12.477768338653776, 27.030903880669744, 12.477768338653776, 159.4948906712444, 7.1400427287919666, 27.030903880669744, 7.1400427287919666, 223.17434416498992, 6.624633196954957, 4.938525236839215, 23.0, 0.0
34, 0 ,1.0,1.0,1.0,144.78580148718137,152.51783137878732,58.368974510746924,13.280905862586568,13.9193815457203,13.774418610603997,65.0,66.0,64.0,0.5176602784373758,0.6525215161685736,0.5533927240804714,14.75005117808411,0.02144988261872602,-0.6564939226301185,0.7540262807657061,13.45390015130535,-0.8553173321427444,0.37845924547669124,0.35383733670916123,12.700189454058714,74.6609861537726,66.82516276707665,64.479325577193,22.76706418367894,6.4441477064560235,108124.0,321702.3501056579, 0.0, 0.0,0.0,NaN, 214.75766705507286,214.75766705507286,0.0, 176.38246053088628, 18.7292735630638, 16.438232489261477, 18.7292735630638, 193.74918261533884, 10.560829391654782, 16.438232489261477, 10.560829391654782, 189.73460806015373, 6.215690392176016, 4.736865807769746, 19.0, 0.0
35, 0 ,1.0,1.0,1.0,24.725799658868368,14.403103876687233,264.99128219166545,13.881721207005752,9.12379775847044,19.268627062066198,50.0,41.0,79.0,0.09908671006631345,0.06530948701750933,0.9929332781177919,19.345449019831605,-0.9933153733886262,-0.05288756376884612,0.10260348234056667,13.830769729361728,-0.05921480286253688,0.9964625314100403,-0.05963246278533959,9.038211602853783,83.18666625908816,55.8938950448169,42.52133146641873,24.024650487190144,8.369111484009409,94978.0,197708.32206087638, 0.0, 0.0,0.0,NaN, 45.21531701356011,45.21531701356011,0.0, 192.70218366903325, 7.65100375097977, 17.613404810772415, 7.65100375097977, 83.24368553747021, 18.37699014519045, 17.613404810772415, 18.37699014519045, 371.2799888569898, 6.281228696937979, 4.8173626902127165, 10.0, 0.0
36, 0 ,1.0,1.0,1.0,53.860336505931706,19.115269069421263,163.50679778068474,14.925285792192083,11.91392597226956,15.528182579384985,85.0,47.0,79.0,-0.5238265843898031,0.19575722482421457,0.8290264280562075,16.051298751146746,0.8443332041377926,-0.00947140475979327,0.5357347598226989,14.52108061168401,-0.11272599468144474,-0.9806066496924227,0.1603229512642556,11.718543789245107,86.61232446157695,75.94770956441653,51.56342160503982,23.5262969678019,7.234887231520355,110845.0,339184.58244364883, 0.0, 0.0,0.0,NaN, 147.97541556694972,147.97541556694972,0.0, 222.76415597861086, -12.926027511717216, -18.98700224238553, -12.926027511717216, 141.9416320727192, 19.153328023422297, -18.98700224238553, 19.153328023422297, 241.12445421871536, 6.440942010191653, 4.761354849794365, 21.0, 0.0
37, 0 ,1.0,1.0,1.0,128.7176501244485,93.01313673163149,209.52632288325202,14.347289008950689,12.595928659129461,14.448612818825348,69.0,63.0,68.0,0.6434146004440388,0.09276351022240732,0.7598766894086538,15.333355825459895,-0.6546778711395613,0.5811422062042323,0.48339489158269905,14.277684792716798,0.396755008759322,0.8084977843750071,-0.4346455977979022,11.588807064155429,71.6822870667055,70.37653812472841,58.75982351978304,23.03499013687104,6.530984801302814,111291.0,296428.69071958977, 0.0, 0.0,0.0,NaN, 182.77079446465916,182.77079446465916,0.0, 205.84470190635724, -20.44479072415508, 27.277332793850995, -20.44479072415508, 158.6574187858789, 26.644656943910157, 27.277332793850995, 26.644656943910157, 208.76241238832418, 6.690028485564228, 4.829313109474629, 27.0, 0.0
38, 0 ,1.0,1.0,1.0,282.3719384374762,255.47575188174088,245.74518024525085,11.098545771165789,13.991189825703122,15.884395886160416,44.0,74.0,90.0,0.2140775716548967,0.3435698537513848,0.9144017437142139,16.330377750057707,-0.1285776644248051,-0.918047540610684,0.3750419941683023,13.768473957612837,-0.9683173950339862,0.19785971993290272,0.1523579787955604,10.723480361372784,93.98833970773683,78.01860217615888,53.91978797846443,22.661982283826674,7.594715439654696,92069.0,395385.11795165326, 0.0, 0.0,0.0,NaN, 72.36534178437043,72.36534178437043,0.0, 123.177718234662, 19.959957776903277, 26.097112466537364, 19.959957776903277, 195.75339273885857, 21.976871855863507, 26.097112466537364, 21.976871855863507, 252.31403266826996, 6.405711921060018, 4.913333540520654, 16.0, 0.0
39, 0 ,1.0,1.0,1.0,133.64193507715285,278.56592665871375,54.47473013471442,13.675229299367828,12.437736972353738,14.819861601194807,62.0,52.0,72.0,-0.09354552577994099,-0.03680574377411114,0.9949344560481305,14.834469991008804,0.9716278539048228,-0.22141171711759758,0.08316348380957407,13.726341228015885,0.21722925245662178,0.9744856021246652,0.05647356132621564,12.363800056626696,71.85337588186715,67.8499433696593,57.90279359261831,22.71104677310423,6.748766534133416,103107.0,282290.4488081395, 0.0, 0.0,0.0,NaN, 145.9009339737602,145.9009339737602,1.9073486328125E-6, 187.01189639028829, -7.4162622681966885, -3.381733909011856, -7.4162622681966885, 154.69730099345512, -3.1153168852815836, -3.381733909011856, -3.1153168852815836, 219.6282978785683, 6.243216554261977, 4.649884233924887, 15.0, 0.0
40, 0 ,1.0,1.0,1.0,200.03688950954572,175.0863285753114,190.46694846153125,14.387246963134553,12.354583111087758,14.161013211936886,75.0,65.0,66.0,0.9083201481099514,0.29715785815830253,0.29436663512070466,14.630362584742128,0.299476527907934,0.029288674094785305,-0.9536540162983521,14.123648289680022,-0.29200739334771003,0.9543790551476599,-0.06238831081008731,12.10941550381548,75.5137812042681,68.96345326782966,62.05825845633676,22.754298674687966,6.511895733102316,106697.0,323180.24155757204, 0.0, 0.0,0.0,NaN, 193.8905313496528,193.8905313496528,NaN, 206.9928751782244, 18.658286650304913, 2.9331104984715606, 18.658286650304913, 152.63572384877486, 4.420667288872522, 2.9331104984715606, 4.420667288872522, 200.53429518865104, 6.7100252459002006, 4.827892287704679, 35.0, 0.0
41, 0 ,1.0,1.0,1.0,104.7870114333902,216.1394363711243,276.10722480437727,13.954082110840824,14.177067584873072,12.489339847288614,72.0,68.0,54.0,-0.638844808324523,0.7453867438722571,-0.19046236619426277,14.532362967242406,0.7152606594194756,0.6666286137294484,0.2097819831252683,13.719944015530976,-0.2833363724685206,0.0022121068391017587,0.9590180429062385,12.33948238307568,72.99779662386118,64.43110683182715,57.41664768279108,22.54429350387719,6.5912133248578515,101982.0,270049.3745268934, 0.0, 0.0,0.0,NaN, 136.3223261386143,136.3223261386143,0.0, 194.7164075560879, -10.907221888007737, 12.567825988663403, -10.907221888007737, 200.9892453060588, -3.3348702390443643, 12.567825988663403, -3.3348702390443643, 155.98360982107116, 5.48848837145905, 4.402152323522825, 22.0, 0.0
42, 0 ,1.0,1.0,1.0,175.4037563441492,279.6885516598624,173.69526810045284,13.143733520874108,11.423515258552984,16.046361733316797,70.0,50.0,75.0,0.29704452131477715,-0.045957696542205634,0.9537570143833329,16.323184088257353,0.8966214752973826,-0.33008088780197425,-0.2951551076017591,12.99295568310441,-0.32838161092305435,-0.9428332289627872,0.056842061637352254,11.201648112860125,78.46034805023899,71.27261940248366,56.02679472799605,22.650996227048637,6.904529421244925,98713.0,313306.0115030056, 0.0, 0.0,0.0,NaN, 178.57677387342034,178.57677387342034,0.0, 172.75773086774964, -14.751237577172956, 28.46820980608769, -14.751237577172956, 130.49670086239283, -1.9566387154648746, 28.46820980608769, -1.9566387154648746, 257.4857248764536, 6.616082545813104, 4.949386921507548, 27.0, 0.0
43, 0 ,1.0,1.0,1.0,240.0784876643402,93.84675783152086,186.74071782178217,13.611462426912768,12.293918454875035,13.472303524289618,66.0,62.0,68.0,0.7773120775069581,-0.36992448101789394,0.508863255212497,14.263531453788293,0.4487150957980834,-0.24093546167820512,-0.8605840261757286,13.185412784562972,-0.4409543025810432,-0.8972769815667583,0.021291345324183197,11.857987299387567,70.11019514453682,67.15806544119084,60.082176665386044,21.92510220387826,6.099606214697867,98576.0,282894.83037552383, 0.0, 0.0,0.0,NaN, 158.82527064546724,158.82527064546724,0.0, 185.27190939925802, -21.662396174956445, 12.017570871336538, -21.662396174956445, 151.14043097511697, -4.935569678057085, 12.017570871336538, -4.935569678057085, 181.50296225058648, 6.7614315157326, 4.749125700253708, 19.0, 0.0
44, 0 ,1.0,1.0,1.0,118.55236101069474,169.6954582586079,271.91084590755014,14.445392263541363,12.149837949651815,14.312926500041328,69.0,58.0,62.0,-0.9328919469171421,-0.042122723466406074,-0.35768462581569976,14.479754959845243,0.3519344896152132,0.10437744994369932,-0.9301867892861787,14.304063988797852,0.07651621002391482,-0.9936453210834453,-0.08254844330787177,12.119333090280952,72.19029135110554,70.74298814963228,57.7157841193212,22.761021432607162,6.563816587193843,106501.0,294752.02342285664, -1.4210854715202004E-14, 0.0,0.0,21.109799935028118, 178.38984409790172,178.38984409790172,0.0, 208.66935764758068, 4.587781119622257, 2.0520715091549553, 4.587781119622257, 147.6185622027994, -4.65888230002103, 2.0520715091549553, -4.65888230002103, 204.8598649955853, 6.127971215645905, 4.556286379800212, 17.0, 0.0
45, 0 ,1.0,1.0,1.0,91.90928108036542,268.2059843770687,41.0960060020301,12.182960085615731,15.381819183061712,14.672294719565746,63.0,65.0,71.0,0.2572528988416479,0.7327094062567385,-0.6300459285008246,16.290381071282866,0.33668295064832404,-0.679096673647322,-0.652282376416748,14.267078714078174,0.9057955270259987,0.04432419005509311,0.42139035275579473,11.461895989957108,83.49001886787937,66.55954260180721,57.73487844782926,23.49658940647626,6.943442692888566,113295.0,320836.037423085, -1.4210854715202004E-14, 0.0,0.0,75.09287889786226, 105.57962439533354,105.57962439533354,0.0, 148.42451644770605, 8.756159648947534, -37.569515427081235, 8.756159648947534, 236.60036138040525, -29.889902397009102, -37.569515427081235, -29.889902397009102, 215.2762323377969, 6.785035790692487, 4.6260855311126505, 16.0, 0.0
46, 0 ,1.0,1.0,1.0,51.54639623028068,187.1760704773612,47.20324523663184,15.82080548885751,11.601921481347768,15.583245883415197,74.0,60.0,81.0,-0.9770997689979449,-0.20866456939382352,0.04165499854583058,16.001521931498576,-0.021203363908851372,-0.09930712070812481,-0.9948308967536195,15.614434730154285,0.21172259865945284,-0.9729322655027695,0.09260857390401865,11.308436875718984,75.35165187299894,80.58693806847886,59.34810472479964,24.035529964910776,7.073423495341744,122025.0,360382.99209272995, 0.0, 0.0,0.0,NaN, 132.7193143371682,132.7193143371682,1.9073486328125E-6, 250.29788631626388, 26.375772808788085, -2.7711794542691344, 26.375772808788085, 134.60458205935876, 10.339121295562068, -2.7711794542691344, 10.339121295562068, 242.83755226297666, 6.556762882192173, 4.737427250651994, 27.0, 0.0
47, 0 ,1.0,1.0,1.0,279.44978379132374,234.804505509834,49.63428850407509,11.861957679771141,13.582561369770277,15.221613668151338,50.0,60.0,76.0,0.21732205125638185,-0.07801861306705209,0.9729769894775578,15.386467201897736,-0.01167032345817627,0.9965216373585164,0.08251321001320293,13.572309845572292,-0.9760301888712763,-0.029286896240383643,0.2156556239018704,11.659269639364881,80.93288543745253,62.89935484606653,58.13327506382498,22.578931741239934,6.861587093899756,100366.0,295934.77777344553, 0.0, 0.0,0.0,NaN, 84.47678073498282,84.47678073498282,0.0, 140.70603999668157, -2.270517827057334, 21.26862995497021, -2.270517827057334, 184.48597336357582, -3.683145938480462, 21.26862995497021, -3.683145938480462, 231.69752266245163, 6.280191616612062, 4.584160570749511, 13.0, 0.0
48, 0 ,1.0,1.0,1.0,187.40057305271395,67.05844447257287,61.85550556367444,11.915324925685281,12.781902495670284,13.450553794055192,58.0,63.0,72.0,0.09802652790066645,0.38312281732086373,0.9184811956027538,13.585763714954457,-0.22561013693387416,-0.8903417768484221,0.395463761312049,12.696403206141284,-0.9692733700769967,0.24598460774308376,8.407217511090669E-4,11.853175387581333,68.72853040086206,63.54915606228137,57.270542800032814,21.198542678122195,6.073811421513854,86903.0,250137.11953278445, 0.0, 0.0,0.0,NaN, 144.91918262423408,144.91918262423408,0.0, 141.97496808465695, 5.8134873303023715, 2.121388166380067, 5.8134873303023715, 163.37703140882223, 8.220934688585151, 2.121388166380067, 8.220934688585151, 180.91739736677252, 6.010796985701955, 4.538680573305013, 29.0, 0.0
49, 0 ,1.0,1.0,1.0,230.67589603028966,242.6228891314952,286.3554505121832,18.037889797185862,15.309594223663957,7.864227321848837,102.0,77.0,32.0,-0.9532189014962236,-0.30226572600849455,0.0030260057651576495,18.31875503588093,-0.3002304546103916,0.9478696294794122,0.10679344378284769,15.035606371041732,-0.03514825678139235,0.10088903008315785,-0.9942766233066678,7.742672018680428,110.22575417098003,79.60430283590955,35.60637535166995,23.582319920872592,8.091316465696567,86102.0,312426.1577944372, 0.0, 0.0,0.0,NaN, 91.01723997982678,91.01723997982678,0.0, 325.3654683354218, 32.14091826094098, -6.121295649427599, 32.14091826094098, 234.3836752932448, 16.56365099684772, -6.121295649427599, 16.56365099684772, 61.84607136971373, 6.871953397198024, 5.185303092295333, 18.0, 0.0
