// Sample: .//bubblelabels.tif, Map: .//bubblelabels.tif, Thickness:(8.191250068658265):/afs/psi.ch/project/tipl/test/LabelValidation/SmallStep0500//distmap.tif, Neighbors:(1.0):
//LACUNA_NUMBER, TRIANGLES, SCALE_X, SCALE_Y, SCALE_Z, POS_X, POS_Y, POS_Z , STD_X, STD_Y, STD_Z,PROJ_X, PROJ_Y, PROJ_Z, PCA1_X, PCA1_Y, PCA1_Z, PCA1_S, PCA2_X, PCA2_Y, PCA2_Z, PCA2_S, PCA3_X, PCA3_Y, PCA3_Z, PCA3_S,PROJ_PCA1, PROJ_PCA2, PROJ_PCA3,OBJ_RADIUS, OBJ_RADIUS_STD, VOLUME, VOLUME_BOX, Mask_Grad_X,Mask_Grad_Y,Mask_Grad_Z,Mask_Angle, Mask_Distance_Mean,Mask_Distance_COV, Mask_Distance_STD, SHAPET_XX, SHAPET_XY, SHAPET_XZ, SHAPET_YX, SHAPET_YY, SHAPET_YZ, SHAPET_ZX, SHAPET_ZY, SHAPET_ZZ, Thickness, Thickness_STD, Neighbors, Neighbors_STD
1, 0 ,0.3333333432674408,0.3333333432674408,0.3333333432674408,163.8195730781122,16.829506808436278,157.25728227118142,17.479164389103346,11.83587395015007,20.079908590040848,115.0,47.0,91.0,-0.42206251769856895,-0.025869268082499994,0.9061975568951953,20.75828977058132,-0.9027123387014818,0.10407010213240553,-0.41746837892019056,16.719514055327462,0.08350847088796641,0.9942334709770269,0.06727659681439947,11.762783873038833,120.4268251522131,93.83747291094883,51.39177656166031,27.47350337435839,9.696310701942505,148786.0,580755.2863013425, 0.0, 0.0,0.0,NaN, 197.99955666781682,197.99955666781682,0.0, 305.52118774129855, -10.06899768612286, -58.685832386313194, -10.06899768612286, 140.08791216384103, -12.991662660645838, -58.685832386313194, -12.991662660645838, 403.2027289843963, 3.187288820973709, 4.285348576880825, 22.0, 0.0
2, 0 ,0.3333333432674408,0.3333333432674408,0.3333333432674408,17.77615003398465,282.9044206441906,76.82878994846212,11.946493618659613,11.01955532553219,33.43250225835494,55.0,48.0,147.0,0.11648267348047193,0.022039520226535592,0.9929481589322907,33.641173363779515,-0.7717750198683612,-0.6272571501321188,0.10445949605145481,12.02183276640416,-0.6251360695768822,0.7785003064587176,0.056055038646407276,10.277573072121195,147.40777570934316,70.98907685832972,53.43812897013612,33.68275347561052,15.727480246668414,151539.0,559194.8530736128, 0.0, 0.0,0.0,NaN, 80.69023056409259,80.69023056409259,0.0, 142.71870978067486, 21.463812992643, 115.54425733726457, 21.463812992643, 121.43059957246486, 19.90669856349474, 115.54425733726457, 19.90669856349474, 1117.732207254908, 5.0497599980204955, 4.902823194256922, 14.0, 0.0
3, 0 ,0.3333333432674408,0.3333333432674408,0.3333333432674408,224.91687627332308,93.53466724818823,137.27294670115967,14.857151632159338,17.542577179412724,16.99000841714043,77.0,102.0,89.0,-0.1905042224940634,0.8685525013406081,0.4575201565252671,17.909660651772366,0.10668172574007984,-0.44497857207268815,0.8891642591722126,16.738231323592956,-0.9758725073517808,-0.2181985857220993,0.007888382839653088,14.704183834112579,107.5006047519571,84.12357072559317,73.830734783038,27.24338552609701,8.656517764530353,167377.0,667676.0477756442, 0.0, 0.0,0.0,NaN, 182.2911718701819,182.2911718701819,0.0, 220.7349546209749, -20.334007507459575, -3.0452600569181323, -20.334007507459575, 307.7420140956521, 16.238776694328138, -3.0452600569181323, 16.238776694328138, 288.6603860145027, 3.33627234031911, 3.63715080502485, 29.0, 0.0
4, 0 ,0.3333333432674408,0.3333333432674408,0.3333333432674408,203.05466318132696,190.32007241624564,13.973148721169744,19.91162515285053,16.30547381430151,8.893680801519132,106.0,90.0,41.0,-0.9619807412738939,0.235144746429922,0.13892444581331465,20.256886880490306,0.24633320642712053,0.9666898047409537,0.06950376120203743,16.107255236573966,0.1179534010932394,-0.10108298391076427,0.9878609343091938,8.464851646112429,106.59771332776492,90.45074731666554,41.6146296872476,25.588549776384298,9.309402294333946,108263.0,401241.71898728464, 0.0, 0.0,0.0,NaN, 147.04874610430207,147.04874610430207,0.0, 396.47281622762983, -31.894758029606937, -42.047958158668294, -31.894758029606937, 265.8684763088723, 23.68137268054694, -42.047958158668294, 23.68137268054694, 79.09755819930999, 3.32695764402665, 3.835197108217216, 21.0, 0.0
5, 0 ,0.3333333432674408,0.3333333432674408,0.3333333432674408,265.3632697237254,12.40047849615494,24.23196810025634,21.500324567265437,8.29570713202363,13.272988053828213,82.0,36.0,49.0,-0.9897754670760155,-0.14008380710891216,-0.026852406974575607,21.68837520047211,0.046512288667987164,-0.13901970573361516,-0.9891967086583965,13.358697927255957,-0.1348374272126289,0.9803316012470535,-0.1441139126492195,7.642937658191756,85.89758533496169,53.053607770895255,38.98947975422987,24.905170988186402,9.326702699471834,87775.0,177681.95261233175, 0.0, 0.0,0.0,NaN, 44.05295936911434,44.05295936911434,0.0, 462.26395649775765, 56.34422492363012, 5.42627701686389, 56.34422492363012, 68.81875682030773, 18.057349556704523, 5.42627701686389, 18.057349556704523, 176.17221187706645, 4.354909212330881, 4.043973912040074, 7.0, 0.0
6, 0 ,0.3333333432674408,0.3333333432674408,0.3333333432674408,179.135648020575,18.453366400293927,10.558684669789658,21.60327615961962,11.638641065088057,6.753880638567623,95.0,48.0,28.0,-0.9371213427343982,0.34898423306405746,0.003687012933313821,22.805354047094895,0.3308544911355109,0.8917011297662055,-0.3088760283174051,9.294196874413142,-0.11108057745232025,-0.28823445360741295,-0.9510951608890118,6.427141012694803,102.26843825251127,50.58394232292101,31.83699845698738,23.21526491603562,10.431964591057712,54435.0,164697.27509495686, -2.8421709430404007E-14, 0.0,-1.7763568394002505E-15,38.53322292937497, 122.7200233575022,122.7200233575022,0.0, 466.70154082878946, -143.2813200606182, -6.260500185574166, -143.2813200606182, 135.45796584195406, -11.79845281465506, -6.260500185574166, -11.79845281465506, 45.61490368001861, 3.801933993134845, 3.996278864210217, 10.0, 0.0
7, 0 ,0.3333333432674408,0.3333333432674408,0.3333333432674408,29.914503523571735,172.00533337273035,229.71451682006884,16.118644658552363,14.968797146357542,15.815119301453379,78.0,79.0,85.0,-0.7231760918209449,0.08690083823542084,0.6851748569033791,18.427114499450216,-0.11315780217818701,-0.9935552468488893,0.006579001842643224,14.948786731060068,0.6813307948601672,-0.07277510407429456,0.7283489082865363,13.07550452755523,107.32893624237605,77.79875968430781,72.71248403073807,25.798215710379132,8.273189126178984,135374.0,607153.4675530302, 0.0, 0.0,-2.8421709430404007E-14,46.75063979535355, 149.05556464595367,149.05556464595367,0.0, 259.81070562867865, -4.6927495054002515, -83.57564364149896, -4.6927495054002515, 224.0648880088017, 9.695060490610624, -83.57564364149896, 9.695060490610624, 250.11799851920318, 2.589464214727799, 3.2186930670048963, 24.0, 0.0
8, 0 ,0.3333333432674408,0.3333333432674408,0.3333333432674408,61.53096513485575,133.61650690724557,283.3369749083733,16.09584185686161,15.47484342779961,10.080357717437598,83.0,81.0,43.0,-0.9577269215341139,-0.27012906067072673,-0.09894157038343321,16.299039442889352,0.22458978069186628,-0.917006629662191,0.3296335413218259,15.919215056025301,-0.1797736748736266,0.2934776511708163,0.9389101629472821,9.00446673305362,82.73288321538016,83.76087045920436,47.460155722515935,23.062412423839316,8.263513120960138,85128.0,328888.3578916622, 0.0, 0.0,0.0,NaN, 148.04420621464732,148.04420621464732,0.0, 259.0761250810982, 12.258538762716153, 30.249256814931968, 12.258538762716153, 239.47077911491283, -47.161346644361366, 30.249256814931968, -47.161346644361366, 101.61361171150376, 3.756549848792708, 3.7112605244203114, 16.0, 0.0
9, 0 ,0.3333333432674408,0.3333333432674408,0.3333333432674408,133.5360176842022,169.4749655534739,131.45166086775507,14.933074457660997,13.508150444218685,14.755820095980463,80.0,68.0,70.0,0.6854204281946918,0.5109224913021652,0.51880347386558,17.2102918149651,-0.45774476101720807,-0.2517645544433704,0.852692408132751,13.751438883382784,-0.5662760549190688,0.8219323676602107,-0.0613075249686054,11.74328966546286,80.68280933110523,71.36348150779186,63.657336394401426,23.715531574671452,7.795808490297483,100881.0,366526.60436547815, 0.0, 0.0,0.0,NaN, 228.35978582297204,228.35978582297204,0.0, 222.99671275804727, 61.33255729683077, 36.304367425352915, 61.33255729683077, 182.47012842364546, 30.966581115586763, 36.304367425352915, 30.966581115586763, 217.73422670494088, 2.8375435642222824, 3.2619718366956265, 25.0, 0.0
10, 0 ,0.3333333432674408,0.3333333432674408,0.3333333432674408,255.05508684863523,50.47202233250621,10.734863523573202,17.756794881013775,17.447684621166736,7.349124315670189,78.0,69.0,32.0,-0.7267442599141378,0.6841377189840658,0.06163085384068907,20.022331241303206,-0.6855595307318005,-0.7280115733417502,-0.002697944266200996,14.837639760964514,-0.04302220943473061,0.044212334746652864,-0.9980953656598169,7.258497728913938,90.17446203365719,89.01252751402373,33.912627792703425,24.36847990721206,8.939366773168777,80600.0,272205.0238960006, 2.8421709430404007E-14, 0.0,0.0,43.38585624240866, 68.43031164174594,68.43031164174594,0.0, 315.303764446397, -89.54324788035166, -15.28643665067823, -89.54324788035166, 304.4216986396982, 15.010770685429923, -15.28643665067823, 15.010770685429923, 54.00962820717483, 2.9105559727246355, 3.218224176953995, 11.0, 0.0
11, 0 ,0.3333333432674408,0.3333333432674408,0.3333333432674408,280.4644245740469,226.25999377196496,274.20008897192935,12.746534269164137,18.034287884444808,12.984093790896665,54.0,106.0,58.0,-0.20832581233196973,-0.9715512563807033,0.11264329603354656,18.322796176363244,-0.49413636232418057,0.005159540469937529,-0.8693691014587334,13.110016539749497,-0.8440554551362437,0.23677317281992769,0.4811536690991076,12.194218857792936,104.31919194902201,66.73390623355158,59.88892400132656,24.301372401547937,8.108000144679508,112395.0,416924.3607424227, 0.0, 0.0,0.0,NaN, 80.52864480909953,80.52864480909953,NaN, 162.47413587497573, 37.79480924504873, 5.566213405883271, 37.79480924504873, 325.23553949903277, -20.571822589418773, 5.566213405883271, -20.571822589418773, 168.58669157080135, 2.82517820682871, 3.5170048687373243, 13.0, 0.0
12, 0 ,0.3333333432674408,0.3333333432674408,0.3333333432674408,81.00366071049616,209.19257459360807,68.25439285259539,11.745475554998078,13.791154332317701,14.677705550566815,52.0,66.0,68.0,-0.23809069750652218,-0.49074098730554333,0.8381444404989142,15.287438355274926,-0.03263101866907679,-0.8584317333015742,-0.5118888315654802,13.331564209310239,-0.9706946154076862,0.14922547583852672,-0.18837123182505638,11.495686074641645,74.05592697630769,68.24435887903525,58.78006926825138,22.308338132563932,6.7768151681476265,94244.0,297068.54844182765, 0.0, 0.0,0.0,NaN, 139.52148114579,139.52148114579,0.0, 137.95619601305742, 13.142529622736726, -19.504400975490665, 13.142529622736726, 190.1959378178053, -21.742009845525583, -19.504400975490665, -21.742009845525583, 215.43504022913987, 3.4847552287465247, 3.654367584572507, 23.0, 0.0
13, 0 ,0.3333333432674408,0.3333333432674408,0.3333333432674408,226.49969075642852,203.03879601169504,247.68502136591948,13.036449011449777,15.2571816959301,12.791693286772077,60.0,69.0,61.0,-0.03891850112743603,-0.9105220473226819,0.41162477040298023,15.867800731524103,0.8491939476456833,0.18697116921046106,0.4938738919663742,13.619796271055682,-0.5266450318306768,0.36877009534855965,0.7659331741246622,11.360988634497675,69.99349710557229,61.01833691470989,54.35120782279185,22.84647630232727,6.663072402491876,106712.0,232127.8554145189, 0.0, 0.0,-2.8421709430404007E-14,65.69305872248864, 132.44103415198262,132.44103415198262,0.0, 169.9490028281299, 13.307699980024692, 21.699224133228487, 13.307699980024692, 232.7815933026245, -40.782329901556, 21.699224133228487, -40.782329901556, 163.6274171428498, 2.942307788428483, 3.3127845476264475, 22.0, 0.0
14, 0 ,0.3333333432674408,0.3333333432674408,0.3333333432674408,158.63119197727588,216.58978800055425,166.43103089926564,13.27326173326382,13.013609589729695,16.472768710717663,74.0,71.0,80.0,0.2406905025886284,-0.1653197930638464,0.9564190755024495,16.67855165799951,0.6925547988778749,-0.6611335960949173,-0.2885657960774786,14.127099769518843,-0.6800264204535436,-0.7318276669653381,0.044635561486448885,11.795617291347314,80.709792041756,65.5311057838063,60.29859868958627,23.817838591146526,7.042455923653853,115472.0,318919.4042471936, 0.0, 0.0,0.0,NaN, 211.62011448392906,211.62011448392906,0.0, 176.17947703972564, -33.20541515190112, 19.92810649254392, -33.20541515190112, 169.35403455390468, -10.453451298700903, 19.92810649254392, -10.453451298700903, 271.3521089967989, 3.2294355505127377, 3.4371506632673565, 25.0, 0.0
15, 0 ,0.3333333432674408,0.3333333432674408,0.3333333432674408,80.05354943505345,44.1109187298074,93.28573978544526,16.30129021747938,13.46830648728332,12.711331126848231,78.0,66.0,59.0,-0.87524751599845,-0.4788949086375973,0.06783400489083735,17.38942598143363,-0.06768870769582533,-0.017589527225710527,-0.9975514259337435,12.685878746048232,-0.4789154670597018,0.877696003758114,0.017020587475899032,12.05743031839995,76.2724454131718,58.06243228495029,58.877502831913304,23.60770640247231,7.1680875985801835,112046.0,260742.77161200618, 0.0, 0.0,1.4210854715202004E-14,86.1104109543508, 130.60081613702124,130.60081613702124,0.0, 265.73206275448894, 65.82971714850301, -8.271981496105829, 65.82971714850301, 181.39527963539794, -4.827697321220855, -8.271981496105829, -4.827697321220855, 161.57793901638072, 3.433384145783505, 3.5783190440576105, 24.0, 0.0
16, 0 ,0.3333333432674408,0.3333333432674408,0.3333333432674408,143.67507737913596,189.26659401020098,74.76073935219495,16.300073162317332,13.180570755540916,13.000314948316294,77.0,65.0,69.0,-0.9668279488990617,-0.10860327375427802,-0.23119049755015106,16.60187177243877,-0.07556094308504385,-0.742994256273582,0.6650188561421138,14.781607067488462,-0.24399643667015264,0.66042778869027,0.7101414470497746,10.691583860589141,80.18029432727826,75.95081964961159,51.89114224545733,23.64679914113554,7.018326700355856,114695.0,316004.55434451107, 0.0, 0.0,0.0,NaN, 196.1978165283426,196.1978165283426,0.0, 265.6923850968978, 22.787027847579633, 30.821443597699915, 22.787027847579633, 173.72744544182046, -47.42858125613206, 30.821443597699915, -47.42858125613206, 169.00818875541609, 3.3040011819448636, 3.366542385765682, 20.0, 0.0
17, 0 ,0.3333333432674408,0.3333333432674408,0.3333333432674408,158.2457123090485,131.4270729883839,9.268799446533581,20.373933134694674,18.20616578357057,5.921404705749238,91.0,79.0,23.0,-0.9470524367166006,-0.3210156579891627,-0.006374122287354773,20.640482982357348,-0.3204657594260079,0.9462838524932181,-0.04299497117228477,17.918641667063056,0.019833787955437034,-0.03867580427578091,-0.9990549549544109,5.8751511186983825,88.83612535060075,79.06279617722689,23.952101472291623,26.291211320163438,9.507726590709396,89617.0,168230.75766789654, 0.0, 0.0,0.0,NaN, 193.52845846604342,193.52845846604342,0.0, 415.09715137700954, 32.12712825463673, 6.311760449326989, 32.12712825463673, 331.4644725388558, -10.85772522196893, 6.311760449326989, -10.85772522196893, 35.06303368926921, 3.1416833311602352, 3.4067642288301236, 20.0, 0.0
18, 0 ,0.3333333432674408,0.3333333432674408,0.3333333432674408,109.12871091072489,289.2380161764482,23.13291495940656,18.958074151675845,6.6346212133592966,14.112598563414688,82.0,26.0,65.0,-0.912380803817228,0.03791865674335925,0.4075824386508918,19.98398577518283,0.4092768615986576,0.10233129254042504,0.9066536037136558,12.687429086029441,0.007329350979576365,-0.9940274050738164,0.10888433577164779,6.500897485851925,89.11852992253726,67.52729833495941,27.087472260206823,22.952166198348323,8.705761264857864,65651.0,163010.60829583622, 1.4210854715202004E-14, 0.0,0.0,24.16353733678215, 112.07152892404962,112.07152892404962,0.0, 359.40857554043987, -7.382495875020706, -88.74448418770022, -7.382495875020706, 44.018198644757184, 16.532666232720324, -88.74448418770022, 16.532666232720324, 199.1654382120943, 4.547219782760378, 4.020241984036858, 11.0, 0.0
19, 0 ,0.3333333432674408,0.3333333432674408,0.3333333432674408,8.07210925513754,96.42087862220974,37.786783931542665,5.519521744201343,14.667496619237758,14.859142426227915,23.0,64.0,74.0,0.037532288701435594,-0.6692110064656842,0.7421239493036313,15.637874758561782,0.020131770669458218,-0.741990123003564,-0.6701084756775348,13.847528476480793,-0.9990926078770399,-0.04009097392610145,0.01437618499853898,5.486120590324175,69.19509675596282,63.59050501737431,24.617596470352087,20.282230533464258,7.41793876965527,46277.0,108321.14535617936, 0.0, 0.0,0.0,NaN, 103.87485654379924,103.87485654379924,0.0, 30.465120284711436, -7.800991247537724, 3.792261858384183, -7.800991247537724, 215.13545707535104, -26.123866945454925, 3.792261858384183, -26.123866945454925, 220.79411364292642, 3.1137467015897773, 3.2412215290377686, 10.0, 0.0
20, 0 ,0.3333333432674408,0.3333333432674408,0.3333333432674408,148.14738286711045,96.56499544679158,94.28863493529313,12.457588946312171,12.94338506219798,11.607075902434314,60.0,70.0,57.0,-0.40948612511622673,-0.8262859605558793,0.38674620195361376,13.658313313363905,-0.8853002809026675,0.25749079958353793,-0.3872233215645567,12.273868447900375,0.2203736054316754,-0.500949098729679,-0.8369501027605925,10.965836994324794,69.41554483280328,64.13479356630003,54.637170082568275,20.54478448582219,5.946324970904014,77967.0,243242.03885264674, 0.0, 0.0,0.0,NaN, 200.40656694323684,200.40656694323684,0.0, 155.19152235527918, 15.503272375760467, -0.07893985970284653, 15.503272375760467, 167.5312168683298, -24.217908314217667, -0.07893985970284653, -24.217908314217667, 134.72421100487136, 2.637437407621548, 3.027375115215385, 15.0, 0.0
21, 0 ,0.3333333432674408,0.3333333432674408,0.3333333432674408,261.2720111155018,225.8760850998738,158.90337671608307,14.918077160953215,10.23309788919243,12.752223322919235,78.0,47.0,57.0,0.8922259695271578,0.07576167819598528,0.4451887098953101,15.559857907189103,-0.4493505117360179,0.2469838169892339,0.8585354458308677,12.109691827025483,0.04491032068357117,0.9660533951404323,-0.25440892443808294,10.056376287217505,80.81047356831203,58.96927279606149,46.50212453548457,21.095097984250117,6.699355140789666,78449.0,221598.19514224224, 0.0, 0.0,0.0,NaN, 164.01972133034045,164.01972133034045,0.0, 222.54902618015393, 4.478415531795129, 38.439391760959694, 4.478415531795129, 104.71629240979458, 14.405929011931788, 38.439391760959694, 14.405929011931788, 162.61919967760528, 2.701969331134873, 2.9692136840085603, 20.0, 0.0
22, 0 ,0.3333333432674408,0.3333333432674408,0.3333333432674408,16.401533554260347,97.71040193712118,152.59437645031858,10.27951981639929,20.184428511683045,15.51354720232719,42.0,99.0,73.0,0.020702140455728955,0.9902150433461677,0.1380057582548529,20.271344990122607,-0.10460883544794466,-0.135132321073609,0.9852899306029079,15.451840413909906,-0.9942979497750039,0.0348342321891072,-0.10078771423650423,10.20112880578979,99.98407204729429,71.44638081408884,45.396301567725956,26.044365887173722,8.685668329659618,128851.0,324288.4841910057, 0.0, 1.4210854715202004E-14,0.0,8.021800365068453, 177.60841985591702,177.60841985591702,0.0, 105.66852765574569, 8.194660690077855, -13.006440375213176, 8.194660690077855, 407.4111543432435, 24.00059104891415, -13.006440375213176, 24.00059104891415, 240.6701467988338, 2.9398197528098904, 3.657094240658575, 20.0, 0.0
23, 0 ,0.3333333432674408,0.3333333432674408,0.3333333432674408,258.50763432547353,177.12799574797063,171.00028991109394,13.396041143969171,12.098821089115148,13.566374109808041,73.0,63.0,65.0,0.6921600593930204,0.007032032517872178,0.721709777334157,15.384790705466239,5.858926879872756E-5,0.9999519840259568,-0.009799296395673281,12.098674189638055,-0.7217440327071284,0.00682496602337785,0.692126412651931,11.261092059235992,78.9389674321535,63.00542673684859,63.67426255928302,21.511092787951576,6.866934078081949,82784.0,316689.2507658019, 0.0, 0.0,0.0,NaN, 182.92094205202736,182.92094205202736,0.0, 179.45391833091486, 0.5359623440192229, 54.88909471366504, 0.5359623440192229, 146.38147174641747, 0.3659273301849668, 54.88909471366504, 0.3659273301849668, 184.04650648726994, 3.0405537275616172, 3.254909997248141, 17.0, 0.0
24, 0 ,0.3333333432674408,0.3333333432674408,0.3333333432674408,278.75708118877634,78.32182467209032,204.67177486302506,13.329837087534733,19.83406818728379,12.086379239836118,58.0,102.0,62.0,-0.05416160471934375,0.9976097367654301,0.04291076420939984,19.86549333795457,-0.846974287016724,-0.023137591946555028,-0.531130124330589,14.043684509335112,-0.5288677317692373,-0.06511117377012848,0.8462029646270087,11.193412375550388,100.85585495303452,73.30094636432477,61.99220470777024,25.31007033021422,8.749612599813483,120460.0,458297.80682806176, 0.0, 0.0,0.0,NaN, 125.19201383215973,125.19201383215973,0.0, 177.68455678021647, -13.143647405323721, 31.733143583278956, -13.143647405323721, 393.39026085782285, 12.41417320176962, 31.733143583278956, 12.41417320176962, 146.0805631291415, 3.04237284705169, 3.4565706909593645, 23.0, 0.0
25, 0 ,0.3333333432674408,0.3333333432674408,0.3333333432674408,21.76997985834306,88.75782833017801,221.95687386967805,13.067730712609169,19.137485327713897,16.913937192383923,54.0,94.0,84.0,0.0650196865802468,0.9727096918032021,-0.22272919842069813,19.25340242142332,-0.2181187351800209,0.23165775289388113,0.9480289567769675,16.983112611500374,0.9737538999770295,-0.013059134591453567,0.22722852216050687,12.80509989096023,96.99462966977916,90.88883598055926,59.04924893771688,27.333522120683753,8.716006566756255,165329.0,520562.1755238593, 0.0, 0.0,0.0,NaN, 120.17742570514379,120.17742570514379,0.0, 170.76558597726896, 6.785648334946435, -28.728989128405594, 6.785648334946435, 366.2433446684647, -17.45398982638161, -28.728989128405594, -17.45398982638161, 286.0812713479081, 3.293517522674704, 3.8624368157819187, 16.0, 0.0
26, 0 ,0.3333333432674408,0.3333333432674408,0.3333333432674408,220.03606740959248,101.59522834043483,245.16997159401288,13.08107494906469,13.701814834955774,9.923508758401052,62.0,67.0,51.0,-0.28630219485931163,0.9113609491106822,-0.29572330590404405,14.218987623521675,0.955913754663275,0.2506670154845766,-0.15295404863427298,12.989328772804848,0.06526826843345325,0.3264770555247812,0.9429489834299452,9.296666427631235,69.59116975477977,61.73108526862788,47.59093316095306,20.468217173891162,6.195350143048479,73224.0,204447.71887967398, 2.8421709430404007E-14, 0.0,0.0,73.36329724013214, 140.4355829263712,140.4355829263712,0.0, 171.11452182304774, -10.48332511262813, -2.2321219133042285, -10.48332511262813, 187.73972977141412, -34.35151332793927, -2.2321219133042285, -34.35151332793927, 98.4760260780624, 2.6270161027439394, 3.027666486379269, 18.0, 0.0
27, 0 ,0.3333333432674408,0.3333333432674408,0.3333333432674408,98.57387723015927,178.69987695672978,286.11854877298515,12.957111000888151,16.297040653474934,7.494446900800729,59.0,76.0,32.0,-0.4723081857524518,-0.8811355124965177,-0.022916943267528522,17.473331508805735,0.8793901497414834,-0.4692846806702516,-0.0802798419646665,11.347505868204934,0.05998284928943544,-0.05806976068247418,0.9965088864056362,7.454112318291452,78.0250997698611,61.103700049217096,34.4541552641773,20.828220414061082,7.472096645692152,58516.0,164264.3987118413, 0.0, 0.0,0.0,NaN, 156.9178887528984,156.9178887528984,0.0, 167.88672548933673, 73.72994449237865, -2.464573558439026, 73.72994449237865, 265.59353406101474, 7.8010792527029515, -2.464573558439026, 7.8010792527029515, 56.16673434892166, 3.2627151923653805, 3.398429798220595, 15.0, 0.0
28, 0 ,0.3333333432674408,0.3333333432674408,0.3333333432674408,243.10556929559402,228.7505496015389,286.09356966199505,10.736895386545566,12.566612596409906,8.04708946506046,55.0,60.0,35.0,0.21224601897681913,0.9749254813368919,0.06687251504557318,12.658380484984914,-0.9636714696856135,0.22016761426118056,-0.15120687862828686,10.704024341170555,-0.1621386010253604,-0.03235007682477576,0.9862375710684369,7.946419945455932,60.76336257391296,52.32512310398067,39.77145037385637,17.524609944515806,5.553770776789805,43668.0,126451.35486926396, 0.0, 0.0,0.0,NaN, 92.23258226899542,92.23258226899542,0.0, 115.28092254162344, 9.178070127711498, 8.872163686410367, 9.178070127711498, 157.9197521482481, 4.6176205534515695, 8.872163686410367, 4.6176205534515695, 64.75564885868704, 3.1257842913859655, 3.4766096040231185, 7.0, 0.0
29, 0 ,0.3333333432674408,0.3333333432674408,0.3333333432674408,201.90270978418258,237.1866740214668,82.80620101588177,13.793869813611906,15.649694365341531,11.082757073699982,61.0,80.0,47.0,0.5458744018333174,0.8040555297008324,0.2356180013934242,16.401918235732328,-0.6499774693016479,0.5838299580764865,-0.4864893312834659,14.323249920464997,-0.5287252848345193,0.11241568044504249,0.8413158075103161,9.156029293442332,84.84507609802006,67.87782116232546,46.321723246022266,22.435146237278328,7.394288054304846,87018.0,266771.38547960157, -2.8421709430404007E-14, -2.8421709430404007E-14,0.0,28.503228533320385, 142.91766578997294,142.91766578997294,0.0, 190.27084443487377, 35.24332186749543, 62.18181638052473, 35.24332186749543, 244.91293372860247, 0.6253426957402054, 62.18181638052473, 0.6253426957402054, 122.827504354647, 2.948787454777268, 3.02138353472135, 19.0, 0.0
30, 0 ,0.3333333432674408,0.3333333432674408,0.3333333432674408,25.60685367558726,272.9240380895498,233.86199664714226,15.035376180844079,14.905908775227708,16.73759859099112,63.0,66.0,84.0,0.29103591200155143,0.4050944216198346,0.8667159901016693,17.446784918245598,0.9442612068030823,-0.26730871914871557,-0.19213750803489674,14.80491635027772,0.15384690849091526,0.8743252016495722,-0.46031138429135465,14.311534082194308,89.76933849241647,72.97729528013049,70.17935011584458,25.796799013948522,7.932277134724073,147337.0,459753.5913210443, 0.0, 0.0,-2.8421709430404007E-14,29.920769728620204, 75.91478219715648,75.91478219715648,0.0, 226.06253689949347, 8.113046324665108, 22.509845834956415, 8.113046324665108, 222.18611641541037, 35.69712608832042, 22.509845834956415, 35.69712608832042, 280.14720659314787, 2.1259730101417342, 2.7145693310928367, 15.0, 0.0
31, 0 ,0.3333333432674408,0.3333333432674408,0.3333333432674408,259.5531206171108,261.6187909069659,152.1731095137915,12.601379939385913,11.530118718752888,14.111999112603339,69.0,53.0,65.0,0.626431443549112,-0.1695624191767103,0.7608102473915015,16.62119218443075,0.11636552612410334,-0.9447718051113063,-0.306374445077563,11.525404082822693,0.7707416628565221,0.2804546706148173,-0.5721035455820025,9.043669835596768,89.2121218051646,58.57774674024165,51.032799699137854,20.891302809295038,7.378373799811014,68448.0,266689.5050866639, 0.0, 0.0,0.0,NaN, 157.9932176205,157.9932176205,0.0, 158.7947763767577, -26.269144806827576, 90.86651288288668, -26.269144806827576, 132.94363766853576, -10.312603048396312, 90.86651288288668, -10.312603048396312, 199.14851895411743, 2.779071433972541, 3.0552054226781125, 16.0, 0.0
32, 0 ,0.3333333432674408,0.3333333432674408,0.3333333432674408,122.14149571503198,185.66616781261914,164.90094452837116,16.150622897313884,10.757257239621458,10.021232190682786,78.0,47.0,48.0,-0.9984335537825765,-0.027786862786186757,0.048562629022697104,16.165946119860884,-0.025112798483523407,0.9981797024918865,0.05483273552846796,10.754113016763764,-0.04999786028842059,0.05352729948083133,-0.997313913558248,9.999876858373383,78.30838480652059,48.07514774033933,47.79577820456592,20.749176738057127,6.81600782005918,70829.0,179936.15293340295, 0.0, 0.0,0.0,NaN, 215.04075182970223,215.04075182970223,0.0, 260.8426199712395, 4.083732174419201, -7.844389530606604, 4.083732174419201, 115.71858331938827, 0.6390438008914635, -7.844389530606604, 0.6390438008914635, 100.42509461957691, 3.580731804684198, 3.312120358971811, 15.0, 0.0
33, 0 ,0.3333333432674408,0.3333333432674408,0.3333333432674408,225.71194241524177,284.2307136549731,178.15316689411577,18.90850788796871,10.201493849259753,10.451041675416331,85.0,47.0,49.0,-0.9687919116507862,-0.24780915794969582,-0.00573176729099411,19.3713839538469,-0.0982294390933972,0.3625851343426515,0.9267594065609036,10.663383088871718,0.22758121454859143,-0.8984000454084939,0.37561170002358024,9.048102796705837,89.71574757712182,54.61514055751587,48.37768708800692,22.427486908879917,8.236155071341186,74742.0,237042.83748698377, 2.8421709430404007E-14, 0.0,0.0,14.351826989840362, 143.57589153294856,143.57589153294856,0.0, 357.53167054937495, 69.2999018622943, -1.269397618068617, 69.2999018622943, 104.0704767564846, 11.1157420202547, -1.269397618068617, 11.1157420202547, 109.22427210128897, 3.289588296247707, 3.378724719449344, 12.0, 0.0
34, 0 ,0.3333333432674408,0.3333333432674408,0.3333333432674408,216.77245620342933,161.9112910224779,229.31280608006745,10.631785471035377,13.119877145211317,14.157518274282854,57.0,66.0,67.0,0.302387527537521,0.16019804174067848,-0.9396267187624011,14.494272567489341,-0.12253309006557139,-0.9710635208260966,-0.20499092750609102,13.169227737172958,0.945276374944771,-0.17712206509432044,0.2740079360675445,10.103903495184944,71.29553735926993,65.94200458958522,54.80699183926663,21.097998793428996,6.362060138565032,80657.0,257667.9829444833, 0.0, 0.0,0.0,NaN, 176.04543441328727,176.04543441328727,0.0, 113.03486230211894, 13.720010961671388, -28.892868195104548, 13.720010961671388, 172.13117630543826, -2.055281903580776, -28.892868195104548, -2.055281903580776, 200.43532368665294, 2.8697966418780987, 3.099359362016248, 18.0, 0.0
35, 0 ,0.3333333432674408,0.3333333432674408,0.3333333432674408,28.203597410980652,216.62049233238542,44.3628639718069,11.88063097301275,11.86251513526728,10.103090274237369,57.0,51.0,54.0,0.10968282686541224,0.9041601158396433,0.41287305847639827,12.37059294782142,-0.9565124749848127,-0.016938709916366035,0.2911991849315466,12.059807428879989,-0.27028422574993144,0.4268577808020054,-0.8629825445972519,9.245029239455496,62.2400734373866,58.8351416020051,49.60449171525953,18.767232095288854,5.633124374832938,57319.0,181646.86351477134, 0.0, -2.8421709430404007E-14,0.0,25.289598721266042, 98.56799128315193,98.56799128315193,1.3486991523486091E-6, 141.14939231690988, 7.671694455260204, -13.643828792389765, 7.671694455260204, 140.7192653344453, 24.924952982060994, -13.643828792389765, 24.924952982060994, 102.07243308938972, 3.0673658170953635, 3.1552060133839306, 11.0, 0.0
36, 0 ,0.3333333432674408,0.3333333432674408,0.3333333432674408,92.9315083256992,175.42386520809757,86.38776023423327,15.049909985697912,11.675754333538533,8.312736400257297,68.0,56.0,41.0,-0.9285448222054647,0.3710335416521758,0.011773874658091002,15.610402002508426,-0.37013486920402583,-0.9277876631427905,0.047013090936014024,10.921254084984731,0.028367089289171456,0.039295840607913385,0.9988248821270811,8.304587577128771,71.05651677797783,49.63307509539709,41.899101185769524,19.7563609857888,6.450644688255121,55671.0,147767.79895736705, 0.0, 0.0,0.0,NaN, 177.8154203596165,177.8154203596165,0.0, 226.49979057760973, -42.918266277981786, -2.785534124173611, -42.918266277981786, 136.32323925714383, -1.4310678494585736, -2.785534124173611, -1.4310678494585736, 69.10158646016265, 2.27026482141831, 2.6563440583951756, 13.0, 0.0
37, 0 ,0.3333333432674408,0.3333333432674408,0.3333333432674408,16.651794280398104,215.91619261743014,152.39344309955518,11.407466043124987,15.642108823921312,14.991971350992287,51.0,71.0,76.0,0.1247941534500709,-0.7447950377821964,0.6555202292528406,17.1067971602823,-0.3588780846565495,-0.6498355987267439,-0.6700150856366596,13.731083976740353,-0.92500429167541,0.15163787891707764,0.3483863000458011,10.88025177622659,76.99166589275305,69.33555446499025,55.431091973948895,23.38964824300945,7.244957559685477,103189.0,295905.5723856927, 0.0, 0.0,0.0,NaN, 170.68996618638735,170.68996618638735,0.0, 130.13028152504967, 0.16576104950029355, 31.126474760003774, 0.16576104950029355, 244.67556845939694, -54.53107893355997, 31.126474760003774, -54.53107893355997, 224.75920498897352, 2.926678571953565, 3.097167011851875, 20.0, 0.0
38, 0 ,0.3333333432674408,0.3333333432674408,0.3333333432674408,88.19791871195758,11.61827508344787,63.683290791282154,10.135310722985174,7.5671352726999945,12.933700563197501,51.0,32.0,61.0,-0.1422568641882859,0.1008584248406684,0.9846778979595181,13.032665649979965,0.9897513850277756,0.027013708962463013,0.14022287746188694,10.06703576188782,-0.01245714360981646,0.9945339801468577,-0.10366765120486633,7.488062965143793,64.26304702157262,50.8221024745644,34.46217108030322,17.222246627739253,5.537227739456009,40744.0,112552.87044177426, 0.0, 0.0,7.105427357601002E-15,10.042755627635486, 109.40483859063433,109.40483859063433,NaN, 102.72452345145825, -0.4219951470872649, -9.654478130298973, -0.4219951470872649, 57.26153623534042, 11.471265012684421, -9.654478130298973, 11.471265012684421, 167.28061025845537, 4.180967375663896, 3.469935482448918, 9.0, 0.0
39, 0 ,0.3333333432674408,0.3333333432674408,0.3333333432674408,227.903238013755,101.57356280232979,62.30877949257955,9.6477036254222,10.785704851665285,15.171018320735723,52.0,52.0,67.0,0.011458337412317497,0.00871159516479963,0.9998964019404363,15.171650197128693,-0.59286104229356,-0.8051863719410102,0.013809090160726699,11.994934234178299,-0.8052232553983643,0.592957852254406,0.004061331740057221,8.09394800409676,67.22780063103657,58.35664012769976,41.33180872985483,19.947003633753273,6.456505038666071,60778.0,162152.47950381786, 0.0, 0.0,0.0,NaN, 139.27496455255334,139.27496455255334,3.3036247397782844E-6, 93.07818524398465, 37.42573172596209, 1.245038207836109, 37.42573172596209, 116.33142914723605, 0.5630153491176648, 1.245038207836109, 0.5630153491176648, 230.15979688809892, 2.6262163029296355, 3.065836175989405, 13.0, 0.0
40, 0 ,0.3333333432674408,0.3333333432674408,0.3333333432674408,251.6733152922415,233.14297967960954,109.96842003527678,11.156711654089012,13.353975588519084,13.555096331350576,52.0,72.0,62.0,-0.43997572786553363,0.6897584305889907,0.5750257962218795,14.419683628140266,0.1143679625799836,-0.5920797641382255,0.7977227099897102,13.241757885924791,-0.8906971022881447,-0.41674315870741785,-0.1816144588023393,10.162189117426182,73.00900468080414,61.767578539038325,49.656199010251896,21.13919644318505,6.29887999884676,82774.0,223929.07022430445, 0.0, 2.8421709430404007E-14,0.0,46.38901040235462, 137.47138984537568,137.47138984537568,0.0, 124.47221493248556, -36.641538242487684, -19.90239633008035, -36.641538242487684, 178.32866401876362, 7.468368677150974, -19.90239633008035, 7.468368677150974, 183.74063655219385, 2.5018799774046117, 2.8957853742907465, 16.0, 0.0
41, 0 ,0.3333333432674408,0.3333333432674408,0.3333333432674408,198.2016438298277,225.50201252944842,195.7037197460304,11.500777138627013,12.148060368795687,15.700869319975638,61.0,57.0,72.0,0.019204958162060408,-0.19239632901014536,0.98112936056639,15.828256388312976,-0.17049512427170188,-0.9675673748796757,-0.18639953773555865,11.998079450885314,-0.9851713466101063,0.16369797693274332,0.05138472697754276,11.483594041731681,71.5074425429597,53.069305037933304,59.40836310050818,22.009525817355414,6.476211563441194,94657.0,225445.84339352392, 0.0, 0.0,0.0,NaN, 163.67825002402208,163.67825002402208,NaN, 132.26787479236575, 1.5544976795209853, 2.6198073170234077, 1.5544976795209853, 147.57537072390437, -20.220227332491195, 2.6198073170234077, -20.220227332491195, 246.51729740295224, 2.6649056496588517, 3.120298208273402, 18.0, 0.0
42, 0 ,0.3333333432674408,0.3333333432674408,0.3333333432674408,168.20766413695728,16.569835421814332,274.1071743734557,14.542078732509212,11.12073829180013,14.979046391832954,68.0,48.0,64.0,0.6578774416362225,-0.0020361313869758026,0.7531222516664567,16.304078340443724,-0.7465324069470008,0.13026178545204847,0.652473166213571,13.07041046835683,0.09943157025862635,0.9914775445867743,-0.08417625209098077,11.084047297049583,84.56677291951752,61.39933544882872,54.4759434761065,22.490585384429657,7.327228254360052,90656.0,282857.81963863637, 0.0, 0.0,0.0,NaN, 135.33003235449883,135.33003235449883,0.0, 211.47205386249675, -4.857259548745522, 47.464209045681685, -4.857259548745522, 123.67082015470966, 3.8586577726971147, 47.464209045681685, 3.8586577726971147, 224.37183080868382, 2.7492534101881847, 3.159853490209124, 10.0, 0.0
43, 0 ,0.3333333432674408,0.3333333432674408,0.3333333432674408,83.18968983877573,255.24310235692744,151.6355512529322,13.018925742573277,10.912808593373276,8.814646034948765,58.0,50.0,41.0,-0.9586578100535986,0.18977466559958678,-0.21203957064614898,13.261508690224218,0.209711463682247,0.9748315007099696,-0.075661398505437,10.84455139372517,-0.19234423626271663,0.11700051931557404,0.9743277545345805,8.53275429950012,63.41578865755781,53.18882791635451,43.60017106148959,18.34359948263003,5.458219639089625,53714.0,147063.87708814873, 0.0, -2.8421709430404007E-14,0.0,79.0603657631512, 175.88551399738833,175.88551399738833,0.0, 169.49242749063717, -9.59167014027496, 20.238510784597477, -9.59167014027496, 119.08939139560162, -7.45114920245718, 20.238510784597477, -7.45114920245718, 77.697984721438, 2.830363645484945, 3.0435527681213173, 16.0, 0.0
44, 0 ,0.3333333432674408,0.3333333432674408,0.3333333432674408,217.82380433089267,261.9259749701407,290.792880510983,16.005456773334064,12.960680042142696,5.605222399244266,75.0,66.0,22.0,-0.915968724628388,-0.3889197997009778,0.09870503990777667,16.710182514830255,-0.3798751764278531,0.9197450527550979,0.09881238923550718,12.188211272514382,0.12921356676662066,-0.053013463696246425,0.9901986804830508,5.271593508652351,78.69374232610087,55.78017056878858,26.883353723169535,19.7641766220245,8.059138556711558,38514.0,118005.83527286848, 0.0, 0.0,0.0,NaN, 91.0347711915991,91.0347711915991,0.0, 256.1746465230653, 47.37964548339245, -27.265916623888923, 47.37964548339245, 167.979227154796, 1.322804755071211, -27.265916623888923, 1.322804755071211, 31.41851814498964, 3.808733864654545, 3.4958356873864114, 12.0, 0.0
45, 0 ,0.3333333432674408,0.3333333432674408,0.3333333432674408,132.2533960881574,246.75594667718843,13.63783044924187,14.209792540381706,14.818010969078825,8.730119967700832,66.0,72.0,36.0,-0.5427745316606769,-0.8339454914328169,0.09965302353370985,15.635321782221997,0.8038696744861633,-0.4814639307035884,0.3492649851802489,13.991092116186255,-0.24328862328938106,0.26968018234628804,0.931709850236451,7.5823942085361,75.71394027971664,69.93647198627524,36.973410827718624,21.226709396532005,6.865380977496372,70964.0,195780.3428662891, 0.0, 2.8421709430404007E-14,0.0,33.493805303565274, 143.2196928165108,143.2196928165108,0.0, 201.91820404068756, 31.120618438233333, 28.704716939035762, 31.120618438233333, 219.5734490797404, -38.78747554322753, 28.704716939035762, -38.78747554322753, 76.21499465044876, 3.0484245165608845, 3.1699382512238814, 12.0, 0.0
46, 0 ,0.3333333432674408,0.3333333432674408,0.3333333432674408,179.08208675415347,17.628043183140473,45.50771219859073,14.719238896092254,11.75984954580554,12.53795770223792,67.0,55.0,57.0,0.7985399834672955,-0.37018875411615315,0.4746516418701004,16.501113048172744,0.3575301195572289,-0.3426793281352883,-0.8687595131439662,11.13275821846601,-0.48425830753167787,-0.8634414655288901,0.14128951550584706,10.766865884923318,84.04483470703542,62.11237295422219,59.4121412803774,21.460372052781157,7.183513744643537,77345.0,310144.69282569276, 0.0, 0.0,0.0,NaN, 130.39494437955216,130.39494437955216,0.0, 216.65599368023513, -47.20378106108731, 56.77650184564194, -47.20378106108731, 138.29406133998276, -25.088869710501264, 56.77650184564194, -25.088869710501264, 157.20038334310718, 2.7443183050531554, 3.07489176485996, 16.0, 0.0
