// Sample: .//bubblelabels.tif, Map: .//bubblelabels.tif, Thickness:(8.191250068658265):/gpfs/home/mader/Foam/NewValid/InSilicoTest/LatticeDataPhi_16.0/out_Step_02000.vtk/distmap.tif, Neighbors:(1.0):
//LACUNA_NUMBER, TRIANGLES, SCALE_X, SCALE_Y, SCALE_Z, POS_X, POS_Y, POS_Z , STD_X, STD_Y, STD_Z,PROJ_X, PROJ_Y, PROJ_Z, PCA1_X, PCA1_Y, PCA1_Z, PCA1_S, PCA2_X, PCA2_Y, PCA2_Z, PCA2_S, PCA3_X, PCA3_Y, PCA3_Z, PCA3_S,PROJ_PCA1, PROJ_PCA2, PROJ_PCA3,OBJ_RADIUS, OBJ_RADIUS_STD, VOLUME, VOLUME_BOX, Mask_Grad_X,Mask_Grad_Y,Mask_Grad_Z,Mask_Angle, Mask_Distance_Mean,Mask_Distance_COV, Mask_Distance_STD, SHAPET_XX, SHAPET_XY, SHAPET_XZ, SHAPET_YX, SHAPET_YY, SHAPET_YZ, SHAPET_ZX, SHAPET_ZY, SHAPET_ZZ, Thickness, Thickness_STD, Neighbors, Neighbors_STD
1, 0 ,1.0,1.0,1.0,169.70919893750875,62.097050188732,168.47749196141478,13.10576834095537,12.036624685193129,11.71407477826423,59.0,58.0,59.0,-0.9029699047441624,-0.34901541515919904,0.25066629431890164,13.47326347026358,-0.13262576778787308,0.7812302508342782,0.6099915580564108,12.06138081897534,-0.4087245488651195,0.5175592093303553,-0.7517158425843784,11.26300624745763,66.87255160791246,65.13939534394355,62.28500494312789,20.357742098304744,6.278804200539623,71530.0,271315.82200630876, 0.0, 0.0,0.0,NaN, 75.94237805199408,75.94237805199408,0.0, 171.76116380678806, 15.300974989176584, -13.881527886350002, 15.300974989176584, 144.88033381220058, 4.090818548914598, -13.881527886350002, 4.090818548914598, 137.21954791076618, 5.908911295446602, 4.2122715477825405, 28.0, 0.0
2, 0 ,1.0,1.0,1.0,41.83025664115264,8.9673173186429,26.212675795216782,14.005777409810948,5.927226986253287,12.072103536806697,72.0,23.0,55.0,0.8710321817614507,-0.025569724142497866,0.4905600142114756,14.835837089125194,-0.4856036289690717,0.10583884630530623,0.8677483818163131,11.086609761336396,0.07410839269579905,0.994054489361644,-0.07977229037709074,5.832197379024349,77.94724725152268,54.05793448684411,25.391462783588754,18.233953794432388,6.674760926477378,37757.0,106991.17351931107, 0.0, 0.0,0.0,NaN, 50.17257739944272,50.17257739944272,0.0, 196.16180085317066, -8.713548833456475, 42.05384535772335, -8.713548833456475, 35.13201974656922, 5.8303742863919625, 42.05384535772335, 5.8303742863919625, 145.73568380338077, 6.236961753093474, 4.248288011501532, 16.0, 0.0
3, 0 ,1.0,1.0,1.0,170.18894894894896,40.05463463463463,12.098958958958958,14.654547750311703,11.052552508746283,8.245878451006465,65.0,60.0,31.0,0.9396810547930723,0.33276689650838087,0.07915622433618236,15.126240019402655,0.3391385501397706,-0.9365263240890361,-0.08890156408844437,10.462604474872492,0.0445483902298795,0.11038404267129465,-0.9928901268778274,8.163330731468145,73.56454440871377,63.02419679747727,35.209338957875914,19.000207156707464,6.625807585171009,49950.0,163242.68925244917, 0.0, 0.0,0.0,NaN, 51.37564917714438,51.37564917714438,0.0, 214.7557697661658, 37.105472639005114, 10.770751258164323, 37.105472639005114, 122.15891695859375, 7.837115935956775, 10.770751258164323, 7.837115935956775, 67.99451142877278, 6.196900343035792, 4.07710369182758, 15.0, 0.0
4, 0 ,1.0,1.0,1.0,9.536862994720485,30.116186767514137,135.14097427640692,6.231461316194614,10.487161061970916,10.434654983855003,24.0,53.0,55.0,0.047289094793466005,-0.7144870485223219,0.6980487081912519,11.504667137150525,-0.009052760356703025,-0.6991083833468215,-0.7149584014920848,9.312291572303746,-0.9988402219792404,-0.027490467948982626,0.03952828263923526,6.214301380107691,63.56208312591109,44.02849530023326,26.090896417959417,15.223577054891916,5.092777587997808,26707.0,73016.49235587011, 0.0, 0.0,0.0,NaN, 72.14311941557263,72.14311941557263,0.0, 38.831110135229906, -2.862803230337271, 3.4056880527529447, -2.862803230337271, 109.98054713971895, -22.709830500605857, 3.4056880527529447, -22.709830500605857, 108.88202463209007, 6.21057745511022, 4.114892955597753, 12.0, 0.0
5, 0 ,1.0,1.0,1.0,59.18728340052338,74.13173963269443,142.2684301105689,9.761785630698233,9.984434970127195,10.534369977173164,49.0,56.0,55.0,-0.5956263948662524,0.39980208564912834,0.6966975599564257,11.4223454057043,0.16794037749136143,-0.7861864990372847,0.5947325603492348,10.033116566743786,-0.7855095335810316,-0.47124206204678376,-0.4011305169283504,8.649910322037444,55.74724163769433,54.13061183820173,47.22638401995425,16.793634798597473,4.891644042627317,42417.0,142511.86174299888, 7.105427357601002E-15, 0.0,0.0,53.442700739661646, 111.0476631865873,111.0476631865873,0.0, 95.2924586997065, -16.66389748549212, -20.511620548326214, -16.66389748549212, 99.68894167269885, 3.4173565443605707, -20.511620548326214, 3.4173565443605707, 110.97295081596732, 5.957882865150817, 3.8640931340692464, 21.0, 0.0
6, 0 ,1.0,1.0,1.0,28.561057469744064,106.98632696250247,174.02002182395344,12.388351670235306,12.121676951624071,9.979035919661834,58.0,57.0,51.0,-0.79186693047683,0.6102520936310732,0.023219531349596645,12.784030115266116,-0.6047651308681689,-0.788897621955861,0.10908564781122508,11.7245997840754,0.08488757802652838,0.07233895417601498,0.9937611256260285,9.954386019543616,66.40639200581553,57.22138157676865,51.47090285686724,19.14657979346782,5.77892285146917,60484.0,195582.50781898908, 0.0, 0.0,0.0,NaN, 100.70867212779828,100.70867212779828,0.0, 153.4712571054219, -12.783033620007165, -3.7147748263318228, -12.783033620007165, 146.93505211953422, -2.390871006408182, -3.7147748263318228, -2.390871006408182, 99.58115788590112, 6.01674388886182, 3.739338289487888, 23.0, 0.0
7, 0 ,1.0,1.0,1.0,135.74315249240178,16.36877354541649,180.17000018199354,13.709967283881259,9.890996482250555,9.712281291712804,67.0,41.0,39.0,0.9676828393620914,0.2460203328455361,0.055352671396174696,13.945715192763736,-0.10445777297746427,0.19128492316095408,0.9759603741115194,9.702478233955583,-0.22951796458819917,0.9502021227075212,-0.21080187364777067,9.56568691251594,70.32713606005741,43.78014056308473,46.73642992667342,18.6098469020931,5.813520491670013,54947.0,143898.28509189317, 0.0, 0.0,0.0,NaN, 69.21060678666237,69.21060678666237,0.0, 187.96320292509444, 24.463892497251333, 5.24733311315404, 24.463892497251333, 97.83181141189287, 1.8944307480347704, 5.24733311315404, 1.8944307480347704, 94.32840788935454, 6.107342692870821, 3.950041493677617, 14.0, 0.0
8, 0 ,1.0,1.0,1.0,185.1461874822117,155.18673186887114,91.08592719087169,8.396276107626182,10.74509643354094,10.257319159323583,32.0,54.0,52.0,0.19844217676040699,0.8178923358850773,0.5400674304038743,11.335563860502404,-0.2041720885923259,-0.5044409279399367,0.8389595392263821,9.788169317822799,-0.9586106929940009,0.2767516524242408,-0.06688843067387172,8.177033664350375,54.55500943162596,48.37075537235513,38.38529380219914,16.365586314578362,4.830603560417319,38649.0,101293.68569696143, 0.0, 0.0,1.4210854715202004E-14,57.31177075639928, 102.59391248571639,102.59391248571639,0.0, 70.49745247549427, 12.984060776239453, 1.647196858174197, 12.984060776239453, 115.45709736609423, 14.974096702721464, 1.647196858174197, 14.974096702721464, 105.21259633622664, 6.160375498746659, 4.068433069739789, 17.0, 0.0
9, 0 ,1.0,1.0,1.0,79.33628583072952,146.67428338540958,44.85170493139519,9.631141456579181,8.906648510970676,10.393168371489924,45.0,40.0,48.0,-0.5867579557442439,-0.10237621081772044,0.8032647215142973,11.22709687329621,0.1147087258703912,-0.9924809998013888,-0.042700974724558347,8.87975839858441,0.8015965379042173,0.0670863361038711,0.5940895672608055,8.672220524937364,54.033631300609734,41.099729657414386,42.56590217622559,16.085134013451054,4.623168396466004,36805.0,94528.9780719897, 0.0, 0.0,0.0,NaN, 105.591447272626,105.591447272626,0.0, 92.75888575663814, 2.639271689683079, -23.97999054302082, 2.639271689683079, 79.32838769797615, -4.026484479892294, -23.97999054302082, -4.026484479892294, 108.01794879813853, 5.984202039568114, 3.9434625874795772, 15.0, 0.0
10, 0 ,1.0,1.0,1.0,153.189445250766,10.75169327527818,87.34631511046605,9.493720916877258,6.8234458269151705,9.590568361666625,48.0,26.0,46.0,-0.6363686788129905,-0.04415553139354935,0.7701202462428595,9.759498650833569,0.7656475704968889,0.08538377908015306,0.6375683555997768,9.341156672872895,0.09390794651157275,-0.9953692276323116,0.020527987349827102,6.794418988951124,48.40641173307223,49.49398152429637,27.87786276589582,14.41835950174484,4.558515172580349,24804.0,66790.50977638217, 0.0, 0.0,0.0,NaN, 99.6805181948485,99.6805181948485,1.9073486328125E-6, 90.13073684755278, 4.065626241713764, -3.995256196745829, 4.065626241713764, 46.55941295284606, 0.5679307678340377, -3.995256196745829, 0.5679307678340377, 91.97900149980086, 6.320492944796851, 4.057870056925804, 15.0, 0.0
11, 0 ,1.0,1.0,1.0,98.91899825704064,90.9172552976791,12.941587927713053,11.299980863398218,11.339553972403278,8.379208349659374,60.0,54.0,33.0,0.6885507283856661,0.7181094510550683,0.10107774604212601,11.54508386922039,0.7176945981564952,-0.6947695516983027,0.047007805840377004,11.124678034062084,-0.10398248995169915,-0.04017569337706432,0.9937673547893978,8.332992347550661,57.40384779387726,57.98436425470868,36.27066369811994,17.264231168220494,5.332214037664055,43604.0,120727.83337729702, 0.0, 0.0,0.0,NaN, 134.97555417604514,134.97555417604514,0.0, 127.68956751316595, 4.485477151440302, 6.276389518408515, 4.485477151440302, 128.58548429304696, 2.86050016611289, 6.276389518408515, 2.86050016611289, 70.21113256700136, 6.1128629194161626, 3.849895215634105, 12.0, 0.0
12, 0 ,1.0,1.0,1.0,154.6169905312393,9.85169410959425,39.868578164809676,10.239543258158662,6.257257586483822,9.696794754082044,47.0,24.0,48.0,-0.9747254752478489,0.009503579451964478,0.22320378554239745,10.269012679121584,-0.22322855320669105,-0.0016168790465316669,-0.9747647914935156,9.665897978190088,-0.008902861118986014,-0.9999535327602727,0.003697483488395735,6.256767696931523,52.81694690353089,49.375900777223094,24.281297745239527,14.733721179309414,4.5767682214050405,26297.0,63322.81589373059, 0.0, 0.0,0.0,NaN, 61.20602053845827,61.20602053845827,NaN, 104.84824613570251, -0.5946205623518537, -2.613974245124422, -0.5946205623518537, 39.153272503609344, 0.22620279281882996, -2.613974245124422, 0.22620279281882996, 94.02782850279304, 5.835371655989823, 3.874868185517798, 13.0, 0.0
13, 0 ,1.0,1.0,1.0,188.5288030355295,59.13203786746388,92.89770418918401,6.995607683985099,9.506258172710812,9.589125255030785,28.0,46.0,54.0,0.1672629457817556,-0.6550282437816197,0.7368589463505054,9.829827812340321,0.04666208352879088,-0.7412908211616077,-0.6695599811983255,9.335746760820722,-0.984807472011236,-0.14637594853635263,0.09342550380341187,6.890363710915254,51.555537569039714,44.90696439919353,29.907197909316807,14.54607823699811,4.435132736938375,26091.0,69241.22505581916, -2.8421709430404007E-14, 0.0,0.0,80.37128109937159, 110.71661892316797,110.71661892316797,0.0, 48.93852686823137, -6.75730046596164, 4.81780595997954, -6.75730046596164, 90.36894444623111, -4.027886663283863, 4.81780595997954, -4.027886663283863, 91.95132315666923, 6.1376560690004025, 3.943767841042966, 11.0, 0.0
14, 0 ,1.0,1.0,1.0,71.89529374217464,187.3696020425699,26.0272997324037,11.053577845359593,7.3814406587166195,12.715015093798497,54.0,29.0,55.0,-0.41095034090273674,0.04836380793139009,0.9103739667819484,13.10800526449214,0.9075921822705019,-0.0724985325751557,0.41354612010743985,10.612154586798354,-0.08600144180996261,-0.9961952142310383,0.01410131730665333,7.341745788914506,60.95814877647662,51.66874311357488,31.025595940642546,17.496975804726347,5.674037002515759,40733.0,97719.17659046169, 0.0, -2.8421709430404007E-14,-3.552713678800501E-15,85.29977584281866, 77.49761639042205,77.49761639042205,0.0, 122.18158318342444, -6.207145245585586, -22.077346786175063, -6.207145245585586, 54.48566619815484, 3.431443854581321, -22.077346786175063, 3.431443854581321, 161.67160883552359, 5.5989885975589155, 3.7068439469185823, 12.0, 0.0
15, 0 ,1.0,1.0,1.0,185.5219628744716,149.00456848793553,34.20132853729619,8.471546246608428,11.679219110575195,9.119770893267416,36.0,59.0,49.0,-0.20339331923952444,0.979093303704325,-0.0027313604812271297,11.803378835761533,3.6937916210809905E-4,-0.0027129395937257744,-0.9999962517518728,9.119747955187945,-0.9790970438356781,-0.20339356577854262,1.9013712471625932E-4,8.297705784147785,61.272990080045275,49.036192688046526,40.53667697395011,16.335221115699923,4.949952230893953,38087.0,121796.26242088538, 0.0, 0.0,0.0,NaN, 63.08627796776338,63.08627796776338,0.0, 71.76709580842534, -14.033051212753923, 0.03385902482607766, -14.033051212753923, 136.40415903282485, -0.14960567032031324, 0.03385902482607766, -0.14960567032031324, 83.17022114568758, 5.964113587034933, 3.909860641211857, 16.0, 0.0
16, 0 ,1.0,1.0,1.0,152.49333049222247,109.99795440017047,10.172767952269337,10.270322851881106,9.523857024521954,5.829663955446396,57.0,49.0,24.0,0.9215659691296352,0.3844550916864365,0.05394855900327451,10.43365690834245,0.384114877200824,-0.9231296212854977,0.01695474618771162,9.357150164582302,-0.056319851341708055,-0.00509752701487875,0.9983997644046094,5.809553361084975,51.04094796657276,43.363641295548405,25.476885750743826,14.500395110831889,4.461715765106146,23465.0,56388.53539310779, 0.0, 0.0,0.0,NaN, 102.27774473308313,102.27774473308313,0.0, 105.47953148187128, 7.532907729112573, 4.0846809369073265, 7.532907729112573, 90.70385262353618, 0.7157167211467705, 4.0846809369073265, 0.7157167211467705, 33.984981833430915, 6.073877914879537, 3.941326469077359, 16.0, 0.0
17, 0 ,1.0,1.0,1.0,11.453644461171747,46.70020490946347,14.43524442771714,7.058942197476618,9.289612476877384,8.79327147410693,27.0,46.0,38.0,-0.1814458706324368,-0.8596464808978075,0.4775827927286028,9.561187311834455,0.0404681483761572,-0.49175973784401117,-0.8697900259272894,8.58258894579595,-0.9825679238594359,0.13849291720374643,-0.12401607511509936,6.954858180490209,48.79891642381278,40.96064493911733,30.69560797210172,13.99536604507838,4.19248344057381,23913.0,61355.458294343145, 0.0, 0.0,0.0,NaN, 50.204296546378835,50.204296546378835,0.0, 49.82866494731603, 6.211022336893775, -4.620396083798566, 6.211022336893775, 86.29689997055597, -6.855172194944101, -4.620396083798566, -6.855172194944101, 77.32162321734268, 7.232162916050378, 4.150001698780599, 10.0, 0.0
18, 0 ,1.0,1.0,1.0,62.11942723392538,12.042957455596861,104.92793611455322,10.57711406680799,7.342600479961228,11.915333526017879,50.0,28.0,56.0,0.3408191478174478,0.14945692470500582,0.9281729020708968,12.252193632038887,-0.9333939875775791,0.17175738991208447,0.3150794550024077,10.376574902960876,-0.11232974866443281,-0.9737361175741142,0.19804040218267321,7.069281527362465,60.254410225178816,55.240813121054664,34.97648024104012,16.67499700799773,5.45057534670695,36315.0,116419.305944695, 0.0, 0.0,0.0,NaN, 114.20399903500201,114.20399903500201,0.0, 111.87534198226747, -4.1490928400089615, 14.70991438995406, -4.1490928400089615, 53.91378180832685, 17.01430317117702, 14.70991438995406, 17.01430317117702, 141.97517303624565, 5.588373838603685, 3.694320604062908, 17.0, 0.0
19, 0 ,1.0,1.0,1.0,191.6472557628979,134.5610318331504,118.57436882546652,4.8764984062608905,9.656797576850218,9.69080224759817,19.0,45.0,46.0,0.025102548184712938,0.7011982482197981,0.712524300475514,10.734129927049114,0.013871610053072057,-0.7129246003814813,0.7011034820947907,8.48591766774884,-0.9995886356442684,0.007715624692220244,0.027622972802345627,4.869628363026854,49.04144249021897,45.47808270253219,19.9179368563438,13.809896862489278,4.498041017597604,18220.0,44423.18923470757, 0.0, 0.0,0.0,NaN, 104.79580288925486,104.79580288925486,0.0, 23.780236706265008, 1.1330818656233512, 2.1064472250973343, 1.1330818656233512, 93.25373944026023, 21.578693845558846, 2.1064472250973343, 21.578693845558846, 93.91164820205374, 6.167125286029409, 3.8464653847024426, 8.0, 0.0
20, 0 ,1.0,1.0,1.0,11.657760609474757,153.37657599656634,188.09319169483342,7.311674609568891,9.983155008837345,6.081484028327686,29.0,56.0,23.0,0.10329947964933,0.9942083337239445,0.029648046445504117,10.010854201786668,0.992661720655407,-0.10493105489495803,0.06010143146446533,7.281537471928761,-0.06286434481981143,-0.023222034202206643,0.9977518786140609,6.072102412588307,56.6790134385887,31.337064633225168,24.286032961858098,13.119444143863786,4.241297309731112,18639.0,43135.732342209994, 0.0, 0.0,0.0,NaN, 49.51180800826969,49.51180800826969,0.0, 53.4605855962144, 4.823551600520257, 1.1575443865734474, 4.823551600520257, 99.66338393047417, 1.7653783729794692, 1.1575443865734474, 1.7653783729794692, 36.98444798680474, 6.181021321564313, 4.068383784364488, 8.0, 0.0
21, 0 ,1.0,1.0,1.0,8.5133185883258,19.16237138186364,55.21146264063852,5.3641140129306075,10.35381543114808,9.614559439317143,21.0,42.0,45.0,0.004674789727504576,0.9486335570735468,0.316342410585419,10.442097241495965,-0.05867966254661376,0.3160609785676928,-0.946922465162934,9.529952757659869,-0.998265918252456,-0.014136202489448038,0.05714301562534288,5.343928515060293,44.642711315017195,44.33387371600239,21.82456009270919,14.362263781139893,4.705352847461347,20798.0,43194.82725253206, 0.0, 0.0,-7.105427357601002E-15,71.55812707262946, 59.059111721066564,59.059111721066564,9.5367431640625E-7, 28.77371914371851, -0.7978400265783469, 3.5786337555795016, -0.7978400265783469, 107.20149398228011, 5.517207936463292, 3.5786337555795016, 5.517207936463292, 92.43975321216237, 5.510953734227185, 3.77713842224952, 11.0, 0.0
22, 0 ,1.0,1.0,1.0,100.75732012486134,19.412713154296622,102.30237597709156,9.92165750938423,9.654645088580034,10.404088111556193,45.0,41.0,51.0,-0.582716736170575,0.3369922497256735,0.7395116151971803,11.94718679697652,-0.499733041087808,-0.8661789711155257,9.368256938359866E-4,9.51539661009015,0.6408651129776406,-0.3690124843715709,0.6731431447664588,8.16201347363644,59.60323840168874,47.50786762753778,43.29366999646655,16.540244507591254,5.129992259456617,38763.0,122591.34133285099, 0.0, 0.0,0.0,NaN, 140.60863657873875,140.60863657873875,0.0, 98.43928773352049, -4.591301172704156, -32.8118966329618, -4.591301172704156, 93.21217178644257, 18.94963210067575, -32.8118966329618, 18.94963210067575, 108.24504943302492, 5.408024433201146, 3.4115150882712215, 19.0, 0.0
23, 0 ,1.0,1.0,1.0,123.09700928765054,10.606496911522909,145.84873128027374,8.920245428585467,6.520657680605043,9.3325232822416,42.0,26.0,45.0,-0.6331757293214244,-0.07274405025104687,0.7705821169423509,10.096184910381847,-0.7600924415397725,-0.1294961620886098,-0.6367811431869095,8.09002458608092,-0.14610946619705834,0.9889080074291005,-0.02670162411197077,6.4656243595958385,47.70078858429882,42.757016902798995,27.713891969204948,13.84399223328361,4.18683949444,22503.0,56523.686113022304, 0.0, 0.0,0.0,NaN, 94.65161203695297,94.65161203695297,NaN, 79.57077850619991, 5.096787861269418, -17.8935155483643, 5.096787861269418, 42.51897658763354, -1.4208098703806316, -17.8935155483643, -1.4208098703806316, 87.09599081358154, 5.858300180991257, 3.792048912099145, 9.0, 0.0
24, 0 ,1.0,1.0,1.0,57.48204918242534,149.86865068195195,20.92018731287904,8.774760483544629,10.275554024766166,11.258192526071184,41.0,49.0,46.0,-0.37550964139350845,0.20422698768286787,0.9040375250632577,11.84640075249337,0.26094773184476,0.9592574472325511,-0.10831173146970266,10.284288712637174,-0.8893249071433871,0.19523444222490957,-0.41350298923167983,7.951510919315757,54.06386334705695,45.77926540691456,44.430253667563086,16.805647674191608,5.186572786006769,39079.0,109965.05328620381, 7.105427357601002E-15, 0.0,0.0,67.94418471590724, 79.08850991051018,79.08850991051018,0.0, 76.99642154357637, 4.734905152470352, -27.379474618080845, 4.734905152470352, 105.58701051588815, 9.816994331405834, -27.379474618080845, 9.816994331405834, 126.74689895408508, 5.4449799581826435, 3.6528958572042884, 12.0, 0.0
25, 0 ,1.0,1.0,1.0,139.66563861158457,36.32700267835403,35.26307388469551,8.741008694995777,8.987232718498227,11.217661990042044,39.0,45.0,57.0,0.21395119663255066,0.407004036664564,0.8880161032313831,11.827641531550395,-0.8224049407187374,-0.4155134527751753,0.38858549129408143,8.7103803542984,-0.5271385007196023,0.8134471615917058,-0.24582253020723593,8.200469215225894,58.4882101839451,41.756405809202036,41.48662404325332,16.106594532069387,4.856865042882704,36963.0,101321.01620915573, 0.0, 0.0,0.0,NaN, 78.7614795921112,78.7614795921112,0.0, 76.40523300599179, 9.272554340875393, 11.046352572598277, 9.272554340875393, 80.77035193644504, 24.863653544238126, 11.046352572598277, 24.863653544238126, 125.83594052283404, 5.473764288896471, 3.526303150775012, 16.0, 0.0
26, 0 ,1.0,1.0,1.0,70.86256413116217,62.864041936203435,46.9187486058443,8.997470922881696,10.211882368274953,9.420640792307976,42.0,49.0,51.0,0.4163092590065229,0.8895234093531331,0.18824108233384448,10.545735819309357,0.051340933600327224,-0.22970309254597598,0.971905652731715,9.39177858351579,-0.9077723885437837,0.3949488492040359,0.141296486544858,8.635244554546974,52.63782438140778,49.23746554688182,46.47824737298474,15.879962558939683,4.670362574356552,35864.0,120460.14005884426, 0.0, 7.105427357601002E-15,0.0,27.186580310109814, 105.7107361365828,105.7107361365828,0.0, 80.95448300810162, 13.409459700634258, 3.552267228368469, 13.409459700634258, 104.28254150348485, 3.091340012327037, 3.552267228368469, 3.091340012327037, 88.74847293769704, 5.588700185265428, 3.573985365948818, 23.0, 0.0
27, 0 ,1.0,1.0,1.0,92.18231219395676,126.70682551056969,77.16998089095904,8.96571558471554,8.185885904724596,10.293683004299764,43.0,39.0,48.0,-0.10258686555735096,-0.1042291297075626,0.9892483123743614,10.326720925561883,0.9878844598892301,0.10574626594620937,0.1135870641745689,8.960746718527767,-0.11644839597213014,0.9889155756478092,0.09211815953806433,8.149634774402223,46.87496685722609,42.67484271067259,39.45063414517347,15.33975791381261,4.247884288655164,33492.0,78916.33202975697, 0.0, 0.0,0.0,NaN, 140.80012094765107,140.80012094765107,0.0, 80.38405594601112, 1.8799153061167333, -2.5248388666008768, 1.8799153061167333, 67.00872804516884, -3.9808001203770624, -2.5248388666008768, -3.9808001203770624, 105.9599097930098, 5.757746747068133, 3.6248911575776055, 19.0, 0.0
28, 0 ,1.0,1.0,1.0,67.53535353535354,190.3594380014133,72.62771750426072,10.124342673903847,5.604976365096007,10.190707283714586,51.0,23.0,46.0,-0.6843309235493511,0.04106755934174089,0.7280141775019251,10.724844394617172,0.7290449564284421,0.019929892187539284,0.6841755994652572,9.565341417330954,-0.013588177962597304,-0.9989575841681698,0.04357873853785972,5.590218766328424,46.33896439378184,47.34027543797998,23.6461078965485,14.685118669080678,4.702752305755053,24057.0,51872.45123686313, 0.0, 0.0,0.0,NaN, 99.64311196802558,99.64311196802558,0.0, 102.50231457863049, -1.478954234534734, -11.685304640535968, -1.478954234534734, 31.41576005328485, 3.3260642116913055, -11.685304640535968, 3.3260642116913055, 103.85051494235351, 5.371798624725082, 3.663110720203811, 15.0, 0.0
29, 0 ,1.0,1.0,1.0,125.95325101915124,74.80910344018535,165.65287268674663,9.012808048678375,9.047616027864477,9.37411895909332,44.0,43.0,44.0,-0.4890249750497648,-0.35314609999491253,0.7975853595922884,9.756424490006191,0.4936204989359805,-0.8659206086821607,-0.08074839001311114,8.988499713782986,0.719161579068133,0.3542165037345085,0.5977769581326551,8.659285480647657,48.14315954884147,43.32032015727144,45.12775313097973,15.292295261415513,4.136408660528547,34097.0,94117.40782924177, 0.0, 0.0,0.0,NaN, 110.72058592163435,110.72058592163435,0.0, 81.2307089223217, 1.005915795631741, -8.112160041567403, 1.005915795631741, 81.85935578767018, -5.284671721323474, -8.112160041567403, -5.284671721323474, 87.87410625923283, 5.600195132349126, 3.635885280369678, 18.0, 0.0
30, 0 ,1.0,1.0,1.0,44.538733940924566,56.684802898869,171.59813879433403,9.048971767051015,11.485472497046946,8.025229504728078,44.0,53.0,40.0,0.23379220506583748,-0.9687734850858742,0.08257808089937074,11.634398355381904,0.9477952489886166,0.24602236574473788,0.20287227890465698,8.922229179742617,-0.21685333948330152,0.030837155315169812,0.9757170178935117,7.952287626670868,50.688297634494745,45.84590311686868,37.6052053098571,16.002818996932547,4.702559013587749,36428.0,87388.88578576251, 0.0, 0.0,0.0,NaN, 77.48245879352311,77.48245879352311,0.0, 81.88389004088637, -12.518152434673995, 4.539489572888914, -12.518152434673995, 131.91607848042182, -4.952678444148971, 4.539489572888914, -4.952678444148971, 64.40430860355806, 5.469845871514594, 3.527780040143894, 21.0, 0.0
31, 0 ,1.0,1.0,1.0,188.71748213304014,180.1197910940077,188.12990654205606,6.517988559272487,11.19966713753323,7.05624942169087,26.0,48.0,28.0,-0.04246636541714227,-0.970521618226957,0.23724332732952944,11.414343794755244,0.6056387956842605,-0.2138616981471453,-0.7664625386982313,6.995222088967058,-0.7946057242245215,-0.11113488480107335,-0.5968674730707614,6.20378903675982,52.363810261636914,39.66787734723138,32.96712172015765,13.799235924236285,5.223836009937715,18190.0,68478.02620813984, 0.0, 0.0,0.0,NaN, 25.756883240494915,25.756883240494915,0.0, 42.48417485880703, 2.430489633430704, -5.773964281493923, 2.430489633430704, 125.43254399154179, -19.424687540139534, -5.773964281493923, -19.424687540139534, 49.790655901112736, 6.098584442872015, 3.8932071510031334, 8.0, 0.0
32, 0 ,1.0,1.0,1.0,87.8317658433682,75.722598224488,97.51026925668747,10.51378548928022,8.619646644873868,9.32335144088947,48.0,43.0,45.0,0.8692416447508347,0.2128858594046471,0.44620463231168833,10.999451945439976,-0.47455189839581857,0.10619562645355352,0.873798022801072,8.875418514252445,-0.13863426257527045,0.9712888858561505,-0.1933350497259326,8.485392081939525,50.2587610271878,47.75946869767594,42.53160151000394,15.821677938850636,4.630052147299781,34131.0,102089.95237962365, 0.0, 0.0,0.0,NaN, 151.5143015808844,151.5143015808844,0.0, 110.53968531459934, 8.723599045003382, 16.191965253637406, 8.723599045003382, 74.29830828248531, 5.281539636175828, 16.191965253637406, 5.281539636175828, 86.92488209033576, 5.851842066813534, 3.5922511880283357, 22.0, 0.0
33, 0 ,1.0,1.0,1.0,143.0451532327793,71.19284593460787,115.73481282223716,9.150461664001229,9.666684911992713,8.104619397176593,42.0,42.0,36.0,0.4208465440631892,0.8679985673990654,-0.2635653113428268,10.053692793387572,-0.8891912339217923,0.33722852533565695,-0.3092181612010827,8.987291558184264,0.17951917966253822,-0.36449335891495926,-0.9137381766349595,7.811046862589645,45.66730477356391,42.034360359024376,40.49983989976374,15.01223510712202,4.182511029714911,31227.0,77743.32846406949, 0.0, 0.0,0.0,NaN, 124.14869170736279,124.14869170736279,0.0, 83.73094866435613, 8.710317585173179, 0.988853041299051, 8.710317585173179, 93.44479718774757, -11.226087770695672, 0.988853041299051, -11.226087770695672, 65.6848555730911, 5.62251969309649, 3.576571865744018, 20.0, 0.0
34, 0 ,1.0,1.0,1.0,146.47346101610356,106.95260400787161,84.73979323151973,9.314799849820448,9.695618364085853,9.905749442968883,43.0,50.0,45.0,0.30050691609072705,0.6849912090679384,0.6636886595997292,10.59054752462161,-0.7090486681096155,-0.30496831651030026,0.635802101425321,9.575886874045475,-0.6379228633883733,0.6616504888719705,-0.3940470161565256,8.66239444006719,53.364284392446706,49.824025362417224,43.44125031916298,16.006165921411977,4.764140659900735,36079.0,115502.615437599, 0.0, 0.0,0.0,NaN, 136.761620469455,136.761620469455,0.0, 86.76549624221504, 11.244120356371763, -0.10696382884281296, 11.244120356371763, 94.00501546199882, 13.646249796998253, -0.10696382884281296, 13.646249796998253, 98.12387202687835, 5.230490837633691, 3.4141949452786062, 23.0, 0.0
35, 0 ,1.0,1.0,1.0,9.065040650406504,98.51018233483306,112.87062909464046,6.070314477432512,9.684721082144211,10.815923925526683,25.0,49.0,58.0,0.01507819322881157,-0.009443366039225503,0.9998417229375878,10.816832806629556,0.03903337051581664,-0.9991876093310997,-0.01002583389931932,9.689141391651312,0.9991241384708557,0.03917836388940916,-0.014697337439803032,6.061634910042644,57.962489832262406,49.045075536910446,26.119102447293862,14.938111014056986,4.947685316221111,25338.0,74250.72341833638, 0.0, 0.0,0.0,NaN, 131.82548410682696,131.82548410682696,0.0, 36.848717854926754, -2.2398287350147643, 1.1876313541726877, -2.2398287350147643, 93.79382243892854, -0.18543777355820315, 1.1876313541726877, -0.18543777355820315, 116.98421036278052, 5.535083523933019, 3.5242582549270143, 16.0, 0.0
36, 0 ,1.0,1.0,1.0,101.45355172172941,97.11206956764686,171.7346161905427,9.238780101082867,8.416166356575914,8.772923152490437,41.0,41.0,46.0,-0.8792671975896245,-0.33434959248968293,0.3392632388645592,9.490565416340733,-0.22770470009216298,-0.3305529481723902,-0.9159068282366273,8.700062842586277,-0.41837753859262844,0.8825786641747716,-0.21451139071072586,8.20909064089529,44.74404888608983,46.11526965301729,40.3796258842593,14.676989573680483,4.21154028727169,28634.0,83318.66911990923, 0.0, 0.0,0.0,NaN, 141.21291883489016,141.21291883489016,0.0, 85.35505775616474, 7.29288791384264, -5.0345903634343125, 7.29288791384264, 70.83185614156031, -0.05938336786516925, -5.0345903634343125, -0.05938336786516925, 76.96418063950274, 5.358505024314302, 3.527054600079248, 15.0, 0.0
37, 0 ,1.0,1.0,1.0,116.79912369396698,38.35039985292766,158.03299935655852,9.2188000808919,8.417064701717935,9.660916973987755,45.0,39.0,47.0,-0.6094908575372043,-0.1344602446364153,0.7813074536895693,10.125038683213083,0.6009300535420544,0.5644605025461199,0.5659217364753943,9.057902744801297,0.5171111730841903,-0.8144352544418112,0.2632323137340769,8.03769615199549,50.43782641059752,43.924590620415074,41.06750561596344,15.191896517582874,4.286356273304436,32637.0,90983.45200276723, 0.0, 0.0,0.0,NaN, 100.76888473123964,100.76888473123964,0.0, 84.98627493145248, 9.022986838122222, -12.122273990207457, 9.022986838122222, 70.84697819290602, 1.5885534625852928, -12.122273990207457, 1.5885534625852928, 93.33331677828473, 5.2934296952617785, 3.406671204188055, 14.0, 0.0
38, 0 ,1.0,1.0,1.0,180.95426123775295,160.26857367928707,8.110580473634975,10.216875537467436,9.325961489660681,5.433253357699045,44.0,48.0,21.0,-0.9812638047222978,0.19026208157426355,-0.030359279585464107,10.2558957568629,-0.18780171725471656,-0.9797201675952416,-0.06984918183723979,9.301859592437905,-0.04303324921615418,-0.06283894908558334,0.9970954848657776,5.400958789938596,46.683296310812764,44.28400316465434,22.58380880383273,14.085927153886688,4.7397259118111945,20311.0,46688.03282321302, 0.0, 0.0,0.0,NaN, 44.80075800806621,44.80075800806621,0.0, 104.3845457481005, -3.6386438408715307, 3.0168248367882935, -3.6386438408715307, 86.97355770663407, 3.4858344501167893, 3.0168248367882935, 3.4858344501167893, 29.520242048947953, 5.806200635831716, 3.6003319008355636, 12.0, 0.0
39, 0 ,1.0,1.0,1.0,55.44558695018934,82.39053306146228,71.90081561316633,10.348538423016933,8.66690979911146,9.173397240320172,52.0,42.0,46.0,0.8699704351145024,-0.15915684512853825,0.46671248180803376,10.916188004911772,-0.2233339329892172,0.7166603430063941,0.6606965318037664,8.972914566131706,0.43962870288716555,0.6790191833893121,-0.5879281862498688,8.165931270689686,53.49088850694778,40.6226564356262,42.1908905993553,15.656532352053443,4.607796067144993,34330.0,91678.35762079363, 0.0, 0.0,0.0,NaN, 122.6056293007848,122.6056293007848,0.0, 107.0922474926578, -9.480250050719073, 19.26773153409252, -9.480250050719073, 75.11532546593426, 2.650502915067904, 19.26773153409252, 2.650502915067904, 84.15121692871377, 5.2331458628524885, 3.338601242385761, 22.0, 0.0
40, 0 ,1.0,1.0,1.0,154.518439776625,179.53476769566572,136.78566771550868,9.414035703634724,11.11326851145596,8.713664786391735,47.0,49.0,43.0,0.06855812075353977,0.9684646328266695,0.23953296024273374,11.259447663868414,-0.9974959108318981,0.07072278129409232,-4.4280884092564053E-4,9.404713520810095,-0.017369281861512834,-0.2389027902095998,0.9708881320099053,8.53422293725276,53.64960630162511,47.521026884950686,40.49402935504045,16.18193889684376,5.1187510962587055,35277.0,103238.89546269178, 0.0, 0.0,0.0,NaN, 80.51987245268671,80.51987245268671,0.0, 88.62406822930933, 2.479934053745217, 0.8927324645253794, 2.479934053745217, 123.50473700771857, 12.512979520563821, 0.8927324645253794, 12.512979520563821, 75.92795400960334, 5.268326496624787, 3.482146451158803, 17.0, 0.0
41, 0 ,1.0,1.0,1.0,133.663812750231,137.19424083769633,18.122944256236526,9.256193757808466,8.409642058463897,9.774940787624763,47.0,39.0,38.0,0.39155875159239184,0.12640055033750433,0.9114300000141445,9.860357154624907,-0.8249550837881566,-0.39053805924634133,0.40856961954136595,9.35982009095137,-0.40759152810563054,0.911867822194904,0.048643818333268,8.19242299221714,46.93705075002563,52.93201635592348,41.04495121953611,15.254335385280008,4.38792910021832,32470.0,101975.06233744312, 0.0, 0.0,0.0,NaN, 93.13159631029828,93.13159631029828,0.0, 85.67712288209242, 8.091818077742351, 3.8395768247945377, 8.091818077742351, 70.72207955148488, 0.1994330328277076, 3.8395768247945377, 0.1994330328277076, 95.54946740157021, 5.337250774682101, 3.3933522759619774, 13.0, 0.0
42, 0 ,1.0,1.0,1.0,15.89534327024353,152.7878139861479,56.91257859627844,9.375668381196967,8.360798523150683,9.277746880296617,38.0,41.0,44.0,-0.8414740344311252,0.35701148417033896,-0.4055419208277943,9.475768671644127,0.48175995480178857,0.15597721938855688,-0.8623099518045654,9.364189101815725,-0.24459925455238793,-0.9209852915233261,-0.30324461655585966,8.148893621877276,53.8613434515625,47.872142283453606,38.58396889723025,15.030580322755823,4.238437433173577,31331.0,99487.13931189991, 0.0, 0.0,7.105427357601002E-15,66.07490885569612, 75.63526987036549,75.63526987036549,9.5367431640625E-7, 87.90315759417655, -5.426119751665194, -0.8613084415691535, -5.426119751665194, 69.90295194471865, -6.2485135326654655, -0.8613084415691535, -6.2485135326654655, 86.0765871748536, 5.647450453168354, 3.6662475681298785, 18.0, 0.0
43, 0 ,1.0,1.0,1.0,117.8227140861717,89.44117331041151,63.20421904659575,8.336444606820608,8.728484478222391,8.681828519889734,39.0,42.0,39.0,-0.40873189616264366,-0.7156250625691079,0.5664088690003447,9.295186007412635,-0.5156850305034335,-0.3309584518724802,-0.7902755547584929,8.408917690416489,-0.7529987957320801,0.615099400875282,0.2337638566350802,7.996656600187936,49.48831836420604,41.48053065881692,40.46657604629457,14.337094994609739,3.937588542937548,27921.0,83069.85639074298, 0.0, 0.0,7.105427357601002E-15,55.49981700983927, 136.92188688663404,136.92188688663404,0.0, 69.4963086825884, 7.722066111046823, -2.442001207669895, 7.722066111046823, 76.1864412865692, -7.332458372406679, -2.442001207669895, -7.332458372406679, 75.37414644877076, 5.293359067043522, 3.3864699708874477, 15.0, 0.0
44, 0 ,1.0,1.0,1.0,186.78970144368887,25.068620677115533,177.17924288155933,8.26231556649029,9.177675963531065,9.555420770722355,33.0,48.0,49.0,0.015886493669929558,0.5848617594155386,-0.810977399002115,9.976641859896779,-0.5835342137278998,0.6640488789212516,0.4674686169278004,9.181102050661996,-0.8119331504057685,-0.4658066216540821,-0.3518362552315688,7.744394298593097,49.6964289548377,54.861723149088036,40.89909215887502,14.886120168004032,4.71222739913397,27499.0,111508.58246003585, -2.8421709430404007E-14, 0.0,0.0,89.08973266973196, 36.38316487139128,36.38316487139128,NaN, 68.26585852026776, -9.055171701670588, -7.14293023077, -9.055171701670588, 84.22973609157587, -11.214088923869975, -7.14293023077, -11.214088923869975, 91.30606610555219, 5.413702913686672, 3.5371675116281525, 8.0, 0.0
45, 0 ,1.0,1.0,1.0,182.04213255550155,94.17857721601037,79.9542699724518,9.436880569435484,8.491111845762092,9.505389945409988,38.0,43.0,43.0,0.6679420973935952,-0.23295796150163206,0.7068125230232194,10.616888051674694,0.5917141109917231,0.7422552382033463,-0.31453389676308124,8.465229987075832,-0.4513621222286156,0.6283213744038142,0.6336280336953081,8.193149738498061,54.52371071898344,50.648227548245444,47.32325909268231,15.201977210101663,4.517302533247601,30855.0,130684.56689996339, 0.0, 0.0,0.0,NaN, 124.83899509533835,124.83899509533835,0.0, 89.05471488178898, -5.103359273401889, 20.680228456840588, -5.103359273401889, 72.0989803772413, -8.564998462103537, 20.680228456840588, -8.564998462103537, 90.3524380143013, 5.504911688728862, 3.3844199677633062, 13.0, 0.0
46, 0 ,1.0,1.0,1.0,28.270965818759937,152.0870429252782,129.44544912559618,10.667339777958668,8.384544390211957,8.256904729523969,58.0,41.0,41.0,-0.9702678902482282,0.2405742524073978,-0.026537713388202763,10.796061854402867,-0.18583107074373276,-0.6702216202718629,0.7185191666659956,8.742531253962664,0.15507106209570676,0.7020876076379503,0.6950006884181692,7.699506087515142,56.83629927937663,45.223865497184676,38.9930408747955,15.180198130455775,4.672342346446657,30192.0,100226.0415675075, 0.0, 0.0,0.0,NaN, 89.8490045190177,89.8490045190177,0.0, 113.7921379384193, -11.23271390340822, -0.8151569719297412, -11.23271390340822, 70.3005846314348, -8.624259416470187, -0.8151569719297412, -8.624259416470187, 68.17647571243529, 5.318595361626876, 3.4207469407832836, 20.0, 0.0
47, 0 ,1.0,1.0,1.0,17.04501753537308,134.25036280082236,12.404220582899988,9.799748456240845,10.59469982293293,8.083203440298437,41.0,50.0,32.0,-0.308865893025193,0.9052918844396102,-0.2916306981329818,11.057505825093275,-0.9285366716510587,-0.22061195906044204,0.2985799941702202,9.751373863438856,-0.20596482594104484,-0.36301097433451535,-0.9087362229975103,7.500878928790426,57.18739727476577,49.960034719426645,37.83590604885138,15.789603254672635,4.930450391289294,33076.0,108100.37516740792, 0.0, 0.0,0.0,NaN, 69.04644887953253,69.04644887953253,0.0, 96.03506980559484, -10.502593729907622, -4.818837962508746, -10.502593729907622, 112.24766433805503, -19.983593864040166, -4.818837962508746, -19.983593864040166, 65.33817785725248, 5.643065102364156, 3.4949771845574165, 12.0, 0.0
48, 0 ,1.0,1.0,1.0,181.0780523134349,84.23365553358032,18.169726176216606,10.583920264041902,9.863423025214049,8.815440635868717,45.0,47.0,42.0,-0.8384137623958718,-0.5279082861430073,0.13555517122836486,11.100851636200392,0.4943227741663999,-0.8412741375774835,-0.21886712951856332,9.352761898006111,0.22958083100649498,-0.11649320523023673,0.9662929034043212,8.735869353688685,53.81446817915932,50.99825722528436,46.46415497955196,16.20239646608537,4.9498307334908676,35899.0,127518.27556033549, -2.8421709430404007E-14, 0.0,0.0,33.027006027790556, 88.22407708852307,88.22407708852307,NaN, 112.0193681555968, 16.123688603997454, -6.539056039047305, 16.123688603997454, 97.28711377432266, -1.3025338635089185, -6.539056039047305, -1.3025338635089185, 77.71199360452543, 4.6922017844903, 3.2183849478804833, 16.0, 0.0
49, 0 ,1.0,1.0,1.0,150.29344902057363,112.72886750274694,35.880877505399155,9.607214633053541,8.778298796235068,7.374223464713131,44.0,42.0,35.0,0.9837081546823429,-0.17967226396320116,0.006011985844779781,9.634648099191987,0.17960433086366656,0.9836840172768216,0.010394156490439762,8.748396571431106,0.007781436016229475,0.009145037805876487,-0.9999279061697671,7.373966904100841,45.238472374624905,41.73669688578771,35.19184953872289,14.375371444663863,4.13339694404217,26393.0,66445.88627759487, 0.0, -1.4210854715202004E-14,0.0,79.64932930405105, 106.6509688103248,106.6509688103248,1.3486991523486091E-6, 92.29857300555807, -2.881107824376714, 0.26876837497380257, -2.881107824376714, 77.05852975598205, 0.18503237330490493, 0.26876837497380257, 0.18503237330490493, 54.379171707525735, 5.725530681747235, 3.6337541697139533, 11.0, 0.0
