// Sample: .//bubblelabels.tif, Map: .//bubblelabels.tif, Thickness:(8.191250068658265):/afs/psi.ch/project/tipl/test/LabelValidation/Step3500//distmap.tif, Neighbors:(1.0):
//LACUNA_NUMBER, TRIANGLES, SCALE_X, SCALE_Y, SCALE_Z, POS_X, POS_Y, POS_Z , STD_X, STD_Y, STD_Z,PROJ_X, PROJ_Y, PROJ_Z, PCA1_X, PCA1_Y, PCA1_Z, PCA1_S, PCA2_X, PCA2_Y, PCA2_Z, PCA2_S, PCA3_X, PCA3_Y, PCA3_Z, PCA3_S,PROJ_PCA1, PROJ_PCA2, PROJ_PCA3,OBJ_RADIUS, OBJ_RADIUS_STD, VOLUME, VOLUME_BOX, Mask_Grad_X,Mask_Grad_Y,Mask_Grad_Z,Mask_Angle, Mask_Distance_Mean,Mask_Distance_COV, Mask_Distance_STD, SHAPET_XX, SHAPET_XY, SHAPET_XZ, SHAPET_YX, SHAPET_YY, SHAPET_YZ, SHAPET_ZX, SHAPET_ZY, SHAPET_ZZ, Thickness, Thickness_STD, Neighbors, Neighbors_STD
1, 0 ,1.0,1.0,1.0,78.90793063886197,137.9503331926454,39.70882351192776,15.664106402066626,15.620336477068049,15.993354011069858,87.0,81.0,79.0,-0.09816995910295126,-0.5679172537423399,0.8172102862981366,16.28554122817701,-0.8933940939167053,-0.3114719398699878,-0.3237780468598433,15.763075199730267,0.4384172123496897,-0.7618761208853999,-0.47679673272804757,15.213583427598083,88.91464071793217,83.38596955425899,90.9638025405862,26.276722820872013,7.394616376159995,168221.0,674426.8742517732, 0.0, 0.0,0.0,NaN, 163.80948266315585,163.80948266315585,0.0, 245.36422937526464, 6.619023549305369, 2.2147666376536876, 6.619023549305369, 243.99491165682267, -13.954368239148554, 2.2147666376536876, -13.954368239148554, 255.78737252340434, 6.996794531178531, 5.495532583649445, 52.0, 0.0
2, 0 ,1.0,1.0,1.0,58.620617875433666,261.6009141472548,12.977895258549479,14.750057725695667,18.705496259956476,8.195924434204779,83.0,89.0,34.0,-0.31009484882759764,-0.9506065088839685,-0.013727709132390596,19.12774081459385,0.9447340360688894,-0.30649908192087305,-0.11634394644608194,14.265960377318526,0.10638978251493882,-0.04904669253982704,0.9931141103253582,8.077430062606167,92.84490557891183,74.6306753468314,38.81524622180413,23.77686768817486,8.324273752875428,90795.0,268953.8688878146, 0.0, 0.0,1.7763568394002505E-15,89.21343549833182, 71.26915461660809,71.26915461660809,0.0, 217.5642029113544, 48.57959236429684, -13.918392201376745, 48.57959236429684, 349.8955903312457, 8.853769862806967, -13.918392201376745, 8.853769862806967, 67.17317733119492, 7.669114862651813, 5.509814098974681, 21.0, 0.0
3, 0 ,1.0,1.0,1.0,77.86713721788381,14.760823393117652,258.27757873508966,15.376928527380112,9.175476700701163,16.512947786404794,73.0,39.0,82.0,-0.5788028921727545,0.10444251468116827,0.8087514903476395,17.582875228678127,0.8019871415851688,-0.10667844914519019,0.5877383203603688,14.278407007595591,-0.14766122288707062,-0.9887929356619873,0.022015758911376998,8.960264518192497,95.64787291938555,88.99343780166592,40.413804621181626,23.103091394819426,7.7177662714245905,93224.0,344003.6397837825, 0.0, 0.0,0.0,NaN, 89.56524661920045,89.56524661920045,0.0, 236.44993093615633, -24.409051761916135, -48.882765272753474, -24.409051761916135, 84.1893726851099, 11.583542575477358, -48.882765272753474, 11.583542575477358, 272.67744459653096, 7.048149959933172, 5.257901732053162, 35.0, 0.0
4, 0 ,1.0,1.0,1.0,154.0889785753199,176.61036434186096,14.220150539786308,15.83554948990098,15.321859294840229,8.85929616309349,78.0,67.0,38.0,-0.7620935795266809,-0.6460956677427878,0.04211607968711038,17.168651439840144,0.6408572286265832,-0.7619869964141993,-0.09315487004296309,13.861666898107542,0.0922788630254232,-0.04400233425248664,0.9947604767073664,8.780815847435402,81.07877247684695,67.43338667441319,40.965285013915,22.630230365924398,7.203041162492211,89943.0,223974.26355839494, 0.0, 0.0,0.0,NaN, 191.617434077424,191.617434077424,0.0, 250.7646276471032, 50.994132441347645, -13.854050507208989, 50.994132441347645, 234.75937225088188, 2.24333384106394, -13.854050507208989, 2.24333384106394, 78.48712850540302, 8.108444706101036, 5.549936936667317, 23.0, 0.0
5, 0 ,1.0,1.0,1.0,17.54354961373734,163.9723211784013,12.84223271824841,10.586229788663381,14.46031821744593,8.215446551014358,45.0,73.0,35.0,-0.059899719394111026,0.9978941119082907,0.024887045531179722,14.475417624738924,-0.998067230483409,-0.06028617799512997,0.015079130542494927,10.57021604836633,-0.016547720437717753,0.023935708920016424,-0.9995765377332602,8.209472784595423,73.14491471567936,48.56038465672105,36.00110905614352,18.67958658215216,6.303623659499918,49966.0,127873.9663005912, 0.0, 0.0,0.0,NaN, 137.7542321666791,137.7542321666791,0.0, 112.06826113838392, -5.8287889942000355, -0.8791217707022655, -5.8287889942000355, 209.10080294979863, 3.489749186433319, -0.8791217707022655, 3.489749186433319, 67.49356203257369, 7.451981980886971, 5.207426292615866, 16.0, 0.0
6, 0 ,1.0,1.0,1.0,280.51329418361024,206.16644534285518,209.09551352042573,12.737010970789177,14.2362676020623,15.014634845253868,51.0,77.0,75.0,0.42518441890854686,0.10341275990007258,-0.899179632224425,15.590614754836755,-0.07958353498356613,-0.9853322978714335,-0.15095272018390574,14.259772863585061,0.9016011706275241,-0.13574263833170092,0.4107179875070339,11.99723437668339,83.29638778109043,73.82024148002066,60.74291949936173,23.177161654901337,7.291172804583906,101661.0,373505.7495087382, 0.0, 0.0,0.0,NaN, 132.09123114455784,132.09123114455784,0.0, 162.23144847000384, 9.017367024907866, -37.18680798460416, 9.017367024907866, 202.6713152375287, -0.38191818179156506, -37.18680798460416, -0.38191818179156506, 225.43925953631165, 7.032344536182937, 5.0307825064353215, 32.0, 0.0
7, 0 ,1.0,1.0,1.0,189.9253753239767,113.95165533766932,234.30883661792754,13.188529616685958,13.157128863356474,13.576903488607352,64.0,69.0,69.0,0.6091942848918123,-0.2509057170799423,0.7522822903616391,14.104390083995087,0.17692392053850062,-0.881717052582742,-0.43734764836007495,13.192325626263413,0.7730331490928702,0.3995264200542958,-0.4927457661737529,12.58603935498629,68.00134890712386,67.46036463023759,61.78783549659792,22.209037241025083,6.175623575231201,102245.0,283445.2565923497, 0.0, 0.0,0.0,NaN, 171.51306567796084,171.51306567796084,3.3036247397782844E-6, 173.93731345020265, -8.632411069231715, 17.362906972417267, -8.632411069231715, 173.11003992696803, -1.6224208577200103, 17.362906972417267, -1.6224208577200103, 184.33230833895848, 6.4601996542189175, 4.810922946870323, 36.0, 0.0
8, 0 ,1.0,1.0,1.0,121.75799645838603,186.55946369845688,114.74942575259297,12.551377739519019,12.684644477900415,14.617663088558713,63.0,67.0,76.0,-0.011993335268569777,-0.21887186435055955,0.975679899815942,14.713266039870089,-0.2536210326484524,-0.9431761034440104,-0.21469794989823765,12.57565450546446,-0.9672293066835124,0.2500278882202618,0.04419868102837365,12.549345762255173,76.14550583570377,65.59091548329127,66.56118723328044,22.164306779633282,6.391937721832442,98825.0,332436.75039479113, 1.4210854715202004E-14, 0.0,0.0,89.31281603205338, 202.1415239095914,202.1415239095914,0.0, 157.53708316009357, 0.3129788394868582, -0.6543357824542112, 0.3129788394868582, 160.90020553072947, -12.46427523840011, -0.6543357824542112, -12.46427523840011, 213.67607417061186, 6.30989522239452, 4.666316420529442, 35.0, 0.0
9, 0 ,1.0,1.0,1.0,260.2528106702583,141.12250968067792,126.3129711730924,14.253328620844409,13.26609283380152,13.40913550157464,74.0,67.0,64.0,-0.8922891681675216,-0.2836995603033748,0.35119026161695377,14.465810387117667,-0.4510729683787085,0.5278442407719701,-0.7196621670491529,13.391624886337823,-0.01879408334910799,0.8005591901711795,0.5989589013142159,13.052058209186313,78.79468558411676,70.21604893839769,66.26156917618061,22.716545683148862,6.550577300817504,106914.0,366602.1700326637, 0.0, 0.0,0.0,NaN, 193.52097685977566,193.52097685977566,0.0, 203.15737677378235, 7.710137922451219, -9.276019023116973, 7.710137922451219, 175.98921907504004, -7.287046564763342, -9.276019023116973, -7.287046564763342, 179.80491489958936, 6.116428269515501, 4.620939038122827, 38.0, 0.0
10, 0 ,1.0,1.0,1.0,22.845785599073576,133.07910790355268,191.69992555523388,13.124708797484658,13.197786956906102,13.16377887357858,58.0,65.0,63.0,0.4735054077091349,-0.6413195543639306,0.6037398927192532,13.890804098257266,-0.8738701176846991,-0.2562999027526038,0.41311182174652866,12.898452053090374,-0.11019821363314339,-0.7232009326870749,-0.6817893843941903,12.664917368427382,83.93897762392146,69.2386966052145,66.1852455761996,21.922726835672925,6.254493096929937,96716.0,384657.09167953354, 0.0, 0.0,0.0,NaN, 173.09212866212647,173.09212866212647,0.0, 172.25798101877118, -8.548607320593344, 7.1512509787037155, -8.548607320593344, 174.1815805598808, -13.236808081631732, 7.1512509787037155, -13.236808081631732, 173.28507423247376, 6.399132031242498, 4.683670517071008, 35.0, 0.0
11, 0 ,1.0,1.0,1.0,47.15093199545904,248.53443256307906,213.69289925660087,13.29490545546391,14.565514864505342,13.21889116004605,62.0,71.0,65.0,0.03975412505548233,-0.8712552658848379,-0.4892176113030006,15.09009350830653,-0.8080895569125516,-0.3160097438934251,0.49712082009636965,14.008032475439848,-0.5877166643459654,0.37556903950186377,-0.7166149726440962,11.819979776487832,71.39629011263298,67.7025154408761,64.48383200478014,22.839564365252937,6.480904060735158,109228.0,311696.04260342993, 0.0, 0.0,2.8421709430404007E-14,60.710829599585644, 110.99923719727045,110.99923719727045,0.0, 176.75451106972406, 11.383476258515012, -24.413759632551333, 11.383476258515012, 212.1542232681261, 28.630195608231983, -24.413759632551333, 28.630195608231983, 174.7390835011436, 6.993173194524145, 4.916686986221913, 42.0, 0.0
12, 0 ,1.0,1.0,1.0,265.2826660736902,281.72894530759044,25.565254802625855,16.474815739286754,11.026334999700056,14.000544790906034,74.0,51.0,63.0,-0.9832584290314278,-0.13828464282941766,0.11866009984906298,16.587283305033043,0.13847627145005986,-0.1438092426429241,0.9798689830664905,14.034919740429629,-0.11843641325174695,0.9798960451435699,0.16055079173910208,10.811934704274613,79.503299212808,68.50685999035983,54.743781721233205,23.178049413000494,7.196728216326209,103433.0,298163.1780016083, 0.0, 0.0,0.0,NaN, 46.82634907450191,46.82634907450191,NaN, 271.4195536434505, 19.921077664207488, -7.596341154799355, 19.921077664207488, 121.58006352561046, -13.881097100089699, -7.596341154799355, -13.881097100089699, 196.01525444216605, 6.212931877875537, 4.6950958428344665, 22.0, 0.0
13, 0 ,1.0,1.0,1.0,135.61681086586142,21.2401225931108,249.4920571466644,15.050794323234664,12.715267340498526,13.650449854953926,73.0,55.0,69.0,0.9025580131012281,0.17054326382677445,0.39535304241914543,15.495392187269559,0.2998261705028682,0.4100628690925541,-0.8613667690787522,13.389670997956925,0.30901990302947857,-0.8959706683563332,-0.31897219467652244,12.45587195151145,80.85809589768459,72.37902499158204,62.0079165336892,22.93823564066971,6.955326033793969,105063.0,362896.99987291225, 0.0, 0.0,0.0,NaN, 146.2672707357084,146.2672707357084,0.0, 226.5264097603128, 16.044526574303575, 24.082643068135294, 16.044526574303575, 161.67802354034848, -2.796366158362505, 24.082643068135294, -2.796366158362505, 186.33478124261165, 6.845888267572922, 4.688124852045289, 31.0, 0.0
14, 0 ,1.0,1.0,1.0,236.40181554422367,241.24287849481274,9.672278881659926,14.747748119653934,11.657526724239839,6.718078297358501,68.0,54.0,28.0,-0.9898802805920995,-0.08946910449581987,-0.11014676316452231,14.844616704593202,-0.08748042868730752,0.9959060472880799,-0.022766632858570387,11.628922647871715,-0.11173273777899721,0.01290055486202718,0.9936545531484579,6.552258609066825,68.16559705708929,56.71490006870158,30.822054810424188,18.845751582089882,6.5851520288237015,45496.0,119158.21878458897, 0.0, 0.0,0.0,NaN, 87.12451648308239,87.12451648308239,0.0, 217.49607460075615, 7.672541283548631, 19.52945467215499, 7.672541283548631, 135.89792932636604, -0.34422106651893464, 19.52945467215499, -0.34422106651893464, 45.1325760094393, 6.07040916548733, 4.572902403665063, 15.0, 0.0
15, 0 ,1.0,1.0,1.0,144.4181281992879,151.87315535202657,58.79444237985063,12.274399608500575,11.703097877546009,13.518869212248243,61.0,59.0,67.0,0.3564320537634271,0.12189149791060351,0.9263361451369017,13.69716000791099,-0.7442352381704765,-0.5623636778434844,0.3603623233742443,12.485024864440364,-0.5648629048851755,0.8178566846211253,0.10972849267725325,11.264775732807294,69.82368880723672,65.50953341076641,60.14994601059952,20.866772453999136,5.91278426896943,83417.0,275132.90712420555, 0.0, 0.0,0.0,NaN, 215.06962666240992,215.06962666240992,0.0, 150.6608857491591, 14.767220284554226, 12.274843787634461, 14.767220284554226, 136.9624999314219, 0.982641365922976, 12.274843787634461, 0.982641365922976, 182.75982477787343, 5.709575458371262, 4.491579444961646, 31.0, 0.0
16, 0 ,1.0,1.0,1.0,34.21177157377837,10.947958517908038,72.15418426565022,15.108951530667172,7.488318641651813,13.394391692384616,75.0,31.0,63.0,0.9750624094796667,9.880246598080317E-4,0.2219286403936604,15.196991549474005,0.22182251735799435,-0.035578586193780654,-0.9744377532697582,13.300184065740929,0.006933138731435739,0.9993663932771221,-0.034910508097238176,7.478075481473082,78.01309882429534,65.78209921676557,31.963071855964476,20.341251117832996,7.070966285114543,58242.0,164030.18276122518, 0.0, 0.0,0.0,NaN, 80.60105096689266,80.60105096689266,1.3486991523486091E-6, 228.28041635604987, -0.7861186147432574, 11.726181986667262, -0.7861186147432574, 56.07491607891005, 4.232415310414943, 11.726181986667262, 4.232415310414943, 179.40972880902203, 6.296878571275302, 4.537220434294299, 26.0, 0.0
17, 0 ,1.0,1.0,1.0,218.69973977766298,29.65875475958135,269.74447505883705,12.52765012331064,13.916314430051811,14.241183989936328,68.0,65.0,64.0,-0.2931729146996157,-0.5964210880020117,0.7472158509246367,14.96008238004994,-0.035397896483778904,-0.7742505779886633,-0.631888464373852,13.378982559038963,-0.9554039098784639,0.21170245220761544,-0.20587724672296057,12.272567263226655,76.07069489354113,75.87489568033166,60.748420115697655,22.598208777535735,6.537438826511344,104526.0,350631.1355274476, 0.0, 0.0,0.0,NaN, 91.67753724644896,91.67753724644896,0.0, 156.94201761208507, 13.575120239265516, -15.39803159288974, 13.575120239265516, 193.66380731606827, -18.731438294073666, -15.39803159288974, -18.731438294073666, 202.8113214352188, 6.2879908593564, 4.629054277247179, 35.0, 0.0
18, 0 ,1.0,1.0,1.0,162.0447175797547,256.04298133852956,281.9550825651403,14.970846080627318,13.187990541460481,10.13332299352051,71.0,67.0,43.0,-0.9247506098568415,0.3774247020288828,-0.04885595017813521,15.296161090877044,-0.3802065286247775,-0.9105768936344051,0.16215028945460905,12.888617377478072,0.016712425332539305,0.16852393028150697,0.9855558734856071,10.032176222605255,75.1906227509141,63.54793295926649,46.66025019520504,21.37534341597716,6.620291204436215,80058.0,222952.4112684296, 0.0, 0.0,0.0,NaN, 145.90921315148475,145.90921315148475,0.0, 224.12623236983433, -23.86778177311371, 1.9873192487545182, -23.86778177311371, 173.9230945216511, -12.125439545162926, 1.9873192487545182, -12.125439545162926, 102.68423489101149, 6.5967600984173735, 4.857166397504713, 30.0, 0.0
19, 0 ,1.0,1.0,1.0,40.886962236978185,86.01507814538812,38.223494843467584,12.373972417553277,12.744623976111335,15.505766373723365,59.0,63.0,78.0,0.09867033010154319,0.006354564704082468,0.9950998871797111,15.533586503864916,0.3866504426927594,0.921165521888815,-0.044221221701804606,12.830844246671585,-0.9169327135199974,0.389119134444361,0.08843471086697641,12.249348993474387,79.71528639096621,63.44267365791957,62.18401791726227,22.622243916044965,6.648571630225927,103461.0,314486.3989825709, 0.0, 0.0,0.0,NaN, 102.62247759323441,102.62247759323441,0.0, 153.11519339036928, 5.251585997722018, 8.70977249586187, 5.251585997722018, 162.4254402924719, -0.017094866237745737, 8.70977249586187, -0.017094866237745737, 240.42879083649024, 5.91308941646407, 4.3818832739717095, 33.0, 0.0
20, 0 ,1.0,1.0,1.0,190.7290761993383,281.89925816790736,59.90858922663358,14.196471419681863,10.231440684573693,12.86489654506346,67.0,44.0,68.0,0.9782072105824944,0.15954967888039945,-0.1328704373951451,14.311568100670359,-0.1352703534478933,0.00422717538036381,-0.9907997085518271,12.839052062553924,-0.15752010869250266,0.9871808501776486,0.02571739489211819,10.10274729971427,68.9960917913942,66.94743324427876,47.8722378460987,20.795335965448704,6.267515014028472,77376.0,221127.19236506074, 0.0, 0.0,0.0,NaN, 125.92382898501619,125.92382898501619,0.0, 201.539800769844, 16.001423554769527, -4.942052368203063, 16.001423554769527, 104.68237848194978, -2.4412808490796722, -4.942052368203063, -2.4412808490796722, 165.5055631151857, 6.120682019694894, 4.681281280917334, 34.0, 0.0
21, 0 ,1.0,1.0,1.0,281.2129818883779,105.425353432124,168.9822858116164,10.688743446052342,12.111696302704166,12.88919840345574,45.0,62.0,66.0,0.12395915998843474,-0.4629342729152207,0.8776821666272007,13.139892254752208,0.3130240494373372,-0.8210979622748659,-0.47729873331270667,12.02189524745957,-0.9416209806120575,-0.33390117596156926,-0.043126947059443976,10.48289680673823,67.2873971795627,59.23259757409629,52.16061837975667,19.854311386162987,5.7341240524945825,70452.0,207891.74237507713, 0.0, 0.0,0.0,NaN, 169.21317509864193,169.21317509864193,0.0, 114.2492364555269, -12.503767504812167, 1.6540453272681381, -12.503767504812167, 146.69318732893777, -11.928549351568542, 1.6540453272681381, -11.928549351568542, 166.13143548364602, 6.219553816546433, 4.627999406176516, 22.0, 0.0
22, 0 ,1.0,1.0,1.0,277.93272157859,207.27916602790128,11.385996802522941,12.839172016592466,12.198401543278896,7.188979808127983,49.0,66.0,28.0,-0.9135046004318462,0.40489020752785804,-0.03966440265403229,12.993942784389722,0.4060285479229809,0.9134757624164592,-0.026511313608040838,12.04380800604709,-0.0254982991865898,0.040323086758285866,0.9988612943811943,7.171534605220434,64.83845182945515,61.33151382536329,30.429005821820425,18.16509682450825,5.9460933662973,45661.0,121005.2140287441, 0.0, 0.0,0.0,NaN, 95.98832612665242,95.98832612665242,0.0, 164.84433807165104, -8.702643436680875, 3.2464637694608016, -8.702643436680875, 148.80100021106895, -4.152894181944374, 3.2464637694608016, -4.152894181944374, 51.68143068167185, 6.4692654659395314, 4.68425452472994, 13.0, 0.0
23, 0 ,1.0,1.0,1.0,52.037253811060424,188.88010459552686,49.31993991320797,14.35678024190867,11.003805408619197,13.563005211089212,73.0,56.0,75.0,-0.8120332632054837,0.0709487490415835,0.5792825342242661,15.080067197689285,0.5783823685783763,0.23040332845246256,0.7825523253787532,12.874373020940013,0.07794751545444382,-0.9705053226270637,0.228130672175002,10.862691902660087,77.69433444350722,66.02901330379022,58.02886020351232,21.670877725451447,6.44430301502999,89870.0,297692.70923060493, -7.105427357601002E-15, 0.0,0.0,35.704934911965154, 132.24206370115456,132.24206370115456,0.0, 206.11713891445916, 0.059980080273452634, -29.85328985011038, 0.059980080273452634, 121.08373347075711, 13.10640205368692, -29.85328985011038, 13.10640205368692, 183.95511035603315, 5.961518776477132, 4.289904280074505, 32.0, 0.0
24, 0 ,1.0,1.0,1.0,91.17909157837457,268.3280731517344,39.377858156482404,11.340048704837665,14.67385888055744,13.55764360770839,62.0,61.0,67.0,-0.0535347524564624,-0.8520109869479022,0.5207795199501294,15.268351734441017,0.2846076393876001,-0.5129147158208898,-0.8098870204519852,13.038278980510919,-0.9571481190921514,-0.10486072865681528,-0.26994759807028984,11.162851598404425,76.09236015641284,68.88455297491679,58.5377205728539,22.033053517987838,6.501776060561307,93723.0,306830.62623968394, 0.0, 0.0,0.0,NaN, 104.24659900606616,104.24659900606616,0.0, 128.5967046280904, -1.6761062690253192, -13.487141354379693, -1.6761062690253192, 215.3221344465144, -29.294339517466586, -13.487141354379693, -29.294339517466586, 183.8097001936362, 5.8349345146931775, 4.2618251458411285, 34.0, 0.0
25, 0 ,1.0,1.0,1.0,68.71078040172199,62.321051625883754,161.4242134724111,13.521127944867171,12.749644218666136,11.999268788693502,65.0,62.0,58.0,-0.9390402195211085,0.23891054810822251,-0.24723514338454594,13.73013001137426,-0.12787069667018314,-0.9102172850954179,-0.3938953907404974,12.820557852876618,-0.3191434646907725,-0.338269484163375,0.8852802974363623,11.682191843962858,67.15175443835253,63.26905748666766,65.17170108009707,21.293996780986994,5.9935366152886465,88967.0,276890.3278258091, 0.0, 0.0,0.0,NaN, 166.75830843142305,166.75830843142305,0.0, 182.82090090146795, -8.429159358125446, 13.487376632443532, -8.429159358125446, 162.5534277025668, 6.926502979616287, 13.487376632443532, 6.926502979616287, 143.98245146331402, 6.260190854211441, 4.388709288633786, 37.0, 0.0
26, 0 ,1.0,1.0,1.0,124.03690423189383,169.0839038829461,274.40410555067564,13.064615417173657,11.614408494584392,13.151223484482351,68.0,57.0,61.0,-0.7619426876547981,0.32097389805682663,0.5625114198801551,13.293155112911421,0.5683626423699756,-0.08500837571176192,0.8183749035845772,13.117714914803013,0.31049516499875035,0.9432652505128415,-0.1176580625683806,11.390826237571943,75.136994932351,70.1853293968363,61.235560500337755,20.990230262875126,6.159835495205597,83107.0,322926.63086265203, 0.0, 0.0,0.0,NaN, 182.15193561042017,182.15193561042017,0.0, 170.68417599865163, -13.528876426883366, -0.4397630972589942, -13.528876426883366, 134.89448467907408, 5.533771788118152, -0.4397630972589942, 5.533771788118152, 172.95467913880012, 5.675796921648785, 4.220867962615293, 30.0, 0.0
27, 0 ,1.0,1.0,1.0,277.0653958390192,207.6480381248294,287.12978397329584,13.502711077102365,12.676963392704257,7.501432239228247,55.0,61.0,34.0,0.9840670824945068,-0.09356657654736052,-0.15118621929249118,13.635452920248698,-0.07630791127318416,-0.9902915509207649,0.11618841100587299,12.71435023168254,0.16058978743330513,0.1028004860307224,0.9816531873548693,7.191648960926485,59.349666342298576,62.670953797398255,39.678119982122894,18.9200367861743,6.429020216270022,47633.0,147582.7750991898, 0.0, 0.0,0.0,NaN, 96.02355643688621,96.02355643688621,0.0, 182.3232064317029, -4.049642868575211, -20.94147496644785, -4.049642868575211, 160.70540085996382, -10.750680656009918, -20.94147496644785, -10.750680656009918, 56.271485639732916, 5.654228751131782, 4.369150877733649, 19.0, 0.0
28, 0 ,1.0,1.0,1.0,13.001694017998942,250.0327510146462,81.2880536439033,8.27601303136528,11.896073122918978,13.674773563591671,33.0,57.0,59.0,-0.06589209860000217,0.038235085729023,0.9970939321655617,13.69462963777711,-0.11225858061481044,0.992637564278596,-0.04548271167603283,11.935113878625755,-0.9914919275619123,-0.11492930088689858,-0.06111475580588566,8.186486135395372,58.3420639561489,58.52263415740563,36.455372923722834,19.032235342377103,5.897660326690047,56670.0,124470.7195468248, 0.0, 0.0,0.0,NaN, 96.29910531108848,96.29910531108848,0.0, 68.49239169532794, -8.708790261115338, -7.5333977968910775, -8.708790261115338, 141.51655574583526, 1.1894366055570305, -7.5333977968910775, 1.1894366055570305, 186.99943201550565, 7.830024887884086, 4.961284783532456, 26.0, 0.0
29, 0 ,1.0,1.0,1.0,60.37266006552426,44.160181226935585,34.274739060007064,11.90279018887228,12.100681125129173,14.683349270884658,62.0,60.0,68.0,-0.35996903262331714,-0.36433882609447815,0.8588827133854372,15.519996354148024,-0.5368277838837584,-0.6720429129297131,-0.5100727924829939,12.031533465380528,-0.7630453630045111,0.6446825133203506,-0.04632743265355632,10.866257838916813,80.86630771740371,60.14836533087571,56.93662431726083,21.450301675532163,6.602136155199977,82107.0,276938.3867003477, 0.0, -7.105427357601002E-15,0.0,68.63310139864188, 82.27841410123749,82.27841410123749,NaN, 141.6764142803142, 25.73079974689391, -30.658427000841336, 25.73079974689391, 146.42648369205742, -29.279030632190096, -30.658427000841336, -29.279030632190096, 215.60074581078902, 6.260004239978174, 4.333721791089264, 26.0, 0.0
30, 0 ,1.0,1.0,1.0,135.39603374482198,142.76063471092579,174.933831523609,12.343103576275972,11.46064826160651,11.847209927046075,58.0,52.0,55.0,-0.8625317357590052,0.4569065231114171,0.21742914695779342,12.644990229117441,-0.32295846850137133,-0.16630548260989558,-0.9316868111533716,11.872939370712254,-0.38953412229457646,-0.8738300267169392,0.2910055875341019,11.099215302504755,66.3206442286832,54.83095831431848,59.74016902535186,19.83354121297959,5.539466624101879,72663.0,217240.61302826635, 0.0, 0.0,0.0,NaN, 233.13993925164425,233.13993925164425,0.0, 152.35220589467667, -13.509953966617076, -1.5351398890048789, -13.509953966617076, 131.34645857626433, 6.400274303155001, -1.5351398890048789, 6.400274303155001, 140.35638305549907, 5.600783767527098, 4.10312492950268, 31.0, 0.0
31, 0 ,1.0,1.0,1.0,238.88134652852148,95.28355031418138,185.3813142717056,13.3190964857192,11.376773399018273,11.944347302293977,67.0,56.0,59.0,0.9173094880495865,-0.36761496855177855,0.15297888099630494,13.685345315048309,0.1834953195998369,0.049317858557774395,-0.9817826727500492,11.911271577039487,-0.35337341555238766,-0.928669469576744,-0.11269536572942646,10.96948812261635,72.70451223721588,60.02727370877355,56.205630567391154,20.381528129277502,5.83866832092691,77503.0,245295.6286873761, 0.0, 1.4210854715202004E-14,0.0,68.43139878764588, 161.09589653595566,161.09589653595566,0.0, 177.39833119589753, -22.384687964476033, 5.514232559289381, -22.384687964476033, 129.43097297260977, -4.808972071210164, 5.514232559289381, -4.808972071210164, 142.66743247781739, 5.8054951340824905, 4.272538227144608, 31.0, 0.0
32, 0 ,1.0,1.0,1.0,273.90548914204743,65.85167733156398,239.55118588409937,13.870692984525254,13.282705137086273,11.842866008838868,58.0,71.0,57.0,-0.9753007172338098,-0.13431964317139458,-0.17534749619405876,13.923895583096048,0.17617991574070607,-0.9518790664987675,-0.25077256638442924,13.397503395032773,-0.13322592935616545,-0.27547137096211005,0.952032759692355,11.649544605012286,62.95860405127087,73.99409214600558,59.36790126044886,21.615409243234136,6.469461969963991,88921.0,276569.2120669068, 0.0, 0.0,0.0,NaN, 93.12049201070046,93.12049201070046,0.0, 192.3961238709581, 0.27727416801926075, 8.012529843006222, 0.27727416801926075, 176.43025575877806, 11.82069017021154, 8.012529843006222, 11.82069017021154, 140.25347530331106, 5.484913233819061, 4.188083846956032, 32.0, 0.0
33, 0 ,1.0,1.0,1.0,131.47301790441776,276.1320058719464,59.018004792913516,12.829803084670472,12.135503713735186,12.188673907998579,63.0,53.0,69.0,-0.8804871750161405,0.03398169802868534,0.472850482532463,13.117750205175405,-0.28297525132220647,0.7625741387262301,-0.5817264735982728,12.759269958338557,-0.3803516028245838,-0.6460076835030951,-0.6618207696074024,11.205522250117824,63.59199176495523,67.8434123285089,60.794933963945,20.621216340693106,5.933254237208351,79701.0,262287.4448727489, 0.0, 0.0,0.0,NaN, 146.07518772991023,146.07518772991023,0.0, 164.60384719141993, -9.426627286638539, -13.23515113603157, -9.426627286638539, 147.27045038608048, -15.770547777647058, -13.23515113603157, -15.770547777647058, 148.56377163552534, 6.2542741222708615, 4.2891778231399895, 23.0, 0.0
34, 0 ,1.0,1.0,1.0,36.59390214426298,176.70095415673953,209.16818019635602,12.427193745257888,13.20358595871182,12.682155300775229,66.0,63.0,67.0,0.4222802249289553,0.8016087443525918,0.42320542601839606,13.758047192152446,-0.36048503312563235,-0.2798607153165821,0.8897912794104599,12.448793056542574,-0.831703043475472,0.5283004836264609,-0.170788308949076,12.056142771140934,60.33545276389552,62.178972109813174,75.20316653997219,21.268947325483367,6.102357682904606,86883.0,282131.9314649384, 0.0, 0.0,0.0,NaN, 157.45535198539295,157.45535198539295,1.9073486328125E-6, 154.4351443821768, 15.842279450666402, 4.765096760793623, 15.842279450666402, 174.3346821690919, 12.508139197101002, 4.765096760793623, 12.508139197101002, 160.83706307298124, 5.530864854775104, 4.197109503561761, 40.0, 0.0
35, 0 ,1.0,1.0,1.0,200.621011661635,175.46013141537915,193.59743680814537,12.481730855799384,10.689145086419053,11.744633481583785,63.0,53.0,56.0,0.9203726920489117,0.27624061595640054,0.27677649796662185,12.711429414335145,-0.282177976996273,-0.020841630809943598,0.9591356607505908,11.664953810785537,-0.2707206992989818,0.9608625024014678,-0.058766950319544146,10.504106734438926,64.26508731306058,56.50548887065749,50.97125865035339,19.434155399567164,5.504675045573826,67572.0,185093.4696426698, -2.8421709430404007E-14, 0.0,0.0,23.019372083905655, 191.5929738900363,191.5929738900363,0.0, 155.79360515661443, 13.179889679400416, 6.088746214701166, 13.179889679400416, 114.25782267851658, 3.4035324507362295, 6.088746214701166, 3.4035324507362295, 137.93641561673886, 5.941414728717497, 4.19881649994189, 34.0, 0.0
36, 0 ,1.0,1.0,1.0,32.60998333262105,288.89258087952476,207.06023761699217,13.156844454583878,6.802927291807667,13.413823597068061,77.0,27.0,86.0,0.6290741465222063,-0.05243085401227799,0.775575092254065,13.993669633582616,0.7766840800313807,0.08353737514499453,-0.6243263143418616,12.586333368125581,0.032055545591459844,-0.9951243703685625,-0.09327341258582854,6.713751690787535,70.39625273949298,78.6089398505911,32.05961355916611,18.87196694246204,6.569771910471673,46798.0,177410.68152507712, 0.0, 0.0,0.0,NaN, 99.11904561829517,99.11904561829517,0.0, 173.1025560021145, 2.381712599109083, 18.58954350581955, 2.381712599109083, 46.27981973762161, -12.041309147813335, 18.58954350581955, -12.041309147813335, 179.93066349325994, 5.790006367999079, 4.446110394391389, 23.0, 0.0
37, 0 ,1.0,1.0,1.0,163.25595100531547,9.576866189045528,223.96806101224868,14.225033141977384,6.533025456079374,12.270668513244315,72.0,27.0,66.0,0.9296826066791866,-0.025765992132758972,0.36745933718930973,14.554625315176411,0.36825591517616846,0.08890163677805563,-0.9254642510199649,11.915900820853961,0.008822231914578841,-0.99570709178332,-0.09213878443114015,6.463395765730219,73.08062083398997,62.71881813351452,29.034655982438824,18.70492183706049,6.762188575567642,43270.0,133081.22158895043, 0.0, 0.0,2.8421709430404007E-14,68.4409868903255, 156.7530128823708,156.7530128823708,0.0, 202.351567890355, -0.7928540107159576, 23.943118194808132, -0.7928540107159576, 42.680421609781106, -9.855206168863873, 23.943118194808132, -9.855206168863873, 150.56930576192545, 6.496380050934598, 4.291073475786388, 16.0, 0.0
38, 0 ,1.0,1.0,1.0,104.02073536327299,229.42173171878673,156.78526922172583,12.08775041368396,10.927022596215712,11.998181509644347,59.0,52.0,59.0,-0.8248230574512179,0.5398546400934432,0.16799967698303372,12.853384777746898,-0.19100775027870392,0.013602042205519804,-0.9814942810741729,11.988087324624331,-0.5321493805599073,-0.8416483541345623,0.09189714224223078,10.027270539506889,59.92120008127114,59.77685480014526,54.022451637336985,19.473102350814123,5.501652229543443,68048.0,193503.06688172513, 0.0, 0.0,0.0,NaN, 190.55724717518498,190.55724717518498,0.0, 146.11371006351675, -28.905743937443802, -0.8675495954597456, -28.905743937443802, 119.39982281820876, 5.288360332043734, -0.8675495954597456, 5.288360332043734, 143.95635953837152, 5.937394650732713, 4.144613017441044, 23.0, 0.0
39, 0 ,1.0,1.0,1.0,51.92892924232937,20.371484577060247,165.6049658326754,12.409597924800662,11.485127144091054,12.244750977416224,61.0,49.0,59.0,0.5918491838648272,0.2360739396494368,-0.7707033401879941,12.664026825295899,-0.7446115761199876,0.5262603268526469,-0.41061377118778275,12.485249635167364,-0.3086553810751483,-0.8168960542194695,-0.4872501332313985,10.935317040937981,64.55935028466034,61.781362873748876,59.700624127607554,20.064706543033733,5.7660856750514355,73462.0,238119.7987890654, 0.0, 0.0,0.0,NaN, 145.51163625279113,145.51163625279113,0.0, 153.9981206552169, -8.524536209512021, -7.5101477415208615, -8.524536209512021, 131.90814551593712, -15.266743589524873, -7.5101477415208615, -15.266743589524873, 149.93392649893556, 5.56761516853816, 4.064967036825168, 24.0, 0.0
40, 0 ,1.0,1.0,1.0,186.82978041819558,65.64333974022948,62.96924689847982,11.75618337188948,10.950276507400453,12.573265425398937,58.0,57.0,61.0,-0.5532662258738509,-0.15149341180848344,0.8191130749084217,13.072569708192846,0.6123479610055118,0.5926788330124425,0.5232224914425994,11.691688791715231,0.5647357417055312,-0.7910635543858876,0.23514249926941935,10.421887590147401,65.88670231677865,56.270516818462426,55.06730769368405,19.613601588331218,5.6133803767199435,68676.0,204160.8753424059, 0.0, 0.0,-7.105427357601002E-15,35.003892546109626, 145.19529161583282,145.19529161583282,0.0, 138.2078474734907, 15.410662262848433, -19.22624357500108, 15.410662262848433, 119.90855558852627, 0.979756152533175, -19.22624357500108, 0.979756152533175, 158.0870034575323, 5.357199014363639, 3.936733950810289, 33.0, 0.0
41, 0 ,1.0,1.0,1.0,92.14204498977504,158.65800954328563,106.43546012269938,11.284273118485341,11.569755938644306,13.179893161636995,57.0,56.0,61.0,-0.11024955878369222,0.21689030663400388,0.969950323303317,13.231918097603119,0.6576884168499673,-0.7157594628386441,0.2348070222508669,12.464548308250635,-0.7451784894435592,-0.6638124631589429,0.06373407742700894,10.220324602190534,62.698169803328625,57.424804294202566,53.35720015341255,20.059314038266628,5.7032952193204185,73350.0,192108.87111471134, 0.0, 0.0,0.0,NaN, 199.48990423751872,199.48990423751872,0.0, 127.3348198125709, -25.654557620061198, 0.30922891590449714, -25.654557620061198, 133.8592524797952, 6.302147473455192, 0.30922891590449714, 6.302147473455192, 173.70958375216563, 6.205186518067881, 4.293684552337705, 28.0, 0.0
42, 0 ,1.0,1.0,1.0,84.20062789460711,207.97165393147645,190.73990374012428,13.875995903804522,12.313091570202209,10.399264659023814,64.0,60.0,52.0,-0.9739878811174839,0.2265598666469131,0.004270159388958336,13.96102824820611,0.21821223248010244,0.9428477118575276,-0.25183648234732625,12.338248562655853,-0.0610821498665842,-0.24435388081624254,-0.967760379379998,10.254633316014676,64.67341576760039,59.473501517852185,55.220171362570056,20.443486008785204,5.862087648256821,77083.0,212396.35410421976, 0.0, 0.0,2.8421709430404007E-14,89.75533714561962, 165.82138237474481,165.82138237474481,0.0, 192.5432623223999, -10.120216235100894, -2.9602326238083916, -10.120216235100894, 151.61222401618468, -11.090789283341554, -2.9602326238083916, -11.090789283341554, 108.14470544842167, 5.654096208116394, 4.100168608089998, 20.0, 0.0
43, 0 ,1.0,1.0,1.0,24.70160794470012,11.787389838087607,265.53967692049713,13.00614371706879,7.513178853565935,14.004091302040054,50.0,33.0,71.0,-0.44042858930509654,0.06487143947559479,0.8954408713382961,14.378935571991208,-0.8908935874455329,-0.15494514572926762,-0.4269667641203057,12.71902269089865,-0.11104626770473397,0.9857908998135967,-0.12603582139038205,7.293481862287958,77.24325962050108,70.08529464762586,35.40606387036138,19.46576824225996,6.542634852202249,53671.0,191674.85546493361, 0.0, 0.0,0.0,NaN, 44.0071114820371,44.0071114820371,0.0, 169.15977438904795, 10.600790897448821, -19.258856256045892, 10.600790897448821, 56.44785648567034, 16.103188935175325, -19.258856256045892, 16.103188935175325, 196.1145731958739, 5.826510823680748, 4.2038074357811865, 23.0, 0.0
44, 0 ,1.0,1.0,1.0,287.3674604941019,78.75335707396691,284.97395949254394,8.03573501191674,10.326578215541483,8.54059429170719,36.0,51.0,36.0,0.0927678299475222,0.9703196218834402,-0.22332478840201642,10.412320463091456,-0.5796916712835795,0.2349928341678107,0.7802153126760784,8.90399246788408,0.8095379521500389,0.05708063837902975,0.5842859785678278,7.513687935011178,49.747414632964436,49.51115630470585,38.41582489197742,14.891479002664527,4.732531964200917,26958.0,94620.17516344953, 0.0, 0.0,0.0,NaN, 81.16313324483919,81.16313324483919,0.0, 64.57303718174454, 1.567855361127813, -11.400142545186702, 1.567855361127813, 106.63821764169592, -7.07478831271149, -11.400142545186702, -7.07478831271149, 72.94175085554146, 6.714241845602761, 4.484137430700401, 9.0, 0.0
45, 0 ,1.0,1.0,1.0,121.5433025984912,236.93008102822017,78.29175747415479,11.773097882128974,12.518355826557949,14.179180937979698,61.0,62.0,66.0,0.1372449730470548,0.3280517303776491,0.9346367634378303,14.451191717026573,0.14066497190542768,-0.9404577410221191,0.30943917500926976,12.269604070494555,-0.9804984360273904,-0.08900168283691214,0.17521848475557383,11.704021203224121,67.48705756198888,59.228504867528045,59.76845641517258,21.42322491583424,6.116344710692719,89475.0,238903.93485764743, 0.0, 0.0,0.0,NaN, 157.73455034977957,157.73455034977957,0.0, 138.60583374218973, 1.4413400509210026, 9.807053206665401, 1.4413400509210026, 156.70923260031736, 18.08485314063491, 9.807053206665401, 18.08485314063491, 201.0491720719668, 6.039159403487803, 4.220686861334956, 38.0, 0.0
46, 0 ,1.0,1.0,1.0,23.628389135613308,188.19666263661284,121.77890566082907,12.568279246279346,12.560858698031916,12.474803913589165,52.0,61.0,63.0,-0.5782018435763825,-0.5212721285930556,0.6276607332284994,13.802425835008728,0.6203325278193327,-0.7805687699041647,-0.07681113447656096,12.167836594312568,0.5299718700215602,0.3449460296950301,0.7746883590086313,11.523642688406792,70.96517034635004,63.79138436603182,58.97338548883465,20.886191857738567,5.926595718329509,83539.0,266970.5380323854, 0.0, 0.0,0.0,NaN, 166.99817029741504,166.99817029741504,1.9073486328125E-6, 157.96164321245612, 10.004610958845669, -21.67195744101809, 10.004610958845669, 157.77517123192405, -17.967483942850226, -21.67195744101809, -17.967483942850226, 155.62073268249955, 5.970543086850564, 4.286750452167828, 22.0, 0.0
47, 0 ,1.0,1.0,1.0,216.71521940854504,135.66416977097595,206.2189513038099,12.589082235956424,12.822655567563395,11.097902515956521,69.0,61.0,59.0,0.5837812572695367,0.7204060843905385,0.37445228966303656,14.183952104012908,-0.8116548657927085,0.5294072272084238,0.24686912851652562,11.680211923991813,-0.020391726160858714,-0.4480435931386363,0.8937791204495665,10.41427288500831,63.80478081380039,58.68765364285971,54.88276777055184,20.27781347566918,5.905862193424711,74359.0,205511.4259616635, -2.8421709430404007E-14, 0.0,-2.8421709430404007E-14,49.612447116028484, 184.7593210974,184.7593210974,0.0, 158.4849915436736, 26.97869066380224, 14.665575287584216, 26.97869066380224, 164.42049580436452, 28.669490605827846, 14.665575287584216, 28.669490605827846, 123.1634402536741, 5.713334521722488, 3.8855854287378873, 30.0, 0.0
48, 0 ,1.0,1.0,1.0,125.54463182650373,91.82753077415417,213.12778530282958,12.689547008056687,10.364264888517678,12.13434046273621,62.0,51.0,65.0,0.756318070410738,0.1284642463345062,0.6414670013211016,13.5858973961104,-0.6076052001910789,0.5013770472100276,0.6159845592478057,11.612395083274102,0.24248483884758268,0.8556389390067878,-0.45725606500559507,9.811242570997317,67.2170428544029,57.90317394764509,52.81386676777289,19.589396080973366,5.651581159058603,67183.0,205555.80115248766, 0.0, 0.0,0.0,NaN, 178.15872607010266,178.15872607010266,0.0, 161.02460326968043, -3.1744094640950578, 28.40458651399109, -3.1744094640950578, 107.41798667936035, 19.195044107942408, 28.40458651399109, 19.195044107942408, 147.2422184655972, 6.185653483768457, 4.208000263161612, 37.0, 0.0
49, 0 ,1.0,1.0,1.0,107.61734432840763,211.03566376741807,279.56711409395973,11.852634462612942,12.15526247960294,11.295180222739733,61.0,58.0,46.0,0.5434767400596997,0.8060621261188275,0.23430083621463557,12.28337174386537,-0.6968955848979801,0.5888631238823496,-0.40936141132405557,11.922089747832327,-0.4679418519044691,0.05919518703675118,0.8817745477546396,11.081471046895125,61.60199523871074,64.95954798977534,55.301655776544834,19.551843748343224,5.791532781305373,66454.0,221297.19427636816, 0.0, 0.0,0.0,NaN, 141.11572820933958,141.11572820933958,0.0, 140.48494370432, 4.366612904289792, 9.09247215058987, 4.366612904289792, 147.75040594804298, 0.6422478646478691, 9.09247215058987, 0.6422478646478691, 127.58109626417081, 5.305123513324931, 3.988935931183199, 26.0, 0.0
