// Sample: .//bubblelabels.tif, Map: .//bubblelabels.tif, Thickness:(8.191250068658265):/gpfs/home/mader/Foam/NewValid/InSilicoTest/LatticeDataPhi_16.0/out_Step_05000.vtk/distmap.tif, Neighbors:(1.0):
//LACUNA_NUMBER, TRIANGLES, SCALE_X, SCALE_Y, SCALE_Z, POS_X, POS_Y, POS_Z , STD_X, STD_Y, STD_Z,PROJ_X, PROJ_Y, PROJ_Z, PCA1_X, PCA1_Y, PCA1_Z, PCA1_S, PCA2_X, PCA2_Y, PCA2_Z, PCA2_S, PCA3_X, PCA3_Y, PCA3_Z, PCA3_S,PROJ_PCA1, PROJ_PCA2, PROJ_PCA3,OBJ_RADIUS, OBJ_RADIUS_STD, VOLUME, VOLUME_BOX, Mask_Grad_X,Mask_Grad_Y,Mask_Grad_Z,Mask_Angle, Mask_Distance_Mean,Mask_Distance_COV, Mask_Distance_STD, SHAPET_XX, SHAPET_XY, SHAPET_XZ, SHAPET_YX, SHAPET_YY, SHAPET_YZ, SHAPET_ZX, SHAPET_ZY, SHAPET_ZZ, Thickness, Thickness_STD, Neighbors, Neighbors_STD
1, 0 ,1.0,1.0,1.0,131.09664114483638,15.067165709598031,180.34658417646523,21.239144763350584,9.343886286985063,11.732444872738435,88.0,38.0,51.0,-0.974049323755219,-0.01913849644056581,0.22552523771408695,21.659250222043568,0.2058394540591017,0.33943528536731893,0.9178310335787617,11.164737925469995,0.09411712939020123,-0.9404346893865627,0.32668725251185843,9.07112180433017,90.47173072049003,59.11218802268476,45.514581510534654,24.259919559293085,9.35500117002268,87768.0,243411.1607027191, 0.0, 0.0,0.0,NaN, 73.2185024264817,73.2185024264817,0.0, 451.1012702785626, 10.17145543308708, -76.97366610820359, 10.17145543308708, 87.30821094410749, 11.529246266061948, -76.97366610820359, 11.529246266061948, 137.6502626918464, 11.147552692778657, 6.465130671917165, 12.0, 0.0
2, 0 ,1.0,1.0,1.0,169.4505278425743,63.08342305161792,168.5490459955739,15.285470800119805,14.859712213033227,13.89344287018564,63.0,72.0,63.0,0.7596716567450122,0.6300033321220126,0.16122895352091288,16.120642410717657,-0.6145797943603792,0.6144754356590867,0.49468334855291957,14.105040012803412,0.21258092647799284,-0.4748849760591884,0.8539868905381517,13.735252233780868,78.0575907398825,73.32537058364596,71.12270544535374,24.464249733597484,6.998921659415731,133752.0,407078.0426226141, 0.0, -7.105427357601002E-15,0.0,50.949631625503706, 76.8241564925724,76.8241564925724,0.0, 233.64561758131518, 30.196759751873078, 5.592940945576192, 30.196759751873078, 220.81104705416882, 10.363327238331474, 5.592940945576192, 10.363327238331474, 193.02775478711217, 8.213140929373036, 5.572640598324374, 17.0, 0.0
3, 0 ,1.0,1.0,1.0,179.98900564312123,162.14358824674062,91.91415645067134,11.537442778900125,13.616497312906693,15.691808149112607,51.0,70.0,78.0,0.02192994401640388,0.2337654999327047,0.9720456617858289,15.811982985198368,-0.0072394876269753035,-0.9722168633180351,0.23396999914292416,13.478940457056293,-0.9997332981222224,0.012168061524075933,0.019628318939991785,11.534894285093173,77.12424247686837,74.46099294127896,52.17227988962017,22.751797437914554,6.8636827783198155,102780.0,299612.2390184312, 0.0, 0.0,0.0,NaN, 101.39901361463946,101.39901361463946,0.0, 133.11258587639466, 0.9418783296246424, 2.410965137081898, 0.9418783296246424, 185.4089990723952, 15.516646031338945, 2.410965137081898, 15.516646031338945, 246.23284298855683, 8.19238054620997, 5.662502652315686, 18.0, 0.0
4, 0 ,1.0,1.0,1.0,16.101538154214943,44.42532960447463,15.744866160607272,10.054463036825787,11.986005191750783,10.367827082180144,45.0,57.0,41.0,0.158346057579906,0.9306984693963497,-0.32973760039187794,12.178407684411654,0.6433839851822343,-0.35057687035220775,-0.6805533818776288,10.762072155050761,-0.7489883668388498,-0.10438494641155902,-0.6543089555422026,9.386829870797976,56.62000183879402,61.334170174152106,47.92297222701398,17.97400324030813,5.402184126716307,50060.0,166424.06225384542, 0.0, 0.0,0.0,NaN, 49.8073313058759,49.8073313058759,0.0, 101.09222695889603, 2.6219146947753877, -15.276111759775674, 2.6219146947753877, 143.66432045667673, -11.86373732104757, -15.276111759775674, -11.86373732104757, 107.49183840598802, 9.576105114178233, 5.885736099504024, 7.0, 0.0
5, 0 ,1.0,1.0,1.0,30.523456259733486,108.16716660657158,174.1809066429355,15.240356808481502,14.452637439167363,13.754929998370088,69.0,71.0,64.0,0.9210460124018248,0.014914065510542668,-0.38916810466512397,15.53946167985775,-0.1335746265586134,0.9507512274493084,-0.27969612554227563,14.57038682260175,-0.3658306468551049,-0.3095959853641203,-0.8776777675593673,13.288124863873673,77.48765629611766,74.0960944047541,71.22788969500462,24.16077892957346,6.826570542684012,130349.0,408957.2575595173, 0.0, 0.0,0.0,NaN, 100.15775682834484,100.15775682834484,0.0, 232.26847564982847, -3.6450384114922008, -21.928504415536676, -3.6450384114922008, 208.87872894802214, -9.875909717371075, -21.928504415536676, -9.875909717371075, 189.19809926006133, 7.716897045812018, 5.203789455450977, 17.0, 0.0
6, 0 ,1.0,1.0,1.0,43.30275127115693,12.13579438601379,25.87046040259107,16.013282998284406,7.87874630877183,13.808323989502822,76.0,33.0,61.0,-0.9911803551041225,0.08878851279622271,-0.0983773533446676,16.080835272025787,0.10057359909543387,0.020599674190881576,-0.9947163437825985,13.788356840920368,-0.08629284339189158,-0.9958374633536666,-0.02934777266979431,7.775451096986283,79.04176884122556,65.1211102332695,36.245561929129686,21.420152178793764,7.095545632123489,71785.0,186566.33661036182, 0.0, 0.0,0.0,NaN, 51.88146580883504,51.88146580883504,0.0, 256.4252323831445, -17.168380851030758, 6.348558669227211, -17.168380851030758, 62.07464339798574, -4.387535669073711, 6.348558669227211, -4.387535669073711, 190.66981139907912, 8.246043748609234, 5.226047527287883, 13.0, 0.0
7, 0 ,1.0,1.0,1.0,159.0861655695478,175.9891331568403,136.72980466514025,13.369262928991585,14.167665829316137,15.053432130060902,74.0,59.0,83.0,0.530779246512082,-0.3705133276709325,0.7622291423779849,15.663101087881278,0.2856980851041714,-0.7685091743050407,-0.5725122297181037,14.706405850106197,-0.7979035002053041,-0.5216450162967123,0.302053772254092,12.018929090930074,74.75948173669512,80.25859093974319,71.5718290942055,23.55172546493414,7.168123383048387,111808.0,429437.4635229573, 0.0, 0.0,0.0,NaN, 79.07958770804076,79.07958770804076,0.0, 178.73719126450865, -35.60849231569358, 29.064897519458093, -35.60849231569358, 200.7227550511721, 3.111474247532749, 29.064897519458093, 3.111474247532749, 226.6058188943499, 7.703812737055187, 5.120210920738209, 22.0, 0.0
8, 0 ,1.0,1.0,1.0,89.31078193832599,123.02942731277533,78.83185022026431,13.596999800455603,12.044496874438503,12.414924002439907,72.0,58.0,63.0,0.8915318228938263,0.3497996503992934,0.2877693752784399,13.93142543487596,-0.39350979190066177,0.2834978586080122,0.8745164422942366,12.38037110235397,-0.22432354411855462,0.8928993049304068,-0.39039695030684735,11.692751739380984,69.74790453509637,64.33930214406188,60.569335228165414,21.22746381732503,5.785622386787769,90800.0,271806.80000053963, 0.0, 1.4210854715202004E-14,0.0,69.52493866877475, 141.8285776540988,141.8285776540988,0.0, 184.8784035735897, 16.042792848687128, 9.02064998495984, 16.042792848687128, 145.06990495835885, 9.878285200566761, 9.02064998495984, 9.878285200566761, 154.13033798635854, 7.446981546702889, 4.9997808136225785, 22.0, 0.0
9, 0 ,1.0,1.0,1.0,172.21905399268624,39.78939506202347,16.825557494203974,15.05202730995517,13.157702707119682,11.011895611664142,68.0,69.0,51.0,0.9108582137878374,0.2754244312983992,0.3073738717249445,15.594768189288487,0.3215503784738562,-0.940462683064684,-0.11016031892698576,13.040307804785437,-0.2587328129143059,-0.1991766161142631,0.9451909897553623,10.37805806061889,79.82552982127783,76.96196350207256,56.36901385786591,21.722003776180827,7.007500522889873,83678.0,346304.7002341441, 0.0, 0.0,0.0,NaN, 51.36220697608138,51.36220697608138,9.5367431640625E-7, 226.56352613963625, 15.13773499023774, 35.72602752373684, 15.13773499023774, 173.12514052894463, 17.929680438351117, 35.72602752373684, 17.929680438351117, 121.26184496218801, 7.660023252559399, 5.084150081451772, 13.0, 0.0
10, 0 ,1.0,1.0,1.0,73.77995448698921,60.65504106065104,50.891152171762144,13.324567164215434,12.13019638168498,11.978698933406926,65.0,61.0,59.0,-0.8139958788271975,0.1742380156235885,-0.5541225705237898,13.91319948126527,-0.45982918787415417,-0.7761639026292975,0.43142405384291416,13.110308009459004,0.35491946583884953,-0.6059791334417481,-0.7119139432556816,10.1349734385824,64.81569088808793,64.08161758573767,50.83243520443986,20.83592259010265,5.834321925331306,80856.0,211132.2307432415, 0.0, 0.0,0.0,NaN, 108.22395788151951,108.22395788151951,1.9073486328125E-6, 177.54409011368813, 11.797782360629656, 27.261914755120642, 11.797782360629656, 147.14166425824337, -31.931866325630914, 27.261914755120642, -31.931866325630914, 143.48922813720424, 7.534287681813612, 5.060170754457184, 16.0, 0.0
11, 0 ,1.0,1.0,1.0,159.62126940867128,10.686160105943996,41.85639982342667,13.448380684697586,6.9566148067679485,13.330557792485616,60.0,30.0,64.0,-0.7571617683701546,-0.09824735055220737,-0.6457968059909028,13.687497471174693,-0.651525769170155,0.04227018835362363,0.7574479541749298,13.145217700951049,-0.0471193020514728,0.9942638931822977,-0.09601605120062605,6.84199300206298,68.40835437060193,69.42503986000636,31.37661574436271,19.199666935465864,6.191122130624435,52103.0,149015.47794870593, 0.0, 0.0,0.0,NaN, 59.13200578498523,59.13200578498523,0.0, 180.85894304054713, 6.984645747281103, 6.544984697918962, 6.984645747281103, 48.39448956974306, 12.950307082369216, 6.544984697918962, 12.950307082369216, 177.70377105879896, 7.507656558215855, 5.058869352707467, 11.0, 0.0
12, 0 ,1.0,1.0,1.0,60.282913652502224,73.72848474926586,139.17981643866452,12.164179050697628,15.233732996589719,12.002807451423246,63.0,69.0,61.0,0.012530937106054438,0.9645370758654487,0.2636497769697015,15.463420192168138,-0.8667719108589692,0.14194046282527362,-0.47807882149164277,12.38356189620117,-0.49854731988160855,-0.22253344533772088,0.8378122913546852,11.473068047743803,68.38846281196092,59.04242654238135,53.579736370348975,22.032862454721748,6.217252749891688,97733.0,216345.37354187205, 0.0, 0.0,0.0,NaN, 113.00006137295816,113.00006137295816,NaN, 147.96725197743106, -1.3732373232909922, 9.356103623862223, -1.3732373232909922, 232.0666210113864, 25.859726080406887, 9.356103623862223, 25.859726080406887, 144.06738671594138, 8.08650675843574, 5.150987306768262, 18.0, 0.0
13, 0 ,1.0,1.0,1.0,10.143819373866602,30.614276319722602,136.76837846993882,6.424754987244,14.197859061769467,13.571898400606727,25.0,60.0,68.0,0.055248725032967405,0.8835586640991118,0.4650501752258835,14.417390878989218,0.07938741671168438,-0.46817424304595384,0.8800627910644749,13.390514299883593,0.995311617761029,-0.011703215102767759,-0.09600946987761885,6.315542083418423,74.83040362924048,65.63055639614304,28.598985840936372,19.579734005789827,6.609623366183739,50181.0,140454.2246318344, -1.7763568394002505E-15, 0.0,0.0,86.83286859973366, 70.9814690422145,70.9814690422145,0.0, 41.277476646116654, 3.0179503756513117, 14.056547549520024, 3.0179503756513117, 201.57920193786936, 11.576687066103327, 14.056547549520024, 11.576687066103327, 184.19642619639146, 7.603170188023102, 5.194672325976917, 11.0, 0.0
14, 0 ,1.0,1.0,1.0,41.404076191812536,55.154441599139396,176.7726289449375,13.229658262959285,12.178301864355989,12.483172930410129,62.0,58.0,51.0,0.7907488200548115,0.2478461895729965,0.5597218683382582,13.837459525653303,-0.5220579525835846,0.7505047274802678,0.4052137067943339,12.330519686394641,-0.3196432350702257,-0.6126295131185858,0.7228508019847011,11.646780611135787,68.58247183283555,66.67288820100708,62.727325993712824,21.056112300235355,5.98369745763177,85521.0,286826.4362175754, 0.0, 0.0,0.0,NaN, 72.7723898160549,72.7723898160549,0.0, 175.02385775468687, 4.517989285187735, 21.241230359207652, 4.517989285187735, 148.31103629937655, 12.730430150433724, 21.241230359207652, 12.730430150433724, 155.8296064105242, 7.463288577993425, 4.894755800708197, 9.0, 0.0
15, 0 ,1.0,1.0,1.0,78.26547652377266,186.17654518206223,27.771693483308905,12.147725806883575,8.012598398857518,14.771862930378374,58.0,32.0,58.0,-0.20569977297464068,-0.011317953974934764,0.9785496958846815,14.882360070496288,-0.9782986698312488,-0.023049968611930115,-0.20591360215730936,12.014712180433351,-0.024886060447385457,0.9996702470639056,0.006330966008343355,8.008680276295854,62.349144950506016,58.648050602947514,33.12504718329592,19.766595623442026,6.26566894064698,60721.0,121126.8961766435, 0.0, 0.0,3.552713678800501E-15,11.888682820732, 84.18930857019578,84.18930857019578,0.0, 147.56724227922518, 2.17513037771376, -15.51293125855848, 2.17513037771376, 64.20173310137406, -1.3619102804807925, -15.51293125855848, -1.3619102804807925, 218.20793443388675, 7.39422047342979, 4.907402887440738, 11.0, 0.0
16, 0 ,1.0,1.0,1.0,187.3077249232757,55.30011306735584,93.86876110482959,7.931524507536696,12.752922645701474,13.637801918056466,33.0,54.0,73.0,-0.15217588909963867,0.5683926518767755,0.8085618665687995,14.682990987483603,-0.0943533152400695,-0.8227080300045008,0.5605791195445308,11.720672453156311,-0.9838393927262429,-0.009016133239916593,-0.17882605699801565,7.653193521945177,84.02692142555165,56.21345808090454,38.055388393104096,19.150207940688578,6.693675672261876,49528.0,179752.48932185944, 0.0, 0.0,0.0,NaN, 109.68382133770297,109.68382133770297,NaN, 62.909081013655225, -7.464364061936068, -23.48824479079961, -7.464364061936068, 162.6370360072455, 35.819531072076806, -23.48824479079961, 35.819531072076806, 185.98964115614464, 8.146331486241188, 5.118516931688762, 12.0, 0.0
17, 0 ,1.0,1.0,1.0,183.9355170800187,19.093083762283577,176.8041740758072,9.34415840663714,11.258323053940456,12.073745688071746,36.0,46.0,49.0,0.12204765700180534,0.4664170501161553,0.8761047339110279,12.37421886107329,-0.17921226024934672,-0.8578391960034556,0.4816584677719944,11.026675933771722,-0.9762107022547388,0.2157939970459994,0.02110961018638518,9.22657003903852,66.82526940701962,57.13511822695095,41.82803055591555,18.201949068203255,5.341115929651301,53425.0,159702.33474265045, 0.0, 0.0,0.0,NaN, 34.068457542797596,34.068457542797596,0.0, 87.31329632832752, 9.475314432589013, 4.123095548734738, 9.475314432589013, 126.74983798688716, 12.719547820701981, 4.123095548734738, 12.719547820701981, 145.77533494023106, 8.126015792913286, 5.200738304372249, 5.0, 0.0
18, 0 ,1.0,1.0,1.0,184.77037056191978,14.484471567841535,97.19570220578728,8.453366855989398,8.584487443282118,13.567461007214089,35.0,32.0,64.0,-0.2199470427775539,-0.11930778309760674,0.9681884895338011,13.8691699664263,0.5469669554864077,-0.8368875237578655,0.0211287052219871,8.766539017511642,0.8077440485570525,0.5342143066885813,0.2493283508747031,7.747435197851474,68.23804668360886,41.07080902340063,42.869424464376976,17.21604661975121,5.730320482714988,38671.0,120145.49676605343, 0.0, 0.0,0.0,NaN, 99.44217443668926,99.44217443668926,0.0, 71.45941120194009, -4.231126489554598, -27.9854455383265, -4.231126489554598, 73.69342466386836, -15.583472908004106, -27.9854455383265, -15.583472908004106, 184.07599818227473, 7.909081629954651, 5.353809877687535, 7.0, 0.0
19, 0 ,1.0,1.0,1.0,102.55545987430506,90.32783417935703,15.617672830553541,13.710816896957345,11.641885953552759,9.52036499427271,63.0,52.0,38.0,0.9672425494424817,0.22208792635975877,-0.12295854388056682,13.87931866773767,0.21578653816417134,-0.9744344508607173,-0.06255933921401852,11.516251173830687,0.1337087151053718,-0.033977256231109455,0.9904380473123373,9.42856459818913,62.1476908251058,52.59160208969284,41.33508963049385,19.545707024883818,5.667688687551649,66192.0,135101.53426577477, 0.0, 0.0,1.7763568394002505E-15,82.93712049797206, 133.78515512747967,133.78515512747967,0.0, 187.98649998189103, 13.089882776280769, -12.927876132477852, 13.089882776280769, 135.533508555529, -0.16727852947504707, -12.927876132477852, -0.16727852947504707, 90.6373496241732, 8.156633994174891, 5.111090743543471, 15.0, 0.0
20, 0 ,1.0,1.0,1.0,78.13694653127494,119.05513360301605,127.93848207160352,11.605126759491496,10.97274910511317,13.315778961919559,62.0,52.0,60.0,-0.449398875100154,0.1793958770181618,0.8751330015303963,13.979042109350644,0.7874130586248277,0.5422312959223969,0.29319941478354167,10.953079894491335,-0.4219257353679789,0.8208546406223227,-0.3849367906591779,10.816958071482864,62.78167886374604,55.537706386314625,52.638821415949586,20.001465248616235,5.686083652102598,72678.0,183538.4341108073, 0.0, 0.0,0.0,NaN, 133.6050754103358,133.6050754103358,0.0, 134.67896710386557, -5.05595565027679, -30.152064064210137, -5.05595565027679, 120.40122292376186, 12.780655801467784, -30.152064064210137, 12.780655801467784, 177.30996936269952, 6.937185922284572, 4.631729951560657, 17.0, 0.0
21, 0 ,1.0,1.0,1.0,182.4465373961219,148.16261098089353,36.743561332481,10.476992094901867,14.041158736944473,11.725668851903587,44.0,65.0,53.0,0.08048055985503015,-0.9811064859152594,0.17593448434128084,14.11808799563323,0.38221397799917906,0.1933909241257425,0.9036107710114101,11.894352902862797,-0.9205625206945285,-0.005478481614718478,0.39055682266698794,10.179232408532899,64.44201293201061,55.35898226123993,49.031259229856346,20.18973445525175,6.065264601285808,70395.0,174916.2838481416, 0.0, 0.0,0.0,NaN, 65.91910382504999,65.91910382504999,0.0, 109.7673633566362, -4.758356610176961, 14.430512011858742, -4.758356610176961, 197.15413867607208, -9.903608872404424, 14.430512011858742, -9.903608872404424, 137.49131002450198, 7.753772609307859, 5.217278616402843, 14.0, 0.0
22, 0 ,1.0,1.0,1.0,19.030269119493422,84.86261531742998,25.569572574922212,11.351771783528822,11.252841983465814,13.7848538051446,44.0,52.0,58.0,-0.12166937079580875,-0.35090882145061475,0.9284716275892833,14.215671855703505,0.9552100721336112,-0.2956229966516077,0.013444773900105495,11.349496245839662,0.26975967508998355,0.8885212675444882,0.3711599046455349,10.70583851998583,66.41768111995094,50.400800497424655,51.044574226462984,20.25956127506937,5.92127914401432,73276.0,170871.93149159814, 0.0, 0.0,0.0,NaN, 90.65107645769388,90.65107645769388,0.0, 128.8627226253211, -0.27418637444811017, -9.698909765423585, -0.27418637444811017, 126.62645270485083, -28.55504002522418, -9.698909765423585, -28.55504002522418, 190.02219442920958, 8.037965416516192, 4.926842660070441, 11.0, 0.0
23, 0 ,1.0,1.0,1.0,41.07852398205659,174.29617408557627,187.01669254658384,11.748784034498133,13.298657388245742,7.1214161375875,56.0,60.0,30.0,-0.1932269753924101,-0.9790686632652963,0.06393659822516386,13.3895586535193,0.9731826968918637,-0.18295998414186435,0.13943128297870194,11.742300249747975,-0.12481496084596228,0.08916387617591434,0.9881654865124097,6.959948730604845,63.92687747460488,56.144870883221145,31.99880413161452,18.21756192357723,5.807169705163183,46368.0,114849.02884644744, 0.0, 0.0,0.0,NaN, 50.16670281783856,50.16670281783856,0.0, 138.03392628927824, 8.827286709679438, 10.51997546665564, 8.827286709679438, 176.85428832994305, -10.471990138506074, 10.51997546665564, -10.471990138506074, 50.71456780469166, 7.449274562672681, 4.885947576336176, 9.0, 0.0
24, 0 ,1.0,1.0,1.0,152.43645733918686,186.72296239740407,10.49727047146402,12.722406575037107,7.675526454952615,6.597218275931913,63.0,29.0,25.0,-0.9921543351669861,-0.12396195937327428,0.016223681385376373,12.787472134035072,0.12483749165059208,-0.9893279186635616,0.07513900472599593,7.573920544329916,0.006736162686863001,0.0765748129685183,0.9970410834720365,6.588847274824984,63.885528350011555,33.13969104845282,26.16312790478963,15.351306729722955,5.351075227604263,26195.0,55391.17917238398, 0.0, 0.0,0.0,NaN, 50.485275133436765,50.485275133436765,0.0, 161.8596290605474, 13.048763920995698, -1.8024162359323517, 13.048763920995698, 58.91370636067745, -1.2786527271840322, -1.8024162359323517, -1.2786527271840322, 43.52328898029003, 7.842553028949551, 5.090369811860315, 7.0, 0.0
25, 0 ,1.0,1.0,1.0,113.82947232947232,83.66967941967943,64.71023458523459,11.272837438710292,12.265020458770337,11.203437942452808,60.0,54.0,56.0,0.3973448597887794,-0.9057640725781032,0.14733807120416506,12.543568192007964,0.5337754856543355,0.09752131701883746,-0.8399841210650287,11.28237830139564,-0.7464588356459537,-0.4124088233217615,-0.5222242517658933,10.880783491122198,59.96558662001365,52.07065700077426,49.50492783427913,19.361608321614337,5.305915161814079,68376.0,154576.5377944665, 0.0, 0.0,0.0,NaN, 136.43089662274156,136.43089662274156,0.0, 127.0768639195884, -13.554690797451409, -1.7104344322008536, -13.554690797451409, 150.4307268540549, -5.92707443632105, -1.7104344322008536, -5.92707443632105, 125.51702173039124, 6.977616960333811, 4.50587736555034, 15.0, 0.0
26, 0 ,1.0,1.0,1.0,52.757317189436556,83.75498140909524,74.98795563606318,11.793707325746862,11.436754014132315,10.952438273173902,60.0,59.0,55.0,-0.6416339656074054,-0.699800619661921,0.31398239902852254,13.008467394196932,-0.6313450558626247,0.24940586180062385,-0.7343024829981905,11.488402116698161,0.43555628180148476,-0.6693846493760366,-0.6018429334660218,9.415050284092581,60.47949120024529,53.65673753074639,46.01587075426333,19.008098523598967,5.34218770823191,62934.0,149327.5832203991, 0.0, 0.0,0.0,NaN, 124.18302991287048,124.18302991287048,1.9073486328125E-6, 139.09153248537518, 29.35597341756628, 3.859250110108878, 29.35597341756628, 130.79934237977162, -25.642096864841182, 3.859250110108878, -25.642096864841182, 119.95590412768453, 6.969985104421303, 4.519426293618012, 13.0, 0.0
27, 0 ,1.0,1.0,1.0,102.68947699373923,21.10309757497881,103.35854498728709,11.588525793085857,12.55304758691709,11.476647435583416,57.0,51.0,58.0,0.007331648076408515,-0.9919745343494161,0.12622507729743088,12.569290521985717,0.7576334237601677,0.08789427257104084,0.6467350246048644,11.953332790238647,-0.6526391362291497,0.09089070387815407,0.7521974726164691,11.077776903189113,53.56144992234729,56.482246684488544,52.928406560806486,19.832217499916517,5.501774184122974,73154.0,160122.7748891873, 0.0, 0.0,0.0,NaN, 138.75968233599158,138.75968233599158,0.0, 134.29393005701618, 1.0863105847010301, 9.913261174115192, 1.0863105847010301, 157.57900371940497, -3.2699530619532116, 9.913261174115192, -3.2699530619532116, 131.7134363606834, 7.389452943641661, 4.792877305377276, 15.0, 0.0
28, 0 ,1.0,1.0,1.0,143.31752512562815,72.77810929648241,113.21019158291458,12.82414864025538,9.956391002874865,11.540393328081969,60.0,47.0,57.0,-0.8632178877486664,0.2691347192604704,0.4271081609608032,13.268539024666305,0.4969606801334015,0.3042076335457346,0.8127040039853697,11.484276935225727,-0.08879730104050611,-0.9137965958467408,0.39634684399756454,9.424778180004028,60.49408189609254,57.85469139437214,44.48364523716696,19.170858120386995,5.408085358450429,63680.0,155686.81706258992, 0.0, 0.0,0.0,NaN, 126.65712374647123,126.65712374647123,0.0, 164.45878834736394, -13.754795382771272, -14.767714726861485, -13.754795382771272, 99.12972180212755, 20.673084281823904, -14.767714726861485, 20.673084281823904, 133.18067816683882, 6.712884908769017, 4.5556126546880895, 16.0, 0.0
29, 0 ,1.0,1.0,1.0,137.51323832145684,140.58753760886776,18.614251781472685,10.293512345241426,13.301914442072013,10.778343417765758,46.0,66.0,44.0,-0.24512203930125265,-0.9684377422039518,0.045205368306301064,13.490605425636588,-0.1677983728598171,-0.003544935257206616,-0.9858149620996939,10.791308476252965,-0.954860666230625,0.2492303611298902,0.16163333559842055,10.031013791101667,68.2125667857342,47.03906305324486,51.93231636643864,19.174942582833577,5.602819647478489,63150.0,166632.89851819104, 0.0, 0.0,0.0,NaN, 88.20955980976672,88.20955980976672,0.0, 105.95639640163766, 19.326703381773402, 1.7170464847298155, 19.326703381773402, 176.94092782420398, -3.5071668067771915, 1.7170464847298155, -3.5071668067771915, 116.17268683129444, 7.541869574197681, 4.716423541114386, 9.0, 0.0
30, 0 ,1.0,1.0,1.0,180.80485778093242,93.52881602409848,76.67326835517545,10.214067291076896,10.258238607956883,13.65723621356698,40.0,53.0,65.0,0.07224221697602375,0.06235428365418752,0.9954360880520468,13.676976697935542,-0.6960014863549673,-0.7117156824180753,0.09509320896809954,11.320034032976356,-0.7143969436371252,0.6996947410908186,0.008017244650571652,8.993101181126276,63.78015185230702,60.15362415846434,48.84830265018637,19.019447167808114,5.8599795552989615,57763.0,187411.75372422824, 0.0, 0.0,-1.4210854715202004E-14,5.476102525721582, 122.45359525936607,122.45359525936607,0.0, 104.3271706266469, 23.892419268799014, 4.507558141016583, 23.892419268799014, 105.23145933777717, 3.3917792500875437, 4.507558141016583, 3.3917792500875437, 186.52010099316536, 7.2397177928124075, 4.625900125401182, 10.0, 0.0
31, 0 ,1.0,1.0,1.0,58.45286392230438,11.517095243350624,108.72164220284736,11.89474271832725,7.086563340171642,12.462119297666394,57.0,29.0,61.0,-0.2706546090678653,0.015394297167360823,0.9625534261562025,12.512723481777812,0.9611126391583803,0.0612908437316923,0.26926924689735754,11.856947788728045,0.05485050082117538,-0.9980012264969316,0.03138430292815134,7.060682821277004,62.5357121168132,61.65081239171552,30.689621606865863,17.80894848148121,5.46352044772063,45305.0,118320.075260813, 0.0, 0.0,1.4210854715202004E-14,15.729260761537631, 109.00054763949059,109.00054763949059,0.0, 141.48490433519913, 4.900270541710082, -4.319565899477282, 4.900270541710082, 50.21937997426466, 3.0787349765786356, -4.319565899477282, 3.0787349765786356, 155.30441738926913, 6.88416987465136, 4.590717546993859, 13.0, 0.0
32, 0 ,1.0,1.0,1.0,55.80916566542356,149.5984521041709,22.859924789738947,11.476170949661023,10.769091250437452,12.608250851221738,53.0,50.0,58.0,-0.5989512126315895,-0.06691306437407511,0.7979850165906743,13.844011701239534,-0.3433128558339221,-0.8788213116674153,-0.33137499178169777,11.056648242119923,0.7234595551282081,-0.4724359681218553,0.5033989750868193,9.6300407693527,67.52060839533121,53.51653511291843,52.268851352528266,19.353789566588926,5.663448151581412,64087.0,188871.87455245332, 7.105427357601002E-15, 0.0,0.0,53.20517934675137, 78.59742466492632,78.59742466492632,0.0, 131.7024996658436, 12.868461142415946, -43.921311963759656, 12.868461142415946, 115.97332636024849, 3.312564241408424, -43.921311963759656, 3.312564241408424, 158.96798952733369, 7.193509832314985, 4.584469715845439, 13.0, 0.0
33, 0 ,1.0,1.0,1.0,25.678319155971025,181.04020259100062,100.5566743815564,11.440088772219795,11.452707075394118,12.495917624214215,52.0,45.0,61.0,0.418502907587446,-0.06186720184533834,-0.9061058247669979,12.734793166521769,-0.5439239489995191,0.7818954318212744,-0.304608390235383,11.88985356887248,-0.7273252738944396,-0.6203321554077705,-0.2935744589052782,10.707217792633157,63.46794562494497,62.146483020887615,54.46578345183738,19.63019967705415,5.730911653584001,66538.0,214829.9128211708, 0.0, 0.0,0.0,NaN, 104.44053333127904,104.44053333127904,0.0, 130.87563111626943, -12.596178180020456, -13.59616973063768, -12.596178180020456, 131.1644993547825, -3.7004584443577753, -13.59616973063768, -3.7004584443577753, 156.14795727114742, 7.003180049609503, 4.705914632004038, 14.0, 0.0
34, 0 ,1.0,1.0,1.0,31.826978222753862,39.969701935209,104.22222950497321,10.0655186172599,11.732737047851048,11.667817865411399,45.0,56.0,55.0,-0.1682962166009094,-0.8080347580380752,0.5645849920784014,11.944395024464976,-0.15130533798884097,-0.544791387242952,-0.8248084863057495,11.538140443298644,-0.9740549667107611,0.22423687071543036,0.03057364286193253,9.965565714955082,60.51426226493273,59.574189755761495,47.592227635716185,18.675467336018702,5.131927239359346,61027.0,171574.1755532851, 3.552713678800501E-15, 0.0,0.0,80.3112277552662, 108.55374215833889,108.55374215833889,0.0, 101.31466503440562, 8.6834201703159, 0.10060336151228662, 8.6834201703159, 137.6571186340165, -4.583972629251048, 0.10060336151228662, -4.583972629251048, 136.13797374041343, 6.945785941779179, 4.477864517006534, 10.0, 0.0
35, 0 ,1.0,1.0,1.0,90.71503883399349,74.8149077428358,100.46407679404592,11.68820051744394,12.70925330270997,10.59368473222734,56.0,56.0,53.0,0.14593338118754623,0.9777642189393936,0.15060073179439795,12.763035948164848,-0.9429644067817932,0.18351840235894998,-0.2777393085940118,11.781243230116184,-0.2992015638291878,-0.10147969332559298,0.9487783176510265,10.424611666289593,58.99671679779519,54.7887346460883,50.46322417673007,19.547290663941617,5.316835031634842,70943.0,163115.07827885114, 0.0, 0.0,1.4210854715202004E-14,81.33825856048333, 154.05806924560483,154.05806924560483,0.0, 136.6140313359768, 2.5237327844772204, 9.081414325140383, 2.5237327844772204, 161.52511951244426, 6.448892665697703, 9.081414325140383, 6.448892665697703, 112.22615620582663, 6.841283610425292, 4.443489502128178, 8.0, 0.0
36, 0 ,1.0,1.0,1.0,9.223555528889422,96.85645287094258,108.85297294054119,6.146376686067465,11.894561538692423,12.60784095150251,25.0,53.0,59.0,0.18207325274759004,0.4233616463612132,0.8874763360361981,12.997596142490606,-0.01420472263014724,0.9036009982567964,-0.4281395354371308,11.662731101767646,0.9831823617665814,-0.06534640265266695,-0.17053530769738812,5.767095611114278,63.2964551871389,55.11240611952084,29.322884133451947,17.501310524255864,5.649807426516687,33334.0,102290.53383258927, 0.0, 0.0,0.0,NaN, 133.31926710387117,133.31926710387117,0.0, 37.77794636703368, 9.139488606399933, 22.548588397645773, 9.139488606399933, 141.48059419774108, 11.222999805618837, 22.548588397645773, 11.222999805618837, 158.95765345838373, 6.994543401640093, 4.69969904255652, 9.0, 0.0
37, 0 ,1.0,1.0,1.0,189.10076242594906,31.909013628031772,134.42613500518024,6.471262346342219,12.007707426253027,11.355323528195376,25.0,57.0,52.0,0.04959574328936768,0.9542110269458542,-0.2949942004557291,12.088993933567735,-0.031261924459600555,-0.29372984373150823,-0.9553771354708815,11.283872835715302,-0.9982799979598196,0.056604725566012565,0.015262723116765187,6.444849565446433,59.89572685799381,52.60453695820581,26.08272407100111,16.940412325991755,5.29415495098805,37643.0,82181.10733124462, 0.0, 0.0,0.0,NaN, 73.73540737507571,73.73540737507571,0.0, 41.877236355186604, 5.7383075554253065, 1.031816537612579, 5.7383075554253065, 144.18503763449212, -5.371131089638395, 1.031816537612579, -5.371131089638395, 128.94337242998748, 7.949560070247328, 4.814363643445707, 4.0, 0.0
38, 0 ,1.0,1.0,1.0,10.19272906919299,135.26724012670368,118.65226235796693,6.613861074745663,10.56260297238611,13.020873221218954,26.0,48.0,66.0,-0.1138025016851304,0.01346715686567676,0.9934121130206541,13.083269297870295,0.22895693500334158,-0.9726382897546405,0.03941420070284096,10.758434739064624,0.9667614558535531,0.23193402723430537,0.10760527164965028,6.159466353187149,65.46486411454373,52.11030421611096,30.562848255289353,17.150247609706533,5.5429131543909325,34411.0,104261.91668652366, 0.0, 0.0,0.0,NaN, 104.45896967790203,104.45896967790203,0.0, 43.74315831603586, -17.53074123159161, -14.360227949145193, -17.53074123159161, 111.56858155225986, -1.2002616792261362, -14.360227949145193, -1.2002616792261362, 169.54313944305684, 7.521029988838633, 4.940299022830486, 11.0, 0.0
39, 0 ,1.0,1.0,1.0,136.8715694646774,42.04969776125651,38.40905209222886,10.900453880798835,11.576415850588429,11.97620354660086,56.0,56.0,65.0,0.3886975505138072,0.5998215202216128,0.6993771215185689,13.56235819778572,-0.8501240062423602,0.526154730360162,0.021222010509491043,10.377015731812836,-0.3552511621867069,-0.6028062239216332,0.7144377286834283,10.229503153108451,69.3449823802549,52.50975026330228,54.85017216019529,19.042698028317243,5.79986223501153,59721.0,199725.25760279817, 0.0, 0.0,0.0,NaN, 85.02135676575399,85.02135676575399,0.0, 118.81989480742237, 17.127864265984094, 21.50115419278744, 17.127864265984094, 134.01340394575502, 33.298235685776326, 21.50115419278744, 33.298235685776326, 143.42945138961502, 6.775382577090958, 4.412891000559242, 13.0, 0.0
40, 0 ,1.0,1.0,1.0,18.5463368921316,130.90314267545767,16.856454365942636,10.940878450328592,13.354670480100467,9.739844189582778,44.0,58.0,41.0,-0.1842539716373525,0.968395574730746,0.16810855057899388,13.515520396440385,0.9477780054852557,0.2203559873519424,-0.230564722272382,10.931984541118199,-0.2603215823827364,0.11684712097462652,-0.9584254921827204,9.525598781202032,64.52252244668684,49.61464119980178,47.47630953237889,18.978260603762823,5.721908264728057,59758.0,151984.09613464848, 0.0, 0.0,0.0,NaN, 73.5015806499133,73.5015806499133,NaN, 119.70282126486455, -10.394705346034709, -9.134785671195477, -10.394705346034709, 178.34722363206683, 13.504403726197149, -9.134785671195477, 13.504403726197149, 94.8645648373494, 7.006490288087293, 4.460338181205434, 9.0, 0.0
41, 0 ,1.0,1.0,1.0,99.06606654878637,133.13215319080533,18.031345442854846,9.934313250236368,11.213518810273458,10.513905930398732,44.0,53.0,44.0,0.3857131228764596,-0.8028097984902539,0.45466670681822186,11.57443485147627,-0.35252077282156463,-0.5836477626240958,-0.731494630132835,10.572313755672864,0.8526162627877655,0.12186761929210102,-0.5081277317741077,9.4463983346032,67.66278838064866,55.95347155447578,47.862423725766945,17.60821798680699,4.992640694516429,49768.0,181205.60007902133, 0.0, 0.0,0.0,NaN, 120.87400008614779,120.87400008614779,0.0, 98.69057975382188, -9.214365047648474, 13.657047423723919, -9.214365047648474, 125.74300410835666, -6.705215378911215, 13.657047423723919, -6.705215378911215, 110.54221791327363, 7.243044565485219, 4.630830378982725, 9.0, 0.0
42, 0 ,1.0,1.0,1.0,146.10861429160457,102.4691395223445,82.08915601509722,9.542610818985542,13.379199843313552,11.630773917235567,46.0,62.0,55.0,-0.14607300701688403,0.8856131873246218,0.44085367079992666,13.99756631206438,0.03797418940162611,-0.44028557863825857,0.8970543852980508,10.985424381548576,-0.9885447069102818,-0.14777649231152729,-0.030683395505816217,9.419548826797747,69.56828808419532,50.12967844725722,46.97586435127653,19.28372263688718,5.785961706352097,63058.0,163825.31632587026, 0.0, 0.0,0.0,NaN, 138.40223890657956,138.40223890657956,0.0, 91.06142124261991, -14.402568057796488, -5.815164286012384, -14.402568057796488, 179.00298844732137, 29.23556880340922, -5.815164286012384, 29.23556880340922, 135.27490191384717, 7.407123646826056, 4.480440222427044, 12.0, 0.0
43, 0 ,1.0,1.0,1.0,178.37686284415255,82.40909952008083,21.914719626168225,11.61279311968242,10.68646053635552,12.128250388772184,50.0,50.0,51.0,-0.575078710778193,-0.3153615276517266,0.7548718985939668,12.859936155865304,-0.7231528524347988,-0.23550070587479266,-0.6492991371840008,11.098914952288828,-0.3825368327692189,0.9192858774122681,0.09262314594771164,10.37246302848594,66.28624186102661,61.035037497619015,55.67730732892125,19.1096508033603,5.5653487313933026,63344.0,225258.31781759512, 0.0, 0.0,0.0,NaN, 87.9720107787968,87.9720107787968,0.0, 134.85696404054335, 13.137029178085234, -17.763358596171592, 13.137029178085234, 114.2004387950839, -11.372253795032172, -17.763358596171592, -11.372253795032172, 147.09445749275264, 6.894688121562795, 4.358334327077021, 9.0, 0.0
44, 0 ,1.0,1.0,1.0,34.43466211467015,149.0122301435887,129.9921879706798,10.072268408180584,11.661168066864253,10.363837932099035,46.0,55.0,55.0,-0.3915242419536739,0.9125669700797902,-0.1180266625894037,12.098096904619682,-0.533879536501032,-0.12081529900046453,0.8368848809919271,10.833173698818138,0.7494540736216224,0.39067273855084905,0.5345029493699127,9.006717890029005,55.97211239502927,55.75738121659556,48.372276873531234,17.847886961543338,5.127913733758874,49795.0,150963.02700975197, 0.0, 0.0,0.0,NaN, 93.20189040472566,93.20189040472566,0.0, 101.45059088643264, -20.973505557341824, -13.175497870014915, -20.973505557341824, 135.9828406836546, -10.690977858703556, -13.175497870014915, -10.690977858703556, 107.4091366828148, 6.849822043199498, 4.3396425299840145, 9.0, 0.0
46, 0 ,1.0,1.0,1.0,142.14931787282586,37.162522854776455,127.7179290837774,12.615867184738317,9.920625241413633,12.057385602876142,60.0,49.0,63.0,-0.9738502370812907,0.15183554748887587,-0.16900201849524388,12.707308822489079,0.1467401863943756,-0.1475275396606397,-0.9781119275106619,12.069108345968996,-0.17344461200526612,-0.977333920193314,0.12138935293472393,9.788788679051562,56.39229311305746,62.79890969065801,48.73908756001546,19.300510542300913,5.51812924698817,63991.0,172603.36293279147, 0.0, 0.0,0.0,NaN, 99.76197824546665,99.76197824546665,0.0, 159.1601048229571, -10.787140470962848, 3.6518445969668902, -10.787140470962848, 98.4188051805733, 5.507517268501998, 3.6518445969668902, 5.507517268501998, 145.38054757644488, 6.788282868293164, 4.551503369440441, 11.0, 0.0
47, 0 ,1.0,1.0,1.0,149.04611081334585,114.06436754656305,129.86505091786145,11.926068411134342,10.785611668298174,10.602763491157416,57.0,57.0,52.0,-0.9941446514076724,-0.03972329002734757,0.10049115536663207,11.941715929809458,-0.011217689906349082,-0.8870149632960984,-0.46160439590842894,10.85512276725115,0.10747360378568453,-0.46002881987786776,0.8813755779298027,10.513840916403831,57.15369151282415,54.43260256304936,54.911568830966566,18.561491207506382,5.142972351616324,59704.0,170831.21812737975, 0.0, 0.0,0.0,NaN, 122.06614121521251,122.06614121521251,1.9073486328125E-6, 142.2311077470564, 1.3387846064637612, -3.165491176083279, 1.3387846064637612, 116.3294190593297, 2.858059917638011, -3.165491176083279, 2.858059917638011, 112.4185936494206, 6.538524533632325, 4.378731341280056, 15.0, 0.0
48, 0 ,1.0,1.0,1.0,10.35884952774101,168.33964507661588,161.3247257308236,6.482947577161169,14.977181181501043,10.692003351731515,27.0,63.0,58.0,-0.03203588629604106,-0.9993161011650784,0.018467050155731895,14.984823566508291,-0.045246005748969254,-0.017007599364171004,-0.9988310870851147,10.69703314681385,-0.9984620678588602,0.03283399939232269,0.044670208538953454,6.456937791379923,63.777404386862656,57.72265784388952,28.28253432007241,18.496462500676735,6.208411718485987,44573.0,104119.35837547333, 0.0, 0.0,0.0,NaN, 51.04371339556962,51.04371339556962,NaN, 42.02860928821987, 5.909819330077143, 3.17892024174892, 5.909819330077143, 224.315956143509, -2.138851386241414, 3.17892024174892, -2.138851386241414, 114.31893567343795, 8.089889108277506, 4.783944363289191, 8.0, 0.0
49, 0 ,1.0,1.0,1.0,118.49935259750514,178.80287383546502,33.4320385283436,10.79454751323204,10.790401572583843,12.51888703788652,58.0,46.0,60.0,0.0921153659907621,0.03228691481168495,0.9952247557613964,12.534301131445808,-0.6381346015688907,-0.7653405636645525,0.08389309798868094,10.811916678922632,-0.7643945248553926,0.6428151964146215,0.04989622861029314,10.75505963045663,62.278479458092235,56.436103558501316,57.01689140014372,18.985788322619324,5.405311882687062,63330.0,200400.38794960247, 1.4210854715202004E-14, 0.0,0.0,84.71468572447426, 90.60560073649783,90.60560073649783,0.0, 116.522256015424, 0.7221209194260926, 3.7331472221642548, 0.7221209194260926, 116.43276609761986, 1.252764392670839, 3.7331472221642548, 1.252764392670839, 156.7225326673631, 6.254342793430101, 4.243392764578081, 11.0, 0.0
50, 0 ,1.0,1.0,1.0,124.90688374272138,73.73671441001272,165.97961983802958,10.503444579569306,9.886354943863486,13.097131621814043,49.0,46.0,64.0,-0.07879559532455832,-0.03344366650210744,0.9963296519367195,13.112931296996454,-0.8671181217391675,-0.49078762366768025,-0.0850509929758031,10.758088539997429,-0.4918306793084254,0.8706371400448795,-0.00967229370344164,9.58706329368311,64.18061110475459,52.97822798883135,48.38341178485992,18.740614523169874,5.327906354773239,59764.0,164512.06946719514, -1.4210854715202004E-14, 0.0,0.0,85.48066011844053, 110.60499729929896,110.60499729929896,0.0, 110.32234803608385, 10.350006955554264, -4.526377344243912, 10.350006955554264, 97.74001407605398, -1.6724228941938577, -4.526377344243912, -1.6724228941938577, 171.53485671912134, 7.269735694964817, 4.557319549246105, 13.0, 0.0
