// Sample: .//bubblelabels.tif, Map: .//bubblelabels.tif, Thickness:(8.191250068658265):/gpfs/home/mader/Foam/NewValid/InSilicoTest/LatticeDataPhi_16.0/out_Step_05000.vtk/distmap.tif, Neighbors:(1.0):
//LACUNA_NUMBER, TRIANGLES, SCALE_X, SCALE_Y, SCALE_Z, POS_X, POS_Y, POS_Z , STD_X, STD_Y, STD_Z,PROJ_X, PROJ_Y, PROJ_Z, PCA1_X, PCA1_Y, PCA1_Z, PCA1_S, PCA2_X, PCA2_Y, PCA2_Z, PCA2_S, PCA3_X, PCA3_Y, PCA3_Z, PCA3_S,PROJ_PCA1, PROJ_PCA2, PROJ_PCA3,OBJ_RADIUS, OBJ_RADIUS_STD, VOLUME, VOLUME_BOX, Mask_Grad_X,Mask_Grad_Y,Mask_Grad_Z,Mask_Angle, Mask_Distance_Mean,Mask_Distance_COV, Mask_Distance_STD, SHAPET_XX, SHAPET_XY, SHAPET_XZ, SHAPET_YX, SHAPET_YY, SHAPET_YZ, SHAPET_ZX, SHAPET_ZY, SHAPET_ZZ, Thickness, Thickness_STD, Neighbors, Neighbors_STD
1, 0 ,1.0,1.0,1.0,129.7930662107134,15.118506603073184,180.4229341492497,21.466592895009303,9.457481323817495,11.409738152258207,86.0,38.0,46.0,-0.984347667980446,-0.04519993638132095,0.17034269662237375,21.726173296567012,0.1436871211691033,0.3538364726883011,0.92420439395495,11.178583639995589,0.1020474387311753,-0.9342144916166875,0.34180345800149736,9.135280504980603,87.38078804047494,55.86380242653425,45.841493900132,24.3723915225775,9.296624101452828,88898.0,223771.72629847325, 0.0, 0.0,0.0,NaN, 74.4368477390402,74.4368477390402,0.0, 460.81461052006387, 19.398884648362493, -59.642553301428656, 19.398884648362493, 89.44395299035672, 10.581817237031471, -59.642553301428656, 10.581817237031471, 130.18212470309652, 11.07936678995905, 6.460841485527836, 10.0, 0.0
2, 0 ,1.0,1.0,1.0,180.78416210123464,165.68844093772663,92.15306648492316,11.321385098008308,16.203693417338965,15.416877732489002,49.0,67.0,80.0,0.155423518914508,0.904894373392801,0.39624449872557466,16.534878264509402,0.07390953090143867,0.3893425572454584,-0.918122951657073,15.199733985221107,-0.9850791394655359,0.1719841449658,-0.006367328342550777,11.134605851820854,81.23263695104754,84.7186696004321,54.91484063598337,23.94201535671157,7.429230147065222,114447.0,377919.59117485565, 0.0, 0.0,0.0,NaN, 100.19340883516325,100.19340883516325,0.0, 128.1737605374046, 24.095650109165934, 1.9379367594658192, 24.095650109165934, 262.5596803631141, 15.309496025696538, 1.9379367594658192, 15.309496025696538, 237.68011901851526, 7.860134390935203, 5.533131176109153, 16.0, 0.0
3, 0 ,1.0,1.0,1.0,169.60171777045633,62.671695213155814,169.6101287260462,15.398360210085219,14.894272462459302,14.498774937584312,65.0,72.0,63.0,-0.8071653817119521,-0.568752936613961,-0.1581269858651402,16.053438211042977,0.23162824689352318,-0.5515199243283324,0.8013576781374865,14.698128114933034,-0.5429847159974504,0.6102014996391484,0.5769070358656603,13.979108539441008,78.17736624219609,74.77949816354607,74.6624766911753,24.873985331476984,7.102688066204638,140531.0,436481.6332128748, 0.0, -7.105427357601002E-15,0.0,55.33669006295465, 75.99566579381465,75.99566579381465,0.0, 237.10949715953572, 25.965256440041706, 11.778636136692297, 25.965256440041706, 221.8393521859735, -3.5103606390504263, 11.778636136692297, -3.5103606390504263, 210.21447469072294, 8.023037900201508, 5.526199013619146, 15.0, 0.0
4, 0 ,1.0,1.0,1.0,16.023612327785298,44.425420084415066,15.879429800111492,10.04556196527986,11.951832218323446,10.449459538378402,44.0,57.0,41.0,0.1668964781468158,0.9226928204391138,-0.34753924194586044,12.15248660647403,0.6189038046955848,-0.3724284685092605,-0.6915599152475342,10.820050778889264,-0.7675308763271479,-0.09967444483898846,-0.6332150968908752,9.391186487295744,56.04108008336455,61.28417593139507,47.749071377904684,17.99275881802371,5.40476117269366,50228.0,163990.91059659017, 0.0, 0.0,-1.7763568394002505E-15,69.66312217848817, 49.82499766667903,49.82499766667903,0.0, 100.91331519827737, 2.5043292940169666, -15.811041724594498, 2.5043292940169666, 142.84629337495434, -11.638302460157215, -15.811041724594498, -11.638302460157215, 109.19120464420736, 9.55543826100773, 5.8875009131729295, 7.0, 0.0
5, 0 ,1.0,1.0,1.0,29.929334577519295,108.48839362571704,173.2676735892595,16.443277115818177,14.441109179576717,14.077814308336317,74.0,71.0,64.0,-0.9967873599203482,0.03183392483933794,-0.07349530823355904,16.45528107154718,-0.06753012600170416,-0.8274344420474459,0.5574871533908439,14.748063009180386,-0.04306554522139952,0.560659295243516,0.8269259419511686,13.741550664960258,76.05279819707567,78.07541759817138,72.45939732058972,24.945261720334695,7.405793006005401,138243.0,430253.32067761093, 0.0, 0.0,0.0,NaN, 99.92375315601977,99.92375315601977,0.0, 270.38136230758977, -0.9980099004678104, 4.923763975705723, -0.9980099004678104, 208.5456343364549, -13.419113573389376, 4.923763975705723, -13.419113573389376, 198.18485569999874, 7.504435447867813, 5.1628351267062955, 18.0, 0.0
6, 0 ,1.0,1.0,1.0,48.69625294083893,12.874309978768578,24.216583462443335,19.8537846079527,8.302302776836417,13.970062276365832,85.0,35.0,61.0,-0.9828256108605181,-0.024888623663108875,0.182850690588812,20.036568664128925,-0.18380112088435793,0.043639010543468526,-0.9819942895559227,13.722453904884414,-0.016461063097593646,0.9987372993790425,0.047464094121281414,8.276098697982906,87.07376810592925,68.06262850685115,35.65019752526252,24.10015378334278,8.800353531673133,87135.0,211279.80941778043, 0.0, 0.0,0.0,NaN, 55.88842297382409,55.88842297382409,0.0, 394.1727632589796, 7.183845322867551, -38.21314839616157, 7.183845322867551, 68.92823139826568, -6.649646845920871, -38.21314839616157, -6.649646845920871, 195.16264000553969, 7.647859182741266, 5.0831414407350985, 10.0, 0.0
7, 0 ,1.0,1.0,1.0,161.53914295392954,175.96034044715446,138.52329776422764,15.373424049840057,14.13961228086626,14.73333537615601,73.0,59.0,79.0,0.8052935473592984,-0.4344620226431723,0.4034167243214901,16.663379432747465,-0.10225389478108463,0.5684644154939301,0.816328579261588,14.742114323057152,0.5839918180793082,0.6986350686860399,-0.4133552917509049,12.583474279463388,89.88415829245369,83.17627119886782,74.25242157447683,24.35162604656346,7.76790078875937,118080.0,555128.1168968065, 0.0, 0.0,0.0,NaN, 76.39717058845049,76.39717058845049,NaN, 236.34216701620068, -45.17668693721895, 33.84104689815093, -45.17668693721895, 199.92863545322393, 6.458829636093686, 33.84104689815093, 6.458829636093686, 217.07117130629013, 7.661402251774591, 5.037712097745268, 20.0, 0.0
8, 0 ,1.0,1.0,1.0,88.772095986409,123.66925037162879,79.44189849224888,13.722527244028104,12.419721038920041,12.739785513851304,74.0,60.0,63.0,-0.8927122050997693,-0.3587644002018099,-0.2726775091820794,13.834200528774996,0.4353349158973698,-0.5303089041944944,-0.727499812462288,13.387768169938617,0.11639772277212931,-0.7681540023197625,0.6295959012363346,11.58628148908191,70.88819941979345,71.66705897684248,57.90860850721882,21.63286708451341,6.072760598813631,94180.0,294195.9279198599, 0.0, -1.4210854715202004E-14,0.0,68.97566701151003, 141.4845701859467,141.4845701859467,0.0, 188.30775396309355, 7.914862921815404, -0.33879901000598056, 7.914862921815404, 154.2494706845931, 22.94743191796127, -0.33879901000598056, 22.94743191796127, 162.30213493893552, 7.338951098663231, 4.966989679535016, 22.0, 0.0
9, 0 ,1.0,1.0,1.0,171.6267838181585,38.53158072834623,16.21764040092881,15.349251149891675,13.922030740924296,10.955885094366133,70.0,69.0,50.0,0.8172661569176819,0.4796908357759828,0.3193316940573598,16.53422585164683,0.5165791340478083,-0.8554366345685365,-0.03706969792799655,13.174355842488266,-0.2553860352944535,-0.1952558995538839,0.9469176873762495,10.124702101142297,88.35503919941354,74.85852572495938,55.56216580881966,22.210056803518153,7.494481022668971,85701.0,367495.2752187622, 0.0, 0.0,0.0,NaN, 50.52458777763965,50.52458777763965,0.0, 235.59951086245093, 35.58860001162331, 43.23310379369782, 35.58860001162331, 193.82293995124107, 28.427287385852413, 43.23310379369782, 28.427287385852413, 120.03141820095401, 7.6510809650826035, 5.029654092731937, 11.0, 0.0
10, 0 ,1.0,1.0,1.0,76.16384185669018,54.668370474619884,43.144587675597265,12.740156217912608,14.411151020131816,16.51874536399118,64.0,69.0,80.0,-0.21382753180906752,0.5531988936829827,0.8051389759962971,18.30804986492317,0.6992768197211499,-0.4888364106493321,0.5215849815937491,12.708122046034257,-0.6821214818792298,-0.6745442518111032,0.28231247990034436,12.09052301552039,89.26501899663668,65.73987964780551,62.90666683756672,24.172738612668834,7.6511770693026735,115819.0,369153.4068057041, 0.0, 0.0,0.0,NaN, 103.2037643810462,103.2037643810462,1.9073486328125E-6, 162.3115804568173, -27.592484809282986, -26.952984361219013, -27.592484809282986, 207.68127372504628, 80.2777132252231, -26.952984361219013, 80.2777132252231, 272.86894840038013, 7.548947976353477, 4.792030256692238, 18.0, 0.0
11, 0 ,1.0,1.0,1.0,60.12819216693289,73.84555270234749,139.09679115190974,12.339134748780905,15.366129501923727,12.03001101693757,63.0,70.0,60.0,-0.00767183451744103,0.974052530882622,0.22619197606523658,15.53658933143953,-0.8408408906243626,0.11614485457693509,-0.5286747293084202,12.700273222229615,-0.541227992263118,-0.19424736764358538,0.8181321534778919,11.419754783401403,69.44408959661354,65.81205118898515,54.32105424433449,22.19340468811791,6.367584756847696,98914.0,248261.23160441866, 0.0, 0.0,0.0,NaN, 113.03878093456639,113.03878093456639,0.0, 152.25424634857242, -3.845609400749793, 13.537281761871752, -3.845609400749793, 236.11793586989072, 22.553790954037964, 13.537281761871752, 22.553790954037964, 144.72116506763928, 8.021305728479499, 5.1562405046142645, 21.0, 0.0
12, 0 ,1.0,1.0,1.0,41.16758846337459,55.02080737747866,176.83241153662541,13.39108844833476,12.225202771136468,12.44162546511576,70.0,60.0,50.0,0.8126332494873183,0.26562226327110233,0.5187215197795628,13.971860015751464,-0.5100146150549542,0.7548192012231664,0.4124718970974492,12.335198214775284,-0.28197924437452687,-0.5997439342915937,0.7488624166176401,11.670513679491346,73.3332935426795,67.2509875811359,62.30384935593074,21.13741556050902,6.064696221827317,85883.0,307266.16255880526, 0.0, 0.0,0.0,NaN, 72.51756159419365,72.51756159419365,0.0, 179.32124983112462, 6.59529265880269, 21.518683566637822, 6.59529265880269, 149.4555827954028, 13.098744577903046, 21.518683566637822, 13.098744577903046, 154.79404421421694, 7.432564029279078, 4.902692508151286, 11.0, 0.0
13, 0 ,1.0,1.0,1.0,78.66037766042567,185.97719635141624,27.54965594495119,12.348355689058806,8.148455046691383,14.988442988827932,59.0,33.0,60.0,-0.22176246655950327,0.01950539145384306,0.974905609856502,15.12141774323216,0.9751004729929033,0.005143415466873625,0.22170388550125122,12.187779514211101,6.899235189374334E-4,-0.9997965217890925,0.020160332933028297,8.14453111286625,63.099546482888215,60.95105078356679,33.02793394587076,20.045874548550508,6.457208737883814,62490.0,127024.89434868912, 0.0, 0.0,0.0,NaN, 84.51672957783394,84.51672957783394,0.0, 152.48188822351096, -0.28983776338442396, -17.32186992927349, -0.28983776338442396, 66.39731964795027, 3.180481032510143, -17.32186992927349, 3.180481032510143, 224.65342322934518, 7.269275704406799, 4.902191936803642, 10.0, 0.0
14, 0 ,1.0,1.0,1.0,183.66354887543253,19.257623269896193,176.95323313148788,9.517341925387731,11.52118544320298,12.411410150804299,37.0,45.0,53.0,0.1081858931795195,0.5477110858903704,0.8296435252020843,13.037790889199636,-0.19218970217054215,-0.8072750053392846,0.5580055413112466,10.902851225476946,-0.9753763022016418,0.21981726990218564,-0.017928662978642596,9.4076807533803,71.1063812439061,58.08781100403503,42.040127538257195,18.58315947730882,5.659222306451818,55488.0,173643.1328120315, 0.0, 3.552713678800501E-15,0.0,56.789874829593266, 34.18902093424404,34.18902093424404,0.0, 90.57979732474304, 9.539586375895578, 4.056533112235981, 9.539586375895578, 132.73771401667224, 23.345147282031792, 4.056533112235981, 23.345147282031792, 154.04310193148797, 7.956565518403209, 5.1925395490498385, 3.0, 0.0
15, 0 ,1.0,1.0,1.0,184.7840683301938,14.464041493561789,97.1895595179728,8.442236776988038,8.6275580031699,13.57714443750245,35.0,31.0,68.0,-0.21784641011310113,-0.12158730053662772,0.9683798169876578,13.877051240125793,0.5287310881120325,-0.8486990665765702,0.01238268371257478,8.788066687276325,0.8203574696830045,0.5147100375359661,0.24917303063338142,7.761591508994877,71.2633408422482,40.795916066012325,42.68529216796145,17.233460143039007,5.749158327263977,38753.0,124096.9553038242, 0.0, 0.0,0.0,NaN, 99.43109952225845,99.43109952225845,0.0, 71.27136179872936, -4.117923793819196, -27.804912289464017, -4.117923793819196, 74.434757098061, -15.759446979890926, -27.804912289464017, -15.759446979890926, 184.33885107680373, 7.893511879407362, 5.357612300939577, 8.0, 0.0
16, 0 ,1.0,1.0,1.0,101.18209549682291,85.02730454001289,13.82040243116309,14.436503560128726,17.220705921164967,9.419298168887886,73.0,83.0,38.0,-0.14127934343565965,0.9803617835043996,0.13758968188953163,17.406386175562115,0.9878232037874378,0.13045726828388793,0.08477157077126807,14.388220047751142,-0.06515723426843237,-0.14789075223278586,0.9868550350616397,9.147970792692913,86.430256763726,71.98672336018788,42.54928505409846,22.982759063813813,8.092052352398431,86872.0,264734.46007963317, 0.0, 0.0,0.0,NaN, 131.09395215302047,131.09395215302047,0.0, 208.41263504160938, -14.479601373497466, 6.065211505910062, -14.479601373497466, 296.55271242324613, 30.944424042652276, 6.065211505910062, 30.944424042652276, 88.72317799441468, 7.671754638019386, 4.8632850736159146, 15.0, 0.0
17, 0 ,1.0,1.0,1.0,77.24286109727066,123.61394009854399,126.3960139511709,11.071747454825015,13.773799291141525,14.06671104721313,57.0,62.0,67.0,0.04888204760877922,-0.6687650922871123,0.741865079889722,14.902324036768,0.40752344976883015,-0.6647622469331347,-0.6261116457477229,13.288377802361007,-0.9118855099792326,-0.33293303589553985,-0.24004251769070956,10.559983522086998,69.984725551766,62.394165464962015,56.03567641528035,21.675237356923308,6.352761905099071,90315.0,244687.54459157295, 0.0, 0.0,0.0,NaN, 131.2205643183922,131.2205643183922,0.0, 122.58359170342419, -21.241722439478163, -12.592815922105855, -21.241722439478163, 189.7175469126508, -27.77330655554879, -12.592815922105855, -27.77330655554879, 197.8723596857879, 7.256852679830291, 4.595011539921488, 18.0, 0.0
18, 0 ,1.0,1.0,1.0,182.95738690982998,150.1194759537477,35.58291905847455,10.558878583344988,15.166839535469263,11.457612308849868,44.0,76.0,52.0,-0.11255442770747313,-0.9772452161903424,0.1797867854891847,15.341654826419548,-0.31489851277522557,-0.13652898874383312,-0.9392543648472109,11.39074251166266,-0.9424279428451782,0.16233182887430675,0.2923661230015004,10.377110892363145,75.5291439288903,55.02443293272951,51.53309118567236,20.72771125815797,6.569764398431945,72818.0,214168.86345828007, 0.0, 0.0,0.0,NaN, 63.597653013235806,63.597653013235806,NaN, 111.48991693782148, 14.992772856771808, 3.942291711368644, 14.992772856771808, 230.03302149467348, -19.60371605659005, 3.942291711368644, -19.60371605659005, 131.27687981990798, 7.802633004719739, 5.166755123359152, 13.0, 0.0
19, 0 ,1.0,1.0,1.0,187.1998198586282,56.08809304693466,94.56364668794423,8.148236764892237,13.204180704423436,13.551857924764429,33.0,60.0,70.0,-0.11370384442543723,0.6500924560899901,0.7512996967241242,14.925265099448616,-0.15640782912462134,-0.7584870940713131,0.6326404343035462,11.797876342257087,-0.9811258975031691,0.045575505067315565,-0.18792244833031496,7.902124979320559,85.25215443189882,57.72910899905838,38.345097459107336,19.40520933777159,6.9162745912860775,51071.0,188716.5826068315, 0.0, 0.0,0.0,NaN, 110.68876215865599,110.68876215865599,0.0, 66.3937623767415, -2.7458633969174926, -21.289479635223184, -2.7458633969174926, 174.35038807506817, 41.4758699369691, -21.289479635223184, 41.4758699369691, 183.65285321300047, 8.007545004461864, 5.110237201208718, 11.0, 0.0
20, 0 ,1.0,1.0,1.0,156.22000522500164,187.48053686891777,10.353601985500621,17.530263283299035,7.599233355568454,6.548431420998842,81.0,30.0,25.0,-0.9937179277726556,-0.11189129908785539,0.002239913313278995,17.621422190499334,-0.10891623587512514,0.9623073985352841,-0.24920217552631338,7.441265724847169,0.02572807000171293,-0.24788063238721458,-0.9684488930766051,6.484865214180133,81.26767150326029,37.416131546687836,30.559952123076314,18.30603567470352,8.534019587870674,30622.0,92924.31530033732, 0.0, 0.0,0.0,NaN, 46.697130250836324,46.697130250836324,0.0, 307.3101307817823, 28.453779084125685, -0.2360465213349119, 28.453779084125685, 57.74834759238418, -3.261291007009364, -0.2360465213349119, -3.261291007009364, 42.88195407552491, 7.4114012315087825, 4.985687289046388, 4.0, 0.0
21, 0 ,1.0,1.0,1.0,19.150955474740872,84.96244841253626,25.446219643416555,11.400972936982392,11.231368308295929,13.864029469246676,44.0,51.0,58.0,-0.1356565454826211,-0.34681656710306835,0.9280708865439994,14.311896729792295,0.9536702142855417,-0.2996001073316018,0.02743898816395355,11.390984037445765,0.2685338415401129,0.8887958395884492,0.37139134545378666,10.665468848810898,67.4479845878334,50.29764321999266,51.48571984005311,20.31335570816828,5.975341913566545,73419.0,174664.00015155223, 0.0, 0.0,-3.552713678800501E-15,21.86392912380359, 90.73525681888707,90.73525681888707,0.0, 129.9821839098049, -0.28713024906549106, -11.047895671528972, -0.28713024906549106, 126.14363407659417, -29.44691118706473, -11.047895671528972, -29.44691118706473, 192.21131312414025, 8.031022771485638, 4.926080001816234, 10.0, 0.0
22, 0 ,1.0,1.0,1.0,66.4419491814074,188.8863053202843,74.56736074842753,14.365450237242156,6.757734153065329,11.241335640158908,70.0,26.0,51.0,0.9958616534122238,0.005405975046004131,0.09072123619568728,14.388696717556982,0.09087516309531446,-0.07162042920053292,-0.9932835541040288,11.230260495733543,0.0011278277668455474,0.9974173096327001,-0.07181530790573065,6.726619830570536,70.63374602595056,50.709826954611216,28.13431238465725,18.431819557320377,6.218423126749404,44039.0,100772.18452999003, 0.0, 0.0,0.0,NaN, 100.49048765651798,100.49048765651798,0.0, 206.36616051868072, 0.34464541772762414, 7.316956737286369, 0.34464541772762414, 45.666970883505584, 5.832484281372771, 7.316956737286369, 5.832484281372771, 126.36762697470691, 6.836826700376564, 4.69316002179491, 9.0, 0.0
23, 0 ,1.0,1.0,1.0,113.90631331904783,83.65882421539045,64.74200084546872,11.331115395914313,12.254911312672721,11.185970718658341,54.0,54.0,55.0,0.39791812604791027,-0.9032866822172662,0.160419246636564,12.527269802209982,0.6179523448093936,0.13465711704175337,-0.7745981928552215,11.281487575786894,-0.6780826384055935,-0.4073581109526691,-0.6117706309835265,10.931537755306245,59.509679388940285,52.14694947529621,51.12515471761165,19.37960582557939,5.304134836228162,68601.0,158654.04662139842, 0.0, 0.0,0.0,NaN, 136.39079305031638,136.39079305031638,0.0, 128.3941761155264, -12.808205955710347, -1.3313240414305008, -12.808205955710347, 150.18285128147386, -6.235163776210362, -1.3313240414305008, -6.235163776210362, 125.1259409186818, 6.961070415028379, 4.5088414578116724, 14.0, 0.0
24, 0 ,1.0,1.0,1.0,49.92657471452544,85.27479228911717,77.2645329404221,12.931163137287458,11.657544753809317,11.73130531020168,62.0,59.0,56.0,-0.8460219456499576,-0.08731995176130464,0.5259487555865717,13.63839160208434,0.11648736367989804,-0.9929366846059767,0.02252630610194087,11.645630036661414,0.5202668176825876,0.08032413328567334,0.8502178967948972,10.913772473749855,65.13920188674463,60.75532752263699,54.41772043918802,20.162048799898308,5.850524954385551,73299.0,215361.04244539439, 0.0, 0.0,0.0,NaN, 125.43628308100784,125.43628308100784,1.3486991523486091E-6, 167.214980083142, 3.0322096085898367, -29.722687672610057, 3.0322096085898367, 135.89834968706714, -3.441509740732989, -29.722687672610057, -3.441509740732989, 137.62352428116614, 7.037539201629515, 4.447129179082501, 15.0, 0.0
25, 0 ,1.0,1.0,1.0,102.44623107484162,20.88120100934178,103.71381402340813,11.6314451367006,12.616047547665882,11.82773351154094,56.0,51.0,61.0,-0.07202680118515101,-0.9351724193467474,0.3467919924164721,12.758622470787865,-0.6699560397116233,-0.21221850584816251,-0.711422666654283,11.929237649261943,-0.7388985348239313,0.28357688881276094,0.6112389903845488,11.369313676225559,63.9100002076843,60.89234391638158,58.11582620954871,20.04570387523486,5.702649196593747,74504.0,226165.2760344029, 0.0, 0.0,0.0,NaN, 138.6498900000089,138.6498900000089,0.0, 135.29051596807605, 4.112659605436264, 5.380429761862129, 4.112659605436264, 159.1646557249663, -8.9016969837703, 5.380429761862129, -8.9016969837703, 139.89528002002857, 7.3135945033256045, 4.789796332841428, 13.0, 0.0
26, 0 ,1.0,1.0,1.0,143.21397428027262,72.80618910453164,113.25464733752027,12.716348435035254,9.978718920092401,11.556354414004415,59.0,47.0,58.0,-0.8543765005208587,0.27363302562826985,0.44177569268040323,13.150879250122305,0.5124347481030864,0.302417564602685,0.8037127879760948,11.511398402441422,-0.08632163282895913,-0.9130545350116274,0.39859753110179036,9.453663729924216,60.23107069267102,58.199179066948915,44.68066646041449,19.131788557043947,5.366967743337673,63531.0,156623.55766027604, 0.0, 1.4210854715202004E-14,0.0,74.1194320274085, 126.68918697941172,126.68918697941172,0.0, 161.70551752122356, -12.85291172320599, -13.776906957331803, -12.85291172320599, 99.57483128621004, 20.58838161947568, -13.776906957331803, 20.58838161947568, 133.54932734207932, 6.721297793396547, 4.5572598640407875, 16.0, 0.0
27, 0 ,1.0,1.0,1.0,41.11231962093474,174.38621580874434,187.04012491923325,11.768816648151072,13.300780259272177,7.120401183554822,63.0,60.0,30.0,-0.18695584280254524,-0.9803871469208839,0.06235827927645278,13.384094732432722,0.976104940361673,-0.17823258547284307,0.12430724386455086,11.7545453971878,-0.11075494681288577,0.08410819001735713,0.9902823608085114,6.986600354731125,63.361015056753075,62.88755880527221,33.31842639475104,18.226351649500156,5.823746162631587,46430.0,132761.2535323834, 0.0, 0.0,0.0,NaN, 50.142268868881395,50.142268868881395,9.5367431640625E-7, 138.5050452977978, 8.340768566818786, 9.322953877798652, 8.340768566818786, 176.91075550544443, -9.94698514003211, 9.322953877798652, -9.94698514003211, 50.70011301476892, 7.436558499133153, 4.891378916130645, 9.0, 0.0
28, 0 ,1.0,1.0,1.0,137.14462318235903,141.18473876964444,18.31818954460464,10.524805058169573,13.340058906725321,10.911569054805478,47.0,65.0,44.0,-0.15567489426161163,-0.9759298422724705,0.15272940207657112,13.477314507487044,-0.533175919993651,-0.04714159130981107,-0.8446899482696022,11.082295533506484,-0.8315580350375797,0.2129286578429724,0.5130035292604042,10.165419408930612,66.1875144772739,52.590752255245675,57.63198108547802,19.37953126678937,5.6766891992217605,64713.0,200608.34915185673, 0.0, 0.0,0.0,NaN, 88.0090303132279,88.0090303132279,0.0, 110.77152151247184, 12.385950734085862, 6.9121361094685225, 12.385950734085862, 177.95717163490156, -10.895445366552277, 6.9121361094685225, -10.895445366552277, 119.0623392377885, 7.489447368625315, 4.688947132125479, 8.0, 0.0
29, 0 ,1.0,1.0,1.0,182.41803773975795,94.55986395732265,79.60464754933274,10.16105449945128,9.606370832809404,14.6515786622631,38.0,50.0,76.0,0.10643632926614775,-0.013401146070186902,0.9942292075252838,14.69777895634208,0.8076098800553658,0.5844582543536944,-0.07858009006606244,10.598454519317254,-0.5800324037925005,0.8113131073770707,0.07303048917305585,9.046889076761431,76.85595806326614,55.62010224039116,48.583833403903576,19.283492001532444,6.192340643206646,57923.0,207683.0735854411, 0.0, -1.4210854715202004E-14,0.0,89.2321479051858, 124.85028305935646,124.85028305935646,0.0, 103.2470285408191, 14.196095750175008, 12.264662815124723, 14.196095750175008, 92.28236057745123, -3.1876649237317514, 12.264662815124723, -3.1876649237317514, 214.6687572964834, 7.3287062588243375, 4.609315317471505, 12.0, 0.0
30, 0 ,1.0,1.0,1.0,59.85977831473171,10.778103785525255,109.0766309975837,11.909347609535217,7.064726200373661,15.354768440699058,59.0,29.0,71.0,0.17241149886890345,0.011425502137881315,0.9849587468308892,15.452317863325062,-0.9846169202719584,0.030779370437168482,0.17199462395568274,11.78713111483693,0.02835128519032755,0.9994608988131499,-0.016556460118874797,7.056999601167928,72.52966901016457,56.23527477231877,29.794758511029393,19.5255089300068,6.801935876107954,52146.0,121524.65220813133, 7.105427357601002E-15, 0.0,0.0,80.07194160608465, 109.39113132173894,109.39113132173894,0.0, 141.8325604847422, -2.329066565417072, 16.996094155914793, -2.329066565417072, 49.91035628624607, 2.598506065144821, 16.996094155914793, 2.598506065144821, 235.76891386748775, 6.75747469690527, 4.484662836330434, 13.0, 0.0
31, 0 ,1.0,1.0,1.0,56.58365665493221,147.95715676728335,20.94703018500487,11.43372887925692,12.138520570775185,12.273199413535627,55.0,62.0,49.0,-0.5096828090658666,0.40562304587896114,0.7587446070942463,13.992926078652964,-0.5102002464744863,-0.852590871389685,0.11306862748061917,12.053915613408316,-0.6927619667967501,0.3294825498791276,-0.6414998882969873,9.35982904320812,65.04517085412276,61.85611469575207,52.3059466995293,19.806660593089855,6.033362058259121,66755.0,210449.91919797656, -7.105427357601002E-15, 0.0,0.0,59.35729587581026, 79.68027237503573,79.68027237503573,0.0, 130.7301560843537, 2.726646064461148, -45.16932349738894, 2.726646064461148, 147.34368164713234, 27.737300671546453, -45.16932349738894, 27.737300671546453, 150.63142384441124, 7.247103158498684, 4.539601353743825, 11.0, 0.0
32, 0 ,1.0,1.0,1.0,12.496033678390223,103.43390773000738,109.74101883413707,8.675550363057793,14.360193518728014,13.49726063448212,35.0,72.0,65.0,-0.10107531322095459,0.8351047184061806,0.5407253372582244,14.926398836048842,-0.106596125976844,-0.5494705029914757,0.8286853638559234,12.969723441981301,-0.9891516804737357,-0.026120406544108667,-0.1445568309626208,8.5232193599679,70.75612906408674,63.60083147256421,40.65162051222463,20.434560657725655,6.788601281423698,63661.0,182938.3347722899, 0.0, 0.0,0.0,NaN, 132.76989385808739,132.76989385808739,0.0, 75.2651741019522, -7.0765294025882675, -16.648417284434398, -7.0765294025882675, 206.21515789531804, 24.287064870872705, -16.648417284434398, 24.287064870872705, 182.1760446351407, 7.107662072447381, 4.497782646787993, 16.0, 0.0
33, 0 ,1.0,1.0,1.0,22.47099099548527,177.95472799381406,99.97553066773091,12.827372818144687,12.99446893396039,11.87395766620668,52.0,58.0,60.0,-0.6849695086704971,-0.7285706929062933,0.001231921158810581,14.2005153221582,-0.17294544409652524,0.16423763244257744,0.9711415311147559,11.898921518856229,0.7077475860488355,-0.6649892822652862,0.23850075243978988,11.452057379504245,77.87674656058967,57.99210172561109,69.28575742013864,20.857429693488896,6.273453078759291,80182.0,312910.84640119976, 0.0, 0.0,0.0,NaN, 104.81434151126606,104.81434151126606,NaN, 164.54149341567717, 34.889048630785474, -1.8120515286081353, 34.889048630785474, 168.85622287566164, 1.6010348497649005, -1.8120515286081353, 1.6010348497649005, 140.99087065886837, 7.1080729321397245, 4.574861398248831, 9.0, 0.0
34, 0 ,1.0,1.0,1.0,31.7365647877614,39.99445192212994,104.11421161485178,10.106030834823757,11.724307072471023,11.606878575848965,45.0,55.0,54.0,0.19986355996886673,0.844212035277137,-0.4973535934220292,11.920156767148127,-0.1279101670696539,-0.4807713264737381,-0.8674663802136056,11.502319143855939,-0.9714389052106078,0.2369915001301022,0.01189463363451563,9.995868286347227,58.4315176694959,58.28019468389705,47.61371435444592,18.65733040931408,5.120047640029557,60922.0,162143.75359732256, 0.0, 0.0,0.0,NaN, 108.63171794333718,108.63171794333718,0.0, 102.13185923440858, 9.107284050068392, -0.5986181969279067, 9.107284050068392, 137.45937632959402, -4.200492375072557, -0.5986181969279067, -4.200492375072557, 134.7196302745017, 6.95323631580042, 4.476271533738854, 11.0, 0.0
35, 0 ,1.0,1.0,1.0,90.67618672997766,74.80742593034854,100.46533582456486,11.72698677607153,12.747344185823463,10.571434410301233,55.0,56.0,53.0,0.14932926697556073,0.9785945603903683,0.14161022702800707,12.799173497189175,-0.9498222336568435,0.18177414717819448,-0.254550356253464,11.802053512142994,-0.2748426722247967,-0.09649272403669669,0.9566350713476434,10.424246678521582,58.8794062867687,55.06264194374748,50.91757189840312,19.57902819843037,5.332343099833817,71183.0,165077.60248382908, 0.0, 0.0,1.4210854715202004E-14,81.85896613187107, 154.03074753675324,154.03074753675324,0.0, 137.52221884615656, 2.7725463621164317, 8.570402915811735, 2.7725463621164317, 162.49478379184725, 6.226203215418496, 8.570402915811735, 6.226203215418496, 111.75522549130098, 6.8225789359724756, 4.447324873908359, 8.0, 0.0
36, 0 ,1.0,1.0,1.0,132.6962597170029,42.253408582165484,32.403806758828395,11.727684507732892,11.034390698814848,15.56432486275024,63.0,51.0,65.0,0.4716294775122093,0.0518498780402517,0.8802711094252563,16.90124572317816,0.30716050595861005,-0.9454083219562202,-0.10888309490079254,11.172217002099504,0.8265700572370207,0.3217369965097819,-0.46180866769264267,9.543271488487882,77.9236266375476,51.526421125295954,51.08865852737182,21.21157973128764,7.184250534570578,73711.0,205127.38081162982, 0.0, 0.0,0.0,NaN, 85.82045610083901,85.82045610083901,9.5367431640625E-7, 137.53858391291809, -5.040908890856144, 79.6528174834622, -5.040908890856144, 121.75777809409163, 12.354537227168196, 79.6528174834622, 12.354537227168196, 242.24820843322527, 6.5244474018289305, 4.252989857969554, 11.0, 0.0
37, 0 ,1.0,1.0,1.0,18.25622003369185,131.4508066606194,16.491965789814696,11.048307634470804,13.762409787311492,9.86176978481786,51.0,57.0,41.0,-0.27558206216680575,0.9587758423103733,0.06930664624641458,13.991730206097474,0.9387273611571036,0.28394186358651263,-0.195366218978714,10.815808639993694,-0.20699146945444752,0.011220619637660079,-0.9782784006958529,9.796596211509232,64.74434770301485,54.28575078578361,45.0335072045706,19.31841653974988,5.960059599132524,61736.0,158279.0662106619, 0.0, 0.0,0.0,NaN, 72.83039484316129,72.83039484316129,NaN, 122.06510158590586, -20.768366265350505, -5.75890752337845, -20.768366265350505, 189.40392315388715, 5.465953416218478, -5.75890752337845, 5.465953416218478, 97.25450328874649, 6.940280013010861, 4.427767990090438, 7.0, 0.0
38, 0 ,1.0,1.0,1.0,98.31751850797266,134.5439742312073,16.508239607061505,10.510171775743446,12.85706929457775,10.820445621204765,49.0,59.0,44.0,-0.06270843167065986,-0.9370245526781273,0.3435878930867055,13.199522150083842,-0.7198644958418438,-0.19598604948971832,-0.6658712908902007,11.469504909427565,0.6912761823061568,-0.2890924697804649,-0.6622407294122407,9.331294507447545,66.43734074706266,62.28260364739518,46.747776280958206,18.90170066698355,5.964536607182249,56192.0,193437.18222708564, -1.4210854715202004E-14, 0.0,0.0,86.40471257487637, 119.26167754117229,119.26167754117229,0.0, 110.46371075563412, 11.396024554506017, 19.44141495107504, 11.396024554506017, 165.30423084557398, -22.255113896445323, 19.44141495107504, -22.255113896445323, 117.08204344144937, 7.107066658032731, 4.526000959473012, 7.0, 0.0
39, 0 ,1.0,1.0,1.0,145.81719912327313,103.35392866631243,82.92233993092455,9.511183697202469,12.830211353184238,11.10407618107079,44.0,63.0,50.0,-0.11532500783666849,0.9578778279863309,0.2630022988866488,13.005215211313338,0.04388445725258062,-0.25959723171563726,0.964719353852313,10.949853554220281,-0.9923579480102526,-0.12279798018602532,0.012097895813477567,9.45211780358693,65.37277364311883,49.48497550881383,45.320612933936815,18.727546451978817,5.258940046561529,60224.0,146610.82787609933, 0.0, 0.0,0.0,NaN, 138.3920282194862,138.3920282194862,NaN, 90.46261532193002, -9.162636146927571, -1.1265269610197326, -9.162636146927571, 164.6143233673777, 12.449211682590663, -1.1265269610197326, 12.449211682590663, 123.30050783502365, 7.550001371920101, 4.495722752304951, 12.0, 0.0
40, 0 ,1.0,1.0,1.0,29.566485020466587,146.47317998041234,126.93882624745737,15.492427968176463,11.30374303138851,10.878698138840992,66.0,65.0,56.0,-0.972615281191872,-0.23162433194629603,0.019227158981190064,15.70983346778448,-0.2226241231256476,0.9046601121533113,-0.3633573740565817,11.024081468941079,0.06676836522330329,-0.3576873639495672,-0.9314514131591718,10.853882450324013,71.06353145695564,59.598767518453876,57.37435188304903,21.093938805798544,6.41730081280835,79642.0,242997.52886445125, 0.0, 0.0,0.0,NaN, 95.27451184852133,95.27451184852133,0.0, 240.01532434913628, 28.309585545361763, -2.1110228896849317, 28.309585545361763, 127.7746065196643, -1.7984689879136588, -2.1110228896849317, -1.7984689879136588, 118.34607319602247, 7.225828579212102, 4.479623506381386, 11.0, 0.0
41, 0 ,1.0,1.0,1.0,124.54814243044602,73.9268382723093,166.24089673457058,10.3115612032586,9.879354977853428,13.50657822106533,48.0,44.0,64.0,-0.09058349300921655,0.01355806244694275,0.995796570458512,13.53164073362099,0.8186644736052834,0.5703849412571319,0.06670456089116007,10.639360666129118,-0.5670829837429736,0.8212656072975314,-0.06276696439516177,9.489800216072803,64.60046419621548,51.76657045257761,47.40523513363395,18.864576326032843,5.521355314419337,59594.0,158529.95544656526, -1.4210854715202004E-14, 0.0,2.8421709430404007E-14,35.87684574643177, 110.89561434485297,110.89561434485297,0.0, 106.32829444854795, 10.690890039211153, -7.129646151147515, 10.690890039211153, 97.60165477843731, 2.1366632507085837, -7.129646151147515, 2.1366632507085837, 182.42765524175633, 7.258622698471099, 4.553648771541391, 14.0, 0.0
42, 0 ,1.0,1.0,1.0,179.3706166166498,83.14212524663007,20.57206572380747,11.487532417250979,10.891746468626286,11.201678836075061,50.0,53.0,45.0,0.875438607515934,0.48033543816677077,-0.05371323218443541,11.735086333298856,-0.06044753895551741,-0.0014507463794193598,-0.9981703213225505,11.200531556256283,-0.4795345029346516,0.8770836688572419,0.027765055720043744,10.625770208701438,64.58749391352114,47.273667732400526,55.86638158150421,18.658994675480372,5.283281993342737,60313.0,170576.1372311436, 0.0, 0.0,0.0,NaN, 88.09877602695863,88.09877602695863,0.0, 131.96340103739212, 10.431815269711013, -0.4094869285936981, 10.431815269711013, 118.63014113683317, -0.6218186358576429, -0.4094869285936981, -0.6218186358576429, 125.47760874657195, 6.962363168083575, 4.407678578077711, 8.0, 0.0
43, 0 ,1.0,1.0,1.0,149.16296705504217,113.97093879737511,129.88181331190572,11.931476291104696,10.693488778338818,10.641045382185858,57.0,55.0,52.0,-0.9923471192530967,-0.0878419007865335,0.08678130775857716,11.951642230565996,-0.015458614388514579,0.7856482675260132,0.618480259163185,10.766675410361438,-0.12250806565800978,0.6124055847227247,-0.7809937090970389,10.544174892511052,57.52580433396652,49.912614834937756,54.03753414904057,18.543153707567626,5.108241002624278,59736.0,155155.98942392034, 0.0, 0.0,0.0,NaN, 122.07359826956093,122.07359826956093,0.0, 142.36012648519346, 2.7023890251699916, -2.771987622060463, 2.7023890251699916, 114.35070225245823, 2.062656152227693, -2.771987622060463, 2.062656152227693, 113.23184682573897, 6.537829930377091, 4.377985737318805, 15.0, 0.0
44, 0 ,1.0,1.0,1.0,10.066316115063408,167.61010413444686,161.72075471698113,6.663624515777308,15.823470600895007,11.57097675433464,27.0,69.0,66.0,0.044131974135522806,0.9822248074679863,0.18244669482722636,15.967422572651001,-0.0017084691016500085,-0.18255015474135106,0.9831950580313338,11.389568698512985,-0.9990242489510605,0.04370204341202311,0.0063781979730478085,6.6327036600663645,74.15914603424397,65.63815914004994,28.14912238062883,19.48772920346999,6.992998433162302,48495.0,137020.6337274339, 0.0, 0.0,0.0,NaN, 51.14427332309341,51.14427332309341,0.0, 44.40389168726836, 9.171582742625326, 1.554635587796141, 9.171582742625326, 250.38222185738857, 22.418909788404623, 1.554635587796141, 22.418909788404623, 133.88750304935257, 7.74255425363229, 4.779522901682454, 6.0, 0.0
45, 0 ,1.0,1.0,1.0,118.05915526578842,178.3924388679189,31.498038104047623,10.455595390905007,10.869926399207603,14.040045166491776,57.0,46.0,61.0,0.12843854205105948,0.12994501585264187,0.9831672460832158,14.142846637443618,-0.088689373941165,-0.9859009664585044,0.14189249200049348,10.80982842313589,-0.9877437602261644,0.10542095233511493,0.11510294063591535,10.379072291478973,64.64067726516019,50.1580197914036,56.45522522673048,19.717357375141976,5.985270363195853,67027.0,183041.8619465214, 0.0, 2.8421709430404007E-14,0.0,82.53358499439476, 90.40638881316313,90.40638881316313,0.0, 109.319474978314, 2.338475239660159, 11.539831395071463, 2.338475239660159, 118.15529992419039, 10.514562873336574, 11.539831395071463, 10.514562873336574, 197.1228682771291, 6.259181128798504, 4.179802680293198, 9.0, 0.0
46, 0 ,1.0,1.0,1.0,16.01814980360287,150.00311526479751,60.810764594338345,10.277013230415902,10.263055585369454,13.524847779082894,40.0,49.0,66.0,-0.10608418104539256,0.06008396583749467,0.9925402075388011,13.564690439719179,0.6934030618184346,-0.710962699865257,0.11715047273111887,10.609262707193967,-0.7126979306780317,-0.700658230844071,-0.033759489891114006,9.864660988509671,65.66723602045238,52.58384473313556,53.274592216513966,18.97656726688172,5.810224875114617,59064.0,183959.0711149022, 0.0, 0.0,0.0,NaN, 80.33815218751188,80.33815218751188,0.0, 105.61700093814348, -8.068050581807213, -7.889376602416553, -8.068050581807213, 105.33030994838316, 3.900037574743499, -7.889376602416553, 3.900037574743499, 182.92150744736347, 6.964020936816858, 4.397731621834056, 10.0, 0.0
47, 0 ,1.0,1.0,1.0,120.84079241805976,152.85634131894167,110.45721995524549,12.193806425994254,12.379674069433774,9.29340420158235,65.0,56.0,44.0,-0.496643528239378,-0.8676217384990591,0.024035905262994026,12.480355447702685,0.8650597450305062,-0.4925373915213485,0.09528145402490668,12.11529046493625,-0.07082967870671841,0.06811341158109077,0.9951601478039043,9.261375260901634,58.72347869818296,61.18867119255826,43.96067942094895,18.930674853911125,5.471942657734394,60776.0,157960.02452931905, 0.0, 0.0,-1.4210854715202004E-14,88.62271143432653, 128.47806877821645,128.47806877821645,0.0, 148.68891515461877, 4.163369728216392, 4.193021263112995, 4.163369728216392, 153.25633006541096, -4.322545290423036, 4.193021263112995, -4.322545290423036, 86.36736165398848, 6.635479212353515, 4.418691808107485, 14.0, 0.0
48, 0 ,1.0,1.0,1.0,112.61816156448552,29.995420414225595,65.03471821107352,9.42681514891282,12.991708546254639,9.670895008951993,44.0,56.0,52.0,-0.2640348368038875,0.9644984092059924,0.005331378157192226,13.238821316648725,0.137542000843752,0.032180415033688445,0.9899730394774175,9.682718699757269,-0.9546558557709905,-0.2621206583376633,0.1411557916445093,9.06389065490029,58.25779381702654,54.32597931480181,42.66960419470837,17.946337011582155,5.394861716808276,48476.0,135045.52962827726, -1.4210854715202004E-14, 0.0,0.0,74.69038946196547, 112.9815272820749,112.9815272820749,1.9073486328125E-6, 88.86484385177222, -23.66073455179225, 1.4485443123808073, -23.66073455179225, 168.7844909508258, 0.848372543998239, 1.4485443123808073, 0.848372543998239, 93.52621027417257, 6.535786957997124, 4.199582623980703, 8.0, 0.0
49, 0 ,1.0,1.0,1.0,142.11221440430074,37.32548027512056,127.58542177247213,12.664506789523202,9.752060288600783,11.94857201234716,60.0,45.0,63.0,-0.9881278687169357,0.1363617439989859,-0.0707728043706143,12.72537320339525,0.044800010557845195,-0.1848917292173324,-0.9817372395509101,12.012945315330072,-0.1469567083155551,-0.9732525485405001,0.1765876627640709,9.592434879311348,57.4874477454984,62.53852131103285,44.589212070870296,19.19884043835436,5.446587101224177,63245.0,160306.24238052472, 0.0, 0.0,0.0,NaN, 99.94027385800388,99.94027385800388,0.0, 160.38973222187926, -9.854438034825408, 2.589631776120894, -9.854438034825408, 95.10267987250438, 8.817742000374231, 2.589631776120894, 8.817742000374231, 142.76837313424585, 6.837696431759686, 4.550568212253401, 11.0, 0.0
