// Sample: .//bubblelabels.tif, Map: .//bubblelabels.tif, Thickness:(8.191250068658265):/gpfs/home/mader/Foam/NewValid/InSilicoTest/LatticeData_OldFoam/out_Step_07000.vtk/distmap.tif, Neighbors:(1.0):
//LACUNA_NUMBER, TRIANGLES, SCALE_X, SCALE_Y, SCALE_Z, POS_X, POS_Y, POS_Z , STD_X, STD_Y, STD_Z,PROJ_X, PROJ_Y, PROJ_Z, PCA1_X, PCA1_Y, PCA1_Z, PCA1_S, PCA2_X, PCA2_Y, PCA2_Z, PCA2_S, PCA3_X, PCA3_Y, PCA3_Z, PCA3_S,PROJ_PCA1, PROJ_PCA2, PROJ_PCA3,OBJ_RADIUS, OBJ_RADIUS_STD, VOLUME, VOLUME_BOX, Mask_Grad_X,Mask_Grad_Y,Mask_Grad_Z,Mask_Angle, Mask_Distance_Mean,Mask_Distance_COV, Mask_Distance_STD, SHAPET_XX, SHAPET_XY, SHAPET_XZ, SHAPET_YX, SHAPET_YY, SHAPET_YZ, SHAPET_ZX, SHAPET_ZY, SHAPET_ZZ, Thickness, Thickness_STD, Neighbors, Neighbors_STD
1, 0 ,1.0,1.0,1.0,78.8695444666643,135.91429315220864,39.61497591972453,18.027044006440935,17.27028979419206,18.96691973051954,97.0,91.0,87.0,0.3996769549167427,-0.38821543307202316,0.8303897333380159,19.508494298807452,0.8384962664363137,-0.2111959409096147,-0.5023149268294393,17.911004098488746,-0.3703813479116392,-0.8970423914553892,-0.241107040650317,16.780817966559916,96.23020240644811,91.18822709632481,89.86312475273365,30.17316847081984,8.518284667762671,253527.0,788554.4508312935, 0.0, 0.0,0.0,NaN, 162.05692347000792,162.05692347000792,0.0, 324.974315610158, -22.301931030161988, 16.337986540167226, -22.301931030161988, 298.2629095753744, -27.750488856178396, 16.337986540167226, -27.750488856178396, 359.74404406397144, 7.925731101133338, 6.224471228698943, 42.0, 0.0
2, 0 ,1.0,1.0,1.0,56.8777410527064,262.39596971958633,13.690109109002382,19.728014683655182,21.106089811987143,9.140748129944457,110.0,95.0,38.0,0.5271237819168572,0.847920358958684,-0.05631681277421377,21.92616059210289,0.8470369252531774,-0.5295906738571915,-0.04541107156992561,18.86095707139018,0.068329830932855,0.023765164145492616,0.9973796925834341,9.040057905000157,106.08656179891008,99.54455751005224,41.88435801491796,28.47084245909099,10.374294990742712,140685.0,442313.05512185296, 0.0, 0.0,0.0,NaN, 69.54537804919447,69.54537804919447,0.0, 389.19456335851453, 55.434216008648605, -22.385564369514984, 55.434216008648605, 445.46702715166754, -12.464917426414893, -22.385564369514984, -12.464917426414893, 83.55327637508309, 7.740208469088976, 5.957946392372615, 24.0, 0.0
3, 0 ,1.0,1.0,1.0,260.82354128060405,140.21436498117697,127.04985849532477,18.177967247192694,16.613784925106266,15.217418818495561,89.0,88.0,76.0,-0.9500589428257986,-0.25498840614605955,0.17991364008272936,18.324759222497345,0.3056943629380287,-0.8763632986446954,0.3722073686219827,16.834108064821812,0.06276114741333699,0.40861752473392476,0.9105453074151125,14.793315496351758,99.11802017743116,86.270645069269,79.4250347169986,27.735953213730085,8.291144529007203,188333.0,679161.5290251202, 0.0, 0.0,-1.4210854715202004E-14,79.63527037343526, 193.22662758675185,193.22662758675185,0.0, 330.4384932400103, 11.041161089237747, -12.646843902156736, 11.041161089237747, 276.0178495376882, -26.419262089879716, -12.646843902156736, -26.419262089879716, 231.56983549750285, 6.729637925876884, 5.58309358782764, 40.0, 0.0
4, 0 ,1.0,1.0,1.0,78.41439616013818,17.029845292764552,260.9660690411141,16.834912974895264,10.58553501670869,17.757252422689756,81.0,45.0,80.0,-0.5463299128127335,0.1954871643657024,0.8144374714699025,18.531787349852767,0.8169043480026588,-0.09030358718943896,0.569660028749666,16.30627596270083,-0.18490784888798556,-0.9765398254597585,0.11035876363316952,10.073037372782153,110.28027394756751,91.53080695087766,50.3047709430265,25.2503464469025,8.556159440824441,120421.0,507778.4941002991, 0.0, 0.0,0.0,NaN, 89.23273458746884,89.23273458746884,0.0, 283.41429487229686, -37.97135333371676, -31.142846989226822, -37.97135333371676, 112.05355158996582, 30.064531500869215, -31.142846989226822, 30.064531500869215, 315.3200136031212, 7.606162026313811, 5.871419108921382, 22.0, 0.0
5, 0 ,1.0,1.0,1.0,188.21726722004996,113.16095977785557,236.2206492265885,15.983373194820562,14.97594522356658,16.289640944297947,81.0,88.0,82.0,0.15118663363008847,0.13435524846133481,-0.9793320524839849,16.301924130099223,0.917535300201503,0.34954333456316894,0.18960071241057672,16.161158799668712,-0.36779284209421353,0.9272368222160691,0.07042940317017693,14.770368039649602,81.47745564877886,84.01099710042084,84.90711232614427,26.28031658454822,7.37865274520685,168539.0,581189.378331755, 0.0, 0.0,0.0,NaN, 171.37265753520026,171.37265753520026,0.0, 255.46821868490846, 14.76373406068915, 0.4377518949369894, 14.76373406068915, 224.27893533926667, -3.410633575723689, 0.4377518949369894, -3.410633575723689, 265.3524020941481, 7.0028831602548305, 5.680669172404424, 39.0, 0.0
6, 0 ,1.0,1.0,1.0,274.81392241884447,205.95986757295208,208.4024786124458,15.208172821517598,16.13300151970283,17.377255993103415,61.0,88.0,86.0,-0.32182715232330583,0.3411991825856553,0.8831819754899622,17.926373564004223,-0.16876458789570387,-0.9385432312682019,0.30108988178455165,15.884770318290395,-0.931636086623884,0.052150942882394156,-0.3596310348907784,14.827356043228342,93.15870936557695,85.45658676528797,73.77164481089437,26.9879076861439,8.073668508056588,170660.0,587297.9329636131, 0.0, 0.0,2.8421709430404007E-14,27.97138176679158, 133.67120458484746,133.67120458484746,0.0, 231.28852056914653, -6.002030032540338, -30.500972044903257, -6.002030032540338, 260.2737380347338, 21.410327997284863, -30.500972044903257, 21.410327997284863, 301.96902584984855, 7.777869853531715, 5.977656420274771, 34.0, 0.0
7, 0 ,1.0,1.0,1.0,264.0681740273096,280.08109324115867,27.1023967319888,18.58477598104287,11.669854245106913,16.054669943091106,80.0,50.0,68.0,0.983286886236378,-0.10047356893690387,-0.15182872356918986,18.706147320951604,-0.14711221499880378,0.052838345623323194,-0.9877074999360569,15.992196588164031,0.10726087615581927,0.9935356919491477,0.03717436306669609,11.561207724176162,84.49504147655347,74.4037657018006,55.59744385124873,25.89744354045027,8.285785504001753,140024.0,349527.1894892952, 0.0, 0.0,3.552713678800501E-15,81.26708133844129, 49.21787147792191,49.21787147792191,0.0, 345.393898265548, -22.31412555047786, -14.545502765265676, -22.31412555047786, 136.18549810203984, -3.072699786405103, -14.545502765265676, -3.072699786405103, 257.752426981593, 7.077612037415172, 5.71719928884636, 17.0, 0.0
8, 0 ,1.0,1.0,1.0,277.0773274762647,206.76926456001132,285.07687402579,13.09845270572615,15.929536963294497,8.9048709179329,53.0,83.0,39.0,0.039769540368865416,0.9870874517879071,-0.15516683338170242,16.069936113111662,0.997852031575733,-0.04732372680085495,-0.04529666612302178,13.10326170680495,0.05205484356937065,0.15303211233115044,0.9868492619728885,8.641644703275299,82.48503206356045,55.36188222311375,44.454433945325775,21.295687889150887,7.149126837735107,70570.0,203002.35644502417, 0.0, 0.0,0.0,NaN, 97.16027292650897,97.16027292650897,0.0, 171.5694632841447, 2.6246581167070784, -5.517890060347652, 2.6246581167070784, 253.7501478649657, -27.907414768855098, -5.517890060347652, -27.907414768855098, 79.29672606504712, 6.9834486401771985, 5.684051970240244, 12.0, 0.0
9, 0 ,1.0,1.0,1.0,154.19293855991103,178.03061691194276,15.354865613817967,16.850875735578338,16.515267619173216,9.64053911918467,82.0,78.0,41.0,-0.739014365771579,-0.673473381332862,0.017069616847264667,18.429044523426214,-0.6728056760371465,0.7391052804176641,0.03249471881590355,14.740415168593227,0.03450057210292676,-0.012529528914041783,0.9993261336669639,9.629981864387137,86.66079838318228,74.32555081215116,41.92585797031343,24.287333480480264,7.731203302537851,111507.0,270049.12900782557, 0.0, 0.0,0.0,NaN, 190.71445009409632,190.71445009409632,0.0, 283.95201305590285, 60.948149513093036, -5.837324821003868, 60.948149513093036, 272.7540645329113, 0.15289164621437762, -5.837324821003868, 0.15289164621437762, 92.93999450852992, 8.630584360574305, 5.947380992724192, 17.0, 0.0
10, 0 ,1.0,1.0,1.0,44.08717203487678,256.43807978659873,213.4372387227774,17.091262819176357,20.821104960505032,14.363073435595291,85.0,89.0,78.0,0.2015380255303008,-0.9756007713671073,-0.08709511566818036,20.985857066268206,0.9206557889805504,0.21903496472065243,-0.32313557904759344,17.262881431161762,0.33432819576271,-0.015060515851998614,0.9423363722049171,13.910941123254101,94.25771763110384,89.90083730971736,80.3430614708347,29.1264959081679,9.141924915368612,200936.0,680814.8697037383, 0.0, 0.0,0.0,NaN, 106.46328602221982,106.46328602221982,0.0, 292.1112647541601, -27.472470864066494, -35.41994303394242, -27.472470864066494, 433.5184117763672, 13.582631405964278, -35.41994303394242, 13.582631405964278, 206.29787851630311, 7.516016191065225, 5.469350808853819, 32.0, 0.0
11, 0 ,1.0,1.0,1.0,14.428541753219776,168.3829550175624,12.766967556747366,9.085155780587595,17.391030903058294,8.348406684254217,35.0,82.0,34.0,0.047773400230800685,-0.9978780574170045,0.04423895066628651,17.419111618652657,0.9712381098052328,0.03606364039516823,-0.23536343790701042,9.100495595616106,0.23326859259734672,0.05421066654371977,0.9709000810281865,8.272813059985408,82.4081759659851,41.91786479920067,39.735979935566625,19.959462634974084,7.503582938665092,52954.0,137262.96688804188, 1.7763568394002505E-15, 0.0,0.0,87.26174353334738, 133.01964068372928,133.01964068372928,0.0, 82.54005555754419, -10.698594973251204, -2.7904557685022064, -10.698594973251204, 302.44795587112856, -10.49553074523697, -2.7904557685022064, -10.49553074523697, 69.69589416570048, 9.101595237072234, 5.724326719875154, 11.0, 0.0
12, 0 ,1.0,1.0,1.0,22.131928102938968,131.3229359635508,188.78467359506763,14.074777431667096,15.96888659020279,15.612251579187907,61.0,75.0,75.0,-0.46212405884355023,-0.668248820457189,-0.5829964564176511,16.37455149384446,-0.1489211449870643,0.7065462060845594,-0.6918200280732383,15.866508515243815,0.8742218521712347,-0.23288617954934593,-0.4260283799950482,13.303197696971614,86.74185410023284,85.18253085953508,66.3708506406186,25.261974040964766,7.660271901648495,139811.0,490406.95864071697, 0.0, 0.0,0.0,NaN, 173.5061514154359,173.5061514154359,0.0, 198.09935975096542, 20.28126861371651, 32.26097156546333, 20.28126861371651, 255.00533893075848, -1.0371216343296643, 32.26097156546333, -1.0371216343296643, 243.7423993718553, 6.996648661005872, 5.18544956457821, 25.0, 0.0
13, 0 ,1.0,1.0,1.0,123.15668040753864,234.92914259716267,76.56219238139882,14.329224117216736,14.504428260735805,16.480359815955435,75.0,70.0,78.0,-0.15287452501669502,0.3811685585122122,0.9117784322973659,16.897687118257508,0.8203347915857598,-0.465533558878375,0.3321585995755382,14.406648069418424,-0.5510718730935812,-0.7987421583713715,0.24151760831329683,13.93642795313823,80.66649543240328,70.03064586958084,71.46608870147884,25.19660488608418,7.241440799332893,145066.0,403720.9951999693, 0.0, 0.0,0.0,NaN, 158.9451279982854,158.9451279982854,0.0, 205.32666380142575, -10.41027175279473, -9.095694860524342, -10.41027175279473, 210.3784391708315, 29.672388950465503, -9.095694860524342, 29.672388950465503, 271.6022596633586, 6.57961036982066, 5.137118931869044, 32.0, 0.0
14, 0 ,1.0,1.0,1.0,191.19733191471948,279.49153333060525,59.72467160453411,16.62719561685294,12.028505343415272,14.547367483618345,76.0,53.0,77.0,-0.961432032696495,0.018582857362914554,0.27441414671498726,16.796652619667206,0.27319828510978766,0.17987092820865092,0.9449916117079711,14.426823354361828,0.03179848295368972,-0.9835146804179324,0.17801047689463673,11.937910380689184,79.0316142832117,74.13034552706273,58.14683579361437,24.119837383074046,7.141982931596376,122185.0,340661.4288961003, 0.0, 0.0,0.0,NaN, 125.80005638263776,125.80005638263776,NaN, 276.46363408109363, 0.7302094354117875, -19.893395728255623, 0.7302094354117875, 144.68494079656978, 11.86572552093039, -19.893395728255623, 11.86572552093039, 211.62590070343634, 7.152380570619914, 5.56039739235175, 28.0, 0.0
15, 0 ,1.0,1.0,1.0,173.15365056302215,99.96379222666182,11.897435524881947,14.823145891715862,15.447562317425085,7.576179042430726,80.0,76.0,30.0,-0.19174139038304489,-0.9789733937249812,-0.06961561313791965,15.51478403984498,0.9783181235229587,-0.18499095632578386,-0.09312354838701394,14.831521902292968,0.07828721735055799,-0.08596185465811858,0.9932178367021219,7.420832757822149,78.87848452226747,83.7222694327528,33.75999589691962,21.456400058766796,7.441385696153741,68825.0,222947.15527075404, 0.0, 0.0,0.0,NaN, 161.93920184406193,161.93920184406193,0.0, 219.72565412709284, 5.001829236513642, -12.545650282246756, 5.001829236513642, 238.62718155073148, 15.492515936476757, -12.545650282246756, 15.492515936476757, 57.398488882966554, 7.325997924560033, 5.259461767700145, 23.0, 0.0
16, 0 ,1.0,1.0,1.0,219.50112716086727,29.51784909170809,262.7376768501133,14.867954273595712,16.86648581734505,17.025454540160748,84.0,71.0,74.0,0.31755376004483565,0.48719967271753467,-0.8135085054167004,17.63981926697524,-0.19607124453115277,0.8731099310005993,0.44635760938527086,16.61929976927744,-0.9277476362402608,-0.017763087908813563,-0.37278518768662455,14.423458732733248,89.2272121035285,92.12152626198605,76.35496919646351,27.04979824224958,7.981787109481232,175219.0,627618.5261686216, 0.0, 0.0,0.0,NaN, 93.48717917392895,93.48717917392895,0.0, 221.056064281733, 4.285723721767412, -32.60674465199507, 4.285723721767412, 284.47834382670175, -14.308291819658745, -32.60674465199507, -14.308291819658745, 289.8661022990802, 7.616690946525129, 5.553110052748443, 34.0, 0.0
17, 0 ,1.0,1.0,1.0,158.64717972938698,254.3224440887583,279.543237735387,17.252117069973586,14.866731143484225,10.994988177436053,82.0,83.0,48.0,-0.8942665085088496,0.4258987836558061,-0.1374686794869906,17.938937533002573,0.4436373707908404,0.8840721037418595,-0.14697754462241222,14.235433501447549,-0.05893466719327689,0.1924233391923854,0.9795406900873849,10.728091933031378,86.16087708609831,74.233300409989,51.613408560685286,24.087527494961034,7.702987893715607,114333.0,330119.68488998234, 0.0, -2.8421709430404007E-14,0.0,64.7924332443128, 149.95178570071025,149.95178570071025,1.9073486328125E-6, 297.635543396074, -44.39040283997989, 19.703004968012316, -44.39040283997989, 221.01969489264377, -23.479476637128723, 19.703004968012316, -23.479476637128723, 120.88976502195858, 7.581534524708088, 5.529972482566253, 29.0, 0.0
18, 0 ,1.0,1.0,1.0,235.01101040617658,243.15347432024168,10.738368580060422,14.913399321015083,13.678238310169863,7.183224846223794,67.0,65.0,30.0,-0.9933747438313381,0.05047184321106185,-0.10324345674618586,14.976146026544015,0.0561072864537347,0.9970473319192851,-0.05242699990876287,13.691711253296923,-0.1002925257674873,0.05787236780634492,0.9932734760979298,7.025275433549278,67.97860535994542,64.84300513021662,33.231475312026596,20.3727923792102,6.786142677758968,59580.0,146482.25145675143, 0.0, 0.0,0.0,NaN, 87.00809623274571,87.00809623274571,NaN, 222.40947930805316, -1.044556548406821, 17.534518801804204, -1.044556548406821, 187.09420326979853, -8.130776137899126, 17.534518801804204, -8.130776137899126, 51.59871919140686, 7.126979186153024, 5.128777251830234, 11.0, 0.0
19, 0 ,1.0,1.0,1.0,272.24724994587194,65.91672661493655,238.243667018208,15.756779134861569,16.127757727759306,13.739418261658289,72.0,82.0,70.0,-0.5977265128959959,0.7998055079487515,-0.05508325731138583,16.584509523094024,0.7994451278612709,0.5997863848882238,0.03381981729092814,15.285585239499788,-0.06008746391776866,0.023821040228229978,0.9979088408879722,13.727971443854623,88.04296306881784,79.52844736892936,70.06907795090649,25.310710234032246,7.517993059836361,143179.0,490618.08912030724, 0.0, 0.0,0.0,NaN, 94.49378099405887,94.49378099405887,0.0, 248.27608870480887, -19.725693285295947, 4.072768659429268, -19.725693285295947, 260.10456932529996, -2.8980420183261963, 4.072768659429268, -2.8980420183261963, 188.77161416878926, 6.093489628899386, 4.917411603180899, 29.0, 0.0
20, 0 ,1.0,1.0,1.0,277.68701514753525,207.20868575431223,12.369477278697136,13.217169983723103,13.74791247734481,7.763798535948951,55.0,72.0,31.0,0.40014744878106634,-0.9157465698225364,0.03591989827745816,13.86685673061085,0.9137845653352665,0.4016642942111714,0.06052737323624343,13.114551187248933,-0.06985547501121057,0.008603174652451888,0.9975200238575952,7.726194350384119,66.17998891660315,63.0522868204352,32.35258278283628,19.582794439581487,6.363128908584686,57105.0,135000.84588449931, 0.0, 0.0,0.0,NaN, 96.2346157087797,96.2346157087797,NaN, 174.69358237863096, -7.370478233310144, 8.116884115264066, -7.370478233310144, 189.00509748473314, -1.6313993648581984, 8.116884115264066, -1.6313993648581984, 60.276567706803085, 7.523340933503062, 5.565081548926591, 12.0, 0.0
21, 0 ,1.0,1.0,1.0,40.76133173470581,85.18910837524857,36.946155983155926,13.302698860124428,13.875034797677168,17.309169255726793,62.0,70.0,81.0,0.24121174195330006,0.026139717584167114,0.9701204104174255,17.54165915202604,-0.15950275516877435,-0.9849754184780306,0.06619891303940326,13.8983999039293,0.9572751781162114,-0.17070483343669102,-0.23341827949825816,12.9695952993108,83.00593803541916,71.83131794135954,61.08990406635597,24.829098103214342,7.252697105521016,136784.0,364244.0278247195, 0.0, 0.0,0.0,NaN, 101.40852425949343,101.40852425949343,0.0, 176.96179696315573, 4.8001786175162815, 32.379980174772605, 4.8001786175162815, 192.51659063675228, 1.9103388055892263, 32.379980174772605, 1.9103388055892263, 299.60734032339764, 6.838589353117156, 4.939552743490185, 22.0, 0.0
22, 0 ,1.0,1.0,1.0,69.87516811638031,63.6838457069642,159.5908863015988,14.575922966222315,14.283076702832519,14.064993109000087,71.0,65.0,70.0,-0.8499628867105463,0.4889353759461121,0.19622764678584093,14.623585645026715,-0.5014904619072178,-0.6366995436789439,-0.5857653179346737,14.51991878207436,-0.16146333277484562,-0.5962850737922736,0.786367409638638,13.769914415746989,79.34752483674299,78.03270446885804,80.30124430860823,23.85588377275833,6.721952915118748,125657.0,497201.3714484948, 0.0, -7.105427357601002E-15,0.0,60.72936908215441, 169.27164716186638,169.27164716186638,0.0, 212.45753031724715, -3.298329549810754, 2.1900780897751817, -3.298329549810754, 204.00628009899705, 10.238730354087679, 2.1900780897751817, 10.238730354087679, 197.82403115621995, 7.009936608367893, 5.100044305159325, 29.0, 0.0
23, 0 ,1.0,1.0,1.0,65.61936547360328,42.019581319022485,34.73151638798953,14.612631726529102,13.319873473652164,16.527365417741148,77.0,69.0,76.0,-0.12242145403867645,-0.017010467272501276,0.9923324199048558,16.553660791253147,0.9106740251900111,0.39557709777205075,0.11912841626775864,14.856970726104816,0.3945704087172264,-0.9182752330981233,0.032936132792242445,13.013399948998956,79.16491532089834,80.53695161240918,62.09545852185326,24.741857918254283,7.2071013406117395,135282.0,395902.0741740835, 0.0, 0.0,0.0,NaN, 85.310166861831,85.310166861831,0.0, 213.52900597516486, 18.727563909909886, -7.142044223424127, 18.727563909909886, 177.41902935410255, 0.6543827936326662, -7.142044223424127, 0.6543827936326662, 273.15380765154606, 6.433316863672004, 4.935445166263496, 23.0, 0.0
24, 0 ,1.0,1.0,1.0,27.696029606983387,283.5370690695523,133.34830845971277,14.993086460886374,10.574541772585071,20.18036569128709,63.0,47.0,107.0,0.16834816773691258,-0.07033397798571729,0.9832151473407683,20.352224331347056,0.9852902106352178,-0.017703956822178433,-0.16996991127622085,14.810957290391585,-0.02936145851336927,-0.9973663827568796,-0.06631895129165305,10.501582912426066,104.36227992677766,65.61431315012057,50.46197135794864,25.79368375668307,8.862652707743496,124295.0,345546.3882818701, 0.0, 0.0,0.0,NaN, 137.18552955715955,137.18552955715955,0.0, 224.7926416236143, -5.501471953129016, 32.03941260891339, -5.501471953129016, 111.82093370014661, -20.68954769884595, 32.03941260891339, -20.68954769884595, 407.24715943407705, 6.748164152371595, 4.961050474412831, 18.0, 0.0
25, 0 ,1.0,1.0,1.0,281.5067587535436,104.2980418769086,168.22735680746035,11.803572678286336,13.103376702246235,15.006228925476124,49.0,65.0,73.0,0.10932610998205104,-0.10676605815386081,0.9882554378815624,15.041045171575298,0.48113491939959646,-0.864301738601373,-0.14660045697400534,13.654396563489529,-0.8698028460579651,-0.4915114581339176,0.04312186814754121,11.11459086831136,71.67462190348755,70.97950044663351,58.910315777321955,22.137709604313827,6.7920195090652795,91363.0,299702.04048473533, 0.0, 0.0,0.0,NaN, 169.06836192826077,169.06836192826077,NaN, 139.32432797158768, -27.358931305440652, 6.65858834726739, -27.358931305440652, 171.69848100096942, -2.865043024716177, 6.65858834726739, -2.865043024716177, 225.18690656379633, 6.822599801672565, 5.2184562074680425, 15.0, 0.0
26, 0 ,1.0,1.0,1.0,33.766793783331245,180.5618015652315,207.36387575513936,15.197193654536584,15.601620881547376,14.352069146631523,69.0,73.0,75.0,0.5909239073253767,-0.7675447595425664,0.2483625935000165,16.814663871378343,0.6382685085614375,0.2565371590358608,-0.725811268176906,14.701588563014134,-0.49337840115885556,-0.58742125270759,-0.6414935893190029,13.471359638549133,95.035019936413,76.01206850509652,67.31484712254459,24.96131561914576,7.568347273760595,135571.0,486269.5611708894, 0.0, 0.0,-2.8421709430404007E-14,75.61935996138142, 154.87779415674285,154.87779415674285,0.0, 230.95469497348702, -40.25037125722811, -1.1957107650271492, -40.25037125722811, 243.41057413153513, -25.755709060303893, -1.1957107650271492, -25.755709060303893, 205.98188878969248, 6.586184230565764, 4.930653464797567, 35.0, 0.0
27, 0 ,1.0,1.0,1.0,123.98645705237946,187.34632974063447,114.16995796461956,14.001696405487118,13.932091471088993,15.169570962161842,70.0,71.0,73.0,-0.17214950405868684,-0.3182861294776555,0.9322330652977728,15.299388989325132,-0.7373821466467526,-0.5858666243140488,-0.33619617535226176,14.419400836479781,-0.6531708184380066,0.7452880237176728,0.13384186058191924,13.352008621796518,75.13606874638681,68.21507965710595,66.0350143744152,23.940421997055196,6.864601428283075,124419.0,338456.71549415955, 0.0, 2.8421709430404007E-14,0.0,71.44069111890737, 202.7270831856227,202.7270831856227,3.814697265625E-6, 196.04750223143088, 15.86316853224163, -1.6055555890143594, 15.86316853224163, 194.10317275879066, -10.716703145785162, -1.6055555890143594, -10.716703145785162, 230.11588317606373, 6.326415227439457, 4.765243431720973, 31.0, 0.0
28, 0 ,1.0,1.0,1.0,31.815104628480228,14.026777797481824,71.35255586096825,17.551016123168417,8.976808818783178,14.203066835695303,73.0,36.0,72.0,0.995126508358648,-0.0029114687654798266,-0.09856346032659863,17.58107459760886,-0.09852310274671935,0.011732173683051142,-0.9950656030261672,14.166494348221438,0.004053466058168181,0.9999269370560522,0.011388150096346668,8.975779907008164,76.36053191493725,68.68903033548247,36.66251592807493,23.07210581884691,7.61749986201912,90224.0,192299.69491453556, 0.0, 0.0,0.0,NaN, 79.37341246156466,79.37341246156466,0.0, 308.03816695571766, -0.8009652950701254, -10.63820782859702, -0.8009652950701254, 80.58309656898345, -1.3367925935461755, -10.63820782859702, -1.3367925935461755, 201.72710753922777, 6.8400272675747775, 5.209575602581737, 16.0, 0.0
29, 0 ,1.0,1.0,1.0,234.94936958588158,273.83942823322633,95.31681223882204,13.411866724107881,13.288803240633907,14.636527544420051,69.0,60.0,71.0,-0.35299159953079057,-0.40942139149361617,0.8412913020162069,15.212624154144365,-0.832464664945059,-0.2730088670752473,-0.4821501219705337,13.214232938236902,-0.42708255908969706,0.8705402246224592,0.2444590048160925,12.831933344233038,76.63738872633918,70.15490747348298,63.85089828573848,22.979527744893048,6.529908404696924,111514.0,343293.6468528128, 0.0, 0.0,0.0,NaN, 118.32689773593152,118.32689773593152,0.0, 179.87816902523227, 11.912122350599663, -15.830597755435527, 11.912122350599663, 176.59229156828223, -21.686148466126472, -15.830597755435527, -21.686148466126472, 214.22793855856685, 6.127868014579824, 4.728128863069545, 24.0, 0.0
30, 0 ,1.0,1.0,1.0,134.25063818088992,24.280611082747516,249.67589050779563,15.180259520705022,13.833820219005329,14.343588189050836,75.0,60.0,71.0,-0.8960076924688599,-0.24817092705640592,-0.36821380473930293,15.590689308696366,0.15792844958866423,0.5969104931793286,-0.78661074741128,14.489516683071448,0.4150046021999639,-0.7629607159588072,-0.49564314386105934,13.211271561643487,80.31893525774424,78.78637602381039,63.72505846597665,24.08151717856511,6.901732643584592,127315.0,403254.581013392, 0.0, 0.0,2.8421709430404007E-14,68.39449990044945, 145.4142287491538,145.4142287491538,0.0, 230.44027911595546, 18.57688175273556, 18.211485951350202, 18.57688175273556, 191.37458185176067, -10.363082624054584, 18.211485951350202, -10.363082624054584, 205.73852213707866, 7.836309239682045, 5.231128222789222, 21.0, 0.0
31, 0 ,1.0,1.0,1.0,19.949705109953754,253.00565905935824,81.48544118557294,11.668258939164987,15.845722823566339,15.241107717047065,49.0,81.0,81.0,-0.18333731484818594,0.9260979344641456,0.3297423915202604,16.071074613061526,-0.014557532305600016,0.3328334233080138,-0.9428732632661934,15.1449054846443,-0.9829422705517494,-0.17766408784645257,-0.047539085521909594,11.483856562928967,84.03042172923591,78.80539963049604,53.54406290939405,23.75067676279583,7.445261326809681,113093.0,354571.5134854934, 0.0, 0.0,0.0,NaN, 96.15786987879288,96.15786987879288,NaN, 136.14826667140363, -21.933681229345474, -6.303297379470258, -21.933681229345474, 251.08693180129117, 8.00535238822243, -6.303297379470258, 8.00535238822243, 232.29136444263162, 6.812230818645657, 5.282352007015011, 17.0, 0.0
32, 0 ,1.0,1.0,1.0,165.38226449922593,11.443074907705133,219.27234428962726,16.638061746934977,7.72597938065128,13.909390974329503,85.0,32.0,73.0,0.9749433777633397,0.04114736103400088,0.21861451195048248,16.77346476036402,-0.22177456961096792,0.10308349012613491,0.9696338661253974,13.81075671850327,-0.017362327876178724,0.9938212559325506,-0.10962600433915051,7.609263575206981,83.98287100649077,73.96942246709028,35.37430960311707,21.663771141498927,7.788968692360085,67176.0,219751.02910731034, 0.0, 0.0,0.0,NaN, 157.38434824083427,157.38434824083427,0.0, 276.82509869482095, 5.927120987332377, 19.05993912984582, 5.927120987332377, 59.690757390248734, 15.287408368517625, 19.05993912984582, 15.287408368517625, 193.47115727675902, 6.833012270583338, 4.814174367232112, 18.0, 0.0
33, 0 ,1.0,1.0,1.0,58.85529222031343,111.65389334922693,158.0899975458402,13.925723925926626,12.574404628448589,15.013276944152285,71.0,63.0,73.0,0.5115112934191889,0.14838312883829552,0.8463679127783531,15.605439098343904,-0.8014704063779952,-0.27277901637470975,0.5321999585925742,13.403324198126983,-0.30984090176237267,0.9505651241770886,0.02060486091377476,12.420188976447673,75.28272935478685,65.26839424175635,61.699607618014156,23.129388929047813,6.5170001528003905,114092.0,303166.1344065307, 0.0, 1.4210854715202004E-14,0.0,81.4667618777151, 189.91836698676272,189.91836698676272,NaN, 193.9257868611253, 12.325892956523912, 27.81771604916921, 12.325892956523912, 158.1156517599493, 7.525302589928795, 27.81771604916921, 7.525302589928795, 225.39848460181454, 6.601637912689449, 4.938000264628815, 23.0, 0.0
34, 0 ,1.0,1.0,1.0,144.75617088607595,152.42060685033508,58.41448250186151,13.320467727080459,13.924903223650936,13.666903604838895,66.0,66.0,63.0,0.5353712557877718,0.6665651761203739,0.518718116571843,14.778747119905438,0.0643554166000925,-0.6445538529299095,0.7618455952668085,13.373249916569431,-0.842161504006478,0.3744879125643773,0.3879726852662729,12.683330187102168,75.17494843239149,66.21596466080759,64.09753211607776,22.728765422620295,6.4440101461553025,107440.0,319063.524227126, 0.0, 0.0,-7.105427357601002E-15,58.75369549025086, 214.8168477051613,214.8168477051613,2.6973983046972182E-6, 177.43486046819203, 19.789628049685405, 16.861887547480165, 19.789628049685405, 193.90292978804422, 11.068964405629668, 16.861887547480165, 11.068964405629668, 186.78425414395838, 6.2372391425594635, 4.742885464185402, 19.0, 0.0
35, 0 ,1.0,1.0,1.0,24.663570167929574,14.454424399987317,264.9441467719265,13.857645824920734,9.131595665067076,19.208268731068163,50.0,41.0,79.0,0.09270923090736816,0.07150371847877217,0.9931224580827246,19.28475166128457,0.9932167497065482,0.06366222141432565,-0.0973016426734597,13.82097360836994,-0.07018181108324713,0.9954066203357811,-0.06511661527424144,9.025354105156724,83.05218074019677,55.645433425407006,42.53002940994233,23.97578729704244,8.339040612128535,94623.0,196551.450409201, 0.0, 0.0,0.0,NaN, 45.2342229259171,45.2342229259171,0.0, 192.03434780894304, 8.853039391576916, 16.15342959256751, 8.853039391576916, 83.3860393902718, 19.946362226455822, 16.15342959256751, 19.946362226455822, 368.95758764493087, 6.2949616494393625, 4.820243437545596, 11.0, 0.0
36, 0 ,1.0,1.0,1.0,53.98234933798238,19.800395797012676,164.65353625783348,14.905109696350383,11.72954872837401,14.70341936495593,85.0,47.0,76.0,-0.7727058993507787,0.12497589696239825,0.6223396325857353,15.466955009676074,0.6115969489590366,-0.11587711848679312,0.7826376335413442,14.200252766050532,-0.169925763592523,-0.9853697369970531,-0.013104055778892537,11.621586533784022,78.37533383858029,68.82540290683193,51.5673992159839,22.990419170101333,6.883006308005676,106115.0,278165.5831536747, 0.0, 0.0,2.8421709430404007E-14,51.512811139216375, 147.0537825466449,147.0537825466449,0.0, 222.16229506023822, -14.778163866298996, -18.21971376892121, -14.778163866298996, 137.58231337130036, 2.0630594305910126, -18.21971376892121, 2.0630594305910126, 216.19054102176105, 6.500753258565467, 4.820316077667828, 22.0, 0.0
37, 0 ,1.0,1.0,1.0,128.6190484710766,93.01475245576053,209.46512730590993,14.403100505595665,12.617086291144725,14.439124978288236,69.0,63.0,69.0,0.6641495286404026,0.07873405327218294,0.743442232094777,15.35855356258101,-0.6356253272129194,0.5829668107858974,0.506093016082606,14.287684644555965,0.39355539255891314,0.8086721501186078,-0.4372224909703835,11.623484879938518,72.29106796867922,71.01113057640255,58.83954476516969,23.071754469009907,6.5439014748757725,111778.0,302051.0653455748, 0.0, 0.0,0.0,NaN, 182.73250115331606,182.73250115331606,0.0, 207.4493041742901, -20.310005644480974, 27.553928777937035, -20.310005644480974, 159.19086647819216, 26.26610786623986, 27.553928777937035, 26.26610786623986, 208.48833013862725, 6.6674155355423395, 4.8311764430344715, 27.0, 0.0
38, 0 ,1.0,1.0,1.0,281.2880361445783,254.3234578313253,242.90519277108433,11.011119746465328,13.859360339036417,13.187447921175425,45.0,73.0,69.0,0.1627827139444708,0.9664913725134856,-0.1984847976492684,13.946687615138694,-0.09415475181560332,0.21546632725505083,0.9719614933369334,13.190062544411592,0.9821591880909197,-0.1395302428730698,0.12607394882515377,10.897135604929192,78.0690837695434,69.44813196762823,50.719683299375845,21.163107503804788,6.273618615625377,83000.0,274989.54600189877, 0.0, 0.0,0.0,NaN, 75.47384386872294,75.47384386872294,0.0, 121.24475807099866, 10.79910956176503, -7.502258356365229, 10.79910956176503, 192.08186900725562, -2.967237473798697, -7.502258356365229, -2.967237473798697, 173.90878267371403, 6.621052750262869, 5.048756561558562, 16.0, 0.0
39, 0 ,1.0,1.0,1.0,133.84576997131518,278.42657864749106,54.42600888050611,13.430063354974747,12.349310278244927,14.809693570236016,59.0,52.0,72.0,-0.08493566659368425,-0.08279444334144798,0.9929405887020968,14.837134737018248,0.9869367380176463,-0.14391281804885594,0.07242220621000903,13.439821608850908,0.13690072202649167,0.9861207740196013,0.09393620896975065,12.305678267739733,72.70152068788914,62.71008629650886,56.77495534770793,22.546076793407916,6.623708246671976,101796.0,258843.75699657475, 0.0, 0.0,0.0,NaN, 146.090017081004,146.090017081004,0.0, 180.36660171863556, -3.6640409764075814, -3.7077651437783263, -3.6640409764075814, 152.5054643483658, -5.953043436157584, -3.7077651437783263, -5.953043436157584, 219.32702364429, 6.280893257029858, 4.662794907972018, 16.0, 0.0
40, 0 ,1.0,1.0,1.0,199.96152477620885,175.0283905764261,190.43357429117196,14.414123189207247,12.342632369235968,14.163529350208831,75.0,65.0,66.0,0.9010144302153267,0.2925259229219667,0.320314815396356,14.664336129786781,0.32665875791435295,0.028315272855117146,-0.9447181067392498,14.115370355443178,-0.2854243374724766,0.9558382863967062,-0.07004368520149452,12.100688012310977,75.09245704856934,68.26390091783128,62.28532477618842,22.764866971833808,6.517201586933747,106796.0,319281.0554437938, 0.0, 0.0,0.0,NaN, 193.9855699005148,193.9855699005148,0.0, 207.7669473136421, 18.573679322058286, 3.5038162174836955, 18.573679322058286, 152.3405738021115, 5.016502516472617, 3.5038162174836955, 5.016502516472617, 200.60556365422698, 6.70592440485836, 4.827632676751556, 34.0, 0.0
41, 0 ,1.0,1.0,1.0,104.78511931784537,216.10098099204546,276.1064386238478,13.877878353633932,14.178068761319052,12.483021277651291,72.0,67.0,54.0,-0.608475087322376,0.7709413084476567,-0.1881689853218153,14.503090732664411,0.7333809149275315,0.6368710100304371,0.23779770857362628,13.68806521546038,-0.3031674483319131,-0.006694438873100027,0.9529137855861312,12.31812451124985,72.11003737463334,64.11153225059115,57.080597179313116,22.497786507252183,6.579404524076826,101326.0,263888.4518535586, 0.0, 0.0,0.0,NaN, 136.34466948211858,136.34466948211858,0.0, 192.59550759826124, -10.850555048656764, 12.923074908286477, -10.850555048656764, 201.01763380069116, -3.1058670035253058, 12.923074908286477, -3.1058670035253058, 155.8258202182949, 5.507437078446909, 4.407325346012898, 21.0, 0.0
42, 0 ,1.0,1.0,1.0,175.484375158377,279.6230171199205,173.52994719077208,13.048951556708502,11.450679813134867,16.119415913965636,70.0,50.0,76.0,0.288558907630044,-0.03445013116002791,0.9568421736579196,16.390706723261882,0.8935104862141157,-0.3494172055581535,-0.2820401168013983,12.906590211200365,-0.3440534374959373,-0.9363337038273206,0.0700458937000667,11.224679797296348,79.16234422924506,71.82018088399599,55.74354647324725,22.657367719417014,6.918992870843922,98657.0,316927.36267858633, 0.0, 0.0,0.0,NaN, 178.64500138140937,178.64500138140937,0.0, 170.27513672932523, -14.089655261254993, 29.161624756424494, -14.089655261254993, 131.11806818293437, -0.7028107897138863, 29.161624756424494, -0.7028107897138863, 259.8355694074086, 6.616858247472067, 4.950634250239067, 27.0, 0.0
43, 0 ,1.0,1.0,1.0,240.0582895365504,93.82654440841304,186.74858444053635,13.624582120726116,12.27253740937193,13.453859411693058,66.0,61.0,69.0,0.7792707279355807,-0.37383685286244056,0.5029742936022237,14.2956945300141,0.4459787215963317,-0.23303962126421324,-0.864173312943841,13.156936343702359,-0.44027277052533215,-0.897740799096787,0.014877673575208313,11.822812247969347,70.43652466464383,66.62031454278896,59.60847897190328,21.910668309753028,6.096995958532871,98371.0,279712.9919409113, 0.0, 0.0,0.0,NaN, 158.81533998682323,158.81533998682323,0.0, 185.62923796440975, -22.279385241970047, 12.471496851896834, -22.279385241970047, 150.6151744644335, -5.433073809264296, 12.471496851896834, -5.433073809264296, 181.00633306960188, 6.772197261261054, 4.74799459659535, 19.0, 0.0
44, 0 ,1.0,1.0,1.0,118.51074079260607,169.72985109461794,271.8249544881669,14.475945177285483,12.11519561603221,14.42491901966312,69.0,58.0,63.0,-0.8158367430921382,-0.006580099925579087,-0.5782448537650664,14.53147548834084,0.5745067176173038,0.10485452666307302,-0.8117558497792647,14.392407289225543,0.0659730250436148,-0.9944658015855714,-0.08176386392143084,12.08735185502336,72.16989961139069,75.90718362135593,57.971044069995,22.822879387004974,6.597379692008249,107115.0,317577.7748847515, 0.0, 0.0,0.0,NaN, 178.35061134920886,178.35061134920886,NaN, 209.55298877577485, 4.026124317935125, 2.2268252799455204, 4.026124317935125, 146.77796481472606, -4.947722466283389, 2.2268252799455204, -4.947722466283389, 208.07828872383882, 6.107296417028871, 4.55340047417152, 18.0, 0.0
45, 0 ,1.0,1.0,1.0,91.9001329551498,267.9259085268569,40.78574720794185,12.252978031628638,15.225181975542412,14.734763983398262,63.0,65.0,72.0,-0.2666989637304546,-0.6927585264420821,0.6700427499696535,16.422587941934513,0.3626444220696569,-0.7162630969450869,-0.596201475255133,14.061811257764534,-0.8929505506392087,-0.08398095019959621,-0.4422516411690375,11.472531364909827,84.04125684966786,65.80293107309063,58.516888783382825,23.466654559357266,6.954928487783965,112820.0,323607.81805055187, 1.4210854715202004E-14, 0.0,0.0,74.53207002635598, 105.53605524327644,105.53605524327644,0.0, 150.135470643574, 8.3383904571184, -38.970076105372996, 8.3383904571184, 231.80616618838155, -35.860999282828125, -38.970076105372996, -35.860999282828125, 217.1132696464506, 6.796741323831856, 4.633850132395517, 17.0, 0.0
46, 0 ,1.0,1.0,1.0,51.55637765564761,187.16113526371913,47.18608809777705,15.806725780700132,11.593717895239084,15.588434221611264,74.0,59.0,80.0,-0.9708551584377286,-0.2016599565407334,0.1295126374638487,15.996111865833992,-0.10755913059873237,-0.11629947102830158,-0.9873730128291849,15.612893921764417,0.21417585008515225,-0.972526449494576,0.0912195717693064,11.297260932880809,74.58668897979103,80.66708541376666,58.72359848591367,24.02734175880185,7.06774391357943,121910.0,353321.7353792517, 0.0, 0.0,0.0,NaN, 132.7297870936122,132.7297870936122,0.0, 249.85257990625018, 26.561360982137593, -3.792002161397828, 26.561360982137593, 134.41429463438698, 9.986313554320976, -3.792002161397828, 9.986313554320976, 242.99928148150119, 6.558519779820554, 4.739640448855057, 27.0, 0.0
47, 0 ,1.0,1.0,1.0,278.84270048691167,235.47283490781973,48.1019081110325,11.885100589079842,13.527684682183292,14.021009726205666,50.0,60.0,66.0,0.11230413067594965,0.5607115818150792,0.8203598626526964,14.45543498095191,-0.04525745814477061,-0.8218395825552574,0.5679185355556509,13.097975265807841,-0.9926427074810925,0.10090699957798988,0.06691959892866946,11.845928670359044,66.52322166802392,64.85084578995645,54.902734729059745,21.944130735732028,6.2687884689518425,96116.0,236855.18458204594, -5.6843418860808015E-14, 0.0,0.0,83.55184428088516, 83.21766592161924,83.21766592161924,0.0, 141.255616012546, 5.483486526398561, 5.520483048927304, 5.483486526398561, 182.99825286057649, 16.993774003057737, 5.520483048927304, 16.993774003057737, 196.5887137423539, 6.302833435854266, 4.587833520359589, 12.0, 0.0
48, 0 ,1.0,1.0,1.0,187.38479629245347,66.99137672638399,61.80836273085703,11.894439691406456,12.753664692296942,13.469969559522903,58.0,63.0,73.0,0.10234678879887393,0.3707563641014497,0.9230735904037296,13.604776340692515,-0.2167804209113236,-0.8973308064963493,0.38445243245702165,12.666334744139485,-0.9708405553601827,0.23945175336773933,0.011466205869740865,11.834177768635163,69.30755206617027,63.546481026069245,57.34055332137177,21.183682412233903,6.068388422646361,86742.0,252542.19173378582, 0.0, 0.0,0.0,NaN, 144.88030357939516,144.88030357939516,0.0, 141.47769557250533, 5.675161140240612, 2.5561027964475342, 5.675161140240612, 162.65596308354165, 8.381460599509383, 2.5561027964475342, 8.381460599509383, 181.44007993447366, 6.014993860972343, 4.541083328307919, 30.0, 0.0
49, 0 ,1.0,1.0,1.0,230.36736175951862,242.49500293944737,286.26600269737526,18.03801882383214,15.223767183919204,7.910702736257429,91.0,77.0,32.0,-0.9628353341728098,-0.2699290061802948,0.009297897119887334,18.261393592037418,-0.2673894381121969,0.9575015682947449,0.10813711249681666,15.020237411350928,-0.038092094381607766,0.10163207336084357,-0.9940925077727923,7.786295674059476,96.26504150461497,79.6259208413403,35.71123059585267,23.586475716538963,7.9618208604317315,86751.0,273733.45959440136, 0.0, 0.0,0.0,NaN, 91.34632820848586,91.34632820848586,0.0, 325.3701230889226, 28.674064291163752, -7.213049301594842, 28.674064291163752, 231.76308727017525, 16.397589793424167, -7.213049301594842, 16.397589793424167, 62.57921778143077, 6.840481169471051, 5.1812799646255066, 19.0, 0.0
