// Sample: .//bubblelabels.tif, Map: .//bubblelabels.tif, Thickness:(8.191250068658265):/gpfs/home/mader/Foam/NewValid/InSilicoTest/LatticeData_OldFoam/out_Step_03500.vtk/distmap.tif, Neighbors:(1.0):
//LACUNA_NUMBER, TRIANGLES, SCALE_X, SCALE_Y, SCALE_Z, POS_X, POS_Y, POS_Z , STD_X, STD_Y, STD_Z,PROJ_X, PROJ_Y, PROJ_Z, PCA1_X, PCA1_Y, PCA1_Z, PCA1_S, PCA2_X, PCA2_Y, PCA2_Z, PCA2_S, PCA3_X, PCA3_Y, PCA3_Z, PCA3_S,PROJ_PCA1, PROJ_PCA2, PROJ_PCA3,OBJ_RADIUS, OBJ_RADIUS_STD, VOLUME, VOLUME_BOX, Mask_Grad_X,Mask_Grad_Y,Mask_Grad_Z,Mask_Angle, Mask_Distance_Mean,Mask_Distance_COV, Mask_Distance_STD, SHAPET_XX, SHAPET_XY, SHAPET_XZ, SHAPET_YX, SHAPET_YY, SHAPET_YZ, SHAPET_ZX, SHAPET_ZY, SHAPET_ZZ, Thickness, Thickness_STD, Neighbors, Neighbors_STD
1, 0 ,1.0,1.0,1.0,79.93561468165487,138.2238467137262,39.87942049747565,15.72740039908684,15.625607876109775,16.44387288856559,85.0,83.0,80.0,0.10600303377329184,-0.43478573986881436,0.8942732900168641,16.703151325297465,0.9916299451271356,0.11288971304192033,-0.06265751843527965,15.717919610869489,-0.07371165957983086,0.8934300605509317,0.44311321143241317,15.357846180272192,91.02191924844107,83.94987619668078,81.90492397694544,26.56172221114477,7.509102047811378,173114.0,625858.3634671463, -1.4210854715202004E-14, 0.0,0.0,83.9150413057364, 164.5779525759394,164.5779525759394,0.0, 247.3511233131969, -0.7352727366290748, 3.393469164047236, -0.7352727366290748, 244.15962149794385, -16.849546678476205, 3.393469164047236, -16.849546678476205, 270.4009555753025, 6.824424592463152, 5.502180659470605, 55.0, 0.0
2, 0 ,1.0,1.0,1.0,58.27995723029275,259.77738858982866,12.868606051667772,15.051576583575907,15.664972171669953,8.148583216859356,86.0,72.0,33.0,-0.48370556786581215,-0.8751067366100298,0.014735099434904876,15.917746255384428,0.8705118666724444,-0.4827753219110905,-0.09558806691266007,14.833225696616866,0.09076350366787721,-0.03340940127250032,0.9953119100606321,8.058628221660726,73.52710923855665,69.0679702220825,36.547101380586945,22.11159894105295,7.029787443628365,81366.0,185599.63713920594, 0.0, 0.0,1.7763568394002505E-15,89.15571043732562, 71.97230651529391,71.97230651529391,0.0, 226.54995765125057, 14.587147768260618, -14.24759699691421, 14.587147768260618, 245.39135313919408, 4.7269014258274415, -14.24759699691421, 4.7269014258274415, 66.39940844208196, 8.067954547051846, 5.614005877590217, 26.0, 0.0
3, 0 ,1.0,1.0,1.0,76.99084137390281,15.511325768300917,260.07862696839675,15.365913952151088,9.206750655402612,15.482783917641086,72.0,39.0,78.0,-0.6913953552765629,0.1317912323324435,0.7103545127485934,16.06164911295237,0.7080350378273816,-0.07200481891837524,0.7024967553386354,14.88809535120796,-0.14373186115393477,-0.9886588780427898,0.04352901281212424,8.997789264134253,77.7271272428579,79.63135606525938,40.4787897295402,22.595925880089116,7.0722203498988465,91826.0,250544.13876898904, 0.0, 0.0,0.0,NaN, 88.10168504222969,88.10168504222969,0.0, 236.11131158491145, -23.30261554493139, -16.958376437170063, -23.30261554493139, 84.76425763075643, 9.455200356683715, -16.958376437170063, 9.455200356683715, 239.71659784036544, 6.942301451427367, 5.337646224659433, 30.0, 0.0
4, 0 ,1.0,1.0,1.0,155.16664536592734,177.551801461618,13.859879863830182,15.971312978338709,14.79719970835045,8.660131382096022,76.0,65.0,38.0,-0.8254672332768883,-0.5626439487318887,0.045117997978498935,16.961398149307122,-0.5597035779266978,0.8262510049842751,0.06357028880324703,13.68367328529411,0.07304622948689866,-0.027222485519573684,0.9969569622806613,8.608477871147164,79.73057115123191,64.02253442108469,39.91967896092236,22.321596887564322,7.126299559036324,86069.0,203772.12641776146, 0.0, 0.0,0.0,NaN, 190.16402974719978,190.16402974719978,0.0, 255.08283825205046, 46.87658171508933, -11.980042255480043, 46.87658171508933, 218.95711920880663, 0.5206372285853716, -11.980042255480043, 0.5206372285853716, 74.99787555516437, 8.355100527917338, 5.537929519177199, 23.0, 0.0
5, 0 ,1.0,1.0,1.0,281.65229253356364,287.81377090366647,149.35549972521002,10.166336018805714,7.25750452665533,17.125996049747283,43.0,31.0,84.0,-0.0699167454126813,0.003942061540299983,0.9975450410190565,17.15328029727265,0.9755668718485438,-0.2085200015335084,0.0692003432947649,10.23681269913003,-0.20828088549491494,-0.9780101579795983,-0.010733295215165313,7.092118266341626,83.61162764014479,47.84636865922437,33.37179486731105,19.86404166554753,7.3990100288502285,50948.0,133504.2911997294, 0.0, 0.0,0.0,NaN, 150.97088410362264,150.97088410362264,0.0, 103.35438804726643, -11.152725297196138, -13.334523874693645, -11.152725297196138, 52.67137195442261, 0.17292104484545287, -13.334523874693645, 0.17292104484545287, 293.29974069595954, 7.1288563556488915, 5.426815500371117, 16.0, 0.0
6, 0 ,1.0,1.0,1.0,16.952919900841223,163.82968261063925,12.794123623359207,10.329764062672723,14.571180717665218,8.07663096494891,41.0,76.0,36.0,-0.10224480352626938,0.9914738794559201,0.08078085483888836,14.64510437363414,0.9932582541672402,0.09729396662059504,0.06302320674066147,10.280608289885986,0.05462637348863819,0.08668004623820597,-0.9947374170622225,8.005330219085584,75.70791627555894,47.01458637308029,37.63443874196041,18.58116442935247,6.244648051786551,49214.0,133955.13191356347, 0.0, 2.8421709430404007E-14,0.0,7.487251449007145, 137.81671317504774,137.81671317504774,0.0, 106.70402559048487, -11.225192534464796, 1.3622746461438933, -11.225192534464796, 212.31930750685865, 12.300470276973929, 1.3622746461438933, 12.300470276973929, 65.23196774397157, 7.472042469475446, 5.245067036457272, 17.0, 0.0
7, 0 ,1.0,1.0,1.0,171.83868843367648,99.36449343177013,11.144223770406573,13.67553475388955,14.588456256406062,6.966847335773336,65.0,68.0,29.0,-0.08253517040730896,-0.995296611649623,-0.050720809187314114,14.611577659418355,0.9950281059824724,-0.07945257657070905,-0.06005294648233055,13.68486662819556,0.055740595177756355,-0.055425110870931715,0.9969057343270596,6.899745808446277,69.86502088665178,66.90891525770937,30.69364985686611,20.1252171730827,6.584519897924098,57702.0,143480.31345974928, 0.0, 0.0,0.0,NaN, 162.5509706547378,162.5509706547378,0.0, 187.02025080484094, 2.5856071689528215, -7.651373698399656, 2.5856071689528215, 212.82305594507318, 9.040998330401141, -7.651373698399656, 9.040998330401141, 48.536961799972026, 6.380500065838149, 4.8407916338274415, 26.0, 0.0
8, 0 ,1.0,1.0,1.0,280.2076996907326,206.4096406100032,210.28438733070277,11.931484237149569,13.526921830721772,14.553660547493608,50.0,72.0,71.0,-0.19148824739583986,0.35915359861075546,0.9134226533835331,14.890166817560704,-0.22296650809832955,-0.9222305632490252,0.3158745391382836,13.349344847120657,0.9558337655553435,-0.14317639754627892,0.25667553800462317,11.714302793821977,80.86291837720003,66.57465922415713,56.67602300653084,22.209078885789797,6.625992808043376,93770.0,305110.90575923753, 0.0, 2.8421709430404007E-14,-2.8421709430404007E-14,66.16309726264443, 131.14793814204,131.14793814204,0.0, 142.36031610134864, 2.615760258926947, -17.664708623789764, 2.615760258926947, 182.97761421445728, 15.780538699510142, -17.664708623789764, 15.780538699510142, 211.80903533167196, 7.2514190820154125, 5.14822170082006, 38.0, 0.0
9, 0 ,1.0,1.0,1.0,189.7484312880203,114.26414714757867,234.91881975379604,13.17479504445865,13.411109200401377,13.649745205456876,64.0,71.0,70.0,0.5978651803262598,-0.2398788286990929,0.7648629770719721,14.366055951707311,-0.0925224983249112,-0.9684475842450927,-0.23140627449047632,13.354827674802223,0.7962391685022571,0.06758272051194833,-0.6011952781177164,12.45044709202152,69.89483075824003,68.46983722266606,72.97303267753165,22.379129183411088,6.238845695701122,104385.0,349226.1438017149, 0.0, 0.0,0.0,NaN, 171.60205053860741,171.60205053860741,2.6973983046972182E-6, 173.5752244634922, -5.276088479231549, 23.990364580492354, -5.276088479231549, 179.85784998509047, -4.194957293398467, 23.990364580492354, -4.194957293398467, 186.315544173893, 6.3403804863544755, 4.824669288657552, 39.0, 0.0
10, 0 ,1.0,1.0,1.0,121.95461080910738,186.89169227133064,114.82581934924762,12.933918141457374,13.473492052907059,13.92397785577961,66.0,72.0,67.0,-0.11375060441444906,-0.5586138708452074,0.8215907395380512,14.360034105276563,0.5754826398334446,-0.7111465534275832,-0.4038444140983002,13.141774755192202,-0.8098645141291705,-0.4268736614589886,-0.4023659353212185,12.797717089270165,75.14541679385918,69.67666432159321,67.94305338703151,22.378068647434034,6.474598792871451,101544.0,355741.80898039683, 0.0, 0.0,0.0,NaN, 202.11725597798488,202.11725597798488,0.0, 167.28623848992015, -0.9563951619143689, -6.039409503459769, -0.9563951619143689, 181.53498809974968, -16.909779394124783, -6.039409503459769, -16.909779394124783, 193.87715932824094, 6.1457829487835145, 4.68367110647087, 38.0, 0.0
11, 0 ,1.0,1.0,1.0,260.5206863327137,141.29299555226814,127.02831171106288,13.214426203055783,13.534770419393638,13.21826332358477,69.0,69.0,64.0,-0.2912358260680731,-0.9364934550076396,0.19535020435694764,13.584701885292754,-0.42601850095792976,-0.05587536765589841,-0.9029873643251477,13.209119647222577,-0.8565570211351989,0.3462050722002385,0.3826906290031441,13.172265875938301,69.75724972117195,65.13499066727246,72.31292910849831,22.235544063580353,6.173664687195668,102749.0,328563.7588176311, 0.0, 0.0,0.0,NaN, 194.05802940341374,194.05802940341374,0.0, 174.62105987600728, 3.032980739020875, -0.25382900604249053, 3.032980739020875, 183.19001030569302, -1.9698325439813307, -0.25382900604249053, -1.9698325439813307, 174.7224852916263, 6.221036157493382, 4.667210860183286, 38.0, 0.0
12, 0 ,1.0,1.0,1.0,23.852130504183737,132.75518773447746,192.54344886484947,13.119848192923115,13.406187283981726,13.069686071024494,62.0,66.0,64.0,-0.09454364634713715,-0.8622286064211167,0.4976176536302623,13.55491114877526,-0.893030618149713,0.29435730533795634,0.34036758341727985,13.178193092953588,-0.4399520587320048,-0.41220820838901007,-0.7978261583541829,12.855838309784069,67.41188927372512,64.77467223099018,64.4113910747352,22.000339081140194,6.217559682745876,98357.0,281257.68734587816, 0.0, 0.0,0.0,NaN, 172.4522379729129,172.4522379729129,2.6973983046972182E-6, 172.13041660534793, -0.7009826406840352, -3.419503235251495, -0.7009826406840352, 179.72585749319333, -7.080942838672197, -3.419503235251495, -7.080942838672197, 170.8166939951317, 6.2486528006468935, 4.717753487878947, 39.0, 0.0
13, 0 ,1.0,1.0,1.0,46.82658917345645,248.86663442851798,213.86448116349302,13.469808331188506,14.375321940407085,13.21545541304758,66.0,71.0,65.0,0.017114247967235197,0.8584784194896152,0.5125640504240687,15.009645207364455,-0.8393054121359425,-0.26626930955176614,0.4739905905713122,14.133434366620014,-0.5433907688540829,0.4383097740884147,-0.715968584689811,11.734157954324573,72.1094469892194,66.64327604429495,63.70978461623676,22.829380167663007,6.446183390479958,109601.0,306164.3641038167, 0.0, 0.0,0.0,NaN, 110.57431045916923,110.57431045916923,1.3486991523486091E-6, 181.4357364789553, 15.15705380378289, -23.921849901065347, 15.15705380378289, 206.64988089034932, 30.712777448808026, -23.921849901065347, 30.712777448808026, 174.6482617742486, 6.962426432683223, 4.927584343087189, 41.0, 0.0
14, 0 ,1.0,1.0,1.0,261.24883021744193,280.3970908936927,26.317990302978977,14.643109592111829,10.858080764988218,14.040832259569596,75.0,50.0,66.0,0.8582241657884853,-0.05000754667787659,0.5108331689817321,14.965074432112864,0.5126038273871576,0.032624343659117865,-0.858005226294601,13.709601527350623,-0.02624113954645282,-0.9982158571551909,-0.05363305994656474,10.842366908086175,78.31123775812563,70.99063777344284,51.88370826724588,22.066930761776213,6.520284788409646,94462.0,288440.45693488786, 0.0, 0.0,0.0,NaN, 50.77956103132917,50.77956103132917,NaN, 214.42065852659746, -3.3890307367644557, 15.683784356974089, -3.3890307367644557, 117.89791789900711, -4.688475961388797, 15.683784356974089, -4.688475961388797, 197.14497054137024, 6.44556062030583, 4.797047185391068, 31.0, 0.0
15, 0 ,1.0,1.0,1.0,136.54493199140944,23.169916199941046,251.10910851897083,14.061045025963997,12.355395762340722,12.904636276184474,67.0,56.0,66.0,-0.9136827562512142,-0.2598747890362396,0.312488263703702,14.192856064751963,-0.40538779294985405,0.5277467788366889,-0.7464208429262581,13.38320352446303,0.029061284493814968,-0.808670780633794,-0.5875431986609156,11.676948626884682,65.8916901179507,67.92863743143829,66.37899629829778,21.859955482290832,6.248261790220253,94988.0,297107.92196787277, 0.0, -3.552713678800501E-15,0.0,74.93736729850424, 146.8730156940365,146.8730156940365,0.0, 197.71298722218685, 6.306278663185378, -5.644604320113765, 6.306278663185378, 152.6558044440671, -22.12917433250711, -5.644604320113765, -22.12917433250711, 166.5296374206163, 6.841769818107221, 4.7607345592028345, 29.0, 0.0
16, 0 ,1.0,1.0,1.0,238.53379018442004,243.22025597097652,9.9586616950519,13.544118064608298,13.566044006634138,6.964782654389679,61.0,66.0,30.0,-0.7012487692921253,0.704371168814948,-0.1100518973418615,14.238195858477637,0.7072763874967901,0.7067412297205283,0.016641691699042793,12.910415513466969,-0.08950014109357732,0.06616714256622662,0.9937865132858518,6.8252349062967745,71.09827171074357,64.35845695840902,33.020273065881035,19.291806180481355,6.619297232757388,49615.0,151093.34195977665, 0.0, 0.0,0.0,NaN, 84.26867284970625,84.26867284970625,NaN, 183.44313414804884, -17.094029207605317, 13.463646148710023, -17.094029207605317, 184.03754998993404, -10.691267862612527, 13.463646148710023, -10.691267862612527, 48.50819742288734, 5.829589761238743, 4.495962307636651, 15.0, 0.0
17, 0 ,1.0,1.0,1.0,144.48410327298672,152.16046107197005,58.926681084455545,12.444303514054203,12.055887576526805,14.146169705466217,63.0,67.0,69.0,0.2901088166279537,0.147312443010371,0.9455876049573855,14.30830938055937,-0.7320218204238556,-0.6022912852251271,0.3184168057204427,12.742851611088806,-0.6164259314289702,0.7845662826531493,0.06689408931845371,11.541717724479904,72.78837397438639,67.5698717682931,62.50252196490243,21.49294247073466,6.194566691325119,89704.0,307406.22226223355, 0.0, 0.0,7.105427357601002E-15,18.987847984137186, 214.95241127440437,214.95241127440437,3.814697265625E-6, 154.8606899499018, 15.916712939095262, 12.81968415261783, 15.916712939095262, 145.34442525785335, 4.367991978845443, 12.81968415261783, 4.367991978845443, 200.11411733585018, 5.483681782271122, 4.42601654587394, 35.0, 0.0
18, 0 ,1.0,1.0,1.0,32.98487577183182,11.67945089679506,73.60210232284622,13.457709354147877,7.426078496297471,13.402890464106093,66.0,31.0,66.0,-0.9020623352600904,-0.035634390252419594,-0.4301322279676914,13.49882199698895,0.42554016845466436,0.09306171311744013,-0.9001417013910769,13.408296908414846,0.07210484267154121,-0.9950224659689774,-0.06878360182722881,7.341214776596392,67.33743603294468,72.38120510543419,33.29297739912305,19.38146577493818,6.34451259763875,54416.0,162268.79889093558, 0.0, 0.0,0.0,NaN, 81.4965095527198,81.4965095527198,0.0, 181.10994106071925, 9.11032027506726, 1.5694562300004102, 9.11032027506726, 55.14664183317171, -8.5786630620148, 1.5694562300004102, -8.5786630620148, 179.63747279282606, 6.325708317327494, 4.6601322192955585, 28.0, 0.0
19, 0 ,1.0,1.0,1.0,218.9625208880401,29.894466459775604,269.50370016710434,12.479412081353505,13.962566208563787,14.07770876728298,60.0,65.0,62.0,-0.1744513420284624,-0.6695891770467552,0.721953643419242,14.67214555847161,-0.0757071287671149,-0.7219052948861436,-0.687838044796295,13.412187195174509,-0.9817510682032934,0.17465130745917545,-0.07524467346259543,12.398074226016476,66.72295605558071,65.08338730504269,56.25963512177131,22.535566985216406,6.404614415858082,104725.0,244310.61555530006, 0.0, 3.552713678800501E-15,0.0,47.9646347939867, 91.60118148383161,91.60118148383161,0.0, 155.73572589623183, 8.621349065214881, -6.390154947186421, 8.621349065214881, 194.95325512852733, -16.76161476011638, -6.390154947186421, -16.76161476011638, 198.18188413643605, 6.266314275909592, 4.63582934463196, 37.0, 0.0
20, 0 ,1.0,1.0,1.0,162.0570103171183,256.5099495551218,281.8614033308829,15.105216912763183,13.012763235249443,9.851815606643578,75.0,68.0,43.0,-0.9367166832317639,0.3500709694625157,-0.0034887956171026436,15.417477103207911,0.3481585404579172,0.9304619872342389,-0.11413203326991023,12.674458922732194,-0.03670811983058213,-0.10812403364509404,-0.9934594643400495,9.8090441192619,78.6624321007169,63.39071761019434,45.38314936207223,21.245126141381252,6.5728586613736555,78898.0,226301.62293303397, 0.0, 0.0,0.0,NaN, 145.76920655431502,145.76920655431502,0.0, 228.16757798162692, -25.523926501292195, -2.097614542602345, -25.523926501292195, 169.33200701665953, -7.014394555181818, -2.097614542602345, -7.014394555181818, 97.05827074730598, 6.631784641889493, 4.881725068460394, 31.0, 0.0
21, 0 ,1.0,1.0,1.0,41.264270139186074,85.90308940107191,39.712600110044626,12.60113774349178,12.747828654670023,14.297523004186077,59.0,60.0,70.0,-0.12618313184544744,-0.05023378660230973,0.9907342650384451,14.32770720227184,0.06573358177583816,-0.996945447072703,-0.04217667350475554,12.744202089476948,0.9898267088054318,0.059802527075376054,0.12909974551022643,12.57048492791937,69.1679968653277,59.80798134520333,58.119752566862545,22.054952816242672,6.268494888550579,98142.0,240429.69165095364, 0.0, 0.0,0.0,NaN, 103.24326305511946,103.24326305511946,0.0, 158.7886724304531, 0.011416858162650048, -5.921114267633905, 0.011416858162650048, 162.50713540882612, -2.1674457454847746, -5.921114267633905, -2.1674457454847746, 204.41916405523006, 5.939994221243278, 4.450359284365195, 35.0, 0.0
22, 0 ,1.0,1.0,1.0,191.1068083709893,282.4346931562871,60.395930628833966,14.22969472956453,9.802138805167074,13.683916478554595,67.0,42.0,71.0,0.9852125796385559,0.1289303021450563,-0.11284126067501565,14.30175918490031,-0.11285557168702254,-0.0072184398162467335,-0.9935851820884883,13.675955751017911,-0.12891777558249157,0.9916273853194072,0.0074388052440307675,9.707915634045053,68.8946305185388,69.90350669724177,45.2580478997248,21.082147044058384,6.431079493918474,79226.0,217961.68452407914, 0.0, 0.0,-7.105427357601002E-15,83.52087212371922, 125.75347161883506,125.75347161883506,0.0, 202.48421209659656, 14.085888805587885, -1.8574882611919308, 14.085888805587885, 96.08192515576218, -0.9391797506679165, -1.8574882611919308, -0.9391797506679165, 187.24957019205797, 6.066608317665639, 4.6457420375691365, 34.0, 0.0
23, 0 ,1.0,1.0,1.0,32.93371458853143,288.7706507098854,207.89041489103315,13.249555841799465,6.58621194894442,12.635944618642249,68.0,27.0,65.0,0.8169241898845785,-0.009413158216067096,0.5766682412217835,13.825863589863376,0.5758529839153389,0.06890283141599866,-0.8146445487073855,12.023276653336925,0.032065696581025836,-0.9975789654334428,-0.06170898498205779,6.548460029548027,63.435329477300286,70.23853527788354,29.108980990154862,18.466206693583665,6.131494483127876,45289.0,129698.11039733794, 0.0, 0.0,0.0,NaN, 98.46270111582484,98.46270111582484,0.0, 175.55073000496233, 2.89413529623253, 22.151980072487518, 2.89413529623253, 43.378187836418256, -6.512116861198959, 22.151980072487518, -6.512116861198959, 159.667096405394, 5.805877936218961, 4.51032748458516, 23.0, 0.0
24, 0 ,1.0,1.0,1.0,281.82074652777777,105.70776909722223,168.75104166666668,10.380356890054399,12.068911549254308,13.004139256552492,43.0,61.0,65.0,0.09209193952447493,-0.3881085623672995,0.9170009915435254,13.17842114710687,0.2938539011781892,-0.869307822014332,-0.39743401382752513,12.053819198252748,-0.9514036784861509,-0.3060647879157064,-0.03399097175919265,10.176086269178013,65.19630862729818,58.84094581431197,49.37761515293482,19.7463549543098,5.709600596438837,69120.0,189423.02265436243, 0.0, 0.0,0.0,NaN, 169.50193735737662,169.50193735737662,0.0, 107.75180916489983, -13.169064538273064, 1.0464323820890824, -13.169064538273064, 145.65862598372402, -10.533242323133527, 1.0464323820890824, -10.533242323133527, 169.10763780380958, 6.299554929083334, 4.632356619792989, 24.0, 0.0
25, 0 ,1.0,1.0,1.0,278.0772170394515,206.70034843205576,11.357401371248736,12.11246775030311,12.33139465946509,7.274094966621151,48.0,64.0,29.0,-0.6101943769031039,0.7915284131007411,-0.03384661947749841,12.670921749234342,-0.7920668456651969,-0.6085720484618611,0.04764634119130747,11.770374036012488,0.01711532628428175,0.055882314600914945,0.9982906553309144,7.252148916713127,63.471900353412565,61.77853000409095,30.46028151552922,17.858359178944806,5.724214729447854,44485.0,119440.87721307341, 0.0, 0.0,0.0,NaN, 96.51126339108176,96.51126339108176,0.0, 146.7118750021329, -10.712997569160532, -1.0139299474033763, -10.712997569160532, 152.06329424748412, -5.384440591688263, -1.0139299474033763, -5.384440591688263, 52.91245758342316, 6.547453746951617, 4.70917729957301, 15.0, 0.0
26, 0 ,1.0,1.0,1.0,91.98075431059439,265.5810530703938,40.66880507660062,11.998056366513532,12.847726269717363,13.250268160750647,63.0,62.0,66.0,-0.357147054560112,-0.4751220875184131,0.8041796959456148,13.787854138681533,0.14869785155707096,-0.8789030252264861,-0.4532310902729888,12.562326982604581,-0.9221360693310656,0.0422903558731345,-0.3845472603449099,11.69059674439211,71.8311635776357,63.087121233850155,58.86361960854384,21.166570769221924,6.046760709582129,86357.0,266747.6338842254, 0.0, 0.0,0.0,NaN, 106.29710615838755,106.29710615838755,1.3486991523486091E-6, 143.9533565740359, 6.304210546950361, -16.771905531255797, 6.304210546950361, 165.06407030158562, -11.994746240995635, -16.771905531255797, -11.994746240995635, 175.56960633180233, 5.832794159938966, 4.357541288009369, 35.0, 0.0
27, 0 ,1.0,1.0,1.0,53.39477520555135,188.96019592979184,48.966563648026124,13.602483051073243,11.43921515938444,12.922200055599594,71.0,59.0,68.0,-0.9072150355714341,0.04218154563991255,0.4185470062496563,13.765167853210219,0.4118245766584634,0.2919873255581961,0.8632171915418789,12.880979627740825,-0.08579858561304574,0.9554915587909706,-0.28226668911864355,11.290126690920586,67.81161960708414,66.78459900534405,60.39405404721893,21.121082517073724,6.063523414760725,85745.0,273510.8902676493, 0.0, 0.0,0.0,NaN, 132.58417877973892,132.58417877973892,0.0, 185.02754515473484, 2.2507477727742464, -9.877347711069927, 2.2507477727742464, 130.85564346269078, 10.786773359737829, -9.877347711069927, 10.786773359737829, 166.98325427693814, 6.046862914116433, 4.3413502374820725, 31.0, 0.0
28, 0 ,1.0,1.0,1.0,69.16679711084774,62.47720208412532,161.723529148684,13.443318015483118,12.906846041388985,11.973813972109177,64.0,61.0,59.0,-0.8995567775405359,0.42145749479743977,-0.1147657791327766,13.661347076091728,-0.3479830506906445,-0.8502688753399441,-0.39490585721179117,12.865449753962555,-0.26401780321205526,-0.31530369440780953,0.9115251943198646,11.769855297964938,70.98750896236943,63.868305309670944,64.99168694524519,21.323018243073587,6.00088227228262,89438.0,294662.6830537467, 0.0, 0.0,0.0,NaN, 166.7567959452587,166.7567959452587,0.0, 180.72279926541296, -10.251144934937946, 8.675086564546676, -10.251144934937946, 166.58667473611848, 6.736015742012995, 8.675086564546676, 6.736015742012995, 143.37222103867694, 6.235799522776265, 4.389604007861464, 38.0, 0.0
29, 0 ,1.0,1.0,1.0,124.6892765776009,168.92918561682774,274.1278306803108,13.095352792859199,11.823868280086563,12.947409570097085,66.0,58.0,61.0,0.8015803924016769,-0.15341501365746646,0.5778691098351368,13.384808013268131,-0.5404183099216153,0.2275509533872552,0.8100423531606334,12.736868891436094,0.25576732554929477,0.9616051150014909,-0.09949210011016214,11.7280273592981,74.52724444490059,66.8268270951379,63.17676148360607,21.025029146557078,6.0725357007214305,84432.0,314646.7608396059, 0.0, 0.0,0.0,NaN, 182.7466640511397,182.7466640511397,0.0, 171.4882647694452, -8.15164647695812, 8.467981782949051, -8.15164647695812, 139.80386110483718, 0.860814615756823, 8.467981782949051, 0.860814615756823, 167.6354145758416, 5.58506470458271, 4.229453775170756, 31.0, 0.0
30, 0 ,1.0,1.0,1.0,276.67579460873065,208.2508298129149,288.80529571514785,13.005794845170982,12.548949593636207,6.101826149254412,53.0,61.0,27.0,-0.8629428409748491,0.5043421042846296,0.031123866340928074,13.262767423449517,-0.5002678288044856,-0.861396644933882,0.08790858638322724,12.318852284127605,0.07114599548464998,0.060289816241247955,0.9956421974706049,6.016975692767398,62.503755478423514,66.93849122103023,29.71848463265394,18.04368724705178,6.1874444114371325,39768.0,124339.37848057234, 0.0, 0.0,0.0,NaN, 95.32706956147405,95.32706956147405,0.0, 169.1506995546761, -11.004804144590807, -8.833643189111804, -11.004804144590807, 157.47613590362235, -6.557101809460095, -8.833643189111804, -6.557101809460095, 37.23228235572493, 6.316289546526856, 4.448647761386611, 19.0, 0.0
31, 0 ,1.0,1.0,1.0,12.761562615441449,250.6251385297377,82.42124122644995,8.299361750379413,11.867862551978734,13.24518241738607,33.0,57.0,57.0,-0.08707816651280553,0.14530072777639444,0.9855481172547683,13.29552405640945,-0.13129761731083878,0.979001924278671,-0.15593642277273176,11.901056562860306,-0.9875111789773648,-0.14297877732834918,-0.0661720532281238,8.170331513420388,54.819585007698294,60.16089789606161,37.210456520239646,18.737432817209896,5.836868655941987,54140.0,122719.9165325566, 0.0, 0.0,0.0,NaN, 96.92262600086771,96.92262600086771,0.0, 68.87940546366083, -11.017216230506412, -7.908481658806005, -11.017216230506412, 140.84616155265917, 4.32301608220899, -7.908481658806005, 4.32301608220899, 175.43485726983312, 8.086989870921773, 4.919395320199156, 26.0, 0.0
32, 0 ,1.0,1.0,1.0,59.83554285276817,43.91758641368839,35.73092774297271,11.73023330182135,12.268863478138341,13.577100751305325,60.0,60.0,68.0,-0.3514902323761341,-0.5254117989413788,0.7748529267398785,14.514212975404497,-0.5764625604860077,-0.53068381314189,-0.6213417793993096,12.074535236606419,-0.7376622078581007,0.6650692685746111,0.11635005412781084,10.770527828105767,72.36393255181741,61.26183113434002,55.38970661523748,20.84941560799327,6.145154023837179,78373.0,245550.71260987737, 0.0, 0.0,0.0,NaN, 82.375638281368,82.375638281368,0.0, 137.59837331515863, 26.594564088220302, -15.110204691932516, 26.594564088220302, 150.52501104519683, -28.714033375118674, -15.110204691932516, -28.714033375118674, 184.33766481109564, 6.417977105593086, 4.360110948501199, 28.0, 0.0
33, 0 ,1.0,1.0,1.0,135.38929649838428,143.1386343168936,175.21866557185993,12.56419951124571,11.78940980301186,11.812705188778418,60.0,56.0,54.0,-0.8443494011770035,0.5071200872890932,0.1729257233610383,12.963125417228383,0.32525243051439534,0.2286557564193253,0.9175660202409335,11.843700898213333,-0.42577569819861055,-0.8309908315524362,0.35800739196178183,11.316952999354552,67.00489497476602,57.379480189556574,62.84722162442604,20.113019621846696,5.644088804216544,75508.0,241629.0928159657, 0.0, 0.0,0.0,NaN, 233.2151617328945,233.2151617328945,NaN, 157.85910935838692, -16.206960265734715, -2.194968407120278, -16.206960265734715, 138.99018350335217, 6.064668760843588, -2.194968407120278, 6.064668760843588, 139.54000387699256, 5.459366521430074, 4.096851906585974, 33.0, 0.0
34, 0 ,1.0,1.0,1.0,239.63231904400118,95.29623858763537,185.09651415841458,13.16578975323798,11.37449750632592,12.00580920250053,67.0,54.0,58.0,0.9212121072671615,-0.27567233842456057,0.2745414636296852,13.409415346212933,0.32560245174809566,0.16001835412684756,-0.9318675709338551,11.92893253312376,-0.2129584392317529,-0.9478390623782446,-0.23717043447678393,11.168921910715374,73.7305888653049,60.223634210388596,58.05472363442044,20.33793472362494,5.764119978973799,77657.0,257781.78347660622, 0.0, 0.0,0.0,NaN, 161.0231071973964,161.0231071973964,0.0, 173.33801982646622, -13.069929299448173, 8.600805706700115, -13.069929299448173, 129.37919352141455, -6.785380689626537, 8.600805706700115, -6.785380689626537, 144.1394546068464, 5.7708447922396235, 4.2916327078089935, 35.0, 0.0
35, 0 ,1.0,1.0,1.0,273.7253429399547,66.21900045764443,239.23125124678768,12.946427529027934,13.005269873815402,12.028603757976743,57.0,72.0,60.0,0.8170986508977159,0.40564717781260257,0.4096341804998749,13.264912647375986,0.38117954767641987,-0.9132189794517189,0.14399044413557832,12.95558554447603,-0.4324950255602174,-0.03848977399039925,0.9008144038390122,11.731548673504426,69.39992380129911,68.93832390610741,64.28966702760493,21.08709192462157,6.063735876843924,85219.0,307581.98140760843, 0.0, 0.0,0.0,NaN, 93.63842400565883,93.63842400565883,0.0, 167.60998576437234, 2.185298169558784, 14.487598618645011, 2.185298169558784, 169.13704449077048, 2.395453572339505, 14.487598618645011, 2.395453572339505, 144.68730836641222, 5.546911003002277, 4.246261890589446, 35.0, 0.0
36, 0 ,1.0,1.0,1.0,132.16112114177628,275.7351904393431,59.64679366717025,12.577729345696541,12.259396300189692,12.628935280989669,62.0,54.0,69.0,0.588738152051407,0.23080186743106598,-0.77467276078963,13.265817657317792,-0.6183170856790359,0.7458786340648963,-0.24768739330629772,12.737525819524961,-0.5206451477508249,-0.6248164220279567,-0.5818359467132507,11.391031443633928,65.48918527714089,67.59023071977325,63.69699734131146,20.785975222350306,5.993772895763931,81417.0,281950.2453233599, 0.0, 0.0,-7.105427357601002E-15,39.22462664583362, 147.0138868244772,147.0138868244772,0.0, 158.19927549359596, -8.702251718723574, -16.10720905125376, -8.702251718723574, 150.2927976451047, -14.26724306392794, -16.10720905125376, -14.26724306392794, 159.49000633142563, 6.171760017192008, 4.284437961019692, 26.0, 0.0
37, 0 ,1.0,1.0,1.0,35.936740108432346,176.6772176721652,209.47795593494058,12.393746391719988,13.037220957349323,12.853788087355412,65.0,62.0,67.0,0.11429358730582734,0.7799416253920292,0.6153275850159853,13.405351511292007,-0.5591821150206463,-0.46144420070736836,0.6887558434413278,12.571984939104917,-0.821128697672784,0.42280055654454485,-0.38338929463904003,12.289657995944422,61.9281075665742,64.49503955762886,75.17981536188509,21.244543053750455,6.120730229715681,86690.0,300272.3736222257, 0.0, -2.8421709430404007E-14,0.0,38.74476901098776, 157.1438779985275,157.1438779985275,0.0, 153.60494962227224, 4.366661226371628, -0.6871944820947505, 4.366661226371628, 169.9691302907484, 11.52738681476006, -0.6871944820947505, 11.52738681476006, 165.2198681946399, 5.528993013554797, 4.205498863424325, 42.0, 0.0
38, 0 ,1.0,1.0,1.0,201.21001509670435,175.68459281624746,193.84011735551314,12.756513847123033,10.74787977212026,11.926345557931594,66.0,55.0,59.0,-0.979255837741956,-0.19424635112178004,-0.0576745986043637,12.833659242951292,0.06634841235681288,-0.038442331673612384,-0.9970557032148334,11.926284145150499,-0.19145728616595054,0.9801992359777525,-0.050532814710831486,10.655713041365695,64.17587523170897,58.71466216694236,53.42697777702284,19.719286614849047,5.624323861278336,70214.0,201316.31612165947, 0.0, 0.0,0.0,NaN, 191.00707385734904,191.00707385734904,0.0, 162.7286455318417, 9.658045323320316, 0.991278512484667, 9.658045323320316, 115.51691959595188, 1.6728749103481777, 0.991278512484667, 1.6728749103481777, 142.23771836719465, 5.7737776956497076, 4.206516650285572, 34.0, 0.0
39, 0 ,1.0,1.0,1.0,163.95181326148636,9.884885911160916,223.8552013542834,12.970300421943707,6.566938449779893,12.164009620986906,58.0,27.0,59.0,0.8712971907295806,-0.025694809115118507,0.4900826279427566,13.322551212411803,0.49074952731823346,0.05064708587134803,-0.8698274392830285,11.79140682002822,0.0024712069260028687,-0.9983860222765932,-0.05673837906612203,6.541319293184632,62.91443731212692,58.48002394812744,28.41195018201111,17.98634158218374,5.983980296356424,41941.0,104534.321101151, 0.0, 0.0,2.8421709430404007E-14,60.65398738598308, 156.2205186430735,156.2205186430735,0.0, 168.2286930354731, -0.6234149298668047, 16.433260101976728, -0.6234149298668047, 43.12468060319755, -5.936388924000966, 16.433260101976728, -5.936388924000966, 147.96313005946203, 6.4599913969322955, 4.34603606902454, 18.0, 0.0
40, 0 ,1.0,1.0,1.0,104.1118756000349,229.57782270968494,157.03316556599657,12.170916803966131,11.021746480371824,11.976494632528924,60.0,53.0,58.0,-0.8338610566373691,0.5437846774963359,0.09473100202054428,12.895843847525779,-0.183802875372822,-0.11172139090960298,-0.9765934844232306,12.035174049025157,-0.5204730936641137,-0.8317551053846498,0.19310930438038718,10.094470371423704,60.10571882627086,58.138088349117226,53.87492765761726,19.553685319157932,5.540751343364051,68746.0,188262.24919164868, -1.4210854715202004E-14, 0.0,0.0,33.50257077628512, 190.3630254102552,190.3630254102552,0.0, 148.13121584906514, -28.321706491434956, 2.6215623255449936, -28.321706491434956, 121.4788954775887, 8.003484773251241, 2.6215623255449936, 8.003484773251241, 143.43642368299413, 5.89873650188288, 4.142214173886364, 23.0, 0.0
41, 0 ,1.0,1.0,1.0,52.09103547055354,21.65840986322914,165.76174628584266,12.28391561210288,11.084213164687924,12.263738546453565,60.0,51.0,59.0,-0.7092787229973188,0.3809505279297467,-0.5931276324479751,12.554474780974981,0.6428942628294678,0.004435749505149809,-0.76594209372986,12.230281068451637,-0.28915507936788376,-0.9245847821570365,-0.24805709157243985,10.81476006861982,61.42965316118719,63.02197558037021,54.625639592620296,19.806095812280272,5.645548339713021,71214.0,211478.68992133194, -7.105427357601002E-15, 0.0,0.0,44.82373948627289, 145.61068454761335,145.61068454761335,0.0, 150.8945827652649, -10.892176694797465, 1.0405060638200618, -10.892176694797465, 122.85978148024108, -9.297101129701913, 1.0405060638200618, -9.297101129701913, 150.39928313577101, 5.624907919555609, 4.110869858329193, 30.0, 0.0
42, 0 ,1.0,1.0,1.0,188.21137817112722,66.74991664898614,61.26695056527142,11.968298440878765,11.252058160500518,11.470900474283253,58.0,58.0,58.0,0.6138727326065837,0.5359836397214033,0.5795531089668338,12.208604565486013,-0.7873505110348126,0.36278418611264246,0.49846444916343546,11.826623564021686,-0.056916086788758084,0.7623051700320445,-0.6447103123163691,10.607143241545305,57.5127776620061,59.84502858931911,52.33644784950802,19.279851750061013,5.451408497242285,65986.0,180134.40313577853, 0.0, 0.0,0.0,NaN, 143.89540150613828,143.89540150613828,0.0, 143.2401675699411, 4.207758654562188, 2.262473456727101, 4.207758654562188, 126.6088128472863, 16.29720271312276, 2.262473456727101, 16.29720271312276, 131.58155769091175, 5.262277172980852, 4.00910978460867, 31.0, 0.0
43, 0 ,1.0,1.0,1.0,92.34798789793568,159.12324292484405,106.54123269699322,11.440818084239586,11.655249212588709,13.24987970540602,57.0,56.0,62.0,-0.15463739409286711,0.26737053203206096,0.9511047654959256,13.321434262072758,-0.6647155422781813,0.684053808552925,-0.3003724935110758,12.672316068674187,0.7309175905681778,0.678662939613716,-0.07194504981497209,10.210203695756501,63.57926333918792,58.33584707880947,52.62012092852885,20.217207681169022,5.793183790317113,74698.0,195165.4071756706, 0.0, 0.0,0.0,NaN, 199.3124326714333,199.3124326714333,0.0, 130.89231843666354, -28.644563128710427, 0.481032922894265, -28.644563128710427, 135.84483420754972, 7.0416130524439655, 0.481032922894265, 7.0416130524439655, 175.55931220773033, 6.147441473806245, 4.28246090835169, 29.0, 0.0
44, 0 ,1.0,1.0,1.0,85.73264073072593,208.1126622074444,190.81181995782282,13.508257898811873,12.370113838256525,10.636266544628606,64.0,61.0,57.0,-0.9160047917993153,0.3733948407652974,-0.1466680411355889,13.733191490927728,0.3990460366670178,0.8856302350979024,-0.23753178166464245,12.286912148069018,-0.041200509960893736,0.27610755073031307,0.9602432704313366,10.442899749579553,64.36508776754707,59.01165320626998,57.952430279685814,20.37767670944709,5.776954713852182,77293.0,220120.15019562742, 0.0, 0.0,0.0,NaN, 166.47950983286154,166.47950983286154,0.0, 182.4730314608134, -12.39463904212747, 6.71407836968948, -12.39463904212747, 153.01971637142557, -13.173629283282159, 6.71407836968948, -13.173629283282159, 113.13016600838576, 5.6660843939666785, 4.08980090524753, 20.0, 0.0
45, 0 ,1.0,1.0,1.0,26.18183038367879,11.794086629724081,264.15901290433914,12.213903056956458,7.6522727052051716,13.783349247137707,50.0,34.0,71.0,0.23333643877416227,0.12889926457829154,0.9638148608168309,13.94134268971963,0.966927926033771,0.07421008188070229,-0.24401485529223438,12.149405130538778,-0.10297811513240226,0.988877061792028,-0.10732038233878383,7.466481158482151,66.58378227750319,56.639779762244714,36.36438510246713,18.989951079966886,6.0909096109327505,52153.0,137140.66967311103, 0.0, 0.0,0.0,NaN, 45.92564727535684,45.92564727535684,0.0, 149.1794278847303, 10.760506135607285, 9.499224984720946, 10.760506135607285, 58.55727755482807, 15.557123072108904, 9.499224984720946, 15.557123072108904, 189.9807164685716, 5.858417990044103, 4.2518563090943475, 27.0, 0.0
46, 0 ,1.0,1.0,1.0,288.1953911067835,79.0969652710159,285.6001298279779,7.339964645530364,10.783314457973558,7.892064592199905,31.0,53.0,34.0,-0.030141177176310714,-0.9930202900910733,0.1140272463311594,10.81770675956915,0.44461285367154835,-0.1154915080815724,-0.8882460931020674,8.00918968402163,-0.8952155716856521,-0.02392519651925047,-0.444990634938587,7.160288841517935,53.230352783659,41.875792869012116,34.492203029393465,14.507002901983528,4.688976650236846,24648.0,76885.30140873164, 0.0, 0.0,0.0,NaN, 81.25906083125248,81.25906083125248,0.0, 53.87508099763569, 1.306800359249728, -5.311596285765227, 1.306800359249728, 116.27987069954156, -6.124282306429135, -5.311596285765227, -6.124282306429135, 62.28468352745545, 7.15263394674565, 4.421083607050919, 11.0, 0.0
47, 0 ,1.0,1.0,1.0,121.53051150089276,237.2771534269276,78.81338328140134,11.874271068521647,12.299671749251177,13.716692739150307,63.0,61.0,65.0,0.16580428624060345,0.35928264328137804,0.9183816858479867,14.024761189740515,0.334420016587866,-0.896574295484889,0.2903752489127586,12.043247493940436,-0.9277241999482471,-0.2589797577273588,0.2688071686504345,11.776848543594431,66.74857752009203,59.686775283941884,57.89918284851561,21.08298847396961,5.994622194496875,85689.0,230670.7698517276, 0.0, 0.0,0.0,NaN, 157.84603286797827,157.84603286797827,0.0, 140.9983134087302, 1.5524499336589719, 9.447926914898904, 1.5524499336589719, 151.2819251393275, 17.485476087362557, 9.447926914898904, 17.485476087362557, 188.14765970025877, 6.178667662562495, 4.234746315757986, 38.0, 0.0
48, 0 ,1.0,1.0,1.0,24.325209358218483,189.28355051510258,121.6157071864008,12.481838828290789,12.199224255519814,12.133157739233189,53.0,59.0,57.0,-0.6409154625139757,-0.46865474631552034,0.6079392228392839,13.334141692717036,0.6490587356160505,-0.7536996539817459,0.10324528709966138,12.042436050720493,0.4098171880619347,0.46075976424133774,0.7872422194123463,11.358313650355734,62.64593953463989,62.73540005040985,57.70430260018486,20.47943939974732,5.694159426036617,79887.0,226784.72284118447, 0.0, 0.0,0.0,NaN, 166.25350592186433,166.25350592186433,0.0, 155.79630053542755, 6.82285425185115, -17.936861725971426, 6.82285425185115, 148.82107243646297, -15.146131400432562, -17.936861725971426, -15.146131400432562, 147.21351672511423, 6.119290478475785, 4.312521647652205, 25.0, 0.0
49, 0 ,1.0,1.0,1.0,218.0809749920861,137.74958847736625,208.5375118708452,11.681589785503109,12.107584132731791,10.816911431479966,61.0,58.0,62.0,-0.04168150864101951,-0.9577907984256264,-0.2844282656288031,12.23383429081085,-0.9611428061829044,-0.03931409455146224,0.2732378233196308,11.764677901700958,-0.27288671268542875,0.28476514607795506,-0.9189350649632109,10.582266240207765,59.72516714148466,59.85871631184415,56.82338767985087,19.21541119640061,5.552177853573154,63180.0,203147.69295441586, 0.0, 0.0,0.0,NaN, 184.52929989220343,184.52929989220343,0.0, 136.45953991677058, 2.502803186922966, -6.492559524077978, 2.502803186922966, 146.59359353117864, 9.981686851988673, -6.492559524077978, 9.981686851988673, 117.00557291648195, 5.613806523057187, 4.07930463783086, 30.0, 0.0
