// Sample: .//bubblelabels.tif, Map: .//bubblelabels.tif, Thickness:(8.191250068658265):/afs/psi.ch/project/tipl/test/LabelValidation/Step4900//distmap.tif, Neighbors:(1.0):
//LACUNA_NUMBER, TRIANGLES, SCALE_X, SCALE_Y, SCALE_Z, POS_X, POS_Y, POS_Z , STD_X, STD_Y, STD_Z,PROJ_X, PROJ_Y, PROJ_Z, PCA1_X, PCA1_Y, PCA1_Z, PCA1_S, PCA2_X, PCA2_Y, PCA2_Z, PCA2_S, PCA3_X, PCA3_Y, PCA3_Z, PCA3_S,PROJ_PCA1, PROJ_PCA2, PROJ_PCA3,OBJ_RADIUS, OBJ_RADIUS_STD, VOLUME, VOLUME_BOX, Mask_Grad_X,Mask_Grad_Y,Mask_Grad_Z,Mask_Angle, Mask_Distance_Mean,Mask_Distance_COV, Mask_Distance_STD, SHAPET_XX, SHAPET_XY, SHAPET_XZ, SHAPET_YX, SHAPET_YY, SHAPET_YZ, SHAPET_ZX, SHAPET_ZY, SHAPET_ZZ, Thickness, Thickness_STD, Neighbors, Neighbors_STD
1, 0 ,1.0,1.0,1.0,94.34856263994753,279.54146970348086,16.832843281387827,17.06618139277705,12.565819037964546,10.618184726391306,79.0,53.0,48.0,-0.9542219681728229,0.29071696854809803,0.07031414974660773,17.460316063727216,-0.29175558813759717,-0.852932981809676,-0.4328787420649576,12.46405886361341,-0.06587193823525224,-0.43357695134711627,0.898705688762273,10.083888233659708,86.67189886800023,70.90695158255426,52.79900272349016,22.510244503727712,7.428936309610577,88426.0,324483.67031000415, 0.0, 0.0,0.0,NaN, 97.99769051897835,97.99769051897835,0.0, 291.2545473311696, -43.00809919255318, -6.854295067275897, -43.00809919255318, 157.89980809487224, 23.968362966628465, -6.854295067275897, 23.968362966628465, 112.74584688376959, 8.616530667256814, 6.493960673488739, 17.0, 0.0
2, 0 ,1.0,1.0,1.0,29.186431830943587,167.9613818084038,17.336301732796596,16.656358445049232,16.869542583138067,10.807897364443383,66.0,82.0,48.0,-0.5889109353841493,0.8081975543028187,7.895593127157663E-4,17.107057057753117,0.8069114570134356,0.5880283312076028,-0.055826357911427656,16.426895059902016,-0.045583009174695335,-0.03223964820128714,-0.998440180661033,10.785736255275273,84.40455958042457,84.55517503156845,49.82287458848998,24.89273496146956,7.692732621940708,126443.0,355577.9993084367, 0.0, 0.0,0.0,NaN, 136.3326514622928,136.3326514622928,0.0, 277.43427664996284, -11.081456888633541, -6.997173752182542, -11.081456888633541, 284.5814669643085, -4.92685904825723, -6.997173752182542, -4.92685904825723, 116.81064544034223, 8.144043991430943, 5.832061474463905, 18.0, 0.0
3, 0 ,1.0,1.0,1.0,70.26236144957157,251.58277651128057,206.19361685402092,15.488796838447465,13.555233915608513,13.829121347935123,75.0,72.0,71.0,0.9297927629567881,0.03755508958075681,0.3661625775523256,15.782184930620843,-0.20927160742851483,-0.7644245918745382,0.6098036058123396,13.685031339064256,0.30280490794811615,-0.6436184106938106,-0.7028972393874556,13.36167457057654,75.23476862795324,70.66559813789277,67.13386063859008,23.887189957858272,6.655369800571852,127210.0,356917.8364463853, 0.0, 0.0,0.0,NaN, 126.8095599146889,126.8095599146889,0.0, 239.90282750270018, 3.8623287000708175, 22.900660620212054, 3.8623287000708175, 183.7443665068633, -3.106758788404045, 22.900660620212054, -3.106758788404045, 191.24459725591495, 7.0225147317684105, 5.1552692878423985, 32.0, 0.0
4, 0 ,1.0,1.0,1.0,130.13802749964896,190.4019204389575,18.702591188447123,14.621271167507846,13.485412763980404,11.188564421860985,71.0,63.0,44.0,-0.9940291538326862,-0.02829449585860085,-0.10538245980608567,14.661174949152585,-0.007312363333010318,-0.9463492025518457,0.32306302198173625,13.761941885583902,-0.10886951213797043,0.3219046572101644,0.940491797408806,10.792627411293667,70.76004532592256,71.25026855210879,51.98512558701454,21.89523745325588,6.435874350574662,92583.0,262091.96416111183, 0.0, 0.0,0.0,NaN, 171.16492678738297,171.16492678738297,0.0, 213.78157055379623, 3.274044465080626, 10.142732328860252, 3.274044465080626, 181.8563574149256, -21.997268620732687, 10.142732328860252, -21.997268620732687, 125.18397382213342, 7.554095209959178, 5.31635871544051, 21.0, 0.0
5, 0 ,1.0,1.0,1.0,137.65868197198242,207.95217879391583,191.7940739335294,14.0287193782257,14.468199928461214,14.811237860361366,76.0,79.0,71.0,-0.08124852481879906,0.6290510326100304,0.7731063805111319,15.329917482238306,0.7450708674273364,-0.4768783361166101,0.46632226523481635,14.363479690169827,-0.6620181868542934,-0.6139070376815268,0.42994193719529894,13.571684666870782,74.58401188948733,73.5351525614504,68.08828291354412,24.05282390215417,6.853335381472732,126492.0,373433.36688133806, 0.0, 0.0,0.0,NaN, 197.81616856807517,197.81616856807517,0.0, 196.80496739300526, -10.456199860477328, 4.493140657165523, -10.456199860477328, 209.32880916992505, 19.794100442904988, 4.493140657165523, 19.794100442904988, 219.37276695620196, 6.995478138236654, 5.079322945992914, 34.0, 0.0
6, 0 ,1.0,1.0,1.0,207.7387969990151,52.1845996755692,100.66047737674526,15.431068157136,16.136964952127702,13.357285131472041,80.0,78.0,72.0,-0.3113366302224316,0.9490334270718501,-0.04904138030275407,16.227633866585684,0.9502903949729617,0.31069047387102916,-0.020484010054852085,15.343148231996421,0.004203320576978496,0.05298097532184346,0.9985866754318693,13.348717910078298,76.33812913966638,78.96626425610845,71.45135924798525,24.971917813776596,7.303416263764745,138088.0,430718.5736988616, 0.0, 0.0,0.0,NaN, 146.17761021511677,146.17761021511677,0.0, 238.1178644701766, -8.263387653539132, 0.18616214661540803, -8.263387653539132, 260.4016378661978, -4.32712638904627, 0.18616214661540803, -4.32712638904627, 178.41706608344407, 6.131162773823173, 4.861560103392018, 39.0, 0.0
7, 0 ,1.0,1.0,1.0,148.9240626223805,60.83910893343412,174.21385961876484,15.006291226331763,12.389013366396616,13.686879234708226,74.0,62.0,71.0,0.9317461986370245,0.08656418994642905,0.35264098222466084,15.22066492104505,-0.3629090340467678,0.18967883248313575,0.9123151722486462,13.51135219287532,-0.012085294067461,0.9780227919260128,-0.20814745768457002,12.31997617810501,75.73500670002835,77.5364257809282,63.98924555196312,22.88214897772023,6.512630030116414,109801.0,375759.03796153684, 0.0, 0.0,0.0,NaN, 204.21049609600573,204.21049609600573,0.0, 225.18877636948167, 4.324919538865503, 16.059408944374795, 4.324919538865503, 153.487652192754, 7.764119124826875, 16.059408944374795, 7.764119124826875, 187.33066318548723, 6.855929432543917, 4.998873618614969, 30.0, 0.0
8, 0 ,1.0,1.0,1.0,138.7712891799773,103.94029272204772,284.8539330348192,13.779228303839012,15.308808277416187,8.990975284858296,72.0,72.0,38.0,0.4211056653012703,0.8921666290300243,0.1634280413404527,15.86871750423362,-0.9043629586230852,0.42676381003097474,5.380690898190472E-4,13.307986818977133,0.06926512630230218,0.14802485093067402,-0.9865551103639765,8.726148732040825,71.20025952206188,68.87341773556052,41.00371222286299,21.385968380265187,6.906861554659768,74815.0,201074.2179125168, 0.0, 0.0,0.0,NaN, 174.0415424441291,174.0415424441291,NaN, 189.86713264931817, 27.034556556398726, 12.040602127364869, 27.034556556398726, 234.35961087468638, 25.636831101604724, 12.040602127364869, 25.636831101604724, 80.83763657293271, 6.797330504756221, 5.130507944063434, 15.0, 0.0
9, 0 ,1.0,1.0,1.0,285.116970674057,76.56637309634525,29.272047752921267,8.680495002627623,13.98936566957128,15.65072319383215,36.0,77.0,63.0,0.10003384122596631,0.06440058491704029,0.9928976761338107,15.70532394351563,-0.13812774352070892,-0.9873416382203486,0.07795650008970252,14.077263480983563,-0.985349662342996,0.1449450037038243,0.08987206919751511,8.436346041609454,65.36297431406769,78.57177676977062,39.528019543056814,21.630083574257554,6.938152952205752,75053.0,203003.45810685554, 0.0, 0.0,0.0,NaN, 83.31126472869634,83.31126472869634,0.0, 75.35099349064313, 18.450332572811167, 16.062285222137692, 18.450332572811167, 195.7023518369795, 1.4461353192919577, 16.062285222137692, 1.4461353192919577, 244.9451364899556, 6.651550189398999, 5.005792806757002, 20.0, 0.0
10, 0 ,1.0,1.0,1.0,57.18863969171483,11.120986512524086,181.00742967244702,12.963382505052406,7.387940365340136,16.86032952404319,65.0,31.0,69.0,-0.2253211805186607,0.07422614442796596,0.9714529556767202,17.09763431024254,0.9741494087228134,0.033770025821359684,0.2233663243217689,12.705597647111611,0.016226370347987597,-0.9966694862588015,0.07991645679049164,7.289742786708752,73.27455183703113,60.52125954371502,32.14661082682308,21.31918234727532,7.23837858342997,64875.0,142559.55179675008, 0.0, 0.0,0.0,NaN, 132.489428423396,132.489428423396,0.0, 168.0492859722988, -0.4378825886746604, -28.79230711878849, -0.4378825886746604, 54.581662841822144, 18.064087622365545, -28.79230711878849, 18.064087622365545, 284.27071165932244, 8.354378265567368, 5.27230305142891, 16.0, 0.0
11, 0 ,1.0,1.0,1.0,159.42559648962427,113.19508181735077,156.05254593655727,14.271219361834033,14.540204971039026,12.506131585443418,65.0,71.0,60.0,-0.6312267961826691,-0.7724539671959864,0.06976819005926188,15.213810734331833,0.7417438497756856,-0.5749401960513656,0.34534016894123726,13.725847988280307,-0.22664684665996987,0.2697380943203976,0.9358806373525912,12.313799163880788,75.5877658613748,71.55375465358746,60.14642199244199,22.974226486845918,6.608593438620714,109390.0,325307.2434930823, 0.0, 0.0,0.0,NaN, 230.85744302768674,230.85744302768674,2.6973983046972182E-6, 203.6677020735866, 23.24423412479635, 5.902894884154293, 23.24423412479635, 211.41756059982802, -11.602809491600159, 5.902894884154293, -11.602809491600159, 156.40332723242548, 6.377003941079121, 4.621436726250969, 34.0, 0.0
12, 0 ,1.0,1.0,1.0,260.68619092571834,75.84327983951856,285.6426780341023,16.550727607583813,13.214620686881293,8.075071533603026,74.0,65.0,34.0,0.9432183607854147,0.3315114443314493,0.020959154433129554,16.970608136292267,-0.3317889711510871,0.9432841595042055,0.011448713942962123,12.675239206264727,0.01597505867840449,0.017752653483946654,-0.9997147797219464,8.068229983073996,86.16964559581132,68.88469021678551,35.066010815558855,21.337259755723572,7.64728125729598,67796.0,208143.75197881597, 0.0, 0.0,0.0,NaN, 86.62511976775006,86.62511976775006,0.0, 273.92658434043705, 39.79050059864512, 4.043615776381023, 39.79050059864512, 174.62619989815101, 2.5808374256938267, 4.043615776381023, 2.5808374256938267, 65.20678027280591, 6.171754410585894, 4.883236316480957, 20.0, 0.0
13, 0 ,1.0,1.0,1.0,26.289451224340755,196.8270349220874,140.6561111453283,13.325566365816126,15.150557287962345,13.364558923824912,59.0,88.0,73.0,0.23037633821943918,-0.9255041291725852,0.3006141208810689,15.39889595490494,0.6859552699644086,0.3735693479829798,0.6244287868569375,13.594335177326267,-0.6902116417423413,0.06235422304917914,0.7209159732390974,12.79803089504432,74.60873511383653,70.82327009314074,68.73368420800725,23.235784062144223,6.76903828851357,113653.0,363191.16542200715, 0.0, 0.0,0.0,NaN, 176.40843962569397,176.40843962569397,0.0, 177.57071896977, -10.250886187183035, 14.080806592453632, -10.250886187183035, 229.5393861358289, -15.501193695768313, 14.080806592453632, -15.501193695768313, 178.6114352283881, 6.203491134277671, 4.711666216540303, 29.0, 0.0
14, 0 ,1.0,1.0,1.0,287.35129269314245,137.5497467920649,134.11031996852353,8.27862731486542,17.240778435727883,14.752783093513147,40.0,81.0,77.0,-0.0775062117483051,0.9746724183436651,-0.20977717716791183,17.395028508776676,0.011983018863444671,-0.2094842138098833,-0.9777386007637079,14.619771203401084,-0.9969198535485916,-0.07829457889640677,0.004556809858784663,8.191458565578765,78.51633694973137,71.9279151357633,43.66227478812385,22.796146201620534,7.985013377996743,78789.0,246583.41383939653, 0.0, 0.0,0.0,NaN, 192.5240259322339,192.5240259322339,0.0, 68.53567021843581, -18.15753330681672, 2.1107459659496692, -18.15753330681672, 297.2444410698596, -18.114170748665945, 2.1107459659496692, -18.114170748665945, 217.64460900424734, 6.4246171549961, 4.724014496669464, 24.0, 0.0
15, 0 ,1.0,1.0,1.0,22.757807341231306,141.52762672363565,90.90753544377549,14.183404719589591,12.143834528334619,15.512242001026296,58.0,64.0,79.0,-0.3732507702472178,-0.21964859242854456,0.9013536255843307,15.88256456428392,-0.8998749308939881,-0.150574700769562,-0.4093316115775776,14.00615567246694,-0.2256301647794432,0.963888870841611,0.14145413889061487,11.86773291448824,84.61022419029268,67.51413172891294,64.36955179832938,23.103807193017342,7.448854380206005,102980.0,367703.7150352839, 0.0, 0.0,0.0,NaN, 169.74147083569954,169.74147083569954,0.0, 201.16896943967626, 16.631098641621644, -17.102302956853546, 16.631098641621644, 147.4727170515721, -18.647396954142256, -17.102302956853546, -18.647396954142256, 240.62965189840432, 6.373883043353443, 4.516064794558421, 29.0, 0.0
16, 0 ,1.0,1.0,1.0,284.22205905642176,161.5205372953829,62.71067824184051,8.86026424788901,14.354772044995913,13.231625458121822,36.0,72.0,62.0,0.07097885747714495,-0.8515569533473206,0.5194350363588007,14.998352544162945,-0.01917345042124605,-0.5218170050463414,-0.8528419502131741,12.528192882888874,-0.9972935277992049,-0.05057438531802758,0.053365259856207076,8.816659192708288,69.56915257034004,62.06265732030741,39.13027775024898,20.459266524667935,6.407658585087748,69459.0,168950.70583471927, 0.0, 0.0,0.0,NaN, 152.8336814217669,152.8336814217669,0.0, 78.50428254242021, -8.105555323917525, 6.723167606758667, -8.105555323917525, 206.05948046379618, -29.862296930735937, 6.723167606758667, -29.862296930735937, 175.07591226401755, 6.681389672733901, 4.818019748492997, 20.0, 0.0
17, 0 ,1.0,1.0,1.0,118.76924714926056,110.27625821151369,90.70437486025787,13.924550362265993,12.670251699712306,12.3771235219709,67.0,65.0,64.0,0.8592938182153537,0.46517794175602495,0.21265845029179253,14.398196947850986,-0.4634254427094087,0.5321287562851672,0.7085731054619483,12.621731131907756,-0.21645090211516144,0.7074238257494785,-0.6728302443674063,11.874569275901962,67.83541801031359,60.047564911376476,58.3613352052363,21.682488682792606,6.123010054217833,93923.0,237726.24200367977, 0.0, 0.0,0.0,NaN, 185.72633311494835,185.72633311494835,0.0, 193.89310279128202, 21.989324704472175, 6.105819834826077, 21.989324704472175, 160.53527813406257, 13.460000058568273, 6.105819834826077, 13.460000058568273, 153.19318667812533, 5.933294474595326, 4.599396618325814, 28.0, 0.0
18, 0 ,1.0,1.0,1.0,131.05083859155852,17.274637373175967,163.7821405608047,14.82740796207389,10.873697111151372,13.63612384269589,73.0,46.0,67.0,-0.9980042086553108,-0.05544172179025888,-0.030229372987527516,14.841181846163652,-0.015506327792428849,-0.24889133940742894,0.9684072774232799,13.808317059944258,-0.06121399598687598,0.9669432851273685,0.2475349067150147,10.634984277060692,73.8069777785204,66.83490640154889,51.37268911053384,21.945136279458204,6.5149200201050865,91761.0,253415.43660529715, 0.0, 0.0,0.0,NaN, 189.8105387541003,189.8105387541003,3.814697265625E-6, 219.85202687377216, 6.22851556384674, 2.068071558547192, 6.22851556384674, 118.23728886506171, -18.516174892087605, 2.068071558547192, -18.516174892087605, 185.9438734533393, 6.598686648687852, 4.942840261787288, 22.0, 0.0
19, 0 ,1.0,1.0,1.0,232.37593948543244,53.80234275980657,25.567719643823008,15.637140535366724,12.911058735600182,15.375938943019287,80.0,64.0,64.0,-0.657028054183601,0.20130466200273928,-0.7264919607756672,16.161555754900913,-0.7393820457162411,-0.36007341509151497,0.5689124064535771,15.330893116105543,0.1470657216627231,-0.91094652356782,-0.38541938808462367,12.304589876146252,84.257968822201,83.60789605992849,58.80047003616455,24.361621144586465,7.358431584513444,123871.0,414227.6434025985, -2.8421709430404007E-14, 0.0,0.0,48.92639276114695, 90.11888778001389,90.11888778001389,0.0, 244.5201641228091, 7.744334851267378, 17.22715108158058, 7.744334851267378, 166.69543767411776, -33.18911571102722, 17.22715108158058, -33.18911571102722, 236.41949837945708, 6.397118874084823, 4.60452726818169, 24.0, 0.0
20, 0 ,1.0,1.0,1.0,288.293220196117,209.75996740749065,280.72998791829394,6.808126978826805,11.91564716422756,10.760207098804127,28.0,52.0,43.0,0.05229740046153028,0.9624842223704904,-0.2662500771696382,12.01021889371424,0.0824035096659508,-0.2698648803924693,-0.959365732098813,10.68902215701969,-0.9952259258578928,0.028232393073032297,-0.0934253096418198,6.7538688588956255,52.86086332351846,50.99733855827043,29.026438165023478,16.613727016314456,5.300884052565263,35591.0,78248.40799450284, 0.0, 0.0,0.0,NaN, 93.01422225285148,93.01422225285148,0.0, 46.3505929598294, 3.4382001105736815, -6.79972897404729, 3.4382001105736815, 141.98264734236426, -7.5042767332757, -6.79972897404729, -7.5042767332757, 115.78205680915472, 7.316694739703695, 5.182137841358273, 11.0, 0.0
21, 0 ,1.0,1.0,1.0,193.09139401224598,64.23528417414823,285.1490552571278,13.059663531408088,12.241703884029963,8.388872668987617,63.0,63.0,36.0,-0.8890704602521676,-0.45454890932916603,0.05421259756426013,13.317993652469939,0.45740249172096364,-0.8773574221067171,0.14500660137286606,12.040535938138447,-0.018348767654877262,0.153718063030735,0.9879443708142812,8.273079812833846,63.88905937781615,60.33803816501482,38.489075544618345,18.8298980230716,6.0184923888835575,53242.0,148373.09624249974, 0.0, 0.0,0.0,NaN, 125.60323374393771,125.60323374393771,1.9073486328125E-6, 170.55481155359035, 13.307297006284427, -0.17406000678383396, 13.307297006284427, 149.85931398427428, -12.420593050712913, -0.17406000678383396, -12.420593050712913, 70.37318465648742, 6.082332623106341, 4.554594377828783, 19.0, 0.0
22, 0 ,1.0,1.0,1.0,128.93789277096937,138.93140395599602,14.809793203102634,13.235847466541848,14.437698558603811,9.347593110577543,67.0,68.0,38.0,-0.0538401510610892,0.979726829182111,0.19296781678426328,14.607807235802243,0.9981687664779403,0.05814157052554568,-0.016693453948483743,13.234321641091546,0.02757447663376839,-0.19171566956717148,0.9810630715100762,9.081684494044538,71.80761311615692,67.14268950743285,40.750332114560976,20.73176824726628,6.419196221431605,73357.0,196471.86931553695, 0.0, 0.0,0.0,NaN, 190.12165887168354,190.12165887168354,0.0, 175.18765815756225, -1.5272506178890166, -2.9042433873613693, -1.5272506178890166, 208.44713966911056, 24.659540049320647, -2.9042433873613693, 24.659540049320647, 87.37749696091674, 6.974283423045876, 4.653386218255141, 16.0, 0.0
23, 0 ,1.0,1.0,1.0,72.4331788529834,217.65244439966753,129.51537667178803,12.881557580148232,11.610959208081553,12.412316307390219,60.0,54.0,62.0,-0.7749375275753245,-0.3911565286220586,-0.4964558373831294,13.16940708617036,-0.6139250016441173,0.2791521175914403,0.7383564096020871,12.50764763093971,-0.15022623176966673,0.8769667413081043,-0.4564662243011314,11.177654641117142,64.40446227316201,61.16210492534614,59.790505615592934,20.523706406540718,5.795858079286395,79406.0,235521.5268087553, 0.0, 0.0,0.0,NaN, 169.71127866624911,169.71127866624911,0.0, 165.93452569067438, 9.300743898252536, 4.377069599532714, 9.300743898252536, 134.8143737317338, 15.909860279928553, 4.377069599532714, 15.909860279928553, 154.06559611470516, 6.245129380557269, 4.498807544516073, 25.0, 0.0
24, 0 ,1.0,1.0,1.0,274.00541733919596,9.854919203725348,177.98786664440362,14.617872721193711,6.334069242415554,14.812842698242951,60.0,26.0,64.0,0.6913837296930061,-0.0059149672307807636,0.7224635295144294,16.79008747173599,0.7224865940797274,0.0038772406983475696,-0.6913740582200365,12.296568797250421,-0.001288289898878251,-0.9999749897708574,-0.006954145663601051,6.333269563942858,79.21835624989939,64.36163030008954,26.22832384477192,20.491690059278987,7.3016151211972335,53901.0,133728.32361182608, 0.0, 0.0,0.0,NaN, 125.13911637136152,125.13911637136152,NaN, 213.68220289301925, -0.6776244672174517, 65.28430906550577, -0.6776244672174517, 40.120433167714744, -1.3310863034222349, 65.28430906550577, -1.3310863034222349, 219.4203088028895, 5.943788248519725, 4.410193016784988, 11.0, 0.0
25, 0 ,1.0,1.0,1.0,122.18740054178156,231.0038993695412,239.51611374983298,13.333944430435691,12.501391304260789,11.600807950171998,60.0,63.0,54.0,0.8291991499092636,0.47889194093927495,0.28825557877197927,13.676318229787302,-0.5585720444220492,0.7289885000811495,0.395693110806353,12.549425685749943,0.02064076015865457,0.48911989905630515,-0.8719722950686118,11.141267358267426,68.1324033527925,62.02115929309946,53.49353858235207,20.82304127395939,5.921026584634747,82321.0,226045.0056194126, 0.0, 0.0,0.0,NaN, 152.80223574702467,152.80223574702467,0.0, 177.794074073947, 11.398839232104653, 7.664361623174209, 11.398839232104653, 156.28478454224728, 18.307786925405413, 7.664361623174209, 18.307786925405413, 134.57874509677384, 6.048565980725469, 4.400790616185817, 23.0, 0.0
26, 0 ,1.0,1.0,1.0,86.01306914735201,165.12410434295126,13.853103484521995,12.222640354557013,12.560831009710514,8.78898864577204,52.0,57.0,36.0,-0.40427342973921576,0.9145895214639497,0.0094340465991692,12.646131795629993,0.905712101142283,0.39886927821733376,0.14348828781059053,12.196459284277415,0.1274699331266901,0.06655303240820287,-0.9896070482903556,8.702612587113139,61.89200834117145,55.55880322643027,38.52126158468164,18.798570086058028,5.570233121369037,57081.0,132460.9787008188, 0.0, 0.0,0.0,NaN, 160.56669570490368,160.56669570490368,0.0, 149.3929372368456, -4.749874421258218, 9.168279896998197, -4.749874421258218, 157.77447565450524, 4.905460922472638, 9.168279896998197, 4.905460922472638, 77.24632141550985, 7.009324449418971, 4.817008840989891, 11.0, 0.0
27, 0 ,1.0,1.0,1.0,272.94184579412206,219.9050479795349,197.03994629070158,14.356891539577338,11.22928286876635,12.95845678744938,65.0,58.0,64.0,-0.8567654584237141,0.04611815890774092,0.5136400146707455,15.088324093929785,0.5156495845133846,0.06184360283827765,0.854564728255944,12.111189547730872,-0.007645602865513601,-0.997019801311359,0.0767662722156099,11.216073043343737,73.63417644624758,68.26696987875528,58.79421735983922,21.42218073830451,6.420973692013752,86391.0,295545.7197314898, 0.0, 0.0,0.0,NaN, 133.22206164149875,133.22206164149875,0.0, 206.12033467918738, -3.3587530987118757, -35.62304302341154, -3.3587530987118757, 126.09679374676944, 3.516334796710666, -35.62304302341154, 3.516334796710666, 167.9216023121929, 5.787416593555878, 4.265185464251489, 25.0, 0.0
28, 0 ,1.0,1.0,1.0,26.13050542049449,272.4362094939887,232.93799663249933,13.96899784833401,13.227201376819572,12.903688234255783,60.0,58.0,67.0,-0.8392596446883681,0.5336659205747102,-0.10413421154789247,14.530244104138491,-0.22747845920865023,-0.5185697670256254,-0.8242202056022687,13.096510790581654,-0.49385908860079925,-0.6680464669049113,0.5566121797645575,12.407672569136228,73.7544176230811,65.65755333005416,68.6785155755842,22.282790740994685,6.330415783314028,101559.0,332578.08852930303, -3.552713678800501E-15, 0.0,0.0,32.93797768935109, 77.07060500769694,77.07060500769694,0.0, 195.13290088676015, -23.536560232311505, 8.29099137085689, -23.536560232311505, 174.95885626293756, 4.3314212544790776, 8.29099137085689, 4.3314212544790776, 166.50517004687114, 6.492974382543091, 4.5954399651585085, 19.0, 0.0
29, 0 ,1.0,1.0,1.0,87.22729215252933,216.31436281273275,276.80225643780756,12.772068254622697,12.910276968659934,11.733700784469653,62.0,65.0,52.0,0.5891323696427254,0.8048799094466865,0.07135392356585539,13.051381517996365,-0.7963198420499732,0.5933050763741293,-0.11774461986092674,12.646998783912744,-0.1371049240423308,0.012546621767741798,0.9904770679251305,11.713051491354774,66.73672937240426,65.32452566622246,55.429755926860565,20.786369055875575,5.950426411661493,81899.0,241648.5258763538, 0.0, -2.8421709430404007E-14,0.0,36.40134088411082, 123.08542429580714,123.08542429580714,1.3486991523486091E-6, 163.12572750074088, 4.966814445121328, 3.5264166401326413, 4.966814445121328, 166.67525140751115, 0.3140954804357118, 3.5264166401326413, 0.3140954804357118, 137.67973409946373, 5.686792113161371, 4.260395951836687, 18.0, 0.0
30, 0 ,1.0,1.0,1.0,260.04174737424654,255.56333690251327,220.72882253155115,11.985806690952442,12.925496036991417,12.6356610138254,56.0,63.0,61.0,0.07995099291005,0.778045360524537,-0.6230997156947995,13.725443288138134,-0.7419888945621483,-0.37096796753714845,-0.5584221050493952,12.76418233884092,0.6656277631523022,-0.5069794710119929,-0.5476417596323916,10.912185613175467,67.11488703666954,70.00289962468526,58.09169397740416,20.857235088898992,5.9467372178308215,83119.0,272928.52864176355, 0.0, 0.0,0.0,NaN, 99.27335270543342,99.27335270543342,0.0, 143.65956203288033, 16.381082796331384, 14.715395827855719, 16.381082796331384, 167.06844780228084, -24.518923305349595, 14.715395827855719, -24.518923305349595, 159.65992925630715, 5.825783439014373, 4.314124197322031, 23.0, 0.0
31, 0 ,1.0,1.0,1.0,124.05955710710606,277.79749111480305,230.97219827132972,15.04671864450808,12.717552642155447,11.958315476647815,68.0,48.0,59.0,-0.9797401621485368,-0.18797403108536007,-0.06910121786682555,15.156236405643757,0.12660522330137527,-0.8486667321419537,0.5135522321909483,12.961939864635353,-0.15517838801188538,0.4943991721200764,0.8552713759392485,11.550662715785286,71.69473478727741,63.23340919853308,60.65221474304201,22.10351051332278,6.525030206783877,95102.0,274966.9673005954, 1.4210854715202004E-14, 0.0,0.0,11.552915039951337, 143.69607691896525,143.69607691896525,0.0, 226.40374196698707, 14.017013420598628, 8.76845354452268, 14.017013420598628, 161.73614520599497, -13.826517144670394, 8.76845354452268, -13.826517144670394, 143.00130903903468, 5.984411402173314, 4.28947740008078, 17.0, 0.0
32, 0 ,1.0,1.0,1.0,190.7838080851676,222.04486165060183,25.544046420179352,13.982532901328181,11.16060937610929,13.18528672405249,71.0,55.0,59.0,0.9144917613939878,0.12565394930528784,0.38459836630764055,14.198507116891097,-0.3835815613721087,-0.03316992906748265,0.9229111233379916,13.002017200914054,-0.1287245280350927,0.9915194606409106,-0.01786491120885825,11.102799572046068,69.84686102737686,65.84098098927254,56.173806318510685,21.30912127897586,6.312175876523841,83412.0,258331.30558562218, 0.0, 0.0,0.0,NaN, 136.59311285334846,136.59311285334846,0.0, 195.5112263367251, 9.582817701833186, 11.34124333543267, 9.582817701833186, 124.55920164609861, 2.383711915500133, 11.34124333543267, 2.383711915500133, 173.85178599547484, 5.959036423375122, 4.338839330977189, 22.0, 0.0
33, 0 ,1.0,1.0,1.0,57.15915978247333,237.83684115848175,58.83576182766684,11.802610242549639,11.450729214903317,12.484990452823288,63.0,57.0,61.0,-0.5706521843741902,0.2235180541915629,0.7901871701814599,13.191346095702674,0.2236412275933633,-0.8835725828202085,0.41144148090458715,11.41802213780387,0.7901523180941127,0.4115084085882621,0.4542247724108158,11.041419896991389,62.08751983843492,62.06033956586859,56.270476525102225,19.87211039469636,5.603126195137748,72267.0,216819.85630837237, 0.0, 0.0,-7.105427357601002E-15,37.79699372220066, 102.92266385027199,102.92266385027199,0.0, 139.30160853753765, -8.316622344982694, -22.714142451489945, -8.316622344982694, 131.11919955304035, 6.126814005147796, -22.714142451489945, 6.126814005147796, 155.87498660708866, 5.800500038748804, 4.290605085663625, 23.0, 0.0
34, 0 ,1.0,1.0,1.0,10.65615422123154,112.6588360267484,174.70709111173028,7.142025547903087,13.939598271922309,16.212729335726042,31.0,70.0,73.0,0.07563215794809725,0.05302408916643485,0.995724973399876,16.257604614370244,0.0299419335625361,-0.9982555999381336,0.050884553714202974,13.936024636890085,0.9966861378080116,0.025965422396466164,-0.07708786896212888,7.046348766970843,73.43806825812413,70.46150870000716,32.910447245563674,21.078353208619856,7.992280490305662,57424.0,170296.9879808977, 0.0, 1.4210854715202004E-14,0.0,86.96051806405694, 168.83092126554516,168.83092126554516,1.9073486328125E-6, 51.00852892690039, -3.4600564685819677, 16.385945144906938, -3.4600564685819677, 194.31239998257942, 3.990293639765867, 16.385945144906938, 3.990293639765867, 262.8525925135118, 7.379252386314954, 4.659930407327708, 19.0, 0.0
35, 0 ,1.0,1.0,1.0,129.13580010835963,63.121320287684185,246.98037840881324,12.810983144601009,13.091211834154743,13.264886604622571,60.0,60.0,61.0,0.6647489603943486,0.730121621267671,-0.15821263480550185,14.288253758417822,-0.07472018923185403,-0.14573765049150544,-0.9864975572956942,13.240577267730126,-0.7433207335839542,0.6675949036554149,-0.04232412595115466,11.488744544282746,70.40542275391047,61.94743642777087,57.073775362759775,21.755131349528458,6.178397285384896,94131.0,248923.58714493067, 0.0, 0.0,0.0,NaN, 153.2039040565196,153.2039040565196,NaN, 164.12128913125116, 35.495863878664316, -4.396205046157595, 35.495863878664316, 171.37982728671318, -2.1075195358448395, -4.396205046157595, -2.1075195358448395, 175.9572166334953, 6.156269439308245, 4.412870266884542, 29.0, 0.0
36, 0 ,1.0,1.0,1.0,201.32487470021397,184.0558786782129,86.5584995619893,12.320957455736627,12.22798355681883,11.2294388365586,65.0,56.0,55.0,-0.8255379266931089,0.1270981323842001,0.5498483393952301,13.055400472878567,0.1971179734162261,0.9778838257287866,0.06991228743441152,12.264144759158473,0.5288020765348068,-0.16610023516684178,0.8323335123194285,10.323620629172789,59.76545372757755,55.81106675068122,52.01527283066238,19.86301020340825,5.735041127595614,69633.0,173500.77747617825, 2.8421709430404007E-14, 0.0,0.0,34.356933211881326, 175.13478657432012,175.13478657432012,0.0, 151.80599262607197, 1.7478769052240697, -28.386201615489487, 1.7478769052240697, 149.52358186583166, 7.459909499867993, -28.386201615489487, 7.459909499867993, 126.10029658401058, 5.7150171444667635, 4.213016580420196, 24.0, 0.0
37, 0 ,1.0,1.0,1.0,71.4581329581832,260.6613025939909,136.99602360000574,11.663328617784341,11.727378173441476,12.014135109182845,64.0,57.0,60.0,0.2464760808428736,-0.6403474839653559,0.7274645292738167,12.704523851554125,-0.9266492847902134,0.06413333829794812,0.3704160065609298,11.647501767336669,-0.2838496865774616,-0.7654031713404378,-0.5775702041586616,10.992490708489143,68.17710437905244,61.520248985937954,54.965930669250724,19.659917815024855,5.602830284551861,69661.0,230542.08795478425, 0.0, 0.0,0.0,NaN, 159.4418651474081,159.4418651474081,0.0, 136.0332344464272, -7.284489326662329, 2.18417626547738, -7.284489326662329, 137.53139882291154, -18.54647247644239, 2.18417626547738, -18.54647247644239, 144.3394424216999, 5.916140674147909, 4.384012229975571, 23.0, 0.0
38, 0 ,1.0,1.0,1.0,190.86718173431734,244.76124308118082,86.70320571955719,12.180804741159713,13.082606168340163,12.664018524329927,61.0,62.0,64.0,0.3074017182585521,0.7433555802885318,-0.5940763123249329,13.34161510528823,-0.49891276405794,0.6575204349017524,0.5645820857472165,12.78873557632707,-0.8103025592158504,-0.1228387517866889,-0.572992498718554,11.76237655509523,65.74447473951093,63.13189392399616,62.56671827764421,21.094320834086968,5.91046377463968,86720.0,259687.74442947484, 0.0, 2.8421709430404007E-14,0.0,41.98195049809323, 149.92911048423773,149.92911048423773,0.0, 148.37200414225893, 0.7931042182776787, -14.33778224771805, 0.7931042182776787, 171.15458415589208, -8.153506983124709, -14.33778224771805, -8.153506983124709, 160.37736518457157, 6.155449439723361, 4.399782897280106, 30.0, 0.0
39, 0 ,1.0,1.0,1.0,68.24970147600114,43.65493087784521,170.14515036992356,12.226780420785406,12.287306767237412,12.921560261215808,57.0,60.0,59.0,0.22455637534230377,-0.07731769960827312,-0.9713889064738241,12.950412663212667,0.6363123632445271,-0.7433452011084711,0.20626315320767122,12.607105582681317,0.7380250745572888,0.664424476758865,0.11772469583064354,11.865348175007666,64.65653918662957,67.8814708371255,63.160199906296256,20.773168327298034,5.9928510977922755,81233.0,277208.9160328876, 0.0, 7.105427357601002E-15,0.0,85.56559646055925, 153.05573074525003,153.05573074525003,0.0, 149.49415945810134, -9.053692685561458, -3.4910717332060783, -9.053692685561458, 150.9779075921983, -0.7609012344818409, -3.4910717332060783, -0.7609012344818409, 166.96671958423153, 5.778274809771718, 4.179847945615674, 25.0, 0.0
40, 0 ,1.0,1.0,1.0,110.87306413054776,171.87774139902297,170.78726223885252,12.68808288143212,10.776514755499727,13.206610848576913,59.0,52.0,61.0,-0.5666790104535095,0.2286339353313572,0.7915815957476069,13.69166882333158,0.776263362757447,-0.17391391840402567,0.6059448329888271,12.37849001514266,-0.2762066088129154,-0.9578520097594696,0.07892678029550243,10.528365370016704,64.13832880575626,65.49822549540829,49.782752942596716,20.42523396192152,5.860469707119494,76968.0,209134.69283701957, 0.0, 0.0,0.0,NaN, 213.08233408343185,213.08233408343185,0.0, 160.9874472060908, -15.647937669311245, -14.43288701702706, -15.647937669311245, 116.13327027550334, 9.399869266027203, -14.43288701702706, 9.399869266027203, 174.4145701057494, 5.8292641790664845, 4.2988610484155805, 22.0, 0.0
41, 0 ,1.0,1.0,1.0,221.27581454867604,191.71973127276306,233.2687518456541,12.078438915927302,12.66241470738127,12.371281310647706,58.0,62.0,63.0,-0.3722706087550129,-0.8059722281843903,0.46024271993445115,13.34401366789846,-0.6587292291389283,-0.11988928308519758,-0.7427666945140655,12.44622495761614,0.6538274975367782,-0.5796855416489247,-0.4862862081819593,11.23845263681909,68.00057767934085,68.02814152371991,53.27821379420392,20.630591853872414,5.801095921774486,81272.0,246462.50878369654, 0.0, 0.0,0.0,NaN, 149.58333279765492,149.58333279765492,0.0, 145.8886866457871, 17.789146370087284, 5.127985759275291, 17.789146370087284, 160.3367462217055, -16.652627847963483, 5.127985759275291, -16.652627847963483, 153.04860126718125, 5.795277591502471, 4.259973071526703, 30.0, 0.0
42, 0 ,1.0,1.0,1.0,234.50898117774452,160.57962037007547,16.406653078123508,12.50170371816593,12.134306711887495,10.103108910086977,60.0,59.0,42.0,0.9345338298977663,0.2663256834186911,-0.23604480745862547,12.647594469599532,0.29064825807940775,-0.9539322970035801,0.07440942688180749,12.135683483174637,0.20535362390768394,0.13814413880089205,0.9688890989493801,9.918182566014718,67.546768180458,60.14065446170169,47.061149538256345,19.295822159099046,5.76871320906882,62798.0,191176.82990967904, 0.0, 0.0,0.0,NaN, 154.90737254164242,154.90737254164242,0.0, 156.29259585680384, 1.7702887689301614, -12.528883918851845, 1.7702887689301614, 147.24139937815792, -7.343239679458014, -12.528883918851845, -7.343239679458014, 102.07280964907888, 5.9691700775783385, 4.376232876443278, 19.0, 0.0
43, 0 ,1.0,1.0,1.0,23.676921150869525,59.46058681598834,105.26803924246563,11.509799395158227,14.038109993433908,13.510533391287758,51.0,72.0,72.0,-0.33592422647040054,-0.9416311011051011,-0.022040496860514368,14.368180783253486,0.040801277296063476,-0.03792611612878531,0.9984472271915,13.51589020867185,-0.9410048723791351,0.33450333204167243,0.05116005289037562,11.088490414321912,76.44330718035562,71.80659780319587,60.800769238191734,21.670776093684612,6.5158261424778825,87864.0,333743.55830888264, 0.0, -7.105427357601002E-15,0.0,19.672692214465595, 123.19707003674831,123.19707003674831,NaN, 132.4754821167847, 26.316861034615545, 3.051213579803709, 26.316861034615545, 197.06853218774896, -0.5288545946388039, 3.051213579803709, -0.5288545946388039, 182.5345125171015, 5.5052201449481, 4.0486205912742275, 23.0, 0.0
44, 0 ,1.0,1.0,1.0,112.17662717260818,212.9972597734746,151.7996241975051,11.372562779648852,13.066904879844056,11.707700095264036,56.0,62.0,56.0,-0.0636824916781965,0.9396455660527183,0.33617071623079237,13.259681790316778,-0.3050187181651989,-0.3390614382769602,0.8899443368224887,11.512315900406254,-0.9502147766807859,0.04586448812563685,-0.3082017633084825,11.348869999492782,62.4505827553991,59.04870021687712,52.22870806250198,20.146416867380967,5.592076201403006,76636.0,192599.9281917394, 0.0, 0.0,0.0,NaN, 205.2228639278463,205.2228639278463,0.0, 129.33518417705443, -2.427330605638699, -2.020952465383293, -2.427330605638699, 170.7440031388924, 13.725976317677125, -2.020952465383293, 13.725976317677125, 137.0702415206455, 6.332394966116867, 4.389135212545252, 16.0, 0.0
45, 0 ,1.0,1.0,1.0,180.89647029885623,9.779313737547657,142.40528840241052,12.966087516854133,6.382946014515023,12.41157340634941,65.0,26.0,59.0,0.8177140531174298,-0.006288199999259236,0.5755902934162755,13.490021247328604,-0.5753764955528415,0.020428985285115747,0.817633502815015,11.842002993952667,0.01690016862625223,0.9997715314515562,-0.01308698587965917,6.379253214755828,66.15177379216996,56.43513360045357,26.516928430220613,18.01541888061817,6.193001073468992,40655.0,98995.22972544027, 0.0, 0.0,0.0,NaN, 185.90468506582167,185.90468506582167,0.0, 168.11942549472056, -1.8964916610173852, 19.67130387125188, -1.8964916610173852, 40.741999824213224, 1.1512543978952217, 19.67130387125188, 1.1512543978952217, 154.0471544211999, 5.5795128896049935, 4.177251394614609, 16.0, 0.0
46, 0 ,1.0,1.0,1.0,89.16307930967616,18.447796337848693,218.25859442089808,12.790877720915024,10.762629257880027,12.4451092885093,61.0,43.0,58.0,-0.7665528898577435,0.01463897469504643,0.6420143047242947,13.598840435016438,-0.5824687804700931,0.40513683793137933,-0.7046944460747835,11.743647721737178,0.2704196494865422,0.9141388532224421,0.302032068166171,10.558397777485705,67.10370619068004,61.610316685999464,54.1931503501372,20.011394415493672,5.819414073981167,72198.0,224049.68956082303, 0.0, 0.0,0.0,NaN, 122.36026024716348,122.36026024716348,2.3360154559928683E-6, 163.6065528714003, -7.061973379897422, -25.29692914916829, -7.061973379897422, 115.83418854257519, -6.856399867415174, -25.29692914916829, -6.856399867415174, 154.88074520294046, 6.321507234227153, 4.602427738328883, 18.0, 0.0
47, 0 ,1.0,1.0,1.0,9.248345690823568,211.93035956310294,283.23335725105636,6.02221831087244,11.513735541569913,9.351042540690628,24.0,53.0,37.0,0.19244139324501752,0.9804387016844319,0.04130692926449728,11.677302885515438,-0.14455962682024742,0.06995849705150184,-0.9870199202568739,9.420593442585242,-0.9706022998424779,0.1839721743352527,0.15519476347754768,5.582851655943946,54.7499993239297,40.502409742429876,27.68615568611719,15.188844906514374,5.057094670724401,25086.0,61394.24143498681, 0.0, 0.0,0.0,NaN, 90.12720884267976,90.12720884267976,0.0, 36.267113383807306, 19.264843335799576, 9.051789218126386, 19.264843335799576, 132.5661061212102, 0.28424918749881095, 9.051789218126386, 0.28424918749881095, 87.44199659780584, 7.3041871316593765, 4.520336669341451, 9.0, 0.0
48, 0 ,1.0,1.0,1.0,20.794834201151,259.7047273225541,15.111523705124691,12.577851319958997,15.940831680821066,9.682403391828926,49.0,74.0,37.0,0.4162600554049597,-0.8976654498848539,0.14465236381505217,16.89119307282748,0.9081580610965324,0.40268823723465913,-0.11441643089272464,11.474465306197628,0.044457871515027066,0.17899420011795109,0.9828451424230006,9.438518764016678,79.47954438660548,56.37579133494522,43.62209301580401,21.278091488768123,7.300973670748384,72980.0,195458.4810110734, 0.0, 0.0,0.0,NaN, 47.796362605261315,47.796362605261315,0.0, 158.20234382699428, -57.75167330500679, 7.391228342516297, -57.75167330500679, 254.11011467626858, -27.44166587665466, 7.391228342516297, -27.44166587665466, 93.74893544210029, 7.546103033463035, 5.0045755953161315, 10.0, 0.0
49, 0 ,1.0,1.0,1.0,13.953242835595777,142.60267183796594,238.78023936847467,8.054900393987802,11.208621770988831,13.44393426724102,34.0,53.0,64.0,-0.11790973593716939,0.14216726027988433,0.9827948739567877,13.564793556397271,0.18101518714562048,0.9761938230385331,-0.1194952797563541,11.234508495953202,-0.976386601809889,0.16381114115323434,-0.14083718912351267,7.81256587624868,66.23135783537063,54.02995014654604,35.473513439542145,18.39277241105513,5.741072546064988,51051.0,126941.15060400039, 0.0, 0.0,0.0,NaN, 155.8142294295902,155.8142294295902,1.9073486328125E-6, 64.88142035706484, 9.456045477605358, -15.659430150779723, 9.456045477605358, 125.63320200508478, 9.57811551879769, -15.659430150779723, 9.57811551879769, 180.73936858189734, 6.053133597301761, 4.2788770302175365, 15.0, 0.0
