// Sample: .//bubblelabels.tif, Map: .//bubblelabels.tif, Thickness:(8.191250068658265):/afs/psi.ch/project/tipl/test/LabelValidation/SmallStep0500//distmap.tif, Neighbors:(1.0):
//LACUNA_NUMBER, TRIANGLES, SCALE_X, SCALE_Y, SCALE_Z, POS_X, POS_Y, POS_Z , STD_X, STD_Y, STD_Z,PROJ_X, PROJ_Y, PROJ_Z, PCA1_X, PCA1_Y, PCA1_Z, PCA1_S, PCA2_X, PCA2_Y, PCA2_Z, PCA2_S, PCA3_X, PCA3_Y, PCA3_Z, PCA3_S,PROJ_PCA1, PROJ_PCA2, PROJ_PCA3,OBJ_RADIUS, OBJ_RADIUS_STD, VOLUME, VOLUME_BOX, Mask_Grad_X,Mask_Grad_Y,Mask_Grad_Z,Mask_Angle, Mask_Distance_Mean,Mask_Distance_COV, Mask_Distance_STD, SHAPET_XX, SHAPET_XY, SHAPET_XZ, SHAPET_YX, SHAPET_YY, SHAPET_YZ, SHAPET_ZX, SHAPET_ZY, SHAPET_ZZ, Thickness, Thickness_STD, Neighbors, Neighbors_STD
1, 0 ,0.3333333432674408,0.3333333432674408,0.3333333432674408,162.52114716951775,15.609139622861699,151.03395022708042,15.371303702056492,10.150946269171753,16.22650932780514,77.0,41.0,77.0,-0.21956807570483403,0.03162088858297829,-0.9750846012200681,16.28125831145084,0.9724685952268985,0.08707298647764965,-0.2161553291577285,15.351707431976402,-0.07806850471668605,0.9956999620523678,0.04986876918688579,10.092769656770544,79.37004312341003,81.6533042788657,44.796284637030524,23.410796373644665,7.385993892321708,102827.0,290316.9388018767, 0.0, -1.7763568394002505E-15,0.0,88.18795448262462, 203.3100199210539,203.3100199210539,0.0, 236.27697750085562, 10.197345307070126, 6.816368028150747, 10.197345307070126, 103.04171015961192, -7.550920540552335, 6.816368028150747, -7.550920540552335, 263.29960496534716, 4.021457568633694, 4.7599281207596045, 29.0, 0.0
2, 0 ,0.3333333432674408,0.3333333432674408,0.3333333432674408,225.67669128022877,267.10970829569123,217.51916199407185,13.746653297611546,15.61764987445103,14.336905337143255,69.0,71.0,69.0,-0.15410198053556434,0.9122869796411404,0.3794536155741081,15.937320423789716,0.27792538033346825,-0.32851239411103295,0.9026832721846214,14.06942726906138,-0.9481614116602265,-0.24456507046731765,0.20292329522704475,13.655817557434224,78.30180907771248,65.64169408138088,68.39956002540376,24.337647571919995,6.790230467133927,133937.0,351564.3949795329, 0.0, 0.0,-2.8421709430404007E-14,67.7001575402785, 115.79643407985026,115.79643407985026,0.0, 188.9704768847344, -10.538867539751422, -1.0710836301448974, -10.538867539751422, 243.9109876009403, 19.9717586153124, -1.0710836301448974, 19.9717586153124, 205.54685464620675, 3.5912467803396453, 4.1044258459432665, 26.0, 0.0
3, 0 ,0.3333333432674408,0.3333333432674408,0.3333333432674408,123.73955625990492,153.84931854199684,206.0411410459588,14.496887948226572,14.946404684949913,14.176855090291365,73.0,68.0,69.0,-0.5821693517434393,-0.5841263795588217,0.5655751219724279,15.777592716420571,-0.534310664372635,0.7991684335469958,0.27539413348819713,14.536119971109342,-0.6128547624260557,-0.14186679500695218,-0.7773563228315301,13.202529216067594,78.4451287671417,80.45554404697124,67.74489001000168,24.1794432967428,7.063463406887714,126200.0,427561.40757942165, 0.0, 0.0,0.0,NaN, 213.3067430954359,213.3067430954359,0.0, 210.15976018343684, 9.581492883029819, -30.01450694216674, 9.581492883029819, 223.39501300629271, -16.51244581513517, -30.01450694216674, -16.51244581513517, 200.9832202511202, 3.5142027056243172, 4.093054801891445, 34.0, 0.0
4, 0 ,0.3333333432674408,0.3333333432674408,0.3333333432674408,112.66905929767559,111.33860284928768,167.63167020744814,14.3071869102314,14.27141683971213,15.558237976389105,68.0,78.0,73.0,0.037765347046219755,-0.4393597917211327,0.8975169925863473,15.957216233611149,0.9016651029567347,0.40216941149943575,0.15893334000208656,14.443110581113668,-0.43078279988005547,0.803257578783394,0.4113434592339351,13.681794898425094,88.60603661217117,73.19668033458791,74.71589953116819,24.44482548002013,7.271740649834195,128032.0,484582.49907624745, -1.4210854715202004E-14, 0.0,2.8421709430404007E-14,40.57097453589298, 206.42668465952826,206.42668465952826,0.0, 204.6955972842967, 6.645416312540318, 5.354352805234505, 6.645416312540318, 203.67333861281892, -25.225687069117402, 5.354352805234505, -25.225687069117402, 242.05876892995616, 3.9638581171469336, 4.466813863408845, 39.0, 0.0
5, 0 ,0.3333333432674408,0.3333333432674408,0.3333333432674408,107.73397731371999,11.690288187903322,121.78438681577084,15.592128242654155,7.663964363171507,15.366662176422968,73.0,33.0,85.0,-0.7846969921205865,0.06807755795593172,-0.6161299186532504,15.881874519409978,0.619708578448777,0.06281301986404281,-0.7823143884222987,15.119369750158791,-0.01455707229838025,-0.9957007435160007,-0.09147743441845976,7.560148110145981,76.88667394762864,85.0021014938229,35.55464135105849,21.990626261396677,7.375464457995758,74847.0,232368.3847427917, -1.4210854715202004E-14, 0.0,0.0,38.307337581746886, 163.01751310163783,163.01751310163783,0.0, 243.11446313537337, -3.7477076154108584, 11.200381122674457, -3.7477076154108584, 58.73634975996284, -16.606933200043095, 11.200381122674457, -16.606933200043095, 236.13430644430827, 4.800002657574148, 4.8104330938309685, 19.0, 0.0
6, 0 ,0.3333333432674408,0.3333333432674408,0.3333333432674408,119.6851135048763,28.80370130585707,268.42042950024796,14.200179902539668,15.441996672924207,15.94706446231287,70.0,64.0,66.0,-0.5183240181643084,0.574481155755836,0.6334916052130797,17.304418687996275,0.15510158172731375,-0.6653309380992124,0.7302590240138821,15.21460989438569,-0.8410016120910181,-0.4767663416071452,-0.25575406931434713,12.786007004082316,89.42749662462306,78.9685527364193,70.4817522797945,25.298071271341005,7.376776086230037,145192.0,497739.3141518916, -1.4210854715202004E-14, 0.0,0.0,58.78010304963989, 127.08835067204612,127.08835067204612,1.3486991523486091E-6, 201.6451092644915, -47.50215976085165, -36.94106000108896, -47.50215976085165, 238.45526124660225, 16.440221645728823, -36.94106000108896, 16.440221645728823, 254.30886496516206, 3.5466929153901066, 4.037594034039779, 27.0, 0.0
7, 0 ,0.3333333432674408,0.3333333432674408,0.3333333432674408,197.80701174269308,127.15438899283825,68.99580618104393,15.12772336668317,13.247557143547011,14.587589234958088,75.0,69.0,78.0,-0.8800279825366576,-0.21775599830807282,0.4220581419109392,15.561891274231371,0.3043473674570001,0.42364861631370676,0.8531673515890511,14.561867090138648,-0.3645866561936324,0.8792634275894434,-0.30654917228596534,12.764133775405176,73.31619726182618,75.22067518415241,67.46404803990166,23.878988908922608,6.851089906419997,123992.0,372057.06430391205, -2.8421709430404007E-14, 1.4210854715202004E-14,0.0,49.59506346254839, 177.12161573244603,177.12161573244603,0.0, 228.84801425889202, 21.520641446299916, -16.67930474461091, 21.520641446299916, 175.49777027154346, 10.472379526713556, -16.67930474461091, 10.472379526713556, 212.7977596878651, 3.31624647209095, 4.133050713797974, 32.0, 0.0
8, 0 ,0.3333333432674408,0.3333333432674408,0.3333333432674408,13.852496881214412,279.7734835291066,72.9888711848915,9.719077889172757,12.232498024136216,18.672474878233707,44.0,51.0,85.0,-0.1306029224477429,-0.16455768813196778,0.9776827931004876,18.911219701758483,-0.40428904386879716,-0.89157465133295,-0.20407109081930783,12.610084745774188,-0.9052586622925861,0.4219187224776714,-0.04991338464827773,8.72395169064953,84.53470480185635,64.05736287590679,41.58824135590655,22.984176602478318,8.030157340344394,80961.0,225203.24897782586, 0.0, 0.0,0.0,NaN, 76.99596713618227,76.99596713618227,0.0, 94.46047501580676, 35.9346097541358, -29.10754437704599, 35.9346097541358, 149.63400791049642, -30.20905239980026, -29.10754437704599, -30.20905239980026, 348.66131807826895, 5.999520816697302, 5.480012785875619, 12.0, 0.0
9, 0 ,0.3333333432674408,0.3333333432674408,0.3333333432674408,21.940582121216746,85.99584090111266,219.53311253224257,12.802456545773033,17.860887436790062,13.920863519534006,53.0,94.0,65.0,0.027060722394743643,0.989667148555879,0.14080714602870695,17.939911385022203,-0.4196142980446417,-0.11660183889529432,0.9001821215969236,14.089090732276583,-0.9072990456183547,0.08344427023775088,-0.4121231558460552,12.50446866527377,93.21217653908062,67.50029996864367,65.41288269458124,24.86547399496869,7.642829173224851,131038.0,411568.0379438425, 0.0, 0.0,0.0,NaN, 119.7981376101318,119.7981376101318,0.0, 163.9028936064068, 6.493556199393062, -15.287261602160733, 6.493556199393062, 319.01130002968506, 18.636605765732632, -15.287261602160733, 18.636605765732632, 193.7904411294927, 3.541202578963648, 4.092125601883112, 32.0, 0.0
10, 0 ,0.3333333432674408,0.3333333432674408,0.3333333432674408,96.98061809861724,256.79143316642904,48.43896110355804,12.347843940047634,13.675175538028542,17.863939468798357,71.0,76.0,83.0,-0.05328661526049894,0.3467631390909303,0.9364378580567342,18.47382930418099,-0.5290644145027124,-0.8051378540784733,0.26803708929327913,13.190799975343777,-0.8469069499897746,0.4811531578382445,-0.22636310821620892,11.971651354721754,88.2843745659134,61.211792991510805,66.25094701502698,24.47372888399959,7.722473944278871,120628.0,358023.0897074713, 0.0, 0.0,0.0,NaN, 116.69855820614504,116.69855820614504,0.0, 152.46924996777108, 9.409468537512934, -14.228460298932083, 9.409468537512934, 187.01042599589422, 57.662365474059484, -14.228460298932083, 57.662365474059484, 319.12033334489166, 3.7943723675738292, 4.099704468625046, 25.0, 0.0
11, 0 ,0.3333333432674408,0.3333333432674408,0.3333333432674408,232.31114437376132,121.58815295275318,11.961817249456017,15.030622034791955,15.921235049952429,8.136477244520435,81.0,86.0,33.0,0.6142022667357121,0.7831874015406993,0.09681461462320827,17.070447060342094,0.7672624654105524,-0.6213496560019801,0.15884871468898293,13.91112370991678,-0.18456403958743917,0.023283020726452466,0.9825446637364725,7.790254200387504,79.71294936423965,66.87247287899845,37.44733493320271,22.0553120246108,7.692255697536387,72153.0,199616.84015469946, -2.8421709430404007E-14, 0.0,0.0,52.10602158555672, 139.67299376171925,139.67299376171925,0.0, 225.91959875277348, 47.65494111416952, 29.908308770941147, 47.65494111416952, 253.48572551583374, 4.38298284735009, 29.908308770941147, 4.38298284735009, 66.20226195059887, 3.9100271210012676, 4.08828374763878, 29.0, 0.0
12, 0 ,0.3333333432674408,0.3333333432674408,0.3333333432674408,68.16501461301068,57.12235075313209,137.3757076580351,13.999366905110056,12.197859446914082,13.1620848792641,66.0,61.0,63.0,-0.8214560204588509,0.15468032294182618,0.5488934360570543,14.710089502216045,0.5316639647179451,-0.14040228244025585,0.8352368692209187,12.435754297782083,-0.20626059990289705,-0.9779372151524751,-0.03309634643760874,12.123357995271034,74.46584373437757,62.29859218987389,60.43092300763311,21.912352503775214,6.152993982605351,97858.0,280346.13620286644, 0.0, 0.0,0.0,NaN, 163.65059494942795,163.65059494942795,0.0, 195.98227374389074, -9.392269614764007, -27.889870294323952, -9.392269614764007, 148.7877750866711, 4.993487013942071, -27.889870294323952, 4.993487013942071, 173.24047836895264, 3.1377455051097947, 3.83880726596605, 27.0, 0.0
13, 0 ,0.3333333432674408,0.3333333432674408,0.3333333432674408,269.8122364745859,107.20478037324983,106.20100873525593,15.58368448451932,14.900195986761057,12.634943937402923,67.0,75.0,70.0,-0.7523946497054841,-0.6586321878665493,0.010292336988519467,17.62406357073968,0.3854849045868407,-0.427584808057792,0.8176629013559663,12.84064313888956,0.5341382587216882,-0.6191727327848874,-0.5756052879755873,12.207339509183335,87.62888807624756,65.52447405881966,65.0163478594963,23.850326111327828,7.46128777367284,112418.0,373313.2589724094, 0.0, 0.0,0.0,NaN, 153.8922358598021,153.8922358598021,0.0, 242.85122211304818, 77.46073141417155, 3.74863360301516, 77.46073141417155, 222.01584044389028, -6.641404597967595, 3.74863360301516, -6.641404597967595, 159.64180830131488, 2.9695628660549636, 3.78396033490252, 33.0, 0.0
14, 0 ,0.3333333432674408,0.3333333432674408,0.3333333432674408,226.1160556791165,95.20137663931283,131.39272566914642,13.390108643706538,12.673331525275831,14.753921253289569,69.0,58.0,76.0,0.3227634204619971,0.495984806884459,0.8061159009419543,16.158468502514697,-0.9460215661242639,0.14256040586482643,0.29106653381564035,13.03165559508906,0.029444368552703885,-0.8565486571231333,0.5152256080020583,11.254616025982804,78.95179603428483,64.39039701695529,57.977097278966625,22.66603195858296,6.620991545121253,104312.0,294740.34310567525, 0.0, 0.0,0.0,NaN, 178.28681303225787,178.28681303225787,1.9073486328125E-6, 179.29500949026453, 15.699815307965453, 23.092871990272446, 15.699815307965453, 160.61333194955023, 55.538666736271296, 23.092871990272446, 55.538666736271296, 217.67819234826962, 3.4756779504864346, 3.9335927838502283, 26.0, 0.0
15, 0 ,0.3333333432674408,0.3333333432674408,0.3333333432674408,255.61054152343945,34.12557166342849,264.4415184576296,13.164239199950588,14.072466697033514,13.809147407081529,80.0,69.0,66.0,-0.21276309224062986,0.8638652380460965,0.45658374596098583,14.42228107182579,0.5813183308836857,-0.2636762882869949,0.7697686751055796,13.977080360568506,0.7853667071876748,0.4291988647360964,-0.44608011584292184,12.596154097287197,62.925068670368034,67.86122931177351,64.93861214982918,22.681617543109756,6.896976902348092,100365.0,277299.07673190755, 0.0, 0.0,0.0,NaN, 66.32785444138217,66.32785444138217,0.0, 173.2971937135157, -14.69316649050866, 11.627599994737482, -14.69316649050866, 198.03431893911733, 12.012549622662133, 11.627599994737482, 12.012549622662133, 190.6925521105065, 3.5570615603283833, 3.752593160795222, 18.0, 0.0
16, 0 ,0.3333333432674408,0.3333333432674408,0.3333333432674408,88.0818244964112,284.8754649996141,173.46719147950915,10.912073778431584,9.084747801231234,15.719151099322902,52.0,37.0,70.0,0.13201087197061967,0.06093409300345669,0.9893736230521832,15.817549737878693,-0.9620720433055393,0.24825524090131837,0.11307837483326842,10.91071726997253,0.23872685892345968,0.9667762779851785,-0.09139537818546456,8.913982105978858,72.90182257623286,55.40283446407864,41.55046137271978,20.162474351897043,6.494023102078092,64785.0,167820.96759519397, 0.0, 0.0,0.0,NaN, 154.91194594890894,154.91194594890894,0.0, 119.07335414593412, -8.080988499852639, 17.99307583494808, -8.080988499852639, 82.53264261197573, 11.404311196367736, 17.99307583494808, 11.404311196367736, 247.0917112833444, 3.7578956603180473, 4.128077565699466, 15.0, 0.0
17, 0 ,0.3333333432674408,0.3333333432674408,0.3333333432674408,51.59833169927012,63.395085360349846,280.3046827582987,13.470502005607853,10.926379222785156,10.294554547075476,69.0,54.0,41.0,-0.9438326956099087,-0.26158561958971205,0.20187324320374922,13.735147920162625,-0.32900059653356745,0.8006255920401262,-0.5007566962617215,11.088176561027526,-0.03063413420174238,-0.5390469599156124,-0.8417184355991295,9.757873369164047,66.36574417755133,53.945151103632,52.12254046423692,19.34375980962114,5.712879917658841,64257.0,186604.43343707477, 7.105427357601002E-15, 0.0,0.0,19.294496311579113, 84.07871432916421,84.07871432916421,0.0, 181.4544242830852, 15.764572780407233, -13.234451312826913, 15.764572780407233, 119.38576292011115, -16.05230529257406, -13.234451312826913, -16.05230529257406, 105.97785332271236, 3.9678526106584524, 4.071522368907134, 17.0, 0.0
18, 0 ,0.3333333432674408,0.3333333432674408,0.3333333432674408,177.20237577864697,271.4033173982327,283.69029407503984,11.746825148222197,15.976433209063927,9.146374994106386,59.0,66.0,38.0,0.22400224081297274,-0.9719130255155317,0.07216693802574892,16.203713802372125,0.9661793304999048,0.231166253276628,0.11427888983010638,11.500858714754868,-0.1277517022411938,0.044127476466383486,0.9908240350310373,9.058719695048692,74.73152908678907,61.46179686709968,42.64044024085712,20.757441736569394,6.783738440735912,69030.0,195853.25841646674, 0.0, 0.0,0.0,NaN, 127.13391867473266,127.13391867473266,NaN, 137.98790106290545, -28.08260675146049, 8.46169189876415, -28.08260675146049, 255.24641808368068, -11.333861760730144, 8.46169189876415, -11.333861760730144, 83.65617553281459, 3.2973037474909743, 4.0207817799029275, 15.0, 0.0
19, 0 ,0.3333333432674408,0.3333333432674408,0.3333333432674408,200.4412408808158,191.17105775819215,13.974741707084414,14.477000519700308,15.224377761794793,8.357829904865724,81.0,84.0,36.0,-0.47221252051700285,-0.8813081683231995,0.017642219638858914,15.522078602374961,0.8808882499763174,-0.4710623020048842,0.046219029452381225,14.169121883228383,-0.03242262359279745,0.03736602837693076,0.9987755270343255,8.33784168234288,85.92282386210525,77.71836947886067,38.06222753678383,21.45567673236515,7.132494581570187,74431.0,254171.24923094764, 0.0, 0.0,0.0,NaN, 148.1586264535488,148.1586264535488,0.0, 209.583544047403, 16.87671966123605, 3.9154187483162803, 16.87671966123605, 231.78167823383183, -5.522664097145256, 3.9154187483162803, -5.522664097145256, 69.85332071866779, 3.710466333174974, 4.2214645525462275, 26.0, 0.0
20, 0 ,0.3333333432674408,0.3333333432674408,0.3333333432674408,72.82290190158865,27.80405169081236,27.561088305137787,12.597299991706944,15.41485347215827,13.958280944131257,59.0,61.0,65.0,-0.11783469649245848,0.8500687908033656,0.5133205969027878,16.178667997608596,-0.40624857237239714,-0.5129520425436751,0.7562025518970842,13.262901269750133,-0.9061330375545967,0.11942886147148853,-0.4057827809305175,12.389085248575993,75.35775415931147,73.17965063961235,60.89735084381811,23.278941734172754,7.016705302451937,108646.0,335827.826871921, 0.0, 0.0,0.0,NaN, 82.67922302705422,82.67922302705422,0.0, 158.69196708105977, -6.173133308332477, -13.434374941745075, -6.173133308332477, 237.6177075681099, 38.545312380833806, -13.434374941745075, 38.545312380833806, 194.83360691529776, 3.244016153454921, 3.5662672384068257, 19.0, 0.0
21, 0 ,0.3333333432674408,0.3333333432674408,0.3333333432674408,237.01106170298777,33.97229061776488,92.68046929550549,13.833828751297732,13.361127894118997,14.00129669809681,67.0,70.0,76.0,0.6777292749542659,-0.375690815291975,0.6320913234456045,14.820729939836538,0.3346307784948824,-0.6078662076239607,-0.7200839643491391,13.528399917099362,-0.6547558872998959,-0.6995391947089991,0.28625101416765575,12.777293355199761,69.82874614836066,65.67946693697863,65.10360075297514,22.862759069639647,6.574580859261861,108844.0,298585.60922276264, 2.8421709430404007E-14, 0.0,0.0,47.33354560382831, 117.09565434480405,117.09565434480405,1.3486991523486091E-6, 191.37481792023175, -18.378125003709755, 19.397768503254365, -18.378125003709755, 178.51973860300475, -4.743593625783238, 19.397768503254365, -4.743593625783238, 196.03630922813664, 3.9260946347680306, 3.9736438771183913, 23.0, 0.0
22, 0 ,0.3333333432674408,0.3333333432674408,0.3333333432674408,288.1305105769553,53.72412752690335,154.35963324281738,7.757867994341888,13.919173786098526,15.009421353613643,35.0,67.0,63.0,0.01883091118451108,0.1477806858650379,-0.988840869740536,15.038728641969104,0.1290601496640323,-0.9811012015756234,-0.144166258311594,13.971779807350742,0.9914579540014082,0.12490516863655643,0.037547627025082825,7.605041349242223,68.10604547370495,61.49859624973425,38.924801077251914,20.692705473816943,7.143009467265734,59658.0,163033.65637967852, 0.0, 0.0,0.0,NaN, 155.68648973773352,155.68648973773352,0.0, 60.18451581763423, -16.92601255363012, -5.6903701838575875, -16.92601255363012, 193.74339888761236, -5.167440344793846, -5.6903701838575875, -5.167440344793846, 225.2827293703132, 3.5567094520902836, 3.8330887482751255, 15.0, 0.0
23, 0 ,0.3333333432674408,0.3333333432674408,0.3333333432674408,81.12511158721657,9.10681128369934,268.18097214783074,13.687468077411568,5.9625849459395495,13.994699796990735,62.0,24.0,61.0,0.676197080809801,-0.03393084592351568,0.7359389958408364,15.565060794498047,0.736408024411703,0.0020256876255325545,-0.6765346392991989,11.881329560798859,-0.021464610090960196,-0.9994221301755126,-0.0263567112721717,5.942534337037143,76.96547606586773,57.21621996604797,25.616948151739997,19.249317713713598,6.943672772540747,44808.0,112808.67850296118, 0.0, 0.0,0.0,NaN, 87.6165981721065,87.6165981721065,NaN, 187.34678237016072, -4.590514730771672, 50.25404994954605, -4.590514730771672, 35.55241923754494, -5.313005103988528, 50.25404994954605, -5.313005103988528, 195.8516224078925, 3.9837967603234783, 4.197043370431567, 13.0, 0.0
24, 0 ,0.3333333432674408,0.3333333432674408,0.3333333432674408,261.63297759032037,273.16581458759373,52.777767126789364,15.163911359670351,13.504275733596048,11.82462006710685,77.0,56.0,64.0,0.8314313582617664,0.3820489765743317,0.40343583876187755,16.43829685716194,0.3840868438641221,-0.9198640656562618,0.07954493751854833,12.955603727361533,0.401496192845575,0.08881824256783027,-0.9115438151387298,10.68017036567078,93.23286078890857,62.99709014265936,56.8808750039214,22.411355350534556,7.061335702003778,93888.0,334084.0706913376, 0.0, 0.0,7.105427357601002E-15,66.20685417375628, 70.55207026177095,70.55207026177095,0.0, 229.9442077239395, 30.599691173247884, 54.02094066783878, 30.599691173247884, 182.36546308899108, 20.132761602869024, 54.02094066783878, 20.132761602869024, 139.821639731426, 2.965492606096366, 3.587443098278104, 24.0, 0.0
25, 0 ,0.3333333432674408,0.3333333432674408,0.3333333432674408,86.13720853626974,60.5736570904214,219.61715018470153,11.879910116675182,12.902381171057932,13.148414423251586,69.0,64.0,62.0,0.10671048309723882,0.6629381696611245,0.7410302665907189,14.032656671973113,-0.5098839726785118,-0.6033425706982264,0.613185189635916,12.021475544230722,-0.85359897329058,0.4432727440184129,-0.27363857039469774,11.792081180822708,69.04195256815262,62.441040801452374,67.0968933111867,21.07355465153629,6.032395913523896,85002.0,289258.15432308166, 0.0, -7.105427357601002E-15,0.0,48.475658850999174, 132.47712697729224,132.47712697729224,0.0, 141.13226438028136, 5.773833996310581, 2.867569908894401, 5.773833996310581, 166.47143988327028, 26.404278989829745, 2.867569908894401, 26.404278989829745, 172.88080184557035, 3.026629058749226, 3.6327811889992763, 25.0, 0.0
26, 0 ,0.3333333432674408,0.3333333432674408,0.3333333432674408,164.17459707135762,100.84749057430015,212.49483589135613,14.93085406845718,11.203343144051816,14.661104225567373,69.0,53.0,73.0,0.7196587957973681,-0.10189772151850952,0.6868100698015558,16.345320622697898,0.6788562687068046,0.31091553335224054,-0.6651959843217387,13.343258318990523,0.14575796399839297,-0.9449594623419718,-0.2929270053467503,10.871119036409434,72.34497836008163,68.81183145572864,57.92993543423495,22.642411688199356,7.121409331863136,93627.0,288386.2517870656, 0.0, 0.0,0.0,NaN, 190.462358962453,190.462358962453,0.0, 222.9304032135643, 1.709197897849055, 46.60855220912728, 1.709197897849055, 125.51489760337283, -22.80735512520211, 46.60855220912728, -22.80735512520211, 214.94797711294947, 3.127469896250977, 3.6562345314007296, 28.0, 0.0
27, 0 ,0.3333333432674408,0.3333333432674408,0.3333333432674408,144.43238587424634,285.8211114081202,25.295434969853574,14.113037555916204,9.147975409759797,13.539828536422338,71.0,39.0,60.0,-0.8418673583771479,-0.17467240627986058,0.5106357815346336,14.580305119390465,-0.5180139090291673,-0.0038937012100194873,-0.8553633316569097,13.190053962899757,-0.1513966345445116,0.9846189057575983,0.08720475602457242,8.923419693663211,80.31452880142695,65.13715038796568,43.78871733164013,20.52167490928647,6.712011536458134,67338.0,229078.90306738127, 0.0, 0.0,0.0,NaN, 147.31467680221894,147.31467680221894,0.0, 199.17782905470122, 19.741891951664194, -15.351345222344955, 19.741891951664194, 83.68545409756992, -11.544806652308557, -15.351345222344955, -11.544806652308557, 183.32695679571665, 3.53316206275583, 3.9711629985405477, 14.0, 0.0
28, 0 ,0.3333333432674408,0.3333333432674408,0.3333333432674408,183.10348775449987,281.05041015048687,119.73726763056949,13.007303765446823,11.395821993399153,14.89168191812488,66.0,44.0,84.0,-0.514137933947041,0.16433625106182825,0.8418169524686543,15.844724320775144,0.6812871120271664,-0.5180087482262652,0.5172183366304226,12.39223398488138,-0.5210662682062153,-0.8394406073975701,-0.1543677776922606,10.779338966979475,80.39267508231188,63.272710889581134,54.27494588230735,21.711684631768808,7.02991116253193,84725.0,276078.33126444696, 0.0, 0.0,1.4210854715202004E-14,32.66751440267743, 168.40693213244447,168.40693213244447,0.0, 169.1899512466071, -24.584136868686507, -45.199862644849105, -24.584136868686507, 129.86475890523982, 8.6436368244301, -45.199862644849105, 8.6436368244301, 221.76219035060748, 3.5434034925342206, 3.9217443670631718, 25.0, 0.0
29, 0 ,0.3333333432674408,0.3333333432674408,0.3333333432674408,105.7026170996603,34.011989856944645,160.83607482895556,11.258939293974292,12.513162861136992,17.77024282473804,60.0,71.0,84.0,-0.013718634943797615,-0.16651885539313493,0.9859428329542433,17.902986696715374,0.19171190447715938,-0.9681804461788794,-0.16085138892345838,12.364397451388438,-0.9813553610884381,-0.1868103167264201,-0.04520576099962574,11.212904702449844,84.81363376073892,68.66599302528311,63.22106669455687,23.340248223489226,7.372740449169366,104505.0,368187.6311621289, 0.0, 0.0,0.0,NaN, 178.0349875298627,178.0349875298627,0.0, 126.76371402539834, -4.594214432092981, -3.4718574849597577, -4.594214432092981, 156.57924478933813, -27.751854952018032, -3.4718574849597577, -27.751854952018032, 315.7815300501539, 3.0942415058310537, 3.6377039146621986, 23.0, 0.0
30, 0 ,0.3333333432674408,0.3333333432674408,0.3333333432674408,255.36522454012947,9.991162264926523,24.39667043469325,13.276528546810493,6.386586272886525,11.524523820001622,65.0,27.0,46.0,-0.968587437565973,0.01711481076210533,-0.248083572696701,13.389822936552953,0.24864001344232395,0.08295930367481648,-0.9650367338341015,11.421730886789636,0.0040644193660281,-0.9964059600315356,-0.08460876614660062,6.33451253298921,66.30585487879418,52.95936022251044,28.933571308369874,17.680716656514168,6.104228228461416,38924.0,101600.68855774606, 0.0, 0.0,0.0,NaN, 51.83902036165602,51.83902036165602,0.0, 176.26621025427394, -0.4436687585601955, 11.764796349306415, -0.4436687585601955, 40.7884842210226, -7.822565650253475, 11.764796349306415, -7.822565650253475, 132.81464927778478, 5.137985928822318, 4.1249752646248705, 12.0, 0.0
31, 0 ,0.3333333432674408,0.3333333432674408,0.3333333432674408,151.21400294773255,97.08732353191955,155.006407055069,11.462267353089366,12.41869423482844,13.676897046437318,53.0,63.0,69.0,-0.06917751239550048,-0.2848639654771031,0.9560685085031457,13.772911420389784,-0.505511451059446,-0.8162035613882359,-0.27976761646933707,12.760470354269676,-0.8600422342109396,0.5026572068018327,0.087539064557692,10.96094701814613,76.91560496784777,64.2244838634561,49.9580143987923,20.872889689273038,6.081737269082003,82097.0,246785.84830210128, 0.0, 0.0,0.0,NaN, 229.31716748754178,229.31716748754178,4.672030911985737E-6, 131.3835728736983, 18.983346685843262, 1.4370979993117268, 18.983346685843262, 154.2239664981611, -9.194586064993622, 1.4370979993117268, -9.194586064993622, 187.05751281884582, 2.9071965801348774, 3.4318352397943293, 23.0, 0.0
32, 0 ,0.3333333432674408,0.3333333432674408,0.3333333432674408,177.19629984840515,285.325928905114,241.76142375398322,14.550288717276288,8.95157480149051,12.355824126900146,66.0,38.0,57.0,-0.9726696847501799,-0.13192499455080448,0.1910745409015971,14.704691838764624,-0.2009602095587557,0.06608114790470052,-0.9773680351155845,12.283588934609304,-0.11631284770861267,0.9890546383817063,0.09078680385136241,8.797355503228118,65.95307668878095,60.86342877052195,40.12820720132794,20.109762502807992,6.332885212783197,64646.0,161079.85583223327, 0.0, 0.0,0.0,NaN, 136.7033609556974,136.7033609556974,0.0, 211.71090175609766, 16.839200603194524, -11.367794874207931, 16.839200603194524, 80.13069142667986, -8.246267340537502, -11.367794874207931, -8.246267340537502, 152.66638985488774, 3.595933033696194, 3.9653669244770366, 12.0, 0.0
33, 0 ,0.3333333432674408,0.3333333432674408,0.3333333432674408,48.04376859880683,105.10399669670953,260.1004798314183,13.705707486820245,10.910748994039693,10.876458608811905,66.0,52.0,49.0,-0.9366392280953876,0.30591779224886984,0.17064952615947762,14.114206856387147,0.025461764674632105,0.5453262177854401,-0.8378371051317076,10.92927702771477,0.34936893813350156,0.7804060613433264,0.5185631345227557,10.321253880270431,66.81264520752089,50.27705434101131,50.15326950825471,19.810414859688542,5.721509965162872,70233.0,168472.00388307348, 0.0, 0.0,0.0,NaN, 122.2580284990752,122.2580284990752,0.0, 187.84641771428053, -26.377353748888705, -15.08974235760643, -26.377353748888705, 119.04444361093817, -1.0649823400493397, -15.08974235760643, -1.0649823400493397, 118.29735186919861, 3.2855308969959, 3.6969552640847074, 21.0, 0.0
34, 0 ,0.3333333432674408,0.3333333432674408,0.3333333432674408,57.20794482952746,132.4932620245593,283.44555082509413,12.939503060598819,11.591332696911909,9.712363363654832,68.0,57.0,41.0,-0.9415336674904208,0.28974273679986806,-0.17194039506107966,13.162286246146278,-0.2958569414626935,-0.9551746141354278,0.010494126908752498,11.443447180348024,0.16119250345589267,-0.060750333192165946,-0.9850514574613161,9.587568652088144,67.02785857316881,55.762001281467704,45.188043332858484,19.001104249644506,5.922649115686872,56842.0,168895.1712822192, 0.0, 0.0,0.0,NaN, 145.2627385843022,145.2627385843022,0.0, 167.4307394552462, -11.155507496750477, 13.044220633464528, -11.155507496750477, 134.35899369049912, -4.442689455578361, 13.044220633464528, -4.442689455578361, 94.3300021076646, 3.965893673486157, 3.9480638617460415, 12.0, 0.0
35, 0 ,0.3333333432674408,0.3333333432674408,0.3333333432674408,82.02463784792809,210.7044736808459,64.99272499456612,11.447300575199696,12.423183325160347,13.110074267059996,51.0,58.0,62.0,0.2943303986109716,-0.4677044348569735,0.8334399666854395,13.730555382643955,-0.29994187530758804,-0.8732138141001173,-0.38409960466224613,12.053467836077877,-0.9074163806602095,0.13693135681736895,0.39729751525737045,11.110174781978966,63.696626395351025,58.81029557523112,56.01778824809307,20.551547156862632,5.906278958580396,78213.0,209843.61091284206, 0.0, -2.8421709430404007E-14,0.0,62.11461068026629, 137.57102360932626,137.57102360932626,0.0, 131.04069045896728, -3.237729287752584, 18.48484291531471, -3.237729287752584, 154.3354839305421, -18.04461092753886, 18.48484291531471, -18.04461092753886, 171.87404728782872, 3.5324510373477596, 3.7534958098170805, 22.0, 0.0
36, 0 ,0.3333333432674408,0.3333333432674408,0.3333333432674408,184.96239076154808,13.482183728672492,9.969257178526842,16.457923134508935,8.981149335106354,6.525498304398306,78.0,35.0,26.0,-0.9987889205454829,0.049018083157087035,-0.00423316893051791,16.4718915245362,0.048870063927271494,0.9784460480322277,-0.20063660668447206,9.047237428376581,-0.005692894460097166,-0.20060049504854172,-0.9796565889835815,6.3977097402184,77.17449772412186,39.39782433807081,27.39640028898311,18.525577386418803,7.135081492274594,38448.0,83298.95520151638, 0.0, 0.0,0.0,NaN, 116.25320170250816,116.25320170250816,0.0, 270.86323390140444, -9.322975507915613, 0.5728658416601633, -9.322975507915613, 80.6610433794813, -8.08125413110494, 0.5728658416601633, -8.08125413110494, 42.58212812070517, 4.452903871957401, 4.132592527010522, 10.0, 0.0
37, 0 ,0.3333333432674408,0.3333333432674408,0.3333333432674408,199.71766428222858,171.2461287596558,50.66941214278063,11.51596987204496,12.043870883121432,14.517688696084528,59.0,54.0,69.0,-0.22282922615459244,0.3804558355038054,0.8975525016412392,15.087104689783844,0.5985618121373193,-0.6733202266658427,0.43400878955793876,11.899593118207106,-0.769461430496834,-0.6339504945922514,0.07769090927519111,10.918545174160725,80.49179442571662,59.885201770005125,51.496654601109014,21.16425012425004,6.364761558592162,84017.0,248227.64280866442, 0.0, 0.0,0.0,NaN, 170.88445085285528,170.88445085285528,0.0, 132.61756209384723, -18.21227346480139, -15.865942304070591, -18.21227346480139, 145.05482584930024, 30.47671573966498, -15.865942304070591, 30.47671573966498, 210.7632850764205, 3.1120717114985044, 3.4495182001008473, 24.0, 0.0
38, 0 ,0.3333333432674408,0.3333333432674408,0.3333333432674408,23.595648270398733,128.38024821758648,60.54863480327436,13.729429092522876,12.384959431207557,13.281952196255979,56.0,60.0,63.0,-0.7014045681118464,0.5322056856686874,-0.4741189091079963,14.664444790946728,0.6125654695744758,0.11001572145392594,-0.7827260609676757,13.229415467450801,-0.3644107261275879,-0.8394365069347975,-0.40317635534374946,11.323927005493653,73.71772643977133,71.9971489548632,58.96519979654451,21.875230762038292,6.306264866821052,94675.0,312955.800833591, 0.0, 0.0,0.0,NaN, 143.89016619022226,143.89016619022226,0.0, 188.49722320661354, -29.254157250957185, 6.437547795499935, -29.254157250957185, 153.38722011265702, -25.93468025263056, 6.437547795499935, -25.93468025263056, 176.41025414362903, 3.710099951530592, 3.726152813976388, 21.0, 0.0
39, 0 ,0.3333333432674408,0.3333333432674408,0.3333333432674408,140.18485546711352,272.8899245915375,81.44176790950985,12.324697574706157,11.791601832191011,13.269570298654566,62.0,52.0,66.0,0.5326399341626354,-0.4288162093690309,0.7296652377067167,14.445842870272202,0.6056262203570488,-0.4091146225220995,-0.6825262682524649,11.79130142829154,-0.5911950454386934,-0.8054451466245086,-0.041791554502860505,10.922654182130346,66.77174852054918,60.07223840414538,49.056599903800134,20.705260804155422,6.189807349162817,76384.0,196772.32087494712, 0.0, 0.0,0.0,NaN, 164.3761279846149,164.3761279846149,0.0, 151.89817030796783, -25.302965741942174, 26.580975559249737, -25.302965741942174, 139.04187376893043, -22.456333989014077, 26.580975559249737, -22.456333989014077, 176.08149591093542, 3.440770790206013, 3.774849268400384, 17.0, 0.0
40, 0 ,0.3333333432674408,0.3333333432674408,0.3333333432674408,9.264541417685434,169.9992599089962,94.10035085795735,5.920192488081516,12.009780497022811,12.810427625936638,24.0,58.0,62.0,0.12240113780238072,0.5923846389151327,0.7963029580769312,13.750130964960501,-0.05475517305282502,-0.7970833713334136,0.6013817175203409,11.040410149836255,-0.9909691380101794,0.11721151275001844,0.06512778815693397,5.695068464188461,63.13626115899402,56.252857836386,27.14344605062792,17.54498314987751,5.963566794502072,36482.0,96402.53062290784, 0.0, 0.0,0.0,NaN, 160.75105033398506,160.75105033398506,0.0, 35.048679095936805, 15.261475319836505, 12.320994294990777, 15.261475319836505, 144.23482758666947, 31.00495338723701, 12.320994294990777, 31.00495338723701, 164.1070559593606, 4.684265571032744, 4.216848973252162, 11.0, 0.0
41, 0 ,0.3333333432674408,0.3333333432674408,0.3333333432674408,195.06349227633555,166.01806211113495,185.60972698991634,12.008420423667868,12.737513221134478,11.226504765397168,58.0,60.0,55.0,0.5183014128573584,0.7743839741133502,0.3628954478448037,13.54489581906695,0.7873997778438941,-0.5977020742314245,0.15084369496547903,11.4930291376202,0.33371430188329043,0.20756129479232677,-0.919539598724645,10.81327387381177,63.19400346379058,54.28723288261037,49.58060425734011,20.031647410130244,5.58694150800265,74576.0,170092.5885382766, 0.0, 0.0,-2.8421709430404007E-14,68.72187776985376, 205.05600428423415,205.05600428423415,0.0, 144.20216107156358, 19.569613225485078, 14.315905153169147, 19.569613225485078, 162.24424305857562, 17.33126874255238, 14.315905153169147, 17.33126874255238, 126.03440924748531, 3.5290301582506065, 3.6386310104411637, 23.0, 0.0
42, 0 ,0.3333333432674408,0.3333333432674408,0.3333333432674408,72.63578450354123,244.53827897622944,186.4499044430843,13.66285740850695,12.401260441093566,11.040233125461633,67.0,61.0,60.0,0.8984944684378757,0.23767531155821053,0.3690774125603549,14.192437373291819,0.2662888404972355,-0.9634922715519085,-0.027801008729559987,12.313436535596995,-0.3489956211948467,-0.1232602488049195,0.9289827595016888,10.45493580308269,66.6225377704474,57.425504600248985,52.442489501205316,20.678011422865197,5.896738433529899,80057.0,200636.1990284336, 0.0, 0.0,2.8421709430404007E-14,68.34126982089474, 145.75864945295055,145.75864945295055,0.0, 186.67367256519324, 8.815483198082386, 30.23488656521521, 8.815483198082386, 153.79126052783218, 9.214238203207103, 30.23488656521521, 9.214238203207103, 121.88674746454032, 2.913189092566203, 3.5381376386219103, 29.0, 0.0
43, 0 ,0.3333333432674408,0.3333333432674408,0.3333333432674408,28.610527214332205,174.61464590958076,228.61984229451872,13.144977588867436,14.739695140771227,12.33039082849494,62.0,80.0,60.0,-0.4196160940144392,0.7970700287496412,0.43428297561971146,15.61745658502091,-0.738819120364104,-0.5778639238939709,0.346726971616393,13.238153011625348,0.5273221416065105,-0.17536434851733473,0.8313715801256458,11.087557949968783,77.93376631222716,69.99082332407977,58.66247295261448,22.264307347107884,6.810888707922075,93719.0,319983.1682751664, 0.0, 0.0,0.0,NaN, 147.08900775354098,147.08900775354098,0.0, 172.79043581182714, -18.12527672781828, -35.446196997490354, -18.12527672781828, 217.2586128428749, 31.392754985290935, -35.446196997490354, 31.392754985290935, 152.03853798343212, 2.876961993803411, 3.5145884536714322, 29.0, 0.0
44, 0 ,0.3333333432674408,0.3333333432674408,0.3333333432674408,231.40851045123856,83.36856276237994,280.57419170494757,12.880644101815411,15.597727449731812,11.422012873773186,62.0,74.0,51.0,-0.13102432023084043,0.9559116128351254,0.2628033788880855,15.902321163592681,-0.9452847024340882,-0.20035464922169868,0.25747785512417853,13.002076648200491,0.29877995055248174,-0.21468815286875614,0.9298599562115027,10.850099382340298,72.57179983303104,66.41619145537132,54.32154858145043,22.183986370798337,6.894434049479631,90994.0,261826.74349671855, 0.0, 0.0,0.0,NaN, 109.69262383359633,109.69262383359633,NaN, 165.91099247763213, -7.206994032608484, -17.147063037742146, -7.206994032608484, 243.28910159611726, 31.30633154703806, -17.147063037742146, 31.30633154703806, 130.46237808864038, 3.0128008516289486, 3.7534218493866636, 20.0, 0.0
45, 0 ,0.3333333432674408,0.3333333432674408,0.3333333432674408,32.287233910352796,175.86839979619987,57.710628673683686,12.590414333093335,11.495285806707392,12.970615892472052,61.0,54.0,66.0,0.607174877179427,0.3414787177131129,0.717447526911311,13.523815150891545,-0.6694895957438787,-0.2664270539104479,0.6933976536845917,12.3679398661362,-0.42792797257581255,0.9013372899717438,-0.06684863494153727,11.092226679934658,62.67359985701958,57.05678365895259,56.720073428807424,20.612528074717854,5.832725936972388,80471.0,202828.37505582668, 0.0, 0.0,0.0,NaN, 140.64720510785028,140.64720510785028,0.0, 158.5185330789621, 17.748739385749225, 12.18081705007352, 17.748739385749225, 132.1415957778884, 9.13534761161544, 12.18081705007352, 9.13534761161544, 168.23687663004856, 3.1331588723083668, 3.6359493930115283, 19.0, 0.0
46, 0 ,0.3333333432674408,0.3333333432674408,0.3333333432674408,194.13826411901573,236.70487202989494,116.19610801663964,12.06458992746651,12.280915023594304,11.256547430501813,55.0,57.0,51.0,0.5250072907151159,0.8060580016778275,0.2731992727426635,12.414592413200644,0.787692668932537,-0.5817569545683134,0.20272914225966068,12.059738835965538,-0.32234702419273215,-0.10876278657035289,0.9403526212286226,11.114209752034249,61.14968719109453,58.568881578074915,55.28090014894181,19.79145006388369,5.602103922513037,70915.0,197986.81843561085, -2.8421709430404007E-14, -2.8421709430404007E-14,0.0,20.965277941333618, 169.45358027112272,169.45358027112272,0.0, 145.55433011792638, 2.9070821370215056, 7.88752959031034, 2.9070821370215056, 150.8208738167443, 4.153540783758773, 7.88752959031034, 4.153540783758773, 126.70986005513697, 3.404401070271209, 3.703325046776438, 19.0, 0.0
