// Sample: .//bubblelabels.tif, Map: .//bubblelabels.tif, Thickness:(8.191250068658265):/afs/psi.ch/project/tipl/test/LabelValidation/Step4900//distmap.tif, Neighbors:(1.0):
//LACUNA_NUMBER, TRIANGLES, SCALE_X, SCALE_Y, SCALE_Z, POS_X, POS_Y, POS_Z , STD_X, STD_Y, STD_Z,PROJ_X, PROJ_Y, PROJ_Z, PCA1_X, PCA1_Y, PCA1_Z, PCA1_S, PCA2_X, PCA2_Y, PCA2_Z, PCA2_S, PCA3_X, PCA3_Y, PCA3_Z, PCA3_S,PROJ_PCA1, PROJ_PCA2, PROJ_PCA3,OBJ_RADIUS, OBJ_RADIUS_STD, VOLUME, VOLUME_BOX, Mask_Grad_X,Mask_Grad_Y,Mask_Grad_Z,Mask_Angle, Mask_Distance_Mean,Mask_Distance_COV, Mask_Distance_STD, SHAPET_XX, SHAPET_XY, SHAPET_XZ, SHAPET_YX, SHAPET_YY, SHAPET_YZ, SHAPET_ZX, SHAPET_ZY, SHAPET_ZZ, Thickness, Thickness_STD, Neighbors, Neighbors_STD
1, 0 ,1.0,1.0,1.0,95.11712141955066,279.09612955946807,16.46068536619016,17.74565672259691,13.007764627955675,10.730331994689415,82.0,55.0,48.0,-0.9664304945022187,0.24159944635924827,0.08741742855461812,18.0339148634786,-0.25674446227949654,-0.8952566338077028,-0.3641398642171896,13.002823511928822,-0.009714956768272151,-0.37435980973150096,0.9272326312596991,10.24474466559493,87.49811591453894,71.31155579413857,51.45153587976989,23.203908806712864,7.799289322662649,94227.0,321038.3808862541, 0.0, 0.0,0.0,NaN, 98.76837929854268,98.76837929854268,0.0, 314.9083325162489, -36.6921995374817, -12.614305068624407, -36.6921995374817, 169.20194061629482, 25.554629903881093, -12.614305068624407, 25.554629903881093, 115.14002471625531, 8.27981123030872, 6.448213106357287, 15.0, 0.0
2, 0 ,1.0,1.0,1.0,29.34933885899137,166.1536649721978,16.76204886629597,16.579406206017214,18.00395416346922,10.850168171135051,66.0,85.0,48.0,-0.0665597024668498,0.9959227620235189,0.06089054188434877,18.031092973708304,-0.9976607440851224,-0.06738065498376926,0.011527664354846603,16.57382309981198,-0.015583507918442954,0.05998082541448942,-0.9980778801594354,10.813570133677436,85.0527929868002,69.37505950611207,50.38018239130613,25.564419508422908,7.950200010294031,134162.0,297270.41111703747, 3.552713678800501E-15, 0.0,0.0,86.18358851061896, 138.0477865596934,138.0477865596934,0.0, 274.87671014412217, -3.1953755155481196, -2.6580828123131637, -3.1953755155481196, 324.1423655203007, 12.50239710627806, -2.6580828123131637, 12.50239710627806, 117.72614934191213, 7.973232800891661, 5.750643226515926, 17.0, 0.0
3, 0 ,1.0,1.0,1.0,70.50552790726975,251.1966816807358,206.20877693083028,15.469291019777081,13.304770507008037,14.162043149941008,79.0,74.0,72.0,0.8968780088890553,0.034572273616859425,0.4409247045337378,15.86540027868088,-0.4421486005996898,0.04597231242332486,0.8957628935595555,13.720966791487688,-0.010698231579983586,0.9983442814918174,-0.05651763842950118,13.300507260387569,81.88951024203794,74.09049898646722,74.64732730524756,23.916727958638546,6.698467946625092,126992.0,452902.8526665149, 0.0, 0.0,0.0,NaN, 127.08102481985647,127.08102481985647,0.0, 239.29896465455587, 2.088623137363993, 25.083209482443806, 2.088623137363993, 177.01691824415087, 1.6082145221641038, 25.083209482443806, 1.6082145221641038, 200.563466180791, 6.995402332017482, 5.178220494844084, 32.0, 0.0
4, 0 ,1.0,1.0,1.0,130.19201605709188,190.4199694150631,18.7283887685315,14.869749103527319,13.525539943469104,11.185404003611138,72.0,64.0,45.0,-0.9923960339798806,0.01212378569431171,-0.12248724652567587,14.917428110286483,-0.05137102928909596,-0.9451191629235759,0.3226620294122285,13.818890531878722,-0.11185315860887492,0.3265008142334065,0.9385553202737386,10.755070196452326,70.86445234665369,72.10345948594909,52.18352399502023,22.061132076419064,6.516853795741387,94164.0,266635.4818733446, 0.0, 0.0,0.0,NaN, 171.1972449949795,171.1972449949795,0.0, 221.1094384018515, 2.369796663335211, 11.74125995790491, 2.369796663335211, 182.9402307623782, -23.118738182748864, 11.74125995790491, -23.118738182748864, 125.11326272400007, 7.457686175499788, 5.325303192102317, 21.0, 0.0
5, 0 ,1.0,1.0,1.0,138.03339954212234,208.15973069774492,191.8667767487496,13.73881699935152,14.54435320216752,14.828620562922666,71.0,79.0,70.0,-0.13976783443154997,0.6557662555365488,0.7419134522017302,15.286095804899658,0.5693908432364458,-0.5597703239023953,0.6020392446649119,14.46364737458356,-0.8100981546064678,-0.5065844476272263,0.29514941525507693,13.31613570362419,73.87220355789961,72.84889140986063,66.47219787561926,23.955744412996054,6.804674865807733,125361.0,357720.67363203975, 0.0, 0.0,0.0,NaN, 197.94102259352573,197.94102259352573,2.6973983046972182E-6, 188.7550925416703, -15.324620834481761, 5.084753677403537, -15.324620834481761, 211.53821006940055, 16.67031742234863, 5.084753677403537, 16.67031742234863, 219.8879877991329, 7.010657602625434, 5.09729302050709, 34.0, 0.0
6, 0 ,1.0,1.0,1.0,208.2690050546877,52.445840591712596,100.36367335865437,15.245480894767368,16.405509217704775,13.56456781807845,79.0,81.0,72.0,-0.056154088102339815,0.9968854206997905,-0.05537306552464038,16.416651922286864,0.9972004199014438,0.058741832446159124,0.046267911874772895,15.245548005770694,-0.049376522131262424,0.05261991179267425,0.997393154149933,13.551004618196359,80.08619613944188,78.63799227551803,72.43388332878257,25.12255357246479,7.377006336909525,140068.0,456175.3905802075, 0.0, 0.0,0.0,NaN, 145.73266126394216,145.73266126394216,0.0, 232.42468771271686, -1.948909298734467, 2.518442124677034, -1.948909298734467, 269.14073269219637, -4.607823870557367, 2.518442124677034, -4.607823870557367, 183.99750009124958, 6.100402421296957, 4.838519965730956, 38.0, 0.0
7, 0 ,1.0,1.0,1.0,148.85632318501172,60.59043415600792,173.76807782381553,14.68513317855894,12.421344331494105,13.957157879030854,70.0,63.0,67.0,0.814674652599974,0.18859092050104578,0.5483964579714935,15.312258762925495,-0.5721307217624395,0.10692328681289597,0.8131628668063478,13.389627956300703,-0.09471878180541637,0.9762176373338558,-0.1950063510032495,12.288115490294208,73.4566103618728,66.20794466371709,65.45200665476398,22.883886213256435,6.408817309968977,111020.0,318320.02183605364, 0.0, 0.0,0.0,NaN, 204.36218789117638,204.36218789117638,0.0, 215.65313647201262, 11.093694966875224, 24.131441266147586, 11.093694966875224, 154.2897950015407, 11.091636629876424, 24.131441266147586, 11.091636629876424, 194.80225606019303, 6.874786664711164, 4.969731419464693, 30.0, 0.0
8, 0 ,1.0,1.0,1.0,139.39138653176676,104.30527904699738,285.3679966275022,14.196830490566708,15.28866150338594,8.714124080282371,79.0,72.0,36.0,0.48069839332662795,0.8623548344530361,0.15897545140264827,15.904182026787037,-0.8737129622158389,0.4864309944811275,0.0032476551734809045,13.67263459896729,0.07452995578438862,0.14046005518857912,-0.9872771944024629,8.446607733966562,68.73298781415818,75.64762167871866,39.22260875416967,21.467362513297164,7.0979906841404485,73536.0,203937.4466380516, 0.0, 0.0,0.0,NaN, 174.7101754306634,174.7101754306634,NaN, 201.54999597788455, 26.14989615628272, 13.549563330394129, 26.14989615628272, 233.74317056511524, 25.078449245393465, 13.549563330394129, 25.078449245393465, 75.93595848655707, 6.892872638404661, 5.1179020171912954, 15.0, 0.0
9, 0 ,1.0,1.0,1.0,57.00431309655419,10.736636407517556,180.87305171044642,13.124018010290945,7.157932488627209,16.988751906331554,66.0,30.0,70.0,-0.22851468097263167,0.0673089120049642,0.9712108684238887,17.22442825199578,0.9734045671893287,0.03246521498066014,0.2267808598431857,12.861409806272338,0.0162661966953402,-0.9972038508654928,0.07293758060219023,7.0708377698856415,74.319745302358,61.286144081504546,31.270438382123082,21.414475347726587,7.315311556086248,64223.0,142429.67397679528, 0.0, 0.0,0.0,NaN, 132.49904483330883,132.49904483330883,0.0, 172.2398487344411, -0.14681731287675567, -29.26937133618472, -0.14681731287675567, 51.2359975117449, 16.975799894594367, -29.26937133618472, 16.975799894594367, 288.61769133488406, 8.418283070031034, 5.272410067731041, 15.0, 0.0
10, 0 ,1.0,1.0,1.0,159.42031369270472,113.23629639053469,155.99834611609901,14.342812173630783,14.561470012880616,12.510566105702674,66.0,71.0,60.0,-0.6330600813623293,-0.7696087769489789,0.0832902384953841,15.176964540978407,0.75400949728996,-0.5886926201607302,0.291394366734905,13.82828354633906,-0.1752273134590127,0.2472717723707888,0.952970125033595,12.357396803257632,76.15733949609094,73.1804520585774,60.09000594072124,23.02862378195061,6.629435947242665,110044.0,334895.33559101756, 0.0, 0.0,0.0,NaN, 230.9146668009665,230.9146668009665,0.0, 205.7162610480514, 20.7278868729654, 4.369029634437744, 20.7278868729654, 212.03640893602142, -11.583602868460575, 4.369029634437744, -11.583602868460575, 156.51426428515657, 6.347157960804127, 4.621432336206647, 36.0, 0.0
11, 0 ,1.0,1.0,1.0,263.1572615179652,74.92789461520684,285.51388681194686,17.799060287233903,13.87360701432607,8.018761870810152,74.0,66.0,34.0,-0.9992324841286215,-0.03814943927386825,0.008891734658284654,17.80481383315709,-0.037778334671373225,0.9985358937482506,0.03871519502519849,13.873880822398155,-0.010355679195572336,0.0383495655708234,-0.9992107238860716,8.005504102167052,75.50618660301049,65.48556101901427,35.50988486069883,22.458237265829204,8.319353313151472,73559.0,175580.93348485403, 0.0, 0.0,0.0,NaN, 84.74328436885271,84.74328436885271,0.0, 316.806547108587, 4.797973260801345, -2.434992898769711, 4.797973260801345, 192.47697158795756, 4.877821281564037, -2.434992898769711, 4.877821281564037, 64.30054194075875, 6.047241692599978, 4.799629574794155, 19.0, 0.0
12, 0 ,1.0,1.0,1.0,25.463640038361245,196.57625882744574,140.3401865751492,13.877120133856069,15.710874807025682,14.598641086375062,60.0,87.0,75.0,0.26087345732251427,0.8134793553682081,0.5198041724094976,16.07614906114858,0.5700399841443733,-0.5643588670859584,0.5971209974688014,15.089593346755622,0.7791016979453201,0.1405361431489344,-0.6109420076631996,12.899146327318947,94.1759505233432,81.42424681375503,67.19594148829367,24.42430986234429,7.481942243056545,126169.0,515272.3108999906, 0.0, 2.8421709430404007E-14,0.0,35.56271969829871, 176.18239177079647,176.18239177079647,0.0, 192.5744632094735, -0.1877910788631556, 33.351030014611325, -0.1877910788631556, 246.83158720203426, 18.265115796013294, 33.351030014611325, 18.265115796013294, 213.12032156879806, 6.068267306190282, 4.619859277186037, 29.0, 0.0
13, 0 ,1.0,1.0,1.0,287.77368562493893,137.2200234535327,133.7590393823903,8.220097021042802,18.014922685979926,15.174992644955728,38.0,88.0,80.0,-0.08058211859528229,0.9785809656842503,-0.18943551874761244,18.170022963908707,0.043245909519784284,-0.18644211854259513,-0.9815136920813465,15.056149450449235,-0.9958093760717974,-0.08728476404178509,-0.02729572299220911,8.096324191163479,90.03672831079983,80.6059606684283,42.178006517491724,23.474077196530505,8.44722060578982,81864.0,306106.75496252324, 0.0, 0.0,0.0,NaN, 192.01640090441686,192.01640090441686,0.0, 67.56999503535675, -22.164499969173573, -2.800562852567325, -22.164499969173573, 324.5374393818342, -19.563505537911727, -2.800562852567325, -19.563505537911727, 230.28040177446044, 6.429034510501247, 4.684122150399439, 23.0, 0.0
14, 0 ,1.0,1.0,1.0,286.4077039083311,157.73192766839085,65.47532804329748,8.621706725060283,15.989387602685433,13.59805858886073,35.0,84.0,69.0,0.07413632809127814,-0.9656447844390792,0.24906616619433952,16.169453266560357,-0.06470465079328332,-0.2538849589291258,-0.9650677363767143,13.438908267218764,-0.9951467796374873,-0.0554308390263046,0.08130380718009635,8.534990673325263,76.88003706757891,70.84651548651767,39.22414912863326,21.41931695110289,7.490954645179338,70951.0,213641.49592115488, 0.0, 0.0,0.0,NaN, 157.20042461893348,157.20042461893348,0.0, 74.33382685294971, -11.73192022189314, 10.211458410614911, -11.73192022189314, 255.6605159089106, -18.95882032129903, 10.211458410614911, -18.95882032129903, 184.9071973860891, 6.761032192126582, 4.748784857300652, 19.0, 0.0
15, 0 ,1.0,1.0,1.0,22.45039733875439,142.20274440953614,91.24763444834596,14.287488576304192,12.710423876279236,15.562752543168122,58.0,69.0,77.0,-0.3407212881266139,-0.210271910861315,0.9163485839570402,15.91029323970739,-0.9401603535921675,0.07904514378880863,-0.3314368337660402,14.060456418728455,0.002741049213746464,0.9744421936401045,0.22462167727775068,12.532063117306633,83.20928210140917,67.52188976113408,69.25082301059206,23.497996771475353,7.46529432643562,108220.0,389082.146183139, 0.0, 0.0,0.0,NaN, 170.44580267841968,170.44580267841968,0.0, 204.13232981802275, 3.863461762986424, -17.334782833869525, 3.863461762986424, 161.5548751146893, -19.57865780291218, -17.334782833869525, -19.57865780291218, 242.19926671988583, 6.192314449055394, 4.4922255740155945, 26.0, 0.0
16, 0 ,1.0,1.0,1.0,119.28529340586496,110.3338418964846,90.62723723944907,13.822269371334732,12.834853559183971,12.528061131701431,65.0,65.0,64.0,0.8014638685738186,0.5226548541654794,0.2906674573940984,14.42606016842615,-0.5592332418964401,0.48274312759118104,0.6739564184140416,12.772703819786571,-0.21192887610867642,0.7027026228645697,-0.6791871430545247,11.894861803654639,68.13996019759682,60.5354038746453,57.81989084489182,21.786302785006253,6.172351508061461,95039.0,238500.11195907395, 0.0, 0.0,0.0,NaN, 186.05330961909044,186.05330961909044,3.814697265625E-6, 191.05513057373827, 22.06193468806204, 7.359116673045715, 22.06193468806204, 164.73346588569746, 17.16651076786108, 7.359116673045715, 17.16651076786108, 156.95231571964814, 5.894140604784694, 4.587865396762165, 29.0, 0.0
17, 0 ,1.0,1.0,1.0,131.34451112271762,17.631591289425156,163.31572103136958,14.803985938937613,11.098746348095052,13.830901693684801,73.0,46.0,67.0,-0.9854462719162081,-0.1277783741743327,0.11210857353392209,14.847317119124604,0.14518553756127245,-0.28965458663575167,0.9460556961003486,14.100620482675227,-0.08841269620077717,0.9485636022609314,0.30399060448683785,10.694095950930032,75.6455706699899,68.74214979728438,53.69879130402684,22.13564644542902,6.606600357440368,93817.0,279235.8171153347, 0.0, 0.0,0.0,NaN, 190.3807913909316,190.3807913909316,0.0, 219.15799968026255, 9.805337390179693, -0.11789355292639883, 9.805337390179693, 123.18217049935326, -24.665153799340963, -0.11789355292639883, -24.665153799340963, 191.2938416603731, 6.506867726232611, 4.931943569873015, 23.0, 0.0
18, 0 ,1.0,1.0,1.0,285.25529846641854,76.76305590729443,29.04749114257575,8.692431913428235,14.335089664192685,15.906614466442386,36.0,78.0,65.0,-0.047526170190666406,0.06876661720376764,-0.9965000830433276,15.93133692810473,0.17376117569822416,0.9829858748510836,0.05954681908566487,14.467107806926577,-0.9836403392332884,0.17032299375480847,0.05866652223731006,8.42430100483323,66.71815178417964,80.27209467207909,40.14036002683318,21.998379870885127,7.081301793478033,78183.0,214975.94482791825, 0.0, 0.0,3.552713678800501E-15,4.795051188527519, 83.38902635970051,83.38902635970051,9.5367431640625E-7, 75.55837256958566, 23.029589605034673, 10.09048100986364, 23.029589605034673, 205.49479568044393, -4.432321944461012, 10.09048100986364, -4.432321944461012, 253.0203837840342, 6.498355325386468, 4.963260355802114, 18.0, 0.0
19, 0 ,1.0,1.0,1.0,233.10973814368188,53.806361967148035,25.821563859527235,15.138529588860747,12.972725985413769,15.267197220122906,77.0,64.0,63.0,-0.47552380627261975,0.26635286548621206,-0.8384111525470566,15.91557233269487,-0.8542486772184786,-0.3674168481042679,0.3677826222099199,15.047840026757367,0.21008642778266076,-0.8911010104227288,-0.40224704111417864,12.280516129847591,76.7570353217236,77.52617738249344,59.69932118617982,24.06328897126674,7.177195305194618,120906.0,355251.5288781554, 0.0, -7.105427357601002E-15,0.0,74.55264420962449, 89.64477050836933,89.64477050836933,0.0, 229.17507811281234, 10.754868984333976, 17.102769843612144, 10.754868984333976, 168.29161949262962, -33.107708028723714, 17.102769843612144, -33.107708028723714, 233.08731095812857, 6.4805019333838585, 4.599648884959497, 22.0, 0.0
20, 0 ,1.0,1.0,1.0,192.91337128528346,66.18464301446919,285.58176612110736,13.150257858645443,13.976793141080773,8.418850521129453,64.0,76.0,36.0,0.22104782366222783,0.9752100573043265,0.010158926453324554,14.020795452712413,-0.9752380818574307,0.22095577378791834,0.009446148676636814,13.104171045371107,-0.0069673057368993,0.011995422555031363,-0.9999037786149697,8.417545274093092,73.68402763425767,66.33206992077302,36.5839514462931,19.875199378901208,6.643306556486867,59022.0,178808.23593776848, 0.0, 0.0,0.0,NaN, 126.7116351746071,126.7116351746071,NaN, 172.9292817488662, 5.368186095574188, -0.6468508322790776, 5.368186095574188, 195.3507465085625, 1.4561165804643827, -0.6468508322790776, 1.4561165804643827, 70.87704409712165, 5.827240961154774, 4.449647439636515, 19.0, 0.0
21, 0 ,1.0,1.0,1.0,129.16575260642918,139.2872366420504,14.808603931364031,13.328599145393852,14.38005254380984,9.37859727308772,67.0,68.0,38.0,0.04410256216265366,0.9782055005089971,0.2029013622049674,14.568806236068843,0.9985786255321093,-0.03707971298376119,-0.03828607469362195,13.329274512557943,0.029928124583624947,-0.20430147737836837,0.9784504145330633,9.081623146599332,71.73262597318546,66.4920656209905,40.940985860751276,20.764976915734913,6.4196017665492855,73664.0,195274.19259117212, 0.0, 0.0,0.0,NaN, 190.53614011037334,190.53614011037334,0.0, 177.65155517859372, 2.0739009638435077, -2.478131163145401, 2.0739009638435077, 206.78591116273185, 25.89263072078992, -2.478131163145401, 25.89263072078992, 87.95808681076842, 6.944743616402887, 4.650856695540168, 16.0, 0.0
22, 0 ,1.0,1.0,1.0,72.6523643169058,217.60961946350594,129.5271241422333,12.913162066172484,11.653283084819838,12.493933416003467,61.0,54.0,63.0,-0.7451887906815257,-0.3779014658010585,-0.5494398496541882,13.284625646962501,-0.6558858083274078,0.26653018161018793,0.7062403760233078,12.471606347782448,-0.12044697039489358,0.8866522116570011,-0.4464755120792626,11.252772544210199,66.83453712461429,62.70080008124427,60.15223128512153,20.60508846809113,5.837590481344232,80150.0,252072.67426545572, 0.0, -2.8421709430404007E-14,0.0,67.79624494377472, 169.83467471144468,169.83467471144468,0.0, 166.74975454723602, 8.985038391910967, 7.0187181531509175, 8.985038391910967, 135.79900665494816, 15.794886928088998, 7.0187181531509175, 15.794886928088998, 156.09837220352804, 6.205510960023848, 4.496897785319758, 25.0, 0.0
23, 0 ,1.0,1.0,1.0,273.6438857521196,9.815036874919537,177.9944825556802,14.782675548233845,6.337860928987272,14.736651428035627,61.0,26.0,64.0,0.710753726394565,-0.004482873777484998,0.7034266445472016,16.815836536041644,0.703415308627328,0.013063850660765559,-0.7106590176692575,12.367221221045137,0.006003665960124849,-0.9999046152751809,-0.012438502579928188,6.335957204228598,79.19410077273892,65.19112136691135,26.531049372837206,20.55558386569028,7.302933983783542,54373.0,136973.23444701554, 0.0, 0.0,0.0,NaN, 125.20513565329331,125.20513565329331,NaN, 218.5274963643508, 0.26352342171791904, 64.91573328169596, 0.26352342171791904, 40.16848115518341, -1.812360710969041, 64.91573328169596, -1.812360710969041, 217.16889531142445, 5.903588472558667, 4.407733107390048, 11.0, 0.0
24, 0 ,1.0,1.0,1.0,122.64563521373834,231.8379651001754,240.12914320007386,13.544176664092815,12.83607085731761,12.074057138327156,60.0,64.0,54.0,0.6888967153294878,0.5843932638837784,0.4288424287958297,14.672483241664612,-0.7248474193651346,0.5588079137316163,0.40290189152028427,12.437420466352084,-0.004187391544509589,-0.588403117495295,0.8085568854903595,11.136476103690125,73.69907164939082,61.117448975445555,53.734821573884574,21.33518058508928,6.229154175605775,86648.0,242037.7165715934, 0.0, 2.8421709430404007E-14,0.0,54.23986155574749, 152.55338191145924,152.55338191145924,0.0, 183.44472150815636, 24.318099879984345, 18.004516456909144, 24.318099879984345, 164.76471505407844, 29.775888312817806, 18.004516456909144, 29.775888312817806, 145.78285577958894, 5.8786897410944485, 4.366291919961582, 23.0, 0.0
25, 0 ,1.0,1.0,1.0,86.2883458380521,164.9617426387316,13.86783338052095,12.017793059635428,12.638994553229015,8.775409884984281,51.0,57.0,37.0,-0.3121456105780962,0.9497039797501979,0.025049324211701383,12.720902743920522,-0.9422544253775962,-0.30611439672896595,-0.1358328898742738,11.985744544041975,-0.121333077325035,-0.06600247693758629,0.9904150429920477,8.700569699447119,60.98557815864338,54.02413372946668,38.78272204108232,18.72064145094248,5.542286139807504,56512.0,127777.16399362312, 0.0, 0.0,0.0,NaN, 160.85187714573098,160.85187714573098,0.0, 144.42735002422145, -5.928662873338996, 8.02451966068111, -5.928662873338996, 159.7441833165527, 4.874509055929495, 8.02451966068111, 4.874509055929495, 77.00781864947983, 7.05057103997666, 4.812978095056991, 11.0, 0.0
26, 0 ,1.0,1.0,1.0,273.9848818649821,219.82184205201986,197.31893082750713,14.122387075764179,11.295090852279246,13.44563140566495,60.0,59.0,66.0,-0.8123205299738315,-0.004627251409861366,0.5831928884403716,14.810081143108164,0.5794457618097483,0.10704452771101562,0.8079505419317731,12.699644227854945,0.06616619759177438,-0.9942434599390206,0.08427322626273832,11.277696174149197,72.96942602368713,68.17721246828313,59.52610789958209,21.600518928986684,6.420551376205443,88966.0,296133.5806095451, 0.0, -2.8421709430404007E-14,0.0,89.73487707735197, 132.84850526037712,132.84850526037712,0.0, 199.4418167177111, 2.4611467027849425, -27.694265652462633, 2.4611467027849425, 127.5790773612423, 2.700043315603523, -27.694265652462633, 2.700043315603523, 180.7850038970036, 5.743181636149599, 4.228369009879826, 25.0, 0.0
27, 0 ,1.0,1.0,1.0,26.075427026732825,273.110596068542,234.22682535218934,13.823173453089098,13.895988653067162,13.658529298595974,60.0,58.0,69.0,-0.3917118420440244,0.7355249637194721,0.5527792150107911,14.828953779570176,0.8566162992561299,0.07226002813889815,0.5108688718077252,13.77127818051226,0.3358129667705069,0.6736330722870092,-0.6583677811603142,12.695986556360305,73.09312781481879,67.1049938128919,69.9260815581521,22.967057135336717,6.576346561971004,110239.0,342981.4086923527, 0.0, 0.0,0.0,NaN, 75.69067605502661,75.69067605502661,0.0, 191.08012431418717, -15.153453916580611, -0.2578039786595581, -15.153453916580611, 193.09850064617132, 24.92101293830811, -0.2578039786595581, 24.92101293830811, 186.55542260060466, 6.284957990293759, 4.540592369191296, 16.0, 0.0
28, 0 ,1.0,1.0,1.0,85.92401095419156,216.50709532862575,277.6086705594785,13.735848450454789,12.777576015878772,12.059252308081877,65.0,64.0,52.0,-0.9457261990153182,0.1749823372186502,0.2738304916504679,13.888678415244843,0.236336244925432,0.9487090036603824,0.20999144198816938,12.806863531261968,0.22304065959054364,-0.26331047839997346,0.9385736285098745,11.851346172268531,66.60414223832304,67.2185528270416,59.76886419670484,21.419204174078516,6.211540893738758,88368.0,267587.24035044434, 0.0, 0.0,0.0,NaN, 121.88261739490657,121.88261739490657,1.3486991523486091E-6, 188.67353265386123, -3.3954243036881477, -12.411254947414362, -3.3954243036881477, 163.26644884156042, 7.206645658599412, -12.411254947414362, 7.206645658599412, 145.42556622997807, 5.621847842337549, 4.216835344079365, 17.0, 0.0
29, 0 ,1.0,1.0,1.0,261.2238889417587,256.1384183479254,221.30213884659307,11.958945714073446,12.97433548518663,12.774851773351967,63.0,64.0,62.0,0.003073839325414829,0.7363577167776221,-0.6765854450502528,14.030046824089375,-0.7812893665367707,-0.42053409927028473,-0.4612352947113893,12.558113830254907,0.6241614192245251,-0.5300267769584641,-0.5740157998336362,10.954367386830828,68.33698343355863,66.95709799889488,57.65584003211096,20.946740593177683,5.981693759092039,84064.0,263812.719395444, 0.0, 0.0,0.0,NaN, 98.08556715411085,98.08556715411085,0.0, 143.01638259215565, 12.563247386202136, 13.428595412641213, 12.563247386202136, 168.333381282173, -30.970340307609977, 13.428595412641213, -30.970340307609977, 163.19683783111392, 5.77202305206756, 4.3155811187455315, 22.0, 0.0
30, 0 ,1.0,1.0,1.0,124.57261456719061,277.3197617082939,231.91013746050274,15.094559596055255,12.739366430110339,12.716737544096373,69.0,48.0,66.0,-0.9756729496504309,-0.038449182178374695,-0.21583316638144714,15.225151393632432,-0.11844430443798269,-0.7359994059740333,0.6665401871995967,13.61962986641723,-0.18448100733308515,0.6758894397722787,0.7135406247283236,11.599700321460219,72.76184846548233,69.83184602367936,63.704389160337655,22.5112335852009,6.715427214811687,99374.0,323688.00217774627, 0.0, 0.0,0.0,NaN, 143.76702991201438,143.76702991201438,0.0, 227.8457293988638, 8.089103784822381, 16.45791100373354, 8.089103784822381, 162.29145704062225, -24.183363132659654, 16.45791100373354, -24.183363132659654, 161.71541376543024, 5.853502329511725, 4.279475607502369, 17.0, 0.0
31, 0 ,1.0,1.0,1.0,190.94273053284874,222.24662215192166,25.54757966167184,14.053790168875397,10.92229090114161,13.244708285528539,71.0,53.0,59.0,0.9226523349511533,0.10819434718273714,0.37014409632855955,14.243019826517543,-0.36986836347682667,-0.02335126374508681,0.9287906718849417,13.080010111743006,-0.10913323283106197,0.9938554732551453,-0.01847256811145805,10.875544855629846,69.89753838932526,66.08151065547705,54.76464189858663,21.27104206079828,6.30638754410291,82819.0,252954.3172774453, -2.8421709430404007E-14, 0.0,-3.552713678800501E-15,13.234192023505628, 136.35158457820117,136.35158457820117,0.0, 197.50901811077873, 8.899983444216652, 10.745821252796018, 8.899983444216652, 119.29643852916081, 2.242114555963662, 10.745821252796018, 2.242114555963662, 175.42229756874832, 5.988699975321577, 4.342016335765167, 22.0, 0.0
32, 0 ,1.0,1.0,1.0,57.11385308747149,237.93132540053313,58.961045920470475,11.845759951054914,11.534747953406796,12.498732555593127,63.0,57.0,62.0,-0.5803716047571035,0.24531119055795425,0.7765250930772962,13.2728716695559,0.16776185742438499,-0.897081114708898,0.40878042128526837,11.477501263979837,0.796884407919483,0.3675158410459068,0.4794865451659047,11.031255460813325,63.32506857976602,62.825967404322796,56.447470801368894,19.941707544407915,5.649695113558184,72778.0,224573.93099048463, 0.0, 0.0,0.0,NaN, 102.91218352103704,102.91218352103704,0.0, 140.32202881801652, -9.268129960548833, -23.864082916499893, -9.268129960548833, 133.05041034862228, 6.6946234783933996, -23.864082916499893, 6.6946234783933996, 156.21831549624352, 5.770191327386455, 4.291572935391106, 23.0, 0.0
33, 0 ,1.0,1.0,1.0,10.555787385415242,113.01422903269942,174.30801067177453,7.1343363621413936,13.881644871159642,16.685920410144345,30.0,70.0,75.0,0.07036641503018742,-0.01749814727295929,0.9973677268078274,16.720578188114224,-0.018418164443409504,0.9996528962800868,0.01883767972360765,13.882685223777756,-0.9973511612538158,-0.01969522279253343,0.07001970683184522,7.050679089527393,74.4164987927669,69.60230526737551,31.830831912741296,21.347326822427114,8.143119618875364,58472.0,164869.69947355334, 0.0, 0.0,0.0,NaN, 169.3579546182236,169.3579546182236,0.0, 50.898755328172896, -2.9162234078646874, 16.082625345270703, -2.9162234078646874, 192.7000643289928, -1.3184646476761177, 16.082625345270703, -1.3184646476761177, 278.4199399336716, 7.357048646305182, 4.649059070026459, 19.0, 0.0
34, 0 ,1.0,1.0,1.0,129.10381168547468,62.94312841661072,247.27092058011786,12.64427608632809,13.21856615146527,13.297698663142803,60.0,60.0,60.0,0.6308699823360233,0.7674661932871494,-0.11401187459505005,14.342923816902445,-0.06276848854588614,-0.09597934233411685,-0.9934022763668177,13.283660197274452,-0.773345448187943,0.633864029588714,-0.012377793040248164,11.36934064621079,69.25574511834003,61.43863762672461,55.748557632436864,21.751099720731013,6.190852891364781,93843.0,237208.92126196338, 0.0, -7.105427357601002E-15,0.0,39.873102720760976, 153.00322683870655,153.00322683870655,NaN, 159.87771774728836, 37.30287866932401, -2.5566031381297445, 37.30287866932401, 174.73049110066333, -2.1903189035295743, -2.5566031381297445, -2.1903189035295743, 176.8287897357499, 6.19630517929444, 4.399982797445794, 29.0, 0.0
35, 0 ,1.0,1.0,1.0,201.5698988613056,184.31443525001768,86.50118113020723,12.308803600763511,12.523191256313266,11.20691190650507,64.0,58.0,56.0,-0.7875595944040165,0.28462394995039464,0.5465702995743693,13.084976159589678,0.3154673502109229,0.948127561886064,-0.039172405375297294,12.51663312688326,0.5293677702817575,-0.14157448042151746,0.8364965213796752,10.298016016423412,57.265964420364156,57.18514075893128,52.24690198563667,20.00415721870759,5.810811799889887,70695.0,171096.18157444746, -2.8421709430404007E-14, -2.8421709430404007E-14,0.0,73.60261910179432, 174.79727983757894,174.79727983757894,0.0, 151.50664608216877, 0.5318723843558671, -28.677276844966862, 0.5318723843558671, 156.83031924220103, 8.25797078515631, -28.677276844966862, 8.25797078515631, 125.59487448016512, 5.657366173099077, 4.2099661540304005, 23.0, 0.0
36, 0 ,1.0,1.0,1.0,71.31460434720842,260.5274897002415,136.91866742435005,11.707377186629655,11.776360140280381,12.064410983300242,64.0,56.0,61.0,0.188511438272375,-0.6454978565058604,0.7401323901078918,12.698404984004648,-0.923708005253826,0.13939267871949895,0.35683778128079485,11.747971309554002,-0.33350705940126407,-0.7509342170694733,-0.5699744230785965,11.046765684564809,68.31540267849513,61.37172002459001,56.40353689627972,19.73737770834647,5.633051776402728,70390.0,236479.37334428867, 0.0, 0.0,0.0,NaN, 159.34419773503896,159.34419773503896,0.0, 137.0626805900165, -6.8302920785885535, 0.20341113635131555, -6.8302920785885535, 138.68265815358455, -17.941726402416077, 0.20341113635131555, -17.941726402416077, 145.5500123739755, 5.871443190860772, 4.384081960416171, 23.0, 0.0
37, 0 ,1.0,1.0,1.0,191.0337549257887,245.475825290828,86.62946270558531,12.239976040160965,12.778351750564694,12.579691887438003,60.0,61.0,62.0,0.44760951873839583,0.45572214028248914,-0.7693913500885807,13.070006677943176,0.4809455759235975,-0.8480452292382135,-0.22250986981665535,12.798880360102428,0.7538813379665933,0.27043783023581036,0.5987706641470055,11.692541292381774,64.18612561111995,62.4899026047664,62.396923398438304,20.909874722239902,5.842009415258513,84758.0,250273.1074503012, 0.0, 0.0,0.0,NaN, 149.50315047499095,149.50315047499095,0.0, 149.8170134637145, -4.093540859353239, -14.646545373896128, -4.093540859353239, 163.2862734611598, -6.846849039810701, -14.646545373896128, -6.846849039810701, 158.2486479828735, 6.235027044588525, 4.411608557937245, 29.0, 0.0
38, 0 ,1.0,1.0,1.0,68.07767129336787,43.77473176669969,170.538793875091,12.28072956109757,12.54656750310509,13.027299208096224,59.0,60.0,60.0,0.2885474119783674,-0.14216629893139615,-0.9468522242085803,13.076306306356315,-0.5112026624683048,0.8132921883528826,-0.27789864024405714,12.803420361578981,-0.8095753386349557,-0.5642203114141926,-0.1619975656044526,11.959341108401569,66.45511066911678,66.63642503536286,64.0947249964641,21.00218802802611,6.070526942160402,83789.0,283832.65765878506, 0.0, 0.0,0.0,NaN, 152.67940385425445,152.67940385425445,0.0, 150.8163185528157, -9.837173785791602, -4.670726116066206, -9.837173785791602, 157.41635610997267, -0.9598188975599483, -4.670726116066206, -0.9598188975599483, 169.7105246572645, 5.69004582314515, 4.158315462082116, 26.0, 0.0
39, 0 ,1.0,1.0,1.0,110.08522785197268,171.2580283413192,170.361096951779,13.465448546885993,10.467443813296203,13.11199083509425,65.0,51.0,60.0,-0.9820377580980321,0.02825264498443347,-0.1865573094820321,13.483903044910623,0.1817289737285741,-0.1243548722763069,-0.9754539691080775,13.13295378172249,-0.0507584650807167,-0.9918354973444574,0.11698685580065271,10.417287163918148,68.34467625523124,60.01923069902199,51.178832383351306,20.65177761285594,6.0261156346420215,78472.0,209935.30897473783, 0.0, 0.0,0.0,NaN, 213.306112995693,213.306112995693,0.0, 181.3183045688341, -3.4789057695323415, 2.091127836508599, -3.4789057695323415, 109.56737998451297, 7.371527537470447, 2.091127836508599, 7.371527537470447, 171.9243036595956, 5.8751840737141965, 4.283232556061019, 21.0, 0.0
40, 0 ,1.0,1.0,1.0,221.49804331445517,191.76939063221604,233.4048759145378,12.12803195288746,12.84444120079397,12.347101371364618,59.0,63.0,62.0,-0.4099386882306803,-0.8331194372494252,0.3712980947552931,13.51529662332964,-0.6242855345711156,-0.04050760636104461,-0.7801453102801781,12.536889908789439,0.6649946189383531,-0.5516077746951183,-0.503498778229833,11.166149277346014,67.7815996741875,68.15764247478148,53.27842488876989,20.74240247874845,5.85427027862419,82282.0,246137.4807368645, 0.0, 2.8421709430404007E-14,0.0,33.57947404898486, 149.36978462707611,149.36978462707611,0.0, 147.0891590502592, 20.62354308222691, 6.998908449262754, 20.62354308222691, 164.97966976065365, -16.90862496684154, 6.998908449262754, -16.90862496684154, 152.45091227475402, 5.750255908867127, 4.255267099961157, 29.0, 0.0
41, 0 ,1.0,1.0,1.0,235.85050431753865,159.3372179087149,15.944938683694943,12.93865732682549,12.949636695858551,10.321790891434803,62.0,60.0,42.0,-0.7269766286138178,0.6591208402342543,0.1925219452898282,13.759423272512953,0.627040483255282,0.7515012031682904,-0.2051003997938445,12.29430915012783,0.2798664213661058,0.028384143557694308,0.959619261262625,10.058307258736924,66.7007585003567,69.47194981731766,48.338957776185076,20.0972364514584,6.143484206575148,68905.0,223994.59717534794, 2.8421709430404007E-14, 0.0,-1.7763568394002505E-15,41.75973047587195, 155.42013103713842,155.42013103713842,0.0, 167.40885342101492, -18.687588974999567, -18.765491424704436, -18.687588974999567, 167.69309055472638, 3.482438208340038, -18.765491424704436, 3.482438208340038, 106.53936720650645, 5.7646132907762935, 4.294342451634052, 20.0, 0.0
42, 0 ,1.0,1.0,1.0,112.54019617076813,212.0176392233898,150.96647067529568,11.264483559266088,12.869559108450357,11.655029200974807,53.0,61.0,56.0,-0.0644894769174864,0.9185411654566713,0.39002978697582574,13.132030946191302,0.379003877716423,-0.33901330400933616,0.8610609968989348,11.389185014586994,-0.9231452583655637,-0.20335217497281008,0.32626787290661025,11.23343558802159,62.13716295713414,53.390192745614314,54.559791136811015,19.942002542267456,5.538084667338081,74323.0,181002.9313282456, 1.4210854715202004E-14, 0.0,0.0,86.30245917721254, 206.4392996136106,206.4392996136106,0.0, 126.88858985697598, -3.1929980918406886, -0.013708154171040775, -3.1929980918406886, 165.62555164589753, 15.544554941871004, -0.013708154171040775, 15.544554941871004, 135.83970567557546, 6.466647716905455, 4.382060804243596, 16.0, 0.0
43, 0 ,1.0,1.0,1.0,20.920555957961486,259.6960407811838,14.950075849721884,12.5671655991975,16.060508408563525,9.65763483366522,49.0,74.0,37.0,0.4108446535119768,-0.9008480818499226,0.14028329946197707,17.00583744337183,0.9079908861804956,0.39042267649105605,-0.15206144907476649,11.473007229526994,0.0822144834793817,0.18984959075245614,0.9783649173990977,9.397610870878335,79.47797704350731,58.84325753150817,44.06636585276394,21.33626234822592,7.342165969738793,73171.0,206087.071177275, 0.0, 0.0,-1.7763568394002505E-15,81.93576010786266, 47.807777172910214,47.807777172910214,0.0, 157.93365119765303, -58.99357552772212, 5.5973512855425716, -58.99357552772212, 257.9399303415397, -27.95795278219995, 5.5973512855425716, -27.95795278219995, 93.26991058042385, 7.547153992312702, 5.012516314929053, 10.0, 0.0
44, 0 ,1.0,1.0,1.0,89.16157157349272,18.514928851479176,218.25917802209855,12.82629013417377,10.758001743819968,12.50769071136131,61.0,43.0,57.0,-0.7647112420854888,0.007033955363455366,0.644334726442719,13.589537867971062,-0.5959327782861268,0.37264860307011716,-0.7113347611315425,11.842118569092312,0.24511393267671847,0.9279458723987273,0.2807768115530872,10.5725746811101,66.45159722533627,61.648398888943206,52.71821174847423,20.069501796020866,5.822863961715656,72946.0,215967.2488520706, 0.0, 0.0,0.0,NaN, 122.36891113944496,122.36891113944496,0.0, 164.51371860600338, -6.711525668899399, -23.855244594199412, -6.711525668899399, 115.73460152003345, -7.212790898281841, -23.855244594199412, -7.212790898281841, 156.44232693107398, 6.275694086607197, 4.601790786513471, 18.0, 0.0
45, 0 ,1.0,1.0,1.0,161.58632781569324,98.71407563817353,215.4037052398728,11.961305653748562,12.535250000472622,12.294319657354848,60.0,57.0,60.0,-0.0018609236610686308,0.7898500631544358,0.6132971667128918,12.890187960923097,0.727586219404841,0.42180117740954454,-0.5410194636684458,12.274164989966668,0.6860137245677363,-0.4452197709792941,0.5754689611385188,11.59929090440954,62.461438012878205,61.96647570531681,59.93453072928622,20.46833292916116,5.692360534522218,79563.0,231977.51106245405, 0.0, 0.0,0.0,NaN, 189.89298687362339,189.89298687362339,0.0, 143.07283294239733, 4.89812314114861, -6.3782141125908485, 4.89812314114861, 157.13249257434887, 11.63722949740289, -6.3782141125908485, 11.63722949740289, 151.15029583722182, 5.761835645595057, 4.265291060080084, 24.0, 0.0
46, 0 ,1.0,1.0,1.0,13.18714274048669,142.03192879307528,240.0425853339866,8.204319962559872,11.524367298612825,12.457936057418637,33.0,55.0,61.0,0.026469803384953087,0.49965526620476663,0.8658198221700668,12.881775665071823,-0.1909347096125892,-0.8476506961811477,0.49500730694482903,11.149019648274512,-0.9812457827547173,0.1784178024118099,-0.07296438589217448,8.06729788028673,62.053728252577855,61.10655181162804,35.536287530799505,18.02764355845101,5.50691803294527,48984.0,134749.67060222468, 0.0, 0.0,0.0,NaN, 154.73157759090887,154.73157759090887,0.0, 67.31086604805841, 10.918346985829654, -3.2855703853636538, 10.918346985829654, 132.81104163333666, 18.784652060624538, -3.2855703853636538, 18.784652060624538, 155.20017081073144, 6.1648135977275045, 4.304661756221497, 12.0, 0.0
47, 0 ,1.0,1.0,1.0,240.944178703551,278.63898772355617,286.88503499139944,12.341478409674027,11.909503811519835,7.601905663366563,76.0,58.0,29.0,-0.8976294105381322,0.43995025706835933,0.026555840081800678,12.497832218887389,-0.4292336710260427,-0.8862689134416201,0.17402835609324674,11.858026516758434,0.10009943553523476,0.14481430997140943,0.9843825062611751,7.42487286383912,78.3386911134703,70.26707373799104,34.11201845268033,17.778149152807917,5.989553638483728,42439.0,187774.06009097875, -2.8421709430404007E-14, 0.0,0.0,26.1518075166545, 64.15516488677527,64.15516488677527,0.0, 152.31208933645013, -7.39308744510698, -8.794725420140935, -7.39308744510698, 141.8362810366055, -12.003920424533192, -8.794725420140935, -12.003920424533192, 57.78896971472463, 6.008124277292355, 4.471417389139852, 17.0, 0.0
48, 0 ,1.0,1.0,1.0,248.0472394373441,89.6883920076118,119.45648931519531,11.496607812025525,11.463090228182267,13.85906948267886,67.0,66.0,66.0,0.3227010797488539,0.009355653196901514,0.9464546924613892,14.136728388721773,0.5891273895794024,0.7806545418834401,-0.2085842877210924,11.994462466568008,-0.7408055966151195,0.6248927571911965,0.24640639203093215,10.57988734771282,63.4212761160872,59.60213806598304,50.337566352409524,20.517181416442035,5.890119049180651,77774.0,190278.1983182925, 2.8421709430404007E-14, 0.0,0.0,71.1736463646271, 158.15482866641494,158.15482866641494,0.0, 132.17199118352633, 14.951614263945244, 22.92655461023014, 14.951614263945244, 131.4024375794478, -4.421297367323763, 22.92655461023014, -4.421297367323763, 192.0738069257205, 6.711989184138118, 4.2907718222166995, 20.0, 0.0
49, 0 ,1.0,1.0,1.0,46.58389193874603,111.8414475585091,108.00007223345854,11.947294589728575,11.250056911445174,13.001626262179595,63.0,55.0,59.0,-0.224616089133685,0.3957368466941732,0.8904717629834431,13.783746025530919,0.8289405758579257,0.5579837671501949,-0.038879780004619384,12.651477303217355,0.5122549503895681,-0.7294151518617024,0.4533744611642251,9.396402584805958,66.23619633483341,57.761267530000524,43.92011078862467,20.062620980777474,5.986247018590556,69220.0,168033.36582548948, 0.0, 0.0,0.0,NaN, 162.30398634222072,162.30398634222072,0.0, 142.73784801375768, 24.155073880782105, -22.654303950588076, 24.155073880782105, 126.56378051075534, 34.28111518003792, -22.654303950588076, 34.28111518003792, 169.04228546139817, 6.572035232672403, 4.299628859828069, 21.0, 0.0
