// Sample: .//bubblelabels.tif, Map: .//bubblelabels.tif, Thickness:(8.191250068658265):/gpfs/home/mader/Foam/NewValid/InSilicoTest/LatticeData_Phi_6.65/out_Step_06000.vtk/distmap.tif, Neighbors:(1.0):
//LACUNA_NUMBER, TRIANGLES, SCALE_X, SCALE_Y, SCALE_Z, POS_X, POS_Y, POS_Z , STD_X, STD_Y, STD_Z,PROJ_X, PROJ_Y, PROJ_Z, PCA1_X, PCA1_Y, PCA1_Z, PCA1_S, PCA2_X, PCA2_Y, PCA2_Z, PCA2_S, PCA3_X, PCA3_Y, PCA3_Z, PCA3_S,PROJ_PCA1, PROJ_PCA2, PROJ_PCA3,OBJ_RADIUS, OBJ_RADIUS_STD, VOLUME, VOLUME_BOX, Mask_Grad_X,Mask_Grad_Y,Mask_Grad_Z,Mask_Angle, Mask_Distance_Mean,Mask_Distance_COV, Mask_Distance_STD, SHAPET_XX, SHAPET_XY, SHAPET_XZ, SHAPET_YX, SHAPET_YY, SHAPET_YZ, SHAPET_ZX, SHAPET_ZY, SHAPET_ZZ, Thickness, Thickness_STD, Neighbors, Neighbors_STD
1, 0 ,1.0,1.0,1.0,182.3535113843789,34.75955423191469,20.80018253434528,11.779726825560212,18.083854837310398,13.931750044408712,50.0,81.0,64.0,0.1741784250971326,0.9769032519375052,0.12378171344996682,18.247854193747557,-0.484118725225709,0.1944153604267755,-0.8531305454125775,14.933156084193806,-0.8574910705753832,0.08867188948056884,0.5068001182906616,10.193041540700934,91.79467936085757,77.6551564118596,56.70128765492065,24.32740269549105,8.249782254888546,104090.0,404185.50023637566, 0.0, 0.0,0.0,NaN, 44.1845308261245,44.1845308261245,0.0, 138.7619640848229, 27.770445604075878, 54.12981730506054, 27.770445604075878, 327.0258057769147, 7.947420198574284, 54.12981730506054, 7.947420198574284, 194.09365929988218, 10.119759023850929, 7.035113476829836, 8.0, 0.0
2, 0 ,1.0,1.0,1.0,60.55308246385255,82.73499814628462,32.945359532510636,16.58993741444162,18.178399482672127,17.551952079439094,80.0,86.0,72.0,-0.044348555670416845,0.8004182140829813,0.597799203892209,18.902541205883125,-0.5939968599956981,-0.5022517935752056,0.628419339426899,17.00011430830893,-0.8032440077119769,0.3272213599609601,-0.497720047476592,16.353632698270776,95.54139374717843,88.61607268208289,81.6803350589647,29.088052494098616,8.224138560733994,226572.0,691546.8093688696, 0.0, 0.0,0.0,NaN, 107.69007581419115,107.69007581419115,0.0, 275.2260234150899, 3.242930182434872, -10.431314721579069, 3.242930182434872, 330.45420775161426, 36.19364827538722, -10.431314721579069, 36.19364827538722, 308.0710217989264, 10.48650199145338, 6.71873254982038, 21.0, 0.0
3, 0 ,1.0,1.0,1.0,56.488290095356,151.80862200004702,14.375923589836006,15.803926345201617,21.73439090227811,9.612091289067665,81.0,89.0,41.0,0.19568418738720192,-0.9804307826733085,0.021521598296001393,21.944417876614857,0.9649163500441437,0.1964123722421416,0.17423724472024416,15.670821349063663,-0.17505466638766984,-0.013328931570772046,0.9844684877430478,9.349225479642408,96.05009925621566,73.60442536416468,44.32637777846278,26.91730841641542,9.486761427513233,127627.0,313374.74093974417, 0.0, 0.0,0.0,NaN, 75.63070150733927,75.63070150733927,0.0, 249.76408792455774, -45.643488559799, 28.251598939135246, -45.643488559799, 472.3837478930296, -2.9038923293523973, 28.251598939135246, -2.9038923293523973, 92.3922989493705, 9.976364891917944, 6.650478037037034, 12.0, 0.0
5, 0 ,1.0,1.0,1.0,167.4511313409244,184.9342953877977,82.57822790738518,17.808016794692172,8.602230866227183,17.41697459623715,73.0,35.0,79.0,-0.7625425976115936,-0.020024482032507524,0.6466280282721217,18.811898870799915,0.6447134693192851,0.059295859939535685,0.7621210818973065,16.35188724887555,0.05360344490844955,-0.9980395889509397,0.03230556578340719,8.55588022337493,86.99771542412921,79.08588246542377,36.5863896839366,24.97248612345101,8.417231072970953,102489.0,251725.0112061907, 0.0, 0.0,0.0,NaN, 90.03092819010551,90.03092819010551,0.0, 317.1254621600384, 11.709236293161055, -42.98944223795546, 11.709236293161055, 73.99837587587167, 5.140754488075376, -42.98944223795546, 5.140754488075376, 303.35100408597026, 10.684629895864505, 6.807385280896468, 12.0, 0.0
6, 0 ,1.0,1.0,1.0,14.458054345835688,113.05054019410365,142.28242955980352,9.258762670486052,17.92082811799618,19.66575940293742,37.0,92.0,103.0,-0.047924665248349325,0.2317604843873921,0.9715916345550506,19.77621002361132,0.053570857220907736,-0.9707129605399498,0.23419332077662577,17.837468070724505,-0.9974133494782648,-0.06327263323339588,-0.03410548586754583,9.184177124014417,96.88622824235506,93.85370007547411,39.46529217468613,26.607136985801027,9.25651775432995,125603.0,358863.0719700821, 0.0, 0.0,0.0,NaN, 105.3592038386935,105.3592038386935,0.0, 85.724686188386, -15.566489088536033, -11.34966537315321, -15.566489088536033, 321.15608043476254, 15.916014244519333, -11.34966537315321, 15.916014244519333, 386.74209289422157, 11.30024777204834, 6.896180381435197, 17.0, 0.0
7, 0 ,1.0,1.0,1.0,57.86061225377223,148.7810149149889,184.75541737328058,18.52767868784252,22.22279944557234,8.75013208684227,92.0,94.0,38.0,0.08870393850948688,0.9948390260277868,0.049263816183790936,22.27647946886806,0.9940541869331249,-0.08528147729233529,-0.06770039196017169,18.52410081390933,0.06314970097814487,-0.054976194147304494,0.996488702065131,8.620246852873436,97.28984302708751,91.38003690715036,42.16814394397619,28.328914087757536,10.543487606274399,137982.0,374889.53517251916, 0.0, 0.0,0.0,NaN, 78.76313974812611,78.76313974812611,0.0, 343.27487755993394, 14.44373367439197, -16.24812698511166, 14.44373367439197, 493.8528151981302, 22.23088295104379, -16.24812698511166, 22.23088295104379, 76.56481153718664, 9.294425878918991, 6.403079991834478, 18.0, 0.0
8, 0 ,1.0,1.0,1.0,183.1729529406605,176.1950791631946,136.68147230384633,11.065232258906649,14.686769894763922,15.235100220041716,45.0,61.0,75.0,-0.010177725436122107,0.5885245051828376,0.8084153144914085,15.79361159626431,-0.37994947559717424,0.7455461448154896,-0.5475393519594675,14.622014448601766,0.9249512473089484,0.31272967999545137,-0.21602161315841428,10.344437143278212,79.33826167373675,74.15357054489843,56.68907490933796,22.732963410791672,7.311718550633886,91204.0,333514.03760755016, 0.0, 0.0,0.0,NaN, 69.70695602586858,69.70695602586858,0.0, 122.43936494354833, -31.10520567870101, 21.045638961878073, -31.10520567870101, 215.70120994174383, 24.168822033791994, 21.045638961878073, 24.168822033791994, 232.1082787147151, 10.519546774046855, 6.757170962941062, 7.0, 0.0
9, 0 ,1.0,1.0,1.0,81.09665795046895,21.71912953278299,43.145081471236544,17.20312616591155,13.527220900422027,19.78111410310051,92.0,55.0,86.0,-0.30333825496950617,0.06989239119855228,0.9503162403771724,20.0923418331709,0.9501109928019846,0.09819983963677664,0.2960504903764545,16.90078054421929,0.07262922572134818,-0.9927093457542646,0.09619329718466635,13.44942924380497,95.39488482272841,88.9585915111948,60.81219823588681,28.14708454691835,8.829912900893971,185096.0,516064.1477485213, 0.0, 0.0,0.0,NaN, 94.39219551190025,94.39219551190025,0.0, 295.9475498802706, 5.04927201846052, -34.76633559126881, 5.04927201846052, 182.9857052888145, 17.84462924928615, -34.76633559126881, 17.84462924928615, 391.2924751598819, 9.617999871248335, 6.176256918965348, 13.0, 0.0
10, 0 ,1.0,1.0,1.0,51.78014609370542,183.19239000171203,121.75459396222108,14.653832482184272,9.723221721430571,12.721138568221136,61.0,37.0,61.0,-0.9633123222276371,0.023718915339431084,0.2673327194705483,14.809737362327333,-0.2628057490726857,0.11864406462505961,-0.9575263569132652,12.578342959297956,0.05442892704015662,0.9926535140643821,0.10805782209952115,9.672651197529397,61.993763204871875,64.5976275903378,41.36653373520477,20.74149289303586,6.394817127956252,70092.0,165658.49049881691, 0.0, 0.0,0.0,NaN, 95.32063181366831,95.32063181366831,0.0, 214.73480641591885, -4.889591823226865, -16.118540019434406, -4.889591823226865, 94.54104064409928, -6.547590303893729, -16.118540019434406, -6.547590303893729, 161.82736647188327, 10.848014542131091, 6.575491102124566, 9.0, 0.0
11, 0 ,1.0,1.0,1.0,169.70158866083295,95.12590650004014,16.603557315778676,16.16252268894529,15.906713068769294,10.421658905805675,68.0,78.0,41.0,0.7873316169506507,0.6036809099342616,0.12521295432508425,16.63629361179683,0.6065269785094124,-0.7948509662118171,0.018356629657515375,15.498669519356245,-0.1106071846225045,-0.06149227994701456,0.9919600547485777,10.290122091775766,81.28578872127483,72.0489301473801,44.468927840492626,23.86228792674871,7.311145571848784,112107.0,260434.6822695654, 0.0, 1.4210854715202004E-14,0.0,52.86601921833864, 101.20578013468447,101.20578013468447,0.0, 261.22713967067136, 16.462086007585196, 18.34153448439445, 16.462086007585196, 253.02352065215587, 10.956700192564224, 18.34153448439445, 10.956700192564224, 108.61097434895872, 9.568958689510183, 6.090548815285136, 12.0, 0.0
12, 0 ,1.0,1.0,1.0,88.50547551269389,178.6244263056992,81.19912275605647,16.382597510375792,11.837308421967805,17.502370982048184,82.0,54.0,83.0,0.6230268549494148,-0.04501033475141631,0.7809043525153426,19.325420638576748,0.782070451071866,0.017644603101526286,-0.6229401877721789,14.203650815580973,-0.014259999021348075,-0.998830685224956,-0.04619431437911046,11.816462351656744,87.37577347670346,70.03513611355282,56.01680660872975,25.54471911697995,7.893775211627351,137704.0,342787.80048185814, 0.0, 0.0,0.0,NaN, 121.99767162877197,121.99767162877197,NaN, 268.38950118697113, -5.700435843799037, 83.50903286354871, -5.700435843799037, 140.1218706767899, -8.902034576354156, 83.50903286354871, -8.902034576354156, 306.33298999324234, 10.343395415456538, 6.324226884817607, 15.0, 0.0
13, 0 ,1.0,1.0,1.0,155.5662164427521,181.93249036089756,181.24619824221088,18.11432705187219,11.54445276706487,11.015173117982144,79.0,52.0,49.0,-0.9945459225286113,-0.09608003493478717,-0.040583677367176316,18.18274255097658,0.04571605881213442,-0.7513076559615772,0.6583668035830821,12.829455311331108,-0.09374673300120084,0.6529206942504187,0.7516023663288668,9.355758803633222,79.91254359611122,71.14510725032447,52.408221748000784,22.817781576799952,7.879474409216124,83514.0,297960.99561804294, 0.0, 0.0,0.0,NaN, 51.50243786600657,51.50243786600657,0.0, 328.1288445421887, 20.581008313626892, 12.130840622178079, 20.581008313626892, 133.27438969099174, -37.17113219712193, 12.130840622178079, -37.17113219712193, 121.33403881911647, 10.158235550672226, 6.654179339791132, 8.0, 0.0
14, 0 ,1.0,1.0,1.0,21.514581191331402,44.96256559533188,57.16381808227958,12.394168471373591,16.834988164229287,16.926485298276933,53.0,85.0,82.0,0.2830899850102968,-0.7721944904864498,-0.5688371728792366,17.306817242878164,0.05199999390051945,-0.5798689267196615,0.8130486015358092,16.83832836489964,-0.9576826515193935,-0.259745445941524,-0.12400097697769558,11.852549005878341,87.28151038422502,81.97359657482228,62.49408818808757,25.7834948325572,7.6648246789320496,149782.0,447131.40983273264, 0.0, 0.0,-7.105427357601002E-15,55.33082197298015, 75.84333593992861,75.84333593992861,0.0, 153.6154120967912, -39.08018816186636, -19.563240434041997, -39.08018816186636, 283.4168264897402, 2.419226128555895, -19.563240434041997, 2.419226128555895, 286.5059045527852, 11.049897231784275, 6.265674824828415, 13.0, 0.0
15, 0 ,1.0,1.0,1.0,133.30921703376626,117.9024896399687,116.31989061358537,13.102591075224515,16.31646282255462,18.32356171746451,69.0,82.0,87.0,0.0995165900842298,0.0832948456925752,0.9915434518865309,18.3596763744747,-0.3838731242788416,-0.9161353664365016,0.1154877258441657,16.94145877014594,-0.9180075559353571,0.39211982740650364,0.05919601507099442,12.229759772869286,87.01755637431714,80.40312816630464,66.83392565768608,26.67941431213197,7.865533541957575,154681.0,467602.47400287265, 0.0, 0.0,1.4210854715202004E-14,7.456597837666511, 134.87039129062782,134.87039129062782,0.0, 171.6778928845531, 49.891291887952356, 12.409278657056957, 49.891291887952356, 266.226959039807, 0.9444787021337249, 12.409278657056957, 0.9444787021337249, 335.75291401373096, 9.248536377435231, 6.19641973028741, 27.0, 0.0
16, 0 ,1.0,1.0,1.0,78.16023203856857,91.68339390002856,159.57974366009486,14.114768309656816,17.210944571708193,18.282022661233427,75.0,83.0,83.0,-0.05739961495541168,0.06372989491794709,-0.9963151031158355,18.303488802269033,0.23078430093952226,0.971777175116247,0.04886438747127499,17.36922452368989,-0.9713103987103333,0.22712908756219272,0.07048749492171813,13.89129177515246,86.30186354437978,82.2161041916463,76.16822298935895,27.580273432101272,8.306874712076494,178591.0,540444.2382916698, 0.0, 0.0,0.0,NaN, 127.07739260755359,127.07739260755359,NaN, 199.22668443529233, 23.86354855595645, 9.349625991358591, 23.86354855595645, 296.2166130504117, -3.856759602820264, 9.349625991358591, -3.856759602820264, 334.2323525858525, 10.011214556335203, 6.305096307265904, 22.0, 0.0
17, 0 ,1.0,1.0,1.0,119.18637947257331,50.770227771702736,14.438428739753665,16.634665955185127,18.646352866161635,9.467279752720454,77.0,94.0,39.0,-0.5142182962899305,0.8568177791430316,0.03798469566923079,19.720033839715544,-0.8564205419646526,-0.5105921748528816,-0.07641653145736635,15.388944386900608,-0.046080354400236875,-0.07182565226579785,0.9963521850304446,9.398331159500295,98.0608035653118,72.39248232289334,42.97754269320338,25.364726441136607,8.405868493650933,117969.0,305091.7731238753, 0.0, 0.0,-1.7763568394002505E-15,87.82311355581467, 96.52422242740131,96.52422242740131,0.0, 276.7121114405951, -67.4878484857586, 3.847453714950826, -67.4878484857586, 347.6864752094142, 15.575499066870595, 3.847453714950826, 15.575499066870595, 89.62938591627068, 9.472100150099472, 5.893659786581931, 8.0, 0.0
18, 0 ,1.0,1.0,1.0,48.99488509825996,13.011881745429628,119.14844227992462,15.73509934465195,8.242654645554769,15.663616079478748,68.0,33.0,72.0,-0.7297462905413841,0.08423215945442095,0.6785096128683328,16.739608555700556,0.671756853829683,-0.09648400605769003,0.73446141212994,14.685263918557682,-0.1273305963778376,-0.9917639738812379,-0.013825315090789738,8.06300841630972,82.24906089082188,77.85938899711836,37.20952988092601,22.460246190224005,7.511385807679336,81722.0,238284.68054628535, 0.0, 0.0,0.0,NaN, 95.42946200263009,95.42946200263009,0.0, 247.5933513860662, -22.99194872164667, -32.230194453476244, -22.99194872164667, 67.9413556058856, 1.6240530401383997, -32.230194453476244, 1.6240530401383997, 245.34886868530518, 8.685595511395292, 5.6915837251451835, 9.0, 0.0
19, 0 ,1.0,1.0,1.0,15.403256402149857,97.98933693559049,23.138921622165377,9.394475027353403,13.241405136563522,14.573240196247882,38.0,61.0,58.0,-0.06198491931371987,0.23948237701221825,0.9689200487544105,14.7102124511929,0.33230186285202523,0.9203525726389632,-0.20621981956619923,13.556909870182565,0.9411340721293356,-0.3091914182790652,0.13662841995659178,8.705753572220424,64.20733650730114,66.44638715247687,44.319760611137866,20.847456414638614,6.430696843063328,69586.0,189083.41299917945, 0.0, 0.0,0.0,NaN, 101.85568297696385,101.85568297696385,0.0, 88.2561610395667, 30.94295140186808, -15.845145282665714, 30.94295140186808, 175.3348099906108, 12.126980712264645, -15.845145282665714, 12.126980712264645, 212.379329817535, 11.047758904124562, 6.5227944587505, 5.0, 0.0
20, 0 ,1.0,1.0,1.0,186.36769750685457,27.9759867372314,171.95707453931007,8.056601065777699,15.45302866490588,15.109562044532597,32.0,72.0,59.0,0.009188708694429212,0.7726617793716282,0.6347514019919905,16.1519304131845,-0.04283229777938544,-0.6338914752001727,0.772235062617262,14.369652812946821,-0.9990400201690958,0.034283704100017624,-0.027270235307299027,8.039403136557336,80.01064002960442,73.10918151840268,33.741101590501415,21.930953888954917,7.144021441008425,78415.0,197368.99232306783, 0.0, 0.0,0.0,NaN, 41.89154059688158,41.89154059688158,0.0, 64.90882073309035, 5.244855887335362, -3.5474249849125394, 5.244855887335362, 238.7960949184028, 26.81198968765592, -3.5474249849125394, 26.81198968765592, 228.29886517758004, 8.746147308640431, 5.646760167591871, 9.0, 0.0
21, 0 ,1.0,1.0,1.0,22.767466927151315,178.3255749328438,41.331435837410424,14.725245156231,12.664037823798425,17.28744514309655,65.0,53.0,74.0,0.3442008405994132,-0.30373723755520704,0.8884083924935586,18.40816972661812,-0.902796573191451,-0.3669275911050744,0.2243267490059987,14.355720424800909,0.25784516432237037,-0.8792655079145085,-0.400509722512963,11.450722112174784,86.62788801600209,75.80730214895067,66.08949638380437,24.697650132967155,8.129731631412564,118753.0,434011.4728918279, 0.0, 0.0,0.0,NaN, 51.927120473339095,51.927120473339095,0.0, 216.83284491110456, 3.115175416162356, 48.342957813395664, 3.115175416162356, 160.37785400259716, -62.22829152764685, 48.342957813395664, -62.22829152764685, 298.85575957557256, 9.983610967507872, 5.965217542449053, 8.0, 0.0
22, 0 ,1.0,1.0,1.0,110.39124964836058,70.206490482293,61.416794298752855,13.028664435364004,14.477196775054358,15.681213939492412,62.0,69.0,67.0,-0.23161735004789738,0.22184958871610516,0.9471727208610292,15.9223244146126,0.14948801400221767,0.9702016690755888,-0.19068837141423717,14.413614002151656,-0.9612526914534296,0.09742423368667721,-0.25787939402771437,12.8048081079688,69.4406475344551,68.49685157797535,58.86713422365767,24.063444118729777,6.796061447183581,127972.0,279999.5064195688, 0.0, 0.0,0.0,NaN, 129.34721515115064,129.34721515115064,0.0, 169.7460969693188, 1.7490640768454906, -20.895465209141758, 1.7490640768454906, 209.5892264636443, 10.717400764663056, -20.895465209141758, 10.717400764663056, 245.90047061613112, 9.244428291074748, 5.754671076699382, 10.0, 0.0
23, 0 ,1.0,1.0,1.0,141.28739210850802,40.18540382244143,86.20020807644883,15.192660839493579,12.641266350399667,16.780237488741957,87.0,65.0,88.0,-0.3535197409596818,-0.0029092566691690733,0.9354225403406908,17.02842430921501,0.8778589077475579,0.34436019349583563,0.33283598847446594,15.23688757928301,0.32309059231129555,-0.9388331019734782,0.11918420951951973,12.25010003819707,79.4453867722658,78.69948141999299,63.81821907457215,24.829004441886163,7.464279397841754,129760.0,399011.33653962385, 0.0, 0.0,0.0,NaN, 111.76991043306714,111.76991043306714,0.0, 230.81694338388172, 24.962021583334863, -22.27675061333912, 24.962021583334863, 159.8016149417469, 9.028948783113519, -22.27675061333912, 9.028948783113519, 281.57637017858093, 8.899401805137368, 5.683873648196428, 15.0, 0.0
24, 0 ,1.0,1.0,1.0,55.57224749017567,77.14859065161149,92.70296200755776,14.278895804528535,15.41763366650115,14.270070589546593,71.0,76.0,63.0,-0.13104688062723086,0.8455313396549592,0.5175939226257993,16.23161282658393,-0.8813835617389386,0.13965291201200564,-0.4512871383752809,14.542405815315782,-0.4538609172139139,-0.5153385468096251,0.726936345217302,13.049076061246653,78.20712203237449,71.52138692613117,64.16692205664009,24.435055859262835,6.939254502927455,132579.0,358916.5129481433, 0.0, 0.0,0.0,NaN, 132.79314325526732,132.79314325526732,0.0, 203.88686539658258, -15.397108709195734, 10.068077737881643, -15.397108709195734, 237.70342787442968, 38.18570549220505, 10.068077737881643, 38.18570549220505, 203.63491463064267, 8.56342814291033, 5.558672561939276, 11.0, 0.0
25, 0 ,1.0,1.0,1.0,117.71597135062417,150.94139353810772,159.31545878833884,16.414035580515275,12.828461815433613,15.07216331662203,77.0,65.0,76.0,-0.9368430633220608,-0.3475985771344788,-0.03873375632989001,16.9239254748977,0.013900660247044283,0.07365409848472038,-0.9971869661307751,15.080163867899369,-0.34947367046751027,0.9347461168416211,0.06417048152754778,12.137936722062665,84.16717283453369,76.31839130432992,62.51606820538636,24.66930763225826,7.2515766959064205,133057.0,401572.1661295408, 0.0, 0.0,0.0,NaN, 104.07996989026023,104.07996989026023,0.0, 269.42056403842145, 45.375915168628154, 3.937153389366141, 45.375915168628154, 164.56943255003827, -4.009086725001504, 3.937153389366141, -4.009086725001504, 227.1701070429268, 9.28790957576438, 5.769949222554584, 16.0, 0.0
26, 0 ,1.0,1.0,1.0,174.88380868041853,60.93227386922581,113.8015093031986,14.328863610892512,12.22491240356644,15.015960130567702,61.0,55.0,78.0,-0.60278470720516,-0.004208155196240893,0.7978927798830081,15.891532932068667,-0.7248949422411134,0.42076923369059016,-0.5454177982910777,13.643809307209086,0.3334335308166272,0.9071579484352643,0.25668372974904263,11.897458676319188,84.96989988152067,72.99987952466114,60.842988082115454,23.05210455587816,6.988873288456841,103889.0,377396.4273894528, 0.0, 0.0,0.0,NaN, 108.5068885540578,108.5068885540578,0.0, 205.3163323795596, -13.323282754907565, -35.74698939445977, -13.323282754907565, 149.44848327487261, -10.609069107823919, -35.74698939445977, -10.609069107823919, 225.4790586427988, 9.439595116666853, 5.661284870937516, 11.0, 0.0
27, 0 ,1.0,1.0,1.0,183.62809600942424,19.821690472684434,114.78414077455456,10.391602859799157,11.207416403720488,15.83459020897154,42.0,43.0,81.0,-0.23569388651229953,-0.30414908019780357,0.9230068953564524,16.575003600880986,-0.35139677802211305,-0.8588310255080286,-0.3727325770851078,10.665899701932613,-0.9060732289701562,0.4121924388433855,-0.09554421543943364,9.789467743821545,91.20233999446197,54.56485556613434,47.564103225091884,20.772891860465137,7.267241793256113,67910.0,236700.02519615358, 0.0, 0.0,0.0,NaN, 89.00944509995821,89.00944509995821,0.0, 107.985409995786, 18.234849279607175, -36.57041290823004, 18.234849279607175, 125.60618244638309, -44.48315180917237, -36.57041290823004, -44.48315180917237, 250.7342470860573, 9.276429577090834, 5.840429882999494, 7.0, 0.0
28, 0 ,1.0,1.0,1.0,11.38960215086246,24.688638491979578,170.58665377760323,7.110165986307223,14.042682245835346,15.96407184887471,28.0,52.0,60.0,0.03153466616664733,-0.29212479717248374,0.9558601716290377,16.151748849611263,0.04046577224184989,-0.9551785621701259,-0.29325148873873164,13.842355872020544,-0.9986831760406446,-0.04792720780044437,0.01830018157899479,7.079065476303561,71.96444641751513,65.1217153224836,28.913780920567252,21.268841491627416,7.087972672803194,66206.0,135502.93634630012, 0.0, 0.0,0.0,NaN, 40.054922840284796,40.054922840284796,0.0, 50.55446035284017, -7.410759466847695, 4.673954814677003, -7.410759466847695, 197.19692465749924, -19.217679953908846, 4.673954814677003, -19.217679953908846, 254.85158999603402, 8.585828845162004, 5.21364684463923, 6.0, 0.0
29, 0 ,1.0,1.0,1.0,98.14562436548223,184.54741116751268,141.8085008460237,13.048527089124738,9.352786128057588,15.035851509379869,61.0,38.0,64.0,-0.3426387558032241,0.026608073285812363,0.9390903542565192,15.339399921072406,0.9024498714684677,0.2871537663643148,0.32113384117737354,12.978427896816111,0.2611185794005562,-0.9575148692833997,0.12240246154808353,8.94867127307058,70.62041800608627,64.79034855054093,42.67950692828069,21.015959694020054,6.491913146693032,73875.0,195281.0014487475, 0.0, 0.0,0.0,NaN, 115.14163737546674,115.14163737546674,NaN, 170.2640591956221, 21.482882580844706, -24.33683725348942, 21.482882580844706, 87.47460835718644, 12.026683259381489, -24.33683725348942, 12.026683259381489, 226.0768306121209, 9.39931117298236, 5.629701220072803, 7.0, 0.0
30, 0 ,1.0,1.0,1.0,175.29062917288508,150.00791094852835,92.52958470325527,14.614715796011687,10.945294450804951,13.819988445538238,62.0,51.0,66.0,-0.8033029781193453,-0.09019239038473512,0.5887016715292034,15.412185290964175,-0.5929672654869333,0.2134400852884236,-0.776423307257722,13.057541648887495,0.05562506094863538,0.9727839753556585,0.22493819125640407,10.786409026751286,74.96207830977477,66.27134904389206,52.579614553111156,21.912628091344818,6.649676622078184,89117.0,261207.01018475392, 0.0, 0.0,0.0,NaN, 108.03465193982458,108.03465193982458,0.0, 213.58991779819354, 1.926614522853406, -32.379313080717516, 1.926614522853406, 119.79947061482167, -15.408882224668972, -32.379313080717516, -15.408882224668972, 190.99208063481038, 9.414069509996683, 5.546897268120536, 8.0, 0.0
31, 0 ,1.0,1.0,1.0,20.19998084382932,75.45445141516211,175.21419472247499,11.784146303973996,15.45627752576163,14.25148491264737,49.0,73.0,59.0,-0.012104851411645233,0.8169576083992925,0.5765706709942944,16.564017344986357,-0.06953615842627021,-0.5759047359482805,0.8145541466248014,12.953578697466764,-0.997505987572816,0.03023245261056745,-0.06377933494111672,11.777332873183559,84.18759935889045,67.01195217476322,51.20367931642803,23.022466180342782,7.129761023861006,104405.0,288869.4166966228, 0.0, 0.0,0.0,NaN, 81.94967728862339,81.94967728862339,9.5367431640625E-7, 138.866104113464, -0.17664375362453186, -2.5944846665447847, -0.17664375362453186, 238.89651495336403, 50.254854681317575, -2.5944846665447847, 50.254854681317575, 203.10482221541565, 8.506152379591857, 5.1545706640297615, 8.0, 0.0
32, 0 ,1.0,1.0,1.0,88.89408010544297,33.73233439990288,104.68112171899794,13.246314677353928,14.863633496680897,13.900595979854947,67.0,68.0,61.0,-0.4125124697380238,0.7294012223098297,0.5457172520670057,16.55972728324444,-0.25109284150014904,-0.6668989347725782,0.7015683828014079,12.673850320604936,-0.8756630900397808,-0.15238001080236227,-0.45825155215214985,12.440577647592088,82.86024449826355,61.71970708294469,63.180131052168406,23.33013222208861,6.732306614387969,115323.0,323110.1412316755, 0.0, 0.0,0.0,NaN, 134.6317808639857,134.6317808639857,0.0, 175.4648525314821, -34.96192030475419, -27.923520010773707, -34.96192030475419, 220.9276007236544, 44.80826778025229, -27.923520010773707, 44.80826778025229, 193.2265685951595, 8.31567146690387, 5.218156003829351, 10.0, 0.0
33, 0 ,1.0,1.0,1.0,105.35365610679418,161.4046740034926,18.076966351394113,11.105862019503526,17.57364615965318,11.095087386959195,53.0,84.0,44.0,-0.009539724420155554,0.9958212715082777,-0.09082394436283933,17.619659934680765,-0.7196998215131534,0.056219850899396726,0.6920054156426703,12.154440562895108,0.6942198215060722,0.071967517509542,0.7161560694789866,9.853493444178069,85.2933575296466,65.20588880601056,53.412635100058125,22.339938587885314,7.49675386781979,85323.0,297061.2703254316, 0.0, 0.0,0.0,NaN, 103.7993560365241,103.7993560365241,0.0, 123.34017119625094, -4.075829940993504, -25.03523621594809, -4.075829940993504, 308.83303934469296, -17.327232917043748, -25.03523621594809, -17.327232917043748, 123.10096412426101, 8.191245349809487, 5.2665143738653715, 12.0, 0.0
34, 0 ,1.0,1.0,1.0,153.64159861989648,89.23705577918344,68.69266244968372,10.664231994049253,12.60975270225202,15.007207016433387,52.0,61.0,69.0,-0.08742388202193742,-0.26189947697108545,0.9611273218541266,15.235222159664664,0.2834006390740372,-0.9314928723069305,-0.22804628173643224,12.526156952263603,-0.9550084515985405,-0.25244740601491006,-0.1556572021195984,10.437019086974226,69.01897371759458,64.34286600568535,48.07005896044686,21.437154377738274,6.196481409151066,86950.0,213473.29506916177, 0.0, 0.0,0.0,NaN, 121.78273842003252,121.78273842003252,1.9073486328125E-6, 113.7258440229037, -9.84387154402876, -13.450748247044416, -9.84387154402876, 159.00586321195215, -20.8162295389633, -13.450748247044416, -20.8162295389633, 225.21626243408747, 8.095295802058674, 5.086871337010297, 8.0, 0.0
35, 0 ,1.0,1.0,1.0,152.77209760775747,49.6936304544728,157.7789440034099,12.227112178749577,11.489730566633582,12.351060226734534,55.0,56.0,56.0,-0.721186949451404,0.19819677857298187,-0.6637826608945655,12.776302932714161,0.4747917133920958,-0.556325913377837,-0.6819635672075989,12.188827846503717,-0.504442477231226,-0.8069817315575415,0.30711280028226867,11.057279437085743,59.312288054030574,59.29203421432348,55.92732925422726,20.076845101857863,5.56643155046971,75076.0,196682.22333728062, 0.0, 0.0,0.0,NaN, 80.51427973710062,80.51427973710062,0.0, 149.50227223172624, -12.804131585646209, 11.096019125930296, -12.804131585646209, 132.01390849383407, 4.589555797091283, 11.096019125930296, 4.589555797091283, 152.54868872442373, 8.280909184013764, 5.03833580753831, 13.0, 0.0
36, 0 ,1.0,1.0,1.0,120.90299880477552,79.28955320091858,178.49650161825335,12.323427481461856,11.976751146822718,12.84278582813744,59.0,55.0,53.0,0.36696879759120926,0.4553453957628184,-0.8111685842980264,13.916434918377727,0.8075669397874864,-0.5887453626735867,0.03485018927669869,12.533387307495586,0.4617028691233539,0.6678618633280008,0.5837730656302275,10.463920035724765,67.23062338661418,59.87689850089636,57.946985342712225,20.556081268898094,6.1395523955426325,74463.0,233269.13658691186, 0.0, 0.0,0.0,NaN, 114.04196283619649,114.04196283619649,0.0, 151.86686489084929, -8.562568755351863, -23.716809271871334, -8.562568755351863, 143.44256803291927, -32.066987247239005, -23.716809271871334, -32.066987247239005, 164.9371478274079, 8.511715878542656, 5.089241475088516, 10.0, 0.0
37, 0 ,1.0,1.0,1.0,48.57463801310522,31.219741480611045,11.022386424744568,12.642573392856313,13.26969394805387,7.50084520277335,59.0,59.0,30.0,-0.6040457423098988,0.7933594161074596,0.07556175005195603,14.039680338060249,0.7878155481667608,0.6087463806158127,-0.0936723339831688,11.84785592606187,0.12031377005143466,-0.00294634702285752,0.9927315426515025,7.395796386131039,70.47937108494219,59.140957624901766,33.02452537688809,18.814576046618424,6.180117022420419,50209.0,137653.4045643304, 0.0, 0.0,0.0,NaN, 58.78486811005692,58.78486811005692,NaN, 159.83466199375837, -27.161325284283457, -12.82263923055088, -27.161325284283457, 176.0847774750175, 3.652074539938987, -12.82263923055088, 3.652074539938987, 56.262678755967976, 8.13000612902431, 4.88070752867066, 2.0, 0.0
38, 0 ,1.0,1.0,1.0,46.41933930720877,22.803798314832154,167.02185368463287,12.028451423410363,13.232109495349702,11.486295217040828,52.0,52.0,54.0,0.3438600988086936,-0.9299549608988877,0.13016913284962314,13.401876996745873,0.7726920045795662,0.3589895770930131,0.5235203430597429,12.132768679822588,-0.5335797021121462,-0.07943710869692541,0.8420109543561687,11.175551900523361,63.24670958136724,64.6422669852531,61.46945715506426,20.415187191213484,5.909947131995792,74770.0,251312.38553825923, 0.0, 0.0,0.0,NaN, 61.3378057457151,61.3378057457151,1.1680077279964342E-6, 144.68364364534278, -11.308362877668158, 11.47443894037743, -11.308362877668158, 175.08872169692373, -2.4304989493972826, 11.47443894037743, -2.4304989493972826, 131.934977813015, 7.999557291624762, 4.897667238169046, 6.0, 0.0
39, 0 ,1.0,1.0,1.0,114.59606663441771,154.64126557020197,61.681914379005924,10.08277020749343,12.50403361770108,13.947166150160681,51.0,55.0,60.0,0.1554581094966788,-0.4691761451830519,0.8693138219209962,14.767942864055964,-0.4084314133506399,-0.8317994823498782,-0.3758901458549729,12.051857352129494,0.8994534767180107,-0.29661990147939377,-0.3209362510939471,9.444424456673078,62.80011022882694,56.444605819256225,48.94645953388077,20.380661054524165,6.096327613443016,66152.0,173501.8595354635, 0.0, 2.8421709430404007E-14,0.0,62.01916838210273, 114.69919435133268,114.69919435133268,0.0, 101.66225505711711, 9.640831075422758, 26.024223517374242, 9.640831075422758, 156.35085671259876, -35.04635521029927, 26.024223517374242, -35.04635521029927, 194.52344362018795, 7.949975607309646, 5.018332553154594, 8.0, 0.0
40, 0 ,1.0,1.0,1.0,35.15210792580101,53.9733455976289,127.91831979150697,14.354978271410646,13.317358647425605,12.381692248891108,71.0,64.0,60.0,-0.876740216504342,-0.33596235654203166,-0.34417421133874165,14.620059642114848,-0.4561369370992297,0.8077460005290383,0.37347756725548686,13.613999753302014,0.15253093908336596,0.4844333737636867,-0.8614282436780667,11.731863118924492,70.8364869456834,63.775216403070814,54.1146062322069,22.25169916747727,6.4486920862408965,97845.0,244468.80986895316, 0.0, 0.0,1.4210854715202004E-14,69.8686052856275, 96.66727133993027,96.66727133993027,1.9073486328125E-6, 206.06540117267178, 4.841859036951125, 14.839385216853273, 4.841859036951125, 177.35204134416156, 23.191731596057465, 14.839385216853273, 23.191731596057465, 153.30630294625013, 8.313492955115974, 4.945026973550916, 6.0, 0.0
41, 0 ,1.0,1.0,1.0,58.96917808219178,143.53534134291488,86.39869189310578,11.919365612239462,12.725059605428596,10.904773515353106,62.0,57.0,51.0,0.5166030246135782,-0.8411047991486786,0.16019997443559145,13.192120222035442,-0.7961604708057529,-0.54072195087678,-0.2715663391629592,11.517940800319874,0.31503939386442587,0.012747105125111693,-0.9489929881850894,10.780422429050908,58.390807532099885,54.54933967798826,53.43128651375831,19.802310982705976,5.548061258258595,71248.0,170188.26486481485, 0.0, 0.0,0.0,NaN, 118.87117229080484,118.87117229080484,0.0, 142.07127659823658, -18.041620682844833, 8.34039590440812, -18.041620682844833, 161.92714196171056, -5.375335534847843, 8.34039590440812, -5.375335534847843, 118.91408542114654, 7.336532347861744, 4.667080480160456, 11.0, 0.0
42, 0 ,1.0,1.0,1.0,130.66219562525794,119.91503301692117,183.46810083918007,15.445125490301745,10.183713805041714,9.448587655941592,70.0,50.0,38.0,-0.9828251678691134,-0.07653724714716956,0.16791884707257246,15.629903630299308,-0.018223032931519133,-0.8652363644664979,-0.501032887818329,10.579011591209008,0.18363717073028998,-0.49548772275802216,0.848981334377997,8.67907617357974,71.7460792342531,55.150919140494125,44.63111797288269,19.713631499949997,6.550455713180154,58152.0,176599.18429760291, 0.0, 0.0,0.0,NaN, 107.21304371229436,107.21304371229436,NaN, 238.5519014111687, 13.287108071681143, -27.55146215289471, 13.287108071681143, 103.70802686299719, 13.690240855799225, -27.55146215289471, 13.690240855799225, 89.27580869201185, 7.7063372709222975, 4.964420581973209, 8.0, 0.0
43, 0 ,1.0,1.0,1.0,125.19102472307628,10.51086636061155,43.0910794760561,9.415730844608342,7.113880272216698,18.65028107198836,44.0,29.0,83.0,-0.12827250089819445,0.014620995152505029,0.9916311774112759,18.771327623969135,0.931974740411904,0.3436355440643309,0.11548894358238766,9.454843771178743,0.33907115587659065,-0.9389892647716277,0.057705388796463,6.733457687245524,86.11301622209858,48.78695395626819,33.57195221624387,20.409067061099353,8.400371755175412,47486.0,141042.20893282208, 0.0, 0.0,0.0,NaN, 86.96954768219622,86.96954768219622,9.5367431640625E-7, 88.65598733810894, 13.533103046011286, -34.311337697999136, 13.533103046011286, 50.60729252743393, 6.199774733402468, -34.311337697999136, 6.199774733402468, 347.83298406416725, 8.305227871696644, 4.6007517374754245, 4.0, 0.0
44, 0 ,1.0,1.0,1.0,171.20845181250783,103.96065597224458,120.76642166067565,8.281272311857917,12.612409203276187,16.86419257924525,43.0,53.0,73.0,-0.13935792441157177,-0.02270448765939196,0.9899817549550213,16.991324720906118,-0.18737097383854173,-0.9810725007871538,-0.048876030547051065,12.758859898919654,0.9723535812997738,-0.1923051076788245,0.1324660654437225,7.782011736843217,71.27672015008658,55.01577995923684,40.142257007083856,21.525127367136328,6.980130385059199,55917.0,157411.6127909904, 0.0, 0.0,0.0,NaN, 127.79072260836502,127.79072260836502,0.0, 68.57947110314457, 19.514022461641193, -30.53914571376928, 19.514022461641193, 159.07286591088587, -0.2260649238424442, -30.53914571376928, -0.2260649238424442, 284.40099134987054, 9.346992083613763, 5.507106431555683, 9.0, 0.0
45, 0 ,1.0,1.0,1.0,48.54680486113646,183.36869092368892,164.55047261048867,15.085429055971876,9.915759184585337,9.132284209436,62.0,43.0,41.0,-0.9940932574248726,0.034703710591669046,0.1028311626579017,15.136134330116821,-0.08862669378685975,-0.8064597165553581,-0.5846093009197357,10.806880286124601,0.06264107830183283,-0.5902697502368064,0.8047718417443306,7.962401705100886,63.11964167019835,52.5870578348933,41.12637010965928,19.26580351972942,6.174129868294189,54802.0,136509.78343149333, 0.0, -2.8421709430404007E-14,0.0,88.01122451721143, 62.37035911357865,62.37035911357865,0.0, 227.5701698027605, -1.9006275723379356, -14.172575129482595, -1.9006275723379356, 98.32228020668846, 25.762229497191246, -14.172575129482595, 25.762229497191246, 83.3986148819141, 8.653744587854945, 5.207788911467272, 6.0, 0.0
47, 0 ,1.0,1.0,1.0,159.77824524498203,51.512928389867646,42.50423642153855,12.47694093225629,12.569272835133681,10.845914450958778,64.0,58.0,55.0,-0.8019229041653438,-0.3909914889246604,-0.4517137493629115,13.832983217684694,0.20143190087562304,-0.8887778906127638,0.41170262382885,12.528394796128197,0.5624454152045822,-0.239164204567497,-0.7914895060384198,9.109469470839663,64.96276101569293,57.17513544144438,47.10203358048042,19.911895762837105,5.900079833229758,68454.0,174948.94770870163, 0.0, 7.105427357601002E-15,0.0,66.98379318712304, 77.9614100735132,77.9614100735132,0.0, 155.67405502701246, 20.73436545648445, 45.39055875301601, 20.73436545648445, 157.98661960402947, -7.929817822670141, 45.39055875301601, -7.929817822670141, 117.63386027751648, 7.578463328958017, 4.403284590031311, 3.0, 0.0
48, 0 ,1.0,1.0,1.0,8.492339950623965,118.05363725523353,68.36957624539214,6.027602069564249,9.710498704472428,12.748199773958726,24.0,47.0,56.0,-0.06996433821462822,0.02541698651631074,0.997225635538226,12.773971434420133,-0.050163204997464454,0.9983209514020635,-0.028964303134385198,9.716419064955206,-0.9962874305352701,-0.052050502284876045,-0.06857186718560798,5.963155508799909,56.30869846994766,47.26298825418914,25.56408236804912,16.210472916429783,5.510257444170023,29569.0,68034.13605524204, 0.0, 0.0,0.0,NaN, 107.05944685504546,107.05944685504546,0.0, 36.331986709015226, -3.174062401896908, -8.818231627056024, -3.174062401896908, 94.29378508956071, 1.5329179909638666, -8.818231627056024, 1.5329179909638666, 162.51659747676132, 7.476676776922044, 4.582697860818474, 8.0, 0.0
49, 0 ,1.0,1.0,1.0,50.676027372329195,140.01969206129655,49.72884286390274,10.557060839308242,13.73250828542847,9.097552482781545,50.0,59.0,40.0,-0.37262492264648095,-0.9228566170673693,0.09739779955252642,14.320301135752313,0.9155766391564932,-0.348508806932539,0.20065151213324717,9.837525694438373,-0.15122858477683518,0.16394290416309062,0.9748090271027279,8.997268593513128,66.8302167838938,49.426899868685865,40.838631771423955,18.704323572523407,5.739952808650883,54946.0,134898.59454416746, 0.0, 0.0,0.0,NaN, 92.94436455883422,92.94436455883422,0.0, 111.45153356485567, 37.63248531982561, -1.5972385283671329, 37.63248531982561, 188.58178380936155, -12.263142139168377, -1.5972385283671329, -12.263142139168377, 82.76546117696465, 7.3523290864305615, 4.356446886937669, 5.0, 0.0
50, 0 ,1.0,1.0,1.0,141.53396527524083,147.42731065777076,17.433847987848257,8.662903711576972,13.951753119236129,10.243928981891173,37.0,61.0,40.0,-0.027764004746524375,-0.980025360155857,0.19692499458377105,14.087031013165381,0.23081802824330422,-0.19796241933497358,-0.9526457465232906,10.13949056732977,-0.9726007391927627,-0.01900457793342051,-0.23170375080965858,8.566311053851965,65.21215480361329,47.47759923108032,41.106165863636974,18.50460792160765,5.675815577497799,52009.0,127269.48046873824, 0.0, 0.0,0.0,NaN, 80.53635164802718,80.53635164802718,0.0, 75.04590071605408, 2.058242914169629, -7.154538492771027, 2.058242914169629, 194.65141510011503, -18.586356932106835, -7.154538492771027, -18.586356932106835, 104.93808098602993, 7.8875875735581324, 4.4630776761712845, 6.0, 0.0
51, 0 ,1.0,1.0,1.0,8.94561399681494,22.726259298850323,112.90865856585005,5.804864046635597,12.829005031285913,14.737241753336852,24.0,52.0,63.0,0.0050045345511904715,-0.26201471695411727,0.9650509016281886,14.878498702481153,0.019977398504366115,-0.964844189979298,-0.2620621922601403,12.667093342427933,-0.9997879065996567,-0.020590705734550737,-4.057763293343133E-4,5.800097740854168,64.56443440977539,57.26755446845165,24.70026884564783,19.305914008954325,6.538179828349134,45839.0,91327.94147048375, 0.0, 0.0,0.0,NaN, 90.45113943062451,90.45113943062451,NaN, 33.6964465999226, -2.6905132216663854, 0.2427471324563376, -2.6905132216663854, 164.58337009275928, -15.403742496907007, 0.2427471324563376, -15.403742496907007, 217.18629449629506, 7.434575946782516, 4.505883960608175, 2.0, 0.0
