// Sample: .//bubblelabels.tif, Map: .//bubblelabels.tif, Thickness:(8.191250068658265):/gpfs/home/mader/Foam/NewValid/InSilicoTest/LatticeData_Phi_6.65/out_Step_03000.vtk/distmap.tif, Neighbors:(1.0):
//LACUNA_NUMBER, TRIANGLES, SCALE_X, SCALE_Y, SCALE_Z, POS_X, POS_Y, POS_Z , STD_X, STD_Y, STD_Z,PROJ_X, PROJ_Y, PROJ_Z, PCA1_X, PCA1_Y, PCA1_Z, PCA1_S, PCA2_X, PCA2_Y, PCA2_Z, PCA2_S, PCA3_X, PCA3_Y, PCA3_Z, PCA3_S,PROJ_PCA1, PROJ_PCA2, PROJ_PCA3,OBJ_RADIUS, OBJ_RADIUS_STD, VOLUME, VOLUME_BOX, Mask_Grad_X,Mask_Grad_Y,Mask_Grad_Z,Mask_Angle, Mask_Distance_Mean,Mask_Distance_COV, Mask_Distance_STD, SHAPET_XX, SHAPET_XY, SHAPET_XZ, SHAPET_YX, SHAPET_YY, SHAPET_YZ, SHAPET_ZX, SHAPET_ZY, SHAPET_ZZ, Thickness, Thickness_STD, Neighbors, Neighbors_STD
1, 0 ,1.0,1.0,1.0,156.05117869793574,182.0900731124256,183.56778167478058,15.77986647455309,11.551611240555781,9.343041871742397,73.0,53.0,41.0,-0.9544537280860308,-0.29810671462186794,0.012266525181733604,16.165259335495232,-0.2696463967582839,0.8442748228457733,-0.4631315625435303,11.570965340789975,0.1277063101728026,-0.4453452707799801,-0.8862046536415578,8.633278133085517,79.28066581084164,66.50142069696128,45.803487594078035,20.41880923208423,7.2669504724154725,57309.0,241488.6700498963, 0.0, 0.0,0.0,NaN, 50.22232744553675,50.22232744553675,0.0, 249.0041859547246, 39.63272462547268, 5.225386873752186, 39.63272462547268, 133.43972225293467, -23.89094014910786, 5.225386873752186, -23.89094014910786, 87.29243141713167, 9.711486645958537, 6.413510531998822, 12.0, 0.0
2, 0 ,1.0,1.0,1.0,184.04817544199878,35.481447364168204,15.549225896118168,9.699227222351924,15.92491036056823,10.277098754727664,43.0,72.0,47.0,-0.01392514523920807,0.9998072567903015,0.01383978321791934,15.927019717945097,0.603302195345424,-0.002636779687357145,0.7975083124860025,11.001390638603324,0.797391090633359,0.019454990679318704,-0.6031491954037648,8.865437633778162,72.08308633344843,63.45916322263099,43.0859250569126,20.17798179706796,6.793054402446451,61878.0,197089.34043944508, 0.0, 0.0,0.0,NaN, 41.89477580503328,41.89477580503328,0.0, 94.07500871081263, -2.5049645203882838, 20.383185584596646, -2.5049645203882838, 253.60276999213335, 2.3332850339174116, 20.383185584596646, 2.3332850339174116, 105.61875881442491, 8.360656365432417, 5.859212612149916, 13.0, 0.0
3, 0 ,1.0,1.0,1.0,170.81109877326566,186.9110749788494,78.98847292724196,16.303688561198545,7.640779698478697,15.62807327999037,64.0,33.0,64.0,-0.8689272261708656,-0.021417261886557404,0.49447626486241875,16.627678288010067,0.49354665013889454,0.03741455625790662,0.8689141816754403,15.294235961073202,0.03711037261578099,-0.999070293759807,0.02194010872833876,7.618077885099599,73.79110906948026,78.47867417021988,33.97480845112935,22.695956377602858,7.302192386660964,75648.0,196749.0808058945, 0.0, -2.8421709430404007E-14,0.0,88.77278745276114, 85.22024858219432,85.22024858219432,0.0, 265.8102607005563, 7.31300578267439, -18.432287990034553, 7.31300578267439, 58.38151440068421, 3.4044185884829155, -18.432287990034553, 3.4044185884829155, 244.23667444474896, 8.3659419055371, 5.580220863179916, 12.0, 0.0
4, 0 ,1.0,1.0,1.0,55.84239901707733,80.32745040145534,32.53019725124532,13.700497419521788,13.754469595018099,13.679345006936575,67.0,69.0,66.0,-0.08713397954030638,0.7230756841074893,0.685251212813196,14.798040877770141,-0.9722504316846065,0.08818835531400605,-0.21668389897753784,13.748942815995473,0.2171100359231849,0.685116317890252,-0.6953264436665243,12.489919968667996,74.68456749727912,68.41401811542076,71.39623988702508,22.812769297673444,6.6023556532924035,104993.0,364797.0424647349, 0.0, 0.0,0.0,NaN, 103.0974614099963,103.0974614099963,0.0, 187.70362954232317, -6.800755080882784, 3.198900630674016, -6.800755080882784, 189.18543384027734, 30.576531945007893, 3.198900630674016, 30.576531945007893, 187.12447981880064, 8.434066593170986, 5.427108576726957, 24.0, 0.0
5, 0 ,1.0,1.0,1.0,13.685170661312586,106.96779708871878,138.53224996862843,8.0614386754315,15.283169641927206,12.400205035556978,33.0,76.0,62.0,0.007100363241820502,0.9983587937948799,-0.05682696274011492,15.291955845915794,-0.009832505947919607,-0.056755944728670904,-0.9983396639244281,12.390057292297186,-0.9999264506295544,0.007647325701724736,0.00941338095443975,8.060379609278703,75.88232057804159,61.95605419900208,33.4729067560242,20.2235772760615,6.582862212189085,63752.0,157368.49173520535, 0.0, 0.0,0.0,NaN, 112.34126120208118,112.34126120208118,0.0, 64.98679351774278, 1.2465123504780145, 0.801022542356974, 1.2465123504780145, 233.57527430392534, -4.563814324482564, 0.801022542356974, -4.563814324482564, 153.76508492385264, 9.08050773707849, 5.4722540230760925, 16.0, 0.0
6, 0 ,1.0,1.0,1.0,51.66589770734251,185.3333438670227,121.52699521243818,14.442303792665294,8.596071020325429,12.244541838171378,65.0,34.0,55.0,-0.9569305534471344,0.0127816249645423,0.2900354218757195,14.647650662212316,-0.2895731299528599,0.029444632027806526,-0.9567028880765707,12.001631399030423,0.02076820379004941,0.9994846890813348,0.02447525287554999,8.5911905165955,65.55225373124458,58.29234291515738,34.90217675841933,19.88679717243602,6.075909715857268,63289.0,133368.00423957093, 0.0, 0.0,0.0,NaN, 95.09199897161318,95.09199897161318,NaN, 208.58013883963434, -2.3202838397162866, -19.606561744268188, -2.3202838397162866, 73.89243698647864, -1.4566199181028854, -19.606561744268188, -1.4566199181028854, 149.92880482672928, 9.27469785386872, 5.4637201320724715, 11.0, 0.0
7, 0 ,1.0,1.0,1.0,56.625497114493314,149.6505696259307,11.937954130909308,12.948112632582966,17.03880895411142,8.262894860464977,59.0,87.0,32.0,-0.24574953062521737,0.9668439659713458,-0.06942559803332476,17.304648979995083,0.9588621591343452,0.25296950248803224,0.1288013609834094,12.69796656548745,-0.14209337767013083,0.03491670482386497,0.9892372292562268,8.096964343306606,94.01002289063386,58.63977222799363,36.68040709267489,21.38483603021235,8.302942295159824,66886.0,202209.0459549255, 0.0, 0.0,0.0,NaN, 76.7074104066122,76.7074104066122,0.0, 167.65362074605457, -32.36479803606229, 15.80690746980168, -32.36479803606229, 290.32101057470754, -12.582126843470798, 15.80690746980168, -12.582126843470798, 68.27543147509853, 8.362268016020337, 5.3104021142327165, 18.0, 0.0
8, 0 ,1.0,1.0,1.0,26.34294471563174,50.93620161198774,50.41293511800947,13.751209609960407,13.258260808573699,12.912648882882957,63.0,66.0,63.0,0.8190176924353912,-0.22319601930018887,0.528576916301077,14.839360415047732,-0.08724354341818727,0.8620817095179993,0.4992030551252288,13.68051335739771,0.5670966263430288,0.45497105741252714,-0.6865877608196069,11.146779056221778,75.16457038103755,67.50307690583021,61.970305679512364,22.14930349813578,6.404849812859079,96899.0,314427.4018271591, 0.0, 0.0,0.0,NaN, 76.35385647209004,76.35385647209004,NaN, 189.09576573706747, -22.272096881985835, 38.800965470164556, -22.272096881985835, 175.78147966816132, 15.751212756576894, 38.800965470164556, 15.751212756576894, 166.73650117261846, 7.942485641544131, 5.143545633710286, 21.0, 0.0
9, 0 ,1.0,1.0,1.0,90.57263435626825,179.77624366002357,86.20045852758851,13.13878062693005,12.230837382295032,12.26313654623237,62.0,56.0,60.0,-0.8046103442489956,-0.5442849129964757,0.23739445530999817,13.976368119636993,-0.16547782604729233,-0.17842317612368763,-0.9699393070231747,12.155455009844136,-0.5702800040455338,0.8197067181049291,-0.05349404900988309,11.380312169458616,79.3593766666489,57.91125806781706,59.76942905246993,20.78769598302979,6.362165755731654,78076.0,274688.4222644632, 0.0, 0.0,0.0,NaN, 126.66065476342489,126.66065476342489,1.3486991523486091E-6, 172.62755636259237, 29.366897922588475, -9.645528719580238, 29.366897922588475, 149.5933830721456, -5.348339944707915, -9.645528719580238, -5.348339944707915, 150.38451795153998, 8.378094664689284, 5.219709768167619, 18.0, 0.0
10, 0 ,1.0,1.0,1.0,186.25557337610266,20.42620288692863,110.9417602245389,8.441999803224935,11.034543661869979,13.344493151219531,34.0,44.0,66.0,0.029393522584580178,-0.3608844664489933,0.9321472108556113,13.710660405968762,0.1107932296665071,-0.9256276312150801,-0.3618540432152499,10.605145697819307,-0.9934087180461698,-0.11391176500688881,-0.012776098891326283,8.405515327838918,73.83778900560567,56.08542008693469,35.95621542263714,18.355304927197995,5.846947322826743,49880.0,148902.72121113783, 0.0, 0.0,0.0,NaN, 92.39864230334335,92.39864230334335,0.0, 71.26736067764985, -5.533003897405123, 1.5382606386841575, -5.533003897405123, 121.76115382571491, -25.46326945897102, 1.5382606386841575, -25.46326945897102, 178.07549746294498, 8.711400191630473, 5.398288844465029, 10.0, 0.0
11, 0 ,1.0,1.0,1.0,77.22272694719827,100.38340341507832,160.21218910817143,11.845652496870997,14.64353666740847,13.689037907607355,58.0,80.0,76.0,0.1635495204383975,0.8292869138192638,0.5343545348665919,15.35627517033556,0.039050008948338426,-0.5466651515479307,0.8364402602004595,12.987722202210369,-0.98576196475899,0.11593285406302783,0.12179048478143016,11.732275692866287,73.69253373515915,68.7689961187247,60.624111184625264,22.31318395567111,6.65313683931553,97743.0,307228.5406593408, 0.0, 0.0,0.0,NaN, 132.17369544613817,132.17369544613817,0.0, 140.31948307662608, 12.652090765105719, 9.593000451337769, 12.652090765105719, 214.4331661297364, 29.31122651413695, 9.593000451337769, 29.31122651413695, 187.38975883591118, 7.543616293700676, 4.843584401594369, 29.0, 0.0
12, 0 ,1.0,1.0,1.0,21.192435004482448,177.67943590097235,47.74361538284716,13.0072393331462,12.690413554097459,13.62700229184758,53.0,51.0,80.0,0.18606951517790415,-0.5641930782332077,0.8044030743322635,14.595790768150117,0.9763125915496615,0.1981731474950548,-0.08683966371127587,12.962819513377799,-0.11041675191312188,0.8015070642768165,0.5877027878199281,11.612849125936355,91.21153699040018,62.29895439643,62.51453345128448,21.696797791563842,6.721534668345526,87006.0,355231.54610415903, 0.0, 0.0,0.0,NaN, 56.804750619497085,56.804750619497085,NaN, 169.1882750697456, -1.7882076556787, 8.888624320678954, -1.7882076556787, 161.0465961740205, -36.05152315193076, 8.888624320678954, -36.05152315193076, 185.6951914620192, 7.707556103066165, 4.8189079887949555, 13.0, 0.0
13, 0 ,1.0,1.0,1.0,175.121340072079,61.22991704518798,109.78240888832022,13.075440727337098,13.108070887387363,13.073272007596993,54.0,65.0,65.0,-0.6406533520758267,-0.5726687472624199,0.5114819531351007,14.376558899728973,-0.0581791717148037,-0.6280197925405436,-0.7760195385142775,12.688521350006566,-0.7656229270682707,0.5269171150059782,-0.36902559187838274,12.0836705408807,76.5644330442278,66.13521272902423,67.34043619941937,21.779743934140107,6.2723096025944,93786.0,340985.37394374976, 0.0, 7.105427357601002E-15,0.0,55.06346392564106, 111.83588067862651,111.83588067862651,0.0, 170.9671502141057, 22.80633083856603, -19.204143615775127, 22.80633083856603, 171.82152238877214, -10.4686529211059, -19.204143615775127, -10.4686529211059, 170.9104409846191, 7.238250574693213, 4.510329522783182, 19.0, 0.0
14, 0 ,1.0,1.0,1.0,169.89752724224644,186.72286951662477,23.311763062307907,16.258660882087312,7.547600240163561,14.816847139105919,74.0,34.0,51.0,0.9374190942940328,0.007810289871685819,0.3481155569995048,16.475235358015325,0.3474663533201368,-0.08598556259498594,-0.9337417289248828,14.616080442819605,0.022640118448476874,0.9962657689579343,-0.08331832115024247,7.469008943273016,86.19571406180995,66.56455773632615,34.31859636089564,21.99242730737596,7.561906065103459,71580.0,196905.67787612398, 0.0, 0.0,0.0,NaN, 40.32219434848568,40.32219434848568,0.0, 264.34405367871614, -3.1370459918351115, 19.160796061218722, -3.1370459918351115, 56.96626938531704, 13.25932444631179, 19.160796061218722, 13.25932444631179, 219.53895914363127, 8.396196148073866, 4.986523499051358, 10.0, 0.0
15, 0 ,1.0,1.0,1.0,164.53279562322746,10.409558098839431,80.03212180944143,13.022610560035556,7.013313591453144,13.92630986124227,69.0,28.0,67.0,-0.5614132802923822,-0.034431617028398635,0.8268189599060705,14.665272875328057,-0.8274754635301007,0.0113147220494182,-0.5613878644222625,12.19302818440648,-0.00997426523565177,0.9993430045853895,0.03484355348202553,6.998349438844924,74.69772910646822,57.474747977706016,28.932221587955738,19.17787817138188,6.702689648595817,49717.0,124212.77296636028, 0.0, 0.0,0.0,NaN, 88.15566917355989,88.15566917355989,1.3486991523486091E-6, 169.58838579834958, 2.2772535655780133, -30.78751482612163, 2.2772535655780133, 49.1865675320614, -5.361708556104506, -30.78751482612163, -5.361708556104506, 193.9421063513337, 7.580642371420854, 5.033325791316161, 13.0, 0.0
16, 0 ,1.0,1.0,1.0,189.6601955572432,24.46537402696032,175.84887032466298,6.337377031229562,13.140340069215933,12.827542328251324,27.0,56.0,54.0,-0.02293438410856156,0.7980191864329916,0.6021954766605168,13.549734671893118,0.011879230707268271,-0.6020938585291776,0.7983369397686982,12.398007820322984,-0.9996663933049688,-0.02546298502283258,-0.004328797796450044,6.33015160657189,76.02617361070298,61.935475897522096,27.70217641085634,18.40450124236376,6.2169977459813826,42136.0,130441.71574125637, 2.8421709430404007E-14, 0.0,0.0,88.68584136283876, 35.89906888470036,35.89906888470036,0.0, 40.16234763595602, -3.4395949943512005, -0.9044967413015106, -3.4395949943512005, 172.66853713464178, 14.348977164507472, -0.9044967413015106, 14.348977164507472, 164.5458421830794, 7.878877225809205, 4.935883934122149, 10.0, 0.0
17, 0 ,1.0,1.0,1.0,188.774692565967,177.4162976085031,138.49142068510926,6.744060260845514,12.928853951251247,14.734580343003703,28.0,53.0,70.0,0.015186278749728686,0.5178724499199492,0.8553230398812169,15.684805221190686,-0.019225337931424877,-0.8551123131038331,0.5180862074593721,11.76140386785626,-0.9996998366105488,0.024311676045117775,0.0030297010940341517,6.738080988650783,75.25602589164512,66.0694949908634,28.81183673926992,19.52310485051815,6.970928788534671,48547.0,143256.12939791556, 0.0, 0.0,0.0,NaN, 66.4780901503079,66.4780901503079,0.0, 45.48234880191567, 3.1054537508353186, 1.6801688972277047, 3.1054537508353186, 167.15526449278497, 47.69092607069327, 1.6801688972277047, 47.69092607069327, 217.1078578844311, 7.501891994942503, 4.867968012436079, 9.0, 0.0
18, 0 ,1.0,1.0,1.0,21.251594122539508,9.743138342112559,20.38630440809537,12.170849410079965,6.391395433724188,12.111822160662285,57.0,25.0,47.0,-0.7120242553637993,0.0457921899709605,0.700660071012535,13.609583212065443,0.7021132831828555,0.03557288065301966,0.7111761439617034,10.487926760688783,-0.007641816002644185,-0.9983174071905736,0.057480058702755715,6.360690533336678,73.60799027326763,55.26964204202872,27.819976074849386,17.292963649466042,6.052202510064155,36070.0,113179.65462374939, 0.0, 0.0,0.0,NaN, 31.018710561888746,31.018710561888746,NaN, 148.12957536284384, -2.983198792754962, -37.497801843733306, -2.983198792754962, 40.8499355902304, 6.403884400914952, -37.497801843733306, 6.403884400914952, 146.69623605151003, 7.969325224398774, 4.678927528346895, 4.0, 0.0
19, 0 ,1.0,1.0,1.0,22.298697077227292,39.41552672210635,144.94024433187963,14.075168308196867,13.182267892880013,11.257861581218727,58.0,64.0,59.0,0.8581882132695197,0.33279824287118953,0.3908430889079629,14.54151920670189,-0.44026484249309644,0.8686927316272547,0.22702380157707577,13.422000994238926,0.2639694282863039,0.36690362162266416,-0.8920212292150758,10.344858894995845,72.82698164047989,63.54460001528278,50.17735459465813,21.315508748015063,6.653651921980525,73834.0,232208.82568381363, 0.0, 0.0,0.0,NaN, 71.29089936560023,71.29089936560023,0.0, 198.11036290406946, 1.8578835451235836, 27.721047911595537, 1.8578835451235836, 173.77218679965526, 28.00771059265296, 27.721047911595537, 28.00771059265296, 126.7394473818806, 7.672578650990509, 4.789689091983765, 17.0, 0.0
20, 0 ,1.0,1.0,1.0,121.86699411878756,78.94152717637175,179.4889808052737,11.475771092500093,11.191361888925679,11.657258423954037,55.0,55.0,48.0,-0.3072611306089454,0.6560946634727954,-0.6892970260921144,12.548225921612993,-0.862743109430558,0.11360995512726382,0.4927140197173951,11.630539232681569,-0.4015780431584939,-0.7460781263771921,-0.5311332267844802,10.00520666635232,60.33455605062291,60.80419981561617,50.38496359205499,19.045361320617136,5.486874267405261,61892.0,184841.99537317228, 0.0, 0.0,0.0,NaN, 112.94792264303867,112.94792264303867,0.0, 131.69332216746076, -15.008859760293877, -2.801051993973174, -15.008859760293877, 125.24658092889813, -23.969469050374048, -2.801051993973174, -23.969469050374048, 135.89167396284736, 7.731814446875253, 4.818057997132611, 16.0, 0.0
21, 0 ,1.0,1.0,1.0,170.70391114336653,93.6712998753609,9.40853225628323,13.090005832416535,19.85435819178527,6.585282183138236,58.0,104.0,26.0,0.22442629233578054,0.973958755659164,-0.03220530365121904,20.175005395510397,0.9740972950221058,-0.22515247153108206,-0.0209958184899233,12.607208972421297,0.027700164963972318,0.02665908547376944,0.9992607237466461,6.552646224907463,111.10306767724772,66.13720775013883,27.68320495104474,22.892005042297185,9.21226565376346,63383.0,203417.48191802044, 0.0, 0.0,0.0,NaN, 98.59560701092659,98.59560701092659,0.0, 171.3482526926989, 54.1421403966505, -5.004087454780199, 54.1421403966505, 394.1955392077109, -10.87201045978565, -5.004087454780199, -10.87201045978565, 43.3659414315579, 7.170663264722613, 4.774997842738673, 13.0, 0.0
22, 0 ,1.0,1.0,1.0,15.611090063716205,101.5503185810229,22.273566385396936,9.79436659409269,11.828481524987714,12.593814732894359,39.0,52.0,54.0,-0.048856417586159454,-0.4313610201746678,0.9008555493166022,12.775977003775276,-0.36123086743652594,-0.8332488265864038,-0.41857932749173976,11.936589908913593,-0.9311956351227718,0.345867117931515,0.11511136287111723,9.42013771865089,56.88733263588096,65.70863017327783,46.340379837984074,19.00084669506904,5.780535145069581,58070.0,173219.8162675818, 0.0, -1.4210854715202004E-14,0.0,64.44603504975726, 102.13793450036195,102.13793450036195,0.0, 95.92961697947885, 17.746226878488507, 4.847825439087381, 17.746226878488507, 139.91297518697567, -10.200453951749978, 4.847825439087381, -10.200453951749978, 158.60416952646702, 7.830832663564894, 4.863291241405755, 9.0, 0.0
23, 0 ,1.0,1.0,1.0,80.60080837820736,23.195185888247522,41.87826547346944,11.945257300939433,11.665597628068758,13.41061588652967,61.0,49.0,64.0,-0.45697653320886145,-0.02539483710749127,0.8891161624583678,13.925867286220694,-0.5776675129943772,0.7685717827540629,-0.27495028493371765,12.356239492830477,-0.6763672763575289,-0.6392593503442292,-0.36588904119988774,10.583644192057717,63.26635669635977,61.24397220843463,61.317064879923564,20.570976941034065,5.954398890997291,77439.0,237584.1883630466, 0.0, 0.0,0.0,NaN, 93.74591233049706,93.74591233049706,0.0, 142.68917198564685, -17.102948367574548, -26.824483521463804, -17.102948367574548, 136.0861680200034, -10.442477080430859, -26.824483521463804, -10.442477080430859, 179.84461845604193, 6.855088634089507, 4.52063835891472, 19.0, 0.0
24, 0 ,1.0,1.0,1.0,152.83989780711093,85.45262933787524,71.29447367620669,10.619283908595667,12.51171046726596,11.546851610119484,48.0,60.0,58.0,-0.2798898490941525,0.8981698943855814,0.33904647645042324,12.854032849865945,0.0682625959337032,-0.3336486753943328,0.9402227286148741,11.367119498238281,-0.9576021566237436,-0.28630299025159045,-0.032073468826323795,10.402129852174932,64.20482358070889,55.66285017934753,47.91975607534917,19.304828103090927,5.474073763138108,65758.0,171256.74921498843, 0.0, 0.0,0.0,NaN, 120.8682302193896,120.8682302193896,0.0, 112.76919073135886, -14.813098304857911, -4.0628483399266395, -14.813098304857911, 156.5428988166926, 10.774358792867634, -4.0628483399266395, 10.774358792867634, 133.32978210611893, 6.954543769471532, 4.372254286469282, 18.0, 0.0
25, 0 ,1.0,1.0,1.0,136.92814578613994,117.6984287301427,121.95882089832196,10.204017905523386,12.155887118057233,14.58827275703293,49.0,60.0,74.0,0.21075131400125796,0.39992251740352724,0.8919898338660418,15.14090591663455,-0.42385121495840056,-0.7848648236469218,0.45203689692322074,12.200646611133259,-0.8808711774289308,0.4733383448182836,-0.004096351993752716,9.306044560963816,77.16602501279777,60.527772791778915,48.775974089786246,20.544752060875695,6.52827985260586,69307.0,227817.33878428827, 0.0, 0.0,0.0,NaN, 129.77685873468354,129.77685873468354,0.0, 104.1219814162419, 32.73223736528938, 14.887961217101498, 32.73223736528938, 147.76559162694977, 28.798423183745715, 14.887961217101498, 28.798423183745715, 212.81770203358917, 7.084893939194324, 4.538599419721892, 24.0, 0.0
26, 0 ,1.0,1.0,1.0,118.69678031186356,56.728775088226605,14.47177525923853,14.461673368931214,11.771248467111915,9.409818323217756,70.0,58.0,40.0,-0.9169511844665493,0.34904684993504076,0.1933049969758078,15.024899585965183,0.37033011697993773,0.92484478325538,0.08670485189961823,11.297348744425117,-0.14851306260062708,0.15109077879120905,-0.9773000802216525,9.103256107492697,75.25643543753601,52.91159721725627,45.36306214857001,19.906717951113816,6.322147451203771,64323.0,180632.91003280153, -1.4210854715202004E-14, 0.0,0.0,23.515641352957473, 100.18882040338575,100.18882040338575,0.0, 209.1399966296543, -30.399001456387218, -23.888119262843755, -30.399001456387218, 138.56229047448463, 13.229662658343912, -23.888119262843755, 13.229662658343912, 88.54468087596462, 7.165532182590686, 4.659498533358756, 15.0, 0.0
27, 0 ,1.0,1.0,1.0,150.86549471691671,151.45806892057533,54.96834804735381,10.097219443705075,14.440029762136412,10.827131827186731,47.0,65.0,49.0,-0.019532140078106615,-0.9709338529421553,0.23854967766666646,14.63906395854992,0.5574746086480349,-0.2086394672274892,-0.8035493970054047,10.92472082961977,-0.8299641897194658,-0.11729034881835222,-0.5453461449917657,9.697595827902793,67.8621618544953,57.32759620729369,52.53673308975394,19.783406505162144,6.025936498217589,64451.0,204387.57263861623, 0.0, 0.0,0.0,NaN, 88.27252103224411,88.27252103224411,0.0, 101.95384049433584, -0.662751555872435, -11.89643901223388, -0.662751555872435, 208.51445953138537, -23.611232399839174, -11.89643901223388, -23.611232399839174, 117.22678360327988, 6.676014949632367, 4.530445644150526, 19.0, 0.0
28, 0 ,1.0,1.0,1.0,10.86097568549514,83.45908766264013,105.5444834332205,7.11284117961534,11.364638660914983,10.751403562058064,28.0,54.0,47.0,-0.04509722980062518,-0.7559865358945818,0.6530318502266335,12.99768418954809,0.04116412528240383,-0.6545479799358606,-0.7548989712217248,8.723122062626112,-0.9981341366039154,0.0071623674853125725,-0.060637825142077516,7.092781350297441,62.92340116034501,43.82762576867063,29.69241261602542,16.279780374483117,5.505356578135409,32203.0,81885.23900033184, 0.0, 0.0,0.0,NaN, 126.51175722524101,126.51175722524101,0.0, 50.592509646431736, 3.3497604405067873, -4.29498331427108, 3.3497604405067873, 129.15501189316348, -45.825781544475326, -4.29498331427108, -45.825781544475326, 115.59267855423481, 8.50144429164444, 4.701435985045977, 10.0, 0.0
29, 0 ,1.0,1.0,1.0,57.050794797687864,69.77953757225434,93.6346965317919,14.25030902021981,10.352301847578907,11.07593241265218,64.0,47.0,53.0,-0.9909441675278972,-0.049052630202346584,-0.12499398510598485,14.295062071104411,0.13037042993834763,-0.5743232327140457,-0.8081809050964888,11.661061130618178,-0.03214355052158489,-0.8171576737907577,0.5755172702228364,9.622296670548094,63.49636807668905,58.60510162080274,53.22338118864991,19.955322971160907,5.890910340639158,69200.0,198055.4370549303, 0.0, 0.0,0.0,NaN, 129.96704753685185,129.96704753685185,0.0, 203.07130717175806, 2.183539384877543, 9.27096881055985, 2.183539384877543, 107.17015354338567, 20.82582269203777, 9.27096881055985, 20.82582269203777, 122.67627880963914, 7.466193332492961, 4.565851730059296, 16.0, 0.0
30, 0 ,1.0,1.0,1.0,97.2527539503386,186.98828442437923,138.98740406320542,10.945944458597566,7.789239726816405,12.519886638170949,53.0,32.0,59.0,0.06953258149503505,-0.11545089054507024,0.9908765372048057,12.577518606372378,0.9956241180065551,-0.05413229488755047,-0.07617289737089476,10.948285195553076,0.06243264974599352,0.9918370766020785,0.11118173286622496,7.692502455531557,58.25311795059842,53.339554472985505,34.84417658827786,17.549942982297786,5.406756732393164,44300.0,108267.66375355811, 0.0, 0.0,0.0,NaN, 115.54193938173496,115.54193938173496,0.0, 119.81370009070277, -4.065819880356093, 2.2195267879072067, -4.065819880356093, 60.672255521814904, -11.077325898221174, 2.2195267879072067, -11.077325898221174, 156.74756143265145, 7.266929531070502, 4.748426210278646, 11.0, 0.0
31, 0 ,1.0,1.0,1.0,46.75678099774225,121.6107537191105,144.8040237528222,10.939449395694329,10.724544514226757,13.405747268647062,51.0,53.0,61.0,0.1787767012269734,0.3745664371724526,0.9098015581665799,13.883424448879405,-0.8243578871062265,-0.4477603183303538,0.3463304365695546,11.25826501604411,-0.5370967930123574,0.8119179031605571,-0.2287276840769499,9.741840809118234,63.33633405546664,55.29460417302925,50.40924479891019,19.517295076284704,5.785901905030056,64666.0,176541.11581897296, 0.0, 0.0,0.0,NaN, 106.66614409284604,106.66614409284604,0.0, 119.671553080957, 18.30662070476246, 6.823008777168535, 18.30662070476246, 115.01585503763123, 28.405763181305392, 6.823008777168535, 28.405763181305392, 179.71405983083815, 7.046006369853176, 4.445316020955856, 14.0, 0.0
32, 0 ,1.0,1.0,1.0,17.407004675896214,139.9487851838269,23.21333088842028,10.184407805973413,10.150222134949042,12.487492676160496,39.0,44.0,52.0,0.19020372987066153,-0.22817394411527345,0.9548608235602549,12.677691500925546,0.7292097567896968,-0.6183775014820011,-0.293022859626326,10.334162094048441,-0.6573246319331111,-0.7520278697546776,-0.048768959044067264,9.755402457389254,59.960323817803186,55.31688329413014,49.542184829399574,18.291174284825875,5.302790620654338,54535.0,164322.42203931866, 0.0, 0.0,0.0,NaN, 66.69341004642158,66.69341004642158,0.0, 103.72216235837217, -8.088039533147915, 9.421745807291208, -8.088039533147915, 103.02700938880949, -12.17616515684704, 9.421745807291208, -12.17616515684704, 155.93747333716203, 7.545679164113685, 4.636846996405215, 8.0, 0.0
33, 0 ,1.0,1.0,1.0,112.98158176710781,71.53922562335293,65.29356230633344,9.988559216629168,11.973202608012526,13.405135865449514,48.0,59.0,60.0,-0.06439812137821029,-0.3027632813210785,0.9508876260876732,13.571614913415138,0.021834236721006192,-0.9530648802633828,-0.3019778139455854,11.799878570057567,-0.9976853953375125,-0.0013151016070793854,-0.06798619299530381,9.969989862665381,61.42688867026262,62.077577584110735,47.07043445704279,19.75378994146374,5.710897165624818,69062.0,179490.50797439675, 0.0, 0.0,0.0,NaN, 130.2048969631887,130.2048969631887,0.0, 99.77131522410751, 0.8241709622209703, -5.454686929807157, 0.8241709622209703, 143.35758069251796, -12.944850428424836, -5.454686929807157, -12.944850428424836, 179.6976675711609, 7.332075037538361, 4.507015534038175, 19.0, 0.0
34, 0 ,1.0,1.0,1.0,188.64027365294865,10.319208739923631,46.90676707679253,7.088023805649255,6.747576454070168,10.315406959103125,31.0,29.0,48.0,-0.07234418577135661,0.058705932384240586,0.9956505070997431,10.342204563558433,0.8413553677936727,0.5396869104155855,0.02931183738447372,7.288486448561143,-0.5356187672868203,0.8398164396039033,-0.08843576143828785,6.488008959575932,48.39192191801718,40.920893273246605,31.243022912850947,13.480795934744865,4.52168455010446,18856.0,61868.70469120671, 0.0, 0.0,0.0,NaN, 49.353563693967196,49.353563693967196,0.0, 50.240081469450544, 4.731872766382158, -4.400371177244167, 4.731872766382158, 45.529788003522135, 3.9659614427654604, -4.400371177244167, 3.9659614427654604, 106.4076207319132, 8.391114681410711, 4.6897538269462995, 5.0, 0.0
35, 0 ,1.0,1.0,1.0,172.59932681811094,103.4200369080418,124.26734937880127,12.014710796577868,11.704758194434351,14.017618671314132,52.0,58.0,65.0,-0.3668121960552722,0.0490667732798205,0.9290001424031187,14.385945266123377,0.6388132591373062,0.739234781458813,0.21318901902282306,12.245387198620223,-0.6762887199824357,0.6716579409501889,-0.3025048389415798,10.997424438746004,72.1508010272015,65.43327071177688,61.18093437410298,20.92868396938067,6.3117715769617995,76948.0,288839.0391968814, 0.0, 0.0,0.0,NaN, 125.75341161088734,125.75341161088734,1.3486991523486091E-6, 144.3532755254048, 12.149596583560708, -25.359922951891804, 12.149596583560708, 137.00136439017808, 8.491968611630664, -25.359922951891804, 8.491968611630664, 196.49363321437457, 7.598819042066871, 4.671672268678502, 17.0, 0.0
36, 0 ,1.0,1.0,1.0,124.0872407291012,151.3502758572526,162.64695858649347,13.128286688224177,11.319030536882568,11.401367457638091,69.0,53.0,61.0,-0.976874605357088,0.09101697843176133,0.19347329284835615,13.227636375692677,0.07437622159249271,-0.7037073910451529,0.7065862194028758,11.874716883183519,0.20045992883880293,0.7046359467310599,0.6806643809575799,10.699732633288615,68.05290595464626,57.45879340547991,53.54122907279688,19.923773147486276,5.788506468395331,71595.0,209358.9411996891, 1.4210854715202004E-14, 0.0,0.0,12.345898828714406, 97.59504281532944,97.59504281532944,0.0, 172.35191136820416, -6.766224219629836, -10.037864422532833, -6.766224219629836, 128.12045229488007, -12.12371572640666, -10.037864422532833, -12.12371572640666, 129.99117990408888, 7.256774669465626, 4.368219098471442, 21.0, 0.0
37, 0 ,1.0,1.0,1.0,145.59462843001674,42.741378557391364,82.87472159545818,12.506994108740939,10.204592681264073,12.760922233152616,63.0,48.0,57.0,0.4050626274006557,0.037033949116288614,-0.9135385894947899,12.847922766281949,-0.8884018718422422,0.2520243450950006,-0.3837002001389061,12.567461428771608,-0.21602403104858078,-0.9670120041097153,-0.13498667310973156,10.019458243595285,56.42628598079528,60.48408902508881,47.46915476901116,19.771314111789305,5.700428752314368,68695.0,162007.12251168824, 0.0, 0.0,0.0,NaN, 107.95827608932481,107.95827608932481,0.0, 156.42490163608056, -11.915464463386444, -4.31588365574321, -11.915464463386444, 104.13371179050827, -7.753572983988493, -4.31588365574321, -7.753572983988493, 162.84113624056874, 7.393924566789072, 4.5119824964557536, 15.0, 0.0
38, 0 ,1.0,1.0,1.0,85.02800899509968,34.585017117540445,108.37614956031416,11.342862950945342,11.153580948803498,11.033732523612867,59.0,61.0,55.0,0.6851317651513551,0.2144069191133704,-0.6961495079484734,11.988531971658674,0.512277519905445,-0.8212513596473086,0.25123285389648725,11.60608583732056,0.5178476677364833,0.5287493520693528,0.6725012384420753,9.81733334512678,59.10841550465658,55.26013055910964,48.259972670783185,18.624637941246846,5.284791657722312,59588.0,157633.41919119385, 0.0, 0.0,0.0,NaN, 129.69508738608891,129.69508738608891,0.0, 128.66053992392847, -9.167238262220165, -17.649355467815095, -9.167238262220165, 124.40236798151233, -14.973292838701749, -17.649355467815095, -14.973292838701749, 121.74325340263239, 6.542367613293276, 4.2481016518750065, 16.0, 0.0
39, 0 ,1.0,1.0,1.0,16.76335694561172,72.14683635490455,170.11668067395044,10.174274295036419,11.261047558573688,10.454794599582241,40.0,56.0,56.0,0.012186814452779828,-0.8412675963946438,0.5404815564012081,11.789893721174165,-0.8875624468868154,-0.2580438641622324,-0.3816363020527695,10.289110490340242,0.460526203847059,-0.47506020189508824,-0.7498222590358435,9.734597630489898,55.43353063162039,52.730426409753036,50.58635618937146,17.711923883545033,5.090926439270899,49974.0,147865.62428636718, 0.0, 0.0,0.0,NaN, 79.86982475284401,79.86982475284401,0.0, 103.5158574306388, 2.0894562519129987, 4.052404563375432, 2.0894562519129987, 126.81119211645841, -19.021655316473506, 4.052404563375432, -19.021655316473506, 109.30273011945398, 7.610185830466062, 4.570482526287815, 12.0, 0.0
40, 0 ,1.0,1.0,1.0,185.85601218483967,115.98599287404465,65.32605325427693,9.178785769840486,11.510122816612977,9.701435856987828,39.0,51.0,54.0,-0.01643148684535141,-0.9332068263572666,0.3589638219657358,11.788456577158689,0.6592512550007976,-0.28003315025815867,-0.6978317974529132,9.950492709491549,-0.7517431669259945,-0.2251809361306789,-0.6198191324760692,8.536444196279247,55.0601938626152,47.96586241403483,46.570535806353774,16.8166066216485,5.296473815864467,36767.0,122993.23602124928, 0.0, 0.0,0.0,NaN, 107.35873983265687,107.35873983265687,0.0, 84.25010820862619, -3.8124990813720863, -12.416130608204227, -3.8124990813720863, 132.48292725351467, -17.03315697701879, -12.416130608204227, -17.03315697701879, 94.11785768724917, 7.507903621508136, 4.856097827955918, 9.0, 0.0
41, 0 ,1.0,1.0,1.0,50.48481781376518,150.94584216952637,187.2777938435833,15.851484554250273,13.948537545745697,6.848786838237487,72.0,63.0,29.0,-0.9142948579066936,0.39457399937125964,0.0915219745500959,16.29533168696058,0.3994011563561287,0.9158321728635788,0.04159504116313623,13.504822427953766,0.06740644707122866,-0.07458411471717723,0.9949339579716278,6.694705355406088,69.33692137541725,60.950780437692885,31.170807213925087,21.063806197706832,7.0037998158,62244.0,131732.17870903426, 0.0, 0.0,0.0,NaN, 71.53238259440577,71.53238259440577,0.0, 251.26956257363497, -29.30810486391928, -16.184001426929957, -29.30810486391928, 194.56169966507738, 13.21090294721924, -16.184001426929957, 13.21090294721924, 46.905881155615035, 8.820216898438856, 5.3333481201004345, 14.0, 0.0
42, 0 ,1.0,1.0,1.0,81.39299725382503,105.01607072801659,76.24463374992995,12.237190631732256,11.98529718598392,11.77800072153765,62.0,63.0,62.0,0.5600706087808662,-0.6069426131908648,0.5638630839777283,13.812071074386166,-0.8283245880673885,-0.42186246716301157,0.3686603255059162,11.445734240533946,0.014117010406633386,-0.6735374697017101,-0.7390182588576533,10.504253639427468,61.92003877606545,52.450899511925954,52.51698067064925,19.958392068900558,5.812062475088018,71372.0,170562.6400822551, 0.0, -1.4210854715202004E-14,0.0,52.631239204211155, 146.492358154162,146.492358154162,0.0, 149.7488345573557, -20.120646301772947, 19.090669561567754, -20.120646301772947, 143.6473486363541, -30.741097277800414, 19.090669561567754, -30.741097277800414, 138.7213009965414, 6.308160484557842, 3.9440341389538975, 22.0, 0.0
43, 0 ,1.0,1.0,1.0,49.23311854889207,182.97113539499466,163.05776960833822,11.758286807172539,9.942358924790243,10.398276770405978,53.0,42.0,44.0,-0.9481387152507864,0.054081750629619736,0.3132221909306938,11.931147099031953,-0.23048177697170746,0.5616143653112179,-0.7946492655002222,10.43246797606067,0.21888610537572403,0.8256297408190391,0.5200234648057087,9.697593013360507,55.898276212991945,50.76053430975695,52.6112892377964,17.805619602926807,5.309602619680342,49507.0,149280.65931495687, 0.0, 0.0,0.0,NaN, 63.86400064273677,63.86400064273677,9.5367431640625E-7, 138.25730863972777, -4.391982418519227, -11.63731833982736, -4.391982418519227, 98.85050098935619, -5.783615392362385, -11.63731833982736, -5.783615392362385, 108.1241597939646, 7.285256650687338, 4.490763905587902, 10.0, 0.0
44, 0 ,1.0,1.0,1.0,178.5392352773253,154.64967842689458,88.31148091551779,12.621238601285773,8.88948715261105,12.846223682035765,51.0,41.0,56.0,-0.5549275170815319,-0.09993839917027826,0.8258739414444605,13.034709207319517,-0.8271508555111791,-0.03962882077582888,-0.5605809654198418,12.468248594210365,-0.08875197469831811,0.9942041404737759,0.06067300925411364,8.830812048136375,64.45328235581486,60.85899010292596,40.860279785525066,19.24518142304871,5.741698402901036,59551.0,160276.96743449697, 2.8421709430404007E-14, 0.0,0.0,56.29427751631751, 101.56836983410699,101.56836983410699,0.0, 159.29566383058608, 7.637294526633672, -6.203611612888265, 7.637294526633672, 79.0229818364369, -5.865693021787419, -6.203611612888265, -5.865693021787419, 165.02546288889653, 7.698183829305042, 4.606717788450412, 11.0, 0.0
45, 0 ,1.0,1.0,1.0,115.23652682772527,152.41319046301055,63.2727452453442,9.284352702969931,12.32384021593933,10.649753394914457,45.0,54.0,49.0,-0.04489427456588608,-0.9009146254752994,0.43166809207527074,12.80293005547307,-0.37563966431408335,-0.38516877842093783,-0.8429352612886273,10.226956744708906,-0.9256777769316955,0.19999462426381392,0.3211273945965528,9.109765523335827,60.4813623728607,52.78214506248139,47.217532402225636,17.96783956536927,5.352591102147756,50582.0,150734.23051802124, 0.0, 0.0,0.0,NaN, 115.98616778314074,115.98616778314074,0.0, 86.19920511314506, 6.398770102023276, 5.2719915362124645, 6.398770102023276, 151.87703766800354, -24.458431371390958, 5.2719915362124645, -24.458431371390958, 113.41724737249201, 6.399172663377568, 3.9882844090474303, 14.0, 0.0
46, 0 ,1.0,1.0,1.0,99.46232034900459,158.59893261288394,15.080496932922914,11.326304062638068,10.825275949726782,9.654773939533435,49.0,55.0,41.0,0.8106819523374316,0.3372696147005949,-0.4785853937951751,12.482983418019854,-0.21341533627381953,0.9313995710425347,0.2948707060813523,10.637005647182079,-0.5452051599145983,0.13690889694061192,-0.8270473308952768,8.349590335927667,63.66584246910064,50.45533774522818,48.604673659546236,17.58334098059806,5.4325447895590475,45157.0,156131.8981226832, 0.0, 0.0,1.7763568394002505E-15,61.40694745201064, 108.78521470192737,108.78521470192737,0.0, 128.2851637193316, 14.911001258737363, -36.1417617305975, 14.911001258737363, 117.18659938773307, -1.9713027891098844, -36.1417617305975, -1.9713027891098844, 93.21465982349397, 7.4931463962090215, 4.332643129907799, 12.0, 0.0
47, 0 ,1.0,1.0,1.0,95.9085395779289,8.459195120241183,133.2196943139592,11.283529544142255,5.671707648915761,10.798012571800461,57.0,23.0,54.0,-0.8241736963063239,0.006312114203562192,0.5663019296550676,11.69692593225629,0.5651156227236318,0.07480473855882187,0.8216134030326114,10.36944069335731,0.037175950162085206,-0.9971782229388226,0.06521917222810111,5.633826902853631,66.84265302681277,51.46511850917307,24.63015256774574,15.773381123561665,5.223392581446961,28526.0,84729.3272582705, -1.4210854715202004E-14, 0.0,0.0,34.49519398667096, 117.17344056386891,117.17344056386891,0.0, 127.31803897353112, 2.6570511136755672, -13.855599016156448, 2.6570511136755672, 32.168267654769544, 5.033415977755322, -13.855599016156448, 5.033415977755322, 116.5970755007608, 6.573450051951707, 4.163634994972566, 9.0, 0.0
48, 0 ,1.0,1.0,1.0,118.86191909060516,113.17433000756655,56.0194267011561,10.869099092722848,10.445148462686591,11.793871339260651,53.0,48.0,54.0,0.43018419539549974,0.4174434284924575,0.8004264750996113,12.637876369237214,-0.9027335090822513,0.19527843124855604,0.38332563946225623,10.42572541963501,0.003710742778924244,-0.8874724324155459,0.4608458658710773,9.895563299392238,64.80030829096393,50.27923758482834,48.76159212321956,18.40553918120689,5.250711390954132,56829.0,158870.63560010772, 0.0, 0.0,0.0,NaN, 131.37831370215048,131.37831370215048,0.0, 118.13731508742865, 9.197557014365483, 17.549392762919663, 9.197557014365483, 109.10112640756405, 21.453774299594322, 17.549392762919663, 21.453774299594322, 139.0954011670338, 6.481341427021426, 3.9500121203985956, 13.0, 0.0
49, 0 ,1.0,1.0,1.0,108.27935731590254,51.064017004159616,132.86362389724368,11.340024722456777,10.676078224608371,8.866149828702511,52.0,51.0,40.0,-0.9157077038215349,0.26925892554128283,0.29829353358436417,11.615037047247448,0.30235408715308887,0.9506155577084006,0.07008614288551927,10.648140097686907,0.26469115426042206,-0.1543686900219766,0.951897526206043,8.537648774691492,52.06015547645155,52.864035346066345,42.02553612173125,17.204326403425984,5.019419563385027,43754.0,115658.89398101594, 0.0, 0.0,0.0,NaN, 124.60940222629964,124.60940222629964,1.9073486328125E-6, 128.5961607059309, -3.653071258441372, -16.082051352927838, -3.653071258441372, 113.97864625795704, 7.678886261000603, -16.082051352927838, 7.678886261000603, 78.60861278500158, 7.011245290100038, 4.244016884577896, 14.0, 0.0
