// Sample: .//bubblelabels.tif, Map: .//bubblelabels.tif, Thickness:(8.191250068658265):/afs/psi.ch/project/tipl/test/LabelValidation/Step4900//distmap.tif, Neighbors:(1.0):
//LACUNA_NUMBER, TRIANGLES, SCALE_X, SCALE_Y, SCALE_Z, POS_X, POS_Y, POS_Z , STD_X, STD_Y, STD_Z,PROJ_X, PROJ_Y, PROJ_Z, PCA1_X, PCA1_Y, PCA1_Z, PCA1_S, PCA2_X, PCA2_Y, PCA2_Z, PCA2_S, PCA3_X, PCA3_Y, PCA3_Z, PCA3_S,PROJ_PCA1, PROJ_PCA2, PROJ_PCA3,OBJ_RADIUS, OBJ_RADIUS_STD, VOLUME, VOLUME_BOX, Mask_Grad_X,Mask_Grad_Y,Mask_Grad_Z,Mask_Angle, Mask_Distance_Mean,Mask_Distance_COV, Mask_Distance_STD, SHAPET_XX, SHAPET_XY, SHAPET_XZ, SHAPET_YX, SHAPET_YY, SHAPET_YZ, SHAPET_ZX, SHAPET_ZY, SHAPET_ZZ, Thickness, Thickness_STD, Neighbors, Neighbors_STD
1, 0 ,1.0,1.0,1.0,90.18482154569581,277.49921796954624,16.267323235890657,18.606510857216456,14.600098843542744,10.503808229126719,92.0,67.0,45.0,-0.9953174230640374,0.09652682333697928,-0.005079342638154978,18.641392760491144,0.09174180831113238,0.9599145576843383,0.26485370028279,14.837641084514118,0.030441221279173848,0.2631475143757853,-0.9642752292394938,10.101386183660608,95.49122796702846,76.49914929140337,50.584308886558105,24.3659181873481,8.71763446829138,99101.0,369518.2602883482, 0.0, 0.0,0.0,NaN, 94.36213771673435,94.36213771673435,0.0, 346.20224627971385, -13.18092326344036, 4.110994920449047, -13.18092326344036, 213.16288624121816, 29.909503612987947, 4.110994920449047, 29.909503612987947, 110.32998731427018, 7.965766300756123, 6.43129611246435, 25.0, 0.0
2, 0 ,1.0,1.0,1.0,27.911093977282665,166.86062778700708,17.749568783930943,16.043442326011238,17.428641692059312,10.859676725644205,64.0,83.0,49.0,-0.3517895632274161,0.9359183673725052,0.01734683887767981,17.64293012591674,-0.9322003095419384,-0.3519569568522612,0.08443271530165057,15.839512543398156,0.08512746968034302,0.013531819466725187,0.9962781758965424,10.81291035953259,91.18180102427311,77.08980222269382,51.239580836327114,24.875927125193872,7.763402678324838,125807.0,360172.59587268345, 0.0, 0.0,0.0,NaN, 137.18662031077986,137.18662031077986,0.0, 257.3920416680489, -20.03514810942348, -11.730659447818898, -20.03514810942348, 303.757551230188, -0.8257971411968629, -11.730659447818898, -0.8257971411968629, 117.93257858549843, 8.128956895245892, 5.855191805945338, 19.0, 0.0
3, 0 ,1.0,1.0,1.0,68.08106235734236,248.60255671666826,204.9197470994465,17.088883365103264,14.294897654081012,14.036901407322162,90.0,78.0,73.0,-0.9910965467572583,-0.03177451807218119,-0.1292981632008701,17.133265208388696,0.10757834798612292,-0.7632921840909253,-0.6370337045638028,15.030449905919824,-0.07845083843028594,-0.645271587555958,0.7599144979815814,13.188837463942342,88.88094402743143,84.1376946278807,64.21412863292085,25.1621613197936,7.7636507161409645,137129.0,480208.5193374387, 0.0, 0.0,0.0,NaN, 127.73794549545897,127.73794549545897,1.9073486328125E-6, 292.02993466610303, -0.5008642990358331, 11.765316535835215, -0.5008642990358331, 204.3440989406508, 25.760926840178964, 11.765316535835215, 25.760926840178964, 197.0346011188829, 6.643822221296579, 5.1514284955851135, 37.0, 0.0
4, 0 ,1.0,1.0,1.0,129.26217147143294,186.00978060262725,19.097500074020704,14.632599300172489,17.387814882460425,11.120942093494152,70.0,98.0,44.0,0.28401306954226435,0.9436559697792843,-0.16985283933187645,17.830539562107298,0.9574330524860934,-0.2695905672054395,0.10316431592857521,14.32688156078673,-0.051560899297261105,0.191922736469051,0.9800546601541619,10.813729485255614,100.76564439046476,66.5687684111285,51.452409562134996,23.744225628335787,8.737057343503153,101323.0,345134.78025587456, 0.0, 0.0,0.0,NaN, 173.39894348250374,173.39894348250374,1.9073486328125E-6, 214.11296227940838, 31.070400482336616, -0.9720102243941119, 31.070400482336616, 302.33610638671223, -34.67187728919761, -0.9720102243941119, -34.67187728919761, 123.67535304685009, 7.103344227663452, 5.308115069895325, 27.0, 0.0
5, 0 ,1.0,1.0,1.0,137.218278705735,205.57863984882383,190.70758125357486,14.121889239644547,15.902914118612026,15.241666696405133,76.0,84.0,78.0,-0.29552536878265756,0.8351327363714383,0.46391601507883756,16.33080514728142,-0.1131010190505331,-0.5127753194263579,0.8510403229441761,15.013786255894619,-0.9486163164818563,-0.19903463122771056,-0.2459924789021892,13.875513048131948,81.86381318475844,88.52934006286763,73.92150533279738,25.080358522353475,7.457509854856329,138117.0,535734.9740886424, 0.0, 0.0,0.0,NaN, 199.22118878072894,199.22118878072894,0.0, 199.42775569678844, -16.39710415200417, -13.333182444107404, -16.39710415200417, 252.9026774639497, 14.383689960064794, -13.333182444107404, 14.383689960064794, 232.30840368430538, 6.593590984080709, 5.054031109632595, 36.0, 0.0
6, 0 ,1.0,1.0,1.0,206.21274417312065,50.59014750945245,100.6737093837074,15.139735971479746,16.821508293309634,12.9463093518905,92.0,85.0,74.0,-0.17832608818474088,0.9839634652434807,-0.003962996185944057,16.876212936307635,0.9691606002750774,0.17494431134015254,-0.17355753744557334,15.142183351072473,-0.17008097232547784,-0.03479061649010309,-0.9848157573155797,12.872039180866265,83.50771044365953,90.22076173671553,70.63052278463158,24.98229066559095,7.461020404919337,136737.0,532139.4874507885, 0.0, 0.0,0.0,NaN, 146.5967535167128,146.5967535167128,0.0, 229.21160528611776, -10.11835414737741, -10.613046987807747, -10.11835414737741, 282.9631412618848, -2.3954597418275276, -10.613046987807747, -2.3954597418275276, 167.6069258348474, 6.1872120040857785, 4.862997750901291, 42.0, 0.0
7, 0 ,1.0,1.0,1.0,144.89431461737783,59.07037135087001,171.91369642126543,16.001553161594483,13.416514508760645,14.852106264649741,81.0,68.0,75.0,0.8870110839900004,0.11115888822563602,0.4481685379936053,16.358188201824998,-0.4595447378462818,0.3072212326535563,0.8333269155167267,14.622939455903069,0.045055197221599765,0.9451237039537574,-0.3235911207497089,13.236953806153217,77.2745761981162,86.0132654848008,76.5793233169121,24.47071921959187,7.604046719985406,124653.0,508995.0892112465, 0.0, 0.0,0.0,NaN, 202.21219632958125,202.21219632958125,0.0, 256.0497035833344, 3.6564228071234877, 21.934185592435284, 3.6564228071234877, 180.0028615637849, 14.48748971138023, 21.934185592435284, 14.48748971138023, 220.5850604964481, 6.340011661282347, 4.943002186597374, 32.0, 0.0
8, 0 ,1.0,1.0,1.0,137.63888956830132,100.44878317231259,284.3558640088052,13.390604659747003,18.070049043148476,8.941133229997533,69.0,97.0,36.0,0.1464776778580406,0.983150754386777,0.10935668264001214,18.243477118775296,0.9880733403323835,-0.1507192975299262,0.031539934630432774,13.272955445402879,-0.047490672912925316,-0.10343252631932487,0.9935020626478234,8.762592388846366,94.22089123280068,69.73673451973086,40.44267507112377,22.73172512615251,8.309482643400964,81770.0,265734.9573024895, 0.0, 1.4210854715202004E-14,0.0,10.532695957548498, 171.11154535362104,171.11154535362104,0.0, 179.30829315363817, 22.071354647328715, 7.198666411299958, 22.071354647328715, 326.52667242179115, 27.055605460057382, 7.198666411299958, 27.055605460057382, 79.94386343656612, 6.369836427844488, 5.101451532869871, 18.0, 0.0
9, 0 ,1.0,1.0,1.0,284.72674036537813,77.1850694393738,28.486893409465953,8.94206319951019,12.75958845310148,14.928631854612032,38.0,62.0,58.0,0.06264563094804937,-0.05775966584107236,0.9963630592936735,14.957667028632978,0.15671072623573415,0.9865095592287861,0.0473353761249919,12.832037933809303,-0.985655757963088,0.15317542411285612,0.07085207295525722,8.78855166298277,61.116432063165675,65.48945303279957,42.63251819530987,20.600917791616656,6.421357095672062,68477.0,170635.87420574145, 0.0, 0.0,0.0,NaN, 83.67980939479845,83.67980939479845,0.0, 79.96049426403444, 12.985163183982221, 9.79227696128516, 12.985163183982221, 162.80709749252063, -4.348268764375788, 9.79227696128516, -4.348268764375788, 222.86404905053706, 6.929558290084782, 5.1003609637824185, 15.0, 0.0
10, 0 ,1.0,1.0,1.0,53.88444131549834,12.578287145822095,165.8725005257239,14.601305569818567,7.936647955738291,26.255133908227663,68.0,31.0,119.0,0.05130529831790236,-0.026146950765190174,0.9983406749853446,26.287535016948553,0.9982805540673583,0.029719993000822165,-0.0505238298924291,14.562197720466576,0.028349633780334206,-0.9992162223371446,-0.027626785603959148,7.901168390703198,119.65352645995755,69.23533340289354,33.953454397366365,28.71647734144999,11.869477273804009,109373.0,281278.96561548806, 0.0, 0.0,0.0,NaN, 145.09284075593834,145.09284075593834,0.0, 213.19812434321472, 3.5960700651536293, 24.650467063577718, 3.5960700651536293, 62.990380773324794, -16.633536482968395, 24.650467063577718, -16.633536482968395, 689.332056538966, 6.887176050338992, 4.928243676351411, 19.0, 0.0
11, 0 ,1.0,1.0,1.0,160.4338548515366,111.77935606806246,153.26039165045944,14.701188679973566,15.41620464959716,14.579376084288631,68.0,81.0,82.0,-0.42537618549746337,-0.8057926933173624,0.4120112088377912,16.076415798125943,-0.7957191790425727,0.1161192844194847,-0.5944302313053408,14.46116710033685,0.4311450903297425,-0.5807016851897858,-0.6905790786740509,14.098440431177945,75.23991926921423,75.27568829074448,83.41184986150313,24.688186134628623,7.538964570252147,127001.0,472422.75610377727, 0.0, 0.0,0.0,NaN, 231.31330695221405,231.31330695221405,0.0, 216.12494860418292, 19.500787243011786, -5.5604410984186226, 19.500787243011786, 237.65936579826112, -20.5302501962255, -5.5604410984186226, -20.5302501962255, 212.5582070071273, 6.011407608358686, 4.499364488150643, 39.0, 0.0
12, 0 ,1.0,1.0,1.0,258.01606503870283,75.23947837283467,284.97954814271384,15.36461172535369,12.8197462167091,8.420247702758221,77.0,61.0,39.0,-0.9971772948763578,0.0750712298312779,0.001324022163325249,15.377890130627941,0.0750467528229049,0.9959950238315843,0.048599355895526934,12.812445541572584,0.0023296939299704946,0.04856153780865802,-0.9988174756039521,8.407109627100212,78.13525786460585,63.496622041037725,39.76079013986157,20.614047073122215,6.810199789627825,66791.0,197266.19962410472, 0.0, 0.0,0.0,NaN, 87.45995583492903,87.45995583492903,0.0, 236.0712934708761, -5.424457790631271, 0.12203657443168821, -5.424457790631271, 164.3458930608273, 4.541317354992261, 0.12203657443168821, 4.541317354992261, 70.9005713758051, 6.14841351729911, 4.936586845090431, 19.0, 0.0
13, 0 ,1.0,1.0,1.0,24.608141422644458,195.79801059982648,139.5454186244277,13.402014698775197,16.11750586698515,12.87099480170777,57.0,91.0,76.0,-0.08207270502647437,-0.9952901861108021,0.05158988778008527,16.145476144807517,0.8657808276498107,-0.04556200439566652,0.498344922949414,13.626804446874322,-0.4936472724158876,0.08556605160327138,0.8654425580299252,12.596995719939466,92.67245887241663,68.83249885749245,65.02586663699428,23.55802725971896,7.076005382586738,116417.0,414791.999858388, 0.0, 0.0,0.0,NaN, 175.88785938289635,175.88785938289635,0.0, 179.61399798618643, 7.2660646259007, 11.219877270740195, 7.2660646259007, 259.7739953723008, -5.850154883278561, 11.219877270740195, -5.850154883278561, 165.66250718558845, 6.112759394851389, 4.71295234926379, 31.0, 0.0
14, 0 ,1.0,1.0,1.0,286.1191228561963,139.5051476771744,132.2263448943707,9.507284711353023,16.139556642161054,14.87162483609666,45.0,74.0,79.0,0.12649693706227408,-0.865914657769977,0.4839321547210591,16.8327928642252,0.07789267030483235,-0.4776739478536204,-0.87507732884284,14.21823726889191,-0.9889040685661301,-0.14838936956885018,-0.0070241136318711485,9.302568989770574,87.15044644004949,72.76168862099851,47.50531895368357,22.54548442968085,7.983740244076243,78482.0,301241.37685665104, 0.0, 0.0,0.0,NaN, 192.7126650296671,192.7126650296671,0.0, 90.38846258272694, -25.859083938150143, 4.166673907170079, -25.859083938150143, 260.485288605525, -34.14044549498378, 4.166673907170079, -34.14044549498378, 221.16522526560698, 6.293313014245201, 4.749727136499819, 25.0, 0.0
15, 0 ,1.0,1.0,1.0,24.09863476120793,135.98122588798722,86.33666189969402,13.36616527718409,16.729450514016367,15.143838645944953,57.0,84.0,87.0,-0.10796020623661527,0.9925504827806825,-0.05646355462758832,16.77287516581917,0.12198711819975133,-0.04314052590660009,-0.9915936859509656,15.162243625266983,0.9866426591540975,0.11394048515052613,0.11642091298815466,13.290664564732557,87.48980147820096,91.2284482292309,61.431353874150744,24.87977112464774,8.298296598538553,120272.0,490317.964629938, 0.0, 0.0,0.0,NaN, 162.8669922953573,162.8669922953573,3.3036247397782844E-6, 178.65437421700165, -11.49813990545751, -5.803277738094235, -11.49813990545751, 279.8745145009225, -3.5889967526145834, -5.803277738094235, -3.5889967526145834, 229.33584893441588, 5.649384010160183, 4.369586222515284, 26.0, 0.0
16, 0 ,1.0,1.0,1.0,283.1814417388912,159.83347090383822,60.99847296739579,9.686302677130731,12.886227207146769,14.30762915015725,40.0,60.0,72.0,0.008454259418303967,-0.459160397801171,0.8883131511965576,14.794463178298109,-0.0947987410132527,-0.8847119358043856,-0.4563967455488257,12.346151227009965,-0.9954605588369588,0.08035247187440941,0.051007411850455445,9.658362813200311,74.85062309865981,64.29615388217354,42.9556941464802,20.58623341914549,6.387061663872342,72690.0,206728.88211109766, 0.0, 0.0,0.0,NaN, 153.78664924238902,153.78664924238902,0.0, 93.82445955298998, 4.472807157095582, 3.5020929981155167, 4.472807157095582, 166.0548516342096, -27.34537742096108, 3.5020929981155167, -27.34537742096108, 204.70825189842947, 6.312096639360665, 4.832823026715215, 18.0, 0.0
17, 0 ,1.0,1.0,1.0,117.88174628620284,108.425585123437,90.18700438174629,14.02775631502355,13.687359515545571,11.511819203574088,65.0,77.0,60.0,-0.8130152766064576,-0.5820556754899855,0.014742816366676246,14.375049027068743,0.5821663053033529,-0.8122392115088635,0.036740389993884286,13.32504200429619,-0.00941025897456674,0.038453269267460656,0.9992160892963424,11.508473407466706,67.18828748499354,74.74513938713817,59.96562455023189,21.826514124046835,6.344053933409994,93570.0,301147.2413579347, 0.0, 0.0,0.0,NaN, 183.80943766900953,183.80943766900953,0.0, 196.7779472336831, 13.78006946019913, 0.07556058014344384, 13.78006946019913, 187.34381050779592, -1.9829206849405616, 0.07556058014344384, -1.9829206849405616, 132.52198137577716, 5.948165776716652, 4.59808006729814, 30.0, 0.0
18, 0 ,1.0,1.0,1.0,130.61574982666025,17.568060827565134,162.5207126320614,14.609851040661194,10.550659109495165,13.001100895424539,69.0,41.0,64.0,-0.999901313285162,0.0032490868084896624,-0.013667740322338764,14.61015543171424,-0.013911411639732224,-0.09335344049658056,0.9955358395224359,13.02046966185709,-0.0019586517806668893,-0.9956277309227389,-0.09338942713626536,10.526324506393534,68.87286652612867,64.39375854749633,43.41535669456716,21.311736758591454,6.293064110635263,85093.0,192546.35748530558, 0.0, 0.0,0.0,NaN, 190.4459643027858,190.4459643027858,0.0, 213.44774743030897, -0.25722580143023605, 0.5895401611237348, -0.25722580143023605, 111.3164076447733, -5.462649186285438, 0.5895401611237348, -5.462649186285438, 169.02862449300875, 6.90426891326075, 4.982180936640092, 20.0, 0.0
19, 0 ,1.0,1.0,1.0,229.52870404561733,52.33082002971309,23.91986912500966,16.144818467574964,12.366870672896841,14.397053490184417,83.0,60.0,61.0,0.8921365962275637,-0.18467448565566116,0.41229555905844234,16.588660461830905,0.45143562636945567,0.32954147192051486,-0.8292214984724394,14.285974196712377,-0.017267568326603748,-0.9259037491188148,-0.37736464918141016,11.899457471804885,86.37443504986473,77.43969963167214,61.27490537495109,23.834501709341712,7.265420225819246,116447.0,409856.21857831057, -2.8421709430404007E-14, 7.105427357601002E-15,0.0,27.629167113909798, 90.97735112339775,90.97735112339775,0.0, 260.65516335094964, -12.712309170260431, 25.743087734760362, -12.712309170260431, 152.93949024015598, -27.248079540929574, 25.743087734760362, -27.248079540929574, 207.27514919923132, 6.55468361139363, 4.595171032303837, 25.0, 0.0
20, 0 ,1.0,1.0,1.0,287.167701863354,209.3212432584413,281.2438718912149,7.864274218829559,12.12449649459703,10.867196481441955,38.0,56.0,43.0,0.10042431075916049,0.9364213598360859,-0.3361993376722853,12.295528283170398,0.21010764741382235,-0.3502468526999834,-0.9127879921821853,10.838272792727237,-0.9725069327808294,0.021028053083724654,-0.2319225876811737,7.635313399651159,59.92616341320702,52.764593793048704,39.7154644334812,17.21313905553957,5.536607937840393,39123.0,125579.49112620368, 0.0, 0.0,0.0,NaN, 93.48313827260883,93.48313827260883,0.0, 61.846808988947274, 4.380270505364312, -14.483808590299043, 4.380270505364312, 147.0034152474957, -10.324744572982182, -14.483808590299043, -10.324744572982182, 118.09595936626441, 6.835677140077114, 5.1807802683226996, 11.0, 0.0
21, 0 ,1.0,1.0,1.0,193.35593084936409,61.875391448840034,282.02973413433887,12.089908076584654,13.763875084158201,10.880750914979384,62.0,71.0,49.0,0.17600051671232586,0.9835470502017456,-0.04073104659149296,13.814979035303605,-0.93541985981856,0.17998985538477083,0.3042915342489733,12.161684904600312,0.3066162160976144,-0.015454837366128248,0.951707751375372,10.735019778358172,70.56756763465395,64.3732282021561,54.20883672686176,20.183087342859046,6.829631060082354,62588.0,246252.4299824156, 0.0, 0.0,0.0,NaN, 124.5971589051506,124.5971589051506,0.0, 146.16587730026686, 7.589136970252935, -9.840087353976193, 7.589136970252935, 189.44425733231094, -1.2400316911596057, -9.840087353976193, -1.2400316911596057, 118.3907404738247, 5.517738805922497, 4.45224550721943, 25.0, 0.0
22, 0 ,1.0,1.0,1.0,128.04597319540792,133.99840989708017,13.55445665659019,13.589882203131179,12.141970108053007,8.789475533000688,68.0,63.0,34.0,0.9202718882674331,0.3658246646006961,0.1388235082199024,13.868677526556574,0.38618652427311206,-0.9062619124321092,-0.1718991406166708,12.007625546259977,-0.062925512588662,-0.21180571485369665,0.9752839171342713,8.53486549104564,69.26716451275459,60.65964802467559,40.892023886452215,19.274847846205184,6.152028693904879,57229.0,171816.908987225, 0.0, 0.0,0.0,NaN, 185.83613319739626,185.83613319739626,2.6973983046972182E-6, 184.68489829498156, 15.261688716573433, 10.530434299682081, 15.261688716573433, 147.42743810485277, 17.18224074430375, 10.530434299682081, 17.18224074430375, 77.25488014521773, 7.703109609609227, 4.787937763619725, 17.0, 0.0
23, 0 ,1.0,1.0,1.0,72.13619054293991,216.2597771236333,129.83806419960752,12.721798755088225,12.728474455456968,12.791283333022667,59.0,64.0,65.0,0.4897727882977464,0.6229487523476841,0.6099651365377491,13.463207389537928,-0.8200376994384306,0.09156473527228136,0.5649372272688739,12.509987525538767,-0.296075644629505,0.776885288316738,-0.5556873774472859,12.235906739224692,72.49333643216625,63.29189632252923,72.17232222158034,21.20171842401229,6.161354615880703,85608.0,331143.98865114944, 0.0, 0.0,0.0,NaN, 170.51093169803602,170.51093169803602,0.0, 161.8441635649643, 9.113859201424672, 6.2804879158112, 9.113859201424672, 162.01406196322057, 12.335521099254748, 6.2804879158112, 12.335521099254748, 163.6169293056635, 5.948028641689975, 4.4728548801764605, 27.0, 0.0
24, 0 ,1.0,1.0,1.0,274.310572288065,9.807745279257729,176.59758616940306,14.525377075197786,6.2288886239586025,15.626525077819798,60.0,25.0,73.0,0.6100837551101752,-0.011356734530963199,0.7922555372677816,17.106664637666334,0.7923368194881362,0.008214685826676008,-0.6100285922972748,12.750607434499061,-4.1980244591765864E-4,-0.9999017669339139,-0.014010005294223296,6.225588622757435,82.85204962527132,64.35935945824474,25.49041317332117,20.890610341320727,7.586588050050784,55182.0,135922.6536316367, 0.0, 1.7763568394002505E-15,-2.8421709430404007E-14,44.07868886971741, 126.42900894512874,126.42900894512874,0.0, 210.9865791766814, -0.953103160376919, 62.86275539539615, -0.953103160376919, 38.799053489680894, -2.904755324721965, 62.86275539539615, -2.904755324721965, 244.18828600773102, 5.878751751232984, 4.3951578752853635, 11.0, 0.0
25, 0 ,1.0,1.0,1.0,121.79208401411286,230.48792356325922,239.49378418697165,13.359837466300034,13.008015327663648,11.687496451657934,62.0,64.0,55.0,0.7368469965712778,0.651543153942807,0.18041070421165883,14.198092819865789,-0.6567092998320649,0.6264120605349344,0.4199295487703354,12.340037157467181,0.1605907816718204,-0.42790121402800174,0.889444293857348,11.420548867239612,70.32596290494735,59.600890070972326,56.26956080492184,21.134395799150163,6.134216119688099,84462.0,235853.30053102216, 0.0, -2.8421709430404007E-14,0.0,49.34194964169224, 152.72931169576054,152.72931169576054,0.0, 178.4852571259541, 25.17409516343919, 3.4343058903110126, 25.17409516343919, 169.20846276473242, 14.111146549581218, 3.4343058903110126, 14.111146549581218, 136.59757330751677, 5.9367721037055, 4.401454433616886, 24.0, 0.0
26, 0 ,1.0,1.0,1.0,84.5542988741044,165.10288297509382,13.395991129307404,13.117726765244212,12.69089145445832,8.419920873628918,52.0,55.0,34.0,-0.8810218071414271,0.4649800279107443,-0.08714441453918481,13.362475031916295,-0.45333103271572606,-0.8824661567906275,-0.12547691778201128,12.521969225799193,-0.13524625731659748,-0.07104263342038791,0.9882618044417932,8.2869232314636,60.463782839309374,61.81503082713587,38.20346057113086,19.22274947912143,5.874900116391581,58620.0,142788.13105415783, 0.0, 0.0,0.0,NaN, 159.76894009180597,159.76894009180597,0.0, 172.0747554876044, -9.759262649432332, 13.44923337146734, -9.759262649432332, 161.05872590884323, 5.305693918443249, 13.44923337146734, 5.305693918443249, 70.89506751817196, 6.945412053498788, 4.805097289340405, 9.0, 0.0
27, 0 ,1.0,1.0,1.0,272.2078563772776,218.06860664523043,195.94864951768488,15.523125245162262,12.413000069578962,12.555391090805951,69.0,69.0,61.0,-0.9187121523758697,0.2437344083296672,0.3107434943375059,16.082453897639397,0.010484642186080485,-0.7715061416313417,0.6361354774757884,12.196015224367118,0.3947886185734416,0.5876834280642146,0.7062365998895601,12.05403346704992,83.7057936545969,72.99850359394101,61.164035684909834,22.399529872680745,7.137849468176564,93300.0,373736.5816829899, 0.0, 0.0,2.8421709430404007E-14,71.8959573852009, 135.32124741293802,135.32124741293802,0.0, 240.96741737699395, -25.408397520588508, -32.33537149085161, -25.408397520588508, 154.0825707273673, 6.894873466637535, -32.33537149085161, 6.894873466637535, 157.63784544308945, 5.408240029945698, 4.24937430643843, 29.0, 0.0
28, 0 ,1.0,1.0,1.0,24.148083081525503,272.5673657052794,233.09392348388263,13.909321051565893,13.814390780409305,12.803702597125024,55.0,63.0,65.0,-0.7989594992339428,0.27403744528546686,-0.5353197149043387,14.808589058976805,0.23709490467373226,0.9615798884096135,0.138383974447584,13.73101565703975,-0.5526750625472451,0.01635838584856937,0.8332362680841658,11.84931660702421,76.08461206399704,74.7093464019681,59.60403058937928,22.439081181932018,6.687977321705095,99613.0,338803.11646116327, 0.0, 0.0,0.0,NaN, 76.23714590434697,76.23714590434697,0.0, 193.46921211553413, -6.298145939973437, 35.31960220743488, -6.298145939973437, 190.8373926338576, -5.167561197219134, 35.31960220743488, -5.167561197219134, 163.9348001956261, 6.482036441710261, 4.655889160275336, 17.0, 0.0
29, 0 ,1.0,1.0,1.0,86.97538769765289,216.3597504533178,276.79617818241763,12.23855983970488,13.031034132980894,11.576911317204985,61.0,65.0,50.0,0.11104407693898072,0.9860797760555253,0.1237573764712796,13.067203809383722,0.9692108897999626,-0.07991403496167936,-0.23290340939820642,12.263663822575918,0.21977139047186017,-0.14580954108160307,0.9645932374113129,11.509379106722008,65.32004590878961,63.696614656027194,58.464952916423556,20.48573130856478,5.826653063695028,78863.0,243253.1297218206, 0.0, 0.0,0.0,NaN, 122.87728332092313,122.87728332092313,0.0, 149.78234695003715, 2.8033840410571282, -3.521608588919007, 2.8033840410571282, 169.80785057491312, 5.005967675419811, -3.521608588919007, 5.005967675419811, 134.02487564642885, 5.772562874505055, 4.294968790386647, 16.0, 0.0
30, 0 ,1.0,1.0,1.0,259.6833348462646,256.00905165147253,221.03044882185884,12.082586808833181,12.12051347346376,12.283430273926408,57.0,57.0,58.0,-0.08242314821693815,0.6648033388516208,-0.7424573693416648,13.139251486170263,-0.948383501674255,-0.28123817586322664,-0.14653949020384635,12.173322792071879,0.3062272985709913,-0.6920560736593976,-0.6536690542782723,11.088223154816719,67.86195212679709,60.61007867252533,56.99893918850171,20.2746800612022,5.719769100554047,77113.0,234443.3774216091, 0.0, 0.0,0.0,NaN, 98.97892219557804,98.97892219557804,0.0, 145.98890399298958, 4.009505949415877, 6.548785934679899, 4.009505949415877, 146.90684686041655, -23.486756490833532, 6.548785934679899, -23.486756490833532, 150.88265929441178, 6.064690382309598, 4.360386651126842, 19.0, 0.0
31, 0 ,1.0,1.0,1.0,122.0538389121339,276.86708158995816,231.98005230125523,15.240754756758635,12.984188165600896,11.690466093650912,76.0,50.0,55.0,-0.9694093346401226,-0.24345409740074428,0.031235306487754445,15.377994858230108,0.24015504515859168,-0.914497157471479,0.3256078980329875,12.970934479074751,-0.05070597792637265,0.32314865222583644,0.9449888107100293,11.524273436620248,83.35723107020485,59.402078140618016,56.83515209913253,22.19647301296648,6.6972629593586275,95600.0,281424.52728483354, 0.0, 0.0,2.8421709430404007E-14,88.21005762808912, 141.62974543610096,141.62974543610096,0.0, 232.28060555566094, 16.685168734900635, -0.3682356610309962, 16.685168734900635, 168.58914231973037, -11.340140956150035, -0.3682356610309962, -11.340140956150035, 136.6669974868016, 5.72633181827213, 4.27123072063107, 15.0, 0.0
32, 0 ,1.0,1.0,1.0,189.2462777028109,221.2423667177458,24.400418544015736,13.431109933051385,12.574261844202292,12.861190567734722,68.0,58.0,54.0,0.8350233372985099,0.32957544604140193,0.440586031931869,13.887264338012837,-0.20632900268855464,-0.5547548506978996,0.8060244402477492,12.683403783090933,-0.5100631027788673,0.7639548946068492,0.39523227371993863,12.255290917032259,68.6792196362444,62.681206389151185,63.01823473442395,21.552092555603522,6.278877626977535,87446.0,271286.9681034073, 0.0, 0.0,-3.552713678800501E-15,63.858721744558395, 138.07437208992866,138.07437208992866,0.0, 180.39471403371158, 12.963318966752404, 13.920471905359621, 12.963318966752404, 158.1120609265616, 1.421088779110769, 13.920471905359621, 1.421088779110769, 165.41022281958857, 5.748963680186399, 4.327966269257347, 22.0, 0.0
33, 0 ,1.0,1.0,1.0,55.726046926838364,237.82989354189706,59.69726726446645,12.31532048227107,11.623439949783473,12.651271194304112,59.0,56.0,60.0,-0.6502966810414564,0.15424252043473283,0.7438571580057607,13.347797096433165,-0.4699344241151059,0.687669327442123,-0.5534189490132244,11.96633226693528,0.5968884851109709,0.7094505909400876,0.37470521127506423,11.201309853264956,69.70216896303488,77.83075057542365,57.48587469757453,20.293138947673857,5.91731774788913,75053.0,311859.26793791476, 0.0, 0.0,0.0,NaN, 102.63663167675166,102.63663167675166,0.0, 151.66711858104532, -11.013024914194691, -20.880291097961518, -11.013024914194691, 135.10435626622242, -0.6992657033636545, -20.880291097961518, -0.6992657033636545, 160.054662831829, 5.678793998321251, 4.269358253673244, 23.0, 0.0
34, 0 ,1.0,1.0,1.0,10.72029162190544,111.66190688860188,161.5848853911427,6.966237141027925,14.11494057565764,22.90233688813748,29.0,72.0,94.0,0.027131096376065176,-0.029520246205244443,0.9991959060531694,22.916042845304588,-0.030049395331257403,0.9990880559881195,0.030332989007113075,14.109966358406608,-0.9991801326335801,-0.030848200042491943,0.02621928878669184,6.93115228327327,93.69303149901435,71.05128022582805,30.554077334808184,25.931636700871085,9.991359282458665,82847.0,203398.79335517192, 0.0, 1.4210854715202004E-14,0.0,88.30836872764344, 178.16298733081624,178.16298733081624,0.0, 48.52845990503691, -4.9169509055297675, 12.796269619528482, -4.9169509055297675, 199.23154745434644, -9.4952787692262, 12.796269619528482, -9.4952787692262, 524.5170349377428, 6.4963157407294, 4.499086356914708, 22.0, 0.0
35, 0 ,1.0,1.0,1.0,127.72935548841893,60.03362963823689,242.79169571616703,12.532981311502375,15.259188844138315,13.887018438261258,62.0,82.0,70.0,0.1984273631263362,0.8653607055116699,0.46019281928239,15.950501453633517,-0.24616786825036308,-0.4104760793159502,0.8780152441447002,13.299039528562163,-0.9486980353114475,0.28750693498722957,-0.13157431409833711,12.307916023256217,82.93478317562543,73.37590787101793,69.51812899219361,23.037765173519222,7.21312149142316,103272.0,423046.66560823284, 0.0, 0.0,0.0,NaN, 152.28793458465287,152.28793458465287,0.0, 157.0756205544678, 20.239386749445334, 3.913838167817628, 20.239386749445334, 232.84284418107518, 31.84463785709378, 3.913838167817628, 31.84463785709378, 192.84928110460814, 5.80871552133696, 4.389773986389623, 29.0, 0.0
36, 0 ,1.0,1.0,1.0,200.91632439753272,184.25544318332376,86.85393572700909,12.285514361230922,11.871541495255935,11.353057424490059,61.0,53.0,58.0,-0.7962512527651321,-0.3463601537982847,0.49600260718144057,13.002604714981823,-0.2831896478037499,0.9379081785003925,0.2003294089215643,11.709293648101541,-0.5345910267173832,0.019049739182040157,-0.8448961720769895,10.704390985283803,66.68532842428323,56.17061023788975,59.819342960703324,19.703636729680056,5.703154662302217,67929.0,224068.63837527455, 0.0, -2.8421709430404007E-14,0.0,69.73515326083272, 175.3795408673862,175.3795408673862,0.0, 150.93386312001124, 9.043662339413343, -22.79574598960237, 9.043662339413343, 140.93349747358351, -5.128096876666237, -22.79574598960237, -5.128096876666237, 128.89191288376884, 5.6981407545747045, 4.263676801374087, 25.0, 0.0
37, 0 ,1.0,1.0,1.0,71.12640427853509,259.8753630761192,136.62567428422136,11.324784272919066,11.115237184367473,11.965566294704443,55.0,56.0,60.0,0.33927240794040164,-0.39999917891968007,0.8514075933851557,12.28820278775441,0.9144295811095937,-0.0721192225724837,-0.3982679486567708,11.21161858554213,-0.2207097061799803,-0.9136736149189831,-0.3413030193227483,10.875370990693533,64.26916625429432,56.069530659081465,52.51389084694625,19.129593991502887,5.388195149226901,65069.0,189236.01060597578, 0.0, 0.0,0.0,NaN, 159.17137540237886,159.17137540237886,0.0, 128.25073882815502, -4.931009563710541, 6.748556593958301, -4.931009563710541, 123.54849766474535, -10.93200727773541, 6.748556593958301, -10.93200727773541, 143.174776752967, 6.116476002065825, 4.430586386093966, 24.0, 0.0
38, 0 ,1.0,1.0,1.0,190.78617408669095,243.60502760483965,86.55878068835898,11.669475396050654,13.215254938663575,13.059025457950623,58.0,66.0,65.0,0.2979233237448339,0.5517302037471981,-0.7789964540624729,13.777903125788987,-0.4438994407488945,0.8025264536729749,0.39862837036254345,13.109723935314406,-0.8451005737021187,-0.2270354012663076,-0.4840040773590621,10.939025953919513,69.11639567070434,68.53891503377682,60.88374247114726,21.09118564605722,6.043149267383116,85130.0,288416.1981517835, 0.0, 2.8421709430404007E-14,-1.4210854715202004E-14,32.09352787607849, 150.33454425490137,150.33454425490137,0.0, 136.17665601903155, -7.0629000647140145, -25.522042935860323, -7.0629000647140145, 174.64296309387203, -13.457941479321045, -25.522042935860323, -13.457941479321045, 170.5381459114025, 6.10051078059573, 4.4677021103364245, 27.0, 0.0
39, 0 ,1.0,1.0,1.0,69.4446279972878,44.49604881957714,168.41817173149232,12.270605624611852,11.229358653142638,14.423718717847265,57.0,53.0,82.0,-0.26349180114880133,-0.20396658534822018,0.9428518986504443,14.782815593132073,0.8968812473273069,-0.4116979084660831,0.16158236400445178,12.252097528704338,0.35521275162918214,0.8882018150319443,0.29141282891112585,10.77331838821314,86.41938120564666,63.10093415181315,55.22188209673705,21.049280853046792,6.452727746991747,81115.0,301132.85751355696, 0.0, 0.0,0.0,NaN, 155.29401871520656,155.29401871520656,0.0, 150.56776239475602, -7.065629004831006, -20.52186132858285, -7.065629004831006, 126.09849576090944, -21.970584675585126, -20.52186132858285, -21.970584675585126, 208.04366165157757, 5.605330563779017, 4.181563778524634, 25.0, 0.0
40, 0 ,1.0,1.0,1.0,107.5878737489081,165.78498584463833,170.7447509393056,12.713948656493788,16.07416784126999,13.936897794760485,62.0,86.0,67.0,-0.3202496775767666,0.9398748592509982,-0.11863976129398375,16.563875249782697,-0.3992058863116875,-0.020317663330934654,0.916636161675324,14.240925218964872,0.8591128007113368,0.3409141262908994,0.38171030134021233,11.708738958075918,86.34482162700125,65.98726844611167,63.50334180841185,23.46327476181638,7.983434087081375,95017.0,361820.3821351864, 1.4210854715202004E-14, 0.0,0.0,71.32197500592551, 215.16444876483905,215.16444876483905,3.814697265625E-6, 161.64449043996018, -40.7837833157209, -18.82942313446759, -40.7837833157209, 258.37887178931834, -16.529976091751195, -18.82942313446759, -16.529976091751195, 194.2371201415997, 5.244015170388312, 4.133147609241699, 29.0, 0.0
41, 0 ,1.0,1.0,1.0,217.8053290155132,190.68456895217457,232.87628730965676,13.849713181068992,12.231112830783905,12.514690331460088,78.0,60.0,61.0,-0.8195698229490508,-0.2905117128186341,0.49387068148093677,14.565136358120252,-0.5319923276217983,0.7059487819741397,-0.46756869076187163,12.369181199153413,-0.21281322483060794,-0.6459406024894342,-0.7331243205574239,11.527892682596272,80.58793588744483,63.30077622020589,66.96012663621019,21.315649361615947,6.608724737961895,83993.0,341582.2808599828, 0.0, 2.8421709430404007E-14,0.0,73.11140599900298, 152.35294617681555,152.35294617681555,0.0, 191.81455519787616, 11.31884070026068, -27.07689719619285, 11.31884070026068, 149.60012107936666, -18.006567738001248, -27.07689719619285, -18.006567738001248, 156.61747409234061, 5.6799512379627295, 4.251140129948401, 34.0, 0.0
42, 0 ,1.0,1.0,1.0,233.14403365712616,160.25434521295605,15.91212111367402,13.53724517083456,11.629451207445648,9.527603466914448,71.0,52.0,36.0,0.9880246442687235,-5.0570862663117805E-5,-0.15429614305046457,13.622369733413926,0.02579391252319715,-0.9858736514373667,0.1654926508286654,11.68907579989972,0.1521248710579806,0.1674907186805906,0.9740661593349046,9.33128714673221,71.44442802179759,54.016487938094485,43.67939612121411,19.316024529683965,6.013947654665436,61562.0,168566.5245750665, -2.8421709430404007E-14, 0.0,-1.7763568394002505E-15,21.870594136129675, 155.72977835287435,155.72977835287435,0.0, 183.2570068152836, -1.2652493259361608, -14.803998861553346, -1.2652493259361608, 135.24413538635903, -8.085442194826369, -14.803998861553346, -8.085442194826369, 90.77522782276021, 6.022510927808684, 4.382691503211207, 17.0, 0.0
43, 0 ,1.0,1.0,1.0,22.73847433196585,59.88546402040137,103.12543519237165,11.516000907653705,13.130108272429375,14.575708942671088,49.0,64.0,75.0,0.17029402378227726,0.31156733468283104,0.9348399549776838,14.803821025515816,-0.17085973856935133,-0.9249909653639414,0.33940928645382834,13.01944286267669,-0.9704673591626117,0.2175258834109652,0.10428612010342053,11.349462627025744,67.62031999493443,66.21611213524851,58.260015038914375,21.806497231666288,6.476572381878482,90190.0,260862.40365887314, 0.0, 0.0,0.0,NaN, 121.40083360298767,121.40083360298767,0.0, 132.61827690508096, 11.225096350473484, 12.022370993263356, 11.225096350473484, 172.39974324571833, 13.537351652481002, 12.022370993263356, 13.537351652481002, 212.45129118146193, 5.382387243250096, 4.048323237949732, 24.0, 0.0
44, 0 ,1.0,1.0,1.0,111.32237714939778,213.07296896542755,151.57272183345907,11.655186906973253,12.654628597199851,12.22684209211086,67.0,58.0,57.0,-0.3009474398629067,0.729531326531383,0.6141780540277575,13.314729837751306,-0.5617129913458564,-0.656063023105129,0.5040434753743458,11.911299582133191,0.7706550160696107,-0.19330119845339735,0.6072277108986612,11.239109659013549,64.96707890365838,62.06830970044655,51.41343585447919,20.297950239189458,5.785489642405601,76882.0,207319.37286575075, 0.0, 0.0,-2.8421709430404007E-14,52.10777951726047, 204.88932935271666,204.88932935271666,0.0, 135.84338183648075, -5.454573707865613, -13.825913876359683, -5.454573707865613, 160.1396249330683, 17.689303484746777, -13.825913876359683, 17.689303484746777, 149.4956675454139, 6.320509358165614, 4.391763237432902, 16.0, 0.0
45, 0 ,1.0,1.0,1.0,180.64705136012992,9.68059784815266,142.78753045066992,12.787781305798443,6.165123403242533,12.28117846586176,63.0,25.0,58.0,0.8245504169745372,-0.009944850282185863,0.5657010781499197,13.222255714293377,0.5657478535067835,0.002509630098802279,-0.8245744769329417,11.81273979485309,-0.006780569266959685,-0.9999473994714084,-0.007695594245012248,6.163973894932869,62.21812984196703,56.68584416277568,25.328140883785228,17.784231013981955,6.007043287158966,39408.0,89329.496194889, 0.0, 0.0,0.0,NaN, 186.35213756737568,186.35213756737568,0.0, 163.52735072492814, -0.9778614629020668, 16.45439405801777, -0.9778614629020668, 38.00874657720879, -0.9799369218792247, 16.45439405801777, -0.9799369218792247, 150.82734451034662, 5.643149266031563, 4.204320723789035, 17.0, 0.0
46, 0 ,1.0,1.0,1.0,87.761951853909,18.65727406965875,217.8180500426731,13.663755960177806,10.571036438979622,12.554412629935703,74.0,43.0,62.0,-0.8582891210337008,-0.02701542704242889,0.5124548286599635,14.226644703084851,-0.4989140252912918,0.2776465555754245,-0.8209733159760696,12.03096669943477,0.12010237334390071,0.960303367107925,0.25177939359356716,10.43631810484415,79.49226414672937,65.05290216323101,50.46666192073388,20.423006725752685,6.241723407527226,73817.0,260973.32739642542, 0.0, 0.0,0.0,NaN, 121.6722111564789,121.6722111564789,1.3486991523486091E-6, 186.6982269392945, -2.795336847175515, -26.44128350718855, -2.795336847175515, 111.74681139423495, -9.460681847953817, -26.44128350718855, -9.460681847953817, 157.6132764826891, 6.249250125098619, 4.583705861076978, 20.0, 0.0
47, 0 ,1.0,1.0,1.0,9.020830633665932,212.1781456524556,279.83060126992353,5.970163618501043,11.831750749931578,11.483046100234414,24.0,53.0,45.0,-0.10320082590823566,-0.9330385971938554,0.3446571712272633,11.996162067493005,-0.16720746516316837,-0.32530242865328224,-0.9307094033617493,11.486629133013448,0.9805056109607763,-0.1536792310587122,-0.12243953942920974,5.6252087953548315,59.7141523276471,52.28341286925155,29.67030826912113,16.59508109991145,5.665404704662946,30868.0,92632.47314861267, 0.0, 0.0,0.0,NaN, 90.55858949594675,90.55858949594675,0.0, 35.64285363167346, 16.26562953043521, 11.615651269387664, 16.26562953043521, 139.99032580850647, -5.735048476846869, 11.615651269387664, -5.735048476846869, 131.86034774010878, 6.295003728269836, 4.607656948232776, 11.0, 0.0
48, 0 ,1.0,1.0,1.0,21.54127430196059,254.93871715229503,15.588111554832453,12.693687067217319,12.713511022712042,9.517731950471218,45.0,66.0,35.0,-0.7029232011621824,0.7063324719182861,-0.0836266248375081,13.794727018900334,0.7065797080066593,0.7069228809262694,0.03170420565363275,11.541865945267165,-0.08151128450180761,0.036803254430913146,0.9959926861991301,9.478455166406839,72.44056185228487,59.61096885094611,38.49094856511998,19.40257975551573,6.073728195838764,60849.0,166213.6185532186, 3.552713678800501E-15, 0.0,-1.7763568394002505E-15,60.36360050560237, 52.32145766584757,52.32145766584757,0.0, 161.1296913604402, -28.209873426481725, 6.876595471249137, -28.209873426481725, 161.6333625246206, -4.961493730579458, 6.876595471249137, -4.961493730579458, 90.58722148102066, 7.021373884708037, 4.32777224227679, 10.0, 0.0
49, 0 ,1.0,1.0,1.0,13.348581625335624,142.82902790053868,233.79512365959008,7.995996474666407,10.789203128969012,16.693523205965914,34.0,50.0,75.0,-6.305620389316863E-4,0.0760480976939883,0.997103951064602,16.721962930063345,-0.1582039753203096,-0.9845546520429778,0.07499092834057519,10.80805720085833,-0.987406251035695,0.15769852243333174,-0.012651934159568123,7.910653330649532,75.6966346262509,53.025619870424464,36.62546881972626,20.28317175053936,6.899965546820794,59963.0,147009.53991926057, 0.0, 0.0,0.0,NaN, 157.99177666470516,157.99177666470516,0.0, 63.93595962287761, 8.437364021528985, -0.7799088560070445, 8.437364021528985, 116.40690415815472, 12.453739935595467, -0.7799088560070445, 12.453739935595467, 278.6737170281225, 5.695136145398168, 4.106692098452815, 15.0, 0.0
