// Sample: .//bubblelabels.tif, Map: .//bubblelabels.tif, Thickness:(8.191250068658265):/gpfs/home/mader/Foam/NewValid/InSilicoTest/LatticeDataPhi_16.0/out_Step_02000.vtk/distmap.tif, Neighbors:(1.0):
//LACUNA_NUMBER, TRIANGLES, SCALE_X, SCALE_Y, SCALE_Z, POS_X, POS_Y, POS_Z , STD_X, STD_Y, STD_Z,PROJ_X, PROJ_Y, PROJ_Z, PCA1_X, PCA1_Y, PCA1_Z, PCA1_S, PCA2_X, PCA2_Y, PCA2_Z, PCA2_S, PCA3_X, PCA3_Y, PCA3_Z, PCA3_S,PROJ_PCA1, PROJ_PCA2, PROJ_PCA3,OBJ_RADIUS, OBJ_RADIUS_STD, VOLUME, VOLUME_BOX, Mask_Grad_X,Mask_Grad_Y,Mask_Grad_Z,Mask_Angle, Mask_Distance_Mean,Mask_Distance_COV, Mask_Distance_STD, SHAPET_XX, SHAPET_XY, SHAPET_XZ, SHAPET_YX, SHAPET_YY, SHAPET_YZ, SHAPET_ZX, SHAPET_ZY, SHAPET_ZZ, Thickness, Thickness_STD, Neighbors, Neighbors_STD
1, 0 ,1.0,1.0,1.0,170.2763629013629,61.919409794409795,167.63525063525063,12.91951931331399,12.166959850766691,10.937765587342641,59.0,58.0,59.0,0.8524811408787776,0.5226633560929206,0.009945885767615792,13.352720146316038,-0.522537938896074,0.8525200397490513,-0.012793914198499012,11.690267239427163,0.015165977062499683,-0.005709467922735887,-0.9998686889365918,10.93737280638548,68.60569458985788,58.41966001661406,58.929448500108805,19.968308919290397,5.987507515213503,69264.0,236184.59497253597, 0.0, 0.0,0.0,NaN, 75.92749774029546,75.92749774029546,0.0, 166.91397928709316, 18.551407047173228, 0.6113281407373762, 18.551407047173228, 148.03491201016863, 0.11916679726804849, 0.6113281407373762, 0.11916679726804849, 119.63471604365692, 5.964295132981506, 4.240737778759698, 27.0, 0.0
2, 0 ,1.0,1.0,1.0,41.80776060855045,8.965411222136817,26.203477431153754,13.995829308461406,5.926184738336027,12.073786620292175,72.0,23.0,55.0,0.8701292632941175,-0.025196881859546303,0.492179014489436,14.83127739668794,-0.487241554796064,0.1059029108654522,0.866821919860209,11.08182196752545,0.07396439980930357,0.9940571867929834,-0.0798722539188004,5.831437181294522,77.95725017006808,54.07403560538067,25.389777582863534,18.227771159467913,6.6728993319921726,37729.0,107029.67106095301, 0.0, 0.0,0.0,NaN, 50.148675705035956,50.148675705035956,0.0, 195.88323803158727, -8.659277277580706, 42.134295152486644, -8.659277277580706, 35.11966555288685, 5.84567674859322, 42.134295152486644, 5.84567674859322, 145.77632335234634, 6.237785180662782, 4.248136361104784, 16.0, 0.0
3, 0 ,1.0,1.0,1.0,170.3509900990099,40.27083168316832,11.999465346534654,14.72719293996613,11.225480946338639,8.26066066157156,65.0,60.0,31.0,0.9308828241128718,0.35990377596893,0.06266131035138206,15.277343911910089,0.3629897545232708,-0.9305762496499451,-0.04760547971168156,10.500130163032278,0.041177735279894045,0.06706053705981287,-0.996898830617465,8.215240622759605,73.57477307098762,62.62567379517232,34.23807445511244,19.131906817923465,6.716419466020276,50500.0,157757.739550703, 0.0, 0.0,0.0,NaN, 51.42752999285275,51.42752999285275,0.0, 216.8902118909882, 41.1388021468484, 8.938464885795538, 41.1388021468484, 126.01142247661181, 5.635946781295897, 8.938464885795538, 5.635946781295897, 68.23851456563588, 6.165615575959777, 4.070265065570599, 14.0, 0.0
4, 0 ,1.0,1.0,1.0,9.536505915830462,30.11715590834207,135.14145574359742,6.231810153789401,10.48658617281094,10.434727584890526,24.0,53.0,55.0,0.04717877601234866,-0.7143930890476837,0.6981523310960756,11.503936473197031,-0.008990942678939701,-0.6992060123249044,-0.714863703987305,9.312570179772528,-0.9988459971605833,-0.027449346979722088,0.03941075115582255,6.214738079034058,63.56300040862669,44.026683531425746,26.086522475545692,15.223503673640122,5.092388734396436,26708.0,73002.30107379385, 0.0, 0.0,0.0,NaN, 72.14304393460111,72.14304393460111,0.0, 38.83545779287268, -2.856287517247035, 3.3960266830160615, -2.856287517247035, 109.96848955978957, -22.69947637493319, 3.3960266830160615, -22.69947637493319, 108.88353977087527, 6.210418054419746, 4.114884543269444, 12.0, 0.0
5, 0 ,1.0,1.0,1.0,59.18334669622223,74.13448568598783,142.27477243786257,9.762234307892209,9.983004503243238,10.534226037474689,49.0,56.0,55.0,-0.5958007194266967,0.39918270211569545,0.6969036325506146,11.423538511696663,0.16792309215155016,-0.7866360574045959,0.5941427002944787,10.031543852964802,-0.7853810144464228,-0.4710168611871179,-0.40164633525595994,8.648838742883317,55.737116539438986,54.13622984767463,47.22731321449078,16.79279979148798,4.892176505970478,42406.0,142503.56983669262, 7.105427357601002E-15, 0.0,0.0,53.43026535691196, 111.04410110938684,111.04410110938684,NaN, 95.30121868218768, -16.65801127690808, -20.548350603791558, -16.65801127690808, 99.66037891177479, 3.4218264582102766, -20.548350603791558, 3.4218264582102766, 110.96991820860968, 5.958984977170521, 3.863944390928565, 21.0, 0.0
6, 0 ,1.0,1.0,1.0,28.863446151786015,106.84329282581768,174.07969267851763,12.15144412063407,12.123995942661848,9.993611818447405,58.0,57.0,49.0,-0.7254772897565542,0.6870851258498839,0.039959127659826094,12.530393801086008,-0.6790247788178454,-0.7240219760304198,0.1213158191514309,11.760352026223867,0.11228558143796172,0.06087863386160891,0.9918093265039822,9.960145602418796,65.64777450559426,59.532582784408035,48.94903394544431,19.024285659550465,5.709439916159053,59742.0,191301.7123528268, 0.0, 0.0,0.0,NaN, 100.91151047791077,100.91151047791077,0.0, 147.6575942168923, -9.591014983210846, -4.896804042861882, -9.591014983210846, 146.99127761768096, -1.8473924064096328, -4.896804042861882, -1.8473924064096328, 99.87227717781165, 6.0437877179000274, 3.746320414026806, 25.0, 0.0
7, 0 ,1.0,1.0,1.0,135.74100549310634,16.377278184000872,180.16788533595258,13.71810169489216,9.893871424570179,9.710667942508481,67.0,41.0,39.0,0.9676686502632531,0.24622355243020885,0.054693194515793395,13.954365575302136,-0.09981252017518506,0.1746809556940772,0.9795529717856417,9.700053667403324,-0.23163515301864776,0.9533417676502232,-0.19360947791772876,9.568527473300655,70.32963681962408,43.28699438938449,46.36803148250496,18.615156668598875,5.817905118725915,54978.0,141160.91515003232, 0.0, 0.0,0.0,NaN, 69.21521789174015,69.21521789174015,0.0, 188.18631411140316, 24.536815891119822, 5.212348926818545, 24.536815891119822, 97.88869176592632, 1.822978688960491, 5.212348926818545, 1.822978688960491, 94.29707188966188, 6.105400087877182, 3.9499715980110497, 14.0, 0.0
8, 0 ,1.0,1.0,1.0,185.15094437257437,155.1820698576973,91.08282018111255,8.394718031519993,10.749746258218368,10.255605090500639,32.0,54.0,52.0,0.19774648674734085,0.8187615180686934,0.5390045486903916,11.33806196805144,-0.20299518633755811,-0.5037393637947548,0.8396663668907047,9.787061546162558,-0.9590043176664343,0.275456402890738,-0.06659195749962296,8.177257995034829,54.548091706636114,48.357714577129244,38.36159120744367,16.36649472491196,4.831523738589929,38650.0,101191.01277841059, 0.0, 0.0,0.0,NaN, 102.5925019063849,102.5925019063849,0.0, 70.47129082872691, 12.94426402199722, 1.6454806484706208, 12.94426402199722, 115.5570446160798, 14.990224951759641, 1.6454806484706208, 14.990224951759641, 105.17743577230262, 6.15987181808091, 4.0687531630256215, 17.0, 0.0
9, 0 ,1.0,1.0,1.0,79.33032706726068,146.6679615342823,44.85393349994567,9.635257330356197,8.903988361550434,10.394081663151924,45.0,40.0,48.0,-0.5874936027735644,-0.10044248644860958,0.8029710913950505,11.22936289865916,0.11334355779759764,-0.9926992896251866,-0.04124752457338835,8.878063155431214,0.8012518359454287,0.06677894349022392,0.5945889909007814,8.673956979572322,54.042399415596854,40.62477052419395,42.558759944071795,16.08646972480614,4.624026165363546,36812.0,93436.05829171605, 0.0, 0.0,0.0,NaN, 105.59110980534722,105.59110980534722,0.0, 92.83818382218284, 2.5981904743868225, -24.00996499400574, 2.5981904743868225, 79.28100874262559, -3.955377888464754, -24.00996499400574, -3.955377888464754, 108.03693362027109, 5.983949576868942, 3.943104298559669, 15.0, 0.0
10, 0 ,1.0,1.0,1.0,153.19187195097368,10.749788332056607,87.34564367213643,9.492657497283759,6.823664643059368,9.591528109449971,48.0,26.0,46.0,-0.634624911109749,-0.044032392594228704,0.7715648842458882,9.759868801397824,0.7670972681754845,0.0853859297992591,0.6358231075936331,9.340642119466334,0.0938775977358381,-0.9953744980632884,0.020410910038614796,6.794683419527204,48.376831583839916,49.488269001880866,27.875697359469804,14.418279493533381,4.5589004641905335,24803.0,66736.80716807615, 0.0, 0.0,0.0,NaN, 99.67858480705819,99.67858480705819,0.0, 90.11054636073754, 4.062402021035464, -3.9995935264160125, 4.062402021035464, 46.56239916093853, 0.5625555226899459, -3.9995935264160125, 0.5625555226899459, 91.99741147436893, 6.320723162331139, 4.057796094271033, 15.0, 0.0
11, 0 ,1.0,1.0,1.0,98.92483172138115,90.88869489305979,12.926738496174965,11.278303090239072,11.348458692076562,8.37101900476298,59.0,54.0,33.0,0.6618612719949835,0.7430483504035621,0.09908988644522088,11.54206122797412,0.7425437465740891,-0.6679827143951244,0.04927349889176291,11.114294559691768,-0.10280292338691949,-0.040966354876489725,0.9938577950145766,8.325555447492363,57.494380861862865,57.932360344904474,36.2678660550454,17.253381020179617,5.327517041895168,43529.0,120800.47112529955, 0.0, 0.0,0.0,NaN, 134.95917070957344,134.95917070957344,0.0, 127.20012059529621, 4.537981798113714, 6.174602870717794, 4.537981798113714, 128.78751468576806, 2.9208354893052944, 6.174602870717794, 2.9208354893052944, 70.07395917810298, 6.11978299021803, 3.849496217289544, 12.0, 0.0
12, 0 ,1.0,1.0,1.0,154.62182412901262,9.851475734063593,39.8750950859577,10.237371386672852,6.255917669334801,9.697516727538732,47.0,24.0,48.0,-0.974524916794017,0.009628818516167379,0.22407247131586222,10.26695369270595,-0.2240937395341479,-0.0011758980522110522,-0.9745668849111242,9.666513624772735,-0.009120441284101149,-0.9999529504520472,0.003303699900072814,6.255420504568152,52.835577066756045,49.234834426191895,24.27974104135283,14.732487770452813,4.575577949126093,26292.0,63160.12593518422, 0.0, 0.0,0.0,NaN, 61.20664692360849,61.20664692360849,1.1680077279964342E-6, 104.80377290866802, -0.6076288139436267, -2.6119325102815716, -0.6076288139436267, 39.136505885495374, 0.2052428993863507, -2.6119325102815716, 0.2052428993863507, 94.04183068089351, 5.835975260738321, 3.874926260084188, 13.0, 0.0
13, 0 ,1.0,1.0,1.0,188.528548436542,59.13274064990803,92.90006131207848,6.996623549064359,9.505287071468876,9.592840262422571,28.0,46.0,54.0,0.1672566826163251,-0.6515229271150842,0.7399615378947582,9.831772601154764,0.04743990905652933,-0.7443462752078814,-0.6661066563343003,9.336718894149834,-0.9847713730348228,-0.1465144976701845,0.09358870029850494,6.89113455894738,51.61092637788734,45.4876419901898,29.90944173284541,14.547821512254638,4.436969342500138,26096.0,70217.1802939134, 0.0, 0.0,0.0,NaN, 110.71899841278366,110.71899841278366,0.0, 48.95274108732195, -6.760188986211686, 4.832098954724975, -6.760188986211686, 90.35048231103337, -4.030687169874347, 4.832098954724975, -4.030687169874347, 92.02258430035555, 6.136929196780085, 3.9438191276825045, 11.0, 0.0
14, 0 ,1.0,1.0,1.0,71.8908876727121,187.36996588705918,26.02451714236631,11.055029699635252,7.3813580767709945,12.718920566342103,54.0,29.0,55.0,-0.41018936238531223,0.048279621551758,0.9107215628987542,13.110317995123092,0.9079579680862961,-0.07229905495760618,0.4127773913877082,10.615387730546397,-0.08577304456841449,-0.9962137947223259,0.014179563829988437,7.341810027994916,60.942963080932586,51.611384891139735,31.02034659732783,17.5001949491076,5.675583303368422,40747.0,97569.869627908, 0.0, -2.8421709430404007E-14,0.0,87.23270567994274, 77.4925350247227,77.4925350247227,0.0, 122.2136816598175, -6.195281411297368, -22.041499908828698, -6.195281411297368, 54.48444705751239, 3.4330970152115476, -22.041499908828698, 3.4330970152115476, 161.77094037292014, 5.598547939262054, 3.706930801822483, 12.0, 0.0
15, 0 ,1.0,1.0,1.0,185.51035316375868,149.03865356317007,34.20364725667437,8.467254315888278,11.650431568116716,9.122783974987506,36.0,57.0,49.0,-0.20087500135034805,0.9795870943955816,-0.007639262144974762,11.770585813102262,-5.398022919478399E-4,-0.007908898492191313,-0.9999685784754068,9.122610541385386,-0.9796167324244635,-0.20086456586033835,0.002117483354015954,8.29960392754907,59.344880675165,49.10127602569342,40.49926849641952,16.320629108578924,4.928407889754889,38056.0,118011.19781796123, 0.0, 0.0,0.0,NaN, 63.06265282837858,63.06265282837858,NaN, 71.69439564992868, -13.707897033421752, 0.11464060807419031, -13.707897033421752, 135.73255572337052, -0.407913735404886, 0.11464060807419031, -0.407913735404886, 83.22518745428883, 5.964047695626187, 3.9110239589380127, 17.0, 0.0
16, 0 ,1.0,1.0,1.0,152.49850886162235,110.00051124744377,10.1737815269257,10.273973468779023,9.526726642942862,5.82976864918768,57.0,49.0,24.0,0.921506958543424,0.3845728567695076,0.05411693997434581,10.437619768972196,0.38425681941767964,-0.9230779700422466,0.01654563246580363,9.359706194142973,-0.05631715624084969,-0.005547887780419549,0.9983975154486914,5.809582376321603,51.04020317089194,43.35917333237911,25.48126531083488,14.503805943597357,4.4652958491071635,23472.0,56391.59490302493, 0.0, 0.0,0.0,NaN, 102.27319036115223,102.27319036115223,0.0, 105.55453083717526, 7.545714804603811, 4.092177162297315, 7.545714804603811, 90.75852052935736, 0.7424128587967243, 4.092177162297315, 0.7424128587967243, 33.98620250305155, 6.072446200634774, 3.9415677312111996, 16.0, 0.0
17, 0 ,1.0,1.0,1.0,11.453990551444459,46.70671850829884,14.440152180275096,7.057708041770345,9.29165115307128,8.794417647406458,27.0,46.0,38.0,-0.1815866166187804,-0.8608110189915679,0.4754268505749788,9.56072862715976,0.03935166425343388,-0.48943808431647695,-0.8711497047816193,8.586502110595488,-0.9825872720453024,0.13948028965884957,-0.12274975198041883,6.953578599023811,48.79099165741874,40.9740497950186,30.674756142214214,13.996749113768262,4.1927103353897985,23919.0,61323.884191909296, 0.0, 0.0,0.0,NaN, 50.21184569755973,50.21184569755973,0.0, 49.811242802869806, 6.241303721659857, -4.586923053873793, 6.241303721659857, 86.33478115037086, -6.800925308556851, -4.586923053873793, -6.800925308556851, 77.34178175701416, 7.230854044017786, 4.150354807647641, 10.0, 0.0
18, 0 ,1.0,1.0,1.0,62.12934474502573,12.04092247571346,104.92899799102842,10.579699709838906,7.3417066345916275,11.92613654476139,50.0,28.0,56.0,0.3423524606218534,0.14906516516122853,0.9276714770012162,12.266420562908086,-0.9328031754959718,0.1722209727436481,0.3165725388151393,10.375066854431788,-0.11257454637169795,-0.9737142871924428,0.19800873320770268,7.0679805802649085,60.25950760435168,55.26623005232784,34.978314420030955,16.68215939973081,5.456096856274261,36337.0,116488.83352375132, 0.0, 0.0,0.0,NaN, 114.20829530074545,114.20829530074545,0.0, 111.93004595036541, -4.137857710759114, 14.886058547545582, -4.137857710759114, 53.900656308406724, 17.043745493225515, 14.886058547545582, 17.043745493225515, 142.23273288429314, 5.58782262276989, 3.694576028615114, 17.0, 0.0
19, 0 ,1.0,1.0,1.0,191.64539318443724,134.56483564725895,118.57767656258574,4.8774395090115465,9.654962641557733,9.693236414145598,19.0,45.0,46.0,0.02531555056982161,0.7005072251962149,0.7131961513828057,10.734031477085596,0.013864078358380653,-0.7136022043549368,0.7004139356630815,8.486791363055021,-0.9995833683243331,0.007843557080419797,0.027777119751815706,4.8704714929225075,49.044955386954314,45.49131179436219,19.93161028127281,13.810609675570023,4.49817878074214,18223.0,44469.80152366775, 0.0, 0.0,0.0,NaN, 104.79100602084027,104.79100602084027,0.0, 23.789416164066797, 1.144705479481284, 2.121052842420525, 1.144705479481284, 93.21830360987548, 21.56905971252288, 2.121052842420525, 21.56905971252288, 93.95883218051821, 6.166351185042922, 3.8466533081998744, 8.0, 0.0
20, 0 ,1.0,1.0,1.0,11.631939978563773,153.41720257234726,188.0988210075027,7.320587787960936,10.00391959082822,6.080144331711354,29.0,60.0,23.0,0.09370586104142928,0.9951981254058505,0.028282552840315833,10.026959555631516,0.9936853401732029,-0.0952488159738437,0.05930520871261334,7.296440060183767,-0.06171431220835328,-0.02254671249343887,0.9978391600976522,6.071211769763633,60.81693350652833,31.219654455652048,24.38273810217646,13.134375227934138,4.2574352851528925,18660.0,46295.10615552839, 0.0, 0.0,0.0,NaN, 49.46612078243148,49.46612078243148,0.0, 53.591005561242795, 4.388389456960492, 1.1339604865770934, 4.388389456960492, 100.07840717975665, 1.699875587169935, 1.1339604865770934, 1.699875587169935, 36.96815509444171, 6.181301100684643, 4.0649580945387465, 8.0, 0.0
21, 0 ,1.0,1.0,1.0,8.513028846153846,19.16173076923077,55.21033653846154,5.364244467835691,10.353144119458568,9.616334204913404,21.0,42.0,45.0,0.004799631468263725,0.948191310462432,0.3176636622298885,10.442050504095796,-0.05888845449192581,0.3173840245174824,-0.9464668673063199,9.531154661991211,-0.9982530307819361,-0.014164029956970779,0.0573608471874047,5.343900026075407,44.68498300506647,44.359877866947016,21.831754694987698,14.362925780467936,4.7056305033808234,20800.0,43275.349275129585, 0.0, 0.0,7.105427357601002E-15,71.4783082264494, 59.05780936419936,59.05780936419936,0.0, 28.77511871070582, -0.7978763960798668, 3.5942547499075763, -0.7978763960798668, 107.18759315827953, 5.530597494452648, 3.5942547499075763, 5.530597494452648, 92.4738835405875, 5.510582305992452, 3.77714792498154, 11.0, 0.0
22, 0 ,1.0,1.0,1.0,101.07079861618672,18.625566437655312,103.14476441066121,9.803492744440984,9.961339695026991,10.735044861387173,45.0,41.0,52.0,-0.56665112063611,0.2696808248985642,0.7785748263101435,11.715693695350417,-0.03417394412141906,-0.9517998473961046,0.3048100917619657,9.834036477654026,0.8232488378522177,0.14611400746944708,0.5485545075889829,8.752839223870103,59.49644649401241,48.301596644596145,46.34406989343347,16.852189503764617,5.155740064743894,41046.0,133182.3534695112, 0.0, 0.0,-1.4210854715202004E-14,38.86972757925709, 139.69550913550842,139.69550913550842,0.0, 96.108469990307, -8.613845345900378, -26.96483665588305, -8.613845345900378, 99.22828851972044, 6.9032520642072255, -26.96483665588305, 6.9032520642072255, 115.24118817599515, 5.386775035683578, 3.3785600147208736, 19.0, 0.0
23, 0 ,1.0,1.0,1.0,121.99825607332603,10.075881088534697,144.37709372591962,9.32369531672173,6.5176548119715925,10.196563063416018,42.0,26.0,47.0,0.02846330188956874,0.11166360328190278,0.9933383512920686,10.232501384635013,0.9765325133514721,0.2091244526614253,-0.051489937526829774,9.443689935507685,0.21348089097856235,-0.9714927704317521,0.10309076673416512,6.2843975629115345,47.60429543031927,42.62591033696543,29.772248483881462,14.560980744894591,4.621564308769869,24657.0,60413.144851915116, 1.4210854715202004E-14, 0.0,0.0,88.36895264537974, 96.33121580094294,96.33121580094294,0.0, 86.93129435905874, 10.354717235949668, -0.6547343541303214, 10.354717235949668, 42.479824248016456, 6.698075906996194, -0.6547343541303214, 6.698075906996194, 103.96989830621987, 5.888930365570745, 3.7221586932219357, 9.0, 0.0
24, 0 ,1.0,1.0,1.0,57.492649695231265,149.86070276084618,20.910259693694616,8.773939001099233,10.267247165019254,11.249708801192877,41.0,49.0,46.0,-0.3752306695152076,0.20425729211129923,0.9041465054262654,11.835749813980325,0.2619810517648367,0.9590189470242049,-0.10792862347299484,10.276735688645351,-0.8891388379614056,0.19637112279544833,-0.4133648617876173,7.9534928164191,54.06212669074881,45.777974749162695,44.43164916802786,16.796074597893494,5.181331504181722,39046.0,109961.87446307224, 0.0, 0.0,0.0,NaN, 79.09862740321442,79.09862740321442,0.0, 76.98200559501022, 4.752740913086175, -27.26212045966057, 4.752740913086175, 105.41636434759592, 9.804484517594792, -27.26212045966057, 9.804484517594792, 126.55594811163647, 5.44963497339348, 3.652482843977054, 12.0, 0.0
25, 0 ,1.0,1.0,1.0,139.6707303857824,36.3318433029909,35.29470091027308,8.741541916612373,8.989594252043117,11.192277436562943,39.0,45.0,57.0,0.21612662406084027,0.4091846854362639,0.886485857516345,11.806557948249909,-0.8207382677058919,-0.41564700768845103,0.39195186046601255,8.709433528760954,-0.5288458927657436,0.8122840994406216,-0.24600114532404455,8.200328721213872,58.477460004647995,41.75017394485799,41.4686531666766,16.093358601389383,4.847498637477089,36912.0,101243.39973035354, 0.0, 0.0,0.0,NaN, 78.77397744384673,78.77397744384673,0.0, 76.41455507989112, 9.317382518003637, 11.053960632408394, 9.317382518003637, 80.81280481636665, 24.768725849318987, 11.053960632408394, 24.768725849318987, 125.26707421699598, 5.4753342477663685, 3.52616185448873, 16.0, 0.0
26, 0 ,1.0,1.0,1.0,70.86247313928502,62.87712443836687,46.9177573744872,9.001139888233041,10.189023621163944,9.425862857221876,42.0,49.0,51.0,0.4204270262041821,0.8873264975561435,0.18945395844862978,10.525216624286218,0.049541031169227194,-0.23094293966188484,0.9717052252874928,9.39752883860463,-0.9059728483060614,0.3991453937540485,0.1410537230176082,8.636543231106703,52.1553603428504,49.21092488886107,46.480944448287154,15.872152173719442,4.664589758769704,35833.0,119298.62046116794, 0.0, 0.0,0.0,NaN, 105.71801565535087,105.71801565535087,0.0, 81.02051928753993, 13.343997690181435, 3.543262030571623, 13.343997690181435, 103.8162023526368, 3.0041549889729544, 3.543262030571623, 3.0041549889729544, 88.84689060315495, 5.587651291098785, 3.574283508377204, 23.0, 0.0
27, 0 ,1.0,1.0,1.0,92.18172043010753,126.70615292712067,77.16795101553166,8.966405528607803,8.18426370642361,10.291075304704895,43.0,39.0,48.0,-0.10300316255788898,-0.10440761327810084,0.9891862305919161,10.32426685780452,0.9879977834728683,0.10434888203478915,0.11389333022960191,8.961128439602076,-0.11511180806404098,0.9890451764745939,0.09240622563749266,8.148160674939604,46.86853789594548,42.673513557013294,39.44824518216839,15.337728000614492,4.2472262979499025,33480.0,78898.27292402711, 0.0, 0.0,0.0,NaN, 140.79897110466618,140.79897110466618,0.0, 80.39642810344857, 1.8663012422758931, -2.530579867935906, 1.8663012422758931, 66.98217241628275, -3.9862812995578873, -2.530579867935906, -3.9862812995578873, 105.90623092710695, 5.759150457091122, 3.6247233359195583, 19.0, 0.0
28, 0 ,1.0,1.0,1.0,67.54289633385984,190.36075317981545,72.62856430293458,10.131889077641427,5.605145697524679,10.18560983496588,51.0,23.0,46.0,-0.6882879966525963,0.04083329679189199,0.7242874260520202,10.725169346578303,0.7253122985716155,0.0201834790817573,0.68812404166176,9.567487059045867,-0.013479733109910413,-0.9989620959001702,0.04350893873704647,5.590475484649738,46.33020005312619,47.3846050325413,23.645311759276808,14.686458068431026,4.703980408812064,24058.0,51909.45687950174, 0.0, 0.0,0.0,NaN, 99.64871437772028,99.64871437772028,0.0, 102.65517628162964, -1.472017511080279, -11.676061117326045, -1.472017511080279, 31.417658290479427, 3.314934342623296, -11.676061117326045, 3.314934342623296, 103.74664771015367, 5.371773243538855, 3.663004232523642, 15.0, 0.0
29, 0 ,1.0,1.0,1.0,125.95935794354129,74.81105111802336,165.644990903222,9.010415670194048,9.046914194332006,9.37132203800771,44.0,43.0,44.0,-0.48838463485829986,-0.35475086406915335,0.7972654971065253,9.754072956766223,0.4947196578580757,-0.8651830923094057,-0.0819187213689468,8.98719350414242,0.718841365367293,0.3544150691267571,0.5980443547202521,8.657039759785993,48.14805773528927,43.30885887175255,45.12242375920505,15.289103659514865,4.135121886708338,34078.0,94090.96728922108, 0.0, 1.4210854715202004E-14,0.0,69.2218238084249, 110.72026325635179,110.72026325635179,0.0, 81.18759054967846, 1.0059658958407824, -8.100466212777665, 1.0059658958407824, 81.84665643960594, -5.299633299317795, -8.100466212777665, -5.299633299317795, 87.82167674004897, 5.6022033594936556, 3.635798662003546, 18.0, 0.0
30, 0 ,1.0,1.0,1.0,44.53511613859755,56.68126407116578,171.59403657130306,9.049313926764299,11.48305471883481,8.026443421036715,44.0,53.0,40.0,0.23451192261158774,-0.9685673452103934,0.08295454143750278,11.632864275488435,0.9472545639231179,0.24685601981557076,0.20437929593683993,8.922251563348247,-0.2184329400064021,0.030649686342672733,0.9753705180326374,7.952629628015055,50.68871569383585,45.85513008548914,37.58550947150408,16.001866198143073,4.70262696678035,36422.0,87361.41483449085, 0.0, -7.105427357601002E-15,0.0,14.403643385642289, 77.47929416622269,77.47929416622269,0.0, 81.8900825451303, -12.546039117759069, 4.569936500612357, -12.546039117759069, 131.8605456757544, -4.965840136284419, 4.569936500612357, -4.965840136284419, 64.42379399110357, 5.4696877617156785, 3.527934305694723, 21.0, 0.0
31, 0 ,1.0,1.0,1.0,188.19281574688037,183.84957970030806,185.9176108181486,6.7087017706045655,9.771486182171063,7.793368608021052,27.0,47.0,29.0,0.1404527500598464,-0.89253538472118,0.42854826101763716,10.365470251440682,0.24061635301179493,-0.3890918443983463,-0.8892194933119696,7.103008926404971,-0.9604044958578286,-0.2280090428981,-0.16010958963398406,6.582515216364515,54.467185325600084,38.214158819973335,31.403897543553995,13.443229005246907,4.5282236945893395,19153.0,65364.627270020115, 0.0, 0.0,-2.8421709430404007E-14,64.62453563187142, 24.465472832400827,24.465472832400827,0.0, 45.00667944691283, -8.704093240392517, 2.3349482195257476, -8.704093240392517, 95.48194220836004, -22.058495443685832, 2.3349482195257476, -22.058495443685832, 60.736594260488, 6.1204620083010255, 3.831780740342264, 7.0, 0.0
32, 0 ,1.0,1.0,1.0,87.8236777295649,75.72270435088542,97.50829717368359,10.506211755624086,8.617058897929727,9.325585087903809,48.0,43.0,45.0,0.8684490019827897,0.21289503693594747,0.4477410347546204,10.993202308325216,-0.47599027706919445,0.10543899619589404,0.8731070233463905,8.876274774510279,-0.13867078672412722,0.9713693022374362,-0.19290435863418934,8.483040485095135,50.05413128020356,47.774092187826355,42.531628536174395,15.81713652921998,4.6280577732079,34108.0,101705.48701572958, 0.0, 0.0,0.0,NaN, 151.50839693518466,151.50839693518466,0.0, 110.38048545401374, 8.696327664073669, 16.172889034904784, 8.696327664073669, 74.25370405038989, 5.288567921563843, 16.172889034904784, 5.288567921563843, 86.9665372317339, 5.854617712434486, 3.5918138730576326, 22.0, 0.0
33, 0 ,1.0,1.0,1.0,142.81487116097748,71.14186555101264,115.77867579474501,9.373110894284777,9.629231591161663,8.070034901766721,47.0,42.0,36.0,0.5323030975682743,0.810856098639984,-0.24324020970547838,10.11928290831072,-0.8360281018680417,0.4583483784678841,-0.3016185949884071,9.09110145294908,0.13308052151287914,-0.3639081632145751,-0.9218787466579618,7.788116587614521,46.52770838000586,42.047374274600045,39.94998222549334,15.092224363272237,4.234092105417718,31551.0,78156.86556384689, 0.0, 0.0,1.4210854715202004E-14,75.92214058702102, 124.19555324286226,124.19555324286226,0.0, 87.85520783655997, 9.590397663575347, 0.14082740062456275, 9.590397663575347, 92.72210103622578, -11.274012007774013, 0.14082740062456275, -11.274012007774013, 65.12546331573301, 5.587862144922712, 3.5760925814100877, 19.0, 0.0
34, 0 ,1.0,1.0,1.0,146.33923816139864,106.14999421095288,84.10397128632627,9.422474740772207,9.056508194960578,9.596123050802731,43.0,48.0,45.0,-0.8186471999909258,-0.5611417748634145,0.1222156718680316,9.78555339436072,-0.005723317917567407,-0.20482711771795778,-0.9787814339674454,9.61882359042768,0.5742682348685428,-0.8019761594651623,0.16446955362764643,8.63771532492089,47.13871964573747,43.624063657264,41.90971869294689,15.593662441432395,4.441468247635479,34548.0,86182.41237450579, 0.0, 0.0,0.0,NaN, 136.9699928226415,136.9699928226415,0.0, 88.78303024049026, 9.735413565116213, -2.015443541613268, 9.735413565116213, 82.0203406853881, 2.140680236026885, -2.015443541613268, 2.140680236026885, 92.08557760614752, 5.33356665268832, 3.4333752930002035, 20.0, 0.0
35, 0 ,1.0,1.0,1.0,9.063724910288261,98.52770219645885,112.87448243227257,6.068470536810361,9.692354118024468,10.823808741064818,25.0,50.0,58.0,0.015269024433264486,-0.006044397645056199,0.9998651519829886,10.82469477118978,0.03821301733561322,-0.9992476595065428,-0.006624218958106248,9.696647695166346,0.9991529523546259,0.038309009747123896,-0.015026562255893897,6.060025185993396,57.97404562207818,49.59350123988723,26.08598483094124,14.94610390940016,4.953471166554769,25359.0,75000.7515640255, 0.0, 0.0,0.0,NaN, 131.83593979187862,131.83593979187862,0.0, 36.82633465613544, -2.1954243759405996, 1.2137243735733836, -2.1954243759405996, 93.94172834918587, -0.10691761933320656, 1.2137243735733836, -0.10691761933320656, 117.15483566315118, 5.5321318645834845, 3.5243032873485034, 16.0, 0.0
36, 0 ,1.0,1.0,1.0,101.44076126738472,97.09386873017533,171.74850988183624,9.245275278969732,8.423611954913305,8.784142490160413,41.0,41.0,46.0,-0.8749645125712617,-0.33412318575853994,0.3504265949945845,9.506378325350186,-0.23831808286605158,-0.3328180584304317,-0.9123796530839821,8.70244383596064,-0.4214754952781765,0.8818128127449509,-0.21157639319842356,8.21521485145651,44.9067090594079,46.053491553145875,40.378171346596396,14.689688821165028,4.219781389558886,28689.0,83506.53007973738, 0.0, 0.0,0.0,NaN, 141.20654934684111,141.20654934684111,0.0, 85.47511498392886, 7.343094214051813, -5.2234273573780685, 7.343094214051813, 70.95723836695836, -0.17612106074788045, -5.2234273573780685, -0.17612106074788045, 77.16115928744156, 5.352993901903264, 3.5263958944917926, 15.0, 0.0
37, 0 ,1.0,1.0,1.0,116.80143386745918,38.34268819510402,158.02959649499064,9.222157921258018,8.41694005104254,9.661118802372979,45.0,38.0,47.0,-0.6107943731766482,-0.1343049208758328,0.780315591234907,10.129872345152974,0.5998987610814114,0.5647083523777114,0.5667679888700838,9.05541604989321,0.5167704617610556,-0.8142890549328217,0.26435132847761295,8.038371694271932,51.05530946212923,43.92564563749238,41.30794447739853,15.19334648093996,4.288649644250395,32639.0,92638.74249697622, 0.0, 0.0,0.0,NaN, 100.76545993003276,100.76545993003276,0.0, 85.04819672462203, 9.00667796784428, -12.199736055515356, 9.00667796784428, 70.84487982284399, 1.5819713595248586, -12.199736055515356, 1.5819713595248586, 93.33721651356468, 5.293737453224466, 3.406738354413536, 14.0, 0.0
38, 0 ,1.0,1.0,1.0,180.9328670639807,160.24848544550068,8.09988671624883,10.234591343184556,9.323080717249976,5.4249611886097755,44.0,48.0,21.0,-0.9833067966348299,0.17920625670083912,-0.03150970090341459,10.270443163248647,-0.17672162130750474,-0.9818297456889865,-0.06913623538165985,9.302428435293086,-0.04332680756987094,-0.062413684713965564,0.9971094823068473,5.392561576560695,46.62710242488092,44.52321468970965,22.58934553339794,14.090978225564642,4.747760584415177,20303.0,46895.22136060818, 0.0, 0.0,0.0,NaN, 44.82573627496227,44.82573627496227,0.0, 104.74685996198825, -3.4940803988466187, 3.0692087668937655, -3.4940803988466187, 86.91983406035834, 3.4686534756697602, 3.0692087668937655, 3.4686534756697602, 29.430203897922386, 5.808494468594117, 3.6002320856816876, 12.0, 0.0
39, 0 ,1.0,1.0,1.0,55.45293895018778,82.39375236542548,71.89958950770037,10.35112848403359,8.669759828704953,9.172569733937053,52.0,43.0,46.0,0.870564557015636,-0.15877549495507304,0.4657335013394899,10.915700712499262,-0.22257748155996945,0.7170687385572418,0.6605086592061811,8.975599677178073,0.4388355235969285,0.6786772181130712,-0.5889147789313083,8.169009749934176,53.50437747749454,40.6247007652929,42.19240686940664,15.659241848446698,4.6081207271738664,34349.0,91709.38707697424, 0.0, 0.0,0.0,NaN, 122.61039857387352,122.61039857387352,1.9073486328125E-6, 107.1458608929715, -9.452793365201014, 19.22065231707468, -9.452793365201014, 75.16473548742613, 2.6733835601721383, 19.22065231707468, 2.6733835601721383, 84.13603552393806, 5.231175249896718, 3.3385887322512673, 21.0, 0.0
40, 0 ,1.0,1.0,1.0,154.66438256728898,180.14198194012948,136.63200836212653,9.467261225205343,10.551932251781068,8.751571095031082,47.0,49.0,43.0,-0.02051780180626849,0.9280396063740004,0.37191599698080935,10.86496316585023,0.9938714798948033,-0.021482258701045028,0.10843428430535504,9.479211443179102,0.10862090618638698,0.37186153547025025,-0.9219113282615397,8.346222606907734,53.82283062482193,47.447471304891934,42.40883359117768,15.926510104604036,4.8896402599568844,34441.0,108301.8646198327, 0.0, 0.0,0.0,NaN, 80.40622770338675,80.40622770338675,0.0, 89.62903510627656, -1.3525690529904058, 1.8072757660294696, -1.3525690529904058, 111.34327424617749, 16.654205136587095, 1.8072757660294696, 16.654205136587095, 76.58999663138353, 5.336787602911393, 3.4903922759495525, 17.0, 0.0
41, 0 ,1.0,1.0,1.0,133.66217629328904,137.20169773020854,18.116226856123514,9.2720353013608,8.412676227596428,9.774985459661766,47.0,39.0,38.0,0.403229202218954,0.12798357107149944,0.9061050800065368,9.864124527396388,-0.8203830884097569,-0.38813866462978003,0.41990470975053484,9.371545019864692,-0.4054353200316117,0.9126711250802219,0.051513286787649964,8.195565381675154,47.08145292365066,52.97230213674794,41.007257038921686,15.263963877434355,4.393803298403045,32514.0,102272.63007070092, 0.0, 0.0,0.0,NaN, 93.12642641921406,93.12642641921406,0.0, 85.97063862968085, 8.133248688829802, 3.893357808564321, 8.133248688829802, 70.77312131036607, 0.12753842275763472, 3.893357808564321, 0.12753842275763472, 95.55034073659895, 5.3350744348372485, 3.3920899264735973, 13.0, 0.0
42, 0 ,1.0,1.0,1.0,15.904077657502315,152.78328064629434,56.91008078679312,9.372624241399892,8.357588596732382,9.27737225190585,38.0,41.0,44.0,-0.8452696726520624,0.3548347780022535,-0.39951403081089265,9.47004224197573,0.47535517927132287,0.15787197196816075,-0.8655136590527116,9.364747248762589,-0.2440422791948228,-0.9215035110008951,-0.302116939575424,8.147687839205028,53.68880673563285,47.78514083674905,38.56147159622736,15.027262495422109,4.23631799052602,31317.0,98930.5039135488, 0.0, 0.0,0.0,NaN, 75.63805634613958,75.63805634613958,0.0, 87.84608517047691, -5.3879689925130405, -0.9017184697280706, -5.3879689925130405, 69.84928715223114, -6.214908251110676, -0.9017184697280706, -6.214908251110676, 86.06963590043263, 5.648934265441219, 3.6661768104868915, 18.0, 0.0
43, 0 ,1.0,1.0,1.0,117.82093348139126,89.43503958161693,63.21019450514024,8.334320395808499,8.731267605778209,8.681941016782188,39.0,42.0,39.0,-0.4059622703531655,-0.7165878409775992,0.5671829521528006,9.296906837859941,-0.5175023169041403,-0.3312824772169525,-0.7889507413570545,8.407558512472358,-0.7532502818111323,0.6138027260057276,0.23634768139202852,7.997031536144719,49.46228930047265,41.46528107788731,40.46911150450096,14.337254177714495,3.9389304292130927,27917.0,83000.84170084145, 0.0, 0.0,0.0,NaN, 136.92170743973713,136.92170743973713,0.0, 69.46089645998954, 7.694156351631704, -2.426522823684637, 7.694156351631704, 76.23503400371195, -7.376502212448181, -2.426522823684637, -7.376502212448181, 75.37609981888492, 5.293531525288552, 3.386752148212687, 15.0, 0.0
44, 0 ,1.0,1.0,1.0,186.830114423147,25.05611835872021,177.16088477516217,8.232381242373458,9.180743024379083,9.562464985443135,33.0,48.0,49.0,0.0194786001117567,0.5824284111788267,-0.8126485894834217,9.9835461021644,-0.5747419528294508,0.6716053284323501,0.46756600654780833,9.174079933100069,-0.8181028491549678,-0.45795570601640434,-0.34782797404973176,7.72424395033859,49.7405424748395,54.48096087975054,40.80923542730628,14.876509400391752,4.710450939916164,27442.0,110589.45918768946, 0.0, 0.0,-2.8421709430404007E-14,35.644481126685186, 36.37141924048353,36.37141924048353,0.0, 67.77210091978236, -9.003038270229789, -7.217110822031472, -9.003038270229789, 84.28604247968521, -11.242393504619086, -7.217110822031472, -11.242393504619086, 91.44073659782597, 5.419760564391419, 3.5372805312443565, 8.0, 0.0
45, 0 ,1.0,1.0,1.0,182.0459185326809,94.18561845814835,79.95353057454875,9.436785255291017,8.494405410572607,9.506899196837812,38.0,43.0,43.0,0.6675025454398344,-0.2338541692058029,0.706931806736976,10.620271218903797,0.589465598824731,0.746024895226264,-0.30980181326913375,8.466370368385482,-0.45494028139256126,0.6235054797254833,0.6358225044135757,8.192642039948193,54.52496991293714,50.686574741444815,47.46073791312269,15.204006800920201,4.5196403363586946,30859.0,131166.4802315905, 0.0, 0.0,0.0,NaN, 124.8432890347508,124.8432890347508,0.0, 89.05291595447794, -5.123821943523649, 20.71832681473359, -5.123821943523649, 72.15492327916519, -8.604161610260025, 20.71832681473359, -8.604161610260025, 90.38113233883546, 5.506283000100474, 3.384750526320295, 13.0, 0.0
46, 0 ,1.0,1.0,1.0,29.252854991099547,150.14659728878544,125.92433246610982,9.981870996603027,8.805747106810184,10.644914172669209,58.0,41.0,49.0,-0.4916610714362415,0.3976479580147474,0.7746905784381714,11.469817136545347,0.8313246036616916,-0.05043786423810035,0.5534938348327202,9.571521097852335,-0.25916943141678317,-0.9161507099477686,0.3057761967212307,8.205023288997584,55.66409196771423,52.04084599196905,41.18185878944277,16.274657039685138,5.062476339306447,36515.0,119295.87364431028, 0.0, 0.0,0.0,NaN, 93.95901131668141,93.95901131668141,0.0, 99.6377485928247, -13.57687341551023, -13.288521474999023, -13.57687341551023, 77.54118210909593, 19.109490573980445, -13.288521474999023, 19.109490573980445, 113.31419774349379, 5.486445396110225, 3.3453991132579204, 23.0, 0.0
47, 0 ,1.0,1.0,1.0,17.045836608816593,134.24547983310154,12.405182318437443,9.799496403416311,10.593507861783934,8.08334979972531,41.0,50.0,32.0,-0.308846322068549,0.9052986996001207,-0.29163026908580736,11.056141016483107,-0.9285020570165624,-0.22052264321475937,0.2987535672516529,9.751444716799522,-0.20615013815358485,-0.3630482451849977,-0.9086793120828447,7.500943562099972,57.18726733968785,49.962046512161486,37.83591310573174,15.78892873804524,4.9297882173446235,33074.0,108104.50269665133, 0.0, 0.0,0.0,NaN, 69.05147367310275,69.05147367310275,0.0, 96.03012976056921, -10.496285524187853, -4.827999528171723, -10.496285524187853, 112.22240881767802, -19.975953172988113, -4.827999528171723, -19.975953172988113, 65.34054398471922, 5.642848975662237, 3.4950855103381495, 12.0, 0.0
48, 0 ,1.0,1.0,1.0,179.60428671605843,81.62529345406872,17.878380438428,9.933203290798012,8.876503048362288,9.366031616179901,45.0,44.0,42.0,-0.7468624043168297,0.4968776628835925,0.4419379335895748,10.693741956574204,0.5575829565956175,0.10579512236226622,0.8233520745091026,9.16227226324034,-0.3623503767518043,-0.8613477696097509,0.3560649157894293,8.178021286328878,54.25280413597292,44.91307638789313,43.43471211787292,15.588245809201782,4.710623611698367,32799.0,105835.6402412838, 0.0, 0.0,0.0,NaN, 86.01342999162834,86.01342999162834,0.0, 98.66852761632047, -16.61155267720457, -7.834949245088368, -16.61155267720457, 78.792306367585, 11.911896569660612, -7.834949245088368, 11.911896569660612, 87.72254823528148, 4.629072915660328, 3.2293764443468778, 15.0, 0.0
49, 0 ,1.0,1.0,1.0,150.29432933065647,112.73313383082693,35.881131861055344,9.606487205421413,8.781225750024696,7.374596487300471,44.0,42.0,35.0,0.9834975154766513,-0.18081272794631775,0.006276500925298396,9.634183255950585,0.1807445544241162,0.983478003854439,0.010120374524498927,8.751046968361981,0.00800269312681607,0.008818919837452272,-0.9999290892636429,7.374339658546417,45.25339316021186,41.73819346985144,35.18745322709827,14.376687577226752,4.134011339863202,26399.0,66461.88145646037, 0.0, 0.0,0.0,NaN, 106.64715303892572,106.64715303892572,0.0, 92.28459642792531, -2.8889143477224613, 0.2778743679533338, -2.8889143477224613, 77.1099256728968, 0.177339064401499, 0.2778743679533338, 0.177339064401499, 54.384673350504436, 5.724627080243746, 3.633843301804794, 11.0, 0.0
