// Sample: .//bubblelabels.tif, Map: .//bubblelabels.tif, Thickness:(8.191250068658265):/gpfs/home/mader/Foam/NewValid/InSilicoTest/LatticeData_OldFoam/out_Step_07000.vtk/distmap.tif, Neighbors:(1.0):
//LACUNA_NUMBER, TRIANGLES, SCALE_X, SCALE_Y, SCALE_Z, POS_X, POS_Y, POS_Z , STD_X, STD_Y, STD_Z,PROJ_X, PROJ_Y, PROJ_Z, PCA1_X, PCA1_Y, PCA1_Z, PCA1_S, PCA2_X, PCA2_Y, PCA2_Z, PCA2_S, PCA3_X, PCA3_Y, PCA3_Z, PCA3_S,PROJ_PCA1, PROJ_PCA2, PROJ_PCA3,OBJ_RADIUS, OBJ_RADIUS_STD, VOLUME, VOLUME_BOX, Mask_Grad_X,Mask_Grad_Y,Mask_Grad_Z,Mask_Angle, Mask_Distance_Mean,Mask_Distance_COV, Mask_Distance_STD, SHAPET_XX, SHAPET_XY, SHAPET_XZ, SHAPET_YX, SHAPET_YY, SHAPET_YZ, SHAPET_ZX, SHAPET_ZY, SHAPET_ZZ, Thickness, Thickness_STD, Neighbors, Neighbors_STD
1, 0 ,1.0,1.0,1.0,78.98472936255058,135.78856070527982,39.51395507946127,18.055060229368983,17.344984207347387,19.097291441575834,98.0,91.0,87.0,0.38584561963866,-0.3554035349239507,0.8513586113790234,19.521390922652383,0.80991479948012,-0.3114012051233996,-0.49705865552344225,18.048992576389118,-0.4417705008131892,-0.8813158439579171,-0.16769379177539367,16.87274076331979,95.5742314348729,91.81001745131633,87.9292323255178,30.29490322067167,8.588309280290366,255785.0,771550.160200412, 0.0, 0.0,0.0,NaN, 161.98294149974097,161.98294149974097,0.0, 325.9851998861416, -23.578680852611235, 15.128707737124394, -23.578680852611235, 300.8484771531303, -22.808846364866362, 15.128707737124394, -22.808846364866362, 364.70654040448557, 7.881294233862434, 6.217654822448661, 42.0, 0.0
2, 0 ,1.0,1.0,1.0,56.96860190411521,262.342224391348,13.657570484799615,19.868576034897707,21.147569668991736,9.120860838585925,110.0,95.0,38.0,0.5430714654738663,0.8378446255077422,-0.05558567167768014,22.022152486683076,0.8370315278720495,-0.545426913805104,-0.04344770471753332,18.9413641027861,0.06672034724317354,0.02293175101973609,0.9975081603971565,9.02328348081706,106.12504112051866,100.99004236091517,41.79594708039971,28.569360589383994,10.438474721427992,141378.0,447951.0887903282, 0.0, 0.0,-1.7763568394002505E-15,86.81353326610633, 69.64236424941656,69.64236424941656,0.0, 394.7603136545115, 56.997808245082304, -22.268747928377415, 56.997808245082304, 447.2197029048593, -12.221804189945074, -22.268747928377415, -12.221804189945074, 83.19010243685035, 7.724085355281314, 5.9523153998600895, 23.0, 0.0
3, 0 ,1.0,1.0,1.0,260.81395274940024,140.19422951653135,127.10392801724366,18.154324879167827,16.66668450862841,15.227123995096937,89.0,89.0,75.0,-0.94923972651541,-0.2572331043308315,0.1810388677640055,18.298476120725905,0.3073106247462434,-0.8811844161575323,0.35926898647000133,16.87258731476213,0.06711275231297596,0.3966675620181617,0.9155057202003407,14.822441042403758,99.24033073794416,86.47200649854645,79.26204524841279,27.756870960750636,8.293328882824886,188823.0,680188.0754918099, 0.0, 0.0,-1.4210854715202004E-14,79.56972324545663, 193.24951954991442,193.24951954991442,0.0, 329.57951181837194, 10.515579579371927, -12.610720138723314, 10.515579579371927, 277.77837251015427, -25.93282364983127, -12.610720138723314, -25.93282364983127, 231.8653051620569, 6.717599472856015, 5.581296601282151, 42.0, 0.0
4, 0 ,1.0,1.0,1.0,77.97864302298302,16.77761238704667,261.6861333354906,16.951574849993413,10.68057380992392,18.1762682912131,81.0,45.0,80.0,-0.5451447339565699,0.14036703740885692,0.8265072981217291,19.061649900852718,0.8223377033379126,-0.10218550782599925,0.5597488933970922,16.156496074657678,-0.16302736183949995,-0.9848122749028885,0.05972321568912497,10.364767891526233,109.06951791427821,91.57610774882684,48.33584256656888,25.599990149106464,8.743442123324051,123613.0,482786.2223183394, 0.0, 0.0,0.0,NaN, 88.48790552330644,88.48790552330644,0.0, 287.35588989492925, -32.49043468970212, -44.60371164840527, -32.49043468970212, 114.07465690923279, 20.90430460706442, -44.60371164840527, 20.90430460706442, 330.3767289941587, 7.501683420964949, 5.842220038791837, 20.0, 0.0
5, 0 ,1.0,1.0,1.0,188.26636920697246,113.1900767446011,236.30542566482242,15.946180376531526,14.989839509616461,16.25975907924094,81.0,89.0,83.0,0.26630449752590407,0.1771827118052964,-0.9474640896808684,16.28116462440222,-0.8850958664249566,-0.3442911415925376,-0.3131595712386303,16.124458302097416,0.3816899551140051,-0.9219923516267514,-0.06513740635641166,14.77434416063642,82.95014389046653,83.85921152084546,84.69100453482865,26.250772366139287,7.365641358435032,168090.0,589121.947529848, 0.0, 0.0,0.0,NaN, 171.3283295995754,171.3283295995754,0.0, 254.2806686008791, 14.920426580029867, -0.24411403841253212, 14.920426580029867, 224.69528852405864, -3.3578520434951336, -0.24411403841253212, -3.3578520434951336, 264.3797653149582, 7.01562927153678, 5.682428002137824, 39.0, 0.0
6, 0 ,1.0,1.0,1.0,275.02158018525506,206.250628647754,208.2713493423154,15.228282895583366,16.443743643448677,17.40992243299812,61.0,90.0,86.0,-0.3337902447799108,0.2984495333175371,0.8941543203230141,17.915837312143893,-0.210307463464197,-0.9482257021330779,0.23798905148238894,16.311612106691122,0.9188878295532174,-0.10860890330344118,0.3792746535456871,14.776900485826761,93.09917950407913,94.57771453514323,74.27105571808949,27.156656984794424,8.24127936018227,172195.0,653964.6388413683, 0.0, 2.8421709430404007E-14,0.0,72.63549771957649, 133.51783190593872,133.51783190593872,0.0, 231.90059994791687, -0.7083442379572699, -33.01611739107469, -0.7083442379572699, 270.3967050114588, 16.61826636333104, -33.01611739107469, 16.61826636333104, 303.1053991230111, 7.748707282428608, 5.966247483128347, 34.0, 0.0
7, 0 ,1.0,1.0,1.0,264.0447702709442,280.0576299684385,27.18126830102379,18.561682717754383,11.690379675647701,16.099946053083002,80.0,51.0,69.0,0.9814424979615471,-0.10172706767202105,-0.16254915225202132,18.692493711732066,-0.15741864705464453,0.05663158944136565,-0.9859068072778634,16.02990707344024,0.10949882535663966,0.9931991073194719,0.039566911243100834,11.57765361553407,84.87033773617787,74.94904552397765,56.39310293370164,25.91686103905337,8.29009162011361,140361.0,358713.75359416835, 0.0, 0.0,0.0,NaN, 49.287909407857235,49.287909407857235,0.0, 344.5360653145817, -22.597887922725462, -15.281553209250694, -22.597887922725462, 136.66497696079685, -3.3015814883548718, -15.281553209250694, -3.3015814883548718, 259.20826291218293, 7.063643214725512, 5.717245352000215, 17.0, 0.0
8, 0 ,1.0,1.0,1.0,278.0509767441861,208.7459534883721,285.324146179402,13.349127637434115,17.5856836944477,8.813148909793084,53.0,89.0,39.0,0.2386385094456507,0.968212562799733,-0.07494061012782749,17.86549279858162,0.9711039453138279,-0.23769017550081414,0.021459447017816716,13.026391767646103,-0.0029646594199639886,0.07789617260921844,0.9969570688286223,8.732946694414657,92.09574709622106,61.449860214362246,41.58397445027924,22.33314654701688,8.146019807081064,75250.0,235334.97174728708, 0.0, -2.8421709430404007E-14,0.0,14.485136003776208, 94.99705949130303,94.99705949130303,0.0, 178.19920868050733, 34.56141558031361, -2.3972946809858127, 34.56141558031361, 309.25627100116367, -18.101797973266567, -2.3972946809858127, -18.101797973266567, 77.67159370618701, 6.895581028291157, 5.585290516753248, 12.0, 0.0
9, 0 ,1.0,1.0,1.0,155.7754588588893,176.38711311483715,14.614634516995086,17.245496713056205,17.424486184306694,9.59537460568562,82.0,81.0,41.0,-0.6564195711822209,-0.7543742398785026,-0.005731734177451568,17.998984368148758,-0.74869864082198,0.6505113308792564,0.12761408084148992,16.738530171807824,-0.09254021720457253,0.08805972181099486,-0.9918073369330864,9.431291475359,85.71185323453409,87.44511404121575,44.59099867857474,25.062913941609747,8.058624835914362,118446.0,334213.22637347033, 0.0, 0.0,1.7763568394002505E-15,89.67159402414971, 190.511027537813,190.511027537813,NaN, 297.40715688003235, 23.240081221840992, -17.38666717648527, 23.240081221840992, 303.6127187870948, 16.890944211933178, -17.38666717648527, 16.890944211933178, 92.07121382343648, 8.569188530833173, 5.8522863074759535, 18.0, 0.0
10, 0 ,1.0,1.0,1.0,44.141884351390054,256.402029529406,213.5216631277468,17.03358640187084,20.830500982954245,14.567268978242387,84.0,89.0,82.0,0.1939787549247828,-0.9759347399650876,-0.09961739791375984,20.99689057234137,0.9191322713034794,0.21629728801784298,-0.3292587903832397,17.2066627832468,0.3428820649820267,-0.027692354999235662,0.9389701928113896,14.118055976375478,94.270647946818,89.89249914282229,82.30894663949414,29.19454824329539,9.161687359057273,202510.0,697504.4625300132, 0.0, 0.0,-2.8421709430404007E-14,84.28286101872729, 106.43209915921602,106.43209915921602,0.0, 290.1430657099991, -26.493548538187973, -33.94723197199875, -26.493548538187973, 433.9097712008578, 16.59319933067206, -33.94723197199875, 16.59319933067206, 212.205325484463, 7.466747617978801, 5.473356072677432, 32.0, 0.0
11, 0 ,1.0,1.0,1.0,14.344523541424127,168.3041204649121,12.726243868923794,9.042602694620623,17.3375571970857,8.323748669719459,35.0,81.0,33.0,0.04853526444876374,-0.9979170990738793,0.0424946053148126,17.365029252386726,0.9670783343064973,0.03630969625960902,-0.25187517001980525,9.062903390392504,0.2498075727832514,0.05332044010984938,0.9668263066583535,8.244021237951774,81.34726094789593,42.243705222887485,39.17740387234822,19.893167463395752,7.477047093933987,52397.0,134629.61116463106, 0.0, 0.0,0.0,NaN, 133.08466224611377,133.08466224611377,0.0, 81.76866349276014, -10.815618883382536, -2.9703829288282106, -10.815618883382536, 300.59088956221814, -10.034843522554688, -2.9703829288282106, -10.034843522554688, 69.28479191665645, 9.157260284682373, 5.725558046335267, 11.0, 0.0
12, 0 ,1.0,1.0,1.0,22.21240119594628,131.33012804579252,188.84912896192714,14.126470028751717,15.954188716109423,15.718086663988075,61.0,75.0,76.0,-0.4767388365234458,-0.5724051477737537,-0.6671374884927228,16.4288671214361,0.08745866712213994,-0.7860550102893861,0.6119383158000252,15.909785868718966,0.8746834074655181,-0.2333878051678352,-0.4248047423269315,13.346257159098938,86.76288145988633,84.49659765133921,66.34857441788195,25.335216690298463,7.699242605261031,140809.0,486412.5645795451, 0.0, 0.0,0.0,NaN, 173.4805736442448,173.4805736442448,0.0, 199.55715547322052, 19.891068968648607, 33.206160479847554, 19.891068968648607, 254.53613758923322, -1.025422805326197, 33.206160479847554, -1.025422805326197, 247.05824837663974, 6.961794650343683, 5.18492808569956, 25.0, 0.0
13, 0 ,1.0,1.0,1.0,123.11547301330296,234.93363612039215,76.6769966451011,14.332407962326165,14.5562779311276,16.510253352029608,75.0,70.0,79.0,-0.1434221079387152,0.39046773465553064,0.9093761857160071,16.945776217749206,0.8210655578871204,-0.46605674932300933,0.329609550926519,14.407160009047738,-0.5525228036976637,-0.7939307618447898,0.25375676698489197,13.970183241699049,81.38063897365117,70.05754048545751,72.39824953989915,25.242385703919073,7.26041148486162,145757.0,412766.12451098487, 0.0, 0.0,0.0,NaN, 158.96670474761598,158.96670474761598,0.0, 205.41791799855048, -9.89689709271128, -8.642305553309226, -9.89689709271128, 211.88522720823238, 30.760289993263207, -8.642305553309226, 30.760289993263207, 272.58846574820495, 6.565531170913219, 5.1315892523350914, 32.0, 0.0
14, 0 ,1.0,1.0,1.0,191.22251035652542,279.4846364614933,59.76758162899175,16.658223694677098,12.032442626676236,14.583350461271122,76.0,52.0,78.0,-0.9629364346933755,0.018351935196752225,0.26910338016187174,16.81970246200385,0.2679289366830608,0.1801313888735438,0.9464495589466841,14.473664921855496,0.031104784646339277,-0.9834713464138255,0.1783720918615984,11.939884242400554,79.0300356594707,75.16271028125668,57.414638013321195,24.159106089852976,7.161549821205617,122628.0,341049.36150936666, 0.0, 0.0,-7.105427357601002E-15,74.38908027827755, 125.79978620026148,125.79978620026148,1.9073486328125E-6, 277.4964166619015, 0.7499364705589027, -19.395417297262128, 0.7499364705589027, 144.7796755642553, 12.103007663739088, -19.395417297262128, 12.103007663739088, 212.67411067625665, 7.133885353095687, 5.559665599148645, 28.0, 0.0
15, 0 ,1.0,1.0,1.0,173.20149243587827,102.61400551847875,11.667926220929441,14.10661075643662,17.279321016965408,7.490632994275601,70.0,85.0,30.0,-0.2709074813154027,-0.9625817101086858,0.006751883558134407,17.524644649581827,-0.9601206773591036,0.27070520363882483,0.06990692119066383,13.82508075361918,-0.06911889376169272,0.012455684930991279,-0.997530668419803,7.445465503088273,85.44252086971053,68.34698647394818,32.281577656315896,22.210599020745303,7.769831120144652,73571.0,188515.9821517492, 0.0, 0.0,0.0,NaN, 163.53481632769237,163.53481632769237,0.0, 198.99646703361333, 30.361079531256497, -9.568271986231762, 30.361079531256497, 298.57493480734246, 0.9322527738097713, -9.568271986231762, 0.9322527738097713, 56.10958265493026, 7.1384956223292155, 5.188827038719976, 23.0, 0.0
16, 0 ,1.0,1.0,1.0,219.56062781346344,29.554719182744282,262.7240389180285,14.84415426838145,16.86928667021623,16.98283827089707,84.0,71.0,74.0,0.3128629819034521,0.5042249664323052,-0.8049061670659641,17.610909067990868,-0.20894978550509888,0.8632272411816879,0.4595418557859834,16.61053676199821,-0.9265294068144055,-0.024411335649516024,-0.37542954731873884,14.397378050122585,88.94512028500549,92.5554098599074,76.43443577349171,27.018400589357924,7.958930457915986,174829.0,629235.185025479, 0.0, 0.0,0.0,NaN, 93.45304328013978,93.45304328013978,0.0, 220.34891594350722, 3.848399030038058, -32.49215490857807, 3.848399030038058, 284.57283276193493, -14.523008301307991, -32.49215490857807, -14.523008301307991, 288.4167957354461, 7.625602663967278, 5.554891801681261, 34.0, 0.0
17, 0 ,1.0,1.0,1.0,158.5661031605344,254.40251632150114,279.47659648060875,17.356754158157653,14.951882489653956,11.044326753119291,82.0,83.0,49.0,-0.8919916524950432,0.42909091342494277,-0.1422388129003826,18.06684192441495,0.4482340302994736,0.8803417608930598,-0.15519226175681708,14.31155398379181,-0.058627177662345875,0.2021864783902579,0.9775906515487419,10.749953663529206,86.85866722322709,74.96503488286461,52.37411359789763,24.213871024941493,7.77697295278494,115645.0,341026.86639593606, 0.0, 0.0,0.0,NaN, 150.0129587236627,150.0129587236627,0.0, 301.25691490672295, -45.48005997682347, 20.542597243321865, -45.48005997682347, 223.5587899844206, -25.063617878644827, 20.542597243321865, -25.063617878644827, 121.9771534296665, 7.5277306853312655, 5.5256188765341125, 29.0, 0.0
18, 0 ,1.0,1.0,1.0,234.92291997658668,243.1631574546367,10.732669955681914,14.97380031411614,13.698325494227827,7.176638113627405,67.0,66.0,30.0,-0.993857294055895,0.041724148308712634,-0.10250255850370762,15.035586110913894,0.0473704563178358,0.9974553179927144,-0.053281596037405975,13.71283164647632,-0.10001859287219286,0.057809895830781916,0.9933047352267581,7.018001876851925,67.93670161592416,65.84962172955534,33.297976306520226,20.418906471822343,6.814045076292615,59795.0,148962.03002114219, 0.0, -2.8421709430404007E-14,0.0,87.6086882146561, 87.06688933962072,87.06688933962072,0.0, 224.2146958470246, -0.7744126982453803, 17.662511511426302, -0.7744126982453803, 187.64412134581207, -8.132317553100217, 17.662511511426302, -8.132317553100217, 51.50413461396952, 7.106428873502587, 5.130933039632471, 11.0, 0.0
19, 0 ,1.0,1.0,1.0,272.34369418141944,66.00991717298501,238.24070178826352,15.78391117233092,16.200273580117106,13.862305839604382,72.0,82.0,72.0,-0.5769637257965089,0.8143603438572489,-0.06269042564629936,16.61302721703415,0.814719460622513,0.5792527064508911,0.026429198858060957,15.360656162446334,-0.057836490194099414,0.03582642072578509,0.9976830197913598,13.849252979947499,88.16478507045022,79.59958066740444,72.03431959807517,25.429102627347923,7.55678362302586,145001.0,505528.2051474935, 0.0, 0.0,0.0,NaN, 94.53248823722663,94.53248823722663,0.0, 249.1318518960328, -18.72294144338903, 3.9958026888097424, -18.72294144338903, 262.44886407064035, -3.6222931508854037, 3.9958026888097424, -3.6222931508854037, 192.16352319072973, 6.046313434070971, 4.907800608655176, 28.0, 0.0
20, 0 ,1.0,1.0,1.0,277.7108555673827,207.20847365941333,12.407210288446437,13.217365214115413,13.768636323502236,7.7911643080059125,55.0,72.0,31.0,0.3846741392923421,-0.9223587758083113,0.03577841876170956,13.878506888314849,0.9200876877255052,0.38625459776586385,0.06516158838352179,13.12659305229229,-0.07392194163865305,0.007853304662583044,0.997233108230091,7.749576251449335,66.41311929557463,62.65266375730556,32.401887397880245,19.605884115558702,6.370685891941538,57307.0,134822.91955138237, 0.0, 0.0,0.0,NaN, 96.23415291514544,96.23415291514544,0.0, 174.69874320330817, -7.139382474453747, 8.554355916023548, -7.139382474453747, 189.57534620886514, -1.5491988991933066, 8.554355916023548, -1.5491988991933066, 60.702241274345255, 7.503302491760459, 5.565828184975176, 11.0, 0.0
21, 0 ,1.0,1.0,1.0,40.69639023962851,85.25316511149077,36.87993750091266,13.324625884621753,13.859338426208001,17.34470776266198,62.0,71.0,80.0,0.25049519545619026,0.023592823143924607,0.9678303238426995,17.598423557818695,-0.15303005274426934,-0.9861697721755868,0.06364733619121618,13.880851210933098,0.9559466303149204,-0.16405047742463624,-0.24342037886400925,12.96469289605402,82.75512592796008,72.4150639076513,61.19996964211418,24.851797154588095,7.270074424423218,136962.0,366754.1433186077, 0.0, 0.0,0.0,NaN, 101.4121695366708,101.4121695366708,0.0, 177.54565496513203, 4.5486511939890075, 34.094657212222685, 4.5486511939890075, 192.0812616121657, 1.690016552718, 34.094657212222685, 1.690016552718, 300.8388873721467, 6.836398448466783, 4.9367665048260685, 22.0, 0.0
22, 0 ,1.0,1.0,1.0,69.91970361409345,63.66973345961304,159.6086098354915,14.571250866043203,14.269525626986983,14.077946892636005,71.0,65.0,70.0,-0.8679560351402882,0.46027272546094367,0.18655117062164453,14.613632635736556,-0.4720265306413625,-0.6477420338257023,-0.5980143911194965,14.509399767445887,-0.15441267899440778,-0.6071073017285311,0.7794725452212363,13.785802904019027,79.44155303309721,78.428731409493,80.07839678033375,23.853141029328548,6.719893240763209,125647.0,498928.46920441656, 0.0, 0.0,0.0,NaN, 169.2700278981016,169.2700278981016,0.0, 212.32135180116478, -3.1320688844617735, 1.9727829922740956, -3.1320688844617735, 203.61936161923825, 9.949576848976877, 1.9727829922740956, 9.949576848976877, 198.18858871187976, 7.011291246254574, 5.099285278606775, 29.0, 0.0
23, 0 ,1.0,1.0,1.0,65.71279292784551,42.06378460204434,34.717194653263086,14.691362108191775,13.302500582693115,16.540612921313542,77.0,69.0,76.0,-0.12585926609696552,-0.011245734259973605,0.9919843640897207,16.56796107652671,0.9217341997741383,0.3684227462552986,0.12112285089293649,14.90046794629582,0.36683171905420314,-0.9295903471436532,0.036003838588131054,13.0331592067079,79.20726021229312,80.54516745203553,62.773020332512814,24.78522737446245,7.216441100399483,136083.0,400476.93207875965, 0.0, 0.0,0.0,NaN, 85.3979902223562,85.3979902223562,0.0, 215.83612059401307, 17.861238783582916, -7.240229596436227, 17.861238783582916, 176.95652175255069, 1.160385576520867, -7.240229596436227, 1.160385576520867, 273.59187581272454, 6.412563806683624, 4.930414013775187, 23.0, 0.0
24, 0 ,1.0,1.0,1.0,27.701396184350866,283.5723954866597,133.28723225097636,14.996367686394452,10.551392803775213,20.29292476692871,64.0,47.0,108.0,0.16414873803401403,-0.06981916164654847,0.9839616234736057,20.46009199761092,0.9860447537895655,-0.016463213149730704,-0.165664438359178,14.819367135302503,-0.02776572213928476,-0.9974238052501858,-0.06614240239305148,10.478393132524543,105.28296290694533,65.9231596946382,50.444950925281375,25.857978920711886,8.910143411717156,124697.0,350117.49881637056, 0.0, 0.0,0.0,NaN, 137.1230098186836,137.1230098186836,0.0, 224.8910437855357, -5.321995349160211, 31.9402960204743, -5.321995349160211, 111.33189009955936, -20.916136628352866, 31.9402960204743, -20.916136628352866, 411.80279559622863, 6.741262111992287, 4.958254867329098, 18.0, 0.0
25, 0 ,1.0,1.0,1.0,281.5953247832409,104.23853883075847,168.28933643848197,11.736504276870283,13.1555280188503,15.040046435917624,49.0,66.0,73.0,0.0924143089360456,-0.09857162771701825,0.9908295664306199,15.066444888479586,0.4709853432849893,-0.8724021129923255,-0.1307186278127453,13.698400020362113,-0.8772869552857798,-0.4787464751366257,0.034196646468071704,11.062211451371686,72.03478893906274,71.68873561657841,58.717301195575715,22.1533698098214,6.800342120776472,91461.0,303221.0133545313, 0.0, 0.0,0.0,NaN, 168.9736782555831,168.9736782555831,NaN, 137.74553264099447, -27.77327167640815, 5.561528085862582, -27.77327167640815, 173.0679174547553, -2.7747504737358306, 5.561528085862582, -2.7747504737358306, 226.20299679455843, 6.819433952193855, 5.218717576945541, 15.0, 0.0
26, 0 ,1.0,1.0,1.0,33.75524583760199,180.69333500394313,207.33706763758576,15.249036452918,15.547493619152077,14.362162068219194,69.0,73.0,74.0,-0.6093786718029417,0.7582517967912555,-0.23175816493602946,16.773701351944865,-0.6218016714369733,-0.27566115570236693,0.7330577116673846,14.745843895879654,0.4919556034337546,0.5908173490171632,0.639464263544463,13.480816021587955,95.24260082299025,76.70874435282616,67.60507115518539,24.965628195801504,7.566160098918758,135679.0,493918.61505589035, 0.0, 0.0,0.0,NaN, 154.78990912859805,154.78990912859805,0.0, 232.53311274242196, -39.91231311543479, -2.206234257998884, -39.91231311543479, 241.72455783757454, -24.72275952605396, -2.206234257998884, -24.72275952605396, 206.27169927379424, 6.586615675142786, 4.928604195011739, 35.0, 0.0
27, 0 ,1.0,1.0,1.0,124.0645686162372,187.39351736248156,114.2872159617228,14.008791657771704,13.965933538242544,15.081390699562228,70.0,72.0,73.0,-0.21403841886249703,-0.35000200912309165,0.9119682828150558,15.227065298951336,-0.7154526811183309,-0.5794702428652204,-0.3903097471423361,14.439107229251846,-0.6650676780083619,0.7360114341798784,0.12638098126317943,13.356292657094007,76.0115213335079,68.34903473449253,65.8355305354885,23.913352674316748,6.847879424470401,124147.0,342036.26085186214, 1.4210854715202004E-14, 2.8421709430404007E-14,0.0,65.82979668500641, 202.8147057050061,202.8147057050061,0.0, 196.24624371085412, 16.4836972687406, -2.0331165726856377, 16.4836972687406, 195.0472995946079, -10.260889498691236, -2.0331165726856377, -10.260889498691236, 227.44834543284207, 6.335865713287041, 4.765680209786606, 31.0, 0.0
28, 0 ,1.0,1.0,1.0,31.8944000710961,14.02046234683789,71.40395916417646,17.529497611053145,8.977200192100073,14.17326030245611,73.0,36.0,72.0,0.994789655623321,-0.001529556633651061,-0.10193724305345497,17.561703666774825,-0.10190801394309834,0.013332970719851485,-0.9947044729898207,14.134103516892926,0.0028805831020780664,0.9999099421189331,0.013107627272088009,8.975990167122536,76.47643497356357,68.45957362303105,36.73020503026758,23.04350197807276,7.5994561629593615,90019.0,192302.6093582651, 0.0, 0.0,0.0,NaN, 79.45030839860605,79.45030839860605,9.5367431640625E-7, 307.2832864959179, -0.5086535612588318, -11.021317323957556, -0.5086535612588318, 80.59012328904157, -1.5454081114035663, -11.021317323957556, -1.5454081114035663, 200.8813076011783, 6.84846513774739, 5.211626956781656, 16.0, 0.0
29, 0 ,1.0,1.0,1.0,235.46517899635134,274.2319020675797,95.42202950663635,13.757346429275502,13.459711306991197,14.491649414895381,71.0,60.0,70.0,-0.48823549411279393,-0.4877485583012465,0.7236901589516685,15.318175827740678,-0.6728887565842007,-0.3176681365566901,-0.6680626290095626,13.577797444388974,-0.5557398883929461,0.8131348589819866,0.17310366130541624,12.705637247948216,77.8758719779396,71.89423577149472,67.2729616868236,23.162098212297504,6.629744973271276,113466.0,376649.62723113684, 0.0, 0.0,1.4210854715202004E-14,43.640006706846435, 118.04279608766116,118.04279608766116,0.0, 189.2645807750994, 22.33472357418956, -15.563759729075505, 22.33472357418956, 181.1638284675467, -20.977895249749718, -15.563759729075505, -20.977895249749718, 210.00790276423766, 6.09123749613847, 4.7091155934523945, 23.0, 0.0
30, 0 ,1.0,1.0,1.0,134.27107271463277,24.343326485498473,249.65800923286022,15.172093503250816,13.888828660617072,14.39141877252003,75.0,60.0,72.0,-0.8886284870494728,-0.25013786387309583,-0.38440923644102193,15.60217644616258,0.16680691003627307,0.6044925521044765,-0.7789507103882554,14.522701482219455,0.4272175871477153,-0.7563199081785572,-0.4954445778535308,13.261528905920171,80.70708951137601,78.7781632497056,64.11737838605987,24.130817585398802,6.921600955098445,128021.0,407655.48811384646, 0.0, 0.0,-2.8421709430404007E-14,67.39293016215605, 145.44976640310068,145.44976640310068,0.0, 230.1924212713856, 18.550437357728562, 18.525219343638213, 18.550437357728562, 192.89956156397824, -10.003386005514027, 18.525219343638213, -10.003386005514027, 207.11293428604193, 7.80915575849861, 5.2337246918362075, 21.0, 0.0
31, 0 ,1.0,1.0,1.0,20.037141125738827,252.9948446817667,81.46566487796738,11.71615681983541,15.84631715028807,15.280862836791965,49.0,81.0,81.0,-0.18381605622119898,0.9359501176448002,0.30034818920041595,16.045209866536606,-0.009100012931226323,0.30392120560999347,-0.9526537096685339,15.210946802169984,-0.982918535403589,-0.17784622026135952,-0.04734843924367067,11.535042462500536,84.42841952734344,79.09692854045574,53.54458498946994,23.797952072283337,7.4522710670397325,113863.0,357572.27347613743, 0.0, 0.0,0.0,NaN, 96.1645787439081,96.1645787439081,0.0, 137.26833062697577, -21.672564381398796, -6.015196304057705, -21.672564381398796, 251.10576722751387, 6.502317217035522, -6.015196304057705, 6.502317217035522, 233.50476903684975, 6.776973798515207, 5.28158119053783, 17.0, 0.0
32, 0 ,1.0,1.0,1.0,165.38109228658354,11.435572391576686,219.27008888623755,16.623523697762938,7.717865752893956,13.901472938643904,85.0,32.0,73.0,0.9738215611824627,0.04154630878538164,0.22348483439030192,16.765216557681377,-0.2266473639311425,0.10223488215344924,0.9685964078470117,13.794572693506511,-0.01739365974184801,0.9938923146384518,-0.10897489391325309,7.602316735787767,84.99101603928358,73.90764983518079,35.35671237715978,21.64693971714001,7.7825408868889205,67052.0,222092.70273311605, 0.0, 0.0,0.0,NaN, 157.38596245635222,157.38596245635222,0.0, 276.34154013008595, 5.963428662501381, 19.506195470530027, 5.963428662501381, 59.56545177969338, 15.193354172709757, 19.506195470530027, 15.193354172709757, 193.25094986384877, 6.839145099508523, 4.8147023203640265, 18.0, 0.0
33, 0 ,1.0,1.0,1.0,58.91973117474522,111.71680862495705,158.19405272568727,13.84462160562234,12.629463318144529,14.939121490051098,71.0,63.0,73.0,0.5072202586836404,0.1526651285131184,0.8481868707525329,15.512104918787154,-0.7876029752615448,-0.31743454668017995,0.5281258012378409,13.36332025144866,-0.34987020813447894,0.9359106085038369,0.04076972344662684,12.455942952963913,74.32844478947138,65.29980403173963,62.591344717885065,23.072251709285624,6.482703376299305,113531.0,303795.4086470546, 7.105427357601002E-15, 0.0,0.0,59.52115069034629, 189.89762171605705,189.89762171605705,NaN, 191.6735474028649, 12.475978164547403, 27.02791662620072, 12.475978164547403, 159.5033437043582, 7.14045493463061, 27.02791662620072, 7.14045493463061, 223.17735089450653, 6.624572695451635, 4.938539181642214, 23.0, 0.0
34, 0 ,1.0,1.0,1.0,144.78965724594107,152.51723021416348,58.360229427818126,13.281602544781528,13.921248928717722,13.766792168005756,65.0,66.0,64.0,0.5188740048197947,0.6533312931524509,0.5512966429337418,14.750720134648967,0.02801038984633896,-0.6575514311350126,0.7528887922349174,13.451235493332165,-0.8543917047718355,0.375212388921318,0.35948640866802434,12.696740672397723,74.65390027119577,66.90451325827473,64.50502968453323,22.764347586423007,6.442917309296381,108095.0,322182.16617984255, 0.0, 0.0,-7.105427357601002E-15,56.543986357936774, 214.75830276840688,214.75830276840688,0.0, 176.40096615754715, 18.748085141583267, 16.542749771037624, 18.748085141583267, 193.80117173532432, 10.538799876874016, 16.542749771037624, 10.538799876874016, 189.52456659706462, 6.21707899381111, 4.736741819063172, 19.0, 0.0
35, 0 ,1.0,1.0,1.0,24.725799658868368,14.403103876687233,264.99128219166545,13.881721207005752,9.12379775847044,19.268627062066198,50.0,41.0,79.0,0.09908671006631345,0.06530948701750933,0.9929332781177919,19.345449019831605,-0.9933153733886262,-0.05288756376884612,0.10260348234056667,13.830769729361728,-0.05921480286253688,0.9964625314100403,-0.05963246278533959,9.038211602853783,83.18666625908816,55.8938950448169,42.52133146641873,24.024650487190144,8.369111484009409,94978.0,197708.32206087638, 0.0, 0.0,0.0,NaN, 45.21531701356011,45.21531701356011,0.0, 192.70218366903325, 7.65100375097977, 17.613404810772415, 7.65100375097977, 83.24368553747021, 18.37699014519045, 17.613404810772415, 18.37699014519045, 371.2799888569898, 6.281228696937979, 4.8173626902127165, 10.0, 0.0
36, 0 ,1.0,1.0,1.0,53.57083823097267,19.383852483103144,164.08338230972672,14.887102551532395,11.839844052932005,15.041224600659977,85.0,47.0,76.0,-0.6161837881780876,0.14236826975983885,0.7746281785166936,15.364829520407394,0.7824240338382826,-0.0019475345005150677,0.6227429954496466,14.620891511644565,-0.090167457869958,-0.9898118421573662,0.11019231672993508,11.755752305940605,78.0163152418815,74.53972471918036,49.95703207288405,23.229580409024177,6.959364991561227,108896.0,290515.8610701903, 0.0, 0.0,0.0,NaN, 147.3733198724235,147.3733198724235,0.0, 221.62582237984233, -8.701706564564992, -9.896802555991377, -8.701706564564992, 140.18190719774935, 10.702823055515111, -9.896802555991377, 10.702823055515111, 226.23843748749889, 6.470954537895502, 4.783234119227181, 21.0, 0.0
37, 0 ,1.0,1.0,1.0,128.7176538240368,93.01309121621621,209.5262363427257,14.347629565159114,12.596061282422099,14.448885173551385,69.0,63.0,68.0,0.6434379380562234,0.0927574592831844,0.7598576666832305,15.333729791666933,-0.6546697885254539,0.5811245721286317,0.4834270365425916,14.277844266755226,0.39673049777146285,0.8085111535505513,-0.4346431026973326,11.58902111907925,71.68260395224706,70.37634871306373,58.76035294205032,23.03539694313329,6.531156436661285,111296.0,296431.87413596, 0.0, 0.0,0.0,NaN, 182.77081674565298,182.77081674565298,0.0, 205.8544741390279, -20.44329195677858, 27.280005128975134, -20.44329195677858, 158.66075983053304, 26.645066072891446, 27.280005128975134, 26.645066072891446, 208.77028275847306, 6.689856272651919, 4.829279452721968, 27.0, 0.0
38, 0 ,1.0,1.0,1.0,281.5404680931463,254.2992182702754,243.4814014453734,11.03845477289029,13.864328542201863,13.602579878119574,44.0,74.0,73.0,0.11788643742197842,0.89170231317124,-0.4370008839316162,14.006681233620256,-0.06845437664323487,-0.43172528268482524,-0.8994038462276522,13.505720465544778,-0.9906648203052031,0.1359421383374842,0.010146370478757246,10.977507210938013,76.5633751461464,69.33779070659386,48.686096483153534,21.395721408706773,6.428092597408443,84684.0,258461.59812709817, 0.0, 0.0,0.0,NaN, 74.99111781742637,74.99111781742637,0.0, 121.84748377314445, 9.78493078961504, -0.08784732361827163, 9.78493078961504, 192.21960592611322, -5.456121950124245, -0.08784732361827163, -5.456121950124245, 185.0301793406235, 6.574896316577505, 5.0242429676784255, 14.0, 0.0
39, 0 ,1.0,1.0,1.0,133.8037180768703,278.38431234197685,54.355647674486974,13.449072718223889,12.371681907960474,14.805140905608738,59.0,52.0,72.0,-0.09634996697269729,-0.07117596986454063,0.9927994083288944,14.831344642597973,0.9809264851419981,-0.1759641097097362,0.08258246085595346,13.46706077937977,0.16881917726172402,0.9818200514391132,0.08677253010470978,12.320623259548656,71.97888705708077,63.76713560491342,57.40198239876054,22.56490348817739,6.6297358933833275,102042.0,263468.6387124572, 0.0, 0.0,0.0,NaN, 146.03153549229276,146.03153549229276,NaN, 180.87755698007408, -4.635469787955581, -4.126082718171869, -4.635469787955581, 153.0585132317565, -5.246810913180132, -4.126082718171869, -5.246810913180132, 219.19219723492913, 6.27311520308828, 4.66025856885567, 16.0, 0.0
40, 0 ,1.0,1.0,1.0,200.0370762612583,175.08636444577738,190.46667728844693,14.387286874903637,12.354743952751761,14.161021653146692,75.0,65.0,66.0,0.9083761294222231,0.2971298412059002,0.2942221354025851,14.630263781839812,0.29934902910723804,0.029203249610396553,-0.9536966650800174,14.123722253443432,-0.2919639811148875,0.9543903958428908,-0.062417994636130986,12.109669995548728,75.51620748458322,68.9611179584205,62.057677921919066,22.75441082923525,6.51191552725003,106699.0,323176.6579923363, 0.0, 0.0,0.0,NaN, 193.8905651495293,193.8905651495293,0.0, 206.99402362077444, 18.653664441583413, 2.9298664902843568, 18.653664441583413, 152.63969813805622, 4.420777784111991, 2.9298664902843568, 4.420777784111991, 200.53453426088947, 6.709917777726386, 4.827910850722979, 35.0, 0.0
41, 0 ,1.0,1.0,1.0,104.78714453814473,216.13906648362425,276.1075995293195,13.954067811812498,14.17695986484049,12.489147401165496,72.0,68.0,54.0,-0.6388860853326279,0.7453735979429637,-0.19037533836585124,14.53213570923883,0.7152277419409154,0.6666436943862178,0.20984628158057708,13.720029865326081,-0.2833263968049041,0.002093854020022365,0.9590212555772121,12.339319857140621,72.9978522539124,64.43313398824858,57.416157500645056,22.544124263792956,6.5911655640472775,101980.0,270055.77116802114, 0.0, 0.0,0.0,NaN, 136.3225903177731,136.3225903177731,0.0, 194.71600849666166, -10.904670365169343, 12.567058864315579, -10.904670365169343, 200.9861910092981, -3.3279856493897433, 12.567058864315579, -3.3279856493897433, 155.9788028080389, 5.488550519725228, 4.402170996082476, 22.0, 0.0
42, 0 ,1.0,1.0,1.0,175.45111828218867,279.6782655463549,173.69014856307842,13.1066813637476,11.424850113909935,16.058696333162654,70.0,50.0,75.0,0.29457874800414247,-0.04455269105841388,0.9545880886244945,16.334358222196492,0.8965582860213697,-0.33286408751055935,-0.2922066717448211,12.954435172841515,-0.3307666866398961,-0.9419217361146388,0.058110601821430734,11.205595711003344,78.4594866811492,71.36606499381195,56.0312071739645,22.639017320673837,6.904268185051574,98544.0,313738.04997667705, 0.0, 0.0,0.0,NaN, 178.54852393223257,178.54852393223257,0.0, 171.78509637080865, -14.463105768623505, 28.649338829642986, -14.463105768623505, 130.52720012530787, -1.897465495693278, 28.649338829642986, -1.897465495693278, 257.8817279207317, 6.6242116285065515, 4.949534780090482, 27.0, 0.0
43, 0 ,1.0,1.0,1.0,240.0781942683236,93.8469490235861,186.74070504691858,13.611219760133988,12.293834261172366,13.472371262362294,66.0,62.0,68.0,0.7772449388802674,-0.36986537539412273,0.5090087514665873,14.263281774275663,0.4488561619010591,-0.2409793514691504,-0.8604981685564227,13.185375728255336,-0.44092907695961664,-0.8972895609835613,0.021283628484545895,11.858039954525099,70.1105258293345,67.15685828211085,60.08220910051847,21.924973508964612,6.099507214678616,98575.0,282891.2323787988, 0.0, 0.0,0.0,NaN, 158.82550341947424,158.82550341947424,0.0, 185.26530335866192, -21.657086310665015, 12.017323312182388, -21.657086310665015, 151.13836084117548, -4.935378980036989, 12.017323312182388, -4.935378980036989, 181.5047874309254, 6.76149019977631, 4.7491140480609815, 19.0, 0.0
44, 0 ,1.0,1.0,1.0,118.55191872529413,169.6954827563543,271.9112982732881,14.445640580871178,12.149763052047431,14.313175398523182,69.0,58.0,62.0,-0.9334453142272056,-0.042255909777643874,-0.3562222388287087,14.479747790278592,0.35047487487638224,0.10425311148484652,-0.930751659050959,14.304549172526452,0.07646703490824057,-0.9936527194319914,-0.08250494371702889,12.119283844443668,72.19854472701209,70.69726127530197,57.71523956953206,22.761242563805766,6.564000377291539,106503.0,294592.3986520698, 0.0, 0.0,0.0,NaN, 178.38946104588268,178.38946104588268,0.0, 208.67653179171216, 4.586329287425999, 2.04115354682823, 4.586329287425999, 147.6167422208969, -4.6579417894398585, 2.04115354682823, -4.6579417894398585, 204.86698998888926, 6.12796618180134, 4.556292888357417, 17.0, 0.0
45, 0 ,1.0,1.0,1.0,91.87795634530471,267.86436117914155,40.902313234058525,12.248758512276279,15.171794510064071,14.655797870121132,63.0,65.0,71.0,-0.26685013169098004,-0.6959217970971552,0.6666962273341375,16.348675145211747,0.3715717476577123,-0.7125908676037639,-0.59510393356985,14.012178599282333,-0.8892274419737056,-0.08892191930441395,-0.44873984524234,11.462439393762036,83.38998243714633,65.94990145840168,58.55426489066778,23.390006013627218,6.9220996554577106,111878.0,322022.7588574709, 0.0, 0.0,0.0,NaN, 105.58057289346094,105.58057289346094,1.9073486328125E-6, 150.03208509206058, 8.03767485600383, -38.53900512256246, 8.03767485600383, 230.18334865561027, -35.50483917010612, -38.53900512256246, -35.50483917010612, 214.7924112098471, 6.8258892115917496, 4.636824186864378, 17.0, 0.0
46, 0 ,1.0,1.0,1.0,51.54639623028068,187.1760704773612,47.20324523663184,15.82080548885751,11.601921481347768,15.583245883415197,74.0,60.0,81.0,-0.9770997689979449,-0.20866456939382352,0.04165499854583058,16.001521931498576,-0.021203363908851372,-0.09930712070812481,-0.9948308967536195,15.614434730154285,0.21172259865945284,-0.9729322655027695,0.09260857390401865,11.308436875718984,75.35165187299894,80.58693806847886,59.34810472479964,24.035529964910776,7.073423495341744,122025.0,360382.99209272995, 0.0, 0.0,0.0,NaN, 132.7193143371682,132.7193143371682,1.9073486328125E-6, 250.29788631626388, 26.375772808788085, -2.7711794542691344, 26.375772808788085, 134.60458205935876, 10.339121295562068, -2.7711794542691344, 10.339121295562068, 242.83755226297666, 6.556762882192173, 4.737427250651994, 27.0, 0.0
47, 0 ,1.0,1.0,1.0,278.91674329181643,235.48997952018723,48.199291565660786,11.826228387217508,13.49894283740718,14.041663352488213,50.0,60.0,66.0,0.11486290638998597,0.5511639096254006,0.8264531792316422,14.47914528224269,-0.04840639845120382,-0.8278657934012791,0.5588336502977023,13.067245352727525,-0.9922012564619279,0.1041948791568701,0.06841121130967213,11.783501011420867,66.21865570743921,64.42576538059532,55.032418963253605,21.911052403522913,6.257413832317814,95704.0,234778.62208169754, 0.0, 0.0,0.0,NaN, 83.24192551329294,83.24192551329294,0.0, 139.85967786662923, 5.760335584895672, 5.8574767532724294, 5.760335584895672, 182.2214577275866, 17.488679894377395, 5.8574767532724294, 17.488679894377395, 197.16830970461052, 6.322420216870417, 4.587248821025267, 12.0, 0.0
48, 0 ,1.0,1.0,1.0,187.40064670548435,67.05820349359048,61.855331292720535,11.915373699376048,12.781778627823451,13.450533072941377,58.0,63.0,72.0,0.0980612844956501,0.383002540556564,0.9185276470582043,13.58564965610292,-0.22569035310438676,-0.8903693959237805,0.39535579332790893,12.696419279560065,-0.9692511795188492,0.24607192592723917,8.707880218138159E-4,11.85318084448233,68.7295819364048,63.55176086997368,57.271451668824426,21.198480150917685,6.073818776017374,86902.0,250155.1694191607, 2.8421709430404007E-14, 0.0,0.0,84.37245848196306, 144.91893950572216,144.91893950572216,0.0, 141.97613039578243, 5.815096648680808, 2.122528024456855, 5.815096648680808, 163.37386489068433, 8.217379741794181, 2.122528024456855, 8.217379741794181, 180.91683994628983, 6.010850700238026, 4.5386790648565825, 29.0, 0.0
49, 0 ,1.0,1.0,1.0,230.57096312500727,242.57891062265094,286.3361570416225,17.88968146929668,15.2887860497772,7.858626572363986,92.0,77.0,32.0,-0.9553030142285399,-0.29552139474444206,0.007953380046589345,18.14621340169522,-0.293058664898953,0.9501958469202583,0.10603995201402198,15.046332897481566,-0.03889434320706512,0.09896947884975743,-0.9943300620632461,7.7374736878986985,97.34456194084774,79.61653456184277,35.505080737564754,23.509654426841216,7.92728467276987,85939.0,275172.77906470536, 0.0, 0.0,0.0,NaN, 91.12778539535465,91.12778539535465,0.0, 320.04070307289703, 29.688965586843736, -7.221873116027952, 29.688965586843736, 233.7469788758619, 16.145473545447434, -7.221873116027952, 16.145473545447434, 61.75801160386532, 6.8815794681686135, 5.185385432117301, 19.0, 0.0
