// Sample: .//bubblelabels.tif, Map: .//bubblelabels.tif, Thickness:(8.191250068658265):/gpfs/home/mader/Foam/NewValid/InSilicoTest/LatticeData_Phi_6.65/out_Step_03000.vtk/distmap.tif, Neighbors:(1.0):
//LACUNA_NUMBER, TRIANGLES, SCALE_X, SCALE_Y, SCALE_Z, POS_X, POS_Y, POS_Z , STD_X, STD_Y, STD_Z,PROJ_X, PROJ_Y, PROJ_Z, PCA1_X, PCA1_Y, PCA1_Z, PCA1_S, PCA2_X, PCA2_Y, PCA2_Z, PCA2_S, PCA3_X, PCA3_Y, PCA3_Z, PCA3_S,PROJ_PCA1, PROJ_PCA2, PROJ_PCA3,OBJ_RADIUS, OBJ_RADIUS_STD, VOLUME, VOLUME_BOX, Mask_Grad_X,Mask_Grad_Y,Mask_Grad_Z,Mask_Angle, Mask_Distance_Mean,Mask_Distance_COV, Mask_Distance_STD, SHAPET_XX, SHAPET_XY, SHAPET_XZ, SHAPET_YX, SHAPET_YY, SHAPET_YZ, SHAPET_ZX, SHAPET_ZY, SHAPET_ZZ, Thickness, Thickness_STD, Neighbors, Neighbors_STD
1, 0 ,1.0,1.0,1.0,156.05908107730951,182.09382849567402,183.55960438180296,15.79281505851919,11.560532101298113,9.349732515589553,73.0,53.0,41.0,-0.9539013585197073,-0.29980594542231703,0.01373292771725694,16.183374680611266,-0.271734770553191,0.8433510777732331,-0.46359375976293155,11.573126569848796,0.12740648604628166,-0.44595443120139167,-0.8859414385867622,8.639301672937306,79.35397852937317,66.51783568743468,45.81186086827279,20.43029058656863,7.285577163082978,57328.0,241815.84170552832, 0.0, 0.0,0.0,NaN, 50.21674961400456,50.21674961400456,0.0, 249.41300747259052, 39.96518634672664, 5.0171228711769995, 39.96518634672664, 133.64590246514416, -23.95555595816569, 5.0171228711769995, -23.95555595816569, 87.41749811307255, 9.715044157989707, 6.411891124347668, 12.0, 0.0
2, 0 ,1.0,1.0,1.0,185.20940228116532,35.64248921296451,16.254925243335453,8.758941335402623,16.409787936255142,10.26602631788137,37.0,72.0,47.0,0.03210358144623355,0.9976987107194442,0.0597213754620966,16.432464779073527,-0.33251724696933316,0.06700990985479116,-0.940713533680253,10.43419927218792,0.9425506036952396,-0.010341886192199667,-0.3339032866920107,8.514286618507942,72.91199310109552,56.04760485185368,41.160970363597045,20.084737958101357,6.927827288815852,59794.0,168206.05795462496, 0.0, 0.0,0.0,NaN, 41.87327802839316,41.87327802839316,0.0, 76.71905331702469, 5.516312549159972, 11.758338312007755, 5.516312549159972, 269.2811401128648, 9.476528362825526, 11.758338312007755, 9.476528362825526, 105.39129635943291, 8.499737322578687, 5.889278526237917, 12.0, 0.0
3, 0 ,1.0,1.0,1.0,170.79386365139192,186.9053759174767,78.98472525292601,16.2928791551677,7.634367531638654,15.623932661360962,64.0,33.0,64.0,-0.8658182523771185,-0.021548357943134647,0.4998944109715443,16.627387672143804,0.49902066992736543,0.03582574258886484,0.8658492288806405,15.278148812991734,0.03656671759778599,-0.9991257100274777,0.020265505821785747,7.612942836255763,73.95646030803749,77.5604546196324,33.94566885272391,22.686769751503824,7.291037568278236,75615.0,194715.6385270025, 0.0, 0.0,0.0,NaN, 85.22355545010014,85.22355545010014,0.0, 265.4579111648981, 7.21371545891315, -18.762045724824958, 7.21371545891315, 58.283567608138476, 3.0890657830415504, -18.762045724824958, 3.0890657830415504, 244.10727180674184, 8.364429764864914, 5.582623221067493, 13.0, 0.0
4, 0 ,1.0,1.0,1.0,55.701020852325456,80.26527377403274,28.825502418672645,13.176618613538512,14.20301170483378,15.794960639782419,66.0,69.0,66.0,0.06660375291683553,0.40754894203621866,0.9107512283508333,16.185128327062074,0.10192554839239266,-0.9107821138303787,0.4001088898182305,13.777389452535694,-0.9925598836756919,-0.0661800647614211,0.10220115628441272,13.155028015791592,76.42327757523523,78.88663904865652,66.95149274714657,23.99133201538744,7.01752016841883,121761.0,403635.5200323169, 0.0, 0.0,-3.552713678800501E-15,24.39062698662076, 101.86278755119812,101.86278755119812,1.3486991523486091E-6, 173.62327808664958, 0.8572040839832012, 6.07640862057122, 0.8572040839832012, 201.72554148764536, 26.89069794003908, 6.07640862057122, 26.89069794003908, 249.48078161227585, 8.167974570027571, 5.237179265544468, 24.0, 0.0
5, 0 ,1.0,1.0,1.0,13.936745800141967,107.34007413833899,138.6092436312012,8.114445167401898,14.782663122030618,12.587668863515164,33.0,73.0,64.0,-0.04006995715047977,0.9972098954533104,-0.06298271940744665,14.799228596108428,0.006570545760967281,-0.06276901097911368,-0.9980064524786937,12.5781439179205,-0.9991752731439874,-0.0404039066267404,-0.0040370616710542935,8.099005205081129,73.01393885593441,63.77022067309149,33.82530311458419,20.064141666879724,6.344365684848733,63395.0,157494.50097643008, 0.0, 0.0,0.0,NaN, 112.02196084571766,112.02196084571766,0.0, 65.84422037477202, -6.168708931386777, -0.22012671407658893, -6.168708931386777, 218.527128979444, -3.834240609591696, -0.22012671407658893, -3.834240609591696, 158.44940741750912, 9.112929116653357, 5.469424451893629, 18.0, 0.0
6, 0 ,1.0,1.0,1.0,51.65000709924748,185.34374556297033,121.50627100194046,14.46031484132285,8.596118025726696,12.254127215969445,65.0,34.0,55.0,-0.9572136698399042,0.011799272576100747,0.28914143154915994,14.664775529068573,-0.2886514524268238,0.03202566178333204,-0.9568984773732395,12.012521420029332,0.020550651656524397,0.9994173973640917,0.02724952407800338,8.590766674921188,65.5333850791871,58.27434265693134,34.9629905147556,19.90304939685518,6.084916511664934,63387.0,133520.6867390296, 0.0, -2.8421709430404007E-14,-1.4210854715202004E-14,86.09510201370664, 95.09886707787891,95.09886707787891,NaN, 209.10070531018187, -2.2471012145314284, -19.62234177074086, -2.2471012145314284, 73.89324511222344, -1.6785640409120142, -19.62234177074086, -1.6785640409120142, 150.1636338251631, 9.266329138268842, 5.464372550130338, 11.0, 0.0
7, 0 ,1.0,1.0,1.0,56.379401170323334,148.95314435411535,11.59356179791278,13.220381029273288,17.897905463382155,8.355903645964174,62.0,90.0,34.0,0.2757437724717056,-0.9602288719357179,0.043884911349232676,18.261297701517712,0.94527354461818,0.2791677618232847,0.1688883850463366,12.843720091426308,-0.17442275593526751,-0.00508667471298711,0.9846577212170284,8.154660063154495,99.13626261488598,59.86150842488999,35.74921321989237,22.097211542494378,8.75487648812279,70237.0,212151.78325122298, -7.105427357601002E-15, 0.0,0.0,73.99365695938822, 76.9339263447412,76.9339263447412,0.0, 174.77847455916904, -44.705972503786576, 18.949823671415704, -44.705972503786576, 320.3350199761648, -6.6079358190564434, 18.949823671415704, -6.6079358190564434, 69.82112574063738, 8.180598200211053, 5.268928316948022, 16.0, 0.0
8, 0 ,1.0,1.0,1.0,25.19643187370429,50.140515655567775,48.72800093437022,14.1538614866349,13.341355610168307,14.336558502927993,63.0,66.0,81.0,0.6393759287049302,0.2289003955889225,0.734032036556949,16.612110650860537,-0.4953830922364559,0.8527476335081575,0.16558099369337195,13.739657995224437,-0.5880425271346923,-0.4694955616887896,0.6586196959061978,10.914213306763076,89.02622362589418,67.10545018293818,60.68392135522916,23.045191018841088,7.264960090240433,102743.0,362534.5340880232, 0.0, -7.105427357601002E-15,0.0,76.76765790975597, 74.3192408763198,74.3192408763198,0.0, 200.33179498284673, -6.47177799909166, 67.89576404370652, -6.47177799909166, 177.99176951696938, 36.18830334436909, 67.89576404370652, 36.18830334436909, 205.53690970787693, 8.050859646831384, 5.135879794459677, 20.0, 0.0
9, 0 ,1.0,1.0,1.0,88.71154473255142,178.3866196812707,81.496260453374,12.910726398905952,12.161572971980744,15.332116660791742,62.0,56.0,73.0,0.4029183585865761,0.28301876607531345,0.8703776044700984,15.925470514026411,-0.6668414283174944,-0.5605883186793883,0.49098192068517227,13.321256023678933,-0.6268806152636908,0.7782294745185532,0.03714268699479073,10.889813655835468,76.71512530429186,76.20704775174113,59.163194518833386,22.40263672321229,6.912769520830637,95065.0,345881.83304024587, 0.0, 0.0,0.0,NaN, 122.3867511028938,122.3867511028938,0.0, 166.68685614740707, 37.40440629989765, 28.080980951479773, 37.40440629989765, 147.90385715281255, 17.0603002503204, 28.080980951479773, 17.0603002503204, 235.07380130012774, 8.40397202768118, 5.028189450877447, 21.0, 0.0
10, 0 ,1.0,1.0,1.0,186.27414317745036,20.457879564381805,110.91109465086483,8.445023585104483,11.063395968381682,13.35842929219924,34.0,44.0,66.0,0.025367755251651088,-0.3670084772265386,0.9298716334190168,13.739042402775272,0.10558430170724908,-0.9239846503376561,-0.3675653971382403,10.61261360576596,-0.9940867327484482,-0.10750415612550471,-0.015310917322556832,8.412843346355384,73.81967573544962,56.63934823287827,35.9477210964869,18.37732585896068,5.868447932331046,49952.0,150300.95629938637, 0.0, 0.0,0.0,NaN, 92.43244580822825,92.43244580822825,NaN, 71.31842335297098, -5.181438235799236, 1.1589019428860352, -5.181438235799236, 122.39873035320406, -26.051100193277307, 1.1589019428860352, -26.051100193277307, 178.44763315468668, 8.70417892071672, 5.398005380900574, 9.0, 0.0
11, 0 ,1.0,1.0,1.0,77.35031866162119,101.02270464050986,159.65791674965146,11.715038814848755,15.000776795069093,13.918236771930575,58.0,80.0,76.0,0.17507147745660362,0.9063723512377098,0.3844985548646273,15.325690535616832,0.010687350112131698,-0.3922564883773053,0.919793796387802,13.67322844774555,-0.9844977188032192,0.15692038821558396,0.07835964161178736,11.582261745906237,77.54596554820509,75.06977846393242,60.4733488547737,22.58580901247765,6.772295399662318,100420.0,352037.0406261827, 0.0, -1.4210854715202004E-14,0.0,24.991245379690632, 131.93581952870926,131.93581952870926,0.0, 137.24213443341293, 15.762131781034457, 7.29959317530383, 15.762131781034457, 225.02330445548338, 16.05058703257083, 7.29959317530383, 16.05058703257083, 193.71731483952044, 7.464096481987702, 4.8203337019692425, 31.0, 0.0
12, 0 ,1.0,1.0,1.0,20.206309535037253,176.98540507403564,48.427508723946055,12.559354311871061,12.430577726245309,13.88768858103278,52.0,51.0,80.0,0.2808421169635219,-0.49392989435741746,0.8228979066685718,14.704680121572462,0.9111086516267979,-0.13229799701198833,-0.39035658687591535,12.44059269282598,-0.30167653251495324,-0.8593779724002045,-0.41286895049527306,11.58138909788135,90.52830617820857,62.394967569421674,59.179320543301145,21.466607855578438,6.6565219625437,84824.0,334275.0269707419, 0.0, 0.0,0.0,NaN, 57.29912849110213,57.29912849110213,6.743495761743046E-7, 157.73738073111423, -13.87635090063693, 11.632764280521238, -13.87635090063693, 154.519262608226, -32.30356672875317, 11.632764280521238, -32.30356672875317, 192.86789412374827, 7.748828295145388, 4.848575636088919, 11.0, 0.0
13, 0 ,1.0,1.0,1.0,167.52996493214448,187.27598245034676,25.35067855514145,15.347172353981515,7.367460994052845,14.366167972744277,74.0,31.0,51.0,0.7815180365883198,0.029645217453578274,0.623177919674043,16.931872347964045,-0.6233527671920036,-0.004055364860028528,0.7819302281213611,12.467569065266215,-0.0257077054831755,0.999552257312234,-0.015310087550637935,7.3534606395815745,88.15990789623983,61.89328226668849,32.31080500778285,21.02527395468532,7.357976495832317,63591.0,176304.10345856854, 0.0, 0.0,-3.552713678800501E-15,51.451423785276184, 43.114506875502585,43.114506875502585,0.0, 235.53569926281452, 5.645533415748546, 63.88114327519918, 5.645533415748546, 54.279481498890135, 3.9759492908943352, 63.88114327519918, 3.9759492908943352, 206.3867822211034, 8.53195655598007, 5.036329934450416, 12.0, 0.0
14, 0 ,1.0,1.0,1.0,176.14667151030787,61.365402274493185,108.441810714538,13.450633305476583,13.012331626552285,13.971891349533456,55.0,65.0,66.0,-0.632415513228663,-0.34355931532530465,0.6942748846681227,15.49645147876509,-0.11831976688691712,-0.8429078798008254,-0.5248873583289121,12.822447182772304,-0.7655397124849584,0.4140933506141898,-0.4924181613076037,11.8700841771333,76.68320877594492,65.48621908785213,67.76209434510292,22.3941938575678,6.629791854237846,99099.0,340280.4626382899, 0.0, 0.0,0.0,NaN, 112.77231886229892,112.77231886229892,1.9073486328125E-6, 180.9195363183959, 23.90767694871009, -42.11334845695302, 23.90767694871009, 169.32077435937285, -13.267110745659437, -42.11334845695302, -13.267110745659437, 195.21374788316783, 7.011877091694512, 4.508971069489711, 18.0, 0.0
15, 0 ,1.0,1.0,1.0,189.6601955572432,24.46537402696032,175.84887032466298,6.337377031229562,13.140340069215933,12.827542328251324,27.0,56.0,54.0,-0.02293438410856156,0.7980191864329916,0.6021954766605168,13.549734671893118,0.011879230707268271,-0.6020938585291776,0.7983369397686982,12.398007820322984,-0.9996663933049688,-0.02546298502283258,-0.004328797796450044,6.33015160657189,76.02617361070298,61.935475897522096,27.70217641085634,18.40450124236376,6.2169977459813826,42136.0,130441.71574125637, 2.8421709430404007E-14, 0.0,0.0,88.68584136283876, 35.89906888470036,35.89906888470036,0.0, 40.16234763595602, -3.4395949943512005, -0.9044967413015106, -3.4395949943512005, 172.66853713464178, 14.348977164507472, -0.9044967413015106, 14.348977164507472, 164.5458421830794, 7.878877225809205, 4.935883934122149, 10.0, 0.0
17, 0 ,1.0,1.0,1.0,19.195698258819046,11.628063740085272,19.273301098063502,12.503492728912414,7.7016874884578606,11.950267873606162,57.0,33.0,47.0,-0.8517649588462657,0.15975539639143332,0.4989736147387307,13.114666367315017,-0.45661496494136194,0.24063861467196532,-0.8565020904354852,11.622202808112128,0.2569031503762033,0.9573772874121121,0.13202083500042117,7.16883189954294,72.32187333974036,57.30151731970387,33.625611650869594,17.91107674872893,6.13641202527229,41983.0,139349.6820148689, 0.0, 0.0,0.0,NaN, 29.58288074552122,29.58288074552122,4.76837158203125E-7, 156.33733042196562, -25.605916006206055, -18.52908181458428, -25.605916006206055, 59.31599016986834, -7.634123415519079, -18.52908181458428, -7.634123415519079, 142.80890225094353, 7.980368870200878, 4.600206392265389, 3.0, 0.0
18, 0 ,1.0,1.0,1.0,27.74280185758514,40.948982750995135,141.15501990269792,13.73571724680068,12.997096180983686,13.017377143892329,59.0,67.0,68.0,-0.7804689460835301,-0.4387863700852464,0.44534789280592346,15.327662265688204,0.004864181908907729,0.7080515816207472,0.7061439637203695,13.249386563430214,-0.6251756264711704,0.5532896883114399,-0.5504779349570779,10.79643785189919,69.91353333557402,59.36759863582124,55.85802653151696,22.01288263620223,6.517633249339731,90440.0,231844.24595401937, 0.0, -7.105427357601002E-15,0.0,63.9735276126503, 76.87141162943742,76.87141162943742,0.0, 188.66992828405768, 40.741456078847065, -40.941918200389736, 40.741456078847065, 168.92450913774073, 6.358981223253567, -40.941918200389736, 6.358981223253567, 169.45210770633042, 8.123614594187094, 4.769884001033802, 20.0, 0.0
19, 0 ,1.0,1.0,1.0,121.86928347500081,78.94554151449533,179.48624802042596,11.475359528723525,11.187810325622124,11.656335308499951,55.0,55.0,48.0,-0.3102480353443514,0.6556727391315431,-0.688359946339638,12.545689087461332,-0.8613105829217486,0.112594495216487,0.4954458188277933,11.629451024210653,-0.402355857807449,-0.7466027985526735,-0.5298056482157845,10.00413330658808,60.3418905754948,60.828698888920144,50.34787609562312,19.043088242378126,5.484698643747194,61882.0,184802.820321803, 0.0, -1.4210854715202004E-14,0.0,49.02931969925796, 112.94964103531346,112.94964103531346,0.0, 131.6838763134658, -15.068315741075727, -2.7649355186124156, -15.068315741075727, 125.16709988209702, -23.905503121605427, -2.7649355186124156, -23.905503121605427, 135.87015282418264, 7.732598308308517, 4.818022189385801, 17.0, 0.0
20, 0 ,1.0,1.0,1.0,15.87156768137556,101.95873322221247,22.614755680322837,9.753679959416806,11.567369381082754,12.459698125701669,41.0,52.0,54.0,-0.09378216324455596,-0.5127343926064248,0.8534098361840532,12.882919531926163,-0.324381550106822,-0.7946768475787095,-0.5130938684808662,11.297898392030348,-0.9412659113170234,0.3249494584714455,0.0917950632204563,9.51684090389384,58.26861321078203,59.09458966102899,46.18803252825779,18.77973850420344,5.612825157298221,56995.0,159042.01388578815, 0.0, 0.0,0.0,NaN, 101.85982439872201,101.85982439872201,0.0, 95.13427275072901, 13.182032234171624, 0.13567877147053137, 13.182032234171624, 133.80403439841083, -17.87671014368644, 0.13567877147053137, -17.87671014368644, 155.24407738361367, 7.8996736678191155, 4.874052335411522, 9.0, 0.0
21, 0 ,1.0,1.0,1.0,80.60672735489702,23.194447672541806,41.87427206404545,11.946459364299807,11.663108841587666,13.413432071877802,61.0,49.0,64.0,-0.45686373240737144,-0.027441736281341556,0.8891133117441619,13.931024139810559,-0.5784252938775155,0.7685194943844802,-0.27349948108494315,12.350916027731955,-0.6757956121591169,-0.6392376223759743,-0.366981679005364,10.585253838826745,63.26092107512207,61.25259861715548,61.33940825013888,20.57188034042966,5.95515729427279,77445.0,237683.81581797116, 0.0, 0.0,0.0,NaN, 93.74903497420483,93.74903497420483,0.0, 142.71789134286655, -16.97404231696546, -26.912522380339006, -16.97404231696546, 136.0281078507204, -10.51349555184264, -26.912522380339006, -10.51349555184264, 179.92015994688003, 6.8541398042590105, 4.521119115146303, 19.0, 0.0
22, 0 ,1.0,1.0,1.0,172.03859125697238,92.68827020365806,11.558097678038656,13.585993819307363,15.25889561404683,7.904596605157694,58.0,68.0,33.0,0.4294281598724105,0.8995826630774377,0.07963973756297703,15.745124983917588,0.9008619630019491,-0.43290051742780894,0.03232438130900126,13.069162252772161,-0.06355453661910963,-0.05786341072940505,0.9962994763493004,7.822007936612928,77.07088578495005,71.09098677267184,35.92471365501919,20.770052994938727,6.964242205461449,61672.0,196833.13429198577, 0.0, 0.0,1.7763568394002505E-15,85.43214185310816, 97.50151503528585,97.50151503528585,0.0, 184.57922805825788, 29.38338171155937, 9.578005051340408, 29.38338171155937, 232.8338953603776, 11.843533983984617, 9.578005051340408, 11.843533983984617, 62.48264749027055, 7.122910080168564, 4.77555630504424, 12.0, 0.0
23, 0 ,1.0,1.0,1.0,159.6370897202426,81.09111114297595,69.80698031230732,15.247396119529487,9.979920102721998,11.060474000564236,69.0,51.0,58.0,-0.9888166263478974,0.14716759154267053,-0.024153249418914776,15.345590645904835,0.06991807262187816,0.31440348243051974,-0.9467111034293425,11.207078852397801,0.1317313272490807,0.9378124280660238,0.32117706516204425,9.660756188009868,72.100763001923,59.20015355356041,51.8217874491088,20.322565497766952,6.435006634701761,69739.0,221194.88631614123, 0.0, 0.0,0.0,NaN, 114.3588533213633,114.3588533213633,0.0, 232.48308842584285, -19.97758883956489, 1.2592360762869699, -19.97758883956489, 99.59880525671464, -10.109975091475228, 1.2592360762869699, -10.109975091475228, 122.33408511715743, 6.759828063739697, 4.333889864046257, 16.0, 0.0
24, 0 ,1.0,1.0,1.0,136.1450497258702,117.01384992987377,122.18008096391686,10.11614852084403,11.959571440645211,12.595514377095835,49.0,60.0,64.0,0.20092343360552598,0.5151055833472058,0.8332442690068149,12.735187286751255,-0.37901016637228097,-0.7434712358536535,0.551000739785981,12.289254703831116,-0.9033167039386697,0.42651700958200706,-0.045849459349055384,9.529114122468762,59.54414308085413,61.094004263004834,46.72428898352172,19.318701583811873,5.550005538641308,62744.0,169973.15735246462, 0.0, 0.0,0.0,NaN, 130.4610883626058,130.4610883626058,0.0, 102.33646089577486, 24.357180794788505, -0.6259230659923034, 24.357180794788505, 143.0313490438966, 5.967303800241595, -0.6259230659923034, 5.967303800241595, 158.6469824236279, 7.326905055504269, 4.617841208631312, 23.0, 0.0
25, 0 ,1.0,1.0,1.0,116.16175723272644,58.451346662694725,15.561585504757566,12.99798117624232,11.098887449171523,9.349621883691228,66.0,55.0,40.0,0.9957766148524998,-0.08268260626603985,-0.03990638963814004,13.01550607785994,-0.0814689970000852,-0.9961893496592783,0.031138114156525804,11.085793169807946,0.042328900773539443,0.027755472369962127,0.9987181273576762,9.340772878555352,65.66153258991702,55.45156205176488,41.22760000816804,18.676740930140486,5.543247681975235,57067.0,150111.11599482677, 0.0, 0.0,0.0,NaN, 103.380722673082,103.380722673082,0.0, 168.94751465794965, -3.8710880376283394, -3.3550212170679554, -3.8710880376283394, 123.18530260937716, -0.8346112086850451, -3.3550212170679554, -0.8346112086850451, 87.4154293679979, 7.309358231659988, 4.795414237217787, 16.0, 0.0
26, 0 ,1.0,1.0,1.0,151.09412004579747,151.70023055568626,54.47721890242946,10.199620058560823,14.287548013599512,10.683516658815943,47.0,63.0,50.0,-0.04547486902439834,0.9907299431821844,-0.1280086558379544,14.353878993941521,-0.5885311919337687,0.07697178582486094,0.8048020752383467,11.056281507599893,0.8071945691146788,0.11193535576017882,0.579575192466526,9.696834681023207,64.93570550659936,57.192740680686434,51.97232801077877,19.670509369885806,5.947677438157473,63759.0,193017.48058583148, 0.0, 0.0,0.0,NaN, 87.70644333121683,87.70644333121683,0.0, 104.03224933899628, -6.324253573059091, -12.711002221388023, -6.324253573059091, 204.13402824091136, -12.457032185540427, -12.711002221388023, -12.457032185540427, 114.13752819919777, 6.698966775465835, 4.548235326314189, 19.0, 0.0
27, 0 ,1.0,1.0,1.0,11.797598627787307,84.46855885303731,104.66985986601509,7.483898985898797,10.608955054175645,10.128021651184424,29.0,49.0,44.0,0.1588088542223939,-0.75299720726642,0.6385725907596905,11.823091374294314,-0.02052832021612923,-0.6491591813404921,-0.7603755291633513,8.804489618357172,-0.9870959101777671,-0.10764554394081995,0.11854999358924678,7.336958965051163,58.15267500314683,43.932351709358244,32.05987252876791,15.697926027857584,4.970977002906821,30899.0,81906.04203933376, 0.0, 0.0,0.0,NaN, 127.91386315038959,127.91386315038959,0.0, 56.00874403113705, -9.962996632030336, 9.086485116090174, -9.962996632030336, 112.54992734151895, -29.638118746242935, 9.086485116090174, -29.638118746242935, 102.57682256686047, 8.551721536258443, 4.750511859067587, 10.0, 0.0
28, 0 ,1.0,1.0,1.0,52.29682845628176,67.92512568909976,97.03991050127374,12.423311000759108,10.543576356009254,13.538640158138437,60.0,51.0,63.0,-0.5417776065150796,0.008972088180341977,0.8404739893134562,14.274582691070952,-0.8126630314375618,0.24971891625316708,-0.5265161537883292,11.640268348204563,0.2146062031104954,0.968276801590861,0.1280008323702187,10.466177798303589,66.14088372877437,56.52426421514302,53.10140998130478,20.338842786815146,5.927217730213284,74191.0,198523.06151252735, 0.0, 0.0,0.0,NaN, 129.48175623060177,129.48175623060177,0.0, 154.33865622158228, -5.7252378041180325, -31.798747948660182, -5.7252378041180325, 111.1670023749974, -2.7020702937743275, -31.798747948660182, -2.7020702937743275, 183.29477733155875, 7.5339750986420695, 4.551340518994917, 17.0, 0.0
29, 0 ,1.0,1.0,1.0,97.25368551755277,186.98963765662037,138.9897053843549,10.946219272087257,7.789240720000455,12.518647840546363,53.0,32.0,59.0,0.06912637854845136,-0.11577721584632411,0.9908668831279255,12.57648182935011,0.9956474692660686,-0.05423107758696319,-0.07579648519443168,10.948696445374408,0.06251128484401133,0.9917936410940685,0.1115244939576972,7.691988172469856,58.36954418474856,53.344927434087346,34.85156336390298,17.549271819565895,5.406624612949179,44295.0,108517.97847257466, 0.0, 0.0,0.0,NaN, 115.5413559040264,115.5413559040264,1.9073486328125E-6, 119.81971635261449, -4.070223689975014, 2.199721878225595, -4.070223689975014, 60.672270994113205, -11.107861501943079, 2.199721878225595, -11.107861501943079, 156.71654375561613, 7.267523818588483, 4.748339872638565, 11.0, 0.0
30, 0 ,1.0,1.0,1.0,49.684232561280304,122.39910865014518,143.1749071510568,12.902324791663698,10.545391784154765,13.543753562097693,58.0,53.0,61.0,-0.5900513573431028,-0.025863417039747632,0.8069513488163899,14.14130829380174,-0.6829247654314721,-0.5171301295974341,-0.5159362303840559,13.128139774802625,-0.4306427294845822,0.8555159336456392,-0.28747056687685474,9.422519793273553,68.80720058932638,64.87607349402447,50.847062731483135,20.568168517414545,6.169195839082708,74045.0,226978.2881761923, 0.0, 0.0,0.0,NaN, 108.25669716366914,108.25669716366914,0.0, 166.4699850295797, 31.208488883098763, -23.500134997652292, 31.208488883098763, 111.20528788131882, 19.974787546383585, -23.500134997652292, 19.974787546383585, 183.43326055083395, 7.004151909333961, 4.338950267868606, 18.0, 0.0
31, 0 ,1.0,1.0,1.0,17.451278042395376,140.11502381558375,23.054466785441587,10.155754382320728,10.2722416165931,12.566614716402816,39.0,46.0,52.0,0.1664306004677431,-0.26977325860599216,0.9484319923795543,12.797675045515284,0.6982160515230762,-0.6469377333311513,-0.3065386021170543,10.298311904890728,-0.6962723609504201,-0.7132278444743005,-0.0806897840068454,9.83577072085289,59.85044416383597,55.86647024581598,50.26301072063903,18.377976217343043,5.369179684921847,55006.0,168061.06424404818, 0.0, 0.0,0.0,NaN, 66.50011967419398,66.50011967419398,0.0, 103.13934707402669, -7.216544307425314, 8.588607987946437, -7.216544307425314, 105.51894782966721, -15.305632319228819, 8.588607987946437, -15.305632319228819, 157.91980543051181, 7.521927306400175, 4.628788884139207, 7.0, 0.0
32, 0 ,1.0,1.0,1.0,113.19555992141454,71.02986247544204,68.30662737393583,9.490350867672166,11.691275335590104,15.755861082004909,46.0,59.0,75.0,-0.0031715680801873607,-0.20656195253920318,0.9784283831324113,15.920093772778287,-0.06254817770400034,-0.9764764820085586,-0.20635262428691875,11.473825081498225,-0.9980369064427536,0.061853373775255086,0.009823112072915374,9.481655407399519,74.98387926596148,61.220071411436415,46.71670625678276,20.81658184309268,6.455211644044496,76350.0,214453.90168519862, -1.4210854715202004E-14, 0.0,0.0,89.81828222992088, 131.3242076840316,131.3242076840316,0.0, 90.06675959152584, 2.656910587808451, 0.031312988602071545, 2.656910587808451, 136.6859189725775, -24.64203157056395, 0.031312988602071545, -24.64203157056395, 248.2471584354369, 7.391435305960599, 4.44865564251665, 23.0, 0.0
33, 0 ,1.0,1.0,1.0,178.9735145884047,154.97442314944973,88.33412760997017,12.552664168297722,8.76773297681706,13.016473232926995,51.0,40.0,56.0,-0.41527469853527904,-0.0720125062788282,0.9068412891437371,13.156755514480563,-0.9093028185311485,0.003551422203961596,-0.41611990052344083,12.425793435799834,-0.02674526065945545,0.9973974064232225,0.06695599071395214,8.739023773932354,62.37603690074857,59.6036315487454,40.51215132088015,19.23910220197206,5.807584795799197,58334.0,150617.628642996, 0.0, 0.0,0.0,NaN, 101.35252221875552,101.35252221875552,0.0, 157.56937772206555, 2.6407152563838467, -6.902420078215231, 2.6407152563838467, 76.87314155276535, -6.432140460210557, -6.902420078215231, -6.432140460210557, 169.42857542350492, 7.734115726569644, 4.62906126864157, 13.0, 0.0
34, 0 ,1.0,1.0,1.0,122.11387873363572,151.9206019326163,163.315043764506,11.699826534379142,11.472695270444618,11.467586804159106,63.0,53.0,60.0,0.1528460101868436,0.7270391222433922,-0.6693670233119646,12.19364781156035,-0.9327275214075622,-0.11770537638666398,-0.34082959844851995,11.81781252456871,0.3265845495103356,-0.6764314888421668,-0.660138601298167,10.567331025180616,58.379935254375795,67.12088224138495,49.8666690337206,19.247337536798366,5.43637954511142,65921.0,195403.17888083364, 0.0, 0.0,0.0,NaN, 98.60863257565664,98.60863257565664,0.0, 136.88594093456223, 7.186648280393951, 5.111587604251326, 7.186648280393951, 131.6227367684823, -16.8913557278648, 5.111587604251326, -16.8913557278648, 131.50554711092408, 7.336399085937604, 4.433272919671862, 18.0, 0.0
35, 0 ,1.0,1.0,1.0,145.327745216342,42.890263173016145,83.05761937596967,12.670592800763767,10.254688314382395,12.81639954255571,64.0,48.0,57.0,0.686145790642392,-0.09763048335350873,-0.720882960475476,13.106994123540185,0.6805310494921233,-0.2640276903499419,0.6834960639284067,12.556937221195424,0.2570631141585192,0.9595611848384836,0.11472091304765894,10.024603944832915,64.58347350402612,63.1914553035752,46.9023293505884,19.908425332365855,5.798038665615018,69612.0,191414.2069260428, -2.8421709430404007E-14, 0.0,0.0,46.67421615695755, 108.29218925935172,108.29218925935172,0.0, 160.54392192276663, -15.051102601452197, -8.668901713249866, -15.051102601452197, 105.15863242513086, -5.301382600513413, -8.668901713249866, -5.301382600513413, 164.2600972344222, 7.336388588572863, 4.5148483794480345, 16.0, 0.0
36, 0 ,1.0,1.0,1.0,85.1129561752988,35.319617529880475,108.49949003984064,12.200693185603766,11.549915058635813,10.76124482474946,62.0,62.0,55.0,0.8119071587469526,0.29569337810177787,-0.5033608960996172,12.861050811684036,0.4185607439702777,-0.8959101635392634,0.14883508482242377,11.609412465324791,0.40695659373267123,0.3315273819970372,0.8511615156970456,9.893268240494656,65.28099173634976,58.3095154212909,53.61109756837615,19.132116687908557,5.658971045106942,62750.0,204070.8034253708, 0.0, 0.0,0.0,NaN, 129.86159560980528,129.86159560980528,0.0, 148.85691420923817, 2.3743992182981146, -25.29941650043657, 2.3743992182981146, 133.4005378617023, -14.971757326518661, -25.29941650043657, -14.971757326518661, 115.80439017819702, 6.484935588392603, 4.197016654483866, 15.0, 0.0
37, 0 ,1.0,1.0,1.0,16.2468330134357,72.4196161228407,170.93915547024952,10.288865949315287,11.244556245141293,11.035720333493998,40.0,60.0,56.0,-0.102523957328578,-0.7476688706812723,0.6561098215907757,11.753454349790937,0.5384460226106248,-0.5963121194173953,-0.595388727614769,10.672416787648366,-0.836399855875458,-0.29223811532742705,-0.4637156079337712,10.10167123352965,54.44001465318476,55.7212370345359,53.55517976479268,18.06294589340302,5.274269295761153,52100.0,162457.7612780095, 0.0, 0.0,0.0,NaN, 79.70629251902513,79.70629251902513,0.0, 105.86076252297956, -1.0397747282097893, -6.22941534256069, -1.0397747282097893, 126.44004515014606, -13.499343894253496, -6.22941534256069, -13.499343894253496, 121.7871232790929, 7.515584804875608, 4.537106975062232, 12.0, 0.0
38, 0 ,1.0,1.0,1.0,185.22472971890767,111.43949707696004,58.41463922479379,8.852975276997977,12.856431797175759,13.822441296483339,38.0,66.0,66.0,0.14725882708328367,-0.38475735911945647,0.9111951560722197,14.043579433679206,0.1512811729771462,-0.9016379239492263,-0.40517040957995415,12.801210002844108,-0.9774604056168794,-0.19751159130529705,0.07456759853538954,8.580780404970383,68.6567176692603,63.631889372463604,41.398089170231316,19.86242512735129,6.340895935562235,62435.0,180858.17791475856, 0.0, 0.0,0.0,NaN, 107.1146178895482,107.1146178895482,0.0, 78.3751712551374, -19.311581380424897, 11.052505758579596, -19.311581380424897, 165.2878385554319, -10.363477221563809, 11.052505758579596, -10.363477221563809, 191.059883394728, 7.562341561159542, 4.489973840064798, 12.0, 0.0
39, 0 ,1.0,1.0,1.0,48.199332572485226,152.5782638216726,187.85736987330435,17.341128814091263,15.071880213183944,6.8171799934383515,87.0,77.0,29.0,-0.9139254669777771,0.38913580102374173,0.11538444076677921,17.872044689012572,0.3976104036928988,0.9154608557910375,0.061946657613715685,14.588109851457,0.08152427665806936,-0.10249268206048613,0.9913874330651093,6.490557323232639,81.67549930529026,71.48163241772929,31.71312595883589,22.615211196938493,7.931108830941849,69221.0,185150.6804578132, 0.0, 0.0,0.0,NaN, 68.69818184634626,68.69818184634626,0.0, 300.7147485469062, -36.48409997271675, -25.036130502475064, -36.48409997271675, 227.16157316056567, 22.129587823223652, -25.036130502475064, 22.129587823223652, 46.47394306293612, 8.471198870000347, 5.241968310462534, 12.0, 0.0
40, 0 ,1.0,1.0,1.0,80.82164650465688,106.6205820728891,74.45131295211587,12.658400105770442,11.372224114636094,10.682471031686209,63.0,60.0,52.0,0.9004288759551352,-0.3598449932027531,0.2444164892413822,13.009367082464454,0.3951981380580665,0.9115024124244075,-0.11393763127221229,11.135936205414271,-0.1817863334291372,0.19918567471431256,0.9629531639529492,10.508332638279436,63.74729996658041,56.21359061965492,50.77601662617778,19.31974742078629,5.515897161031741,65387.0,181954.05929858598, 0.0, 0.0,0.0,NaN, 144.20420325504958,144.20420325504958,0.0, 160.23509323776915, -14.164799912306183, 12.333112264633344, -14.164799912306183, 129.3274813135107, -6.583975055759599, 12.333112264633344, -6.583975055759599, 114.115187342815, 6.231637596698908, 3.9788681747028014, 21.0, 0.0
41, 0 ,1.0,1.0,1.0,48.552179135209336,184.32393617021276,166.74289636238848,11.595940793376295,9.898934560849458,13.114795643665975,53.0,42.0,57.0,-0.41940611484454476,0.26091809382645026,0.8694942548084925,13.822445528817523,0.9070987189407332,0.08284567240124553,0.41268451468460265,11.065012622134871,-0.035643020734570596,-0.9617995336234869,0.2714244502519215,9.537196043568398,70.23181687804038,56.748186826384114,47.08798232190543,19.195468653839928,5.998882917514697,58280.0,187670.48450232265, 0.0, 0.0,0.0,NaN, 60.90228253797927,60.90228253797927,0.0, 134.46584288348845, -8.588788433315347, -24.721227656795243, -8.588788433315347, 97.98890543997985, 23.785944742183673, -24.721227656795243, 23.785944742183673, 171.99786477512004, 7.3282848769388504, 4.502234057831856, 9.0, 0.0
42, 0 ,1.0,1.0,1.0,172.59462627355512,103.55293223591845,123.93354972500225,11.99668071855044,11.7865004610764,14.061426548041144,52.0,59.0,66.0,-0.34514245203439403,-0.015172102467783562,0.9384276717522739,14.35252783429031,-0.6153247792937289,-0.7513414249995528,-0.23845645109068728,12.240181586470346,0.7086974698634179,-0.6597392442369551,0.24998405113695074,11.169089373977831,70.94954841053419,67.98693754839093,61.86838025012677,20.990189906500987,6.322783061023815,77637.0,298430.9494246099, 0.0, 0.0,1.4210854715202004E-14,20.21084099020167, 125.8538686207705,125.8538686207705,0.0, 143.9203482628399, 12.017399993931114, -22.63604110224162, 12.017399993931114, 138.9215931189542, 3.3354402849814027, -22.63604110224162, 3.3354402849814027, 197.7237165659563, 7.560238610998053, 4.671774944059941, 16.0, 0.0
43, 0 ,1.0,1.0,1.0,114.7896080289289,152.64728404849845,63.0513410554406,9.640963346940403,12.293356397279872,10.660728221193017,45.0,54.0,49.0,0.03501458905619219,-0.8860395772054174,0.46228545962302575,12.836535621119634,-0.5607872061199318,-0.40030024507309453,-0.7247602522535446,10.30713120716958,-0.827219250262847,0.23386658893494539,0.5108960075930388,9.311944560597933,61.11229484601189,51.89950804281435,47.49436731717304,18.120822868291754,5.418642869734038,51713.0,150637.79163001297, 0.0, 0.0,0.0,NaN, 116.09721020221225,116.09721020221225,0.0, 92.94817425704831, 1.9610629908855421, 9.199129632455941, 1.9610629908855421, 151.12661151054195, -26.310880033043116, 9.199129632455941, -26.310880033043116, 113.65112620614123, 6.342939871261571, 3.9724542874025435, 15.0, 0.0
44, 0 ,1.0,1.0,1.0,98.65521294683151,159.07361306437733,16.213534560567577,11.678316851464949,10.802361735234122,10.629529435122743,51.0,55.0,45.0,-0.7807756766140985,0.022908605599755244,0.6243913344988632,13.298746372356948,-0.15497783774521576,-0.9751992085486605,-0.15801383943783043,10.91000072758552,0.605286058500949,-0.2201401813289471,0.7649621480497217,8.377125318509187,62.49472717154772,54.4959954577175,49.65441274244522,18.19014020916712,5.93125608324868,47641.0,169108.64760629556, 0.0, 0.0,0.0,NaN, 108.03100893787719,108.03100893787719,NaN, 136.38308448321018, 5.475056531044034, -50.811412046517034, 5.475056531044034, 116.69101905885034, 9.053780027625152, -50.811412046517034, 9.053780027625152, 112.98689601214083, 7.277420997839826, 4.338385083978052, 13.0, 0.0
45, 0 ,1.0,1.0,1.0,117.66274308134773,112.96598289621545,54.607679561167934,10.274466268396793,10.721652665735439,11.049968479326893,49.0,48.0,53.0,0.08202218946130259,0.645817201996668,0.7590734497011269,11.743796897722795,-0.8439024119871048,-0.3601733712804095,0.3976227630089242,10.452272459995902,0.5301896636849128,-0.6731978046797977,0.5154644859696735,9.770032304258825,58.66797173701903,51.380035112015904,49.65910137201186,17.8234774412272,4.994391682800257,52503.0,149690.53036722617, 0.0, 1.4210854715202004E-14,0.0,49.77302584871365, 131.66754602849258,131.66754602849258,0.0, 105.56465710042353, 6.442787252981405, -1.9856735426622776, 6.442787252981405, 114.95383588467186, 18.840605597703902, -1.9856735426622776, 18.840605597703902, 122.1018033941179, 6.577121293497883, 4.0224311380359765, 12.0, 0.0
46, 0 ,1.0,1.0,1.0,108.78069136745607,53.14266615737204,129.45995034377387,10.778505368502477,10.969210228139081,11.092425456974444,51.0,52.0,49.0,-0.4346007457321865,-0.5234358398859423,0.7328963864912453,12.329999244680298,0.7200032485485722,-0.6907862444903969,-0.06640547042492734,10.88062932783212,0.5410337456097629,0.4988279121558366,0.6770917221216919,9.440586718153979,56.486645508535844,51.67542387049359,46.690943995734955,18.198915075854323,5.323640069383672,52360.0,136289.52781287246, 0.0, 0.0,0.0,NaN, 126.96851514929222,126.96851514929222,0.0, 116.17617797883672, -0.24489619012408384, -21.43522517575319, -0.24489619012408384, 120.32357302911105, -22.789206055538664, -21.43522517575319, -22.789206055538664, 123.0419025185347, 7.108350876203651, 4.159097683288417, 17.0, 0.0
47, 0 ,1.0,1.0,1.0,17.758060495263422,49.523786770816024,93.69100049858734,9.637166957389564,10.638884542291501,10.998974393369593,39.0,56.0,47.0,0.3759746828725827,-0.47863029142496033,0.7934457019666297,11.607814808540523,-0.1483184646890403,-0.8763146696850345,-0.4583385568846405,10.337473504873607,-0.9146828252848891,-0.05464104524317177,0.4004618400092412,9.243027960656281,57.730118590352056,58.14552903556002,46.0030683482406,17.388885337184774,4.966382557258898,48136.0,154420.7208618951, 0.0, 0.0,0.0,NaN, 107.45211837419019,107.45211837419019,0.0, 92.8749869646012, -6.087771714871957, 16.16607927136757, -6.087771714871957, 113.18586430420905, -10.118231584902931, 16.16607927136757, -10.118231584902931, 120.97743770600003, 7.241674749425539, 4.173667401404687, 9.0, 0.0
48, 0 ,1.0,1.0,1.0,126.49387383602884,9.381677518728559,49.59416789189946,11.145688313745488,6.23295567129925,10.536956477504788,53.0,26.0,53.0,-0.9933872005675909,0.11464440037117837,0.006207351449522196,11.196523971456125,0.023976992695681647,0.15427889050390223,0.9877363655177209,10.625562356865563,0.1122807800549861,0.9813534966608203,-0.15600750309464592,5.986554247089407,52.03731173932539,52.28851332868198,27.562187842475716,15.721988069696172,5.188703820097747,28566.0,74995.43612105718, -1.4210854715202004E-14, 0.0,0.0,6.592800308263605, 89.16696667257989,89.16696667257989,0.0, 124.22636798716276, -9.910407702661315, 1.273068661383482, -9.910407702661315, 38.849736400381495, 11.807210931688804, 1.273068661383482, 11.807210931688804, 111.0274518088301, 6.618354334041809, 4.207410669538364, 12.0, 0.0
49, 0 ,1.0,1.0,1.0,149.09807162534435,52.243907607543974,159.43108709472347,10.517552231791456,9.101060327064621,11.039303874450974,49.0,43.0,51.0,0.5022742419365799,-0.08630858023101437,0.8603902689277352,11.267386928388285,-0.8214184719466088,0.2632579552007721,0.5059317572246348,10.380678659945804,0.27017083453239854,0.9608569498119974,-0.06133222779300082,8.977858119993314,50.91899765655384,48.19560618835651,42.03551105982288,17.125805868639784,4.692675932498877,47190.0,103158.16895569702, 0.0, 0.0,0.0,NaN, 83.46417727792013,83.46417727792013,NaN, 110.61890494846143, -7.8818564188962785, 8.745368275601251, -7.8818564188962785, 82.82929907686957, 0.17493510361795261, 8.745368275601251, 0.17493510361795261, 121.86623003246831, 6.597533020320952, 4.051531505961868, 14.0, 0.0
50, 0 ,1.0,1.0,1.0,134.46428673425675,116.89787234042554,184.96350135656147,9.991172871991303,10.233627878429534,8.017892590432592,50.0,47.0,33.0,-0.3449112365504676,0.9317729927282975,0.113293110661591,10.299452362376217,-0.9381155407462555,-0.3462162262510354,-0.008576531399860816,9.95077759506112,-0.031232532903820446,0.10924016982156372,-0.9935245916361444,7.983769961156916,48.905542013270264,52.3412352088601,34.78386711368472,15.75441245662041,4.5426605255718195,35015.0,89038.92483525665, 0.0, 0.0,0.0,NaN, 106.8970983060441,106.8970983060441,0.0, 99.82353535801495, -2.1488136695215565, -1.3705737984754423, -2.1488136695215565, 104.72713955417017, 4.574110548366875, -1.3705737984754423, 4.574110548366875, 64.28660159171385, 6.994838694938503, 4.322382134474552, 13.0, 0.0
