// Sample: .//bubblelabels.tif, Map: .//bubblelabels.tif, Thickness:(8.191250068658265):/gpfs/home/mader/Foam/NewValid/InSilicoTest/LatticeData_Phi_6.65/out_Step_03000.vtk/distmap.tif, Neighbors:(1.0):
//LACUNA_NUMBER, TRIANGLES, SCALE_X, SCALE_Y, SCALE_Z, POS_X, POS_Y, POS_Z , STD_X, STD_Y, STD_Z,PROJ_X, PROJ_Y, PROJ_Z, PCA1_X, PCA1_Y, PCA1_Z, PCA1_S, PCA2_X, PCA2_Y, PCA2_Z, PCA2_S, PCA3_X, PCA3_Y, PCA3_Z, PCA3_S,PROJ_PCA1, PROJ_PCA2, PROJ_PCA3,OBJ_RADIUS, OBJ_RADIUS_STD, VOLUME, VOLUME_BOX, Mask_Grad_X,Mask_Grad_Y,Mask_Grad_Z,Mask_Angle, Mask_Distance_Mean,Mask_Distance_COV, Mask_Distance_STD, SHAPET_XX, SHAPET_XY, SHAPET_XZ, SHAPET_YX, SHAPET_YY, SHAPET_YZ, SHAPET_ZX, SHAPET_ZY, SHAPET_ZZ, Thickness, Thickness_STD, Neighbors, Neighbors_STD
1, 0 ,1.0,1.0,1.0,156.04089712063342,182.09211880221142,183.54678316678002,15.771723406690755,11.558770705287897,9.362971804291135,73.0,53.0,41.0,-0.9538240465239056,-0.30008242433645466,0.013047102249844152,16.16179249802335,-0.27144470720574637,0.842572799196741,-0.4651761483392658,11.574906844280743,0.12859805287308385,-0.4472377630054556,-0.8851219826324094,8.65076154101986,79.34366343719961,66.52184422556097,46.349791006251934,20.42305816548119,7.274364275446818,57339.0,244638.22099457972, 0.0, 0.0,0.0,NaN, 50.23746887646509,50.23746887646509,0.0, 248.74725921715702, 39.81663407818128, 5.148656123648838, 39.81663407818128, 133.60518021742166, -23.910377032856047, 5.148656123648838, -23.910377032856047, 87.66524100795078, 9.709124439803405, 6.414118591836619, 12.0, 0.0
2, 0 ,1.0,1.0,1.0,185.21792553903845,35.61626155082362,16.24912950314718,8.754838572391415,16.403497744091442,10.265515890827944,37.0,72.0,47.0,0.033052481014572054,0.9976451790907812,0.060096839648224716,16.426686898958845,-0.3345764868771304,0.06770503683409612,-0.9399332967909216,10.437051158957773,0.9417887809523633,-0.010960137965224732,-0.336026438614649,8.504979353458685,72.9361814872943,56.082259705788466,41.18015408449719,20.07851572321132,6.92502415350749,59736.0,168444.3676850726, 0.0, 0.0,0.0,NaN, 41.845692990272454,41.845692990272454,0.0, 76.64719842863256, 5.683515922247546, 11.901430161511088, 5.683515922247546, 269.07473824041307, 9.512267235848368, 11.901430161511088, 9.512267235848368, 105.38081650484102, 8.503581821612661, 5.8905689612083645, 12.0, 0.0
3, 0 ,1.0,1.0,1.0,170.80101312030473,186.89552692836736,79.00546238493281,16.294914748848935,7.643078303467975,15.609159728245697,65.0,33.0,64.0,-0.8663301220111663,-0.02137845088776543,0.4990141095537852,16.634869381596012,0.4981379920182013,0.03598492227044381,0.8663507524537996,15.257042990078656,0.03647822095705983,-0.9991236395996392,0.02052540350342471,7.62171371170658,73.90989828691895,77.0454913642599,33.946949367970376,22.682411316342577,7.286630011418283,75608.0,193308.33781166986, 0.0, 0.0,0.0,NaN, 85.24183911637991,85.24183911637991,9.5367431640625E-7, 265.5242466722546, 7.1805126790456955, -19.12719313324902, 7.1805126790456955, 58.41664595294291, 3.1136010392892617, -19.12719313324902, 3.1136010392892617, 243.64586742188726, 8.363201984243473, 5.583347611763258, 13.0, 0.0
4, 0 ,1.0,1.0,1.0,55.71360606606508,80.23350420071732,28.77965477145805,13.200114481449186,14.233297318059838,15.785368830031045,67.0,69.0,66.0,0.06765670416409866,0.4111190845647542,0.9090674720219013,16.177114796983137,0.10734339010391816,-0.9088657908314932,0.403038919779769,13.808141459814571,-0.9919173186221976,-0.07031409931787193,0.10562178020875602,13.177398462471592,76.49820352946287,79.06519805889506,66.94585047691541,24.014288939867935,7.0229317724290246,122122.0,404911.6410544395, -7.105427357601002E-15, 0.0,0.0,86.1205929293268, 101.83167299998324,101.83167299998324,0.0, 174.2430223233645, 0.788676974010323, 6.152179178458761, 0.788676974010323, 202.58675254428937, 26.67440235614432, 6.152179178458761, 26.67440235614432, 249.17786910011566, 8.152311729663404, 5.238190604957167, 24.0, 0.0
5, 0 ,1.0,1.0,1.0,13.980425424953657,107.33501429603795,138.60148615955006,8.143709546976654,14.799093817093981,12.589184717990609,33.0,73.0,64.0,-0.04023859618651381,0.9974122654282673,-0.059578755863071015,14.814921561228873,0.008078894586348055,-0.05930033075934997,-0.9982074945792057,12.580670501660048,-0.9991574384646302,-0.0406477987729279,-0.0056718264883733865,8.128073801316827,73.00761352669589,63.71820562403239,33.83147107005265,20.086725052978412,6.351710911431177,63654.0,157381.0983369995, 0.0, 0.0,0.0,NaN, 112.03583967817666,112.03583967817666,0.0, 66.32000518551868, -6.201457444734608, -0.37580589193452807, -6.201457444734608, 219.0131778071493, -3.6585555087252795, -0.37580589193452807, -3.6585555087252795, 158.48757186368826, 9.089581877132233, 5.472123779563307, 18.0, 0.0
6, 0 ,1.0,1.0,1.0,51.70696280959327,185.24797264442458,121.48218907345537,14.44572231548627,8.653250699827407,12.269990407141789,65.0,34.0,55.0,-0.9570443261103605,0.014323508594776128,0.2895876291582598,14.648754493890186,-0.2890709075661429,0.03021025444933107,-0.9568308894078374,12.030713758237928,0.022453691430430106,0.9994409325356065,0.024772042982059178,8.647902851364014,65.55741981317553,58.31648630540593,35.10586574998973,19.928530918751836,6.079799412967014,63753.0,134212.47617576068, 7.105427357601002E-15, 0.0,-1.4210854715202004E-14,53.276486194742155, 95.16448364168703,95.16448364168703,0.0, 208.67889321613802, -2.5272908734782877, -19.397138075537004, -2.5272908734782877, 74.8787476740635, -1.4421584405796057, -19.397138075537004, -1.4421584405796057, 150.55266459135152, 9.227777270254071, 5.472812844914504, 11.0, 0.0
7, 0 ,1.0,1.0,1.0,56.39013529470345,148.90412712865088,11.598639939679334,13.214505547835461,17.906638208205376,8.357660589660291,63.0,90.0,34.0,0.2738537782110888,-0.9608349801519833,0.04242934215669074,18.2648007188238,0.9459004077984252,0.2770538248211851,0.16885969524645228,12.843445254349465,-0.17400151345975287,-0.006108933482181283,0.9847264362478677,8.158695240384791,99.11485135354526,59.795356102669004,35.686620278302186,22.10187337462048,8.753772481479011,70291.0,211500.60323001503, 7.105427357601002E-15, 0.0,0.0,74.10628152309778, 76.97508708335674,76.97508708335674,0.0, 174.6231568737742, -44.48087064131988, 18.818091888497417, -44.48087064131988, 320.64769191956066, -6.283532250883099, 18.818091888497417, -6.283532250883099, 69.85049053196082, 8.17575512403539, 5.269476927468759, 16.0, 0.0
8, 0 ,1.0,1.0,1.0,25.189750625139865,50.12657501191901,48.74881539644084,14.155272915048792,13.362856282814569,14.307613309537865,63.0,66.0,81.0,0.6416886272460085,0.22730833054544733,0.7325070842850432,16.587756449883976,-0.49222168341058525,0.8544885626081339,0.1660334627487333,13.767586418912604,-0.5881781363189076,-0.46709765492509947,0.6602016818517582,10.90620823691908,89.00239916149931,67.4279081527727,60.121080384555526,23.043621702963176,7.255134510164967,102777.0,360801.3688868598, 0.0, 0.0,0.0,NaN, 74.32122214777246,74.32122214777246,0.0, 200.37175129951393, -6.909926013431417, 67.65448108174573, -6.909926013431417, 178.56592803515682, 36.025887703549266, 67.65448108174573, 36.025887703549266, 204.70779861526506, 8.045473811485556, 5.136162132387807, 20.0, 0.0
9, 0 ,1.0,1.0,1.0,88.74259306153456,178.40067105596353,81.55754621423145,12.896213340470242,12.152752923440804,15.298622180565058,62.0,56.0,73.0,0.4030854870306002,0.2870391636384821,0.8689825134506587,15.898417132044166,-0.6679785307263748,-0.5567801990410849,0.49376157449157837,13.2889762020633,-0.6255611661811631,0.7794897872926173,0.03269401891130958,10.894632025053369,76.69993117408342,75.65852894868095,59.14291612154399,22.370865066268212,6.89883750726402,94776.0,343206.5766423875, 0.0, 0.0,0.0,NaN, 122.44758951732906,122.44758951732906,NaN, 166.31231852292262, 37.04714032119202, 27.862115909538062, 37.04714032119202, 147.689403618199, 17.52177492256235, 27.862115909538062, 17.52177492256235, 234.04784062367716, 8.412164999028231, 5.02965972309746, 21.0, 0.0
10, 0 ,1.0,1.0,1.0,186.20379260203575,20.493098022030555,110.87054558492521,8.487654354144716,11.074775191775235,13.345048027985898,34.0,45.0,65.0,0.026467182231547134,-0.3712672941603559,0.9281487405322328,13.733915456340059,0.10846559388924724,-0.9219257687445035,-0.3718710688761757,10.615434838802166,-0.9937478066425985,-0.11051458370597138,-0.015868950227436902,8.454190574755883,74.03902021678738,56.74887722431774,35.99998937151216,18.395010801638556,5.865561052503847,50203.0,151258.68099429802, 0.0, 0.0,0.0,NaN, 92.48979429881489,92.48979429881489,0.0, 72.04027643543176, -5.272431644790063, 1.2153944609012317, -5.272431644790063, 122.65064554836019, -26.238120350473647, 1.2153944609012317, -26.238120350473647, 178.0903068692503, 8.675579454988688, 5.401762785033274, 9.0, 0.0
11, 0 ,1.0,1.0,1.0,77.38634692214426,101.02874122955218,159.63097533342608,11.719301609146044,14.997728913284003,13.948073006488443,58.0,80.0,76.0,0.17654806051964037,0.9028493146769451,0.3920381324745392,15.330174354963749,0.011683085185689779,-0.40018862919895604,0.9163583177886281,13.697306449383763,-0.9842226820426856,0.15720106884888377,0.08120059178030159,11.58413542889159,77.38221590711639,75.11925153645947,60.503739399064656,22.602245221626234,6.779465635155911,100622.0,351701.8322720196, 0.0, 0.0,0.0,NaN, 131.96065665603467,131.96065665603467,0.0, 137.34203020613305, 15.820880967394412, 7.550206057453212, 15.820880967394412, 224.931872556355, 16.094653448905, 7.550206057453212, 16.094653448905, 194.54874059433155, 7.458126793144648, 4.819037277104252, 31.0, 0.0
12, 0 ,1.0,1.0,1.0,20.151238068235518,176.991966732823,48.40420328891409,12.5226936284213,12.435699155028157,13.87850514370968,52.0,51.0,81.0,0.2712285609500512,-0.4952875920125762,0.8253031375945136,14.673472409177513,0.9046760645963108,-0.16157304209932308,-0.39427829031447065,12.431470150063888,-0.32862788358795153,-0.8535715279138324,-0.404251605888399,11.585557024797055,90.61191227064563,62.97652486948581,59.23673217622317,21.445503167109802,6.645883546913404,84648.0,338029.8714657424, 0.0, 0.0,0.0,NaN, 57.25739154502892,57.25739154502892,9.5367431640625E-7, 156.81785571130342, -13.86239672660434, 10.903971617702746, -13.86239672660434, 154.64661347436802, -31.850523837108135, 10.903971617702746, -31.850523837108135, 192.61290502397603, 7.756354080511535, 4.848539477216294, 11.0, 0.0
13, 0 ,1.0,1.0,1.0,167.5131572745982,187.2597520933813,25.364161940521264,15.330991317665996,7.3842698958087185,14.375781948417309,74.0,31.0,52.0,0.7797094144953451,0.03059639221101613,0.6253935478808491,16.92647267047623,-0.6255703007214742,-0.004589265012337206,0.7801543036488946,12.46661233235491,-0.026740003787784645,0.9995212851311955,-0.015561901140704115,7.369392321985291,88.14573646189051,61.92072156748128,32.35723041640526,21.02781410113432,7.352610246237348,63653.0,176607.30397278236, 0.0, 0.0,0.0,NaN, 43.13988384235731,43.13988384235731,0.0, 235.03929478235017, 5.829646012313552, 63.88025724435276, 5.829646012313552, 54.527441894146904, 4.081047970644297, 63.88025724435276, 4.081047970644297, 206.66310662844094, 8.532113790748058, 5.036380145731256, 12.0, 0.0
14, 0 ,1.0,1.0,1.0,176.13605208701358,61.37994246201988,108.45013879775905,13.459730664771593,12.994823403054061,13.977306004134205,55.0,65.0,66.0,-0.6327924776879011,-0.34270915828227666,0.6943515773806958,15.501673111966369,-0.12779810444834205,-0.8382008565344695,-0.5301763561347236,12.808219222052896,-0.7637023796486545,0.4242284254200039,-0.48660961600100605,11.876132327804958,76.68298946340492,65.69349888409809,67.88566576573709,22.392646676474,6.630553732573057,99065.0,341979.0568741315, 0.0, 7.105427357601002E-15,0.0,69.95798315223922, 112.77571738980065,112.77571738980065,0.0, 181.16434956819276, 23.99038142125773, -42.05370181917102, 23.99038142125773, 168.86543527656156, -13.395212983484315, -42.05370181917102, -13.395212983484315, 195.36508313320607, 7.0124536102518915, 4.508819513378072, 18.0, 0.0
15, 0 ,1.0,1.0,1.0,189.66729198328267,24.463217135258358,175.839570668693,6.332808989644203,13.138330022870603,12.830834830986335,27.0,56.0,54.0,-0.022795441965010908,0.796353868196739,0.6044012611119461,13.551846286351337,0.012196061255000631,-0.6042918551595323,0.7966696993595999,12.396977384971537,-0.9996657560982489,-0.025531752700155355,-0.004062719357033768,6.325576803489426,76.11586396469862,61.97160911689622,27.696024588110276,18.402995904073723,6.2193447969923765,42112.0,130642.77305965387, 0.0, 3.552713678800501E-15,0.0,37.21668043825513, 35.90181322772727,35.90181322772727,0.0, 40.10446969931843, -3.4452855413633836, -0.8745434878643096, -3.4452855413633836, 172.61571578986306, 14.41207957270623, -0.8745434878643096, 14.41207957270623, 164.63032246005216, 7.882294847929318, 4.935160335735035, 10.0, 0.0
17, 0 ,1.0,1.0,1.0,19.173551553268535,11.635720411663808,19.307223175147705,12.468371149999168,7.69464529707163,11.959581542399269,56.0,33.0,47.0,-0.847475650167475,0.15670217629099606,0.5071779276731992,13.0757588123685,-0.4655321461298507,0.23971012881694315,-0.8519500425860072,11.630436720913998,0.2550781121400868,0.9581145453901794,0.13019859683890253,7.173347141520353,71.60940336260096,57.5773391342386,33.52693511967507,17.89721183351747,6.1146745324129075,41976.0,138234.19886107175, 0.0, 0.0,0.0,NaN, 29.593646875625463,29.593646875625463,NaN, 155.46027913413158, -25.224824261458206, -18.13162571066556, -25.224824261458206, 59.20756624774655, -7.616953745683553, -18.13162571066556, -7.616953745683553, 143.0315906692973, 7.977028859522579, 4.60089588344034, 3.0, 0.0
18, 0 ,1.0,1.0,1.0,27.724904189169788,40.90302949979568,141.15012756369902,13.745003766518659,13.00496549729655,13.019756857586424,59.0,67.0,68.0,-0.781140318389028,-0.44036105001466697,0.44260812082141954,15.336072409740357,0.0030398711771980474,0.7062131660392241,0.7079927424035376,13.261799915551526,-0.6243481097675516,0.554387147887499,-0.5503129365069028,10.793417938782538,69.96926476006658,59.42690095278928,55.86868645027244,22.023335390508596,6.522347969507651,90543.0,232305.15856388115, 0.0, 0.0,0.0,NaN, 76.84422958380608,76.84422958380608,0.0, 188.92512854161214, 40.95739768707587, -40.910480353461004, 40.95739768707587, 169.12912758587368, 6.553395845170586, -40.910480353461004, 6.553395845170586, 169.5140686306687, 8.116963458659878, 4.77091154876025, 21.0, 0.0
19, 0 ,1.0,1.0,1.0,121.86162334833745,78.96234451381831,179.46390139231724,11.474448763219106,11.19150841668509,11.676270863680946,55.0,55.0,48.0,-0.30390046568627593,0.654212337381643,-0.692568209329098,12.559257102206729,-0.8612369241250379,0.12215651888839774,0.49330390776549937,11.640242712171322,-0.40732722408317945,-0.7463806016441727,-0.5263083981944192,10.000897308988357,60.376254797745446,60.93094827401465,50.52307825017269,19.055443288236663,5.489828542981098,61983.0,185863.41399393592, 0.0, 1.4210854715202004E-14,2.8421709430404007E-14,65.70122268585325, 112.97074445581248,112.97074445581248,0.0, 131.66297441974046, -15.207443510397692, -2.9247877282173316, -15.207443510397692, 125.24986064073323, -24.012926998537413, -2.9247877282173316, -24.012926998537413, 136.33530128204458, 7.725964108594664, 4.8176296149301, 17.0, 0.0
20, 0 ,1.0,1.0,1.0,15.865292434112337,101.98516320474778,22.608378838691554,9.749101296803666,11.560754894335266,12.456646347848379,41.0,52.0,54.0,-0.09539655627594855,-0.5123625936772553,0.8534541989181407,12.880326610066392,-0.3240686225661171,-0.7946730978809838,-0.513297375185515,11.291173607707776,-0.9412114666315902,0.3255445286048525,0.09023156308440565,9.511606227983737,58.892864253723495,59.095089437347326,45.815384984557966,18.772840208858913,5.6075430047555725,56953.0,159450.32591743456, 0.0, 0.0,0.0,NaN, 101.83199168107056,101.83199168107056,0.0, 95.04497609533892, 13.220641091897212, 0.016601100037619627, 13.220641091897212, 133.65105372689683, -17.884254031944078, 0.016601100037619627, -17.884254031944078, 155.16803823536435, 7.904026666107838, 4.873084804081183, 9.0, 0.0
21, 0 ,1.0,1.0,1.0,80.59469447351759,23.20351203628329,41.90162938843018,11.928096538865658,11.663420923875949,13.423403043941578,61.0,49.0,64.0,-0.4539846529873013,-0.029980476442292098,0.8905049724085164,13.941869670904985,-0.576445511934475,0.7719767102439324,-0.26788529375752657,12.344020274385135,-0.6794177703170565,-0.6349434068271349,-0.3677476900051867,10.57128457251883,63.19101239360344,61.18778332537106,60.333547399928,20.567969340213708,5.954935867673586,77391.0,233280.74548419155, 0.0, 0.0,0.0,NaN, 93.7531561788879,93.7531561788879,0.0, 142.27948704049888, -16.95267457401902, -27.129712640657655, -16.95267457401902, 136.0353876475073, -10.606707018487455, -27.129712640657655, -10.606707018487455, 180.1877492801, 6.8593860926777035, 4.5197587727725175, 19.0, 0.0
22, 0 ,1.0,1.0,1.0,172.017365153279,92.680345362825,11.576477816582589,13.588481643025617,15.274906413443281,7.922451330952945,58.0,68.0,33.0,0.4246517266112532,0.9017820983064773,0.0803738655288416,15.749593454994521,0.9031165688293474,-0.42816975230795457,0.03242107824319727,13.085899963640205,-0.06365040606302584,-0.05881930280538651,0.9962373790545607,7.838645452985347,76.97210305155092,71.05142896728975,35.94723843702609,20.78879977724611,6.96854634878625,61848.0,196594.65302495673, 0.0, -1.4210854715202004E-14,0.0,25.606686092788976, 97.50225181079291,97.50225181079291,0.0, 184.64683336284418, 29.00239796081245, 9.583848512886238, 29.00239796081245, 233.3227659394507, 12.00093724023155, 9.583848512886238, 12.00093724023155, 62.76523509131808, 7.113868030817639, 4.7747746643126, 12.0, 0.0
23, 0 ,1.0,1.0,1.0,159.62749515677692,81.0848245676975,69.80809356389467,15.249676624196804,9.972430678537433,11.058569140150821,69.0,49.0,58.0,-0.988865894273018,0.1469318156688036,-0.02356447936816976,15.347655908223791,0.0690216892058082,0.312585174025112,-0.9473787602637437,11.20370898452328,0.13183417448750143,0.9384570051547165,0.31924629976436675,9.655067339028808,72.09355793150368,59.191443658468295,51.79739693031759,20.318904929812636,6.437085105977738,69685.0,221036.1596765191, 0.0, 0.0,0.0,NaN, 114.35846208093139,114.35846208093139,0.0, 232.55263714257444, -19.98305408440421, 1.20432650831006, -19.98305408440421, 99.44937363823458, -10.058831040484925, 1.20432650831006, -10.058831040484925, 122.29195142749609, 6.76239820951932, 4.334357551268726, 16.0, 0.0
24, 0 ,1.0,1.0,1.0,136.12495421318343,117.00046184962814,122.1511044576452,10.114113449708922,11.958399239168324,12.603017436024,49.0,60.0,64.0,0.1945972463796059,0.5051199701328951,0.8408244332049457,12.737573632888834,-0.38131232007681065,-0.7508320475187712,0.5393071026571129,12.290377309082846,-0.9037327183736984,0.42556439253268497,-0.04649861878778925,9.530765723527471,59.152865197079194,61.60316146832545,47.05993255801679,19.32197814422088,5.549397473950464,62791.0,171486.55923587838, 0.0, 0.0,0.0,NaN, 130.4967254171821,130.4967254171821,0.0, 102.2952908735829, 24.25974066869188, -0.6991697150018071, 24.25974066869188, 143.00331236334156, 5.945208994453593, -0.6991697150018071, 5.945208994453593, 158.83604849272496, 7.322945050874212, 4.6185952281613964, 23.0, 0.0
25, 0 ,1.0,1.0,1.0,116.14612728515591,58.45990570171595,15.565719594061662,12.989874386225708,11.09616491032798,9.345885218176639,65.0,55.0,39.0,0.9958112527609218,-0.08182631136513083,-0.04079710336654273,13.007345356385343,-0.08055514521060948,-0.9962399565173855,0.031887577806032144,11.083476940949927,0.04325294735415608,0.028467592216672166,0.9986584895441303,9.336636893314491,64.81141457788137,55.464509143773945,40.412765711970906,18.670044581835008,5.535044544600832,57053.0,145273.11450749837, 0.0, 0.0,0.0,NaN, 103.3988596185265,103.3988596185265,0.0, 168.7368365699227, -3.820486807621091, -3.4237183716139787, -3.820486807621091, 123.12487571719396, -0.8593749045376178, -3.4237183716139787, -0.8593749045376178, 87.34557051133258, 7.3111839417465525, 4.794963080769218, 16.0, 0.0
26, 0 ,1.0,1.0,1.0,151.1055909390393,151.749960781853,54.446679007310266,10.208022283355668,14.273256236080487,10.682886999267824,47.0,63.0,51.0,-0.04685445964744255,0.9908966509157493,-0.12620810914952266,14.338393870228671,-0.5903109296161959,0.07445692131907776,0.803734516642994,11.060349900363777,0.805814908019707,0.11216057271446285,0.5814484843402334,9.70220379404255,64.94307389014459,57.24509407768233,51.94915734268116,19.66578438021355,5.942269084143903,63746.0,193129.9471332683, 0.0, 0.0,7.105427357601002E-15,82.7494720948556, 87.65369574010191,87.65369574010191,0.0, 104.20371893748586, -6.414112038757737, -12.719819226276233, -6.414112038757737, 203.7258435808105, -12.251190401005283, -12.719819226276233, -12.251190401005283, 114.12407463912551, 6.700126091616449, 4.548210219917523, 19.0, 0.0
27, 0 ,1.0,1.0,1.0,11.762792813281783,84.47350466226973,104.63683030637773,7.466209116898947,10.615122513986712,10.106181923110096,29.0,49.0,44.0,0.15628109323537118,-0.7562816035383083,0.6353065055913426,11.8149983441819,-0.02195183876616275,-0.645710492156918,-0.7632667142573791,8.793887731131724,-0.987468650981864,-0.1053380105564774,0.11751411345052067,7.3234807521041265,58.10835159636387,43.889885651860965,32.002175365274155,15.68081985121079,4.96708228450458,30779.0,81617.3530073979, 0.0, 0.0,1.4210854715202004E-14,50.557278877948704, 127.9385415686348,127.9385415686348,NaN, 55.74427857726494, -9.82400150949574, 8.931820334217, -9.82400150949574, 112.68082598694757, -29.62156551171603, 8.931820334217, -29.62156551171603, 102.13491306299728, 8.56594070286278, 4.749494252350501, 10.0, 0.0
28, 0 ,1.0,1.0,1.0,52.2796443486461,67.93428532938165,97.04056311464367,12.434722531379986,10.533334910320217,13.544348332153579,60.0,51.0,63.0,-0.5434675303148016,0.011777424237734674,0.8393475655363841,14.28670269018722,-0.8125524977202667,0.24361781110267805,-0.5295364015458202,11.641578255914071,0.21071659152066388,0.969799801191908,0.12282859465958777,10.458805976865477,66.91977497434914,56.55163583532568,53.12682807777961,20.343467784951667,5.930106153404048,74230.0,201054.376522355, 0.0, 0.0,0.0,NaN, 129.4801113146027,129.4801113146027,0.0, 154.6223244324091, -5.780707192069325, -31.96148469801646, -5.780707192069325, 110.95114433297063, -2.4357690034591, -31.96148469801646, -2.4357690034591, 183.4493717427114, 7.532723867347599, 4.552045286595757, 17.0, 0.0
29, 0 ,1.0,1.0,1.0,97.2677447729887,186.9653562487313,139.0139386967995,10.95191074672421,7.803069857965403,12.507046876584235,53.0,32.0,59.0,0.06905200218546073,-0.11739880222590376,0.990681251578984,12.566021408771478,0.9955909196806593,-0.055086715512150136,-0.07592216029264649,10.954823332009925,0.0634865469497121,0.9915558355483602,0.11307733347756044,7.703597958377937,58.24997423235409,53.35743337604991,34.888048569656945,17.55119448348091,5.405001571564022,44337.0,108434.46639057485, 0.0, 0.0,0.0,NaN, 115.54313386880023,115.54313386880023,0.0, 119.94434900421322, -4.125961251972142, 2.156968981444238, -4.125961251972142, 60.88789920828822, -11.209229089963788, 2.156968981444238, -11.209229089963788, 156.42622157307548, 7.261817859156, 4.7494769024836705, 11.0, 0.0
30, 0 ,1.0,1.0,1.0,49.71788941189201,122.43515663041714,143.1729291781637,12.88680645474173,10.541890106491525,13.546649579331874,58.0,53.0,61.0,-0.5834693008250084,-0.01992812470128668,0.8118906606438254,14.141290587376455,-0.6878919408418644,-0.519279634025064,-0.5071028883881544,13.12328894710597,-0.4317038947236746,0.8543720100358427,-0.2892753286191635,9.408301131377216,68.46737505762464,64.79302824442266,50.8369794217254,20.559432748628684,6.1662523058272845,73932.0,225523.44357667313, 0.0, 0.0,0.0,NaN, 108.24735300556334,108.24735300556334,0.0, 166.06978060197315, 31.19596469513339, -23.60123107897861, 31.19596469513339, 111.13144701734392, 20.238415334092117, -23.60123107897861, 20.238415334092117, 183.51171482521244, 7.00964587660735, 4.339588524571902, 17.0, 0.0
31, 0 ,1.0,1.0,1.0,17.45136639860267,140.13212765183218,23.03278628870856,10.15742011209746,10.26682564195406,12.56499489909536,39.0,46.0,52.0,0.16740000308952643,-0.27052986583184757,0.9480457956547401,12.79884551692224,0.7048420810281253,-0.6395167961130853,-0.30694609999346323,10.28726812507437,-0.6893292970544403,-0.7196053496064756,-0.08362571996804435,9.839799635511294,59.87296836850666,55.76957024847112,50.328923865544425,18.374585826505296,5.369784410440594,54962.0,168052.792067189, 0.0, 0.0,0.0,NaN, 66.47722597172746,66.47722597172746,0.0, 103.173183333642, -7.093333990514292, 8.682828822635749, -7.093333990514292, 105.4077087622854, -15.413032532087504, 8.682828822635749, -15.413032532087504, 157.8790968142924, 7.524650529558918, 4.629080695901832, 7.0, 0.0
32, 0 ,1.0,1.0,1.0,113.16725562542223,71.02775035077691,68.22973288988203,9.497465419142358,11.720877885124523,15.850845204034137,46.0,59.0,75.0,-0.0015351255513364002,-0.2078139153071623,0.9781671738482378,16.0196919790857,-0.06110487612108062,-0.976320975231999,-0.2075175834387659,11.49588484636732,-0.998130170620931,0.06008934952839255,0.011199668275696583,9.489163396334659,75.00355760335643,61.24024724341909,46.68804073230615,20.895140679774585,6.497939476515496,76972.0,214449.20868562284, 0.0, 0.0,0.0,NaN, 131.30180221816343,131.30180221816343,0.0, 90.20184938780494, 2.5654100450046515, 0.2838359244356016, 2.5654100450046515, 137.3789783980011, -25.331246550080305, 0.2838359244356016, -25.331246550080305, 251.249293682252, 7.359979086184473, 4.454584161636015, 23.0, 0.0
33, 0 ,1.0,1.0,1.0,178.98233215547702,154.93500634670144,88.34158976294212,12.567903868954232,8.752716764369351,13.022755361959426,51.0,41.0,56.0,-0.4153730954076078,-0.07145809681058779,0.9068400807263156,13.160499072161324,-0.9092525548171192,0.0031071916800790977,-0.4162332722385424,12.443557823803115,-0.02692551150941471,0.997438762912326,0.06626410091357525,8.724307909014858,63.19846646931193,60.07429295272607,41.4478288867835,19.24386220007246,5.8162000703708445,58298.0,157360.95932207681, 0.0, 0.0,0.0,NaN, 101.37471329892131,101.37471329892131,0.0, 157.95220765927476, 2.6592345627140306, -6.774043063984627, 2.6592345627140306, 76.61005075727229, -6.393044639408001, -6.774043063984627, -6.393044639408001, 169.59215721744297, 7.7333695479927185, 4.631353114311962, 13.0, 0.0
34, 0 ,1.0,1.0,1.0,122.13534017114766,151.92349942343873,163.29799113916368,11.68923194905498,11.470091595764117,11.474618106281007,63.0,53.0,60.0,0.16469583548637953,0.7255599630974539,-0.6681601766967741,12.196542733603508,-0.929456013668506,-0.11256713582684945,-0.3513405165750022,11.806887798663219,0.33013148960511657,-0.6788898142421643,-0.6558367324947163,10.569283387069317,58.4600924154544,67.03227284927053,49.87215559830207,19.244295488396578,5.433700085052607,65908.0,195434.65777758864, 1.4210854715202004E-14, 0.0,0.0,80.52043460511369, 98.59661562331587,98.59661562331587,0.0, 136.63814355880768, 7.324260865796619, 4.966603736096657, 7.324260865796619, 131.56300121521863, -16.864258188327774, 4.966603736096657, -16.864258188327774, 131.66686068499192, 7.338177713335425, 4.432150586943723, 18.0, 0.0
35, 0 ,1.0,1.0,1.0,145.33374511606527,42.86790393013101,83.03627039760974,12.652857480825187,10.254742867170243,12.832272725433173,64.0,48.0,57.0,0.6631660012754305,-0.08774176792662688,-0.7433116687591187,13.106932320552005,0.7035870850275258,-0.2656582817225795,0.6590833719148711,12.551386525061478,0.25529604096974395,0.960066174549086,0.11444156566500785,10.029596125703343,63.645086020726964,62.839617825216095,47.27888145479723,19.908237082142595,5.795159470027769,69616.0,189088.7131142826, 0.0, 0.0,-1.4210854715202004E-14,41.98571169832456, 108.26393126033813,108.26393126033813,0.0, 160.09480243007388, -14.786584691919446, -8.690253769508029, -14.786584691919446, 105.159751271779, -5.32691417811385, -8.690253769508029, -5.32691417811385, 164.6672232998961, 7.335775907054438, 4.514784844941419, 17.0, 0.0
36, 0 ,1.0,1.0,1.0,85.08870633274844,35.33104163343436,108.47773169564523,12.209993124966042,11.541262843109118,10.743463302114128,62.0,62.0,55.0,0.8164877695928618,0.28814797314849266,-0.500318366318576,12.861954100726484,0.41105781723968127,-0.8986318508228762,0.15327187469591824,11.606755970863977,0.4054370394912409,0.33080438669562395,0.8521673924479334,9.877248422153851,65.04256856509991,58.24499469563456,53.57001207311373,19.124004852910083,5.655008597266814,62690.0,202944.8512890686, 0.0, 0.0,0.0,NaN, 129.8641445659982,129.8641445659982,0.0, 149.083932111718, 2.2423684395672474, -25.38407506714687, 2.2423684395672474, 133.20074801373116, -14.9022869018939, -25.38407506714687, -14.9022869018939, 115.422003723873, 6.488990399218153, 4.196075571958206, 15.0, 0.0
37, 0 ,1.0,1.0,1.0,16.242141151090223,72.44300408351953,170.96478927498268,10.288186066929349,11.222152742288843,11.014665708718313,40.0,59.0,56.0,-0.10887326757258992,-0.7463269760608042,0.6566145417305362,11.729554148228997,0.5471572234933413,-0.5964663371215805,-0.587236648600735,10.657776851967597,-0.8299190227890463,-0.2953370167870942,-0.4732974351590918,10.096320985946457,54.56981041157239,55.70368938082203,53.65834513882049,18.039132281136187,5.262703861849595,51916.0,163107.4056430656, 0.0, 0.0,0.0,NaN, 79.7172468896344,79.7172468896344,NaN, 105.84677254775919, -0.9064451100609456, -6.292383195465872, -0.9064451100609456, 125.93671217126102, -13.387167511659772, -6.292383195465872, -13.387167511659772, 121.32286067481512, 7.528563815578262, 4.537026459338311, 12.0, 0.0
38, 0 ,1.0,1.0,1.0,185.19249532157195,111.43334239695463,58.44604212984437,8.86714309621276,12.84988836819172,13.816943312759227,38.0,65.0,66.0,0.148330050374474,-0.38349890365470596,0.9115518564796765,14.037598107606312,0.15152155409263346,-0.9020517954961745,-0.404158108773634,12.796405008964703,-0.9772611804432114,-0.19806854656347095,0.07569303839175015,8.593697602753728,68.67546179332975,63.14366751538482,41.616223474335015,19.863019527470815,6.333579992630587,62521.0,180465.4456863592, 0.0, 0.0,0.0,NaN, 107.14128464051701,107.14128464051701,0.0, 78.62622668871363, -19.295361170604338, 11.15314667019597, -19.295361170604338, 165.11963107498886, -10.2953826622076, 11.15314667019597, -10.2953826622076, 190.90792250800192, 7.556444032639716, 4.491154724080488, 11.0, 0.0
39, 0 ,1.0,1.0,1.0,48.231726418378,152.54571295974011,187.85893085044668,17.319239266700702,15.026628678798893,6.8228147309235485,87.0,77.0,29.0,-0.914288176370698,0.3880470289559354,0.1161750139540148,17.85307950814357,0.39649543568522966,0.9160296688362937,0.06067137127550502,14.538853073902578,0.0828764141932058,-0.10153398017482579,0.9913739712340316,6.495823462165078,81.68377729078873,70.58899677196638,31.727315191923765,22.574812432430324,7.917339371330728,68952.0,182938.9344987019, 0.0, 0.0,0.0,NaN, 68.74310403153814,68.74310403153814,0.0, 299.9560487772275, -36.66422151164168, -25.303181882010605, -36.66422151164168, 225.7995694505014, 21.869273552027643, -25.303181882010605, 21.869273552027643, 46.55080085250737, 8.479658157410938, 5.244667901773705, 12.0, 0.0
40, 0 ,1.0,1.0,1.0,80.81936502583127,106.5595192469838,74.45044534040564,12.658222811463787,11.33916119359697,10.682696177328882,63.0,59.0,52.0,0.902880857970754,-0.35356329418470256,0.24453865403092506,13.003923317544066,0.38990799129914283,0.913072972216616,-0.11945503643037558,11.10851236095142,-0.18104671947059006,0.2032012411693792,0.9622532623775099,10.508382863893853,63.84066815043748,56.32428434308186,50.776977600101326,19.301915948979982,5.510283081175624,65231.0,182582.83775047032, 0.0, 0.0,0.0,NaN, 144.2420258382351,144.2420258382351,0.0, 160.23060474466217, -14.112296066483589, 12.35077796516988, -14.112296066483589, 128.57657657437548, -6.488086247859556, 12.35077796516988, -6.488086247859556, 114.11999761711712, 6.234764924813691, 3.980978188998578, 21.0, 0.0
41, 0 ,1.0,1.0,1.0,48.55369208080393,184.33247590630037,166.79123366601502,11.589381190963772,9.89499518669083,13.130711555070665,53.0,42.0,57.0,-0.4186916077317074,0.259658658177272,0.8702153290126629,13.838539342123234,0.9073753699035284,0.08059848334334456,0.41252129954123257,11.054802846637086,-0.036976691407870264,-0.9623311621870777,0.2693537795840182,9.5355353795714,69.37505717370502,56.74690474534199,47.06728297891303,19.20028681088312,5.999104804586082,58314.0,185295.40973450107, 0.0, 0.0,0.0,NaN, 60.874908520090564,60.874908520090564,0.0, 134.31375638946486, -8.646842646065092, -24.936745080225823, -8.646842646065092, 97.9109297446347, 23.766755182002633, -24.936745080225823, 23.766755182002633, 172.41558594246627, 7.332949351816914, 4.499277722273919, 9.0, 0.0
42, 0 ,1.0,1.0,1.0,172.595074905163,103.52360316337683,123.97840931010094,12.016389883950254,11.7595620895813,14.107509765761538,52.0,58.0,66.0,-0.34696297172762947,-0.0105291427876286,0.9378197232955221,14.407572064424382,-0.6279847816117095,-0.7400851101146039,-0.24064318783366453,12.239247320018285,0.6966001796683844,-0.6724307897016707,0.2501699877026853,11.150132305076925,71.73510912644785,68.10838475864114,62.069536824136904,21.01287086012369,6.33735089675834,77765.0,303257.01001310116, 0.0, 0.0,-1.4210854715202004E-14,20.311427040159668, 125.84914507875597,125.84914507875597,0.0, 144.39362584310197, 12.143364495744876, -23.239887728852803, 12.143364495744876, 138.28730053871772, 3.714706226597064, -23.239887728852803, 3.714706226597064, 199.02183179105717, 7.5549390843648405, 4.672337943057673, 16.0, 0.0
43, 0 ,1.0,1.0,1.0,114.78596430159928,152.6540968072557,63.05099495271799,9.627868357095094,12.293923963051714,10.669117380488721,45.0,55.0,49.0,0.03643163006822187,-0.8852255493209298,0.46373318099962446,12.840133097738264,-0.5541889485865849,-0.4040463724061215,-0.7277507390652033,10.308611565947313,-0.8315932573049569,0.23048265829539566,0.5053022844100548,9.302149794766827,61.126211767153876,51.98095390455077,47.516800389478384,18.1197611515583,5.416709056244059,51711.0,150979.82435814594, 0.0, 0.0,0.0,NaN, 116.09691810583385,116.09691810583385,1.9073486328125E-6, 92.695849101553, 1.8931280281314882, 9.283854733744834, 1.8931280281314882, 151.14056640929718, -26.35512469843434, 9.283854733744834, -26.35512469843434, 113.83006567864653, 6.343957189171489, 3.972991307033734, 15.0, 0.0
44, 0 ,1.0,1.0,1.0,98.67419598622891,159.08092619027627,16.209274498278614,11.674662648553575,10.810382412536965,10.622368871048241,51.0,55.0,45.0,-0.7812448157264926,0.018801373130295368,0.623941540746322,13.29551586965675,-0.1510800850655732,-0.9755240785112989,-0.15977352766106193,10.918094652823484,0.605666034871577,-0.2190873812274372,0.7649636420051907,8.367873278625103,62.401008665333634,54.360355648818654,50.24971739001654,18.189153249466475,5.9288734480387735,47636.0,170454.12779768204, 0.0, 0.0,0.0,NaN, 108.04493571998124,108.04493571998124,0.0, 136.29774795753195, 5.6807871037259545, -50.847910399423235, 5.6807871037259545, 116.86436790528853, 8.91815531969799, -50.847910399423235, 8.91815531969799, 112.83472043261469, 7.278087468753234, 4.337891268345554, 13.0, 0.0
45, 0 ,1.0,1.0,1.0,117.65722023037608,113.00745670913113,54.60715920360058,10.286092611175452,10.697376493428454,11.040514154188493,49.0,48.0,53.0,0.07394278843591384,0.6403550910025397,0.7645114920427626,11.705653623223595,-0.8473926497311498,-0.3638402774536998,0.3867117139214111,10.46354589675426,0.5257928881412742,-0.6764359614402119,0.5157288326732503,9.77867058225707,58.48964502426652,51.45427867842686,49.683109504366456,17.811944418826453,4.9864971530410545,52436.0,149523.42933121062, 0.0, 0.0,0.0,NaN, 131.64337356923767,131.64337356923767,0.0, 105.80370120567824, 6.2345721811335935, -2.202645519766557, 6.2345721811335935, 114.43386384215566, 18.317102768163302, -2.202645519766557, 18.317102768163302, 121.89295278883645, 6.579367109157417, 4.023247767250268, 12.0, 0.0
46, 0 ,1.0,1.0,1.0,108.76983929833948,53.19377830432041,129.4575506850362,10.792231404867303,10.929906715037374,11.098180265177135,51.0,52.0,49.0,-0.4445633008146869,-0.504981463562766,0.739835923044263,12.294706617738754,0.7129910568988569,-0.6994596083098455,-0.04898988799016255,10.898596919296063,0.5422243302831415,0.5057172903916217,0.6710013396767213,9.442748491219682,56.56483546240581,51.28066766934307,47.23988491546211,18.189929016117382,5.31330472329719,52333.0,137027.90885185916, 0.0, 0.0,0.0,NaN, 126.9990449857566,126.9990449857566,0.0, 116.47225869620408, -0.8512208420014318, -21.424565799758174, -0.8512208420014318, 119.46286079941908, -22.146523637034775, -21.424565799758174, -22.146523637034775, 123.16960519836722, 7.1057710746979135, 4.158578339946717, 17.0, 0.0
47, 0 ,1.0,1.0,1.0,17.781743976465226,49.50566616254739,93.67623112142368,9.63713355817232,10.664666112059285,11.011865646876684,39.0,56.0,47.0,0.3720190471504005,-0.48703530202773154,0.790188865484742,11.627704778263688,-0.1488801211934071,-0.8715768092694496,-0.4671065992438141,10.351256119860086,-0.9162076937412958,-0.05612913790929848,0.39675304889416346,9.24762725542193,57.727768083209554,59.03362496720687,45.96681446545167,17.409725766771754,4.977155839476082,48269.0,156649.3606160945, 0.0, 0.0,0.0,NaN, 107.43480664177943,107.43480664177943,0.0, 92.87434321805107, -6.195525222763303, 16.109844721543695, -6.195525222763303, 113.7351032817057, -10.3152841204853, 16.109844721543695, -10.3152841204853, 121.26118502486285, 7.2268224761315105, 4.177372899286304, 9.0, 0.0
48, 0 ,1.0,1.0,1.0,126.43000350508237,9.382509638976517,49.646792849631964,11.162701898276994,6.235861462918385,10.480201372315264,53.0,26.0,53.0,-0.9933487412054718,0.11507540600818189,0.003991149904095595,11.21432583574806,0.022096205074480308,0.15649084494126536,0.9874322119370399,10.570184256486272,0.11300458427343281,0.9809527340201574,-0.15799271360277237,5.986368138728987,52.3725250280623,52.29153223193407,27.580636165074722,15.702576801713102,5.172580056904827,28530.0,75533.42185904829, 0.0, 0.0,0.0,NaN, 89.24897709017144,89.24897709017144,0.0, 124.60591366979682, -10.016846416087013, 1.2993391279605457, -10.016846416087013, 38.88596818471063, 11.768473523728115, 1.2993391279605457, 11.768473523728115, 109.83462080427873, 6.622597675338319, 4.207994991108258, 12.0, 0.0
49, 0 ,1.0,1.0,1.0,149.09316389317658,52.23570084367665,159.37830122851162,10.51851884941925,9.106592357928955,11.062434247371126,49.0,44.0,51.0,0.4965461537522764,-0.08323967850568081,0.8640098802190235,11.291060487199088,-0.8248517095430987,0.2647158181462984,0.49954498584908524,10.38013856851478,0.2702990463498666,0.9607271681103885,-0.06278323022070283,8.98395185925053,50.89502163203397,48.1471217648635,42.30032017215376,17.142035789097708,4.700779046261351,47293.0,103654.76896379591, 0.0, 0.0,0.0,NaN, 83.48770458048661,83.48770458048661,0.0, 110.63923878558808, -7.836709405561919, 8.928006360078202, -7.836709405561919, 82.93002437349003, 0.21098420920176011, 8.928006360078202, 0.21098420920176011, 122.37745147740958, 6.588252084717078, 4.052581874811634, 14.0, 0.0
50, 0 ,1.0,1.0,1.0,134.45852001940585,116.90613852344397,184.96113124625438,9.996083761061476,10.240455828644961,8.016430041897777,50.0,47.0,33.0,-0.3351655462814194,0.9354254110237237,0.11244268316335956,10.303255009808693,-0.9416601391368388,-0.33647795111196405,-0.007666210033909943,9.958420284539555,-0.03066331597637456,0.10845224214645219,-0.9936286389928286,7.982767589786761,48.83164170379963,53.150889082880695,34.772548761375845,15.760225727680833,4.546104020560577,35041.0,90250.24379853951, 0.0, 0.0,0.0,NaN, 106.89454142529492,106.89454142529492,0.0, 99.92169055815695, -2.072684217236224, -1.3432691913349188, -2.072684217236224, 104.86693557842857, 4.554554969005639, -1.3432691913349188, 4.554554969005639, 64.2631506166412, 6.989962165384123, 4.323682165799977, 13.0, 0.0
