// Sample: .//bubblelabels.tif, Map: .//bubblelabels.tif, Thickness:(8.191250068658265):/gpfs/home/mader/Foam/NewValid/InSilicoTest/LatticeData_Phi_6.65/out_Step_06000.vtk/distmap.tif, Neighbors:(1.0):
//LACUNA_NUMBER, TRIANGLES, SCALE_X, SCALE_Y, SCALE_Z, POS_X, POS_Y, POS_Z , STD_X, STD_Y, STD_Z,PROJ_X, PROJ_Y, PROJ_Z, PCA1_X, PCA1_Y, PCA1_Z, PCA1_S, PCA2_X, PCA2_Y, PCA2_Z, PCA2_S, PCA3_X, PCA3_Y, PCA3_Z, PCA3_S,PROJ_PCA1, PROJ_PCA2, PROJ_PCA3,OBJ_RADIUS, OBJ_RADIUS_STD, VOLUME, VOLUME_BOX, Mask_Grad_X,Mask_Grad_Y,Mask_Grad_Z,Mask_Angle, Mask_Distance_Mean,Mask_Distance_COV, Mask_Distance_STD, SHAPET_XX, SHAPET_XY, SHAPET_XZ, SHAPET_YX, SHAPET_YY, SHAPET_YZ, SHAPET_ZX, SHAPET_ZY, SHAPET_ZZ, Thickness, Thickness_STD, Neighbors, Neighbors_STD
1, 0 ,1.0,1.0,1.0,182.3395095472375,34.74047434090016,20.83060486616605,11.793463710573882,18.074296890183852,13.956800886645905,50.0,81.0,65.0,0.17515043054123527,0.9766479984913023,0.12442272189657988,18.23908310898695,-0.48309323544312327,0.19537027606568733,-0.8534936327232399,14.95709903204963,-0.8578713496500018,0.08938200195201952,0.5060312294480787,10.206827187992346,92.01789383665894,77.91607505234431,56.71200213168447,24.340199129214792,8.253059536116258,104271.0,406606.517397387, 0.0, 0.0,0.0,NaN, 44.1894509985494,44.1894509985494,0.0, 139.08578629262308, 27.802682125018684, 54.26581462854103, 27.802682125018684, 326.68020807450966, 7.8326188324972055, 54.26581462854103, 7.8326188324972055, 194.7922909894799, 10.111592955498393, 7.033458816403908, 8.0, 0.0
2, 0 ,1.0,1.0,1.0,60.54907076467451,82.70887632378023,32.93822579294601,16.60286243172357,18.196430422769446,17.553915954006367,80.0,86.0,72.0,-0.04400170240415112,0.8026825133544451,0.5947811639086494,18.91384462833702,-0.5974876045356607,-0.4982910891817354,0.6282631239125194,17.01298886321878,-0.8006699773388373,0.3277297258368097,-0.5015185083236258,16.362450235000473,95.4796542405069,89.0049313679259,81.80386022387367,29.10566820855697,8.231959943482801,226907.0,695182.2987480412, 7.105427357601002E-15, 0.0,0.0,87.47807390951787, 107.66556975930156,107.66556975930156,1.3486991523486091E-6, 275.65504092673785, 3.285282148954616, -10.505765247838662, 3.285282148954616, 331.1100801306895, 36.172508205699195, -10.505765247838662, 36.172508205699195, 308.1399653203192, 10.476247418319343, 6.719864484996783, 21.0, 0.0
3, 0 ,1.0,1.0,1.0,56.48409808205875,151.82134717947514,14.376806146183304,15.81129071498494,21.737899535172357,9.612467735956145,81.0,89.0,41.0,0.19611293834947144,-0.9803399767562178,0.021754203859347135,21.948825335670215,0.9648017295258497,0.19687351780898787,0.17435148605458695,15.677485402088083,-0.17520655842708943,-0.013204088727805926,0.9844431491584485,9.348702803136362,96.07581352475461,73.60502855117247,44.33300632561165,26.92330184387272,9.49044488279708,127689.0,313508.08040371764, 0.0, 0.0,-1.7763568394002505E-15,88.75347760051025, 75.61963024710737,75.61963024710737,0.0, 249.996914073769, -45.73288031508231, 28.3251423762406, -45.73288031508231, 472.5362762012466, -2.973563096220059, 28.3251423762406, -2.973563096220059, 92.39953597479786, 9.974164394553618, 6.65002215336985, 12.0, 0.0
5, 0 ,1.0,1.0,1.0,167.452561438425,184.93009824294398,82.5632237734266,17.815228125054084,8.604198703739232,17.41000733247823,73.0,35.0,79.0,-0.7644868506478943,-0.019854945729809233,0.6443334822252604,18.810277466394684,0.6424339975370185,0.05914093729742824,0.7640555662673936,16.35402294319341,0.05327676787371527,-0.9980521683086749,0.03245697674279362,8.558173812726604,86.94259586523296,79.07006855447074,36.58649598983388,24.973357487844613,8.417503167943343,102501.0,251515.95267463158, 0.0, 0.0,0.0,NaN, 90.0173517481365,90.0173517481365,0.0, 317.382353147718, 11.637853315638816, -42.88157017396733, 11.637853315638816, 74.03223533342788, 5.1862664592208585, -42.88157017396733, 5.1862664592208585, 303.10835531694573, 10.682953827825182, 6.808133781908096, 12.0, 0.0
6, 0 ,1.0,1.0,1.0,14.476226120609338,113.01934240597552,142.239116412776,9.271340886401335,17.926905478861826,19.63516768704488,37.0,92.0,103.0,-0.048821088464285116,0.23853640466373177,0.9699056062170497,19.750339000729333,0.053834525959363576,-0.969023592603593,0.24102929446927387,17.839376330840302,-0.997355676344148,-0.06398172104379286,-0.03446729226935647,9.195231017282765,96.76932533038126,94.24599457043868,39.4913487996498,26.596119612613645,9.24759068784686,125579.0,360165.8917353809, 0.0, 0.0,0.0,NaN, 105.41117393787427,105.41117393787427,0.0, 85.9577618318571, -15.748952876252844, -11.434802936395778, -15.748952876252844, 321.37394004804617, 16.103665312140876, -11.434802936395778, 16.103665312140876, 385.53981009837145, 11.300534085193359, 6.896482909597107, 16.0, 0.0
7, 0 ,1.0,1.0,1.0,57.83791077257889,148.783532825535,184.77278926369243,18.525903456060366,22.229359141258577,8.73389809501804,92.0,94.0,38.0,0.08755380212351074,0.9949468570748999,0.04914349733684498,22.28219623232524,0.9942043277773877,-0.08418595774442601,-0.0668616418237467,18.522422047220893,0.0623865880011915,-0.05471266869229715,0.9965512718983089,8.6057013193151,97.24688528615084,91.32820362815423,42.13056508895468,28.327353625391126,10.544928601492956,137850.0,374177.6989539672, 0.0, 0.0,0.0,NaN, 78.74146543707305,78.74146543707305,0.0, 343.20909886326945, 14.282555367818395, -16.06538118746516, 14.282555367818395, 494.1444078310563, 22.169459786931768, -16.06538118746516, 22.169459786931768, 76.28097593415976, 9.301118930402467, 6.402456511249532, 18.0, 0.0
8, 0 ,1.0,1.0,1.0,183.15646527137906,176.19331095607916,136.64620902988023,11.072671592685394,14.681559928462297,15.210139421762126,45.0,61.0,75.0,-0.011405249350060613,0.5927211201913619,0.8053270105779138,15.769153339396802,-0.3806377939426282,0.7421721213912584,-0.5516297780686682,14.617928825694918,0.9246538758420648,0.31282937187658105,-0.21714740150771264,10.35135542658267,79.35372477501215,74.1332465261213,56.50034098919309,22.720178405185802,7.300280309581012,91164.0,332377.3380993425, 0.0, 0.0,0.0,NaN, 69.74357271945445,69.74357271945445,0.0, 122.60405619946211, -31.05218493569304, 21.069100460684055, -31.05218493569304, 215.54820193302987, 23.935093438928035, 21.069100460684055, 23.935093438928035, 231.34834122944227, 10.523555801258581, 6.756286703337924, 8.0, 0.0
9, 0 ,1.0,1.0,1.0,81.08417684920477,21.705462091775246,43.14780127432595,17.20302032704761,13.518380134849815,19.78827134622766,92.0,55.0,86.0,-0.3029350922194419,0.06954713837886772,0.9504701602077306,20.099017399339335,0.9502410379596976,0.09803035882036482,0.2956890571644939,16.900830408548195,0.07261060307747767,-0.9927503433859199,0.09578338074981417,13.440893712755772,95.38192007611619,88.96553982071276,60.793212159860715,28.147103587620787,8.832143134191341,185039.0,515873.2041271512, 0.0, 0.0,0.0,NaN, 94.3795718084127,94.3795718084127,0.0, 295.9439083728133, 5.0743720105411105, -34.80167506660134, 5.0743720105411105, 182.7466014703021, 17.804551025741183, -34.80167506660134, 17.804551025741183, 391.5756828719347, 9.621168475796743, 6.175867980079309, 13.0, 0.0
10, 0 ,1.0,1.0,1.0,51.77768740100176,183.19293063344605,121.75508369365127,14.649989606514033,9.723827150079716,12.72093616878459,61.0,37.0,61.0,-0.9629014280889321,0.02342716272541543,0.268834536157339,14.807526866027237,-0.26429521361629754,0.11928066621334224,-0.9570371793860553,12.576555225429988,0.054487428309751854,0.9925841479261787,0.10866383686328913,9.672881354564401,61.986428710038346,64.61383384522345,41.3882141385767,20.739322821160897,6.393568318680057,70077.0,165767.2808346823, 0.0, -2.8421709430404007E-14,0.0,88.65759963873224, 95.3187988860305,95.3187988860305,0.0, 214.62219547096922, -4.872202486715242, -16.19714815326862, -4.872202486715242, 94.5528144446274, -6.5834115549776255, -16.19714815326862, -6.5834115549776255, 161.82221701029198, 10.850052599347118, 6.5747101552018234, 9.0, 0.0
11, 0 ,1.0,1.0,1.0,169.69836726322643,95.11847373442836,16.606627252704136,16.167282737169266,15.90407393893213,10.423665298455834,68.0,78.0,41.0,0.789906318067261,0.6002912932514112,0.1252931439623522,16.634497575365355,0.6031378916899686,-0.7974313880968822,0.018107039671332006,15.502874124411264,-0.11078218397017953,-0.061266177654781095,0.9919545166943745,10.29212230352164,81.23063050308448,71.79332442535392,44.46694931155786,23.86462627602173,7.311156537690894,112143.0,259323.11133277224, 0.0, 1.4210854715202004E-14,0.0,53.10923716191171, 101.20026215772222,101.20026215772222,NaN, 261.38103110357133, 16.33219632559103, 18.369856107380606, 16.33219632559103, 252.93956785502016, 10.903893692166402, 18.369856107380606, 10.903893692166402, 108.65279825423237, 9.56724656540215, 6.090493072026977, 12.0, 0.0
12, 0 ,1.0,1.0,1.0,88.49922328687573,178.61414053426248,81.20132113821138,16.38106660700164,11.838894237640131,17.505693565168528,82.0,54.0,83.0,0.622599614351603,-0.044451628391940334,0.7812770142161745,19.324600059342,0.7824183353815967,0.017716121346316522,-0.6225011546199204,14.20668475319519,-0.013829991609777187,-0.9988544397347128,-0.04580981940944616,11.818545088988154,87.37573234015915,70.04693813473423,55.992682845678246,25.546962219917766,7.893084852249944,137760.0,342697.7570619273, 0.0, 0.0,0.0,NaN, 121.99640184062602,121.99640184062602,NaN, 268.3393431830242, -5.6079869843411405, 83.43576902846834, -5.6079869843411405, 140.1594167700287, -8.803764326199415, 83.43576902846834, -8.803764326199415, 306.4493071975828, 10.34159058478902, 6.324129736030398, 15.0, 0.0
13, 0 ,1.0,1.0,1.0,155.5826452699877,181.94535721540464,181.19116012857125,18.126507157497386,11.526748614327106,11.050092832952066,79.0,52.0,49.0,-0.9946424021931024,-0.09463826979593461,-0.041594346365421704,18.19405003337856,0.04332791916519103,-0.7469655791679324,0.663449406480351,12.82515435560944,-0.09385724894939894,0.6580927149181545,0.7470641173228061,9.382574598864865,79.94211758814384,71.17791935760894,52.311913461903885,22.83382587024324,7.88398015554037,83689.0,297660.73017748015, 0.0, 0.0,0.0,NaN, 51.50382495116392,51.50382495116392,0.0, 328.57026173080396, 20.39869560897672, 12.250568664588679, 20.39869560897672, 132.86593361789184, -36.93104021713878, 12.250568664588679, -36.93104021713878, 122.10455161685863, 10.145265038629967, 6.65495850229104, 8.0, 0.0
14, 0 ,1.0,1.0,1.0,21.499742703815336,44.95901973495152,57.15960383070579,12.38410907033279,16.83148506052606,16.924408449930375,53.0,85.0,82.0,0.28271417638347573,-0.7717484625642885,-0.569628830907873,17.303385654648984,0.05250688403701724,-0.5805138650273829,0.812555647103442,16.835767988954665,-0.9577660056613706,-0.25963043550521314,-0.12359739220079521,11.842736562858388,87.25663524725849,81.99687450618052,62.48075661342723,25.77558800742343,7.6628787710818695,149633.0,447035.5286062473, 0.0, 0.0,0.0,NaN, 75.8338493150734,75.8338493150734,0.0, 153.3661574658989, -39.09014440491223, -19.521662034795217, -39.09014440491223, 283.29888934271196, 2.4229661283934285, -19.521662034795217, 2.4229661283934285, 286.43560138007473, 11.054032367205135, 6.26630635739761, 13.0, 0.0
15, 0 ,1.0,1.0,1.0,133.3014341388381,117.89665669210933,116.27875548546795,13.097832655207341,16.31407669317307,18.3357747922726,69.0,82.0,87.0,0.0986509555451856,0.08202932987680425,0.9917354375084032,18.371498404329042,-0.38340951084576513,-0.9165223367480061,0.11394715106129401,16.936728564275192,-0.918294689063937,0.3914817943173563,0.0589649790556257,12.22858241037316,87.1780798098194,80.91846482876545,66.506722601387,26.683207383762465,7.868252637193354,154727.0,469159.4629549705, 0.0, 0.0,0.0,NaN, 134.90331520511708,134.90331520511708,0.0, 171.55322026381577, 49.77393041860835, 12.391475593514924, 49.77393041860835, 266.1490983507328, 0.9514648394439138, 12.391475593514924, 0.9514648394439138, 336.20063723293924, 9.246142652215283, 6.196872175916486, 27.0, 0.0
16, 0 ,1.0,1.0,1.0,78.1684268352841,91.6835844656711,159.592139782053,14.10087737889177,17.20181885479605,18.28150226704992,75.0,83.0,83.0,-0.05697129577300397,0.06525682797062879,-0.9962408433010346,18.30312911826884,0.23005843435558818,0.9718654560015783,0.050503982146957414,17.35877545809926,-0.9715077911369524,0.22631633134631804,0.0703813180193662,13.878725409171416,86.35688856551559,82.24049061703151,76.15159159190009,27.56852436889028,8.302234881635675,178392.0,540831.1076384926, 0.0, 0.0,0.0,NaN, 127.07862834391216,127.07862834391216,NaN, 198.83474285454164, 23.776228873180514, 9.344458092899167, 23.776228873180514, 295.9025719132168, -3.9209722289243856, 9.344458092899167, -3.9209722289243856, 334.2133251401513, 10.018229675988978, 6.304433792403412, 22.0, 0.0
17, 0 ,1.0,1.0,1.0,119.1857976323734,50.78355551032869,14.445549676062548,16.617518313822757,18.64317447585698,9.473356015201304,77.0,94.0,39.0,-0.5122848171146847,0.8579715887105573,0.03806598375526733,19.707260263569115,-0.8575546438446673,-0.5086288980758809,-0.0767898226496229,15.38318258728469,-0.046522026763882875,-0.07198192139417631,0.9963203822155718,9.404037964004713,98.09889326885,72.39376303320559,42.98492432050564,25.35532043387512,8.400123173722388,117924.0,305268.10174717166, 0.0, 0.0,0.0,NaN, 96.53278572604198,96.53278572604198,0.0, 276.14191491023473, -67.18722822522372, 3.910586535374235, -67.18722822522372, 347.56795453724516, 15.584479918691388, 3.910586535374235, 15.584479918691388, 89.74447419075072, 9.473515836689604, 5.893007256496794, 8.0, 0.0
18, 0 ,1.0,1.0,1.0,49.00381964423442,12.999547029369637,119.1537529228848,15.74282064309,8.237033437268677,15.660293355673653,69.0,33.0,72.0,-0.7317739429056198,0.08428271187202288,0.6763159919474471,16.73541028926342,0.6695563732400724,-0.09642174634939152,0.7364761434591981,14.694887193187565,-0.12728377562738435,-0.991765734087658,-0.01412689462007016,8.057061651895634,82.25494933674125,77.8754183158713,37.21131343704455,22.46075783248433,7.512939985351799,81683.0,238362.22526805953, 0.0, 0.0,0.0,NaN, 95.4278692476543,95.4278692476543,0.0, 247.83640180050068, -23.0200881293925, -32.01226657825864, -23.0200881293925, 67.84871984668224, 1.5398392426590886, -32.01226657825864, 1.5398392426590886, 245.2447879857564, 8.688086506288103, 5.691283934311579, 9.0, 0.0
19, 0 ,1.0,1.0,1.0,15.401011872251129,97.99673728691752,23.14391870526346,9.393319545103038,13.237744518836978,14.576752110858733,38.0,61.0,58.0,-0.06309013069844442,0.23675150731047018,0.9695196538465187,14.712775027195873,0.3320826019097788,0.921078251602488,-0.20331256708264595,13.554270961703065,0.9411380243711783,-0.3091335928221396,0.13673200383081877,8.70459785513911,64.13990189477387,66.43407813460601,44.31792310645436,20.847302295553042,6.4299316576208945,69574.0,188842.00545862326, 1.7763568394002505E-15, 0.0,0.0,86.38279944076515, 101.86359829991378,101.86359829991378,0.0, 88.23445207641474, 30.91703840076733, -15.894246872062158, 30.91703840076733, 175.23787994599846, 12.079507711876408, -15.894246872062158, 12.079507711876408, 212.4817021014245, 11.048516828255055, 6.522572804014259, 5.0, 0.0
20, 0 ,1.0,1.0,1.0,186.36176939256805,27.974427943144878,171.9554337433871,8.06021410333024,15.451670360465293,15.10866590010007,32.0,72.0,59.0,0.009227210752780924,0.7727112048818521,0.6346906746059543,16.149054553623603,-0.04288584779437636,-0.6338278912805793,0.7722842794552878,14.370507090647195,-0.9990373679901475,0.034345277475254565,-0.027289911587735624,8.04297933496038,80.0108928887953,73.10977390269593,33.74343707869872,21.931193153820463,7.142528995447034,78445.0,197384.8769268214, -2.8421709430404007E-14, 0.0,2.8421709430404007E-14,79.66597503646314, 41.89352753551854,41.89352753551854,0.0, 64.96705139152373, 5.253243793759846, -3.5486934056164876, 5.253243793759846, 238.75411692848164, 26.753847920061745, -3.5486934056164876, 26.753847920061745, 228.27178528084661, 8.744237368083592, 5.646603591470733, 9.0, 0.0
21, 0 ,1.0,1.0,1.0,22.78593915722487,178.32726981935724,41.34669775585448,14.741758832150357,12.66302239607245,17.28160523083263,65.0,53.0,74.0,0.34664053998019406,-0.30305516413632494,0.887692459995321,18.40686389540118,-0.9020042247813972,-0.36734364357514837,0.22681936866468247,14.366393662725791,0.257349401628895,-0.8793271376542631,-0.40069323735996615,11.450745114918325,86.65460991949547,75.82893605314794,66.08245720670553,24.70198457311978,8.132492064079926,118798.0,434222.9939790502, -3.552713678800501E-15, -2.8421709430404007E-14,0.0,74.16349266298131, 51.946661799134695,51.946661799134695,NaN, 217.31945346528306, 3.12319627860958, 48.50887661350488, 3.12319627860958, 160.35213620343245, -62.145400276516895, 48.50887661350488, -62.145400276516895, 298.65387935434165, 9.980327638060592, 5.966044516625276, 8.0, 0.0
22, 0 ,1.0,1.0,1.0,110.38909681905908,70.20499917956572,61.42469585329072,13.02671514515397,14.48205908189552,15.681713054306073,61.0,69.0,67.0,-0.2331240369401162,0.21977616809559253,0.9472864505195674,15.923277406458785,0.14778420846421722,0.9708188430539021,-0.18886662410306415,14.41986444459566,-0.9611519188605657,0.0959646284247544,-0.2588006548715645,12.80071142860954,69.3972600495835,68.67711842187046,58.393004303433855,24.0651809860225,6.797685720306857,127981.0,278301.28312344564, 0.0, 0.0,0.0,NaN, 129.3516491559967,129.3516491559967,0.0, 169.6953074729838, 1.728003811934325, -21.037455398897606, 1.728003811934325, 209.7300352515125, 10.591929111298198, -21.037455398897606, 10.591929111298198, 245.91612431759347, 9.242732717779694, 5.755574961545068, 10.0, 0.0
23, 0 ,1.0,1.0,1.0,141.27548408978785,40.18967377898372,86.19706616921559,15.187235563344187,12.641553245368767,16.779034719878435,87.0,65.0,88.0,-0.35413015932473824,-0.00245632813395346,0.9351929195137939,17.029292132801018,0.8773333060208987,0.3454160179421701,0.33312767026384077,15.23050114839191,0.3238488851348344,-0.938446450790386,0.12016721098474384,12.248756788647576,79.42709072060666,78.6792821290858,63.82196047684187,24.82580194437343,7.461672497629832,129728.0,398840.4382638446, 0.0, 0.0,-1.4210854715202004E-14,20.7406651867189, 111.7752784095393,111.7752784095393,0.0, 230.65212405650644, 24.952080032735346, -22.406548707722628, 24.952080032735346, 159.8088684554936, 9.106676969043228, -22.406548707722628, 9.106676969043228, 281.536006130886, 8.900875229195274, 5.683741932252604, 15.0, 0.0
24, 0 ,1.0,1.0,1.0,55.57179392393986,77.10963161905049,92.69473342738377,14.284782801150744,15.407343351661737,14.27273400415014,71.0,76.0,63.0,-0.13129223644817695,0.8442426813493857,0.5196312573704892,16.228197472088823,-0.8820481513308772,0.13977242938721782,-0.4499496935402633,14.548883768960746,-0.4524968589749742,-0.5174146914914524,0.7263116615108055,13.043303748262236,78.19205198071694,71.49192727210965,64.10678242849158,24.4335754714491,6.939205607723468,132553.0,358363.3560877996, 0.0, 0.0,0.0,NaN, 132.76457800755534,132.76457800755534,0.0, 204.0550196760521, -15.455050502838015, 10.126923338878107, -15.455050502838015, 237.38622915599515, 38.285426462120924, 10.126923338878107, 38.285426462120924, 203.7109359532237, 8.563899488100354, 5.559245182258365, 11.0, 0.0
25, 0 ,1.0,1.0,1.0,117.69753827679375,150.91448513959773,159.3335334734314,16.435504068934353,12.825829550565977,15.08478036672843,77.0,65.0,76.0,-0.9374520744701624,-0.34603981237376613,-0.037948074047541296,16.94222033084741,0.013570009646389075,0.072602026559899,-0.9972686702075786,15.092655188906779,-0.34784977060476235,0.935406539421082,0.06336515681736854,12.138831326876186,84.68369819965152,76.3196410350071,62.50275072541814,24.68678609358627,7.262292251214242,133240.0,403957.1185265236, 0.0, 0.0,0.0,NaN, 104.10016558376421,104.10016558376421,0.0, 270.1257939999577, 45.393310951109385, 3.880767029265364, 45.393310951109385, 164.50190366017145, -3.989625634973215, 3.880767029265364, -3.989625634973215, 227.55059871243546, 9.279618805139604, 5.770927864478667, 16.0, 0.0
26, 0 ,1.0,1.0,1.0,174.86895324225515,60.9251491244949,113.81841446988648,14.337411959026058,12.230906377366189,15.009518740643426,61.0,55.0,78.0,-0.6047928617379841,-0.005939896679825067,0.7963606670461648,15.891156408011993,-0.7241653921292777,0.42019171527337906,-0.5468303276683409,13.644193279170691,0.3313760390146352,0.9074159134834744,0.2584304175671319,11.905849112817583,84.96171189011177,73.00721010813666,60.7720451007407,23.056616984282446,6.988169900662931,103940.0,376957.9079676234, 0.0, 0.0,0.0,NaN, 108.49289834577273,108.49289834577273,0.0, 205.56138168282345, -13.11692845656414, -35.76709040317249, -13.11692845656414, 149.59507081189693, -10.729360548626808, -35.76709040317249, -10.729360548626808, 225.28565282572623, 9.43587955201397, 5.662045573373075, 11.0, 0.0
27, 0 ,1.0,1.0,1.0,183.62206983828008,19.822858572332503,114.77378342186971,10.39487353548736,11.208608683772361,15.845289483784205,42.0,43.0,81.0,-0.23528086932067693,-0.3044988941478231,0.9229969317362109,16.586830434198937,-0.355265707527114,-0.8569969777946956,-0.37328602586490994,10.666026782260337,-0.9046707630884099,0.41573621866937693,-0.0934569788700786,9.791446884749574,91.19588942986468,54.62526669175111,47.563572460756205,20.781601987138462,7.272174510955994,67957.0,236942.68216824537, 0.0, 0.0,0.0,NaN, 89.02072966777592,89.02072966777592,0.0, 108.0533958187755, 18.28933703243529, -36.55395206345393, 18.28933703243529, 125.63290862593719, -44.654990584745306, -36.55395206345393, -44.654990584745306, 251.07319882492231, 9.271152820811185, 5.841753872122309, 7.0, 0.0
28, 0 ,1.0,1.0,1.0,11.385587137525121,24.68856249150007,170.59366547289844,7.108267286541254,14.04291165787794,15.959162218162538,28.0,52.0,60.0,0.03176236044380671,-0.2926148126471067,0.9557027382395304,16.147194357578773,0.040271226603969396,-0.9550340629091123,-0.29374847572562124,13.842267478810271,-0.9986838242240883,-0.047817466503494124,0.01855017871444271,7.077106455123561,71.98440658121247,65.13970588747952,28.911378232184255,21.265106928888784,7.086671832143035,66177.0,135566.69783585303, 0.0, 0.0,0.0,NaN, 40.04858577631284,40.04858577631284,0.0, 50.52746381691257, -7.400804646563139, 4.72009063765426, -7.400804646563139, 197.2033678309642, -19.205049406947587, 4.72009063765426, -19.205049406947587, 254.69485870562664, 8.58714514815141, 5.2132860396503915, 6.0, 0.0
29, 0 ,1.0,1.0,1.0,98.12432549396156,184.5376844326035,141.82376966041411,13.053394696285395,9.357893215309963,15.03943512864145,61.0,38.0,63.0,-0.3458445618262507,0.024948515497771002,0.9379600794435051,15.34845610418766,0.9008525625747391,0.2883920476724951,0.3244914287647534,12.978538263956901,0.26240464850633716,-0.9571873371570073,0.12221375548007185,8.951442747602286,70.60758426234074,64.7581619005245,42.69389865193932,21.023201636809734,6.493911029021614,73943.0,195214.3239200288, 0.0, 0.0,0.0,NaN, 115.11707185676336,115.11707185676336,0.0, 170.39111309701167, 21.60265430143594, -24.609238392926805, 21.60265430143594, 87.57016542914423, 11.902067347027472, -24.609238392926805, 11.902067347027472, 226.18460898861446, 9.393249507754405, 5.630950167763181, 7.0, 0.0
30, 0 ,1.0,1.0,1.0,175.2797731993488,150.0091955313535,92.52744624712288,14.617010602354858,10.939348090788085,13.813622208150443,62.0,51.0,66.0,-0.8039377822529408,-0.08931487588299183,0.587968447463152,15.417408961209377,-0.5920477790927946,0.21369720080724644,-0.7770540094732397,13.04647121103283,0.05624472897537467,0.9728084905638692,0.2246779275971129,10.781260778443434,74.9468631705732,66.29042684095194,52.59179574801712,21.907815620430192,6.647564129172602,89065.0,261289.69147503763, 0.0, 0.0,0.0,NaN, 108.03470948501827,108.03470948501827,0.0, 213.65699894935432, 1.892492738446794, -32.58207944294418, 1.892492738446794, 119.66933665142894, -15.341188777593638, -32.58207944294418, -15.341188777593638, 190.81615850950712, 9.417829172813208, 5.546066474316126, 8.0, 0.0
31, 0 ,1.0,1.0,1.0,20.203312316420938,75.49512528822511,175.2303026244032,11.789304554747904,15.482691896899166,14.242669621818232,49.0,73.0,59.0,-0.012176243576901273,0.8191415894514882,0.5734621134157392,16.58599498123387,-0.0713505990443673,-0.5727544809910114,0.81661581941616,12.947550819622592,-0.9973769754252229,0.030973552195499923,-0.06542024117982705,11.782223324608388,83.61021229453303,66.77335397751216,51.32327895058897,23.035211417627266,7.136814636808406,104519.0,286534.494527821, 0.0, 0.0,0.0,NaN, 81.98308166273272,81.98308166273272,9.5367431640625E-7, 138.98770188459966, -0.18151161391506043, -2.630678926976002, -0.18151161391506043, 239.71374837430707, 50.53556615720576, -2.630678926976002, 50.53556615720576, 202.8536379562639, 8.502442633840277, 5.154827370029931, 8.0, 0.0
32, 0 ,1.0,1.0,1.0,88.87947048611112,33.74597222222222,104.69479166666666,13.250651008542127,14.841230380048373,13.903196723172915,67.0,68.0,61.0,-0.41315754522503084,0.72686716266592,0.548602743942848,16.552367673148787,-0.26829165755771667,-0.6728411928450586,0.6894231760651597,12.66128398661561,-0.8702415924951872,-0.13765484753118704,-0.47300181145805986,12.4439448202837,82.84530576026995,61.368224533840234,63.050074025068795,23.320790178542676,6.729152689268381,115200.0,320550.94731952145, 0.0, 0.0,0.0,NaN, 134.61587443750668,134.61587443750668,0.0, 175.57975215017848, -34.79077409456966, -28.010970639829996, -34.79077409456966, 220.26211919367074, 44.97303284143543, -28.010970639829996, 44.97303284143543, 193.29887912324608, 8.319569423458436, 5.218178709667312, 10.0, 0.0
33, 0 ,1.0,1.0,1.0,105.36939533466897,161.4076365212705,18.083629163591205,11.099696647530644,17.58263331263542,11.099960906866992,53.0,83.0,44.0,-0.009091018829554869,0.9957786270583566,-0.09133607868972497,17.629081611643365,-0.7181925825301412,0.057053448372461645,0.6935014912943569,12.14967156509574,0.6957850011140848,0.07190152934803136,0.7146421498219141,9.857096651555022,84.30276648108821,65.11962514540221,53.43004446268077,22.345460730522696,7.4994517631915345,85353.0,293318.364101344, 0.0, 0.0,0.0,NaN, 103.78506396359175,103.78506396359175,1.3486991523486091E-6, 123.20326566720301, -4.00114081378667, -24.95121136806997, -4.00114081378667, 309.14899420659674, -17.432822624732925, -24.95121136806997, -17.432822624732925, 123.20913213397547, 8.18804588858505, 5.267217706184891, 12.0, 0.0
34, 0 ,1.0,1.0,1.0,153.6537031280581,89.21399049033491,68.6786400948664,10.666075571853908,12.59477640405181,15.005280381278787,52.0,61.0,69.0,-0.08773152665854311,-0.2639940122100656,0.960526074996089,15.237886498164913,0.28552159003026256,-0.9304507514575323,-0.22964934299645445,12.506465618998366,-0.9543482597337054,-0.25410344474120056,-0.1570058550306446,10.437774326129313,69.06624195805009,64.28710864915342,48.09183283354855,21.428840709203584,6.193285553967515,86859.0,213531.05615329207, 0.0, 0.0,0.0,NaN, 121.75332002960712,121.75332002960712,NaN, 113.76516810449864, -9.755159281608304, -13.497993122031186, -9.755159281608304, 158.62839266806026, -21.109785784354997, -13.497993122031186, -21.109785784354997, 225.15843932079008, 8.09942557133982, 5.087351904636124, 8.0, 0.0
35, 0 ,1.0,1.0,1.0,152.7729339145969,49.695049927342055,157.7996907037822,12.229961277048615,11.490294066627003,12.33659576407685,55.0,56.0,56.0,-0.7279679059724913,0.20086125411946684,-0.6555284009618364,12.768368217264015,0.4662655168758092,-0.5559368007226617,-0.6881356998258317,12.184545875317488,-0.5026521616849587,-0.8065909931283679,0.3110494722027854,11.058753116990946,59.22007804454071,59.343376050993825,55.87053693428465,20.070543774358036,5.564501615015872,75009.0,196346.90966691804, 0.0, 0.0,0.0,NaN, 80.5037878799035,80.5037878799035,0.0, 149.57195283810856, -12.739216755822738, 11.043159248447981, -12.739216755822738, 132.02685773756372, 4.646884042692472, 11.043159248447981, 4.646884042692472, 152.19159504623892, 8.284962904743479, 5.038504116443878, 13.0, 0.0
36, 0 ,1.0,1.0,1.0,120.9098552203927,79.29810094281339,178.4790082999812,12.317462468163578,11.971585342645293,12.851999553753789,59.0,55.0,53.0,0.36301275492295415,0.45592547715776793,-0.8126214980184254,13.917795163193212,0.8096917698312144,-0.585928753327672,0.032965647141775856,12.52823769582018,0.46110842285827247,0.6699398893201857,0.581858717445064,10.466655045093038,67.17883948028646,59.87282339377614,57.89644051595914,20.555346224064813,6.139248440104317,74458.0,232870.29834722186, 0.0, 0.0,0.0,NaN, 114.0464506161772,114.0464506161772,0.0, 151.7198816546184, -8.562292117325725, -23.559441514553267, -8.562292117325725, 143.31885561623963, -32.09434940807473, -23.559441514553267, -32.09434940807473, 165.1738925296876, 8.51145945784596, 5.089387530932367, 10.0, 0.0
37, 0 ,1.0,1.0,1.0,48.582041304998505,31.181881672154045,11.025860520802155,12.643852838825918,13.23872185415254,7.501148915645053,59.0,59.0,30.0,-0.6089083005018362,0.7894082851327697,0.07787965680270079,14.014137654963427,0.7840153281028741,0.6138490465062191,-0.09224593976511118,11.845802548856444,0.12062606219100658,-0.004889526270140113,0.9926859753482695,7.394519170130509,70.38978048210195,59.02376618288665,33.02770388706498,18.797151933118613,6.169690851203215,50115.0,137219.20868667416, 7.105427357601002E-15, 0.0,0.0,52.489392224007325, 58.77154143121466,58.77154143121466,0.0, 159.8670146098862, -26.902510356082267, -12.91442333695067, -26.902510356082267, 175.26375633161607, 3.8630007253893304, -12.91442333695067, 3.8630007253893304, 56.26723505468295, 8.138985133814524, 4.879765585785772, 2.0, 0.0
38, 0 ,1.0,1.0,1.0,46.41671123709686,22.80047601219447,167.0178504572926,12.03080108796182,13.229306753909484,11.489600797273864,52.0,52.0,54.0,0.3443730693030903,-0.9299214437142752,0.12904765654256412,13.398541491003227,0.7721378412650437,0.35873018166900206,0.5245148337714427,12.136052949530667,-0.5340508807457659,-0.08098620425778372,0.8415645498086223,11.178593972763641,63.248758898255645,64.6396618255851,62.03407533054883,20.41654084186908,5.910204610682854,74788.0,253618.77278132914, 0.0, 0.0,0.0,NaN, 61.33673431890716,61.33673431890716,NaN, 144.7401748181033, -11.289094974060555, 11.465364637354709, -11.289094974060555, 175.01455718903506, -2.3471764919008047, 11.465364637354709, -2.3471764919008047, 132.0109264807162, 7.9973234381649645, 4.898046475434121, 6.0, 0.0
39, 0 ,1.0,1.0,1.0,114.59592306178968,154.64578761785137,61.68580032990814,10.076540670676453,12.501348346584606,13.940743309196002,51.0,55.0,60.0,0.15412608762215152,-0.4697521459120103,0.8692399384090391,14.76002667605823,-0.40925094554234026,-0.8310889276536848,-0.37656985793362263,12.051388184844694,0.8993101871362232,-0.2976980277773261,-0.32033899477038524,9.437709559187484,62.80454625175263,56.43977352454985,48.92118587950992,20.372390278617136,6.093473616834878,66079.0,173409.67357865072, 0.0, 0.0,0.0,NaN, 114.69960287993193,114.69960287993193,0.0, 101.53667188779666, 9.778873396756234, 25.90982845698124, 9.778873396756234, 156.28371048265367, -35.00991476078893, 25.90982845698124, -35.00991476078893, 194.34432401289308, 7.955273849296755, 5.0178950621458025, 8.0, 0.0
40, 0 ,1.0,1.0,1.0,35.15464022790161,53.955747061886726,127.92325678752668,14.357249182906493,13.323936733257076,12.391187748675371,71.0,64.0,60.0,-0.873095136459255,-0.3421464058509127,-0.34733372950880775,14.629858463855399,-0.4632180137628817,0.8043771351790014,0.3720302355008178,13.617306072547931,0.15209850234885938,0.48570902952747913,-0.8607861431381829,11.736083019855343,70.6627232790115,63.8602070759562,54.11032120464727,22.261141273646917,6.452985137869346,97937.0,244174.78004513375, 0.0, 0.0,0.0,NaN, 96.654685777133,96.654685777133,0.0, 206.13060410006915, 5.02056639214736, 14.9181134397919, 5.02056639214736, 177.52729007183723, 23.340038952766886, 14.9181134397919, 23.340038952766886, 153.5415338229226, 8.31101608994122, 4.945529372269992, 6.0, 0.0
41, 0 ,1.0,1.0,1.0,58.95916099262844,143.55324686286647,86.39879579089528,11.922788926688227,12.69926617945272,10.895115741823634,62.0,57.0,50.0,0.5228509102187552,-0.837658335990554,0.1579729021983033,13.169154013578307,-0.791130765916365,-0.5458530851984107,-0.275964708975554,11.519677333909424,0.3173941349552708,0.019311176165947755,-0.9480970633701395,10.770247026134175,57.65204356231933,54.582296787010904,53.60889768484189,19.78443398161972,5.541116885756696,71084.0,168695.45809753428, 0.0, 0.0,0.0,NaN, 118.85777433048288,118.85777433048288,0.0, 142.15289579035942, -17.938142540614365, 8.390421250646662, -17.938142540614365, 161.2713614965917, -5.0830066128600055, 8.390421250646662, -5.0830066128600055, 118.70354702773315, 7.344177710276535, 4.6682709882644895, 11.0, 0.0
42, 0 ,1.0,1.0,1.0,130.65814525985988,119.90485289813907,183.4637711098487,15.435984298435068,10.174425288524704,9.450946396495642,70.0,50.0,38.0,-0.982666871167032,-0.07674326512418944,0.16874919723919882,15.622270660830969,-0.01877888254716567,-0.8643957505049373,-0.5024612821693688,10.570189043896786,0.18442660838684707,-0.49692097738683194,0.8479719148367121,8.678979892750261,71.7478531970437,55.16435862761361,44.63060713340015,19.70420925881861,6.546225361794938,58089.0,176644.56469890612, 0.0, 1.4210854715202004E-14,-2.8421709430404007E-14,79.42128736034284, 107.22393517297763,107.22393517297763,0.0, 238.26961126153398, 13.315422349347514, -27.636134781122294, 13.315422349347514, 103.51892995177101, 13.626147169414628, -27.636134781122294, 13.626147169414628, 89.32038778943397, 7.710069438667719, 4.965239175639149, 8.0, 0.0
43, 0 ,1.0,1.0,1.0,125.17559323460114,10.518933019185459,43.10966425445978,9.41500281048127,7.115752929723878,18.657236209591304,44.0,29.0,83.0,-0.12798389264919255,0.014669414288642818,0.9916677525798583,18.77782076227619,0.9324570298691377,0.3423960326049729,0.11527724972430298,9.452191656393117,0.33785205441137284,-0.9394411983412281,0.05749977555793206,6.739302706465307,86.10797283668667,48.77770178235741,33.56227743246828,20.415295166983277,8.401452487737759,47536.0,140966.56667068304, -1.4210854715202004E-14, 0.0,0.0,82.64689532629305, 86.9930051888554,86.9930051888554,0.0, 88.64227792137022, 13.44741808500635, -34.265953541147354, 13.44741808500635, 50.63393975687395, 6.202494996865192, -34.265953541147354, 6.202494996865192, 348.0924629804848, 8.301538641030707, 4.601076478953842, 4.0, 0.0
44, 0 ,1.0,1.0,1.0,171.22302094268784,103.94576608957136,120.80699631679151,8.297173780724489,12.628701994798373,16.92242248999776,43.0,53.0,73.0,-0.13968363504549097,-0.02721330303655224,0.9898221649560689,17.05094583464017,-0.1861080139997741,-0.9810859617574788,-0.05323666750899425,12.77295600965587,0.9725493762403727,-0.19165012856829505,0.13197703964787935,7.798232535037105,71.20482692709041,54.92385701625733,40.15277723854993,21.579238250237825,7.002290074713517,56201.0,157031.23722636423, 0.0, 0.0,0.0,NaN, 127.77348006590802,127.77348006590802,0.0, 68.84309274754192, 19.559309760206173, -30.7755892570359, 19.559309760206173, 159.48411407342442, -0.8482816182348819, -30.7755892570359, -0.8482816182348819, 286.368382929982, 9.318194728407583, 5.510629944399772, 9.0, 0.0
45, 0 ,1.0,1.0,1.0,48.5471680882541,183.37774652517763,164.56879326404996,15.080551154123285,9.911389335108552,9.13263327835447,62.0,43.0,41.0,-0.9939636247425452,0.03514517665185047,0.10392848140317885,15.132346687086214,-0.08964884002248981,-0.8062456849244235,-0.5847486477311156,10.80168017550573,0.06324079515062025,-0.5905359532652148,0.8045296077397404,7.962376616881268,62.99037842925047,52.57893174466932,41.126055973702975,19.260223835896834,6.17312158087662,54751.0,136208.1323289552, 0.0, 0.0,0.0,NaN, 62.357816276198065,62.357816276198065,0.0, 227.42302311212916, -1.9337095286163026, -14.312595360895935, -1.9337095286163026, 98.23563855210355, 25.722255624790893, -14.312595360895935, 25.722255624790893, 83.40499059690751, 8.658050550258627, 5.207758282093175, 6.0, 0.0
47, 0 ,1.0,1.0,1.0,159.75334026019638,51.51483177966722,42.497095107781014,12.459129648999415,12.564357741208699,10.852834136791486,64.0,58.0,56.0,-0.7999762133954755,-0.3958437183672314,-0.4509388080778145,13.826253450372349,-0.20304689622886068,0.8857750468036756,-0.4173422149648565,12.522878156077025,0.5646326380340254,-0.24230211944832447,-0.7889738062683623,9.104353028879613,64.87723892918675,57.20349401899677,47.05895403545533,19.90290607190644,5.895026357297129,68333.0,174645.4137019314, 0.0, 7.105427357601002E-15,0.0,66.68139499219674, 77.97162692992065,77.97162692992065,0.0, 155.22991161057627, 20.990114434406312, 45.32463872567583, 20.990114434406312, 157.86308544907095, -8.00358254272091, 45.32463872567583, -8.00358254272091, 117.7840088007066, 7.585013469300426, 4.403762710019672, 3.0, 0.0
48, 0 ,1.0,1.0,1.0,8.491123660095358,118.06316572549285,68.37331349541812,6.0253775245274745,9.713120329595855,12.750983644853983,24.0,47.0,56.0,-0.06996642121860999,0.02580602806528947,0.9972154976820974,12.776821581330655,-0.04968745581252375,0.9983343264521775,-0.02932114189720316,9.718836343164744,-0.996311124416835,-0.05160059634123337,-0.06856764412235951,5.961083389388731,56.312027414506176,47.271110388067214,25.559188803934227,16.212636879541733,5.512519403482291,29573.0,68036.8242092457, 0.0, 0.0,0.0,NaN, 107.05444404732485,107.05444404732485,NaN, 36.30517431308084, -3.1533635071537662, -8.82487421659794, -3.1533635071537662, 94.3447065372083, 1.561818225765421, -8.82487421659794, 1.561818225765421, 162.58758391133375, 7.4758017213649, 4.5828484097384266, 8.0, 0.0
49, 0 ,1.0,1.0,1.0,50.68418941341648,140.0415549842277,49.73066754189231,10.551094971734825,13.716026863676552,9.096957701892439,50.0,59.0,39.0,-0.37396827446615294,-0.9224178098997626,0.09640079705341098,14.306044804140654,0.9154911999271221,-0.3505177538640442,0.19751751082398641,9.825880405101133,-0.148403478897249,0.16211936406805397,0.97554790720157,8.99993298776467,66.73206303254499,49.43078413038801,40.774883535692744,18.690592386718052,5.733357976897717,54843.0,134500.77302901456, 0.0, 0.0,0.0,NaN, 92.93568463925303,92.93568463925303,0.0, 111.32560510256792, 37.6689045516624, -1.6465152922784103, 37.6689045516624, 188.12939292509682, -12.0729571928591, -1.6465152922784103, -12.0729571928591, 82.75463943002016, 7.359410384646296, 4.356183665065231, 5.0, 0.0
50, 0 ,1.0,1.0,1.0,141.53295932678822,147.43047897173818,17.43203519760226,8.662989786425326,13.96563762038723,10.241587738105864,37.0,61.0,40.0,-0.027272332489868496,-0.9802769224389993,0.195738027000595,14.099619781830777,0.23208750180745946,-0.19666953961858658,-0.9526051037502298,10.139476317654601,-0.9723125070600166,-0.01944858657426712,-0.23287365908347954,8.565529031678816,65.19574002732602,47.461347769158294,41.13383903905057,18.51236369464256,5.680575324584834,52049.0,127279.52046333948, 0.0, 0.0,0.0,NaN, 80.5346213584835,80.5346213584835,0.0, 75.04739203970951, 2.0095201314911506, -7.178555906578246, 2.0095201314911506, 195.0390341439751, -18.551714358344313, -7.178555906578246, -18.551714358344313, 104.89011939732038, 7.884504709089819, 4.463946274370756, 6.0, 0.0
51, 0 ,1.0,1.0,1.0,8.942494382512708,22.72135081480835,112.89759811514213,5.802760986088789,12.825690970559679,14.74407082976054,24.0,52.0,63.0,0.005029993803698054,-0.2613312992082394,0.9652360598405285,14.885173008541422,0.020282954213596358,-0.9650230320343789,-0.2613793209332816,12.663905478430467,-0.999781626621886,-0.02089257517176681,-4.4651090486153504E-4,5.797855733470312,64.56368907727219,57.258722285199894,24.710911236528535,19.307765053468067,6.539741371573383,45839.0,91352.14529573172, 0.0, 0.0,0.0,NaN, 90.46024763807667,90.46024763807667,0.0, 33.67203506167414, -2.728190389235475, 0.240517215286396, -2.728190389235475, 164.49834887229608, -15.437116413431779, 0.240517215286396, -15.437116413431779, 217.38762463299565, 7.434426803839852, 4.506122745321499, 2.0, 0.0
