// Sample: .//bubblelabels.tif, Map: .//bubblelabels.tif, Thickness:(8.191250068658265):/gpfs/home/mader/Foam/NewValid/InSilicoTest/LatticeData_OldFoam/out_Step_03500.vtk/distmap.tif, Neighbors:(1.0):
//LACUNA_NUMBER, TRIANGLES, SCALE_X, SCALE_Y, SCALE_Z, POS_X, POS_Y, POS_Z , STD_X, STD_Y, STD_Z,PROJ_X, PROJ_Y, PROJ_Z, PCA1_X, PCA1_Y, PCA1_Z, PCA1_S, PCA2_X, PCA2_Y, PCA2_Z, PCA2_S, PCA3_X, PCA3_Y, PCA3_Z, PCA3_S,PROJ_PCA1, PROJ_PCA2, PROJ_PCA3,OBJ_RADIUS, OBJ_RADIUS_STD, VOLUME, VOLUME_BOX, Mask_Grad_X,Mask_Grad_Y,Mask_Grad_Z,Mask_Angle, Mask_Distance_Mean,Mask_Distance_COV, Mask_Distance_STD, SHAPET_XX, SHAPET_XY, SHAPET_XZ, SHAPET_YX, SHAPET_YY, SHAPET_YZ, SHAPET_ZX, SHAPET_ZY, SHAPET_ZZ, Thickness, Thickness_STD, Neighbors, Neighbors_STD
1, 0 ,1.0,1.0,1.0,79.22501727126183,138.2136364187281,39.68004532948719,15.423025232422921,15.475048341949842,16.06299833788021,87.0,80.0,79.0,0.09252285020065278,-0.469324137025622,0.8781653469568831,16.297743041390238,0.9929852418398437,-0.021717406970013804,-0.11622677713318393,15.416244193598585,0.07361950610412694,0.8827588621133488,0.46402258531383017,15.234491485721959,90.09052379261826,84.7549014179187,89.14189909736596,26.10330182737092,7.347406196577446,165014.0,680653.0848413468, 0.0, 0.0,0.0,NaN, 164.17709539113628,164.17709539113628,1.9073486328125E-6, 237.86970731995407, -1.5759725469584054, 2.081115765151819, -1.5759725469584054, 239.47712118568455, -13.803772031466096, 2.081115765151819, -13.803772031466096, 258.0199156027424, 7.062828478258556, 5.520364203649021, 53.0, 0.0
2, 0 ,1.0,1.0,1.0,58.833595519407346,261.75443763876336,12.83617275273064,14.532580393972633,18.765033631196967,8.15088378246786,83.0,90.0,33.0,-0.2625420446747237,-0.9644983505538263,-0.028541313161172897,19.075719339669543,0.9604705982499302,-0.2583794754152425,-0.10361600543142373,14.18265270313708,0.09256297680733848,-0.054616650053743686,0.9942077835450047,8.045407416587711,93.73943973780774,75.18111284941827,37.61752597081347,23.679342523544996,8.309514075755539,89631.0,265107.0840881723, 7.105427357601002E-15, 0.0,0.0,74.77904829665978, 71.33640257965364,71.33640257965364,0.0, 211.19589290727777, 41.89775231094325, -11.33478911752652, 41.89775231094325, 352.1264871799533, 11.887384524188828, -11.33478911752652, 11.887384524188828, 66.43690643529756, 7.73142034525837, 5.515033183916725, 22.0, 0.0
3, 0 ,1.0,1.0,1.0,77.8440871201936,14.78378058617908,258.31702070449046,15.3339843820934,9.17792008939042,16.476656612278653,73.0,39.0,82.0,-0.5759560469869704,0.10479181610533099,0.81073627476294,17.523003472778203,0.804054869500676,-0.10638345010827616,0.5849601083623663,14.26317542108043,-0.14754795414167604,-0.9887877612614381,0.0229861786341124,8.963910057388821,94.83781845376706,88.80535309095058,40.576515221534436,23.061814134700544,7.681030929051488,92975.0,341739.71044644044, 0.0, 0.0,0.0,NaN, 89.53062510083605,89.53062510083605,0.0, 235.13107703028427, -24.21141507526515, -47.966565935657, -24.21141507526515, 84.23421716723625, 11.600753613577234, -47.966565935657, 11.600753613577234, 271.4802131189458, 7.0534843288544335, 5.260792923001166, 34.0, 0.0
4, 0 ,1.0,1.0,1.0,153.994874309146,176.54830406489572,14.222722410411839,15.76874506821226,15.347898679299865,8.863542177383751,78.0,67.0,38.0,-0.7523312879627757,-0.6575550700525923,0.04023633930169877,17.163782786435846,0.6522026677254907,-0.7520361077312385,-0.09525425386932941,13.820297580839698,0.0928940975736573,-0.04542050766536987,0.9946394643886778,8.78507996911061,81.73905088090831,68.16175561769177,40.9919071429678,22.606409236387055,7.191936892355847,89744.0,228385.47646470505, 0.0, 0.0,0.0,NaN, 191.72924604769912,191.72924604769912,0.0, 248.65332102626846, 51.72853026241169, -13.65272940465326, 51.72853026241169, 235.55799387005453, 2.4013137184755076, -13.65272940465326, 2.4013137184755076, 78.56237993026069, 8.117814989982016, 5.551790792418949, 23.0, 0.0
5, 0 ,1.0,1.0,1.0,17.54372028645363,163.96854626787828,12.844637018314577,10.57941220679984,14.432764169139254,8.219035274645329,45.0,73.0,35.0,-0.05608149275923828,0.9981394171358763,0.023928437674634,14.446089766850875,-0.998355812280006,-0.05634599608788724,0.010526196444765564,10.565267971828977,-0.01185488323964021,0.023298770021551257,-0.9996582561349943,8.213816906942276,73.15131870301457,48.31358250045422,35.900389963684866,18.659063456810806,6.294484566981283,49851.0,126879.23974572732, 0.0, 2.8421709430404007E-14,-1.7763568394002505E-15,16.099335776368438, 137.7582056579424,137.7582056579424,0.0, 111.92396264138547, -5.421204120094593, -0.6535653523784272, -5.421204120094593, 208.3046815619899, 3.346761165166591, -0.6535653523784272, 3.346761165166591, 67.5525408458642, 7.464191649307978, 5.206735785454792, 16.0, 0.0
6, 0 ,1.0,1.0,1.0,280.45442610101406,206.13309165727722,209.11492676235733,12.76963813467425,14.224560403701188,15.055950423653643,51.0,77.0,76.0,0.42770775424533936,0.10710569043540513,-0.8975491340504786,15.645860564148132,-0.08045903770021907,-0.9845026853694228,-0.15582299494217838,14.24746593245925,0.9003290621826906,-0.13886264284086855,0.4124618118232117,12.012501056783899,84.1510318378233,73.84992533095809,61.43952014352675,23.210297283088085,7.305170768660222,102065.0,381818.81125552766, 0.0, 0.0,0.0,NaN, 132.1102663621322,132.1102663621322,0.0, 163.06365809052684, 9.252535892262964, -37.84222229133218, 9.252535892262964, 202.33811867854374, -0.6570926874037712, -37.84222229133218, -0.6570926874037712, 226.6816431595163, 7.017242516220938, 5.0283946069576615, 32.0, 0.0
7, 0 ,1.0,1.0,1.0,189.90188830934545,113.9094376250049,234.31526726538294,13.215400175522518,13.140917690450495,13.523505247615205,64.0,69.0,68.0,0.6287899084895517,-0.2652566345618862,0.7309323968758002,14.094778661684316,0.1504633788456533,-0.8807417145054,-0.449059911321906,13.159177227589888,0.7628787732058417,0.39234289868811234,-0.5138900925693733,12.585268487389508,67.63166720100921,67.8961734130545,61.850797625601245,22.186128032491762,6.163719384798615,101996.0,284014.6200099834, 0.0, 0.0,0.0,NaN, 171.49763348895166,171.49763348895166,0.0, 174.6468017992006, -8.675264301409541, 17.511656138718173, -8.675264301409541, 172.68371774719478, -1.9648895669403466, 17.511656138718173, -1.9648895669403466, 182.88519418227597, 6.470141738864729, 4.812038108409542, 36.0, 0.0
8, 0 ,1.0,1.0,1.0,121.75833249217725,186.55495104471586,114.6580397698597,12.527254630405809,12.67753280248272,14.699187239241652,63.0,67.0,78.0,-0.0052676582162886655,-0.21023361480747949,0.9776369873229513,14.790206798995664,-0.3397886127001234,-0.9191041653717744,-0.19947739690395866,12.577902810087869,-0.9404870814935429,0.3332406943955587,0.06659346171001983,12.520550937169654,77.49601606716992,66.2034788215484,66.42617233563386,22.194155822035743,6.413852147866126,99070.0,340799.866322861, 0.0, 0.0,-1.4210854715202004E-14,12.139910038935383, 202.09239656060575,202.09239656060575,0.0, 156.9321085750238, 0.5181855043160272, -0.22165349581111587, 0.5181855043160272, 160.71983795802535, -12.47621246095789, -0.22165349581111587, -12.47621246095789, 216.06610549428464, 6.300104732161828, 4.665812274500919, 35.0, 0.0
9, 0 ,1.0,1.0,1.0,260.17178966498835,141.07528257624227,126.26776822721077,14.335149503510433,13.306607537443472,13.440030883777496,74.0,68.0,64.0,-0.8972497230508989,-0.28122180163379756,0.34037807328164577,14.548013831746461,-0.4409577584677964,0.5317467546585275,-0.7230502362610634,13.421198234714659,-0.02234255428864174,0.7988489764629881,0.6011165636312933,13.092878869684904,78.95236150086942,70.14854446643284,66.25295354782435,22.798609313463615,6.589397466576832,107847.0,366934.9101569359, 0.0, 0.0,1.4210854715202004E-14,70.10008999572536, 193.47369584917,193.47369584917,3.814697265625E-6, 205.49651128799542, 8.107719637171261, -9.508247257184028, 8.107719637171261, 177.06580415554743, -7.196973585141416, -9.508247257184028, -7.196973585141416, 180.63443015689288, 6.082550802497181, 4.617183853501219, 38.0, 0.0
10, 0 ,1.0,1.0,1.0,22.78863219731689,133.109272143988,191.70701399883342,13.091672201151217,13.156387826519012,13.120360468046135,58.0,64.0,63.0,0.47129427187261247,-0.639856272163596,0.6070137232987165,13.80934887711886,-0.8799259163021433,-0.2942208905275422,0.37304751627240873,12.88046800564609,-0.06010067487056439,-0.7099422642370901,-0.7016907369561155,12.649968696450772,83.96170043749262,69.13077675486784,67.20331491278057,21.859684310337194,6.227397717175636,96008.0,390070.7255030978, 0.0, 0.0,0.0,NaN, 173.1033532464802,173.1033532464802,NaN, 171.39188102239555, -7.7272783557833415, 6.84427792557216, -7.7272783557833415, 173.09054064177766, -12.560664568179096, 6.84427792557216, -12.560664568179096, 172.1438588114678, 6.431428996977851, 4.684596485196173, 35.0, 0.0
11, 0 ,1.0,1.0,1.0,47.16372989647313,248.57102712202624,213.65269526851995,13.295050829294166,14.550392433565332,13.254320514852386,63.0,71.0,65.0,0.04179072205872994,-0.8657676747727184,-0.4986981741178237,15.089932938759807,-0.8031403121134112,-0.3260153597228931,0.4986778762719737,14.03992904471784,-0.5943224500287563,0.37968449868725734,-0.7089573378197193,11.803542907014307,71.25607479337293,67.4729272613899,64.57864389590571,22.848685333230403,6.487440741751679,109247.0,310484.81739249564, 0.0, 0.0,0.0,NaN, 111.01897902350711,111.01897902350711,0.0, 176.7583765535155, 11.93530291786793, -24.989745807830104, 11.93530291786793, 211.71391997075526, 28.76344349102424, -24.989745807830104, 28.76344349102424, 175.67701231043685, 6.99329905223042, 4.916064843575264, 42.0, 0.0
12, 0 ,1.0,1.0,1.0,265.3150907613113,281.73349266555715,25.527247745481287,16.482001647222024,11.017001128118043,13.985321439274808,74.0,51.0,63.0,-0.983772233056299,-0.1367150439732339,0.11619462215963174,16.591782573641385,0.13582478733094358,-0.14432034333372784,0.9801649175758835,14.02085793851445,-0.11723404204379767,0.9800411395709012,0.16054763820947843,10.80500817273313,79.41557410489548,68.44907235472536,54.722286785680865,23.1711092980539,7.191634154590234,103348.0,297466.1033135093, 0.0, 0.0,0.0,NaN, 46.779788333793334,46.779788333793334,0.0, 271.6563782990295, 19.75796865772725, -7.493790838563456, 19.75796865772725, 121.37431385695422, -13.811936518812633, -7.493790838563456, -13.811936518812633, 195.5892157598396, 6.21673530980921, 4.695194104943623, 22.0, 0.0
13, 0 ,1.0,1.0,1.0,135.59261280931585,21.216722209453767,249.50127365356624,15.03788416174776,12.69235223178827,13.574211946630735,73.0,55.0,69.0,0.9116118684262818,0.17744129742008719,0.37078078066995257,15.443986478831029,0.2753037294252675,0.40626914213631216,-0.8712940036017488,13.359905357933485,0.30524032811685053,-0.896359286289656,-0.3215095208130181,12.429368675790494,80.3279156129012,72.17421890410176,62.49017162574032,22.88011187727392,6.927732363000889,104424.0,362293.3043197541, 0.0, 0.0,0.0,NaN, 146.2382552972449,146.2382552972449,0.0, 226.13796006214415, 16.276187270285824, 22.64560524875895, 16.276187270285824, 161.09580517578067, -2.966438022426575, 22.64560524875895, -2.966438022426575, 184.25922997205254, 6.866215083903358, 4.687268161797126, 31.0, 0.0
14, 0 ,1.0,1.0,1.0,237.05171635049683,241.5202800361337,9.80485546522132,14.125199608919502,11.577241275423685,6.692775359080485,68.0,54.0,28.0,-0.9949910920201107,0.020226117054964018,-0.09789602131601768,14.179278970678862,0.022592440970517862,0.9994772980302249,-0.02312384771603215,11.578552677010302,-0.09737714522217711,0.025219732573512284,0.9949279655720308,6.575118806962359,68.7597111728575,53.36443522115573,30.623769975098824,18.43723329485961,6.1980198434053415,44280.0,112368.50819287499, 0.0, 0.0,0.0,NaN, 86.47831665894296,86.47831665894296,0.0, 199.52126399181964, -1.1250777164125154, 15.325087646446374, -1.1250777164125154, 134.03251554937384, -2.4117493271853987, 15.325087646446374, -2.4117493271853987, 44.79324200711491, 6.159584551491012, 4.591977415708987, 15.0, 0.0
15, 0 ,1.0,1.0,1.0,144.40782775096582,151.8381855600621,58.68333955156519,12.28078309747903,11.700383783003337,13.459427853230046,61.0,59.0,67.0,0.3568354913430077,0.1167613725528964,0.9268415258271275,13.624850453001448,-0.7459751756707448,-0.5615981446753562,0.35795050101962245,12.513091291150081,-0.5623072731176392,0.8191302129556458,0.11329706449084814,11.254279575605413,69.72904112313829,65.48302101510069,60.15040800848218,20.834721743408803,5.898065968425262,83089.0,274650.8691481239, 0.0, 0.0,0.0,NaN, 215.05645378553862,215.05645378553862,0.0, 150.81763348732667, 14.991349566269255, 11.51676342182079, 14.991349566269255, 136.8989806695675, 0.3681534291038395, 11.51676342182079, 0.3681534291038395, 181.1561981363048, 5.723695423974176, 4.4943489742061065, 31.0, 0.0
16, 0 ,1.0,1.0,1.0,34.22850872681137,10.959709220587731,72.12291259472619,15.155223575614825,7.48420746599341,13.360234477809444,75.0,31.0,63.0,0.9756103412979882,-3.811254786828949E-4,0.21950926334847998,15.245030196729873,0.21935192813140542,-0.03620202706935692,-0.9749739200927909,13.263600765407126,0.008318267695714976,0.999344419096559,-0.03523547137620522,7.47368566101338,78.00150389293042,65.73585170861996,32.019079527939375,20.350925314963977,7.073179422843318,58326.0,164177.67956426146, 0.0, 0.0,0.0,NaN, 80.58176317882199,80.58176317882199,0.0, 229.6808016268714, -1.0190996209579508, 12.132373571606113, -1.0190996209579508, 56.0133613940315, 4.223122528505389, 12.132373571606113, 4.223122528505389, 178.4958653020482, 6.2917407465517385, 4.53627395075353, 26.0, 0.0
17, 0 ,1.0,1.0,1.0,218.7460356368436,29.613208258697085,269.65512397473367,12.584262877841814,13.930995376462624,14.415086260216807,68.0,64.0,65.0,-0.2851544891600745,-0.5586663370390107,0.7788317155658667,15.069821414019822,-0.05242973754926082,-0.8022600360981395,-0.594667938517226,13.451306653709526,-0.9570465192102067,0.21040617466991335,-0.19947732133854568,12.336687079786095,76.9154357213171,75.74629482250035,61.6288770412701,22.731438493664673,6.596417228760084,106070.0,359053.49041975196, 0.0, 3.552713678800501E-15,0.0,56.03638384711482, 91.65129747630876,91.65129747630876,NaN, 158.36367217862752, 13.141968549757536, -15.739419914854452, 13.141968549757536, 194.072632179023, -18.878940592897184, -15.739419914854452, -18.878940592897184, 207.79471188949137, 6.223588132798992, 4.6276640886018665, 36.0, 0.0
18, 0 ,1.0,1.0,1.0,161.98128249135635,256.06094072581647,281.8777205681168,14.982835086846158,13.175332113303744,10.188161941236412,72.0,67.0,43.0,-0.924025086860691,0.3791533793268646,-0.04919709134807554,15.316692998077789,-0.38190934996116693,-0.9092831150882384,0.16537673665805475,12.866248711385248,0.017969064091691682,0.17160108263192028,0.9850026300346724,10.086224614579605,75.25033397848763,63.538100119274276,46.744864983554066,21.400395669177822,6.625438285799654,80406.0,223499.50527466994, 0.0, 0.0,0.0,NaN, 145.9733685452187,145.9733685452187,0.0, 224.4853472396283, -24.391989207368116, 2.010073495199524, -24.391989207368116, 173.5893762958529, -12.073586931121257, 2.010073495199524, -12.073586931121257, 103.79864374085811, 6.576234891757165, 4.8568696955530095, 30.0, 0.0
19, 0 ,1.0,1.0,1.0,40.70140146445162,85.50386780568459,38.1745531847886,12.416199106024143,12.422042742381457,15.672401369250768,59.0,60.0,78.0,0.09129446102798246,-0.01065070287135664,0.9957669827394138,15.697559531741868,0.6094057249858499,0.7914399990336916,-0.04740664809940673,12.475814878652866,-0.7875849057340296,0.6111540644206631,0.0787446874526958,12.330205946126107,79.54440552377648,61.613723283767115,63.25199870071622,22.566429572049522,6.696981945834904,101608.0,309999.75284879934, 0.0, 0.0,0.0,NaN, 102.10196864782141,102.10196864782141,0.0, 154.1620002404347, 1.6503164044609622, 8.475493500772489, 1.6503164044609622, 154.30714589355182, -1.1364715317851526, 8.475493500772489, -1.1364715317851526, 245.62416467889335, 5.950314317049051, 4.405493022027242, 34.0, 0.0
20, 0 ,1.0,1.0,1.0,190.72860790998536,281.8302632772902,59.85406323321624,14.156623664772301,10.280275305021675,12.786093706240017,67.0,44.0,68.0,0.9781825624340373,0.16079750035158502,-0.13154101425282566,14.271365007660513,-0.13442143649056765,0.007120064634428658,-0.9908986739780276,12.760338486760581,-0.15839744935380856,0.9869617361176085,0.02857935405015401,10.15283944122037,68.84172480202528,66.80070369673703,48.551698783810764,20.752983187040208,6.23633987497564,77143.0,223273.51547169813, 0.0, 0.0,0.0,NaN, 125.90824177705029,125.90824177705029,0.0, 200.40999358599115, 15.764818479621503, -4.9851876664037515, 15.764818479621503, 105.6840603470385, -2.5491865240435487, -4.9851876664037515, -2.5491865240435487, 163.4841922647506, 6.130192574230616, 4.68458953750224, 34.0, 0.0
21, 0 ,1.0,1.0,1.0,281.1078656756414,105.373284628295,169.03872896774467,10.751184065360816,12.111423937260666,12.909581225757783,45.0,63.0,66.0,0.12061303191622813,-0.45203331439910555,0.8838090173817724,13.148431584160546,0.31825162235165005,-0.8257082069811286,-0.4657487109961256,12.03101635016835,-0.9403022925647464,-0.3374490177750847,-0.04426916534240244,10.550129310979463,67.3628976621944,59.229195252296535,52.28275582685052,19.89729554129505,5.747126774496718,70903.0,208600.36475403016, 0.0, 0.0,0.0,NaN, 169.14874035318476,169.14874035318476,0.0, 115.58795880726832, -12.144688953037367, 1.607263456478396, -12.144688953037367, 146.68658978805064, -11.74015259705927, 1.607263456478396, -11.74015259705927, 166.6572874244378, 6.191163564022392, 4.627288578000588, 22.0, 0.0
22, 0 ,1.0,1.0,1.0,277.8989892345809,207.34815496941394,11.381152842640708,12.855496016792184,12.153033140019586,7.176479189633681,49.0,66.0,28.0,-0.9215397303901519,0.38608764815675134,-0.04124140217347655,13.00347318379644,0.38736359054242553,0.921463800997407,-0.029221775673133023,12.00622780352183,-0.026720292560630333,0.04290444490026259,0.9987218003895154,7.156956405319632,64.21238078391414,61.514867284196384,30.5565098492991,18.14922031084612,5.921794323329594,45609.0,120698.7053122238, 0.0, 0.0,0.0,NaN, 95.92887836544558,95.92887836544558,1.9073486328125E-6, 165.2637778377597, -8.767283870637643, 3.427765816966961, -8.767283870637643, 147.6962145024143, -4.379033216871525, 3.427765816966961, -4.379033216871525, 51.5018535592453, 6.469791574284106, 4.687499855282325, 13.0, 0.0
23, 0 ,1.0,1.0,1.0,51.97261644124871,188.88440893077427,49.331292161678576,14.446858193405044,10.969885630272007,13.53154960926658,74.0,55.0,74.0,-0.8266416658658949,0.06320638628143574,0.5591676930829428,15.13192618812269,0.5567276161119575,0.2365901791441049,0.7962910577112224,12.884924570767936,0.0819629044919405,-0.9695514632374094,0.23076404057270866,10.82388404744214,77.31374884442508,65.66929999369083,57.89187342409062,21.690077869120877,6.457047255605048,89981.0,293925.1327187171, 0.0, 0.0,0.0,NaN, 132.2172599351289,132.2172599351289,0.0, 208.71171166035444, 0.593871857452437, -30.023501584930564, 0.593871857452437, 120.33839074124825, 13.157875215586044, -30.023501584930564, 13.157875215586044, 183.10283482804255, 5.957351683779722, 4.289191929247778, 32.0, 0.0
24, 0 ,1.0,1.0,1.0,91.0669024210986,268.33245635525066,39.337462586410744,11.326655193815743,14.714802521642962,13.566843751900254,61.0,61.0,67.0,-0.04784274349672819,-0.8548356544247392,0.5166885675326425,15.308506124257134,0.27787506091905173,-0.5082517784685024,-0.8151475818542538,13.038260399835734,-0.9594250999499333,-0.10457597050867931,-0.26185366901807633,11.15935421557517,75.96010238611998,69.42467182116792,58.66396743008352,22.055007108207192,6.515707327373049,93883.0,309364.7361018743, 0.0, 0.0,0.0,NaN, 104.13188752636373,104.13188752636373,0.0, 128.29311787959315, -1.929701419504415, -13.012958709300266, -1.929701419504415, 216.52541325095007, -29.66917207851319, -13.012958709300266, -29.66917207851319, 184.059249388475, 5.83526055958738, 4.259487592994913, 34.0, 0.0
25, 0 ,1.0,1.0,1.0,68.66347943055712,62.38083174532003,161.4008631319359,13.54439379413435,12.753646742718844,12.010318459858063,65.0,62.0,58.0,-0.9398672851633236,0.23068944448521708,-0.25185683727631136,13.754676312105023,0.11867022421671924,0.912045194959614,0.39254418889525555,12.828015281099482,0.32026061912773146,0.3390515337735288,-0.8845774094344367,11.687803963660182,67.04012244678114,63.26904363487748,65.51454279180375,21.315374046068577,6.000723895666022,89210.0,277884.1545088888, 0.0, 0.0,0.0,NaN, 166.78058135562677,166.78058135562677,NaN, 183.4506032505851, -8.376191572399344, 13.749975474541365, -8.376191572399344, 162.655505238063, 6.952450128411578, 13.749975474541365, 6.952450128411578, 144.24774950720735, 6.250475042997261, 4.387272291161706, 37.0, 0.0
26, 0 ,1.0,1.0,1.0,124.01723161459023,169.09156855893093,274.36758769445817,13.08137641983657,11.556889914250826,13.180385267148464,68.0,57.0,61.0,-0.7388599744694185,0.3057737717792513,0.6004900820321185,13.310204865179129,0.60293049710183,-0.097979018674072,0.7917543353617998,13.139513698465516,0.3009331384071718,0.947049371675815,-0.11196755698350196,11.340118850031153,76.04119882471693,71.15667526511677,61.06178464833866,20.985706590791636,6.164964574366879,82987.0,330395.47916210524, 0.0, 0.0,0.0,NaN, 182.13816656678327,182.13816656678327,0.0, 171.1224090374562, -13.573751829072869, -0.5188842879377212, -13.573751829072869, 133.56170449011248, 5.499821672187388, -0.5188842879377212, 5.499821672187388, 173.7225557904643, 5.681628365451776, 4.221360564658466, 30.0, 0.0
27, 0 ,1.0,1.0,1.0,277.1489650279609,207.70405224939486,286.97306151406394,13.438252399368439,12.647246067464895,7.609230485549551,55.0,61.0,35.0,0.9813521255457711,-0.11889196171547925,-0.15103876034396826,13.576876463585137,-0.10096336222731322,-0.9874675487162163,0.12130226593161168,12.679801200811697,0.1635677387951364,0.10379085543453302,0.9810571100367269,7.302801943281544,59.8388539602698,63.10390357775674,40.57754922450181,18.908298633673553,6.396568767878293,47924.0,153223.4743891459, 0.0, 0.0,0.0,NaN, 95.9708960924725,95.9708960924725,NaN, 180.5866275491316, -4.572285890335253, -20.733112556316534, -4.572285890335253, 159.95283309100626, -10.51773784629909, -20.733112556316534, -10.51773784629909, 57.90038858221665, 5.629145229674796, 4.367300207031598, 19.0, 0.0
28, 0 ,1.0,1.0,1.0,12.969307838848515,249.99844775276935,81.17450433923658,8.24305616540479,11.863109366870395,13.74271622153972,33.0,58.0,60.0,-0.06418428933963755,0.04502427143831315,0.9969218585142042,13.762845591970187,-0.10866800197924932,0.9927259460901936,-0.05183108435261714,11.898389426138337,-0.9920038519823418,-0.11166024780905409,-0.05882471174104559,8.158185963660252,59.02914984925262,58.31728837392251,36.18668349114121,19.04490597354894,5.902130496760033,56692.0,124569.76132717772, 1.7763568394002505E-15, 0.0,0.0,86.31998143943308, 96.21672582078489,96.21672582078489,0.0, 67.94797494601791, -8.447553462749289, -7.438886658606664, -8.447553462749289, 140.73336385032812, 1.6547900300194651, -7.438886658606664, 1.6547900300194651, 188.86224914577096, 7.816486295404902, 4.969728770358524, 25.0, 0.0
29, 0 ,1.0,1.0,1.0,60.39147484459984,44.17542006604506,34.21224261849262,11.916144978166644,12.094357540101564,14.730914742371514,62.0,60.0,68.0,-0.3587145706725085,-0.3649540618762911,0.8591463143767972,15.579330145995463,-0.5480654206726105,-0.6627052320688529,-0.51033917158251,12.027458844295873,-0.7556111112537933,0.6539344830398257,-0.037703321355596196,10.857833602812399,81.20815206610372,59.93259907698604,56.49311483791549,21.482267034676134,6.616649276363422,82368.0,274952.8723137716, 0.0, 0.0,0.0,NaN, 82.27439162281344,82.27439162281344,0.0, 141.99451114068611, 26.063126213704095, -30.982211092090584, 26.063126213704095, 146.27348430781154, -30.085320677867394, -30.982211092090584, -30.085320677867394, 216.99984914701838, 6.247192020023281, 4.3336198917119475, 26.0, 0.0
30, 0 ,1.0,1.0,1.0,135.43267945024192,142.7576267214403,174.91160860754607,12.338070682790097,11.422968235959182,11.870784593533802,58.0,52.0,55.0,-0.8689835320502791,0.4443609751081521,0.21774054474615798,12.623961578516411,-0.31176605501702354,-0.14993077277538347,-0.9382551307155735,11.89134993244219,-0.3842779566466747,-0.8832123681062829,0.2688240407023667,11.084182838968545,66.33293681868605,54.55821651308841,59.10681902060567,19.823273232449445,5.537649023815984,72541.0,213907.9757596171, 0.0, 0.0,0.0,NaN, 233.17130250389263,233.17130250389263,0.0, 152.22798817352447, -13.229382416920755, -1.4825362121427725, -13.229382416920755, 130.48420331973242, 6.140884500321535, -1.4825362121427725, 6.140884500321535, 140.9155268660795, 5.60514768349975, 4.104473209178987, 31.0, 0.0
31, 0 ,1.0,1.0,1.0,238.86434631450587,95.23700801701995,185.34801390654593,13.27153138313319,11.366977667695284,11.93503222886986,66.0,56.0,59.0,0.9111416998205473,-0.37703388399008386,0.1663317563530075,13.663460621523411,0.19498995365695018,0.03886264504607996,-0.9800350059017705,11.893367121799866,-0.3630423127143508,-0.9253837826239312,-0.10892719603313424,10.938207495092787,72.7843886789247,59.96695483843091,56.14428809027876,20.342920985136104,5.826859072264844,77086.0,245050.62452472275, 0.0, 0.0,0.0,NaN, 161.09852191364197,161.09852191364197,0.0, 176.1335452534892, -22.86706544853827, 5.993503118863989, -22.86706544853827, 129.20818129788333, -5.035210207723794, 5.993503118863989, -5.035210207723794, 142.44499430416224, 5.82637965453581, 4.273702038838525, 30.0, 0.0
32, 0 ,1.0,1.0,1.0,273.8502984534684,65.85728497784208,239.50625169575835,13.909824562685017,13.26458695335306,11.743177483346908,58.0,71.0,57.0,-0.9796399616184678,-0.12376990917959235,-0.15807136104254393,13.956176926172667,0.16084464739098375,-0.9550474216085674,-0.2490249422939364,13.379310617441968,-0.12014385130266479,-0.269379717240374,0.9555103468480387,11.556551251151701,62.77951555571747,73.82168265733436,58.11437226363216,21.577750848899765,6.460291952839211,88456.0,269330.44658665586, 0.0, 0.0,0.0,NaN, 93.16910678718736,93.16910678718736,0.0, 193.48321936467542, 0.4409555900853406, 7.659704089662892, 0.4409555900853406, 175.9492670430642, 12.007652634160117, 7.659704089662892, 12.007652634160117, 137.90221740538584, 5.501798749882402, 4.19104897370422, 32.0, 0.0
33, 0 ,1.0,1.0,1.0,131.386815796051,276.15298675331167,59.00763559110222,12.906789969875572,12.127112083682228,12.184082493835021,64.0,53.0,69.0,-0.891775501900378,0.05298825723125839,0.44936477254667284,13.19661005815617,-0.25529929936797247,0.7610168515641306,-0.5963854620777073,12.75273208605484,-0.3735755906808571,-0.6465644563622505,-0.6651283198123774,11.19469733166235,64.59099615726396,67.54855370554127,61.36947721539204,20.656422391572512,5.95114736956173,80020.0,267756.77031609183, 0.0, 0.0,0.0,NaN, 145.989987546631,145.989987546631,0.0, 166.58522732648066, -9.556390889468382, -13.886632647480475, -9.556390889468382, 147.0668474901915, -15.771238126796899, -13.886632647480475, -15.771238126796899, 148.45186621657703, 6.2364142914171135, 4.290513050620276, 23.0, 0.0
34, 0 ,1.0,1.0,1.0,36.17151651140115,176.40309904491147,209.06343761380592,12.134721175013858,13.173744438327487,12.750619042738947,66.0,63.0,66.0,0.2744039994732911,0.8281808293098248,0.4886910670728011,13.549236133532812,-0.1965989411267602,-0.4491477722264373,0.8715590255696197,12.49054205270401,-0.9413029806714195,0.3352354287179671,-0.039571529050340545,11.990906801495573,59.795318893192245,59.415597243444736,70.74342987549315,21.128420232730303,6.08006126316854,85123.0,251335.4596750243, 0.0, 0.0,0.0,NaN, 157.65161245941857,157.65161245941857,0.0, 147.2514579953297, 10.124875226957363, 3.241236925841876, 10.124875226957363, 173.54754252636442, 11.319775679399083, 3.241236925841876, 11.319775679399083, 162.57828597305706, 5.584197995004078, 4.219215565588027, 41.0, 0.0
35, 0 ,1.0,1.0,1.0,200.54485079252635,175.43565335458544,193.56610289559904,12.543153292036186,10.700925138635025,11.719596377075908,64.0,53.0,56.0,0.9218562984731292,0.2776041369797564,0.2704013833121891,12.781409483956272,-0.27703246034227286,-0.01584478557428777,0.960729909332905,11.636206572791222,-0.270987049288573,0.9605648785489865,-0.06229874168908192,10.508268209868023,64.53710567638308,56.41084841921061,51.389613919984356,19.460307172505868,5.521401753494193,67758.0,187088.66283725062, 0.0, 0.0,0.0,NaN, 191.66579666677637,191.66579666677637,0.0, 157.3306945075182, 13.657760699185593, 6.5487265459469635, 13.657760699185593, 114.50979882267103, 3.593748466967929, 6.5487265459469635, 3.593748466967929, 137.34893924157072, 5.930099559235261, 4.19903750851317, 34.0, 0.0
36, 0 ,1.0,1.0,1.0,32.5738550067384,288.8725479709928,207.10546131302544,13.180319900759198,6.809106410471448,13.352229417337718,77.0,27.0,86.0,0.6526879597468442,-0.04912265064944129,0.756032666221953,13.969206351422049,0.7569630390906229,0.08404500851800836,-0.648030395887335,12.57071302261864,0.031707801125124085,-0.9952504216208006,-0.09203919606031304,6.723484306745063,69.92479330985086,78.78856500196892,31.994248562014036,18.852224094078515,6.554421402026887,46747.0,176265.08568569183, 0.0, 0.0,0.0,NaN, 99.06700528694547,99.06700528694547,1.9073486328125E-6, 173.72083268634896, 2.3702061764422946, 18.64421021277878, 2.3702061764422946, 46.36393010912336, -11.71274437925415, 18.64421021277878, -11.71274437925415, 178.28203041321873, 5.789507034140648, 4.448162597531074, 23.0, 0.0
37, 0 ,1.0,1.0,1.0,163.19786885624006,9.595474779159074,223.89556473003205,14.308841188574206,6.541177393037962,12.212340014742905,73.0,27.0,66.0,0.9366710798831605,-0.024556142848349213,0.34934837048271167,14.616474841460136,0.35010789353995087,0.08978617245546533,-0.9323963245942233,11.880514996800093,0.008470595701185314,-0.9956582943380772,-0.09269741055853797,6.471724121321187,73.01640818101794,63.04644876239783,28.956478504375163,18.725962431124525,6.783031587044138,43357.0,133298.98392744732, 0.0, 0.0,0.0,NaN, 156.8399862582011,156.8399862582011,0.0, 204.7429361598377, -0.8302829561640721, 23.79998501236375, -0.8302829561640721, 42.78700168719091, -9.783418829715256, 23.79998501236375, -9.783418829715256, 149.14124863569074, 6.495173308498885, 4.290521292487331, 17.0, 0.0
38, 0 ,1.0,1.0,1.0,104.01548324486465,229.44100045582204,156.83735976120806,12.08314253238693,10.923829553576416,11.998149634278542,59.0,52.0,59.0,-0.8267847975820809,0.540981022880567,0.15416365126142348,12.852071896475664,-0.17559659001116118,0.012155929072988458,-0.9843871550181995,11.989988342945034,-0.5344087724426031,-0.8409469461692984,0.08494408552054444,10.01760488959155,58.65660367960891,59.629486015038935,54.04476392193763,19.469050702092513,5.49945860785233,68009.0,189030.37807461957, 0.0, 0.0,0.0,NaN, 190.50809623603874,190.50809623603874,0.0, 146.002333457978, -29.086508748547622, -0.7592045145286928, -29.086508748547622, 119.33005211558952, 4.886822421177913, -0.7592045145286928, 4.886822421177913, 143.95559464653832, 5.93886617109624, 4.144873909601217, 23.0, 0.0
39, 0 ,1.0,1.0,1.0,51.944616429056346,20.38887983706721,165.5173794976239,12.450416030812663,11.467575880402967,12.255449349334606,61.0,49.0,59.0,0.6875508633934034,0.15767173654832406,-0.7088112821765901,12.701919694012451,-0.6576158060114209,0.5491419450517738,-0.5157369250584101,12.485448741317434,-0.307920869593042,-0.8207208707463158,-0.48125044456132626,10.931102436717739,65.00809736390931,60.793305627609,59.10271353450253,20.084392950335285,5.773331315954641,73650.0,233577.30050400973, 7.105427357601002E-15, 0.0,0.0,46.56345019915993, 145.6005659815863,145.6005659815863,0.0, 155.01285934031696, -8.607179350232293, -8.050788988855281, -8.607179350232293, 131.50529657279986, -14.985326085423615, -8.050788988855281, -14.985326085423615, 150.196038754106, 5.556874190737258, 4.065335584388886, 23.0, 0.0
40, 0 ,1.0,1.0,1.0,186.79476453526505,65.64141730676734,62.9393957061027,11.731791527077728,10.942821468813987,12.589436060610389,57.0,57.0,61.0,-0.5427550887087366,-0.14330425920957565,0.8275752551721001,13.072022779652524,0.6199845023646436,0.5963603956551331,0.5098759607215453,11.681962758296788,0.5666005034488024,-0.7898216050390416,0.23483121961339642,10.417684052578997,66.42257586794926,56.32555943832375,54.28281154879991,19.606062984623417,5.610389353724481,68609.0,203087.67189973273, 0.0, 0.0,0.0,NaN, 145.20877568011048,145.20877568011048,0.0, 137.63493243481278, 15.179915129160829, -19.173335408800156, 15.179915129160829, 119.74534169833632, 1.1013863073582335, -19.173335408800156, 1.1013863073582335, 158.49390032419723, 5.359060431888859, 3.937880364880127, 33.0, 0.0
41, 0 ,1.0,1.0,1.0,92.0917215234915,158.6791662675006,106.49261656790158,11.261403813107055,11.55896297588084,13.157075689180564,57.0,56.0,61.0,-0.0964162757939871,0.20359015068714253,0.9742971581120434,13.202608669702409,0.656813089189043,-0.722464963780531,0.21596514065826028,12.43853255291675,-0.747863936576677,-0.6607536807712708,0.06406329460192833,10.223087295685271,62.20024818849333,57.69587774963534,53.392303539734684,20.02923027950201,5.689236857538002,73069.0,191608.8484157367, 0.0, 0.0,0.0,NaN, 199.4821811678606,199.4821811678606,0.0, 126.8192158418621, -25.19385474448525, 0.5649657688201813, -25.19385474448525, 133.60962507778405, 6.011378425889576, 0.5649657688201813, 6.011378425889576, 173.10864069082623, 6.218052672731553, 4.295839320036611, 28.0, 0.0
42, 0 ,1.0,1.0,1.0,84.07157815324983,207.9319077535412,190.71186639091584,13.818149703936495,12.348342252849854,10.372624204843286,65.0,60.0,52.0,-0.9734719021571684,0.22879384044562073,0.0024154263905570815,13.899784745602036,0.22145896857743572,0.9448122628572876,-0.24142434258191448,12.370602487150535,-0.05751852699020288,-0.23448489616313267,-0.9704166386270601,10.236128597260393,65.37829587925657,59.22185132022099,54.80923950193261,20.41670078860964,5.8457231748672385,76881.0,212211.71347629145, 0.0, 0.0,-2.8421709430404007E-14,89.8616061275248, 165.79644149027285,165.79644149027285,0.0, 190.94126124040022, -9.598135929133804, -2.7878201473603488, -9.598135929133804, 152.481556393517, -10.957783840526968, -2.7878201473603488, -10.957783840526968, 107.59133289490079, 5.657564959575557, 4.104223895749731, 21.0, 0.0
43, 0 ,1.0,1.0,1.0,24.72530143004019,11.770464529395271,265.52302084306945,13.030870121351303,7.501296936132048,13.94591411200202,50.0,33.0,71.0,-0.45696488766393817,0.06156235570158608,0.8873517722993264,14.332366996418088,-0.8825316462035298,-0.15587191167921674,-0.4436686157468815,12.731951008160195,-0.11099993194399693,0.9858569995237331,-0.12555871773194482,7.283009822091499,76.25450718078213,70.6962269910537,35.40110235197039,19.440367619591015,6.529445541394363,53495.0,190844.01326131495, 0.0, 0.0,0.0,NaN, 44.028927511711245,44.028927511711245,4.76837158203125E-7, 169.80357611952613, 10.715973011673201, -19.083376179289594, 10.715973011673201, 56.26945572402405, 15.8659533214704, -19.083376179289594, 15.8659533214704, 194.48852041933708, 5.838790511344569, 4.204158402947918, 23.0, 0.0
44, 0 ,1.0,1.0,1.0,287.32737590743267,78.7272358772156,284.861480635295,8.068687495008927,10.275278414706309,8.631786104412228,37.0,50.0,36.0,0.11026410540079093,0.9608645741300839,-0.2541281118687516,10.380986999095445,-0.563554310552657,0.27105485130083756,0.7803433902095929,8.960891600651761,0.8186869768829129,0.05717112704936183,0.5713869933015827,7.558460583356045,49.40311704026003,49.55162356798114,38.92271971954989,14.923664939822512,4.740993620337868,27137.0,95282.99920132659, 0.0, 0.0,0.0,NaN, 81.1649421783433,81.1649421783433,0.0, 65.10371789211344, 1.825781643763746, -11.607008658435387, 1.825781643763746, 105.5813464997294, -7.463843473396034, -11.607008658435387, -7.463843473396034, 74.50773135232403, 6.68174025033316, 4.488722169972192, 9.0, 0.0
45, 0 ,1.0,1.0,1.0,121.58295474790664,236.9052088900766,78.33011535720648,11.790895181966706,12.526062284808981,14.203279290119644,61.0,62.0,66.0,0.1402517228124426,0.32695758726072094,0.934573801462886,14.477312171048915,0.12845524575465544,-0.9419346136300687,0.310255432641694,12.275283194465203,-0.981747780280787,-0.07653704840286048,0.17410736956121467,11.721153652514772,67.47253397948404,58.94363280196512,59.90139992000627,21.45124613279057,6.124102178984868,89808.0,238232.43598821163, 1.4210854715202004E-14, 0.0,0.0,81.93758738169436, 157.7940889967354,157.7940889967354,NaN, 139.0252091921257, 1.702250286933586, 9.994534346481515, 1.702250286933586, 156.90223636291398, 18.178082932878223, 9.994534346481515, 18.178082932878223, 201.73314259314157, 6.0270625425351, 4.220206648732682, 38.0, 0.0
46, 0 ,1.0,1.0,1.0,23.593009274140744,188.05514482660095,121.86942390799672,12.576068111180126,12.615627134302382,12.506413151302468,53.0,61.0,63.0,-0.567920192284636,-0.5330011861319756,0.6271972502947449,13.841657182998839,0.6248980835520652,-0.7751589801117359,-0.09290285638821884,12.196419864413068,0.5356949135173288,0.3391729516545217,0.7732998567810688,11.548929645605536,71.57700089893117,64.05078545357796,59.30052759654396,20.935657495133462,5.951483200545766,83997.0,271867.0122893501, 0.0, 0.0,-1.4210854715202004E-14,51.156357875847945, 167.15393255939264,167.15393255939264,0.0, 158.15748913704167, 10.173889317977789, -21.628187605285994, 10.173889317977789, 159.15404799174652, -18.353443236565884, -21.628187605285994, -18.353443236565884, 156.4103699110713, 5.949128582458567, 4.286160936787408, 21.0, 0.0
47, 0 ,1.0,1.0,1.0,216.72149208356313,135.65256460269845,206.25877399480757,12.568416874586434,12.857774050090027,11.074458545356245,69.0,61.0,59.0,0.5760984969868669,0.7281615272199019,0.37133719453651864,14.171141042791223,0.8168742114879314,-0.5288823675656688,-0.23021721022569663,11.692348216849926,0.028758379221418662,0.4359635667746926,-0.8995047104210433,10.411476506750406,63.42262374644349,59.871921168782364,54.99649354512128,20.275370407895856,5.902579364312751,74339.0,208834.57327870303, 0.0, 0.0,0.0,NaN, 184.72776081854585,184.72776081854585,0.0, 157.96510273338905, 26.538811357891248, 14.447284154863999, 26.538811357891248, 165.3223535231685, 28.437638584564038, 14.447284154863999, 28.437638584564038, 122.64363207281396, 5.7134937964193675, 3.886177172490578, 30.0, 0.0
48, 0 ,1.0,1.0,1.0,125.56511458441771,91.81438960189165,213.15264042353851,12.699185075222916,10.318802083406974,12.18300863128176,62.0,51.0,65.0,0.7515702031224852,0.12673350869564334,0.6473645399248541,13.608035728488016,-0.6160626227145749,0.48567612476504396,0.6201496164049837,11.63151004135736,0.23581576425774764,0.8649030694863445,-0.4430954814942637,9.782740673817894,67.13596523934353,58.04166449651274,52.75019014941422,19.599796348726276,5.658680094298307,67243.0,205550.77817329482, 0.0, 0.0,2.8421709430404007E-14,49.65680707065698, 178.15427023781692,178.15427023781692,0.0, 161.26930157476446, -3.3230344403414755, 28.408543103453173, -3.3230344403414755, 106.4776764365241, 19.265099789215245, 28.408543103453173, 19.265099789215245, 148.42569930988586, 6.182140268052676, 4.207861494711511, 37.0, 0.0
49, 0 ,1.0,1.0,1.0,107.58564727530505,211.03028611936472,279.5241549901208,11.814472884352666,12.15612577581769,11.311175631394303,61.0,58.0,46.0,0.4969544770099326,0.8418101790059382,0.21069378325374324,12.25509879571099,-0.7174339761384686,0.5351533418007145,-0.44598137925442083,11.925799140501947,-0.48818514690835496,0.07047356441615941,0.8698900729727573,11.08529322772374,60.495761455936076,65.15836880301437,55.913023924393144,19.53848607085294,5.7916681220470405,66301.0,220398.2448725104, 0.0, 0.0,0.0,NaN, 141.1011754611458,141.1011754611458,0.0, 139.5817695351044, 3.996561443585877, 9.047217777840476, 3.996561443585877, 147.77139387749924, 0.22662549252413133, 9.047217777840476, 0.22662549252413133, 127.94269416424828, 5.313574639446453, 3.9894617043408362, 26.0, 0.0
