// Sample: .//bubblelabels.tif, Map: .//bubblelabels.tif, Thickness:(8.191250068658265):/gpfs/home/mader/Foam/NewValid/InSilicoTest/LatticeData_Phi_6.65/out_Step_03000.vtk/distmap.tif, Neighbors:(1.0):
//LACUNA_NUMBER, TRIANGLES, SCALE_X, SCALE_Y, SCALE_Z, POS_X, POS_Y, POS_Z , STD_X, STD_Y, STD_Z,PROJ_X, PROJ_Y, PROJ_Z, PCA1_X, PCA1_Y, PCA1_Z, PCA1_S, PCA2_X, PCA2_Y, PCA2_Z, PCA2_S, PCA3_X, PCA3_Y, PCA3_Z, PCA3_S,PROJ_PCA1, PROJ_PCA2, PROJ_PCA3,OBJ_RADIUS, OBJ_RADIUS_STD, VOLUME, VOLUME_BOX, Mask_Grad_X,Mask_Grad_Y,Mask_Grad_Z,Mask_Angle, Mask_Distance_Mean,Mask_Distance_COV, Mask_Distance_STD, SHAPET_XX, SHAPET_XY, SHAPET_XZ, SHAPET_YX, SHAPET_YY, SHAPET_YZ, SHAPET_ZX, SHAPET_ZY, SHAPET_ZZ, Thickness, Thickness_STD, Neighbors, Neighbors_STD
1, 0 ,1.0,1.0,1.0,155.46702446412695,182.71178097527246,182.61402324585953,16.62889923941848,11.564602633505748,9.909305041899419,73.0,53.0,42.0,-0.9759938925266494,-0.21480220508578524,-0.03599908944630594,16.870053447749374,0.15887446981350015,-0.8152146472692593,0.5569416322372904,12.199162054251213,-0.1489792757136313,0.5378522953078682,0.8297711032808386,8.662354890168768,76.29088835586506,71.12320428525157,48.122180981499355,21.13928459595728,7.847630035246384,60742.0,261113.47741909808, 0.0, 0.0,0.0,NaN, 50.836410325878944,50.836410325878944,0.0, 276.5202899147325, 34.37766615016767, 13.891564132913842, 34.37766615016767, 133.7400340708881, -31.879067120522098, 13.891564132913842, -31.879067120522098, 98.19432641341325, 9.527796720321431, 6.329411525866715, 11.0, 0.0
2, 0 ,1.0,1.0,1.0,184.22612824324972,35.805588860646175,15.722763096893834,9.71053762081777,16.128776510203913,10.329744907011246,43.0,72.0,47.0,0.01787732985988228,0.9986551748673078,0.048664594808013155,16.14054791438435,-0.6059669398847526,0.04953674729931975,-0.7939459543531358,11.098384823525288,-0.7952889216151506,-0.015295501879653176,0.6060376050860703,8.800236916001417,72.534829426632,64.06555273183221,42.91734470215013,20.331530514155265,6.911184370081501,62553.0,199436.2115580078, 0.0, 0.0,0.0,NaN, 42.16705471404281,42.16705471404281,0.0, 94.29454088531723, 1.8957515317596116, 22.160192412744824, 1.8957515317596116, 260.1374317161055, 7.0986606880779215, 22.160192412744824, 7.0986606880779215, 106.70362984392479, 8.307991408556902, 5.85224324253869, 12.0, 0.0
3, 0 ,1.0,1.0,1.0,170.86374060893633,186.90125214182154,79.11600105443522,16.304458523353578,7.6432552798212665,15.692901011200302,65.0,33.0,75.0,-0.8666818778483852,-0.02169502529288,0.49838925398400924,16.60866393869842,0.49749274672117283,0.036361653204748774,0.8667057154167382,15.381590071096456,0.03692545963178958,-0.9991031758801284,0.020720868158023247,7.621078021889662,73.88718075637942,88.33358724777031,33.95756441457635,22.734779092143263,7.324730765774294,75870.0,221631.50557385743, 0.0, 0.0,0.0,NaN, 85.3219809287201,85.3219809287201,9.5367431640625E-7, 265.83536773975715, 7.323832142377134, -17.09232609857996, 7.323832142377134, 58.41935127251566, 3.2711754303391163, -17.09232609857996, 3.2711754303391163, 246.26714214733144, 8.344820842708588, 5.58435176169604, 12.0, 0.0
4, 0 ,1.0,1.0,1.0,55.715071813432466,80.23373347963512,28.77995774717086,13.200790405113253,14.233107728968475,15.785146105136947,68.0,69.0,66.0,0.06747703944453773,0.4110815832016718,0.9090977841245719,16.176701540979042,0.10786209890855654,-0.9088398320676426,0.40295896474244125,13.80815409089207,-0.9918732866484717,-0.07086671715033843,0.10566594358398017,13.178098055521488,76.50004130739758,79.07103935720687,67.72096499988925,24.01436491332913,7.023057618601961,122122.0,409639.9034857849, -7.105427357601002E-15, 0.0,0.0,86.13091053783745, 101.83274121413996,101.83274121413996,0.0, 174.2608673197301, 0.7748643991863617, 6.138651592428455, 0.7748643991863617, 202.58135562442217, 26.668650088147388, 6.138651592428455, 26.668650088147388, 249.1708375605201, 8.152276741273981, 5.238228947121625, 24.0, 0.0
5, 0 ,1.0,1.0,1.0,13.98026739564186,107.33546998476065,138.60186014359553,8.14372552614265,14.798800775663018,12.589132243496696,33.0,73.0,64.0,-0.04026469163885068,0.9973990887512989,-0.05978137139031582,14.81468956001868,0.008106275187421887,-0.059501845152612656,-0.9981952808574183,12.580560469686102,-0.9991561654265134,-0.040676629426651276,-0.005689368038089263,8.128068158917259,73.00776294063132,63.716856633445005,33.83205204507271,20.0864865270265,6.351698944901699,63651.0,157380.79106712624, 0.0, 1.4210854715202004E-14,0.0,4.133277574471784, 112.035238104917,112.035238104917,0.0, 66.32026544514736, -6.205395825660909, -0.3768214742838919, -6.205395825660909, 219.00450439776435, -3.670712473428058, -0.3768214742838919, -3.670712473428058, 158.48625064424814, 9.089705328279589, 5.472199696959657, 18.0, 0.0
6, 0 ,1.0,1.0,1.0,51.728947161812044,185.25874224699695,121.45456543927142,14.441868315032941,8.653930607556132,12.254382699500175,65.0,34.0,55.0,-0.9594304948756354,0.016649294000750443,0.28145324036502023,14.633046062068196,-0.28092705644804516,0.02831003136907673,-0.9593114880367684,12.02938364966083,0.023939809066283478,0.999460526050508,0.02248427025080914,8.648460134013542,65.46464400098412,58.29574287687595,35.06316274736835,19.917831834535406,6.075191004914042,63685.0,133811.90052509887, 0.0, 0.0,0.0,NaN, 95.19755220037808,95.19755220037808,0.0, 208.5675604287524, -2.7816376121902944, -18.783438665106647, -2.7816376121902944, 74.89051496039684, -1.2457302238880201, -18.783438665106647, -1.2457302238880201, 150.1698953458092, 9.23695934348085, 5.4692665637609705, 11.0, 0.0
7, 0 ,1.0,1.0,1.0,56.39013529470345,148.90412712865088,11.598639939679334,13.214505547835461,17.906638208205376,8.357660589660291,63.0,90.0,34.0,0.2738537782110888,-0.9608349801519833,0.04242934215669074,18.2648007188238,0.9459004077984252,0.2770538248211851,0.16885969524645228,12.843445254349465,-0.17400151345975287,-0.006108933482181283,0.9847264362478677,8.158695240384791,99.11485135354526,59.795356102669004,35.686620278302186,22.10187337462048,8.753772481479011,70291.0,211500.60323001503, 7.105427357601002E-15, 0.0,0.0,74.10628152309778, 76.97508708335674,76.97508708335674,0.0, 174.6231568737742, -44.48087064131988, 18.818091888497417, -44.48087064131988, 320.64769191956066, -6.283532250883099, 18.818091888497417, -6.283532250883099, 69.85049053196082, 8.17575512403539, 5.269476927468759, 16.0, 0.0
8, 0 ,1.0,1.0,1.0,26.338561902897013,50.897630654120846,50.429883233193515,13.76648099700182,13.281762398466276,12.902671290531432,63.0,66.0,63.0,0.8196357663238432,-0.24093440992813003,0.5197574633185266,14.869440391674017,-0.06877702249982526,0.8593177123559192,0.5067965966810032,13.6875484775527,0.5687415333337142,0.4511359876400604,-0.6877567803498866,11.133323717323908,75.55204643974848,67.46800287313509,60.93380866720466,22.16428293235407,6.41441345535111,97031.0,310600.6867576667, 0.0, 0.0,0.0,NaN, 76.33781351486019,76.33781351486019,0.0, 189.5159990408122, -22.931816271279544, 39.17697339928853, -22.931816271279544, 176.4052124093126, 15.444054272913393, 39.17697339928853, 15.444054272913393, 166.47892643150402, 7.935773590519064, 5.143785795151132, 21.0, 0.0
9, 0 ,1.0,1.0,1.0,88.74302353797621,178.40140109513308,81.5597944779127,12.89588255221607,12.15265983601989,15.300293889955604,62.0,56.0,73.0,0.4029161446335376,0.2870109836667394,0.8690703513803107,15.900156105318453,-0.6680718713295942,-0.5567997735003983,0.49361319569889867,13.28857593048492,-0.6255705836528923,0.7794861817149524,0.03259965312122122,10.894434660679542,76.70071498464856,75.66275446812108,59.14278275793437,22.371631624581497,6.899276734814053,94783.0,343228.4782127503, 0.0, 0.0,0.0,NaN, 122.4492702166676,122.4492702166676,1.3486991523486091E-6, 166.30378680055085, 37.047402239580244, 27.87316200266429, 37.047402239580244, 147.68714109001095, 17.542703430924778, 27.87316200266429, 17.542703430924778, 234.09899311901282, 8.411756257909971, 5.029749567293492, 21.0, 0.0
10, 0 ,1.0,1.0,1.0,186.20637670769108,20.501633010714144,110.86569482614411,8.488409692010407,11.082059006594498,13.347541106316221,34.0,45.0,65.0,0.025825103281577555,-0.3733645728483108,0.9273251639971246,13.741655633421862,0.10745653580432754,-0.9212229451128303,-0.3739002250742515,10.615538715589247,-0.993874316477405,-0.10930316161685856,-0.01632978588744406,8.455721302179413,74.05316632968334,56.81199699326727,35.997811350949945,18.399675268672233,5.87145080174268,50214.0,151446.68957959706, 0.0, 0.0,0.0,NaN, 92.49597482302786,92.49597482302786,0.0, 72.0530990994162, -5.208854560282646, 1.1549927214854123, -5.208854560282646, 122.81203182564222, -26.436690703304656, 1.1549927214854123, -26.436690703304656, 178.15685358480124, 8.674191949911247, 5.401906973066665, 10.0, 0.0
11, 0 ,1.0,1.0,1.0,77.38122907913426,101.02158387715168,159.64531124288567,11.719696339327612,14.994899357671121,13.948597782884496,58.0,80.0,76.0,0.1763921899838626,0.9047360944322536,0.387734954246026,15.31952278251078,0.009757041617881823,-0.3954992617902602,0.9184144674721897,13.705972531063678,-0.9842716065454512,0.15821799314499674,0.0785905286507604,11.585344528121981,77.2901757738384,75.07831463768439,60.48269994927101,22.602577842312,6.773857396147841,100677.0,350969.9871630762, 0.0, 0.0,0.0,NaN, 131.95863888608713,131.95863888608713,0.0, 137.351282286049, 15.826490551079706, 7.351930522232604, 15.826490551079706, 224.84700674668582, 15.762395966002254, 7.351930522232604, 15.762395966002254, 194.56338010869027, 7.453009566234609, 4.820176705266663, 30.0, 0.0
12, 0 ,1.0,1.0,1.0,20.151401670427294,176.9922030974967,48.40391499013574,12.522710122269215,12.43581584355212,13.878676637653847,52.0,51.0,81.0,0.27112627043447435,-0.4953104323747307,0.8253230404278373,14.673664075836166,0.9047447970511439,-0.16151050588415528,-0.39414617681506137,12.43156675756881,-0.32852305503446416,-0.8535701096393911,-0.4043397955198336,11.585559125709459,90.61270495092388,62.97265720464672,59.236754211569604,21.445658707515438,6.645989190059682,84649.0,338012.1942347114, 0.0, 0.0,0.0,NaN, 57.25711042274162,57.25711042274162,NaN, 156.81826880638386, -13.858959643912087, 10.899850269778176, -13.858959643912087, 154.64951569474195, -31.855915794711088, 10.899850269778176, -31.855915794711088, 192.61766521255868, 7.75639369186384, 4.848524534783901, 11.0, 0.0
13, 0 ,1.0,1.0,1.0,167.51342392585028,187.2597596418192,25.364967402403582,15.330874485856036,7.384346016260423,14.376275347417288,74.0,31.0,52.0,0.7796631871518609,0.030588931892108793,0.6254515423643162,16.926702354017095,-0.6256285150919281,-0.0045779341971904025,0.7801076871960406,12.466721346964011,-0.02672593691662527,0.9995215654322751,-0.015568061271155181,7.369476082419611,88.1449949292144,61.921061913628485,32.35674685923729,21.028078586961097,7.3526513853363875,63655.0,176604.1496908775, 0.0, 0.0,0.0,NaN, 43.140154389277896,43.140154389277896,0.0, 235.03571250107157, 5.827437520792785, 63.884865844861494, 5.827437520792785, 54.52856608786118, 4.081411735154444, 63.884865844861494, 4.081411735154444, 206.67729286475807, 8.531882156480483, 5.036470659352508, 12.0, 0.0
14, 0 ,1.0,1.0,1.0,175.41285816770056,61.19352660674347,109.64865805798202,13.269285819456144,13.047634587323548,13.038769021974828,55.0,65.0,64.0,-0.6832148760606027,-0.49772875109289044,0.5343065819031314,14.502340023595815,0.0643089221423113,-0.7698784003446757,-0.6349422109260168,12.649846221277429,-0.7273800902295785,0.3994412835677303,-0.5580007753752446,12.082538496077564,75.78584879553316,63.525132233063516,67.30398012832447,21.84383205367424,6.25869102145358,94788.0,324021.9598065663, 0.0, -7.105427357601002E-15,-1.4210854715202004E-14,74.72533776893007, 111.85946644238604,111.85946644238604,0.0, 176.0739461584199, 21.181157211584903, -24.056384610300764, 21.181157211584903, 170.24076832432172, -10.249250785074318, -24.056384610300764, -10.249250785074318, 170.00949760841038, 7.202157402948666, 4.504696617729451, 18.0, 0.0
15, 0 ,1.0,1.0,1.0,189.67172377713837,24.427175231255795,175.8041519035503,6.332181657710678,13.111230457719053,12.812583466337138,27.0,56.0,54.0,-0.02238904211414145,0.7988189543202849,0.6011547296760273,13.497955922091938,0.012248421423187456,-0.601041156810896,0.7991242106156338,12.408070536561803,-0.9996743004428247,-0.025254822075517783,-0.0036724645788266683,6.32520001490018,76.03868546931767,61.922387008777406,27.678568492479172,18.379271612026322,6.193993764518695,42053.0,130324.4541998503, 2.8421709430404007E-14, 0.0,0.0,88.7170951841795, 35.89985020331804,35.89985020331804,0.0, 40.09652454624755, -3.381871589007059, -0.7983659422980143, -3.381871589007059, 171.90436411541975, 13.548075409712139, -0.7983659422980143, 13.548075409712139, 164.16229508185577, 7.886879863908219, 4.936835782433093, 9.0, 0.0
17, 0 ,1.0,1.0,1.0,21.2193155050575,9.761784675072745,20.4189275322156,12.132980253855852,6.395704662822057,12.120107063036583,56.0,25.0,47.0,-0.7067785100017642,0.04486634476696642,0.7060107286061147,13.576744949655161,0.707413620284977,0.03708273116142223,0.7058263532094219,10.49587800071864,-0.0054870424627241655,-0.9983045037246209,0.057948340857619685,6.36551527843682,72.85183349412011,56.00759897529809,27.796412505140854,17.28115305684576,6.031002588282309,36085.0,113416.48654530715, 0.0, 0.0,0.0,NaN, 31.02393257005841,31.02393257005841,0.0, 147.20920984045603, -2.7332898411674673, -36.98546189524596, -2.7332898411674673, 40.90503813404381, 6.378137759925829, -36.98546189524596, 6.378137759925829, 146.89699521946926, 7.966049708755323, 4.679687364811473, 4.0, 0.0
18, 0 ,1.0,1.0,1.0,25.110171778904547,39.10830168308624,144.71228479438585,14.644510262813029,13.330388734923071,15.65858011314808,58.0,67.0,84.0,-0.6383757291020504,-0.3709127962452571,0.6744628426199252,18.95552054808762,-0.20728992423220616,-0.7610234914266304,-0.6147146759339878,12.93503599878539,-0.7412876066718179,0.532228280983213,-0.4089324407728281,10.522602353164853,91.766696603398,63.76207239100361,62.11585438221943,23.940517280457975,8.012721645343435,103738.0,363454.4458057693, 0.0, 0.0,0.0,NaN, 72.2268055500067,72.2268055500067,NaN, 214.46168083763612, 67.78797759802536, -99.82068965001628, 67.78797759802536, 177.69926382416392, -35.7146418830606, -99.82068965001628, -35.7146418830606, 245.19113115987653, 8.440557211633475, 4.903686945928652, 21.0, 0.0
19, 0 ,1.0,1.0,1.0,121.8603450223506,78.96706311423823,179.45972856520407,11.472148997512617,11.188683031368841,11.67486771101757,55.0,55.0,48.0,-0.3042414657601541,0.6540509514245587,-0.692570923048855,12.554704757180472,-0.860619210956461,0.12295712295562393,0.4941822737079447,11.639443288935642,-0.4083769144366409,-0.7463905806312846,-0.5254801584266557,10.00010575199145,60.37655372305261,60.95429790047102,50.49702667696846,19.0523113200473,5.487148624861681,61967.0,185839.6848583888, 0.0, 0.0,0.0,NaN, 112.97568538198503,112.97568538198503,0.0, 131.61020262112976, -15.219359268794385, -2.946689512106837, -15.219359268794385, 125.18662797644105, -23.944287991969844, -2.946689512106837, -23.944287991969844, 136.30253606976063, 7.727360055683804, 4.817428203879492, 17.0, 0.0
20, 0 ,1.0,1.0,1.0,15.62614086447391,101.58427759600482,22.254744274151886,9.810332812797553,11.81482101499653,12.600190906593408,41.0,52.0,54.0,-0.05704758450113024,-0.4325494301189317,0.8998036250240237,12.78527985963839,-0.36297362361353513,-0.8306101358874594,-0.4222995982970819,11.922005066884713,-0.9300514618360892,0.35069615433421075,0.1096197321277031,9.43397320818516,57.55854175246319,65.76229600942945,46.530848146220585,19.003628574980016,5.78442195738332,58070.0,176127.72236124857, 0.0, 0.0,0.0,NaN, 102.1034002241087,102.1034002241087,0.0, 96.24262989785235, 17.85690832803969, 4.322292030167804, 17.85690832803969, 139.58999561640363, -10.344174590626734, 4.322292030167804, -10.344174590626734, 158.76481088259922, 7.831572678786292, 4.862540590374207, 8.0, 0.0
21, 0 ,1.0,1.0,1.0,80.43485492984573,23.01027236365945,42.45499333375659,11.886176640938073,11.68718833910416,13.92851464010511,61.0,49.0,70.0,-0.391238140907433,-0.12275062687737195,0.9120663356908356,14.478775672813558,0.615494032639566,-0.7716962940641381,0.16016218502742915,12.325668900455328,0.6841782025791093,0.624032942502948,0.3774693017805976,10.503238913096618,70.91928002981055,61.11975834457915,60.38376978667476,20.819875024742245,6.197409978934423,78755.0,261737.6321628504, 0.0, 0.0,0.0,NaN, 93.8171891542506,93.8171891542506,0.0, 141.2811951395819, -14.991210686791268, -31.338482086231846, -14.991210686791268, 136.59037127369226, -16.26131787958894, -31.338482086231846, -16.26131787958894, 194.00352007962238, 6.799443631666092, 4.5102988816355865, 20.0, 0.0
22, 0 ,1.0,1.0,1.0,171.45967265146092,91.28863926315462,11.33165821327442,13.64864447573551,16.556115940016763,7.892797220730131,58.0,80.0,33.0,0.4001020431116042,0.9110767943637418,0.09928459029380005,17.235200116693562,0.9138113093034201,-0.404839969968973,0.03245750613787097,12.875876488446938,-0.06976565119805672,-0.07774106692996138,0.9945295774513208,7.736045540432989,88.98088542794694,70.66883469736716,36.49916859336214,21.533256079201944,7.681510374880842,64274.0,229513.17711811562, 0.0, -1.4210854715202004E-14,0.0,24.345416769270344, 96.31496468120939,96.31496468120939,0.0, 186.28549602502545, 47.274219014999616, 12.564989857311359, 47.274219014999616, 274.10497501927716, 20.064568516466107, 12.564989857311359, 20.064568516466107, 62.29624796756528, 7.034143749317884, 4.737309761225372, 12.0, 0.0
23, 0 ,1.0,1.0,1.0,153.90495422724825,81.97321845270149,69.95901992460959,10.962920921075861,10.313168472424637,11.890757647781866,47.0,51.0,58.0,0.024406153986902962,-0.2780398343957878,0.9602594389729948,12.02781216210055,0.978197239970649,0.20480281141393208,0.034437888302771814,10.998421666963084,-0.20623893754907782,0.9384826364542459,0.276976247560175,10.114526777341698,57.457003018686464,47.08471149438597,49.03778485701654,18.44248959481522,5.273686949924765,55710.0,132664.19524017858, 0.0, 0.0,0.0,NaN, 117.21188615963108,117.21188615963108,1.3486991523486091E-6, 120.1856351217628, 3.4511432724297553, 1.621522356862449, 3.4511432724297553, 106.36144394061351, -11.17932404007325, 1.621522356862449, -11.17932404007325, 141.39011743828294, 6.792071866838813, 4.488551878670004, 16.0, 0.0
24, 0 ,1.0,1.0,1.0,136.1253503631036,117.00078035418525,122.15110205121671,10.11452005043337,11.958570349043043,12.602917094768353,49.0,60.0,64.0,0.19483667504820734,0.5054895917862168,0.8405468116957933,12.737609550372387,-0.3812933598682046,-0.7505314005402438,0.5397388169508618,12.29067086436946,-0.9036891300533471,0.4256558344471548,-0.046508782230038404,9.530852668425648,59.152786594018096,61.605019670838686,47.062912544009826,19.322181963067877,5.549569724525576,62792.0,171502.36348186553, 0.0, 0.0,0.0,NaN, 130.49633036944198,130.49633036944198,0.0, 102.30351585061865, 24.267277007138112, -0.6992184393731321, 24.267277007138112, 143.00740479301146, 5.945066186767247, -0.6992184393731321, 5.945066186767247, 158.8335192976044, 7.322843982375933, 4.618627887814651, 23.0, 0.0
25, 0 ,1.0,1.0,1.0,118.61611123234717,56.786264301524454,14.490195467157154,14.409648103476641,11.7525027737443,9.411147478881114,71.0,58.0,39.0,-0.9180030878137381,0.34636861068084485,0.19312979133076238,14.958281803751545,0.3675448733717647,0.9259899434938096,0.08633302152980049,11.29565804549611,-0.14893319583818743,0.1502378450436272,-0.977367634564431,9.109714132777171,74.90613009298988,52.94633406312029,44.539730257931026,19.868564189356434,6.2904001331843835,64154.0,176644.7923350154, 0.0, 7.105427357601002E-15,0.0,69.73463674484326, 100.28949560619348,100.28949560619348,0.0, 207.63795846602798, -29.577156261216, -23.541080307305492, -29.577156261216, 138.12132144686746, 12.982114291324837, -23.541080307305492, 12.982114291324837, 88.56969686925036, 7.167647112124106, 4.661981642797264, 15.0, 0.0
26, 0 ,1.0,1.0,1.0,151.09747791013388,151.7611626410534,54.44854591396331,10.204075793964908,14.266711102136078,10.68307570112429,47.0,63.0,51.0,-0.04490891140215199,0.9908393674409159,-0.12735987439519203,14.331885827114089,-0.5892511562204585,0.0766757460606746,0.8043033661864727,11.056640240650715,0.8067008519702491,0.11116734185598026,0.580409818606775,9.70247752608246,64.92446097274481,57.19923674150946,51.944244826241885,19.66039637794607,5.937939809293764,63717.0,192901.68583736225, 0.0, 0.0,0.0,NaN, 87.65321584880795,87.65321584880795,0.0, 104.12316280898055, -6.2211118094634665, -12.686550193380524, -6.2211118094634665, 203.53904567181283, -12.307233992204688, -12.686550193380524, -12.307233992204688, 114.12810643595222, 6.701757733960916, 4.548378993629933, 19.0, 0.0
27, 0 ,1.0,1.0,1.0,52.273274445910644,67.92085207228072,97.04858212371745,12.430534038755901,10.547053411487937,13.543422584884636,60.0,52.0,63.0,-0.5427899414842489,0.00915385932611749,0.8398186032012889,14.284398540804453,-0.8126421623106679,0.2468154785420956,-0.5279155572504746,11.63955405297899,0.21211269518482026,0.9690192600828295,0.1265301471190071,10.47184545538444,66.92265203103543,56.53771425805468,53.21039954619218,20.347143972866867,5.930981336491919,74266.0,201329.72926768396, 0.0, 0.0,0.0,NaN, 129.47650234597035,129.47650234597035,0.0, 154.5181764886691, -5.647681210876225, -31.94790313468945, -5.647681210876225, 111.24033566477934, -2.638656104769203, -31.94790313468945, -2.638656104769203, 183.42429531276326, 7.53162037783356, 4.551410264980394, 18.0, 0.0
28, 0 ,1.0,1.0,1.0,11.76290568857412,84.4735713589552,104.63802345602807,7.466111314319026,10.61484285045288,10.10696641896973,29.0,49.0,44.0,0.15626121123387327,-0.756175619255249,0.6354375395801413,11.815011548153299,-0.021924754178077106,-0.6458374596672799,-0.7631600624015552,8.79440402769427,-0.9874723991170353,-0.10532050386536856,0.11749830827544347,7.323417030763301,58.10839721230952,43.89162090937634,32.00150819895467,15.681096997544092,4.967058892887861,30781.0,81618.94236582816, 0.0, 0.0,0.0,NaN, 127.93770663392338,127.93770663392338,NaN, 55.74281815780257, -9.821639200232177, 8.93224051142239, -9.821639200232177, 112.67488873981061, -29.61929332765402, 8.93224051142239, -29.61929332765402, 102.15077019418179, 8.565697453981185, 4.749436044350722, 9.0, 0.0
29, 0 ,1.0,1.0,1.0,99.18743713435286,187.45472647028635,140.51799240480344,12.221408043463414,7.727692463898479,12.93830882928469,58.0,32.0,59.0,0.5965149097521847,0.004757690095191335,0.802587893522137,13.768473197744157,0.7993933439652858,0.08580535438751412,-0.5946492434893293,11.300398251109858,0.07169549544665751,-0.9963005598429581,-0.04738090743397668,7.69480512506235,63.38128749507476,55.662347810034674,34.169632426310784,18.470862761907902,5.941978590851894,48715.0,120548.79808645455, 0.0, 0.0,0.0,NaN, 116.33417726864084,116.33417726864084,1.3486991523486091E-6, 149.36281456483226, 5.067779792667861, 29.854156037190787, 5.067779792667861, 59.71723081659335, -2.9968093554593493, 29.854156037190787, -2.9968093554593493, 167.39983536194617, 7.192310033840013, 4.670589141043918, 11.0, 0.0
30, 0 ,1.0,1.0,1.0,49.717555083656826,122.43515074459307,143.1729674164446,12.887039930044,10.541818934191465,13.546561954631946,58.0,53.0,61.0,-0.5835661696500979,-0.019978537692352562,0.811819797536121,14.141328759546985,-0.687827259278937,-0.5192563915243532,-0.5072144134919019,13.123328754632764,-0.4316760209146897,0.8543849588404415,-0.2892786806428664,9.40830211583079,68.46791941840877,64.79414272967566,50.836982414371725,20.559488447989494,6.1662403575879665,73933.0,225529.12910439714, 0.0, 0.0,0.0,NaN, 108.24718359275182,108.24718359275182,0.0, 166.07579815854848, 31.19568822918857, -23.60185701121021, 31.19568822918857, 111.12994644127768, 20.238124954731138, -23.60185701121021, 20.238124954731138, 183.50934079068168, 7.009683165411985, 4.339571020759601, 17.0, 0.0
31, 0 ,1.0,1.0,1.0,17.45136639860267,140.13212765183218,23.03278628870856,10.15742011209746,10.26682564195406,12.56499489909536,39.0,46.0,52.0,0.16740000308952643,-0.27052986583184757,0.9480457956547401,12.79884551692224,0.7048420810281253,-0.6395167961130853,-0.30694609999346323,10.28726812507437,-0.6893292970544403,-0.7196053496064756,-0.08362571996804435,9.839799635511294,59.87296836850666,55.76957024847112,50.328923865544425,18.374585826505296,5.369784410440594,54962.0,168052.792067189, 0.0, 0.0,0.0,NaN, 66.47722597172746,66.47722597172746,0.0, 103.173183333642, -7.093333990514292, 8.682828822635749, -7.093333990514292, 105.4077087622854, -15.413032532087504, 8.682828822635749, -15.413032532087504, 157.8790968142924, 7.524650529558918, 4.629080695901832, 7.0, 0.0
32, 0 ,1.0,1.0,1.0,113.16679654016987,71.02832541104964,68.22586300942882,9.496385638289498,11.721915333097623,15.856759749112133,46.0,59.0,75.0,-0.0019020699222527773,-0.20768965848778007,0.9781929195650723,16.025557359424617,-0.06218770025293408,-0.9762767920946023,-0.20740374913372314,11.497187439011654,-0.9980626593893102,0.06122606450444493,0.011058795505635741,9.487763768165134,74.99935725637111,61.2300634658576,46.7016944619367,20.89892841407734,6.50048153229944,76998.0,214464.24073398468, 1.4210854715202004E-14, 0.0,0.0,89.89101935540312, 131.30040600537214,131.30040600537214,0.0, 90.18134019111102, 2.625993100416753, 0.23352868087340883, 2.625993100416753, 137.40329907630917, -25.349094875497574, 0.23352868087340883, -25.349094875497574, 251.43682974106264, 7.359263268692865, 4.454696394262688, 23.0, 0.0
33, 0 ,1.0,1.0,1.0,179.87041706145916,155.3059307199409,90.21522748076892,12.679167957300352,8.77480243719535,14.565335252290344,51.0,41.0,71.0,0.3113129523245529,0.04374107493076797,0.9493002496991518,14.78017647807173,-0.9474625301421924,-0.06295184936181253,0.31361093513856253,12.451507024281822,-0.07347788573119601,0.9970575625438226,-0.02184530344592826,8.741499014137615,74.9593107342906,57.92006926283511,40.21778896495451,20.143510209854487,6.644279143622544,62269.0,174611.50191137547, -2.8421709430404007E-14, 0.0,1.4210854715202004E-14,86.60951347150464, 102.67203712548611,102.67203712548611,0.0, 160.76130008943198, 6.6238024535355, 18.614377467798192, 6.6238024535355, 76.99715781180946, 4.345708402115889, 18.614377467798192, 4.345708402115889, 212.14899101161183, 7.55388154304321, 4.625500404009836, 14.0, 0.0
34, 0 ,1.0,1.0,1.0,122.16343523793692,152.04613664183276,163.27969111268948,11.673668862966215,11.60886655940507,11.455556232228558,63.0,58.0,60.0,0.21860544183623,0.7601372049053098,-0.6118848670447158,12.291336800746812,-0.9098713011292194,-0.06781450051200508,-0.4093108951661669,11.791678428713036,0.3526271064183924,-0.6462140692054373,-0.6768024088165924,10.590064003132445,59.73926263363772,66.18383098749007,50.48556244608173,19.294130660024038,5.4778296961380795,66173.0,199608.466889186, 0.0, 0.0,0.0,NaN, 98.52149465833388,98.52149465833388,0.0, 136.27454472218693, 8.128028534577336, 4.8089574390803325, 8.128028534577336, 134.76578279407332, -17.359314175978586, 4.8089574390803325, -17.359314175978586, 131.22976858975056, 7.329649102172072, 4.4260919979216995, 18.0, 0.0
35, 0 ,1.0,1.0,1.0,145.33139259067582,42.85438679719958,83.04056870947801,12.65261103401382,10.24356286269755,12.83389076810814,63.0,48.0,57.0,0.6618029618371225,-0.0877053806413888,-0.7445297884639417,13.107055110838942,0.7053511781361804,-0.26358798638368974,0.6580281824786033,12.550661073127312,0.2539617199609321,0.9606399635871608,0.11258021652912327,10.020674193722376,63.68059062106714,62.83160351131322,47.085785557380746,19.903872353399358,5.793424176372098,69561.0,188397.46139321622, 0.0, 0.0,0.0,NaN, 108.26306459468228,108.26306459468228,0.0, 160.08856597804825, -14.760330133969338, -8.666841906972127, -14.760330133969338, 104.93058012203642, -5.2436721660369425, -8.666841906972127, -5.2436721660369425, 164.70875224773133, 7.3388593234931, 4.514705956785179, 18.0, 0.0
36, 0 ,1.0,1.0,1.0,84.2546143609327,33.57558004975988,106.99832205056993,12.030053519009723,12.370383408426642,11.375810726425454,62.0,62.0,57.0,-0.5758475826236881,-0.8164103405597407,-0.043286457623404655,12.776285996977975,0.6393459706857719,-0.4166938492355071,-0.6462220715645391,12.165197116637163,0.5095451808763604,-0.3998004400152957,0.7619208074394955,10.76717875127738,64.20822717603599,62.5978185097047,56.52970738719269,19.808478983983097,5.8976099706811675,69132.0,227209.5675165082, 0.0, 0.0,0.0,NaN, 129.90562619916363,129.90562619916363,0.0, 144.7221876702382, 13.696560781752645, -12.06679200275035, 13.696560781752645, 153.02638567147713, 10.304587850572396, -12.06679200275035, 10.304587850572396, 129.4090696834564, 6.535647278334203, 4.107127184920727, 15.0, 0.0
37, 0 ,1.0,1.0,1.0,15.781874965755302,71.34725037897466,171.63550855660878,10.426532536280618,12.089789072148443,11.258742369912152,41.0,68.0,56.0,-0.2516884406234232,-0.7940236773073733,0.55333473479606,12.863301855221893,0.4282576272014462,-0.6040918248781012,-0.6720628481468321,10.64719423984223,-0.8678988037786065,-0.06781937032088955,-0.49208962538235,10.139407304755482,69.60673581916764,55.121658874102934,58.97372702487502,18.66268098119266,5.7740106412647805,54753.0,226272.68091371085, 0.0, 0.0,0.0,NaN, 78.38394024873365,78.38394024873365,0.0, 108.71258073011833, 9.791083799538091, -11.764051674034762, 9.791083799538091, 146.16299980903992, -23.24374781631726, -11.764051674034762, -23.24374781631726, 126.75927975205511, 7.372078179938629, 4.5146684894163505, 9.0, 0.0
38, 0 ,1.0,1.0,1.0,184.43589375448673,114.16204235463029,57.345854271356785,8.94580778315919,10.815442483594433,14.009181971503823,38.0,50.0,66.0,0.03300765171170213,0.16032735451513971,0.9865118520943656,14.091691004648213,0.09834357019668744,-0.9827807681884004,0.15643050814974266,10.729816382729997,-0.9946049653653697,-0.0918536938462151,0.04820644974853063,8.919290192739224,63.66683604759187,50.39648951918847,40.102394253751896,18.91981592079784,5.941297673320681,55720.0,128671.94209401315, 0.0, 0.0,-7.105427357601002E-15,9.421133415636898, 104.39800466513525,104.39800466513525,0.0, 80.02747689323152, -2.808483214451908, 4.422934161114247, -2.808483214451908, 116.97379611593932, 13.355873685999805, 4.422934161114247, 13.355873685999805, 196.25717951070774, 7.738557561619604, 4.588080840868174, 12.0, 0.0
39, 0 ,1.0,1.0,1.0,48.2342868741935,152.55472589929101,187.86134752287194,17.31651852372711,15.036891504510077,6.82275924635793,87.0,77.0,29.0,-0.9139686428259352,0.3887385271712365,0.11637730630864329,17.85034185958601,0.3972202343889602,0.9157067227974189,0.06080528937181112,14.550128246939474,0.08293012313326044,-0.10180154869326756,0.9913420395407202,6.494538253662036,81.68310240084928,70.5665955625528,31.730941742358596,22.578720036499973,7.919682136811632,68971.0,182900.27215907883, 0.0, 0.0,0.0,NaN, 68.73825244151826,68.73825244151826,0.0, 299.8618137825842, -36.55991381604795, -25.310659764569166, -36.55991381604795, 226.1081061184073, 21.94619251243198, -25.310659764569166, 21.94619251243198, 46.550043733762635, 8.479462176700924, 5.244293965734226, 12.0, 0.0
40, 0 ,1.0,1.0,1.0,80.81960050894486,106.5595940704858,74.4502015850873,12.659014821240126,11.338854815736772,10.682860250541554,63.0,59.0,52.0,0.9029377280837254,-0.35340917401286054,0.24455145660279248,13.004665087059326,0.38979705555478456,0.9130909740013395,-0.11967927422116473,11.108326047811904,-0.18100197425392953,0.2033883696793698,0.9622221450347871,10.508452136173943,63.84288900184241,56.32325959605846,50.77696069344393,19.302264868594833,5.510567924628142,65233.0,182585.8065680309, 0.0, 0.0,0.0,NaN, 144.24198349564514,144.24198349564514,0.0, 160.25065624437718, -14.114216684477535, 12.3555098225327, -14.114216684477535, 128.569628532357, -6.48975455156183, 12.3555098225327, -6.48975455156183, 114.12350313260073, 6.234884434834997, 3.980911678293731, 21.0, 0.0
41, 0 ,1.0,1.0,1.0,48.3477189284743,184.32657397334785,166.75312754963286,11.72507519771033,9.87116020285963,13.065966462989591,54.0,42.0,57.0,-0.4393653394357083,0.25602261487636946,0.8610519840139792,13.783631991642334,0.897564360830913,0.08611154639380349,0.4323922059240442,11.179104725180789,-0.036555665343939274,-0.9628277219988705,0.2676312034904151,9.522383021957523,69.3188936541641,57.38297759040509,47.04469153444224,19.229431084195536,5.988793862931171,58832.0,187130.82310642154, 0.0, 0.0,0.0,NaN, 60.733127177271804,60.733127177271804,6.743495761743046E-7, 137.47738839196194, -8.52063033336491, -24.26112881225944, -8.52063033336491, 97.43980375051974, 23.17036919344762, -24.26112881225944, 23.17036919344762, 170.71947961196872, 7.29616180488823, 4.499752649924437, 9.0, 0.0
42, 0 ,1.0,1.0,1.0,172.59334781881998,103.53088880031885,123.97949317939289,12.013912251369332,11.767006645096314,14.105054927033716,52.0,58.0,66.0,-0.34707981188594955,-0.010444558926762593,0.9377774338136098,14.405426758104158,-0.6244775342231789,-0.7434467701680632,-0.23940490633488293,12.2392050742881,0.6996880829567934,-0.6687135493733477,0.2515129727325148,11.155027858790776,71.74945829763642,68.58515602357019,62.00495386930222,21.01398130695883,6.33732570527601,77779.0,305123.14083310665, 0.0, 0.0,-1.4210854715202004E-14,20.31840615801069, 125.84328133316693,125.84328133316693,0.0, 144.33408758360213, 12.076582134834227, -23.249805348860143, 12.076582134834227, 138.4624453857408, 3.700558860830241, -23.249805348860143, 3.700558860830241, 198.95257449463813, 7.5543200652893825, 4.672074722874772, 16.0, 0.0
43, 0 ,1.0,1.0,1.0,114.78662876150692,152.65376730873365,63.05161677109925,9.627382152125815,12.293724170588892,10.66889460241971,45.0,55.0,49.0,0.0364261548245959,-0.8852633264702766,0.4636614908006432,12.839658629315068,-0.5538808891419756,-0.4040700292070945,-0.7279720957151257,10.308339767351464,-0.8317987111603314,0.23029601451904944,0.5050491558340161,9.302083134794495,61.12584376584715,51.98417535568609,47.517788731112425,18.119302574897485,5.416486621645522,51708.0,150991.41265707344, 0.0, 0.0,0.0,NaN, 116.09690247949918,116.09690247949918,0.0, 92.68648710307069, 1.890578144914904, 9.279501969434873, 1.890578144914904, 151.13565398252152, -26.346211513634643, 9.279501969434873, -26.346211513634643, 113.82531203754041, 6.344169428928104, 3.9730018061691967, 15.0, 0.0
44, 0 ,1.0,1.0,1.0,98.76379299555704,159.22836403078784,16.191026470036086,11.69138911948593,10.932685858790128,10.594559350763753,51.0,55.0,45.0,-0.7863866032812444,-0.014711216742173128,0.6175594629521528,13.293543650927457,-0.12614940587381313,-0.9748244340432789,-0.18385769004826844,11.050323247467869,0.6047168242884189,-0.2224879837073589,0.7647330642311494,8.344395771680338,62.64018129323409,53.04494977161076,50.28167095506385,18.24997923573654,5.9493819311152025,47941.0,167073.18435295275, 0.0, 0.0,0.0,NaN, 108.06832303977242,108.06832303977242,NaN, 136.68857954323397, 7.692622062214842, -50.78971686559161, 7.692622062214842, 119.52362008698964, 8.433149959451098, -50.78971686559161, 8.433149959451098, 112.24468783685568, 7.245046516613435, 4.344522958134954, 12.0, 0.0
45, 0 ,1.0,1.0,1.0,117.65663443382732,113.00751463828651,54.6065686330606,10.284955476945429,10.697243774885338,11.040454459723623,49.0,48.0,53.0,0.07411636948509068,0.6403629787052196,0.7644880766095232,11.705616071130848,-0.8469091875490242,-0.3643447470948027,0.38729540832480364,10.462926760314007,0.5265468562430144,-0.6761569054355678,0.5153253801360804,9.77796933022867,58.493443112914974,51.45336456020962,49.67863317140145,17.811249477526257,4.986217029838048,52431.0,149517.00989583344, 0.0, 0.0,0.0,NaN, 131.64345673085862,131.64345673085862,0.0, 105.78030916274979, 6.243525510348532, -2.2010059868972407, 6.243525510348532, 114.43102437932312, 18.31725528711218, -2.2010059868972407, 18.31725528711218, 121.89163467723122, 6.579642948466257, 4.023209415736363, 12.0, 0.0
46, 0 ,1.0,1.0,1.0,108.76084217759792,53.189279987783465,129.4429831259067,10.793755840554956,10.929996435946803,11.106076692575177,51.0,52.0,49.0,-0.4433156992602056,-0.5050000184450933,0.7405715172485984,12.296687773964452,0.7141556956454508,-0.6982930216193226,-0.04866722033277676,10.897621313185214,0.5417128696704534,0.5073084242630039,0.6702128986413132,9.452420126122737,56.557332165767626,51.28399034333812,47.250014511499955,18.195589333779477,5.313704501864372,52388.0,137047.9903113634, 0.0, 0.0,0.0,NaN, 127.01171621520238,127.01171621520238,0.0, 116.50516514551424, -0.8174870396476595, -21.331332832241618, -0.8174870396476595, 119.4648220898098, -22.13557724434012, -21.331332832241618, -22.13557724434012, 123.34493950136161, 7.102517269960208, 4.159036629033798, 17.0, 0.0
47, 0 ,1.0,1.0,1.0,17.813479753484717,49.4881705753402,93.67653141415394,9.65862359119992,10.66445527105782,11.008868143934228,39.0,56.0,47.0,0.37699902614957137,-0.48895178751912255,0.7866370724572603,11.632853695404556,-0.1423643161007919,-0.8698019532472437,-0.4724160916273199,10.34738993962262,-0.9152071545739947,-0.06611135764097918,0.3975237761536257,9.264072001777386,57.83504203539599,59.1016158600177,46.064030917117954,17.419054417503887,4.979089968602715,48354.0,157453.5110538844, 0.0, 0.0,0.0,NaN, 107.43226529124641,107.43226529124641,0.0, 93.28900967648364, -6.493799676986515, 16.108732200526305, -6.493799676986515, 113.73060622839293, -10.30923034353068, 16.108732200526305, -10.30923034353068, 121.19517781052984, 7.219710977315907, 4.177652578652994, 9.0, 0.0
48, 0 ,1.0,1.0,1.0,126.43000350508237,9.382509638976517,49.646792849631964,11.162701898276994,6.235861462918385,10.480201372315264,53.0,26.0,53.0,-0.9933487412054718,0.11507540600818189,0.003991149904095595,11.21432583574806,0.022096205074480308,0.15649084494126536,0.9874322119370399,10.570184256486272,0.11300458427343281,0.9809527340201574,-0.15799271360277237,5.986368138728987,52.3725250280623,52.29153223193407,27.580636165074722,15.702576801713102,5.172580056904827,28530.0,75533.42185904829, 0.0, 0.0,0.0,NaN, 89.24897709017144,89.24897709017144,0.0, 124.60591366979682, -10.016846416087013, 1.2993391279605457, -10.016846416087013, 38.88596818471063, 11.768473523728115, 1.2993391279605457, 11.768473523728115, 109.83462080427873, 6.622597675338319, 4.207994991108258, 12.0, 0.0
49, 0 ,1.0,1.0,1.0,149.0946420264727,52.23427918974923,159.37776462130503,10.519978377979262,9.10697268851745,11.061201031139795,49.0,44.0,51.0,0.4980760270395603,-0.08418213657679974,0.86303744945967,11.291252891017713,-0.8238234731757993,0.26467296763087117,0.501261513832881,10.380444314919428,0.27061994814324175,0.9606568524123651,-0.062476040048295836,8.983932816410807,50.90240839556236,48.17451647586216,42.301274338434325,17.142278728888197,4.700994028387573,47294.0,103731.13890524549, 0.0, 0.0,0.0,NaN, 83.48617490367926,83.48617490367926,9.5367431640625E-7, 110.66994507315118, -7.857965781141767, 8.942088331607296, -7.857965781141767, 82.93695154940275, 0.18897466900534812, 8.942088331607296, 0.18897466900534812, 122.35016825128805, 6.58812052452721, 4.052635744353615, 14.0, 0.0
50, 0 ,1.0,1.0,1.0,134.45630458359494,116.90513157143673,184.95995776014612,9.99387134864594,10.241204074618503,8.015968175011308,50.0,47.0,33.0,-0.3348187993598645,0.9355480235951641,0.11245562299147709,10.304220191464797,-0.9417595315284808,-0.3362170531229276,-0.006861338396458052,9.955972922364854,-0.03139038659327344,0.10820345991010069,-0.9936330584743084,7.982300459705203,48.82904238380077,53.13984637483958,34.768943594627274,15.759333869742399,4.545202657314081,35038.0,90217.33565853488, 0.0, 0.0,0.0,NaN, 106.89684765499545,106.89684765499545,0.0, 99.87746453328621, -2.0898237217914915, -1.3699356318630265, -2.0898237217914915, 104.88226089798265, 4.5487727494355985, -1.3699356318630265, 4.5487727494355985, 64.25574578279411, 6.990410832045924, 4.323592177429592, 13.0, 0.0
