// Sample: .//bubblelabels.tif, Map: .//bubblelabels.tif, Thickness:(8.191250068658265):/gpfs/home/mader/Foam/NewValid/InSilicoTest/LatticeDataPhi_16.0/out_Step_05000.vtk/distmap.tif, Neighbors:(1.0):
//LACUNA_NUMBER, TRIANGLES, SCALE_X, SCALE_Y, SCALE_Z, POS_X, POS_Y, POS_Z , STD_X, STD_Y, STD_Z,PROJ_X, PROJ_Y, PROJ_Z, PCA1_X, PCA1_Y, PCA1_Z, PCA1_S, PCA2_X, PCA2_Y, PCA2_Z, PCA2_S, PCA3_X, PCA3_Y, PCA3_Z, PCA3_S,PROJ_PCA1, PROJ_PCA2, PROJ_PCA3,OBJ_RADIUS, OBJ_RADIUS_STD, VOLUME, VOLUME_BOX, Mask_Grad_X,Mask_Grad_Y,Mask_Grad_Z,Mask_Angle, Mask_Distance_Mean,Mask_Distance_COV, Mask_Distance_STD, SHAPET_XX, SHAPET_XY, SHAPET_XZ, SHAPET_YX, SHAPET_YY, SHAPET_YZ, SHAPET_ZX, SHAPET_ZY, SHAPET_ZZ, Thickness, Thickness_STD, Neighbors, Neighbors_STD
1, 0 ,1.0,1.0,1.0,130.5519074959031,15.350316865495468,180.61114358075199,21.001092789172723,9.448079343032289,11.412191091083367,86.0,38.0,47.0,-0.9784964573884549,-0.028073832885124696,0.20434417727300494,21.345787900459158,0.1833685431474331,0.3352473694625422,0.9241131849792175,10.947234904490466,0.09444924701780914,-0.9417117718153385,0.3228905055311863,9.223101103511524,87.99396089515034,55.41573344188842,45.816565108221035,24.01948129954562,9.144108770778885,87261.0,223413.02017794072, 0.0, 0.0,0.0,NaN, 73.71972282622156,73.71972282622156,0.0, 441.04589833944254, 12.317641784505518, -68.20393617823495, 12.317641784505518, 89.26620327223345, 8.648043821179145, -68.20393617823495, 8.648043821179145, 130.23810549940256, 11.231960011827269, 6.419289733352607, 12.0, 0.0
2, 0 ,1.0,1.0,1.0,180.76498811400108,165.7134995341385,92.18959256711453,11.33197247753957,16.210473128970666,15.454978418941604,49.0,67.0,80.0,0.15298775005817253,0.8992733711216532,0.4097586513102996,16.551864864041683,0.07485030933765274,0.4029041440984117,-0.9121763436202367,15.224203906477097,-0.98538935427789,0.17022236827110576,-0.005671491512839787,11.149384833400216,81.55876573328635,84.32128946429336,54.86228022182023,23.97280795564007,7.440018544919801,114841.0,377295.59792031505, 0.0, 0.0,0.0,NaN, 100.22210721263357,100.22210721263357,0.0, 128.4136002317143, 23.830222994634745, 2.044077583736429, 23.830222994634745, 262.77943906508006, 15.649341042338872, 2.044077583736429, 15.649341042338872, 238.85635792995072, 7.84387674744394, 5.5323547735987475, 16.0, 0.0
3, 0 ,1.0,1.0,1.0,169.6606563048917,64.10066136157981,167.9044951296109,15.059117458724078,15.502148749125901,15.623734339137615,65.0,78.0,67.0,0.2252326965887685,0.7212522858114199,-0.6550308180529788,16.838701553075595,0.806602993371293,0.23906971826892115,0.5405897528544994,15.510469334342348,-0.5464996280619246,0.6501083063756542,0.5279179353929523,13.677652584069282,90.09909224240185,78.83509361708411,75.67581626136761,25.591302372220746,7.501996538847872,150296.0,537523.0807620406, 0.0, 0.0,0.0,NaN, 77.84273887606352,77.84273887606352,0.0, 226.77701863564832, 25.986446284420733, 9.094966337097457, 25.986446284420733, 240.31661584002572, -38.65973217394765, 9.094966337097457, -38.65973217394765, 244.10107469994787, 7.865038317948295, 5.433964048462167, 19.0, 0.0
4, 0 ,1.0,1.0,1.0,16.015293016587346,44.42977757422489,15.885043509428701,10.044533601376475,11.950076954002112,10.454371331147046,44.0,57.0,41.0,0.16924095043483683,0.9212120027192534,-0.3503226323575101,12.154248879305905,0.617148294910452,-0.3761912778639482,-0.6910919653332774,10.821035042114184,-0.7684305321790874,-0.09923995417709525,-0.6321913861402203,9.389904642885924,56.10100915407286,61.2842574080611,47.73485924921538,17.993386820733818,5.406376339538476,50219.0,164117.63420256384, 0.0, 0.0,-1.7763568394002505E-15,69.49294998453801, 49.827997682012985,49.827997682012985,0.0, 100.89265526918106, 2.5698227926278956, -15.867454816209914, 2.5698227926278956, 142.8043392065724, -11.699952091121233, -15.867454816209914, -11.699952091121233, 109.29387992950926, 9.555833146960298, 5.8882129811124875, 7.0, 0.0
5, 0 ,1.0,1.0,1.0,30.69046787579781,108.61625565619265,173.95984753356564,16.130871454029243,14.558467226925039,13.638107335394071,75.0,70.0,64.0,-0.9862172301018366,8.896624357514054E-4,0.16545326696989462,16.197504371205206,0.06829935589296848,-0.9086215275549508,0.4119977155862799,14.814730804824892,0.15070093906431523,0.4176195974382165,0.8960374427448191,13.27842448790353,79.09890218344748,76.02060498600224,71.79961324689629,24.61886657926979,7.215494571246723,134587.0,431741.5857528537, 0.0, 0.0,0.0,NaN, 99.85481004540978,99.85481004540978,0.0, 260.20501386641547, -2.7539094089226834, -12.825337600208192, -2.7539094089226834, 211.94896799745044, -16.144165145474123, -12.825337600208192, -16.144165145474123, 185.99797169172956, 7.600755713205736, 5.1788596116621575, 19.0, 0.0
6, 0 ,1.0,1.0,1.0,48.713747149617845,12.90127078343971,24.193367633409345,19.862251838285456,8.319103163450016,13.970403283663757,85.0,35.0,61.0,-0.9823660350908124,-0.025952014147307016,0.18515794895616733,20.050484200551132,-0.18617106477671652,0.044446305375780856,-0.9815115183116023,13.71566911353123,-0.01724261406690846,0.9986746311487744,0.048494054893345864,8.291392978949682,87.13136344765167,68.16787691865895,35.67240798393251,24.111579292524045,8.804569124049294,87269.0,211878.40967879537, 0.0, 0.0,0.0,NaN, 55.89982993381854,55.89982993381854,NaN, 394.509048087474, 7.50887079536946, -38.80749731462355, 7.50887079536946, 69.20747744412408, -6.80902662423704, -38.80749731462355, -6.80902662423704, 195.17216790820305, 7.640835953545057, 5.082305703720467, 10.0, 0.0
7, 0 ,1.0,1.0,1.0,161.4910690799243,175.95891352493445,138.5402930869163,15.362460197819098,14.13693649186893,14.715089548961155,73.0,59.0,79.0,0.8046744070477296,-0.43356243550704304,0.40561399527085584,16.66299063728883,-0.09993929943873467,0.5745175414309156,0.8123679775913568,14.727941509160146,0.5852445942254225,0.6942284992028037,-0.4189696359219159,12.562822097882293,89.4886517291862,83.1567768308241,73.74983004692139,24.33391512741945,7.762254293063457,117849.0,548815.8385334635, 0.0, 0.0,0.0,NaN, 76.40816169330924,76.40816169330924,0.0, 236.005183329576, -45.19878186081321, 34.314038799430016, -45.19878186081321, 199.8529733751354, 6.504103548837289, 34.314038799430016, 6.504103548837289, 216.53386043394582, 7.667334667553658, 5.038028442454781, 20.0, 0.0
8, 0 ,1.0,1.0,1.0,88.7305991281937,123.68168464369425,79.44955296064144,13.739528170379788,12.429340374264223,12.740405048585014,74.0,60.0,63.0,-0.9036555381013529,-0.34705170679574254,-0.2509218628755098,13.840689029703743,0.41156225182760325,-0.5417367447449257,-0.7328968633196369,13.410610209439621,0.11841951414081466,-0.7655562763137223,0.6323767915312202,11.583260261234622,71.20162852844567,71.71541198541864,57.911354043444625,21.646696396284405,6.082893424438212,94287.0,295710.09040788026, 0.0, 0.0,0.0,NaN, 141.45612728375718,141.45612728375718,0.0, 188.7746343446598, 7.8161620545193795, -0.7627022309200778, 7.8161620545193795, 154.48850213931468, 23.131624009754752, -0.7627022309200778, 23.131624009754752, 162.31792080201052, 7.335621783477077, 4.966611827890024, 22.0, 0.0
9, 0 ,1.0,1.0,1.0,172.3719964760261,39.50396447061947,16.76272311461363,15.109645636251116,13.023860057904553,10.971695487538279,69.0,69.0,51.0,0.9064433461840036,0.2918978931528187,0.3052148098171048,15.728462590768117,0.32359061586743176,-0.9444305619291374,-0.05779296684502145,12.798176583238842,0.271384549083551,0.15115069853348048,-0.9505282178092127,10.350003121124002,84.8897080397434,75.8790748707015,55.72530555510977,21.652858425731715,7.032364177677146,82861.0,358946.3369249286, 0.0, 0.0,0.0,NaN, 51.03781611544405,51.03781611544405,0.0, 228.3013912530824, 19.792674468780707, 37.74505283203391, 19.792674468780707, 169.6209308078816, 15.589329666028412, 37.74505283203391, 15.589329666028412, 120.37810187126784, 7.736646363850465, 5.0667240194769985, 11.0, 0.0
10, 0 ,1.0,1.0,1.0,75.96806860221287,54.65235180796836,43.51542015445727,12.796315654633739,14.346968222577743,16.788995507768988,64.0,69.0,80.0,-0.22924549965442098,0.5208774519220342,0.8222731790393044,18.442843900230653,0.5695437952356659,-0.613279071902476,0.5472738302486173,12.689895961968752,-0.7893455302950345,-0.5937806497736745,0.15607105355447573,12.258858471272989,89.14471498105678,63.88237197330966,64.0688551648822,24.318083171271237,7.75128328393088,117314.0,364857.76860952994, 0.0, 0.0,0.0,NaN, 103.20667999946228,103.20667999946228,1.3486991523486091E-6, 163.7456943330245, -26.427027380596627, -32.436923437112405, -26.427027380596627, 205.8354971796556, 77.70790268492637, -32.436923437112405, 77.70790268492637, 281.8703701598873, 7.493067963087969, 4.790778320994721, 18.0, 0.0
11, 0 ,1.0,1.0,1.0,60.672255575034036,72.94209016032201,138.81791649935852,12.591307748167694,15.984824456259657,11.952478820888288,63.0,79.0,60.0,-0.1478367585158152,0.9637377225242084,0.22215736543132797,16.28166131065139,-0.8968285030263925,-0.035934437265078015,-0.4409164913879759,12.720522826116385,-0.4169447553225454,-0.26442072233902963,0.8696198897258098,11.402332992233541,80.50010130597929,63.1632967208764,53.86379461329219,22.62128486244316,6.722712610434133,102107.0,273878.63941927964, 0.0, 0.0,0.0,NaN, 112.89339420443633,112.89339420443633,0.0, 158.5410308090678, -18.22076794720083, 8.137557421636414, -18.22076794720083, 255.51461289743685, 29.4244894107232, 8.137557421636414, 29.4244894107232, 142.86174996378307, 7.91312510925114, 5.131925047014959, 22.0, 0.0
12, 0 ,1.0,1.0,1.0,42.18963387519146,55.15964227481595,175.80847620929887,13.085573509110224,12.401200426366954,12.091339746193183,70.0,60.0,49.0,0.7529945788887555,0.28544760462628394,0.5928902336666226,14.344038701704562,0.3735403477082265,-0.927190812281909,-0.028014393693800096,12.312460634032734,0.5417257357724136,0.24256311061892855,-0.8047958527283218,10.671193456896855,71.42076978250608,53.29528046122677,55.88503842719166,20.842050534656483,6.06889054489531,80956.0,212720.24897756093, 0.0, 7.105427357601002E-15,0.0,73.41439408300575, 73.53761735142378,73.53761735142378,0.0, 171.23223406232725, 6.683237459817978, 40.62314434056594, 6.683237459817978, 153.78977201492393, 16.52901889262035, 40.62314434056594, 16.52901889262035, 146.20049685787103, 7.532644682600701, 4.976484411437233, 11.0, 0.0
13, 0 ,1.0,1.0,1.0,77.84291582688432,185.83280766804623,26.76641998861486,12.840811638570985,8.07381301616388,15.266652950564184,60.0,33.0,60.0,-0.005320802677842787,0.0332099113517937,0.9994342353786313,15.272820320322415,-0.9997049978677798,-0.023862153244088028,-0.004529335573634488,12.842922883973392,0.023698234049109923,-0.9991634998490299,0.033327080166014315,8.058776813491415,60.99813156519296,60.37679942124722,33.52708372426443,20.454604174121144,6.689750410162385,64997.0,123475.95636703301, 0.0, 0.0,0.0,NaN, 83.52646360291382,83.52646360291382,0.0, 164.88644353726008, 2.3556928210648387, -0.44227967315794425, 2.3556928210648387, 65.1864566199773, 5.597376586862175, -0.44227967315794425, 5.597376586862175, 233.0706923129701, 7.187385392832419, 4.869148689963383, 9.0, 0.0
14, 0 ,1.0,1.0,1.0,187.14848331844487,56.09338952110925,94.56521148094923,8.208322742856183,13.281800327663992,13.635785392001376,34.0,60.0,72.0,-0.11843883157077728,0.6508239012440644,0.7499336588963089,15.081628756440109,-0.16154259706330035,-0.75781718945619,0.6321527479168026,11.797320615786274,-0.9797327352447672,0.04627479804577089,-0.19489076570127667,7.942614543889582,88.24954815526851,57.79481230824335,38.52140996747241,19.500970554560226,7.0306168208369195,51494.0,196473.29244065672, 0.0, 7.105427357601002E-15,-1.4210854715202004E-14,76.51380661636183, 110.69873102895006,110.69873102895006,0.0, 67.37656225089003, -3.355013327347028, -22.370035479535023, -3.355013327347028, 176.40621994393535, 43.77286476071209, -22.370035479535023, 43.77286476071209, 185.9346432567181, 7.990647590983473, 5.112491594339558, 12.0, 0.0
15, 0 ,1.0,1.0,1.0,183.6515143315836,19.21240326857514,176.92822483179106,9.520488012671876,11.49245013852814,12.41493697719219,37.0,45.0,53.0,0.10705698743456589,0.5397781042042045,0.8349720951404003,13.01926733762006,-0.1944605576030707,-0.8122117613058956,0.5499974057512247,10.898419298097636,-0.9750507130288857,0.22125020456055924,-0.018012606801146074,9.411158118322673,71.00584644262543,58.05443998942043,41.94256940361606,18.57205820120256,5.6502580918738845,55437.0,172895.85467892367, 0.0, 0.0,0.0,NaN, 34.18619944388607,34.18619944388607,0.0, 90.63969199942888, 9.447560631809234, 4.003848973165503, 9.447560631809234, 132.07641018655548, 22.982469336465925, 4.003848973165503, 22.982469336465925, 154.13066014765394, 7.959502955125624, 5.193606968155506, 3.0, 0.0
16, 0 ,1.0,1.0,1.0,185.6124685051201,14.409352534615474,94.0495365340607,8.47707764727219,8.594768143133997,15.90004465590661,35.0,31.0,74.0,-0.23788862075158662,-0.06518237336381216,0.9691028130799995,16.293490617638543,0.40882540241518733,-0.9117776759479058,0.03902896338741067,8.733112575821924,0.8810623102011393,0.4054783938087164,0.24354974378417185,7.536392582853078,78.83744665200543,39.966886197181125,41.24496364284445,18.741391179576926,6.877685772555249,43261.0,129958.23041611261, 0.0, 0.0,0.0,NaN, 96.22861230036838,96.22861230036838,0.0, 71.86084543788179, -4.021779541785276, -47.798259864692454, -4.021779541785276, 73.87003943423102, -13.874881359230917, -47.798259864692454, -13.874881359230917, 252.81142005982437, 7.876670200086902, 5.196096598620738, 6.0, 0.0
17, 0 ,1.0,1.0,1.0,101.1257907206772,85.08294803671244,13.839693602925953,14.450811466814477,17.204881092749844,9.42686696272143,74.0,83.0,38.0,-0.14509030545664584,0.9800191937080427,0.13605580923406171,17.39080725404403,0.987073701733212,0.13391014183470976,0.0880544221518821,14.401308888268863,-0.06807577108774572,-0.14707295426979808,0.9867802366855363,9.157610581111454,86.49256810442611,72.66563711915373,42.5787187157533,22.98307364482942,8.091849728848894,86946.0,267608.84669941186, -1.4210854715202004E-14, 0.0,0.0,81.65749138860986, 131.1745189671077,131.1745189671077,0.0, 208.82595204941677, -14.751066209802868, 6.422449233602308, -14.751066209802868, 296.0079334156611, 30.60130574995633, 6.422449233602308, 30.60130574995633, 88.86582073284875, 7.670524284626456, 4.863638793497439, 15.0, 0.0
18, 0 ,1.0,1.0,1.0,77.26435491755922,123.5589751566597,126.41759255144216,11.067431324638418,13.733947993752595,14.053653444826605,57.0,62.0,66.0,0.04771990548810278,-0.6628752763979107,0.7472075873280465,14.863236655358527,0.4088858130319267,-0.6695486234298809,-0.6200943740789566,13.278412804705829,-0.9113370411222335,-0.3351134267730048,-0.2390894992989597,10.553790233020852,69.97332012631817,62.25281372489117,56.053492951331094,21.643078685012927,6.339691144075657,90004.0,244171.03678315153, 0.0, 0.0,0.0,NaN, 131.2531199852114,131.2531199852114,0.0, 122.48803612558768, -21.241641437074023, -12.558217185641885, -21.241641437074023, 188.62132749510093, -27.293032323708257, -12.558217185641885, -27.293032323708257, 197.5051751472867, 7.261085569847624, 4.596553927095017, 18.0, 0.0
19, 0 ,1.0,1.0,1.0,182.37893300824337,148.43906014164634,36.282770231046094,10.509324269309353,13.899036408048818,11.332681835835853,43.0,67.0,52.0,0.017686888522674388,-0.999784466149447,0.010871762536603788,13.90008873175594,-0.4318103927468592,-0.0174452508078472,-0.9017956797080229,11.566465435184412,0.9017909728369375,0.0112554196064436,-0.4320258751964897,10.250034041311324,67.19114896350452,57.93942426295983,49.576995240633124,19.938789268934173,5.873965419640791,68904.0,193004.05982352272, 0.0, 0.0,0.0,NaN, 65.46351607302822,65.46351607302822,0.0, 110.44589659749457, -1.34240189681857, 11.200625061931696, -1.34240189681857, 193.1832130722666, -0.5063080198514706, 11.200625061931696, -0.5063080198514706, 128.4296775922839, 7.85931827455913, 5.217467108624121, 14.0, 0.0
20, 0 ,1.0,1.0,1.0,151.81163639043444,186.8619698588747,10.452890673937876,13.232647301748425,7.717789705795509,6.717994764391287,65.0,30.0,25.0,-0.9980870717463874,-0.059085966325439776,-0.018194663946078347,13.249856402337764,0.054485061913037036,-0.9797295938106184,0.19277266673471477,7.7276457716585325,-0.029216010012564672,0.1914125690624047,0.9810747439231509,6.672591876845065,65.13019819276303,34.96154564923444,29.242838407028174,15.709869022959102,5.744449624742177,27139.0,66587.47529740946, 0.0, 0.0,0.0,NaN, 51.02929694595171,51.02929694595171,0.0, 175.1029546124699, 6.916518291704488, 2.5391568268974907, 6.916518291704488, 59.56427794288313, -2.728563010259374, 2.5391568268974907, -2.728563010259374, 45.13145365438874, 7.6938687813658015, 5.076993743443901, 5.0, 0.0
21, 0 ,1.0,1.0,1.0,19.158844814452063,84.98647839808467,25.444049951028404,11.415516591880348,11.236151292548646,13.873890742847555,45.0,51.0,58.0,-0.13743370345589248,-0.34738256350573116,0.9275976130448935,14.32593875937783,0.9544870664049123,-0.29670910023668434,0.030300988473672137,11.403155804184799,0.2647006180955047,0.8895443015437304,0.3723499944553966,10.667027497904543,66.3485625604761,51.502180702637595,51.643461893581225,20.328084057558968,5.984894136225959,73512.0,176470.64941871466, 0.0, 0.0,3.552713678800501E-15,21.936629218751836, 90.75881512582013,90.75881512582013,0.0, 130.3140190594955, -0.23521477111809114, -11.188080466837436, -0.23521477111809114, 126.25109586904263, -29.613159951418478, -11.188080466837436, -29.613159951418478, 192.48484434447107, 8.026886092311804, 4.925488251372237, 10.0, 0.0
22, 0 ,1.0,1.0,1.0,67.72941960672284,188.64133695186402,74.63467123744228,13.358441147606204,6.780761493544715,11.439639180897215,64.0,26.0,51.0,0.9901694099539241,0.05680609184074945,0.12781865091323097,13.401718270344324,0.13135314507946783,-0.06357640596438816,-0.989294896318779,11.423032883157312,-0.048071726297589296,0.9963589255556613,-0.0704130712037049,6.723115949330472,65.31649538104071,50.38626297314265,29.434145608094553,17.912661057027133,5.867588497122661,42006.0,96869.36595889536, 0.0, 0.0,0.0,NaN, 101.4230134497379,101.4230134497379,1.9073486328125E-6, 178.44794989405855, 6.847794024541417, 5.928097730913936, 6.847794024541417, 45.97872643233876, 6.339998020837638, 5.928097730913936, 6.339998020837638, 130.8653445891187, 6.944837067983056, 4.74601219902704, 10.0, 0.0
23, 0 ,1.0,1.0,1.0,113.92683852509269,83.69094677838437,64.76517385338511,11.334761759394258,12.229611870077942,11.189227195842102,54.0,54.0,55.0,0.40614050293472986,-0.8990231969977842,0.16372899296033766,12.51161390657565,0.6109984459225853,0.13393041551728566,-0.7802201887156935,11.281755408737192,-0.6795077563619935,-0.41691718009605755,-0.6036963425304488,10.92797091071174,59.52407841980047,52.18931280296117,51.27957268744619,19.368946485994083,5.299334665577487,68506.0,159301.05650002105, 0.0, 0.0,0.0,NaN, 136.40854607834154,136.40854607834154,0.0, 128.47682414222643, -12.910606001616436, -1.277391011690015, -12.910606001616436, 149.5634064927513, -6.284978529999265, -1.277391011690015, -6.284978529999265, 125.19880524017252, 6.964035554776309, 4.510388414322213, 14.0, 0.0
24, 0 ,1.0,1.0,1.0,49.91691137664587,85.05665994559996,77.29292122819601,12.896003700981666,11.895974636406805,11.706159123669293,62.0,65.0,57.0,-0.8451951783781119,-0.08227808797050068,0.528086571204296,13.60121985934192,0.11838702940070055,-0.9923552962115532,0.03486369674257582,11.891741019001609,0.52118098748522,0.09198522881853978,0.8484745700155849,10.883409360548288,65.07648863683312,66.60572120699732,54.042176681651966,20.24655046616895,5.910370517606879,73897.0,234244.00221284668, 0.0, 0.0,0.0,NaN, 125.30175224023588,125.30175224023588,0.0, 166.30691145573283, 1.9296167918316245, -29.606472030784175, 1.9296167918316245, 141.51421255003402, -3.685879821676922, -29.606472030784175, -3.685879821676922, 137.03416142866584, 7.005450698387423, 4.450500265288451, 14.0, 0.0
25, 0 ,1.0,1.0,1.0,101.52843879125803,22.037424702543934,105.16943794493952,11.784621713200325,12.604626829573812,12.569389854168682,56.0,51.0,61.0,-0.33148289820132104,0.6647219819999886,0.6695250367581931,13.309396385014328,-0.1450598194239651,-0.737118207546377,0.6600109066464763,12.029337450069342,-0.9322428530102761,-0.12166114724768846,-0.3407665304304944,11.571451772403048,69.03531259244535,63.247191860802054,56.37418871341646,20.549278901223026,5.78538022793762,80348.0,246146.0373100135, -1.4210854715202004E-14, 0.0,0.0,70.6411938917224, 138.4743006990322,138.4743006990322,0.0, 138.87730892323256, -8.372517243059105, -10.631480132725047, -8.372517243059105, 158.87661751281195, 13.987149650266147, -10.631480132725047, 13.987149650266147, 157.9895613060786, 7.225222138028387, 4.697443042108092, 16.0, 0.0
26, 0 ,1.0,1.0,1.0,143.5768182867698,73.02247363965212,113.69583621950281,12.870391502353153,9.988934991561994,11.762591468281444,59.0,47.0,59.0,-0.9141959183961968,0.22711685549634714,0.3356542219862369,13.032915860174032,0.39918464017943206,0.36160893635785735,0.8425500579733868,12.081139366647758,0.06998175356871347,0.9042438338720317,-0.4212429739139363,9.37942074567727,59.258857914371525,63.4916643017707,44.28041359293258,19.331952440933694,5.48269756238836,64965.0,166602.55490250263, 0.0, 0.0,0.0,NaN, 126.34977553184956,126.34977553184956,0.0, 165.64697742384422, -8.631988835506588, -5.625491736372298, -8.631988835506588, 99.7788222656516, 23.907289757862326, -5.625491736372298, 23.907289757862326, 138.35855804968742, 6.656390502744979, 4.535685035906484, 15.0, 0.0
27, 0 ,1.0,1.0,1.0,41.136227705944364,174.35427378929026,187.0429637916568,11.759224897834228,13.32914086837773,7.115300980434156,63.0,60.0,30.0,-0.1852215335424592,-0.9807223030021934,0.06226353592796651,13.412277257110729,0.9766893612057136,-0.17672417054247483,0.12184604734520034,11.742532774116539,-0.10849366442218773,0.0833806448772597,0.9905941615213052,6.98545756241194,63.31944705827203,62.92104351839844,33.26397290496644,18.237097455049145,5.829335377563333,46481.0,132527.8487997115, 0.0, 0.0,0.0,NaN, 50.17745798717095,50.17745798717095,0.0, 138.2793701978444, 8.435656254517193, 9.09044455306979, 8.435656254517193, 177.6659962890574, -9.923333937678173, 9.09044455306979, -9.923333937678173, 50.62750804216726, 7.428853320975032, 4.893595367860121, 9.0, 0.0
28, 0 ,1.0,1.0,1.0,137.12687420780907,141.16278171082325,18.335579806473554,10.538793438197873,13.307642286021673,10.919975908536896,47.0,65.0,44.0,-0.15968885551472675,-0.9746001348839277,0.15701607086099895,13.450472908706155,-0.5299434882038805,-0.049559970259199365,-0.8465835509022192,11.077152577519476,-0.832862154701905,0.21839960263731437,0.5085688201543259,10.187583300040126,66.17797082760703,52.51033142356442,58.08686714223988,19.372277983818364,5.667471209138873,64694.0,201853.4421840319, 0.0, 0.0,0.0,NaN, 88.04000050958916,88.04000050958916,0.0, 111.06616713300255, 12.500523815463097, 6.552811094509255, 12.500523815463097, 177.09334321271217, -11.00911971654231, 6.552811094509255, -11.00911971654231, 119.24587384302623, 7.489665533172483, 4.689477807424038, 8.0, 0.0
29, 0 ,1.0,1.0,1.0,182.41024225274347,94.57407343501967,79.55671543929878,10.163515844455485,9.599832884290338,14.667934239369304,38.0,50.0,77.0,0.10420677347100574,-0.011362103432894035,0.9944907495639879,14.711926617106291,0.8099197538962724,0.5813009521427163,-0.0782252854681488,10.59825917774291,-0.577209615834113,0.8136093077414686,0.06977788865452951,9.04645003255585,76.82059687392177,55.561107220829314,49.07077683305354,19.291538343996066,6.199894265174731,57956.0,209445.72589160915, 0.0, 0.0,0.0,NaN, 124.83159021333192,124.83159021333192,NaN, 103.29705432049771, 14.193109082907755, 12.017815820885373, 14.193109082907755, 92.15679140630213, -2.907161974272139, 12.017815820885373, -2.907161974272139, 215.14829485046235, 7.322563780078944, 4.61135956401458, 12.0, 0.0
30, 0 ,1.0,1.0,1.0,59.08958228485154,11.458540513336688,107.5182284851535,11.701418200286081,7.303995589328938,14.010911158336729,57.0,29.0,68.0,-0.057187701267931004,0.12717288599186755,0.9902305912726537,14.107764533082277,0.9939448222995382,0.10046630807521068,0.04449956365715544,11.725683267703229,-0.0938256737126372,0.986779396831043,-0.13214826878220337,7.075062030706015,70.08229376453751,58.49354248055083,32.573869297947084,18.717633254978722,6.018918198965863,49675.0,133532.06985758955, 0.0, 0.0,-1.4210854715202004E-14,8.01541423985546, 110.34380339565195,110.34380339565195,1.9073486328125E-6, 136.92318789798637, 7.647659682247621, -4.5689001863902705, 7.647659682247621, 53.348351568936586, 19.15107783724562, -4.5689001863902705, 19.15107783724562, 196.30563148680466, 6.803479081101314, 4.5158600067385395, 12.0, 0.0
31, 0 ,1.0,1.0,1.0,54.42385064770129,151.0227076454153,18.924295148590296,12.20334256795567,13.575750747781186,12.425763159104655,58.0,69.0,49.0,-0.5118437673636241,0.8589475584992672,-0.01500165188106761,14.293147213561628,0.4026768940062394,0.2244552123938729,-0.8873957272055741,12.797728674646631,-0.7588591943466854,-0.46024879073971503,-0.4607643364868094,10.933720857261061,73.17192879295646,64.15979221994768,55.02126174226359,21.07230928290769,6.6015111730851235,78740.0,258308.08353388248, -7.105427357601002E-15, 0.0,0.0,59.213279617599234, 75.62314217606087,75.62314217606087,0.0, 148.92156983087887, -33.260970852909544, -15.156139526149847, -33.260970852909544, 184.30100836588144, -9.902903730323581, -15.156139526149847, -9.902903730323581, 154.3995900861625, 7.469721917883375, 4.555690095936383, 12.0, 0.0
32, 0 ,1.0,1.0,1.0,90.6493895609319,74.74350358422939,100.53365815412187,11.71996395348165,12.789206460238479,10.61096287446527,56.0,56.0,53.0,0.1391044855857396,0.9836813621703173,0.1141092450622468,12.827001530906417,-0.949169331560199,0.1652975766258069,-0.26786991467352306,11.798966049042095,-0.2823606242298875,-0.07104708917601527,0.9566738153645282,10.476942396351689,58.42123662335149,54.84593431180156,50.53038411236581,19.61573242841101,5.36068385318369,71424.0,161907.80474552902, 0.0, 0.0,1.4210854715202004E-14,83.44774965374347, 153.9397814602073,153.9397814602073,0.0, 137.35755507090926, 2.873373330480959, 8.356894986216506, 2.873373330480959, 163.56380188260565, 4.8433246161447165, 8.356894986216506, 4.8433246161447165, 112.59253312328026, 6.8066207032548895, 4.448204825887296, 7.0, 0.0
33, 0 ,1.0,1.0,1.0,12.948216072024008,103.46123707902635,108.20108369456486,8.690707419449845,14.64344192465048,12.140852342038526,35.0,72.0,60.0,-0.06174306429596106,0.9477354756890952,0.31302597676823973,14.935941793992173,-0.04069555330190584,-0.3157540022717613,0.9479679751926313,11.807638363278667,-0.997262084886815,-0.0457916823203775,-0.05806423923098501,8.651959399510748,67.37380030049924,55.13299644510471,38.13927764136342,19.85990102291123,6.553122446777257,59980.0,141669.0902272119, 0.0, 0.0,1.4210854715202004E-14,71.75831513038776, 133.84479848171935,133.84479848171935,0.0, 75.52839545048059, -7.843971284303859, -5.355542414882992, -7.843971284303859, 214.43039140061137, 24.64799965971717, -5.355542414882992, 24.64799965971717, 147.40029559118238, 7.216214795608388, 4.538687779637077, 17.0, 0.0
34, 0 ,1.0,1.0,1.0,31.802639090508734,39.9549005855584,104.032833678579,10.153977678819764,11.749453392738133,11.657043132056076,45.0,57.0,54.0,-0.2275754948515757,-0.8057461198236169,0.5467929997103529,12.02000668695056,-0.12487531667566644,-0.5327419394628977,-0.8370138476885928,11.499597127541605,-0.9657202231641484,0.2587647895802207,-0.02062120862829348,10.015901230673753,59.75719233547746,58.01885939532551,48.167534313862106,18.718262225833257,5.163935665521178,61309.0,166998.96757975128, 0.0, 0.0,0.0,NaN, 108.70832049887576,108.70832049887576,1.3486991523486091E-6, 103.10326270197002, 10.22163625381666, -2.1587974439184237, 10.22163625381666, 138.0496550281256, -5.22223841326273, -2.1587974439184237, -5.22223841326273, 135.88665458261573, 6.923288218903688, 4.479134294129305, 10.0, 0.0
35, 0 ,1.0,1.0,1.0,22.199653675178332,177.2805747958234,100.81443192391193,12.968172192225392,12.899785984486225,11.241740735170247,52.0,59.0,58.0,0.6920836559762191,0.7020926592948381,0.1675891132946647,14.216769861665549,-0.681867933306268,0.5597450003880536,0.4708945275422267,11.791533968892132,0.23680442280335284,-0.4401720485274817,0.8661248368658475,10.945221997311988,77.04490257645332,61.299082347468584,64.56127781089246,20.569615819450057,6.151878432635292,77384.0,304908.8296046037, 0.0, 0.0,0.0,NaN, 104.14784596659854,104.14784596659854,0.0, 168.17349000720793, 32.654917287869694, 3.3692885709650175, 32.654917287869694, 166.40447844554726, 14.75779300718508, 3.3692885709650175, 14.75779300718508, 126.37673475678606, 7.181488041916475, 4.611089922322818, 10.0, 0.0
36, 0 ,1.0,1.0,1.0,132.65936578370628,42.19628507264807,32.3392543088287,11.746666504330241,11.047675120583119,15.617542954322188,63.0,50.0,65.0,0.4711234977199781,0.05822837086463166,0.8801432307997061,16.968532263151985,0.3132203672298941,-0.9438336794990434,-0.10521875781279301,11.18570601183504,0.8245821071600233,0.3252498151725035,-0.4629005360569248,9.533721273205519,77.93732276463264,50.740251898307264,51.11617423122273,21.257055832962806,7.216683779848913,73918.0,202141.94675409718, 0.0, 0.0,0.0,NaN, 85.79693968805617,85.79693968805617,0.0, 137.98417396395405, -4.713476259582158, 80.57549019510762, -4.713476259582158, 122.05112556995122, 13.497291041873511, 80.57549019510762, 13.497291041873511, 243.90764793009862, 6.518143684906894, 4.251432890248955, 12.0, 0.0
37, 0 ,1.0,1.0,1.0,18.797349897823477,131.65465957377793,16.621606279801487,10.939645291135658,14.163146783839869,9.776927993921277,51.0,66.0,42.0,0.10064736760129846,-0.9927463544512778,-0.06576308325060894,14.203568828425905,0.9202360857478583,0.11801462125010673,-0.37314621217245925,11.118592020586009,0.37820054717357177,-0.022961378331697174,0.9254388803279877,9.512856086933652,67.72749051011138,58.51527476819187,47.26987203105443,19.430838336934272,6.188813168832171,61658.0,187334.88555896078, 0.0, 0.0,0.0,NaN, 72.80593187699836,72.80593187699836,0.0, 119.67583909586656, -7.51767862443881, -12.112135157382303, -7.51767862443881, 200.59472682059362, 5.803997251221572, -12.112135157382303, 5.803997251221572, 95.58832099832152, 6.936310684414323, 4.4288767290545, 8.0, 0.0
38, 0 ,1.0,1.0,1.0,98.2825531306415,134.52792821777754,16.510715498596888,10.474574988252222,12.833086131888697,10.814061905857303,48.0,58.0,44.0,-0.06221713678048891,-0.9362287492515533,0.3458392068081773,13.177519426677094,-0.715608131592986,-0.1996984006332867,-0.6693471078465216,11.435403033489235,0.6957255420701715,-0.2891302091781115,-0.6575482432884965,9.32380260290403,65.64445423544846,62.30087114036445,47.0194100972733,18.868066806608166,5.9451501863478855,55947.0,192295.59577146813, 0.0, 0.0,0.0,NaN, 119.24200669063508,119.24200669063508,2.3360154559928683E-6, 109.71672118451902, 11.315325410358199, 19.130777510825855, 11.315325410358199, 164.688099668474, -22.217232254929208, 19.130777510825855, -22.217232254929208, 116.94393490371407, 7.11422798048822, 4.5289837571558245, 7.0, 0.0
39, 0 ,1.0,1.0,1.0,145.81389031520712,103.43320689712289,82.94018849485697,9.510481322791394,12.857536665252471,11.112287408707878,45.0,62.0,49.0,-0.11898833983798326,0.9577875385229808,0.26169601837378265,13.035629251614129,0.0435655966970315,-0.2582783831043098,0.9650877243056484,10.957751895733836,-0.9919394204118679,-0.12623512930683753,0.01099446960311426,9.447141310957878,64.77729395331495,49.475586983829835,46.20706781823168,18.74819847685038,5.268158066707925,60373.0,148088.78405305115, 0.0, 0.0,0.0,NaN, 138.34867140854186,138.34867140854186,0.0, 90.44925499116394, -9.541475283718396, -1.2162728715119775, -9.541475283718396, 165.31624909831166, 12.538971230607716, -1.2162728715119775, 12.538971230607716, 123.48293145372764, 7.53814820951458, 4.497101577629625, 12.0, 0.0
40, 0 ,1.0,1.0,1.0,29.647426073411552,146.4353189458081,126.97970002261135,15.524511031774622,11.325474275983252,10.830564296060627,66.0,65.0,56.0,-0.9721990946238135,-0.2329666127571524,0.02356857554235612,15.74605743585482,0.23177881330626324,-0.9431377555589816,0.23826404626276795,11.03082571455012,-0.03327915436091053,0.2371027865285957,0.9709143971048108,10.81482744220796,71.10972061946796,63.112787987088396,56.920124548717126,21.10075009488818,6.429329572811373,79606.0,255453.68946138225, 0.0, 0.0,0.0,NaN, 95.28960666307492,95.28960666307492,0.0, 241.01044277569196, 28.633672045473794, -2.7405567352380866, 28.633672045473794, 128.26636757595836, -1.7795081348593556, -2.7405567352380866, -1.7795081348593556, 117.30112297110324, 7.234195420627133, 4.481478021520361, 12.0, 0.0
41, 0 ,1.0,1.0,1.0,124.58365417088821,73.85153664302601,166.21062141168525,10.264784378264565,9.879950385732728,13.54588305125161,48.0,45.0,64.0,-0.0887411366688338,0.009323816988839486,0.9960110828196048,13.569911445181516,0.8037837913818825,0.5912403027689047,0.06607965718358398,10.629756828072406,-0.5882657795371828,0.8064415482962742,-0.05996166948157828,9.451769079964347,64.66009211810956,51.61207475324318,47.59189388152207,18.861729325597327,5.541239251547117,59220.0,158825.6437034366, 0.0, 0.0,0.0,NaN, 110.83048672696906,110.83048672696906,0.0, 105.36579833226425, 11.163483408822309, -7.1232340167762125, 11.163483408822309, 97.6134196245403, 1.804640044774326, -7.1232340167762125, 1.804640044774326, 183.49094763818565, 7.268043691956063, 4.559901349113529, 14.0, 0.0
42, 0 ,1.0,1.0,1.0,179.35300164132832,83.1606843841703,20.576835717956794,11.487891361962266,10.88066585660298,11.204829593744856,50.0,53.0,45.0,0.8770794720007526,0.4764892275866907,-0.06074220763784993,11.733130327730754,-0.06833341677975652,-0.001398412578777125,-0.9976615601462568,11.203389331221178,-0.4754599288542462,0.8791791969991657,0.031333618013512546,10.617271959299043,64.52523700917885,47.5569766358345,55.778677491320806,18.656214566121154,5.277726945854114,60317.0,171163.85475156707, 0.0, 0.0,0.0,NaN, 88.12153049414404,88.12153049414404,0.0, 131.97164794424722, 10.424071291547133, -0.4567864135606389, 10.424071291547133, 118.38888948304584, -0.703992104687433, -0.4567864135606389, -0.703992104687433, 125.54820622486054, 6.962148377707876, 4.407598192477289, 8.0, 0.0
43, 0 ,1.0,1.0,1.0,149.99546331130853,112.92314501596535,130.29355695362145,12.195222946308343,11.329822099947704,10.55025216338117,60.0,56.0,52.0,0.8995495614829088,-0.42381197163822326,0.10580169720769372,12.433015361679292,0.43652539879459906,0.8633038971332188,-0.25328236693819334,11.131325191342672,0.01600508179056065,0.27402517017733896,0.9615893320259736,10.48379133416841,63.456044570789345,61.8902569151569,49.39851351374094,18.97862809245348,5.311104213427951,63262.0,194003.32063081666, 0.0, 0.0,0.0,NaN, 122.23673983520385,122.23673983520385,0.0, 148.72346271016556, -11.755335863241967, 2.703902039861054, -11.755335863241967, 128.3648688164634, -5.063477697377413, 2.703902039861054, -5.063477697377413, 111.30782071092906, 6.409787600332081, 4.324516455802697, 16.0, 0.0
44, 0 ,1.0,1.0,1.0,10.125005113101812,167.51466437599706,161.71362539370884,6.704507642300486,15.892881770050868,11.564969560634701,27.0,69.0,66.0,0.0446354888270867,0.9818577125562953,0.18429081754359633,16.04199702909125,9.791161993000126E-4,-0.18451758360471243,0.9828287249933971,11.3758793182694,-0.9990028600903181,0.04368859844854345,0.009197385333160705,6.672805682446187,74.24299626923735,65.59497502199007,28.23774417676497,19.542690999995468,7.026084478540476,48894.0,137516.89601426592, 0.0, 0.0,0.0,NaN, 51.22166767724094,51.22166767724094,0.0, 44.95042272566562, 9.311620471507895, 1.8323172903353704, 9.311620471507895, 252.58369095681525, 23.11539924311185, 1.8323172903353704, 23.11539924311185, 133.74852093840718, 7.7121523375203385, 4.7763125173042615, 6.0, 0.0
45, 0 ,1.0,1.0,1.0,118.05086134954698,178.36404685264665,31.479390200286122,10.447675883346546,10.882488418379523,14.062070475952673,57.0,46.0,61.0,0.1252777063322906,0.1312848359033253,0.9833970653596429,14.16395021992599,-0.06807426776186094,-0.9877325462714419,0.14053580008247565,10.81922053194617,-0.9897835068159136,0.0845500378354264,0.11480374879428437,10.375514100942581,64.67142517246069,50.29515039272863,56.6534784811368,19.732546849848653,5.995907473337986,67104.0,184274.44978803882, 0.0, -2.8421709430404007E-14,3.552713678800501E-15,86.57263718540045, 90.41420132660308,90.41420132660308,0.0, 109.15393136346104, 2.1613541382319585, 11.363254668073928, 2.1613541382319585, 118.42855417616445, 10.696992381933196, 11.363254668073928, 10.696992381933196, 197.74182607065984, 6.257767851686955, 4.17920543684982, 8.0, 0.0
46, 0 ,1.0,1.0,1.0,16.0361119572207,150.00153991945038,60.83778386976681,10.279407020971389,10.267380851610959,13.513417954823444,40.0,49.0,66.0,-0.10601783661506015,0.06229276810630681,0.9924111191240839,13.553785006786578,0.6928278589406925,-0.7112730948987456,0.11865977561421819,10.60522037519995,-0.7132669739971972,-0.7001501235555231,-0.03224946960908177,9.875322569912294,65.62492070674554,52.48308121996336,53.260594258604556,18.974508574678,5.802224351576722,59094.0,183440.03454144107, 0.0, 0.0,0.0,NaN, 80.36316844995156,80.36316844995156,0.0, 105.66620870279588, -7.935734358616896, -7.838660960132552, -7.935734358616896, 105.41910955202736, 4.066178658879878, -7.838660960132552, 4.066178658879878, 182.61246482174465, 6.958547740482266, 4.39932899445012, 10.0, 0.0
47, 0 ,1.0,1.0,1.0,120.72240917970353,152.84134149744736,110.45108918692647,12.270597301689712,12.369909141099084,9.29099007186222,66.0,56.0,45.0,-0.5812308626187705,-0.8135655013855037,0.01678866566447923,12.484977505378444,0.8109385221397468,-0.5773973709322292,0.09482082761900429,12.177425652230989,-0.06744922274751318,0.06872736715387066,0.9953527773381927,9.259608414468978,58.39790158359847,60.11202114613544,44.94111115858999,18.963182144537488,5.5047642790443625,60917.0,157761.99094482738, 0.0, 0.0,0.0,NaN, 128.5608140369317,128.5608140369317,0.0, 150.56755814023484, 3.876653228521345, 4.125283880541147, 3.876653228521345, 153.01465215904668, -4.382474892203473, 4.125283880541147, -4.382474892203473, 86.32249651544232, 6.628734029039765, 4.4180318923539454, 14.0, 0.0
48, 0 ,1.0,1.0,1.0,112.60014844442611,30.067562831165084,65.03302888481124,9.41820256814928,13.011414264120164,9.668429495533255,44.0,57.0,52.0,-0.26191211654289676,0.9650720719696863,0.0061594733668510065,13.255726782493399,0.14631237697618663,0.0333977854982522,0.9886745047119355,9.681880191744845,-0.9539364399956629,-0.2598470392903283,0.14994927349091106,9.056758421086798,58.70667510070693,54.437515141039135,42.72971459674541,17.95321395215566,5.400007265315699,48503.0,136557.5667373431, 0.0, 0.0,0.0,NaN, 113.01365949510307,113.01365949510307,1.9073486328125E-6, 88.70253961469369, -23.624078643638565, 1.5433388077445178, -23.624078643638565, 169.29690115254968, 0.9437099631873123, 1.5433388077445178, 0.9437099631873123, 93.47852891009742, 6.537009008306967, 4.19742352982643, 8.0, 0.0
49, 0 ,1.0,1.0,1.0,142.12284728377864,37.31450234266177,127.58493731796885,12.653091631823948,9.73973400706858,11.959970952769062,59.0,45.0,63.0,-0.9881799759316873,0.1419238419538721,-0.05794789256480449,12.715845407667695,0.03155336860410487,-0.1816081506802643,-0.9828646216729078,12.025103640565103,-0.15001573283287087,-0.9730755894027688,0.17498336266934073,9.57644033891641,57.67047867950211,62.559955723246304,44.513512557452486,19.192626404326365,5.444919032164452,63176.0,160598.63682696412, 0.0, 0.0,0.0,NaN, 99.93036673033788,99.93036673033788,0.0, 160.10072784333323, -10.118175457158003, 2.3671062029132113, -10.118175457158003, 94.8624185284482, 8.865975693764456, 2.3671062029132113, 8.865975693764456, 143.0409051910797, 6.83989867625096, 4.551791334086007, 11.0, 0.0
