// Sample: .//bubblelabels.tif, Map: .//bubblelabels.tif, Thickness:(8.191250068658265):/afs/psi.ch/project/tipl/test/LabelValidation/SmallStep0500//distmap.tif, Neighbors:(1.0):
//LACUNA_NUMBER, TRIANGLES, SCALE_X, SCALE_Y, SCALE_Z, POS_X, POS_Y, POS_Z , STD_X, STD_Y, STD_Z,PROJ_X, PROJ_Y, PROJ_Z, PCA1_X, PCA1_Y, PCA1_Z, PCA1_S, PCA2_X, PCA2_Y, PCA2_Z, PCA2_S, PCA3_X, PCA3_Y, PCA3_Z, PCA3_S,PROJ_PCA1, PROJ_PCA2, PROJ_PCA3,OBJ_RADIUS, OBJ_RADIUS_STD, VOLUME, VOLUME_BOX, Mask_Grad_X,Mask_Grad_Y,Mask_Grad_Z,Mask_Angle, Mask_Distance_Mean,Mask_Distance_COV, Mask_Distance_STD, SHAPET_XX, SHAPET_XY, SHAPET_XZ, SHAPET_YX, SHAPET_YY, SHAPET_YZ, SHAPET_ZX, SHAPET_ZY, SHAPET_ZZ, Thickness, Thickness_STD, Neighbors, Neighbors_STD
1, 0 ,0.3333333432674408,0.3333333432674408,0.3333333432674408,19.428813130221616,283.5232946581289,75.88634553279776,13.291539432400702,11.288938428871315,31.934835585097154,58.0,56.0,147.0,0.11660027525775882,0.024523186264241405,0.9928761197376358,32.12401815430242,-0.8464515352568062,-0.5204972496422544,0.1122604631036464,13.700548468648183,-0.5195422738057137,0.8535111167701909,0.03993243391643752,10.211821799334743,146.46777651298154,76.55812807830632,50.87141995069638,33.12541497893187,15.054758638206172,161947.0,570436.4319631644, 0.0, 0.0,0.0,NaN, 80.048098271571,80.048098271571,0.0, 176.6650204830628, 39.407057879838604, 99.46897895283705, 39.407057879838604, 127.44013085084757, 17.712836677909962, 99.46897895283705, 17.712836677909962, 1019.8337238471875, 4.830671177470492, 4.839789782670699, 10.0, 0.0
2, 0 ,0.3333333432674408,0.3333333432674408,0.3333333432674408,210.8100757110702,189.2949007571107,17.032752199713524,35.69485091442745,24.408423771269433,10.778982209634789,159.0,136.0,51.0,-0.88624729683853,0.45663003376987793,0.07781221694386463,39.013364841786874,0.46257819813885404,0.8636699861762724,0.20023877143272847,19.165903610834373,0.024230960629113035,0.21345530501160645,-0.9766522888466461,9.83389509698622,163.02815932374136,116.34274579649946,54.130343835942654,40.65907892628961,18.246076047807104,244350.0,1026698.009951612, 0.0, 0.0,0.0,NaN, 143.1802229378759,143.1802229378759,0.0, 1274.1223818032022, -468.69633413408616, -73.22542269660627, -468.69633413408616, 595.7711509978708, 97.44640028336508, -73.22542269660627, 97.44640028336508, 116.18645747562326, 2.6787026749905913, 3.2057683766334133, 22.0, 0.0
3, 0 ,0.3333333432674408,0.3333333432674408,0.3333333432674408,51.43147414467816,135.85313157910704,274.6429368830428,25.821388418718808,24.80696257851798,15.065902395453952,108.0,114.0,70.0,-0.9149522805037739,0.3633630933433152,0.17558356072514428,26.636500086024505,-0.314881598830496,-0.9149134397257958,0.25255291827073095,24.829369067357835,0.25241216911807923,0.17578583619020363,0.951518489928607,13.531821832843987,122.33536080641395,122.45878113398653,71.92485468460427,36.86874425836515,12.23955081050611,329642.0,1077509.0656099927, 7.105427357601002E-15, 0.0,0.0,23.801048841284565, 147.45931826257106,147.45931826257106,0.0, 666.7440998703457, -50.150228462270384, -119.0301423931089, -50.150228462270384, 615.3853923719913, -66.55606644100108, -119.0301423931089, -66.55606644100108, 226.98141498934513, 2.9946721458924204, 3.2533137698220185, 21.0, 0.0
4, 0 ,0.3333333432674408,0.3333333432674408,0.3333333432674408,23.29901367159627,91.66187569571015,150.04479455908796,14.97626409701373,22.42106176273548,18.159887974969017,58.0,101.0,81.0,-0.10030616490669882,-0.9923499775087335,-0.07197357445706218,22.513691624717467,0.2207604172806284,0.048337736738763425,-0.9741295095463727,18.28491956210461,0.9701564365831901,-0.11360011155535946,0.2142230221307151,14.682283002646997,103.20659687157126,87.03397858733197,67.75619596531266,31.031010828751747,9.68764135800989,245253.0,608618.7254225903, 0.0, 0.0,0.0,NaN, 177.28876764462882,177.28876764462882,0.0, 224.28848630350248, 30.262736878777556, -23.438163709296592, 30.262736878777556, 502.7040105683991, 15.212795087550763, -23.438163709296592, 15.212795087550763, 329.78153126342426, 2.560553353694945, 3.271025721920086, 18.0, 0.0
5, 0 ,0.3333333432674408,0.3333333432674408,0.3333333432674408,278.6552934266556,83.28029465028634,212.34598893837796,13.091778217442737,22.372309794472294,19.182329394269345,61.0,112.0,95.0,0.10771927916876718,0.985642654122355,0.1300196726268767,22.52241686823956,0.07727532991110318,0.12208412992723933,-0.9895069421722311,19.14091944038137,-0.9911735873612105,0.11663628764045904,-0.06301504679805205,12.893510182059309,110.50308349372173,98.24180732000274,70.95494410050247,30.410100510862613,10.728581003292266,204310.0,770288.4793519343, 0.0, 0.0,0.0,NaN, 122.77796883371073,122.77796883371073,0.0, 171.39465689470813, 38.094730122537875, -10.52685153461398, 38.094730122537875, 500.5202455398409, 19.52569747670115, -10.52685153461398, 19.52569747670115, 367.96176099024973, 2.991265951412889, 3.3239712868166253, 14.0, 0.0
6, 0 ,0.3333333432674408,0.3333333432674408,0.3333333432674408,95.61812187744282,181.3570789291824,282.4804631297511,14.481467342745914,15.539396426692607,10.543686719912458,73.0,83.0,44.0,-0.5560636643988752,-0.8309471683388046,0.01788867141568789,16.32881709893273,0.8136408042750864,-0.548623431601076,-0.19235636697767655,13.694618825602907,0.16965212275089897,-0.09240743329398854,0.9811620781084697,10.401067960725287,83.7200437199885,66.60026968307938,49.861946972971566,22.494691031682,7.506260236744137,88269.0,278019.12152104103, 0.0, 0.0,0.0,NaN, 153.3815573129109,153.3815573129109,0.0, 209.71289639901642, 37.7873592829292, -13.99673213497788, 37.7873592829292, 241.47284130590694, 6.0197383295762155, -13.99673213497788, 6.0197383295762155, 111.16932964765833, 2.779987556007439, 3.1227299958369805, 10.0, 0.0
7, 0 ,0.3333333432674408,0.3333333432674408,0.3333333432674408,240.73666018898993,226.22178872884248,287.17190072836775,14.254705105308473,19.079813856584895,7.493663306744571,77.0,87.0,33.0,0.48587808980295677,0.8721130450769001,-0.05780413874565371,20.919508577569008,-0.8731626297562992,0.48727496442943175,0.012252797123913285,11.44117204125334,-0.038852333861607885,-0.04451904813664276,-0.998252748809896,7.407067394829465,108.78682935380448,60.82639533907151,36.089415701687244,23.03693738480938,9.627586412194326,67411.0,238807.65843399515, 0.0, -2.8421709430404007E-14,0.0,29.294874790253623, 95.49831430370725,95.49831430370725,0.0, 203.19661763930745, 129.84050367914378, -11.563623418573886, 129.84050367914378, 364.03929680192897, -18.84168886071739, -11.563623418573886, -18.84168886071739, 56.15498975484997, 3.2118255803385436, 3.3617080833005053, 9.0, 0.0
8, 0 ,0.3333333432674408,0.3333333432674408,0.3333333432674408,216.33689009789086,262.20104978831824,290.10928909407863,20.312990027416436,12.316846138842033,5.693673116668834,96.0,68.0,24.0,-0.955340536206058,-0.2952623714517394,0.012024636635537602,20.983383068126468,0.29293472014058,-0.9515973267513821,-0.09301493135934791,11.175263545576753,0.03890642129111615,-0.08533850083238576,0.9955921005401757,5.6170540254186525,102.49829237579422,60.11467762820405,26.463169226226285,22.510898554236142,9.486813084602959,52201.0,163056.83439207403, 0.0, 0.0,0.0,NaN, 92.33689813840456,92.33689813840456,1.9073486328125E-6, 412.61756385391965, 89.28116967917536, -7.238711097650922, 89.28116967917536, 151.7046988079079, 6.810118790016326, -7.238711097650922, 6.810118790016326, 32.4179135594774, 3.62840514875644, 3.4576096607991786, 7.0, 0.0
9, 0 ,0.3333333432674408,0.3333333432674408,0.3333333432674408,140.66141077232626,12.707417582417582,11.97279832843213,19.37183670644993,8.804632742648488,8.298148363343229,96.0,37.0,36.0,-0.9962138730369705,0.035948224875495115,0.07915582288739052,19.433600683444478,-0.011873157700221444,0.845713082613762,-0.5335057731854026,9.158835888161232,-0.0861217004877678,-0.5324256821606465,-0.8420842865657014,7.752404209307642,95.95315510309872,50.49759189138369,39.90480124725107,21.00216105346064,8.975417118931649,51688.0,193354.85433588453, 0.0, 0.0,1.7763568394002505E-15,85.45995593062328, 141.740815723236,141.740815723236,0.0, 375.2680573813609, -11.611505279564085, -24.891291140189427, -11.611505279564085, 77.52155773291783, -9.827762166830361, -24.891291140189427, -9.827762166830361, 68.85926626005592, 4.006116511682191, 4.088718843138078, 5.0, 0.0
10, 0 ,0.3333333432674408,0.3333333432674408,0.3333333432674408,115.7812797751007,84.68161278454383,118.35998037791383,15.24826387981346,15.399555553665119,12.382416221090072,78.0,73.0,61.0,-0.7071095723807778,-0.7052474905465768,0.05120575871158739,18.181551650572487,0.4381042216277923,-0.4937995685540681,-0.7511502360298651,14.02949763326836,0.5550322005427969,-0.5087120631295975,0.6581423046629419,9.776731038892231,91.36330080246042,66.74590779815983,51.75889770576465,23.747859101186723,7.682400808427361,106003.0,315632.3031998283, 0.0, 0.0,0.0,NaN, 185.9714097521759,185.9714097521759,0.0, 232.50955134842388, 95.28137121034041, -41.8253714983359, 95.28137121034041, 237.1463112504182, 29.066642809680815, -41.8253714983359, 29.066642809680815, 153.32423147231452, 2.438174728738694, 2.5426025863447483, 17.0, 0.0
11, 0 ,0.3333333432674408,0.3333333432674408,0.3333333432674408,271.9310173430594,285.42941200177324,118.7555985437741,14.95624482661872,9.244369086251004,16.545117002633475,64.0,42.0,82.0,-0.5720027348991683,-0.010288349479673463,0.8201871866426934,17.91893752294795,-0.8197181860624098,-0.02888914789252725,-0.5720380342010454,13.283177499045323,-0.02957983614600258,0.999529672895721,-0.008091124430378061,9.23890628402344,89.88727424892404,73.54644865340481,42.682859785582394,22.66913575769391,8.30655161584671,74439.0,282171.6823974409, 0.0, 0.0,0.0,NaN, 122.89451577470713,122.89451577470713,0.0, 223.6892593137592, 3.5442581258360812, -67.88214513195702, 3.5442581258360812, 85.45835980283321, -0.4839359401890908, -67.88214513195702, -0.4839359401890908, 273.7408966308313, 2.344798035155481, 2.68856576854078, 7.0, 0.0
12, 0 ,0.3333333432674408,0.3333333432674408,0.3333333432674408,100.99987953182261,285.39996702976197,160.64608985657947,25.08380113904528,9.474738769355472,19.015797696617174,122.0,42.0,101.0,0.9903988686964932,0.03862813660436118,0.13273261824879956,25.197155601753206,0.1329572005504776,-0.003292890180867248,-0.9911163098728811,18.88699327298587,-0.03784790227326799,0.9992482293888398,-0.008397163615270004,9.43149781617912,126.65698069521659,100.32151506351775,44.75627132710744,30.536434294175848,12.16940824226541,157718.0,568691.9899204077, 0.0, 0.0,0.0,NaN, 172.72419894280952,172.72419894280952,NaN, 629.1970795831694, 20.76907264467942, 36.48370684200465, 20.76907264467942, 89.77067474752765, 3.6730579874671023, 36.48370684200465, 3.6730579874671023, 361.600562038671, 3.5231754007422724, 3.8289418110673554, 15.0, 0.0
13, 0 ,0.3333333432674408,0.3333333432674408,0.3333333432674408,254.91477390667848,87.31125386472638,165.6560038456076,12.762420557603892,16.831505551783508,10.974977370976003,67.0,82.0,49.0,0.15286251170202972,0.9741022399821755,0.16660695837165634,17.026102942264526,-0.8971996746428319,0.20747394425788357,-0.3898554940934818,13.09504292483781,-0.41432571285999503,-0.08988541881631656,0.9056792010128487,10.259666433094765,85.70902503512713,69.93404273667363,55.45641748968379,22.637220337326635,7.361069305585463,91533.0,332404.5807597198, 0.0, 0.0,0.0,NaN, 166.4459130349797,166.4459130349797,NaN, 162.87937848915047, 15.16526379992732, 27.86418544131153, 15.16526379992732, 283.299579139719, 24.60744704575016, 27.86418544131153, 24.60744704575016, 120.45012829343534, 2.8319883040648577, 3.007086508709169, 13.0, 0.0
14, 0 ,0.3333333432674408,0.3333333432674408,0.3333333432674408,18.886354644722267,142.88416877670517,193.6436837316031,10.97851606868217,15.218890222516716,14.356171730074518,41.0,69.0,64.0,0.03119473405031565,0.7802734248738356,0.6246601243902041,16.66028752290936,-0.04645954182975344,-0.6231568206469309,0.780715753558348,12.664466451803854,-0.9984329719818453,0.053375643479630114,-0.01681193452984968,10.967598213093128,69.8987164701212,50.77677174498885,42.35796955559638,22.658529125867112,6.695756810921062,101104.0,150338.22590694384, 0.0, 0.0,0.0,NaN, 179.12075839767834,179.12075839767834,0.0, 120.5278150703126, 4.98916065877059, 1.610202623794499, 4.98916065877059, 231.6146196050149, 57.148462772797, 1.610202623794499, 57.148462772797, 206.09966674339077, 2.078186665782636, 2.5152142519613583, 5.0, 0.0
15, 0 ,0.3333333432674408,0.3333333432674408,0.3333333432674408,283.64654982363317,142.6642967372134,254.40786669606115,10.40550016304054,16.663930934136634,15.737498276069449,45.0,67.0,77.0,0.10213425057798464,-0.8255578874176861,0.5549979904299837,17.583394530166057,0.15727771696407775,-0.537497200048912,-0.8284687560108389,14.874413018547767,-0.9822587818927557,-0.1719038523769212,-0.0749449860399801,10.159033121325296,82.62639202152789,71.42263400498732,47.08091229676387,23.99734187875141,7.599833061607602,108864.0,277843.0395434677, 0.0, 0.0,0.0,NaN, 150.66246883480542,150.66246883480542,0.0, 108.27443364303669, -27.34576343093677, -3.7056061257062876, -27.34576343093677, 277.6865941776758, -41.807705979255786, -3.7056061257062876, -41.807705979255786, 247.66885198928887, 2.558410337252563, 2.9659720129186353, 6.0, 0.0
16, 0 ,0.3333333432674408,0.3333333432674408,0.3333333432674408,23.577596172210328,62.37516962697144,286.2736849511977,14.637722389191186,22.40377465931286,7.48111647580598,58.0,101.0,29.0,-0.17194833348706712,0.9850982729573147,-0.0038939989132869765,22.604761104635987,-0.9850982365930114,-0.17196130248794605,-0.003282485032423735,14.32568738164635,0.003903187461464331,-0.0032715536317526,-0.9999870309481396,7.480547834119406,101.75751189641366,65.95567621264699,29.35175313347969,25.98031325370347,9.858116589509388,99483.0,196993.86575582463, 0.0, 0.0,0.0,NaN, 68.08066210071891,68.08066210071891,0.0, 214.2629167430289, -51.78784940075582, 0.7873283779060668, -51.78784940075582, 501.92911898526893, -1.6611757127701705, 0.7873283779060668, -1.6611757127701705, 55.96710372457568, 3.4973745454130953, 4.053408377796116, 7.0, 0.0
17, 0 ,0.3333333432674408,0.3333333432674408,0.3333333432674408,260.76536487766134,16.331161987964688,73.39661163209824,23.32166647222495,10.965549387207954,26.26672977803967,96.0,46.0,119.0,-0.5373686989109518,-0.04638209926333749,0.8420710078720661,28.080944310869803,-0.8367313878091422,-0.09550225759541753,-0.5392215717579982,21.208392058512462,-0.10542991077364319,0.9943480374909506,-0.012510565620994302,10.758678661425316,129.35024114232596,106.50878414134928,49.14606717662077,34.74678432412325,12.113854579378307,261896.0,677082.2669877996, 0.0, 0.0,0.0,NaN, 84.81229889664147,84.81229889664147,0.0, 543.9001270417015, 43.46240455814849, -153.72293664358287, 43.46240455814849, 120.24327336329675, -9.074820260147279, -153.72293664358287, -9.074820260147279, 689.941093232556, 3.899863909399253, 3.8341888408228293, 9.0, 0.0
18, 0 ,0.3333333432674408,0.3333333432674408,0.3333333432674408,276.5448695794243,69.07599645592846,272.4529625044772,14.047439259992093,18.516201776224808,14.319637837328278,54.0,84.0,60.0,0.053122223017611325,0.9871224741003696,0.15088820546229847,18.61564358216183,0.2851199215824156,-0.15980494708349602,0.945076192274717,14.221692592314355,-0.9570186308210015,0.007183314945530473,0.28993747644602447,14.015476431606233,86.60120544213437,67.0653756390717,63.26588815303495,26.188288969915725,7.707517538189158,159139.0,367444.6326184052, 0.0, 0.0,0.0,NaN, 77.97740508766238,77.97740508766238,0.0, 197.33054976316717, 7.606101253033115, 2.772253320912977, 7.606101253033115, 342.8497282178707, 21.478517971527193, 2.772253320912977, 21.478517971527193, 205.05202779224368, 2.7660882550419665, 3.157691728253554, 10.0, 0.0
19, 0 ,0.3333333432674408,0.3333333432674408,0.3333333432674408,163.1972924955204,19.156672335773074,101.44217511464755,18.39637252182288,10.610211072151165,18.769884143929087,85.0,48.0,89.0,0.6787381725703852,0.16790132937219063,0.7149291130530813,21.817104321439615,-0.7208410444466331,-0.033754176034643465,0.6922780108029645,15.014522603678927,-0.1403662414432386,0.9852257605215535,-0.09811992187025509,10.094043874723114,92.2014521613161,68.25296901424473,51.29375433738272,26.77308892871073,9.301255880199285,131708.0,322792.76848878845, 0.0, 0.0,0.0,NaN, 171.3839950740068,171.3839950740068,0.0, 338.4265219616799, 45.63845680865783, 119.87781364568185, 45.63845680865783, 112.57657899559916, 42.018667935958256, 119.87781364568185, 42.018667935958256, 352.3085507765206, 2.624782588010788, 2.9739532547969203, 11.0, 0.0
20, 0 ,0.3333333432674408,0.3333333432674408,0.3333333432674408,83.04186830622768,272.7603530345101,257.8388238794129,13.502006415030646,13.178337183370331,15.583557903092075,63.0,62.0,80.0,0.48228390561535994,0.057408638032390075,0.8741318451261575,16.50515900478013,-0.5337288222091033,0.81051547532964,0.24124304880027334,13.966813786978765,-0.6946479530867976,-0.5828969999326072,0.42153921376532527,11.459836994300511,77.75195209516937,68.90018767249327,60.89602367880943,23.32260510661579,7.407841528396227,100840.0,326227.5555116818, 0.0, 0.0,0.0,NaN, 97.03357681990573,97.03357681990573,0.0, 182.3041772315287, -23.668913233953354, 51.27412222908665, -23.668913233953354, 173.6685709186011, 19.544347658368466, 51.27412222908665, 19.544347658368466, 242.84727691902347, 3.386465911648189, 3.31095169500309, 10.0, 0.0
21, 0 ,0.3333333432674408,0.3333333432674408,0.3333333432674408,218.43735044040528,45.9934975670427,281.1883305330686,19.7998781585408,16.64582071934777,11.486695491827657,82.0,87.0,46.0,-0.8340475459908212,-0.5317510532451941,0.14698812332741773,21.799527350594108,0.5488743156820803,-0.8266892934168696,0.12378124952691968,14.238196342695014,0.05569269800626897,0.18391745301233448,0.9813626719344072,11.095813085721485,99.64138457574447,62.49531323346605,54.82721701584728,26.753231741461367,9.237277045930593,137487.0,341415.6344074469, 0.0, 7.105427357601002E-15,0.0,57.876157040344616, 95.50783491297402,95.50783491297402,0.0, 392.035175093061, 120.0368325099373, -37.757339348109014, 120.0368325099373, 277.0833474206675, -35.666998570800054, -37.757339348109014, -35.666998570800054, 131.9441733219738, 3.0642225378119106, 3.2168061014998255, 10.0, 0.0
22, 0 ,0.3333333432674408,0.3333333432674408,0.3333333432674408,218.1564334021902,28.47653866832678,162.86707320524067,25.56352933823693,16.756710711361485,22.069967301780377,118.0,76.0,103.0,-0.9198588650657626,0.16266221669358027,0.35693230677574955,26.48739689259043,-0.3143167128689675,0.23870586212824832,-0.918816910704661,21.504309270574065,0.23465862944109755,0.9573716700665111,0.16844825016272896,16.0420488542675,122.39656370008441,106.07382299728405,82.62175396551456,36.058769666639364,11.005906274411513,353390.0,1072684.133686956, -2.8421709430404007E-14, 0.0,0.0,23.094542313156495, 162.21813172169027,162.21813172169027,0.0, 653.4940322269002, -81.85680695736285, -86.62514372487101, -81.85680695736285, 280.7873538642568, -19.189319437604627, -86.62514372487101, -19.189319437604627, 487.083456701655, 2.5001918487123254, 2.9100077862377414, 18.0, 0.0
23, 0 ,0.3333333432674408,0.3333333432674408,0.3333333432674408,16.988488870617253,274.9509504512441,271.4449893306709,10.403329652473792,14.77352082508477,16.142704980928432,40.0,59.0,64.0,0.02136547242253933,-0.33425040864745986,0.9422421031280482,16.344801926672712,-0.20762124963686962,-0.923394327956266,-0.32285651890184924,14.719165520253066,-0.9779759369674628,0.18873150086088297,0.08912624358409882,10.162023710549713,74.69762764445844,71.17938482634258,42.23222457184461,23.164653283248345,7.1043611813799,102162.0,224545.8317838962, 0.0, 0.0,0.0,NaN, 41.610723037801336,41.610723037801336,0.0, 108.22926785804047, 20.567777820820357, 10.89980919963273, 20.567777820820357, 218.25691756921339, -17.811585114465753, 10.89980919963273, -17.811585114465753, 260.58692410129163, 2.583172690760793, 2.8633340615123726, 5.0, 0.0
24, 0 ,0.3333333432674408,0.3333333432674408,0.3333333432674408,50.369224189880065,10.779970063954279,282.0009330715549,17.346977163093076,7.1041177516763625,10.409088500096086,78.0,28.0,41.0,-0.9961491589092583,0.07208390333697659,0.04990755538075481,17.397365724561674,0.05816389493787061,0.11739871717548506,0.991380099926969,10.428473309882717,-0.06560346431427258,-0.9904652705093988,0.12113931395178883,6.950815736321817,78.85853170778208,43.86915871918296,31.462685363330664,20.089143134889543,7.494101496198429,51443.0,108843.82108369774, 7.105427357601002E-15, 0.0,0.0,5.0298483815897095, 54.5640257895694,54.5640257895694,0.0, 300.91761669687264, -17.85155903416867, -9.160249650314189, -17.85155903416867, 50.46848902968322, 7.949372342921763, -9.160249650314189, 7.949372342921763, 108.34912340283259, 3.0413390900029795, 3.3091474869749735, 5.0, 0.0
25, 0 ,0.3333333432674408,0.3333333432674408,0.3333333432674408,83.27488552969956,280.31336636768486,11.468544188672144,9.15511240683171,11.152544662027003,7.673976724458207,39.0,43.0,30.0,-0.3421451481373561,-0.9367508537341452,-0.07371930299736441,11.48192238389761,0.8446489384685651,-0.27223135508755064,-0.46093194731014464,9.141810279622463,0.41170968940503777,-0.21997256041503593,0.8843682515301309,7.188742419178576,49.86035085841422,40.98050784304297,34.10227852400483,15.629094850730281,4.7766775623457445,31886.0,69681.27094367908, 0.0, 0.0,0.0,NaN, 86.3353786669468,86.3353786669468,0.0, 83.81608318172391, 18.35668769325848, -10.39565294529614, 18.35668769325848, 124.37925243850698, 9.537486874076034, -10.39565294529614, 9.537486874076034, 58.88991876752631, 2.885075861192412, 2.6753307340962693, 5.0, 0.0
26, 0 ,0.3333333432674408,0.3333333432674408,0.3333333432674408,46.49502893839689,282.265884404979,18.91477047490684,12.870515973536381,10.225310525730608,11.92205245894991,65.0,42.0,47.0,0.8505745995011459,0.0828119185546806,0.5192928237793761,13.426570599504334,-0.5184920439493051,-0.03259537028898903,0.8544609658708793,11.316416407833978,-0.08768609379335648,0.9960319914445603,-0.015212526885631319,10.198451511266684,71.92026730971533,58.24776395492807,43.23632114136518,19.429820407623243,5.901234661842989,63065.0,181125.36970038654, 7.105427357601002E-15, 0.0,0.0,31.725778910633167, 53.23584425965591,53.23584425965591,0.0, 165.65018142505514, 5.7783930034244175, 23.029600896596293, 5.7783930034244175, 104.55697534761717, 2.609738027063487, 23.029600896596293, 2.609738027063487, 142.1353348339536, 3.3957663363807598, 3.364976068548105, 5.0, 0.0
27, 0 ,0.3333333432674408,0.3333333432674408,0.3333333432674408,17.711780334887987,247.4307764355073,26.934207508219284,10.441562010266324,14.904377210357069,16.24103176819532,43.0,69.0,69.0,0.033288640445534375,-0.3018664720942472,0.9527688594001491,16.378472608226996,0.12910923317999237,-0.944010747533472,-0.3036025600171546,14.822798001159947,-0.9910714769001086,-0.133117773293684,-0.007548914383475946,10.342537627523743,78.84512077394206,68.81651537854086,47.4591322027959,23.287190228233257,7.25565720059478,104632.0,257505.9647544437, 0.0, -2.8421709430404007E-14,0.0,72.4302576922568, 61.66588978439178,61.66588978439178,0.0, 109.02621721423691, -15.36241374564568, 0.695961998483328, -15.36241374564568, 222.1404600286112, -14.073558137261712, 0.695961998483328, -14.073558137261712, 263.77111289552965, 2.225081905237268, 2.701344946263151, 7.0, 0.0
28, 0 ,0.3333333432674408,0.3333333432674408,0.3333333432674408,255.70662338291584,230.48190319298416,33.314243261139914,14.615746191097161,11.654581545483984,10.149042560321316,65.0,56.0,47.0,0.8725305617233512,-0.39338686326998296,0.28971916516747076,15.458897923719599,-0.48549851957805923,-0.7644352203889968,0.4241815428756166,11.550235892287052,0.054604087266850884,-0.5107695856601374,-0.8579818319861588,8.948010864469383,79.67545372227612,56.003228786943225,46.65168022281499,20.170736421548096,6.7523155159189345,61917.0,208163.65354593477, 0.0, 2.8421709430404007E-14,0.0,66.83459523069969, 88.90729891226529,88.90729891226529,0.0, 213.62003672257114, -34.748231156216306, 29.185800811386454, -34.748231156216306, 135.82927100033584, -35.40764879477219, 29.185800811386454, -35.40764879477219, 103.00306489121344, 2.9647305195900153, 3.1189238340219387, 6.0, 0.0
29, 0 ,0.3333333432674408,0.3333333432674408,0.3333333432674408,8.270544895856975,27.26139637201669,26.467325453497914,5.423982499661439,17.462908233857025,15.825341559441755,23.0,67.0,66.0,0.0019048436747520514,0.978918375150881,-0.20424295915045332,17.53330370242114,-0.09977200410144037,0.2034102623655922,0.9739968235892472,15.817671143419686,0.9950085018572234,0.018522417669406495,0.09805611289217588,5.215239830634114,74.58374555610274,68.45229330075249,23.499962754952072,22.775269631275176,8.130269296674939,57277.0,119977.37786553701, 0.0, 0.0,0.0,NaN, 38.88579382869751,38.88579382869751,0.0, 29.41958615663355, -4.003187984370158, -21.779626642935504, -4.003187984370158, 304.9531639841114, -11.845030233597406, -21.779626642935504, -11.845030233597406, 250.44143547299439, 3.307599033715828, 3.2797111365870633, 7.0, 0.0
30, 0 ,0.3333333432674408,0.3333333432674408,0.3333333432674408,115.97844290306612,261.4076465220581,37.37314741368513,22.49200075053283,20.837559056519503,21.314043906475955,122.0,94.0,94.0,-0.7368806812519991,-0.07842602358688813,0.6714582789883063,26.77594401699345,0.22298260438220258,-0.9658581719252175,0.13189673941461513,21.108364862643178,0.6381893290713343,0.24691567497756312,0.729209866711809,15.22721864515827,139.07990532976822,106.71647334722732,78.33133393237208,35.40360290371151,11.87296653238326,335342.0,1162602.823793946, 0.0, 0.0,0.0,NaN, 127.81674817014874,127.81674817014874,1.9073486328125E-6, 505.8900977619695, -17.990126865385534, -233.72669846707166, -17.990126865385534, 434.203867433938, -52.76772257754376, -233.72669846707166, -52.76772257754376, 454.28846764718475, 3.5037826207585896, 3.6683393945519724, 14.0, 0.0
32, 0 ,0.3333333432674408,0.3333333432674408,0.3333333432674408,39.50896565000963,206.9114985836473,63.28868842991117,12.548270788546114,12.47283365986522,11.908148925144522,55.0,61.0,59.0,0.7776974395600725,-0.003709098311474889,0.6286278192153302,13.686172666846495,-0.223519234666902,0.9330054077826497,0.282028475126633,12.774712246207299,0.5875592261513969,0.3598432320303484,-0.7247668619123834,10.214210438043276,62.277207738627766,63.28174471230972,51.03334900302308,20.415633375090742,6.1673822653278405,72722.0,201122.95720353743, 0.0, 0.0,0.0,NaN, 119.29746663636371,119.29746663636371,0.0, 157.45909978267971, -12.514965169777215, 36.85738531866089, -12.514965169777215, 155.57157950666684, 15.2954264010191, 36.85738531866089, 15.2954264010191, 141.8040108234206, 3.718900750435368, 3.574910527043957, 7.0, 0.0
33, 0 ,0.3333333432674408,0.3333333432674408,0.3333333432674408,200.4436553730828,210.65113182423434,61.69396360408344,12.291104787814731,8.961676133646062,9.36798039190072,55.0,41.0,43.0,-0.9527954219238297,0.25348052618166306,-0.16711824199547537,12.508862799092057,-0.2871021857057928,-0.5731685196790407,0.767496047554574,10.11580748088936,0.09875838660056997,0.7792467330028424,0.6188871546416586,7.76793042808145,59.05817886521247,49.5340586145516,36.68112775716358,17.036191904865333,5.376812999634631,40554.0,107306.65177943256, 2.8421709430404007E-14, 0.0,7.105427357601002E-15,18.824569754058263, 147.31201968931737,147.31201968931737,0.0, 151.07125690504222, -16.307470626365532, 6.054648292038522, -16.307470626365532, 80.31163912436142, -22.543295431509353, 6.054648292038522, -22.543295431509353, 87.75905662303636, 2.371401453510411, 2.562685441684198, 6.0, 0.0
34, 0 ,0.3333333432674408,0.3333333432674408,0.3333333432674408,255.61492359961468,211.8185829732988,71.2945726596794,18.26004139023815,15.218438795966911,18.27009633299701,83.0,75.0,84.0,-0.5642195735177881,0.5515321440439334,0.6143847059829104,21.623929783018333,0.7457684017435271,0.021172928576105116,0.6658687543776298,17.40438883851245,-0.3542396982557298,-0.8338848848503093,0.42326142630515773,11.327811830788336,100.13398002082397,90.91306815624202,59.52528292812352,28.443327864585413,9.47647144059975,173363.0,541887.6601644956, 2.8421709430404007E-14, 0.0,0.0,55.65188536168218, 121.77402599335926,121.77402599335926,0.0, 333.42911157321043, -102.82052708979748, -30.908682466184526, -102.82052708979748, 231.6008793865908, 117.42581522423934, -30.908682466184526, 117.42581522423934, 333.79642001699074, 2.3990308537164804, 2.7800570433154874, 14.0, 0.0
35, 0 ,0.3333333432674408,0.3333333432674408,0.3333333432674408,122.6393551887158,211.9537626908471,167.65032938076416,9.532582091089102,13.436776370115217,11.569965674953824,43.0,60.0,53.0,0.23671779783820934,-0.8819460907750926,0.40759756764872956,14.209570754009007,0.19690454019786816,-0.3672667220233321,-0.9090345191155849,10.9840156391941,-0.9514164630886387,-0.2954424611675995,-0.08672061982675604,9.095091296309258,64.48233014629822,50.86059264674162,40.47414858603145,19.324174825738403,5.6442407432445245,64515.0,132739.4032790607, 0.0, -2.8421709430404007E-14,2.8421709430404007E-14,30.036568830116305, 200.7709806182753,200.7709806182753,0.0, 90.87012132335266, -27.626641920049902, 4.711403761950588, -27.626641920049902, 180.54695922048666, -30.18420626919507, 4.711403761950588, -30.18420626919507, 133.8641057196097, 3.0616595353727645, 2.9564282604692917, 8.0, 0.0
36, 0 ,0.3333333432674408,0.3333333432674408,0.3333333432674408,9.866738464087483,20.904415541380168,197.5103802501864,6.549371107835661,12.096348888010553,18.91907529287294,27.0,49.0,95.0,0.05461405499935385,0.10481822047586078,0.9929906573844495,19.010005174560856,0.09264115107635312,-0.9907172880800091,0.09948302481650007,12.029877213509502,-0.994200644801529,-0.08655862611932956,0.06381756905867104,6.40695604457188,96.5749840872214,54.339384968952345,30.188364613432007,21.86357483796137,8.314530868962075,60355.0,158423.26173302293, 0.0, 0.0,0.0,NaN, 105.06411981978806,105.06411981978806,0.0, 42.894261908152515, -7.68109992213876, 18.327396045932232, -7.68109992213876, 146.32165642047414, 23.123641515422676, 18.327396045932232, 23.123641515422676, 357.93140993739524, 2.459678530912788, 3.298869505241845, 7.0, 0.0
37, 0 ,0.3333333432674408,0.3333333432674408,0.3333333432674408,68.21606122038975,104.01258378536336,225.375349295929,12.882711577492952,14.766378070305615,15.014849983686165,55.0,75.0,76.0,0.4095879513761252,0.6567203212315484,0.6332109678211839,17.38998244167837,-0.3301667922996034,-0.5403389407138954,0.7739662256266585,13.18832208612739,-0.8504278919168274,0.5260724748831829,0.004489077876764497,11.537442098115008,83.62662045201148,65.23547773509841,58.352948698981265,23.575871665387744,7.323535632045241,109506.0,318339.9914070773, 0.0, 0.0,0.0,NaN, 145.05477271305415,145.05477271305415,0.0, 165.96425758887094, 52.821062477292024, 33.47774766367427, 52.821062477292024, 218.0459213152026, 53.330902130205395, 33.47774766367427, 53.330902130205395, 225.44572003260046, 2.68820190983436, 3.0486803319718203, 8.0, 0.0
38, 0 ,0.3333333432674408,0.3333333432674408,0.3333333432674408,99.56785879553117,291.9085740728499,234.94661862894162,12.909541043231355,5.000572175516588,11.520511209346784,64.0,20.0,55.0,-0.9544142827276618,0.05422847475018055,0.29351771573741803,13.053732470658435,-0.2965033773659153,-0.059118138072799246,-0.9532002900552492,11.391987327165126,-0.0343383770153485,-0.9967769651617528,0.07250212125777639,4.920045109173017,65.77879754636905,53.06442478618919,21.507633767543723,17.014879514905715,5.905762071684795,30254.0,75072.69795379663, 0.0, 0.0,2.8421709430404007E-14,72.93132561279687, 119.21062077881214,119.21062077881214,0.0, 166.6562499468749, -5.715915335874947, -11.117072388616917, -5.715915335874947, 25.0057220825507, 8.276008036215162, -11.117072388616917, 8.276008036215162, 132.72217852468492, 3.0255540728878345, 2.9411633965659907, 6.0, 0.0
39, 0 ,0.3333333432674408,0.3333333432674408,0.3333333432674408,249.62948183263825,287.7915178973266,270.2314950943623,14.991413897905783,7.682344580768326,14.219473166478119,66.0,32.0,59.0,0.7839063599339955,0.032566178197167464,0.6200244050782706,16.202432072892073,-0.6205374297866296,0.007971008377107965,0.7841363154830001,12.831207564446094,-0.02059410325399912,0.9994377954945883,-0.026457056678345768,7.667831075968874,79.89567506518807,64.65682140377896,33.558297079829146,20.927315663630193,6.928332062118121,66658.0,173355.46426433994, 0.0, 0.0,0.0,NaN, 59.76955763611433,59.76955763611433,0.0, 224.74249065832265, 4.677276681391222, 47.51550400312911, 4.677276681391222, 59.01841825766048, 4.775107073814895, 47.51550400312911, 4.775107073814895, 202.19341713219126, 2.69718625940401, 3.0381011061362275, 4.0, 0.0
40, 0 ,0.3333333432674408,0.3333333432674408,0.3333333432674408,224.946990349219,14.945557655954632,264.0077803203661,11.513202469650118,9.687476461594638,12.327204198229635,56.0,40.0,59.0,-0.5747981584180458,-0.4315176350034085,0.6952694497533224,14.235763908275292,-0.7087629461957856,-0.16211117857602358,-0.6865675872633094,10.395151648456359,-0.40897697145327455,0.8874190083955588,0.2126625034159763,8.224648490932582,71.94036418298374,46.80576495187768,42.077355256781054,18.472960068593803,6.091858579290843,50255.0,141683.8710729216, 0.0, 0.0,0.0,NaN, 84.56810172136251,84.56810172136251,0.0, 132.55383110715755, 38.13134942981707, -34.29002633024651, 38.13134942981707, 93.84720019395016, -36.00835166736614, -34.29002633024651, -36.00835166736614, 151.95996334485037, 3.106884604445762, 3.0446299882800836, 7.0, 0.0
42, 0 ,0.3333333432674408,0.3333333432674408,0.3333333432674408,45.65414095485547,42.44269243260799,118.13830789217279,13.107457976150954,12.226916172017015,8.580862177413977,64.0,58.0,39.0,-0.9500851634198118,-0.281826513679538,0.13383571435452765,13.302300116269084,0.25948628274120894,-0.9519677866491348,-0.16255522831178668,12.180081059124147,0.17321966204417777,-0.1197127786394781,0.9775805845615574,8.34437333726991,64.06952783770309,55.64557259702244,38.07589791126358,19.07355285523169,5.579759032478347,61580.0,135747.64151435922, 0.0, 0.0,0.0,NaN, 133.57523168192742,133.57523168192742,0.0, 171.80545459656327, 9.289565823801318, -16.967364704652635, 9.289565823801318, 149.4974790775312, 8.134566231755056, -16.967364704652635, 8.134566231755056, 73.63119570777373, 2.104716182793162, 2.326882337898379, 10.0, 0.0
43, 0 ,0.3333333432674408,0.3333333432674408,0.3333333432674408,280.4780412276443,182.57523192190104,101.30981091968351,12.412802503057165,16.022008589984996,19.09702756592403,52.0,72.0,97.0,-0.16291043484200946,0.31489599377594885,0.9350404821842981,19.650803146815676,-0.10970232501824465,-0.9476058013079512,0.3000144083425125,15.580874997909449,-0.9805231206377436,0.05370063715985157,-0.18891969580604148,12.106244548815997,94.47775521300926,70.96356965600057,56.97699697030305,26.567934379722722,8.344084724309049,152422.0,382001.0661669665, 0.0, 0.0,0.0,NaN, 156.31174242867013,156.31174242867013,0.0, 154.07766597990224, -2.2903891745113243, -39.66291652682774, -2.2903891745113243, 256.704759257553, 43.19592577308481, -39.66291652682774, 43.19592577308481, 364.6964618536623, 2.3958758406672587, 2.668898443454628, 10.0, 0.0
44, 0 ,0.3333333432674408,0.3333333432674408,0.3333333432674408,271.22688586823415,280.8565086945873,208.76778716629929,8.136460057596963,9.585118336119375,9.789093059923243,39.0,39.0,42.0,-0.36419576982988666,-0.11106072445502196,-0.924676676856047,10.007366850159146,0.2674280072426423,0.9385797056880782,-0.2180605352022915,9.791716209977187,-0.8921007242347949,0.3267011655228771,0.3121260102358473,7.607740867808648,42.80902210676902,41.858054276809526,33.94715882239723,15.350244755585058,4.274670123614721,32664.0,60829.99437857078, 0.0, 0.0,0.0,NaN, 97.55860810166216,97.55860810166216,0.0, 66.20198226887078, 11.247808414903792, 12.018887132946194, 11.247808414903792, 91.87449351741186, -3.436455472433142, 12.018887132946194, -3.436455472433142, 95.8263429358374, 2.079799282153557, 2.2543095899165255, 2.0, 0.0
45, 0 ,0.3333333432674408,0.3333333432674408,0.3333333432674408,124.22227127884209,119.5046742427151,232.8037489922064,13.26067338450903,15.040732094855505,11.932649654019015,58.0,66.0,53.0,-0.49799131087362875,0.867115435109928,0.010745998719754988,15.850574391481869,0.7147899464842808,0.4034302518678481,0.5712436995563657,12.601435316814195,0.4909989681245408,0.2921555306201896,-0.8207101554316673,11.593978080954347,74.32924470471089,62.46412251032672,58.126903368492336,22.45045851614037,6.358782960638811,104188.0,269878.04179695377, 1.4210854715202004E-14, 0.0,0.0,60.13280505985173, 185.0077728016693,185.0077728016693,2.6973983046972182E-6, 175.84545861062617, -43.41569322870949, 9.327972327316793, -43.41569322870949, 226.2236219492165, 6.7061184996428125, 9.327972327316793, 6.7061184996428125, 142.3881277655601, 1.9123771983373417, 2.2401025569369377, 12.0, 0.0
46, 0 ,0.3333333432674408,0.3333333432674408,0.3333333432674408,101.76624436209026,176.21308856904824,35.82508546640237,16.059937199172833,19.410007566084936,14.242403097952181,85.0,89.0,68.0,-0.5386763789454533,-0.8424420924040245,-0.010912365103133594,21.425516540001855,-0.11749491396081714,0.06229068347967407,0.9911179626790019,14.258688704685555,0.8342797516178581,-0.5351739826426217,0.13253718098284972,13.234540414324444,97.3469070382618,69.49115794797835,59.3131282644475,27.604509827281536,8.68947983236313,174045.0,401238.44247729704, 0.0, 0.0,0.0,NaN, 164.20415549508485,164.20415549508485,0.0, 257.9215828413753, 128.62864371480353, -1.6101078622475518, 128.62864371480353, 376.7483937154744, 4.348249333836295, -1.6101078622475518, 4.348249333836295, 202.8460460045579, 2.7804656074158665, 2.8524947754135694, 13.0, 0.0
47, 0 ,0.3333333432674408,0.3333333432674408,0.3333333432674408,85.06866080156402,202.32961876832846,69.60140110785272,18.237642850620805,19.324432825450906,13.373538283573044,101.0,92.0,67.0,-0.6001108758544668,-0.7994005082859158,0.028736110269206718,20.608377840837257,0.7873162021410332,-0.5966276079086363,-0.15546284227247772,16.857007054629943,0.14142183186270743,-0.0706705372375036,0.9874236885142864,13.267739932776898,100.09157348369905,79.15814943717204,63.47290145959043,27.960860297245222,10.15318365992174,153450.0,502899.8434700572, 0.0, 2.8421709430404007E-14,0.0,36.9271068153431, 147.0392310122976,147.0392310122976,0.0, 332.61161674680017, 68.50489499287595, -17.522739407443986, 68.50489499287595, 373.4337040253644, 4.316618650812942, -17.522739407443986, 4.316618650812942, 178.85152622219385, 3.1212342220715725, 3.3856354656307444, 13.0, 0.0
48, 0 ,0.3333333432674408,0.3333333432674408,0.3333333432674408,161.63136027903158,63.32525047873068,82.81276073724524,20.564965134475973,14.867685089616527,19.596068992270062,97.0,69.0,94.0,0.7428549108415631,-0.15925969151982,0.6502329829342594,24.3219422819775,0.4471577936570988,-0.6048038875833609,-0.6589857093562569,15.667801513599814,-0.4982132967016122,-0.780287516381664,0.3780673257088553,13.817919171084373,108.81997354654122,70.94915075274444,63.95906277197098,30.54691465053315,9.739495684537705,233952.0,493807.7578856116, 0.0, 7.105427357601002E-15,0.0,80.83607130633143, 173.24526298675346,173.24526298675346,0.0, 422.9177909822123, -62.14765463732888, 177.4391017688352, -62.14765463732888, 221.0480599240056, -19.747428544227184, 177.4391017688352, -19.747428544227184, 384.00591994980823, 2.2376382755074355, 2.5957937453128763, 15.0, 0.0
