// Sample: .//bubblelabels.tif, Map: .//bubblelabels.tif, Thickness:(8.191250068658265):/gpfs/home/mader/Foam/NewValid/InSilicoTest/LatticeDataPhi_16.0/out_Step_05000.vtk/distmap.tif, Neighbors:(1.0):
//LACUNA_NUMBER, TRIANGLES, SCALE_X, SCALE_Y, SCALE_Z, POS_X, POS_Y, POS_Z , STD_X, STD_Y, STD_Z,PROJ_X, PROJ_Y, PROJ_Z, PCA1_X, PCA1_Y, PCA1_Z, PCA1_S, PCA2_X, PCA2_Y, PCA2_Z, PCA2_S, PCA3_X, PCA3_Y, PCA3_Z, PCA3_S,PROJ_PCA1, PROJ_PCA2, PROJ_PCA3,OBJ_RADIUS, OBJ_RADIUS_STD, VOLUME, VOLUME_BOX, Mask_Grad_X,Mask_Grad_Y,Mask_Grad_Z,Mask_Angle, Mask_Distance_Mean,Mask_Distance_COV, Mask_Distance_STD, SHAPET_XX, SHAPET_XY, SHAPET_XZ, SHAPET_YX, SHAPET_YY, SHAPET_YZ, SHAPET_ZX, SHAPET_ZY, SHAPET_ZZ, Thickness, Thickness_STD, Neighbors, Neighbors_STD
1, 0 ,1.0,1.0,1.0,130.5519074959031,15.350316865495468,180.61114358075199,21.001092789172723,9.448079343032289,11.412191091083367,86.0,38.0,47.0,-0.9784964573884549,-0.028073832885124696,0.20434417727300494,21.345787900459158,0.1833685431474331,0.3352473694625422,0.9241131849792175,10.947234904490466,0.09444924701780914,-0.9417117718153385,0.3228905055311863,9.223101103511524,87.99396089515034,55.41573344188842,45.816565108221035,24.01948129954562,9.144108770778885,87261.0,223413.02017794072, 0.0, 0.0,0.0,NaN, 73.71972282622156,73.71972282622156,0.0, 441.04589833944254, 12.317641784505518, -68.20393617823495, 12.317641784505518, 89.26620327223345, 8.648043821179145, -68.20393617823495, 8.648043821179145, 130.23810549940256, 11.231960011827269, 6.419289733352607, 12.0, 0.0
2, 0 ,1.0,1.0,1.0,180.76268027590052,165.71364000557375,92.18355047725214,11.330625854772324,16.21160744948402,15.447778241321728,49.0,67.0,79.0,0.15281370520618232,0.9003541906707431,0.4074436192196269,16.55120982228518,0.07530179546505089,0.40047908445788216,-0.9132065169015802,15.218773451325973,-0.9853819620334534,0.17023170754417907,-0.006599594358401139,11.148073331565408,81.5107989743604,84.25723513320266,54.846567913000996,23.969568566720145,7.435921844351511,114824.0,376679.3482030514, 0.0, 0.0,0.0,NaN, 100.21694432792647,100.21694432792647,0.0, 128.38308226083507, 23.82837812784681, 1.937693779220262, 23.82837812784681, 262.81621609616576, 15.649614394573984, 1.937693779220262, 15.649614394573984, 238.63385259305304, 7.844652110821178, 5.532365245495694, 17.0, 0.0
3, 0 ,1.0,1.0,1.0,169.9611661952977,64.49526553056899,167.56129218533658,15.182182295906022,15.756182937367669,15.791974741754503,65.0,78.0,67.0,-0.31869402594145607,-0.7196976285701906,0.6168220499136442,17.44643228840938,-0.7883037406058181,-0.16009741430477173,-0.5940926110294601,15.448573157247939,-0.5263186585863184,0.6755768952261245,0.5163182431994131,13.605367105566673,96.86614563664237,79.51811657050882,75.49506924228616,25.84497944496054,7.757542378591689,152393.0,581509.3365447792, 0.0, 0.0,0.0,NaN, 78.19360956555357,78.19360956555357,0.0, 230.49865926612225, 34.11522170578665, 1.6337609152180437, 34.11522170578665, 248.25730075579605, -47.854347166132555, 1.6337609152180437, -47.854347166132555, 249.38646624421222, 7.81212736678435, 5.425490560661562, 19.0, 0.0
4, 0 ,1.0,1.0,1.0,16.000717746276692,44.453137149351036,15.889526885579281,10.04040124495755,11.938566069158071,10.454998489246531,44.0,57.0,41.0,0.17531893405281132,0.9183125035380595,-0.3549160706536782,12.150265284448157,0.6137167126567673,-0.38382409567440523,-0.689949896866067,10.807243167038854,-0.7698149569658657,-0.09685664368222592,-0.6308753621804047,9.392579997187706,56.220917029364486,60.89838539721539,47.67301583056844,17.984973382029327,5.40247561820016,50157.0,163221.11116203986, 0.0, 0.0,-1.7763568394002505E-15,69.2116993660583, 49.84557588655761,49.84557588655761,0.0, 100.80965715974514, 2.83327725068531, -15.796619075460614, 2.83327725068531, 142.5293597876524, -11.795146580844797, -15.796619075460614, -11.795146580844797, 109.30699341014726, 9.56323247141541, 5.887513335063202, 7.0, 0.0
5, 0 ,1.0,1.0,1.0,30.67111943682493,108.6138875879961,173.96323305308385,16.109989151223314,14.560828831569546,13.640200503293926,74.0,70.0,64.0,-0.9862997165998394,0.0031019137688523524,0.16493406914900008,16.176017669873083,0.06613592531867996,-0.9085187502892846,0.41257692586357514,14.817333929590557,0.15112547243042293,0.41783257233462107,0.8958666379986002,13.281100257426631,78.27957881000039,76.03550865452877,71.79952929858791,24.610352386993927,7.206601964368633,134523.0,427352.7794835984, 0.0, 0.0,0.0,NaN, 99.850149435719,99.850149435719,0.0, 259.53175045253283, -2.8545407501460462, -12.694384181630374, -2.8545407501460462, 212.01773626226696, -16.136361157495536, -12.694384181630374, -16.136361157495536, 186.05506977005987, 7.601831679989818, 5.179275616983436, 19.0, 0.0
6, 0 ,1.0,1.0,1.0,41.018288661908876,14.064332712964728,24.049370594528057,14.773089018309099,8.485044403951912,14.773761304178548,80.0,35.0,61.0,-0.7317407527160162,-0.20095160352200991,0.6512863608709544,15.96036240451476,-0.6395563381156429,-0.1279108337932982,-0.7580280397019707,13.84463771033551,-0.2356335315499632,0.971214328374657,0.03492230188656191,7.880164930943503,91.73618632822058,77.86211222284338,39.675623155840675,21.269556703400117,7.490668754764068,68239.0,283393.97915089846, 0.0, 0.0,0.0,NaN, 49.58505506103228,49.58505506103228,0.0, 218.2441591428849, 38.92628427694159, -28.986014075557577, 38.92628427694159, 71.99597853703567, -12.647866130951067, -28.986014075557577, -12.647866130951067, 218.26402307284343, 7.581178311442911, 5.235035907962347, 9.0, 0.0
7, 0 ,1.0,1.0,1.0,159.39336342542236,176.29201109419188,137.8024980059459,13.488114173476404,14.42224635393428,14.82719156622316,73.0,59.0,79.0,-0.5652273958666791,0.8221750816233565,0.06742496658804656,15.30810590046708,-0.23138952013627917,-0.07956003326416994,-0.9696025428380985,14.959570809115059,-0.7918187172155473,-0.5636473509781017,0.23521220802180792,12.314591285907238,73.746999347379,79.14388560570887,71.15024486906242,23.5699398688307,7.364370860530574,110328.0,415277.232508724, 0.0, 0.0,0.0,NaN, 77.97112879879393,77.97112879879393,9.5367431640625E-7, 181.92922395673506, -37.09882341270441, 13.0336305293301, -37.09882341270441, 208.00118989357063, 10.148837300979048, 13.0336305293301, 10.148837300979048, 219.84560974147922, 7.813952206205499, 5.101379448311981, 21.0, 0.0
8, 0 ,1.0,1.0,1.0,88.7305991281937,123.68168464369425,79.44955296064144,13.739528170379788,12.429340374264223,12.740405048585014,74.0,60.0,63.0,-0.9036555381013529,-0.34705170679574254,-0.2509218628755098,13.840689029703743,0.41156225182760325,-0.5417367447449257,-0.7328968633196369,13.410610209439621,0.11841951414081466,-0.7655562763137223,0.6323767915312202,11.583260261234622,71.20162852844567,71.71541198541864,57.911354043444625,21.646696396284405,6.082893424438212,94287.0,295710.09040788026, 0.0, 0.0,0.0,NaN, 141.45612728375718,141.45612728375718,0.0, 188.7746343446598, 7.8161620545193795, -0.7627022309200778, 7.8161620545193795, 154.48850213931468, 23.131624009754752, -0.7627022309200778, 23.131624009754752, 162.31792080201052, 7.335621783477077, 4.966611827890024, 22.0, 0.0
9, 0 ,1.0,1.0,1.0,172.3719964760261,39.50396447061947,16.76272311461363,15.109645636251116,13.023860057904553,10.971695487538279,69.0,69.0,51.0,0.9064433461840036,0.2918978931528187,0.3052148098171048,15.728462590768117,0.32359061586743176,-0.9444305619291374,-0.05779296684502145,12.798176583238842,0.271384549083551,0.15115069853348048,-0.9505282178092127,10.350003121124002,84.8897080397434,75.8790748707015,55.72530555510977,21.652858425731715,7.032364177677146,82861.0,358946.3369249286, 0.0, 0.0,0.0,NaN, 51.03781611544405,51.03781611544405,0.0, 228.3013912530824, 19.792674468780707, 37.74505283203391, 19.792674468780707, 169.6209308078816, 15.589329666028412, 37.74505283203391, 15.589329666028412, 120.37810187126784, 7.736646363850465, 5.0667240194769985, 11.0, 0.0
10, 0 ,1.0,1.0,1.0,75.94185996984385,54.65656066582048,43.45803269471586,12.790359751024923,14.318647126622736,16.863600683676957,64.0,67.0,80.0,-0.22329640936253445,0.5160383740980455,0.8269480697262948,18.49863685155671,0.6004285758850088,-0.5954935413149961,0.5337349225156863,12.660480134942592,-0.7678699361392529,-0.6157043435857594,0.17687261648748617,12.26827875061705,89.43096064909409,64.02692067690066,63.973112731260635,24.3391021180571,7.784991599401997,117389.0,366309.34130079404, 0.0, 0.0,0.0,NaN, 103.16543183252266,103.16543183252266,0.0, 163.59330256063834, -25.58403234933222, -32.26296268695191, -25.58403234933222, 205.02365553674153, 78.69322548211635, -32.26296268695191, 78.69322548211635, 284.38102801850994, 7.500252810023323, 4.788563823547368, 18.0, 0.0
11, 0 ,1.0,1.0,1.0,60.65302140426909,72.91533400660856,138.79608585239583,12.585516679425249,15.973303868331747,11.94133977318485,63.0,79.0,60.0,-0.15327526197629662,0.9636772590404428,0.21870718889509877,16.269197332335914,-0.8970935417758963,-0.04288231466184006,-0.4397548003071958,12.701366039952548,-0.4144030301169098,-0.26360433892017315,0.8710814434554225,11.407268779925076,80.50544437119166,62.94961815495368,53.8664167200275,22.60692391273459,6.712991385415484,101989.0,272983.52545098204, -7.105427357601002E-15, 0.0,0.0,81.1832192161838, 112.87760648485293,112.87760648485293,0.0, 158.39523008809113, -18.675515596526377, 7.797202503648348, -18.675515596526377, 255.14643647006196, 28.948839593832904, 7.797202503648348, 28.948839593832904, 142.5955955786464, 7.919868528284803, 5.131062742851734, 22.0, 0.0
12, 0 ,1.0,1.0,1.0,42.187685349940686,55.1587089758798,175.8061981020166,13.078164353192946,12.400703643103906,12.090412093417147,70.0,60.0,49.0,0.752671960563051,0.284860107766257,0.5935820404843543,14.335265014883873,0.37327330191445107,-0.9272893604501964,-0.028310494056953916,12.314013602925979,0.5423577803074796,0.24287684327506823,-0.8042753739489242,10.67048003708667,71.39232379097989,53.295164696825054,55.91844015992069,20.837720703013026,6.064923262929381,80928.0,212762.15241933608, 0.0, 0.0,0.0,NaN, 73.53654888115344,73.53654888115344,0.0, 171.0383828491267, 6.5729088741271715, 40.543342934812685, 6.5729088741271715, 153.77745084409048, 16.487015514749984, 40.543342934812685, 16.487015514749984, 146.1780645886476, 7.5345644998939, 4.976232934729874, 11.0, 0.0
13, 0 ,1.0,1.0,1.0,77.84291582688432,185.83280766804623,26.76641998861486,12.840811638570985,8.07381301616388,15.266652950564184,60.0,33.0,60.0,-0.005320802677842787,0.0332099113517937,0.9994342353786313,15.272820320322415,-0.9997049978677798,-0.023862153244088028,-0.004529335573634488,12.842922883973392,0.023698234049109923,-0.9991634998490299,0.033327080166014315,8.058776813491415,60.99813156519296,60.37679942124722,33.52708372426443,20.454604174121144,6.689750410162385,64997.0,123475.95636703301, 0.0, 0.0,0.0,NaN, 83.52646360291382,83.52646360291382,0.0, 164.88644353726008, 2.3556928210648387, -0.44227967315794425, 2.3556928210648387, 65.1864566199773, 5.597376586862175, -0.44227967315794425, 5.597376586862175, 233.0706923129701, 7.187385392832419, 4.869148689963383, 9.0, 0.0
14, 0 ,1.0,1.0,1.0,186.92588607973224,55.41372302910764,94.08415516107824,8.183703935586074,12.709609382385894,13.445926884592158,34.0,54.0,72.0,-0.1911109990272127,0.567118797166507,0.8011571980274748,14.488411324502966,-0.1017790058759733,-0.8232506933887245,0.5584794801941091,11.775813681003957,-0.9762774298393461,-0.02519058823047806,-0.21505304985254975,7.792065193916868,82.98826832935544,57.04335494147111,39.36428700629352,19.12570040492712,6.596037792868352,50193.0,186347.74951842538, 0.0, 7.105427357601002E-15,0.0,55.45044589311214, 109.97018417335055,109.97018417335055,0.0, 66.97301010532699, -9.63875341843932, -27.274658673535754, -9.63875341843932, 161.53417065283156, 31.94763082352283, -27.274658673535754, 31.94763082352283, 180.79294978579816, 8.08153768547031, 5.131052426826129, 12.0, 0.0
15, 0 ,1.0,1.0,1.0,183.64391469833004,19.372803263462693,177.18143905592686,9.54621586638802,11.425749304166267,12.198755062649278,37.0,45.0,49.0,0.12320410587158018,0.5418778977477889,0.8313778276023612,12.718017068832564,-0.1916248239605712,-0.8090033152089734,0.5556919675710379,10.9477134730516,-0.9737046139042708,0.2277761618636334,-0.004164726666578758,9.428001970549952,68.94134623318519,58.05210163605608,42.1102623916598,18.442188588240708,5.511196756023176,54911.0,168533.27266064385, 0.0, 0.0,0.0,NaN, 34.11031744558697,34.11031744558697,0.0, 91.13023736767836, 9.664683254912196, 4.1657532709390726, 9.664683254912196, 130.54774716165593, 18.90353045994642, 4.1657532709390726, 18.90353045994642, 148.80962507851137, 8.011434542559325, 5.189509972951243, 4.0, 0.0
16, 0 ,1.0,1.0,1.0,185.62149511053437,14.436112527228067,93.97606247393057,8.485597476596269,8.578282441888668,15.841872448089042,35.0,31.0,69.0,-0.23966360119927824,-0.061213037626719896,0.9689243119484117,16.234938679437953,0.4106546960566735,-0.910726781961053,0.0440391783014377,8.72268906941707,0.8797295487061887,0.40844790689067617,0.24340548163472223,7.543121258624737,74.13294853604738,40.068873065447264,41.28158925782961,18.7039001845794,6.835300632338684,43154.0,122623.8113056774, 0.0, 0.0,0.0,NaN, 96.15946685511146,96.15946685511146,0.0, 72.00536453481695, -4.143660795760677, -47.646127718190634, -4.143660795760677, 73.5869296528154, -13.027563974588128, -47.646127718190634, -13.027563974588128, 250.96492266152268, 7.893311960104111, 5.191820611546436, 7.0, 0.0
17, 0 ,1.0,1.0,1.0,101.12616747181964,85.08408097538532,13.840039107430412,14.450242665817735,17.203471627134537,9.427185397620997,74.0,83.0,38.0,-0.14502014039640496,0.9800293713251577,0.1360573049101836,17.389304618092897,0.9870801513384365,0.1338325673079493,0.08810004972445945,14.400863742413714,-0.06813173792804682,-0.1470757467014151,0.9867759578643599,9.15794638657422,86.49146019036888,72.66797610204885,42.57976909398753,22.9820251157376,8.091186268242268,86940.0,267620.63435904955, 0.0, 0.0,0.0,NaN, 131.17500629590907,131.17500629590907,0.0, 208.8095131010192, -14.739915852530562, 6.429625155631469, -14.739915852530562, 295.95943602562306, 30.59382693955185, 6.429625155631469, 30.59382693955185, 88.87182452111857, 7.670869700668912, 4.863609336650651, 15.0, 0.0
18, 0 ,1.0,1.0,1.0,77.26101080221162,123.56712167228471,126.37606381203484,11.072069833409758,13.740027810023152,14.01233658757159,57.0,62.0,65.0,0.050746972551359584,-0.6723821810225243,0.7384625565458719,14.837112227862919,0.4101425310617308,-0.6601557329688519,-0.6292674411111984,13.272731476051785,-0.9106085047874025,-0.33480831959757457,-0.242271624704792,10.555537464380214,69.28363305850552,62.17594932004579,56.02132009850831,21.626466985500794,6.326183445376978,89889.0,241327.27903561515, 0.0, -1.4210854715202004E-14,-1.4210854715202004E-14,89.94008733912472, 131.26969436792467,131.26969436792467,0.0, 122.59073039590238, -21.240194113575047, -12.635986707583054, -21.240194113575047, 188.78836422020962, -27.08646198099755, -12.635986707583054, -27.08646198099755, 196.34557664339744, 7.265565921060911, 4.5968985716591675, 18.0, 0.0
19, 0 ,1.0,1.0,1.0,182.37922877088081,148.43884881645212,36.28275982177844,10.509113763852676,13.899026571395348,11.332763742631277,43.0,67.0,52.0,0.017633462798281527,-0.9997854782641594,0.010865470162297079,13.900073542027906,-0.43174422811370095,-0.0174156662931184,-0.9018279304047261,11.566510227019167,0.9018236981141305,0.011211245232929544,-0.4319587080961337,10.249865485689384,67.19027719491845,57.93922936588862,49.575780327874654,19.938715904689918,5.873972578445272,68903.0,192996.1768826885, 0.0, 0.0,0.0,NaN, 65.46359713891756,65.46359713891756,0.0, 110.44147210159775, -1.3381147348285791, 11.200999751199896, -1.3381147348285791, 193.1829396323539, -0.506466938898759, 11.200999751199896, -0.506466938898759, 128.43153404629808, 7.8593738690783574, 5.217484560695724, 14.0, 0.0
20, 0 ,1.0,1.0,1.0,151.81298596012823,186.86221763643735,10.453108302317869,13.231615533273152,7.717149921379073,6.718083412714267,65.0,30.0,25.0,-0.9980823094204686,-0.05918557480861788,-0.018132053289068226,13.24886346581018,0.054597002319834165,-0.9797377394301898,0.1926995829624661,7.726859804904102,-0.029169692483673897,0.19134008903205263,0.9810902605620003,6.6727769098974505,65.130224464854,34.964319340386766,29.240877297835908,15.70909722992914,5.743427677809462,27137.0,66588.31900459362, 0.0, 0.0,0.0,NaN, 51.028003299082,51.028003299082,0.0, 175.07564962035536, 6.926917290228092, 2.530549605124483, 6.926917290228092, 59.55440290904102, -2.7250185377025207, 2.530549605124483, -2.7250185377025207, 45.13264474018658, 7.694053430039244, 5.0771306949023645, 5.0, 0.0
21, 0 ,1.0,1.0,1.0,19.15852049353158,84.98623335283155,25.444178422276938,11.415255559270918,11.23603128893939,13.873941382627756,45.0,51.0,58.0,-0.13736605629139984,-0.34735382434458284,0.9276183952963313,14.325877311404746,0.9544233905899407,-0.2969294395964473,0.03014795840088204,11.403058475043272,0.26496520162796755,0.889482000163091,0.37231064087951865,10.666874179974378,66.34771684642531,51.504260552454916,51.65000184737763,20.32793478966811,5.9847953419543645,73511.0,176497.87474638614, 0.0, 0.0,0.0,NaN, 90.75855322000055,90.75855322000055,0.0, 130.3080594834656, -0.24106021222057142, -11.185169718202593, -0.24106021222057142, 126.24839912602496, -29.61124854017309, -11.185169718202593, -29.61124854017309, 192.48624948859094, 8.026872391722135, 4.925520352236752, 10.0, 0.0
22, 0 ,1.0,1.0,1.0,41.136227705944364,174.35427378929026,187.0429637916568,11.759224897834228,13.32914086837773,7.115300980434156,63.0,60.0,30.0,-0.1852215335424592,-0.9807223030021934,0.06226353592796651,13.412277257110729,0.9766893612057136,-0.17672417054247483,0.12184604734520034,11.742532774116539,-0.10849366442218773,0.0833806448772597,0.9905941615213052,6.98545756241194,63.31944705827203,62.92104351839844,33.26397290496644,18.237097455049145,5.829335377563333,46481.0,132527.8487997115, 0.0, 0.0,0.0,NaN, 50.17745798717095,50.17745798717095,0.0, 138.2793701978444, 8.435656254517193, 9.09044455306979, 8.435656254517193, 177.6659962890574, -9.923333937678173, 9.09044455306979, -9.923333937678173, 50.62750804216726, 7.428853320975032, 4.893595367860121, 9.0, 0.0
23, 0 ,1.0,1.0,1.0,67.72941960672284,188.64133695186402,74.63467123744228,13.358441147606204,6.780761493544715,11.439639180897215,64.0,26.0,51.0,0.9901694099539241,0.05680609184074945,0.12781865091323097,13.401718270344324,0.13135314507946783,-0.06357640596438816,-0.989294896318779,11.423032883157312,-0.048071726297589296,0.9963589255556613,-0.0704130712037049,6.723115949330472,65.31649538104071,50.38626297314265,29.434145608094553,17.912661057027133,5.867588497122661,42006.0,96869.36595889536, 0.0, 0.0,0.0,NaN, 101.4230134497379,101.4230134497379,1.9073486328125E-6, 178.44794989405855, 6.847794024541417, 5.928097730913936, 6.847794024541417, 45.97872643233876, 6.339998020837638, 5.928097730913936, 6.339998020837638, 130.8653445891187, 6.944837067983056, 4.74601219902704, 10.0, 0.0
24, 0 ,1.0,1.0,1.0,113.927014757616,83.69083451326142,64.76492913132965,11.33477288755496,12.229557911917,11.189328865262617,54.0,54.0,55.0,0.40618180701599954,-0.8990190386110426,0.16364934422140057,12.511570616996492,0.6108371503224588,0.13393243101978053,-0.7803461281425503,11.281917227076523,-0.6796280714001997,-0.4169254995032196,-0.6035551444804659,10.927908673011775,59.52381388964746,52.190405465152544,51.27792884019587,19.36898599977933,5.299304192886345,68507.0,159298.57701625, 0.0, 0.0,0.0,NaN, 136.40824980714297,136.40824980714297,0.0, 128.47707641245103, -12.911772920047486, -1.280326891315509, -12.911772920047486, 149.5620867209317, -6.283004671032778, -1.280326891315509, -6.283004671032778, 125.20108045499919, 6.964019437823108, 4.510357467689264, 14.0, 0.0
25, 0 ,1.0,1.0,1.0,49.91724744569998,85.05636375938832,77.2925502402057,12.895940605247244,11.895907239007624,11.706006693923982,62.0,65.0,57.0,-0.8451971999874552,-0.08241489935575416,0.5280620015656746,13.601119182655365,0.11847497491718875,-0.9923487725871832,0.034750451264444246,11.891622472571783,0.521157724160102,0.09193311649722245,0.8484945071356509,10.88335232363455,65.0782250409591,66.60838972751898,54.04243350419557,20.24638568836845,5.910359752934049,73895.0,234260.7507978035, 0.0, 0.0,0.0,NaN, 125.30145622122416,125.30145622122416,NaN, 166.30528409406463, 1.9354173406678372, -29.604737198472666, 1.9354173406678372, 141.51260903907396, -3.687847239332142, -29.604737198472666, -3.687847239332142, 137.03059271819305, 7.005527961533611, 4.450521029308459, 14.0, 0.0
26, 0 ,1.0,1.0,1.0,102.18427968655817,21.490042194092826,104.65837251356238,12.19046312525027,12.786056711546387,12.72452836790204,56.0,51.0,61.0,-0.475712823767478,0.6259320641051207,0.6179857283370513,14.137094328529017,-0.12975469524449929,-0.7448261750093452,0.6545209607666933,11.861159045836136,-0.8699776022204131,-0.23117746461550243,-0.4355409871513454,11.552477208813842,74.33793377220107,63.37129144789417,58.60554015328948,20.910322955443473,6.063221381704787,82950.0,276084.30384687876, 0.0, 0.0,-1.4210854715202004E-14,51.83080957251677, 138.2742310978586,138.2742310978586,0.0, 148.6073912080866, -19.072354249293493, -20.133645355543138, -19.072354249293493, 163.4832462308804, 22.160395608151784, -20.133645355543138, 22.160395608151784, 161.91362218554377, 7.186163816872744, 4.658952005586192, 15.0, 0.0
27, 0 ,1.0,1.0,1.0,143.57649919960596,73.02270348479252,113.69675840413743,12.870592998250595,9.98878319965701,11.76318949512534,59.0,47.0,59.0,-0.9141083532735601,0.22716465024047452,0.3358602985716285,13.033268359682856,0.3993853151789012,0.3614826399659356,0.8425091518925519,12.081485258045445,0.06998062942665073,0.904282324655514,-0.4211605261900374,9.3793502364884,59.262622209718984,63.493893996465374,44.279590150123575,19.332331533494447,5.482840369159558,64968.0,166615.89062519462, 0.0, 0.0,0.0,NaN, 126.34942095931353,126.34942095931353,0.0, 165.65216412661727, -8.63344009850118, -5.629623649620788, -8.63344009850118, 99.77578980975015, 23.909159607097095, -5.629623649620788, 23.909159607097095, 138.37262709822716, 6.656163934780623, 4.535706514334864, 15.0, 0.0
28, 0 ,1.0,1.0,1.0,137.1267640466806,141.16240822320117,18.335791019398716,10.538749236010176,13.307878501684073,10.920023658390386,47.0,65.0,44.0,-0.1596980318971531,-0.9745888711695524,0.15707663989477538,13.450782659048823,-0.5299168550597839,-0.04961470142389315,-0.8465970163697517,11.077097296199579,-0.8328773411083553,0.21843743634064866,0.5085276994158738,10.187548464888657,66.17827753612926,52.50913301218149,58.086856079379686,19.37242026526777,5.667549332893336,64695.0,201849.7324514624, 0.0, 0.0,0.0,NaN, 88.04037277091723,88.04037277091723,0.0, 111.06523545950508, 12.502992351209903, 6.5512045420806295, 12.502992351209903, 177.09963021558514, -11.014052959901539, 6.5512045420806295, -11.014052959901539, 119.24691669980575, 7.48956486057605, 4.689511473168482, 8.0, 0.0
29, 0 ,1.0,1.0,1.0,181.53413000850938,94.34091161345222,77.66606237744645,9.928828019902586,9.715664594642503,13.255516428545947,38.0,50.0,66.0,-0.16233978380717987,-0.1251118607002366,0.9787710748206463,13.370781584106027,-0.7432409266302066,-0.6369412572462632,-0.20469186549401874,10.284585981920282,-0.6490290591146981,0.7606923537999273,-0.010412650719958522,9.172457204177297,68.25825011951392,53.014289342038865,48.28634322459287,18.40783825653364,5.462231309009912,54058.0,174731.98537106896, 0.0, 0.0,0.0,NaN, 123.5848421280589,123.5848421280589,0.0, 98.5816258488027, 12.16607196110071, -11.746270396359273, 12.16607196110071, 94.39413851558986, -8.76850537485596, -11.746270396359273, -8.76850537485596, 175.70871578745152, 7.362375532330095, 4.687835220919643, 10.0, 0.0
30, 0 ,1.0,1.0,1.0,59.089822046863674,11.458712456719542,107.51878170545132,11.7014224426549,7.304022608176159,14.011312677074391,57.0,29.0,68.0,-0.05706401667489392,0.12719906645344975,0.9902343639231563,14.108166758825417,0.993950898811285,0.10046194928526515,0.04437349995260642,11.72573151358892,-0.09383660667973115,0.9867764661964611,-0.13216238877856956,7.075010074435447,70.08203207633589,58.49120227481538,32.57444929380116,18.71787813485932,6.019132371493976,49676.0,133528.60643366954, 7.105427357601002E-15, 0.0,0.0,86.72869564922364, 110.34348597873714,110.34348597873714,1.3486991523486091E-6, 136.92328718146777, 7.649553607740529, -4.562219260200555, 7.649553607740529, 53.348746260748456, 19.155417531159536, -4.562219260200555, 19.155417531159536, 196.31688293474554, 6.803369157139864, 4.515881012300801, 12.0, 0.0
31, 0 ,1.0,1.0,1.0,54.42398303255058,151.02233962839253,18.92443388917817,12.2033635193424,13.57544418245226,12.42578107514091,58.0,69.0,49.0,-0.5118911711326681,0.8589210611044843,-0.014900996865058452,14.292827695205713,0.4026173307053402,0.22455281392112222,-0.8873980610615584,12.797738458660984,-0.7588588234527769,-0.46025063232031854,-0.46076310780770524,10.933790197470131,73.17120815641172,64.16010690251764,55.02131001992092,21.072160601309786,6.601427789195779,78739.0,258307.0331278924, -7.105427357601002E-15, 0.0,0.0,59.210117996879205, 75.62351051511533,75.62351051511533,0.0, 148.92208118521694, -33.25755707024788, -15.15777824148566, -33.25755707024788, 184.2926847508769, -9.899009121414434, -15.15777824148566, -9.899009121414434, 154.40003532733, 7.469671041723036, 4.555696656332739, 12.0, 0.0
32, 0 ,1.0,1.0,1.0,90.64957647882395,74.74373118655933,100.53393069653482,11.719988370388727,12.78926158304439,10.611138585399093,56.0,56.0,53.0,0.13924475254015747,0.9836484679107652,0.11422167249185214,12.827131595445552,-0.9491179045377115,0.16547054866480176,-0.2679453317572696,11.799020495266973,-0.28246433788351777,-0.07109985303342803,0.956639278266709,10.47699440228541,58.423724312934866,54.845685419557654,50.52927592748676,19.61585916070502,5.360752811632909,71425.0,161910.41337606605, 0.0, 0.0,-1.4210854715202004E-14,83.44126564243281, 153.93982593910042,153.93982593910042,0.0, 137.358127402047, 2.8763716887419566, 8.360416540477011, 2.8763716887419566, 163.56521183953507, 4.847687328937677, 8.360416540477011, 4.847687328937677, 112.59626207854546, 6.80653907961056, 4.448227175456129, 7.0, 0.0
33, 0 ,1.0,1.0,1.0,12.948500358446841,103.46142945266001,108.20106367016221,8.69091386190098,14.643395649419098,12.140752126288678,35.0,72.0,60.0,-0.061724018631269875,0.9477396063813632,0.313017226395138,14.93586773241351,-0.04072082156655124,-0.3157453003461463,0.9479697885482781,11.807561105236974,-0.99726223242182,-0.04576618626694182,-0.058081804204310424,8.652181107578345,67.37370490903511,55.13290808735055,38.139277742792416,19.859910378268516,6.553078807670219,59981.0,141668.66297851378, 0.0, 0.0,0.0,NaN, 133.84470096401296,133.84470096401296,0.0, 75.53198375498258, -7.840560251091078, -5.355794573662796, -7.840560251091078, 214.42903614542615, 24.64735767661293, -5.355794573662796, 24.64735767661293, 147.39786219198305, 7.216139264656062, 4.538687641328308, 17.0, 0.0
34, 0 ,1.0,1.0,1.0,31.802462893492088,39.95460773120209,104.03309411189039,10.15398859525074,11.74958133071124,11.657126425938065,45.0,57.0,54.0,-0.227614965679467,-0.8056881449726507,0.5468619939703832,12.020355258006557,-0.12488777334688904,-0.5328111499610264,-0.836967934000858,11.499507599397548,-0.9657093100240836,0.2588028043274209,-0.02065519317439648,10.015843788343343,59.75696372102063,58.019143203249726,48.1683483123787,18.718385414323933,5.163989720228062,61310.0,167001.96775706837, 0.0, 0.0,0.0,NaN, 108.70793140697444,108.70793140697444,0.0, 103.10348439248209, 10.22463308159496, -2.161575553921, 10.22463308159496, 138.05266144699814, -5.226829213612734, -2.161575553921, -5.226829213612734, 135.88859651030359, 6.923231050308932, 4.479120132912099, 10.0, 0.0
35, 0 ,1.0,1.0,1.0,22.212986677014616,177.26222998318457,100.83968438753072,12.966060669670178,12.89072949403993,11.217237926583403,52.0,59.0,57.0,0.691998199410031,0.7021885790761098,0.16754011886216663,14.22278444082712,-0.6786178198742294,0.5535963219907022,0.4827100235415822,11.793585979718381,0.2462038719484787,-0.44773017733166137,0.8596053406907941,10.896779128183518,77.04592419346034,61.2145436662386,59.2143762093884,20.55464700003336,6.133722326913411,77310.0,279274.60354140715, 0.0, 0.0,1.4210854715202004E-14,80.3551729462505, 104.13064464803499,104.13064464803499,0.0, 168.11872928956785, 32.95231045268248, 3.020524600632728, 32.95231045268248, 166.17090688851093, 15.266719420664643, 3.020524600632728, 15.266719420664643, 125.8264267015811, 7.186673981691838, 4.610101859456731, 11.0, 0.0
36, 0 ,1.0,1.0,1.0,132.65922158037853,42.19663415360056,32.33850566160257,11.746690480051592,11.047836618840144,15.617757986508881,63.0,50.0,65.0,0.4711396768595938,0.058166183184112555,0.8801386822668513,16.968880259501205,0.313115412673044,-0.9438668740275652,-0.10523337141810984,11.185871770870584,0.8246127231829659,0.3251646033122684,-0.4629058624791314,9.533476342878954,77.93732440604899,50.74027227765383,51.11488774728383,21.257286423911275,7.216756169338355,73919.0,202136.94472048225, 0.0, 0.0,0.0,NaN, 85.79694237255119,85.79694237255119,0.0, 137.9847372341347, -4.7180533512466765, 80.58465289865536, -4.7180533512466765, 122.05469395658521, 13.488721711719919, 80.58465289865536, 13.488721711719919, 243.91436452516194, 6.5181793721854415, 4.251363984845802, 12.0, 0.0
37, 0 ,1.0,1.0,1.0,18.797349897823477,131.65465957377793,16.621606279801487,10.939645291135658,14.163146783839869,9.776927993921277,51.0,66.0,42.0,0.10064736760129846,-0.9927463544512778,-0.06576308325060894,14.203568828425905,0.9202360857478583,0.11801462125010673,-0.37314621217245925,11.118592020586009,0.37820054717357177,-0.022961378331697174,0.9254388803279877,9.512856086933652,67.72749051011138,58.51527476819187,47.26987203105443,19.430838336934272,6.188813168832171,61658.0,187334.88555896078, 0.0, 0.0,0.0,NaN, 72.80593187699836,72.80593187699836,0.0, 119.67583909586656, -7.51767862443881, -12.112135157382303, -7.51767862443881, 200.59472682059362, 5.803997251221572, -12.112135157382303, 5.803997251221572, 95.58832099832152, 6.936310684414323, 4.4288767290545, 8.0, 0.0
38, 0 ,1.0,1.0,1.0,98.2825531306415,134.52792821777754,16.510715498596888,10.474574988252222,12.833086131888697,10.814061905857303,48.0,58.0,44.0,-0.06221713678048891,-0.9362287492515533,0.3458392068081773,13.177519426677094,-0.715608131592986,-0.1996984006332867,-0.6693471078465216,11.435403033489235,0.6957255420701715,-0.2891302091781115,-0.6575482432884965,9.32380260290403,65.64445423544846,62.30087114036445,47.0194100972733,18.868066806608166,5.9451501863478855,55947.0,192295.59577146813, 0.0, 0.0,0.0,NaN, 119.24200669063508,119.24200669063508,2.3360154559928683E-6, 109.71672118451902, 11.315325410358199, 19.130777510825855, 11.315325410358199, 164.688099668474, -22.217232254929208, 19.130777510825855, -22.217232254929208, 116.94393490371407, 7.11422798048822, 4.5289837571558245, 7.0, 0.0
39, 0 ,1.0,1.0,1.0,145.81410872229768,103.43351442673999,82.94018948554013,9.510553965684563,12.85765222114146,11.112195382242358,45.0,62.0,49.0,-0.11893834319640637,0.9577998217154142,0.2616737893630437,13.035688644151183,0.043528699319606456,-0.2582612371010385,0.9650939776760525,10.957674246398396,-0.9919470363145594,-0.1261769984306252,0.010974616795171126,9.447271578065065,64.77730420660926,49.475401275296576,46.20661369929854,18.748264918620297,5.268140670900632,60374.0,148086.79623814955, 0.0, 0.0,0.0,NaN, 138.3483718062013,138.3483718062013,0.0, 90.45063673419837, -9.537262192147208, -1.2162396628307972, -9.537262192147208, 165.31922063982395, 12.538781935849245, -1.2162396628307972, 12.538781935849245, 123.48088621312841, 7.538130522607537, 4.497066433626802, 12.0, 0.0
40, 0 ,1.0,1.0,1.0,29.64694059567626,146.43535116258622,126.97968771590438,15.524843021534537,11.325499959076197,10.830371563151044,66.0,65.0,56.0,-0.9722068088365347,-0.2329310868128255,0.023601475548722453,15.746334813313762,0.2317519177851577,-0.9431426979111097,0.23827064439383852,11.030953286267433,-0.03324108083054392,0.23711803004653442,0.9709119786942932,10.814603918102776,71.109462705173,63.11265962024268,56.920910490333284,21.100886700056346,6.429403458616988,79607.0,255455.77059391397, 0.0, 0.0,0.0,NaN, 95.28944693839847,95.28944693839847,0.0, 241.02075084328962, 28.630899038723527, -2.744681963354914, 28.630899038723527, 128.26694932303494, -1.7822306728063566, -2.744681963354914, -1.7822306728063566, 117.29694819591077, 7.234150553331926, 4.481475106043865, 12.0, 0.0
41, 0 ,1.0,1.0,1.0,124.55977248874294,73.85362426786742,165.95481937908386,10.301376150785474,9.912266467705384,13.217477186194392,48.0,46.0,64.0,-0.08835985193229595,-0.02519419701077892,0.9957699478310664,13.238073757806418,-0.8100623124390494,-0.5799202534976304,-0.08655373792705538,10.642254172693349,-0.5796478124968673,0.8142835820647664,-0.030832798240993563,9.516769914262174,64.33501836381437,51.81634777646855,47.35298869878419,18.716309507221,5.3640319466119335,59074.0,157856.19236328074, 0.0, 0.0,0.0,NaN, 110.92637228342215,110.92637228342215,NaN, 106.11835059997176, 10.846994493518949, -5.859666980863857, 10.846994493518949, 98.25302652679659, -0.9855211570076988, -5.859666980863857, -0.9855211570076988, 174.7017031675692, 7.282230838581854, 4.567306444509415, 15.0, 0.0
42, 0 ,1.0,1.0,1.0,179.35352731492995,83.16073945121445,20.576888004642296,11.487701425575853,10.880674055888218,11.204584054580915,50.0,53.0,45.0,0.8770455235454984,0.47655623530328023,-0.060706706568284974,11.733011221829592,-0.06806489038582086,-0.0018252046131676525,-0.9976792266680141,11.203127729151511,-0.475561058462075,0.8791420950117707,0.030835960383063955,10.617223391384528,64.5263144150208,47.54644551588132,55.78454763442997,18.655982147523005,5.277630709050939,60315.0,171146.81880167898, 0.0, 0.0,0.0,NaN, 88.12147150589186,88.12147150589186,0.0, 131.9672840431775, 10.424762541353818, -0.45960346386464507, 10.424762541353818, 118.38906791047897, -0.6981833574568044, -0.45960346386464507, -0.6981833574568044, 125.54270383616888, 6.9622517212043205, 4.407611170581259, 8.0, 0.0
43, 0 ,1.0,1.0,1.0,149.98645998101867,112.92668459348307,130.28487820310028,12.176555238042402,11.33019637685784,10.556813159000418,60.0,56.0,52.0,0.8978699866677589,-0.4278083373133285,0.10396881054645019,12.41542370245479,0.43985249012514643,0.8614985232994449,-0.2536731780925679,11.129331420966464,0.018954523785802813,0.2734964732461476,0.9616862300927331,10.492063090170454,63.42139673596472,61.89907457573577,49.33730272093504,18.971928880833158,5.3060405217013,63220.0,193684.72052918666, 0.0, 1.4210854715202004E-14,0.0,64.6714480761962, 122.24285111314111,122.24285111314111,1.3486991523486091E-6, 148.26849746509788, -11.702748465485282, 2.575559249317516, -11.702748465485282, 128.37334993816253, -4.970872975777148, 2.575559249317516, -4.970872975777148, 111.44630407404439, 6.412788802962332, 4.32417038852679, 16.0, 0.0
44, 0 ,1.0,1.0,1.0,10.125112492841364,167.51507404074286,161.71465679456762,6.704452148815324,15.892876668708373,11.564077726406804,27.0,69.0,66.0,0.0446134429832543,0.9818756738018044,0.18420043947133413,16.0418596273293,9.743020745807823E-4,-0.18442670268537448,0.9828457875333587,11.375140505562896,-0.9990038495624769,0.043668667633135545,0.009184553690809052,6.67278197311076,74.24105031680449,65.59578576719737,28.23707304831973,19.54222781939036,7.025840372522673,48892.0,137511.72293348968, 0.0, 0.0,0.0,NaN, 51.220658155951675,51.220658155951675,0.0, 44.949678615754415, 9.307090977926341, 1.8301448987079956, 9.307090977926341, 252.58352880677498, 23.10678225358738, 1.8301448987079956, 23.10678225358738, 133.72789366237797, 7.712352954312656, 4.776292848399118, 6.0, 0.0
45, 0 ,1.0,1.0,1.0,118.05087549362939,178.36432456597868,31.478965799865883,10.447598679791152,10.88264511629256,14.062395450392739,57.0,46.0,61.0,0.12526013555964982,0.13118502992462555,0.983412622637748,14.164185194749782,-0.06817977907186085,-0.9877380013348265,0.14044628312915625,10.819487723330846,-0.9897784682267496,0.08464117581152757,0.1147800295868215,10.3754417678425,64.66935679763432,50.29156164182149,56.652708133612705,19.73276541486365,5.996100214828374,67105.0,184252.90248711436, 0.0, 0.0,-3.552713678800501E-15,10.450297252973655, 90.41397428869097,90.41397428869097,NaN, 109.15231817397382, 2.161585514220232, 11.362682523794726, 2.161585514220232, 118.43196472716629, 10.688923986660882, 11.362682523794726, 10.688923986660882, 197.7509658032264, 6.257740091694848, 4.1791804842368805, 8.0, 0.0
46, 0 ,1.0,1.0,1.0,16.035213889264924,150.0021828888588,60.838144713686205,10.279539907256854,10.267798651938623,13.5133306963096,40.0,49.0,66.0,-0.10615298844591776,0.062421706626326755,0.9923885698585295,13.553806731501401,0.6926637430017798,-0.7114028602858967,0.11883984814787057,10.606196622606587,-0.713406253248992,-0.7000067863377478,-0.03228028665197116,9.874697598264872,65.62284989572723,52.485313523290515,53.26001289709238,18.97474400205629,5.802225988868296,59096.0,183440.04584856695, 0.0, 0.0,0.0,NaN, 80.36286239648898,80.36286239648898,0.0, 105.66894070488625, -7.953610102066417, -7.847082360044414, -7.953610102066417, 105.42768915675259, 4.072947057870723, -7.847082360044414, 4.072947057870723, 182.6101065078233, 6.958392807535289, 4.3993434291814255, 10.0, 0.0
47, 0 ,1.0,1.0,1.0,120.72240917970353,152.84134149744736,110.45108918692647,12.270597301689712,12.369909141099084,9.29099007186222,66.0,56.0,45.0,-0.5812308626187705,-0.8135655013855037,0.01678866566447923,12.484977505378444,0.8109385221397468,-0.5773973709322292,0.09482082761900429,12.177425652230989,-0.06744922274751318,0.06872736715387066,0.9953527773381927,9.259608414468978,58.39790158359847,60.11202114613544,44.94111115858999,18.963182144537488,5.5047642790443625,60917.0,157761.99094482738, 0.0, 0.0,0.0,NaN, 128.5608140369317,128.5608140369317,0.0, 150.56755814023484, 3.876653228521345, 4.125283880541147, 3.876653228521345, 153.01465215904668, -4.382474892203473, 4.125283880541147, -4.382474892203473, 86.32249651544232, 6.628734029039765, 4.4180318923539454, 14.0, 0.0
48, 0 ,1.0,1.0,1.0,113.16056250364694,28.644642405617255,65.50648668624667,9.50241184900218,13.933298467772198,9.660410888508824,44.0,57.0,52.0,0.29494141784811395,-0.9503596223446039,0.09912693001786355,14.358409095263742,-0.13819441076590644,-0.145077782452287,-0.9797217675808736,9.624019416413455,-0.9454691242292412,-0.27526173954211125,0.1741238348803597,8.886535556697241,61.686509899902646,54.151536848566785,42.83499221803544,18.554247354679397,5.78757987212811,51413.0,143086.8353160556, 0.0, 0.0,0.0,NaN, 112.48423552304611,112.48423552304611,0.0, 90.29583094805702, -35.37866926766304, 5.566976297921368, -35.37866926766304, 194.13680619202307, -10.042080567994043, 5.566976297921368, -10.042080567994043, 93.32353853481986, 6.452403087462749, 4.144319653703496, 7.0, 0.0
49, 0 ,1.0,1.0,1.0,142.12481405285646,37.31313498971356,127.58110460515904,12.6525835845954,9.741165992371432,11.96325666495602,59.0,45.0,63.0,-0.9882337435915236,0.14298234931490725,-0.05431496857655929,12.715511926616019,0.027708717304425094,-0.18187677823321313,-0.9829308543966103,12.029421088183252,-0.15042039427027928,-0.9728704360416638,0.17577491192908418,9.576350088367654,57.72096891917057,62.553400313599354,44.50591707556745,19.194728611129857,5.446107769114735,63190.0,160694.97239713196, 0.0, 0.0,0.0,NaN, 99.93149454194081,99.93149454194081,0.0, 160.08787136517296, -10.154956411835268, 2.312610032902504, -10.154956411835268, 94.8903148909337, 8.931566437374837, 2.312610032902504, 8.931566437374837, 143.11951003161465, 6.838688521063352, 4.552023771067155, 11.0, 0.0
