// Sample: .//bubblelabels.tif, Map: .//bubblelabels.tif, Thickness:(8.191250068658265):/gpfs/home/mader/Foam/NewValid/InSilicoTest/LatticeData_OldFoam/out_Step_07000.vtk/distmap.tif, Neighbors:(1.0):
//LACUNA_NUMBER, TRIANGLES, SCALE_X, SCALE_Y, SCALE_Z, POS_X, POS_Y, POS_Z , STD_X, STD_Y, STD_Z,PROJ_X, PROJ_Y, PROJ_Z, PCA1_X, PCA1_Y, PCA1_Z, PCA1_S, PCA2_X, PCA2_Y, PCA2_Z, PCA2_S, PCA3_X, PCA3_Y, PCA3_Z, PCA3_S,PROJ_PCA1, PROJ_PCA2, PROJ_PCA3,OBJ_RADIUS, OBJ_RADIUS_STD, VOLUME, VOLUME_BOX, Mask_Grad_X,Mask_Grad_Y,Mask_Grad_Z,Mask_Angle, Mask_Distance_Mean,Mask_Distance_COV, Mask_Distance_STD, SHAPET_XX, SHAPET_XY, SHAPET_XZ, SHAPET_YX, SHAPET_YY, SHAPET_YZ, SHAPET_ZX, SHAPET_ZY, SHAPET_ZZ, Thickness, Thickness_STD, Neighbors, Neighbors_STD
1, 0 ,1.0,1.0,1.0,79.06159542874327,135.9421149580843,39.64180669899628,18.397824013182007,17.64931591494063,19.29355368361142,99.0,93.0,88.0,0.4196648366214232,-0.38091545345405003,0.8238839980382004,19.790484139975757,0.8037081205709897,-0.26588174594458097,-0.5323158405511785,18.333267850579144,-0.4218230456385247,-0.8855564998877011,-0.19456362371954966,17.15947323935318,97.97260853222315,93.32079133909605,93.66997782004405,30.74490292179732,8.773279817548683,266010.0,856413.4939947844, 0.0, 0.0,0.0,NaN, 162.1803543262126,162.1803543262126,0.0, 338.4799284200165, -24.44323353854674, 15.789079347532393, -24.44323353854674, 311.4983522653766, -24.61279448309718, 15.789079347532393, -24.61279448309718, 372.24121374239587, 7.659219378052804, 6.203236907440868, 44.0, 0.0
2, 0 ,1.0,1.0,1.0,57.9959961944026,262.1854898385264,13.46007426200481,21.691595491738482,21.231888585925784,9.046336217124193,117.0,95.0,38.0,0.7568797651781185,0.6514106375905058,-0.05288858381396733,23.046307493449245,0.6509909588768253,-0.7585987768585133,-0.027178432798805743,19.790832014158465,0.05782553522923534,0.01385918405602257,0.9982304996806868,8.963553199505963,115.77546825744292,111.45119109945944,41.34446556639098,29.665572018135915,11.095424448502758,151356.0,533480.6146422935, -7.105427357601002E-15, 0.0,0.0,40.81010831700169, 70.53117291291869,70.53117291291869,0.0, 470.5253149772093, 68.507448709283, -23.55350428788594, 68.507448709283, 450.79309292516564, -9.111707397828603, -23.55350428788594, -9.111707397828603, 81.83619895325285, 7.456307012696377, 5.878382483012107, 23.0, 0.0
3, 0 ,1.0,1.0,1.0,260.811201576921,140.88220186336912,127.04647741672372,18.664264110187688,17.476674115098042,15.858608491968758,92.0,103.0,81.0,0.865371056339082,0.4073281940921052,-0.2919189564729326,19.091279935588727,-0.4827681073657374,0.8338602459415447,-0.26760426892859984,17.472846237107163,-0.13441684924549382,-0.3725061510042088,-0.9182435832081508,15.346238333778052,113.22551744185193,92.31705369163541,83.13707844944528,28.73978056192573,8.905580803859024,205971.0,869002.4648842268, 0.0, 0.0,-1.4210854715202004E-14,73.02712387197552, 193.71206505459045,193.71206505459045,3.814697265625E-6, 348.35475477484016, 17.36453764782806, -23.563499874719458, 17.36453764782806, 305.43413812533794, -30.909406268057506, -23.563499874719458, -30.909406268057506, 251.4954633015436, 6.359104770253329, 5.494819574413302, 47.0, 0.0
4, 0 ,1.0,1.0,1.0,79.69840741276965,16.819632257130447,263.7422759519328,18.409048661047606,10.7750186836819,19.05026963942012,84.0,46.0,81.0,-0.3804150655522546,0.11948272545540166,0.9170650228956626,19.19070629399896,-0.911658024488439,0.11822750584345199,-0.39357579098297296,18.451412795229754,0.15544781853313344,0.9857718474270732,-0.06395186106364979,10.448398507456785,105.33218228505632,95.01145149546699,49.339970647297264,26.99749459689212,9.436215293426555,138140.0,493782.75872096955, 0.0, 0.0,0.0,NaN, 89.15917634513404,89.15917634513404,0.0, 338.89307260481866, -36.70619285437543, -7.409174021214495, -36.70619285437543, 116.10102763369402, 17.629966321256006, -7.409174021214495, 17.629966321256006, 362.912773334612, 7.063968621859921, 5.7384947892242515, 19.0, 0.0
5, 0 ,1.0,1.0,1.0,188.6131983726457,113.31967038594998,236.65632786470172,15.698133960007482,15.43202414433799,16.754787208974452,77.0,92.0,85.0,-0.196577034439548,-0.13557002244082667,0.9710706660930223,16.796452006269238,-0.7629852581184537,-0.6008720567419924,-0.23834065394003512,16.053892638789613,-0.6158010761803433,0.7877649017581586,-0.01467971842679394,15.015105879716444,86.57402932489026,85.60658435461829,79.45085042816882,26.61460203414507,7.547491768783738,173779.0,588834.6395104503, 0.0, 0.0,0.0,NaN, 171.05785007632971,171.05785007632971,0.0, 246.43140982634017, 16.306438660613615, -4.948198306990461, 16.306438660613615, 238.1473691914307, -2.838112346946087, -4.948198306990461, -2.838112346946087, 280.7228944180139, 6.846018431098754, 5.66687966991515, 39.0, 0.0
6, 0 ,1.0,1.0,1.0,277.41003166704365,205.8650129432758,208.30365804619368,13.795426685241733,16.99010152525092,17.083326025320925,56.0,101.0,84.0,-0.2115468155104271,0.6468227634259903,0.7327129434924443,17.93448706126976,-0.08776383829295747,-0.75922283855156,0.6448861838416129,16.29948094519462,-0.9734194643294761,-0.07211791827053764,-0.21737882217189225,13.546160715125358,89.77861640419582,88.32385142772726,63.24731941487107,26.55326182818149,8.108123188369404,159156.0,501525.5124748998, 0.0, 0.0,0.0,NaN, 133.34137236868003,133.34137236868003,0.0, 190.31379742787968, -13.427673978142385, -26.06415982078314, -13.427673978142385, 288.6635498383337, 25.239223085930764, -26.06415982078314, 25.239223085930764, 291.84002808740723, 8.136878167757846, 6.012528729245513, 32.0, 0.0
7, 0 ,1.0,1.0,1.0,261.66117446215065,276.93281316686404,25.993616138785864,19.2047456194284,13.913804147969012,16.960943041297256,81.0,61.0,72.0,0.8985904850666586,0.23868583975557475,0.3681904534990596,19.76765642298307,-0.42274832526140194,0.24613205325018067,0.8721828167600703,16.873666429699202,-0.11755421573192137,0.9393870779731994,-0.3220759601408132,13.213967223633565,98.28088265089235,93.21313932588181,63.95553853184251,27.713021750990173,9.059702779572238,166357.0,585901.140282282, 0.0, 0.0,0.0,NaN, 51.74580883498681,51.74580883498681,0.0, 368.82225430695433, 34.902979417538674, 30.91448611888223, 34.902979417538674, 193.5939458680397, 42.63368928018184, 30.91448611888223, 42.63368928018184, 287.67358885012976, 7.160909977208931, 5.770929594409682, 19.0, 0.0
8, 0 ,1.0,1.0,1.0,156.4641762087065,177.80801877804146,14.383200235591664,17.300843513546138,17.09655320170912,9.484898348558708,82.0,81.0,40.0,-0.7517273909820592,-0.6594131580284316,-0.008956375733344114,17.923579487570432,-0.6553129874647765,0.7453922063070461,0.12229205712843125,16.5274620024254,-0.07396497892445995,0.0977995183816593,-0.9924537450667511,9.336107992772078,88.72387409436084,88.31449560129225,44.683773481648814,24.854166175676554,7.9903090086319,115454.0,350124.3626479346, 0.0, 0.0,0.0,NaN, 189.0510233651483,189.0510233651483,0.0, 299.3191862802115, 25.187412005352577, -13.329404644495538, 25.187412005352577, 292.2921313788704, 18.3369275488235, -13.329404644495538, 18.3369275488235, 89.96329668249173, 8.657141848550651, 5.879519759324852, 17.0, 0.0
9, 0 ,1.0,1.0,1.0,44.466166150468496,257.6754273336731,214.8366624848081,16.74058508718612,21.185472277952098,15.161002932584358,84.0,88.0,91.0,-0.22091548736323308,0.946132281796762,0.2367066809051172,21.689622450679842,-0.9112316013952545,-0.28674410697642627,0.29569373637757707,16.716157369096006,0.347639635343419,-0.15037128202001762,0.925491848414642,14.458831051700162,99.03987122882535,89.98732138533641,88.27247526860319,29.478437802687676,9.484152009336784,204056.0,786713.669808667, 0.0, 0.0,0.0,NaN, 104.98287212795594,104.98287212795594,0.0, 280.24718906131824, -36.245262818482765, -32.629678530427604, -36.245262818482765, 448.8242356398768, 52.571264716701464, -32.629678530427604, 52.571264716701464, 229.85600992183151, 7.465394651890064, 5.441993759232494, 31.0, 0.0
10, 0 ,1.0,1.0,1.0,276.94363931109297,209.14585034676938,286.0369318528089,14.540223607568969,19.561091107056665,8.609179037983465,66.0,105.0,38.0,0.31910867045778024,0.9471107025482108,-0.0339260011982323,20.121871733656857,0.9473094813543435,-0.3198177654107417,-0.017926055445765567,13.768917726700742,0.027828096859698004,0.02641806287967355,0.9992635703250935,8.584843279544383,109.33899255175336,70.89204517014534,39.93296504411029,23.954734511796243,9.71303485188419,82043.0,309530.9862596039, 0.0, 0.0,0.0,NaN, 94.76834676996167,94.76834676996167,0.0, 211.41810255810594, 64.98719466625369, -5.553371123833581, 64.98719466625369, 382.6362852985713, -9.97732806637567, -5.553371123833581, -9.97732806637567, 74.11796370805389, 6.755841330058681, 5.448163598104615, 15.0, 0.0
11, 0 ,1.0,1.0,1.0,14.27753129306927,168.87900013215776,12.44850567334378,9.131397121432792,17.875488701076353,8.167793197643826,35.0,87.0,33.0,0.030803881842954312,-0.9987019399011251,0.0405654545288774,17.893696602897478,0.9810530792234221,0.02244316978437718,-0.19243481981250432,9.155553492132787,0.1912746104678996,0.045724603527627486,0.9804709501166234,8.10060599876618,87.36409265305849,40.55543000959185,38.05574230783929,20.2152126573096,7.808555092391273,52967.0,134834.85702904483, 1.7763568394002505E-15, -2.8421709430404007E-14,0.0,18.269113458132693, 132.4821867258634,132.4821867258634,0.0, 83.38241338931108, -7.430575678115055, -3.118678297773184, -7.430575678115055, 319.53309630230837, -10.391744428409158, -3.118678297773184, -10.391744428409158, 66.71284571947675, 9.110509984389772, 5.7233311257849095, 11.0, 0.0
12, 0 ,1.0,1.0,1.0,22.798614775725593,131.52670844327176,188.98843667546174,14.616484104593281,16.44678110022711,16.21392255116757,65.0,76.0,77.0,-0.5038870960216171,-0.04645255798530122,-0.8625195385146492,16.93340472878572,0.17991383806498354,0.9710075765413597,-0.15740170638211762,16.59684271048302,-0.8448247187053821,0.23449188931794157,0.48092072996334206,13.595371159644735,88.98335647583647,79.87851212917664,68.37847034107276,26.10905940215792,8.083719302928996,151600.0,486024.4656161996, -3.552713678800501E-15, 0.0,0.0,59.74249684993316, 173.61629837481075,173.61629837481075,1.9073486328125E-6, 213.64160757982805, 18.216592406154806, 41.72337712204393, 18.216592406154806, 270.4966085587876, -9.767372560019481, 41.72337712204393, -9.767372560019481, 262.89128449526027, 6.62737398047128, 5.154987284777292, 26.0, 0.0
13, 0 ,1.0,1.0,1.0,123.24034775238864,234.84915280049262,78.01138869208818,14.569089487107126,15.222685816727457,16.351457276997312,78.0,77.0,78.0,-0.13740500630865168,0.5347903415549722,0.8337380612763433,17.129408179654167,0.9314838403469676,-0.2164709332406303,0.2923665340533959,14.533264307190331,0.33683485480838293,0.8167861566171692,-0.4684043711845235,14.377979379305822,82.19138703748419,71.54760944020839,72.81324593738148,25.612934304293354,7.438836156500865,151027.0,428185.37448604405, -1.4210854715202004E-14, 0.0,0.0,82.10228715966501, 159.7454004677797,159.7454004677797,0.0, 212.25836848333537, -7.27550966055792, -8.70858454537256, -7.27550966055792, 231.73016347479532, 38.368923816159935, -8.70858454537256, 38.368923816159935, 267.3701550814684, 6.442445629987548, 5.098173072351873, 33.0, 0.0
14, 0 ,1.0,1.0,1.0,191.2871160643609,279.56312650380505,60.51993447916422,16.452152650308484,12.373040974912607,15.345656868498526,76.0,55.0,83.0,-0.8814259690879959,0.09999124584552545,0.4616167368841246,16.80517762240158,0.47148673882420095,0.24437354795857189,0.8473380813884498,15.168407596235973,-0.02808052937904363,0.964511959393143,-0.2625417377435317,12.11445709041883,80.92126076830863,74.22714572380127,61.53514836599686,24.59000372499742,7.3882590185936445,127593.0,369614.20480091847, 0.0, 0.0,0.0,NaN, 126.09052066378956,126.09052066378956,0.0, 270.67332682905254, -2.3557450357028307, -21.907732240089, -2.3557450357028307, 153.09214296686633, 23.514394894215357, -21.907732240089, 23.514394894215357, 235.489184725696, 6.949905389720099, 5.533936307912956, 28.0, 0.0
15, 0 ,1.0,1.0,1.0,175.0089597551494,100.42078761924743,11.08009478088092,15.138526364990147,18.797708542971495,7.500714882705754,82.0,87.0,30.0,0.018115211376577785,-0.9987227239686816,-0.04716735889743141,18.815638303366995,0.9946579592087247,0.02279622861964935,-0.1006770884732768,15.197508665814823,0.10162373393807785,-0.04509160220371278,0.9938004649381005,7.334646297607066,86.74395529426266,84.20616506467056,33.58486211746366,23.713108982441423,8.745170845015013,81029.0,245316.45469733622, 0.0, 0.0,0.0,NaN, 160.71671732558866,160.71671732558866,0.0, 229.17498050350179, -1.4146353998145766, -17.9979285047442, -1.4146353998145766, 353.3538464665035, 13.736416447828335, -17.9979285047442, 13.736416447828335, 56.260723751643596, 6.81838574374978, 5.105811335320537, 23.0, 0.0
16, 0 ,1.0,1.0,1.0,218.72787251825162,28.854734348449373,262.88495536035515,15.479700563550375,17.126440699713488,17.076306722254024,80.0,72.0,79.0,-0.4702901727807623,-0.6130190999810524,0.6348501684998289,18.682930034450504,0.05592939860508862,-0.7386244844782145,-0.6717929541912182,16.3455235741561,-0.8807377905810069,0.2804308363709524,-0.3816536260207339,14.432890779917125,94.44106979312234,89.72652727010075,72.98453372845614,27.500342812742407,8.262414721633787,180669.0,618461.394204887, 0.0, 0.0,0.0,NaN, 93.8897275442419,93.8897275442419,0.0, 239.6211295371818, 38.14404249894282, -44.23276361582804, 38.14404249894282, 293.3149710408027, -25.563540765529485, -44.23276361582804, -25.563540765529485, 291.6002512724979, 7.575335790612676, 5.5148906741605135, 36.0, 0.0
17, 0 ,1.0,1.0,1.0,156.4857707968064,258.00384710127076,280.4167185892513,18.347056111381015,17.86399499619971,11.011668548365813,88.0,84.0,49.0,-0.7398169029500907,0.6711146216682552,-0.04770864379136735,20.446151767434326,-0.6721723958970258,-0.7403393079457365,0.009054242347113035,15.439508029569849,0.029244149900255124,-0.038766914934041906,-0.9988202571049051,10.980441662582203,95.99610783828152,70.69382981083464,51.01993974850552,26.43943135332575,8.828935332771572,138026.0,346238.27577464684, 0.0, 0.0,0.0,NaN, 150.809534688271,150.809534688271,0.0, 336.61446795416344, -89.07131224764257, 9.782594839445366, -89.07131224764257, 319.12231722424826, -10.314239908212354, 9.782594839445366, -10.314239908212354, 121.25684421906887, 7.2913594807515985, 5.402416755566782, 27.0, 0.0
18, 0 ,1.0,1.0,1.0,273.415085888924,66.6127094530509,239.37579697544524,15.270719226082646,16.141069985999643,15.060185030242224,68.0,83.0,78.0,0.5380431827799564,-0.7398870368335548,0.4038275698731768,17.01256021115154,-0.43473053867350403,-0.6540258185828167,-0.619079629265672,15.06054554684515,0.7221626494140077,0.15753539714215953,-0.6735456231307593,14.293038235912851,82.87786721939966,73.61134473259494,77.02267909654182,25.757897214949054,7.554396745202488,151824.0,469896.2061300688, 0.0, 0.0,0.0,NaN, 93.91115328507205,93.91115328507205,0.0, 233.19486568185013, -27.486411566888616, 24.56144137031997, -27.486411566888616, 260.53414029293856, -16.315695396273654, 24.56144137031997, -16.315695396273654, 226.80917314513195, 5.9901022660510765, 4.85125300213385, 29.0, 0.0
19, 0 ,1.0,1.0,1.0,40.93084731921604,85.37903384771344,35.94940442667267,13.721454454748468,13.722495848366131,17.86707693263749,67.0,71.0,81.0,0.17755962838719133,0.043815699846361786,0.9831341530096369,17.997592911722755,0.07238436430472643,-0.99688381423748,0.03135545750797776,13.713652443669181,0.9814443856740961,0.0655960773088414,-0.18017789118115837,13.558762068017206,83.1020212198352,70.55192426865813,64.21889618492845,25.28453544583821,7.517307368127463,142048.0,376515.8704667877, 0.0, 0.0,0.0,NaN, 101.27819785951192,101.27819785951192,0.0, 188.27831235373657, 0.7849406502453985, 24.461477808087523, 0.7849406502453985, 188.30689230842572, 5.901857937201038, 24.461477808087523, 5.901857937201038, 319.2324381167868, 6.707958723876837, 4.9111395630972465, 20.0, 0.0
20, 0 ,1.0,1.0,1.0,69.89808951669643,63.73580281276336,159.82034807753269,14.664311070547939,14.398515365960598,14.336199124556304,72.0,68.0,71.0,-0.6986082294957536,0.5780887678218903,0.4216158419687008,14.832325782623295,0.7010027843108484,0.43496300281690187,0.565156865453249,14.521485323062956,0.14332354331806818,0.6903771162912861,-0.7091105691160451,14.036183425230764,78.31360184737028,76.82702822521927,79.43642538731896,24.110708619204917,6.8234594698201,129339.0,477937.30021667184, 0.0, 0.0,0.0,NaN, 169.11040858378783,169.11040858378783,0.0, 215.04201917379484, -5.056258229342782, -1.2789954459987747, -5.056258229342782, 207.31724474380346, 9.008660297028637, -1.2789954459987747, 9.008660297028637, 205.5266053389289, 6.867327479855681, 5.099636905163067, 31.0, 0.0
21, 0 ,1.0,1.0,1.0,66.09904896655338,42.28889828901498,34.599333401403214,14.715603028903125,13.45492127198614,16.54263425341878,77.0,68.0,75.0,-0.10867133469625437,0.0504057593865361,0.9927989728217901,16.57718513978887,0.9118300149369576,0.4028257320314048,0.07935649610101543,14.968186920608115,-0.395924948538738,0.9138876785656044,-0.08973709428418244,13.129849204499315,78.47614939331993,80.62358315367129,63.59520681824456,24.86570730097022,7.2759348131112445,137114.0,402368.6768569447, 0.0, 0.0,0.0,NaN, 85.75866757711977,85.75866757711977,0.0, 216.54897250426282, 18.41187240060742, -7.311263232962756, 18.41187240060742, 181.03490643534514, 6.7760929248917465, -7.311263232962756, 6.7760929248917465, 273.6587480423843, 6.38807231943518, 4.923956512354687, 21.0, 0.0
22, 0 ,1.0,1.0,1.0,25.985447629476475,281.63606826646685,134.14266366013732,15.629276391325998,11.674129534196402,19.667244200226875,64.0,47.0,109.0,0.10200496910787814,-0.07270016902841221,0.9921238187346079,19.75162685788763,0.9643368244860907,0.2520830374227145,-0.08067608805476818,15.816446437622592,-0.24423242048790988,0.9649708947253168,0.09582117258538515,11.272680864887567,107.22345152010134,72.88988650176398,56.970644101076516,26.28222435054538,8.752414439271785,138809.0,445254.3658817435, 0.0, 0.0,0.0,NaN, 137.86490376834436,137.86490376834436,0.0, 244.2742805164602, 27.9707501523545, 17.045409019541022, 27.9707501523545, 136.2853003811967, -21.476626586753635, 17.045409019541022, -21.476626586753635, 386.8004944313576, 6.554953336087915, 4.892877667235208, 16.0, 0.0
23, 0 ,1.0,1.0,1.0,282.5150900776817,103.74085174370558,169.21597708115254,11.065007963648895,13.414409570863643,15.460033453418815,46.0,68.0,76.0,0.0072183134204552475,-0.06997888131480651,0.997522356702491,15.468766132525953,0.37449309199326336,-0.9247633485476426,-0.06758456356503324,13.814594123886996,-0.9272016069877622,-0.37405307825611994,-0.019531375948244917,10.54834978946021,76.59871323833406,71.21075950977281,55.053619631733795,22.221298244842416,6.89980608894817,90755.0,300298.36655533337, 0.0, 0.0,0.0,NaN, 167.84620057165043,167.84620057165043,0.0, 122.43440123561349, -27.622991531739554, -1.0922845089818212, -27.622991531739554, 179.94638413487812, -3.9627175916301622, -1.0922845089818212, -3.9627175916301622, 239.01263438082887, 6.8807066590272, 5.209216332945033, 14.0, 0.0
24, 0 ,1.0,1.0,1.0,33.51474149807846,181.70596766006815,207.40166775433252,15.568111331345085,15.324095713075655,14.481615672666965,69.0,73.0,75.0,-0.7088134082954408,0.6909291463839102,-0.14212834656676157,16.710537121505272,-0.5147314144173736,-0.3688481318556962,0.7739525997362194,14.960373032932303,0.48232263396246533,0.6217459049352587,0.617087438264421,13.55936503549479,95.2388574042817,78.68366949768871,67.38729648012884,25.092413538666555,7.568485657265477,137910.0,504983.06641694007, 0.0, 0.0,0.0,NaN, 153.91935264807634,153.91935264807634,0.0, 242.36609042515525, -39.1281359745633, -6.308343053761526, -39.1281359745633, 234.82790942350368, -20.773318632164575, -6.308343053761526, -20.773318632164575, 209.7171924908335, 6.517797968776541, 4.9264322246329035, 34.0, 0.0
25, 0 ,1.0,1.0,1.0,124.39516610874209,187.529509981257,115.77541967113825,14.162087723129478,14.096319696641716,14.58103309102541,70.0,72.0,70.0,-0.49159472858089004,-0.5953514675420171,0.6355243920787362,14.950926863138413,-0.5930337148130366,-0.3055405169670161,-0.7449536935854324,14.386533902710545,-0.6376877260278192,0.7431026998922121,0.2028613849069702,13.46755032915668,77.81670512815411,71.52271311963065,66.74377742232822,23.77902193768144,6.814367128097235,122179.0,371473.2975128003, 0.0, 0.0,0.0,NaN, 203.7835034449695,203.7835034449695,0.0, 200.56472867761465, 16.975811952912736, -1.8616704764502985, 16.975811952912736, 198.7062289899292, -10.123570954290654, -1.8616704764502985, -10.123570954290654, 212.60652600157798, 6.375959252670907, 4.78685953641911, 30.0, 0.0
26, 0 ,1.0,1.0,1.0,276.983866215856,205.81057534477196,11.844414203341797,15.048794519941898,18.250488312205967,7.598190284205191,62.0,85.0,32.0,0.5312167089020396,-0.8469869698985518,0.020539742095654012,20.047256336554955,0.8411161372192217,0.5301331921651856,0.10715615835856696,12.608629733383903,-0.10164866891751068,-0.039646833250848154,0.9940300180178052,7.510592876416266,101.72623819257004,68.62537964935035,34.73862160494715,23.057230554004278,9.254358698033768,71279.0,242510.37704482905, 0.0, 0.0,0.0,NaN, 97.68152475812823,97.68152475812823,0.0, 226.4662165034333, -109.70895829561655, 13.014170742208002, -109.70895829561655, 333.0803236339666, -0.1837247916845279, 13.014170742208002, -0.1837247916845279, 57.732495594990155, 7.262881723514124, 5.383191028095022, 11.0, 0.0
27, 0 ,1.0,1.0,1.0,30.66985763377516,14.355516691212568,72.38063532973327,17.996853362193576,9.115134351068656,15.108613376360061,71.0,37.0,95.0,-0.9315342822648905,0.028043483664717397,0.36257060552281684,18.470717583476375,0.3626623323689637,-0.0019222783423636404,0.931918632460301,14.532485001315496,-0.026831206568820185,-0.9996048558655173,0.008379647017630288,9.103959302009926,83.3117632993137,88.00329971412789,38.7091009078063,23.89949179674292,8.003555159556509,97776.0,283803.905133193, 0.0, 0.0,0.0,NaN, 79.91043359589254,79.91043359589254,0.0, 323.8867309402982, -6.836758726145853, -43.869570155827745, -6.836758726145853, 83.0856742380318, 2.396321544173815, -43.869570155827745, 2.396321544173815, 228.2701981563262, 6.566436080682082, 5.125376363648635, 16.0, 0.0
28, 0 ,1.0,1.0,1.0,235.6062214509914,273.7931286736248,96.27771965192538,14.088504493408454,13.799012518418088,14.458815240437586,83.0,61.0,81.0,-0.5356607991119566,-0.5419160469068509,0.6476067528983865,15.64372335568289,-0.6926907933796946,-0.1566322908441773,-0.7040211575172396,13.640202558330692,-0.482956491893161,0.825707771290641,0.29147847839676605,12.9296108696252,78.59763730730901,100.05827645539358,67.71631332246457,23.49373873876998,6.7823508885731405,117561.0,532544.3906705237, 2.8421709430404007E-14, 0.0,0.0,57.61126371534755, 118.75503409081522,118.75503409081522,1.9073486328125E-6, 198.4859588607902, 24.56029045081384, -17.695005351718898, 24.56029045081384, 190.4127464834591, -25.134516192148734, -17.695005351718898, -25.134516192148734, 209.05733815711022, 5.930081739199208, 4.702932100204056, 25.0, 0.0
29, 0 ,1.0,1.0,1.0,135.46478730121865,24.092591651727066,249.63348744710655,15.298303379653534,14.05383815234635,15.869906038658238,75.0,61.0,82.0,0.5921886424995546,-0.12844002138739768,0.7954971857904586,16.74318107678557,0.7181991128438793,0.5317709977100961,-0.4487868539793404,14.638034040466154,0.36538013903987615,-0.8370918509341811,-0.40715425466865335,13.740313593372951,84.90571556846564,69.73697101246167,67.1922635328352,25.036450582833265,7.521868982995456,137777.0,397849.922842518, 0.0, 0.0,0.0,NaN, 146.51944293438345,146.51944293438345,0.0, 234.03808629591876, 2.767223182376896, 34.91074972128613, 2.767223182376896, 197.51036681234586, -15.432615018201012, 34.91074972128613, -15.432615018201012, 251.8539176758412, 7.483520717780901, 5.246423085595207, 22.0, 0.0
30, 0 ,1.0,1.0,1.0,20.17961077397728,254.1792261012239,83.35433855912578,12.230070002512337,16.690422314363595,15.921364082133262,51.0,82.0,86.0,0.2092236024693116,-0.9607112979304895,-0.18237128666124655,16.86544765436957,0.12960540069331272,0.21209730337016114,-0.9686161128198475,15.993766589557037,0.9692409010565378,0.17902104885130354,0.168889134604005,11.890784214276648,86.32603858701299,87.17741262995017,56.92655276954352,24.892962928726014,7.872422763234136,127381.0,428411.05873298354, 0.0, 2.8421709430404007E-14,0.0,16.114013788460962, 97.23531132413443,97.23531132413443,NaN, 149.57461226635212, -25.609058760489326, -19.821134328465345, -25.609058760489326, 278.57019703180623, 1.5592392169566431, -19.821134328465345, 1.5592392169566431, 253.48983423584312, 6.459484212662307, 5.164474822393945, 17.0, 0.0
31, 0 ,1.0,1.0,1.0,167.18141668566219,11.014317870982449,221.41419250056987,15.33948141209689,7.549901056489769,16.606178827594135,78.0,31.0,88.0,0.48640166915411603,0.034918072752907765,0.8730373098781704,17.154098547143537,-0.8735584724189231,-6.682901336508753E-4,0.48671875724427827,14.734024573212885,-0.017578723196161102,0.9993899547141346,-0.030177920857355916,7.530690148966029,83.31004601545783,73.01742487422267,32.90689447017887,22.33351109657888,8.323470028052892,70192.0,200175.43701034546, 0.0, 0.0,0.0,NaN, 154.71851993904357,154.71851993904357,0.0, 235.299689992066, 4.1282578674337564, 32.68560053421687, 4.1282578674337564, 57.00100596278532, 7.189547762378845, 32.68560053421687, 7.189547762378845, 275.76517525403574, 6.703270650089826, 4.789914147704389, 16.0, 0.0
32, 0 ,1.0,1.0,1.0,59.565489963945545,112.59767888213241,158.88147769466718,13.865271253737694,12.840582541446855,14.494267583534835,71.0,65.0,70.0,0.5939123804504963,0.17016162268596927,0.78632887935806,15.226696144316769,-0.6652477563598357,-0.4457905749913504,0.5989291994109869,13.258850339787966,-0.45245276770711595,0.8788149892973827,0.15156090386511853,12.631734319652894,75.3426329885495,65.63701058682683,65.01068484149826,22.926637588827564,6.448208169493871,111498.0,321495.0773168934, 0.0, 0.0,0.0,NaN, 190.1071335377224,190.1071335377224,0.0, 192.24574693972482, 12.120950589272079, 27.291744693837767, 12.120950589272079, 164.88056000370977, 5.337757864961039, 27.291744693837767, 5.337757864961039, 210.08379278310878, 6.718030498974019, 4.933917289983858, 25.0, 0.0
33, 0 ,1.0,1.0,1.0,144.93469369530274,153.1992587962136,58.31269869619575,13.226650687142028,14.109401134681889,14.169733895079922,65.0,68.0,67.0,0.4371199122746202,0.6148510407617892,0.6564178394644475,14.909358604704714,-0.01013995763152098,-0.7264217289964567,0.6871743977339592,13.738773455552009,-0.899346075519463,0.3070336615355768,0.311298838950288,12.796795589902613,76.32030789332319,70.34192042235854,64.08783629544571,23.061396489985697,6.555367218400076,111980.0,344056.64021175494, 0.0, 0.0,0.0,NaN, 214.3755906901847,214.3755906901847,0.0, 174.94428839967466, 15.915120374859155, 16.620322964505633, 15.915120374859155, 199.07520037936257, 11.145639882048808, 16.620322964505633, 11.145639882048808, 200.78135865737684, 6.1103474751985125, 4.701486238741059, 19.0, 0.0
34, 0 ,1.0,1.0,1.0,24.51180388355586,14.42870245875155,264.03317594821925,13.775693137514805,9.10974199284711,19.568482885895687,50.0,41.0,79.0,0.08073573487460627,0.0468621790895733,0.9956333046283825,19.617189403053423,-0.9956877902052801,-0.04199698051023252,0.08271685477669607,13.737315958419966,-0.04568988455208838,0.9980181309971277,-0.0432694424578932,9.062818172846434,82.25146158416709,54.71434356006192,42.10396141190471,24.172636820042268,8.447856072234423,95943.0,189481.9197045086, 0.0, 0.0,0.0,NaN, 45.85442635821368,45.85442635821368,0.0, 189.7697214189725, 5.601951100814749, 15.554067813583451, 5.601951100814749, 82.98739917624204, 13.752972494854145, 15.554067813583451, 13.752972494854145, 382.92552245559244, 6.239281101589021, 4.813873369985552, 10.0, 0.0
35, 0 ,1.0,1.0,1.0,53.76509546959769,18.951472556894245,164.3396921017403,15.439503080020664,11.991861853053562,15.527735370407786,88.0,48.0,81.0,-0.6686352774814235,0.18138921083172302,0.7211274643925194,16.44180501797716,0.7381834246841518,0.04517942372941971,0.6730854709418818,14.615652651000598,-0.08951031911973514,-0.9823730319310083,0.16410706537428835,11.804377032703679,89.41081251999142,74.55774573991462,52.78061359818176,23.829121929589,7.447584833950032,113544.0,351849.7485045588, 0.0, 0.0,0.0,NaN, 147.15149656724628,147.15149656724628,0.0, 238.37825535796756, -13.40975590046615, -26.255625416247405, -13.40975590046615, 143.8047507027212, 19.392708584166193, -26.255625416247405, 19.392708584166193, 241.11056573341304, 6.352103782169017, 4.745130575354281, 20.0, 0.0
36, 0 ,1.0,1.0,1.0,129.40052761837418,93.11350140970201,209.80870660973466,13.939819188756815,12.87729459676287,14.43564824269133,66.0,67.0,69.0,0.45723309289259045,0.2053877284551581,0.8653055990596068,15.0619849763153,-0.7501798202090685,0.6116529712204449,0.25121878940137304,14.353155698866047,0.4776694841780929,0.764000342799159,-0.4337457090137058,11.647091713862714,69.59496500995766,71.16596529530989,58.33629062164839,22.94339038615936,6.49092080694227,110307.0,288927.5639397044, 0.0, 0.0,0.0,NaN, 183.16410700816118,183.16410700816118,0.0, 194.3185590152327, -23.71849117265488, 22.826688544474255, -23.71849117265488, 165.8247161318182, 27.021059345700007, 22.826688544474255, 27.021059345700007, 208.3879401867173, 6.73625813357489, 4.825044353669538, 27.0, 0.0
37, 0 ,1.0,1.0,1.0,282.37605329601803,256.15345927255396,246.86282562183757,11.016922079028804,14.629503215250217,16.5213053757159,44.0,78.0,92.0,0.21376993591930538,0.39722316949089415,0.8924775448809144,17.13002265633739,-0.1055359106080008,-0.8988585421039784,0.425341619006242,14.24208612813741,-0.9711666108702444,0.18511368103497777,0.15022762403926995,10.586490176170365,97.47371187134229,80.29997728081473,53.32270841268388,23.363085147085922,7.906625079509272,98619.0,417364.1358918279, 0.0, 0.0,0.0,NaN, 71.11035038644953,71.11035038644953,0.0, 121.37257209539236, 24.010371322139463, 30.527233585703488, 24.010371322139463, 214.02236432501647, 29.595037437401412, 30.527233585703488, 29.595037437401412, 272.9535313176591, 6.247461583269628, 4.855499146195551, 15.0, 0.0
38, 0 ,1.0,1.0,1.0,133.76522715575726,278.25663219950405,54.41570205399336,13.877072517862238,12.64107658086863,14.991055163578407,63.0,54.0,75.0,-0.18425411472404352,0.014135964692377476,0.982776981674619,15.028847869310994,-0.9487078567859659,0.2588025143041995,-0.18158926472235098,13.924854079572007,0.25691209329231357,0.9658268131979155,0.03427452739456937,12.543279646510985,73.91136114485857,68.69941924455777,60.243447097693604,23.019394082677366,6.870894393990708,106865.0,305896.1986105131, 0.0, 0.0,0.0,NaN, 146.03759334283745,146.03759334283745,0.0, 192.57314166600742, -9.156892853105948, -6.110189970218076, -9.156892853105948, 159.79681712338532, -0.7664401705964257, -6.110189970218076, -0.7664401705964257, 224.7317349174508, 6.109631002640929, 4.629088779368175, 15.0, 0.0
39, 0 ,1.0,1.0,1.0,200.19541365743734,175.12757900958644,190.74100001847097,14.265084702033512,12.491347463816854,14.305171061611995,73.0,66.0,67.0,0.8604170209624818,0.28998891076654276,-0.41903338968449966,14.526249292939958,-0.3955823134512736,-0.1382816272503765,-0.907960805789284,14.257682757097554,-0.3212431840873609,0.9469871293726341,-0.004265381576369363,12.242176522060937,74.31068679868352,66.48784513827317,64.37678685736955,22.84088696388796,6.515996072959431,108278.0,318070.08837066556, 0.0, 0.0,0.0,NaN, 193.6274930271548,193.6274930271548,0.0, 203.49264155619053, 18.1770401719293, -2.860330070659083, 18.1770401719293, 156.03376146180375, -0.7236204423350574, -2.860330070659083, -0.7236204423350574, 204.63791910198125, 6.625503241480774, 4.841048929318788, 33.0, 0.0
40, 0 ,1.0,1.0,1.0,103.9616885325124,217.57706144511465,276.43919922679027,14.935716570467301,15.09747638637173,12.781597990487779,77.0,73.0,56.0,-0.6669919488863147,0.7343288009721103,0.12602758501097294,16.18675821012062,0.7396030186849739,0.6321178014173013,0.23111568506579358,13.868835562952697,0.09005062394514374,0.24736268351192225,-0.9647292821993485,12.650016943692052,90.31101246638485,64.76842675535391,64.86432563038997,23.6409738919146,7.448692727087872,111742.0,379411.04236038995, 0.0, 0.0,0.0,NaN, 134.74674324683474,134.74674324683474,0.0, 223.07562947333153, -34.84204327784952, -3.048198422348904, -34.84204327784952, 227.933793237052, 14.160517580303727, -3.048198422348904, 14.160517580303727, 163.3692471904412, 5.346695469632907, 4.365390437817985, 23.0, 0.0
41, 0 ,1.0,1.0,1.0,175.55437795369798,280.6281082374524,173.537248997986,13.59293899840534,11.119511976866635,16.233054163528234,71.0,48.0,77.0,0.3125795817088853,-0.10137395909511081,0.9444666884099624,16.54817159711257,0.9214571075524536,-0.2090958541400152,-0.32740757890208166,13.364507892976878,-0.23067467143092152,-0.9726264669434203,-0.028052660504773487,10.93030330160907,78.75932283698796,70.3323733827536,53.593803781426345,22.86404197898489,7.011360001971208,100298.0,296873.7705212531, 0.0, 0.0,0.0,NaN, 178.47915964601665,178.47915964601665,0.0, 184.7679906143688, -16.285994758889263, 27.73177275683463, -16.285994758889263, 123.64354660368053, -10.731496264881777, 27.73177275683463, -10.731496264881777, 263.5120474760413, 6.585782522696634, 4.920059691914019, 28.0, 0.0
42, 0 ,1.0,1.0,1.0,241.0322494778656,94.1278512633605,187.07307834063639,13.384837702418428,12.46519187872701,13.392904079087693,63.0,63.0,69.0,0.7281537966373145,-0.3987169840723725,0.5575094753050357,13.98650606730695,0.510646259026781,-0.2269922616669986,-0.829285783843697,13.118510746633435,-0.45720066336852405,-0.8885377199396389,-0.03831805918688187,12.09078543291776,65.11798386465136,66.56512116203429,61.85921271804068,21.843728679332568,6.062696260648647,97676.0,268134.10746848024, 0.0, 0.0,0.0,NaN, 158.39740408402545,158.39740408402545,NaN, 179.1538803200818, -17.35549911421009, 9.09697165349743, -17.35549911421009, 155.3810085734818, -6.111886259857866, 9.09697165349743, -6.111886259857866, 179.36987967164376, 6.80650417563324, 4.746085221076668, 19.0, 0.0
43, 0 ,1.0,1.0,1.0,118.51772153049995,169.23974315831597,271.94098280142975,14.464575282884923,12.654592830493133,14.315613199226053,70.0,62.0,63.0,-0.9603075861002882,-0.2530091168374681,-0.11745521221028085,14.614744108449063,-0.0681846842045244,-0.19538594386692468,0.9783533011030114,14.364743376507292,-0.2704814021668902,0.947528743488215,0.17037925738034462,12.42428434403013,76.7272853123425,68.34756474516965,57.30805044587248,23.020779096959767,6.659066665727352,109951.0,300530.4711939187, 0.0, 0.0,0.0,NaN, 178.69528122542567,178.69528122542567,NaN, 209.22393811424544, 15.08293567549247, 3.212781102594976, 15.08293567549247, 160.1387197055682, -8.17679972574783, 3.212781102594976, -8.17679972574783, 204.93678126985517, 6.058056944528783, 4.529704924705733, 18.0, 0.0
44, 0 ,1.0,1.0,1.0,91.94289394200506,268.16543160606255,42.30605618089632,12.356592803565302,15.378467496659287,14.102883015265913,62.0,64.0,64.0,0.19569429434100782,0.8253362855938138,-0.5296449365797634,15.95667452216871,0.4738658058084875,-0.5524329967216174,-0.685761607425384,14.166584520865037,-0.858577277388499,-0.11678099081348901,-0.4992066295000217,11.522429379604064,81.66267966229273,69.44161541955535,59.06884462701451,23.261318923871773,6.854560490875414,110251.0,334966.91863106575, 0.0, 0.0,0.0,NaN, 106.09777509844506,106.09777509844506,0.0, 152.6853857131218, 1.8987452031433982, -34.702552088280626, 1.8987452031433982, 236.49726254580614, -27.53171543735064, -34.702552088280626, -27.53171543735064, 198.89130934227578, 6.81011647510686, 4.674606317870808, 15.0, 0.0
45, 0 ,1.0,1.0,1.0,51.292916309625824,187.38015188937615,47.942310600332675,15.797818291797837,11.649997361396567,15.108786325263178,74.0,62.0,75.0,-0.977562290816383,-0.2075547535715176,-0.03595819577915728,15.962951849199511,0.05644202949966845,-0.09362798930496453,-0.9940060849535416,15.142881052723316,0.2029439944412846,-0.9737324190395302,0.10324200323337307,11.37744466947127,74.90218295482886,73.67198670472831,60.92506753775922,23.77392245467455,6.9548211078891455,119034.0,336196.25847435475, 0.0, 0.0,0.0,NaN, 132.7126919239642,132.7126919239642,0.0, 249.57106278066234, 24.909481694920174, -1.195637748053466, 24.909481694920174, 135.72243852054697, 10.2293756659805, -1.195637748053466, 10.2293756659805, 228.27542422245963, 6.662818193756141, 4.743047758599685, 27.0, 0.0
46, 0 ,1.0,1.0,1.0,280.2577949332934,235.07552278518963,51.51267613551192,12.049758378675484,13.464105515674797,16.72878537856165,49.0,62.0,79.0,0.29455687782374096,0.044385802216143806,0.9546026117125169,17.154089182510457,0.024096386827153073,-0.9989481444026861,0.03901242028260606,13.456067836063422,0.9553301051828134,0.011511097083243455,-0.29531658398290855,11.445633983026012,89.03585057192396,61.1969936408849,59.920215820038294,23.456213332351968,7.49247159960653,106736.0,326488.8607094839, 0.0, 0.0,0.0,NaN, 85.19682039345405,85.19682039345405,0.0, 145.19667698446003, 0.9294138345329853, 45.9533541022267, 0.9294138345329853, 181.2821373372245, 4.966434170960761, 45.9533541022267, 4.966434170960761, 279.852260241978, 6.195378186459845, 4.524236890984945, 14.0, 0.0
47, 0 ,1.0,1.0,1.0,187.2182594720736,67.12209673513418,61.887017590207606,12.28023794591939,13.044221096552333,13.5148361990606,62.0,66.0,73.0,0.0529286655057828,0.364647303887598,0.9296401992896408,13.590360145078355,-0.3150808540991056,-0.8772922292524311,0.36205303461437566,13.05274027514597,-0.9475877857739383,0.3120748119615008,-0.06845947700091604,12.187486531201841,70.66174991010907,67.00551570269658,59.777893628326495,21.562213001145633,6.2191410986431155,90846.0,283032.0065575897, 2.8421709430404007E-14, 0.0,0.0,86.96599312534849, 145.10375533679303,145.10375533679303,0.0, 150.80424400839848, 6.734705610987437, -0.7119387180354034, 6.734705610987437, 170.15170401574096, 5.322239844235382, -0.7119387180354034, 5.322239844235382, 182.65079748743875, 5.833736340747475, 4.523835768409133, 32.0, 0.0
48, 0 ,1.0,1.0,1.0,232.12338450746026,242.728030650514,288.33484877101154,16.75352233273852,16.64708289575741,6.620428182771584,85.0,89.0,27.0,-0.7223611436707845,-0.6914642790065464,0.008457480274459339,17.913961750829863,-0.6908612976110989,0.7221553352157898,0.034674764346397394,15.39962431787888,-0.030083975431186686,0.019204756632845307,-0.9993628629006228,6.601325175525112,87.62627934133025,68.9750488166515,27.57870495006989,23.14990627793567,8.106650858266876,74126.0,166686.43445272633, 0.0, -2.8421709430404007E-14,0.0,46.25386870499791, 89.57337303621942,89.57337303621942,0.0, 280.6805105535683, 41.94965911650949, -6.331402299593788, 41.94965911650949, 277.12536893821897, 3.225272525478179, -6.331402299593788, 3.225272525478179, 43.83006932323626, 7.693986277118162, 5.183056714124852, 16.0, 0.0
49, 0 ,1.0,1.0,1.0,81.08664186070301,280.3614254478499,121.3419770608769,12.128286591456773,11.53713907878959,13.39505521572954,62.0,48.0,63.0,-0.39537288899536177,0.2811131869415327,0.8744459130072233,13.80910582737003,0.7991500040835503,-0.36404698548380554,0.4783608087348034,11.971639229346549,-0.45281293005028317,-0.8879443498822034,0.08071729611148101,11.207893129895249,70.90561731142219,60.44717270206119,55.67976853936099,20.582012125768674,6.000766188997488,78207.0,238645.9431685492, 0.0, 0.0,0.0,NaN, 147.2568928632159,147.2568928632159,0.0, 147.09533564451016, -12.383060580697732, -15.73071766676256, -12.383060580697732, 133.10557812333388, 12.91355858679186, -15.73071766676256, 12.91355858679186, 179.42750423244314, 6.856360009369828, 4.803077656716394, 18.0, 0.0
