// Sample: .//bubblelabels.tif, Map: .//bubblelabels.tif, Thickness:(8.191250068658265):/gpfs/home/mader/Foam/NewValid/InSilicoTest/LatticeData_OldFoam/out_Step_07000.vtk/distmap.tif, Neighbors:(1.0):
//LACUNA_NUMBER, TRIANGLES, SCALE_X, SCALE_Y, SCALE_Z, POS_X, POS_Y, POS_Z , STD_X, STD_Y, STD_Z,PROJ_X, PROJ_Y, PROJ_Z, PCA1_X, PCA1_Y, PCA1_Z, PCA1_S, PCA2_X, PCA2_Y, PCA2_Z, PCA2_S, PCA3_X, PCA3_Y, PCA3_Z, PCA3_S,PROJ_PCA1, PROJ_PCA2, PROJ_PCA3,OBJ_RADIUS, OBJ_RADIUS_STD, VOLUME, VOLUME_BOX, Mask_Grad_X,Mask_Grad_Y,Mask_Grad_Z,Mask_Angle, Mask_Distance_Mean,Mask_Distance_COV, Mask_Distance_STD, SHAPET_XX, SHAPET_XY, SHAPET_XZ, SHAPET_YX, SHAPET_YY, SHAPET_YZ, SHAPET_ZX, SHAPET_ZY, SHAPET_ZZ, Thickness, Thickness_STD, Neighbors, Neighbors_STD
1, 0 ,1.0,1.0,1.0,78.93036614450115,135.92805588624728,39.68292491267774,18.078267611258273,17.271278107643543,18.989848418172237,98.0,91.0,87.0,0.41095444869265574,-0.3833520457966599,0.8271382291269282,19.54333880518008,0.8388740170874048,-0.19622169988166815,-0.5077277104425055,17.9358065256693,-0.35694092586218723,-0.902517730285153,-0.24094589011971218,16.79582992473717,95.59014876614927,90.99240904436085,90.06268952904549,30.214875733661202,8.532082667228329,254517.0,783363.2846819421, 0.0, 0.0,0.0,NaN, 162.11469275283162,162.11469275283162,0.0, 326.8237598242699, -22.246419946517932, 17.07442912743518, -22.246419946517932, 298.29704747156717, -27.713908940951008, 17.07442912743518, -27.713908940951008, 360.61434294515857, 7.904146219391694, 6.222701781676467, 42.0, 0.0
2, 0 ,1.0,1.0,1.0,56.96809172832345,262.3423684694498,13.657327372784247,19.868260691734218,21.147518226405566,9.120600523887914,110.0,95.0,38.0,0.5430199584993816,0.8378791368366724,-0.055568666757111786,22.021866573954497,0.8370653088417113,-0.5453744880878705,-0.04345499369030318,18.941292188511788,0.06671576579085955,0.02291767433066459,0.9975087903363119,9.023054183344987,106.12397151839943,100.98720091636491,41.79572886577924,28.569056461073433,10.43837520360439,141374.0,447931.63201070693, 0.0, 0.0,0.0,NaN, 69.64182133333938,69.64182133333938,0.0, 394.7477829147111, 56.99052459551057, -22.26576171163999, 56.99052459551057, 447.2175271361556, -12.21593050700678, -22.26576171163999, -12.21593050700678, 83.18535391634448, 7.7242296345223425, 5.952327238283202, 24.0, 0.0
3, 0 ,1.0,1.0,1.0,260.81438505251003,140.1942368698397,127.10356898861885,18.1540818096153,16.666863739572225,15.226955278790095,89.0,89.0,75.0,-0.949261837224802,-0.2572012921629104,0.18096811790567538,18.29812644784617,0.30724792955907426,-0.8812324764832871,0.3592047218130566,16.872704311410402,0.06708706410520081,0.3965814137108073,0.9155449241456596,14.82247003856954,99.23955460838329,86.47338156738985,79.26070156977113,27.7567455353354,8.293267004779274,188821.0,680182.0412498617, 0.0, 0.0,0.0,NaN, 193.24920108495732,193.24920108495732,0.0, 329.5706863502051, 10.51121757545053, -12.603508688580018, 10.51121757545053, 277.78434691346746, -25.927849636568766, -12.603508688580018, -25.927849636568766, 231.86016706227355, 6.717636359007778, 5.581312230442263, 42.0, 0.0
4, 0 ,1.0,1.0,1.0,78.40149390773507,17.06722584807802,260.9891720640908,16.873318209858127,10.616131184238565,17.76480408067797,81.0,45.0,80.0,-0.5565266180205108,0.1983024336002348,0.8068173698321554,18.584367604964907,0.8094891749308393,-0.08926496601142847,0.580309436001835,16.303460885978495,-0.1870972984958412,-0.9760675748487925,0.11084534371977556,10.090481486027558,110.48121870679661,91.67319867123749,50.41574709575493,25.287406459524387,8.575922533919782,120891.0,510619.09149324463, 0.0, 0.0,0.0,NaN, 89.21843498604443,89.21843498604443,0.0, 284.7088674111298, -38.72892060606804, -32.32992898127067, -38.72892060606804, 112.7022413209625, 30.473608445915506, -32.32992898127067, 30.473608445915506, 315.5882640248727, 7.589164404152844, 5.8687778755362405, 21.0, 0.0
5, 0 ,1.0,1.0,1.0,188.26553121114594,113.19081839652105,236.3057758318114,15.94636382310138,14.990292205777349,16.259954399586594,81.0,89.0,83.0,0.2674933754996146,0.17760123113139062,-0.9470507361089139,16.281486718016115,-0.8846934455424313,-0.34417324597073307,-0.314423733474796,16.12459879043946,0.38179156810762943,-0.9219558446360556,-0.06505858178083732,14.774708144947027,82.96738273086274,83.85037390984269,84.68978325141104,26.251208419457466,7.365836896665125,168097.0,589173.7852993264, 0.0, 0.0,-2.8421709430404007E-14,18.72849027848004, 171.32923590907967,171.32923590907967,NaN, 254.28651917871647, 14.923483589066235, -0.2519158834060023, 14.923483589066235, 224.70886041458914, -3.356990699305838, -0.2519158834060023, -3.356990699305838, 264.3861170766354, 7.015440250712184, 5.682391102764192, 39.0, 0.0
6, 0 ,1.0,1.0,1.0,274.8658428123391,205.9724816271123,208.42808828348078,15.177636801320586,16.188346394453358,17.380179439409773,61.0,88.0,86.0,-0.31261962243556496,0.3632453612054697,0.8776797703211306,17.946369287865085,-0.16531148181655886,-0.9306969601217878,0.32630550470330244,15.906373788256861,-0.9353828551175494,0.043081039713209986,-0.3510027611990686,14.812459535726065,93.09253959194581,85.74021876121714,73.52589411371349,27.00432603209609,8.07838045390859,170904.0,586867.1221412937, 0.0, 0.0,2.8421709430404007E-14,28.636270294552077, 133.63500695669444,133.63500695669444,0.0, 230.360658872801, -6.488086535444286, -29.981380142280784, -6.488086535444286, 262.06255898681104, 22.52519718202744, -29.981380142280784, 22.52519718202744, 302.07063734608215, 7.769763406417726, 5.977186579106588, 34.0, 0.0
7, 0 ,1.0,1.0,1.0,264.04458535195215,280.05761612995155,27.181127101738387,18.56161955017328,11.690420170197312,16.09991649792826,80.0,51.0,69.0,0.9814357620368019,-0.10172882970492865,-0.16258871486701382,18.692467608677806,-0.157457041670523,0.05664317603748492,-0.9859000104659466,16.02984128690904,0.10950399546869824,0.9931982661157096,0.03957371806059127,11.57768536178242,84.87160773964874,74.95043628043872,56.39340512983881,25.916813210108398,8.290099417605918,140360.0,358727.7001232257, 0.0, 0.0,0.0,NaN, 49.28797203633234,49.28797203633234,0.0, 344.5337203253749, -22.598408105879543, -15.28532696924109, -22.598408105879543, 136.66592375575613, -3.3018792738086247, -15.28532696924109, -3.3018792738086247, 259.2073112402625, 7.063686581719725, 5.717242632384611, 17.0, 0.0
8, 0 ,1.0,1.0,1.0,277.07373948393655,206.71622155722432,285.10916944271924,13.118849486864578,16.012799827534078,8.87639295033129,53.0,83.0,39.0,0.04335282183381903,0.9875341553054776,-0.15131696846071374,16.14862141958409,0.9977036907193059,-0.05068346294497041,-0.044928077067477465,13.122605789655255,0.0520372786002546,0.14902173898126853,0.987463742598622,8.621111617455714,82.57227439602809,55.47243297016672,44.317088235602455,21.34747588869976,7.182589725553997,70844.0,202993.75598472753, 0.0, -2.8421709430404007E-14,0.0,9.056297377366983, 97.20706546592649,97.20706546592649,0.0, 172.10421185900702, 3.0330932553929975, -5.610571130494744, 3.0330932553929975, 256.40975831667544, -27.63912621426794, -5.610571130494744, -27.63912621426794, 78.79035180869103, 6.967193849955221, 5.680040143244175, 12.0, 0.0
9, 0 ,1.0,1.0,1.0,154.38082583071193,178.19721951043135,15.22860397006183,16.868104146048914,16.480629199578125,9.573125127848456,82.0,78.0,41.0,-0.7438895872416907,-0.6681964430254816,0.011907792468847257,18.413659860879253,0.6674539726107268,-0.7437247197882743,-0.03713132938654089,14.740754330526642,0.03366714183808451,-0.01967370590273297,0.9992394452064565,9.562222194881656,87.57086851029138,74.39088451369638,41.89182351902834,24.248303764680994,7.733599779222131,110628.0,272903.2104644472, 0.0, 0.0,0.0,NaN, 190.45411940835643,190.45411940835643,0.0, 284.5329374819526, 60.612395975932294, -5.312588903882442, 60.612395975932294, 271.6111388139871, 1.5052095182158687, -5.312588903882442, 1.5052095182158687, 91.64472471344351, 8.679645327907007, 5.944624308525389, 17.0, 0.0
10, 0 ,1.0,1.0,1.0,44.14258836775207,256.40211154237403,213.52152035001433,17.0330022468204,20.830495048136903,14.567252549494327,84.0,89.0,82.0,0.19397410211131408,-0.9759376711463426,-0.09959773967095188,20.996884903805157,0.9191220221082228,0.21628718404395775,-0.32929403652970496,17.2060539885601,0.3429121697837522,-0.027667960817313812,0.9389599180787274,14.11807588910428,94.27039384673998,89.89264578520178,82.31002205186647,29.19425803207024,9.161486467171686,202506.0,697512.8335720202, 0.0, 0.0,2.8421709430404007E-14,84.28399298255562, 106.4324735611335,106.4324735611335,0.0, 290.1231655401887, -26.497827080610442, -33.94248022333718, -26.497827080610442, 433.90952395045605, 16.589674369639834, -33.94248022333718, 16.589674369639834, 212.20484684074896, 7.466770917060644, 5.473390399994505, 32.0, 0.0
11, 0 ,1.0,1.0,1.0,14.34414840827544,168.30418352545996,12.726105046186731,9.042281267526725,17.337716634663902,8.323767444158333,35.0,81.0,33.0,0.048527626250337054,-0.9979175784694229,0.0424920706983204,17.36518353296762,0.9670110992140196,0.03628853087453922,-0.25213622612361963,9.062683602704938,0.2500691973982422,0.05332587653936019,0.9667583707441629,8.243939584507475,81.34726425995512,42.24787844630999,39.180862688416155,19.8931505602945,7.477093945834245,52396.0,134654.80368705248, 1.7763568394002505E-15, 0.0,-1.7763568394002505E-15,89.96040144295927, 133.0845461355335,133.0845461355335,0.0, 81.76285052106473, -10.814585795310574, -2.9731682989701693, -10.814585795310574, 300.5964181039014, -10.034576346019072, -2.9731682989701693, -10.034576346019072, 69.28510446443015, 9.157337195854467, 5.725585616792844, 11.0, 0.0
12, 0 ,1.0,1.0,1.0,22.21236160134084,131.3300830214407,188.8493185708097,14.126565944054866,15.953984944519478,15.71804717682907,61.0,75.0,76.0,-0.47680131100210266,-0.5722299454001966,-0.6672431336581621,16.428740174062018,0.08734510121489777,-0.7861700917212421,0.6118066852991823,15.909771809161231,0.8746607017126331,-0.2334298105861835,-0.42482841290250717,13.346241617335139,86.76524489432663,84.4934828321686,66.34788222782352,25.33511593989364,7.699247258456683,140807.0,486402.80878457986, 0.0, 0.0,0.0,NaN, 173.48041300533205,173.48041300533205,0.0, 199.55986537173075, 19.891602388325047, 33.20733824380638, 19.891602388325047, 254.52963560995414, -1.0295413476183557, 33.20733824380638, -1.0295413476183557, 247.05700705302434, 6.961846715858385, 5.184945993586672, 25.0, 0.0
13, 0 ,1.0,1.0,1.0,123.11523367820193,234.93397870413568,76.67694640357858,14.332275957995602,14.55622101818841,16.510334167704226,75.0,70.0,79.0,-0.1434455926352845,0.39049372313788483,0.9093613221065787,16.94600320460329,0.8211653847169547,-0.4658916254913141,0.3295943024988712,14.406840239416933,-0.5523683308229828,-0.7940148899655314,0.2538298280676596,13.970138456767076,81.38065530245962,70.05641218350317,72.39754305065841,25.242332550232938,7.260405375681249,145756.0,412755.5317203737, 0.0, 0.0,0.0,NaN, 158.9663549330153,158.9663549330153,0.0, 205.41413413613876, -9.89443389167269, -8.64714311448245, -9.89443389167269, 211.88357033035004, 30.767091956706818, -8.64714311448245, 30.767091956706818, 272.5911343292616, 6.565615581579842, 5.131569228690901, 32.0, 0.0
14, 0 ,1.0,1.0,1.0,191.22198029813745,279.4846935447043,59.7678915092801,16.6582466762338,12.032461675845138,14.583397894356997,76.0,52.0,78.0,-0.9629303664389404,0.01837139669867178,0.26912376553011613,16.81975091157285,0.2679521670802379,0.18014009632181627,0.9464413250984826,14.473694415302992,0.031092532009684575,-0.9834693881766262,0.17838502451921232,11.939889434041838,79.02994510422731,75.16218419308285,57.414976575366666,24.159141778191838,7.161611480197417,122628.0,341048.5946913432, 0.0, 0.0,0.0,NaN, 125.80038245044635,125.80038245044635,0.0, 277.49718232625446, 0.7477668804808297, -19.396824336808095, 0.7477668804808297, 144.78013398068197, 12.104379361670441, -19.396824336808095, 12.104379361670441, 212.6754941451361, 7.133885353095687, 5.559665599148645, 28.0, 0.0
15, 0 ,1.0,1.0,1.0,173.18318903318902,99.93598845598845,11.892683982683982,14.874942572177975,15.533051873409333,7.584594482239825,81.0,77.0,30.0,-0.1441390378382374,-0.9868581728180668,-0.07304029376483279,15.58966145512301,0.9863296473168011,-0.13732015910480397,-0.09108787365696037,14.895905159394983,0.0798609078021424,-0.0851711256566282,0.9931606691565068,7.425641769207723,78.12523786428194,82.59905772154546,33.90979283547064,21.538760516790237,7.493162609205798,69300.0,218822.3018429932, 0.0, 0.0,0.0,NaN, 161.89855238629934,161.89855238629934,0.0, 221.2639165255927, 4.142606443740581, -13.002894995096355, 4.142606443740581, 241.2757005020252, 15.629436452340444, -13.002894995096355, 15.629436452340444, 57.5260734600228, 7.291848026699834, 5.258781347008539, 24.0, 0.0
16, 0 ,1.0,1.0,1.0,219.57311760333886,29.5408781659139,262.70707792579043,14.850877755739083,16.875538977981186,16.996586328309757,84.0,71.0,74.0,0.3168960215328847,0.49132110710989796,-0.8112832312114763,17.61383184959926,-0.2069943135077944,0.870575995879715,0.4463751668422872,16.63566517803398,-0.925597248111762,-0.02647650102160654,-0.3775827448144135,14.395273682266161,88.90667606555127,92.43335086145194,76.41693161324332,27.03005798522806,7.974477916711229,174910.0,627989.9104930179, 0.0, 0.0,0.0,NaN, 93.44468380647878,93.44468380647878,0.0, 220.5485701159059, 3.5124075761026945, -32.91005842772292, 3.5124075761026945, 284.78381579736225, -14.048814288317006, -32.91005842772292, -14.048814288317006, 288.88394681568616, 7.624345959118038, 5.553931836579316, 34.0, 0.0
17, 0 ,1.0,1.0,1.0,158.56660959496386,254.4025630382899,279.47662654353013,17.3568242153717,14.951167176990182,11.044292260043271,82.0,83.0,49.0,-0.8920551178160337,0.4289696347163118,-0.1422066076860572,18.066502583219354,0.44810919073239613,0.8804011129692676,-0.15521608635586642,14.31125826035729,-0.05861586781221717,0.20218539208812458,0.9775915544166655,10.750000452965443,86.85239329178643,74.97187727821134,52.37382595439237,24.21359654274147,7.77655970128939,115644.0,341031.48533343826, 0.0, -2.8421709430404007E-14,0.0,64.59781166796712, 150.01246293883128,150.01246293883128,0.0, 301.2593468433133, -45.469085668807175, 20.538195200228003, -45.469085668807175, 223.5373999543086, -25.057658608380297, 20.538195200228003, -25.057658608380297, 121.97639152525169, 7.527746163010453, 5.525632983349172, 29.0, 0.0
18, 0 ,1.0,1.0,1.0,234.92291997658668,243.1631574546367,10.732669955681914,14.97380031411614,13.698325494227827,7.176638113627405,67.0,66.0,30.0,-0.993857294055895,0.041724148308712634,-0.10250255850370762,15.035586110913894,0.0473704563178358,0.9974553179927144,-0.053281596037405975,13.71283164647632,-0.10001859287219286,0.057809895830781916,0.9933047352267581,7.018001876851925,67.93670161592416,65.84962172955534,33.297976306520226,20.418906471822343,6.814045076292615,59795.0,148962.03002114219, 0.0, -2.8421709430404007E-14,0.0,87.6086882146561, 87.06688933962072,87.06688933962072,0.0, 224.2146958470246, -0.7744126982453803, 17.662511511426302, -0.7744126982453803, 187.64412134581207, -8.132317553100217, 17.662511511426302, -8.132317553100217, 51.50413461396952, 7.106428873502587, 5.130933039632471, 11.0, 0.0
19, 0 ,1.0,1.0,1.0,272.274645257655,65.93403037092358,238.2497994633917,15.752811139409165,16.159395593708663,13.879174491049872,72.0,82.0,72.0,-0.5921424476344632,0.8034298084677175,-0.062192158468681424,16.631372491453394,0.8032659737133306,0.5946511114623312,0.033968089598757634,15.26590550144635,-0.06427361187798696,0.02984289701320402,0.9974859920389946,13.865719872127489,88.33592472011479,79.58023930564096,72.00263662673842,25.39776970658627,7.540683207251921,144612.0,506163.70499575214, 0.0, 0.0,0.0,NaN, 94.49380362147609,94.49380362147609,0.0, 248.15105879389347, -20.642677538806893, 4.219080814264865, -20.642677538806893, 261.1260659539709, -3.390520241191748, 4.219080814264865, -3.390520241191748, 192.63148455300947, 6.055982862186895, 4.910533474298343, 29.0, 0.0
20, 0 ,1.0,1.0,1.0,277.7108555673827,207.20847365941333,12.407210288446437,13.217365214115413,13.768636323502236,7.7911643080059125,55.0,72.0,31.0,0.3846741392923421,-0.9223587758083113,0.03577841876170956,13.878506888314849,0.9200876877255052,0.38625459776586385,0.06516158838352179,13.12659305229229,-0.07392194163865305,0.007853304662583044,0.997233108230091,7.749576251449335,66.41311929557463,62.65266375730556,32.401887397880245,19.605884115558702,6.370685891941538,57307.0,134822.91955138237, 0.0, 0.0,0.0,NaN, 96.23415291514544,96.23415291514544,0.0, 174.69874320330817, -7.139382474453747, 8.554355916023548, -7.139382474453747, 189.57534620886514, -1.5491988991933066, 8.554355916023548, -1.5491988991933066, 60.702241274345255, 7.503302491760459, 5.565828184975176, 11.0, 0.0
21, 0 ,1.0,1.0,1.0,40.69622831610303,85.25278167163133,36.88035161497576,13.32510167262523,13.859534575384734,17.34468260693412,62.0,71.0,80.0,0.250541620314913,0.023640462161150805,0.9678171444228427,17.59848156611836,-0.1531407756800818,-0.9861471036782073,0.06373219540534888,13.881072434454808,0.9559167324166269,-0.1641798357164784,-0.24345057451160232,12.965042329424879,82.75544425411421,72.41534400229527,61.20414055082245,24.852130843575207,7.270119703361605,136968.0,366781.9679236951, -7.105427357601002E-15, 0.0,0.0,75.49043520928456, 101.41193281439551,101.41193281439551,0.0, 177.5583345857997, 4.552614384466145, 34.098386408828354, 4.552614384466145, 192.0866986462849, 1.694502263555595, 34.098386408828354, 1.694502263555595, 300.838014735283, 6.836179192459997, 4.936774697169329, 22.0, 0.0
22, 0 ,1.0,1.0,1.0,69.91932415977588,63.669919061527565,159.60880534178,14.571510576947759,14.269723755594809,14.07820265756472,71.0,65.0,70.0,-0.8684907544444651,0.4594205860617401,0.1861626561563065,14.613698230552021,-0.4711654263997276,-0.648372378821689,-0.5980103672568458,14.50948375994216,-0.1540355491763078,-0.607079882292102,0.7795685127723935,13.786385736257532,79.4444341834876,78.42117880993456,80.0755563597935,23.853507082130847,6.72011357830491,125651.0,498880.81993969466, 0.0, 7.105427357601002E-15,0.0,62.65027470128316, 169.269778820153,169.269778820153,0.0, 212.32892049410043, -3.124312822606244, 1.9662355233911835, -3.124312822606244, 203.62501606098684, 9.942811450369078, 1.9662355233911835, 9.942811450369078, 198.19579006746233, 7.011210871357482, 5.09925151289217, 29.0, 0.0
23, 0 ,1.0,1.0,1.0,65.71298187857322,42.063674843109304,34.717236666127775,14.691250735772861,13.302487839660033,16.54066643482005,77.0,69.0,76.0,-0.12586719032712626,-0.011244273856626935,0.9919833752158309,16.568020448676716,0.9217103682832054,0.36848085891309657,0.12112742717446125,14.900434710488234,0.36688887608974025,-0.929567331031004,0.03601568660324886,13.033051095746535,79.20736896583497,80.54547463875991,62.77176677140824,24.78518727586247,7.216451254882298,136082.0,400471.01183928293, 0.0, 0.0,0.0,NaN, 85.39809863464436,85.39809863464436,0.0, 215.83284818134663, 17.864192266590326, -7.241363077367967, 17.864192266590326, 176.95618272430306, 1.1610216214343116, -7.241363077367967, 1.1610216214343116, 273.59364610798264, 6.412601061187781, 4.9304129758781166, 23.0, 0.0
24, 0 ,1.0,1.0,1.0,27.7012726645763,283.5725065958829,133.28711537382017,14.996283954720562,10.551376774132908,20.293480102537853,64.0,47.0,108.0,0.16412085790304518,-0.06982967395035847,0.9839655281752278,20.46062723976693,0.9860493306683079,-0.016465637341185335,-0.16563695323064387,14.819323223381227,-0.027767993981387934,-0.9974230293225315,-0.06615314873318139,10.47834963668811,105.28355189550632,65.92298536769266,50.445435617201895,25.858271532770324,8.910399109448305,124699.0,350121.89569342055, 0.0, 0.0,0.0,NaN, 137.12285794663688,137.12285794663688,0.0, 224.8885324506094, -5.3224529210076525, 31.938662978774275, -5.3224529210076525, 111.33155182971137, -20.920989371625186, 31.938662978774275, -20.920989371625186, 411.8253346720997, 6.741241123277391, 4.958249989216825, 18.0, 0.0
25, 0 ,1.0,1.0,1.0,281.5957095529144,104.23875179041976,168.28927716244436,11.736161572382848,13.15541829080381,15.040041968706978,49.0,66.0,73.0,0.09232675483568688,-0.09842884053238111,0.990851923191837,15.06638227357041,0.47097554479180637,-0.8724325844365541,-0.1305504569942804,13.698311325311504,-0.877301434257104,-0.47872032436988227,0.03419129254097441,11.06190640446051,72.03610840202168,71.68888646388089,58.717158397722244,22.153151057731794,6.800241134905846,91459.0,303226.4680748692, 0.0, 0.0,2.8421709430404007E-14,7.755935130021141, 168.9738139241605,168.9738139241605,0.0, 137.73748845307585, -27.773187043346656, 5.558100486103467, -27.773187043346656, 173.06503040601544, -2.7694776470235745, 5.558100486103467, -2.7694776470235745, 226.20286242046726, 6.819513666934987, 5.218746296696011, 15.0, 0.0
26, 0 ,1.0,1.0,1.0,33.755225530660375,180.69361733490567,207.33616597877358,15.249060875018555,15.547911645920129,14.361875708332358,69.0,73.0,74.0,-0.609356255214632,0.7582944155431832,-0.23167765016682634,16.773982701619634,-0.6218318383647728,-0.2757470462795357,0.7329998166875611,14.74574335019576,0.4919452398658686,0.5907225624810122,0.6395597979463525,13.480780591526223,95.24309423970413,76.70925138633972,67.60583733925785,24.965708737478128,7.566258997440136,135680.0,493930.03637307754, 0.0, 0.0,0.0,NaN, 154.79022685805802,154.79022685805802,0.0, 232.5338575700217, -39.91615031464016, -2.2087602570675853, -39.91615031464016, 241.73755654933876, -24.72075899367902, -2.2087602570675853, -24.72075899367902, 206.26347386158707, 6.586599521825468, 4.928593791696826, 35.0, 0.0
27, 0 ,1.0,1.0,1.0,124.06482637518425,187.39355763731706,114.28725623655828,14.008698468046227,13.96597710206047,15.081316493597653,70.0,72.0,73.0,-0.21428052217331073,-0.3501103620236983,0.9118698329371187,15.227128495331455,-0.715322432108868,-0.5794532771173129,-0.3905735753476684,14.439018723049875,-0.6651298188616922,0.7359732563358823,0.1262762448735742,13.356180309731478,76.0179509092959,68.35168431570952,65.83392548400931,23.91330234309112,6.847789965523423,124147.0,342070.1131611425, 0.0, 0.0,0.0,NaN, 202.8148637135986,202.8148637135986,0.0, 196.2436327686407, 16.48738711474997, -2.040482961262333, 16.48738711474997, 195.04851641527736, -10.261400214761453, -2.040482961262333, -10.261400214761453, 227.4461071800606, 6.335868663374157, 4.765677005641578, 31.0, 0.0
28, 0 ,1.0,1.0,1.0,31.894556765163298,14.020695401021996,71.40406576316374,17.529463289986786,8.977422645553633,14.173217665703309,73.0,36.0,72.0,0.9947911464174463,-0.0015163235259005054,-0.10192289130724122,17.561659754581132,-0.10189389739911622,0.013311861261060128,-0.994706201861929,14.134070028631045,0.0028650798036502635,0.9999102435282533,0.013088017611068028,8.97621694709841,76.47614399936383,68.46013571468629,36.728917119258355,23.0435435431854,7.5994342266164345,90020.0,192296.71365578147, 0.0, 0.0,0.0,NaN, 79.45050823175819,79.45050823175819,NaN, 307.28208323499433, -0.5053605782437074, -11.01969126611917, -0.5053605782437074, 80.59411735689918, -1.5431545713928398, -11.01969126611917, -1.5431545713928398, 200.88009899940434, 6.848399909873243, 5.211634754646228, 16.0, 0.0
29, 0 ,1.0,1.0,1.0,234.9520684043481,273.8278472590608,95.41573983330485,13.40009686094261,13.278961779310507,14.616486063556968,68.0,60.0,70.0,-0.3591978132505273,-0.4105544677800103,0.8381061746234253,15.200801530052827,-0.8168939801675835,-0.29594350058978036,-0.495077438008066,13.202405182277188,-0.45128832925525886,0.8624746219133286,0.22907721500284145,12.812775535070937,76.39062278198529,69.73425367098531,64.19447272652612,22.95647141333813,6.5219250926168115,111221.0,341966.7208880581, 0.0, 0.0,0.0,NaN, 118.40767877086596,118.40767877086596,0.0, 179.56259588264396, 12.315832924879828, -16.039737917737174, 12.315832924879828, 176.33082593638923, -21.53340492723245, -16.039737917737174, -21.53340492723245, 213.64166484615504, 6.134443040826151, 4.731633500595484, 24.0, 0.0
30, 0 ,1.0,1.0,1.0,134.2715080220587,24.343230069831748,249.65763696864602,15.172092344006625,13.888904994887673,14.391529538249515,75.0,60.0,72.0,-0.8886159947710552,-0.2500223720171864,-0.3845132342689236,15.602118611398115,0.16693776833452564,0.6045396756266814,-0.7788861034173589,14.522686389127726,0.42719245702673286,-0.756320430825512,-0.4954654484173205,13.261812296262423,80.70896156840078,78.77817644351218,64.11771290712831,24.130914084855267,6.921645464174992,128022.0,407667.1391621208, 0.0, 0.0,0.0,NaN, 145.45028096339715,145.45028096339715,0.0, 230.19238609506442, 18.54346648234458, 18.525793977650896, 18.54346648234458, 192.90168195701577, -10.001696786796256, 18.525793977650896, -10.001696786796256, 207.11612245030827, 7.80907950238972, 5.233758287608963, 21.0, 0.0
31, 0 ,1.0,1.0,1.0,20.037185364739774,252.9945987247721,81.46573044562716,11.716342682681127,15.845743732649055,15.280810468500743,49.0,81.0,81.0,-0.18384143192304972,0.9359360350921669,0.3003765405693938,16.04461603899308,-0.009108884781788965,0.30394970193543386,-0.9526445333446225,15.210936311093157,-0.9829137073652575,-0.1778716304229399,-0.04735321492961539,11.535213980425233,84.4282847765902,79.09659775359316,53.54508549076791,23.797715007988902,7.451993644090552,113862.0,357573.54974008765, 0.0, 2.8421709430404007E-14,0.0,20.620102125736807, 96.16476373093067,96.16476373093067,1.3486991523486091E-6, 137.27268585801556, -21.67151579105121, -6.014736283455291, -21.67151579105121, 251.08759444078683, 6.49746556554472, -6.014736283455291, 6.49746556554472, 233.50316857424187, 6.776944326085983, 5.281597151652981, 17.0, 0.0
32, 0 ,1.0,1.0,1.0,165.38154185744753,11.435263762323077,219.26966845143104,16.623636506518817,7.717401258653268,13.901340002676088,85.0,32.0,73.0,0.9738158095865953,0.04157067089079434,0.22350536530672654,16.765374961989593,-0.22667097542155834,0.1022653538218479,0.9685876657841208,13.794431082027364,-0.017407983819020756,0.9938881610771813,-0.10901048284442744,7.601756393427794,84.99148141990995,73.90770182356343,35.35782596083726,21.646765474235256,7.782568423174427,67049.0,222101.07006377855, 0.0, 0.0,-2.8421709430404007E-14,77.0849961752683, 157.38577115461842,157.38577115461842,0.0, 276.3452907008651, 5.967890385125094, 19.509602554482402, 5.967890385125094, 59.55828218706306, 15.199137882942749, 19.509602554482402, 15.199137882942749, 193.24725387000242, 6.839349142401776, 4.8147065041614265, 18.0, 0.0
33, 0 ,1.0,1.0,1.0,58.91972448781863,111.71659590959537,158.1941532932866,13.844958099309267,12.62937843096093,14.939209905217167,71.0,63.0,73.0,0.5072401641406372,0.15262946729120738,0.8481813848446462,15.512141744645962,-0.7876615116710216,-0.31726696020756967,0.5281392041808388,13.36362645432616,-0.3497095350640313,0.9359732483757486,0.04071018803995349,12.455962564147159,74.32876533514636,65.29876629849028,62.589442740489936,23.072452786193054,6.482744738542792,113534.0,303782.6595038482, 0.0, 0.0,0.0,NaN, 189.89741940204496,189.89741940204496,3.814697265625E-6, 191.68286477162926, 12.474008271707572, 27.02523044299532, 12.474008271707572, 159.50119955242118, 7.138567093247713, 27.02523044299532, 7.138567093247713, 223.1799925921387, 6.624493349479315, 4.938498224392992, 23.0, 0.0
34, 0 ,1.0,1.0,1.0,144.78905447783976,152.5165265173591,58.35979056235488,13.281774152991742,13.921103520998917,13.767369890152363,65.0,66.0,64.0,0.5189180745437926,0.653135420495295,0.551487220528452,14.751399958807289,0.027653585530095698,-0.6576357044937841,0.7528283731251727,13.451254471493373,-0.854376562833446,0.3754056508224122,0.3593205897405665,12.69657725468371,74.65245362575001,66.90403864053552,64.50486003000972,22.764674048801684,6.443037873357627,108099.0,322172.7900742289, 0.0, 0.0,0.0,NaN, 214.75826038030206,214.75826038030206,0.0, 176.40552465107953, 18.756680026414156, 16.551386268081764, 18.756680026414156, 193.79712324236846, 10.545673263955686, 16.551386268081764, 10.545673263955686, 189.54047369227388, 6.21696978284043, 4.736694531539421, 19.0, 0.0
35, 0 ,1.0,1.0,1.0,24.660801233642097,14.436559321496848,264.90070659808407,13.85505860190231,9.117683289111875,19.23060568917215,50.0,41.0,79.0,0.09014123177021888,0.06917886021767619,0.9935234489602801,19.302873462296716,0.9937238850845845,0.060100059387272184,-0.09434417350343322,13.819108867706019,-0.06623744067630664,0.9957922816333883,-0.06332719235860061,9.018996551511016,82.9514021783956,55.56208039544916,42.42521459752247,23.984816059089837,8.345033924839907,94679.0,195535.79789595457, 0.0, 0.0,0.0,NaN, 45.260686692118135,45.260686692118135,6.743495761743046E-7, 191.96264886214723, 8.363397401851229, 15.806759602419433, 8.363397401851229, 83.13214856054995, 19.396857742280623, 15.806759602419433, 19.396857742280623, 369.8161951724203, 6.292473623726065, 4.81997040830669, 11.0, 0.0
36, 0 ,1.0,1.0,1.0,53.93967508650845,19.771221678499703,164.71454567740597,14.882976651370825,11.740688859964704,14.710651088789302,85.0,47.0,76.0,-0.7641921303677327,0.11865545835746455,0.6339804966132682,15.467604937342626,0.6225192451277453,-0.1214962763976091,0.7731160613175088,14.180650432399386,-0.1687607102663659,-0.9854742700971423,-0.018981191925060332,11.636682310015663,77.8125300790051,69.37847669591429,51.60788630565739,22.986719011180735,6.881916409586477,106059.0,278605.9382622435, 0.0, 0.0,0.0,NaN, 146.978038857406,146.978038857406,0.0, 221.50299400524912, -14.382756048057834, -18.696294861878435, -14.382756048057834, 137.8437749064993, 1.6417440888240051, -18.696294861878435, 1.6417440888240051, 216.40325545609787, 6.505462246516353, 4.8190399019186385, 22.0, 0.0
37, 0 ,1.0,1.0,1.0,128.71814293672614,93.01288479163297,209.5260481247866,14.34761690892967,12.59609870342674,14.448612216275562,69.0,63.0,68.0,0.643559276402263,0.09258606906600472,0.7597758074402611,15.333379192257517,-0.6545109558041173,0.5811818315512204,0.4835732492675229,14.27813719691538,0.3967957490812832,0.8084896403106683,-0.43462355552978227,11.588808792135904,71.68437002818479,70.37695878552472,58.759236241264674,23.03525120628188,6.531110958452057,111294.0,296436.11353034765, 0.0, 0.0,0.0,NaN, 182.77114932685484,182.77114932685484,3.814697265625E-6, 205.85411096540454, -20.45486564389156, 27.275617765795328, -20.45486564389156, 158.66170254646883, 26.64233154517739, 27.275617765795328, 26.64233154517739, 208.7623949763074, 6.689922742718725, 4.8292972155115, 27.0, 0.0
38, 0 ,1.0,1.0,1.0,281.3151603883402,254.37391544360307,243.01074055850904,10.978510032516777,13.94388299465711,13.193062555949767,44.0,74.0,69.0,0.1571101612196599,0.9691774460740914,-0.18976689717343825,14.031596216244301,-0.08092344462412168,0.2041409248212679,0.9755910408174542,13.187474406750754,0.984260023241673,-0.13791867471237962,0.1105017909985247,10.87296102740811,78.74846886665682,69.60729065153322,50.01395934068492,21.199339437856793,6.293207648447242,83329.0,274149.8957113638, 0.0, 0.0,2.8421709430404007E-14,79.06081909901083, 75.35674166888123,75.35674166888123,0.0, 120.52768253407153, 11.058085811903457, -6.741807396555298, 11.058085811903457, 194.43187296868777, -3.377031457500133, -6.741807396555298, -3.377031457500133, 174.0568996052038, 6.605660576173906, 5.04570493517172, 15.0, 0.0
39, 0 ,1.0,1.0,1.0,133.8037180768703,278.38431234197685,54.355647674486974,13.449072718223889,12.371681907960474,14.805140905608738,59.0,52.0,72.0,-0.09634996697269729,-0.07117596986454063,0.9927994083288944,14.831344642597973,0.9809264851419981,-0.1759641097097362,0.08258246085595346,13.46706077937977,0.16881917726172402,0.9818200514391132,0.08677253010470978,12.320623259548656,71.97888705708077,63.76713560491342,57.40198239876054,22.56490348817739,6.6297358933833275,102042.0,263468.6387124572, 0.0, 0.0,0.0,NaN, 146.03153549229276,146.03153549229276,NaN, 180.87755698007408, -4.635469787955581, -4.126082718171869, -4.635469787955581, 153.0585132317565, -5.246810913180132, -4.126082718171869, -5.246810913180132, 219.19219723492913, 6.27311520308828, 4.66025856885567, 16.0, 0.0
40, 0 ,1.0,1.0,1.0,200.0374154123006,175.08660280803045,190.46654919676834,14.387088272963037,12.354314502563176,14.161099261069056,75.0,65.0,66.0,0.908195367164395,0.29711581638870943,0.29479376979983873,14.630328328017807,0.2998620879978275,0.029484809751997354,-0.9535268083150426,14.123586114736206,-0.29199983431966686,0.954386105119704,-0.062315801461009956,12.109167451074168,75.50712365633817,68.9695691535708,62.0598651694381,22.754103336380524,6.511905208268446,106694.0,323188.774240305, 0.0, 0.0,0.0,NaN, 193.89030909345541,193.89030909345541,0.0, 206.98830897403053, 18.65830582404206, 2.939495525582632, 18.65830582404206, 152.6290868282428, 4.419021551557362, 2.939495525582632, 4.419021551557362, 200.5367322818506, 6.710179590390862, 4.827872330044113, 35.0, 0.0
41, 0 ,1.0,1.0,1.0,104.78696240513031,216.13955403894806,276.1075876135004,13.95406906499189,14.177265622587674,12.489147903940117,72.0,68.0,54.0,-0.6387832413369494,0.7454697323318299,-0.19034402739295808,14.532420276164117,0.7152979264278782,0.6665363536844348,0.2099480070518324,13.72009361006124,-0.28338109858464305,0.0020414196453120356,0.9590052062271577,12.339267061643197,72.99516457206899,64.43177917311328,57.41682273406025,22.544302475695247,6.591217281716947,101982.0,270043.2786441554, 1.4210854715202004E-14, 0.0,0.0,50.29885140663825, 136.32215247907166,136.32215247907166,0.0, 194.71604347056365, -10.907954824869245, 12.569497053312501, -10.907954824869245, 200.99486053340627, -3.3269909093304544, 12.569497053312501, -3.3269909093304544, 155.9788153664918, 5.488501539433518, 4.402141931429511, 22.0, 0.0
42, 0 ,1.0,1.0,1.0,175.45146429078807,279.6782720759848,173.6897895399103,13.106775140385178,11.424862172375086,16.0587368085986,70.0,50.0,75.0,0.2945301174688218,-0.04454237588002494,0.9546035756557611,16.334284907061917,0.896589490213491,-0.33282076910270664,-0.2921602671353446,12.954637752374605,-0.33072540867389544,-0.94193753105227,0.05808951413671457,11.20564837061673,78.45935064254445,71.36685018063604,56.03111707250616,22.639114403839066,6.904241966799234,98546.0,313740.45329808886, 0.0, 0.0,0.0,NaN, 178.54853580917066,178.54853580917066,0.0, 171.7875545806189, -14.4623356063211, 28.64272789732115, -14.4623356063211, 130.52747565776718, -1.8968118709754005, 28.64272789732115, -1.8968118709754005, 257.88302788783955, 6.624097010770235, 4.949549944157497, 27.0, 0.0
43, 0 ,1.0,1.0,1.0,240.07871164088257,93.84678671062643,186.7405427339589,13.61134981505319,12.29397746929872,13.472259706426131,66.0,62.0,68.0,0.7772783522399396,-0.36992334632980683,0.5089155931776131,14.263584719708353,0.44872106934491873,-0.24104126860294633,-0.860551281886347,13.185256716661979,-0.4410076700751554,-0.89724903157955,0.021363760540761206,11.857978902839587,70.10989206930094,67.15693722948696,60.0824271424643,21.925039098299887,6.099603916551524,98575.0,282890.0343756539, 0.0, 0.0,0.0,NaN, 158.82532806427474,158.82532806427474,NaN, 185.2688437877485, -21.663253543877676, 12.02155849786676, -21.663253543877676, 151.1418820156246, -4.9351213095512785, 12.02155849786676, -4.9351213095512785, 181.50178159739312, 6.761486484387366, 4.749118430465195, 19.0, 0.0
44, 0 ,1.0,1.0,1.0,118.5522972478098,169.69515573208636,271.9113026658028,14.445107677380332,12.149759201148786,14.312471565218583,69.0,58.0,62.0,-0.9332233390289787,-0.04207791324894741,-0.3568243947773446,14.47930381528668,0.35108262424513453,0.10434943502666102,-0.9305117873314485,14.303754345834225,0.07638841826320186,-0.9936501620923893,-0.08260850397516846,12.119282132240974,72.19295991729999,70.71603917555325,57.72031445825735,22.760586591255993,6.563560374081298,106497.0,294673.7598607075, 0.0, 0.0,0.0,NaN, 178.38995078296986,178.38995078296986,1.9073486328125E-6, 208.66113581111222, 4.5795875015263245, 2.0468182183798915, 4.5795875015263245, 147.6166486458996, -4.662052066769145, 2.0468182183798915, -4.662052066769145, 204.8468423051905, 6.128146356480114, 4.5562813387312096, 17.0, 0.0
45, 0 ,1.0,1.0,1.0,91.87800212729825,267.8645858472099,40.90207277505162,12.248713343304983,15.17191281115584,14.655953063245208,63.0,65.0,71.0,-0.266838767055617,-0.6959206555413754,0.6667019675890428,16.348972172117286,0.3715717449226582,-0.7125908723832983,-0.5951039295544442,14.012115977120727,-0.8892308534747146,-0.08893081460816972,-0.44873132210907496,11.462399045002389,83.38997837841106,65.94990139784511,58.55430712261558,23.390131485102756,6.922183630720158,111879.0,322022.97514554276, 0.0, 0.0,0.0,NaN, 105.58045119704111,105.58045119704111,0.0, 150.03097856645752, 8.038753762802372, -38.539892282674465, 8.038753762802372, 230.18693834931472, -35.5105658564873, -38.539892282674465, -35.5105658564873, 214.7969601920466, 6.82588385103879, 4.636803810991533, 17.0, 0.0
46, 0 ,1.0,1.0,1.0,51.54668076144586,187.17623390777754,47.20308774000049,15.82105423177268,11.601938489561888,15.583727180862093,74.0,60.0,81.0,-0.9770572860383697,-0.20851247319221627,0.04337750940984223,16.00184308661006,-0.022900160988000212,-0.09963651967383776,-0.9947603463015646,15.614838511092437,0.21174192411060053,-0.9729311961647389,0.09257561829872067,11.308453593300207,75.35154631975992,80.6121450305034,59.348012133987424,24.03596773599459,7.073580533370424,122031.0,360494.6496602502, 0.0, 0.0,0.0,NaN, 132.71922989885496,132.71922989885496,NaN, 250.30575700469223, 26.378043968699476, -2.791293927861856, 26.378043968699476, 134.6049767155776, 10.332197515906586, -2.791293927861856, 10.332197515906586, 242.85255284754, 6.556543542975162, 4.73742115249259, 27.0, 0.0
47, 0 ,1.0,1.0,1.0,278.9168181723194,235.49020960023404,48.19874407038221,11.826356699404641,13.498895811984173,14.042030362133412,50.0,60.0,66.0,0.11483462347077607,0.55100432397358,0.8265635149307906,14.479160169479403,-0.048510288302487284,-0.8279647758632404,0.5586779768869932,13.067568425404229,-0.9921994563499491,0.1042524095268427,0.0683496446714452,11.783636698802841,66.21525568230436,64.42304279631892,55.03244202735516,21.91128374873961,6.2575683853756585,95706.0,234756.7446015831, 0.0, 0.0,0.0,NaN, 83.24141122880475,83.24141122880475,0.0, 139.86271278155303, 5.760867224912335, 5.8547029605699645, 5.760867224912335, 182.22018814280383, 17.482307516706964, 5.8547029605699645, 17.482307516706964, 197.1786166910766, 6.322344221060902, 4.587235120947992, 12.0, 0.0
48, 0 ,1.0,1.0,1.0,187.4003958390868,67.05821366105127,61.855714351468286,11.915370894176247,12.782010057274954,13.450617229876123,58.0,63.0,72.0,0.09798393323678876,0.38303422863316416,0.9185226880827961,13.58570919605601,-0.22577408401376087,-0.8903429503656333,0.39536754257521706,12.69669846746362,-0.9692395017822972,0.24611828544343387,7.601020909016656E-4,11.853155789966102,68.72958801665467,63.55289169509739,57.27042003020355,21.19865663067512,6.073870723803118,86904.0,250155.1365918256, 0.0, 0.0,0.0,NaN, 144.91930262920803,144.91930262920803,0.0, 141.97606354578247, 5.816975023589949, 2.1181483410004835, 5.816975023589949, 163.37978110427807, 8.216652180520336, 2.1181483410004835, 8.216652180520336, 180.91910386464042, 6.01075872504374, 4.538668474681353, 29.0, 0.0
49, 0 ,1.0,1.0,1.0,230.56761002629926,242.57818791165312,286.3353620220169,17.886236503361808,15.288431079734789,7.85852827268574,90.0,77.0,32.0,-0.9553085895474733,-0.29550012943973536,0.008072932423657026,18.14249912079996,-0.29302609021022263,0.950207061778371,0.1060294779890179,15.046361213868762,-0.03900268186840085,0.09892529124350793,-0.9943302155518855,7.737363092175031,95.43377720134413,79.61657598168222,35.50255977432181,23.507823917738733,7.924156888855088,85934.0,269752.37481716706, 0.0, 0.0,0.0,NaN, 91.13091468891781,91.13091468891781,0.0, 319.91745625419236, 29.650263321075382, -7.250622027927404, 29.650263321075382, 233.73612487980063, 16.135117678381572, -7.250622027927404, 16.135117678381572, 61.75646661260112, 6.8818676365275815, 5.185396271301742, 19.0, 0.0
