// Sample: .//bubblelabels.tif, Map: .//bubblelabels.tif, Thickness:(8.191250068658265):/afs/psi.ch/project/tipl/test/LabelValidation/Step4900//distmap.tif, Neighbors:(1.0):
//LACUNA_NUMBER, TRIANGLES, SCALE_X, SCALE_Y, SCALE_Z, POS_X, POS_Y, POS_Z , STD_X, STD_Y, STD_Z,PROJ_X, PROJ_Y, PROJ_Z, PCA1_X, PCA1_Y, PCA1_Z, PCA1_S, PCA2_X, PCA2_Y, PCA2_Z, PCA2_S, PCA3_X, PCA3_Y, PCA3_Z, PCA3_S,PROJ_PCA1, PROJ_PCA2, PROJ_PCA3,OBJ_RADIUS, OBJ_RADIUS_STD, VOLUME, VOLUME_BOX, Mask_Grad_X,Mask_Grad_Y,Mask_Grad_Z,Mask_Angle, Mask_Distance_Mean,Mask_Distance_COV, Mask_Distance_STD, SHAPET_XX, SHAPET_XY, SHAPET_XZ, SHAPET_YX, SHAPET_YY, SHAPET_YZ, SHAPET_ZX, SHAPET_ZY, SHAPET_ZZ, Thickness, Thickness_STD, Neighbors, Neighbors_STD
1, 0 ,1.0,1.0,1.0,94.26044348664436,279.7950774116713,17.01889638745534,17.232776605601153,12.377689549708533,10.625589554933699,80.0,51.0,48.0,-0.9528855625104327,0.291710563903337,0.08315077670337144,17.66969183992354,-0.29789783082861815,-0.8483261956543846,-0.43772085643040115,12.169157408213563,-0.05714881579508553,-0.44186832051388053,0.8952577283550597,10.137679210435437,89.22831429333895,65.2298771297925,52.68183519325214,22.516509634029482,7.489041021251054,88165.0,306626.8236639713, 0.0, 0.0,0.0,NaN, 97.89235382473022,97.89235382473022,0.0, 296.9685895385544, -46.76690940312818, -10.686019382393614, -46.76690940312818, 153.20719858896382, 21.907439471810115, -10.686019382393614, 21.907439471810115, 112.90315338991613, 8.626773826972725, 6.500752459822615, 17.0, 0.0
2, 0 ,1.0,1.0,1.0,13.76644497084548,286.6607142857143,12.759429664723031,9.102253497860726,7.837716592531264,8.077946133874121,33.0,43.0,34.0,-0.9057775761625835,-0.32125154945261175,0.27634113789903175,9.490624645569666,0.023278744052176475,0.6134199864546916,0.7894137193470092,8.346443890049633,-0.423113557566274,0.7214661199198624,-0.5481437359045431,7.056837258509535,46.48852402455056,53.217125875350064,38.96027672559305,13.814659330393617,4.323103220037697,21952.0,96387.16494592698, 0.0, 0.0,0.0,NaN, 23.027257671543914,23.027257671543914,0.0, 82.85101873931784, 12.002390768169434, -9.715442971436138, 12.002390768169434, 61.42980138483989, 6.04383346131821, -9.715442971436138, 6.04383346131821, 65.25321374177187, 9.40248243759845, 5.91543509666135, 3.0, 0.0
3, 0 ,1.0,1.0,1.0,30.03435788441102,168.34891686421975,17.320714460884492,16.25182421111283,16.61002056901852,10.6505771903069,66.0,82.0,48.0,-0.6100546675450077,0.7923563773344101,0.0021619213770050815,17.115914747770084,0.7904691495854933,0.6087854629158778,-0.06737049573728832,15.737628076832156,-0.05469758824790884,-0.03939075322700184,-0.9977256849455525,10.621765053002624,82.81987349509149,79.56847622206769,49.437884425561556,24.463098697409418,7.416614463463667,122330.0,325788.2987892789, 0.0, 0.0,0.0,NaN, 136.13991881071658,136.13991881071658,NaN, 264.1217901889131, -22.178799130060575, -7.418972965577444, -22.178799130060575, 275.8927833032183, -5.222235390614903, -7.418972965577444, -5.222235390614903, 113.4347944866856, 8.322044472349964, 5.8380193470625645, 22.0, 0.0
4, 0 ,1.0,1.0,1.0,70.16596852348725,251.06050218253174,206.30901445676986,15.602030941857802,13.125676228248098,13.916605917438945,75.0,72.0,71.0,0.9277566729400066,0.016726874159666054,0.3728106322198125,15.906991789533164,-0.3722305131557673,-0.029952323828673234,0.9276568888188439,13.568202955208543,-0.02668334482564013,0.9994113617415552,0.021562215350167113,13.124410348460493,75.12594229485306,74.19699989437348,71.69375033171448,23.772706928432207,6.651095512445691,124855.0,399629.53408332943, 0.0, 2.8421709430404007E-14,0.0,89.04157601002173, 126.87134569132127,126.87134569132127,0.0, 243.42336951068825, 1.385689590113096, 23.850319189674394, 1.385689590113096, 172.2833764487972, 0.17460818384174534, 23.850319189674394, 0.17460818384174534, 193.67192026129666, 7.084713737386319, 5.177017424242447, 34.0, 0.0
5, 0 ,1.0,1.0,1.0,130.28766852141018,189.88679100046184,18.974301172227232,14.691947221273708,13.040842627281998,11.097964946131189,71.0,59.0,44.0,-0.9879843200042481,-0.1414159020064088,-0.06235804747951504,14.746609370671893,0.11741826133638793,-0.9491435987362783,0.2921290483376936,13.175014290814675,-0.10049843446782335,0.2812969456600276,0.9543438023227564,10.86453984453209,71.15793902210386,65.68876127018504,50.612195425424915,21.673846688664014,6.271051366725547,90938.0,236575.41436137914, 0.0, 0.0,0.0,NaN, 171.63863047080986,171.63863047080986,1.9073486328125E-6, 215.8533131526922, 7.7011650512208165, 8.030595365354504, 7.7011650512208165, 170.06357642953526, -14.523714722469421, 8.030595365354504, -14.523714722469421, 123.16482594555664, 7.623678704068642, 5.329845012556957, 22.0, 0.0
6, 0 ,1.0,1.0,1.0,138.03142185701498,208.09255499424478,191.77390011510423,13.64412448458452,14.554609522279847,14.877357727304396,69.0,79.0,71.0,-0.11356111259455089,0.6403199105472648,0.7596672204742223,15.37470737557522,0.5420424543503175,-0.6008653378795595,0.5874953816131374,14.360679011789234,-0.8326426913077248,-0.4784885138554795,0.2788456395933116,13.293751753318215,74.33023764873056,72.07533450984775,67.70449614031969,23.93949657797485,6.799637331221402,125104.0,362718.493000316, 0.0, 0.0,0.0,NaN, 198.0215659054604,198.0215659054604,0.0, 186.16213295083878, -13.947746144666693, 4.249278989060956, -13.947746144666693, 211.8366583460392, 18.603817708204446, 4.249278989060956, 18.603817708204446, 221.33577294618382, 7.024128580883275, 5.094857435684782, 34.0, 0.0
7, 0 ,1.0,1.0,1.0,207.62717104599375,52.27916948932674,100.76056155320774,15.477809500958568,16.142262192393737,13.401225210720233,80.0,78.0,71.0,-0.3801644613249312,0.9247909516615994,-0.015384344976585779,16.275963091538998,-0.9240741644584308,-0.37905398314230854,0.049040967001107647,15.342197308116244,0.03952114530194924,0.0328599085328086,0.9986782792697746,13.395449226736753,77.65021748225224,77.3241452520887,70.51005382450873,25.021915642366743,7.323372882127737,138758.0,423359.0525715484, 0.0, 0.0,0.0,NaN, 146.35074942062175,146.35074942062175,0.0, 239.5625869479633, -10.452469225620582, -2.0354132314381452, -10.452469225620582, 260.57262868798426, -2.2559627040360186, -2.0354132314381452, -2.2559627040360186, 179.59283714844352, 6.1136652911772025, 4.857179550861767, 39.0, 0.0
8, 0 ,1.0,1.0,1.0,286.11689251025894,76.63186018362708,31.108508251409678,8.102784313644483,14.298211561270683,14.439088657327074,34.0,77.0,64.0,0.1426425046758701,0.553254671829092,-0.8207084646566513,14.560587796659213,0.05709489054616149,0.8232074080645437,0.564862582210202,14.29785337326469,-0.9881261505158723,0.1274316734840228,-0.0858363516218231,7.883014694319132,76.6713866324753,68.03007406001608,35.767918982562946,20.82656083256803,6.695940010617604,67746.0,186564.0386626444, 0.0, 0.0,0.0,NaN, 83.8625181735124,83.8625181735124,0.0, 65.6551136334431, 18.514898284856738, -12.95597196650599, 18.514898284856738, 204.43885385085466, -1.8863667849000598, -12.95597196650599, -1.8863667849000598, 208.48728125415138, 6.6985679817377255, 5.111389211588404, 21.0, 0.0
9, 0 ,1.0,1.0,1.0,149.56348339370246,61.074704382989324,175.2195806742176,14.591884091519507,12.41618428175847,13.155758035849296,70.0,62.0,64.0,0.974759386410156,0.1029716448544804,0.19809335920534749,14.67375585964635,-0.19595392970991876,-0.030595227565335267,0.980135699524033,13.090082122594193,-0.10698689656465578,0.9942136452524623,0.009645286790735723,12.389080754921803,70.3397348204783,65.00655890660853,63.4416214155369,22.385959120103337,6.247200751519123,104358.0,290089.6126549144, 0.0, 0.0,0.0,NaN, 204.13110524230729,204.13110524230729,0.0, 212.92308134034005, 6.313096106313799, 8.508526208180665, 6.313096106313799, 154.16163211858608, 0.7255998492094738, 8.508526208180665, 0.7255998492094738, 173.0739694978133, 7.011570446072562, 5.055704861122672, 32.0, 0.0
10, 0 ,1.0,1.0,1.0,137.95667637062425,102.43366651847815,284.2229281094492,13.24233893653918,14.264794434144262,8.920815833501976,67.0,65.0,38.0,0.48261937491116874,0.869627864227978,0.10404766560878527,14.769974369410907,0.875759742576697,-0.4806699320238295,-0.04473577684810919,12.74281238461679,-0.01110910628041236,-0.11271110950785614,0.993565696645752,8.825726346949352,67.1104351303567,67.02598402106584,40.09859151293901,20.465736127378477,6.291144622275569,69731.0,180369.1968268846, 0.0, 0.0,0.0,NaN, 172.55033059686545,172.55033059686545,0.0, 175.35954051018163, 23.302047963636326, 3.7331813084373118, 23.302047963636326, 203.4843602483931, 14.507703230561212, 3.7331813084373118, 14.507703230561212, 79.58095513525956, 6.977199276540368, 5.215665089211543, 18.0, 0.0
11, 0 ,1.0,1.0,1.0,57.57987925606154,11.15508455321497,180.59271641403487,12.461354675722056,7.144836405885104,16.71840192769981,60.0,30.0,68.0,-0.1306642980780033,0.0841853538933193,0.9878459735189687,16.83402100747393,0.9913999493008172,0.0037795606064827455,0.13081229089026605,12.371980737166021,0.00727885527540808,0.9964429442328739,-0.08395520921539742,7.027719402212725,69.680343729057,56.35252789501095,31.39331543640206,20.88798775630891,7.037824815197121,61618.0,123270.98629899975, -7.105427357601002E-15, 0.0,0.0,82.49201876404977, 133.03374677092688,133.03374677092688,0.0, 155.28536035413995, -2.1854705795534315, -16.757641439025804, -2.1854705795534315, 51.04868726686117, 19.510824790604776, -16.757641439025804, 19.510824790604776, 279.50496301611673, 8.63160978585676, 5.248014348211913, 20.0, 0.0
12, 0 ,1.0,1.0,1.0,157.24308294160332,110.8686626494621,158.23201985466554,13.718631150567573,13.927942326688745,12.189428106963316,64.0,71.0,60.0,0.815811455084579,0.2286176144100306,0.531211498495889,14.530494891742885,0.29510248712413956,-0.9545240626181025,-0.0424067916279778,13.993723688392596,-0.49735921811697487,-0.19135778077856697,0.8461772910505064,11.127038743963823,70.79110181993073,75.75108247170391,64.90008050204732,22.117266571133534,6.449581001673298,95091.0,348026.84992779844, 0.0, -1.4210854715202004E-14,0.0,76.7843014122318, 229.71625523716455,229.71625523716455,2.6973983046972182E-6, 188.20084064532298, -3.9981295510861274, 36.94239056334855, -3.9981295510861274, 193.9875774555679, 13.520014469980538, 36.94239056334855, 13.520014469980538, 148.5821575748273, 6.195465747179136, 4.751087781924276, 33.0, 0.0
13, 0 ,1.0,1.0,1.0,259.5105280107964,75.44452282730381,285.4771266888524,15.70586512849322,12.655302705680608,8.112257798258007,74.0,64.0,34.0,-0.968050991263439,-0.2507174486174782,-0.004247266487423548,15.902555030864647,-0.25071830569163284,0.967493110705893,0.03312720826981423,12.411282859248445,-0.004196368071313348,0.03313369426093175,-0.999442118784091,8.106072653897911,78.35842453480473,65.93778800786134,35.04550662308026,20.62528213355434,6.872943292619543,65207.0,181072.46426015996, 0.0, 0.0,0.0,NaN, 86.84576682726517,86.84576682726517,0.0, 246.67419943441936, 24.004214809438462, 0.03596933654534298, 24.004214809438462, 160.15668657240693, 3.0303802628080714, 0.03596933654534298, 3.0303802628080714, 65.80872658539784, 6.2730792179565, 4.928402456321855, 23.0, 0.0
14, 0 ,1.0,1.0,1.0,130.89352997569839,17.345863152966356,163.64118342139878,14.631396594725798,10.671855231337181,13.604527376541906,69.0,45.0,67.0,-0.9881591447943032,-0.10038724602083934,0.11603406997835702,14.669632299965546,0.1322664921548712,-0.17405402321646019,0.9758128775821768,13.68742947975858,-0.07776297070223184,0.9796058379973627,0.18527094361784993,10.512163809144818,70.51667499492555,68.15491126556634,50.16436125347424,21.72649422781733,6.403817150612991,89706.0,241092.81602337948, 0.0, 0.0,0.0,NaN, 189.80969948012955,189.80969948012955,0.0, 214.07776631215367, 8.616372806434152, -2.086505441578304, 8.616372806434152, 113.88849407861878, -14.270342639648698, -2.086505441578304, -14.270342639648698, 185.0831651390782, 6.666195532964206, 4.968545698456378, 25.0, 0.0
15, 0 ,1.0,1.0,1.0,26.667840637877557,196.9731387044006,140.79818719775454,13.092942528406953,15.012255925103924,13.39399958015442,59.0,75.0,72.0,0.25119419144625454,-0.9131170125371503,0.32112116031007953,15.328130540046432,-0.47926560853394556,-0.4055683343519285,-0.7783436276141722,13.320495161504367,-0.8409553820864989,-0.041613069896749885,0.5395019905000527,12.798633503847066,73.57088213948853,63.602848882570925,66.23247309222234,23.07042939441,6.629289880806087,111871.0,309922.7835807197, 0.0, 0.0,0.0,NaN, 176.49316528093613,176.49316528093613,0.0, 171.42514405216744, -13.669424058810295, 10.823607888383654, -13.669424058810295, 225.36782796081786, -16.558897725690716, 10.823607888383654, -16.558897725690716, 179.39922475317675, 6.237128628761088, 4.727580795859782, 30.0, 0.0
16, 0 ,1.0,1.0,1.0,285.769113099546,143.69613132442925,132.39708204487138,8.498462453850848,13.212951343196822,13.549626992778618,40.0,70.0,74.0,0.039374725351859506,0.572606119742695,0.8188845233832912,13.796802012583537,-0.18705561457388145,-0.8008083605640285,0.5689606020693707,13.100483414398267,-0.9815598952992389,0.17557961522901144,-0.07557758038055386,8.271875691478982,65.95298288183827,66.24979067005161,41.30299048224455,19.75349896216198,6.340159120442339,60796.0,180468.10162979714, 0.0, 0.0,0.0,NaN, 195.90835519083288,195.90835519083288,0.0, 72.22386407951258, 18.207737275495454, -7.0517987916334235, 18.207737275495454, 174.5820831976867, 10.151468742959384, -7.0517987916334235, 10.151468742959384, 183.59239164343492, 6.6428526615756684, 4.91772796844897, 22.0, 0.0
17, 0 ,1.0,1.0,1.0,24.926480843830362,141.61993854334656,89.72428409536678,13.454768018879193,12.180616554740554,13.134061831055888,58.0,64.0,61.0,-0.8994475738873524,-0.37666761469651044,-0.2216203281898963,13.766684405556411,0.1670196802407941,0.17234732095914215,-0.970773314100913,13.111253439092303,0.4038545384670313,-0.9101746585117868,-0.09210647513901142,11.85222409555157,64.75161770614997,60.936919320876406,62.566042954841706,21.5606600477979,6.086026666126473,91772.0,246870.8464240335, 0.0, 0.0,0.0,NaN, 169.49331431270434,169.49331431270434,0.0, 181.0307824418543, 17.52127800801935, 4.680738621708597, 17.52127800801935, 148.36741965361966, -1.1642624660865837, 4.680738621708597, -1.1642624660865837, 172.50358018199913, 6.4084227762128165, 4.578262470947624, 25.0, 0.0
18, 0 ,1.0,1.0,1.0,284.67316992331683,160.30025460626422,63.169154978381066,8.91548328522633,13.369155526947003,13.362754884421765,36.0,65.0,62.0,-0.039217779534775676,-0.7125818006770159,0.700492072126632,13.890676774015319,-0.046551010786062205,-0.698967322447156,-0.7136369423914718,12.833828718060879,-0.9981457654887675,0.060595870279698066,0.005759456735522375,8.895241368804589,69.03492050677016,66.87836663778288,37.21127714109136,19.97696824736387,6.140368022997609,66377.0,171802.33526449976, 0.0, 0.0,0.0,NaN, 154.08203245011032,154.08203245011032,0.0, 79.48584220915006, 5.965586324002232, -0.2839138843118107, 5.965586324002232, 178.7343195036976, -14.12795484458697, -0.2839138843118107, -14.12795484458697, 178.56321810113775, 6.6613488155562015, 4.887506863496131, 20.0, 0.0
19, 0 ,1.0,1.0,1.0,118.73868200948272,110.26479143359437,90.68686804112727,13.901654207964333,12.68183052050156,12.378654789574124,67.0,65.0,64.0,0.8557505489815512,0.47175188134005164,0.21246449202136078,14.38129211789253,-0.46771778799412433,0.5297923638104592,0.7075027364201567,12.631075614559002,-0.22120368150565864,0.7048192773330245,-0.67401685259947,11.87224811512624,67.87370877861167,60.071078037987796,58.25594583711856,21.67592547490117,6.121287795432555,93855.0,237523.8720524175, 0.0, 0.0,0.0,NaN, 185.69142917849481,185.69142917849481,0.0, 193.25598971781244, 21.984947788613788, 5.823590917656897, 21.984947788613788, 160.82882535072488, 13.57181775549414, 5.823590917656897, 13.57181775549414, 153.2310943994464, 5.936946805579846, 4.599433673547779, 29.0, 0.0
20, 0 ,1.0,1.0,1.0,231.82812016104057,52.665902756271294,27.43653497323364,14.855682106137914,12.432713972870287,14.733770818779224,76.0,63.0,64.0,0.7153748320357995,-0.18253506261381341,0.6744774277960107,15.779954016404037,0.6896961243820454,0.029652022711680406,-0.7234915435314305,13.858584234396208,-0.11206295419155123,-0.9827521093671981,-0.14710603601547118,12.29960830142405,80.49854307249328,69.61451124639933,61.464756535142314,23.36165449780039,6.825010566696719,113015.0,344440.30434015114, 2.8421709430404007E-14, 7.105427357601002E-15,3.552713678800501E-15,44.56132468290725, 90.40943515611642,90.40943515611642,0.0, 220.6912908386262, -11.927247170370112, 26.804704613147354, -11.927247170370112, 154.57237673120406, -12.906537295764029, 26.804704613147354, -12.906537295764029, 217.08400254031022, 6.380585776039158, 4.644627887844913, 25.0, 0.0
21, 0 ,1.0,1.0,1.0,288.29199808876024,209.75516456336604,280.7368953596222,6.808435949221205,11.914585225107794,10.754391411759881,28.0,52.0,43.0,0.05195465989511029,0.9634120145637287,-0.262941064707363,12.006907670730575,0.08252672174866954,-0.26653803417615457,-0.960284758045721,10.685568671574998,-0.9952336677949563,0.02819160392332036,-0.09335512816995936,6.754396061080917,52.792524696157685,50.91764972924591,29.025626811344864,16.610121687967084,5.298389690203579,35579.0,78022.95383883877, 0.0, -2.8421709430404007E-14,0.0,15.546764329922341, 93.01760495801256,93.01760495801256,0.0, 46.35480007464765, 3.424424389420446, -6.779493687037773, 3.424424389420446, 141.95734108635696, -7.415242264322526, -6.779493687037773, -7.415242264322526, 115.6569346373347, 7.318572316950853, 5.181872425719306, 11.0, 0.0
22, 0 ,1.0,1.0,1.0,193.07779221512908,64.17157222755776,285.1201438713444,13.05150063552232,12.1927873876121,8.378430390932863,63.0,63.0,36.0,-0.8964681336384718,-0.43939416898963063,0.05725076094399713,13.292162642822777,0.44276709129927583,-0.8832010356873319,0.15463904236383094,12.021215184006483,-0.017383562153181674,0.16397772659338794,0.9863108622275893,8.246976822497947,63.60471867239599,60.77249247391886,38.386923642537795,18.796631789543746,5.990864904381647,53103.0,148381.47823585512, 0.0, 0.0,0.0,NaN, 125.58566525745391,125.58566525745391,0.0, 170.34166883903953, 12.89068856991051, -0.33959125346074787, 12.89068856991051, 148.6640642795127, -13.18139522836441, -0.33959125346074787, -13.18139522836441, 70.19809581570742, 6.090455400088012, 4.5574294382090805, 21.0, 0.0
23, 0 ,1.0,1.0,1.0,128.69604703964603,140.84971182395063,15.45707923385923,13.510269977497549,12.767014306777313,9.259657609645815,67.0,54.0,38.0,-0.9689779042696797,-0.24684292591393917,-0.012263399340533878,13.559284501383855,-0.24698244719242962,0.9653260937417265,0.08452930568849494,12.737162126346623,-0.00902728176022944,0.08493587385543203,-0.9963455251650583,9.22907433060828,66.77205406087145,56.52457844060258,39.1097328245565,19.933837370323268,5.823009180458162,68708.0,147610.38654138678, 0.0, 0.0,0.0,NaN, 191.41639204353038,191.41639204353038,0.0, 182.52739486487164, 5.230007884545964, -0.43619894743091137, 5.230007884545964, 162.9966543094566, 6.586639112895621, -0.43619894743091137, 6.586639112895621, 85.74125904787167, 6.843567558282252, 4.701020754606092, 15.0, 0.0
24, 0 ,1.0,1.0,1.0,72.48904376216488,217.7021033465185,129.58380109248446,12.905421294820487,11.599915777980662,12.447764407489538,60.0,54.0,62.0,-0.7600774650175269,-0.3959772632663831,-0.5152516415777789,13.253448298677943,-0.6304060754207855,0.256886041098509,0.732528321610365,12.487994984612328,-0.1577036056819654,0.8815960349643148,-0.4448797634081664,11.15575515399932,65.07904017324321,61.64157545621963,59.97326048123958,20.55008736804356,5.809362509192003,79635.0,240587.20635408734, 0.0, -2.8421709430404007E-14,0.0,66.67306258462209, 169.76326682977316,169.76326682977316,1.9073486328125E-6, 166.54989879680608, 10.30969529942663, 5.506697638641223, 10.30969529942663, 134.55804605624473, 16.374238881358977, 5.506697638641223, 16.374238881358977, 154.9468387443634, 6.23226189760043, 4.498851017947495, 25.0, 0.0
25, 0 ,1.0,1.0,1.0,270.4372464308428,10.189083093927499,175.82578565319415,12.902779741294035,6.322720278355793,13.42949946870071,60.0,26.0,59.0,0.6268974196597717,0.026112273190850018,0.7786640960084946,14.333571068352603,-0.7773296694895305,-0.04640815420687132,0.6273793654196862,11.904402931747237,-0.052518664827057374,0.9985812097230338,0.008795307434396639,6.296340525861419,65.35732873022647,64.39618378681689,27.73090226227071,18.665271115641044,6.198195457568639,45599.0,116712.78299477941, 0.0, 0.0,0.0,NaN, 128.05080757860202,128.05080757860202,0.0, 166.48172505234774, 6.3963696851525995, 31.15961941372883, 6.3963696851525995, 39.97679171833156, 0.39946218334089967, 31.15961941372883, 0.39946218334089967, 180.35145597983265, 6.311256066773496, 4.563226591581829, 15.0, 0.0
26, 0 ,1.0,1.0,1.0,122.17347376681339,231.29641845580392,239.5133464938632,13.404823508484304,12.192392167532844,11.660112440752522,60.0,62.0,54.0,-0.876308221078596,-0.3935921665876246,-0.2777932829838165,13.691547110297863,-0.48174082302336935,0.7122077327734881,0.5105741129458244,12.409031775081916,-0.0031114470642936085,0.5812446574193252,-0.8137229056126282,11.084196422069716,68.23570299563983,63.33773767559637,52.793011001996234,20.73228839623396,5.871470007329727,81557.0,228165.85326451872, 0.0, -2.8421709430404007E-14,0.0,66.82180001557344, 152.66032576154714,152.66032576154714,0.0, 179.68929329361345, 11.601876867556275, 8.069953208244868, 11.601876867556275, 148.65442676691626, 18.38109357272664, 8.069953208244868, 18.38109357272664, 135.95822213099174, 6.081212486743836, 4.406874913449589, 23.0, 0.0
27, 0 ,1.0,1.0,1.0,86.01306914735201,165.12410434295126,13.853103484521995,12.222640354557013,12.560831009710514,8.78898864577204,52.0,57.0,36.0,-0.40427342973921576,0.9145895214639497,0.0094340465991692,12.646131795629993,0.905712101142283,0.39886927821733376,0.14348828781059053,12.196459284277415,0.1274699331266901,0.06655303240820287,-0.9896070482903556,8.702612587113139,61.89200834117145,55.55880322643027,38.52126158468164,18.798570086058028,5.570233121369037,57081.0,132460.9787008188, 0.0, 0.0,0.0,NaN, 160.56669570490368,160.56669570490368,0.0, 149.3929372368456, -4.749874421258218, 9.168279896998197, -4.749874421258218, 157.77447565450524, 4.905460922472638, 9.168279896998197, 4.905460922472638, 77.24632141550985, 7.009324449418971, 4.817008840989891, 11.0, 0.0
28, 0 ,1.0,1.0,1.0,272.97177247550064,219.9740685508687,197.05376840410926,13.91765269852505,11.173573522213207,13.00034719716681,60.0,58.0,64.0,-0.821617302668298,-0.027372418330865567,0.569381909328695,14.726161975488859,0.5574879777889493,0.16986748326732018,0.8126205712072608,12.106489164173748,0.11896286217495912,-0.9850866910293464,0.1243062692706804,11.141449758867036,72.47042208623384,63.989783101827584,58.89143062579254,21.175557038244094,6.257364721668317,84492.0,273101.15285645233, 0.0, 0.0,0.0,NaN, 133.16381410582957,133.16381410582957,0.0, 193.70105663676162, 4.210009864766153, -33.21570991758045, 4.210009864766153, 124.84874525630404, 1.6517043811652192, -33.21570991758045, 1.6517043811652192, 169.00902724688297, 5.859337821213062, 4.278612593930688, 28.0, 0.0
29, 0 ,1.0,1.0,1.0,27.266931359913524,271.27263750883463,232.9008023947117,13.494168124315882,12.55650490972777,13.012678648815365,60.0,58.0,67.0,0.8813724343081345,0.10062563531869148,0.461581101821189,13.663190552892543,-0.463873001552621,0.36936959276427833,0.8052253984889655,12.903309537982064,0.08946770630968068,0.9238184807947182,-0.37222969262247707,12.486393451074044,66.86236060803634,60.29394564735543,60.324607994013405,21.7427809590207,6.028239436244955,96212.0,243192.35539942002, 0.0, 0.0,0.0,NaN, 77.91693795804979,77.91693795804979,NaN, 182.0925733673028, 0.915489996030732, 8.565247504459071, 0.915489996030732, 157.6658155480176, 4.577662374592678, 8.565247504459071, 4.577662374592678, 169.32980561733527, 6.6360714170670265, 4.64012539446536, 22.0, 0.0
30, 0 ,1.0,1.0,1.0,88.20504626599417,216.55380587533207,276.71505024448464,11.965598228118152,13.05882909074587,11.691261142042618,56.0,65.0,52.0,0.13371406838243483,0.9836759960469325,0.12042459349191617,13.098616773917346,0.9902095014106878,-0.12770124734789723,-0.05636962605684526,11.944421683573694,-0.04007107725797916,0.12678298871247265,-0.9911207709156933,11.668383543769735,66.50539592054622,56.170003133693086,55.58219621253809,20.408954900222035,5.819682564384767,77919.0,207633.31335174525, 0.0, 0.0,0.0,NaN, 123.63489145785185,123.63489145785185,1.9073486328125E-6, 143.17554095674424, 3.8349676398544505, 0.20656890160121658, 3.8349676398544505, 170.53301722131064, 4.243036382012162, 0.20656890160121658, 4.243036382012162, 136.68558709143568, 5.759780461678804, 4.323832116813979, 21.0, 0.0
31, 0 ,1.0,1.0,1.0,260.57970585697205,256.0186520704661,221.05278794827225,11.682179387136921,12.768219888612201,12.617011273784556,57.0,63.0,61.0,0.0060902144242922975,-0.7280481376796679,0.685498955877712,13.850610969186771,-0.7913569320280048,-0.42258653627972337,-0.44178594985165615,12.061804818607751,0.6113240674302709,-0.5397837794675504,-0.5787195832216472,11.016495274725958,67.64961269142495,60.23589913931272,57.493539116626735,20.615355807974986,5.804897307505849,81117.0,234282.44901503518, 0.0, 0.0,0.0,NaN, 98.59503459486196,98.59503459486196,0.0, 136.47331523324678, 7.754970043744188, 8.728216027718524, 7.754970043744188, 163.02743912395218, -30.669253894568854, 8.728216027718524, -30.669253894568854, 159.18897348280657, 5.877635885366523, 4.3398925497637695, 22.0, 0.0
32, 0 ,1.0,1.0,1.0,122.27983828440851,275.10185068930014,232.04866534414785,12.839895070069792,11.932987912817334,12.09633784712446,64.0,48.0,59.0,0.8766982162053887,-0.18997714882397215,0.44193768862477,13.193134871254678,0.14985825057653174,-0.765131278057994,-0.6261921686443251,12.104292614307436,0.4571025513344146,0.6152095661334078,-0.6423195834641143,11.53290023479476,66.6423405002376,63.545527933136896,60.55907229255263,20.500973453508166,5.7697991913218285,79646.0,256456.93462816294, -1.4210854715202004E-14, 0.0,-2.8421709430404007E-14,41.343367533135854, 142.09032539715932,142.09032539715932,0.0, 164.86290541040256, -8.385782690444227, 14.63763838497397, -8.385782690444227, 142.3962005274446, 3.024473629915874, 14.63763838497397, 3.024473629915874, 146.3213893117756, 6.015440186253794, 4.36879389449946, 18.0, 0.0
33, 0 ,1.0,1.0,1.0,191.13504419445562,221.44891271595017,26.537201185214947,14.029674016931036,11.00648807768175,12.619735780843534,71.0,55.0,59.0,-0.9634049669615834,-0.20607910413697367,-0.1714125796779596,14.162353158746686,0.22533007367901894,-0.27627813025636894,-0.9342894372933117,12.765898627199709,0.14517998322619546,-0.9387234936764641,0.3126035426707354,10.662638006178446,72.14392301057987,65.90371700399717,56.528017407155005,20.94803413970512,6.197751986449638,79648.0,268765.43697751267, 0.0, 0.0,0.0,NaN, 136.8432496062342,136.8432496062342,0.0, 196.83175302134984, 14.181391809301328, 3.9735820617193736, 14.181391809301328, 121.14277980415049, 15.78839859911915, 3.9735820617193736, 15.78839859911915, 159.25773117830255, 6.000605268378069, 4.3945633971400015, 23.0, 0.0
34, 0 ,1.0,1.0,1.0,9.579426404361223,79.37388006636644,30.391230149324485,6.388317700045282,11.499182670166064,14.091962844423543,26.0,61.0,61.0,0.0411091607449235,-0.1668179373892108,0.9851303531350853,14.173352994413099,-0.05475494851914675,-0.9848583313201635,-0.164486968608241,11.42245849430433,-0.9976532125520938,0.047178840537598896,0.049620807027034204,6.345764632322019,63.33280420107747,60.679995382545385,26.937065077112326,18.275520762469906,6.13437550103545,42190.0,103520.06412987993, 0.0, 0.0,0.0,NaN, 85.53131074066214,85.53131074066214,NaN, 40.810603036711846, 3.76286152874149, 7.316994258583092, 3.76286152874149, 132.23120208184753, -11.782395458057493, 7.316994258583092, -11.782395458057493, 198.58341680861366, 5.909233057571689, 4.449602365560542, 14.0, 0.0
35, 0 ,1.0,1.0,1.0,57.15961200514744,237.8355726521745,58.83594625634781,11.802256135129507,11.451283667347083,12.48474195243199,63.0,57.0,61.0,-0.5706318569661645,0.22343101721958206,0.7902264639706574,13.190609154834075,0.22379945864690273,-0.8835409934676196,0.41142327981241494,11.418967062810347,0.7901221969573436,0.41162348500355767,0.4541728971094885,11.041238629380642,62.08748722589787,62.06136153568747,56.26782984263704,19.872116607183248,5.602937682917199,72269.0,216813.11458145978, 0.0, 0.0,0.0,NaN, 102.92378657988598,102.92378657988598,0.0, 139.29324987920208, -8.318010911218115, -22.704640164758974, -8.318010911218115, 131.13189763005005, 6.111908970155588, -22.704640164758974, 6.111908970155588, 155.86878161881538, 5.8003716095219096, 4.290615276588248, 22.0, 0.0
36, 0 ,1.0,1.0,1.0,11.213674883693994,111.71756461980966,175.75026542864313,7.169228052793649,13.230177548923189,14.012189370526595,31.0,69.0,68.0,0.0701951609903796,0.4816620105447843,0.8735412680414651,14.392154049261661,0.05579365757852441,-0.8762263024585824,0.478659100669539,12.859868672244804,-0.9959717401350026,-0.01513850975880702,0.08838053165000453,7.089891350326246,71.84221159589447,66.93766764870162,32.872698098811895,19.443322397328842,6.688355101075415,51803.0,158083.1642491928, 0.0, 0.0,0.0,NaN, 167.46509275079146,167.46509275079146,NaN, 51.39783087296342, -0.3237210736187701, 12.692996775675969, -0.3237210736187701, 175.0375979760312, 17.723705837238608, 12.692996775675969, 17.723705837238608, 196.3414509554985, 7.673513102761094, 4.6909577004075755, 18.0, 0.0
37, 0 ,1.0,1.0,1.0,89.30750530904214,18.52313624678663,217.9749217614843,12.761097756961467,10.780507543039695,12.248459359693525,61.0,43.0,57.0,-0.8122422555627775,0.05997158064898458,0.5802292028093327,13.344202084170211,-0.5194142679440639,0.37832189840680414,-0.7662123461821818,11.78394097175867,0.2654643790312056,0.9237293709200405,0.276138937430494,10.590595896608528,67.19019307406124,61.604369161197155,53.78081741374642,19.9055104269213,5.73239654752336,71576.0,222610.06810583352, 0.0, 0.0,0.0,NaN, 122.66641977728148,122.66641977728148,0.0, 162.845615962727, -8.457237464957108, -20.434769028309383, -8.457237464957108, 116.21934288553577, -5.446434146040832, -20.434769028309383, -5.446434146040832, 150.02475668606394, 6.354711930463937, 4.606383822107316, 21.0, 0.0
38, 0 ,1.0,1.0,1.0,129.1405014874628,63.12557373565661,246.9782511687208,12.807803152490724,13.090188984179928,13.264789387154606,60.0,60.0,61.0,0.6644127204867656,0.7304295109997269,-0.15820387579346795,14.284522584438076,-0.07472848950583982,-0.14569254258533126,-0.9865035914233647,13.24056875006016,-0.7436204607940469,0.6672678716195781,-0.04221608452625506,11.488570861063405,70.33790293764025,61.94710500310208,57.06695637930278,21.753185742432777,6.176278553891736,94120.0,248653.82346999663, 0.0, 0.0,0.0,NaN, 153.2103555018931,153.2103555018931,1.9073486328125E-6, 164.0398215929513, 35.44305581087645, -4.380507792766319, 35.44305581087645, 171.35304764154554, -2.100063223152385, -4.380507792766319, -2.100063223152385, 175.95463748556944, 6.156498637791332, 4.4130700478591205, 28.0, 0.0
39, 0 ,1.0,1.0,1.0,201.31749087669894,184.06123387258987,86.5630297979943,12.316584633800117,12.227981604157215,11.229398627137549,65.0,56.0,55.0,-0.8262898426526988,0.12169847349860069,0.5499405217631158,13.04832421558812,0.19281465083991073,0.9785033751188303,0.07316867705883842,12.265602745530215,0.5292141403538465,-0.16649512434052713,0.8319926485374564,10.325570644476038,59.91650968325621,55.939577266242026,52.01531008690452,19.860256502268275,5.7351021215324955,69602.0,174339.9344763342, 0.0, 0.0,0.0,NaN, 175.13764080238477,175.13764080238477,0.0, 151.69825704156116, 1.8692832660485377, -28.30096595609454, 1.8692832660485377, 149.52353411160726, 7.397192135297168, -28.30096595609454, 7.397192135297168, 126.09939352715867, 5.715771725252543, 4.213312734209999, 24.0, 0.0
40, 0 ,1.0,1.0,1.0,71.52123834390153,259.7312644535621,137.35386795971652,11.806044145355118,10.902731272625967,12.011836112122548,64.0,49.0,60.0,-0.30572196928202633,0.34255357429895184,-0.8883642981532583,12.17714279244206,-0.9323641479315652,0.08137627469621658,0.35224281052764106,11.810153061870746,-0.19295381092418348,-0.9359673876004321,-0.2945061564691924,10.713258720731188,61.14074596742431,61.664997790348714,50.74561598068749,19.319851083380204,5.411080157018569,67025.0,191323.35240045536, 0.0, 0.0,0.0,NaN, 160.0091986113591,160.0091986113591,0.0, 139.38267836207388, -5.383744199174144, 0.9869193429219031, -5.383744199174144, 118.86954920309623, -9.488998587237448, 0.9869193429219031, -9.488998587237448, 144.28420678449135, 6.012964562076279, 4.420402892212503, 24.0, 0.0
41, 0 ,1.0,1.0,1.0,191.06188716376244,244.8250248852988,86.56974176496837,12.332098065481095,13.059148386091953,12.70878523949921,61.0,62.0,64.0,0.43253008789387587,0.6206057486124157,-0.6540383993740263,13.484361078059601,-0.4700317410251955,0.774239452881154,0.42382004675465024,12.810966713641575,-0.7694074898877313,-0.1241038854811304,-0.6265862591161312,11.75526944433017,66.15571793772028,60.95599300104412,61.970742552414436,21.179087434521023,5.965021120772267,87401.0,249902.4405178067, 0.0, 0.0,1.4210854715202004E-14,49.153223540456835, 149.68670781496277,149.68670781496277,0.0, 152.08064269664254, 2.2767410029109203, -17.512222208060848, 2.2767410029109203, 170.54135656996806, -9.204035871309676, -17.512222208060848, -9.204035871309676, 161.513222263713, 6.129364832023373, 4.3943231997977845, 30.0, 0.0
42, 0 ,1.0,1.0,1.0,68.18661971830986,43.53206915101721,170.2074530516432,12.225821006933321,12.337605073761432,12.947836433839015,57.0,60.0,59.0,-0.19775199213042793,-0.003612601425539874,0.9802454277982566,12.978058303664474,0.6149556942651517,-0.7791938197496712,0.12118781025656919,12.597036429995802,0.7633633759221834,0.6267726385020791,0.15630871992896117,11.925533213033672,64.16744591969916,68.09596759547652,63.82015735588742,20.816275747353586,6.0013607271384055,81792.0,278865.0059503468, 0.0, 0.0,0.0,NaN, 152.93973125554965,152.93973125554965,0.0, 149.4706992935721, -7.871754004317339, -3.85380677059229, -7.871754004317339, 152.21649895610383, -1.6477791147599727, -3.85380677059229, -1.6477791147599727, 167.64646831744903, 5.764700955915715, 4.176840409602602, 24.0, 0.0
43, 0 ,1.0,1.0,1.0,111.0482258043153,171.44821785719017,170.57309368336004,12.704801627538709,10.416004496940928,13.178914056641974,59.0,50.0,61.0,-0.5457708640246692,0.13723270352510364,0.8266204383300456,13.49810086567587,0.8134062718693044,-0.1501721622980912,0.5619773648060884,12.467947180991972,-0.20125705171607217,-0.9790891209455381,0.02966635098301802,10.292738989199806,61.89464850817623,64.91954107234707,48.8451320054472,20.256286972014372,5.7681667707495965,75499.0,196268.15035660393, 0.0, 0.0,0.0,NaN, 213.5616848244903,213.5616848244903,0.0, 161.41198439511024, -11.75916185933617, -11.77209809535386, -11.75916185933617, 108.49314968029363, 4.472436850224335, -11.77209809535386, 4.472436850224335, 173.68377571235538, 5.884166363398807, 4.313804772277004, 22.0, 0.0
44, 0 ,1.0,1.0,1.0,221.2654782276829,191.72342940155366,233.2616740738917,12.073801818623728,12.664880587058953,12.360884868240175,58.0,62.0,62.0,-0.37490287846414333,-0.806589995529118,0.4570124843279867,13.347492818696885,-0.6572806124737034,-0.11638778830031543,-0.7446046462390324,12.432715623033218,0.6537813305574682,-0.5795398708000162,-0.4865218494246762,11.235630069443106,67.99757669484994,67.09889572909924,53.28375659958549,20.624551116001353,5.796141529431036,81227.0,243110.4595154467, 0.0, -2.8421709430404007E-14,0.0,36.23590974630653, 149.58925364709614,149.58925364709614,0.0, 145.77669035540166, 17.866546448655022, 4.971515139923896, 17.866546448655022, 160.39920028446272, -16.6820083461168, 4.971515139923896, -16.6820083461168, 152.79147472588892, 5.79781786933871, 4.259771282152261, 30.0, 0.0
45, 0 ,1.0,1.0,1.0,234.62919433971194,160.72132388900283,16.559213743709478,12.504312914758653,12.165680790157497,10.165254149148568,59.0,59.0,42.0,0.9129317748382556,0.35675277942339867,-0.19819946736646948,12.649109933897757,0.3678790816081292,-0.9296321909763318,0.021188931443198392,12.1119818952208,0.1766933949128601,0.09225748681936233,0.9799326509102262,10.04957386783151,67.57328926946565,59.56213320216828,46.304744526880036,19.349414883392797,5.770109716922786,63389.0,186367.7643859387, 0.0, 0.0,0.0,NaN, 154.74527266355202,154.74527266355202,NaN, 156.35784147020004, 3.586579974617228, -10.320429111582591, 3.586579974617228, 148.00378908800712, -5.072528186552458, -10.320429111582591, -5.072528186552458, 103.33239191678219, 5.93641242590225, 4.370193812968214, 20.0, 0.0
46, 0 ,1.0,1.0,1.0,24.15135935459802,59.96067664614811,105.47550596903562,11.216530297739299,13.696898259996319,13.484654405134622,51.0,71.0,72.0,0.21568148263284387,0.8737518603286274,-0.4359348398804127,13.9579812209555,-0.11654014797758286,-0.4202176629124853,-0.8999086118521876,13.371502971132374,-0.9694843433282774,0.24489753438659165,0.011194002532913097,11.028560505304496,79.19220577074225,67.50817448258857,58.427922785653145,21.340359146038804,6.311937088472147,85776.0,312362.75929580297, 0.0, 7.105427357601002E-15,0.0,29.102398865740586, 123.707935323337,123.707935323337,1.3486991523486091E-6, 125.81055192010362, 16.593598851695752, -0.8866057404868228, 16.593598851695752, 187.60502194469018, -6.261822868476391, -0.8866057404868228, -6.261822868476391, 181.83590442591654, 5.562027543374942, 4.067400965169992, 25.0, 0.0
47, 0 ,1.0,1.0,1.0,180.89678435490222,10.16894605591285,143.52739204620028,12.548364663624087,6.360468752839973,11.476953706053637,60.0,26.0,55.0,-0.978936517714502,0.016988666068258197,-0.20345682468333592,12.594599667639436,0.20406631149273022,0.05045777199553632,-0.9776558462766938,11.437784378906716,-0.006343090631267639,-0.9985816934384826,-0.05286177003067382,6.339608234865599,60.227936331790744,55.294904432360354,27.52360476779569,17.27158998725155,5.597290788437101,38095.0,91661.80546027188, 0.0, 0.0,0.0,NaN, 186.78622997553754,186.78622997553754,0.0, 157.46145573128965, -1.0364274605105834, 5.506777937410627, -1.0364274605105834, 40.45556275585368, -4.880280751000036, 5.506777937410627, -4.880280751000036, 131.7204663708983, 5.659037000168526, 4.2551325569659095, 16.0, 0.0
48, 0 ,1.0,1.0,1.0,112.50869061413674,212.25690920472556,151.3348650124532,11.400415811971785,12.879126189379608,11.601939963053214,54.0,61.0,55.0,-0.07831523646473816,0.9298607536246429,0.3594797666157078,13.101224873691008,0.9352113176440725,-0.05637744413583824,0.34957313275357416,11.393429813980138,0.34532088712950715,0.3635664487563751,-0.8652010877540366,11.357554616949887,62.16366160558604,50.13390513377598,55.933198011479064,19.994776478269756,5.536722548416756,75081.0,174316.20949491078, 0.0, -2.8421709430404007E-14,0.0,21.58688057561466, 206.05430790663132,206.05430790663132,0.0, 129.96948068585627, -3.1487611147438073, -0.9338247948305821, -3.1487611147438073, 165.87189140196372, 14.23971162843835, -0.9338247948305821, 14.23971162843835, 134.6050109062912, 6.4254283556817535, 4.381605585834083, 16.0, 0.0
49, 0 ,1.0,1.0,1.0,284.2418047514474,288.26152924735476,246.15743661409462,8.811582493635171,7.1155900961789245,10.078074589911992,34.0,27.0,44.0,-0.3582859749844609,0.2317741042307124,0.9043848322133036,10.45524230054538,0.9290657135983124,-0.006966742291086695,0.3698491102029429,8.55757165306613,-0.09202206227581067,-0.9727446885539397,0.21283728748648886,6.877432059884911,50.46334706045002,42.471520714474366,32.781325587704174,14.46879561001638,4.5273777724396,25045.0,70258.7429227815, 0.0, 0.0,0.0,NaN, 57.316088884949686,57.316088884949686,0.0, 77.64398604213784, -5.31750134246274, -11.183047959071963, -5.31750134246274, 50.63162241683959, 12.931914161616218, -11.183047959071963, 12.931914161616218, 101.56758743982978, 7.469729763242055, 4.723425943632218, 8.0, 0.0
