// Sample: .//bubblelabels.tif, Map: .//bubblelabels.tif, Thickness:(8.191250068658265):/gpfs/home/mader/Foam/NewValid/InSilicoTest/LatticeDataPhi_16.0/out_Step_05000.vtk/distmap.tif, Neighbors:(1.0):
//LACUNA_NUMBER, TRIANGLES, SCALE_X, SCALE_Y, SCALE_Z, POS_X, POS_Y, POS_Z , STD_X, STD_Y, STD_Z,PROJ_X, PROJ_Y, PROJ_Z, PCA1_X, PCA1_Y, PCA1_Z, PCA1_S, PCA2_X, PCA2_Y, PCA2_Z, PCA2_S, PCA3_X, PCA3_Y, PCA3_Z, PCA3_S,PROJ_PCA1, PROJ_PCA2, PROJ_PCA3,OBJ_RADIUS, OBJ_RADIUS_STD, VOLUME, VOLUME_BOX, Mask_Grad_X,Mask_Grad_Y,Mask_Grad_Z,Mask_Angle, Mask_Distance_Mean,Mask_Distance_COV, Mask_Distance_STD, SHAPET_XX, SHAPET_XY, SHAPET_XZ, SHAPET_YX, SHAPET_YY, SHAPET_YZ, SHAPET_ZX, SHAPET_ZY, SHAPET_ZZ, Thickness, Thickness_STD, Neighbors, Neighbors_STD
1, 0 ,1.0,1.0,1.0,129.7319137502519,15.17064105147668,180.38093638745215,21.469123143398797,9.4807517779098,11.426039523616783,86.0,38.0,47.0,-0.9844078228354812,-0.04497066185215086,0.17005551420900078,21.72735656031791,0.14371646641240227,0.3518103631019946,0.9249729972793673,11.193637623300267,0.10142394008438568,-0.9349904320294529,0.33986184897857635,9.164427733091767,87.29314660255497,55.8295181002934,46.15073923726385,24.393017074269626,9.292093414857586,89322.0,224917.2110252389, 0.0, 1.7763568394002505E-15,0.0,87.42250160384255, 74.5161724201397,74.5161724201397,0.0, 460.92324854642186, 19.269308463969313, -59.47642347088179, 19.269308463969313, 89.88465427433984, 10.475221866756668, -59.47642347088179, 10.475221866756668, 130.55437919525286, 11.051653548135901, 6.461669343693876, 11.0, 0.0
2, 0 ,1.0,1.0,1.0,180.7588037669504,165.7174352011419,92.20447542952634,11.333829420410249,16.21434240395485,15.45432763379438,49.0,67.0,79.0,0.15252251066020397,0.899668342708356,0.4090644898671961,16.5548580479512,0.07483883493271384,0.4022048283778823,-0.912485849104211,15.223717649142396,-0.9854623445509335,0.16978854248128825,-0.005984840370287833,11.152216259007956,81.54913243455405,84.73494761580687,54.840934663807886,23.97585948974598,7.440093632759869,114894.0,378954.2293225725, 0.0, 0.0,0.0,NaN, 100.23563822763215,100.23563822763215,0.0, 128.45568933095691, 23.773091408550634, 2.0059047739919307, 23.773091408550634, 262.90489959268825, 15.677113642309928, 2.0059047739919307, 15.677113642309928, 238.83624261266058, 7.8413262785613025, 5.532447169991429, 16.0, 0.0
3, 0 ,1.0,1.0,1.0,169.5892735672581,62.6992163142679,169.63593333711242,15.432111229058545,14.914743405057456,14.52217767610625,66.0,73.0,63.0,-0.8106562498165071,-0.5631106448677191,-0.16044577361245316,16.073081599919135,0.23310327193125266,-0.5617488043983525,0.7937891063575802,14.73153949656318,-0.5371213170675517,0.6060896653084284,0.5866481128904582,14.004680082910795,78.22206443137998,75.4010863331189,74.39386338233444,24.915736313857586,7.120348040622036,141128.0,438777.1363741848, 0.0, 0.0,0.0,NaN, 76.01302883650082,76.01302883650082,0.0, 238.15005698603485, 25.66442572456601, 11.956662575008105, 25.66442572456601, 222.44957083870486, -3.692954380228653, 11.956662575008105, -3.692954380228653, 210.8936444563987, 8.000363388518112, 5.527065608148148, 16.0, 0.0
4, 0 ,1.0,1.0,1.0,16.01718952295588,44.43188925405836,15.880430236032268,10.044619274304726,11.949440634066251,10.449770994019534,44.0,57.0,41.0,0.1681484297691059,0.922026248363324,-0.3487028862731677,12.151793944216195,0.6182720855372917,-0.3741565470929548,-0.6911920908928617,10.817763963128112,-0.7677667183536626,-0.09937039597652422,-0.632976927377228,9.391012109225338,56.06911417852095,60.91124763498853,48.10990751963701,17.99084325686543,5.4046998591179545,50205.0,164306.8660475294, 0.0, 0.0,0.0,NaN, 49.82901973128392,49.82901973128392,0.0, 100.89437636573398, 2.550906873294439, -15.808839981948104, 2.550906873294439, 142.78913146707364, -11.665399239277143, -15.808839981948104, -11.665399239277143, 109.19771382745202, 9.557919119867881, 5.887638165502486, 7.0, 0.0
5, 0 ,1.0,1.0,1.0,29.99270094071951,108.50457364397052,173.2661160485449,16.467124406773202,14.441115302557465,14.082279502947147,74.0,71.0,64.0,-0.9976695414462277,0.011609970190747776,-0.06723611129924047,16.476832794898982,-0.04743136702157594,-0.8263844267816352,0.5611051992231512,14.753450794663973,-0.0490484606581946,0.5629866674841931,0.8250092488827647,13.74308059015156,75.83544314565256,77.9735676389313,72.48167169019965,24.96199527192493,7.410896400137642,138511.0,428595.7257976784, 0.0, 1.4210854715202004E-14,0.0,89.33478276296536, 99.92835285803984,99.92835285803984,0.0, 271.16618622814565, 0.1716406924652461, 4.7754116519632195, 0.1716406924652461, 208.54581118175938, -13.415032629297874, 4.7754116519632195, -13.415032629297874, 198.31059599912535, 7.498040869395798, 5.161238771914543, 18.0, 0.0
6, 0 ,1.0,1.0,1.0,48.72096753864311,12.906775291327214,24.18305776127783,19.864234171548418,8.321585699696998,13.965798365662769,85.0,35.0,61.0,-0.9823364539942345,-0.026265093693091553,0.18527071006321075,20.05300817763838,-0.18629608458488586,0.04428464170075504,-0.9814951041028053,13.71028380203251,-0.01757441385577718,0.9986736280500895,0.04839550201100303,8.293677885302495,87.13829434608884,68.17130788258939,35.67898260065725,24.111621820365567,8.803965297601703,87273.0,211944.98395344336, 0.0, 0.0,0.0,NaN, 55.90293202514185,55.90293202514185,NaN, 394.5877992221119, 7.617210270007909, -38.87376596882978, 7.617210270007909, 69.24878855740158, -6.802546515580451, -38.87376596882978, -6.802546515580451, 195.0435239903489, 7.640898409233016, 5.081956852768826, 10.0, 0.0
7, 0 ,1.0,1.0,1.0,161.4941569848854,175.9576773908837,138.55301146537897,15.364559115250932,14.138299294434827,14.7122277647823,73.0,59.0,79.0,0.8046745758294583,-0.43368946146332976,0.40547783913467905,16.66744777670337,-0.09910791256054721,0.5752483560184706,0.811952554381066,14.725645628334929,0.5853857264074455,0.6935436395164287,-0.41990566965061754,12.560349317891374,89.48843449284774,83.15777485098948,73.76266252619162,24.333999312454047,7.7632021105568505,117833.0,548916.5878932292, 0.0, 0.0,0.0,NaN, 76.39676447808064,76.39676447808064,NaN, 236.0696768060405, -45.260306018826405, 34.41244174716456, -45.260306018826405, 199.8915069390163, 6.486348206173096, 34.41244174716456, 6.486348206173096, 216.4496458028312, 7.66833744554973, 5.037802730507615, 20.0, 0.0
8, 0 ,1.0,1.0,1.0,88.71592872512959,123.6776942727822,79.44560574099789,13.746600228380588,12.428587804109155,12.743648326829543,74.0,60.0,63.0,-0.908043791709114,-0.34142040551046166,-0.2426696912257632,13.844563438626814,0.4015431654938162,-0.5445849375399879,-0.7363357468232636,13.41557550688763,0.11924579063321666,-0.7660674595005584,0.631602001984335,11.584031350704466,71.32785720626876,71.7176081357299,57.91096282587749,21.65186333724861,6.085737370802114,94339.0,296241.40571461513, 0.0, 0.0,0.0,NaN, 141.4468615156775,141.4468615156775,0.0, 188.96901783891323, 7.808250339904971, -0.871667197521711, 7.808250339904971, 154.46979480445083, 23.123353948641324, -0.871667197521711, 23.123353948641324, 162.40057267790542, 7.333085956313457, 4.966665933140308, 22.0, 0.0
9, 0 ,1.0,1.0,1.0,171.7123987071994,38.549147501053916,16.235994660171436,15.264751978361376,13.910672176839318,10.936312015801994,69.0,69.0,50.0,0.8109237968520076,0.49178214834632505,0.3171007951219885,16.466542473199297,0.5294991764576615,-0.847370157708918,-0.039930413909972234,13.13156834287094,-0.24906468603513882,-0.2002851327289097,0.9475508681743585,10.126068620851216,88.37358354417444,74.74241651911689,56.125808936971744,22.15209686455231,7.443586392515086,85396.0,370725.29080450657, 0.0, 0.0,0.0,NaN, 50.49586797514803,50.49586797514803,0.0, 233.01265296088755, 35.877980966624605, 41.87916329633525, 35.877980966624605, 193.50680041149153, 28.65891880663321, 41.87916329633525, 28.65891880663321, 119.60292050697507, 7.664001529699642, 5.031661142074584, 11.0, 0.0
10, 0 ,1.0,1.0,1.0,76.16905456491344,54.71937304724586,43.124864062419086,12.735286847942403,14.41449432488774,16.536764345706185,64.0,69.0,80.0,-0.21217490808287953,0.5530226188108615,0.8056970841846198,18.325053900413998,0.6993364966956894,-0.4899478082426547,0.5204609587544669,12.717121356867793,-0.6825762029029594,-0.6738821323360602,0.28279426965336985,12.078782087140805,89.26829443924464,65.20609925373495,62.63048095404669,24.181799020665306,7.659657230664497,115862.0,364561.83761356695, 0.0, 0.0,0.0,NaN, 103.22639468856084,103.22639468856084,0.0, 162.18753109937472, -27.706990729285714, -26.70386936519847, -27.706990729285714, 207.77764664222084, 80.58206167790668, -26.70386936519847, 80.58206167790668, 273.46457502541926, 7.547384400598291, 4.792224206731986, 18.0, 0.0
11, 0 ,1.0,1.0,1.0,60.131479855032964,73.82521174677206,139.09646970935927,12.35600347662304,15.394650450305896,12.009479909434805,63.0,70.0,60.0,-0.010540525774932037,0.9750712886255107,0.2216413305648878,15.560568900916214,-0.845783251070083,0.1095478884312145,-0.5221589339938396,12.712848895097551,-0.5334225243891646,-0.19296435483904284,0.8235442721771811,11.408148865911524,69.38285373201809,65.63171512685153,54.17394772595289,22.208804747019894,6.376729867675671,99057.0,246692.75579375774, 0.0, 0.0,0.0,NaN, 113.02741597008647,113.02741597008647,0.0, 152.67082191432067, -4.066835839869507, 13.636871483138897, -4.066835839869507, 236.9952624871035, 22.40169070886313, 13.636871483138897, 22.40169070886313, 144.22760769511822, 8.014297173013404, 5.156144443353036, 21.0, 0.0
12, 0 ,1.0,1.0,1.0,41.14433481488376,55.022677029762875,176.81483722337282,13.410814979817696,12.224377243859104,12.435311553937769,70.0,60.0,49.0,0.8157725701880937,0.2591631122400056,0.5170585991769079,13.986108775642174,-0.5034941552385264,0.7581517283350027,0.41436649534354275,12.351911984167378,-0.2846203600752318,-0.5983648035076277,0.7489664962826597,11.650809521997537,73.80948000230062,67.97798562948745,61.97507643955413,21.144270285904835,6.069774702839003,85946.0,310954.9738318699, 0.0, 0.0,-2.8421709430404007E-14,58.86484584672998, 72.51139943387902,72.51139943387902,0.0, 179.8499584229027, 6.233771105645379, 21.74232592842051, 6.233771105645379, 149.43539900018033, 13.309390573751553, 21.74232592842051, 13.309390573751553, 154.63697344349816, 7.425595947851188, 4.904608507152078, 11.0, 0.0
13, 0 ,1.0,1.0,1.0,78.66409568522245,185.95297179904827,27.540113698061383,12.350704197348362,8.160496132857036,15.003976102315745,59.0,33.0,60.0,-0.2216458113678596,0.020685865922688524,0.9749078055150197,15.13764859703824,0.975127177871849,0.004344830527611032,0.2216034959637809,12.189418587535839,-3.482510104976722E-4,-0.9997765837419452,0.021134363546574907,8.156136317770626,63.10964507772755,60.93440390523673,33.02142314926169,20.06136155543173,6.464879173336876,62622.0,126985.48767664422, 0.0, 0.0,0.0,NaN, 84.5211027717594,84.5211027717594,0.0, 152.53989417039844, -0.3979629875606205, -17.408541860069494, -0.3979629875606205, 66.59369713437462, 3.3586540647183556, -17.408541860069494, 3.3586540647183556, 225.119298878862, 7.259540166619589, 4.902378743007149, 10.0, 0.0
14, 0 ,1.0,1.0,1.0,183.64508324004188,19.18182803076812,176.91647105557763,9.520613503000469,11.473377190839257,12.413000551848441,37.0,45.0,53.0,0.10672434564176375,0.5351647486253878,0.8379788815215229,13.004053415604869,-0.1960306313116196,-0.8149247272119359,0.5454078112441364,10.894515961218186,-0.9747727456360817,0.22247782093340598,-0.01793637526977228,9.411012967360762,70.84323001290198,58.03910294795874,41.97069491656478,18.561493083626534,5.6421647302680755,55382.0,172569.96278238005, -2.8421709430404007E-14, 0.0,0.0,83.87347739915721, 34.180040043205125,34.180040043205125,0.0, 90.64208147351486, 9.412155786587263, 3.9820727866174015, 9.412155786587263, 131.6383841632705, 22.72912022805842, 3.9820727866174015, 22.72912022805842, 154.0825827001897, 7.963571982476866, 5.19399480633265, 3.0, 0.0
15, 0 ,1.0,1.0,1.0,184.76275213719362,14.45396317053643,97.25723804850332,8.448858706280067,8.633277293661335,13.523776507774013,35.0,31.0,68.0,-0.21881768949758812,-0.11760520853536559,0.9686525866833219,13.818327706225586,0.5272596351863845,-0.849554288190838,0.015962096343508952,8.802895618466104,0.8210457331148234,0.5142241985184209,0.2479059857930627,7.76994655283431,70.21830576420513,41.048513703969945,42.65000976784236,17.20834630201218,5.716820694247595,38719.0,122932.55789071425, 0.0, 0.0,-1.4210854715202004E-14,14.383996308795211, 99.49905088286553,99.49905088286553,0.0, 71.38321343868449, -4.307959769504658, -27.532193788229254, -4.307959769504658, 74.53347682924837, -15.10696229702593, -27.532193788229254, -15.10696229702593, 182.8925310322203, 7.8909780013580955, 5.3619085359600955, 8.0, 0.0
16, 0 ,1.0,1.0,1.0,101.11726818945093,85.10164929956525,13.848825707910658,14.449481898202542,17.193259995155614,9.431885777271457,74.0,83.0,38.0,-0.146661388030652,0.9798172357111251,0.13582570398982732,17.37988510551753,0.9868161370885746,0.13542349295855569,0.08862499160218613,14.398879415094086,-0.06844230301871848,-0.1470328608111591,0.9867608570465188,9.163408263936885,86.51795506080026,72.63509010037191,42.58404931705266,22.97738777745221,8.086769232988637,86946.0,267608.36313340336, 1.4210854715202004E-14, 0.0,0.0,81.5665016518958, 131.1940369731462,131.1940369731462,0.0, 208.78752712648293, -14.854615695470814, 6.444130530238719, -14.854615695470814, 295.6081892610184, 30.50523403484385, 6.444130530238719, 30.50523403484385, 88.9604693154956, 7.670132538769769, 4.863915733526745, 15.0, 0.0
17, 0 ,1.0,1.0,1.0,77.26965529519104,123.5494470035828,126.40599060907493,11.06760532251848,13.734415273742698,14.02467878743252,57.0,62.0,65.0,0.04970358773063441,-0.6688081912400266,0.741771633790985,14.84412973910797,0.4095875121996766,-0.6637156105012734,-0.6258751139221004,13.270616615063947,-0.9109158156584961,-0.3349286367379872,-0.24094643611402639,10.552734836137734,69.98285009059215,62.20581917529998,56.0347668036716,21.627539045975716,6.329867328158037,89874.0,243938.42074912874, 0.0, 0.0,1.4210854715202004E-14,42.1174489470911, 131.26829358655962,131.26829358655962,0.0, 122.4918875750394, -21.225002204551057, -12.580214326845608, -21.225002204551057, 188.6341629116167, -27.17229924412774, -12.580214326845608, -27.17229924412774, 196.69161509065972, 7.26415690639883, 4.597697719098465, 18.0, 0.0
18, 0 ,1.0,1.0,1.0,182.95702336313815,150.03959784086695,35.60669990522889,10.551376925157212,15.156189061940548,11.455916573006101,43.0,76.0,52.0,-0.11305946665420319,-0.9773922247341168,0.17866727744374622,15.329453351523775,-0.3067975255197815,-0.13669206519863036,-0.9419079348039662,11.38671276051806,-0.9450358910299683,0.16130628735739583,0.28440718402348253,10.374501379758632,75.74281410658176,55.494106636186416,50.378580120200155,20.71851843043514,6.559164617037456,72807.0,211755.26832081244, 0.0, 0.0,0.0,NaN, 63.67371447220551,63.67371447220551,NaN, 111.33155501674008, 14.997663708765403, 3.792524949571666, 14.997663708765403, 229.71006688128634, -19.404948917367815, 3.792524949571666, -19.404948917367815, 131.23802452767586, 7.799806027744089, 5.166480644253135, 13.0, 0.0
19, 0 ,1.0,1.0,1.0,187.11207955542557,56.188417665984204,94.68339670468949,8.210710690565742,13.21680407348949,13.479575045248536,34.0,60.0,70.0,-0.11588860913831148,0.6585364015373141,0.7435722144635802,14.869205059075567,-0.16365074891806086,-0.7510446255580876,0.6396486557469414,11.808894758968766,-0.979687839390969,0.047558156719922154,-0.1948074923581171,7.953324389488181,85.47286244071097,57.806940419509175,38.51598029864178,19.401525356695846,6.8832722737921195,51285.0,190304.5571156494, 0.0, 0.0,0.0,NaN, 110.85207433661478,110.85207433661478,1.3486991523486091E-6, 67.41577004417057, -2.6806868430158817, -21.57711151912926, -2.6806868430158817, 174.68390991700838, 40.68412474685734, -21.57711151912926, 40.68412474685734, 181.69894340048708, 7.977687835946143, 5.115284116066599, 11.0, 0.0
20, 0 ,1.0,1.0,1.0,156.34165341296375,187.48894803466519,10.399428738355676,17.60106215404244,7.588440087034699,6.570136415871025,81.0,30.0,25.0,-0.9938520643424917,-0.11068675252080999,0.0025528451901062495,17.690815924218157,-0.10772916605360525,0.9614619764689353,-0.25295314701707855,7.432654165774149,0.025544098801140676,-0.25167302322824747,-0.967475161642712,6.506857030515137,81.15847919129638,37.420489899268716,30.645642047049968,18.36773634995538,8.554225026656358,30809.0,93070.50999781796, 0.0, 0.0,0.0,NaN, 46.591048132417306,46.591048132417306,NaN, 309.7973889504652, 28.43384507731884, -0.3349471550498843, 28.43384507731884, 57.58442295451518, -3.2150668478234294, -0.3349471550498843, -3.2150668478234294, 43.166692523154566, 7.399230267664037, 4.982550107090849, 4.0, 0.0
21, 0 ,1.0,1.0,1.0,19.165966129361355,84.98345915799497,25.44691559545671,11.418942469559557,11.233444375951212,13.874436968704389,45.0,51.0,58.0,-0.13876217515541095,-0.3467145667218382,0.9276497550094145,14.326075023647395,0.9551387363072179,-0.2943293557615387,0.03286677261990001,11.404320719955617,0.2616391659358164,0.8905948795944678,0.3720022947355632,10.667125395460067,66.35612737827675,51.48539927610709,51.56071475827404,20.328790710310617,5.985214208834967,73515.0,176150.5673757681, 0.0, 0.0,0.0,NaN, 90.75829494571128,90.75829494571128,0.0, 130.3922471231109, -0.17449752005300048, -11.260760622732306, -0.17449752005300048, 126.1902725475899, -29.57006802198096, -11.260760622732306, -29.57006802198096, 192.50000119855105, 8.026468856936043, 4.9257780511622, 10.0, 0.0
22, 0 ,1.0,1.0,1.0,66.43399055060875,188.88079229511175,74.57602671270216,14.375192227096031,6.758866270258434,11.224239125394645,70.0,26.0,51.0,0.9957701372041999,0.005139460251771141,0.09173559723819824,14.39914654629928,0.0918684947585161,-0.07111356696958533,-0.9932285941633308,11.211838451108383,0.001418986657068523,0.9974549847192018,-0.07128492081558552,6.728389558704547,70.72841955466947,50.633903374540935,28.11244444152689,18.429584273897913,6.2179089942313785,44024.0,100677.85925038655, 0.0, 0.0,0.0,NaN, 100.49226657169439,100.49226657169439,0.0, 206.64615156596216, 0.30391564622921824, 7.464847211228209, 0.30391564622921824, 45.68227325923715, 5.7576319323155305, 7.464847211228209, 5.7576319323155305, 125.98354394403994, 6.83779459038464, 4.693374203661253, 9.0, 0.0
23, 0 ,1.0,1.0,1.0,113.93605007441127,83.67990020134816,64.77217018296419,11.336728562814663,12.233625546576084,11.189671661643422,54.0,54.0,55.0,0.4072920602501388,-0.898595848552599,0.16321359815050104,12.51781765992847,0.6093970015334187,0.13428241423626971,-0.781411241120166,11.281465028486963,-0.6802561812870767,-0.41772447162084614,-0.6022937768479839,10.92815392735531,59.5223661952476,52.20292103734977,51.260990462904275,19.37253502732049,5.3006270413384255,68538.0,159280.2708715432, 0.0, 0.0,0.0,NaN, 136.39927860774304,136.39927860774304,0.0, 128.52141450693782, -12.998803545733578, -1.2589888541840142, -12.998803545733578, 149.661594013839, -6.289683946949137, -1.2589888541840142, -6.289683946949137, 125.20875189538584, 6.961968599977713, 4.510424096121106, 14.0, 0.0
24, 0 ,1.0,1.0,1.0,49.85533160833447,85.27210949203322,77.28397112896636,12.937570053310251,11.661185577977228,11.756536908080877,62.0,59.0,57.0,-0.8440744553066473,-0.08284488022125538,0.5297877308129288,13.65580146970309,0.10924973904265851,-0.9938393638764692,0.018649754119729568,11.650042602264447,0.5249788647344746,0.07362095238952833,0.8479252012715279,10.925919715286245,65.08401127818114,60.81886846388912,54.34986014412968,20.180072239961234,5.860444729656139,73430.0,215135.00371146385, 0.0, 0.0,0.0,NaN, 125.41809654296785,125.41809654296785,1.3486991523486091E-6, 167.38071888431023, 2.9174944727478693, -29.974811040405477, 2.9174944727478693, 135.98324908402412, -3.2482640218965373, -29.974811040405477, -3.2482640218965373, 138.21616007106786, 7.038008611196234, 4.447604534084986, 15.0, 0.0
25, 0 ,1.0,1.0,1.0,102.42769953051643,20.88390342052314,103.71963782696177,11.633999181765878,12.616106610093787,11.833195217578902,56.0,51.0,61.0,-0.0761344574827232,-0.9333160515921145,0.3508912826279916,12.763956017950768,-0.6712258141856708,-0.21225831266003903,-0.710212866032077,11.935245641085016,-0.7373326594927115,0.2895989581252299,0.6103056551419019,11.365382979675301,64.09795724381168,60.87590143998216,58.26471701577289,20.05000040658303,5.704215608833771,74550.0,227350.14514080965, 0.0, 0.0,0.0,NaN, 138.65929244430873,138.65929244430873,0.0, 135.34993696132912, 4.2897349354342005, 5.428334646376044, 4.2897349354342005, 159.16614599725216, -9.050107774750694, 5.428334646376044, -9.050107774750694, 140.0245090573322, 7.311045212345104, 4.789461797270357, 13.0, 0.0
26, 0 ,1.0,1.0,1.0,143.15795023528855,72.82089740159587,113.2949212294811,12.687194350110746,9.9922898024977,11.562423917504862,59.0,47.0,58.0,-0.8517877602461695,0.2766523558023036,0.44488322684031273,13.114550476736921,0.5167482285622961,0.30396804046388864,0.8003591060606934,11.532237225770752,0.08619094948161503,0.9116287097308744,-0.4018758711615792,9.461314558999536,60.68815084737464,58.18528383467856,44.467732314192624,19.126021340376376,5.3568377341614415,63539.0,157022.55679557778, 0.0, -1.4210854715202004E-14,0.0,73.93949198945568, 126.69519487506057,126.69519487506057,0.0, 160.96490047748202, -12.606155688984995, -13.272570066559174, -12.606155688984995, 99.8458554970995, 20.72785538946927, -13.272570066559174, 20.72785538946927, 133.6896468480885, 6.720933797602373, 4.557306278017937, 16.0, 0.0
27, 0 ,1.0,1.0,1.0,41.14294626339113,174.3491588865465,187.0462504840167,11.757735996557566,13.335579001307059,7.111333611116275,63.0,60.0,30.0,-0.18449113544115628,-0.980859669815128,0.06226820275060714,13.418422165330261,0.9769161311787556,-0.1760696567441329,0.1209725118228735,11.740558293438115,-0.1076935169189169,0.08314916778994812,0.9907009247545268,6.9827162583621,63.30252743397256,62.93271707425397,33.244857343508215,18.238937980077413,5.830457113496839,46486.0,132440.86431697148, 0.0, 0.0,0.0,NaN, 50.18473177753135,50.18473177753135,0.0, 138.24435576474553, 8.436622621840579, 9.019439520150176, 8.436622621840579, 177.83766730010177, -9.916484352408682, 9.019439520150176, -9.916484352408682, 50.571065728592046, 7.427844183048031, 4.893938260357519, 9.0, 0.0
28, 0 ,1.0,1.0,1.0,137.13710200426175,141.1847997282357,18.33981347086254,10.542365331145284,13.311361309191287,10.92497861464804,47.0,65.0,44.0,-0.15862655359278593,-0.9746009895469079,0.15808392603127833,13.454148674474704,-0.5312402455165521,-0.05071112454729379,-0.8457021836265189,11.083206176983538,-0.8322387986862837,0.21813136643164474,0.5097031380518223,10.190063233036895,66.19511761667354,52.510269871948395,58.09290979815971,19.379092846871558,5.669190845444217,64762.0,201926.50978479817, 0.0, 0.0,0.0,NaN, 88.01886437336242,88.01886437336242,0.0, 111.14146677533402, 12.443194515502826, 6.600873910506313, 12.443194515502826, 177.19233990383478, -11.075675359304746, 6.600873910506313, -11.075675359304746, 119.35515773051702, 7.485756291739952, 4.6893214400128205, 8.0, 0.0
29, 0 ,1.0,1.0,1.0,182.4077658179811,94.57617470503001,79.56121920927345,10.166723921813196,9.600450182086773,14.670861508912468,38.0,50.0,77.0,0.10463287168939298,-0.010948250571896453,0.994450651350506,14.715131540464887,0.8100653262461738,0.581015556376476,-0.07883584503393344,10.601493767907082,-0.5769281838978847,0.8138188121799285,0.06966212433122924,9.046454004229002,76.8248821590528,55.565065879661546,49.06890587174857,19.294859810260327,6.202699518530632,57972.0,209464.34626216927, 0.0, -1.4210854715202004E-14,0.0,89.37269891693026, 124.83640145172967,124.83640145172967,0.0, 103.3622753023687, 14.225950564889928, 12.06429550665815, 14.225950564889928, 92.16864369872995, -2.866001587458621, 12.06429550665815, -2.866001587458621, 215.23417741368942, 7.321652580256448, 4.61148864603034, 12.0, 0.0
30, 0 ,1.0,1.0,1.0,59.8531953626521,10.781584746574687,109.16029510395708,11.907080388324468,7.067070113105586,15.379661484591077,59.0,29.0,72.0,0.17672474375528868,0.010370932988603343,0.9842056739795664,15.48293708212241,-0.9838874152462589,0.029384038374463187,0.1763579666724578,11.776601394781954,0.02709094063821363,0.9995143931118523,-0.015396717104071677,7.06019473085864,73.33695493910284,56.32140297272077,29.775257172321844,19.539237026342462,6.817202297610999,52185.0,122984.91894923724, 0.0, 0.0,0.0,NaN, 109.31834041169641,109.31834041169641,NaN, 141.77856337402116, -2.220471002328094, 17.61007992318504, -2.220471002328094, 49.94347998355021, 2.398467827820911, 17.61007992318504, 2.398467827820911, 236.5339873806142, 6.756565292310793, 4.485316945528252, 13.0, 0.0
31, 0 ,1.0,1.0,1.0,56.597373032395275,147.93444562596414,20.940631131213586,11.439879411409995,12.135711892191104,12.26916389651472,54.0,62.0,49.0,-0.5115924241847662,0.4044095254200145,0.7581069365639073,13.9983759974192,-0.5096346557881867,-0.8531738600961435,0.11120648393102929,12.05226106597598,-0.6917699828240671,0.329465172967044,-0.6425783926225539,9.352390038372471,65.02019056476988,61.870062774625524,52.320929029251005,19.80670539781929,6.031015509965579,66769.0,210476.8044856481, 7.105427357601002E-15, 0.0,0.0,59.23004135445904, 79.70316567500528,79.70316567500528,0.0, 130.8708409476023, 2.682153420940549, -45.351136205418165, 2.682153420940549, 147.27550313026856, 27.777653438890816, -45.351136205418165, 27.777653438890816, 150.53238271954027, 7.2481397245176975, 4.538430490822081, 11.0, 0.0
32, 0 ,1.0,1.0,1.0,12.50634209446881,103.44973653488152,109.76395418546682,8.674025997973162,14.315315393980727,13.452238072357305,35.0,71.0,65.0,-0.10190515293256937,0.8400288256580837,0.5328854584892432,14.846268587898672,-0.10556269727097178,-0.5417809557273887,0.8338644451923795,12.964463789951337,-0.9891773636465137,-0.028722257477758424,-0.14388597977118736,8.522950114429232,70.07095844005119,63.51923239068134,40.6354219281577,20.383189103735422,6.756870056423558,63386.0,180862.3096281194, 0.0, 0.0,0.0,NaN, 132.74376042590555,132.74376042590555,0.0, 75.23872701351432, -7.191482252974197, -16.425332243437893, -7.191482252974197, 204.9282548291416, 23.03249862800782, -16.425332243437893, 23.03249862800782, 180.96270915537937, 7.111347812648033, 4.496470679605591, 16.0, 0.0
33, 0 ,1.0,1.0,1.0,22.4551191098499,177.87460483409254,99.9811440519752,12.840660658443442,13.063139106354662,11.845742460183665,52.0,59.0,60.0,-0.677953408777575,-0.7350924964403346,0.004265818090681805,14.25961071297532,-0.17902114779682318,0.17072848437949337,0.9689185792743316,11.869584675793183,0.7129730739434514,-0.6561179819960716,0.2473430604100874,11.47284820037478,77.89747368615468,57.76997171505455,69.59006395701498,20.885058091174468,6.297946682736889,80346.0,313164.6721327029, 0.0, 0.0,0.0,NaN, 104.83317533790017,104.83317533790017,1.3486991523486091E-6, 164.88256614529715, 35.45436393886111, -1.813736770325567, 35.45436393886111, 170.64560331197248, 1.307072241600934, -1.813736770325567, 1.307072241600934, 140.32161443299816, 7.10448895708827, 4.573204433506174, 9.0, 0.0
34, 0 ,1.0,1.0,1.0,31.751313111417502,39.96932243450857,104.11095791477906,10.117802245518032,11.717128969167266,11.599618288995972,45.0,56.0,54.0,0.20749124673183075,0.8441319843003892,-0.49435672910435624,11.921916980894396,-0.13474695336282133,-0.4758749457672344,-0.8691296189582249,11.493859141159167,-0.9689120915176506,0.24694985133042463,0.015004327334904552,9.998563674537062,58.139964560076926,57.54585568677888,47.78083189564912,18.655612310204983,5.116669555605655,60924.0,159860.9986926964, 0.0, 0.0,-1.4210854715202004E-14,60.37265873113628, 108.62965070455789,108.62965070455789,0.0, 102.36992227940974, 9.445213777907492, -0.5609263448424125, 9.445213777907492, 137.29111128009876, -4.301828830301351, -0.5609263448424125, -4.301828830301351, 134.55114445040985, 6.953891746562353, 4.475574558646521, 11.0, 0.0
35, 0 ,1.0,1.0,1.0,90.65023019482342,74.8091348043344,100.4817107405536,11.737493500173674,12.747224295280779,10.572298666278122,56.0,56.0,53.0,0.14662899451336567,0.9792480786297769,0.13990403306513613,12.79736523985262,-0.9512006598721146,0.1784000956628215,-0.25177511895806975,11.811666626343305,-0.2715091943689081,-0.09615927603402283,0.9576200452192709,10.428132834584614,58.84270998074449,55.044637178270946,50.88793165524265,19.585240693316322,5.33407226934628,71244.0,164824.7700586832, 0.0, 0.0,1.4210854715202004E-14,81.95770690556887, 154.0057167175115,154.0057167175115,0.0, 137.76875366661923, 2.679647832648482, 8.497764723258909, 2.679647832648482, 162.49172723419656, 6.156620945624116, 8.497764723258909, 6.156620945624116, 111.77349908898616, 6.8178940177976965, 4.448170611017305, 8.0, 0.0
36, 0 ,1.0,1.0,1.0,132.64446485989893,42.17017482234051,32.300535004998785,11.749650230679073,11.065462751862484,15.640171134084397,63.0,52.0,65.0,0.47040571661716407,0.06168196789977809,0.8802918814858529,16.995017462526604,0.3153643196114783,-0.9434278678297024,-0.1024168156031586,11.203126510984498,0.8241746220855637,0.32579010580174594,-0.4632461540820448,9.527488514130672,77.9387114381654,52.37870308167254,51.116792926084074,21.27931070378661,7.232194378702904,74018.0,208675.54697972798, 0.0, 0.0,0.0,NaN, 85.78121192991682,85.78121192991682,0.0, 138.05428054329678, -4.588325533995636, 80.89256504082186, -4.588325533995636, 122.44446591285606, 14.110546908549718, 80.89256504082186, 14.110546908549718, 244.61495310344682, 6.5148793361327515, 4.250739967377811, 11.0, 0.0
37, 0 ,1.0,1.0,1.0,18.240374947293308,131.420696701372,16.517060750543283,11.043513178811759,13.73993786584593,9.869630840286106,51.0,55.0,42.0,-0.2792372484788589,0.9575023910086008,0.07222001297956915,13.975793323110313,0.936245910779333,0.28819601804234474,-0.20096429964925017,10.806337092708484,-0.21323731758520417,0.011498973752014446,-0.9769327612439441,9.80076366615787,64.92142879743383,54.32736161244512,45.87712680159941,19.306301520742124,5.951588897230402,61662.0,161809.08218708495, 0.0, 0.0,0.0,NaN, 72.86045165232089,72.86045165232089,0.0, 121.959183330589, -20.95002702649507, -5.900763427144022, -20.95002702649507, 188.7858925573068, 5.66429773718264, -5.900763427144022, 5.66429773718264, 97.40961292352664, 6.943103017483687, 4.428943906060728, 7.0, 0.0
38, 0 ,1.0,1.0,1.0,98.29711596951373,134.52740902422443,16.51280996171324,10.466932456421892,12.825842178907221,10.815190187201056,49.0,58.0,44.0,-0.06314077140184446,-0.9364486758057203,0.34507552878825387,13.16846528451624,-0.7135538230886815,-0.1993800369400002,-0.6716312548008254,11.435321337741941,0.6977493708648593,-0.2886372783469199,-0.6556175234129853,9.319452204069622,65.64277230318609,62.291141715022874,47.02973484431832,18.86064581458108,5.941656409435585,55894.0,192302.8565940529, 0.0, 0.0,0.0,NaN, 119.25458511032981,119.25458511032981,0.0, 109.55667504729804, 11.365536879355771, 19.15983406028957, 11.365536879355771, 164.50222759823555, -22.089707747903777, 19.15983406028957, -22.089707747903777, 116.96833878532999, 7.1179007437334345, 4.5288089386383925, 7.0, 0.0
39, 0 ,1.0,1.0,1.0,145.82334536304342,103.46144422739464,82.94937588981227,9.501741056797872,12.87148373706207,11.117039647792295,45.0,62.0,49.0,-0.11863874732489665,0.957926465648417,0.2613460044529319,13.04971729968216,0.042607445061863924,-0.2580511158793157,0.9651912904801517,10.96211830666044,-0.9920229096439658,-0.12564437115833155,0.010199938124706645,9.438410240270006,64.77632023914244,49.47220034404143,46.179363202252546,18.75499096706442,5.272291822329865,60406.0,147987.6384286713, 0.0, 0.0,0.0,NaN, 138.33076887960203,138.33076887960203,0.0, 90.28308311043835, -9.571233464382333, -1.239698206797677, -9.571233464382333, 165.67509359345334, 12.589164924798448, -1.239698206797677, 12.589164924798448, 123.58857053058584, 7.534642461742213, 4.497959383708518, 12.0, 0.0
40, 0 ,1.0,1.0,1.0,29.66120712376219,146.42676054570327,126.97187394103693,15.538149760649205,11.325365946254308,10.83250073958365,67.0,65.0,56.0,-0.9723853272008656,-0.23235081616497608,0.021906019080039293,15.758754464332785,0.2310375808429301,-0.9451020772099752,0.23109240552566163,11.030429076149632,-0.0329910848974687,0.22977197801485702,0.9726851630596758,10.81815031338187,71.78707588955757,62.81758638029231,56.834737903969696,21.110238888805576,6.4341975514879035,79677.0,256295.73001044994, 0.0, 0.0,1.4210854715202004E-14,88.74477715572846, 95.30470287110671,95.30470287110671,0.0, 241.43409798436292, 28.65382700366128, -2.5493333689226976, 28.65382700366128, 128.26391381657675, -1.6812961032301577, -2.5493333689226976, -1.6812961032301577, 117.34307227308035, 7.235008631679717, 4.483273417796847, 11.0, 0.0
41, 0 ,1.0,1.0,1.0,124.49623492713033,73.94472302815838,166.26699314069128,10.286013218671064,9.895206028066701,13.541400904289961,48.0,45.0,64.0,-0.0943822925496005,0.016209468065214117,0.9954040566514304,13.569427504442352,0.8082529823428637,0.5849985227508311,0.06711069149704794,10.62309001277566,-0.5812220740706157,0.810872358342784,-0.06831485262125378,9.492486739807324,64.6983109553832,51.667454189170115,47.228708069269594,18.87931585933236,5.5369794479324925,59627.0,157875.984469796, -1.4210854715202004E-14, 0.0,0.0,84.58423196289134, 110.9349194602868,110.9349194602868,0.0, 105.80206793467585, 10.609532431949127, -7.599611921443557, 10.609532431949127, 97.91510233788757, 2.409915128913419, -7.599611921443557, 2.409915128913419, 183.36953845070497, 7.25297778371261, 4.555496118077229, 14.0, 0.0
42, 0 ,1.0,1.0,1.0,179.35298211888704,83.16603417132062,20.581890194388745,11.487639149112034,10.880779130382175,11.208696273028032,50.0,53.0,45.0,0.8772584294681458,0.4762073597156221,-0.06036719705070187,11.732116458587157,-0.06834245547168527,-5.712821263459955E-4,-0.9976617575194673,11.207328216540228,-0.47512835813828536,0.8793328290183466,0.03204401821571222,10.618159797924207,64.52093953233117,47.558992287519054,55.76922590220773,18.658432263938217,5.2777822328520365,60343.0,171130.7064161519, 0.0, 0.0,0.0,NaN, 88.1277640198714,88.1277640198714,0.0, 131.96585322021147, 10.401495983807088, -0.44174570605507035, 10.401495983807088, 118.39135448416029, -0.708399613170929, -0.44174570605507035, -0.708399613170929, 125.6348721409925, 6.960724610603498, 4.407343630646895, 8.0, 0.0
43, 0 ,1.0,1.0,1.0,149.19672651356993,113.98431732776618,129.89775365344468,11.947899254310439,10.693758954051836,10.649441592281951,57.0,55.0,52.0,-0.9927069043348559,-0.08504762995656603,0.08543946819051695,11.967279492560579,-0.011907994107377447,0.7744417913509726,0.6325330912177124,10.771528889765673,-0.11996333507470508,0.6269025541883424,-0.7698064599559338,10.54882791166028,57.5213848295448,49.77166061712239,54.00644816577697,18.55766472615562,5.111992106561811,59875.0,154616.94225248435, 0.0, -1.4210854715202004E-14,0.0,85.12123621707109, 122.04095708138543,122.04095708138543,0.0, 142.75229659115195, 2.6526551348015546, -2.744628647748316, 2.6526551348015546, 114.35648056736382, 2.0938119529116475, -2.744628647748316, 2.0938119529116475, 113.41060622742474, 6.528039215253141, 4.378347526337122, 15.0, 0.0
44, 0 ,1.0,1.0,1.0,10.147897100857493,167.51578195181708,161.71359738668843,6.720161326973295,15.895585443689061,11.55613206590595,27.0,69.0,66.0,0.04505712943055815,0.9819068753241182,0.18392591790910034,16.04466283193291,0.001338588153125552,-0.18417207767161026,0.982893104049407,11.367259477468483,-0.9989835150137533,0.04404014075079132,0.009612634051925934,6.687944360139397,74.23403865361323,65.41542957135695,28.252175441618878,19.545483255719056,7.024847150166102,48980.0,137194.01970403083, 0.0, 0.0,0.0,NaN, 51.22550988365148,51.22550988365148,0.0, 45.16056826054748, 9.389540129461741, 1.8738607703313068, 9.389540129461741, 252.6696365976196, 23.119914030626507, 1.8738607703313068, 23.119914030626507, 133.54418832465976, 7.7070307811032315, 4.774562858599664, 6.0, 0.0
45, 0 ,1.0,1.0,1.0,118.04716882652072,178.36528624901203,31.49046333716092,10.436399743738251,10.885216252013628,14.061844865737225,57.0,46.0,61.0,0.12590225968751187,0.12993636451994187,0.9834963966283349,14.163185687069085,-0.07248786036170361,-0.9875301398925734,0.13974882076045034,10.823878696953104,-0.9893907878617831,0.08888624178743934,0.1149134670747707,10.362898949594552,64.64275058321932,50.234653501386504,56.614297276345766,19.72819648466295,5.995007669292767,67057.0,183843.95724772164, 0.0, 2.8421709430404007E-14,0.0,82.53408491771134, 90.42110736783233,90.42110736783233,0.0, 108.91843961109983, 2.223922925188649, 11.442260531556094, 2.223922925188649, 118.48793285310161, 10.563134356685305, 11.442260531556094, 10.563134356685305, 197.73548102806035, 6.258798600243582, 4.180060619626939, 9.0, 0.0
46, 0 ,1.0,1.0,1.0,16.034669060361765,149.9957489329991,60.83456405392589,10.27816497728769,10.263871690159,13.50533772643842,40.0,49.0,66.0,-0.10545627995942372,0.06061107584015719,0.9925750704619869,13.54477925850397,0.6939403410405702,-0.7104448461804261,0.11711073226723227,10.60374337574724,-0.7122680507320378,-0.7011379450729858,-0.03286039995517822,9.873270265583162,65.65535131248302,52.464647466511295,53.27064317813738,18.96719435106528,5.798915668165981,59044.0,183495.25102178438, 0.0, 0.0,0.0,NaN, 80.36404619155381,80.36404619155381,0.0, 105.64067530034325, -7.923909255230909, -7.784166936833325, -7.923909255230909, 105.34706207204738, 3.928112519096574, -7.784166936833325, 3.928112519096574, 182.39414710516087, 6.961427874932298, 4.398651780548324, 10.0, 0.0
47, 0 ,1.0,1.0,1.0,120.69916539590405,152.84154000032794,110.45258825651368,12.291057324025065,12.370475172162985,9.291526177296955,66.0,59.0,45.0,-0.6077148227577094,-0.7940411645176159,0.013465632256758555,12.494256318816271,0.7912969774016835,-0.6040031483361628,0.09502257813258835,12.189022936960749,-0.06731855431844745,0.06840194333140222,0.9953840396515117,9.260263695647664,58.160226147142254,60.14307757465332,44.93991956111037,18.97465151551938,5.513057653929765,60987.0,157196.91721213062, 0.0, -2.8421709430404007E-14,0.0,37.435215193701715, 128.57403185870902,128.57403185870902,0.0, 151.0700901424702, 3.9248812761083083, 4.147763240399728, 3.9248812761083083, 153.02865598510084, -4.3577186464172515, 4.147763240399728, -4.3577186464172515, 86.33245870339455, 6.62508314804015, 4.417592230143246, 14.0, 0.0
48, 0 ,1.0,1.0,1.0,112.60662560003297,30.064381219225776,65.03518819918004,9.422544056493956,13.020184430091156,9.667828133187706,44.0,57.0,52.0,-0.2618300304977005,0.9650923195590562,0.006469146596992972,13.264627253534226,0.14915219481315717,0.03384079008793972,0.9882350042923198,9.681702260967233,-0.9535190915298918,-0.25971448872626246,0.1528061727603457,9.060394310282105,58.70822837481897,54.472786489727596,42.745958246933554,17.960320375350737,5.404010725172704,48539.0,136701.6082195621, -1.4210854715202004E-14, 0.0,0.0,74.82132257133175, 113.00904659013152,113.00904659013152,1.3486991523486091E-6, 88.78433649656958, -23.6586189455923, 1.557405044915336, -23.6586189455923, 169.52520259358815, 0.9754225854995714, 1.557405044915336, 0.9754225854995714, 93.4669008128557, 6.533644615835754, 4.197838833633841, 8.0, 0.0
49, 0 ,1.0,1.0,1.0,142.11633862935736,37.3045767133033,127.59628487866571,12.66263068469083,9.745359625339722,11.96122851966856,60.0,45.0,63.0,-0.9884695237065232,0.1385360960462825,-0.06112078857192918,12.723259745714563,0.03529727954786753,-0.18171566145961598,-0.9827174163699421,12.025653326869804,-0.1472484389048623,-0.9735436140577111,0.17473044602338653,9.585799981682937,58.22023445996129,62.56223605432882,44.637989251789115,19.201588987591812,5.448322506551515,63255.0,162588.8786902412, 0.0, 0.0,0.0,NaN, 99.92220804606596,99.92220804606596,0.0, 160.34221585687376, -9.923063473768085, 2.399730291327156, -9.923063473768085, 94.97203422720156, 8.8233811639813, 2.399730291327156, 8.8233811639813, 143.07098769973254, 6.835162176363893, 4.551528475130847, 11.0, 0.0
