// Sample: .//bubblelabels.tif, Map: .//bubblelabels.tif, Thickness:(8.191250068658265):/gpfs/home/mader/Foam/NewValid/InSilicoTest/LatticeData_Phi_6.65/out_Step_06000.vtk/distmap.tif, Neighbors:(1.0):
//LACUNA_NUMBER, TRIANGLES, SCALE_X, SCALE_Y, SCALE_Z, POS_X, POS_Y, POS_Z , STD_X, STD_Y, STD_Z,PROJ_X, PROJ_Y, PROJ_Z, PCA1_X, PCA1_Y, PCA1_Z, PCA1_S, PCA2_X, PCA2_Y, PCA2_Z, PCA2_S, PCA3_X, PCA3_Y, PCA3_Z, PCA3_S,PROJ_PCA1, PROJ_PCA2, PROJ_PCA3,OBJ_RADIUS, OBJ_RADIUS_STD, VOLUME, VOLUME_BOX, Mask_Grad_X,Mask_Grad_Y,Mask_Grad_Z,Mask_Angle, Mask_Distance_Mean,Mask_Distance_COV, Mask_Distance_STD, SHAPET_XX, SHAPET_XY, SHAPET_XZ, SHAPET_YX, SHAPET_YY, SHAPET_YZ, SHAPET_ZX, SHAPET_ZY, SHAPET_ZZ, Thickness, Thickness_STD, Neighbors, Neighbors_STD
1, 0 ,1.0,1.0,1.0,184.28284430913047,35.76895616470664,21.04438202849455,9.804036889414098,18.3892495240308,13.173621536858517,41.0,82.0,57.0,-0.045162145202873046,-0.9989590801653351,0.006413797307557392,18.40337796729989,0.320477532758932,-0.008406934358726297,0.947218810228891,13.550455097650827,0.9461789110086009,-0.04483391138319157,-0.32052361652873845,9.248177540558547,83.1155777942623,66.16701834721665,45.44875001154023,23.362161511973007,7.876379324979871,93281.0,249945.8533967591, 0.0, 0.0,0.0,NaN, 44.37694472454094,44.37694472454094,0.0, 96.11913932899245, 11.156879327519912, 29.70190097190447, 11.156879327519912, 338.164498057067, -2.403077566941733, 29.70190097190447, -2.403077566941733, 173.54430439638256, 10.652882946710605, 7.149641605367412, 9.0, 0.0
2, 0 ,1.0,1.0,1.0,60.40884025309481,82.90757794046581,32.86675488553376,16.458449504642097,17.95217843789584,17.462920033974655,79.0,85.0,70.0,-0.08120450633440526,0.7839943606384748,0.6154337256261271,18.631195525372576,-0.52808285273264,-0.5575231474509653,0.6405438632179108,16.9462821821615,-0.8453013242629768,0.27298494929837896,-0.45928737045102724,16.242441946141977,93.34580699360245,89.11100941249474,78.56594166344627,28.84284002937542,8.136671673105639,221419.0,653522.4301495537, 0.0, 0.0,0.0,NaN, 107.7177702952679,107.7177702952679,0.0, 270.88056009685374, 1.5739954879180462, -12.064836287820496, 1.5739954879180462, 322.2807106660523, 31.852028380481034, -12.064836287820496, 31.852028380481034, 304.9535761129934, 10.632936000351943, 6.713874385266329, 19.0, 0.0
3, 0 ,1.0,1.0,1.0,56.34482879997184,148.01125493888543,14.090373903325442,15.936027815551933,19.542974814417736,8.92641095700344,81.0,89.0,36.0,-0.28634496859888664,0.9581265817380434,-1.1101835631658161E-4,19.86146392991581,0.9541467777930257,0.2851661137101518,0.09101765772989023,15.581060578998496,0.08723809595176421,0.025956520537654296,-0.9958492725589998,8.849771833361256,93.15011131302596,73.91124481987063,38.95582021151104,25.348792927188565,8.544258706453343,113639.0,268204.615802833, 0.0, 0.0,0.0,NaN, 77.94939372607857,77.94939372607857,0.0, 253.9569825380449, -41.99427165000722, 14.29166578572726, -41.99427165000722, 381.927864596966, 4.234720578125874, 14.29166578572726, 4.234720578125874, 79.68081257331109, 10.48495196109127, 6.763536934444851, 13.0, 0.0
4, 0 ,1.0,1.0,1.0,167.58598508743808,184.89416424501277,81.27925375140904,17.931498385883273,8.587156479766387,15.881714068471288,73.0,35.0,69.0,0.9585332349382729,0.07482258283108696,-0.2749829424114429,18.145140003909248,-0.27527838735741444,-0.006538883303903557,-0.9613423180423502,15.68334548402922,-0.07372819659174489,0.9971754229340111,0.014329302973483653,8.502546747341032,78.44813004215467,69.67064427726115,36.450137113135696,24.182311396315573,7.919756817928438,96697.0,199219.3821350688, 0.0, 0.0,0.0,NaN, 88.79848944094925,88.79848944094925,1.3486991523486091E-6, 321.5386343629344, 18.741253310700912, -21.76716294524241, 18.741253310700912, 73.73925640799385, -4.195053798029757, -21.76716294524241, -4.195053798029757, 252.22884175267882, 10.953415204437261, 6.87236076071266, 15.0, 0.0
5, 0 ,1.0,1.0,1.0,14.314062698311968,113.72966112450818,142.7387279477091,9.094245734361932,18.206027574823825,19.519820611521965,37.0,93.0,101.0,-0.054466113426192515,0.33862134492227675,0.9393449990558707,19.721301648956665,0.03708897490792845,-0.9394061481507214,0.34079392124406155,18.02220763436896,-0.9978265633007193,-0.053401063469307265,-0.0386066832533285,9.02543270390708,92.88609066874179,93.56254433261493,39.026743093925866,26.657664926273362,9.19549035763072,126064.0,339168.1151762952, 0.0, 0.0,0.0,NaN, 104.52902485754792,104.52902485754792,0.0, 82.70530547696019, -14.149223753343778, -12.65522843084224, -14.149223753343778, 331.4594400552455, 19.89686070930541, -12.65522843084224, 19.89686070930541, 381.02339670599775, 11.265979062661582, 6.909121830198124, 16.0, 0.0
6, 0 ,1.0,1.0,1.0,58.48362509488446,145.37733885293497,184.2197954408508,18.8195771731218,19.20343118851334,8.780216685258434,93.0,94.0,39.0,-0.6527181671041176,-0.7573077210542194,0.021071543937403694,20.244435750873084,0.7564364837542485,-0.6530043208652629,-0.03727201331838458,17.70842266600813,0.041986192703675186,-0.00838883561417344,0.9990829730604406,8.75300218427517,107.80953973115317,100.06191325091915,41.10540573334623,26.70403062830684,9.323905170558838,127787.0,443429.85922622384, 0.0, 0.0,0.0,NaN, 81.56582845134768,81.56582845134768,0.0, 354.17648497508713, 47.660138210848594, -11.264264581217308, 47.660138210848594, 368.7717694119668, 0.4501998140469555, -11.264264581217308, 0.4501998140469555, 77.09220504009062, 9.485338137180074, 6.512861006279932, 22.0, 0.0
7, 0 ,1.0,1.0,1.0,185.38189286804354,174.68241937124836,136.23576915250788,9.111160225431968,14.991366328928565,14.942723111982806,37.0,60.0,72.0,-0.046819960142801,0.7269753885276855,0.6850654536664704,15.732390651793262,0.11412418620979656,-0.6774339142101937,0.7266766557416083,14.228980594069967,-0.9923626159092144,-0.11220550945865686,0.05124804574756985,9.003736707387647,76.02111342303198,73.8102923088718,40.83365301190878,21.93622949074544,7.059823991602093,78632.0,229123.36840026345, 0.0, 0.0,0.0,NaN, 70.14660419854238,70.14660419854238,0.0, 83.01324065349351, -15.050505790253494, 4.729042732212513, -15.050505790253494, 224.74106440813316, 23.13125225450735, 4.729042732212513, 23.13125225450735, 223.2849740013851, 11.21870222128037, 6.875422649663317, 8.0, 0.0
8, 0 ,1.0,1.0,1.0,78.04886161341703,23.95874101537926,45.70523082277041,16.712141927134113,13.745810557479604,14.950879021757745,82.0,56.0,76.0,-0.9516960033492334,-0.28850228823062973,0.10507686184306486,17.00711182373661,-0.09385780829581891,-0.05248975789101307,-0.9942009541025636,14.927087641149711,-0.2923447092577548,0.9560393585005972,-0.02287610033999047,13.405669739568456,86.0419943555103,73.55977756353019,60.92794927912992,25.30925709178582,7.156345761615638,149422.0,385627.0023391487, 0.0, 0.0,0.0,NaN, 93.5660953270738,93.5660953270738,0.0, 279.2956877926739, 30.28559537314948, -6.930752434293821, 30.28559537314948, 188.94730788211777, -1.070888168928384, -6.930752434293821, -1.070888168928384, 223.52878352323583, 9.537238200723042, 6.296201487249358, 18.0, 0.0
9, 0 ,1.0,1.0,1.0,51.8048545365601,183.23997870564875,121.80794797272021,14.67604296030526,9.684281430658075,12.595748502654372,62.0,36.0,58.0,-0.9708361676946627,0.02522317695985211,0.23841335289784554,14.805435487984244,-0.2341422499279412,0.11395865711094444,-0.9655003010191927,12.479371437124076,0.051522250480954074,0.9931652510098823,0.10472937454150899,9.637883205790725,63.254588047522034,62.33741127020453,41.17460340882022,20.670389420078035,6.368628216919255,69502.0,162356.70152640255, 0.0, 2.8421709430404007E-14,0.0,88.55466513089499, 95.28188845514183,95.28188845514183,0.0, 215.38623697272558, -4.7699658832162894, -15.029017893672249, -4.7699658832162894, 93.78530682818881, -6.1551719984604265, -15.029017893672249, -6.1551719984604265, 158.65288034211986, 10.912241068149308, 6.563305333343795, 9.0, 0.0
10, 0 ,1.0,1.0,1.0,169.91247378027188,95.60815240585869,16.67851662171856,16.065473624440287,15.58431000588219,10.38936517487434,66.0,71.0,41.0,0.8871176104585579,0.44714420209890415,0.1143870960538472,16.293017386870215,-0.44965378049232196,0.8931926544163044,-0.0042848320526018184,15.414234466290077,0.10408565176459696,0.04763344020843031,-0.9934270141639238,10.288247184204776,78.10007882865852,69.39246469695631,44.05950883277974,23.62522009785711,7.124468064480521,110127.0,238783.01787872476, 0.0, 0.0,0.0,NaN, 101.60881338341507,101.60881338341507,1.3486991523486091E-6, 258.0994427775865, 10.399502220527832, 16.45068168311814, 10.399502220527832, 242.8707183594397, 7.659647750116511, 16.45068168311814, 7.659647750116511, 107.93890873689173, 9.684166970657792, 6.077173864115915, 14.0, 0.0
11, 0 ,1.0,1.0,1.0,90.33305004165229,179.4988093334792,85.65508536616152,16.82802031524878,12.093054661652733,14.336217508949893,83.0,54.0,70.0,0.88140138835242,-0.17959089950816678,0.43689667133576787,17.58262834035185,0.47225099418226163,0.35561035010747305,-0.8065483726288867,13.885431160443549,0.010516230517232371,-0.9172177428017231,-0.3982474371360353,11.532447848471168,92.85348531753324,72.26861614428296,65.5122367493206,24.096352824907466,7.370017081511236,118841.0,439612.84756430547, 0.0, 0.0,0.0,NaN, 126.1631974771451,126.1631974771451,0.0, 283.18226773042556, -17.83933889330381, 45.052235518106826, -17.83933889330381, 146.2419710497209, -30.975217352772287, 45.052235518106826, -30.975217352772287, 205.52713246392148, 10.622239000519453, 6.555689182764853, 17.0, 0.0
12, 0 ,1.0,1.0,1.0,152.75455741154806,181.43720899644876,181.8258187557543,15.85064729927736,11.688823315477652,10.914871726370933,70.0,54.0,43.0,-0.995243076498142,-0.021739555274925153,-0.09496636467171882,15.895753923433839,-0.041757966053386844,-0.7855094803702798,0.617439169894085,12.933015746253519,-0.08801983272875265,0.6184676612280228,0.7808650722509884,9.331031348273916,70.39584505614812,69.1761860757077,49.11759414171485,21.451202843153748,6.844847090442936,76030.0,239188.73783389688, 0.0, 0.0,0.0,NaN, 53.91669425251257,53.91669425251257,0.0, 251.24301980608868, 6.213583547056864, 13.584606126543942, 6.213583547056864, 136.62859050045395, -38.552900713665494, 13.584606126543942, -38.552900713665494, 119.13442480313161, 10.594081588302116, 6.7157281623423195, 11.0, 0.0
13, 0 ,1.0,1.0,1.0,21.493979434173372,45.52705924663008,57.35074457882679,12.46876980937312,16.36441207273325,17.143604396323408,54.0,85.0,83.0,0.1787315592225371,-0.13010094975682224,-0.9752583107106825,17.250729853847172,0.23213867049884876,-0.957659029590549,0.1702962733083573,16.619025039920693,0.9561206343327752,0.25683248609952114,0.14096243005507453,11.974460362582812,84.01632787874354,86.85093702585716,63.75550891668406,25.706946077483924,7.5046850775079434,150152.0,465217.3691074912, 0.0, 0.0,-7.105427357601002E-15,12.771791667270021, 76.31390554354209,76.31390554354209,0.0, 155.4702205591346, -33.1093161492371, -21.62844602070443, -33.1093161492371, 267.7939824862177, -2.093282641748052, -21.62844602070443, -2.093282641748052, 293.9031716976393, 11.079965047006352, 6.244118785483207, 15.0, 0.0
14, 0 ,1.0,1.0,1.0,140.0053623914988,114.52015689050104,119.73942021292282,16.676451041329408,16.01369760849551,18.380876520293345,84.0,83.0,90.0,0.4783145796946632,-0.2881681740834468,0.8295626958204724,19.595674668034036,0.6959522945350128,0.7005036061840957,-0.15794018315339586,15.934874390548433,-0.5355983257843219,0.6528811539388232,0.5356123899318815,15.313016180572513,100.97110520707098,75.01034146400733,76.89587740151393,28.345406266134905,8.302836605182415,203454.0,582399.9233655663, 0.0, 0.0,0.0,NaN, 131.7115059042213,131.7115059042213,0.0, 278.1040193338567, -11.133300358643837, 57.18527181843193, -11.133300358643837, 256.4385110963348, -37.88887100914083, 57.18527181843193, -37.88887100914083, 337.8566216542712, 9.74257308701011, 6.076153314747511, 27.0, 0.0
15, 0 ,1.0,1.0,1.0,77.84350957693813,92.41957633147842,156.9867472603835,14.077340737544844,17.94070337058068,18.22460352688456,76.0,84.0,85.0,-0.1302297617104021,-0.6714049884115931,0.7295584628396004,19.23021504483774,-0.1471343213443177,-0.7145906704781598,-0.6838944839287133,17.008326770837726,-0.9805058391704758,0.1964065049880029,0.005725744580281998,13.895761338262053,103.70919268715674,85.65549061993215,75.23706404272332,27.899325980722065,8.590933779611168,181321.0,668350.5355566337, 0.0, 1.4210854715202004E-14,0.0,47.824404694039785, 128.2619584435968,128.2619584435968,0.0, 198.17152224093962, 25.564487722912432, -7.11000406178333, 25.564487722912432, 321.86883743116505, -39.54823632163595, -7.11000406178333, -39.54823632163595, 332.1361737121332, 9.932095719828796, 6.309498331247472, 23.0, 0.0
16, 0 ,1.0,1.0,1.0,115.838748222586,58.610605933874226,15.105210959624323,15.726288359873086,13.41151406300133,9.224160884077955,77.0,67.0,37.0,-0.9901360484816246,0.133608144837899,-0.04218375433942284,15.773862567519446,0.135310027697172,0.9899772951036457,-0.04044937062377358,13.372223043697053,-0.036356593649355506,0.045758264961029894,0.9982907288390352,9.199940740349492,76.44433762296259,67.20440300984143,38.39477098781055,21.645878999949737,6.612557854175426,83689.0,197249.14571317413, 0.0, 0.0,0.0,NaN, 103.6652633566901,103.6652633566901,0.0, 247.31614557787975, -9.103429039926016, 6.341787115393104, -9.103429039926016, 179.86870946208248, -4.69654775714565, 6.341787115393104, -4.69654775714565, 85.0851440153538, 9.900387273453594, 6.081440793148624, 9.0, 0.0
17, 0 ,1.0,1.0,1.0,48.44279132151861,13.317854969511059,119.6986252033631,15.411548821865383,8.33948948429913,15.257786826385514,69.0,34.0,73.0,-0.7720679046612245,0.06610326788999604,0.6320929588013849,15.902865637671143,-0.625160316831314,0.1000247550324179,-0.7740604799626936,14.824046354561313,0.11439287063185748,0.9927866872369755,0.035900763134436,8.19813972648033,76.53674117122416,78.12673305457899,37.9346073149228,22.0901247495638,7.2034276102158925,80521.0,226832.47091469113, 0.0, 0.0,0.0,NaN, 94.72264822226563,94.72264822226563,0.0, 237.51583708874026, -19.01573255527079, -16.80368826766588, -19.01573255527079, 69.54708485873576, -4.051832608324227, -16.80368826766588, -4.051832608324227, 232.80005883942331, 8.671172741620623, 5.734874694394036, 10.0, 0.0
18, 0 ,1.0,1.0,1.0,100.8553784410152,23.17315301565768,186.8358204736872,16.91944171941939,14.34178147947522,7.448647098399528,78.0,59.0,34.0,-0.9955492875366327,0.09326871672430175,0.0135115715557258,16.93970511833256,-0.09419515253398723,-0.9802354260713784,-0.17397063750462063,14.4866621144476,-0.002981497006943846,-0.17446906876368432,0.9846581410420224,7.114742369482512,77.72247345478945,63.770054001341265,37.08999954798716,22.138099828927732,7.572389560951275,70764.0,183831.62491449868, 0.0, 0.0,-2.8421709430404007E-14,89.22582041801417, 102.66424220419879,102.66424220419879,0.0, 286.2675080968293, -7.240941044002014, -0.5694733660093827, -7.240941044002014, 205.6866960050184, 27.454025941664096, -0.5694733660093827, 27.454025941664096, 55.4823435964957, 8.835127575448384, 6.184126396036308, 15.0, 0.0
19, 0 ,1.0,1.0,1.0,169.49554601556213,11.939723638314998,73.92552991682318,17.312678508871187,8.01412103799534,14.814032615616998,75.0,33.0,67.0,-0.853103904418882,-0.1367735182687169,0.5034945212866336,18.613928885096627,-0.5136951716551786,0.051367279611450864,-0.8564336945750536,13.356989221456486,-0.091274305713142,0.9892696332576453,0.11408152274083641,7.650034372353795,83.0335474308094,62.82288965341135,36.539508275482376,22.76667210178133,8.067786369862306,74540.0,190604.96091396644, 0.0, 0.0,0.0,NaN, 80.85828768240857,80.85828768240857,0.0, 299.7288371515303, 30.435759166191705, -70.94294639210625, 30.435759166191705, 64.22613601163951, -25.104072901579254, -70.94294639210625, -25.104072901579254, 219.45556233656418, 10.053693906456305, 6.257310316091787, 10.0, 0.0
20, 0 ,1.0,1.0,1.0,186.19977976048952,27.865416140052307,171.63729305619862,8.122529919884682,15.740902159125671,15.217966341093522,33.0,70.0,59.0,0.0442877269320648,0.7797086476214843,0.6245742726589584,16.671373191039624,-0.02783545468629143,-0.6239818816260073,0.7809428909112848,14.210923205705171,-0.9986309552109821,0.0519714943670381,0.005931194454631206,8.090300996123696,81.21813321178584,73.52310133828878,33.82687019240876,22.189271473504387,7.278339379035705,79913.0,201994.07841574235, 0.0, 0.0,0.0,NaN, 42.08765425272881,42.08765425272881,4.76837158203125E-7, 65.97549229942187, 9.708115467121267, 2.910285139561562, 9.708115467121267, 247.7760007831672, 36.961233927138565, 2.910285139561562, 36.961233927138565, 231.58649955865536, 8.647374342433586, 5.642673954546168, 7.0, 0.0
21, 0 ,1.0,1.0,1.0,22.27443088486975,178.2502128537888,41.47624207710897,14.28014909072384,12.674796512000627,17.213476445165544,59.0,54.0,74.0,0.3235482658469504,-0.3052387698421426,0.8956259336646558,18.272093107579455,-0.9003292950650464,-0.390486334552388,0.19216550932859264,13.950534065493772,0.29107332429322325,-0.8685330827971356,-0.4011565828598554,11.50609007255021,86.33741243088372,74.94973124840025,66.6713976587682,24.431966486189268,7.997243876474177,116277.0,431428.337980167, 0.0, 0.0,0.0,NaN, 51.86021759488942,51.86021759488942,0.0, 203.92265805330095, 1.9790303141257788, 47.61822299611657, 1.9790303141257788, 160.65046662062326, -59.74976811399475, 47.61822299611657, -59.74976811399475, 296.30377132826897, 10.074917170642802, 5.956567814992335, 10.0, 0.0
22, 0 ,1.0,1.0,1.0,109.74053605547816,71.50850670259655,61.971400732299585,13.099977425107252,14.502159226281861,15.788927909305238,62.0,73.0,70.0,-0.22129045499018538,0.3507640136380064,0.9099423834874346,16.188534975792113,-0.17326860771658412,-0.9323712849218777,0.31727240131011064,14.261117455507323,0.9596918901971582,-0.08745509584743502,0.2671012581402843,12.874942312327823,74.51937756898505,67.2645336704126,59.526891209338345,24.200558430438438,6.748721874767063,131367.0,298379.20779193233, 0.0, 0.0,0.0,NaN, 130.7696137147732,130.7696137147732,0.0, 171.60940853831963, -1.3984451882283357, -21.459870485278103, -1.3984451882283357, 210.31262222443212, 19.61079616404174, -21.459870485278103, 19.61079616404174, 249.29024452523788, 9.169228926745767, 5.735453351673416, 12.0, 0.0
23, 0 ,1.0,1.0,1.0,141.73420714761664,40.857779005704444,87.34584193333441,15.12437296659594,12.46833334234414,15.878902584234075,71.0,62.0,78.0,-0.5810007717354381,-0.11063958173433339,0.806347931228497,16.54584044115408,-0.7683749262543622,-0.2521452553154147,-0.5882369785431105,14.581518002130453,-0.2683990982593436,0.9613436706899235,-0.06148390747175312,12.245817167405356,78.51754216822386,67.74555835400082,60.91212451310359,24.211022607010996,7.083214353020947,123062.0,324004.6702362534, 0.0, 0.0,0.0,NaN, 112.66568610290744,112.66568610290744,0.0, 228.74665763269806, 20.098382063492988, -29.679396208436586, 20.098382063492988, 155.45933633581058, -1.7512235660302997, -29.679396208436586, -1.7512235660302997, 252.13954727959555, 9.085544396715958, 5.72361190220936, 16.0, 0.0
24, 0 ,1.0,1.0,1.0,54.807251329383774,76.4196621049774,93.42945084074542,14.219355568081147,14.98265532402189,14.38210451215077,69.0,75.0,64.0,-0.169977718025736,0.7889200907715106,0.5905189800098164,16.228381086676027,-0.8586965173846568,0.1754191155755196,-0.481527179837405,14.648079983741061,0.4834747836301552,0.5889254827800987,-0.6476255934766642,12.47350646866907,76.50682867481981,72.36321866214699,64.4924305374976,24.191715072568208,6.948085015025757,125246.0,357048.1773623668, 0.0, 0.0,0.0,NaN, 132.56267136311195,132.56267136311195,0.0, 202.1900727715203, -23.336042166007235, 13.568891403688982, -23.336042166007235, 224.47996055844146, 45.22617596058648, 13.568891403688982, 45.22617596058648, 206.84493019842753, 8.706973865241574, 5.614360044998067, 10.0, 0.0
25, 0 ,1.0,1.0,1.0,117.46254153809637,150.83984096843105,158.69010354854024,16.6166247593261,13.068644722606201,14.840041322752072,77.0,68.0,77.0,-0.9333583555900961,-0.3582542587859538,-0.022272541657367455,17.157541206727306,0.011786770719253603,0.031426595065664975,-0.9994365618480202,14.84024055508167,-0.3587523548161938,0.9330949872249377,0.025109614284778647,12.349678528030795,83.97379276190941,77.05085190582345,64.07404498318826,24.780768743704197,7.282995277349507,134816.0,414575.2350049252, 0.0, 0.0,0.0,NaN, 104.57371003359279,104.57371003359279,0.0, 276.1122183922492, 47.46240206570867, 2.1514324925821797, 47.46240206570867, 170.78947488570293, -0.994965613723861, 2.1514324925821797, -0.994965613723861, 220.22682646098906, 9.218754274988362, 5.7765424553381095, 17.0, 0.0
26, 0 ,1.0,1.0,1.0,15.490608757564969,97.8119330722677,23.162805268778925,9.416813134958762,13.257730645154359,14.574554967745973,38.0,60.0,58.0,-0.05723531343370805,0.26016481599045815,0.9638663742536079,14.72409996904245,0.32348456230727,0.91819739989734,-0.22862911619178858,13.524429077116427,0.9445008506322371,-0.298710233072815,0.1367126176055652,8.783629217227784,64.66660638577305,65.40792631382828,43.84478099724714,20.87275604726246,6.417904562826946,70225.0,185450.64836484627, 0.0, 1.4210854715202004E-14,0.0,74.92015803588976, 101.70373030982246,101.70373030982246,0.0, 88.67636961873187, 29.33310743839319, -15.525583907799538, 29.33310743839319, 175.767421859465, 12.817019141114532, -15.525583907799538, 12.817019141114532, 212.4176525078488, 11.000944148787573, 6.522463024055778, 5.0, 0.0
27, 0 ,1.0,1.0,1.0,174.15098690437267,64.41444821118205,114.9043038323209,13.7547501519424,14.160117583074083,14.780257810782919,62.0,69.0,75.0,-0.5589908800778168,0.3538195753473345,0.749893928559806,15.646029829189803,0.13441399046270866,-0.8537579560356852,0.5030211046006512,14.157097375184957,-0.8182066213113399,-0.3819804453199145,-0.4296846101915698,12.764656170680304,88.1980262626387,69.83615256420957,64.5202277728518,23.64536157786225,7.003925935802444,116222.0,397406.5889200432, 2.8421709430404007E-14, 0.0,0.0,56.013960931506624, 109.81197622586947,109.81197622586947,0.0, 189.19315174235945, -20.492675545162008, -31.780538311590263, -20.492675545162008, 200.5089299664838, 5.621074263089487, -31.780538311590263, 5.621074263089487, 218.4560209532095, 9.473652488708566, 5.510222812373374, 11.0, 0.0
28, 0 ,1.0,1.0,1.0,183.8445929851724,20.361043291847793,116.06843625320074,10.047416840019459,11.136135649804002,16.039846284438898,39.0,44.0,77.0,-0.23493459309156303,-0.2959761451428144,0.9258530436712414,16.833287200142653,0.08102196545560379,-0.9551609163676636,-0.2847859985276604,10.426677218026194,-0.9686285036496773,-0.008108350639027017,-0.2483809102312453,9.495557667929647,87.88488568074881,53.680847018252706,43.914199413083736,20.751985066785466,7.183027703154176,67172.0,207175.56011078478, 2.8421709430404007E-14, 0.0,0.0,76.4122327066825, 87.86396674820838,87.86396674820838,0.0, 100.9505851571066, 11.99818273869476, -42.45058348646525, 11.99818273869476, 124.01351721083562, -47.89511576270835, -42.45058348646525, -47.89511576270835, 257.2766688284283, 9.240893670201093, 5.880432918146318, 6.0, 0.0
29, 0 ,1.0,1.0,1.0,11.335930119326193,174.30689068790605,137.28693516271093,7.092816668962054,13.845776309292349,16.35420477276714,29.0,54.0,72.0,0.023061905714170446,0.08275133974689083,0.9963033495250958,16.373396803969687,-0.025736895322349594,-0.9961889677150373,0.083337583490378,13.830649728390618,-0.9994027019795361,0.027563678508935242,0.020844253478091056,7.0780356629781345,73.72530026334748,57.81401826194923,30.448355167079022,21.44050012625614,7.05539070442835,68803.0,129781.72494566011, 0.0, 0.0,0.0,NaN, 68.71366442767754,68.71366442767754,0.0, 50.30804829950596, 4.035911741209203, 4.705842297345281, 4.035911741209203, 191.70552160696124, 6.250793774098879, 4.705842297345281, 6.250793774098879, 267.46001374959945, 10.012353496234583, 5.931087604984561, 8.0, 0.0
30, 0 ,1.0,1.0,1.0,11.288850003069934,25.16193896973046,169.9799993860134,7.107726558170938,13.897550719627642,15.797546884072698,28.0,52.0,61.0,0.014339695629627204,-0.1721350924455694,0.984968975693146,15.854229365125654,0.033807833376199026,-0.9844235626487888,-0.17253196719527958,13.840179898038626,-0.9993254742733505,-0.035773722906920456,0.008296819735420454,7.093448527531672,68.40283324740764,60.34070152529067,28.459931196104566,21.0881191381055,6.9653005392379725,65148.0,117467.65293314941, 0.0, 0.0,0.0,NaN, 40.76471199422374,40.76471199422374,0.0, 50.5197768257285, -5.196665554313112, 2.0157084109105274, -5.196665554313112, 193.1419160046228, -10.098053563001445, 2.0157084109105274, -10.098053563001445, 249.56248755447504, 8.676087095612553, 5.22449560170571, 6.0, 0.0
31, 0 ,1.0,1.0,1.0,98.34421932171918,184.74273660641146,141.78271257713942,13.111365983442797,9.233404942514625,14.991742612166334,62.0,37.0,63.0,-0.3126281050348778,0.049119948799632884,0.9486047114431926,15.245148309619328,-0.9194657697978588,-0.2663195135374616,-0.2892345326533488,13.084631361880575,0.23842475985587694,-0.9626324050950558,0.128423076386513,8.848384399147706,69.87773920396197,65.92697965529277,42.29434561254867,20.9666047961806,6.50519136185927,73244.0,194842.78791119208, 0.0, 0.0,0.0,NaN, 115.29797099314325,115.29797099314325,0.0, 171.90791795178092, 20.38520731635566, -20.99651506601034, 20.38520731635566, 85.25576683245349, 14.33834379732182, -20.99651506601034, 14.33834379732182, 224.75234654944384, 9.474487895336539, 5.604262842043836, 7.0, 0.0
32, 0 ,1.0,1.0,1.0,175.67469664922632,150.0162863186018,92.74505176444394,14.376249316932915,11.238008401401373,13.86345009478727,63.0,54.0,65.0,-0.7700946086734801,-0.11008545051705583,0.6283593615730543,15.144356529764993,-0.6318801224609802,0.26696248030665926,-0.727639021044923,13.215222639513039,0.08764590424393137,0.9573986775074285,0.2751471747561479,11.007769150500275,73.75615427493179,66.89625413170715,53.33074579157278,21.935723887569683,6.632393482864995,89830.0,263134.4565167784, 0.0, 0.0,0.0,NaN, 108.12833413717489,108.12833413717489,0.0, 206.67654442261409, 0.15118466884318157, -27.763164837353717, 0.15118466884318157, 126.29283282996786, -17.87008806335692, -27.763164837353717, -17.87008806335692, 192.19524853065715, 9.370893777473446, 5.55278877857211, 9.0, 0.0
33, 0 ,1.0,1.0,1.0,20.092394550744743,75.49265853517544,175.28842707670964,11.710780399187996,15.473076686384871,14.180802965014044,48.0,72.0,58.0,-0.008425525658349801,0.8254549411134943,0.5644051299454125,16.523757984624613,-0.055165521059503786,-0.5639493072928404,0.8239647711462904,12.945241983999738,-0.9984416737113962,0.02419336676122624,-0.050288221296272355,11.706399295878677,82.8263097370015,66.79557251450612,49.87365652858334,22.962445925385573,7.097867958555571,103794.0,275922.55239745794, 0.0, 0.0,0.0,NaN, 81.93599726514891,81.93599726514891,0.0, 137.14237755800576, 0.0042719680104002155, -2.034867291611701, 0.0042719680104002155, 239.416102142747, 49.167825514311, -2.034867291611701, 49.167825514311, 201.0951727325511, 8.53816010184981, 5.1467927211991435, 8.0, 0.0
34, 0 ,1.0,1.0,1.0,104.64856031548808,15.425071579061099,9.865539409000053,16.196402088428552,9.449609109732132,6.6347004080901,75.0,39.0,26.0,0.987168318188328,-0.06854184680968509,0.14422457072616165,16.365788312329176,0.08015054182749454,0.9938599732837093,-0.07627741572224024,9.424983194034374,-0.1381108330652851,0.08685832568281544,0.9866007445008295,6.242472839355853,74.08046912676534,41.10308519520544,30.309072494267085,18.634631134721644,6.956171714006211,37022.0,92289.18092758808, 0.0, 0.0,0.0,NaN, 97.09355669125941,97.09355669125941,0.0, 262.3234406100528, -11.514002314430185, 32.28036122442032, -11.514002314430185, 89.2951123267325, -6.0424610685385485, 32.28036122442032, -6.0424610685385485, 44.019249505110935, 10.809807644484914, 6.01422794003582, 5.0, 0.0
35, 0 ,1.0,1.0,1.0,87.86254405001294,37.30988313058713,106.64955103828618,13.53609304352064,12.544109225054967,13.527093129684028,67.0,60.0,61.0,-0.720473655121967,0.3586124090113305,0.5935611614469763,14.347154244363761,0.4894395762755465,-0.343414725573859,0.801570475650298,13.066663475497064,-0.4912907626349256,-0.868022733781853,-0.07190215704324683,12.123704482485863,69.08680301117269,70.01960054260056,60.630999616139995,22.053622914101297,6.0992176575965695,100454.0,293298.23767016514, 0.0, 0.0,0.0,NaN, 133.5146446930526,133.5146446930526,0.0, 183.22581488284786, -19.199336350298125, -15.850777462951612, -19.199336350298125, 157.35467625010912, 5.989479022529526, -15.850777462951612, 5.989479022529526, 182.98224853914482, 8.396848479837395, 5.338006675981714, 10.0, 0.0
36, 0 ,1.0,1.0,1.0,105.86098811014575,159.2152696195505,17.669833851873847,10.730331793423986,16.46976124451352,10.431495008184802,50.0,83.0,41.0,0.009536028380041982,-0.9986959899834479,0.05015360160263188,16.482890653570944,-0.8324608948107526,0.01985896921077122,0.553727803124213,10.976085347735651,-0.5540017353525318,-0.04703127611351955,-0.8311859817715394,10.15130583204328,83.15701812442423,57.264112677713605,51.89427289593712,21.2150588498333,6.717917977482087,77461.0,247116.0052465789, 0.0, 0.0,0.0,NaN, 104.10461478799537,104.10461478799537,0.0, 115.14002039696561, -1.894101247552693, -7.951720595951853, -1.894101247552693, 271.2530354512795, -8.255089393113971, -7.951720595951853, -8.255089393113971, 108.81608810578446, 8.529209371058535, 5.353098518461288, 15.0, 0.0
37, 0 ,1.0,1.0,1.0,170.4002854812398,88.12298997902587,186.5660248193894,14.085779711606946,15.773033650738146,7.880446914137126,61.0,77.0,35.0,-0.38692215940193375,0.9217496466633122,0.02586177565063061,16.11584540425224,-0.9221060375598582,-0.3868713215298724,-0.00714395362438509,13.697298527731165,-0.0034202425940124954,0.02661145343247936,-0.9996400014439243,7.8716430398122705,75.55811966201591,67.4227384278206,36.07579988599463,21.37684981605632,7.233914302744058,68656.0,183782.22220836655, 0.0, -1.4210854715202004E-14,0.0,22.816776329325325, 93.92697243917138,93.92697243917138,0.0, 198.40919008391785, -25.704294025337628, -1.1511229038461497, -25.704294025337628, 248.7885905473179, 5.0614438129959805, -1.1511229038461497, 5.0614438129959805, 62.10144356653335, 8.057566717648161, 5.173743961172562, 11.0, 0.0
38, 0 ,1.0,1.0,1.0,153.71321810147117,89.53706997818426,69.17774794428595,10.788387820838826,12.650959642232127,15.254742376321081,52.0,62.0,68.0,-0.050603281843458504,-0.21087035858740533,0.9762033598261638,15.389032431139244,0.2455406145066273,-0.9500809004237973,-0.19249958253880578,12.609604966220784,-0.9680646230982616,-0.22995646222519112,-0.09985444900701658,10.645130343933813,68.38355852694852,65.38661140528852,48.29472955505403,21.66702581668681,6.29946417318278,89385.0,215943.5647051357, 0.0, 0.0,0.0,NaN, 122.24939218435159,122.24939218435159,0.0, 116.38931177282353, -9.339293485251712, -8.26025182296993, -9.339293485251712, 160.04677986938603, -17.06845631608634, -8.26025182296993, -17.06845631608634, 232.70716496792613, 7.992056407292377, 5.071355194585079, 7.0, 0.0
39, 0 ,1.0,1.0,1.0,153.8629517396184,52.77802469135803,157.52878787878788,11.943575492795595,14.94050068963114,11.885642509237753,55.0,78.0,57.0,0.03795119941943892,0.992969458339091,0.11212208198387057,14.976867198937057,-0.7442103846600652,0.1029638400943979,-0.6599616284278449,12.313805452921297,-0.66686626082502,-0.05839608239246087,0.7428857837746454,11.454243686921652,79.17313169590103,59.260760985466845,58.47222585013226,21.582927508568872,6.427541864988706,89100.0,274343.49955950823, 0.0, -7.105427357601002E-15,0.0,6.798088211673293, 81.96310738098802,81.96310738098802,0.0, 142.64899555210755, 1.9431813637056043, 10.430438033533992, 1.9431813637056043, 223.21856085686855, 8.977669659558694, 10.430438033533992, 8.977669659558694, 141.2684978573995, 8.163622011264366, 4.925817974283577, 10.0, 0.0
40, 0 ,1.0,1.0,1.0,122.54826990274115,79.68102632674429,177.47841005134157,13.610460311441791,11.886642668795027,12.838739746873598,69.0,55.0,52.0,-0.6662449945213598,-0.3758483145256672,0.6440928906170669,15.321265166424253,-0.6971010801436157,0.6206852338264424,-0.35888706381314317,12.313328773636597,-0.26489184837936797,-0.6881045596259554,-0.6755326962361871,10.247483121496252,80.27305728230111,59.50403248380377,57.228619754254936,21.174193535995528,6.55924311282417,79273.0,273356.54306032154, -1.4210854715202004E-14, 0.0,0.0,48.222090996597146, 113.38015022638425,113.38015022638425,0.0, 185.2446298893322, 12.319371699831134, -44.0101186540364, 12.319371699831134, 141.29227393561854, -41.787278435807536, -44.0101186540364, -41.787278435807536, 164.83323828795196, 8.495498206595432, 5.004421679333389, 8.0, 0.0
41, 0 ,1.0,1.0,1.0,187.23252934771259,107.98864873733984,136.83441476111634,7.6255990318295215,14.773579562456886,14.777150527624926,29.0,66.0,66.0,-0.079515965713851,-0.7051295495498721,0.704605939194518,15.921737070791389,-0.0076691643485461425,-0.706390437211255,-0.7077808517717104,13.578353844500505,-0.9968040906390727,0.06168361669104393,-0.050761563383368034,7.543154971276574,74.5637978414123,65.18849006839773,31.138226826561038,21.117432100839565,6.987607091486255,67041.0,151353.6225751527, 0.0, 0.0,0.0,NaN, 112.33427004529085,112.33427004529085,0.0, 58.14976059423934, 11.713890825518654, -10.323200604272644, 11.713890825518654, 218.2586530882438, -33.947315976294995, -10.323200604272644, -33.947315976294995, 218.36417771608563, 9.04628363111923, 5.224865735009461, 7.0, 0.0
42, 0 ,1.0,1.0,1.0,47.84852598913887,33.91280924058271,11.547323506594259,12.772733045319002,11.445460280533318,7.568859077730317,60.0,58.0,31.0,-0.9661992833105297,0.24952993366016216,0.06475922434505671,12.893774930965414,-0.23948046547213514,-0.9617676825644953,0.1328609477302086,11.387060526700003,0.09543611259616472,0.11286158328711672,0.9890167902672116,7.450793166480248,57.94247066411252,55.65721519271738,34.74746377404397,17.899191297684514,5.5720596827102975,46404.0,112057.67129253849, 0.0, 0.0,0.0,NaN, 59.77374632802761,59.77374632802761,6.743495761743046E-7, 163.14270944698404, -9.61899542815154, -9.28803256340291, -9.61899542815154, 130.99856103326582, -7.68568505069222, -9.28803256340291, -7.68568505069222, 57.28762773854063, 8.286216567600325, 4.95955286353896, 3.0, 0.0
43, 0 ,1.0,1.0,1.0,9.890750436300175,42.24305886085991,12.916738061240679,6.614007927477545,15.077693096136016,7.9686190819807505,26.0,67.0,32.0,-0.03728714791574797,-0.995309168680122,0.08927108905795232,15.128776869921982,0.29637811760969857,-0.09632838197261755,-0.950200428451108,8.013266288440777,-0.9543425380870546,0.008972266593299976,-0.2985796684801864,6.441156251044013,67.94340310984234,38.08267288152023,28.716588547199052,17.17225155641491,6.3003647928424575,31515.0,74303.2078474864, 0.0, 0.0,0.0,NaN, 45.267483785361335,45.267483785361335,NaN, 43.74510086473581, 6.305754455273384, -7.023248321597627, 6.305754455273384, 227.33682910126768, -14.57021144055541, -7.023248321597627, -14.57021144055541, 63.49889007370774, 9.651913934546993, 5.787856442329182, 2.0, 0.0
44, 0 ,1.0,1.0,1.0,46.34104896976184,22.738025153866737,166.81633663366335,11.995999166790856,13.204522447459821,11.51377568010496,52.0,52.0,55.0,0.3524542051887532,-0.9158666170017359,0.19226121061347898,13.410111561628238,0.7584082013643586,0.3999022318008149,0.5146797111835737,12.085157590336607,-0.5482636531341866,-0.03558854959848069,0.8355479769525108,11.178028153851994,64.06243503504035,65.51869118261247,61.36997033825082,20.395879439603803,5.902418264741271,74740.0,257587.37239867754, 0.0, 0.0,0.0,NaN, 61.36502360405392,61.36502360405392,NaN, 143.9039960096469, -11.315992255446416, 11.956215938023995, -11.315992255446416, 174.3594130654703, -5.320673383902522, 11.956215938023995, -5.320673383902522, 132.56703041177644, 8.03090709787194, 4.886274992238255, 6.0, 0.0
45, 0 ,1.0,1.0,1.0,34.97691312152966,54.33098150544817,128.0760760656285,14.260265931693107,13.055499229972195,12.332237686327252,70.0,63.0,60.0,-0.9049857407365024,-0.2630096391452874,-0.33440505196582854,14.48660359086649,-0.3939080370223473,0.8149696446262524,0.42504227637607966,13.426408932167778,0.16073975063065077,0.5163820369207517,-0.8411375181935307,11.651402942383426,71.30332768591451,64.75834613018972,53.66085294758125,22.035645530089287,6.349461159088937,95812.0,247778.21440183057, 0.0, 0.0,0.0,NaN, 96.68655975353369,96.68655975353369,0.0, 203.35518444260708, 3.349039067028435, 14.974233710361549, 3.349039067028435, 170.4460601438046, 21.937037905552202, 14.974233710361549, 21.937037905552202, 152.08408635207013, 8.393766171942522, 4.931033053554877, 6.0, 0.0
46, 0 ,1.0,1.0,1.0,59.02677832484675,143.91995960106047,87.10759023131199,11.993499972056952,12.46719736936841,11.254348729037424,62.0,59.0,55.0,0.5548600651684954,-0.7491211721835992,0.36186707154352066,13.217882072074268,0.7671470608789137,0.6290046464657072,0.1258512682073371,11.490748098902285,-0.32189391896408587,0.20777541748441053,0.9236956646120632,10.917221203109067,63.35935036317716,54.01191382907275,49.81705817433662,19.85236192177819,5.640845970955935,71289.0,170481.93244768126, 0.0, 0.0,0.0,NaN, 119.23449067473491,119.23449067473491,0.0, 143.84404157973012, -16.87869380799877, 12.389732079961217, -16.87869380799877, 155.43101024678663, -14.034957569051917, 12.389732079961217, -14.034957569051917, 126.66036531478629, 7.311001032384768, 4.680345298462366, 12.0, 0.0
47, 0 ,1.0,1.0,1.0,131.05829837395555,119.61794889574594,183.0468397878168,15.080961771135604,10.217708654620028,9.4910854541354,69.0,49.0,38.0,-0.9792059428250903,-0.009426669993753935,0.20264959765283075,15.286004536015962,-0.09138186149669222,-0.8713424999588012,-0.482090866077077,10.673133043432388,0.18112171853597442,-0.49058473850944007,0.8523623275439849,8.622063416198134,67.84903504799189,54.66104440050748,44.21658258799647,19.518713431173524,6.398242507327333,57686.0,163986.00081367727, 0.0, 0.0,2.8421709430404007E-14,78.30805677966123, 107.24570855750547,107.24570855750547,0.0, 227.43540794245354, 4.621863846749697, -29.871676354859876, 4.621863846749697, 104.401570150697, 16.32010023374294, -29.871676354859876, 16.32010023374294, 90.08070309770055, 7.769602328643254, 4.94310952566367, 8.0, 0.0
48, 0 ,1.0,1.0,1.0,123.9450992652806,9.498639987494139,49.392090042207286,9.009025044874601,6.326572367819791,13.514232446711851,43.0,26.0,59.0,-0.10242805669308898,0.0503891172993345,0.9934633511407814,13.567920590455776,0.9946666625389514,-0.006973201867002508,0.10290580590688192,8.948588058781212,-0.012112953219597804,-0.9987053175554415,0.049406123616247105,6.297367022297704,59.332983936252155,43.319586915239185,27.3497097176964,16.515788859045955,5.572364594281719,31985.0,70296.4215905043, 1.4210854715202004E-14, 0.0,0.0,84.1209939851926, 91.18196447827583,91.18196447827583,0.0, 81.1625322591778, -1.0258054770036105, -10.559840234043536, -1.0258054770036105, 40.025517925260914, 7.201205437450048, -10.559840234043536, 7.201205437450048, 182.6344786237594, 8.742954435689722, 4.744656879129235, 4.0, 0.0
49, 0 ,1.0,1.0,1.0,48.647021116829364,183.09435724620428,164.0541565172799,15.233596219025177,9.839221302826871,8.89590567431506,62.0,43.0,40.0,-0.9972925650409623,0.016388600603303112,0.07168649443433292,15.259176465606918,-0.053115072038532406,-0.8347253613049213,-0.5480988599848667,10.531578240259961,0.050855961659964116,-0.5504225512864044,0.8333358783821841,8.01581316756834,62.82560251167909,51.6758919817799,40.74785176325493,19.228506853763196,6.186630064210829,54601.0,132290.7143512369, 0.0, 0.0,0.0,NaN, 62.80475367473723,62.80475367473723,0.0, 232.06245376429817, -0.6866806980440783, -10.69444225275117, -0.6866806980440783, 96.8102758460021, 21.545978748061955, -10.69444225275117, 21.545978748061955, 79.13713776631087, 8.654464278979756, 5.205723703958371, 6.0, 0.0
