// Sample: .//bubblelabels.tif, Map: .//bubblelabels.tif, Thickness:(8.191250068658265):/gpfs/home/mader/Foam/NewValid/InSilicoTest/LatticeData_Phi_6.65/out_Step_03000.vtk/distmap.tif, Neighbors:(1.0):
//LACUNA_NUMBER, TRIANGLES, SCALE_X, SCALE_Y, SCALE_Z, POS_X, POS_Y, POS_Z , STD_X, STD_Y, STD_Z,PROJ_X, PROJ_Y, PROJ_Z, PCA1_X, PCA1_Y, PCA1_Z, PCA1_S, PCA2_X, PCA2_Y, PCA2_Z, PCA2_S, PCA3_X, PCA3_Y, PCA3_Z, PCA3_S,PROJ_PCA1, PROJ_PCA2, PROJ_PCA3,OBJ_RADIUS, OBJ_RADIUS_STD, VOLUME, VOLUME_BOX, Mask_Grad_X,Mask_Grad_Y,Mask_Grad_Z,Mask_Angle, Mask_Distance_Mean,Mask_Distance_COV, Mask_Distance_STD, SHAPET_XX, SHAPET_XY, SHAPET_XZ, SHAPET_YX, SHAPET_YY, SHAPET_YZ, SHAPET_ZX, SHAPET_ZY, SHAPET_ZZ, Thickness, Thickness_STD, Neighbors, Neighbors_STD
1, 0 ,1.0,1.0,1.0,158.0297952608462,177.81733191975658,181.35215960566717,14.243657885552874,12.408191003925735,9.966633821037187,66.0,51.0,43.0,-0.9127760280464281,0.3917016626850454,0.11580038891798378,14.691663083870758,0.3870700631538151,0.920027826769379,-0.061037399847261795,11.947980486901022,0.1304480311614059,0.010890611543144996,0.9913953327236965,9.878237787575278,73.52687218460518,61.93677926781456,45.7762194693471,20.436397414060266,6.207450717306543,72629.0,208465.71153959716, 0.0, 0.0,0.0,NaN, 51.00304697150209,51.00304697150209,0.0, 202.88178996067256, -26.196735550184655, -13.56791465374246, -26.196735550184655, 153.96320398990355, 2.8275909277063263, -13.56791465374246, 2.8275909277063263, 99.33378972264232, 9.700602898906997, 5.997781950863201, 16.0, 0.0
2, 0 ,1.0,1.0,1.0,185.49498152865166,36.1643190904337,16.82299556350264,8.50098082212233,16.696345167937498,10.298993064907169,38.0,78.0,47.0,0.013795924789510649,0.9938387669867772,0.10997353178562629,16.760600166915854,0.27658048239699684,-0.10948566913493048,0.9547335361299094,10.335652870256798,-0.9608917260629559,-0.017245100413698086,0.2763868616549542,8.328291352152618,81.45127298620261,55.9589089233967,41.67807994969641,20.149221044139594,7.149319294196315,59281.0,189965.53616122706, 0.0, 0.0,0.0,NaN, 42.44133263528012,42.44133263528012,0.0, 72.26667493809163, 1.7661372940639433, 10.214079404533695, 1.7661372940639433, 278.76794196690986, 19.206123382125455, 10.214079404533695, 19.206123382125455, 106.06925815100597, 8.522717502654434, 5.904082767461821, 15.0, 0.0
3, 0 ,1.0,1.0,1.0,168.7672851148442,186.5753907335117,81.25618082664444,15.675982712825375,7.609575967989024,14.480387141236283,65.0,33.0,62.0,0.8808710942812714,0.005996701168265443,0.47331823843457993,16.136229511484306,-0.4733319270866019,0.0010275308928877225,0.8808835513169422,13.96594318282835,-0.004796046309129397,0.9999814917064029,-0.0037435523821633793,7.6090880105430925,78.79521491378028,65.78508633392507,33.136489228697656,21.618836767826878,6.778612615539294,68397.0,171764.6492650788, 0.0, 0.0,0.0,NaN, 88.0810395918875,88.0810395918875,0.0, 245.73643401280003, 1.0028582292397314, 27.235867511991813, 1.0028582292397314, 57.90564641259609, 0.6988464927907364, 27.235867511991813, 0.6988464927907364, 209.6816117600811, 8.559729893751301, 5.703769597165449, 14.0, 0.0
4, 0 ,1.0,1.0,1.0,55.58549814709898,80.56971830331851,33.1377833916912,13.699676480606163,13.792501675451955,14.321036866126523,67.0,69.0,71.0,-0.18337162032765073,0.6351120212086117,0.7503383032837413,15.456865617925763,-0.9681841748085286,0.015531390271705482,-0.24975624029552693,13.666849127064067,-0.17027698760766485,-0.7722638774619333,0.6120573919647727,12.542283495003065,81.98909232516733,69.33288925694748,72.89362804827476,23.151256472116856,6.85752570712403,107669.0,414366.7923829666, 0.0, 0.0,0.0,NaN, 103.34089122826397,103.34089122826397,1.9073486328125E-6, 187.68113567327367, -9.947143948965781, -4.101123489697207, -9.947143948965781, 190.233102467345, 38.77483053590424, -4.101123489697207, 38.77483053590424, 205.092096920955, 8.391848560666412, 5.383088381519987, 25.0, 0.0
5, 0 ,1.0,1.0,1.0,13.045728960778778,104.93636131391769,134.4337057803235,7.972106485239454,15.109959949616757,15.183688494711477,33.0,73.0,73.0,0.07908398565269867,0.691743959792451,0.7177994269320254,16.660821862775247,0.0638364068252741,-0.7220909812503669,0.6888465198870654,13.532079630755415,-0.9948219118902247,0.0086549920590787,0.10126428163738403,7.855546035713738,76.90526515541472,60.964207669376634,35.43567223629323,21.698751300248396,7.1815012222686825,74373.0,166139.03503360847, 0.0, 0.0,0.0,NaN, 116.21628707740277,116.21628707740277,0.0, 63.55448181199696, 6.213174608679981, 17.593077684657352, 6.213174608679981, 228.3108896790224, 46.79902289081067, 17.593077684657352, 46.79902289081067, 230.54439630443366, 9.35079231304266, 5.417775056678828, 18.0, 0.0
6, 0 ,1.0,1.0,1.0,52.117630486358244,184.95895610913405,120.48315539739028,14.203137673448767,8.748513168464859,13.366659972547449,64.0,34.0,60.0,-0.8684478182271385,0.030182320296170045,0.4948610052914486,14.59810149275138,-0.4938654660862767,0.03498249732423778,-0.8688343491646409,12.943276988606312,0.04353491040427957,0.9989320559590124,0.01547446779673769,8.734999419289574,66.94184519416117,60.2557524822395,35.19844873932823,20.422900891725387,6.311760484852456,67440.0,141977.5629527468, 0.0, 0.0,0.0,NaN, 96.25699446998705,96.25699446998705,0.0, 201.72911977093963, -5.162001761769882, -19.648307707110007, -5.162001761769882, 76.53648265880305, -0.7294725068211568, -19.648307707110007, -0.7294725068211568, 178.66759882170217, 8.944681116566503, 5.470564999248941, 11.0, 0.0
7, 0 ,1.0,1.0,1.0,25.875054546834388,48.89087787200941,50.718045041455596,13.640622725577236,14.562675108953114,12.61729896917734,63.0,73.0,63.0,-0.49478268486224114,0.8519818554761707,-0.1712221151016838,14.737097693367257,-0.6639577717882492,-0.4977391242539979,-0.5580464509956554,14.329120819412461,-0.5606693963847994,-0.1624274672776902,0.8119526746253499,11.611570783786748,69.27419254433529,74.73227988883389,61.519928357667695,22.690783251134867,6.516339723964047,105414.0,318489.7977704757, 0.0, 0.0,0.0,NaN, 75.04769469960095,75.04769469960095,9.5367431640625E-7, 186.06658834153413, -11.418694362682052, 33.09660359383972, -11.418694362682052, 212.0715063289226, 7.567264994325905, 33.09660359383972, 7.567264994325905, 159.19623327760354, 7.783383382751308, 5.052464846115362, 18.0, 0.0
8, 0 ,1.0,1.0,1.0,90.43521860177356,180.7013946174469,86.3372602598474,13.52322574964552,11.132245144112614,12.278158935410609,68.0,47.0,60.0,-0.920997829491578,-0.19611890073819843,0.33660121040341373,13.778548365666937,-0.3662291802059635,0.1413077983139538,-0.9197327294933735,12.122863987626015,-0.1328125959292646,0.9703450329181387,0.20196863977763024,10.988424688743846,71.02277212340717,64.88486057621672,54.752962397459356,20.544320487134584,5.957230832322435,77584.0,252318.22264037436, 0.0, 0.0,0.0,NaN, 126.51121469039298,126.51121469039298,0.0, 182.87763467587564, 11.12489313965867, -12.59131947223631, 11.12489313965867, 123.9268819486189, -7.969229371521218, -12.59131947223631, -7.969229371521218, 150.7531868432034, 8.328912928779193, 5.220828371511065, 15.0, 0.0
9, 0 ,1.0,1.0,1.0,186.0549970188532,20.21813770842328,110.8637307510434,8.4510044249488,10.876589662924827,12.846768875338068,34.0,45.0,62.0,-0.014999546530477737,-0.3718576695569552,0.9281685661535571,13.194244615408818,0.1579826520631593,-0.917494377469152,-0.3650281481743331,10.500951342816297,-0.9873279572922922,-0.14115927494912384,-0.07250906043293402,8.390535081093597,67.68847401156671,53.32427396765067,37.22466532493337,18.005984312315523,5.526633511203962,48639.0,134360.14883356122, 0.0, 0.0,0.0,NaN, 92.45815646098208,92.45815646098208,1.3486991523486091E-6, 71.41947579050422, -5.200590439154448, -3.7427060539697954, -5.200590439154448, 118.30020269564321, -22.434675533390113, -3.7427060539697954, -22.434675533390113, 165.0394705363549, 8.866137032297313, 5.374773744050321, 14.0, 0.0
10, 0 ,1.0,1.0,1.0,50.523221710123444,150.944918941567,187.28784606955233,15.809006265745357,13.938821415934818,6.8563368244891425,72.0,63.0,29.0,-0.9122311351100608,0.3989090538213291,0.09330553528693386,16.26131827003105,0.4037797860183997,0.9139739084441263,0.04016937995915959,13.487679300669038,0.06925489541357248,-0.07431864814930186,0.9948268683537425,6.699015706027527,69.49350309799283,61.04952481345529,31.2755381646202,21.03264467440367,6.98946594718436,62054.0,132687.88875118532, 0.0, 0.0,0.0,NaN, 71.5583382085632,71.5583382085632,0.0, 249.92467911037596, -29.320908050968487, -16.464833631776827, -29.320908050968487, 194.29074246532315, 13.203159471842895, -16.464833631776827, 13.203159471842895, 47.009354650845864, 8.824299595899225, 5.3349660928382985, 16.0, 0.0
11, 0 ,1.0,1.0,1.0,77.65119529805406,101.25855199436471,161.1404420181386,11.945170513545293,14.429009860707124,12.259825230979022,58.0,74.0,65.0,0.0461898980222433,0.9466313911144453,0.31899138339056177,14.695506850170444,-0.7008193778091824,-0.19684817272498273,0.6856405739029642,12.165341470370805,-0.7118417612137163,0.25522501102275424,-0.6543252255114348,11.714661078241871,74.24112987533033,60.589472812319244,58.878005841104226,21.52427007280385,6.155691405928739,90856.0,264846.86639047303, 0.0, 1.4210854715202004E-14,0.0,18.803176680008217, 131.49010203057782,131.49010203057782,0.0, 142.6870985976719, 4.926925808459665, -4.011427445663055, 4.926925808459665, 208.19632556038343, 22.319713354669304, -4.011427445663055, 22.319713354669304, 150.30331469414983, 7.747659743116903, 4.915014423540785, 28.0, 0.0
12, 0 ,1.0,1.0,1.0,20.183631911328778,175.97552519654596,49.70072174249259,12.722713011624844,11.937217365323061,12.411501106066863,52.0,51.0,58.0,0.7802258111129086,-0.3618538950723904,0.5102052942631462,13.455929969175697,0.2362129532342089,-0.584826359843506,-0.7760035886235112,12.165863629010632,-0.5791814261503708,-0.725975128673933,0.3708220437747581,11.372759354439587,75.13698734356106,65.83840670732275,60.29399574558279,20.545849597716636,6.0231228459219714,77590.0,298268.33930538315, 0.0, 0.0,0.0,NaN, 58.776833263101906,58.776833263101906,0.0, 161.8674263761681, -17.181612102079963, 17.167419984701297, -17.181612102079963, 142.49715842697043, -1.0766636088543329, 17.167419984701297, -1.0766636088543329, 154.045359705899, 7.838142914201799, 4.9184142157021835, 15.0, 0.0
13, 0 ,1.0,1.0,1.0,164.4843623330631,10.738362418398259,79.37713871229253,11.668910901316927,6.9888079977616915,13.566077678530297,60.0,28.0,65.0,-0.2510373501428811,-0.0056334116232528535,0.9679610082574213,13.692624318078861,-0.9675741029755303,-0.027402718434634783,-0.2510964879752193,11.523084094588963,-0.027939292838900887,0.9996086012514471,-0.0014283626244813894,6.983978426753266,62.499034444321346,61.06313201217097,28.710376958004744,18.308061594505006,5.818957216215777,46874.0,109569.90338448469, 0.0, 0.0,0.0,NaN, 87.6207914622354,87.6207914622354,0.0, 136.16348162287304, 2.4235017206273546, -13.296722219650277, 2.4235017206273546, 48.84343722957779, -0.17836691625299353, -13.296722219650277, -0.17836691625299353, 184.038463579918, 7.75762564768618, 5.089922003523251, 13.0, 0.0
14, 0 ,1.0,1.0,1.0,171.53132717706433,60.44495597551809,111.92722538387201,11.697001051456912,12.729690540887418,11.681822945496185,54.0,59.0,57.0,-0.18367812137199396,-0.859543889551418,0.47691367108112337,13.134318343658576,-0.849578656566421,0.38285648544021367,0.3628181608783691,11.825364234459379,-0.4944476251697945,-0.3385339177854799,-0.8005725029457127,11.089647630302178,61.06772446578162,61.13341253597024,58.13001990552303,20.084718334204375,5.651011558130983,74504.0,217015.54726304722, 0.0, -7.105427357601002E-15,0.0,30.7345906523177, 110.54805137932081,110.54805137932081,0.0, 136.8198335977841, 2.336115815971549, -9.535409428298514, 2.336115815971549, 162.04502126675862, -17.96192753007488, -9.535409428298514, -17.96192753007488, 136.46498732992117, 7.5082147199351335, 4.768408270388367, 18.0, 0.0
15, 0 ,1.0,1.0,1.0,163.29176996924224,186.73460713952838,22.643657377201976,12.656047841081799,7.5602265124946335,13.827204240795341,70.0,31.0,51.0,0.307173006909918,-0.011822347717624294,0.9515802519600556,13.957035763143853,0.9513012164907834,-0.023397666937037234,-0.3073736239254421,12.5156713171191,-0.02589863566049611,-0.9996563315841835,-0.00405948205782653,7.555347323638565,62.8905815863765,67.080749621537,31.700787888116594,19.213685292970098,6.273631042333573,53645.0,133737.61511617902, 0.0, 0.0,0.0,NaN, 45.12427305951633,45.12427305951633,0.0, 160.17554695575126, -2.716116524334019, 11.142762134999124, -2.716116524334019, 57.15702492022677, -0.8332789620799019, 11.142762134999124, -0.8332789620799019, 191.19157711666867, 8.499493230554728, 4.993279576379245, 13.0, 0.0
16, 0 ,1.0,1.0,1.0,169.83877302017007,91.68907995577077,10.436992412399436,12.77389707173709,15.568076613275652,6.778257564555194,56.0,68.0,27.0,-0.339793408649269,-0.94009769226104,0.02750942463916048,15.956681618018028,0.9382546732119947,-0.336817132644927,0.0789454707548348,12.318474843586955,-0.06495080934340787,0.052635996830272015,0.9964992946326254,6.7172703322647465,70.14323689579665,61.9100356650529,29.161091048994166,20.066612763951223,6.986650386934024,52454.0,126634.08784316629, 0.0, 0.0,0.0,NaN, 97.0851059981964,97.0851059981964,0.0, 163.17244639933344, 33.225484218285445, 5.939425874702862, 33.225484218285445, 242.3650094368203, -8.252966232245114, 5.939425874702862, -8.252966232245114, 45.9447756114497, 7.497796572129244, 4.959112850981719, 15.0, 0.0
17, 0 ,1.0,1.0,1.0,187.45803252388245,174.68245460511923,139.75610734339676,7.1245475123995075,12.584437335373353,15.401190219500604,30.0,54.0,71.0,-0.14892886949637835,-0.11441832871079749,0.9822060058284912,15.575008353435212,-0.012993752743696785,-0.9929709920796808,-0.11764255725684349,12.544085170165788,0.9887625368207301,-0.03028291504003436,0.14639532382050913,6.810942850712222,72.37009839589464,56.87713043629017,32.57555742013102,19.999299394973455,6.808224745989887,54852.0,134087.6243190599, 0.0, 0.0,0.0,NaN, 66.54025590132767,66.54025590132767,0.0, 50.75917725643801, 4.774867106048689, -28.52910451570598, 4.774867106048689, 158.3680630479388, -9.0860519633325, -28.52910451570598, -9.0860519633325, 237.19666017724109, 7.373639993591798, 4.762789576840072, 13.0, 0.0
18, 0 ,1.0,1.0,1.0,189.62738404984125,24.508151719857732,175.98510491012817,6.3243957910260065,13.149956591937451,12.694992572024764,27.0,56.0,54.0,-0.017559128025642162,0.8403447670795938,0.5417678003212467,13.468537765502182,0.016745411308236688,-0.541528173837552,0.8405158107616322,12.359528566424563,-0.9997055907731521,-0.02383084937867783,0.004563156231566374,6.318442922914415,75.24879170118773,60.90419692412762,27.429117483933652,18.33461489212603,6.158252483668315,41893.0,125706.7465237991, 0.0, 0.0,0.0,NaN, 35.846280818944145,35.846280818944145,0.0, 39.997982121547466, -3.1108240434683774, 0.24224781340804066, -3.1108240434683774, 172.92135836983925, 13.052874863896031, 0.24224781340804066, 13.052874863896031, 161.16283640376395, 7.9108443112692965, 4.931292535764567, 11.0, 0.0
19, 0 ,1.0,1.0,1.0,23.163623037928296,10.036920539913272,18.89568191534844,11.379734634081487,6.380043271709247,11.752173882109183,56.0,25.0,52.0,-0.47780553950560956,0.13184257843185743,0.8685156307920968,11.9953698488834,-0.8768472630382733,-0.011593081036380726,-0.48062925189211436,11.205366168025044,0.05329862775009489,0.9912028727684985,-0.12114504238900328,6.234402511492514,61.03434279732687,52.91513824672107,29.7470185571616,16.60202216546353,5.71749625830807,32746.0,96072.18144672328, 0.0, 0.0,0.0,NaN, 31.533157171678855,31.533157171678855,0.0, 129.49836034211373, -5.7345575109281945, -7.046297676126279, -5.7345575109281945, 40.70495214888243, 12.508737572965916, -7.046297676126279, 12.508737572965916, 138.11359095532922, 7.895163377519527, 4.76401030359524, 5.0, 0.0
20, 0 ,1.0,1.0,1.0,24.713399067492166,37.720308797676374,146.3435603454865,13.914227598401595,12.242348071001897,10.77894087472247,64.0,60.0,57.0,-0.9331117295840987,-0.327868609140613,-0.14766406215722358,13.99165113194447,0.3513131543268055,-0.7436476392042323,-0.5688297252279648,13.556224974340633,0.0766913796298035,-0.5826580162034771,0.809090890100924,8.95147168791074,68.47398168570037,55.67992384072656,54.121719062805596,20.484636457037126,6.328194968190905,65415.0,206345.87788181414, 0.0, 0.0,0.0,NaN, 70.0898516595636,70.0898516595636,0.0, 193.60572966012063, 8.300991352729767, -4.778276093293873, 8.300991352729767, 149.8750862915639, 49.44017091005213, -4.778276093293873, 49.44017091005213, 116.18556638076281, 7.788860544688766, 4.905385785074767, 17.0, 0.0
21, 0 ,1.0,1.0,1.0,121.99176380940028,78.89797175699995,179.38825207931387,11.370953845313293,11.194630464310134,11.646821997636023,53.0,55.0,48.0,-0.2823504778268744,0.6506297958882077,-0.7049532441044619,12.591698369019449,-0.8847489580723079,0.10743262552655572,0.45351682676879423,11.463528450135422,-0.37080653832005356,-0.7517573409518126,-0.5453103808512715,10.015161151269238,60.347257370738106,54.900979978224186,51.13861617081284,18.993738322352687,5.431823797887944,61679.0,169428.55450374962, 0.0, -1.4210854715202004E-14,2.8421709430404007E-14,26.930941407312737, 112.84954148459205,112.84954148459205,0.0, 129.29859135224515, -13.657319838963787, -0.8886617478186897, -13.657319838963787, 125.31975123246053, -25.20025826723638, -0.8886617478186897, -25.20025826723638, 135.64846264461835, 7.74509751027638, 4.819946082553941, 17.0, 0.0
22, 0 ,1.0,1.0,1.0,15.872963080280153,101.94641537324465,22.619540351247668,9.725222074587476,11.54705859762197,12.426899873551605,39.0,52.0,53.0,-0.10097674090211643,-0.5157511065626483,0.85076700328362,12.851431484378848,-0.32620545631789544,-0.7907014392844742,-0.518055242403641,11.285706320286252,-0.9398902585223555,0.3298363685115171,0.08839837069716924,9.477124499488374,58.56815957935421,58.706743946017255,46.104952429188785,18.740798694034286,5.578961501383839,56826.0,158524.77635908732, -1.7763568394002505E-15, 1.4210854715202004E-14,0.0,61.1427530092884, 101.87296020439344,101.87296020439344,1.9073486328125E-6, 94.57994440004353, 13.609442378127161, -0.12669443924159624, 13.609442378127161, 133.33456225691543, -17.67746277461778, -0.12669443924159624, -17.67746277461778, 154.4278404672769, 7.918204562334385, 4.871912418105242, 12.0, 0.0
23, 0 ,1.0,1.0,1.0,81.62950475484747,22.83960726194887,40.87673212300852,12.90233140852735,11.649164157096095,13.176950331863232,67.0,49.0,64.0,-0.6943338305401351,0.33803065196234666,0.6353233901733614,14.75113148837548,0.3623783933184274,-0.5985023378025448,0.7144766278198631,12.2414081881231,-0.6217575345932025,-0.7263127631942036,-0.2930654162431712,10.409478698150266,70.9549937177772,63.600615865430726,59.60366184810579,20.93412444106125,6.12924426573426,80970.0,268978.29055068473, 0.0, 0.0,0.0,NaN, 94.10595589790229,94.10595589790229,0.0, 166.47015577547137, -34.63855281893028, -37.44459569027884, -34.63855281893028, 135.70302555897237, 5.71610621318403, -37.44459569027884, 5.71610621318403, 173.63202004839053, 6.812623496079601, 4.460434868683078, 17.0, 0.0
24, 0 ,1.0,1.0,1.0,153.3687954473601,81.60354094214354,69.40380089226122,10.934632547804068,10.309661801668769,12.252033150550655,47.0,50.0,61.0,0.3092579047299328,0.019531725463296318,0.9507776080990115,12.394482790605137,0.8199384418270443,0.5009756805347227,-0.2769915506419084,11.000761220889887,0.4817265821773687,-0.8652409370881601,-0.1389158767402519,10.066165141543955,62.04056828367493,53.55567812796289,53.46942351456411,18.625234881072547,5.391498619802335,56934.0,177658.82757845914, 0.0, 0.0,0.0,NaN, 116.83533160229777,116.83533160229777,0.0, 119.56618895549606, 8.403545347908373, 10.905037282910078, 8.403545347908373, 106.28912646478814, -1.7610286693342205, 10.905037282910078, -1.7610286693342205, 150.1123163221922, 6.770258438112102, 4.453581452998054, 17.0, 0.0
25, 0 ,1.0,1.0,1.0,136.08026168820808,116.99401627573002,122.19360140418063,10.08948337942724,11.966882093983543,12.588789196664576,49.0,60.0,62.0,0.2130677537511523,0.5334052051228952,0.8185847662027681,12.756770979138983,-0.36378772314338714,-0.7342704135057105,0.5731539516921291,12.250911799072,-0.90678587593852,0.41991171333740535,-0.03759691743289795,9.521633768963028,59.098701533118685,61.67234581060923,46.40037871780204,19.30666703734992,5.5438401187213735,62670.0,169118.03822076722, 0.0, 0.0,0.0,NaN, 130.49736373710104,130.49736373710104,0.0, 101.79767486373851, 24.064354525820455, 0.18051994474175725, 24.064354525820455, 143.20626705130394, 6.461761616827182, 0.18051994474175725, 6.461761616827182, 158.47761343805877, 7.3297145112324165, 4.619963964543964, 24.0, 0.0
26, 0 ,1.0,1.0,1.0,117.29413395974031,58.45091514143095,16.81679227431405,13.17458892442815,10.935826912569441,10.031890517102559,65.0,59.0,41.0,0.9864425182231955,-0.054325153653735775,0.15485456377510676,13.250247739951543,-0.05756507115685732,-0.9982051949332345,0.016512158883967946,10.928850578386445,0.15367960445090495,-0.0252025095734809,-0.9877992775291,9.939421049622878,67.1858924979144,59.47112212225158,44.61352965163738,19.045364102015526,5.574498825732481,61302.0,178258.72997888844, 0.0, 0.0,0.0,NaN, 102.66242867153285,102.66242867153285,0.0, 173.56979332766488, -2.9279216161812314, 11.708450270820638, -2.9279216161812314, 119.59231026167808, -0.9862120656189942, 11.708450270820638, -0.9862120656189942, 100.63882734713223, 7.184161620029174, 4.726054650581085, 15.0, 0.0
27, 0 ,1.0,1.0,1.0,150.99683168316832,151.99488316831682,54.64708118811881,10.099600122531404,14.11969839369526,10.668721507717924,47.0,64.0,50.0,0.020878897677391473,-0.9835530689217179,0.179408562355446,14.227901062617729,0.5464798128857138,-0.13904137000524794,-0.8258494484683386,10.833310723324681,-0.8372119718089156,-0.11528598371759957,-0.5345888665302455,9.767068859051816,65.41348262441616,55.58769990605796,53.038175582281525,19.52818550727016,5.817163807806556,63125.0,192856.62070387698, 0.0, 0.0,0.0,NaN, 87.70464770747407,87.70464770747407,0.0, 102.00192263503637, -3.867041954318206, -9.512072614057471, -3.867041954318206, 199.3658827289205, -16.365433548930508, -9.512072614057471, -16.365433548930508, 113.82161860924303, 6.731030791820866, 4.5561567535154825, 21.0, 0.0
28, 0 ,1.0,1.0,1.0,53.05450086677096,71.6030611813454,91.70780657618424,12.543947378408514,12.041669260802145,11.542146674639067,66.0,57.0,53.0,0.7374973787545152,-0.6254059252180691,0.2548824141292407,13.848100532542817,0.2305650760732192,-0.1215701578547203,-0.9654327746738917,11.366604116862613,-0.634773473000857,-0.7707711238891277,-0.05453909197191726,10.705325159415759,65.77923317150345,53.5553489793052,55.35160572981411,20.027730442789352,5.870568761941871,70953.0,194994.28548365517, 0.0, 0.0,0.0,NaN, 127.87533077093688,127.87533077093688,NaN, 157.35061583228185, -36.00074750311148, 11.25633746240307, -36.00074750311148, 145.00179858654727, -10.587562690631065, 11.25633746240307, -10.587562690631065, 133.2211498588817, 7.424943713346361, 4.5503773045936065, 18.0, 0.0
29, 0 ,1.0,1.0,1.0,96.92752621012714,186.5012045505242,138.77927726968548,11.197598142621542,7.9516123011433155,12.173393121063524,53.0,32.0,58.0,-0.08781192767577813,0.16630591969798947,-0.9821565081142977,12.288208356060025,0.9948316950949603,0.06510052466301573,-0.07792188475061214,11.196301552851137,-0.05098003327138496,0.9839228947239747,0.17116300256084097,7.774870376216671,57.68084133448275,52.49231418578108,35.935770697749064,17.55369037030169,5.354791948793394,44830.0,108806.3569141924, 0.0, 0.0,0.0,NaN, 115.4345689445918,115.4345689445918,1.9073486328125E-6, 125.38620416364142, 2.8813609989885656, 2.777958328110826, 2.8813609989885656, 63.22813818769369, -15.119798817144206, 2.777958328110826, -15.119798817144206, 148.19150007995674, 7.241913104380398, 4.730746408442506, 12.0, 0.0
30, 0 ,1.0,1.0,1.0,46.613677077654025,121.79811511799984,144.93985512890413,10.904104581007038,10.623258032012927,13.380918218120364,51.0,53.0,61.0,0.21307549721264946,0.3616667302572495,0.9076320888513209,13.841509900404562,-0.7956181211330732,-0.4749603126897235,0.3760379059275256,11.291316312346952,-0.5670896206176417,0.8022530009882854,-0.1865461996209765,9.57710080869056,63.77806261026825,56.03631179370407,50.44979821440246,19.4402687192286,5.733936903427466,64195.0,180301.89827327596, 0.0, 0.0,0.0,NaN, 106.39543807430597,106.39543807430597,0.0, 118.8994967135387, 21.214086064746283, 8.610957351769203, 21.214086064746283, 112.85361121472718, 26.39306055721813, 8.610957351769203, 26.39306055721813, 179.04897236002543, 7.078782758550097, 4.445505618589586, 13.0, 0.0
31, 0 ,1.0,1.0,1.0,10.556934112002326,178.84282841010977,136.6516829427872,6.43060106261521,11.703299863270633,13.069202865992562,26.0,49.0,63.0,-0.038179712713971636,-0.036231482666484044,0.9986138338721665,13.077890502053878,-0.025369248732037608,-0.9989852116172555,-0.037214892029925846,11.704323261803445,0.9989488028702225,-0.02675493662514088,0.03722180288935628,6.4110465813392885,63.26914167046888,50.0447088056838,27.39644521430565,17.778545359662715,5.748673426367107,41267.0,86744.97466582227, 0.0, 0.0,0.0,NaN, 67.6171874711628,67.6171874711628,0.0, 41.352630026507875, 2.609912875916507, -4.863271598955059, 2.609912875916507, 136.96722768963042, -1.1361180709303846, -4.863271598955059, -1.1361180709303846, 170.8040635524682, 7.3743910723099475, 4.691841400444277, 12.0, 0.0
32, 0 ,1.0,1.0,1.0,51.898731436983155,10.089080833008616,121.78313200848595,12.57574553651079,6.757859692774846,13.131041146831661,68.0,28.0,63.0,0.2507666355938923,0.008798361456348543,0.9680075843239059,13.170186530484422,-0.9679311061405846,-0.013231694380012635,0.2508670883741,12.535917251581248,-0.015015599834325249,0.999873747579922,-0.005198140253785751,6.755682825580435,65.91182690972042,69.33145445479715,28.24826845194865,18.453153525737005,5.976906388899999,46194.0,129087.88705430557, 0.0, 0.0,0.0,NaN, 94.40946094129032,94.40946094129032,0.0, 158.14937579907107, 1.7101511048364402, 3.949138233010733, 1.7101511048364402, 45.66866762723094, 0.7184355497485233, 3.949138233010733, 0.7184355497485233, 172.42424159978614, 6.792209241757786, 4.651582890893476, 15.0, 0.0
33, 0 ,1.0,1.0,1.0,9.41623901770601,21.70579542706682,178.25406378462614,6.30878251792948,12.781024580239224,11.272710847732046,24.0,51.0,48.0,-0.0762479291618753,0.9908501054631492,0.11136571196823511,12.832725404145933,-0.08439011741552549,0.10487711828118115,-0.990898127025997,11.274540257123109,-0.9935112286135066,-0.08495209570517617,0.07562129365581588,6.199615853267498,55.544812417191196,50.68908709305404,27.77992956353274,17.26682164104447,5.664468770517163,37219.0,78214.83155859691, 0.0, 0.0,0.0,NaN, 32.1355388043106,32.1355388043106,0.0, 39.80073685853263, -10.32260895661139, 6.343615998511023, -10.32260895661139, 163.35458932067922, 4.71471556037664, 6.343615998511023, 4.71471556037664, 127.07400985657577, 7.933597660012009, 4.819360035852871, 8.0, 0.0
34, 0 ,1.0,1.0,1.0,114.4775860226544,70.726610921137,63.496633896131655,10.507580785880858,11.984727909214449,13.753459002518785,49.0,59.0,61.0,-0.24984384470063828,0.002686886849870611,0.9682824143318206,13.95568945601342,0.21149337710519694,-0.9756995989009901,0.057278653485272515,12.07042357774065,0.9449066645472676,0.21909603680464615,0.24320428028851546,10.136281271991212,60.29952440316568,59.416853018597514,49.03019959445703,20.238511214360056,5.796831495716771,74864.0,175665.79029712698, 0.0, 0.0,-7.105427357601002E-15,14.469126799728633, 127.85992062034822,127.85992062034822,NaN, 110.40925397181259, -8.924867050576182, -21.740404577931873, -8.924867050576182, 143.63370305790372, -2.160990516775403, -21.740404577931873, -2.160990516775403, 189.157634533965, 7.277332900707447, 4.439237241743784, 20.0, 0.0
35, 0 ,1.0,1.0,1.0,188.51148867313916,10.398705501618123,46.54352750809061,7.082883301571474,6.732902229670813,10.00882532170704,31.0,29.0,47.0,-0.12661545796292215,0.09533518516036987,0.9873599790731228,10.083980690061965,0.8147099711321463,0.5778214059883114,0.048683526161814324,7.326502430414562,-0.5658764783437252,0.810576107007928,-0.15083164788987244,6.349132869771837,47.03626845158452,41.1981199076254,31.753369042976317,13.302130650420121,4.327714498159542,18540.0,61531.863579814664, 0.0, 0.0,0.0,NaN, 49.05526395314962,49.05526395314962,0.0, 50.167235863680034, 5.551352520396758, -7.142679145589168, 5.551352520396758, 45.33197243430621, 6.15324944229735, -7.142679145589168, 6.15324944229735, 100.17658432044402, 8.482727521735102, 4.6702813489204145, 6.0, 0.0
36, 0 ,1.0,1.0,1.0,122.10066593687283,151.89250744997872,163.28807091163412,11.664551695876458,11.4593883942591,11.485208143009466,63.0,53.0,60.0,0.1318892910909713,0.7173692360366218,-0.6840954568506903,12.195206076093875,-0.9364523509667467,-0.13613739589537407,-0.32330110393823175,11.778347257014811,0.325057239981475,-0.6832627522608417,-0.6538270429621014,10.57529381999764,58.35000366683069,66.85797892022381,49.787241617233775,19.230345378589302,5.429840821302264,65772.0,194228.16055975878, 0.0, 0.0,0.0,NaN, 98.64280421966035,98.64280421966035,0.0, 136.06176626577437, 6.918365082006133, 4.813852133036401, 6.918365082006133, 131.31758237048018, -16.91823783152, 4.813852133036401, -16.91823783152, 131.91000608825095, 7.347107197646894, 4.431667524769869, 18.0, 0.0
37, 0 ,1.0,1.0,1.0,171.7498920669185,103.8819347004857,124.74615488397194,11.381719740044009,11.790342102718354,13.894457474756756,52.0,58.0,66.0,-0.22073040234933866,-0.1149778629016107,0.9685340368419054,13.999063773354672,-0.5885433456325532,-0.7761563079434737,-0.22627000674238185,12.54559630559095,0.7777498439667736,-0.619968932029771,0.10365183803254516,10.404128337566586,62.38735893857427,64.61204857713608,59.98443660048976,20.595311388311075,6.1192163286150105,74120.0,241795.7683049299, 0.0, 0.0,1.4210854715202004E-14,14.411313417241304, 125.2992110106827,125.2992110106827,NaN, 129.54354424090744, 24.676474709627602, -12.210129260131248, 24.676474709627602, 139.01216689913304, -1.1382946385640997, -12.210129260131248, -1.1382946385640997, 193.05594851782388, 7.626560038931696, 4.728497263943201, 17.0, 0.0
38, 0 ,1.0,1.0,1.0,144.6461235017448,42.803732362312246,83.01884387801547,11.605900346056064,10.336279562347443,12.9460820618081,57.0,48.0,60.0,0.024314046562804364,-0.19506416761330347,0.9804890604453838,13.037118438576384,0.9189459361102187,-0.3818205136878508,-0.09874949029569685,11.893633753504279,0.3936333238513427,0.9034174372019146,0.16996982236052777,9.884920725058475,63.3401335283918,60.5232535310129,49.47605237351665,19.451054612489692,5.549154282105165,65910.0,189668.96808473946, 0.0, 0.0,0.0,NaN, 108.5741202422145,108.5741202422145,0.0, 134.69692284258426, -15.692258327741321, -2.2472991259166384, -15.692258327741321, 106.83867519100143, -12.169871576300913, -2.2472991259166384, -12.169871576300913, 167.60104075106946, 7.5694671819449155, 4.506201414111565, 12.0, 0.0
39, 0 ,1.0,1.0,1.0,84.22331893892658,34.92203293313719,109.50388332621522,11.585983400679838,11.032962623936317,11.844322683309468,59.0,62.0,57.0,-0.6744256973108069,0.002444493109611978,0.7383386778845251,13.052871784508246,-0.3649108056111827,0.868223110831574,-0.33619746246237747,11.412788869250884,-0.6418645361406324,-0.4961679698160507,-0.5846599549940027,9.778550191692807,61.82388316591966,58.092679504054445,47.57366631033918,19.1170855577621,5.548539918355362,63219.0,170861.53760738045, 0.0, 0.0,0.0,NaN, 128.46269096631337,128.46269096631337,0.0, 134.23501136082876, -11.095402662965855, -32.97710854014614, -11.095402662965855, 121.72626426117574, -9.973874295466384, -32.97710854014614, -9.973874295466384, 140.2879798263592, 6.4789933335184475, 4.190672326695273, 16.0, 0.0
40, 0 ,1.0,1.0,1.0,16.770355914129933,72.1675955173732,170.17103595356417,10.163028213794087,11.24799143921321,10.39142879076643,41.0,55.0,56.0,-0.005597743149761824,-0.8484427672246605,0.5292575327907858,11.763144263208696,-0.9120539437567592,-0.21268753041968916,-0.3506017941792596,10.251784646667637,0.4100320340526718,-0.48467399883646944,-0.772635001732703,9.71162163625868,54.84127620332384,50.89356529532347,49.60320227415298,17.668553820308443,5.060479434142275,49703.0,138445.9141032475, 0.0, 0.0,0.0,NaN, 79.86973003791448,79.86973003791448,0.0, 103.28714247437465, 2.3010469234311306, 3.317691173048471, 2.3010469234311306, 126.51731141661368, -18.978989789212985, 3.317691173048471, -18.978989789212985, 107.98179231356944, 7.632272918175814, 4.569158080373875, 12.0, 0.0
41, 0 ,1.0,1.0,1.0,185.78032616995745,116.01982655176175,65.27329006217956,9.157949904422741,11.461255808057913,9.618775672174996,38.0,50.0,49.0,-0.04744350969716005,-0.9369083546471441,0.3463406536634088,11.707914660087397,0.6640746228055496,-0.2885932252355967,-0.6897237459257027,9.951525007102962,-0.7461595062272429,-0.19727312371556796,-0.6358689376956701,8.464110167430382,50.90683564503804,47.459067812429936,46.10987561390925,16.75278949037921,5.2051244819245115,36668.0,111401.04288020589, -2.8421709430404007E-14, 0.0,0.0,87.28066632574746, 107.31016285408576,107.31016285408576,0.0, 83.8680464519165, -2.340986613002072, -13.621349638625947, -2.340986613002072, 131.36038469774127, -15.780372037613292, -13.621349638625947, -15.780372037613292, 92.52084543162556, 7.518012974514064, 4.857794294956398, 10.0, 0.0
42, 0 ,1.0,1.0,1.0,165.3770628118204,93.33542279646923,190.16329794038634,10.679298218232477,13.630724994084197,5.179372423882468,49.0,62.0,21.0,-0.32077917874979195,-0.9469550937651042,-0.019410535101638832,13.97269204983668,0.9455447977653665,-0.3189728136621154,-0.06481804967233934,10.24703134260755,0.05518834930908427,-0.03914581122925285,0.9977082998370527,5.141225393582573,61.827126750786874,48.69756469513598,23.301246507026292,17.08141601594637,5.907215917311768,31268.0,70156.1037846363, 0.0, 0.0,-2.8421709430404007E-14,88.88778841201075, 100.0350420379874,100.0350420379874,0.0, 114.04741043394337, 27.579677792939382, -3.764336788958559, 27.579677792939382, 185.79666386435164, 4.727207726788684, -3.764336788958559, 4.727207726788684, 26.825898705274152, 7.357662489326299, 4.556055227723693, 11.0, 0.0
43, 0 ,1.0,1.0,1.0,120.14367066081385,8.253885395657848,164.21489302803812,10.953886244510873,5.927609516809765,10.494772074039647,54.0,24.0,47.0,-0.9788894038940494,0.20438351798731635,0.0017066104068647347,11.129123938052803,0.0058093192601315485,0.03616801459944935,-0.9993288380356429,10.499813959917075,-0.2043080682540128,-0.9782224963141375,-0.03659181535878342,5.582197282978373,55.322869688567636,47.121560963410474,27.468968654441895,15.447556372748785,5.1611453610860085,25287.0,71608.85374525555, 0.0, 0.0,0.0,NaN, 87.89615373068364,87.89615373068364,NaN, 119.98762385768451, -18.529061005355523, -0.6139797671080789, -18.529061005355523, 35.136554583773695, -2.826100891367953, -0.6139797671080789, -2.826100891367953, 110.14024088604242, 7.35962558211407, 4.3918005254438, 10.0, 0.0
44, 0 ,1.0,1.0,1.0,81.22127835193369,104.26246281361237,74.96124017677506,11.96906647446531,10.351611720834645,11.005072933633157,60.0,55.0,51.0,-0.9689085786009305,-0.24647307519859024,0.02161456720998204,12.07284675885898,-0.038986813858913484,0.0658223385291219,-0.9970694299273691,11.008614245805926,-0.24432804722064796,0.9669118072258233,0.07338502836844224,10.226574758335397,59.513993167086255,51.803441640684056,54.28959292055874,18.53488029907484,5.2900151287734865,58153.0,167376.42584593804, 0.0, 0.0,0.0,NaN, 146.22503073166848,146.22503073166848,2.6973983046972182E-6, 143.25855227016942, 9.789376790783537, -0.21667392214920456, 9.789376790783537, 107.15586521892119, -1.3092258149729454, -0.21667392214920456, -1.3092258149729454, 121.1116302745851, 6.316735068416173, 4.051127815189133, 17.0, 0.0
45, 0 ,1.0,1.0,1.0,49.11227841129312,182.77207727300544,162.90604026845637,11.610750665208997,9.891123518607827,10.456226770211087,52.0,42.0,44.0,-0.9169448729462801,0.14384961576995414,0.3721819286590455,11.917880877882926,-0.2279598485359625,0.5766872659135899,-0.784516478341003,10.466126323912608,0.3274849728353827,0.8042008986415927,0.49599849514999916,9.507936100573197,60.1235458756978,50.974018785949056,53.347335561411114,17.72711186500405,5.265552076060373,49021.0,163495.6468748437, 0.0, 0.0,0.0,NaN, 63.91227629181302,63.91227629181302,0.0, 134.80953100965115, -9.326809190155751, -14.1987280071313, -9.326809190155751, 97.83432446035687, -5.894408765234108, -14.1987280071313, -5.894408765234108, 109.33267827007897, 7.331167579567182, 4.4868077997541835, 9.0, 0.0
46, 0 ,1.0,1.0,1.0,178.55342972427707,154.57636180228647,88.3775722932078,12.62822079029475,8.881869850956413,12.823558516139292,51.0,41.0,56.0,-0.5446459777628794,-0.09735693256750921,0.8329960303553448,12.977552326939305,-0.8346633633231001,-0.03400038810329527,-0.5497099631032676,12.507880968855062,-0.08184026413011923,0.9946685886715583,0.0627420901567809,8.828322301837147,63.11427992623369,60.87101571045949,40.797754840244195,19.234025742859775,5.7319699159698345,59480.0,156738.05173488546, 0.0, 0.0,0.0,NaN, 101.65558306433284,101.65558306433284,0.0, 159.47196032843254, 7.025543412782843, -5.027419716674674, 7.025543412782843, 78.8876120493285, -5.870207352988389, -5.027419716674674, -5.870207352988389, 164.44365301684854, 7.699729552055335, 4.609443572576311, 10.0, 0.0
47, 0 ,1.0,1.0,1.0,115.15394480901182,153.93523288373981,62.21702327768634,9.21697092613148,11.540100756839696,10.357867292272559,45.0,52.0,50.0,-0.14622754576763622,-0.9719836350428357,0.18402531909411052,11.641309537998458,-0.20250683301389394,-0.15267415834313325,-0.9673063547588732,10.346949727570824,-0.9683018576050841,0.17871321882594796,0.1745081601972013,9.101232716018355,55.12392780942716,50.48687528309327,45.52222132774729,17.333059906097045,4.997692234134311,46783.0,126689.92924345323, -1.4210854715202004E-14, 0.0,0.0,81.59162989301146, 114.85544756990701,114.85544756990701,1.9073486328125E-6, 84.95255305315301, 8.237574605547026, 3.327918225725205, 8.237574605547026, 133.1739254780121, -5.846320660680341, 3.327918225725205, -5.846320660680341, 107.28541484432968, 6.415362251011173, 4.073973323769811, 15.0, 0.0
48, 0 ,1.0,1.0,1.0,99.02491539009618,157.87849572497328,15.25781528322052,11.277246149640991,10.553530349203843,9.576910743079406,48.0,51.0,41.0,-0.8585765680408435,-0.01084265749249997,0.5125706913097033,12.123322795705619,0.08732077544044903,0.9820756958916627,0.16704014402348,10.624330334455529,0.505194377430792,-0.18817482381393796,0.8422403912749068,8.391612018412275,57.2856918739338,52.793870776814515,49.220704711542666,17.41220782804158,5.204375225246633,44912.0,148859.8219272703, 0.0, 0.0,-1.7763568394002505E-15,59.1647855850165, 108.68742299651639,108.68742299651639,0.0, 127.17628071959255, 4.353624048890183, -33.07148413123272, 4.353624048890183, 111.3770028315666, 6.539474928761416, -33.07148413123272, 6.539474928761416, 91.71721938090974, 7.476352221151004, 4.35986300110543, 13.0, 0.0
49, 0 ,1.0,1.0,1.0,95.59517952009128,8.52130352622384,133.23941954576247,11.084781501756106,5.654966290435769,10.698710810752019,52.0,23.0,54.0,-0.817366529356556,-0.01080706603230434,0.5760166351863383,11.461297784442237,0.5735224555794664,0.07953646696520289,0.8153195345193145,10.317914203127076,0.054625540122883655,-0.9967733733133459,0.05881235091217363,5.611839029497316,56.82782594397326,50.495903605949366,24.593861465418495,15.608463045757263,5.068463184138042,28047.0,70573.86658712209, -1.4210854715202004E-14, 0.0,0.0,35.177964481484885, 116.91033343486468,116.91033343486468,0.0, 122.87238094167438, 4.301846195198958, -11.965116785303726, 4.301846195198958, 31.97864374596488, 4.239720712425784, -11.965116785303726, 4.239720712425784, 114.4624130121021, 6.636968146101499, 4.163196960845555, 7.0, 0.0
