// Sample: .//bubblelabels.tif, Map: .//bubblelabels.tif, Thickness:(8.191250068658265):/gpfs/home/mader/Foam/NewValid/InSilicoTest/LatticeData_OldFoam/out_Step_07000.vtk/distmap.tif, Neighbors:(1.0):
//LACUNA_NUMBER, TRIANGLES, SCALE_X, SCALE_Y, SCALE_Z, POS_X, POS_Y, POS_Z , STD_X, STD_Y, STD_Z,PROJ_X, PROJ_Y, PROJ_Z, PCA1_X, PCA1_Y, PCA1_Z, PCA1_S, PCA2_X, PCA2_Y, PCA2_Z, PCA2_S, PCA3_X, PCA3_Y, PCA3_Z, PCA3_S,PROJ_PCA1, PROJ_PCA2, PROJ_PCA3,OBJ_RADIUS, OBJ_RADIUS_STD, VOLUME, VOLUME_BOX, Mask_Grad_X,Mask_Grad_Y,Mask_Grad_Z,Mask_Angle, Mask_Distance_Mean,Mask_Distance_COV, Mask_Distance_STD, SHAPET_XX, SHAPET_XY, SHAPET_XZ, SHAPET_YX, SHAPET_YY, SHAPET_YZ, SHAPET_ZX, SHAPET_ZY, SHAPET_ZZ, Thickness, Thickness_STD, Neighbors, Neighbors_STD
1, 0 ,1.0,1.0,1.0,78.93064592173504,135.92824139556814,39.68279113625648,18.078559311534228,17.271450640655868,18.98963544209274,98.0,91.0,87.0,0.4110671111498166,-0.3834224538094697,0.8270496067622967,19.54336663891035,0.8388356280816697,-0.19610064680329947,-0.5078378928202959,17.935938734227264,-0.356901413827089,-0.9025141318771984,-0.24101788848583872,16.795906953065376,95.58903973732495,90.99324539783896,90.06386848346037,30.21500471358265,8.532119220673573,254520.0,783371.6508342075, 0.0, 0.0,0.0,NaN, 162.11495176842237,162.11495176842237,0.0, 326.83430678066094, -22.249421196312184, 17.075780406793587, -22.249421196312184, 298.303007232612, -27.71721869671273, 17.075780406793587, -27.71721869671273, 360.6062542235848, 7.904077516410587, 6.2226968614756, 42.0, 0.0
2, 0 ,1.0,1.0,1.0,57.24323016990438,258.0063919288941,14.51045598638692,17.675304033619494,18.00351936054912,9.236259943838427,98.0,88.0,38.0,0.6627833691599417,0.7407586333992346,-0.10952101446524115,18.77562268104046,0.7332238721117684,-0.671694840970487,-0.10587159193597467,17.018965898613235,0.15198999615245054,0.010133491902161338,0.988330083226979,8.926498332366705,99.18363059626574,84.32503164523989,42.785016365601464,25.426245564359192,8.680876470589265,115771.0,357839.44929175253, 0.0, 0.0,0.0,NaN, 72.46243062475321,72.46243062475321,0.0, 312.4163726808855, 30.547753838822324, -36.10412737318216, 30.547753838822324, 324.126709365667, -7.204098931769921, -36.10412737318216, -7.204098931769921, 85.30849775015422, 8.332978212713238, 6.228868650344989, 26.0, 0.0
3, 0 ,1.0,1.0,1.0,258.60031522396156,140.13486275329487,127.3307704909698,16.50381406225593,16.9664537395925,14.979050983863328,89.0,86.0,73.0,0.3765834194413576,0.8923359846317551,-0.2488401469480554,17.224150195522878,0.9252243312800272,-0.3757183860123519,0.05287372901261294,16.38546895340423,0.04631268734677735,0.2501443282258239,0.9671002792095402,14.813961546308976,89.08069871582012,93.18792494926802,76.74512238162029,26.906260223369966,7.788553156311948,177017.0,637080.0992355307, 0.0, 0.0,0.0,NaN, 193.81650799729152,193.81650799729152,0.0, 272.37587860151655, 8.904176856789949, -4.8374600009795055, 8.904176856789949, 287.86055249773233, -18.12017198309149, -4.8374600009795055, -18.12017198309149, 224.3719683771769, 6.841131654520261, 5.703484937672402, 43.0, 0.0
4, 0 ,1.0,1.0,1.0,78.48556425852186,16.981516649892793,261.36098542860896,16.158496144923127,10.26572218445264,16.779293507603217,78.0,45.0,78.0,0.32162637682688766,0.01056072810572402,0.9468077654683051,16.864089156785532,-0.939258702208421,0.1300621696498896,0.317611275542472,16.15368373691798,0.11978966589385526,0.9914495968267067,-0.05175068016169653,10.133495886799096,87.85471609343074,76.93409611678274,46.19455734629301,24.289253938419556,7.619638007351419,114265.0,312230.0835351792, 0.0, 0.0,0.0,NaN, 89.11413553279479,89.11413553279479,0.0, 261.0969976654955, -18.715402689239944, 8.12383009201958, -18.715402689239944, 105.38505196836309, 8.354250218573084, 8.12383009201958, 8.354250218573084, 281.54469061429546, 7.744835091918865, 5.938912431833798, 22.0, 0.0
5, 0 ,1.0,1.0,1.0,188.26635730858467,113.19072520673448,236.30644297697663,15.946633860492607,14.99048670910372,16.25826407420352,81.0,89.0,83.0,0.2706866864487198,0.17909054933712257,-0.9458621955219163,16.28001920520623,-0.8837121196835926,-0.34346937962397944,-0.3179334439549418,16.124746148357712,0.38181357663622184,-0.9219302361886421,-0.06529190070299516,14.774793071041664,82.4711891447828,83.82487136377131,84.68674445825158,26.250583332627194,7.365313887388153,168090.0,585451.0513885565, 0.0, -1.4210854715202004E-14,0.0,79.68320863365344, 171.32838757241743,171.32838757241743,0.0, 254.29513148060934, 14.927097691974978, -0.24837328196317485, 14.927097691974978, 224.71469177581528, -3.3632176536312843, -0.24837328196317485, -3.3632176536312843, 264.3311507065369, 7.015425185046018, 5.6825560970393205, 39.0, 0.0
6, 0 ,1.0,1.0,1.0,274.456982673784,206.11171085199655,208.91060746130677,15.031110986327105,16.000924371602387,17.1481715347101,61.0,88.0,86.0,-0.2329295371836099,0.3890861466861203,0.8912664030268257,17.57973327987792,-0.1874128100420462,-0.9172556044189146,0.35145212304698786,15.709841116994678,-0.9542642555076518,0.08517116072379183,-0.2865756515152477,14.838380474297056,89.93329383868544,84.85595268807009,71.57427254609598,26.717727058843852,7.885856074132957,167665.0,546210.1375603871, 0.0, 0.0,0.0,NaN, 133.2844102149033,133.2844102149033,0.0, 225.9342974832834, -3.477817585542451, -20.20298060826843, -3.477817585542451, 256.0295807457392, 22.23607385113071, -20.20298060826843, 22.23607385113071, 294.05978698384183, 7.855174327987692, 5.996705384376857, 37.0, 0.0
7, 0 ,1.0,1.0,1.0,263.5189234905005,279.65131241127256,27.744389404053525,17.516705060752695,11.480174280056023,15.844871534578516,80.0,51.0,69.0,0.9768534884036261,-0.10240113338016371,-0.18780646973979595,17.636487118483302,-0.18516220416489348,0.03482982390349047,-0.9820905464954086,15.776401620943226,0.10710845131204752,0.9941332361657114,0.015062815414954304,11.39073244560805,84.82132836400876,75.38208185568848,55.85539477943712,25.092153845657627,7.750685583809069,132428.0,357139.85881617793, 0.0, 0.0,0.0,NaN, 50.146676592565356,50.146676592565356,0.0, 306.8349561853991, -18.903684937495523, -11.594379133163338, -18.903684937495523, 131.79440150045983, -0.5888866016123756, -11.594379133163338, -0.5888866016123756, 251.05995394729652, 7.2753240041011455, 5.793068548272254, 24.0, 0.0
8, 0 ,1.0,1.0,1.0,276.90553951245255,207.2118617980328,284.7258974772424,13.066475299131456,15.153252392936075,8.809125453641396,53.0,75.0,39.0,0.1427171566647765,0.9772229190375306,-0.15705788646638777,15.320356247280776,0.98801397829061,-0.15009057939992693,-0.03607210387205391,13.028524855925944,0.05882339582074163,0.15002727913003475,0.9869304046491598,8.573141234095754,76.9743736828471,58.49524594915255,43.10400553369408,20.78827722912412,6.76772162029943,68219.0,194081.60052340667, 0.0, 0.0,0.0,NaN, 96.83124962569657,96.83124962569657,0.0, 170.7327767428125, 8.211894595736085, -7.0437021453941355, 8.211894595736085, 229.6210580840229, -24.222231288039488, -7.0437021453941355, -24.222231288039488, 77.60069125799274, 7.121001996179567, 5.722858635241407, 16.0, 0.0
9, 0 ,1.0,1.0,1.0,154.3810587022942,178.1965089581111,15.228861208034278,16.86816757628191,16.4799307506753,9.573019548183604,82.0,77.0,41.0,-0.7439524871845525,-0.668126687068329,0.011892301670292075,18.413686966538577,0.6673817870977693,-0.7437854186562194,-0.037212917711191236,14.740034108927015,0.033708264003148795,-0.019747937145209487,0.9992365945642719,9.562082668774744,87.57215829784525,74.27859846098983,41.89278383207811,24.24794931530534,7.73323038586155,110626.0,272501.5486737972, 0.0, 0.0,1.7763568394002505E-15,89.31860524370117, 190.4544163529682,190.4544163529682,0.0, 284.53507738152825, 60.62264896923753, -5.3160074867091796, 60.62264896923753, 271.58811754705334, 1.5153561206094093, -5.3160074867091796, 1.5153561206094093, 91.6427032699054, 8.679784589806037, 5.944587815823489, 18.0, 0.0
10, 0 ,1.0,1.0,1.0,47.56770537169718,249.43578856919015,213.360709908134,15.523841973518405,16.487583676122078,14.684873565964555,84.0,74.0,76.0,-0.3902230054281885,-0.863525706936946,-0.3194516543917721,17.42334317672434,-0.7831307092464721,0.12883514464116502,0.6083648557735792,15.847833678563893,-0.4841820920580498,0.4875703630906404,-0.7265279366727423,13.181383728081556,81.63941609951485,76.79654056816442,73.21469995358616,25.94074111704016,7.453425188660585,158274.0,459028.693461308, 0.0, 0.0,0.0,NaN, 111.02158645763778,111.02158645763778,0.0, 240.98966961877179, 35.93673054129247, -20.69445940189511, 35.93673054129247, 271.84041547712724, 41.87947101100874, -20.69445940189511, 41.87947101100874, 215.64551164836453, 7.4632589667617495, 5.5183408499074575, 33.0, 0.0
11, 0 ,1.0,1.0,1.0,14.192632850241546,164.84590665976535,13.6966011042098,8.842895674108014,15.07803488596401,8.230928486788116,35.0,74.0,33.0,-0.057873824943073124,0.9923657971031548,0.10890704810194478,15.159434241799328,0.9975154758212428,0.053092524431835396,0.046303988452128415,8.815135016005353,0.04016834429720009,0.11131625482954305,-0.9929729077508339,8.11030651691317,72.88832099339174,37.66463286140759,35.58540512480021,18.300304045692265,6.196046765102269,46368.0,97693.03437974205, 0.0, 0.0,0.0,NaN, 136.5857117551117,136.5857117551117,0.0, 78.19680390315823, -8.788855208010368, -0.482855440450327, -8.788855208010368, 227.34713602234774, 17.757121611662697, -0.482855440450327, 17.757121611662697, 67.7481837546201, 9.829692448552999, 5.6940590478497715, 12.0, 0.0
12, 0 ,1.0,1.0,1.0,24.25943606745513,132.38778730593899,190.83067678281105,13.536843478203169,14.894380144674093,14.565549127599073,61.0,73.0,70.0,-0.07569587272122531,-0.9102037985480558,0.40718445446954604,14.991558293633691,-0.10550996762216652,-0.3987521419466937,-0.9109689215474328,14.484247852721536,-0.9915330461388271,0.11191860614577769,0.06585168193026547,13.516791657248033,74.1478166432363,79.3032487041776,62.68779760515682,23.898585264206435,6.789811117053924,125476.0,368614.45198942546, 0.0, 0.0,0.0,NaN, 173.30028158595863,173.30028158595863,0.0, 183.24613135337168, 4.036448084333009, 1.307907318444567, 4.036448084333009, 221.84255989406188, -5.741688218448388, 1.307907318444567, -5.741688218448388, 212.15522138850213, 7.1805020326785245, 5.320471782880967, 28.0, 0.0
13, 0 ,1.0,1.0,1.0,123.11556906357842,234.93374589213553,76.67744259280857,14.332373680033898,14.556376466389207,16.510167533994125,75.0,70.0,79.0,-0.14344533911389354,0.3905255895712193,0.9093476775010491,16.945851796757207,0.8211089843753334,-0.4659612718482995,0.32963635860691026,14.407022537407627,-0.5524522336497595,-0.793958347161592,0.2538240975711818,13.970199412495905,81.38094704115207,70.05657200382272,72.39879674030738,25.242372384723286,7.260392518789866,145757.0,412765.1006430497, 0.0, 2.8421709430404007E-14,0.0,67.01279293047041, 158.96694930724246,158.96694930724246,0.0, 205.41693530412843, -9.89620360980423, -8.644891981008197, -9.89620360980423, 211.88809583124953, 30.765768114868138, -8.644891981008197, 30.765768114868138, 272.58563200055363, 6.565579749892791, 5.131569859475503, 32.0, 0.0
14, 0 ,1.0,1.0,1.0,190.91502423263327,279.2307112381426,59.76971127956588,16.24219967224406,11.952850897385334,14.666539288821188,72.0,52.0,78.0,-0.9267027024984679,0.06375619218218907,0.3703474708168858,16.52239926317191,0.37578642424709185,0.1504475746613349,0.914412429175209,14.421664826547186,-0.0025815758019169517,-0.9865600211020868,0.16337888550675433,11.866464330110048,77.89677489657848,73.20310159690177,57.029708393252605,23.93486630262467,6.993514463717851,120705.0,325199.68076990725, 0.0, 0.0,-7.105427357601002E-15,68.26295170033907, 126.10834104167364,126.10834104167364,0.0, 263.809050193045, -4.011785715839246, -22.28160450193022, -4.011785715839246, 142.87064457512537, 12.361800093506078, -22.28160450193022, 12.361800093506078, 215.1073747105355, 7.203707963210943, 5.571052090466793, 30.0, 0.0
15, 0 ,1.0,1.0,1.0,280.0963839834401,287.06478426806393,149.0335241606831,11.24431960253411,7.694983040410552,17.246051167693388,49.0,32.0,75.0,-0.0119372704034985,0.003682250771223511,0.9999219682578093,17.24682137503719,0.9857144345202513,-0.16796915002629206,0.012386210795333428,11.332290546337013,-0.16800165223513466,-0.9857853750531621,0.001624554573408687,7.5630755401356655,75.10348426755874,52.92464366292478,34.66397201042457,20.75408843745551,7.234748186710439,61836.0,137783.22749304492, 0.0, 0.0,0.0,NaN, 150.91211038322703,150.91211038322703,0.0, 126.43472332393287, -11.802544055851975, -1.998185587645975, -11.802544055851975, 59.21276399220603, 0.7364270362299256, -1.998185587645975, 0.7364270362299256, 297.42628087869844, 8.062270494724116, 5.886927111145786, 19.0, 0.0
16, 0 ,1.0,1.0,1.0,172.6256172070739,100.1983853716429,12.036776017933803,14.27976044540891,15.499721666269092,7.547835943762257,70.0,77.0,30.0,-0.3068602447906054,-0.9501917742846485,-0.05451955840652227,15.668132366696021,0.949863485079701,-0.3021383665416743,-0.08044729439685457,14.1479259795908,0.05996790707782663,-0.07647221420438628,0.9952667233336921,7.447722884193418,80.09945667760535,68.4670762197886,33.42359281763353,21.220360055303026,7.128750007353173,68251.0,183300.85237894033, 0.0, 0.0,0.0,NaN, 162.50794995897596,162.50794995897596,0.0, 203.91155837826483, 13.879696165861578, -7.877691157488629, 13.879696165861578, 240.2413717318115, 13.360889257551914, -7.877691157488629, 13.360889257551914, 56.96982743394948, 7.3420949378728295, 5.27289846019314, 23.0, 0.0
17, 0 ,1.0,1.0,1.0,219.25117996625175,31.164431048396956,262.0217346115282,14.789932733390152,16.186467809762277,15.974010795468558,84.0,71.0,74.0,0.4193842650476621,0.6672099366022017,-0.6155873120278869,16.4286781596434,0.14062592692917317,-0.7176646093747656,-0.6820424159290069,16.107675295256087,-0.89685070491456,0.19947032097595868,-0.3948042605443929,14.37199366190629,81.30685587503504,83.95750962257713,72.31076841247909,26.111904899200486,7.353998493570668,163564.0,493616.52666674583, 0.0, 0.0,0.0,NaN, 94.51953417855033,94.51953417855033,0.0, 218.74211025820549, 12.386573541901965, -21.428290728889156, 12.386573541901965, 262.00174015647036, -0.12352689086252738, -21.428290728889156, -0.12352689086252738, 255.16902089374602, 7.897914121128472, 5.604459687934381, 38.0, 0.0
18, 0 ,1.0,1.0,1.0,158.44970009937535,254.29676852640546,279.42588550539466,17.22731105081522,14.267490468772063,10.889761630822228,82.0,78.0,49.0,-0.952447034171374,0.2928343196009545,-0.08421821870592769,17.531183683256195,0.3011908265023484,0.9466411433721695,-0.11469364283108342,13.978443093698615,-0.046138195987551645,0.1346053748513702,0.9898245601782855,10.779107849647433,81.4021936446295,75.24210766141124,51.67774818430661,23.778556247506522,7.314964215793117,112704.0,316519.62481831305, 0.0, 0.0,0.0,NaN, 150.1618025874852,150.1618025874852,0.0, 296.78024604154024, -30.73072046443567, 12.596845231137122, -30.73072046443567, 203.56128427650168, -13.314093488242698, 12.596845231137122, -13.314093488242698, 118.58690837612801, 7.62450693718997, 5.550563953730139, 28.0, 0.0
19, 0 ,1.0,1.0,1.0,234.92291997658668,243.1631574546367,10.732669955681914,14.97380031411614,13.698325494227827,7.176638113627405,67.0,66.0,30.0,-0.993857294055895,0.041724148308712634,-0.10250255850370762,15.035586110913894,0.0473704563178358,0.9974553179927144,-0.053281596037405975,13.71283164647632,-0.10001859287219286,0.057809895830781916,0.9933047352267581,7.018001876851925,67.93670161592416,65.84962172955534,33.297976306520226,20.418906471822343,6.814045076292615,59795.0,148962.03002114219, 0.0, -2.8421709430404007E-14,0.0,87.6086882146561, 87.06688933962072,87.06688933962072,0.0, 224.2146958470246, -0.7744126982453803, 17.662511511426302, -0.7744126982453803, 187.64412134581207, -8.132317553100217, 17.662511511426302, -8.132317553100217, 51.50413461396952, 7.106428873502587, 5.130933039632471, 11.0, 0.0
20, 0 ,1.0,1.0,1.0,271.416275475568,67.24921641413776,238.6630725232187,15.495840363692638,15.1948143446217,13.94532085637586,72.0,79.0,72.0,-0.9683824159593102,-0.06498826194321602,-0.2408568501629323,15.61272849520157,-0.022656949578719734,-0.9385714777181796,0.3443403023895107,15.388822822622304,-0.2484394475452654,0.3389101754499446,0.9074236793691749,13.597877275549255,77.8273242391324,74.71700052000054,79.79235202846684,24.79726499521587,7.111334198928926,138466.0,463994.460066769, 0.0, 0.0,0.0,NaN, 95.40285681412314,95.40285681412314,0.0, 240.12106857704597, 4.80790349897531, 13.322422109122513, 4.80790349897531, 230.88238296752138, -15.856602390703943, 13.322422109122513, -15.856602390703943, 194.47197378727154, 6.069716572428572, 4.958797356844416, 30.0, 0.0
21, 0 ,1.0,1.0,1.0,69.91916024702363,63.6701709428917,159.60808875023875,14.571516583557143,14.270040586475464,14.078761643071175,71.0,65.0,70.0,-0.8676080167484118,0.4606220643243427,0.18730628161241344,14.613852388862496,-0.47276907675117164,-0.6474006444292307,-0.5977974620726164,14.509713762305026,-0.15409649360622205,-0.6072064883136521,0.7794578572367271,13.786885369055044,79.43075952807447,78.43225627035244,80.07431019566677,23.853956215782304,6.720376190552606,125656.0,498857.6425556501, 0.0, 0.0,0.0,NaN, 169.27040019420662,169.27040019420662,0.0, 212.32909554488083, -3.125870659276409, 1.9638454632075173, -3.125870659276409, 203.634058339657, 9.94218531748299, 1.9638454632075173, 9.94218531748299, 198.2115294024122, 7.010995037990093, 5.099266523036937, 29.0, 0.0
22, 0 ,1.0,1.0,1.0,277.50109536765484,207.05409702837355,12.391964948235044,13.151782110188769,13.551110609761118,7.822394107640255,55.0,72.0,31.0,-0.5398063942203827,0.8401159926418174,-0.05304880456939692,13.815460984357347,0.8387219265139533,0.5421452633491658,0.0512254176438421,12.898816621995831,-0.07179545071598219,0.016841387576951215,0.9972771835959006,7.781091732458265,63.26087070776589,67.04822200089353,32.52789716832267,19.458254116679278,6.2584477099237645,56602.0,137968.01599924118, 0.0, 0.0,1.7763568394002505E-15,86.95909997993432, 96.42977955043062,96.42977955043062,0.0, 172.96937267388134, -10.977109537043914, 8.278942407922164, -10.977109537043914, 183.6325987579803, -2.868877366020596, 8.278942407922164, -2.868877366020596, 61.18984957524498, 7.564742911592153, 5.570237329763745, 12.0, 0.0
23, 0 ,1.0,1.0,1.0,41.370954683198775,85.27632684848905,38.643904169269085,13.273095083874598,14.136419129134943,16.07614156419621,62.0,71.0,80.0,0.16376476251294944,0.031630667555931684,0.9859921923773245,16.14878174103082,-0.17579684339460355,-0.9825521442496326,0.06071864361909748,14.16722705504606,0.9707093140644991,-0.1832778892840483,-0.1553468470488334,13.151511409094619,77.97127099968671,72.46523262372475,59.41032767040713,24.217606941753644,6.925549834270669,129687.0,335680.6071513163, 0.0, 0.0,0.0,NaN, 102.35701803791117,102.35701803791117,0.0, 176.175053105576, 5.247823359109955, 13.884321930685417, 5.247823359109955, 199.83834579457235, 1.083493720959626, 13.884321930685417, 1.083493720959626, 258.44232759207694, 6.872365898348821, 5.016261021167453, 23.0, 0.0
24, 0 ,1.0,1.0,1.0,65.5960629322794,42.636246864786806,35.73430113247701,14.868790059820624,13.123546369867658,15.854561421758175,77.0,69.0,76.0,0.24383420401425288,0.23966607883027435,-0.9397366927021933,16.017630625377393,-0.9177055353916278,-0.25633705613297,-0.3034927741555776,15.013068067027438,0.3136262604826029,-0.9364034837137266,-0.1574391451466094,12.756127994229402,84.47866440735291,83.71856163544797,63.20490430841259,24.4012631524202,7.018109546572058,131570.0,447012.4050469476, 0.0, 0.0,0.0,NaN, 86.00949538485358,86.00949538485358,0.0, 221.0809178430206, 20.22764289637423, -4.048185999949644, 20.22764289637423, 172.22746932206658, -16.260439933881628, -4.048185999949644, -16.260439933881628, 251.36711787630264, 6.480809522158036, 4.972776776143537, 24.0, 0.0
25, 0 ,1.0,1.0,1.0,29.809458073676737,282.0976966159186,137.13444624122425,14.768233926055276,10.722678876681274,15.563326244163065,64.0,47.0,71.0,0.461129629163042,0.007678390680950433,0.887299559012911,15.844126400325262,0.8818284593904385,0.10724162547337512,-0.4592143311950472,14.505168591220423,0.09868147403156048,-0.9942033373924967,-0.04268126756059889,10.670400279284761,83.53530863987652,70.59215811423225,50.34153903071348,22.94947473444601,6.972467911895655,101416.0,296860.9201729408, -3.552713678800501E-15, 0.0,0.0,62.539975541579544, 141.47421179490348,141.47421179490348,0.0, 218.10073329469003, 9.61561183053956, 17.03342706442209, 9.61561183053956, 114.97584229242678, -3.819812390136489, 17.03342706442209, -3.819812390136489, 242.2171237822548, 7.19839720240741, 5.215059963908979, 25.0, 0.0
26, 0 ,1.0,1.0,1.0,280.7746091437724,105.23444409624291,168.96527269983866,11.574141335162446,12.279546174092783,14.679790405181391,49.0,59.0,70.0,0.19205124285964953,-0.141724459046795,0.9710975737916129,14.813260906051472,0.439700285279227,-0.8722155064951588,-0.21425164959635468,12.51570913744775,-0.8773710613197989,-0.4681391758198477,0.10519378698993415,11.143095366373842,68.49948617597582,69.38280300287767,57.23527912197582,21.443545287554866,6.357563505667585,86157.0,272021.33011599135, 0.0, 0.0,0.0,NaN, 169.15674280514992,169.15674280514992,0.0, 133.96074764631595, -15.04730120704132, 14.707506419190123, -15.04730120704132, 150.7872542416767, -7.042428859686812, 14.707506419190123, -7.042428859686812, 215.49624634005565, 6.955691881237687, 5.285925221922689, 18.0, 0.0
27, 0 ,1.0,1.0,1.0,35.84195926883046,179.1564206516671,207.5693117428104,13.581038004975154,14.851899053866711,14.673165037566381,69.0,70.0,74.0,-0.17129309762662817,-0.7248766082991815,0.6672425177146232,15.546287630951266,0.30432621303454177,-0.6830620484041516,-0.6639365889073893,14.052814295795603,-0.9370401436254103,-0.08933163365012033,-0.3376027672633497,13.459443609677965,75.75842241466584,68.3763931994859,74.55530556177771,23.968083033794134,6.771725533686482,126537.0,386203.01975940226, 0.0, 0.0,0.0,NaN, 156.3049866307633,156.3049866307633,0.0, 184.4445932925795, 4.122312842820988, -10.21678168256955, 4.122312842820988, 220.5789055062469, -21.87313107885808, -10.21678168256955, -21.87313107885808, 215.30177221966042, 6.599501218060814, 5.025247447483409, 33.0, 0.0
28, 0 ,1.0,1.0,1.0,124.01082621542635,187.36428882824987,114.23720795052718,13.975026361717514,13.965926134252216,15.06038050920767,70.0,72.0,73.0,-0.23662718464219032,-0.36614196678626826,0.8999709082221461,15.235505940678227,-0.7017130373712624,-0.5762661658218392,-0.4189464396700304,14.363638345544397,-0.6720166580312634,0.7306554360893243,0.12056635119970874,13.368947897653573,76.63608704548093,68.59151626917605,65.69762120834406,23.885465068294682,6.829939542301289,123866.0,345345.1572065513, 0.0, 2.8421709430404007E-14,0.0,68.52212180233757, 202.76988960427676,202.76988960427676,0.0, 195.30136181069946, 15.780605563119103, -3.26066148791161, 15.780605563119103, 195.04709278738903, -10.933755302921382, -3.26066148791161, -10.933755302921382, 226.8150610821223, 6.345553624979664, 4.766391445994084, 32.0, 0.0
29, 0 ,1.0,1.0,1.0,33.565372786967,14.164183003431612,71.32650177517603,16.66835408935259,8.815851367163484,13.629392776052939,73.0,36.0,66.0,-0.9996667009954543,0.0072073080537904954,0.02478995021138332,16.67035771248934,-0.024837889679373955,-0.006639866528595876,-0.9996694410697755,13.627498310312683,-0.007040323653096517,-0.9999519822886997,0.006816667790016894,8.814991455466728,73.75136493727483,65.4364213885411,36.45030100326747,22.17994170767369,7.025937422444998,84217.0,175910.07826128078, 0.0, -1.7763568394002505E-15,0.0,89.58704809166348, 80.09199826428951,80.09199826428951,NaN, 277.83402804803717, -1.424586598019298, -2.2794929233199452, -1.424586598019298, 77.71923532791826, 0.7526682255914624, -2.2794929233199452, 0.7526682255914624, 185.76034744392402, 7.105139144131146, 5.263522296556755, 21.0, 0.0
30, 0 ,1.0,1.0,1.0,234.9742365097589,273.3683765786452,95.94234672789896,13.516518527224015,13.03874523646875,14.310605642316514,68.0,60.0,68.0,-0.48922533810251645,-0.3076973547565077,0.8160765322163883,14.79284497611379,-0.6940338603095852,-0.42931376185316333,-0.5779331229712136,13.29702126342899,-0.5281813791703124,0.8491242734484349,0.003521212634029905,12.722403362604492,72.7211449100317,70.12933029729055,69.0574793233689,22.729818071732463,6.39170984277105,108875.0,352185.21612853656, 0.0, 0.0,0.0,NaN, 118.92235777683695,118.92235777683695,0.0, 182.69627309679007, 13.030533146297154, -16.747478460879588, 13.030533146297154, 170.00887734153653, -10.595487487631075, -16.747478460879588, -10.595487487631075, 204.79343384990125, 6.185528981665109, 4.758401064587874, 24.0, 0.0
31, 0 ,1.0,1.0,1.0,135.1687977217384,25.36285443064097,250.83683189566221,15.023432453425285,13.54020513213619,13.804335916341124,75.0,60.0,68.0,-0.9839986002107105,-0.14177471776494793,0.10791980441991013,15.032438299746255,0.17486980230189725,-0.6522945059513741,0.7375177487684951,14.828340959912511,-0.03416587517183895,0.7445883472821226,0.6666489976482528,12.399454461186897,71.37701468502961,74.06817291720807,67.43425678319326,23.5756288979144,6.617408092437179,121145.0,356509.07301338826, 0.0, 0.0,0.0,NaN, 146.051002600001,146.051002600001,0.0, 225.70352268263207, 2.5326178525554295, 0.8590996290858696, 2.5326178525554295, 183.3371550203272, -32.92039668553887, 0.8590996290858696, -32.92039668553887, 190.55969009118553, 7.846215400189669, 5.284959210683143, 21.0, 0.0
32, 0 ,1.0,1.0,1.0,20.19417290361998,250.28839544829694,80.97191461738201,11.838785095975537,13.265279977094028,15.601523258877654,49.0,66.0,81.0,-0.04357646031704286,-0.08484030994571463,0.9954412157001293,15.627767440650526,0.3747571812922054,-0.9250184811178571,-0.06243288124325395,13.500943764366559,0.9260983463845284,0.37032814016589183,0.07210354655017664,11.533837856890475,80.67894015340426,70.8570195609538,56.58182489055163,22.711933946374508,6.610602834270507,104752.0,323459.577929216, 0.0, 0.0,0.0,NaN, 97.13649779135959,97.13649779135959,0.0, 140.1568325486925, -16.660407089299934, -5.975730709843776, -16.660407089299934, 175.96765287069175, -6.547001876729013, -5.975730709843776, -6.547001876729013, 243.4075279973004, 7.034465608777222, 5.376539588839295, 21.0, 0.0
33, 0 ,1.0,1.0,1.0,166.37868716581886,12.042937706196877,220.8191805756448,15.121157889191016,7.693553045011015,12.93909697401987,72.0,32.0,66.0,0.9398078718309424,0.01106148999564472,0.3415242414290254,15.425812777051622,-0.34170051947008373,0.03447481075989925,0.9391763638512971,12.579894295872114,0.0013852936402963022,0.9993443504929345,-0.036179415409660326,7.684462540826605,72.11457856879633,64.35952074807386,33.08672815707041,20.27836718952645,6.636883982416591,61531.0,153564.098517645, 0.0, 0.0,0.0,NaN, 155.78603838867522,155.78603838867522,0.0, 228.64941590984373, 0.691220823778322, 25.586684328337054, 0.691220823778322, 59.19075845639826, 3.8878406806186154, 25.586684328337054, 3.8878406806186154, 167.42023050309018, 6.913519268378825, 4.934900060994535, 18.0, 0.0
34, 0 ,1.0,1.0,1.0,58.91950216240498,111.71708167813196,158.19435220336297,13.844892573661406,12.629129436333264,14.93913646428583,71.0,63.0,73.0,0.5072978142267277,0.15261482988037375,0.8481495395160983,15.512295124073951,-0.7875946069158901,-0.3173590497688298,0.528183650529653,13.363346468240227,-0.34977658989387733,0.935944414605061,0.04079693532363016,12.455658559379406,74.33000035104135,65.30003592129499,62.591199980843456,23.072243483964638,6.482695397061246,113531.0,303802.14287097054, -7.105427357601002E-15, -1.4210854715202004E-14,0.0,70.80315489292671, 189.8974876631282,189.8974876631282,0.0, 191.68105037622473, 12.476305233429189, 27.033305306801978, 12.476305233429189, 159.49491031965934, 7.137201229373569, 27.033305306801978, 7.137201229373569, 223.17779829855456, 6.6246038795613735, 4.938513366627452, 24.0, 0.0
35, 0 ,1.0,1.0,1.0,144.78880223511237,152.5169899993524,58.360004810672294,13.281043179892363,13.920936586350946,13.767365975904402,65.0,66.0,64.0,0.5187782287798554,0.6531345098378449,0.5516198522559839,14.75093943214889,0.02770074702917094,-0.6577415042681162,0.7527342042030113,13.451249288131892,-0.8544599569073216,0.37522183521484065,0.35931428641225077,12.696165868460692,74.65377869922847,66.90722103059281,64.5037834942442,22.76419379136928,6.442858863181179,108093.0,322188.45634468296, 0.0, 0.0,0.0,NaN, 214.7578302484715,214.7578302484715,0.0, 176.38610794616545, 18.74958012725339, 16.550882571700516, 18.74958012725339, 193.79247544120435, 10.543946889856036, 16.550882571700516, 10.543946889856036, 189.5403659144902, 6.21719289643662, 4.736728120044839, 19.0, 0.0
36, 0 ,1.0,1.0,1.0,27.44241710285003,13.62028620768129,262.4286823469565,12.436615676090101,8.690614805411947,16.70418278645645,50.0,40.0,75.0,0.04111855784413012,0.07006291610113619,0.9966947637006147,16.739529953245775,0.9953263122544788,0.08436373401060383,-0.04699247298970746,12.45300494142893,-0.08737732162706305,0.9939687863163483,-0.06626654883187698,8.598646556714462,75.28205257043703,52.206583447625675,41.60247789816121,21.43521825413411,7.0538880152509575,74701.0,163506.83908232348, 0.0, 0.0,0.0,NaN, 48.47888574433045,48.47888574433045,0.0, 154.66940947477005, 7.407587062051942, 4.658525014597326, 7.407587062051942, 75.52678569604534, 14.08279105730076, 4.658525014597326, 14.08279105730076, 279.029722563348, 6.929098897618709, 5.071729270538172, 18.0, 0.0
37, 0 ,1.0,1.0,1.0,30.915580719110114,288.25524254965615,206.69817068480083,14.525887127997754,6.887638698647551,15.95446421600206,66.0,28.0,77.0,0.011716571095196273,-0.07012315895584648,0.9974695306323016,15.987170118034374,-0.999272457385955,-0.03702856961975174,0.009134601345972675,14.533158433973888,0.03629432285641734,-0.9968508552486514,-0.07050598923797774,6.795850915681627,78.31341871289158,66.09096186460607,31.36661741962314,21.444601397574335,7.288001304697459,64997.0,162347.62606109542, 0.0, 0.0,0.0,NaN, 98.98961466906405,98.98961466906405,0.0, 211.00139685533082, 5.934297211716918, 0.9409336207440407, 5.934297211716918, 47.43956684310733, -14.702873235085542, 0.9409336207440407, -14.702873235085542, 254.54492841969025, 6.075367040230989, 4.845845780781838, 19.0, 0.0
38, 0 ,1.0,1.0,1.0,53.30149216276735,20.161985560960545,164.9034437495174,14.346637600377928,11.588686907394571,14.782703364790429,77.0,47.0,76.0,-0.5441886659463364,0.005359748508540407,0.8389457485150463,15.09011351217135,-0.8371886686169181,0.06152973835245206,-0.5434420157088609,14.0315126827012,0.054532824931206446,0.998090859788929,0.028996665512061582,11.578303825282932,78.20781661509082,67.4857343399859,48.8942151441606,22.684108218051033,6.639520148124745,103608.0,258059.3616812024, 0.0, 0.0,0.0,NaN, 146.62412570678038,146.62412570678038,0.0, 205.82601043657775, -3.5094678303581075, -14.173788437221763, -3.5094678303581075, 134.29766423761836, -1.6796530813079114, -14.173788437221763, -1.6796530813079114, 218.52831877138627, 6.579393098940112, 4.839372853771031, 23.0, 0.0
39, 0 ,1.0,1.0,1.0,128.7179169249845,93.01292936916539,209.52619567463634,14.347833588623851,12.59612041892884,14.448826631798342,69.0,63.0,68.0,0.6435196926416433,0.09268349239814731,0.7597974568391815,15.333716161202647,-0.6545873619301608,0.581139473816249,0.4835207312762153,14.278098810225368,0.3967339042528602,0.8085089252503372,-0.43464413835553617,11.588969427169854,71.68375879292017,70.3765066138094,58.76027166565315,23.035502323824897,6.531217499045739,111297.0,296436.90486997314, 0.0, 0.0,0.0,NaN, 182.77093980292588,182.77093980292588,0.0, 205.8603286868428, -20.44784749323907, 27.27856917262079, -20.44784749323907, 158.66224960815603, 26.64555921924307, 27.27856917262079, 26.64555921924307, 208.76859103576504, 6.6898202962686515, 4.829272671533889, 27.0, 0.0
40, 0 ,1.0,1.0,1.0,281.19959924167887,254.28131074368267,242.90854551126682,10.939230076056178,13.780168328410374,13.285786312685618,44.0,69.0,70.0,0.12492968828434826,0.9398510121057723,-0.31791924765407287,13.873729438601913,0.05416303973121861,-0.32641220171689644,-0.9436744352250953,13.238158042098597,-0.9906860946395937,0.10067348019257263,-0.0916837623228108,10.878543784875427,73.09324016653136,69.47480660942966,48.72810882121371,21.153901726487632,6.211630503231066,83342.0,247448.096402304, 0.0, 0.0,0.0,NaN, 75.51879098362393,75.51879098362393,0.0, 119.66675465689208, 7.698824071642623, -5.853167125578265, 7.698824071642623, 189.89303915932436, -4.623477352495151, -5.853167125578265, -4.623477352495151, 176.5121179463445, 6.604909981957167, 5.045496359202772, 17.0, 0.0
41, 0 ,1.0,1.0,1.0,133.93951346481128,277.99171088197016,54.63932325558114,13.189258417170059,12.205497242855685,14.787394263850937,59.0,52.0,71.0,-0.17975416235407995,0.005052800585134909,0.9836985871305448,14.8394550297549,-0.9799068890373165,0.08694484761240935,-0.17950788921622365,13.137576064035251,0.08643454132227588,0.9962003125275071,0.010677424151266286,12.198048993031248,71.79463146923788,62.771227444688705,53.18130832013816,22.343874782719322,6.507610110397497,99890.0,239668.85929650086, 0.0, 0.0,-7.105427357601002E-15,10.359576283085657, 146.3202436538466,146.3202436538466,0.0, 173.95653759489127, -2.092872988799142, -8.441177384020321, -2.092872988799142, 148.97416294535773, -0.01653459149448193, -8.441177384020321, -0.01653459149448193, 218.6670291145716, 6.3448544584579425, 4.677835710679819, 20.0, 0.0
42, 0 ,1.0,1.0,1.0,200.03706688909924,175.08621449123234,190.46638675151596,14.387280059144784,12.35497560862667,14.160877349106649,75.0,65.0,66.0,0.9084107233700308,0.29716654629355443,0.2940782233187257,14.63020789674907,0.2992435663129248,0.02906233957029955,-0.9537340658899749,14.123643278762456,-0.29196445962935236,0.954383269018617,-0.06252463618989684,12.109889120823368,75.51835024180318,68.9581257805254,62.056119679759774,22.754435839749526,6.511938782054717,106699.0,323163.6905350332, 0.0, 0.0,0.0,NaN, 193.89083072062306,193.89083072062306,0.0, 206.99382750026513, 18.652274357652633, 2.926760704390434, 18.652274357652633, 152.64542228975998, 4.4252683555872245, 2.926760704390434, 4.4252683555872245, 200.53044729644174, 6.709914345225003, 4.827914796707615, 35.0, 0.0
43, 0 ,1.0,1.0,1.0,104.62373104948006,216.2838326685836,275.14834740129237,13.849486706296508,13.732301652371172,12.025883019853342,72.0,66.0,54.0,-0.7878641217988296,0.5979813770706477,-0.1472698144863717,14.136453873478525,0.5867180931959366,0.8014963407855954,0.1156092332983172,13.502153140033675,-0.1871683859488099,-0.004678502323651381,0.9823167039795896,11.952354812876397,73.5190862796515,67.22584414535191,55.969928904225014,22.027145573235195,6.309604662916163,97029.0,276624.8047512917, 0.0, 0.0,0.0,NaN, 136.2795891109982,136.2795891109982,0.0, 191.8082820278837, -8.29397966693139, 9.28722356484916, -8.29397966693139, 188.576108671716, -1.3625770381184912, 9.28722356484916, -1.3625770381184912, 144.62186240719694, 5.582176024304294, 4.470997607464357, 26.0, 0.0
44, 0 ,1.0,1.0,1.0,176.30919683293413,279.22305431497034,173.98957211141212,12.394985996220354,11.280144165455292,16.208733923299913,68.0,50.0,75.0,0.1713097096527874,0.016629845216738087,0.9850768658468966,16.31491979944101,-0.9810976778063666,0.09421876751825696,0.16902712933223116,12.26493535970859,0.09000183321261714,0.9954126139925131,-0.03245609223181714,11.269211959860582,77.57093976894583,67.93948606857029,51.91893212806326,22.317941140972092,6.746101753189086,95609.0,273619.51044518885, 0.0, 0.0,0.0,NaN, 177.79123768278768,177.79123768278768,3.3036247397782844E-6, 153.6356778464987, -1.7696339430299766, 19.601295581403882, -1.7696339430299766, 127.24165239345507, 2.653216592078478, 19.601295581403882, 2.653216592078478, 262.7230553963334, 6.672809513083904, 4.9962363032492885, 27.0, 0.0
45, 0 ,1.0,1.0,1.0,240.05266251203324,93.86785225718194,186.73900795460304,13.627157462542598,12.304118523365423,13.466087813087483,66.0,62.0,68.0,0.7816079518369183,-0.37566426679901505,0.4979612116175878,14.28362516700087,0.4374725518861389,-0.23892470142047711,-0.8669098877030791,13.186260772485793,-0.44464230114950504,-0.8954280237414365,0.022402641071506055,11.854402265165438,70.0509217735326,67.23264484846,60.0767750208677,21.935389426209618,6.104503653558877,98685.0,282944.11268160125, 0.0, 0.0,0.0,NaN, 158.8486993285743,158.8486993285743,0.0, 185.69942050893044, -22.1294748764308, 12.064755288644994, -22.1294748764308, 151.39133263702414, -4.970001492263194, 12.064755288644994, -4.970001492263194, 181.33552098978325, 6.756183912109059, 4.749167287469445, 19.0, 0.0
46, 0 ,1.0,1.0,1.0,119.07587755813277,169.33596003794847,271.2464616933532,14.203157663677924,12.1142841109908,14.004144927794616,69.0,58.0,62.0,-0.7725510717291965,0.012982277743397134,-0.6348198973210144,14.57274074071637,-0.6010278541025034,-0.3373792552307834,0.7245279544178143,13.827640776046998,-0.2047690410267387,0.9412792883116653,0.2684454157412164,11.875740826249132,71.89466678499764,70.60461571598043,58.35241179359764,22.446377063409347,6.384496771642091,103298.0,296202.40443855565, 0.0, 0.0,0.0,NaN, 179.1058958286852,179.1058958286852,NaN, 201.72968761929297, 9.457857317882022, 13.135900339284124, 9.457857317882022, 146.75587952180416, -12.851567374064377, 13.135900339284124, -12.851567374064377, 196.11607515867567, 6.190931229178491, 4.586173590401155, 18.0, 0.0
47, 0 ,1.0,1.0,1.0,91.89375084278862,265.87781009805246,42.01905183872397,12.3867779651853,13.861893314134916,14.492050138161243,63.0,65.0,71.0,0.4475238329614065,0.2668560747903017,-0.8535281215513899,15.264882215640974,-0.05827961508582285,0.9611131191429593,0.26993528609046386,13.759494459556796,-0.8923709460739855,0.07105918349379778,-0.44567329631044217,11.54398349696808,79.45466332847246,67.9661549069346,56.24264069155987,22.632083176542658,6.5873122674033455,103822.0,303723.08057402365, 0.0, 0.0,0.0,NaN, 106.6507665471114,106.6507665471114,1.3486991523486091E-6, 153.43226835880006, 8.772843166107506, -38.98502089313437, 8.772843166107506, 192.15208625245828, -8.176526250446456, -38.98502089313437, -8.176526250446456, 210.0195172069793, 7.003596110834884, 4.69485195282459, 19.0, 0.0
48, 0 ,1.0,1.0,1.0,51.58353413324342,187.17868039507553,47.332171023956185,15.825724944096256,11.621032839022579,15.457839816667404,74.0,60.0,76.0,-0.9730318558619495,-0.20203913205301222,0.11130676797533808,16.012576270272067,-0.08834981040264554,-0.11931386448310877,-0.9889178493403402,15.486006848159453,0.21308054458271597,-0.9720825020857908,0.0982460719772618,11.323770535341042,75.16682548645247,73.91177450055133,59.335661795026994,23.980286726517225,7.027989368488543,121597.0,329651.93461239507, 0.0, 0.0,0.0,NaN, 132.7774286726213,132.7774286726213,0.0, 250.45357000619043, 26.374248985477237, -4.1324006938973366, 26.374248985477237, 135.04840424564117, 10.28408529949969, -4.1324006938973366, 10.28408529949969, 238.94481179774814, 6.572318676506302, 4.737784073741043, 29.0, 0.0
49, 0 ,1.0,1.0,1.0,278.71115152412267,235.44189513528374,48.48189344357627,11.741244293730869,13.540377176760156,13.873291592492391,50.0,60.0,64.0,0.1614988819149239,0.6012762699799773,0.7825502912268288,14.464519757354235,0.08363716684409886,-0.7984458274157552,0.5962290541433405,12.989846756582475,-0.9833223965020434,0.030840036338105684,0.17923715210899355,11.649394863851416,67.17184392950554,62.61796413094217,56.198814925530314,21.798181195756854,6.205332208773799,94579.0,236381.43857712418, 0.0, 0.0,0.0,NaN, 83.49525714091101,83.49525714091101,0.0, 137.85681756506767, 4.933020366051874, 10.937754120735644, 4.933020366051874, 183.34181408892732, 18.86736744329251, 10.937754120735644, 18.86736744329251, 192.46821961032006, 6.359749938184878, 4.59738364340353, 14.0, 0.0
