// Sample: .//bubblelabels.tif, Map: .//bubblelabels.tif, Thickness:(8.191250068658265):/gpfs/home/mader/Foam/NewValid/InSilicoTest/LatticeData_OldFoam/out_Step_03500.vtk/distmap.tif, Neighbors:(1.0):
//LACUNA_NUMBER, TRIANGLES, SCALE_X, SCALE_Y, SCALE_Z, POS_X, POS_Y, POS_Z , STD_X, STD_Y, STD_Z,PROJ_X, PROJ_Y, PROJ_Z, PCA1_X, PCA1_Y, PCA1_Z, PCA1_S, PCA2_X, PCA2_Y, PCA2_Z, PCA2_S, PCA3_X, PCA3_Y, PCA3_Z, PCA3_S,PROJ_PCA1, PROJ_PCA2, PROJ_PCA3,OBJ_RADIUS, OBJ_RADIUS_STD, VOLUME, VOLUME_BOX, Mask_Grad_X,Mask_Grad_Y,Mask_Grad_Z,Mask_Angle, Mask_Distance_Mean,Mask_Distance_COV, Mask_Distance_STD, SHAPET_XX, SHAPET_XY, SHAPET_XZ, SHAPET_YX, SHAPET_YY, SHAPET_YZ, SHAPET_ZX, SHAPET_ZY, SHAPET_ZZ, Thickness, Thickness_STD, Neighbors, Neighbors_STD
1, 0 ,1.0,1.0,1.0,79.9357339248169,138.2237124835378,39.87937547653705,15.72781120446736,15.626128593608268,16.443525650326706,85.0,83.0,80.0,0.10643197049177526,-0.43503290616403034,0.8941021229209314,16.703074272638748,0.9916846399652132,0.11186749423462099,-0.0636179109271385,15.718170028988615,-0.07234507940630225,0.8934383214795225,0.4433217287676647,15.358252397418822,91.02964462120272,83.95759191433925,81.93909545544476,26.5620688447364,7.509059502217465,173124.0,626230.1690431241, 0.0, 0.0,0.0,NaN, 164.57788684762446,164.57788684762446,NaN, 247.364045283369, -0.7555392372412488, 3.3973910697069436, -0.7555392372412488, 244.1758948239819, -16.850466788003096, 3.3973910697069436, -16.850466788003096, 270.3895358129523, 6.824120661087877, 5.502171524492275, 55.0, 0.0
2, 0 ,1.0,1.0,1.0,58.279855469662145,259.7770594958644,12.868705986456426,15.051512080743896,15.66515717921432,8.148583005214642,86.0,72.0,33.0,-0.48366054198533426,-0.8751314552761581,0.01474503688316581,15.917941619770652,0.8705364302847513,-0.4827315168302779,-0.09558559622568852,14.83314466291606,0.0907678559487551,-0.03339488950381969,0.9953120001695415,8.05863042692246,73.5259376283478,69.07005983827585,36.54707238329971,22.11168358128547,7.029795129319619,81367.0,185602.14759257756, 0.0, 0.0,0.0,NaN, 71.97242590138114,71.97242590138114,0.0, 226.54801591677943, 14.589693342751485, -14.248249339629078, 14.589693342751485, 245.39714944948997, 4.724167372452092, -14.248249339629078, 4.724167372452092, 66.39940499287287, 8.06787939802665, 5.614012304358335, 26.0, 0.0
3, 0 ,1.0,1.0,1.0,76.99093948402975,15.511385540200594,260.07831030089187,15.365859045383354,9.206718340930422,15.482996979661625,72.0,39.0,78.0,-0.6913169903491725,0.1317703651044062,0.7104346484616392,16.061793697087218,0.7081120733121915,-0.07202857448086941,0.702416668429617,14.888090571559575,-0.14372929584490074,-0.9886599290648457,0.04351360910592974,8.997778873103794,77.72864048257433,79.6293767522626,40.478971953621134,22.596017229256905,7.072233569329112,91827.0,250543.9167561006, 0.0, 0.0,0.0,NaN, 88.10192479419591,88.10192479419591,0.0, 236.10962420258943, -23.301823289779005, -16.961044636432174, -23.301823289779005, 84.76366260922464, 9.453359323297297, -16.961044636432174, 9.453359323297297, 239.723195472211, 6.942240473663972, 5.3376491447716115, 30.0, 0.0
4, 0 ,1.0,1.0,1.0,155.1668022121015,177.55098057440281,13.860059020355052,15.971628745000105,14.797680663576532,8.66015570884504,76.0,65.0,38.0,-0.8254530612158055,-0.5626620896204798,0.045151042439467055,16.961792655398142,-0.5597228322320571,0.8262400598488726,0.06354301361327401,13.684084512185397,0.07305884482785156,-0.02717970575350635,0.9969572050933642,8.608483935594652,79.73028795566458,64.02280829401059,39.91980228783951,22.32205282723929,7.1266073463233734,86072.0,203772.9038522089, 0.0, 0.0,0.0,NaN, 190.16445192466054,190.16445192466054,0.0, 255.09292476811362, 46.87798089847244, -11.985034242904128, 46.87798089847244, 218.97135302118681, 0.5141109886917018, -11.985034242904128, 0.5141109886917018, 74.99829690144134, 8.354908600259126, 5.537930467420184, 23.0, 0.0
5, 0 ,1.0,1.0,1.0,281.6815464485173,287.7963698576261,149.30101077637065,10.154264155096941,7.253116096340078,17.095980358090927,45.0,31.0,84.0,-0.06579276202212529,0.0016193123981652817,0.9978319950236397,17.120070693133915,-0.9765709184174065,0.20523170092295764,-0.06472395412559986,10.225966000085348,0.20489156587542412,0.9787120755174258,0.011921387062339184,7.093808347418234,83.6318444827065,47.69606946623733,33.315554984729545,19.837092997277708,7.380993121531083,50852.0,132892.7592306676, 0.0, 0.0,0.0,NaN, 150.91483077555907,150.91483077555907,0.0, 103.1090805314866, -10.89848160398023, -12.50929032265129, -10.89848160398023, 52.607693106987526, -0.3283259932876609, -12.50929032265129, -0.3283259932876609, 292.27254440423076, 7.139371149666818, 5.426462873812647, 17.0, 0.0
6, 0 ,1.0,1.0,1.0,16.976187578597216,163.86284532067666,12.777128716887754,10.33686400502921,14.580334492381928,8.080315032316769,41.0,76.0,36.0,-0.0985501659817733,0.9920128461664703,0.07872977724891306,14.649504194224344,0.9939899995278838,0.09433922589982555,0.055533695133483774,10.290262713776908,0.04766283272658014,0.08372946612346366,-0.9953479948636846,8.014419662991891,75.74643263974805,46.753175465736696,37.60116476760729,18.593271778991493,6.246490770204971,49302.0,133160.24812172246, 0.0, 0.0,0.0,NaN, 137.7852345033155,137.7852345033155,0.0, 106.85075745846852, -10.7948971561707, 1.1328008825935174, -10.7948971561707, 212.58615390974217, 11.96284013596992, 1.1328008825935174, 11.96284013596992, 65.29149102148435, 7.464368554149301, 5.244396941955772, 17.0, 0.0
7, 0 ,1.0,1.0,1.0,171.80957960268606,99.23193550643536,11.016473139339675,13.71843907499203,14.57815877727769,6.8647045849471535,65.0,68.0,28.0,-0.0662747477525721,-0.9969946915675207,-0.04011536858257987,14.592611432076527,0.996105846017368,-0.06376585026139642,-0.060885629424885006,13.732057204182745,0.05814465874314009,-0.043994332892140074,0.997338306359993,6.806522574844165,69.34674932810199,66.74130366610942,30.03900404004041,20.106782826589594,6.599980105480232,57184.0,139029.2957591727, 0.0, 0.0,0.0,NaN, 162.48422565413304,162.48422565413304,NaN, 188.1955706542682, 1.974442951342578, -8.183716144126528, 1.974442951342578, 212.52271333551855, 7.21599602603766, -8.183716144126528, 7.21599602603766, 47.124169038594474, 6.423750551504504, 4.840575039499268, 27.0, 0.0
8, 0 ,1.0,1.0,1.0,280.20767836194943,206.41034445984857,210.28412072091288,11.93153466125459,13.526690785692216,14.553857371098792,50.0,72.0,71.0,-0.19161164723039203,0.359101244616061,0.913417359568369,14.890557526104622,-0.2230182045860156,-0.9222473130419434,0.31578912902464784,13.349091456280004,0.9557969748167677,-0.1431998243787729,0.2567994416446472,11.714124005506267,80.8629792948517,66.57499210622046,56.678234973837164,22.209094820505186,6.625990840363218,93770.0,305124.5692290618, 0.0, 2.8421709430404007E-14,2.8421709430404007E-14,25.1691349489425, 131.1476214605815,131.1476214605815,0.0, 142.36151937271967, 2.61335130626971, -17.676623300832144, 2.61335130626971, 182.97136361173068, 15.78528956916624, -17.676623300832144, 15.78528956916624, 211.81476437828664, 7.251422987789809, 5.14821809810911, 38.0, 0.0
9, 0 ,1.0,1.0,1.0,189.7478540772532,114.26416883813611,234.91838787553647,13.174327222122558,13.411278757752862,13.649945925920374,64.0,71.0,70.0,0.5976788956168554,-0.24024358447804198,0.7648940827666001,14.366060067794908,-0.09264243425772256,-0.9683521211835967,-0.2317575215047671,13.354822494097284,0.7963650652238713,0.06765492972704257,-0.6010203768380976,12.45035556656615,69.90128329943485,68.47798672447436,72.97209112258611,22.379075267367117,6.238854833362909,104384.0,349295.4465357877, 0.0, 0.0,0.0,NaN, 171.60259962354834,171.60259962354834,3.3036247397782844E-6, 173.5628977555595, -5.282639831585773, 23.986549364693133, -5.282639831585773, 179.86239791815316, -4.202210546328573, 23.986549364693133, -4.202210546328573, 186.3210237805502, 6.340435379566505, 4.824664359253114, 39.0, 0.0
10, 0 ,1.0,1.0,1.0,121.95540805373093,186.89126773879048,114.8260145948022,12.933704020140592,13.473626976586472,13.923876294694988,66.0,72.0,67.0,-0.11383883965443223,-0.5586430005418419,0.8215587115548951,14.359967076211854,0.5751300911509514,-0.7113408041989502,-0.4040045031113986,13.141880425402839,-0.8101025224246805,-0.42651173281305826,-0.40227061157133,12.797498939609017,75.14587588093048,69.67832948007361,67.94564489651609,22.377975328835614,6.474555956733838,101543.0,355766.0532645573, 0.0, 0.0,-1.4210854715202004E-14,34.75886748166558, 202.1180855218447,202.1180855218447,0.0, 167.28069968060092, -0.9561106100741934, -6.044166568987903, -0.9561106100741934, 181.5386239041987, -16.9075955295669, -6.044166568987903, -16.9075955295669, 193.87433106996906, 6.1458398659366775, 4.683663062604103, 38.0, 0.0
11, 0 ,1.0,1.0,1.0,260.52038850069096,141.29308834692566,127.0286606847422,13.21468374270516,13.534723334128074,13.218832560008382,69.0,69.0,64.0,-0.2915533314123359,-0.9365831917527231,0.19444428474154216,13.584539124233029,-0.42305614872672453,-0.05606087444003981,-0.9043675543613499,13.209854659470418,-0.8579161672138369,0.3459322235399579,0.37988254336020827,13.172477863275939,69.77463876688924,65.14199781637504,72.28321688782313,22.235962394646535,6.173824810000425,102754.0,328545.9685777976, 0.0, 0.0,0.0,NaN, 194.0583859927416,194.0583859927416,0.0, 174.62786641971607, 3.03406173884416, -0.24777180581322386, 3.03406173884416, 183.18873573139098, -1.9579008620754834, -0.24777180581322386, -1.9579008620754834, 174.73753424953776, 6.220821361469402, 4.667200911292785, 38.0, 0.0
12, 0 ,1.0,1.0,1.0,23.852332343730936,132.75537842124527,192.54353572735775,13.119762181343425,13.406122048903175,13.06972412106617,62.0,66.0,64.0,-0.09435018992388444,-0.8621938171649661,0.4977146404354933,13.554908694514761,-0.8929274593867894,0.29435375061309643,0.3406411921260504,13.1782267368704,-0.4402029008700201,-0.4122835082106832,-0.7976488669352646,12.855689286882992,67.4125010483522,64.77417904228233,64.41361835682119,22.00027202344123,6.217554791106631,98356.0,281267.8239437666, 0.0, 0.0,0.0,NaN, 172.4523585573171,172.4523585573171,1.9073486328125E-6, 172.1281596950092, -0.7047753447662678, -3.421262425229336, -0.7047753447662678, 179.72410839008788, -7.082643970878995, -3.421262425229336, -7.082643970878995, 170.81768860077887, 6.24870640185977, 4.717747521445228, 39.0, 0.0
13, 0 ,1.0,1.0,1.0,46.82675182481752,248.86643248175181,213.86432481751825,13.469762149683474,14.375232053064924,13.215414340323333,66.0,71.0,65.0,0.017267005804527027,0.8585144255345545,0.5124986162514196,15.00948420053962,-0.8392927308359166,-0.26613227256693184,0.47408999722030565,14.133403430111208,-0.5434055230456677,0.4383224779171537,-0.7159496091737397,11.73419177661617,72.11216584711826,66.64318005289675,63.709913861209245,22.82928567268906,6.446136890391649,109600.0,306176.0880237791, 0.0, 0.0,2.8421709430404007E-14,59.16959489858938, 110.57459451767527,110.57459451767527,0.0, 181.43449236904556, 15.160792152951503, -23.91928102522728, 15.160792152951503, 206.64729657946518, 30.709597180689872, -23.91928102522728, 30.709597180689872, 174.6471761864236, 6.962468794710173, 4.927586865544103, 41.0, 0.0
14, 0 ,1.0,1.0,1.0,261.1499169081302,280.29107721152207,26.461596642236238,14.63187680555094,10.80892224274642,13.966850910779609,75.0,50.0,66.0,0.8555117201357663,-0.05099853950603629,0.5152658009984685,15.008850198246778,0.515479703839644,-0.009880760660882285,-0.8568448199634255,13.571607614238983,-0.04878905245785099,-0.9986498483137188,-0.017835605491584756,10.795528044436786,78.33095559226342,70.35114099332588,51.881407651135135,21.999151350714495,6.483431430571694,93872.0,285901.4257044069, 0.0, 0.0,0.0,NaN, 50.97044918954297,50.97044918954297,0.0, 214.09181885281956, -5.088070240303307, 18.0485549519964, -5.088070240303307, 116.8328000497383, -2.284277171600177, 18.0485549519964, -2.284277171600177, 195.07292436394522, 6.466587720050245, 4.803594771869008, 32.0, 0.0
15, 0 ,1.0,1.0,1.0,136.54459510675034,23.169968838169034,251.1087821619573,14.061201829255978,12.355448292507473,12.904499936200303,67.0,56.0,66.0,-0.9137345790498091,-0.25978433944711177,0.312411933233505,14.192916461612569,-0.4052761265695051,0.5278687151092938,-0.7463952577834896,13.383360095690753,0.028989313228959906,-0.8086202548705361,-0.587616289028497,11.676789492752302,65.89062825812631,67.92799923627501,66.378942051318,21.859995062242287,6.248298478324942,94988.0,297100.099896862, 0.0, 0.0,0.0,NaN, 146.87281944088585,146.87281944088585,0.0, 197.71739688307164, 6.3017803512182065, -5.644284554238696, 6.3017803512182065, 152.65710250882583, -22.132914557678358, -5.644284554238696, -22.132914557678358, 166.52611860339363, 6.841794237489449, 4.760712302412626, 29.0, 0.0
16, 0 ,1.0,1.0,1.0,238.53420405530696,243.21985729834321,9.958741484258475,13.543940824054307,13.565890076799144,6.964830168060746,61.0,66.0,30.0,-0.7012420906004998,0.7043782974601651,-0.11004882751469294,14.237753586769138,0.7072832759460159,0.7067343124448898,0.016642691492672397,12.910545331014578,-0.08949803314772613,0.0661651394630693,0.9937868364908649,6.825302773465178,71.09832901328409,64.35856018953734,33.02020012168048,19.291604864442647,6.619255822629613,49614.0,151093.37231258492, 0.0, 0.0,0.0,NaN, 84.26864902373505,84.26864902373505,0.0, 183.43833304548485, -17.086187322838246, 13.462279108743788, -17.086187322838246, 184.0333735757975, -10.689905109652711, 13.462279108743788, -10.689905109652711, 48.50885926992908, 5.829687575118984, 4.495954825868973, 15.0, 0.0
17, 0 ,1.0,1.0,1.0,144.48326142938365,152.1606189313624,58.92748291584451,12.44449707602047,12.05591754716707,14.145765669636328,63.0,67.0,69.0,0.2901927189775109,0.1472654116424683,0.9455691854043332,14.307904578243269,-0.7319976598458728,-0.6023019121767954,0.3184522453498205,12.743148568778075,-0.6164151294643941,0.7845669538808974,0.06698569284141224,11.541636491129372,72.78928448631429,67.56964297000417,62.50323214949139,21.492825954407028,6.194495480096664,89703.0,307412.5196283035, 0.0, 0.0,7.105427357601002E-15,18.991091318192044, 214.95195665735775,214.95195665735775,0.0, 154.86550747508204, 15.9201717816065, 12.819578114423651, 15.9201717816065, 145.34514790409088, 4.360732931435012, 12.819578114423651, 4.360732931435012, 200.1026863802617, 5.483684392861429, 4.426045614217897, 35.0, 0.0
18, 0 ,1.0,1.0,1.0,32.98465440244059,11.679047286494036,73.60173120394023,13.457349486588969,7.426066938716318,13.402923585147867,66.0,31.0,66.0,-0.9016251734894231,-0.035521981862058884,-0.4310571137735228,13.498447503196038,0.42646762604678723,0.09310601293580426,-0.8996980795184657,13.40834630532572,0.07209306807305216,-0.9950223410355108,-0.06879774978896366,7.341202242938387,67.32935553378881,72.39769792647029,33.293157634123624,19.381219778882663,6.344557186629145,54413.0,162287.1753927969, 0.0, 0.0,0.0,NaN, 81.4960269447884,81.4960269447884,0.0, 181.1002552041964, 9.108301407461793, 1.5666191085823167, 9.108301407461793, 55.14647017829554, -8.580750303317059, 1.5666191085823167, -8.580750303317059, 179.63836062931298, 6.325996500753623, 4.660098880990383, 28.0, 0.0
19, 0 ,1.0,1.0,1.0,218.96282822495942,29.894041821827557,269.5038288933448,12.480145710480453,13.962634857966858,14.077731230937166,60.0,65.0,62.0,-0.17451978603676457,-0.6696271627549282,0.7219018681112179,14.672160853830752,-0.07606717239038062,-0.7217933780262884,-0.6879157686242776,13.412353565471435,-0.9817110723457356,0.17496794660217932,-0.07503058106934087,12.398717411746288,66.72505677054221,65.0758141657868,56.256065247955206,22.535973694177898,6.404811894006985,104730.0,244274.3773895438, 0.0, -3.552713678800501E-15,0.0,47.96170443430973, 91.60072815163097,91.60072815163097,0.0, 155.75403695482365, 8.628716746036135, -6.38465190602703, 8.628716746036135, 194.9551721769112, -16.759925625614006, -6.38465190602703, -16.759925625614006, 198.18251661050368, 6.266087382764356, 4.63583647131282, 37.0, 0.0
20, 0 ,1.0,1.0,1.0,162.05699692011305,256.5094994866855,281.8615825295631,15.105121656172537,13.01329483776342,9.851881758051894,75.0,68.0,43.0,-0.9366940164840093,0.3501314355770937,-0.0035067511713423568,15.417433677692792,0.34821798133733645,0.9304312341400105,-0.11420138357325729,12.674991862687614,-0.03672270355522091,-0.1081928664812025,-0.9934514314681802,9.809048732253045,78.66221919249364,63.38924576720527,45.38453526742211,21.245342971889478,6.57309051845371,78899.0,226302.66662716446, 0.0, 0.0,0.0,NaN, 145.76933121177498,145.76933121177498,0.0, 228.16470024777257, -25.52312727907362, -2.097777368983726, -25.52312727907362, 169.34584253456006, -7.020668907158685, -2.097777368983726, -7.020668907158685, 97.05957417463566, 6.631712966294937, 4.881735646926727, 31.0, 0.0
21, 0 ,1.0,1.0,1.0,41.263923702390414,85.90333394469238,39.71236575574168,12.601090019082784,12.747715411921293,14.297788744610656,59.0,60.0,70.0,-0.12605583535348044,-0.05029054875658526,0.9907475899940904,14.32793120278416,0.06524386939001539,-0.9969721642560023,-0.04230533306477486,12.744067519508036,0.9898753274429842,0.05930737226065986,0.12895530898408453,12.570505613712719,69.1682092704697,59.80610653779201,58.126788586758316,22.05501371118364,6.268560526735014,98142.0,240451.99894912992, 0.0, 0.0,0.0,NaN, 103.24323791923536,103.24323791923536,0.0, 158.7874696690278, 0.013886451922444209, -5.915904483352475, 0.013886451922444209, 162.50424822333568, -2.170026961701022, -5.915904483352475, -2.170026961701022, 204.42676298551515, 5.939994221243278, 4.450359284365195, 35.0, 0.0
22, 0 ,1.0,1.0,1.0,191.1061560405438,282.4346717493657,60.39643790313419,14.229288668720313,9.801897535925061,13.68389405191296,67.0,42.0,71.0,0.9852780548865344,0.1288768500416257,-0.11232948002352537,14.301214393511188,-0.11234682129161688,-0.007158572018941363,-0.9936432692834583,13.67601435488388,-0.1288617332829138,0.9916347676286861,0.00742572052566532,9.707765241411815,68.88805615805833,69.91038405147054,45.25678877232636,21.081811082900426,6.430866909800231,79223.0,217956.2630940294, 0.0, 0.0,0.0,NaN, 125.75428310879147,125.75428310879147,NaN, 202.47265601777232, 14.078442000275667, -1.847077777480773, 14.078442000275667, 96.0771953047738, -0.9365050002187765, -1.847077777480773, -0.9365050002187765, 187.24895642397888, 6.066753292522595, 4.6457671709730795, 34.0, 0.0
23, 0 ,1.0,1.0,1.0,32.93327150680092,288.77077813107223,207.8907216039569,13.249366593271027,6.5862288410472445,12.635915540057308,68.0,27.0,65.0,0.816872164656719,-0.009410253841609269,0.5767419819396564,13.825959406720361,0.5759252303906932,0.0689373234672321,-0.8145905563119433,12.02294560311643,0.03209354465423332,-0.9975766098680392,-0.06173258325808202,6.548443518364854,63.43552190357548,70.23958921245699,29.1099359167722,18.466061303242192,6.131481627639159,45288.0,129704.7048148853, 0.0, 0.0,0.0,NaN, 98.46225145994805,98.46225145994805,0.0, 175.5457151228863, 2.8967561277181604, 22.158623933209867, 2.8967561277181604, 43.37841034664253, -6.514030626862043, 22.158623933209867, -6.514030626862043, 159.66636153546176, 5.805925265164489, 4.510366034210388, 23.0, 0.0
24, 0 ,1.0,1.0,1.0,281.82074652777777,105.70776909722223,168.75104166666668,10.380356890054399,12.068911549254308,13.004139256552492,43.0,61.0,65.0,0.09209193952447493,-0.3881085623672995,0.9170009915435254,13.17842114710687,0.2938539011781892,-0.869307822014332,-0.39743401382752513,12.053819198252748,-0.9514036784861509,-0.3060647879157064,-0.03399097175919265,10.176086269178013,65.19630862729818,58.84094581431197,49.37761515293482,19.7463549543098,5.709600596438837,69120.0,189423.02265436243, 0.0, 0.0,0.0,NaN, 169.50193735737662,169.50193735737662,0.0, 107.75180916489983, -13.169064538273064, 1.0464323820890824, -13.169064538273064, 145.65862598372402, -10.533242323133527, 1.0464323820890824, -10.533242323133527, 169.10763780380958, 6.299554929083334, 4.632356619792989, 24.0, 0.0
25, 0 ,1.0,1.0,1.0,278.0772170394515,206.70034843205576,11.357401371248736,12.11246775030311,12.33139465946509,7.274094966621151,48.0,64.0,29.0,-0.6101943769031039,0.7915284131007411,-0.03384661947749841,12.670921749234342,-0.7920668456651969,-0.6085720484618611,0.04764634119130747,11.770374036012488,0.01711532628428175,0.055882314600914945,0.9982906553309144,7.252148916713127,63.471900353412565,61.77853000409095,30.46028151552922,17.858359178944806,5.724214729447854,44485.0,119440.87721307341, 0.0, 0.0,0.0,NaN, 96.51126339108176,96.51126339108176,0.0, 146.7118750021329, -10.712997569160532, -1.0139299474033763, -10.712997569160532, 152.06329424748412, -5.384440591688263, -1.0139299474033763, -5.384440591688263, 52.91245758342316, 6.547453746951617, 4.70917729957301, 15.0, 0.0
26, 0 ,1.0,1.0,1.0,91.981577758994,265.5813600731795,40.66842281995762,11.998556244280739,12.848191654045483,13.25050543408934,63.0,62.0,66.0,-0.35716612511690904,-0.4750590206798711,0.8042084841256361,13.788039265956764,0.14904841902687357,-0.8789540802841396,-0.4530168799696663,12.562950054951033,-0.9220720838711916,0.04193628050439327,-0.3847394189875728,11.69100227107683,71.83034368015375,63.09791682746027,58.85921983590709,21.167207023040984,6.04703413490932,86363.0,266770.29374183924, 0.0, 0.0,0.0,NaN, 106.29757304900632,106.29757304900632,0.0, 143.9653519471683, 6.295264683677403, -16.775118271637783, 6.295264683677403, 165.076028779084, -11.992128260301751, -16.775118271637783, -11.992128260301751, 175.5758942588311, 5.832485055070557, 4.3575496791665875, 35.0, 0.0
27, 0 ,1.0,1.0,1.0,53.39477520555135,188.96019592979184,48.966563648026124,13.602483051073243,11.43921515938444,12.922200055599594,71.0,59.0,68.0,-0.9072150355714341,0.04218154563991255,0.4185470062496563,13.765167853210219,0.4118245766584634,0.2919873255581961,0.8632171915418789,12.880979627740825,-0.08579858561304574,0.9554915587909706,-0.28226668911864355,11.290126690920586,67.81161960708414,66.78459900534405,60.39405404721893,21.121082517073724,6.063523414760725,85745.0,273510.8902676493, 0.0, 0.0,0.0,NaN, 132.58417877973892,132.58417877973892,0.0, 185.02754515473484, 2.2507477727742464, -9.877347711069927, 2.2507477727742464, 130.85564346269078, 10.786773359737829, -9.877347711069927, 10.786773359737829, 166.98325427693814, 6.046862914116433, 4.3413502374820725, 31.0, 0.0
28, 0 ,1.0,1.0,1.0,69.16698905374733,62.47693907443228,161.72341424690006,13.443270616010382,12.906678525392703,11.973831604518258,64.0,61.0,59.0,-0.8996277243689697,0.4212720553124627,-0.1148904389386824,13.661184289136502,-0.3477875422070063,-0.8503817769174951,-0.3948349768856021,12.865379509212053,-0.26403367783735393,-0.3152470283753002,0.9115401955307421,11.769901129944895,70.98247036308013,63.86413315264298,64.99133168127763,21.322911661668307,6.0008296905629654,89437.0,294620.91050350905, 0.0, 0.0,0.0,NaN, 166.75687229738367,166.75687229738367,0.0, 180.72152485528815, -10.246744469030173, 8.677156078832555, -10.246744469030173, 166.58235055783314, 6.733388216109968, 8.677156078832555, 6.733388216109968, 143.37264329336028, 6.23582556559853, 4.389621638587842, 38.0, 0.0
29, 0 ,1.0,1.0,1.0,124.33658827519267,168.84531814620343,273.95870706692705,13.38617565220023,11.786054303218133,12.957254239424012,67.0,58.0,61.0,0.8407927266860531,-0.07840238402431828,0.5356497521059215,13.71228433386428,-0.5102124975937021,0.21600553468940634,0.8324811206764632,12.666185709026685,0.18097181562615824,0.9732392692256346,-0.14161400632043683,11.727412757584036,75.31889316313854,66.49612721966324,63.324436072980006,21.164907192899765,6.167488595121818,85511.0,317155.03661239176, 0.0, -2.8421709430404007E-14,0.0,85.50325938157467, 182.5904890560061,182.5904890560061,0.0, 179.18969859155823, -5.852392638187205, 13.014623770037868, -5.852392638187205, 138.91107603840666, 1.9973198579625862, 13.014623770037868, 1.9973198579625862, 167.89043742507153, 5.557842170335088, 4.214217705329327, 30.0, 0.0
30, 0 ,1.0,1.0,1.0,276.65571831269506,208.2770562770563,288.79915433403806,12.994560086254646,12.524250275919877,6.100985069290542,53.0,61.0,27.0,-0.8721065364657533,0.48811972657372554,0.03419534446819782,13.230649294592396,-0.48398759258533525,-0.8707858841060941,0.08653296634819972,12.316353535709588,0.07201527113854875,0.05891584312524675,0.9956619527488644,6.016212301089718,61.07041029670587,66.77939607137961,29.724122119852154,18.026005407218616,6.164461426904275,39732.0,121222.2559056373, 0.0, 0.0,0.0,NaN, 95.30746474611125,95.30746474611125,0.0, 168.85859183528234, -10.433155823672303, -8.978087382077382, -10.433155823672303, 156.8568449738791, -6.385258504708558, -8.978087382077382, -6.385258504708558, 37.22201881570612, 6.319947748064401, 4.448925222191368, 20.0, 0.0
31, 0 ,1.0,1.0,1.0,12.761419257124915,250.62529321586229,82.42171367355608,8.29935213766908,11.867807528523171,13.245516272474642,33.0,57.0,57.0,-0.08710939577532822,0.1453705336301595,0.985535063363927,13.295911458852567,-0.1312972112004818,0.9789902198805642,-0.15601022950172602,11.900967867051836,-0.9875084786970861,-0.14298796218663912,-0.0661925008673861,8.170281823122556,54.82005046168284,60.16148018032774,37.210955905096114,18.737608900910953,5.836935449362696,54141.0,122723.7932930034, 0.0, 0.0,0.0,NaN, 96.9229300855136,96.9229300855136,NaN, 68.87924590503232, -11.018213323187783, -7.912002446919749, -11.018213323187783, 140.84485553407126, 4.326892840831071, -7.912002446919749, 4.326892840831071, 175.44370132439053, 8.086858540913758, 4.919444796980966, 26.0, 0.0
32, 0 ,1.0,1.0,1.0,59.83538102346232,43.91637003865733,35.73030453808959,11.730016220431501,12.2698325674239,13.577780785071027,60.0,60.0,68.0,-0.35142092470095443,-0.5253811427810239,0.77490514806164,14.514335176555727,-0.5760375344466451,-0.5311414820668352,-0.6213449001452225,12.075436235446219,-0.7380271625021376,0.6647280502866955,0.11598502735737899,10.771077797412655,72.36438521917461,61.26773967329287,55.39129074484033,20.85023082869823,6.145411068565875,78381.0,245582.95488969568, -7.105427357601002E-15, 0.0,0.0,69.4257501329461, 82.37460192304312,82.37460192304312,0.0, 137.59328053158615, 26.592731945354114, -15.10886414494629, 26.592731945354114, 150.5487912326162, -28.69921095358328, -15.10886414494629, -28.69921095358328, 184.35613104744402, 6.417540106722533, 4.360139002780606, 28.0, 0.0
33, 0 ,1.0,1.0,1.0,135.4028694062475,143.1343427920409,175.2224385978857,12.54950367034159,11.801194453191112,11.81214966042353,60.0,56.0,54.0,-0.8396086361170292,0.5138386262575003,0.17614540676244506,12.95871954391098,0.3277222015362418,0.2205747215562895,0.9186647652057878,11.838980493032551,-0.4331922168944654,-0.8290456310578872,0.35359276695923586,11.322333733027113,67.02762058013205,57.335113160731055,62.93427446675,20.110682828722645,5.643186037753546,75486.0,241858.69567969666, 0.0, 0.0,0.0,NaN, 233.21838898211521,233.21838898211521,NaN, 157.49004237191704, -16.276812901051347, -2.273634583900386, -16.276812901051347, 139.26819052202865, 6.021027080237982, -2.273634583900386, 6.021027080237982, 139.52687960024375, 5.460684306078046, 4.096786204114507, 32.0, 0.0
34, 0 ,1.0,1.0,1.0,239.63271350571753,95.29624240239002,185.09655403317194,13.165415622770112,11.374570692849955,12.00588136123124,67.0,54.0,58.0,0.9211780938952576,-0.27573214590874534,0.27459552625645234,13.4090982275178,0.3256594713542912,0.15996136139139575,-0.9318574309297828,11.928981848042618,-0.21301837489931086,-0.9478312859229584,-0.23714768685544269,11.168961053774373,73.73102280279534,60.22378745251595,58.05491933923108,20.337799426220457,5.764037536805703,77656.0,257784.82558062265, 2.8421709430404007E-14, 0.0,0.0,22.901076568382855, 161.02293311745888,161.02293311745888,0.0, 173.32816852027935, -13.070214461201052, 8.599694989880138, -13.070214461201052, 129.38085844664113, -6.7854798796373865, 8.599694989880138, -6.7854798796373865, 144.14118725995968, 5.770884519395904, 4.291646060947974, 35.0, 0.0
35, 0 ,1.0,1.0,1.0,273.72604909876077,66.21864438603079,239.23103642508448,12.945944883427217,13.005170543808328,12.028508972579868,57.0,72.0,60.0,0.8168885926181131,0.4060207552256999,0.4096830159725331,13.264718161835267,0.38144706597143835,-0.9130571861803694,0.1443076942722297,12.955381105930824,-0.4326559408030586,-0.038389075143045875,0.9007414256030873,11.731254425204387,69.40386358366447,68.93014626706508,64.2909314809716,21.086740004664982,6.06352817074197,85216.0,307569.0035505553, 0.0, 0.0,0.0,NaN, 93.63811347017702,93.63811347017702,0.0, 167.59748892473533, 2.188230534076658, 14.491322584298603, 2.188230534076658, 169.13446087353978, 2.394108258165425, 14.491322584298603, 2.394108258165425, 144.6850281034344, 5.5470475429946005, 4.246272037927905, 35.0, 0.0
36, 0 ,1.0,1.0,1.0,132.16165325799915,275.73538045814655,59.64693238346742,12.577370687516405,12.2591973785361,12.629011729027178,62.0,54.0,69.0,0.5884980040658784,0.23100275948446183,-0.7747953435075876,13.26585262617036,-0.6185078456339466,0.7458059947393635,-0.24742971345431106,12.737369534936672,-0.5206900652977078,-0.6248288912345459,-0.5817823584287137,11.390640125129282,65.50114618370858,67.58716511391691,63.69774339444089,20.785725772555917,5.993639556820656,81415.0,281992.2529547297, 0.0, 0.0,0.0,NaN, 147.0143900989166,147.0143900989166,0.0, 158.19025341119686, -8.703449514335983, -16.109319868559997, -8.703449514335983, 150.2879203659064, -14.271589863422571, -16.109319868559997, -14.271589863422571, 159.49193725190602, 6.171871143149735, 4.284430626416645, 26.0, 0.0
37, 0 ,1.0,1.0,1.0,35.93673864894795,176.67726790328535,209.47796696197858,12.393620366853822,13.036878507867028,12.853892183342678,65.0,62.0,67.0,0.11446158437572379,0.7797946955872566,0.6154825573776859,13.405377298280573,-0.5596335075585703,-0.461279153701014,0.6884997309938239,12.572094856115061,-0.8207977113271523,0.42325143247820546,-0.38360049789495293,12.289135921909478,61.9322342552872,64.49953237105368,75.18504032230354,21.2443441365658,6.1206546622685964,86688.0,300334.1732109326, 0.0, 0.0,0.0,NaN, 157.1438318924974,157.1438318924974,0.0, 153.6018257976939, 4.375982110345375, -0.6899551169770881, 4.375982110345375, 169.9602012288852, 11.531423976735907, -0.6899551169770881, 11.531423976735907, 165.22254426099798, 5.529074100866892, 4.205512255588345, 42.0, 0.0
38, 0 ,1.0,1.0,1.0,201.21025421918392,175.6846970020651,193.84036174606567,12.756580370968573,10.747838692412413,11.926436444939027,66.0,55.0,59.0,-0.9792398097657018,-0.19426971612919802,-0.05786771435881145,12.83376509170598,0.06654366162333639,-0.03842900117421538,-0.9970432051654086,11.926357364638212,-0.1914715019729858,0.9801951281575685,-0.05055862605308764,10.6556435364607,64.17628117881327,58.71309046296264,53.42667179261417,19.71936281072558,5.624321819851298,70215.0,201311.04763890445, 0.0, 2.8421709430404007E-14,0.0,78.79793439357235, 191.0067465434476,191.0067465434476,0.0, 162.7303427609807, 9.659657027109802, 0.9953676499727417, 9.659657027109802, 115.51603655811738, 1.6746388762536344, 0.9953676499727417, 1.6746388762536344, 142.23988627516985, 5.773714591165999, 4.20651993042319, 34.0, 0.0
39, 0 ,1.0,1.0,1.0,163.9513590844063,9.885288507391511,223.8559847401049,12.970527808063151,6.566971160977985,12.163214227696766,58.0,27.0,59.0,0.8713644101562628,-0.02572429525086698,0.48996155496821847,13.322867784003044,0.490630094021978,0.05074347612994781,-0.8698891943634168,11.79052533094504,0.002485065997778268,-0.9983803685289967,-0.05683717254483236,6.541268120786532,62.913717919378996,58.482573914517786,28.414475253870393,17.986036150623455,5.983810306666222,41940.0,104546.97451465786, 0.0, 0.0,0.0,NaN, 156.22055781411632,156.22055781411632,0.0, 168.2345916197395, -0.6238438589633133, 16.443042653071497, -0.6238438589633133, 43.125110229116544, -5.945514006088967, 16.443042653071497, -5.945514006088967, 147.94378034884502, 6.460058100478929, 4.3460710730692185, 18.0, 0.0
40, 0 ,1.0,1.0,1.0,104.11133090909091,229.57828363636364,157.03322181818183,12.170797761689833,11.022370757995796,11.976616077776038,60.0,53.0,58.0,-0.8337933169082125,0.5438880915763729,0.09473356596588392,12.895936605588979,-0.18382051903200813,-0.11169984985853043,-0.9765926276213562,12.035287548331983,-0.5205753753895825,-0.8316903795181189,0.19311237960059038,10.09489874395548,60.10593616982615,58.138440350586535,53.87501871952094,19.55403109321581,5.540773949797911,68750.0,188264.38801680962, 0.0, 0.0,0.0,NaN, 190.36251475264734,190.36251475264734,0.0, 148.12831815595428, -28.322257206585313, 2.6220032029619595, -28.322257206585313, 121.49265712672084, 8.002330184357051, 2.6220032029619595, 8.002330184357051, 143.4393326744435, 5.898460780436342, 4.142251620905075, 23.0, 0.0
41, 0 ,1.0,1.0,1.0,52.0912307800323,21.658175946078774,165.76177771536896,12.283939938804997,11.084311116077366,12.263655310613208,60.0,51.0,59.0,-0.7094006511728416,0.38101017692238004,-0.5929434721768378,12.554558686581634,0.6427291528730568,0.004488441265772123,-0.7660803417018912,12.230224563209376,-0.28922301457980637,-0.9245599488278629,-0.24807045140602468,10.814760202350492,61.42952160909654,63.02380012585189,54.62600871516179,19.806123943229547,5.645514082976825,71215.0,211485.788597949, 0.0, 0.0,0.0,NaN, 145.61069065019882,145.61069065019882,0.0, 150.89518042016851, -10.895277246670966, 1.0409285990766726, -10.895277246670966, 122.86195291799625, -9.297494138520923, 1.0409285990766726, -9.297494138520923, 150.39724157753156, 5.624842648811909, 4.110877896988433, 30.0, 0.0
42, 0 ,1.0,1.0,1.0,188.21129684918841,66.75013260991467,61.26679599290726,11.968321311798455,11.251523520829197,11.47094103669334,58.0,58.0,58.0,0.613849644639031,0.5358809332150287,0.5796725275473438,12.208280941672006,-0.7873712508305033,0.36270769876633874,0.4984873505127646,11.826875544486532,-0.05687817808390342,0.7624137660563438,-0.644585232677292,10.606737299186378,57.51355210693927,59.84664975787242,52.33377387683968,19.279584695663125,5.4513850343116586,65983.0,180132.50476657768, 0.0, 0.0,0.0,NaN, 143.8954990498938,143.8954990498938,0.0, 143.24071502244908, 4.20251657476278, 2.2584200516328115, 4.20251657476278, 126.59678153977266, 16.299405385251834, 2.2584200516328115, 16.299405385251834, 131.58248826729528, 5.262416518435695, 4.009142532564301, 31.0, 0.0
43, 0 ,1.0,1.0,1.0,92.34798789793568,159.12324292484405,106.54123269699322,11.440818084239586,11.655249212588709,13.24987970540602,57.0,56.0,62.0,-0.15463739409286711,0.26737053203206096,0.9511047654959256,13.321434262072758,-0.6647155422781813,0.684053808552925,-0.3003724935110758,12.672316068674187,0.7309175905681778,0.678662939613716,-0.07194504981497209,10.210203695756501,63.57926333918792,58.33584707880947,52.62012092852885,20.217207681169022,5.793183790317113,74698.0,195165.4071756706, 0.0, 0.0,0.0,NaN, 199.3124326714333,199.3124326714333,0.0, 130.89231843666354, -28.644563128710427, 0.481032922894265, -28.644563128710427, 135.84483420754972, 7.0416130524439655, 0.481032922894265, 7.0416130524439655, 175.55931220773033, 6.147441473806245, 4.28246090835169, 29.0, 0.0
44, 0 ,1.0,1.0,1.0,85.7332617442718,208.1128562741775,190.81180702004062,13.508546010032184,12.369868897327953,10.636265707530013,64.0,61.0,57.0,-0.9159977772311167,0.37341849585072273,-0.1466516248264474,13.733611734524326,0.39906601789559903,0.8856107571291334,-0.2375708320019777,12.286516814700784,-0.04116291375258449,0.27613803398616843,0.9602361171699654,10.442893915521095,64.36552287971784,59.01177129290511,57.953278538016264,20.377704998475707,5.7770025998359,77293.0,220125.30066119405, 0.0, 0.0,0.0,NaN, 166.4797310114076,166.4797310114076,0.0, 182.48081530515645, -12.403118551424871, 6.714424661122951, -12.403118551424871, 153.01365653708146, -13.173293734695143, 6.714424661122951, -13.173293734695143, 113.13014820117894, 5.666067019865892, 4.089816418331461, 20.0, 0.0
45, 0 ,1.0,1.0,1.0,26.18155498034704,11.794132873166523,264.1596970568498,12.213806351455169,7.652490431902232,13.783666835969504,50.0,34.0,71.0,0.23321937900699388,0.12885487106668492,0.9638491289916591,13.941537221397894,0.966958498356293,0.07421225686825061,-0.24389301627366036,12.14938003732774,-0.10295622230897589,0.9888826842112812,-0.10728957617101448,7.466809992169794,66.5853858508359,56.63625835892689,36.363873351147504,18.990177160725324,6.0910030578280825,52155.0,137133.51611392468, 0.0, 0.0,0.0,NaN, 45.92496822509107,45.92496822509107,0.0, 149.17706559084664, 10.75700039927114, 9.496248270898047, 10.75700039927114, 58.56060981035522, 15.552749828384622, 9.496248270898047, 15.552749828384622, 189.98947144500553, 5.858270580459905, 4.251846274871504, 27.0, 0.0
46, 0 ,1.0,1.0,1.0,288.1946855983773,79.0978093306288,285.5993103448276,7.340086120207415,10.783285055134181,7.892270047462471,31.0,53.0,34.0,-0.03002220895236099,-0.9930085583948258,0.11416071970800873,10.817740840469458,0.4443446789376749,-0.11556521388794926,-0.8883706926946696,8.008942403295961,-0.8953527088636049,-0.024055857782716197,-0.4447075920612805,7.160820625008143,53.23027940241817,41.8731304178863,34.493256560626264,14.507182938832587,4.688887982629863,24650.0,76882.65531381793, 0.0, 0.0,0.0,NaN, 81.26013014738692,81.26013014738692,0.0, 53.876864252061544, 1.2993757818382343, -5.304019892285103, 1.2993757818382343, 116.27923658028017, -6.132289543260729, -5.304019892285103, -6.132289543260729, 62.28792650207328, 7.152241809977479, 4.421119806086549, 11.0, 0.0
47, 0 ,1.0,1.0,1.0,121.53051697981094,237.27738359201774,78.81368887851558,11.87420189042013,12.29978451604395,13.716904405993517,63.0,61.0,65.0,0.16577217795745813,0.3593429298655771,0.9183638950714815,14.02508469834219,0.3344569254731447,-0.8965420935285465,0.2904321599522022,12.043224908711695,-0.9277166323928293,-0.2590075931069843,0.26880646698811933,11.776780933737777,66.74958869637697,59.68652220186969,57.89873603289085,21.08312581632349,5.994717839218161,85690.0,230671.50605618322, 0.0, 0.0,0.0,NaN, 157.84609821304565,157.84609821304565,0.0, 140.99667053445697, 1.5525398752114898, 9.447960130501581, 1.5525398752114898, 151.2846991411145, 17.491299206985378, 9.447960130501581, 17.491299206985378, 188.15346648316435, 6.178679614250573, 4.2347230512002625, 38.0, 0.0
48, 0 ,1.0,1.0,1.0,24.33630158431962,189.29319306155676,121.61023232512994,12.47564130710901,12.19507684211285,12.133817214618032,53.0,59.0,57.0,-0.6401431672719149,-0.46699400473795805,0.6100273149080176,13.321675726012042,0.6488685010477206,-0.7537787318166077,0.10386188814493426,12.045415332195198,0.4113227367204072,0.462313987458471,0.7855440046598816,11.359224037421795,62.660100405907755,62.737786696293284,57.707096283179055,20.474358789547175,5.691368689808448,79845.0,226855.59858298488, 0.0, 0.0,0.0,NaN, 166.24470302382804,166.24470302382804,0.0, 155.6416260236446, 6.624299328838072, -17.831798589697307, 6.624299328838072, 148.71989918503715, -15.05546419602112, -17.831798589697307, -15.05546419602112, 147.2295201977609, 6.121750967947436, 4.312301045115041, 25.0, 0.0
49, 0 ,1.0,1.0,1.0,218.08043430090848,137.74934316735778,208.53706751923016,11.681995285352883,12.107482771183534,10.81711084891381,61.0,58.0,62.0,-0.04219147166827221,-0.9577666041838221,-0.2844345471785302,12.233833056307995,-0.9611669775276369,-0.03880060143245616,0.2732261968385669,11.76496754430741,-0.2727231582188299,0.28491690935897385,-0.9189365776442229,10.58248115760104,59.72981828468326,59.8614136547107,56.825094621336405,19.21566762766371,5.552311018159369,63182.0,203178.77134371494, 0.0, 0.0,2.8421709430404007E-14,73.47494827450002, 184.5295770475512,184.5295770475512,0.0, 136.469013847007, 2.508053528275278, -6.487613198897254, 2.508053528275278, 146.5911390545061, 9.984102090817828, -6.487613198897254, 9.984102090817828, 117.00988711768883, 5.613767940139847, 4.079273824950495, 30.0, 0.0
