// Sample: .//bubblelabels.tif, Map: .//bubblelabels.tif, Thickness:(8.191250068658265):/afs/psi.ch/project/tipl/test/LabelValidation/SmallStep0500//distmap.tif, Neighbors:(1.0):
//LACUNA_NUMBER, TRIANGLES, SCALE_X, SCALE_Y, SCALE_Z, POS_X, POS_Y, POS_Z , STD_X, STD_Y, STD_Z,PROJ_X, PROJ_Y, PROJ_Z, PCA1_X, PCA1_Y, PCA1_Z, PCA1_S, PCA2_X, PCA2_Y, PCA2_Z, PCA2_S, PCA3_X, PCA3_Y, PCA3_Z, PCA3_S,PROJ_PCA1, PROJ_PCA2, PROJ_PCA3,OBJ_RADIUS, OBJ_RADIUS_STD, VOLUME, VOLUME_BOX, Mask_Grad_X,Mask_Grad_Y,Mask_Grad_Z,Mask_Angle, Mask_Distance_Mean,Mask_Distance_COV, Mask_Distance_STD, SHAPET_XX, SHAPET_XY, SHAPET_XZ, SHAPET_YX, SHAPET_YY, SHAPET_YZ, SHAPET_ZX, SHAPET_ZY, SHAPET_ZZ, Thickness, Thickness_STD, Neighbors, Neighbors_STD
1, 0 ,0.3333333432674408,0.3333333432674408,0.3333333432674408,169.59724987202094,21.177151470337297,153.90890260318906,19.377091928861404,13.812846790665407,23.465905322855175,110.0,57.0,102.0,-0.5182666383540062,0.033304919708450766,0.8545703446132745,25.563068370473463,0.8539868145758918,0.07377598507283248,0.5150374982047956,16.54147263283287,0.04589348646332221,-0.9967185592481695,0.06667759406647797,13.777676122150813,130.76149984992918,79.99704791132967,60.316555793043804,31.367460486678706,11.532456950708367,210972.0,630943.3807331718, 0.0, 0.0,0.0,NaN, 196.96689499492612,196.96689499492612,0.0, 375.47169161954577, -2.7234591164557775, -168.49026626619658, -2.7234591164557775, 190.79473646239563, 16.380044148554553, -168.49026626619658, 16.380044148554553, 550.6487126212028, 3.0246757532681308, 3.966686728374805, 21.0, 0.0
2, 0 ,0.3333333432674408,0.3333333432674408,0.3333333432674408,19.870993207659133,282.33230547519895,71.41593815896833,13.008600232775047,12.170539780681231,34.14478441978978,55.0,59.0,142.0,0.02321122878365961,-0.019777052988800697,0.9995349453788152,34.15912869635687,-0.779874287916364,-0.625909985306974,0.005725848405946247,14.372523708615798,0.6255056625685309,-0.7796445077521563,-0.02995175498366234,10.478383014292945,141.93396224379174,79.72443554561039,51.99572092968833,35.20414848568625,15.616656205515621,188742.0,588363.0410116707, 0.0, 0.0,0.0,NaN, 76.20524932054293,76.20524932054293,0.0, 169.22368001615501, 46.75263749465178, 24.091875036997298, 46.75263749465178, 148.12203855314436, -21.242424268739338, 24.091875036997298, -21.242424268739338, 1165.8663030739187, 4.5387636363642745, 4.687012558460113, 13.0, 0.0
3, 0 ,0.3333333432674408,0.3333333432674408,0.3333333432674408,205.96285162577186,191.98824436443886,15.288649658011444,22.59482171810535,18.567739136643144,9.064747086107674,117.0,95.0,41.0,-0.8998886060795854,0.43611568946853835,0.001897906088959569,23.69284842240085,0.4333192235120503,0.8936090087890785,0.11703584897763121,17.231365858275694,0.04934518399048543,0.10614162619058815,-0.9931258772212931,8.898624002950159,120.6162003427925,87.57942673338295,44.05631199929293,28.731008235130336,10.582330114267338,141379.0,465388.7496282789, 0.0, 0.0,0.0,NaN, 144.02523194981558,144.02523194981558,0.0, 510.5259684729652, -104.91785017999828, 10.218667468321996, -104.91785017999828, 344.7609366464295, 23.170695334749787, 10.218667468321996, 23.170695334749787, 82.16963973509759, 3.012598340569367, 3.5728537237779516, 20.0, 0.0
4, 0 ,0.3333333432674408,0.3333333432674408,0.3333333432674408,50.9559545135914,131.19101954980917,278.26351567706035,21.283537506047285,22.99024451541927,13.20594819704478,103.0,107.0,59.0,-0.5898817822874335,0.7916341238729778,0.15923221045147556,24.790962406503198,0.7752490185678315,0.6103743579812763,-0.16257952616661026,19.61066285998807,0.2258947589808472,-0.02754191421828614,0.9737622917458743,12.52068147443847,124.50745009272569,98.14623076752538,66.37941263998553,32.17266532829192,10.993497401047101,231102.0,811152.2358497868, 0.0, 0.0,0.0,NaN, 142.4081025139757,142.4081025139757,0.0, 452.98896877132154, -105.99229176728245, -71.71577344169697, -105.99229176728245, 528.5513428787659, 35.10378577613404, -71.71577344169697, 35.10378577613404, 174.39706778303025, 3.421298027764089, 3.4709872865437323, 17.0, 0.0
5, 0 ,0.3333333432674408,0.3333333432674408,0.3333333432674408,280.4417072447074,225.8568336911182,274.2954604953139,12.58925344373437,19.12215603069312,13.393634573140972,50.0,107.0,59.0,-0.29178686888305144,-0.9353126571146244,0.20012660140173041,19.933235519080135,-0.10906804005827807,-0.17533081989991842,-0.9784494193524105,13.053336728195434,-0.950244487374313,0.3073261086116904,0.050853487395896846,11.653845829288047,113.1047064883619,63.315644458964584,62.47611226860562,24.965971839607793,8.95744666271971,114594.0,447410.0192674796, 0.0, 0.0,0.0,NaN, 80.87310601773748,80.87310601773748,0.0, 158.4893022705777, 72.03363744224549, -11.581359616483294, 72.03363744224549, 365.6568512621733, -43.02004184437069, -11.581359616483294, -43.02004184437069, 179.38944707883712, 2.9355711241966267, 3.5726621069519053, 12.0, 0.0
6, 0 ,0.3333333432674408,0.3333333432674408,0.3333333432674408,153.32604588394062,127.97153996101365,8.875153696206327,22.289098579890474,19.187762250081484,5.775373902598504,96.0,86.0,23.0,-0.8737950849440765,-0.4856854486549844,-0.02432682659906144,23.557591686657663,-0.48493238586242204,0.8739982804828872,-0.031106058167753487,17.62361610210632,-0.036369364434278434,0.01538345467582324,0.9992200051304435,5.725129587602397,101.30206765399774,80.79903047772831,23.938868503456703,28.10508368763473,10.41313354834002,100035.0,195942.24449049192, 0.0, 0.0,0.0,NaN, 194.85567020018817,194.85567020018817,NaN, 496.80391550407563, 103.86278055312248, 15.290518189079064, 103.86278055312248, 368.1702201656521, -1.383160268175171, 15.290518189079064, -1.383160268175171, 33.354943714815875, 2.967797504191385, 3.2672335046966294, 17.0, 0.0
7, 0 ,0.3333333432674408,0.3333333432674408,0.3333333432674408,22.29982559342576,96.94224481953354,152.34900233527446,14.011055597036364,19.692625277418625,15.312778807202298,56.0,96.0,74.0,-0.18339228903074511,-0.980190284518559,0.07479488257554368,19.882683806112954,0.21931063831264788,-0.11496290397783326,-0.9688582840807434,15.373535746052454,-0.9582641140348324,0.16127782502380558,-0.23604946707973773,13.672002318217892,94.24785707893275,81.43190642697105,67.56924560957462,27.288090011704988,8.599448096906388,169145.0,518579.27581004007, -3.552713678800501E-15, 0.0,0.0,79.43258623906844, 178.0334186705866,178.0334186705866,0.0, 196.30967894324405, 36.2153359320241, -13.359770046002552, 36.2153359320241, 387.7994903168269, -9.773535110034022, -13.359770046002552, -9.773535110034022, 234.48119479830385, 2.9913288339148347, 3.5984524110844918, 17.0, 0.0
8, 0 ,0.3333333432674408,0.3333333432674408,0.3333333432674408,276.67643617432543,79.51360531945053,208.33071312595035,14.550696535232133,22.727093002975508,15.671975676560892,62.0,113.0,82.0,-0.08511559345325885,-0.9927390045135923,0.08499767448854732,22.82028052621451,0.022669756634479208,-0.0872146821429261,-0.995931564593091,15.608950018234943,-0.9961131551612162,0.08284242956402148,-0.02992848106231081,14.47238140964193,114.59021305400562,78.43944505734518,68.15439888415247,29.48655770568735,10.217497849391636,194005.0,612598.5028316627, 0.0, 0.0,0.0,NaN, 123.57046660276266,123.57046660276266,NaN, 211.7227696604164, 26.237795658451088, -3.0241650727803195, 26.237795658451088, 516.5207563658984, -23.29925474753709, -3.0241650727803195, -23.29925474753709, 245.61082160671626, 3.0102266356695013, 3.318397639692301, 18.0, 0.0
9, 0 ,0.3333333432674408,0.3333333432674408,0.3333333432674408,96.02285831409908,180.2241005944053,279.35716895546864,15.666186832100761,15.699983871759326,11.632609405205086,80.0,79.0,47.0,-0.713775414238278,-0.6953633268533265,0.083633137549946,16.979157297895217,0.6613312509192335,-0.7084751759162601,-0.24638161795886265,14.477992226678698,0.23057674337750683,-0.1205519339450784,0.9655576609584354,11.372443165099522,86.75175678110543,73.48510531093555,56.61732773936919,23.874799343714667,7.565081711595419,112213.0,360933.3119157294, 0.0, 0.0,0.0,NaN, 154.89603568446083,154.89603568446083,0.0, 245.4294098582873, 41.282758521520364, -22.56989955148496, 41.282758521520364, 246.48949357350295, 4.7689151192538635, -22.56989955148496, 4.7689151192538635, 135.31760157406583, 2.8023594431162473, 3.0986707979424546, 13.0, 0.0
10, 0 ,0.3333333432674408,0.3333333432674408,0.3333333432674408,243.1386499435781,226.54105851231108,283.32077251789775,10.218212084272853,13.594426309059077,9.967423680888432,52.0,68.0,45.0,-0.07052826611480367,0.9975097689314502,-1.5673278100368444E-4,13.609268474224157,0.8015072592387642,0.05676357232836123,0.5952848143906309,10.47261908861513,0.5938113143637502,0.04185878334170885,-0.8035147572949408,9.678940062177023,68.1127773517978,50.46881996546688,57.06713643102873,18.761087034294846,6.049085302553,54057.0,196172.36164015063, 0.0, 0.0,0.0,NaN, 94.38021955966394,94.38021955966394,0.0, 104.41185819917978, -5.7117345311388386, 7.63208853577445, -5.7117345311388386, 184.8084266724376, 0.5261306657144691, 7.63208853577445, 0.5261306657144691, 99.34953483433549, 2.679512176996159, 3.30990838539474, 9.0, 0.0
11, 0 ,0.3333333432674408,0.3333333432674408,0.3333333432674408,126.12792238321153,182.0924050091892,157.76522631106553,16.488805540065897,12.515412937062049,13.595123985001624,78.0,57.0,70.0,-0.9738184530112245,-0.059775318668313836,0.21932745348662516,16.665010655872003,-0.15183594833315675,-0.5470150029048186,-0.8232377733017434,14.03128218296355,0.1691847078449974,-0.8349859267527466,0.5236172617057808,11.778973021132893,78.07065701966997,67.83380871396537,57.90317043795088,23.733207990773515,7.076616688592857,116985.0,306645.34793687623, -1.4210854715202004E-14, 0.0,0.0,13.139759168297282, 223.69887037614853,223.69887037614853,0.0, 271.88070813810776, 12.918272932747477, -22.41729804457911, 12.918272932747477, 156.63556098518012, 24.356446583556007, -22.41729804457911, 24.356446583556007, 184.82739616756646, 3.4579882910540816, 3.406001930855864, 16.0, 0.0
12, 0 ,0.3333333432674408,0.3333333432674408,0.3333333432674408,224.33613836687178,278.48458340262766,175.52016464327292,20.204502436296167,14.14404538209452,11.38009460889109,93.0,59.0,55.0,-0.9844662985557187,-0.1578495049658598,0.07687418806098577,20.41763425629082,0.09860350515549926,-0.8593454625145135,-0.5017994866744745,15.054273870771826,0.14527028525838384,-0.48642461886478333,0.8615611611390092,9.709353293422549,91.92865075166378,73.4356563945338,48.73661121426345,25.706274235728007,8.77325234413763,120260.0,329013.10389771, 0.0, 0.0,0.0,NaN, 147.25203740197804,147.25203740197804,0.0, 408.2219186982977, 38.917097958857454, -30.96405401247018, 38.917097958857454, 200.0540197707493, 53.16129124603793, -30.96405401247018, 53.16129124603793, 129.50655330731206, 2.8715574024122783, 3.1290361474278816, 11.0, 0.0
13, 0 ,0.3333333432674408,0.3333333432674408,0.3333333432674408,215.24032976598903,163.0207486302422,227.06888217522658,11.258752061907554,15.526322164166213,14.604204766121727,59.0,78.0,69.0,0.12538492223531647,0.8465910257459617,-0.5172642036739485,15.870699110236366,0.3266842613623548,-0.5275335601566964,-0.7842102628036275,14.680070897379078,-0.9367795976931695,-0.07065393148864035,-0.34271271833858485,10.664211315801346,84.8274786077523,74.07007517281687,58.93584052293613,22.97446600001297,7.299512778395407,97645.0,370304.35991797224, 0.0, 0.0,0.0,NaN, 176.82325907857418,176.82325907857418,0.0, 126.75949799150759, -2.875312695026842, -35.034947595945084, -2.875312695026842, 241.06667994547902, -18.393328437575054, -35.034947595945084, -18.393328437575054, 213.28279685081256, 2.870420913043992, 3.0447415176731054, 16.0, 0.0
14, 0 ,0.3333333432674408,0.3333333432674408,0.3333333432674408,18.073836588873938,214.98995963438963,154.61543172644178,12.232569566469131,14.790607073114955,15.513680878803566,51.0,70.0,78.0,-0.3110462964974377,0.4004159557725915,-0.8619264839868596,16.55492249379614,-0.406706078518549,-0.8757582900017886,-0.26007226532102146,14.7216684227183,0.8589763484120455,-0.26965622532377387,-0.4352529758805125,10.87562091446193,77.23990983850098,74.57774707803975,59.54248230638805,23.588264271330292,7.257127452729856,107765.0,342987.23254850623, 0.0, 0.0,0.0,NaN, 169.38135441686882,169.38135441686882,0.0, 149.63575819850678, 15.662115632989911, 52.17934403333557, 15.662115632989911, 218.76205759127816, -31.343748924719545, 52.17934403333557, -31.343748924719545, 240.67429440935535, 2.8702103897161075, 3.0064994370805866, 14.0, 0.0
15, 0 ,0.3333333432674408,0.3333333432674408,0.3333333432674408,214.39659451261548,260.54317753573235,289.6522818144216,16.689344497469033,11.419373668534854,5.904015573324401,78.0,62.0,24.0,-0.969631208916782,-0.24159425583725705,0.03804647475157641,16.995592022220375,-0.23796386620730664,0.9678649195971736,0.08130618545245452,11.001414115606062,0.05646695559574197,-0.06978332866523179,0.9959627352296615,5.823440039879091,77.95776849705061,57.953211094761485,26.547448168558333,19.675340578163514,7.528259278223671,43518.0,119938.79609967949, 0.0, 0.0,0.0,NaN, 94.82541400733487,94.82541400733487,0.0, 278.53421975519984, 39.656126175623776, -11.090485128799727, 39.656126175623776, 130.4020949816272, 4.512325071710572, -11.090485128799727, 4.512325071710572, 34.85739989005705, 3.7479813637955726, 3.3477069811826636, 10.0, 0.0
16, 0 ,0.3333333432674408,0.3333333432674408,0.3333333432674408,142.77673268657117,11.73222971701916,9.378167746096585,18.76520432527081,8.105399873259913,6.4341725436066,86.0,35.0,26.0,0.9992552890325445,-0.007433512483630961,0.03786304573910443,18.777403668487896,-0.01805936044042451,-0.9572566743289904,0.2886754560974719,8.25614906523402,0.03409878063756324,-0.2891442587096557,-0.9566780392662285,6.2027486551365,86.33688585164076,40.99148609960851,29.137380224043472,19.593821590216738,8.678198677505382,37211.0,103119.43965823321, 0.0, 0.0,0.0,NaN, 143.56458700201603,143.56458700201603,0.0, 352.1328933691623, -1.8199896673296834, 11.729779302748435, -1.8199896673296834, 65.6975071054418, -8.29281493584964, 11.729779302748435, -8.29281493584964, 41.39857632090103, 4.134533973346904, 3.9564741158090233, 5.0, 0.0
17, 0 ,0.3333333432674408,0.3333333432674408,0.3333333432674408,139.6560611160708,21.877943479342594,54.24853283378946,9.82393267394667,14.079862682739492,12.652435095757442,47.0,60.0,58.0,0.09445634381976784,-0.9919260260469881,-0.08462126188395015,14.106600376961712,0.3447806058269684,0.11233541703864537,-0.9319372768187474,13.055926933762718,0.9339188042639418,0.058851617899458995,0.3526076489709569,9.240286678688308,63.06760843108619,61.19514947799038,47.6700768091159,20.33977570206251,6.413253822293641,68329.0,183979.4067779009, 0.0, 0.0,-7.105427357601002E-15,85.1457536923542, 151.41123845989682,151.41123845989682,0.0, 96.50965318223697, -7.349828773902268, -28.24367735329221, -7.349828773902268, 198.2425331648001, 0.6300804026664174, -28.24367735329221, 0.6300804026664174, 160.08411385235462, 2.246939729150119, 2.6215533425792223, 11.0, 0.0
18, 0 ,0.3333333432674408,0.3333333432674408,0.3333333432674408,246.15733967184363,65.11017007823138,72.1357395056885,17.322695173611443,13.684142816221536,11.38950612204444,80.0,65.0,58.0,-0.8323320171809243,0.3930058241294189,0.39085781989860324,19.714951872012993,-0.30980565245933295,-0.9145923151680914,0.2598871961827239,12.298673023447517,0.4596127401190916,0.095222472325742,0.8829998923467619,8.781554358041188,94.35558634527715,61.76662193521956,48.70344374089322,23.413514163557824,8.29817672199548,86666.0,283844.9280960658, 0.0, 0.0,0.0,NaN, 111.09424482331201,111.09424482331201,0.0, 300.0757680778612, -80.90826020800313, -107.3284441868726, -80.90826020800313, 187.25576461474748, 30.236309039296888, -107.3284441868726, 30.236309039296888, 129.72084970408778, 2.8839987301773244, 3.193370471417941, 14.0, 0.0
19, 0 ,0.3333333432674408,0.3333333432674408,0.3333333432674408,119.38100246672427,90.34989920238408,117.9514042798292,13.669469589923487,12.07762521872845,12.108529461992985,69.0,58.0,57.0,-0.8510707476144284,-0.11693018712070861,0.511865132525096,14.756657383665852,0.19838430206833663,0.8310059628749997,0.5196852493183286,12.882941365254693,-0.4861298707628208,0.543834920730648,-0.6840477525334123,9.77807752916544,73.26351965235239,58.0373490093682,50.78656055370105,20.966138824617293,6.305627511416047,79863.0,215945.49455305826, 0.0, 0.0,0.0,NaN, 190.59764376147123,190.59764376147123,0.0, 186.85439886984298, 23.755021312370783, -45.95794459795457, 23.755021312370783, 145.86903092406544, 23.074639805723173, -45.95794459795457, 23.074639805723173, 146.6164857319521, 2.586257113970719, 2.595984875416934, 16.0, 0.0
20, 0 ,0.3333333432674408,0.3333333432674408,0.3333333432674408,272.80231330556745,282.3060663364154,117.25493926702785,14.464733937830633,11.37436237027429,15.673372750658856,57.0,49.0,75.0,-0.6314424497791988,-0.010274170760104503,0.7753546762817884,17.818137665838833,-0.7646300459898981,0.17449791594825992,-0.620396139655302,11.733642269354617,0.12892371925418158,0.9846039400413278,0.11804133118854068,11.361992334959,80.8776035965324,62.16874794299616,53.65705939563367,22.91959280560303,7.677989725763382,86197.0,269790.87930718233, 0.0, 0.0,1.4210854715202004E-14,39.16280017885826, 121.6614574651078,121.6614574651078,0.0, 209.2285278922293, 0.07693272819844392, -88.16299679675494, 0.07693272819844392, 129.37611933031178, -2.429977931282085, -88.16299679675494, -2.429977931282085, 245.65461338109557, 2.499228175356323, 2.7664871045292037, 8.0, 0.0
21, 0 ,0.3333333432674408,0.3333333432674408,0.3333333432674408,215.33977375697876,183.33268052185943,124.34648699735952,13.194317120741792,12.012588824232317,15.524476764602168,65.0,55.0,68.0,-0.3409528570565899,0.1841137449239207,0.9218748712244179,16.069104364113343,-0.8509933835351902,-0.4771304073166994,-0.21944665773971023,13.040324658202062,0.39945138683484055,-0.8593303807872094,0.31935855431134536,11.451440568826463,68.64662726087857,56.50676123759871,57.07341446769569,22.66841056515885,6.748691414403649,102633.0,221387.69347030183, 0.0, 0.0,1.4210854715202004E-14,22.798267141101057, 190.36981423092934,190.36981423092934,2.6973983046972182E-6, 174.09000428269994, 7.823300155327463, -32.67625125029888, 7.823300155327463, 144.30229026007117, 25.64391129521855, -32.67625125029888, 25.64391129521855, 241.0093788146726, 2.4110930397624983, 2.7337171491172394, 16.0, 0.0
22, 0 ,0.3333333432674408,0.3333333432674408,0.3333333432674408,90.76149569657785,283.97619733970265,163.05585800765968,16.398560355065346,10.405464089040471,19.922648501871272,88.0,46.0,100.0,0.19003564980122817,0.041603512298813164,0.9808953051009204,20.041095554676097,-0.9456443516484601,-0.26080029209324196,0.19426777354837677,16.645317531239012,-0.2639000037892926,0.9644959074088818,0.010219226562179445,9.766590050202499,102.54774140245536,87.71320236690954,52.46775793260656,26.167439099767428,9.45322796276627,121415.0,471936.50602894457, 0.0, 0.0,0.0,NaN, 165.07001356634805,165.07001356634805,2.6973983046972182E-6, 268.9127817187209, 47.22811615173669, 23.712107533548604, 47.22811615173669, 108.27368290831086, 3.2931880710138324, 23.712107533548604, 3.2931880710138324, 396.9119233291136, 4.134603341492084, 4.133054604201198, 14.0, 0.0
23, 0 ,0.3333333432674408,0.3333333432674408,0.3333333432674408,255.13182525744392,83.79468348367526,163.35845573561107,12.769438049550871,18.243358314980885,11.033221690306727,68.0,83.0,48.0,0.22183176942986704,0.9691957506802344,0.10700590140264113,18.517674977069763,-0.8176370118660559,0.24468156402543692,-0.521153191540466,13.330957349852731,-0.5312818300096117,0.028116349148554622,0.8467284617940953,9.848448667560112,86.88754324368644,66.22094242076162,54.260829247319336,23.59189526471928,7.812370280269856,100216.0,312204.60270599707, 0.0, 0.0,0.0,NaN, 166.4500336551928,166.4500336551928,0.0, 163.05854810131754, 36.72136621394961, 40.234288349932484, 36.72136621394961, 332.82012260878224, 15.210032182644442, 40.234288349932484, 15.210032182644442, 121.73198086745481, 2.7907636255850203, 2.9573736966293938, 15.0, 0.0
24, 0 ,0.3333333432674408,0.3333333432674408,0.3333333432674408,17.63256385548899,135.97915008309243,188.96345329367242,10.505464682039692,10.992095997185965,14.446022893287228,40.0,48.0,64.0,-0.042851310274893015,0.09835740923705835,0.9942281354175704,14.482885800067526,-0.17321456219795672,-0.9808032680482985,0.08956374728844022,10.96607335357781,-0.983951462547973,0.16837686727680604,-0.059065640737689044,10.481879322739163,65.09330701659312,50.52207935263192,42.86751254992306,20.114911366542866,5.938760876341322,71607.0,140976.21181427903, 0.0, 0.0,-2.8421709430404007E-14,6.158923489564618, 176.43795303138307,176.43795303138307,0.0, 110.36478818558334, 1.343310260676264, -4.416573524797644, 1.343310260676264, 120.8261744113517, 8.855383353128225, -4.416573524797644, 8.855383353128225, 208.68757743337872, 2.071520334716343, 2.5319535475166837, 5.0, 0.0
25, 0 ,0.3333333432674408,0.3333333432674408,0.3333333432674408,282.5157831566313,150.7636727345469,252.0117623524705,11.442887552692328,10.80603078473529,15.444066568745612,47.0,44.0,72.0,-0.024089773583590903,-0.09016290530747462,0.9956356428509413,15.481629471852985,0.818973692651183,-0.5729342918996356,-0.032068487815122934,12.061897826490064,0.5733251900570714,0.8146268763501354,0.08764290486995863,10.05280750654368,74.57097925510695,61.92652952440555,51.98514011526947,20.98509438127614,6.771630738085405,74985.0,240063.31953442178, 0.0, 0.0,0.0,NaN, 157.7341122485023,157.7341122485023,0.0, 130.939675543561, -20.546480051761574, -4.491683946711423, -20.546480051761574, 116.77030132064678, -11.627679660623812, -4.491683946711423, -11.627679660623812, 238.51919217984587, 2.4548432549103154, 2.8547873100076306, 6.0, 0.0
26, 0 ,0.3333333432674408,0.3333333432674408,0.3333333432674408,24.07020243030329,70.10385059190564,287.0733364673704,14.289117140227997,18.27975363181921,7.276836881431994,56.0,88.0,29.0,0.49803438804770256,-0.8656800372217344,0.05059467835382986,19.95751514176165,0.8561234463751474,0.5001376112926357,0.13005773463057332,11.93615266010836,-0.13789268613197275,-0.021457933877085333,0.9902147061042045,7.106790100113893,97.35806505126347,60.13055409870094,32.04113156333506,22.705319874898972,8.70339392792352,70197.0,187575.0128879519, 0.0, 0.0,0.0,NaN, 75.23977101861637,75.23977101861637,0.0, 204.17886864715751, -110.5705482530151, 19.003641151171486, -110.5705482530151, 334.1493928400077, -9.251002505052096, 19.003641151171486, -9.251002505052096, 52.952354998968914, 2.8424811179686102, 3.6158815099712225, 8.0, 0.0
27, 0 ,0.3333333432674408,0.3333333432674408,0.3333333432674408,263.48552027841504,14.303588093479021,57.11390325465646,21.89132665430626,9.877371826372393,29.741232827177598,89.0,46.0,125.0,-0.4890266853851049,-0.05390070517259746,0.8706018693772453,32.71645902225058,-0.8485520421712209,-0.20176390068486502,-0.48913266105166037,17.46990535294235,-0.20202062446272187,0.977949918125834,-0.05293037813361258,9.261171792326056,139.069986130892,88.04204100153382,47.8774652549936,35.51330100981631,14.147050517637437,205736.0,586211.9441267777, 0.0, 0.0,0.0,NaN, 69.28129478198434,69.28129478198434,0.0, 479.23018268553966, 63.520584092872525, -328.1152189320455, 63.520584092872525, 97.56247419641511, -24.548043528515105, -328.1152189320455, -24.548043528515105, 884.5409300803864, 4.247812855488694, 3.900042011947619, 12.0, 0.0
28, 0 ,0.3333333432674408,0.3333333432674408,0.3333333432674408,280.53713715092454,61.0005423366964,269.4739161874591,12.281323962569035,16.067585576946247,15.03972334107533,50.0,78.0,62.0,-0.3369780226810593,-0.9304084135840206,0.14417349327123075,16.691511586739104,0.28315383622093626,0.0458917968051418,0.9579759120246,15.22503209037848,-0.8979252292164037,0.36364010631125604,0.24798418461387325,11.170646423499809,79.38222580822321,68.66610624436271,53.45439031702682,24.10016814014878,7.3738319982672795,116164.0,291372.8444150578, 0.0, 0.0,0.0,NaN, 70.93455426365405,70.93455426365405,0.0, 150.8309182735724, 49.618402950651095, 21.555951289275107, 49.618402950651095, 258.16730627249103, -15.929012918975051, 21.555951289275107, -15.929012918975051, 226.19327817608607, 3.260173935012537, 3.505046267602938, 9.0, 0.0
29, 0 ,0.3333333432674408,0.3333333432674408,0.3333333432674408,202.31665139715986,201.07783631088716,285.42216368911284,19.25525086384609,12.0671489937962,8.687625791929817,86.0,65.0,33.0,-0.9940072564657396,0.09215154508120048,0.05880192881700941,19.330816520770444,0.09728862507432592,0.9910425937445848,0.09148497589852218,12.013612873800117,-0.04984473417122842,0.09665748870704959,-0.9940688267681701,8.59350050488734,88.5703927665462,67.62829322085074,37.22662578641663,22.912867395779298,8.176559195174828,78588.0,222982.44398115808, 0.0, 0.0,0.0,NaN, 139.78606645408777,139.78606645408777,0.0, 370.7646858296456, -20.66907106169428, -16.897764842005923, -20.66907106169428, 145.61608483847664, 8.014679400337096, -16.897764842005923, 8.014679400337096, 75.47484190060416, 2.6240141175115825, 2.8971249544334494, 10.0, 0.0
30, 0 ,0.3333333432674408,0.3333333432674408,0.3333333432674408,179.9305796928937,230.3668253779312,246.2790263063921,8.987693540148541,13.84844358988594,15.922080063479052,47.0,65.0,84.0,-0.1427041279108728,0.3275200425103385,0.9340054355469372,16.329871713774512,-0.05176384090126403,-0.944841680397819,0.3234110445828571,13.519683357412685,-0.9884108642929548,0.002195617692626093,-0.15178650338749478,8.753519881092604,85.13026145051234,65.04742414212217,46.468484327924614,21.827810447412133,7.0439583796010785,84010.0,257319.4282441706, -2.8421709430404007E-14, -2.8421709430404007E-14,0.0,88.36072631263848, 148.83342270948884,148.83342270948884,0.0, 80.77863517162783, -3.6901758647293015, -27.107019623629284, -3.6901758647293015, 191.779389862253, 25.695610597737264, -27.107019623629284, 25.695610597737264, 253.5126335478371, 2.705284221406679, 2.7357549484493817, 13.0, 0.0
31, 0 ,0.3333333432674408,0.3333333432674408,0.3333333432674408,62.940262227460224,110.6200279905716,94.39765026517384,8.754406048960242,7.27368428562983,10.137456817130552,41.0,36.0,49.0,-0.08303453814228524,-0.05270647711217952,0.9951518943085625,10.158019682548876,0.93192019119909,-0.3578641380783258,0.0588048970146928,8.968831774047702,0.3530297759551579,0.932284981080292,0.07883331365083357,6.977738302204998,50.384855877987135,41.11473104581213,33.59304410906917,14.605080890971069,4.359558606608157,27152.0,69589.99967569002, 7.105427357601002E-15, 0.0,0.0,85.2369873958913, 158.45877564048757,158.45877564048757,1.9073486328125E-6, 76.63962527007166, -10.350519836450083, -2.76314861777725, -10.350519836450083, 52.90648308701834, -3.5265704999337655, -2.76314861777725, -3.5265704999337655, 102.76803071918671, 2.4568899534642696, 2.4372435543216984, 12.0, 0.0
32, 0 ,0.3333333432674408,0.3333333432674408,0.3333333432674408,154.24930062405852,15.908035906421961,95.27999631098405,12.568629634026959,9.911351034063564,12.354044798035035,57.0,40.0,53.0,-0.837410142047458,0.10646909640095403,-0.5361050135072618,12.86144732181596,-0.5016931879089188,0.23951679045110183,0.8312253919953297,12.211833421638593,0.21690596857127553,0.9650368068646746,-0.14715896912723161,9.709894455653654,59.34995452238829,60.27909282053967,44.747580341847794,19.41990218369228,5.629844779874261,65058.0,160087.2169597069, 0.0, 0.0,0.0,NaN, 174.85596836252748,174.85596836252748,0.0, 157.97045087734062, -12.932866586219523, 9.063001319317292, -12.932866586219523, 98.23487932043287, 6.8593135037754225, 9.063001319317292, 6.8593135037754225, 152.62242287185651, 2.3197640768145837, 2.7009232158498873, 7.0, 0.0
33, 0 ,0.3333333432674408,0.3333333432674408,0.3333333432674408,81.33534261761241,266.7043303540498,252.04606110995636,15.040537251282208,11.404122904308364,11.970245851243645,68.0,63.0,72.0,0.8720331061020318,-0.1910756067148089,0.45060889292224426,15.87809366848827,0.43924038043960595,0.7116785698662793,-0.5482531362284737,12.527899219572703,-0.21593089184577813,0.6760205068721327,0.7045353960128843,9.512962123436457,78.47385950008845,60.99682680956472,44.05182817228325,21.215956782884806,7.03148231525804,72165.0,210860.96600166173, 0.0, 0.0,2.8421709430404007E-14,63.21724339916847, 100.11802950001908,100.11802950001908,0.0, 226.21776080720778, -6.156679755671074, 47.50430708984992, -6.156679755671074, 130.05401921657062, -39.843486372851615, 47.50430708984992, -39.843486372851615, 143.28678573921567, 3.2816515710347574, 3.236682630186089, 11.0, 0.0
34, 0 ,0.3333333432674408,0.3333333432674408,0.3333333432674408,214.06754713072303,38.98674124715144,280.57154547337893,17.761393144753665,12.411801552686413,11.864226038501629,80.0,63.0,47.0,-0.9537687658294329,-0.16331751487842422,0.25229453157398446,18.149318644884374,0.2840609278763741,-0.7640341438663613,0.5792764592665661,13.586292376386488,0.09815564467830569,0.6241628123657581,0.7751040272617954,9.812984047078976,83.14970569453915,69.35454695818154,50.04575888275096,23.435678696396636,7.813368528211075,96540.0,288604.391197876, 0.0, 0.0,0.0,NaN, 96.34218854943992,96.34218854943992,NaN, 315.4670864425025, 17.147446243291128, -41.563207458378045, 17.147446243291128, 154.05281778326886, -48.6820014687594, -41.563207458378045, -48.6820014687594, 140.75985949266007, 3.1742097466091255, 3.2785748507220074, 10.0, 0.0
35, 0 ,0.3333333432674408,0.3333333432674408,0.3333333432674408,262.4427128266496,143.40188684496147,174.30944628428836,18.958695315408182,13.54491309976542,10.080665889429314,75.0,65.0,46.0,-0.9689626408245037,-0.24409022935892125,0.039132603004566405,19.290247592898204,0.23027633101974132,-0.9487942982810771,-0.21624567260735078,13.221756079154854,0.08991224643223206,-0.2005226657533461,0.9755544313162035,9.878670847082494,82.12470056983662,58.665643129880976,49.76352427815684,24.15725655670927,7.806636879660443,107799.0,239755.6027927392, 0.0, 0.0,0.0,NaN, 194.35217072077904,194.35217072077904,0.0, 359.4321280624801, 48.0563488734696, -14.255067435424875, 48.0563488734696, 183.4646708801969, 13.222570326494614, -14.255067435424875, 13.222570326494614, 101.61982477430371, 2.755545181860792, 2.81252776913485, 14.0, 0.0
36, 0 ,0.3333333432674408,0.3333333432674408,0.3333333432674408,163.73939760374122,67.84625445751021,218.60210011968954,10.61278691468041,13.831577707085758,14.584353055708606,51.0,66.0,66.0,-0.34109438133205533,0.7396655141469631,0.580128908265577,15.753843095574,0.420643218395681,-0.4318047717427093,0.7978746279447354,14.143207735159582,0.8406627777185247,0.5161778436565582,-0.16384910093326607,8.272438860292512,70.41321748448502,61.71239798678545,36.27594053233456,21.70510861258463,6.747992452055399,81043.0,157632.32933091145, 0.0, 0.0,0.0,NaN, 172.61426393618112,172.61426393618112,NaN, 112.63124609641172, -69.25297812096491, 8.597921529655205, -69.25297812096491, 191.3125418671517, 31.79248260172002, 8.597921529655205, 31.79248260172002, 212.70335405355695, 2.4623605577756225, 2.7398902239335032, 18.0, 0.0
37, 0 ,0.3333333432674408,0.3333333432674408,0.3333333432674408,271.6884415300091,96.39553382470991,43.65244315634741,14.669556965926041,17.351869901167387,10.628119516064686,65.0,87.0,42.0,-0.5774232468036397,0.812777962923427,0.07729409444962666,19.925499665525457,-0.6495173531172183,-0.3999408363474314,-0.6466641596851642,12.113281441778616,-0.4946813136255963,-0.4236027743154689,0.7588485274031256,9.245706618898847,91.60216104106232,65.30605854791173,51.14496628877248,23.7133665737065,8.18024821336126,95921.0,305958.1945620554, 0.0, 0.0,0.0,NaN, 109.540764457204,109.540764457204,1.9073486328125E-6, 215.19590157654923, -130.3017011045397, 11.820990854217735, -130.3017011045397, 301.08738906703866, 35.41255102269595, 11.820990854217735, 35.41255102269595, 112.95692444775504, 2.750273039875284, 2.9636831313277976, 7.0, 0.0
38, 0 ,0.3333333432674408,0.3333333432674408,0.3333333432674408,224.5728968006518,26.727065420730902,167.38299324991692,19.482212773221946,15.928905262235656,18.919287814766435,89.0,71.0,86.0,-0.7633332925364587,0.2877672112364941,0.5783703974466704,21.737133171265175,0.41067022615206744,-0.4749506290241279,0.7783134749840802,17.58746221360439,-0.49867048224018484,-0.8316320894041764,-0.24436820172760895,14.470808657157393,106.21959772796626,88.12102483847093,69.96299792873629,30.05026421412684,9.391895946691792,219701.0,654866.240639935, 0.0, 0.0,0.0,NaN, 154.8898137464202,154.8898137464202,NaN, 379.55661454109236, -77.2809901468164, -84.21956581169064, -77.2809901468164, 253.73002285327877, 6.854647030455346, -84.21956581169064, 6.854647030455346, 357.9394514179696, 2.66889812113828, 3.011899407585402, 15.0, 0.0
39, 0 ,0.3333333432674408,0.3333333432674408,0.3333333432674408,16.667288024083415,275.1997248748978,271.85235949680015,10.498274189786175,14.686775437743515,15.95444427474831,41.0,60.0,64.0,-0.048236985436004104,0.3476587374027191,-0.9363795146966827,16.20021257967519,-0.28549097812649277,-0.9031604577883993,-0.3206182915802335,14.756434782060758,0.9571667015961357,-0.25186224368689414,-0.1428191708440374,10.013000086627754,73.83463843669645,74.26596046502999,45.02293916957507,23.02653241308308,7.087893260200995,100318.0,246878.79990925305, 0.0, 0.0,0.0,NaN, 41.05047870921719,41.05047870921719,0.0, 110.21376096393055, 27.57480429384032, 18.080157129575152, 27.57480429384032, 215.70137275870624, -18.77616055820352, 18.080157129575152, -18.77616055820352, 254.54429211604915, 2.628163096805364, 2.904049696503416, 7.0, 0.0
40, 0 ,0.3333333432674408,0.3333333432674408,0.3333333432674408,54.94206365960641,9.761452396031244,280.18314451246687,14.28020840054571,6.577383938382173,11.232559130641508,59.0,26.0,44.0,-0.9940526583921699,0.06614453588803874,-0.08651134443305879,14.33075195144791,0.07650270342266734,-0.1412148374843275,-0.9870185945782878,11.276794187501853,-0.07750257229590996,-0.9877668095489083,0.1353147487936417,6.389067022504801,60.972940304253065,47.82429997492417,29.14482636220217,18.30046879241685,6.2007707615275525,42633.0,84985.96939786343, 7.105427357601002E-15, 0.0,0.0,6.251936366879126, 59.216755006248015,59.216755006248015,0.0, 203.92435196301628, -11.752192259090405, 7.630857949142514, -11.752192259090405, 43.26197947288779, 11.09343887814096, 7.630857949142514, 11.09343887814096, 126.17038462335793, 3.255560763900795, 3.534378562673985, 5.0, 0.0
41, 0 ,0.3333333432674408,0.3333333432674408,0.3333333432674408,74.71286574268515,282.80486723598864,11.840613187736245,12.970458008377175,10.748608055218654,7.769727448847679,58.0,44.0,29.0,-0.9441277674514857,0.3188733405370257,0.08332197442349851,13.24337888563844,0.3276909928195803,0.9352498314414869,0.13388937976399548,10.49340790815123,0.035233108747173086,-0.1537125417245691,0.9874872569125044,7.657370754099556,60.053012417944764,50.62224896826331,33.46647103849771,17.62716587643791,5.780747690885964,42858.0,101738.6926233739, 0.0, 0.0,1.7763568394002505E-15,85.22046124170454, 77.57502832044644,77.57502832044644,0.0, 168.2327809470756, -19.372866297865567, -6.925974476450577, -19.372866297865567, 115.53257512471134, 9.54785683160767, -6.925974476450577, 9.54785683160767, 60.36866462937706, 3.2126562042037783, 2.889308849117707, 4.0, 0.0
42, 0 ,0.3333333432674408,0.3333333432674408,0.3333333432674408,17.77986092173439,250.50212480683575,22.441368966457595,10.597187996623695,14.781737659458004,14.173408352132661,41.0,70.0,60.0,0.12646606947183137,0.9255602447590853,0.35685370475006706,14.944244187543593,-0.004912908893085301,0.3603220983755753,-0.932815013144852,14.066329355842566,-0.9919587675899406,0.11621625851714716,0.050115712682964664,10.511594079927146,73.86113341548176,69.87898826743907,43.73772547885773,21.997695724030354,6.912817719148913,88008.0,225745.32780440195, 0.0, 2.8421709430404007E-14,0.0,22.247012709939217, 57.18197394391845,57.18197394391845,6.743495761743046E-7, 112.30039343578532, 13.053110694569115, 5.492706144397414, 13.053110694569115, 218.499768233039, 7.903229979129979, 5.492706144397414, 7.903229979129979, 200.8855043163039, 2.0965090286131933, 2.7091581674246266, 7.0, 0.0
43, 0 ,0.3333333432674408,0.3333333432674408,0.3333333432674408,253.30075296425582,230.74252084355075,31.03420073276981,14.812103072713368,12.046067895333852,10.828085626541553,69.0,62.0,52.0,-0.913439194569446,0.32234471492132694,-0.2484405816017384,15.184447007077683,-0.4065756321644118,-0.7498243222093794,0.5219767630396527,12.778155852962058,-0.018030339831253673,0.577803920534928,0.8159764311915121,9.375760747696942,78.82756226738346,63.13322703019341,49.727473245836535,20.853273015407954,6.8479626208279445,69326.0,247475.65213749924, -2.8421709430404007E-14, -2.8421709430404007E-14,0.0,70.98402465950613, 89.10970602540058,89.10970602540058,NaN, 219.3983974366848, -19.026621463636026, 16.378572465189677, -19.026621463636026, 145.10775173899293, -40.9265429553139, 16.378572465189677, -40.9265429553139, 117.24743833571578, 2.7405098201003333, 2.9439558462369093, 8.0, 0.0
44, 0 ,0.3333333432674408,0.3333333432674408,0.3333333432674408,7.6597259332773495,26.93877395221009,26.47940682494847,4.927906571923787,17.172402162732595,15.797434939969099,19.0,67.0,65.0,-0.017628273146253867,-0.9102600710523918,0.4136615126327029,17.506505823164158,0.06896379296944562,-0.4138474400570382,-0.9077302967387965,15.462456096123736,-0.9974634024590318,-0.012525949302588012,-0.0700704028026134,4.813451489498456,78.89826771574026,65.19891521850097,20.407554475272836,22.429310496878184,8.103125356146991,52396.0,104978.12277702596, 0.0, 0.0,0.0,NaN, 38.54254699967715,38.54254699967715,0.0, 24.284263181609646, -1.6163561952447494, -15.5825188128489, -1.6163561952447494, 294.8913960386231, -25.56458628341035, -15.5825188128489, -25.56458628341035, 249.5589506825565, 3.449151543066382, 3.3091028041351325, 7.0, 0.0
45, 0 ,0.3333333432674408,0.3333333432674408,0.3333333432674408,105.81231525849074,262.6834193705946,40.44622600992025,17.2460556831738,19.21645536093754,19.400930973767537,93.0,84.0,91.0,-0.4084041968854659,-0.5922791930913403,0.694558398838722,22.263606680467866,-0.42899394800484764,0.7961805089330354,0.4266858209155144,17.387450645744963,-0.8057109931864842,-0.12370106962433257,-0.5792476506920373,15.655768698283044,110.15148732074371,91.39895811547387,77.47723695143696,30.796782593792642,9.728972082682972,237494.0,780019.9938852214, 1.4210854715202004E-14, 0.0,-7.105427357601002E-15,46.89291349229463, 119.26722285975598,119.26722285975598,0.0, 297.42643662713135, 41.06502789554642, -81.5493693391572, 41.06502789554642, 369.2721566389052, -83.63674893352179, -81.5493693391572, -83.63674893352179, 376.3961226488926, 3.625701050072723, 3.8069101908643206, 15.0, 0.0
47, 0 ,0.3333333432674408,0.3333333432674408,0.3333333432674408,26.0318348144276,209.59253354242898,47.7951907997909,12.531200884408365,15.943993445860025,14.831599092385595,56.0,69.0,74.0,-0.2710823000498204,0.7628174344906706,0.5870468024244494,17.25658577168449,-0.3217648184594762,-0.6466124026709559,0.6916355993685068,13.912647494420401,-0.9071834369086772,0.0014008387361678328,-0.42073299068339726,11.82652702380423,86.073377569061,63.030516740340616,54.281294686369606,23.995187468195276,7.4464241492422385,114780.0,294489.5649982244, 0.0, 0.0,7.105427357601002E-15,54.05228078879637, 105.52509975674457,105.52509975674457,0.0, 157.03099560539698, -21.484684767067726, -37.081056169911975, -21.484684767067726, 254.21092700162745, 46.70593551590262, -37.081056169911975, 46.70593551590262, 219.97633163725322, 3.138004785322794, 3.2244350740236305, 11.0, 0.0
