// Sample: .//bubblelabels.tif, Map: .//bubblelabels.tif, Thickness:(8.191250068658265):/gpfs/home/mader/Foam/NewValid/InSilicoTest/LatticeData_Phi_6.65/out_Step_06000.vtk/distmap.tif, Neighbors:(1.0):
//LACUNA_NUMBER, TRIANGLES, SCALE_X, SCALE_Y, SCALE_Z, POS_X, POS_Y, POS_Z , STD_X, STD_Y, STD_Z,PROJ_X, PROJ_Y, PROJ_Z, PCA1_X, PCA1_Y, PCA1_Z, PCA1_S, PCA2_X, PCA2_Y, PCA2_Z, PCA2_S, PCA3_X, PCA3_Y, PCA3_Z, PCA3_S,PROJ_PCA1, PROJ_PCA2, PROJ_PCA3,OBJ_RADIUS, OBJ_RADIUS_STD, VOLUME, VOLUME_BOX, Mask_Grad_X,Mask_Grad_Y,Mask_Grad_Z,Mask_Angle, Mask_Distance_Mean,Mask_Distance_COV, Mask_Distance_STD, SHAPET_XX, SHAPET_XY, SHAPET_XZ, SHAPET_YX, SHAPET_YY, SHAPET_YZ, SHAPET_ZX, SHAPET_ZY, SHAPET_ZZ, Thickness, Thickness_STD, Neighbors, Neighbors_STD
1, 0 ,1.0,1.0,1.0,182.7522295686938,35.276754824325366,20.775255631582993,11.468661435127208,18.66570156302094,13.993258231384337,49.0,84.0,64.0,0.1843590560603521,0.9697679382585892,0.15988084430044103,18.90611559966686,-0.4541367648906852,0.22831296773101895,-0.8611811583752149,14.873969290482737,-0.8716487464702503,0.08615877605642161,0.4824988373926934,9.852599472289127,96.70497527663605,76.75534078958393,54.588010140193404,24.559283009803504,8.52006478426251,104056.0,405186.23779082956, 0.0, 0.0,0.0,NaN, 44.42461324923634,44.42461324923634,0.0, 131.53019511357405, 33.67623484355337, 56.23317867968607, 33.67623484355337, 348.4084148397623, 15.956842357208439, 56.23317867968607, 15.956842357208439, 195.81127593020548, 10.139897938670526, 7.032620310941177, 8.0, 0.0
2, 0 ,1.0,1.0,1.0,60.75647805514617,83.5022426230705,32.96508078462149,16.413678496194965,17.762274347639888,17.50601810077467,79.0,84.0,71.0,-0.08287787659769866,0.7447727137142323,0.6621516914404091,18.492932718316005,-0.5232437004382913,-0.5980044612979373,0.6071298824958354,16.95815934708998,-0.8481434357007664,0.29614906580048816,-0.4392589706576267,16.180240188466648,92.53088325781695,89.61503758385524,76.67228042967156,28.733647339866693,8.10835446130816,219163.0,635778.7080756767, 0.0, 0.0,0.0,NaN, 108.40051060711943,108.40051060711943,0.0, 269.408841776453, 3.1166583366528133, -12.589947543353276, 3.1166583366528133, 315.498390000826, 30.18561829686033, -12.589947543353276, 30.18561829686033, 306.4606697446504, 10.703467741306534, 6.707670802097701, 20.0, 0.0
3, 0 ,1.0,1.0,1.0,56.49179554731587,151.34348115984454,14.050901757980842,15.492978688933144,21.696836196896935,9.348665619696778,80.0,89.0,40.0,0.18269694811365372,-0.9829234225140687,0.021985691328360077,21.885912982740276,0.9697280892631442,0.18383922382274023,0.1607189244560316,15.359901622076123,-0.1620162277181147,-0.008042714559245979,0.986755317542556,9.124849234462893,94.8875461610579,70.36911085625748,43.06906444280414,26.63414792044918,9.42363003473918,122982.0,287578.70075147477, 0.0, 0.0,0.0,NaN, 75.86967529925622,75.86967529925622,0.0, 240.03238865573655, -43.848127591917745, 25.3827337323654, -43.848127591917745, 470.7527009549771, -4.04116205672932, 25.3827337323654, -4.04116205672932, 87.39754886890053, 10.203840250473153, 6.6434720896398325, 11.0, 0.0
4, 0 ,1.0,1.0,1.0,167.37420277644432,185.26317439479587,83.55336866752226,17.635142632468966,8.351516097708835,18.050585346842816,72.0,35.0,84.0,-0.6525953950570254,-0.018095511197533956,0.7574904638507769,19.15494471561592,0.754963710299707,0.0694575231821004,0.6520777933681747,16.46158098433317,0.0644130924646924,-0.9974207762764459,0.031666205507245186,8.286986943359405,89.31933901464862,82.10361185933937,36.63483180736969,25.15112027203277,8.60179383752156,102073.0,268659.35349823674, 0.0, 0.0,0.0,NaN, 90.89984647446695,90.89984647446695,1.9073486328125E-6, 310.99825566752446, 14.13059076167433, -47.83332977011246, 14.13059076167433, 69.7478211302898, 5.074944965704529, -47.83332977011246, 5.074944965704529, 325.82363136365655, 10.780345712578212, 6.7571730620478, 12.0, 0.0
5, 0 ,1.0,1.0,1.0,13.827879671241751,115.96083242236527,143.58359447750922,8.785653261382082,17.45580215628882,20.62229703217594,35.0,86.0,103.0,-0.01083421798957492,0.06181721071918367,0.998028683044458,20.63404877809678,0.06637970661108579,-0.9958411951778442,0.062402311952277606,17.472002133783747,-0.9977356134120804,-0.0669249314206838,-0.006685752280500508,8.725654101109145,102.13544537442903,85.83474131326864,37.55005902282594,26.781227084286666,9.48355117516512,123495.0,329192.7133897535, 0.0, 1.4210854715202004E-14,0.0,86.45587504174077, 102.15969242035844,102.15969242035844,0.0, 77.1877032292336, -15.380740483686827, -2.8313382386816044, -15.380740483686827, 304.70502891949735, 7.331340106786071, -2.8313382386816044, 7.331340106786071, 425.2791348832926, 11.366300121184432, 6.927327810363993, 17.0, 0.0
6, 0 ,1.0,1.0,1.0,58.13445115519545,150.42694179877643,185.29315477353168,18.112759509283382,21.73925333570938,8.388893181977158,89.0,90.0,36.0,0.048602045696596895,0.997374763673058,0.053678877989557505,21.775641660396907,0.9975346956187757,-0.045745790049501335,-0.0532151644693794,18.121636663514177,0.05061987940386709,-0.05613290907176337,0.997139270276865,8.27456563013886,92.14522896970847,89.09987889688732,39.499043389799084,27.679102061011076,10.242462133195241,127987.0,324292.23142111005, 0.0, 0.0,0.0,NaN, 77.80355908988354,77.80355908988354,0.0, 328.07205704113557, 7.805403560726089, -12.739407965988738, 7.805403560726089, 472.5951355941513, 22.35364641494008, -12.739407965988738, 22.35364641494008, 70.37352881862284, 9.65020079438282, 6.447710839851929, 17.0, 0.0
7, 0 ,1.0,1.0,1.0,184.52706106690522,177.55624087763078,138.6891331983615,10.055968187768725,14.127055195983104,16.481533412844147,42.0,58.0,77.0,0.007342545296059173,0.3947577972232724,0.9187558808301616,16.97695833747968,0.3271464473304336,-0.8691689928379055,0.3708375168294304,13.934139381102248,-0.9449451248763877,-0.29784483111273224,0.13552552361742365,9.484712629171359,79.38040207470743,69.54798249338216,48.41615698805836,22.673810817257223,7.631214278586147,84956.0,267293.34442871844, 0.0, 0.0,0.0,NaN, 67.09811137981805,67.09811137981805,0.0, 101.12249619341662, -29.05428454467814, 13.97885591102439, -29.05428454467814, 199.57368851035324, 38.31922785416249, 13.97885591102439, 38.31922785416249, 271.640943638698, 10.95915588584604, 6.739216746448471, 7.0, 0.0
8, 0 ,1.0,1.0,1.0,81.63236244950318,22.272680249729735,43.2952014441703,17.81122590604983,13.86915462087392,19.678854265613467,97.0,57.0,86.0,-0.3396031037168746,0.05722795228280056,0.9388262317507874,19.98130320184809,0.934038629114266,0.13793408898779017,0.3294632398575766,17.555393583660006,0.1106416344248788,-0.9887867052972679,0.10029596282585672,13.762492574381533,95.42154860168421,92.43352701471446,63.557436016937615,28.57256156572857,8.969907967966703,193329.0,560586.1377456639, 0.0, 0.0,0.0,NaN, 95.04940479921505,95.04940479921505,NaN, 317.23976827634067, 11.225520996588878, -30.350860746992858, 11.225520996588878, 192.35344989770837, 16.672552309625573, -30.350860746992858, 16.672552309625573, 387.25730520725335, 9.400287865431633, 6.171454144408949, 14.0, 0.0
9, 0 ,1.0,1.0,1.0,51.772810404389354,183.33946352367406,121.83975382471623,14.939602244410993,9.535358920282537,12.335819860251034,64.0,35.0,56.0,-0.9834963219071846,0.034764527385953994,0.17755678649567647,15.02728453179195,-0.17374315202805773,0.09234089015871169,-0.9804521799292673,12.25643129952451,0.050480708378500314,0.9951203885160469,0.08477682726592689,9.499886735376794,63.10745339619357,59.45062804979277,38.75769908093403,20.62985786090446,6.37935743028143,68894.0,145410.27262774526, 0.0, 0.0,0.0,NaN, 95.22090870722037,95.22090870722037,0.0, 223.19171522121, -5.597464466099422, -13.458271738257888, -5.597464466099422, 90.92306973861176, -4.592799412120577, -13.458271738257888, -4.592799412120577, 152.17245162456382, 10.98846627362718, 6.539998247965643, 9.0, 0.0
10, 0 ,1.0,1.0,1.0,169.89924650748495,96.01934176202725,16.665927413857354,16.068709252847537,15.635765184786896,10.50357659197391,66.0,75.0,41.0,0.8465285737531681,0.5105783762487722,0.1506621901028735,16.412434181534252,-0.5177561521379161,0.8554694389266815,0.010030253526603907,15.395453145519827,0.12376566867579322,0.08649717203259367,-0.9885344194754161,10.32558559456624,78.63421708563257,70.95477997809346,45.20492236946596,23.67987571333773,7.22974255353512,110021.0,252219.6696874907, 0.0, 0.0,0.0,NaN, 101.99765923683793,101.99765923683793,0.0, 258.203417052548, 12.585428267622296, 20.07993751540725, 12.585428267622296, 244.477152913794, 13.638468169378957, 20.07993751540725, 13.638468169378957, 110.32512122346228, 9.68787698020407, 6.077022262453735, 12.0, 0.0
11, 0 ,1.0,1.0,1.0,89.01257205845114,179.3542296635038,81.17384892675733,16.457366456619305,11.308883220673348,17.781004949090153,81.0,50.0,85.0,0.6076623016067384,-0.03804839639167616,0.7932835853199176,19.508247435634836,0.7929128584349191,-0.027680814050683216,-0.6087059811288672,14.382787929214096,-0.04511902187067556,-0.9988924326800724,-0.01334847556540251,11.289977004367808,89.74587495257975,68.99759175952893,51.73923531848169,25.504017444324823,8.027763174446402,134266.0,320382.24068665825, 0.0, 0.0,0.0,NaN, 122.22389114584891,122.22389114584891,0.0, 270.84491068745825, -7.594736863181864, 83.68744539206946, -7.594736863181864, 127.89083969882721, -6.301740044430676, 83.68744539206946, -6.301740044430676, 316.16413699956854, 10.514501636125386, 6.292580668255558, 15.0, 0.0
12, 0 ,1.0,1.0,1.0,154.99559756048305,181.09491498041118,183.9055023762403,17.70508643767284,12.322319505580147,9.491702012109316,78.0,54.0,42.0,-0.9872975115853146,-0.1588410286399973,-0.0036264635712171134,17.82737058500811,-0.13992459812577976,0.8800792035243015,-0.45374188958412287,12.945681423110107,0.07526440364996481,-0.44747080703060266,-0.8911257747358654,8.366375640973633,82.0469880896755,66.55152047493732,42.753693411945505,22.228574980731338,7.82895300635964,74277.0,233450.2071102042, 0.0, 0.0,-2.8421709430404007E-14,89.79221848737893, 51.39874835340923,51.39874835340923,0.0, 313.4700857654667, 26.84555161353572, 7.083526519340005, 26.84555161353572, 151.83955799760093, -38.82951373577733, 7.083526519340005, -38.82951373577733, 90.09240708668004, 10.905568267051367, 6.601858800080599, 7.0, 0.0
13, 0 ,1.0,1.0,1.0,21.683316716081126,45.943109962479994,57.28483719465799,12.586107754692465,16.432353664478345,17.23693187050474,55.0,85.0,84.0,0.1642122290099828,-0.05795096918129281,-0.9847212950954811,17.33705477843961,0.22991976103533235,-0.9685284150719518,0.09533946026524431,16.66050672783388,0.9592555693500187,0.24206279013752038,0.1457201369125422,12.140766979760084,86.96682538521216,90.01485610437689,64.87908202017809,25.84551437715045,7.5864064125333455,152452.0,507893.3247588356, 0.0, 0.0,-7.105427357601002E-15,10.028486908893859, 76.56688676740673,76.56688676740673,0.0, 158.41010841272978, -30.445357188632677, -21.91546417940808, -30.445357188632677, 270.02224695449485, -3.279127902623351, -21.91546417940808, -3.279127902623351, 297.11182030842207, 11.016738029230629, 6.237409480461929, 13.0, 0.0
14, 0 ,1.0,1.0,1.0,133.0720890388564,117.31917578896432,117.57730084618302,13.108093946266566,17.132943516909172,17.62683777999137,67.0,87.0,85.0,0.34830696900485514,0.7353757064548162,0.5812958159996782,18.075847668370987,-0.16556066600636996,-0.5621178278891297,0.8103167364930426,17.43086254615404,0.9226439840015099,-0.3784786888654201,-0.07404026513009138,12.062091549429256,86.6406165296311,85.88462567708277,65.97365431287474,26.690576605635304,7.979875377381688,152922.0,490916.3558479177, 0.0, 1.4210854715202004E-14,-1.4210854715202004E-14,84.96475319849081, 134.56955559724335,134.56955559724335,0.0, 171.8221269041502, 61.15867832033596, 15.45352425074008, 61.15867832033596, 293.53775355360006, 5.3525033873392385, 15.45352425074008, 5.3525033873392385, 310.705410122131, 9.346084289034584, 6.175098289836174, 27.0, 0.0
15, 0 ,1.0,1.0,1.0,77.60116399262955,92.11473641634083,159.1068041885758,14.331318565556039,17.224844393764357,18.014290725560606,77.0,82.0,84.0,0.11237286220642616,0.45493376099211247,0.8834068218828215,18.264653716723902,-0.1818608916199906,-0.864605266385711,0.4683848304944087,17.09742172702246,-0.9768822630894255,0.21329089630752063,0.014423509060450593,14.166058783527957,90.28033795095791,93.82315697450346,77.87588359810334,27.53914375724627,8.257856118846107,178008.0,659638.8190315237, 0.0, 0.0,0.0,NaN, 127.19795116956251,127.19795116956251,1.9073486328125E-6, 205.3866918274512, 21.20518643327479, 5.388761573484425, 21.20518643327479, 296.6952643893954, 16.306439212016592, 5.388761573484425, 16.306439212016592, 324.5146703450189, 10.054111612787331, 6.3062421138421465, 21.0, 0.0
16, 0 ,1.0,1.0,1.0,119.64551988092707,49.92233893259621,13.884422708909208,17.16633388813122,18.808673285072786,9.190940458999592,80.0,95.0,39.0,-0.5670379755263549,0.8226692652456528,0.041026995151369657,20.22385404225446,0.8229110119969882,0.563629420938405,0.07168920551053053,15.517857462370559,-0.03585248450338351,-0.07441206805899322,0.996582883398124,9.1167112425165,102.18165010279358,72.09116410922556,42.67799051784884,25.636417989763107,8.70038327192607,117575.0,314382.8978284549, 0.0, 0.0,0.0,NaN, 95.6130722948864,95.6130722948864,NaN, 294.68301915880227, -78.88359564505399, 1.721250007756053, -78.88359564505399, 353.76619074461064, 17.37094334471684, 1.721250007756053, 17.37094334471684, 84.47338652087564, 9.52898374455877, 5.8960595140459064, 9.0, 0.0
17, 0 ,1.0,1.0,1.0,49.75797578436554,12.854117618795945,118.56038293374333,16.069137419727447,8.284886909815134,15.767764360092583,72.0,33.0,73.0,-0.760146342800625,0.08921421689679432,0.6435979809091442,17.09977097562857,0.6361194224699949,-0.09965722326169596,0.7651277790070162,14.756652108952641,-0.13239946330433394,-0.991014258906127,-0.01900317766754187,8.081953511021407,84.4041117568301,78.86252351053675,38.11471370281772,22.716692463749823,7.709137756283641,83252.0,253703.77867422186, 0.0, 0.0,0.0,NaN, 96.29899128139336,96.29899128139336,0.0, 258.2171774140849, -25.06372680654763, -36.90122572753204, -25.06372680654763, 68.63935110842615, 1.4150512988355441, -36.90122572753204, 1.4150512988355441, 248.62239291540584, 8.616798630771184, 5.6871002018405115, 9.0, 0.0
18, 0 ,1.0,1.0,1.0,186.96726679747573,28.083722225168373,172.296415124357,7.720795133281334,15.680021639652521,15.068132352510808,32.0,73.0,58.0,0.013163226083345268,0.8056737092612172,0.5922133092766071,16.381993601742085,-0.05816520973467638,-0.5906447630314491,0.804832636192174,14.320340717516236,-0.9982201850571846,0.04504040529119297,-0.03908738972616651,7.686383809671699,81.27041045278783,73.62677145974737,33.88989123835924,21.90125038008919,7.27032327283459,75428.0,202786.1944851239, 0.0, 0.0,0.0,NaN, 41.54559186857915,41.54559186857915,0.0, 59.610677490100734, 7.235107787213503, -5.202844448453611, 7.235107787213503, 245.86307861997133, 30.458226898362152, -5.202844448453611, 30.458226898362152, 227.0486125927829, 8.95086265151156, 5.635837964899249, 9.0, 0.0
19, 0 ,1.0,1.0,1.0,23.017949385588416,178.37351856673695,41.06809343423738,14.82258701841043,12.628828848542842,17.223996111084194,66.0,55.0,75.0,0.3236025024689418,-0.3213543802612763,0.8899510001582839,18.301785810806244,-0.9258533508738316,-0.30151361802579363,0.2277830345321919,14.476017592071145,0.19513327002727243,-0.8976752756046522,-0.3950975911044975,11.460889880292841,86.49032154118987,75.82499306495504,64.75647978868551,24.69902067536718,8.11300337214758,119057.0,424681.2852940716, 0.0, 0.0,0.0,NaN, 51.80848377847043,51.80848377847043,NaN, 219.70908591834936, 0.6580359896758421, 42.14327157857961, 0.6580359896758421, 159.4873180857879, -63.59941973189932, 42.14327157857961, -63.59941973189932, 296.6660420346434, 9.9742145892087, 5.964281483990924, 8.0, 0.0
20, 0 ,1.0,1.0,1.0,109.9857231213277,71.86778240829369,63.179576479597095,12.866181017133965,14.224744035346667,17.024651096842867,63.0,72.0,81.0,-0.1293565476252119,0.24922075055758955,0.9597686706066197,17.273595323071998,0.020308422513695763,-0.9670319656999462,0.25384393884728557,14.002834925295678,-0.9913901611179583,-0.052327763242957286,-0.12003063622466331,12.777488817278888,76.63789200519298,69.2162142069811,62.13444089526159,24.65397280989061,7.064157875865396,135814.0,329597.4075856819, 0.0, 0.0,-7.105427357601002E-15,16.30747428134706, 131.3743014231375,131.3743014231375,0.0, 165.53861396565839, -5.000267792056509, -16.605414767306776, -5.000267792056509, 202.3433428711306, 24.2629158617268, -16.605414767306776, 24.2629158617268, 289.838744969233, 9.106503832006611, 5.672126910354206, 10.0, 0.0
21, 0 ,1.0,1.0,1.0,141.15814779652712,40.67382016966282,87.04523320981227,15.448111430825229,12.826456359129846,16.3948128173713,87.0,67.0,82.0,-0.46893593116014065,0.016821035283463497,0.8830719932366581,16.766867292985935,0.8528390842909469,0.26865000402676764,0.44776408033940823,15.217036874463302,0.22970543914489705,-0.9630909760289572,0.14032527612244258,12.620062074693625,79.61150978746926,73.7449518153814,62.602596890129654,24.833355732949332,7.433468898788673,130612.0,367536.525476185, 0.0, 0.0,0.0,NaN, 112.66585925860602,112.66585925860602,0.0, 238.6441467791931, 15.602008778489111, -22.857220907588047, 15.602008778489111, 164.51798273266246, 10.506324613646676, -22.857220907588047, 10.506324613646676, 268.78988731664225, 8.838555068327533, 5.688252497418821, 14.0, 0.0
22, 0 ,1.0,1.0,1.0,54.78693498799939,76.94371352657393,93.6927924095138,14.174471965520388,14.929712243010645,14.431256725175457,69.0,74.0,64.0,-0.19921130645740293,0.7798330751009659,0.5934435359476975,16.260463210830405,-0.8445881863653751,0.17048512676273297,-0.5075486351126771,14.615242963081489,0.49697650933578474,0.602324826427789,-0.6246752377332979,12.412298059895086,76.5713696217407,71.54364992724481,62.91649704044102,24.162404746242522,6.946317780460978,124577.0,344668.8560305768, 0.0, 0.0,0.0,NaN, 133.04240920146853,133.04240920146853,0.0, 200.91565550132339, -25.714281222570605, 12.478890878137493, -25.714281222570605, 222.89630765910195, 45.91077695221021, 12.478890878137493, 45.91077695221021, 208.26117066792187, 8.718556842615099, 5.619030108706254, 11.0, 0.0
23, 0 ,1.0,1.0,1.0,116.927534057707,151.49380996263832,159.34500617932179,16.733485476645956,13.517886260051117,15.125589066480357,77.0,73.0,78.0,-0.9131748515891644,-0.4051926181117499,0.043938965086278814,17.426489937692015,-0.07791804610808936,0.06774225698179648,-0.9946556010548122,15.141224313406024,-0.40005058244652675,0.9117181191830936,0.0934323425663558,12.593133227575706,88.92350063511995,80.7539369275522,67.28457903778143,25.207756725601367,7.489674933388168,139983.0,483165.3651214944, 0.0, 0.0,0.0,NaN, 104.43521241532216,104.43521241532216,0.0, 280.0095361971211, 53.31403247723484, -0.34479370578528473, 53.31403247723484, 182.7332489396788, -7.344981548799538, -0.34479370578528473, -7.344981548799538, 228.78344460803012, 9.00811258037547, 5.783162977365169, 15.0, 0.0
24, 0 ,1.0,1.0,1.0,175.0784848238262,61.4640633900236,113.77108593050696,14.04473500803096,11.778633085855876,14.606161414488438,60.0,57.0,72.0,-0.5857487683289774,-0.0023622650577057175,0.8104892350333122,15.200033576684657,-0.7675033084601872,0.3229698088102182,-0.5537410713499202,13.599051641559125,0.26045547009758274,0.9464063198758178,0.19099221396527952,11.547965353298702,79.34480879220898,71.91684701907153,59.76171919975988,22.46616091304623,6.678498627097162,98312.0,341014.0238524716, 0.0, 0.0,0.0,NaN, 108.78574644085096,108.78574644085096,0.0, 197.25458144581043, -12.650182206825603, -24.45467185124696, -12.650182206825603, 138.7361973712187, -9.411447772474546, -24.45467185124696, -9.411447772474546, 213.3399512660909, 9.796151571878836, 5.595700714334827, 11.0, 0.0
25, 0 ,1.0,1.0,1.0,184.29637007208265,20.804516988865164,114.20740602742868,10.019667801896716,11.694666672894906,16.445011062728522,40.0,46.0,81.0,-0.22214145907481608,-0.3234079361669271,0.9198154592005726,17.28386382619748,-0.15725184828499844,-0.9191523246668215,-0.36115212898518345,10.934062540924558,-0.9622499822660764,0.22486954192114947,-0.1533253428012107,9.450486119367653,92.37889009086962,56.043251029161375,45.73273008766728,21.18453349807811,7.6689569546622325,69781.0,236768.09969718676, 0.0, 0.0,0.0,NaN, 89.66493796682984,89.66493796682984,9.5367431640625E-7, 100.39374286036576, 19.416370991434107, -41.07316266681765, 19.416370991434107, 136.76522859011882, -52.25846253822474, -41.07316266681765, -52.25846253822474, 270.4383888532635, 9.16332829337841, 5.8206760624366085, 7.0, 0.0
26, 0 ,1.0,1.0,1.0,11.373209593389735,24.70059389097316,170.91178212859032,7.104086701459524,14.034523378112068,15.97476138666749,29.0,51.0,60.0,0.03857506358197276,-0.2780727905782026,0.9597851257493513,16.146485335273663,0.03825831219972184,-0.9593847778575305,-0.27949445354583546,13.855445340452738,-0.9985230423066239,-0.04750127530190729,0.02636973316924231,7.06728670771959,71.77520554601381,65.23070437669611,29.1502402192168,21.266739434196317,7.09610382615663,65837.0,136479.88599778543, 0.0, 0.0,0.0,NaN, 39.81951348216789,39.81951348216789,0.0, 50.46804786185405, -7.473795775857068, 6.284529995571067, -7.473795775857068, 196.96784645077418, -18.166957040588613, 6.284529995571067, -18.166957040588613, 255.19300136096263, 8.590444714106622, 5.225775382539133, 5.0, 0.0
27, 0 ,1.0,1.0,1.0,98.80409763500695,185.6506471059399,142.2904037210348,13.53567220988458,8.661596433781003,15.100191186906143,67.0,35.0,65.0,-0.24335994738772831,0.07084585146721267,0.9673452337905675,15.25355228988179,0.9543640270021457,0.19548357715204676,0.2257774900827956,13.554633189708795,0.17310470811531709,-0.9781446909295805,0.11518560515353204,8.357901080327185,70.95754298415808,69.88615246794774,38.33035287280106,21.00450902243343,6.712976207519786,71163.0,190078.2906430038, 0.0, 0.0,2.8421709430404007E-14,14.682495438258211, 115.31934417359219,115.31934417359219,0.0, 183.21442217344173, 18.4374137024001, -13.792314569720835, 18.4374137024001, 75.0232527816878, 16.184094640594587, -13.792314569720835, 16.184094640594587, 228.01577388111792, 9.69714519127653, 5.539686958206885, 7.0, 0.0
28, 0 ,1.0,1.0,1.0,175.89981202601388,150.7059503489402,92.94213858220081,14.144884940790684,11.437699201154576,14.13861519471135,60.0,53.0,70.0,-0.6928047873550321,-0.1356699798393315,0.7082479673026552,15.217891022593545,-0.7211231525430102,0.1280120119661693,-0.6808776128342029,13.076607117053504,-0.001710404740906239,0.9824492767378721,0.18652209829629726,11.32330833984106,77.0188437731762,64.93302010426504,54.006483535185566,22.06836836192519,6.617121010742542,92566.0,270089.9956692951, 0.0, 0.0,0.0,NaN, 107.93036419662276,107.93036419662276,1.9073486328125E-6, 200.07776998820705, 5.766587986259219, -29.714815448315047, 5.766587986259219, 130.82096301609204, -13.661073503565795, -29.714815448315047, -13.661073503565795, 199.90043962412267, 9.264124848827977, 5.534931144311083, 8.0, 0.0
29, 0 ,1.0,1.0,1.0,19.862163000855723,75.88847408856248,174.8320434819405,11.610746465522357,15.547115189386197,14.521685641498465,47.0,73.0,60.0,0.034471881844268804,0.8093551014186359,0.5863070945927095,16.60590587953923,0.03864161133069172,-0.5872964714912136,0.8084489349660483,13.306661533978483,-0.9986583576157977,0.005212905293595974,0.0515199998303326,11.60078561172508,85.09831341804386,67.27169848333807,48.04154158487075,23.157237904537272,7.1514970951282235,106343.0,275023.8013682001, 0.0, 0.0,0.0,NaN, 82.38320249819081,82.38320249819081,0.0, 134.80943348663993, 2.974612839492341, 4.18070858785518, 2.974612839492341, 241.71279071204302, 46.81948069638649, 4.18070858785518, 46.81948069638649, 210.87935387050268, 8.461916447134186, 5.130719836337706, 8.0, 0.0
30, 0 ,1.0,1.0,1.0,89.47614329140285,34.728574307643214,104.9036578607057,13.150160565502384,15.546298592410624,13.769592587221132,67.0,70.0,61.0,-0.3601138347500916,0.817879888293092,0.4487655449644754,16.572132350317574,-0.3904111976626327,-0.5690120705702012,0.7237432972297846,13.251123844506159,-0.8472880990319717,-0.08542688026078825,-0.5242185854848116,12.40918809036496,82.21469323040404,60.54343788927527,61.63228740759837,23.611042928141053,6.8362602851307095,119086.0,306778.41918209335, 1.4210854715202004E-14, 0.0,0.0,68.89281283146694, 135.11242866597755,135.11242866597755,1.9073486328125E-6, 172.92672289849398, -30.734953062425298, -25.601928085734503, -30.734953062425298, 241.68739992438856, 35.38499011665284, -25.601928085734503, 35.38499011665284, 189.60168001805513, 8.14817817191771, 5.210558927415021, 9.0, 0.0
31, 0 ,1.0,1.0,1.0,104.65644509731914,161.17561053984576,17.92621878442894,11.394232590044574,17.541666076682766,11.004317720740927,55.0,84.0,45.0,-0.020491273778946616,0.9973991064527995,-0.06910231650294123,17.571582588737435,-0.7678662549575114,0.028563355247784115,0.6399730847735036,12.318138930017634,0.6402823769216526,0.06617520067325278,0.7652838170374522,9.906388453359426,85.04585791286704,67.51737050587764,53.62531614880841,22.418156808734906,7.48731185805802,87136.0,307920.463816868, 0.0, 0.0,0.0,NaN, 104.49438261620318,104.49438261620318,1.3486991523486091E-6, 129.82853631603388, -5.480328714643551, -26.041540975823366, -5.480328714643551, 307.7100487458429, -13.536953725662213, -26.041540975823366, -13.536953725662213, 121.09500849901279, 8.13895830162228, 5.248610701508339, 12.0, 0.0
32, 0 ,1.0,1.0,1.0,153.29948839039747,90.06339367703004,69.34284402466221,10.83911702241524,13.266003662158072,14.85444476706369,53.0,65.0,67.0,-0.13336592093024158,-0.2582012389622606,0.9568414974972512,15.078649533406029,0.2504181100588277,-0.9429172183396619,-0.21954017744631357,13.24187321365373,0.9589078690306976,0.210331261482804,0.19041128946062763,10.55532862444287,69.70721756839535,68.70352740934656,48.98762703502726,21.782005634986515,6.2985768904710255,91476.0,234608.19914995693, 0.0, 0.0,0.0,NaN, 122.885241923719,122.885241923719,0.0, 117.48645782561181, -11.103117027153747, -18.31126803642099, -11.103117027153747, 175.9868531643914, -15.412011374557208, -18.31126803642099, -15.412011374557208, 220.65452933774586, 7.894727030030334, 5.070772476844998, 8.0, 0.0
33, 0 ,1.0,1.0,1.0,153.2398498210076,49.52722306070774,156.97238402913771,12.38007693315144,11.417135869019699,13.087475708073844,56.0,58.0,59.0,0.5152468002449846,-0.12174536535207829,0.8483506355585492,13.339126038479924,-0.6836825514252383,0.5385207052793929,0.49251763304684076,12.649054141188062,0.5168161217628389,0.8337706615135086,-0.1942358882527725,10.815195911062709,65.5139584272099,58.43076668239056,57.393559927372245,20.54683430037216,5.720744441488032,80171.0,219704.31623133025, 0.0, 0.0,0.0,NaN, 80.5657073760482,80.5657073760482,0.0, 153.26630487074837, -19.666899155983394, 12.158548945425496, -19.666899155983394, 130.3509914516562, 5.116404583408042, 12.158548945425496, 5.116404583408042, 171.28202040942296, 8.046000142133368, 5.0187567653264455, 13.0, 0.0
34, 0 ,1.0,1.0,1.0,119.6837669380235,79.23920343921912,179.3421709417345,13.271890632893601,12.004258600191081,12.396948320573731,62.0,57.0,50.0,0.7555755450064501,0.19282165645001112,-0.6260394592931658,14.14728308393192,-0.5215990228035099,0.7552479518847044,-0.39690677820413073,12.813656457870861,-0.39628279700061364,-0.626434625462093,-0.6712224704399703,10.468725934777565,68.95329657838266,62.555314092352674,56.39938135682843,20.839344944892932,6.296930636626931,76529.0,243272.81660680205, 0.0, 0.0,0.0,NaN, 114.70089169813896,114.70089169813896,0.0, 176.1430809714889, -8.314639385951168, -31.52991834519044, -8.314639385951168, 144.10222454026152, -27.29655138913849, -31.52991834519044, -27.29655138913849, 153.68432766297585, 8.43458832044144, 5.055913580506241, 9.0, 0.0
35, 0 ,1.0,1.0,1.0,48.855605954873226,32.06718616732574,11.024540590835079,12.664281714325913,13.601039483790492,7.450876747723024,58.0,59.0,31.0,-0.5357429118871309,0.8412673604951073,0.07244833005869133,14.181233373016559,0.8352636165503282,0.5405784449260475,-0.1005466844237176,12.08179395102761,0.12375064941229175,-0.006646280684095455,0.9922910882009893,7.335580797329643,70.71748822150923,60.54207180491821,33.37307993325698,19.018962953303543,6.258347934563599,51588.0,142882.94541948408, 0.0, 0.0,0.0,NaN, 59.47028801970562,59.47028801970562,0.0, 160.3840313398097, -24.77489978753961, -13.456912404800873, -24.77489978753961, 184.98827503962792, 3.9683442333907846, -13.456912404800873, 3.9683442333907846, 55.515564309759625, 8.038403870732996, 4.870078958108494, 2.0, 0.0
36, 0 ,1.0,1.0,1.0,46.12997842516975,22.706185225873913,166.62132863893265,12.01716464851546,13.216292228465658,11.590337639872404,52.0,53.0,58.0,0.37462481125721087,-0.8902703325065241,0.2589883894100719,13.48893131235895,0.7269284904826409,0.4554123278165104,0.513979164361141,12.118204152652002,-0.575526906855908,-0.004283308472537273,0.8177716262829132,11.163172184871314,64.52793112354067,66.5905736315109,62.358895979995964,20.454960492775868,5.917190575180226,75551.0,267953.17960446415, 0.0, 0.0,0.0,NaN, 61.299930333145234,61.299930333145234,0.0, 144.4122461895297, -11.761402746728445, 13.870200960485713, -11.761402746728445, 174.67038026820177, -8.01520491949772, 13.870200960485713, -8.01520491949772, 134.33592660624302, 8.007061288078871, 4.874850006980913, 6.0, 0.0
37, 0 ,1.0,1.0,1.0,11.162049222990557,174.69639378392446,137.0955015242769,7.017011026410629,13.573680414406867,16.612856858481745,28.0,49.0,75.0,0.036827657513340814,0.11235173574329348,0.9929858061007465,16.656952334646146,-0.028727893982397338,-0.9931301745391082,0.1134335247061366,13.535093281972092,-0.9989086203199053,0.03270388196209593,0.033347029180918995,6.986948225603607,77.83327495063517,53.91057028793816,30.016376467171987,21.39638214805844,7.1878430500293335,67245.0,125949.8034487353, 0.0, 0.0,0.0,NaN, 68.71564420768338,68.71564420768338,0.0, 49.238443744768354, 4.779989544747948, 7.923181201427206, 4.779989544747948, 184.2447999924526, 10.368916040146066, 7.923181201427206, 10.368916040146066, 275.987013000404, 10.131116900685836, 5.929049564362957, 8.0, 0.0
38, 0 ,1.0,1.0,1.0,114.47329713795853,154.9118527319487,61.94830879367132,9.852522282171874,12.378544027513348,14.107222306865568,46.0,54.0,62.0,0.12674649409270558,-0.4255233409347676,0.8960274619423901,14.732280106002877,-0.33864094549110174,-0.8676040269736867,-0.36412300451349583,11.981271067939378,-0.9323398716520178,0.2572802726575754,0.25406539518231,9.419306516508314,63.523187783914096,56.34012440395401,48.84490840106517,20.31542764953986,6.0496006639570465,66491.0,174811.25282111554, 0.0, 0.0,0.0,NaN, 114.82748316023248,114.82748316023248,0.0, 97.07219532069327, 9.188085523237316, 21.333334169483937, 9.188085523237316, 153.22835224108638, -31.603870631518447, 21.333334169483937, -31.603870631518447, 199.0137212153255, 8.001257211986927, 4.982564906317287, 8.0, 0.0
39, 0 ,1.0,1.0,1.0,34.77880110035167,54.56721516308784,127.93136909140375,14.33461280083842,13.30316250290921,12.49476207701412,71.0,64.0,61.0,-0.9289450751094797,-0.19172267445368105,-0.316707220521053,14.48189730509133,-0.3256003222200929,0.8302308560239364,0.4524391184191895,13.806944243859279,0.17619726899136282,0.5234110638934659,-0.8336638294863796,11.756584418176487,73.11438185868991,65.75060172928659,53.40376299884367,22.299908216010035,6.425607336848408,99241.0,256728.6896807049, 0.0, 0.0,0.0,NaN, 96.85573569836751,96.85573569836751,0.0, 205.4811241499607, -1.4332734730595083, 13.31653665616509, -1.4332734730595083, 176.97413257880962, 24.030343330635663, 13.31653665616509, 24.030343330635663, 156.1190793611902, 8.298912374962379, 4.922587211317287, 6.0, 0.0
40, 0 ,1.0,1.0,1.0,59.142976394115635,144.62282586383853,86.75399247348615,12.133147841050949,12.749639172456508,10.945203310458107,62.0,60.0,52.0,-0.4473883347188787,0.8653418265352496,-0.2258920122671607,13.06051606554175,0.8836986725048543,0.46657893945282464,0.037158437429957385,11.914538656322154,-0.13755120563131135,0.18299621992739584,0.9734433981088252,10.818074679749204,58.62068249950278,54.34629880672911,48.386482535488994,19.955882354098055,5.597035870649065,73075.0,154150.48479486507, 0.0, 0.0,0.0,NaN, 118.70458408229803,118.70458408229803,0.0, 147.2132765327993, -10.45297686794917, 6.229945763079258, -10.45297686794917, 162.55329902783745, -10.034765096760458, 6.229945763079258, -10.034765096760458, 119.79747550726309, 7.225971136992817, 4.686372167580308, 12.0, 0.0
41, 0 ,1.0,1.0,1.0,130.83087385243115,120.39411764705882,183.72174430465827,14.947368580860164,10.740637703502388,9.239733533718162,70.0,51.0,37.0,-0.9808903975218481,-0.10440386464575296,0.16417631100881394,15.140909272805988,0.03271377830208498,-0.9203178301858147,-0.38980110332229184,10.991838363742845,0.19179112794556863,-0.37698133175146153,0.9061463671793104,8.60756395980346,70.70577370116175,55.31868319005787,43.156941855645954,19.580589727078568,6.384223326601957,58820.0,168801.91726193874, 0.0, 0.0,0.0,NaN, 106.70729181125127,106.70729181125127,0.0, 223.42382749208562, 14.482517551053023, -25.58221842327893, 14.482517551053023, 115.36129827789705, 14.104599175950643, -25.58221842327893, 14.104599175950643, 85.3726757741159, 7.760814858986199, 4.913702870429266, 6.0, 0.0
42, 0 ,1.0,1.0,1.0,125.38730692898439,10.405233410993183,43.11370696349987,9.578974808328399,7.124871894724124,18.128309220368365,44.0,29.0,84.0,-0.16347898477429434,0.011003686459787417,0.986485448661794,18.314431644981713,0.9194804776274902,0.36408605543594946,0.14831384122533375,9.549488079307991,0.35753359674174495,-0.9313003076996084,0.06963809359485496,6.674205872503446,86.99576705278722,48.653209019135616,32.922523085078026,20.098519026195945,8.197907418222515,46356.0,139348.63627005377, 0.0, 0.0,0.0,NaN, 86.79927751877527,86.79927751877527,9.5367431640625E-7, 91.75675837859008, 15.09300714770488, -40.547620476803104, 15.09300714770488, 50.76379951622973, 5.6763528926283, -40.547620476803104, 5.6763528926283, 328.63559518929264, 8.357264787882544, 4.539826663802238, 4.0, 0.0
43, 0 ,1.0,1.0,1.0,170.33691164327,103.56491421231306,120.89099917423617,7.829409154911279,12.80840635106284,16.302961664796506,41.0,54.0,69.0,-0.08068730978071315,0.04573337926338337,0.9956897187686046,16.354569112983928,0.14896166001361727,0.9882813791182032,-0.03332175766986588,12.889806062171736,-0.9855455250196912,0.14563095038271678,-0.08655428588052676,7.584355531026527,67.81503018744587,55.72317677193567,37.73744768244276,21.117340516054362,6.723050612767073,54495.0,142604.86797594995, 0.0, -1.4210854715202004E-14,0.0,87.37875610299382, 128.21021251596306,128.21021251596306,0.0, 61.29964771500856, 15.216555189685849, -17.406417925295397, 15.216555189685849, 164.0552732539469, 5.983165252245571, -17.406417925295397, 5.983165252245571, 265.7865590438244, 9.628054758574681, 5.397797369037459, 9.0, 0.0
44, 0 ,1.0,1.0,1.0,48.65692558203991,183.27418237250555,164.21038317627495,15.034567529996579,9.923545597748292,9.556176078998698,62.0,42.0,43.0,-0.9940973987338189,0.050483368726255556,0.09603015834988449,15.078916017325797,-0.10088554514837633,-0.7557231688887537,-0.6470738742870519,11.009671454535823,0.03990574658830346,-0.6529425100931854,0.756355478530063,8.200543000500549,63.719784154281115,53.256763287830495,41.95410634552235,19.443193633487375,6.147983460305325,57728.0,142371.65683046976, -7.105427357601002E-15, 0.0,0.0,6.228352836240147, 62.67492365207506,62.67492365207506,NaN, 226.03822081402745, -3.921629332603364, -11.763258058375008, -3.921629332603364, 98.47675723058951, 27.16512013383318, -11.763258058375008, 27.16512013383318, 91.32050125282694, 8.519203993148519, 5.16261145862085, 5.0, 0.0
46, 0 ,1.0,1.0,1.0,159.6576067299835,52.03859291904998,42.281429585671994,12.786746386389272,12.822980138198815,11.068443183198081,66.0,60.0,57.0,-0.7963689746071884,-0.4522034343492202,-0.4016323072735378,14.04276713010739,-0.2633406192653323,0.8570651424346819,-0.4428217021199037,12.701292659881931,0.5444705451427526,-0.24688336433665986,-0.8016236210877056,9.587387202557817,66.24930674979811,60.10000120679386,48.630328615652736,20.36040779007022,5.9911544710686915,74651.0,193625.7099118506, 0.0, 0.0,0.0,NaN, 78.25115421228884,78.25115421228884,0.0, 163.5008831498391, 22.24931260145078, 41.76746915928487, 22.24931260145078, 164.4288196246413, -7.219873794541546, 41.76746915928487, -7.219873794541546, 122.51043449968408, 7.334269744810359, 4.3939362887584315, 4.0, 0.0
47, 0 ,1.0,1.0,1.0,8.532586036020643,118.29315471104884,68.77427292300331,6.014933568220104,9.655933406994743,12.634996843402737,24.0,46.0,54.0,-0.07121103496098807,0.032141443967276834,0.9969432862903903,12.6620379466872,-0.06656429828353061,0.9970995441554018,-0.03690112788399334,9.666682466777544,-0.995237751843149,-0.06898859778824407,-0.06886501783493439,5.940342258352149,54.732968326068175,46.61978884425896,26.298947587337707,16.10910452187502,5.436577280468055,29261.0,67105.43153091364, 0.0, 0.0,0.0,NaN, 107.13876146205182,107.13876146205182,0.0, 36.17942583010103, -4.1461509523592825, -8.734126285228967, -4.1461509523592825, 93.2370499603171, 1.8668291195269597, -8.734126285228967, 1.8668291195269597, 159.64314523279714, 7.495664035926445, 4.588380477771374, 9.0, 0.0
48, 0 ,1.0,1.0,1.0,50.69514853225523,140.2007734223941,49.841712075936016,10.50963444936823,13.621992164199783,9.509743379633981,49.0,58.0,40.0,-0.3824180768381613,-0.917439060334536,0.10982706897612227,14.248229331802142,-0.8714164303436315,0.318580626113535,-0.373014462980018,9.768069540650291,0.3072292620089517,-0.23835258596791428,-0.921302461370772,9.381848660298955,67.00053728527419,49.57334720643981,45.88474702274259,18.813475543852668,5.700828351058134,56890.0,152403.47534933905, 0.0, 0.0,0.0,NaN, 92.89855675223255,92.89855675223255,1.9073486328125E-6, 110.45241625934744, 38.29145743477918, -2.425578967604885, 38.29145743477918, 185.5586705215203, -12.465565746727691, -2.425578967604885, -12.465565746727691, 90.43521914649234, 7.25341294059688, 4.3410585929258465, 6.0, 0.0
49, 0 ,1.0,1.0,1.0,141.19625774852682,147.85157266396266,17.67691512971608,8.738368700683738,13.679182898959116,10.325257802283108,38.0,56.0,40.0,-0.0641518981133747,-0.9723102700306987,0.2247159824340097,13.854325154948542,0.22143989268995595,-0.2334356282939739,-0.9468221487525832,10.183681451400766,-0.9730616156718503,0.010979354982356651,-0.23028362049928652,8.627884306898723,60.4529234273984,48.098335604521736,40.81195419374039,18.41454671336162,5.5672749489588815,52268.0,118668.30700066437, 0.0, 0.0,0.0,NaN, 80.55936882140304,80.55936882140304,NaN, 76.35908754908921, 5.8163803400373615, -7.830140724738415, 5.8163803400373615, 187.12004478317553, -19.204780983080692, -7.830140724738415, -19.204780983080692, 106.61094868360819, 7.900819724711193, 4.442049087905599, 6.0, 0.0
50, 0 ,1.0,1.0,1.0,9.006133133881825,22.583459771343094,113.29099262741745,5.874557251739018,12.9808037957492,14.85399292984533,24.0,53.0,63.0,0.015508309700215557,-0.13694761526871407,0.9904568859887106,14.889333621961072,0.01736628477029063,-0.9903897018290676,-0.13721024256303904,12.943542829076815,-0.9997289154983564,-0.019328455270484463,0.012980998934500634,5.867302563647566,64.66748721008926,56.60696147383175,25.22182540427505,19.477280147247527,6.6549495950914705,46795.0,92327.76964791327, 0.0, 0.0,0.0,NaN, 90.05317900445075,90.05317900445075,NaN, 34.51042290395949, -2.6871343723555, 2.5593008893242795, -2.6871343723555, 168.50126718373681, -7.3124900460813125, 2.5593008893242795, -7.3124900460813125, 220.64110595989501, 7.325504992632087, 4.476712517357907, 2.0, 0.0
