// Sample: .//bubblelabels.tif, Map: .//bubblelabels.tif, Thickness:(8.191250068658265):/afs/psi.ch/project/tipl/test/LabelValidation/SmallStep0500//distmap.tif, Neighbors:(1.0):
//LACUNA_NUMBER, TRIANGLES, SCALE_X, SCALE_Y, SCALE_Z, POS_X, POS_Y, POS_Z , STD_X, STD_Y, STD_Z,PROJ_X, PROJ_Y, PROJ_Z, PCA1_X, PCA1_Y, PCA1_Z, PCA1_S, PCA2_X, PCA2_Y, PCA2_Z, PCA2_S, PCA3_X, PCA3_Y, PCA3_Z, PCA3_S,PROJ_PCA1, PROJ_PCA2, PROJ_PCA3,OBJ_RADIUS, OBJ_RADIUS_STD, VOLUME, VOLUME_BOX, Mask_Grad_X,Mask_Grad_Y,Mask_Grad_Z,Mask_Angle, Mask_Distance_Mean,Mask_Distance_COV, Mask_Distance_STD, SHAPET_XX, SHAPET_XY, SHAPET_XZ, SHAPET_YX, SHAPET_YY, SHAPET_YZ, SHAPET_ZX, SHAPET_ZY, SHAPET_ZZ, Thickness, Thickness_STD, Neighbors, Neighbors_STD
1, 0 ,0.3333333432674408,0.3333333432674408,0.3333333432674408,163.82650016130768,16.83006909345091,157.21350414023013,17.505234663910148,11.837024586889404,20.071367221752492,115.0,47.0,91.0,-0.42554411941361714,-0.026206128822754526,0.9045581469671337,20.75896203844922,-0.9010442678149211,0.10489378414536377,-0.4208521373184872,16.73676334330412,0.08385362168900065,0.9941380854085564,0.06824981516346323,11.76241564203891,121.09056100308263,93.17391892612869,51.43576192822563,27.47880608709355,9.712022955469445,148784.0,580323.0639556563, 0.0, 0.0,0.0,NaN, 198.02640400694233,198.02640400694233,0.0, 306.4332406385615, -10.13593932426642, -58.864545946634635, -10.13593932426642, 140.11515107062428, -13.19377738750539, -58.864545946634635, -13.19377738750539, 402.8597821504403, 3.1875269512288056, 4.285411750414924, 22.0, 0.0
2, 0 ,0.3333333432674408,0.3333333432674408,0.3333333432674408,17.752660966094624,282.9513839673067,76.79719033772909,11.929329182176666,10.983129257102702,33.445918507550786,55.0,48.0,147.0,0.11574258648920956,0.021242374638844864,0.9930520707357149,33.65168937226937,-0.7758515166342516,-0.6223283106666386,0.10373956756773252,12.003570831907346,-0.6202080923441099,0.7824680410486494,0.05554895974155632,10.249174479164742,147.3808359939918,70.9874988133665,53.32376379599842,33.67538846865393,15.73326728032489,150979.0,557883.7173619109, 0.0, 0.0,0.0,NaN, 80.64502913246852,80.64502913246852,0.0, 142.3088947367318, 21.375910103333133, 114.94444577578291, 21.375910103333133, 120.62912827822535, 19.15214948488794, 114.94444577578291, 19.15214948488794, 1118.6294648137284, 5.060628180267439, 4.9070038873276, 14.0, 0.0
3, 0 ,0.3333333432674408,0.3333333432674408,0.3333333432674408,224.9286656988254,93.54132722233554,137.29851104418876,14.842570096634494,17.55105006333937,16.928757809028973,76.0,102.0,89.0,-0.19378206108804263,0.8783844052766807,0.43690885704824295,17.906079140728107,0.09931566158765036,-0.42549809627728236,0.8994930624678638,16.68989497330263,-0.9760045656470453,-0.21769751177066837,0.004783430252678174,14.688220516530322,107.88884284257432,84.51546061087114,73.73155081666002,27.20572280158433,8.647122827817638,166694.0,672304.5747797491, 0.0, 0.0,0.0,NaN, 182.30898570072182,182.30898570072182,0.0, 220.30188707350848, -20.5070313148596, -3.269058305479518, -20.5070313148596, 308.039358325845, 16.2127224580163, -3.269058305479518, 16.2127224580163, 286.58284095675947, 3.3430007508297375, 3.6400446560744157, 29.0, 0.0
4, 0 ,0.3333333432674408,0.3333333432674408,0.3333333432674408,203.06988131795168,190.29702787691002,13.968406783412178,19.931175194392537,16.322544934344613,8.892503590818277,106.0,90.0,41.0,-0.9613684179245557,0.23758162202019142,0.13901704174485874,20.281962052370638,0.24868374651463154,0.9661523402873904,0.06860065288789215,16.117389040251712,0.11801338583687558,-0.10052177990591687,0.9879110347232,8.463192288218156,106.56325330692837,90.43528307707001,41.62337556965579,25.61013943825879,9.32065425969727,108441.0,401127.7160900673, 0.0, 0.0,0.0,NaN, 147.05545344672637,147.05545344672637,0.0, 397.2517446295684, -32.39122543365739, -42.1943507216343, -32.39122543365739, 266.425473133699, 23.690620867626727, -42.1943507216343, 23.690620867626727, 79.07662011271594, 3.325038350602374, 3.8339692754176737, 22.0, 0.0
5, 0 ,0.3333333432674408,0.3333333432674408,0.3333333432674408,265.32303437916084,12.3931583080127,24.25032717672095,21.53894701211506,8.291728331138609,13.278143270804362,82.0,36.0,49.0,-0.9897852704579719,-0.14007736266172935,-0.026522647948009737,21.72738529311876,0.04623112288854873,-0.13937839196710738,-0.9891594144166688,13.364597556508082,-0.13486215800180423,0.9802815903210662,-0.14443061315627867,7.635204404929746,86.53504341085673,53.03971705805225,38.5691575368385,24.932347972648312,9.346984026892416,87873.0,177024.4962602679, 0.0, 1.7763568394002505E-15,0.0,81.94767708575246, 44.09263754522217,44.09263754522217,0.0, 463.92623839070023, 56.594287304049764, 5.360465817277277, 56.594287304049764, 68.75275871740666, 18.12497236578585, 5.360465817277277, 18.12497236578585, 176.30908872000717, 4.349934327789327, 4.041843753105589, 7.0, 0.0
6, 0 ,0.3333333432674408,0.3333333432674408,0.3333333432674408,179.16390792350228,18.438557492697445,10.564767696066724,21.599102315404842,11.634611568461668,6.760739768484507,95.0,48.0,28.0,-0.9370753962148128,0.3491154976389229,0.002840971168216338,22.801979725262253,0.3310725314016261,0.891169599126043,-0.31017370060153077,9.288599792710846,-0.11081823297711768,-0.2897155758702939,-0.9506756567504889,6.433089762863382,102.27024934315324,50.609936532420406,31.853545339591534,23.21421083564511,10.425613875240742,54433.0,164870.4731755911, 0.0, 0.0,0.0,NaN, 122.69048808772095,122.69048808772095,0.0, 466.52122083132684, -143.30958811658124, -5.884093424656132, -143.30958811658124, 135.3641863489821, -11.934692823112577, -5.884093424656132, -11.934692823112577, 45.70760221716795, 3.8022217091567208, 3.995210248564483, 10.0, 0.0
7, 0 ,0.3333333432674408,0.3333333432674408,0.3333333432674408,29.967235414140816,172.03209184729573,229.73229440813793,16.146682052449854,14.949595377051025,15.79835346988472,78.0,79.0,85.0,-0.7262444747607896,0.08464513016316483,0.6822053685064973,18.434071075360748,-0.1126983916346149,-0.9936237262567866,0.0033110636582834936,14.931206732673033,0.6781357057421441,-0.07447880610777252,0.7311531112143097,13.07814224936394,107.20279034645964,77.81346189716186,72.49887399433996,25.794274479597544,8.273398314537015,135268.0,604772.5746004834, 0.0, 0.0,0.0,NaN, 149.03479850186028,149.03479850186028,0.0, 260.71534130290627, -4.56314700396826, -83.63965957346124, -4.56314700396826, 223.4904019375454, 9.575340139386592, -83.63965957346124, 9.575340139386592, 249.58797235941856, 2.5877127572653946, 3.2186425290144407, 24.0, 0.0
8, 0 ,0.3333333432674408,0.3333333432674408,0.3333333432674408,61.536587945012336,133.61587357537306,283.34034778521914,16.109081942595033,15.461318334585577,10.079069462866462,83.0,80.0,43.0,-0.964726549958174,-0.23916668816573125,-0.11000899543962267,16.307722996245296,0.192461505019796,-0.9258790882157559,0.325125334433162,15.906341698827497,-0.17961417786832412,0.29248454536367613,0.9392505192077829,9.01049340223911,82.9423039045172,83.60548862883452,47.43141625998828,23.06170533699171,8.264397973458014,85110.0,328909.92341122555, 0.0, 0.0,0.0,NaN, 148.0455920962923,148.0455920962923,0.0, 259.5025210332414, 12.009971445027526, 30.35921345314086, 12.009971445027526, 239.05236464339214, -46.862295968250955, 30.35921345314086, -46.862295968250955, 101.58764123728724, 3.754337830200919, 3.71062034196195, 16.0, 0.0
9, 0 ,0.3333333432674408,0.3333333432674408,0.3333333432674408,133.5751003220213,169.47349021550656,131.494109487243,14.939851671531988,13.504615426985769,14.768118942934604,80.0,68.0,70.0,0.6860361819162274,0.5093118720505838,0.5195726841262296,17.224017783190874,-0.45486301001072155,-0.2571198008868312,0.8526365287248154,13.757162056169262,-0.5678503317123198,0.8212739037496843,-0.05527364465966174,11.736475044724644,80.69362199905373,71.28187105577503,63.58165975176662,23.72400768776632,7.800166802164617,100925.0,365721.2210240071, 0.0, 0.0,0.0,NaN, 228.4079202050633,228.4079202050633,3.814697265625E-6, 223.19916796737712, 61.55319971178081, 36.667960338285546, 61.55319971178081, 182.37463783078204, 30.7610997268581, 36.667960338285546, 30.7610997268581, 218.09733711266392, 2.8387608188477844, 3.2621895368645903, 25.0, 0.0
10, 0 ,0.3333333432674408,0.3333333432674408,0.3333333432674408,255.04886769964244,50.48762167262614,10.719023142630116,17.75533392829913,17.46280657180193,7.343606976681174,78.0,69.0,32.0,-0.725622566250655,0.6852839635967161,0.0621110343255347,20.03173241090123,-0.6866912989762852,-0.7269468408492868,-0.0018304342391299133,14.841728823293442,-0.043897052954335,0.04397931123171258,-0.9980675673147126,7.251402750599987,90.22216292180678,89.01894726713803,33.94044271904524,24.37526505048477,8.942958873672962,80544.0,272592.05352997634, 0.0, 0.0,0.0,NaN, 68.44341965722283,68.44341965722283,0.0, 315.2518829054102, -89.67657775754213, -15.504271889767058, -89.67657775754213, 304.9496133641687, 15.06456553030893, -15.504271889767058, 15.06456553030893, 53.92856342796041, 2.9106379744611948, 3.2168904990689358, 11.0, 0.0
11, 0 ,0.3333333432674408,0.3333333432674408,0.3333333432674408,280.4505566819621,226.22855974104507,274.20021876000425,12.777826346801582,18.050650023116432,12.965489256698932,54.0,107.0,58.0,-0.20758649586383757,-0.9716317588991414,0.11331183448137153,18.33831970403448,-0.5187874522667706,0.011147070804420948,-0.8548305809825913,13.108093105193262,-0.8293174459189475,0.23623604278568947,0.5063843461082028,12.21010440781859,105.21102838150324,67.28735417705388,60.6331711993959,24.314372834204608,8.124899860979736,112452.0,429244.7580915744, 0.0, 0.0,0.0,NaN, 80.56075250366874,80.56075250366874,0.0, 163.27284614901666, 37.62779490058275, 5.679122792886007, 37.62779490058275, 325.82596625703326, -20.827677787586385, 5.679122792886007, -20.827677787586385, 168.10391166557542, 2.823941585960406, 3.51718056111931, 13.0, 0.0
12, 0 ,0.3333333432674408,0.3333333432674408,0.3333333432674408,81.01541503657084,209.24059151216193,68.25493281170267,11.760247785061066,13.76751701369622,14.656413468718997,52.0,66.0,68.0,-0.23950353141431718,-0.4901843393641759,0.8380676415911653,15.265257054591185,-0.034982461931328535,-0.8582729830509868,-0.5119997206268608,13.309738342554159,-0.970265059557075,0.15194341054111843,-0.18841155536707097,11.510047817645836,74.05262973583619,68.29481781640067,58.8333063895773,22.29018446565193,6.768019277578354,94064.0,297544.2024663408, 0.0, 0.0,0.0,NaN, 139.49732454688916,139.49732454688916,0.0, 138.30342796603372, 13.145423778569722, -19.381736398377367, 13.145423778569722, 189.5445247224149, -21.676745454814263, -19.381736398377367, -21.676745454814263, 214.8104557660476, 3.4863775615666084, 3.655031191443244, 22.0, 0.0
13, 0 ,0.3333333432674408,0.3333333432674408,0.3333333432674408,226.51391836925524,203.02706063864602,247.70655944644443,13.020385061851702,15.28893498268647,12.81934202413311,60.0,69.0,61.0,-0.037993536712628034,-0.9101629345853873,0.41250445291533694,15.903440340355719,0.8444815954465299,0.1914483516904064,0.5001983242545998,13.620017709699416,-0.5342352722538537,0.36735672192290386,0.761342047136442,11.366318353962768,70.51700524171055,60.776033984110995,54.35500283319804,22.870343114079134,6.675694408807433,106945.0,232951.62220886457, 0.0, 0.0,0.0,NaN, 132.43322501075616,132.43322501075616,0.0, 169.53042715889094, 13.382661370231082, 21.847424248576093, 13.382661370231082, 233.75153290481416, -41.06001947765678, 21.847424248576093, -41.06001947765678, 164.3355299317052, 2.9426164884691324, 3.3129949976731106, 22.0, 0.0
14, 0 ,0.3333333432674408,0.3333333432674408,0.3333333432674408,158.6808203175702,216.60584086877515,166.47554190282526,13.327111307440076,13.023467317440838,16.418499822141094,74.0,71.0,80.0,0.24762812834103654,-0.16791469545286417,0.9541933583426824,16.628109065592646,0.6963339561107849,-0.6539340060080787,-0.2957859654434743,14.159265278610828,-0.6736462956340054,-0.7376821611217103,0.04500774979250618,11.824167152559848,80.72437478800416,66.43238404483571,60.220957929382706,23.818036579165803,7.034974533895585,115565.0,322947.69394868525, 0.0, 0.0,0.0,NaN, 211.55254012529159,211.55254012529159,0.0, 177.61189580089712, -33.311573172797466, 19.799436149592307, -33.311573172797466, 169.61070096844966, -10.163973441651533, 19.799436149592307, -10.163973441651533, 269.56713640964716, 3.2297628833262166, 3.436081412109186, 24.0, 0.0
15, 0 ,0.3333333432674408,0.3333333432674408,0.3333333432674408,80.06587104082489,44.08744748601857,93.284025938116,16.301800661583947,13.481259992687036,12.712399523962738,78.0,66.0,59.0,-0.8746090029971574,-0.48006055542868387,0.06783033980322933,17.395063106445193,-0.06915203971027538,-0.014955118510435253,-0.9974940299742387,12.686989853840311,-0.4798719488365898,0.87710786540302,0.020117285302225126,12.064420642062885,76.25495314332896,58.10822292298886,58.87858461277999,23.61467287750585,7.172545039637952,112113.0,260893.3527427677, 0.0, 0.0,0.0,NaN, 130.59921985441392,130.59921985441392,0.0, 265.7487048100188, 65.95073006980283, -8.253356270485929, 65.95073006980283, 181.74437099042404, -4.883702963057749, -8.253356270485929, -4.883702963057749, 161.60510165684803, 3.433909777469451, 3.5782349122088113, 24.0, 0.0
16, 0 ,0.3333333432674408,0.3333333432674408,0.3333333432674408,143.67250168317784,189.24693311881924,74.77991028880709,16.23558455794823,13.19614994979686,12.996967613112172,76.0,65.0,69.0,-0.9658836975780912,-0.10259151130467585,-0.2377891178357356,16.539452450226893,-0.08343800350006768,-0.7459519357873068,0.6607524567242203,14.795637999485919,-0.24516684589233803,0.6580506753308537,0.7119427830744615,10.68594195225435,80.00481735050832,76.23847900859217,51.87848123877876,23.61441764918667,7.000930342597623,114367.0,316429.97351246496, 0.0, 0.0,0.0,NaN, 196.21433318259926,196.21433318259926,2.6973983046972182E-6, 263.594205938287, 22.309572516245087, 30.828722794751574, 22.309572516245087, 174.13837349752367, -47.728448297727574, 30.828722794751574, -47.728448297727574, 168.92116713628673, 3.3057506951335403, 3.3676556884026083, 20.0, 0.0
17, 0 ,0.3333333432674408,0.3333333432674408,0.3333333432674408,158.3061052678842,131.42083581218358,9.241191195123868,20.339111709271414,18.178404249262414,5.906461342874043,90.0,79.0,23.0,-0.9448242932908191,-0.3275138488292583,-0.006460157316222365,20.618534676624698,-0.3269572766290998,0.9440648769402563,-0.0429004357444093,17.87599197963883,0.02014929444885794,-0.03842117844137207,-0.999058466247291,5.860466730508926,88.74457402627061,79.29761800661214,23.91359487947503,26.247075430068005,9.492689984141846,89087.0,168285.54695692044, 0.0, 0.0,0.0,NaN, 193.47866937891024,193.47866937891024,2.6973983046972182E-6, 413.6794651222216, 32.88958891198218, 6.385675980883551, 32.88958891198218, 330.45438104960175, -10.72426391164147, 6.385675980883551, -10.72426391164147, 34.88628559486545, 3.139296414919731, 3.4008318867825422, 19.0, 0.0
18, 0 ,0.3333333432674408,0.3333333432674408,0.3333333432674408,109.12924869241678,289.24640509919334,23.11944372436298,18.965507035914285,6.631738311617136,14.103421588944693,82.0,26.0,65.0,-0.9125074413745379,0.037585090712003374,0.4073297563305005,19.992350872902577,0.40898290940586857,0.10317123965834216,0.9066910582559379,12.675516618723936,0.00794665023803621,-0.9939532465179292,0.10951618367375168,6.497237543895181,89.1197367549916,67.5235598841592,27.112772551440514,22.949986556078503,8.7106272882279,65579.0,163156.0401437263, 0.0, 0.0,0.0,NaN, 112.06846747228228,112.06846747228228,0.0, 359.6904571293142, -7.262149920260495, -88.9467726712465, -7.262149920260495, 43.9799530337705, 16.55362095881321, -88.9467726712465, 16.55362095881321, 198.90650051551125, 4.549851730443394, 4.022205143754794, 11.0, 0.0
19, 0 ,0.3333333432674408,0.3333333432674408,0.3333333432674408,8.059895495962344,96.42533575160859,37.720624433216734,5.503836790186937,14.665939628416828,14.880207237170213,23.0,64.0,74.0,0.035667421099047456,-0.6651870938977347,0.7458243527694907,15.659535701372123,0.0217184793145886,-0.7456070165391262,-0.6660318945395072,13.843389613743476,-0.9991276909026219,-0.03995381082587762,0.0121470272941562,5.471935456314003,69.16592589111943,63.56736586362932,23.916143136456984,20.291507558661124,7.420060175988704,46314.0,105152.00408128726, 0.0, 0.0,0.0,NaN, 103.85399750538285,103.85399750538285,0.0, 30.292219413015243, -7.726041399468051, 3.3877874470409886, -7.726041399468051, 215.08978518436714, -26.504050194540394, 3.3877874470409886, -26.504050194540394, 221.4205674211328, 3.110257484645878, 3.2412000440135067, 10.0, 0.0
20, 0 ,0.3333333432674408,0.3333333432674408,0.3333333432674408,148.2023384757553,96.60357573735143,94.3043868881074,12.435214527092748,12.933870836243957,11.621602598232261,60.0,70.0,57.0,-0.40580208328899636,-0.8258796748455626,0.39146830251668835,13.652696310112876,-0.8860024136780759,0.250345353402393,-0.3902908236001132,12.254187567082557,0.22433098795069295,-0.5052226902137493,-0.8333220512732442,10.973604359064932,69.37010297971639,63.90418858748437,54.49185058699736,20.53531874466334,5.939857418308659,77914.0,241564.56112663713, -2.8421709430404007E-14, 0.0,0.0,66.05860042490268, 200.47319362265466,200.47319362265466,0.0, 154.63456033481853, 15.513818164908175, -0.1950568484610981, 15.513818164908175, 167.28501480864193, -24.236779040827262, -0.1950568484610981, -24.236779040827262, 135.06164695123886, 2.6368717770688535, 3.027327930967519, 15.0, 0.0
21, 0 ,0.3333333432674408,0.3333333432674408,0.3333333432674408,261.26962904538976,225.88798849989823,158.89535416242623,14.950217704731326,10.232051361301993,12.756544669583363,79.0,47.0,57.0,0.8934958898449803,0.07548015986364724,0.442682550251402,15.588037484590837,-0.44687199885225554,0.246886870765696,0.8598559703143962,12.118108577020779,0.044390443475104395,0.9661002114224387,-0.254322374197794,10.054742576554915,80.90670793375523,58.944099398455734,46.50080668945469,21.115532029913854,6.713242396905229,78608.0,221761.09318213954, 0.0, 0.0,0.0,NaN, 164.0218063545822,164.0218063545822,0.0, 223.50900941886198, 4.521640084274499, 38.542590684498634, 4.521640084274499, 104.69487506032196, 14.453332910138311, 38.542590684498634, 14.453332910138311, 162.7294319070757, 2.6994222366024903, 2.9682887977128, 20.0, 0.0
22, 0 ,0.3333333432674408,0.3333333432674408,0.3333333432674408,16.38725680480723,97.73104513764886,152.5897861900843,10.275018998952072,20.199289608552775,15.511868681325394,42.0,99.0,73.0,0.020257398941084394,0.9904233927188955,0.13656918006393554,20.284545181194094,-0.10662089634070927,-0.13367819463140967,0.9852726144289161,15.454011310225457,-0.9940933669689412,0.03452018880714457,-0.10289185737012248,10.193926982336937,99.98414179900684,71.5412737867748,45.49188588492971,26.05078527131825,8.692639003973275,128806.0,325403.13504923444, 0.0, 0.0,0.0,NaN, 177.6222691690682,177.6222691690682,0.0, 105.57601542882605, 8.093293305350148, -13.321577604673596, 8.093293305350148, 408.01130069018814, 23.830193958221503, -13.321577604673596, 23.830193958221503, 240.6180699866836, 2.9401160671224416, 3.6566032564334225, 20.0, 0.0
23, 0 ,0.3333333432674408,0.3333333432674408,0.3333333432674408,258.47771409223924,177.1477907567293,170.9658758373842,13.391298263256507,12.102588811712387,13.547499298992047,73.0,63.0,65.0,0.6934411362947958,0.010488337448043042,0.7204369405241232,15.378485877920609,3.906400682475331E-4,0.9998884250343161,-0.014932678350909601,12.10227355099227,-0.7205131767667542,0.010636364979193914,0.6933596684589534,11.241503875221587,78.8908873483254,62.99891873394313,62.96870823998486,21.500108326252995,6.861457887098487,82698.0,312957.0365393173, 0.0, -2.8421709430404007E-14,-2.8421709430404007E-14,59.90735634340253, 182.93870760823566,182.93870760823566,0.0, 179.32686917549677, 0.8088028533296776, 55.01690620291019, 0.8088028533296776, 146.47265594538584, 0.5321176511584913, 55.01690620291019, 0.5321176511584913, 183.53473725619003, 3.0416282927991545, 3.2557064486892267, 17.0, 0.0
24, 0 ,0.3333333432674408,0.3333333432674408,0.3333333432674408,278.8259113685278,78.37337233361863,204.72744949767744,13.282756259791297,19.79887143953374,12.131863869183812,58.0,102.0,62.0,-0.05457981910346531,0.9975444645538749,0.043887180184613815,19.831123430319266,-0.8390255633349201,-0.021988701846332778,-0.5436474970618677,14.022545054099641,-0.5413475292426793,-0.06649464812326537,0.8381654456930387,11.211771437815052,100.84418036208324,73.48928787440417,62.16602749993132,25.28688975131017,8.728244484521502,120341.0,460710.3783906872, 0.0, 0.0,0.0,NaN, 125.17022968555688,125.17022968555688,0.0, 176.43161385702487, -13.259486372979174, 31.71173637393969, -13.259486372979174, 391.99531027918493, 12.561921865109314, 31.71173637393969, 12.561921865109314, 147.1821209404076, 3.0457962330759285, 3.458779306132251, 23.0, 0.0
25, 0 ,0.3333333432674408,0.3333333432674408,0.3333333432674408,21.771584930761325,88.7740581725827,221.96195803350062,13.070516640839259,19.159084216363418,16.901529936791157,54.0,94.0,84.0,0.06498053241362596,0.9733690348460717,-0.21984142560051778,19.273889330259387,-0.21735820233624314,0.22882351808664342,0.948891568856847,16.969886431369755,0.9739265589788576,-0.013875142279553353,0.2264388176579352,12.810572667282893,97.28300879658687,90.39614755322648,59.01659198830167,27.340552183654165,8.72151556585514,165370.0,518992.4539363509, 0.0, 0.0,0.0,NaN, 120.18640234565461,120.18640234565461,NaN, 170.83840525845596, 6.95559351365401, -28.50973549737196, 6.95559351365401, 367.0705080097058, -17.479962508535188, -28.50973549737196, -17.479962508535188, 285.66171420424763, 3.2915640866795366, 3.8624505870090156, 16.0, 0.0
26, 0 ,0.3333333432674408,0.3333333432674408,0.3333333432674408,220.0207562876131,101.64558741249198,245.13995824178824,13.085963821151882,13.659251510475986,9.954781556888673,62.0,66.0,51.0,-0.2831456702003853,0.91095840547926,-0.2999721869331534,14.176236766182193,0.9568736332490153,0.24713338604371882,-0.15270212668916913,13.00110050775104,0.06497214356632791,0.3302724223868081,0.9416468274099086,9.323141827560454,69.20705489625536,61.65450297406554,47.588082143513304,20.461779311862962,6.183111206578048,73279.0,203054.85220522515, 2.8421709430404007E-14, 0.0,0.0,73.55196179385726, 140.49245192161985,140.49245192161985,0.0, 171.24244912849596, -9.999562472937694, -2.310810416159603, -9.999562472937694, 186.5751518264405, -34.26266931184307, -2.310810416159603, -34.26266931184307, 99.09767584537087, 2.627031896217862, 3.0276552398001693, 18.0, 0.0
27, 0 ,0.3333333432674408,0.3333333432674408,0.3333333432674408,98.52579185520362,178.71858618628875,286.1420985230086,12.96405678794123,16.32313345273,7.487899064018478,59.0,76.0,32.0,0.4712251077765004,0.8817090966757288,0.0231509533344747,17.49597237596167,0.8801746670425357,-0.46838718237704086,-0.0768505229745247,11.35652403051428,0.05691619538924855,-0.05659077861423939,0.9967738110916874,7.449858996884755,78.06215487730734,60.55438447294556,34.28496424385736,20.84599108135225,7.484967758494959,58565.0,162065.22274990933, 0.0, 0.0,0.0,NaN, 156.8711395722412,156.8711395722412,0.0, 168.06676840096506, 73.83472339393177, -2.2356977686161836, 73.83472339393177, 266.4446857156333, 7.760145577695102, -2.2356977686161836, 7.760145577695102, 56.068632392928805, 3.259524668104203, 3.397412046189311, 15.0, 0.0
28, 0 ,0.3333333432674408,0.3333333432674408,0.3333333432674408,243.10668202764978,228.73926267281107,286.2295161290323,10.777299558110762,12.587792616604721,7.9541381135801235,56.0,60.0,34.0,0.21485946964539865,0.9745309222918719,0.06422530498682762,12.680295941366138,-0.964318564278384,0.22210348466761984,-0.1440824371204776,10.73935680324469,-0.15467745437449473,-0.030976177870316566,0.9874792967514673,7.857947069418715,60.921718363283446,53.16403342230166,38.771580617519135,17.51749569749434,5.568515631844527,43400.0,125575.11176879494, 0.0, 0.0,-5.6843418860808015E-14,86.31762655722889, 92.22021763343518,92.22021763343518,0.0, 116.15018576525443, 9.261180042048043, 8.812104615727675, 9.261180042048043, 158.45252295864836, 4.484198260740306, 8.812104615727675, 4.484198260740306, 63.268313129907966, 3.144897902684827, 3.4797334573361627, 7.0, 0.0
29, 0 ,0.3333333432674408,0.3333333432674408,0.3333333432674408,201.91368691975364,237.2364417685449,82.78205717437264,13.802350066592437,15.613650580293713,11.11788691542219,61.0,80.0,47.0,0.5542317820010962,0.7959333570541407,0.24355127375650346,16.384230922640562,-0.6406946525362441,0.5947265261185357,-0.4856034610074767,14.331758054804506,-0.5313543958897403,0.11309487282589083,0.8395665880138068,9.168208625490664,84.94519289630358,67.84944877805412,46.80079555272836,22.433494989241083,7.391661777712027,87032.0,269735.6604278631, 0.0, 0.0,0.0,NaN, 142.8742735609545,142.8742735609545,0.0, 190.50486736076425, 35.10251574783186, 62.642003096491784, 35.10251574783186, 243.78608444350618, 0.6994419002870019, 62.642003096491784, 0.6994419002870019, 123.60740946411593, 2.950077732927876, 3.021925867836334, 19.0, 0.0
30, 0 ,0.3333333432674408,0.3333333432674408,0.3333333432674408,25.594266925559335,272.91288757788766,233.7773816208756,15.028351222214962,14.914290632137927,16.808427277970342,63.0,66.0,84.0,0.28748521052601755,0.3953745839684012,0.8723710174464906,17.496227688110654,0.9402218489059959,-0.2901245592170302,-0.17835530544089434,14.80241481399636,0.1825791022231244,0.8714968034886516,-0.45514634233448514,14.33810187706573,90.3400855860362,73.19895153201966,70.48128045742989,25.836441926919807,7.9554322091207945,147809.0,466078.5794252465, 0.0, 0.0,2.8421709430404007E-14,29.264652951516993, 75.98824477386012,75.98824477386012,0.0, 225.85134045824995, 7.736631605203044, 22.945059862292027, 7.736631605203044, 222.43606505987714, 35.37661824212711, 22.945059862292027, 35.37661824212711, 282.52322755881744, 2.125082162139716, 2.715496685043602, 15.0, 0.0
31, 0 ,0.3333333432674408,0.3333333432674408,0.3333333432674408,259.52639631631865,261.655354306614,152.12847712999258,12.604884222260784,11.530160055494676,14.143537989249618,69.0,53.0,65.0,0.6249935124988604,-0.16696171577652902,0.7625659937338499,16.64633563512749,0.11343940448663252,-0.9470652250101287,-0.3003314187464121,11.520944007193208,0.772343583416121,0.27421022052701116,-0.572969583934848,9.057302198837945,89.01807515192974,58.717176054923016,50.92666050698739,20.912758270485284,7.384030439776641,68627.0,266188.0520671221, 0.0, 0.0,0.0,NaN, 158.03294506016817,158.03294506016817,0.0, 158.88310625659886, -25.801764237493085, 91.24087842509529, -25.801764237493085, 132.944590905325, -10.415598218214813, 91.24087842509529, -10.415598218214813, 200.03966685334711, 2.780905905724777, 3.054709749189191, 16.0, 0.0
32, 0 ,0.3333333432674408,0.3333333432674408,0.3333333432674408,122.11450058555444,185.67306308467258,164.91703469586443,16.174952258885163,10.733942589946077,10.038286986404565,78.0,47.0,48.0,-0.9982978946230874,-0.028774106308893387,0.05072833919256396,16.191629016625004,-0.026895297579737663,0.9989406885398187,0.037338234394402016,10.72915821119721,-0.051748976407352154,0.03591032700656503,-0.9980142743744066,10.016492579240428,78.36471007388525,47.701410562123726,47.825491922967586,20.760833850146575,6.826535546641575,70873.0,178776.81612242575, 0.0, 0.0,0.0,NaN, 215.0116445057312,215.0116445057312,0.0, 261.62908057721427, 4.25162040647206, -8.210683004203847, 4.25162040647206, 115.21752352425828, 0.3152203369106721, -8.210683004203847, 0.3152203369106721, 100.76720562141924, 3.582515408349128, 3.31219295018524, 15.0, 0.0
33, 0 ,0.3333333432674408,0.3333333432674408,0.3333333432674408,225.79381609752159,284.3094642232448,178.15614488307634,18.863631908563335,10.137843533844427,10.451555724835934,85.0,46.0,49.0,-0.9696879202713827,-0.24432533562407793,-0.003235375085322605,19.312556029451333,-0.09276505443130277,0.3558554190191732,0.9299255698339769,10.658578297092745,0.2260530511984266,-0.9020377215653855,0.367733554244117,9.01484252008194,89.35650843606251,54.45892710962818,48.07955052902045,22.37211451553709,8.20585092915877,74322.0,233967.57334905458, 0.0, 0.0,0.0,NaN, 143.52238735501848,143.52238735501848,0.0, 355.8366087817688, 68.0436240918817, -1.874441427999091, 68.0436240918817, 102.77587151671123, 10.931819214894029, -1.874441427999091, 10.931819214894029, 109.2350170693508, 3.2945690819271984, 3.38210100833365, 12.0, 0.0
34, 0 ,0.3333333432674408,0.3333333432674408,0.3333333432674408,216.75499094809413,161.91393249510205,229.30414403690202,10.630689301263914,13.130858050617523,14.14886259257245,57.0,66.0,67.0,0.3042044252993736,0.1616654498385393,-0.9387885544449187,14.490297546581386,-0.1188835295081407,-0.9713470308204746,-0.20579517032218117,13.177410729591289,0.9451594437130513,-0.1742102983315027,0.27626870600066855,10.099921994954217,71.3239336122134,65.91781390886979,54.86089164852518,21.098198973616746,6.362963216825068,80646.0,257929.45768217926, 0.0, 0.0,0.0,NaN, 176.0550982544221,176.0550982544221,0.0, 113.01155502000704, 13.581707613157754, -29.07907916046486, 13.581707613157754, 172.41943314546702, -2.0652225310598573, -29.07907916046486, -2.0652225310598573, 200.19031266349594, 2.8702319781157724, 3.1001847295214646, 18.0, 0.0
35, 0 ,0.3333333432674408,0.3333333432674408,0.3333333432674408,28.268020340049276,216.62622538312334,44.33064812064235,11.845438630222102,11.852984666847536,10.122450424218437,57.0,51.0,54.0,0.08363289902542927,0.9005433763938022,0.42664641734562064,12.375819194755616,-0.9592730614755823,-0.04317032697873126,0.27916216863288157,12.022828440272471,-0.2698161072431859,0.432617556395716,-0.8602565420677329,9.249992432436622,62.474807651319225,59.21424956288901,49.573652245936564,18.75200529762318,5.624407681129648,57227.0,183392.71219114566, 0.0, 2.8421709430404007E-14,0.0,25.770416188269426, 98.56710217211115,98.56710217211115,0.0, 140.31441634235807, 7.533925508477698, -13.384005467251367, 7.533925508477698, 140.4932455125228, 25.26140743531075, -13.384005467251367, 25.26140743531075, 102.46400259076, 3.0731375290773113, 3.1565973185590637, 11.0, 0.0
36, 0 ,0.3333333432674408,0.3333333432674408,0.3333333432674408,92.96703887584464,175.47220977541986,86.34058035954331,15.038813312202992,11.673841965055676,8.34052511446388,68.0,56.0,41.0,-0.9286457377305392,0.37077323846867805,0.012012469785674895,15.596923923210223,-0.36986588790951463,-0.9278957765791439,0.04699630589200079,10.92317365626032,0.028571292512054057,0.039199916352422294,0.998822831037694,8.332412175244624,71.04232204936267,49.635514990393204,41.900532996648124,19.759404761188172,6.447850396289109,55793.0,147750.59136393794, 0.0, 0.0,0.0,NaN, 177.7772107790608,177.7772107790608,0.0, 226.1659058392939, -42.73338243548494, -2.806331846625906, -42.73338243548494, 136.27858622509495, -1.4011960309094342, -2.806331846625906, -1.4011960309094342, 69.5643591850027, 2.2713769319876094, 2.656728210167104, 13.0, 0.0
37, 0 ,0.3333333432674408,0.3333333432674408,0.3333333432674408,16.665405347862695,215.9095334410777,152.3837086643892,11.41390735087607,15.644915313272941,15.005743654315552,51.0,71.0,76.0,0.12629828221848388,-0.7431836415387789,0.6570592202060787,17.129383254242555,-0.3593318967937631,-0.651655274321182,-0.6680014905641916,13.723399838266777,-0.924623886699482,0.15173489512483676,0.3493525293256055,10.884186924213978,76.9451547150986,69.36736375744073,55.51184989358719,23.401674932034645,7.250835066962049,103331.0,296293.52937554236, 0.0, 0.0,0.0,NaN, 170.70299285362788,170.70299285362788,0.0, 130.2772810143828, -0.06142194315530077, 31.288600162222103, -0.06142194315530077, 244.76337515948217, -55.0177303171875, 31.288600162222103, -55.0177303171875, 225.17234261903147, 2.922667291468308, 3.095875525058701, 20.0, 0.0
38, 0 ,0.3333333432674408,0.3333333432674408,0.3333333432674408,88.22192730221927,11.599572365995723,63.68288726682887,10.143648629657608,7.556166241718396,12.930970198617944,52.0,32.0,61.0,-0.14215213488509573,0.10102814056200471,0.9846756244379127,13.029897377438571,0.9897627360989862,0.02731845107800005,0.1400836480840879,10.075800052333065,-0.012747422384828497,0.9945084298512918,-0.10387726496813451,7.476581686225945,64.26274561004374,51.80944926085962,34.4632394183782,17.219426225388787,5.539910336855918,40689.0,114742.51098040503, 0.0, 0.0,-7.105427357601002E-15,10.043502594851422, 109.42197524552218,109.42197524552218,0.0, 102.89360752195466, -0.4018810603588543, -9.614526580143632, -0.4018810603588543, 57.0956482724847, 11.503263344845807, -9.614526580143632, 11.503263344845807, 167.2099902775454, 4.184368591947986, 3.469760353926607, 9.0, 0.0
39, 0 ,0.3333333432674408,0.3333333432674408,0.3333333432674408,227.93454868537958,101.59184244298923,62.316430287275004,9.657850352213796,10.760991483093592,15.193819705383625,52.0,52.0,67.0,0.010613913295254573,0.009376332946992482,0.9998997095834304,15.194418189058123,-0.5962410186062898,-0.8026859015149914,0.013856090372098255,11.980469910063412,-0.8027353191282262,0.5963282886879783,0.0029290842548968573,8.094638039761731,67.24077793975643,58.34204131777537,41.27246046290854,19.953483632656617,6.464028100649686,60778.0,161910.38669093777, 0.0, 0.0,0.0,NaN, 139.27551546445585,139.27551546445585,0.0, 93.27407342575613, 37.35087283619422, 1.1103320228172149, 37.35087283619422, 115.79893769921283, 0.6825773493110412, 1.1103320228172149, 0.6825773493110412, 230.85215723970376, 2.6286527905632187, 3.0655079308978768, 13.0, 0.0
40, 0 ,0.3333333432674408,0.3333333432674408,0.3333333432674408,251.66327948479392,233.1480130009787,110.0030085907954,11.182922090811395,13.32917893618806,13.541927846677773,52.0,72.0,62.0,-0.4426554877304393,0.686143727375772,0.5772892728650076,14.401849629443984,0.1173004230330415,-0.5939575204254313,0.7958989098411577,13.225911820357174,-0.8889863496918258,-0.42002529603936467,-0.18243360641243567,10.186783161416786,73.0101869892602,61.82629676902444,49.58943486498367,21.131385059341465,6.290717994040574,82763.0,223844.20411701722, 2.8421709430404007E-14, 2.8421709430404007E-14,0.0,86.0856036258971, 137.50014041777945,137.50014041777945,0.0, 125.0577464891575, -36.436332342819156, -19.84198442047421, -36.436332342819156, 177.66701111291945, 7.416504292531342, -19.84198442047421, 7.416504292531342, 183.38380980462688, 2.500541243349868, 2.8959670350204894, 16.0, 0.0
41, 0 ,0.3333333432674408,0.3333333432674408,0.3333333432674408,198.1895847695816,225.50686747626875,195.73684043060933,11.492156584411655,12.134923549534248,15.668192197870491,61.0,57.0,72.0,0.01874983402944321,-0.19167288615792608,0.9812797503442936,15.793787093879015,-0.15074175865358574,-0.9707753644573872,-0.18674076673466966,11.983976893561131,-0.988395348998513,0.14441847691524456,0.047094984909102536,11.478626499320397,71.47092664632223,53.06083572339435,59.77093793272124,21.977895328344665,6.464549187637297,94285.0,226669.75216318303, 2.8421709430404007E-14, 0.0,0.0,88.92565068823025, 163.6624388367124,163.6624388367124,0.0, 132.06966296063615, 1.3121466178256904, 2.4990292973738915, 1.3121466178256904, 147.25636955304088, -19.9852744782186, 2.4990292973738915, -19.9852744782186, 245.49224674940973, 2.666450820489078, 3.1209586747373534, 18.0, 0.0
42, 0 ,0.3333333432674408,0.3333333432674408,0.3333333432674408,168.24491372934307,16.557155000165587,274.1737224988133,14.58419092759085,11.111864463410098,14.924328883540193,69.0,48.0,64.0,0.6688881945878854,-0.003340416239330554,0.7433555170712781,16.286262704091058,-0.7368505005961015,0.12909887219616661,0.6636149643949816,13.076658275384519,0.09818310909842821,0.9916261003105084,-0.08389132416847603,11.075486669751433,84.66349579330574,61.09734462261383,54.42055755535957,22.47946389018484,7.319935293400946,90587.0,281502.02237190923, 0.0, 0.0,0.0,NaN, 135.2794838453195,135.2794838453195,0.0, 212.69862501242324, -4.916279828603259, 47.25794863105529, -4.916279828603259, 123.4735318531962, 3.7867138967224507, 47.25794863105529, 3.7867138967224507, 222.73559262407207, 2.7538043174773446, 3.162335373115395, 10.0, 0.0
43, 0 ,0.3333333432674408,0.3333333432674408,0.3333333432674408,83.21979369947032,255.33376080289935,151.62849177585727,12.994834826792852,10.91968833856676,8.83850809752333,58.0,50.0,41.0,-0.958014676555782,0.1894458749079736,-0.2152164956133084,13.240833911661673,0.2088326252370715,0.975369074997727,-0.07102184294054285,10.850909237489567,-0.19646071907715712,0.11298419366632953,0.973980368303826,8.553516061865935,63.40039244360765,53.11031957026333,43.514135150168215,18.344238016280446,5.451007482941414,53805.0,146521.4530960023, 0.0, 0.0,0.0,NaN, 175.8826638418405,175.8826638418405,0.0, 168.8657321756284, -9.460311407027026, 20.40160684432147, -9.460311407027026, 119.23959341143086, -7.253274887293665, 20.40160684432147, -7.253274887293665, 78.1192253899855, 2.826302740077261, 3.0409661495313562, 16.0, 0.0
44, 0 ,0.3333333432674408,0.3333333432674408,0.3333333432674408,217.78877331327334,261.9875230214521,290.82965422427435,16.06955274133266,12.983715653011958,5.577393763443218,75.0,66.0,22.0,-0.9165849700305352,-0.38775406658900236,0.09756421760980921,16.77429324906323,-0.3788497219848637,0.920236926837158,0.0981676455727412,12.207282649665942,0.12784709956082085,-0.05301681175811231,0.9903758563317719,5.2459560580347775,78.96572638143488,56.105093722167425,26.761882105795337,19.811700809031443,8.087720921905918,38551.0,118565.29331349586, 0.0, 0.0,0.0,NaN, 91.03696744195383,91.03696744195383,0.0, 258.23052530647203, 47.86522787900919, -27.219971612974966, 47.86522787900919, 168.57687215826772, 1.3721580161830798, -27.219971612974966, 1.3721580161830798, 31.1073211924953, 3.815617318788189, 3.4995903744130334, 12.0, 0.0
45, 0 ,0.3333333432674408,0.3333333432674408,0.3333333432674408,132.26673073933262,246.7546111118963,13.614645315392988,14.176863302729627,14.836805141109323,8.713779765650653,66.0,72.0,36.0,-0.5344745577986489,-0.8389502171652867,0.10246697118709854,15.649564555663057,0.8093501076259816,-0.4731107727179826,0.348020976413788,13.958243043991382,-0.243494045824023,0.2689400116317999,0.9318701195937854,7.5698598432727895,75.92101122999063,69.88686865197334,36.86317606104349,21.211175901165934,6.865144906962066,70753.0,195591.65273167714, 0.0, -2.8421709430404007E-14,-1.7763568394002505E-15,37.56435277861788, 143.23029730256258,143.23029730256258,0.0, 200.98345310428198, 31.46027700728319, 28.463689364520647, 31.46027700728319, 220.13078679524807, -38.77211606623259, 28.463689364520647, -38.77211606623259, 75.92995780426274, 3.0517490574122808, 3.169363437323496, 12.0, 0.0
46, 0 ,0.3333333432674408,0.3333333432674408,0.3333333432674408,179.10390682436702,17.599747197895034,45.54762611084598,14.742361815610913,11.75318822612826,12.565394530476757,67.0,55.0,57.0,0.7981166262549766,-0.3698969438129059,0.4755902667772399,16.533756200968934,0.37421971533440246,-0.3143014930035175,-0.8724529650077415,11.147876846705573,-0.4721964162828993,-0.8742944712473207,0.11242651820613832,10.757488219158079,84.04801890274945,62.167694169487135,59.27208762529992,21.484466532230705,7.195936555664538,77531.0,309700.8978530447, 0.0, 0.0,0.0,NaN, 130.38482538583455,130.38482538583455,0.0, 217.33723190238268, -47.54489898784048, 57.04501843199276, -47.54489898784048, 138.13743347879998, -25.387239511011565, 57.04501843199276, -25.387239511011565, 157.88913970653522, 2.747571195550029, 3.0780339545981827, 16.0, 0.0
