// Sample: .//bubblelabels.tif, Map: .//bubblelabels.tif, Thickness:(8.191250068658265):/gpfs/home/mader/Foam/NewValid/InSilicoTest/LatticeDataPhi_16.0/out_Step_02000.vtk/distmap.tif, Neighbors:(1.0):
//LACUNA_NUMBER, TRIANGLES, SCALE_X, SCALE_Y, SCALE_Z, POS_X, POS_Y, POS_Z , STD_X, STD_Y, STD_Z,PROJ_X, PROJ_Y, PROJ_Z, PCA1_X, PCA1_Y, PCA1_Z, PCA1_S, PCA2_X, PCA2_Y, PCA2_Z, PCA2_S, PCA3_X, PCA3_Y, PCA3_Z, PCA3_S,PROJ_PCA1, PROJ_PCA2, PROJ_PCA3,OBJ_RADIUS, OBJ_RADIUS_STD, VOLUME, VOLUME_BOX, Mask_Grad_X,Mask_Grad_Y,Mask_Grad_Z,Mask_Angle, Mask_Distance_Mean,Mask_Distance_COV, Mask_Distance_STD, SHAPET_XX, SHAPET_XY, SHAPET_XZ, SHAPET_YX, SHAPET_YY, SHAPET_YZ, SHAPET_ZX, SHAPET_ZY, SHAPET_ZZ, Thickness, Thickness_STD, Neighbors, Neighbors_STD
1, 0 ,1.0,1.0,1.0,169.3920412852314,64.5971201385798,165.39953566144186,12.54298549132044,12.949978183428238,13.397190720310933,59.0,61.0,64.0,-0.16736316128503978,-0.6454141814756116,0.7452718340275877,14.700062626186721,0.9857653261689869,-0.0972744540696687,0.1371291446352644,12.47553742736488,-0.01600918385268551,0.7576134997052356,0.6525070812617721,11.523118669341835,77.51314706295548,60.29207624994174,63.098042240127256,21.433847984518483,6.715899028399223,83129.0,294884.1935112183, 2.8421709430404007E-14, 0.0,0.0,80.3654570775282, 79.41553499994144,79.41553499994144,0.0, 157.32648503547506, 6.807249632302618, -7.301577875427342, 6.807249632302618, 167.70193495126733, -40.377547560571, -7.301577875427342, -40.377547560571, 179.48471919638536, 5.989551705338317, 4.091453391109646, 35.0, 0.0
2, 0 ,1.0,1.0,1.0,41.80798811860181,8.961677186654644,26.208189678035325,13.994649160042602,5.919211631892836,12.072936145357449,72.0,23.0,55.0,0.8694933083269459,-0.02494183730734624,0.49331459691194757,14.836763642786817,-0.48849959972340784,0.10446405856119617,0.8662882900853466,11.070644844810463,0.0731404665334707,0.9942158544404011,-0.07864672233862924,5.8270340614969625,77.94615437842516,54.071555852874965,25.34733537433165,18.2249635239755,6.670364545920044,37706.0,106830.64992630294, 0.0, 0.0,0.0,NaN, 50.150660361782215,50.150660361782215,0.0, 195.85020511268112, -8.559100863751684, 42.36090524767874, -8.559100863751684, 35.03706634313544, 5.727651675722028, 42.36090524767874, 5.727651675722028, 145.75578716987837, 6.239579496020468, 4.247576590576643, 17.0, 0.0
3, 0 ,1.0,1.0,1.0,170.08641605810288,40.07330699549064,12.083822179656012,14.685400053817828,11.075614385202714,8.238887194377126,65.0,60.0,31.0,0.9393774498879978,0.3340329841426216,0.0774078300089685,15.161866808054455,0.33978405059021494,-0.9371430502235458,-0.07943363508121024,10.473679433534455,0.04600875575831781,0.10092011158576719,-0.9938301290819712,8.162677561341463,73.55337148959674,63.28140096767755,35.03406075424304,19.029571997920186,6.639643102457423,50118.0,163068.15161920115, 0.0, 0.0,0.0,NaN, 51.44619710215042,51.44619710215042,0.0, 215.66097474067269, 37.511802294642216, 10.708527198609644, 37.511802294642216, 122.66923400970929, 7.427252430503121, 10.708527198609644, 7.427252430503121, 67.8792622016714, 6.190092687407083, 4.076513594603681, 15.0, 0.0
4, 0 ,1.0,1.0,1.0,9.533225891083543,30.141374011468834,135.1014204864885,6.229873091641973,10.455749217501817,10.44358458860725,24.0,53.0,55.0,0.04861631627216224,-0.7079696297466862,0.7045675674826828,11.471514140927818,-0.008601595226327068,-0.7056722862784514,-0.7084861586072841,9.328393507251485,-0.9987804895730031,-0.02838358213621708,0.04039685524182666,6.211916562946642,63.60258400480175,43.93602325479658,26.14873703430764,15.211720478910197,5.079963540040817,26681.0,73071.1972612167, 0.0, 3.552713678800501E-15,0.0,44.93004197598805, 72.18871411835265,72.18871411835265,0.0, 38.81131873796471, -2.907249655603875, 3.4809823746759334, -2.907249655603875, 109.32269169928985, -22.179886738691717, 3.4809823746759334, -22.179886738691717, 109.06845905939485, 6.212355908080291, 4.115924430561823, 12.0, 0.0
5, 0 ,1.0,1.0,1.0,59.15487080347039,74.14270558279894,142.30460203696717,9.774976295763997,9.966062748761814,10.547999426937151,49.0,56.0,55.0,-0.5957774858785767,0.39027367854300793,0.7019513111012127,11.438598847466913,0.17473277145064675,-0.79007877941192,0.5875746598553642,10.018232736499435,-0.7839117590018526,-0.47271765162671864,-0.4025175473679895,8.655999621634233,56.059933748447776,54.13776277076829,48.40030966946958,16.797330833924384,4.897196857521372,42416.0,146892.97451443892, 0.0, 0.0,0.0,NaN, 111.01891044784043,111.01891044784043,0.0, 95.55016158274803, -16.513071316800342, -20.772372000679834, -16.513071316800342, 99.32240671225789, 3.5087524488456436, -20.772372000679834, 3.5087524488456436, 111.26029191066647, 5.960000647718149, 3.8631066441246853, 21.0, 0.0
6, 0 ,1.0,1.0,1.0,28.750602231945333,107.0161578421251,174.17540927191388,12.423751297647218,12.106617181430027,10.136123823441324,58.0,57.0,51.0,-0.8113929097487235,0.5844874843214448,-0.0039908246125742565,12.756208705311337,0.5839681179497966,0.8103426121307562,-0.04822953641986669,11.759368186957767,-0.024955625170928253,-0.0414636182296204,-0.9988283061345612,10.131988025936828,66.14045486566258,56.42504842777717,51.67969019354666,19.227424889506448,5.828114117444918,61023.0,192867.48591016344, 0.0, 0.0,0.0,NaN, 100.69509182384853,100.69509182384853,0.0, 154.34959630579093, -11.62661773102676, -0.8088826555683256, -11.62661773102676, 146.57017957769673, -1.5324378274111854, -0.8088826555683256, -1.5324378274111854, 102.74100616413475, 5.986050109572071, 3.739724382482552, 23.0, 0.0
7, 0 ,1.0,1.0,1.0,136.30056903586,16.193078519790994,180.10686421873882,14.136257245553788,9.948696939967006,9.661630732902351,71.0,41.0,39.0,0.9841971102239433,0.17494102704071574,0.02741687955946534,14.25441296602497,-0.1668585467762551,0.864388397341633,0.47433208188871184,9.833831129424523,0.0592813089814575,-0.4714110049618089,0.8799189683183001,9.605463260391163,69.50565152105638,53.45514620664207,47.89944508675595,18.849988297066997,6.069216533884483,55884.0,177967.26346342446, 0.0, 0.0,0.0,NaN, 68.67000908923085,68.67000908923085,0.0, 199.83376891247198, 18.458107152370417, 2.6417579578742423, 18.458107152370417, 98.97657080330885, 2.3521747741713566, 2.6417579578742423, 2.3521747741713566, 93.34710841896323, 6.051568717932886, 3.9455377421707913, 13.0, 0.0
8, 0 ,1.0,1.0,1.0,185.16579022355776,155.2344118332772,91.13491179442012,8.379527688218825,10.744432802091367,10.263574805312503,32.0,55.0,52.0,0.19402153555790042,0.8176221937096212,0.5420789537449509,11.331361205068184,-0.20574552320397485,-0.5063741873629755,0.8374090768877593,9.795340099621898,-0.9591790361664903,0.274005712944005,-0.06997460862891922,8.164058664263957,54.55699603608224,48.39006454668477,38.29002178955923,16.36030422692588,4.831224886396892,38603.0,101086.29159414968, 0.0, 0.0,0.0,NaN, 102.61376034129566,102.61376034129566,0.0, 70.21648427762592, 12.847725934953901, 1.4466897524987985, 12.847725934953901, 115.44283623865697, 14.944542734302825, 1.4466897524987985, 14.944542734302825, 105.34096778424558, 6.162830265821998, 4.06988627207738, 18.0, 0.0
9, 0 ,1.0,1.0,1.0,79.30733284429593,146.66433015459015,44.86665579916863,9.63547221743847,8.898606850282428,10.396731957288756,45.0,40.0,48.0,-0.5874349347686887,-0.09973214318102197,0.8031025445295431,11.233455101636059,0.11626054692674498,-0.9924834701135659,-0.03821055848360616,8.87304440986785,0.8008768211414292,0.07092292413497307,0.5946143760375664,8.671685735811177,54.042455330586435,40.67252035286796,42.54833012744891,16.085376696755695,4.623875067958385,36807.0,93523.05342674228, -1.4210854715202004E-14, 0.0,0.0,54.02480610423907, 105.58107559281433,105.58107559281433,0.0, 92.84232485302863, 2.5798108319416486, -24.07239412068864, 2.5798108319416486, 79.18520387589336, -3.950266731906219, -24.07239412068864, -3.950266731906219, 108.09203539170929, 5.984981367727116, 3.9426459898230712, 14.0, 0.0
10, 0 ,1.0,1.0,1.0,153.21676429004242,10.740820036356292,87.34191072510603,9.461580441789957,6.823596297048556,9.598411947907334,47.0,26.0,46.0,-0.6061369360432955,-0.04136734133306376,0.7942838018209109,9.762601667136016,0.7896173510519509,0.08849376260714693,0.6071847271607962,9.313675893816653,0.09540678006172552,-0.9952173617108293,0.02097496764216312,6.794080720528636,47.85885047320114,49.158999123944426,27.90759796022507,14.405136876805441,4.550221353274572,24755.0,65658.01562800168, 0.0, 0.0,0.0,NaN, 99.66265964572305,99.66265964572305,0.0, 89.52150445646224, 4.068299724698538, -4.204229163842425, 4.068299724698538, 46.56146642509476, 0.5658129352567578, -4.204229163842425, 0.5658129352567578, 92.12951192173027, 6.32739649971575, 4.0580085895806475, 15.0, 0.0
11, 0 ,1.0,1.0,1.0,98.96602869711417,90.84324834749764,12.93185011170225,11.217668345285677,11.361178438420557,8.358973445032994,59.0,54.0,33.0,0.5946783567195001,0.7979112608796742,0.09846457134829349,11.522904441273543,0.7974271088280083,-0.6009887431272846,0.05406049149324155,11.086468777559588,-0.10231157390832496,-0.0463697142076094,0.9936710680344403,8.31250738048984,57.73537038681077,59.08499823874678,36.23953130828234,17.22497606425122,5.299537268025633,43419.0,123623.70505071514, 0.0, 0.0,0.0,NaN, 134.95926553488164,134.95926553488164,0.0, 125.83608310482431, 4.426859009018166, 6.04853817256874, 4.426859009018166, 129.07637550963216, 3.254708119953109, 6.04853817256874, 3.254708119953109, 69.87243705476678, 6.128151062063044, 3.848831249588228, 13.0, 0.0
12, 0 ,1.0,1.0,1.0,154.64519076993375,9.84471860482827,39.88134947833371,10.231658889787985,6.251752514848111,9.695650899769936,47.0,24.0,48.0,-0.9728834757841294,0.01179590709253169,0.23099480323603766,10.2632629419483,-0.23099710912035826,0.0011852786979091568,-0.9729537145683991,9.662671454257582,-0.011750664841986039,-0.9999297233757343,0.001571682378432403,6.251009011799864,52.99252542600402,49.48204055961281,24.32501140602184,14.726131795075805,4.573613655322714,26262.0,63784.51687334104, 0.0, 0.0,0.0,NaN, 61.192313577090246,61.192313577090246,0.0, 104.68684363697751, -0.7752612916080331, -2.6884314051057174, -0.7752612916080331, 39.08440950690968, 0.11793249457941195, -2.6884314051057174, 0.11793249457941195, 94.00564637020955, 5.8400247383055035, 3.8750442007072126, 13.0, 0.0
13, 0 ,1.0,1.0,1.0,188.5743749279871,59.11306986211929,92.91419902446519,6.971328767048289,9.499555020224845,9.615439155187833,28.0,46.0,55.0,0.16231760592980116,-0.6286797278654122,0.7605358601514394,9.836818774323936,0.05157959933941632,-0.7642975497868324,-0.6427976355913506,9.346028918611859,-0.9853895370548661,-0.14356550825639414,0.09163190002330032,6.869234335881432,53.3795284212668,45.18384391091128,29.878712195657215,14.544287509734877,4.445373026175938,26037.0,72064.2352877574, 2.8421709430404007E-14, 0.0,0.0,80.65855596396221, 110.7156191201943,110.7156191201943,0.0, 48.599424778275015, -6.642353565617932, 4.788576010643433, -6.642353565617932, 90.24154558227906, -3.973169025925658, 4.788576010643433, -3.973169025925658, 92.45667014711931, 6.145579405104633, 3.9435304304781, 11.0, 0.0
14, 0 ,1.0,1.0,1.0,73.15097732001131,186.67898697762823,25.56232501990599,9.903949569401828,7.409148843547247,13.398495741671624,48.0,29.0,55.0,-0.21745039786576031,0.06364483027251731,0.9739941786518057,13.584753865717138,0.9619549132578609,0.18307082415573195,0.2027999462573966,9.747038687175582,0.16540274884984377,-0.9810374146394845,0.10103228073438712,7.276887455311546,57.79139812261948,47.590103114418,33.029098155763336,17.314424470565847,5.7196238557937535,38933.0,90839.8822777366, 0.0, 0.0,0.0,NaN, 78.62536061118142,78.62536061118142,0.0, 98.08821707325464, 5.584360684907443, -19.667052281278096, 5.584360684907443, 54.89548658583752, 9.718617576318026, -19.667052281278096, 9.718617576318026, 179.51968813959263, 5.361921317894331, 3.6550324489676647, 12.0, 0.0
15, 0 ,1.0,1.0,1.0,185.504272605369,149.0584229484921,34.20290274235532,8.475281632555154,11.652498512738612,9.115425326038954,36.0,59.0,48.0,-0.20203668813927017,0.9793545062209806,-0.006777004528129044,11.773941048416882,-0.0022584066146019016,-0.0073855619781307835,-0.9999701760921824,9.11529602542265,-0.979375350029435,-0.20201535738385387,0.003703935176998493,8.30588886106795,61.27447651799335,48.101966320118585,40.726742991131715,16.31995209867234,4.935712989237176,38033.0,120038.93109603814, 0.0, 0.0,0.0,NaN, 63.04767197285867,63.04767197285867,NaN, 71.83039875112675, -13.77870516996095, 0.12719291942180333, -13.77870516996095, 135.78072158937556, -0.35805352965878173, 0.12719291942180333, -0.35805352965878173, 83.09097887459238, 5.967378331889418, 3.910080479490465, 16.0, 0.0
16, 0 ,1.0,1.0,1.0,152.5567380433389,110.0197461212976,10.186263196136256,10.227785502424428,9.509213149919665,5.818030526420609,52.0,49.0,24.0,0.9139037229235955,0.402686742962324,0.05121886633641418,10.404504028791434,-0.402664636783216,0.9152789731221113,-0.0112067678112018,9.326384416478662,0.05139236821389971,0.01038211938520267,-0.9986245721423231,5.8006085759596955,48.34205923492843,42.868966802500985,24.57242892200164,14.468299830322136,4.421595892940667,23397.0,50923.26607081528, 0.0, 0.0,0.0,NaN, 102.23047075635064,102.23047075635064,0.0, 104.6075962836033, 7.800093474547058, 3.7329459164478136, 7.800093474547058, 90.42513473060508, 0.9917060479285805, 3.7329459164478136, 0.9917060479285805, 33.84947920636207, 6.084570182808119, 3.9415732216608754, 17.0, 0.0
17, 0 ,1.0,1.0,1.0,11.426014419852448,46.69994969818914,14.441104963112005,7.042940463520556,9.289908921915453,8.794197689254595,27.0,46.0,38.0,-0.18041094136770647,-0.8589142854289671,0.47928920551256426,9.563525710840581,0.04007336911740425,-0.4932988985265615,-0.868936316308659,8.580782081453455,-0.9827746523605495,0.1375588855673401,-0.12341610785903614,6.939199233093742,48.80261111553012,40.95243576527143,29.841568396858776,13.987843124878115,4.193277460612501,23856.0,59640.93475477209, 0.0, 0.0,0.0,NaN, 50.19944840226524,50.19944840226524,0.0, 49.603010372695145, 6.207344534595241, -4.631998228542389, 6.207344534595241, 86.30240777748433, -6.908013525907288, -4.631998228542389, -6.908013525907288, 77.33791299769086, 7.242795437546903, 4.14881758358549, 10.0, 0.0
18, 0 ,1.0,1.0,1.0,62.1560666574852,12.055143919570307,104.90026167194601,10.551352936469211,7.335040975251233,11.925252495757762,50.0,28.0,56.0,0.34299669185384396,0.150231950450116,0.9272451835632651,12.27560478258406,-0.9313236124359565,0.18304995743545668,0.3148476488750038,10.346948648949143,-0.12243201499836258,-0.9715570359720689,0.20270009264085032,7.042421661895685,60.27285518285113,51.054769430641784,34.9102603246395,16.6671597961122,5.436111323085079,36305.0,107426.43692019104, 0.0, 0.0,0.0,NaN, 114.2482531477643,114.2482531477643,0.0, 111.33104878993744, -4.587011305558012, 15.302606180051082, -4.587011305558012, 53.80282610861455, 17.394482196192207, 15.302606180051082, 17.394482196192207, 142.21164708757672, 5.594899953068362, 3.6946820351174683, 18.0, 0.0
19, 0 ,1.0,1.0,1.0,191.7014632015724,134.74535924874428,118.69846036252457,4.875595846049796,9.754975759082331,9.72680321790365,19.0,47.0,46.0,0.03372598327494288,0.7105873752670591,0.702800213548068,10.86512424505498,0.012518321183979213,-0.7034454349029068,0.7106390164837527,8.475508601384005,-0.9993527153547305,0.01516912078308904,0.03261974996524419,4.863796546064286,49.128964049286765,45.29143151922048,20.128591402513052,13.880113457606432,4.569916646734228,18316.0,44788.553661375736, 0.0, 0.0,0.0,NaN, 104.57998948170864,104.57998948170864,0.0, 23.77143485401803, 1.8379353773822624, 2.665985000124726, 1.8379353773822624, 95.15955206028389, 23.05681475927143, 2.665985000124726, 23.05681475927143, 94.61070083982078, 6.144452757513479, 3.8497404055828177, 7.0, 0.0
20, 0 ,1.0,1.0,1.0,11.641576101504363,153.39723753948283,188.08721023609402,7.311912840201706,10.018411493099512,6.082119715238797,29.0,56.0,23.0,0.09601103999649804,0.9949748066766192,0.02840799671950822,10.042692897632122,0.993452267472012,-0.09756151591485775,0.05945033950376325,7.286003680562601,-0.061923117278675756,-0.022514099831431766,0.9978269603770342,6.073161301081093,56.67869957385565,31.258287954108276,24.38545277954364,13.140094658501289,4.261775548277422,18679.0,43203.19732969068, 0.0, 0.0,0.0,NaN, 49.48998204725406,49.48998204725406,0.0, 53.46406938270658, 4.540794760256838, 1.131424194584792, 4.540794760256838, 100.36856884506838, 1.714219179194956, 1.131424194584792, 1.714219179194956, 36.992180230496466, 6.172013658954612, 4.0688574034119815, 8.0, 0.0
21, 0 ,1.0,1.0,1.0,8.503344079295578,19.153971996343166,55.213058749939854,5.359803585094576,10.353082635167267,9.615363093621685,21.0,42.0,45.0,0.005502997155953489,0.9460156518370977,0.32407422529650975,10.44660828434723,-0.05919836442898097,0.3238189491667406,-0.94426523911954,9.525250809164891,-0.9982310707803258,-0.013988375165801852,0.05778455406928092,5.339194163868556,45.214241167089625,44.23608721549886,21.849028109779404,14.360187148490606,4.706808579484338,20783.0,43700.265498237466, 0.0, 0.0,-7.105427357601002E-15,71.09050335170934, 59.056442157413265,59.056442157413265,0.0, 28.727494470792667, -0.7730693862169089, 3.622008007355971, -0.7730693862169089, 107.18632005060199, 5.691729394225682, 3.622008007355971, 5.691729394225682, 92.45520742218199, 5.51396200350651, 3.7769623652580466, 11.0, 0.0
22, 0 ,1.0,1.0,1.0,123.0674610205528,10.610559886605245,145.87234231041813,8.935225048757426,6.521525860163248,9.360799167920215,42.0,26.0,46.0,-0.6314778659248431,-0.07456893269792153,0.7717999605618663,10.130440821663411,-0.7617117291341553,-0.12650422524066884,-0.6354462390286948,8.096610271842444,-0.14502050388293566,0.9891593174370604,-0.023084587520430966,6.46623369076056,48.02735337285745,43.433566244382035,27.58676948978374,13.86737512956137,4.205830987435762,22576.0,57545.98003146082, 0.0, 0.0,0.0,NaN, 94.66257371259219,94.66257371259219,0.0, 79.83824667194213, 5.151493501625638, -18.146818627691673, 5.151493501625638, 42.53029954477799, -1.591352161888852, -18.146818627691673, -1.591352161888852, 87.6245610621358, 5.847046812956665, 3.7921007087700462, 9.0, 0.0
23, 0 ,1.0,1.0,1.0,57.08787160061713,151.82722730098786,19.354502958988647,8.6280897701901,11.436735535739455,11.686332584911092,40.0,52.0,46.0,0.17769671524815342,0.5867480300074901,-0.7900320415479029,12.40206666929758,0.25546272517051777,-0.802790298206991,-0.5387638936985143,10.935969566324847,0.9503487114940861,0.106087164101324,0.29254544975861374,8.270824267071232,61.08334270621096,57.75813495828645,43.303955604929605,17.628397030554506,5.572507533884521,43427.0,152778.95152118517, 0.0, 0.0,0.0,NaN, 77.1637084268812,77.1637084268812,0.0, 74.44393308245905, -1.5934027075453054, -19.034973249165386, -1.5934027075453054, 130.79891971444565, -17.44940162338419, -19.034973249165386, -17.44940162338419, 136.57036928515478, 5.377795403989632, 3.6114838681152923, 12.0, 0.0
24, 0 ,1.0,1.0,1.0,139.6709862228891,36.37320965761833,35.425780930296,8.74452900083181,8.976631162177796,11.075391543042208,39.0,44.0,56.0,0.22326849451676484,0.4136966676349111,0.882613305215816,11.68829486423268,-0.8184193972969395,-0.41227712468020455,0.40027148611103697,8.709199973121308,-0.5294722556322778,0.811715861402987,-0.24652888443846627,8.200279952220948,57.57407261161812,41.69987814995068,41.46268980986545,16.025016004333278,4.786423963749877,36655.0,99544.94472738139, 0.0, 0.0,0.0,NaN, 78.85167238960263,78.85167238960263,0.0, 76.46678744638855, 9.311196520825996, 10.851259528560004, 9.311196520825996, 80.57990702178148, 23.909843592239767, 10.851259528560004, 23.909843592239767, 122.66429783169087, 5.487618689065642, 3.5284717757929727, 16.0, 0.0
25, 0 ,1.0,1.0,1.0,71.08632021733415,63.8653638302223,46.78062103817953,9.091317762006572,9.252487228015177,9.58147108159445,42.0,39.0,51.0,0.46514841937527934,0.5790095778313862,0.6696154543707895,10.015784314543778,-0.47925563308484925,-0.4712704037632458,0.7404176150614374,9.216754409322105,-0.7442788362630763,0.6653210618313133,-0.058282918376948774,8.64873802150182,54.11393785528368,48.0698182739195,44.483432935456214,15.505000163977115,4.433975254424353,34233.0,115712.40353656585, 0.0, 0.0,0.0,NaN, 106.3977261219703,106.3977261219703,0.0, 82.6520586497762, 9.163901787213932, 4.346281799204842, 9.163901787213932, 85.60851990458399, 6.351645557356035, 4.346281799204842, 6.351645557356035, 91.80458808743073, 5.635187783645879, 3.611960129874915, 23.0, 0.0
26, 0 ,1.0,1.0,1.0,92.15694369652367,126.69813917309878,77.16747442110932,8.970924855951983,8.178303455356895,10.277046132186808,43.0,39.0,46.0,-0.10065332877178196,-0.1046927075487954,0.9893979706838206,10.30947748541633,0.9881844255440048,0.10501267759966207,0.11164174244257809,8.966819040589316,-0.11558740640495858,0.9889447783013228,0.09288582750410888,8.141906880648666,45.62911749533559,44.172133139986784,39.448142447189554,15.328571477856253,4.244374374438115,33426.0,79509.12965983193, 0.0, 0.0,0.0,NaN, 140.7866619417592,140.7866619417592,0.0, 80.47749277113711, 1.8860037664668807, -2.4259130860150444, 1.8860037664668807, 66.88464740790253, -3.977298602614954, -2.4259130860150444, -3.977298602614954, 105.61767720309582, 5.764783863088554, 3.624697059169348, 19.0, 0.0
27, 0 ,1.0,1.0,1.0,67.51582542062302,190.36914875895386,72.63805597201399,10.137019360577929,5.599470274768335,10.169677715957326,51.0,23.0,46.0,-0.6944707354168971,0.04000732138519941,0.7184078311691036,10.707828554042381,0.7194331769917964,0.023014641889100688,0.6941802576436515,9.575466539558368,-0.011238393702127859,-0.9989343023914523,0.04476558960516616,5.584659517662435,46.31452495014013,48.14596223532547,23.66926160128179,14.677746495920537,4.700992610363894,24012.0,52779.07740505762, 0.0, 0.0,0.0,NaN, 99.63647501416656,99.63647501416656,1.3486991523486091E-6, 102.75916151673175, -1.3173528455939747, -11.428617410851453, -1.3173528455939747, 31.354067358014177, 3.365620184244074, -11.428617410851453, 3.365620184244074, 103.42234484643899, 5.376308697660416, 3.6638399147445946, 15.0, 0.0
28, 0 ,1.0,1.0,1.0,100.78372464215838,19.42235609103079,102.29021213057358,9.934151532192962,9.657595407606061,10.435338456897668,45.0,41.0,52.0,-0.5826793642833576,0.3339272080284915,0.7409300764421959,11.988086077441139,-0.4972825195680364,-0.8675886652532018,-6.046679354368655E-5,9.519564658191236,0.6428023445588911,-0.36848680798973527,0.6715821752899106,8.155763934173866,60.029924658005676,47.50658087974313,43.32332356130172,16.563255757908042,5.148918636930902,38844.0,123550.16770930169, 0.0, 0.0,0.0,NaN, 140.59978612180802,140.59978612180802,0.0, 98.68736666457177, -4.6205021748339625, -33.327436100583384, -4.6205021748339625, 93.26914905701369, 19.101271233287278, -33.327436100583384, 19.101271233287278, 108.8962887100074, 5.407775590744246, 3.4120913279514866, 19.0, 0.0
29, 0 ,1.0,1.0,1.0,125.97266715650257,74.8175459221161,165.62906686260104,9.010289783493418,9.044621729041044,9.364254973493658,41.0,43.0,44.0,-0.4926531807074474,-0.3570626291182397,0.7935988422534433,9.756700829010038,0.49324766986934854,-0.8658831487897921,-0.08338530332338637,8.981833405823458,0.7169376400408152,0.3503607448460021,0.602700397182266,8.649464319586302,48.658379946231506,43.384240290218706,44.73888218060239,15.283127189756263,4.135915704449357,34025.0,94444.08664259291, 0.0, 0.0,2.8421709430404007E-14,37.47688762080188, 110.72069468019723,110.72069468019723,0.0, 81.18532198252586, 1.0821842088925135, -8.208963051220573, 1.0821842088925135, 81.80518222144138, -5.3518516654511155, -8.208963051220573, -5.3518516654511155, 87.6892712086007, 5.606068057842241, 3.6369695644089495, 17.0, 0.0
30, 0 ,1.0,1.0,1.0,44.51422120653102,56.65337702029241,171.58944354194773,9.044877426999875,11.457579104111366,8.023464296211106,44.0,53.0,40.0,0.23530520715540607,-0.9684094102813171,0.0825510361179227,11.607025411799874,0.9471375876318673,0.24753485975352993,0.204100179572892,8.917966861187969,-0.21808679368645384,0.030161354170385624,0.9754631941463349,7.950392069676863,50.71566735189872,45.85513437135481,37.6264802557173,15.982173033870128,4.693831167015198,36319.0,87503.15445475493, 0.0, -7.105427357601002E-15,0.0,14.439976226043436, 77.44856832558978,77.44856832558978,0.0, 81.80980766945189, -12.469546772515143, 4.544248256025294, -12.469546772515143, 131.27611892696942, -4.8924941559630835, 4.544248256025294, -4.8924941559630835, 64.37597931257437, 5.475723999600509, 3.5286634541347275, 20.0, 0.0
31, 0 ,1.0,1.0,1.0,188.72187723251085,180.10424795295927,188.13798977853492,6.518439149534566,11.220871852888152,7.05694229526957,26.0,48.0,28.0,-0.04449790721188566,-0.9702326732417305,0.2380514566810451,11.438511143586146,0.6085399278672874,-0.21530113134278175,-0.7637568847701434,6.9979451725956245,-0.7922746319585391,-0.1108782332864452,-0.6000057707541134,6.195778790700019,52.37339909037195,39.68763374136725,32.96490017692133,13.811981213846817,5.237138874637956,18197.0,68520.05960962686, 0.0, 0.0,0.0,NaN, 25.763235223279406,25.763235223279406,0.0, 42.49004894618492, 2.6048029285006677, -5.8983147623693, 2.6048029285006677, 125.9079651389376, -19.612835445945926, -5.8983147623693, -19.612835445945926, 49.80043455876455, 6.099156809544612, 3.892131711955744, 8.0, 0.0
32, 0 ,1.0,1.0,1.0,87.82765184794705,75.73162303051602,97.4909799097991,10.512298820704515,8.61583125859408,9.332557831407586,48.0,43.0,45.0,0.8684333143880415,0.2112597002596473,0.44854533495200344,10.99843585151062,-0.47790525144524365,0.11577586655283678,0.8707482525764824,8.883715854083208,-0.1320232899986187,0.9705489620674187,-0.20150573968946117,8.482429598472125,50.063741149819364,47.77291874092215,42.63895600749493,15.823893520895837,4.630551186227978,34146.0,101979.20894499388, 0.0, 0.0,0.0,NaN, 151.50401420336436,151.50401420336436,0.0, 110.50842649578553, 8.606765112592571, 16.192538416481057, 8.606765112592571, 74.23254827656685, 5.347078424805186, 16.192538416481057, 5.347078424805186, 87.09663567656705, 5.851144856859341, 3.592592937620678, 22.0, 0.0
33, 0 ,1.0,1.0,1.0,143.22536197295148,71.258138424821,115.92025457438345,9.220001754180862,9.624937745571874,8.2620258446038,42.0,42.0,39.0,-0.4764813051334409,-0.855003946204302,0.20477748370707993,10.009618272027794,0.8239299472068635,-0.3529846420785358,0.4433297695309702,9.111741253063192,-0.3067653956267365,0.3799606485305526,0.872653939207412,7.917868614447145,45.99564828679826,44.6635648039138,41.49684671511473,15.08863701380208,4.271061118254687,31425.0,85248.20125861713, 0.0, 0.0,0.0,NaN, 123.9777617385869,123.9777617385869,0.0, 85.00843234709818, 9.364164317435725, 3.767470393133318, 9.364164317435725, 92.63942660613417, -9.747274625533839, 3.767470393133318, -9.747274625533839, 68.26107105690114, 5.59983610940909, 3.576568330146068, 19.0, 0.0
34, 0 ,1.0,1.0,1.0,146.47368421052633,106.95927714856762,84.74053408838552,9.310141965127608,9.68370148724857,9.903046787153661,43.0,50.0,45.0,0.3059420883877663,0.6825586637782302,0.6637116158801273,10.589399988162496,-0.7070189551745861,-0.3039886463211415,0.638525723782274,9.565858162205716,-0.6375920604718733,0.664608586620063,-0.3895789920081858,8.653445503658716,53.01717506818193,49.80734222874083,43.39947368908054,15.996205204399311,4.758631382264578,36024.0,114602.5850857167, 0.0, 0.0,0.0,NaN, 136.7574521124766,136.7574521124766,0.0, 86.67874341083015, 11.352178956718934, 0.059863599705446746, 11.352178956718934, 93.77407449414017, 13.649854638786817, 0.059863599705446746, 13.649854638786817, 98.07033566855443, 5.232949256702559, 3.414211403677906, 23.0, 0.0
35, 0 ,1.0,1.0,1.0,9.148025547160994,98.13560246125088,112.7557831606823,6.073697617214342,10.046879430208007,10.747676959244977,25.0,50.0,58.0,-0.004552607457150547,0.15376555682367582,0.9880968714149672,10.764231503850052,0.07697028541399904,-0.9851218363220442,0.15365722490261097,10.048243892522425,-0.9970229931795097,-0.07675363923742624,0.007350505777319236,6.0420413651914995,57.924680769362794,50.49999145160687,27.494344110360554,15.086149388744191,5.074469989197799,25678.0,80426.34221637974, 0.0, 0.0,1.4210854715202004E-14,8.849116742211846, 131.62764228591982,131.62764228591982,0.0, 36.889802745355176, -4.943314314012556, 0.4053769065444826, -4.943314314012556, 100.93978628513678, 2.3004269426942043, 0.4053769065444826, 2.3004269426942043, 115.51256002028536, 5.490201075723613, 3.523742079238566, 15.0, 0.0
36, 0 ,1.0,1.0,1.0,116.8103866588864,38.329197506219096,158.01575504437824,9.204789572685426,8.409369435390232,9.65552840398921,45.0,38.0,47.0,-0.6080504326141245,-0.1441892671921029,0.7806946436503713,10.119718450405207,0.599834210883387,0.5607497761635629,0.570752667962593,9.042437966350723,0.5200707556205023,-0.8153337621852284,0.2544744886804989,8.03121959902502,50.42455212709659,43.92326215331809,40.90713603598188,15.177554970272709,4.279801311146525,32561.0,90601.56759124172, 0.0, 0.0,0.0,NaN, 100.7587017274855,100.7587017274855,0.0, 84.72815107741835, 9.130845655950267, -12.084233541844855, 9.130845655950267, 70.71749430087543, 1.2584724572129262, -12.084233541844855, 1.2584724572129262, 93.22922876024244, 5.300310985265722, 3.4063833631155886, 13.0, 0.0
37, 0 ,1.0,1.0,1.0,180.9456607495069,160.22633136094674,8.09758382642998,10.231159907101032,9.318903872308347,5.418218780542557,44.0,48.0,21.0,-0.9840728476894979,0.17467312980669011,-0.03301406009290744,10.265825137717675,-0.1721403484883733,-0.9827047238341948,-0.06825779205527213,9.299595501520088,-0.04436587497823471,-0.06148758799542003,0.9971213294579157,5.3857269639047205,46.598789105980714,44.558080225738735,22.55071794597932,14.084028705365922,4.7450851000004555,20280.0,46823.24146480703, 0.0, 0.0,0.0,NaN, 44.83952971551051,44.83952971551051,NaN, 104.67663304467159, -3.406340376737508, 3.156831231593945, -3.406340376737508, 86.84196938132351, 3.414895968278431, 3.156831231593945, 3.414895968278431, 29.35709475382408, 5.812234647527954, 3.6005637903477115, 12.0, 0.0
38, 0 ,1.0,1.0,1.0,55.460867289067274,82.39888898583602,71.89416281301806,10.358640395854971,8.667852722149677,9.178152637395916,52.0,42.0,46.0,0.8706873358822748,-0.15368762647878298,0.46720838669863957,10.923699423487049,-0.22657876340375951,0.7177857951978239,0.6583658680298144,8.984597192315618,0.436538230981721,0.6790903221807439,-0.5901446493969115,8.162192823990173,53.525659292712724,40.69029529534372,42.1835069058502,15.665466101209285,4.6113728249537305,34383.0,91874.6184966412, 0.0, 0.0,0.0,NaN, 122.61425428203854,122.61425428203854,0.0, 107.30143085063843, -9.34618255735564, 19.336768055868287, -9.34618255735564, 75.13167081287757, 2.8794333542581807, 19.336768055868287, 2.8794333542581807, 84.23848583533763, 5.228114973803422, 3.3386426290670608, 21.0, 0.0
39, 0 ,1.0,1.0,1.0,154.5203365261632,179.52846545206492,136.79657789273227,9.405684839015887,11.091564451147395,8.709302418157588,47.0,48.0,43.0,0.0681766677641027,0.9690650258652742,0.23720227152647194,11.233970540310587,-0.9976555931803659,0.06763560673740683,0.010427947889958716,9.396341838630372,-0.005937959962479485,-0.23735711564222756,0.9714043134995265,8.535122953233522,52.65254016428304,47.45682154855402,40.34541751987031,16.162936976578017,5.1089261265893455,35183.0,100811.99053226391, 0.0, 0.0,0.0,NaN, 80.51183815135637,80.51183815135637,0.0, 88.46690729089332, 2.482914560129821, 0.7021586708850707, 2.482914560129821, 123.02280197395662, 12.27502564421536, 0.7021586708850707, 12.27502564421536, 75.8519486109256, 5.2748932575561485, 3.483730388700399, 16.0, 0.0
40, 0 ,1.0,1.0,1.0,133.78942125089506,137.37666946857198,18.27010367049594,9.282124197813998,8.291255823908918,9.659674802308333,48.0,39.0,38.0,-0.21969105500233596,0.04536568560959839,-0.9745141327457142,9.689991857089865,0.9207357178676397,0.3398211655724986,-0.19174804633088324,9.389999061885996,-0.3224617468704198,0.9393953001788545,0.11642547748305701,8.132898958846745,43.15179564488426,49.87756562556751,40.71199393880772,15.155220421074507,4.304807084660268,32121.0,87624.6899616349, 0.0, 0.0,0.0,NaN, 92.94793678866994,92.94793678866994,0.0, 86.15782962364415, 6.615665523658047, 2.0524261768697962, 6.615665523658047, 68.74492313750353, -2.6622453942694935, 2.0524261768697962, -2.6622453942694935, 93.30931728635053, 5.36822569143512, 3.3961510297910307, 13.0, 0.0
41, 0 ,1.0,1.0,1.0,15.528995933687833,152.7493274945261,56.71645292461683,9.485246302963695,8.251173337745257,9.684656716672649,35.0,39.0,50.0,-0.2885170258614947,0.1824492880489589,-0.9399309459095735,9.732210243266543,-0.9399955525092317,0.13274549411519415,0.31430398510832924,9.507627415820965,-0.18211613616289346,-0.9742129598206652,-0.1332021841658667,8.169053757932103,50.98409121126309,45.52854924635628,37.132152939854194,15.238762338299313,4.42994999904325,31970.0,86192.33077145828, 0.0, 0.0,-7.105427357601002E-15,19.96003708735464, 75.43561360046273,75.43561360046273,0.0, 89.96989742788644, -4.425480969265843, 0.5977900575189442, -4.425480969265843, 68.0818614495182, -3.811490342887718, 0.5977900575189442, -3.811490342887718, 93.79257571979264, 5.610868260427531, 3.6456756441072202, 16.0, 0.0
42, 0 ,1.0,1.0,1.0,117.81825342833613,89.42318020695335,63.21321923448745,8.340431671844549,8.73150784394674,8.682951746054867,39.0,41.0,39.0,-0.4121921921502906,-0.7155327410047998,0.5640128485065709,9.304383423283188,-0.5151880406425936,-0.3275278752115597,-0.7920270031622952,8.409843883391273,-0.751451182385911,0.6170400209950397,0.2336294779801075,7.993663471490893,49.92744830169122,41.48123872686651,40.45370466098728,14.340772995387688,3.9418156502686643,27929.0,83781.74220897755, 0.0, 0.0,0.0,NaN, 136.91696649386375,136.91696649386375,0.0, 69.56280047270766, 7.839022619159116, -2.4853986596635314, 7.839022619159116, 76.23922922890345, -7.3791413273802196, -2.4853986596635314, -7.3791413273802196, 75.39365102431725, 5.29247664888596, 3.3864781445881897, 15.0, 0.0
43, 0 ,1.0,1.0,1.0,186.15049021163182,22.435860012056985,176.66335628391028,8.178656093008954,11.02866662309656,9.193385128070924,33.0,48.0,49.0,0.10407846880688339,0.992287379196459,-0.06733074645537235,11.061279896392813,0.2110323376996231,-0.08819008334530995,-0.9734926099588941,9.235902916235933,0.9719223347448329,-0.08711065541580039,0.21858341414019233,8.086186830618802,50.91122808440348,53.92815150594748,38.9317928867371,15.732882288450758,5.051400596061819,31517.0,106889.12250593951, 0.0, 0.0,0.0,NaN, 35.21044838951123,35.21044838951123,0.0, 66.89041548771247, 5.512508042098269, -4.490601861046019, 5.512508042098269, 121.63148748340407, -2.096155258180486, -4.490601861046019, -2.096155258180486, 84.51833011303563, 5.460079751203602, 3.429168787496291, 7.0, 0.0
44, 0 ,1.0,1.0,1.0,182.06313196785067,94.18022426756546,79.98463831993777,9.430062384690341,8.498644016443375,9.506378462934318,38.0,43.0,44.0,0.6665068176773699,-0.23323458688058835,0.7080750592078683,10.611233757339335,0.5861123153683264,0.7508881470046871,-0.3043671211899319,8.47089015980646,-0.46069622937806226,0.617874273756812,0.6371737330323081,8.195730365593908,54.774298398097415,50.732994949242425,47.624420487196566,15.202288255714382,4.518261830405946,30856.0,132341.7973271134, 0.0, 0.0,0.0,NaN, 124.85667080722169,124.85667080722169,0.0, 88.9260765791517, -5.04362447735338, 20.621173339149085, -5.04362447735338, 72.22695011822877, -8.550478794956271, 20.621173339149085, -8.550478794956271, 90.37123148054144, 5.503609638742278, 3.3846381437629582, 13.0, 0.0
45, 0 ,1.0,1.0,1.0,28.29080494221867,152.0643087887568,129.43557464948213,10.587109056982946,8.382743225145237,8.25161340348947,58.0,41.0,41.0,-0.9691330792437494,0.24508655571974283,-0.026714320522184955,10.716899666243382,-0.18935061108777607,-0.6705552679136806,0.7172879329487545,8.745838159289978,0.15788420059085845,0.7002058360786806,0.6962645806912345,7.687962172058051,56.56166243394594,45.23715583922605,38.85015508733892,15.132334138755319,4.632369743103974,30027.0,99405.4542934743, 0.0, 0.0,0.0,NaN, 89.87512593163434,89.87512593163434,0.0, 112.08687818445033, -11.033787735818578, -0.917921798357398, -11.033787735818578, 70.27038397871839, -8.726815687486202, -0.917921798357398, -8.726815687486202, 68.08912376064707, 5.3326887087795045, 3.4213364868888743, 20.0, 0.0
46, 0 ,1.0,1.0,1.0,17.218746173625565,134.6268519652259,12.200899963266805,9.791047066809815,10.647940522256114,7.999629777350392,41.0,52.0,32.0,-0.447284869596151,0.871273821002494,-0.2020350817706388,11.181871344072292,-0.8712881966102362,-0.3734572402602791,0.31841257535602935,9.498023652545756,-0.20197307711186963,-0.3184519092938374,-0.9261723692645296,7.615157026940176,56.04304884426915,48.246137885289905,37.040199060612764,15.766632920551894,4.964937356423859,32668.0,100151.53715459025, 0.0, 0.0,0.0,NaN, 68.69494642025624,68.69494642025624,0.0, 95.86460266448509, -15.642784502984686, -2.880728270402439, -15.642784502984686, 113.37863736550382, -15.633158731718813, -2.880728270402439, -15.633158731718813, 63.99407657467108, 5.681471715213598, 3.501115169494024, 11.0, 0.0
47, 0 ,1.0,1.0,1.0,181.06194838565523,84.20285442967267,18.160373142665623,10.575698422321214,9.843215218136544,8.81081200923328,45.0,47.0,42.0,-0.8399171719165045,-0.5259940816015465,0.13367636455232615,11.085952335172172,0.49732072156244617,-0.8445649834523876,-0.19844920919639922,9.332154166788316,0.21728148615192394,-0.10020087248229885,0.970952388600696,8.739407911413553,54.18885068585476,50.68559908676896,45.97679867304642,16.184643257550665,4.941863397376549,35804.0,126279.61596468226, 2.8421709430404007E-14, 0.0,0.0,32.868625786065294, 88.1961997238718,88.1961997238718,0.0, 111.8453971198874, 16.05343170804903, -6.280435360027612, 16.05343170804903, 96.88888583055484, -1.4756951774991132, -6.280435360027612, -1.4756951774991132, 77.63040826204937, 4.6960899688335935, 3.218181639253995, 16.0, 0.0
48, 0 ,1.0,1.0,1.0,150.29095650202186,112.7381807187937,35.86172102339292,9.601214694204554,8.788247328586719,7.385053899338785,44.0,42.0,35.0,-0.9826312933598763,0.18541315728122088,-0.007596210693895858,9.630082695761025,0.18527884053446464,0.9825611546798817,0.01566296792887599,8.757040694802482,0.01036786188667338,0.013983505323985141,-0.9998484730291648,7.384536637537745,45.31162272783217,41.87420206704094,35.28425545596188,14.383354724697641,4.132159565199581,26461.0,66947.92451735507, 0.0, 1.4210854715202004E-14,0.0,79.31477868596636, 106.63806611388569,106.63806611388569,NaN, 92.18332360420943, -2.927903456180533, 0.34948073923502, -2.927903456180533, 77.23329110841159, 0.28713968671121576, 0.34948073923502, 0.28713968671121576, 54.539021096138995, 5.720459604476397, 3.6324157328126194, 11.0, 0.0
49, 0 ,1.0,1.0,1.0,32.2942506931271,180.76922515686562,43.5329417773238,9.877109654292058,8.080350622831393,8.364396427289176,43.0,38.0,38.0,0.8921138533343895,0.09206522529700918,0.4423311734208638,10.27634797614749,0.3557300970937135,-0.7467073179559477,-0.5620358345628264,8.624126316862892,0.2785479684193818,0.6587504653524323,-0.6988983142685274,7.268672949553535,46.15981325750332,43.29550884492629,35.45688985336247,14.659158861765771,4.233385213886825,27412.0,70861.0412411689, 0.0, 0.0,0.0,NaN, 57.51398394030563,57.51398394030563,0.0, 97.55729512290937, -1.3879895708185448, 16.516499767404127, -1.3879895708185448, 65.29206618789169, 11.189602717180248, 16.516499767404127, 11.189602717180248, 69.96312759284794, 5.181435509205004, 3.4301121866076425, 14.0, 0.0
